feature0,prediction,LoGoFunc_Neutral,LoGoFunc_GOF,LoGoFunc_LOF
25546,Neutral,0.6357957648858802,0.058869039145347656,0.3053351959687721
25547,Neutral,0.49071361135967106,0.09770965963263654,0.4115767290076924
25548,Neutral,0.501592360687183,0.08328778935469126,0.41511984995812573
25549,LOF,0.43297054423377423,0.08497186981281102,0.4820575859534147
25550,LOF,0.3609765131252683,0.12458484712849648,0.5144386397462353
25551,LOF,0.3331962815285833,0.13190118916400592,0.5349025293074108
25552,LOF,0.27558691108557504,0.1287241954668179,0.595688893447607
25553,Neutral,0.8110415027221027,0.045901387230352475,0.1430571100475448
25554,LOF,0.32718262025548706,0.11635415900839752,0.5564632207361153
25555,LOF,0.26780438678487195,0.11314895832470448,0.6190466548904235
25556,Neutral,0.45812702892557383,0.09633341266494763,0.4455395584094786
25557,LOF,0.25528956508953915,0.1196310209141536,0.6250794139963073
25558,LOF,0.32221907390881993,0.11299930029083077,0.5647816258003493
25559,LOF,0.22167955255817334,0.15043648254630565,0.627883964895521
25560,LOF,0.16602063272474324,0.0904650719738404,0.7435142953014164
25561,LOF,0.14997544992495623,0.10441233927710182,0.7456122107979419
25562,LOF,0.07244463612520673,0.0744656554200831,0.8530897084547101
25563,LOF,0.021777931054798506,0.12765835565716357,0.850563713288038
25564,LOF,0.22191431892644484,0.11341480074157162,0.6646708803319835
25565,LOF,0.20360802268661182,0.1408341546684252,0.6555578226449629
25566,GOF,0.08813169348484937,0.7215982273663959,0.1902700791487547
25567,LOF,0.03655932951950033,0.11472777468174986,0.8487128957987499
25568,LOF,0.05902835943530172,0.06548123438136719,0.8754904061833311
25569,LOF,0.05631380148283003,0.06718725887578154,0.8764989396413884
25570,LOF,0.02673745088984921,0.09763696444980172,0.8756255846603491
25571,LOF,0.02595201024707253,0.10364390559748066,0.8704040841554469
25572,LOF,0.06041957488968056,0.11278739367026303,0.8267930314400564
25573,LOF,0.05507452223703019,0.07781174867201296,0.867113729090957
25574,LOF,0.05423851236365933,0.170332636962589,0.7754288506737517
25575,LOF,0.021420904750444426,0.11712728141663291,0.8614518138329227
25576,LOF,0.030786131325368844,0.1437141596453935,0.8254997090292376
25577,LOF,0.029016960534105646,0.10831325594452469,0.8626697835213697
25578,LOF,0.2922563732729978,0.07500793664666594,0.6327356900803364
25579,LOF,0.129469665484735,0.08072369915129636,0.7898066353639687
25580,LOF,0.01949830561708835,0.07516170856427289,0.9053399858186388
25581,LOF,0.05445541965029789,0.0599933081908202,0.885551272158882
25582,LOF,0.054295780355361464,0.05864652386686615,0.8870576957777724
25583,LOF,0.02105350280114031,0.0784405095486019,0.9005059876502578
25584,Neutral,0.6771170621513514,0.0958217834354211,0.22706115441322747
25585,LOF,0.02847112934559349,0.10747378398664435,0.8640550866677621
25586,LOF,0.01772567755591851,0.06161596390967724,0.9206583585344041
25587,LOF,0.017584667491669616,0.055166184875774855,0.9272491476325556
25588,LOF,0.02131495244048018,0.06522206513735292,0.9134629824221668
25589,Neutral,0.5338286507918425,0.1923797132292566,0.2737916359789008
25590,LOF,0.04901582259971892,0.0961954618498165,0.8547887155504645
25591,LOF,0.09862798525629057,0.04989037819455029,0.8514816365491591
25592,LOF,0.05789868248060106,0.12347499819739362,0.8186263193220054
25593,LOF,0.13961272540810196,0.23197193664611254,0.6284153379457855
25594,LOF,0.05009433854244006,0.11178358648258725,0.8381220749749727
25595,LOF,0.049493702176144704,0.08090902104733297,0.8695972767765223
25596,LOF,0.1117204512293457,0.04677252566058403,0.8415070231100703
25597,LOF,0.07943567549870073,0.052757920836374525,0.8678064036649247
25598,LOF,0.04745711172623588,0.07832004452116731,0.8742228437525968
25599,GOF,0.021767238553172044,0.5148227727868888,0.4634099886599392
25600,GOF,0.17269078119177134,0.5081948394986675,0.3191143793095611
25601,LOF,0.03703956352854942,0.4102220184179236,0.5527384180535271
25602,LOF,0.02955033620379728,0.06756947898827789,0.9028801848079249
25603,LOF,0.028438258211821794,0.033872991481324166,0.9376887503068541
25604,LOF,0.030695524186569942,0.07753236025448976,0.8917721155589403
25605,LOF,0.035333511823710764,0.20357508812316755,0.7610914000531217
25606,LOF,0.40839722547835766,0.13118337145772185,0.46041940306392054
25607,LOF,0.021921458637605924,0.20775642072073605,0.770322120641658
25608,LOF,0.03318177814006771,0.06677464314106325,0.900043578718869
25609,GOF,0.13983470547542737,0.5171161884231003,0.3430491061014723
25610,LOF,0.014808968140957038,0.026554710100286,0.9586363217587569
25611,LOF,0.012729532353021735,0.030199618146689818,0.9570708495002885
25612,LOF,0.05174567829640794,0.04047076846718081,0.9077835532364112
25613,LOF,0.04785758315097639,0.04067548075123748,0.9114669360977861
25614,LOF,0.019380508726461333,0.024989510140751722,0.955629981132787
25615,LOF,0.04528195656805614,0.0396375526247537,0.9150804908071902
25616,LOF,0.046565805910504285,0.028483730922903287,0.9249504631665925
25617,LOF,0.040680224926864385,0.03790790857827704,0.9214118664948586
25618,LOF,0.05106702250923907,0.03520218845903755,0.9137307890317234
25619,LOF,0.012291529822591345,0.03146638341258989,0.9562420867648188
25620,LOF,0.06257640042418457,0.0444257601433711,0.8929978394324444
25621,LOF,0.05229290784981715,0.0344901220749176,0.9132169700752654
25622,LOF,0.062201165910408786,0.03210066171387603,0.9056981723757153
25623,LOF,0.07158257427628073,0.029122989242816665,0.8992944364809027
25624,LOF,0.017487165322820318,0.03417816654253259,0.9483346681346471
25625,LOF,0.06381562699155688,0.036854486384833095,0.8993298866236099
25626,LOF,0.04809871380364288,0.03924897812796356,0.9126523080683935
25627,Neutral,0.8917193795070903,0.020989595990258517,0.08729102450265121
25628,LOF,0.11882909481440244,0.06908692697018362,0.8120839782154139
25629,LOF,0.06319021677804074,0.03984727471967972,0.8969625085022794
25630,LOF,0.30454604700453464,0.08294285479315301,0.6125110982023124
25631,Neutral,0.5414209682039847,0.0637262458652534,0.39485278593076195
25632,LOF,0.02945964619424308,0.06190157564198014,0.9086387781637768
25633,LOF,0.21088899242557804,0.034098572902983466,0.7550124346714385
25634,LOF,0.03422113157975584,0.08626337236801149,0.8795154960522326
25635,LOF,0.03594707242692716,0.04382066849870884,0.9202322590743639
25636,GOF,0.03517032544741509,0.49304640372768577,0.47178327082489896
25637,GOF,0.06361975590392899,0.5137395678860552,0.4226406762100158
25638,LOF,0.030702627808212278,0.3294693730930117,0.6398279990987761
25639,LOF,0.029263997051534693,0.3756540964828914,0.595081906465574
25640,Neutral,0.8308733688876514,0.11867902881994126,0.05044760229240744
25641,LOF,0.06721277138478282,0.4294083314065469,0.5033788972086702
25642,LOF,0.039827612177548814,0.14864578050365257,0.8115266073187987
25643,LOF,0.19078452291902387,0.15790508620654942,0.6513103908744268
25644,GOF,0.018931216644936938,0.505208858569615,0.47585992478544814
25645,LOF,0.02313753170512116,0.4332470522133362,0.5436154160815426
25646,LOF,0.05596027178286304,0.34952173664262876,0.5945179915745082
25647,LOF,0.02291554616163369,0.2936343384885022,0.6834501153498642
25648,LOF,0.03128232880564983,0.2639086653645632,0.7048090058297869
25649,LOF,0.016023059361711292,0.2538748147722133,0.7301021258660754
25650,LOF,0.053459307201558136,0.4419339199177906,0.5046067728806513
25651,LOF,0.016513028395661287,0.282454452477991,0.7010325191263477
25652,LOF,0.03136940750672824,0.2757410710956717,0.6928895213976
25653,LOF,0.08248850960783807,0.44024230807978276,0.4772691823123792
25654,LOF,0.02255756147243099,0.218195346095151,0.759247092432418
25655,GOF,0.2262385717936453,0.4351516059593163,0.3386098222470385
25656,LOF,0.25878800080061953,0.05131720351426073,0.6898947956851198
25657,LOF,0.07058596092697023,0.05915417793067815,0.8702598611423517
25658,LOF,0.3567289617336139,0.0607897790364533,0.5824812592299328
25659,Neutral,0.5072670249606585,0.09031142527976395,0.40242154975957767
25660,LOF,0.02320832526765969,0.0860780463513843,0.890713628380956
25661,LOF,0.09531153936692006,0.05829288124615528,0.8463955793869247
25662,LOF,0.033556434506685086,0.03209794053364003,0.934345624959675
25663,LOF,0.04041796571216762,0.04460896464922789,0.9149730696386045
25664,LOF,0.14158044045234938,0.05370471743640923,0.8047148421112413
25665,LOF,0.057048447061391755,0.028240274795221818,0.9147112781433864
25666,LOF,0.09022477419049174,0.061939681767694085,0.8478355440418142
25667,LOF,0.06703044458815308,0.03603818457202763,0.8969313708398193
25668,LOF,0.03522984958476583,0.047590036325316644,0.9171801140899176
25669,LOF,0.032591903631253666,0.04886634551296451,0.9185417508557817
25670,LOF,0.1514592910747323,0.04490191695445151,0.8036387919708162
25671,LOF,0.09868909535604098,0.03226636804822361,0.8690445365957356
25672,LOF,0.053518566304258476,0.03738475386109251,0.9090966798346491
25673,LOF,0.08120946892031766,0.03833210536455055,0.8804584257151317
25674,LOF,0.07136045757679636,0.047935363197747854,0.8807041792254559
25675,LOF,0.11677577352668661,0.04622420728856524,0.8370000191847482
25676,LOF,0.01832127390774102,0.051643452569864995,0.930035273522394
25677,LOF,0.026746005082388166,0.0690122889247986,0.9042417059928133
25678,LOF,0.1851989159208781,0.06298879081072606,0.7518122932683958
25679,LOF,0.12693914644407245,0.08853595570767332,0.7845248978482543
25680,LOF,0.03334809247549357,0.10952196155659949,0.8571299459679069
25681,LOF,0.05113625125818095,0.10172333230531677,0.8471404164365023
25682,LOF,0.13921192059679086,0.07014592601506087,0.7906421533881484
25683,LOF,0.11752272856239876,0.08808629312825958,0.7943909783093417
25684,LOF,0.04489802522238231,0.06751827608625931,0.8875836986913584
25685,LOF,0.12371927228708875,0.04694203526076583,0.8293386924521454
25686,LOF,0.08131755329092274,0.0983004184618556,0.8203820282472217
25687,LOF,0.12161429436959617,0.09455254312524446,0.7838331625051592
25688,LOF,0.30010325538917965,0.036248716731305974,0.6636480278795144
25689,LOF,0.251392938373552,0.03791041326780653,0.7106966483586415
25690,LOF,0.3563518612468902,0.03137395987015391,0.6122741788829559
25691,Neutral,0.7063514253034853,0.026168730344789788,0.26747984435172495
25692,LOF,0.3181105285081539,0.011226482587180215,0.6706629889046659
25693,LOF,0.048013371456599105,0.47427482233876433,0.4777118062046366
25694,LOF,0.11869324558503776,0.017781623960956325,0.8635251304540058
25695,LOF,0.11878216451998494,0.014881848308310457,0.8663359871717046
25696,LOF,0.11112618344109196,0.008622899570385704,0.8802509169885223
25697,LOF,0.13081742313598102,0.03287434200551361,0.8363082348585054
25698,LOF,0.3656715407475501,0.21201278410536767,0.4223156751470822
25699,LOF,0.41787508591937556,0.044817559333658115,0.5373073547469662
25700,LOF,0.06015154808311445,0.008046327536402473,0.931802124380483
25701,LOF,0.15280165243423843,0.05345828931445,0.7937400582513117
25702,GOF,0.15930375660631207,0.5589863560406115,0.28170988735307634
25703,LOF,0.01676153760429734,0.17295426316316873,0.8102841992325339
25704,LOF,0.05145655271596177,0.12897759320051505,0.8195658540835231
25705,LOF,0.05869657123753978,0.19359590240715802,0.7477075263553021
25706,LOF,0.09190002237869782,0.3889584504215529,0.5191415271997492
25707,LOF,0.08402914455835864,0.2955689600732757,0.6204018953683657
25708,LOF,0.02945183784331134,0.26635628860511174,0.7041918735515769
25709,LOF,0.0591518400740165,0.039986641378832115,0.9008615185471514
25710,LOF,0.011828978241186101,0.1375204363900343,0.8506505853687796
25711,LOF,0.016863788756324036,0.09776683451949424,0.8853693767241818
25712,LOF,0.013252552154411085,0.18185237065275808,0.8048950771928308
25713,LOF,0.01740759126153983,0.08277087757168305,0.8998215311667771
25714,LOF,0.0690456062827236,0.07885142140580188,0.8521029723114746
25715,LOF,0.010238250833496967,0.14520497368946036,0.8445567754770427
25716,LOF,0.014266190618157613,0.1228126002495338,0.8629212091323085
25717,LOF,0.013139592450568373,0.06974143455677229,0.9171189729926594
25718,LOF,0.012495579857620589,0.09150826891922446,0.895996151223155
25719,LOF,0.016645123843050034,0.07626888390358467,0.9070859922533652
25720,LOF,0.021233661328552648,0.06854112700854924,0.910225211662898
25721,LOF,0.014951663688722899,0.11357018895205531,0.8714781473592218
25722,LOF,0.01274897106756849,0.13082877560624123,0.8564222533261902
25723,LOF,0.021455936256284443,0.0438586900814699,0.9346853736622457
25724,LOF,0.022408241799103022,0.0775291588547169,0.9000625993461802
25725,LOF,0.011036865650582449,0.0652933289647692,0.9236698053846484
25726,LOF,0.014412128162353204,0.1020034631254377,0.8835844087122091
25727,LOF,0.012203137296183504,0.07683196386758484,0.9109648988362317
25728,LOF,0.00907334468647914,0.11753533898942731,0.8733913163240935
25729,LOF,0.009348226665782045,0.11312904934120087,0.877522723993017
25730,LOF,0.012959080563967525,0.08590269831381145,0.901138221122221
25731,LOF,0.019054827452785184,0.11122498407576174,0.869720188471453
25732,LOF,0.014531577288124861,0.08629839814988291,0.8991700245619924
25733,LOF,0.016006981327453738,0.07286678335049447,0.9111262353220517
25734,LOF,0.012606726594130145,0.126186542261435,0.8612067311444349
25735,LOF,0.013251520485910624,0.08676315190945068,0.8999853276046388
25736,LOF,0.013799783845198251,0.1189262334265453,0.8672739827282565
25737,LOF,0.019906196525012004,0.08587772890162641,0.8942160745733616
25738,LOF,0.012383008051674799,0.10552775560382362,0.8820892363445016
25739,LOF,0.019513154418765298,0.07270127941005108,0.9077855661711837
25740,LOF,0.025754567616829892,0.10845005069168802,0.8657953816914821
25741,LOF,0.014444615949528417,0.11281649416412583,0.8727388898863457
25742,LOF,0.1100463322013256,0.08056608869223186,0.8093875791064425
25743,LOF,0.03410843527470256,0.03182519005292606,0.9340663746723714
25744,Neutral,0.5466804556845403,0.243614100233558,0.2097054440819017
25745,LOF,0.08360817013550689,0.07876436493382945,0.8376274649306636
25746,LOF,0.0406304812285978,0.09607454846662576,0.8632949703047765
25747,LOF,0.02286809014745598,0.04068943261784478,0.9364424772346993
25748,LOF,0.10142108409992229,0.06254094898641538,0.8360379669136624
25749,LOF,0.028261070794159106,0.08956808950464853,0.8821708397011924
25750,LOF,0.09009773384593052,0.0853784224301801,0.8245238437238894
25751,LOF,0.09274824440277844,0.06378269346099605,0.8434690621362255
25752,GOF,0.11847671023057778,0.6481036636497955,0.2334196261196267
25753,LOF,0.020975317790182406,0.2605771303954953,0.7184475518143222
25754,GOF,0.011277803369899213,0.7680187644080103,0.2207034322220905
25755,LOF,0.022928632184801734,0.36916269371406824,0.60790867410113
25756,LOF,0.040303965192829756,0.3639249062694225,0.5957711285377477
25757,GOF,0.013727990266083023,0.8451556300152299,0.14111637971868699
25758,GOF,0.028215832709098287,0.8324317234604851,0.13935244383041673
25759,GOF,0.01176523043930472,0.5329838785364438,0.45525089102425154
25760,LOF,0.01254508188032663,0.23229454120201948,0.755160376917654
25761,GOF,0.2557492960856176,0.6548215547922451,0.08942914912213724
25762,LOF,0.03573649159840222,0.2599433167882211,0.7043201916133767
25763,LOF,0.012737816869990358,0.19727406292831776,0.789988120201692
25764,GOF,0.0704378159639798,0.6288520715129523,0.30071011252306784
25765,GOF,0.04320575736921835,0.7653440467804226,0.19145019585035916
25766,GOF,0.06222653698312438,0.7465927985500188,0.19118066446685694
25767,GOF,0.16554958974879652,0.4864748454234556,0.3479755648277479
25768,LOF,0.09641646009163907,0.06279190282640587,0.840791637081955
25769,LOF,0.07366996006545298,0.06930833568264656,0.8570217042519005
25770,LOF,0.28867551832553645,0.08671296924726701,0.6246115124271966
25771,LOF,0.03942712917351254,0.042416010390045895,0.9181568604364416
25772,LOF,0.017209520974432364,0.034700381455266875,0.9480900975703007
25773,LOF,0.046253577412843555,0.08326553845224922,0.8704808841349072
25774,LOF,0.02837357249492156,0.08068906972152368,0.8909373577835548
25775,LOF,0.04540332829722514,0.04306623593539512,0.9115304357673797
25776,LOF,0.0692489750130624,0.02390779761185938,0.9068432273750782
25777,LOF,0.3224721373907348,0.05445241052874007,0.6230754520805251
25778,LOF,0.06721274294168479,0.05061071992864643,0.8821765371296688
25779,GOF,0.3755630512301513,0.5825450033148588,0.041891945454989726
25780,GOF,0.3066315496734526,0.6230093680781629,0.07035908224838455
25781,GOF,0.13566308634833713,0.768904541404422,0.09543237224724078
25782,GOF,0.20225575242467927,0.7299259676897621,0.06781827988555862
25783,GOF,0.02332974785497832,0.6687251149370862,0.3079451372079356
25784,Neutral,0.4863736483191851,0.4792689556870453,0.03435739599376956
25785,GOF,0.4199838908772285,0.5415061219023903,0.038509987220380994
25786,GOF,0.022620807997288973,0.7863759352924481,0.1910032567102629
25787,Neutral,0.6286184449362585,0.3469326399494395,0.02444891511430208
25788,LOF,0.04604807183947422,0.10856004975292358,0.8453918784076021
25789,GOF,0.20673371920262693,0.6769491412407077,0.11631713955666537
25790,GOF,0.22812957341097082,0.6748280429361149,0.09704238365291416
25791,GOF,0.1518285091057416,0.6923780008723159,0.15579349002194248
25792,GOF,0.3345115004195075,0.5510311790358011,0.1144573205446913
25793,GOF,0.2599467903450109,0.5508063647317527,0.18924684492323646
25794,GOF,0.287951116164574,0.5662656655433502,0.14578321829207574
25795,GOF,0.08292880987572543,0.6881396218181465,0.2289315683061281
25796,Neutral,0.5383488885720892,0.387007259888206,0.07464385153970482
25797,GOF,0.08387915649935485,0.5689678567272315,0.34715298677341355
25798,GOF,0.009346171041065726,0.5171414121668785,0.47351241679205586
25799,LOF,0.007503484798586717,0.4110741786608095,0.5814223365406038
25800,GOF,0.034454292238318446,0.6214272198585963,0.3441184879030853
25801,GOF,0.18878902845506562,0.6838720322655605,0.1273389392793738
25802,GOF,0.06182298240702211,0.7131606690435541,0.22501634854942368
25803,GOF,0.032471443555090004,0.6075807713438167,0.35994778510109326
25804,GOF,0.027870731156494043,0.49581199793793473,0.4763172709055713
25805,GOF,0.08602088761749105,0.6213168737926381,0.2926622385898709
25806,GOF,0.08800991131553672,0.6115068997263192,0.3004831889581441
25807,GOF,0.017052055541610163,0.6409029720181084,0.34204497244028154
25808,GOF,0.0676774154068306,0.6633774159792105,0.26894516861395884
25809,GOF,0.015791055244200082,0.6148278502990817,0.3693810944567182
25810,GOF,0.015295965665726424,0.6445304492471813,0.34017358508709233
25811,GOF,0.4436228505325032,0.476706403872268,0.07967074559522887
25812,GOF,0.030287292149401974,0.6487627107002061,0.320949997150392
25813,Neutral,0.4936566279765183,0.4156822908810294,0.09066108114245215
25814,GOF,0.10214430069863906,0.650729301495621,0.24712639780574006
25815,GOF,0.17557525337631424,0.6244121150646817,0.20001263155900387
25816,GOF,0.01957559695500552,0.7019401524710879,0.2784842505739066
25817,GOF,0.2324878948769856,0.6313087962529429,0.1362033088700716
25818,GOF,0.04748392474698784,0.6865061895640576,0.2660098856889547
25819,GOF,0.3533027938297696,0.5162651371939944,0.13043206897623597
25820,GOF,0.1866444956535933,0.6068728415746909,0.20648266277171587
25821,GOF,0.058538972134539104,0.6765284635881945,0.2649325642772663
25822,GOF,0.19889906362708423,0.5990458544912204,0.2020550818816955
25823,GOF,0.03395096411703948,0.5569129571995091,0.4091360786834516
25824,GOF,0.07777479378261985,0.6222630489826413,0.29996215723473874
25825,GOF,0.033178974542924816,0.6095656608186862,0.35725536463838903
25826,GOF,0.015125999172197983,0.5917376259916063,0.3931363748361956
25827,GOF,0.022096137700564886,0.6174938102279527,0.36041005207148247
25828,GOF,0.013101769530006219,0.5535027743553608,0.43339545611463304
25829,GOF,0.005677236104690012,0.5676400061953689,0.426682757699941
25830,LOF,0.03741926154219954,0.2952353707634955,0.667345367694305
25831,GOF,0.21868136407986538,0.6588235310708658,0.12249510484926875
25832,GOF,0.03010699820855919,0.7349854755651096,0.23490752622633115
25833,GOF,0.11918073163725143,0.7418431970205436,0.138976071342205
25834,GOF,0.03188393392920061,0.7498833286628251,0.2182327374079744
25835,GOF,0.07047001601738165,0.7894805262842594,0.14004945769835903
25836,GOF,0.03330686076165227,0.7202463488711482,0.2464467903671993
25837,GOF,0.025627923753038212,0.6438532463061967,0.3305188299407651
25838,GOF,0.0872384798551732,0.7853608794269702,0.12740064071785676
25839,GOF,0.28856606620389086,0.583874094199798,0.12755983959631106
25840,GOF,0.2689744988729897,0.600303945011324,0.13072155611568637
25841,GOF,0.2636934603753921,0.6132350275537989,0.12307151207080902
25842,GOF,0.1445840099743416,0.7413273977649003,0.11408859226075814
25843,GOF,0.2103589420361956,0.7038821184684366,0.08575893949536767
25844,GOF,0.062164455906867935,0.7396372445170603,0.19819829957607188
25845,GOF,0.015742471645912463,0.5216249905029378,0.46263253785114977
25846,GOF,0.13298289426656054,0.7135375539120428,0.15347955182139666
25847,GOF,0.1002521147016762,0.7976526058775557,0.10209527942076818
25848,GOF,0.03353952023034919,0.723473646168218,0.24298683360143275
25849,GOF,0.010420253853666349,0.6120870199448398,0.3774927262014937
25850,GOF,0.020083034602510444,0.6752338893079074,0.3046830760895822
25851,GOF,0.0166538433756943,0.5588851734507333,0.42446098317357245
25852,GOF,0.15762062478055608,0.5615196550395805,0.28085972017986366
25853,GOF,0.3309908639773933,0.5997400221975793,0.06926911382502739
25854,GOF,0.022735217886119825,0.6571303556860323,0.32013442642784795
25855,GOF,0.033734534314585216,0.5749750447045601,0.39129042098085476
25856,GOF,0.22777914547473002,0.5656389828108441,0.2065818717144259
25857,GOF,0.03723010889947663,0.5315771333228245,0.4311927577776989
25858,GOF,0.0184954885365936,0.5734702041559803,0.40803430730742607
25859,GOF,0.010106458844755646,0.5368306436433468,0.45306289751189766
25860,GOF,0.35805369883197086,0.5636101098969012,0.07833619127112791
25861,GOF,0.3882517493985199,0.5368373045202591,0.07491094608122087
25862,GOF,0.08001353880113046,0.7952452073619786,0.12474125383689087
25863,GOF,0.07715898098031118,0.7891191489060657,0.1337218701136232
25864,GOF,0.18275961383260036,0.7462200942360889,0.07102029193131072
25865,GOF,0.08338368927139825,0.8112500381357339,0.10536627259286781
25866,GOF,0.05293932274969334,0.7961283470639524,0.15093233018635435
25867,GOF,0.08113720306087766,0.8141031264305736,0.10475967050854873
25868,GOF,0.22325906861687356,0.6703494945916995,0.10639143679142699
25869,Neutral,0.700352062270011,0.2548788706488135,0.04476906708117545
25870,GOF,0.2666514830280348,0.4131996591594536,0.3201488578125117
25871,GOF,0.20367905440102507,0.6760947926032521,0.12022615299572277
25872,GOF,0.07270276446177971,0.669397126530935,0.2579001090072852
25873,GOF,0.1035325944718543,0.6907637429587888,0.2057036625693569
25874,LOF,0.013822692119718403,0.12129693486642085,0.8648803730138607
25875,LOF,0.09297700511104427,0.05641916635940437,0.8506038285295514
25876,LOF,0.035292654289266444,0.03293457160035182,0.9317727741103817
25877,Neutral,0.5103981491579288,0.05206230353572217,0.43753954730634903
25878,LOF,0.20037741568523917,0.1211911274522779,0.678431456862483
25879,LOF,0.0805881079134478,0.11419335678371055,0.8052185353028416
25880,LOF,0.040464554575984926,0.0165013473708079,0.9430340980532073
25881,LOF,0.1622406083523985,0.13215339810538657,0.705605993542215
25882,LOF,0.061418510395896256,0.01592498296966834,0.9226565066344354
25883,LOF,0.06630079460909451,0.019871368895591355,0.9138278364953141
25884,LOF,0.03362435577353451,0.03068510428694159,0.9356905399395239
25885,LOF,0.059073890959387344,0.011517647469387379,0.9294084615712254
25886,LOF,0.24677054384221359,0.03873986849221619,0.7144895876655702
25887,LOF,0.13976222641317357,0.07370713577475026,0.7865306378120762
25888,LOF,0.06581251763944547,0.06305258104837544,0.8711349013121792
25889,LOF,0.03978466921913696,0.020906242332629364,0.9393090884482338
25890,LOF,0.0454918975819419,0.15512427386524041,0.7993838285528176
25891,LOF,0.03890571897300325,0.04896419816798137,0.9121300828590154
25892,LOF,0.08672581548194264,0.021742193741748923,0.8915319907763085
25893,LOF,0.2472506187144495,0.01931744794642746,0.7334319333391229
25894,LOF,0.18042649348869563,0.011343391889732189,0.8082301146215721
25895,LOF,0.19374756024889464,0.0227967311721288,0.7834557085789766
25896,LOF,0.04893989456245663,0.01978215771062063,0.9312779477269229
25897,LOF,0.24632713857875815,0.01236244149389389,0.741310419927348
25898,Neutral,0.7011324425678719,0.01044363594869302,0.28842392148343504
25899,LOF,0.21374385492963344,0.019972287235306276,0.7662838578350603
25900,LOF,0.46135277631364463,0.013669754334319422,0.524977469352036
25901,LOF,0.048233833374739105,0.01173874751812677,0.940027419107134
25902,LOF,0.13252206178605608,0.014440908121430047,0.853037030092514
25903,Neutral,0.582628051658298,0.028005434753365498,0.38936651358833657
25904,LOF,0.3165415916639757,0.03957480784839461,0.6438836004876298
25905,LOF,0.028867665788990447,0.29486440459951363,0.6762679296114961
25906,LOF,0.032372273100632,0.0708534373398194,0.8967742895595485
25907,LOF,0.013279415623840727,0.31353482485293366,0.6731857595232257
25908,LOF,0.010552445755493724,0.23051932066784867,0.7589282335766576
25909,LOF,0.013847120807480785,0.11460388020240707,0.8715489989901122
25910,LOF,0.05015320121143432,0.14294567820306125,0.8069011205855044
25911,LOF,0.18604015695190382,0.03231773663843406,0.7816421064096621
25912,LOF,0.04368430023590715,0.04906539143164536,0.9072503083324475
25913,LOF,0.3455720593296983,0.02560445671492138,0.6288234839553802
25914,LOF,0.01939348856092955,0.05868532320337353,0.921921188235697
25915,Neutral,0.5556094490727702,0.16836982451442511,0.2760207264128046
25916,LOF,0.07482028591591842,0.21733524608542804,0.7078444679986535
25917,LOF,0.060239597915267874,0.0423796986844569,0.8973807034002753
25918,LOF,0.020470715402085053,0.035996487739671144,0.9435327968582438
25919,LOF,0.01793427231948923,0.03835552904392971,0.943710198636581
25920,GOF,0.11202392099148586,0.5323811630163929,0.3555949159921211
25921,LOF,0.02270442220639809,0.03518075149461048,0.9421148262989915
25922,LOF,0.03132154701525289,0.027168738556895777,0.9415097144278514
25923,LOF,0.4546639293827023,0.03838188064052324,0.5069541899767744
25924,LOF,0.03646805815238533,0.04388296709936133,0.9196489747482534
25925,LOF,0.06748554950504818,0.04003411482043707,0.8924803356745147
25926,LOF,0.047277078620636154,0.03441248915012331,0.9183104322292405
25927,LOF,0.053024970067193866,0.13881352778467798,0.8081615021481281
25928,LOF,0.017271239442177944,0.049334680719344284,0.9333940798384779
25929,Neutral,0.5777668221241665,0.04062661650488132,0.38160656137095217
25930,LOF,0.07376797636807131,0.03316226752244621,0.8930697561094825
25931,LOF,0.023160226071949074,0.029695455500266484,0.9471443184277843
25932,LOF,0.026728233225406583,0.028046934867189708,0.9452248319074037
25933,LOF,0.035403459518221304,0.021763983136578773,0.9428325573451999
25934,LOF,0.0228498414803694,0.022340127864771107,0.9548100306548595
25935,LOF,0.05777457210530454,0.05075335320003716,0.8914720746946583
25936,LOF,0.042170298728001564,0.024895471608751014,0.9329342296632475
25937,LOF,0.02658263108452402,0.03588443122242925,0.9375329376930467
25938,LOF,0.06103346055053388,0.051313980924280314,0.8876525585251858
25939,LOF,0.03863097669374572,0.020641515845319414,0.9407275074609348
25940,LOF,0.02812521155472976,0.34663403524441655,0.6252407532008537
25941,LOF,0.1992032686339988,0.10270089599624989,0.6980958353697513
25942,LOF,0.015180367962218375,0.03478717012390152,0.9500324619138801
25943,LOF,0.32395020545895586,0.05467328914693981,0.6213765053941044
25944,Neutral,0.5078174042311574,0.022778062875679614,0.4694045328931629
25945,LOF,0.07934478022179282,0.022224204808684526,0.8984310149695226
25946,LOF,0.028483957697459542,0.11680685443460585,0.8547091878679347
25947,LOF,0.09868957029042845,0.17673673004112864,0.7245736996684428
25948,LOF,0.3816802416050454,0.007432946784283044,0.6108868116106717
25949,LOF,0.11589465247492381,0.035005899439101235,0.849099448085975
25950,GOF,0.29111255004466735,0.3708787686263723,0.33800868132896034
25951,LOF,0.18395105755302693,0.2548697780101712,0.5611791644368019
25952,LOF,0.0471748894960868,0.4420990095736387,0.5107261009302745
25953,LOF,0.1366587213806119,0.09549200365731206,0.767849274962076
25954,Neutral,0.4433399880751672,0.16096098877905327,0.39569902314577954
25955,LOF,0.04985291470915231,0.08125997916404898,0.8688871061267986
25956,LOF,0.16805126438199497,0.10758763458793943,0.7243611010300656
25957,LOF,0.036245719902719416,0.030293421786204842,0.9334608583110757
25958,LOF,0.055888771945656814,0.028073853024002008,0.9160373750303412
25959,LOF,0.06910566328492199,0.34508259315840073,0.5858117435566772
25960,LOF,0.01551119421741123,0.05149200330064394,0.9329968024819448
25961,LOF,0.04281768111497978,0.028785819696197965,0.9283964991888223
25962,LOF,0.05056444284668309,0.023195229332255426,0.9262403278210616
25963,LOF,0.046042934752509874,0.19355114860442077,0.7604059166430693
25964,LOF,0.032904426309343135,0.15355030956361637,0.8135452641270405
25965,LOF,0.43937918353071687,0.060870381717930404,0.4997504347513528
25966,Neutral,0.5027633502882403,0.180285717822475,0.31695093188928475
25967,LOF,0.017628413698031004,0.10883641649613139,0.8735351698058376
25968,LOF,0.03497131182345125,0.39946485458558,0.5655638335909687
25969,LOF,0.036209373565721424,0.06598673939175533,0.8978038870425232
25970,LOF,0.0600732806580599,0.059433269126580035,0.8804934502153602
25971,LOF,0.06389903700920888,0.020653600765536462,0.9154473622252547
25972,LOF,0.070675206846115,0.029962140285471603,0.8993626528684133
25973,LOF,0.07140753238196501,0.009639204018389675,0.9189532635996454
25974,LOF,0.20947016156624318,0.015143107676613891,0.7753867307571429
25975,LOF,0.044413405387812945,0.027587256743624215,0.9279993378685629
25976,LOF,0.04665757565732754,0.015546348827466607,0.9377960755152058
25977,LOF,0.155866672344519,0.08272348304726798,0.7614098446082129
25978,LOF,0.14962416281534818,0.07399098583645489,0.7763848513481969
25979,LOF,0.13996186370228428,0.07149056965603223,0.7885475666416835
25980,LOF,0.22211714893074058,0.09369288437931535,0.684189966689944
25981,LOF,0.25518603609350915,0.0911299140706018,0.653684049835889
25982,LOF,0.4113643113105355,0.060346387943861476,0.528289300745603
25983,LOF,0.38810429199546886,0.06863010348056255,0.5432656045239685
25984,LOF,0.04962690763401184,0.04587337517396539,0.9044997171920228
25985,LOF,0.041392441421387004,0.2972733712592758,0.6613341873193372
25986,LOF,0.048088356780311946,0.3304992900849244,0.6214123531347636
25987,LOF,0.09503947227706584,0.06800414605692713,0.836956381666007
25988,LOF,0.16870526805168892,0.06014911394784408,0.771145618000467
25989,LOF,0.03732309036443557,0.12380936783333013,0.8388675418022343
25990,LOF,0.0452209566788525,0.14646662098153143,0.808312422339616
25991,LOF,0.12496451284750591,0.24442132440464726,0.6306141627478469
25992,LOF,0.28117676207640097,0.14460102125726434,0.5742222166663347
25993,LOF,0.02312707706158352,0.06670071072647399,0.9101722122119424
25994,LOF,0.016989646720026685,0.09138240010239893,0.8916279531775745
25995,LOF,0.02511052915651322,0.187362186394666,0.7875272844488208
25996,GOF,0.3353237317057949,0.3874910236313961,0.2771852446628089
25997,LOF,0.0821098873908321,0.3638330897367504,0.5540570228724176
25998,Neutral,0.5268595754949853,0.02394816355780563,0.4491922609472092
25999,LOF,0.10585495282630102,0.0858869486508302,0.8082580985228688
26000,LOF,0.15878534640317987,0.04878241369441744,0.7924322399024025
26001,LOF,0.19791566433141264,0.06005456809558435,0.7420297675730031
26002,LOF,0.1234345115211585,0.04782867960380202,0.8287368088750395
26003,GOF,0.009399141373457869,0.5724177334293876,0.4181831251971546
26004,GOF,0.019034944655354984,0.6764179328856401,0.304547122459005
26005,LOF,0.006857337615471401,0.4469219092599617,0.5462207531245669
26006,Neutral,0.49527142466990276,0.24585163507626862,0.25887694025382857
26007,GOF,0.018534610631981814,0.523329208686896,0.4581361806811222
26008,GOF,0.015143006156245921,0.6027742252664285,0.3820827685773255
26009,GOF,0.02036951277130213,0.6665295629079948,0.3131009243207031
26010,GOF,0.021912361039196755,0.6191186015237253,0.35896903743707786
26011,LOF,0.0068112672360932025,0.42686010435320265,0.5663286284107042
26012,GOF,0.012516476123056208,0.5462823097391225,0.4412012141378212
26013,GOF,0.017986766322199473,0.6027702402224234,0.37924299345537715
26014,LOF,0.03903178281033964,0.1061416612816153,0.8548265559080451
26015,LOF,0.19413593009218236,0.018080365899574243,0.7877837040082434
26016,LOF,0.2111691376962651,0.0731626007821567,0.7156682615215781
26017,LOF,0.22550048941191694,0.11397527579052635,0.6605242347975567
26018,LOF,0.07995270026329317,0.04114198415251201,0.8789053155841947
26019,LOF,0.07504395794514802,0.031622258703075036,0.8933337833517769
26020,LOF,0.06839216743585758,0.12803977680446244,0.80356805575968
26021,LOF,0.043432017695124066,0.13168954589593537,0.8248784364089404
26022,LOF,0.010926471635313996,0.04678567674445751,0.9422878516202285
26023,LOF,0.06703177094462656,0.024920122044519707,0.9080481070108537
26024,LOF,0.029433305261744105,0.1276294441128921,0.8429372506253638
26025,LOF,0.13864364589848857,0.10654370251034448,0.754812651591167
26026,LOF,0.32590931629102043,0.031563177339141164,0.6425275063698384
26027,LOF,0.059991276514479955,0.020189996553125596,0.9198187269323945
26028,LOF,0.1684528515218209,0.0624679375000166,0.7690792109781626
26029,LOF,0.06809511566660122,0.20103291229443446,0.7308719720389643
26030,LOF,0.024057311085370976,0.04757002140308189,0.928372667511547
26031,LOF,0.025832690137999426,0.14385146812181027,0.8303158417401902
26032,LOF,0.06364482056285801,0.07520556820139918,0.861149611235743
26033,LOF,0.08231392664959919,0.0710761834784044,0.8466098898719965
26034,LOF,0.040484519392002635,0.17667703368313595,0.7828384469248615
26035,LOF,0.025205095732413845,0.16085931435097042,0.8139355899166157
26036,LOF,0.035663362956098316,0.18540145905014188,0.7789351779937598
26037,LOF,0.0201550477601947,0.13302898910157476,0.8468159631382306
26038,LOF,0.06017546276529251,0.0764809963224296,0.8633435409122779
26039,LOF,0.047364185520049645,0.16562651645272863,0.7870092980272216
26040,LOF,0.20421233909092443,0.13007128770172277,0.6657163732073528
26041,LOF,0.020607860235136766,0.12615626531992657,0.8532358744449366
26042,LOF,0.01924333291705996,0.11976371129735952,0.8609929557855805
26043,LOF,0.060750602597355534,0.08856817606125053,0.8506812213413939
26044,LOF,0.020126579986655298,0.06105362604023503,0.9188197939731098
26045,LOF,0.06433609337826962,0.11071907281234906,0.8249448338093812
26046,LOF,0.05662714772336591,0.07203498830436829,0.8713378639722659
26047,LOF,0.07557020407314573,0.0755394414233045,0.8488903545035498
26048,LOF,0.045275979664011666,0.0409063930185892,0.9138176273173992
26049,Neutral,0.9660720360230091,0.0072507522157915566,0.026677211761199308
26050,Neutral,0.9485229090361594,0.009343038571680031,0.04213405239216055
26051,LOF,0.04539406746621431,0.25191594679666424,0.7026899857371214
26052,LOF,0.06445695381984236,0.30852680627794915,0.6270162399022084
26053,LOF,0.05600857031316605,0.1285376863500519,0.8154537433367821
26054,LOF,0.053398956300482844,0.018144612991383532,0.9284564307081337
26055,LOF,0.07147320533017172,0.014277603078938014,0.9142491915908902
26056,LOF,0.062071021212148546,0.016394532924546647,0.9215344458633048
26057,LOF,0.03133683593087482,0.012414399069645454,0.9562487649994798
26058,LOF,0.03235800664265685,0.010262605428307016,0.9573793879290361
26059,LOF,0.2743780991198914,0.020398798222169365,0.7052231026579393
26060,LOF,0.045302505724741954,0.1853105245266129,0.7693869697486452
26061,LOF,0.01954601367143815,0.010224685844534193,0.9702293004840277
26062,LOF,0.0105104762431715,0.016854169568150782,0.9726353541886779
26063,LOF,0.02010767190744539,0.010890704916970658,0.9690016231755839
26064,LOF,0.022592996569330018,0.019228357977844363,0.9581786454528256
26065,LOF,0.026020132758495386,0.010807162485587678,0.9631727047559169
26066,LOF,0.02150923695918345,0.010779315596640408,0.9677114474441761
26067,LOF,0.026212425230871486,0.00860358210414869,0.9651839926649799
26068,LOF,0.04729409827900642,0.02856524187326374,0.9241406598477299
26069,LOF,0.24426328923336374,0.01690682968337101,0.7388298810832652
26070,LOF,0.4134153478324858,0.014289464868586649,0.5722951872989276
26071,LOF,0.0202429320307776,0.011541272885281579,0.968215795083941
26072,LOF,0.020862367441794986,0.015090300699811522,0.9640473318583935
26073,LOF,0.020092751851215694,0.010301618537381544,0.9696056296114026
26074,Neutral,0.9102689677619377,0.004824695311150098,0.08490633692691232
26075,LOF,0.046700474438160444,0.014103984851737517,0.9391955407101021
26076,LOF,0.04004231701353798,0.009177057766657785,0.9507806252198043
26077,LOF,0.01012449996356912,0.014792696916726085,0.9750828031197049
26078,LOF,0.01437608562890215,0.01055417619697191,0.9750697381741259
26079,LOF,0.06394764108167611,0.016087187554788232,0.9199651713635357
26080,LOF,0.06290667630082787,0.016100253897882794,0.9209930698012894
26081,LOF,0.03314996717309252,0.006222966914262264,0.9606270659126452
26082,LOF,0.013260364013690724,0.014456542830522254,0.9722830931557871
26083,LOF,0.1877075551445735,0.013568725728341476,0.7987237191270851
26084,LOF,0.04363013128950346,0.010936186538150115,0.9454336821723464
26085,LOF,0.039686487676027865,0.010507974650924387,0.9498055376730478
26086,LOF,0.02085845728723341,0.010850286438184671,0.9682912562745819
26087,LOF,0.024399889058094502,0.007848451777581514,0.967751659164324
26088,LOF,0.015294722267716505,0.020265906235772062,0.9644393714965114
26089,LOF,0.043587749461477795,0.021765420455241723,0.9346468300832805
26090,LOF,0.04346061612429791,0.017106840525335388,0.9394325433503666
26091,LOF,0.032668778621241,0.006056410189812962,0.961274811188946
26092,LOF,0.022356844011180658,0.0075350475845631796,0.9701081084042562
26093,LOF,0.03431725547162868,0.0055978072631432,0.9600849372652283
26094,LOF,0.03453595740357129,0.005678315047412957,0.9597857275490158
26095,LOF,0.03975466600235221,0.012106688046833116,0.9481386459508148
26096,LOF,0.018968588341681903,0.010239698460132379,0.9707917131981858
26097,LOF,0.011460482951234629,0.03283956700064421,0.9556999500481212
26098,LOF,0.08707220235751481,0.010066145454473045,0.9028616521880121
26099,LOF,0.02098967825647122,0.012029992528121654,0.9669803292154072
26100,LOF,0.023268552790321254,0.011631102653823286,0.9651003445558556
26101,LOF,0.046764392667577655,0.015036308135861785,0.9381992991965606
26102,LOF,0.02089859684342072,0.01200244091382006,0.9670989622427592
26103,Neutral,0.8872712072163942,0.017934032695897655,0.09479476008770815
26104,LOF,0.08279341322879752,0.02440466863528228,0.8928019181359202
26105,LOF,0.2099187309604088,0.24991816676294745,0.5401631022766438
26106,LOF,0.1940313751762362,0.10638068866383105,0.6995879361599328
26107,LOF,0.22597554373137382,0.06965279493354441,0.7043716613350818
26108,LOF,0.2477267419120165,0.08400362655112456,0.6682696315368589
26109,LOF,0.10660858917294411,0.05355427894818957,0.8398371318788663
26110,LOF,0.23824888463531152,0.008941478505371548,0.7528096368593169
26111,Neutral,0.5039276030317495,0.032200795139535526,0.4638716018287149
26112,LOF,0.030470823168305017,0.009429353202774382,0.9600998236289207
26113,LOF,0.06087283709438779,0.02148660603989726,0.917640556865715
26114,LOF,0.026402590695551086,0.030295596235777017,0.9433018130686719
26115,LOF,0.08540902986907832,0.05402385663924989,0.8605671134916717
26116,LOF,0.06576299635802571,0.06525221695789486,0.8689847866840793
26117,LOF,0.437529542139222,0.04059241706571566,0.5218780407950624
26118,LOF,0.03359796063404716,0.025962013623339435,0.9404400257426134
26119,LOF,0.02216343714560671,0.04477374392689783,0.9330628189274953
26120,LOF,0.02706146327279612,0.01972524736563759,0.9532132893615664
26121,LOF,0.04493411002914949,0.08979850849700433,0.8652673814738462
26122,LOF,0.04153547254178406,0.044407397623528536,0.9140571298346873
