feature0,prediction,LoGoFunc_Neutral,LoGoFunc_GOF,LoGoFunc_LOF
25546,Neutral,0.6291124121496607,0.04877559831476209,0.3221119895355772
25547,Neutral,0.5033015211499308,0.08549229877018495,0.4112061800798843
25548,Neutral,0.5119339904167195,0.06567442724394863,0.4223915823393319
25549,LOF,0.44415642559590607,0.06923449680583246,0.4866090775982616
25550,LOF,0.36843488619775794,0.10153090658027725,0.5300342072219648
25551,LOF,0.3178720028364245,0.11410532531068887,0.5680226718528866
25552,LOF,0.28426628604007764,0.11751262438464466,0.5982210895752778
25553,Neutral,0.799566470615285,0.04399224874776526,0.15644128063694968
25554,LOF,0.3227355211330771,0.10909404528066308,0.5681704335862598
25555,LOF,0.27650817356221713,0.09881344289696467,0.6246783835408182
25556,LOF,0.45075479513748373,0.0901417240562541,0.4591034808062623
25557,LOF,0.26207421059610564,0.10881996000523958,0.6291058293986549
25558,LOF,0.31499862082307056,0.10278926856469382,0.5822121106122355
25559,LOF,0.2705717831407577,0.1346855028207798,0.5947427140384626
25560,LOF,0.16459019486177223,0.11305277068572087,0.722357034452507
25561,LOF,0.14163657610509373,0.13907270236590927,0.719290721528997
25562,LOF,0.06738051692652823,0.07876657684213642,0.8538529062313354
25563,LOF,0.02346850242492322,0.12901753367985114,0.8475139638952256
25564,LOF,0.17729533187976576,0.10253770004009725,0.720166968080137
25565,LOF,0.20889728831315924,0.14679919148850964,0.644303520198331
25566,GOF,0.08185278453845429,0.6488218438269254,0.26932537163462034
25567,LOF,0.04252115864128656,0.17997689023368232,0.7775019511250311
25568,LOF,0.06546238234664652,0.10030612237623476,0.8342314952771187
25569,LOF,0.06330680070833823,0.0964347907290498,0.8402584085626119
25570,LOF,0.02889427755569818,0.13103756098194413,0.8400681614623577
25571,LOF,0.028055699783926448,0.13618751007011562,0.8357567901459579
25572,LOF,0.06762559071081332,0.15062015679658355,0.7817542524926031
25573,LOF,0.05501812810911655,0.11966602066799839,0.8253158512228852
25574,LOF,0.05828075419230232,0.2531369707595595,0.6885822750481381
25575,LOF,0.023218433267933408,0.1421064914867238,0.8346750752453428
25576,LOF,0.029555293948492933,0.1932349795113492,0.7772097265401577
25577,LOF,0.03537669512563645,0.14145107744079238,0.8231722274335711
25578,LOF,0.3035751559417524,0.12665816353100637,0.5697666805272413
25579,LOF,0.18842596971224684,0.12336995448798876,0.6882040757997643
25580,LOF,0.021013796929660912,0.10157153544485828,0.8774146676254809
25581,LOF,0.054426049077186386,0.0923816928289202,0.8531922580938934
25582,LOF,0.05403115845824976,0.09031381634025458,0.8556550252014956
25583,LOF,0.02330295573233639,0.11331851170874435,0.8633785325589193
25584,Neutral,0.6846625673609059,0.14075309306088224,0.17458433957821184
25585,LOF,0.020982982999568234,0.18161797129763885,0.797399045702793
25586,LOF,0.017829380393348714,0.09497801230272292,0.8871926073039283
25587,LOF,0.017674852391983784,0.08583644553426524,0.8964887020737509
25588,LOF,0.020653403161486734,0.0992361211485715,0.8801104756899417
25589,Neutral,0.4961754421993529,0.2514346007098635,0.2523899570907836
25590,LOF,0.05354494129198821,0.15558544931892604,0.7908696093890857
25591,LOF,0.09443445213391301,0.08291571579532975,0.8226498320707574
25592,LOF,0.055079036754892154,0.19257022744773655,0.7523507357973712
25593,LOF,0.1166136581693996,0.3244938303050911,0.5588925115255093
25594,LOF,0.049090637186169836,0.09406475945777469,0.8568446033560555
25595,LOF,0.04755014826456105,0.06749819098879614,0.8849516607466428
25596,LOF,0.10261821057523801,0.035843954161222165,0.8615378352635399
25597,LOF,0.07856364283643119,0.04653288957260321,0.8749034675909657
25598,LOF,0.04820270313019154,0.07146496407019111,0.8803323327996174
25599,LOF,0.021994449154912936,0.44850961828533603,0.529495932559751
25600,GOF,0.1777452197881551,0.44524179080372195,0.377012989408123
25601,LOF,0.04105328207948526,0.3617439014989639,0.5972028164215508
25602,LOF,0.031113156264017734,0.0682062302515179,0.9006806134844644
25603,LOF,0.03653584997391746,0.04270233262038748,0.920761817405695
25604,LOF,0.035003602061812716,0.08333550091113646,0.8816608970270507
25605,LOF,0.03625471518259584,0.19149723927701554,0.7722480455403886
25606,LOF,0.3943854705505177,0.1259119944316401,0.4797025350178422
25607,LOF,0.032179441606906854,0.1763507858497738,0.7914697725433194
25608,LOF,0.03717096081500221,0.094149878996817,0.8686791601881808
25609,GOF,0.1461195473241698,0.5110490794048403,0.3428313732709899
25610,LOF,0.014516829381579452,0.04682955006823195,0.9386536205501885
25611,LOF,0.011962893709349677,0.05024291436620031,0.93779419192445
25612,LOF,0.04476353433240357,0.07133198906137972,0.8839044766062166
25613,LOF,0.04364504214958497,0.06737526148630359,0.8889796963641116
25614,LOF,0.019929283731697143,0.04227718397802114,0.9377935322902817
25615,LOF,0.04169069179779552,0.06699142054318485,0.8913178876590196
25616,LOF,0.04528375017566817,0.0451611326911239,0.909555117133208
25617,LOF,0.03784873143932216,0.05518670152054867,0.9069645670401292
25618,LOF,0.03761094450377592,0.06185651703519908,0.900532538461025
25619,LOF,0.011665674722138529,0.05758919523262665,0.9307451300452347
25620,LOF,0.054341089233594556,0.06294228174034801,0.8827166290260574
25621,LOF,0.06067205231999692,0.05157613863213462,0.8877518090478685
25622,LOF,0.06365866417405716,0.054738151453172255,0.8816031843727706
25623,LOF,0.0676500978603272,0.0523398608287069,0.8800100413109659
25624,LOF,0.016120437690445327,0.05440043257600312,0.9294791297335516
25625,LOF,0.061530628897425624,0.05248021079710186,0.8859891603054726
25626,LOF,0.0489700359229037,0.06362309348129455,0.8874068705958017
25627,Neutral,0.8869548050454508,0.02359338107929782,0.0894518138752514
25628,LOF,0.13594814706934769,0.06888224007627172,0.7951696128543806
25629,LOF,0.06315582958797672,0.05101834955271872,0.8858258208593045
25630,LOF,0.2621576258119343,0.07990069150746447,0.6579416826806013
25631,Neutral,0.5192010421936518,0.07785162447469357,0.4029473333316546
25632,LOF,0.026819250925193945,0.07591727137336209,0.897263477701444
25633,LOF,0.22053980473899243,0.049371649003900966,0.7300885462571065
25634,LOF,0.036495264409505034,0.09080390159615366,0.8727008339943412
25635,LOF,0.03898386165256998,0.04859017869107557,0.9124259596563544
25636,GOF,0.03790573399745272,0.48345309270576586,0.47864117329678146
25637,GOF,0.06455693201496839,0.49527343305012317,0.44016963493490835
25638,LOF,0.03054778875406154,0.38169393577680993,0.5877582754691285
25639,LOF,0.0331616182639882,0.3940234049044433,0.5728149768315686
25640,Neutral,0.8397007317340712,0.10998157407397562,0.050317694191953324
25641,LOF,0.07805009919949654,0.42875334144718336,0.49319655935332
25642,LOF,0.06200223328230044,0.1558131419132882,0.7821846248044113
25643,LOF,0.19680424012650183,0.12252398681844948,0.6806717730550487
25644,LOF,0.026778557524413094,0.48121100586818355,0.49201043660740323
25645,LOF,0.030032636002717064,0.4214591197539225,0.5485082442433604
25646,LOF,0.07146874996506576,0.31638195301051303,0.6121492970244212
25647,LOF,0.03162501839750014,0.24630629753272554,0.7220686840697743
25648,LOF,0.03584783537500628,0.2641494691591428,0.7000026954658509
25649,LOF,0.019803185268584336,0.22230081871767407,0.7578959960137417
25650,LOF,0.06062244177045748,0.4172029621414978,0.5221745960880447
25651,LOF,0.023240559291754902,0.27824173061115187,0.6985177100970932
25652,LOF,0.04055330641780562,0.26242522782009065,0.6970214657621038
25653,LOF,0.09971013461347011,0.3950591125423749,0.5052307528441549
25654,LOF,0.024719650852753457,0.220710174859174,0.7545701742880725
25655,GOF,0.2584042766314398,0.37526277100865413,0.3663329523599061
25656,LOF,0.3544332463337144,0.0896889463830383,0.5558778072832473
25657,LOF,0.05868384956599136,0.09106734776159943,0.8502488026724092
25658,LOF,0.3610808296982763,0.08753548511936902,0.5513836851823547
25659,Neutral,0.48163062041362187,0.1162311475303689,0.4021382320560093
25660,LOF,0.021640200830506575,0.09497555319817669,0.8833842459713168
25661,LOF,0.09586481320963343,0.06006502829771722,0.8440701584926494
25662,LOF,0.033239691108128924,0.03304317441730991,0.9337171344745612
25663,LOF,0.04260305314133115,0.04509017889952655,0.9123067679591423
25664,LOF,0.1437379057133524,0.06000292493175869,0.7962591693548888
25665,LOF,0.06053405011333544,0.031337264256850614,0.9081286856298139
25666,LOF,0.10100782816643576,0.06706298073611475,0.8319291910974494
25667,LOF,0.07594062887188938,0.04191799227519153,0.8821413788529192
25668,LOF,0.03662776283123024,0.05102736292636173,0.9123448742424081
25669,LOF,0.031012812840302446,0.04664879073740382,0.9223383964222938
25670,LOF,0.1544949906331822,0.05483967664318811,0.7906653327236297
25671,LOF,0.1179147850558626,0.032603044817899635,0.8494821701262377
25672,LOF,0.051789775979899734,0.04417777394505139,0.9040324500750488
25673,LOF,0.07917373359674403,0.04722293259543458,0.8736033338078214
25674,LOF,0.06379648233963847,0.055607617114309435,0.8805959005460521
25675,LOF,0.12044999691040124,0.06069381101006835,0.8188561920795304
25676,LOF,0.018626195583643985,0.0516443958973994,0.9297294085189566
25677,LOF,0.025691270900802966,0.06782205270689196,0.9064866763923051
25678,LOF,0.2142912967302237,0.06782212430720641,0.7178865789625699
25679,LOF,0.11700278961954313,0.08015725328211683,0.80283995709834
25680,LOF,0.03464709313301999,0.11461174585173614,0.850741161015244
25681,LOF,0.04865264038700064,0.1059129854286477,0.8454343741843516
25682,LOF,0.13889162817817438,0.07235109429425152,0.788757277527574
25683,LOF,0.12245647251268506,0.08916536443671645,0.7883781630505986
25684,LOF,0.04179671054834537,0.06482460291232808,0.8933786865393265
25685,LOF,0.13110412465342186,0.07089785317556992,0.7979980221710081
25686,LOF,0.08625763261165184,0.10287495976245764,0.8108674076258905
25687,LOF,0.11946577892973505,0.11073501882672979,0.7697992022435352
25688,LOF,0.3930837667253654,0.04295518847444374,0.5639610448001908
25689,LOF,0.2702586269875983,0.049795951259316955,0.6799454217530847
25690,LOF,0.3415298956222108,0.037223181991221176,0.6212469223865681
25691,Neutral,0.7251428951137259,0.032868292357365936,0.24198881252890825
25692,LOF,0.3586960270316172,0.01188727690786516,0.6294166960605176
25693,LOF,0.04433858953541669,0.439655027425144,0.5160063830394394
25694,LOF,0.12318638101219984,0.020432102890041274,0.8563815160977588
25695,LOF,0.11904670859881944,0.016916629760671688,0.8640366616405089
25696,LOF,0.13725012669804856,0.010237863475693526,0.8525120098262579
25697,LOF,0.08819798280709257,0.05312969965411949,0.858672317538788
25698,LOF,0.3320947935187489,0.1573564394241708,0.5105487670570803
25699,Neutral,0.513271325379083,0.04737664964919226,0.43935202497172465
25700,LOF,0.08284165661690956,0.009845316127511418,0.907313027255579
25701,LOF,0.18627319987976335,0.044977252674324175,0.7687495474459124
25702,GOF,0.19501722483604353,0.5961288805383086,0.20885389462564796
25703,LOF,0.017420513814187556,0.13579789300634987,0.8467815931794624
25704,LOF,0.03749102715682294,0.10526271717166485,0.8572462556715122
25705,LOF,0.053867802880061155,0.14426569284746915,0.8018665042724697
25706,LOF,0.10706250375239261,0.4177439036739932,0.47519359257361427
25707,LOF,0.09129393852008569,0.3755405519847407,0.5331655094951735
25708,LOF,0.03535936084699289,0.3395387081411072,0.6251019310118999
25709,LOF,0.07020276247836148,0.04583472482277102,0.8839625126988674
25710,LOF,0.012294416853149467,0.16631313053992028,0.8213924526069303
25711,LOF,0.021555573407933678,0.08583850938200369,0.8926059172100625
25712,LOF,0.014824580691251163,0.2004779979148953,0.7846974213938536
25713,LOF,0.020023805153346053,0.08358299908417552,0.8963931957624783
25714,LOF,0.07588797313512295,0.08333046658951322,0.8407815602753638
25715,LOF,0.011822121466633358,0.1405796987108651,0.8475981798225016
25716,LOF,0.011882257123443325,0.10860508527282903,0.8795126576037275
25717,LOF,0.01624205472564551,0.07137180139766004,0.9123861438766945
25718,LOF,0.011648457376031969,0.09225412269999124,0.8960974199239768
25719,LOF,0.020049448854891107,0.08428482657929832,0.8956657245658106
25720,LOF,0.02491612147520727,0.07389532586368136,0.9011885526611114
25721,LOF,0.0142555816127242,0.1250843791839501,0.8606600392033257
25722,LOF,0.014366803306665116,0.12969468776475387,0.8559385089285809
25723,LOF,0.023913927359106094,0.05344675945669286,0.9226393131842011
25724,LOF,0.03343656252666951,0.09061465521320797,0.8759487822601225
25725,LOF,0.01194723984075923,0.08334017407804879,0.904712586081192
25726,LOF,0.016487212477687894,0.11435299256589627,0.8691597949564159
25727,LOF,0.012891190749312137,0.08611994026664088,0.9009888689840471
25728,LOF,0.010668966228386267,0.11236915494870672,0.876961878822907
25729,LOF,0.010833813501063156,0.11370070731539032,0.8754654791835464
25730,LOF,0.014022972266959675,0.09590158793117151,0.8900754398018689
25731,LOF,0.020398264115044147,0.09867976702531361,0.8809219688596422
25732,LOF,0.014610653122376818,0.07941892864696451,0.9059704182306587
25733,LOF,0.01644677555475085,0.07818660570941115,0.905366618735838
25734,LOF,0.010973712516457665,0.12032245304324808,0.8687038344402943
25735,LOF,0.012122947715438563,0.08559590915288348,0.902281143131678
25736,LOF,0.012985108222340254,0.10532178217313282,0.8816931096045268
25737,LOF,0.012548830293084071,0.07646989519582394,0.910981274511092
25738,LOF,0.012438007502956925,0.11769117264988095,0.8698708198471621
25739,LOF,0.021506717578856298,0.08337944029837038,0.8951138421227733
25740,LOF,0.027277169872879363,0.13079310050306925,0.8419297296240514
25741,LOF,0.015156840005951647,0.1289430988136159,0.8559000611804325
25742,LOF,0.12656116760383368,0.08536793345869245,0.7880708989374738
25743,LOF,0.040467180375161504,0.055150522623054844,0.9043822970017835
25744,Neutral,0.5564285727829112,0.26124677565736204,0.18232465155972688
25745,LOF,0.06413401058976612,0.08951703987956156,0.8463489495306723
25746,LOF,0.04582456954321386,0.11338662016405857,0.8407888102927276
25747,LOF,0.019201177142395276,0.0809197546696105,0.8998790681879943
25748,LOF,0.11643889651613086,0.12138810831756398,0.7621729951663051
25749,LOF,0.0273821723201588,0.10633654459301471,0.8662812830868265
25750,LOF,0.08742403815052951,0.10873573713896191,0.8038402247105086
25751,LOF,0.08738250461251486,0.14870111697658775,0.7639163784108974
25752,GOF,0.11659204706232845,0.6124864355559219,0.27092151738174974
25753,LOF,0.02590020504814505,0.27826457112588493,0.69583522382597
25754,GOF,0.014330872758599181,0.7944096294306443,0.19125949781075638
25755,LOF,0.028232883863752355,0.40927565966082285,0.5624914564754248
25756,LOF,0.05406841490761519,0.36227825839783345,0.5836533266945514
25757,GOF,0.017572551081148018,0.8318468955326834,0.15058055338616846
25758,GOF,0.029735610998326265,0.7802881905274426,0.18997619847423114
25759,GOF,0.010701759779069772,0.5897623603900602,0.39953587983087
25760,LOF,0.015774556459105814,0.2791318015374242,0.70509364200347
25761,GOF,0.28670458709735336,0.6111189867456851,0.10217642615696151
25762,LOF,0.048373981693454936,0.26372401117583205,0.687902007130713
25763,LOF,0.015553437993863654,0.21591663533199007,0.7685299266741462
25764,GOF,0.08061314087460404,0.6258282811188697,0.2935585780065263
25765,GOF,0.03701431201475627,0.724718120955851,0.23826756702939272
25766,GOF,0.07214324002274407,0.7551419847395178,0.1727147752377383
25767,GOF,0.15821427422369796,0.5705883950380298,0.27119733073827207
25768,LOF,0.1053711630698199,0.05987207247917159,0.8347567644510084
25769,LOF,0.058704628127664284,0.061729439638128596,0.8795659322342071
25770,LOF,0.30686918273439395,0.10291796658128272,0.5902128506843233
25771,LOF,0.05140806307418156,0.048207330381458226,0.9003846065443603
25772,LOF,0.018908645346887028,0.04455574724346586,0.936535607409647
25773,LOF,0.04924847617797134,0.09238479846964136,0.8583667253523873
25774,LOF,0.028504551878233763,0.08865933114410222,0.882836116977664
25775,LOF,0.05167763938825038,0.053231269582108366,0.8950910910296411
25776,LOF,0.08005817558876462,0.027911997705809773,0.8920298267054255
25777,LOF,0.35705803398797226,0.06425707769935865,0.5786848883126691
25778,LOF,0.07332233862175058,0.047581343451146584,0.8790963179271029
25779,GOF,0.3744729890991908,0.5756052344967649,0.04992177640404425
25780,GOF,0.3293987678970908,0.590884143258892,0.07971708884401706
25781,GOF,0.13066383052342406,0.7646008371904408,0.10473533228613516
25782,GOF,0.20909393569782345,0.7107578961695385,0.08014816813263795
25783,GOF,0.02071588454789289,0.6443051771636388,0.33497893828846836
25784,Neutral,0.48795280563008553,0.4655177390542491,0.04652945531566538
25785,GOF,0.4794934379771037,0.4834520628975725,0.037054499125323735
25786,GOF,0.02889553304728501,0.770702620871553,0.20040184608116213
25787,Neutral,0.6560268605462221,0.3182382350509592,0.025734904402818788
25788,LOF,0.0588244421068451,0.09401302777502597,0.8471625301181289
25789,GOF,0.21913531296111416,0.6337150160498428,0.14714967098904302
25790,GOF,0.2147631824300327,0.6866699050686613,0.09856691250130593
25791,GOF,0.1621799221112868,0.6880615898521081,0.1497584880366051
25792,GOF,0.36754391285360855,0.523307904312993,0.10914818283339837
25793,GOF,0.24808114265420314,0.5417095536918904,0.21020930365390633
25794,GOF,0.3119736557475241,0.5334729639186231,0.15455338033385282
25795,GOF,0.08210441669293035,0.6547209156282843,0.26317466767878533
25796,Neutral,0.573843340965676,0.3543156816505649,0.07184097738375915
25797,GOF,0.08095037542745885,0.5366886548296903,0.382360969742851
25798,GOF,0.008337712910565988,0.5173010159767908,0.47436127111264326
25799,LOF,0.007289880631697121,0.43472824481261874,0.5579818745556842
25800,GOF,0.033121865637842085,0.6009102422527872,0.36596789210937075
25801,GOF,0.2341395566885206,0.6463302694904801,0.11953017382099933
25802,GOF,0.056115182542856426,0.7034640666398064,0.24042075081733713
25803,GOF,0.03377844183788547,0.5781627172620674,0.38805884090004733
25804,GOF,0.03372433663442483,0.5161526726239437,0.45012299074163137
25805,GOF,0.09086909439739022,0.5951860126566239,0.313944892945986
25806,GOF,0.0958670669828164,0.6041818403864687,0.2999510926307149
25807,GOF,0.019818029623831238,0.6030325207453364,0.37714944963083225
25808,GOF,0.08459493967979814,0.628857068279951,0.28654799204025094
25809,GOF,0.01928799464154711,0.612918226182929,0.3677937791755238
25810,GOF,0.018483406432276035,0.6175953740299996,0.3639212195377242
25811,Neutral,0.4736845519397424,0.4570139894929322,0.06930145856732535
25812,GOF,0.03445557360154457,0.6180996929969531,0.34744473340150234
25813,Neutral,0.5460994912413779,0.3503923777015396,0.10350813105708251
25814,GOF,0.12892445625528207,0.6425617155367364,0.2285138282079816
25815,GOF,0.19406172566141355,0.6037681339549451,0.20217014038364123
25816,GOF,0.020033346592706808,0.6639728269760403,0.3159938264312528
25817,GOF,0.23052962909975444,0.6322807533913601,0.1371896175088855
25818,GOF,0.058815009382307784,0.6064574325393789,0.3347275580783133
25819,GOF,0.36753702547703293,0.4834716685691259,0.14899130595384125
25820,GOF,0.1653750208276836,0.6194322343985064,0.21519274477381004
25821,GOF,0.057067718544898755,0.6596652676969134,0.28326701375818797
25822,GOF,0.19589545936807595,0.5332607126917747,0.2708438279401495
25823,GOF,0.03047103694034982,0.5074999923487458,0.4620289707109045
25824,GOF,0.07246436358143792,0.5430741508827304,0.38446148553583176
25825,GOF,0.029166716081369545,0.5386764305019001,0.4321568534167304
25826,GOF,0.010818647647461157,0.517461786238805,0.4717195661137339
25827,GOF,0.022438657917077463,0.5964582165429044,0.38110312554001813
25828,GOF,0.012692783756763082,0.5177251658374976,0.4695820504057393
25829,GOF,0.006510360617641938,0.5623615582899134,0.4311280810924446
25830,LOF,0.040918294432025604,0.3095992936655527,0.6494824119024217
25831,GOF,0.2109477658581643,0.6494805254619164,0.1395717086799192
25832,GOF,0.033484698647210175,0.6800560121412672,0.28645928921152264
25833,GOF,0.12997470981798045,0.6809643876419834,0.18906090254003607
25834,GOF,0.041328851185993505,0.6793422419126424,0.2793289069013641
25835,GOF,0.0886303300972809,0.7159618335172331,0.19540783638548598
25836,GOF,0.044574306056705655,0.6537312779618362,0.3016944159814582
25837,GOF,0.02842641382182475,0.5396214038771584,0.43195218230101673
25838,GOF,0.0908255301170385,0.7078182198608374,0.2013562500221243
25839,GOF,0.3047646933697736,0.5439242026829744,0.1513111039472521
25840,GOF,0.2435714593784944,0.5989098408819841,0.15751869973952168
25841,GOF,0.24398895162844264,0.5936518529106888,0.1623591954608686
25842,GOF,0.19858367795721904,0.6642972361795662,0.13711908586321478
25843,GOF,0.2568226099585046,0.639160883450757,0.1040165065907384
25844,GOF,0.07554115747103295,0.6819979122031705,0.2424609303257964
25845,GOF,0.015898352298944034,0.5092242139399705,0.47487743376108543
25846,GOF,0.13565677152103833,0.6962368093536638,0.16810641912529778
25847,GOF,0.12347034341080425,0.7684235793149439,0.10810607727425178
25848,GOF,0.03811287750268342,0.6817036632997792,0.2801834591975375
25849,GOF,0.010895352517633438,0.5778842122204191,0.4112204352619475
25850,GOF,0.022647368264184342,0.6642088908084962,0.3131437409273195
25851,GOF,0.01810610839429595,0.5431522350007713,0.4387416566049328
25852,GOF,0.1715069681336558,0.5512427610186793,0.2772502708476649
25853,GOF,0.3756103970301092,0.5582414454509591,0.06614815751893174
25854,GOF,0.021732618306863682,0.6387280258517004,0.33953935584143596
25855,GOF,0.03187899709437163,0.5834692946214743,0.3846517082841542
25856,GOF,0.2340397324423888,0.5353503458748954,0.2306099216827157
25857,GOF,0.032201121741297384,0.5018367604851315,0.46596211777357127
25858,GOF,0.018565603000836973,0.5556956827194716,0.4257387142796914
25859,GOF,0.010124692437675125,0.5480889697502056,0.44178633781211923
25860,GOF,0.359823687647278,0.5577716461963979,0.0824046661563243
25861,GOF,0.44110303340923995,0.4834951214655721,0.07540184512518801
25862,GOF,0.09699288298255705,0.7598337153359882,0.14317340168145484
25863,GOF,0.09272396832243424,0.7660008312944362,0.14127520038312966
25864,GOF,0.21892979577988217,0.7053017345322985,0.07576846968781926
25865,GOF,0.09801480496402609,0.7935169616353122,0.10846823340066185
25866,GOF,0.06856161426457615,0.7976717161703745,0.1337666695650493
25867,GOF,0.09238171013406273,0.8088953088199698,0.09872298104596743
25868,GOF,0.2674435531521636,0.636199146919394,0.09635729992844246
25869,Neutral,0.6899396958378976,0.27090752345650787,0.039152780705594525
25870,LOF,0.3184182626413013,0.33904885832138026,0.3425328790373184
25871,GOF,0.21122548103340236,0.6308137789759258,0.15796073999067178
25872,GOF,0.0831626921985784,0.6460636737034128,0.27077363409800886
25873,GOF,0.1363222713230723,0.6503213573525952,0.2133563713243324
25874,LOF,0.018735564317248425,0.10840673558232553,0.872857700100426
25875,LOF,0.09774662393295824,0.03626739089049678,0.865985985176545
25876,LOF,0.039762809213224976,0.047124110522566466,0.9131130802642086
25877,Neutral,0.5393314568681691,0.03790353762846346,0.4227650055033675
25878,LOF,0.21545137025201103,0.07136852779349351,0.7131801019544954
25879,LOF,0.09049739653311983,0.06688556006992659,0.8426170433969534
25880,LOF,0.023509358624890276,0.021270533699154173,0.9552201076759557
25881,LOF,0.188968839384513,0.10517538374337178,0.7058557768721152
25882,LOF,0.06994024015688634,0.01661979852361339,0.9134399613195003
25883,LOF,0.08469303631251875,0.017726335948400982,0.8975806277390802
25884,LOF,0.03987361183632227,0.030570617410316286,0.9295557707533615
25885,LOF,0.07586238415358725,0.011955739103866079,0.9121818767425468
25886,LOF,0.34875449082045334,0.029795094714727733,0.6214504144648189
25887,LOF,0.15921174769055405,0.059671777457305356,0.7811164748521405
25888,LOF,0.06966824465773636,0.05628541185130332,0.8740463434909603
25889,LOF,0.056827026733078975,0.01929816627942684,0.9238748069874941
25890,LOF,0.05113708549330545,0.12596430983403026,0.8228986046726644
25891,LOF,0.04364509263254312,0.046748551472177706,0.9096063558952792
25892,LOF,0.09453162345928051,0.022024046231314084,0.8834443303094054
25893,LOF,0.2690185710724946,0.01694251620040315,0.7140389127271022
25894,LOF,0.18661038676152042,0.01071617942085421,0.8026734338176253
25895,LOF,0.2129779995542753,0.01893376813681619,0.7680882323089084
25896,LOF,0.047667741609468677,0.019211228392795456,0.9331210299977358
25897,LOF,0.2670483271825851,0.013573901737030051,0.7193777710803848
25898,Neutral,0.7178889926866541,0.010089406610389063,0.2720216007029567
25899,LOF,0.24654359980558993,0.02470265325927959,0.7287537469351305
25900,LOF,0.439402778024302,0.01754567860744398,0.543051543368254
25901,LOF,0.05455192478774472,0.011933249515379019,0.9335148256968764
25902,LOF,0.1621404469218518,0.012525864385768167,0.8253336886923801
25903,Neutral,0.5334541621909809,0.033258204084236916,0.43328763372478213
25904,LOF,0.29393644797789187,0.047319485712363954,0.6587440663097442
25905,LOF,0.02359200715554122,0.3168280440729726,0.6595799487714863
25906,LOF,0.021352027932904246,0.06714101561598505,0.9115069564511107
25907,LOF,0.014005828622594172,0.31689931417422873,0.6690948572031772
25908,LOF,0.00975103396396505,0.22500707595950661,0.7652418900765284
25909,LOF,0.012780570983009134,0.12816674986700088,0.85905267914999
25910,LOF,0.0473851328071719,0.12160663172743502,0.8310082354653932
25911,LOF,0.14960601101654605,0.02836478102464037,0.8220292079588135
25912,LOF,0.042371400462328304,0.04641574550323075,0.911212854034441
25913,LOF,0.2975447933547383,0.023174360983102563,0.6792808456621591
25914,LOF,0.01964033112133862,0.1303429417875808,0.8500167270910804
25915,Neutral,0.41742241207487707,0.37057153224907025,0.2120060556760526
25916,LOF,0.0601490814039533,0.40496177366505864,0.534889144930988
25917,LOF,0.06038764328255533,0.08351044712424029,0.8561019095932044
25918,LOF,0.030408579036793188,0.07622577702758745,0.8933656439356193
25919,LOF,0.023896979624205155,0.08180325535015723,0.8942997650256376
25920,GOF,0.10751629422900218,0.47764275220213975,0.41484095356885803
25921,LOF,0.027622491583353292,0.030085582811042004,0.9422919256056047
25922,LOF,0.037444638281371914,0.020747274207086712,0.9418080875115413
25923,LOF,0.4143649615787796,0.026840503306522955,0.5587945351146975
25924,LOF,0.03764632684744857,0.04146294958875011,0.9208907235638014
25925,LOF,0.06929674514980462,0.03249813348927872,0.8982051213609166
25926,LOF,0.05139633778343786,0.024073272483057965,0.9245303897335041
25927,LOF,0.07388936509457003,0.08578706002141133,0.8403235748840187
25928,LOF,0.02165497051927895,0.04330873881195893,0.935036290668762
25929,Neutral,0.5474528899268687,0.02923440754529854,0.4233127025278328
25930,LOF,0.05513661425786563,0.02295872222821557,0.9219046635139188
25931,LOF,0.029399161088627394,0.02514124363005221,0.9454595952813204
25932,LOF,0.02766422443374125,0.022715271660166503,0.9496205039060922
25933,LOF,0.039033971627880575,0.015763400859994923,0.9452026275121245
25934,LOF,0.024263887500189055,0.01993513281436354,0.9558009796854474
25935,LOF,0.06270510028690254,0.0353572093515166,0.9019376903615809
25936,LOF,0.046722973249113044,0.023956806698858545,0.9293202200520284
25937,LOF,0.028728177156096008,0.029758050382933967,0.9415137724609699
25938,LOF,0.06437497178442796,0.03970734530373802,0.895917682911834
25939,LOF,0.038134242607756656,0.01393021822472832,0.9479355391675149
25940,LOF,0.03273655741792415,0.4134644919727494,0.5537989506093264
25941,LOF,0.18824149298277498,0.08513580861580852,0.7266226984014165
25942,LOF,0.0168158296118928,0.030609647788057668,0.9525745226000496
25943,LOF,0.3295968328249001,0.04980667177900832,0.6205964953960915
25944,LOF,0.4864735295220917,0.024394636523077978,0.4891318339548303
25945,LOF,0.06656786306937518,0.02164078292892592,0.9117913540016989
25946,LOF,0.02683987681107901,0.1337670388637997,0.8393930843251212
25947,LOF,0.11251174724950472,0.22257052370375613,0.6649177290467391
25948,LOF,0.4298748539603749,0.011218501137480606,0.5589066449021446
25949,LOF,0.1067808091399269,0.04775327905345714,0.845465911806616
25950,GOF,0.2631624127849776,0.434756659139736,0.3020809280752864
25951,LOF,0.23155319487547116,0.2413190485277849,0.5271277565967439
25952,LOF,0.051081391070957397,0.45987941919671654,0.48903918973232613
25953,LOF,0.12834379980004582,0.1239125515944399,0.7477436486055141
25954,Neutral,0.4471694700250086,0.20232726798332631,0.35050326199166504
25955,LOF,0.053787175743870166,0.08639320460977326,0.8598196196463567
25956,LOF,0.16499569659589824,0.11144416403766932,0.7235601393664324
25957,LOF,0.04006481619115025,0.035261773762095217,0.9246734100467545
25958,LOF,0.06426193871406877,0.02781647540902065,0.9079215858769105
25959,LOF,0.0719061983658732,0.4052698869501951,0.5228239146839317
25960,LOF,0.02026060488687836,0.05742934710064251,0.9223100480124791
25961,LOF,0.05203739896925903,0.029263729349426584,0.9186988716813145
25962,LOF,0.053184010091388394,0.030441539986965964,0.9163744499216456
25963,LOF,0.04922390464581946,0.18476539118178115,0.7660107041723994
25964,LOF,0.03637746344744508,0.13931521645480596,0.824307320097749
25965,LOF,0.430248355496087,0.0931827159758153,0.47656892852809773
25966,LOF,0.43204009842249486,0.10868102353311347,0.4592788780443916
25967,LOF,0.013416023135705436,0.061307082423698776,0.9252768944405958
25968,GOF,0.028143187937406482,0.5219874515931777,0.4498693604694158
25969,LOF,0.025720905502686096,0.05822134366533325,0.9160577508319806
25970,LOF,0.059792822280052324,0.05048425227466676,0.889722925445281
25971,LOF,0.07218729634154511,0.014932320986912136,0.9128803826715427
25972,LOF,0.07608985569799578,0.01961275442803712,0.9042973898739671
25973,LOF,0.09864818987985675,0.007231217807693974,0.8941205923124491
25974,LOF,0.19517907724400244,0.01746939968163803,0.7873515230743596
25975,LOF,0.0583490020867944,0.025166762088281325,0.9164842358249242
25976,LOF,0.04918474667521202,0.012243531608239185,0.9385717217165489
25977,LOF,0.15368650957211372,0.09221149880193075,0.7541019916259556
25978,LOF,0.14141551463396174,0.04706481395314585,0.8115196714128924
25979,LOF,0.13265553348646283,0.05223412860454926,0.8151103379089879
25980,LOF,0.18432554942355855,0.07177383039731978,0.7439006201791217
25981,LOF,0.21701555324335875,0.06969484888561603,0.7132895978710252
25982,LOF,0.40332155109526324,0.044822876620903396,0.5518555722838333
25983,LOF,0.38722818856133934,0.04915991839817161,0.5636118930404891
25984,LOF,0.053768394727600935,0.04908245238463947,0.8971491528877596
25985,LOF,0.02722540180151708,0.2296894059524825,0.7430851922460004
25986,LOF,0.04357104263986174,0.25371961230121587,0.7027093450589224
25987,LOF,0.08315225053602558,0.0618767214831026,0.8549710279808718
25988,LOF,0.14057753366915668,0.052069202715362195,0.8073532636154812
25989,LOF,0.03070273666138891,0.09308152834217662,0.8762157349964345
25990,LOF,0.03857620856317351,0.12732016243304595,0.8341036290037805
25991,LOF,0.22179551933544128,0.27733581605417384,0.5008686646103848
25992,LOF,0.3893136047755468,0.14529981307677187,0.4653865821476814
25993,LOF,0.02489152049622944,0.06595798922544646,0.9091504902783242
25994,LOF,0.018321366252552776,0.09473520752866861,0.8869434262187786
25995,LOF,0.02815404806272834,0.18358971203900834,0.7882562398982633
25996,GOF,0.32775390765141255,0.43629999590821233,0.23594609644037517
25997,GOF,0.12044718762241151,0.46831331452905844,0.41123949784853
25998,Neutral,0.5425344761504304,0.024558265693426454,0.43290725815614306
25999,LOF,0.11979361801332337,0.11788480156193139,0.7623215804247452
26000,LOF,0.16425175554591273,0.0295935531699954,0.8061546912840919
26001,LOF,0.19504197051338176,0.029895043302600184,0.775062986184018
26002,LOF,0.12274711221923597,0.032318790622608194,0.8449340971581558
26003,GOF,0.011152219330173999,0.5617092574666613,0.42713852320316464
26004,GOF,0.02550660946052714,0.6322135659909108,0.34227982454856204
26005,LOF,0.00864456303170329,0.4298321788090125,0.5615232581592843
26006,Neutral,0.5137500404019963,0.20289626780187794,0.2833536917961257
26007,GOF,0.02306855550522193,0.491139982993585,0.48579146150119307
26008,GOF,0.01941156214619199,0.5535291290307405,0.4270593088230676
26009,GOF,0.02328931877884621,0.5899159334073222,0.3867947478138316
26010,GOF,0.032912099875115945,0.5858712633955272,0.38121663672935685
26011,LOF,0.007890755494684884,0.4187325550726374,0.5733766894326777
26012,GOF,0.01688839032253753,0.5370114540467005,0.44610015563076205
26013,GOF,0.020843766065947032,0.5680444962848161,0.41111173764923686
26014,LOF,0.04120152152783734,0.14173716696619568,0.8170613115059671
26015,LOF,0.2219425494820068,0.009272410643744348,0.7687850398742488
26016,LOF,0.23094369117074204,0.0449016097794252,0.7241546990498328
26017,LOF,0.22992448843098814,0.07006295135851145,0.7000125602105004
26018,LOF,0.10161592022206624,0.03734616553296841,0.8610379142449652
26019,LOF,0.09801151658877796,0.028634025984894555,0.8733544574263274
26020,LOF,0.0686022423972612,0.10086617547581488,0.8305315821269239
26021,LOF,0.04697506506438997,0.1104366802123309,0.8425882547232791
26022,LOF,0.011860968868685698,0.043897660485289425,0.9442413706460249
26023,LOF,0.12154251074436805,0.022885725448024957,0.855571763807607
26024,LOF,0.0303901843036467,0.1182738305898169,0.8513359851065364
26025,LOF,0.1764376642768094,0.09090292578527535,0.7326594099379152
26026,LOF,0.3251676438592931,0.023915672636859637,0.6509166835038472
26027,LOF,0.09252995778475404,0.01667363951901425,0.8907964026962316
26028,LOF,0.15606423715655116,0.06747721222879477,0.7764585506146541
26029,LOF,0.07549119692284173,0.20246041971560397,0.7220483833615543
26030,LOF,0.025620238749236256,0.06342825253553684,0.9109515087152269
26031,LOF,0.030055615427563936,0.1420750049516104,0.8278693796208256
26032,LOF,0.06579423887906467,0.06570801570523095,0.8684977454157043
26033,LOF,0.11994431087916316,0.08292434758866103,0.7971313415321758
26034,LOF,0.04905826079783264,0.16048336496218016,0.7904583742399871
26035,LOF,0.026927493109265767,0.15322158105115397,0.8198509258395802
26036,LOF,0.0389629451819814,0.18298755751233445,0.7780494973056842
26037,LOF,0.023057357813457496,0.12967045615502779,0.8472721860315147
26038,LOF,0.06069266166890955,0.07023712200174341,0.8690702163293471
26039,LOF,0.05768867362599759,0.15997485347241178,0.7823364729015906
26040,LOF,0.2090892665862532,0.14114868333284472,0.649762050080902
26041,LOF,0.024483987137274895,0.11665544443914254,0.8588605684235825
26042,LOF,0.02397538622419233,0.11163585903239541,0.8643887547434124
26043,LOF,0.05969953340520812,0.086300980857375,0.853999485737417
26044,LOF,0.02034277436575783,0.0846133498194029,0.8950438758148392
26045,LOF,0.08235736170982928,0.11011684389215651,0.8075257943980142
26046,LOF,0.061872861883782895,0.08425432378042111,0.8538728143357959
26047,LOF,0.0898459980455236,0.08929867315164586,0.8208553288028305
26048,LOF,0.05627389314395868,0.05314554437578386,0.8905805624802574
26049,Neutral,0.959573385331628,0.00889706287397161,0.03152955179440037
26050,Neutral,0.9437005781632071,0.011414980941779928,0.044884440895012936
26051,LOF,0.04391577034929303,0.28784826965771443,0.6682359599929925
26052,LOF,0.05687759668330782,0.3206067473142925,0.6225156560023997
26053,LOF,0.0626391631225849,0.11742215350847665,0.8199386833689385
26054,LOF,0.058844141630792636,0.016692083117736276,0.9244637752514712
26055,LOF,0.07952813479130776,0.014175422687159555,0.9062964425215326
26056,LOF,0.0661496065545121,0.015575684958536984,0.9182747084869508
26057,LOF,0.033341773200818124,0.010819449342939238,0.9558387774562426
26058,LOF,0.03435178750174483,0.008678459497381668,0.9569697530008734
26059,LOF,0.2927502787987728,0.020988280600461373,0.6862614406007659
26060,LOF,0.033921525492073994,0.14898719432696805,0.8170912801809579
26061,LOF,0.01930259635213413,0.011541832678298641,0.9691555709695672
26062,LOF,0.012091697044656053,0.01963993689795487,0.968268366057389
26063,LOF,0.024375473183482085,0.012038499878994859,0.963586026937523
26064,LOF,0.023983601568657763,0.017665226057127614,0.9583511723742146
26065,LOF,0.02622549257497285,0.01151764597221781,0.9622568614528094
26066,LOF,0.022199178546980735,0.010887287100247459,0.9669135343527717
26067,LOF,0.02959274063059468,0.00874304195239427,0.9616642174170111
26068,LOF,0.04940638951563193,0.03151516551665159,0.9190784449677164
26069,LOF,0.25345886077511853,0.017728459672795197,0.7288126795520863
26070,LOF,0.39798417817993725,0.013746566915539476,0.5882692549045232
26071,LOF,0.026785829870446958,0.012216753053688134,0.9609974170758648
26072,LOF,0.023038865529151967,0.0181231868880738,0.9588379475827743
26073,LOF,0.027700690058450782,0.010699381706336863,0.9615999282352122
26074,Neutral,0.9080246486985611,0.005204320857770504,0.08677103044366821
26075,LOF,0.04627531900771623,0.014272156993741925,0.9394525239985418
26076,LOF,0.047618347082260495,0.008764722321503705,0.9436169305962357
26077,LOF,0.010077493967784863,0.019700316093995668,0.9702221899382195
26078,LOF,0.015584059506633772,0.010779639155702911,0.9736363013376632
26079,LOF,0.06493687986213034,0.016402908026070202,0.9186602121117996
26080,LOF,0.06432026863338179,0.016429904307704087,0.919249827058914
26081,LOF,0.041894792882956576,0.005849809948013308,0.9522553971690302
26082,LOF,0.017858571746335934,0.014882899277065377,0.9672585289765986
26083,LOF,0.1364169660987868,0.01150581000864308,0.8520772238925701
26084,LOF,0.028738512770531473,0.011953067015025664,0.9593084202144428
26085,LOF,0.024678007264374253,0.01137557130234822,0.9639464214332776
26086,LOF,0.02577658336847792,0.011201630469209998,0.963021786162312
26087,LOF,0.02881609358411508,0.008059989330328605,0.9631239170855563
26088,LOF,0.017176734389235913,0.027302193550657893,0.9555210720601062
26089,LOF,0.05046055391920831,0.020917331142244422,0.9286221149385472
26090,LOF,0.04835790411265975,0.016731321339589073,0.9349107745477512
26091,LOF,0.04150456066940416,0.005873266511686369,0.9526221728189094
26092,LOF,0.028647185459475675,0.007746945022238464,0.9636058695182858
26093,LOF,0.04243540323644098,0.005897603926195705,0.9516669928373633
26094,LOF,0.045061689739845125,0.00644934100059547,0.9484889692595594
26095,LOF,0.048029335078049094,0.013499931589145312,0.9384707333328055
26096,LOF,0.0222111380333712,0.009423463203246711,0.968365398763382
26097,LOF,0.012946153249269373,0.03286676713349671,0.9541870796172339
26098,LOF,0.07450998322343366,0.009615220868104303,0.915874795908462
26099,LOF,0.026171920256036336,0.01200629896894357,0.9618217807750201
26100,LOF,0.028057249127939998,0.011614861294363541,0.9603278895776963
26101,LOF,0.05764250412792639,0.0113316963966572,0.9310257994754163
26102,LOF,0.027977897443583487,0.013644299574613869,0.9583778029818026
26103,Neutral,0.8874556852370831,0.0162719905628483,0.09627232420006879
26104,LOF,0.08616521733294479,0.02569038607385506,0.8881443965932002
26105,LOF,0.2061745300952063,0.26507509050432637,0.5287503794004673
26106,LOF,0.1959072720572536,0.12160165428689387,0.6824910736558525
26107,LOF,0.2558484689560841,0.08167700956268557,0.6624745214812304
26108,LOF,0.20719937277878514,0.1290044563438947,0.6637961708773201
26109,LOF,0.09746711855430133,0.08223228609316986,0.8203005953525289
26110,LOF,0.26146916376206286,0.00638165440360046,0.7321491818343366
26111,LOF,0.48793010541878445,0.015136070942278835,0.49693382363893673
26112,LOF,0.03534695387469635,0.007918662176367115,0.9567343839489365
26113,LOF,0.05410341969098413,0.014028264200522967,0.9318683161084929
26114,LOF,0.03082625378570311,0.03016076141745085,0.939012984796846
26115,LOF,0.10003768622632939,0.06525505246150082,0.8347072613121698
26116,LOF,0.06925522495922987,0.0646530236415033,0.8660917513992669
26117,LOF,0.4200748191937011,0.05348422055229981,0.526440960253999
26118,LOF,0.03617578466962378,0.028459170278140287,0.9353650450522358
26119,LOF,0.02238950398157656,0.043248059618726284,0.9343624363996972
26120,LOF,0.029944870639820088,0.027913135208127965,0.942141994152052
26121,LOF,0.048914004704429574,0.0954747448080675,0.855611250487503
26122,LOF,0.045771896856537084,0.046741492533302904,0.90748661061016
