feature0,prediction,LoGoFunc_Neutral,LoGoFunc_GOF,LoGoFunc_LOF
25546,Neutral,0.6265926400306915,0.058628970920312946,0.3147783890489957
25547,Neutral,0.508808735464988,0.08830356052350195,0.40288770401151003
25548,Neutral,0.4975054716074907,0.0793971919679729,0.42309733642453645
25549,LOF,0.43617232491345953,0.07633093409156297,0.4874967409949776
25550,LOF,0.3810517859758844,0.09950831925350825,0.5194398947706074
25551,LOF,0.31554439041540433,0.10820825934563112,0.5762473502389645
25552,LOF,0.29105720047048167,0.11341501945992648,0.5955277800695918
25553,Neutral,0.7903074517718361,0.04704608702294026,0.16264646120522372
25554,LOF,0.3302644198973107,0.1016661211620249,0.5680694589406644
25555,LOF,0.28435121186768975,0.09693451513607101,0.6187142729962393
25556,LOF,0.4545540578826412,0.0892435760398149,0.45620236607754383
25557,LOF,0.28187113926328783,0.10095349795654943,0.6171753627801627
25558,LOF,0.33643737802364604,0.09493750005874015,0.5686251219176138
25559,LOF,0.2684953227975042,0.059223695803581486,0.6722809813989142
25560,LOF,0.08770046568817287,0.14299031014620087,0.7693092241656263
25561,LOF,0.10735441635522476,0.2208353736289595,0.6718102100158156
25562,LOF,0.035968810487307594,0.1247575215301229,0.8392736679825694
25563,LOF,0.009605247624845173,0.16688527122409771,0.823509481151057
25564,LOF,0.08483484508067833,0.11458356793240286,0.8005815869869187
25565,LOF,0.17468660848992693,0.1326810588439999,0.6926323326660732
25566,GOF,0.06577094152988143,0.6450266612041566,0.289202397265962
25567,LOF,0.04451422941528176,0.16040601668513363,0.7950797538995846
25568,LOF,0.06098758758304685,0.10040838049872416,0.8386040319182291
25569,LOF,0.0632002531330297,0.09490969871704551,0.8418900481499247
25570,LOF,0.03016077307838285,0.13758555351371568,0.8322536734079015
25571,LOF,0.02650460181366211,0.1351009881933219,0.8383944099930161
25572,LOF,0.058240393159123896,0.17909414289310552,0.7626654639477707
25573,LOF,0.06476081197520062,0.11640612496465716,0.8188330630601423
25574,LOF,0.06748852353471091,0.22419320515296476,0.7083182713123244
25575,LOF,0.02473827339583133,0.14597734706365645,0.8292843795405122
25576,LOF,0.02819221677755323,0.2066845815997852,0.7651232016226616
25577,LOF,0.03167629649202061,0.15664336920905808,0.8116803342989214
25578,LOF,0.30012042340318007,0.10753920747384864,0.5923403691229713
25579,LOF,0.20416439945841006,0.10424643484265814,0.6915891656989319
25580,LOF,0.022078185404289647,0.10307781395343361,0.8748440006422769
25581,LOF,0.050146305778777545,0.09967584948721292,0.8501778447340095
25582,LOF,0.049871259298804246,0.09689455427031562,0.8532341864308801
25583,LOF,0.028777453999209054,0.10197422377498858,0.8692483222258025
25584,Neutral,0.7214684628637397,0.1287895977291533,0.1497419394071071
25585,LOF,0.02225544038872612,0.1999870097642479,0.7777575498470259
25586,LOF,0.019131535416042626,0.10384900169458419,0.8770194628893732
25587,LOF,0.018868559240179043,0.09537636508642845,0.8857550756733926
25588,LOF,0.02356151229124515,0.08918172140014392,0.887256766308611
25589,Neutral,0.5322550148515962,0.24353525863182435,0.22420972651657942
25590,LOF,0.04803771778567818,0.1467340575521623,0.8052282246621596
25591,LOF,0.08102819018208068,0.0832120623652111,0.8357597474527082
25592,LOF,0.0634371781033773,0.17000920003066655,0.7665536218659561
25593,LOF,0.10802543679598942,0.3037721763657253,0.5882023868382853
25594,LOF,0.053628591447794714,0.04697605534964938,0.8993953532025559
25595,LOF,0.05589141423777498,0.02787904963208205,0.9162295361301429
25596,LOF,0.11808064628916855,0.018068560611683174,0.8638507930991484
25597,LOF,0.0882752110259596,0.01878423654476545,0.892940552429275
25598,LOF,0.050124925593768015,0.03170791056395945,0.9181671638422726
25599,LOF,0.023176626029845916,0.3538287624666645,0.6229946115034897
25600,GOF,0.16397374489474323,0.4277356301535197,0.40829062495173724
25601,LOF,0.0389945472683478,0.30389027204506314,0.657115180686589
25602,LOF,0.024660272001993014,0.08265717844622177,0.8926825495517852
25603,LOF,0.038144336043909766,0.07254299106202142,0.8893126728940688
25604,LOF,0.041613208167719844,0.12187641616114085,0.8365103756711393
25605,LOF,0.03205960938959918,0.20336772928452254,0.7645726613258783
25606,Neutral,0.4227342357910039,0.17770882022140685,0.39955694398758923
25607,LOF,0.026731399972668407,0.23140849312277273,0.741860106904559
25608,LOF,0.03449303655867192,0.15516646413894078,0.8103404993023873
25609,GOF,0.13327042077883683,0.4982419243988174,0.3684876548223458
25610,LOF,0.01783200079585932,0.05139729773304516,0.9307707014710955
25611,LOF,0.015017447548171274,0.05747213230550359,0.9275104201463252
25612,LOF,0.04787264054376219,0.06408629822214375,0.888041061234094
25613,LOF,0.046760367532255515,0.06771059063864356,0.885529041829101
25614,LOF,0.026508833875295262,0.04753592311032945,0.9259552430143753
25615,LOF,0.04178537045822215,0.06474491673117579,0.8934697128106021
25616,LOF,0.06032737804313711,0.05745541434205062,0.8822172076148123
25617,LOF,0.0460661420577921,0.059700115679015134,0.8942337422631929
25618,LOF,0.057445316457707146,0.08505732639921439,0.8574973571430785
25619,LOF,0.014048936982037307,0.06642187315902814,0.9195291898589346
25620,LOF,0.06216079086485551,0.06772923943665952,0.8701099696984849
25621,LOF,0.06682531694819417,0.0557123533967621,0.8774623296550438
25622,LOF,0.06981207052097617,0.06185091728801748,0.8683370121910063
25623,LOF,0.06536074443287568,0.04487019567372163,0.8897690598934027
25624,LOF,0.02128917519105627,0.059141684872045214,0.9195691399368985
25625,LOF,0.06846062303297012,0.060408094299893265,0.8711312826671366
25626,LOF,0.048836517095365996,0.06490037471701585,0.8862631081876181
25627,Neutral,0.8835769333679735,0.02434180798551178,0.09208125864651459
25628,LOF,0.16925105933099138,0.06899677236801503,0.7617521683009936
25629,LOF,0.07339486888275583,0.06106283364168962,0.8655422974755546
25630,LOF,0.28723447619296694,0.0737364539353603,0.6390290698716727
25631,Neutral,0.5507841797531609,0.0613017899453996,0.3879140303014395
25632,LOF,0.029871994418579045,0.06468030872682326,0.9054476968545978
25633,LOF,0.22751432573969604,0.061268123791077135,0.7112175504692269
25634,LOF,0.04649917520251644,0.10629255654121565,0.8472082682562679
25635,LOF,0.040261317440036755,0.04972995218151016,0.9100087303784531
25636,GOF,0.02932832548457359,0.5737115007080562,0.39696017380737014
25637,GOF,0.05578796814612497,0.546561679238449,0.39765035261542603
25638,GOF,0.032065960327893626,0.5079739958481332,0.4599600438239732
25639,GOF,0.03546969886040071,0.48288071253970455,0.48164958859989476
25640,Neutral,0.861118628154906,0.08250109995910464,0.05638027188598946
25641,LOF,0.0884135243311949,0.415145478646541,0.4964409970222641
25642,LOF,0.07747296500335651,0.17790945542186412,0.7446175795747795
25643,LOF,0.297208915007005,0.1319105803993093,0.5708805045936856
25644,GOF,0.010266027041586714,0.6176013479650236,0.37213262499338967
25645,GOF,0.01099254003604099,0.6113737460046713,0.37763371395928774
25646,LOF,0.028195053031096522,0.44105514347099223,0.5307498034979112
25647,LOF,0.012259261453337491,0.36509559432935546,0.6226451442173071
25648,LOF,0.01467837428253269,0.43121719427340766,0.5541044314440596
25649,LOF,0.008453179082500645,0.32488997378138784,0.6666568471361115
25650,GOF,0.02215002036224512,0.6013579112962225,0.3764920683415324
25651,LOF,0.008696074471138671,0.42758485250415346,0.5637190730247079
25652,LOF,0.013665655656159044,0.4421190666018074,0.5442152777420336
25653,GOF,0.03963184933807231,0.6099185529154999,0.3504495977464277
25654,LOF,0.010831601597747768,0.34267550760069,0.6464928908015622
25655,GOF,0.14213202827488844,0.6531867750030891,0.20468119672202248
25656,LOF,0.3599426366320341,0.1489897761208587,0.4910675872471072
25657,LOF,0.05610958199600306,0.11347786388593187,0.830412554118065
25658,LOF,0.3206980594618657,0.1355601326054156,0.5437418079327186
25659,Neutral,0.47472062939090093,0.1491840387018288,0.37609533190727024
25660,LOF,0.021322732023598415,0.11724757718668932,0.8614296907897123
25661,LOF,0.08664112455186164,0.07167569887362908,0.8416831765745092
25662,LOF,0.030638457626689115,0.0373707846147455,0.9319907577585654
25663,LOF,0.03579342811035285,0.040247020508128485,0.9239595513815186
25664,LOF,0.12596541321286864,0.06528297077186766,0.8087516160152638
25665,LOF,0.06294790445481835,0.03178523691611738,0.9052668586290642
25666,LOF,0.10057281087772078,0.059578879327040146,0.8398483097952392
25667,LOF,0.07184412019884168,0.03969798850608614,0.8884578912950722
25668,LOF,0.03505835227759931,0.05101307741767708,0.9139285703047236
25669,LOF,0.029580713057070017,0.04927698860655226,0.9211422983363778
25670,LOF,0.12573497614024726,0.04335549387335157,0.8309095299864012
25671,LOF,0.10164784537681772,0.04136513301197977,0.8569870216112025
25672,LOF,0.051707374548371536,0.04754403790275843,0.9007485875488701
25673,LOF,0.09254949722484432,0.04747675596740992,0.8599737468077457
25674,LOF,0.07879813803111839,0.06358272188109115,0.8576191400877905
25675,LOF,0.10789652486365764,0.0679836414407404,0.824119833695602
25676,LOF,0.01706477610589408,0.06037771788388514,0.9225575060102208
25677,LOF,0.021667290970501355,0.07808047534197532,0.9002522336875234
25678,LOF,0.18140658775272117,0.09147353083737939,0.7271198814098995
25679,LOF,0.12177790213853577,0.0893081218668662,0.788913975994598
25680,LOF,0.02797250572549533,0.13433675971076184,0.8376907345637428
25681,LOF,0.04455391344981337,0.1265931443529224,0.8288529421972644
25682,LOF,0.12289163672739614,0.08269737734704281,0.794410985925561
25683,LOF,0.11128905188153183,0.09115721558115944,0.7975537325373089
25684,LOF,0.03383840641584137,0.0717851289519287,0.8943764646322299
25685,LOF,0.11593094786537755,0.07969334228761202,0.8043757098470105
25686,LOF,0.07021637044276774,0.11826076447112308,0.8115228650861093
25687,LOF,0.10754759735949493,0.12116889164604765,0.7712835109944574
25688,LOF,0.41178660806124967,0.039851941575971425,0.548361450362779
25689,LOF,0.28342276743099654,0.05285459614529098,0.6637226364237124
25690,LOF,0.3378682143818844,0.03646742409577854,0.6256643615223372
25691,Neutral,0.723670845959766,0.03466407534095831,0.24166507869927567
25692,LOF,0.3368026684735925,0.014960474827946477,0.648236856698461
25693,LOF,0.04051797419199532,0.4246960278115151,0.5347859979964895
25694,LOF,0.1206778519167601,0.020116122929735938,0.8592060251535039
25695,LOF,0.11150685648822828,0.01299779804209186,0.8754953454696798
25696,LOF,0.13487090169065127,0.01453186389983024,0.8505972344095184
25697,LOF,0.06783938119435898,0.09161591169468496,0.8405447071109561
25698,LOF,0.3063230750413114,0.20800380863681425,0.4856731163218743
25699,LOF,0.4639241967992607,0.04162433784145949,0.49445146535927964
25700,LOF,0.07631058135216408,0.012644645252495357,0.9110447733953406
25701,LOF,0.1727649287489906,0.03524710176171433,0.7919879694892951
25702,GOF,0.1530346972002887,0.6524943070552366,0.19447099574447463
25703,LOF,0.016265658407973328,0.1520671058746456,0.8316672357173812
25704,LOF,0.035535469185081846,0.1497397391445413,0.8147247916703769
25705,LOF,0.03299192577492551,0.12125653848392437,0.84575153574115
25706,LOF,0.1063450634934078,0.43305421465550875,0.46060072185108336
25707,LOF,0.0829716274356797,0.33353254699301504,0.5834958255713053
25708,LOF,0.03673248094658783,0.301312369430409,0.6619551496230031
25709,LOF,0.061138632315026385,0.03411422332687005,0.9047471443581037
25710,LOF,0.013174485051439352,0.13325407108185208,0.8535714438667086
25711,LOF,0.017205611550414158,0.09266783834137386,0.890126550108212
25712,LOF,0.015147470671520499,0.18761660898303142,0.7972359203454481
25713,LOF,0.0159228784690486,0.09199879296288287,0.8920783285680686
25714,LOF,0.06162153020923929,0.07148235583859668,0.8668961139521639
25715,LOF,0.010723072402502292,0.13874686812875325,0.8505300594687445
25716,LOF,0.011693440818642584,0.10310053609029222,0.8852060230910652
25717,LOF,0.016480262100654893,0.08551420723222407,0.8980055306671211
25718,LOF,0.010350952553886116,0.08692757698098626,0.9027214704651277
25719,LOF,0.01906370006047141,0.0792262995042595,0.9017100004352692
25720,LOF,0.02310775647471484,0.06205495693811898,0.9148372865871661
25721,LOF,0.012398491840899275,0.1071300663394828,0.8804714418196179
25722,LOF,0.012865681622450345,0.07797872398881732,0.9091555943887324
25723,LOF,0.02251969572968505,0.04387958674536461,0.9336007175249503
25724,LOF,0.029488997477852507,0.07865739809973421,0.8918536044224132
25725,LOF,0.010502561975441057,0.0715905568030749,0.9179068812214841
25726,LOF,0.014435910407250433,0.10091749130699161,0.884646598285758
25727,LOF,0.011925238145921339,0.07535211702704592,0.9127226448270327
25728,LOF,0.009201237801524778,0.08780094942292112,0.9029978127755541
25729,LOF,0.009503549992210845,0.08189306104336759,0.9086033889644215
25730,LOF,0.012495236645013539,0.08942473322307606,0.8980800301319104
25731,LOF,0.021395519812522797,0.07876881674270393,0.8998356634447733
25732,LOF,0.011820321159910364,0.049405208540620284,0.9387744702994694
25733,LOF,0.016431246026867408,0.049190883816998356,0.9343778701561342
25734,LOF,0.011688948453776963,0.11577737546245154,0.8725336760837716
25735,LOF,0.0106297881629214,0.06056560651034518,0.9288046053267334
25736,LOF,0.011267873307466092,0.06431692018551587,0.9244152065070181
25737,LOF,0.011120649091104077,0.08420761109842334,0.9046717398104727
25738,LOF,0.010634962152682502,0.08743977126745948,0.9019252665798579
25739,LOF,0.01843395359385983,0.0635451885846027,0.9180208578215375
25740,LOF,0.02639229523364227,0.09920461135424771,0.87440309341211
25741,LOF,0.013507787696005656,0.10042122632356601,0.8860709859804283
25742,LOF,0.10482956864107831,0.07102973683765372,0.8241406945212679
25743,LOF,0.039664808490511426,0.04766887253804942,0.9126663189714391
25744,Neutral,0.6331379152347669,0.20666224519048898,0.16019983957474407
25745,LOF,0.06899242662815122,0.06612192089787626,0.8648856524739725
25746,LOF,0.04567068787538778,0.0883438515246485,0.8659854605999636
25747,LOF,0.02746898721720266,0.0811906141875693,0.8913403985952281
25748,LOF,0.1354965055038821,0.13594211202828782,0.7285613824678301
25749,LOF,0.028912391154512287,0.08430076324703827,0.8867868455984496
25750,LOF,0.0726704743012124,0.09325609777367631,0.8340734279251112
25751,LOF,0.09763346280794674,0.13007233038482505,0.7722942068072282
25752,GOF,0.10750221126754832,0.6610365478590322,0.23146124087341954
25753,LOF,0.028031453936599067,0.3641371193633468,0.6078314267000542
25754,GOF,0.0151398887147355,0.8296592031689544,0.15520090811631018
25755,LOF,0.029085172775835968,0.4064080907946061,0.564506736429558
25756,LOF,0.06010220521167897,0.3839982220723032,0.5558995727160178
25757,GOF,0.022117818889477274,0.8812683365106228,0.0966138445998999
25758,GOF,0.027606035460617857,0.8295961200041713,0.14279784453521088
25759,GOF,0.01261102269788021,0.637183564272059,0.35020541303006075
25760,LOF,0.015632535758263764,0.349047688663596,0.6353197755781403
25761,GOF,0.2786848466840822,0.6541569689911074,0.06715818432481027
25762,LOF,0.05225811360902273,0.3359577792994914,0.6117841070914859
25763,LOF,0.0160260629940846,0.2506345894286901,0.7333393475772253
25764,GOF,0.06299869506690296,0.7119294258088085,0.22507187912428853
25765,GOF,0.03342734398511799,0.7868761163384639,0.17969653967641824
25766,GOF,0.06669955860561502,0.8040909204443666,0.12920952095001836
25767,GOF,0.14022784373201422,0.5764796794429599,0.28329247682502595
25768,LOF,0.09568920825407463,0.06128595073861151,0.8430248410073138
25769,LOF,0.04098752013849096,0.0662084766735738,0.8928040031879352
25770,LOF,0.28294770277767567,0.1277966305743031,0.5892556666480213
25771,LOF,0.04747366024518675,0.062450397694056595,0.8900759420607567
25772,LOF,0.01647904765449481,0.05820506200075517,0.9253158903447501
25773,LOF,0.05055708846424663,0.09152697764937215,0.8579159338863812
25774,LOF,0.026994001234163897,0.13175659070403606,0.8412494080618002
25775,LOF,0.051667701142342586,0.07339654935001948,0.874935749507638
25776,LOF,0.05741988357976444,0.03965177856832624,0.9029283378519092
25777,LOF,0.3229896583433981,0.10763089674832556,0.5693794449082763
25778,LOF,0.055013431993174364,0.0623784086374006,0.8826081593694249
25779,GOF,0.4130605921571991,0.5370833910219501,0.0498560168208508
25780,GOF,0.3811187428155421,0.541958908179466,0.07692234900499191
25781,GOF,0.133356540452896,0.759666761756528,0.10697669779057596
25782,GOF,0.21655982061017467,0.7011555796824238,0.08228459970740157
25783,GOF,0.027020132664532782,0.6202601267046386,0.3527197406308286
25784,Neutral,0.5515762860123777,0.41120726682528824,0.03721644716233407
25785,Neutral,0.525590015804369,0.4282430870379797,0.04616689715765117
25786,GOF,0.03848287128012946,0.7399457831108642,0.2215713456090063
25787,Neutral,0.6943297123253085,0.2757411680359762,0.02992911963871526
25788,LOF,0.05561742387011462,0.07793031611906508,0.8664522600108204
25789,GOF,0.21906056373043514,0.6188735457021902,0.16206589056737475
25790,GOF,0.30077291482300644,0.5985437019024309,0.10068338327456262
25791,GOF,0.1757535247940442,0.6474903365176814,0.1767561386882745
25792,GOF,0.39164816372440564,0.4769168164163969,0.13143501985919762
25793,GOF,0.29207736703983067,0.4569138956117323,0.2510087373484369
25794,GOF,0.35489364060772327,0.4395891953590807,0.20551716403319595
25795,GOF,0.07560943534526787,0.6573466102299093,0.26704395442482287
25796,Neutral,0.5526653725009547,0.370771861445324,0.07656276605372123
25797,GOF,0.09896336259322076,0.5258937363385578,0.37514290106822146
25798,LOF,0.010626089092910952,0.49149200724648145,0.4978819036606076
25799,LOF,0.007693638318118038,0.42906542847686513,0.5632409332050169
25800,GOF,0.042976120291600035,0.5876174389714275,0.36940644073697254
25801,GOF,0.25455200132368916,0.6362073481503064,0.10924065052600443
25802,GOF,0.08379735020323524,0.6511748059051441,0.2650278438916206
25803,GOF,0.050510674010543426,0.5354461073114678,0.41404321867798866
25804,GOF,0.04381629417778207,0.48271293124080644,0.4734707745814116
25805,GOF,0.15088873391959165,0.544394881902687,0.3047163841777213
25806,GOF,0.16896129712825234,0.544548194227129,0.2864905086446188
25807,GOF,0.026183890845430564,0.6091257363519254,0.36469037280264416
25808,GOF,0.14940409275910474,0.5324912821586596,0.3181046250822358
25809,GOF,0.02418158785947301,0.6196979417968391,0.35612047034368777
25810,GOF,0.02340012758720184,0.622331651789173,0.3542682206236251
25811,Neutral,0.5592557901063749,0.37805930245798924,0.06268490743563594
25812,GOF,0.05117674961506922,0.5946440077799447,0.35417924260498607
25813,Neutral,0.6118188700506051,0.29115287827013986,0.09702825167925505
25814,GOF,0.17358927552225084,0.5985436447540105,0.22786707972373874
25815,GOF,0.31219620586923946,0.49737260766083374,0.1904311864699269
25816,GOF,0.024764927458065376,0.6655598736076178,0.3096751989343168
25817,GOF,0.25812339455300143,0.6160587085770377,0.12581789686996098
25818,GOF,0.06558100280333937,0.5300208649715039,0.4043981322251567
25819,Neutral,0.444159750176567,0.4067144500141235,0.14912579980930946
25820,GOF,0.275132884734791,0.5279632914783547,0.19690382378685428
25821,GOF,0.09133295794690853,0.6414653791607621,0.2672016628923294
25822,GOF,0.31579057949994926,0.4697568064813979,0.21445261401865295
25823,LOF,0.045904041542467765,0.47087732069485216,0.48321863776268015
25824,GOF,0.10763257237886334,0.4758090055067151,0.4165584221144216
25825,GOF,0.0398468475749464,0.5011425978822892,0.4590105545427643
25826,LOF,0.013946651413536753,0.4864498215024882,0.49960352708397493
25827,GOF,0.023816555608257288,0.533981177283046,0.4422022671086967
25828,LOF,0.01556372945718324,0.4451159960198342,0.5393202745229826
25829,GOF,0.007341100458415304,0.5009866644772827,0.4916722350643019
25830,LOF,0.046468612531976025,0.2482189865162118,0.7053124009518121
25831,GOF,0.19312573242329453,0.6655537314085517,0.14132053616815377
25832,GOF,0.03766705279252391,0.6578429560739717,0.3044899911335043
25833,GOF,0.14128019099346023,0.6615906073465292,0.19712920166001063
25834,GOF,0.04311680166090095,0.6611564516912528,0.2957267466478462
25835,GOF,0.11786344955249736,0.6442681791174674,0.23786837133003524
25836,GOF,0.050119968014532015,0.624183895335447,0.32569613665002095
25837,GOF,0.027802454019824833,0.5243263206612147,0.44787122531896056
25838,GOF,0.09953683277109383,0.7125957846414456,0.18786738258746066
25839,GOF,0.3239662145140021,0.5283447227593223,0.14768906272667567
25840,GOF,0.2721051713802839,0.5434904018411701,0.1844044267785459
25841,GOF,0.27300488329673533,0.5421024816267136,0.1848926350765512
25842,GOF,0.20239157292470844,0.6222983532461278,0.17531007382916375
25843,GOF,0.26551732773333914,0.6038454148523905,0.13063725741427043
25844,GOF,0.06778807939536878,0.62681297874932,0.30539894185531136
25845,LOF,0.014934088532600042,0.4529944682855927,0.5320714431818072
25846,GOF,0.11008560226578544,0.6938841387492563,0.1960302589849582
25847,GOF,0.14379121176100906,0.6919768071255964,0.16423198111339452
25848,GOF,0.04241018716321802,0.6259777661252555,0.3316120467115265
25849,GOF,0.011415645108515622,0.5131842943520951,0.47540006053938927
25850,GOF,0.02648883379695341,0.5690198769699496,0.40449128923309696
25851,LOF,0.020109614440683977,0.46565962025830443,0.5142307653010115
25852,GOF,0.15391486865345166,0.5582653775718405,0.28781975377470786
25853,GOF,0.3837774374565619,0.5350890915454006,0.0811334709980374
25854,GOF,0.01974536186363746,0.5878778997112274,0.39237673842513504
25855,GOF,0.04462793183620066,0.5602141675243169,0.3951579006394826
25856,GOF,0.2664846768959474,0.5102735101768255,0.22324181292722717
25857,LOF,0.04034588432396201,0.4644455148095568,0.49520860086648105
25858,GOF,0.02194341613510722,0.524589967943657,0.4534666159212358
25859,GOF,0.012529023862801903,0.5088170486308812,0.4786539275063169
25860,GOF,0.4232879306510419,0.4851825395809499,0.0915295297680082
25861,GOF,0.407521658004666,0.5134856602971686,0.07899268169816544
25862,GOF,0.0873547366055322,0.7771538374565925,0.1354914259378753
25863,GOF,0.08799347052363382,0.777914463835369,0.13409206564099727
25864,GOF,0.2221998184572877,0.7023172743496302,0.07548290719308198
25865,GOF,0.09193237212240163,0.76708086165242,0.14098676622517836
25866,GOF,0.07447527343461383,0.7882139974144019,0.13731072915098433
25867,GOF,0.09098117410835113,0.7927023069974085,0.11631651889424043
25868,GOF,0.3169689508280853,0.574427868581314,0.10860318059060073
25869,Neutral,0.7115184732026456,0.2474688740310891,0.04101265276626532
25870,LOF,0.3629676132438567,0.23388462343986466,0.4031477633162788
25871,GOF,0.2417032145748162,0.6096997147576102,0.1485970706675736
25872,GOF,0.09220463409646566,0.5865587690115696,0.3212365968919649
25873,GOF,0.1917893387604956,0.5480550632968763,0.26015559794262805
25874,LOF,0.022950517896160705,0.09245640276305969,0.8845930793407796
25875,LOF,0.08505196562937002,0.06098244593635496,0.853965588434275
25876,LOF,0.031143898049905493,0.04114061966888571,0.9277154822812088
25877,Neutral,0.5529392931463684,0.07304315270052893,0.3740175541531026
25878,LOF,0.22800813060617428,0.12324461762996952,0.6487472517638563
25879,LOF,0.09022445638630161,0.12304804948565878,0.7867274941280397
25880,LOF,0.022760704687108325,0.02097242406494627,0.9562668712479454
25881,LOF,0.18595704442286975,0.16897609807557756,0.6450668575015527
25882,LOF,0.09341743057805554,0.022588354652104025,0.8839942147698404
25883,LOF,0.08971226771201805,0.03306781020041257,0.8772199220875693
25884,LOF,0.045762975324383684,0.05223856591002728,0.9019984587655889
25885,LOF,0.0745543897064818,0.015239888360518207,0.910205721933
25886,LOF,0.3893483414034686,0.06067295861241348,0.549978699984118
25887,LOF,0.18292242663039418,0.113793486526818,0.7032840868427879
25888,LOF,0.07308262930437275,0.09153538586902954,0.8353819848265978
25889,LOF,0.057054973713217216,0.03358407950186719,0.9093609467849156
25890,LOF,0.056665550944272815,0.14479046553250066,0.7985439835232265
25891,LOF,0.04658132229042489,0.06283088725705759,0.8905877904525176
25892,LOF,0.1113332213987556,0.019395232911059816,0.8692715456901846
25893,LOF,0.28669935982282396,0.014626812887366418,0.6986738272898096
25894,LOF,0.17453485731760965,0.008297031420881888,0.8171681112615085
25895,LOF,0.2011823795440469,0.018381938099160083,0.7804356823567931
25896,LOF,0.05350621877318457,0.021899877138651637,0.9245939040881637
25897,LOF,0.24093228000727485,0.012208003767049799,0.7468597162256755
25898,Neutral,0.7260814613373049,0.008946442130418638,0.26497209653227655
25899,LOF,0.2637156424515962,0.02383697378033144,0.7124473837680725
25900,LOF,0.47652333741169406,0.013848243002387479,0.5096284195859184
25901,LOF,0.06462287252488334,0.011292050186834622,0.9240850772882819
25902,LOF,0.19843874709609588,0.009906279013569178,0.791654973890335
25903,Neutral,0.5512005709138923,0.025619824597186328,0.42317960448892145
25904,LOF,0.26008928492015204,0.03788032513994823,0.7020303899398996
25905,LOF,0.025334542425997905,0.30516709786358337,0.6694983597104187
25906,LOF,0.02284821934336739,0.0652494208132756,0.911902359843357
25907,LOF,0.015361233142106148,0.3365662053817552,0.6480725614761387
25908,LOF,0.01219158754576285,0.23435684153897296,0.7534515709152642
25909,LOF,0.0142349471455709,0.1586764563888418,0.8270885964655873
25910,LOF,0.05010717795646854,0.11696723351431665,0.8329255885292149
25911,LOF,0.11791993582920189,0.029783002339156487,0.8522970618316417
25912,LOF,0.035288834847706486,0.055440562541374375,0.9092706026109192
25913,LOF,0.27550027849722525,0.024997625391012628,0.6995020961117622
25914,LOF,0.027621909559094528,0.11474013284431987,0.8576379575965856
25915,Neutral,0.4069497728269342,0.24947949164016778,0.3435707355328981
25916,LOF,0.06728659147927596,0.26460671701919,0.668106691501534
25917,LOF,0.07299003931209824,0.0665354297354103,0.8604745309524915
25918,LOF,0.03460538728148175,0.07495946524029361,0.8904351474782246
25919,LOF,0.028863446365616063,0.08051830404900535,0.8906182495853785
25920,GOF,0.09032096931060009,0.4868912805801063,0.42278775010929354
25921,LOF,0.03219135268720079,0.026730156819064658,0.9410784904937346
25922,LOF,0.04268391558317165,0.015730271661210053,0.9415858127556183
25923,LOF,0.4012000112653031,0.01770925141109402,0.5810907373236028
25924,LOF,0.042849510744857565,0.021903232556916934,0.9352472566982256
25925,LOF,0.07522644837048556,0.0278146977416433,0.8969588538878712
25926,LOF,0.05143649263792713,0.019795347467078398,0.9287681598949945
25927,LOF,0.06986945973491061,0.05251038046429096,0.8776201598007985
25928,LOF,0.025859298310122836,0.020684225611391945,0.9534564760784852
25929,Neutral,0.5276110018940477,0.01986545227797841,0.4525235458279738
25930,LOF,0.05794070326982895,0.013698754212269824,0.9283605425179012
25931,LOF,0.034914787308120615,0.01599091977711945,0.9490942929147599
25932,LOF,0.03137904811686196,0.013394538537538248,0.9552264133455997
25933,LOF,0.038599702167032075,0.009484640677819392,0.9519156571551486
25934,LOF,0.025924400076861618,0.011108265287449275,0.9629673346356891
25935,LOF,0.07158438917336796,0.035414218230430776,0.8930013925962013
25936,LOF,0.0497755099307172,0.014088925506142774,0.9361355645631401
25937,LOF,0.03218047596137148,0.02016607641302612,0.9476534476256024
25938,LOF,0.07281166230227087,0.03424202256432421,0.8929463151334049
25939,LOF,0.04003538595416502,0.009605916726833025,0.950358697319002
25940,LOF,0.02596036867456309,0.35026178111200756,0.6237778502134294
25941,LOF,0.14594165922237565,0.08570292630854683,0.7683554144690774
25942,LOF,0.013674973845165079,0.034200148370875885,0.9521248777839589
25943,LOF,0.3113029065400971,0.059757282427499815,0.628939811032403
25944,Neutral,0.500824972632603,0.03245234134141663,0.46672268602598044
25945,LOF,0.0661092298178477,0.020232434837734372,0.913658335344418
25946,LOF,0.03132512242235756,0.13784363033447547,0.830831247243167
25947,LOF,0.10736553861121682,0.21521922810185165,0.6774152332869315
25948,LOF,0.447471296624689,0.013664450434127645,0.5388642529411833
25949,LOF,0.08907516054485877,0.06413515965502938,0.8467896798001119
25950,GOF,0.29076981090188375,0.4243177619191872,0.2849124271789291
25951,LOF,0.2553745231982351,0.19241787205364314,0.5522076047481218
25952,LOF,0.06627112330629913,0.43235244512011906,0.5013764315735819
25953,LOF,0.1349881887573748,0.0954170412666693,0.7695947699759558
25954,LOF,0.39682325966092313,0.20485186387676899,0.3983248764623079
25955,LOF,0.05680772992714506,0.08064245748493452,0.8625498125879204
25956,LOF,0.1790344497505284,0.07317691062389824,0.7477886396255734
25957,LOF,0.042514388226717756,0.02643208852541841,0.9310535232478637
25958,LOF,0.0544171644406474,0.028063253443797787,0.9175195821155548
25959,LOF,0.08119309479018794,0.285304197457016,0.633502707752796
25960,LOF,0.02323347944297447,0.05577145809353126,0.9209950624634942
25961,LOF,0.046087493740162085,0.034544532929191206,0.9193679733306467
25962,LOF,0.06112997903508813,0.0295151041029181,0.9093549168619938
25963,LOF,0.049171810574055425,0.17641357727302437,0.7744146121529202
25964,LOF,0.036404289915247454,0.13178000111910002,0.8318157089656525
25965,LOF,0.3866166934312583,0.07521906537169605,0.5381642411970455
25966,Neutral,0.4162376629740522,0.21460066054686425,0.3691616764790835
25967,LOF,0.012098673460098876,0.08685493353599609,0.901046393003905
25968,LOF,0.04038662964723097,0.403329515452748,0.5562838549000211
25969,LOF,0.02275491856370339,0.05838912628408741,0.9188559551522092
25970,LOF,0.0587957347600607,0.06001961523965502,0.8811846500002842
25971,LOF,0.07589733983704908,0.022509025426101097,0.9015936347368498
25972,LOF,0.08255822791916491,0.02700112261417114,0.890440649466664
25973,LOF,0.08440032608276617,0.010090378432457959,0.905509295484776
25974,LOF,0.22687012668379403,0.021558239268370426,0.7515716340478356
25975,LOF,0.04592447871367553,0.033341878640245466,0.9207336426460789
25976,LOF,0.03934521515945322,0.019104050856901523,0.9415507339836453
25977,LOF,0.15123811738497625,0.10036157797672322,0.7484003046383005
25978,LOF,0.1116354885480603,0.08557370248701433,0.8027908089649253
25979,LOF,0.1127235970760047,0.08346895703511352,0.8038074458888818
25980,LOF,0.14013242123580705,0.11859765407359663,0.7412699246905962
25981,LOF,0.1731082932427125,0.11599990931519127,0.7108917974420962
25982,LOF,0.34808215170759516,0.07380722129614584,0.5781106269962591
25983,LOF,0.34545949246295055,0.07148409356641648,0.5830564139706329
25984,LOF,0.054771820090552634,0.07302125466753107,0.8722069252419162
25985,LOF,0.021562234117547714,0.27706513322789306,0.7013726326545593
25986,LOF,0.03317622492342714,0.2804108149436127,0.6864129601329603
25987,LOF,0.08241367329323224,0.10316166324645698,0.8144246634603108
25988,LOF,0.12404936513696795,0.07843624558581407,0.797514389277218
25989,LOF,0.02861552264406403,0.135302845235937,0.836081632119999
25990,LOF,0.03901847829315144,0.12792833777029072,0.8330531839365579
25991,GOF,0.1645305756364969,0.4554867847149305,0.37998263964857265
25992,LOF,0.3560698295912342,0.28392448056235015,0.3600056898464157
25993,LOF,0.02475531376245473,0.09126497422875453,0.8839797120087908
25994,LOF,0.016929977161424803,0.1266270325240136,0.8564429903145616
25995,LOF,0.027040177193751392,0.18819401997242421,0.7847658028338245
25996,GOF,0.21930622668328603,0.6086307312209628,0.17206304209575118
25997,GOF,0.10099007749894001,0.5845778159200744,0.3144321065809856
25998,Neutral,0.553966569415951,0.016289714518969402,0.4297437160650796
25999,LOF,0.11638581996091706,0.15883881152615692,0.724775368512926
26000,LOF,0.14763970005975652,0.03667091020374928,0.8156893897364942
26001,LOF,0.1787297803739455,0.035528259860233224,0.7857419597658213
26002,LOF,0.15281998033336255,0.03855380045734365,0.8086262192092938
26003,GOF,0.009013852931393422,0.6821543501600424,0.30883179690856427
26004,GOF,0.02228594959441468,0.725412906044578,0.25230114436100737
26005,GOF,0.008394711103070473,0.5576600133518652,0.4339452755450642
26006,Neutral,0.4856106944722912,0.2847555000727495,0.22963380545495932
26007,GOF,0.016530914188406867,0.6162677620672913,0.36720132374430187
26008,GOF,0.01971342154158643,0.6336020332905641,0.3466845451678495
26009,GOF,0.02294906959738583,0.6643051003591858,0.3127458300434284
26010,GOF,0.01999524388808783,0.7118234801462918,0.2681812759656203
26011,GOF,0.008036127396838514,0.5572405880431328,0.43472328456002857
26012,GOF,0.01511845380960242,0.652540001911279,0.3323415442791186
26013,GOF,0.015619378416835928,0.6778175795639784,0.3065630420191857
26014,LOF,0.04736409323279351,0.16769540773759414,0.7849404990296124
26015,LOF,0.18646198249239426,0.008683394380813617,0.8048546231267921
26016,LOF,0.20359121352523232,0.04416227568256837,0.7522465107921993
26017,LOF,0.16425764597407871,0.08277720535617379,0.7529651486697474
26018,LOF,0.06910232171262096,0.038642848343941494,0.8922548299434375
26019,LOF,0.06627347225586663,0.02750101949349903,0.9062255082506343
26020,LOF,0.04960762750263747,0.10525898969163969,0.8451333828057228
26021,LOF,0.04368977573866133,0.13424213793974119,0.8220680863215974
26022,LOF,0.009742370166666538,0.056345126782892586,0.9339125030504409
26023,LOF,0.091712562923504,0.02613447076010255,0.8821529663163935
26024,LOF,0.024977601414441646,0.11184168398921457,0.8631807145963437
26025,LOF,0.14229642587361924,0.10568605539989702,0.7520175187264837
26026,LOF,0.27495346694172484,0.019736797602276243,0.705309735455999
26027,LOF,0.06839972253720111,0.02058079123636258,0.9110194862264364
26028,LOF,0.16205693777096877,0.0887921021303838,0.7491509600986475
26029,LOF,0.08033356835960745,0.1702760337374384,0.7493903979029541
26030,LOF,0.029449355077497408,0.053905403312131575,0.916645241610371
26031,LOF,0.03511042359113332,0.12634876476189336,0.8385408116469734
26032,LOF,0.0715267373115,0.05288237956909482,0.8755908831194052
26033,LOF,0.1109673703837871,0.06254855351993253,0.8264840760962803
26034,LOF,0.05074238370475446,0.12884429401517686,0.8204133222800687
26035,LOF,0.03540366058291742,0.1117171233177888,0.8528792160992937
26036,LOF,0.04970836641760833,0.143472688103635,0.8068189454787568
26037,LOF,0.03036474055340503,0.09849778732702129,0.8711374721195738
26038,LOF,0.06875729920401495,0.05232537993930934,0.8789173208566756
26039,LOF,0.06654447729511516,0.12248944252620587,0.8109660801786789
26040,LOF,0.2085775505701481,0.0948425711819097,0.6965798782479423
26041,LOF,0.02928152790164831,0.09184249976546255,0.8788759723328893
26042,LOF,0.028502597892668496,0.09362195219416078,0.8778754499131707
26043,LOF,0.06642592945703307,0.06831786420586694,0.8652562063371001
26044,LOF,0.024318514844490907,0.07069085198753196,0.9049906331679771
26045,LOF,0.08554373385126948,0.08684141671008483,0.8276148494386457
26046,LOF,0.07014413382499717,0.07044225023701076,0.859413615937992
26047,LOF,0.10678843479206927,0.08099985461089221,0.8122117105970386
26048,LOF,0.04711680845697679,0.06210797249036096,0.8907752190526622
26049,Neutral,0.954527447131714,0.00809188167879064,0.037380671189495354
26050,Neutral,0.9340473884209619,0.009302666587836999,0.056649944991201025
26051,LOF,0.048940016181748744,0.37969776341673067,0.5713622204015205
26052,LOF,0.06059540232124542,0.4138403121632364,0.5255642855155183
26053,LOF,0.058198010322355755,0.16058965476529735,0.7812123349123469
26054,LOF,0.06103132837370609,0.03965040245730494,0.899318269168989
26055,LOF,0.08473361095268915,0.028331051088920745,0.8869353379583901
26056,LOF,0.07123058637139161,0.034171069964717,0.8945983436638915
26057,LOF,0.033467816758815216,0.016382323658737357,0.9501498595824474
26058,LOF,0.03422294650937577,0.014326435104096386,0.9514506183865279
26059,LOF,0.2919533675570384,0.05394864785046759,0.654097984592494
26060,LOF,0.030433576085289755,0.29018120559540533,0.6793852183193049
26061,LOF,0.01918244468423498,0.017600030695490376,0.9632175246202747
26062,LOF,0.01179996580850668,0.026530852412105684,0.9616691817793875
26063,LOF,0.022866222417090888,0.014835157089551475,0.9622986204933576
26064,LOF,0.026192916088564437,0.021392408372774313,0.9524146755386612
26065,LOF,0.026242090222515557,0.018177736135551317,0.955580173641933
26066,LOF,0.020874013854632625,0.01662431543797939,0.9625016707073879
26067,LOF,0.026752502768266788,0.01375819565403587,0.9594893015776974
26068,LOF,0.051623056770405344,0.06299234227201904,0.8853846009575757
26069,LOF,0.2818805299949423,0.03821019166269747,0.6799092783423603
26070,LOF,0.4043123004715981,0.02583391376660112,0.5698537857618008
26071,LOF,0.02357501551903439,0.01831287165452943,0.9581121128264362
26072,LOF,0.0237221143328379,0.028639890024845155,0.9476379956423171
26073,LOF,0.025147894589652168,0.015041637517901342,0.9598104678924464
26074,Neutral,0.9079630107541691,0.007601641639955682,0.08443534760587516
26075,LOF,0.04676496256781419,0.02338511860312875,0.929849918829057
26076,LOF,0.04644458727125813,0.01403780120906581,0.939517611519676
26077,LOF,0.010084275964957886,0.027388363722306186,0.962527360312736
26078,LOF,0.014537731616330542,0.018922296753323447,0.966539971630346
26079,LOF,0.05870674470868102,0.032131972150534316,0.9091612831407847
26080,LOF,0.057625975500282554,0.032165439701390124,0.9102085847983272
26081,LOF,0.03573369584387459,0.010727336651517328,0.953538967504608
26082,LOF,0.0207072800537169,0.025476352766315033,0.9538163671799681
26083,LOF,0.13930769313898567,0.01870236083244069,0.8419899460285737
26084,LOF,0.029666896318305314,0.022322564195198766,0.948010539486496
26085,LOF,0.023974789032342687,0.02096774935148886,0.9550574616161684
26086,LOF,0.025543150857254535,0.01774896163415688,0.9567078875085887
26087,LOF,0.02648660260723443,0.012723178185086058,0.9607902192076795
26088,LOF,0.018487661360860663,0.03178887320377408,0.9497234654353653
26089,LOF,0.04972775617317598,0.039630907484999624,0.9106413363418244
26090,LOF,0.04828982015782392,0.03005949080953399,0.9216506890326421
26091,LOF,0.040200165047494296,0.010320686293284644,0.9494791486592211
26092,LOF,0.02774403987056593,0.012603175905555658,0.9596527842238785
26093,LOF,0.03958125556730199,0.008948017422720264,0.9514707270099777
26094,LOF,0.045892106277655956,0.010214743721519051,0.943893150000825
26095,LOF,0.05954629800766956,0.022065051449448748,0.9183886505428817
26096,LOF,0.023864726352196844,0.015140530216968411,0.9609947434308347
26097,LOF,0.010324003112675688,0.05923101524565139,0.9304449816416729
26098,LOF,0.0794604266194097,0.022561523042348333,0.8979780503382421
26099,LOF,0.026976142352185026,0.022503164803066893,0.950520692844748
26100,LOF,0.02917564945277663,0.021283144362413457,0.9495412061848099
26101,LOF,0.061564064851351664,0.019723070849064495,0.9187128642995839
26102,LOF,0.02777717372564831,0.016756602810370506,0.9554662234639811
26103,Neutral,0.8911579594695828,0.029910658082643045,0.07893138244777426
26104,LOF,0.07525199396480849,0.05824573186105439,0.866502274174137
26105,LOF,0.23065975693002658,0.24352298033847922,0.5258172627314942
26106,LOF,0.18876189096008336,0.11398760917340889,0.6972504998665078
26107,LOF,0.2370595313955893,0.11154535997245583,0.6513951086319549
26108,LOF,0.23954185850627605,0.15332889331400923,0.6071292481797147
26109,LOF,0.07888677332954612,0.1439414714647914,0.7771717552056624
26110,LOF,0.28068570114791624,0.006557506478231457,0.7127567923738524
26111,LOF,0.4693691622779335,0.017595505483960702,0.5130353322381058
26112,LOF,0.03764395724537491,0.007734203444486241,0.9546218393101388
26113,LOF,0.05903666942868543,0.013237011799783949,0.9277263187715307
26114,LOF,0.014102901300608895,0.018290403679136365,0.9676066950202548
26115,LOF,0.07065982792797959,0.034693238387651815,0.8946469336843687
26116,LOF,0.04350594720848746,0.027409562491137344,0.9290844903003751
26117,LOF,0.3961191619482083,0.049157361396779585,0.5547234766550121
26118,LOF,0.04489729843059202,0.033566429225169114,0.9215362723442388
26119,LOF,0.025012713735786736,0.04852727175124866,0.9264600145129647
26120,LOF,0.03469728698928411,0.02582414557481346,0.9394785674359024
26121,LOF,0.059750363287580634,0.0811224857731222,0.8591271509392971
26122,LOF,0.05522836970703541,0.04827101347906903,0.8965006168138955
