feature0,prediction,LoGoFunc_Neutral,LoGoFunc_GOF,LoGoFunc_LOF
25546,Neutral,0.6339254110496262,0.051254921078696114,0.31481966787167764
25547,Neutral,0.5353177794605364,0.08210567323817182,0.3825765473012918
25548,Neutral,0.5273646424777576,0.07243137681049644,0.40020398071174607
25549,Neutral,0.4648291024478665,0.07407434448770248,0.46109655306443104
25550,LOF,0.40093490430619777,0.08692542079465479,0.5121396748991475
25551,LOF,0.3581353398830491,0.10234125857164061,0.5395234015453103
25552,LOF,0.3221562202192038,0.10974997843056745,0.5680938013502288
25553,Neutral,0.7893739610965378,0.046346605724418295,0.16427943317904395
25554,LOF,0.3566782957765711,0.10026918169163143,0.5430525225317976
25555,LOF,0.3097820784961804,0.09429924049255202,0.5959186810112675
25556,Neutral,0.4898113471279796,0.08285609106226417,0.42733256180975626
25557,LOF,0.2960040674801022,0.09888988817496429,0.6051060443449334
25558,LOF,0.3601308657272523,0.09308533459980654,0.5467837996729411
25559,LOF,0.23681071805318601,0.05784821865157696,0.7053410632952369
25560,LOF,0.09927863105809519,0.1462284529186906,0.7544929160232143
25561,LOF,0.1123141274532979,0.19687603816459032,0.6908098343821117
25562,LOF,0.04161053385135288,0.11725780303169808,0.8411316631169491
25563,LOF,0.010154232902421633,0.1779155791549107,0.8119301879426677
25564,LOF,0.09052528747388344,0.11186976433664587,0.7976049481894706
25565,LOF,0.1967114060008362,0.14799724935409705,0.6552913446450667
25566,GOF,0.0590253836208463,0.6558686566891367,0.2851059596900169
25567,LOF,0.05155742640062226,0.1501145326398238,0.7983280409595539
25568,LOF,0.06093617877981164,0.09081519731080344,0.8482486239093849
25569,LOF,0.06276010843563912,0.08622584227461966,0.8510140492897412
25570,LOF,0.02696008735792022,0.12926341333687777,0.843776499305202
25571,LOF,0.025936707201122195,0.13595809530069963,0.8381051974981781
25572,LOF,0.05378885151490819,0.177018432059364,0.7691927164257277
25573,LOF,0.06073499901093233,0.11251698973683127,0.8267480112522363
25574,LOF,0.06980810045504492,0.2236070096435089,0.7065848899014462
25575,LOF,0.023958802025514644,0.16125528778948958,0.8147859101849958
25576,LOF,0.022142231031577378,0.22486268032254572,0.7529950886458769
25577,LOF,0.027330402717561406,0.16605143012187257,0.8066181671605659
25578,LOF,0.3111758695362116,0.0963337391314911,0.5924903913322973
25579,LOF,0.2252271099631819,0.0983059782266893,0.6764669118101289
25580,LOF,0.024660792374128132,0.09616398928334007,0.8791752183425318
25581,LOF,0.048024337792470236,0.09040574655166161,0.861569915655868
25582,LOF,0.047761889110169,0.08854596777576931,0.8636921431140617
25583,LOF,0.02882407674648122,0.10800647049410309,0.8631694527594158
25584,Neutral,0.7114790896775893,0.11956419304703297,0.1689567172753777
25585,LOF,0.02102183206893286,0.18975482269896632,0.7892233452321009
25586,LOF,0.02090454432738178,0.11415426023022666,0.8649411954423916
25587,LOF,0.02048766378993296,0.10156736009902084,0.8779449761110463
25588,LOF,0.024651559209915446,0.09735809343441812,0.8779903473556664
25589,Neutral,0.5292280602833467,0.22250220556762107,0.24826973414903222
25590,LOF,0.05128014923510883,0.12437158974385482,0.8243482610210363
25591,LOF,0.08229327564066076,0.08460539738507909,0.8331013269742602
25592,LOF,0.06525583576301223,0.16755918360777336,0.7671849806292144
25593,LOF,0.11102409060967962,0.2798478937464543,0.6091280156438661
25594,LOF,0.058461650817212496,0.04485152387176492,0.8966868253110226
25595,LOF,0.05791021380677736,0.029004227504935746,0.9130855586882869
25596,LOF,0.12999549573251243,0.02168959570411719,0.8483149085633704
25597,LOF,0.08864280690548562,0.022761875969144457,0.8885953171253699
25598,LOF,0.05405273155141148,0.029014095760210037,0.9169331726883785
25599,LOF,0.025601234315783445,0.3590789730770417,0.6153197926071747
25600,LOF,0.1620130339618093,0.35881907940625224,0.47916788663193854
25601,LOF,0.050715992959415986,0.26333899204607075,0.6859450149945133
25602,LOF,0.028701756311237267,0.0756151776453967,0.895683066043366
25603,LOF,0.05115977918619673,0.06449970908097565,0.8843405117328277
25604,LOF,0.050379402739817655,0.1310329444253041,0.8185876528348782
25605,LOF,0.035049334264863494,0.2334714188061974,0.7314792469289391
25606,Neutral,0.4553837376718557,0.2145377200683963,0.3300785422597479
25607,LOF,0.030885195956042968,0.2763645334367705,0.6927502706071865
25608,LOF,0.03699639838572315,0.13018392936038278,0.8328196722538941
25609,GOF,0.15047098181649207,0.551213753298777,0.2983152648847309
25610,LOF,0.017920510505538924,0.05942968146283321,0.9226498080316279
25611,LOF,0.013173585256387647,0.0600439370246252,0.9267824777189871
25612,LOF,0.049753011647984915,0.0662101233796217,0.8840368649723934
25613,LOF,0.04906518888787097,0.06109863689356157,0.8898361742185673
25614,LOF,0.02454746282554232,0.05534899591490698,0.9201035412595506
25615,LOF,0.0408411162749185,0.054089867101377996,0.9050690166237034
25616,LOF,0.06009757799614731,0.06052798774785146,0.8793744342560011
25617,LOF,0.04760806212783275,0.0675767635360609,0.8848151743361063
25618,LOF,0.04881893786439768,0.09586899701392979,0.8553120651216726
25619,LOF,0.014213548580284658,0.07405330753672244,0.9117331438829929
25620,LOF,0.054107494575570306,0.06332107358746528,0.8825714318369644
25621,LOF,0.0633097277686942,0.04742605079087944,0.8892642214404263
25622,LOF,0.0807169714566079,0.05793571996933026,0.8613473085740619
25623,LOF,0.06303229346154066,0.054701765351260895,0.8822659411871984
25624,LOF,0.021198380157390038,0.06177267804998142,0.9170289417926285
25625,LOF,0.06368313998211016,0.05698593222320721,0.8793309277946827
25626,LOF,0.05442631849351493,0.05736278537756098,0.8882108961289241
25627,Neutral,0.8792100718634989,0.025206845537983375,0.09558308259851768
25628,LOF,0.1695978680459721,0.07453092654877205,0.7558712054052558
25629,LOF,0.07750557185446227,0.07003822110826112,0.8524562070372766
25630,LOF,0.26146882113830155,0.08076094581397811,0.6577702330477203
25631,Neutral,0.5329196755599802,0.06444888490998592,0.40263143953003394
25632,LOF,0.03254335121565951,0.09847696607319105,0.8689796827111496
25633,LOF,0.23726696061384497,0.07264500325178362,0.6900880361343714
25634,LOF,0.045330438944986035,0.1169778612415654,0.8376916998134485
25635,LOF,0.04045627018386424,0.06059777834476503,0.8989459514713707
25636,GOF,0.02962412010605516,0.5667242384765896,0.40365164141735527
25637,GOF,0.052164095531695646,0.532606515289703,0.4152293891786013
25638,GOF,0.025867484203259815,0.49484547313473093,0.4792870426620093
25639,LOF,0.03519888404295975,0.454358006079432,0.5104431098776082
25640,Neutral,0.8615063547201498,0.07732999383161035,0.06116365144823994
25641,LOF,0.11315178426559089,0.4242156798793907,0.4626325358550183
25642,LOF,0.09357149007631772,0.17961350274664878,0.7268150071770334
25643,LOF,0.34077201561689363,0.12198459042829671,0.5372433939548097
25644,GOF,0.010012449849716741,0.6773006639776797,0.3126868861726036
25645,GOF,0.010769478041185044,0.6417076973028687,0.34752282465594625
25646,LOF,0.023775381919370397,0.4728801098860189,0.5033445081946106
25647,LOF,0.010897815914138353,0.3582276908553215,0.6308744932305401
25648,LOF,0.011961360728853366,0.4374671865907716,0.5505714526803751
25649,LOF,0.008172473062227875,0.34449910066506034,0.6473284262727118
25650,GOF,0.021717668170770345,0.6337255992556764,0.3445567325735532
25651,LOF,0.009559590856848262,0.4426678138237649,0.5477725953193868
25652,LOF,0.01301258844276826,0.4746206646514916,0.51236674690574
25653,GOF,0.038192921484091674,0.62286327927838,0.3389437992375283
25654,LOF,0.010746231125131223,0.3486932698179073,0.6405604990569614
25655,GOF,0.10339019269405593,0.6292903344319817,0.26731947287396246
25656,LOF,0.33627837390526666,0.13609493202443726,0.527626694070296
25657,LOF,0.0460812450302316,0.1290126476976937,0.8249061072720747
25658,LOF,0.3022312269034756,0.18223348721904553,0.515535285877479
25659,Neutral,0.5121528442888954,0.1729357712221436,0.31491138448896105
25660,LOF,0.022067147660326823,0.10313369755499696,0.8747991547846763
25661,LOF,0.06735904197320335,0.06672432041342242,0.8659166376133742
25662,LOF,0.02933240439104802,0.039762914423944966,0.930904681185007
25663,LOF,0.03170197987621483,0.03832028978883128,0.9299777303349539
25664,LOF,0.10501904050841315,0.06725601831947933,0.8277249411721075
25665,LOF,0.0642643874805063,0.028565755862043022,0.9071698566574506
25666,LOF,0.07023499399318506,0.05131796744709977,0.8784470385597151
25667,LOF,0.06351444520885866,0.042744282190039465,0.8937412726011018
25668,LOF,0.03201847289328902,0.05175687376562425,0.9162246533410867
25669,LOF,0.02352376268755454,0.048912946233932816,0.9275632910785127
25670,LOF,0.1132845048924255,0.043021453612291836,0.8436940414952826
25671,LOF,0.09411274551196458,0.04079208900864872,0.8650951654793867
25672,LOF,0.0539481233060119,0.04177231750973295,0.9042795591842552
25673,LOF,0.09344341370786023,0.04215329727482296,0.8644032890173168
25674,LOF,0.0925813465564626,0.05561179304506963,0.8518068603984678
25675,LOF,0.08508512435087245,0.0697360599751112,0.8451788156740163
25676,LOF,0.017310734004391853,0.06078784044996086,0.9219014255456474
25677,LOF,0.017149452646047125,0.08241567282140114,0.9004348745325517
25678,LOF,0.17750143153142947,0.09633788780430667,0.7261606806642638
25679,LOF,0.10901982436673735,0.09768710527913384,0.7932930703541288
25680,LOF,0.02508483745421034,0.12744283032588824,0.8474723322199014
25681,LOF,0.03891726370522537,0.11608959141646501,0.8449931448783097
25682,LOF,0.11086675031122509,0.07063820786404591,0.818495041824729
25683,LOF,0.09962381273828194,0.08993892582700248,0.8104372614347156
25684,LOF,0.02824238181993659,0.061251535916334136,0.9105060822637293
25685,LOF,0.11705934605817983,0.07688814162421598,0.8060525123176042
25686,LOF,0.06956255223421584,0.11868611624796097,0.8117513315178232
25687,LOF,0.11792890490983336,0.1210823184095753,0.7609887766805913
25688,LOF,0.4205659152104321,0.034748538495523666,0.5446855462940442
25689,LOF,0.27768751895008686,0.04631942673299598,0.675993054316917
25690,LOF,0.3668944934281691,0.029236372945658656,0.6038691336261722
25691,Neutral,0.7001918153717532,0.028711091279522254,0.27109709334872445
25692,LOF,0.35061979154380946,0.013413092801051251,0.6359671156551392
25693,LOF,0.046293270244342495,0.47077430461411773,0.4829324251415397
25694,LOF,0.11777059303500911,0.017148936316485425,0.8650804706485056
25695,LOF,0.10472045992362103,0.010668392506021343,0.8846111475703576
25696,LOF,0.11917364739486497,0.013311990837413941,0.8675143617677212
25697,LOF,0.059937876992657534,0.12234325112338433,0.8177188718839582
25698,LOF,0.24678615296299067,0.2604339863068737,0.4927798607301356
25699,LOF,0.4535175150976876,0.044142598577421,0.5023398863248913
25700,LOF,0.06506881329430726,0.013127175706830458,0.9218040109988622
25701,LOF,0.1772231703462952,0.040872730279528036,0.7819040993741767
25702,GOF,0.2112811062133024,0.6328287377533683,0.15589015603332929
25703,LOF,0.017252659624032298,0.16640821360010058,0.8163391267758671
25704,LOF,0.03615540173273759,0.1455589132998684,0.818285684967394
25705,LOF,0.04120347867564713,0.07213104579324449,0.8866654755311084
25706,LOF,0.12159131043263537,0.42693224310295896,0.4514764464644057
25707,LOF,0.09064424701208477,0.361790741031189,0.5475650119567261
25708,LOF,0.04669825079916866,0.34296115485680545,0.6103405943440259
25709,LOF,0.07990506094648783,0.030016289471778944,0.8900786495817333
25710,LOF,0.015122205201837552,0.13148187668589828,0.8533959181122642
25711,LOF,0.021648765080806227,0.06378858979438519,0.9145626451248086
25712,LOF,0.01734096545054421,0.16341719629375617,0.8192418382556996
25713,LOF,0.01905947759243533,0.05834479215208522,0.9225957302554795
25714,LOF,0.08546705572148157,0.043690765438766196,0.8708421788397522
25715,LOF,0.011668588129116428,0.08856981198979803,0.8997615998810855
25716,LOF,0.011293614731019148,0.08403735924305389,0.904669026025927
25717,LOF,0.017269003734672054,0.053833005397857,0.928897990867471
25718,LOF,0.011629042817580914,0.03852824163636313,0.9498427155460559
25719,LOF,0.021146810279665702,0.05425643156149998,0.9245967581588342
25720,LOF,0.02716320479392662,0.03816919275577638,0.934667602450297
25721,LOF,0.011652323786565019,0.05144156742795955,0.9369061087854755
25722,LOF,0.013300932071840127,0.044036728977022814,0.942662338951137
25723,LOF,0.026651413229851702,0.030660364564499866,0.9426882222056485
25724,LOF,0.032961688391286735,0.05853459746429444,0.9085037141444189
25725,LOF,0.011496872746793549,0.05332296114310495,0.9351801661101016
25726,LOF,0.018036730742839412,0.059993482831003545,0.921969786426157
25727,LOF,0.01377100690666718,0.04403152155942228,0.9421974715339106
25728,LOF,0.01052792982283213,0.058003068483993295,0.9314690016931746
25729,LOF,0.010690252618682516,0.056929002927123815,0.9323807444541937
25730,LOF,0.014627863398178372,0.05957898133995029,0.9257931552618713
25731,LOF,0.020850610075300268,0.07806074078493593,0.9010886491397638
25732,LOF,0.013291329141635095,0.03995060497706124,0.9467580658813036
25733,LOF,0.014023595781935676,0.04538796210816197,0.9405884421099023
25734,LOF,0.01239759514001617,0.10308721081858338,0.8845151940414003
25735,LOF,0.010931252421894053,0.04476978127799294,0.944298966300113
25736,LOF,0.012489017294327892,0.050758238751445924,0.9367527439542261
25737,LOF,0.012388421254436049,0.07678134906650133,0.9108302296790626
25738,LOF,0.012301430664164885,0.08465077512953671,0.9030477942062984
25739,LOF,0.021681029873431203,0.05664719218455546,0.9216717779420133
25740,LOF,0.03164304553219871,0.10335216165025089,0.8650047928175503
25741,LOF,0.015239940895422086,0.08903402264455144,0.8957260364600265
25742,LOF,0.12789464239341314,0.06421256497379187,0.8078927926327951
25743,LOF,0.04092380199827863,0.049740910661008365,0.9093352873407131
25744,Neutral,0.623906025955686,0.20800086244803548,0.1680931115962785
25745,LOF,0.06522399677223766,0.07243494445795433,0.862341058769808
25746,LOF,0.044979867000294285,0.10046200882926154,0.8545581241704442
25747,LOF,0.018402050217273175,0.09542875427825795,0.8861691955044688
25748,LOF,0.11663754706775561,0.1611157717234699,0.7222466812087744
25749,LOF,0.029590031536394144,0.09434055364897168,0.8760694148146342
25750,LOF,0.07528499347569988,0.10867360491635984,0.8160414016079404
25751,LOF,0.10809393673910195,0.1177038009344172,0.7742022623264808
25752,GOF,0.12834997082723376,0.6312997152202712,0.24035031395249487
25753,LOF,0.030687601418486685,0.37140849048139596,0.5979039081001173
25754,GOF,0.01786629839472068,0.7996712797713815,0.18246242183389777
25755,LOF,0.033834040315633244,0.366729700401237,0.5994362592831298
25756,LOF,0.06757451208667657,0.4295252901046158,0.5029001978087075
25757,GOF,0.02091440123885607,0.8803844277253042,0.09870117103583963
25758,GOF,0.027833180155420367,0.8006999320728911,0.1714668877716886
25759,GOF,0.012339003745604362,0.6588541482276598,0.3288068480267359
25760,LOF,0.017602870746156286,0.36011981091834533,0.6222773183354984
25761,GOF,0.2809460803985576,0.6330564256471807,0.08599749395426173
25762,LOF,0.05402859273989112,0.3620451482468139,0.583926259013295
25763,LOF,0.01688119179678658,0.2571395115602933,0.72597929664292
25764,GOF,0.07377350256831754,0.7009667205869359,0.22525977684474663
25765,GOF,0.034674736486548376,0.7675785687378188,0.19774669477563275
25766,GOF,0.07909462172531058,0.7680118507852269,0.1528935274894625
25767,LOF,0.14120330940916842,0.387209926403993,0.4715867641868386
25768,LOF,0.10767452931620994,0.036094354060529105,0.8562311166232609
25769,LOF,0.05670076669457872,0.06606728556873277,0.8772319477366886
25770,LOF,0.33663923450810296,0.1051779065291654,0.5581828589627317
25771,LOF,0.06883880566608261,0.05008728463351382,0.8810739097004036
25772,LOF,0.02060333987654424,0.05014305742689528,0.9292536026965604
25773,LOF,0.06429298421693092,0.07391025773996722,0.8617967580431019
25774,LOF,0.03123105422201783,0.11468663033771635,0.8540823154402658
25775,LOF,0.06923865210407612,0.05663045578799886,0.8741308921079249
25776,LOF,0.07792101317358834,0.03452060912384406,0.8875583777025676
25777,LOF,0.330972442898548,0.08842866225545314,0.5805988948459989
25778,LOF,0.07473022671586031,0.04750730571950864,0.877762467564631
25779,GOF,0.42704973012413683,0.5310664718918297,0.041883797984033556
25780,GOF,0.3449385260128695,0.5783057638161475,0.07675571017098308
25781,GOF,0.12761658868647854,0.7640496233119647,0.10833378800155677
25782,GOF,0.216398306287737,0.7092693953737804,0.07433229833848261
25783,GOF,0.02385794778832476,0.6686362864569337,0.3075057657547415
25784,Neutral,0.5344732426387229,0.42379412278695866,0.04173263457431848
25785,Neutral,0.5210314800674286,0.42731174488942575,0.051656775043145704
25786,GOF,0.04017534544845182,0.7056557566805688,0.2541688978709794
25787,Neutral,0.6909626646418237,0.2797900790958839,0.029247256262292385
25788,LOF,0.05945218691552723,0.08765556388886846,0.8528922491956042
25789,GOF,0.20193734274209107,0.6601430967756168,0.1379195604822922
25790,GOF,0.2638495326239811,0.6446142308230667,0.09153623655295223
25791,GOF,0.15634055336620473,0.6606434804429633,0.183015966190832
25792,GOF,0.3722323254732317,0.49256357891988317,0.13520409560688523
25793,GOF,0.301620341195681,0.4568451062871343,0.24153455251718473
25794,GOF,0.2889437923752914,0.48116196509890036,0.22989424252580828
25795,GOF,0.07005621620697412,0.6966476634431634,0.2332961203498625
25796,Neutral,0.5241848950794429,0.39608079177106187,0.07973431314949515
25797,GOF,0.09352742691940949,0.5516332365400198,0.35483933654057065
25798,GOF,0.010585988125268814,0.5097067380648512,0.47970727380987993
25799,LOF,0.008298239223902602,0.4418624263416861,0.5498393344344114
25800,GOF,0.045866995123147514,0.6230556711038941,0.3310773337729582
25801,GOF,0.2688524038663747,0.6290322258086655,0.10211537032495978
25802,GOF,0.08652876113958509,0.6562272782017874,0.2572439606586274
25803,GOF,0.05403290524974796,0.5692088579480445,0.3767582368022076
25804,GOF,0.04641943681194747,0.4872012180386779,0.4663793451493747
25805,GOF,0.13993772846299646,0.5620795508216073,0.29798272071539617
25806,GOF,0.1545432809431773,0.5836183612163155,0.2618383578405073
25807,GOF,0.022811496057851103,0.6176164013921428,0.35957210255000605
25808,GOF,0.13266439300597874,0.5652708064998004,0.3020648004942208
25809,GOF,0.0196812178257315,0.5961721481822025,0.38414663399206594
25810,GOF,0.021019153791719793,0.5919879495462709,0.3869928966620093
25811,Neutral,0.49713276778145465,0.4299023241829623,0.07296490803558309
25812,GOF,0.03811721383248015,0.6030414475765987,0.3588413385909212
25813,Neutral,0.5611807952109296,0.32274835438057886,0.11607085040849155
25814,GOF,0.1275586515632419,0.6340557084564415,0.23838563998031667
25815,GOF,0.2378494378883816,0.5677123513793401,0.19443821073227832
25816,GOF,0.019749217236222204,0.6800155314865814,0.30023525127719636
25817,GOF,0.19850351424442533,0.6760718192340514,0.12542466652152334
25818,GOF,0.047509583502522545,0.5281129657179434,0.4243774507795339
25819,GOF,0.38631057545645897,0.4460237644782107,0.16766566006533024
25820,GOF,0.20638360052736404,0.5715931125685909,0.22202328690404502
25821,GOF,0.06597746577885194,0.6506975592529779,0.2833249749681701
25822,GOF,0.25958454318366014,0.503529444959145,0.2368860118571949
25823,LOF,0.03398717767650693,0.45398273575144943,0.5120300865720437
25824,GOF,0.08589581447197692,0.49124567968204746,0.42285850584597573
25825,GOF,0.03290764222714399,0.498778230577237,0.4683141271956191
25826,LOF,0.011427811971477322,0.46066794887833235,0.5279042391501904
25827,GOF,0.021621170785193343,0.5449061674881162,0.4334726617266905
25828,LOF,0.013154228803180906,0.4750360453188491,0.5118097258779701
25829,GOF,0.006064098469184833,0.5228893906084608,0.47104651092235444
25830,LOF,0.04124469040331024,0.29281013512405063,0.6659451744726391
25831,GOF,0.15580614792413092,0.725537967858132,0.11865588421773722
25832,GOF,0.03437491062139516,0.6617366293761459,0.303888460002459
25833,GOF,0.1307059743331494,0.6652842862063502,0.20400973946050044
25834,GOF,0.04028023363405103,0.6598881045018493,0.2998316618640997
25835,GOF,0.09720422708093253,0.6455226128552433,0.2572731600638242
25836,GOF,0.05309464565409847,0.634026314670243,0.3128790396756586
25837,GOF,0.023309203017477565,0.5023284815340477,0.4743623154484747
25838,GOF,0.10226475848711988,0.6978041677987343,0.19993107371414567
25839,GOF,0.3420967024587923,0.5127920287095377,0.14511126883167016
25840,GOF,0.23699122055304958,0.5588105904840083,0.20419818896294212
25841,GOF,0.257999491630485,0.553638266372017,0.1883622419974981
25842,GOF,0.18136039950996516,0.6114961516641484,0.20714344882588653
25843,GOF,0.2492758748127881,0.6123743664232802,0.13834975876393166
25844,GOF,0.06063053380480341,0.6299451456806505,0.3094243205145461
25845,LOF,0.012730942778470668,0.45657720083945197,0.5306918563820774
25846,GOF,0.0952362821104638,0.7256121323624373,0.1791515855270991
25847,GOF,0.132181933471298,0.6924168352226494,0.17540123130605267
25848,GOF,0.03526365750557857,0.6379161000908921,0.32682024240352936
25849,GOF,0.01016369805804189,0.5280048567624931,0.461831445179465
25850,GOF,0.02655058220549723,0.5804357932856408,0.393013624508862
25851,LOF,0.020611751265679854,0.48848203104353755,0.49090621769078263
25852,GOF,0.1412662210036471,0.5693876840259363,0.2893460949704166
25853,GOF,0.3547285282168345,0.5668009728935068,0.07847049888965854
25854,GOF,0.016923299335408648,0.6457649740014593,0.33731172666313214
25855,GOF,0.039895277458246614,0.6069629829432667,0.3531417395984868
25856,GOF,0.24969970124752525,0.5487474997001974,0.20155279905227733
25857,GOF,0.03616040455740186,0.5246012058693982,0.43923838957319994
25858,GOF,0.017937771442160796,0.569509507367777,0.4125527211900624
25859,GOF,0.009106801064421398,0.5608911673610482,0.43000203157453054
25860,GOF,0.37263987028561346,0.5359861597030063,0.09137397001138034
25861,GOF,0.37882909102650425,0.5423325564853125,0.07883835248818333
25862,GOF,0.09397388937646736,0.7620742850855329,0.14395182553799973
25863,GOF,0.09454247206682634,0.7757884583892859,0.12966906954388782
25864,GOF,0.18146242689370104,0.7334407218638913,0.08509685124240769
25865,GOF,0.07657954410617919,0.7817531803770554,0.1416672755167654
25866,GOF,0.06491383621319158,0.7902447886685302,0.1448413751182781
25867,GOF,0.08456250873489482,0.7893347086030146,0.12610278266209057
25868,GOF,0.26011258552382394,0.625170238539848,0.11471717593632799
25869,Neutral,0.6919606585554962,0.2675956805743159,0.04044366087018811
25870,LOF,0.3062277013647798,0.25166651865489664,0.4421057799803234
25871,GOF,0.23869486176559399,0.6228841348388076,0.13842100339559835
25872,GOF,0.09732593899978961,0.6192551711781829,0.2834188898220274
25873,GOF,0.19055348046899898,0.6127854235242067,0.1966610960067943
25874,LOF,0.022153486286738345,0.09434752194891168,0.8834989917643499
25875,LOF,0.08036459243545625,0.056086954326844386,0.8635484532376994
25876,LOF,0.022784605968633853,0.06747499789482167,0.9097403961365443
25877,Neutral,0.5219477972095287,0.052434338257695425,0.42561786453277584
25878,LOF,0.2031599643114876,0.10786442337456385,0.6889756123139485
25879,LOF,0.09425090813751977,0.13550795263020665,0.7702411392322734
25880,LOF,0.02337967609565405,0.02156015216396627,0.9550601717403797
25881,LOF,0.2084794829490195,0.21903851751229472,0.5724819995386858
25882,LOF,0.08526504719210172,0.026418239028647348,0.8883167137792508
25883,LOF,0.08982217483648755,0.03782608547925959,0.872351739684253
25884,LOF,0.047301969596840646,0.04653225279685808,0.9061657776063012
25885,LOF,0.07650657837983614,0.01978732074219616,0.9037061008779677
25886,LOF,0.3888816984915517,0.08787478506248769,0.5232435164459606
25887,LOF,0.18630802545689665,0.13290162745650258,0.6807903470866008
25888,LOF,0.06664860965377549,0.11380531666826518,0.8195460736779593
25889,LOF,0.04877840844782669,0.03974577177415276,0.9114758197780206
25890,LOF,0.053953389457296906,0.16482630521817337,0.7812203053245297
25891,LOF,0.04669375025118952,0.07545320718614569,0.8778530425626648
25892,LOF,0.11855006897604219,0.022526715724191796,0.858923215299766
25893,LOF,0.30390025124443243,0.016047383316123227,0.6800523654394444
25894,LOF,0.18588510917638906,0.009616630960263033,0.8044982598633479
25895,LOF,0.23271003335196216,0.019845531954326857,0.747444434693711
25896,LOF,0.05324008373755437,0.023523434011388757,0.9232364822510569
25897,LOF,0.25564282449700565,0.01583251105776612,0.7285246644452282
25898,Neutral,0.7238340747140195,0.011419911920438282,0.2647460133655422
25899,LOF,0.3259112652958313,0.040640218884537935,0.6334485158196307
25900,LOF,0.4530548811615842,0.017258610554752807,0.5296865082836629
25901,LOF,0.06901470167004983,0.014228321194718136,0.9167569771352322
25902,LOF,0.20633762384182117,0.011618638042300249,0.7820437381158785
25903,Neutral,0.5797582974877782,0.029811438718883768,0.3904302637933381
25904,LOF,0.29472541269168323,0.04986420537353189,0.6554103819347848
25905,LOF,0.02208668204219336,0.316277155131279,0.6616361628265277
25906,LOF,0.02498037945652607,0.07509022012352264,0.8999294004199512
25907,LOF,0.013778528511304833,0.31627414553576844,0.6699473259529267
25908,LOF,0.011694245193735311,0.22155674449133994,0.7667490103149246
25909,LOF,0.013132368453626454,0.16051236587022297,0.8263552656761506
25910,LOF,0.05409716981174524,0.11965847477661323,0.8262443554116414
25911,LOF,0.11837369334037215,0.033239080821947056,0.8483872258376808
25912,LOF,0.03423259120902784,0.07117365855380878,0.8945937502371634
25913,LOF,0.2525425187296178,0.023863443530471828,0.7235940377399103
25914,LOF,0.02643461135536484,0.13652698279504893,0.8370384058495863
25915,Neutral,0.4195935918912357,0.21338624395177921,0.3670201641569852
25916,LOF,0.06247728532827553,0.22706959716096506,0.7104531175107595
25917,LOF,0.06719200336945293,0.05916812795262455,0.8736398686779225
25918,LOF,0.032915050617585796,0.08123338840501812,0.885851560977396
25919,LOF,0.02828624169647921,0.08500907515243143,0.8867046831510894
25920,GOF,0.09888939480450659,0.5425362926705546,0.3585743125249389
25921,LOF,0.03443530346047239,0.028102596128744092,0.9374621004107835
25922,LOF,0.04506086906880707,0.018655428307526367,0.9362837026236664
25923,LOF,0.40719785674212144,0.0156684531018249,0.5771336901560536
25924,LOF,0.040609200406562185,0.028082354229255077,0.9313084453641829
25925,LOF,0.07226559796365012,0.02672316055397374,0.901011241482376
25926,LOF,0.05238510548191496,0.016945652332447266,0.9306692421856378
25927,LOF,0.07530256809727456,0.04708171531645698,0.8776157165862685
25928,LOF,0.024766715309585748,0.020648352272861843,0.9545849324175524
25929,Neutral,0.5400761591562714,0.017512139395836786,0.44241170144789194
25930,LOF,0.06768263085438299,0.012686814719793086,0.919630554425824
25931,LOF,0.03430228397244905,0.01826627598131325,0.9474314400462377
25932,LOF,0.03177906187279506,0.014906375769103834,0.9533145623581012
25933,LOF,0.04162170021087769,0.010108527310896002,0.9482697724782263
25934,LOF,0.027855170342756776,0.011424056315167436,0.9607207733420758
25935,LOF,0.06698035158992982,0.0258846309062127,0.9071350175038575
25936,LOF,0.05000703045708968,0.014436839609295028,0.9355561299336154
25937,LOF,0.03635709245626366,0.021161790331911522,0.9424811172118248
25938,LOF,0.06527327269122664,0.029713109560713127,0.9050136177480602
25939,LOF,0.04440406426306523,0.010455720051722382,0.9451402156852123
25940,LOF,0.024159399623907445,0.38210236945643195,0.5937382309196605
25941,LOF,0.14279262993428798,0.08579650783723798,0.7714108622284741
25942,LOF,0.013250655841151399,0.03472400940448633,0.9520253347543622
25943,LOF,0.3232247344038055,0.07156811788630366,0.6052071477098908
25944,Neutral,0.502523727794506,0.03969889052750687,0.4577773816779871
25945,LOF,0.061151496075906885,0.028121520239244586,0.9107269836848485
25946,LOF,0.03530506985997468,0.158444887505146,0.8062500426348793
25947,LOF,0.112107378544581,0.20794579667627464,0.6799468247791444
25948,LOF,0.4179603700724859,0.016799406952646794,0.5652402229748673
25949,LOF,0.0830951588477695,0.07856417163053628,0.8383406695216943
25950,GOF,0.2312007518106591,0.46878123165487456,0.3000180165344664
25951,LOF,0.3011571678460526,0.21171636129652727,0.48712647085742
25952,GOF,0.055317411307274765,0.4724769126662524,0.47220567602647273
25953,LOF,0.15446102456004498,0.1256850891245014,0.7198538863154537
25954,LOF,0.3430434221247905,0.26545677184515365,0.3914998060300559
25955,LOF,0.06155600707524862,0.09028493625684127,0.84815905666791
25956,LOF,0.20498648865960875,0.05919503557258992,0.7358184757678012
25957,LOF,0.05308347083042248,0.025166302370390824,0.9217502267991868
25958,LOF,0.05803071828358562,0.030522374082104748,0.9114469076343097
25959,LOF,0.056879250580197785,0.3590098542133485,0.5841108952064538
25960,LOF,0.02021465111903382,0.05187890450354605,0.9279064443774201
25961,LOF,0.04692150467162742,0.03843241594668662,0.914646079381686
25962,LOF,0.0600652457210917,0.04005982994940744,0.8998749243295008
25963,LOF,0.056737443542477665,0.1843155897820493,0.7589469666754731
25964,LOF,0.03828657557789742,0.15847240284270353,0.8032410215793989
25965,LOF,0.44850638025698636,0.08407634680970687,0.4674172729333067
25966,LOF,0.3862760384436913,0.20360850561405577,0.41011545594225296
25967,LOF,0.01535827351210326,0.08003139689257802,0.9046103295953188
25968,LOF,0.03723031112535663,0.474661839652787,0.4881078492218564
25969,LOF,0.024328963000894318,0.07313504647841272,0.902535990520693
25970,LOF,0.05743767441761725,0.06082828468371519,0.8817340408986676
25971,LOF,0.08031416970478363,0.023421820223022343,0.896264010072194
25972,LOF,0.07902786442226181,0.03502432086822513,0.885947814709513
25973,LOF,0.0806661007834692,0.011595752301635268,0.9077381469148955
25974,LOF,0.261236214774486,0.020860342535753237,0.7179034426897607
25975,LOF,0.052649382792852195,0.03853119176001557,0.9088194254471322
25976,LOF,0.0367305978673448,0.024263146306495093,0.93900625582616
25977,LOF,0.1344681976771613,0.10041390489493683,0.7651178974279018
25978,LOF,0.12131680675280032,0.09836117167714022,0.7803220215700596
25979,LOF,0.12098978906649976,0.09008487788794949,0.7889253330455508
25980,LOF,0.14686655792806969,0.11598593151063635,0.737147510561294
25981,LOF,0.18026781360545846,0.11252743891841621,0.7072047474761253
25982,LOF,0.3656017011240207,0.08397840658227544,0.5504198922937039
25983,LOF,0.35524444769153907,0.07320658310820743,0.5715489692002534
25984,LOF,0.06123150744882508,0.10156080974192785,0.8372076828092472
25985,LOF,0.02148886145889343,0.330013504999957,0.6484976335411495
25986,LOF,0.02976545203151905,0.3161462167226773,0.6540883312458036
25987,LOF,0.09814206180887552,0.11942987975390576,0.7824280584372187
25988,LOF,0.12262179225375103,0.09634461117862604,0.781033596567623
25989,LOF,0.027530508365442755,0.17029658775019005,0.8021729038843672
25990,LOF,0.03973857986728307,0.13889519301530118,0.8213662271174158
25991,GOF,0.10565065568288495,0.5090237376490926,0.3853256066680225
25992,LOF,0.3164073866224257,0.3160894552858403,0.36750315809173395
25993,LOF,0.022385070637774614,0.11934093736631317,0.8582739919959123
25994,LOF,0.015291285698051426,0.1493209227008283,0.8353877916011203
25995,LOF,0.024831777953755935,0.18818076121561642,0.7869874608306276
25996,GOF,0.1783688124652234,0.6279438875765082,0.19368729995826833
25997,GOF,0.06675184757070697,0.6121911867562049,0.3210569656730882
25998,Neutral,0.5723938604623352,0.018196559795070788,0.40940957974259407
25999,LOF,0.14611405515006606,0.18162255484401366,0.6722633900059203
26000,LOF,0.14344538589263714,0.04029861006999818,0.8162560040373646
26001,LOF,0.18316688198874845,0.04067400463066639,0.7761591133805852
26002,LOF,0.14856337676104972,0.053598494905554524,0.7978381283333958
26003,GOF,0.009787642730175355,0.6907326843932897,0.299479672876535
26004,GOF,0.02494999429419636,0.7423033477548271,0.23274665795097654
26005,GOF,0.009622360516520394,0.5993335974423883,0.39104404204109117
26006,Neutral,0.5231553845148571,0.29004805694157165,0.18679655854357127
26007,GOF,0.019755375632214744,0.6393620890367097,0.34088253533107565
26008,GOF,0.02446033143267382,0.6539666560793003,0.321573012488026
26009,GOF,0.0286569166053518,0.7144247758368327,0.25691830755781536
26010,GOF,0.02216596241117823,0.7900737383231224,0.18776029926569926
26011,GOF,0.009353038878659022,0.5640316241140241,0.42661533700731685
26012,GOF,0.020196643753493233,0.6572179050669192,0.3225854511795874
26013,GOF,0.015810083900093495,0.7109667794099975,0.27322313668990905
26014,LOF,0.036298161360793356,0.17890094545189322,0.7848008931873134
26015,LOF,0.16172250586655587,0.010741204757542592,0.8275362893759015
26016,LOF,0.24503523353301976,0.04629440076461827,0.708670365702362
26017,LOF,0.18111355087378492,0.09450877676470192,0.7243776723615132
26018,LOF,0.07726464050298125,0.03769422272317965,0.8850411367738392
26019,LOF,0.07804573131068138,0.028130578867690145,0.8938236898216284
26020,LOF,0.05389844548393098,0.12055403716945605,0.8255475173466129
26021,LOF,0.051622367388290166,0.14987223778042832,0.7985053948312815
26022,LOF,0.009898339413847006,0.07562470881787195,0.914476951768281
26023,LOF,0.11011534103792393,0.026158368374322356,0.8637262905877536
26024,LOF,0.026967740606225064,0.12410273802968162,0.8489295213640934
26025,LOF,0.13800692687948787,0.0853079049658826,0.7766851681546294
26026,LOF,0.297873260962217,0.0178413006728861,0.684285438364897
26027,LOF,0.07520930305760846,0.01944588167273065,0.9053448152696608
26028,LOF,0.16197001438253128,0.09039068636532935,0.7476392992521395
26029,LOF,0.09844172325673885,0.16603355749147702,0.7355247192517841
26030,LOF,0.03348905887017457,0.057096724291856575,0.9094142168379689
26031,LOF,0.04131796666427117,0.13519873906606084,0.823483294269668
26032,LOF,0.08584170073165234,0.04295289095774593,0.8712054083106017
26033,LOF,0.14209120378802642,0.046575215479935615,0.8113335807320379
26034,LOF,0.05626642230227634,0.13563887907128383,0.8080946986264399
26035,LOF,0.04120319972346333,0.11455158042456683,0.8442452198519698
26036,LOF,0.05763641720237336,0.13839373441622832,0.8039698483813983
26037,LOF,0.03421630917197272,0.10281500237616283,0.8629686884518645
26038,LOF,0.08114609917964087,0.039550655600133,0.8793032452202262
26039,LOF,0.07539351990286788,0.12469555486771497,0.7999109252294172
26040,LOF,0.2314618281706822,0.08297858581431627,0.6855595860150017
26041,LOF,0.033534829855522974,0.10018119560621258,0.8662839745382644
26042,LOF,0.03360567542697244,0.09991151283813351,0.8664828117348939
26043,LOF,0.07768137675466882,0.055758544301410716,0.8665600789439204
26044,LOF,0.030283953598104086,0.07117712202098661,0.8985389243809094
26045,LOF,0.09502481291448607,0.09748469887009112,0.8074904882154227
26046,LOF,0.08190668043143436,0.05843931377241934,0.8596540057961463
26047,LOF,0.11280552293123013,0.06447728809682597,0.8227171889719439
26048,LOF,0.053232756708755186,0.05444798966373128,0.8923192536275134
26049,Neutral,0.9518615797125258,0.008114392592384227,0.04002402769509001
26050,Neutral,0.9375350011523762,0.008879266524863639,0.05358573232276022
26051,LOF,0.05028737113940977,0.4320141599513474,0.5176984689092428
26052,GOF,0.06739076643487714,0.471823339869613,0.4607858936955098
26053,LOF,0.06639293879937355,0.20027590871001982,0.7333311524906067
26054,LOF,0.06090474380782209,0.03686974123616254,0.9022255149560153
26055,LOF,0.06928356990564441,0.029003281943394108,0.9017131481509614
26056,LOF,0.062160193719018104,0.03592206803327262,0.9019177382477092
26057,LOF,0.03151416511589294,0.019640327151485525,0.9488455077326216
26058,LOF,0.03174485201291013,0.017026653298412475,0.9512284946886775
26059,LOF,0.27336794032509465,0.04472932140305178,0.6819027382718535
26060,LOF,0.025478105145561276,0.33199283703334376,0.6425290578210949
26061,LOF,0.018068281192491622,0.02554488045941741,0.9563868383480909
26062,LOF,0.011681982521186029,0.039838924276881,0.948479093201933
26063,LOF,0.021955298516085988,0.01955002739402045,0.9584946740898936
26064,LOF,0.024268262788340076,0.02260146023843665,0.9531302769732234
26065,LOF,0.0251360418721432,0.022306193378514628,0.9525577647493422
26066,LOF,0.020613147514281838,0.020589055448599375,0.9587977970371189
26067,LOF,0.026241171236153125,0.016592170518861186,0.9571666582449857
26068,LOF,0.050531707157707995,0.056496868661360576,0.8929714241809315
26069,LOF,0.26729793604641006,0.03390604126539045,0.6987960226881995
26070,LOF,0.38272884052230194,0.022177025796486168,0.5950941336812119
26071,LOF,0.021637185636220146,0.024350055798429943,0.9540127585653501
26072,LOF,0.022016191658221475,0.03484548874705749,0.9431383195947209
26073,LOF,0.023214092636099342,0.01898461580481901,0.9578012915590816
26074,Neutral,0.9165760010085879,0.0074460577375116644,0.07597794125390037
26075,LOF,0.044914053229754516,0.02566904011028223,0.9294169066599631
26076,LOF,0.04185360600991294,0.01647025382352654,0.9416761401665605
26077,LOF,0.009134622118784083,0.039244222557541585,0.9516211553236743
26078,LOF,0.014857383868678447,0.020017654389531805,0.9651249617417899
26079,LOF,0.052794934152226546,0.028979459326889535,0.9182256065208839
26080,LOF,0.052734024838382285,0.02907549730592233,0.9181904778556954
26081,LOF,0.036465671740316785,0.013627413569085388,0.9499069146905977
26082,LOF,0.019778568424259558,0.03121626748916997,0.9490051640865704
26083,LOF,0.14274678404801167,0.019682281200526237,0.8375709347514622
26084,LOF,0.025107650031369746,0.03079066154284845,0.9441016884257819
26085,LOF,0.021806048157873136,0.028192111746691777,0.950001840095435
26086,LOF,0.022148723572920696,0.023164351638143375,0.9546869247889359
26087,LOF,0.02418131287314927,0.016276979117139382,0.9595417080097114
26088,LOF,0.019866542611520325,0.037446769829976745,0.9426866875585029
26089,LOF,0.04725489222929646,0.0345222821640398,0.9182228256066637
26090,LOF,0.0458036007494387,0.0270362671401719,0.9271601321103893
26091,LOF,0.03923536011638266,0.011264037307665769,0.9495006025759516
26092,LOF,0.027200006220023165,0.016821880596253384,0.9559781131837235
26093,LOF,0.0396485100076349,0.011441724209672367,0.9489097657826927
26094,LOF,0.04583131868837143,0.009869868340901632,0.944298812970727
26095,LOF,0.051453829394935,0.02442318572803901,0.9241229848770259
26096,LOF,0.017848031601938433,0.021741975867750254,0.9604099925303115
26097,LOF,0.010429692794931748,0.07535975707750461,0.9142105501275637
26098,LOF,0.07065459573794514,0.024201131557586127,0.9051442727044687
26099,LOF,0.024559930875825392,0.0280997724954013,0.9473402966287734
26100,LOF,0.02644564201329606,0.02666355224370062,0.9468908057430033
26101,LOF,0.05485055449155348,0.024756097834093688,0.9203933476743529
26102,LOF,0.026750015855341383,0.020801930067012014,0.9524480540776467
26103,Neutral,0.8851515465794098,0.030904671651887747,0.0839437817687025
26104,LOF,0.06848531626336658,0.04612929090611461,0.8853853928305189
26105,LOF,0.18762443859799188,0.2668239860076044,0.5455515753944037
26106,LOF,0.16633459429964648,0.13614839849059926,0.6975170072097543
26107,LOF,0.21459024365844545,0.1276372436602746,0.6577725126812799
26108,LOF,0.24257163551193425,0.1496399220099254,0.6077884424781402
26109,LOF,0.07286929014955038,0.15162324156689408,0.7755074682835557
26110,LOF,0.2606707492955717,0.008499364391855564,0.7308298863125726
26111,LOF,0.47454586712080266,0.01599393247476275,0.5094602004044346
26112,LOF,0.03780680619868219,0.008578815699984501,0.9536143781013334
26113,LOF,0.05459780727245066,0.01455142785394684,0.9308507648736024
26114,LOF,0.018000749176986724,0.019476007865376496,0.9625232429576368
26115,LOF,0.09044112522361585,0.030234969833732046,0.8793239049426521
26116,LOF,0.04995313474293164,0.029028457748221406,0.9210184075088469
26117,LOF,0.3714881042809241,0.06158772762152986,0.5669241680975461
26118,LOF,0.03992182528838205,0.03903752302302635,0.9210406516885916
26119,LOF,0.022926730316271616,0.06011202311683625,0.916961246566892
26120,LOF,0.03113790899386137,0.02682465779017545,0.9420374332159631
26121,LOF,0.06188096000466572,0.10428064132736971,0.8338383986679646
26122,LOF,0.05692764625396965,0.0470206638969936,0.8960516898490368
