feature0,prediction,LoGoFunc_Neutral,LoGoFunc_GOF,LoGoFunc_LOF
25546,Neutral,0.6098134688736027,0.05439263683301416,0.33579389429338324
25547,Neutral,0.4694529249593481,0.0941958961898288,0.43635117885082303
25548,Neutral,0.48021756710835495,0.07743517993249459,0.4423472529591503
25549,LOF,0.4155110334731903,0.07932252436565407,0.5051664421611556
25550,LOF,0.34192225237688817,0.10688960958642553,0.5511881380366864
25551,LOF,0.30207178831545173,0.11537050923560736,0.5825577024489409
25552,LOF,0.24672890143249168,0.11639907698830103,0.6368720215792073
25553,Neutral,0.803499244157632,0.042975257779310584,0.15352549806305732
25554,LOF,0.28425846733771576,0.10644859518334336,0.6092929374789409
25555,LOF,0.24181251803736292,0.10368108894904844,0.6545063930135887
25556,LOF,0.4258053792845397,0.0933966257478397,0.4807979949676205
25557,LOF,0.2291360944671116,0.10777710841806191,0.6630867971148263
25558,LOF,0.29524218899044746,0.10519510402454754,0.5995627069850049
25559,LOF,0.17960000393224806,0.1104274881329664,0.7099725079347855
25560,LOF,0.17745672552701638,0.09499458794156385,0.7275486865314197
25561,LOF,0.1618596484648758,0.10246805666362042,0.7356722948715039
25562,LOF,0.08019631964427354,0.08263960786690382,0.8371640724888226
25563,LOF,0.022950900527266414,0.1305981791767441,0.8464509202959896
25564,LOF,0.25486628974331205,0.13056648400503157,0.6145672262516563
25565,LOF,0.20232670174595133,0.1669518569987409,0.6307214412553077
25566,GOF,0.0891087823142313,0.7278602337633521,0.1830309839224166
25567,LOF,0.03858225134467543,0.1344576903986883,0.8269600582566363
25568,LOF,0.06001538921858049,0.07832655992307952,0.8616580508583399
25569,LOF,0.061317496048405196,0.07900046063778231,0.8596820433138125
25570,LOF,0.027824462108514827,0.1083727540121273,0.8638027838793579
25571,LOF,0.027229172249337675,0.10886442138152577,0.8639064063691365
25572,LOF,0.06122905791786102,0.12434713321137543,0.8144238088707635
25573,LOF,0.06424389565760125,0.09494113612150842,0.8408149682208902
25574,LOF,0.06785440976930666,0.19871648581264686,0.7334291044180465
25575,LOF,0.022283722050497883,0.12380872485046504,0.853907553099037
25576,LOF,0.030614766999036834,0.1559293078793649,0.8134559251215981
25577,LOF,0.029696590674963073,0.13363489639491302,0.8366685129301239
25578,LOF,0.3068298139443805,0.08257761597163658,0.6105925700839829
25579,LOF,0.13635758065027945,0.08878165757384072,0.7748607617758797
25580,LOF,0.020042274655221508,0.08734954206713214,0.8926081832776462
25581,LOF,0.056850700286058584,0.07404287536734432,0.8691064243465971
25582,LOF,0.05649471946171021,0.07319470471794931,0.8703105758203405
25583,LOF,0.020743463520952785,0.08625275065690972,0.8930037858221375
25584,Neutral,0.6879182820970757,0.10388782740830631,0.20819389049461792
25585,LOF,0.027380687411407097,0.1355653211449175,0.8370539914436754
25586,LOF,0.01847370728890098,0.07267172734973484,0.9088545653613642
25587,LOF,0.0182210968777907,0.06668639120617605,0.9150925119160332
25588,LOF,0.020097338277615263,0.07688884892282188,0.9030138127995628
25589,Neutral,0.5430614258802404,0.19738649237639325,0.25955208174336636
25590,LOF,0.05279369062575136,0.12139359778163732,0.8258127115926114
25591,LOF,0.10320234666520488,0.060178772059391934,0.8366188812754032
25592,LOF,0.05671913657498962,0.14456624592253217,0.7987146175024781
25593,LOF,0.15273909747083134,0.2599935992354047,0.587267303293764
25594,LOF,0.05358443091944427,0.10727376282156408,0.8391418062589917
25595,LOF,0.05100690079211113,0.07541712288765891,0.8735759763202299
25596,LOF,0.11393504681335459,0.04492837453622796,0.8411365786504176
25597,LOF,0.08429208990613328,0.05183834776891025,0.8638695623249565
25598,LOF,0.05327033010743583,0.08027386377896956,0.8664558061135945
25599,GOF,0.022584885955035272,0.5074701600719663,0.4699449539729984
25600,GOF,0.17576993520034295,0.5171440711011601,0.3070859936984969
25601,LOF,0.03695837009556654,0.4205536142275421,0.5424880156768913
25602,LOF,0.03041307206935158,0.06697846565710008,0.9026084622735484
25603,LOF,0.027286991454023593,0.03467961806207144,0.938033390483905
25604,LOF,0.0326233296796655,0.07485399614572229,0.8925226741746123
25605,LOF,0.031373754720537314,0.19399579513073345,0.7746304501487292
25606,LOF,0.4075199172065174,0.11142556448836147,0.4810545183051211
25607,LOF,0.023067754330477603,0.1888883974386648,0.7880438482308576
25608,LOF,0.037712173964572784,0.0667817785027841,0.8955060475326431
25609,GOF,0.1476240285359355,0.5058415203831755,0.3465344510808889
25610,LOF,0.015382208911491483,0.02816395672050787,0.9564538343680006
25611,LOF,0.012615930064142002,0.03219552275157556,0.9551885471842825
25612,LOF,0.05022334884511616,0.04944558101971285,0.900331070135171
25613,LOF,0.046271177392623465,0.050476483566972936,0.9032523390404035
25614,LOF,0.02076813656708945,0.028252885627090333,0.9509789778058203
25615,LOF,0.04504868794329491,0.049228615611985514,0.9057226964447196
25616,LOF,0.048909791227385216,0.031936971329267594,0.9191532374433472
25617,LOF,0.04066798751710114,0.042930204086552556,0.9164018083963463
25618,LOF,0.051236551199754204,0.041081673108855556,0.9076817756913902
25619,LOF,0.013106494777997116,0.036221010521462337,0.9506724947005405
25620,LOF,0.06227025145588889,0.044902787700711586,0.8928269608433995
25621,LOF,0.05248457993554201,0.0406467581428433,0.9068686619216146
25622,LOF,0.062220438245067344,0.03768043652180717,0.9000991252331255
25623,LOF,0.07440944937815991,0.029612956997242937,0.8959775936245972
25624,LOF,0.0183704289123925,0.03509827412730994,0.9465312969602976
25625,LOF,0.0650289000151699,0.043085431951024884,0.8918856680338052
25626,LOF,0.05029180424889539,0.044625863703903604,0.9050823320472009
25627,Neutral,0.8939155440562594,0.01757653539871716,0.08850792054502336
25628,LOF,0.13533251638859467,0.05827130876425222,0.8063961748471531
25629,LOF,0.06073898695336913,0.04791466808460179,0.8913463449620291
25630,LOF,0.2680295358312542,0.07456858662578669,0.6574018775429592
25631,Neutral,0.552326217243581,0.05507899403768591,0.39259478871873316
25632,LOF,0.027458588021525836,0.06801603338660868,0.9045253785918654
25633,LOF,0.19713566673054506,0.03570716800096431,0.7671571652684906
25634,LOF,0.03164806554083124,0.08044770513114712,0.8879042293280217
25635,LOF,0.03471407323595694,0.04471542519268364,0.9205705015713593
25636,LOF,0.0355977269040774,0.43501181520696147,0.5293904578889612
25637,LOF,0.06762697535187752,0.4521104606852877,0.48026256396283484
25638,LOF,0.031701998842799076,0.28847524788037915,0.6798227532768218
25639,LOF,0.030353935230999652,0.3188317507151088,0.6508143140538916
25640,Neutral,0.8304140863800961,0.1262615859188506,0.04332432770105337
25641,GOF,0.05964282049411572,0.47110075203354596,0.4692564274723383
25642,LOF,0.037040098170498394,0.17296800785294247,0.7899918939765591
25643,LOF,0.2266263364626985,0.17658281517491134,0.5967908483623902
25644,LOF,0.021538669916859533,0.47179607170702725,0.5066652583761131
25645,LOF,0.023917895588562985,0.41516309365090937,0.5609190107605277
25646,LOF,0.057118440450774965,0.3322330212542533,0.6106485382949717
25647,LOF,0.024922612199637276,0.2640113772698358,0.7110660105305269
25648,LOF,0.038149849526190265,0.25524666509019056,0.7066034853836193
25649,LOF,0.018411827282645944,0.2387720244531872,0.7428161482641668
25650,LOF,0.05219138917678432,0.41675873780323974,0.531049873019976
25651,LOF,0.017984234269244267,0.264993242187588,0.7170225235431678
25652,LOF,0.03570627789622005,0.2606759370558597,0.7036177850479203
25653,LOF,0.08801813690404854,0.41910336850286917,0.4928784945930823
25654,LOF,0.027506526704995,0.20732332373338835,0.7651701495616166
25655,GOF,0.24010783988645656,0.38844146620356657,0.3714506939099768
25656,LOF,0.2675699275336679,0.051716517133756294,0.6807135553325759
25657,LOF,0.06951856582305463,0.053668718117990094,0.8768127160589554
25658,LOF,0.318370206886009,0.07320063557273482,0.6084291575412561
25659,Neutral,0.5385474858002157,0.10456017434909137,0.356892339850693
25660,LOF,0.021757569545361368,0.08747452383038705,0.8907679066242515
25661,LOF,0.08621683143042434,0.06703097608589804,0.8467521924836776
25662,LOF,0.03244291279173164,0.03695969537444669,0.9305973918338216
25663,LOF,0.0424377759926128,0.048797408768395105,0.908764815238992
25664,LOF,0.14277335158148627,0.0664121220210711,0.7908145263974425
25665,LOF,0.05386723570208977,0.03222043145554785,0.9139123328423623
25666,LOF,0.09078980253680452,0.07562272388816559,0.8335874735750299
25667,LOF,0.06594197631350332,0.039383682732915565,0.8946743409535811
25668,LOF,0.03542668765683087,0.051774158658202285,0.9127991536849669
25669,LOF,0.03081967962903646,0.052245342385028974,0.9169349779859346
25670,LOF,0.14544276115679852,0.06424747182557335,0.7903097670176282
25671,LOF,0.0997976731139802,0.03625869914600316,0.8639436277400167
25672,LOF,0.0508354019560102,0.0457586062853056,0.9034059917586842
25673,LOF,0.07409850470131697,0.052744414596227855,0.8731570807024551
25674,LOF,0.062274882770390616,0.060728912695162236,0.876996204534447
25675,LOF,0.12062322319922601,0.05689975742890214,0.8224770193718719
25676,LOF,0.017877622134562426,0.05303988437202188,0.9290824934934157
25677,LOF,0.02483614558618885,0.07084003961709154,0.9043238147967195
25678,LOF,0.19945918838661011,0.06235121266688028,0.7381895989465097
25679,LOF,0.11735996639477589,0.08489821056549808,0.797741823039726
25680,LOF,0.03407097114070412,0.10784030259095186,0.858088726268344
25681,LOF,0.05391230475744076,0.10560191847145739,0.8404857767711019
25682,LOF,0.13378575559972852,0.07949251264696401,0.7867217317533074
25683,LOF,0.1103699819736657,0.08977504930013015,0.7998549687262041
25684,LOF,0.04263656719183954,0.07513391662762385,0.8822295161805367
25685,LOF,0.12417752645262407,0.046374432741326264,0.8294480408060496
25686,LOF,0.08339968288401332,0.08499090216347915,0.8316094149525076
25687,LOF,0.10271089307332323,0.09419790410143113,0.8030912028252456
25688,LOF,0.3019759371351557,0.0394898917501636,0.6585341711146808
25689,LOF,0.2268017670780742,0.04196085886869089,0.731237374053235
25690,LOF,0.35169336124752776,0.029212803552576633,0.6190938351998957
25691,Neutral,0.6813363481957554,0.022852544461566596,0.29581110734267796
25692,LOF,0.3041147912850758,0.011385255272278584,0.6844999534426457
25693,LOF,0.0499420291801584,0.4538293765715656,0.49622859424827614
25694,LOF,0.10964113269984177,0.01938336259019455,0.8709755047099637
25695,LOF,0.11181695202360994,0.016596850399069225,0.8715861975773208
25696,LOF,0.11134388553325368,0.00944615410888428,0.879209960357862
25697,LOF,0.1210123140218609,0.03821741120526027,0.8407702747728788
25698,LOF,0.3477294221118255,0.1947201303661896,0.4575504475219848
25699,LOF,0.4107789717504907,0.04369842265310391,0.5455226055964054
25700,LOF,0.05921672856574478,0.008672389184723463,0.9321108822495318
25701,LOF,0.1480604564820683,0.05383976114360277,0.798099782374329
25702,GOF,0.17763301109169288,0.5540606731047536,0.26830631580355346
25703,LOF,0.017807988182141573,0.1616906982863273,0.8205013135315311
25704,LOF,0.047002704591700716,0.11803616192419351,0.8349611334841057
25705,LOF,0.0664353391098736,0.1859861448425091,0.7475785160476174
25706,LOF,0.08968253071937107,0.40999107274703595,0.500326396533593
25707,LOF,0.09106366474442606,0.3216151477972774,0.5873211874582966
25708,LOF,0.029239121046820766,0.2775691203794283,0.6931917585737509
25709,LOF,0.06151062607337764,0.040331081923701544,0.8981582920029207
25710,LOF,0.01250289423048306,0.13547340907979966,0.8520236966897172
25711,LOF,0.017516643137509173,0.08996177816219685,0.8925215787002939
25712,LOF,0.014229562729305765,0.19331216455060596,0.7924582727200884
25713,LOF,0.018417744265414603,0.07928114858747226,0.9023011071471131
25714,LOF,0.06934152253966025,0.07745700963132039,0.8532014678290194
25715,LOF,0.011041465331620773,0.13184676694281186,0.8571117677255674
25716,LOF,0.013794273609017275,0.12645386906169034,0.8597518573292924
25717,LOF,0.01347401195748155,0.07957125754805258,0.9069547304944658
25718,LOF,0.01259524490469409,0.08678460393649154,0.9006201511588144
25719,LOF,0.016937807838759738,0.07523852030062948,0.9078236718606107
25720,LOF,0.02227347537240274,0.06480504748176968,0.9129214771458276
25721,LOF,0.014961065061040365,0.11304749385689226,0.8719914410820673
25722,LOF,0.013534306051588693,0.11774427910222311,0.8687214148461881
25723,LOF,0.022460551020755573,0.042530449302207535,0.935008999677037
25724,LOF,0.022386530844958997,0.07811447836573253,0.8994989907893085
25725,LOF,0.01145302001269276,0.0634367834607627,0.9251101965265446
25726,LOF,0.01488583591528989,0.09449782683788967,0.8906163372468205
25727,LOF,0.012725643079180383,0.07364205941462552,0.9136322975061941
25728,LOF,0.009530018152937338,0.10813177870961975,0.8823382031374428
25729,LOF,0.009944337845504674,0.10419493422391365,0.8858607279305816
25730,LOF,0.013288565977324885,0.08085204348310047,0.9058593905395745
25731,LOF,0.01963297708120127,0.1175101890303718,0.8628568338884269
25732,LOF,0.014374170796235024,0.07808553161122983,0.9075402975925351
25733,LOF,0.015318906360552132,0.07136374997964338,0.9133173436598044
25734,LOF,0.01259829257596041,0.12797386148008477,0.8594278459439548
25735,LOF,0.013597560517219819,0.08656877642393492,0.8998336630588453
25736,LOF,0.013794123523049113,0.11276138958327493,0.8734444868936759
25737,LOF,0.021942115004164243,0.08322377152293947,0.8948341134728963
25738,LOF,0.012487670922161097,0.09975069881524712,0.8877616302625917
25739,LOF,0.02037705554376991,0.07326794215609482,0.9063550023001353
25740,LOF,0.0275788824962091,0.10622335279428786,0.8661977647095029
25741,LOF,0.016303997504753216,0.10472386178041543,0.8789721407148314
25742,LOF,0.11739847299688483,0.07605485309360423,0.806546673909511
25743,LOF,0.03122264805487768,0.034064695379035184,0.9347126565660872
25744,Neutral,0.6016116552035813,0.1735383190641068,0.22485002573231191
25745,LOF,0.07825634773266961,0.06491774732656774,0.8568259049407627
25746,LOF,0.03861880019465921,0.0784588586338307,0.8829223411715101
25747,LOF,0.02065166376807961,0.046055224592214034,0.9332931116397064
25748,LOF,0.09585045034897949,0.06356179077999603,0.8405877588710244
25749,LOF,0.026194487397773268,0.07300113721757337,0.9008043753846533
25750,LOF,0.08594915691829298,0.07593458994708324,0.8381162531346239
25751,LOF,0.08307662218717347,0.06845099286055469,0.8484723849522718
25752,GOF,0.13325040866365673,0.6534096879576475,0.2133399033786958
25753,LOF,0.022066915130576247,0.2900250072900922,0.6879080775793315
25754,GOF,0.010939485396941164,0.7849451961772763,0.20411531842578245
25755,LOF,0.023681263403549726,0.40232450493973204,0.5739942316567183
25756,LOF,0.04216586557910789,0.3959609965227967,0.5618731378980953
25757,GOF,0.013934609234669094,0.841350344727707,0.1447150460376239
25758,GOF,0.02472773175990328,0.8481987895064228,0.12707347873367383
25759,GOF,0.010348323499513978,0.5660192909826397,0.42363238551784627
25760,LOF,0.012658532592022025,0.25960452100903986,0.7277369463989382
25761,GOF,0.26908457567546257,0.6529312662110359,0.07798415811350151
25762,LOF,0.038178196127795494,0.29941805635366203,0.6624037475185425
25763,LOF,0.01449085084089239,0.21689450791065576,0.7686146412484518
25764,GOF,0.08189300680568345,0.6560674757919527,0.2620395174023639
25765,GOF,0.03951784915386286,0.7597560234276575,0.20072612741847976
25766,GOF,0.07014242582853777,0.7575307840447839,0.17232679012667834
25767,GOF,0.14706974187328806,0.569740922815476,0.28318933531123597
25768,LOF,0.09192036374727693,0.0677752938452532,0.8403043424074699
25769,LOF,0.07069420543300799,0.06061282056133972,0.8686929740056523
25770,LOF,0.29425545288550775,0.087788816202515,0.6179557309119773
25771,LOF,0.04117686797309035,0.04006946287653125,0.9187536691503784
25772,LOF,0.016615944384365033,0.03416072167759779,0.9492233339380372
25773,LOF,0.05119308273071484,0.07769703590992233,0.8711098813593627
25774,LOF,0.027510147887676795,0.07225061210632064,0.9002392400060025
25775,LOF,0.04606199014340834,0.04501385376189984,0.9089241560946918
25776,LOF,0.06402289559578146,0.024393232248874193,0.9115838721553443
25777,LOF,0.31838490066983915,0.056020313303590516,0.6255947860265704
25778,LOF,0.06587573195025394,0.04514264899334035,0.8889816190564056
25779,GOF,0.38864492193697436,0.5651396415258585,0.04621543653716715
25780,GOF,0.3087776154233294,0.6034980816020371,0.08772430297463338
25781,GOF,0.15800438199607922,0.7297367368197778,0.11225888118414301
25782,GOF,0.22962203479189733,0.6933142771146941,0.07706368809340859
25783,GOF,0.02487132720398263,0.6071783006882454,0.367950372107772
25784,Neutral,0.5173954258531943,0.4388944306312881,0.04371014351551751
25785,GOF,0.44780373955396735,0.5091622884537408,0.04303397199229184
25786,GOF,0.02898095500168142,0.7390815310018926,0.23193751399642598
25787,Neutral,0.650998126415397,0.3219142547840925,0.02708761880051049
25788,LOF,0.04739609028773399,0.10069561793592614,0.85190829177634
25789,GOF,0.2165999741309604,0.6299921827532489,0.15340784311579062
25790,GOF,0.23060165571067862,0.6484810844981654,0.12091725979115595
25791,GOF,0.1761093119424892,0.6217309620753699,0.20215972598214096
25792,GOF,0.3602059543215533,0.47972771634949796,0.16006632932894885
25793,GOF,0.23363768996375628,0.5238209135276477,0.24254139650859596
25794,GOF,0.29666564129964507,0.5031885110902595,0.20014584761009546
25795,GOF,0.07258273656638506,0.6868962049803212,0.24052105845329375
25796,Neutral,0.5592312107742273,0.36279227855675306,0.07797651066901952
25797,GOF,0.08039103193609845,0.5058771589028679,0.4137318091610337
25798,LOF,0.008914548181642104,0.4484767665806224,0.5426086852377354
25799,LOF,0.007158083019925601,0.34618178942286243,0.6466601275572119
25800,GOF,0.03190230735928708,0.5371030595772213,0.43099463306349156
25801,GOF,0.21132070760723273,0.6450615962222029,0.14361769617056439
25802,GOF,0.07054660241427155,0.6241335816044195,0.3053198159813089
25803,GOF,0.034148015149356274,0.5372514316139481,0.4286005532366958
25804,LOF,0.0289985624156826,0.4406182136146484,0.530383223969669
25805,GOF,0.10997161626227243,0.5495364552335587,0.340491928504169
25806,GOF,0.09505704663949376,0.5565909812908365,0.3483519720696698
25807,GOF,0.016723653891914513,0.5792210032698659,0.40405534283821953
25808,GOF,0.0816662804781589,0.5926564676045006,0.32567725191734054
25809,GOF,0.015615813944566742,0.5156128894004696,0.4687712966549637
25810,GOF,0.014814603883516289,0.5673393279181304,0.41784606819835335
25811,GOF,0.43971087574172213,0.47101025740687225,0.08927886685140558
25812,GOF,0.0292968321147996,0.598814229512777,0.3718889383724235
25813,Neutral,0.5106966085466257,0.3797920756045027,0.10951131584887164
25814,GOF,0.11363238325500845,0.6160555836058015,0.27031203313919006
25815,GOF,0.17563349736533157,0.6148175615458669,0.2095489410888017
25816,GOF,0.019149946800027077,0.6760475706048305,0.30480248259514237
25817,GOF,0.22042564984197152,0.6485487354722209,0.1310256146858077
25818,GOF,0.05364814055404482,0.6060217986467926,0.34033006079916245
25819,GOF,0.36019070912831713,0.4812663744301453,0.15854291644153748
25820,GOF,0.1858376338347142,0.5760795867723276,0.23808277939295822
25821,GOF,0.055031904790096925,0.6271204068528046,0.3178476883570984
25822,GOF,0.19180464989045767,0.5606652544156656,0.2475300956938767
25823,GOF,0.03199902730072829,0.4930232055616233,0.47497776713764833
25824,GOF,0.0730331349557055,0.5764886022598055,0.35047826278448907
25825,GOF,0.03189407829094239,0.564621462680871,0.4034844590281865
25826,GOF,0.013385757766605411,0.5338814125056247,0.4527328297277699
25827,GOF,0.02492184935068904,0.5731135836660732,0.40196456698323757
25828,LOF,0.013627855795507161,0.47603043804215106,0.5103417061623419
25829,GOF,0.005569946580267666,0.517288109102871,0.47714194431686124
25830,LOF,0.03413369592430695,0.25998552535906255,0.7058807787166306
25831,GOF,0.23322697376038223,0.6405904274044274,0.1261825988351902
25832,GOF,0.02999115178117744,0.6709646601486607,0.2990441880701619
25833,GOF,0.11013783664936032,0.7063517303712644,0.1835104329793753
25834,GOF,0.030505421540043633,0.6739977921388032,0.2954967863211531
25835,GOF,0.06813386884815947,0.7474949956791143,0.18437113547272624
25836,GOF,0.03265788630593103,0.6578764818917582,0.30946563180231074
25837,GOF,0.024462017268495076,0.5485429405744391,0.4269950421570659
25838,GOF,0.0786884421999765,0.7583025359207625,0.16300902187926086
25839,GOF,0.30898392618451215,0.5499716696685262,0.14104440414696168
25840,GOF,0.2538538737054025,0.5907390265201632,0.1554070997744343
25841,GOF,0.24004653821131364,0.613474714209892,0.14647874757879437
25842,GOF,0.1595387453909202,0.7066981869810832,0.13376306762799667
25843,GOF,0.22025065772911204,0.6795339288918795,0.10021541337900841
25844,GOF,0.06124671089322587,0.6877514344221678,0.25100185468460645
25845,LOF,0.015004883294556874,0.4564099805830254,0.5285851361224176
25846,GOF,0.1294572737215027,0.7248120799208114,0.1457306463576859
25847,GOF,0.11185954850627329,0.7615731456308252,0.1265673058629014
25848,GOF,0.03576773697970547,0.6548752581493533,0.30935700487094114
25849,GOF,0.011291520174998525,0.5318441440977592,0.45686433572724233
25850,GOF,0.018877841269478623,0.6015081851055868,0.3796139736249346
25851,LOF,0.016651834007033885,0.47886193961019313,0.504486226382773
25852,GOF,0.15701242510880767,0.5266422479030298,0.3163453269881625
25853,GOF,0.3485906096271312,0.5751268091631475,0.0762825812097213
25854,GOF,0.021238988675118288,0.5628631933678865,0.4158978179569952
25855,GOF,0.03182791039787545,0.5305352378133352,0.4376368517887893
25856,GOF,0.2045369853069798,0.5555324598269513,0.23993055486606887
25857,LOF,0.03344328656411819,0.47941282361484655,0.48714388982103524
25858,GOF,0.018375546659120976,0.5175445463002533,0.4640799070406257
25859,LOF,0.009496994026139216,0.4798539576145476,0.5106490483593132
25860,GOF,0.35929048738621333,0.5449035928557532,0.09580591975803336
25861,GOF,0.4523142004670601,0.46982899018348323,0.0778568093494565
25862,GOF,0.09198483980549978,0.7520975911366854,0.1559175690578149
25863,GOF,0.08181716916579299,0.7597889182244477,0.1583939126097594
25864,GOF,0.2093756514986159,0.7043001771204432,0.08632417138094091
25865,GOF,0.084982676126071,0.7828544793708911,0.13216284450303775
25866,GOF,0.06020945934846853,0.7568275361811602,0.18296300447037128
25867,GOF,0.08610925855383071,0.7958520196357316,0.11803872181043772
25868,GOF,0.2205619620025713,0.655449210190533,0.12398882780689569
25869,Neutral,0.7300667428750666,0.2250499901598173,0.044883266965116214
25870,LOF,0.2841874228055291,0.355166868765953,0.36064570842851795
25871,GOF,0.2408721290962381,0.5964209860100381,0.16270688489372387
25872,GOF,0.07485827830610038,0.5958256269161565,0.3293160947777432
25873,GOF,0.11321123873508986,0.649902273096906,0.23688648816800423
25874,LOF,0.014619664951938754,0.10901110909123139,0.8763692259568299
25875,LOF,0.08287303209787686,0.043135413689140215,0.8739915542129828
25876,LOF,0.034738121298083416,0.028450022021897076,0.9368118566800194
25877,LOF,0.4727673754253803,0.04486252849861902,0.48237009607600073
25878,LOF,0.18379805035036179,0.09094736156825421,0.7252545880813841
25879,LOF,0.07869004733618873,0.09601907207289657,0.8252908805909146
25880,LOF,0.039953220008154294,0.015247863716569438,0.9447989162752762
25881,LOF,0.16078342574905635,0.1334048966614565,0.7058116775894873
25882,LOF,0.06375834745505406,0.018156308042470357,0.9180853445024756
25883,LOF,0.06262603251607139,0.018831784390259808,0.9185421830936688
25884,LOF,0.030654763980785964,0.02988013219709636,0.9394651038221178
25885,LOF,0.059027780696464666,0.012240865015311497,0.9287313542882238
25886,LOF,0.25227750043750014,0.03544704447219682,0.712275455090303
25887,LOF,0.1404462619644011,0.06715191777326072,0.7924018202623381
25888,LOF,0.06319408022033382,0.0587584894429512,0.878047430336715
25889,LOF,0.03879127321518274,0.021879399540658304,0.939329327244159
25890,LOF,0.04978529641152697,0.145675195608649,0.804539507979824
25891,LOF,0.039967206270129604,0.0540175417595914,0.906015251970279
25892,LOF,0.08760500431281075,0.01993058552108217,0.892464410166107
25893,LOF,0.24262290259530542,0.020106319869766257,0.7372707775349283
25894,LOF,0.18025694856622082,0.009655168031611561,0.8100878834021675
25895,LOF,0.20719148621194897,0.020214402763995654,0.7725941110240554
25896,LOF,0.05087413939581736,0.021548866260329723,0.9275769943438529
25897,LOF,0.2789060781841776,0.010796378566062565,0.7102975432497599
25898,Neutral,0.708828727380209,0.009155546627593887,0.28201572599219715
25899,LOF,0.2331012955168951,0.01916228672396324,0.7477364177591417
25900,LOF,0.4507575254595904,0.012872473868826834,0.5363700006715828
25901,LOF,0.05658792724026574,0.011203083726618253,0.9322089890331161
25902,LOF,0.17964520209243207,0.014704318810250796,0.805650479097317
25903,Neutral,0.5991189535793581,0.02909580363592996,0.37178524278471187
25904,LOF,0.3286839895461554,0.037842755431513816,0.6334732550223308
25905,LOF,0.027580423143635905,0.321907937023933,0.6505116398324311
25906,LOF,0.03175464013352215,0.07731389941934413,0.8909314604471337
25907,LOF,0.015095843831168042,0.3448283128109679,0.6400758433578642
25908,LOF,0.010472825182265121,0.2638467609272508,0.7256804138904841
25909,LOF,0.013529374929674595,0.11740081508989893,0.8690698099804265
25910,LOF,0.05191759564182896,0.13060736072170476,0.8174750436364662
25911,LOF,0.19005361888534397,0.01868816057842983,0.7912582205362263
25912,LOF,0.048483555816315686,0.04329278312952241,0.908223661054162
25913,LOF,0.31552186123308923,0.01636304453087796,0.6681150942360328
25914,LOF,0.020268467830150586,0.05962139916291671,0.9201101330069327
25915,Neutral,0.5730085896646602,0.16923669948930287,0.257754710846037
25916,LOF,0.0946901933097695,0.23410071751892447,0.6712090891713061
25917,LOF,0.06698402402223443,0.048486337174377885,0.8845296388033878
25918,LOF,0.02327278070778463,0.03945384013872828,0.937273379153487
25919,LOF,0.019795722965834227,0.04155294631657323,0.9386513307175927
25920,GOF,0.10282273718763518,0.5363026143962054,0.36087464841615946
25921,LOF,0.02579179796084305,0.026694145301918017,0.947514056737239
25922,LOF,0.035741657839263655,0.018988908613768216,0.9452694335469681
25923,LOF,0.46149769221075676,0.022748161857989398,0.5157541459312539
25924,LOF,0.03799712878713532,0.030496514035378324,0.9315063571774863
25925,LOF,0.06862985298608887,0.03140967130581688,0.8999604757080942
25926,LOF,0.04889506253026338,0.02452610598615742,0.9265788314835792
25927,LOF,0.06261326132477568,0.0998994572714689,0.8374872814037555
25928,LOF,0.018352167216735875,0.0372405906126726,0.9444072421705916
25929,Neutral,0.5670532204044121,0.024901658421279293,0.4080451211743085
25930,LOF,0.07073172818680719,0.0223948546024441,0.9068734172107488
25931,LOF,0.025918060947418997,0.0220994836100631,0.9519824554425179
25932,LOF,0.029039967839591004,0.01886616177590285,0.9520938703845061
25933,LOF,0.03696019258193581,0.013603889017263504,0.9494359184008008
25934,LOF,0.0251151625921914,0.014952879454016375,0.9599319579537923
25935,LOF,0.0608322647015784,0.03871768857779182,0.9004500467206297
25936,LOF,0.04246772257624145,0.017330100880152743,0.9402021765436058
25937,LOF,0.02830829552962558,0.02529110835408182,0.9464005961162926
25938,LOF,0.059709616904427464,0.04093202023716595,0.8993583628584065
25939,LOF,0.03920017653294783,0.013448997886639903,0.9473508255804123
25940,LOF,0.026196215453359425,0.38802876132115105,0.5857750232254895
25941,LOF,0.1993511453755788,0.11130173977820583,0.6893471148462155
25942,LOF,0.014289158790598696,0.030556643374772447,0.955154197834629
25943,LOF,0.3084264339371227,0.05462881271611131,0.6369447533467659
25944,Neutral,0.5075454693253049,0.023135744995110903,0.46931878567958435
25945,LOF,0.07328452500990836,0.022502863886214607,0.904212611103877
25946,LOF,0.03155182868729999,0.1200404705223977,0.8484077007903023
25947,LOF,0.10158606754800834,0.20276561719327352,0.6956483152587182
25948,LOF,0.3710397682981135,0.0077638774065695165,0.6211963542953169
25949,LOF,0.11718223829702272,0.04038637263297472,0.8424313890700026
25950,GOF,0.3040627828392251,0.3788221644553634,0.31711505270541157
25951,LOF,0.21259516338463735,0.26792963627136107,0.5194752003440016
25952,LOF,0.0450095328620289,0.4669623517051473,0.4880281154328238
25953,LOF,0.14544353514807576,0.11165159758306469,0.7429048672688595
25954,Neutral,0.45669017073744883,0.18846838070139235,0.35484144856115885
25955,LOF,0.05430702822997924,0.08513397985252263,0.8605589919174982
25956,LOF,0.17515584266697742,0.13263209774803145,0.6922120595849911
25957,LOF,0.038510278811208054,0.02866239412873192,0.9328273270600601
25958,LOF,0.055683649000953316,0.03170835214262567,0.9126079988564211
25959,LOF,0.06100114163694439,0.39390874900979417,0.5450901093532614
25960,LOF,0.015612818275761742,0.05486191641823678,0.9295252653060015
25961,LOF,0.042000314020025804,0.03202649013306056,0.9259731958469137
25962,LOF,0.049700567513987604,0.02267384896361587,0.9276255835223965
25963,LOF,0.05626007358802846,0.18258455148302635,0.7611553749289452
25964,LOF,0.033773243022158256,0.1510293783235922,0.8151973786542496
25965,LOF,0.4363829461769962,0.06795574499583348,0.4956613088271704
25966,Neutral,0.5450384559989574,0.1765618385705165,0.278399705430526
25967,LOF,0.01918408109163274,0.09764438195489511,0.8831715369534722
25968,LOF,0.031213508593599903,0.4327362511603943,0.5360502402460058
25969,LOF,0.030610108622762387,0.06429993289164355,0.905089958485594
25970,LOF,0.05823086832687014,0.0599425731432044,0.8818265585299255
25971,LOF,0.06091427640823513,0.019520043153993555,0.9195656804377713
25972,LOF,0.0661084092466252,0.025012287081196096,0.9088793036721786
25973,LOF,0.06989066860600364,0.009332308277836822,0.9207770231161595
25974,LOF,0.22112551139043,0.016820498964713725,0.7620539896448563
25975,LOF,0.04168763893483788,0.025895192212865004,0.9324171688522971
25976,LOF,0.04372482640852741,0.015605796497928696,0.9406693770935439
25977,LOF,0.15150189073421155,0.08194272657233395,0.7665553826934545
25978,LOF,0.14607409165639454,0.0659368696447274,0.7879890386988779
25979,LOF,0.13301729730694786,0.06492571666573235,0.8020569860273198
25980,LOF,0.22581596214346566,0.08167417928029477,0.6925098585762396
25981,LOF,0.2573252598210503,0.08021213962664243,0.6624626005523072
25982,LOF,0.4142058138683651,0.054460786621658965,0.5313333995099759
25983,LOF,0.3909285069144549,0.0604174867631611,0.5486540063223839
25984,LOF,0.04743670333609243,0.045526836395488275,0.9070364602684193
25985,LOF,0.037284253679471975,0.2466046673048891,0.7161110790156389
25986,LOF,0.048285775052784335,0.29693238430874563,0.65478184063847
25987,LOF,0.08961764420123026,0.0636821332451564,0.8467002225536133
25988,LOF,0.15665035780671896,0.058330784130784685,0.7850188580624964
25989,LOF,0.035894217993238886,0.12106146931051287,0.8430443126962482
25990,LOF,0.0447532814273091,0.15306521524158864,0.8021815033311023
25991,LOF,0.12747817904923997,0.28178516452574226,0.5907366564250178
25992,LOF,0.28797423502480335,0.17542912954344353,0.5365966354317532
25993,LOF,0.020956981445405573,0.07281033647840289,0.9062326820761916
25994,LOF,0.015779693631911246,0.09777909644628101,0.8864412099218077
25995,LOF,0.022615941252729935,0.20556350957190817,0.7718205491753618
25996,GOF,0.31957040190623237,0.447465772591751,0.2329638255020167
25997,LOF,0.07827355284525028,0.4026533291386998,0.5190731180160499
25998,Neutral,0.5174440443459782,0.02531758992131171,0.45723836573271
25999,LOF,0.09843105551086949,0.09235500167067588,0.8092139428184546
26000,LOF,0.14713247588164902,0.04616009717790473,0.8067074269404463
26001,LOF,0.2040872441305385,0.05324675572811105,0.7426660001413504
26002,LOF,0.12156887022918018,0.04817165359998182,0.8302594761708381
26003,GOF,0.009940603147104259,0.6076890528290014,0.38237034402389425
26004,GOF,0.018986312117288177,0.6954426727703705,0.28557101511234123
26005,LOF,0.006290588661780917,0.47426385909413615,0.519445552244083
26006,Neutral,0.5186431599184738,0.25771722759687327,0.22363961248465306
26007,GOF,0.017655968627750977,0.557200045009877,0.42514398636237194
26008,GOF,0.014054785342670207,0.6188655088951209,0.36707970576220883
26009,GOF,0.01863851314860923,0.6880931562185313,0.29326833063285956
26010,GOF,0.022526438530568973,0.6558639179014952,0.3216096435679358
26011,LOF,0.006498008525653302,0.46479200054406133,0.5287099909302855
26012,GOF,0.011377220850769539,0.5676370617601018,0.42098571738912866
26013,GOF,0.018185459597278037,0.6352729455264188,0.34654159487630315
26014,LOF,0.041835565658463636,0.09803981768033643,0.8601246166612
26015,LOF,0.17628474913050718,0.01328533034858914,0.8104299205209038
26016,LOF,0.2152544110923783,0.05074761972964291,0.7339979691779788
26017,LOF,0.27044258892859774,0.0787149624743882,0.650842448597014
26018,LOF,0.08764142213892724,0.03414280187612619,0.8782157759849465
26019,LOF,0.08294105796199379,0.027143303377396493,0.8899156386606096
26020,LOF,0.0783885000020634,0.09216243014215052,0.829449069855786
26021,LOF,0.050836431324928724,0.10077093864382497,0.8483926300312462
26022,LOF,0.011893836777728263,0.03572475336547674,0.952381409856795
26023,LOF,0.07309686119276415,0.020357768168231802,0.906545370639004
26024,LOF,0.03198997126837303,0.10885492319426159,0.8591551055373654
26025,LOF,0.16075270476103473,0.0821736358506601,0.7570736593883052
26026,LOF,0.3437036183869518,0.025191489663905615,0.6311048919491427
26027,LOF,0.06647925749460139,0.01634748195552865,0.91717326054987
26028,LOF,0.17148419690771727,0.06273967934730168,0.765776123744981
26029,LOF,0.06956795891711841,0.2137464811764782,0.7166855599064035
26030,LOF,0.024573416968557908,0.059164620867243646,0.9162619621641985
26031,LOF,0.0272565110464859,0.15395084584903404,0.8187926431044801
26032,LOF,0.06415910535909496,0.09323541862390465,0.8426054760170003
26033,LOF,0.08047164266450967,0.09131306868241647,0.8282152886530739
26034,LOF,0.04183889040693433,0.1812066447124065,0.7769544648806591
26035,LOF,0.027166323662706236,0.1786184107711098,0.794215265566184
26036,LOF,0.038515945857798745,0.1988881766221617,0.7625958775200395
26037,LOF,0.022838072443680017,0.14135982681676276,0.8358021007395572
26038,LOF,0.06074067357225348,0.09699363366072795,0.8422656927670186
26039,LOF,0.05277722083575722,0.17444199173412395,0.7727807874301188
26040,LOF,0.20107353246475362,0.15158956377099536,0.6473369037642509
26041,LOF,0.02360650149208079,0.13172674246574348,0.8446667560421758
26042,LOF,0.022485475377574747,0.12482117907461548,0.8526933455478098
26043,LOF,0.06132007559053725,0.11407763015496823,0.8246022942544946
26044,LOF,0.02124569222848826,0.07404503729166423,0.9047092704798476
26045,LOF,0.06972444928338047,0.11983818916015045,0.8104373615564692
26046,LOF,0.056654954526112654,0.09105436070078764,0.8522906847730998
26047,LOF,0.07404469026022911,0.09225870873294952,0.8336966010068214
26048,LOF,0.04702303088479234,0.044584036665321035,0.9083929324498867
26049,Neutral,0.9661686687659538,0.007489247606618561,0.026342083627427543
26050,Neutral,0.9497493831545273,0.009933288528803047,0.04031732831666978
26051,LOF,0.048565136211507764,0.2961549896946645,0.6552798740938277
26052,LOF,0.058966574401115406,0.34750830459036575,0.5935251210085188
26053,LOF,0.059798149317243185,0.12180820471594123,0.8183936459668155
26054,LOF,0.05186238653264638,0.015577629939477733,0.9325599835278757
26055,LOF,0.07087441088986365,0.013224271896206587,0.9159013172139299
26056,LOF,0.06116508324035525,0.014692643669817344,0.9241422730898274
26057,LOF,0.030015848336523036,0.011433106603896032,0.9585510450595809
26058,LOF,0.03113736277983278,0.00935045299421584,0.9595121842259514
26059,LOF,0.2812159584346504,0.01772873626124644,0.7010553053041032
26060,LOF,0.040643426925943735,0.17389530660378807,0.7854612664702681
26061,LOF,0.018469935394685527,0.010775010472147196,0.9707550541331672
26062,LOF,0.011130100668377198,0.017006934730780417,0.9718629646008423
26063,LOF,0.020831133738006213,0.011290504278705722,0.967878361983288
26064,LOF,0.024609423449317085,0.021279820107347282,0.9541107564433357
26065,LOF,0.025211144747874233,0.010947573112938494,0.9638412821391873
26066,LOF,0.021272422216930785,0.010728231643930634,0.9679993461391386
26067,LOF,0.02718395996209378,0.008587755180798679,0.9642282848571074
26068,LOF,0.046245837098023906,0.02797813213709067,0.9257760307648853
26069,LOF,0.27145337397817276,0.016506897812249267,0.7120397282095781
26070,LOF,0.42436985649164705,0.013643425972211434,0.5619867175361415
26071,LOF,0.02120214434538668,0.011779921794772831,0.9670179338598405
26072,LOF,0.022486741824986632,0.015389601782820155,0.9621236563921931
26073,LOF,0.02051217427293233,0.009695724591975367,0.9697921011350923
26074,Neutral,0.9031163201104915,0.005389465544068044,0.09149421434544032
26075,LOF,0.04691625945662725,0.014113204628123105,0.9389705359152497
26076,LOF,0.0396907038254095,0.009285259295321825,0.9510240368792686
26077,LOF,0.009942971791698871,0.014675888221311294,0.9753811399869897
26078,LOF,0.014041775881447035,0.011312812049882937,0.97464541206867
26079,LOF,0.06341104681717569,0.016049660994753828,0.9205392921880705
26080,LOF,0.06246001017417959,0.01605764890138246,0.9214823409244379
26081,LOF,0.033478815616938204,0.006167636446166557,0.9603535479368953
26082,LOF,0.014540439233461173,0.014360364387595302,0.9710991963789436
26083,LOF,0.17723422821026338,0.012513371384562844,0.8102524004051737
26084,LOF,0.04384782114054434,0.010651046077048844,0.9455011327824069
26085,LOF,0.03909717636929482,0.01022090055936407,0.950681923071341
26086,LOF,0.020896399117420524,0.010512004892745718,0.9685915959898338
26087,LOF,0.02497431989203654,0.00802574124025867,0.9669999388677047
26088,LOF,0.01658526523246829,0.01997692933728251,0.9634378054302493
26089,LOF,0.046103618879006734,0.018743040539219283,0.935153340581774
26090,LOF,0.0456047192456995,0.01555361404741828,0.9388416667068822
26091,LOF,0.03377825680171564,0.006094955985169639,0.9601267872131148
26092,LOF,0.023400267832626352,0.0076058726642105464,0.9689938595031631
26093,LOF,0.03377692414649303,0.0058873057071453525,0.9603357701463617
26094,LOF,0.03701003676130708,0.006190901475046605,0.9567990617636463
26095,LOF,0.04415317646798643,0.012343971867648766,0.9435028516643648
26096,LOF,0.019577143880426886,0.010954128544744167,0.9694687275748288
26097,LOF,0.012276942697858265,0.03297127257600028,0.9547517847261415
26098,LOF,0.08227612653074193,0.010131703803546208,0.907592169665712
26099,LOF,0.021571125873860716,0.011372569407881152,0.9670563047182581
26100,LOF,0.023853069664860664,0.011213570525432278,0.964933359809707
26101,LOF,0.04787672263555956,0.01438597142411366,0.9377373059403268
26102,LOF,0.02131556995364811,0.012205360555172072,0.9664790694911799
26103,Neutral,0.8815770424304508,0.016865948920302316,0.10155700864924702
26104,LOF,0.08628594069515133,0.022307796686331382,0.8914062626185173
26105,LOF,0.21161676487483125,0.268956864539973,0.5194263705851958
26106,LOF,0.17221908816393716,0.11140157230341874,0.7163793395326441
26107,LOF,0.2245583476571193,0.08315241768148164,0.6922892346613991
26108,LOF,0.27401799672943883,0.10434263734446944,0.6216393659260917
26109,LOF,0.09181163280593575,0.061127225639243395,0.8470611415548209
26110,LOF,0.2307203176775632,0.007713231124006348,0.7615664511984304
26111,LOF,0.48270296154969095,0.024158852396569647,0.49313818605373944
26112,LOF,0.03211706437891488,0.008093084987328546,0.9597898506337564
26113,LOF,0.0678705537966488,0.01990460462477888,0.9122248415785723
26114,LOF,0.02436157322429673,0.030134097392087795,0.9455043293836155
26115,LOF,0.0767065201145832,0.05795553580534935,0.8653379440800675
26116,LOF,0.05881754945303267,0.07064279149335835,0.8705396590536091
26117,LOF,0.42922119640412754,0.039252666457379876,0.5315261371384926
26118,LOF,0.02973281187829011,0.02576653014591828,0.9445006579757916
26119,LOF,0.022738386039170812,0.036838240929644266,0.9404233730311848
26120,LOF,0.024800021181589176,0.021035995589735717,0.954163983228675
26121,LOF,0.04609868155196021,0.08537936226307993,0.86852195618496
