feature0,prediction,LoGoFunc_Neutral,LoGoFunc_GOF,LoGoFunc_LOF
25546,Neutral,0.582356834868873,0.05588169631914758,0.36176146881197946
25547,Neutral,0.49266871661138734,0.08130258874787917,0.42602869464073345
25548,Neutral,0.5025346428123837,0.076487109023498,0.4209782481641184
25549,LOF,0.435760672977024,0.07642284843590427,0.4878164785870718
25550,LOF,0.3810213573604411,0.09600009879416148,0.5229785438453974
25551,LOF,0.3244075825496066,0.09566092041697857,0.5799314970334147
25552,LOF,0.29112236773740724,0.10762906606995798,0.6012485661926349
25553,Neutral,0.7866109380800053,0.05300784369751777,0.160381218222477
25554,LOF,0.310751459713585,0.09564305029013641,0.5936054899962786
25555,LOF,0.2644829789563488,0.10005913233079584,0.6354578887128554
25556,Neutral,0.4590193591227335,0.08814334518465676,0.4528372956926097
25557,LOF,0.2505554472531926,0.09612067635514909,0.6533238763916582
25558,LOF,0.31411306150683976,0.08932561400515529,0.596561324488005
25559,LOF,0.2696911778077447,0.02636815397691368,0.7039406682153416
25560,LOF,0.09478735938757225,0.15576842325501297,0.7494442173574148
25561,LOF,0.07919461495087243,0.2554814174890368,0.6653239675600907
25562,LOF,0.032621593075794715,0.10884183679224532,0.8585365701319599
25563,LOF,0.006637100893228602,0.2210288269104652,0.7723340721963061
25564,LOF,0.06879604173556361,0.12067442006732518,0.8105295381971112
25565,LOF,0.1743725696246486,0.13900915382568513,0.6866182765496662
25566,GOF,0.0672406700962018,0.8084282541914294,0.1243310757123688
25567,LOF,0.051452292180814714,0.18131738824045246,0.7672303195787329
25568,LOF,0.06669126584204212,0.12348071833524565,0.8098280158227122
25569,LOF,0.06422327552486583,0.119271416601408,0.8165053078737261
25570,LOF,0.027041911374016916,0.16405282376570357,0.8089052648602795
25571,LOF,0.02636860150025494,0.17277850046113086,0.8008528980386143
25572,LOF,0.052116354830266706,0.24273032873964873,0.7051533164300845
25573,LOF,0.07363555649213745,0.15285841219853344,0.7735060313093292
25574,LOF,0.08975727373094895,0.2689663014602441,0.641276424808807
25575,LOF,0.02565885224328673,0.18405224950378518,0.7902888982529281
25576,LOF,0.024932370170754233,0.28915179008717784,0.6859158397420679
25577,LOF,0.027606581435278683,0.21606083806677526,0.7563325804979462
25578,LOF,0.2940236119062731,0.11291421342743208,0.5930621746662949
25579,LOF,0.2063631691592233,0.11436621885777336,0.6792706119830033
25580,LOF,0.0233253715657352,0.11514897317770531,0.8615256552565596
25581,LOF,0.04372432922165198,0.13279018480720897,0.823485485971139
25582,LOF,0.04357567592218924,0.12989029925880036,0.8265340248190105
25583,LOF,0.033768161584341684,0.12577098013404558,0.8404608582816127
25584,Neutral,0.71475094734754,0.1429299093683238,0.14231914328413614
25585,LOF,0.024074765181792496,0.22257374191960697,0.7533514928986005
25586,LOF,0.022383402395182408,0.13553078079526604,0.8420858168095515
25587,LOF,0.021607312596460194,0.1404480991152278,0.837944588288312
25588,LOF,0.02700587468864444,0.1096164655947365,0.8633776597166191
25589,Neutral,0.5700447879979594,0.2506501606630694,0.17930505133897115
25590,LOF,0.05820143741441861,0.16881164271629087,0.7729869198692905
25591,LOF,0.09674983184351638,0.11561722574893978,0.7876329424075439
25592,LOF,0.08701531024716845,0.22376145027822858,0.6892232394746031
25593,LOF,0.13665009337786183,0.3933285456382965,0.4700213609838417
25594,LOF,0.04373037820072212,0.042794841991900624,0.9134747798073771
25595,LOF,0.047676966259379665,0.02353256706121859,0.9287904666794018
25596,LOF,0.11172124983962936,0.01455139273523478,0.8737273574251359
25597,LOF,0.08722070544147703,0.015077524402170464,0.8977017701563526
25598,LOF,0.047410955648616276,0.025091468004132828,0.9274975763472508
25599,LOF,0.03407663171609306,0.3689814767555283,0.5969418915283786
25600,LOF,0.20788382834287025,0.356501216225296,0.4356149554318337
25601,LOF,0.05600067408548773,0.2739223600651223,0.67007696584939
25602,LOF,0.02768301258258815,0.08395589090072053,0.8883610965166913
25603,LOF,0.050285475133144804,0.08119890286356928,0.8685156220032858
25604,LOF,0.049719924449507236,0.16051900272569355,0.7897610728247991
25605,LOF,0.044299775626916144,0.20579234553953232,0.7499078788335515
25606,Neutral,0.36885617681445004,0.3170609671597574,0.3140828560257925
25607,LOF,0.029092064751761945,0.2820508862530743,0.6888570489951638
25608,LOF,0.046533249913553225,0.08796290442942103,0.8655038456570256
25609,GOF,0.18115997969992084,0.5661597316612177,0.2526802886388615
25610,LOF,0.02352011719046554,0.07429981006809111,0.9021800727414434
25611,LOF,0.016358280727443768,0.08053892126801836,0.903102798004538
25612,LOF,0.06335089165393365,0.09172429814261106,0.8449248102034553
25613,LOF,0.05656484385720366,0.09731254555968383,0.8461226105831124
25614,LOF,0.02630251641933649,0.07344376642945752,0.9002537171512061
25615,LOF,0.06377723786947204,0.07172129319345573,0.8645014689370722
25616,LOF,0.063825602247272,0.08579637998380112,0.8503780177689269
25617,LOF,0.050866846246066945,0.09230681174380581,0.8568263420101272
25618,LOF,0.06394264156837151,0.1539192223932488,0.7821381360383798
25619,LOF,0.01566424028147727,0.11253557405749844,0.8718001856610242
25620,LOF,0.049153478706109525,0.08750707671110824,0.8633394445827822
25621,LOF,0.08489689744194225,0.08164669472864511,0.8334564078294127
25622,LOF,0.09220890341051685,0.09088648197232899,0.8169046146171542
25623,LOF,0.07698428386125584,0.08044710015774638,0.8425686159809977
25624,LOF,0.024370966554525895,0.06965929736125574,0.9059697360842183
25625,LOF,0.077965509915592,0.0781739679886291,0.843860522095779
25626,LOF,0.059736379589504285,0.08410246957427406,0.8561611508362217
25627,Neutral,0.8809241196122292,0.022499866544464207,0.09657601384330657
25628,LOF,0.19310617852585835,0.050192329086285604,0.7567014923878561
25629,LOF,0.06988040729127123,0.06656447089103992,0.8635551218176889
25630,LOF,0.32069440506889574,0.06125762736200605,0.6180479675690982
25631,Neutral,0.5095434334608762,0.04184948903502297,0.4486070775041009
25632,LOF,0.03235600145823071,0.15225409115096716,0.8153899073908021
25633,LOF,0.1803998626835162,0.09344048895595508,0.7261596483605287
25634,LOF,0.04270554318996437,0.1425762997384792,0.8147181570715564
25635,LOF,0.032828465071946325,0.06748907213842696,0.8996824627896267
25636,GOF,0.03313545695689146,0.5564895010651026,0.410375041978006
25637,GOF,0.03544106593620116,0.5223415351086035,0.4422173989551954
25638,LOF,0.02046455751829384,0.44222178506428617,0.53731365741742
25639,LOF,0.029921847841807438,0.42111717113505803,0.5489609810231345
25640,Neutral,0.7893621423369245,0.15878536730121337,0.05185249036186214
25641,LOF,0.10734727692751671,0.3481426796560945,0.5445100434163886
25642,LOF,0.0994197384436485,0.20218581330797866,0.6983944482483728
25643,LOF,0.3301730329370416,0.1211534189183859,0.5486735481445726
25644,GOF,0.009782338192645564,0.6578945265689764,0.3323231352383779
25645,GOF,0.011233294367012925,0.625335055567641,0.36343165006534606
25646,LOF,0.018991135070352445,0.4069537279120982,0.5740551370175493
25647,LOF,0.00959307098656228,0.3067460318657849,0.6836608971476528
25648,LOF,0.012875956936521766,0.3798428439477567,0.6072811991157214
25649,LOF,0.008503565219739757,0.27362093138885024,0.71787550339141
25650,GOF,0.038792023775602,0.5896113377884286,0.37159663843596935
25651,LOF,0.01131338868897137,0.41116909445576205,0.5775175168552666
25652,LOF,0.011373064831883684,0.42138805234684895,0.5672388828212673
25653,GOF,0.04073266777703991,0.6051075689378577,0.35415976328510235
25654,LOF,0.012567313728702114,0.3154823303895892,0.6719503558817086
25655,GOF,0.12122745382035299,0.6508792399322018,0.22789330624744522
25656,LOF,0.19727639011877102,0.06948255435563709,0.7332410555255918
25657,LOF,0.030328226739515008,0.07868937368325264,0.8909823995772324
25658,LOF,0.23882470906907524,0.10255553929963201,0.6586197516312927
25659,LOF,0.3857656994254934,0.1423285753074643,0.47190572526704233
25660,LOF,0.022718116632988106,0.11388310272879353,0.8633987806382183
25661,LOF,0.07026488184795708,0.07345713898076864,0.8562779791712744
25662,LOF,0.027201064912123638,0.04374620451407406,0.9290527305738022
25663,LOF,0.03078293368863965,0.04019977332637147,0.9290172929849888
25664,LOF,0.09699441890385108,0.07215670910612464,0.8308488719900243
25665,LOF,0.05254801824334355,0.03784217476660311,0.9096098069900533
25666,LOF,0.07054071582642803,0.058395074773257005,0.871064209400315
25667,LOF,0.06209252286745892,0.047608696359218564,0.8902987807733226
25668,LOF,0.029306293134056857,0.057422267008278995,0.9132714398576642
25669,LOF,0.020085950783834457,0.052055479320792554,0.9278585698953731
25670,LOF,0.1332638825183547,0.05428823418080306,0.8124478833008422
25671,LOF,0.08498217813533872,0.04276518080315236,0.8722526410615089
25672,LOF,0.04405694773592049,0.060101600329038794,0.8958414519350407
25673,LOF,0.07974938396658211,0.04819509741520994,0.872055518618208
25674,LOF,0.07572199026670957,0.06482337908159441,0.8594546306516959
25675,LOF,0.07103550661749722,0.07431261047056692,0.8546518829119357
25676,LOF,0.015989921562740945,0.06713716666930071,0.9168729117679583
25677,LOF,0.015729436026959753,0.08503144722317607,0.8992391167498642
25678,LOF,0.17660740391693336,0.08174048472031945,0.7416521113627471
25679,LOF,0.1133173283045485,0.10397404478587127,0.7827086269095803
25680,LOF,0.020417703385671455,0.12279244136704776,0.8567898552472807
25681,LOF,0.032835080507055796,0.10993600509164482,0.8572289144012993
25682,LOF,0.1094176645517926,0.0741016889262221,0.8164806465219853
25683,LOF,0.09647720528776328,0.09817443363262397,0.8053483610796127
25684,LOF,0.0253442080550733,0.07295593954669341,0.9016998523982332
25685,LOF,0.12331699824913325,0.11689569450876068,0.7597873072421061
25686,LOF,0.05908247902106865,0.2366531041867878,0.7042644167921437
25687,LOF,0.10323854064048545,0.21027412902321393,0.6864873303363007
25688,LOF,0.463062588542533,0.02581488352261784,0.5111225279348491
25689,LOF,0.2732886150491461,0.03546737111441378,0.6912440138364401
25690,LOF,0.3672203346814716,0.023348747428283658,0.6094309178902447
25691,Neutral,0.7561380661148644,0.021503272118639616,0.2223586617664959
25692,LOF,0.3550859593855441,0.010658727017569578,0.6342553135968865
25693,GOF,0.04172967622787792,0.5540647374326255,0.40420558633949655
25694,LOF,0.10803677283871085,0.020246458085216794,0.8717167690760724
25695,LOF,0.106758309923128,0.009283902817842768,0.8839577872590292
25696,LOF,0.10465236124610357,0.016784481272594912,0.8785631574813015
25697,LOF,0.05273199460519379,0.05972713314223598,0.8875408722525703
25698,LOF,0.24102302836980993,0.1860355728019646,0.5729413988282255
25699,LOF,0.34672712944385825,0.04119711543824876,0.612075755117893
25700,LOF,0.0544763817963244,0.011951697796335379,0.9335719204073402
25701,LOF,0.1644987804215098,0.03855869059261695,0.7969425289858733
25702,GOF,0.1964668922296719,0.6586369728582181,0.14489613491210995
25703,LOF,0.01845143080464687,0.20144984228563337,0.7800987269097198
25704,LOF,0.03698334661151677,0.1597428547353403,0.803273798653143
25705,LOF,0.030381825205440107,0.09006124021919651,0.8795569345753633
25706,GOF,0.10408858120510298,0.5172716153084309,0.37863980348646614
25707,LOF,0.09705604921719997,0.386656799386141,0.516287151396659
25708,LOF,0.03750671194947639,0.4129344806845335,0.5495588073659902
25709,LOF,0.07239687065997556,0.04996540640497359,0.8776377229350509
25710,LOF,0.017546241842908792,0.16204946159912653,0.8204042965579647
25711,LOF,0.018447110871704104,0.09746172021754684,0.8840911689107491
25712,LOF,0.017290912586183062,0.19172813483420695,0.7909809525796099
25713,LOF,0.01764702803196767,0.07801333413754771,0.9043396378304847
25714,LOF,0.07354281089742352,0.06991838045974336,0.8565388086428332
25715,LOF,0.011624235164446672,0.12546630057656205,0.8629094642589912
25716,LOF,0.013061925784345911,0.13489648088235412,0.8520415933333
25717,LOF,0.018611892631433143,0.08036029443649684,0.90102781293207
25718,LOF,0.011125735879108681,0.05755815121810986,0.9313161129027814
25719,LOF,0.02274183734848374,0.09847015455070518,0.878788008100811
25720,LOF,0.029438104350813607,0.05318324661937146,0.9173786490298149
25721,LOF,0.01149533343307536,0.09351121854194107,0.8949934480249836
25722,LOF,0.013520173354670734,0.07744110149973259,0.9090387251455967
25723,LOF,0.023697397390069673,0.05782114765404758,0.9184814549558826
25724,LOF,0.03398503812469413,0.09986847224947216,0.8661464896258337
25725,LOF,0.010942585039056457,0.09155888594155868,0.8974985290193849
25726,LOF,0.016948458484987605,0.13581804352688734,0.8472334979881251
25727,LOF,0.013895372585311587,0.07985739716882903,0.9062472302458594
25728,LOF,0.010610066133514546,0.10469790075563742,0.8846920331108481
25729,LOF,0.01083825312540169,0.10300655420092122,0.886155192673677
25730,LOF,0.014867785965244103,0.1047144340978406,0.8804177799369153
25731,LOF,0.018677778486412572,0.14647608731940076,0.8348461341941867
25732,LOF,0.014517383060515084,0.05411931452304674,0.9313633024164382
25733,LOF,0.014790911205578107,0.07117095068391252,0.9140381381105094
25734,LOF,0.013883729531865414,0.14829880461264736,0.8378174658554871
25735,LOF,0.011133505479950281,0.0671907310093409,0.9216757635107088
25736,LOF,0.012455217687647645,0.06809799394331806,0.9194467883690344
25737,LOF,0.01328471075788662,0.10299644224683231,0.883718846995281
25738,LOF,0.012196674688469872,0.09649842662516724,0.8913048986863628
25739,LOF,0.018998444498728406,0.08707533762815253,0.8939262178731191
25740,LOF,0.030161863866746803,0.10235467006916128,0.867483466064092
25741,LOF,0.014062679199530474,0.10871331181874601,0.8772240089817236
25742,LOF,0.10609265989538334,0.07887588289882982,0.8150314572057867
25743,LOF,0.04582297634576176,0.0646584424453634,0.8895185812088748
25744,Neutral,0.6305082366971939,0.22713890121006783,0.14235286209273815
25745,LOF,0.06343565270038012,0.07056551055606654,0.8659988367435533
25746,LOF,0.03910319980720727,0.11772503765208013,0.8431717625407126
25747,LOF,0.018408089689609594,0.14233274765694412,0.8392591626534464
25748,LOF,0.09883881096381078,0.18733166123428782,0.7138295278019015
25749,LOF,0.025834858842543964,0.08811362211730253,0.8860515190401536
25750,LOF,0.06479979017901995,0.10065125931514013,0.83454895050584
25751,LOF,0.1182124856770647,0.1753999393342889,0.7063875749886465
25752,GOF,0.12154636513233788,0.6501916326824322,0.2282620021852298
25753,LOF,0.03192274918668895,0.406282545174776,0.561794705638535
25754,GOF,0.022853502395101515,0.7737392654474892,0.20340723215740927
25755,LOF,0.03434490047359703,0.3527505979408556,0.6129045015855474
25756,LOF,0.0714133689949342,0.423442574987893,0.5051440560171728
25757,GOF,0.018741831465063946,0.8377732422293318,0.14348492630560408
25758,GOF,0.03053552275917236,0.7608871284954883,0.20857734874533937
25759,GOF,0.015001745300785733,0.6721391800786065,0.3128590746206078
25760,LOF,0.019234161866092652,0.45593540643856534,0.524830431695342
25761,GOF,0.3023975226312558,0.5971716651288155,0.10043081223992881
25762,LOF,0.05286541356857265,0.4021485669767981,0.5449860194546292
25763,LOF,0.016346672502678707,0.3139051486196594,0.669748178877662
25764,GOF,0.06281830631230725,0.6803586918881593,0.2568230017995333
25765,GOF,0.03939141700012852,0.7746531414069995,0.18595544159287195
25766,GOF,0.10307205128324738,0.7241168929002209,0.17281105581653178
25767,GOF,0.13120927807355234,0.45481378331659794,0.41397693860984985
25768,LOF,0.09607605313384267,0.03724043655535472,0.8666835103108026
25769,LOF,0.05194119973345841,0.08031221686648997,0.8677465834000516
25770,LOF,0.41939656676548953,0.1074227516444455,0.473180681590065
25771,LOF,0.07133138344848525,0.056931631362745455,0.8717369851887693
25772,LOF,0.018800779810503893,0.05654606772174175,0.9246531524677545
25773,LOF,0.0754045725525593,0.059960557954113876,0.8646348694933268
25774,LOF,0.02723704983669966,0.12577943491826563,0.8469835152450347
25775,LOF,0.08254893302593791,0.05864988018472172,0.8588011867893405
25776,LOF,0.07148892429650701,0.03640849378484982,0.8921025819186431
25777,Neutral,0.5547979311193936,0.0780247364799548,0.3671773324006517
25778,LOF,0.06355974995342197,0.05507739044817494,0.881362859598403
25779,GOF,0.4257002254909038,0.5262385466442521,0.04806122786484409
25780,GOF,0.35993824775888633,0.5563919827954231,0.08366976944569059
25781,GOF,0.13252147028310698,0.7411194665715658,0.1263590631453272
25782,GOF,0.20062996917277293,0.7044380857046696,0.09493194512255736
25783,GOF,0.024082346153701747,0.6721713269284209,0.30374632691787734
25784,Neutral,0.5445418587005784,0.40022986077318706,0.05522828052623456
25785,Neutral,0.5436075251409485,0.39109726340442375,0.06529521145462781
25786,GOF,0.025570897852120304,0.7121805410202872,0.2622485611275924
25787,Neutral,0.7069264159777064,0.25252291830711376,0.04055066571517977
25788,LOF,0.06003301165296755,0.07973654640016754,0.8602304419468649
25789,GOF,0.20924498108661393,0.6508992010411118,0.13985581787227425
25790,GOF,0.3004265871708676,0.5672775732706721,0.1322958395584602
25791,GOF,0.13198066408299203,0.6307160163918493,0.23730331952515868
25792,GOF,0.34170741188810555,0.48292825011849577,0.17536433799339865
25793,GOF,0.24906087522256548,0.4727212801005523,0.27821784467688215
25794,GOF,0.32323222692374187,0.48176903075295263,0.19499874232330544
25795,GOF,0.06358190459300374,0.6485204680585934,0.28789762734840274
25796,Neutral,0.47588320773364007,0.4250446113976098,0.09907218086875018
25797,GOF,0.07689391320850612,0.5103125973153192,0.4127934894761747
25798,GOF,0.01058051246791879,0.57134148258922,0.41807800494286124
25799,LOF,0.008742413707361184,0.48556872895456626,0.5056888573380726
25800,GOF,0.03496700455186453,0.6519127287832045,0.3131202666649309
25801,GOF,0.20552023758077914,0.6759522406392251,0.11852752177999591
25802,GOF,0.059904525618632666,0.6840799883822712,0.2560154859990959
25803,GOF,0.04461607268429919,0.5854663670377995,0.3699175602779013
25804,GOF,0.03367719619778566,0.5111616416986999,0.4551611621035144
25805,GOF,0.09731925243677733,0.5588034579765337,0.34387728958668906
25806,GOF,0.13019024150934938,0.5955417412090811,0.2742680172815697
25807,GOF,0.017920838704529433,0.5921757610380101,0.3899034002574605
25808,GOF,0.10509647663161571,0.5822161753815259,0.31268734798685843
25809,GOF,0.01911723711959353,0.5732466118311463,0.4076361510492601
25810,GOF,0.01989442583353755,0.5659115907624216,0.4141939834040408
25811,Neutral,0.46926488204503625,0.4658273776759216,0.06490774027904213
25812,GOF,0.03968091967895519,0.6526830967748448,0.3076359835461999
25813,Neutral,0.5866404763868388,0.29795386120687317,0.11540566240628812
25814,GOF,0.13739747968853228,0.6141477765680066,0.24845474374346127
25815,GOF,0.28302631864761385,0.5469887101646822,0.16998497118770395
25816,GOF,0.019315476751363435,0.6678835564434991,0.3128009668051375
25817,GOF,0.1880520560200958,0.6736821739502853,0.138265770029619
25818,GOF,0.03913792082788535,0.5909257114538171,0.3699363677182976
25819,GOF,0.36909682617513995,0.4532691044576882,0.17763406936717194
25820,GOF,0.18317805204477516,0.5724926891458186,0.24432925880940623
25821,GOF,0.060987725137963106,0.6570379558463163,0.28197431901572056
25822,GOF,0.24067156219358707,0.5337195090196934,0.22560892878671945
25823,GOF,0.0375240911797577,0.5137631056047188,0.44871280321552337
25824,GOF,0.08948306215144497,0.5391086895126049,0.37140824833595
25825,GOF,0.03331571156098104,0.5538342130951539,0.41285007534386514
25826,GOF,0.012445618726060275,0.518546038019421,0.4690083432545187
25827,GOF,0.02090485554404121,0.5445884507501765,0.4345066937057822
25828,LOF,0.013910674230386345,0.4654591746606774,0.5206301511089362
25829,GOF,0.008228625428610753,0.5629141296075774,0.428857244963812
25830,LOF,0.043040319001957615,0.3025643115815442,0.6543953694164981
25831,GOF,0.13822726693468565,0.7165350672833515,0.14523766578196273
25832,GOF,0.03821513387386517,0.700348880934191,0.2614359851919439
25833,GOF,0.11936904629591093,0.6845423269034292,0.1960886268006598
25834,GOF,0.044707283901556476,0.6992509464088869,0.25604176968955666
25835,GOF,0.10627198441304954,0.6152870376112671,0.2784409779756833
25836,GOF,0.05284246126337262,0.6690669522087449,0.2780905865278825
25837,GOF,0.028580314198175263,0.5182936564890942,0.4531260293127305
25838,GOF,0.10505307831900733,0.6966493450842685,0.19829757659672423
25839,GOF,0.3027779703266007,0.48761590231085056,0.20960612736254886
25840,GOF,0.20964556715691818,0.5689742013196294,0.22138023152345243
25841,GOF,0.25813721367892767,0.5446785857310446,0.1971842005900279
25842,GOF,0.1770944795355922,0.6043203392166089,0.21858518124779894
25843,GOF,0.23937722283931,0.6081552818885125,0.1524674952721774
25844,GOF,0.07142548672215378,0.6418426671004817,0.2867318461773645
25845,GOF,0.016112985693213688,0.507968933354058,0.47591808095272836
25846,GOF,0.09750001875702625,0.7073432633763378,0.19515671786663588
25847,GOF,0.11545519261271982,0.6837956068933105,0.2007492004939697
25848,GOF,0.04644312479563752,0.6382723670072004,0.31528450819716214
25849,GOF,0.0139491449276675,0.5535747822478883,0.4324760728244443
25850,GOF,0.02720980719112935,0.6213397663257608,0.3514504264831098
25851,GOF,0.02305034556263912,0.5201560828440741,0.4567935715932868
25852,GOF,0.1415307236319141,0.5253947592300712,0.33307451713801467
25853,GOF,0.3194789606427864,0.5754229907679514,0.10509804858926221
25854,GOF,0.018885886443149213,0.7051789633531007,0.27593515020375015
25855,GOF,0.04284315426451513,0.623068319882713,0.3340885258527718
25856,GOF,0.23108136777994556,0.5750948133601934,0.19382381885986097
25857,GOF,0.03607997229418078,0.5396137657027501,0.42430626200306903
25858,GOF,0.019195466236887913,0.6267719308350143,0.35403260292809785
25859,GOF,0.010375092561682293,0.6206957892819251,0.36892911815639257
25860,GOF,0.2834193430289651,0.609018121281011,0.10756253569002394
25861,GOF,0.341499745093442,0.5687665379877767,0.08973371691878147
25862,GOF,0.06303586121809564,0.7740708650786098,0.16289327370329465
25863,GOF,0.07009519246644307,0.7758872187149302,0.1540175888186268
25864,GOF,0.13831552191656032,0.742746986618452,0.11893749146498779
25865,GOF,0.0696370322289626,0.7474735762421801,0.18288939152885722
25866,GOF,0.05863961893393299,0.8037139793884058,0.1376464016776611
25867,GOF,0.07081583158600896,0.8098264710739781,0.1193576973400129
25868,GOF,0.20836621507440783,0.659480852547965,0.1321529323776273
25869,Neutral,0.6568828471584607,0.28432489762441,0.05879225521712932
25870,LOF,0.28021193914127424,0.2880091980615107,0.431778862797215
25871,GOF,0.17257042361987088,0.6704932639623856,0.15693631241774353
25872,GOF,0.0815529124821112,0.6260384281819744,0.2924086593359144
25873,GOF,0.13810459223365526,0.6189069517714189,0.24298845599492605
25874,LOF,0.023590873654571697,0.08699164450115604,0.8894174818442723
25875,LOF,0.06245719727835806,0.14314329264889378,0.7943995100727482
25876,LOF,0.0241878685252688,0.08091170204578774,0.8949004294289434
25877,Neutral,0.447296171935931,0.15015065767455785,0.40255317038951116
25878,LOF,0.16045873986966644,0.2153278998806512,0.6242133602496823
25879,LOF,0.08950938634705183,0.25264069286013024,0.6578499207928179
25880,LOF,0.021849648821042896,0.040132235820371544,0.9380181153585856
25881,LOF,0.17433817007319205,0.23893302217933496,0.586728807747473
25882,LOF,0.06418691926668724,0.0322433283000633,0.9035697524332496
25883,LOF,0.07782429380629804,0.05136606018394837,0.8708096460097536
25884,LOF,0.041079472056512335,0.057844699824146556,0.9010758281193411
25885,LOF,0.05262008615545407,0.03477219923614087,0.9126077146084051
25886,LOF,0.34725049543010383,0.1276110145803834,0.5251384899895126
25887,LOF,0.18470291971613226,0.2012202286927199,0.6140768515911479
25888,LOF,0.07245657624896178,0.12359339080061393,0.8039500329504242
25889,LOF,0.035526510714106174,0.0604766111243403,0.9039968781615534
25890,LOF,0.057372865802799926,0.1285213634207638,0.8141057707764362
25891,LOF,0.06253824387745592,0.06187833873076374,0.8755834173917802
25892,LOF,0.09608820844904256,0.03111387331486337,0.8727979182360941
25893,LOF,0.328506135148953,0.021127410383510934,0.650366454467536
25894,LOF,0.18466097539015178,0.010496622560963374,0.8048424020488848
25895,LOF,0.23523400156848703,0.019187272879291988,0.745578725552221
25896,LOF,0.04907737810567369,0.02277290567042097,0.9281497162239053
25897,LOF,0.24981542906669232,0.02584999889767174,0.7243345720356359
25898,Neutral,0.8067398380596937,0.017527622323811266,0.175732539616495
25899,LOF,0.2605672236048664,0.04613615805371875,0.6932966183414149
25900,Neutral,0.6102817304097026,0.013356425036245624,0.37636184455405175
25901,LOF,0.04892980840191798,0.012618360612256244,0.9384518309858259
25902,LOF,0.17849278112370423,0.01357171064621841,0.8079355082300773
25903,Neutral,0.6642747275184314,0.04347158474811799,0.29225368773345056
25904,LOF,0.26551659318485565,0.04757533894208637,0.686908067873058
25905,LOF,0.038221337412712365,0.3113072132051459,0.6504714493821417
25906,LOF,0.029881650636855016,0.05867191183677653,0.9114464375263684
25907,LOF,0.014090999382069518,0.3534165164641334,0.6324924841537971
25908,LOF,0.015787943775385532,0.2245029464821739,0.7597091097424405
25909,LOF,0.017959492721737327,0.09906276014941438,0.8829777471288484
25910,LOF,0.033968886418190056,0.3179057380600677,0.6481253755217422
25911,LOF,0.07702994382850999,0.07298620513053893,0.8499838510409511
25912,LOF,0.04282343652311918,0.10905867026230105,0.8481178932145799
25913,LOF,0.26445157479353104,0.047673059115576295,0.6878753660908927
25914,LOF,0.01895589756542548,0.11267372013367187,0.8683703823009026
25915,GOF,0.3056007732422512,0.3840049868809836,0.31039423987676523
25916,LOF,0.022943073721662564,0.48207068516818696,0.4949862411101503
25917,LOF,0.04153894260858987,0.058154794818254946,0.9003062625731553
25918,LOF,0.02282166031886265,0.06544747953109219,0.9117308601500451
25919,LOF,0.02083327220105403,0.07165287625042151,0.9075138515485245
25920,GOF,0.11623314880564282,0.49115900178168354,0.3926078494126737
25921,LOF,0.035342860642089566,0.02035304121838386,0.9443040981395264
25922,LOF,0.04768065421641856,0.015221084066020563,0.9370982617175609
25923,LOF,0.3813908628874222,0.019680080408068287,0.5989290567045095
25924,LOF,0.042684124174311125,0.020299473489900372,0.9370164023357886
25925,LOF,0.0674415269605066,0.026543985522693377,0.9060144875168001
25926,LOF,0.05070159210888499,0.01815629812803114,0.931142109763084
25927,LOF,0.07636450446025302,0.041999134694194716,0.8816363608455522
25928,LOF,0.025953262927387748,0.01699808454834972,0.9570486525242626
25929,Neutral,0.5220589188942925,0.023348139413532403,0.4545929416921753
25930,LOF,0.06611002884291992,0.01541007388414959,0.9184798972729304
25931,LOF,0.03451710265079112,0.015774763777449432,0.9497081335717595
25932,LOF,0.029406842259234487,0.01546018289884609,0.9551329748419194
25933,LOF,0.03750793231550064,0.009913692729342284,0.9525783749551572
25934,LOF,0.027440895740041306,0.013399681289376263,0.9591594229705825
25935,LOF,0.06580655800391257,0.025234231640726055,0.9089592103553613
25936,LOF,0.045032409047991794,0.0162013106098092,0.938766280342199
25937,LOF,0.03454786514803948,0.018707019772532533,0.9467451150794279
25938,LOF,0.06359961426757717,0.030893900238118378,0.9055064854943043
25939,LOF,0.04197137294166781,0.010324999221389514,0.9477036278369426
25940,GOF,0.021785154738285982,0.5028195042210327,0.4753953410406814
25941,LOF,0.15000327001999567,0.09428384810497321,0.7557128818750312
25942,LOF,0.014455155746324987,0.036803851977621434,0.9487409922760535
25943,LOF,0.3472145962642902,0.08585019644864145,0.5669352072870684
25944,LOF,0.47052042375061764,0.04814376923020838,0.481335807019174
25945,LOF,0.0781919140990282,0.034440742097613906,0.8873673438033579
25946,LOF,0.036918477563208964,0.14515992664645533,0.8179215957903356
25947,LOF,0.1323934618110805,0.2363834541346193,0.6312230840543002
25948,LOF,0.4260377763383071,0.016737785394347213,0.5572244382673457
25949,LOF,0.1088866504729561,0.0619406216158496,0.8291727279111942
25950,GOF,0.21515585093822515,0.5138815308760272,0.2709626181857476
25951,LOF,0.19768444599237034,0.14374225818921887,0.6585732958184107
25952,LOF,0.04818202967582493,0.41028869747064944,0.5415292728535256
25953,LOF,0.12574047261136823,0.10588847564687198,0.7683710517417597
25954,LOF,0.3301226417820328,0.2568742639659785,0.41300309425198867
25955,LOF,0.06730173120887642,0.0963214995982117,0.8363767691929119
25956,LOF,0.2186859136534819,0.058066501931237156,0.723247584415281
25957,LOF,0.05103714184949945,0.020708507858416134,0.9282543502920844
25958,LOF,0.06342470773426703,0.028273450146362296,0.9083018421193707
25959,LOF,0.08391011619105186,0.3562887823036244,0.5598011015053238
25960,LOF,0.02523106728703308,0.06239609806196675,0.912372834651
25961,LOF,0.054747129084679054,0.038135916525354314,0.9071169543899665
25962,LOF,0.056875158448704596,0.04767357608357916,0.8954512654677163
25963,LOF,0.0632958084210461,0.18272182255020875,0.7539823690287452
25964,LOF,0.032863305512729764,0.1655778908134882,0.801558803673782
25965,Neutral,0.47935583508384083,0.07221275755267598,0.4484314073634832
25966,LOF,0.3254382173435816,0.2982270466040967,0.37633473605232165
25967,LOF,0.0166704546562523,0.09436760798931844,0.8889619373544293
25968,LOF,0.05643310375433412,0.42153155878256093,0.5220353374631049
25969,LOF,0.02941114741860809,0.05317164205771384,0.917417210523678
25970,LOF,0.07104430138146993,0.04444849173997802,0.884507206878552
25971,LOF,0.07561637522891913,0.022391154382832214,0.9019924703882487
25972,LOF,0.07043503817324254,0.025116306247448372,0.9044486555793091
25973,LOF,0.08607508970516217,0.010347602762687327,0.9035773075321505
25974,LOF,0.32827021890514013,0.032152348140314105,0.6395774329545458
25975,LOF,0.050430269158260904,0.02792484249871353,0.9216448883430256
25976,LOF,0.034101253109797676,0.021452053421267027,0.9444466934689352
25977,LOF,0.13187713708770524,0.13240495507744163,0.7357179078348532
25978,LOF,0.16039853381585878,0.09782410874255654,0.7417773574415847
25979,LOF,0.14752139499988287,0.07971855525912835,0.7727600497409889
25980,LOF,0.17225595614292882,0.175585358162828,0.6521586856942433
25981,LOF,0.21012161157778877,0.16561300445498398,0.6242653839672272
25982,LOF,0.4200923825170582,0.0802849866846109,0.4996226307983308
25983,LOF,0.4028518476768589,0.07385476746557723,0.5232933848575638
25984,LOF,0.04857314914860063,0.10988797767417945,0.8415388731772199
25985,LOF,0.022903806092587506,0.3159977941401007,0.6610983997673119
25986,LOF,0.028553880386262373,0.3048150753000901,0.6666310443136475
25987,LOF,0.08701034004646584,0.08882333040193499,0.8241663295515991
25988,LOF,0.1082740163475629,0.08116492183596953,0.8105610618164676
25989,LOF,0.02612416376522267,0.13150275108831583,0.8423730851464615
25990,LOF,0.03567171058795583,0.1156346606998769,0.8486936287121674
25991,LOF,0.1941664890802558,0.27861167704733725,0.527221833872407
25992,LOF,0.3738510892414743,0.18435637818492834,0.4417925325735973
25993,LOF,0.030194818158631637,0.06630900674106502,0.9034961751003033
25994,LOF,0.0197773061342085,0.09420563406103241,0.886017059804759
25995,LOF,0.03360134891980016,0.08614499323829898,0.8802536578419008
25996,GOF,0.3079841965710258,0.4187362447651592,0.27327955866381487
25997,LOF,0.11583085773197943,0.4283126273574303,0.45585651491059026
25998,Neutral,0.5694020114540499,0.02797942423991714,0.4026185643060331
25999,LOF,0.11365925204987758,0.1051195593306906,0.7812211886194319
26000,LOF,0.07282125777312827,0.024103880796093824,0.903074861430778
26001,LOF,0.17231961067375254,0.03948614262832346,0.7881942466979239
26002,LOF,0.0886536576992498,0.029358840518141863,0.8819875017826083
26003,GOF,0.01053499379999997,0.6512940401241963,0.3381709660758037
26004,GOF,0.02383916810023173,0.6564300161948019,0.3197308157049664
26005,LOF,0.011260842595023472,0.49335167439996114,0.4953874830050155
26006,Neutral,0.5100382790094713,0.27004297202471633,0.2199187489658123
26007,GOF,0.02017997630898488,0.5967284551246663,0.38309156856634885
26008,GOF,0.017931620073864802,0.5833102448271335,0.3987581350990017
26009,GOF,0.032302000937299624,0.6697498353472106,0.29794816371548977
26010,GOF,0.01949484240290203,0.6972205839498803,0.28328457364721776
26011,LOF,0.010371137168849555,0.49148329536509017,0.4981455674660603
26012,GOF,0.018001179394439907,0.5565337285405096,0.4254650920650504
26013,GOF,0.014036178337828217,0.6859240979662217,0.3000397236959501
26014,LOF,0.04400329716445828,0.15769468260188177,0.7983020202336599
26015,LOF,0.22161166241815447,0.010638011224442164,0.7677503263574034
26016,LOF,0.26077415273452376,0.053174595940421475,0.6860512513250547
26017,LOF,0.16259314174389428,0.08519512597007008,0.7522117322860357
26018,LOF,0.09700264440340013,0.03782228925186575,0.8651750663447342
26019,LOF,0.09550340065170747,0.023900727157745168,0.8805958721905474
26020,LOF,0.06240266792746679,0.0912089501411905,0.8463883819313426
26021,LOF,0.055006050617613135,0.10596012737361554,0.8390338220087713
26022,LOF,0.010559277555229174,0.05077007800855721,0.9386706444362136
26023,LOF,0.12794378872021703,0.025451376855324535,0.8466048344244586
26024,LOF,0.027514632901065268,0.0997807990568064,0.8727045680421284
26025,LOF,0.16096411281767156,0.0567185262747773,0.7823173609075512
26026,LOF,0.33740327272749676,0.012215894166942128,0.6503808331055612
26027,LOF,0.09772250841544436,0.016889510478271436,0.8853879811062841
26028,LOF,0.2006460308299105,0.1096919940960555,0.6896619750740339
26029,LOF,0.11198954350791498,0.1497947774529181,0.7382156790391668
26030,LOF,0.031894137779499655,0.03410520368933216,0.9340006585311682
26031,LOF,0.03697765043011761,0.11056783020070149,0.8524545193691809
26032,LOF,0.09079268001970119,0.023419897005782342,0.8857874229745165
26033,LOF,0.13822035192271284,0.023350739077765026,0.838428908999522
26034,LOF,0.06396106258966267,0.11263862422357004,0.8234003131867672
26035,LOF,0.043646934162187824,0.09367088681759009,0.8626821790202222
26036,LOF,0.06317546947896123,0.114457554460502,0.8223669760605367
26037,LOF,0.03668857543855015,0.09220996478275471,0.8711014597786951
26038,LOF,0.08909812997449147,0.02289555052893688,0.8880063194965717
26039,LOF,0.08955470535170787,0.10084565971566326,0.8095996349326289
26040,LOF,0.26348024966649247,0.06493793552417586,0.6715818148093317
26041,LOF,0.03632844424286554,0.08600081983854374,0.8776707359185907
26042,LOF,0.0354786706089746,0.08613361822946161,0.8783877111615638
26043,LOF,0.0841793451886068,0.03380609611355542,0.8820145586978378
26044,LOF,0.03895344170840128,0.04115199532439965,0.919894562967199
26045,LOF,0.1098922290011778,0.0691433524619712,0.820964418536851
26046,LOF,0.0942026358325381,0.03607525458179856,0.8697221095856633
26047,LOF,0.12164500273633903,0.04492532517539948,0.8334296720882615
26048,LOF,0.0570629223356892,0.039941139103548566,0.9029959385607623
26049,Neutral,0.9469508821435189,0.005269734425889595,0.04777938343059157
26050,Neutral,0.9260244561743753,0.005576714282437507,0.06839882954318703
26051,GOF,0.03235665435712325,0.5470032867046974,0.4206400589381793
26052,GOF,0.0330514395889563,0.6243416251499367,0.34260693526110697
26053,LOF,0.06105396134036707,0.38714296060760556,0.5518030780520274
26054,LOF,0.05843165900238347,0.0703666448065177,0.8712016961910989
26055,LOF,0.07550086174808086,0.07032489206362653,0.8541742461882926
26056,LOF,0.06358215593017456,0.08300003925072022,0.8534178048191052
26057,LOF,0.03024200082225405,0.02767786938671296,0.942080129791033
26058,LOF,0.030187008347556808,0.024502384557014402,0.9453106070954289
26059,LOF,0.35640292979066374,0.07262700447191185,0.5709700657374244
26060,LOF,0.02913981994778301,0.32028717416197916,0.6505730058902378
26061,LOF,0.01699651468573902,0.058514643861450846,0.9244888414528101
26062,LOF,0.01316478647983454,0.06006356801534321,0.9267716455048223
26063,LOF,0.02483083269546758,0.0314965435012338,0.9436726238032986
26064,LOF,0.02328628946676567,0.044596345549191355,0.932117364984043
26065,LOF,0.027393343153289795,0.03170096040358611,0.9409056964431242
26066,LOF,0.02164173437306475,0.03707194100574311,0.9412863246211922
26067,LOF,0.024429003704715752,0.025251796190950068,0.9503192001043342
26068,LOF,0.052569058765813394,0.0695136190177891,0.8779173222163976
26069,LOF,0.40970990629338666,0.07272325723923936,0.517566836467374
26070,Neutral,0.6390671271405773,0.03388988690417269,0.32704298595525005
26071,LOF,0.024250342990278475,0.037117894130018717,0.9386317628797027
26072,LOF,0.024977965744122473,0.06717933669474149,0.907842697561136
26073,LOF,0.026530592067490137,0.03053605324686636,0.9429333546856435
26074,Neutral,0.8706879924575271,0.014978372039639101,0.11433363550283374
26075,LOF,0.03995277994168012,0.05865211524319092,0.901395104815129
26076,LOF,0.044073111776265966,0.022339131677099038,0.9335877565466351
26077,LOF,0.00998374311069491,0.0759619551754523,0.9140543017138527
26078,LOF,0.013645155801094846,0.05024264421389969,0.9361121999850055
26079,LOF,0.052580150220598754,0.05429324063431177,0.8931266091450895
26080,LOF,0.052580150220598754,0.05429324063431177,0.8931266091450895
26081,LOF,0.03293625492023094,0.020526033172893723,0.9465377119068753
26082,LOF,0.020450911876485803,0.0678333772099837,0.9117157109135304
26083,LOF,0.1453421867698572,0.03414537582293014,0.8205124374072126
26084,LOF,0.02776093034936814,0.0426142681675924,0.9296248014830395
26085,LOF,0.02319256573809088,0.03764402897223537,0.9391634052896738
26086,LOF,0.02313116420287522,0.04180875216503283,0.9350600836320918
26087,LOF,0.025928942189381226,0.0307102768700828,0.9433607809405359
26088,LOF,0.02485281151581575,0.07341405046454398,0.9017331380196403
26089,LOF,0.04606801859321578,0.07774284352655735,0.8761891378802268
26090,LOF,0.043374007189849066,0.06261431377822801,0.8940116790319229
26091,LOF,0.039376257550350326,0.01985801229370343,0.9407657301559463
26092,LOF,0.030019312046425762,0.025381462988747282,0.9445992249648268
26093,LOF,0.04238703393569931,0.015974039746349627,0.941638926317951
26094,LOF,0.04426908837011115,0.016441381023215948,0.939289530606673
26095,LOF,0.040611194243271184,0.056533054105931346,0.9028557516507975
26096,LOF,0.016729036771799072,0.0451876148561127,0.9380833483720883
26097,LOF,0.011335795833093866,0.1195979496453773,0.8690662545215289
26098,LOF,0.060934207513923436,0.047287901584255755,0.8917778909018208
26099,LOF,0.025757167728234238,0.04685180792938166,0.9273910243423841
26100,LOF,0.026512352642701263,0.04265199212713548,0.9308356552301633
26101,LOF,0.059440286030031854,0.046238089607934754,0.8943216243620334
26102,LOF,0.027408448062036253,0.030959660996708206,0.9416318909412554
26103,Neutral,0.8705119996422981,0.05710663182293746,0.07238136853476451
26104,LOF,0.0483311489265944,0.08340767700983165,0.8682611740635741
26105,LOF,0.28119812339562733,0.2202454987148492,0.4985563778895236
26106,LOF,0.15611596415241208,0.15735923942211105,0.6865247964254769
26107,LOF,0.2675697783125325,0.14155758359735846,0.5908726380901091
26108,LOF,0.1921600339486168,0.15802805465635417,0.649811911395029
26109,LOF,0.05269614411367193,0.1809853514755703,0.7663185044107578
26110,LOF,0.29581592690672454,0.015342741917919062,0.6888413311753563
26111,LOF,0.4530473705062986,0.02351585695515877,0.5234367725385426
26112,LOF,0.04262158270084803,0.01754340156691424,0.9398350157322377
26113,LOF,0.05914237037076108,0.039899684610816145,0.9009579450184229
26114,LOF,0.01929569723180751,0.027506149680510242,0.9531981530876822
26115,LOF,0.0956628923357676,0.052444989770552015,0.8518921178936804
26116,LOF,0.05309689730688373,0.061850373618502034,0.8850527290746142
26117,LOF,0.3249360876405299,0.0961910816197229,0.5788728307397473
26118,LOF,0.04256040643180605,0.05011823899270086,0.907321354575493
26119,LOF,0.024122320049631114,0.07838458449281274,0.8974930954575562
26120,LOF,0.03508769665788209,0.04401481962158761,0.9208974837205304
26121,LOF,0.04894790023489497,0.11943846111349517,0.8316136386516099
26122,LOF,0.05253575069888534,0.0627365902127128,0.8847276590884019
26123,LOF,0.033143951618590864,0.1389956414818858,0.8278604068995233
