feature0,prediction,LoGoFunc_Neutral,LoGoFunc_GOF,LoGoFunc_LOF
25546,Neutral,0.640017380823257,0.05039337974461444,0.3095892394321286
25547,Neutral,0.5482007242822985,0.07556580230033765,0.37623347341736385
25548,Neutral,0.5435855382725937,0.07105958133839567,0.3853548803890106
25549,Neutral,0.4986859878971045,0.07078437569990005,0.4305296364029954
25550,LOF,0.39542942021028415,0.08379503905517946,0.5207755407345362
25551,LOF,0.3602067181768192,0.08616854552832091,0.5536247362948599
25552,LOF,0.31392656555660803,0.1012438261100598,0.5848296083333322
25553,Neutral,0.7937469606714275,0.04469284120155208,0.1615601981270205
25554,LOF,0.34651478538210684,0.08995617702440764,0.5635290375934856
25555,LOF,0.3009928195815597,0.09259192411183144,0.6064152563066088
25556,Neutral,0.4602610492270036,0.08343826868057883,0.4563006820924177
25557,LOF,0.28867139674356124,0.091250727440659,0.6200778758157798
25558,LOF,0.3477147456460583,0.08502694166266865,0.567258312691273
25559,LOF,0.2508813202001504,0.05106294033445331,0.6980557394653963
25560,LOF,0.09708445965492586,0.17884377228856516,0.724071768056509
25561,LOF,0.1053856169024778,0.2584231521323274,0.6361912309651947
25562,LOF,0.03148296475131705,0.10346036916894034,0.8650566660797426
25563,LOF,0.0066182386859691515,0.17227211586567917,0.8211096454483517
25564,LOF,0.07135691934430274,0.11424681194614818,0.8143962687095491
25565,LOF,0.17837480380662388,0.1254812780947416,0.6961439180986345
25566,GOF,0.06247694282883131,0.7087044791121443,0.2288185780590244
25567,LOF,0.03932323105529387,0.16954856607873006,0.7911282028659762
25568,LOF,0.05990092742530473,0.09914373627840005,0.8409553362962952
25569,LOF,0.06089339407314387,0.09532343621698443,0.8437831697098718
25570,LOF,0.02693136458397578,0.14379988878282615,0.829268746633198
25571,LOF,0.026205532380895343,0.1461975744295444,0.8275968931895603
25572,LOF,0.05525674809742505,0.2100325816843768,0.7347106702181981
25573,LOF,0.062022624722235346,0.13142969087068498,0.8065476844070796
25574,LOF,0.07378117687036458,0.24560919395514239,0.680609629174493
25575,LOF,0.02426249313731273,0.16646070962311682,0.8092767972395704
25576,LOF,0.02494973499319872,0.24604112213086762,0.7290091428759335
25577,LOF,0.028626779617131087,0.19929479514248372,0.7720784252403851
25578,LOF,0.30028489068186015,0.10350652393131855,0.5962085853868213
25579,LOF,0.21181419093027015,0.1035702548399181,0.6846155542298118
25580,LOF,0.023533905141111464,0.10373933454021296,0.8727267603186756
25581,LOF,0.04902119853747557,0.10814722618757033,0.842831575274954
25582,LOF,0.04834367563004793,0.10602122961947412,0.8456350947504779
25583,LOF,0.03168671870860489,0.11869255627443144,0.8496207250169637
25584,Neutral,0.7003606746288109,0.13334401903177037,0.16629530633941864
25585,LOF,0.023969692436618385,0.2103995871532182,0.7656307204101636
25586,LOF,0.020663202598624697,0.13289532698556977,0.8464414704158055
25587,LOF,0.02089905972657951,0.11797333732208748,0.861127602951333
25588,LOF,0.02578964398902437,0.09972344805112406,0.8744869079598515
25589,Neutral,0.5627595467884774,0.21366013936342684,0.22358031384809574
25590,LOF,0.05430698294469325,0.1578257832859148,0.7878672337693919
25591,LOF,0.10781050156182809,0.09752599358346994,0.794663504854702
25592,LOF,0.07427451824611708,0.19144015581690624,0.7342853259369767
25593,LOF,0.13175072442781352,0.3165546076577959,0.5516946679143906
25594,LOF,0.05545163279193676,0.03246163315254948,0.9120867340555137
25595,LOF,0.06217516168291497,0.020801781944262063,0.917023056372823
25596,LOF,0.11876792587250613,0.014025779681607481,0.8672062944458864
25597,LOF,0.0886994671656943,0.014249982118094676,0.8970505507162111
25598,LOF,0.0532636380145888,0.021091489194111246,0.9256448727913
25599,LOF,0.028772029435078134,0.3607071015572872,0.6105208690076346
25600,LOF,0.1748968205224631,0.36041464544627977,0.46468853403125715
25601,LOF,0.053057160783027454,0.2761980968354703,0.6707447423815023
25602,LOF,0.03345112082300402,0.0688072404426283,0.8977416387343676
25603,LOF,0.04588448820581266,0.06607309028934073,0.8880424215048467
25604,LOF,0.053169576583256245,0.11060306224417442,0.8362273611725694
25605,LOF,0.04385491925790058,0.17702242247339475,0.7791226582687047
25606,Neutral,0.3906734311699933,0.24859736925701204,0.36072919957299454
25607,LOF,0.03479234625823801,0.2526350920419779,0.712572561699784
25608,LOF,0.04195624680507683,0.10879166995078995,0.8492520832441331
25609,GOF,0.16817562999791624,0.5636977133335166,0.26812665666856716
25610,LOF,0.018433115595654782,0.05723765090706591,0.9243292334972794
25611,LOF,0.013950043620421715,0.06025507474498738,0.9257948816345909
25612,LOF,0.049403727876467074,0.0724003289702427,0.8781959431532902
25613,LOF,0.04669676488317074,0.06715378624459904,0.8861494488722301
25614,LOF,0.023396409412396655,0.05739673409805142,0.9192068564895518
25615,LOF,0.044556163236390986,0.06159221218900961,0.8938516245745994
25616,LOF,0.06231524185530083,0.060509835354290456,0.8771749227904088
25617,LOF,0.04785937157121883,0.06599629213788365,0.8861443362908975
25618,LOF,0.04670084836088489,0.10100543340842683,0.8522937182306882
25619,LOF,0.01407850454334147,0.07973267987888456,0.9061888155777739
25620,LOF,0.051477612036719377,0.06831385421955491,0.8802085337437258
25621,LOF,0.06583873228861963,0.059663749414475886,0.8744975182969045
25622,LOF,0.07589965993263814,0.07760513512270867,0.8464952049446532
25623,LOF,0.05994515391205484,0.07042024610577287,0.8696345999821723
25624,LOF,0.022415198288347586,0.06202243497076308,0.9155623667408893
25625,LOF,0.05928884140665508,0.07560870518276853,0.8651024534105763
25626,LOF,0.049455272208277425,0.06346702977211446,0.8870776980196081
25627,Neutral,0.879599536484439,0.025404894890749197,0.09499556862481186
25628,LOF,0.19415536393418045,0.0638818887054374,0.7419627473603823
25629,LOF,0.06684508268611541,0.06696922207159502,0.8661856952422895
25630,LOF,0.28693306853279665,0.07602537137259693,0.6370415600946063
25631,Neutral,0.539391073903801,0.05288252644238727,0.40772639965381174
25632,LOF,0.029190604200704694,0.16972445317805676,0.8010849426212386
25633,LOF,0.23848003875587062,0.09337789767792487,0.6681420635662045
25634,LOF,0.04078565659079006,0.1569031758647597,0.8023111675444503
25635,LOF,0.0347634308019058,0.0758314963687043,0.8894050728293899
25636,GOF,0.035096975812307446,0.5208027545464587,0.4441002696412338
25637,LOF,0.0457184396067493,0.4727009968878464,0.48158056350540435
25638,LOF,0.03021695099440868,0.4258309620659201,0.5439520869396712
25639,LOF,0.035492460880833424,0.40402759125936816,0.5604799478597984
25640,Neutral,0.8427626504485538,0.0979453732757469,0.059291976275699286
25641,LOF,0.10856535432639974,0.38504170556569245,0.5063929401079078
25642,LOF,0.09292470614324397,0.18334595847690346,0.7237293353798526
25643,LOF,0.3090349592838789,0.08880891187556465,0.6021561288405565
25644,GOF,0.01047856626260486,0.6128351650766585,0.3766862686607365
25645,GOF,0.012455325578313395,0.5694393942112399,0.41810528021044674
25646,LOF,0.02213555480303603,0.36370529420820685,0.6141591509887571
25647,LOF,0.010438346257953706,0.2795292886998003,0.710032365042246
25648,LOF,0.013718508857158314,0.3537432812717377,0.6325382098711039
25649,LOF,0.008858970579344684,0.26441236223580994,0.7267286671848453
25650,GOF,0.02949539238634616,0.5763316982522938,0.39417290936136007
25651,LOF,0.011131724961478682,0.37515962788042617,0.613708647158095
25652,LOF,0.011926777491367873,0.39903922489809546,0.5890339976105367
25653,GOF,0.044895852261816166,0.5647767261498003,0.39032742158838357
25654,LOF,0.012143457940064365,0.24877999838336587,0.7390765436765697
25655,GOF,0.1124624146175644,0.5862907102180422,0.3012468751643933
25656,LOF,0.26114667623375737,0.07895852975330027,0.6598947940129424
25657,LOF,0.03630628982242339,0.08239977897219825,0.8812939312053784
25658,LOF,0.2599100025079192,0.10856078970018537,0.6315292077918955
25659,LOF,0.43365408832965985,0.11262137100535818,0.4537245406649819
25660,LOF,0.021872694692643645,0.10065778044277159,0.8774695248645847
25661,LOF,0.07285546210411836,0.06497643662042485,0.8621681012754568
25662,LOF,0.0275098414490628,0.038982242171353106,0.9335079163795842
25663,LOF,0.029820349694497473,0.037632427803110234,0.9325472225023923
25664,LOF,0.10217152417430993,0.06569539879903734,0.8321330770266527
25665,LOF,0.06683397914034844,0.03302341146123398,0.9001426093984176
25666,LOF,0.07525690196277281,0.055394863587459015,0.8693482344497682
25667,LOF,0.06613641333478175,0.04421685665307665,0.8896467300121417
25668,LOF,0.029032887817144033,0.05406380981928185,0.9169033023635742
25669,LOF,0.021962767227749883,0.0497164551443698,0.9283207776278802
25670,LOF,0.13091970770020883,0.04783223727986086,0.8212480550199303
25671,LOF,0.09939648222446958,0.03743696891967472,0.8631665488558556
25672,LOF,0.05411285874860406,0.05094489702668152,0.8949422442247144
25673,LOF,0.08781268280466117,0.04504965512577522,0.8671376620695636
25674,LOF,0.08611984799165501,0.058474845276794724,0.8554053067315504
25675,LOF,0.08255860747079236,0.0706316932756569,0.8468096992535509
25676,LOF,0.017361966036031396,0.06109701284134111,0.9215410211226275
25677,LOF,0.016129647745013197,0.0878702369134759,0.8960001153415109
25678,LOF,0.1624157313267828,0.0960235765985772,0.74156069207464
25679,LOF,0.11003714246534407,0.10331242905341952,0.7866504284812365
25680,LOF,0.026791406213481687,0.12801723403270704,0.8451913597538113
25681,LOF,0.04272108751850834,0.1133916437214965,0.8438872687599952
25682,LOF,0.11320844427998145,0.07774112989051163,0.8090504258295069
25683,LOF,0.0972675910816388,0.0923377878601943,0.810394621058167
25684,LOF,0.026773607139408354,0.06293031133072302,0.9102960815298687
25685,LOF,0.13227352841816145,0.08809159877558809,0.7796348728062505
25686,LOF,0.10243972941884175,0.12547105681030243,0.7720892137708559
25687,LOF,0.12937765921783528,0.12294877305940562,0.7476735677227592
25688,LOF,0.4067481706653702,0.028890312416151667,0.5643615169184781
25689,LOF,0.2794003457409147,0.03913844317017351,0.6814612110889118
25690,LOF,0.3476914322844656,0.029065612909327083,0.6232429548062074
25691,Neutral,0.6798092502008797,0.02632235629290243,0.2938683935062178
25692,LOF,0.3815408239254953,0.009363932723636665,0.6090952433508681
25693,LOF,0.03866078230478867,0.45417469664474974,0.5071645210504616
25694,LOF,0.1056627150849252,0.01675301751191694,0.8775842674031579
25695,LOF,0.10563889334374824,0.007851556855580142,0.8865095498006716
25696,LOF,0.11910769793284735,0.009519455895870796,0.8713728461712819
25697,LOF,0.058733063677474974,0.07547082205845966,0.8657961142640654
25698,LOF,0.22541735954296285,0.2544892493420256,0.5200933911150115
25699,LOF,0.44554731304701894,0.026267883940747153,0.5281848030122339
25700,LOF,0.0648361343150051,0.00823188823947589,0.926931977445519
25701,LOF,0.18058785999955285,0.027767742400634433,0.7916443975998126
25702,GOF,0.20048052466097624,0.6081271824256542,0.19139229291336962
25703,LOF,0.01743010008951545,0.17467142821717266,0.8078984716933119
25704,LOF,0.0345023021630561,0.16035199376222078,0.8051457040747232
25705,LOF,0.04106066718473017,0.07708540556448899,0.8818539272507808
25706,GOF,0.10110441040228652,0.46061057128625726,0.4382850183114562
25707,LOF,0.08041016288506526,0.4072096350759685,0.5123802020389662
25708,LOF,0.03665216447122688,0.37087650773051256,0.5924713277982605
25709,LOF,0.07679897046667096,0.03298215588289149,0.8902188736504374
25710,LOF,0.015881394921816214,0.14018709145367003,0.8439315136245138
25711,LOF,0.01995952026713072,0.07256460730561096,0.9074758724272584
25712,LOF,0.017045836805601088,0.17734840023713355,0.8056057629572654
25713,LOF,0.01893709739885795,0.06310418730019958,0.9179587153009424
25714,LOF,0.07957066717819705,0.05101575702994239,0.8694135757918606
25715,LOF,0.011447202320922233,0.10252013085774264,0.8860326668213351
25716,LOF,0.011322742446554505,0.09510696746140662,0.8935702900920388
25717,LOF,0.017700686455634,0.06184239841362351,0.9204569151307423
25718,LOF,0.012134337095630495,0.044602050553094026,0.9432636123512754
25719,LOF,0.022946725702791347,0.058208955550803444,0.9188443187464052
25720,LOF,0.02755533279623499,0.04246011033488089,0.929984556868884
25721,LOF,0.011490709136192398,0.0589501857197857,0.929559105144022
25722,LOF,0.01358131088636392,0.04999144901388817,0.9364272400997479
25723,LOF,0.025221573777232744,0.03446918361321462,0.9403092426095526
25724,LOF,0.03162746935070003,0.06701071881367171,0.9013618118356282
25725,LOF,0.011745787708876066,0.058957679555495336,0.9292965327356285
25726,LOF,0.017017894666016536,0.07621821286361444,0.906763892470369
25727,LOF,0.01420425813311038,0.050071217601195574,0.935724524265694
25728,LOF,0.010865216424148208,0.06391613854935804,0.9252186450264936
25729,LOF,0.010951734878448572,0.0650320726405502,0.9240161924810012
25730,LOF,0.014415293626218491,0.06439555494383027,0.9211891514299513
25731,LOF,0.021389763359919014,0.08286159257414917,0.8957486440659319
25732,LOF,0.013587105096831984,0.0420654101268593,0.9443474847763088
25733,LOF,0.015217239101971931,0.05082585220059181,0.9339569086974362
25734,LOF,0.012519934177341584,0.1255039138126269,0.8619761520100315
25735,LOF,0.011785723545462206,0.051189902431086634,0.9370243740234511
25736,LOF,0.012806048860548274,0.05588316502577596,0.9313107861136757
25737,LOF,0.01220558474808093,0.09215740954072854,0.8956370057111906
25738,LOF,0.012374931908596962,0.09733630533061516,0.8902887627607879
25739,LOF,0.020892177462765435,0.06397305533976955,0.915134767197465
25740,LOF,0.03147809744787164,0.10142231737528933,0.8670995851768389
25741,LOF,0.01558988560541631,0.0929845982509733,0.8914255161436103
25742,LOF,0.12250249019388677,0.06709924474079107,0.8103982650653221
25743,LOF,0.04044268781217127,0.06516406076712411,0.8943932514207046
25744,Neutral,0.613101530487516,0.27304216164997436,0.11385630786250957
25745,LOF,0.060507932250192124,0.09329512773197575,0.8461969400178321
25746,LOF,0.044689262207174854,0.11845994436337037,0.8368507934294549
25747,LOF,0.01685892341186095,0.15746292093820302,0.8256781556499361
25748,LOF,0.112026244718104,0.24502906626677748,0.6429446890151186
25749,LOF,0.025198276845397445,0.11999113551079064,0.8548105876438119
25750,LOF,0.061978130000509904,0.1506430908327029,0.7873787791667872
25751,LOF,0.11109052402661422,0.1833924818436614,0.7055169941297245
25752,GOF,0.12371745537461133,0.6530771049320219,0.2232054396933669
25753,LOF,0.033382743421759654,0.4087242532084433,0.5578930033697971
25754,GOF,0.019585268029639037,0.8026961987458566,0.17771853322450426
25755,LOF,0.03270985669055888,0.3601620277062838,0.6071281156031573
25756,LOF,0.05737252531179593,0.4271882680311628,0.5154392066570412
25757,GOF,0.015237699454908436,0.8820289564278464,0.10273334411724513
25758,GOF,0.023031084469700862,0.7916532760452032,0.18531563948509586
25759,GOF,0.011606550188914013,0.6783471737841719,0.3100462760269142
25760,LOF,0.01968824625994413,0.39025338048354913,0.5900583732565068
25761,GOF,0.2680241969786484,0.6394582531911402,0.09251754983021145
25762,LOF,0.046587861332896295,0.3365729563197069,0.6168391823473968
25763,LOF,0.0193027904994375,0.25667922598649456,0.724017983514068
25764,GOF,0.06658720784568524,0.6931232276382798,0.240289564516035
25765,GOF,0.03395950247459943,0.7692240529097816,0.19681644461561895
25766,GOF,0.07644778855417143,0.7601717477367737,0.163380463709055
25767,LOF,0.15486891947457554,0.42010876918337187,0.42502231134205265
25768,LOF,0.12518477877045037,0.042452912281808336,0.8323623089477412
25769,LOF,0.05424841297245198,0.061096374872382474,0.8846552121551655
25770,LOF,0.4125937586010789,0.10162622822237334,0.4857800131765478
25771,LOF,0.06343760081589854,0.05729244835531891,0.8792699508287826
25772,LOF,0.018800403185214226,0.050115527528417726,0.931084069286368
25773,LOF,0.06949190230316879,0.05925384720129344,0.8712542504955377
25774,LOF,0.02725114112138945,0.1307599523381812,0.8419889065404295
25775,LOF,0.07203317673062354,0.05164820423132368,0.8763186190380527
25776,LOF,0.0741979963184817,0.03043349003957941,0.8953685136419389
25777,Neutral,0.5181415261450618,0.08638863543598843,0.39546983841894984
25778,LOF,0.06972123528173882,0.04643584515499116,0.8838429195632699
25779,GOF,0.4555086357045234,0.4919143380193091,0.05257702627616753
25780,GOF,0.34054912604523624,0.5434376750635608,0.11601319889120287
25781,GOF,0.1157087602480711,0.7292976770557146,0.15499356269621428
25782,GOF,0.17721718588033952,0.6983076911623421,0.12447512295731832
25783,GOF,0.02255793134391391,0.6377643784407235,0.33967769021536265
25784,Neutral,0.5441115602034126,0.4005683657511564,0.055320074045431114
25785,Neutral,0.5104871939616185,0.409808172976805,0.07970463306157664
25786,GOF,0.028939011958538974,0.6639751893669471,0.3070857986745141
25787,Neutral,0.7246034211034453,0.2300752922000801,0.04532128669647461
25788,LOF,0.06312334768710982,0.06233974718505788,0.8745369051278322
25789,GOF,0.21014764958234927,0.5876905981048081,0.2021617523128427
25790,GOF,0.24585358201090557,0.6092842371848035,0.14486218080429086
25791,GOF,0.15581997910365913,0.5916727941171841,0.25250722677915677
25792,GOF,0.38660035109893365,0.42957630736480285,0.18382334153626356
25793,GOF,0.2656389567205347,0.40992537512662436,0.32443566815284086
25794,GOF,0.32270269994458445,0.40653425130117143,0.27076304875424423
25795,GOF,0.06136214033236491,0.6172710591268188,0.3213668005408164
25796,Neutral,0.5448753647990408,0.3520010681506322,0.1031235670503271
25797,GOF,0.0886091263901207,0.47732854438185573,0.43406232922802346
25798,LOF,0.011972997336593424,0.47274750012009586,0.5152795025433107
25799,LOF,0.00913704229451398,0.4181259597483049,0.5727369979571811
25800,GOF,0.04440561141191733,0.5692763383772983,0.3863180502107843
25801,GOF,0.26920263526910765,0.579565753888353,0.1512316108425395
25802,GOF,0.0897630660062807,0.56986635370382,0.34037058028989925
25803,GOF,0.05383191133645991,0.4816176485084424,0.4645504401550976
25804,LOF,0.03904337731865774,0.41764386332959946,0.5433127593517428
25805,GOF,0.13273127802555776,0.48319675414062724,0.38407196783381486
25806,GOF,0.15597833748342546,0.5075266319835802,0.33649503053299445
25807,GOF,0.02067679347242415,0.5417451446324922,0.43757806189508364
25808,GOF,0.11887580570218881,0.4752441450842432,0.4058800492135679
25809,GOF,0.0232046429561199,0.5389434568692327,0.43785190017464737
25810,GOF,0.024727633381182692,0.536554426807169,0.4387179398116482
25811,Neutral,0.4943088115998272,0.4138505585139099,0.09184062988626285
25812,GOF,0.037617901578873646,0.5596612433293696,0.40272085509175676
25813,Neutral,0.5777812828108712,0.283737552435238,0.13848116475389086
25814,GOF,0.1279963205308659,0.577678944337652,0.29432473513148205
25815,GOF,0.24901705850111172,0.523331461465791,0.22765148003309732
25816,GOF,0.01916276892937815,0.6424395609183843,0.3383976701522375
25817,GOF,0.1938795995737969,0.6553967970808742,0.15072360334532894
25818,GOF,0.036592424928959984,0.48924681559781635,0.4741607594732236
25819,GOF,0.3640761606909671,0.43080160405342666,0.20512223525560638
25820,GOF,0.19829552159497835,0.5437803246775982,0.25792415372742344
25821,GOF,0.06601111634575921,0.6187084409356234,0.3152804427186172
25822,GOF,0.2438361627556296,0.46585688153424054,0.29030695571012977
25823,LOF,0.03598296389399981,0.41398730977647125,0.550029726329529
25824,LOF,0.08448544462667447,0.44380531656419236,0.47170923880913307
25825,LOF,0.0347627055681062,0.45466823584748733,0.5105690585844065
25826,LOF,0.011066266512226784,0.4435404794001221,0.5453932540876512
25827,GOF,0.018688939699345233,0.509611149365156,0.4716999109354989
25828,LOF,0.01248018246908014,0.4353193459107729,0.552200471620147
25829,GOF,0.007211896227289476,0.507313400959534,0.4854747028131765
25830,LOF,0.03965324213183378,0.22425677287350576,0.7360899849946605
25831,GOF,0.1479842954842806,0.680490851951874,0.1715248525638454
25832,GOF,0.03527873946307305,0.628077377499996,0.3366438830369308
25833,GOF,0.11440935946686245,0.6146340839650947,0.2709565565680429
25834,GOF,0.04166258019735133,0.6176772359159609,0.3406601838866878
25835,GOF,0.09800539520063808,0.5637692399767369,0.338225364822625
25836,GOF,0.04860783803540648,0.57857276387753,0.3728193980870635
25837,LOF,0.025558002922849526,0.4670626016198801,0.5073793954572704
25838,GOF,0.0989470448566951,0.6484938166451601,0.25255913849814476
25839,GOF,0.2995291844521741,0.475612868573132,0.22485794697469383
25840,GOF,0.22978093843729025,0.4939105811195151,0.2763084804431946
25841,GOF,0.27571471206825704,0.4794457499161489,0.24483953801559397
25842,GOF,0.18906109166547672,0.5453285060970648,0.26561040223745847
25843,GOF,0.24924858530694063,0.5653925381052978,0.18535887658776168
25844,GOF,0.061467761800117926,0.5512065469232013,0.38732569127668076
25845,LOF,0.013766195998084626,0.42794107728027436,0.5582927267216411
25846,GOF,0.08663205198260109,0.6616704194394499,0.25169752857794897
25847,GOF,0.11769626316369411,0.6578734821587413,0.22443025467756453
25848,GOF,0.03803940024032518,0.6073227068256176,0.35463789293405706
25849,GOF,0.01066021518409866,0.5025083840692316,0.48683140074666975
25850,GOF,0.02502524770450776,0.524596445375905,0.4503783069195872
25851,LOF,0.021504315429970215,0.4283532525712979,0.5501424319987319
25852,GOF,0.13996219229622844,0.5030280369186116,0.3570097707851598
25853,GOF,0.3558042360686767,0.5354479350749194,0.10874782885640387
25854,GOF,0.019208634674802265,0.632539851492297,0.34825151383290076
25855,GOF,0.03865537143444902,0.5580751923119767,0.4032694362535742
25856,GOF,0.21622606904359784,0.5174821057891102,0.2662918251672919
25857,GOF,0.031164426061787435,0.5020050375040127,0.46683053643419975
25858,GOF,0.01836998058562292,0.547019456330332,0.434610563084045
25859,GOF,0.009853009819674097,0.544296514425846,0.44585047575447984
25860,GOF,0.33254171583383174,0.5268751055150048,0.14058317865116346
25861,GOF,0.3646532777608355,0.5225576242318611,0.1127890980073033
25862,GOF,0.07992815067923253,0.7420747427717345,0.17799710654903306
25863,GOF,0.08981496007087106,0.7427390905466598,0.16744594938246904
25864,GOF,0.17512783901150708,0.7063265381397306,0.11854562284876229
25865,GOF,0.06807882301903653,0.7435033352623075,0.18841784171865594
25866,GOF,0.06500134111028118,0.7613592142075916,0.17363944468212714
25867,GOF,0.08495322464924397,0.757019446824382,0.1580273285263738
25868,GOF,0.24945256649938183,0.6001571619397713,0.15039027156084683
25869,Neutral,0.7047844343392826,0.24253696094423088,0.05267860471648659
25870,LOF,0.25845906240431243,0.20112057059524782,0.5404203670004397
25871,GOF,0.24099024602011201,0.5707127052265186,0.18829704875336944
25872,GOF,0.10747294289345892,0.561180636154833,0.331346420951708
25873,GOF,0.1887063758115761,0.539035646727826,0.27225797746059793
25874,LOF,0.02198632789849065,0.06719641599734319,0.9108172561041661
25875,LOF,0.08947431028653993,0.05164106707014356,0.8588846226433164
25876,LOF,0.02731249632074413,0.06394830394935054,0.9087391997299052
25877,Neutral,0.5293552521826196,0.05110913019127182,0.4195356176261086
25878,LOF,0.24726481497589134,0.09367187262813247,0.6590633123959763
25879,LOF,0.11180719296833969,0.12050914949691896,0.7676836575347414
25880,LOF,0.02318710907868285,0.02537634825814364,0.9514365426631735
25881,LOF,0.1868453080110963,0.24204872233567312,0.5711059696532306
25882,LOF,0.07491060851622798,0.019683719868329407,0.9054056716154426
25883,LOF,0.08229244681914906,0.04530391374651405,0.8724036394343367
25884,LOF,0.044088767359450706,0.048933397327511445,0.906977835313038
25885,LOF,0.0563694968734503,0.029997076818547224,0.9136334263080024
25886,LOF,0.35131137116543504,0.09893700119995029,0.5497516276346147
25887,LOF,0.18740577867792207,0.15364284558697466,0.6589513757351032
25888,LOF,0.07233779690527772,0.12645194665782666,0.8012102564368956
25889,LOF,0.044679155584358435,0.04165182172333015,0.9136690226923115
25890,LOF,0.05455654840947825,0.16683042502427048,0.7786130265662512
25891,LOF,0.051124545033436844,0.06417769345408748,0.8846977615124758
25892,LOF,0.096602378898735,0.026487811369026438,0.8769098097322385
25893,LOF,0.298545726370497,0.0155843342838163,0.6858699393456866
25894,LOF,0.1671836819885722,0.008412200914082972,0.8244041170973448
25895,LOF,0.21177471373406814,0.02233731379015279,0.765887972475779
25896,LOF,0.04816737893307013,0.02209115250615523,0.9297414685607748
25897,LOF,0.22605731927264164,0.017143845314475305,0.7567988354128831
25898,Neutral,0.7459146609188742,0.010840491661386668,0.24324484741973915
25899,LOF,0.3020242870681466,0.04487911143167728,0.6530966015001761
25900,Neutral,0.5905181074406962,0.01441795779963178,0.3950639347596721
25901,LOF,0.056518124299069626,0.014203385426871863,0.9292784902740585
25902,LOF,0.17391286293065675,0.011257295116730296,0.8148298419526129
25903,Neutral,0.5568131639896532,0.02798649551455685,0.41520034049579
25904,LOF,0.2701744067570706,0.047160115727596714,0.6826654775153328
25905,LOF,0.032439313129728746,0.28164876312311427,0.685911923747157
25906,LOF,0.02826165436027371,0.0729810349355156,0.8987573107042107
25907,LOF,0.014383549108720903,0.28446884292920926,0.7011476079620699
25908,LOF,0.013619446294720013,0.20586718611066315,0.7805133675946169
25909,LOF,0.015240069416328128,0.1465267538890948,0.838233176694577
25910,LOF,0.04353263908588123,0.1868210628961523,0.7696462980179665
25911,LOF,0.08174090203953076,0.05658907199260809,0.8616700259678612
25912,LOF,0.0358126440809263,0.09496490965626203,0.8692224462628115
25913,LOF,0.2771713027594952,0.03649924933678458,0.6863294479037203
25914,LOF,0.027500255837469744,0.14423091905901628,0.8282688251035139
25915,Neutral,0.4145619831325942,0.24768768456699214,0.3377503323004137
25916,LOF,0.060369540604774966,0.2873925090424414,0.6522379503527836
25917,LOF,0.07093023398454376,0.061578763749557994,0.8674910022658983
25918,LOF,0.037583908888515045,0.08554886523222739,0.8768672258792576
25919,LOF,0.03292104654868694,0.08318743752747457,0.8838915159238384
25920,GOF,0.09635638304046248,0.5304368129332057,0.3732068040263319
25921,LOF,0.032046134735345,0.032946945874472236,0.9350069193901828
25922,LOF,0.046926318603692244,0.020959522121544213,0.9321141592747636
25923,LOF,0.4217593417822168,0.02121533447042281,0.5570253237473605
25924,LOF,0.03967698752975368,0.02424952263099124,0.936073489839255
25925,LOF,0.07914900141383294,0.03481619108509173,0.8860348075010754
25926,LOF,0.05331485808741019,0.023405100110759948,0.9232800418018299
25927,LOF,0.07362683700389965,0.049143645339508046,0.8772295176565923
25928,LOF,0.022661336259251767,0.024714953401349125,0.952623710339399
25929,Neutral,0.559887586802669,0.024726311078173236,0.41538610211915783
25930,LOF,0.0708330964014352,0.016812058840010087,0.9123548447585548
25931,LOF,0.03190526907455979,0.018640799644443314,0.949453931280997
25932,LOF,0.031884132118105916,0.015737689098259455,0.9523781787836347
25933,LOF,0.03997380698454465,0.009985625424707866,0.9500405675907474
25934,LOF,0.02711220710462158,0.012442536711739866,0.9604452561836386
25935,LOF,0.07233048559433097,0.03345926140200316,0.8942102530036659
25936,LOF,0.04890773458788529,0.0165672106785511,0.9345250547335636
25937,LOF,0.03436356953334976,0.02627942552700137,0.9393570049396489
25938,LOF,0.07137856682060087,0.03961223459144398,0.8890091985879551
25939,LOF,0.04345961584761428,0.01037183915391777,0.9461685449984679
25940,LOF,0.025196583366009658,0.36617382947685684,0.6086295871571336
25941,LOF,0.13908237365437262,0.10137460671229051,0.7595430196333368
25942,LOF,0.01364070381993517,0.04838031012162465,0.9379789860584402
25943,LOF,0.33319063947530636,0.09314360730525675,0.5736657532194369
25944,Neutral,0.5111972097942643,0.048085936356216094,0.4407168538495196
25945,LOF,0.0660740392795635,0.03752705469780833,0.8963989060226282
25946,LOF,0.02926768140155373,0.1838915366681849,0.7868407819302614
25947,LOF,0.1172736353302277,0.18067939122417187,0.7020469734456004
25948,LOF,0.4255174465413507,0.01510728212537521,0.559375271333274
25949,LOF,0.07660406774657215,0.053671667452297483,0.8697242648011303
25950,GOF,0.25238898795888215,0.45694274680031666,0.29066826524080114
25951,LOF,0.28492286032087416,0.21531012869291086,0.499767010986215
25952,LOF,0.06151018548943784,0.4416214483508123,0.4968683661597499
25953,LOF,0.1369767106615238,0.10756983160450849,0.7554534577339678
25954,LOF,0.3422152380976331,0.24746888749560086,0.41031587440676615
25955,LOF,0.0572855902650934,0.0820619285040989,0.8606524812308077
25956,LOF,0.19817040121973703,0.0587607511936406,0.7430688475866225
25957,LOF,0.055964689282509375,0.023146681854605614,0.920888628862885
25958,LOF,0.059027431385289486,0.03985546522575286,0.9011171033889576
25959,LOF,0.06377494627603938,0.4521735277313591,0.48405152599260165
25960,LOF,0.0229689262200119,0.059273156756289434,0.9177579170236987
25961,LOF,0.04919868626120816,0.04969655342775816,0.9011047603110337
25962,LOF,0.06213397560459501,0.03663223566184895,0.9012337887335562
25963,LOF,0.06395655664611573,0.1651052713460339,0.7709381720078504
25964,LOF,0.036997446830125576,0.1673939070824759,0.7956086460873986
25965,LOF,0.4568629945888106,0.07118435276998925,0.4719526526412002
25966,Neutral,0.34077041686247184,0.3226771395628853,0.3365524435746428
25967,LOF,0.014568733747999447,0.11441705190144641,0.8710142143505542
25968,LOF,0.043068071707234167,0.42017207621868613,0.5367598520740797
25969,LOF,0.030065921556912536,0.05028646936169168,0.9196476090813958
25970,LOF,0.06480420518394349,0.06566110513404477,0.8695346896820118
25971,LOF,0.07893120438597868,0.034054475134584664,0.8870143204794366
25972,LOF,0.07479726951559465,0.042749661858358344,0.882453068626047
25973,LOF,0.07731202001813692,0.00992254307093506,0.912765436910928
25974,LOF,0.3216437982238869,0.0159473859255644,0.6624088158505488
25975,LOF,0.058620875626873035,0.0266458692577492,0.9147332551153778
25976,LOF,0.036000648079671474,0.022077671902685975,0.9419216800176424
25977,LOF,0.133256518749821,0.12922353794252406,0.737519943307655
25978,LOF,0.12612092325492816,0.15363194157132992,0.7202471351737418
25979,LOF,0.12203858513794594,0.12418860581349334,0.7537728090485607
25980,LOF,0.1478254041382115,0.20161621832944973,0.6505583775323387
25981,LOF,0.181652555745786,0.19399654243311243,0.6243509018211016
25982,LOF,0.3953021689953459,0.1180799560990663,0.48661787490558783
25983,LOF,0.3886953848082443,0.10988449175799522,0.5014201234337604
25984,LOF,0.05454691670380212,0.10393463351558316,0.8415184497806146
25985,LOF,0.02112605974121175,0.330443627766755,0.6484303124920332
25986,LOF,0.027535069621433778,0.3106530800270568,0.6618118503515094
25987,LOF,0.0907559104472548,0.10937382976948222,0.799870259783263
25988,LOF,0.12044563003441516,0.09312017117551144,0.7864341987900735
25989,LOF,0.025295119056484492,0.16359066771131311,0.8111142132322025
25990,LOF,0.03610592714208234,0.1377134535656757,0.8261806192922421
25991,GOF,0.1315581945625584,0.44662662047778484,0.4218151849596567
25992,LOF,0.32510464791055843,0.2932561887635226,0.38163916332591885
25993,LOF,0.024984303855822856,0.10538078102717696,0.8696349151170003
25994,LOF,0.016954659517100366,0.12915718649371144,0.8538881539891882
25995,LOF,0.027553304965985445,0.1721654765920711,0.8002812184419434
25996,GOF,0.186536614629534,0.5907828944807956,0.2226804908896705
25997,GOF,0.08243226677087662,0.5398272747412326,0.37774045848789073
25998,Neutral,0.5820952802121184,0.02162704003604504,0.3962776797518366
25999,LOF,0.14943736839672386,0.10764114444067452,0.7429214871626016
26000,LOF,0.11034492721417216,0.03299853106779634,0.8566565417180314
26001,LOF,0.2000111914756194,0.03413430728299461,0.765854501241386
26002,LOF,0.1466559373409437,0.03136766046706366,0.8219764021919926
26003,GOF,0.009845632414882795,0.7016090277088219,0.28854533987629527
26004,GOF,0.023160140254375558,0.7268551943091555,0.2499846654364691
26005,GOF,0.010953749208822512,0.5994260848171868,0.38962016597399063
26006,Neutral,0.5043519333275828,0.31374045054764493,0.18190761612477227
26007,GOF,0.019207192536060846,0.6452439507699047,0.33554885669403434
26008,GOF,0.023078024614917935,0.6451150460027402,0.33180692938234196
26009,GOF,0.03401433665561798,0.7043817567878532,0.2616039065565289
26010,GOF,0.026394838755278274,0.7745041619442533,0.19910099930046835
26011,GOF,0.009698377304949426,0.5693201257128057,0.4209814969822449
26012,GOF,0.017367227358336696,0.6468188741069706,0.33581389853469257
26013,GOF,0.015049133659018612,0.735338140215884,0.24961272612509747
26014,LOF,0.034377272240077854,0.20726007467551633,0.7583626530844059
26015,LOF,0.21730029635924308,0.007877293862373328,0.7748224097783837
26016,LOF,0.2597006733727539,0.03706515432631544,0.7032341723009305
26017,LOF,0.17786031477556727,0.0707752972592551,0.7513643879651777
26018,LOF,0.0811823220930364,0.027224711720545025,0.8915929661864185
26019,LOF,0.08128979831515631,0.021256474386844453,0.8974537272979992
26020,LOF,0.05691533251117631,0.09470115624828114,0.8483835112405425
26021,LOF,0.05272415050241741,0.12261202668143947,0.824663822816143
26022,LOF,0.009697536982989599,0.06143574634101055,0.9288667166759998
26023,LOF,0.10474098720882061,0.019233241231460974,0.8760257715597184
26024,LOF,0.031464683708133406,0.08975431866565257,0.8787809976262141
26025,LOF,0.14361095001988217,0.07700882791782186,0.7793802220622961
26026,LOF,0.2931687595516231,0.014117457300762684,0.6927137831476141
26027,LOF,0.07816796478397359,0.01493015719960098,0.9069018780164253
26028,LOF,0.18508515794062386,0.09653680541083932,0.7183780366485368
26029,LOF,0.11068279644990706,0.16180941944884839,0.7275077841012446
26030,LOF,0.03377096108576548,0.06655313210393893,0.8996759068102955
26031,LOF,0.043334180494558276,0.13631898447446225,0.8203468350309795
26032,LOF,0.0790880981391345,0.06342037303425292,0.8574915288266126
26033,LOF,0.13410674843832152,0.06874331691320466,0.7971499346484738
26034,LOF,0.0657678612884216,0.13481692695786654,0.7994152117537118
26035,LOF,0.04409941687317386,0.12034085932278762,0.8355597238040385
26036,LOF,0.062288691425546217,0.1389836502966795,0.7987276582777744
26037,LOF,0.03475931428165011,0.11471870896894185,0.850521976749408
26038,LOF,0.0749757121886781,0.05706604831986551,0.8679582394914563
26039,LOF,0.08791941374560878,0.1245837629457951,0.787496823308596
26040,LOF,0.2334557456929225,0.099941814475433,0.6666024398316445
26041,LOF,0.034206073934015487,0.10777725707685568,0.8580166689891289
26042,LOF,0.03440822385243656,0.10725717763668316,0.8583345985108802
26043,LOF,0.07291523042406034,0.07525802172265295,0.8518267478532867
26044,LOF,0.032416294757372205,0.07395880366013734,0.8936249015824905
26045,LOF,0.1068373342827176,0.09083837210601983,0.8023242936112627
26046,LOF,0.07686402282352696,0.07855425041796875,0.8445817267585043
26047,LOF,0.10879856266942242,0.08897584717263912,0.8022255901579385
26048,LOF,0.06203632643657648,0.05281853442116931,0.8851451391422542
26049,Neutral,0.948949278462939,0.009459760748069843,0.04159096078899121
26050,Neutral,0.9283686903992027,0.010646684438403956,0.06098462516239353
26051,LOF,0.04986394813534859,0.4373329242516548,0.5128031276129966
26052,LOF,0.062124704623564224,0.4573046810437,0.4805706143327358
26053,LOF,0.054279296565425676,0.26462908305349214,0.6810916203810822
26054,LOF,0.06722449256148352,0.05244019633882065,0.8803353110996959
26055,LOF,0.08555178379806598,0.040485888186111214,0.8739623280158229
26056,LOF,0.07433570135982072,0.04779606805398572,0.8778682305861936
26057,LOF,0.032106008866548956,0.024117547243980367,0.9437764438894707
26058,LOF,0.032615433792680344,0.021229001066595844,0.9461555651407237
26059,LOF,0.36325022753513836,0.06203092447618018,0.5747188479886814
26060,LOF,0.033596656630114206,0.3186111082098391,0.6477922351600467
26061,LOF,0.02143398360334378,0.03246455112704621,0.9461014652696099
26062,LOF,0.012626546195483767,0.04465739188137248,0.9427160619231437
26063,LOF,0.02260255303717997,0.024126701038011414,0.9532707459248086
26064,LOF,0.025959159217286407,0.028687369586543426,0.9453534711961702
26065,LOF,0.02759524802325468,0.026681442301887747,0.9457233096748576
26066,LOF,0.022049491602971368,0.025474645500415852,0.9524758628966127
26067,LOF,0.025908273587650705,0.01998653648757261,0.9541051899247768
26068,LOF,0.05522044764384823,0.06505222713157732,0.8797273252245744
26069,LOF,0.42621939559139804,0.04626216809674009,0.5275184363118619
26070,Neutral,0.653540445577846,0.02703015798616414,0.3194293964359899
26071,LOF,0.024125162785381488,0.030028691547344975,0.9458461456672735
26072,LOF,0.027192143016056904,0.04529638743844673,0.9275114695454963
26073,LOF,0.026819513370475764,0.020845249403177377,0.9523352372263468
26074,Neutral,0.870435922572297,0.008483432600055157,0.12108064482764792
26075,LOF,0.04535082430137789,0.035050915480481795,0.9195982602181404
26076,LOF,0.04364253951736734,0.019415443583550303,0.9369420168990824
26077,LOF,0.009823080691452544,0.04724159798001122,0.9429353213285362
26078,LOF,0.015771080581581273,0.028175468964857505,0.9560534504535612
26079,LOF,0.054053542169340336,0.03654867858575301,0.9093977792449066
26080,LOF,0.054053542169340336,0.03654867858575301,0.9093977792449066
26081,LOF,0.03704752517376884,0.015375154437067756,0.9475773203891634
26082,LOF,0.02017729240152942,0.040019604891128574,0.9398031027073419
26083,LOF,0.1539303586816083,0.02621580819297839,0.8198538331254133
26084,LOF,0.027521537124641064,0.035636245082113986,0.9368422177932448
26085,LOF,0.024142730403271685,0.032179065743447505,0.9436782038532808
26086,LOF,0.02421024947778177,0.027945971191473778,0.9478437793307445
26087,LOF,0.025175029125282716,0.019748767680761142,0.9550762031939563
26088,LOF,0.021633696567970016,0.04541367325993265,0.9329526301720973
26089,LOF,0.04934492509940203,0.04497908036239733,0.9056759945382006
26090,LOF,0.047426488013927195,0.03617738559517239,0.9163961263909005
26091,LOF,0.03987484730229727,0.013278208469955166,0.9468469442277475
26092,LOF,0.03005886208273057,0.02046890502832675,0.9494722328889427
26093,LOF,0.04160965454650417,0.013968010821080356,0.9444223346324154
26094,LOF,0.04834827086898408,0.011857451102738503,0.9397942780282774
26095,LOF,0.04523398116614916,0.031191366580371024,0.9235746522534799
26096,LOF,0.017843123382235697,0.026735113881865846,0.9554217627358985
26097,LOF,0.011748818178065196,0.09044734774917754,0.8978038340727572
26098,LOF,0.0734152100867598,0.030379384006190172,0.8962054059070501
26099,LOF,0.026914554467286567,0.03339620877672034,0.939689236755993
26100,LOF,0.028149440829359378,0.03211985191750272,0.9397307072531379
26101,LOF,0.05942647934265382,0.029941717972099945,0.9106318026852463
26102,LOF,0.027398248248066776,0.027207737569001095,0.9453940141829322
26103,Neutral,0.8877097299229184,0.040388050900061465,0.07190221917702008
26104,LOF,0.07092559557340934,0.05967891633880262,0.869395488087788
26105,LOF,0.2081226187675856,0.2715582861709035,0.5203190950615109
26106,LOF,0.19550899595602375,0.14029033893547782,0.6642006651084984
26107,LOF,0.23685128784920167,0.13956188424873284,0.6235868279020655
26108,LOF,0.24883099861103392,0.1683667860538768,0.5828022153350892
26109,LOF,0.060017961184521844,0.14450794294830852,0.7954740958671696
26110,LOF,0.3155571125500372,0.010670408973743,0.6737724784762198
26111,LOF,0.482177611293902,0.023171269261329286,0.4946511194447687
26112,LOF,0.03868503386737479,0.012950174405540773,0.9483647917270845
26113,LOF,0.05749507576993416,0.021490484676470654,0.9210144395535952
26114,LOF,0.018953493910426444,0.022744400110887693,0.9583021059786858
26115,LOF,0.0947325225236341,0.03201482969216339,0.8732526477842026
26116,LOF,0.04942614002863478,0.04280785079935798,0.9077660091720072
26117,LOF,0.3352341627247437,0.07950230976531066,0.5852635275099457
26118,LOF,0.039011764259725204,0.04402021115725961,0.9169680245830152
26119,LOF,0.022172036068811924,0.06163316888165255,0.9161947950495355
26120,LOF,0.028711854703619668,0.03366304064391339,0.937625104652467
26121,LOF,0.061115917434101864,0.11536085107263273,0.8235232314932655
26122,LOF,0.06610251292613527,0.048187275965262406,0.8857102111086024
