feature0,prediction,LoGoFunc_Neutral,LoGoFunc_GOF,LoGoFunc_LOF
25546,Neutral,0.6145301906079311,0.05162317473314526,0.3338466346589235
25547,Neutral,0.48317093599474076,0.08813635555658247,0.42869270844867663
25548,Neutral,0.47347602574067565,0.07378090298302067,0.45274307127630375
25549,LOF,0.420669148168664,0.07381665534275932,0.5055141964885768
25550,LOF,0.3587861876972257,0.09876494332403309,0.5424488689787412
25551,LOF,0.29463699965565987,0.11239838555529108,0.5929646147890489
25552,LOF,0.26103100915483074,0.1122327348309771,0.6267362560141921
25553,Neutral,0.7810353109924436,0.040756797078946715,0.1782078919286097
25554,LOF,0.2990818421533768,0.10033587856464615,0.600582279281977
25555,LOF,0.2566532967304332,0.09503030503072457,0.6483163982388422
25556,LOF,0.4299445482991098,0.08128049685744672,0.4887749548434436
25557,LOF,0.2525664024107664,0.09793519788628442,0.6494983997029493
25558,LOF,0.29713601865412076,0.09383254229110158,0.6090314390547777
25559,LOF,0.2782341790622645,0.14221167171086904,0.5795541492268664
25560,LOF,0.15449668650652473,0.12420640036898765,0.7212969131244875
25561,LOF,0.15962269054456693,0.1319479529080007,0.7084293565474323
25562,LOF,0.06987721682209731,0.08858020390976445,0.8415425792681382
25563,LOF,0.02460569202218136,0.14657458857839942,0.8288197193994191
25564,LOF,0.1832011340465733,0.12476748703399715,0.6920313789194297
25565,LOF,0.21385952411350836,0.13457034445783725,0.6515701314286544
25566,GOF,0.10775602511923246,0.6572504897124437,0.23499348516832394
25567,LOF,0.04243321125061965,0.18167001985824582,0.7758967688911345
25568,LOF,0.06382136835574297,0.09241866044693128,0.8437599711973258
25569,LOF,0.06534773201621194,0.09475957498801017,0.839892692995778
25570,LOF,0.02901602908210576,0.12124281464352758,0.8497411562743666
25571,LOF,0.027929411547025704,0.12368749335761048,0.8483830950953639
25572,LOF,0.0688185200508103,0.13967660375011626,0.7915048761990734
25573,LOF,0.06390621395390207,0.11570233238778119,0.8203914536583167
25574,LOF,0.0634840403648958,0.218095362579959,0.7184205970551453
25575,LOF,0.023773844407070633,0.13480160764657811,0.8414245479463512
25576,LOF,0.03109708124884781,0.17405669036195132,0.7948462283892009
25577,LOF,0.03387378630154271,0.13709119256824834,0.829035021130209
25578,LOF,0.3174951792886883,0.10767300140242778,0.5748318193088838
25579,LOF,0.13975465289697794,0.115725908720467,0.7445194383825552
25580,LOF,0.020614110321210632,0.09986790069677436,0.8795179889820149
25581,LOF,0.05740840289984243,0.08586379170869247,0.8567278053914651
25582,LOF,0.05751821341826631,0.08497770978457464,0.857504076797159
25583,LOF,0.023516943456447472,0.09833689872384932,0.8781461578197033
25584,Neutral,0.694567249318856,0.12635837794105678,0.17907437274008717
25585,LOF,0.028049544618388395,0.16713801847131404,0.8048124369102975
25586,LOF,0.018659066837024344,0.08744849407109814,0.8938924390918774
25587,LOF,0.017881155281694486,0.07556693199682187,0.9065519127214836
25588,LOF,0.021316975238656163,0.08404726409734482,0.894635760663999
25589,Neutral,0.5082460152742471,0.20904277316233053,0.2827112115634225
25590,LOF,0.053313684370355094,0.14045276117324398,0.806233554456401
25591,LOF,0.10326753570247833,0.07786636304699998,0.8188661012505217
25592,LOF,0.05986770876790585,0.1670863413664921,0.773045949865602
25593,LOF,0.14993262948124217,0.26597872559520924,0.5840886449235486
25594,LOF,0.04845563616186377,0.08563251412578148,0.8659118497123548
25595,LOF,0.046794412954171645,0.05894405517016178,0.8942615318756667
25596,LOF,0.1055370226498858,0.03180931098602423,0.8626536663640899
25597,LOF,0.08233510722939527,0.04037682603071133,0.8772880667398935
25598,LOF,0.048465309180130554,0.06268299032535266,0.8888517004945168
25599,LOF,0.017558674549214934,0.47717012659064545,0.5052711988601396
25600,GOF,0.13670053293231982,0.5551903223948503,0.30810914467282974
25601,LOF,0.03691894521082606,0.3986498359779939,0.5644312188111801
25602,LOF,0.03501067378131734,0.05989158102210438,0.9050977451965783
25603,LOF,0.03321721048832198,0.03158020239391187,0.9352025871177662
25604,LOF,0.03524785691645671,0.07142874380426593,0.8933233992792774
25605,LOF,0.03891257905262673,0.17963431559662651,0.7814531053507467
25606,LOF,0.43203373219391294,0.10889120300634239,0.4590750647997447
25607,LOF,0.02690447332791779,0.16794599424005377,0.8051495324320285
25608,LOF,0.03798376142440402,0.07533801212068823,0.8866782264549078
25609,GOF,0.1387676576621949,0.5523546037264442,0.308877738611361
25610,LOF,0.017133385524763917,0.029060880455949747,0.9538057340192863
25611,LOF,0.0143564369363527,0.03467472946498552,0.9509688335986618
25612,LOF,0.04682711771151557,0.04948258544638966,0.9036902968420947
25613,LOF,0.04546012545246274,0.05079828359045471,0.9037415909570825
25614,LOF,0.023720899333828625,0.02523426441101788,0.9510448362551536
25615,LOF,0.047221320529187684,0.04608926037177316,0.9066894190990391
25616,LOF,0.055713393133443236,0.02917953412937366,0.9151070727371832
25617,LOF,0.044528349314691296,0.04000280457620467,0.915468846109104
25618,LOF,0.05049466919518639,0.036396987148492925,0.9131083436563208
25619,LOF,0.013688852816514576,0.0349881457253931,0.9513230014580925
25620,LOF,0.06550036005140698,0.04755491747122646,0.8869447224773666
25621,LOF,0.05890142197715212,0.045027401052097675,0.8960711769707501
25622,LOF,0.06686743146733547,0.03913376813857283,0.8939988003940917
25623,LOF,0.07383007533204312,0.031301114335851775,0.8948688103321052
25624,LOF,0.018937820189340506,0.03523401801529807,0.9458281617953614
25625,LOF,0.061748095789524594,0.04583139352839519,0.8924205106820803
25626,LOF,0.0481844365115368,0.051042858181976875,0.9007727053064862
25627,Neutral,0.89509397414777,0.01965638983046445,0.0852496360217656
25628,LOF,0.14874841648507456,0.059754667770515184,0.7914969157444103
25629,LOF,0.06487472615924113,0.06071432915675916,0.8744109446839997
25630,LOF,0.2791321262014449,0.07523632331249434,0.6456315504860608
25631,Neutral,0.5574805469855328,0.06615551328246724,0.3763639397319999
25632,LOF,0.026376582371121948,0.07169723282264026,0.9019261848062379
25633,LOF,0.14839265937051438,0.04493856313928205,0.8066687774902036
25634,LOF,0.034026145036865525,0.10396202900699246,0.862011825956142
25635,LOF,0.03732377040167279,0.04859643247678574,0.9140797971215414
25636,LOF,0.03128163943219223,0.4549163305072254,0.5138020300605822
25637,GOF,0.0762535553636952,0.5089260948586151,0.4148203497776897
25638,LOF,0.027749598109009073,0.3625952640501302,0.6096551378408607
25639,LOF,0.030871348624621958,0.3844622094082766,0.5846664419671015
25640,Neutral,0.7365193785492734,0.22061749422333463,0.04286312722739197
25641,GOF,0.05679265282962914,0.48405120497475074,0.45915614219562007
25642,LOF,0.04625884385939979,0.18420225361348685,0.7695389025271133
25643,LOF,0.18864820693516407,0.15617472883907063,0.6551770642257654
25644,LOF,0.028134559531063603,0.47219666916742553,0.49966877130151083
25645,LOF,0.032013704776265764,0.4088399574838433,0.559146337739891
25646,LOF,0.06999908364814753,0.34305053543640257,0.5869503809154499
25647,LOF,0.03135546146991708,0.2739871634296341,0.6946573751004489
25648,LOF,0.043040251740035604,0.27118639841470554,0.6857733498452587
25649,LOF,0.021881786479982047,0.23633416735643586,0.7417840461635821
25650,LOF,0.05642754494275022,0.40205504712775525,0.5415174079294945
25651,LOF,0.021575110710803445,0.2901748565147154,0.6882500327744812
25652,LOF,0.03980477969614652,0.2714176797873153,0.6887775405165382
25653,LOF,0.09393012841845604,0.4015882030521064,0.5044816685294375
25654,LOF,0.03248530721056264,0.250956377762528,0.7165583150269094
25655,LOF,0.22355085057144986,0.3833513180323364,0.39309783139621374
25656,LOF,0.32870688292820954,0.06947035986836819,0.6018227572034224
25657,LOF,0.058362697345334114,0.07260288093631172,0.8690344217183542
25658,LOF,0.31210419207984447,0.06901267202582233,0.6188831358943332
25659,Neutral,0.4985060461396527,0.09512368265372416,0.406370271206623
25660,LOF,0.022600536954093475,0.0871952351993724,0.8902042278465341
25661,LOF,0.09683139391849041,0.06434332258798454,0.838825283493525
25662,LOF,0.03468790484808299,0.03515554001061007,0.930156555141307
25663,LOF,0.04586382408349524,0.048998648614428215,0.9051375273020765
25664,LOF,0.14545201094962312,0.06815717136646872,0.7863908176839082
25665,LOF,0.05783687535765954,0.0341107464329036,0.9080523782094369
25666,LOF,0.09751153301571237,0.07283433496131184,0.8296541320229758
25667,LOF,0.07591400157262812,0.040313962017954945,0.8837720364094169
25668,LOF,0.03947879493630129,0.050001812765014926,0.9105193922986838
25669,LOF,0.03322941673646379,0.04958954792799817,0.9171810353355381
25670,LOF,0.14745063880898523,0.06348746127466831,0.7890618999163466
25671,LOF,0.11618609209287484,0.03602256432882415,0.8477913435783011
25672,LOF,0.05487808429995311,0.04693911462065335,0.8981828010793935
25673,LOF,0.08663307670214275,0.050877947856701036,0.8624889754411562
25674,LOF,0.07117710760490635,0.06130199045885318,0.8675209019362403
25675,LOF,0.1322564126896145,0.06533888691998885,0.8024047003903967
25676,LOF,0.019334552625955563,0.058250240010935254,0.9224152073631092
25677,LOF,0.02560841691406481,0.07567785599779113,0.898713727088144
25678,LOF,0.2068615644470734,0.06370579265725596,0.7294326428956708
25679,LOF,0.11981793153283321,0.086841352868085,0.7933407155990817
25680,LOF,0.03269174343008183,0.12591909547442545,0.8413891610954927
25681,LOF,0.052667721070248794,0.11419197509150629,0.8331403038382449
25682,LOF,0.14753525123657915,0.07149101282689559,0.7809737359365252
25683,LOF,0.12757265471691065,0.09945960166074799,0.7729677436223413
25684,LOF,0.0448809568517024,0.07290187088008224,0.8822171722682154
25685,LOF,0.1340370340270635,0.06135965475993486,0.8046033112130015
25686,LOF,0.07879687393927268,0.08874771184065357,0.8324554142200736
25687,LOF,0.13028830309095135,0.0978003729279399,0.7719113239811087
25688,LOF,0.3355311382683311,0.028441719014535814,0.6360271427171332
25689,LOF,0.25914636083342923,0.031180834906922,0.7096728042596487
25690,LOF,0.32729255675553315,0.02581714438441828,0.6468902988600487
25691,Neutral,0.7047417785059307,0.020480621880751698,0.2747775996133177
25692,LOF,0.3508287841898193,0.00980852289714328,0.6393626929130376
25693,LOF,0.05072173966432512,0.40426087545786266,0.5450173848778121
25694,LOF,0.10795403297664131,0.016836460282120946,0.8752095067412378
25695,LOF,0.10729341692561735,0.015336140635066964,0.8773704424393157
25696,LOF,0.12719797246261844,0.009562483845757981,0.8632395436916236
25697,LOF,0.09001007952861653,0.0412983069973489,0.8686916134740346
25698,LOF,0.3372322651861624,0.18760592120881586,0.47516181360502174
25699,LOF,0.464272575855173,0.045040354917314694,0.4906870692275122
25700,LOF,0.07641574414322662,0.009941367666693521,0.9136428881900798
25701,LOF,0.1410637510809122,0.05292174054973458,0.8060145083693533
25702,GOF,0.17266231400477103,0.5910127163823813,0.23632496961284766
25703,LOF,0.016022536990041594,0.17691787168388765,0.8070595913260709
25704,LOF,0.042268526226207,0.10784738563063916,0.8498840881431539
25705,LOF,0.047981135994930785,0.16924891425725355,0.7827699497478157
25706,LOF,0.0901329578002368,0.439527775929228,0.4703392662705352
25707,LOF,0.09242952013317124,0.3617560149742426,0.5458144648925862
25708,LOF,0.02726440399589174,0.3111963316597724,0.6615392643443359
25709,LOF,0.06467773011198977,0.04719238834565742,0.8881298815423528
25710,LOF,0.011024473153944985,0.16726448816240103,0.821711038683654
25711,LOF,0.01885665912925558,0.10776930738349014,0.8733740334872543
25712,LOF,0.01362471533925173,0.20939453136881497,0.7769807532919334
25713,LOF,0.01820022204862203,0.09492986936308037,0.8868699085882976
25714,LOF,0.0759386879425668,0.09111231260038108,0.8329489994570521
25715,LOF,0.011001837131857683,0.16980615877352384,0.8191920040946185
25716,LOF,0.01233419045817236,0.12699741660725072,0.8606683929345769
25717,LOF,0.012024339856907477,0.09132539534411045,0.896650264798982
25718,LOF,0.012103835304328882,0.123420851843498,0.864475312852173
25719,LOF,0.01838805540895125,0.0915089314414725,0.8901030131495762
25720,LOF,0.023387638384015568,0.07576387455798919,0.9008484870579954
25721,LOF,0.015332624292489333,0.13013509893075673,0.8545322767767538
25722,LOF,0.0137515734331582,0.1465730518773891,0.8396753746894526
25723,LOF,0.021715821204050464,0.046987854247888344,0.9312963245480611
25724,LOF,0.030889047534127433,0.10802400973789462,0.8610869427279779
25725,LOF,0.011493858828514458,0.07601364036041233,0.9124925008110731
25726,LOF,0.015065970276867013,0.11725406272567895,0.8676799669974541
25727,LOF,0.012504369211797723,0.0928704078259988,0.8946252229622035
25728,LOF,0.009491290689689423,0.14255565310433055,0.84795305620598
25729,LOF,0.009917126176435224,0.141729118650763,0.8483537551728019
25730,LOF,0.01372884240909883,0.094521798657082,0.8917493589338192
25731,LOF,0.019463036675555816,0.12244677685752972,0.8580901864669145
25732,LOF,0.013808030468187562,0.09537082798178201,0.8908211415500304
25733,LOF,0.015724336169772674,0.0846433431514837,0.8996323206787437
25734,LOF,0.011651347040269837,0.14635558013575667,0.8419930728239734
25735,LOF,0.013778975241858636,0.10697317439987711,0.8792478503582641
25736,LOF,0.01487714817197253,0.11418098354665514,0.8709418682813724
25737,LOF,0.012028451369321494,0.09184582142738075,0.8961257272032978
25738,LOF,0.012166901692796104,0.12158304767948307,0.8662500506277209
25739,LOF,0.02029734046045166,0.0896902637300588,0.8900123958094895
25740,LOF,0.02414975091537598,0.12737045975661176,0.8484797893280122
25741,LOF,0.014182537274288906,0.13240548620995574,0.8534119765157553
25742,LOF,0.11778862125740341,0.09488902570593265,0.787322353036664
25743,LOF,0.03746385915080283,0.040543401494178496,0.9219927393550186
25744,Neutral,0.5738603302838929,0.18926248483442293,0.23687718488168422
25745,LOF,0.08414869246687441,0.06597888640245088,0.8498724211306747
25746,LOF,0.04623345243675324,0.08587304109462222,0.8678935064686245
25747,LOF,0.021257694576776374,0.05210846810336328,0.9266338373198603
25748,LOF,0.08492511744619748,0.08278370263326264,0.8322911799205398
25749,LOF,0.024876255755441643,0.08058698593710464,0.8945367583074537
25750,LOF,0.09177934029659053,0.08698088455163286,0.8212397751517767
25751,LOF,0.10243294287361292,0.08422959148743833,0.8133374656389487
25752,GOF,0.12193828642144112,0.6312791097398333,0.24678260383872558
25753,LOF,0.019480267356972687,0.2682238613069147,0.7122958713361125
25754,GOF,0.012630318610849319,0.7574828521489316,0.22988682924021916
25755,LOF,0.023986577467732164,0.3756375114839428,0.600375911048325
25756,LOF,0.04731550299224845,0.3286846295546529,0.6239998674530987
25757,GOF,0.013715365306455672,0.8058763299433612,0.18040830475018307
25758,GOF,0.02883347012622283,0.7996260139444452,0.17154051592933198
25759,GOF,0.011785396789167374,0.5444842516154332,0.44373035159539936
25760,LOF,0.01226764807959808,0.25255109236759415,0.7351812595528079
25761,GOF,0.2666065150791054,0.6176746399652967,0.11571884495559806
25762,LOF,0.03900477054065997,0.23849351405972313,0.7225017153996169
25763,LOF,0.01373502887715549,0.19166744745905578,0.7945975236637888
25764,GOF,0.07722297860954945,0.6012625901514734,0.3215144312389771
25765,GOF,0.04041884148937851,0.7178215289193042,0.2417596295913173
25766,GOF,0.06746572633908736,0.7343125937281869,0.19822167993272585
25767,GOF,0.1588812522395133,0.5697403667339882,0.2713783810264984
25768,LOF,0.11386421468158467,0.06834530301813325,0.8177904823002821
25769,LOF,0.06043240077917036,0.057119679999434736,0.882447919221395
25770,LOF,0.3184816302965789,0.10583461411084544,0.5756837555925757
25771,LOF,0.04330872605671866,0.0475579773556081,0.9091332965876732
25772,LOF,0.019082149511807076,0.03658215503277507,0.9443356954554178
25773,LOF,0.0505752855809699,0.09066402831464647,0.8587606861043836
25774,LOF,0.030217616910541444,0.07383530853256196,0.8959470745568965
25775,LOF,0.051993531842591506,0.045950568020259805,0.9020559001371486
25776,LOF,0.08386189248698324,0.02372416425702533,0.8924139432559914
25777,LOF,0.3655765962719583,0.05501576707935527,0.5794076366486863
25778,LOF,0.07239299425018225,0.04472803434653614,0.8828789714032818
25779,GOF,0.37249990089373997,0.5895447920964222,0.03795530700983783
25780,GOF,0.32550752105631287,0.6118717932094196,0.0626206857342675
25781,GOF,0.12894074446046136,0.772556014726001,0.09850324081353762
25782,GOF,0.20088150722062648,0.7267625918018761,0.07235590097749754
25783,GOF,0.023336648768638946,0.6575988130309213,0.31906453820043973
25784,Neutral,0.5003750136129806,0.4614252097325173,0.03819977665450199
25785,GOF,0.4559782932464317,0.5115928739507375,0.032428832802830855
25786,GOF,0.02544929036453544,0.7517380025857288,0.22281270704973577
25787,Neutral,0.613535323121826,0.36590416133450254,0.02056051554367155
25788,LOF,0.060018969815398025,0.12287493408888377,0.8171060960957182
25789,GOF,0.19957640806159144,0.6728164614694098,0.12760713046899883
25790,GOF,0.20440263786627008,0.6975735165908789,0.09802384554285104
25791,GOF,0.16733749847194215,0.6905441693391466,0.14211833218891118
25792,GOF,0.3689935291355004,0.5242839682117663,0.10672250265273342
25793,GOF,0.25880830727714216,0.5507308707287479,0.19046082199410988
25794,GOF,0.3103486890092158,0.5388441251643293,0.15080718582645478
25795,GOF,0.08185837377560475,0.6923817818892665,0.22575984433512875
25796,Neutral,0.5654125287325629,0.36124281214735576,0.0733446591200814
25797,GOF,0.08094343621405083,0.5610893080375361,0.357967255748413
25798,GOF,0.009029597220970555,0.5143525303677587,0.47661787241127074
25799,LOF,0.007146918282541304,0.4205179225756278,0.5723351591418309
25800,GOF,0.032668113261373255,0.6154011853110494,0.3519307014275773
25801,GOF,0.21792580120067298,0.6657529597337011,0.1163212390656259
25802,GOF,0.07248929208096487,0.7122395059269685,0.21527120199206656
25803,GOF,0.03288547438769977,0.5961901690792079,0.37092435653309236
25804,GOF,0.027577279825257997,0.5025943769066528,0.4698283432680892
25805,GOF,0.08123422965908844,0.5958263460830898,0.3229394242578217
25806,GOF,0.09218385585698231,0.6344589492224223,0.27335719492059535
25807,GOF,0.018776934164420417,0.6506110606465435,0.3306120051890361
25808,GOF,0.07374317605211544,0.6525947452685453,0.2736620786793393
25809,GOF,0.0196224028558198,0.6181375532096163,0.3622400439345639
25810,GOF,0.017566119469985514,0.6538643884086883,0.32856949212132613
25811,GOF,0.45148383259477654,0.48049103880543087,0.06802512859979269
25812,GOF,0.029879343251952656,0.6627691407248766,0.30735151602317085
25813,Neutral,0.5091510761753005,0.4088615600896706,0.0819873637350289
25814,GOF,0.11377939505658756,0.690896048845939,0.19532455609747343
25815,GOF,0.1785899763807669,0.6578600709288138,0.16354995269041914
25816,GOF,0.023112914403696335,0.7256402364951704,0.2512468491011334
25817,GOF,0.20986439391735962,0.6790987502912211,0.11103685579141921
25818,GOF,0.04548753978307245,0.6652751942932318,0.2892372659236957
25819,GOF,0.359354175562992,0.5053328462560066,0.13531297818100144
25820,GOF,0.1620921255902525,0.6355334234328189,0.20237445097692863
25821,GOF,0.05378507312345552,0.6860921953998173,0.26012273147672726
25822,GOF,0.20334927042437304,0.5930789450050439,0.20357178457058306
25823,GOF,0.03288419234136089,0.5152251393366738,0.4518906683219654
25824,GOF,0.08034176511673737,0.5908951295668632,0.32876310531639946
25825,GOF,0.03461520172122117,0.5816988175213975,0.3836859807573813
25826,GOF,0.01446995905568637,0.5627491905084879,0.42278085043582575
25827,GOF,0.021473616419975024,0.6090480582334704,0.3694783253465545
25828,GOF,0.01266168452072723,0.5427946451751112,0.44454367030416153
25829,GOF,0.006054717355181698,0.5910584852015369,0.40288679744328143
25830,LOF,0.03408834596524296,0.3187781129961678,0.6471335410385892
25831,GOF,0.19265393500310496,0.694524809592089,0.11282125540480614
25832,GOF,0.03788926962322225,0.7217738216514585,0.24033690872531932
25833,GOF,0.12076184250572951,0.7319826132934386,0.1472555442008317
25834,GOF,0.03871381548994503,0.722552865596054,0.23873331891400093
25835,GOF,0.07795905518363297,0.7770427590984001,0.14499818571796683
25836,GOF,0.04607709699214937,0.7184756837042399,0.2354472193036107
25837,GOF,0.026473508273728935,0.6006488039319015,0.37287768779436953
25838,GOF,0.09196273746816021,0.7853789917241187,0.12265827080772095
25839,GOF,0.2971983211371622,0.5807930876810247,0.12200859118181322
25840,GOF,0.22480907386022195,0.6458608188872851,0.1293301072524931
25841,GOF,0.24229559112250107,0.6442518485837523,0.11345256029374665
25842,GOF,0.16992163007231165,0.7064805286505021,0.12359784127718629
25843,GOF,0.24071133242584705,0.6781202761526921,0.08116839142146083
25844,GOF,0.06482653012576835,0.7364194322369574,0.19875403763727426
25845,GOF,0.016889419485517823,0.5181318685796046,0.46497871193487766
25846,GOF,0.12121850152926193,0.7503352591166859,0.1284462393540522
25847,GOF,0.10921670994595675,0.7993168031354085,0.09146648691863472
25848,GOF,0.03985629366841229,0.725138801891735,0.23500490443985278
25849,GOF,0.011792983393402498,0.6049473014916126,0.3832597151149849
25850,GOF,0.021963073150501698,0.6733288212305967,0.30470810561890166
25851,GOF,0.017962791101517293,0.5508398157359693,0.4311973931625135
25852,GOF,0.15726375257256,0.5991642639774756,0.24357198344996447
25853,GOF,0.3295602601436994,0.6084615889088094,0.061978150947491165
25854,GOF,0.022361834463844214,0.6478629589741431,0.32977520656201265
25855,GOF,0.03652719081842302,0.5986064233895725,0.3648663857920044
25856,GOF,0.24936013251587202,0.5686888181591144,0.1819510493250137
25857,GOF,0.035571117236004576,0.5174654718843463,0.44696341087964914
25858,GOF,0.02037061480076858,0.5614164925397975,0.41821289265943395
25859,GOF,0.010612053805640584,0.5398851862992209,0.44950275989513855
25860,GOF,0.3547265844029841,0.5736545538637537,0.07161886173326223
25861,GOF,0.4120027905040519,0.5191939965003051,0.06880321299564301
25862,GOF,0.08972268240852596,0.7851540862002135,0.12512323139126055
25863,GOF,0.09534595781446646,0.782326174270611,0.12232786791492241
25864,GOF,0.19104823173151822,0.735702503614536,0.07324926465394571
25865,GOF,0.08384391454026863,0.8121206797596755,0.10403540570005598
25866,GOF,0.05891745470560169,0.8116257316475273,0.12945681364687103
25867,GOF,0.08366047937075566,0.8338350553379102,0.08250446529133407
25868,GOF,0.22805805249136363,0.6879337684125105,0.08400817909612585
25869,Neutral,0.6771129321019823,0.2921854728032934,0.03070159509472431
25870,GOF,0.2877266474863021,0.3955957269753534,0.3166776255383445
25871,GOF,0.21220384552623994,0.6418446583068079,0.1459514961669522
25872,GOF,0.07503925874581671,0.674994507268919,0.24996623398526444
25873,GOF,0.13790818496828006,0.7003362317291527,0.1617555833025673
25874,LOF,0.01750415921527845,0.13389474335938087,0.8486010974253407
25875,LOF,0.10477372091129777,0.03251869182116667,0.8627075872675356
25876,LOF,0.039922200695048156,0.03287785572633994,0.9271999435786118
25877,Neutral,0.5155970549728949,0.040517083640939464,0.4438858613861657
25878,LOF,0.2184851229557115,0.0665108702191043,0.7150040068251843
25879,LOF,0.10466320185965607,0.0765315997870453,0.8188051983532986
25880,LOF,0.02293147318776468,0.014863469673763898,0.9622050571384714
25881,LOF,0.1705705135341867,0.1144049577095968,0.7150245287562165
25882,LOF,0.07181777029452767,0.01654723937922873,0.9116349903262436
25883,LOF,0.08360886526655123,0.018373899486743117,0.8980172352467056
25884,LOF,0.03556486578088386,0.02939224001616009,0.9350428942029562
25885,LOF,0.07246957492089794,0.011703776888798537,0.9158266481903036
25886,LOF,0.2574968527641841,0.031950811537085524,0.7105523356987304
25887,LOF,0.1513829754929028,0.06639510216637598,0.7822219223407212
25888,LOF,0.07171869761688504,0.06284152245984197,0.865439779923273
25889,LOF,0.048567875740659544,0.02129938348830336,0.930132740771037
25890,LOF,0.0465216599301021,0.15045229040990507,0.8030260496599927
25891,LOF,0.038536232663756324,0.05095824576549807,0.9105055215707456
25892,LOF,0.08651740582933928,0.025386074736994883,0.8880965194336657
25893,LOF,0.2215438869933036,0.023905381005148642,0.7545507320015478
25894,LOF,0.1729710168380522,0.012675171000013852,0.814353812161934
25895,LOF,0.19255129121303632,0.02257158194817809,0.7848771268387856
25896,LOF,0.04518560583540031,0.03349810003422803,0.9213162941303715
25897,LOF,0.28011191286841136,0.013959594607014798,0.7059284925245739
25898,Neutral,0.6870529520632471,0.011258797692375361,0.3016882502443775
25899,LOF,0.19057049648311955,0.02832737484001763,0.7811021286768628
25900,LOF,0.40637331312443437,0.019573257854657383,0.5740534290209082
25901,LOF,0.041029041106977054,0.01531885515017964,0.9436521037428433
25902,LOF,0.16244947093880596,0.01561155443794441,0.8219389746232496
25903,Neutral,0.5363100638348464,0.030691834395788976,0.43299810176936476
25904,LOF,0.2618022698796566,0.06726655408497711,0.6709311760353663
25905,LOF,0.02531018326978963,0.31565543556996367,0.6590343811602468
25906,LOF,0.033558002802874985,0.06413344572498517,0.9023085514721398
25907,LOF,0.017429268340262732,0.3170059955806525,0.6655647360790847
25908,LOF,0.011605717133260007,0.22015488968681798,0.768239393179922
25909,LOF,0.014718298173047553,0.1201307784433353,0.8651509233836172
25910,LOF,0.0538029547744788,0.12342768755684239,0.8227693576686789
25911,LOF,0.17604829163332233,0.024428021022445782,0.7995236873442318
25912,LOF,0.04342289775244131,0.04191402130109403,0.9146630809464646
25913,LOF,0.2871898812688849,0.023046270251889933,0.6897638484792251
25914,LOF,0.021284822709575674,0.07345805465026861,0.9052571226401558
25915,Neutral,0.5462626756254307,0.23343447150429347,0.22030285287027582
25916,LOF,0.08103360489830773,0.2845369793889636,0.6344294157127286
25917,LOF,0.06869109525071308,0.0576740607178014,0.8736348440314855
25918,LOF,0.026844625683947465,0.049050128974003605,0.924105245342049
25919,LOF,0.022799306921042088,0.056685909931901875,0.920514783147056
25920,GOF,0.09528489152375644,0.543434798787382,0.36128030968886155
25921,LOF,0.023707298799336186,0.032255944581885514,0.9440367566187783
25922,LOF,0.031380213586839546,0.02383203161771034,0.9447877547954501
25923,LOF,0.39716162359534973,0.027410467993318262,0.575427908411332
25924,LOF,0.03652551882829849,0.041488931630299125,0.9219855495414024
25925,LOF,0.06677068446683643,0.03463274501192439,0.8985965705212391
25926,LOF,0.05147562623271265,0.02798106676006292,0.9205433070072243
25927,LOF,0.06642157222813934,0.0858655733776024,0.8477128543942583
25928,LOF,0.01843092958991922,0.04117513802375645,0.9403939323863243
25929,Neutral,0.5094388708957867,0.03017907956911056,0.4603820495351027
25930,LOF,0.05019186954106016,0.024745904672457988,0.9250622257864819
25931,LOF,0.02387263521026076,0.026830210271180727,0.9492971545185585
25932,LOF,0.025371237941486314,0.022526384493737894,0.9521023775647758
25933,LOF,0.03554434695367482,0.015895587001385117,0.94856006604494
25934,LOF,0.023347333522134004,0.01860239031553924,0.9580502761623267
25935,LOF,0.059948285655907464,0.041173266967281165,0.8988784473768114
25936,LOF,0.04266240306162522,0.01944220096325905,0.9378953959751156
25937,LOF,0.026614569118557897,0.03136055977365316,0.942024871107789
25938,LOF,0.06345832855181076,0.04199181252484134,0.8945498589233479
25939,LOF,0.03869227512490582,0.01501556538969288,0.9462921594854014
25940,LOF,0.028238747924467966,0.394958527925677,0.5768027241498551
25941,LOF,0.1739249232235668,0.09641383856224718,0.7296612382141859
25942,LOF,0.015158631016911445,0.038703405342273386,0.946137963640815
25943,LOF,0.27953231315910837,0.06829922243502488,0.6521684644058667
25944,LOF,0.45993218176968687,0.02815511788935383,0.5119127003409593
25945,LOF,0.06334089357728981,0.023075819151266167,0.913583287271444
25946,LOF,0.027329317668947525,0.13568284014198892,0.8369878421890636
25947,LOF,0.10158186020431757,0.22024411525151427,0.6781740245441681
25948,LOF,0.4076230596324045,0.009618792050229055,0.5827581483173665
25949,LOF,0.1071871486795181,0.039739022021246,0.8530738292992359
25950,GOF,0.293888425369927,0.38823958392370683,0.3178719907063663
25951,LOF,0.23768029094775062,0.2185813755687253,0.5437383334835241
25952,LOF,0.04918071072381838,0.42312548856670895,0.5276938007094727
25953,LOF,0.15468989873263905,0.09254604819974822,0.7527640530676128
25954,Neutral,0.4695654618770571,0.14533329463306568,0.38510124348987734
25955,LOF,0.05017483205029593,0.0861872914281119,0.8636378765215922
25956,LOF,0.1717195586086692,0.11428211509354042,0.7139983262977904
25957,LOF,0.03748046164180397,0.03301272767141952,0.9295068106867765
25958,LOF,0.062150010265231086,0.02814031597250722,0.9097096737622618
25959,LOF,0.06809922501888294,0.39383273833090476,0.5380680366502123
25960,LOF,0.018046301584590054,0.05300713421468626,0.9289465642007237
25961,LOF,0.05055794408877763,0.031057197066969442,0.9183848588442529
25962,LOF,0.06199202428017847,0.027724333109081883,0.9102836426107396
25963,LOF,0.05332605459967383,0.17584537162254282,0.7708285737777834
25964,LOF,0.0392289722827002,0.14839391386457643,0.8123771138527234
25965,LOF,0.4580841315033582,0.08092765560422176,0.4609882128924201
25966,Neutral,0.4806748892410925,0.0998533428194172,0.41947176793949037
25967,LOF,0.012247916220589766,0.06245905862611526,0.9252930251532949
25968,LOF,0.030225065680055566,0.39641450258911104,0.5733604317308334
25969,LOF,0.030731748114876445,0.04800831072948622,0.9212599411556374
25970,LOF,0.053966366615619564,0.05047971706196685,0.8955539163224135
25971,LOF,0.07335622044266604,0.016362919798781028,0.910280859758553
25972,LOF,0.07436539194863773,0.021453122734478813,0.9041814853168835
25973,LOF,0.07774668026380345,0.010070264163775038,0.9121830555724214
25974,LOF,0.19713896707855666,0.017333933185786726,0.7855270997356567
25975,LOF,0.0481831873289519,0.029070507260862567,0.9227463054101854
25976,LOF,0.04430620275829636,0.01895237486823302,0.9367414223734706
25977,LOF,0.14678897672080263,0.09525958229249162,0.7579514409867056
25978,LOF,0.1483208968179928,0.07408868409597538,0.7775904190860319
25979,LOF,0.13762014431973005,0.07574306284763392,0.7866367928326361
25980,LOF,0.22424920111607946,0.09856693627373947,0.6771838626101812
25981,LOF,0.2552916966191436,0.09667048988798832,0.6480378134928682
25982,LOF,0.4230333619922336,0.05563968590946847,0.5213269520982979
25983,LOF,0.40621609846824147,0.061626135900788345,0.5321577656309702
25984,LOF,0.05505573157663142,0.043379385766440993,0.9015648826569276
25985,LOF,0.03308779214314667,0.21550739119913345,0.7514048166577199
25986,LOF,0.0413575797168731,0.25876453780277536,0.6998778824803515
25987,LOF,0.08091368640020301,0.07034051542412147,0.8487457981756756
25988,LOF,0.15418951997690716,0.05126663518773323,0.7945438448353596
25989,LOF,0.03304734792963369,0.09359288947436581,0.8733597625960006
25990,LOF,0.04262039702088672,0.13001216278826358,0.8273674401908496
25991,LOF,0.13675884803700855,0.3015401944610103,0.5617009575019811
25992,LOF,0.30810164340687746,0.15806353650101596,0.5338348200921066
25993,LOF,0.02294774341856755,0.08918305583009387,0.8878692007513386
25994,LOF,0.017088460881197517,0.13115560022585993,0.8517559388929427
25995,LOF,0.024097559159049167,0.25941761051465456,0.7164848303262962
25996,GOF,0.32079973886632707,0.44737012989251357,0.23183013124115948
25997,LOF,0.0835392579102765,0.45363965101735604,0.46282109107236735
25998,Neutral,0.5602723712502552,0.016661701805423958,0.4230659269443207
25999,LOF,0.11852789566558491,0.09841321340171229,0.7830588909327028
26000,LOF,0.15271267022079274,0.04737908536780798,0.7999082444113993
26001,LOF,0.19743662610015217,0.0475406463323831,0.7550227275674647
26002,LOF,0.15286181195125645,0.046182744761364164,0.8009554432873794
26003,GOF,0.010229845002711077,0.5585954510083401,0.4311747039889488
26004,GOF,0.01942466970064204,0.6238366697387738,0.3567386605605841
26005,LOF,0.008094500019326238,0.4180350550318902,0.5738704449487835
26006,Neutral,0.5384332527686753,0.21452714117680896,0.2470396060545159
26007,GOF,0.02426248028858578,0.5191447403249734,0.45659277938644083
26008,GOF,0.015391325212115173,0.5927842521739509,0.3918244226139339
26009,GOF,0.020757899987412474,0.6477189783207803,0.33152312169180725
26010,GOF,0.02798281117220358,0.6250214269657867,0.34699576186200976
26011,LOF,0.007232830695850505,0.43965475419402683,0.5531124151101227
26012,GOF,0.01437248342188096,0.540804103233806,0.44482341334431297
26013,GOF,0.01909907624418963,0.6033872084029095,0.3775137153529009
26014,LOF,0.045075254943134725,0.1038417512893482,0.8510829937675172
26015,LOF,0.189472611874363,0.01153083617054412,0.7989965519550929
26016,LOF,0.1801444890055022,0.05943049604119238,0.7604250149533054
26017,LOF,0.1960169003312079,0.09899458904190467,0.7049885106268874
26018,LOF,0.08967233311996543,0.03211580164740728,0.8782118652326274
26019,LOF,0.08540921976147113,0.024611625779497232,0.8899791544590315
26020,LOF,0.06464149789084137,0.114698643771843,0.8206598583373157
26021,LOF,0.043442321685139805,0.1253023067933691,0.8312553715214912
26022,LOF,0.01075611196392084,0.04046632202127303,0.948777566014806
26023,LOF,0.10743627599969158,0.021777347302413853,0.8707863766978945
26024,LOF,0.029828926627359382,0.12396852203421588,0.8462025513384247
26025,LOF,0.15534821721097491,0.10630751705559215,0.7383442657334328
26026,LOF,0.3184921266823373,0.031087328344715122,0.6504205449729477
26027,LOF,0.08089006142720605,0.01657598539329803,0.902533953179496
26028,LOF,0.16865822073818929,0.06747965131128289,0.7638621279505278
26029,LOF,0.07202812618224272,0.1920651109760675,0.7359067628416898
26030,LOF,0.024712973881355127,0.06751955022612965,0.9077674758925153
26031,LOF,0.02890751889033476,0.15135294252072778,0.8197395385889373
26032,LOF,0.06599908029475612,0.08028832451019262,0.8537125951950513
26033,LOF,0.11707487580418083,0.09695625290109033,0.7859688712947289
26034,LOF,0.04533816486790375,0.17125367984414114,0.783408155287955
26035,LOF,0.02875120485242878,0.15495103440064992,0.8162977607469214
26036,LOF,0.041576133084585895,0.18330653306076744,0.7751173338546467
26037,LOF,0.0238259873344913,0.12497514050881048,0.8511988721566982
26038,LOF,0.06132324420439822,0.08502925057950021,0.8536475052161016
26039,LOF,0.05279957401386205,0.16198699628732277,0.7852134296988151
26040,LOF,0.1973271229648085,0.14442770753231512,0.6582451695028764
26041,LOF,0.02473267355004491,0.1208674161264934,0.8543999103234617
26042,LOF,0.02335224527175942,0.11625343509427817,0.8603943196339623
26043,LOF,0.06154681982735366,0.09896203739203978,0.8394911427806067
26044,LOF,0.020238592614410182,0.08561438216811243,0.8941470252174775
26045,LOF,0.07249188958268935,0.10675068789055299,0.8207574225267577
26046,LOF,0.06277085926534073,0.10000702510807567,0.8372221156265837
26047,LOF,0.08523832108799145,0.10525866819280819,0.8095030107192003
26048,LOF,0.04938886748522996,0.050100880707418666,0.9005102518073513
26049,Neutral,0.9614899930170201,0.008654587683243333,0.029855419299736598
26050,Neutral,0.9468022870455103,0.011856916013250732,0.041340796941238885
26051,LOF,0.050136044070412805,0.19692076004552825,0.7529431958840589
26052,LOF,0.0771891181457094,0.24671546670692615,0.6760954151473645
26053,LOF,0.050134322713303675,0.142460532080231,0.8074051452064652
26054,LOF,0.0544775258908908,0.01759402801936092,0.9279284460897483
26055,LOF,0.07206846307479357,0.01458360775896085,0.9133479291662456
26056,LOF,0.06029279824494049,0.015779834697797278,0.9239273670572622
26057,LOF,0.02854186360760853,0.010867601599523987,0.9605905347928676
26058,LOF,0.029513163998636766,0.008562099670300468,0.9619247363310627
26059,LOF,0.2999827198413081,0.023754224079235182,0.6762630560794568
26060,LOF,0.03848860062358819,0.17465841856305545,0.7868529808133563
26061,LOF,0.01779202133780502,0.00977528823658425,0.9724326904256109
26062,LOF,0.010867535319467195,0.015427574134796937,0.9737048905457358
26063,LOF,0.02220105977653044,0.010958384644338756,0.9668405555791307
26064,LOF,0.024416952503032347,0.01959175881092898,0.9559912886860387
26065,LOF,0.02374249468446285,0.009386889642901455,0.9668706156726358
26066,LOF,0.020916272801808824,0.01028794063428816,0.9687957865639031
26067,LOF,0.02811014997067294,0.008035535988649598,0.9638543140406775
26068,LOF,0.04471514203325451,0.03190873210133978,0.9233761258654057
26069,LOF,0.25539197700351457,0.018902041542697198,0.7257059814537883
26070,LOF,0.39746070439811243,0.01632420020941828,0.5862150953924693
26071,LOF,0.024102138025187826,0.011260288329156041,0.9646375736456562
26072,LOF,0.023380067777742763,0.01572578721673074,0.9608941450055264
26073,LOF,0.025112440852976443,0.009876449832294111,0.9650111093147294
26074,Neutral,0.9034093274452445,0.005803057412398697,0.09078761514235677
26075,LOF,0.04284604825763558,0.01451872792369986,0.9426352238186646
26076,LOF,0.046197169296652234,0.008505125950731163,0.9452977047526167
26077,LOF,0.010397378700214914,0.01747353729045833,0.9721290840093268
26078,LOF,0.0135508481645208,0.011141685452928547,0.9753074663825506
26079,LOF,0.056724031918344436,0.017549237065265882,0.9257267310163897
26080,LOF,0.05578815573628094,0.017563269175426163,0.9266485750882929
26081,LOF,0.03674817384514347,0.00565881070999483,0.9575930154448618
26082,LOF,0.015113593088911127,0.015723017379091937,0.9691633895319969
26083,LOF,0.1336429858989706,0.012081394654065375,0.854275619446964
26084,LOF,0.028045494528351415,0.011035394650665921,0.9609191108209827
26085,LOF,0.024323963407598737,0.01054259980818122,0.96513343678422
26086,LOF,0.023161197093108706,0.010598535717997895,0.9662402671888933
26087,LOF,0.02922847529508111,0.007403325558712211,0.9633681991462067
26088,LOF,0.016461724322499694,0.025593500124343554,0.9579447755531568
26089,LOF,0.04450368702958611,0.022169219593701012,0.9333270933767129
26090,LOF,0.04313820650999176,0.017402352410078367,0.9394594410799298
26091,LOF,0.03870863433771656,0.0055978119647744455,0.955693553697509
26092,LOF,0.026289510425767187,0.007673412179832838,0.9660370773944
26093,LOF,0.04118433403114754,0.005558316082447897,0.9532573498864046
26094,LOF,0.04172294143609877,0.00599956415678899,0.9522774944071122
26095,LOF,0.04535782017365245,0.012944563022114768,0.9416976168042327
26096,LOF,0.018648102469392303,0.01289224690910534,0.9684596506215023
26097,LOF,0.012062439771603557,0.03829457126520444,0.949642988963192
26098,LOF,0.07091587409828413,0.010632814110061287,0.9184513117916545
26099,LOF,0.024574360094995838,0.011035386393949418,0.9643902535110547
26100,LOF,0.026867111865752948,0.010712436792379808,0.9624204513418673
26101,LOF,0.0582184601543516,0.013201071795180784,0.9285804680504676
26102,LOF,0.02475953641288755,0.012238159309969075,0.9630023042771434
26103,Neutral,0.8868097484014349,0.01732060075588383,0.0958696508426813
26104,LOF,0.07713702313793973,0.02572021957893133,0.8971427572831289
26105,LOF,0.21602206473211238,0.28176573739811,0.5022121978697777
26106,LOF,0.2377675550639297,0.11307326891470883,0.6491591760213614
26107,LOF,0.2630004025536869,0.08104308872895256,0.6559565087173606
26108,LOF,0.25414661295616164,0.1174082161797094,0.6284451708641289
26109,LOF,0.11330948258307422,0.06865471470072593,0.8180358027161999
26110,LOF,0.2712548201741463,0.008577294726405808,0.720167885099448
26111,Neutral,0.5017218819884702,0.023824073490276,0.4744540445212537
26112,LOF,0.03297223528728654,0.007782688963892265,0.9592450757488213
26113,LOF,0.052574460421365384,0.015884447906850042,0.9315410916717846
26114,LOF,0.02733706240175543,0.018038417517122072,0.9546245200811225
26115,LOF,0.09454583496954297,0.03342318173763087,0.8720309832928262
26116,LOF,0.06519140822412149,0.03429699088111953,0.9005116008947589
26117,LOF,0.44741741507095,0.04398446421092691,0.508598120718123
26118,LOF,0.03700366343855642,0.0250815245242624,0.9379148120371811
26119,LOF,0.025232405606995103,0.041436517124851746,0.9333310772681531
26120,LOF,0.030917428706654565,0.022144831175635434,0.94693774011771
26121,LOF,0.042283372580373665,0.0843757483037079,0.8733408791159185
26122,LOF,0.04590842924549335,0.04329072242882041,0.9108008483256862
