feature0,prediction,LoGoFunc_Neutral,LoGoFunc_GOF,LoGoFunc_LOF
25546,Neutral,0.5015257580698887,0.10479134194838029,0.393682899981731
25547,LOF,0.35259734084072464,0.19298382315165938,0.45441883600761607
25548,LOF,0.2964655690006692,0.17425535694681896,0.5292790740525117
25549,LOF,0.27669999026158787,0.2382800635624779,0.48501994617593436
25550,LOF,0.27460976451340785,0.1521302025251763,0.5732600329614158
25551,LOF,0.20612754059240984,0.21899125294994753,0.5748812064576426
25552,LOF,0.21792953027809023,0.18914576167144614,0.5929247080504636
25553,Neutral,0.741407097413906,0.1216526306179548,0.13694027196813918
25554,LOF,0.2249339070110833,0.19242091820724652,0.5826451747816702
25555,LOF,0.24416146759507998,0.14350226821581882,0.6123362641891011
25556,LOF,0.3957945822073089,0.12037069608458924,0.483834721708102
25557,LOF,0.2546482625225949,0.13888976391138178,0.6064619735660233
25558,LOF,0.2211253495567809,0.12481149310609288,0.6540631573371262
25559,LOF,0.33957910816965925,0.03450373004352611,0.6259171617868146
25560,LOF,0.08380506899715874,0.3697928850231228,0.5464020459797184
25561,LOF,0.09343439637224424,0.3027936388809943,0.6037719647467614
25562,LOF,0.041975976521497364,0.2519637330102857,0.7060602904682171
25563,LOF,0.03150581206683842,0.25652512996117655,0.7119690579719852
25564,LOF,0.05309859904414977,0.17538310958162634,0.7715182913742238
25565,LOF,0.21881661688265017,0.2586258783165932,0.5225575048007567
25566,GOF,0.15162339609578765,0.6563010308695826,0.19207557303462974
25567,LOF,0.0279268297368781,0.08548552192222905,0.8865876483408929
25568,LOF,0.06397727703873596,0.09713849676761115,0.8388842261936529
25569,LOF,0.048440853507247035,0.1173199825682169,0.8342391639245361
25570,LOF,0.05309859904414977,0.17538310958162634,0.7715182913742238
25571,LOF,0.05309859904414977,0.17538310958162634,0.7715182913742238
25572,LOF,0.06527525994189774,0.15096624912331819,0.7837584909347842
25573,LOF,0.1723293303482557,0.2710728155447058,0.5565978541070384
25574,GOF,0.09577134271584573,0.7558496402105156,0.14837901707363865
25575,LOF,0.05309859904414977,0.17538310958162634,0.7715182913742238
25576,LOF,0.02319614471502831,0.1685267486358486,0.8082771066491231
25577,LOF,0.02516233787737085,0.19343226067065625,0.7814054014519729
25578,LOF,0.09509233654393903,0.3429403878241954,0.5619672756318657
25579,LOF,0.08329738742025272,0.326379352874163,0.5903232597055843
25580,LOF,0.05309859904414977,0.17538310958162634,0.7715182913742238
25581,LOF,0.05512664489293848,0.21405308300220674,0.7308202721048548
25582,LOF,0.05512664489293848,0.21405308300220674,0.7308202721048548
25583,LOF,0.05309859904414977,0.17538310958162634,0.7715182913742238
25584,Neutral,0.767314485974867,0.10045166471353802,0.13223384931159515
25585,LOF,0.03548527896357874,0.1289867066534511,0.8355280143829702
25586,LOF,0.05309859904414977,0.17538310958162634,0.7715182913742238
25587,LOF,0.05309859904414977,0.17538310958162634,0.7715182913742238
25588,LOF,0.05309859904414977,0.17538310958162634,0.7715182913742238
25589,Neutral,0.4322430755625843,0.37347000193058216,0.1942869225068336
25590,LOF,0.05884336861333104,0.20059057770136152,0.7405660536853075
25591,LOF,0.056857312659011956,0.13048414442856915,0.8126585429124189
25592,GOF,0.21948465118241395,0.48424348032488074,0.29627186849270537
25593,GOF,0.07909939826767529,0.6794372525270819,0.24146334920524282
25594,LOF,0.06672174697254428,0.09350504320340437,0.8397732098240513
25595,LOF,0.08760325131963786,0.08278023251371534,0.8296165161666468
25596,LOF,0.1459866069319634,0.039879817412272575,0.814133575655764
25597,LOF,0.1055869872436655,0.09549069218271565,0.7989223205736189
25598,LOF,0.051432511168825384,0.09330694252851753,0.8552605463026571
25599,GOF,0.015568467459987917,0.6346252723545913,0.3498062601854207
25600,GOF,0.10553866550237949,0.6807497558291538,0.21371157866846677
25601,GOF,0.02229633528822809,0.6254571097506878,0.3522465549610842
25602,LOF,0.0653577802478327,0.11965520190245278,0.8149870178497145
25603,LOF,0.05309859904414977,0.17538310958162634,0.7715182913742238
25604,LOF,0.10381819814333727,0.19271024712123114,0.7034715547354315
25605,LOF,0.226506142095747,0.2851275458981172,0.4883663120061358
25606,Neutral,0.6158320098326869,0.09754322333111862,0.28662476683619437
25607,LOF,0.05356366781252333,0.16759560653248223,0.7788407256549944
25608,LOF,0.05058105231472184,0.16335742131796147,0.7860615263673166
25609,GOF,0.07983092423829259,0.7178110909325673,0.20235798482914003
25610,LOF,0.05309859904414977,0.17538310958162634,0.7715182913742238
25611,LOF,0.05309859904414977,0.17538310958162634,0.7715182913742238
25612,LOF,0.0753969256160455,0.06551203805980141,0.8590910363241531
25613,LOF,0.09039348558864185,0.08326113151792758,0.8263453828934305
25614,LOF,0.05309859904414977,0.17538310958162634,0.7715182913742238
25615,LOF,0.05551355143025491,0.18464171003310847,0.7598447385366366
25616,LOF,0.05309859904414977,0.17538310958162634,0.7715182913742238
25617,LOF,0.05309859904414977,0.17538310958162634,0.7715182913742238
25618,GOF,0.11467683606682197,0.45315034205253907,0.43217282188063894
25619,LOF,0.05309859904414977,0.17538310958162634,0.7715182913742238
25620,LOF,0.05309859904414977,0.17538310958162634,0.7715182913742238
25621,LOF,0.07099676981996693,0.12596138412065377,0.8030418460593793
25622,LOF,0.08216867979664733,0.07140768411055362,0.8464236360927991
25623,LOF,0.08984608349853897,0.05840002050300901,0.851753895998452
25624,LOF,0.05309859904414977,0.17538310958162634,0.7715182913742238
25625,LOF,0.09347675508987195,0.056924093680771344,0.8495991512293568
25626,LOF,0.05795298250879053,0.08890895838857427,0.8531380591026352
25627,Neutral,0.6704184895122954,0.24981709839830024,0.07976441208940434
25628,LOF,0.07013948777427141,0.4285297748376816,0.501330737388047
25629,LOF,0.04333559683817318,0.23748764390755667,0.71917675925427
25630,Neutral,0.3733899443548075,0.3223193299398728,0.3042907257053197
25631,GOF,0.2175256812799524,0.4567882415463038,0.325686077173744
25632,LOF,0.027900394709298327,0.11377900770519675,0.8583205975855048
25633,LOF,0.05309859904414977,0.17538310958162634,0.7715182913742238
25634,LOF,0.05295584537581823,0.12157044169319803,0.8254737129309837
25635,LOF,0.05309859904414977,0.17538310958162634,0.7715182913742238
25636,GOF,0.032495324873428086,0.6211204862604004,0.34638418886617156
25637,GOF,0.04141539039942566,0.6023340134460462,0.35625059615452814
25638,GOF,0.018693440634893168,0.6170520770676295,0.36425448229747726
25639,GOF,0.0446358396254026,0.6826050562507047,0.2727591041238927
25640,Neutral,0.7832525699381633,0.10380792360153498,0.11293950646030175
25641,GOF,0.07109770422630389,0.6892586117596861,0.23964368401401
25642,GOF,0.05702102025247207,0.47187313374879813,0.47110584599872973
25643,LOF,0.2982721044756996,0.17059927581119158,0.5311286197131088
25644,GOF,0.0197114033461526,0.6065150614370256,0.37377353521682183
25645,GOF,0.013482864307496581,0.6166786617968637,0.3698384738956399
25646,GOF,0.027940786951195933,0.7575118392692479,0.214547373779556
25647,LOF,0.015184204662677087,0.44873681679903443,0.5360789785382885
25648,LOF,0.014933730788811576,0.4838757420685798,0.5011905271426087
25649,LOF,0.016365591408385893,0.33191902518334576,0.6517153834082683
25650,GOF,0.03195590061479844,0.7113725967425528,0.25667150264264865
25651,LOF,0.018512809687386254,0.45007975403421224,0.5314074362784016
25652,LOF,0.01778852480264566,0.4678630396633243,0.51434843553403
25653,GOF,0.06686661239012723,0.5339785123796625,0.39915487523021015
25654,LOF,0.015929954926947088,0.4071041631634024,0.5769658819096506
25655,GOF,0.037044440859102114,0.632694214420773,0.3302613447201248
25656,LOF,0.15388299514233253,0.2670194607647776,0.5790975440928898
25657,LOF,0.05819455488885225,0.07231641846725144,0.8694890266438964
25658,LOF,0.0780237018245458,0.4304622507962497,0.49151404737920434
25659,GOF,0.22341253873264003,0.6025274229873304,0.17406003828002947
25660,LOF,0.05309859904414977,0.17538310958162634,0.7715182913742238
25661,LOF,0.05309859904414977,0.17538310958162634,0.7715182913742238
25662,LOF,0.05309859904414977,0.17538310958162634,0.7715182913742238
25663,LOF,0.05309859904414977,0.17538310958162634,0.7715182913742238
25664,LOF,0.07808167582930992,0.14397549601400877,0.7779428281566813
25665,LOF,0.061988765810976204,0.14637559587170382,0.7916356383173201
25666,LOF,0.0772718092737875,0.14916856078115673,0.7735596299450558
25667,LOF,0.05309859904414977,0.17538310958162634,0.7715182913742238
25668,LOF,0.05309859904414977,0.17538310958162634,0.7715182913742238
25669,LOF,0.05309859904414977,0.17538310958162634,0.7715182913742238
25670,LOF,0.08854000311651909,0.1032769568076954,0.8081830400757855
25671,LOF,0.05309859904414977,0.17538310958162634,0.7715182913742238
25672,LOF,0.04769984859982918,0.10112134278714048,0.8511788086130303
25673,LOF,0.07035016053289261,0.131124580072899,0.7985252593942084
25674,LOF,0.058589627676987444,0.16349956745621955,0.7779108048667931
25675,LOF,0.07588823036440531,0.10061873961489116,0.8234930300207036
25676,LOF,0.05309859904414977,0.17538310958162634,0.7715182913742238
25677,LOF,0.05309859904414977,0.17538310958162634,0.7715182913742238
25678,LOF,0.06741675881916559,0.0910279506456264,0.8415552905352081
25679,LOF,0.10827231527527237,0.10933201695213175,0.7823956677725958
25680,LOF,0.05309859904414977,0.17538310958162634,0.7715182913742238
25681,LOF,0.05309859904414977,0.17538310958162634,0.7715182913742238
25682,LOF,0.05309859904414977,0.17538310958162634,0.7715182913742238
25683,LOF,0.08399986474354414,0.05396146101901918,0.8620386742374366
25684,LOF,0.05309859904414977,0.17538310958162634,0.7715182913742238
25685,LOF,0.06507229187721132,0.1558663815316709,0.7790613265911178
25686,LOF,0.020253617534730407,0.4758517857192589,0.5038945967460106
25687,GOF,0.030662530812345202,0.7163318553019723,0.2530056138856825
25688,LOF,0.2677582524352971,0.32997244522989594,0.40226930233480707
25689,LOF,0.10232328386528716,0.33248433647647746,0.5651923796582354
25690,LOF,0.14828860285499088,0.355903182988643,0.49580821415636617
25691,Neutral,0.6681146453443417,0.15790729798829517,0.17397805666736307
25692,LOF,0.10693476646069881,0.07133164076454111,0.82173359277476
25693,GOF,0.06734276979981618,0.6898277092634302,0.24282952093675347
25694,LOF,0.18234198389659215,0.038525828289027717,0.7791321878143801
25695,LOF,0.12742180675424217,0.06883857976912332,0.8037396134766345
25696,LOF,0.152908931594255,0.060547747314102375,0.7865433210916426
25697,LOF,0.0690726379613031,0.25939843328973733,0.6715289287489596
25698,LOF,0.08127441201883297,0.3025188038571838,0.6162067841239832
25699,GOF,0.06592678049505528,0.49491159518064,0.4391616243243047
25700,LOF,0.05309859904414977,0.17538310958162634,0.7715182913742238
25701,GOF,0.06833052694976385,0.6656408139438843,0.2660286591063518
25702,GOF,0.2192406021995608,0.6189233423157989,0.16183605548464033
25703,LOF,0.029148162002297064,0.11712458406513955,0.8537272539325634
25704,LOF,0.05309859904414977,0.17538310958162634,0.7715182913742238
25705,LOF,0.05309859904414977,0.17538310958162634,0.7715182913742238
25706,GOF,0.11375566433392398,0.7049127994574107,0.18133153620866532
25707,GOF,0.1059817484343254,0.710243854847207,0.1837743967184676
25708,GOF,0.03049659254510552,0.6084119860329644,0.3610914214219302
25709,LOF,0.05309859904414977,0.17538310958162634,0.7715182913742238
25710,LOF,0.022236274837384048,0.18082692394103872,0.7969368012215773
25711,LOF,0.05309859904414977,0.17538310958162634,0.7715182913742238
25712,LOF,0.030480566843452853,0.1903214159459416,0.7791980172106056
25713,LOF,0.05309859904414977,0.17538310958162634,0.7715182913742238
25714,LOF,0.05309859904414977,0.17538310958162634,0.7715182913742238
25715,LOF,0.05309859904414977,0.17538310958162634,0.7715182913742238
25716,LOF,0.024753236042484913,0.1281786291007146,0.8470681348568004
25717,LOF,0.019800454373795174,0.24234122114655518,0.7378583244796496
25718,LOF,0.05309859904414977,0.17538310958162634,0.7715182913742238
25719,LOF,0.05309859904414977,0.17538310958162634,0.7715182913742238
25720,LOF,0.05309859904414977,0.17538310958162634,0.7715182913742238
25721,LOF,0.05309859904414977,0.17538310958162634,0.7715182913742238
25722,LOF,0.05309859904414977,0.17538310958162634,0.7715182913742238
25723,LOF,0.05309859904414977,0.17538310958162634,0.7715182913742238
25724,LOF,0.15388299514233253,0.2670194607647776,0.5790975440928898
25725,LOF,0.05309859904414977,0.17538310958162634,0.7715182913742238
25726,LOF,0.05309859904414977,0.17538310958162634,0.7715182913742238
25727,LOF,0.05309859904414977,0.17538310958162634,0.7715182913742238
25728,LOF,0.05309859904414977,0.17538310958162634,0.7715182913742238
25729,LOF,0.05309859904414977,0.17538310958162634,0.7715182913742238
25730,LOF,0.05309859904414977,0.17538310958162634,0.7715182913742238
25731,LOF,0.023692610387705256,0.2707776914924904,0.7055296981198043
25732,LOF,0.05309859904414977,0.17538310958162634,0.7715182913742238
25733,LOF,0.05309859904414977,0.17538310958162634,0.7715182913742238
25734,LOF,0.029322913121074587,0.18819842400484507,0.7824786628740803
25735,LOF,0.05309859904414977,0.17538310958162634,0.7715182913742238
25736,LOF,0.05309859904414977,0.17538310958162634,0.7715182913742238
25737,LOF,0.05309859904414977,0.17538310958162634,0.7715182913742238
25738,LOF,0.05309859904414977,0.17538310958162634,0.7715182913742238
25739,LOF,0.05309859904414977,0.17538310958162634,0.7715182913742238
25740,LOF,0.05309859904414977,0.17538310958162634,0.7715182913742238
25741,LOF,0.05309859904414977,0.17538310958162634,0.7715182913742238
25742,LOF,0.05309859904414977,0.17538310958162634,0.7715182913742238
25743,LOF,0.022073521862077863,0.1398571266700664,0.8380693514678558
25744,GOF,0.1919289194030181,0.6627844189071787,0.14528666168980317
25745,GOF,0.01890363832694459,0.5962993274834616,0.38479703418959377
25746,GOF,0.015238339965368993,0.5614034022681439,0.423358257766487
25747,LOF,0.05309859904414977,0.17538310958162634,0.7715182913742238
25748,LOF,0.08329738742025272,0.326379352874163,0.5903232597055843
25749,GOF,0.017712047019972026,0.6610212926454094,0.3212666603346186
25750,GOF,0.015485503263421218,0.5695139976877648,0.4150004990488139
25751,LOF,0.05309859904414977,0.17538310958162634,0.7715182913742238
25752,LOF,0.04506865906895725,0.40707690922526735,0.5478544317057754
25753,LOF,0.020435662793236782,0.18833913908576447,0.7912251981209988
25754,GOF,0.023178380660301732,0.6191472772898681,0.3576743420498301
25755,LOF,0.027423365240754692,0.17619413025191186,0.7963825045073335
25756,LOF,0.04376499627592817,0.27848676424030855,0.6777482394837633
25757,GOF,0.01742396461337578,0.6928744864201278,0.2897015489664963
25758,GOF,0.025346321912965514,0.727239097483869,0.24741458060316535
25759,GOF,0.023626220765547542,0.49817018129407836,0.4782035979403742
25760,LOF,0.02708018421295661,0.17094319790639112,0.8019766178806522
25761,GOF,0.26517132695106804,0.6150724061088539,0.11975626694007799
25762,LOF,0.051275951140190255,0.1557754320681763,0.7929486167916334
25763,LOF,0.018127072998713755,0.22016216457843807,0.7617107624228482
25764,GOF,0.042314898000456805,0.8079852174848231,0.14969988451471997
25765,GOF,0.01821961333323369,0.5775555700004674,0.40422481666629884
25766,GOF,0.03986849083737668,0.6778097436329173,0.282321765529706
25767,GOF,0.13745396694966905,0.49539499629843997,0.3671510367518911
25768,LOF,0.05309859904414977,0.17538310958162634,0.7715182913742238
25769,LOF,0.05309859904414977,0.17538310958162634,0.7715182913742238
25770,Neutral,0.5475476212220827,0.08119051669228135,0.37126186208563594
25771,LOF,0.0748715898110129,0.10279905063556444,0.8223293595534227
25772,LOF,0.05309859904414977,0.17538310958162634,0.7715182913742238
25773,LOF,0.0760651107262335,0.1300984629911839,0.7938364262825826
25774,LOF,0.04908654094158986,0.11169243654933494,0.8392210225090752
25775,LOF,0.06521632123504746,0.2730157740968574,0.6617679046680951
25776,LOF,0.05309859904414977,0.17538310958162634,0.7715182913742238
25777,LOF,0.21871236026479196,0.08455349616384908,0.696734143571359
25778,LOF,0.05309859904414977,0.17538310958162634,0.7715182913742238
25779,Neutral,0.44962769485086335,0.23068835193958054,0.3196839532095561
25780,Neutral,0.6721704334543334,0.1248207332166258,0.20300883332904085
25781,GOF,0.3126489029916195,0.4979634213001211,0.18938767570825946
25782,GOF,0.19058783242265148,0.5710592509931987,0.23835291658414987
25783,GOF,0.07830208118090644,0.6379144611679559,0.28378345765113755
25784,Neutral,0.47567151210763553,0.39366317461678063,0.13066531327558387
25785,Neutral,0.5149274643907394,0.33454036427429856,0.1505321713349621
25786,GOF,0.09143666614629893,0.6761328499814264,0.2324304838722746
25787,Neutral,0.7257538622256927,0.17832931033474084,0.09591682743956641
25788,LOF,0.05309859904414977,0.17538310958162634,0.7715182913742238
25789,GOF,0.18894408775112395,0.502415385546477,0.30864052670239894
25790,GOF,0.24215147970692705,0.39495144070078586,0.3628970795922871
25791,GOF,0.10339769359619631,0.7365847685839161,0.1600175378198876
25792,GOF,0.19435013037728005,0.6147627021793837,0.19088716744333614
25793,Neutral,0.539414280332268,0.26662192534576235,0.19396379432196967
25794,Neutral,0.38424871070449806,0.3779336909440471,0.2378175983514549
25795,GOF,0.05418628793531213,0.8114044581884035,0.13440925387628425
25796,Neutral,0.5157783914768832,0.18431564286285637,0.2999059656602605
25797,GOF,0.1404188274862216,0.5792563636024674,0.2803248089113111
25798,GOF,0.0212631914307783,0.8075759172284411,0.17116089134078072
25799,GOF,0.02409918083756104,0.536039667332997,0.43986115182944197
25800,GOF,0.05517712885422862,0.7425200004525416,0.20230287069322983
25801,GOF,0.17644497612804458,0.6376910252595142,0.18586399861244113
25802,GOF,0.2476141704077227,0.589891119178608,0.1624947104136693
25803,GOF,0.17883418691665623,0.6178116705576512,0.20335414252569253
25804,GOF,0.08667352594103116,0.7421332457985008,0.17119322826046796
25805,GOF,0.13758243881264068,0.7240733968047997,0.13834416438255964
25806,GOF,0.2205512945076393,0.5660241736239638,0.21342453186839694
25807,GOF,0.033995719543535405,0.744900456749653,0.22110382370681161
25808,GOF,0.10684387660556421,0.771376366316314,0.12177975707812166
25809,GOF,0.0394908331012269,0.6533067110988406,0.3072024557999325
25810,GOF,0.041766595199382944,0.6728124442908063,0.28542096050981075
25811,GOF,0.37346010965497917,0.42113809151836173,0.20540179882665902
25812,GOF,0.17216372918945694,0.6207366110687583,0.2070996597417848
25813,Neutral,0.5731139310746114,0.24218809403326963,0.18469797489211892
25814,GOF,0.11274958726503767,0.7103998181242298,0.17685059461073244
25815,GOF,0.2388446254722175,0.5103517788790951,0.2508035956486875
25816,GOF,0.07889294895561028,0.7103994149865311,0.21070763605785858
25817,GOF,0.21759535477832914,0.5789618580819347,0.20344278713973615
25818,GOF,0.10777700387381955,0.7545092789966984,0.13771371712948202
25819,Neutral,0.4193352538534021,0.2613404551460042,0.3193242910005937
25820,GOF,0.24097024202223905,0.5861363864427381,0.1728933715350228
25821,GOF,0.09496747581143017,0.749561461477504,0.1554710627110658
25822,Neutral,0.44424819372318625,0.4005778347889429,0.1551739714878709
25823,GOF,0.10116869141936527,0.8093952387166614,0.08943606986397333
25824,GOF,0.1318791496057708,0.5314868344949746,0.33663401589925473
25825,GOF,0.06983335533355017,0.6788246661464375,0.25134197852001233
25826,GOF,0.02448701587445404,0.7165125384293936,0.2590004456961523
25827,GOF,0.027656751573991924,0.747664157998492,0.22467909042751621
25828,GOF,0.024138712109255844,0.7410026530790614,0.23485863481168268
25829,GOF,0.024882622501151683,0.6231532195868172,0.35196415791203106
25830,GOF,0.11467683606682197,0.45315034205253907,0.43217282188063894
25831,GOF,0.12324628431896344,0.7424826048261881,0.13427111085484855
25832,GOF,0.07538306298588345,0.6492600778006158,0.2753568592135006
25833,GOF,0.2099778935578613,0.5308329757009383,0.2591891307412004
25834,GOF,0.07667558506526019,0.708884040351686,0.21444037458305398
25835,GOF,0.20686383058645239,0.521466006134855,0.27167016327869264
25836,GOF,0.07919859915040274,0.6817941772723296,0.23900722357726772
25837,GOF,0.04867482889854897,0.727706180954681,0.2236189901467701
25838,GOF,0.27147382048048263,0.6008300979102786,0.12769608160923876
25839,GOF,0.314596040526129,0.4316933175935556,0.25371064188031545
25840,GOF,0.13679205909140674,0.6390419567760192,0.22416598413257405
25841,GOF,0.19962363696605961,0.6001498713400071,0.2002264916939333
25842,GOF,0.13573822348429812,0.6251233196475768,0.2391384568681251
25843,GOF,0.32325409008471995,0.36248123100067536,0.31426467891460463
25844,GOF,0.16158107053070156,0.5298921584666016,0.3085267710026967
25845,GOF,0.029290114617867704,0.643857783428241,0.32685210195389136
25846,GOF,0.11501954490731858,0.6998725114036748,0.18510794368900652
25847,GOF,0.07663953079615399,0.7795869093574949,0.14377355984635115
25848,GOF,0.1156004017993442,0.7292337019733062,0.15516589622734972
25849,GOF,0.030390200412575855,0.7588101025923439,0.2107996969950802
25850,GOF,0.04507651748091632,0.7160265894958238,0.23889689302325998
25851,GOF,0.030212389569641968,0.7643160249979734,0.20547158543238456
25852,GOF,0.21072549915420258,0.5748485750056106,0.21442592584018666
25853,GOF,0.41822913378215687,0.44160722107745065,0.1401636451403926
25854,GOF,0.018323212793336992,0.7640256814309868,0.21765110577567623
25855,GOF,0.08897780729038457,0.49910600875447303,0.4119161839551424
25856,Neutral,0.48417494186535637,0.19717878470401456,0.318646273430629
25857,GOF,0.07649750264189761,0.7316571774753197,0.1918453198827828
25858,GOF,0.04469874793253308,0.7882040699052755,0.1670971821621915
25859,GOF,0.02925709470690835,0.7186763706373682,0.25206653465572343
25860,Neutral,0.4888252522002319,0.32613232817308113,0.1850424196266868
25861,GOF,0.3000771269105607,0.4905423273735441,0.20938054571589515
25862,GOF,0.2126492275518368,0.6255746340396378,0.16177613840852534
25863,GOF,0.2809688879027409,0.42930313902402456,0.2897279730732346
25864,GOF,0.15748768209528144,0.4841724000177298,0.3583399178869887
25865,GOF,0.09746329545086642,0.7059740774518105,0.196562627097323
25866,GOF,0.18058559728192297,0.5961570542458122,0.22325734847226475
25867,GOF,0.22778495997916873,0.6098622351432431,0.1623528048775881
25868,GOF,0.29621541593615064,0.5262244358932466,0.17756014817060267
25869,Neutral,0.758693807453283,0.17145330693502944,0.06985288561168752
25870,GOF,0.21948465118241395,0.48424348032488074,0.29627186849270537
25871,GOF,0.086758616602961,0.6139213557629021,0.29932002763413695
25872,GOF,0.23368297964254583,0.4873360483113299,0.2789809720461243
25873,GOF,0.2467063260312979,0.5227987096540976,0.23049496431460456
25874,LOF,0.05309859904414977,0.17538310958162634,0.7715182913742238
25875,GOF,0.0759665059191335,0.7421491283667534,0.18188436571411298
25876,LOF,0.02772702692160972,0.3336387548882193,0.6386342181901711
25877,Neutral,0.46177966225735845,0.40126518399928296,0.1369551537433586
25878,GOF,0.14330493681084258,0.6842214130598788,0.1724736501292786
25879,GOF,0.05325587715697731,0.7318597077608833,0.21488441508213935
25880,LOF,0.05309859904414977,0.17538310958162634,0.7715182913742238
25881,GOF,0.299181321397744,0.49674069798554576,0.20407798061671023
25882,LOF,0.07378321304615987,0.18547956551484743,0.7407372214389927
25883,LOF,0.05309859904414977,0.17538310958162634,0.7715182913742238
25884,LOF,0.06294390418023003,0.16131995855035702,0.775736137269413
25885,LOF,0.0698664127284606,0.13854073272685455,0.7915928545446849
25886,LOF,0.08329738742025272,0.326379352874163,0.5903232597055843
25887,GOF,0.16560076618845,0.5617338936411554,0.27266534017039457
25888,LOF,0.19502387195257107,0.34725822971580805,0.45771789833162074
25889,LOF,0.08775788618691505,0.09761893066692338,0.8146231831461617
25890,LOF,0.08012255348038899,0.1349713649243841,0.784906081595227
25891,LOF,0.07222132950342423,0.09732950443971285,0.8304491660568629
25892,LOF,0.05574401532095686,0.2487466101650911,0.6955093745139521
25893,LOF,0.07819866483637004,0.3931677212829248,0.5286336138807052
25894,LOF,0.0544255172511309,0.24447268403078667,0.7011017987180824
25895,LOF,0.06581985046349881,0.23660023861754148,0.6975799109189598
25896,LOF,0.055709956228274925,0.2552947709020226,0.6889952728697024
25897,LOF,0.15249900939041522,0.2992979008679233,0.5482030897416615
25898,Neutral,0.41092588695321064,0.24891380324358847,0.3401603098032008
25899,LOF,0.09509233654393903,0.3429403878241954,0.5619672756318657
25900,Neutral,0.9270143216944019,0.016095772346829455,0.05688990595876848
25901,LOF,0.05309859904414977,0.17538310958162634,0.7715182913742238
25902,LOF,0.08520254878241285,0.15736329287858175,0.7574341583390054
25903,GOF,0.19576609068850753,0.4967456443196632,0.30748826499182924
25904,LOF,0.17768000560732003,0.317681450938427,0.504638543454253
25905,GOF,0.04156558779574599,0.6409325695408498,0.3175018426634043
25906,LOF,0.025767628646465052,0.11082090386174584,0.8634114674917892
25907,LOF,0.01767359272122872,0.489367398036737,0.4929590092420343
25908,LOF,0.016444279407842925,0.43484004654683095,0.5487156740453262
25909,LOF,0.05309859904414977,0.17538310958162634,0.7715182913742238
25910,LOF,0.029437025687750026,0.31936415437502225,0.6511988199372278
25911,LOF,0.06926243669773481,0.1371528793401367,0.7935846839621284
25912,LOF,0.025408358115783753,0.3257516832843076,0.6488399585999086
25913,LOF,0.09444102688550304,0.2757424458221325,0.6298165272923645
25914,LOF,0.05309859904414977,0.17538310958162634,0.7715182913742238
25915,GOF,0.2961610112077704,0.5834214423471318,0.12041754644509789
25916,GOF,0.04584080664426258,0.5442936525704772,0.4098655407852602
25917,LOF,0.048661892802681884,0.09654355565941325,0.854794551537905
25918,LOF,0.05309859904414977,0.17538310958162634,0.7715182913742238
25919,LOF,0.05309859904414977,0.17538310958162634,0.7715182913742238
25920,GOF,0.06886376202242002,0.6837187101387882,0.24741752783879187
25921,LOF,0.036099204841079834,0.21901441341632277,0.7448863817425974
25922,LOF,0.03695290763850179,0.21770665618424284,0.7453404361772554
25923,LOF,0.08464974433189426,0.32435002684503683,0.5910002288230689
25924,LOF,0.03808862940295539,0.13527251322279998,0.8266388573742446
25925,LOF,0.04906638873954212,0.129649877071824,0.8212837341886339
25926,LOF,0.04769984859982918,0.10112134278714048,0.8511788086130303
25927,GOF,0.028939650932807252,0.6448857603391308,0.32617458872806204
25928,LOF,0.020866452319225768,0.14817165344256475,0.8309618942382094
25929,LOF,0.27674724555940744,0.28276740255320787,0.44048535188738475
25930,LOF,0.05309859904414977,0.17538310958162634,0.7715182913742238
25931,LOF,0.027342021030445345,0.11805848044999957,0.8545994985195551
25932,LOF,0.05309859904414977,0.17538310958162634,0.7715182913742238
25933,LOF,0.05309859904414977,0.17538310958162634,0.7715182913742238
25934,LOF,0.05309859904414977,0.17538310958162634,0.7715182913742238
25935,LOF,0.04810024270447915,0.09479083269831187,0.857108924597209
25936,LOF,0.05309859904414977,0.17538310958162634,0.7715182913742238
25937,LOF,0.03215996619314418,0.14480544457514985,0.8230345892317059
25938,LOF,0.06529012024353965,0.09511450350369258,0.8395953762527677
25939,LOF,0.05309859904414977,0.17538310958162634,0.7715182913742238
25940,LOF,0.02346074256727028,0.31032322302593,0.6662160344067997
25941,GOF,0.10372387702413,0.6398706656825507,0.25640545729331926
25942,LOF,0.02655997974756438,0.11490045041270659,0.858539569839729
25943,GOF,0.20474753163673326,0.6142166578844237,0.18103581047884293
25944,Neutral,0.3671556190373021,0.3391174980524224,0.29372688291027543
25945,GOF,0.11467683606682197,0.45315034205253907,0.43217282188063894
25946,LOF,0.022705511879186333,0.12562498642621195,0.8516695016946016
25947,LOF,0.06359636053420034,0.4650422742962603,0.4713613651695392
25948,LOF,0.3847836765532015,0.04460684226016303,0.5706094811866355
25949,LOF,0.07354115574340062,0.1552535927815712,0.7712052514750282
25950,GOF,0.24472308483313507,0.40530883364645276,0.3499680815204123
25951,LOF,0.20871680757280095,0.28858376903697003,0.502699423390229
25952,GOF,0.03305837722897608,0.5126691050742541,0.45427251769676974
25953,GOF,0.06372919379670706,0.6773773791652777,0.25889342703801527
25954,GOF,0.25747677253168216,0.4546034680735933,0.2879197593947245
25955,LOF,0.033184944442136044,0.46352726748923107,0.503287788068633
25956,GOF,0.033060784275269914,0.5589683663255028,0.4079708493992271
25957,LOF,0.07460201343678341,0.07631985098024377,0.8490781355829728
25958,LOF,0.05309859904414977,0.17538310958162634,0.7715182913742238
25959,GOF,0.059093775975199284,0.6272455116083338,0.31366071241646687
25960,LOF,0.028035509743836496,0.19598062614869124,0.7759838641074722
25961,LOF,0.05309859904414977,0.17538310958162634,0.7715182913742238
25962,LOF,0.08248265422597617,0.08132963602390755,0.8361877097501164
25963,GOF,0.027299231464559964,0.5164333282560086,0.45626744027943134
25964,LOF,0.05309859904414977,0.17538310958162634,0.7715182913742238
25965,Neutral,0.6304180437110565,0.12724848038479072,0.24233347590415275
25966,LOF,0.09509233654393903,0.3429403878241954,0.5619672756318657
25967,LOF,0.03233654109910927,0.16582795140669712,0.8018355074941935
25968,GOF,0.0818563343809158,0.5934834453958552,0.3246602202232289
25969,LOF,0.038557305449066534,0.10029901601154997,0.8611436785393835
25970,LOF,0.03430075340971734,0.1293106751344784,0.8363885714558043
25971,LOF,0.05309859904414977,0.17538310958162634,0.7715182913742238
25972,LOF,0.05309859904414977,0.17538310958162634,0.7715182913742238
25973,LOF,0.08319286168531226,0.1359906056444517,0.7808165326702361
25974,Neutral,0.5130053083133169,0.3517605651435908,0.1352341265430922
25975,LOF,0.05309859904414977,0.17538310958162634,0.7715182913742238
25976,LOF,0.023175254926598127,0.1639752926819175,0.8128494523914843
25977,LOF,0.026458972068240518,0.4573559932503347,0.5161850346814247
25978,LOF,0.21383743234056155,0.22474682850515978,0.5614157391542787
25979,LOF,0.21078889967160436,0.17319126026060738,0.6160198400677883
25980,LOF,0.1635083279773743,0.3487678793523153,0.48772379267031046
25981,LOF,0.1635083279773743,0.3487678793523153,0.48772379267031046
25982,LOF,0.40154280929950914,0.11802063479051483,0.4804365559099761
25983,Neutral,0.5548319888133363,0.12810659163969668,0.31706141954696715
25984,LOF,0.05309859904414977,0.17538310958162634,0.7715182913742238
25985,GOF,0.025556971785450407,0.694989081929692,0.2794539462848576
25986,GOF,0.04289923323079145,0.6875578820344155,0.26954288473479304
25987,LOF,0.05721609449443742,0.1339534848077361,0.8088304206978265
25988,LOF,0.05309859904414977,0.17538310958162634,0.7715182913742238
25989,LOF,0.05309859904414977,0.17538310958162634,0.7715182913742238
25990,LOF,0.05309859904414977,0.17538310958162634,0.7715182913742238
25991,GOF,0.09426692060965582,0.7592733513144484,0.14645972807589586
25992,GOF,0.1688050054334392,0.6081231953537927,0.2230717992127682
25993,LOF,0.05309859904414977,0.17538310958162634,0.7715182913742238
25994,LOF,0.05309859904414977,0.17538310958162634,0.7715182913742238
25995,LOF,0.05309859904414977,0.17538310958162634,0.7715182913742238
25996,GOF,0.06943506026285033,0.6500712890558977,0.28049365068125204
25997,GOF,0.06206487935731025,0.7575504048296927,0.18038471581299687
25998,LOF,0.2550725235969939,0.34815158713475136,0.39677588926825474
25999,GOF,0.3109913738263746,0.4014334631525981,0.2875751630210273
26000,LOF,0.0631845196912065,0.07597708710920781,0.8608383931995855
26001,LOF,0.1551126234099689,0.3238437829454526,0.5210435936445785
26002,LOF,0.07201273193899035,0.22630838452015697,0.7016788835408527
26003,LOF,0.029616579549592726,0.4343896645840079,0.5359937558663994
26004,GOF,0.07154724474277091,0.6107463760884837,0.3177063791687453
26005,GOF,0.027514809309417767,0.4954878504571605,0.4769973402334219
26006,Neutral,0.6465931747861949,0.23977505880566635,0.1136317664081385
26007,GOF,0.05568211409334448,0.717704358451309,0.2266135274553464
26008,GOF,0.029816369295026665,0.7630107756623985,0.2071728550425748
26009,GOF,0.05369344356076043,0.73034600665597,0.21596054978326953
26010,GOF,0.02802720761185319,0.7351268656234188,0.23684592676472807
26011,GOF,0.02093632552369369,0.5192755903960901,0.4597880840802162
26012,GOF,0.029457920617456116,0.7235892453497927,0.24695283403275123
26013,GOF,0.017641208757975025,0.6857267627099666,0.2966320285320585
26014,LOF,0.0717319659202136,0.2221288174384655,0.706139216641321
26015,LOF,0.20184559508479274,0.05116260880696874,0.7469917961082385
26016,Neutral,0.3400076593237119,0.33707106408831056,0.3229212765879774
26017,GOF,0.1843591086862998,0.5998548850436517,0.2157860062700486
26018,LOF,0.05309859904414977,0.17538310958162634,0.7715182913742238
26019,LOF,0.05309859904414977,0.17538310958162634,0.7715182913742238
26020,LOF,0.09623302568173793,0.4147101536974573,0.48905682062080474
26021,GOF,0.08146519065930638,0.5416380442657209,0.37689676507497266
26022,LOF,0.022792116785766217,0.17866122354209327,0.7985466596721404
26023,LOF,0.15388299514233253,0.2670194607647776,0.5790975440928898
26024,LOF,0.02841563384730326,0.4856877317915073,0.48589663436118946
26025,LOF,0.16915347342786424,0.3655578834927877,0.465288643079348
26026,Neutral,0.44852372082634817,0.19004021700720514,0.36143606216644675
26027,LOF,0.05309859904414977,0.17538310958162634,0.7715182913742238
26028,LOF,0.3004232101618788,0.10557747733781365,0.5939993125003076
26029,GOF,0.05070045423767441,0.800309609780023,0.14898993598230256
26030,LOF,0.01984489301065686,0.16246406761903842,0.8176910393703047
26031,GOF,0.017507042840529306,0.6967266222496483,0.28576633490982234
26032,LOF,0.05309859904414977,0.17538310958162634,0.7715182913742238
26033,LOF,0.15388299514233253,0.2670194607647776,0.5790975440928898
26034,GOF,0.03134553977618955,0.6615390269168725,0.30711543330693786
26035,GOF,0.020232599269660576,0.7084687509583594,0.2712986497719801
26036,LOF,0.018310609128839025,0.4880654813864673,0.4936239094846935
26037,LOF,0.013872017142295833,0.48704606127727684,0.49908192158042736
26038,LOF,0.05309859904414977,0.17538310958162634,0.7715182913742238
26039,GOF,0.031083734267079742,0.6935980521303923,0.2753182136025281
26040,GOF,0.2054056323600167,0.5533714852957412,0.24122288234424216
26041,LOF,0.017469610293211545,0.36065728220122967,0.6218731075055587
26042,LOF,0.013915309162686289,0.43318434957216745,0.5529003412651462
26043,LOF,0.05309859904414977,0.17538310958162634,0.7715182913742238
26044,LOF,0.02575591364276592,0.1751437500620867,0.7991003362951474
26045,GOF,0.0646630653466606,0.4748443689523139,0.46049256570102554
26046,LOF,0.05309859904414977,0.17538310958162634,0.7715182913742238
26047,LOF,0.05309859904414977,0.17538310958162634,0.7715182913742238
26048,LOF,0.0902358368059614,0.09802129612101125,0.8117428670730272
26049,Neutral,0.901078262714266,0.060989278436647684,0.03793245884908625
26050,Neutral,0.8517193509288901,0.07467301885407777,0.07360763021703218
26051,GOF,0.05022837269277516,0.6690934385526964,0.28067818875452843
26052,GOF,0.05542385476866507,0.7346035699249321,0.2099725753064026
26053,LOF,0.03093331639909118,0.20736611949045453,0.7617005641104543
26054,LOF,0.06402024477670945,0.12981032319850486,0.8061694320247856
26055,LOF,0.06707790914758258,0.12002290159146965,0.8128991892609477
26056,LOF,0.047525258519422964,0.11843222183758516,0.8340425196429919
26057,LOF,0.05309859904414977,0.17538310958162634,0.7715182913742238
26058,LOF,0.05309859904414977,0.17538310958162634,0.7715182913742238
26059,Neutral,0.5421350410087613,0.25298857816954695,0.20487638082169177
26060,GOF,0.1202715585002868,0.7036692074584389,0.17605923404127435
26061,LOF,0.030461128831453663,0.2365114451156201,0.7330274260529263
26062,LOF,0.023585447136925206,0.1418142512434219,0.8346003016196528
26063,LOF,0.05309859904414977,0.17538310958162634,0.7715182913742238
26064,LOF,0.027160459313480385,0.18287103786877,0.7899685028177496
26065,LOF,0.05309859904414977,0.17538310958162634,0.7715182913742238
26066,LOF,0.05309859904414977,0.17538310958162634,0.7715182913742238
26067,LOF,0.05309859904414977,0.17538310958162634,0.7715182913742238
26068,LOF,0.051165670025011455,0.13532926008300056,0.8135050698919879
26069,LOF,0.27361070062835396,0.1457770657510053,0.5806122336206407
26070,Neutral,0.6404737982264379,0.07838219236333367,0.28114400941022843
26071,LOF,0.05309859904414977,0.17538310958162634,0.7715182913742238
26072,LOF,0.02549065123063351,0.21430108381911178,0.7602082649502547
26073,LOF,0.05309859904414977,0.17538310958162634,0.7715182913742238
26074,Neutral,0.914199232536497,0.035347441422369785,0.050453326041133305
26075,LOF,0.0483466713651202,0.18820974246103486,0.7634435861738449
26076,LOF,0.05309859904414977,0.17538310958162634,0.7715182913742238
26077,LOF,0.032357120365120555,0.17740525720043795,0.7902376224344414
26078,LOF,0.022841220424142272,0.2269981481717851,0.7501606314040726
26079,LOF,0.04820320148121332,0.15348755088730542,0.7983092476314813
26080,LOF,0.04820320148121332,0.15348755088730542,0.7983092476314813
26081,LOF,0.05309859904414977,0.17538310958162634,0.7715182913742238
26082,LOF,0.029209710284339677,0.12929767497831046,0.8414926147373499
26083,LOF,0.05309859904414977,0.17538310958162634,0.7715182913742238
26084,LOF,0.05309859904414977,0.17538310958162634,0.7715182913742238
26085,LOF,0.05309859904414977,0.17538310958162634,0.7715182913742238
26086,LOF,0.05309859904414977,0.17538310958162634,0.7715182913742238
26087,LOF,0.05309859904414977,0.17538310958162634,0.7715182913742238
26088,LOF,0.03389900179589565,0.23214988999247738,0.7339511082116269
26089,LOF,0.06780970426152508,0.11410030883615456,0.8180899869023204
26090,LOF,0.04877797032564521,0.10877200795867918,0.8424500217156756
26091,LOF,0.05309859904414977,0.17538310958162634,0.7715182913742238
26092,LOF,0.05309859904414977,0.17538310958162634,0.7715182913742238
26093,LOF,0.05309859904414977,0.17538310958162634,0.7715182913742238
26094,LOF,0.05309859904414977,0.17538310958162634,0.7715182913742238
26095,LOF,0.07334305706619956,0.23169470944832524,0.6949622334854753
26096,LOF,0.03522682188832029,0.11151053361036935,0.8532626445013104
26097,LOF,0.02746597790595728,0.18418408657891944,0.7883499355151232
26098,LOF,0.05556362651321864,0.11487582526449644,0.8295605482222849
26099,LOF,0.05309859904414977,0.17538310958162634,0.7715182913742238
26100,LOF,0.05309859904414977,0.17538310958162634,0.7715182913742238
26101,LOF,0.05309859904414977,0.17538310958162634,0.7715182913742238
26102,LOF,0.05309859904414977,0.17538310958162634,0.7715182913742238
26103,Neutral,0.6510627410889197,0.16990438159417853,0.17903287731690173
26104,LOF,0.051691316633530354,0.06392713996959068,0.884381543396879
26105,GOF,0.14370576975740704,0.4698365391062688,0.3864576911363241
26106,LOF,0.13107562855823116,0.19410279148723986,0.674821579954529
26107,LOF,0.1486854411986925,0.30335134570141836,0.5479632130998892
26108,LOF,0.08072987558405945,0.41981422741176294,0.4994558970041776
26109,LOF,0.060935936877739225,0.07461304204701324,0.8644510210752475
26110,LOF,0.27608537233016217,0.05791423710979396,0.6660003905600439
26111,LOF,0.24950869931708294,0.31603479935537565,0.4344565013275414
26112,LOF,0.05309859904414977,0.17538310958162634,0.7715182913742238
26113,LOF,0.05309859904414977,0.17538310958162634,0.7715182913742238
26114,LOF,0.03678736864060899,0.16683394210208632,0.7963786892573048
26115,LOF,0.08000701251198451,0.2931111185464666,0.6268818689415488
26116,LOF,0.05309859904414977,0.17538310958162634,0.7715182913742238
26117,LOF,0.09509233654393903,0.3429403878241954,0.5619672756318657
26118,LOF,0.05309859904414977,0.17538310958162634,0.7715182913742238
26119,LOF,0.048267765514488255,0.17916281458737965,0.7725694198981321
26120,LOF,0.05309859904414977,0.17538310958162634,0.7715182913742238
26121,LOF,0.09004414650168416,0.2595626286437481,0.6503932248545677
26122,LOF,0.07523409804643413,0.2102009266567345,0.7145649752968314
26123,LOF,0.063604175366596,0.2435576711674251,0.6928381534659789
26124,LOF,0.040967680572277,0.2220164670373904,0.7370158523903325
