feature0,prediction,LoGoFunc_Neutral,LoGoFunc_GOF,LoGoFunc_LOF
25546,Neutral,0.6336740177412199,0.058719743692655174,0.3076062385661249
25547,Neutral,0.5005375394951562,0.10300643519827549,0.39645602530656837
25548,Neutral,0.49920575676895546,0.08782367111015424,0.41297057212089017
25549,LOF,0.4413022262495131,0.08575134858857972,0.4729464251619071
25550,LOF,0.36044495311827945,0.11299884298050283,0.5265562039012177
25551,LOF,0.31590822709323524,0.12422673093642927,0.5598650419703355
25552,LOF,0.2790600179915122,0.12941828496787997,0.5915216970406079
25553,Neutral,0.7924662525511874,0.04846257746794565,0.15907116998086696
25554,LOF,0.32681038399331613,0.11652928661277503,0.5566603293939087
25555,LOF,0.27880485448996883,0.10944038721110826,0.6117547582989229
25556,LOF,0.44913747563716955,0.09682181417782335,0.45404071018500713
25557,LOF,0.2642524018900305,0.11959365312165476,0.6161539449883147
25558,LOF,0.3216752398780168,0.11179526645299953,0.5665294936689836
25559,LOF,0.29452390315540483,0.1385219659436571,0.566954130900938
25560,LOF,0.13355090506662373,0.11478848079377339,0.751660614139603
25561,LOF,0.12250066810255004,0.14243950650765327,0.7350598253897968
25562,LOF,0.05346666587742306,0.09110227371287172,0.8554310604097052
25563,LOF,0.01742618100365898,0.12932992442433253,0.8532438945720084
25564,LOF,0.14314250138614368,0.10927054190479026,0.747586956709066
25565,LOF,0.21484813433466407,0.14544774113445022,0.6397041245308858
25566,GOF,0.07063397787230181,0.662758598189366,0.2666074239383323
25567,LOF,0.05335450007878823,0.16785252163178419,0.7787929782894276
25568,LOF,0.06420018731215514,0.09700648885264379,0.8387933238352011
25569,LOF,0.05879355342637475,0.10106627146084056,0.8401401751127847
25570,LOF,0.0306829189064649,0.12350304441996544,0.8458140366735696
25571,LOF,0.030286332125649074,0.13016710479460183,0.8395465630797491
25572,LOF,0.07096856994078557,0.1527852704480116,0.7762461596112027
25573,LOF,0.06204777563999676,0.11761119979120695,0.8203410245687962
25574,LOF,0.06058632599993717,0.23394703918950105,0.7054666348105618
25575,LOF,0.024406897079269893,0.138731747320058,0.8368613556006722
25576,LOF,0.03060341534035914,0.19293110485269085,0.77646547980695
25577,LOF,0.03547034503350117,0.14210346755402437,0.8224261874124744
25578,LOF,0.2984885635493621,0.12601988606718845,0.5754915503834495
25579,LOF,0.1891150122567695,0.12368590200481923,0.6871990857384113
25580,LOF,0.020836700193125904,0.09691405750525231,0.8822492423016218
25581,LOF,0.05227088306138571,0.09581468441914098,0.8519144325194733
25582,LOF,0.05170560320657566,0.09370071652365654,0.8545936802697677
25583,LOF,0.023686419748415427,0.10744663327161641,0.8688669469799682
25584,Neutral,0.6831056596778917,0.14008587439852396,0.17680846592358443
25585,LOF,0.022287673617350096,0.17918947564148413,0.7985228507411657
25586,LOF,0.017748643682799825,0.09297607334713834,0.8892752829700619
25587,LOF,0.017633857939419607,0.0828509345572943,0.8995152075032862
25588,LOF,0.021126123919583406,0.0964446470280747,0.882429229052342
25589,Neutral,0.5164078385618163,0.25067968321943773,0.2329124782187461
25590,LOF,0.05007530910705756,0.15416258614574155,0.7957621047472008
25591,LOF,0.08380224021286044,0.08288542603636238,0.8333123337507772
25592,LOF,0.055349249455047475,0.20241628176655055,0.742234468778402
25593,LOF,0.12080371436850605,0.32795692516310204,0.5512393604683918
25594,LOF,0.043936911087478485,0.10284730988557834,0.8532157790269431
25595,LOF,0.04462398266535573,0.06397778311704218,0.8913982342176021
25596,LOF,0.09664036508347186,0.03308041000979322,0.8702792249067349
25597,LOF,0.08037774726760813,0.041080993550281705,0.8785412591821101
25598,LOF,0.04607372996390578,0.06674180440380255,0.8871844656322916
25599,LOF,0.024276958195439312,0.4077376564165598,0.5679853853880009
25600,GOF,0.18045516279739293,0.43008207689461503,0.3894627603079922
25601,LOF,0.04759551395481939,0.3311955813420369,0.6212089047031436
25602,LOF,0.036162909714413896,0.06413338947241913,0.899703700813167
25603,LOF,0.03977885870584308,0.04374702828392211,0.9164741130102348
25604,LOF,0.03931457081113969,0.08193917780998683,0.8787462513788735
25605,LOF,0.035233418360970256,0.1826805618821243,0.7820860197569054
25606,LOF,0.40913939250328224,0.14057801610953038,0.4502825913871873
25607,LOF,0.03136827120561368,0.16383575995446514,0.8047959688399212
25608,LOF,0.03609864877685697,0.09922480545883917,0.8646765457643038
25609,GOF,0.14033532841883395,0.5340853845899338,0.3255792869912322
25610,LOF,0.015490121241331834,0.055035686987033636,0.9294741917716346
25611,LOF,0.01307140100151507,0.05608887014038929,0.9308397288580956
25612,LOF,0.042839970353296966,0.08346783686009544,0.8736921927866075
25613,LOF,0.0413786611117858,0.081001854377771,0.8776194845104431
25614,LOF,0.02121929384336446,0.0479446445785054,0.93083606157813
25615,LOF,0.04255439151763055,0.08050865635268138,0.876936952129688
25616,LOF,0.04627636104649924,0.05393493549761964,0.8997887034558811
25617,LOF,0.03915766048601694,0.06566435147714318,0.8951779880368398
25618,LOF,0.039656405365877924,0.07069855106983837,0.8896450435642836
25619,LOF,0.012412908211587024,0.06605300272864169,0.9215340890597712
25620,LOF,0.05407464630245778,0.07437034179697426,0.871555011900568
25621,LOF,0.0588356359383329,0.06294426204671848,0.8782201020149486
25622,LOF,0.06721486373099331,0.06399620940344791,0.8687889268655588
25623,LOF,0.07031885520013628,0.06077906390200215,0.8689020808978616
25624,LOF,0.017253113109959733,0.06229280650374719,0.920454080386293
25625,LOF,0.06089798839384449,0.06356899421456709,0.8755330173915884
25626,LOF,0.04448531735763486,0.07909606861313578,0.8764186140292293
25627,Neutral,0.8871017247404437,0.02187787408481491,0.0910204011747414
25628,LOF,0.1540537065221614,0.06076893158978117,0.7851773618880574
25629,LOF,0.06397402512568408,0.05101586985789955,0.8850101050164163
25630,LOF,0.2627828675112489,0.06597348289662855,0.6712436495921226
25631,Neutral,0.5264023326087345,0.07096044918769658,0.4026372182035689
25632,LOF,0.02629023270929948,0.062175322394175905,0.9115344448965247
25633,LOF,0.2006299360254396,0.047582482983419265,0.7517875809911412
25634,LOF,0.035863999163441185,0.09243916653485332,0.8716968343017054
25635,LOF,0.033571417028523884,0.048047663621702145,0.918380919349774
25636,LOF,0.03688291689158255,0.46452968484981966,0.49858739825859777
25637,GOF,0.06086701269552498,0.512047598416644,0.42708538888783104
25638,LOF,0.029067326757818254,0.4144074105497619,0.5565252626924198
25639,LOF,0.030191431661701955,0.4409227504711628,0.5288858178671352
25640,Neutral,0.8481810129273791,0.10122378596861152,0.050595201104009356
25641,GOF,0.08549286239617092,0.4712231778071352,0.443283959796694
25642,LOF,0.06925465842646282,0.16483392320692267,0.7659114183666146
25643,LOF,0.22660963102328432,0.1309887667334948,0.6424016022432208
25644,GOF,0.013620560932068,0.49906116338383716,0.48731827568409486
25645,LOF,0.014414609698348306,0.4624259600735774,0.5231594302280742
25646,LOF,0.038668724549078354,0.33975103736570095,0.6215802380852207
25647,LOF,0.017676313972900752,0.26120460849552046,0.7211190775315789
25648,LOF,0.01883662979562895,0.27827193301013664,0.7028914371942345
25649,LOF,0.01105149916927361,0.23426460808948316,0.7546838927412433
25650,LOF,0.030211122274920014,0.4546270691024642,0.5151618086226158
25651,LOF,0.011424047448405686,0.28008666002687455,0.7084892925247198
25652,LOF,0.019422638068120297,0.2731202095435878,0.707457152388292
25653,LOF,0.05404590731136483,0.4534470179799993,0.4925070747086358
25654,LOF,0.012528459554109184,0.21989551088942189,0.7675760295564689
25655,GOF,0.16665865197796878,0.42938579799335136,0.4039555500286797
25656,LOF,0.3349677763111427,0.08598140167758696,0.5790508220112703
25657,LOF,0.05732131107144821,0.0938497403561254,0.8488289485724265
25658,LOF,0.3317901387201132,0.08872737969356427,0.5794824815863227
25659,Neutral,0.48632258384901517,0.11382208236428684,0.3998553337866979
25660,LOF,0.02203215738971511,0.09780737819170689,0.880160464418578
25661,LOF,0.09503168260071428,0.06384268320763509,0.8411256341916505
25662,LOF,0.034016275603416336,0.03622362806751312,0.9297600963290705
25663,LOF,0.042398587439556656,0.04893935326194068,0.9086620592985026
25664,LOF,0.1448817625890843,0.06484220498147898,0.7902760324294368
25665,LOF,0.05883675929785787,0.030518564166622842,0.9106446765355193
25666,LOF,0.09394505646870506,0.07279349998421578,0.8332614435470792
25667,LOF,0.07485522775541698,0.04410844005353101,0.881036332191052
25668,LOF,0.03775622271956848,0.05479681158207062,0.9074469656983609
25669,LOF,0.03191184735654263,0.04913690220789336,0.9189512504355639
25670,LOF,0.1581277974914741,0.05392898786201147,0.7879432146465145
25671,LOF,0.11254857391918942,0.037031401781591394,0.8504200242992191
25672,LOF,0.04947066749398008,0.04640053348532745,0.9041287990206925
25673,LOF,0.07830054509940608,0.052885072385991,0.868814382514603
25674,LOF,0.06632783634463439,0.06441707810049563,0.8692550855548701
25675,LOF,0.10375620644705488,0.06309414577678232,0.8331496477761627
25676,LOF,0.018798584382108043,0.055297289877949976,0.9259041257399421
25677,LOF,0.024483206410208826,0.07070976377788267,0.9048070298119084
25678,LOF,0.17995348042958798,0.07475505496354995,0.7452914646068621
25679,LOF,0.11984177839900327,0.08022518052645254,0.7999330410745442
25680,LOF,0.03126656089180686,0.11653698803622643,0.8521964510719667
25681,LOF,0.047272552521044967,0.10915666229917718,0.8435707851797778
25682,LOF,0.13872299656357684,0.07850467406445216,0.7827723293719709
25683,LOF,0.11781445124787301,0.08478186841702412,0.7974036803351029
25684,LOF,0.04059597735235219,0.07170303570476584,0.887700986942882
25685,LOF,0.13611160180743767,0.07755733586184803,0.7863310623307144
25686,LOF,0.08315652947823234,0.1041650392509768,0.8126784312707909
25687,LOF,0.1297209468584935,0.1133663741207266,0.75691267902078
25688,LOF,0.3749868477191804,0.04416247655027878,0.5808506757305408
25689,LOF,0.2806848656307099,0.049940434422055854,0.6693746999472342
25690,LOF,0.36087216185920024,0.04528640030849837,0.5938414378323014
25691,Neutral,0.7174940524695046,0.03683712000248133,0.24566882752801414
25692,LOF,0.36695070251857076,0.013198758817029338,0.6198505386643999
25693,LOF,0.04350191550171034,0.389077859835514,0.5674202246627756
25694,LOF,0.12825502949589138,0.015417486514269113,0.8563274839898395
25695,LOF,0.11899647048106937,0.015847978810965505,0.8651555507079651
25696,LOF,0.14107487697886315,0.009616195023290194,0.8493089279978465
25697,LOF,0.09101283623581166,0.04899165333772634,0.8599955104264619
25698,LOF,0.3455680877088129,0.14991264526616926,0.5045192670250178
25699,Neutral,0.5602749609232975,0.04235021007067053,0.3973748290060318
25700,LOF,0.08376728063772414,0.010275977496041167,0.9059567418662348
25701,LOF,0.21597028543048005,0.04812882100400689,0.735900893565513
25702,GOF,0.19134001657787825,0.5913862455135201,0.21727373790860155
25703,LOF,0.017992250852850108,0.1561069437735617,0.8259008053735881
25704,LOF,0.0374728399348657,0.10923569804995073,0.8532914620151836
25705,LOF,0.049780056041128486,0.1482261373705758,0.8019938065882958
25706,LOF,0.11261107715747826,0.4272172407405193,0.4601716821020024
25707,LOF,0.08610559587175293,0.3601408115417456,0.5537535925865014
25708,LOF,0.03411795755893378,0.31534110661102377,0.6505409358300425
25709,LOF,0.0663498648121328,0.04647271655645061,0.8871774186314166
25710,LOF,0.011885387218294739,0.17137545436980797,0.8167391584118973
25711,LOF,0.021626503704329926,0.08577302535495387,0.8926004709407163
25712,LOF,0.014181895167727172,0.19686309987784417,0.7889550049544287
25713,LOF,0.019270128604064598,0.08938820121274302,0.8913416701831923
25714,LOF,0.07326691827416283,0.08302614061659964,0.8437069411092374
25715,LOF,0.011496489876907684,0.14709921600722523,0.8414042941158671
25716,LOF,0.011328799722211885,0.1129854276998915,0.8756857725778966
25717,LOF,0.01555281106753578,0.07599161801065085,0.9084555709218134
25718,LOF,0.011339560043878231,0.09148551352131926,0.8971749264348025
25719,LOF,0.020543001929548145,0.08370787835421228,0.8957491197162396
25720,LOF,0.02503780476323688,0.07694958972005596,0.8980126055167073
25721,LOF,0.013676461999912327,0.12436294765138489,0.8619605903487026
25722,LOF,0.014201478667456226,0.13280877634151608,0.8529897449910278
25723,LOF,0.023316145978231954,0.053571552968626174,0.9231123010531419
25724,LOF,0.03189867924319811,0.09193484805650486,0.876166472700297
25725,LOF,0.011676080509843896,0.08629806916203345,0.9020258503281227
25726,LOF,0.015780157423972523,0.11998622709364501,0.8642336154823825
25727,LOF,0.012045076190819954,0.09098949921552757,0.8969654245936525
25728,LOF,0.010393812529353211,0.11258330312165651,0.8770228843489903
25729,LOF,0.010695920648742223,0.11408122767045159,0.8752228516808062
25730,LOF,0.013592306508590486,0.09602125285547104,0.8903864406359384
25731,LOF,0.01890296246746619,0.10592234423678587,0.8751746932957479
25732,LOF,0.013917939120403264,0.0813741089613846,0.9047079519182122
25733,LOF,0.016173637903873977,0.08118793361793077,0.9026384284781953
25734,LOF,0.010520683437855479,0.12471415286459205,0.8647651636975525
25735,LOF,0.01215666953763917,0.08904706665955614,0.8987962638028048
25736,LOF,0.013156846162039666,0.10647750616266935,0.880365647675291
25737,LOF,0.012443266350487765,0.08378858342526155,0.9037681502242507
25738,LOF,0.011962956864719512,0.11334115433837469,0.8746958887969057
25739,LOF,0.02029519912821494,0.08283032491686915,0.896874475954916
25740,LOF,0.027521927080259107,0.13176850825082623,0.8407095646689146
25741,LOF,0.014542416169910718,0.12885378947756426,0.856603794352525
25742,LOF,0.11996988980812212,0.08740803151717824,0.7926220786746996
25743,LOF,0.03825775563866923,0.06055268503683826,0.9011895593244925
25744,Neutral,0.5651798851824352,0.2591689612253878,0.17565115359217687
25745,LOF,0.06955487705178226,0.09035806082032136,0.8400870621278963
25746,LOF,0.04602185264449536,0.11587775035513549,0.8381003970003692
25747,LOF,0.02046371565244767,0.0733012055785623,0.90623507876899
25748,LOF,0.12614037327653274,0.12441570896303338,0.749443917760434
25749,LOF,0.026141717268316714,0.10083009786138146,0.8730281848703019
25750,LOF,0.08199783780031071,0.1025279820581046,0.8154741801415847
25751,LOF,0.07888702153031281,0.1355968956540794,0.7855160828156078
25752,GOF,0.11942405641973393,0.6450962707027414,0.2354796728775246
25753,LOF,0.02196126712512,0.2745155425943331,0.703523190280547
25754,GOF,0.01404528071705942,0.8128762315198853,0.1730784877630552
25755,LOF,0.024079789223743233,0.37893572997191266,0.596984480804344
25756,LOF,0.04860288919783871,0.3579649027843852,0.5934322080177761
25757,GOF,0.01859974350068183,0.8406797259291638,0.14072053057015424
25758,GOF,0.03305221640312151,0.7805451808999143,0.18640260269696418
25759,GOF,0.010850172695795813,0.6113515466971955,0.3777982806070087
25760,LOF,0.014116852643849119,0.29017236298966426,0.6957107843664866
25761,GOF,0.29886971133719914,0.6052141332445243,0.0959161554182765
25762,LOF,0.048630956425459386,0.263524269319559,0.6878447742549816
25763,LOF,0.01604138469077831,0.21935339580895893,0.7646052195002628
25764,GOF,0.08448868613919096,0.6429696564486104,0.27254165741219866
25765,GOF,0.04112157055646042,0.7361891068629998,0.22268932258053983
25766,GOF,0.0835364026294037,0.7466211821151345,0.1698424152554618
25767,GOF,0.1272064959773905,0.5354857528151526,0.3373077512074569
25768,LOF,0.11262138917288006,0.051695094498436366,0.8356835163286835
25769,LOF,0.058885728828820656,0.06250125471226116,0.8786130164589182
25770,LOF,0.33414604301233086,0.10814543844586091,0.5577085185418083
25771,LOF,0.05146804424380647,0.04923729214651027,0.8992946636096831
25772,LOF,0.02036219148802181,0.046096837139779086,0.933540971372199
25773,LOF,0.044868692874968016,0.09667570382346562,0.8584556033015665
25774,LOF,0.027935691482500757,0.0881290523041119,0.8839352562133873
25775,LOF,0.0490636602584239,0.05384100242373323,0.8970953373178429
25776,LOF,0.0847220578148857,0.028298367395106563,0.8869795747900077
25777,LOF,0.37962314447515916,0.07138797318678307,0.5489888823380578
25778,LOF,0.0781747541243374,0.04949249689330511,0.8723327489823575
25779,GOF,0.36957029993898627,0.5751034225619001,0.05532627749911354
25780,GOF,0.32568259125930776,0.5892473661897139,0.08507004255097847
25781,GOF,0.1224824132481006,0.7624391202183719,0.11507846653352743
25782,GOF,0.19875220693388898,0.7055153399259375,0.09573245314017341
25783,GOF,0.021161192820904125,0.6408171699382218,0.33802163724087403
25784,Neutral,0.4904433508180316,0.4634810044685188,0.046075644713449555
25785,Neutral,0.49748388411448863,0.4643477664319522,0.03816834945355911
25786,GOF,0.028307401813386535,0.7554589551200769,0.2162336430665365
25787,Neutral,0.6603637384346994,0.3129143074830407,0.026721954082259924
25788,LOF,0.05514845706500926,0.09768582992369981,0.847165713011291
25789,GOF,0.2187802100955538,0.6446953091565708,0.1365244807478755
25790,GOF,0.23338311410573115,0.6701694895743803,0.09644739631988852
25791,GOF,0.15157878636555638,0.6997494043335496,0.14867180930089416
25792,GOF,0.3569213925129213,0.5268701515135972,0.11620845597348141
25793,GOF,0.23637216791837456,0.5358001418534076,0.2278276902282179
25794,GOF,0.3193927742282257,0.5193952320779176,0.16121199369385664
25795,GOF,0.0815180353362456,0.6714086217598789,0.2470733429038753
25796,Neutral,0.5615683014531403,0.3622322392115921,0.07619945933526753
25797,GOF,0.09888162808325215,0.5166970399977046,0.38442133191904326
25798,GOF,0.008814167698583893,0.5326059512246413,0.4585798810767748
25799,LOF,0.007701231366403017,0.43660302925269634,0.5556957393809006
25800,GOF,0.03561953072332331,0.6264964958291944,0.33788397344748233
25801,GOF,0.22803590542152832,0.6697633804852116,0.10220071409326009
25802,GOF,0.061676288451548544,0.7200637644860887,0.21825994706236265
25803,GOF,0.032823409765519396,0.5979341359306976,0.3692424543037831
25804,GOF,0.03532335221788795,0.5543212205965489,0.4103554271855632
25805,GOF,0.09497287785214485,0.6241676342148876,0.2808594879329676
25806,GOF,0.11119266696791077,0.6172168874794671,0.2715904455526221
25807,GOF,0.020169002650761245,0.6330928294302609,0.346738167918978
25808,GOF,0.08622476545310702,0.6406515118790899,0.27312372266780316
25809,GOF,0.021146097846286776,0.6319944576356972,0.34685944451801615
25810,GOF,0.01939581051616653,0.6336305510428949,0.34697363844093865
25811,Neutral,0.4709344958679403,0.4595320793705051,0.06953342476155455
25812,GOF,0.03405658978596044,0.6229281142079058,0.3430152960061337
25813,Neutral,0.5319346802467575,0.3582202435550775,0.10984507619816514
25814,GOF,0.1335087942104362,0.6425257148236416,0.22396549096592216
25815,GOF,0.20288863223724193,0.6044435369891371,0.192667830773621
25816,GOF,0.020111468460878787,0.6762914982690312,0.30359703327009
25817,GOF,0.2505205107177005,0.6184269815064933,0.13105250777580632
25818,GOF,0.05249654949886929,0.5955082305413656,0.3519952199597652
25819,GOF,0.38613068551815183,0.46023996056417543,0.1536293539176727
25820,GOF,0.1713722965375004,0.609178833902856,0.2194488695596437
25821,GOF,0.052836561034660764,0.6671430450709204,0.2800203938944188
25822,GOF,0.20738347081851524,0.5371020508831863,0.2555144782982985
25823,GOF,0.030158290052292935,0.5140581498288158,0.4557835601188912
25824,GOF,0.07550521492443715,0.5635115227258747,0.3609832623496882
25825,GOF,0.028722896279839257,0.5574823123489818,0.4137947913711789
25826,GOF,0.011533991911226563,0.5381440472274954,0.45032196086127796
25827,GOF,0.02476395173721565,0.5969133094186104,0.37832273884417406
25828,GOF,0.014324035831387076,0.5279749696068182,0.45770099456179475
25829,GOF,0.006864497151272934,0.5748680834236239,0.4182674194251031
25830,LOF,0.03564030028724284,0.292279814175348,0.6720798855374092
25831,GOF,0.20747649457282313,0.6350110628643136,0.15751244256286315
25832,GOF,0.03299921185179851,0.6765637732826496,0.29043701486555185
25833,GOF,0.1235640493112578,0.6808277706216822,0.19560818006706
25834,GOF,0.041857567781551634,0.6798886724210695,0.27825375979737876
25835,GOF,0.08137418654723183,0.7166028194529737,0.20202299399979448
25836,GOF,0.04505742719754764,0.6552591465480297,0.2996834262544227
25837,GOF,0.025140254506094827,0.5482273850601387,0.4266323604337664
25838,GOF,0.07829782101279996,0.7298817535016462,0.1918204254855539
25839,GOF,0.2952834251752114,0.5506248409516868,0.15409173387310177
25840,GOF,0.23223753467944783,0.5925573906744069,0.17520507464614526
25841,GOF,0.24715283995987014,0.5693502284628437,0.1834969315772862
25842,GOF,0.18663901502333538,0.660072805434321,0.15328817954234372
25843,GOF,0.24652441394140617,0.639155870513794,0.11431971554479993
25844,GOF,0.06594880244040746,0.6783026711409561,0.25574852641863643
25845,GOF,0.01578378449323191,0.5113664343541635,0.47284978115260456
25846,GOF,0.12151999556269455,0.7030389504940151,0.17544105394329026
25847,GOF,0.12393587843142878,0.7549386815104536,0.12112544005811757
25848,GOF,0.03556447597345117,0.6811309867321248,0.283304537294424
25849,GOF,0.011954555862233453,0.5786001096167328,0.4094453345210337
25850,GOF,0.02309071262879714,0.6642434468342949,0.31266584053690794
25851,GOF,0.01830228778839838,0.5574834649556161,0.4242142472559856
25852,GOF,0.17697686890621642,0.5543711684807515,0.2686519626130321
25853,GOF,0.37399528034035107,0.5602392716480022,0.06576544801164672
25854,GOF,0.02152944813513083,0.6509775830898479,0.3274929687750214
25855,GOF,0.034255593100609695,0.5930785147814037,0.3726658921179866
25856,GOF,0.23197343103273882,0.5389243683627837,0.22910220060447758
25857,GOF,0.03371399821158376,0.5089040380132751,0.45738196377514106
25858,GOF,0.016387314660869734,0.5585866784923001,0.42502600684683023
25859,GOF,0.00933766743964593,0.5531107251743717,0.4375516073859824
25860,GOF,0.3589957723326745,0.5615883649275208,0.07941586273980458
25861,GOF,0.44054850523011024,0.48411228061578426,0.07533921415410552
25862,GOF,0.08975733150112987,0.748857404044928,0.1613852644539421
25863,GOF,0.09047894574051378,0.7562911669915182,0.15322988726796796
25864,GOF,0.2224976611424287,0.6861657005325781,0.09133663832499335
25865,GOF,0.09089019869041093,0.7861873774294802,0.1229224238801089
25866,GOF,0.06601106505187596,0.7848481015468013,0.14914083340132275
25867,GOF,0.08378877320580802,0.8017786182289504,0.1144326085652416
25868,GOF,0.2854754954138129,0.6161332137114791,0.09839129087470808
25869,Neutral,0.6984890574359923,0.26153731282260334,0.03997362974140429
25870,GOF,0.321737445127343,0.34140614513729134,0.33685640973536574
25871,GOF,0.2037855182961269,0.6462965954353463,0.1499178862685267
25872,GOF,0.07934370571079298,0.6345003685314351,0.2861559257577719
25873,GOF,0.13843488714167126,0.6326410345087606,0.22892407834956807
25874,LOF,0.018509218140255846,0.10831871775619824,0.873172064103546
25875,LOF,0.0941738510412552,0.03870190303209699,0.8671242459266478
25876,LOF,0.04087631445459176,0.04675564756419302,0.9123680379812152
25877,Neutral,0.5198772174491628,0.03977654209915495,0.4403462404516822
25878,LOF,0.2240354504317777,0.07272815655418166,0.7032363930140406
25879,LOF,0.08977467875685576,0.07603476504143475,0.8341905562017096
25880,LOF,0.02380215654274271,0.02053658070337599,0.9556612627538814
25881,LOF,0.19983553534871945,0.10321085321213773,0.6969536114391429
25882,LOF,0.07336039375194453,0.0165083701531727,0.9101312360948827
25883,LOF,0.08978716622260571,0.017292890434873653,0.8929199433425206
25884,LOF,0.03923489766538153,0.02887381175711095,0.9318912905775075
25885,LOF,0.06907238620143365,0.01029830494708436,0.920629308851482
25886,LOF,0.360896403376946,0.029472607947484675,0.6096309886755693
25887,LOF,0.1661316322203949,0.05743580394744285,0.7764325638321622
25888,LOF,0.0733927609581224,0.05540148633632253,0.871205752705555
25889,LOF,0.05496231202541456,0.0188698112534315,0.9261678767211539
25890,LOF,0.0481550104686035,0.12373950112436391,0.8281054884070326
25891,LOF,0.04413537086333264,0.051849749321968376,0.904014879814699
25892,LOF,0.09001230902446014,0.01896581851243884,0.8910218724631009
25893,LOF,0.27183071760098954,0.015332193263506587,0.7128370891355038
25894,LOF,0.18769158515436976,0.009153716260935599,0.8031546985846947
25895,LOF,0.21042628875939337,0.01800290520088977,0.771570806039717
25896,LOF,0.04722494572714541,0.01813453672649618,0.9346405175463585
25897,LOF,0.24380969674286493,0.01213661937515054,0.7440536838819845
25898,Neutral,0.7082114158077458,0.008963000691797507,0.2828255835004565
25899,LOF,0.2591638082724095,0.02343929042031838,0.7173969013072722
25900,LOF,0.46237567197144797,0.014173630183797937,0.5234506978447542
25901,LOF,0.05812831187603752,0.010002146840895983,0.9318695412830664
25902,LOF,0.16934357218444468,0.01085498294805556,0.8198014448674998
25903,Neutral,0.5300766781925044,0.029406589939862938,0.4405167318676327
25904,LOF,0.2886476375854524,0.04595354688345817,0.6653988155310894
25905,LOF,0.024713227201093722,0.30047081943464415,0.6748159533642621
25906,LOF,0.023666725552215977,0.07039081916904534,0.9059424552787387
25907,LOF,0.014914812754817194,0.30765142730145256,0.6774337599437302
25908,LOF,0.010256520069004174,0.2268501085451486,0.7628933713858472
25909,LOF,0.013845492947448638,0.13353434441527515,0.8526201626372762
25910,LOF,0.0496636885309307,0.11214641799929224,0.838189893469777
25911,LOF,0.1529806764000438,0.029368939907261846,0.8176503836926944
25912,LOF,0.04335456924359213,0.05265052048630106,0.9039949102701068
25913,LOF,0.320246913823144,0.02426038595126616,0.6554927002255899
25914,LOF,0.01939650012740723,0.136630986172166,0.8439725137004267
25915,Neutral,0.4078856390413748,0.3666141829836052,0.22550017797501987
25916,LOF,0.0545152570361299,0.38388152111489315,0.5616032218489769
25917,LOF,0.055160905190791004,0.0840064081932403,0.8608326866159687
25918,LOF,0.027860064356486563,0.07336399152851353,0.8987759441149998
25919,LOF,0.022663229009663815,0.07835167082317071,0.8989851001671656
25920,GOF,0.11414002234940371,0.4766350063429055,0.40922497130769075
25921,LOF,0.02735451194349391,0.026300794965326925,0.9463446930911791
25922,LOF,0.03929727386788924,0.018170693918993,0.9425320322131178
25923,LOF,0.44728807877905913,0.021927432782272403,0.5307844884386684
25924,LOF,0.03681014552955696,0.03593553807131376,0.9272543163991294
25925,LOF,0.06778119438700869,0.026850716020812578,0.9053680895921786
25926,LOF,0.05087707749339385,0.01917667655919168,0.9299462459474145
25927,LOF,0.07151445041866557,0.07940859198836414,0.8490769575929702
25928,LOF,0.020824505913814607,0.03518776123937027,0.943987732846815
25929,Neutral,0.5645978546851094,0.024258813087724228,0.4111433322271664
25930,LOF,0.05825469289855561,0.01889484587325213,0.9228504612281923
25931,LOF,0.028285989006026458,0.022022886941540736,0.9496911240524328
25932,LOF,0.028082674034862944,0.019250638494267572,0.9526666874708696
25933,LOF,0.04099936957745609,0.01294216005762661,0.9460584703649173
25934,LOF,0.025939976491086657,0.01586565765333849,0.9581943658555748
25935,LOF,0.06307810789331901,0.029964347016879597,0.9069575450898013
25936,LOF,0.05270045664575062,0.020577820289809437,0.92672172306444
25937,LOF,0.028354194551288167,0.023499159837205807,0.9481466456115061
25938,LOF,0.06535624977992972,0.031064888612541704,0.9035788616075285
25939,LOF,0.040255248266381626,0.012140335453191814,0.9476044162804266
25940,LOF,0.03201987122384674,0.4073982261695834,0.5605819026065699
25941,LOF,0.19545446335317931,0.08117319567762935,0.7233723409691915
25942,LOF,0.01943424222533547,0.027630393471371965,0.9529353643032925
25943,LOF,0.3183787721732485,0.051105121962069865,0.6305161058646817
25944,Neutral,0.4932745046826265,0.025297889511347826,0.48142760580602584
25945,LOF,0.06429613739787668,0.021284878070441812,0.9144189845316815
25946,LOF,0.02894374681288812,0.10997250554423744,0.8610837476428744
25947,LOF,0.12048006625086223,0.21367857576013957,0.6658413579889982
25948,LOF,0.4574143107708168,0.011689162646709711,0.5308965265824735
25949,LOF,0.1039649796256008,0.04993921923230385,0.8460958011420954
25950,GOF,0.2626744640293775,0.4503639691027376,0.28696156686788493
25951,LOF,0.24104492851101367,0.2336882611298155,0.5252668103591709
25952,LOF,0.038626449979602184,0.4568798434902435,0.5044937065301544
25953,LOF,0.1335217713644208,0.1258857237532042,0.7405925048823749
25954,Neutral,0.444858013512729,0.20988660787619676,0.34525537861107414
25955,LOF,0.055737274053802736,0.08924674133399926,0.8550159846121981
25956,LOF,0.16386343852192448,0.09165068192783438,0.7444858795502411
25957,LOF,0.03513435239414071,0.03083219061502488,0.9340334569908344
25958,LOF,0.06503891127808237,0.026315238924937485,0.9086458497969802
25959,LOF,0.07150530914957766,0.367215456562397,0.5612792342880254
25960,LOF,0.02036924929665402,0.051218135968516695,0.9284126147348293
25961,LOF,0.05275794210483798,0.028351215696085414,0.9188908421990767
25962,LOF,0.05511970252844531,0.03314917298536512,0.9117311244861896
25963,LOF,0.0467919002536153,0.18632397025559086,0.7668841294907939
25964,LOF,0.03861542802802402,0.14162242495673308,0.8197621470152429
25965,LOF,0.41919855617190144,0.08765303751957387,0.4931484063085247
25966,Neutral,0.4498119525053249,0.10246658538663027,0.4477214621080448
25967,LOF,0.014070145175958202,0.06504967476370067,0.9208801800603411
25968,GOF,0.030793063193296367,0.5181768703921448,0.4510300664145588
25969,LOF,0.027297364956831983,0.05738853854369077,0.9153140964994773
25970,LOF,0.06812626703126665,0.05049544100071666,0.8813782919680168
25971,LOF,0.0832594219728913,0.01422579494707927,0.9025147830800295
25972,LOF,0.07831258483188881,0.01833507278296455,0.9033523423851467
25973,LOF,0.10659362872735276,0.007705672649196042,0.8857006986234514
25974,LOF,0.1832436093054173,0.017724378838458177,0.7990320118561245
25975,LOF,0.061407508012614624,0.02626893185457166,0.9123235601328138
25976,LOF,0.048618028318538835,0.01222938270937238,0.9391525889720888
25977,LOF,0.15830759395992766,0.0896639587098654,0.7520284473302068
25978,LOF,0.1468455919763917,0.04472720835490504,0.8084271996687032
25979,LOF,0.13701485702155597,0.04685460272716175,0.8161305402512822
25980,LOF,0.19423071522419222,0.0638029048937971,0.7419663798820106
25981,LOF,0.22236687326956295,0.06183067797322209,0.7158024487572149
25982,LOF,0.38544566667746805,0.04007844193216097,0.5744758913903709
25983,LOF,0.3830230569495213,0.04419849711743058,0.5727784459330482
25984,LOF,0.05214899079905125,0.05018752342317319,0.8976634857777755
25985,LOF,0.027624719587430933,0.2293003850118345,0.7430748954007346
25986,LOF,0.04220872977846115,0.25241222429658644,0.7053790459249524
25987,LOF,0.07897748889444928,0.06654736540858491,0.8544751456969657
25988,LOF,0.13312626378692705,0.05418124008381782,0.8126924961292552
25989,LOF,0.03113442333237807,0.10211317870261705,0.8667523979650048
25990,LOF,0.03834018941403813,0.13119656951236194,0.8304632410735999
25991,LOF,0.19480466059815044,0.2883106972426285,0.516884642159221
25992,LOF,0.3895948513079162,0.14210754731291467,0.46829760137916915
25993,LOF,0.026889140255701344,0.07105272700385351,0.9020581327404452
25994,LOF,0.019316165899005155,0.10200960957338162,0.8786742245276132
25995,LOF,0.02929504867954999,0.18940481688009958,0.7813001344403504
25996,GOF,0.3203537884967885,0.42403300120796217,0.25561321029524925
25997,GOF,0.09932649350125945,0.4676723161136092,0.43300119038513124
25998,Neutral,0.5164046296201384,0.028213478802705198,0.45538189157715636
25999,LOF,0.11759285517689419,0.11618354034303595,0.7662236044800699
26000,LOF,0.18393780449849984,0.026841296447298633,0.7892208990542017
26001,LOF,0.21122377607924722,0.02809278143835304,0.7606834424823996
26002,LOF,0.12901251901185148,0.031082675453362324,0.8399048055347862
26003,GOF,0.012455181639215577,0.5715224647164369,0.4160223536443476
26004,GOF,0.027031519610973394,0.6285843606157228,0.34438411977330385
26005,LOF,0.00997311382950257,0.4402188571693831,0.5498080290011143
26006,Neutral,0.5132090939746081,0.23412982261524493,0.252661083410147
26007,GOF,0.025530153060221203,0.5078665790529375,0.4666032678868413
26008,GOF,0.02132481271270871,0.5629909291642805,0.41568425812301074
26009,GOF,0.025260045860550487,0.5991979705791552,0.37554198356029433
26010,GOF,0.03083664250777332,0.5832334421079741,0.38592991538425264
26011,LOF,0.008487041101584726,0.43151349292230395,0.5599994659761113
26012,GOF,0.018563849912552142,0.5252780823202198,0.45615806776722806
26013,GOF,0.024882162175282056,0.5769711272944963,0.3981467105302216
26014,LOF,0.04266499381381779,0.15948650162977657,0.7978485045564057
26015,LOF,0.25439224341052447,0.007677645700577084,0.7379301108888985
26016,LOF,0.24559873492003442,0.03983560726530065,0.714565657814665
26017,LOF,0.24872320144675744,0.06412856044167968,0.6871482381115629
26018,LOF,0.10865211508394977,0.033498065602598166,0.8578498193134521
26019,LOF,0.10368559749510586,0.026016726217913795,0.8702976762869803
26020,LOF,0.06580475765100163,0.08854970938035961,0.8456455329686388
26021,LOF,0.04710719986522399,0.10325573588439815,0.8496370642503779
26022,LOF,0.012314882604419245,0.0352197767651521,0.9524653406304286
26023,LOF,0.13226182193572858,0.021273703255547057,0.8464644748087243
26024,LOF,0.029269902495187402,0.11211728170875593,0.8586128157960566
26025,LOF,0.19029601675240382,0.08265278320436366,0.7270512000432325
26026,LOF,0.35614243144607716,0.0200380872413954,0.6238194813125275
26027,LOF,0.09670445119455325,0.014752451340702992,0.8885430974647437
26028,LOF,0.16320876412095936,0.06903074387433522,0.7677604920047055
26029,LOF,0.07023594379511752,0.19114149885989754,0.7386225573449849
26030,LOF,0.022684407228864015,0.060680866317542166,0.9166347264535938
26031,LOF,0.026528144756558934,0.13516096059464294,0.838310894648798
26032,LOF,0.05973883716707432,0.06477291754605093,0.8754882452868746
26033,LOF,0.10809792366093984,0.08410111248480331,0.8078009638542568
26034,LOF,0.04189426136162775,0.14789742479104792,0.8102083138473243
26035,LOF,0.025234134563585402,0.13743639304878635,0.8373294723876282
26036,LOF,0.036981705450399985,0.16475737542609065,0.7982609191235093
26037,LOF,0.02133255092715826,0.11223593688620095,0.8664315121866407
26038,LOF,0.05618999994393364,0.06923649088939686,0.8745735091666695
26039,LOF,0.05347233006288843,0.14634503089158357,0.800182639045528
26040,LOF,0.18083901034124605,0.14095144321571956,0.6782095464430344
26041,LOF,0.021661514644078245,0.10609497868362938,0.8722435066722923
26042,LOF,0.02167987648930051,0.10103291124966018,0.8772872122610392
26043,LOF,0.05577604981639344,0.08421927896512585,0.8600046712184807
26044,LOF,0.01901861011370161,0.07833117601708339,0.9026502138692151
26045,LOF,0.07680728260623164,0.09819310067868385,0.8249996167150845
26046,LOF,0.05732895747498044,0.08248747468156489,0.8601835678434546
26047,LOF,0.08298714285288038,0.08585057939357316,0.8311622777535465
26048,LOF,0.050035102722973165,0.05035826111810442,0.8996066361589223
26049,Neutral,0.9575804652773344,0.00841477258011217,0.034004762142553234
26050,Neutral,0.9420749324820173,0.010505268447678729,0.047419799070304025
26051,LOF,0.04771379678356105,0.24453326209991488,0.7077529411165241
26052,LOF,0.06302183881341553,0.27447558861359994,0.6625025725729845
26053,LOF,0.06260308958254678,0.13859592010548716,0.798800990311966
26054,LOF,0.05804800826083939,0.01855295258054233,0.9233990391586183
26055,LOF,0.07245108735873458,0.015355004547638362,0.9121939080936271
26056,LOF,0.06044174932330036,0.016981033244207543,0.922577217432492
26057,LOF,0.03359235996657061,0.010903620312244944,0.9555040197211845
26058,LOF,0.034835939258049,0.008443021044157426,0.9567210396977934
26059,LOF,0.2904544839467427,0.022839497964343546,0.6867060180889137
26060,LOF,0.033988173624366236,0.16143866449612704,0.8045731618795068
26061,LOF,0.02027068101370605,0.010231101327333902,0.9694982176589602
26062,LOF,0.011749674332888699,0.019627366792031545,0.9686229588750799
26063,LOF,0.024166159484875376,0.01143970792205608,0.9643941325930686
26064,LOF,0.02408923453052397,0.01678425738594699,0.959126508083529
26065,LOF,0.02626831950800095,0.01146095496662578,0.9622707255253733
26066,LOF,0.022474908595807655,0.010784553608104621,0.9667405377960876
26067,LOF,0.029377581010438355,0.008341447958845285,0.9622809710307164
26068,LOF,0.046858421170087004,0.03355777952300019,0.9195837993069127
26069,LOF,0.25123040763264487,0.02059570644389838,0.7281738859234568
26070,LOF,0.3815724756760037,0.015754415804860762,0.6026731085191355
26071,LOF,0.026761802091299986,0.012507903518773289,0.9607302943899269
26072,LOF,0.022406783546619714,0.0177442315800275,0.9598489848733528
26073,LOF,0.027463224448019654,0.010880132510806759,0.9616566430411737
26074,Neutral,0.8923122984526296,0.005739051697282208,0.10194864985008818
26075,LOF,0.0436705939952981,0.015790304070727932,0.940539101933974
26076,LOF,0.0465766570346628,0.008444245817554142,0.944979097147783
26077,LOF,0.009417206969689824,0.01771137057381859,0.9728714224564916
26078,LOF,0.01443547216648229,0.010851527085121633,0.9747130007483962
26079,LOF,0.05915221689110802,0.018747558142600623,0.9221002249662913
26080,LOF,0.05837230901977758,0.018736754405848426,0.922890936574374
26081,LOF,0.040292303250035556,0.006260280139295259,0.9534474166106692
26082,LOF,0.01739537680983086,0.015252804289365951,0.9673518189008031
26083,LOF,0.13745292476984125,0.01171243072749819,0.8508346445026607
26084,LOF,0.029644016244868756,0.011554120270985254,0.9588018634841461
26085,LOF,0.02396660486592011,0.011042815044931072,0.9649905800891487
26086,LOF,0.026361583175788603,0.011202263756274835,0.9624361530679365
26087,LOF,0.02938359922057191,0.0073170644608198335,0.9632993363186083
26088,LOF,0.017307885128696906,0.02520786014419456,0.9574842547271085
26089,LOF,0.04570193356345372,0.02421412905805994,0.9300839373784863
26090,LOF,0.04437893250723365,0.019366313138233684,0.9362547543545326
26091,LOF,0.04084342351167433,0.005976868654331977,0.9531797078339936
26092,LOF,0.027775913791134397,0.008073711047060247,0.9641503751618054
26093,LOF,0.04390818059270712,0.005502710381907766,0.9505891090253852
26094,LOF,0.04357201892410459,0.006179708655860945,0.9502482724200344
26095,LOF,0.05412530590123896,0.013383117636933358,0.9324915764618278
26096,LOF,0.021604738893492775,0.010406328159152867,0.9679889329473544
26097,LOF,0.0121809296930492,0.034250061559216706,0.9535690087477341
26098,LOF,0.06999911573685831,0.01117239510505999,0.9188284891580818
26099,LOF,0.025409318306862584,0.012015032486194184,0.9625756492069433
26100,LOF,0.027271625500452458,0.011440703431671204,0.9612876710678765
26101,LOF,0.05863559099032519,0.011660586394163053,0.9297038226155117
26102,LOF,0.02765581393518327,0.013463339870439087,0.9588808461943775
26103,Neutral,0.8859459385024729,0.017557957928509903,0.09649610356901714
26104,LOF,0.08092018615068938,0.027081711397863275,0.8919981024514474
26105,LOF,0.21934502991639215,0.2947205452390425,0.48593442484456534
26106,LOF,0.21161201134984045,0.11595041132421355,0.672437577325946
26107,LOF,0.253600889441008,0.07820159408383284,0.6681975164751591
26108,LOF,0.23893163061127726,0.13201669883529185,0.6290516705534309
26109,LOF,0.09584155692320574,0.0914116997397925,0.8127467433370018
26110,LOF,0.2703411889085351,0.006311297928377402,0.7233475131630875
26111,LOF,0.4856519325599624,0.01546419892363372,0.49888386851640387
26112,LOF,0.03544498284266944,0.007298026421547438,0.9572569907357832
26113,LOF,0.057882154151058254,0.013509879238293934,0.9286079666106479
26114,LOF,0.030317601353368175,0.026240895719026006,0.9434415029276058
26115,LOF,0.10122168346066304,0.06472513396713253,0.8340531825722044
26116,LOF,0.06966439841918029,0.06201442302206198,0.8683211785587578
26117,LOF,0.4316449721536474,0.05330807295380232,0.5150469548925503
26118,LOF,0.03818719182636546,0.028631703550836034,0.9331811046227986
26119,LOF,0.022263129820327517,0.03897144932753002,0.9387654208521424
26120,LOF,0.03129576218389545,0.028042421554548606,0.9406618162615559
26121,LOF,0.05278275396853578,0.08959203575148023,0.8576252102799841
26122,LOF,0.04601278208060065,0.04498979405386903,0.9089974238655303
