feature0,prediction,LoGoFunc_Neutral,LoGoFunc_GOF,LoGoFunc_LOF
25546,Neutral,0.6865059673252237,0.05210132713724416,0.261392705537532
25547,Neutral,0.5287103784751739,0.09769744545899472,0.37359217606583145
25548,Neutral,0.5229078817815064,0.08202193109630306,0.39507018712219066
25549,LOF,0.4425977320419641,0.08509465928374124,0.47230760867429455
25550,LOF,0.37350247836539335,0.1232635419622697,0.503233979672337
25551,LOF,0.3296885258701762,0.12853065758840915,0.5417808165414146
25552,LOF,0.26919373010264647,0.1279385183062653,0.6028677515910883
25553,Neutral,0.8252484359256447,0.04051485889969702,0.13423670517465836
25554,LOF,0.3106052508197144,0.11591494429915448,0.5734798048811311
25555,LOF,0.2661938355032459,0.1099648420323599,0.623841322464394
25556,LOF,0.44823380397713786,0.10139719721469237,0.4503689988081698
25557,LOF,0.2549420199565602,0.11284184356124115,0.6322161364821987
25558,LOF,0.3136248963615167,0.11515425114937697,0.5712208524891063
25559,LOF,0.20494684644063899,0.1423947708992113,0.6526583826601496
25560,LOF,0.14430854897659215,0.10776907566113977,0.747922375362268
25561,LOF,0.13848759984218592,0.12633901156934496,0.7351733885884691
25562,LOF,0.06910970391339352,0.07645109766324325,0.8544391984233632
25563,LOF,0.021376117335982717,0.11451173046709846,0.8641121521969187
25564,LOF,0.21661789949835863,0.12266026122037772,0.6607218392812636
25565,LOF,0.23585869082893926,0.12535793928503391,0.6387833698860268
25566,GOF,0.09471544849272787,0.6996684080709736,0.2056161434362985
25567,LOF,0.03792751288986433,0.12381358602146068,0.838258901088675
25568,LOF,0.06011228860941313,0.07135548641311781,0.8685322249774691
25569,LOF,0.06029609989864521,0.07347931916985238,0.8662245809315025
25570,LOF,0.026880600485808825,0.0977013213546091,0.8754180781595822
25571,LOF,0.026090382594714186,0.09789448576661271,0.8760151316386732
25572,LOF,0.0631853579464521,0.11673792103151351,0.8200767210220344
25573,LOF,0.055969507485272275,0.08411745111202022,0.8599130414027075
25574,LOF,0.05526811507020453,0.17027758833827594,0.7744542965915194
25575,LOF,0.02239188306284756,0.12105790282368425,0.8565502141134681
25576,LOF,0.03869363418835457,0.15672760659082005,0.8045787592208254
25577,LOF,0.030555873694834403,0.11339841561469496,0.8560457106904706
25578,LOF,0.3065637798068857,0.08309823971464653,0.6103379804784678
25579,LOF,0.136325645689224,0.08905089972313386,0.7746234545876421
25580,LOF,0.019116041615717762,0.0788118782286627,0.9020720801556196
25581,LOF,0.05575402338129249,0.06818265056723587,0.8760633260514717
25582,LOF,0.05556819202090798,0.06713394451575905,0.877297863463333
25583,LOF,0.019845636780170137,0.08140414581000623,0.8987502174098236
25584,Neutral,0.6658055978224265,0.10048280002573821,0.23371160215183528
25585,LOF,0.04177446130577571,0.11870581223109687,0.8395197264631274
25586,LOF,0.017922220728829315,0.06878957824204596,0.9132882010291247
25587,LOF,0.01710965313130701,0.059934404324624976,0.922955942544068
25588,LOF,0.019623766701511742,0.0713005725916353,0.909075660706853
25589,Neutral,0.4971460983189223,0.1913091746677302,0.3115447270133475
25590,LOF,0.04791619957665483,0.10450270962464006,0.847581090798705
25591,LOF,0.0946979865842205,0.05802269642735482,0.8472793169884246
25592,LOF,0.05585838779522194,0.13469654616029417,0.8094450660444839
25593,LOF,0.1361572812327218,0.2564322993400953,0.6074104194271828
25594,LOF,0.04441363944283338,0.11150533825404593,0.8440810223031208
25595,LOF,0.04508720049156242,0.08112870698471268,0.8737840925237249
25596,LOF,0.10049679907324484,0.044183232480223815,0.8553199684465314
25597,LOF,0.07834740865371374,0.054257091395191,0.8673954999510952
25598,LOF,0.0439519273582011,0.08289059767262046,0.8731574749691784
25599,GOF,0.020548072280025177,0.5213414512349173,0.45811047648505754
25600,GOF,0.17831791332639288,0.49676361551006093,0.3249184711635462
25601,LOF,0.04080232686418634,0.3928378078432887,0.566359865292525
25602,LOF,0.03412537593405384,0.051944833728830984,0.9139297903371152
25603,LOF,0.035178194081645534,0.028561309077198966,0.9362604968411555
25604,LOF,0.036600661390186626,0.05463608876947598,0.9087632498403375
25605,LOF,0.04155320224893289,0.16195977186820198,0.796487025882865
25606,LOF,0.41441033020026713,0.09646756800822551,0.4891221017915073
25607,LOF,0.023504072675275312,0.1575922828551595,0.8189036444695651
25608,LOF,0.03742305482292764,0.07130479193123195,0.8912721532458405
25609,GOF,0.15666433232264973,0.5341923843769961,0.3091432833003541
25610,LOF,0.015609581337569994,0.025695042081655666,0.9586953765807744
25611,LOF,0.014295896620390653,0.029328020550274395,0.9563760828293348
25612,LOF,0.04903720476023532,0.037621850117425394,0.9133409451223393
25613,LOF,0.045144438971452865,0.03858615370257365,0.9162694073259734
25614,LOF,0.02118011904013981,0.024267367348088043,0.9545525136117722
25615,LOF,0.043474100736111174,0.032976108600703595,0.9235497906631853
25616,LOF,0.045605729681338525,0.025609409341132164,0.9287848609775294
25617,LOF,0.039753963284174916,0.03250421309462029,0.9277418236212049
25618,LOF,0.05051076672734414,0.031099660569789196,0.9183895727028667
25619,LOF,0.014755972004683655,0.028220614781313876,0.9570234132140024
25620,LOF,0.05926645702874497,0.0373222146722684,0.9034113282989865
25621,LOF,0.047769165085268586,0.03102602883527072,0.9212048060794608
25622,LOF,0.0601993947740513,0.03223745629185697,0.9075631489340918
25623,LOF,0.07156456041437889,0.02790851441490911,0.900526925170712
25624,LOF,0.018346311943860737,0.03381528128435158,0.9478384067717877
25625,LOF,0.06178456937332251,0.03965215468793246,0.8985632759387451
25626,LOF,0.04457843294196642,0.03816669424883415,0.9172548728091994
25627,Neutral,0.8875241262585052,0.02245190702691581,0.09002396671457906
25628,LOF,0.1341055884344169,0.06308436156293523,0.8028100500026479
25629,LOF,0.05767357377650988,0.046204441496731134,0.896121984726759
25630,LOF,0.262208011174228,0.07857203112471028,0.6592199577010617
25631,Neutral,0.5354093452741033,0.06821680975281492,0.39637384497308176
25632,LOF,0.027536332698004002,0.06595617746928949,0.9065074898327066
25633,LOF,0.21275016934033888,0.03567353992678698,0.7515762907328741
25634,LOF,0.03548692833657928,0.07255336438752621,0.8919597072758945
25635,LOF,0.04124770550240795,0.04327041250726616,0.9154818819903258
25636,GOF,0.03472081496094233,0.5020477366857737,0.46323144835328395
25637,LOF,0.07070567151017396,0.4374842350696157,0.49181009342021037
25638,LOF,0.047892105243327834,0.2756001179327254,0.6765077768239467
25639,LOF,0.03584458422222784,0.3344977968390505,0.6296576189387216
25640,Neutral,0.8120480272469301,0.1465841603970089,0.04136781235606106
25641,LOF,0.05181020394066467,0.46807010113798353,0.4801196949213517
25642,LOF,0.042572683368643206,0.15284880500056114,0.8045785116307955
25643,LOF,0.2014025979875623,0.15970907778989754,0.6388883242225402
25644,LOF,0.022117925665349897,0.473573771311157,0.5043083030234932
25645,LOF,0.01969651947411505,0.423030287514148,0.5572731930117371
25646,LOF,0.048695228436742365,0.33776656694453483,0.6135382046187228
25647,LOF,0.0241861738871659,0.24824497693724346,0.7275688491755906
25648,LOF,0.027046068287434315,0.24893265185428215,0.7240212798582836
25649,LOF,0.014719241480830939,0.24641421931674734,0.7388665392024217
25650,LOF,0.04986247717725523,0.40722642106735063,0.542911101755394
25651,LOF,0.01666697467203995,0.260121055018199,0.723211970309761
25652,LOF,0.030575477146013795,0.26460753553938077,0.7048169873146055
25653,LOF,0.07757523599356649,0.3861712677890408,0.5362534962173927
25654,LOF,0.02387948274211767,0.19702735347451417,0.7790931637833682
25655,LOF,0.22291430140181104,0.35643432939976416,0.42065136919842483
25656,LOF,0.29941109370862323,0.03872262417840313,0.6618662821129736
25657,LOF,0.0788784183675376,0.047389471682843715,0.8737321099496186
25658,LOF,0.3768194705814944,0.049112783553451216,0.5740677458650544
25659,Neutral,0.5315400142767134,0.06688077645274978,0.40157920927053686
25660,LOF,0.02508577706483244,0.07400069448831467,0.9009135284468528
25661,LOF,0.09315454537946673,0.05557897150358922,0.8512664831169441
25662,LOF,0.030644658086899475,0.03050454893841592,0.9388507929746845
25663,LOF,0.03779421905278942,0.04131309158968541,0.9208926893575252
25664,LOF,0.14341675369873896,0.050556885699813224,0.8060263606014478
25665,LOF,0.052702787815949045,0.02909672433053223,0.9182004878535186
25666,LOF,0.08939797591438586,0.07464797661523903,0.8359540474703752
25667,LOF,0.064124047824289,0.04007183633093377,0.8958041158447773
25668,LOF,0.03702911633193384,0.039392276771734853,0.9235786068963313
25669,LOF,0.033185095995640033,0.04804594977676737,0.9187689542275926
25670,LOF,0.14887966825801918,0.03883243976682058,0.8122878919751603
25671,LOF,0.08793565607988524,0.029913593161074496,0.8821507507590401
25672,LOF,0.05338729291813245,0.038478038623874264,0.9081346684579932
25673,LOF,0.07727439157729726,0.037686265061142664,0.88503934336156
25674,LOF,0.06947970641501497,0.04648611271272194,0.8840341808722632
25675,LOF,0.11608543100720084,0.04370994550704226,0.840204623485757
25676,LOF,0.01866303672668281,0.04580055011235385,0.9355364131609633
25677,LOF,0.025923136367366012,0.05978533096327469,0.9142915326693594
25678,LOF,0.17641948321121637,0.05112970656016702,0.7724508102286166
25679,LOF,0.12285239479810225,0.07845083182748422,0.7986967733744136
25680,LOF,0.030665372673104242,0.09770146531334242,0.8716331620135533
25681,LOF,0.05137839392535863,0.0889081469009997,0.8597134591736416
25682,LOF,0.14180692385763377,0.05998733535085221,0.798205740791514
25683,LOF,0.12232838543705642,0.07909477167447879,0.7985768428884649
25684,LOF,0.04022149736841365,0.0594030012618361,0.9003755013697503
25685,LOF,0.12483515818639553,0.04390182471986181,0.8312630170937426
25686,LOF,0.07550839885382181,0.08618210699983192,0.8383094941463461
25687,LOF,0.11908026189427162,0.0753694889171201,0.8055502491886083
25688,LOF,0.31080555820975275,0.03612572896664987,0.6530687128235975
25689,LOF,0.23583885975684343,0.04425777757535109,0.7199033626678054
25690,LOF,0.3656572330869795,0.03221202746760875,0.6021307394454117
25691,Neutral,0.6925116700488273,0.03293993734467526,0.2745483926064975
25692,LOF,0.2946401986502012,0.010147570031373232,0.6952122313184256
25693,GOF,0.053715979505000566,0.4736964945374726,0.47258752595752684
25694,LOF,0.12623460498187075,0.02214018247303249,0.8516252125450967
25695,LOF,0.12420465051996163,0.017524560993751544,0.8582707884862869
25696,LOF,0.11813325847433404,0.010079613614480589,0.8717871279111854
25697,LOF,0.12247089288658636,0.02494852449483329,0.8525805826185804
25698,LOF,0.34641021795710114,0.24619868322406738,0.4073910988188315
25699,LOF,0.4265974515868044,0.04743727928652871,0.525965269126667
25700,LOF,0.05159305201838616,0.012209397414584414,0.9361975505670294
25701,LOF,0.15818385372713517,0.05975023097426249,0.7820659152986023
25702,GOF,0.19063075206753277,0.5308982236423654,0.27847102429010184
25703,LOF,0.015216295693487597,0.16131440434769073,0.8234692999588217
25704,LOF,0.049183182767763116,0.10701262461793877,0.8438041926142982
25705,LOF,0.05620437607419076,0.18308185518555378,0.7607137687402554
25706,LOF,0.09859307476650785,0.33520495221135,0.5662019730221421
25707,LOF,0.09664112596078427,0.27053089283454723,0.6328279812046684
25708,LOF,0.028839174092711518,0.2487890502189549,0.7223717756883336
25709,LOF,0.05397963339215206,0.03834188015866247,0.9076784864491855
25710,LOF,0.011016396936509108,0.11905416859673647,0.8699294344667544
25711,LOF,0.018023940634318347,0.08913762415443972,0.8928384352112418
25712,LOF,0.012324531217076481,0.17522656706175513,0.8124489017211685
25713,LOF,0.018352847075132187,0.0767244436231496,0.9049227093017181
25714,LOF,0.06628897993550605,0.07476828503523025,0.8589427350292637
25715,LOF,0.010338411258505457,0.13803714452437632,0.8516244442171182
25716,LOF,0.013378534473026317,0.10269281490881102,0.8839286506181627
25717,LOF,0.012173863906974669,0.07196680193921794,0.9158593341538074
25718,LOF,0.011630427917351959,0.10490265654935656,0.8834669155332914
25719,LOF,0.018219368372057555,0.0756451164854933,0.9061355151424493
25720,LOF,0.02107903932853585,0.06745418823657068,0.9114667724348934
25721,LOF,0.015700798762744356,0.09882521896651124,0.8854739822707444
25722,LOF,0.013350204497927122,0.11044336740524412,0.8762064280968288
25723,LOF,0.02163433102136192,0.0450622418463759,0.9333034271322622
25724,LOF,0.021924479653460633,0.07839084751971899,0.8996846728268204
25725,LOF,0.011514567256936932,0.06706991182776759,0.9214155209152955
25726,LOF,0.01450502273382811,0.09956622093620077,0.8859287563299713
25727,LOF,0.01295553023659733,0.07564642680250654,0.9113980429608962
25728,LOF,0.009514732209609878,0.10068502957282766,0.8898002382175625
25729,LOF,0.009834641413136834,0.1031378302465852,0.887027528340278
25730,LOF,0.013736582403560918,0.07611179317547868,0.9101516244209604
25731,LOF,0.019774377006338578,0.104535294424055,0.8756903285696064
25732,LOF,0.014423507611206952,0.0789965991989621,0.906579893189831
25733,LOF,0.015968475002049533,0.06739266620029805,0.9166388587976525
25734,LOF,0.01240476092140122,0.11163205236285752,0.8759631867157411
25735,LOF,0.013184790590281036,0.07334203187072785,0.9134731775389912
25736,LOF,0.013974205033776617,0.09678709786993331,0.8892386970962901
25737,LOF,0.02111300482099653,0.07670827500054651,0.902178720178457
25738,LOF,0.012910847566677793,0.10159231881791533,0.8854968336154068
25739,LOF,0.019081109515227814,0.07945063032216705,0.9014682601626051
25740,LOF,0.02698243024608283,0.0901421493658536,0.8828754203880635
25741,LOF,0.014440614053336591,0.10059955951034659,0.8849598264363168
25742,LOF,0.10716012860944853,0.07741013116660098,0.8154297402239504
25743,LOF,0.0357105294134699,0.03400618670205948,0.9302832838844706
25744,Neutral,0.5379771072588745,0.23292768206866804,0.22909521067245742
25745,LOF,0.08340068106184784,0.06426124727936475,0.8523380716587874
25746,LOF,0.04261698364270492,0.07527660683927952,0.8821064095180154
25747,LOF,0.023244034578072816,0.03853336735616453,0.9382225980657627
25748,LOF,0.11740587782294522,0.06156344491361803,0.8210306772634368
25749,LOF,0.028315536203713448,0.07053257076942421,0.9011518930268624
25750,LOF,0.08732545201678105,0.07207514722799924,0.8405994007552198
25751,LOF,0.0958779102051055,0.05614118574851759,0.8479809040463769
25752,GOF,0.10721901711258104,0.6561288034698993,0.23665217941751965
25753,LOF,0.018321522167232908,0.25347323711227476,0.7282052407204924
25754,GOF,0.010541539818354609,0.7545802495420693,0.234878210639576
25755,LOF,0.022367006539067258,0.37101945603880065,0.6066135374221322
25756,LOF,0.041778091596518685,0.3291759263802755,0.6290459820232058
25757,GOF,0.015238181689954352,0.8254889917831033,0.15927282652694238
25758,GOF,0.028687667361144656,0.8098020096246575,0.16151032301419777
25759,GOF,0.011317512153908313,0.5117315238918551,0.4769509639542367
25760,LOF,0.012527998757785482,0.21597121902387176,0.7715007822183427
25761,GOF,0.26259806968909927,0.622813812993806,0.11458811731709465
25762,LOF,0.037126666750777165,0.22833247916816177,0.7345408540810611
25763,LOF,0.012061567912565749,0.18870394397539,0.7992344881120441
25764,GOF,0.06933494724877663,0.6216640532023566,0.3090009995488668
25765,GOF,0.048073997978191035,0.7326704389536742,0.2192555630681347
25766,GOF,0.06241796640097897,0.767454178853013,0.17012785474600806
25767,GOF,0.18251554202339026,0.42620898179990846,0.3912754761767012
25768,LOF,0.09258451194726208,0.062493641657548615,0.8449218463951892
25769,LOF,0.06789870409424933,0.05731833316293164,0.874782962742819
25770,LOF,0.27601420205687077,0.0779104554088729,0.6460753425342562
25771,LOF,0.040761625431830276,0.043991518192079374,0.9152468563760903
25772,LOF,0.01725566899700398,0.03083884259710893,0.951905488405887
25773,LOF,0.047435664598352335,0.07252183219930385,0.8800425032023437
25774,LOF,0.02834636039301551,0.07128273591680671,0.9003709036901778
25775,LOF,0.04598297686018909,0.0453676834116319,0.9086493397281791
25776,LOF,0.07409502009008401,0.024924720223371957,0.9009802596865439
25777,LOF,0.345073758766358,0.04923931099553294,0.6056869302381092
25778,LOF,0.06367556835617492,0.04946127123409991,0.8868631604097251
25779,GOF,0.37860399177345544,0.5773201863412114,0.0440758218853332
25780,GOF,0.3143614228622486,0.6171815509924412,0.06845702614531006
25781,GOF,0.16014079828167582,0.7329974847838485,0.1068617169344756
25782,GOF,0.21120300062873804,0.7205601105230439,0.06823688884821805
25783,GOF,0.029492600331386745,0.6484305833713178,0.3220768162972954
25784,Neutral,0.4901586294936436,0.47490856239767104,0.034932808108685334
25785,GOF,0.385448046286728,0.5736942866672845,0.040857667045987554
25786,GOF,0.026278643061384215,0.7817308301452256,0.19199052679339013
25787,Neutral,0.6593205183544851,0.3167873776567762,0.023892103988738783
25788,LOF,0.048455025483732476,0.1032785002858975,0.84826647423037
25789,GOF,0.19296689647678772,0.6607903345384932,0.14624276898471894
25790,GOF,0.20714275901034238,0.6960755068897857,0.09678173409987188
25791,GOF,0.1325463457372176,0.691290969882278,0.17616268438050442
25792,GOF,0.29984725483983693,0.5661614969778017,0.1339912481823613
25793,GOF,0.2659888344465845,0.5672312485731839,0.16677991698023165
25794,GOF,0.30295775660939545,0.5233088515949055,0.17373339179569916
25795,GOF,0.08216716037352202,0.6862039231993935,0.23162891642708455
25796,Neutral,0.5397522139631462,0.37741586591454623,0.08283192012230749
25797,GOF,0.09379275718240325,0.5425986565428206,0.3636085862747761
25798,GOF,0.009415990132459414,0.5157765343779842,0.4748074754895564
25799,LOF,0.006704115269230651,0.39140880452304166,0.6018870802077277
25800,GOF,0.031982172063966,0.5875983235025162,0.38041950443351774
25801,GOF,0.18484358564178827,0.6870398580325349,0.12811655632567698
25802,GOF,0.07403284704855691,0.7105512477685934,0.21541590518284964
25803,GOF,0.036028384744730794,0.578165317836668,0.38580629741860123
25804,GOF,0.03163224413103923,0.4884082523116786,0.4799595035572823
25805,GOF,0.09243101254398563,0.630316428720921,0.27725255873509347
25806,GOF,0.08839483091844594,0.6034188910330288,0.3081862780485253
25807,GOF,0.02063612727347155,0.6503816594356505,0.32898221329087807
25808,GOF,0.07816108823449791,0.6491190406866099,0.2727198710788923
25809,GOF,0.017904258143095986,0.5974701597974298,0.3846255820594742
25810,GOF,0.01691544972200923,0.6382381996841319,0.34484635059385893
25811,GOF,0.44958107396059727,0.4699238160434593,0.08049510999594353
25812,GOF,0.02955225503921277,0.626944458032979,0.3435032869278083
25813,Neutral,0.5144191453307357,0.3929698506074763,0.09261100406178789
25814,GOF,0.11131089032574931,0.6671689260700953,0.22152018360415537
25815,GOF,0.19978620489411647,0.6123014400086499,0.1879123550972335
25816,GOF,0.023881821601074157,0.7380832523936907,0.23803492600523535
25817,GOF,0.2406294997665087,0.62611360634788,0.1332568938856114
25818,GOF,0.05429784564242399,0.6909314572671813,0.25477069709039474
25819,GOF,0.3415219842950556,0.5191769621109017,0.1393010535940427
25820,GOF,0.17964584770343936,0.6192157577972067,0.20113839449935395
25821,GOF,0.05679394541822382,0.6864920871995777,0.25671396738219854
25822,GOF,0.19636407502388803,0.6045770029340563,0.1990589220420558
25823,GOF,0.03138857657027986,0.5303777757587167,0.4382336476710035
25824,GOF,0.0909460030468351,0.6092744226575025,0.2997795742956624
25825,GOF,0.03693240021821738,0.6109389062859488,0.3521286934958338
25826,GOF,0.015108775924571483,0.6020439323295345,0.38284729174589394
25827,GOF,0.024247980296645433,0.6246999114918564,0.35105210821149807
25828,GOF,0.014036413183422927,0.5596120516854103,0.42635153513116686
25829,GOF,0.005540121145261519,0.571683191039478,0.42277668781526045
25830,LOF,0.03153825041962435,0.2753622377510883,0.6930995118292873
25831,GOF,0.2118894357154621,0.6578367065991866,0.13027385768535132
25832,GOF,0.027730058349981955,0.7133165784334554,0.25895336321656265
25833,GOF,0.10704958385810977,0.7277858351037512,0.16516458103813914
25834,GOF,0.02824941077531935,0.7287191413354308,0.2430314478892498
25835,GOF,0.05781269045236121,0.7547253224096392,0.1874619871379996
25836,GOF,0.027775762513707423,0.6773643875228497,0.2948598499634429
25837,GOF,0.025456036119071115,0.6358773505520978,0.33866661332883097
25838,GOF,0.08208809763675529,0.7794952024389454,0.1384166999242994
25839,GOF,0.2614284985937574,0.5829503048395962,0.15562119656664644
25840,GOF,0.24164705368692108,0.6057895832696818,0.1525633630433971
25841,GOF,0.23606766629202167,0.6230679581697954,0.14086437553818287
25842,GOF,0.12958806456938074,0.7450020505056438,0.12540988492497562
25843,GOF,0.18441477214492746,0.7210626814534197,0.09452254640165288
25844,GOF,0.05575030934219523,0.7402830295024692,0.2039666611553356
25845,GOF,0.015533929536287988,0.5403999704673854,0.4440660999963265
25846,GOF,0.11587969880915384,0.7472844134630247,0.1368358877278216
25847,GOF,0.08843561513015523,0.8126611205113855,0.09890326435845938
25848,GOF,0.03699346646379544,0.7353945110718066,0.22761202246439788
25849,GOF,0.010543629211245176,0.6334281603161999,0.3560282104725551
25850,GOF,0.019529334096065186,0.6734009042015588,0.30706976170237604
25851,GOF,0.015433906550099895,0.557839804909484,0.4267262885404161
25852,GOF,0.1610754950851458,0.5544272075276407,0.2844972973872134
25853,GOF,0.32991875051980063,0.5931314293754965,0.07694982010470296
25854,GOF,0.02361913950522606,0.6395760712105436,0.3368047892842304
25855,GOF,0.03355169678784473,0.5802042882589841,0.38624401495317134
25856,GOF,0.2407951872937138,0.5548542504457091,0.20435056226057702
25857,GOF,0.03760528625601119,0.5225353414536423,0.4398593722903465
25858,GOF,0.021461541305938723,0.5353669622758839,0.44317149641817744
25859,GOF,0.011287292348052324,0.49985156299917016,0.4888611446527775
25860,GOF,0.35658013286662876,0.5655070474962509,0.07791281963712034
25861,GOF,0.4030140411372891,0.5233658460028331,0.07362011285987774
25862,GOF,0.07407732367763761,0.7877340100018213,0.1381886663205412
25863,GOF,0.07257792387222381,0.7931706602525583,0.13425141587521802
25864,GOF,0.1727904101454874,0.7540006849140969,0.07320890494041565
25865,GOF,0.07159652365318375,0.8124378124750817,0.11596566387173453
25866,GOF,0.05424619654922292,0.7873315030511264,0.15842230039965083
25867,GOF,0.07736600507511579,0.815469848986827,0.10716414593805726
25868,GOF,0.25139435453327624,0.638859533133901,0.10974611233282287
25869,Neutral,0.7289330679097793,0.22885632726783817,0.04221060482238267
25870,GOF,0.28371583092828645,0.39095787072061877,0.32532629835109467
25871,GOF,0.19947052920795144,0.6694556111919676,0.131073859600081
25872,GOF,0.07228786238910871,0.6809772615381823,0.24673487607270905
25873,GOF,0.10280986471407128,0.7059580624034243,0.1912320728825046
25874,LOF,0.014271161137024119,0.11286712940155116,0.8728617094614246
25875,LOF,0.09971479994219895,0.03771354182054782,0.8625716582372532
25876,LOF,0.032920032732778035,0.02848870054625117,0.9385912667209708
25877,Neutral,0.5020119530795939,0.038300856951747723,0.45968718996865837
25878,LOF,0.228536395079147,0.09041784209153357,0.6810457628293195
25879,LOF,0.08636300905885348,0.08727447770429309,0.8263625132368535
25880,LOF,0.04105590269258624,0.016089943801774354,0.9428541535056395
25881,LOF,0.16520729996800176,0.12236118533567587,0.7124315146963224
25882,LOF,0.06314898674649592,0.017164655286170578,0.9196863579673334
25883,LOF,0.060106085731559886,0.021243723200516748,0.9186501910679233
25884,LOF,0.031412182887993516,0.028938318066997582,0.939649499045009
25885,LOF,0.06096260985141973,0.012461774699845881,0.9265756154487343
25886,LOF,0.24271003224393095,0.045544945035599894,0.7117450227204691
25887,LOF,0.15570353936304254,0.06696645191511062,0.7773300087218469
25888,LOF,0.06082867632366029,0.058830311076573605,0.880341012599766
25889,LOF,0.03920596567718329,0.02100091599037413,0.9397931183324426
25890,LOF,0.05538336929308531,0.14230706073155752,0.8023095699753572
25891,LOF,0.038307880861026856,0.055561558134436334,0.9061305610045369
25892,LOF,0.07629065703900878,0.02465486880284211,0.8990544741581491
25893,LOF,0.2328496041750819,0.019404568942899346,0.7477458268820187
25894,LOF,0.1714764494653309,0.013797422761160121,0.814726127773509
25895,LOF,0.18409616964490888,0.021672388321779222,0.794231442033312
25896,LOF,0.0482981222779429,0.023025871620613203,0.9286760061014439
25897,LOF,0.24497455768140367,0.01500360496520601,0.7400218373533903
25898,Neutral,0.6837439302247682,0.010807033621862609,0.3054490361533691
25899,LOF,0.21053544263616128,0.023374892569986504,0.7660896647938522
25900,LOF,0.4610823485342061,0.013358479425125924,0.525559172040668
25901,LOF,0.04987911567664655,0.011548639045859318,0.9385722452774942
25902,LOF,0.1533708302938882,0.014464682132721663,0.83216448757339
25903,Neutral,0.5810005319203454,0.02849230263836013,0.39050716544129443
25904,LOF,0.31268562559860896,0.04379999799226519,0.6435143764091259
25905,LOF,0.024625977758387263,0.341347063426644,0.6340269588149687
25906,LOF,0.030912881281250665,0.08758849368481086,0.8814986250339384
25907,LOF,0.013390464907231362,0.3309785062122188,0.6556310288805498
25908,LOF,0.009850252259698591,0.26203485025188233,0.7281148974884191
25909,LOF,0.013059589762755158,0.13254795958654558,0.8543924506506994
25910,LOF,0.05172343255442718,0.13275541383077197,0.8155211536148008
25911,LOF,0.1811011987251085,0.025137518361018685,0.7937612829138729
25912,LOF,0.04334328347861028,0.045255018017560204,0.9114016985038296
25913,LOF,0.3500866760598314,0.021611949064559155,0.6283013748756096
25914,LOF,0.02103073561405557,0.046325784413525806,0.9326434799724187
25915,Neutral,0.5703910903700687,0.14105155558318638,0.288557354046745
25916,LOF,0.08377080920045957,0.1988034772799192,0.7174257135196213
25917,LOF,0.06099743101118694,0.03594529180786951,0.9030572771809434
25918,LOF,0.023776723573302384,0.02811809568740332,0.9481051807392942
25919,LOF,0.020643619643211937,0.03032763639384132,0.9490287439629469
25920,GOF,0.10420418799181676,0.514110034185541,0.3816857778226421
25921,LOF,0.026364501880551106,0.034257805642040284,0.9393776924774087
25922,LOF,0.03342961259096195,0.026217337005114846,0.9403530504039233
25923,Neutral,0.4842316220624621,0.03392264822874726,0.48184572970879064
25924,LOF,0.03574818285046933,0.038967483314539766,0.925284333834991
25925,LOF,0.07313879021268019,0.03648308015212489,0.8903781296351949
25926,LOF,0.05268017891378964,0.031642662806137284,0.9156771582800731
25927,LOF,0.060926425521968156,0.13795416486980014,0.8011194096082318
25928,LOF,0.019157248754518543,0.05054581789617397,0.9302969333493075
25929,Neutral,0.5949694711633319,0.03580863791483234,0.3692218909218359
25930,LOF,0.07565150091637685,0.029204905480570358,0.8951435936030527
25931,LOF,0.02665803125612199,0.03412261556279631,0.9392193531810817
25932,LOF,0.027860063027716316,0.026419079118118718,0.9457208578541649
25933,LOF,0.0378562996468946,0.01633324075905824,0.9458104595940472
25934,LOF,0.025543475467853866,0.018136107774076708,0.9563204167580694
25935,LOF,0.0638063753627882,0.04739839995003201,0.8887952246871799
25936,LOF,0.04375330048444778,0.02294138713629328,0.9333053123792588
25937,LOF,0.028490456087630307,0.03953982923212676,0.931969714680243
25938,LOF,0.06502586054496522,0.0510929058852341,0.8838812335698006
25939,LOF,0.04282063721049561,0.01944489546518081,0.9377344673243236
25940,LOF,0.03684351152798308,0.329315881808127,0.63384060666389
25941,LOF,0.18425076131812268,0.09134392718435007,0.7244053114975273
25942,LOF,0.013295073644374362,0.033961670918631975,0.9527432554369937
25943,LOF,0.3303731824096635,0.05571821218322407,0.6139086054071123
25944,LOF,0.4890734226133411,0.020690232350622093,0.49023634503603675
25945,LOF,0.07269847493509453,0.017604970474155362,0.90969655459075
25946,LOF,0.03271626198615607,0.11745620702422672,0.8498275309896172
25947,LOF,0.10465798743666038,0.17390934773960978,0.7214326648237298
25948,LOF,0.37509535840154773,0.008630689802583963,0.6162739517958682
25949,LOF,0.12381070901203199,0.03948725701526054,0.8367020339727075
25950,GOF,0.3120043984053394,0.36017349976161095,0.3278221018330497
25951,LOF,0.1917688854655883,0.27753310112872703,0.5306980134056846
25952,GOF,0.04641340477792535,0.49985910976712394,0.45372748545495073
25953,LOF,0.1430520245156276,0.11723684340176294,0.7397111320826094
25954,Neutral,0.42053946751936705,0.19536798088528112,0.38409255159535177
25955,LOF,0.06483830185428105,0.08849434252531244,0.8466673556204064
25956,LOF,0.15222100888978635,0.12255254061603757,0.7252264504941761
25957,LOF,0.035267117957127926,0.03142150781621546,0.9333113742266566
25958,LOF,0.054216409191218215,0.027288800378181353,0.9184947904306006
25959,LOF,0.06563832730142209,0.3270145249516794,0.6073471477468986
25960,LOF,0.013829010415992472,0.05126228487945369,0.9349087047045538
25961,LOF,0.03965876505357656,0.027509549823361533,0.932831685123062
25962,LOF,0.058590956382103404,0.032015754577746365,0.9093932890401502
25963,LOF,0.042457439633948296,0.2040593919552874,0.7534831684107643
25964,LOF,0.03079919306272435,0.15833828353480117,0.8108625234024744
25965,LOF,0.4639948180956448,0.05074540669758481,0.4852597752067704
25966,Neutral,0.5141162518449285,0.1702200273211204,0.3156637208339512
25967,LOF,0.016962712747200643,0.11802888229307143,0.8650084049597279
25968,LOF,0.035209886181554816,0.3884691306283099,0.5763209831901352
25969,LOF,0.03603508722619111,0.06440527940456217,0.8995596333692467
25970,LOF,0.0492519134457162,0.06490048756659302,0.8858475989876908
25971,LOF,0.059984109004864984,0.021675853350539207,0.9183400376445958
25972,LOF,0.06078190191212469,0.03228708117276065,0.9069310169151147
25973,LOF,0.06717852150887492,0.009797793533948364,0.9230236849571768
25974,LOF,0.19131219171748975,0.0148464656517747,0.7938413426307356
25975,LOF,0.04509710863577843,0.025356685439039732,0.9295462059251818
25976,LOF,0.04329271592828007,0.01624047503602573,0.9404668090356942
25977,LOF,0.14456892272300578,0.08990283010891711,0.765528247168077
25978,LOF,0.14052531311788877,0.1017613159716119,0.7577133709104994
25979,LOF,0.13042956472904396,0.10542248300297788,0.764147952267978
25980,LOF,0.21818433427421088,0.1301303667088105,0.6516852990169787
25981,LOF,0.2501436706720047,0.1285067496034702,0.621349579724525
25982,LOF,0.39398675767204405,0.08214754251560524,0.5238656998123506
25983,LOF,0.36725103003791654,0.09215564633073077,0.5405933236313527
25984,LOF,0.046846102467602235,0.050656552150156395,0.9024973453822415
25985,LOF,0.03876435867899446,0.2798094597084014,0.6814261816126042
25986,LOF,0.04910239813846094,0.3155666315152495,0.6353309703462896
25987,LOF,0.09071936192490034,0.06742806681227212,0.8418525712628274
25988,LOF,0.15902422570803748,0.06881422792212492,0.7721615463698376
25989,LOF,0.035367667605517114,0.11942145815620453,0.8452108742382783
25990,LOF,0.037309612980945185,0.1820948223082156,0.7805955647108392
25991,LOF,0.14313318747810944,0.24536789461316197,0.6114989179087286
25992,LOF,0.30761794370661766,0.1518895414121497,0.5404925148812325
25993,LOF,0.02401748536365714,0.07811515979261431,0.8978673548437285
25994,LOF,0.019244340368177272,0.07843025079063684,0.902325408841186
25995,LOF,0.024716449131694056,0.17389669197451468,0.8013868588937912
25996,GOF,0.326368718130053,0.39276494424155056,0.28086633762839647
25997,LOF,0.08749091107631594,0.3858152498244236,0.5266938390992605
25998,Neutral,0.5173919680973745,0.02503928360065053,0.4575687483019749
25999,LOF,0.08741952174188035,0.09291015971335244,0.8196703185447671
26000,LOF,0.1352714679952828,0.041457083522992814,0.8232714484817243
26001,LOF,0.20200367771901565,0.046451108884498334,0.7515452133964861
26002,LOF,0.10801401295936372,0.043517951960187165,0.8484680350804491
26003,GOF,0.0115094391258859,0.5852952013974032,0.40319535947671087
26004,GOF,0.02329217268287022,0.6757820526170218,0.3009257747001079
26005,LOF,0.006735251777587218,0.44588012114270803,0.5473846270797048
26006,Neutral,0.5355003242096837,0.23968529034454614,0.2248143854457701
26007,GOF,0.02355893666996677,0.5214648539950463,0.45497620933498706
26008,GOF,0.018524619540241302,0.6129553070367366,0.3685200734230221
26009,GOF,0.021605517809239746,0.688715357496113,0.28967912469464707
26010,GOF,0.023522673538687394,0.639794949775183,0.3366823766861296
26011,LOF,0.006970984228144633,0.40876269228216694,0.5842663234896884
26012,GOF,0.013141937117168063,0.5478606284493679,0.438997434433464
26013,GOF,0.02042031935741562,0.6101762229498919,0.3694034576926926
26014,LOF,0.04254571459788314,0.11110329554042507,0.8463509898616918
26015,LOF,0.17453691972892468,0.016306304193118678,0.8091567760779567
26016,LOF,0.2057214114810403,0.060455712901889176,0.7338228756170705
26017,LOF,0.21783798193453133,0.09993250319971067,0.682229514865758
26018,LOF,0.07953220831999588,0.04332949162111785,0.8771383000588863
26019,LOF,0.07598854905262374,0.03422311745290027,0.8897883334944761
26020,LOF,0.06637447533101383,0.11038346701900968,0.8232420576499766
26021,LOF,0.04324748845475319,0.1128685797248045,0.8438839318204423
26022,LOF,0.010977678491022751,0.04420423578273891,0.9448180857262383
26023,LOF,0.0670894267345755,0.026669196818561166,0.9062413764468632
26024,LOF,0.03219844686007799,0.11350345295364975,0.8542981001862722
26025,LOF,0.13937410123163513,0.09546100782779385,0.765164890940571
26026,LOF,0.3361368413587874,0.02669024694153222,0.6371729116996804
26027,LOF,0.06042199075259403,0.020805910003180782,0.9187720992442251
26028,LOF,0.1793695603198755,0.06351828960565303,0.7571121500744714
26029,LOF,0.07440912360106089,0.14143003428494877,0.7841608421139904
26030,LOF,0.022634479990184506,0.030849579116374697,0.9465159408934408
26031,LOF,0.02677558847174893,0.10723449131443809,0.8659899202138129
26032,LOF,0.06702464479599408,0.04571649780836774,0.8872588573956383
26033,LOF,0.08859092668980657,0.04539669068623924,0.8660123826239543
26034,LOF,0.046902020986946895,0.1233038405615523,0.8297941384515009
26035,LOF,0.026534470698981103,0.11460471339133403,0.8588608159096849
26036,LOF,0.04046694851319883,0.13376748108321043,0.8257655704035908
26037,LOF,0.022240996782145295,0.09360122690461235,0.8841577763132423
26038,LOF,0.06345723667256281,0.04753389762117164,0.8890088657062656
26039,LOF,0.053200805892534744,0.11146140952494374,0.8353377845825215
26040,LOF,0.2146492320714606,0.09072540029276648,0.694625367635773
26041,LOF,0.023273911761715185,0.08616325065809301,0.8905628375801918
26042,LOF,0.0211778332252858,0.08105150750793821,0.8977706592667761
26043,LOF,0.06433337973212856,0.055061096314889674,0.8806055239529818
26044,LOF,0.01972240125932142,0.03841579461550596,0.9418618041251726
26045,LOF,0.07237448439530238,0.0749645147134466,0.8526610008912511
26046,LOF,0.05937515267926831,0.046804940954850126,0.8938199063658815
26047,LOF,0.07619355311734959,0.04955572219050916,0.8742507246921412
26048,LOF,0.041890528032809606,0.02889372368757413,0.9292157482796163
26049,Neutral,0.9700664152856937,0.005228182491464233,0.024705402222842038
26050,Neutral,0.9571221463896998,0.006411732728140719,0.03646612088215953
26051,LOF,0.050982935193432284,0.26453469310489475,0.6844823717016729
26052,LOF,0.06439931383158613,0.30558481550567385,0.63001587066274
26053,LOF,0.05920527705595324,0.14536870027647567,0.7954260226675711
26054,LOF,0.05030978890510848,0.017067141584523698,0.9326230695103679
26055,LOF,0.0724547870112842,0.01603047766659876,0.911514735322117
26056,LOF,0.06047949790732337,0.01797780025798361,0.9215427018346931
26057,LOF,0.0300509112997954,0.011913533219855789,0.9580355554803488
26058,LOF,0.03054881172315418,0.009494787000136458,0.9599564012767094
26059,LOF,0.27800950352897696,0.02064018610581952,0.7013503103652035
26060,LOF,0.039891441735556143,0.1753292723882135,0.7847792858762304
26061,LOF,0.01568389278931271,0.012403677979908122,0.9719124292307791
26062,LOF,0.00994728810080632,0.017713323849739192,0.9723393880494546
26063,LOF,0.02005373732054414,0.009550705590765438,0.9703955570886904
26064,LOF,0.01876442556836449,0.02603091226153358,0.9552046621701019
26065,LOF,0.02456691633422892,0.011112927614552943,0.9643201560512181
26066,LOF,0.01971313232672755,0.009886816105021923,0.9704000515682504
26067,LOF,0.02789908092039106,0.008569080144511526,0.9635318389350974
26068,LOF,0.0427678017226627,0.02791733871021491,0.9293148595671223
26069,LOF,0.2617796330192311,0.019983674834378795,0.7182366921463901
26070,LOF,0.3997959029531519,0.017083474756377396,0.5831206222904707
26071,LOF,0.020611701124273556,0.011430939997281042,0.9679573588784454
26072,LOF,0.01614662861783707,0.022077641358393522,0.9617757300237695
26073,LOF,0.01880770699973738,0.013660095606203786,0.9675321973940589
26074,Neutral,0.9164291334953818,0.005890379500413797,0.0776804870042043
26075,LOF,0.04382199119656153,0.013533534405980667,0.9426444743974578
26076,LOF,0.036204975307848004,0.008312981427857379,0.9554820432642946
26077,LOF,0.009513136338423985,0.013316246178363854,0.9771706174832122
26078,LOF,0.014071756019037858,0.010922529470013502,0.9750057145109488
26079,LOF,0.06123098251862847,0.015389067664071976,0.9233799498172997
26080,LOF,0.06038629140913741,0.015403729933929038,0.9242099786569336
26081,LOF,0.03426282221310208,0.006572318688416772,0.959164859098481
26082,LOF,0.012385189495318178,0.013789598337945064,0.9738252121667368
26083,LOF,0.17711429753910352,0.013933752260351989,0.8089519502005444
26084,LOF,0.04356468003767297,0.011611920415977608,0.9448233995463493
26085,LOF,0.03883991118986168,0.01103712349915784,0.9501229653109804
26086,LOF,0.020173957221334735,0.011050167464038287,0.9687758753146269
26087,LOF,0.022156257415176277,0.0085594900932749,0.9692842524915487
26088,LOF,0.016160193208478543,0.0243321303570171,0.9595076764345043
26089,LOF,0.040891986392584456,0.02196961176332086,0.9371384018440946
26090,LOF,0.04091542283294673,0.017234381965855604,0.9418501952011976
26091,LOF,0.031454812924060396,0.006259774840888922,0.9622854122350507
26092,LOF,0.02137647717987153,0.00761540182944908,0.9710081209906793
26093,LOF,0.03346445748756248,0.005783251652937629,0.9607522908595
26094,LOF,0.03232519166197808,0.00599748182695272,0.9616773265110693
26095,LOF,0.03932927657894612,0.01428501719993823,0.9463857062211156
26096,LOF,0.016312312711260723,0.011516396337099659,0.9721712909516397
26097,LOF,0.011493725388055405,0.04025896948657811,0.9482473051253664
26098,LOF,0.08055029070967996,0.0120653355594646,0.9073843737308555
26099,LOF,0.020226930498417013,0.01191378859428728,0.9678592809072958
26100,LOF,0.022484753317068607,0.011418234717407813,0.9660970119655236
26101,LOF,0.044778806074236226,0.016935401537064354,0.9382857923886995
26102,LOF,0.020063341777218267,0.013537857405416692,0.966398800817365
26103,Neutral,0.8811913608066033,0.018305890747592275,0.10050274844580437
26104,LOF,0.07550269520978702,0.02217126456622681,0.9023260402239862
26105,LOF,0.217245269639517,0.2568951632896833,0.5258595670707997
26106,LOF,0.1622678663467432,0.13475471804715103,0.7029774156061058
26107,LOF,0.2457786133124888,0.08346417369793387,0.6707572129895774
26108,LOF,0.24027822348756397,0.09523524454450999,0.6644865319679261
26109,LOF,0.08252323824928422,0.057611078825841204,0.8598656829248746
26110,LOF,0.23788647064249818,0.006233621412700461,0.7558799079448013
26111,Neutral,0.5141155523851236,0.020315221817889507,0.4655692257969869
26112,LOF,0.03333902407641235,0.006350494184798969,0.9603104817387886
26113,LOF,0.0629961930193712,0.014497982976487791,0.922505824004141
26114,LOF,0.02376626184300134,0.03151574014901898,0.9447179980079797
26115,LOF,0.08415002843913257,0.05440286072397736,0.8614471108368901
26116,LOF,0.05971608674118149,0.06160081751270739,0.878683095746111
26117,LOF,0.45785972891436505,0.0409790702752397,0.5011612008103952
26118,LOF,0.032090216937539544,0.023738996856355683,0.9441707862061048
26119,LOF,0.0230918865582306,0.031915640218987795,0.9449924732227815
26120,LOF,0.023817670616796436,0.01757657153486033,0.9586057578483431
26121,LOF,0.04156550340716214,0.08395617161954085,0.874478324973297
