feature0,prediction,LoGoFunc_Neutral,LoGoFunc_GOF,LoGoFunc_LOF
25546,Neutral,0.6077194029511817,0.060413460988362866,0.3318671360604556
25547,Neutral,0.46600570533535374,0.10104115157719788,0.4329531430874485
25548,Neutral,0.47811803698670796,0.07923470350058419,0.44264725951270784
25549,LOF,0.41699939142887626,0.08096154720079445,0.5020390613703293
25550,LOF,0.3402940480630102,0.10768145012933557,0.5520245018076542
25551,LOF,0.3046592716447953,0.11449480899323596,0.5808459193619688
25552,LOF,0.2656268119553798,0.11369006130106567,0.6206831267435545
25553,Neutral,0.7971372089650118,0.042633352220492415,0.16022943881449572
25554,LOF,0.30847707374654953,0.10307871652564403,0.5884442097278063
25555,LOF,0.2595617019176338,0.10095625373027006,0.6394820443520961
25556,LOF,0.4498406585087552,0.08985627139737208,0.4603030700938728
25557,LOF,0.24721502456482922,0.10638630039533196,0.6463986750398388
25558,LOF,0.30607609252073326,0.10152484604067062,0.5923990614385961
25559,LOF,0.24455956361971973,0.1561848034977635,0.5992556328825167
25560,LOF,0.16985776176322867,0.10455474479986211,0.7255874934369092
25561,LOF,0.16012741525644492,0.11937947087639236,0.7204931138671627
25562,LOF,0.07208889430884134,0.07712959303402961,0.8507815126571291
25563,LOF,0.022426893881290426,0.14908577251649371,0.8284873336022159
25564,LOF,0.2302830429728967,0.1086018354271062,0.6611151215999971
25565,LOF,0.22467108309387418,0.15469866558559067,0.6206302513205352
25566,GOF,0.09503488702892217,0.7026229895939641,0.2023421233771138
25567,LOF,0.04072117731954614,0.1437565503085399,0.8155222723719139
25568,LOF,0.06462725559715202,0.0794433435234695,0.8559294008793785
25569,LOF,0.06437748157089594,0.08281317272453947,0.8528093457045646
25570,LOF,0.029023478237772606,0.11043090418148496,0.8605456175807424
25571,LOF,0.027823268943246476,0.11450629542518932,0.8576704356315641
25572,LOF,0.06101371513968703,0.13586108825758175,0.8031251966027312
25573,LOF,0.06440861728491035,0.0999193226343356,0.8356720600807541
25574,LOF,0.06487266930516913,0.19732632735839087,0.73780100333644
25575,LOF,0.024104575578963693,0.12949468534945624,0.8464007390715801
25576,LOF,0.02869415407462566,0.16722363797127057,0.8040822079541039
25577,LOF,0.030278215921667444,0.13367831046150214,0.8360434736168305
25578,LOF,0.30771752938330466,0.088341237121978,0.6039412334947173
25579,LOF,0.14378543953555095,0.09528067153785731,0.7609338889265918
25580,LOF,0.021410321793824225,0.08785822842135607,0.8907314497848198
25581,LOF,0.05933796394767219,0.07128371398913057,0.8693783220631972
25582,LOF,0.059175936630097556,0.07012340258019725,0.8707006607897052
25583,LOF,0.022801468500454183,0.09082390052457799,0.8863746309749677
25584,Neutral,0.7026735531118746,0.10683796271323197,0.1904884841748933
25585,LOF,0.025509953818238187,0.16194888510346842,0.8125411610782933
25586,LOF,0.018386878888126013,0.07889865396171074,0.9027144671501633
25587,LOF,0.017801875686850727,0.07091665710039835,0.9112814672127508
25588,LOF,0.021880741130817293,0.07818749042878245,0.8999317684404001
25589,Neutral,0.5250539436505566,0.1857448484932957,0.2892012078561477
25590,LOF,0.04905015025761258,0.122779042330329,0.8281708074120585
25591,LOF,0.10477054810616507,0.060977670300524575,0.8342517815933104
25592,LOF,0.05544947107608617,0.15070376213100128,0.7938467667929126
25593,LOF,0.13693892750594808,0.2515132620570318,0.6115478104370201
25594,LOF,0.05421177067786644,0.12265053469054883,0.8231376946315847
25595,LOF,0.05240173562180363,0.08503713680668816,0.8625611275715083
25596,LOF,0.11033492262401551,0.04868843472186041,0.8409766426541241
25597,LOF,0.09103506600730796,0.05476420716564063,0.8542007268270515
25598,LOF,0.054563169131290126,0.08732506469812806,0.8581117661705818
25599,LOF,0.02266258125950408,0.46972559647180023,0.5076118222686957
25600,GOF,0.18091282388787913,0.48196509058494635,0.33712208552717454
25601,LOF,0.04315094906603257,0.40928595051773037,0.547563100416237
25602,LOF,0.03737495417380298,0.06976871780301735,0.8928563280231796
25603,LOF,0.03210806251605386,0.03762648384693262,0.9302654536370135
25604,LOF,0.0338583893973863,0.07663069685541056,0.889510913747203
25605,LOF,0.03293419282021446,0.19976290413201986,0.7673029030477657
25606,LOF,0.4209326840400214,0.11317343820858486,0.4658938777513937
25607,LOF,0.025635234257474493,0.180649015112594,0.7937157506299315
25608,LOF,0.03174291641959475,0.07634405748322598,0.8919130260971793
25609,GOF,0.14518085343775036,0.5369719824273279,0.3178471641349217
25610,LOF,0.01700856314530218,0.029500779751577336,0.9534906571031204
25611,LOF,0.014210174788555128,0.033735024758062955,0.952054800453382
25612,LOF,0.04706896206760032,0.04583196715646926,0.9070990707759304
25613,LOF,0.045148036429324585,0.04433210562010561,0.9105198579505699
25614,LOF,0.022830213760192113,0.026863641131124872,0.9503061451086829
25615,LOF,0.040740734076125835,0.050237850901521025,0.9090214150223531
25616,LOF,0.05269627345564897,0.030736179146733444,0.9165675473976176
25617,LOF,0.04338887042536718,0.04043877630043576,0.916172353274197
25618,LOF,0.04843493685184027,0.037444832853571156,0.9141202302945887
25619,LOF,0.013751168270281397,0.03788096423666315,0.9483678674930555
25620,LOF,0.06304871419440347,0.04507863986581976,0.8918726459397768
25621,LOF,0.05678910975243544,0.03854751765926397,0.9046633725883005
25622,LOF,0.06668262521746741,0.036346481339319614,0.896970893443213
25623,LOF,0.0749451260907037,0.02547715937424621,0.8995777145350501
25624,LOF,0.019411654875774655,0.03584680048862676,0.9447415446355985
25625,LOF,0.0603974158374096,0.041059576187623625,0.8985430079749667
25626,LOF,0.04744078727973286,0.04318124572782563,0.9093779669924414
25627,Neutral,0.9010516011669538,0.017141453416646163,0.08180694541640013
25628,LOF,0.14612698333772392,0.05572316493157574,0.7981498517307003
25629,LOF,0.06713043314408418,0.0437396268184227,0.889129940037493
25630,LOF,0.3098819821969168,0.06892945006149903,0.6211885677415842
25631,Neutral,0.5681242470013026,0.05838461073345896,0.3734911422652385
25632,LOF,0.027056088684744562,0.06285931221653335,0.9100845990987221
25633,LOF,0.17568785019651892,0.03803092254813683,0.7862812272553442
25634,LOF,0.03327707640874352,0.08009896937199977,0.8866239542192568
25635,LOF,0.03602091995562913,0.04310263113848406,0.9208764489058868
25636,LOF,0.03498108134172152,0.42443674954606175,0.5405821691122167
25637,GOF,0.08442679218472063,0.4602304972166231,0.4553427105986563
25638,LOF,0.03137600028333737,0.3303527546471537,0.6382712450695088
25639,LOF,0.03302929089571116,0.3674817561530664,0.5994889529512224
25640,Neutral,0.8045432910267017,0.1537226901862409,0.041734018787057195
25641,GOF,0.06568994482589813,0.4724462086824685,0.46186384649163326
25642,LOF,0.05171968176404167,0.17510916334811225,0.773171154887846
25643,LOF,0.21433489531317756,0.13827514163226393,0.6473899630545584
25644,LOF,0.019830012715318222,0.4446210239442255,0.5355489633404562
25645,LOF,0.025660577378199392,0.37141174645275055,0.6029276761690501
25646,LOF,0.05602487749670097,0.31882576410972896,0.62514935839357
25647,LOF,0.025987903095421212,0.24797732894916402,0.7260347679554148
25648,LOF,0.03608544471116294,0.24113465321870436,0.7227799020701327
25649,LOF,0.01721722042921682,0.23431028357771197,0.7484724959930712
25650,LOF,0.04638533932628694,0.38177502905651844,0.5718396316171946
25651,LOF,0.017365486807083868,0.2632840766459842,0.7193504365469319
25652,LOF,0.03378264585047134,0.2548445481874403,0.7113728059620884
25653,LOF,0.09884048694464889,0.38374326199643927,0.5174162510589118
25654,LOF,0.026858981746993835,0.21555735253887667,0.7575836657141296
25655,LOF,0.24003746328773803,0.3558606037796603,0.40410193293260166
25656,LOF,0.3409576604609423,0.051611024991205366,0.6074313145478524
25657,LOF,0.0710002845386946,0.059371621852286734,0.8696280936090187
25658,LOF,0.3459359946230497,0.05502932856403654,0.5990346768129138
25659,Neutral,0.5216003224643413,0.07592884302311187,0.40247083451254684
25660,LOF,0.022457832644265284,0.07891413768269548,0.8986280296730393
25661,LOF,0.09660368489567614,0.05922431534661059,0.8441719997577133
25662,LOF,0.0355937025942036,0.033346448315838155,0.9310598490899582
25663,LOF,0.04784217106523572,0.04640848439821787,0.9057493445365463
25664,LOF,0.13996767196095303,0.06054838706568932,0.7994839409733576
25665,LOF,0.05819918421079759,0.03019130031441211,0.9116095154747903
25666,LOF,0.09732597564204257,0.06918789074626247,0.833486133611695
25667,LOF,0.07489275783357228,0.03854130179763523,0.8865659403687924
25668,LOF,0.039624704144533535,0.04655355176319616,0.9138217440922703
25669,LOF,0.033419197859621476,0.04977064604361345,0.9168101560967651
25670,LOF,0.15405395220381077,0.052556447452307795,0.7933896003438814
25671,LOF,0.1257928881940333,0.03375817293852469,0.8404489388674419
25672,LOF,0.0553228243034109,0.04008858504866304,0.904588590647926
25673,LOF,0.08186592497497609,0.04709563256951194,0.871038442455512
25674,LOF,0.07226421721973236,0.05543167150979913,0.8723041112704686
25675,LOF,0.12546578385726412,0.0539595235404867,0.8205746926022491
25676,LOF,0.01958934971314942,0.05171066077006292,0.9286999895167876
25677,LOF,0.02705184143263474,0.07114482377728454,0.9018033347900808
25678,LOF,0.2132653631932278,0.06251816338059672,0.7242164734261755
25679,LOF,0.12474844578541139,0.07694594253751674,0.7983056116770719
25680,LOF,0.03433513583821379,0.11449023587242338,0.8511746282893629
25681,LOF,0.054838748107724454,0.11217195703935057,0.8329892948529249
25682,LOF,0.15043749745174181,0.07599993718801563,0.7735625653602427
25683,LOF,0.1260037918652113,0.08940701063523186,0.7845891974995568
25684,LOF,0.044541223807216646,0.07584656145846529,0.8796122147343182
25685,LOF,0.13740032085605908,0.05021108251789226,0.8123885966260486
25686,LOF,0.07804289187086424,0.08440143804176786,0.8375556700873679
25687,LOF,0.12757896738697994,0.08874416851233084,0.7836768641006892
25688,LOF,0.32223746269213976,0.03273761640770622,0.645024920900154
25689,LOF,0.26070653988822934,0.03420501768724101,0.7050884424245296
25690,LOF,0.3272663642763618,0.025077153439946237,0.6476564822836919
25691,Neutral,0.6965909118786997,0.022116373950051095,0.28129271417124924
25692,LOF,0.3449043333183523,0.010844600781460394,0.6442510659001873
25693,LOF,0.05046215073505236,0.4265141127453046,0.5230237365196431
25694,LOF,0.11607791358519241,0.015223350248028854,0.8686987361667787
25695,LOF,0.11440665767510565,0.014700754316831445,0.8708925880080628
25696,LOF,0.11401399026561353,0.008259764724960192,0.8777262450094263
25697,LOF,0.09196829552456606,0.03162263524356084,0.8764090692318732
25698,LOF,0.3647579212535181,0.17488962050616694,0.46035245824031507
25699,LOF,0.4729203350300853,0.037802590114261965,0.48927707485565264
25700,LOF,0.07516814686991435,0.008809046947699453,0.9160228061823862
25701,LOF,0.166337701142395,0.04806882532950018,0.7855934735281048
25702,GOF,0.18400382636652857,0.5630785963444808,0.2529175772889908
25703,LOF,0.015210699701158549,0.14763675652877803,0.8371525437700634
25704,LOF,0.04319353753963195,0.10669611675709861,0.8501103457032695
25705,LOF,0.05523815450153165,0.156134608411761,0.7886272370867075
25706,LOF,0.09972360110265424,0.429446543228921,0.4708298556684247
25707,LOF,0.08927802543616431,0.35899429174274744,0.5517276828210883
25708,LOF,0.029741836237768483,0.2987840046910374,0.6714741590711941
25709,LOF,0.07000540559218937,0.041420232545714926,0.8885743618620956
25710,LOF,0.011648714474128909,0.15215238109574844,0.8361989044301226
25711,LOF,0.019848544422840522,0.09188157658233287,0.8882698789948267
25712,LOF,0.013698978469024355,0.18489015562592856,0.8014108659050471
25713,LOF,0.019558912440512416,0.08435967639576974,0.8960814111637178
25714,LOF,0.0804545502214335,0.0815765548869256,0.837968894891641
25715,LOF,0.012275917391776376,0.13806920235005657,0.8496548802581672
25716,LOF,0.012912761663457078,0.1035933238044685,0.8834939145320745
25717,LOF,0.012655897169089596,0.07969672216365759,0.9076473806672528
25718,LOF,0.012912524534226566,0.09792244724599981,0.8891650282197736
25719,LOF,0.019113102235019587,0.07868681168383866,0.9022000860811417
25720,LOF,0.02395835868467832,0.06561765418863044,0.9104239871266911
25721,LOF,0.015859239194036964,0.11396199676137822,0.8701787640445848
25722,LOF,0.015028353703272653,0.1199338514803029,0.8650377948164245
25723,LOF,0.02454697109511272,0.04224880038322996,0.9332042285216572
25724,LOF,0.03106262054546254,0.08790171260245834,0.881035666852079
25725,LOF,0.011760218949110538,0.06893995646700586,0.9192998245838835
25726,LOF,0.016830419332763052,0.11064953392724255,0.8725200467399944
25727,LOF,0.013634631545110926,0.07840450756339133,0.9079608608914977
25728,LOF,0.01013053071119671,0.1122089960627254,0.8776604732260779
25729,LOF,0.010519836975844228,0.10698221276327546,0.8824979502608803
25730,LOF,0.014853590402002126,0.08207692905922287,0.903069480538775
25731,LOF,0.019668905212900115,0.10280556942134061,0.8775255253657593
25732,LOF,0.015146184762087657,0.07718197513543973,0.9076718401024727
25733,LOF,0.016473602427273356,0.06727927336115573,0.9162471242115708
25734,LOF,0.01172593188907026,0.11847531305673731,0.8697987550541924
25735,LOF,0.013816163437235426,0.08636578744100838,0.8998180491217562
25736,LOF,0.015435761535529465,0.09783727857440482,0.8867269598900658
25737,LOF,0.012746613905236277,0.08061715872945256,0.9066362273653111
25738,LOF,0.012537909414539273,0.1071188976829592,0.8803431929025015
25739,LOF,0.02198414989827397,0.07877286652431659,0.8992429835774094
25740,LOF,0.027121832843785703,0.1140874054284584,0.8587907617277558
25741,LOF,0.014472372023123377,0.11692217167210342,0.8686054563047733
25742,LOF,0.12795937657580214,0.08518641291479945,0.7868542105093984
25743,LOF,0.03344842196663648,0.03617963596994024,0.9303719420634232
25744,Neutral,0.5681697873293203,0.19736557289662088,0.2344646397740589
25745,LOF,0.06409216027428989,0.0735271901296161,0.8623806495960941
25746,LOF,0.03789011688119518,0.08770126302511941,0.8744086200936855
25747,LOF,0.024259249378857758,0.04964316117390255,0.9260975894472396
25748,LOF,0.10231421872654764,0.06995445430931962,0.8277313269641327
25749,LOF,0.022500793246569468,0.08287438700226006,0.8946248197511705
25750,LOF,0.07435820848135002,0.09526996632797417,0.8303718251906759
25751,LOF,0.09356885292830255,0.07832526514981378,0.8281058819218836
25752,GOF,0.12373725020190414,0.6375798055878692,0.23868294421022662
25753,LOF,0.01833068403856192,0.2832269536720242,0.6984423622894138
25754,GOF,0.011520494452730796,0.7885121288860325,0.19996737666123662
25755,LOF,0.022504808697527686,0.4103574717247819,0.5671377195776904
25756,LOF,0.040051112394874216,0.38348051404180855,0.5764683735633171
25757,GOF,0.014009405813978809,0.8448801520163536,0.14111044216966775
25758,GOF,0.03189055842349815,0.7948367998018907,0.17327264177461107
25759,GOF,0.011236035102481763,0.5576628337090682,0.43110113118845006
25760,LOF,0.011868854122603575,0.26343466627184176,0.7246964796055547
25761,GOF,0.31784319340291894,0.5998995631293207,0.08225724346776025
25762,LOF,0.03559998021762191,0.2739927093183444,0.6904073104640337
25763,LOF,0.01333567068270292,0.20763224543575445,0.7790320838815427
25764,GOF,0.07777259231018194,0.6098614531056711,0.3123659545841468
25765,GOF,0.03915824777058912,0.7260614545920752,0.23478029763733585
25766,GOF,0.07499985271631988,0.7433050166419561,0.18169513064172396
25767,GOF,0.13271983144364266,0.5958390815102483,0.27144108704610903
25768,LOF,0.11564036420192246,0.06620152007480659,0.8181581157232709
25769,LOF,0.058867543573843086,0.05926085939119283,0.881871597034964
25770,LOF,0.3009621801115722,0.08426963087320453,0.6147681890152232
25771,LOF,0.04312202344104045,0.04427996682749337,0.9125980097314662
25772,LOF,0.01888379786119332,0.03607201470988679,0.9450441874289199
25773,LOF,0.04448908886485856,0.09926655528644612,0.8562443558486953
25774,LOF,0.027149954086420548,0.07073105649604292,0.9021189894175364
25775,LOF,0.046946894014269734,0.04694061844112517,0.906112487544605
25776,LOF,0.07962332172853935,0.022791059813903714,0.8975856184575569
25777,LOF,0.3680783264994353,0.05275898432994867,0.5791626891706161
25778,LOF,0.07306189600578276,0.043556325709641804,0.8833817782845755
25779,GOF,0.36370075073052793,0.586927571426148,0.049371677843323955
25780,GOF,0.302498337567732,0.6204629185855544,0.0770387438467136
25781,GOF,0.13524370415599501,0.7465152121806128,0.11824108366339224
25782,GOF,0.19484709291259558,0.7182138636159019,0.08693904347150251
25783,GOF,0.02205486145762806,0.6205362284020077,0.3574089101403642
25784,Neutral,0.500509777670289,0.4564400743878934,0.043050147941817614
25785,GOF,0.4754279330062186,0.4829303212826265,0.04164174571115501
25786,GOF,0.02477276075450939,0.7061602226711421,0.2690670165743485
25787,Neutral,0.6306749143860904,0.3418862597961751,0.027438825817734474
25788,LOF,0.05252362164954044,0.11096534848056896,0.8365110298698907
25789,GOF,0.20579825107856398,0.6422182407344958,0.15198350818694004
25790,GOF,0.2069286055496722,0.6733858028260685,0.11968559162425924
25791,GOF,0.1717834797769971,0.6435460448090824,0.18467047541392054
25792,GOF,0.3619631343010253,0.5051956166714261,0.13284124902754862
25793,GOF,0.2374795301223148,0.5346576278869369,0.2278628419907483
25794,GOF,0.2853831015362588,0.5196329227015375,0.19498397576220367
25795,GOF,0.07589498383822642,0.6601171090442007,0.26398790711757286
25796,Neutral,0.5511490776178259,0.35716714642626046,0.09168377595591354
25797,GOF,0.08264515257459695,0.5248563864308147,0.3924984609945883
25798,LOF,0.008810580814607486,0.4843695110220195,0.506819908163373
25799,LOF,0.00729108752311619,0.3600173207698573,0.6326915917070264
25800,GOF,0.02959991690392615,0.5363747070703221,0.43402537602575175
25801,GOF,0.20879529491625518,0.6243690411686817,0.1668356639150631
25802,GOF,0.07616725001490937,0.6277963403817225,0.29603640960336813
25803,GOF,0.03196716318800243,0.5293184001808504,0.4387144366311471
25804,LOF,0.027580342822257343,0.4400787844482292,0.5323408727295135
25805,GOF,0.0862380052275668,0.5514186985254108,0.3623432962470224
25806,GOF,0.09068523820681601,0.5658094569634686,0.3435053048297153
25807,GOF,0.017810687319452026,0.5643036456119348,0.4178856670686132
25808,GOF,0.07433773881465705,0.5984186309931196,0.3272436301922234
25809,GOF,0.017951707764493594,0.566484901605114,0.41556339063039244
25810,GOF,0.016744369377326884,0.5930524198456414,0.39020321077703174
25811,Neutral,0.4576928589415194,0.4516143311360242,0.09069280992245635
25812,GOF,0.030890402179024366,0.5971633107490879,0.37194628707188776
25813,Neutral,0.5056229043727458,0.3896107968538935,0.1047662987733606
25814,GOF,0.11298954612284054,0.6150026066586844,0.27200784721847493
25815,GOF,0.19008431218898325,0.6056557625749239,0.20425992523609282
25816,GOF,0.0213705293951675,0.6461774982519093,0.33245197235292306
25817,GOF,0.22503660059081848,0.6341006513812268,0.14086274802795462
25818,GOF,0.049347533960101976,0.5903930010739248,0.36025946496597316
25819,GOF,0.3349022865482566,0.49742532864133904,0.16767238481040428
25820,GOF,0.16725342698296575,0.5936814123504224,0.23906516066661196
25821,GOF,0.05181064799309631,0.6272086823352696,0.3209806696716341
25822,GOF,0.20309108651657978,0.5453472253095025,0.2515616881739176
25823,LOF,0.031396341511001256,0.47969335585644457,0.48891030263255414
25824,GOF,0.08305190787352974,0.5473286985940491,0.3696193935324211
25825,GOF,0.03473554441290493,0.5386481146675914,0.42661634091950357
25826,GOF,0.013649177119238158,0.5191723436060186,0.46717847927474326
25827,GOF,0.022154878063189026,0.5661777606887106,0.4116673612481003
25828,LOF,0.011900283832525222,0.48670267290850733,0.5013970432589675
25829,GOF,0.006305110812276412,0.5522099449115678,0.4414849442761558
25830,LOF,0.031012376978776613,0.291821910356892,0.6771657126643315
25831,GOF,0.22096249202834176,0.647146358320324,0.13189114965133428
25832,GOF,0.03236527512259424,0.652425918888919,0.31520880598848683
25833,GOF,0.11628940226069763,0.6928963755510128,0.1908142221882896
25834,GOF,0.033806488043999376,0.6622569639934034,0.3039365479625972
25835,GOF,0.0711921632961874,0.7182870799133928,0.2105207567904198
25836,GOF,0.036205782733435436,0.6378468238748553,0.32594739339170936
25837,GOF,0.02555091066259041,0.552882203059899,0.4215668862775107
25838,GOF,0.08274486692066074,0.7578485962917968,0.15940653678754257
25839,GOF,0.29625394543266464,0.5571880921812514,0.1465579623860839
25840,GOF,0.2328092700619742,0.603988644294083,0.16320208564394273
25841,GOF,0.23292686695080286,0.6193948437803487,0.14767828926884838
25842,GOF,0.1575197544556249,0.6964725534381886,0.14600769210618658
25843,GOF,0.22425605552767738,0.6743228913686935,0.10142105310362919
25844,GOF,0.06292543431245999,0.6841417054151553,0.2529328602723847
25845,LOF,0.016187758683370936,0.4551955306191412,0.5286167106974878
25846,GOF,0.1203544998239542,0.712430025946704,0.16721547422934183
25847,GOF,0.10428023429530944,0.7644362664957283,0.13128349920896226
25848,GOF,0.03922843348797177,0.6612351661490504,0.29953640036297785
25849,GOF,0.011610805393182629,0.5392347727612159,0.4491544218456015
25850,GOF,0.02188078470078684,0.6119510435926215,0.3661681717065916
25851,GOF,0.017330124039080262,0.49918914440315587,0.4834807315577638
25852,GOF,0.1704559730001634,0.5372465310841509,0.2922974959156857
25853,GOF,0.352186711380911,0.5716923240541638,0.07612096456492518
25854,GOF,0.02074653603836034,0.5822796182094648,0.3969738457521748
25855,GOF,0.03663331654897735,0.5479110591401667,0.4154556243108559
25856,GOF,0.22909198702886507,0.5528168048884529,0.21809120808268215
25857,LOF,0.03478950062395975,0.4753580750874075,0.48985242428863257
25858,GOF,0.0181997927149297,0.5000263079411625,0.48177389934390774
25859,LOF,0.009925102652676052,0.4734392785837958,0.5166356187635281
25860,GOF,0.3431100187786905,0.5682320367627356,0.0886579444585739
25861,GOF,0.42235766422260246,0.4882284823278172,0.08941385344958049
25862,GOF,0.08010765825667798,0.7653532611741618,0.15453908056916024
25863,GOF,0.08021017726189034,0.7590444679087451,0.16074535482936456
25864,GOF,0.18655600964513425,0.7209923636572498,0.09245162669761578
25865,GOF,0.08636727545043894,0.7773963271650659,0.13623639738449508
25866,GOF,0.061286880738460114,0.7673878113049083,0.17132530795663165
25867,GOF,0.08350325715479133,0.8010436966053484,0.11545304623986025
25868,GOF,0.2609123485215008,0.6332578101047255,0.10582984137377366
25869,Neutral,0.6831023992074212,0.27754111660323677,0.03935648418934195
25870,LOF,0.27439319672729506,0.3421996292489111,0.3834071740237939
25871,GOF,0.21587008805299146,0.5974145133067691,0.18671539864023948
25872,GOF,0.07150897168321477,0.6338248596289342,0.294666168687851
25873,GOF,0.11275645733755917,0.6664198056487148,0.22082373701372598
25874,LOF,0.01732660244654302,0.11940826732236237,0.8632651302310945
25875,LOF,0.09363965512049073,0.041748005895818625,0.8646123389836906
25876,LOF,0.03280062054349341,0.029969452793197217,0.9372299266633093
25877,LOF,0.45863911332273527,0.04582753580653234,0.49553335087073247
25878,LOF,0.20944350221511848,0.08951902251909742,0.7010374752657841
25879,LOF,0.09078733379408543,0.09147676138671103,0.8177359048192037
25880,LOF,0.022148695766225874,0.01393777618693198,0.963913528046842
25881,LOF,0.1855851823743917,0.11205803189826477,0.7023567857273435
25882,LOF,0.06363161665527786,0.017006814764644766,0.9193615685800774
25883,LOF,0.07883532099595164,0.020585877116640686,0.9005788018874077
25884,LOF,0.0330428016332772,0.03138963207319033,0.9355675662935324
25885,LOF,0.06074296929473806,0.012349222750610142,0.9269078079546519
25886,LOF,0.25519461730601123,0.036825040065151894,0.7079803426288369
25887,LOF,0.17295854779621214,0.06154252340601233,0.7654989287977756
25888,LOF,0.07946623716736413,0.05307838973514783,0.867455373097488
25889,LOF,0.04164178090622342,0.022319710897761837,0.9360385081960148
25890,LOF,0.05112310099789863,0.14352258214858382,0.8053543168535175
25891,LOF,0.03863145263875107,0.06011424519837557,0.9012543021628733
25892,LOF,0.09051779307219467,0.021845578661695838,0.8876366282661095
25893,LOF,0.2530699384033537,0.02087854623484287,0.7260515153618036
25894,LOF,0.18161658844094727,0.011738297807480423,0.8066451137515722
25895,LOF,0.21702889808219625,0.02003495431317037,0.7629361476046335
25896,LOF,0.0486535773714971,0.02268680681051463,0.9286596158179884
25897,LOF,0.266135726211622,0.0121248386745747,0.7217394351138033
25898,Neutral,0.7114972922473771,0.009549326545411671,0.2789533812072113
25899,LOF,0.21323474593969777,0.02194717336908488,0.7648180806912174
25900,LOF,0.442476171195455,0.014440122494432592,0.5430837063101124
25901,LOF,0.049136243813913655,0.013294473957676644,0.9375692822284099
25902,LOF,0.158727247403933,0.013235776727973055,0.828036975868094
25903,Neutral,0.5647274516700168,0.028108174364029313,0.40716437396595384
25904,LOF,0.2671525163731022,0.0476732250449427,0.6851742585819551
25905,LOF,0.023280684749240436,0.33228359399451735,0.6444357212562423
25906,LOF,0.03242477903794993,0.08298031558683429,0.8845949053752158
25907,LOF,0.013261796229208393,0.3537019703434265,0.6330362334273651
25908,LOF,0.009455383690378995,0.27648231518298694,0.714062301126634
25909,LOF,0.01411571136800749,0.14424635079157383,0.8416379378404186
25910,LOF,0.04450388565962078,0.14984340288171927,0.8056527114586599
25911,LOF,0.17505583905275343,0.021997031713910032,0.8029471292333366
25912,LOF,0.04952847772392956,0.04622226682458204,0.9042492554514885
25913,LOF,0.3115491638353946,0.019240608984639283,0.6692102271799661
25914,LOF,0.019991130791611175,0.07267054103162239,0.9073383281767664
25915,Neutral,0.5725300789574772,0.1869248281342829,0.2405450929082399
25916,LOF,0.09181095681818724,0.23783767619726526,0.6703513669845476
25917,LOF,0.07098142416105539,0.052326145830980844,0.8766924300079637
25918,LOF,0.02685488190647411,0.04732049724088182,0.9258246208526442
25919,LOF,0.02324789383290359,0.05404588534016555,0.9227062208269309
25920,GOF,0.10122513384937645,0.48573483566595044,0.4130400304846731
25921,LOF,0.02276369666498189,0.030872247645760444,0.9463640556892577
25922,LOF,0.033805245658582436,0.021869272789230704,0.9443254815521869
25923,LOF,0.4048242985000674,0.026523613071949063,0.5686520884279834
25924,LOF,0.036391302243844875,0.0359554302877493,0.9276532674684057
25925,LOF,0.06517240248043148,0.03203132853502301,0.9027962689845455
25926,LOF,0.04549292914566609,0.026219801567240086,0.9282872692870938
25927,LOF,0.0580150200004602,0.11349423802003482,0.8284907419795049
25928,LOF,0.018650934650469218,0.038667744813998636,0.9426813205355321
25929,Neutral,0.5197461665040664,0.029021509080468376,0.45123232441546524
25930,LOF,0.04991129457957634,0.023558061108033556,0.9265306443123902
25931,LOF,0.025346237620211015,0.023602380692050586,0.9510513816877384
25932,LOF,0.027397170058872922,0.019608304637120728,0.9529945253040063
25933,LOF,0.03818535203905835,0.013683159353859836,0.948131488607082
25934,LOF,0.025278489644178927,0.017283787704301848,0.9574377226515193
25935,LOF,0.05767632224691219,0.03733296373691138,0.9049907140161764
25936,LOF,0.047787816198242634,0.018883334847439814,0.9333288489543176
25937,LOF,0.024904208722221616,0.028607140487937437,0.946488650789841
25938,LOF,0.05937015560291686,0.04216832076177819,0.898461523635305
25939,LOF,0.04248487759140893,0.016215837006449785,0.9412992854021411
25940,LOF,0.02419563970331228,0.4003674731151478,0.57543688718154
25941,LOF,0.17676627612607781,0.10381888392620725,0.7194148399477149
25942,LOF,0.014971871683613353,0.036630151264607176,0.9483979770517794
25943,LOF,0.29878720817168386,0.05952098932040024,0.6416918025079159
25944,LOF,0.46935459293813003,0.02493479515059868,0.5057106119112713
25945,LOF,0.06264132538289119,0.021886292804096538,0.9154723818130124
25946,LOF,0.025919859442544924,0.10879461449002799,0.865285526067427
25947,LOF,0.1062481812005049,0.22935303657187758,0.6643987822276175
25948,LOF,0.3978290261073627,0.007543338979336576,0.5946276349133007
25949,LOF,0.12350651173249827,0.026421494857306795,0.850071993410195
25950,GOF,0.27079403424584036,0.3962115668557198,0.33299439889843996
25951,LOF,0.1930128474080692,0.24887382403653763,0.5581133285553932
25952,LOF,0.03891937100658142,0.44840525197838166,0.512675377015037
25953,LOF,0.1430180629795944,0.1058005061970671,0.7511814308233385
25954,Neutral,0.4553400607486037,0.16554507698974363,0.37911486226165264
25955,LOF,0.06330800033340629,0.08482798403724995,0.8518640156293438
25956,LOF,0.1670660512512146,0.11972169895728144,0.713212249791504
25957,LOF,0.037390586597330744,0.028522534313424594,0.9340868790892446
25958,LOF,0.057590054827369924,0.026625349371808597,0.9157845958008215
25959,LOF,0.07539591300168431,0.38544638148952054,0.5391577055087952
25960,LOF,0.016450019219232816,0.05036997751997097,0.9331800032607962
25961,LOF,0.04727358953064835,0.02840537713819564,0.924321033331156
25962,LOF,0.06625905966469264,0.02700982531681576,0.9067311150184916
25963,LOF,0.045473653667163993,0.18764775455871674,0.7668785917741192
25964,LOF,0.04044201780651096,0.1631361183681752,0.7964218638253138
25965,Neutral,0.49934394335614796,0.07478771704829815,0.4258683395955541
25966,Neutral,0.5199033685882979,0.16963202493829801,0.310464606473404
25967,LOF,0.016293201951617868,0.09635256230510446,0.8873542357432778
25968,LOF,0.02831211530298636,0.462238278594227,0.5094496061027866
25969,LOF,0.02679856864203178,0.06993799228854003,0.9032634390694282
25970,LOF,0.055612208921710246,0.06653367714395261,0.8778541139343371
25971,LOF,0.07809019415180529,0.01855517041643367,0.9033546354317611
25972,LOF,0.07783937158890089,0.025337795352929432,0.8968228330581697
25973,LOF,0.0750179961693612,0.010422183507364268,0.9145598203232744
25974,LOF,0.1925501017345707,0.018053562160562343,0.7893963361048669
25975,LOF,0.04481037324143609,0.028501436092560953,0.9266881906660028
25976,LOF,0.04221713568422915,0.017796941357212034,0.9399859229585589
25977,LOF,0.15247168372801964,0.09117405076771597,0.7563542655042644
25978,LOF,0.13164351699416163,0.06051134223865636,0.807845140767182
25979,LOF,0.12436404544218699,0.0613937899882484,0.8142421645695647
25980,LOF,0.20776461166562848,0.08140591812494896,0.7108294702094226
25981,LOF,0.24225142953049003,0.07885590925903511,0.6788926612104749
25982,LOF,0.39536349263864173,0.05154479606690373,0.5530917112944544
25983,LOF,0.39685478617337033,0.057756653532405874,0.5453885602942238
25984,LOF,0.05293790286973867,0.04079303169320527,0.9062690654370561
25985,LOF,0.03706958074938669,0.2461940395453646,0.7167363797052486
25986,LOF,0.04535622005210455,0.2803588588518854,0.6742849210960101
25987,LOF,0.07716782594214276,0.057541724950041506,0.8652904491078157
25988,LOF,0.15559726669605528,0.044768789359534426,0.7996339439444102
25989,LOF,0.03002924949666182,0.08757046727144555,0.8824002832318927
25990,LOF,0.04184894707717739,0.11376784905532625,0.8443832038674963
25991,LOF,0.13686268046576247,0.31513977997109555,0.547997539563142
25992,LOF,0.3057192094679824,0.19766083081390387,0.49661995971811373
25993,LOF,0.02473473304521861,0.07759967704123642,0.897665589913545
25994,LOF,0.017989498157893965,0.11066774639638834,0.8713427554457176
25995,LOF,0.02688907044735972,0.23425436107474176,0.7388565684778986
25996,GOF,0.3049944709340236,0.4425690645234221,0.25243646454255414
25997,LOF,0.08642837814665208,0.42234968499979103,0.491221936853557
25998,Neutral,0.5230557809077655,0.028162480081164724,0.44878173901106977
25999,LOF,0.1004994701045381,0.0898917073660325,0.8096088225294295
26000,LOF,0.15547959940501313,0.043509657044891015,0.8010107435500958
26001,LOF,0.1976593960006821,0.0496949687138259,0.752645635285492
26002,LOF,0.14671204805492644,0.04733884560805353,0.80594910633702
26003,GOF,0.01021183251527744,0.5905429158112829,0.3992452516734395
26004,GOF,0.018721119238845244,0.6663614050949073,0.31491747566624756
26005,LOF,0.007402632221236012,0.45655174553643096,0.536045622242333
26006,Neutral,0.5269475712062894,0.2567731742640057,0.2162792545297049
26007,GOF,0.021229263746277337,0.5398197307621225,0.4389510054916001
26008,GOF,0.016959083048330312,0.6302664877165246,0.3527744292351451
26009,GOF,0.022086607213070108,0.6740992777866586,0.3038141150002713
26010,GOF,0.025050941991821316,0.6651731299694913,0.30977592803868736
26011,LOF,0.006812858647019432,0.4485567483602045,0.544630392992776
26012,GOF,0.013262439584677776,0.5737439730555015,0.4129935873598206
26013,GOF,0.019550148725996593,0.629322992427467,0.35112685884653627
26014,LOF,0.046460291338218045,0.10194949024860428,0.8515902184131777
26015,LOF,0.178300532246292,0.012059128908670648,0.8096403388450373
26016,LOF,0.2252851602968263,0.05447915764803774,0.7202356820551359
26017,LOF,0.25154335448544246,0.09256986369893967,0.6558867818156179
26018,LOF,0.09158371512254347,0.03167934289477255,0.8767369419826839
26019,LOF,0.08715906165889342,0.024271833573463207,0.8885691047676433
26020,LOF,0.08140035211494344,0.10686137677647782,0.8117382711085787
26021,LOF,0.052354017103705595,0.11536396431206432,0.83228201858423
26022,LOF,0.011786333305903965,0.040221052103831846,0.9479926145902642
26023,LOF,0.10241326842037625,0.02169447274028747,0.8758922588393363
26024,LOF,0.03730052065792074,0.11928615202652591,0.8434133273155534
26025,LOF,0.16413312467693134,0.07962043896733006,0.7562464363557386
26026,LOF,0.3324170904308674,0.025540666287335624,0.6420422432817969
26027,LOF,0.08053202495511866,0.016564883001538144,0.9029030920433432
26028,LOF,0.17203634466970474,0.06646813312555895,0.7614955222047363
26029,LOF,0.07174142158624049,0.2141445582939613,0.7141140201197982
26030,LOF,0.024464011643183074,0.05892153795092404,0.916614450405893
26031,LOF,0.02579447414825595,0.15114387597486512,0.8230616498768788
26032,LOF,0.061844452232427266,0.07377401583761475,0.8643815319299579
26033,LOF,0.10072617833160853,0.0961799212814046,0.8030939003869868
26034,LOF,0.04148195148270168,0.17971865389025987,0.7787993946270384
26035,LOF,0.02536632359124507,0.17438111339604845,0.8002525630127064
26036,LOF,0.04071763599880702,0.19808971217440483,0.7611926518267882
26037,LOF,0.021559932234599035,0.14591850181059351,0.8325215659548075
26038,LOF,0.05852466872831222,0.07765966159887132,0.8638156696728165
26039,LOF,0.04782211186302949,0.17308222529214778,0.7790956628448227
26040,LOF,0.1727720728301976,0.15822684448405058,0.6690010826857518
26041,LOF,0.022291498376551446,0.13938844007681098,0.8383200615466376
26042,LOF,0.020696610998026516,0.12547247923491828,0.8538309097670552
26043,LOF,0.05809263517702062,0.09132572313357026,0.8505816416894091
26044,LOF,0.020478233287000477,0.07912218575873077,0.9003995809542688
26045,LOF,0.06979237373239025,0.11328542256851862,0.8169222036990912
26046,LOF,0.05929014260351606,0.08984219231469473,0.8508676650817891
26047,LOF,0.07965212167463173,0.0957733875751589,0.8245744907502095
26048,LOF,0.05249238602840876,0.045974705179866765,0.9015329087917245
26049,Neutral,0.9622600204688958,0.0075086460973851,0.030231333433719032
26050,Neutral,0.94709762772577,0.010166924409620273,0.04273544786460978
26051,LOF,0.054503613729643664,0.2719668377318729,0.6735295485384833
26052,LOF,0.06838093366814017,0.31899633251717424,0.6126227338146856
26053,LOF,0.05426937113181187,0.12231741057462074,0.8234132182935674
26054,LOF,0.054781180355607716,0.017352933365270985,0.9278658862791213
26055,LOF,0.07536595704506625,0.013712350155668197,0.9109216927992655
26056,LOF,0.06104838545331666,0.015358304240632344,0.923593310306051
26057,LOF,0.026913276566021365,0.01169867059940498,0.9613880528345736
26058,LOF,0.0276779419707483,0.009247883345375631,0.9630741746838761
26059,LOF,0.2888177765852873,0.021149668698476825,0.6900325547162359
26060,LOF,0.034950479805882194,0.17024543220515942,0.7948040879889584
26061,LOF,0.017088690922449218,0.010098788252563141,0.9728125208249876
26062,LOF,0.010303791627733882,0.01649157051114884,0.9732046378611173
26063,LOF,0.021935696082013928,0.011369249118851898,0.9666950547991341
26064,LOF,0.020420510790805424,0.020894799020529903,0.9586846901886646
26065,LOF,0.0222956868882486,0.010267395085060133,0.9674369180266913
26066,LOF,0.020119084453433165,0.010969254296412498,0.9689116612501544
26067,LOF,0.02755092264939819,0.00862107623643098,0.9638280011141708
26068,LOF,0.04666088019648559,0.02703699795137011,0.9263021218521444
26069,LOF,0.24305202637909115,0.0166265530752653,0.7403214205456435
26070,LOF,0.3532909205575327,0.014493038445838954,0.6322160409966283
26071,LOF,0.022063579279503066,0.011942983898577127,0.9659934368219197
26072,LOF,0.02049635212192132,0.014742795628683232,0.9647608522493953
26073,LOF,0.022587020527996667,0.010195414067852192,0.967217565404151
26074,Neutral,0.9065858117826631,0.0054001309174857666,0.08801405729985132
26075,LOF,0.04465767270307405,0.013708203828252528,0.9416341234686734
26076,LOF,0.04528740153832911,0.00879329068053629,0.9459193077811346
26077,LOF,0.010534581854996715,0.01655603710261695,0.9729093810423863
26078,LOF,0.013325177531011695,0.011243534830996662,0.9754312876379916
26079,LOF,0.06198230957134277,0.01552004187167851,0.9224976485569787
26080,LOF,0.06118177263045455,0.015534573355559238,0.9232836540139863
26081,LOF,0.03385518009974288,0.006156840331907282,0.9599879795683498
26082,LOF,0.013610411513434341,0.01626853185681057,0.9701210566297551
26083,LOF,0.12671463608924113,0.012419021372145895,0.860866342538613
26084,LOF,0.027176667659024805,0.011528003342358387,0.9612953289986168
26085,LOF,0.02290322834357351,0.010983680788129658,0.9661130908682968
26086,LOF,0.02264321662489554,0.011518635661366128,0.9658381477137384
26087,LOF,0.028279209568513063,0.007765225721759765,0.9639555647097272
26088,LOF,0.014954240500127308,0.02481770015092709,0.9602280593489455
26089,LOF,0.04292622839901464,0.02098523011197336,0.936088541489012
26090,LOF,0.04200492530310176,0.016063737027522798,0.9419313376693754
26091,LOF,0.036976003024833594,0.005999335794734453,0.9570246611804321
26092,LOF,0.024116304054024974,0.008237712541274977,0.9676459834047002
26093,LOF,0.039495651895942493,0.005727536189977276,0.9547768119140803
26094,LOF,0.03888226495202642,0.006007503439722029,0.9551102316082515
26095,LOF,0.04008212608280138,0.0122196887514364,0.9476981851657622
26096,LOF,0.01722268569676091,0.01234994855600444,0.9704273657472346
26097,LOF,0.011314239392878503,0.033732337397111664,0.9549534232100098
26098,LOF,0.07170698990466375,0.009692435332988518,0.9186005747623477
26099,LOF,0.022542728013053997,0.011867279677079305,0.9655899923098666
26100,LOF,0.025844598281284596,0.011437999605110568,0.9627174021136049
26101,LOF,0.05773753933614206,0.014612344500318742,0.9276501161635392
26102,LOF,0.024232086450892736,0.012609329584442313,0.9631585839646649
26103,Neutral,0.8827868510665846,0.01777569448191656,0.09943745445149889
26104,LOF,0.08364818817315889,0.023213149182095903,0.8931386626447452
26105,LOF,0.2039075721650265,0.30808652870386005,0.4880058991311136
26106,LOF,0.20411807333846732,0.11648077077810212,0.6794011558834306
26107,LOF,0.2264123282704399,0.08214442072341341,0.6914432510061467
26108,LOF,0.2708055773898758,0.1077869791713396,0.6214074434387846
26109,LOF,0.09693713938170113,0.06085030795593057,0.8422125526623684
26110,LOF,0.2596282155649862,0.008549049022277754,0.731822735412736
26111,Neutral,0.5188425508083657,0.021394656515431442,0.4597627926762029
26112,LOF,0.037317909153416644,0.0077295212931346715,0.9549525695534486
26113,LOF,0.06272906043361111,0.015173804047692337,0.9220971355186965
26114,LOF,0.02551754145892756,0.028197124067352763,0.9462853344737197
26115,LOF,0.0946902800905826,0.05453062361271455,0.8507790962967028
26116,LOF,0.059305559090995316,0.06146580362689661,0.8792286372821081
26117,LOF,0.43518743545198973,0.04036392374780616,0.5244486408002041
26118,LOF,0.03459710734560368,0.024518090334153534,0.9408848023202427
26119,LOF,0.021855884099708626,0.029549343178961324,0.94859477272133
26120,LOF,0.02892792171186579,0.020424922580431853,0.9506471557077024
26121,LOF,0.03874120199184837,0.08192319117161594,0.8793356068365357
