feature0,prediction,LoGoFunc_Neutral,LoGoFunc_GOF,LoGoFunc_LOF
25546,Neutral,0.6039330494582408,0.056214603864142815,0.33985234667761643
25547,Neutral,0.485495090216721,0.08700629300448293,0.42749861677879614
25548,Neutral,0.4893448821499628,0.07184446868498687,0.4388106491650503
25549,LOF,0.4147694885011567,0.07279683662371837,0.5124336748751249
25550,LOF,0.3344001032141126,0.1042558918769909,0.5613440049088965
25551,LOF,0.30133136721090736,0.11023155188889505,0.5884370809001975
25552,LOF,0.25892353760607173,0.10950870966178766,0.6315677527321405
25553,Neutral,0.7945768700840468,0.04227420952273828,0.163148920393215
25554,LOF,0.302078341968808,0.09965247925778721,0.5982691787734048
25555,LOF,0.2524822116440479,0.09693496704972944,0.6505828213062226
25556,LOF,0.4446790270843224,0.08062315085468598,0.47469782206099154
25557,LOF,0.24182834174922263,0.09942067128823856,0.6587509869625389
25558,LOF,0.3016536229897415,0.09711738542909198,0.6012289915811665
25559,LOF,0.2386100267936194,0.12387765691486974,0.6375123162915108
25560,LOF,0.17923605742179366,0.10216071381896637,0.7186032287592399
25561,LOF,0.1595957030370742,0.12329936722793572,0.71710492973499
25562,LOF,0.06687640108294253,0.07871492574975082,0.8544086731673066
25563,LOF,0.023308234484294928,0.14057133800917296,0.8361204275065321
25564,LOF,0.21845614354808482,0.11958647773073733,0.6619573787211779
25565,LOF,0.20264178163920551,0.1319225683186235,0.6654356500421709
25566,GOF,0.09784968556158409,0.7207543269218663,0.18139598751654964
25567,LOF,0.04230187322390947,0.1412699358939229,0.8164281908821677
25568,LOF,0.06741540297538082,0.07814056826084011,0.8544440287637791
25569,LOF,0.06334239147184226,0.08213106389523814,0.8545265446329195
25570,LOF,0.029191483501531217,0.10851088585192557,0.8622976306465433
25571,LOF,0.027847114423222043,0.11184354091835422,0.8603093446584237
25572,LOF,0.06399074494163744,0.13695850814439645,0.7990507469139662
25573,LOF,0.06488324717692627,0.09557933052166374,0.83953742230141
25574,LOF,0.06377376309014683,0.1875981746378687,0.7486280622719844
25575,LOF,0.024373105568478555,0.129244130797994,0.8463827636335275
25576,LOF,0.03184231049009776,0.16993279347801232,0.7982248960318898
25577,LOF,0.03261177934742895,0.1303491414204183,0.8370390792321527
25578,LOF,0.3229261443675863,0.08776104527321227,0.5893128103592015
25579,LOF,0.14264357637209835,0.09362712174016974,0.763729301887732
25580,LOF,0.02130906257840064,0.08807861645725024,0.8906123209643492
25581,LOF,0.05946910223823203,0.07598184361761383,0.8645490541441541
25582,LOF,0.059410623890108503,0.07358635407520281,0.8670030220346887
25583,LOF,0.02394014598097936,0.08421798690916084,0.8918418671098598
25584,Neutral,0.7039485544313971,0.11327676731378095,0.18277467825482185
25585,LOF,0.028592233462062015,0.16503044903756478,0.8063773175003732
25586,LOF,0.018575711546149835,0.07784623597660863,0.9035780524772415
25587,LOF,0.018308339344972415,0.06701742655734709,0.9146742340976803
25588,LOF,0.021410759852196853,0.07132683922809367,0.9072624009197094
25589,Neutral,0.5319034287703088,0.18858638111548096,0.2795101901142103
25590,LOF,0.05051185726547005,0.1353763469611076,0.8141117957734223
25591,LOF,0.10529600493135223,0.06060860592198375,0.834095389146664
25592,LOF,0.05993843035615453,0.1460724311805662,0.7939891384632792
25593,LOF,0.16015783884463666,0.2440555620827495,0.5957865990726139
25594,LOF,0.052348505904411445,0.0784187232629424,0.869232770832646
25595,LOF,0.052050668301205916,0.05779772518813823,0.8901516065106558
25596,LOF,0.09968568761880713,0.03228265104556682,0.868031661335626
25597,LOF,0.08381816107901975,0.03961156638336997,0.8765702725376103
25598,LOF,0.05177993044603777,0.059663616856279265,0.888556452697683
25599,LOF,0.0194750263826195,0.47809421747993575,0.5024307561374447
25600,GOF,0.1437989367779929,0.5229554410013928,0.33324562222061427
25601,LOF,0.03674573780398106,0.42730186093246464,0.5359524012635543
25602,LOF,0.03802745573130132,0.060495241332491734,0.901477302936207
25603,LOF,0.033341506146927144,0.034400040540801535,0.9322584533122713
25604,LOF,0.032590376039929536,0.07793405505257744,0.8894755689074931
25605,LOF,0.03352714476926447,0.19935596177400225,0.7671168934567333
25606,LOF,0.4310179255510049,0.1308855486011997,0.43809652584779557
25607,LOF,0.026905342242889464,0.18340658092072873,0.7896880768363818
25608,LOF,0.03666935705589707,0.07160257631796434,0.8917280666261387
25609,GOF,0.13269949152670404,0.5368682113106287,0.33043229716266737
25610,LOF,0.016700701422976222,0.033565574440320226,0.9497337241367035
25611,LOF,0.014064667477958136,0.03826848258469543,0.9476668499373465
25612,LOF,0.0492809848531572,0.05125189488018224,0.8994671202666605
25613,LOF,0.04755779225629747,0.05122689188878864,0.901215315854914
25614,LOF,0.022112463811462993,0.030446349782022677,0.9474411864065143
25615,LOF,0.040776431751701175,0.0484324550578801,0.9107911131904186
25616,LOF,0.05263923469873257,0.03409881476296023,0.9132619505383072
25617,LOF,0.0446254391020504,0.04605696405928187,0.9093175968386679
25618,LOF,0.047796552108568,0.04121675788344924,0.9109866900079828
25619,LOF,0.01378064965149275,0.0387000903678672,0.94751925998064
25620,LOF,0.06088806100895611,0.05247818426193308,0.8866337547291108
25621,LOF,0.054090754663771216,0.04195167280140164,0.9039575725348272
25622,LOF,0.06115874208538119,0.03858680026530352,0.9002544576493153
25623,LOF,0.06631852402800648,0.03152250658522646,0.902158969386767
25624,LOF,0.019195914281754402,0.04047019135201662,0.940333894366229
25625,LOF,0.06231378932385881,0.048833484067505706,0.8888527266086355
25626,LOF,0.04901770971737433,0.049053381506319084,0.9019289087763066
25627,Neutral,0.8968053292255846,0.01702019483093696,0.08617447594347835
25628,LOF,0.14730885274668695,0.05493910591184161,0.7977520413414715
25629,LOF,0.07060043982816153,0.047241691192651925,0.8821578689791865
25630,LOF,0.27478179540553443,0.06390835538672295,0.6613098492077426
25631,Neutral,0.5830893900501526,0.05759738366786277,0.35931322628198475
25632,LOF,0.02721991350002571,0.05826732612356331,0.9145127603764109
25633,LOF,0.16370766284835336,0.031200566212768076,0.8050917709388786
25634,LOF,0.03732872963702889,0.06891413628557702,0.893757134077394
25635,LOF,0.03764587635931278,0.037166186336625946,0.9251879373040613
25636,LOF,0.036961475320147916,0.46613794842521034,0.49690057625464173
25637,GOF,0.07893721443596206,0.5013444049567836,0.4197183806072543
25638,LOF,0.03197738957119682,0.35430148834832625,0.6137211220804769
25639,LOF,0.029949053725119367,0.3874829572254411,0.5825679890494395
25640,Neutral,0.7663984442569525,0.19081003572314129,0.042791520019906285
25641,GOF,0.07267187181373194,0.4823911554047084,0.44493697278155964
25642,LOF,0.045146417045306614,0.17265437048281806,0.7821992124718753
25643,LOF,0.2041212703069009,0.15299257513118214,0.6428861545619169
25644,LOF,0.024514153068806836,0.45318256226961356,0.5223032846615797
25645,LOF,0.027019048875677323,0.40385894273321293,0.5691220083911098
25646,LOF,0.06172816846029695,0.325192876238138,0.6130789553015651
25647,LOF,0.02716595386880097,0.25200989667385276,0.7208241494573463
25648,LOF,0.04019801988745687,0.25794826814573024,0.7018537119668129
25649,LOF,0.018890376460779398,0.23944359001654325,0.7416660335226773
25650,LOF,0.05600166878951981,0.4058905545801608,0.5381077766303194
25651,LOF,0.020113528800896785,0.2850135274744864,0.6948729437246169
25652,LOF,0.04013657869805901,0.26123592366426485,0.6986274976376761
25653,LOF,0.1010443986057553,0.3989204783784095,0.5000351230158353
25654,LOF,0.029374874130495374,0.24898215681990618,0.7216429690495985
25655,GOF,0.23560303526560344,0.39332637181788205,0.3710705929165144
25656,LOF,0.33525778417289104,0.05058330435802945,0.6141589114690795
25657,LOF,0.0582743751333182,0.053256689670917914,0.8884689351957638
25658,LOF,0.34652128595012255,0.05652764746934362,0.5969510665805339
25659,Neutral,0.5060070457582331,0.07818588793318432,0.4158070663085826
25660,LOF,0.022189732278739126,0.08416302271771135,0.8936472450035495
25661,LOF,0.09112280301458783,0.05906551740589365,0.8498116795795186
25662,LOF,0.03412944058816386,0.03222005425777602,0.93365050515406
25663,LOF,0.04444483300284592,0.04506776979756261,0.9104873971995915
25664,LOF,0.13723434219361633,0.06412855641310874,0.7986371013932749
25665,LOF,0.05894698207198417,0.030157531899438296,0.9108954860285775
25666,LOF,0.09211524810855418,0.07311293884150236,0.8347718130499435
25667,LOF,0.07349102403565194,0.03916039500406427,0.8873485809602838
25668,LOF,0.03646537535381597,0.04740148307491087,0.9161331415712731
25669,LOF,0.030121090615636212,0.0505487187062843,0.9193301906780794
25670,LOF,0.1397428738485887,0.05930179984980144,0.8009553263016099
25671,LOF,0.11293109938812286,0.03448168292160836,0.8525872176902688
25672,LOF,0.053972749874095095,0.042450233879001646,0.9035770162469031
25673,LOF,0.07895110202225983,0.04842688746296295,0.8726220105147773
25674,LOF,0.06698251423614279,0.05690990786435799,0.8761075778994991
25675,LOF,0.11835207824630166,0.05755611346471024,0.8240918082889881
25676,LOF,0.019150351479717827,0.05297421280337253,0.9278754357169098
25677,LOF,0.026339102973421454,0.07020729212170851,0.90345360490487
25678,LOF,0.2048022967980116,0.05903468131783337,0.7361630218841549
25679,LOF,0.12438745293139823,0.08441080794810242,0.7912017391204994
25680,LOF,0.031874429773327884,0.12089747337540747,0.8472280968512645
25681,LOF,0.05299443079513474,0.1120015704274627,0.8350039987774026
25682,LOF,0.15047797196908286,0.07870179379662597,0.7708202342342912
25683,LOF,0.11050883468210311,0.09554408533983753,0.7939470799780594
25684,LOF,0.04249010290011662,0.07574251063953018,0.8817673864603532
25685,LOF,0.13786757386876902,0.05210873526111859,0.8100236908701125
25686,LOF,0.0720812009200673,0.0790954245894504,0.8488233744904822
25687,LOF,0.11218005000681523,0.08287252771923982,0.804947422273945
25688,LOF,0.3057274997972684,0.03992914678024173,0.65434335342249
25689,LOF,0.24879321817534888,0.04122308618977319,0.709983695634878
25690,LOF,0.33635461588525223,0.029580081759952557,0.6340653023547952
25691,Neutral,0.6875751787921552,0.022509422718927447,0.2899153984889174
25692,LOF,0.3200019687359387,0.00993085033855576,0.6700671809255055
25693,LOF,0.04864286375123472,0.41413720637521545,0.5372199298735498
25694,LOF,0.12210863386145332,0.018639817358499837,0.8592515487800468
25695,LOF,0.11286903896332882,0.018260894049484375,0.8688700669871868
25696,LOF,0.1221910388074683,0.011378198368122266,0.8664307628244095
25697,LOF,0.08503921422489948,0.033726569723064946,0.8812342160520356
25698,LOF,0.34289255875289887,0.18359623810974446,0.4735112031373566
25699,LOF,0.47526169746000557,0.029869429735164262,0.4948688728048301
25700,LOF,0.07405748828329015,0.008411132153814865,0.917531379562895
25701,LOF,0.1494660621803328,0.040000447102717857,0.8105334907169494
25702,GOF,0.16434958284491205,0.597722179369441,0.2379282377856468
25703,LOF,0.014741492026670962,0.16016803179074418,0.8250904761825849
25704,LOF,0.04412684380076628,0.11835514060748373,0.83751801559175
25705,LOF,0.051708626302501275,0.14955725496742256,0.7987341187300762
25706,LOF,0.09815285348276624,0.43282763551779224,0.46901951099944145
25707,LOF,0.10535685285824609,0.3594147235591898,0.5352284235825641
25708,LOF,0.03350056414957513,0.31394995531829295,0.6525494805321319
25709,LOF,0.0716114598521884,0.04255967512952275,0.8858288650182887
25710,LOF,0.011517593976242912,0.15425564321633042,0.8342267628074267
25711,LOF,0.020921224184083542,0.09892321910337018,0.8801555567125463
25712,LOF,0.014116715510364353,0.18252576081904343,0.8033575236705922
25713,LOF,0.019564198450506682,0.08971318152294339,0.8907226200265499
25714,LOF,0.08097751417552035,0.08457705136038958,0.83444543446409
25715,LOF,0.012043322504037687,0.14170084195640742,0.846255835539555
25716,LOF,0.012364557949747655,0.1143761313846438,0.8732593106656085
25717,LOF,0.01229897105109127,0.08103444575154939,0.9066665831973593
25718,LOF,0.013318016369141993,0.10528737030313018,0.8813946133277277
25719,LOF,0.019718977971397832,0.08324441956496087,0.8970366024636413
25720,LOF,0.025504168881727983,0.0711289935944048,0.9033668375238673
25721,LOF,0.016220358436511977,0.12717668394784662,0.8566029576156413
25722,LOF,0.014498775690160275,0.13984329161081102,0.8456579326990287
25723,LOF,0.023865981117971863,0.04446551312532676,0.9316685057567013
25724,LOF,0.03219835027882125,0.09331777596807399,0.8744838737531048
25725,LOF,0.012134402628511972,0.07238969071552076,0.9154759066559672
25726,LOF,0.016461070917900986,0.11663352716264597,0.8669054019194531
25727,LOF,0.01396238859615785,0.08318557832930924,0.9028520330745329
25728,LOF,0.01054074743754998,0.12339020904406597,0.866069043518384
25729,LOF,0.0109059403438713,0.11840898454139409,0.8706850751147347
25730,LOF,0.01462489939651395,0.08771496053650975,0.8976601400669764
25731,LOF,0.019946037694432553,0.1089348380448096,0.8711191242607579
25732,LOF,0.015456843109262562,0.08355904376888187,0.9009841131218556
25733,LOF,0.01669019342259948,0.08000993231738292,0.9032998742600176
25734,LOF,0.012244367271967989,0.12328930949725912,0.8644663232307729
25735,LOF,0.014676954125855077,0.0907030341353347,0.8946200117388102
25736,LOF,0.015926048182420615,0.10583183294030946,0.8782421188772699
25737,LOF,0.012854999524370045,0.07858162927577471,0.9085633711998552
25738,LOF,0.012862276784267901,0.10956981941050024,0.8775679038052319
25739,LOF,0.022867905820756346,0.08091417634207382,0.8962179178371699
25740,LOF,0.027212907423152355,0.11842758539572001,0.8543595071811277
25741,LOF,0.015088738288651106,0.11564502160632151,0.8692662401050274
25742,LOF,0.12947003592512005,0.08317730794851291,0.787352656126367
25743,LOF,0.03254980102836236,0.03703901648730801,0.9304111824843296
25744,Neutral,0.5669272735076708,0.18994513649402642,0.2431275899983028
25745,LOF,0.08813979827813558,0.06201420874009586,0.8498459929817684
25746,LOF,0.044691448751575776,0.07391603847413383,0.8813925127742904
25747,LOF,0.021331078359154168,0.053360108903142106,0.9253088127377037
25748,LOF,0.08564983974664057,0.07414271100905377,0.8402074492443057
25749,LOF,0.025318464123144552,0.07809534226523092,0.8965861936116246
25750,LOF,0.09058031339839111,0.07961146442656594,0.8298082221750429
25751,LOF,0.09467839712681012,0.08473136171246015,0.8205902411607298
25752,GOF,0.12936331657986166,0.6463591004181245,0.2242775830020139
25753,LOF,0.01861794377233492,0.26473207180551667,0.7166499844221484
25754,GOF,0.011802984573633086,0.776162462725599,0.21203455270076796
25755,LOF,0.022229072592306127,0.39707106455115737,0.5806998628565365
25756,LOF,0.04467212947846197,0.3507156797307461,0.6046121907907919
25757,GOF,0.013268975596059586,0.8272635879951528,0.15946743640878763
25758,GOF,0.028206307183454415,0.8020248416050227,0.16976885121152296
25759,GOF,0.010797051301009618,0.5633027989775669,0.4259001497214236
25760,LOF,0.011117499169868516,0.2567723936594535,0.732110107170678
25761,GOF,0.2646036744677885,0.6325125618416069,0.10288376369060465
25762,LOF,0.03836789358974977,0.25517673284295134,0.7064553735672989
25763,LOF,0.01277001034474474,0.196956381820204,0.7902736078350512
25764,GOF,0.07991974581247141,0.6075308379144619,0.31254941627306665
25765,GOF,0.040431397318999925,0.729976611459171,0.22959199122182908
25766,GOF,0.07154462786914145,0.7257483630485859,0.2027070090822726
25767,GOF,0.15986476452737733,0.5445603725508458,0.2955748629217769
25768,LOF,0.11080036543897777,0.06753676363446892,0.8216628709265534
25769,LOF,0.061269162119390284,0.05794927461506106,0.8807815632655487
25770,LOF,0.3336395486171471,0.09677835640617354,0.5695820949766793
25771,LOF,0.04396272546077548,0.04649045828069884,0.9095468162585256
25772,LOF,0.020310133867093752,0.03856877284015568,0.9411210932927505
25773,LOF,0.04746053166782127,0.09768230752795583,0.8548571608042229
25774,LOF,0.030545173445960076,0.07143468086312102,0.8980201456909188
25775,LOF,0.04945197118115117,0.04482818782751008,0.9057198409913388
25776,LOF,0.0814565699893723,0.02154088246483309,0.8970025475457946
25777,LOF,0.38104523020900527,0.049569566481904304,0.5693852033090904
25778,LOF,0.0761547675698393,0.04438731398880611,0.8794579184413546
25779,GOF,0.36193389311805535,0.5963033338518396,0.041762773030104915
25780,GOF,0.30723724605329034,0.6304899611371477,0.06227279280956188
25781,GOF,0.13614348774320503,0.7587216274949414,0.10513488476185348
25782,GOF,0.20200909764062236,0.725830045596451,0.0721608567629267
25783,GOF,0.024976443944471523,0.6449148483785941,0.33010870767693434
25784,Neutral,0.502376182221539,0.45805901366046836,0.03956480411799266
25785,Neutral,0.48308956325563596,0.48098205171408065,0.035928385030283456
25786,GOF,0.02861070121420856,0.7623765000532615,0.2090127987325299
25787,Neutral,0.6412574893451343,0.3354536377580235,0.02328887289684216
25788,LOF,0.05104314119326165,0.11241037159066458,0.8365464872160737
25789,GOF,0.21293313230039138,0.66680049670526,0.12026637099434867
25790,GOF,0.21780803157177975,0.6961377451509326,0.08605422327728761
25791,GOF,0.18874102122249506,0.6663030051649177,0.14495597361258736
25792,GOF,0.38023705804526686,0.512316218630496,0.10744672332423712
25793,GOF,0.2549724195384212,0.542986390164954,0.20204119029662485
25794,GOF,0.29143625454766325,0.534004188484042,0.17455955696829473
25795,GOF,0.08524797936799595,0.6707605210474493,0.24399149958455463
25796,Neutral,0.5685156015620124,0.3573311383949255,0.07415326004306211
25797,GOF,0.08689403693916346,0.5220564789635169,0.39104948409731954
25798,GOF,0.009434213646564412,0.5035057767443797,0.48706000960905593
25799,LOF,0.007811031902030628,0.36990846691267715,0.6222805011852923
25800,GOF,0.034685235431456726,0.5778420469183484,0.3874727176501948
25801,GOF,0.2218223326967191,0.6589429422566072,0.11923472504667375
25802,GOF,0.07953153738981372,0.68920399918482,0.23126446342536622
25803,GOF,0.03545759024578735,0.5820870615413101,0.3824553482129025
25804,GOF,0.03164089672470179,0.48587843318337387,0.48248067009192447
25805,GOF,0.09965822444381398,0.575854216433036,0.32448755912314997
25806,GOF,0.10105652371329175,0.6115084147031766,0.28743506158353166
25807,GOF,0.02103015042454009,0.6299185064001922,0.34905134317526787
25808,GOF,0.0803101283129451,0.6403701530040773,0.2793197186829776
25809,GOF,0.020738395460092526,0.5907885152441761,0.3884730892957314
25810,GOF,0.01845017023004257,0.6219281197919266,0.3596217099780308
25811,Neutral,0.4791781181518021,0.4449145619143266,0.07590731993387136
25812,GOF,0.03316510602785094,0.6377399326412797,0.3290949613308694
25813,Neutral,0.5304907499426945,0.3792788822390386,0.0902303678182668
25814,GOF,0.11920176781214711,0.6637816233017293,0.21701660888612354
25815,GOF,0.18394279429959207,0.6338431220001427,0.18221408370026523
25816,GOF,0.023128471885068554,0.7160811679357674,0.26079036017916407
25817,GOF,0.23696092739404168,0.6359836759079694,0.12705539669798896
25818,GOF,0.0542556564916657,0.6493518901715936,0.29639245333674075
25819,GOF,0.34987004466169236,0.5097295514906479,0.14040040384765967
25820,GOF,0.18148715112623665,0.6090638599500817,0.20944898892368155
25821,GOF,0.059785469777296034,0.6743371139339498,0.2658774162887542
25822,GOF,0.20993116458994932,0.564035478205723,0.22603335720432777
25823,GOF,0.03453351080644876,0.510085411963526,0.4553810772300253
25824,GOF,0.0914054845673576,0.5855548887321721,0.3230396267004703
25825,GOF,0.03901363792712133,0.5848745925164639,0.3761117695564148
25826,GOF,0.015069402124725698,0.5624588767720631,0.4224717211032113
25827,GOF,0.02490536310762232,0.5929722366299764,0.38212240026240113
25828,GOF,0.014538193547000484,0.5258495550825258,0.4596122513704736
25829,GOF,0.006712245578786656,0.584813511520002,0.4084742429012112
25830,LOF,0.032651342363397486,0.3182802991841972,0.6490683584524052
25831,GOF,0.22919458749081986,0.646792035259701,0.12401337724947913
25832,GOF,0.03453979625636708,0.6895390309408864,0.2759211728027465
25833,GOF,0.12447820149412533,0.7052896463855284,0.1702321521203462
25834,GOF,0.0362929327229373,0.7016366290501304,0.2620704382269325
25835,GOF,0.07841199286017772,0.7387541648177668,0.18283384232205543
25836,GOF,0.0382620196446569,0.692767295098642,0.2689706852567011
25837,GOF,0.030004532325340998,0.5930642574056055,0.3769312102690534
25838,GOF,0.08695528621831347,0.7694570185611039,0.14358769522058257
25839,GOF,0.3062172591196076,0.5642318763053231,0.12955086457506915
25840,GOF,0.2504684168615547,0.6130506155858627,0.1364809675525826
25841,GOF,0.22347835897307788,0.6223348193670761,0.154186821659846
25842,GOF,0.17880683117630877,0.6940402696294855,0.12715289919420572
25843,GOF,0.2520476472856764,0.6556154030055883,0.09233694970873527
25844,GOF,0.07149978876577787,0.6926856607518681,0.23581455048235403
25845,LOF,0.01725753174412564,0.4678112102875508,0.5149312579683235
25846,GOF,0.135852052141553,0.6974698072044663,0.1666781406539808
25847,GOF,0.12312275052854807,0.7745395380050875,0.10233771146636432
25848,GOF,0.04372518874794471,0.7001508421279953,0.25612396912406005
25849,GOF,0.013169654174312116,0.5747538244907479,0.41207652133493994
25850,GOF,0.024487198613142663,0.6535605821167391,0.3219522192701182
25851,GOF,0.02043278373743676,0.5309877432719783,0.448579472990585
25852,GOF,0.17541230461995855,0.5623689183784899,0.26221877700155155
25853,GOF,0.3608492271035032,0.5712757507277286,0.06787502216876817
25854,GOF,0.022595843394464268,0.6179784736531851,0.35942568295235056
25855,GOF,0.039758872267688504,0.568841817734216,0.3913993099980955
25856,GOF,0.2462209836112568,0.5452302877684368,0.2085487286203063
25857,GOF,0.0404537318735245,0.5064479755469782,0.45309829257949735
25858,GOF,0.020927336394475318,0.5363742850350006,0.44269837857052413
25859,GOF,0.011034411175127417,0.5168676482571347,0.47209794056773785
25860,GOF,0.3675565420454691,0.5509004280338393,0.08154302992069165
25861,GOF,0.41957492389720624,0.49766114707844417,0.08276392902434952
25862,GOF,0.09344963135844597,0.7731767544489361,0.13337361419261787
25863,GOF,0.08288259132617005,0.7805787463301483,0.13653866234368178
25864,GOF,0.2080950703212221,0.7083615599462433,0.08354336973253466
25865,GOF,0.09740732648796077,0.7739440163317102,0.1286486571803291
25866,GOF,0.06774959082344613,0.7833980787810394,0.14885233039551443
25867,GOF,0.08600203891194037,0.8109253201414349,0.10307264094662462
25868,GOF,0.28096146748406103,0.6152440877998816,0.10379444471605738
25869,Neutral,0.7224263055415941,0.23839367840756212,0.039180016050843654
25870,GOF,0.2767340003388937,0.402699996268844,0.3205660033922623
25871,GOF,0.2196109124498116,0.6365753965818262,0.1438136909683622
25872,GOF,0.08010154613663026,0.6571894607790019,0.2627089930843678
25873,GOF,0.13125078915499772,0.688730513927723,0.18001869691727931
25874,LOF,0.017243593437803916,0.12437972223022253,0.8583766843319736
25875,LOF,0.10135241691466973,0.028694381144921795,0.8699532019404085
25876,LOF,0.03549543111802349,0.028634485052348453,0.9358700838296281
25877,LOF,0.4722942564461758,0.03944889674051596,0.48825684681330844
25878,LOF,0.22530258861618718,0.06492132578391882,0.709776085599894
25879,LOF,0.09357276078355056,0.06470220594277235,0.8417250332736771
25880,LOF,0.02370028154484669,0.01485497749237912,0.9614447409627742
25881,LOF,0.1607220006530582,0.11872153963886244,0.7205564597080794
25882,LOF,0.06177361197212606,0.016678161714758853,0.9215482263131152
25883,LOF,0.08210774200582592,0.01981834379563304,0.898073914198541
25884,LOF,0.03301860807195933,0.030818248679297017,0.9361631432487436
25885,LOF,0.06329186169655503,0.01291763055331678,0.9237905077501282
25886,LOF,0.24767929483779835,0.037946597723116204,0.7143741074390854
25887,LOF,0.1596911510906585,0.06853200376267567,0.7717768451466659
25888,LOF,0.07157279572992528,0.060717534845269684,0.867709669424805
25889,LOF,0.041662913622170755,0.021756810182648117,0.9365802761951812
25890,LOF,0.04678974274478983,0.14417643557108206,0.8090338216841281
25891,LOF,0.03899544897841126,0.061952115973615655,0.8990524350479732
25892,LOF,0.09270563827552444,0.023760550425464308,0.8835338112990113
25893,LOF,0.22339440100774483,0.021644102513295307,0.7549614964789599
25894,LOF,0.16796473029381462,0.012119040497224128,0.8199162292089611
25895,LOF,0.20336615616201276,0.021744687657526646,0.7748891561804606
25896,LOF,0.051314136523605544,0.025554093911726566,0.9231317695646679
25897,LOF,0.2593196142394179,0.012742497156752448,0.7279378886038297
25898,Neutral,0.6950431530487072,0.00947294430771892,0.29548390264357377
25899,LOF,0.2046915048580984,0.021655245532102702,0.7736532496097989
25900,LOF,0.4227816931454124,0.017626883864127713,0.5595914229904598
25901,LOF,0.04651785869127386,0.013493593619859499,0.9399885476888666
25902,LOF,0.16247011964758892,0.014377396551420448,0.8231524838009906
25903,Neutral,0.5354453895439171,0.029466722421953317,0.43508788803412957
25904,LOF,0.26469457488365067,0.04945190057346759,0.6858535245428817
25905,LOF,0.024949392103412196,0.3534704939341011,0.6215801139624866
25906,LOF,0.03398866167253032,0.08937959532204773,0.8766317430054219
25907,LOF,0.016336479940522286,0.3695402480394199,0.6141232720200578
25908,LOF,0.011316122400329523,0.2689514194194196,0.7197324581802509
25909,LOF,0.01451625071261271,0.15542225723442588,0.8300614920529614
25910,LOF,0.053422521786513744,0.12273744403474182,0.8238400341787445
25911,LOF,0.1802394732839163,0.017829172311902126,0.8019313544041815
25912,LOF,0.04922662643785233,0.03792105842045826,0.9128523151416894
25913,LOF,0.31383831755946795,0.016814926311616196,0.6693467561289158
25914,LOF,0.01987061102995784,0.08485400030010223,0.8952753886699398
25915,Neutral,0.5195117485780166,0.26798260213828484,0.21250564928369864
25916,LOF,0.0701951033375181,0.2851110487878177,0.6446938478746643
25917,LOF,0.06526727014610756,0.0609381025473116,0.8737946273065809
25918,LOF,0.02399639246444438,0.05927010658716283,0.9167335009483927
25919,LOF,0.02150886800631969,0.06294785347187175,0.9155432785218086
25920,GOF,0.10701065155623651,0.5333324045483283,0.3596569438954352
25921,LOF,0.022370583967147636,0.03443906642045683,0.9431903496123955
25922,LOF,0.03146678014610815,0.02493747365958656,0.9435957461943053
25923,LOF,0.4101988885459959,0.029423218091865263,0.5603778933621388
25924,LOF,0.03318876043732621,0.040995137661144355,0.9258161019015295
25925,LOF,0.06403368026546856,0.03717526462022608,0.8987910551143053
25926,LOF,0.0470748889652334,0.030187351299573457,0.9227377597351932
25927,LOF,0.05598300166952763,0.09313061441535786,0.8508863839151145
25928,LOF,0.017511144856571854,0.044905120246086574,0.9375837348973416
25929,Neutral,0.5319967788211708,0.03203177335842399,0.43597144782040514
25930,LOF,0.05060822164774907,0.025918910112714643,0.9234728682395363
25931,LOF,0.02444709131834777,0.027379607712820334,0.9481733009688319
25932,LOF,0.0262015885378657,0.02266584253838389,0.9511325689237505
25933,LOF,0.03631218421417574,0.016389570630221364,0.9472982451556029
25934,LOF,0.024006027918328707,0.019345198029515596,0.9566487740521558
25935,LOF,0.05692766150755987,0.043327406376349596,0.8997449321160905
25936,LOF,0.04363814224692526,0.02136657535192207,0.9349952824011526
25937,LOF,0.026299585267197306,0.02934312375712334,0.9443572909756793
25938,LOF,0.05782766878062975,0.04743990376914877,0.8947324274502214
25939,LOF,0.03956723518315035,0.016964084554522054,0.9434686802623276
25940,LOF,0.02965613176282536,0.38476646094720884,0.5855774072899658
25941,LOF,0.1718317770275331,0.08457429610090184,0.743593926871565
25942,LOF,0.015611187433751585,0.0377882477120843,0.9466005648541642
25943,LOF,0.3209712802928341,0.05703339628160466,0.6219953234255612
25944,LOF,0.48533569284796724,0.02301324966655712,0.49165105748547555
25945,LOF,0.06242546779317678,0.025611486790721404,0.9119630454161017
25946,LOF,0.02550341069709237,0.13663018929751078,0.8378664000053969
25947,LOF,0.10209532597600042,0.25220646088695337,0.6456982131370463
25948,LOF,0.4024345501580749,0.009477056831192215,0.5880883930107329
25949,LOF,0.11386003734993189,0.03406958259007733,0.8520703800599909
25950,GOF,0.26810811698118686,0.39530224605543085,0.33658963696338234
25951,LOF,0.203910100328134,0.2456664726141169,0.5504234270577492
25952,LOF,0.04366150556294356,0.4424091214807469,0.5139293729563095
25953,LOF,0.1470321380589662,0.09673196456375635,0.7562358973772774
25954,Neutral,0.45075210171463903,0.1586452738678755,0.3906026244174854
25955,LOF,0.050353835248184174,0.08062346574403348,0.8690226990077823
25956,LOF,0.16441996624198832,0.12462990421239102,0.7109501295456206
25957,LOF,0.03846108936022534,0.03699017080006655,0.924548739839708
25958,LOF,0.061160940555141624,0.03022773014880928,0.9086113292960492
25959,LOF,0.06731654929238766,0.42017843296083907,0.5125050177467733
25960,LOF,0.018092283583686017,0.05563289462489662,0.9262748217914173
25961,LOF,0.05140913563331033,0.03187702034732436,0.9167138440193654
25962,LOF,0.05964780134266059,0.02841676966259985,0.9119354289947394
25963,LOF,0.05502858430915423,0.17434553900350655,0.7706258766873392
25964,LOF,0.04024642468416089,0.16170437826765485,0.7980491970481842
25965,Neutral,0.4677793117657313,0.07155957971759228,0.4606611085166764
25966,Neutral,0.4963777680139796,0.16193738713895953,0.34168484484706085
25967,LOF,0.012542756209391165,0.07817382686337261,0.9092834169272364
25968,LOF,0.033702668444278175,0.4423278605788492,0.5239694709768726
25969,LOF,0.03310003873549838,0.04928909176528883,0.9176108694992127
25970,LOF,0.0606571932650294,0.06666720341523372,0.872675603319737
25971,LOF,0.07990510756336824,0.018069732271858888,0.9020251601647729
25972,LOF,0.07705960224427255,0.026383497538014996,0.8965569002177125
25973,LOF,0.07200560778768755,0.012002408558751877,0.9159919836535606
25974,LOF,0.19317587600021088,0.019314618239783414,0.7875095057600058
25975,LOF,0.044169559310111337,0.035614783729774384,0.9202156569601143
25976,LOF,0.04068847777740808,0.019809735778332307,0.9395017864442596
25977,LOF,0.15176489478249922,0.0920155193122055,0.7562195859052953
25978,LOF,0.14378673346498735,0.05683251046282223,0.7993807560721903
25979,LOF,0.13039439238809808,0.05548557780767183,0.8141200298042301
25980,LOF,0.22521996190226345,0.0747170415683112,0.7000629965294254
25981,LOF,0.257666357219086,0.07240843010229538,0.6699252126786186
25982,LOF,0.39794179567068777,0.04233106337590595,0.5597271409534064
25983,LOF,0.40392716548441193,0.049531724814528305,0.5465411097010597
25984,LOF,0.05409248002569373,0.042650996418851304,0.9032565235554549
25985,LOF,0.032855480145347116,0.23040523447597414,0.7367392853786787
25986,LOF,0.04383700027165685,0.2674483307163161,0.688714669012027
25987,LOF,0.08144108721278029,0.06155624742021638,0.8570026653670032
25988,LOF,0.15032100573482954,0.048280472250403765,0.8013985220147668
25989,LOF,0.03133437482568848,0.08816159776021869,0.8805040274140928
25990,LOF,0.045605574004227045,0.11386639112220445,0.8405280348735685
25991,LOF,0.15600372800446474,0.32273297734880135,0.5212632946467338
25992,LOF,0.3281627066963356,0.1770807402717672,0.4947565530318973
25993,LOF,0.022814545727289543,0.08208684993926876,0.8950986043334417
25994,LOF,0.017833013810345955,0.12252571022059827,0.8596412759690558
25995,LOF,0.02736521188355747,0.2360830377847506,0.7365517503316921
25996,GOF,0.31314821755146527,0.4783448816310624,0.20850690081747222
25997,LOF,0.09303831544261736,0.44304932160626054,0.46391236295112204
25998,Neutral,0.5643127304634388,0.022618934599517075,0.41306833493704426
25999,LOF,0.10684997087457146,0.11559339318178119,0.7775566359436473
26000,LOF,0.14249146680668937,0.053480471018226144,0.8040280621750845
26001,LOF,0.1824809264086843,0.05709046161484883,0.7604286119764669
26002,LOF,0.12938699138881402,0.0552278654276627,0.8153851431835234
26003,GOF,0.009910322281817869,0.5694573511629347,0.4206323265552475
26004,GOF,0.01673414288989041,0.6580427219379079,0.32522313517220164
26005,LOF,0.007301153232771319,0.453748508525062,0.5389503382421666
26006,Neutral,0.4967749119621482,0.2666939568623704,0.23653113117548155
26007,GOF,0.02055636882712166,0.5619945116374891,0.4174491195353891
26008,GOF,0.015296189461333624,0.6471956884145462,0.3375081221241202
26009,GOF,0.01976454295767862,0.674810705393415,0.3054247516489065
26010,GOF,0.023940651935353045,0.6550909149457141,0.3209684331189328
26011,LOF,0.006414955171280401,0.47370695617839437,0.5198780886503253
26012,GOF,0.012574172820182576,0.5715357306312167,0.4158900965486009
26013,GOF,0.018218270990992262,0.611748436263688,0.3700332927453196
26014,LOF,0.04980790027370321,0.11025668553649227,0.8399354141898046
26015,LOF,0.17058998881741227,0.008643766802770307,0.8207662443798174
26016,LOF,0.19286713229896427,0.04623712328336424,0.7608957444176715
26017,LOF,0.23847292518022445,0.07776724081634959,0.6837598340034259
26018,LOF,0.09115308131798493,0.02374328701485954,0.8851036316671556
26019,LOF,0.08587695927499077,0.01864965291250536,0.895473387812504
26020,LOF,0.06801109388403687,0.08772947629007839,0.8442594298258849
26021,LOF,0.0454576359383358,0.0938021369658575,0.8607402270958068
26022,LOF,0.010641718467692613,0.03227943296492527,0.9570788485673821
26023,LOF,0.10428622876924401,0.016560692349931103,0.879153078880825
26024,LOF,0.032806146415992936,0.1002217436333332,0.866972109950674
26025,LOF,0.16102173013358032,0.07507981165177006,0.7638984582146495
26026,LOF,0.3305567952905135,0.0257114493493534,0.643731755360133
26027,LOF,0.08152253773031426,0.0124921627548299,0.9059852995148557
26028,LOF,0.15616510646170617,0.06871574305960496,0.7751191504786888
26029,LOF,0.0775549610281839,0.19968552948283955,0.7227595094889765
26030,LOF,0.026241034663086686,0.06566081169262798,0.9080981536442854
26031,LOF,0.027039547852162168,0.14524426972011237,0.8277161824277255
26032,LOF,0.0652063354978667,0.07547635424601289,0.8593173102561205
26033,LOF,0.11820353141429306,0.09041245926489681,0.7913840093208101
26034,LOF,0.04438699412314374,0.169370671190009,0.7862423346868473
26035,LOF,0.028722699517169745,0.15548663264167878,0.8157906678411515
26036,LOF,0.041400164821882,0.18036818460072607,0.778231650577392
26037,LOF,0.02303255963770593,0.1268586010519583,0.8501088393103358
26038,LOF,0.060818144888749225,0.07800595704464784,0.8611758980666029
26039,LOF,0.053468063773609464,0.16197217166382852,0.784559764562562
26040,LOF,0.1998810238144486,0.14427587943189416,0.6558430967536572
26041,LOF,0.024390233332331753,0.11896360564763074,0.8566461610200375
26042,LOF,0.02238980679597252,0.1135062803986593,0.8641039128053682
26043,LOF,0.060523826877974696,0.09371359144606477,0.8457625816759605
26044,LOF,0.02265897377855348,0.08666904830981413,0.8906719779116324
26045,LOF,0.07702215621145407,0.10408642880006164,0.8188914149884842
26046,LOF,0.06239600689086754,0.09169928780946741,0.8459047052996651
26047,LOF,0.08367616471344964,0.09739855551262948,0.8189252797739208
26048,LOF,0.05372433135159699,0.04794451500021959,0.8983311536481834
26049,Neutral,0.9616197702163805,0.00823037269441664,0.030149857089203008
26050,Neutral,0.9479634917597101,0.010678154167438983,0.04135835407285092
26051,LOF,0.0491294343714124,0.3120338043386336,0.638836761289954
26052,LOF,0.064273580195379,0.3671489717821153,0.5685774480225056
26053,LOF,0.05116328731093334,0.1560031144765688,0.7928335982124979
26054,LOF,0.059166101567255915,0.017002053971490745,0.9238318444612533
26055,LOF,0.07207629780739669,0.014401858461394327,0.913521843731209
26056,LOF,0.06175183648932602,0.01586411365901197,0.9223840498516621
26057,LOF,0.029005633229172278,0.01116010590312192,0.9598342608677057
26058,LOF,0.030218453377635596,0.008773664355660135,0.9610078822667042
26059,LOF,0.3072099068271821,0.02234444932931552,0.6704456438435024
26060,LOF,0.03654722483139826,0.15969609425340497,0.8037566809151969
26061,LOF,0.01809806254152564,0.009894414870253679,0.9720075225882207
26062,LOF,0.010873247656318872,0.01636346711926418,0.9727632852244169
26063,LOF,0.022537690282657865,0.011364436785500988,0.9660978729318412
26064,LOF,0.020667924660374388,0.019795911987495748,0.9595361633521299
26065,LOF,0.02510085520494865,0.010193823948796287,0.964705320846255
26066,LOF,0.02120266556969162,0.010768100256315482,0.9680292341739929
26067,LOF,0.02963180607248085,0.00829424670586,0.9620739472216592
26068,LOF,0.04615838975705282,0.028899736278885528,0.9249418739640617
26069,LOF,0.2651221482131009,0.016601172408280192,0.7182766793786188
26070,LOF,0.3908265719947063,0.014885198054830085,0.5942882299504637
26071,LOF,0.02417848125182592,0.011267033790547842,0.9645544849576263
26072,LOF,0.020811136458922297,0.015270530427260339,0.9639183331138172
26073,LOF,0.02518614511955203,0.010371984755415625,0.9644418701250324
26074,Neutral,0.9182623381140248,0.005574114154621778,0.07616354773135366
26075,LOF,0.04675075303402845,0.014488340368793717,0.9387609065971778
26076,LOF,0.047540521993479565,0.008324262803441394,0.9441352152030791
26077,LOF,0.01053935214923868,0.01583830491935365,0.9736223429314077
26078,LOF,0.013663760527028689,0.01072561203866967,0.9756106274343016
26079,LOF,0.06009982858862698,0.016355128936501703,0.9235450424748715
26080,LOF,0.05909832702358255,0.016381161350217412,0.9245205116262001
26081,LOF,0.03705546332555795,0.0058280468873459935,0.9571164897870961
26082,LOF,0.014205117879678621,0.01501675289872842,0.970778129221593
26083,LOF,0.1360639014605552,0.012514122135128383,0.8514219764043164
26084,LOF,0.029237265507617245,0.011588434513957325,0.9591742999784253
26085,LOF,0.024574007346109764,0.011104408426034657,0.9643215842278556
26086,LOF,0.02381300309261301,0.011619020533055276,0.9645679763743317
26087,LOF,0.028007064377033278,0.007594511180608394,0.9643984244423582
26088,LOF,0.015745034836526676,0.02281382490001558,0.9614411402634578
26089,LOF,0.04624497149364922,0.020028179797594324,0.9337268487087566
26090,LOF,0.045188469103584504,0.016107623036045328,0.9387039078603702
26091,LOF,0.03864207231451762,0.005805136798537559,0.9555527908869449
26092,LOF,0.02678359425273583,0.007536843733477761,0.9656795620137864
26093,LOF,0.04057210401857307,0.005407354566659129,0.9540205414147678
26094,LOF,0.043703563304601595,0.005706996972892597,0.9505894397225058
26095,LOF,0.04230692175772823,0.012469503160825587,0.9452235750814462
26096,LOF,0.01822085020399601,0.011722210810776403,0.9700569389852277
26097,LOF,0.01229212526561475,0.03526740752989758,0.9524404672044876
26098,LOF,0.07528558872022185,0.010178516018262694,0.9145358952615155
26099,LOF,0.02486584729516712,0.012016334193557267,0.9631178185112756
26100,LOF,0.026962878185265306,0.01154437023035501,0.9614927515843796
26101,LOF,0.06140523291180682,0.014012370979388742,0.9245823961088045
26102,LOF,0.025312458489505776,0.013488664810532002,0.9611988766999622
26103,Neutral,0.8893399576354613,0.017646922345682606,0.09301312001885605
26104,LOF,0.07865987245255078,0.02372902395182257,0.8976111035956266
26105,LOF,0.2063366218646373,0.2914449863272641,0.5022183918080986
26106,LOF,0.2123882406391246,0.12691513650275646,0.660696622858119
26107,LOF,0.23554254122651402,0.09025412032952161,0.6742033384439643
26108,LOF,0.2532236580025043,0.12289654858559393,0.6238797934119017
26109,LOF,0.11998223566353948,0.05538791242792269,0.8246298519085378
26110,LOF,0.24864039643662172,0.00774022884317967,0.7436193747201987
26111,LOF,0.4881994425242511,0.020535404546889083,0.49126515292885986
26112,LOF,0.03252854172316639,0.006632800373426739,0.960838657903407
26113,LOF,0.057605758401133154,0.013407515635066296,0.9289867259638005
26114,LOF,0.026520062927491678,0.021413946470517836,0.9520659906019905
26115,LOF,0.08817236211911104,0.043962031411067345,0.8678656064698216
26116,LOF,0.06195728881964223,0.04315055646773289,0.8948921547126248
26117,LOF,0.4424876292934803,0.04168145829253726,0.5158309124139824
26118,LOF,0.03933289002403414,0.023451757367633056,0.9372153526083328
26119,LOF,0.022798405222119077,0.0381898203955439,0.939011774382337
26120,LOF,0.030864117242529677,0.020933381873770165,0.9482025008837002
26121,LOF,0.042213745665635086,0.08123377692441243,0.8765524774099526
26122,LOF,0.04627809428464458,0.0406678605765662,0.9130540451387892
