feature0,prediction,LoGoFunc_Neutral,LoGoFunc_GOF,LoGoFunc_LOF
25546,Neutral,0.6115225107364305,0.04350361081201352,0.3449738784515561
25547,Neutral,0.5040030302001897,0.06563407429101652,0.4303628955087937
25548,Neutral,0.5175907596210537,0.06033100458607984,0.4220782357928666
25549,LOF,0.45462552712357435,0.05687549953796036,0.48849897333846537
25550,LOF,0.37730212718249256,0.06932106736750453,0.5533768054500028
25551,LOF,0.31357022954567615,0.0740452963254804,0.6123844741288434
25552,LOF,0.28988044380457995,0.07833764913051913,0.631781907064901
25553,Neutral,0.7830793905799353,0.038035651778643424,0.17888495764142126
25554,LOF,0.30665975648444527,0.07110820363443479,0.6222320398811199
25555,LOF,0.2755052761064083,0.07206185724970111,0.6524328666438906
25556,LOF,0.4298062127555615,0.0642865298566272,0.5059072573878113
25557,LOF,0.2627020801063076,0.07079697231414071,0.6665009475795517
25558,LOF,0.3012265112458029,0.06758076749177544,0.6311927212624217
25559,LOF,0.2088684475326727,0.0345878349652755,0.7565437175020517
25560,LOF,0.0981994442161542,0.19944072364816376,0.7023598321356821
25561,LOF,0.08571318678942018,0.28179399823762863,0.6324928149729512
25562,LOF,0.034357949483782076,0.11379370377958835,0.8518483467366296
25563,LOF,0.006792797515188221,0.19746393223161954,0.7957432702531922
25564,LOF,0.07237024280595337,0.12193079161251183,0.8056989655815349
25565,LOF,0.1799504721952226,0.12097553617638353,0.6990739916283939
25566,GOF,0.07833910264904853,0.8003041474155825,0.12135674993536903
25567,LOF,0.04493267090975871,0.18821190405085236,0.766855425039389
25568,LOF,0.06177262828788808,0.10958100767236695,0.828646364039745
25569,LOF,0.06556476365895075,0.10744548938324043,0.8269897469578088
25570,LOF,0.02583026045361937,0.1604565594255229,0.8137131801208578
25571,LOF,0.025402446451774512,0.16954461429783171,0.8050529392503938
25572,LOF,0.052857108409076876,0.2239275014164426,0.7232153901744804
25573,LOF,0.07193408969141044,0.1460288250709109,0.7820370852376787
25574,LOF,0.08230051064914745,0.2764649934007628,0.6412344959500897
25575,LOF,0.025310927934042427,0.18007077034174912,0.7946183017242086
25576,LOF,0.024692195965748554,0.2543677400052525,0.720940064028999
25577,LOF,0.02790101376918771,0.18999209462651778,0.7821068916042945
25578,LOF,0.2701200162500982,0.11468105720161459,0.6151989265482872
25579,LOF,0.1844507644327136,0.11414022762707371,0.7014090079402127
25580,LOF,0.02412993302597058,0.11352813651330604,0.8623419304607233
25581,LOF,0.044703136964477634,0.12219584999568539,0.833101013039837
25582,LOF,0.04412057682330029,0.11866649609006007,0.8372129270866395
25583,LOF,0.030677573121095696,0.12402747254251058,0.8452949543363938
25584,Neutral,0.6993558112133748,0.1514233758045069,0.14922081298211842
25585,LOF,0.025477831498199047,0.20918241060515924,0.7653397578966417
25586,LOF,0.022185576292759097,0.14180079737855367,0.8360136263286871
25587,LOF,0.021225569303896116,0.1347374939995404,0.8440369366965634
25588,LOF,0.026394932014337576,0.10327723562400483,0.8703278323616576
25589,Neutral,0.5399764598950206,0.2617427409156904,0.19828079918928895
25590,LOF,0.05409784541131422,0.15461117833373295,0.7912909762549528
25591,LOF,0.10083541689482095,0.1005744756916172,0.798590107413562
25592,LOF,0.07609505651328329,0.1981399336081249,0.7257650098785917
25593,LOF,0.1335081017956784,0.38214792230753836,0.48434397589678324
25594,LOF,0.045351858994634224,0.03907385494608441,0.9155742860592814
25595,LOF,0.043942340377689224,0.022558641459275268,0.9334990181630355
25596,LOF,0.11959034956819437,0.015833395604130395,0.8645762548276753
25597,LOF,0.08540860653576772,0.012985422167746292,0.901605971296486
25598,LOF,0.04613477338723017,0.02457609092617472,0.9292891356865951
25599,LOF,0.03012077920890695,0.39725416812085923,0.5726250526702338
25600,LOF,0.18519441345127907,0.35489063644378566,0.4599149501049352
25601,LOF,0.049288532749365434,0.28189870755487056,0.668812759695764
25602,LOF,0.030613783754563716,0.06569149598544324,0.903694720259993
25603,LOF,0.05113725392649341,0.07798553568767823,0.8708772103858283
25604,LOF,0.054360429024579875,0.12976489535999364,0.8158746756154265
25605,LOF,0.05057159338055687,0.17905534691795297,0.7703730597014902
25606,Neutral,0.43738499210807025,0.2503751631741586,0.3122398447177712
25607,LOF,0.028537189231368294,0.2559424836540719,0.7155203271145598
25608,LOF,0.04663176613267317,0.09019450676021223,0.8631737271071145
25609,GOF,0.21371844382545627,0.4966043766399783,0.28967717953456545
25610,LOF,0.019837705947610015,0.08064674579218488,0.8995155482602052
25611,LOF,0.014692274625049592,0.0860264542384529,0.8992812711364975
25612,LOF,0.054823440109044046,0.08930990663366552,0.8558666532572904
25613,LOF,0.05223533716743758,0.08672988625917613,0.8610347765733862
25614,LOF,0.0240504565758435,0.07524329819999219,0.9007062452241644
25615,LOF,0.048021817375484034,0.06673452191959467,0.8852436607049212
25616,LOF,0.05968315716324152,0.08611102406436437,0.8542058187723941
25617,LOF,0.050312829600065126,0.08985619214037728,0.8598309782595575
25618,LOF,0.04687011986115496,0.14711494390475696,0.806014936234088
25619,LOF,0.01415951430900924,0.11136613880904098,0.8744743468819498
25620,LOF,0.04757595353290032,0.08614622282614687,0.8662778236409528
25621,LOF,0.07490778679638364,0.07588352323842369,0.8492086899651927
25622,LOF,0.0839166832534792,0.08079696539101335,0.8352863513555074
25623,LOF,0.06607984624196643,0.07274789278074853,0.861172260977285
25624,LOF,0.023197534510145217,0.08435911541555072,0.8924433500743041
25625,LOF,0.07007219218185441,0.07734410288771115,0.8525837049304343
25626,LOF,0.05327985119532434,0.08475742689647767,0.8619627219081979
25627,Neutral,0.892587639930297,0.023971281792734413,0.08344107827696871
25628,LOF,0.19481294568366336,0.06401867440077384,0.7411683799155627
25629,LOF,0.06886807052600248,0.06893765161868547,0.8621942778553121
25630,LOF,0.3337355379292446,0.07182499944993506,0.5944394626208204
25631,Neutral,0.5349187049143153,0.045892021418620865,0.41918927366706404
25632,LOF,0.030803385849939944,0.1563145418104313,0.8128820723396286
25633,LOF,0.18970025556488096,0.08089118810145134,0.7294085563336676
25634,LOF,0.043112711243008035,0.13149392592015355,0.8253933628368384
25635,LOF,0.034193049011633427,0.06277576329841611,0.9030311876899504
25636,GOF,0.03477784924539415,0.5438384482050455,0.42138370254956037
25637,GOF,0.042615926589477715,0.5649840420091908,0.39240003140133145
25638,GOF,0.021307013197846576,0.5005846230489187,0.4781083637532347
25639,LOF,0.03189328422410659,0.4633235042227005,0.504783211553193
25640,Neutral,0.8004878788497932,0.1498197348772643,0.049692386272942396
25641,LOF,0.12967981394086942,0.26940566921559245,0.6009145168435381
25642,LOF,0.122107449906412,0.13988076294490773,0.7380117871486803
25643,LOF,0.3574975586486116,0.07619566426151628,0.5663067770898721
25644,GOF,0.010065674296803299,0.6428029814752363,0.34713134422796044
25645,GOF,0.014594417869222033,0.599892880983204,0.3855127011475739
25646,LOF,0.024394780593722715,0.4403388500916875,0.5352663693145898
25647,LOF,0.0097329371059043,0.3247339848913486,0.6655330780027471
25648,LOF,0.015252448179552654,0.3614499286150444,0.6232976232054029
25649,LOF,0.008552772864302732,0.31731363279691904,0.6741335943387783
25650,GOF,0.03363586828719619,0.5898841949067123,0.3764799368060915
25651,LOF,0.011522524077851048,0.39565536351941266,0.5928221124027363
25652,LOF,0.011084015303364355,0.43938622353288637,0.5495297611637494
25653,GOF,0.04510963194169543,0.5648832203455241,0.39000714771278056
25654,LOF,0.01195689284571142,0.32942149789376896,0.6586216092605196
25655,GOF,0.13761234387457066,0.6110139406306705,0.2513737154947589
25656,LOF,0.19509105941550228,0.06285051229391578,0.7420584282905819
25657,LOF,0.03298633406281052,0.0722707849939274,0.8947428809432622
25658,LOF,0.2569335448098943,0.08569071639824871,0.657375738791857
25659,LOF,0.3968107091814822,0.09544286798105596,0.5077464228374619
25660,LOF,0.022001551940438437,0.1040018167059691,0.8739966313535925
25661,LOF,0.07194274863803342,0.06780302495539513,0.8602542264065715
25662,LOF,0.03032715631387403,0.04354653742375367,0.9261263062623724
25663,LOF,0.03277143911720162,0.040820792012186885,0.9264077688706115
25664,LOF,0.09037534597019314,0.06793461775813052,0.8416900362716763
25665,LOF,0.05252201329005974,0.03619353622001422,0.911284450489926
25666,LOF,0.06790420173666813,0.05458191930584034,0.8775138789574917
25667,LOF,0.06203344613221325,0.04854477425677557,0.8894217796110111
25668,LOF,0.03069135670821666,0.059679465838470704,0.9096291774533125
25669,LOF,0.0215940558529207,0.05446311214047165,0.9239428320066078
25670,LOF,0.11074027624059056,0.05228057174632922,0.8369791520130804
25671,LOF,0.0937461037433589,0.04121304953003605,0.865040846726605
25672,LOF,0.04642552713526752,0.057419986425762924,0.8961544864389694
25673,LOF,0.07524607005518488,0.04949393669819065,0.8752599932466244
25674,LOF,0.07169331158418199,0.06359513358289962,0.8647115548329184
25675,LOF,0.06769298479637795,0.07954600344812074,0.8527610117555012
25676,LOF,0.01641244735936561,0.06831724613733199,0.9152703065033024
25677,LOF,0.016718052252673993,0.08870057497769064,0.8945813727696353
25678,LOF,0.16820457125724628,0.09309827041414173,0.7386971583286119
25679,LOF,0.11081050410392299,0.09466555122368843,0.7945239446723885
25680,LOF,0.026972928143748624,0.13107987772420715,0.8419471941320442
25681,LOF,0.040199781682699234,0.11993751875295142,0.8398626995643492
25682,LOF,0.1132133429996433,0.07335929534819384,0.813427361652163
25683,LOF,0.08743695209472595,0.08733853721283243,0.8252245106924416
25684,LOF,0.02763747472878181,0.06426516956927035,0.9080973557019478
25685,LOF,0.12544936275086252,0.1148185046040706,0.7597321326450669
25686,LOF,0.06932979465651533,0.17524396536021686,0.7554262399832679
25687,LOF,0.12701137334214213,0.15546523641913512,0.7175233902387228
25688,LOF,0.4591572265607083,0.025218740103553756,0.515624033335738
25689,LOF,0.2957689461845057,0.03806904581409238,0.6661620080014019
25690,LOF,0.3840889765019286,0.02351038783432406,0.5924006356637473
25691,Neutral,0.7317210833547458,0.021155039813876536,0.24712387683137768
25692,LOF,0.36127295084292926,0.009609736106082355,0.6291173130509885
25693,GOF,0.038344527390856684,0.5085005785814694,0.4531548940276739
25694,LOF,0.11208710999534295,0.017691937657338157,0.8702209523473189
25695,LOF,0.10618763472391404,0.008087620590913672,0.8857247446851721
25696,LOF,0.08816617687167874,0.010550371413302603,0.9012834517150187
25697,LOF,0.052464441452876424,0.06708688630760841,0.8804486722395152
25698,LOF,0.2569979488079239,0.2615234452277008,0.48147860596437525
25699,LOF,0.42052951489511026,0.03374517973354982,0.54572530537134
25700,LOF,0.06269270656709802,0.00981056211156931,0.9274967313213326
25701,LOF,0.2031832302201645,0.029177219124910052,0.7676395506549256
25702,GOF,0.19346615823938718,0.6187136463514346,0.18782019540917827
25703,LOF,0.01697430807041822,0.14273753248536764,0.8402881594442142
25704,LOF,0.037167191427349214,0.11613662536397899,0.8466961832086718
25705,LOF,0.04311786300098397,0.07837345552151832,0.8785086814774977
25706,GOF,0.09946933464234343,0.4830192419583435,0.4175114233993131
25707,LOF,0.09433946594150047,0.394846036445456,0.5108144976130434
25708,LOF,0.03234836182133372,0.408945273177565,0.5587063650011013
25709,LOF,0.0754458457241696,0.03400247066234112,0.8905516836134892
25710,LOF,0.016753952940985962,0.14099018193455296,0.842255865124461
25711,LOF,0.021309501411134257,0.07034339721692724,0.9083471013719384
25712,LOF,0.01781237097320031,0.18772258535820713,0.7944650436685926
25713,LOF,0.01976605172055784,0.07034222942145966,0.9098917188579825
25714,LOF,0.08360070029601688,0.049387550364821044,0.8670117493391621
25715,LOF,0.012009916395995291,0.10914994802756976,0.878840135576435
25716,LOF,0.011603931013857316,0.10348563024739311,0.8849104387387496
25717,LOF,0.018537941396756463,0.06904704417211815,0.9124150144311255
25718,LOF,0.011969285143178127,0.04599718810877984,0.942033526748042
25719,LOF,0.02159510693717948,0.06645457455004701,0.9119503185127735
25720,LOF,0.03029181333750497,0.04510755541841425,0.9246006312440808
25721,LOF,0.011890142804679985,0.06378783314570248,0.9243220240496175
25722,LOF,0.013542632262473243,0.05394295512957776,0.932514412607949
25723,LOF,0.02522082209399072,0.0369741234334334,0.9378050544725759
25724,LOF,0.03755552230217245,0.07775701507742366,0.8846874626204039
25725,LOF,0.01123787424604922,0.06553816073541617,0.9232239650185348
25726,LOF,0.01769814338533854,0.07755787478518059,0.9047439818294809
25727,LOF,0.013988863313548596,0.050375818019593656,0.9356353186668579
25728,LOF,0.011222338151208119,0.06534936671307819,0.9234282951357138
25729,LOF,0.011467173911218084,0.06505728252987973,0.9234755435589022
25730,LOF,0.01538647739815405,0.06659325520402451,0.9180202673978215
25731,LOF,0.018567736341228772,0.10005143044240355,0.8813808332163676
25732,LOF,0.01461568671562842,0.04224368216092323,0.9431406311234484
25733,LOF,0.01449152330876296,0.05409453821926008,0.9314139384719771
25734,LOF,0.012704755807345527,0.1251729091972897,0.8621223349953648
25735,LOF,0.011612558952432114,0.0527929842268472,0.9355944568207206
25736,LOF,0.013024933494298577,0.05765838910984707,0.9293166773958544
25737,LOF,0.013766962337521683,0.10475059540833026,0.881482442254148
25738,LOF,0.013424477676006233,0.09510156097195555,0.8914739613520382
25739,LOF,0.021778905528735144,0.06457631523743493,0.9136447792338299
25740,LOF,0.03224668061379239,0.1058422222314055,0.8619110971548022
25741,LOF,0.016657721903334935,0.10279295872573756,0.8805493193709275
25742,LOF,0.1231816995931289,0.07039415775061138,0.8064241426562597
25743,LOF,0.04111467087466527,0.06641309458310053,0.8924722345422342
25744,Neutral,0.5934418999451887,0.28321331327723537,0.1233447867775759
25745,LOF,0.0631431341417964,0.10555727489450303,0.8312995909637005
25746,LOF,0.04242724939129836,0.13905931379134642,0.8185134368173552
25747,LOF,0.018749992152461925,0.13570701198727478,0.8455429958602633
25748,LOF,0.0981527671224087,0.21130189090040316,0.6905453419771882
25749,LOF,0.02283217181743612,0.11568849341369203,0.861479334768872
25750,LOF,0.056488473218999885,0.14246451354383738,0.8010470132371628
25751,LOF,0.1195369039684062,0.18586562163558698,0.6945974743960067
25752,GOF,0.11647729868435576,0.6608236760467445,0.2226990252688997
25753,LOF,0.03707224513458201,0.33825474387501453,0.6246730109904035
25754,GOF,0.02036280477455565,0.7899917480341139,0.1896454471913304
25755,LOF,0.03398885455519429,0.334677916829119,0.6313332286156867
25756,LOF,0.06311518453912503,0.4234581663553574,0.5134266491055176
25757,GOF,0.01663632934353406,0.8790753063160597,0.10428836434040635
25758,GOF,0.024946293777175114,0.7892304587016941,0.18582324752113094
25759,GOF,0.012592061496870362,0.66095253381889,0.3264554046842397
25760,LOF,0.0168367231964199,0.4050498910099788,0.5781133857936013
25761,GOF,0.2799736003363227,0.633353883560364,0.08667251610331321
25762,LOF,0.04887131286910898,0.3600953013998835,0.5910333857310075
25763,LOF,0.01567693348512053,0.28044482515713504,0.7038782413577445
25764,GOF,0.06125053604490197,0.7111686440635352,0.22758081989156284
25765,GOF,0.03161761441780524,0.7991349163773791,0.16924746920481568
25766,GOF,0.08282607078075906,0.7492946725551547,0.16787925666408626
25767,LOF,0.16247302801540917,0.39566705302668564,0.44185991895790533
25768,LOF,0.1239585212521578,0.0355847858787796,0.8404566928690625
25769,LOF,0.05221017182356947,0.0615681048838353,0.8862217232925952
25770,LOF,0.3990534618678271,0.12732152811062175,0.4736250100215512
25771,LOF,0.06876480683830945,0.05392139169217061,0.8773138014695199
25772,LOF,0.020068668976582625,0.05530177509337295,0.9246295559300444
25773,LOF,0.07439225978493438,0.059402818662703416,0.8662049215523622
25774,LOF,0.028875325861039757,0.12813212896022566,0.8429925451787346
25775,LOF,0.08303657592575106,0.050114488858768534,0.8668489352154803
25776,LOF,0.07332744158887843,0.03359920180324764,0.8930733566078739
25777,Neutral,0.5430573404653899,0.07958167797019253,0.3773609815644175
25778,LOF,0.06552578735104764,0.049005869931920784,0.8854683427170316
25779,GOF,0.4325406872229072,0.5205606812897685,0.046898631487324274
25780,GOF,0.361394043016004,0.5374666670527596,0.10113928993123633
25781,GOF,0.10161456064008359,0.7682128827172953,0.13017255664262117
25782,GOF,0.16550940771172384,0.7318882422593012,0.10260235002897504
25783,GOF,0.024079207420325766,0.6797353284322272,0.2961854641474471
25784,Neutral,0.542032061289877,0.40948707873140505,0.048480859978717955
25785,Neutral,0.5229786110857145,0.4113264066254805,0.06569498228880498
25786,GOF,0.03117394673682708,0.6953463287579994,0.27347972450517355
25787,Neutral,0.7072814620363501,0.25367248349222116,0.03904605447142883
25788,LOF,0.0629288203681875,0.07250699564708345,0.864564183984729
25789,GOF,0.21482780853327613,0.6236322667122347,0.16153992475448922
25790,GOF,0.23853425423826305,0.6371587300646834,0.12430701569705352
25791,GOF,0.12953139371431677,0.6305383943307975,0.23993021195488576
25792,GOF,0.33191904630621016,0.47829788609457596,0.18978306759921382
25793,GOF,0.24842412309270304,0.44719762702500493,0.3043782498822922
25794,GOF,0.3442845328825335,0.41399962090921805,0.24171584620824835
25795,GOF,0.057249883997881675,0.6606478564141006,0.28210225958801777
25796,Neutral,0.5398922056882899,0.36546547245086536,0.09464232186084473
25797,GOF,0.08157828767291063,0.5065875228150539,0.4118341895120356
25798,LOF,0.010280720971884478,0.4824663515936295,0.507252927434486
25799,LOF,0.008317327917853693,0.44558055182407524,0.546102120258071
25800,GOF,0.037714415303628554,0.6065939844698344,0.3556916002265372
25801,GOF,0.24364209055656627,0.6187409655668065,0.13761694387662735
25802,GOF,0.067640897977465,0.6068305148249288,0.32552858719760625
25803,GOF,0.0447112009358367,0.5198058424630461,0.43548295660111713
25804,LOF,0.03650456937249665,0.4429030014571295,0.5205924291703738
25805,GOF,0.08924679346732962,0.5003591705332185,0.4103940359994518
25806,GOF,0.11466661617229838,0.5366366049771791,0.3486967788505226
25807,GOF,0.02014622273423903,0.5638483535960775,0.41600542366968346
25808,GOF,0.09606383015565617,0.5286114413411899,0.37532472850315396
25809,GOF,0.01791441488386526,0.5542122039736899,0.4278733811424448
25810,GOF,0.01854688414170796,0.5452390278667093,0.43621408799158273
25811,Neutral,0.4806384016297594,0.44193515838992964,0.07742643998031101
25812,GOF,0.03832542066403671,0.5866651404607145,0.37500943887524885
25813,Neutral,0.5909739733224546,0.2759252376460116,0.1331007890315337
25814,GOF,0.1312627313520828,0.5923612078858244,0.27637606076209276
25815,GOF,0.2776121987505403,0.5231390327128278,0.199248768536632
25816,GOF,0.020910914099012266,0.6462635197175369,0.3328255661834508
25817,GOF,0.1939674053333396,0.6669678421615176,0.13906475250514272
25818,GOF,0.03445269965434652,0.5610374289188386,0.404509871426815
25819,GOF,0.337320022212355,0.45706272132921344,0.20561725645843149
25820,GOF,0.1755786344470487,0.5587490004407418,0.26567236511220943
25821,GOF,0.05797436477886037,0.6169887269707985,0.32503690825034115
25822,GOF,0.24383461180728958,0.5069194415484345,0.24924594664427588
25823,LOF,0.03466605218633423,0.48136098573512826,0.4839729620785375
25824,GOF,0.07403807763445477,0.48759478415534235,0.43836713821020284
25825,GOF,0.028627338275831585,0.5014096431454053,0.4699630185787631
25826,LOF,0.010726535417973745,0.4770761870138998,0.5121972775681265
25827,GOF,0.017924262750187596,0.5246521618295326,0.45742357542027984
25828,LOF,0.012083212278920952,0.4410852308856374,0.5468315568354417
25829,GOF,0.007232400976884229,0.5040891065403317,0.48867849248278405
25830,LOF,0.040982027769589105,0.261853857770809,0.6971641144596019
25831,GOF,0.13020289560176357,0.7230209225041754,0.14677618189406091
25832,GOF,0.0334453034451758,0.6468335578596708,0.3197211386951534
25833,GOF,0.11336564703697315,0.6451637110980689,0.24147064186495776
25834,GOF,0.03981754885789776,0.6406814360150297,0.3195010151270726
25835,GOF,0.10088695891087969,0.5950611734882089,0.30405186760091146
25836,GOF,0.048480055757204266,0.6296331836101925,0.3218867606326032
25837,GOF,0.024359628757362847,0.4912894918186508,0.48435087942398636
25838,GOF,0.09654525303863698,0.6581149713659369,0.24533977559542605
25839,GOF,0.28753350455976384,0.4823504496706102,0.23011604576962602
25840,GOF,0.23345536439340775,0.5377654262859408,0.22877920932065146
25841,GOF,0.2783813602022684,0.5086288451597121,0.21298979463801962
25842,GOF,0.1601763010767464,0.5763285769973919,0.26349512192586166
25843,GOF,0.22315238284766542,0.58476835422049,0.19207926293184457
25844,GOF,0.06479082078571655,0.6197103745029725,0.315498804711311
25845,LOF,0.014304741458527646,0.48834311279813053,0.49735214574334174
25846,GOF,0.08638110513245463,0.7017587525136816,0.21186014235386372
25847,GOF,0.10674150765080782,0.6842923464203958,0.20896614592879645
25848,GOF,0.04057938511870896,0.627920313272586,0.3315003016087049
25849,GOF,0.011547568289413095,0.5166476297714723,0.4718048019391147
25850,GOF,0.026153112281622887,0.600887840335391,0.3729590473829861
25851,GOF,0.020819707113293832,0.5119971743550337,0.46718311853167244
25852,GOF,0.12593314783136186,0.5745574984634482,0.29950935370518994
25853,GOF,0.32893695432865433,0.5734894454674394,0.09757360020390639
25854,GOF,0.019171504398129816,0.6410522861825244,0.3397762094193458
25855,GOF,0.04300046117726402,0.6325174851899849,0.3244820536327511
25856,GOF,0.2530247734032879,0.5611555416750342,0.18581968492167783
25857,GOF,0.036918334778476426,0.544940641101674,0.41814102411984955
25858,GOF,0.019864517318273236,0.5869586360556559,0.3931768466260708
25859,GOF,0.010800107943849387,0.5806002292825522,0.4085996627735985
25860,GOF,0.3361480488107912,0.5497634289537662,0.1140885222354427
25861,GOF,0.3422616977640966,0.5676280426805698,0.09011025955533368
25862,GOF,0.07089996859027801,0.756174821392139,0.1729252100175829
25863,GOF,0.07331090246619658,0.7757170568577971,0.15097204067600636
25864,GOF,0.13091314518719768,0.7710891245611796,0.09799773025162278
25865,GOF,0.06558362493163489,0.7859964897272912,0.148419885341074
25866,GOF,0.056099597861730716,0.8139956662915578,0.12990473584671142
25867,GOF,0.0739202402680299,0.8065969678784878,0.11948279185348233
25868,GOF,0.2459523169664354,0.6383784933132266,0.11566918972033803
25869,Neutral,0.6669531021905498,0.2831582535113607,0.04988864429808963
25870,LOF,0.254046497524558,0.23976570420434992,0.5061877982710921
25871,GOF,0.21170800362055522,0.6146091466216186,0.1736828497578261
25872,GOF,0.08870877279884466,0.5973957675222993,0.31389545967885596
25873,GOF,0.15909366473370257,0.5706267408038935,0.27027959446240407
25874,LOF,0.024764576958006573,0.07877668284822827,0.8964587401937653
25875,LOF,0.06884818645296001,0.08162168936653746,0.8495301241805024
25876,LOF,0.028133082738761566,0.07796508128072564,0.8939018359805128
25877,Neutral,0.5108495749147859,0.07887928994970086,0.4102711351355133
25878,LOF,0.2251942409634179,0.12942043943837156,0.6453853195982105
25879,LOF,0.11491679155515278,0.15019560864627957,0.7348875997985677
25880,LOF,0.02304499077582981,0.029773739030095107,0.947181270194075
25881,LOF,0.21683822398011013,0.24452306713018016,0.5386387088897097
25882,LOF,0.07959217303511634,0.021310496770365752,0.8990973301945179
25883,LOF,0.08505324056832814,0.046447826409826455,0.8684989330218453
25884,LOF,0.047197228683322275,0.05704354500789282,0.8957592263087848
25885,LOF,0.06093027932616758,0.030919166498114103,0.9081505541757184
25886,LOF,0.3519241415823856,0.1143906095411416,0.5336852488764728
25887,LOF,0.21391844799785048,0.17840012851955447,0.607681423482595
25888,LOF,0.08082770170405715,0.1279489710583258,0.791223327237617
25889,LOF,0.0404436871975542,0.054728999959917576,0.9048273128425283
25890,LOF,0.06290718447134708,0.1330995998688279,0.8039932156598251
25891,LOF,0.06470735670715198,0.0528402336358162,0.8824524096570318
25892,LOF,0.09844983063461193,0.029839919802124717,0.8717102495632634
25893,LOF,0.3243047576565495,0.018427689034554846,0.6572675533088955
25894,LOF,0.17263645793713042,0.008707923955261038,0.8186556181076086
25895,LOF,0.22605699993964776,0.021479729354467417,0.7524632707058849
25896,LOF,0.043804791123015184,0.02315393830449963,0.9330412705724851
25897,LOF,0.2263244879068376,0.019073490788878884,0.7546020213042836
25898,Neutral,0.7857619839476806,0.013839550124007723,0.20039846592831162
25899,LOF,0.24355131039024852,0.048169153469604986,0.7082795361401465
25900,Neutral,0.6024285747612129,0.017881462198621686,0.37968996304016533
25901,LOF,0.05291579618859644,0.013087684766704057,0.9339965190446995
25902,LOF,0.18267206974090908,0.012529492356375304,0.8047984379027155
25903,Neutral,0.6235205232865219,0.03401418586278731,0.3424652908506909
25904,LOF,0.24107901291413839,0.045143218787969515,0.7137777682978921
25905,LOF,0.030806295578389296,0.38462111958782763,0.5845725848337832
25906,LOF,0.025706773024289746,0.07605046574419781,0.8982427612315125
25907,LOF,0.01172210415294057,0.40642126796017475,0.5818566278868847
25908,LOF,0.01199865023995101,0.28747421454129396,0.7005271352187551
25909,LOF,0.016396409446462916,0.1421311294180265,0.8414724611355106
25910,LOF,0.028105860010386525,0.31577791056996835,0.6561162294196451
25911,LOF,0.07442948973898596,0.0597204700817557,0.8658500401792585
25912,LOF,0.040060773245287604,0.0980929904205945,0.8618462363341179
25913,LOF,0.256346164758823,0.050670477599036964,0.69298335764214
25914,LOF,0.026674050092784746,0.12156978025593526,0.8517561696512801
25915,LOF,0.3830095418073087,0.20316745657647015,0.41382300161622126
25916,LOF,0.04796565421700845,0.2921418604134969,0.6598924853694946
25917,LOF,0.05394049419431187,0.054400836147524896,0.8916586696581632
25918,LOF,0.035345717637930776,0.06485493073418996,0.8997993516278794
25919,LOF,0.03070632928362066,0.06707816972811856,0.9022155009882609
25920,GOF,0.12940626269812303,0.5030207984628289,0.3675729388390482
25921,LOF,0.03396973948060364,0.03104415062001182,0.9349861098993847
25922,LOF,0.046586576187272494,0.018984983334976557,0.9344284404777509
25923,LOF,0.3871288705775931,0.02011472564219873,0.5927564037802082
25924,LOF,0.03992267418123452,0.024129794052170292,0.9359475317665952
25925,LOF,0.07142869573583191,0.03470424309913714,0.893867061165031
25926,LOF,0.05157123457386376,0.02001800822127467,0.9284107572048617
25927,LOF,0.08437290173065198,0.049533847853576396,0.8660932504157717
25928,LOF,0.02530970909555816,0.021230002369537652,0.9534602885349042
25929,Neutral,0.5380911870461017,0.02294855573186035,0.43896025722203785
25930,LOF,0.06423481809954498,0.015227969883171476,0.9205372120172837
25931,LOF,0.03232305695874852,0.01701538015826882,0.9506615628829826
25932,LOF,0.028057203615769976,0.014562633554699552,0.9573801628295304
25933,LOF,0.0394327372597785,0.009737167773512799,0.9508300949667087
25934,LOF,0.026414367156701663,0.013001468041489377,0.960584164801809
25935,LOF,0.07447678056202356,0.029306498993120402,0.896216720444856
25936,LOF,0.04442066509124364,0.01622936140290829,0.939349973505848
25937,LOF,0.03618583170717711,0.022391991448791684,0.9414221768440313
25938,LOF,0.06853554738501624,0.038166425385130154,0.8932980272298536
25939,LOF,0.04348223804909177,0.009945109780559297,0.9465726521703489
25940,LOF,0.021986109207454713,0.411766441642545,0.5662474491500002
25941,LOF,0.15187090387578883,0.12420040845028471,0.7239286876739264
25942,LOF,0.01324654164926284,0.049413934527946575,0.9373395238227906
25943,LOF,0.3494779007753993,0.11228972086079538,0.5382323783638053
25944,LOF,0.4613687359356745,0.06697667919085515,0.4716545848734703
25945,LOF,0.07107595977638695,0.042524313014214984,0.8863997272093981
25946,LOF,0.0334657959702193,0.13154660625419234,0.8349875977755883
25947,LOF,0.13644609600821447,0.14252786574613224,0.7210260382456533
25948,LOF,0.3860958603410647,0.015284920423342136,0.5986192192355932
25949,LOF,0.10990979447509049,0.0550689779589565,0.8350212275659531
25950,GOF,0.17582814821025933,0.421035003803225,0.4031368479865157
25951,LOF,0.23616955026216194,0.1615236958141332,0.6023067539237049
25952,LOF,0.06626580923203788,0.37146489414338507,0.562269296624577
25953,LOF,0.1435682050621885,0.10249315368616888,0.7539386412516427
25954,LOF,0.3336633460598841,0.21277523844702337,0.45356141549309253
25955,LOF,0.06952908338898195,0.09255454002604613,0.837916376584972
25956,LOF,0.2104006903916556,0.0632901853928684,0.7263091242154759
25957,LOF,0.04899381396431058,0.02181682629013031,0.9291893597455592
25958,LOF,0.05628119392387476,0.024034363045140922,0.9196844430309843
25959,LOF,0.08201741964385291,0.3744856889687556,0.5434968913873914
25960,LOF,0.02306667323679314,0.05247401497528158,0.9244593117879254
25961,LOF,0.04693986192298712,0.03346851725950946,0.9195916208175036
25962,LOF,0.06958817073075597,0.03885961598208864,0.8915522132871554
25963,LOF,0.061341671573965424,0.18465283053112203,0.7540054978949127
25964,LOF,0.03727822686592874,0.15724708011106509,0.8054746930230062
25965,Neutral,0.47362218161764463,0.07522982355177912,0.4511479948305762
25966,LOF,0.33334724199572396,0.2448559720796945,0.42179678592458164
25967,LOF,0.015870873279469903,0.07548437835320249,0.9086447483673277
25968,LOF,0.04275100949916562,0.3911615830004727,0.5660874075003617
25969,LOF,0.027075291699302034,0.055802460974442636,0.9171222473262554
25970,LOF,0.07013510500381594,0.0644858016397548,0.8653790933564293
25971,LOF,0.08602705794718284,0.032151778551606565,0.8818211635012105
25972,LOF,0.08606809709383911,0.03466456358050814,0.8792673393256527
25973,LOF,0.08915542749054588,0.01044744399228956,0.9003971285171645
25974,LOF,0.3198463733997803,0.021236747948900982,0.6589168786513186
25975,LOF,0.059798158227048114,0.037897087593336196,0.9023047541796156
25976,LOF,0.03704400209143824,0.024721276408474574,0.9382347215000871
25977,LOF,0.13031159986071061,0.1480296418569345,0.7216587582823549
25978,LOF,0.1276330640973594,0.10656177529514466,0.7658051606074958
25979,LOF,0.1255697775380799,0.09783011862074487,0.7766001038411752
25980,LOF,0.14265675315999793,0.18314004824574526,0.6742031985942568
25981,LOF,0.17758143291939596,0.1752762451814952,0.6471423218991088
25982,LOF,0.37969301961857255,0.10202868256036582,0.5182782978210616
25983,LOF,0.3694419688515311,0.09469326707605341,0.5358647640724156
25984,LOF,0.04713870568911993,0.10885099646353212,0.8440102978473479
25985,LOF,0.02154426571135386,0.36735783225322516,0.6110979020354209
25986,LOF,0.023686644517630036,0.34022688665785494,0.636086468824515
25987,LOF,0.07878500433438324,0.11986906462855976,0.8013459310370571
25988,LOF,0.11449417965666779,0.09238974571287355,0.7931160746304586
25989,LOF,0.026052943951453376,0.1810276697109042,0.7929193863376425
25990,LOF,0.03339763793493504,0.17957012360345273,0.7870322384616123
25991,LOF,0.17618665429324523,0.4076581520622084,0.4161551936445463
25992,LOF,0.3025173618456029,0.2939869074758133,0.4034957306785838
25993,LOF,0.028500263380319853,0.08409501300044755,0.8874047236192326
25994,LOF,0.018399796089028232,0.10517075507509407,0.8764294488358777
25995,LOF,0.03176744835275256,0.12076182716659292,0.8474707244806545
25996,GOF,0.19957636979435384,0.5536193608780956,0.24680426932755065
25997,GOF,0.08110719131801988,0.5182487003655287,0.40064410831645136
25998,Neutral,0.6235646737033931,0.03316706821575133,0.3432682580808556
25999,LOF,0.1722856121135229,0.08620362327984944,0.7415107646066277
26000,LOF,0.09325425191978028,0.02792406778696129,0.8788216802932585
26001,LOF,0.19760644134728092,0.03703831109778045,0.7653552475549387
26002,LOF,0.12163029846866334,0.032425636142225836,0.8459440653891107
26003,GOF,0.010568301124151734,0.6741993143798795,0.31523238449596874
26004,GOF,0.02362158596150164,0.7061302494970716,0.2702481645414268
26005,GOF,0.01150674751109433,0.5305794898108536,0.4579137626780521
26006,Neutral,0.5478275967015854,0.2560380932796982,0.19613431001871648
26007,GOF,0.01723371017328862,0.6146638099092042,0.36810247991750705
26008,GOF,0.019671635672192638,0.5891184736417148,0.3912098906860926
26009,GOF,0.0322446424913099,0.6857002452994037,0.2820551122092865
26010,GOF,0.02148394207666919,0.7403944305808906,0.23812162734244022
26011,GOF,0.010175686268833768,0.5311014460962488,0.45872286763491743
26012,GOF,0.017830415902129707,0.586077675511134,0.39609190858673626
26013,GOF,0.015376361269281208,0.7281040165700098,0.2565196221607091
26014,LOF,0.04811909646854379,0.1638199365318712,0.788060966999585
26015,LOF,0.1653248027373437,0.010251920570781404,0.8244232766918749
26016,LOF,0.2642308706949897,0.05160740244946108,0.6841617268555493
26017,LOF,0.17440584735837608,0.09713974544330264,0.7284544071983214
26018,LOF,0.08919482950320902,0.032338460957054636,0.8784667095397363
26019,LOF,0.08989281502353978,0.020953203329862218,0.8891539816465981
26020,LOF,0.06184243775509851,0.10384685786478386,0.8343107043801177
26021,LOF,0.05425921120143998,0.14018446029866044,0.8055563284998996
26022,LOF,0.009705462151285461,0.06699945545359849,0.9232950823951162
26023,LOF,0.10957643666754831,0.01961764165802564,0.8708059216744262
26024,LOF,0.028656603342053777,0.11719166142161296,0.8541517352363334
26025,LOF,0.16306064060348913,0.07550808773475785,0.761431271661753
26026,LOF,0.3314056582812533,0.013068766341758829,0.655525575376988
26027,LOF,0.08555861507837771,0.01464480453491575,0.8997965803867065
26028,LOF,0.17803945183838024,0.09973008788654342,0.7222304602750763
26029,LOF,0.11629494037927139,0.15135289178861405,0.7323521678321145
26030,LOF,0.03257476839055843,0.06709058085221024,0.9003346507572313
26031,LOF,0.04272409825447662,0.12727035901682085,0.8300055427287024
26032,LOF,0.08354078127100364,0.052169831375782454,0.8642893873532138
26033,LOF,0.13734876323289863,0.060284388356381564,0.8023668484107198
26034,LOF,0.06872423438921903,0.12546044570876339,0.8058153199020176
26035,LOF,0.0442243400162028,0.1045224215535173,0.85125323843028
26036,LOF,0.06454252695541796,0.12615977948373677,0.8092976935608454
26037,LOF,0.03419713997516985,0.10051927002152151,0.8652835900033086
26038,LOF,0.07842505696205535,0.04695316986894533,0.8746217731689994
26039,LOF,0.09252141963767116,0.11319992079752068,0.7942786595648081
26040,LOF,0.22907055431792486,0.09136169473120648,0.6795677509508686
26041,LOF,0.03650539585973354,0.08955984439623811,0.8739347597440283
26042,LOF,0.03523182823538579,0.09520656244828456,0.8695616093163296
26043,LOF,0.07621894949667248,0.06658742879021179,0.8571936217131159
26044,LOF,0.03229343812274256,0.07438848947825509,0.8933180723990023
26045,LOF,0.11596328848203144,0.08659069548321045,0.7974460160347581
26046,LOF,0.08264747264157365,0.06932611702888676,0.8480264103295396
26047,LOF,0.11364227160913189,0.08050173926029822,0.80585598913057
26048,LOF,0.058830781244343884,0.06770674436009379,0.8734624743955623
26049,Neutral,0.9479372939388,0.010369705233750571,0.041693000827449436
26050,Neutral,0.9305127778362862,0.011618883831401305,0.057868338332312495
26051,LOF,0.05767090973856231,0.4183441005046261,0.5239849897568116
26052,GOF,0.05613800331112226,0.4728048396819303,0.4710571570069474
26053,LOF,0.05903383898450825,0.330107533655079,0.6108586273604127
26054,LOF,0.05997024037568338,0.0681597756348551,0.8718699839894616
26055,LOF,0.07486378515895455,0.05620328370900389,0.8689329311320415
26056,LOF,0.06567619689688159,0.06419513469870748,0.8701286684044108
26057,LOF,0.029759180266373145,0.025288214757893553,0.9449526049757334
26058,LOF,0.030029176532098606,0.02291547423018857,0.9470553492377127
26059,LOF,0.34193840371066686,0.07501765955857934,0.5830439367307538
26060,LOF,0.02736471267610944,0.3510656753742106,0.62156961194968
26061,LOF,0.01736179929560058,0.043344376686985014,0.9392938240174143
26062,LOF,0.01312442151621548,0.046761365567462305,0.9401142129163221
26063,LOF,0.024062081529665626,0.024622017457712784,0.9513159010126216
26064,LOF,0.02337878977955441,0.03410835055092489,0.9425128596695207
26065,LOF,0.02651066774824827,0.02549913402548972,0.9479901982262621
26066,LOF,0.02145194930496698,0.02940032633781953,0.9491477243572134
26067,LOF,0.024865858370142806,0.020196075618010522,0.9549380660118467
26068,LOF,0.05483279191801787,0.06986898218658877,0.8752982258953934
26069,LOF,0.4175548692933805,0.047841340253981235,0.5346037904526382
26070,Neutral,0.6273533140516394,0.02500833438646375,0.34763835156189676
26071,LOF,0.023522871533490048,0.02915255546003159,0.9473245730064783
26072,LOF,0.02447481999837784,0.05479986218321991,0.9207253178184023
26073,LOF,0.025922847728467206,0.02446551740153202,0.9496116348700008
26074,Neutral,0.8702786783364788,0.011596100871251744,0.11812522079226949
26075,LOF,0.04409372177135066,0.042310066940633766,0.9135962112880156
26076,LOF,0.04405568486732782,0.018695370457189713,0.9372489446754825
26077,LOF,0.00951462802271377,0.0481095503777865,0.9423758215994998
26078,LOF,0.013439295301279025,0.0344436290689908,0.9521170756297302
26079,LOF,0.057376706087187763,0.04122259529593183,0.9014006986168804
26080,LOF,0.057376706087187763,0.04122259529593183,0.9014006986168804
26081,LOF,0.03434607247486631,0.01533152536683033,0.9503224021583033
26082,LOF,0.021404377786601224,0.03873264880337792,0.9398629734100209
26083,LOF,0.14281778182039295,0.02773515564525713,0.82944706253435
26084,LOF,0.027460659096272134,0.03165625589512477,0.9408830850086031
26085,LOF,0.02393264656850942,0.028722889162812223,0.9473444642686784
26086,LOF,0.023476538294905477,0.029106503957498153,0.9474169577475964
26087,LOF,0.026211559498860452,0.023046130567916632,0.9507423099332228
26088,LOF,0.023953570913265745,0.04996580419036823,0.9260806248963661
26089,LOF,0.05008450658357965,0.05483775837237837,0.895077735044042
26090,LOF,0.04759640830630107,0.04429932126057334,0.9081042704331255
26091,LOF,0.03951398169245918,0.014806805594009544,0.9456792127135314
26092,LOF,0.028417641290378954,0.020709700368717082,0.950872658340904
26093,LOF,0.041500357241771035,0.014574216333112787,0.9439254264251162
26094,LOF,0.04599021560892016,0.012985208438181317,0.9410245759528986
26095,LOF,0.040008059238084225,0.03431854608329651,0.9256733946786193
26096,LOF,0.017737233038582982,0.028903170341247255,0.9533595966201699
26097,LOF,0.011257422376028073,0.0897578033706781,0.8989847742532939
26098,LOF,0.06140196998699418,0.0418516889076684,0.8967463411053375
26099,LOF,0.02443177212919604,0.03743050831477534,0.9381377195560285
26100,LOF,0.025392360327426103,0.03496194503469822,0.9396456946378756
26101,LOF,0.06021600808413626,0.030731930710309118,0.9090520612055546
26102,LOF,0.027734902071722866,0.027827971736811695,0.9444371261914655
26103,Neutral,0.8756479453666796,0.048028988069387796,0.07632306656393281
26104,LOF,0.05557391356844147,0.08210055197378219,0.8623255344577764
26105,LOF,0.2036685935932378,0.25061247232364836,0.5457189340831139
26106,LOF,0.14219137020020056,0.14338734453966454,0.7144212852601348
26107,LOF,0.24920098235389976,0.13934518526550022,0.6114538323806
26108,LOF,0.19605090587244806,0.18369824601697618,0.6202508481105758
26109,LOF,0.059696651046601046,0.1752481309806475,0.7650552179727513
26110,LOF,0.2690678679941054,0.020190597002018643,0.7107415350038759
26111,LOF,0.4684060555802513,0.03403078116200295,0.4975631632577459
26112,LOF,0.04036051578554823,0.01987745437694089,0.9397620298375109
26113,LOF,0.06008868044991859,0.04213351582196625,0.8977778037281152
26114,LOF,0.02320094285138903,0.02602258027689481,0.9507764768717163
26115,LOF,0.10504012318419141,0.04044487917840133,0.8545149976374073
26116,LOF,0.05435116199681782,0.05741938006334188,0.8882294579398403
26117,LOF,0.30013989790486406,0.07893054093264604,0.6209295611624899
26118,LOF,0.040674990670189565,0.042402023260551244,0.9169229860692593
26119,LOF,0.022661487848133856,0.05131747376909668,0.9260210383827696
26120,LOF,0.03161129203955904,0.03177373830474774,0.9366149696556932
26121,LOF,0.053509164569113206,0.09646732238567385,0.850023513045213
26122,LOF,0.058818005168658864,0.04480235638247082,0.8963796384488703
