feature0,prediction,LoGoFunc_Neutral,LoGoFunc_GOF,LoGoFunc_LOF
25546,Neutral,0.625611936522519,0.05710328844715982,0.31728477503032126
25547,Neutral,0.47116745310385444,0.09431415969983704,0.43451838719630853
25548,Neutral,0.48673877941257737,0.07813678484821929,0.4351244357392034
25549,LOF,0.4193918102744992,0.07989266586980405,0.5007155238556967
25550,LOF,0.343655218691847,0.12120650516523838,0.5351382761429146
25551,LOF,0.3069343657230168,0.13173139162714642,0.5613342426498368
25552,LOF,0.2552546294104153,0.12600049296948893,0.6187448776200958
25553,Neutral,0.8105114917391831,0.04918702719150256,0.1403014810693142
25554,LOF,0.2983553772650582,0.11748243823092645,0.5841621845040154
25555,LOF,0.24936341307956264,0.11129429738327518,0.6393422895371621
25556,LOF,0.44629521674177425,0.09753896068568509,0.4561658225725407
25557,LOF,0.23387048958746715,0.11562185573308284,0.6505076546794502
25558,LOF,0.3084404611578608,0.11399431066356036,0.5775652281785789
25559,LOF,0.21815253355790437,0.1559083364446839,0.6259391299974117
25560,LOF,0.1579812146341594,0.09836750344341454,0.7436512819224261
25561,LOF,0.14529857866481205,0.10985470822577884,0.7448467131094091
25562,LOF,0.071375697108181,0.07245133264338675,0.8561729702484323
25563,LOF,0.023555624725308907,0.13737230462280572,0.8390720706518853
25564,LOF,0.21172147007724224,0.11889446386593844,0.6693840660568193
25565,LOF,0.21264192005452207,0.15267449382068024,0.6346835861247977
25566,GOF,0.07732750700893665,0.7511155822960924,0.17155691069497078
25567,LOF,0.0424631124966871,0.1251786546958117,0.8323582328075012
25568,LOF,0.06270370726563038,0.06363489350241511,0.8736613992319545
25569,LOF,0.058599501674330146,0.06566415047830232,0.8757363478473676
25570,LOF,0.027321171876245307,0.09028461558911124,0.8823942125346433
25571,LOF,0.026933498633108347,0.09622307435388623,0.8768434270130054
25572,LOF,0.06418893283306529,0.11420203380645026,0.8216090333604844
25573,LOF,0.0585463063440036,0.08128220575100498,0.8601714879049914
25574,LOF,0.053812780382457084,0.17983297573928683,0.7663542438782561
25575,LOF,0.023250252018062443,0.10780623635275971,0.8689435116291778
25576,LOF,0.03232458449729222,0.13948716151579613,0.8281882539869116
25577,LOF,0.030944949516292067,0.11095532076083305,0.858099729722875
25578,LOF,0.29232240325149544,0.07435592118643268,0.6333216755620719
25579,LOF,0.13375456587099543,0.07955953825831952,0.7866858958706852
25580,LOF,0.020467737636058733,0.07556418045467936,0.903968081909262
25581,LOF,0.056472951115222894,0.06184255752576169,0.8816844913590154
25582,LOF,0.056356058618422834,0.06059357822854093,0.8830503631530363
25583,LOF,0.0202308060068146,0.076148176342789,0.9036210176503964
25584,Neutral,0.6756562103377405,0.09116255734395697,0.2331812323183026
25585,LOF,0.029087540384914137,0.11269555904341493,0.8582169005716709
25586,LOF,0.01790620231167659,0.061921974053989,0.9201718236343345
25587,LOF,0.01736828096314096,0.05668477042538893,0.9259469486114701
25588,LOF,0.021004528217129403,0.066733673363838,0.9122617984190327
25589,Neutral,0.5215049048674395,0.1855932582402997,0.29290183689226074
25590,LOF,0.05249316528388858,0.10216953240912736,0.845337302306984
25591,LOF,0.1017104431801258,0.05079683440614611,0.8474927224137281
25592,LOF,0.05672842910063266,0.12304274803250495,0.8202288228668625
25593,LOF,0.1393453846969863,0.23367239564503361,0.6269822196579801
25594,LOF,0.05387356548059298,0.11175692763039825,0.8343695068890088
25595,LOF,0.052426929346453766,0.07851894516690726,0.869054125486639
25596,LOF,0.1125450399625239,0.04717362176077136,0.8402813382767048
25597,LOF,0.08332088584635902,0.05584779255036631,0.8608313216032746
25598,LOF,0.053914261672075914,0.0820093455573077,0.8640763927706164
25599,LOF,0.02079668236324934,0.4872076420756995,0.491995675561051
25600,GOF,0.18063543056656445,0.5007325391729508,0.31863203026048476
25601,LOF,0.04036236773427577,0.3918416593989304,0.5677959728667938
25602,LOF,0.030660564206382402,0.07233718810589582,0.8970022476877219
25603,LOF,0.029420522849675425,0.03526055732875819,0.9353189198215663
25604,LOF,0.03166484612002928,0.08836609693967677,0.879969056940294
25605,LOF,0.033365551975919186,0.19740357433307518,0.7692308736910057
25606,LOF,0.38925163619051406,0.114282889425703,0.49646547438378297
25607,LOF,0.022233470475188633,0.19648464584614966,0.7812818836786617
25608,LOF,0.03516486774246897,0.07072930360014357,0.8941058286573874
25609,GOF,0.15521319223070876,0.5000405365813888,0.34474627118790246
25610,LOF,0.014231719478106563,0.025501809228785564,0.9602664712931078
25611,LOF,0.012294577782287935,0.02855680901151261,0.9591486132061994
25612,LOF,0.04809672730426259,0.03949342370900209,0.9124098489867354
25613,LOF,0.04437654275728273,0.039453943221741554,0.9161695140209757
25614,LOF,0.018991492826456745,0.023974429143037764,0.9570340780305054
25615,LOF,0.04611248935282932,0.04203772580317505,0.9118497848439956
25616,LOF,0.044104827574003684,0.02701834575360161,0.9288768266723948
25617,LOF,0.03813480490229349,0.03697780806038027,0.9248873870373262
25618,LOF,0.049390411329916534,0.03318616604352416,0.9174234226265593
25619,LOF,0.01260786350708711,0.030178781435878856,0.9572133550570341
25620,LOF,0.05702607480107192,0.04205371136566194,0.9009202138332661
25621,LOF,0.05508906391906304,0.03448306395032031,0.9104278721306167
25622,LOF,0.06696143674500073,0.03327642922496428,0.899762134030035
25623,LOF,0.0721027577887668,0.027624202879629592,0.9002730393316035
25624,LOF,0.017123182746204755,0.031149861946639764,0.9517269553071556
25625,LOF,0.06383327151028452,0.03838834927194838,0.8977783792177672
25626,LOF,0.04655773751829786,0.03546037561528916,0.9179818868664129
25627,Neutral,0.889079395324182,0.018988913048150785,0.09193169162766718
25628,LOF,0.1322519439064734,0.0593072697956049,0.8084407862979217
25629,LOF,0.07264996635556371,0.039417629152613216,0.8879324044918231
25630,LOF,0.27614921812071597,0.07638775743642819,0.6474630244428559
25631,Neutral,0.5513383409971535,0.056536461510011106,0.3921251974928353
25632,LOF,0.027718018205980206,0.07291930747379978,0.8993626743202199
25633,LOF,0.20094871929769856,0.034744152630844356,0.7643071280714572
25634,LOF,0.03384486257338376,0.08856968292913282,0.8775854544974835
25635,LOF,0.03750265210184858,0.04401376665304852,0.918483581245103
25636,LOF,0.03437969843979121,0.42904858142194735,0.5365717201382615
25637,LOF,0.07180025879121596,0.456698441458124,0.47150129975066
25638,LOF,0.032864596041491514,0.3213834134538265,0.6457519905046819
25639,LOF,0.030968127491611864,0.33471133020329574,0.6343205423050923
25640,Neutral,0.8105618951794812,0.14916229263034333,0.04027581219017555
25641,LOF,0.06722544112172547,0.4544600577436841,0.47831450113459045
25642,LOF,0.04071675660868794,0.13848788101391868,0.8207953623773934
25643,LOF,0.21834610403315596,0.16994935186474028,0.6117045441021038
25644,LOF,0.02172043865417475,0.4702418134213228,0.5080377479245024
25645,LOF,0.026100364507759852,0.40945811670035387,0.5644415187918862
25646,LOF,0.057194229984183255,0.3302288640230362,0.6125769059927806
25647,LOF,0.02509563788498152,0.25760245012799365,0.7173019119870249
25648,LOF,0.03641985956009054,0.24208442170670613,0.7214957187332034
25649,LOF,0.017466249292094085,0.2392241087747232,0.7433096419331827
25650,LOF,0.05623831715168678,0.4056021716742031,0.5381595111741101
25651,LOF,0.017275176920087187,0.26501682969803975,0.7177079933818731
25652,LOF,0.03441226113751625,0.25742418012549456,0.7081635587369892
25653,LOF,0.0954957564235797,0.41675329565527675,0.48775094792114343
25654,LOF,0.025532521495695303,0.21057670376877002,0.7638907747355347
25655,LOF,0.24249199291475954,0.37636842653191865,0.38113958055332187
25656,LOF,0.2311056480453926,0.060244073400645345,0.7086502785539621
25657,LOF,0.0641397898516222,0.05951606078924738,0.8763441493591305
25658,LOF,0.33040965250933535,0.06246144321357735,0.6071289042770873
25659,Neutral,0.5312015666680577,0.09391285496538006,0.37488557836656217
25660,LOF,0.021618540241239995,0.08568794148618665,0.8926935182725734
25661,LOF,0.09617791849020417,0.059164138752464686,0.8446579427573311
25662,LOF,0.03450345415981047,0.03382417441982075,0.9316723714203687
25663,LOF,0.04193645121806616,0.045713719385859566,0.9123498293960741
25664,LOF,0.14364957737733272,0.06034914816825612,0.796001274454411
25665,LOF,0.05436516500841471,0.030802283878699172,0.9148325511128861
25666,LOF,0.09196250846147769,0.07573137312003102,0.8323061184184912
25667,LOF,0.06552975256190928,0.038244766469295824,0.896225480968795
25668,LOF,0.03396610907629912,0.04943165705563391,0.9166022338680669
25669,LOF,0.0319923468275609,0.05092625465444583,0.9170813985179932
25670,LOF,0.1516940507495885,0.054894593681563866,0.7934113555688477
25671,LOF,0.10227710060675574,0.03304032326778243,0.8646825761254617
25672,LOF,0.054586102925293735,0.04288303324256709,0.9025308638321392
25673,LOF,0.08067083185638135,0.04840119161049523,0.8709279765331234
25674,LOF,0.07133058916158241,0.05921558051500159,0.869453830323416
25675,LOF,0.12634465990927127,0.05513540383012011,0.8185199362606086
25676,LOF,0.017782307230559655,0.05126836315444859,0.9309493296149917
25677,LOF,0.026555098849292875,0.06691699175110173,0.9065279093996054
25678,LOF,0.1826538511504299,0.06365811275125138,0.7536880360983187
25679,LOF,0.1248036180847605,0.08471185038475001,0.7904845315304896
25680,LOF,0.03240255661324773,0.10715415289884424,0.8604432904879079
25681,LOF,0.050903529783778954,0.10358723435788977,0.8455092358583313
25682,LOF,0.13474172753493988,0.07194026210451367,0.7933180103605465
25683,LOF,0.12519601054068755,0.0978796118687871,0.7769243775905254
25684,LOF,0.04301378419292465,0.07358522866299774,0.8834009871440777
25685,LOF,0.12756393129416452,0.050297965924496695,0.8221381027813387
25686,LOF,0.07877832674653647,0.08942571581144747,0.8317959574420162
25687,LOF,0.11522020653339732,0.09726410471850554,0.7875156887480972
25688,LOF,0.31886538691967736,0.03397974964922282,0.6471548634311
25689,LOF,0.23425576143845458,0.03828759258611475,0.7274566459754307
25690,LOF,0.35262072179520254,0.0293029325562857,0.6180763456485117
25691,Neutral,0.7127108426906137,0.02175514118181827,0.26553401612756805
25692,LOF,0.3271327459109581,0.00990715827940575,0.6629600958096362
25693,GOF,0.0458444234842932,0.48394011623316296,0.4702154602825439
25694,LOF,0.12403578389963339,0.02010562276223591,0.8558585933381306
25695,LOF,0.12055894146745652,0.016986162964928248,0.8624548955676152
25696,LOF,0.11801262999691108,0.009952282533889427,0.8720350874691994
25697,LOF,0.13203742812893984,0.030477718685344553,0.8374848531857156
25698,LOF,0.3499540297317034,0.2208880816954218,0.4291578885728747
25699,LOF,0.41628249007480783,0.0369242330460895,0.5467932768791027
25700,LOF,0.060725477008362706,0.0076593989169061625,0.9316151240747311
25701,LOF,0.1507433574271643,0.05022784470844403,0.7990287978643916
25702,GOF,0.1776434968956813,0.5588923687252481,0.2634641343790706
25703,LOF,0.016933769846751035,0.16820271470639764,0.8148635154468513
25704,LOF,0.050641817565886545,0.12167165266067789,0.8276865297734356
25705,LOF,0.05811303597057688,0.18663506567814633,0.7552518983512768
25706,LOF,0.08458300346905027,0.400289745749822,0.5151272507811278
25707,LOF,0.08234395494111789,0.3217784085801839,0.5958776364786982
25708,LOF,0.030988719706234902,0.27698684451817773,0.6920244357755874
25709,LOF,0.06269518838375375,0.04071516753256813,0.896589644083678
25710,LOF,0.011565854795838501,0.14129103175165428,0.8471431134525073
25711,LOF,0.017085876709960406,0.10135513392643986,0.8815589893635998
25712,LOF,0.013214615735938417,0.18373071586287906,0.8030546684011824
25713,LOF,0.01762742233275969,0.08492856246055841,0.8974440152066819
25714,LOF,0.06858493406798988,0.0802339129103113,0.8511811530216989
25715,LOF,0.01018681486855746,0.14304412512495063,0.8467690600064919
25716,LOF,0.012844703761514562,0.13724912287264934,0.8499061733658362
25717,LOF,0.013858192108998796,0.08262864543977493,0.9035131624512263
25718,LOF,0.01213318759340671,0.09272137215432391,0.8951454402522694
25719,LOF,0.016829831617879886,0.08177088654909018,0.90139928183303
25720,LOF,0.021696237048791325,0.06927562198049435,0.9090281409707143
25721,LOF,0.01535451512660362,0.11796735255583837,0.866678132317558
25722,LOF,0.01285216704653267,0.128286217437466,0.8588616155160014
25723,LOF,0.02132666329953808,0.04759753185797078,0.9310758048424911
25724,LOF,0.021636636318200966,0.08076724300653591,0.8975961206752632
25725,LOF,0.01086358044051756,0.06804221100623037,0.9210942085532521
25726,LOF,0.014551106107222498,0.10224672549346288,0.8832021683993148
25727,LOF,0.012433776470064217,0.0781345362361073,0.9094316872938286
25728,LOF,0.009155342276066755,0.11809685963048985,0.8727477980934435
25729,LOF,0.00933525499875275,0.11627688221756012,0.8743878627836872
25730,LOF,0.012864191127305039,0.0901919317288884,0.8969438771438065
25731,LOF,0.01954639518057934,0.12120849913217123,0.8592451056872494
25732,LOF,0.013887896051780129,0.0851602883231751,0.9009518156250448
25733,LOF,0.015408641500721498,0.0735016741899784,0.9110896843093002
25734,LOF,0.012083716275464323,0.11705964027522477,0.870856643449311
25735,LOF,0.012724963938868307,0.09023019116881867,0.897044844892313
25736,LOF,0.0131992357810355,0.11847029761018779,0.8683304666087768
25737,LOF,0.02086653322707907,0.0849351481223648,0.8941983186505561
25738,LOF,0.012069376932157285,0.10299030037126672,0.8849403226965761
25739,LOF,0.019554712960049854,0.0763296070928856,0.9041156799470644
25740,LOF,0.025488050417043138,0.10806203743555508,0.8664499121474019
25741,LOF,0.014987320228907428,0.11074259741064844,0.8742700823604442
25742,LOF,0.11899242236915461,0.081139657803464,0.7998679198273815
25743,LOF,0.02882417693762237,0.035559552803883586,0.9356162702584941
25744,Neutral,0.6389297042077131,0.18201998572685835,0.17905031006542865
25745,LOF,0.07996152656081913,0.07275666944642363,0.8472818039927572
25746,LOF,0.0397840494896916,0.08801186499030668,0.8722040855200018
25747,LOF,0.02108497147442836,0.04591062046495028,0.9330044080606213
25748,LOF,0.09631418434659515,0.06818652087411056,0.8354992947792942
25749,LOF,0.02512125150340944,0.07867072128868052,0.89620802720791
25750,LOF,0.08036688337234771,0.08550714669210904,0.8341259699355432
25751,LOF,0.08485004787691654,0.07009038723311477,0.8450595648899687
25752,GOF,0.11929900339175921,0.6447439888412213,0.23595700776701942
25753,LOF,0.022300760460985,0.28802982478249595,0.689669414756519
25754,GOF,0.01161814174353906,0.7937681785454569,0.19461367971100413
25755,LOF,0.02168149467511262,0.3976814336691881,0.5806370716556992
25756,LOF,0.0403591530933067,0.3899952488890075,0.5696455980176858
25757,GOF,0.014014519209030962,0.83993719851122,0.1460482822797491
25758,GOF,0.02989902843711838,0.8153212537950949,0.15477971776778668
25759,GOF,0.012040762367064388,0.57072661157542,0.4172326260575156
25760,LOF,0.011430120674516741,0.2440313832416447,0.7445384960838386
25761,GOF,0.29186230138094316,0.6203192773083895,0.08781842131066729
25762,LOF,0.03720367686109935,0.2744351099766882,0.6883612131622125
25763,LOF,0.014238430460702582,0.20767364331972285,0.7780879262195747
25764,GOF,0.07420488485673735,0.6332174448187662,0.29257767032449644
25765,GOF,0.037325245455952505,0.7555129839798914,0.20716177056415608
25766,GOF,0.07072411226227865,0.7431323999467527,0.18614348779096865
25767,GOF,0.17930816390317594,0.5010429581972529,0.31964887789957114
25768,LOF,0.10270181589576256,0.06687705293201374,0.8304211311722238
25769,LOF,0.06786000049180187,0.062026193749949256,0.8701138057582489
25770,LOF,0.30950354020897114,0.09071711793180019,0.5997793418592287
25771,LOF,0.04238850913466018,0.04425302885040928,0.9133584620149306
25772,LOF,0.01592393065247051,0.034168270166484986,0.9499077991810445
25773,LOF,0.05222775417828658,0.09006157276894164,0.8577106730527718
25774,LOF,0.028516451241407764,0.07126298069407196,0.9002205680645202
25775,LOF,0.0489701267080361,0.04419852054983818,0.9068313527421257
25776,LOF,0.06627632067982578,0.026281100939476235,0.907442578380698
25777,LOF,0.3330214169387536,0.05046174521823693,0.6165168378430095
25778,LOF,0.0645727886674942,0.04846095850160489,0.8869662528309009
25779,GOF,0.3753037229975151,0.5767893392932385,0.04790693770924651
25780,GOF,0.2837061214579369,0.6309407558116276,0.08535312273043544
25781,GOF,0.13881561548352975,0.7479433429289617,0.11324104158750846
25782,GOF,0.21827073741479627,0.7066078764325714,0.07512138615263227
25783,GOF,0.023869115430034785,0.6515961236874148,0.3245347608825505
25784,Neutral,0.5013719034157886,0.4611927929992765,0.0374353035849348
25785,GOF,0.464364741338893,0.4985781713123223,0.037057087348784705
25786,GOF,0.025181111023567074,0.7618105249497392,0.21300836402669385
25787,Neutral,0.6422300738704305,0.33182316168987547,0.02594676443969395
25788,LOF,0.049335258546631296,0.11229715193608932,0.8383675895172793
25789,GOF,0.20126559194523502,0.6593483261087054,0.13938608194605964
25790,GOF,0.23252620402896274,0.6570741742732504,0.11039962169778687
25791,GOF,0.18087766569981673,0.6617052053521815,0.15741712894800164
25792,GOF,0.3704501836569502,0.5198400645645973,0.1097097517784526
25793,GOF,0.23515219515711605,0.5533081703338614,0.2115396345090226
25794,GOF,0.2936340452190302,0.5393073229543742,0.16705863182659564
25795,GOF,0.08874438916174358,0.681019552718722,0.23023605811953432
25796,Neutral,0.541910065100122,0.3737207489189532,0.08436918598092487
25797,GOF,0.09860033717426804,0.548433360712793,0.3529663021129389
25798,GOF,0.00960719740045165,0.5158654734365083,0.4745273291630399
25799,LOF,0.007560634444091982,0.4025081665616391,0.5899311989942689
25800,GOF,0.03584432535746475,0.6035495835172348,0.3606060911253004
25801,GOF,0.20607372210170724,0.6615443405129366,0.13238193738535622
25802,GOF,0.07538247269988148,0.6949834892979315,0.22963403800218687
25803,GOF,0.03322070254887984,0.5899953010037813,0.37678399644733895
25804,GOF,0.031103244948611723,0.4882954124811207,0.4806013425702677
25805,GOF,0.1016015609657279,0.5917933457063054,0.30660509332796665
25806,GOF,0.09169009037960361,0.58895889940469,0.31935101021570633
25807,GOF,0.018311428939348527,0.6326748548037504,0.3490137162569011
25808,GOF,0.0891786745990645,0.6358655502276513,0.27495577517328423
25809,GOF,0.016858146817647125,0.5809769486016582,0.4021649045806947
25810,GOF,0.015962743160215762,0.6225632107257133,0.36147404611407097
25811,GOF,0.44828983632987035,0.4638249811628901,0.08788518250723949
25812,GOF,0.03361829662949327,0.6634500977420281,0.30293160562847854
25813,Neutral,0.49179327065275513,0.4159224686803708,0.09228426066687401
25814,GOF,0.11957093517030708,0.6501273095008061,0.23030175532888694
25815,GOF,0.181744899670092,0.6293323879043765,0.18892271242553157
25816,GOF,0.020209676141577437,0.7044259367420775,0.27536438711634503
25817,GOF,0.24132745216610332,0.6298600459416333,0.12881250189226356
25818,GOF,0.053249849131452656,0.6676257070164016,0.2791244438521457
25819,GOF,0.3582883626907975,0.5088244933469738,0.13288714396222878
25820,GOF,0.18490621412897149,0.6147272171957601,0.20036656867526834
25821,GOF,0.05876805188540014,0.6830024498016923,0.2582294983129075
25822,GOF,0.2004517135954179,0.5881064932084318,0.21144179319615033
25823,GOF,0.034661079189911036,0.5368997271677375,0.42843919364235145
25824,GOF,0.08840015269845722,0.6136916318437672,0.29790821545777557
25825,GOF,0.03780979008291085,0.6134153513259782,0.3487748585911109
25826,GOF,0.01567758012696809,0.5903385241462645,0.39398389572676734
25827,GOF,0.023887996555472305,0.5920824221868487,0.3840295812576789
25828,GOF,0.013386195110963159,0.5092239275592562,0.47738987732978083
25829,GOF,0.005572398135958747,0.5876837913654734,0.4067438104985678
25830,LOF,0.03958824990104398,0.29088020086197575,0.6695315492369803
25831,GOF,0.23064419613011075,0.6511777537037678,0.11817805016612135
25832,GOF,0.03332838529506809,0.7246421019016455,0.24202951280328647
25833,GOF,0.12214165169600891,0.7268245127764474,0.1510338355275437
25834,GOF,0.0332313517301098,0.7355836709967994,0.23118497727309092
25835,GOF,0.07336233530669636,0.770319839728323,0.15631782496498073
25836,GOF,0.034029574223484495,0.7083941318876649,0.2575762938888507
25837,GOF,0.02658177259238482,0.5927095091480893,0.38070871825952596
25838,GOF,0.09105806248902154,0.7798093884212692,0.12913254908970936
25839,GOF,0.2928879534640677,0.5747265167353498,0.13238552980058246
25840,GOF,0.2292372352321416,0.6083258274017841,0.1624369373660743
25841,GOF,0.2256914692532858,0.6356945504927082,0.13861398025400604
25842,GOF,0.15507400494680956,0.7224486508571836,0.12247734419600693
25843,GOF,0.20862226755743146,0.7033710272305511,0.08800670521201741
25844,GOF,0.06631110223689843,0.7177573884639407,0.21593150929916086
25845,GOF,0.015745197470243864,0.500412866125766,0.48384193640399015
25846,GOF,0.12897959273984536,0.7227338545553126,0.14828655270484203
25847,GOF,0.11287196945413441,0.775453179212258,0.11167485133360762
25848,GOF,0.03909851177795091,0.6890453323136074,0.2718561559084416
25849,GOF,0.011386064172469757,0.5745186013558252,0.41409533447170505
25850,GOF,0.020720123804687227,0.6566572438657724,0.3226226323295403
25851,GOF,0.017301007205505564,0.5252413387069325,0.45745765408756195
25852,GOF,0.17092831086833019,0.5314568965896348,0.29761479254203504
25853,GOF,0.3470047043841669,0.5831036970326167,0.06989159858321643
25854,GOF,0.020785898753575383,0.6303920045864932,0.3488220966599314
25855,GOF,0.036631241507824285,0.5737384555523317,0.38963030293984396
25856,GOF,0.23080572328026136,0.5626945233810379,0.20649975333870083
25857,GOF,0.037638046492834955,0.5118744881721764,0.4504874653349886
25858,GOF,0.019541577101682434,0.5473027623887915,0.4331556605095261
25859,GOF,0.010515792800779961,0.5258619685736373,0.46362223862558266
25860,GOF,0.34942475364094167,0.5679274889659163,0.08264775739314201
25861,GOF,0.4203628745296924,0.501449509543536,0.07818761592677162
25862,GOF,0.08890410208438329,0.7798915820031779,0.13120431591243892
25863,GOF,0.07982147183223565,0.7762947252646878,0.14388380290307673
25864,GOF,0.20914563368483402,0.7162871034455467,0.07456726286961929
25865,GOF,0.08836787730687065,0.7917180521461484,0.11991407054698082
25866,GOF,0.060307375851174135,0.7739220033266658,0.16577062082216
25867,GOF,0.08339448235906344,0.8179696915980851,0.09863582604285151
25868,GOF,0.2436136210491911,0.6573771332406486,0.09900924571016025
25869,Neutral,0.7050738967563274,0.24963644001838414,0.04528966322528863
25870,GOF,0.2790129486353847,0.39520692951191666,0.32578012185269867
25871,GOF,0.23425696929227685,0.6267425551405065,0.1390004755672166
25872,GOF,0.07807910810256283,0.640422305598874,0.2814985862985632
25873,GOF,0.12233391192339894,0.6759060792906767,0.20176000878592437
25874,LOF,0.014864492623381808,0.12301606401082973,0.8621194433657885
25875,LOF,0.0886433255711716,0.048274580418028006,0.8630820940108005
25876,LOF,0.033550956402611076,0.03082609080591939,0.9356229527914696
25877,Neutral,0.4746715568542781,0.056463443510806996,0.46886499963491496
25878,LOF,0.19268510943942113,0.10360233705591533,0.7037125535046637
25879,LOF,0.07918346775750792,0.09941540992105358,0.8214011223214384
25880,LOF,0.04262435141428985,0.015756994990712255,0.941618653594998
25881,LOF,0.16744522753171281,0.11383132604115638,0.7187234464271309
25882,LOF,0.06329192168894808,0.017201958961248296,0.9195061193498038
25883,LOF,0.069435402525278,0.018710045697900603,0.9118545517768214
25884,LOF,0.03279247617932354,0.02765365960103626,0.9395538642196403
25885,LOF,0.06070598068514786,0.012488178923290565,0.9268058403915617
25886,LOF,0.27401002863703755,0.03773532300380251,0.6882546483591598
25887,LOF,0.15677194932587488,0.0644785108871842,0.778749539786941
25888,LOF,0.06805057080666398,0.05760832737650714,0.8743411018168289
25889,LOF,0.039622790407417056,0.02015887170087459,0.9402183378917084
25890,LOF,0.04532222055459541,0.1563445512541304,0.7983332281912742
25891,LOF,0.04068484794882953,0.05715162663919036,0.9021635254119801
25892,LOF,0.08777709819818266,0.02039800809731102,0.8918248937045062
25893,LOF,0.24517799668733636,0.01867481542166715,0.7361471878909964
25894,LOF,0.18319229141821802,0.010029215628177017,0.8067784929536049
25895,LOF,0.1849607718165792,0.021502103188916155,0.7935371249945046
25896,LOF,0.05038484334329942,0.020152751724439873,0.9294624049322606
25897,LOF,0.2671537632549198,0.010881457231454951,0.7219647795136253
25898,Neutral,0.699355092811298,0.009165441903933766,0.29147946528476815
25899,LOF,0.22280096251827605,0.019996954065504377,0.7572020834162196
25900,LOF,0.44564103651242576,0.013886662143674882,0.5404723013438993
25901,LOF,0.06081977508534492,0.01227453974100181,0.9269056851736533
25902,LOF,0.15776318302675393,0.014116876090174322,0.8281199408830717
25903,Neutral,0.5914492771482401,0.027890487171661454,0.3806602356800984
25904,LOF,0.3224928445098118,0.03853315512890284,0.6389740003612854
25905,LOF,0.02750506726998382,0.34441431675055784,0.6280806159794584
25906,LOF,0.02940841509030323,0.08164050496832823,0.8889510799413685
25907,LOF,0.01449606573226777,0.34697462538706536,0.638529308880667
25908,LOF,0.010404095354348409,0.27249022307510595,0.7171056815705457
25909,LOF,0.012873714355794515,0.13433742996701425,0.8527888556771912
25910,LOF,0.050670607190537224,0.11998667095947407,0.8293427218499888
25911,LOF,0.17678153723375764,0.030407605700768874,0.7928108570654736
25912,LOF,0.05111771053324609,0.04900324132525406,0.8998790481415
25913,LOF,0.3588648379970871,0.030113944376187224,0.6110212176267256
25914,LOF,0.01972339467135,0.05546959003810646,0.9248070152905434
25915,Neutral,0.5684674117577749,0.16182234428384842,0.26971024395837656
25916,LOF,0.08351670618467957,0.19545250976948522,0.7210307840458352
25917,LOF,0.05737639877274281,0.04286822296004654,0.8997553782672105
25918,LOF,0.020245625205520975,0.03594821874585497,0.9438061560486241
25919,LOF,0.01806107226783547,0.03806235900165998,0.9438765687305045
25920,GOF,0.11866459086665755,0.5250648318166082,0.3562705773167343
25921,LOF,0.02197017931177042,0.04363921147704286,0.9343906092111867
25922,LOF,0.03088163536256752,0.03317565945591054,0.9359427051815219
25923,LOF,0.4496558396581228,0.04172012857149908,0.5086240317703782
25924,LOF,0.034401260580792334,0.05173353350454694,0.9138652059146607
25925,LOF,0.06972945107398223,0.04636971586120082,0.883900833064817
25926,LOF,0.04947268559016873,0.04219118764640234,0.908336126763429
25927,LOF,0.05154991744535914,0.15502740566151002,0.7934226768931308
25928,LOF,0.016552705043500465,0.054924209952575846,0.9285230850039238
25929,Neutral,0.5654233014695981,0.04479437434183121,0.38978232418857073
25930,LOF,0.06826483747825975,0.036237558158031084,0.8954976043637092
25931,LOF,0.02199301188929651,0.03638876777952287,0.9416182203311807
25932,LOF,0.025736539026147705,0.03304501615999331,0.9412184448138591
25933,LOF,0.03560008914916616,0.024453336152581003,0.9399465746982529
25934,LOF,0.022972166353717644,0.026048706840023025,0.9509791268062593
25935,LOF,0.060585483745332465,0.061023937487899825,0.8783905787667676
25936,LOF,0.041628085635760106,0.026300764004130523,0.9320711503601093
25937,LOF,0.024878581359722984,0.04136737798331434,0.9337540406569625
25938,LOF,0.06233024910591864,0.058716306104071074,0.8789534447900103
25939,LOF,0.0374677598053812,0.023806045386081526,0.9387261948085373
25940,LOF,0.029636079193962765,0.3771100860843133,0.593253834721724
25941,LOF,0.18182472239810807,0.11768763646881093,0.7004876411330809
25942,LOF,0.013860272994723002,0.0362796770518822,0.9498600499533948
25943,LOF,0.31646286014171404,0.057324055783077144,0.6262130840752088
25944,Neutral,0.5140260777164108,0.023662700059050513,0.46231122222453863
25945,LOF,0.07236778768986199,0.023913870122677164,0.9037183421874609
25946,LOF,0.028523659891427296,0.10144373006582,0.8700326100427527
25947,LOF,0.10323253707248249,0.18101830751942094,0.7157491554080965
25948,LOF,0.3668965100282493,0.007469252069596782,0.625634237902154
25949,LOF,0.12679249033900894,0.0326190433380058,0.8405884663229852
25950,GOF,0.2827865712228322,0.3719778205253347,0.34523560825183314
25951,LOF,0.21339137999931354,0.24415544039209525,0.5424531796085912
25952,LOF,0.042584625461734006,0.4586211034729556,0.4987942710653105
25953,LOF,0.16138997106692918,0.09973249332149364,0.7388775356115772
25954,Neutral,0.44377915415288105,0.17537933097876782,0.38084151486835105
25955,LOF,0.05286009167392739,0.08423384912269502,0.8629060592033776
25956,LOF,0.17392246735861877,0.1053790010831225,0.7206985315582587
25957,LOF,0.03781600274775567,0.031520774544598625,0.9306632227076458
25958,LOF,0.05505160443222213,0.030424207704433822,0.914524187863344
25959,LOF,0.06448916768602153,0.3915169177222159,0.5439939145917627
25960,LOF,0.015852487131001628,0.05230417042190717,0.9318433424470912
25961,LOF,0.04089951898582359,0.031520959302047076,0.9275795217121292
25962,LOF,0.051707626927688856,0.023542471520291226,0.9247499015520199
25963,LOF,0.04255191260128743,0.192888840626132,0.7645592467725806
25964,LOF,0.03479300332677854,0.1434364821401314,0.82177051453309
25965,LOF,0.4511066063567334,0.0654410079908398,0.4834523856524269
25966,Neutral,0.5069717986649688,0.17223148109111497,0.3207967202439163
25967,LOF,0.017615115232176258,0.10170879662410928,0.8806760881437146
25968,LOF,0.027261755213117633,0.4185714270159114,0.554166817770971
25969,LOF,0.028452918122687392,0.06185410616257016,0.9096929757147425
25970,LOF,0.05930678642497901,0.06950918368869277,0.8711840298863283
25971,LOF,0.06157055649553702,0.020637251049163346,0.9177921924552995
25972,LOF,0.06733873338174523,0.028279718869078714,0.9043815477491761
25973,LOF,0.07703247825872833,0.009632121937313083,0.9133353998039586
25974,LOF,0.19769579924920175,0.018059716193624925,0.7842444845571733
25975,LOF,0.044525331189914044,0.02898470404291676,0.9264899647671692
25976,LOF,0.041299731768077254,0.016040977397855205,0.9426592908340675
25977,LOF,0.13964049683176344,0.0893251663286009,0.7710343368396356
25978,LOF,0.15262868671269034,0.07428949372401424,0.7730818195632954
25979,LOF,0.13724292622891845,0.07573318431003845,0.7870238894610431
25980,LOF,0.2431485011197294,0.08540651397164634,0.6714449849086243
25981,LOF,0.279360308175893,0.08293052049105132,0.6377091713330557
25982,LOF,0.4130082162133796,0.0601961666209564,0.526795617165664
25983,LOF,0.3865276680703605,0.0629573011572851,0.5505150307723545
25984,LOF,0.04843735454810477,0.045873710709496425,0.9056889347423989
25985,LOF,0.04060185822448171,0.23885664398430959,0.7205414977912088
25986,LOF,0.04074765679644364,0.287206463377617,0.6720458798259393
25987,LOF,0.086400411935829,0.07149096694334348,0.8421086211208275
25988,LOF,0.16144930993613776,0.05637010612222659,0.7821805839416357
25989,LOF,0.034847344208126796,0.11712938379025113,0.8480232720016222
25990,LOF,0.04308876890803668,0.1423496595973021,0.8145615714946614
25991,LOF,0.12026309217573046,0.264939259402993,0.6147976484212764
25992,LOF,0.29771868008628893,0.16390435650219565,0.5383769634115154
25993,LOF,0.020868600269863122,0.06700229015828525,0.9121291095718516
25994,LOF,0.015921834181645573,0.08620299216496782,0.8978751736533865
25995,LOF,0.022129827229719273,0.20538945015839366,0.772480722611887
25996,GOF,0.318089842969604,0.41470618097508755,0.26720397605530843
25997,LOF,0.07470012836353927,0.38001473372504685,0.5452851379114139
25998,Neutral,0.5077003227193415,0.02706549265257902,0.46523418462807953
25999,LOF,0.10700414468864376,0.09343490436030288,0.7995609509510533
26000,LOF,0.1620185659125488,0.04816330458353407,0.7898181295039172
26001,LOF,0.19060690622574944,0.04877619886328665,0.7606168949109638
26002,LOF,0.12385852665436894,0.047399890800939024,0.828741582544692
26003,GOF,0.009396185419542187,0.5521326058957482,0.4384712086847097
26004,GOF,0.017113948432291987,0.6321303678978679,0.35075568366984006
26005,LOF,0.0064145200986789564,0.43628963665595394,0.5572958432453671
26006,Neutral,0.4706616251760908,0.25171323710922194,0.27762513771468733
26007,LOF,0.018113258338618834,0.48797918881869223,0.4939075528426888
26008,GOF,0.014621927083292074,0.5736241860739072,0.41175388684280073
26009,GOF,0.01860112563340681,0.6519285173836573,0.3294703569829358
26010,GOF,0.019292198240273114,0.6096016007248878,0.3711062010348391
26011,LOF,0.0065631993431029215,0.41868354273022157,0.5747532579266754
26012,GOF,0.011489370637554692,0.5149661784688552,0.47354445089359015
26013,GOF,0.01721594620997359,0.5987261334177058,0.38405792037232056
26014,LOF,0.043105362088363144,0.10007643502084317,0.8568182028907937
26015,LOF,0.17560271010879583,0.01576048616579883,0.8086368037254054
26016,LOF,0.20513475924305166,0.068438331927149,0.7264269088297994
26017,LOF,0.2266087257787259,0.10601402644437023,0.6673772477769039
26018,LOF,0.08078329868837224,0.03500142737835976,0.884215273933268
26019,LOF,0.0756113571534832,0.02830761333850483,0.8960810295080119
26020,LOF,0.06968909635757083,0.11385206579662036,0.8164588378458087
26021,LOF,0.044992552609380794,0.12246650306876485,0.8325409443218544
26022,LOF,0.010479792255307133,0.04083086818910808,0.9486893395555849
26023,LOF,0.06499752416629341,0.022324507229919018,0.9126779686037877
26024,LOF,0.02990206472830103,0.1303695083906332,0.8397284268810657
26025,LOF,0.15207108035276207,0.10238172789204776,0.7455471917551902
26026,LOF,0.33440129754058073,0.02990423339859729,0.6356944690608219
26027,LOF,0.06141315467091416,0.01772805332967785,0.920858791999408
26028,LOF,0.18568027077493685,0.06534457219228638,0.7489751570327768
26029,LOF,0.07538106257375876,0.18809866835634795,0.7365202690698933
26030,LOF,0.024125076978431366,0.04978173212205091,0.9260931908995177
26031,LOF,0.027720895030344583,0.13554688137707885,0.8367322235925767
26032,LOF,0.06765896857032408,0.07855819503482206,0.853782836394854
26033,LOF,0.08379963811384625,0.08132672401969683,0.8348736378664569
26034,LOF,0.04694230055930791,0.15740647985058392,0.7956512195901081
26035,LOF,0.027792183363523106,0.14731695866618832,0.8248908579702885
26036,LOF,0.04010789838282992,0.170754459531671,0.789137642085499
26037,LOF,0.022957142856495527,0.11988568452640566,0.8571571726170988
26038,LOF,0.062344051198880084,0.08108243805461653,0.8565735107465033
26039,LOF,0.05413237607278664,0.14890938759252947,0.7969582363346839
26040,LOF,0.22166356790965824,0.1222369390500945,0.6560994930402473
26041,LOF,0.02372061447650447,0.10889876927348206,0.8673806162500135
26042,LOF,0.021793356148832346,0.1042243911601194,0.8739822526910482
26043,LOF,0.06324982364105233,0.0953648433916606,0.841385332967287
26044,LOF,0.019615351884988787,0.06428672665899257,0.9160979214560185
26045,LOF,0.07640935727175673,0.09849277005229032,0.825097872675953
26046,LOF,0.0580604345038592,0.07827496936621711,0.8636645961299236
26047,LOF,0.0763269708116499,0.08444433991811967,0.8392286892702304
26048,LOF,0.04982045246085922,0.038024652068643944,0.9121548954704969
26049,Neutral,0.9670037805221104,0.0069362416796410085,0.026059977798248663
26050,Neutral,0.9525975651942593,0.009042446409911939,0.03835998839582882
26051,LOF,0.0467892406765441,0.2907085799758352,0.6625021793476207
26052,LOF,0.06286123342522851,0.3340534295199289,0.6030853370548427
26053,LOF,0.05805572167826489,0.1383699682393642,0.8035743100823709
26054,LOF,0.05425978937846214,0.016335046411855212,0.9294051642096826
26055,LOF,0.07084032129551321,0.01472043004552133,0.9144392486589654
26056,LOF,0.0618692403476362,0.015960128922567055,0.9221706307297968
26057,LOF,0.02910811630765208,0.01215350312083093,0.9587383805715171
26058,LOF,0.030088754547915854,0.010046128517315013,0.9598651169347691
26059,LOF,0.28235902680787445,0.024278437147478685,0.6933625360446469
26060,LOF,0.03998289783211533,0.18877081239691,0.7712462897709748
26061,LOF,0.01911243475717096,0.010554944863878162,0.9703326203789507
26062,LOF,0.010418655815198023,0.01688246073520085,0.9726988834496011
26063,LOF,0.02023690516402526,0.010888481997032726,0.968874612838942
26064,LOF,0.022516961750746797,0.01976294935217892,0.9577200888970743
26065,LOF,0.024745241993518262,0.010099904550409926,0.9651548534560718
26066,LOF,0.02093164719959748,0.010591294202467428,0.9684770585979351
26067,LOF,0.026378156042109083,0.00852668749831012,0.9650951564595808
26068,LOF,0.046457882161031666,0.025734337015048844,0.9278077808239195
26069,LOF,0.27495151595975525,0.01880093712416672,0.706247546916078
26070,LOF,0.43894263608514705,0.016811280997841304,0.5442460829170117
26071,LOF,0.020207360153114386,0.011186630404862999,0.9686060094420227
26072,LOF,0.021689477222865804,0.014992674952928772,0.9633178478242055
26073,LOF,0.02042209841110601,0.00938818772779445,0.9701897138610995
26074,Neutral,0.9144328842219932,0.0054637790770963425,0.0801033367009106
26075,LOF,0.04685081163970294,0.01336478108476383,0.9397844072755333
26076,LOF,0.0396191521378662,0.008986950038191466,0.9513938978239422
26077,LOF,0.009712559496263286,0.014145511523846131,0.9761419289798905
26078,LOF,0.013623861168406418,0.011289618778297464,0.9750865200532961
26079,LOF,0.06452589434056527,0.015294751392904662,0.92017935426653
26080,LOF,0.06334227187505477,0.015311979569144665,0.9213457485558006
26081,LOF,0.03371371469413597,0.006137323224532062,0.960148962081332
26082,LOF,0.013937672493322456,0.015442877452290232,0.9706194500543873
26083,LOF,0.1856388732736784,0.013289826830765107,0.8010712998955565
26084,LOF,0.04148505010669249,0.011090028461992998,0.9474249214313144
26085,LOF,0.03782384127921329,0.010537825111641329,0.9516383336091455
26086,LOF,0.019844142245070168,0.009722419964531208,0.9704334377903986
26087,LOF,0.023656980633670326,0.007266466360675433,0.9690765530056541
26088,LOF,0.01596363090093627,0.02121063567364882,0.9628257334254149
26089,LOF,0.044626380099400904,0.019995698942787576,0.9353779209578116
26090,LOF,0.04414515910325063,0.01626145728890534,0.9395933836078441
26091,LOF,0.032329646545344926,0.005875546819557729,0.9617948066350973
26092,LOF,0.021951243246229154,0.0073431107249106375,0.9707056460288602
26093,LOF,0.033338129097823264,0.005518448223667947,0.9611434226785087
26094,LOF,0.03585664376710545,0.005467740877106231,0.9586756153557884
26095,LOF,0.03912006881422654,0.013805919238298445,0.947074011947475
26096,LOF,0.017474559598210208,0.011494411703864926,0.9710310286979248
26097,LOF,0.011529524337600223,0.033750527667776885,0.9547199479946228
26098,LOF,0.0853815296753347,0.01021427098171246,0.9044041993429529
26099,LOF,0.02079194690970441,0.011329396171260641,0.967878656919035
26100,LOF,0.02307561051707697,0.011184034576456617,0.9657403549064664
26101,LOF,0.04721626668951057,0.0146774131498731,0.9381063201606163
26102,LOF,0.02090088964859419,0.012479612497316092,0.9666194978540896
26103,Neutral,0.8832940036569437,0.017841598496629155,0.0988643978464272
26104,LOF,0.08352280614302192,0.021265434378530998,0.8952117594784471
26105,LOF,0.20517117018859846,0.28494723382964293,0.5098815959817586
26106,LOF,0.17784464147051246,0.11406307914915131,0.7080922793803363
26107,LOF,0.22926098832845315,0.08653468150574926,0.6842043301657976
26108,LOF,0.2705427774349557,0.10368222276318413,0.6257749998018602
26109,LOF,0.09728817014760177,0.05921573260881363,0.8434960972435847
26110,LOF,0.2232746161059326,0.008218452827665574,0.7685069310664018
26111,Neutral,0.526954099298899,0.026591129673996582,0.4464547710271044
26112,LOF,0.03175529135805583,0.008536441384425822,0.9597082672575183
26113,LOF,0.06130929045297329,0.018666893088970602,0.9200238164580561
26114,LOF,0.025301187773577663,0.033207019783665345,0.9414917924427569
26115,LOF,0.0849999572346174,0.057888830904522924,0.8571112118608597
26116,LOF,0.06354733470899683,0.06894486498068701,0.867507800310316
26117,LOF,0.45017185418496114,0.04177099347287321,0.5080571523421655
26118,LOF,0.03233357684039638,0.025276368746116877,0.9423900544134867
26119,LOF,0.022378446238670663,0.03764366075562917,0.9399778930057001
26120,LOF,0.025303150245273343,0.019992306644135458,0.9547045431105912
26121,LOF,0.04355189916326199,0.08880738283701134,0.8676407179997268
26122,LOF,0.04298746525624589,0.039539403009807114,0.9174731317339471
