feature0,prediction,LoGoFunc_Neutral,LoGoFunc_GOF,LoGoFunc_LOF
25546,Neutral,0.6695457887253322,0.05550457738865797,0.2749496338860098
25547,Neutral,0.5044866381104196,0.09563072748446343,0.399882634405117
25548,Neutral,0.5012682239632724,0.0840244364979395,0.4147073395387881
25549,LOF,0.43530088057599814,0.08374962505355239,0.4809494943704495
25550,LOF,0.3543796691579411,0.12262520564687687,0.522995125195182
25551,LOF,0.30496458585868397,0.13226288016119692,0.5627725339801192
25552,LOF,0.2529864581260919,0.12500565545098047,0.6220078864229276
25553,Neutral,0.8121548926819804,0.045013263358467386,0.14283184395955217
25554,LOF,0.28611768927154485,0.11372264815167502,0.6001596625767802
25555,LOF,0.24062646960463022,0.10786837062449085,0.651505159770879
25556,LOF,0.4426927663641219,0.09893357606463124,0.45837365757124704
25557,LOF,0.23391025123448034,0.1126824232588035,0.6534073255067162
25558,LOF,0.29814942831020513,0.11343448573675458,0.5884160859530404
25559,LOF,0.19965935305490676,0.12358498523834445,0.6767556617067487
25560,LOF,0.15732442700609098,0.10915711008951798,0.7335184629043912
25561,LOF,0.15089643940768155,0.1243710185324426,0.7247325420598759
25562,LOF,0.06851828029975832,0.08250661143455687,0.8489751082656848
25563,LOF,0.0216804971716366,0.1272331750691004,0.851086327759263
25564,LOF,0.20705421314159766,0.11574837505864015,0.6771974117997622
25565,LOF,0.23656721236345488,0.12819593625692244,0.6352368513796227
25566,GOF,0.0987059271375271,0.6875019127849997,0.21379216007747315
25567,LOF,0.03640547267344444,0.13467145406588568,0.8289230732606698
25568,LOF,0.06279865494980368,0.06670289841346028,0.870498446636736
25569,LOF,0.06031824495760938,0.06651481878152415,0.8731669362608665
25570,LOF,0.02811836713037208,0.08777478981271196,0.8841068430569161
25571,LOF,0.026522554051295583,0.09431352431823134,0.8791639216304731
25572,LOF,0.06237093640062961,0.11428740095649964,0.8233416626428707
25573,LOF,0.05630268119293392,0.08307948019941443,0.8606178386076516
25574,LOF,0.05653504023277191,0.18036133999690518,0.7631036197703229
25575,LOF,0.023890286277001477,0.10956095345537625,0.8665487602676223
25576,LOF,0.034870375686330224,0.1422759891926591,0.8228536351210107
25577,LOF,0.031000784975203505,0.10468859469130085,0.8643106203334957
25578,LOF,0.3053796730261765,0.07215471502228239,0.6224656119515412
25579,LOF,0.1325591636844886,0.07942395800102622,0.7880168783144852
25580,LOF,0.0195506039983777,0.07478921190298767,0.9056601840986346
25581,LOF,0.05784017966334509,0.06213666119982567,0.8800231591368293
25582,LOF,0.057648768601926186,0.06131879373048903,0.8810324376675849
25583,LOF,0.021096962036083758,0.07372772205051445,0.9051753159134017
25584,Neutral,0.665515454097538,0.09744285748679946,0.23704168841566256
25585,LOF,0.03504385534623472,0.11681284705361074,0.8481432976001546
25586,LOF,0.018185459690447492,0.0658597277383202,0.9159548125712322
25587,LOF,0.017056974883710826,0.0581337924502628,0.9248092326660263
25588,LOF,0.020028992294744193,0.06772754979967184,0.912243457905584
25589,Neutral,0.5038555729698142,0.18606854155523062,0.3100758854749552
25590,LOF,0.049916655881364326,0.10104229568099439,0.8490410484376413
25591,LOF,0.09856887631911926,0.05125576977317418,0.8501753539077067
25592,LOF,0.05328214102202567,0.12214821928440972,0.8245696396935646
25593,LOF,0.13057854335793545,0.2567900476029078,0.6126314090391568
25594,LOF,0.04373378788859681,0.1142092831175145,0.8420569289938887
25595,LOF,0.04300231576696291,0.07937227797139869,0.8776254062616383
25596,LOF,0.10246887413276483,0.04828134795663115,0.849249777910604
25597,LOF,0.0760913976626383,0.05894550854773348,0.8649630937896283
25598,LOF,0.04171206136528116,0.08692686669908527,0.8713610719356335
25599,GOF,0.01907909333943895,0.5262654673785057,0.45465543928205543
25600,GOF,0.19185303780734686,0.49312997943044523,0.3150169827622078
25601,LOF,0.04311128851944473,0.39140767976731294,0.5654810317132424
25602,LOF,0.03447510076152326,0.05039986747234856,0.9151250317661281
25603,LOF,0.034326356402155325,0.026037955603195224,0.9396356879946496
25604,LOF,0.03635414643234991,0.05828088316151725,0.905364970406133
25605,LOF,0.040477573537153054,0.1797313613848333,0.7797910650780135
25606,LOF,0.4329241495160337,0.10447966445128166,0.4625961860326847
25607,LOF,0.02545189437387233,0.17288258070137671,0.8016655249247508
25608,LOF,0.03380139684319314,0.08342165992778104,0.8827769432290259
25609,GOF,0.15080655185410288,0.561366818394757,0.28782662975114015
25610,LOF,0.016410058260925835,0.02726516367362929,0.9563247780654448
25611,LOF,0.015242352436625991,0.031855429524332166,0.952902218039042
25612,LOF,0.050211589521515367,0.04004088408804458,0.9097475263904401
25613,LOF,0.047696879715392354,0.040234221888161996,0.9120688983964458
25614,LOF,0.022950318097247964,0.02613480999074817,0.9509148719120039
25615,LOF,0.04581025683497423,0.03866241729990652,0.9155273258651193
25616,LOF,0.04930666161698754,0.025919089256163545,0.9247742491268488
25617,LOF,0.04365408344935238,0.03589498406685112,0.9204509324837965
25618,LOF,0.05291011320517475,0.032556525534149,0.9145333612606762
25619,LOF,0.015247186028953422,0.030443599206715907,0.9543092147643307
25620,LOF,0.06604867470373409,0.03742754317525561,0.8965237821210102
25621,LOF,0.05186130957233527,0.0351656121351642,0.9129730782925005
25622,LOF,0.05956585773527779,0.034152468436325766,0.9062816738283964
25623,LOF,0.07618742275520621,0.027029087753190937,0.8967834894916028
25624,LOF,0.019769765032036462,0.03370404840671275,0.9465261865612509
25625,LOF,0.06607369474814553,0.040998681069919336,0.8929276241819352
25626,LOF,0.04517198251898037,0.037672489714130085,0.9171555277668896
25627,Neutral,0.8939166395639253,0.02269788628396392,0.08338547415211095
25628,LOF,0.1288560564634259,0.0650403524768961,0.806103591059678
25629,LOF,0.060170623339764764,0.04385074199495974,0.8959786346652755
25630,LOF,0.2668493022076347,0.07533079353494969,0.6578199042574157
25631,Neutral,0.5575291747011719,0.06315042135693313,0.37932040394189503
25632,LOF,0.029223800238610122,0.06140082797234024,0.9093753717890496
25633,LOF,0.20773439785722864,0.03411065215121615,0.7581549499915552
25634,LOF,0.03402086020194542,0.0736119301432127,0.8923672096548418
25635,LOF,0.03994169946447153,0.04079914339295066,0.9192591571425778
25636,GOF,0.0370629254740535,0.48419768261093643,0.4787393919150101
25637,GOF,0.06214643186045432,0.4857530742513303,0.4521004938882153
25638,LOF,0.037580287793330815,0.2938688274393906,0.6685508847672785
25639,LOF,0.03427533234073327,0.3495156969571986,0.616208970702068
25640,Neutral,0.810362284870495,0.1462826909803771,0.043355024149127994
25641,LOF,0.05534847822504973,0.4266010012000855,0.5180505205748648
25642,LOF,0.03930985086929574,0.14955525323210828,0.811134895898596
25643,LOF,0.19569456822129816,0.16567009320987094,0.6386353385688308
25644,LOF,0.022139900503572105,0.47471220262343644,0.5031478968729914
25645,LOF,0.02014979538774211,0.4067047645346312,0.5731454400776267
25646,LOF,0.051533607302037134,0.32252629007691214,0.6259401026210508
25647,LOF,0.021295299917855524,0.25517501650634167,0.7235296835758028
25648,LOF,0.029559606080382196,0.23571661733005017,0.7347237765895676
25649,LOF,0.015417983536514935,0.23835840763515811,0.746223608828327
25650,LOF,0.04840967707286419,0.4008024854696089,0.5507878374575269
25651,LOF,0.01710477053824973,0.26441941221821175,0.7184758172435385
25652,LOF,0.027525064877988975,0.2682911029060731,0.7041838322159378
25653,LOF,0.07365493386937573,0.41454672138485876,0.5117983447457655
25654,LOF,0.02270875717846382,0.21050087582317917,0.7667903669983571
25655,LOF,0.21009417358002552,0.38328719024361885,0.4066186361763556
25656,LOF,0.2870105110128234,0.04346115723355227,0.6695283317536244
25657,LOF,0.07401440372773412,0.04691470284362685,0.8790708934286391
25658,LOF,0.397732075135948,0.05316823711445367,0.5490996877495983
25659,Neutral,0.5752403915975784,0.06595308936684265,0.35880651903557886
25660,LOF,0.02514373607154806,0.07561130457834152,0.8992449593501105
25661,LOF,0.093190240667131,0.05653387861914212,0.8502758807137268
25662,LOF,0.03122777657181526,0.03129970292070226,0.9374725205074825
25663,LOF,0.03878374489584145,0.04455289834611816,0.9166633567580404
25664,LOF,0.13430225822319117,0.056823667402450984,0.8088740743743579
25665,LOF,0.05402178334225953,0.02961647571857824,0.9163617409391622
25666,LOF,0.08966041768148318,0.07008508822673974,0.840254494091777
25667,LOF,0.06392857776678483,0.04091223765351869,0.8951591845796965
25668,LOF,0.03676435331901889,0.04409873737928341,0.9191369093016977
25669,LOF,0.03295366230014826,0.05236010701840352,0.9146862306814482
25670,LOF,0.14044929394172315,0.041428191605968806,0.818122514452308
25671,LOF,0.1001532262933773,0.029736778057796315,0.8701099956488264
25672,LOF,0.05380658965172699,0.0405617159526423,0.9056316943956308
25673,LOF,0.08494334563874946,0.03752570596413983,0.8775309483971108
25674,LOF,0.0718667634034902,0.047733034892934366,0.8804002017035755
25675,LOF,0.11826995248932766,0.04705762084067653,0.8346724266699959
25676,LOF,0.017302726918085518,0.04859723915522762,0.9341000339266868
25677,LOF,0.025223691707546247,0.06510692214055537,0.9096693861518983
25678,LOF,0.19114579084185335,0.05728585577668475,0.7515683533814619
25679,LOF,0.125527130310954,0.07409834304420305,0.800374526644843
25680,LOF,0.028488321678059984,0.11106251218836101,0.8604491661335789
25681,LOF,0.04841693874892742,0.1040998239398216,0.847483237311251
25682,LOF,0.1385421083628044,0.05908216493651631,0.8023757267006794
25683,LOF,0.12036802790676755,0.07300743060469243,0.80662454148854
25684,LOF,0.04160482719987496,0.060688037066471474,0.8977071357336537
25685,LOF,0.12477975179440376,0.04530365776879365,0.8299165904368027
25686,LOF,0.08022342127566681,0.08871889915430572,0.8310576795700274
25687,LOF,0.11458277327361475,0.08482012841909758,0.8005970983072876
25688,LOF,0.29969593650986104,0.03333353088400734,0.6669705326061316
25689,LOF,0.2235833227154952,0.042632719645869614,0.7337839576386351
25690,LOF,0.33947912243527545,0.031107753699460276,0.6294131238652642
25691,Neutral,0.6923742698366054,0.02617715297277752,0.28144857719061717
25692,LOF,0.3182616949985579,0.010505633870141069,0.6712326711313011
25693,LOF,0.0444132825623682,0.443158187009966,0.5124285304276658
25694,LOF,0.12984473900658625,0.021767468647964368,0.8483877923454494
25695,LOF,0.12872786995176766,0.019020375667793098,0.8522517543804392
25696,LOF,0.1318975249121019,0.00982421173492106,0.8582782633529771
25697,LOF,0.11426976382998467,0.027514945265396076,0.8582152909046192
25698,LOF,0.33529555438942615,0.2738130725184392,0.3908913730921346
25699,LOF,0.4260917436915454,0.04316304052317554,0.530745215785279
25700,LOF,0.05094768752399332,0.010435651641724317,0.9386166608342824
25701,LOF,0.14899713231101552,0.05660118893064956,0.7944016787583349
25702,GOF,0.17453567690246902,0.5337318539357024,0.2917324691618285
25703,LOF,0.017137309446644575,0.15563777388459785,0.8272249166687576
25704,LOF,0.04967586973434545,0.1144709820079168,0.8358531482577378
25705,LOF,0.05445663856045361,0.1990084747550206,0.7465348866845258
25706,LOF,0.08738462200870777,0.3478383555435349,0.5647770224477573
25707,LOF,0.09277485116018178,0.2833475175989896,0.6238776312408285
25708,LOF,0.029953686106295088,0.27014755628534953,0.6998987576083554
25709,LOF,0.05467967609097033,0.04547524397146431,0.8998450799375654
25710,LOF,0.011861997910238457,0.13831283249037785,0.8498251695993836
25711,LOF,0.018529693427138432,0.09734492161851534,0.8841253849543463
25712,LOF,0.013305321709744146,0.17935513914589665,0.8073395391443591
25713,LOF,0.018535178942629727,0.07986897350375204,0.9015958475536183
25714,LOF,0.06899202384489954,0.08318961224610001,0.8478183639090004
25715,LOF,0.01001285390382327,0.1403193882298098,0.8496677578663668
25716,LOF,0.014728511079233725,0.11934074601013465,0.8659307429106315
25717,LOF,0.0131759351684246,0.08719156802056366,0.8996324968110117
25718,LOF,0.011581864031758204,0.10895227963584907,0.8794658563323926
25719,LOF,0.018044299119597568,0.08366350766937732,0.8982921932110252
25720,LOF,0.02178155258907735,0.07038664322771988,0.9078318041832029
25721,LOF,0.015016608859894169,0.10737455658500362,0.8776088345551023
25722,LOF,0.012580089620714448,0.12785532439079994,0.8595645859884856
25723,LOF,0.021549047881925625,0.04945282750764429,0.9289981246104301
25724,LOF,0.02202332357984192,0.08627835206324491,0.8916983243569132
25725,LOF,0.010940332965653035,0.07183176908902324,0.9172278979453238
25726,LOF,0.013947284191673607,0.10181415652042869,0.8842385592878976
25727,LOF,0.012512453747301498,0.08754651543777926,0.8999410308149192
25728,LOF,0.0093216453966666,0.11267506913510024,0.8780032854682331
25729,LOF,0.009554019129894866,0.11096902297359507,0.8794769578965101
25730,LOF,0.012981624541485234,0.08263295291960836,0.9043854225389063
25731,LOF,0.020739506308502915,0.12156691782307716,0.85769357586842
25732,LOF,0.014092283790089177,0.09399890388640625,0.8919088123235045
25733,LOF,0.014905543514215492,0.07784803878562162,0.9072464177001629
25734,LOF,0.013969157272162545,0.13737871304506757,0.8486521296827699
25735,LOF,0.012551351138895522,0.08570448247231127,0.9017441663887933
25736,LOF,0.012978408318174232,0.1176936670499709,0.8693279246318549
25737,LOF,0.021185441266597188,0.08145389562326762,0.8973606631101352
25738,LOF,0.012681719414262903,0.11648193672732093,0.8708363438584162
25739,LOF,0.0197710761194358,0.0834408975127761,0.8967880263677881
25740,LOF,0.02488398835286054,0.10648447956951516,0.8686315320776243
25741,LOF,0.013906266391384358,0.11468987966598634,0.8714038539426294
25742,LOF,0.11152390964850803,0.08244768486953426,0.8060284054819576
25743,LOF,0.03574543290754465,0.0310651191612323,0.933189447931223
25744,Neutral,0.5588207485391151,0.21211301213490716,0.2290662393259779
25745,LOF,0.09441001519731429,0.06725969627032424,0.8383302885323614
25746,LOF,0.044931496730274315,0.08274759112872267,0.8723209121410029
25747,LOF,0.02381366310556548,0.037851695404859,0.9383346414895756
25748,LOF,0.1055031325308018,0.05668968370552491,0.8378071837636734
25749,LOF,0.027520492270881422,0.07891614959538432,0.8935633581337342
25750,LOF,0.08852556532014029,0.08132438216411245,0.8301500525157472
25751,LOF,0.09563968298699013,0.0542874338671268,0.850072883145883
25752,GOF,0.09986140237855601,0.6545889430775957,0.24554965454384825
25753,LOF,0.0201286438719752,0.26135059931708077,0.7185207568109441
25754,GOF,0.010882543342981742,0.7828188305027216,0.20629862615429673
25755,LOF,0.024448088138675276,0.3608324040117194,0.6147195078496053
25756,LOF,0.04299970549895612,0.3573661185897626,0.5996341759112813
25757,GOF,0.014929238048329553,0.8266198048427873,0.1584509571088832
25758,GOF,0.028415629177978345,0.8177370227574021,0.1538473480646194
25759,GOF,0.012374877400423005,0.5426134159392961,0.44501170666028095
25760,LOF,0.013795960788213267,0.224994614896657,0.7612094243151296
25761,GOF,0.27609885650676347,0.6139472627333582,0.10995388075987826
25762,LOF,0.037178154353816946,0.25107741741593753,0.7117444282302455
25763,LOF,0.013276919825987443,0.18087169017534263,0.80585138999867
25764,GOF,0.0667544226516244,0.6309204803029426,0.30232509704543314
25765,GOF,0.04483102117759917,0.7365182647005919,0.21865071412180895
25766,GOF,0.05990487813249576,0.7572581608627481,0.18283696100475602
25767,GOF,0.16541548729966887,0.4461933945097622,0.38839111819056893
25768,LOF,0.0906323950621885,0.06785763225951628,0.8415099726782953
25769,LOF,0.06128934808338461,0.061387590936006854,0.8773230609806085
25770,LOF,0.2851830733880816,0.08696414977161888,0.6278527768402996
25771,LOF,0.04020765316387484,0.04397477738589934,0.9158175694502259
25772,LOF,0.015413739396610324,0.03347883343818528,0.9511074271652045
25773,LOF,0.04525427661341588,0.08480917875366038,0.8699365446329238
25774,LOF,0.026655585938056066,0.08041712877655421,0.8929272852853896
25775,LOF,0.0440624859523139,0.049058415875367085,0.906879098172319
25776,LOF,0.06616374631283026,0.026513947696232446,0.9073223059909372
25777,LOF,0.324510873454358,0.05297354059862153,0.6225155859470204
25778,LOF,0.05864560319186828,0.051759636390739716,0.889594760417392
25779,GOF,0.3616172448358623,0.5934277944426477,0.04495496072149004
25780,GOF,0.2871262931443803,0.6454936572298756,0.067380049625744
25781,GOF,0.13972258893761053,0.7564605673205881,0.10381684374180153
25782,GOF,0.2186232628265359,0.7193330104299908,0.06204372674347328
25783,GOF,0.032411282887437706,0.684266789396462,0.2833219277161002
25784,Neutral,0.4816512746900656,0.4788673447495511,0.039481380560383354
25785,GOF,0.41735684000067785,0.5446253226604076,0.038017837338914534
25786,GOF,0.024585881102682266,0.7778443183104587,0.1975698005868591
25787,Neutral,0.620097553197481,0.3552929844601179,0.024609462342400967
25788,LOF,0.046281563218070455,0.11095688962702374,0.8427615471549058
25789,GOF,0.19250021376851928,0.6807133736220939,0.1267864126093868
25790,GOF,0.22049511660875268,0.680610479043379,0.09889440434786838
25791,GOF,0.1575714522007352,0.6657737715707885,0.17665477622847622
25792,GOF,0.3213399904080271,0.5455551193469249,0.13310489024504796
25793,GOF,0.2564991900356093,0.5531849046889171,0.19031590527547357
25794,GOF,0.2929554289020247,0.5413046405008644,0.16573993059711092
25795,GOF,0.07158621394333173,0.7218744945330047,0.2065392915236636
25796,Neutral,0.5125285818535024,0.40595701973972464,0.08151439840677299
25797,GOF,0.09136362948034213,0.5553910814742962,0.35324528904536157
25798,GOF,0.009130432611741807,0.500158644848181,0.4907109225400772
25799,LOF,0.006890753126713721,0.40830638961026494,0.5848028572630213
25800,GOF,0.029436578714599163,0.5911946534140033,0.37936876787139745
25801,GOF,0.18372586491747378,0.6991668097612107,0.1171073253213155
25802,GOF,0.07635902563382939,0.6903632151043683,0.23327775926180236
25803,GOF,0.03291244295881495,0.597399343815766,0.36968821322541917
25804,GOF,0.03342749696356375,0.5009806265076457,0.4655918765287905
25805,GOF,0.09297924302239122,0.6034832710443662,0.3035374859332427
25806,GOF,0.09184372773004959,0.6073694660535602,0.3007868062163902
25807,GOF,0.021042910878809225,0.6372775257474665,0.3416795633737243
25808,GOF,0.08035407787127062,0.6393177345702324,0.280328187558497
25809,GOF,0.01587211269984464,0.584170863400919,0.3999570238992365
25810,GOF,0.014671323277369572,0.624806295114741,0.3605223816078895
25811,GOF,0.41057375532252816,0.5112501502261279,0.07817609445134385
25812,GOF,0.026446868173171243,0.644489737295044,0.32906339453178474
25813,Neutral,0.49389765266502267,0.4188333587551239,0.08726898857985335
25814,GOF,0.10554642703136406,0.67068017951378,0.22377339345485592
25815,GOF,0.18697841380250857,0.6445164330626286,0.16850515313486275
25816,GOF,0.022411861977429406,0.7130894169381046,0.2644987210844659
25817,GOF,0.22975730701084154,0.6495857573670023,0.12065693562215614
25818,GOF,0.05234944778684951,0.66731799129092,0.28033256092223047
25819,GOF,0.35963972914901693,0.5162316502137541,0.12412862063722911
25820,GOF,0.18042469673592107,0.6098350750417262,0.2097402282223529
25821,GOF,0.055767420090058126,0.6814517439608783,0.26278083594906376
25822,GOF,0.21417571068114882,0.5878937266879989,0.1979305626308522
25823,GOF,0.032006440549088334,0.5396703248897587,0.42832323456115295
25824,GOF,0.09123608044543038,0.6235308118242588,0.2852331077303106
25825,GOF,0.03628313346814157,0.6247057478832074,0.339011118648651
25826,GOF,0.016250143554163498,0.5891428749666736,0.3946069814791629
25827,GOF,0.0250570784510376,0.6095783952022992,0.36536452634666333
25828,GOF,0.014800506442419712,0.5357375433192683,0.4494619502383121
25829,GOF,0.0059492601285831516,0.5722423272503931,0.4218084126210238
25830,LOF,0.03253845183420115,0.304037987042816,0.6634235611229828
25831,GOF,0.19554856124388556,0.6935554596203659,0.11089597913574849
25832,GOF,0.02982628039101982,0.7239260417978891,0.24624767781109108
25833,GOF,0.11618061684890214,0.7361641403916362,0.1476552427594615
25834,GOF,0.0316590094431185,0.7407524130633343,0.22758857749354733
25835,GOF,0.06524266711271332,0.7745330706875487,0.1602242621997379
25836,GOF,0.03170569344146707,0.7065686940004203,0.26172561255811255
25837,GOF,0.02462210986073506,0.6210386565516731,0.35433923358759173
25838,GOF,0.09691967311252378,0.7758077612374509,0.12727256565002526
25839,GOF,0.26531486391620873,0.5919636960051741,0.14272144007861715
25840,GOF,0.20517357115894458,0.6588152225574164,0.13601120628363889
25841,GOF,0.20392053860494974,0.6567523021285228,0.13932715926652747
25842,GOF,0.13447870195243963,0.7419504591124795,0.12357083893508101
25843,GOF,0.21010312490092553,0.6978301377054758,0.09206673739359872
25844,GOF,0.059361733806651946,0.748785543538322,0.1918527226550261
25845,GOF,0.015505210001239285,0.5305694062536039,0.45392538374515684
25846,GOF,0.11694744211571008,0.7491305904235233,0.1339219674607667
25847,GOF,0.08797361596433129,0.8171165543515231,0.09490982968414549
25848,GOF,0.03229217198493339,0.7405545838593416,0.2271532441557251
25849,GOF,0.009830405074811208,0.6172607525126986,0.37290884241249017
25850,GOF,0.01806630680560446,0.6590439954041168,0.3228896977902787
25851,GOF,0.013939166852813122,0.5492777878204097,0.4367830453267771
25852,GOF,0.14698662557486306,0.5814642607471208,0.27154911367801626
25853,GOF,0.33618736246785647,0.5960206106324754,0.06779202689966825
25854,GOF,0.021290141497117734,0.6232237249344681,0.3554861335684141
25855,GOF,0.03063046032201672,0.5608603561028843,0.40850918357509886
25856,GOF,0.23495044046480007,0.5470205525046985,0.21802900703050143
25857,GOF,0.0362276289764854,0.49573867764468177,0.4680336933788328
25858,GOF,0.020334500600955575,0.5285127592714407,0.45115274012760365
25859,GOF,0.010562749902876676,0.5049945138007115,0.4844427362964119
25860,GOF,0.33774221897843204,0.5809052902522616,0.08135249076930637
25861,GOF,0.3826485158850864,0.5485954032399999,0.06875608087491382
25862,GOF,0.07084856690894453,0.8004878713819498,0.12866356170910562
25863,GOF,0.07615101583372991,0.8053555357569316,0.1184934484093384
25864,GOF,0.1695313424510282,0.7588064171809137,0.07166224036805813
25865,GOF,0.07483903887260802,0.8111020928322622,0.11405886829512976
25866,GOF,0.05271627767362897,0.7989770289151635,0.1483066934112075
25867,GOF,0.08402442529269322,0.8167315601392167,0.09924401456809016
25868,GOF,0.2278068199469672,0.6757674555913109,0.09642572446172183
25869,Neutral,0.7055731757965877,0.2518704898846557,0.0425563343187566
25870,GOF,0.28302474184651527,0.41265112253711816,0.3043241356163665
25871,GOF,0.20533515173436698,0.6670824309009371,0.1275824173646959
25872,GOF,0.07670368958786306,0.6546474576436352,0.26864885276850187
25873,GOF,0.10455366214670707,0.7072261495541295,0.18822018829916337
25874,LOF,0.01411577113227546,0.11551114482945729,0.8703730840382673
25875,LOF,0.08545548244629654,0.045180803972272525,0.8693637135814309
25876,LOF,0.03469007170268012,0.03188423357702524,0.9334256947202946
25877,Neutral,0.49167819670525253,0.04491750031252888,0.4634043029822186
25878,LOF,0.21501650801527497,0.0917436862918332,0.6932398056928919
25879,LOF,0.08320529686349372,0.0890940007267961,0.8277007024097102
25880,LOF,0.041988641234954535,0.014842669384435068,0.9431686893806103
25881,LOF,0.16129269042372746,0.1172370113595555,0.7214702982167172
25882,LOF,0.060183636891774195,0.01627432872946891,0.9235420343787568
25883,LOF,0.06269088975474206,0.019034491914628082,0.9182746183306298
25884,LOF,0.03136889101297592,0.02764901557580999,0.9409820934112141
25885,LOF,0.05422667323820544,0.010735056845070987,0.9350382699167237
25886,LOF,0.2503203310741078,0.03690996539202968,0.7127697035338625
25887,LOF,0.13829585473362022,0.06600781227023957,0.7956963329961402
25888,LOF,0.06383167038738015,0.05724973318761018,0.8789185964250097
25889,LOF,0.0395255302034552,0.018928435323612092,0.9415460344729326
25890,LOF,0.04967025063856975,0.1433409962463433,0.806988753115087
25891,LOF,0.03831747297508649,0.04860958051141141,0.9130729465135021
25892,LOF,0.08723133125289599,0.024203956794405145,0.8885647119526989
25893,LOF,0.26417762080101537,0.01989153812069113,0.7159308410782935
25894,LOF,0.17361902566073906,0.012484514392256682,0.8138964599470043
25895,LOF,0.20169565384126112,0.021292286374158153,0.7770120597845808
25896,LOF,0.04901586929725654,0.022922244943129094,0.9280618857596143
25897,LOF,0.2781577709312083,0.013911229636782927,0.7079309994320088
25898,Neutral,0.7171129465327638,0.010804919022323695,0.2720821344449126
25899,LOF,0.1994893777037782,0.02524755916901133,0.7752630631272105
25900,LOF,0.4679134867665702,0.012254928530888127,0.5198315847025416
25901,LOF,0.04886159854356219,0.012573621472617185,0.9385647799838206
25902,LOF,0.14128500953800374,0.01623097421682866,0.8424840162451677
25903,Neutral,0.5609268368417126,0.032414594283354206,0.4066585688749331
25904,LOF,0.3080482300028006,0.04571677418726996,0.6462349958099294
25905,LOF,0.023781937340253752,0.347087060208571,0.6291310024511753
25906,LOF,0.031950455572846016,0.08595746255706863,0.8820920818700855
25907,LOF,0.012964505011980801,0.35023657470511804,0.6367989202829012
25908,LOF,0.00910015230263498,0.2578795399813178,0.7330203077160472
25909,LOF,0.012357955432267458,0.13578086495517175,0.8518611796125608
25910,LOF,0.04997921385404402,0.14778107121422207,0.8022397149317338
25911,LOF,0.19969267480235192,0.027243179951252403,0.7730641452463958
25912,LOF,0.046586075097410536,0.054621230622699524,0.89879269427989
25913,LOF,0.36766556805913325,0.023323782429585393,0.6090106495112814
25914,LOF,0.02240946590906248,0.051329290161197534,0.9262612439297399
25915,Neutral,0.5927291973926248,0.14754396991632593,0.25972683269104935
25916,LOF,0.08922399757424311,0.21344312849078828,0.6973328739349686
25917,LOF,0.07394083892857772,0.0391877280042531,0.8868714330671692
25918,LOF,0.024598957956773988,0.030198065809014192,0.9452029762342117
25919,LOF,0.021645768697664963,0.032788901150484634,0.9455653301518504
25920,GOF,0.1064192155113717,0.5068807446334329,0.38670003985519547
25921,LOF,0.024882628269747888,0.03519447691174537,0.9399228948185068
25922,LOF,0.03363717501768883,0.026135513788785352,0.9402273111935259
25923,LOF,0.4719497417421711,0.033703172147255496,0.4943470861105735
25924,LOF,0.03354665995439677,0.04339663720615518,0.923056702839448
25925,LOF,0.07234287582628617,0.03903390955965842,0.8886232146140555
25926,LOF,0.05254615543347745,0.03239826747159757,0.9150555770949249
25927,LOF,0.05760708238588037,0.1548092319573761,0.7875836856567435
25928,LOF,0.01759131462091496,0.05588150949780531,0.9265271758812798
25929,Neutral,0.5815412391007724,0.03617965381695948,0.3822791070822683
25930,LOF,0.07440149870055342,0.029877585654757816,0.8957209156446887
25931,LOF,0.02414381103611289,0.039054006711496864,0.9368021822523903
25932,LOF,0.027129186132121348,0.026837697533181513,0.9460331163346972
25933,LOF,0.03650084062808962,0.017420440511977324,0.9460787188599331
25934,LOF,0.023308503260151756,0.019935587165561285,0.9567559095742869
25935,LOF,0.06477557248869951,0.047685684730195244,0.8875387427811051
25936,LOF,0.03984948736242068,0.024502937719139473,0.9356475749184398
25937,LOF,0.027141986611272498,0.036808367317261795,0.9360496460714658
25938,LOF,0.06748063995390284,0.05299102424445767,0.8795283358016395
25939,LOF,0.03876094155519262,0.02030439270953128,0.9409346657352762
25940,LOF,0.036360606975637526,0.3326563566203908,0.6309830364039716
25941,LOF,0.17468586389417354,0.09510804856517434,0.7302060875406521
25942,LOF,0.012173726328249918,0.03450007790887208,0.9533261957628779
25943,LOF,0.2976235531153298,0.0613376124005742,0.6410388344840959
25944,Neutral,0.4924744822220411,0.023038530489395994,0.4844869872885628
25945,LOF,0.0699106775001127,0.019899404050502327,0.910189918449385
25946,LOF,0.03091511930896231,0.11780686737921066,0.8512780133118271
25947,LOF,0.1232755969079887,0.1698878684907921,0.7068365346012192
25948,LOF,0.3784853470045475,0.008280431190383289,0.6132342218050691
25949,LOF,0.13138491413595724,0.038791514067396234,0.8298235717966465
25950,GOF,0.3135942342302485,0.3524835753118872,0.3339221904578642
25951,LOF,0.1929410025498122,0.2822542020104537,0.5248047954397341
25952,LOF,0.04705195548070949,0.44435507043894606,0.5085929740803444
25953,LOF,0.15167852387398403,0.1108022112991266,0.7375192648268892
25954,Neutral,0.4295977732993483,0.19657577200427245,0.37382645469637926
25955,LOF,0.06152302434276818,0.07829049140944172,0.8601864842477901
25956,LOF,0.16655981885743412,0.1145105339210847,0.7189296472214812
25957,LOF,0.03607595077974583,0.03013905548037168,0.9337849937398826
25958,LOF,0.05538354578684601,0.02478730331328124,0.9198291508998727
25959,LOF,0.07146405817803497,0.31536968954169425,0.6131662522802708
25960,LOF,0.016520074646077177,0.04632227664480677,0.937157648709116
25961,LOF,0.04200474447304085,0.02482220231012936,0.9331730532168299
25962,LOF,0.052239398721142076,0.033899798681452285,0.9138608025974055
25963,LOF,0.04556546562965903,0.2040801533284604,0.7503543810418806
25964,LOF,0.03113242842740166,0.15291928106107378,0.8159482905115246
25965,LOF,0.4232207520378591,0.06449704009347562,0.5122822078686652
25966,Neutral,0.5382976750427951,0.1593346403076926,0.30236768464951236
25967,LOF,0.01682225794593667,0.10884648303569457,0.8743312590183688
25968,LOF,0.035458286620658676,0.36539243670091864,0.5991492766784227
25969,LOF,0.036975578347778926,0.06147932030362208,0.9015451013485991
25970,LOF,0.058652987134491394,0.0540772096185677,0.887269803246941
25971,LOF,0.06536160136185142,0.019505491424657028,0.9151329072134916
25972,LOF,0.06290905904434274,0.029479023491908483,0.9076119174637487
25973,LOF,0.07027626392708629,0.009996713428369875,0.9197270226445438
25974,LOF,0.18209036189309719,0.015149426362775449,0.8027602117441274
25975,LOF,0.04328576629884216,0.025228142685303108,0.9314860910158548
25976,LOF,0.04166576031914848,0.016068772257473028,0.9422654674233785
25977,LOF,0.14826527393515898,0.0818071835773914,0.7699275424874495
25978,LOF,0.14259514129443904,0.10864971742922977,0.7487551412763311
25979,LOF,0.12952157273218004,0.1122529329886109,0.758225494279209
25980,LOF,0.22525633576549325,0.13589454561940156,0.6388491186151052
25981,LOF,0.25638586110137135,0.1337005471114335,0.6099135917871951
25982,LOF,0.4041165883740682,0.09306511958516867,0.5028182920407631
25983,LOF,0.3744573744857651,0.10023897264260283,0.5253036528716322
25984,LOF,0.046406023911322807,0.04752151175201727,0.90607246433666
25985,LOF,0.03517480000151507,0.28208800885713103,0.6827371911413539
25986,LOF,0.04503009014203857,0.31538700864094665,0.6395829012170148
25987,LOF,0.08595335724273655,0.07191961305819347,0.8421270296990699
25988,LOF,0.15973288268278496,0.0619301200787459,0.7783369972384692
25989,LOF,0.03353654106511712,0.10963967334303765,0.8568237855918451
25990,LOF,0.037986920759720114,0.1616132291444167,0.8003998500958632
25991,LOF,0.1238655507354942,0.2247897979119529,0.6513446513525529
25992,LOF,0.28578889431540827,0.1417529553804599,0.5724581503041318
25993,LOF,0.02267110791424259,0.07396814468708673,0.9033607473986707
25994,LOF,0.018225971477053394,0.07863409283592668,0.90313993568702
25995,LOF,0.024314400165719972,0.1601600326177659,0.8155255672165141
25996,GOF,0.3332962103979497,0.3807526375041981,0.28595115209785216
25997,LOF,0.09560202022650313,0.3497482600710522,0.5546497197024446
25998,Neutral,0.5064187765465231,0.02519289440568066,0.4683883290477962
25999,LOF,0.10418358425714584,0.10060912322582628,0.7952072925170278
26000,LOF,0.13179616396310428,0.04352521424990642,0.8246786217869893
26001,LOF,0.19836412072358253,0.0500834197276524,0.751552459548765
26002,LOF,0.10529492378306854,0.042991674257422674,0.8517134019595087
26003,GOF,0.009486681319396638,0.6226554104135797,0.3678579082670236
26004,GOF,0.0187532065041196,0.6904082380109289,0.29083855548495163
26005,LOF,0.006264616363468058,0.4471056731313809,0.546629710505151
26006,Neutral,0.5112435147270568,0.25451277766097197,0.23424370761197136
26007,GOF,0.019434288952064,0.5331485167153232,0.44741719433261284
26008,GOF,0.01613509525319561,0.6387458254108583,0.3451190793359461
26009,GOF,0.01811045654097363,0.6972357210628197,0.2846538223962065
26010,GOF,0.019802368104486084,0.6555957034741552,0.3246019284213588
26011,LOF,0.006455266567157812,0.43390619998666646,0.5596385334461758
26012,GOF,0.011576150929524881,0.5803061675853487,0.4081176814851264
26013,GOF,0.017681167908424163,0.6221851246031026,0.36013370748847323
26014,LOF,0.04081654984436059,0.11991462199851652,0.8392688281571228
26015,LOF,0.17567976614501238,0.016375071082522504,0.8079451627724651
26016,LOF,0.20012845053498482,0.06364184095334256,0.7362297085116727
26017,LOF,0.22066162317709295,0.10176213148603769,0.6775762453368693
26018,LOF,0.07344436254384772,0.04317054885304943,0.8833850886031028
26019,LOF,0.06998325840563725,0.034556936960223765,0.8954598046341389
26020,LOF,0.06331990026425144,0.1105352494992609,0.8261448502364878
26021,LOF,0.04350387904657384,0.12350268922655713,0.832993431726869
26022,LOF,0.011155123801835627,0.04497531783958524,0.9438695583585791
26023,LOF,0.06129991290219094,0.027523277238130726,0.9111768098596784
26024,LOF,0.03072587777332566,0.12557428171244345,0.843699840514231
26025,LOF,0.15302478705896275,0.0987410083200066,0.7482342046210305
26026,LOF,0.313911397635373,0.0320117458020328,0.6540768565625942
26027,LOF,0.05611818341888405,0.021320830070320082,0.9225609865107959
26028,LOF,0.16495537282605288,0.06499999633149064,0.7700446308424564
26029,LOF,0.0727161465884432,0.1512965325659429,0.775987320845614
26030,LOF,0.02161671371402236,0.032569813651116344,0.9458134726348613
26031,LOF,0.025191320452330353,0.10879952483036257,0.8660091547173071
26032,LOF,0.06639819811111485,0.047373607812241175,0.886228194076644
26033,LOF,0.08545803300832376,0.04705248285011105,0.8674894841415651
26034,LOF,0.043437232884271065,0.12782666817439503,0.8287360989413338
26035,LOF,0.025663645735362454,0.12292935744212889,0.8514069968225088
26036,LOF,0.03807690529111835,0.14063418994965832,0.8212889047592233
26037,LOF,0.021182052529371796,0.09921069617116451,0.8796072512994637
26038,LOF,0.06202358326029072,0.04887059642125049,0.8891058203184589
26039,LOF,0.0483452167765607,0.12131268698794499,0.8303420962354944
26040,LOF,0.21267395314549656,0.0940686494050485,0.6932573974494549
26041,LOF,0.021787770305388653,0.08969157559099175,0.8885206541036196
26042,LOF,0.019644368207368642,0.08591343258386104,0.8944421992087702
26043,LOF,0.062321313555564764,0.055806496997427874,0.8818721894470073
26044,LOF,0.01887398954248373,0.042764304079184086,0.9383617063783322
26045,LOF,0.0685151984476151,0.07863448162576131,0.8528503199266236
26046,LOF,0.05853728325177181,0.048273046168339794,0.8931896705798885
26047,LOF,0.07769949038064172,0.05068191011698423,0.8716185995023741
26048,LOF,0.04269397876589601,0.029044238565518493,0.9282617826685855
26049,Neutral,0.9669728458239871,0.0052003137911163675,0.027826840384896405
26050,Neutral,0.9511122447152125,0.006635287088499157,0.042252468196288445
26051,LOF,0.04730476943558183,0.2703276947608372,0.682367535803581
26052,LOF,0.0671684360942764,0.2841989572844371,0.6486326066212864
26053,LOF,0.06472251658235845,0.14242684472326309,0.7928506386943784
26054,LOF,0.04791368842074509,0.01798975166457416,0.9340965599146808
26055,LOF,0.06830628329372797,0.016332604408774248,0.9153611122974978
26056,LOF,0.05821123923961927,0.018412269788862054,0.9233764909715187
26057,LOF,0.0298062226579537,0.012173434264455892,0.9580203430775904
26058,LOF,0.031188224687069954,0.009912433996711786,0.9588993413162183
26059,LOF,0.2725227154924494,0.022696404344819614,0.704780880162731
26060,LOF,0.04386684207924527,0.1786546085244725,0.7774785493962822
26061,LOF,0.015993017504029088,0.012413309025721166,0.9715936734702498
26062,LOF,0.00988628049774569,0.018385766448220056,0.9717279530540341
26063,LOF,0.019391140247915044,0.010866231679265736,0.9697426280728193
26064,LOF,0.02000983548143183,0.023807282586905808,0.9561828819316625
26065,LOF,0.023831908633939414,0.011026265032925907,0.9651418263331346
26066,LOF,0.019260362608889185,0.010705216028108816,0.9700344213630021
26067,LOF,0.025660941401722016,0.00873242591081752,0.9656066326874604
26068,LOF,0.04367839655736112,0.029126040015652496,0.9271955634269864
26069,LOF,0.2541508042881243,0.019249979195612586,0.726599216516263
26070,LOF,0.4009343188033854,0.015964483497070765,0.5831011976995438
26071,LOF,0.019153538196019435,0.011586566442224505,0.969259895361756
26072,LOF,0.019807906269815198,0.02296745169506261,0.9572246420351221
26073,LOF,0.018747401315683435,0.014081634269646105,0.9671709644146705
26074,Neutral,0.9215240893376385,0.005961449875059783,0.07251446078730159
26075,LOF,0.04418065801954064,0.014143203585795,0.9416761383946644
26076,LOF,0.03594788030264916,0.008940673301297547,0.9551114463960534
26077,LOF,0.008951614115241743,0.01429109593295502,0.9767572899518032
26078,LOF,0.014892065629155515,0.012235832041612346,0.9728721023292323
26079,LOF,0.05909135555476263,0.016473525180583547,0.9244351192646537
26080,LOF,0.058625316136289386,0.01647888896970273,0.924895794894008
26081,LOF,0.03205444730482738,0.006368283945827144,0.9615772687493456
26082,LOF,0.012724263815756693,0.014958357561726353,0.972317378622517
26083,LOF,0.17992412664564808,0.014407971260523336,0.8056679020938285
26084,LOF,0.04327825955000722,0.012123794394441782,0.9445979460555511
26085,LOF,0.037982591826419984,0.011474879931714598,0.9505425282418654
26086,LOF,0.01947793734735069,0.011375248811835928,0.9691468138408132
26087,LOF,0.02184628065203321,0.008590764027508647,0.9695629553204582
26088,LOF,0.016111648313314696,0.025688757157376473,0.9581995945293088
26089,LOF,0.04119031691434457,0.021788784784023105,0.9370208983016323
26090,LOF,0.04101874167864087,0.018086487246288935,0.9408947710750702
26091,LOF,0.0301217187336994,0.006509622474839708,0.9633686587914609
26092,LOF,0.020904497652385966,0.008140387374071313,0.9709551149735427
26093,LOF,0.030873196176575052,0.006133085426461483,0.9629937183969635
26094,LOF,0.032178568826417855,0.006035619908097657,0.9617858112654845
26095,LOF,0.041121953056323844,0.013741869330822389,0.9451361776128538
26096,LOF,0.015591811330362691,0.011783020041896445,0.9726251686277408
26097,LOF,0.011361153852611407,0.04032412816125123,0.9483147179861373
26098,LOF,0.07884619206984668,0.011520373164117413,0.9096334347660359
26099,LOF,0.019566249221103636,0.011894367475475714,0.9685393833034206
26100,LOF,0.02137131261735496,0.011641672615680087,0.9669870147669649
26101,LOF,0.043175881630553414,0.017748009374309075,0.9390761089951375
26102,LOF,0.01898591663168532,0.014324263623523447,0.9666898197447912
26103,Neutral,0.8816299417723201,0.01822629608138262,0.10014376214629728
26104,LOF,0.07784862188278939,0.02462625329932763,0.897525124817883
26105,LOF,0.20215877353302977,0.2839759172873796,0.5138653091795906
26106,LOF,0.17468109763674788,0.1364494377323577,0.6888694646308945
26107,LOF,0.221181914514863,0.09000071473107342,0.6888173707540636
26108,LOF,0.2219937827534165,0.09716373088899743,0.6808424863575862
26109,LOF,0.0853277545355846,0.05867187504255834,0.856000370421857
26110,LOF,0.22859417214971606,0.007295072344708804,0.7641107555055752
26111,Neutral,0.5290688999745039,0.024001018019529013,0.446930082005967
26112,LOF,0.03127398728675058,0.007237482003007,0.9614885307102423
26113,LOF,0.059030235527280386,0.01655464588168942,0.9244151185910302
26114,LOF,0.02560009816708404,0.027789339707468726,0.9466105621254473
26115,LOF,0.0892332309177433,0.047639701896456436,0.8631270671858002
26116,LOF,0.06487249315983494,0.05502135216149914,0.8801061546786659
26117,LOF,0.45698209510074334,0.04408117022457856,0.4989367346746779
26118,LOF,0.03431485103459524,0.026211699480629683,0.9394734494847752
26119,LOF,0.0233707798024874,0.039468329234569194,0.9371608909629434
26120,LOF,0.02378480913481078,0.02042778769628032,0.9557874031689089
26121,LOF,0.03864956870818545,0.08179973911572552,0.8795506921760889
26122,LOF,0.04034040807693776,0.03749519247795562,0.9221643994451066
