feature0,prediction,LoGoFunc_Neutral,LoGoFunc_GOF,LoGoFunc_LOF
25546,Neutral,0.6357926553809757,0.06547043940558601,0.29873690521343826
25547,Neutral,0.49746915161600536,0.11025828680400443,0.39227256157999013
25548,Neutral,0.49137179972583395,0.09221954660752613,0.41640865366663987
25549,LOF,0.4354585375545513,0.09624425603733784,0.46829720640811073
25550,LOF,0.3453120526951464,0.12499178003588561,0.529696167268968
25551,LOF,0.29648244229978843,0.1400720378786694,0.5634455198215421
25552,LOF,0.27219272579808684,0.1403132916093642,0.587493982592549
25553,Neutral,0.7931124379186567,0.05273309865287999,0.15415446342846317
25554,LOF,0.3038176773092228,0.13202784480232116,0.564154477888456
25555,LOF,0.2618294707151637,0.12491285965394797,0.6132576696308885
25556,LOF,0.436019133284377,0.11163885945500013,0.45234200726062274
25557,LOF,0.25420030903429813,0.12641979372415285,0.6193798972415491
25558,LOF,0.3054804735502639,0.12044587212687825,0.5740736543228578
25559,LOF,0.27147100190789375,0.12062038121144793,0.6079086168806583
25560,LOF,0.13154227858811685,0.13356425186439705,0.7348934695474861
25561,LOF,0.13602704421446213,0.17882140335517033,0.6851515524303676
25562,LOF,0.05295038610359238,0.09350440819935577,0.853545205697052
25563,LOF,0.014630054839507928,0.15286161733913226,0.8325083278213598
25564,LOF,0.12414699946817734,0.10912877935880426,0.7667242211730183
25565,LOF,0.18393286465440642,0.13864713851175434,0.6774199968338392
25566,GOF,0.05742348364154352,0.6417193394901824,0.30085717686827407
25567,LOF,0.03793508402167054,0.1764880553344549,0.7855768606438744
25568,LOF,0.05454133075430886,0.10094490065796023,0.844513768587731
25569,LOF,0.06021620316356867,0.0894063672751518,0.8503774295612796
25570,LOF,0.029989054191592524,0.1288928500912768,0.8411180957171306
25571,LOF,0.027187263478911546,0.133261840342614,0.8395508961784744
25572,LOF,0.06430503350704028,0.16195105750969654,0.7737439089832632
25573,LOF,0.06412998616756731,0.12495798005769095,0.8109120337747419
25574,LOF,0.06553533140901785,0.24908727385122958,0.6853773947397527
25575,LOF,0.023928920555518755,0.13294140934611862,0.8431296700983627
25576,LOF,0.02766708314431375,0.20419801539508478,0.7681349014606014
25577,LOF,0.03378297068139063,0.15450508487399955,0.8117119444446098
25578,LOF,0.2795922869543821,0.12148845164390698,0.5989192614017109
25579,LOF,0.17961881121481513,0.1145943957259517,0.7057867930592332
25580,LOF,0.021805995632181628,0.09216695638009319,0.8860270479877252
25581,LOF,0.04744208977723498,0.09384446646124643,0.8587134437615186
25582,LOF,0.047298463124127464,0.09133545433856109,0.8613660825373115
25583,LOF,0.02520549333560051,0.10837149809171762,0.866423008572682
25584,Neutral,0.7013985421788752,0.15106676750183728,0.14753469031928756
25585,LOF,0.022148035013805353,0.18052062682079936,0.7973313381653954
25586,LOF,0.018579769838554853,0.10276261949336839,0.8786576106680768
25587,LOF,0.018649492342433776,0.08965422864786611,0.8916962790097
25588,LOF,0.02293351213042525,0.09987336731024266,0.8771931205593321
25589,Neutral,0.5259744235959123,0.2533458061239474,0.22067977028014035
25590,LOF,0.04912995042010152,0.1529683777665362,0.7979016718133622
25591,LOF,0.082431811275894,0.08233589239725357,0.8352322963268525
25592,LOF,0.0568831228090454,0.1795713201092478,0.7635455570817068
25593,LOF,0.1144600891595885,0.3121723507104258,0.5733675601299857
25594,LOF,0.05370171544157369,0.054821695081875996,0.8914765894765504
25595,LOF,0.05358663404542663,0.036435887035643155,0.9099774789189303
25596,LOF,0.12009526091513896,0.01826164653263931,0.8616430925522217
25597,LOF,0.08680132990360305,0.02400969550177262,0.8891889745946243
25598,LOF,0.05204243326214937,0.04125554065758,0.9067020260802706
25599,LOF,0.02757982196202562,0.3688087057366236,0.6036114723013507
25600,LOF,0.2098891723191195,0.38036414035764865,0.4097466873232319
25601,LOF,0.04690875219083016,0.3095764695001486,0.6435147783090213
25602,LOF,0.031090653927820157,0.07213359363438593,0.896775752437794
25603,LOF,0.03997909399781491,0.05004283625030534,0.9099780697518798
25604,LOF,0.040990229133478856,0.08556624356327348,0.8734435273032476
25605,LOF,0.03155029674371028,0.1788020285711548,0.789647674685135
25606,LOF,0.40439438103955727,0.11838229897756002,0.4772233199828827
25607,LOF,0.028275559505284004,0.18065209221975,0.7910723482749659
25608,LOF,0.039725699803053766,0.09993811439545117,0.8603361858014952
25609,GOF,0.13827368487888825,0.4916808053452277,0.3700455097758841
25610,LOF,0.01453737218985742,0.04533901008628913,0.9401236177238534
25611,LOF,0.012536788332035734,0.05215984080954346,0.9353033708584207
25612,LOF,0.04194203447437728,0.05762275893768775,0.9004352065879349
25613,LOF,0.04300206558288838,0.059041688682656725,0.897956245734455
25614,LOF,0.02204034458755015,0.04124945806544873,0.9367101973470011
25615,LOF,0.042672925052081874,0.05450192414252987,0.9028251508053883
25616,LOF,0.04731065848478039,0.04840451071503297,0.9042848308001867
25617,LOF,0.03866571095728829,0.05527109878584982,0.9060631902568618
25618,LOF,0.043630977774483645,0.0709879516711925,0.8853810705543239
25619,LOF,0.012335137376125804,0.05311092527622536,0.9345539373476487
25620,LOF,0.05549336068561553,0.05570119232775851,0.8888054469866259
25621,LOF,0.058938537750263635,0.04855482879057512,0.8925066334591611
25622,LOF,0.06370440773264624,0.05501207097281508,0.8812835212945386
25623,LOF,0.06415643224747015,0.03863964214661651,0.8972039256059133
25624,LOF,0.019006087836171786,0.04562376867670687,0.9353701434871213
25625,LOF,0.05816670316762714,0.05317093939330076,0.888662357439072
25626,LOF,0.046073002774677435,0.053360514887861935,0.9005664823374606
25627,Neutral,0.8829725824464992,0.021550732999338795,0.09547668455416183
25628,LOF,0.1540354664176145,0.0531046680926358,0.7928598654897497
25629,LOF,0.06888958809839234,0.04381167025410579,0.8872987416475019
25630,LOF,0.27769648444696043,0.06342808281443973,0.6588754327385998
25631,Neutral,0.5519456224964466,0.055138124666230595,0.3929162528373228
25632,LOF,0.025492573911727302,0.08255671424987167,0.891950711838401
25633,LOF,0.20912272531560733,0.04789220984651017,0.7429850648378825
25634,LOF,0.04143237389235037,0.08590074709889442,0.8726668790087552
25635,LOF,0.03774035385386886,0.04720741307665925,0.9150522330694718
25636,LOF,0.03947262166848027,0.4465648208941947,0.513962557437325
25637,LOF,0.05556204097043156,0.45793112025503424,0.48650683877453416
25638,LOF,0.02932521408948796,0.39852885382531084,0.5721459320852011
25639,LOF,0.03177978715959348,0.41866670914630383,0.5495535036941027
25640,Neutral,0.8469273826055712,0.09755927095139387,0.05551334644303487
25641,LOF,0.08560818321161773,0.4276469467437508,0.4867448700446315
25642,LOF,0.06494571659531533,0.16561640677210895,0.7694378766325757
25643,LOF,0.2656088442161933,0.1226432789508786,0.6117478768329281
25644,GOF,0.008839000498399148,0.5990875748139489,0.39207342468765205
25645,GOF,0.011353169783536595,0.570600811594228,0.4180460186222353
25646,LOF,0.031169831271558042,0.4107540101790258,0.5580761585494161
25647,LOF,0.011859389090871194,0.33648513286006765,0.6516554780490612
25648,LOF,0.012983097866404239,0.3948853190882834,0.5921315830453124
25649,LOF,0.008003928776445693,0.30118628952637044,0.6908097816971839
25650,GOF,0.02133378814923508,0.566364587932938,0.412301623917827
25651,LOF,0.007803968089411861,0.4041592168958899,0.5880368150146982
25652,LOF,0.013430963395456887,0.39559302749377095,0.5909760091107722
25653,GOF,0.03910637976957223,0.562962966317043,0.3979306539133847
25654,LOF,0.009922255309095592,0.28768309874372,0.7023946459471844
25655,GOF,0.1285363647006923,0.5944466279712648,0.2770170073280429
25656,LOF,0.3482941250189098,0.13616221350181448,0.5155436614792758
25657,LOF,0.04952524890561714,0.1342507701633693,0.8162239809310136
25658,LOF,0.3057127529805359,0.1522760455365071,0.5420112014829571
25659,Neutral,0.42424130658961956,0.16256038478658072,0.41319830862379975
25660,LOF,0.022257069150612218,0.10947624328957704,0.8682666875598107
25661,LOF,0.0921865295553265,0.07138426427303242,0.8364292061716412
25662,LOF,0.03528826691960035,0.035364282599331345,0.9293474504810684
25663,LOF,0.043062477266096646,0.048081106125877834,0.9088564166080254
25664,LOF,0.14267694077439452,0.07284356914442106,0.7844794900811844
25665,LOF,0.05850822536088552,0.030807302046120588,0.9106844725929939
25666,LOF,0.09260929312861964,0.07237907212992543,0.8350116347414549
25667,LOF,0.06981878729788359,0.05364028374327385,0.8765409289588425
25668,LOF,0.037230068251210655,0.05891764909054599,0.9038522826582434
25669,LOF,0.030836129442651076,0.0585195609649597,0.9106443095923892
25670,LOF,0.14183264625441597,0.07935310561313057,0.7788142481324534
25671,LOF,0.1162155596180079,0.04226951360402076,0.8415149267779712
25672,LOF,0.048670080833921554,0.04520336887022508,0.9061265502958533
25673,LOF,0.08412278260516239,0.05319347638226959,0.8626837410125681
25674,LOF,0.07422147366790553,0.0637458934465951,0.8620326328854994
25675,LOF,0.10073588429728418,0.07889756547695294,0.8203665502257628
25676,LOF,0.019216402896464185,0.06063725212952633,0.9201463449740095
25677,LOF,0.024172815194625663,0.07614476837450478,0.8996824164308695
25678,LOF,0.18584804698878368,0.08045235744064894,0.7336995955705674
25679,LOF,0.11826885121811057,0.08595290786242746,0.795778240919462
25680,LOF,0.034988259085848974,0.12348230422654008,0.841529436687611
25681,LOF,0.052623414876977775,0.11238816891465678,0.8349884162083655
25682,LOF,0.13129519990867158,0.08887366858996182,0.7798311315013666
25683,LOF,0.1088692350191924,0.10016843121106568,0.7909623337697419
25684,LOF,0.04159317084225147,0.07839896594478267,0.8800078632129658
25685,LOF,0.12907666093268882,0.07923930928850954,0.7916840297788016
25686,LOF,0.07679888942914483,0.12312784752786199,0.8000732630429932
25687,LOF,0.13371882267040774,0.13281042448467617,0.733470752844916
25688,LOF,0.3974523664755424,0.044643435644208154,0.5579041978802495
25689,LOF,0.26971428700003763,0.044664187323448325,0.6856215256765141
25690,LOF,0.3322508063492399,0.031178580137700734,0.6365706135130593
25691,Neutral,0.7005017254557884,0.029777579628554235,0.2697206949156573
25692,LOF,0.33601184287234304,0.013405816718378637,0.6505823404092783
25693,LOF,0.040112373952286014,0.4125958539698311,0.5472917720778828
25694,LOF,0.12062743797655597,0.022895124691383127,0.8564774373320609
25695,LOF,0.11817474460031151,0.01880307742463179,0.8630221779750566
25696,LOF,0.11048899450294007,0.015600444338120613,0.8739105611589394
25697,LOF,0.09533410258883149,0.0665005713438523,0.8381653260673162
25698,LOF,0.30932857212733306,0.21239175451863168,0.4782796733540352
25699,Neutral,0.5079495247722257,0.02721391191242317,0.4648365633153512
25700,LOF,0.09307103592832727,0.00794539016929628,0.8989835739023764
25701,LOF,0.1923709287829046,0.03776279724129706,0.7698662739757984
25702,GOF,0.16605244921752732,0.6350272808335389,0.1989202699489339
25703,LOF,0.016556465775727124,0.15296882945238396,0.8304747047718889
25704,LOF,0.03966880930765919,0.140153825337297,0.8201773653550438
25705,LOF,0.04915106708021032,0.12386507955093602,0.8269838533688536
25706,LOF,0.1467335542072727,0.37366504287664376,0.47960140291608355
25707,LOF,0.1097379945992874,0.3053120368590688,0.5849499685416438
25708,LOF,0.05151410297467867,0.29486145131050223,0.6536244457148193
25709,LOF,0.07736099853967587,0.03509092103995641,0.8875480804203677
25710,LOF,0.013095245768164954,0.11152712806384589,0.8753776261679891
25711,LOF,0.02250232430114847,0.06596859545816587,0.9115290802406857
25712,LOF,0.017314829483980818,0.14461537833450414,0.8380697921815151
25713,LOF,0.021549859641061864,0.07116132234107654,0.9072888180178617
25714,LOF,0.0870438945379895,0.05121881199059056,0.8617372934714199
25715,LOF,0.012905614429149965,0.09659810410095113,0.890496281469899
25716,LOF,0.011693842019414083,0.09016984267485408,0.8981363153057319
25717,LOF,0.016036524445130793,0.06448286027862672,0.9194806152762425
25718,LOF,0.012491509543346466,0.06204041483836287,0.9254680756182906
25719,LOF,0.02277117672673989,0.05509121777544884,0.9221376054978112
25720,LOF,0.027505325653730733,0.04991771059498053,0.9225769637512888
25721,LOF,0.014983121094546498,0.08475492919836768,0.9002619497070857
25722,LOF,0.01574881184894229,0.07713720882974397,0.9071139793213138
25723,LOF,0.027641162993934393,0.035215671440700855,0.9371431655653648
25724,LOF,0.032940575089980106,0.0603559114826821,0.9067035134273379
25725,LOF,0.012751285795456271,0.055146950530914375,0.9321017636736293
25726,LOF,0.017635856317058135,0.0747991885629963,0.9075649551199456
25727,LOF,0.013849967442118478,0.0565969307958835,0.929553101761998
25728,LOF,0.011102210898761004,0.07483195658929258,0.9140658325119464
25729,LOF,0.011453519880883056,0.07108144169785102,0.9174650384212659
25730,LOF,0.015445893136297564,0.07127869681637385,0.9132754100473285
25731,LOF,0.023686672543166913,0.07623854650510867,0.9000747809517246
25732,LOF,0.015100062847479083,0.05450008864590815,0.9303998485066128
25733,LOF,0.018719228671617794,0.04888535328653227,0.9323954180418499
25734,LOF,0.013329606499308831,0.093427494865234,0.8932428986354571
25735,LOF,0.012783702231532012,0.059421347756894005,0.927794950011574
25736,LOF,0.014078319812909796,0.07145627745206592,0.9144654027350244
25737,LOF,0.012826783665596456,0.06480538412622563,0.922367832208178
25738,LOF,0.01347842768696366,0.07257129478373092,0.9139502775293054
25739,LOF,0.022670226499556804,0.05397056714467025,0.923359206355773
25740,LOF,0.03333238130597763,0.07947658840019864,0.8871910302938237
25741,LOF,0.01796658758447166,0.07356026848343102,0.9084731439320974
25742,LOF,0.12571215297538915,0.051050435945609596,0.8232374110790014
25743,LOF,0.03775081313799402,0.060541996786990404,0.9017071900750157
25744,Neutral,0.6153848067787474,0.25223286671982953,0.13238232650142298
25745,LOF,0.06442734787079876,0.08772332669834496,0.8478493254308562
25746,LOF,0.03940969841276009,0.12154233701140109,0.8390479645758387
25747,LOF,0.02102108381211387,0.08698440037411012,0.8919945158137761
25748,LOF,0.12169016789664805,0.14436676224293232,0.7339430698604197
25749,LOF,0.028919741221529953,0.10699720970410331,0.8640830490743667
25750,LOF,0.07082951930752042,0.11235677983613929,0.8168137008563404
25751,LOF,0.08937082235816896,0.13878000508288196,0.7718491725589491
25752,GOF,0.10800606421649292,0.6661388676677439,0.22585506811576325
25753,LOF,0.026175218016888237,0.33075628392893763,0.6430684980541742
25754,GOF,0.014852438674719531,0.7953754210981581,0.18977214022712252
25755,LOF,0.02380326074290008,0.40629370763012324,0.5699030316269766
25756,LOF,0.049197536661550384,0.386542562276084,0.5642599010623656
25757,GOF,0.021308705936858633,0.8633452831746392,0.11534601088850228
25758,GOF,0.031327397000611705,0.8009678533689226,0.1677047496304656
25759,GOF,0.01036196237694092,0.6288454418899148,0.36079259573314426
25760,LOF,0.013394498284809311,0.3387276527073668,0.647877849007824
25761,GOF,0.2667925375370555,0.6579663453935148,0.07524111706942964
25762,LOF,0.04254625430975169,0.31562591321450334,0.6418278324757449
25763,LOF,0.0153233142160847,0.23114596174058416,0.7535307240433312
25764,GOF,0.08573434602638252,0.6690919321995991,0.24517372177401833
25765,GOF,0.034930336012073314,0.7786327672570488,0.186436896730878
25766,GOF,0.0669342668058176,0.8047976813544694,0.12826805183971293
25767,GOF,0.15352055571304307,0.5572878322562387,0.2891916120307183
25768,LOF,0.1057420215745812,0.051891921320060874,0.842366057105358
25769,LOF,0.05177650868949075,0.06817738398190991,0.8800461073285993
25770,LOF,0.3144414231278244,0.11044383528612822,0.5751147415860474
25771,LOF,0.04747800231199494,0.05271445358139052,0.8998075441066146
25772,LOF,0.018996767173817774,0.04678820104592219,0.93421503178026
25773,LOF,0.05220980343703821,0.0874348052870513,0.8603553912759104
25774,LOF,0.026534827607053467,0.09899473138870779,0.8744704410042389
25775,LOF,0.05562746651749894,0.06016830799330162,0.8842042254891995
25776,LOF,0.07116383591240333,0.030117710960785082,0.8987184531268115
25777,LOF,0.3614916221182057,0.08659083541002298,0.5519175424717713
25778,LOF,0.06827238509334858,0.04742796507013728,0.8842996498365141
25779,GOF,0.3911248937341411,0.5495226543393941,0.059352451926464767
25780,GOF,0.3471400002330333,0.5627586762125203,0.09010132355444635
25781,GOF,0.1186872961029389,0.7608640457526651,0.12044865814439605
25782,GOF,0.186676744729814,0.7205845666694088,0.09273868860077716
25783,GOF,0.02241443026392052,0.6218109112178044,0.35577465851827517
25784,Neutral,0.503996538580112,0.44445433469299556,0.05154912672689253
25785,Neutral,0.49812186093659555,0.45141446218104986,0.0504636768823546
25786,GOF,0.02620575790123244,0.7425445323384844,0.23124970976028308
25787,Neutral,0.6842919090954911,0.28360373059937927,0.03210436030512964
25788,LOF,0.05181284423524197,0.08002693802450618,0.8681602177402519
25789,GOF,0.21246833545634053,0.6320561665583476,0.1554754979853119
25790,GOF,0.25486241259266534,0.6422333930124863,0.10290419439484831
25791,GOF,0.13680344634228728,0.6887764219760001,0.17442013168171266
25792,GOF,0.3370086035797514,0.52370229286199,0.13928910355825858
25793,GOF,0.2604275347315903,0.5090612133500725,0.2305112519183372
25794,GOF,0.29732133390608884,0.5029627653127271,0.1997159007811842
25795,GOF,0.07085916484378614,0.6596564717390286,0.2694843634171853
25796,Neutral,0.5446161803979241,0.36199149456327795,0.09339232503879787
25797,GOF,0.08728857019190077,0.56699080136495,0.34572062844314916
25798,GOF,0.009058643010609336,0.53695849155269,0.4539828654367007
25799,LOF,0.007302369672738817,0.4261289981677321,0.5665686321595291
25800,GOF,0.032888783501313024,0.5984633926123387,0.3686478238863483
25801,GOF,0.22879607479047442,0.6493770072987874,0.12182691791073814
25802,GOF,0.06116965266993437,0.6774804262220315,0.2613499211080341
25803,GOF,0.03610135372281318,0.5673969656991082,0.39650168057807855
25804,GOF,0.034884070459553156,0.5126647916140092,0.45245113792643754
25805,GOF,0.12201796815485884,0.5752276097276621,0.30275442211747894
25806,GOF,0.12323319039663626,0.5834973107576579,0.2932694988457058
25807,GOF,0.020230522106573157,0.6223468416413046,0.35742263625212223
25808,GOF,0.096166057799221,0.5981160977355661,0.3057178444652129
25809,GOF,0.02016517079079225,0.6288625838524471,0.3509722453567607
25810,GOF,0.019764167167120483,0.6311034578741352,0.3491323749587442
25811,Neutral,0.48780599765975075,0.426810666300051,0.08538333604019825
25812,GOF,0.0358462195722393,0.6284451611372011,0.3357086192905595
25813,Neutral,0.5581267056695094,0.32919599037444924,0.1126773039560414
25814,GOF,0.13055022403124725,0.653338151086741,0.21611162488201183
25815,GOF,0.21762544549040505,0.5819852206210107,0.2003893338885843
25816,GOF,0.022410603054668594,0.6624128061311056,0.3151765908142258
25817,GOF,0.24659905683012565,0.6094600849759741,0.1439408581939003
25818,GOF,0.05460900739838194,0.5617013185526127,0.38368967404900534
25819,GOF,0.39584953180367316,0.43819748404649733,0.16595298414982954
25820,GOF,0.18909271947139067,0.5649838321576875,0.24592344837092173
25821,GOF,0.05676994477417347,0.6302973759435005,0.31293267928232593
25822,GOF,0.23044720809012864,0.5056840877163309,0.26386870419354047
25823,GOF,0.030932021394439554,0.510147812710955,0.4589201658946053
25824,GOF,0.07872138152521517,0.5247489124869155,0.39652970598786924
25825,GOF,0.029718606956932094,0.5371499105245048,0.43313148251856315
25826,GOF,0.011877760739257214,0.5224719493494978,0.46565028991124496
25827,GOF,0.02385309480393415,0.5792540706100147,0.39689283458605124
25828,GOF,0.013800648820602923,0.516882873325431,0.469316477853966
25829,GOF,0.006480960587594641,0.5474944578813961,0.4460245815310093
25830,LOF,0.03777809414685556,0.2853502328225216,0.6768716730306229
25831,GOF,0.18090381447922313,0.6594559880312193,0.15964019748955766
25832,GOF,0.03027893398419813,0.6459442008524441,0.32377686516335785
25833,GOF,0.12252812118380388,0.6659927107326106,0.2114791680835856
25834,GOF,0.03448700349811286,0.6494679547500538,0.3160450417518333
25835,GOF,0.08643753391815587,0.6646469896981022,0.2489154763837418
25836,GOF,0.040431581210180124,0.619982291329902,0.3395861274599178
25837,GOF,0.022692135815400204,0.5336692355987115,0.44363862858588826
25838,GOF,0.0703206149214425,0.7238481823648476,0.20583120271370992
25839,GOF,0.27887844380281124,0.5519146480671024,0.16920690813008624
25840,GOF,0.22390392547083268,0.5868050007190423,0.18929107381012492
25841,GOF,0.23681599639686235,0.5625150526039696,0.200668950999168
25842,GOF,0.18939194333545956,0.6250626716182406,0.18554538504629986
25843,GOF,0.22089549602892347,0.640541471830475,0.13856303214060142
25844,GOF,0.05625764955367699,0.6455414973982487,0.29820085304807425
25845,LOF,0.012315735612206837,0.4848792950933961,0.502804969294397
25846,GOF,0.1013996607445669,0.7007403005139536,0.19786003874147945
25847,GOF,0.11314309387244881,0.7260093679435882,0.16084753818396308
25848,GOF,0.031883333807515776,0.6504765224732855,0.31764014371919874
25849,GOF,0.009329437779659448,0.5494891554325732,0.44118140678776735
25850,GOF,0.02166283604514465,0.6483932711141941,0.32994389284066133
25851,GOF,0.016631760948808805,0.5554700383706244,0.42789820068056683
25852,GOF,0.1740100065703462,0.5429599057669185,0.28303008766273524
25853,GOF,0.35609676721153843,0.550784319945477,0.09311891284298461
25854,GOF,0.01974974890378454,0.6040594319947097,0.37619081910150576
25855,GOF,0.03233771214398464,0.5603317794208575,0.4073305084351579
25856,GOF,0.23186217958827782,0.509013417452944,0.25912440295877825
25857,GOF,0.030940166167212256,0.4875135454405425,0.48154628839224534
25858,GOF,0.016271111186676783,0.5577314306565347,0.42599745815678847
25859,GOF,0.009836436222224364,0.5432846966247823,0.44687886715299335
25860,GOF,0.3747565493442504,0.5338661849376862,0.09137726571806334
25861,GOF,0.40407807260643386,0.5107630611511844,0.08515886624238188
25862,GOF,0.08524561726431809,0.7623656801392945,0.15238870259638734
25863,GOF,0.08805401744354847,0.7562052873491774,0.1557406952072741
25864,GOF,0.19559693447289886,0.7144711053053421,0.08993196022175902
25865,GOF,0.08639578738234222,0.7712190606588795,0.1423851519587784
25866,GOF,0.05855075493731943,0.7877038631857749,0.1537453818769057
25867,GOF,0.08481738148444226,0.8031332426724858,0.11204937584307197
25868,GOF,0.2647125603822621,0.6269824706960336,0.10830496892170427
25869,Neutral,0.6911006856359084,0.261351823632956,0.047547490731135525
25870,LOF,0.29661153198672907,0.2534273682789523,0.4499610997343186
25871,GOF,0.20295858608654943,0.6103272536058068,0.1867141603076439
25872,GOF,0.08707529090514687,0.6238948630876846,0.2890298460071686
25873,GOF,0.1415407864753207,0.6349756474017257,0.22348356612295345
25874,LOF,0.019535149988971833,0.10516964662999118,0.875295203381037
25875,LOF,0.09715561338861502,0.04152916788014577,0.8613152187312393
25876,LOF,0.03258559399223598,0.03521430701956412,0.9322000989881999
25877,Neutral,0.5185934327396227,0.047850428092410774,0.4335561391679666
25878,LOF,0.22214184053540786,0.08270382640193909,0.6951543330626531
25879,LOF,0.09546387175183789,0.08222007523852026,0.822316053009642
25880,LOF,0.023587195703663674,0.021454300831768587,0.9549585034645678
25881,LOF,0.1672901281451166,0.13649666962889243,0.6962132022259909
25882,LOF,0.07454614906973442,0.019657532266086502,0.9057963186641792
25883,LOF,0.08118820834096324,0.02790808883926731,0.8909037028197695
25884,LOF,0.03848053522575666,0.043104860415898796,0.9184146043583444
25885,LOF,0.06539372576427087,0.016684753413450295,0.9179215208222788
25886,LOF,0.31086432888221155,0.04882372000798426,0.6403119511098041
25887,LOF,0.15332192928374547,0.08820321652889171,0.7584748541873628
25888,LOF,0.06741828797270813,0.07080478228972009,0.8617769297375718
25889,LOF,0.048521629871588,0.02952226997183104,0.9219561001565809
25890,LOF,0.049803027865518185,0.1321269017233787,0.818070070411103
25891,LOF,0.03910445574598843,0.06196059959028081,0.8989349446637308
25892,LOF,0.10628894865791866,0.015188930575362294,0.878522120766719
25893,LOF,0.30286755448111913,0.011807946828444969,0.6853244986904359
25894,LOF,0.18088667995800722,0.006858262981857394,0.8122550570601353
25895,LOF,0.20189988457876504,0.014482732951184948,0.7836173824700501
25896,LOF,0.05531410547036352,0.014340375419189921,0.9303455191104466
25897,LOF,0.25207585237279656,0.009126037103362539,0.7387981105238409
25898,Neutral,0.7340902774942212,0.007030217139662046,0.25887950536611676
25899,LOF,0.26054302271307006,0.018547340123596916,0.720909637163333
25900,LOF,0.44317763106308466,0.011188430915618141,0.5456339380212972
25901,LOF,0.0712767805773404,0.008188837209298402,0.9205343822133611
25902,LOF,0.20171127559363666,0.008170474792021702,0.7901182496143417
25903,Neutral,0.5219625738249579,0.01978570883310313,0.4582517173419388
25904,LOF,0.3179775536585575,0.029322496533602655,0.6526999498078399
25905,LOF,0.026047276053706693,0.2781823104655358,0.6957704134807575
25906,LOF,0.025068645771291313,0.056793104687955454,0.9181382495407532
25907,LOF,0.016960895948915585,0.31346943193859034,0.6695696721124941
25908,LOF,0.012074037992343497,0.20309857592087888,0.7848273860867776
25909,LOF,0.014680440380089189,0.110859891032029,0.8744596685878817
25910,LOF,0.04670054876467967,0.13938980381588512,0.8139096474194352
25911,LOF,0.12771111804724858,0.04526730773337696,0.8270215742193745
25912,LOF,0.03922052529549541,0.05399167825737472,0.9067877964471298
25913,LOF,0.26507875742418646,0.028745540660598142,0.7061757019152154
25914,LOF,0.023357655845003406,0.11167085594378395,0.8649714882112127
25915,Neutral,0.4492407056279204,0.2734494606837006,0.2773098336883791
25916,LOF,0.06175688950853958,0.29414735463232194,0.6440957558591385
25917,LOF,0.06125239918601882,0.05733950299712219,0.8814080978168589
25918,LOF,0.03317766985393672,0.05875544496641726,0.908066885179646
25919,LOF,0.02634870148078261,0.063420071520139,0.9102312269990783
25920,GOF,0.08520617050722686,0.5376483793073641,0.377145450185409
25921,LOF,0.030288344254148506,0.016129834227344902,0.9535818215185067
25922,LOF,0.04413131772123202,0.010869872972755185,0.9449988093060129
25923,LOF,0.40354235829497576,0.01264846169961263,0.5838091800054116
25924,LOF,0.04231911704770661,0.024740654622755924,0.9329402283295375
25925,LOF,0.07607290609330218,0.017699772273269417,0.9062273216334283
25926,LOF,0.049095815289164506,0.013806959624451175,0.9370972250863843
25927,LOF,0.0827360048557783,0.06039070926811225,0.8568732858761094
25928,LOF,0.023848291479580414,0.02504078684676361,0.9511109216736559
25929,Neutral,0.5402466388302194,0.013531666195642385,0.4462216949741382
25930,LOF,0.06274484335640995,0.010916508828770297,0.9263386478148198
25931,LOF,0.03369492551406456,0.015228425574353971,0.9510766489115815
25932,LOF,0.0317456286811425,0.011654539361684835,0.9565998319571726
25933,LOF,0.043773417860031257,0.007775383122765187,0.9484511990172036
25934,LOF,0.02777670004409861,0.008877441554857856,0.9633458584010436
25935,LOF,0.06892545894764239,0.020810298330937258,0.9102642427214203
25936,LOF,0.055041739700766056,0.011570161289951038,0.933388099009283
25937,LOF,0.029616348186864854,0.022044092134721107,0.948339559678414
25938,LOF,0.0663631651651518,0.0230630530104369,0.9105737818244113
25939,LOF,0.04552331629497019,0.00791257851784,0.9465641051871898
25940,LOF,0.027344642121478125,0.3577892902721454,0.6148660676063764
25941,LOF,0.1798375382831692,0.07797684070781793,0.7421856210090129
25942,LOF,0.016614825559524322,0.034765503467798796,0.9486196709726769
25943,LOF,0.2952553851498317,0.05936702979383833,0.64537758505633
25944,LOF,0.46823407626639735,0.03360483491493518,0.4981610888186676
25945,LOF,0.0691879932791658,0.023406482405388316,0.9074055243154459
25946,LOF,0.027261976373206626,0.12304086469335597,0.8496971589334374
25947,LOF,0.12015500855686183,0.17679718821765936,0.7030478032254789
25948,LOF,0.42870236136402157,0.017659362457021745,0.5536382761789568
25949,LOF,0.10782176973104578,0.07042218142115807,0.8217560488477962
25950,GOF,0.3018363335634555,0.43132144849431475,0.26684221794222984
25951,LOF,0.23901887656250956,0.25476008382394655,0.5062210396135439
25952,LOF,0.040547716509974144,0.44823967284668137,0.5112126106433444
25953,LOF,0.12207517466924274,0.1251962484620733,0.752728576868684
25954,Neutral,0.4175197078237312,0.1933951248844162,0.38908516729185266
25955,LOF,0.05936889931520367,0.10191648227028967,0.8387146184145067
25956,LOF,0.17769633534547583,0.08885355358773471,0.7334501110667894
25957,LOF,0.037556641065335045,0.033310211214747615,0.9291331477199174
25958,LOF,0.060359513588203136,0.026216787997346343,0.9134236984144506
25959,LOF,0.07057101752260575,0.33176620170516485,0.5976627807722295
25960,LOF,0.020238427784760326,0.0545308975845477,0.9252306746306921
25961,LOF,0.04916323661231964,0.03134598947723955,0.9194907739104408
25962,LOF,0.05392427771872978,0.038135229640419904,0.9079404926408504
25963,LOF,0.047472472185618744,0.1812559599925341,0.7712715678218472
25964,LOF,0.03580418975892833,0.15094946888049332,0.8132463413605785
25965,LOF,0.40346751618408366,0.0857986323341075,0.5107338514818088
25966,Neutral,0.41154617848202757,0.1856095798031778,0.40284424171479455
25967,LOF,0.012863538717189198,0.09412702439828846,0.8930094368845224
25968,GOF,0.035343239184597475,0.4875645045272657,0.4770922562881368
25969,LOF,0.022431589611899616,0.06291204604897198,0.9146563643391283
25970,LOF,0.057436154347868064,0.06443028287173933,0.8781335627803925
25971,LOF,0.08304327458717536,0.015570975951121066,0.9013857494617036
25972,LOF,0.0866853148778986,0.02159511095312673,0.8917195741689747
25973,LOF,0.1037097335061352,0.005078419403441898,0.8912118470904229
25974,LOF,0.2353594212266318,0.014367079637114158,0.750273499136254
25975,LOF,0.06153142282517986,0.016302224699995004,0.922166352474825
25976,LOF,0.04687917408752661,0.0108939719835957,0.9422268539288777
25977,LOF,0.1319513967598665,0.09619952751492243,0.771849075725211
25978,LOF,0.12182743876520781,0.049361831841361815,0.8288107293934304
25979,LOF,0.11807256609695088,0.04990435113938567,0.8320230827636635
25980,LOF,0.1605272908468857,0.06245323914719353,0.7770194700059209
25981,LOF,0.19466062483223226,0.06100708353080262,0.744332291636965
25982,LOF,0.38683434394373967,0.043333915622971265,0.5698317404332891
25983,LOF,0.36516560015760463,0.045059481638439126,0.5897749182039562
25984,LOF,0.05734297537631717,0.06543303772295542,0.8772239869007273
25985,LOF,0.025837155757523392,0.2959213058869604,0.6782415383555161
25986,LOF,0.03451862854417887,0.2982471421145389,0.6672342293412823
25987,LOF,0.0750067904510857,0.09683508044904125,0.828158129099873
25988,LOF,0.13056510811651786,0.08180382540801341,0.7876310664754689
25989,LOF,0.02979646773740374,0.14808071603998457,0.8221228162226117
25990,LOF,0.03877204933158334,0.17274326163089496,0.7884846890375217
25991,LOF,0.2008839229888138,0.3749813457090018,0.42413473130218426
25992,LOF,0.3314301725816796,0.22768786354557274,0.4408819638727477
25993,LOF,0.02370753966571301,0.08345457700802475,0.8928378833262622
25994,LOF,0.015714743603489546,0.1206883242091378,0.8635969321873727
25995,LOF,0.02591190907762514,0.2303281270822508,0.743759963840124
25996,GOF,0.23665235633553544,0.5758158816075181,0.18753176205694647
25997,GOF,0.09722590613534758,0.5687631845931659,0.3340109092714866
25998,Neutral,0.5263691339654604,0.014488892546868602,0.4591419734876711
25999,LOF,0.12924781441364375,0.11636195014516212,0.7543902354411941
26000,LOF,0.14911184087435655,0.03169638232604159,0.8191917767996018
26001,LOF,0.17124445481519554,0.036537204762388864,0.7922183404224156
26002,LOF,0.14299889090050977,0.03395857275701713,0.8230425363424732
26003,GOF,0.009794976737206352,0.6198548763367498,0.37035014692604384
26004,GOF,0.026954739756786788,0.7078068536150603,0.2652384066281529
26005,GOF,0.008508770652539724,0.499582890365909,0.4919083389815512
26006,Neutral,0.4918467563999259,0.25994564521457236,0.24820759838550163
26007,GOF,0.01879647009886513,0.5567303376443271,0.4244731922568078
26008,GOF,0.018371348787392352,0.603511376546119,0.3781172746664887
26009,GOF,0.022018124976574117,0.6303185570413323,0.3476633179820937
26010,GOF,0.022907467880117292,0.6533645808028539,0.32372795131702886
26011,GOF,0.007216544554825726,0.5103781093517092,0.482405346093465
26012,GOF,0.014639302765640027,0.572767247022255,0.412593450212105
26013,GOF,0.01776197040188978,0.6415733960560022,0.3406646335421081
26014,LOF,0.04471138379299473,0.15250886621563356,0.8027797499913718
26015,LOF,0.2202885468063244,0.0127311977790574,0.7669802554146181
26016,LOF,0.26227573543217614,0.051490978530612415,0.6862332860372115
26017,LOF,0.22124513140817084,0.08686931958184647,0.6918855490099827
26018,LOF,0.1025250735797205,0.05043990750343563,0.847035018916844
26019,LOF,0.09836129984087186,0.03730658323463081,0.8643321169244973
26020,LOF,0.061720026966257086,0.10723427046033498,0.831045702573408
26021,LOF,0.05223353974286323,0.1299087515723119,0.8178577086848249
26022,LOF,0.01141824104677332,0.05650935962335529,0.9320723993298713
26023,LOF,0.1238140424316161,0.02831584428243944,0.8478701132859443
26024,LOF,0.031164906004718874,0.1227002797992884,0.8461348141959927
26025,LOF,0.1441423831352061,0.09238932365677544,0.7634682932080183
26026,LOF,0.30786931816133833,0.027255326661227847,0.6648753551774338
26027,LOF,0.0949323839140284,0.02244078619355104,0.8826268298924206
26028,LOF,0.14169426945800195,0.10524965423462257,0.7530560763073755
26029,LOF,0.07178909126792073,0.13786476465881006,0.7903461440732692
26030,LOF,0.024254976708082084,0.053461777494667746,0.9222832457972502
26031,LOF,0.030301259758182694,0.10921912687098419,0.8604796133708332
26032,LOF,0.06851445981346375,0.054197118162019255,0.877288422024517
26033,LOF,0.1179357181902437,0.06207984791002711,0.8199844338997292
26034,LOF,0.04834846669559725,0.11758359908443802,0.8340679342199647
26035,LOF,0.02880001732716175,0.10199019666216022,0.869209786010678
26036,LOF,0.04146621634255492,0.12107965100822843,0.8374541326492168
26037,LOF,0.023946879824503706,0.08788296586633125,0.8881701543091649
26038,LOF,0.06521685305258947,0.05161483455471315,0.8831683123926973
26039,LOF,0.05577021973588466,0.11117996346713721,0.8330498167969782
26040,LOF,0.18923713093430056,0.09929393672620979,0.7114689323394897
26041,LOF,0.024709083705042552,0.08260336251343414,0.8926875537815233
26042,LOF,0.02341550539677459,0.08112687961334769,0.8954576149898777
26043,LOF,0.06380480750647202,0.062299204891458466,0.8738959876020695
26044,LOF,0.020433913940584397,0.06545501143192128,0.9141110746274944
26045,LOF,0.07602153982352029,0.0779495547589596,0.8460289054175201
26046,LOF,0.06639562158111335,0.06384701501114083,0.8697573634077459
26047,LOF,0.09398797651104222,0.07016328584155848,0.8358487376473993
26048,LOF,0.05075183932168141,0.05228979601599715,0.8969583646623214
26049,Neutral,0.9517266042810192,0.006966489793895845,0.04130690592508503
26050,Neutral,0.9331863986223782,0.00866494464550625,0.058148656732115646
26051,LOF,0.04350174150675992,0.32043542733458036,0.6360628311586597
26052,LOF,0.06933104147567594,0.3155389518181425,0.6151300067061815
26053,LOF,0.05372655232420328,0.1452437461722719,0.8010297015035248
26054,LOF,0.06004393960930291,0.026341328433225154,0.913614731957472
26055,LOF,0.07988519528362016,0.01934008991720531,0.9007747147991746
26056,LOF,0.06429614004070969,0.020923102930115192,0.9147807570291752
26057,LOF,0.033289252939647566,0.013147737113430799,0.9535630099469216
26058,LOF,0.03375867644606029,0.011539831161161909,0.9547014923927778
26059,LOF,0.312896392770079,0.031622352493736905,0.6554812547361841
26060,LOF,0.03005464442565969,0.18671168349970732,0.783233672074633
26061,LOF,0.019469736389675616,0.01452359869071037,0.9660066649196141
26062,LOF,0.01181730421796535,0.022076324705148264,0.9661063710768865
26063,LOF,0.024083465923119524,0.01466930584702452,0.961247228229856
26064,LOF,0.027014563591179385,0.02407908093321556,0.9489063554756051
26065,LOF,0.028898725263225393,0.014194897508589498,0.9569063772281851
26066,LOF,0.02226394814697788,0.01286377627741559,0.9648722755756064
26067,LOF,0.029151669569280166,0.00934745226920683,0.961500878161513
26068,LOF,0.05020905812237042,0.036348099869362424,0.9134428420082672
26069,LOF,0.28455544780778935,0.020578648871303527,0.6948659033209071
26070,LOF,0.46465624168331365,0.015134561403324896,0.5202091969133615
26071,LOF,0.02519354577038015,0.015908538343689365,0.9588979158859304
26072,LOF,0.025200424531095625,0.020321677715275082,0.9544778977536293
26073,LOF,0.02566723889467008,0.014000246246887137,0.9603325148584428
26074,Neutral,0.909406468082523,0.006732741450942242,0.08386079046653476
26075,LOF,0.04807193720064856,0.016544529768085903,0.9353835330312656
26076,LOF,0.047548037643492316,0.010022670677031045,0.9424292916794765
26077,LOF,0.009444085902657799,0.020045780329601005,0.9705101337677411
26078,LOF,0.014716271872857923,0.013815677879297269,0.9714680502478448
26079,LOF,0.06385549820495882,0.01996111980896962,0.9161833819860715
26080,LOF,0.0618851593670755,0.020048384210533073,0.9180664564223914
26081,LOF,0.0381390460314312,0.008057688328620138,0.9538032656399487
26082,LOF,0.01811308179879147,0.019158170047465093,0.9627287481537434
26083,LOF,0.13482157839733908,0.015797285251781805,0.8493811363508791
26084,LOF,0.028289168082592717,0.01460407298130667,0.9571067589361006
26085,LOF,0.023726108291954297,0.013914938276624468,0.9623589534314212
26086,LOF,0.02781426425661063,0.01244665194029385,0.9597390838030955
26087,LOF,0.02747343154278538,0.009662669144294443,0.9628638993129203
26088,LOF,0.018420715851487964,0.028620067108780796,0.9529592170397312
26089,LOF,0.04776796138006657,0.02598887781176878,0.9262431608081646
26090,LOF,0.04540187406857117,0.020367804981041723,0.9342303209503872
26091,LOF,0.04243617468747827,0.008101911171073095,0.9494619141414488
26092,LOF,0.027743119293389993,0.010120698740254667,0.9621361819663554
26093,LOF,0.04225038157027982,0.008446376351795602,0.9493032420779247
26094,LOF,0.045086094828255596,0.008726541198913373,0.9461873639728311
26095,LOF,0.055632016645131364,0.015518475628422505,0.9288495077264463
26096,LOF,0.0203719362909667,0.014321285616153919,0.9653067780928795
26097,LOF,0.010217008251443952,0.040312122564195675,0.9494708691843604
26098,LOF,0.07642306754608198,0.013829159156868236,0.9097477732970498
26099,LOF,0.02617188434234419,0.01563312675595866,0.9581949889016972
26100,LOF,0.02878014445993328,0.015242174233616283,0.9559776813064504
26101,LOF,0.062308032153236076,0.015463642806205737,0.9222283250405582
26102,LOF,0.028548013473849942,0.01695867796241226,0.9544933085637378
26103,Neutral,0.884202639349384,0.024814790445847452,0.09098257020476845
26104,LOF,0.07747028976413291,0.03531474461836583,0.8872149656175011
26105,LOF,0.21691348244798583,0.2737412507756198,0.5093452667763945
26106,LOF,0.17877561830241495,0.15833625977589882,0.6628881219216863
26107,LOF,0.2534611867848643,0.1011214450683512,0.6454173681467845
26108,LOF,0.23422062605146418,0.13082752274571902,0.6349518512028167
26109,LOF,0.08074288366033854,0.10773149022609231,0.8115256261135692
26110,LOF,0.23425314154268498,0.007632211397247771,0.7581146470600671
26111,LOF,0.45704741586978054,0.0194001026530555,0.5235524814771639
26112,LOF,0.034996901312965144,0.008047730088424012,0.956955368598611
26113,LOF,0.05363547854844898,0.014964653067009108,0.9313998683845419
26114,LOF,0.02253973690517738,0.02395438428933585,0.9535058788054868
26115,LOF,0.07817911926645638,0.05893616540536507,0.8628847153281787
26116,LOF,0.061330014220760926,0.060847578048873516,0.8778224077303656
26117,LOF,0.3953905691284361,0.049973376612541545,0.5546360542590223
26118,LOF,0.041329829324852824,0.025537730450973486,0.9331324402241736
26119,LOF,0.022627185764545518,0.036297957803422536,0.9410748564320319
26120,LOF,0.029185746779992673,0.0240824776380321,0.9467317755819752
26121,LOF,0.053674243503024646,0.08357051592234946,0.8627552405746258
26122,LOF,0.05076925229635678,0.038767016247811786,0.9104637314558314
