feature0,prediction,LoGoFunc_Neutral,LoGoFunc_GOF,LoGoFunc_LOF
25546,Neutral,0.6110321392668824,0.055345728610361,0.3336221321227565
25547,Neutral,0.49355994425810773,0.10104949121879304,0.4053905645230993
25548,Neutral,0.48816220588533166,0.08130600928243616,0.4305317848322321
25549,LOF,0.43806028282336473,0.084689742189523,0.4772499749871123
25550,LOF,0.34474705722954424,0.11648754358486346,0.5387653991855923
25551,LOF,0.30656168334747236,0.1290589002004146,0.564379416452113
25552,LOF,0.2626611725708688,0.13150935034989983,0.6058294770792314
25553,Neutral,0.7886033142976142,0.04656283168874524,0.1648338540136405
25554,LOF,0.2999882792555477,0.124302719121988,0.5757090016224643
25555,LOF,0.2540613766268379,0.11484008554205424,0.6310985378311078
25556,LOF,0.43542344170218017,0.09960453258996185,0.46497202570785795
25557,LOF,0.24163532257772485,0.1209681681453012,0.6373965092769739
25558,LOF,0.3001057133853213,0.1168426807509268,0.5830516058637518
25559,LOF,0.2615753469252461,0.14127525962055032,0.5971493934542036
25560,LOF,0.15958857222122205,0.10133652403886705,0.7390749037399109
25561,LOF,0.151378128343836,0.1288932258103713,0.7197286458457928
25562,LOF,0.06390162384658792,0.08273942018109234,0.8533589559723198
25563,LOF,0.020789248894215056,0.12764730540597566,0.8515634456998092
25564,LOF,0.17054695376187765,0.10108260302055898,0.7283704432175634
25565,LOF,0.218936254601047,0.13748221989858034,0.6435815255003726
25566,GOF,0.07461673948905641,0.6437757782837148,0.2816074822272288
25567,LOF,0.048134484883800864,0.20217852903315806,0.7496869860830411
25568,LOF,0.06424944203351833,0.10328285521716661,0.832467702749315
25569,LOF,0.05746489340978622,0.10003712159617041,0.8424979849940434
25570,LOF,0.026416006351649573,0.12852174124934343,0.845062252399007
25571,LOF,0.026301605612944888,0.13651894754363486,0.8371794468434203
25572,LOF,0.0664409026765724,0.15193513571908665,0.7816239616043409
25573,LOF,0.05992516431942012,0.12068231517048028,0.8193925205100996
25574,LOF,0.05409373196696401,0.26998950173168895,0.6759167663013469
25575,LOF,0.02229715627399009,0.148353572035165,0.8293492716908449
25576,LOF,0.027102849170910853,0.19582301618988543,0.7770741346392037
25577,LOF,0.029695173098603242,0.1404624943463345,0.8298423325550623
25578,LOF,0.3005489363002861,0.12732214310270906,0.5721289205970047
25579,LOF,0.1879425948782677,0.12622736153041836,0.6858300435913139
25580,LOF,0.01922779924273544,0.10698844399433334,0.8737837567629312
25581,LOF,0.05056818363169319,0.0920370591696343,0.8573947571986724
25582,LOF,0.05039917904911227,0.08941433284917777,0.86018648810171
25583,LOF,0.021763013151479098,0.11656262599321289,0.8616743608553081
25584,Neutral,0.691130535964511,0.1598936193502103,0.14897584468527883
25585,LOF,0.021729888869332095,0.19200423045429782,0.78626588067637
25586,LOF,0.016802658703670058,0.09728891202167127,0.8859084292746587
25587,LOF,0.016766676198200766,0.0913955580884739,0.8918377657133253
25588,LOF,0.020380087127518334,0.10160575938118312,0.8780141534912984
25589,Neutral,0.4826033407537735,0.29619525038708344,0.22120140885914302
25590,LOF,0.046563576829928295,0.15304183896906018,0.8003945842010115
25591,LOF,0.09186670181731883,0.08266026988583113,0.8254730282968501
25592,LOF,0.052774635695819944,0.197826481856146,0.7493988824480341
25593,LOF,0.11095781835488652,0.3516587907043852,0.5373833909407283
25594,LOF,0.04605111078009789,0.10173908137924335,0.8522098078406587
25595,LOF,0.04658117583809143,0.0731452639592025,0.8802735602027061
25596,LOF,0.09961072551288626,0.03818600176404614,0.8622032727230676
25597,LOF,0.08595786386473188,0.04488288721782106,0.869159248917447
25598,LOF,0.04803014082197433,0.07637337134152931,0.8755964878364965
25599,LOF,0.022399045943940443,0.42921533508501575,0.5483856189710438
25600,GOF,0.16428981148185096,0.4455237667920073,0.39018642172614176
25601,LOF,0.04333103950037278,0.33593596276361093,0.6207329977360162
25602,LOF,0.03299133590903576,0.06384600600654398,0.9031626580844203
25603,LOF,0.038220111171632314,0.04625997530566365,0.915519913522704
25604,LOF,0.039092706931878836,0.0827461546626048,0.8781611384055165
25605,LOF,0.03336406379228678,0.19449870497977265,0.7721372312279406
25606,LOF,0.40500416125662053,0.1279869283070924,0.46700891043628695
25607,LOF,0.02979102183482807,0.1725746535497807,0.7976343246153913
25608,LOF,0.04132945014222564,0.09326963878053932,0.8654009110772352
25609,GOF,0.12396652350015736,0.5241691368835412,0.3518643396163016
25610,LOF,0.014853654056857821,0.04403562942256417,0.9411107165205781
25611,LOF,0.012238082929110926,0.04781498254226533,0.9399469345286238
25612,LOF,0.04425701980560202,0.06951393680038062,0.8862290433940174
25613,LOF,0.0436010071263397,0.06764557382259731,0.888753419051063
25614,LOF,0.019637221834618253,0.04082130212403513,0.9395414760413465
25615,LOF,0.04466959509552139,0.06321290060668974,0.8921175042977889
25616,LOF,0.0435088525111898,0.043520681721957874,0.9129704657668525
25617,LOF,0.03697665110911,0.05168679434114452,0.9113365545497455
25618,LOF,0.04069111369003145,0.06070478157773192,0.8986041047322366
25619,LOF,0.01173492887598039,0.05931473380413351,0.9289503373198862
25620,LOF,0.050789181194063386,0.061404939756218135,0.8878058790497185
25621,LOF,0.06070439700466201,0.04983202367146378,0.8894635793238742
25622,LOF,0.06543665390640586,0.05431840010560188,0.8802449459879922
25623,LOF,0.06827591855834099,0.05343474337183863,0.8782893380698203
25624,LOF,0.016143266614895416,0.05448247617228809,0.9293742572128164
25625,LOF,0.05879426436293006,0.051155438786800955,0.890050296850269
25626,LOF,0.04513697404943041,0.06460362340251494,0.8902594025480548
25627,Neutral,0.8903266830780145,0.02398554141537065,0.08568777550661472
25628,LOF,0.1369099312544422,0.07130662065219436,0.7917834480933635
25629,LOF,0.06532693905235952,0.05641925289190892,0.8782538080557315
25630,LOF,0.25082167360754276,0.0870285488872364,0.6621497775052207
25631,Neutral,0.5155971336701227,0.08173075498070437,0.40267211134917297
25632,LOF,0.025303555682482985,0.0670609433106773,0.9076355010068398
25633,LOF,0.20684855927835663,0.05058143848929258,0.7425700022323508
25634,LOF,0.03663536963033262,0.10455100608826433,0.8588136242814031
25635,LOF,0.033846354033197835,0.049148991842716976,0.9170046541240853
25636,LOF,0.03810125801279171,0.46981408791781054,0.4920846540693978
25637,GOF,0.06297476111843374,0.5166915040085626,0.42033373487300363
25638,LOF,0.030002987501619532,0.36511505246563486,0.6048819600327456
25639,LOF,0.031428962381010714,0.412994915939111,0.5555761216798784
25640,Neutral,0.839843205157263,0.1136548256332105,0.0465019692095264
25641,GOF,0.08656000160677732,0.48673615907740236,0.42670383931582034
25642,LOF,0.06978228984051832,0.1770795926495266,0.7531381175099551
25643,LOF,0.21750477759027856,0.13159949212126854,0.6508957302884529
25644,LOF,0.027835193277327128,0.43213332966627377,0.5400314770563991
25645,LOF,0.02838501787698971,0.3905497521437387,0.5810652299792715
25646,LOF,0.07009712773613314,0.2857334325760523,0.6441694396878146
25647,LOF,0.029839184464455798,0.22246526085177112,0.7476955546837731
25648,LOF,0.03348252732716822,0.23165563836750078,0.734861834305331
25649,LOF,0.020345887285013926,0.2012295178014879,0.7784245949134981
25650,LOF,0.059065231167999374,0.3810100751344271,0.5599246936975735
25651,LOF,0.020909342185731813,0.254958380583062,0.7241322772312061
25652,LOF,0.03591909019421946,0.25044017656316064,0.71364073324262
25653,LOF,0.09162812763424504,0.38525973539434694,0.523112136971408
25654,LOF,0.022886090308247096,0.22147320584276453,0.7556407038489884
25655,GOF,0.23358743453379407,0.3844875705275727,0.3819249949386331
25656,LOF,0.35553612589764366,0.08609783764581963,0.5583660364565367
25657,LOF,0.05860772979133427,0.08586124466384186,0.8555310255448239
25658,LOF,0.36181550553843467,0.08663082495492078,0.5515536695066445
25659,Neutral,0.5047621787806275,0.11574143236227162,0.37949638885710096
25660,LOF,0.02191705018156527,0.09948395221675879,0.8785989976016758
25661,LOF,0.09268530266510659,0.06646734321367635,0.8408473541212171
25662,LOF,0.03453694488797785,0.0343982306490058,0.9310648244630164
25663,LOF,0.04135107743358271,0.04721994669681531,0.911428975869602
25664,LOF,0.13851095585913406,0.06801392074153373,0.7934751233993322
25665,LOF,0.057717818568897704,0.03122204370083531,0.9110601377302671
25666,LOF,0.09320852083572938,0.07503920894228935,0.8317522702219813
25667,LOF,0.07126093573980147,0.04063435251113778,0.8881047117490608
25668,LOF,0.03422332153212609,0.052117125189545505,0.9136595532783284
25669,LOF,0.02891909948129186,0.04741984361050612,0.923661056908202
25670,LOF,0.16018434356168332,0.05708890170742108,0.7827267547308955
25671,LOF,0.12068494285784839,0.03533131102746772,0.8439837461146839
25672,LOF,0.04984630228139892,0.046140974888667904,0.9040127228299332
25673,LOF,0.08432019766782432,0.050800397274532436,0.8648794050576432
25674,LOF,0.07464303299376567,0.060913605387779964,0.8644433616184544
25675,LOF,0.12430799574506078,0.06358059465450627,0.8121114096004329
25676,LOF,0.018710925613525158,0.05294064047324174,0.9283484339132331
25677,LOF,0.02495197766295907,0.07265068620887169,0.9023973361281692
25678,LOF,0.19121760384020658,0.07991329530692017,0.7288691008528733
25679,LOF,0.12083211516101051,0.08166095396605753,0.7975069308729319
25680,LOF,0.030985945798870193,0.12333697354233826,0.8456770806587915
25681,LOF,0.04726859107922707,0.11573751378096837,0.8369938951398045
25682,LOF,0.13989110990960554,0.07466706868404827,0.7854418214063461
25683,LOF,0.10908210988349955,0.08418466386961006,0.8067332262468904
25684,LOF,0.041511390138436605,0.06928424647528476,0.8892043633862787
25685,LOF,0.12993947242648857,0.07152939967314664,0.7985311279003647
25686,LOF,0.0830125172597157,0.09901334378979001,0.8179741389504942
25687,LOF,0.12330773480788502,0.11376502518563371,0.7629272400064812
25688,LOF,0.38165948770007097,0.048440859046243574,0.5698996532536854
25689,LOF,0.29258104978282523,0.0546372993426443,0.6527816508745304
25690,LOF,0.3566772529405871,0.047834808277698676,0.5954879387817141
25691,Neutral,0.7107630620012585,0.03907262940544653,0.25016430859329497
25692,LOF,0.36910758603239957,0.01401382458767813,0.6168785893799223
25693,LOF,0.04822157701374612,0.4141003865597336,0.5376780364265205
25694,LOF,0.1280330794774974,0.018337565273662565,0.85362935524884
25695,LOF,0.11980589167528038,0.01718079357033625,0.8630133147543835
25696,LOF,0.1379820885916181,0.012152577635440606,0.8498653337729413
25697,LOF,0.0842253946046337,0.050638653131192056,0.8651359522641742
25698,LOF,0.36333597894464115,0.15182750070798104,0.4848365203473778
25699,Neutral,0.5463290064591336,0.052277598338435746,0.4013933952024306
25700,LOF,0.07723104421054143,0.01154773823447218,0.9112212175549863
25701,LOF,0.19501860477537478,0.05725873340400621,0.747722661820619
25702,GOF,0.19370371587127697,0.5887609578339073,0.2175353262948157
25703,LOF,0.0171659577182082,0.1441943267427764,0.8386397155390154
25704,LOF,0.03906188391245439,0.10901640958541035,0.8519217065021353
25705,LOF,0.053412144536893,0.1564567773354781,0.790131078127629
25706,LOF,0.11879245773232339,0.43096572848750636,0.45024181378017036
25707,LOF,0.0859000071966579,0.3811256722864626,0.5329743205168795
25708,LOF,0.03563171106275434,0.35184923801811463,0.612519050919131
25709,LOF,0.07070413948347885,0.04850896748876293,0.8807868930277581
25710,LOF,0.011666534253842757,0.1627849525811143,0.8255485131650429
25711,LOF,0.02198224466210693,0.0860069700555852,0.8920107852823079
25712,LOF,0.013585468485131234,0.21123540340533703,0.7751791281095317
25713,LOF,0.019537857564923777,0.08809313297330892,0.8923690094617673
25714,LOF,0.08122215647279454,0.08287118628379796,0.8359066572434075
25715,LOF,0.011873985568258943,0.14899093892234258,0.8391350755093985
25716,LOF,0.0118284743881188,0.10787731215813066,0.8802942134537506
25717,LOF,0.015051683471674637,0.07515844474864651,0.9097898717796788
25718,LOF,0.011508010215983642,0.08964468351668516,0.8988473062673313
25719,LOF,0.019734225457053948,0.08314158683593081,0.8971241877070152
25720,LOF,0.023827270432742614,0.0761570213648432,0.900015708202414
25721,LOF,0.014110119394861982,0.12237967634466047,0.8635102042604775
25722,LOF,0.014196064522289538,0.12826119545454517,0.8575427400231653
25723,LOF,0.024638602995129193,0.05343987140887506,0.9219215255959957
25724,LOF,0.032234648243984684,0.09167586234098674,0.8760894894150286
25725,LOF,0.01186437158552698,0.08526463858804925,0.9028709898264238
25726,LOF,0.016547237262623558,0.11963620309510281,0.8638165596422736
25727,LOF,0.012759943644624008,0.0922871821404733,0.8949528742149028
25728,LOF,0.01062074730468356,0.11123281396433686,0.8781464387309796
25729,LOF,0.011009366280754284,0.11289165278552796,0.8760989809337179
25730,LOF,0.014556400112345066,0.09859839430615562,0.8868452055814993
25731,LOF,0.01837787824261394,0.1045386885543207,0.8770834332030654
25732,LOF,0.014278425592640658,0.08173112712415431,0.903990447283205
25733,LOF,0.016043505413616946,0.07673488078858856,0.9072216137977944
25734,LOF,0.009867067377291374,0.1181757051964252,0.8719572274262833
25735,LOF,0.012186335497602776,0.08367138925430485,0.9041422752480924
25736,LOF,0.013142999652969318,0.10768363904500915,0.8791733613020215
25737,LOF,0.012564976907438014,0.07976779342154103,0.907667229671021
25738,LOF,0.012815533032887143,0.11964782024976167,0.8675366467173513
25739,LOF,0.020253208140000045,0.08137590754725307,0.898370884312747
25740,LOF,0.028533541651097727,0.12759158666658246,0.8438748716823198
25741,LOF,0.015394413885524528,0.13451955020265507,0.8500860359118204
25742,LOF,0.1317849406029841,0.08582777061877338,0.7823872887782425
25743,LOF,0.037226681997089284,0.05677361470152669,0.905999703301384
25744,Neutral,0.5431161460875108,0.2768916913528692,0.1799921625596201
25745,LOF,0.06307565125163218,0.08470448745671283,0.8522198612916551
25746,LOF,0.041739028928934746,0.11484287387273039,0.8434180971983348
25747,LOF,0.018934656688594863,0.08165826466669962,0.8994070786447055
25748,LOF,0.11616907170113167,0.1206599730387303,0.7631709552601381
25749,LOF,0.02521534328708231,0.10641057450767026,0.8683740822052474
25750,LOF,0.07526136025911372,0.1065284144836922,0.818210225257194
25751,LOF,0.08216517527202079,0.1563582958911068,0.7614765288368724
25752,GOF,0.11024646600441441,0.6537367697993607,0.23601676419622492
25753,LOF,0.023217511421373162,0.258866457549387,0.7179160310292398
25754,GOF,0.013362767015810054,0.7877609410855778,0.19887629189861217
25755,LOF,0.0253833498107865,0.3767580072854581,0.5978586429037555
25756,LOF,0.0544506255192816,0.35176517358473725,0.5937842008959812
25757,GOF,0.0182927019389321,0.8223223171945393,0.1593849808665285
25758,GOF,0.03204820691286519,0.7846403515184615,0.18331144156867346
25759,GOF,0.010754410957300902,0.5824791484715641,0.4067664405711349
25760,LOF,0.013781150173122102,0.2728598761903845,0.7133589736364934
25761,GOF,0.26385591295688765,0.6231328270556562,0.1130112599874563
25762,LOF,0.04881574273734064,0.2630265606050407,0.6881576966576187
25763,LOF,0.014149164005097754,0.20473655232552623,0.781114283669376
25764,GOF,0.07754219805870709,0.6169428739219837,0.30551492801930935
25765,GOF,0.03857586221057882,0.7234358522785849,0.23798828551083634
25766,GOF,0.0654219809715475,0.7368553592266575,0.19772265980179504
25767,GOF,0.1455132554973155,0.5503818216945329,0.3041049228081516
25768,LOF,0.10520760395316436,0.05694186109018081,0.8378505349566548
25769,LOF,0.05067213782283937,0.06363287411798751,0.8856949880591731
25770,LOF,0.33135011446607027,0.10511378394486197,0.5635361015890678
25771,LOF,0.048656384812390034,0.05304615294451175,0.8982974622430981
25772,LOF,0.018091074551558974,0.050374955062485495,0.9315339703859555
25773,LOF,0.0500528066766347,0.09785687351958453,0.8520903198037808
25774,LOF,0.027516515397813204,0.08994372429073123,0.8825397603114555
25775,LOF,0.04942036610177433,0.05155989078739797,0.8990197431108278
25776,LOF,0.07117688045882299,0.028972845619948638,0.8998502739212284
25777,LOF,0.3577294997081694,0.05944295816843744,0.5828275421233933
25778,LOF,0.06704629754675907,0.048994572773347136,0.8839591296798939
25779,GOF,0.36235636940423405,0.5906358483882725,0.04700778220749346
25780,GOF,0.33821523099805484,0.5868272364902637,0.07495753251168155
25781,GOF,0.1147504527814297,0.7812921394169862,0.10395740780158416
25782,GOF,0.19116638790098892,0.7266892122897554,0.08214439980925567
25783,GOF,0.021441874568417462,0.6597461117047592,0.3188120137268234
25784,Neutral,0.48969761190871364,0.46943617071789734,0.040866217373388906
25785,GOF,0.47956715393679883,0.48233316024055156,0.038099685822649575
25786,GOF,0.031302133058179755,0.7646636872036144,0.20403417973820584
25787,Neutral,0.6525195130840847,0.32163176577358515,0.025848721142330125
25788,LOF,0.05323656360834352,0.10150097938632142,0.8452624570053351
25789,GOF,0.22518172590631935,0.6449527562963172,0.12986551779736344
25790,GOF,0.21224170077709062,0.6925504365464495,0.09520786267645986
25791,GOF,0.1384329661541697,0.7122598718484147,0.14930716199741573
25792,GOF,0.3378255449450879,0.5502556655090873,0.11191878954582475
25793,GOF,0.2816057783519619,0.5245751022015783,0.19381911944645977
25794,GOF,0.31701694229899646,0.5319728836939185,0.15101017400708502
25795,GOF,0.0744718850023297,0.6836720396348925,0.24185607536277764
25796,Neutral,0.5611019414768692,0.363671896165414,0.07522616235771679
25797,GOF,0.09035423740022762,0.5099341637030516,0.39971159889672087
25798,GOF,0.0085823167463035,0.5136615032484972,0.47775618000519937
25799,LOF,0.007472792965866955,0.41906736471725264,0.5734598423168804
25800,GOF,0.03202205982067383,0.5938485861948348,0.3741293539844913
25801,GOF,0.2272107266181746,0.6604262761346601,0.11236299724716527
25802,GOF,0.06313091259093312,0.7013840245164406,0.2354850628926264
25803,GOF,0.03534174494373815,0.5909386439949847,0.3737196110612771
25804,GOF,0.033405244330081914,0.5275658063347967,0.4390289493351216
25805,GOF,0.09044351315350685,0.6133173016300111,0.29623918521648196
25806,GOF,0.11485138658182982,0.6129030044952172,0.2722456089229529
25807,GOF,0.020319161932050446,0.620995649975263,0.3586851880926866
25808,GOF,0.08764114451023965,0.6284133879548602,0.28394546753490024
25809,GOF,0.02083177650244598,0.614497347367618,0.3646708761299361
25810,GOF,0.019051909306792722,0.6178001407737753,0.36314794991943183
25811,Neutral,0.47218359699089846,0.46012343421052165,0.06769296879857976
25812,GOF,0.03361938700489177,0.634377437661201,0.33200317533390716
25813,Neutral,0.5301517412724263,0.36600524626195285,0.10384301246562092
25814,GOF,0.10833206279142134,0.6741853679635363,0.21748256924504233
25815,GOF,0.18563153782621583,0.6103704970485563,0.20399796512522794
25816,GOF,0.019407709184519867,0.6706813866244554,0.3099109041910247
25817,GOF,0.23463586340519518,0.6345101989476946,0.1308539376471103
25818,GOF,0.055582800769821465,0.6095470822225032,0.3348701170076753
25819,GOF,0.3811005023307366,0.46710933609791555,0.15179016157134792
25820,GOF,0.1703180892156011,0.6119675951261404,0.2177143156582584
25821,GOF,0.05412663644214364,0.6729458042314728,0.2729275593263837
25822,GOF,0.2229164884219138,0.5269756058222117,0.2501079057558745
25823,GOF,0.028801158038516926,0.514133339776194,0.457065502185289
25824,GOF,0.08360844556434441,0.5445907040168888,0.3718008504187668
25825,GOF,0.02892790506885568,0.5409469417893087,0.4301251531418356
25826,GOF,0.011287009746190619,0.5201502034206789,0.46856278683313063
25827,GOF,0.022464486294175696,0.588055613296665,0.3894799004091594
25828,GOF,0.013934788842918138,0.5126779697385552,0.4733872414185267
25829,GOF,0.006674313302012452,0.566962360358545,0.42636332633944257
25830,LOF,0.039290420545697355,0.30687419353969364,0.653835385914609
25831,GOF,0.1841126357659833,0.6643215971639194,0.15156576707009733
25832,GOF,0.030727711250364043,0.6750059665017756,0.29426632224786037
25833,GOF,0.12438890231403826,0.6900568008747326,0.18555429681122915
25834,GOF,0.038826265864310525,0.6769764171355174,0.2841973170001722
25835,GOF,0.0821427398504098,0.7182253883746145,0.19963187177497577
25836,GOF,0.04478083689766394,0.6577556161351318,0.2974635469672043
25837,GOF,0.026547816585630952,0.5422736876051757,0.43117849580919343
25838,GOF,0.08680653902487385,0.725505061246976,0.18768839972815027
25839,GOF,0.2891544928083809,0.5584738715488068,0.15237163564281217
25840,GOF,0.21739157780942647,0.6026027078173136,0.18000571437325996
25841,GOF,0.23541079302818296,0.5902752611205752,0.17431394585124185
25842,GOF,0.17491455869130826,0.6665942819167318,0.15849115939195993
25843,GOF,0.24019155001915543,0.6470767630742402,0.11273168690660428
25844,GOF,0.06781316030985672,0.693349118574895,0.2388377211152483
25845,GOF,0.015713440012043015,0.5050889334744882,0.47919762651346864
25846,GOF,0.11488163000986301,0.7188269814946747,0.16629138849546227
25847,GOF,0.11313533762002223,0.7667234807165489,0.12014118166342885
25848,GOF,0.03476770574839839,0.6973698073613247,0.267862486890277
25849,GOF,0.010676285160649085,0.5835076557831871,0.4058160590561638
25850,GOF,0.024972216660098235,0.6621798025588636,0.31284798078103826
25851,GOF,0.0174926440279119,0.5551039317185403,0.42740342425354777
25852,GOF,0.18049135151525644,0.552350695362799,0.2671579531219446
25853,GOF,0.3812764588944026,0.5514408063446852,0.06728273476091218
25854,GOF,0.020879399776867865,0.6343874458298071,0.34473315439332514
25855,GOF,0.03348053005066205,0.5801250465612051,0.3863944233881329
25856,GOF,0.23869786283776018,0.5347237013337135,0.22657843582852621
25857,GOF,0.033271031650835954,0.5027279045496271,0.46400106379953693
25858,GOF,0.01748276330109255,0.5691302176220199,0.4133870190768877
25859,GOF,0.010039900321549215,0.5572120092412473,0.4327480904372034
25860,GOF,0.3852800378995501,0.5368777889294587,0.07784217317099111
25861,GOF,0.4373202215485856,0.4886516345148408,0.07402814393657352
25862,GOF,0.09851397025536132,0.7499408683901018,0.1515451613545368
25863,GOF,0.08542270784249947,0.7717487825367678,0.14282850962073282
25864,GOF,0.1971752833536534,0.7158594067359381,0.08696530991040843
25865,GOF,0.08758405714861367,0.78734566249201,0.1250702803593762
25866,GOF,0.0618160804996987,0.7906285907423427,0.14755532875795846
25867,GOF,0.08788358678133512,0.803230140413078,0.10888627280558684
25868,GOF,0.3061107878093908,0.6079327517118874,0.0859564604787218
25869,Neutral,0.6905565125569875,0.2718021236108927,0.03764136383211994
25870,LOF,0.312689597220702,0.34204706831550874,0.34526333446378926
25871,GOF,0.1951523246265234,0.6389893046712923,0.16585837070218426
25872,GOF,0.0812305022446949,0.6341116671453559,0.28465783060994904
25873,GOF,0.1383390755138256,0.6227363418759615,0.23892458261021282
25874,LOF,0.018049038479888365,0.11443498287712187,0.8675159786429898
25875,LOF,0.09584032829536007,0.041288035627397225,0.8628716360772427
25876,LOF,0.037194308161499275,0.04807193854145423,0.9147337532970464
25877,Neutral,0.5147897474534748,0.04326862215739506,0.4419416303891302
25878,LOF,0.21910621297313584,0.07977689840471823,0.7011168886221459
25879,LOF,0.09899852438218641,0.0816481314180387,0.819353344199775
25880,LOF,0.02233284712612768,0.021211471053979043,0.9564556818198932
25881,LOF,0.1843957979711307,0.09581514237503373,0.7197890596538354
25882,LOF,0.06783132829369791,0.014507220486073686,0.9176614512202285
25883,LOF,0.08238273349940141,0.01632553543368505,0.9012917310669136
25884,LOF,0.03710378272681799,0.029761050798758272,0.9331351664744237
25885,LOF,0.0669869948382775,0.01065205404734659,0.922360951114376
25886,LOF,0.3392426991896319,0.02606883330175826,0.6346884675086099
25887,LOF,0.1634027164747257,0.05840787715600469,0.7781894063692696
25888,LOF,0.0712958195346182,0.049839476669011507,0.8788647037963704
25889,LOF,0.04959762207045217,0.019133764603787306,0.9312686133257605
25890,LOF,0.04946344815820503,0.13006954797396159,0.8204670038678334
25891,LOF,0.04308414636772322,0.04973546378733292,0.9071803898449439
25892,LOF,0.09596233108613648,0.023648289407432545,0.8803893795064309
25893,LOF,0.25941141300981363,0.019097316659846923,0.7214912703303393
25894,LOF,0.2005243888925209,0.011067315501747286,0.7884082956057318
25895,LOF,0.23247121294138082,0.020473011503740497,0.7470557755548787
25896,LOF,0.04918703867814513,0.02076022499522894,0.9300527363266259
25897,LOF,0.2708644803580248,0.01453012344312756,0.7146053961988477
25898,Neutral,0.7066247722903791,0.010556231216854336,0.2828189964927666
25899,LOF,0.2570578201087246,0.025316099311941388,0.717626080579334
25900,LOF,0.4664568208288615,0.01746936941909572,0.5160738097520428
25901,LOF,0.052043361596920454,0.012473388991213714,0.9354832494118658
25902,LOF,0.178502946090488,0.012893176519655008,0.808603877389857
25903,Neutral,0.5247663226159754,0.03510075395397489,0.4401329234300496
25904,LOF,0.29673291075301866,0.05025236310540899,0.6530147261415723
25905,LOF,0.023004075891806326,0.30988603238416185,0.6671098917240318
25906,LOF,0.022370745343538834,0.0707808374551726,0.9068484172012885
25907,LOF,0.014522284381170564,0.3038272354593324,0.681650480159497
25908,LOF,0.010358714593518292,0.21205552135667532,0.7775857640498065
25909,LOF,0.013399742703334949,0.1296493235608641,0.8569509337358009
25910,LOF,0.04686159786572742,0.1373243316668887,0.8158140704673839
25911,LOF,0.14476099464636602,0.02936899304147014,0.8258700123121637
25912,LOF,0.0387476137359557,0.044040851357425866,0.9172115349066183
25913,LOF,0.305001771672706,0.02378173742586108,0.671216490901433
25914,LOF,0.021077257982905634,0.12413286398564596,0.8547898780314485
25915,Neutral,0.42511718318537045,0.35371541003791646,0.2211674067767132
25916,LOF,0.05390456293450047,0.4109586948494397,0.5351367422160599
25917,LOF,0.057856324727238076,0.0807932456881152,0.8613504295846467
25918,LOF,0.02888830343016658,0.07200372781215653,0.8991079687576768
25919,LOF,0.023703001031603606,0.07582967738907478,0.9004673215793216
25920,GOF,0.105062636846218,0.4948591542676384,0.40007820888614365
25921,LOF,0.024689392998520483,0.027248608815399086,0.9480619981860805
25922,LOF,0.03459377911412923,0.017620021817398974,0.9477861990684717
25923,LOF,0.4346408729297133,0.02191556886510689,0.5434435582051798
25924,LOF,0.03635995927870983,0.04223382935551026,0.9214062113657799
25925,LOF,0.06999231612002717,0.026307191001861255,0.9037004928781115
25926,LOF,0.048197590489671996,0.02111190311928672,0.9306905063910412
25927,LOF,0.07539168701737647,0.07562124451103971,0.8489870684715838
25928,LOF,0.019653197836699842,0.03548865972522938,0.9448581424380709
25929,Neutral,0.5626516947484046,0.024556837428455474,0.4127914678231399
25930,LOF,0.055504760766682947,0.01973533440889741,0.9247599048244197
25931,LOF,0.028827479206633005,0.02323946099638121,0.9479330597969857
25932,LOF,0.027485520232907443,0.020441974929187423,0.9520725048379051
25933,LOF,0.039021878558981204,0.014295981885047776,0.9466821395559709
25934,LOF,0.024221785058462515,0.018167394721948078,0.9576108202195894
25935,LOF,0.06102783437418983,0.031061507640036498,0.9079106579857738
25936,LOF,0.05048990594170864,0.020762917553189725,0.9287471765051015
25937,LOF,0.02821076957752094,0.028001603541037805,0.9437876268814412
25938,LOF,0.06154403242552554,0.03025704830177764,0.9081989192726968
25939,LOF,0.03832492942753673,0.013261715731081395,0.948413354841382
25940,LOF,0.03333079354423589,0.3864574321489308,0.5802117743068333
25941,LOF,0.19989154367273426,0.08431323929440138,0.7157952170328643
25942,LOF,0.01788280523624738,0.029934411146800136,0.9521827836169525
25943,LOF,0.3432166620120667,0.0528413691610945,0.6039419688268388
25944,Neutral,0.4915909152617823,0.025211822828155865,0.4831972619100618
25945,LOF,0.07177301246111774,0.020971914587110285,0.9072550729517719
25946,LOF,0.0264195784181892,0.11355625508079471,0.8600241665010161
25947,LOF,0.10721724626701602,0.22451010450999206,0.6682726492229919
25948,LOF,0.418764465094783,0.01054405108707115,0.5706914838181458
25949,LOF,0.10423859852092505,0.05123700734499024,0.8445243941340848
25950,GOF,0.2644259027447258,0.42178678986405305,0.31378730739122107
25951,LOF,0.23584542818653895,0.23212176871395027,0.5320328030995107
25952,LOF,0.046048729480564043,0.43078125413308627,0.5231700163863497
25953,LOF,0.14692899437874155,0.10961495290310475,0.7434560527181537
25954,Neutral,0.44960700493977523,0.20211169008436128,0.3482813049758635
25955,LOF,0.05824650623508955,0.07957162897102489,0.8621818647938857
25956,LOF,0.1793903368959959,0.0919251068470832,0.728684556256921
25957,LOF,0.03776882224839158,0.03554793183341113,0.9266832459181972
25958,LOF,0.06471911241542318,0.02594960727623966,0.9093312803083372
25959,LOF,0.0680920924036576,0.34042136042129867,0.5914865471750438
25960,LOF,0.020665494166602405,0.049558234562017245,0.9297762712713804
25961,LOF,0.053118084609157075,0.027571571801804844,0.9193103435890382
25962,LOF,0.0591586086777048,0.03620247067311758,0.9046389206491775
25963,LOF,0.04789883559371059,0.20527398283146883,0.7468271815748205
25964,LOF,0.03663781710799434,0.145408850644253,0.8179533322477527
25965,LOF,0.43563679552700385,0.09192306205968094,0.47244014241331506
25966,LOF,0.42642152299451624,0.1043909946492617,0.46918748235622204
25967,LOF,0.012358625675234339,0.06097730634968217,0.9266640679750835
25968,GOF,0.032716238510094114,0.5156556431572611,0.4516281183326447
25969,LOF,0.02841477234823225,0.06388993783467557,0.9076952898170922
25970,LOF,0.05768303327194367,0.05200328586037618,0.8903136808676801
25971,LOF,0.08112496200245393,0.01493742838749514,0.9039376096100509
25972,LOF,0.07761626107823717,0.018567162061274543,0.9038165768604882
25973,LOF,0.09762715265774065,0.008199915919679224,0.89417293142258
25974,LOF,0.2033076692364049,0.018533382661211833,0.7781589481023833
25975,LOF,0.056375695860867096,0.026095832441884497,0.9175284716972484
25976,LOF,0.04613287388176667,0.013199265392637516,0.9406678607255958
25977,LOF,0.16388171423569772,0.09204034275256302,0.7440779430117392
25978,LOF,0.1369860274032657,0.049159197439381436,0.8138547751573528
25979,LOF,0.1273807712166972,0.04960620862543282,0.82301302015787
25980,LOF,0.19562379846469583,0.06299847416876915,0.7413777273665351
25981,LOF,0.22795063782290165,0.06071755983092456,0.7113318023461738
25982,LOF,0.3750638565385553,0.047434172571882816,0.5775019708895619
25983,LOF,0.3676761954053984,0.05217914305709159,0.58014466153751
25984,LOF,0.051462648755704096,0.05269242574448686,0.8958449254998091
25985,LOF,0.027400172121737617,0.2339415728936175,0.7386582549846448
25986,LOF,0.03908726749312286,0.2695369053742479,0.6913758271326292
25987,LOF,0.07816876778434713,0.06861414900345494,0.8532170832121978
25988,LOF,0.13125702058414196,0.05461294116584094,0.8141300382500172
25989,LOF,0.028532308902233343,0.10381678194587209,0.8676509091518946
25990,LOF,0.03552511375671892,0.13442078718125458,0.8300540990620265
25991,LOF,0.20123755567588267,0.2801018065366947,0.5186606377874227
25992,LOF,0.3823983531223217,0.1463296070376902,0.47127203983998806
25993,LOF,0.02348184432424608,0.07844541788751026,0.8980727377882437
25994,LOF,0.018566497415409916,0.10949503541060103,0.8719384671739892
25995,LOF,0.025537791891998455,0.18871978140040135,0.7857424267076002
25996,GOF,0.30292264169421634,0.44446266806212825,0.25261469024365535
25997,GOF,0.10400002551129692,0.4897972081557679,0.4062027663329351
25998,Neutral,0.525994359195637,0.026350046037810222,0.44765559476655287
25999,LOF,0.11242946837266869,0.12734765631000924,0.7602228753173221
26000,LOF,0.16585671698396923,0.02704675300848725,0.8070965300075436
26001,LOF,0.19557889618149182,0.032727225240134675,0.7716938785783736
26002,LOF,0.11850077015940422,0.029486810756319624,0.8520124190842762
26003,GOF,0.010774743208025597,0.5573994402587278,0.4318258165332466
26004,GOF,0.021976567698206655,0.6260179899251569,0.3520054423766364
26005,LOF,0.008588154675151656,0.4469901709910663,0.5444216743337821
26006,Neutral,0.5131972409341762,0.2125042299795436,0.2742985290862803
26007,GOF,0.023208496677877753,0.51823289265251,0.45855861066961234
26008,GOF,0.022786068646233167,0.5599318622337577,0.41728206912000904
26009,GOF,0.025622759162315677,0.6173281290393493,0.3570491117983351
26010,GOF,0.027484705008275757,0.5922068075916866,0.3803084874000377
26011,LOF,0.007887617482676542,0.4249783573342337,0.5671340251830898
26012,GOF,0.0178502665004279,0.5437742893424078,0.4383754441571643
26013,GOF,0.024215599601042245,0.5806441316581944,0.39514026874076325
26014,LOF,0.040593509031007294,0.15624294088190907,0.8031635500870836
26015,LOF,0.2212485767734587,0.008215943471702547,0.7705354797548387
26016,LOF,0.23241288413276567,0.04338914530107479,0.7241979705661595
26017,LOF,0.23326630328497286,0.06748832448046634,0.6992453722345608
26018,LOF,0.110573374535946,0.034689653451611346,0.8547369720124426
26019,LOF,0.10523704360072961,0.02651516579725947,0.8682477906020111
26020,LOF,0.0662504014123686,0.09841108260847398,0.8353385159791574
26021,LOF,0.04758517178949076,0.11521042293587155,0.8372044052746377
26022,LOF,0.010864160474318641,0.03968644177022429,0.949449397755457
26023,LOF,0.12425016064026652,0.021396459495337,0.8543533798643965
26024,LOF,0.029491660898708576,0.11099269699837791,0.8595156421029134
26025,LOF,0.17948751493582435,0.09084520766739107,0.7296672773967846
26026,LOF,0.3366003484954243,0.021321794524654582,0.642077856979921
26027,LOF,0.09578559065653254,0.015172279791292974,0.8890421295521744
26028,LOF,0.15904276823931573,0.07350262027866453,0.7674546114820197
26029,LOF,0.06744884107474168,0.19598713201879822,0.7365640269064602
26030,LOF,0.022710950410008198,0.0567037967011368,0.920585252888855
26031,LOF,0.02681538690316392,0.14036742630596227,0.8328171867908738
26032,LOF,0.06193904363141281,0.05903787080117943,0.8790230855674077
26033,LOF,0.10931800688882741,0.07411557571417925,0.8165664173969933
26034,LOF,0.04449984027094418,0.1571188851449132,0.7983812745841427
26035,LOF,0.02596260628151986,0.14724522834799245,0.8267921653704877
26036,LOF,0.03875789163972491,0.17597443437309415,0.785267673987181
26037,LOF,0.021781929937486736,0.12141699452335855,0.8568010755391549
26038,LOF,0.05761812798551545,0.061933548157764085,0.8804483238567204
26039,LOF,0.054854007467484624,0.14916887993777092,0.7959771125947445
26040,LOF,0.19031481514977,0.13239089240185278,0.6772942924483772
26041,LOF,0.022000081863182558,0.11930666488890981,0.8586932532479077
26042,LOF,0.021895035416043932,0.11082803998585383,0.8672769245981022
26043,LOF,0.056878883928553066,0.07572007215606036,0.8674010439153866
26044,LOF,0.019340580133315226,0.0709570553047694,0.9097023645619153
26045,LOF,0.07187890263270667,0.10524053965632284,0.8228805577109705
26046,LOF,0.05775303805082211,0.07418245677805753,0.8680645051711203
26047,LOF,0.0784354532502852,0.08230007751303728,0.8392644692366776
26048,LOF,0.04819718237549137,0.04942077317630605,0.9023820444482026
26049,Neutral,0.9587083326636182,0.008312335844608233,0.03297933149177345
26050,Neutral,0.9403492959339764,0.011105452963915513,0.04854525110210808
26051,LOF,0.041669304008766304,0.2756020133087865,0.6827286826824471
26052,LOF,0.05884982123337907,0.3094085600041951,0.6317416187624257
26053,LOF,0.055983203914814546,0.11033866823401996,0.8336781278511655
26054,LOF,0.055512301230901444,0.01678278277242015,0.9277049159966785
26055,LOF,0.07263389251940239,0.01496351784125494,0.9124025896393427
26056,LOF,0.05820036176025426,0.016005074058949634,0.925794564180796
26057,LOF,0.03263495240800193,0.01039199015428719,0.9569730574377109
26058,LOF,0.03392749272861472,0.008111881638506813,0.9579606256328785
26059,LOF,0.30067673847968174,0.021217812699792466,0.6781054488205258
26060,LOF,0.028864745338722173,0.1725319437825577,0.7986033108787202
26061,LOF,0.0190191268787136,0.009816240229309313,0.9711646328919772
26062,LOF,0.011535146367966,0.017884691643476273,0.9705801619885577
26063,LOF,0.024252272842862247,0.011295948736127114,0.9644517784210106
26064,LOF,0.024909875236652505,0.017553629140501258,0.9575364956228462
26065,LOF,0.027200277213607866,0.010943885541394754,0.9618558372449975
26066,LOF,0.02227561886225546,0.009922940004973521,0.967801441132771
26067,LOF,0.028758536890398343,0.008322636417398135,0.9629188266922036
26068,LOF,0.04790437114199787,0.02909455330597938,0.9230010755520227
26069,LOF,0.254818480360563,0.01854520282107716,0.7266363168183598
26070,LOF,0.40203359748507816,0.014642141875405058,0.5833242606395168
26071,LOF,0.026775104654394914,0.011406365373981079,0.9618185299716241
26072,LOF,0.0230243477001666,0.015506605468232789,0.9614690468316006
26073,LOF,0.02710148085695302,0.009859845472068808,0.9630386736709782
26074,Neutral,0.9109959651722895,0.0051607969082419995,0.08384323791946856
26075,LOF,0.04687293240422349,0.013716571507117784,0.9394104960886588
26076,LOF,0.04766839739712917,0.008200257788036309,0.9441313448148345
26077,LOF,0.009426938846876131,0.01707844135704346,0.9734946197960804
26078,LOF,0.013957299008216757,0.009700889404831646,0.9763418115869515
26079,LOF,0.06328023781876926,0.015885057583543364,0.9208347045976873
26080,LOF,0.06203292598097205,0.01593000130872263,0.9220370727103054
26081,LOF,0.03788096434502845,0.005934361351135093,0.9561846743038364
26082,LOF,0.017651207782036302,0.013465519396771798,0.9688832728211919
26083,LOF,0.12611981237017444,0.011568650405344145,0.8623115372244815
26084,LOF,0.028314053748778024,0.01054100210474957,0.9611449441464726
26085,LOF,0.02471450048523201,0.00996866467911342,0.9653168348356547
26086,LOF,0.026399304980108344,0.010429085441816545,0.9631716095780751
26087,LOF,0.029561219718320486,0.007565499600189166,0.9628732806814905
26088,LOF,0.017496627391457777,0.02519214779715679,0.9573112248113854
26089,LOF,0.04675921634759512,0.02192345722802729,0.9313173264243776
26090,LOF,0.045143883791326035,0.016958417137431576,0.9378976990712423
26091,LOF,0.04064767826466725,0.00596711562762086,0.9533852061077118
26092,LOF,0.02843384239482931,0.00704624093005939,0.9645199166751114
26093,LOF,0.042575444230683254,0.005632852915547206,0.9517917028537695
26094,LOF,0.045863055457582756,0.005960244138776735,0.9481767004036405
26095,LOF,0.04586941955752186,0.012687027441677037,0.9414435530008011
26096,LOF,0.01962959655179885,0.009889714957569747,0.9704806884906313
26097,LOF,0.011783023237250712,0.0346227061519826,0.9535942706107667
26098,LOF,0.07233990961525931,0.010089099391293672,0.917570990993447
26099,LOF,0.026661272272041535,0.011321454320825906,0.9620172734071326
26100,LOF,0.028758545141751767,0.01096031296960312,0.960281141888645
26101,LOF,0.05637864359714731,0.011150520226842224,0.9324708361760105
26102,LOF,0.027274770450744047,0.013092686649563761,0.9596325428996922
26103,Neutral,0.8880890427342373,0.016861748313491895,0.09504920895227102
26104,LOF,0.07960491838188476,0.023403564039241577,0.8969915175788737
26105,LOF,0.20357430829897963,0.2804966026918487,0.5159290890091717
26106,LOF,0.22951825079362068,0.12035955332429249,0.6501221958820868
26107,LOF,0.2584903822674179,0.08203693836019178,0.6594726793723903
26108,LOF,0.23525580241243205,0.12492497639803571,0.6398192211895322
26109,LOF,0.09517211574895654,0.09291786634080446,0.8119100179102391
26110,LOF,0.26880835336510717,0.006300933156957106,0.7248907134779357
26111,LOF,0.4915563012508642,0.014420672076327063,0.4940230266728088
26112,LOF,0.03500561123919085,0.007511082785134282,0.9574833059756749
26113,LOF,0.05484076005007527,0.013365816782163845,0.9317934231677608
26114,LOF,0.028719978991741564,0.027362132704982594,0.9439178883032759
26115,LOF,0.10641457055885496,0.06962785822889948,0.8239575712122457
26116,LOF,0.06649024523630018,0.05944505480478738,0.8740646999589124
26117,LOF,0.4327828614023219,0.049428448511497594,0.5177886900861804
26118,LOF,0.03800196657431287,0.0251906635019686,0.9368073699237185
26119,LOF,0.024677849026390614,0.03802526119594731,0.9372968897776621
26120,LOF,0.031065802959286182,0.0247060158631619,0.944228181177552
26121,LOF,0.05196053008035688,0.08610814180676162,0.8619313281128814
26122,LOF,0.04818584947573826,0.03674348751621708,0.9150706630080446
