feature0,prediction,LoGoFunc_Neutral,LoGoFunc_GOF,LoGoFunc_LOF
25546,Neutral,0.6480717690283239,0.0510986127104481,0.30082961826122795
25547,Neutral,0.527025678428096,0.08804872998675888,0.3849255915851451
25548,Neutral,0.5238773675701079,0.0759337876621292,0.40018884476776273
25549,Neutral,0.4627975969709601,0.0793417184567938,0.45786068457224594
25550,LOF,0.40628132502867315,0.0918591473358873,0.5018595276354396
25551,LOF,0.33441448969181553,0.10243486696121498,0.5631506433469695
25552,LOF,0.29974704049669004,0.10919122440451767,0.5910617350987923
25553,Neutral,0.8049213740714802,0.043082377051371926,0.15199624887714783
25554,LOF,0.33695631723470937,0.09914271393856637,0.5639009688267242
25555,LOF,0.2968410937594026,0.09556279125624016,0.6075961149843572
25556,Neutral,0.4910197177287046,0.08736951904833944,0.421610763222956
25557,LOF,0.28857669616808396,0.09820249512798847,0.6132208087039275
25558,LOF,0.33495311866538996,0.09491610420019253,0.5701307771344175
25559,LOF,0.23883098530427885,0.06561280318092533,0.6955562115147959
25560,LOF,0.09967920447354597,0.1612507000489925,0.7390700954774615
25561,LOF,0.12037807791032203,0.19752845059636848,0.6820934714933093
25562,LOF,0.04415679015131979,0.10163267641152954,0.8542105334371507
25563,LOF,0.013406807744934513,0.16672195532377881,0.8198712369312866
25564,LOF,0.09959041678793526,0.1138550262283929,0.7865545569836718
25565,LOF,0.1921352538605154,0.1386611395449419,0.6692036065945428
25566,GOF,0.06481877857655084,0.6680887444978467,0.2670924769256025
25567,LOF,0.036610513805020777,0.14449814670457198,0.8188913394904073
25568,LOF,0.05394010501274979,0.08855750711066415,0.8575023878765861
25569,LOF,0.0567562164685344,0.08043978577411218,0.8628039977573535
25570,LOF,0.027554850410308262,0.12162489712221701,0.8508202524674747
25571,LOF,0.0242083878906043,0.12792076571414027,0.8478708463952555
25572,LOF,0.05857412423481925,0.16569573173025687,0.7757301440349239
25573,LOF,0.06050964820388077,0.10921587215050528,0.8302744796456138
25574,LOF,0.05757243127592992,0.23046324138073263,0.7119643273433374
25575,LOF,0.024045800362464204,0.1330913511718696,0.8428628484656663
25576,LOF,0.028323136722899316,0.1908796422764536,0.7807972210006472
25577,LOF,0.0327636049155583,0.1491143734501821,0.8181220216342595
25578,LOF,0.29717577088962643,0.10345839120279782,0.5993658379075757
25579,LOF,0.18941952369293716,0.09854694051079206,0.7120335357962708
25580,LOF,0.0219705497154086,0.08717317522719611,0.8908562750573954
25581,LOF,0.046223341775178006,0.08817120302214237,0.8656054552026796
25582,LOF,0.04577139723072207,0.0865146492548487,0.8677139535144291
25583,LOF,0.02566337423082888,0.10229838688092825,0.8720382388882428
25584,Neutral,0.7171453530371674,0.13260942347109095,0.15024522349174163
25585,LOF,0.019393652327177737,0.19221114450581314,0.7883952031670092
25586,LOF,0.017624610319896816,0.09382358157034515,0.8885518081097581
25587,LOF,0.017422836377129887,0.08262480642109142,0.8999523572017787
25588,LOF,0.021698819516172904,0.07979343304122098,0.8985077474426061
25589,Neutral,0.5451881990199103,0.23409208208532456,0.22071971889476513
25590,LOF,0.0518949527039335,0.11886971526272185,0.8292353320333447
25591,LOF,0.08087849189431195,0.07342218447267383,0.8456993236330143
25592,LOF,0.061568297868299295,0.15747715290388303,0.7809545492278176
25593,LOF,0.10669373261664299,0.2821792149974581,0.6111270523858989
25594,LOF,0.0601447914045359,0.06826858322194397,0.8715866253735202
25595,LOF,0.06545982841307214,0.04110244860520221,0.8934377229817256
25596,LOF,0.1327068904343693,0.02413261819262981,0.8431604913730009
25597,LOF,0.08982301891732183,0.032501484769072816,0.8776754963136053
25598,LOF,0.056437081924411325,0.04674998300847737,0.8968129350671113
25599,LOF,0.022646894843779988,0.3790589433255214,0.5982941618306987
25600,LOF,0.17514968428843486,0.4120979471535407,0.41275236855802433
25601,LOF,0.03666362701140861,0.3291200342351961,0.6342163387533953
25602,LOF,0.026541350518606725,0.0747997314768174,0.8986589180045759
25603,LOF,0.03753778735483304,0.06653134853870832,0.8959308641064587
25604,LOF,0.04165990383246448,0.10415300875003315,0.8541870874175024
25605,LOF,0.03233020425803631,0.1758325623058576,0.791837233436106
25606,Neutral,0.445422018106761,0.1425908877255779,0.411987094167661
25607,LOF,0.026141067296206157,0.21451266597203536,0.7593462667317584
25608,LOF,0.03477998857299505,0.12367813392906725,0.8415418774979376
25609,GOF,0.159676310075786,0.43067313752632314,0.4096505523978908
25610,LOF,0.01531696643037638,0.057937979466362165,0.9267450541032615
25611,LOF,0.013109475155780422,0.06502575034398593,0.9218647745002336
25612,LOF,0.0430213469819326,0.06976677564977642,0.887211877368291
25613,LOF,0.04157334288823036,0.06997829614589553,0.8884483609658741
25614,LOF,0.023511702084505155,0.05153230757113744,0.9249559903443574
25615,LOF,0.03933345149793777,0.06218560565131584,0.8984809428507464
25616,LOF,0.05255608465465164,0.061509021449983235,0.8859348938953652
25617,LOF,0.041151506829961826,0.06883515644214604,0.8900133367278921
25618,LOF,0.04812093252949679,0.08711409161789606,0.8647649758526071
25619,LOF,0.012410027886017588,0.06888871029125687,0.9187012618227256
25620,LOF,0.05531507699953412,0.07345402321561578,0.8712308997848501
25621,LOF,0.059529891890992864,0.06391475444551739,0.8765553536634898
25622,LOF,0.06263192664500696,0.07458563160661438,0.8627824417483786
25623,LOF,0.06015150306084294,0.045386022473450055,0.894462474465707
25624,LOF,0.01964815346060673,0.06201223680922256,0.9183396097301706
25625,LOF,0.06661079952032857,0.0635028182562441,0.8698863822234273
25626,LOF,0.045941993664550394,0.06823102841902445,0.8858269779164251
25627,Neutral,0.8919047055910194,0.02671579377681878,0.08137950063216162
25628,LOF,0.15396975498949483,0.0653379236128076,0.7806923213976975
25629,LOF,0.06857752306093066,0.06337229772128856,0.8680501792177807
25630,LOF,0.2708200028585309,0.07727654672576788,0.6519034504157012
25631,Neutral,0.5272945127669805,0.06275022720138936,0.4099552600316302
25632,LOF,0.028314153382909827,0.0743200065537601,0.8973658400633301
25633,LOF,0.2143133517996341,0.046439840480937154,0.7392468077194287
25634,LOF,0.043389171780930706,0.08741012968880506,0.8692006985302643
25635,LOF,0.04082698699581239,0.04088020514621409,0.9182928078579734
25636,GOF,0.035903674984352825,0.5454227259586739,0.41867359905697316
25637,GOF,0.06261363972920327,0.5435414263536282,0.39384493391716835
25638,GOF,0.03393809156938914,0.49674671947008203,0.46931518896052876
25639,LOF,0.03638865486279366,0.4727090270197753,0.4909023181174311
25640,Neutral,0.8582387245126885,0.08490607230823802,0.056855203179073464
25641,LOF,0.09233604349955062,0.4371207007820185,0.4705432557184309
25642,LOF,0.06769538864759315,0.1778693054545762,0.7544353058978307
25643,LOF,0.250191959056493,0.1417904592148712,0.6080175817286358
25644,GOF,0.009932222499696835,0.621409322292363,0.3686584552079402
25645,GOF,0.011143486313853833,0.6126774156257505,0.3761790980603957
25646,LOF,0.029086852695215798,0.4517270441016327,0.5191861032031515
25647,LOF,0.011839942819815976,0.3642443284597823,0.6239157287204017
25648,LOF,0.014362910747771759,0.45105505794852657,0.5345820313037016
25649,LOF,0.00867894100887322,0.341037910717052,0.6502831482740747
25650,GOF,0.02316912198519039,0.6133719397908999,0.3634589382239097
25651,LOF,0.009315132514792546,0.4435217259605205,0.547163141524687
25652,LOF,0.01390728376731483,0.42860394506593663,0.5574887711667486
25653,GOF,0.03625792092595093,0.596711628614717,0.36703045045933197
25654,LOF,0.010929388154703614,0.3180763905412186,0.6709942213040778
25655,GOF,0.13869812944635773,0.6026887758011803,0.25861309475246197
25656,LOF,0.33922210177428674,0.11801899579354043,0.5427589024321728
25657,LOF,0.05676552763847484,0.10755733179393702,0.8356771405675881
25658,LOF,0.3336793882984852,0.14101999248918887,0.525300619212326
25659,Neutral,0.45526160465621435,0.1484465864942078,0.3962918088495778
25660,LOF,0.024484443750248653,0.11600858832786211,0.8595069679218893
25661,LOF,0.09130357924006133,0.0680196548980954,0.8406767658618434
25662,LOF,0.03522803738379993,0.03395300192308122,0.930818960693119
25663,LOF,0.04091883333605111,0.038692651730166144,0.9203885149337827
25664,LOF,0.12829462187496762,0.07664844935623062,0.7950569287688019
25665,LOF,0.05998306055188026,0.031231757575952018,0.9087851818721678
25666,LOF,0.10262736222053266,0.06960672086607303,0.8277659169133942
25667,LOF,0.07946680448111913,0.03922190237467362,0.8813112931442072
25668,LOF,0.03767293237533291,0.05058273699857241,0.9117443306260947
25669,LOF,0.03087712095811022,0.04892879564981423,0.9201940833920756
25670,LOF,0.13052151003231147,0.05245280803107425,0.8170256819366144
25671,LOF,0.11309819057170885,0.03795375064917862,0.8489480587791125
25672,LOF,0.05012011998101464,0.04682639679069947,0.9030534832282859
25673,LOF,0.09610016833789034,0.04461176698107297,0.8592880646810367
25674,LOF,0.08306960102011629,0.05592907758279808,0.8610013213970856
25675,LOF,0.11747106923931729,0.07368005929669962,0.808848871463983
25676,LOF,0.019444285648068747,0.05614930747948661,0.9244064068724446
25677,LOF,0.023390017689330717,0.07338296603174757,0.9032270162789217
25678,LOF,0.2050973109868587,0.08019531365968928,0.7147073753534521
25679,LOF,0.12451142369809888,0.08496904886152899,0.7905195274403722
25680,LOF,0.03281306085113081,0.12106664092647158,0.8461202982223976
25681,LOF,0.048522923138287544,0.1201717145472501,0.8313053623144624
25682,LOF,0.13062612413675234,0.07961207558131501,0.7897618002819328
25683,LOF,0.11879061826337253,0.0953908205416968,0.7858185611949307
25684,LOF,0.03919750258283901,0.06566864192816434,0.8951338554889966
25685,LOF,0.11323950349104747,0.07378675343142464,0.8129737430775278
25686,LOF,0.06746634852540824,0.1061387097423909,0.8263949417322008
25687,LOF,0.1184179290626641,0.11114179935783011,0.7704402715795058
25688,LOF,0.3998017943887733,0.04714997268960156,0.5530482329216252
25689,LOF,0.2763632818419546,0.052316767249058434,0.671319950908987
25690,LOF,0.33048237325146185,0.035141437029882296,0.6343761897186558
25691,Neutral,0.7158086728154681,0.030830514271927845,0.253360812912604
25692,LOF,0.3201350199782293,0.013208033627135032,0.6666569463946356
25693,LOF,0.04767513409931488,0.40917462714480424,0.5431502387558809
25694,LOF,0.11995972948600377,0.018916443875225567,0.8611238266387706
25695,LOF,0.11136191237817943,0.010345653954118506,0.878292433667702
25696,LOF,0.1332340826186997,0.012407984067197444,0.8543579333141028
25697,LOF,0.07259250150797446,0.12563852833277434,0.8017689701592512
25698,LOF,0.31089507958162366,0.22276525294975166,0.46633966746862476
25699,LOF,0.44811551422173557,0.04294879081523676,0.5089356949630276
25700,LOF,0.07913668454150515,0.014093083535941396,0.9067702319225535
25701,LOF,0.18080130495124358,0.05144895917333592,0.7677497358754205
25702,GOF,0.13475234305023812,0.6782542444880685,0.18699341246169338
25703,LOF,0.014205294119247725,0.14844395495865123,0.8373507509221011
25704,LOF,0.03563025637204204,0.1616393229188265,0.8027304207091314
25705,LOF,0.03689005035388188,0.09541453105971014,0.867695418586408
25706,LOF,0.1364841735848627,0.34583059433250496,0.5176852320826324
25707,LOF,0.10060658823581917,0.28658583947983385,0.612807572284347
25708,LOF,0.04974461249488243,0.27404386537258074,0.6762115221325368
25709,LOF,0.06725490098480774,0.030689340345741726,0.9020557586694505
25710,LOF,0.013019083603528355,0.10196379467083984,0.8850171217256319
25711,LOF,0.01932939516042142,0.0691664294131607,0.9115041754264178
25712,LOF,0.015743708489495176,0.1568217226394375,0.8274345688710673
25713,LOF,0.01747633240886726,0.06920428571573063,0.9133193818754021
25714,LOF,0.06990903165964779,0.05319719967862177,0.8768937686617303
25715,LOF,0.011511378282053593,0.09983436048652093,0.8886542612314255
25716,LOF,0.010995955529366422,0.07881771682228494,0.9101863276483486
25717,LOF,0.015427070331448058,0.07095093900216443,0.9136219906663876
25718,LOF,0.011015211093380462,0.0708187750850593,0.9181660138215602
25719,LOF,0.019881287358557317,0.06152735426753282,0.9185913583739098
25720,LOF,0.024287712608682357,0.050146509086920456,0.9255657783043972
25721,LOF,0.013011008018714083,0.09457203931824643,0.8924169526630394
25722,LOF,0.013774467090343221,0.06950670774499267,0.9167188251646641
25723,LOF,0.024083243763940283,0.03447998118079474,0.941436775055265
25724,LOF,0.03225046290234277,0.06143533238295559,0.9063142047147016
25725,LOF,0.011241391899208527,0.057544855386214906,0.9312137527145766
25726,LOF,0.015595814367765082,0.07681321725881048,0.9075909683734245
25727,LOF,0.01246361641826488,0.0588087532727857,0.9287276303089494
25728,LOF,0.009765714539523143,0.06961010336376221,0.9206241820967147
25729,LOF,0.010128357186396156,0.07079823200628227,0.9190734108073215
25730,LOF,0.013244936565288395,0.0705921518498265,0.916162911584885
25731,LOF,0.023125676703156694,0.06922758515066965,0.9076467381461736
25732,LOF,0.013344793606182744,0.0470861512479996,0.9395690551458176
25733,LOF,0.017197619846745678,0.040963497583480786,0.9418388825697737
25734,LOF,0.0125445447814391,0.09735068289344691,0.890104772325114
25735,LOF,0.011246561363299459,0.052876678036560404,0.9358767606001401
25736,LOF,0.012536435579943852,0.06214791660695959,0.9253156478130966
25737,LOF,0.011664757222867214,0.06975156472050993,0.9185836780566228
25738,LOF,0.01160189570391944,0.06316779018889554,0.925230314107185
25739,LOF,0.020188573077388167,0.05402068606427862,0.9257907408583332
25740,LOF,0.02745474651480097,0.07468580025750714,0.8978594532276918
25741,LOF,0.014562723457621203,0.07483117770002834,0.9106060988423504
25742,LOF,0.10961214728681243,0.05429345219907356,0.836094400514114
25743,LOF,0.040405027832892744,0.051469983329798075,0.9081249888373092
25744,Neutral,0.637470174227942,0.18815061618476378,0.17437920958729414
25745,LOF,0.06492204658811404,0.06822762807027088,0.8668503253416151
25746,LOF,0.04397483566889634,0.09214681773029418,0.8638783466008095
25747,LOF,0.025533391397625692,0.08334496629690706,0.8911216423054672
25748,LOF,0.13966236513385247,0.13354555621607495,0.7267920786500727
25749,LOF,0.02790701057536251,0.08830479314072984,0.8837881962839076
25750,LOF,0.06951864283251354,0.09582745250073497,0.8346539046667515
25751,LOF,0.10358448723492242,0.12812444565405137,0.7682910671110262
25752,GOF,0.10827386458435967,0.6464563898032148,0.24526974561242554
25753,LOF,0.027149087860519564,0.2967191968896186,0.6761317152498618
25754,GOF,0.01429045885518344,0.8037832878815965,0.18192625326321998
25755,LOF,0.025677451443351772,0.3742644678210678,0.6000580807355803
25756,LOF,0.05078693487002138,0.38663491061892324,0.5625781545110553
25757,GOF,0.021520609898392613,0.8727524078317423,0.10572698226986517
25758,GOF,0.029497278097153676,0.7966800275338379,0.1738226943690083
25759,GOF,0.011101503398008571,0.6407627744719945,0.348135722129997
25760,LOF,0.015677656860719095,0.32542571332396414,0.6588966298153168
25761,GOF,0.29331138212463304,0.6302754964300981,0.07641312144526892
25762,LOF,0.04593104924338129,0.3144724797917219,0.6395964709648968
25763,LOF,0.01491082889918953,0.20521370694870608,0.7798754641521044
25764,GOF,0.07252925702144476,0.6696604812569099,0.2578102617216453
25765,GOF,0.03272368458074423,0.7578773085689964,0.20939900685025953
25766,GOF,0.07318352446350562,0.8150777241105834,0.11173875142591101
25767,GOF,0.14109527977287717,0.5303551642953146,0.3285495559318083
25768,LOF,0.10278234788945778,0.0600264216622296,0.8371912304483126
25769,LOF,0.04883719674526744,0.0648642624259348,0.8862985408287978
25770,LOF,0.30127873183503967,0.11357369058276852,0.5851475775821917
25771,LOF,0.0508432774799544,0.060587966317081535,0.8885687562029642
25772,LOF,0.018215070673146507,0.05207134745144282,0.9297135818754108
25773,LOF,0.05378044465764353,0.073197985908303,0.8730215694340535
25774,LOF,0.0278122295989834,0.12527022116327996,0.8469175492377365
25775,LOF,0.06045115590217758,0.063782489749311,0.8757663543485115
25776,LOF,0.061019741545205446,0.036550430244698465,0.9024298282100961
25777,LOF,0.35484030861497234,0.10223830001316729,0.5429213913718604
25778,LOF,0.05845134697684777,0.058550233889607214,0.8829984191335449
25779,GOF,0.3789329631046605,0.5754202014921556,0.045646835403183934
25780,GOF,0.3379202471080713,0.5964293636694415,0.06565038922248716
25781,GOF,0.11229194248058696,0.798465187849363,0.08924286967005002
25782,GOF,0.18711385572724898,0.740797829047812,0.07208831522493886
25783,GOF,0.021613319620732586,0.6604882818159786,0.3178983985632889
25784,Neutral,0.513846510589055,0.45322394119671244,0.032929548214232676
25785,GOF,0.4701511263879264,0.4895572904386759,0.04029158317339765
25786,GOF,0.031017539083367403,0.7667070849352534,0.20227537598137912
25787,Neutral,0.6686568334494098,0.30638523412092056,0.024957932429669552
25788,LOF,0.060930448513845506,0.08417387585409317,0.8548956756320613
25789,GOF,0.20703966814651628,0.6505746963676995,0.14238563548578428
25790,GOF,0.25899711435070377,0.6575588274339427,0.08344405821535356
25791,GOF,0.1524895192759645,0.6955132008278428,0.15199727989619272
25792,GOF,0.3638457101885544,0.5290297199045093,0.10712456990693624
25793,GOF,0.25128634405241373,0.5288155837203238,0.21989807222726251
25794,GOF,0.29776744821416024,0.5205125461970914,0.18172000558874835
25795,GOF,0.08080856998023467,0.659653564729729,0.25953786529003636
25796,Neutral,0.5245570481506632,0.41472652963849255,0.060716422210844286
25797,GOF,0.08123769986944673,0.5897098801032763,0.329052420027277
25798,GOF,0.010239314422489118,0.5359300046420273,0.4538306809354836
25799,LOF,0.007340406162751353,0.4456936835696088,0.5469659102676399
25800,GOF,0.03584023991529626,0.6348591517969384,0.3293006082877654
25801,GOF,0.253018837653881,0.6580873825068831,0.08889377983923581
25802,GOF,0.070942491402698,0.6921004794376605,0.23695702915964156
25803,GOF,0.04193480964774142,0.6026560894160099,0.35540910093624867
25804,GOF,0.042287895794747045,0.5209052392162522,0.4368068649890007
25805,GOF,0.14960330224417528,0.5856095076263548,0.26478719012946994
25806,GOF,0.14829961455227877,0.6026906757995675,0.24900970964815378
25807,GOF,0.025592328923204868,0.654678387470475,0.31972928360632014
25808,GOF,0.13411756262816604,0.6170512797461961,0.2488311576256379
25809,GOF,0.02094292094308519,0.6475357387216761,0.3315213403352388
25810,GOF,0.021275153212251596,0.6438064381462129,0.33491840864153544
25811,Neutral,0.5202285112856309,0.4269079604292478,0.05286352828512143
25812,GOF,0.044107713252356365,0.6272426759350507,0.32864961081259303
25813,Neutral,0.5925077857526252,0.31917268431145246,0.08831952993592218
25814,GOF,0.1550547613969731,0.6525883445089484,0.19235689409407838
25815,GOF,0.25909006067343915,0.5764044453519573,0.1645054939746036
25816,GOF,0.0246887322799912,0.6686525453954957,0.3066587223245131
25817,GOF,0.26552612201669173,0.6222088667296417,0.11226501125366647
25818,GOF,0.05827528031356904,0.5684951798960033,0.3732295397904277
25819,GOF,0.3957319223875329,0.4641222806043799,0.14014579700808721
25820,GOF,0.23938531066218688,0.5789089810532082,0.18170570828460492
25821,GOF,0.0729825810229367,0.6770251500898317,0.24999226888723167
25822,GOF,0.2740437610689527,0.5284184761480207,0.19753776278302657
25823,GOF,0.0412412155728724,0.5204936497529487,0.43826513467417894
25824,GOF,0.09944842374821988,0.5360742967300699,0.3644772795217102
25825,GOF,0.038112663057147285,0.5512312468366808,0.4106560901061719
25826,GOF,0.014318970498353786,0.5278083233509552,0.4578727061506911
25827,GOF,0.026807554276132302,0.5784349321900919,0.39475751353377597
25828,GOF,0.016922664304403562,0.5102606858156303,0.47281664987996613
25829,GOF,0.00724215186363356,0.553637939367428,0.4391199087689383
25830,LOF,0.05112829892987963,0.2836886326919844,0.6651830683781359
25831,GOF,0.20409406090791338,0.6641568369655403,0.13174910212654636
25832,GOF,0.0362113916810501,0.6796746768074172,0.28411393151153264
25833,GOF,0.1391374257440184,0.6755791291178541,0.18528344513812756
25834,GOF,0.042070259010135704,0.6748123674108712,0.2831173735789929
25835,GOF,0.10319148745830752,0.691834820773287,0.2049736917684056
25836,GOF,0.05004923914185996,0.6455910549008995,0.3043597059572404
25837,GOF,0.023332653123553596,0.5562572294559659,0.42041011742048057
25838,GOF,0.085572352484919,0.7343656176856492,0.18006202982943167
25839,GOF,0.3213242461994464,0.5384339188663033,0.1402418349342502
25840,GOF,0.25264279587052374,0.5737204215147858,0.1736367826146906
25841,GOF,0.24515785452160505,0.5916086378363303,0.16323350764206468
25842,GOF,0.19003974401624416,0.6575915296121511,0.15236872637160473
25843,GOF,0.21228860338643202,0.6672609472831026,0.12045044933046545
25844,GOF,0.054663799024591835,0.6751522207319528,0.27018398024345536
25845,GOF,0.012924547616816225,0.5018048412695609,0.4852706111136228
25846,GOF,0.10797663930208966,0.710298657019441,0.18172470367846935
25847,GOF,0.12145618182154332,0.7492085759141281,0.1293352422643286
25848,GOF,0.03620641911300619,0.6633483016059661,0.3004452792810277
25849,GOF,0.010086008854828445,0.5734081366047385,0.416505854540433
25850,GOF,0.02307717550267312,0.6376693560360641,0.3392534684612628
25851,GOF,0.017659424907503378,0.5447743941306398,0.43756618096185684
25852,GOF,0.16462702429092224,0.5693713604904338,0.266001615218644
25853,GOF,0.36015595435626696,0.5681519524438561,0.07169209319987686
25854,GOF,0.018729424739219364,0.6158304150031206,0.36544016025765996
25855,GOF,0.036706217522847695,0.6042204956153585,0.3590732868617939
25856,GOF,0.23090439345600786,0.5609179209823997,0.20817768556159255
25857,GOF,0.03495165740625752,0.5260434843016327,0.4390048582921099
25858,GOF,0.018652257187789473,0.5715997063175055,0.4097480364947051
25859,GOF,0.010930477818177317,0.5518895075066773,0.4371800146751454
25860,GOF,0.3727825125675128,0.5459605081125146,0.0812569793199726
25861,GOF,0.3768374934003746,0.550118032065044,0.07304447453458147
25862,GOF,0.07905794750782937,0.7884530962027235,0.13248895628944718
25863,GOF,0.08338510318457869,0.7860063743080352,0.13060852250738614
25864,GOF,0.2017337237277155,0.7239717903241933,0.07429448594809109
25865,GOF,0.08580382765732608,0.7895247970834549,0.12467137525921888
25866,GOF,0.06178041757782198,0.815703880680772,0.12251570174140607
25867,GOF,0.0881828137086756,0.8097502577872396,0.10206692850408473
25868,GOF,0.2659356551209013,0.6349234194581569,0.09914092542094176
25869,Neutral,0.6956677316469577,0.26461675859354605,0.03971550975949625
25870,LOF,0.33588940142121054,0.26702694574674674,0.39708365283204267
25871,GOF,0.23676791435285852,0.6118153205586939,0.15141676508844765
25872,GOF,0.08745027219669113,0.61746818210525,0.29508154569805894
25873,GOF,0.17471737691948813,0.6051833522517254,0.2200992708287864
25874,LOF,0.024175762218416583,0.1034582731605939,0.8723659646209895
25875,LOF,0.07995151402627049,0.05492881434134314,0.8651196716323863
25876,LOF,0.030384558097693748,0.04442371525741788,0.9251917266448885
25877,Neutral,0.5287697065593513,0.06723856056362255,0.40399173287702617
25878,LOF,0.23483759374658925,0.10871203985323384,0.656450366400177
25879,LOF,0.09128723071949621,0.10520722601648719,0.8035055432640166
25880,LOF,0.025324066191977006,0.02671347452729152,0.9479624592807314
25881,LOF,0.1857198445474517,0.17666228367370387,0.6376178717788444
25882,LOF,0.08409749502908487,0.01970116168425647,0.8962013432866587
25883,LOF,0.08692752163622229,0.03019313135764492,0.8828793470061328
25884,LOF,0.04681829058378801,0.04157613979009039,0.9116055696261216
25885,LOF,0.0712716245766369,0.014990943563362977,0.9137374318600001
25886,LOF,0.37193234003267145,0.05085467940176219,0.5772129805655664
25887,LOF,0.16308059496949237,0.11598320836012316,0.7209361966703846
25888,LOF,0.06146177693688272,0.08899699105227091,0.8495412320108464
25889,LOF,0.05188427271624314,0.029615158710274054,0.9185005685734827
25890,LOF,0.051737693980513144,0.12443200211604628,0.8238303039034405
25891,LOF,0.04207059799673969,0.0551945709131389,0.9027348310901214
25892,LOF,0.10405780344918532,0.024823064076694705,0.8711191324741201
25893,LOF,0.27486704161553405,0.018558712307006578,0.7065742460774593
25894,LOF,0.1736890377582327,0.01075557938605389,0.8155553828557135
25895,LOF,0.20755963619307527,0.022517063996830008,0.7699232998100948
25896,LOF,0.05332779982210251,0.02472072122181618,0.9219514789560812
25897,LOF,0.22938378095040915,0.017814361139129726,0.7528018579104611
25898,Neutral,0.7250929981684086,0.012351271564252454,0.26255573026733897
25899,LOF,0.2797654618865918,0.035618411581160615,0.6846161265322476
25900,LOF,0.47143792902836956,0.01692017971194817,0.5116418912596824
25901,LOF,0.0581717574677595,0.014668549458145858,0.9271596930740946
25902,LOF,0.17744537302381952,0.013456690966140784,0.8090979360100398
25903,Neutral,0.5112315590500907,0.0377411051815705,0.45102733576833876
25904,LOF,0.29489687586327495,0.0570189161881418,0.6480842079485832
25905,LOF,0.02816943549824935,0.2912176481852299,0.6806129163165207
25906,LOF,0.02254121523614948,0.06780421423005338,0.9096545705337972
25907,LOF,0.013810129451903994,0.3123476622626389,0.6738422082854572
25908,LOF,0.011685263734541419,0.20733767525059016,0.7809770610148685
25909,LOF,0.014950401910779216,0.1268420242345419,0.8582075738546789
25910,LOF,0.04537482607444628,0.10728816544797369,0.84733700847758
25911,LOF,0.13284705919695275,0.028154763189412648,0.8389981776136346
25912,LOF,0.039217827733800815,0.04922662810310374,0.9115555441630955
25913,LOF,0.2764522570381416,0.02014754269443129,0.7034002002674272
25914,LOF,0.0250888333811277,0.09863044120857518,0.8762807254102971
25915,Neutral,0.4580428324321975,0.23231908945275456,0.30963807811504795
25916,LOF,0.0688264745133581,0.27753423665436866,0.6536392888322733
25917,LOF,0.06476533228415497,0.058868360716517056,0.876366306999328
25918,LOF,0.031592409164110415,0.06033991184671874,0.9080676789891708
25919,LOF,0.026935430831680412,0.06338329446482331,0.9096812747034961
25920,GOF,0.08776708522411712,0.47364488857520737,0.4385880262006755
25921,LOF,0.029381491591560192,0.01964807908663874,0.950970429321801
25922,LOF,0.040990648286157345,0.012638433947026228,0.9463709177668165
25923,LOF,0.3934706056786215,0.01576103729528306,0.5907683570260954
25924,LOF,0.04315952703723583,0.0258621380778605,0.9309783348849038
25925,LOF,0.07035815797178385,0.023083062636401835,0.9065587793918143
25926,LOF,0.04824785793614375,0.016766061437312595,0.9349860806265436
25927,LOF,0.07028337598068433,0.05186404332426941,0.8778525806950463
25928,LOF,0.022415420741362335,0.0254087021788607,0.952175877079777
25929,Neutral,0.5159886834794767,0.017422282789028087,0.46658903373149524
25930,LOF,0.05474112829272567,0.013063083860408194,0.9321957878468662
25931,LOF,0.030695142894648458,0.016901853151865116,0.9524030039534864
25932,LOF,0.026906531654761912,0.013230496528655955,0.9598629718165822
25933,LOF,0.036678752963311634,0.008814380664721356,0.954506866371967
25934,LOF,0.023758856021704782,0.010032763426514886,0.9662083805517804
25935,LOF,0.0669073864471789,0.029321724351141158,0.90377088920168
25936,LOF,0.04670198352457342,0.012079593422306632,0.9412184230531199
25937,LOF,0.03003199822105958,0.01988819855978717,0.9500798032191533
25938,LOF,0.06641722994047845,0.03018270270587836,0.9034000673536431
25939,LOF,0.03836410238583522,0.008848019345004897,0.9527878782691599
25940,LOF,0.02309678544380159,0.3868794809862021,0.5900237335699962
25941,LOF,0.17522009899649973,0.07846013622667865,0.7463197647768217
25942,LOF,0.01879861278854717,0.032683050376532574,0.9485183368349203
25943,LOF,0.3376343997256103,0.052743361532596435,0.6096222387417933
25944,Neutral,0.498851715270848,0.02977940771649458,0.4713688770126574
25945,LOF,0.08160504653657244,0.019783522943769984,0.8986114305196575
25946,LOF,0.024125719050739312,0.15003220644455512,0.8258420745047056
25947,LOF,0.11861845444695963,0.1969828438922234,0.6843987016608171
25948,LOF,0.43814227399138234,0.018967592216324533,0.5428901337922932
25949,LOF,0.11088488245069747,0.0746646481097011,0.8144504694396014
25950,GOF,0.29014369832602,0.3977184273428017,0.3121378743311784
25951,LOF,0.27663988447296706,0.19516846414077746,0.5281916513862555
25952,LOF,0.06189534012237146,0.4423998480872654,0.4957048117903633
25953,LOF,0.1433844980182847,0.10892428670250828,0.747691215279207
25954,Neutral,0.41354910597089256,0.18659223604585373,0.39985865798325365
25955,LOF,0.05710964985900925,0.08512184656507038,0.8577685035759204
25956,LOF,0.2013973597308018,0.09169322181738619,0.706909418451812
25957,LOF,0.04668106791277713,0.029445990724062433,0.9238729413631603
25958,LOF,0.05203565739841879,0.027926725043061946,0.9200376175585192
25959,LOF,0.06898148484920867,0.31327297284621874,0.6177455423045726
25960,LOF,0.02123213049977533,0.06212598571976685,0.9166418837804577
25961,LOF,0.044843605207139016,0.0353998730383798,0.9197565217544811
25962,LOF,0.0590057684356458,0.02950614644667706,0.9114880851176771
25963,LOF,0.05245164499445583,0.14786059007582408,0.7996877649297202
25964,LOF,0.03640223034436418,0.13495930151269858,0.8286384681429372
25965,LOF,0.4205109880466019,0.0771931762559813,0.5022958356974169
25966,Neutral,0.4452555069938689,0.18146293433355945,0.3732815586725716
25967,LOF,0.012378899317185547,0.07645377348552233,0.9111673271972921
25968,GOF,0.030954670072623907,0.490274759011006,0.47877057091637004
25969,LOF,0.020688448450239472,0.060462747491186866,0.9188488040585737
25970,LOF,0.055210576317728355,0.06327970947754157,0.8815097142047301
25971,LOF,0.06992497176819248,0.01874730146084982,0.9113277267709576
25972,LOF,0.07842474889752937,0.028370694929499393,0.8932045561729713
25973,LOF,0.0943229835468218,0.00905454473879995,0.8966224717143781
25974,LOF,0.2302199142673713,0.02058501420252342,0.7491950715301052
25975,LOF,0.0490194223466995,0.033907206827007354,0.917073370826293
25976,LOF,0.0479881171648766,0.019502179198997497,0.9325097036361258
25977,LOF,0.13836664073995622,0.09248579032509106,0.7691475689349527
25978,LOF,0.10226742258401444,0.07559274129463628,0.8221398361213493
25979,LOF,0.1058449484288596,0.0728754583657283,0.8212795932054121
25980,LOF,0.12485585180269415,0.10168295962610524,0.7734611885712005
25981,LOF,0.15318327868412118,0.09810592837933044,0.7487107929365483
25982,LOF,0.341050087394893,0.06951650670406709,0.5894334059010399
25983,LOF,0.3222038571964943,0.06998688371567749,0.6078092590878281
25984,LOF,0.056340830521910766,0.07778311195845283,0.8658760575196364
25985,LOF,0.023692676182958106,0.27979537574965324,0.6965119480673886
25986,LOF,0.032898861647038154,0.271928183496834,0.6951729548561277
25987,LOF,0.0815218338642546,0.09006964372740281,0.8284085224083426
25988,LOF,0.13146973627249248,0.07591689067612255,0.7926133730513849
25989,LOF,0.029383758135107414,0.13367844301795448,0.8369377988469381
25990,LOF,0.03902589674839044,0.16668597504911953,0.79428812820249
25991,GOF,0.18151019927199386,0.4252709554623834,0.3932188452656229
25992,Neutral,0.38252755890459617,0.24638021358681544,0.37109222750858833
25993,LOF,0.024775258370372824,0.07001073549690341,0.9052140061327237
25994,LOF,0.01691368753902304,0.12746135031888753,0.8556249621420894
25995,LOF,0.027451050613100225,0.18297434530381143,0.7895746040830883
25996,GOF,0.22503136047676278,0.610709870003391,0.16425876951984622
25997,GOF,0.09876271916620721,0.5810858074603978,0.3201514733733949
25998,Neutral,0.5594121897272712,0.014438250012845984,0.4261495602598827
25999,LOF,0.116972583516062,0.13382316407091122,0.7492042524130269
26000,LOF,0.1509068050144382,0.036632541670372144,0.8124606533151897
26001,LOF,0.18629851236201775,0.04142172358480802,0.7722797640531742
26002,LOF,0.16263026992114366,0.03745894867804273,0.7999107814008136
26003,GOF,0.00901158945003774,0.6600242917974815,0.3309641187524807
26004,GOF,0.02369410595788299,0.7419739896193817,0.2343319044227355
26005,GOF,0.00767953953677728,0.5601426383675465,0.4321778220956761
26006,Neutral,0.4734121365967293,0.315096143789257,0.21149171961401364
26007,GOF,0.01503908144281073,0.6023413195748262,0.38261959898236303
26008,GOF,0.01709334064828427,0.631069956480369,0.3518367028713468
26009,GOF,0.02229414883411989,0.6738774313423957,0.3038284198234844
26010,GOF,0.023335738021446523,0.7051140891679739,0.27155017281057964
26011,GOF,0.007150782161908305,0.5382343685992561,0.4546148492388355
26012,GOF,0.013293225366220428,0.6433780475016634,0.3433287271321162
26013,GOF,0.01586423464859287,0.6789881119369227,0.3051476534144845
26014,LOF,0.04723270081939239,0.16885556939154114,0.7839117297890664
26015,LOF,0.18657556827323685,0.014646422176769485,0.7987780095499937
26016,LOF,0.23708414831572705,0.0615548189898958,0.7013610326943771
26017,LOF,0.1912951434690298,0.11033878352211225,0.6983660730088579
26018,LOF,0.08396398528840537,0.06604134299568978,0.8499946717159048
26019,LOF,0.078945608697874,0.045503598199863105,0.8755507931022629
26020,LOF,0.0523012111115052,0.13763707746862724,0.8100617114198675
26021,LOF,0.0459557257082168,0.16140933281183642,0.7926349414799467
26022,LOF,0.011472002396037025,0.06986191473532079,0.9186660828686422
26023,LOF,0.1071669177405605,0.04311275049862373,0.8497203317608157
26024,LOF,0.025786358518661606,0.14261089712024547,0.8316027443610929
26025,LOF,0.13726753984157092,0.13673490508748315,0.7259975550709459
26026,LOF,0.3030227742807078,0.031800635367335864,0.6651765903519563
26027,LOF,0.07986511200456292,0.03431900185298544,0.8858158861424517
26028,LOF,0.1565988840469263,0.08687175237182164,0.7565293635812521
26029,LOF,0.08115852780415508,0.12938305390253185,0.7894584182933132
26030,LOF,0.0292046797570198,0.0521507390585469,0.9186445811844333
26031,LOF,0.03378383975268044,0.10452465614773983,0.8616915040995796
26032,LOF,0.07227031673214512,0.05710308545693552,0.8706265978109194
26033,LOF,0.11925114599927848,0.06586785869794974,0.8148809953027718
26034,LOF,0.05237713992666834,0.10878481852275301,0.8388380415505786
26035,LOF,0.03612338709580341,0.09665491920355648,0.8672216937006402
26036,LOF,0.05206682942546503,0.11777320792924033,0.8301599626452947
26037,LOF,0.02946751215056927,0.08661387578902809,0.8839186120604027
26038,LOF,0.06960679110577356,0.05524634894769739,0.8751468599465292
26039,LOF,0.06925963403429103,0.1084864122592598,0.8222539537064493
26040,LOF,0.21084204054527164,0.10261589520417151,0.6865420642505569
26041,LOF,0.030367175278011957,0.07909653495589192,0.8905362897660962
26042,LOF,0.0297593057948373,0.07915592030393134,0.8910847739012314
26043,LOF,0.06704285443661825,0.07113051854518641,0.8618266270181953
26044,LOF,0.025454313966333287,0.0659982386341979,0.9085474473994688
26045,LOF,0.08372107360891812,0.07492972609393128,0.8413492002971507
26046,LOF,0.07065462929308973,0.07466414054166248,0.8546812301652478
26047,LOF,0.10430796631839517,0.08364315422333082,0.8120488794582741
26048,LOF,0.05934737367661751,0.0537662030429495,0.886886423280433
26049,Neutral,0.9542537614632566,0.007625668660881075,0.038120569875862514
26050,Neutral,0.9343914927772922,0.00908481616311855,0.05652369105958931
26051,LOF,0.04894139010810338,0.3157702178803445,0.6352883920115522
26052,LOF,0.07987045483071098,0.2882225202622816,0.6319070249070073
26053,LOF,0.05848249796381604,0.15783715102044923,0.7836803510157346
26054,LOF,0.05560162973266002,0.04086648916341315,0.9035318811039269
26055,LOF,0.06579732664144256,0.02751900011780727,0.9066836732407503
26056,LOF,0.05733286148090083,0.03224168684733746,0.9104254516717617
26057,LOF,0.02902335250963044,0.01619174402983638,0.9547849034605331
26058,LOF,0.02926369619970656,0.014250452895829775,0.9564858509044638
26059,LOF,0.267868559329259,0.04621699463435173,0.6859144460363893
26060,LOF,0.028769941151916077,0.23786877686187974,0.7333612819862042
26061,LOF,0.018119274794245584,0.019680720136527215,0.9622000050692272
26062,LOF,0.011042648794376886,0.028018729918828176,0.960938621286795
26063,LOF,0.020526652407997965,0.015314082835657916,0.9641592647563441
26064,LOF,0.024842413658989718,0.022502157268598225,0.9526554290724121
26065,LOF,0.022913078427896277,0.019304850375217796,0.957782071196886
26066,LOF,0.019413000503669717,0.015130550201632202,0.9654564492946981
26067,LOF,0.02463289561801781,0.012076078886103198,0.963291025495879
26068,LOF,0.0472998673922005,0.06156080444694006,0.8911393281608595
26069,LOF,0.2865657989520658,0.0339368651289965,0.6794973359189377
26070,LOF,0.41189907516680335,0.024321064496418035,0.5637798603367785
26071,LOF,0.02010381408865351,0.018957120956469512,0.960939064954877
26072,LOF,0.02393437961977788,0.02730133620691304,0.948764284173309
26073,LOF,0.022239570047010715,0.014873565315177363,0.9628868646378118
26074,Neutral,0.9085566522846089,0.00749957229926184,0.08394377541612918
26075,LOF,0.042663643644428234,0.0216385303515191,0.9356978260040526
26076,LOF,0.043796628307448446,0.01300858155100761,0.9431947901415441
26077,LOF,0.009671918600563234,0.028895191560424107,0.9614328898390128
26078,LOF,0.01438957395425188,0.020219548920813225,0.9653908771249349
26079,LOF,0.055087508774137504,0.028742651285271724,0.9161698399405906
26080,LOF,0.05346127662411709,0.02876742023948714,0.9177713031363957
26081,LOF,0.03442235029740054,0.010666591284593987,0.9549110584180055
26082,LOF,0.019775200064678904,0.02846852648625509,0.951756273449066
26083,LOF,0.13122080374365655,0.020057156049313213,0.8487220402070302
26084,LOF,0.02563523159344477,0.023970859918101724,0.9503939084884535
26085,LOF,0.020774293649623663,0.022278411372093545,0.9569472949782828
26086,LOF,0.02365648528365969,0.015388667120331385,0.9609548475960088
26087,LOF,0.024192393843829412,0.01160004275717936,0.9642075633989913
26088,LOF,0.018392999570907703,0.03183467524074717,0.9497723251883451
26089,LOF,0.042896330224785534,0.0373664265790189,0.9197372431961955
26090,LOF,0.041751889039620994,0.02955105197872596,0.9286970589816531
26091,LOF,0.036839375917852586,0.010144189582961968,0.9530164344991855
26092,LOF,0.024293381431802492,0.012908422515054004,0.9627981960531435
26093,LOF,0.034389815895973015,0.009568817900627384,0.9560413662033995
26094,LOF,0.040446268054101446,0.01043695223221778,0.9491167797136808
26095,LOF,0.056415892548227736,0.022971218558345857,0.9206128888934263
26096,LOF,0.022004306462136528,0.017207130013030196,0.9607885635248333
26097,LOF,0.009846212773703854,0.05575806960346764,0.9343957176228285
26098,LOF,0.07266755686413909,0.02138591812895964,0.9059465250069012
26099,LOF,0.02340198369048351,0.021072425939926278,0.9555255903695903
26100,LOF,0.025226649718007695,0.0203518700752306,0.9544214802067617
26101,LOF,0.05348916136300326,0.021164508688153463,0.9253463299488432
26102,LOF,0.02402392206733563,0.017275876331726125,0.9587002016009383
26103,Neutral,0.8906965350609514,0.03196383552999078,0.07733962940905778
26104,LOF,0.061592375529550616,0.06051291711413381,0.8778947073563156
26105,LOF,0.24417465696220172,0.19874241809196017,0.5570829249458381
26106,LOF,0.17241795287787742,0.12621778111455464,0.7013642660075678
26107,LOF,0.24912299674218452,0.08683217640287835,0.6640448268549372
26108,LOF,0.2310609623240653,0.1347812775600188,0.634157760115916
26109,LOF,0.10387189763795762,0.13173408768746409,0.7643940146745783
26110,LOF,0.24982833796633738,0.008582737271180687,0.741588924762482
26111,Neutral,0.4894944063372758,0.02186828054480519,0.488637313117919
26112,LOF,0.03666395903829894,0.008977014593252227,0.9543590263684487
26113,LOF,0.05352281793191863,0.016462204926099976,0.9300149771419813
26114,LOF,0.02344746020013783,0.016838687212800747,0.9597138525870614
26115,LOF,0.08202638621407388,0.03612314946433618,0.88185046432159
26116,LOF,0.055613891046805065,0.027539435696068783,0.9168466732571262
26117,LOF,0.39714805749649074,0.050538105164620206,0.5523138373388891
26118,LOF,0.03980626146092748,0.027532243194666715,0.9326614953444058
26119,LOF,0.022985071064431418,0.03877782387189475,0.9382371050636739
26120,LOF,0.02863987440998956,0.021595937171045576,0.9497641884189648
26121,LOF,0.05494459266121798,0.078074806674541,0.8669806006642411
26122,LOF,0.05049802643715417,0.03240200718066954,0.9170999663821763
