feature0,prediction,LoGoFunc_Neutral,LoGoFunc_GOF,LoGoFunc_LOF
25546,Neutral,0.6664108657009938,0.056182427232875295,0.27740670706613085
25547,Neutral,0.49518336999602613,0.10507828354271688,0.3997383464612568
25548,Neutral,0.49726060139101746,0.09213730346485421,0.41060209514412843
25549,LOF,0.4171509480868804,0.09704576547206889,0.4858032864410507
25550,LOF,0.3733230955567795,0.12441722918230842,0.5022596752609121
25551,LOF,0.31656565256746033,0.13610742972737225,0.5473269177051674
25552,LOF,0.2565685294955522,0.12920794657012538,0.6142235239343223
25553,Neutral,0.8188797416177691,0.041984352403761416,0.13913590597846942
25554,LOF,0.29344537043748675,0.1164365207387736,0.5901181088237396
25555,LOF,0.2481549708203719,0.11068661268750114,0.6411584164921269
25556,Neutral,0.46134382931832996,0.09940705450643188,0.4392491161752381
25557,LOF,0.2308754905783878,0.11732642938661797,0.6517980800349943
25558,LOF,0.3005366884765315,0.11539725433718268,0.5840660571862859
25559,LOF,0.175999340304368,0.15787252717457223,0.6661281325210597
25560,LOF,0.16515687203225507,0.09789461004022068,0.7369485179275242
25561,LOF,0.1509135281017355,0.10358018961893857,0.745506282279326
25562,LOF,0.0696417994893197,0.06992136001049626,0.860436840500184
25563,LOF,0.0217952580460651,0.11428928190517117,0.8639154600487639
25564,LOF,0.22085243024346787,0.10028429726191529,0.6788632724946169
25565,LOF,0.21144910468818792,0.13214908531196162,0.6564018099998504
25566,GOF,0.10584958012414512,0.6859644395173736,0.20818598035848124
25567,LOF,0.03747183045184924,0.1354317501085709,0.8270964194395799
25568,LOF,0.05873124582031119,0.06982319524896931,0.8714455589307195
25569,LOF,0.06209683847524444,0.07000221083130609,0.8679009506934495
25570,LOF,0.027055319632785978,0.09498121185611796,0.8779634685110961
25571,LOF,0.026665699615039312,0.1003353476774531,0.8729989527075075
25572,LOF,0.061197849334473704,0.12034778057633494,0.8184543700891913
25573,LOF,0.053724728754522125,0.08276936676522606,0.8635059044802518
25574,LOF,0.05390771542213786,0.19083391293143603,0.7552583716464261
25575,LOF,0.02194642324409279,0.1154227588488209,0.8626308179070863
25576,LOF,0.03481903856550715,0.15489705752072858,0.8102839039137641
25577,LOF,0.03280804705793514,0.10573288097232894,0.8614590719697358
25578,LOF,0.29511709328722047,0.07779965706112255,0.6270832496516571
25579,LOF,0.14331941831506506,0.08284087605406346,0.7738397056308715
25580,LOF,0.01954975710178384,0.07656556206670186,0.9038846808315144
25581,LOF,0.052804245679501656,0.06424209424736282,0.8829536600731356
25582,LOF,0.05260501223696212,0.0633991083993659,0.8839958793636721
25583,LOF,0.020389707071979055,0.07971016131743333,0.8999001316105876
25584,Neutral,0.649890521800647,0.11019310527062993,0.23991637292872314
25585,LOF,0.030685186077917526,0.12035486398612512,0.8489599499359574
25586,LOF,0.018248801322911366,0.06390021971829808,0.9178509789587906
25587,LOF,0.017520487711475387,0.06014857478243248,0.9223309375060922
25588,LOF,0.020218251722351113,0.07114251416345184,0.9086392341141971
25589,Neutral,0.5144151678824065,0.20789212810941524,0.2776927040081782
25590,LOF,0.04858321192452708,0.10910209378304063,0.8423146942924322
25591,LOF,0.09755328324269609,0.05465898655456084,0.847787730202743
25592,LOF,0.05953154490485086,0.12400319102700767,0.8164652640681416
25593,LOF,0.1350527554736901,0.2504925615231931,0.6144546830031168
25594,LOF,0.052175812964210824,0.11452120590897116,0.833302981126818
25595,LOF,0.04941390216071712,0.08028631222060154,0.8702997856186813
25596,LOF,0.10580069177159555,0.04777478198984564,0.8464245262385587
25597,LOF,0.08375220198308972,0.05469047571111548,0.8615573223057948
25598,LOF,0.052250359692826,0.08364483897833266,0.8641048013288415
25599,GOF,0.020213317024147425,0.5125188310071991,0.4672678519686535
25600,GOF,0.1722433154736574,0.5002433241885522,0.3275133603377903
25601,LOF,0.03971032130783782,0.39736369670521515,0.5629259819869471
25602,LOF,0.0356493784046759,0.05484089329700597,0.9095097282983182
25603,LOF,0.037018727717258976,0.032375346046480985,0.93060592623626
25604,LOF,0.04115459526474485,0.06224607158382034,0.8965993331514348
25605,LOF,0.04306891320718924,0.1930015156655162,0.7639295711272946
25606,LOF,0.4126780020159458,0.10715488019489613,0.480167117789158
25607,LOF,0.022758157266897172,0.17856953965236094,0.7986723030807418
25608,LOF,0.0342366588570053,0.07596577692165911,0.8897975642213356
25609,GOF,0.15161554750417908,0.5449465426171334,0.3034379098786875
25610,LOF,0.016057773574283347,0.027251183033616556,0.9566910433921001
25611,LOF,0.015227737802127632,0.03271682253197273,0.9520554396658997
25612,LOF,0.049811516447132456,0.03833283917363181,0.9118556443792357
25613,LOF,0.04666713296052552,0.038888265521230404,0.9144446015182441
25614,LOF,0.02295129395772094,0.025702011858918405,0.9513466941833607
25615,LOF,0.04418648007780794,0.03771575612777776,0.9180977637944142
25616,LOF,0.05138316901530735,0.026119655294681313,0.9224971756900113
25617,LOF,0.044063234065125294,0.03306044545847282,0.922876320476402
25618,LOF,0.05485346563857927,0.03359674055515382,0.9115497938062669
25619,LOF,0.015860579803831577,0.02915139637666841,0.9549880238195
25620,LOF,0.0644024933541054,0.03896296017337181,0.8966345464725228
25621,LOF,0.05125620420246446,0.030913092279609415,0.9178307035179262
25622,LOF,0.06414170534464793,0.029871475535200816,0.9059868191201513
25623,LOF,0.07056255971538247,0.02599226598947783,0.9034451742951398
25624,LOF,0.019823535522959807,0.03299941010239404,0.9471770543746462
25625,LOF,0.06858419401572748,0.037100644824191537,0.8943151611600809
25626,LOF,0.050638237565433654,0.037564809088586115,0.9117969533459803
25627,Neutral,0.8947810829029474,0.02098223183966551,0.08423668525738708
25628,LOF,0.11797259826951545,0.06119108451446782,0.8208363172160167
25629,LOF,0.058292040068790914,0.04176518245628921,0.8999427774749199
25630,LOF,0.24944225153403482,0.07557908227773105,0.6749786661882342
25631,Neutral,0.5474659570533488,0.0618044306665896,0.3907296122800616
25632,LOF,0.030337071810412557,0.06254468656716904,0.9071182416224184
25633,LOF,0.19933061628054424,0.03754812152010661,0.7631212621993492
25634,LOF,0.03421881453887684,0.08492565077013062,0.8808555346909924
25635,LOF,0.037715394226382926,0.04754788439930947,0.9147367213743077
25636,LOF,0.03512504215374203,0.4816132006798188,0.4832617571664391
25637,GOF,0.06834640387069496,0.4725394156393364,0.45911418048996866
25638,LOF,0.03281800482589881,0.297824357645148,0.6693576375289532
25639,LOF,0.02969461343316784,0.34022884485298555,0.6300765417138465
25640,Neutral,0.8220743502291984,0.13250702956014368,0.04541862021065799
25641,LOF,0.05317679018549544,0.43174923546932004,0.5150739743451845
25642,LOF,0.0391868333742246,0.14158958745798364,0.8192235791677918
25643,LOF,0.21921924180224206,0.15062007958395887,0.6301606786137991
25644,LOF,0.022302686266950388,0.4446185405772777,0.5330787731557719
25645,LOF,0.02233918153182912,0.3925727976529347,0.5850880208152361
25646,LOF,0.05740898251419862,0.31470010115900704,0.6278909163267943
25647,LOF,0.024037346801660416,0.2458912434669376,0.730071409731402
25648,LOF,0.033135205171936535,0.22993605654087296,0.7369287382871904
25649,LOF,0.017097613294414428,0.2326521038188644,0.7502502828867212
25650,LOF,0.05239057530954311,0.40189508097085325,0.5457143437196036
25651,LOF,0.01650407202773552,0.27161825142131724,0.7118776765509471
25652,LOF,0.030022989005475145,0.2503162844274841,0.7196607265670408
25653,LOF,0.08434894061065647,0.39025004302545424,0.5254010163638893
25654,LOF,0.024988074519320034,0.19192132433517312,0.7830906011455069
25655,LOF,0.23920576141240688,0.37029196814598947,0.3905022704416036
25656,LOF,0.2865095496625381,0.044473706539151156,0.6690167437983107
25657,LOF,0.07586864640235962,0.057102150137987195,0.8670292034596532
25658,LOF,0.37046053253192057,0.051865870891285776,0.5776735965767936
25659,Neutral,0.5293973435940016,0.07380352123962244,0.3967991351663759
25660,LOF,0.02595537843790578,0.08102004208720014,0.8930245794748941
25661,LOF,0.09169749690874605,0.059225372276148165,0.8490771308151058
25662,LOF,0.03343124493983962,0.03175844294499029,0.93481031211517
25663,LOF,0.04094691307477386,0.044648406755081596,0.9144046801701445
25664,LOF,0.14902187116468102,0.05642753530009444,0.7945505935352246
25665,LOF,0.05490367759151876,0.03197145204545913,0.9131248703630221
25666,LOF,0.08642442511687402,0.07877263897826854,0.8348029359048574
25667,LOF,0.06613694535367819,0.03773685724061486,0.896126197405707
25668,LOF,0.03646885383002585,0.046857566222544035,0.91667357994743
25669,LOF,0.03432924088192548,0.05653293864808209,0.9091378204699924
25670,LOF,0.139099104636493,0.053233757182700354,0.8076671381808067
25671,LOF,0.09949711902571282,0.03174522967621693,0.8687576512980704
25672,LOF,0.050894249874814446,0.041887578777752746,0.9072181713474329
25673,LOF,0.0804774844518655,0.04081216242639,0.8787103531217445
25674,LOF,0.06877001476983491,0.049740858872191214,0.8814891263579738
25675,LOF,0.11366835625127278,0.04883625678752939,0.8374953869611979
25676,LOF,0.01765636202793822,0.0497615500392034,0.9325820879328585
25677,LOF,0.02503182385887885,0.06731231931420113,0.9076558568269201
25678,LOF,0.17568022654367202,0.057310726578394776,0.7670090468779333
25679,LOF,0.11956954989035151,0.07102175974666171,0.8094086903629868
25680,LOF,0.029052618902036177,0.10746027899987917,0.8634871020980847
25681,LOF,0.04670580826454803,0.10093777867730774,0.8523564130581442
25682,LOF,0.135979834536184,0.06639127078122312,0.7976288946825929
25683,LOF,0.12107936604335764,0.08155639235710474,0.7973642415995377
25684,LOF,0.041852295065320975,0.06431629346320868,0.8938314114714704
25685,LOF,0.13612660210983482,0.0520435294541227,0.8118298684360425
25686,LOF,0.07466347648929936,0.09739179106801367,0.827944732442687
25687,LOF,0.10926810255331419,0.0872687251117884,0.8034631723348974
25688,LOF,0.31682057841463657,0.03623126216499263,0.6469481594203709
25689,LOF,0.2100716956189144,0.046556274866150105,0.7433720295149355
25690,LOF,0.3710463387594391,0.03369831722847842,0.5952553440120826
25691,Neutral,0.7171055523312915,0.02433299661395134,0.2585614510547572
25692,LOF,0.29692695952822035,0.011447314767582336,0.6916257257041973
25693,LOF,0.04525483054813639,0.4644302707168826,0.4903148987349809
25694,LOF,0.12930282838261709,0.020693363413954478,0.8500038082034285
25695,LOF,0.12350017378918517,0.017278476470068596,0.8592213497407463
25696,LOF,0.11410515076831745,0.011924663047355077,0.8739701861843274
25697,LOF,0.12038540201639665,0.028132476362245442,0.8514821216213578
25698,LOF,0.34187868894404183,0.2521993857450087,0.4059219253109494
25699,LOF,0.4146977594682376,0.03579723696917994,0.5495050035625825
25700,LOF,0.055206148186098744,0.00783864475707373,0.9369552070568274
25701,LOF,0.15714851552346654,0.05442955797725093,0.7884219264992826
25702,GOF,0.1878853390940245,0.5410126358844701,0.2711020250215053
25703,LOF,0.015287468466029621,0.15604841723162613,0.8286641143023442
25704,LOF,0.04981922143902196,0.1146722152983065,0.8355085632626716
25705,LOF,0.059017229976743094,0.18529963858290058,0.7556831314403564
25706,LOF,0.10240999600984158,0.349396458042776,0.5481935459473825
25707,LOF,0.08536088699474859,0.3127663752397562,0.6018727377654952
25708,LOF,0.03213600942647032,0.28734211641001084,0.6805218741635188
25709,LOF,0.05767196097457691,0.04263601763881265,0.8996920213866105
25710,LOF,0.012006482604442691,0.1331329324204077,0.8548605849751496
25711,LOF,0.019018359500510524,0.0912066498738002,0.8897749906256892
25712,LOF,0.013111092734305073,0.1802995015637845,0.8065894057019104
25713,LOF,0.018843421103332782,0.07779001980797146,0.9033665590886957
25714,LOF,0.07030865841960551,0.07463577941265824,0.8550555621677363
25715,LOF,0.010358872264251669,0.13277822111079085,0.8568629066249576
25716,LOF,0.01299102755176972,0.11367380548986782,0.8733351669583624
25717,LOF,0.012917277116333224,0.08092887603663647,0.9061538468470303
25718,LOF,0.011830529057578,0.09886357688745588,0.8893058940549662
25719,LOF,0.01819545186064462,0.08227370489265762,0.8995308432466979
25720,LOF,0.02182493820475972,0.06710526981931346,0.9110697919759267
25721,LOF,0.01524703792326856,0.11075269683070361,0.8740002652460278
25722,LOF,0.01300574380405976,0.11722725281879695,0.8697670033771433
25723,LOF,0.0214866023421647,0.04455915870891402,0.9339542389489213
25724,LOF,0.02238687961289607,0.08000617732458123,0.8976069430625226
25725,LOF,0.011572452015489964,0.06867391516984554,0.9197536328146645
25726,LOF,0.013880574121758534,0.09295004326830546,0.8931693826099361
25727,LOF,0.012742820841471837,0.07949143842879146,0.9077657407297367
25728,LOF,0.00965618265776379,0.10339966667720799,0.8869441506650281
25729,LOF,0.01013919594958891,0.10133860497977736,0.8885221990706338
25730,LOF,0.013098504047145033,0.07897131301923459,0.9079301829336205
25731,LOF,0.020231933166380445,0.11514948495170547,0.8646185818819141
25732,LOF,0.014738944775271687,0.08667421047258102,0.8985868447521472
25733,LOF,0.01553501038335132,0.07914360870970108,0.9053213809069476
25734,LOF,0.013247808591885396,0.1377863048611857,0.8489658865469288
25735,LOF,0.0129706985612146,0.08346347553559749,0.903565825903188
25736,LOF,0.013644146046946757,0.11604470414998226,0.8703111498030711
25737,LOF,0.01994860282551233,0.08164860093120693,0.8984027962432808
25738,LOF,0.013110776681179204,0.11832308321764541,0.8685661401011754
25739,LOF,0.019486311667840366,0.08645027788638847,0.8940634104457711
25740,LOF,0.026194099086340343,0.09681205727702993,0.8769938436366297
25741,LOF,0.014695663893651591,0.11074302788403695,0.8745613082223114
25742,LOF,0.11588909941906236,0.07835549816388072,0.8057554024170569
25743,LOF,0.037290853681575094,0.026232532643328782,0.9364766136750962
25744,Neutral,0.5694184178503836,0.22194270081559384,0.20863888133402242
25745,LOF,0.07854931583604069,0.07614155268402564,0.8453091314799336
25746,LOF,0.039660127151567956,0.08280469695037163,0.8775351758980603
25747,LOF,0.022671784486197912,0.03787061028247645,0.9394576052313257
25748,LOF,0.10236537447461207,0.05362338995466724,0.8440112355707206
25749,LOF,0.026857997519916427,0.07908114298594043,0.8940608594941432
25750,LOF,0.0850281525619853,0.08813317961457456,0.8268386678234402
25751,LOF,0.09268058919620162,0.052415308167075673,0.8549041026367228
25752,GOF,0.0963505723936716,0.6760867028531198,0.22756272475320855
25753,LOF,0.01986577905867445,0.26815996795954583,0.7119742529817797
25754,GOF,0.010734207969374203,0.7688111466941733,0.2204546453364525
25755,LOF,0.023271823787082504,0.3786809661894608,0.5980472100234567
25756,LOF,0.03721562887684904,0.36421138953737475,0.5985729815857763
25757,GOF,0.013030828368290155,0.8400567690356966,0.14691240259601338
25758,GOF,0.027725420322063658,0.829851855324922,0.14242272435301434
25759,GOF,0.011231464503870133,0.5563721047149497,0.4323964307811802
25760,LOF,0.013229427081700383,0.23304460296614812,0.7537259699521516
25761,GOF,0.25666580321870724,0.6434983591939318,0.09983583758736089
25762,LOF,0.03388659180241274,0.26637617441700046,0.6997372337805868
25763,LOF,0.011930890615719092,0.18848366509538925,0.7995854442888917
25764,GOF,0.0632116139039415,0.6152510755095467,0.3215373105865117
25765,GOF,0.03812256270442739,0.7597528206121107,0.20212461668346188
25766,GOF,0.0546123484937803,0.7852392168192066,0.16014843468701298
25767,GOF,0.1651024296919222,0.45628569582767375,0.37861187448040406
25768,LOF,0.09162665995265004,0.06282433990456543,0.8455490001427846
25769,LOF,0.06310496554165075,0.06891943266320444,0.8679756017951449
25770,LOF,0.2753068540724318,0.09985074073177264,0.6248424051957956
25771,LOF,0.04034977022800757,0.048795830664953986,0.9108543991070385
25772,LOF,0.0161519800130686,0.036379629048224726,0.9474683909387067
25773,LOF,0.047107732513077864,0.08701931100057093,0.8658729564863512
25774,LOF,0.027093061658752682,0.0771191241058946,0.8957878142353527
25775,LOF,0.04596554131665213,0.04981903285436709,0.9042154258289808
25776,LOF,0.06948693661486746,0.028947459140418363,0.9015656042447142
25777,LOF,0.3504247389680714,0.05485137459868594,0.5947238864332426
25778,LOF,0.06533908715426588,0.051256738856985416,0.8834041739887487
25779,GOF,0.36464530553585417,0.5955494014626117,0.03980529300153413
25780,GOF,0.2925560332928165,0.6429825729979222,0.06446139370926135
25781,GOF,0.13629766055404688,0.7608327065410295,0.10286963290492361
25782,GOF,0.20012226440891803,0.738774002402701,0.06110373318838091
25783,GOF,0.0288712738068706,0.6674173958827581,0.30371133031037134
25784,Neutral,0.48979678476862326,0.4734219146713475,0.03678130056002922
25785,GOF,0.4464127839275744,0.5178903373239107,0.03569687874851486
25786,GOF,0.025640550131221056,0.7852655935575988,0.18909385631118028
25787,Neutral,0.6316373843478483,0.3448241445468702,0.023538471105281622
25788,LOF,0.04955201981886923,0.10381326197648544,0.8466347182046454
25789,GOF,0.18895553565958262,0.6867617310998849,0.12428273324053252
25790,GOF,0.22098035664122867,0.6863894429301094,0.09263020042866188
25791,GOF,0.15130888780617438,0.687212286197639,0.16147882599618665
25792,GOF,0.3426044885769308,0.5414734721617458,0.11592203926132338
25793,GOF,0.24698319165305824,0.5563383904541345,0.1966784178928073
25794,GOF,0.28378020414266164,0.5622643040983872,0.15395549175895118
25795,GOF,0.08063604439950461,0.705358777617471,0.21400517798302446
25796,Neutral,0.5337330887058013,0.39062177291157263,0.07564513838262615
25797,GOF,0.09475312392403021,0.583303613627995,0.32194326244797483
25798,GOF,0.009824770731848396,0.5313152461285447,0.4588599831396069
25799,LOF,0.007178814594308869,0.4147174404992415,0.5781037449064497
25800,GOF,0.03323217386441677,0.6228446745990837,0.3439231515364996
25801,GOF,0.19440642464934743,0.6972094085300634,0.10838416682058917
25802,GOF,0.0758357141561132,0.7051049243279252,0.21905936151596175
25803,GOF,0.035760400281036206,0.5982131114118768,0.366026488307087
25804,GOF,0.033309513453490626,0.5076050822240225,0.4590854043224869
25805,GOF,0.09867179715330579,0.6154434477124334,0.28588475513426076
25806,GOF,0.09600336337550519,0.6027624144924905,0.3012342221320043
25807,GOF,0.02072638592509478,0.6480499919663066,0.3312236221085986
25808,GOF,0.08113441008381561,0.6596481577932494,0.259217432122935
25809,GOF,0.017848902379962294,0.6083382259072357,0.3738128717128019
25810,GOF,0.016340210714104048,0.6339206347051336,0.3497391545807623
25811,GOF,0.44023997483704663,0.4847835925814897,0.07497643258146376
25812,GOF,0.029446192381145167,0.6536334364892421,0.3169203711296126
25813,Neutral,0.48359752347578905,0.4269557281257969,0.08944674839841406
25814,GOF,0.09911088170089682,0.6791651721695172,0.22172394612958599
25815,GOF,0.1769592927725316,0.6377477331667063,0.18529297406076217
25816,GOF,0.0209237762854704,0.714706103959975,0.26437011975455466
25817,GOF,0.2189472900441115,0.6462764332740788,0.13477627668180975
25818,GOF,0.0537061127779263,0.7006993999139749,0.2455944873080988
25819,GOF,0.33172209397117564,0.5341082359160887,0.1341696701127356
25820,GOF,0.16873219931946154,0.6380358276821981,0.19323197299834033
25821,GOF,0.05640708089437053,0.7022118650538082,0.2413810540518212
25822,GOF,0.21136977123984516,0.6044468604808737,0.18418336827928097
25823,GOF,0.033617996874949645,0.5779581172146845,0.38842388591036575
25824,GOF,0.09028021150886688,0.6442480794789411,0.26547170901219197
25825,GOF,0.03708002760624543,0.6409668932107346,0.3219530791830199
25826,GOF,0.016573571758338033,0.6092396325709822,0.3741867956706797
25827,GOF,0.024665966019694976,0.627676433301377,0.347657600678928
25828,GOF,0.01379457806092586,0.5499704929737497,0.4362349289653245
25829,GOF,0.005392488042316309,0.574369155010432,0.4202383569472516
25830,LOF,0.035831525944382596,0.2919631440260861,0.6722053300295314
25831,GOF,0.22111641859085868,0.6698351990639869,0.10904838234515439
25832,GOF,0.03317590189046024,0.7231186526966497,0.2437054454128901
25833,GOF,0.11096327031781186,0.7403569429521382,0.14867978673005008
25834,GOF,0.030750682423082955,0.7427725367640873,0.22647678081282974
25835,GOF,0.0626771026274326,0.7789290738246625,0.158393823547905
25836,GOF,0.03212313319072272,0.7049054070585243,0.2629714597507529
25837,GOF,0.030597693414189574,0.6227132499505398,0.3466890566352707
25838,GOF,0.09033790040027265,0.7763664862875782,0.13329561331214898
25839,GOF,0.2730282534612974,0.5949917046627934,0.13198004187590914
25840,GOF,0.23983354343362212,0.6294734117361825,0.13069304483019534
25841,GOF,0.21716611384150428,0.6508315671822994,0.13200231897619624
25842,GOF,0.14484884381974947,0.7455229722915696,0.10962818388868091
25843,GOF,0.18821885926750806,0.7243488925776667,0.08743224815482521
25844,GOF,0.0595469126780813,0.7542046322469426,0.18624845507497614
25845,GOF,0.016035319408263093,0.5316672047649535,0.45229747582678337
25846,GOF,0.11910459530806003,0.7431058521021787,0.1377895525897611
25847,GOF,0.10877635717115361,0.7991577214873284,0.09206592134151802
25848,GOF,0.03783108746076442,0.7387201592375635,0.22344875330167202
25849,GOF,0.01136281647291084,0.6415982376404537,0.34703894588663553
25850,GOF,0.01921257948407226,0.6755331255467228,0.3052542949692049
25851,GOF,0.015283827538643142,0.560157807247344,0.42455836521401286
25852,GOF,0.17341817071008986,0.5668172208516095,0.2597646084383007
25853,GOF,0.3174181695278077,0.6148996861746806,0.0676821442975118
25854,GOF,0.021439031920776917,0.6472204371163993,0.3313405309628239
25855,GOF,0.03412268815908702,0.5811800835585084,0.3846972282824046
25856,GOF,0.22600435249725903,0.5734174873959335,0.20057816010680748
25857,GOF,0.03909852319942859,0.5156482121953505,0.44525326460522086
25858,GOF,0.021000632615753943,0.5590354057480992,0.41996396163614674
25859,GOF,0.010647551358441691,0.525402854466403,0.46394959417515536
25860,GOF,0.34001562594602497,0.5842626619926047,0.07572171206137021
25861,GOF,0.4089316458374216,0.5248013415508149,0.06626701261176343
25862,GOF,0.07735885595102812,0.793796909175737,0.12884423487323488
25863,GOF,0.08149310400970981,0.79770006498245,0.12080683100784005
25864,GOF,0.19779485447692854,0.739210665265838,0.06299448025723345
25865,GOF,0.08095882250684684,0.8186151002917078,0.10042607720144536
25866,GOF,0.05668415053645306,0.7970764044714258,0.14623944499212102
25867,GOF,0.0808143841951888,0.8230603193635668,0.0961252964412445
25868,GOF,0.2240702542735582,0.6826388844320587,0.09329086129438328
25869,Neutral,0.6939557497898734,0.26473072173850665,0.04131352847161987
25870,GOF,0.26676239181472106,0.43163989102713746,0.30159771715814154
25871,GOF,0.21773647404059263,0.666191090101847,0.11607243585756052
25872,GOF,0.08244770720491235,0.6572914914535344,0.26026080134155327
25873,GOF,0.11187918220742182,0.7090326406068237,0.17908817718575445
25874,LOF,0.015112129021968077,0.11497609628807592,0.869911774689956
25875,LOF,0.0954255948018292,0.043742671606010676,0.8608317335921601
25876,LOF,0.03458211668376606,0.02861576829040453,0.9368021150258293
25877,Neutral,0.5005274901358084,0.03771491946510832,0.4617575903990833
25878,LOF,0.235133615484968,0.08787765013840688,0.6769887343766251
25879,LOF,0.08503459162926605,0.08710222441329772,0.8278631839574362
25880,LOF,0.04133791000477537,0.0141742243192636,0.944487865675961
25881,LOF,0.16612393737485867,0.1170258997537056,0.7168501628714357
25882,LOF,0.06668226699781642,0.015919637179770275,0.9173980958224133
25883,LOF,0.06271367168266982,0.019179937862280675,0.9181063904550495
25884,LOF,0.032377059867284216,0.02885072799291285,0.938772212139803
25885,LOF,0.0651506193646925,0.011168810355667254,0.9236805702796402
25886,LOF,0.26095644693295755,0.036102855857867315,0.7029406972091751
25887,LOF,0.14930202556643266,0.06628804249093996,0.7844099319426274
25888,LOF,0.060912090953125116,0.061815791814926704,0.8772721172319482
25889,LOF,0.03900457700466533,0.01895616525930126,0.9420392577360335
25890,LOF,0.04768272338405681,0.14695366884342986,0.8053636077725133
25891,LOF,0.04034708096120286,0.04735904986693876,0.9122938691718583
25892,LOF,0.08115691261660243,0.02317837468967981,0.8956647126937176
25893,LOF,0.23532886696906732,0.01947465101169897,0.7451964820192338
25894,LOF,0.17410992059184663,0.010611196775278513,0.8152788826328747
25895,LOF,0.1853645751030025,0.02099754267080284,0.7936378822261947
25896,LOF,0.04663172362700569,0.02236937020348116,0.9309989061695132
25897,LOF,0.2754197692273787,0.012855243284502002,0.7117249874881193
25898,Neutral,0.7145344166377566,0.010108938371679177,0.2753566449905644
25899,LOF,0.21726358099731904,0.024554798322820447,0.7581816206798605
25900,LOF,0.4370207414461657,0.01375750128882942,0.5492217572650048
25901,LOF,0.04771871394079122,0.01287221990669189,0.939409066152517
25902,LOF,0.14979513212815074,0.01486201008996227,0.835342857781887
25903,Neutral,0.5731208098742812,0.029624777088912483,0.3972544130368064
25904,LOF,0.2971780980792991,0.042605918301466844,0.6602159836192341
25905,LOF,0.025244558457094474,0.3549685372746493,0.6197869042682562
25906,LOF,0.02969470218068513,0.07094328635196387,0.8993620114673511
25907,LOF,0.014187784808985868,0.33007052114818575,0.6557416940428283
25908,LOF,0.009838945528675676,0.26951498287555387,0.7206460715957705
25909,LOF,0.012755819194642385,0.12152367102355262,0.865720509781805
25910,LOF,0.04800836595603227,0.1529003845770822,0.7990912494668855
25911,LOF,0.1758527556327627,0.035943879323451236,0.788203365043786
25912,LOF,0.04602132984438831,0.06086043950975949,0.8931182306458522
25913,LOF,0.33072952940982336,0.03086129538995452,0.6384091752002221
25914,LOF,0.020512826185463094,0.05338447676464063,0.9261026970498962
25915,Neutral,0.5773410235396421,0.14399351388374484,0.27866546257661295
25916,LOF,0.08422559222569424,0.17416907235311704,0.7416053354211887
25917,LOF,0.06856099938108594,0.04049692958431773,0.8909420710345964
25918,LOF,0.021953578450659164,0.03245407728101376,0.9455923442683271
25919,LOF,0.020024236024170815,0.03424718950315132,0.9457285744726779
25920,GOF,0.1154237746613151,0.4965790515060293,0.38799717383265564
25921,LOF,0.022975967228987773,0.03963745442118079,0.9373865783498315
25922,LOF,0.03127804173335625,0.028197592150636108,0.9405243661160078
25923,LOF,0.46316812814661734,0.03629884837651932,0.5005330234768633
25924,LOF,0.03444922636336457,0.04637995685040041,0.9191708167862349
25925,LOF,0.0691056187608269,0.03957887930267554,0.8913155019364976
25926,LOF,0.04928384048882157,0.03752028597191671,0.9131958735392617
25927,LOF,0.05574716684875519,0.15020001980663564,0.7940528133446092
25928,LOF,0.01724564140344894,0.053030388469577285,0.9297239701269737
25929,Neutral,0.5870960312825982,0.03817090947858882,0.374733059238813
25930,LOF,0.06860777376244408,0.03111536527524581,0.9002768609623102
25931,LOF,0.023470111881583922,0.03392441476859918,0.9426054733498169
25932,LOF,0.025853956292142686,0.02805698511518129,0.946089058592676
25933,LOF,0.03640523882409715,0.019322838138486582,0.9442719230374162
25934,LOF,0.02198493895614366,0.021327577488447443,0.9566874835554088
25935,LOF,0.0626013014198176,0.04916580518052406,0.8882328933996584
25936,LOF,0.040959344147633824,0.023668784958344517,0.9353718708940216
25937,LOF,0.02569445427200914,0.03745504721565728,0.9368504985123336
25938,LOF,0.06307443342421958,0.049718163441594194,0.8872074031341863
25939,LOF,0.040021291512032785,0.021254519254808812,0.9387241892331584
25940,LOF,0.03635588048768278,0.33406223042912075,0.6295818890831966
25941,LOF,0.1791657801967325,0.09540028754740917,0.7254339322558583
25942,LOF,0.013115882353599556,0.031134446673710358,0.95574967097269
25943,LOF,0.3234141702907346,0.051731828443808595,0.6248540012654569
25944,Neutral,0.5116575643241965,0.02102016238123351,0.46732227329457005
25945,LOF,0.07460999261132,0.018417691785396543,0.9069723156032835
25946,LOF,0.030015577650125483,0.10576997353099953,0.864214448818875
25947,LOF,0.10978073967299033,0.18397714854463157,0.7062421117823782
25948,LOF,0.3547024598566451,0.008421437877756002,0.6368761022655989
25949,LOF,0.12546939729867054,0.0394325448178118,0.8350980578835177
25950,GOF,0.3440758358612961,0.36280989540533837,0.29311426873336544
25951,LOF,0.18158706625366425,0.2629098157725138,0.5555031179738219
25952,LOF,0.04499140643181965,0.4425147254012055,0.5124938681669748
25953,LOF,0.15173623983579104,0.12076800908760926,0.7274957510765997
25954,Neutral,0.41057850458742684,0.1824840026338735,0.4069374927786996
25955,LOF,0.05851531362405152,0.07904652165307131,0.8624381647228772
25956,LOF,0.1536512809915821,0.11072503243869927,0.7356236865697187
25957,LOF,0.03587541546590279,0.029931492629283043,0.9341930919048143
25958,LOF,0.05491545654143541,0.02738111759938215,0.9177034258591825
25959,LOF,0.06879704017143509,0.34320455516993975,0.5879984046586251
25960,LOF,0.015520424376432581,0.053874989818074454,0.9306045858054929
25961,LOF,0.04100648786898336,0.027368533799922976,0.9316249783310936
25962,LOF,0.051955192205909495,0.02222188765805101,0.9258229201360394
25963,LOF,0.047256232727934104,0.1857773404384033,0.7669664268336627
25964,LOF,0.033075589218801604,0.1560388701032316,0.8108855406779668
25965,LOF,0.441937129608529,0.06334042824577392,0.49472244214569716
25966,Neutral,0.4827542864367425,0.1993077542151458,0.3179379593481117
25967,LOF,0.016431933431869918,0.11339609733589451,0.8701719692322355
25968,LOF,0.035502045278880096,0.38080463783784346,0.5836933168832765
25969,LOF,0.0329132189416052,0.06268025381630157,0.9044065272420931
25970,LOF,0.06392566155382148,0.055626424097383435,0.880447914348795
25971,LOF,0.06692964569744679,0.020261464519392116,0.9128088897831611
25972,LOF,0.06672350716430789,0.029744801446722775,0.9035316913889694
25973,LOF,0.07861729122055715,0.009957864620821467,0.9114248441586215
25974,LOF,0.18106990156133612,0.015770892820002023,0.8031592056186619
25975,LOF,0.04680670982393065,0.028673857412195112,0.9245194327638742
25976,LOF,0.0408425950173722,0.01660302314959291,0.9425543818330347
25977,LOF,0.15495879671002813,0.09528140944611174,0.7497597938438602
25978,LOF,0.15447740076735558,0.08545604290325608,0.7600665563293884
25979,LOF,0.1392352968179306,0.08621387135769164,0.7745508318243778
25980,LOF,0.22802112296552032,0.11323227239952745,0.6587466046349523
25981,LOF,0.26145679332912103,0.11263964829238322,0.6259035583784958
25982,LOF,0.411283751348619,0.07796513925675978,0.5107511093946212
25983,LOF,0.37996860802941484,0.08817599913627033,0.5318553928343148
25984,LOF,0.04863716506441459,0.0518788866162841,0.8994839483193013
25985,LOF,0.03985822824490429,0.29414539455215605,0.6659963772029396
25986,LOF,0.04440037960779624,0.3374520877854237,0.6181475326067801
25987,LOF,0.09003357025744688,0.07152053165364904,0.838445898088904
25988,LOF,0.17057889642965104,0.05935168904099531,0.7700694145293537
25989,LOF,0.03549378798226869,0.12179533183329495,0.8427108801844365
25990,LOF,0.04104104074989297,0.15912684592661233,0.7998321133234948
25991,LOF,0.13183788711603125,0.2322710687758996,0.6358910441080692
25992,LOF,0.28653570370799436,0.13770730467414438,0.5757569916178613
25993,LOF,0.021612197839685165,0.07283231529208462,0.9055554868682303
25994,LOF,0.016727765809525764,0.09037215140719312,0.892900082783281
25995,LOF,0.021858280405904745,0.18996001127069825,0.788181708323397
25996,GOF,0.30977076379313545,0.3871879471460859,0.30304128906077865
25997,LOF,0.0844273259736187,0.36182699200910373,0.5537456820172775
25998,Neutral,0.5408626069681255,0.022361540996973038,0.43677585203490155
25999,LOF,0.09665141133762344,0.0906280380500424,0.8127205506123341
26000,LOF,0.15032968734104296,0.05093018273001262,0.7987401299289445
26001,LOF,0.21361003592483732,0.049665236086331915,0.7367247279888308
26002,LOF,0.1212480575831278,0.046715520449145724,0.8320364219677264
26003,GOF,0.009586200220999605,0.5852306642009674,0.4051831355780329
26004,GOF,0.020951004045988136,0.6827683001652028,0.296280695788809
26005,LOF,0.005710848757105358,0.45257982634187227,0.5417093249010224
26006,Neutral,0.47218104062805694,0.2735356625466033,0.25428329682533984
26007,GOF,0.01930560273334289,0.526289746735001,0.4544046505316562
26008,GOF,0.01631299563705366,0.5891272304882386,0.39455977387470786
26009,GOF,0.019160047831895673,0.6843178142677329,0.2965221379003714
26010,GOF,0.022408242120999834,0.6249047297314452,0.35268702814755504
26011,LOF,0.006521724634379019,0.42336854996181983,0.5701097254038011
26012,GOF,0.012171427280184765,0.5434413147863723,0.4443872579334429
26013,GOF,0.01833650216643,0.6004952197681588,0.3811682780654112
26014,LOF,0.03933201022726946,0.11088769726105376,0.8497802925116769
26015,LOF,0.15628764524230312,0.01695346476813698,0.8267588899895599
26016,LOF,0.19689433151379232,0.0640086653767245,0.7390970031094831
26017,LOF,0.21870760964956334,0.1068211515666145,0.6744712387838221
26018,LOF,0.08181433077477024,0.04117839725287753,0.8770072719723522
26019,LOF,0.07776205501460703,0.03323905180609703,0.8889988931792959
26020,LOF,0.06598398763851052,0.11592975453591439,0.8180862578255751
26021,LOF,0.048106136369094055,0.11796541183332213,0.8339284517975839
26022,LOF,0.010645363256331343,0.04594135207515462,0.9434132846685142
26023,LOF,0.0712265851741482,0.0269691669808298,0.901804247845022
26024,LOF,0.032951631457133465,0.12420857095159725,0.8428397975912694
26025,LOF,0.1582948994225133,0.09758071920835848,0.7441243813691283
26026,LOF,0.33863428044335697,0.030491493700370218,0.6308742258562728
26027,LOF,0.06216389227086773,0.020114748287897676,0.9177213594412347
26028,LOF,0.17016972479540032,0.06186759971426864,0.7679626754903311
26029,LOF,0.06694304408872809,0.17153658656598147,0.7615203693452904
26030,LOF,0.021115716383237754,0.03688764335067344,0.9419966402660889
26031,LOF,0.026555823090328386,0.11738975960778256,0.856054417301889
26032,LOF,0.0658972691647317,0.055904286371646184,0.878198444463622
26033,LOF,0.08694717780718529,0.05500465902582516,0.8580481631669896
26034,LOF,0.040512138716592774,0.1385728460330949,0.8209150152503123
26035,LOF,0.025893055097049384,0.1336392540398972,0.8404676908630533
26036,LOF,0.03758629998351649,0.15878651858409665,0.8036271814323869
26037,LOF,0.02088098848408785,0.10881148252461931,0.8703075289912929
26038,LOF,0.06200318976708273,0.05707118399862334,0.8809256262342938
26039,LOF,0.0494977069342517,0.13019604828599296,0.8203062447797552
26040,LOF,0.22176223274628262,0.10160051132908689,0.6766372559246304
26041,LOF,0.02179724643728149,0.09483140349849363,0.8833713500642248
26042,LOF,0.020383387003939643,0.09021437854974584,0.8894022344463145
26043,LOF,0.06302226374807152,0.0647539975511538,0.8722237387007747
26044,LOF,0.01817328474092637,0.04775643696475657,0.934070278294317
26045,LOF,0.07079156686039251,0.08540953757593796,0.8437988955636696
26046,LOF,0.05770654971751652,0.054608646566314555,0.887684803716169
26047,LOF,0.07783317488871162,0.056935487992377354,0.8652313371189111
26048,LOF,0.04252439614694181,0.03492883820574277,0.9225467656473154
26049,Neutral,0.9659645861771551,0.005964345952905927,0.02807106786993893
26050,Neutral,0.9513127193091307,0.0071816101217665055,0.04150567056910278
26051,LOF,0.04435482228129721,0.283920576917364,0.6717246008013387
26052,LOF,0.05889023015044593,0.3245202901923623,0.6165894796571918
26053,LOF,0.05258288590131538,0.1404374827134618,0.8069796313852229
26054,LOF,0.048166191459320606,0.016368529844953843,0.9354652786957256
26055,LOF,0.07013475398205025,0.014412196676043374,0.9154530493419063
26056,LOF,0.05898274312735964,0.01606674998613159,0.9249505068865088
26057,LOF,0.029846847122933,0.01210083673434316,0.9580523161427238
26058,LOF,0.03061196957426584,0.010007322834901421,0.9593807075908327
26059,LOF,0.27928046249578264,0.02046178986000403,0.7002577476442133
26060,LOF,0.04294217956642299,0.1811234944288957,0.7759343260046813
26061,LOF,0.01687350668245102,0.012962969960507139,0.9701635233570419
26062,LOF,0.009977740266752865,0.018829748032267425,0.9711925117009796
26063,LOF,0.019431332709664174,0.010904650741729617,0.9696640165486061
26064,LOF,0.022312101344993365,0.028760454508820258,0.9489274441461863
26065,LOF,0.024007228893093886,0.012076308847857622,0.9639164622590486
26066,LOF,0.019424950635003133,0.010906401849980586,0.9696686475150162
26067,LOF,0.026220088563595315,0.008577884694223015,0.9652020267421817
26068,LOF,0.042751029866347275,0.025814353506760382,0.9314346166268924
26069,LOF,0.2657625032031255,0.01725205781734707,0.7169854389795274
26070,LOF,0.4166119337850346,0.013664087777324176,0.5697239784376411
26071,LOF,0.019289434922640656,0.011632764231054927,0.9690778008463045
26072,LOF,0.017814334272166367,0.01785524558061025,0.9643304201472234
26073,LOF,0.019254388269746518,0.011384576022024591,0.969361035708229
26074,Neutral,0.9154792439860544,0.005227580094317594,0.07929317591962799
26075,LOF,0.04279175921198581,0.01302577063098364,0.9441824701570306
26076,LOF,0.03731306437674374,0.008694728624413017,0.9539922069988431
26077,LOF,0.009164497433122823,0.013786884103287647,0.9770486184635896
26078,LOF,0.013738856383724449,0.012136186660856273,0.9741249569554193
26079,LOF,0.05833168731777824,0.015031160557924323,0.9266371521242974
26080,LOF,0.057190925371241645,0.01504835174935413,0.9277607228794041
26081,LOF,0.03437470486735311,0.007171713007077659,0.9584535821255693
26082,LOF,0.013524630106157053,0.014549439298798771,0.9719259305950442
26083,LOF,0.17417193868754802,0.014108253509433483,0.8117198078030186
26084,LOF,0.042862535765674406,0.011705494285476778,0.9454319699488489
26085,LOF,0.03809036324997679,0.011272248290310845,0.9506373884597124
26086,LOF,0.01920019734858539,0.0115741082608174,0.9692256943905971
26087,LOF,0.022634152025892862,0.008956842507288752,0.9684090054668184
26088,LOF,0.014195078150414143,0.026323929503852796,0.959480992345733
26089,LOF,0.040300311655574746,0.02064833968307623,0.939051348661349
26090,LOF,0.04011221128311474,0.016621579681985223,0.9432662090349
26091,LOF,0.030472791480533484,0.006260068434347757,0.9632671400851187
26092,LOF,0.0217065446062402,0.008008247963355657,0.970285207430404
26093,LOF,0.03208237818766098,0.006617937274507284,0.9612996845378317
26094,LOF,0.03252061695241056,0.006018114581253207,0.9614612684663362
26095,LOF,0.03600676668385582,0.012857168770876004,0.9511360645452682
26096,LOF,0.01573226149578879,0.011644282055337825,0.9726234564488734
26097,LOF,0.011507812444932245,0.03921315617529811,0.9492790313797698
26098,LOF,0.07939305368977613,0.010329897640444124,0.9102770486697798
26099,LOF,0.019146528289183173,0.011890898417787852,0.968962573293029
26100,LOF,0.020902937260284648,0.011529424924989257,0.9675676378147261
26101,LOF,0.04460725871508098,0.01587114678125015,0.9395215945036689
26102,LOF,0.01931132072246736,0.012353571087855158,0.9683351081896775
26103,Neutral,0.8855027587386807,0.017880274657081977,0.09661696660423741
26104,LOF,0.07583963905229102,0.02353131263432948,0.9006290483133795
26105,LOF,0.21235538336257997,0.27856911389628075,0.5090755027411393
26106,LOF,0.15368762609270628,0.1267657708943263,0.7195466030129675
26107,LOF,0.24381814918912886,0.08167155399857948,0.6745102968122918
26108,LOF,0.214084466116927,0.1000996097209909,0.6858159241620821
26109,LOF,0.07982537901363536,0.051382588422102145,0.8687920325642625
26110,LOF,0.20843769598351716,0.007031300727815119,0.7845310032886678
26111,Neutral,0.5077287776362325,0.028331269528421844,0.4639399528353457
26112,LOF,0.03199323032338804,0.007936991826496622,0.9600697778501154
26113,LOF,0.06450482193088701,0.01794496680316586,0.917550211265947
26114,LOF,0.02473677565401944,0.037151204788370515,0.9381120195576099
26115,LOF,0.08747601178100221,0.06153241032840867,0.8509915778905891
26116,LOF,0.06159288358706371,0.07225097320690684,0.8661561432060295
26117,LOF,0.43377720167404854,0.04301217997365887,0.5232106183522925
26118,LOF,0.0322229272951432,0.025244256708308654,0.9425328159965481
26119,LOF,0.02617819251601276,0.03474412337689058,0.9390776841070966
26120,LOF,0.025078885340298753,0.01969285064945655,0.9552282640102446
26121,LOF,0.041781479059611694,0.08641339348269698,0.8718051274576913
26122,LOF,0.04329827930798111,0.038201304229308654,0.9185004164627102
