feature0,prediction,LoGoFunc_Neutral,LoGoFunc_GOF,LoGoFunc_LOF
25546,Neutral,0.6078147879414388,0.06408340325585088,0.3281018088027103
25547,Neutral,0.4570416169797878,0.10837050064722997,0.43458788237298224
25548,Neutral,0.48107986506456746,0.08633793150520937,0.4325822034302232
25549,LOF,0.4003820393251406,0.08859732487907646,0.5110206357957829
25550,LOF,0.34245039259824994,0.11274862773853465,0.5448009796632155
25551,LOF,0.310274601233057,0.11803595365586114,0.5716894451110819
25552,LOF,0.2590098979174453,0.11681480919870393,0.6241752928838508
25553,Neutral,0.8002985198393097,0.04716056099869353,0.15254091916199686
25554,LOF,0.29711827214119213,0.10715232036574779,0.59572940749306
25555,LOF,0.25143156985452303,0.10230046346118607,0.6462679666842909
25556,Neutral,0.4536465388581895,0.09515946621467135,0.45119399492713924
25557,LOF,0.24121017276267462,0.10901277434441509,0.6497770528929103
25558,LOF,0.29818957634054855,0.10531764781579107,0.5964927758436603
25559,LOF,0.2634954347283154,0.14788230757261905,0.5886222576990656
25560,LOF,0.1833106691349854,0.107236183990519,0.7094531468744957
25561,LOF,0.17902480293768377,0.13475280202411238,0.6862223950382038
25562,LOF,0.0826411178027251,0.08668324444116571,0.8306756377561092
25563,LOF,0.028053137847888827,0.14112687358039014,0.830819988571721
25564,LOF,0.23295573968477826,0.11309728264631562,0.6539469776689062
25565,LOF,0.19949530018966316,0.16895527168125735,0.6315494281290795
25566,GOF,0.10224651933646288,0.7035196125053106,0.19423386815822635
25567,LOF,0.04434402838009813,0.14484256753974567,0.8108134040801561
25568,LOF,0.06507120583808768,0.07003776574458716,0.8648910284173251
25569,LOF,0.06185300087608547,0.07322634047277554,0.864920658651139
25570,LOF,0.030672379259047124,0.09867465689488962,0.8706529638460632
25571,LOF,0.02952345106840853,0.09845457692487801,0.8720219720067135
25572,LOF,0.06248948228821054,0.11175073812569734,0.8257597795860921
25573,LOF,0.06693814220724664,0.08666744027466197,0.8463944175180913
25574,LOF,0.06297299311612144,0.19865986931429563,0.738367137569583
25575,LOF,0.024900697736059428,0.10976875689449149,0.8653305453694491
25576,LOF,0.03231831027143032,0.14273008186724137,0.8249516078613284
25577,LOF,0.03204124588451492,0.1230039773581085,0.8449547767573766
25578,LOF,0.29761179103043484,0.0848075975593216,0.6175806114102436
25579,LOF,0.1409712063653041,0.09002280991960784,0.7690059837150881
25580,LOF,0.022172840289042543,0.0805880457699508,0.8972391139410067
25581,LOF,0.05632324045354934,0.06709253335059624,0.8765842261958544
25582,LOF,0.05608874012273443,0.06566953882556824,0.8782417210516972
25583,LOF,0.024641436472541245,0.07914806214340409,0.8962105013840546
25584,Neutral,0.6757375604441123,0.10656785579235556,0.21769458376353218
25585,LOF,0.02923845166706831,0.13900071681522344,0.8317608315177083
25586,LOF,0.019474032771801028,0.06797192031295905,0.91255404691524
25587,LOF,0.0188167719053024,0.06280383553209183,0.9183793925626057
25588,LOF,0.023412060210027424,0.06890004924941713,0.9076878905405554
25589,Neutral,0.4980756713431298,0.22696168846504364,0.27496264019182665
25590,LOF,0.048696523467203996,0.11840194621070108,0.8329015303220949
25591,LOF,0.10376977665032548,0.05883221070634935,0.8373980126433251
25592,LOF,0.05347144416388879,0.13143618774787272,0.8150923680882385
25593,LOF,0.14411604645026763,0.2622318444571892,0.5936521090925432
25594,LOF,0.05228308270576258,0.11344873897512935,0.834268178319108
25595,LOF,0.04875214439438174,0.08098708757628109,0.8702607680293372
25596,LOF,0.10653478311277119,0.047411970831836625,0.8460532460553921
25597,LOF,0.08510721015786574,0.06156266864205853,0.8533301212000757
25598,LOF,0.05442718761091057,0.08303458192530844,0.862538230463781
25599,LOF,0.02088347261782547,0.4885390639533947,0.49057746342877984
25600,GOF,0.18683382707538057,0.48828576630052417,0.3248804066240952
25601,LOF,0.040618019093222046,0.41932618883817524,0.5400557920686028
25602,LOF,0.029507556323644647,0.07420360716286413,0.8962888365134912
25603,LOF,0.032084850859613004,0.0385444913791289,0.929370657761258
25604,LOF,0.03116258598535738,0.07882605221830362,0.890011361796339
25605,LOF,0.03053689027674959,0.18061068091531207,0.7888524288079383
25606,LOF,0.39852329370425027,0.10956957917606162,0.4919071271196879
25607,LOF,0.02439420655989121,0.17352827674548144,0.8020775166946273
25608,LOF,0.029334756285502975,0.08277922674315508,0.887886016971342
25609,GOF,0.12707369197139837,0.5073169307088263,0.36560937731977533
25610,LOF,0.0161458039283014,0.028339519562706965,0.9555146765089917
25611,LOF,0.014217882730006931,0.031448861010998565,0.9543332562589945
25612,LOF,0.049005699961607564,0.043988813912311076,0.9070054861260815
25613,LOF,0.044883151037697896,0.04313696824395627,0.9119798807183458
25614,LOF,0.02236822377233709,0.025264508150036613,0.9523672680776264
25615,LOF,0.03891108342057368,0.04575742755278139,0.915331489026645
25616,LOF,0.0522022995889149,0.029955863194313002,0.917841837216772
25617,LOF,0.04609801894419658,0.04072690735966143,0.9131750736961419
25618,LOF,0.04728190972607397,0.035699174816750404,0.9170189154571756
25619,LOF,0.013340018908866377,0.033684279968868205,0.9529757011222655
25620,LOF,0.06724511347487185,0.04471001074337214,0.8880448757817561
25621,LOF,0.052829523432666385,0.03836897632680971,0.908801500240524
25622,LOF,0.060359024497563744,0.033836683593254875,0.9058042919091814
25623,LOF,0.07279258949775877,0.02767676543439852,0.8995306450678427
25624,LOF,0.018330259767028925,0.033779012020810364,0.9478907282121606
25625,LOF,0.05913495604723993,0.04181951860868886,0.8990455253440712
25626,LOF,0.04668290960878248,0.04318395954687728,0.9101331308443403
25627,Neutral,0.8957463885077555,0.020011629531168324,0.08424198196107623
25628,LOF,0.13634209616356047,0.05962780807615042,0.8040300957602892
25629,LOF,0.06648918566789883,0.0455236827214246,0.8879871316106767
25630,LOF,0.28438045784702787,0.08056547693722742,0.6350540652157447
25631,Neutral,0.5538626972200249,0.07120140564957088,0.3749358971304042
25632,LOF,0.026500623497472415,0.06103493100187953,0.912464445500648
25633,LOF,0.18449997770115414,0.03689624377707075,0.7786037785217751
25634,LOF,0.031822317275387126,0.0797980752285184,0.8883796074960946
25635,LOF,0.03726723617678591,0.041030188450938386,0.9217025753722757
25636,LOF,0.03313618662890066,0.39899258179880165,0.5678712315722978
25637,LOF,0.07266013434500584,0.4089761064696315,0.5183637591853627
25638,LOF,0.02873827435878346,0.3119417840354424,0.6593199416057741
25639,LOF,0.029813269711925328,0.33967187122794934,0.6305148590601254
25640,Neutral,0.8130693994142623,0.14052034650780126,0.0464102540779364
25641,GOF,0.0690284223556575,0.5015494765952143,0.42942210104912826
25642,LOF,0.03798207150632635,0.16811260028711625,0.7939053282065573
25643,LOF,0.20532264981843398,0.14702923127493786,0.6476481189066281
25644,LOF,0.02430765128794245,0.4313842246692387,0.5443081240428188
25645,LOF,0.029669426565682992,0.37689706510086785,0.5934335083334491
25646,LOF,0.06774285937387065,0.3099522146433426,0.6223049259827867
25647,LOF,0.029493804271727774,0.24935181611178692,0.7211543796164854
25648,LOF,0.03947874614056863,0.2342808973713615,0.7262403564880698
25649,LOF,0.020166284780876995,0.2320147128490561,0.7478190023700669
25650,LOF,0.05587621623260056,0.37867730169886693,0.5654464820685325
25651,LOF,0.019455088577878213,0.26531739393828324,0.7152275174838385
25652,LOF,0.04300381067309506,0.25281102513561743,0.7041851641912875
25653,LOF,0.10576994074942901,0.38110384241300954,0.5131262168375615
25654,LOF,0.030687724198050482,0.21666938830537205,0.7526428874965774
25655,LOF,0.23714381263891604,0.36334755481576414,0.3995086325453197
25656,LOF,0.3565837654589561,0.04963511825157369,0.5937811162894702
25657,LOF,0.06218328507952239,0.051501426049154204,0.8863152888713234
25658,LOF,0.296528042580659,0.06155395238369961,0.6419180050356413
25659,Neutral,0.5362238067479713,0.07837322629247334,0.38540296695955534
25660,LOF,0.020459141343044978,0.08244519774572187,0.8970956609112332
25661,LOF,0.0971102047191894,0.06196310799100544,0.8409266872898051
25662,LOF,0.03309781354562796,0.03433413695323614,0.9325680495011359
25663,LOF,0.04374966002318728,0.04876501614677682,0.907485323830036
25664,LOF,0.13101793914268753,0.07122790793693663,0.7977541529203759
25665,LOF,0.053938738751175865,0.03196462861494618,0.914096632633878
25666,LOF,0.08410662902985663,0.08610483006641509,0.8297885409037283
25667,LOF,0.07751857892326179,0.03936270381421165,0.8831187172625267
25668,LOF,0.03615011322592354,0.04970026879402279,0.9141496179800537
25669,LOF,0.032358900909860516,0.0521500018822903,0.9154910972078493
25670,LOF,0.14812579068806958,0.06298179595838119,0.7888924133535492
25671,LOF,0.11991026145037147,0.03618745306631675,0.8439022854833118
25672,LOF,0.05076415040176829,0.04456275358478883,0.9046730960134429
25673,LOF,0.07413217237425214,0.04848006394762777,0.87738776367812
25674,LOF,0.0657476092225009,0.05651509358509878,0.8777372971924005
25675,LOF,0.11948975487892256,0.05654455669516842,0.8239656884259091
25676,LOF,0.019277719100493567,0.0568163655692705,0.9239059153302358
25677,LOF,0.02558198384363463,0.07300454451803709,0.9014134716383282
25678,LOF,0.2156641251094897,0.0622544266066572,0.722081448283853
25679,LOF,0.1198188167879608,0.08702604971760139,0.7931551334944378
25680,LOF,0.03238471727283603,0.12172525413893781,0.8458900285882262
25681,LOF,0.050579975282467236,0.11743507777645415,0.8319849469410786
25682,LOF,0.14777580927613665,0.07882631090317352,0.7733978798206899
25683,LOF,0.11181571182488328,0.09250861454673666,0.7956756736283801
25684,LOF,0.04464302069710233,0.07453153851823484,0.8808254407846627
25685,LOF,0.13189695661409556,0.05456459780625145,0.8135384455796528
25686,LOF,0.08045193883946025,0.0828622147231267,0.8366858464374131
25687,LOF,0.12271845275412521,0.08625003103056442,0.7910315162153103
25688,LOF,0.31657171026969183,0.03786943608148691,0.6455588536488213
25689,LOF,0.22074888347491528,0.038488259803921954,0.7407628567211628
25690,LOF,0.3282748610665369,0.027803188680864815,0.6439219502525982
25691,Neutral,0.6760164775350908,0.022296880283025258,0.30168664218188396
25692,LOF,0.3243928238313961,0.009695659221730234,0.6659115169468737
25693,LOF,0.04375550634147538,0.43069629724212355,0.5255481964164012
25694,LOF,0.10591210785807527,0.014853953295413077,0.8792339388465116
25695,LOF,0.11048313955670881,0.014055710171082782,0.8754611502722083
25696,LOF,0.1360439771456137,0.008334322992824742,0.8556216998615617
25697,LOF,0.08783621597215112,0.03123786280631081,0.8809259212215381
25698,LOF,0.33631836152214434,0.21059317756484067,0.453088460913015
25699,LOF,0.41344206822929,0.03945619762286199,0.547101734147848
25700,LOF,0.07406113424560226,0.008354418737539383,0.9175844470168585
25701,LOF,0.13835565932609625,0.054742637252954286,0.8069017034209495
25702,GOF,0.17190881792383852,0.5925622024928625,0.23552897958329905
25703,LOF,0.01536918054812269,0.15635586314789804,0.8282749563039792
25704,LOF,0.04306153389459639,0.1074291888308055,0.8495092772745981
25705,LOF,0.052696491900868905,0.1550653313002853,0.7922381767988458
25706,LOF,0.1092556851088889,0.40445475195078356,0.48628956294032755
25707,LOF,0.09379331888292021,0.3295010336722624,0.5767056474448174
25708,LOF,0.031218331654097688,0.2860749037829386,0.6827067645629636
25709,LOF,0.07358240936835748,0.04265930463306896,0.8837582859985735
25710,LOF,0.011671823052858772,0.1468677213821966,0.8414604555649446
25711,LOF,0.02011096068800419,0.09903001848845112,0.8808590208235446
25712,LOF,0.013676165964912288,0.188484389760562,0.7978394442745257
25713,LOF,0.020172140025006485,0.08497742891081192,0.8948504310641817
25714,LOF,0.08144643030142767,0.07769244050996242,0.8408611291886099
25715,LOF,0.012032661249491348,0.14507439791340357,0.8428929408371051
25716,LOF,0.013658289792587444,0.10798383209668957,0.8783578781107231
25717,LOF,0.01160592815068769,0.08051764737535765,0.9078764244739547
25718,LOF,0.013103303506472033,0.0966197085800598,0.8902769879134681
25719,LOF,0.018862070043527097,0.08178085828810618,0.8993570716683668
25720,LOF,0.025247277081901817,0.0681443144774943,0.9066084084406039
25721,LOF,0.01608669654469164,0.11440506225455806,0.8695082412007503
25722,LOF,0.01488394086292198,0.12277683966292106,0.8623392194741569
25723,LOF,0.024738403816265058,0.04235216493428636,0.9329094312494486
25724,LOF,0.03415701569927029,0.09186664024741857,0.8739763440533111
25725,LOF,0.012415011562774,0.068316435847705,0.919268552589521
25726,LOF,0.016698762433648717,0.0959351833685274,0.8873660541978239
25727,LOF,0.013822740894370088,0.07314917848414797,0.913028080621482
25728,LOF,0.01047402603755223,0.11946932165283322,0.8700566523096145
25729,LOF,0.01106624193003161,0.11274793239999235,0.876185825669976
25730,LOF,0.014668624262635217,0.08526266526958279,0.900068710467782
25731,LOF,0.021517421777652344,0.10721801565456367,0.871264562567784
25732,LOF,0.015395580122179226,0.07571647324063106,0.9088879466371896
25733,LOF,0.01764124964239927,0.07199899309841826,0.9103597572591825
25734,LOF,0.011774630832451895,0.11514763249258016,0.8730777366749679
25735,LOF,0.014327409961993751,0.08674453221647273,0.8989280578215335
25736,LOF,0.01569341236870874,0.10385474799195848,0.8804518396393328
25737,LOF,0.013193956406506537,0.08226217948713464,0.9045438641063589
25738,LOF,0.012866724331964336,0.11027236537001946,0.8768609102980162
25739,LOF,0.021978021101782694,0.08061046784065219,0.8974115110575651
25740,LOF,0.027383498975648415,0.11167439201835416,0.8609421090059974
25741,LOF,0.015343402602658408,0.12148590268083202,0.8631706947165096
25742,LOF,0.1349189463624422,0.08672428962123259,0.7783567640163251
25743,LOF,0.03158733467129773,0.03489673453957883,0.9335159307891234
25744,Neutral,0.5656681559179845,0.17643415070491017,0.2578976933771055
25745,LOF,0.07449025993362753,0.06704760290482567,0.8584621371615467
25746,LOF,0.041797493334717585,0.08145481173184925,0.8767476949334332
25747,LOF,0.022478600840997835,0.0473016605267663,0.9302197386322358
25748,LOF,0.09333882334718772,0.06893869710908225,0.8377224795437299
25749,LOF,0.025693720049034703,0.08003492365732676,0.8942713562936385
25750,LOF,0.08292161146701225,0.08126719395254421,0.8358111945804435
25751,LOF,0.092040197898659,0.07202694096024403,0.8359328611410969
25752,GOF,0.11564171312099768,0.6487784288431134,0.23557985803588896
25753,LOF,0.018292995600018225,0.2691876198713257,0.712519384528656
25754,GOF,0.010907383411666095,0.7852856198799095,0.20380699670842434
25755,LOF,0.023062469396852952,0.4016633227093656,0.5752742078937815
25756,LOF,0.040139209460939976,0.3808568886650767,0.5790039018739832
25757,GOF,0.013210563427207049,0.830385328649633,0.15640410792316
25758,GOF,0.02814243302792184,0.8153722243131741,0.15648534265890407
25759,GOF,0.010941015972079861,0.5628807364593794,0.42617824756854067
25760,LOF,0.012355113149385425,0.2463453616896006,0.741299525161014
25761,GOF,0.26502843219710576,0.6430295850714081,0.09194198273148614
25762,LOF,0.035470084734107364,0.2595662169017758,0.7049636983641168
25763,LOF,0.013453218148288582,0.18909464157416342,0.7974521402775478
25764,GOF,0.07688484148477379,0.6334567523921055,0.2896584061231207
25765,GOF,0.03815179472298994,0.7568217502304156,0.2050264550465944
25766,GOF,0.06445471381936332,0.7595558832282736,0.17598940295236298
25767,GOF,0.14068549844470754,0.5414192132525464,0.31789528830274605
25768,LOF,0.10941071957036559,0.07526840662958448,0.81532087380005
25769,LOF,0.06412288007920222,0.05309146317221731,0.8827856567485804
25770,LOF,0.3348722852729818,0.08519370762280427,0.5799340071042139
25771,LOF,0.03936867067643,0.043348166545800634,0.9172831627777693
25772,LOF,0.01913630388946246,0.03282059314961109,0.9480431029609265
25773,LOF,0.04551174542454439,0.07900153708025354,0.875486717495202
25774,LOF,0.028846778777577988,0.06827581523313153,0.9028774059892904
25775,LOF,0.04887844025432465,0.04253579243081761,0.9085857673148576
25776,LOF,0.08720621446897737,0.02194902066427505,0.8908447648667476
25777,LOF,0.3746418136558916,0.048880958808772496,0.5764772275353358
25778,LOF,0.07835367595489849,0.03981162584526127,0.8818346981998402
25779,GOF,0.3736649210109536,0.5785162712406198,0.047818807748426624
25780,GOF,0.30274594559638984,0.6236999173947689,0.0735541370088413
25781,GOF,0.14512933274601852,0.7465023166518794,0.10836835060210208
25782,GOF,0.20693336088491357,0.7145910330600416,0.07847560605504494
25783,GOF,0.021857491692740098,0.5977316266651103,0.3804108816421497
25784,Neutral,0.4964991509779958,0.4628288128540702,0.040672036167934085
25785,GOF,0.4370085717728402,0.5211209485149408,0.041870479712219015
25786,GOF,0.02598995483241441,0.715258791429179,0.2587512537384066
25787,Neutral,0.6274944698991803,0.34453005926098945,0.027975470839830357
25788,LOF,0.05757005471957591,0.10184228015151302,0.840587665128911
25789,GOF,0.24331732711742673,0.6345135801510032,0.12216909273157008
25790,GOF,0.22526501464295418,0.6691414936638589,0.10559349169318705
25791,GOF,0.1768853873081865,0.662003957245857,0.16111065544595657
25792,GOF,0.3671559613687118,0.5181782105299599,0.11466582810132821
25793,GOF,0.26221227521649443,0.5336531187527814,0.20413460603072414
25794,GOF,0.28788663241463386,0.5313598483263378,0.1807535192590284
25795,GOF,0.09608030228861535,0.6416507524779619,0.2622689452334226
25796,Neutral,0.5760752456106603,0.3410030484409023,0.08292170594843747
25797,GOF,0.08105339901614608,0.5334040241142736,0.38554257686958027
25798,LOF,0.010081305149321205,0.4709614488610386,0.5189572459896402
25799,LOF,0.007768969169617774,0.353373967323415,0.6388570635069672
25800,GOF,0.03577295043628628,0.5476581020544644,0.4165689475092492
25801,GOF,0.2259842566218874,0.6291645429998955,0.14485120037821708
25802,GOF,0.07431719197753792,0.6582913117776653,0.2673914962447968
25803,GOF,0.039090288827288,0.5466300748414594,0.41427963633125253
25804,LOF,0.031303943881192405,0.4448319446042221,0.5238641115145856
25805,GOF,0.10839997599426444,0.5669131646592419,0.3246868593464936
25806,GOF,0.09506939310472719,0.5685543688721572,0.33637623802311556
25807,GOF,0.018666184440771304,0.5981707874248261,0.38316302813440256
25808,GOF,0.08283104174335544,0.6201015508805545,0.29706740737608994
25809,GOF,0.018354992620534402,0.5695925126741804,0.4120524947052852
25810,GOF,0.016407292051897768,0.5997118875246884,0.3838808204234138
25811,GOF,0.45459384630811617,0.45979257624557646,0.08561357744630739
25812,GOF,0.033987161045276305,0.6228738040776042,0.3431390348771196
25813,Neutral,0.525250599169136,0.3742255320760314,0.10052386875483274
25814,GOF,0.11960752403333616,0.6418772416057087,0.2385152343609551
25815,GOF,0.17621917978218368,0.639764936227003,0.18401588399081326
25816,GOF,0.021081910877290125,0.6951960956506621,0.2837219934720478
25817,GOF,0.21962655110467344,0.6519372732233457,0.12843617567198085
25818,GOF,0.05588863054376183,0.6434420992143118,0.30066927024192625
25819,GOF,0.3438080942970374,0.5150930894668668,0.1410988162360958
25820,GOF,0.17905298260503283,0.6224020929649254,0.1985449244300417
25821,GOF,0.06337881471812833,0.6631218710801844,0.2734993142016872
25822,GOF,0.200990678676861,0.5789015841935246,0.22010773712961446
25823,GOF,0.03366919896810516,0.5069846014017698,0.4593461996301251
25824,GOF,0.091810126523553,0.5884113351307589,0.31977853834568803
25825,GOF,0.03810706367585187,0.5738969140136521,0.387996022310496
25826,GOF,0.015895214548666707,0.5491967750333872,0.4349080104179462
25827,GOF,0.024427476844321866,0.6046470058319627,0.3709255173237153
25828,GOF,0.012975920540255051,0.5116552132929285,0.4753688661668165
25829,GOF,0.006003619177640823,0.5728384349131427,0.4211579459092165
25830,LOF,0.03220241410255176,0.27645299842133386,0.6913445874761145
25831,GOF,0.22827056662329795,0.6397967440763155,0.13193268930038657
25832,GOF,0.035142572488480225,0.6911623706233735,0.2736950568881462
25833,GOF,0.1275476457755998,0.7064081703598484,0.1660441838645518
25834,GOF,0.03320027298050928,0.6876038558738569,0.2791958711456337
25835,GOF,0.08196488195764233,0.7473175870601089,0.17071753098224893
25836,GOF,0.04015902731968025,0.6728347686752165,0.2870062040051032
25837,GOF,0.02479677603683363,0.5778107880186749,0.3973924359444914
25838,GOF,0.0892776205483344,0.7619741705629774,0.1487482088886881
25839,GOF,0.29096102773574467,0.5556951917136929,0.1533437805505625
25840,GOF,0.2258868264333592,0.6246736368092226,0.14943953675741814
25841,GOF,0.21094575593539427,0.6414030089099435,0.1476512351546621
25842,GOF,0.17887166534818344,0.6902973395488292,0.1308309951029873
25843,GOF,0.25244261416937835,0.6546418644691989,0.09291552136142277
25844,GOF,0.06336481774443323,0.7066812705819381,0.22995391167362858
25845,LOF,0.01569924300614136,0.4510029215884224,0.5332978354054362
25846,GOF,0.13366776448845136,0.7237424729385227,0.14258976257302602
25847,GOF,0.11156751127480458,0.7721438547712749,0.11628863395392053
25848,GOF,0.04069949145504295,0.6804686632719781,0.278831845272979
25849,GOF,0.010982884607069508,0.565284659100419,0.4237324562925115
25850,GOF,0.021033703556213732,0.6304365974897016,0.34852969895408464
25851,GOF,0.018357211598513983,0.5142265671111654,0.4674162212903206
25852,GOF,0.16188641677232068,0.532862413009578,0.3052511702181012
25853,GOF,0.3466192654727586,0.5883299649342079,0.06505076959303349
25854,GOF,0.02353344463044596,0.6274862391940691,0.34898031617548503
25855,GOF,0.037301890947913634,0.5496295224280024,0.4130685866240839
25856,GOF,0.22679220338111947,0.5460511020013317,0.22715669461754875
25857,GOF,0.037395341682651295,0.48573579198390265,0.4768688663334462
25858,GOF,0.02017791100412057,0.5319544668288182,0.4478676221670613
25859,GOF,0.010520544285686311,0.4980362581343132,0.49144319758000055
25860,GOF,0.3525578587188283,0.5605326859122611,0.08690945536891065
25861,GOF,0.41401963125607366,0.5087709057081159,0.07720946303581032
25862,GOF,0.09990218007644637,0.7480574915910694,0.15204032833248418
25863,GOF,0.0902912154453406,0.754285696931108,0.1554230876235514
25864,GOF,0.19916365743241113,0.720300846482472,0.08053549608511684
25865,GOF,0.08765044160705765,0.7928922426998899,0.11945731569305247
25866,GOF,0.06038839987052631,0.7599852833705136,0.17962631675896004
25867,GOF,0.09292951178027811,0.803738695622057,0.10333179259766492
25868,GOF,0.23802319151075227,0.6587474541511564,0.10322935433809134
25869,Neutral,0.7083580642967433,0.2464411912637393,0.04520074443951738
25870,LOF,0.28129793302547174,0.34853919109625886,0.3701628758782695
25871,GOF,0.2208459872670876,0.6264945323879383,0.15265948034497395
25872,GOF,0.08405935555246154,0.6313009942760377,0.2846396501715007
25873,GOF,0.13255181443244018,0.6736992010711202,0.19374898449643957
25874,LOF,0.017440740596707305,0.1108996945979358,0.8716595648053569
25875,LOF,0.09857529087303674,0.03543061026060256,0.8659940988663606
25876,LOF,0.03559873093833382,0.028659551219921954,0.9357417178417442
25877,Neutral,0.5053477248588268,0.04394299750197052,0.45070927763920265
25878,LOF,0.22057813088947587,0.08333822529635554,0.6960836438141685
25879,LOF,0.09210129829935734,0.07705361111018916,0.8308450905904535
25880,LOF,0.024811397421441086,0.014293429582584774,0.9608951729959743
25881,LOF,0.1530007436297564,0.1304732676441816,0.716525988726062
25882,LOF,0.061783766194043264,0.017874812597716123,0.9203414212082406
25883,LOF,0.07622046209160636,0.01834414198217795,0.9054353959262156
25884,LOF,0.030924046476182406,0.028432229826740606,0.9406437236970769
25885,LOF,0.06020374651664559,0.011043136768508734,0.9287531167148457
25886,LOF,0.2675139079411469,0.03365685843164727,0.698829233627206
25887,LOF,0.15130522443677552,0.0690480462481208,0.7796467293151036
25888,LOF,0.06500849650600266,0.061198121975268735,0.8737933815187287
25889,LOF,0.03883950306773837,0.018857755512304307,0.9423027414199574
25890,LOF,0.04888118639881252,0.1573334292855507,0.7937853843156368
25891,LOF,0.04028524337656448,0.049018245401748754,0.9106965112216868
25892,LOF,0.10317861875542898,0.020804022864889127,0.8760173583796819
25893,LOF,0.26872894947696263,0.020697654518389664,0.7105733960046476
25894,LOF,0.1827264219244642,0.01054398973086924,0.8067295883446666
25895,LOF,0.21629530867503483,0.019426260973553308,0.764278430351412
25896,LOF,0.05140607688854927,0.01986616258775443,0.9287277605236962
25897,LOF,0.2829579552979157,0.011781087253518738,0.7052609574485657
25898,Neutral,0.7269866114653292,0.009133039767258724,0.2638803487674122
25899,LOF,0.22493806724984117,0.019033787745483442,0.7560281450046754
25900,LOF,0.463519208331202,0.013597551084150448,0.5228832405846475
25901,LOF,0.04793536048594701,0.011125433963459082,0.940939205550594
25902,LOF,0.16131210105075802,0.012669811465236394,0.8260180874840055
25903,Neutral,0.5878123177561422,0.027547082384256582,0.38464059985960125
25904,LOF,0.28494197668819193,0.04455103735268089,0.6705069859591272
25905,LOF,0.022166024350311408,0.3579962853821792,0.6198376902675095
25906,LOF,0.029694990174735626,0.07133585279008396,0.8989691570351803
25907,LOF,0.014688149063122526,0.3664363469635295,0.6188755039733479
25908,LOF,0.009079253644789825,0.2816977787106652,0.709222967644545
25909,LOF,0.012897038216816294,0.12507133590082933,0.8620316258823543
25910,LOF,0.05127736843648568,0.15647395426011534,0.7922486773033991
25911,LOF,0.16373147822250358,0.021825522915363514,0.8144429988621329
25912,LOF,0.04685290732630739,0.045899316460437836,0.9072477762132549
25913,LOF,0.30835152081827344,0.021216537780318193,0.6704319414014084
25914,LOF,0.019957422101618764,0.06575175284708393,0.9142908250512972
25915,Neutral,0.5668006260693284,0.19301532181335207,0.24018405211731966
25916,LOF,0.0917262855684282,0.22019943437007053,0.6880742800615013
25917,LOF,0.057410472192342944,0.05033689450883059,0.8922526332988264
25918,LOF,0.024621107167013212,0.040963279733025736,0.934415613099961
25919,LOF,0.021689820727376397,0.0464911890381166,0.9318189902345069
25920,GOF,0.1109357660619846,0.5531892907704953,0.33587494316752015
25921,LOF,0.02548785777917024,0.025325355679854753,0.9491867865409751
25922,LOF,0.03609422050705168,0.01852198165313428,0.9453837978398141
25923,LOF,0.4365517216447815,0.02077234819428084,0.5426759301609377
25924,LOF,0.03715593119558512,0.03440117433118953,0.9284428944732255
25925,LOF,0.07397902977124009,0.02641751869023891,0.8996034515385211
25926,LOF,0.05279261982700512,0.022361695758300455,0.9248456844146944
25927,LOF,0.06189934659666939,0.10487411637639339,0.8332265370269373
25928,LOF,0.018667451622549656,0.03568565454588269,0.9456468938315677
25929,Neutral,0.5564232182484641,0.022570419497751758,0.4210063622537843
25930,LOF,0.05168856348100602,0.01935544161662822,0.9289559949023657
25931,LOF,0.025344227829019385,0.022116894282548864,0.9525388778884317
25932,LOF,0.02706137900285737,0.01760192727156953,0.9553366937255732
25933,LOF,0.03732844910118011,0.013195834753896421,0.9494757161449234
25934,LOF,0.025821291002094477,0.014362411238012953,0.9598162977598926
25935,LOF,0.06239748659394193,0.03205209102219077,0.9055504223838674
25936,LOF,0.047424856259289334,0.017607399825937824,0.9349677439147728
25937,LOF,0.025103567814565842,0.026689157768094777,0.9482072744173393
25938,LOF,0.06583093029779874,0.033311863397388446,0.9008572063048129
25939,LOF,0.04146005337171892,0.012950251459430146,0.9455896951688508
25940,LOF,0.026893861331849418,0.3955320299918699,0.5775741086762808
25941,LOF,0.15969846467806628,0.11755543152502816,0.7227461037969056
25942,LOF,0.013571764855730015,0.03078931964720668,0.9556389154970633
25943,LOF,0.31467370429239594,0.06204895078962693,0.6232773449179771
25944,Neutral,0.49620186154288826,0.026745712286226405,0.4770524261708852
25945,LOF,0.06660437458867473,0.02003953634865383,0.9133560890626714
25946,LOF,0.029509656356270807,0.10287160228980087,0.8676187413539284
25947,LOF,0.11298025788517235,0.22673751190248845,0.6602822302123391
25948,LOF,0.4115481972353582,0.008587439100722107,0.5798643636639197
25949,LOF,0.1087850157064799,0.033678998195591135,0.8575359860979289
25950,GOF,0.3153334422118511,0.3639557509059745,0.32071080688217435
25951,LOF,0.22533261382576855,0.23316096479499035,0.5415064213792411
25952,LOF,0.048733314038857965,0.43629072314963485,0.5149759628115071
25953,LOF,0.15437614370762504,0.09173269956895307,0.7538911567234219
25954,Neutral,0.4672849972025915,0.16393568129402092,0.36877932150338766
25955,LOF,0.052111537494693945,0.08410578316664924,0.8637826793386568
25956,LOF,0.15843041966895144,0.10499949047226294,0.7365700898587857
25957,LOF,0.03899225949940506,0.0306608463114206,0.9303468941891744
25958,LOF,0.06277856435776813,0.029614971882827284,0.9076064637594046
25959,LOF,0.06914185160904468,0.3505370918434523,0.5803210565475031
25960,LOF,0.017479316354881282,0.0523247257611592,0.9301959578839595
25961,LOF,0.050706819045342216,0.030865983460147847,0.9184271974945099
25962,LOF,0.05897721716076437,0.026952527181377445,0.9140702556578583
25963,LOF,0.052167400867026044,0.19463690696378247,0.7531956921691915
25964,LOF,0.038447474625432077,0.15029848894866674,0.8112540364259011
25965,Neutral,0.4722656715895434,0.07634062824624345,0.4513937001642132
25966,Neutral,0.48758907270731844,0.18795722152140612,0.32445370577127536
25967,LOF,0.015986810614424703,0.10960750960293629,0.874405679782639
25968,LOF,0.027107273752754703,0.4044112377226245,0.5684814885246208
25969,LOF,0.026197832832994844,0.06790142360049621,0.905900743566509
25970,LOF,0.054972763098886684,0.058279074122686264,0.8867481627784272
25971,LOF,0.07347202342749666,0.017404399272715997,0.9091235772997873
25972,LOF,0.0713608962601528,0.0237110616456972,0.90492804209415
25973,LOF,0.07476500779790832,0.008769698828775336,0.9164652933733163
25974,LOF,0.2149268252312688,0.01680234688820745,0.7682708278805237
25975,LOF,0.044314553360785644,0.025769083962323684,0.9299163626768907
25976,LOF,0.04029838990324152,0.014642945339729676,0.9450586647570288
25977,LOF,0.1578756499717211,0.08272706192436084,0.7593972881039182
25978,LOF,0.1417096081382934,0.05530052695134931,0.8029898649103573
25979,LOF,0.1310367370453363,0.06001836205315732,0.8089449009015065
25980,LOF,0.2163740153194645,0.07235114697015692,0.7112748377103786
25981,LOF,0.24664013728878023,0.07052212774910893,0.6828377349621109
25982,LOF,0.3911394984687094,0.04552434866095649,0.5633361528703341
25983,LOF,0.39690424499943694,0.05463382305710322,0.5484619319434598
25984,LOF,0.04973500107559404,0.05040003148423221,0.8998649674401737
25985,LOF,0.03902568367951902,0.26994174004586835,0.6910325762746126
25986,LOF,0.044424437167408265,0.29742280166490065,0.6581527611676911
25987,LOF,0.07510557989973983,0.06923623575600178,0.8556581843442584
25988,LOF,0.14755784034199718,0.05475591468728349,0.7976862449707193
25989,LOF,0.02944955685001626,0.10699667598108846,0.8635537671688952
25990,LOF,0.04147850418600158,0.12876701442105348,0.8297544813929449
25991,LOF,0.12216378827918696,0.32978118154125186,0.5480550301795613
25992,LOF,0.29105954452742483,0.1893958096577112,0.5195446458148639
25993,LOF,0.022582636534795805,0.0796353032277167,0.8977820602374876
25994,LOF,0.01741385215759523,0.10927454923674595,0.8733115986056589
25995,LOF,0.02440620382905124,0.23737724747940447,0.7382165486915443
25996,GOF,0.2813152501137718,0.4989374315369758,0.21974731834925249
25997,GOF,0.0807440523404249,0.4742081281911705,0.4450478194684046
25998,Neutral,0.5305454027718854,0.021750703377830576,0.447703893850284
25999,LOF,0.10449012140745452,0.094665108752129,0.8008447698404164
26000,LOF,0.16051698805993414,0.04431890728142655,0.7951641046586393
26001,LOF,0.18497872212919408,0.05549255948272215,0.7595287183880839
26002,LOF,0.12635298779567855,0.04439374078811299,0.8292532714162084
26003,GOF,0.010996271717185039,0.5860846880830279,0.4029190401997869
26004,GOF,0.02164645557686612,0.6669416139457394,0.31141193047739457
26005,LOF,0.007054350879665479,0.46575548673642553,0.5271901623839089
26006,Neutral,0.5051224897763414,0.2572977774107211,0.23757973281293748
26007,GOF,0.020551245018417794,0.5386076153432724,0.4408411396383098
26008,GOF,0.016217764688373104,0.6146945034633895,0.3690877318482375
26009,GOF,0.0241859019759075,0.6701714065189165,0.3056426915051759
26010,GOF,0.024894699974464727,0.6466978398279215,0.32840746019761374
26011,LOF,0.006603326114762909,0.45409251310901144,0.5393041607762257
26012,GOF,0.01467319692218337,0.5638193164802341,0.4215074865975826
26013,GOF,0.01970538496902089,0.6124749685185445,0.3678196465124346
26014,LOF,0.04679296688246968,0.10942769014502443,0.8437793429725059
26015,LOF,0.19383074829899435,0.009618482917393815,0.7965507687836118
26016,LOF,0.21403327868520824,0.06142333361723643,0.7245433876975553
26017,LOF,0.2385835221971759,0.09978716793867642,0.6616293098641477
26018,LOF,0.08794554597415682,0.028991140609940055,0.8830633134159032
26019,LOF,0.08311972755516187,0.022833533475964146,0.894046738968874
26020,LOF,0.07393302188975798,0.12530258148945878,0.8007643966207832
26021,LOF,0.04436081762383748,0.13780692477357476,0.8178322576025878
26022,LOF,0.011060095941884856,0.04130709226210216,0.9476328117960129
26023,LOF,0.10101909561602578,0.019762360788194194,0.87921854359578
26024,LOF,0.034804606330939875,0.13596654034073183,0.8292288533283283
26025,LOF,0.15876298499871622,0.09258129832862176,0.748655716672662
26026,LOF,0.3219211034677149,0.02802507679785514,0.65005381973443
26027,LOF,0.07947318491893036,0.014764859911216382,0.9057619551698534
26028,LOF,0.17017284859723333,0.06370033276497601,0.7661268186377906
26029,LOF,0.07681811097119544,0.20945808777799596,0.7137238012508086
26030,LOF,0.02407962200633611,0.06180429477501806,0.9141160832186458
26031,LOF,0.02875916396375651,0.14979187967286012,0.8214489563633833
26032,LOF,0.06858217879643212,0.06678492812991564,0.8646328930736522
26033,LOF,0.12313411187429005,0.08408406528936932,0.7927818228363407
26034,LOF,0.04509250550232418,0.17708413320050567,0.7778233612971701
26035,LOF,0.02935632266632548,0.1648615189106323,0.8057821584230421
26036,LOF,0.041683211755573255,0.19067396032455589,0.7676428279198709
26037,LOF,0.02426318348994067,0.13065864630402393,0.8450781702060354
26038,LOF,0.06483513199822825,0.06899247248438885,0.866172395517383
26039,LOF,0.05269076079008836,0.16414946446890769,0.783159774741004
26040,LOF,0.19594854318121568,0.13804969249955495,0.6660017643192293
26041,LOF,0.02448839022438172,0.11905717610773917,0.8564544336678792
26042,LOF,0.022956264801653897,0.11487396054408529,0.8621697746542608
26043,LOF,0.06492807965759302,0.08085606739636918,0.8542158529460379
26044,LOF,0.02250919018952207,0.07696947299414322,0.9005213368163346
26045,LOF,0.06992875726089103,0.10171335038269531,0.8283578923564137
26046,LOF,0.06638964590738822,0.07897213295351509,0.8546382211390967
26047,LOF,0.08946823714690329,0.08297472211158227,0.8275570407415145
26048,LOF,0.05257699340469544,0.04353573609013602,0.9038872705051685
26049,Neutral,0.9619961668566245,0.007364310039875887,0.030639523103499523
26050,Neutral,0.9470297414371028,0.009565373749697095,0.0434048848132001
26051,LOF,0.05396814146446623,0.2902380558815847,0.6557938026539492
26052,LOF,0.075772170468227,0.314097946793689,0.610129882738084
26053,LOF,0.060754423949571854,0.11633819475649176,0.8229073812939364
26054,LOF,0.05545374891475877,0.017473783667764958,0.9270724674174763
26055,LOF,0.06884467568156398,0.014244792942703526,0.9169105313757324
26056,LOF,0.058527523497228943,0.016577803839127086,0.924894672663644
26057,LOF,0.028212828967349,0.012133650053572262,0.9596535209790789
26058,LOF,0.029012326127006965,0.009669211079295002,0.9613184627936979
26059,LOF,0.2962969417776797,0.023524898285636177,0.6801781599366841
26060,LOF,0.03906502605403335,0.19896938045570142,0.7619655934902653
26061,LOF,0.018165772890826958,0.011263598578558829,0.9705706285306143
26062,LOF,0.01073345941914875,0.017422997644331514,0.9718435429365196
26063,LOF,0.02209184103283837,0.011739190175891081,0.9661689687912706
26064,LOF,0.02241723777919715,0.019016562174226245,0.9585662000465767
26065,LOF,0.024367238353855084,0.01070620961848771,0.9649265520276573
26066,LOF,0.020967911229245226,0.011068116535635502,0.9679639722351193
26067,LOF,0.027609541722756148,0.008720476164674376,0.9636699821125695
26068,LOF,0.04635429380677227,0.029357314723869318,0.9242883914693584
26069,LOF,0.2611374595995808,0.02117258338183302,0.7176899570185862
26070,LOF,0.3780067373147376,0.015394834513993306,0.6065984281712691
26071,LOF,0.02324862021674274,0.012032514689463064,0.9647188650937941
26072,LOF,0.022415448612761707,0.015638175384940035,0.9619463760022982
26073,LOF,0.023326529500497413,0.011041926290835388,0.9656315442086671
26074,Neutral,0.893896597127968,0.005609084405236308,0.10049431846679568
26075,LOF,0.04536072872484965,0.01510903103117083,0.9395302402439796
26076,LOF,0.044366894929592005,0.009279195989481993,0.946353909080926
26077,LOF,0.010379783141405873,0.016285331493205425,0.9733348853653886
26078,LOF,0.013777552398861082,0.011626562466424366,0.9745958851347145
26079,LOF,0.05989888074359913,0.017895197516002,0.9222059217403988
26080,LOF,0.05868308744851816,0.017916991995406667,0.9233999205560751
26081,LOF,0.03578886654900049,0.0063947910557306566,0.9578163423952689
26082,LOF,0.013813646439800998,0.016267141275804843,0.9699192122843941
26083,LOF,0.12593984009959328,0.01292507463978082,0.8611350852606259
26084,LOF,0.028095025409866775,0.011749138455817255,0.9601558361343159
26085,LOF,0.024317366411068318,0.011188371810209168,0.9644942617787226
26086,LOF,0.022641810005130346,0.011735698667182572,0.965622491327687
26087,LOF,0.028163158821958367,0.00810950561132121,0.9637273355667205
26088,LOF,0.016233335574126324,0.023447716767158656,0.960318947658715
26089,LOF,0.041816468027013685,0.02228676217642477,0.9358967697965616
26090,LOF,0.041332212786709815,0.01765117134949067,0.9410166158637995
26091,LOF,0.03879963488717209,0.006157841404782563,0.9550425237080454
26092,LOF,0.026770184721701305,0.007957602108245844,0.9652722131700529
26093,LOF,0.0390082969269117,0.0058821223002907645,0.9551095807727976
26094,LOF,0.04071712087542223,0.006288283075380954,0.9529945960491969
26095,LOF,0.041312992946374444,0.01354235632577042,0.9451446507278551
26096,LOF,0.019277780339734183,0.012443772574070791,0.9682784470861949
26097,LOF,0.011860870599145017,0.033819709521303344,0.9543194198795517
26098,LOF,0.07214066259664828,0.009989687064781443,0.9178696503385703
26099,LOF,0.02401048641882044,0.012059923449734033,0.9639295901314455
26100,LOF,0.026350320164179555,0.01178886124152008,0.9618608185943004
26101,LOF,0.0545687720825144,0.015503701989266422,0.9299275259282191
26102,LOF,0.023351138902383533,0.01293814212420214,0.9637107189734142
26103,Neutral,0.8846890389291685,0.017712599324148526,0.09759836174668293
26104,LOF,0.08267284338813499,0.024454074697381832,0.8928730819144831
26105,LOF,0.20925817678511147,0.32707632953313737,0.46366549368175114
26106,LOF,0.21077665306159798,0.13003701332067824,0.6591863336177238
26107,LOF,0.2352086790935223,0.0865033269918615,0.6782879939146162
26108,LOF,0.2726463534631041,0.12370691150241918,0.6036467350344767
26109,LOF,0.10015304014616659,0.051117572282788994,0.8487293875710444
26110,LOF,0.27919482492540587,0.007952318472830976,0.7128528566017632
26111,Neutral,0.5145624542813939,0.02099478191628535,0.46444276380232075
26112,LOF,0.03574580710308971,0.007340427692927961,0.9569137652039823
26113,LOF,0.05562456923344632,0.01598053015028995,0.9283949006162637
26114,LOF,0.025448825924843266,0.02480088528566612,0.9497502887894906
26115,LOF,0.08619529693622024,0.05510548081079013,0.8586992222529897
26116,LOF,0.06122076951779581,0.05552608436733016,0.8832531461148739
26117,LOF,0.4435017050137785,0.04379724971819755,0.5127010452680241
26118,LOF,0.03579972508398337,0.02688601165813048,0.937314263257886
26119,LOF,0.02229166131262771,0.03226759504522839,0.9454407436421439
26120,LOF,0.029018845801501776,0.023151487860528744,0.9478296663379695
26121,LOF,0.03798365177471497,0.08123450320980628,0.8807818450154787
