feature0,prediction,LoGoFunc_Neutral,LoGoFunc_GOF,LoGoFunc_LOF
25546,Neutral,0.579632170119377,0.07576397088465071,0.3446038589959724
25547,Neutral,0.45182843030713626,0.1285230377427861,0.41964853195007756
25548,Neutral,0.44358141062461776,0.113302521792508,0.4431160675828742
25549,LOF,0.3949321570349747,0.11204360127271613,0.49302424169230913
25550,LOF,0.37430475949726033,0.111503587152288,0.5141916533504517
25551,LOF,0.30136715861066,0.11273545222431579,0.5858973891650242
25552,LOF,0.2800733796699489,0.1461987010926217,0.5737279192374295
25553,Neutral,0.7754046278549178,0.05139345210121013,0.17320192004387203
25554,LOF,0.3118145435169542,0.11408035634526116,0.5741051001377847
25555,LOF,0.26435217233455194,0.1178508123541055,0.6177970153113426
25556,Neutral,0.45567394985459364,0.0999699685219496,0.44435608162345686
25557,LOF,0.2472122746326166,0.12101175842127022,0.631775966946113
25558,LOF,0.3086503389561781,0.11717901763313363,0.5741706434106881
25559,LOF,0.3207060972946678,0.04695855869298098,0.6323353440123511
25560,LOF,0.09961623200320066,0.14211508883929438,0.758268679157505
25561,LOF,0.07769893635805875,0.23852526658125667,0.6837757970606846
25562,LOF,0.03801766363886055,0.09397430977049992,0.8680080265906396
25563,LOF,0.007341177661430493,0.19174469085798307,0.8009141314805863
25564,LOF,0.08164439820643728,0.06603691292341601,0.8523186888701466
25565,LOF,0.18970523016486474,0.14741356850527593,0.6628812013298594
25566,GOF,0.06486632831278427,0.6988541887198649,0.23627948296735077
25567,LOF,0.04528889068551166,0.1321121009944902,0.822599008319998
25568,LOF,0.0680429085383683,0.10482382169527357,0.827133269766358
25569,LOF,0.06862963607808316,0.08366705739195127,0.8477033065299656
25570,LOF,0.03139593140072033,0.11685308866302421,0.8517509799362554
25571,LOF,0.031108578751101446,0.11030862733151511,0.8585827939173835
25572,LOF,0.05507382989179489,0.12792394346414693,0.8170022266440581
25573,LOF,0.07088712426206062,0.12260458800848446,0.8065082877294548
25574,LOF,0.09190489011527125,0.23890240912824337,0.6691927007564854
25575,LOF,0.028943159193708864,0.12096283772002266,0.8500940030862686
25576,LOF,0.02599289604877989,0.16220310615797934,0.8118039977932408
25577,LOF,0.03014800048439426,0.13064026241499063,0.8392117371006151
25578,LOF,0.29469916614365455,0.09774239658416012,0.6075584372721853
25579,LOF,0.29537849313191356,0.09536341252446344,0.6092580943436231
25580,LOF,0.029074567910124565,0.09193161492333157,0.8789938171665438
25581,LOF,0.0461599096494381,0.12405700118120805,0.8297830891693538
25582,LOF,0.0461599096494381,0.12405700118120805,0.8297830891693538
25583,LOF,0.04011491706196271,0.10105219025427131,0.858832892683766
25584,Neutral,0.7661665552156903,0.07280878463423256,0.16102466015007702
25585,LOF,0.026310756920997637,0.11787249198579317,0.8558167510932092
25586,LOF,0.02539928599929725,0.10974236108128614,0.8648583529194166
25587,LOF,0.02585197100180569,0.11403804005177812,0.8601099889464163
25588,LOF,0.030966849981560338,0.08982366745024904,0.8792094825681906
25589,Neutral,0.6437354727045074,0.15874397040701804,0.19752055688847459
25590,LOF,0.06537989457877973,0.12771749642105734,0.806902609000163
25591,LOF,0.1273965509805401,0.08390324982606776,0.7887001991933922
25592,LOF,0.10633930617706165,0.19820909190922106,0.6954516019137172
25593,LOF,0.15878992237288483,0.32934192297760956,0.5118681546495056
25594,LOF,0.04899365795790157,0.06633033355030583,0.8846760084917925
25595,LOF,0.05994934458481057,0.02679425483710986,0.9132564005780797
25596,LOF,0.14373462293212025,0.012103448465990362,0.8441619286018894
25597,LOF,0.10733841444613215,0.00908501869904505,0.8835765668548229
25598,LOF,0.05539470553140551,0.026582589166795956,0.9180227053017985
25599,GOF,0.024938424516310495,0.6090489481788474,0.36601262730484213
25600,GOF,0.16728181567132022,0.4435317617533739,0.3891864225753059
25601,LOF,0.046484008612423376,0.38609033044819213,0.5674256609393846
25602,LOF,0.0389097294980471,0.05655868105581398,0.904531589446139
25603,LOF,0.06991301647401851,0.053976593755626676,0.8761103897703547
25604,LOF,0.06913227576260192,0.13133802164793656,0.7995297025894614
25605,LOF,0.06963517921021291,0.2184201005565282,0.7119447202332589
25606,Neutral,0.5099078695584589,0.24832827814044328,0.24176385230109781
25607,LOF,0.04516825877377998,0.178637765048655,0.7761939761775649
25608,LOF,0.05904559526928629,0.10501097256508757,0.8359434321656263
25609,GOF,0.1628095904719173,0.5774293316372433,0.2597610778908395
25610,LOF,0.021715950604109042,0.06366238372604736,0.9146216656698435
25611,LOF,0.016202861368651404,0.06113693205597705,0.9226602065753715
25612,LOF,0.07370282461251543,0.05607568128364293,0.8702214941038416
25613,LOF,0.06676132392338363,0.05794550458021775,0.8752931714963985
25614,LOF,0.024486282024155873,0.05903936035645803,0.9164743576193861
25615,LOF,0.06531004511175188,0.06591029191413884,0.8687796629741092
25616,LOF,0.07921023690177663,0.05631496490498267,0.8644747981932408
25617,LOF,0.060590739189125775,0.06589672482206542,0.8735125359888087
25618,LOF,0.0709002964161922,0.1755994813937965,0.7535002221900113
25619,LOF,0.015305824896396359,0.09427733664257783,0.8904168384610258
25620,LOF,0.05499350241082067,0.06150328125202678,0.8835032163371525
25621,LOF,0.08588020625909419,0.06979492695180194,0.844324866789104
25622,LOF,0.0896933836700835,0.06886191113414947,0.841444705195767
25623,LOF,0.07835453178544574,0.056487284439939556,0.8651581837746147
25624,LOF,0.02327151381282374,0.06136423516421536,0.9153642510229609
25625,LOF,0.07437255373952653,0.05699400201178677,0.8686334442486868
25626,LOF,0.05549726008734184,0.04732340640341081,0.8971793335092474
25627,Neutral,0.8656517693088546,0.03703645023542202,0.09731178045572339
25628,LOF,0.18127772524243269,0.0839537582688261,0.7347685164887412
25629,LOF,0.06320944472819848,0.08139462004187442,0.8553959352299271
25630,LOF,0.257388004808027,0.09040797305075218,0.6522040221412209
25631,Neutral,0.4797193916736032,0.074333156923398,0.4459474514029988
25632,LOF,0.02070018826055902,0.07033682238261998,0.9089629893568211
25633,LOF,0.28761427145450313,0.02098542663920182,0.691400301906295
25634,LOF,0.04658878762945382,0.04442733788255183,0.9089838744879943
25635,LOF,0.030571523076788853,0.027117971312100562,0.9423105056111106
25636,GOF,0.025001403401078957,0.580386203525059,0.394612393073862
25637,GOF,0.02718292238617638,0.5287462930496608,0.4440707845641629
25638,GOF,0.017390146700702092,0.5644134955992572,0.41819635770004054
25639,LOF,0.023665901334918586,0.4243484899609818,0.5519856087040996
25640,Neutral,0.869521164679212,0.0865386851359951,0.04394015018479294
25641,LOF,0.1316540723107914,0.2794282146852391,0.5889177130039694
25642,LOF,0.12459508614543534,0.1977173537013501,0.6776875601532146
25643,LOF,0.3842865943035967,0.1272448501195713,0.4884685555768321
25644,GOF,0.008234791535966101,0.7038564819347399,0.2879087265292939
25645,GOF,0.009396586228461465,0.6636669423153513,0.32693647145618715
25646,GOF,0.014021227936729613,0.5152576863048811,0.4707210857583892
25647,LOF,0.008925688804386421,0.39721573926985265,0.593858571925761
25648,LOF,0.010246804109843419,0.39983090202059596,0.5899222938695605
25649,LOF,0.007056831275158088,0.30946519151170904,0.6834779772131329
25650,GOF,0.020891814765071536,0.6177738846253974,0.361334300609531
25651,LOF,0.008146557507445945,0.4350283373466786,0.5568251051458756
25652,GOF,0.007028878758200944,0.5682067023924907,0.42476441884930827
25653,GOF,0.02368455813477676,0.6669702342703401,0.3093452075948831
25654,LOF,0.007632968712722162,0.4917388918035916,0.5006281394836863
25655,GOF,0.06808414946785334,0.7660900960749526,0.1658257544571941
25656,LOF,0.23498563752756962,0.23596503036295688,0.5290493321094735
25657,LOF,0.03041251781645404,0.21351755233445127,0.7560699298490947
25658,LOF,0.19657644574931366,0.23166843553778793,0.5717551187128984
25659,LOF,0.29539184096895893,0.31397972302087856,0.3906284360101626
25660,LOF,0.024856909566223457,0.2173967249933987,0.7577463654403779
25661,LOF,0.05699722176004592,0.14248266322986822,0.8005201150100858
25662,LOF,0.021180567163373257,0.09777189819598817,0.8810475346406386
25663,LOF,0.024008509582591545,0.08428347797154603,0.8917080124458625
25664,LOF,0.06594113713719131,0.15184437549665258,0.7822144873661562
25665,LOF,0.04208444326811939,0.07129106721946078,0.8866244895124199
25666,LOF,0.057368603876107344,0.11063801691524401,0.8319933792086487
25667,LOF,0.05789484799449828,0.10483570442889811,0.8372694475766036
25668,LOF,0.019434410855564178,0.11734896132530688,0.863216627819129
25669,LOF,0.01914007638228595,0.12142978853913881,0.8594301350785754
25670,LOF,0.09909009544432275,0.08993284132420806,0.8109770632314691
25671,LOF,0.07604848669987024,0.08320688814284859,0.8407446251572811
25672,LOF,0.03597661706405979,0.1103945163214549,0.8536288666144853
25673,LOF,0.06229832176843409,0.1090297584868291,0.8286719197447368
25674,LOF,0.05599370234406134,0.14094316179864536,0.8030631358572933
25675,LOF,0.05642240563984296,0.1432984224712641,0.800279171888893
25676,LOF,0.016213282707935272,0.12417109903633848,0.8596156182557262
25677,LOF,0.016663815879989115,0.16683525801539875,0.8165009261046121
25678,LOF,0.14552229350046725,0.18281346235764462,0.6716642441418882
25679,LOF,0.10945064237140037,0.16158149283386575,0.7289678647947339
25680,LOF,0.016153058747908414,0.22799751687029612,0.7558494243817955
25681,LOF,0.02576975774829308,0.21523458388720199,0.7589956583645049
25682,LOF,0.07017366211192334,0.13051965237246405,0.7993066855156126
25683,LOF,0.07257204672123978,0.1513368110724574,0.7760911422063028
25684,LOF,0.02266652616144266,0.14015217203000785,0.8371813018085495
25685,LOF,0.1097866614862467,0.18064835713426627,0.7095649813794871
25686,LOF,0.0557194539269351,0.29897644238325505,0.6453041036898098
25687,LOF,0.10950405456828728,0.3085019145941897,0.581994030837523
25688,LOF,0.40697271501549287,0.021804843843283617,0.5712224411412237
25689,LOF,0.23528279585903894,0.023760755437171755,0.7409564487037893
25690,LOF,0.3115044727188696,0.0264184112860663,0.662077115995064
25691,Neutral,0.7010850411841884,0.026590877373837675,0.27232408144197384
25692,LOF,0.3545057156946155,0.012685393233395603,0.6328088910719889
25693,LOF,0.051297104791619384,0.43483151733775977,0.5138713778706208
25694,LOF,0.09158541991513519,0.018627964194611962,0.8897866158902528
25695,LOF,0.10002409573877401,0.010130124409863248,0.8898457798513628
25696,LOF,0.10187643692628102,0.02032414463585386,0.8777994184378652
25697,LOF,0.04358671234647731,0.06404784678569218,0.8923654408678305
25698,LOF,0.31988561338336985,0.15434789982410896,0.5257664867925211
25699,LOF,0.3696860862397747,0.1235180202299848,0.5067958935302405
25700,LOF,0.0641758444476233,0.018611206437721673,0.9172129491146551
25701,LOF,0.14475576792585135,0.07418416069137826,0.7810600713827704
25702,GOF,0.2543249467872932,0.6694681329174854,0.07620692029522126
25703,LOF,0.022419550560873625,0.3215110128825721,0.6560694365565543
25704,LOF,0.030388882285152644,0.2560234979489858,0.7135876197658615
25705,LOF,0.020407496561806907,0.1792605061275413,0.8003319973106519
25706,GOF,0.09364947347037292,0.5348437411011572,0.3715067854284698
25707,GOF,0.09063765365814225,0.4548093380479626,0.45455300829389517
25708,GOF,0.04435427529189397,0.5354103078943685,0.42023541681373755
25709,LOF,0.055761774327092846,0.11031005540784841,0.8339281702650586
25710,LOF,0.01779440171839488,0.23038233855848048,0.7518232597231247
25711,LOF,0.01629071952591967,0.16061025608164411,0.8230990243924362
25712,LOF,0.017445657868865073,0.27607110069550866,0.7064832414356264
25713,LOF,0.015356318955237803,0.14336002429060132,0.8412836567541608
25714,LOF,0.06296735713246651,0.1613412334072048,0.7756914094603288
25715,LOF,0.010135651234529067,0.21686090042625453,0.7730034483392164
25716,LOF,0.01371182001898587,0.20830630085240465,0.7779818791286094
25717,LOF,0.01665964916154291,0.1458782279281391,0.8374621229103181
25718,LOF,0.010699236398304621,0.12282160005167261,0.8664791635500227
25719,LOF,0.023237856081029986,0.16411573823010467,0.8126464056888654
25720,LOF,0.02750295318516099,0.09201567207892117,0.8804813747359178
25721,LOF,0.010464130268808668,0.18586533343599226,0.803670536295199
25722,LOF,0.011140702361663835,0.1792384031886274,0.8096208944497086
25723,LOF,0.019124855983372695,0.12830662208431023,0.852568521932317
25724,LOF,0.032775430423710235,0.29315619974889573,0.6740683698273942
25725,LOF,0.01008368148383749,0.17368501291624527,0.8162313055999173
25726,LOF,0.010916837744342085,0.1884970853199546,0.8005860769357033
25727,LOF,0.012564747211398096,0.17249105961102465,0.8149441931775772
25728,LOF,0.00975450447086698,0.21095647481140595,0.779289020717727
25729,LOF,0.010051782035174964,0.20895224630698053,0.7809959716578445
25730,LOF,0.010842553600552439,0.211844677223986,0.7773127691754617
25731,LOF,0.017668273099042935,0.2091146846244712,0.7732170422764859
25732,LOF,0.010969441460172154,0.11352875240951053,0.8755018061303174
25733,LOF,0.01538179891268614,0.13037425206032263,0.8542439490269912
25734,LOF,0.013837781375910336,0.23276872946200228,0.7533934891620875
25735,LOF,0.01019396499486221,0.14307694249887626,0.8467290925062616
25736,LOF,0.010570109325889298,0.14925679324832658,0.8401730974257842
25737,LOF,0.011306157724088602,0.16633083012414293,0.8223630121517684
25738,LOF,0.011348166203496388,0.1930270184479587,0.7956248153485449
25739,LOF,0.01641327828046739,0.15104021695517267,0.83254650476436
25740,LOF,0.02677669240037759,0.20486239979221246,0.76836090780741
25741,LOF,0.013293650717237607,0.2047692760408635,0.7819370732418989
25742,LOF,0.10244278601505351,0.12495352401101856,0.7726036899739279
25743,LOF,0.055681292639581964,0.03678768366842226,0.9075310236919958
25744,Neutral,0.6366052981591575,0.16265834602718784,0.20073635581365476
25745,LOF,0.06049525675388948,0.09615252922907837,0.8433522140170321
25746,LOF,0.04056178394312437,0.12371038310294107,0.8357278329539346
25747,LOF,0.015572700236881093,0.11316469614044901,0.8712626036226698
25748,LOF,0.10954780090508986,0.17244190786620062,0.7180102912287095
25749,LOF,0.028493915841345037,0.12938099811004808,0.8421250860486068
25750,LOF,0.06329407136338683,0.11659937599489573,0.8201065526417175
25751,LOF,0.08864662059630249,0.12912739362089778,0.7822259857827997
25752,GOF,0.11634867825739054,0.6877591274843099,0.19589219425829957
25753,LOF,0.030150975586467645,0.3846268831576012,0.5852221412559312
25754,GOF,0.026675741548871566,0.7640417659972182,0.2092824924539102
25755,LOF,0.038179107372744894,0.35397873971249216,0.607842152914763
25756,LOF,0.06414163974788958,0.462193438584677,0.4736649216674335
25757,GOF,0.024559324707832713,0.847529361837676,0.12791131345449128
25758,GOF,0.03007075354502152,0.8300815479917438,0.13984769846323455
25759,GOF,0.01821499624631878,0.7542615285444965,0.22752347520918478
25760,LOF,0.022827725197247982,0.41127612047486145,0.5658961543278906
25761,GOF,0.28158116936494026,0.6563181776385506,0.06210065299650914
25762,LOF,0.04888308088358679,0.4293861266202373,0.5217307924961759
25763,LOF,0.019046245501690474,0.3149353193475893,0.6660184351507201
25764,GOF,0.07092639106045377,0.7841885844085185,0.14488502453102767
25765,GOF,0.03615067249164934,0.8176647864794613,0.14618454102888945
25766,GOF,0.0996375363949541,0.7876386295065092,0.11272383409853681
25767,GOF,0.15171112888992594,0.5940146163363452,0.25427425477372884
25768,LOF,0.0923146405400392,0.055521536267943365,0.8521638231920174
25769,LOF,0.05230359939195209,0.05606880334570561,0.8916275972623423
25770,LOF,0.323101564970888,0.053924101490263325,0.6229743335388488
25771,LOF,0.052662815425380885,0.038470258142096016,0.908866926432523
25772,LOF,0.015446086641818367,0.05170350334903305,0.9328504100091487
25773,LOF,0.05244171762282431,0.03504641753054358,0.912511864846632
25774,LOF,0.029729034703307632,0.08910911196358344,0.881161853333109
25775,LOF,0.06649370800085834,0.02785258657723625,0.9056537054219054
25776,LOF,0.06650117510427718,0.030647215938489014,0.9028516089572339
25777,Neutral,0.5576156231015093,0.034964936179011245,0.4074194407194794
25778,LOF,0.05513062700490159,0.04736198855380535,0.897507384441293
25779,Neutral,0.47656584746399233,0.4376739901216666,0.08576016241434108
25780,GOF,0.3884587394145404,0.43860846645787027,0.1729327941275894
25781,GOF,0.13052540545220334,0.6484959127137282,0.22097868183406846
25782,GOF,0.18278127938269054,0.6106225314619833,0.2065961891553262
25783,GOF,0.026953039202662052,0.6856891295418047,0.28735783125553316
25784,Neutral,0.6352677708282459,0.2730630026231502,0.09166922654860371
25785,Neutral,0.6208386169921982,0.2563659249841016,0.1227954580237002
25786,GOF,0.024495255788110536,0.6975783798712647,0.2779263643406248
25787,Neutral,0.8031535624260197,0.12805579608354725,0.06879064149043312
25788,LOF,0.052519865516492716,0.053710068087535805,0.8937700663959716
25789,GOF,0.22716120684719054,0.5379853174752169,0.23485347567759243
25790,GOF,0.27850556606348,0.5115537359418046,0.2099406979947155
25791,GOF,0.15018479565956158,0.4773440679455512,0.3724711363948873
25792,Neutral,0.3862724878440566,0.33795182817220026,0.27577568398374314
25793,LOF,0.22883017104240327,0.36214407109269375,0.4090257578649031
25794,GOF,0.3196996235343905,0.409488062959402,0.2708123135062075
25795,GOF,0.06859574968351276,0.5340668622936379,0.3973373880228494
25796,Neutral,0.544053215513302,0.26904115317966115,0.18690563130703688
25797,LOF,0.08276790200377278,0.4285392320479441,0.4886928659482831
25798,LOF,0.010966887398951452,0.44437142260424084,0.5446616899968078
25799,LOF,0.0097957623510227,0.4403611112263891,0.5498431264225883
25800,GOF,0.03923408627517741,0.5656227455985007,0.39514316812632205
25801,GOF,0.24269949981177985,0.5661782143936221,0.19112228579459808
25802,GOF,0.052296875527489524,0.5202259918272117,0.4274771326452987
25803,LOF,0.04440275923530412,0.45709513918248085,0.4985021015822152
25804,LOF,0.03705345956632654,0.47264052110623234,0.4903060193274411
25805,GOF,0.08737280192783997,0.5007058147184297,0.41192138335373035
25806,GOF,0.11149817638742718,0.4667002045929715,0.4218016190196014
25807,LOF,0.01930687371869545,0.45737588466393336,0.5233172416173711
25808,LOF,0.08374583828707474,0.4343908884899739,0.48186327322295147
25809,LOF,0.017125180468766266,0.3914036319847788,0.5914711875464549
25810,LOF,0.02034375780794399,0.3978658444891941,0.581790397702862
25811,Neutral,0.533236637760813,0.35172242522908886,0.11504093701009813
25812,LOF,0.03720006799386737,0.4605347491686714,0.5022651828374614
25813,Neutral,0.6264743860650568,0.15969596666738525,0.2138296472675579
25814,GOF,0.13146171774499196,0.49960790233554914,0.3689303799194589
25815,GOF,0.2900780602214043,0.4255308961087106,0.28439104366988505
25816,GOF,0.016532714776756816,0.5089784225037965,0.4744888627194466
25817,GOF,0.23393299906417706,0.551704808903124,0.21436219203269888
25818,LOF,0.03517359615294942,0.4170455421262139,0.5477808617208367
25819,Neutral,0.41484453627953727,0.3217498753817177,0.26340558833874517
25820,GOF,0.21157656606959052,0.4761608482337721,0.3122625856966374
25821,GOF,0.06076278608012725,0.5458501410560493,0.3933870728638235
25822,GOF,0.25404246476167597,0.4423797196286868,0.30357781560963737
25823,GOF,0.037210461615645285,0.4996660949367117,0.46312344344764295
25824,LOF,0.0874956467990953,0.42867804220673283,0.4838263109941719
25825,LOF,0.035227030686134836,0.4255099617708942,0.539263007542971
25826,LOF,0.01236190778539603,0.42300293301388464,0.5646351592007194
25827,GOF,0.02136031105179969,0.5272319148495413,0.45140777409865895
25828,LOF,0.015612267276107136,0.46047958551483975,0.5239081472090531
25829,LOF,0.00814709687952057,0.44865058118522183,0.5432023219352576
25830,LOF,0.02856655497186078,0.10288004252891009,0.8685534024992292
25831,GOF,0.20719644441879753,0.5833445456241636,0.20945900995703884
25832,GOF,0.03770499974943386,0.5005843495194914,0.46171065073107465
25833,GOF,0.1267790711544649,0.5120488824045926,0.3611720464409426
25834,GOF,0.049151232966196744,0.49974983757929925,0.45109892945450397
25835,GOF,0.12171818631430002,0.4636847837104796,0.4145970299752203
25836,GOF,0.0534064798409158,0.4886725374358299,0.4579209827232543
25837,LOF,0.0275754991551322,0.420392248739412,0.5520322521054558
25838,GOF,0.1052458791616309,0.5326842457523882,0.362069875085981
25839,Neutral,0.41331636943626404,0.320250097318634,0.2664335332451019
25840,GOF,0.3249724926971678,0.4301673344521781,0.244860172850654
25841,GOF,0.34864417068245485,0.3900650035327902,0.26129082578475493
25842,GOF,0.21222956509293864,0.43860623527123144,0.3491641996358299
25843,GOF,0.25521280836542587,0.5081285201922452,0.236658671442329
25844,LOF,0.0714470924834133,0.44546354378200614,0.48308936373458045
25845,LOF,0.016266023174752182,0.46765495820033326,0.5160790186249146
25846,GOF,0.11376722535277538,0.5512135579509276,0.33501921669629714
25847,GOF,0.1307377678064543,0.562378256183721,0.30688397600982464
25848,LOF,0.04476260807095167,0.4740713930130333,0.48116599891601497
25849,LOF,0.013434939803759302,0.44690010063334346,0.5396649595628973
25850,LOF,0.02242070131103524,0.4491493998747905,0.5284298988141743
25851,LOF,0.018534651633465578,0.4251303523875257,0.5563349959790087
25852,LOF,0.15704852110773232,0.4161585616322919,0.42679291725997587
25853,GOF,0.3872126462749967,0.4160558311769241,0.19673152254807919
25854,GOF,0.021999962865401068,0.5713302542536732,0.40666978288092576
25855,LOF,0.04731794609721344,0.45448948539853484,0.49819256850425186
25856,GOF,0.2514497452423882,0.4189440695920414,0.3296061851655704
25857,LOF,0.04104793136392698,0.45857108044796835,0.5003809881881046
25858,GOF,0.022012845398709853,0.5662118718674423,0.41177528273384784
25859,GOF,0.01148048809430602,0.5612851059337911,0.427234405971903
25860,GOF,0.35988765518701976,0.43430763476120293,0.20580471005177733
25861,GOF,0.3603445207878034,0.521406146630951,0.11824933258124566
25862,GOF,0.07350965288405059,0.6132920532254776,0.31319829389047177
25863,GOF,0.07919883026844164,0.6314849942157844,0.289316175515774
25864,GOF,0.16468056205004053,0.6389368577220998,0.19638258022785962
25865,GOF,0.08175014436753883,0.6834526953264695,0.23479716030599165
25866,GOF,0.06660911463557705,0.6800302670482671,0.2533606183161559
25867,GOF,0.08814633592113633,0.6962690338479994,0.21558463023086444
25868,GOF,0.23751435144182076,0.48878933145573494,0.2736963171024444
25869,Neutral,0.7311259592106799,0.18226461200503133,0.08660942878428872
25870,LOF,0.2233672529162118,0.06397531314440968,0.7126574339393785
25871,GOF,0.18673096629326338,0.5350687717687524,0.2782002619379842
25872,LOF,0.07657214356926478,0.44684467543172457,0.4765831809990106
25873,GOF,0.13353893890804702,0.5020689123221619,0.36439214876979104
25874,LOF,0.018742958980224017,0.0642576827896947,0.9169993582300812
25875,LOF,0.04754932889169241,0.17964856025019396,0.7728021108581136
25876,LOF,0.025393074787774632,0.052140391231016874,0.9224665339812085
25877,LOF,0.3877537397390273,0.13335056703821313,0.47889569322275954
25878,LOF,0.14098354206086502,0.21464457731095118,0.6443718806281838
25879,LOF,0.0834281437846461,0.25705160250141523,0.6595202537139386
25880,LOF,0.023997372700534998,0.026785446600935403,0.9492171806985296
25881,LOF,0.23762130267786094,0.16626013334852927,0.5961185639736097
25882,LOF,0.05038077229360816,0.022392278855003393,0.9272269488513885
25883,LOF,0.07639455688433225,0.024653277612259113,0.8989521655034087
25884,LOF,0.03828642579196733,0.047065490051085776,0.9146480841569469
25885,LOF,0.05402921080085218,0.028213425307150816,0.917757363891997
25886,LOF,0.22588444058911827,0.057174051649097925,0.7169415077617838
25887,LOF,0.20516306894099565,0.10005898378145878,0.6947779472775457
25888,LOF,0.08872550261056812,0.05735469068283049,0.8539198067066013
25889,LOF,0.03741120537824576,0.034729361991925355,0.9278594326298288
25890,LOF,0.08494726592096782,0.0807965389437073,0.8342561951353248
25891,LOF,0.07111256627966593,0.04956181115821234,0.8793256225621217
25892,LOF,0.09924197569874928,0.03280640318917429,0.8679516211120765
25893,LOF,0.3084622367229509,0.026658747023308327,0.6648790162537408
25894,LOF,0.19145841857396617,0.01326048046783851,0.7952811009581954
25895,LOF,0.24325744958670634,0.015865100114987075,0.7408774502983065
25896,LOF,0.053779215337490735,0.02508880330077875,0.9211319813617306
25897,LOF,0.24140285894365007,0.029342698306570728,0.7292544427497791
25898,Neutral,0.7708719584541449,0.023420692583635945,0.20570734896221923
25899,LOF,0.24906288320278158,0.06966378793504234,0.681273328862176
25900,Neutral,0.604992601701335,0.02040126795387782,0.37460613034478724
25901,LOF,0.047509115908743633,0.01631258388047498,0.9361783002107814
25902,LOF,0.1897944456800202,0.0168766269136498,0.79332892740633
25903,Neutral,0.5971730018997163,0.056098764457226315,0.34672823364305744
25904,LOF,0.36399878392834206,0.04156402138906704,0.5944371946825909
25905,GOF,0.03575127419907349,0.55326731748173,0.4109814083191965
25906,LOF,0.02433548262881282,0.10972705007908921,0.865937467292098
25907,LOF,0.013982352815261423,0.4817363597708201,0.5042812874139185
25908,LOF,0.015624548788686094,0.3545001566471017,0.6298752945642122
25909,LOF,0.018826832779858173,0.22525223211808768,0.755920935102054
25910,LOF,0.023829921671611225,0.38847287271128506,0.5876972056171037
25911,LOF,0.06526299559938613,0.06399951489841607,0.8707374895021979
25912,LOF,0.02545734956806232,0.11414691267752179,0.8603957377544159
25913,LOF,0.20298855494384654,0.030597490867189513,0.766413954188964
25914,LOF,0.02687455744635247,0.060268413019845174,0.9128570295338024
25915,Neutral,0.42789117640334445,0.2931441795175759,0.27896464407907967
25916,LOF,0.04604308749393277,0.3501228421012874,0.6038340704047799
25917,LOF,0.051630835308530486,0.04446045418611568,0.9039087105053539
25918,LOF,0.030564871686210218,0.036465480516141464,0.9329696477976483
25919,LOF,0.030003854177956136,0.03597979946979992,0.934016346352244
25920,GOF,0.12348951742993453,0.5418100802927911,0.3347004022772744
25921,LOF,0.039668007149952035,0.024559797516654894,0.9357721953333931
25922,LOF,0.051990974981097664,0.016196143801658718,0.9318128812172437
25923,LOF,0.372070041552101,0.0285188894961809,0.5994110689517181
25924,LOF,0.04833343137647722,0.0201334789546675,0.9315330896688553
25925,LOF,0.07870707102159177,0.029830271331582604,0.8914626576468255
25926,LOF,0.05704272649865288,0.018438191461881862,0.9245190820394652
25927,LOF,0.08773965887017499,0.06805621191203863,0.8442041292177864
25928,LOF,0.02555520299861113,0.014178499025106052,0.9602662979762828
25929,Neutral,0.4883020654078327,0.02658668281877507,0.48511125177339215
25930,LOF,0.08006222808907804,0.01921521804707705,0.900722553863845
25931,LOF,0.03178197589517049,0.011096813549513808,0.9571212105553156
25932,LOF,0.03093781423275081,0.012878563219558825,0.9561836225476904
25933,LOF,0.03911357362303133,0.010302248089292091,0.9505841782876765
25934,LOF,0.02803914521538296,0.014596118231704204,0.9573647365529128
25935,LOF,0.07668668503220741,0.02610252716859764,0.8972107877991949
25936,LOF,0.0414199347865237,0.012083998820305518,0.9464960663931709
25937,LOF,0.03796240172346418,0.019713554846388752,0.942324043430147
25938,LOF,0.06798377196281379,0.033165403474194,0.8988508245629923
25939,LOF,0.03485758499380847,0.01354622376524021,0.9515961912409513
25940,GOF,0.026799746889955334,0.6184857128624828,0.3547145402475619
25941,LOF,0.20039052649345307,0.0323568345831808,0.7672526389233661
25942,LOF,0.019480546830061306,0.015846382316643117,0.9646730708532955
25943,LOF,0.3376954224730228,0.032400593159345896,0.6299039843676313
25944,Neutral,0.5139863806742655,0.01758435948384549,0.46842925984188893
25945,LOF,0.0746567614124857,0.03190944266976679,0.8934337959177476
25946,LOF,0.036159615428300484,0.2169459632497697,0.7468944213219298
25947,LOF,0.11478408548605025,0.22023033829642907,0.6649855762175206
25948,LOF,0.3969018638412575,0.02392855955950622,0.5791695765992363
25949,LOF,0.09556054608794559,0.050145955793736624,0.8542934981183178
25950,GOF,0.18911341360750655,0.45518419411542216,0.35570239227707123
25951,LOF,0.19331708921402257,0.17114858978415834,0.6355343210018192
25952,LOF,0.03244011718188498,0.47921626608293666,0.4883436167351785
25953,LOF,0.12352958729535414,0.1798673292964142,0.6966030834082316
25954,Neutral,0.3914525425444543,0.293446163295391,0.3151012941601547
25955,LOF,0.053009172070101404,0.1743674251595239,0.7726234027703747
25956,LOF,0.21009168195634617,0.07445652846608403,0.7154517895775697
25957,LOF,0.04253552850445391,0.03259135317049416,0.9248731183250519
25958,LOF,0.08066753488632651,0.03209856013690608,0.8872339049767674
25959,GOF,0.13751896439153205,0.4345812412256601,0.4278997943828079
25960,LOF,0.026070035773748574,0.061833492055647206,0.9120964721706043
25961,LOF,0.08329440253120377,0.04531089469429934,0.8713947027744969
25962,LOF,0.04104065097822106,0.07005553263143671,0.8889038163903422
25963,LOF,0.048415685635380595,0.1927940367945226,0.7587902775700968
25964,LOF,0.027982476729725692,0.24871796122275336,0.7232995620475209
25965,Neutral,0.5011714121298517,0.05862390466638207,0.4402046832037662
25966,GOF,0.2698082586197803,0.4088787293389726,0.32131301204124696
25967,LOF,0.011470240949501664,0.1716852304527179,0.8168445285977805
25968,LOF,0.05870429598123174,0.4015935337989927,0.5397021702197755
25969,LOF,0.02573067242311705,0.05737740519902731,0.9168919223778557
25970,LOF,0.05777402711731127,0.04622371611739088,0.8960022567652978
25971,LOF,0.1021382817805815,0.026515600784908656,0.8713461174345098
25972,LOF,0.08620538852241336,0.0332918462727234,0.8805027652048631
25973,LOF,0.08630893224318363,0.015387828311489953,0.8983032394453263
25974,LOF,0.3204042271427366,0.03153007705241766,0.6480656958048457
25975,LOF,0.04245609748033708,0.03669035205172867,0.9208535504679344
25976,LOF,0.03718774256415061,0.028016444016739264,0.9347958134191102
25977,LOF,0.12511106583946058,0.13087190228619805,0.7440170318743413
25978,LOF,0.1784459511619239,0.13053562298768523,0.6910184258503909
25979,LOF,0.17022137711964413,0.09437584305910714,0.7354027798212487
25980,LOF,0.2066726499298652,0.19287095662004614,0.6004563934500886
25981,LOF,0.2066726499298652,0.19287095662004614,0.6004563934500886
25982,LOF,0.383061469857884,0.10328900075811302,0.5136495293840031
25983,LOF,0.39612289163166686,0.10555584278787368,0.49832126558045947
25984,LOF,0.033859358649770084,0.07735540148257138,0.8887852398676586
25985,LOF,0.02142078548177851,0.3196276269026691,0.6589515876155523
25986,LOF,0.02634740364954644,0.3935972144683634,0.5800553818820903
25987,LOF,0.08530508592872886,0.07396132153505607,0.840733592536215
25988,LOF,0.06604264490861544,0.07672312047132546,0.8572342346200591
25989,LOF,0.02361003776338794,0.14610932383258382,0.8302806384040283
25990,LOF,0.033292117344521935,0.14278760327136875,0.8239202793841094
25991,LOF,0.2060630615351764,0.30801544809503034,0.4859214903697932
25992,LOF,0.3759047297963401,0.19091941388894476,0.4331758563147152
25993,LOF,0.03382977771700478,0.08527085009797923,0.8808993721850159
25994,LOF,0.022526149618740006,0.11077333568901383,0.8667005146922462
25995,LOF,0.03152390278907542,0.10308914280105204,0.8653869544098725
25996,GOF,0.24321048329936099,0.44121709132826314,0.31557242537237584
25997,GOF,0.11742129953364938,0.45665773668458687,0.4259209637817637
25998,Neutral,0.501642576302369,0.02152354219072986,0.47683388150690104
25999,GOF,0.09193157386911747,0.4776486465597629,0.43041977957111954
26000,LOF,0.05498339985849196,0.034274245216195265,0.9107423549253129
26001,LOF,0.1495306002624999,0.04590655285053778,0.8045628468869623
26002,LOF,0.07855199365168045,0.05084539923851613,0.8706026071098034
26003,GOF,0.009848870955357289,0.7928259395561511,0.19732518948849165
26004,GOF,0.021651577039319025,0.803833190703293,0.17451523225738808
26005,GOF,0.01075096130247182,0.6920008346862,0.2972482040113282
26006,GOF,0.4213731353624124,0.46972885671099324,0.1088980079265944
26007,GOF,0.015664493776248636,0.7862812296382616,0.1980542765854897
26008,GOF,0.012597666465197431,0.7725087749331191,0.21489355860168358
26009,GOF,0.02494334900723604,0.8187515804987392,0.1563050704940249
26010,GOF,0.02102254434599644,0.8224478872755474,0.15652956837845614
26011,GOF,0.009716322996739007,0.685141782532974,0.30514189447028706
26012,GOF,0.014855185675032067,0.7861496558971358,0.19899515842783205
26013,GOF,0.012283148023702095,0.8144555684253807,0.17326128355091736
26014,LOF,0.04057146701807347,0.11021052226626747,0.849218010715659
26015,LOF,0.24300584022578717,0.007953636879577945,0.7490405228946349
26016,LOF,0.31307299075126155,0.029500243494717415,0.657426765754021
26017,LOF,0.21062863513168675,0.04474271271947173,0.7446286521488416
26018,LOF,0.08062382476930044,0.022138452242735678,0.8972377229879638
26019,LOF,0.08064240452700319,0.015611555449975577,0.9037460400230213
26020,LOF,0.08485701192744394,0.04291030246717759,0.8722326856053785
26021,LOF,0.08334422773755004,0.055086547258406615,0.8615692250040433
26022,LOF,0.016115998176071,0.029311348117868608,0.9545726537060604
26023,LOF,0.1634946514782362,0.020407544897326133,0.8160978036244377
26024,LOF,0.03726901456193843,0.06266117061993254,0.900069814818129
26025,LOF,0.22209205222542447,0.049888808866092184,0.7280191389084832
26026,LOF,0.4106183418869033,0.008726470750810011,0.5806551873622867
26027,LOF,0.08339343439553645,0.011780929737700356,0.9048256358667632
26028,LOF,0.1950975474486996,0.09280590026573543,0.712096552285565
26029,LOF,0.13309238916729502,0.1635459884728848,0.7033616223598201
26030,LOF,0.0477544286217111,0.035972476077728674,0.9162730953005602
26031,LOF,0.04341629108793713,0.13389705341110025,0.8226866555009625
26032,LOF,0.07343818265311704,0.03969818315968938,0.8868636341871936
26033,LOF,0.17904987690885177,0.058413494272931826,0.7625366288182163
26034,LOF,0.0640815646165969,0.1077444306680934,0.8281740047153097
26035,LOF,0.05029610782794941,0.12214314090636905,0.8275607512656816
26036,LOF,0.06808481468293594,0.11276456634011722,0.819150618976947
26037,LOF,0.04097869224265839,0.09336831409484132,0.8656529936625003
26038,LOF,0.07175946555232234,0.03774069361412151,0.8904998408335562
26039,LOF,0.08649162255096488,0.11409475837347909,0.799413619075556
26040,LOF,0.3280203135964939,0.08702815725901449,0.5849515291444916
26041,LOF,0.04209844650832407,0.09683540865265772,0.8610661448390183
26042,LOF,0.041489834513168886,0.08658157445444682,0.8719285910323844
26043,LOF,0.0722123830883469,0.051818618789851986,0.8759689981218011
26044,LOF,0.04429408721217546,0.048356667059526674,0.907349245728298
26045,LOF,0.1246219587026548,0.08471424291469604,0.7906637983826491
26046,LOF,0.07867313282983758,0.0539529501256007,0.8673739170445618
26047,LOF,0.10327277899795494,0.05296082615342553,0.8437663948486196
26048,LOF,0.06519440979742412,0.04208231951920317,0.8927232706833728
26049,Neutral,0.9416258514269369,0.00818924480730318,0.05018490376575988
26050,Neutral,0.9208448081657085,0.009145746815179266,0.0700094450191122
26051,GOF,0.037246148135202335,0.5775022601407058,0.3852515917240919
26052,GOF,0.03373314007129859,0.689424124712532,0.2768427352161694
26053,LOF,0.058239269264373277,0.3331759168912155,0.6085848138444112
26054,LOF,0.06353976015343887,0.051169797875007125,0.8852904419715539
26055,LOF,0.07136590790797272,0.056833398772713824,0.8718006933193135
26056,LOF,0.05411641865175553,0.06645821582471226,0.8794253655235321
26057,LOF,0.028564628426915553,0.05083192513677492,0.9206034464363096
26058,LOF,0.02875726518694353,0.04798753788506617,0.9232551969279903
26059,LOF,0.3723158228626559,0.08494090310809826,0.5427432740292459
26060,LOF,0.029174062885316338,0.41290690401791513,0.5579190330967685
26061,LOF,0.020504765999155124,0.07316328912471098,0.9063319448761339
26062,LOF,0.01582973367877085,0.06195227163509317,0.9222179946861361
26063,LOF,0.0244059111106813,0.051125109797073555,0.924468979092245
26064,LOF,0.027221630051115542,0.05226971314311969,0.9205086568057649
26065,LOF,0.02697456377941294,0.0436833006764219,0.9293421355441652
26066,LOF,0.02083219418432511,0.06083716043110537,0.9183306453845695
26067,LOF,0.022861352473940423,0.044613429772884156,0.9325252177531754
26068,LOF,0.05098047582403174,0.08093939106231873,0.8680801331136495
26069,LOF,0.4182668827703651,0.072686205140464,0.5090469120891709
26070,Neutral,0.6076217796248898,0.04003830639898037,0.35233991397612974
26071,LOF,0.023536066127625845,0.06285618768450874,0.9136077461878656
26072,LOF,0.027136152859416313,0.09323611763987237,0.8796277295007112
26073,LOF,0.026354042342127876,0.04083633284638861,0.9328096248114836
26074,Neutral,0.8907905771424859,0.017118990814864492,0.09209043204264977
26075,LOF,0.049856152051925694,0.056176607564708846,0.8939672403833655
26076,LOF,0.03540095388973995,0.040521851132851866,0.9240771949774083
26077,LOF,0.012120670520888784,0.09786329912454952,0.8900160303545616
26078,LOF,0.01586195844773122,0.06395966570422623,0.9201783758480425
26079,LOF,0.05138403364669298,0.06450015596332521,0.8841158103899819
26080,LOF,0.05138403364669298,0.06450015596332521,0.8841158103899819
26081,LOF,0.03196672099478317,0.038115784320070095,0.9299174946851467
26082,LOF,0.024297590705465673,0.06130176837667465,0.9144006409178597
26083,LOF,0.09383495797889446,0.05428966075664057,0.851875381264465
26084,LOF,0.027203536891869804,0.06843488055435668,0.9043615825537735
26085,LOF,0.021878290840460175,0.06623044197070446,0.9118912671888354
26086,LOF,0.02318050831631087,0.05922643835484421,0.917593053328845
26087,LOF,0.024898047381822823,0.049282402833846176,0.925819549784331
26088,LOF,0.02529031436271896,0.08248387027251353,0.8922258153647674
26089,LOF,0.04869785188672341,0.055370081180131064,0.8959320669331455
26090,LOF,0.04473168757695111,0.04971911014354713,0.9055492022795018
26091,LOF,0.039739740375600165,0.029443294596747528,0.9308169650276523
26092,LOF,0.02771961257315091,0.044424307204356375,0.9278560802224928
26093,LOF,0.03878072178957197,0.0286993460619853,0.9325199321484428
26094,LOF,0.043694195478397604,0.024174690593174727,0.9321311139284277
26095,LOF,0.04518014899407495,0.07234869450774546,0.8824711564981796
26096,LOF,0.020132706453528694,0.05572775143952709,0.9241395421069442
26097,LOF,0.01201872207028848,0.14165298313404484,0.8463282947956667
26098,LOF,0.06303442194506961,0.05070502145717024,0.8862605565977602
26099,LOF,0.023656173744271022,0.08340680250006552,0.8929370237556635
26100,LOF,0.023656173744271022,0.08340680250006552,0.8929370237556635
26101,LOF,0.058619761813176574,0.06449943920898264,0.8768807989778409
26102,LOF,0.02439012843791758,0.060122822748181835,0.9154870488139006
26103,Neutral,0.8208074268908011,0.07786627148144021,0.10132630162775856
26104,LOF,0.049090287590736414,0.09805555950695587,0.8528541529023077
26105,LOF,0.36462652139584756,0.13840226328030092,0.4969712153238515
26106,LOF,0.1681868333645802,0.06116881477802097,0.7706443518573989
26107,LOF,0.2767205051836601,0.07265575476983573,0.6506237400465041
26108,LOF,0.1954261389601653,0.06314396956699268,0.741429891472842
26109,LOF,0.08245289969155901,0.09851673918172604,0.8190303611267149
26110,LOF,0.321348281544755,0.03238474013109739,0.6462669783241477
26111,LOF,0.4584600461048404,0.031622168119818515,0.509917785775341
26112,LOF,0.048939570869670226,0.026671648730833768,0.924388780399496
26113,LOF,0.061292832774178595,0.05350688601379055,0.885200281212031
26114,LOF,0.027183021596894123,0.043402743189281695,0.9294142352138242
26115,LOF,0.12344443233343534,0.06808927579693086,0.8084662918696338
26116,LOF,0.08469644157878338,0.07328112294764914,0.8420224354735674
26117,LOF,0.22981492906752862,0.16608376050518292,0.6041013104272884
26118,LOF,0.033864370858187616,0.061505603103088426,0.9046300260387239
26119,LOF,0.022648166755109743,0.19661227433329626,0.7807395589115941
26120,LOF,0.02988320694788533,0.07508645264202175,0.8950303404100929
26121,LOF,0.048309238890912945,0.21079119083683304,0.740899570272254
26122,LOF,0.0641884492914086,0.1695407074900255,0.766270843218566
