feature0,prediction,LoGoFunc_Neutral,LoGoFunc_GOF,LoGoFunc_LOF
25546,Neutral,0.6112012985651546,0.06566112754119299,0.32313757389365233
25547,Neutral,0.47150139359203325,0.11245096026385216,0.41604764614411466
25548,Neutral,0.4661780172121146,0.08664465108089572,0.44717733170698964
25549,LOF,0.4005967933539236,0.08837332569411559,0.5110298809519608
25550,LOF,0.3478606364925652,0.12197427437401438,0.5301650891334204
25551,LOF,0.30676405667152296,0.13349821855471114,0.5597377247737659
25552,LOF,0.25562766689878563,0.12690481166370166,0.6174675214375126
25553,Neutral,0.8062587372699241,0.04761334306592637,0.14612791966414942
25554,LOF,0.3003927355006374,0.11402025834705225,0.5855870061523104
25555,LOF,0.25088470219979064,0.10912035116037147,0.6399949466398379
25556,LOF,0.4487491013324609,0.0997557774601035,0.45149512120743557
25557,LOF,0.24543981017157054,0.11476878922409622,0.6397914006043333
25558,LOF,0.3039371508968931,0.11432861289830326,0.5817342362048036
25559,LOF,0.18419873541752996,0.14213105021860648,0.6736702143638635
25560,LOF,0.16165824387841773,0.10033412337007155,0.7380076327515107
25561,LOF,0.15391472180845608,0.10709501153522574,0.7389902666563181
25562,LOF,0.07569914980857453,0.0746903023074268,0.8496105478839986
25563,LOF,0.023413565084021017,0.1307778855926651,0.8458085493233138
25564,LOF,0.2327148770195379,0.11360107772661539,0.6536840452538467
25565,LOF,0.2049734928161617,0.1577413020734314,0.637285205110407
25566,GOF,0.08934849485152083,0.7485502191639214,0.16210128598455775
25567,LOF,0.03821112563132682,0.11617214315258073,0.8456167312160926
25568,LOF,0.0589768967933314,0.06567070542512493,0.8753523977815437
25569,LOF,0.058004637942815365,0.06767344934304265,0.8743219127141421
25570,LOF,0.026037658567302096,0.09246692969452631,0.8814954117381717
25571,LOF,0.025957423118612964,0.09568197040611898,0.8783606064752681
25572,LOF,0.061015287153009676,0.11120389715644426,0.8277808156905462
25573,LOF,0.055196107288107185,0.08084823368597269,0.8639556590259201
25574,LOF,0.05489672611138958,0.1810894462660594,0.764013827622551
25575,LOF,0.0224300854682957,0.1048241665502781,0.8727457479814261
25576,LOF,0.03089834777568669,0.13222917257234473,0.8368724796519685
25577,LOF,0.029380845064954086,0.10372213446010037,0.8668970204749455
25578,LOF,0.2992085691710358,0.0702735106831758,0.6305179201457883
25579,LOF,0.14205003687071488,0.07539602402413569,0.7825539391051496
25580,LOF,0.01914289035470006,0.07285813079324892,0.907998978852051
25581,LOF,0.0561427831784852,0.0604127763842018,0.883444440437313
25582,LOF,0.05611819444443273,0.05927839061745118,0.884603414938116
25583,LOF,0.019074409308232235,0.07360833627136178,0.907317254420406
25584,Neutral,0.6716827725201678,0.09049739217122145,0.2378198353086107
25585,LOF,0.026251244339597486,0.11484167715857346,0.8589070785018291
25586,LOF,0.017128869198897986,0.06113814256507883,0.9217329882360232
25587,LOF,0.016967942254517643,0.056457242418133574,0.9265748153273489
25588,LOF,0.02009319332971048,0.06769536351653797,0.9122114431537516
25589,Neutral,0.5145180696484037,0.18671255735998948,0.2987693729916067
25590,LOF,0.04684637647067919,0.11093981305489269,0.8422138104744281
25591,LOF,0.09536175379649818,0.051893806560066126,0.8527444396434356
25592,LOF,0.056182240731517626,0.12022405297811205,0.8235937062903703
25593,LOF,0.14011614658949015,0.23731358404011368,0.6225702693703962
25594,LOF,0.05305698593883763,0.10921118448205001,0.8377318295791123
25595,LOF,0.05003705407886723,0.07311490776010897,0.8768480381610239
25596,LOF,0.11024972412423008,0.047031824640889106,0.8427184512348809
25597,LOF,0.08057354022919597,0.05587253866528575,0.8635539211055182
25598,LOF,0.04921506881458696,0.07714450195257988,0.8736404292328331
25599,LOF,0.019931694098505634,0.48555265901712413,0.4945156468843702
25600,GOF,0.1732868920842293,0.501517602786979,0.3251955051287917
25601,LOF,0.03664243633667579,0.3880373714797894,0.5753201921835348
25602,LOF,0.033069924846647406,0.07408217909354163,0.8928478960598111
25603,LOF,0.02823288280255554,0.03719790761496595,0.9345692095824786
25604,LOF,0.029720084146836925,0.09321214035163923,0.8770677755015238
25605,LOF,0.03335173698955585,0.20632600151137623,0.760322261499068
25606,LOF,0.3866536467253176,0.12580596193095372,0.4875403913437287
25607,LOF,0.023262733872658106,0.19240926142958142,0.7843280046977604
25608,LOF,0.03453066927979412,0.06731559741359279,0.898153733306613
25609,GOF,0.1587413590449191,0.4758325092460794,0.36542613170900157
25610,LOF,0.014028015516872794,0.02674160992180296,0.9592303745613242
25611,LOF,0.012228297784672297,0.031035078012052755,0.9567366242032751
25612,LOF,0.04531367584153204,0.04540600359780108,0.9092803205606669
25613,LOF,0.042976499880932675,0.046196445424632096,0.9108270546944353
25614,LOF,0.019768744811020148,0.025913783597108702,0.9543174715918711
25615,LOF,0.043523202012226994,0.041695140769697714,0.9147816572180754
25616,LOF,0.04343692851919636,0.02908521144745466,0.9274778600333491
25617,LOF,0.03702684565029761,0.03944893927350547,0.923524215076197
25618,LOF,0.047310615441662526,0.03606699224088761,0.9166223923174498
25619,LOF,0.012638913043313564,0.03238057990111952,0.954980507055567
25620,LOF,0.060800292510823924,0.04388841224232911,0.8953112952468469
25621,LOF,0.05103143351637388,0.03691078787849943,0.9120577786051267
25622,LOF,0.0622023983212995,0.03486508436451875,0.9029325173141817
25623,LOF,0.06849500608707329,0.028013311455751984,0.9034916824571748
25624,LOF,0.01744799865887791,0.03269800897039769,0.9498539923707243
25625,LOF,0.06233705786022247,0.03901974298208362,0.8986431991576939
25626,LOF,0.04201180623848951,0.04203104668286861,0.9159571470786418
25627,Neutral,0.8911707780979166,0.015450333251512606,0.09337888865057091
25628,LOF,0.13236018271950387,0.04719993574851003,0.8204398815319861
25629,LOF,0.06775220424296925,0.03931103668507356,0.8929367590719571
25630,LOF,0.2556035641662972,0.05428445122650199,0.6901119846072008
25631,Neutral,0.5504762848670774,0.04525165790809044,0.4042720572248321
25632,LOF,0.027687288782924094,0.07224669577996978,0.9000660154371062
25633,LOF,0.191993320682292,0.0372004157196139,0.7708062635980941
25634,LOF,0.03348883146982692,0.08089494991711214,0.8856162186130608
25635,LOF,0.038248804817601664,0.04350665234682651,0.9182445428355719
25636,LOF,0.03438602437721265,0.45677352815033795,0.5088404474724493
25637,LOF,0.06295331112628906,0.46731332517604207,0.4697333636976688
25638,LOF,0.03087574834729063,0.31594251413907937,0.65318173751363
25639,LOF,0.028092572971623413,0.3525897996769172,0.6193176273514593
25640,Neutral,0.8164049160554891,0.1370959003151553,0.04649918362935549
25641,LOF,0.05989713093443275,0.4412049710055779,0.49889789805998924
25642,LOF,0.0385192713221258,0.14699015332171764,0.8144905753561565
25643,LOF,0.236755337657492,0.1755103469891548,0.5877343153533533
25644,LOF,0.021597183192052873,0.46194390840442956,0.5164589084035176
25645,LOF,0.023739425174402595,0.3960424258122716,0.5802181490133258
25646,LOF,0.05625247129626065,0.317659189185551,0.6260883395181883
25647,LOF,0.02381908006359333,0.26282655093959056,0.7133543689968161
25648,LOF,0.03339959904911352,0.2339340989536735,0.732666301997213
25649,LOF,0.01749837576998245,0.23553417662846396,0.7469674476015536
25650,LOF,0.05529917789984306,0.4198820053367214,0.5248188167634356
25651,LOF,0.01766270339816172,0.26023045818132373,0.7221068384205146
25652,LOF,0.03529391934758475,0.2493934231437494,0.7153126575086659
25653,LOF,0.0816115011204584,0.39683574714466896,0.5215527517348726
25654,LOF,0.02614678873482341,0.20787628109004608,0.7659769301751306
25655,GOF,0.19581989100074992,0.40972480104773495,0.39445530795151507
25656,LOF,0.25300630841584026,0.058723356456653435,0.6882703351275062
25657,LOF,0.06357903039800727,0.06537970409168235,0.8710412655103104
25658,LOF,0.35526529596249734,0.06888101784475346,0.5758536861927491
25659,Neutral,0.5112999655451524,0.09896743229125744,0.3897326021635902
25660,LOF,0.02133548394153237,0.09445160579024911,0.8842129102682186
25661,LOF,0.09092986054092038,0.06642418457422886,0.8426459548848508
25662,LOF,0.033670344079591186,0.03651661270231029,0.9298130432180987
25663,LOF,0.041352521463927906,0.05159072397915041,0.9070567545569216
25664,LOF,0.14519490402680874,0.07073620055937414,0.7840688954138172
25665,LOF,0.05522716548074042,0.03272440165852455,0.9120484328607351
25666,LOF,0.0901631633237958,0.08740523059411906,0.8224316060820851
25667,LOF,0.06705343555909339,0.04332956341352034,0.8896170010273863
25668,LOF,0.03574895027125608,0.055517118232566665,0.9087339314961773
25669,LOF,0.03136127392772456,0.05632258377532292,0.9123161422969526
25670,LOF,0.14521921165353602,0.06477780315922872,0.7900029851872352
25671,LOF,0.10114598614992486,0.03847227151404001,0.8603817423360351
25672,LOF,0.052506529842691,0.044666677751386434,0.9028267924059226
25673,LOF,0.08264421674927075,0.049477493011672063,0.8678782902390573
25674,LOF,0.07118089936948988,0.05827943375876348,0.8705396668717468
25675,LOF,0.12094069201110952,0.05932392171360542,0.8197353862752851
25676,LOF,0.017323855794447906,0.055828192499190826,0.9268479517063611
25677,LOF,0.025824406255776235,0.07429972607027531,0.8998758676739484
25678,LOF,0.21115957961084172,0.05894281124081585,0.7298976091483425
25679,LOF,0.12462941197267687,0.08418752526673069,0.7911830627605925
25680,LOF,0.0322217278100906,0.11646992400202673,0.8513083481878828
25681,LOF,0.05093702286510437,0.10761845423280005,0.8414445229020956
25682,LOF,0.13429348641667452,0.07690711692755971,0.7887993966557657
25683,LOF,0.1164886157834218,0.09122735438977585,0.7922840298268023
25684,LOF,0.045620978068357076,0.079486920879651,0.874892101051992
25685,LOF,0.12218678665175634,0.05124507225558775,0.826568141092656
25686,LOF,0.06916236359020528,0.0890567936141573,0.8417808427956374
25687,LOF,0.11282735180626799,0.10207969918329436,0.7850929490104377
25688,LOF,0.30972106566785945,0.03395267444128613,0.6563262598908544
25689,LOF,0.23143076386367534,0.03747068155203485,0.7310985545842897
25690,LOF,0.35475790314150163,0.030085146695079158,0.6151569501634192
25691,Neutral,0.698422806777728,0.023175184949547036,0.278402008272725
25692,LOF,0.2809594069571591,0.011835141835815445,0.7072054512070254
25693,LOF,0.05318612384741811,0.47256464347402033,0.4742492326785614
25694,LOF,0.11317806773342369,0.018336033087505876,0.8684858991790705
25695,LOF,0.11549802461901547,0.016559147080363257,0.8679428283006213
25696,LOF,0.10723136271572274,0.009383134812654556,0.8833855024716226
25697,LOF,0.1354929564620605,0.03660732373367182,0.8278997198042677
25698,LOF,0.3338453059943416,0.20932736355539233,0.4568273304502662
25699,LOF,0.42364489380753045,0.041641329086023415,0.5347137771064462
25700,LOF,0.0584745672376966,0.008831077956756299,0.9326943548055471
25701,LOF,0.13685345606324806,0.05095726045577162,0.8121892834809803
25702,GOF,0.17596307502428243,0.5564514864696948,0.26758543850602284
25703,LOF,0.016988513811951877,0.1763923165748109,0.8066191696132373
25704,LOF,0.04902126049613722,0.12762966096248043,0.8233490785413824
25705,LOF,0.06118544908571788,0.19929497395142162,0.7395195769628605
25706,LOF,0.09539443103008552,0.3938312264362123,0.5107743425337021
25707,LOF,0.08830265309922247,0.3044875720576175,0.6072097748431601
25708,LOF,0.031710031067373017,0.2667565917810721,0.701533377151555
25709,LOF,0.06189723128115225,0.04847975457879759,0.8896230141400502
25710,LOF,0.01249799503997382,0.14585931372831445,0.8416426912317116
25711,LOF,0.018203999788221042,0.10503300227762373,0.8767629979341551
25712,LOF,0.01328941611264477,0.2048717820985729,0.7818388017887823
25713,LOF,0.01903985123475161,0.08839242744792833,0.8925677213173201
25714,LOF,0.07121826372124666,0.08908279369766227,0.8396989425810911
25715,LOF,0.010466507797025413,0.16122936520145956,0.828304127001515
25716,LOF,0.013649246065769829,0.13874498252275397,0.8476057714114762
25717,LOF,0.012871310580820585,0.08783994709331418,0.8992887423258652
25718,LOF,0.012104406696819735,0.10436416416047203,0.8835314291427082
25719,LOF,0.016228948715435437,0.09551808636212754,0.888252964922437
25720,LOF,0.020677119692412992,0.08968748871015891,0.8896353915974281
25721,LOF,0.014886745772164338,0.12608598207045157,0.8590272721573842
25722,LOF,0.013059416647076869,0.1425999715957697,0.8443406117571535
25723,LOF,0.021726535190122066,0.05075863906040564,0.9275148257494723
25724,LOF,0.02180499822096478,0.09549528591931979,0.8826997158597155
25725,LOF,0.010861954434452642,0.07865953790432667,0.9104785076612207
25726,LOF,0.014705430776086959,0.114995502544653,0.87029906667926
25727,LOF,0.012249712391854921,0.08522021125648221,0.9025300763516628
25728,LOF,0.009111875262735136,0.13139609716838888,0.859492027568876
25729,LOF,0.009444454099505253,0.12629117037606893,0.8642643755244258
25730,LOF,0.013176443115724936,0.09887159580786267,0.8879519610764125
25731,LOF,0.01937972822685344,0.12989293069499772,0.8507273410781488
25732,LOF,0.014244337234217495,0.09229473327801788,0.8934609294877647
25733,LOF,0.015203110970250271,0.08604668588065473,0.898750203149095
25734,LOF,0.011878805110645848,0.13846177176730048,0.8496594231220537
25735,LOF,0.012760956040524992,0.10248284856993993,0.884756195389535
25736,LOF,0.013283321481490544,0.1310955116055461,0.8556211669129633
25737,LOF,0.020509246470091985,0.09304522303414008,0.8864455304957679
25738,LOF,0.012603269908067422,0.11999358508004504,0.8674031450118875
25739,LOF,0.019823538100729045,0.0863821633372327,0.8937942985620382
25740,LOF,0.02768586342951515,0.11346026698754377,0.8588538695829411
25741,LOF,0.014880026414657627,0.12266640756387619,0.8624535660214662
25742,LOF,0.11559439751403423,0.08837074160167126,0.7960348608842944
25743,LOF,0.030416767718278597,0.03474036673436243,0.9348428655473591
25744,Neutral,0.6117391815612441,0.17313118355392162,0.2151296348848343
25745,LOF,0.07755808880338952,0.06967720923626966,0.8527647019603408
25746,LOF,0.03870180197758341,0.08528647118162423,0.8760117268407924
25747,LOF,0.02284755220243091,0.0436467642960514,0.9335056835015177
25748,LOF,0.1052185749335471,0.06729934346696397,0.8274820815994889
25749,LOF,0.02564327040593105,0.07630152931370067,0.8980552002803682
25750,LOF,0.07938437383547198,0.08254018792596071,0.8380754382385673
25751,LOF,0.08612344738935498,0.06716039607297875,0.8467161565376662
25752,GOF,0.11278640418949558,0.631234041070286,0.25597955474021844
25753,LOF,0.019333637927937648,0.29915977009780564,0.6815065919742567
25754,GOF,0.01131993483887873,0.7865943975933658,0.20208566756775553
25755,LOF,0.02275986771990981,0.39956990625558503,0.5776702260245051
25756,LOF,0.04070686963489753,0.3936258552815295,0.565667275083573
25757,GOF,0.013357459638829144,0.8210978105360333,0.1655447298251376
25758,GOF,0.02828013642912013,0.8202562960728116,0.1514635674980683
25759,GOF,0.011507681114114482,0.5393607577321353,0.4491315611537502
25760,LOF,0.011493573388787424,0.2556946861428681,0.7328117404683444
25761,GOF,0.2464820471332491,0.6429330419439369,0.11058491092281393
25762,LOF,0.03620802851116061,0.2763739174947726,0.6874180539940667
25763,LOF,0.013497511119573822,0.22563357761891897,0.7608689112615072
25764,GOF,0.07374952424333228,0.6047285196377505,0.3215219561189171
25765,GOF,0.03611048475625418,0.7631476721725624,0.20074184307118348
25766,GOF,0.05809457608667385,0.7206618250035345,0.22124359890979176
25767,GOF,0.15556438065695175,0.5244008424874091,0.32003477685563925
25768,LOF,0.09302137893439623,0.06824698014547059,0.8387316409201331
25769,LOF,0.06822250009526254,0.07355119940182463,0.8582263005029129
25770,LOF,0.2884957971545255,0.08609391085554284,0.6254102919899317
25771,LOF,0.041427166678255925,0.047312266705393784,0.9112605666163502
25772,LOF,0.016828482574352602,0.03389397897764217,0.9492775384480053
25773,LOF,0.047351732704328325,0.08853676524236419,0.8641115020533074
25774,LOF,0.027388838771752865,0.07491810955153023,0.8976930516767169
25775,LOF,0.04748871558604662,0.04585899807451861,0.9066522863394347
25776,LOF,0.06311124092827915,0.02534177417936441,0.9115469848923564
25777,LOF,0.3361222567362051,0.050382204363963005,0.6134955388998319
25778,LOF,0.06378265139507207,0.05013508501274951,0.8860822635921785
25779,GOF,0.39276958183106264,0.5666995409480168,0.04053087722092056
25780,GOF,0.2999879211245184,0.6331967322229238,0.06681534665255787
25781,GOF,0.15495598704034078,0.7571111295762343,0.08793288338342478
25782,GOF,0.21837107366355127,0.7241086248130826,0.05752030152336611
25783,GOF,0.02786143118568548,0.6700262243502879,0.30211234446402657
25784,Neutral,0.5195699796910669,0.44554822032121877,0.034881799987714325
25785,GOF,0.463488388862182,0.5020521137485197,0.03445949738929831
25786,GOF,0.027576506136391427,0.7654378352481641,0.2069856586154444
25787,Neutral,0.6589526749468514,0.31844536133604007,0.02260196371710845
25788,LOF,0.04783127591795231,0.10934809136190575,0.842820632720142
25789,GOF,0.21375434935087592,0.6667970189513821,0.1194486316977419
25790,GOF,0.23346261043004743,0.6547319915953608,0.11180539797459188
25791,GOF,0.15822869931915393,0.687382994949902,0.15438830573094414
25792,GOF,0.3582089500092763,0.534322972349983,0.10746807764074068
25793,GOF,0.25037334475888806,0.5556206474113724,0.19400600782973954
25794,GOF,0.2882540710140293,0.5516741234086431,0.16007180557732748
25795,GOF,0.07669824870516274,0.6922604237475154,0.23104132754732176
25796,Neutral,0.5612206650004342,0.35892418780853186,0.07985514719103397
25797,GOF,0.0892846458251657,0.5793684012782605,0.33134695289657384
25798,GOF,0.00951987301334675,0.4980941439134764,0.49238598307317694
25799,LOF,0.007594848587977315,0.40697095779759346,0.5854341936144292
25800,GOF,0.03268075217683386,0.611763432398335,0.35555581542483117
25801,GOF,0.21385131128191792,0.674367340872045,0.11178134784603724
25802,GOF,0.07274851252509887,0.7034909975542564,0.22376048992064468
25803,GOF,0.0348459068287681,0.5971834387953542,0.3679706543758778
25804,GOF,0.031199820904996987,0.5058063016308479,0.46299387746415493
25805,GOF,0.09728268631432788,0.6122405180498098,0.2904767956358622
25806,GOF,0.09184957956672084,0.6115995897936521,0.29655083063962706
25807,GOF,0.018760744391735033,0.6396713149091136,0.34156794069915136
25808,GOF,0.08410766709645781,0.6642673457438718,0.25162498715967035
25809,GOF,0.01803466531460754,0.5824018117869464,0.39956352289844604
25810,GOF,0.016496423596658635,0.6173385102279482,0.3661650661753932
25811,Neutral,0.4718649262672082,0.45295703457042724,0.07517803916236462
25812,GOF,0.03546171551065662,0.64549890119057,0.3190393832987735
25813,Neutral,0.5183546664368855,0.3937738931252669,0.08787144043784752
25814,GOF,0.11084752493407939,0.6576220079943278,0.23153046707159278
25815,GOF,0.19720711270084867,0.6192797100913813,0.1835131772077701
25816,GOF,0.020394850354625883,0.6952559797447306,0.2843491699006435
25817,GOF,0.22230746814237204,0.6465320346732658,0.13116049718436218
25818,GOF,0.053658751837223344,0.6822674553305896,0.264073792832187
25819,GOF,0.3650002199894771,0.5096915943540107,0.12530818565651208
25820,GOF,0.19863978229269166,0.6125854873729007,0.18877473033440756
25821,GOF,0.06536437508078843,0.6840969858687805,0.250538639050431
25822,GOF,0.21777163584906664,0.5820791701522312,0.20014919399870215
25823,GOF,0.03366178610953465,0.5518548407367171,0.4144833731537483
25824,GOF,0.09032614112206383,0.6181301871108795,0.2915436717670566
25825,GOF,0.03611188112078427,0.6102210288736405,0.3536670900055753
25826,GOF,0.014008121556033254,0.5814571235081575,0.40453475493580915
25827,GOF,0.023377408209399642,0.6057357436038462,0.37088684818675416
25828,GOF,0.013359221527467147,0.5258266114305405,0.4608141670419924
25829,GOF,0.005610788814842822,0.5723612838457226,0.42202792733943456
25830,LOF,0.03671987191619739,0.2891991926868034,0.6740809353969992
25831,GOF,0.20296945152830675,0.6763414767930142,0.12068907167867907
25832,GOF,0.03573926551188362,0.7317777259729804,0.232483008515136
25833,GOF,0.13212675543456626,0.7283096263380945,0.13956361822733934
25834,GOF,0.03492158708262409,0.7491656571664469,0.21591275575092894
25835,GOF,0.0792047482961037,0.766374270388048,0.15442098131584847
25836,GOF,0.03842250693637367,0.7083169185524799,0.2532605745111465
25837,GOF,0.027376702467655212,0.6176653891995664,0.35495790833277846
25838,GOF,0.09327796810148652,0.7837806440186775,0.12294138787983598
25839,GOF,0.2940994519968942,0.5828158474820081,0.12308470052109774
25840,GOF,0.2373231449835956,0.6246009820360767,0.1380758729803276
25841,GOF,0.2430281921040852,0.6276546056865763,0.12931720220933854
25842,GOF,0.17935758696003265,0.7128013192485788,0.10784109379138852
25843,GOF,0.2417339792976364,0.6808472519797182,0.07741876872264543
25844,GOF,0.06782122593625592,0.7133882329702371,0.21879054109350696
25845,GOF,0.01864736932242489,0.5236485024687852,0.4577041282087898
25846,GOF,0.13541162122434844,0.7128581501772807,0.15173022859837085
25847,GOF,0.11985055637650914,0.7837361297319845,0.09641331389150641
25848,GOF,0.039776536684557426,0.7122625522301322,0.24796091108531024
25849,GOF,0.011793861268225856,0.6055004959103845,0.3827056428213897
25850,GOF,0.021250026401309106,0.6653829489879809,0.3133670246107101
25851,GOF,0.017922258016960724,0.5364896777529238,0.4455880642301155
25852,GOF,0.1618912957689486,0.5392134142070496,0.2988952900240018
25853,GOF,0.3512834043097278,0.5782324668857571,0.07048412880451514
25854,GOF,0.023365306798640836,0.6304649296281392,0.3461697635732201
25855,GOF,0.0354856912385624,0.5625075496119752,0.40200675914946243
25856,GOF,0.23244325130649005,0.5380869236363366,0.22946982505717334
25857,GOF,0.04024073934323856,0.5123799171069635,0.4473793435497979
25858,GOF,0.021410320116953402,0.5522310064732131,0.42635867340983347
25859,GOF,0.010680554379243163,0.5168461547396956,0.4724732908810611
25860,GOF,0.3660728408776954,0.5568536244383003,0.07707353468400427
25861,GOF,0.43002063489677933,0.5040575156834998,0.06592184941972094
25862,GOF,0.09335597084919105,0.7859966461933185,0.12064738295749054
25863,GOF,0.08021523024036546,0.7738217621743797,0.14596300758525493
25864,GOF,0.20370014428700292,0.732189289824984,0.0641105658880131
25865,GOF,0.09342667960665284,0.795817747177768,0.11075557321557924
25866,GOF,0.0603292197228928,0.7720836703439542,0.1675871099331529
25867,GOF,0.08878028485763215,0.813709998796839,0.09750971634552891
25868,GOF,0.25182620667858086,0.6458241754899793,0.1023496178314398
25869,Neutral,0.7189530746718492,0.24001580348049392,0.04103112184765683
25870,GOF,0.2741236096983294,0.3895918431844392,0.33628454711723155
25871,GOF,0.21109376354139878,0.6632409801518387,0.12566525630676248
25872,GOF,0.07865003327953064,0.6564285904296261,0.2649213762908432
25873,GOF,0.11770379189458868,0.6881234660564888,0.19417274204892254
25874,LOF,0.01502156131701225,0.125570720674099,0.8594077180088886
25875,LOF,0.08908517887548144,0.04458254477672335,0.8663322763477952
25876,LOF,0.03691267194514624,0.03553663158301233,0.9275506964718414
25877,Neutral,0.4856439497988024,0.053552782936972285,0.4608032672642254
25878,LOF,0.20040928668517144,0.09222988555460233,0.7073608277602262
25879,LOF,0.08147131243346402,0.09633108756539475,0.8221976000011412
25880,LOF,0.03915741001557533,0.01754303762489154,0.9432995523595331
25881,LOF,0.17662699773126728,0.14368794931690348,0.6796850529518293
25882,LOF,0.06498128731522533,0.020872519156806612,0.914146193527968
25883,LOF,0.06684661532364286,0.01957862809968256,0.9135747565766745
25884,LOF,0.03166567194559113,0.029651508047212616,0.9386828200071963
25885,LOF,0.062095683346081516,0.012705962783853577,0.9251983538700649
25886,LOF,0.27296659630903725,0.03650281830993571,0.6905305853810271
25887,LOF,0.1530533794798045,0.07561270634950688,0.7713339141706888
25888,LOF,0.06469806346576251,0.07046135016633388,0.8648405863679035
25889,LOF,0.039875496235475594,0.02108149224585195,0.9390430115186725
25890,LOF,0.04387721226782299,0.17308591930015899,0.783036868432018
25891,LOF,0.03841647014849813,0.05273666897289332,0.9088468608786087
25892,LOF,0.08354098562052131,0.022420292133195147,0.8940387222462836
25893,LOF,0.24092079122016238,0.01974515397990653,0.7393340547999312
25894,LOF,0.1851538337397249,0.010823284120029572,0.8040228821402455
25895,LOF,0.20078454279884905,0.02176793723539627,0.7774475199657548
25896,LOF,0.05196621915780433,0.021097877475754347,0.9269359033664414
25897,LOF,0.26130617605631434,0.012078479999524388,0.7266153439441613
25898,Neutral,0.6878282926982893,0.010026054718987742,0.3021456525827231
25899,LOF,0.22487701654577227,0.019903803900594094,0.7552191795536337
25900,LOF,0.4555831438639553,0.013858115416921564,0.5305587407191232
25901,LOF,0.0548219492640867,0.01130447591086845,0.9338735748250448
25902,LOF,0.1658239317586463,0.013526161086693429,0.8206499071546602
25903,Neutral,0.5870385071506096,0.03147810159609299,0.3814833912532974
25904,LOF,0.3210359320400515,0.04008017449948897,0.6388838934604595
25905,LOF,0.025596322984615377,0.3342160241255012,0.6401876528898836
25906,LOF,0.029646286705907497,0.07812416294964061,0.8922295503444518
25907,LOF,0.014665911256566917,0.3496911070710793,0.6356429816723539
25908,LOF,0.01082474712830541,0.2660785245817021,0.7230967282899925
25909,LOF,0.013569847244873355,0.13873859135202157,0.8476915614031051
25910,LOF,0.054913900434794986,0.12095328550457081,0.8241328140606341
25911,LOF,0.19260560818865494,0.029166451492975157,0.7782279403183698
25912,LOF,0.05045443475374749,0.050857036855469225,0.8986885283907833
25913,LOF,0.3455390757761557,0.028431681857918886,0.6260292423659254
25914,LOF,0.01933133509851915,0.05721499459920035,0.9234536703022804
25915,Neutral,0.5408618788205702,0.159246876123688,0.29989124505574166
25916,LOF,0.07529268253174887,0.19994804282175108,0.7247592746465
25917,LOF,0.057502908491006574,0.0442042225110012,0.8982928689979923
25918,LOF,0.021973659762336402,0.03672227249324003,0.9413040677444235
25919,LOF,0.018831691276868866,0.03878835208428569,0.9423799566388454
25920,GOF,0.11122730509316407,0.531684306166167,0.35708838874066884
25921,LOF,0.02222276500472107,0.03614965498541864,0.9416275800098602
25922,LOF,0.03306407006964069,0.027413167333313233,0.9395227625970461
25923,LOF,0.4565965268368224,0.036899789812125765,0.5065036833510519
25924,LOF,0.034292799465486114,0.044382604578997266,0.9213245959555167
25925,LOF,0.06656856946217557,0.043264400320771966,0.8901670302170525
25926,LOF,0.04867628475173228,0.03613933507510012,0.9151843801731675
25927,LOF,0.05390066435933846,0.14044302506810546,0.805656310572556
25928,LOF,0.016012954621253992,0.04497500265173403,0.939012042727012
25929,Neutral,0.571117195105816,0.03958159591316113,0.3893012089810229
25930,LOF,0.07081185915482849,0.032759946665061324,0.8964281941801101
25931,LOF,0.022284558239554334,0.031351335942246816,0.9463641058181989
25932,LOF,0.025591717667832876,0.027585019854378424,0.9468232624777887
25933,LOF,0.03570201159047093,0.020440126747823542,0.9438578616617056
25934,LOF,0.022292104898724324,0.02231503883201278,0.9553928562692628
25935,LOF,0.05750343846995639,0.05274436973203526,0.8897521917980084
25936,LOF,0.042288268229427835,0.02320695895219395,0.9345047728183782
25937,LOF,0.026040249213438865,0.034420707094096566,0.9395390436924647
25938,LOF,0.061951816553270936,0.05594570646563458,0.8821024769810946
25939,LOF,0.03693248964218249,0.019104454471825103,0.9439630558859923
25940,LOF,0.027406158618587605,0.3729514972681225,0.5996423441132899
25941,LOF,0.17397128087741595,0.12058984938204209,0.705438869740542
25942,LOF,0.013642537296449101,0.03585073960645765,0.9505067230970932
25943,LOF,0.2981960276533606,0.06060593286480119,0.6411980394818382
25944,Neutral,0.509951052759084,0.02691160864609046,0.46313733859482553
25945,LOF,0.07120741163542105,0.02411961788255408,0.904672970482025
25946,LOF,0.026890100676142226,0.12149417949766543,0.8516157198261923
25947,LOF,0.09496676826370105,0.19191471642870928,0.7131185153075897
25948,LOF,0.35037409006084436,0.0075650915509900525,0.6420608183881655
25949,LOF,0.1302412358241921,0.03404773812389376,0.8357110260519142
25950,GOF,0.2944017579924071,0.38226257771911715,0.32333566428847577
25951,LOF,0.195186745802154,0.25879585732734284,0.5460173968705031
25952,LOF,0.041442258495531105,0.4500211959997533,0.5085365455047156
25953,LOF,0.14320663579138573,0.10697007316387433,0.7498232910447399
25954,Neutral,0.43441218006291277,0.18251224645656614,0.3830755734805212
25955,LOF,0.052729458473824126,0.07945073320662531,0.8678198083195505
25956,LOF,0.16885023343128885,0.11710098779068857,0.7140487787780226
25957,LOF,0.043914787401160636,0.030712986766195396,0.9253722258326439
25958,LOF,0.05631218478198253,0.027845850892703777,0.9158419643253137
25959,LOF,0.06910666267985673,0.3453767022858775,0.5855166350342658
25960,LOF,0.0148073637240754,0.049861182813396396,0.9353314534625282
25961,LOF,0.04245769805796417,0.027860508957902097,0.9296817929841337
25962,LOF,0.05586266642785369,0.022484809329673287,0.921652524242473
25963,LOF,0.04742873049518735,0.18411160329206644,0.7684596662127462
25964,LOF,0.03602179779356326,0.14785006447584115,0.8161281377305957
25965,LOF,0.44482688630351874,0.06816066329914733,0.4870124503973339
25966,Neutral,0.5300979743714441,0.16048981519274952,0.3094122104358063
25967,LOF,0.0179956941885017,0.09645796650000787,0.8855463393114905
25968,LOF,0.026556637112421604,0.4170833071806255,0.5563600557069529
25969,LOF,0.032606926904527676,0.06911861025802891,0.8982744628374433
25970,LOF,0.062247450880042444,0.06376789731022042,0.8739846518097372
25971,LOF,0.0639505854026439,0.0191885391006444,0.9168608754967117
25972,LOF,0.06937177291278303,0.025549705061146986,0.9050785220260699
25973,LOF,0.0901249143314872,0.00854867027379826,0.9013264153947146
25974,LOF,0.1972742392219424,0.015832199423875683,0.786893561354182
25975,LOF,0.04849300509688086,0.02252128219067152,0.9289857127124475
25976,LOF,0.044459967319687446,0.014323506637459906,0.9412165260428527
25977,LOF,0.15766332976636466,0.08127674575196897,0.7610599244816664
25978,LOF,0.14907901622135267,0.07523831283247626,0.775682670946171
25979,LOF,0.1375431248103195,0.07184264236822405,0.7906142328214565
25980,LOF,0.23209057866324456,0.08879837258081237,0.679111048755943
25981,LOF,0.2680804074737719,0.08635679015024209,0.645562802375986
25982,LOF,0.4435435643837965,0.06589724245799614,0.4905591931582073
25983,LOF,0.3936626382097899,0.07387103212252759,0.5324663296676825
25984,LOF,0.047832904038508116,0.04972956922687508,0.9024375267346167
25985,LOF,0.04032965666404018,0.24017208576192756,0.7194982575740322
25986,LOF,0.047213139955260865,0.2859509284212789,0.6668359316234602
25987,LOF,0.08745142095703248,0.07056056425399879,0.8419880147889687
25988,LOF,0.1589666824580696,0.059412085900487924,0.7816212316414425
25989,LOF,0.03377025152883522,0.12452088924065115,0.8417088592305136
25990,LOF,0.043839752704930686,0.14745753120817873,0.8087027160868905
25991,LOF,0.1274873551984859,0.26647782198358777,0.6060348228179263
25992,LOF,0.2808290473422987,0.16579098111061455,0.5533799715470867
25993,LOF,0.01977537112216884,0.0707895869128964,0.9094350419649347
25994,LOF,0.014976672306350075,0.09378500157999349,0.8912383261136564
25995,LOF,0.02197780575461223,0.19012417171247656,0.7878980225329112
25996,GOF,0.30074712914592255,0.41659005846341834,0.2826628123906592
25997,LOF,0.07623987888094327,0.39461287562637076,0.529147245492686
25998,Neutral,0.5251392049464134,0.02349639737094215,0.45136439768264447
25999,LOF,0.11344797814674566,0.08594807107829901,0.8006039507749554
26000,LOF,0.153305161622947,0.04776016413783923,0.7989346742392136
26001,LOF,0.19486546783241773,0.06060166363029514,0.7445328685372872
26002,LOF,0.1363068801289843,0.05034671127818812,0.8133464085928276
26003,GOF,0.010230227380674868,0.592057118064057,0.3977126545552681
26004,GOF,0.018130295517771476,0.6700722552855394,0.3117974491966892
26005,LOF,0.006509706723039902,0.4521143313987028,0.5413759618782574
26006,Neutral,0.4923353379663752,0.27096621335363535,0.23669844867998954
26007,GOF,0.018897329188193968,0.530987801056938,0.4501148697548681
26008,GOF,0.015297414430370419,0.6071603786510935,0.377542206918536
26009,GOF,0.01948866599061211,0.7028094474594695,0.27770188654991834
26010,GOF,0.02212769925941045,0.6309398756221972,0.3469324251183923
26011,LOF,0.0066223382231221095,0.43217839667768926,0.5611992650991886
26012,GOF,0.012068550277712626,0.5738144273263017,0.4141170223959857
26013,GOF,0.01748738846649826,0.6294203574550555,0.35309225407844624
26014,LOF,0.042730487626313596,0.11107610694506649,0.84619340542862
26015,LOF,0.14329914385307393,0.01853798931984642,0.8381628668270796
26016,LOF,0.21625052182774224,0.07048739123295948,0.7132620869392983
26017,LOF,0.2329095113764212,0.10884699816841607,0.6582434904551627
26018,LOF,0.08118864856460947,0.039728720589747475,0.879082630845643
26019,LOF,0.07682398212443878,0.03222777177398364,0.8909482461015775
26020,LOF,0.07028459610677369,0.12504158738197266,0.8046738165112537
26021,LOF,0.04660781510677297,0.12928014691469886,0.8241120379785282
26022,LOF,0.010602601332761252,0.043740967176299786,0.945656431490939
26023,LOF,0.06747779850945872,0.025173709291257347,0.9073484921992838
26024,LOF,0.03123938023245607,0.13236220334792329,0.8363984164196205
26025,LOF,0.16750538028772732,0.09881391114007049,0.7336807085722021
26026,LOF,0.33412891285824914,0.03251790947209314,0.6333531776696578
26027,LOF,0.061710403058277956,0.020242394183017334,0.9180472027587047
26028,LOF,0.17072906135768393,0.0629184521636843,0.7663524864786317
26029,LOF,0.06328797462648969,0.20911449968012416,0.7275975256933861
26030,LOF,0.021375454542848647,0.05493126018080658,0.9236932852763448
26031,LOF,0.023208732199943856,0.14623456575315444,0.8305567020469017
26032,LOF,0.06479210412261016,0.08122394257124287,0.853983953306147
26033,LOF,0.080770837548263,0.07809743856736275,0.8411317238843743
26034,LOF,0.03954970320270992,0.17740339518540824,0.7830469016118818
26035,LOF,0.02423280960836972,0.16775720464127433,0.808009985750356
26036,LOF,0.03572670009856287,0.19194011268979114,0.772333187211646
26037,LOF,0.02019646489973159,0.13600236821643052,0.8438011668838378
26038,LOF,0.061056836210011074,0.08236107828913102,0.8565820855008579
26039,LOF,0.049079706960694185,0.16946129829369744,0.7814589947456083
26040,LOF,0.1943688341322613,0.13027532390249122,0.6753558419652474
26041,LOF,0.020581788969602288,0.1253638638671292,0.8540543471632684
26042,LOF,0.019059824855561725,0.11861040552010696,0.8623297696243313
26043,LOF,0.061977003735133464,0.0945839181044424,0.8434390781604241
26044,LOF,0.018466285513589538,0.07003212701314948,0.9115015874732609
26045,LOF,0.0689990034401869,0.11233760919955098,0.8186633873602621
26046,LOF,0.05642123785136218,0.07861535337562496,0.8649634087730129
26047,LOF,0.07317169544574517,0.08178506333901717,0.8450432412152377
26048,LOF,0.04889539117226118,0.04039461189578608,0.9107099969319529
26049,Neutral,0.9674284952496155,0.007457653249005003,0.02511385150137966
26050,Neutral,0.9532297243662909,0.009743701660616442,0.03702657397309246
26051,LOF,0.048085731682536985,0.2753998848388779,0.6765143834785851
26052,LOF,0.07056846611098004,0.32487935869435564,0.6045521751946643
26053,LOF,0.053685523314337805,0.13612135153523985,0.8101931251504224
26054,LOF,0.05158370328220232,0.01708431096012264,0.9313319857576752
26055,LOF,0.07396501553979196,0.014458476672963865,0.9115765077872441
26056,LOF,0.06205869952122998,0.016287271500911037,0.921654028977859
26057,LOF,0.028429278585817414,0.01316550119150227,0.9584052202226803
26058,LOF,0.029638539313194236,0.010545402240434572,0.9598160584463713
26059,LOF,0.2951136646458865,0.022545574003285097,0.6823407613508283
26060,LOF,0.0353122749983441,0.1953914440797124,0.7692962809219435
26061,LOF,0.0193425297736214,0.01069336797517629,0.9699641022512023
26062,LOF,0.00995632826370402,0.016934433666997283,0.9731092380692987
26063,LOF,0.01980406812603941,0.012021673107067572,0.968174258766893
26064,LOF,0.021670433199849355,0.020497966838736892,0.9578315999614138
26065,LOF,0.023564853533333232,0.011052022051361412,0.9653831244153053
26066,LOF,0.02088913504876042,0.01205272311029686,0.9670581418409427
26067,LOF,0.025093189478763586,0.00907495739429898,0.9658318531269373
26068,LOF,0.04677788512893875,0.02660270890815457,0.9266194059629066
26069,LOF,0.28030365132170937,0.018453234205806798,0.7012431144724839
26070,LOF,0.42393248479082585,0.015159706289022355,0.5609078089201518
26071,LOF,0.020100755963013042,0.01258874073926016,0.9673105032977268
26072,LOF,0.021648846194374162,0.016332945069040296,0.9620182087365856
26073,LOF,0.02005987981921515,0.011124435954727263,0.9688156842260576
26074,Neutral,0.9125206766081965,0.005589666577257811,0.08188965681454563
26075,LOF,0.04806947019244972,0.014510130286791705,0.9374203995207585
26076,LOF,0.03898518758539704,0.00937234998028605,0.9516424624343168
26077,LOF,0.009790942132631309,0.015062349258527272,0.9751467086088413
26078,LOF,0.013236803601948807,0.011535216066075077,0.9752279803319762
26079,LOF,0.06399761713797997,0.016936972075801172,0.919065410786219
26080,LOF,0.06266296784727715,0.016954223749321463,0.9203828084034015
26081,LOF,0.033955406905032785,0.006466759225965088,0.9595778338690021
26082,LOF,0.01306982484501584,0.015825409030579964,0.9711047661244043
26083,LOF,0.18275493581480207,0.013666901887838891,0.803578162297359
26084,LOF,0.03990616619533575,0.011477680355021343,0.9486161534496429
26085,LOF,0.0362970302097791,0.011024601546825413,0.9526783682433955
26086,LOF,0.01973344450973528,0.011565166822902739,0.968701388667362
26087,LOF,0.02387192522522308,0.008378512528383673,0.9677495622463932
26088,LOF,0.015809157137042996,0.0224231006288806,0.9617677422340765
26089,LOF,0.0433602921545103,0.020324650675327186,0.9363150571701624
26090,LOF,0.04342471372627482,0.01654768080352522,0.9400276054701998
26091,LOF,0.032464849595552424,0.006430480502245154,0.9611046699022026
26092,LOF,0.021363268911174068,0.008247229418038128,0.9703895016707877
26093,LOF,0.031555008700985036,0.005743596049932525,0.9627013952490824
26094,LOF,0.03481686203753493,0.006164400499800269,0.9590187374626647
26095,LOF,0.03989234337656923,0.013238313022698662,0.946869343600732
26096,LOF,0.01840713840478306,0.012040639136973239,0.9695522224582436
26097,LOF,0.011255701862545249,0.032314695601416414,0.9564296025360384
26098,LOF,0.0833764923058315,0.010595901266537235,0.9060276064276314
26099,LOF,0.020384903951148853,0.012380661708493636,0.9672344343403575
26100,LOF,0.022603892626942755,0.011857924689100742,0.9655381826839565
26101,LOF,0.045699933853444494,0.015711643317312285,0.9385884228292433
26102,LOF,0.020134149632282446,0.01326368587091194,0.9666021644968057
26103,Neutral,0.8780690224168812,0.017795353300992876,0.10413562428212575
26104,LOF,0.08161528255925689,0.022936754586442357,0.8954479628543008
26105,LOF,0.20894958217892096,0.27396300019640035,0.5170874176246787
26106,LOF,0.17443756790120166,0.1201620494519468,0.7054003826468515
26107,LOF,0.2321578740661808,0.0772998531156154,0.6905422728182038
26108,LOF,0.2434563171686992,0.09907754110608054,0.6574661417252202
26109,LOF,0.09614541401125279,0.0556627958127585,0.8481917901759887
26110,LOF,0.22728939132831763,0.007607371966093119,0.7651032367055892
26111,Neutral,0.510871887273343,0.024590503198664976,0.46453760952799206
26112,LOF,0.032167516754626736,0.008736607304389521,0.9590958759409838
26113,LOF,0.07511479206150545,0.01791404527503542,0.906971162663459
26114,LOF,0.024186169470323194,0.030526249645830703,0.9452875808838461
26115,LOF,0.08611874771001603,0.060901828363083034,0.852979423926901
26116,LOF,0.06174913170839296,0.07208237533957955,0.8661684929520275
26117,LOF,0.452116924683914,0.0393115543265953,0.5085715209894908
26118,LOF,0.03219301035296397,0.028127192256588628,0.9396797973904474
26119,LOF,0.022311822653482465,0.03585946964916167,0.9418287076973559
26120,LOF,0.026508727638300877,0.02206147488645556,0.9514297974752435
26121,LOF,0.04425265090371287,0.08081189155953505,0.8749354575367521
26122,LOF,0.04412049303356946,0.03596871780564254,0.919910789160788
