feature0,prediction,LoGoFunc_Neutral,LoGoFunc_GOF,LoGoFunc_LOF
25546,Neutral,0.6190043140920114,0.0562854101879468,0.3247102757200418
25547,Neutral,0.48351460496069176,0.09582481736839733,0.42066057767091086
25548,Neutral,0.5162433042348912,0.07957467124134342,0.40418202452376534
25549,LOF,0.4448090638174006,0.08181480373900381,0.4733761324435956
25550,LOF,0.36512415937003406,0.1110312198811989,0.523844620748767
25551,LOF,0.32270470233816273,0.12059472692852131,0.5567005707333159
25552,LOF,0.2787996211722462,0.12580872671853802,0.5953916521092159
25553,Neutral,0.8005167352558921,0.04634530838641024,0.15313795635769753
25554,LOF,0.3209126574324675,0.11198941474882619,0.5670979278187063
25555,LOF,0.27193701809093346,0.10590007994919544,0.6221629019598711
25556,Neutral,0.46247021361987295,0.09769319328010805,0.439836593100019
25557,LOF,0.26268725635820783,0.1099805557721127,0.6273321878696794
25558,LOF,0.3228703302127963,0.10600639504084451,0.5711232747463593
25559,LOF,0.26716988386135726,0.1726384410438037,0.5601916750948391
25560,LOF,0.17371005206784093,0.1097260759960334,0.7165638719361256
25561,LOF,0.17403773340289488,0.13788843995778785,0.6880738266393174
25562,LOF,0.07415608752821706,0.08788333070276988,0.8379605817690131
25563,LOF,0.027383131359709236,0.1483626606318285,0.8242542080084622
25564,LOF,0.21256770000162659,0.13784362012961351,0.6495886798687599
25565,LOF,0.19632345842880045,0.14283251995413732,0.6608440216170622
25566,GOF,0.08654612175167395,0.6723099625613035,0.2411439156870225
25567,LOF,0.04449221297946744,0.18768536620111384,0.7678224208194186
25568,LOF,0.06204039143750923,0.09087383423794915,0.8470857743245416
25569,LOF,0.06113849727657997,0.09206414662001874,0.8467973561034012
25570,LOF,0.028574972410284158,0.10599327458366081,0.8654317530060551
25571,LOF,0.02684085953983391,0.1126109501236614,0.8605481903365045
25572,LOF,0.0631394118484011,0.12735245469196466,0.8095081334596342
25573,LOF,0.06987437457916328,0.10105609583058188,0.8290695295902549
25574,LOF,0.0612703447215757,0.23468559186969312,0.7040440634087313
25575,LOF,0.023152062710322472,0.12723333516306973,0.8496146021266078
25576,LOF,0.028388677110427214,0.16491914533897342,0.8066921775505993
25577,LOF,0.03230893177100826,0.11957440492004427,0.8481166633089475
25578,LOF,0.303950573709731,0.10906797489997676,0.5869814513902923
25579,LOF,0.15077053350375788,0.11276421870103943,0.7364652477952027
25580,LOF,0.02050982884842642,0.09113539077398317,0.8883547803775904
25581,LOF,0.054691417693882305,0.08342392227658878,0.861884660029529
25582,LOF,0.05431089589900385,0.08213235060145707,0.863556753499539
25583,LOF,0.022183821373433207,0.09024101981901934,0.8875751588075474
25584,Neutral,0.6885663459603965,0.13373805011695486,0.17769560392264871
25585,LOF,0.02174048808942093,0.16450095782516622,0.8137585540854128
25586,LOF,0.016968304062034523,0.08255983503439805,0.9004718609035675
25587,LOF,0.017117673867505553,0.07243477160679948,0.9104475545256949
25588,LOF,0.020529803365189194,0.08161355618067599,0.8978566404541348
25589,Neutral,0.49757888322311095,0.24315252212704364,0.2592685946498454
25590,LOF,0.0487411942301785,0.13679769850975196,0.8144611072600696
25591,LOF,0.09083401771440876,0.07582424060502697,0.8333417416805643
25592,LOF,0.056994054915859654,0.15285619453348231,0.7901497505506581
25593,LOF,0.1131390958656772,0.3175230955619708,0.5693378085723519
25594,LOF,0.04750035475181952,0.07224676644254735,0.8802528788056332
25595,LOF,0.04630422459991179,0.0509003746515079,0.9027954007485803
25596,LOF,0.09548804080896903,0.024316128323414597,0.8801958308676163
25597,LOF,0.07573385136818957,0.0315770712156763,0.8926890774161342
25598,LOF,0.04458100005380626,0.05431442425646483,0.9011045756897289
25599,LOF,0.020630269503949777,0.47900525562468077,0.5003644748713695
25600,GOF,0.1637604487398897,0.4934672402632433,0.342772310996867
25601,LOF,0.03496882913546327,0.3805570869775989,0.5844740838869379
25602,LOF,0.031029770221852045,0.06457348624894485,0.9043967435292031
25603,LOF,0.038482371237656875,0.034262603677233515,0.9272550250851096
25604,LOF,0.0360602423101787,0.07480606413201228,0.889133693557809
25605,LOF,0.03572370975020354,0.19552253657633645,0.76875375367346
25606,LOF,0.39759759121200633,0.11677227932136636,0.4856301294666274
25607,LOF,0.028871921710821147,0.1694613325715764,0.8016667457176025
25608,LOF,0.040464863440237614,0.07944836865048016,0.8800867679092822
25609,GOF,0.1262012872891397,0.5204281118366921,0.3533706008741682
25610,LOF,0.015456097102643321,0.03689289437791185,0.9476510085194447
25611,LOF,0.013398209955598143,0.03645883790128636,0.9501429521431154
25612,LOF,0.04593940659858382,0.05253993364146598,0.9015206597599503
25613,LOF,0.04450928394281612,0.051482279675831445,0.9040084363813524
25614,LOF,0.021720508478363588,0.03243227997362715,0.9458472115480092
25615,LOF,0.048533559520666195,0.04766452062116879,0.9038019198581649
25616,LOF,0.04484648862145438,0.03320233419869968,0.921951177179846
25617,LOF,0.04070220349522756,0.04096899759229292,0.9183287989124795
25618,LOF,0.04486921802763108,0.04475336924613215,0.9103774127262368
25619,LOF,0.01317497110895731,0.0444588529831625,0.9423661759078802
25620,LOF,0.059921285359160914,0.04737872336570132,0.8926999912751378
25621,LOF,0.06002788872215563,0.043132725230882685,0.8968393860469617
25622,LOF,0.06366549699938455,0.04343949113942069,0.8928950118611947
25623,LOF,0.06910204259508504,0.034369512573720035,0.896528444831195
25624,LOF,0.01807948813204613,0.04294506887535048,0.9389754429926034
25625,LOF,0.06074654957920005,0.04263821934705207,0.8966152310737479
25626,LOF,0.047323570350014756,0.05068379331709656,0.9019926363328886
25627,Neutral,0.8907136386506512,0.021875875387603484,0.08741048596174529
25628,LOF,0.16921682582131156,0.06305586763484282,0.7677273065438456
25629,LOF,0.0641780731337088,0.05182754013919086,0.8839943867271003
25630,LOF,0.2880525130145918,0.0735939873862138,0.6383534995991945
25631,Neutral,0.5563307490118831,0.07264990067055256,0.37101935031756456
25632,LOF,0.023351579150801504,0.061194934375522286,0.9154534864736762
25633,LOF,0.15440370583060578,0.04116760241761996,0.8044286917517742
25634,LOF,0.0336643816097691,0.08811438599505725,0.8782212323951737
25635,LOF,0.03341439388120062,0.046967641546106095,0.9196179645726934
25636,LOF,0.03516658624621257,0.4171986713575021,0.5476347423962853
25637,GOF,0.0750333386559575,0.4922689714137508,0.43269768993029173
25638,LOF,0.02840790616274965,0.3705979164006857,0.6009941774365647
25639,LOF,0.031240062933080612,0.37273317762943037,0.5960267594374891
25640,Neutral,0.7548422716953095,0.20118647342058052,0.043971254884110106
25641,GOF,0.07253876075952215,0.5359950377501773,0.3914662014903005
25642,LOF,0.05556168701485211,0.2024498062758047,0.7419885067093431
25643,LOF,0.16977871310855314,0.1561870691249654,0.6740342177664814
25644,LOF,0.02489562923993713,0.4850120801774221,0.4900922905826408
25645,LOF,0.02524789746108167,0.44317313094468325,0.5315789715942351
25646,LOF,0.05990512568168843,0.3385293957252651,0.6015654785930464
25647,LOF,0.027573997702625166,0.280281221422854,0.6921447808745208
25648,LOF,0.031835680272096115,0.29259265299800613,0.6755716667298978
25649,LOF,0.01796048126492307,0.25926847972038863,0.7227710390146883
25650,LOF,0.04968305491611227,0.45245582390829453,0.4978611211755932
25651,LOF,0.018602127923019122,0.2952398446614278,0.686158027415553
25652,LOF,0.032407650026284325,0.29388809740062877,0.6737042525730869
25653,GOF,0.0910458198653778,0.46498015807968385,0.4439740220549383
25654,LOF,0.021069282025897813,0.25346941488129676,0.7254613030928053
25655,GOF,0.22695281523460378,0.442582777490119,0.3304644072752772
25656,LOF,0.37664147832359013,0.07696992867072816,0.5463885930056817
25657,LOF,0.06655872448901339,0.07533023353565649,0.8581110419753302
25658,LOF,0.4099666807250264,0.07560002375549854,0.514433295519475
25659,Neutral,0.5405200538394105,0.10503760903156557,0.3544423371290239
25660,LOF,0.022160666489831213,0.08518809000770235,0.8926512435024665
25661,LOF,0.10092032833581716,0.05836732439256161,0.8407123472716211
25662,LOF,0.034572071314187915,0.0326046218255434,0.9328233068602687
25663,LOF,0.04564458477842246,0.04358413970263371,0.9107712755189439
25664,LOF,0.13542296146715666,0.06266969227265601,0.8019073462601873
25665,LOF,0.059894652972005524,0.030167341221613225,0.9099380058063812
25666,LOF,0.09901138735147622,0.06340406722415709,0.8375845454243667
25667,LOF,0.07433076206648241,0.03968678950606131,0.8859824484274563
25668,LOF,0.038318258911606236,0.04808364586960488,0.9135980952187889
25669,LOF,0.033880913543111416,0.0469004900359654,0.9192185964209232
25670,LOF,0.14409961694536444,0.051288290663008156,0.8046120923916275
25671,LOF,0.11876140954148871,0.03339877878787258,0.8478398116706387
25672,LOF,0.0524843185496337,0.04181410320259647,0.9057015782477699
25673,LOF,0.08334551171291482,0.04773432144045665,0.8689201668466285
25674,LOF,0.07356254714299684,0.05711316467706715,0.869324288179936
25675,LOF,0.11117705699463068,0.056588788701787664,0.8322341543035816
25676,LOF,0.019801088199258562,0.05029798924017905,0.9299009225605624
25677,LOF,0.025360167731107292,0.06846624428899442,0.9061735879798983
25678,LOF,0.17575031467646257,0.063640976001745,0.7606087093217924
25679,LOF,0.11943771913613503,0.07294766921062179,0.8076146116532431
25680,LOF,0.032842106341746446,0.1140939808706946,0.853063912787559
25681,LOF,0.051336284660927926,0.1064891119422775,0.8421746033967945
25682,LOF,0.1459026123457146,0.07100250216951169,0.7830948854847737
25683,LOF,0.11702630653128791,0.08885438458139383,0.7941193088873183
25684,LOF,0.0431872194159822,0.06383698382617771,0.8929757967578401
25685,LOF,0.1372319859430815,0.05699931657424811,0.8057686974826704
25686,LOF,0.08125763672703201,0.09297633125355333,0.8257660320194146
25687,LOF,0.13254836404045942,0.09971475422612164,0.7677368817334189
25688,LOF,0.3399635160018666,0.039944317794263585,0.6200921662038698
25689,LOF,0.25914571500928435,0.04581850811727233,0.6950357768734433
25690,LOF,0.337652856837796,0.038540858923867036,0.6238062842383368
25691,Neutral,0.7123949197137307,0.025200569004579752,0.2624045112816894
25692,LOF,0.37157543397015524,0.009843526939850402,0.6185810390899944
25693,LOF,0.0535976800602961,0.3876874969986833,0.5587148229410206
25694,LOF,0.11930996721137782,0.013215667717919708,0.8674743650707025
25695,LOF,0.11604905014065174,0.012920024802754367,0.8710309250565939
25696,LOF,0.1165434155208131,0.009103566138909147,0.8743530183402778
25697,LOF,0.08647317314438079,0.044657530056262766,0.8688692967993564
25698,LOF,0.342544542195026,0.14371858584535896,0.513736871959615
25699,Neutral,0.5236225529409126,0.045210100165704335,0.43116734689338293
25700,LOF,0.07384139820382636,0.009408937473591027,0.9167496643225825
25701,LOF,0.195253847284096,0.055619622580933475,0.7491265301349705
25702,GOF,0.18176527933588074,0.5666053713614627,0.25162934930265657
25703,LOF,0.01538307464929856,0.14001332216320536,0.8446036031874962
25704,LOF,0.040632509500742535,0.0991385923322187,0.8602288981670387
25705,LOF,0.04961469974332715,0.15701145155986754,0.7933738486968053
25706,LOF,0.10227868655607449,0.423934564727934,0.4737867487159915
25707,LOF,0.09042043399961112,0.37995420301124005,0.5296253629891488
25708,LOF,0.033926500825655945,0.378354980866084,0.5877185183082599
25709,LOF,0.06897200340315228,0.047097829055267534,0.8839301675415802
25710,LOF,0.012117658886600966,0.1785852756773499,0.8092970654360492
25711,LOF,0.02123004809320101,0.0916810528066624,0.8870888991001366
25712,LOF,0.014706721507216093,0.20456787277225005,0.7807254057205338
25713,LOF,0.02026366037598679,0.0863517567274017,0.8933845828966116
25714,LOF,0.07837407468828148,0.09064265093512887,0.8309832743765896
25715,LOF,0.012437606521847002,0.1435059461060093,0.8440564473721438
25716,LOF,0.011306301638637793,0.1282342970216426,0.8604594013397195
25717,LOF,0.015835368128162164,0.09078946564939835,0.8933751662224395
25718,LOF,0.012088382176631494,0.10497869554285282,0.8829329222805158
25719,LOF,0.019628509895493803,0.08666828922044133,0.8937032008840649
25720,LOF,0.02604766261468048,0.07298618933276538,0.9009661480525543
25721,LOF,0.013916002705109629,0.12852718870847038,0.85755680858642
25722,LOF,0.015084561873836173,0.13691305692419783,0.848002381201966
25723,LOF,0.02427695954827919,0.05263415251920251,0.9230888879325182
25724,LOF,0.03495049168671193,0.09086615389214131,0.8741833544211468
25725,LOF,0.012301105734244179,0.07958734089714269,0.9081115533686132
25726,LOF,0.01699708159134433,0.11627439537889267,0.866728523029763
25727,LOF,0.012784395417916613,0.08713227166057404,0.9000833329215093
25728,LOF,0.010744322412556025,0.11983926162921281,0.8694164159582312
25729,LOF,0.011011228954825477,0.12293533067931975,0.8660534403658547
25730,LOF,0.01445078237773606,0.10318531643867432,0.8823639011835896
25731,LOF,0.019808845157230585,0.12293659874172458,0.8572545561010448
25732,LOF,0.014220086648892153,0.09219021071927253,0.8935897026318352
25733,LOF,0.015953240939219814,0.07857486166668709,0.9054718973940932
25734,LOF,0.01093506817953382,0.13746777055654846,0.8515971612639177
25735,LOF,0.012406008854148401,0.09551968198905399,0.8920743091567976
25736,LOF,0.013377838928899747,0.1094582212658052,0.877163939805295
25737,LOF,0.01293055702262017,0.09020090409792796,0.896868538879452
25738,LOF,0.012099892029577324,0.12515658824938306,0.8627435197210396
25739,LOF,0.02234176732237498,0.08874449721879682,0.8889137354588282
25740,LOF,0.0279368389244765,0.12833157855218638,0.8437315825233371
25741,LOF,0.015122829306123214,0.13114284583971178,0.853734324854165
25742,LOF,0.1291213851385663,0.09003050229935779,0.7808481125620759
25743,LOF,0.0374485388718767,0.04114808732674802,0.9214033738013752
25744,Neutral,0.5615122284489334,0.2349769208427125,0.20351085070835404
25745,LOF,0.06682023141908645,0.08050084647172868,0.852678922109185
25746,LOF,0.04302703107025339,0.10201697674679092,0.8549559921829557
25747,LOF,0.020563563005876216,0.05812795813309915,0.9213084788610245
25748,LOF,0.09073658508753274,0.08802513510287056,0.8212382798095967
25749,LOF,0.025792677830803783,0.09166180152933229,0.8825455206398639
25750,LOF,0.08466835195787294,0.09316992569959825,0.8221617223425288
25751,LOF,0.09612829707295505,0.09949362578595637,0.8043780771410887
25752,GOF,0.11415887522159104,0.6337299097776397,0.2521112150007692
25753,LOF,0.02280849704706066,0.275439438977569,0.7017520639753704
25754,GOF,0.012243017360611676,0.7941322023240409,0.19362478031534736
25755,LOF,0.02534273976044517,0.37545014241599867,0.5992071178235562
25756,LOF,0.04930946465911789,0.3606908822626926,0.5899996530781896
25757,GOF,0.017156841437158562,0.8384811220125956,0.14436203655024582
25758,GOF,0.029029353053701384,0.7877309441903481,0.18323970275595047
25759,GOF,0.01073416680821315,0.5964409593807446,0.39282487381104214
25760,LOF,0.013814425109848875,0.2615532628092203,0.7246323120809307
25761,GOF,0.25190354939102977,0.6515775550944982,0.09651889551447186
25762,LOF,0.045577206144921514,0.2663850908432268,0.6880377030118516
25763,LOF,0.014722851484171223,0.18786650303385663,0.7974106454819722
25764,GOF,0.08016219331820482,0.6206423758418028,0.29919543083999234
25765,GOF,0.035994438184261776,0.739391049237763,0.2246145125779753
25766,GOF,0.06682387978340429,0.7537692802444934,0.1794068399721024
25767,GOF,0.15876408546777132,0.5528983644243106,0.28833755010791806
25768,LOF,0.10926923940219435,0.07271936436772695,0.8180113962300787
25769,LOF,0.05809642251364075,0.06238679051227044,0.8795167869740887
25770,LOF,0.311991708480121,0.09659172198095463,0.5914165695389243
25771,LOF,0.048307685898594084,0.05232305010182552,0.8993692639995804
25772,LOF,0.01983603801686094,0.04408299196995681,0.9360809700131822
25773,LOF,0.050138578018561884,0.10136864504319773,0.8484927769382403
25774,LOF,0.029264052349847174,0.08143207805139412,0.8893038695987587
25775,LOF,0.050269049254775565,0.04724604269140286,0.9024849080538215
25776,LOF,0.0787901403971517,0.025178393502010458,0.8960314661008377
25777,LOF,0.36056246976756084,0.05916863859866791,0.5802688916337713
25778,LOF,0.07368226409197025,0.04728320937757008,0.8790345265304597
25779,GOF,0.3613413658880256,0.599151558341931,0.03950707577004335
25780,GOF,0.3250354064701622,0.6088606092221874,0.06610398430765028
25781,GOF,0.11202021485096575,0.7850943897979534,0.10288539535108082
25782,GOF,0.1770335036106191,0.744241527512096,0.07872496887728482
25783,GOF,0.02078599723337639,0.6614398365913815,0.3177741661752422
25784,GOF,0.47698131967948487,0.484413929799153,0.038604750521362266
25785,Neutral,0.48927526191753606,0.47560953644108467,0.035115201641379365
25786,GOF,0.026939601609431273,0.7608199394994571,0.21224045889111146
25787,Neutral,0.6442035441232007,0.3327048433462951,0.02309161253050428
25788,LOF,0.056578409382015867,0.11115008817310089,0.8322715024448831
25789,GOF,0.19662838958752374,0.6808466044711906,0.1225250059412857
25790,GOF,0.19845976361253526,0.7048216448441396,0.09671859154332503
25791,GOF,0.14819109223841864,0.7009293590285767,0.15087954873300466
25792,GOF,0.343853498074746,0.5366474762082185,0.11949902571703548
25793,GOF,0.24283887095468193,0.5424396435237594,0.21472148552155862
25794,GOF,0.29424865457553673,0.5580557344950289,0.14769561092943426
25795,GOF,0.07138770046090934,0.6768187714553432,0.2517935280837475
25796,Neutral,0.5346776600166848,0.3893018297067555,0.07602051027655966
25797,GOF,0.07790320509357572,0.510433186932318,0.4116636079741063
25798,GOF,0.008927688088929277,0.5400653142504352,0.45100699766063546
25799,LOF,0.007083382158280611,0.4213936079175512,0.5715230099241682
25800,GOF,0.02871076512680469,0.6110193026013202,0.36026993227187515
25801,GOF,0.208465758221195,0.666922087748271,0.12461215403053394
25802,GOF,0.060419370446822454,0.6921032263543964,0.24747740319878117
25803,GOF,0.03342260264091724,0.5813962553159068,0.385181142043176
25804,GOF,0.031079953390515756,0.4998170650132689,0.46910298159621544
25805,GOF,0.08799936435004731,0.6194704725447397,0.292530163105213
25806,GOF,0.09822667961188523,0.6023550947501866,0.29941822563792825
25807,GOF,0.019113843388008103,0.6149524205387268,0.36593373607326507
25808,GOF,0.07464302959165395,0.6213348563507501,0.3040221140575959
25809,GOF,0.01898472277053977,0.6148112670826877,0.3662040101467726
25810,GOF,0.01809008458798132,0.6370269813609288,0.34488293405108983
25811,GOF,0.44929128346842995,0.48898338156433013,0.06172533496724001
25812,GOF,0.03248552319597395,0.6539466834520496,0.3135677933519765
25813,Neutral,0.48546876960126856,0.4161889131002095,0.09834231729852196
25814,GOF,0.10420274440183191,0.6909029041173499,0.2048943514808182
25815,GOF,0.16364725512463377,0.6687659109132905,0.16758683396207555
25816,GOF,0.019687893951443082,0.694936546531149,0.28537555951740806
25817,GOF,0.21215865907351494,0.6634611535798546,0.12438018734663042
25818,GOF,0.045792220359406346,0.6554957775890594,0.2987120020515342
25819,GOF,0.34410568864787977,0.5216410357790529,0.1342532755730675
25820,GOF,0.14260189152835906,0.6356544430721961,0.2217436653994448
25821,GOF,0.05145636517388053,0.6906681341629339,0.2578755006631855
25822,GOF,0.1980783979152694,0.5895870039754472,0.2123345981092834
25823,GOF,0.025748421466056177,0.5398093470135548,0.434442231520389
25824,GOF,0.07175119866530999,0.584092353459482,0.3441564478752081
25825,GOF,0.026851806941485798,0.5705136810727086,0.40263451198580563
25826,GOF,0.010443105036388633,0.5427030131538426,0.4468538818097688
25827,GOF,0.020291034822852248,0.5987800283580523,0.3809289368190954
25828,GOF,0.011412103109529115,0.5319698650048781,0.45661803188559275
25829,GOF,0.006345124989218063,0.588996985634152,0.40465788937662983
25830,LOF,0.034392570935622174,0.33788395035787144,0.6277234787065065
25831,GOF,0.16376739360899187,0.7082841909309944,0.12794841546001365
25832,GOF,0.028662357403213257,0.707623769234546,0.2637138733622408
25833,GOF,0.10792457395395079,0.7229875806608744,0.1690878453851748
25834,GOF,0.03607328746296004,0.7098073392236639,0.25411937331337603
25835,GOF,0.0775467976140563,0.7468419584104606,0.1756112439754831
25836,GOF,0.042554204876724365,0.7027503379452118,0.25469545717806363
25837,GOF,0.023965862030324542,0.5829347392089498,0.39309939876072564
25838,GOF,0.07654228681259749,0.7596620990170159,0.16379561417038668
25839,GOF,0.2717575227632727,0.5769236961017017,0.15131878113502553
25840,GOF,0.19536194384280342,0.6465626409734846,0.158075415183712
25841,GOF,0.22121514744676693,0.6349719732833579,0.14381287926987532
25842,GOF,0.17495070948575442,0.6914340436578897,0.13361524685635573
25843,GOF,0.23062907413434858,0.6768884952227928,0.09248243064285866
25844,GOF,0.06008975125035364,0.6971032408300318,0.24280700791961451
25845,GOF,0.014098911884396565,0.4939632973273938,0.4919377907882097
25846,GOF,0.10281468323391936,0.7229609676034813,0.17422434916259932
25847,GOF,0.10680184403626716,0.7820862783158978,0.11111187764783499
25848,GOF,0.0320650159412668,0.7049148534201577,0.26302013063857543
25849,GOF,0.010742656450786385,0.6028355885150436,0.3864217550341701
25850,GOF,0.018659799333836123,0.6661318518991177,0.3152083487670461
25851,GOF,0.014740722808014363,0.562584134921241,0.42267514227074465
25852,GOF,0.15747814581510544,0.5697399503674925,0.2727819038174021
25853,GOF,0.3321067757510754,0.6088302618955734,0.05906296235335116
25854,GOF,0.020357654936023407,0.6536875722754028,0.3259547727885737
25855,GOF,0.032166738348407845,0.5914577489695377,0.3763755126820543
25856,GOF,0.23556070877843693,0.5535206691966844,0.21091862202487874
25857,GOF,0.030032030149065088,0.5187705653205278,0.4511974045304072
25858,GOF,0.014994430144026563,0.5780191133264182,0.4069864565295553
25859,GOF,0.008759962230300245,0.5519382068080204,0.43930183096167935
25860,GOF,0.3470245679166791,0.5716193847856839,0.08135604729763693
25861,GOF,0.3841184679049017,0.5317304823914943,0.0841510497036039
25862,GOF,0.07963521212715736,0.7876361865031379,0.13272860136970469
25863,GOF,0.07980755370980855,0.7923298969001719,0.12786254939001956
25864,GOF,0.17301775173251543,0.7436020430297494,0.083380205237735
25865,GOF,0.07591609599336094,0.8097982007453736,0.11428570326126541
25866,GOF,0.05247506782972625,0.8127057152154685,0.13481921695480503
25867,GOF,0.07397996174999423,0.8229820969580042,0.10303794129200164
25868,GOF,0.2548883059620541,0.6539439109678092,0.09116778307013666
25869,Neutral,0.6798213462829106,0.28212680926560507,0.038051844451484275
25870,GOF,0.3090572343155793,0.4048350955210724,0.2861076701633483
25871,GOF,0.2093104774843554,0.62803689954148,0.16265262297416444
25872,GOF,0.07364956860008272,0.6486100934301097,0.27774033796980757
25873,GOF,0.13530908414353832,0.6763591682492766,0.18833174760718507
25874,LOF,0.017804147817890345,0.12275227173920097,0.8594435804429086
25875,LOF,0.10126810712908381,0.036484340131478284,0.8622475527394379
25876,LOF,0.038272584932367425,0.03470461933946402,0.9270227957281685
25877,Neutral,0.5090045705249625,0.03883673663465066,0.4521586928403869
25878,LOF,0.22917205721102896,0.07240070849544313,0.6984272342935279
25879,LOF,0.08395312886312502,0.07924837066619872,0.8367985004706764
25880,LOF,0.02403999603051685,0.015025947315760364,0.9609340566537227
25881,LOF,0.19163499830965414,0.09226106784848671,0.7161039338418592
25882,LOF,0.06596221230154795,0.012857162526886602,0.9211806251715654
25883,LOF,0.08233257811794806,0.016647524365916967,0.901019897516135
25884,LOF,0.0378249868254851,0.025011990087992986,0.9371630230865218
25885,LOF,0.06900541941147297,0.009727393212836142,0.9212671873756909
25886,LOF,0.26825907075895733,0.029651027638835484,0.7020899016022072
25887,LOF,0.16326449759478945,0.056975931341494895,0.7797595710637156
25888,LOF,0.06917630437185338,0.052564468757667744,0.8782592268704789
25889,LOF,0.05013028407216006,0.018732727962986626,0.9311369879648533
25890,LOF,0.05102664160177258,0.12494350282421368,0.8240298555740136
25891,LOF,0.04289814756318814,0.04484260457055407,0.9122592478662578
25892,LOF,0.0921919091710325,0.01919280050493085,0.8886152903240366
25893,LOF,0.2548816007686993,0.015123334844888552,0.7299950643864122
25894,LOF,0.1761576629063301,0.010033409876826901,0.8138089272168431
25895,LOF,0.2024877965812814,0.017643796654401862,0.7798684067643167
25896,LOF,0.052891176732037706,0.027680741185206435,0.9194280820827558
25897,LOF,0.24433925522986513,0.010689266405205376,0.7449714783649295
25898,Neutral,0.6993382558333747,0.008842495433247452,0.29181924873337783
25899,LOF,0.2182354400501458,0.024252167389692447,0.7575123925601617
25900,LOF,0.4327716184902725,0.0147465440319439,0.5524818374777836
25901,LOF,0.0544636653367944,0.013462642900628478,0.9320736917625773
25902,LOF,0.14215379423263114,0.014127270002718533,0.8437189357646503
25903,Neutral,0.4976753854306908,0.024009601130990342,0.4783150134383189
25904,LOF,0.29086663094210613,0.05158617195134227,0.6575471971065516
25905,LOF,0.02316933269497547,0.3040762958718396,0.672754371433185
25906,LOF,0.02442782695663539,0.0598572220228708,0.9157149510204938
25907,LOF,0.013375041319070663,0.32993697564293956,0.6566879830379898
25908,LOF,0.011012005917655731,0.23210110732373795,0.7568868867586063
25909,LOF,0.013536796901530873,0.11579300109779854,0.8706702020006705
25910,LOF,0.053879302532024824,0.13250677758500048,0.8136139198829747
25911,LOF,0.15217435011086836,0.0273603595543872,0.8204652903347444
25912,LOF,0.040260031601907505,0.043669575410443064,0.9160703929876494
25913,LOF,0.31308456668992646,0.02300053200033175,0.6639149013097418
25914,LOF,0.020440787564091175,0.08913262032252664,0.8904265921133822
25915,Neutral,0.470874758220908,0.2778077657542995,0.25131747602479265
25916,LOF,0.06244133227801558,0.3358651026308515,0.601693565091133
25917,LOF,0.06304300448461991,0.06525735749708839,0.8716996380182916
25918,LOF,0.02486324839246976,0.05247077815150705,0.9226659734560231
25919,LOF,0.022233483561954134,0.05750610231457115,0.9202604141234748
25920,GOF,0.0862257750269713,0.4900398903070472,0.4237343346659815
25921,LOF,0.0251260474319548,0.027166697875417565,0.9477072546926276
25922,LOF,0.035596318911128834,0.019340015088174844,0.9450636660006964
25923,LOF,0.42212897360042306,0.018979634956019002,0.5588913914435579
25924,LOF,0.034829058434069575,0.03538875791429001,0.9297821836516404
25925,LOF,0.06962397365265595,0.025377660885137557,0.9049983654622065
25926,LOF,0.05325931329448925,0.020021508781351144,0.9267191779241596
25927,LOF,0.07162072120499223,0.08139600583218631,0.8469832729628215
25928,LOF,0.02015098854504412,0.03725842823815677,0.942590583216799
25929,Neutral,0.5431300355291993,0.02029253821467187,0.43657742625612883
25930,LOF,0.05868042326201699,0.017660402426668807,0.9236591743113143
25931,LOF,0.028347968208834125,0.020170832723073732,0.9514811990680923
25932,LOF,0.029332660464919714,0.01907520369438278,0.9515921358406976
25933,LOF,0.04170682663472783,0.01285794796484469,0.9454352254004276
25934,LOF,0.026711899205107095,0.015751731164348123,0.9575363696305447
25935,LOF,0.06348916847076473,0.030181906046301485,0.9063289254829339
25936,LOF,0.049380406139584686,0.01715900848476496,0.9334605853756504
25937,LOF,0.02760391551497514,0.026135553468828638,0.9462605310161962
25938,LOF,0.0679023131462996,0.03164162475712632,0.900456062096574
25939,LOF,0.039836415653073,0.011508733090757157,0.9486548512561699
25940,LOF,0.039210929521712796,0.4067983352429245,0.5539907352353627
25941,LOF,0.17313813011363238,0.09697474922901203,0.7298871206573555
25942,LOF,0.016301998333036038,0.03427168267189545,0.9494263189950685
25943,LOF,0.30933987504247534,0.05384809042834787,0.6368120345291767
25944,LOF,0.4671335359972031,0.026622963203841492,0.5062435007989554
25945,LOF,0.07005340283464466,0.023921365146657082,0.9060252320186983
25946,LOF,0.02945424677044961,0.11875158454219106,0.8517941686873594
25947,LOF,0.10548118180758385,0.23530957617635923,0.6592092420160569
25948,LOF,0.4317428346077229,0.01188269795461271,0.5563744674376644
25949,LOF,0.10598101599161375,0.04634788129937673,0.8476711027090096
25950,GOF,0.2610235754980287,0.3912761008300502,0.34770032367192116
25951,LOF,0.2466956340322758,0.22133239640119373,0.5319719695665305
25952,LOF,0.05382093026196529,0.4044374224918701,0.5417416472461647
25953,LOF,0.13648373205923453,0.0975167637379216,0.7659995042028438
25954,Neutral,0.4388241959536732,0.16296606035354747,0.39820974369277945
25955,LOF,0.056848011817241285,0.0756865507579007,0.867465437424858
25956,LOF,0.17238983268139157,0.12146781343687854,0.7061423538817299
25957,LOF,0.037392756848966494,0.037950934942346755,0.9246563082086867
25958,LOF,0.05682298879611395,0.032414825644725476,0.9107621855591604
25959,LOF,0.07085873133274093,0.3586155187711963,0.5705257498960626
25960,LOF,0.019855546363560354,0.05727045855953608,0.9228739950769036
25961,LOF,0.04765697032458793,0.03587177218745348,0.9164712574879587
25962,LOF,0.06235617901930922,0.030954850081207085,0.9066889708994839
25963,LOF,0.04929197575979725,0.17802257734615404,0.7726854468940487
25964,LOF,0.037038255505647114,0.14385577862217433,0.8191059658721787
25965,Neutral,0.4875346964301807,0.09016983901095996,0.4222954645588594
25966,Neutral,0.45932009613512886,0.10357377800164685,0.43710612586322434
25967,LOF,0.012297624656112746,0.06768553291624253,0.9200168424276447
25968,LOF,0.028835718245609224,0.46972672102764423,0.5014375607267465
25969,LOF,0.024065137029793154,0.054153985111477045,0.9217808778587299
25970,LOF,0.062002176632980875,0.05060426400158553,0.8873935593654336
25971,LOF,0.07897924625639503,0.014007087598713096,0.907013666144892
25972,LOF,0.07724901674180942,0.018095867617918645,0.904655115640272
25973,LOF,0.07603595950270531,0.009985074620004463,0.9139789658772901
25974,LOF,0.20782064942377376,0.015621489325357642,0.7765578612508687
25975,LOF,0.052208910646797425,0.03510292125043679,0.9126881681027658
25976,LOF,0.04578496668269607,0.015212634864113903,0.9390023984531901
25977,LOF,0.14801941858449233,0.09632080561070248,0.755659775804805
25978,LOF,0.14410562761471074,0.07311205627563308,0.7827823161096562
25979,LOF,0.1344636616283039,0.07400115252295313,0.7915351858487428
25980,LOF,0.20689222198994256,0.1032529958328195,0.689854782177238
25981,LOF,0.2403948962893257,0.10007551504591351,0.6595295886647607
25982,LOF,0.4191962127609908,0.05776609320151191,0.5230376940374972
25983,LOF,0.39501403219077164,0.061853875405110594,0.5431320924041179
25984,LOF,0.056380518056893605,0.046018512591698646,0.8976009693514077
25985,LOF,0.03151651160602764,0.2362489078287311,0.7322345805652414
25986,LOF,0.04392772263732723,0.2860982079758676,0.669974069386805
25987,LOF,0.07522835742812158,0.06634528964321834,0.85842635292866
25988,LOF,0.14787760208424502,0.047330953895262616,0.8047914440204923
25989,LOF,0.030451067558916845,0.09256582171366959,0.8769831107274135
25990,LOF,0.038426127374397365,0.1209842032681356,0.8405896693574669
25991,LOF,0.13555030768707263,0.29194199667960635,0.572507695633321
25992,LOF,0.3548745823533375,0.16298184472024863,0.48214357292641385
25993,LOF,0.02472306339575108,0.09072525732119183,0.8845516792830571
25994,LOF,0.017171736713647575,0.12395125008959455,0.8588770131967578
25995,LOF,0.026384333752684855,0.23273792425824102,0.7408777419890741
25996,GOF,0.28374959791020943,0.45582610449455896,0.26042429759523156
25997,GOF,0.08309472017835616,0.48207184638461076,0.4348334334370332
25998,Neutral,0.5358354004534666,0.017497381087681486,0.446667218458852
25999,LOF,0.11617525547989556,0.12886461466064678,0.7549601298594576
26000,LOF,0.1727364200335509,0.036324344449957496,0.7909392355164915
26001,LOF,0.19572587408093803,0.03315689821207811,0.7711172277069839
26002,LOF,0.15539968801843868,0.041545060486808075,0.8030552514947533
26003,GOF,0.010704247528519542,0.5493419670241991,0.43995378544728136
26004,GOF,0.01988815082545335,0.589715448345044,0.3903964008295028
26005,LOF,0.008667372366130627,0.41985011532057126,0.571482512313298
26006,Neutral,0.5336666519080318,0.19749897396060656,0.2688343741313617
26007,GOF,0.023215521651660007,0.5198047281122545,0.45697975023608545
26008,GOF,0.018519219249389627,0.5711358491660296,0.41034493158458085
26009,GOF,0.02279928197156357,0.6109472509264708,0.3662534671019656
26010,GOF,0.025198281519080507,0.6077334793608293,0.3670682391200901
26011,LOF,0.007263072938909062,0.449894001231891,0.5428429258292
26012,GOF,0.015606764194228566,0.5600161967339211,0.42437703907185026
26013,GOF,0.021439466514047906,0.593424704152157,0.38513582933379514
26014,LOF,0.04318210314602278,0.11180009372360393,0.8450178031303733
26015,LOF,0.23172834708782714,0.008579614950062292,0.7596920379621105
26016,LOF,0.22584050469756162,0.046085992246502616,0.7280735030559358
26017,LOF,0.2278002930082631,0.0783484256163502,0.6938512813753868
26018,LOF,0.09855605489393361,0.026379826729428835,0.8750641183766376
26019,LOF,0.0935966258718782,0.020248960823360976,0.8861544133047609
26020,LOF,0.06870892587763873,0.09616948105347516,0.8351215930688861
26021,LOF,0.043560835214117015,0.11927701650342634,0.8371621482824566
26022,LOF,0.011115016174679915,0.032905613585886485,0.9559793702394336
26023,LOF,0.1149776056749907,0.01743875023886961,0.8675836440861397
26024,LOF,0.02803311311945178,0.11816736205101964,0.8537995248295287
26025,LOF,0.16081848191986398,0.09305395112163459,0.7461275669585014
26026,LOF,0.3313424408055269,0.02790368429673679,0.6407538748977363
26027,LOF,0.0911788626319877,0.012482381528085097,0.8963387558399273
26028,LOF,0.15218375133482825,0.06626453697885551,0.7815517116863162
26029,LOF,0.08632651144945923,0.19000714415536565,0.7236663443951751
26030,LOF,0.02983343468349461,0.07912437203605252,0.8910421932804529
26031,LOF,0.03543540160880476,0.14669530697528396,0.8178692914159112
26032,LOF,0.07191268313375272,0.09041203628732579,0.8376752805789215
26033,LOF,0.1352480124849008,0.1122019315673815,0.7525500559477178
26034,LOF,0.05190507941160672,0.1577611803199939,0.7903337402683994
26035,LOF,0.03206554264921869,0.14737259428796273,0.8205618630628186
26036,LOF,0.04749353151502683,0.17084016781432912,0.781666300670644
26037,LOF,0.025790870547804424,0.11861602553476247,0.855593103917433
26038,LOF,0.06594678657555623,0.09502006859821283,0.8390331448262309
26039,LOF,0.06454056367754361,0.1547003063538877,0.7807591299685687
26040,LOF,0.20886356182160784,0.15254279691619788,0.6385936412621943
26041,LOF,0.027491984881554816,0.1125018918267776,0.8600061232916676
26042,LOF,0.026842369382380528,0.10649111628298848,0.866666514334631
26043,LOF,0.06611603625127492,0.11272975276310265,0.8211542109856225
26044,LOF,0.024698411595220633,0.09410418158112453,0.8811974068236549
26045,LOF,0.08567015886991972,0.10680596158566232,0.8075238795444181
26046,LOF,0.06722064055596799,0.11116967805307963,0.8216096813909523
26047,LOF,0.08945430203384963,0.11399062936115989,0.7965550686049906
26048,LOF,0.05892559456430061,0.050453871768767145,0.8906205336669322
26049,Neutral,0.9613372409289951,0.008518394333808256,0.03014436473719677
26050,Neutral,0.9479546329154109,0.011107199399511337,0.04093816768507767
26051,LOF,0.05057977364267246,0.3416995786283103,0.6077206477290173
26052,LOF,0.07303073504407646,0.368317204881943,0.5586520600739806
26053,LOF,0.059357595562326115,0.140141388214562,0.8005010162231119
26054,LOF,0.0575844428410391,0.0179151512309692,0.9245004059279918
26055,LOF,0.07487135004062917,0.01500509140396433,0.9101235585554066
26056,LOF,0.061325718116624066,0.015589786226215673,0.9230844956571602
26057,LOF,0.0301515433726056,0.011590070718320985,0.9582583859090734
26058,LOF,0.03149686593916675,0.008992545214153009,0.9595105888466802
26059,LOF,0.31495349394414746,0.022428779722898477,0.6626177263329541
26060,LOF,0.02735718487410944,0.20597699427423588,0.7666658208516547
26061,LOF,0.017521334090601467,0.011535465662341048,0.9709432002470574
26062,LOF,0.011634791415227224,0.01871959296021123,0.9696456156245616
26063,LOF,0.02307166146144505,0.01192340859803218,0.9650049299405228
26064,LOF,0.02392074136608631,0.01914707130716502,0.9569321873267487
26065,LOF,0.026118993241424252,0.010361778424150432,0.9635192283344253
26066,LOF,0.021765060336379816,0.010973528742269792,0.9672614109213504
26067,LOF,0.028595714031882005,0.008263056374403853,0.9631412295937143
26068,LOF,0.05232935955758211,0.029198891624462115,0.9184717488179558
26069,LOF,0.2581561210489881,0.01860555175587551,0.7232383271951364
26070,LOF,0.38616965053184815,0.01521755935503672,0.5986127901131151
26071,LOF,0.02479489288415522,0.012356266775969309,0.9628488403398755
26072,LOF,0.025250296381398543,0.01592872311026354,0.958820980508338
26073,LOF,0.025798846734200104,0.01062495980772092,0.9635761934580791
26074,Neutral,0.9166143570541709,0.005500805064574151,0.07788483788125489
26075,LOF,0.04526206459281631,0.015397977118716362,0.9393399582884673
26076,LOF,0.047044283541954904,0.00827647463156965,0.9446792418264754
26077,LOF,0.009880171727274716,0.017496475359223503,0.9726233529135017
26078,LOF,0.013665363001976284,0.010149108018020348,0.9761855289800032
26079,LOF,0.06560914997197886,0.017330059314892645,0.9170607907131284
26080,LOF,0.0641925447652768,0.01741630334196895,0.9183911518927542
26081,LOF,0.03700506774156919,0.00587394382710172,0.9571209884313292
26082,LOF,0.017333962833231843,0.015111422198576668,0.9675546149681915
26083,LOF,0.13114891104925416,0.012056514291236201,0.8567945746595097
26084,LOF,0.02726954001664319,0.01119266662739089,0.961537793355966
26085,LOF,0.02401679399022515,0.010539975907559505,0.9654432301022153
26086,LOF,0.02447130254876827,0.010737052858647372,0.9647916445925844
26087,LOF,0.02754756452214542,0.007986653109268023,0.9644657823685866
26088,LOF,0.01562513261714323,0.025024431393210655,0.9593504359896462
26089,LOF,0.04589594135524171,0.023702927871023436,0.9304011307737348
26090,LOF,0.04427004276920885,0.017989726957879225,0.9377402302729119
26091,LOF,0.040210056364124475,0.005765525464813243,0.9540244181710623
26092,LOF,0.02791852856099909,0.007525310866242544,0.9645561605727585
26093,LOF,0.04253843594990844,0.005643063246859632,0.9518185008032319
26094,LOF,0.04555109766255703,0.006024459058405864,0.9484244432790371
26095,LOF,0.049326393387323954,0.012632396392544234,0.9380412102201319
26096,LOF,0.020580059181035,0.00977920058616771,0.9696407402327973
26097,LOF,0.011555181956460318,0.03244002378015877,0.956004794263381
26098,LOF,0.07136354973698618,0.009877115848551565,0.9187593344144622
26099,LOF,0.0253453265004169,0.011384488535799773,0.9632701849637832
26100,LOF,0.02740152673160795,0.01118816783848314,0.9614103054299088
26101,LOF,0.057887260252269715,0.011025769582620842,0.9310869701651093
26102,LOF,0.025586423331361356,0.013069304780692051,0.9613442718879467
26103,Neutral,0.8892264650438908,0.017121324304322175,0.09365221065178697
26104,LOF,0.08494047493304216,0.02434700176312467,0.8907125233038331
26105,LOF,0.20109748527191793,0.2936258351322462,0.5052766795958359
26106,LOF,0.22684697787462146,0.12043662017077482,0.6527164019546037
26107,LOF,0.2537510695267286,0.08187707779713059,0.6643718526761407
26108,LOF,0.2532827456542498,0.13122937151064132,0.6154878828351089
26109,LOF,0.11436134521556389,0.07731566336202265,0.8083229914224134
26110,LOF,0.2699875960324509,0.006838617354230967,0.7231737866133182
26111,Neutral,0.5046394616593719,0.01747787083494352,0.47788266750568453
26112,LOF,0.03294625492986872,0.00728522181629348,0.9597685232538378
26113,LOF,0.05217995822564129,0.01482441770957741,0.9329956240647812
26114,LOF,0.02861080952975548,0.022158850600336445,0.949230339869908
26115,LOF,0.09903578721583396,0.04278259309246565,0.8581816196917005
26116,LOF,0.06959877631108721,0.040417948659661425,0.8899832750292515
26117,LOF,0.43168527149615415,0.04597606774955425,0.5223386607542916
26118,LOF,0.039065150167712476,0.02444418918600464,0.9364906606462828
26119,LOF,0.021836934470285656,0.034926418894903555,0.9432366466348109
26120,LOF,0.031838803687976786,0.023015604218231504,0.9451455920937917
26121,LOF,0.048825052088083666,0.07723534514669438,0.873939602765222
