feature0,prediction,LoGoFunc_Neutral,LoGoFunc_GOF,LoGoFunc_LOF
25546,Neutral,0.6355479140648466,0.06204103753373424,0.3024110484014193
25547,Neutral,0.5136669783974409,0.09859058784690787,0.3877424337556512
25548,Neutral,0.5372280262357934,0.08748495769987888,0.3752870160643278
25549,Neutral,0.4733414255572363,0.08938573296774788,0.4372728414750159
25550,LOF,0.40643368790752843,0.10281152983670346,0.49075478225576813
25551,LOF,0.340832852108282,0.11042911402273119,0.5487380338689868
25552,LOF,0.3158923257736904,0.1160894973487438,0.5680181768775657
25553,Neutral,0.7958638391461298,0.04918062680738718,0.15495553404648313
25554,LOF,0.33885430168249847,0.10726223792844389,0.5538834603890577
25555,LOF,0.29904872518159265,0.11188279401275064,0.5890684808056567
25556,Neutral,0.48224655078049866,0.09558222709327435,0.4221712221262268
25557,LOF,0.2848155607793677,0.10919749070509828,0.6059869485155339
25558,LOF,0.34522648042521686,0.10475328614067526,0.5500202334341079
25559,LOF,0.2358246600700362,0.049634797201622144,0.7145405427283416
25560,LOF,0.09548475702026003,0.13282935333719967,0.7716858896425404
25561,LOF,0.1008243263378737,0.1993135219244017,0.6998621517377247
25562,LOF,0.034913157920367484,0.09935960501643,0.8657272370632024
25563,LOF,0.007696819176988995,0.15916836490131026,0.8331348159217008
25564,LOF,0.087475324491137,0.10793207831988413,0.8045925971889789
25565,LOF,0.19989266415699034,0.15475242460423572,0.645354911238774
25566,GOF,0.06075030521021705,0.6912692404186859,0.24798045437109711
25567,LOF,0.04645657935756637,0.163312210850907,0.7902312097915266
25568,LOF,0.05698923246523416,0.09928359173309138,0.8437271758016744
25569,LOF,0.06110594908412829,0.09278454375679882,0.8461095071590728
25570,LOF,0.027012847113403696,0.1314344382809649,0.8415527146056314
25571,LOF,0.02663048683805395,0.1373967652936352,0.8359727478683108
25572,LOF,0.05525867105999566,0.19720578260991378,0.7475355463300906
25573,LOF,0.06195723565889562,0.12150191506715709,0.8165408492739473
25574,LOF,0.06811900545704455,0.23515764449083185,0.6967233500521236
25575,LOF,0.024947779724665487,0.15618938824626147,0.8188628320290731
25576,LOF,0.02472567752145211,0.21573052432738324,0.7595437981511647
25577,LOF,0.028816080080697783,0.18056897379750733,0.7906149461217948
25578,LOF,0.30981455385596834,0.09987840933038848,0.5903070368136432
25579,LOF,0.21966072631528372,0.10035231508449817,0.6799869586002182
25580,LOF,0.024098079536474155,0.09577406135996004,0.8801278591035657
25581,LOF,0.046835156822254885,0.10137132074280286,0.8517935224349423
25582,LOF,0.0463649579334496,0.09859079824482998,0.8550442438217205
25583,LOF,0.02949527252507722,0.11060913853814296,0.8598955889367799
25584,Neutral,0.7126820548879473,0.12612110849343072,0.16119683661862208
25585,LOF,0.022472425179551836,0.2140796577754103,0.7634479170450379
25586,LOF,0.020998533427401878,0.11815788935423391,0.8608435772183641
25587,LOF,0.020736352705098188,0.10454174377771376,0.8747219035171881
25588,LOF,0.02463688050653052,0.0977193687542111,0.8776437507392585
25589,Neutral,0.5443823407909696,0.22900896273029903,0.22660869647873136
25590,LOF,0.05271451757024073,0.13779875278624526,0.809486729643514
25591,LOF,0.07848833894469293,0.09293108218790898,0.8285805788673981
25592,LOF,0.06721371533307308,0.16497432536750234,0.7678119592994245
25593,LOF,0.10901576154934917,0.2932582933021962,0.5977259451484547
25594,LOF,0.057353680254117585,0.03313554994856289,0.9095107697973196
25595,LOF,0.05712084251524223,0.022714927627145123,0.9201642298576126
25596,LOF,0.12967030908262583,0.014949223860608733,0.8553804670567655
25597,LOF,0.09084111720407666,0.01538206568274095,0.8937768171131824
25598,LOF,0.052512289125584526,0.022780950946165297,0.9247067599282502
25599,LOF,0.02559652758951928,0.3951812478762505,0.5792222245342301
25600,LOF,0.18721932489980342,0.3777980688690883,0.4349826062311082
25601,LOF,0.044277340965985124,0.2958730382959841,0.6598496207380309
25602,LOF,0.033602907089451184,0.07571012837356497,0.8906869645369838
25603,LOF,0.04753002421152049,0.0717788133348864,0.8806911624535931
25604,LOF,0.049750610511861235,0.13347612780184318,0.8167732616862957
25605,LOF,0.039832357568695416,0.22771253621844462,0.7324551062128599
25606,Neutral,0.38850289322588494,0.2501160760279907,0.3613810307461243
25607,LOF,0.030582214011276285,0.26323825005069557,0.7061795359380282
25608,LOF,0.046346909332548335,0.11620294249694825,0.8374501481705035
25609,GOF,0.15889878057895657,0.571259694566417,0.26984152485462637
25610,LOF,0.01837491121375505,0.05479529518621401,0.9268297936000309
25611,LOF,0.013376757107440218,0.057478392987795175,0.9291448499047645
25612,LOF,0.04810783613940546,0.0677060953010796,0.884186068559515
25613,LOF,0.04816093248722375,0.0625717541737734,0.8892673133390028
25614,LOF,0.024321997060499645,0.05039754548793083,0.9252804574515694
25615,LOF,0.04502299441231762,0.056724880287398555,0.8982521253002839
25616,LOF,0.05956630158380462,0.062448685842725546,0.87798501257347
25617,LOF,0.04578291468371854,0.0679543932370232,0.8862626920792582
25618,LOF,0.04975797163959156,0.09117653163307934,0.8590654967273291
25619,LOF,0.014390946061887847,0.07262665164014852,0.9129824022979636
25620,LOF,0.05224182163745716,0.06210885637880714,0.8856493219837358
25621,LOF,0.0688990163498709,0.05194664013506034,0.8791543435150687
25622,LOF,0.0831257990068736,0.06452026391939512,0.8523539370737314
25623,LOF,0.06653206812518468,0.05961021004940333,0.8738577218254119
25624,LOF,0.021466610086575768,0.05629650542769203,0.9222368844857323
25625,LOF,0.06549296692555537,0.06216648534017637,0.8723405477342682
25626,LOF,0.05359337233389295,0.05977691941962564,0.8866297082464814
25627,Neutral,0.8845394683267895,0.023446861418509185,0.09201367025470131
25628,LOF,0.16413680945897258,0.0686409438683943,0.7672222466726331
25629,LOF,0.06392445995833097,0.07052547044115155,0.8655500696005175
25630,LOF,0.2742757534894697,0.07957213972532107,0.6461521067852092
25631,Neutral,0.5325143331959319,0.059994691656963355,0.4074909751471047
25632,LOF,0.03124986458432488,0.1228325004788256,0.8459176349368495
25633,LOF,0.24148418839184113,0.079248131886283,0.6792676797218757
25634,LOF,0.043699515366120635,0.1283004260336872,0.8280000586001922
25635,LOF,0.04109617603641202,0.06293327879991653,0.8959705451636714
25636,GOF,0.029582551641907,0.5847146320386819,0.38570281631941106
25637,GOF,0.04815680454042749,0.5721121565002301,0.3797310389593424
25638,GOF,0.026538498416572485,0.5015762203298333,0.4718852812535942
25639,GOF,0.035454437502452946,0.48302294618849917,0.4815226163090479
25640,Neutral,0.8430982139791664,0.09488927938382327,0.06201250663701032
25641,LOF,0.12648407844979728,0.382394180797124,0.4911217407530786
25642,LOF,0.09776068601688943,0.1580425673053488,0.7441967466777618
25643,LOF,0.33965872416686294,0.1071112460725104,0.5532300297606266
25644,GOF,0.009841782557002552,0.6246481052669389,0.36551011217605867
25645,GOF,0.010899534832516797,0.5865548177591907,0.40254564740829235
25646,LOF,0.02336954840578122,0.4026904663102183,0.5739399852840005
25647,LOF,0.010450833217247841,0.2958072056535438,0.6937419611292083
25648,LOF,0.012550392450732318,0.38827720755070544,0.5991723999985623
25649,LOF,0.007772383848876103,0.2836809752672632,0.7085466408838608
25650,GOF,0.02489215543018408,0.6078851068443151,0.3672227377255009
25651,LOF,0.010529411737488177,0.3995191527122324,0.5899514355502794
25652,LOF,0.012609258767127969,0.4490666345616248,0.5383241066712472
25653,GOF,0.0402844310950466,0.6114290080165219,0.3482865608884315
25654,LOF,0.011086195953763171,0.2829755213858784,0.7059382826603584
25655,GOF,0.09924885426818343,0.6221296590711783,0.2786214866606383
25656,LOF,0.2842322645745749,0.08210886498774353,0.6336588704376817
25657,LOF,0.03797092914627964,0.09337188392329301,0.8686571869304274
25658,LOF,0.30048703367822144,0.13458177319951287,0.5649311931222657
25659,Neutral,0.48739809601142237,0.14079431020719174,0.3718075937813859
25660,LOF,0.022154345349903595,0.09980037615332345,0.878045278496773
25661,LOF,0.06591314869831484,0.06888765588441491,0.8651991954172702
25662,LOF,0.028284604427328684,0.039849782169462,0.9318656134032094
25663,LOF,0.030395155949784553,0.037795963150228644,0.9318088808999867
25664,LOF,0.10352684283880403,0.06386359685344266,0.8326095603077533
25665,LOF,0.06431016179850083,0.029883238139021478,0.9058066000624777
25666,LOF,0.0753548252473881,0.050915589952217004,0.8737295848003949
25667,LOF,0.06416240266590308,0.04203124110343031,0.8938063562306667
25668,LOF,0.03056065344056699,0.052807060945380215,0.9166322856140529
25669,LOF,0.02275235058834162,0.04909173949728174,0.9281559099143766
25670,LOF,0.11141750198598778,0.045644212539467016,0.8429382854745452
25671,LOF,0.09090689397547574,0.03823148261036943,0.8708616234141549
25672,LOF,0.05400586265739588,0.04438282159783087,0.9016113157447734
25673,LOF,0.09001559734543299,0.04322557515336714,0.8667588275011998
25674,LOF,0.08765873353454887,0.05579645913455279,0.8565448073308983
25675,LOF,0.0804968277036017,0.06707565360637575,0.8524275186900225
25676,LOF,0.01715875807991521,0.05840272048215453,0.9244385214379303
25677,LOF,0.01753857150415972,0.07784236689227034,0.90461906160357
25678,LOF,0.16840185265799051,0.08586237354276352,0.745735773799246
25679,LOF,0.10513725524914057,0.08494339213777893,0.8099193526130805
25680,LOF,0.027054806858186398,0.11843565291516733,0.8545095402266463
25681,LOF,0.04558354715760744,0.10435534688601382,0.8500611059563787
25682,LOF,0.1147812616218384,0.06900141222800951,0.8162173261501521
25683,LOF,0.10649435287430958,0.07819125531310885,0.8153143918125816
25684,LOF,0.027824410443183442,0.05988805915101875,0.9122875304057978
25685,LOF,0.11706878761217243,0.07367875166235466,0.809252460725473
25686,LOF,0.06978320663481602,0.11720958859632406,0.8130072047688599
25687,LOF,0.14136721602204427,0.11191582644322345,0.7467169575347323
25688,LOF,0.41285266832107353,0.03155497736005293,0.5555923543188734
25689,LOF,0.29386121855444036,0.039635055324572656,0.666503726120987
25690,LOF,0.358181620260553,0.025443543249669708,0.6163748364897773
25691,Neutral,0.7030036835240709,0.027559952251598404,0.26943636422433065
25692,LOF,0.3638667744499977,0.011880858397669265,0.624252367152333
25693,GOF,0.03820187096760285,0.5181076089943061,0.44369052003809106
25694,LOF,0.10863834153025514,0.018275539119698588,0.8730861193500463
25695,LOF,0.10484806654569905,0.008777550962090529,0.8863743824922106
25696,LOF,0.10124295959176555,0.012493471355962888,0.8862635690522715
25697,LOF,0.06302378504423536,0.07828937560463138,0.8586868393511332
25698,LOF,0.24669629354728034,0.26370532220885634,0.4895983842438633
25699,LOF,0.4443824431986194,0.02910087107398745,0.5265166857273931
25700,LOF,0.06348636212077327,0.008766216839844028,0.9277474210393828
25701,LOF,0.1709398057337896,0.03315934747194425,0.7959008467942661
25702,GOF,0.18375029615349558,0.6444868603542485,0.17176284349225607
25703,LOF,0.01588606808522106,0.17564942558523908,0.8084645063295399
25704,LOF,0.03602182940754406,0.16056523377116405,0.803412936821292
25705,LOF,0.0454802310384964,0.07356726571921841,0.8809525032422852
25706,LOF,0.11123941257131059,0.4287939082521022,0.4599666791765871
25707,LOF,0.07620057657720715,0.36407476794029003,0.5597246554825029
25708,LOF,0.03990464289451072,0.33774310858843576,0.6223522485170534
25709,LOF,0.07819249852086324,0.03190233896570069,0.8899051625134361
25710,LOF,0.015620207697235367,0.1192668035314078,0.8651129887713568
25711,LOF,0.02179527090282115,0.06852924861482218,0.9096754804823567
25712,LOF,0.017453637499406427,0.15939128126077853,0.8231550812398151
25713,LOF,0.01946719326597054,0.06210967043297236,0.9184231363010572
25714,LOF,0.08185457749348854,0.04496890561035913,0.8731765168961524
25715,LOF,0.01191208197436323,0.0959671843796704,0.8921207336459663
25716,LOF,0.010582557243416581,0.0861425202334272,0.9032749225231562
25717,LOF,0.016156964067786543,0.05497488967457702,0.9288681462576365
25718,LOF,0.01194717692095206,0.04358009874900848,0.9444727243300395
25719,LOF,0.022124415561328933,0.05996371964353171,0.9179118647951393
25720,LOF,0.02844498342272626,0.042566110493268576,0.9289889060840051
25721,LOF,0.012194092577174808,0.05493363496862758,0.9328722724541976
25722,LOF,0.013727404621985984,0.046522189210743144,0.9397504061672708
25723,LOF,0.02687636123083341,0.03228328654548152,0.9408403522236851
25724,LOF,0.03357711007624017,0.06581158067838291,0.9006113092453768
25725,LOF,0.011992714355978198,0.06028357459966013,0.9277237110443617
25726,LOF,0.018295023130238508,0.07518084025400823,0.9065241366157534
25727,LOF,0.01479553888787164,0.0485739292265695,0.9366305318855589
25728,LOF,0.011002584029186064,0.06706241997009654,0.9219349960007175
25729,LOF,0.011241786772221615,0.06763910843948283,0.9211191047882956
25730,LOF,0.014947861702500412,0.06649058732810381,0.9185615509693958
25731,LOF,0.018335877153747453,0.0822390262392957,0.8994250966069569
25732,LOF,0.013648074386585904,0.04498612649930797,0.9413657991141062
25733,LOF,0.01497309951143022,0.05186500492668024,0.9331618955618896
25734,LOF,0.012256480414179614,0.11133138360427258,0.8764121359815478
25735,LOF,0.011346880435738702,0.052529228704543136,0.936123890859718
25736,LOF,0.012759203760205218,0.057953006793406266,0.9292877894463885
25737,LOF,0.012878405825315646,0.0879159295316519,0.8992056646430325
25738,LOF,0.012603336986906149,0.09087313898073533,0.8965235240323585
25739,LOF,0.02193557907800495,0.06108063863083449,0.9169837822911605
25740,LOF,0.031000147406457797,0.10061829413115402,0.8683815584623882
25741,LOF,0.015810587677941586,0.0893191056699514,0.894870306652107
25742,LOF,0.12000277754944258,0.06374320198332288,0.8162540204672346
25743,LOF,0.04177505718213667,0.06586323221050273,0.8923617106073607
25744,Neutral,0.6395385825908957,0.24054690362907172,0.11991451378003254
25745,LOF,0.056490755965657925,0.08221309709382259,0.8612961469405194
25746,LOF,0.04035859858115471,0.11654501454292096,0.8430963868759244
25747,LOF,0.01718084973275712,0.12029629087730372,0.8625228593899391
25748,LOF,0.11350428005658411,0.20287327954921755,0.6836224403941983
25749,LOF,0.026746912332776283,0.10467784668367963,0.8685752409835441
25750,LOF,0.06984210536959364,0.1272192636225298,0.8029386310078764
25751,LOF,0.09823098444196549,0.15331141110134666,0.7484576044566879
25752,GOF,0.14060007017487733,0.6230088114587572,0.23639111836636545
25753,LOF,0.029425521762518926,0.38424260889961,0.5863318693378711
25754,GOF,0.019238344406864182,0.7881858943610652,0.19257576123207057
25755,LOF,0.032067701733633984,0.37327434443273894,0.5946579538336271
25756,LOF,0.06570138349546813,0.4424006965108281,0.49189791999370386
25757,GOF,0.020821315698257164,0.8737052342937336,0.10547345000800935
25758,GOF,0.03019130109906411,0.8070654553378893,0.16274324356304662
25759,GOF,0.012716222188247445,0.6572532157083244,0.3300305621034283
25760,LOF,0.01898801842198212,0.3722839177212666,0.6087280638567513
25761,GOF,0.28309004628211526,0.6256322967590133,0.09127765695887148
25762,LOF,0.05339102059523948,0.3453121209424391,0.6012968584623215
25763,LOF,0.017701902647328245,0.25716232507140385,0.7251357722812679
25764,GOF,0.0714635720135203,0.6932084440722572,0.23532798391422252
25765,GOF,0.036526878036837226,0.7747335107119292,0.18873961125123354
25766,GOF,0.0878496176106106,0.751925088731054,0.1602252936583353
25767,LOF,0.15578096197810423,0.38328973259976235,0.46092930542213334
25768,LOF,0.12237699180985138,0.036506914543540325,0.8411160936466082
25769,LOF,0.05708059989241954,0.06672599051971204,0.8761934095878685
25770,LOF,0.3306283685848953,0.097632397098739,0.5717392343163658
25771,LOF,0.06342100803000743,0.056367760707387464,0.8802112312626051
25772,LOF,0.019904841691443305,0.05280520427853202,0.9272899540300247
25773,LOF,0.06712342597224327,0.06497932016845644,0.8678972538593004
25774,LOF,0.029973806564324912,0.11699168208850903,0.8530345113471661
25775,LOF,0.06521627054061187,0.057604915054822875,0.8771788144045654
25776,LOF,0.0742325698158276,0.03524716940840989,0.8905202607757624
25777,LOF,0.3460217470522619,0.0973368863576611,0.556641366590077
25778,LOF,0.07251014619933045,0.050374066123240746,0.8771157876774288
25779,GOF,0.43244088783944273,0.5261499633426306,0.04140914881792667
25780,GOF,0.3454489254113509,0.572162428574239,0.0823886460144101
25781,GOF,0.10500079066052644,0.7805807727228532,0.11441843661662028
25782,GOF,0.20401604470529033,0.713282051797594,0.08270190349711566
25783,GOF,0.024206239827712674,0.6610687229090988,0.3147250372631885
25784,Neutral,0.5481633328081972,0.4115049506771165,0.04033171651468625
25785,Neutral,0.5610929671709939,0.3796975062608091,0.05920952656819706
25786,GOF,0.03268864771197625,0.7016243174421939,0.2656870348458299
25787,Neutral,0.7030164205504057,0.2595879591443853,0.037395620305208994
25788,LOF,0.057692452957015264,0.07091781978810102,0.8713897272548837
25789,GOF,0.1798861206915866,0.6570071422830893,0.16310673702532413
25790,GOF,0.2531412526936143,0.6418470401534881,0.10501170715289763
25791,GOF,0.1448449076613558,0.6485820594698436,0.2065730328688005
25792,GOF,0.3664821344592925,0.4814016919921114,0.15211617354859613
25793,GOF,0.3000943033090709,0.4458634433596334,0.25404225333129565
25794,GOF,0.3136457825804443,0.4548381919687808,0.23151602545077493
25795,GOF,0.05634398515451407,0.675227756388654,0.26842825845683205
25796,Neutral,0.5245704766040159,0.39379939002758246,0.08163013336840165
25797,GOF,0.08379304331482489,0.5024011969664564,0.41380575971871886
25798,GOF,0.010461190795238575,0.49626587765750174,0.49327293154725976
25799,LOF,0.00822744853734696,0.4258411237434397,0.5659314277192133
25800,GOF,0.042740248667757386,0.6006172757755839,0.3566424755566588
25801,GOF,0.27421555382111673,0.6133643405643121,0.1124201056145711
25802,GOF,0.07549231322522071,0.6305149374711327,0.29399274930364655
25803,GOF,0.04701294335481141,0.5257292511060944,0.42725780553909426
25804,LOF,0.038233017051285484,0.44835975074496764,0.5134072322037468
25805,GOF,0.10594074313133466,0.539623978520276,0.3544352783483894
25806,GOF,0.14295264930755922,0.5462980778165731,0.31074927287586773
25807,GOF,0.0199656163553049,0.5848507552485314,0.3951836283961638
25808,GOF,0.10471497230879016,0.5187532399017147,0.37653178778949514
25809,GOF,0.018458451504341413,0.575029107939899,0.40651244055575947
25810,GOF,0.019759576764536792,0.5732569022740767,0.40698352096138657
25811,Neutral,0.49390817608261756,0.43020814883618236,0.07588367508120003
25812,GOF,0.03680533715679041,0.6079978150202178,0.35519684782299193
25813,Neutral,0.5832785458449359,0.2942406376192799,0.12248081653578424
25814,GOF,0.11558357672575528,0.6064093636858185,0.2780070595884263
25815,GOF,0.24255557962324295,0.5430525321127092,0.2143918882640478
25816,GOF,0.01853888340186761,0.6598999328645799,0.32156118373355247
25817,GOF,0.1980997805966021,0.6515324061899602,0.15036781321343776
25818,GOF,0.03791793776482677,0.5252158242201607,0.4368662380150126
25819,GOF,0.3858285383058743,0.4481479264835949,0.16602353521053065
25820,GOF,0.2011208080388713,0.5737894221510512,0.2250897698100775
25821,GOF,0.05809209665201588,0.658372342966754,0.2835355603812302
25822,GOF,0.2640119571636324,0.4655510989226721,0.27043694391369544
25823,LOF,0.028876457927299412,0.440344478212858,0.5307790638598426
25824,GOF,0.07943597943430374,0.4823202373579924,0.4382437832077038
25825,GOF,0.02910855887977015,0.4912833163664981,0.4796081247537319
25826,LOF,0.010239507229438111,0.4727679889846829,0.516992503785879
25827,GOF,0.01637496564454586,0.5467074847329755,0.43691754962247875
25828,LOF,0.011149023111242471,0.47433641250601377,0.5145145643827437
25829,GOF,0.0060282377488151346,0.5336165057416826,0.4603552565095024
25830,LOF,0.03987407581974883,0.2647160896225177,0.6954098345577334
25831,GOF,0.12636325027708506,0.71260109419418,0.16103565552873486
25832,GOF,0.029843427223105894,0.6528241563712314,0.3173324164056628
25833,GOF,0.11026521337254525,0.6575330951433414,0.23220169148411346
25834,GOF,0.034394892613349146,0.6367430076876992,0.3288620996989517
25835,GOF,0.08749227135429664,0.5974259874842502,0.3150817411614531
25836,GOF,0.044408817271412764,0.6065974827067351,0.3489937000218521
25837,GOF,0.01977422545475103,0.4922390339654692,0.48798674057977975
25838,GOF,0.0786199098538102,0.6928548072165105,0.2285252829296793
25839,GOF,0.2979044680223556,0.5091113882805764,0.19298414369706796
25840,GOF,0.20591768172024963,0.5567597674211626,0.2373225508585878
25841,GOF,0.22552816005626106,0.5483621013469369,0.22610973859680208
25842,GOF,0.15359634481548828,0.6113394480460052,0.23506420713850654
25843,GOF,0.20199857213148464,0.6293639354974448,0.16863749237107045
25844,GOF,0.0490629640934737,0.5928848058814298,0.35805223002509645
25845,LOF,0.011222053644965254,0.4276887362870267,0.561089210068008
25846,GOF,0.07695324100790672,0.6985111966585384,0.22453556233355468
25847,GOF,0.12822116662864572,0.6900491706363833,0.18172966273497096
25848,GOF,0.031844692294959,0.6259730577317533,0.3421822499732876
25849,GOF,0.009721914666863618,0.5200001561543848,0.4702779291787517
25850,GOF,0.02216820488779362,0.5584286260491605,0.41940316906304587
25851,LOF,0.018193052787028548,0.46131687787718023,0.5204900693357912
25852,GOF,0.13339251086792034,0.5479145410397991,0.31869294809228066
25853,GOF,0.3157349533632192,0.5952490791459739,0.08901596749080692
25854,GOF,0.015469498397923808,0.6438166811308829,0.3407138204711935
25855,GOF,0.038796352960752026,0.5721947354197415,0.38900891161950646
25856,GOF,0.23058372858549067,0.5358827820048263,0.23353348940968296
25857,GOF,0.032941841866845484,0.48755904585495563,0.4794991122781988
25858,GOF,0.016085220978384576,0.5547752941394838,0.42913948488213155
25859,GOF,0.008756923574246012,0.5424801313633689,0.44876294506238507
25860,GOF,0.34426183572565194,0.5430747790668354,0.11266338520751275
25861,GOF,0.34480513197977075,0.5528365408798938,0.10235832714033548
25862,GOF,0.08532649037178679,0.7671088594679095,0.14756465016030373
25863,GOF,0.08724635943920003,0.7759959775446674,0.13675766301613254
25864,GOF,0.175543378467448,0.7298153562612726,0.09464126527127936
25865,GOF,0.07085374422608545,0.7589977854426851,0.1701484703312294
25866,GOF,0.05565541905486595,0.7816400475822797,0.16270453336285434
25867,GOF,0.07636608480176395,0.7889227470893871,0.1347111681088489
25868,GOF,0.262578499026186,0.5941206109580948,0.14330089001571927
25869,Neutral,0.6805890298938516,0.2698047342742863,0.049606235831862126
25870,LOF,0.29403034588394017,0.22953342868338042,0.47643622543267944
25871,GOF,0.21263686348905822,0.6224833137514186,0.1648798227595233
25872,GOF,0.09187465531057468,0.6278523019722808,0.2802730427171446
25873,GOF,0.15820540321623452,0.6188083988742171,0.22298619790954827
25874,LOF,0.02219740021391737,0.07289651764251343,0.9049060821435693
25875,LOF,0.07678513088466876,0.06708001331671153,0.8561348557986197
25876,LOF,0.024866571262313862,0.07253155146281766,0.9026018772748684
25877,Neutral,0.48017980423808226,0.06680843115532986,0.4530117646065878
25878,LOF,0.21277860858629913,0.12180423181117668,0.6654171596025242
25879,LOF,0.08698944885717162,0.13897858869027596,0.7740319624525525
25880,LOF,0.022905160921240997,0.02805638023492007,0.949038458843839
25881,LOF,0.1969917977036133,0.22057174942263785,0.5824364528737489
25882,LOF,0.0780400376442186,0.01811510451230705,0.9038448578434742
25883,LOF,0.08435373335185196,0.037796206392873656,0.8778500602552745
25884,LOF,0.044668713052659584,0.043514238805404684,0.9118170481419356
25885,LOF,0.05715297655703368,0.022674618295530826,0.9201724051474355
25886,LOF,0.3711546363739461,0.08215099652296075,0.5466943671030932
25887,LOF,0.1934673252131216,0.12923987088434905,0.6772928039025293
25888,LOF,0.06641940009662589,0.11509102188310344,0.8184895780202707
25889,LOF,0.045598042524662784,0.03560143482915171,0.9188005226461855
25890,LOF,0.05455344664577501,0.1766346270187355,0.7688119263354896
25891,LOF,0.05005958791811217,0.06041040349537053,0.8895300085865173
25892,LOF,0.10388284253909597,0.018526638025061208,0.8775905194358429
25893,LOF,0.2889696638189063,0.012743663169951076,0.6982866730111426
25894,LOF,0.161163490480929,0.006866061375133804,0.8319704481439372
25895,LOF,0.2007715216149595,0.016577107098895035,0.7826513712861455
25896,LOF,0.04781381698508183,0.018299298657171482,0.9338868843577467
25897,LOF,0.22819902307562542,0.012235953577418813,0.7595650233469557
25898,Neutral,0.7424559368675818,0.008981586791948298,0.24856247634046985
25899,LOF,0.28889295687180333,0.029539661600059337,0.6815673815281373
25900,LOF,0.4849505346600131,0.012973676356076434,0.5020757889839104
25901,LOF,0.05600933373024101,0.01075393577555646,0.9332367304942025
25902,LOF,0.1923167126581557,0.008891749845526022,0.7987915374963183
25903,Neutral,0.5747272550149537,0.02478293989718933,0.400489805087857
25904,LOF,0.2598680251676994,0.0330744481019598,0.7070575267303408
25905,LOF,0.024430881808928037,0.2983674219929557,0.6772016961981163
25906,LOF,0.023153180870346377,0.07446530857117331,0.9023815105584803
25907,LOF,0.014837975739189109,0.3031794759917709,0.68198254826904
25908,LOF,0.01278180802521783,0.2044318255831368,0.7827863663916454
25909,LOF,0.01492014701919382,0.14600737228403468,0.8390724806967716
25910,LOF,0.053703898883737985,0.1391076571866233,0.8071884439296387
25911,LOF,0.11996990265279357,0.04755586026759678,0.8324742370796097
25912,LOF,0.03824609964199052,0.0786687933656473,0.8830851069923622
25913,LOF,0.2645286756529883,0.02959554416837943,0.7058757801786323
25914,LOF,0.026671775922044966,0.11032411018727903,0.8630041138906761
25915,Neutral,0.4362299280111067,0.18400551626351283,0.37976455572538037
25916,LOF,0.06489986122034895,0.22189300708723828,0.7132071316924128
25917,LOF,0.06780063858124795,0.04783633986527005,0.8843630215534821
25918,LOF,0.032843527505452386,0.06300347659290415,0.9041529959016434
25919,LOF,0.027106439905306423,0.06865393166454993,0.9042396284301437
25920,GOF,0.09751337650265565,0.5577066613714586,0.3447799621258857
25921,LOF,0.03679302031458922,0.033538198036748755,0.9296687816486621
25922,LOF,0.04961997242675421,0.021519660405680287,0.9288603671675655
25923,LOF,0.41467151149925185,0.021528633278755278,0.5637998552219929
25924,LOF,0.04169889533417381,0.027430052856462703,0.9308710518093636
25925,LOF,0.07542942114579752,0.03240586848011488,0.8921647103740875
25926,LOF,0.05426670835520282,0.021935102228192442,0.9237981894166047
25927,LOF,0.07563595642962459,0.051278982152203174,0.8730850614181722
25928,LOF,0.02660839517568109,0.023718650052078447,0.9496729547722403
25929,Neutral,0.5482416438810069,0.024975062987831233,0.4267832931311618
25930,LOF,0.06866798819672155,0.01777437909776755,0.9135576327055109
25931,LOF,0.03591692084594626,0.020163503562076242,0.9439195755919775
25932,LOF,0.03176028785350232,0.01791825308848535,0.9503214590580122
25933,LOF,0.03979549798317034,0.012153015932257937,0.9480514860845718
25934,LOF,0.027116282225238368,0.014496086288783027,0.9583876314859786
25935,LOF,0.07314347710751558,0.029981912940300667,0.8968746099521838
25936,LOF,0.04875940912423982,0.019714822417064657,0.9315257684586954
25937,LOF,0.036766740742837555,0.026797976655065364,0.9364352826020971
25938,LOF,0.07239261962049731,0.035987502753187385,0.8916198776263152
25939,LOF,0.04360920812258976,0.01313539836804565,0.9432553935093645
25940,LOF,0.023186300161901104,0.39350784895691154,0.5833058508811872
25941,LOF,0.13503542183572786,0.09085943150154875,0.7741051466627235
25942,LOF,0.013561973437035225,0.03877615160690067,0.9476618749560641
25943,LOF,0.3110747488426313,0.0765149385835237,0.6124103125738449
25944,Neutral,0.49680693897570866,0.044972935951135,0.45822012507315646
25945,LOF,0.06176483326043374,0.02895750656537056,0.9092776601741958
25946,LOF,0.03467351005664847,0.13737810185111385,0.8279483880922376
25947,LOF,0.10707035008741944,0.1732812341893102,0.7196484157232704
25948,LOF,0.4027643764943242,0.014883260503669657,0.5823523630020061
25949,LOF,0.08335956118560993,0.06827066278305648,0.8483697760313337
25950,GOF,0.24776391878495088,0.4551122574887437,0.29712382372630547
25951,LOF,0.32490761370044874,0.22434141716805475,0.45075096913149654
25952,GOF,0.05896978191134672,0.5068412851570623,0.43418893293159105
25953,LOF,0.14343157754143698,0.12426320510888633,0.7323052173496766
25954,Neutral,0.36811720853152124,0.27478106271326075,0.3571017287552181
25955,LOF,0.06888225287214483,0.09262368089228377,0.8384940662355713
25956,LOF,0.2020403962789597,0.05361319810590506,0.7443464056151351
25957,LOF,0.04976263561639012,0.02524702883485246,0.9249903355487574
25958,LOF,0.05918300842157146,0.03385227420806758,0.9069647173703611
25959,LOF,0.06917816663373494,0.4215690692712395,0.5092527640950255
25960,LOF,0.019520411586902913,0.06200412772815176,0.9184754606849453
25961,LOF,0.0494300861568279,0.04196029514453567,0.9086096186986364
25962,LOF,0.0714302835125501,0.03768605762547101,0.890883658861979
25963,LOF,0.05446954616560871,0.18921984304472636,0.7563106107896649
25964,LOF,0.040788713600872446,0.16782765378532508,0.7913836326138024
25965,LOF,0.45530212273416726,0.08908107687797076,0.4556168003878619
25966,Neutral,0.3748205378213947,0.3093400504596439,0.3158394117189613
25967,LOF,0.01524698366692134,0.1101579555411462,0.8745950607919325
25968,LOF,0.03688859327345068,0.4616490840436473,0.501462322682902
25969,LOF,0.026578284688531406,0.06484049613637012,0.9085812191750984
25970,LOF,0.06385819013263848,0.05384682929919747,0.882294980568164
25971,LOF,0.08041973366733683,0.023814228787805328,0.895766037544858
25972,LOF,0.08638605324615134,0.034660382428493806,0.8789535643253549
25973,LOF,0.08774516170500633,0.011496142478707694,0.9007586958162859
25974,LOF,0.2517288489917563,0.02012521716398103,0.7281459338442626
25975,LOF,0.05228729110331692,0.03315679458137547,0.9145559143153076
25976,LOF,0.03723672785805348,0.02743656735200996,0.9353267047899365
25977,LOF,0.13433627650293106,0.13024462982443555,0.7354190936726335
25978,LOF,0.11666652918331513,0.13199846636483717,0.7513350044518478
25979,LOF,0.11556494163926213,0.11777397943229471,0.7666610789284432
25980,LOF,0.14590036125139458,0.1760665766339016,0.6780330621147038
25981,LOF,0.18194884833667485,0.16984315307399458,0.6482079985893305
25982,LOF,0.37357275801183026,0.1091623114922448,0.5172649304959249
25983,LOF,0.35795748659044113,0.10289097661357886,0.53915153679598
25984,LOF,0.057694868666869806,0.09939718940652952,0.8429079419266007
25985,LOF,0.019379731743250597,0.34752883189494416,0.6330914363618052
25986,LOF,0.024557371407094884,0.32777254018008134,0.6476700884128238
25987,LOF,0.09289357456693886,0.1208307131342539,0.7862757122988072
25988,LOF,0.11857252923546288,0.08964348671830195,0.7917839840462353
25989,LOF,0.027722372239392064,0.1620683686333764,0.8102092591272315
25990,LOF,0.03836918271247801,0.1389483468755215,0.8226824704120006
25991,GOF,0.1225080062747963,0.45635845875012915,0.4211335349750745
25992,LOF,0.2897322044262284,0.317565271694578,0.39270252387919363
25993,LOF,0.02291241037040021,0.12479120368539544,0.8522963859442044
25994,LOF,0.015558333028825496,0.14975242110876466,0.8346892458624099
25995,LOF,0.02483603351668153,0.18732797791210484,0.7878359885712136
25996,GOF,0.1818009085496846,0.5895207533227379,0.2286783381275776
25997,GOF,0.06243061439735016,0.5713627697942498,0.36620661580839986
25998,Neutral,0.5768322444389447,0.023169864220740122,0.39999789134031527
25999,LOF,0.15509989069969748,0.13765652849700083,0.7072435808033016
26000,LOF,0.10912684172396442,0.02573663665877421,0.8651365216172614
26001,LOF,0.20377394510005614,0.02653776649999636,0.7696882883999474
26002,LOF,0.1520543685576339,0.02866328212191831,0.8192823493204479
26003,GOF,0.01022323347277766,0.6446425291961253,0.34513423733109694
26004,GOF,0.022709240615022257,0.6789989515815458,0.2982918078034319
26005,GOF,0.009724442990986211,0.554962907207445,0.4353126498015687
26006,Neutral,0.5171648200906461,0.27571007342336296,0.20712510648599095
26007,GOF,0.017870416232293372,0.6157757247118054,0.36635385905590123
26008,GOF,0.02186072910242707,0.6028627304382799,0.37527654045929293
26009,GOF,0.02882048321548933,0.6633247711285317,0.30785474565597903
26010,GOF,0.02301013984958277,0.7323945237679408,0.24459533638247644
26011,GOF,0.009072967386600588,0.5188377599418954,0.472089272671504
26012,GOF,0.019994208909154595,0.5971405007077556,0.38286529038308975
26013,GOF,0.01852157881061178,0.6669206171520804,0.3145578040373078
26014,LOF,0.04025061111092516,0.22960147902330985,0.7301479098657649
26015,LOF,0.16750717396753773,0.010384703911240255,0.822108122121222
26016,LOF,0.26234857471801737,0.047552059559013704,0.6900993657229689
26017,LOF,0.17414383551731444,0.09504547566409709,0.7308106888185885
26018,LOF,0.07596803454539822,0.032579180120616544,0.8914527853339852
26019,LOF,0.07622207297779804,0.024409372269827864,0.8993685547523741
26020,LOF,0.05227203969489804,0.13771296646760017,0.8100149938375018
26021,LOF,0.05440419825701585,0.17461546184237914,0.770980339900605
26022,LOF,0.00944123807661508,0.07475849919406236,0.9158002627293226
26023,LOF,0.10412188435577327,0.022663138872809407,0.8732149767714174
26024,LOF,0.029471580192448017,0.14619195465590096,0.824336465151651
26025,LOF,0.13348715598654176,0.09489184698746465,0.7716209970259936
26026,LOF,0.31080827976817316,0.01710018642532998,0.6720915338064969
26027,LOF,0.07348049015407085,0.017555982751864433,0.9089635270940647
26028,LOF,0.18032695217944103,0.1007182878825861,0.7189547599379729
26029,LOF,0.1077035985247641,0.16852451035515528,0.7237718911200806
26030,LOF,0.03344773595196273,0.07409539252877534,0.892456871519262
26031,LOF,0.04186122586430456,0.1354658428972883,0.8226729312384071
26032,LOF,0.08111424706270225,0.0664965083556616,0.8523892445816361
26033,LOF,0.13735922249764385,0.07331480173980628,0.7893259757625498
26034,LOF,0.06413318877232689,0.1305675695694794,0.8052992416581938
26035,LOF,0.042366421418329345,0.11069638233549858,0.846937196246172
26036,LOF,0.06402195928509764,0.13616630014401165,0.7998117405708908
26037,LOF,0.035175350211301,0.10004184259115997,0.8647828071975391
26038,LOF,0.07627019089466913,0.05980112382066462,0.8639286852846663
26039,LOF,0.0925985605713465,0.1125538183694381,0.7948476210592154
26040,LOF,0.23607125282468652,0.09973808588845429,0.6641906612868593
26041,LOF,0.03272699181056721,0.09556248144878687,0.8717105267406459
26042,LOF,0.03312605704574702,0.09799620147582545,0.8688777414784276
26043,LOF,0.07375789652356614,0.07726985008794247,0.8489722533884914
26044,LOF,0.032409427623920496,0.07759349055030329,0.8899970818257762
26045,LOF,0.11589727925507418,0.08524237090040193,0.7988603498445239
26046,LOF,0.07739619963633011,0.08094704744050986,0.8416567529231601
26047,LOF,0.11244012445848277,0.0903541831847727,0.7972056923567444
26048,LOF,0.05964912764769613,0.05808428918338632,0.8822665831689175
26049,Neutral,0.9541142425732354,0.010117670424332544,0.03576808700243207
26050,Neutral,0.9356763555053031,0.011098120130387837,0.053225524364308996
26051,GOF,0.046447762830421076,0.4827676850815085,0.4707845520880704
26052,GOF,0.06041780837678862,0.5065808688200232,0.43300132280318826
26053,LOF,0.06150660274607882,0.2078478429643761,0.730645554289545
26054,LOF,0.0588396776031245,0.040064270961217424,0.9010960514356581
26055,LOF,0.07334550425298245,0.03042566881127756,0.89622882693574
26056,LOF,0.06566679002708216,0.03659979021875166,0.8977334197541662
26057,LOF,0.03381658568878751,0.01870147807626741,0.9474819362349451
26058,LOF,0.034106673685501986,0.01652075955635331,0.9493725667581449
26059,LOF,0.28009339143940587,0.0460275683659132,0.6738790401946809
26060,LOF,0.02807073000645402,0.3265839802764296,0.6453452897171164
26061,LOF,0.019809393534194676,0.023801272385211743,0.9563893340805936
26062,LOF,0.012112713157670752,0.038609730132811805,0.9492775567095174
26063,LOF,0.022760867190266067,0.018950492955783063,0.9582886398539509
26064,LOF,0.025810874561013518,0.022228950538467688,0.9519601749005189
26065,LOF,0.026794112113591183,0.02223029231292586,0.950975595573483
26066,LOF,0.021326959753932933,0.02092836007501485,0.9577446801710522
26067,LOF,0.02742558968479139,0.01679662982095243,0.9557777804942562
26068,LOF,0.050803677897993685,0.04981956561088956,0.8993767564911168
26069,LOF,0.2749990058771491,0.03538001603908845,0.6896209780837624
26070,LOF,0.40847961818715545,0.02329163964482598,0.5682287421680186
26071,LOF,0.023263536512364038,0.0237001897687737,0.9530362737188622
26072,LOF,0.02277812899262034,0.034287771665372356,0.9429340993420072
26073,LOF,0.02399982578101163,0.019003196884220194,0.9569969773347682
26074,Neutral,0.9307384441149893,0.007440846475786092,0.06182070940922455
26075,LOF,0.04496160383227993,0.027360840381121198,0.9276775557865989
26076,LOF,0.04437348619988228,0.01661613605338274,0.939010377746735
26077,LOF,0.009277379792492104,0.043951246332519706,0.9467713738749882
26078,LOF,0.015256053366664135,0.022376040566631974,0.9623679060667039
26079,LOF,0.052895040365640904,0.030954283650826017,0.9161506759835332
26080,LOF,0.052835922323218404,0.03096973992843357,0.916194337748348
26081,LOF,0.03847991049880892,0.012935749384770406,0.9485843401164206
26082,LOF,0.018931848566490665,0.0368327408680863,0.944235410565423
26083,LOF,0.14983186719815028,0.021225057037693954,0.8289430757641558
26084,LOF,0.02587290208369291,0.030971133767408083,0.943155964148899
26085,LOF,0.02285393696044661,0.027800393370819926,0.9493456696687335
26086,LOF,0.023664974070748485,0.022943690443207997,0.9533913354860435
26087,LOF,0.02491780848157415,0.01626251613473285,0.9588196753836931
26088,LOF,0.020448431473190826,0.04091771416133832,0.9386338543654709
26089,LOF,0.04788050998383173,0.03520218543759548,0.9169173045785727
26090,LOF,0.04616999418216519,0.028493068007792832,0.925336937810042
26091,LOF,0.0407512021791027,0.011067429401483472,0.9481813684194138
26092,LOF,0.030039343288052175,0.01728891789747495,0.952671738814473
26093,LOF,0.04256829079778802,0.011509476086626936,0.945922233115585
26094,LOF,0.04757913104968475,0.009969223423077309,0.9424516455272379
26095,LOF,0.053610071712844425,0.02858663774347449,0.917803290543681
26096,LOF,0.01835624040310845,0.022560244203389437,0.959083515393502
26097,LOF,0.010872481573772607,0.08818804503543376,0.9009394733907936
26098,LOF,0.07102324876366437,0.02671077710671411,0.9022659741296216
26099,LOF,0.02636957975637255,0.027617535843101566,0.946012884400526
26100,LOF,0.027946534100633018,0.025760059588781727,0.9462934063105852
26101,LOF,0.05835191508613892,0.023978649575073088,0.9176694353387881
26102,LOF,0.02861319172715389,0.02053254542878719,0.9508542628440589
26103,Neutral,0.8915488107582763,0.03256580532910546,0.07588538391261825
26104,LOF,0.07355756272828301,0.0469005824606949,0.8795418548110221
26105,LOF,0.1937144752751064,0.2712671554358743,0.5350183692890192
26106,LOF,0.18399026839470492,0.1512861805821875,0.6647235510231075
26107,LOF,0.2385671558478238,0.12047674483836528,0.6409560993138109
26108,LOF,0.25681679570427607,0.15474136636402086,0.588441837931703
26109,LOF,0.05407950015414895,0.16197737895980308,0.7839431208860479
26110,LOF,0.2589144184162328,0.009546357204784788,0.7315392243789823
26111,LOF,0.46585223164604034,0.020021015135720095,0.5141267532182396
26112,LOF,0.03699349257883944,0.011444591183841087,0.9515619162373194
26113,LOF,0.05321541367129712,0.01810130255351675,0.9286832837751862
26114,LOF,0.018338357980355376,0.032438673732126846,0.9492229682875178
26115,LOF,0.09624716301365444,0.05186891996903334,0.8518839170173124
26116,LOF,0.04778456315285203,0.06089647590998553,0.8913189609371625
26117,LOF,0.3565199874314192,0.06864045002366105,0.5748395625449196
26118,LOF,0.038332715469855,0.044628835374387846,0.9170384491557572
26119,LOF,0.02129632196595278,0.060560932401173086,0.9181427456328741
26120,LOF,0.030235473446062998,0.029545906494989442,0.9402186200589475
26121,LOF,0.06357943842126622,0.09664123156534843,0.8397793300133853
26122,LOF,0.05967404875672831,0.04889437936951741,0.8914315718737542
