feature0,prediction,LoGoFunc_Neutral,LoGoFunc_GOF,LoGoFunc_LOF
25546,Neutral,0.6458567845398214,0.059927261014718784,0.2942159544454599
25547,Neutral,0.5272264564517819,0.08657216953308419,0.3862013740151339
25548,Neutral,0.5282456599602797,0.07318808573833216,0.39856625430138826
25549,Neutral,0.46304504314392203,0.07567231708067003,0.4612826397754079
25550,LOF,0.3611987181108914,0.09826137698162442,0.5405399049074842
25551,LOF,0.3141756137626508,0.10869742265773916,0.5771269635796101
25552,LOF,0.282583136179908,0.11393980991288695,0.6034770539072051
25553,Neutral,0.7979584158006017,0.051937699472015667,0.1501038847273827
25554,LOF,0.32087937515740206,0.10657952643491309,0.5725410984076849
25555,LOF,0.28308898322215664,0.09708923266374972,0.6198217841140936
25556,Neutral,0.45734110094323993,0.09113163301890526,0.4515272660378548
25557,LOF,0.2662518800530964,0.10465107755484425,0.6290970423920593
25558,LOF,0.31811555369288697,0.10191601131178485,0.5799684349953282
25559,LOF,0.24867364642312337,0.05254124836890724,0.6987851052079694
25560,LOF,0.08869529457516566,0.15568283091301105,0.7556218745118234
25561,LOF,0.10264846353077069,0.21125989566710618,0.6860916408021231
25562,LOF,0.03811860202601639,0.10251635600661872,0.859365041967365
25563,LOF,0.010421950470999471,0.18061771888121192,0.8089603306477886
25564,LOF,0.08973575142959855,0.13119664953425267,0.7790675990361489
25565,LOF,0.1662754131381045,0.14928354299145852,0.684441043870437
25566,GOF,0.05693334305162695,0.6124779149598844,0.33058874198848864
25567,LOF,0.03859700871213321,0.15262164799436406,0.8087813432935027
25568,LOF,0.05692715250058342,0.09478263751035172,0.8482902099890648
25569,LOF,0.06168026145776079,0.08566346119272059,0.8526562773495185
25570,LOF,0.02804589502333204,0.128641863212777,0.843312241763891
25571,LOF,0.02439900848673946,0.12911584794881462,0.846485143564446
25572,LOF,0.06652570063269245,0.1686284929238307,0.7648458064434768
25573,LOF,0.057010712214535304,0.11568679132321213,0.8273024964622526
25574,LOF,0.06361308308945093,0.21938137954577078,0.7170055373647782
25575,LOF,0.024449273152914924,0.13765910305714618,0.8378916237899389
25576,LOF,0.030160728170046617,0.19618881736313856,0.7736504544668149
25577,LOF,0.03571059610079508,0.1623617583439353,0.8019276455552696
25578,LOF,0.2840867229878896,0.11483925101780437,0.601074025994306
25579,LOF,0.18521696911944485,0.10807962260997295,0.7067034082705821
25580,LOF,0.021893142631126468,0.09473548804052091,0.8833713693283526
25581,LOF,0.047743943168679,0.08943705074681528,0.8628190060845057
25582,LOF,0.04740286253912203,0.08708415770811598,0.8655129797527621
25583,LOF,0.027296480607045464,0.10979775420556562,0.8629057651873889
25584,Neutral,0.7125590682664761,0.13454853377554085,0.15289239795798296
25585,LOF,0.02032229807335408,0.18988142387184198,0.7897962780548038
25586,LOF,0.01804339980684634,0.09979305957234635,0.8821635406208074
25587,LOF,0.01768923889737348,0.09092452595335096,0.8913862351492755
25588,LOF,0.0220550548258781,0.08740529922826927,0.8905396459458527
25589,Neutral,0.5272115111949055,0.23072058357533773,0.2420679052297567
25590,LOF,0.05429635627037446,0.12999005282748277,0.8157135909021427
25591,LOF,0.08423838502490316,0.07926858061090143,0.8364930343641953
25592,LOF,0.059101582558923234,0.16910557142148697,0.77179284601959
25593,LOF,0.1105614573025693,0.2917823899379334,0.5976561527594973
25594,LOF,0.055481996568770696,0.052224232044708205,0.8922937713865212
25595,LOF,0.05755777291686905,0.029785708707976918,0.912656518375154
25596,LOF,0.1190434222110822,0.017026367796088498,0.8639302099928293
25597,LOF,0.09122554797496892,0.022163992308319332,0.8866104597167118
25598,LOF,0.05401631317870085,0.03402879458938201,0.9119548922319172
25599,LOF,0.024695480857224377,0.3317141681965355,0.6435903509462402
25600,LOF,0.15222921067940967,0.36731226451916416,0.48045852480142626
25601,LOF,0.041067736261442285,0.28851889444349305,0.6704133692950648
25602,LOF,0.0228348839598063,0.08827460311342643,0.8888905129267672
25603,LOF,0.03800236521180763,0.07183034352965399,0.8901672912585383
25604,LOF,0.03763770338685291,0.10417219959957334,0.8581900970135737
25605,LOF,0.029332438259566617,0.18728491174992803,0.7833826499905054
25606,Neutral,0.4220875889601421,0.1662697886526034,0.4116426223872544
25607,LOF,0.026718095246732052,0.225128383894292,0.748153520858976
25608,LOF,0.032341878154138165,0.1433260846885552,0.8243320371573066
25609,GOF,0.13506014194925275,0.47080073746288914,0.3941391205878582
25610,LOF,0.01576529117613464,0.06376257359261822,0.920472135231247
25611,LOF,0.013554787461456393,0.06853076694942707,0.9179144455891164
25612,LOF,0.050846164505721034,0.06918852031045243,0.8799653151838266
25613,LOF,0.04876887495804843,0.07329347906781106,0.8779376459741405
25614,LOF,0.024216050953322455,0.05590135772603898,0.9198825913206387
25615,LOF,0.04267061318812992,0.06740881191557023,0.8899205748962998
25616,LOF,0.05405972825428733,0.06476744229444191,0.8811728294512708
25617,LOF,0.04209698487067269,0.06979242090802971,0.8881105942212977
25618,LOF,0.05058398698654166,0.09313470894496079,0.8562813040684977
25619,LOF,0.012856642992700977,0.07306589988472406,0.9140774571225749
25620,LOF,0.05481995759103832,0.07777854104013822,0.8674015013688235
25621,LOF,0.06055542964623181,0.06258249390143898,0.8768620764523292
25622,LOF,0.06457348423798008,0.07002397093949111,0.8654025448225288
25623,LOF,0.0633777239143139,0.04473290564512743,0.8918893704405587
25624,LOF,0.020501173433470347,0.06294864424336573,0.916550182323164
25625,LOF,0.06965068754221121,0.06229869426844775,0.8680506181893411
25626,LOF,0.05127848242280612,0.06667757569633374,0.8820439418808602
25627,Neutral,0.8876277014460477,0.024336483943889507,0.08803581461006289
25628,LOF,0.17066907242313945,0.06179313669746386,0.7675377908793967
25629,LOF,0.06520297688830855,0.06533242259156113,0.8694646005201303
25630,LOF,0.28130953183986607,0.07113760276614664,0.6475528653939872
25631,Neutral,0.5629423650870206,0.06120031662361572,0.3758573182893638
25632,LOF,0.027720898822223058,0.08146541962436879,0.8908136815534082
25633,LOF,0.21748166300776486,0.05312882598062973,0.7293895110116055
25634,LOF,0.042476839234225384,0.10621005624928322,0.8513131045164913
25635,LOF,0.038512034862106755,0.04596519244583059,0.9155227726920626
25636,GOF,0.03453806774948777,0.5815455731089529,0.3839163591415594
25637,GOF,0.05270135541652572,0.5881976664186999,0.35910097816477443
25638,GOF,0.030213123264181047,0.4890483927510639,0.48073848398475505
25639,LOF,0.033219320186890534,0.4755570354499505,0.491223644363159
25640,Neutral,0.8578350036284138,0.08040818428523507,0.06175681208635126
25641,GOF,0.07773530141907038,0.4821131620160125,0.4401515365649171
25642,LOF,0.06903134211773355,0.2025799801570971,0.7283886777251694
25643,LOF,0.26461971276624946,0.13974641533996568,0.5956338718937849
25644,GOF,0.01042268210622678,0.64594024568236,0.34363707221141326
25645,GOF,0.0113559250428027,0.6155386698645104,0.37310540509268686
25646,LOF,0.027463892127744215,0.42554671761907353,0.5469893902531823
25647,LOF,0.01178211399061249,0.32596034407840224,0.6622575419309853
25648,LOF,0.014418177306482184,0.41057034221435484,0.575011480479163
25649,LOF,0.009134035496592353,0.3111126548365192,0.6797533096668884
25650,GOF,0.02104595707332144,0.5845496684124244,0.3944043745142543
25651,LOF,0.009255853461947457,0.4149848162651236,0.5757593302729289
25652,LOF,0.014183296941256904,0.4290723554940654,0.5567443475646776
25653,GOF,0.04012028082547226,0.6096620883254183,0.3502176308491094
25654,LOF,0.011052411639005721,0.31128886797575833,0.677658720385236
25655,GOF,0.1340245119677091,0.61495109665585,0.2510243913764409
25656,LOF,0.35032774687402046,0.13460311965758376,0.5150691334683958
25657,LOF,0.055329575489777384,0.11868330962168984,0.8259871148885328
25658,LOF,0.31671637696274957,0.16818222197394092,0.5151014010633095
25659,Neutral,0.45565493641231947,0.16544859479431961,0.3788964687933609
25660,LOF,0.02298249921893415,0.12039359290089775,0.8566239078801682
25661,LOF,0.08572122135886866,0.07239098667439628,0.8418877919667351
25662,LOF,0.030997595803576427,0.03821071818246999,0.9307916860139535
25663,LOF,0.03600343918747783,0.04093935731942209,0.9230572034931
25664,LOF,0.13590829243028313,0.06895747337285484,0.7951342341968621
25665,LOF,0.060584606265271845,0.033201815462851336,0.9062135782718768
25666,LOF,0.0995676955603425,0.06894632104560551,0.8314859833940519
25667,LOF,0.06879774825212598,0.044711138397440245,0.8864911133504337
25668,LOF,0.034328642486875956,0.05572376495076571,0.9099475925623584
25669,LOF,0.029111016500047708,0.05317635628599458,0.9177126272139576
25670,LOF,0.13644110352240543,0.04659186453766231,0.8169670319399323
25671,LOF,0.1025290026625534,0.042364268374666045,0.8551067289627805
25672,LOF,0.051298196267776736,0.04909814438433249,0.8996036593478908
25673,LOF,0.08677213595054023,0.044052735989689056,0.8691751280597706
25674,LOF,0.07184610991366518,0.05639390255650912,0.8717599875298258
25675,LOF,0.11080593200474895,0.06949969045562548,0.8196943775396255
25676,LOF,0.017112671894064378,0.06135536622606403,0.9215319618798715
25677,LOF,0.0209053404780689,0.08151640802671024,0.8975782514952209
25678,LOF,0.17733225617961176,0.09544398055528926,0.727223763265099
25679,LOF,0.1277670020183552,0.09492626222133041,0.7773067357603144
25680,LOF,0.029370583836930583,0.13152132429677496,0.8391080918662944
25681,LOF,0.04539601344495363,0.1287733534844744,0.825830633070572
25682,LOF,0.12202492369725873,0.08659162776854863,0.7913834485341926
25683,LOF,0.11511506610207468,0.09316581789120519,0.7917191160067201
25684,LOF,0.03564700426722868,0.07161487593777165,0.8927381197949997
25685,LOF,0.11359014582215178,0.07953805500668873,0.8068717991711595
25686,LOF,0.06672138783385895,0.11328602965711389,0.8199925825090272
25687,LOF,0.1194636495962368,0.11932426428807356,0.7612120861156897
25688,LOF,0.43871763777197126,0.04504554517636143,0.5162368170516674
25689,LOF,0.3103914611217941,0.05403937471012842,0.6355691641680774
25690,LOF,0.36988622088709444,0.03489790751911535,0.5952158715937902
25691,Neutral,0.7332328870852715,0.031497694306551256,0.23526941860817738
25692,LOF,0.3516299918011144,0.013586087770755576,0.6347839204281301
25693,LOF,0.04209916448782449,0.4171810993816351,0.5407197361305405
25694,LOF,0.12157822245608617,0.022564985468914917,0.855856792074999
25695,LOF,0.11510530063961463,0.012551450993607136,0.8723432483667782
25696,LOF,0.13697454449961088,0.014415611202679555,0.8486098442977095
25697,LOF,0.06515739062048699,0.11106758043038606,0.823775028949127
25698,LOF,0.2884565647281572,0.21273818580683648,0.49880524946500643
25699,LOF,0.40337756966272037,0.030590992702440464,0.5660314376348391
25700,LOF,0.07472499351708714,0.0110969084858636,0.9141780979970493
25701,LOF,0.17619175491252115,0.04239132319144973,0.7814169218960292
25702,GOF,0.1622983164437611,0.6543762397543689,0.18332544380187005
25703,LOF,0.016283986491021946,0.14787028140125644,0.8358457321077216
25704,LOF,0.035413308455382604,0.15768194377737693,0.8069047477672404
25705,LOF,0.03676573539123667,0.09044370717860621,0.8727905574301571
25706,LOF,0.13434963577673617,0.33915455805942907,0.5264958061638347
25707,LOF,0.08707511148110166,0.275651475897357,0.6372734126215414
25708,LOF,0.03970711241159275,0.2619856447537993,0.698307242834608
25709,LOF,0.0634441790628344,0.029707275165009282,0.9068485457721562
25710,LOF,0.012711183607770507,0.1062697070001804,0.8810191093920491
25711,LOF,0.019132123048557503,0.06880597330223469,0.9120619036492078
25712,LOF,0.015349682006101237,0.15108538106428393,0.8335649369296149
25713,LOF,0.01768711855420348,0.06949407045906608,0.9128188109867303
25714,LOF,0.06621310877910463,0.05135523981905896,0.8824316514018364
25715,LOF,0.011269923570399534,0.10098360283571867,0.8877464735938817
25716,LOF,0.011946019506021347,0.08243935478731827,0.9056146257066604
25717,LOF,0.016296279271357714,0.06841770887210767,0.9152860118565346
25718,LOF,0.010587887598734417,0.06651046930593757,0.922901643095328
25719,LOF,0.020191080959002013,0.06293560140549402,0.9168733176355041
25720,LOF,0.024026892457920664,0.050327677650946874,0.9256454298911325
25721,LOF,0.012942006616142943,0.08874007916492906,0.8983179142189279
25722,LOF,0.013997018155988673,0.06716178832749949,0.9188411935165117
25723,LOF,0.02318766222561313,0.03622640664676041,0.9405859311276265
25724,LOF,0.02927138766352504,0.05839198083239507,0.9123366315040798
25725,LOF,0.011027259207082708,0.05459369564639856,0.9343790451465188
25726,LOF,0.014866749859428,0.07797590190805113,0.9071573482325209
25727,LOF,0.011851592895323079,0.06023822463989874,0.9279101824647783
25728,LOF,0.009663886494667488,0.06739046868248118,0.9229456448228514
25729,LOF,0.009940199947350166,0.07030343183722455,0.9197563682154253
25730,LOF,0.01301329935212128,0.0722188499407531,0.9147678507071257
25731,LOF,0.02237017030006427,0.07215942355670692,0.9054704061432288
25732,LOF,0.012838177208679292,0.046570447560513324,0.9405913752308074
25733,LOF,0.01754248439062745,0.04020592070728877,0.9422515949020838
25734,LOF,0.012798771358701805,0.09157391650142169,0.8956273121398766
25735,LOF,0.010857344375929228,0.051786624696616074,0.9373560309274547
25736,LOF,0.011885934460222696,0.061592149322118525,0.9265219162176588
25737,LOF,0.011397052590929229,0.07199531669476542,0.9166076307143053
25738,LOF,0.011025892359346581,0.06847117629938035,0.9205029313412729
25739,LOF,0.01961091186652723,0.0526411683480577,0.927747919785415
25740,LOF,0.02611681030249981,0.08084330500149814,0.8930398846960019
25741,LOF,0.014582469253770537,0.08056438348405415,0.9048531472621753
25742,LOF,0.10889312925384786,0.05559845263942817,0.835508418106724
25743,LOF,0.036276957147126684,0.04690093005020584,0.9168221128026675
25744,Neutral,0.6428310645960008,0.2069497473722674,0.15021918803173184
25745,LOF,0.06316182133405861,0.06537682443074477,0.8714613542351967
25746,LOF,0.04265851733531512,0.08539558205993486,0.87194590060475
25747,LOF,0.028024100566713884,0.08112792494274074,0.8908479744905453
25748,LOF,0.13122388520197853,0.11564851944157334,0.7531275953564481
25749,LOF,0.030153926988442614,0.08823285195692679,0.8816132210546306
25750,LOF,0.07102320671259424,0.09602282036695703,0.8329539729204488
25751,LOF,0.10258936158276794,0.12109417818308532,0.7763164602341466
25752,GOF,0.09946306858690457,0.6436362216187462,0.25690070979434915
25753,LOF,0.026247392296958105,0.31441624159304493,0.659336366109997
25754,GOF,0.014950305102661402,0.8154772707028274,0.16957242419451116
25755,LOF,0.026243219534617397,0.381421798669006,0.5923349817963767
25756,LOF,0.050518835381560726,0.3980889856953796,0.5513921789230597
25757,GOF,0.019984759553304827,0.8792569495715415,0.10075829087515363
25758,GOF,0.027665775757556,0.8207076556939097,0.15162656854853437
25759,GOF,0.011426965339890705,0.6620480660164747,0.3265249686436348
25760,LOF,0.015104642414665102,0.3390224737057604,0.6458728838795744
25761,GOF,0.26685097705947425,0.6556973193218456,0.07745170361868027
25762,LOF,0.043894515159983195,0.33327353320946435,0.6228319516305524
25763,LOF,0.015705403963683327,0.2335644615871297,0.7507301344491869
25764,GOF,0.07583856237191369,0.6785247545224515,0.2456366831056349
25765,GOF,0.030585193987361117,0.7880356261009945,0.1813791799116444
25766,GOF,0.06553109437287147,0.8204550003939621,0.11401390523316636
25767,GOF,0.16614304993328538,0.5166609173153226,0.317196032751392
25768,LOF,0.09901079250460668,0.05640757058500585,0.8445816369103876
25769,LOF,0.047141192042240425,0.06320275141644735,0.8896560565413123
25770,LOF,0.29326165144530536,0.11365742261736077,0.5930809259373339
25771,LOF,0.048601532403417844,0.05726517288357054,0.8941332947130116
25772,LOF,0.017688359691862585,0.05136670297915215,0.9309449373289852
25773,LOF,0.04710856128658635,0.07893309188630572,0.8739583468271078
25774,LOF,0.02769384225000727,0.11829990961432493,0.8540062481356677
25775,LOF,0.052948759679104986,0.05977007616214382,0.8872811641587511
25776,LOF,0.062131420492694704,0.034467204238912606,0.9034013752683928
25777,LOF,0.3519046941691152,0.09623301251842628,0.5518622933124585
25778,LOF,0.06121614311091972,0.05569419824918678,0.8830896586398935
25779,GOF,0.3836965834829533,0.5624936893749184,0.05380972714212822
25780,GOF,0.34237921228409574,0.5773856642153464,0.08023512350055784
25781,GOF,0.11941414313502022,0.7647374112660065,0.1158484455989734
25782,GOF,0.1956544895297048,0.7201390196166733,0.08420649085362193
25783,GOF,0.023227628915741483,0.62507145178663,0.3517009192976284
25784,Neutral,0.536781354812821,0.42506747294740366,0.03815117223977528
25785,Neutral,0.5018690012644091,0.45237341960061767,0.04575757913497305
25786,GOF,0.0331401790781804,0.7635603228920035,0.20329949802981623
25787,Neutral,0.6680335554514862,0.30427288577024053,0.0276935587782731
25788,LOF,0.054455452164026356,0.06989713423430534,0.8756474136016683
25789,GOF,0.18176761723166082,0.6492314407185961,0.16900094204974317
25790,GOF,0.271493197299805,0.6288953842083156,0.09961141849187939
25791,GOF,0.1389744926177227,0.7004829441905015,0.16054256319177573
25792,GOF,0.34825331852809605,0.5320367255169137,0.11970995595499023
25793,GOF,0.25699067066328596,0.488271726979968,0.254737602356746
25794,GOF,0.31527399087817704,0.4808216296689784,0.20390437945284445
25795,GOF,0.07050662743175307,0.6463158094030844,0.2831775631651625
25796,Neutral,0.5152255689951138,0.4048106666822972,0.07996376432258892
25797,GOF,0.0801989582377707,0.5581202531598453,0.3616807886023842
25798,GOF,0.009776326181424945,0.5102688015222809,0.47995487229629413
25799,LOF,0.007262686070440606,0.4206292889404475,0.572108024989112
25800,GOF,0.03783150125789244,0.601207459449026,0.36096103929308154
25801,GOF,0.24791663832944896,0.6447126146900045,0.10737074698054654
25802,GOF,0.07202872794903037,0.6677161376697237,0.26025513438124587
25803,GOF,0.04115701833823816,0.562013170129944,0.3968298115318179
25804,GOF,0.03831299973192224,0.49962165564170274,0.46206534462637494
25805,GOF,0.13005251397009068,0.5814870719438796,0.28846041408602974
25806,GOF,0.14871377452795229,0.5758487028786371,0.27543752259341064
25807,GOF,0.022244322068333284,0.628295600144461,0.34946007778720584
25808,GOF,0.1237060269150122,0.5772928879231687,0.29900108516181917
25809,GOF,0.021878286643470052,0.6250072488652618,0.3531144644912681
25810,GOF,0.021792212436041732,0.6202560641228433,0.3579517234411149
25811,Neutral,0.5062159933431969,0.43095466798863163,0.06282933866817153
25812,GOF,0.04368272393535984,0.6036116978217749,0.35270557824286525
25813,Neutral,0.5842540947836061,0.31822407506691347,0.09752183014948035
25814,GOF,0.1492354762113104,0.6254896675659455,0.22527485622274404
25815,GOF,0.25154461998661093,0.5590909579545288,0.1893644220588602
25816,GOF,0.023846853758970856,0.6473803242274242,0.3287728220136051
25817,GOF,0.25059547055300263,0.6271432882247958,0.12226124122220157
25818,GOF,0.05100113691096566,0.5386337045238272,0.4103651585652071
25819,GOF,0.38269170130705044,0.4475274843362014,0.16978081435674813
25820,GOF,0.23083686465214148,0.5568079114204371,0.21235522392742154
25821,GOF,0.07086345631058334,0.6327502256601417,0.29638631802927495
25822,GOF,0.24581966382510156,0.5160860078248959,0.23809432835000244
25823,GOF,0.03928808694424068,0.48249045917412314,0.4782214538816362
25824,GOF,0.09215067295791997,0.5091861932910129,0.3986631337510671
25825,GOF,0.037926832752492874,0.5202284097600546,0.4418447574874526
25826,GOF,0.014634322079594385,0.5019191057063139,0.4834465722140917
25827,GOF,0.024570367152210087,0.5663474178528468,0.4090822149949432
25828,LOF,0.016497273921521095,0.47833740247305495,0.505165323605424
25829,GOF,0.007440476648691659,0.5269405316071316,0.46561899174417665
25830,LOF,0.0438005595626611,0.24152767716336854,0.7146717632739704
25831,GOF,0.1817687459071465,0.6808757497032644,0.13735550438958913
25832,GOF,0.03580109312585577,0.6646233384974628,0.29957556837668137
25833,GOF,0.12647335043263613,0.6749775909504023,0.19854905861696145
25834,GOF,0.042071238040153044,0.6644950296860053,0.2934337322738416
25835,GOF,0.0945716057821756,0.6974148961955609,0.20801349802226357
25836,GOF,0.047146649808304124,0.650742998853146,0.30211035133854985
25837,GOF,0.023107009666162942,0.5199914898344832,0.4569015004993539
25838,GOF,0.07808052811134106,0.7268010685411797,0.19511840334747924
25839,GOF,0.31248297137192355,0.5528062587207263,0.13471076990735018
25840,GOF,0.23326013405391555,0.5955644401364214,0.1711754258096632
25841,GOF,0.2267570009516123,0.6007487024470667,0.17249429660132115
25842,GOF,0.1826128254685376,0.6573781437656744,0.16000903076578804
25843,GOF,0.21052573308198774,0.6600721407191366,0.12940212619887573
25844,GOF,0.0542693739754555,0.6587980689447522,0.2869325570797922
25845,LOF,0.01326176199714945,0.48060797217282025,0.5061302658300304
25846,GOF,0.11070694772276789,0.7102060820885047,0.17908697018872738
25847,GOF,0.11974949416536661,0.743922795241556,0.1363277105930774
25848,GOF,0.03572923301089698,0.629403073744532,0.33486769324457094
25849,GOF,0.009795730044641059,0.5318418752053826,0.4583623947499765
25850,GOF,0.022926007946358695,0.6102691043609817,0.3668048876926597
25851,GOF,0.017515350394516266,0.505369300138737,0.4771153494667467
25852,GOF,0.15449350676707038,0.5808251662171408,0.26468132701578884
25853,GOF,0.33260351823507484,0.5867522629473305,0.08064421881759466
25854,GOF,0.018048182424549086,0.5656998002260943,0.41625201734935646
25855,GOF,0.03771677699329573,0.5646466960714592,0.397636526935245
25856,GOF,0.21877077517697535,0.5471374419473931,0.23409178287563154
25857,LOF,0.034616339249113705,0.47985384790973057,0.4855298128411556
25858,GOF,0.019198109435287786,0.5402094862506517,0.44059240431406044
25859,GOF,0.010794426052757594,0.5149428663670725,0.47426270758016986
25860,GOF,0.3781451659773239,0.5312399008111771,0.09061493321149904
25861,GOF,0.3861067619904286,0.5170881070841375,0.0968051309254338
25862,GOF,0.07897963863343449,0.7741740335196756,0.1468463278468898
25863,GOF,0.08520657650762142,0.777289702256761,0.1375037212356177
25864,GOF,0.20486713454745667,0.7155789192754746,0.07955394617706864
25865,GOF,0.08765948673973378,0.7773598772065242,0.13498063605374208
25866,GOF,0.06142342360430259,0.7935757427282013,0.14500083366749608
25867,GOF,0.0837762963753291,0.7965164823566123,0.11970722126805859
25868,GOF,0.2617854837951075,0.6219161582598496,0.11629835794504301
25869,Neutral,0.7096284697061616,0.24718302109655027,0.043188509197288144
25870,LOF,0.3649896243727811,0.2423420366331732,0.3926683389940457
25871,GOF,0.24212737109395907,0.5877338300971237,0.17013879880891725
25872,GOF,0.08722748189971549,0.583310405297997,0.3294621128022874
25873,GOF,0.17718360923335089,0.574698763156152,0.24811762761049716
25874,LOF,0.023039790745904714,0.09127754427217505,0.8856826649819203
25875,LOF,0.08297778525097389,0.06157705812839081,0.8554451566206352
25876,LOF,0.028902166658049722,0.04305478345553425,0.928043049886416
25877,Neutral,0.5220099222774092,0.06923399766601797,0.4087560800565728
25878,LOF,0.22152140962605854,0.11788587211195382,0.6605927182619875
25879,LOF,0.08685254657739132,0.11649814339723272,0.7966493100253761
25880,LOF,0.02341954784945914,0.01951225644458441,0.9570681957059565
25881,LOF,0.1856468406564761,0.16267527455467615,0.6516778847888478
25882,LOF,0.08163030017665472,0.020411318609189887,0.8979583812141554
25883,LOF,0.08560508154711276,0.030702193735237023,0.8836927247176503
25884,LOF,0.04680448583189168,0.041829472501026414,0.9113660416670818
25885,LOF,0.06964080058234677,0.014268304283529164,0.9160908951341241
25886,LOF,0.3515817261478105,0.0504786621630984,0.597939611689091
25887,LOF,0.17132653384702454,0.10840405809619172,0.7202694080567837
25888,LOF,0.07413865683690939,0.0887400122406788,0.8371213309224119
25889,LOF,0.05773956431059642,0.028515477948638394,0.9137449577407651
25890,LOF,0.05330118790283844,0.12971480328335924,0.8169840088138023
25891,LOF,0.042440096751620415,0.06166344662037628,0.8958964566280034
25892,LOF,0.10560624099880321,0.01908613926131863,0.8753076197398781
25893,LOF,0.30267333155906584,0.014777429592238371,0.6825492388486959
25894,LOF,0.19083168321847882,0.008445328012642871,0.8007229887688784
25895,LOF,0.20232712768368588,0.017814067157971375,0.7798588051583428
25896,LOF,0.049278681973250894,0.02285546119248456,0.9278658568342646
25897,LOF,0.2390283885080156,0.01353466473049554,0.7474369467614889
25898,Neutral,0.7038448900509453,0.009122439607129327,0.28703267034192553
25899,LOF,0.25316849412704995,0.02605707530325762,0.7207744305696925
25900,LOF,0.4498949938150092,0.015816367346086175,0.5342886388389047
25901,LOF,0.055259034575481925,0.011073455661414532,0.9336675097631034
25902,LOF,0.18185013660403732,0.01086636465748482,0.8072834987384779
25903,Neutral,0.5206664860389777,0.02762009285291097,0.4517134211081114
25904,LOF,0.27157657993691187,0.04376537670876388,0.6846580433543242
25905,LOF,0.026918206403990324,0.2935783124185769,0.6795034811774328
25906,LOF,0.023706878427496907,0.06579194154879187,0.9105011800237113
25907,LOF,0.013665742546314696,0.3169049293734506,0.6694293280802347
25908,LOF,0.01305454270567688,0.20572134431893271,0.7812241129753904
25909,LOF,0.014179647851605798,0.14156746512064053,0.8442528870277537
25910,LOF,0.049131469736644534,0.12086150009531312,0.8300070301680423
25911,LOF,0.13461536625928194,0.03378710019320131,0.8315975335475168
25912,LOF,0.04065713940066924,0.05363253471297556,0.9057103258863551
25913,LOF,0.27809188236821125,0.026559877669996373,0.6953482399617924
25914,LOF,0.024290592161674205,0.12435007035132443,0.8513593374870014
25915,Neutral,0.4162145206466279,0.24272367523258892,0.34106180412078313
25916,LOF,0.07106747415946017,0.2551610412003786,0.6737714846401612
25917,LOF,0.06445552046353759,0.06277146792545155,0.8727730116110108
25918,LOF,0.03509693717482502,0.0710179804123795,0.8938850824127955
25919,LOF,0.029007728931277704,0.07571510636875843,0.8952771646999639
25920,GOF,0.07880247902667638,0.4927777870252141,0.4284197339481095
25921,LOF,0.03241346248759403,0.01618441915823043,0.9514021183541755
25922,LOF,0.04581862000448477,0.011670691507254055,0.9425106884882613
25923,LOF,0.3879727141315865,0.01486955111147274,0.5971577347569407
25924,LOF,0.04323803704526293,0.021195229305870165,0.9355667336488669
25925,LOF,0.0694006366537064,0.02343455100410439,0.9071648123421893
25926,LOF,0.048804140180136055,0.016625786036309927,0.9345700737835542
25927,LOF,0.07203404883099994,0.05102280025848078,0.8769431509105192
25928,LOF,0.02540742943219376,0.020834156036239768,0.9537584145315664
25929,Neutral,0.5114200074758176,0.015817491061531973,0.4727625014626505
25930,LOF,0.054097537530894246,0.011515510047982203,0.9343869524211235
25931,LOF,0.033618081542005955,0.014201597205544297,0.9521803212524499
25932,LOF,0.028342612846010584,0.013137149998036746,0.9585202371559527
25933,LOF,0.038548901825620444,0.008338711768232851,0.9531123864061468
25934,LOF,0.02441498029119406,0.00951019185752883,0.9660748278512771
25935,LOF,0.0666184686137329,0.028058760178657573,0.9053227712076095
25936,LOF,0.04768354931107246,0.013008767852611201,0.9393076828363164
25937,LOF,0.02974824766367759,0.019928886566750608,0.9503228657695718
25938,LOF,0.06773684469369891,0.029710501526455182,0.9025526537798458
25939,LOF,0.039189011973803846,0.007804156350641133,0.9530068316755551
25940,LOF,0.024444891282239263,0.3671594150905754,0.6083956936271854
25941,LOF,0.16680352405741913,0.08377485680876996,0.7494216191338109
25942,LOF,0.01765083046814211,0.035088023435923314,0.9472611460959345
25943,LOF,0.3164730343406586,0.05771186410783792,0.6258151015515034
25944,LOF,0.4806157879075875,0.03394598473416073,0.48543822735825176
25945,LOF,0.08041846984247424,0.02246408119082318,0.8971174489667026
25946,LOF,0.02973185444906464,0.15541517096223365,0.8148529745887017
25947,LOF,0.13004225899536176,0.1936745773061911,0.6762831636984472
25948,LOF,0.4640485473781761,0.015062108357142487,0.5208893442646815
25949,LOF,0.10968171909845234,0.061630375471170076,0.8286879054303775
25950,GOF,0.2532313235577,0.4388129566155522,0.3079557198267478
25951,LOF,0.23166280078744944,0.2441289145747352,0.5242082846378153
25952,LOF,0.04665373720802656,0.444793346716172,0.5085529160758014
25953,LOF,0.12506024288691464,0.12047541812783702,0.7544643389852482
25954,LOF,0.3720350170953801,0.23163259845289957,0.39633238445172025
25955,LOF,0.05572214536408679,0.09331081037566093,0.8509670442602523
25956,LOF,0.20574272357632542,0.07829537374089154,0.7159619026827831
25957,LOF,0.04588806801770981,0.02649371334498092,0.9276182186373093
25958,LOF,0.055745555279769675,0.027566117077038096,0.9166883276431922
25959,LOF,0.08264107338363043,0.3033979503618111,0.6139609762545585
25960,LOF,0.02308415224219921,0.057130851056361384,0.9197849967014395
25961,LOF,0.04721908718373199,0.03372236023093038,0.9190585525853376
25962,LOF,0.059691760514142225,0.027808184623768138,0.9125000548620895
25963,LOF,0.05219762486009506,0.144511633018555,0.80329074212135
25964,LOF,0.038062227888172616,0.12654394601135766,0.8353938261004697
25965,LOF,0.435441112765385,0.08101446237778155,0.48354442485683335
25966,Neutral,0.43286855935774476,0.14981873725518577,0.4173127033870696
25967,LOF,0.01323591951074038,0.0677047202194246,0.919059360269835
25968,LOF,0.037027420005858167,0.43415247527815476,0.5288201047159871
25969,LOF,0.020635409901820955,0.057017028637284486,0.9223475614608946
25970,LOF,0.058416299696994176,0.0625736811190438,0.879010019183962
25971,LOF,0.07131192146478886,0.01943606386489852,0.9092520146703127
25972,LOF,0.07832842629248575,0.0279583156817212,0.8937132580257932
25973,LOF,0.08405958093214745,0.008762141943250623,0.9071782771246019
25974,LOF,0.2184550738312398,0.021403377449616158,0.760141548719144
25975,LOF,0.04217978261572065,0.033397716343553215,0.9244225010407261
25976,LOF,0.04186885868587287,0.01871904005033421,0.939412101263793
25977,LOF,0.14864078182711452,0.10549001033177045,0.745869207841115
25978,LOF,0.10340268168563721,0.09330493754683213,0.8032923807675306
25979,LOF,0.10738167995978576,0.08550810559189448,0.8071102144483198
25980,LOF,0.1243455725659649,0.13375538708314388,0.7418990403508913
25981,LOF,0.15281552792744385,0.1292885299476046,0.7178959421249516
25982,LOF,0.32181742113747497,0.07505091925161576,0.6031316596109093
25983,LOF,0.32669168890919564,0.07307751906402778,0.6002307920267766
25984,LOF,0.055294379973396805,0.07288330554976481,0.8718223144768383
25985,LOF,0.025391680274749612,0.27143725994656465,0.7031710597786858
25986,LOF,0.03709807444869645,0.26587490134072794,0.6970270242105757
25987,LOF,0.07556813318389244,0.08856940755492923,0.8358624592611784
25988,LOF,0.1252946636546056,0.07280344906224022,0.8019018872831543
25989,LOF,0.03102133186407225,0.11556571340995064,0.8534129547259771
25990,LOF,0.03975895150535359,0.1445282279049433,0.8157128205897031
25991,GOF,0.17843782347044923,0.43013950519870037,0.3914226713308505
25992,LOF,0.3615189146378106,0.2624824829661749,0.3759986023960145
25993,LOF,0.02469792683223981,0.08227837184110294,0.8930237013266572
25994,LOF,0.016709674213671928,0.13868245606529309,0.844607869721035
25995,LOF,0.025445769431991026,0.2003369198162971,0.774217310751712
25996,GOF,0.23313748337836152,0.6029830295975754,0.1638794870240631
25997,GOF,0.10587081056819626,0.574855282958319,0.3192739064734847
25998,Neutral,0.5435727735652094,0.01619108984991064,0.44023613658488
25999,LOF,0.10962431880316521,0.16330862641922764,0.7270670547776072
26000,LOF,0.16615305195494687,0.026596088541305678,0.8072508595037475
26001,LOF,0.1869402806199114,0.028806092517480977,0.7842536268626077
26002,LOF,0.16218190459146922,0.027709639668297318,0.8101084557402335
26003,GOF,0.008754773510934902,0.6500090222249065,0.3412362042641585
26004,GOF,0.02664918435660395,0.7220544579787496,0.2512963576646463
26005,GOF,0.008186199254754488,0.5421943247820659,0.4496194759631797
26006,Neutral,0.4987601325130801,0.296339350704106,0.20490051678281399
26007,GOF,0.018005593627342158,0.5808488189173533,0.4011455874553046
26008,GOF,0.018187099414975823,0.6083266727788902,0.37348622780613394
26009,GOF,0.023689969577285974,0.6674993649918523,0.3088106654308618
26010,GOF,0.02313352438154902,0.7025121343859474,0.27435434123250346
26011,GOF,0.007522507430856848,0.525418627831016,0.4670588647381272
26012,GOF,0.014474930098253585,0.621614854548561,0.36391021535318535
26013,GOF,0.01576529303991957,0.6643084545395521,0.3199262524205283
26014,LOF,0.048520022818166066,0.16274687605043844,0.7887331011313955
26015,LOF,0.1570996043445102,0.01037033790357991,0.8325300577519098
26016,LOF,0.2125050503487707,0.04158214890696696,0.7459128007442624
26017,LOF,0.16672974972610097,0.07865906794681843,0.7546111823270806
26018,LOF,0.062102773576945235,0.04622728903710146,0.8916699373859533
26019,LOF,0.060207649636579395,0.03129288840261318,0.9084994619608074
26020,LOF,0.045950006601519135,0.10678043553694505,0.8472695578615358
26021,LOF,0.041164059805606945,0.13313508734241117,0.8257008528519819
26022,LOF,0.009746085341155031,0.053619637141738,0.9366342775171068
26023,LOF,0.08459984671884851,0.028580030815941813,0.8868201224652097
26024,LOF,0.020855532846101973,0.10763230694629558,0.8715121602076024
26025,LOF,0.12230372283030297,0.10836340898752143,0.7693328681821756
26026,LOF,0.27377958477587144,0.01960164569827953,0.706618769525849
26027,LOF,0.06040819214250984,0.02332407623991657,0.9162677316175736
26028,LOF,0.16093858707000233,0.09004542922808291,0.7490159837019147
26029,LOF,0.08833503151457665,0.14236701959621417,0.7692979488892092
26030,LOF,0.030836239663594476,0.0572841849855904,0.9118795753508151
26031,LOF,0.03483352181878068,0.11949301316349241,0.8456734650177269
26032,LOF,0.07323390457205846,0.05654087836035248,0.870225217067589
26033,LOF,0.12122507916882641,0.06498455866933575,0.8137903621618379
26034,LOF,0.05034079023199161,0.13011529358633694,0.8195439161816714
26035,LOF,0.034437359942731505,0.11006939139208048,0.855493248665188
26036,LOF,0.048876929231969374,0.13825153788903818,0.8128715328789925
26037,LOF,0.02923433399228633,0.09098572075033592,0.8797799452573777
26038,LOF,0.06955094508830523,0.055545784111118345,0.8749032708005765
26039,LOF,0.06567132098105265,0.1174918905705698,0.8168367884483775
26040,LOF,0.21315371275702327,0.09358417422408104,0.6932621130188957
26041,LOF,0.028920088124719596,0.08544466666163808,0.8856352452136422
26042,LOF,0.02800599362282067,0.08670552582205306,0.8852884805551262
26043,LOF,0.06838216895600999,0.07019743548996672,0.8614203955540233
26044,LOF,0.024877171055002336,0.0676557995357248,0.9074670294092729
26045,LOF,0.077884633171079,0.07799099318968336,0.8441243736392378
26046,LOF,0.07287161206057528,0.07430548282830542,0.8528229051111192
26047,LOF,0.10034025401436016,0.08660406520626136,0.8130556807793784
26048,LOF,0.05174195462930694,0.0622917746088274,0.8859662707618656
26049,Neutral,0.9558736289212898,0.0075692411731793545,0.03655712990553077
26050,Neutral,0.9314714701369549,0.009025619409735982,0.05950291045330909
26051,LOF,0.0495915733269293,0.38083574285212884,0.5695726838209418
26052,LOF,0.07113481864524071,0.39981355831172005,0.5290516230430392
26053,LOF,0.06207519302419813,0.1613646231399685,0.7765601838358334
26054,LOF,0.06189297686953965,0.0421925117637332,0.8959145113667272
26055,LOF,0.08101638670363412,0.027713784305303347,0.8912698289910627
26056,LOF,0.06729485376862653,0.03447960054325476,0.8982255456881186
26057,LOF,0.03314329157070415,0.01581652244966165,0.9510401859796342
26058,LOF,0.03325819270293312,0.01432336973763333,0.9524184375594337
26059,LOF,0.30320654506456385,0.047163417682885046,0.6496300372525511
26060,LOF,0.031855253149625354,0.21795207229673338,0.7501926745536412
26061,LOF,0.01918447813026428,0.020047491777929253,0.9607680300918066
26062,LOF,0.012245840608383463,0.025808024740640638,0.9619461346509759
26063,LOF,0.022989477926260025,0.015384879988305032,0.9616256420854349
26064,LOF,0.02428098959551309,0.02492443567479985,0.9507945747296871
26065,LOF,0.025253465628738904,0.018383011889870467,0.9563635224813906
26066,LOF,0.021019591886887883,0.015435316181156095,0.9635450919319561
26067,LOF,0.026377690879001107,0.012641408947598612,0.9609809001734003
26068,LOF,0.05351345221489441,0.059278878149812066,0.8872076696352934
26069,LOF,0.28808947259087037,0.036832092569733625,0.6750784348393959
26070,LOF,0.408535902573009,0.0245492798470344,0.5669148175799567
26071,LOF,0.022817732715438317,0.01979569435301163,0.95738657293155
26072,LOF,0.026902841419586584,0.02642145428039445,0.946675704300019
26073,LOF,0.024515965362079804,0.01475380989745855,0.9607302247404615
26074,Neutral,0.9168951574784948,0.00797762343177841,0.07512721908972661
26075,LOF,0.04648552382248195,0.02385471365897622,0.9296597625185419
26076,LOF,0.047840664312807576,0.013270018216778073,0.9388893174704144
26077,LOF,0.010338564567223226,0.030791740727740696,0.958869694705036
26078,LOF,0.014780646208509116,0.018910392105438507,0.9663089616860524
26079,LOF,0.060199298694863124,0.030591154695649842,0.9092095466094872
26080,LOF,0.05912609440045273,0.03061798932492343,0.9102559162746239
26081,LOF,0.03877322186721555,0.01039344766049665,0.9508333304722878
26082,LOF,0.02065479637331451,0.029163606683577314,0.9501815969431083
26083,LOF,0.13685727416402926,0.019991323353145976,0.8431514024828248
26084,LOF,0.02720172357452492,0.02387931969402048,0.9489189567314545
26085,LOF,0.022844110960079055,0.022126493618124715,0.9550293954217962
26086,LOF,0.025118116743417514,0.015684953763482647,0.9591969294930999
26087,LOF,0.026209464531041296,0.011892550138732536,0.9618979853302262
26088,LOF,0.018395843624755357,0.030839980477099096,0.9507641758981455
26089,LOF,0.04966371716151788,0.04157963280136862,0.9087566500371135
26090,LOF,0.048086852083710524,0.032590219162894556,0.9193229287533949
26091,LOF,0.041179079516205364,0.010108840577406391,0.9487120799063882
26092,LOF,0.02669840930626661,0.012775283341625511,0.9605263073521078
26093,LOF,0.03800664265538373,0.00981894513515301,0.9521744122094633
26094,LOF,0.0445297558745683,0.010151986277318179,0.9453182578481135
26095,LOF,0.055865909027926215,0.023473864077741224,0.9206602268943326
26096,LOF,0.022155751103346034,0.017834886519085543,0.9600093623775684
26097,LOF,0.010290211528843234,0.06181317198186804,0.9278966164892888
26098,LOF,0.08029746589037448,0.022728175574821825,0.8969743585348037
26099,LOF,0.025222760343221406,0.022987986055195173,0.9517892536015835
26100,LOF,0.027190259358507867,0.021984509391012076,0.95082523125048
26101,LOF,0.05620640431493898,0.022638645123323916,0.9211549505617371
26102,LOF,0.0270207552707261,0.01779380931034004,0.9551854354189339
26103,Neutral,0.8883490571738052,0.0333544682741123,0.0782964745520826
26104,LOF,0.07050144551253591,0.058343518082211915,0.8711550364052522
26105,LOF,0.25179852610849796,0.2239252634383626,0.5242762104531394
26106,LOF,0.1894397461658997,0.13573235385497978,0.6748278999791205
26107,LOF,0.24796728254027095,0.10848080937732874,0.6435519080824004
26108,LOF,0.24400664979804296,0.14937355858393558,0.6066197916180215
26109,LOF,0.07152828743978971,0.13742985415440148,0.7910418584058088
26110,LOF,0.2568458482679359,0.007193077475435912,0.7359610742566283
26111,LOF,0.47273697796173175,0.015597056063293287,0.5116659659749749
26112,LOF,0.03754074538358055,0.007126844588801496,0.9553324100276179
26113,LOF,0.05990158985559051,0.013103774844356628,0.9269946353000528
26114,LOF,0.020533543889813523,0.019873054663020136,0.9595934014471662
26115,LOF,0.07548023277111315,0.042897723240422146,0.8816220439884646
26116,LOF,0.04903879050282008,0.030924324340322686,0.9200368851568571
26117,LOF,0.38694275150206225,0.05224509881976893,0.5608121496781688
26118,LOF,0.04216630458276005,0.03400864404373685,0.923825051373503
26119,LOF,0.02355622074092541,0.041327420828666354,0.9351163584304083
26120,LOF,0.03193322443966521,0.02401960920152376,0.9440471663588109
26121,LOF,0.05582801521974254,0.07603222380978646,0.868139760970471
