feature0,prediction,LoGoFunc_Neutral,LoGoFunc_GOF,LoGoFunc_LOF
25546,Neutral,0.5843617009893308,0.07105980121396767,0.3445784977967015
25547,Neutral,0.4951748303733967,0.1111779825522121,0.3936471870743911
25548,LOF,0.4208755380458583,0.11174984538920818,0.4673746165649334
25549,LOF,0.3894667586849963,0.11163944576616737,0.4988937955488363
25550,LOF,0.36786369053537166,0.11123971188491516,0.5208965975797132
25551,LOF,0.2747732611657405,0.11091458804537925,0.6143121507888802
25552,LOF,0.263457022843052,0.14351871702208968,0.5930242601348583
25553,Neutral,0.7547281893683846,0.05668354355965146,0.18858826707196397
25554,LOF,0.3002512978466567,0.1135117183500513,0.5862369838032919
25555,LOF,0.24917392761093937,0.11666847223560928,0.6341576001534514
25556,LOF,0.4345370523061697,0.10075725674341811,0.46470569095041214
25557,LOF,0.2336738130076251,0.11540012902755097,0.650926057964824
25558,LOF,0.28664971491110314,0.1126530526420316,0.6006972324468652
25559,LOF,0.2723142592303176,0.05163630422273845,0.6760494365469439
25560,LOF,0.08219226974685394,0.14898337461550026,0.7688243556376457
25561,LOF,0.06382033818451065,0.26994590099543186,0.6662337608200574
25562,LOF,0.0415420925608911,0.1041975912899587,0.8542603161491502
25563,LOF,0.007057516557193967,0.24894324652700994,0.7439992369157962
25564,LOF,0.060028800557125096,0.0643737572181633,0.8755974422247116
25565,LOF,0.1780502139830414,0.16211049137889463,0.6598392946380639
25566,GOF,0.07678809047970024,0.7316909563572954,0.19152095316300422
25567,LOF,0.04611356989356721,0.11677471623870209,0.8371117138677308
25568,LOF,0.07325783711722872,0.09214502163075856,0.8345971412520128
25569,LOF,0.0724992334135544,0.09006637870010288,0.8374343878863426
25570,LOF,0.031616412551540164,0.10882816753666008,0.8595554199117998
25571,LOF,0.03131096732173804,0.10304986102012226,0.8656391716581397
25572,LOF,0.05543201120491994,0.11707651190986552,0.8274914768852145
25573,LOF,0.08215528368682663,0.12504697052668515,0.7927977457864881
25574,LOF,0.10694126239141005,0.2541031235683435,0.6389556140402465
25575,LOF,0.026956392164268157,0.11070646561269086,0.862337142223041
25576,LOF,0.02407107917173971,0.15147412962231036,0.8244547912059499
25577,LOF,0.029451477883880875,0.11976901008563103,0.8507795120304881
25578,LOF,0.2924827258666502,0.09026774368822744,0.6172495304451224
25579,LOF,0.2929415191972016,0.08820471897034965,0.6188537618324487
25580,LOF,0.03015651218284612,0.09820393164644507,0.8716395561707089
25581,LOF,0.04654549272854928,0.13118922973947428,0.8222652775319764
25582,LOF,0.04654549272854928,0.13118922973947428,0.8222652775319764
25583,LOF,0.03993342478124801,0.1103309545342367,0.8497356206845152
25584,Neutral,0.7828450319140556,0.07479919534684737,0.14235577273909714
25585,LOF,0.026726700539195652,0.12047642758658594,0.8527968718742184
25586,LOF,0.027297635701186686,0.10737694596609655,0.8653254183327167
25587,LOF,0.02737008762378731,0.11465015825153145,0.8579797541246812
25588,LOF,0.03257136320796331,0.0873819036015066,0.8800467331905301
25589,Neutral,0.653483035026556,0.157919809275415,0.18859715569802907
25590,LOF,0.06824424792922618,0.11302263662620497,0.818733115444569
25591,LOF,0.12373946355315682,0.08046970890862934,0.7957908275382138
25592,LOF,0.1054397567811745,0.1702838660912325,0.724276377127593
25593,LOF,0.14903435672953474,0.3297561604657499,0.5212094828047154
25594,LOF,0.050450998645877036,0.05301505150603796,0.8965339498480851
25595,LOF,0.06472860888851087,0.0311121602337244,0.9041592308777646
25596,LOF,0.15310795523417825,0.014488902515224304,0.8324031422505975
25597,LOF,0.10960161236429346,0.007651592947383793,0.8827467946883227
25598,LOF,0.05729927195801141,0.031948351220763054,0.9107523768212256
25599,GOF,0.026122986752125824,0.5886940929978648,0.3851829202500095
25600,GOF,0.1738670507998525,0.4461335771124631,0.37999937208768453
25601,LOF,0.045141610113702976,0.366945246893827,0.58791314299247
25602,LOF,0.03367959890533371,0.06550043840680878,0.9008199626878575
25603,LOF,0.07824383591211778,0.05619278706273063,0.8655633770251515
25604,LOF,0.07613715015228376,0.10434025697064798,0.8195225928770683
25605,LOF,0.07419023929319045,0.1752494314701079,0.7505603292367017
25606,Neutral,0.5186589527049662,0.19858938522591812,0.28275166206911573
25607,LOF,0.03970584262825428,0.14210753455162461,0.8181866228201211
25608,LOF,0.0671326169946589,0.08653462361658243,0.8463327593887586
25609,GOF,0.1536393837407436,0.5711889688623034,0.275171647396953
25610,LOF,0.022135434353174926,0.059637964585573966,0.9182266010612511
25611,LOF,0.016997964837541592,0.059179761458202626,0.9238222737042557
25612,LOF,0.07500851762520903,0.07053591780982486,0.8544555645649661
25613,LOF,0.07050497255714441,0.06709608128957806,0.8623989461532775
25614,LOF,0.026997513403965733,0.05840911514733015,0.9145933714487041
25615,LOF,0.06829981628878375,0.07742779727113912,0.8542723864400772
25616,LOF,0.07982401113268973,0.05843949629911781,0.8617364925681925
25617,LOF,0.057344007863271436,0.07153752062082698,0.8711184715159016
25618,LOF,0.07483138198088739,0.15531186604040978,0.7698567519787028
25619,LOF,0.016017398884350713,0.10703104535045734,0.876951555765192
25620,LOF,0.050355260438191184,0.05933670522541299,0.8903080343363958
25621,LOF,0.08857008772278807,0.07732036040190726,0.8341095518753047
25622,LOF,0.09581809141600563,0.08212719067931792,0.8220547179046764
25623,LOF,0.0818788869718121,0.05455829268502801,0.8635628203431599
25624,LOF,0.024628584937858466,0.06490876267203141,0.9104626523901101
25625,LOF,0.06913450662491034,0.0593234979256443,0.8715419954494453
25626,LOF,0.04968797062124287,0.05399639454137868,0.8963156348373784
25627,Neutral,0.8680442551131033,0.03887576966564844,0.09307997522124822
25628,LOF,0.17697182784857302,0.08859638632717393,0.734431785824253
25629,LOF,0.06379804380256307,0.07487466830425837,0.8613272878931786
25630,LOF,0.23707272127202936,0.0811641689012721,0.6817631098266984
25631,LOF,0.46630589397605443,0.06428316597714935,0.4694109400467963
25632,LOF,0.02321655656761124,0.06089385247344958,0.9158895909589391
25633,LOF,0.29680186439030115,0.020808003926542664,0.6823901316831561
25634,LOF,0.04850522519328048,0.03884439990907554,0.9126503748976439
25635,LOF,0.03439244925106602,0.02651777900989493,0.9390897717390392
25636,GOF,0.02874152772261167,0.5906296893263334,0.38062878295105484
25637,GOF,0.028947618324490082,0.4856840962209614,0.4853682854545484
25638,GOF,0.017630144133507695,0.5665432820396497,0.41582657382684257
25639,LOF,0.021483895263011407,0.42125129321378996,0.5572648115231986
25640,Neutral,0.8544755637517757,0.11250724895266329,0.03301718729556101
25641,LOF,0.11920602941663273,0.2962518506221817,0.5845421199611857
25642,LOF,0.12861584741316393,0.19128451869733748,0.6800996338894986
25643,Neutral,0.42902073336979407,0.2095930454472275,0.3613862211829785
25644,GOF,0.007757118238890633,0.6955036621678775,0.2967392195932318
25645,GOF,0.009908689525670953,0.6255118027997673,0.3645795076745618
25646,GOF,0.015507441203765135,0.5025930360093025,0.4818995227869324
25647,LOF,0.009866083359874232,0.40124901383817413,0.5888849028019516
25648,LOF,0.011845502061155946,0.42579772917211695,0.5623567687667271
25649,LOF,0.008231486997109587,0.2990285740851997,0.6927399389176908
25650,GOF,0.02100241914321149,0.6149590498207392,0.3640385310360494
25651,LOF,0.008125267755918923,0.4093146700419959,0.5825600622020852
25652,GOF,0.006655561601919496,0.5683258473260501,0.42501859107203044
25653,GOF,0.022429933758827687,0.6841675323461495,0.29340253389502274
25654,GOF,0.006870139143926905,0.5061615277447947,0.48696833311127835
25655,GOF,0.06204644843335666,0.750660811118765,0.18729274044787822
25656,LOF,0.19482715245647114,0.2230437478194631,0.5821290997240658
25657,LOF,0.028925439682915614,0.25520769278376354,0.7158668675333208
25658,LOF,0.1791199622172738,0.23955404488229604,0.5813259929004302
25659,LOF,0.29195426086155296,0.32319681918280785,0.38484891995563925
25660,LOF,0.025790901066025704,0.20436973407508974,0.7698393648588846
25661,LOF,0.059466759348105254,0.14370974198253128,0.7968234986693636
25662,LOF,0.024205404837981715,0.09909210211186424,0.8767024930501541
25663,LOF,0.0269333717855465,0.08184862907025527,0.8912179991441982
25664,LOF,0.06729448465956843,0.15569113107379431,0.7770143842666373
25665,LOF,0.04237411968153617,0.07084067073206711,0.8867852095863967
25666,LOF,0.05867193494881385,0.1069172712929067,0.8344107937582794
25667,LOF,0.05960013013029867,0.10788734416447851,0.8325125257052228
25668,LOF,0.02196944361364635,0.11692973489886072,0.861100821487493
25669,LOF,0.02114460148070416,0.11907210057099701,0.8597832979482989
25670,LOF,0.10228648903250122,0.08722265320007015,0.8104908577674287
25671,LOF,0.080481930352827,0.0831757161118607,0.8363423535353124
25672,LOF,0.03951892165372788,0.1136677442737319,0.8468133340725402
25673,LOF,0.06747759303703428,0.11003295142746593,0.8224894555354998
25674,LOF,0.06184177460807621,0.14007205392345673,0.798086171468467
25675,LOF,0.057966327932183245,0.14405091339559567,0.797982758672221
25676,LOF,0.017607435035602817,0.12588065478657678,0.8565119101778204
25677,LOF,0.017615614960097177,0.1482206831439003,0.8341637018960025
25678,LOF,0.1287939498878591,0.162774538323102,0.7084315117890388
25679,LOF,0.10755029222134166,0.14281634487739608,0.7496333629012623
25680,LOF,0.01831526404109022,0.21606035143851635,0.7656243845203934
25681,LOF,0.028279361183694583,0.1985349439141595,0.773185694902146
25682,LOF,0.06868096114203506,0.11623733158614513,0.8150817072718197
25683,LOF,0.06301921450781005,0.12562296612260418,0.8113578193695858
25684,LOF,0.023630030379372443,0.12591764889204918,0.8504523207285785
25685,LOF,0.10573521664236606,0.18275965568822367,0.7115051276694103
25686,LOF,0.04542160176213169,0.2924148978586826,0.6621635003791857
25687,LOF,0.0949816684792593,0.28480364925260593,0.6202146822681348
25688,LOF,0.3969045747514882,0.030608360969571567,0.5724870642789402
25689,LOF,0.2409355884064675,0.031023897620441807,0.7280405139730907
25690,LOF,0.31046113749389004,0.03203415106417325,0.6575047114419367
25691,Neutral,0.6847071095806609,0.03393345113361587,0.2813594392857232
25692,LOF,0.34501051192582705,0.012860671245717067,0.642128816828456
25693,LOF,0.07446835656796927,0.4122745816160456,0.5132570618159852
25694,LOF,0.09640457108106423,0.017160746285880095,0.8864346826330558
25695,LOF,0.10049348175380828,0.01125712390369649,0.8882493943424953
25696,LOF,0.09562647054262711,0.019988597686358443,0.8843849317710145
25697,LOF,0.05599103101162876,0.06445283220933463,0.8795561367790367
25698,LOF,0.2894772430737215,0.16016456222013453,0.5503581947061439
25699,LOF,0.3694904990611104,0.15931712029850553,0.47119238064038405
25700,LOF,0.06716572731963062,0.019003822740876596,0.9138304499394927
25701,LOF,0.17852690538939156,0.07906739898218156,0.7424056956284267
25702,GOF,0.18719179528368202,0.7088796974746437,0.10392850724167418
25703,LOF,0.014918764951942658,0.2899708885659667,0.6951103464820907
25704,LOF,0.021827365062453374,0.2338336168411924,0.7443390180963543
25705,LOF,0.021050599511116846,0.1742215252180676,0.8047278752708156
25706,GOF,0.0977414662696144,0.4963751178005241,0.4058834159298614
25707,LOF,0.08249721411294036,0.40848963414867806,0.5090131517383817
25708,GOF,0.040241727268076385,0.4979151968048038,0.4618430759271199
25709,LOF,0.059548784811483194,0.11349357046256703,0.8269576447259497
25710,LOF,0.013639259413655612,0.238900513896836,0.7474602266895083
25711,LOF,0.016874181690921305,0.15857697700494697,0.8245488413041319
25712,LOF,0.012419259953293389,0.2936229944395509,0.6939577456071558
25713,LOF,0.018080781732251198,0.157328010286106,0.8245912079816428
25714,LOF,0.05975537216448882,0.15978678560440884,0.7804578422311024
25715,LOF,0.011288568343949451,0.22768812224556548,0.761023309410485
25716,LOF,0.011465799397095673,0.20593342625548344,0.7826007743474209
25717,LOF,0.013613137340134453,0.14572658202396074,0.8406602806359048
25718,LOF,0.011862119981443804,0.11966452815039938,0.8684733518681569
25719,LOF,0.026264974623894044,0.17956351583518726,0.7941715095409188
25720,LOF,0.030552221857119886,0.09356197264234278,0.8758858055005373
25721,LOF,0.011299319079919167,0.20657276095022903,0.7821279199698519
25722,LOF,0.011941991643135086,0.19611287089369542,0.7919451374631695
25723,LOF,0.022336584972062555,0.1418823509398613,0.8357810640880761
25724,LOF,0.036426299660613004,0.3363075171731096,0.6272661831662775
25725,LOF,0.011153121255808033,0.18654017842322543,0.8023067003209666
25726,LOF,0.012037504138028808,0.20457622228593952,0.7833862735760316
25727,LOF,0.013720690073571016,0.19255488182917807,0.793724428097251
25728,LOF,0.010662112676492533,0.23779923050945362,0.7515386568140539
25729,LOF,0.011074160947931642,0.23610934515722853,0.7528164938948398
25730,LOF,0.011649175383538315,0.2382799881125798,0.750070836503882
25731,LOF,0.012266614313053387,0.2230326878487023,0.7647006978382443
25732,LOF,0.012120593729992619,0.10782698036776926,0.8800524259022382
25733,LOF,0.01687434792175184,0.12804315838156594,0.8550824936966822
25734,LOF,0.013251777792216762,0.26163808481077816,0.7251101373970051
25735,LOF,0.011299957055366138,0.13670560777925556,0.8519944351653783
25736,LOF,0.011843624693215616,0.14192137818378275,0.8462349971230017
25737,LOF,0.01327422756840977,0.16983962814283213,0.8168861442887582
25738,LOF,0.012294346838859847,0.21087389073189663,0.7768317624292436
25739,LOF,0.018803672283483657,0.15231768224031084,0.8288786454762055
25740,LOF,0.0299883072215565,0.20361680636855944,0.7663948864098841
25741,LOF,0.014562718345633004,0.22603456180037493,0.759402719853992
25742,LOF,0.10745010302095905,0.12221383088113158,0.7703360660979093
25743,LOF,0.04756838899106672,0.04171755812915251,0.9107140528797807
25744,Neutral,0.6313389170473855,0.17224000610383944,0.19642107684877488
25745,LOF,0.04788328083655887,0.08407082246854583,0.8680458966948953
25746,LOF,0.02804118902720472,0.12877756176310343,0.843181249209692
25747,LOF,0.016692595241714826,0.11859103684683381,0.8647163679114513
25748,LOF,0.11519841589665626,0.18780689624825303,0.6969946878550907
25749,LOF,0.02401989411848528,0.11909599607695341,0.8568841098045613
25750,LOF,0.04730153222853927,0.115657573709455,0.8370408940620058
25751,LOF,0.09855707724688034,0.15243362125086424,0.7490093015022555
25752,GOF,0.09569764366480309,0.7061645318782481,0.19813782445694866
25753,LOF,0.02871792539815567,0.3945005769033246,0.5767814976985197
25754,GOF,0.027629510288142308,0.7532514244384415,0.2191190652734162
25755,LOF,0.03274059546708695,0.3463019769928039,0.6209574275401092
25756,GOF,0.044437744891619994,0.4886245251476976,0.46693772996068245
25757,GOF,0.021041355739905246,0.8552407039372397,0.12371794032285507
25758,GOF,0.02998908291857097,0.824549141949397,0.14546177513203198
25759,GOF,0.01855432795812427,0.741061424889896,0.24038424715197954
25760,LOF,0.023349601875037564,0.382254330321978,0.5943960678029844
25761,GOF,0.25435091460806536,0.6699018996953097,0.07574718569662486
25762,LOF,0.0489343360554874,0.44036277960060904,0.5107028843439035
25763,LOF,0.019896663216757923,0.29437642040498596,0.685726916378256
25764,GOF,0.0755169079664238,0.7731280910333217,0.15135500100025437
25765,GOF,0.04103591760194852,0.795649984641657,0.1633140977563944
25766,GOF,0.07920686732245014,0.8077288814788436,0.11306425119870618
25767,GOF,0.08214305163280065,0.635335672080549,0.28252127628665036
25768,LOF,0.07173633337468163,0.05560855634656095,0.8726551102787573
25769,LOF,0.05024701628644391,0.057147693057223274,0.8926052906563328
25770,LOF,0.30418661704618805,0.0647931696159871,0.6310202133378248
25771,LOF,0.05700178555891299,0.03687354395814444,0.9061246704829427
25772,LOF,0.01648741258750214,0.04930064931767196,0.9342119380948259
25773,LOF,0.05693014077675517,0.033539120956147424,0.9095307382670975
25774,LOF,0.0321865023949649,0.09212389849897075,0.8756895991060643
25775,LOF,0.07371391249623992,0.02787978419952698,0.8984063033042331
25776,LOF,0.06317271100586835,0.031061507926441446,0.9057657810676903
25777,Neutral,0.4966792452429346,0.02962350349661595,0.47369725126044954
25778,LOF,0.05588708428689634,0.048589415982551856,0.8955234997305518
25779,Neutral,0.4633779188192218,0.44170756483273194,0.0949145163480462
25780,GOF,0.40679475118982067,0.4192665836944347,0.17393866511574466
25781,GOF,0.11564811170199225,0.6443421973947961,0.24000969090321161
25782,GOF,0.2075677348984073,0.5658575092872739,0.22657475581431877
25783,GOF,0.02542823484600409,0.6663392889782763,0.30823247617571964
25784,Neutral,0.6356656700701964,0.26928772070374024,0.09504660922606331
25785,Neutral,0.6093315071177906,0.2463576920141928,0.14431080086801676
25786,GOF,0.025609389480085048,0.6720980650084041,0.3022925455115109
25787,Neutral,0.803320795028268,0.12461250145100693,0.0720667035207249
25788,LOF,0.05265298015297562,0.05123679997841663,0.8961102198686077
25789,GOF,0.23065188758607524,0.515858853620628,0.2534892587932967
25790,GOF,0.2291386514167277,0.49216745913851473,0.2786938894447576
25791,GOF,0.14606104477507242,0.5220507923505964,0.3318881628743312
25792,GOF,0.3605007466156864,0.368695054169261,0.27080419921505255
25793,LOF,0.22537452576700778,0.36958979733954944,0.40503567689344266
25794,GOF,0.30556884310029436,0.4199922843755538,0.27443887252415183
25795,GOF,0.06727893723524815,0.5156814116856469,0.417039651079105
25796,Neutral,0.5669306589680828,0.26843356561684334,0.16463577541507396
25797,LOF,0.08422831336736568,0.4082194131410454,0.5075522734915889
25798,LOF,0.011437377185186354,0.41302907873022343,0.5755335440845902
25799,LOF,0.010292977488282971,0.40873724216455204,0.580969780347165
25800,GOF,0.037706251840969214,0.5294553941763022,0.4328383539827287
25801,GOF,0.2288207309858911,0.5658198478800639,0.205359421134045
25802,GOF,0.05474147854932898,0.5377268236034765,0.40753169784719473
25803,LOF,0.041970009218196956,0.46420642270361295,0.4938235680781901
25804,GOF,0.034825539797221014,0.491537411201559,0.47363704900121995
25805,GOF,0.0757685927172355,0.5285210478494461,0.39571035943331834
25806,GOF,0.11261889348494399,0.490469537928819,0.3969115685862371
25807,LOF,0.02063219979104817,0.47154307323346073,0.5078247269754911
25808,GOF,0.08233414571121063,0.4661030457571346,0.45156280853165487
25809,LOF,0.01861640015754381,0.4165230613578201,0.564860538484636
25810,LOF,0.020481613197398038,0.4159369771650253,0.5635814096375765
25811,Neutral,0.5952877737706659,0.31519126379612483,0.08952096243320927
25812,LOF,0.038765964089804934,0.46534303503384156,0.4958910008763536
25813,Neutral,0.6430666887118988,0.16814961974082207,0.18878369154727917
25814,GOF,0.13462583711460543,0.5313344713484844,0.3340396915369102
25815,GOF,0.28774223173604174,0.4481115963972748,0.2641461718666833
25816,GOF,0.018190290651358246,0.5168080004349062,0.46500170891373566
25817,GOF,0.2424921766362049,0.5654527745002362,0.1920550488635589
25818,LOF,0.034329979729893746,0.41946402670480043,0.5462059935653057
25819,Neutral,0.3845704238313182,0.332388314893775,0.28304126127490686
25820,GOF,0.19293333788865646,0.4676010591723971,0.33946560293894656
25821,GOF,0.05726335142021012,0.528242917904567,0.41449373067522294
25822,GOF,0.25956529704413933,0.4309402462559423,0.30949445669991843
25823,GOF,0.03734342535681323,0.4924096608758028,0.470246913767384
25824,LOF,0.09223331584835431,0.410054829003231,0.4977118551484148
25825,LOF,0.03469589024151554,0.42113376496417776,0.5441703447943067
25826,LOF,0.011977650571991736,0.42487954647388726,0.563142802954121
25827,GOF,0.02050793866433359,0.49872479095142525,0.48076727038424105
25828,LOF,0.014564093466172072,0.45091965860989486,0.534516247923933
25829,LOF,0.008074942247361865,0.4492557328014587,0.5426693249511795
25830,LOF,0.030051014813798693,0.10584832858633672,0.8641006565998647
25831,GOF,0.1901739142342361,0.5882568128831284,0.22156927288263545
25832,GOF,0.03404663816542288,0.5300292299721631,0.435924131862414
25833,GOF,0.10686098273438181,0.551135916420153,0.3420031008454652
25834,GOF,0.0431358568876744,0.5325020141749605,0.4243621289373652
25835,GOF,0.10372384891545773,0.5236841185944195,0.3725920324901228
25836,GOF,0.047919954596729375,0.5369667679098685,0.415113277493402
25837,LOF,0.02662979946035598,0.44730936528478304,0.5260608352548609
25838,GOF,0.09198752219021332,0.5830274736527908,0.3249850041569958
25839,GOF,0.3705281455213368,0.37180010464994934,0.2576717498287139
25840,GOF,0.2725169405016602,0.46610733036164054,0.2613757291366993
25841,GOF,0.3257092332088441,0.39946691884009544,0.27482384795106035
25842,GOF,0.174645721651196,0.4691763813069799,0.356177897041824
25843,GOF,0.22315667970800881,0.5417754543701916,0.2350678659217995
25844,LOF,0.06480451826128758,0.4446960286277492,0.4904994531109632
25845,LOF,0.01551323959499274,0.47424400266519867,0.5102427577398087
25846,GOF,0.12470342673131643,0.5357174500315607,0.33957912323712286
25847,GOF,0.1261006488116881,0.5750171765563376,0.29888217463197425
25848,GOF,0.04168667142965639,0.4902268692600359,0.46808645931030773
25849,LOF,0.012516625737047952,0.4596044529446089,0.5278789213183431
25850,GOF,0.023961150820894353,0.5030512409824345,0.4729876081966712
25851,LOF,0.019421636115521047,0.4831094008263175,0.49746896305816135
25852,GOF,0.15948690588152037,0.42458181936541206,0.41593127475306757
25853,GOF,0.3837941711115059,0.4358062413378179,0.18039958755067634
25854,GOF,0.021680756857309733,0.5507751107062081,0.4275441324364821
25855,LOF,0.046859418651184696,0.45791270909998544,0.4952278722488298
25856,GOF,0.24701085351807203,0.4361082786898367,0.31688086779209135
25857,LOF,0.04122137602284854,0.4585615980674115,0.50021702590974
25858,GOF,0.022118103151413458,0.5769064995092316,0.40097539733935494
25859,GOF,0.01163102375636179,0.5670597547315979,0.4213092215120403
25860,GOF,0.3631788561252859,0.43237777036966124,0.204443373505053
25861,GOF,0.36179646163348356,0.5103389574699435,0.12786458089657302
25862,GOF,0.06762908352727932,0.6236911568313922,0.3086797596413285
25863,GOF,0.07062803163200398,0.6477980992256125,0.2815738691423836
25864,GOF,0.16075575983525053,0.649150854489238,0.19009338567551123
25865,GOF,0.08023474786422201,0.6827633782277297,0.23700187390804822
25866,GOF,0.0601183119954014,0.6976169173472732,0.24226477065732552
25867,GOF,0.07707702469277981,0.7218557000992798,0.20106727520794046
25868,GOF,0.2281515592976475,0.5026284515401876,0.26921998916216483
25869,Neutral,0.7221331076729908,0.19741149777561387,0.08045539455139537
25870,LOF,0.2313849469867117,0.06403649108318857,0.7045785619300997
25871,GOF,0.1779962152512637,0.516917109101939,0.30508667564679715
25872,LOF,0.0759809008914017,0.43115122043862536,0.492867878669973
25873,GOF,0.12596806081124476,0.44684783336405615,0.4271841058246991
25874,LOF,0.02038284171088487,0.06222036585646168,0.9173967924326535
25875,LOF,0.04807023031568264,0.16346252252267193,0.7884672471616455
25876,LOF,0.027507381416744373,0.049248439972549574,0.923244178610706
25877,LOF,0.3899886114833818,0.12328571905249769,0.4867256694641205
25878,LOF,0.15742424851572107,0.1888308146780425,0.6537449368062365
25879,LOF,0.07527820846625775,0.22998136836789776,0.6947404231658445
25880,LOF,0.025061999802953785,0.02366007924907819,0.9512779209479679
25881,LOF,0.3283281760527035,0.1186632347517066,0.5530085891955899
25882,LOF,0.06443611842242526,0.018822656521173844,0.916741225056401
25883,LOF,0.08788252616516994,0.022252005205268845,0.8898654686295612
25884,LOF,0.053024997208540876,0.039236139947650545,0.9077388628438086
25885,LOF,0.06955985178366327,0.02459920720473059,0.9058409410116062
25886,LOF,0.2253500020207259,0.05241069200488061,0.7222393059743935
25887,LOF,0.26628060734315795,0.10091357627985831,0.6328058163769837
25888,LOF,0.11090056133988693,0.05025817059496455,0.8388412680651486
25889,LOF,0.04884147106583273,0.0304332913116467,0.9207252376225205
25890,LOF,0.07640558311132808,0.07272268654994687,0.8508717303387251
25891,LOF,0.06304579750496755,0.041425520618381076,0.8955286818766515
25892,LOF,0.09766505351457837,0.03566984786735836,0.8666650986180632
25893,LOF,0.33466486499964726,0.029539608536856794,0.6357955264634959
25894,LOF,0.19145200400727225,0.01535059365847235,0.7931974023342555
25895,LOF,0.2377918911308903,0.014678601701542835,0.7475295071675668
25896,LOF,0.053438579545270946,0.02641019334523744,0.9201512271094916
25897,LOF,0.23366098849636402,0.03040484999355135,0.7359341615100846
25898,Neutral,0.7605023719610925,0.020129753539357916,0.2193678744995496
25899,LOF,0.24785706785399317,0.057568640280057946,0.694574291865949
25900,Neutral,0.5622378493340323,0.02575439128303107,0.41200775938293666
25901,LOF,0.05429693560780366,0.015611424736057583,0.9300916396561387
25902,LOF,0.19401146257948224,0.016719489813200483,0.7892690476073173
25903,Neutral,0.5820924692594642,0.05731173800483404,0.3605957927357017
25904,LOF,0.3661347811867643,0.03823516555360494,0.5956300532596307
25905,GOF,0.03119421932610618,0.5302696759898999,0.4385361046839939
25906,LOF,0.025294032460857322,0.11225117237157016,0.8624547951675726
25907,GOF,0.013334302222206867,0.4997878777563324,0.48687782002146063
25908,LOF,0.016017897569855853,0.3499149636700672,0.6340671387600769
25909,LOF,0.019548087166642705,0.23058721108590458,0.7498647017474528
25910,LOF,0.02584285935416119,0.3600107985899845,0.6141463420558544
25911,LOF,0.06629021493954361,0.04308262478573867,0.8906271602747177
25912,LOF,0.027655692391245292,0.09122265151694225,0.8811216560918124
25913,LOF,0.22150931286230852,0.02576623562040506,0.7527244515172865
25914,LOF,0.026725218422386877,0.06260589603479924,0.9106688855428138
25915,Neutral,0.45022160121816135,0.27554486235748143,0.2742335364243573
25916,LOF,0.042551282488340426,0.3982758983884686,0.559172819123191
25917,LOF,0.05102571985095577,0.04802080916619014,0.900953470982854
25918,LOF,0.030708099673100155,0.03791670615990226,0.9313751941669977
25919,LOF,0.02963949657450309,0.03791741130442093,0.9324430921210761
25920,GOF,0.14101478617024962,0.4921739637283488,0.3668112501014017
25921,LOF,0.04133808687508562,0.02051398578072489,0.9381479273441896
25922,LOF,0.053055721166225714,0.013505472460386957,0.9334388063733874
25923,LOF,0.37278302308869615,0.02780290934761328,0.5994140675636905
25924,LOF,0.04363762354117829,0.02084720130001203,0.9355151751588097
25925,LOF,0.08280205383942954,0.03515620375089123,0.8820417424096793
25926,LOF,0.06468294502404776,0.02108915384358343,0.9142279011323687
25927,LOF,0.08758681931730287,0.07080625876388479,0.8416069219188124
25928,LOF,0.026342295302363147,0.015238276286727168,0.9584194284109098
25929,LOF,0.4789465613773378,0.026333914237626772,0.49471952438503547
25930,LOF,0.08836837228043293,0.017438325442312382,0.8941933022772547
25931,LOF,0.03447302304092532,0.010512265044053741,0.9550147119150209
25932,LOF,0.035652352102049686,0.011647861431441987,0.9526997864665082
25933,LOF,0.04505329984797157,0.009769912140700757,0.9451767880113277
25934,LOF,0.032166053481264174,0.012957944231595532,0.9548760022871404
25935,LOF,0.07965818800000295,0.02826467440756271,0.8920771375924345
25936,LOF,0.046917379304368574,0.01092352273566186,0.9421590979599694
25937,LOF,0.0380607305502368,0.018610661725696708,0.9433286077240665
25938,LOF,0.07622476396992366,0.040945763484983834,0.8828294725450925
25939,LOF,0.04010007161813667,0.012969187367492543,0.9469307410143707
25940,GOF,0.025172062419312285,0.598656824493803,0.3761711130868848
25941,LOF,0.2053919957243748,0.03474592963934685,0.7598620746362783
25942,LOF,0.01974415768854889,0.019392927548466152,0.960862914762985
25943,LOF,0.3522628334734668,0.02994940534295204,0.617787761183581
25944,LOF,0.4889018135036128,0.017670841963326654,0.49342734453306064
25945,LOF,0.07767816642103739,0.03551441898649428,0.8868074145924684
25946,LOF,0.029756419810778263,0.20468621308356033,0.7655573671056614
25947,LOF,0.13985044541296313,0.21129638404988782,0.648853170537149
25948,LOF,0.3833725378276419,0.030281394824930186,0.5863460673474279
25949,LOF,0.11282600691000194,0.05628652772953395,0.830887465360464
25950,GOF,0.15263289128835936,0.48601549450805787,0.36135161420358297
25951,LOF,0.19611160809628037,0.2307482207697648,0.5731401711339549
25952,LOF,0.04041986445903867,0.46652513106611293,0.49305500447484835
25953,LOF,0.12778760630748273,0.236702607561654,0.6355097861308633
25954,GOF,0.35491123668747393,0.3822607724452459,0.26282799086728015
25955,LOF,0.04643221903419827,0.20070510797397897,0.7528626729918229
25956,LOF,0.219885085747467,0.0843825894962818,0.6957323247562511
25957,LOF,0.041096274490746425,0.028403548922711745,0.9305001765865418
25958,LOF,0.0815857573128604,0.03034746199027839,0.8880667806968613
25959,LOF,0.1452772234955323,0.3826039913685495,0.4721187851359183
25960,LOF,0.028712699373775987,0.07291907017439209,0.8983682304518319
25961,LOF,0.08463819926273848,0.042354169666831976,0.8730076310704296
25962,LOF,0.04650170046722711,0.05705093959642722,0.8964473599363457
25963,LOF,0.05964502462917974,0.2031748430151729,0.7371801323556474
25964,LOF,0.02864479269857079,0.2577288574807716,0.7136263498206576
25965,Neutral,0.5038044515063519,0.06578809819643049,0.4304074502972177
25966,GOF,0.2827327868640389,0.4065495242109937,0.3107176889249675
25967,LOF,0.011187845507443894,0.17447290011879654,0.8143392543737595
25968,LOF,0.0639479282205841,0.3990878711922729,0.536964200587143
25969,LOF,0.02203247819178713,0.06483346866208216,0.9131340531461308
25970,LOF,0.05895949445249702,0.037096740350004265,0.9039437651974987
25971,LOF,0.09017748077218263,0.02244001972919057,0.8873824994986269
25972,LOF,0.08299129401372127,0.029717205010791767,0.887291500975487
25973,LOF,0.09784257460571695,0.017199359994345076,0.884958065399938
25974,LOF,0.4161202940800367,0.031373909019164946,0.5525057969007984
25975,LOF,0.046533172769534926,0.03603633723497751,0.9174304899954875
25976,LOF,0.03855261602310831,0.030081386125448768,0.9313659978514428
25977,LOF,0.10390028277091073,0.14979277892521944,0.7463069383038698
25978,LOF,0.19388652517053862,0.12186246409275504,0.6842510107367062
25979,LOF,0.1786746082789375,0.09025332077088341,0.731072070950179
25980,LOF,0.21072337246611048,0.19144790054200064,0.5978287269918888
25981,LOF,0.21072337246611048,0.19144790054200064,0.5978287269918888
25982,LOF,0.3981869182934182,0.09724656828266887,0.5045665134239129
25983,LOF,0.403699216751452,0.10280311567590449,0.4934976675726436
25984,LOF,0.033731136603333524,0.08076069959869216,0.8855081637979744
25985,LOF,0.02177913250225399,0.35822785093726034,0.6199930165604857
25986,LOF,0.027638382729272055,0.3725122795209606,0.5998493377497673
25987,LOF,0.08301545270403331,0.0759459321052973,0.8410386151906692
25988,LOF,0.06285625099003929,0.08260489798378008,0.8545388510261807
25989,LOF,0.023353949317006052,0.16836604302654948,0.8082800076564445
25990,LOF,0.03290017866593944,0.15432872145422677,0.8127710998798338
25991,LOF,0.21724065229031073,0.3082008204304971,0.4745585272791923
25992,LOF,0.3764963874242341,0.1797272307111106,0.4437763818646553
25993,LOF,0.03591234707216559,0.08361259588185704,0.8804750570459773
25994,LOF,0.023607304496130674,0.11279116621900681,0.8636015292848626
25995,LOF,0.032014893323274306,0.09776336243815051,0.8702217442385752
25996,GOF,0.1744869364455065,0.4870006449042944,0.3385124186501991
25997,LOF,0.07604358925333604,0.45695293133738685,0.467003479409277
25998,LOF,0.424718741825782,0.024632639845633977,0.550648618328584
25999,LOF,0.13283256231537324,0.3969568091593518,0.4702106285252749
26000,LOF,0.0534773510075522,0.03227218285873936,0.9142504661337084
26001,LOF,0.1392349463221178,0.043583021267301424,0.8171820324105807
26002,LOF,0.08141057124508294,0.051874211145018057,0.866715217609899
26003,GOF,0.007900069253600758,0.8126621521240024,0.17943777862239685
26004,GOF,0.017122907684205466,0.8239811683111257,0.15889592400466904
26005,GOF,0.009039714329235336,0.7176228099539287,0.2733374757168359
26006,GOF,0.4307031722106796,0.4783810707623913,0.09091575702692917
26007,GOF,0.013504611346551424,0.8138032262098887,0.17269216244355975
26008,GOF,0.011184300819159753,0.7921561803698547,0.19665951881098565
26009,GOF,0.02070997130553093,0.8384512500818055,0.1408387786126635
26010,GOF,0.014409785061795364,0.8251755067236545,0.1604147082145502
26011,GOF,0.008088053443936963,0.690643559672906,0.301268386883157
26012,GOF,0.01275638397298922,0.7934702523447585,0.19377336368225223
26013,GOF,0.010044293224046092,0.7954346165413697,0.19452109023458422
26014,LOF,0.04963084338083641,0.09616335637080756,0.854205800248356
26015,LOF,0.19264669835581433,0.0068432868026258985,0.8005100148415598
26016,LOF,0.34406492337493555,0.024417658458582587,0.6315174181664819
26017,LOF,0.2383600758171133,0.03956677144758863,0.7220731527352982
26018,LOF,0.08537094537053966,0.01815101114696703,0.8964780434824933
26019,LOF,0.08693818889857177,0.012637740950023542,0.9004240701514047
26020,LOF,0.11245954969698821,0.032343012023489714,0.8551974382795221
26021,LOF,0.09821718189030024,0.047006551740092946,0.8547762663696068
26022,LOF,0.019702577251211655,0.022932941957427875,0.9573644807913605
26023,LOF,0.1790335260534989,0.015928709701862283,0.8050377642446388
26024,LOF,0.05099692403471672,0.047026427571792505,0.9019766483934908
26025,LOF,0.2690314707192567,0.04282605229945836,0.688142476981285
26026,LOF,0.49336641505176854,0.008338531367625681,0.4982950535806057
26027,LOF,0.09291659379738246,0.009109423385024162,0.8979739828175933
26028,LOF,0.2342243422228753,0.09706543961422248,0.6687102181629022
26029,LOF,0.1572999458498946,0.17231301939536883,0.6703870347547365
26030,LOF,0.038357684675275706,0.040950191938561156,0.9206921233861631
26031,LOF,0.040297007333462496,0.14943902534836095,0.8102639673181766
26032,LOF,0.08120531933903634,0.03396617404503245,0.8848285066159312
26033,LOF,0.20003398416881746,0.04884932712481452,0.751116688706368
26034,LOF,0.0641708436838502,0.12536469636040914,0.8104644599557407
26035,LOF,0.05028359739870084,0.136798651980561,0.8129177506207381
26036,LOF,0.07251240071310312,0.1194009110747859,0.808086688212111
26037,LOF,0.04180062933759918,0.10323499144025668,0.8549643792221442
26038,LOF,0.08197241489097061,0.03253398936257124,0.8854935957464581
26039,LOF,0.09386432680292858,0.1313038978902466,0.7748317753068248
26040,LOF,0.36965672007694805,0.06946934999474631,0.5608739299283056
26041,LOF,0.04344096549295637,0.10342779905006344,0.8531312354569802
26042,LOF,0.04181792682058257,0.0932854397901779,0.8648966333892396
26043,LOF,0.08421678419291014,0.0440577760691902,0.8717254397378996
26044,LOF,0.03897476708455241,0.055634810721235474,0.9053904221942121
26045,LOF,0.12343590839243818,0.09254477695940809,0.7840193146481537
26046,LOF,0.09378588119944047,0.04660980429771676,0.8596043145028427
26047,LOF,0.11886678902441988,0.04656422963105559,0.8345689813445245
26048,LOF,0.08843425365367479,0.04344346290948925,0.868122283436836
26049,Neutral,0.9421409147379883,0.008687794492524246,0.04917129076948752
26050,Neutral,0.9213076380833474,0.009953142480223002,0.06873921943642965
26051,GOF,0.04298363347841439,0.5720409744349118,0.38497539208667375
26052,GOF,0.03438619302808495,0.6473120821655972,0.31830172480631785
26053,LOF,0.04960180725939855,0.3688961844149047,0.5815020083256968
26054,LOF,0.06448507241041664,0.05411401796221619,0.8814009096273673
26055,LOF,0.06767329560024672,0.05597009295259796,0.8763566114471554
26056,LOF,0.054601144550828276,0.06306530609289135,0.8823335493562803
26057,LOF,0.028354190427250604,0.049049757272467374,0.922596052300282
26058,LOF,0.02841839667374482,0.04566571800763059,0.9259158853186245
26059,LOF,0.35878567991636573,0.09524371413721432,0.5459706059464201
26060,LOF,0.030662445392051162,0.36113560053880794,0.608201954069141
26061,LOF,0.021199115770956956,0.07734070545988474,0.9014601787691583
26062,LOF,0.015944431390160843,0.05438681327445604,0.9296687553353831
26063,LOF,0.024779913248440935,0.049626188876254584,0.9255938978753045
26064,LOF,0.027119549886101976,0.05268504178460274,0.9201954083292954
26065,LOF,0.0281072578745707,0.044539524915105315,0.927353217210324
26066,LOF,0.02186531551589213,0.05437648183865068,0.9237582026454573
26067,LOF,0.024698645972421322,0.04495561076625799,0.9303457432613207
26068,LOF,0.05093146258919027,0.07417093611658918,0.8748976012942206
26069,LOF,0.39181976301547544,0.050158992781791256,0.5580212442027332
26070,Neutral,0.6014223299758018,0.03166486222409321,0.366912807800105
26071,LOF,0.023606416646315197,0.06140128181386038,0.9149923015398244
26072,LOF,0.025323202842575613,0.08622615039648832,0.8884506467609361
26073,LOF,0.02637404307627167,0.0432592312742655,0.9303667256494629
26074,Neutral,0.8846796632224743,0.013511409522430783,0.10180892725509481
26075,LOF,0.04470315322563417,0.04401438759610599,0.9112824591782599
26076,LOF,0.0375798632417839,0.039423525953645816,0.9229966108045703
26077,LOF,0.011548627145779053,0.08299851084932569,0.9054528620048952
26078,LOF,0.015597303471522392,0.0560214649936157,0.9283812315348619
26079,LOF,0.05110469231935549,0.0528134853579673,0.8960818223226772
26080,LOF,0.05110469231935549,0.0528134853579673,0.8960818223226772
26081,LOF,0.03449519168981093,0.035432631209763324,0.9300721771004258
26082,LOF,0.024142795463414315,0.04990098987612257,0.9259562146604632
26083,LOF,0.09333389223949871,0.04843690147409129,0.85822920628641
26084,LOF,0.02757207637077276,0.05673595206941457,0.9156919715598127
26085,LOF,0.022875147615261025,0.055442493077263635,0.9216823593074754
26086,LOF,0.024125388502552622,0.05987433545417242,0.916000276043275
26087,LOF,0.02628066764724912,0.05426737130828628,0.9194519610444647
26088,LOF,0.024585895468492738,0.09484474839035852,0.8805693561411487
26089,LOF,0.047352035393792104,0.04612918993141688,0.9065187746747911
26090,LOF,0.04372225476434998,0.04083861502890614,0.9154391302067438
26091,LOF,0.04286908322610261,0.029677014079431296,0.9274539026944661
26092,LOF,0.027881469062288868,0.04337785718603774,0.9287406737516735
26093,LOF,0.04048016724149924,0.0301960115142149,0.9293238212442859
26094,LOF,0.04641798402180575,0.024815321034517696,0.9287666949436766
26095,LOF,0.053235664374338444,0.0686041112451563,0.8781602243805052
26096,LOF,0.021023052463866473,0.050003007753085346,0.9289739397830481
26097,LOF,0.011896426991022937,0.12364795331945859,0.8644556196895185
26098,LOF,0.05853202082879727,0.04616457581698646,0.8953034033542162
26099,LOF,0.024324222833434613,0.0846548013782212,0.8910209757883442
26100,LOF,0.024324222833434613,0.0846548013782212,0.8910209757883442
26101,LOF,0.06277378344676735,0.06601566390380731,0.8712105526494254
26102,LOF,0.025691558786690084,0.06013229966374438,0.9141761415495656
26103,Neutral,0.8209777808776852,0.07240658330891764,0.10661563581339702
26104,LOF,0.04517422093957686,0.09236989316173834,0.8624558858986848
26105,LOF,0.3188917375081655,0.08789130881982321,0.5932169536720113
26106,LOF,0.16838601650686855,0.05853696958846685,0.7730770139046647
26107,LOF,0.2707559643050448,0.0625288618280668,0.6667151738668885
26108,LOF,0.190608225602476,0.05407796192222277,0.7553138124753013
26109,LOF,0.0838487524253697,0.10632289946820703,0.8098283481064232
26110,LOF,0.25265201033858486,0.03324826326823156,0.7140997263931836
26111,LOF,0.4580039036376362,0.0361355128130333,0.5058605835493305
26112,LOF,0.05632512560733112,0.025870481987475345,0.9178043924051935
26113,LOF,0.06756219518890119,0.051415119112673095,0.8810226856984258
26114,LOF,0.029988231922199217,0.03589005462272635,0.9341217134550746
26115,LOF,0.14321465085314164,0.07315295298069324,0.7836323961661652
26116,LOF,0.08251577628956795,0.07362518636994338,0.8438590373404887
26117,LOF,0.22087423234945963,0.18398626995181797,0.5951394976987224
26118,LOF,0.03410777387295196,0.06243824727231825,0.9034539788547299
26119,LOF,0.024275087674340515,0.17785212857366844,0.797872783751991
26120,LOF,0.030680834129312193,0.07473600778722408,0.8945831580834637
26121,LOF,0.052831778560279076,0.1880496625915099,0.7591185588482111
26122,LOF,0.06677399312648297,0.1887249828766597,0.7445010239968572
26123,LOF,0.032999570222644894,0.23279324432720855,0.7342071854501465
