feature0,prediction,LoGoFunc_Neutral,LoGoFunc_GOF,LoGoFunc_LOF
25546,Neutral,0.6112819271097091,0.043490993847895836,0.34522707904239497
25547,Neutral,0.5072072578825133,0.07482614495524188,0.41796659716224477
25548,Neutral,0.504957955407501,0.06566099206688773,0.42938105252561126
25549,LOF,0.4563351605856347,0.06398090371252063,0.47968393570184464
25550,LOF,0.3730797309191998,0.06825380215221767,0.5586664669285826
25551,LOF,0.31756302669423175,0.07356807463611655,0.6088688986696518
25552,LOF,0.2872439817605854,0.0809861566716306,0.6317698615677839
25553,Neutral,0.7993134841396757,0.04018266446490135,0.16050385139542295
25554,LOF,0.30432225975271815,0.07296534917472346,0.6227123910725584
25555,LOF,0.26445771403424795,0.07493213103998869,0.6606101549257635
25556,LOF,0.44132369027653207,0.07264051734867441,0.48603579237479355
25557,LOF,0.24875956259902318,0.07446518100011225,0.6767752564008646
25558,LOF,0.29982453761751404,0.06932825243914373,0.6308472099433422
25559,LOF,0.24098780056368505,0.030730307749334697,0.7282818916869803
25560,LOF,0.08899397740010943,0.2096054861555766,0.701400536444314
25561,LOF,0.08537449963309304,0.29423805796261704,0.6203874424042899
25562,LOF,0.032240480384017674,0.12175383520355278,0.8460056844124295
25563,LOF,0.006665942923390574,0.20124306428238312,0.7920909927942263
25564,LOF,0.07319984924100564,0.12837828793232958,0.7984218628266646
25565,LOF,0.18564187324278178,0.12354275486498961,0.6908153718922287
25566,GOF,0.06231419266229352,0.7846594042394024,0.15302640309830406
25567,LOF,0.04724194856329469,0.19160569594629942,0.7611523554904059
25568,LOF,0.06209220554439855,0.11966047576409347,0.818247318691508
25569,LOF,0.06460354508810529,0.11295496050181449,0.8224414944100802
25570,LOF,0.024661495828553388,0.16516993980874434,0.8101685643627022
25571,LOF,0.02432917528463243,0.16820368238946434,0.8074671423259032
25572,LOF,0.054360481041843774,0.24284120664550224,0.7027983123126541
25573,LOF,0.0699204324316793,0.15041737312032216,0.7796621944479986
25574,LOF,0.08191995027419166,0.2637156736287474,0.6543643760970609
25575,LOF,0.02408546744246472,0.17461366103785095,0.8013008715196843
25576,LOF,0.023841832183458728,0.2535605521006002,0.722597615715941
25577,LOF,0.027054755712642816,0.22029196029852757,0.7526532839888297
25578,LOF,0.3025031166733286,0.11234142878637994,0.5851554545402915
25579,LOF,0.20749024060015606,0.11206799559530321,0.6804417638045407
25580,LOF,0.02271383111716806,0.11042376142334938,0.8668624074594825
25581,LOF,0.04912827681406884,0.12579927909077374,0.8250724440951575
25582,LOF,0.04877822088982636,0.11993519965578965,0.831286579454384
25583,LOF,0.031141843914603624,0.12718910896345004,0.8416690471219463
25584,Neutral,0.7035690558515189,0.14466604335133137,0.15176490079714977
25585,LOF,0.023440511243694163,0.2291895949670223,0.7473698937892835
25586,LOF,0.020689302821758876,0.14089719609562015,0.8384135010826209
25587,LOF,0.01960459527528684,0.13670776497124532,0.8436876397534678
25588,LOF,0.024321101646396705,0.1046368378825476,0.8710420604710556
25589,Neutral,0.571849226546043,0.23214213490781893,0.19600863854613812
25590,LOF,0.05640345077958405,0.17343211347335746,0.7701644357470585
25591,LOF,0.11075851742870024,0.10493217263374045,0.7843093099375593
25592,LOF,0.07400274867792915,0.2038472251887705,0.7221500261333004
25593,LOF,0.12143385071755314,0.34229746878727063,0.5362686804951762
25594,LOF,0.04613144650031855,0.03836002508374455,0.9155085284159369
25595,LOF,0.04982870961656285,0.020129124166872143,0.9300421662165651
25596,LOF,0.11895190662732205,0.01476230823922943,0.8662857851334484
25597,LOF,0.08549912373934157,0.01332056128503275,0.9011803149756258
25598,LOF,0.04938355826247316,0.022868468708268815,0.9277479730292579
25599,LOF,0.028732030264249694,0.3969234215292237,0.5743445482065265
25600,LOF,0.1678675398053109,0.3789417724883449,0.4531906877063441
25601,LOF,0.04751048718760387,0.3064398734578608,0.6460496393545353
25602,LOF,0.03216361672623398,0.07328076553480437,0.8945556177389618
25603,LOF,0.04383630274530746,0.07502936358768186,0.8811343336670107
25604,LOF,0.05425678913701157,0.1265839752059425,0.819159235657046
25605,LOF,0.05202559069609687,0.18020503748311995,0.7677693718207832
25606,Neutral,0.415309836427678,0.2506775219546197,0.33401264161770233
25607,LOF,0.02691983620546249,0.2582815351375704,0.7147986286569671
25608,LOF,0.046631740068073295,0.08849199540335224,0.8648762645285745
25609,GOF,0.19230352073725354,0.5235156412658722,0.2841808379968742
25610,LOF,0.020551148737272536,0.0840103775522374,0.8954384737104901
25611,LOF,0.014731806084968276,0.0941072350130167,0.8911609589020151
25612,LOF,0.05545422079154523,0.10353723880553839,0.8410085404029164
25613,LOF,0.05397010682225969,0.09636726641091416,0.8496626267668261
25614,LOF,0.02332573372237021,0.08209154663531872,0.8945827196423111
25615,LOF,0.051535460237481484,0.07514367650580196,0.8733208632567167
25616,LOF,0.06778670348460852,0.09959290605110109,0.8326203904642904
25617,LOF,0.05340153302136093,0.10235769655452495,0.8442407704241142
25618,LOF,0.048443574034209284,0.16281592304897252,0.7887405029168182
25619,LOF,0.014553431767499573,0.11349023267629196,0.8719563355562084
25620,LOF,0.051321895973900786,0.10175216106790846,0.8469259429581908
25621,LOF,0.07476828865116034,0.08674368513576403,0.8384880262130757
25622,LOF,0.08786302761515696,0.09612183225609792,0.8160151401287452
25623,LOF,0.0695141212169312,0.08607566364187927,0.8444102151411895
25624,LOF,0.023221360222110313,0.09202127728814151,0.8847573624897482
25625,LOF,0.07342154137856917,0.09307171488142822,0.8335067437400026
25626,LOF,0.05393168998847221,0.09611518738300646,0.8499531226285214
25627,Neutral,0.8837536372226428,0.02611011537599692,0.09013624740136054
25628,LOF,0.19123453200184373,0.0724113981068943,0.736354069891262
25629,LOF,0.06209347884848161,0.07435923798854796,0.8635472831629705
25630,LOF,0.3113300479107995,0.07524758269787503,0.6134223693913254
25631,Neutral,0.5163495875615988,0.05345593303682825,0.43019447940157285
25632,LOF,0.031842986064657665,0.14960996911747027,0.8185470448178721
25633,LOF,0.2111532528380302,0.0825536424579528,0.706293104704017
25634,LOF,0.04434639832428019,0.13239697534812714,0.8232566263275927
25635,LOF,0.03471030463658938,0.07121494152558225,0.8940747538378284
25636,GOF,0.03702834450764153,0.5522613301671868,0.41071032532517154
25637,GOF,0.03704424598078983,0.5726216540147424,0.39033410000446783
25638,GOF,0.020393287856485656,0.5238010067605406,0.45580570538297366
25639,LOF,0.031148010467130626,0.4659711604613223,0.5028808290715471
25640,Neutral,0.8114727255142207,0.1357024823311466,0.05282479215463282
25641,LOF,0.1331926754744537,0.2905729942551381,0.5762343302704083
25642,LOF,0.10992373848428376,0.1462081600620748,0.7438681014536415
25643,LOF,0.298266343666515,0.07385711926127932,0.6278765370722057
25644,GOF,0.010967843470250177,0.6503334321706115,0.3386987243591384
25645,GOF,0.015513483860031686,0.6122856968031785,0.37220081933678995
25646,LOF,0.02194312152737803,0.4162830247849453,0.5617738536876767
25647,LOF,0.00962999979862022,0.32027652246533733,0.6700934777360423
25648,LOF,0.015666321652216098,0.3736587792359358,0.610674899111848
25649,LOF,0.008972116123303456,0.31050295482006635,0.6805249290566302
25650,GOF,0.03709668073704038,0.589823599303104,0.37307971995985567
25651,LOF,0.011950998786237128,0.39054336709860993,0.5975056341151529
25652,LOF,0.011505014955058873,0.42774893519847323,0.5607460498464678
25653,GOF,0.04447063556539989,0.5712452157113368,0.38428414872326344
25654,LOF,0.010960565381271908,0.32642481547948504,0.6626146191392431
25655,GOF,0.13112792893270306,0.6296981829238486,0.23917388814344842
25656,LOF,0.21493723061071965,0.061975745027576135,0.7230870243617042
25657,LOF,0.038270502172343915,0.08149091433777206,0.8802385834898839
25658,LOF,0.27773694344773714,0.08048382556475882,0.6417792309875041
25659,LOF,0.3842364255732901,0.08869760624741643,0.5270659681792934
25660,LOF,0.020167658583606,0.10157031812331932,0.8782620232930747
25661,LOF,0.06986552090485111,0.06834077289118967,0.8617937062039592
25662,LOF,0.025862832782338804,0.0400565044708492,0.9340806627468119
25663,LOF,0.02871483942265036,0.03903636418486381,0.9322487963924857
25664,LOF,0.09601412492522357,0.07059348431802522,0.8333923907567513
25665,LOF,0.05941643469426492,0.03469021512363533,0.9058933501820997
25666,LOF,0.07343387430240579,0.06012413641502135,0.8664419892825729
25667,LOF,0.058660330872998726,0.04592332010611394,0.8954163490208874
25668,LOF,0.027437156346600846,0.05877265865044586,0.9137901850029533
25669,LOF,0.019886683838293676,0.05416599361811867,0.9259473225435877
25670,LOF,0.11592207548527732,0.05120707744365024,0.8328708470710724
25671,LOF,0.08292060430681769,0.04047189140098118,0.8766075042922012
25672,LOF,0.051787910258478016,0.05735921867130529,0.8908528710702167
25673,LOF,0.07262160758194654,0.05193856369405633,0.8754398287239971
25674,LOF,0.06965456288293727,0.06595313777176981,0.8643922993452929
25675,LOF,0.06743518132837822,0.0760988890807028,0.8564659295909188
25676,LOF,0.015523470488975653,0.06681385698699852,0.9176626725240259
25677,LOF,0.015341714776881801,0.08718433187201642,0.8974739533511018
25678,LOF,0.1557112012158217,0.10356911842170062,0.7407196803624777
25679,LOF,0.10909369452244884,0.10085978103078566,0.7900465244467655
25680,LOF,0.026205576184770298,0.12633088758131156,0.8474635362339181
25681,LOF,0.04119028078020764,0.11917365103834857,0.8396360681814438
25682,LOF,0.10750499614080071,0.07507073004534155,0.8174242738138576
25683,LOF,0.08987754086948528,0.08814553806094959,0.8219769210695652
25684,LOF,0.02445451755527781,0.06142684463101511,0.914118637813707
25685,LOF,0.11684945318202444,0.11554917741523253,0.7676013694027431
25686,LOF,0.08955758837308968,0.16762694910744777,0.7428154625194625
25687,LOF,0.12912073969937726,0.15186954436000344,0.7190097159406192
25688,LOF,0.4689841026437845,0.024159544782330532,0.5068563525738851
25689,LOF,0.28892675538964385,0.03238070195113618,0.67869254265922
25690,LOF,0.3664813785949712,0.020682287889369336,0.6128363335156595
25691,Neutral,0.7291773633374298,0.01932451744414848,0.2514981192184218
25692,LOF,0.3696634691533169,0.010012133679575,0.6203243971671082
25693,GOF,0.03682869555341189,0.4911840850108728,0.4719872194357152
25694,LOF,0.10937960740525587,0.019962358080244148,0.8706580345145
25695,LOF,0.11115199499266108,0.008533318578023964,0.880314686429315
25696,LOF,0.12249649084588056,0.01086898689089986,0.8666345222632196
25697,LOF,0.04915186766336493,0.07058857977614244,0.8802595525604927
25698,LOF,0.24387422908652956,0.24738509130077874,0.5087406796126918
25699,LOF,0.44451980840116967,0.03506377744974323,0.5204164141490871
25700,LOF,0.059583749202995806,0.010934350321553262,0.929481900475451
25701,LOF,0.21720588570947055,0.03222069319323291,0.7505734210972966
25702,GOF,0.19566240361170667,0.6306157634612554,0.17372183292703805
25703,LOF,0.017101235233841734,0.17703336353015298,0.8058654012360054
25704,LOF,0.03469285115674413,0.13056745735330072,0.8347396914899552
25705,LOF,0.04054417637757025,0.08471498795336324,0.8747408356690666
25706,GOF,0.09096133238556887,0.48237710073172807,0.42666156688270296
25707,LOF,0.08297049630251256,0.3888538035997018,0.5281757000977857
25708,LOF,0.03196585726103659,0.37316834820889194,0.5948657945300715
25709,LOF,0.07219373061203678,0.03822558401535596,0.8895806853726073
25710,LOF,0.016265257649411547,0.15106524671156485,0.8326694956390236
25711,LOF,0.019309543122155163,0.08561083472603427,0.8950796221518106
25712,LOF,0.017769857330048416,0.2081781461021603,0.7740519965677912
25713,LOF,0.018865698833529846,0.07199413470291546,0.9091401664635548
25714,LOF,0.08074909909804362,0.05406156905639896,0.8651893318455574
25715,LOF,0.012254223609568562,0.11471420085504795,0.8730315755353835
25716,LOF,0.01177859884388388,0.11299157893706811,0.8752298222190481
25717,LOF,0.018597466471680996,0.07478627179982834,0.9066162617284905
25718,LOF,0.011948493255970156,0.051144739377208565,0.9369067673668212
25719,LOF,0.022098527145475253,0.07228762853351359,0.9056138443210112
25720,LOF,0.02806149850725762,0.05027658862042278,0.9216619128723197
25721,LOF,0.01209364064427504,0.06769460174972292,0.9202117576060019
25722,LOF,0.013485069098847256,0.05781117539459967,0.928703755506553
25723,LOF,0.024067357360470474,0.040984626286105524,0.9349480163534241
25724,LOF,0.034937145890426714,0.08690979796253892,0.8781530561470343
25725,LOF,0.011503074271296118,0.07087624252043434,0.9176206832082695
25726,LOF,0.01669455573376563,0.08290277608692527,0.9004026681793091
25727,LOF,0.01354621529254338,0.056288314802498546,0.9301654699049581
25728,LOF,0.01131833214603388,0.07244991283331434,0.9162317550206517
25729,LOF,0.01118867882156537,0.07528032112006987,0.9135310000583646
25730,LOF,0.015123524574436166,0.07011044904758046,0.9147660263779833
25731,LOF,0.018283512656130613,0.10247375198518217,0.8792427353586871
25732,LOF,0.014200471287007682,0.04588252031515586,0.9399170083978365
25733,LOF,0.014610715583023582,0.06025957079104863,0.9251297136259277
25734,LOF,0.012650568064666527,0.13948569528032087,0.8478637366550127
25735,LOF,0.011699968583313626,0.058372097660030674,0.9299279337566557
25736,LOF,0.012915150458280504,0.06269115744110512,0.9243936921006144
25737,LOF,0.013240869939222646,0.11118311630226053,0.8755760137585168
25738,LOF,0.012979574322914791,0.09569333783997098,0.8913270878371142
25739,LOF,0.020379007845251578,0.0735365476573716,0.9060844444973768
25740,LOF,0.03231486586498386,0.10939223892585538,0.8582928952091607
25741,LOF,0.016526775066666964,0.10283539582990223,0.8806378291034307
25742,LOF,0.12134385474131773,0.07766609816665035,0.8009900470920319
25743,LOF,0.0446043968994821,0.0624526481414896,0.8929429549590282
25744,Neutral,0.604819465602285,0.2514967616747386,0.14368377272297642
25745,LOF,0.055617108358795894,0.09067243899429935,0.8537104526469048
25746,LOF,0.04012097682940751,0.12494708070322981,0.8349319424673627
25747,LOF,0.018008032814320965,0.1375083640269032,0.8444836031587759
25748,LOF,0.10138896119633624,0.2392798174997673,0.6593312213038964
25749,LOF,0.023645882993372114,0.11226932043393192,0.864084796572696
25750,LOF,0.06189869422718908,0.12707142719422188,0.811029878578589
25751,LOF,0.10418315129017888,0.1946870918832783,0.7011297568265428
25752,GOF,0.11439510455989464,0.6449663340877555,0.24063856135234965
25753,LOF,0.03132350646661472,0.35622663888190825,0.6124498546514769
25754,GOF,0.017751539603853284,0.7852869334639887,0.19696152693215796
25755,LOF,0.03201390478141146,0.35798044821961933,0.6100056469989691
25756,LOF,0.06828193468174225,0.44389389145943703,0.48782417385882076
25757,GOF,0.015490794505193355,0.8725049904129386,0.11200421508186793
25758,GOF,0.025505987628527862,0.7929314387215385,0.18156257364993356
25759,GOF,0.012060859754136946,0.6775828457098992,0.3103562945359638
25760,LOF,0.015070217763080717,0.4317447729995449,0.5531850092373745
25761,GOF,0.25775633147253263,0.6461483582621781,0.0960953102652894
25762,LOF,0.05032929571672741,0.3752522829633057,0.5744184213199669
25763,LOF,0.014393863255793504,0.2867036482522534,0.698902488491953
25764,GOF,0.05482992698262123,0.7212684974301037,0.22390157558727514
25765,GOF,0.029611239337626466,0.7818719970330179,0.18851676362935563
25766,GOF,0.07625512104960129,0.7287607576722446,0.19498412127815404
25767,LOF,0.16284492115606777,0.41667403618583493,0.4204810426580972
25768,LOF,0.12805230636174822,0.03514693641079916,0.8368007572274527
25769,LOF,0.054105513059555056,0.06050629743676361,0.8853881895036814
25770,LOF,0.3993133842593033,0.12842499174290448,0.47226162399779226
25771,LOF,0.07286181954509399,0.049204451317959655,0.8779337291369465
25772,LOF,0.018773399784344873,0.050343630361077855,0.9308829698545773
25773,LOF,0.07184293135869275,0.05729724017053847,0.8708598284707688
25774,LOF,0.028596329456352595,0.12200719510226855,0.8493964754413788
25775,LOF,0.08256907109157344,0.045942845401794476,0.8714880835066321
25776,LOF,0.07114709195446824,0.032901575724890116,0.8959513323206417
25777,Neutral,0.5504941921740775,0.07685826867555907,0.3726475391503636
25778,LOF,0.07171810349745865,0.04789417661240043,0.8803877198901409
25779,GOF,0.4155286145542185,0.5411421005484094,0.043329284897372033
25780,GOF,0.35709224205018925,0.5540501077322909,0.08885765021751979
25781,GOF,0.1075044358848681,0.7738264001460036,0.11866916396912836
25782,GOF,0.17472539799934503,0.7321251287405275,0.0931494732601275
25783,GOF,0.02243749669820646,0.6887363447390626,0.2888261585627309
25784,Neutral,0.5160423364952195,0.4317831615774956,0.05217450192728498
25785,Neutral,0.500597471176109,0.435368732584602,0.064033796239289
25786,GOF,0.028672407956698318,0.7133369831988995,0.257990608844402
25787,Neutral,0.682013956991413,0.27642998902887234,0.041556053979714715
25788,LOF,0.06287803085603848,0.07949596653992268,0.8576260026040389
25789,GOF,0.20258634776270273,0.6276933872513244,0.1697202649859728
25790,GOF,0.24391813293162554,0.6436291473891974,0.11245271967917708
25791,GOF,0.12106964201508678,0.6437950404519458,0.2351353175329673
25792,GOF,0.32420559602383736,0.49049800876237515,0.18529639521378732
25793,GOF,0.25198593309006595,0.47432509484680196,0.27368897206313214
25794,GOF,0.32268200565751604,0.44113291304753366,0.2361850812949503
25795,GOF,0.058625484627572444,0.6350093881809211,0.3063651271915064
25796,Neutral,0.5199089958017766,0.39513085269911014,0.08496015149911315
25797,GOF,0.06985664030535234,0.5098632826851645,0.4202800770094833
25798,GOF,0.01001626740508038,0.5010455181615179,0.4889382144334017
25799,LOF,0.00829362972389699,0.43002596990309755,0.5616804003730054
25800,GOF,0.03537367507238612,0.601586726966664,0.36303959796094987
25801,GOF,0.25315729305707046,0.6368114968831458,0.11003121005978372
25802,GOF,0.06601745698528762,0.6284619672975337,0.30552057571717867
25803,GOF,0.0421984329090308,0.524333416458369,0.4334681506326003
25804,LOF,0.03703065566989738,0.44451721051307314,0.5184521338170295
25805,GOF,0.09687293006493065,0.5318515759457314,0.37127549398933785
25806,GOF,0.11872583482630093,0.5768057377232512,0.3044684274504479
25807,GOF,0.01849812442894748,0.5845649353515292,0.3969369402195233
25808,GOF,0.09080529641261718,0.540701533093568,0.36849317049381464
25809,GOF,0.020502049367155516,0.5798659601953098,0.39963199043753467
25810,GOF,0.020435719874948605,0.5625505542823679,0.4170137258426834
25811,GOF,0.45036850291744507,0.4786142017675855,0.07101729531496946
25812,GOF,0.03661917240025168,0.5718733644333327,0.39150746316641577
25813,Neutral,0.5595833625815925,0.308832677884832,0.13158395953357563
25814,GOF,0.11527969457352741,0.6022600528382203,0.28246025258825236
25815,GOF,0.2510264150810859,0.5328206791129846,0.21615290580592955
25816,GOF,0.019339340314931407,0.6817628074251316,0.298897852259937
25817,GOF,0.17853738777489983,0.6839918093147702,0.13747080291033
25818,GOF,0.03399913931991843,0.5504541411111633,0.4155467195689183
25819,GOF,0.3452087750449189,0.46511088436986636,0.18968034058521485
25820,GOF,0.16980248566321532,0.5889843527028091,0.24121316163397555
25821,GOF,0.052830897367050655,0.6495147042512196,0.2976543983817297
25822,GOF,0.23557697975607944,0.49818299883500466,0.2662400214089159
25823,LOF,0.033540274562338546,0.4604237277276465,0.506035997710015
25824,GOF,0.06992818661699954,0.4872395569101085,0.44283225647289187
25825,LOF,0.028809014024861936,0.4849485575391035,0.48624242843603455
25826,LOF,0.010338312571943497,0.4739837355899394,0.5156779518381172
25827,GOF,0.01793106430840479,0.5315549296042458,0.4505140060873495
25828,LOF,0.01334392318011184,0.45079132360477014,0.5358647532151181
25829,GOF,0.00723989193135081,0.5219850554077017,0.4707750526609475
25830,LOF,0.0370728924536638,0.26070111050251166,0.7022259970438246
25831,GOF,0.12712531610406114,0.7171856600847142,0.15568902381122474
25832,GOF,0.029930819550852514,0.6508843293186077,0.3191848511305398
25833,GOF,0.0947016469677118,0.6579044190358624,0.24739393399642587
25834,GOF,0.035225699077468677,0.6439469040055407,0.3208273969169906
25835,GOF,0.08136647731413502,0.5950986732686034,0.32353484941726157
25836,GOF,0.04112586253749941,0.6122359991597869,0.3466381383027137
25837,GOF,0.022820923481514516,0.490247913464012,0.4869311630544734
25838,GOF,0.08081541152552064,0.6817707759927717,0.2374138124817076
25839,GOF,0.2554516966839737,0.5174584896903331,0.22708981362569305
25840,GOF,0.20390652699144646,0.5456826281536884,0.2504108448548651
25841,GOF,0.2390860940025763,0.5352937910159552,0.22562011498146858
25842,GOF,0.16008807184000312,0.5899152508675061,0.24999667729249087
25843,GOF,0.2228989654402369,0.601009625463966,0.1760914090957971
25844,GOF,0.05359899227976965,0.6133560654422123,0.333044942278018
25845,LOF,0.01286032029707359,0.4634653429739618,0.5236743367289647
25846,GOF,0.08456883796191199,0.6963394240678462,0.2190917379702417
25847,GOF,0.10466423330232681,0.6979015071406214,0.19743425955705193
25848,GOF,0.03494662123453746,0.6208969748011122,0.34415640396435043
25849,GOF,0.010896475106178687,0.5121704540223018,0.47693307087151954
25850,GOF,0.02304804434618627,0.5850319876128297,0.391919968040984
25851,LOF,0.020297957814392944,0.48885236794921144,0.49084967423639575
25852,GOF,0.11513337598229395,0.5686976691213578,0.31616895489634833
25853,GOF,0.28254798191457087,0.6218268343431326,0.09562518374229662
25854,GOF,0.018419791314706512,0.6745726344690471,0.3070075742162463
25855,GOF,0.04121447867448497,0.6002667584742216,0.3585187628512933
25856,GOF,0.2157253046361965,0.5750845128397203,0.2091901825240832
25857,GOF,0.03442099217854338,0.5223988469228504,0.4431801608986062
25858,GOF,0.018214033669111066,0.5686895641588218,0.4130964021720672
25859,GOF,0.01026394722298838,0.5643460832911564,0.4253899694858551
25860,GOF,0.29562776720326506,0.5873980355073581,0.11697419728937689
25861,GOF,0.312621876423695,0.6020764902114644,0.08530163336484069
25862,GOF,0.0656012653255638,0.7705128568920296,0.1638858777824065
25863,GOF,0.07048804305981565,0.7773827465690974,0.15212921037108693
25864,GOF,0.12102380541225681,0.7807454060227828,0.09823078856496034
25865,GOF,0.0607243235561349,0.7857341562984849,0.15354152014538028
25866,GOF,0.056810159284041276,0.8107795766494678,0.13241026406649112
25867,GOF,0.07063033460916698,0.7987927455559196,0.13057691983491326
25868,GOF,0.2036027510677267,0.6587959205090756,0.13760132842319772
25869,Neutral,0.653363093905321,0.2908625945315199,0.055774311563159096
25870,LOF,0.2541709473449086,0.2356992168963712,0.5101298357587203
25871,GOF,0.21210469396273907,0.6235071172807175,0.16438818875654357
25872,GOF,0.08418747731370822,0.610558458452184,0.30525406423410767
25873,GOF,0.14689761701740017,0.5902719049097881,0.2628304780728116
25874,LOF,0.02174589323379762,0.08222509292942026,0.8960290138367822
25875,LOF,0.06986172358693317,0.08198821374994436,0.8481500626631223
25876,LOF,0.028193990057461756,0.07098834878915662,0.9008176611533817
25877,Neutral,0.5308683656660698,0.08011933504676635,0.389012299287164
25878,LOF,0.25279688198793854,0.14168679162334366,0.6055163263887178
25879,LOF,0.12758606762918248,0.1611054744805237,0.7113084578902937
25880,LOF,0.02227573089931583,0.031273995825712844,0.9464502732749713
25881,LOF,0.20023682728756345,0.20874556601775443,0.5910176066946822
25882,LOF,0.07328296014193683,0.022047431786062624,0.9046696080720006
25883,LOF,0.0843758451202831,0.04582043708713154,0.8698037177925854
25884,LOF,0.0445998441354301,0.044306110764681966,0.9110940450998879
25885,LOF,0.05403837274845062,0.02759063168369408,0.9183709955678553
25886,LOF,0.36877018140674434,0.1130900826949745,0.5181397358982811
25887,LOF,0.1757434996941522,0.15804378848797876,0.6662127118178691
25888,LOF,0.07608849900359331,0.1110390234214636,0.812872477574943
25889,LOF,0.039446186780365704,0.05367085388550465,0.9068829593341297
25890,LOF,0.06847547293806666,0.13942848331064317,0.7920960437512903
25891,LOF,0.06369969842522868,0.060110110358071324,0.8761901912167
25892,LOF,0.1011636927358702,0.031789595672442814,0.8670467115916869
25893,LOF,0.26927409104980904,0.01778744386764253,0.7129384650825483
25894,LOF,0.1709995383894349,0.008922455432841161,0.8200780061777239
25895,LOF,0.22531021025447273,0.022410784668655873,0.7522790050768713
25896,LOF,0.04497929233075548,0.024844433517865236,0.9301762741513794
25897,LOF,0.22692490236809496,0.017066859667931974,0.7560082379639731
25898,Neutral,0.7485964305596954,0.012902811743800592,0.238500757696504
25899,LOF,0.22557466283534633,0.04489954146410801,0.7295257957005457
25900,Neutral,0.5550733307256889,0.01378067663927415,0.43114599263503695
25901,LOF,0.053032228354662356,0.013086675377690937,0.9338810962676467
25902,LOF,0.15267163974100775,0.012834113704625059,0.8344942465543672
25903,Neutral,0.5833858818809088,0.030221508941613937,0.38639260917747736
25904,LOF,0.2455434809492981,0.041036832585285316,0.7134196864654165
25905,LOF,0.029548111952277092,0.3713639451939318,0.5990879428537911
25906,LOF,0.024060459545969536,0.0684661864322442,0.9074733540217863
25907,LOF,0.011099660572189498,0.4124240038576422,0.5764763355701682
25908,LOF,0.011294522648502014,0.2804591897710284,0.7082462875804696
25909,LOF,0.015042810646128823,0.1301125746567284,0.8548446146971427
25910,LOF,0.027476696183879844,0.37313937068272657,0.5993839331333934
25911,LOF,0.07437856916436908,0.056473991665072186,0.8691474391705587
25912,LOF,0.039407931141639305,0.10781531962309462,0.852776749235266
25913,LOF,0.23455207288608815,0.05420376913536425,0.7112441579785476
25914,LOF,0.025592383783498544,0.12669244538402963,0.8477151708324717
25915,Neutral,0.4260066180179599,0.20975310116017062,0.36424028082186954
25916,LOF,0.04547899825068581,0.27611466987002065,0.6784063318792934
25917,LOF,0.05317008328210222,0.05465307253066593,0.8921768441872319
25918,LOF,0.033427408196167685,0.06979118430885779,0.8967814074949746
25919,LOF,0.028913265934087707,0.07601853142252522,0.8950682026433872
25920,GOF,0.10530477403347235,0.5268994229114466,0.3677958030550809
25921,LOF,0.032301486285126794,0.02667242926103002,0.9410260844538433
25922,LOF,0.04806459306262202,0.018758722601221585,0.9331766843361565
25923,LOF,0.3931589776468327,0.01904091591978043,0.5878001064333868
25924,LOF,0.03630048401516779,0.023235813388136444,0.9404637025966958
25925,LOF,0.06802165081858796,0.03546981554681783,0.8965085336345942
25926,LOF,0.05033644447818726,0.019670546178617958,0.9299930093431947
25927,LOF,0.07563372682504639,0.0494632390106495,0.8749030341643041
25928,LOF,0.024462268009548722,0.02137721343565858,0.9541605185547928
25929,Neutral,0.5470003710098441,0.021788740521295282,0.4312108884688606
25930,LOF,0.06870084012847227,0.014243415375456677,0.917055744496071
25931,LOF,0.030702004064488288,0.016394542465185097,0.9529034534703267
25932,LOF,0.028861345219803318,0.01421347538810566,0.956925179392091
25933,LOF,0.03630872145225595,0.009289873022328123,0.954401405525416
25934,LOF,0.025717256695345657,0.01181109353155922,0.9624716497730952
25935,LOF,0.0688730132059865,0.02896000236661,0.9021669844274035
25936,LOF,0.0441241744269935,0.01614881609763278,0.9397270094753737
25937,LOF,0.035165566925008385,0.021631377535725693,0.943203055539266
25938,LOF,0.06442563289365504,0.03607508869926416,0.8994992784070808
25939,LOF,0.04195658109736396,0.009813718159272317,0.9482297007433637
25940,LOF,0.023355431210402865,0.4046072793426469,0.5720372894469502
25941,LOF,0.14811723482004138,0.103976868995627,0.7479058961843316
25942,LOF,0.01270612222487882,0.05079234302791027,0.936501534747211
25943,LOF,0.34007513100214215,0.10358711237855764,0.5563377566193002
25944,Neutral,0.48276142224728397,0.06084781645191929,0.45639076130079675
25945,LOF,0.06596685715602488,0.041969674041917746,0.8920634688020574
25946,LOF,0.03615789102823298,0.14106264768892857,0.8227794612828384
25947,LOF,0.13241627585430119,0.13619689422100176,0.7313868299246971
25948,LOF,0.4096477620951626,0.012805057262820151,0.5775471806420173
25949,LOF,0.09499579868911164,0.04788507790275401,0.8571191234081342
25950,GOF,0.2000390643135391,0.4385773234579998,0.3613836122284611
25951,LOF,0.28583783905751187,0.1690724521302151,0.5450897088122729
25952,LOF,0.06461735635636437,0.41379730912648177,0.5215853345171538
25953,LOF,0.14425664580619962,0.10511758644042832,0.7506257677533721
25954,LOF,0.3355893428742824,0.21789346691233208,0.44651719021338543
25955,LOF,0.0675216300284255,0.08335812155826444,0.84912024841331
25956,LOF,0.2036999059990137,0.06465116480310036,0.7316489291978859
25957,LOF,0.04821840059920213,0.0246243657681153,0.9271572336326827
25958,LOF,0.05816242511431105,0.02604950313648873,0.9157880717492003
25959,LOF,0.07476679618099734,0.35591910663740256,0.5693140971816002
25960,LOF,0.023065760951367694,0.05415519911027517,0.9227790399383572
25961,LOF,0.04897988234981853,0.035200396615432256,0.9158197210347493
25962,LOF,0.06311841461893417,0.041714649301062286,0.8951669360800036
25963,LOF,0.05890428714756534,0.18946536690645585,0.7516303459459788
25964,LOF,0.037064577515606385,0.16176918784442768,0.801166234639966
25965,Neutral,0.478142319729238,0.08450460374031016,0.43735307653045186
25966,LOF,0.3296911856569122,0.2816189481685681,0.3886898661745198
25967,LOF,0.01542076485954456,0.08740276903381722,0.8971764661066383
25968,LOF,0.04972565817111478,0.3927112240217707,0.5575631178071144
25969,LOF,0.02929396351341546,0.054756340574347764,0.9159496959122367
25970,LOF,0.06611761537314284,0.06311292808999582,0.8707694565368613
25971,LOF,0.0806009742279955,0.0326455101655028,0.8867535156065017
25972,LOF,0.08015322874485245,0.03407074566020062,0.885776025594947
25973,LOF,0.09454805829669688,0.011735124864642225,0.8937168168386609
25974,LOF,0.29427944206559953,0.022241091546459205,0.6834794663879412
25975,LOF,0.058138509695739596,0.03789014271327795,0.9039713475909825
25976,LOF,0.04329517277793348,0.025231655595296408,0.93147317162677
25977,LOF,0.13839734842386256,0.13375040621509388,0.7278522453610435
25978,LOF,0.12248338664543477,0.10848523307235151,0.7690313802822136
25979,LOF,0.12376551780713113,0.09263126131596543,0.7836032208769034
25980,LOF,0.13954814042428357,0.1910635748212039,0.6693882847545125
25981,LOF,0.17011756459400948,0.18491588321997182,0.6449665521860187
25982,LOF,0.3791776072369223,0.0947713703503123,0.5260510224127655
25983,LOF,0.3778564041036169,0.08939731121205685,0.5327462846843262
25984,LOF,0.042802324232856515,0.11631729528875596,0.8408803804783875
25985,LOF,0.021580544626061793,0.3506038498882656,0.6278156054856726
25986,LOF,0.028242716813684378,0.34383167727955266,0.6279256059067628
25987,LOF,0.07709899469506011,0.12809989432838012,0.7948011109765598
25988,LOF,0.11396428988707602,0.09521651509530904,0.790819195017615
25989,LOF,0.024042704731446183,0.1801483752654695,0.7958089200030843
25990,LOF,0.03223526039531155,0.17373865265657346,0.7940260869481149
25991,LOF,0.16580538364546177,0.38177677974755714,0.4524178366069812
25992,LOF,0.3254567756464988,0.2804119769544296,0.3941312473990717
25993,LOF,0.02616000109907049,0.08326249020870786,0.8905775086922215
25994,LOF,0.01807209592762993,0.11417718168289333,0.8677507223894768
25995,LOF,0.031227678325718388,0.1314397182701778,0.8373326034041038
25996,GOF,0.19081755159964386,0.5369778211558899,0.2722046272444662
25997,GOF,0.07612960635787801,0.4912892637243365,0.43258112991778547
25998,Neutral,0.6275102981486879,0.03108381422125911,0.3414058876300531
25999,LOF,0.17176513826732576,0.08002578868681441,0.7482090730458598
26000,LOF,0.10208866344462006,0.03042645178078476,0.8674848847745951
26001,LOF,0.1703110077069348,0.03483494232359904,0.7948540499694662
26002,LOF,0.11557197786635945,0.03834597891645665,0.8460820432171839
26003,GOF,0.010260237780052013,0.6670464213979277,0.3226933408220202
26004,GOF,0.024037868613944264,0.6931369307864693,0.28282520059958643
26005,GOF,0.0118385332656096,0.5524417360501747,0.4357197306842156
26006,Neutral,0.5266613038656383,0.27628948159096367,0.1970492145433982
26007,GOF,0.0191339718693317,0.6212134171004511,0.35965261103021734
26008,GOF,0.01867123467669547,0.5898096130175273,0.39151915230577733
26009,GOF,0.032491160345486055,0.6808326031975456,0.28667623645696844
26010,GOF,0.021395620825689562,0.7248399511920038,0.2537644279823064
26011,GOF,0.009725522402316241,0.5415638465488116,0.44871063104887216
26012,GOF,0.016324496606362506,0.5797623790296016,0.4039131243640358
26013,GOF,0.015257049353909698,0.7087988974153876,0.2759440532307026
26014,LOF,0.04393419752768826,0.16031916764843956,0.7957466348238722
26015,LOF,0.2029464939032843,0.009778054422027551,0.7872754516746883
26016,LOF,0.25433885483375435,0.04793675093441383,0.6977243942318319
26017,LOF,0.15502963991233906,0.09805181562113613,0.7469185444665248
26018,LOF,0.09095189305710337,0.034341522328510676,0.8747065846143859
26019,LOF,0.09115095779910352,0.023298453595740985,0.8855505886051555
26020,LOF,0.058486817488024714,0.10252842328029955,0.8389847592316757
26021,LOF,0.05617508511906458,0.1492317316510559,0.7945931832298795
26022,LOF,0.010152906902040217,0.06446859447680109,0.9253784986211587
26023,LOF,0.11383497248388501,0.020946816611165927,0.8652182109049491
26024,LOF,0.031148624671357403,0.12544731652175006,0.8434040588068925
26025,LOF,0.1458807982581872,0.08216314836108868,0.7719560533807241
26026,LOF,0.3432857538465761,0.01359593702212603,0.643118309131298
26027,LOF,0.08436018919640868,0.015049568291734261,0.900590242511857
26028,LOF,0.1809556559306101,0.09982556200067572,0.7192187820687141
26029,LOF,0.11994014563003648,0.1419682122972679,0.7380916420726957
26030,LOF,0.032287281862924275,0.05673470390643752,0.9109780142306383
26031,LOF,0.04444001265889112,0.11986254907711204,0.8356974382639969
26032,LOF,0.08151986925634135,0.046094057598868324,0.8723860731447902
26033,LOF,0.1350250931080358,0.05320868027636619,0.8117662266155979
26034,LOF,0.06892958805557751,0.11710514929690818,0.8139652626475143
26035,LOF,0.04564729624977298,0.09993014219006822,0.8544225615601587
26036,LOF,0.06533922757239354,0.11933405191269494,0.8153267205149115
26037,LOF,0.03535859463851654,0.09379546839019214,0.8708459369712914
26038,LOF,0.07675277040291438,0.04143159489037729,0.8818156347067083
26039,LOF,0.08883375878734531,0.10504093923557041,0.8061253019770843
26040,LOF,0.2394874716744852,0.07655803429345936,0.6839544940320554
26041,LOF,0.03700289412761045,0.08584771796283483,0.8771493879095547
26042,LOF,0.03521325841554585,0.09087444708282637,0.8739122945016278
26043,LOF,0.07366228367546011,0.055278145713520646,0.8710595706110192
26044,LOF,0.0330479714659954,0.05993348292698658,0.9070185456070179
26045,LOF,0.1024310338819777,0.07694051688947759,0.8206284492285447
26046,LOF,0.07950332983448093,0.05843271892600009,0.862063951239519
26047,LOF,0.11419604238637171,0.0707428775058109,0.8150610801078173
26048,LOF,0.053480650475816,0.05295514758694529,0.8935642019372386
26049,Neutral,0.9486962023760339,0.009572556532995834,0.04173124109097038
26050,Neutral,0.9319944264925509,0.010797734189068051,0.05720783931838092
26051,LOF,0.058535006874592614,0.36258820527794716,0.5788767878474601
26052,LOF,0.06349520634293963,0.44406125591454854,0.4924435377425118
26053,LOF,0.06246823442921108,0.35242015344612826,0.5851116121246607
26054,LOF,0.05359888881808407,0.06823479068672265,0.8781663204951933
26055,LOF,0.07588940088018058,0.054795460174754965,0.8693151389450645
26056,LOF,0.06227839046186581,0.06299439165620603,0.8747272178819282
26057,LOF,0.03073170720725874,0.028514590675849605,0.9407537021168916
26058,LOF,0.030736062912215773,0.025927178971867918,0.9433367581159162
26059,LOF,0.35299577185195435,0.07726788585405965,0.569736342293986
26060,LOF,0.0281168021318858,0.3633781882387183,0.6085050096293959
26061,LOF,0.016933725152826023,0.043409365526947664,0.9396569093202263
26062,LOF,0.01270240979178205,0.058106388994709594,0.9291912012135084
26063,LOF,0.02235423096792473,0.02651442670199524,0.9511313423300801
26064,LOF,0.020719785545117764,0.030239916028186792,0.9490402984266956
26065,LOF,0.02592449012708715,0.02840902161062526,0.9456664882622875
26066,LOF,0.020736055909910567,0.03238025843150486,0.9468836856585846
26067,LOF,0.02398540256426923,0.02335088224191028,0.9526637151938204
26068,LOF,0.05121087352446669,0.0674553451042827,0.8813337813712506
26069,LOF,0.4013181698426584,0.048809028777271016,0.5498728013800706
26070,Neutral,0.6227008153004449,0.023756047775417625,0.35354313692413747
26071,LOF,0.023282355012652235,0.0338057160331463,0.9429119289542014
26072,LOF,0.023038231322513075,0.05958881588793923,0.9173729527895477
26073,LOF,0.024613147295352952,0.027903824440184466,0.9474830282644626
26074,Neutral,0.863844006788548,0.010207954698809793,0.1259480385126421
26075,LOF,0.042094957997717966,0.042758384797284006,0.9151466572049981
26076,LOF,0.04240106979963147,0.020686758253747238,0.9369121719466214
26077,LOF,0.01024438062686389,0.06291842978118412,0.926837189591952
26078,LOF,0.013443943615993397,0.03618997609648595,0.9503660802875207
26079,LOF,0.05429468521582423,0.04117480397677449,0.9045305108074013
26080,LOF,0.05429468521582423,0.04117480397677449,0.9045305108074013
26081,LOF,0.03248950310837892,0.018023245865840403,0.9494872510257807
26082,LOF,0.020533573413840565,0.04555679884893896,0.9339096277372204
26083,LOF,0.13646118671150761,0.02967335059902978,0.8338654626894625
26084,LOF,0.026221501259479564,0.03771990252787544,0.936058596212645
26085,LOF,0.02278412648107616,0.0336007482473893,0.9436151252715345
26086,LOF,0.022674915299906007,0.03499564421484547,0.9423294404852484
26087,LOF,0.023790404543475127,0.024113713679907167,0.9520958817766176
26088,LOF,0.022014645345979023,0.05801832876203815,0.9199670258919829
26089,LOF,0.0466176237172708,0.054406112175030406,0.8989762641076987
26090,LOF,0.04436738830173582,0.04328790502230459,0.9123447066759595
26091,LOF,0.03487001029160676,0.0160031348879168,0.9491268548204763
26092,LOF,0.028009501631034207,0.02335232284236068,0.948638175526605
26093,LOF,0.03724050300749147,0.015196374710758725,0.9475631222817498
26094,LOF,0.04140350310802172,0.0152132405526251,0.943383256339353
26095,LOF,0.03963880851880929,0.040518485609699825,0.919842705871491
26096,LOF,0.017202015414238662,0.0328306790496792,0.9499673055360821
26097,LOF,0.010985395897872268,0.10722021561093764,0.8817943884911901
26098,LOF,0.05764800155168206,0.043974153121168785,0.8983778453271493
26099,LOF,0.02432676643884162,0.03897803290387483,0.9366952006572836
26100,LOF,0.025092222033069496,0.03615433110734698,0.9387534468595835
26101,LOF,0.056616601546629126,0.0328438232496381,0.9105395752037329
26102,LOF,0.02601966945731686,0.029173416059751885,0.9448069144829313
26103,Neutral,0.8747612456815216,0.04904247934553899,0.07619627497293945
26104,LOF,0.05136379467308304,0.07884990234718538,0.8697863029797316
26105,LOF,0.21901367432766186,0.23528617445884994,0.5457001512134882
26106,LOF,0.1507701782984005,0.13360062535475348,0.715629196346846
26107,LOF,0.22837605011349035,0.12117182570768333,0.6504521241788263
26108,LOF,0.20233182176293943,0.16741534061455593,0.6302528376225047
26109,LOF,0.05502498181901874,0.15604209997784635,0.788932918203135
26110,LOF,0.3145212894705486,0.01730681547622671,0.6681718950532246
26111,LOF,0.4807828937462649,0.033779922721562425,0.4854371835321726
26112,LOF,0.03631488518782731,0.018447026961043857,0.945238087851129
26113,LOF,0.061966718413260215,0.034414962973688665,0.9036183186130511
26114,LOF,0.022207189706248943,0.027521254038854852,0.9502715562548962
26115,LOF,0.10138018538509248,0.04277070817782055,0.855849106437087
26116,LOF,0.054070890532152714,0.061027323512219525,0.8849017859556277
26117,LOF,0.30949605264913643,0.07734150629639629,0.6131624410544672
26118,LOF,0.03974923507085199,0.04508113971662603,0.9151696252125219
26119,LOF,0.0230901192892703,0.07264041107345551,0.9042694696372742
26120,LOF,0.027251775611006956,0.03149189628774822,0.9412563281012447
26121,LOF,0.05140589542861754,0.11514003837714112,0.8334540661942413
26122,LOF,0.0562783752689979,0.0608304891645427,0.8828911355664594
