feature0,prediction,LoGoFunc_Neutral,LoGoFunc_GOF,LoGoFunc_LOF
25546,Neutral,0.6154433459000551,0.06497913442394684,0.31957751967599807
25547,Neutral,0.4528620300112595,0.12007066102535774,0.42706730896338274
25548,Neutral,0.4620995060247052,0.09878335855191173,0.43911713542338315
25549,LOF,0.40681153265978925,0.09713174697634512,0.49605672036386544
25550,LOF,0.34175927925603455,0.13626282540283743,0.521977895341128
25551,LOF,0.3216677956735255,0.14247056823568882,0.5358616360907856
25552,LOF,0.26492920977173956,0.1365889841885895,0.5984818060396709
25553,Neutral,0.8112180030339745,0.049119279000222414,0.13966271796580323
25554,LOF,0.30339902025177995,0.1253844037368621,0.571216576011358
25555,LOF,0.2506208225130072,0.11992030743964613,0.6294588700473467
25556,LOF,0.4350263004372004,0.11400628391029112,0.4509674156525085
25557,LOF,0.24732371049596677,0.12504483767954816,0.627631451824485
25558,LOF,0.3188669548882794,0.12336882182343963,0.557764223288281
25559,LOF,0.20000005599244403,0.132560375532568,0.667439568474988
25560,LOF,0.16283214799358903,0.10056790459842406,0.7365999474079868
25561,LOF,0.16671020531432962,0.10626724792705639,0.727022546758614
25562,LOF,0.06985588035380189,0.07755107409410708,0.852593045552091
25563,LOF,0.02082130819671004,0.1357344395884745,0.8434442522148154
25564,LOF,0.23415388898773984,0.11814502988247916,0.647701081129781
25565,LOF,0.2329788249191934,0.128244278486012,0.6387768965947945
25566,GOF,0.08931878527413842,0.7119279184324171,0.1987532962934445
25567,LOF,0.037700767747528105,0.13360874199693376,0.8286904902555382
25568,LOF,0.059126612178663836,0.07023782448431097,0.8706355633370252
25569,LOF,0.056469730651948415,0.07145574188223651,0.872074527465815
25570,LOF,0.02530202728699802,0.10074817139883788,0.8739498013141641
25571,LOF,0.02522967912670032,0.10188872134606257,0.8728815995272371
25572,LOF,0.057430382534269464,0.11422649126012649,0.828343126205604
25573,LOF,0.05701031636292954,0.08185425369980963,0.8611354299372609
25574,LOF,0.055307873453407166,0.18124515649094783,0.763446970055645
25575,LOF,0.021652472810875886,0.11519921312255808,0.8631483140665661
25576,LOF,0.03233956805669232,0.14671748568039042,0.8209429462629172
25577,LOF,0.028206212575034684,0.11108642249777506,0.8607073649271902
25578,LOF,0.276183974690992,0.07946392198778746,0.6443521033212205
25579,LOF,0.12772062005572593,0.08362935449890743,0.7886500254453667
25580,LOF,0.01951243843528337,0.07533441391202564,0.9051531476526911
25581,LOF,0.053144609728019945,0.0657964975651364,0.8810588927068437
25582,LOF,0.05300194196848096,0.06481799936874476,0.8821800586627743
25583,LOF,0.02016717273775838,0.0798654760575876,0.8999673512046541
25584,Neutral,0.6744108973267043,0.11485168548346092,0.2107374171898347
25585,LOF,0.029984997396508506,0.11489203972619823,0.8551229628772933
25586,LOF,0.01819570501456802,0.06446938389701294,0.9173349110884189
25587,LOF,0.017650182202910453,0.05769540377877241,0.9246544140183172
25588,LOF,0.02094368658288254,0.0694157333139309,0.9096405801031865
25589,Neutral,0.5195451928395171,0.19685365070330324,0.28360115645717987
25590,LOF,0.04370409095988233,0.11111869054283294,0.8451772184972848
25591,LOF,0.09037388658452454,0.056383992781990126,0.8532421206334853
25592,LOF,0.051305296327525965,0.1246674786640904,0.8240272250083837
25593,LOF,0.1312904891385818,0.24369748882557848,0.6250120220358397
25594,LOF,0.05156417564246879,0.10824649217564161,0.8401893321818896
25595,LOF,0.052340287330157415,0.07914726099961558,0.868512451670227
25596,LOF,0.10855563491821996,0.047070923457663935,0.8443734416241162
25597,LOF,0.08282479688755837,0.053748528506333056,0.8634266746061087
25598,LOF,0.04908482842297808,0.08058116970603725,0.8703340018709845
25599,GOF,0.021052458351972562,0.5202212490620899,0.45872629258593756
25600,GOF,0.17569300381904732,0.5129561964854895,0.31135079969546314
25601,LOF,0.04031131167534896,0.41041691621517595,0.5492717721094752
25602,LOF,0.03379439312302234,0.05686303885162607,0.9093425680253516
25603,LOF,0.03538292797338073,0.027873009976064463,0.9367440620505547
25604,LOF,0.03625529925209205,0.05983595586026313,0.9039087448876447
25605,LOF,0.04248942791196761,0.1806022700803446,0.7769083020076879
25606,LOF,0.436647836295402,0.09337489529237067,0.46997726841222726
25607,LOF,0.024388450256099488,0.1796180696659858,0.7959934800779147
25608,LOF,0.03404639854965079,0.08255019938357654,0.8834034020667726
25609,GOF,0.1532168800723173,0.5396866024301215,0.30709651749756134
25610,LOF,0.014729471137162177,0.029248151845780654,0.9560223770170571
25611,LOF,0.013565351152033646,0.03404404264109256,0.9523906062068739
25612,LOF,0.04718072971821424,0.04355019795916939,0.9092690723226163
25613,LOF,0.04401342776400006,0.04544278905159638,0.9105437831844035
25614,LOF,0.019710682528331518,0.026472783764428236,0.9538165337072402
25615,LOF,0.03961500548835334,0.03813851068650873,0.9222464838251379
25616,LOF,0.042961785274755845,0.030005509968309863,0.9270327047569342
25617,LOF,0.03927690069637722,0.03695326232773624,0.9237698369758867
25618,LOF,0.048526243308279406,0.039660679972536715,0.9118130767191839
25619,LOF,0.014748846488302225,0.03302160980310454,0.9522295437085934
25620,LOF,0.054410836553686906,0.04558643703822392,0.9000027264080892
25621,LOF,0.05054021595642657,0.034371689040489956,0.9150880950030835
25622,LOF,0.059500829638314774,0.03254588381022585,0.9079532865514595
25623,LOF,0.06762224519060982,0.02558272277372582,0.9067950320356643
25624,LOF,0.017205306672811563,0.03493588979365001,0.9478588035335384
25625,LOF,0.06379797990004574,0.03881500582850701,0.8973870142714472
25626,LOF,0.045212388290200196,0.03999775562371668,0.9147898560860831
25627,Neutral,0.8932066935401792,0.022044459646681214,0.08474884681313956
25628,LOF,0.12578919142511039,0.05937155505778621,0.8148392535171034
25629,LOF,0.06236952898952913,0.04216775270145103,0.8954627183090198
25630,LOF,0.276309846403193,0.06836663007448239,0.6553235235223246
25631,Neutral,0.5483908858679807,0.06248211958149267,0.3891269945505265
25632,LOF,0.028448045448599305,0.06290061856525501,0.9086513359861458
25633,LOF,0.21379915110453063,0.03350069590603317,0.7527001529894362
25634,LOF,0.03432521182010432,0.07772311663161918,0.8879516715482765
25635,LOF,0.03702468284524497,0.04073431269577537,0.9222410044589796
25636,LOF,0.03248989087663478,0.45575027359969383,0.5117598355236714
25637,GOF,0.07452020767354871,0.5025215412566815,0.42295825106976986
25638,LOF,0.034362215403145525,0.3239580978070742,0.6416796867897804
25639,LOF,0.03313126688360039,0.3656358370435975,0.6012328960728022
25640,Neutral,0.8194411047417767,0.13609997892879908,0.04445891632942409
25641,LOF,0.06307863526658292,0.40951154109230903,0.5274098236411081
25642,LOF,0.0430496852693405,0.14079550618794062,0.8161548085427189
25643,LOF,0.23089382327943894,0.14801723187050259,0.6210889448500585
25644,LOF,0.023470344441424214,0.4574162846522303,0.5191133709063455
25645,LOF,0.023105480810517658,0.393038800624635,0.5838557185648473
25646,LOF,0.053953104364955866,0.32107866866041995,0.6249682269746242
25647,LOF,0.025120185188187753,0.26959919713899216,0.70528061767282
25648,LOF,0.03122612732127673,0.23560276818616982,0.7331711044925534
25649,LOF,0.015236141724963938,0.2415505507270203,0.7432133075480157
25650,LOF,0.05346351438221481,0.4070007294005725,0.5395357562172126
25651,LOF,0.016320358463494344,0.26876854297832914,0.7149110985581766
25652,LOF,0.029671467896618172,0.2576029012988665,0.7127256308045153
25653,LOF,0.08117764007729976,0.4055893560269568,0.5132330038957434
25654,LOF,0.024021155821018384,0.1993979728606741,0.7765808713183074
25655,LOF,0.22795674605698335,0.3839946158645364,0.3880486380784803
25656,LOF,0.2855231898951833,0.0473019299935893,0.6671748801112274
25657,LOF,0.07972365800496262,0.057137517183238104,0.8631388248117992
25658,LOF,0.38827783051940873,0.05477104881231779,0.5569511206682735
25659,Neutral,0.5481141423637882,0.08164964003180845,0.3702362176044033
25660,LOF,0.025322836647844113,0.08407059470625428,0.8906065686459015
25661,LOF,0.08634152838320375,0.05874291752677229,0.854915554090024
25662,LOF,0.03154227611007668,0.033358907253686426,0.935098816636237
25663,LOF,0.0380895724207854,0.04452929762359269,0.9173811299556219
25664,LOF,0.14973729560634824,0.05288806044522033,0.7973746439484314
25665,LOF,0.05337083875143058,0.029720070702553298,0.9169090905460161
25666,LOF,0.09107396287036039,0.0686432336539209,0.8402828034757188
25667,LOF,0.06507563371760369,0.036625375143837346,0.8982989911385589
25668,LOF,0.034740236172456994,0.04797768755949856,0.9172820762680445
25669,LOF,0.03250646851059488,0.05346593727215393,0.9140275942172511
25670,LOF,0.14588933895668943,0.0478334776289625,0.8062771834143481
25671,LOF,0.09667445998991789,0.03336245702075181,0.8699630829893303
25672,LOF,0.053216575264288274,0.04013843693852637,0.9066449877971854
25673,LOF,0.09094864389559332,0.039508864243572965,0.8695424918608337
25674,LOF,0.0763410838050786,0.04793110264459973,0.8757278135503217
25675,LOF,0.12193994358620408,0.04804002054749312,0.8300200358663027
25676,LOF,0.017157674430175275,0.05171890048710074,0.931123425082724
25677,LOF,0.023815085592718246,0.07052456798001808,0.9056603464272638
25678,LOF,0.17034220797113594,0.05873171709144552,0.7709260749374186
25679,LOF,0.12357628671558232,0.07101214200276686,0.8054115712816509
25680,LOF,0.030944300402379492,0.11170162959200136,0.8573540700056191
25681,LOF,0.04813028971028657,0.10405215961462667,0.8478175506750867
25682,LOF,0.13265916810561496,0.06690840610551885,0.8004324257888661
25683,LOF,0.11790256640890333,0.07826614666486274,0.803831286926234
25684,LOF,0.04095287893921307,0.06979962134662226,0.8892474997141647
25685,LOF,0.13086620933294185,0.051051689577802456,0.8180821010892557
25686,LOF,0.06925523273520919,0.09531243603118061,0.8354323312336103
25687,LOF,0.11326890145754705,0.09218374569825231,0.7945473528442007
25688,LOF,0.29583844320445346,0.03182695963405357,0.672334597161493
25689,LOF,0.23019831050737996,0.03648953165133963,0.7333121578412805
25690,LOF,0.3773818298742505,0.02509430970584484,0.5975238604199047
25691,Neutral,0.6911523199025124,0.021642810867258805,0.28720486923022864
25692,LOF,0.31923990981748357,0.009385130449906399,0.6713749597326101
25693,GOF,0.045543399166921836,0.4918074836800637,0.4626491171530144
25694,LOF,0.12429723932918853,0.02013640846024597,0.8555663522105655
25695,LOF,0.11895673124294943,0.019525060564910393,0.8615182081921401
25696,LOF,0.10174618182032677,0.009965101609069948,0.8882887165706034
25697,LOF,0.1235358064237572,0.030864138600795826,0.8456000549754469
25698,LOF,0.3280320403876358,0.22183995218379537,0.4501280074285689
25699,LOF,0.45795972691535036,0.036302488102509745,0.50573778498214
25700,LOF,0.058398252960034855,0.008256747913012221,0.933344999126953
25701,LOF,0.17525630371932965,0.04597745696413395,0.7787662393165364
25702,GOF,0.1814774723833044,0.5762017089111976,0.24232081870549793
25703,LOF,0.01599698964525178,0.1614175545085818,0.8225854558461665
25704,LOF,0.045749499403908114,0.1177035896320439,0.8365469109640479
25705,LOF,0.05448087194451013,0.18572949128057062,0.7597896367749193
25706,LOF,0.0856842342765923,0.3647139228779194,0.5496018428454882
25707,LOF,0.0849692009602805,0.2784693057793924,0.6365614932603271
25708,LOF,0.029579502146893373,0.24175721931405877,0.7286632785390478
25709,LOF,0.05216617868842818,0.04069477299544429,0.9071390483161275
25710,LOF,0.01145582166201945,0.12449674735565804,0.8640474309823224
25711,LOF,0.017610521462250273,0.08396058235972623,0.8984288961780236
25712,LOF,0.013450682905142652,0.17962123082064815,0.8069280862742093
25713,LOF,0.016833033048121955,0.07401987393787177,0.9091470930140062
25714,LOF,0.06318816510496628,0.07232213823464803,0.8644896966603856
25715,LOF,0.009801442625057286,0.13479022516124778,0.8554083322136949
25716,LOF,0.013108922207760438,0.10783952706318908,0.8790515507290504
25717,LOF,0.012371610636903011,0.07480102732377515,0.9128273620393219
25718,LOF,0.011256522813957967,0.08880349190859822,0.8999399852774438
25719,LOF,0.018437057200906725,0.07114405019190934,0.910418892607184
25720,LOF,0.019532865040774065,0.0662718975402683,0.9141952374189577
25721,LOF,0.01516789676497521,0.09458758835966428,0.8902445148753605
25722,LOF,0.012434056959685896,0.11200563475573558,0.8755603082845785
25723,LOF,0.02085674730816002,0.03900403471400177,0.9401392179778382
25724,LOF,0.021296268347591067,0.07849659667382806,0.9002071349785808
25725,LOF,0.01115691668493141,0.062493771628533826,0.9263493116865348
25726,LOF,0.013779230510356972,0.08533195263841337,0.9008888168512298
25727,LOF,0.012462905742193192,0.06852845776538515,0.9190086364924217
25728,LOF,0.009198901932740665,0.09976369151223638,0.891037406555023
25729,LOF,0.00957082517150549,0.09863799361023146,0.891791181218263
25730,LOF,0.012611824627021737,0.07284646481772114,0.914541710555257
25731,LOF,0.020173457207169024,0.10110347532684488,0.878723067465986
25732,LOF,0.013706631036786814,0.07924911389774193,0.9070442550654713
25733,LOF,0.014968618554714569,0.06779030142470702,0.9172410800205785
25734,LOF,0.012809412533276623,0.11324412731064418,0.8739464601560791
25735,LOF,0.012982655768510704,0.08051109084814201,0.9065062533833473
25736,LOF,0.013106845891835991,0.10150632760327277,0.8853868265048912
25737,LOF,0.020218523789835387,0.0794497991205731,0.9003316770895915
25738,LOF,0.012481509005277957,0.09923906882094972,0.8882794221737723
25739,LOF,0.01890099398586233,0.07746714001257757,0.9036318660015602
25740,LOF,0.024850819298733607,0.09425028282414248,0.880898897877124
25741,LOF,0.014802422911305856,0.09673463825236697,0.8884629388363273
25742,LOF,0.10953252003167424,0.07288021375870733,0.8175872662096184
25743,LOF,0.030578437120336956,0.032544534520422275,0.9368770283592407
25744,Neutral,0.5701569760341182,0.22985245785605482,0.19999056610982693
25745,LOF,0.07989150423422083,0.07722130366492601,0.8428871921008532
25746,LOF,0.04062993329118593,0.08733532393746776,0.8720347427713463
25747,LOF,0.021446299036789056,0.0458038310874825,0.9327498698757285
25748,LOF,0.10305774419504912,0.07002233494059872,0.8269199208643522
25749,LOF,0.025378945163976593,0.08877920398467626,0.8858418508513471
25750,LOF,0.08333737917606379,0.09176208212077966,0.8249005387031565
25751,LOF,0.08503290470366202,0.06642691948910966,0.8485401758072283
25752,GOF,0.10694014402414989,0.6588514674976325,0.23420838847821782
25753,LOF,0.019535502271847156,0.2836776031925836,0.6967868945355692
25754,GOF,0.01101079931648911,0.7821468146668967,0.20684238601661417
25755,LOF,0.02287714128648848,0.3669224231605179,0.6102004355529936
25756,LOF,0.04093426549489793,0.3616946679426114,0.5973710665624906
25757,GOF,0.014482046483320757,0.8544788294233265,0.13103912409335278
25758,GOF,0.02913439528323148,0.8296910421146316,0.14117456260213682
25759,GOF,0.010555571562396114,0.5529068508646708,0.4365375775729331
25760,LOF,0.011655790166477201,0.2320032644498475,0.7563409453836754
25761,GOF,0.29660403459941687,0.6153812348661639,0.08801473053441923
25762,LOF,0.03455136753192279,0.26353327353797795,0.7019153589300993
25763,LOF,0.011717653995428887,0.19908111846387608,0.7892012275406951
25764,GOF,0.0638695046368831,0.6431997487362353,0.29293074662688157
25765,GOF,0.03977773400833264,0.7706449550543933,0.18957731093727412
25766,GOF,0.05862127970156119,0.774724583364736,0.1666541369337029
25767,GOF,0.15334212019449386,0.4745048396457488,0.37215304015975736
25768,LOF,0.08747471535086274,0.06158084528388136,0.8509444393652559
25769,LOF,0.06026010020120185,0.06715236033048588,0.8725875394683124
25770,LOF,0.26567231789699036,0.08830726057540363,0.646020421527606
25771,LOF,0.04045368745273075,0.044078848766962005,0.9154674637803073
25772,LOF,0.015874787657648323,0.033038933007818294,0.9510862793345335
25773,LOF,0.045403405697883065,0.07904712369212469,0.8755494706099922
25774,LOF,0.02639468596913048,0.07158355325425726,0.9020217607766123
25775,LOF,0.04615448597652939,0.0405732610780549,0.9132722529454158
25776,LOF,0.06574767293935543,0.02693147103396626,0.9073208560266782
25777,LOF,0.31943834489374323,0.046385651266623563,0.6341760038396332
25778,LOF,0.06307294720928963,0.049842242445448326,0.887084810345262
25779,GOF,0.39211584623343965,0.564328133616492,0.04355602015006824
25780,GOF,0.3120100266888394,0.6117935582598418,0.07619641505131887
25781,GOF,0.12925747816038652,0.760399719835503,0.11034280200411035
25782,GOF,0.18892472567741284,0.7423471446900394,0.06872812963254774
25783,GOF,0.028345219618395732,0.633962502933983,0.33769227744762126
25784,Neutral,0.49907945012447796,0.45870408822400244,0.04221646165151956
25785,GOF,0.4566574481849865,0.5063910274614876,0.03695152435352605
25786,GOF,0.02753096099755106,0.7734649629778777,0.19900407602457126
25787,Neutral,0.6393935310142472,0.33721724690782207,0.023389222077930705
25788,LOF,0.04708986041415841,0.10387689814144174,0.8490332414444
25789,GOF,0.1895987816227979,0.6802881599677376,0.13011305840946447
25790,GOF,0.2273971713714335,0.6703911099673919,0.10221171866117454
25791,GOF,0.14092221806826802,0.6904934398586969,0.16858434207303508
25792,GOF,0.3283600665435314,0.5424730091065869,0.12916692434988172
25793,GOF,0.2563633499544265,0.5466552601096321,0.1969813899359413
25794,GOF,0.27634082831435836,0.5612880970333286,0.1623710746523131
25795,GOF,0.07304390938919943,0.7124596509032681,0.2144964397075323
25796,Neutral,0.5350635924808371,0.3878979453612279,0.07703846215793493
25797,GOF,0.09785281059001524,0.5639149863722316,0.33823220303775314
25798,GOF,0.009529660783198607,0.5135919920458575,0.476878347170944
25799,LOF,0.007442742957571765,0.3951237666882055,0.5974334903542228
25800,GOF,0.033253786816722884,0.5997754886365889,0.3669707245466883
25801,GOF,0.19064171441276,0.6833547065743549,0.12600357901288506
25802,GOF,0.0795773005389744,0.6990152913101342,0.22140740815089135
25803,GOF,0.03707483336121928,0.5786143753377543,0.38431079130102636
25804,GOF,0.03272608486387754,0.485157451116547,0.48211646401957553
25805,GOF,0.09536045901318117,0.609376407505632,0.2952631334811867
25806,GOF,0.10129253305985121,0.5860239148899669,0.3126835520501819
25807,GOF,0.020240941711176182,0.6190065111206581,0.3607525471681657
25808,GOF,0.08539558653281458,0.649605274143232,0.26499913932395336
25809,GOF,0.018856124892066527,0.583837853069315,0.39730602203861853
25810,GOF,0.017969486242896612,0.6250849288185977,0.35694558493850564
25811,GOF,0.4321674057173205,0.4911372395880936,0.0766953546945859
25812,GOF,0.03054420403840829,0.6446928447031108,0.3247629512584809
25813,Neutral,0.5029386807129345,0.4077064029777897,0.08935491630927574
25814,GOF,0.10487711770512306,0.6594955986615089,0.23562728363336807
25815,GOF,0.18136630436671333,0.641523369626331,0.17711032600695578
25816,GOF,0.020707935395521307,0.7185959189548293,0.2606961456496494
25817,GOF,0.2390160539013967,0.641829606704289,0.11915433939431429
25818,GOF,0.05334796760679813,0.6812500010022073,0.2654020313909946
25819,GOF,0.35194862196396987,0.5161959876619423,0.13185539037408786
25820,GOF,0.19536229691451368,0.5963485303171646,0.20828917276832165
25821,GOF,0.0633726661420174,0.6670205016163561,0.2696068322416267
25822,GOF,0.2232346531273454,0.5698358125350933,0.20692953433756137
25823,GOF,0.032838069936742,0.5428779949849558,0.42428393507830214
25824,GOF,0.09123442723609937,0.6261741292188684,0.2825914435450323
25825,GOF,0.036944488092805434,0.623911082462168,0.33914442944502665
25826,GOF,0.016804860109455023,0.6008528008707454,0.3823423390197996
25827,GOF,0.022747414157410193,0.6164076579219233,0.36084492792066647
25828,GOF,0.012618679570861878,0.5331358307660711,0.45424548966306694
25829,GOF,0.005604051246766022,0.5725974779598085,0.4217984707934255
25830,LOF,0.035285651806183316,0.2885273820909269,0.6761869661028898
25831,GOF,0.19587880060316235,0.6865930333944567,0.11752816600238096
25832,GOF,0.03021675797732244,0.7288244470665962,0.2409587949560813
25833,GOF,0.10200496536827586,0.7459733875938624,0.15202164703786158
25834,GOF,0.02880268760849601,0.7429710055320502,0.22822630685945383
25835,GOF,0.05991617397794424,0.7826952092352566,0.15738861678679908
25836,GOF,0.03145139736605768,0.7061047002313496,0.26244390240259263
25837,GOF,0.02708502608784946,0.5997510876469532,0.3731638862651974
25838,GOF,0.0924094856174266,0.7775090618725232,0.13008145251005027
25839,GOF,0.26877661881425985,0.6018692199546716,0.1293541612310686
25840,GOF,0.22764127393460776,0.6204484653836463,0.151910260681746
25841,GOF,0.23201396545182396,0.6357127132549063,0.13227332129326974
25842,GOF,0.13639526820206413,0.7311911025499438,0.132413629247992
25843,GOF,0.19157323490768458,0.7146042796292815,0.09382248546303397
25844,GOF,0.05938827517239436,0.7293969100118514,0.21121481481575433
25845,LOF,0.015870175979976177,0.4781284271460334,0.5060013968739905
25846,GOF,0.12324834906411522,0.7308531152529611,0.1458985356829236
25847,GOF,0.0988124077523267,0.7886271819850849,0.11256041026258838
25848,GOF,0.03684027026127447,0.7184250378687274,0.24473469186999816
25849,GOF,0.010269930216354924,0.5989218402871795,0.39080822949646543
25850,GOF,0.019952210633785637,0.6647075947995915,0.3153401945666229
25851,GOF,0.01570990586614998,0.5381820353100654,0.4461080588237848
25852,GOF,0.16283125797363687,0.5648088323943685,0.2723599096319947
25853,GOF,0.33649946267357295,0.5990276781292946,0.06447285919713254
25854,GOF,0.021776716715688767,0.6291586403835284,0.3490646429007828
25855,GOF,0.033781427777416245,0.5590584955350774,0.4071600766875064
25856,GOF,0.22407775033543936,0.5543834020842712,0.2215388475802895
25857,GOF,0.0336311796527118,0.5087711600788881,0.45759766026839993
25858,GOF,0.02004956023237203,0.5264748359591089,0.45347560380851915
25859,LOF,0.00958976670759082,0.4917366263033443,0.4986736069890648
25860,GOF,0.3358774490517767,0.575575842152723,0.08854670879550035
25861,GOF,0.41533285727304914,0.5114510497551827,0.07321609297176812
25862,GOF,0.08297474721279594,0.7849939051250835,0.13203134766212063
25863,GOF,0.07824169548470382,0.7843159281831206,0.13744237633217551
25864,GOF,0.18628620337030297,0.7368456804336028,0.07686811619609421
25865,GOF,0.07797651848957962,0.803265287424456,0.11875819408596427
25866,GOF,0.0517015701075581,0.7804833177571213,0.16781511213532066
25867,GOF,0.07415101020178724,0.8208987763243797,0.10495021347383314
25868,GOF,0.2299283860144521,0.6624495720055635,0.10762204197998429
25869,Neutral,0.7026097340219908,0.25532475020671863,0.042065515771290585
25870,GOF,0.26092507803467646,0.43755974023830313,0.3015151817270206
25871,GOF,0.21962065426256167,0.6605714331190062,0.11980791261843203
25872,GOF,0.07249165415798817,0.6564956404490846,0.2710127053929271
25873,GOF,0.11153708192439692,0.6854569766641045,0.20300594141149864
25874,LOF,0.01503993262380089,0.10715165274753949,0.8778084146286597
25875,LOF,0.08567529868419563,0.04542316962517979,0.8689015316906247
25876,LOF,0.03630073023873487,0.03252038762978941,0.9311788821314757
25877,Neutral,0.5235020345106934,0.04039176321258711,0.43610620227671937
25878,LOF,0.2073439639143631,0.09181786513741731,0.7008381709482197
25879,LOF,0.08357553808718902,0.09785918028689833,0.8185652816259127
25880,LOF,0.040121573584794144,0.0149031328755698,0.9449752935396359
25881,LOF,0.18707566008746906,0.11203798887829006,0.7008863510342409
25882,LOF,0.06451357938003295,0.019147490135770537,0.9163389304841965
25883,LOF,0.06746292910390572,0.020084632598017915,0.9124524382980763
25884,LOF,0.03320328616521396,0.033089307365986524,0.9337074064687995
25885,LOF,0.06649333912960358,0.012488399384186033,0.9210182614862104
25886,LOF,0.27094069141198523,0.04028054164902672,0.6887787669389881
25887,LOF,0.16130151077310315,0.06388001046068863,0.7748184787662081
25888,LOF,0.06696714011554572,0.05735370243362386,0.8756791574508304
25889,LOF,0.041743795444069094,0.021704624083858964,0.936551580472072
25890,LOF,0.047370551993886366,0.1555851255646053,0.7970443224415084
25891,LOF,0.03930356497935705,0.05210419022035822,0.9085922448002848
25892,LOF,0.08108077945730237,0.02272510136890625,0.8961941191737913
25893,LOF,0.2478602208964925,0.02026440855653181,0.7318753705469757
25894,LOF,0.1728252016233984,0.011440491328718062,0.8157343070478836
25895,LOF,0.18787815196623558,0.022960013904521844,0.7891618341292427
25896,LOF,0.04993484902510153,0.021405683802172355,0.9286594671727261
25897,LOF,0.2588496654993041,0.013000511921066441,0.7281498225796293
25898,Neutral,0.6942226002278736,0.01050860603740968,0.2952687937347167
25899,LOF,0.22382989532369743,0.023472422495420458,0.7526976821808821
25900,LOF,0.46956390253841995,0.012764457200688329,0.5176716402608916
25901,LOF,0.05363524099116183,0.01248034299410277,0.9338844160147354
25902,LOF,0.14867623691373513,0.014394483608507496,0.8369292794777573
25903,Neutral,0.5545157043924913,0.02850873673591988,0.4169755588715889
25904,LOF,0.3186839056597261,0.04232004026687973,0.6389960540733941
25905,LOF,0.0240308935668376,0.3408088303910859,0.6351602760420765
25906,LOF,0.035743523382851805,0.08940502610836618,0.8748514505087821
25907,LOF,0.015279460385982447,0.3592184025535668,0.6255021370604507
25908,LOF,0.010880681527268564,0.27844137400156466,0.7106779444711667
25909,LOF,0.012434633243347015,0.14801876436974812,0.8395466023869049
25910,LOF,0.04817021688431761,0.1376089678422397,0.8142208152734427
25911,LOF,0.17852081157054606,0.031184876663229086,0.7902943117662249
25912,LOF,0.04584079150656203,0.05263439478169682,0.9015248137117412
25913,LOF,0.33341413765936545,0.025570706509166475,0.6410151558314682
25914,LOF,0.02044301516698768,0.060250150407419774,0.9193068344255925
25915,Neutral,0.5496450997287767,0.13927344793322613,0.3110814523379972
25916,LOF,0.0696661699126963,0.19308152312333882,0.7372523069639649
25917,LOF,0.059716228466572235,0.042135194376074395,0.8981485771573534
25918,LOF,0.02133864135307603,0.034707640735010516,0.9439537179119135
25919,LOF,0.018290782841475964,0.035281623263614545,0.9464275938949094
25920,GOF,0.11482394703871829,0.5646867638865217,0.32048928907476
25921,LOF,0.025392453219264945,0.036342008846226896,0.9382655379345081
25922,LOF,0.03463466595467038,0.026760161723576766,0.9386051723217529
25923,LOF,0.4456423094658211,0.04062065085136639,0.5137370396828126
25924,LOF,0.03536239311264405,0.04712670931579154,0.9175108975715643
25925,LOF,0.06642820967348134,0.04256091399992542,0.8910108763265931
25926,LOF,0.04696988107359202,0.03645395814541371,0.9165761607809944
25927,LOF,0.05392892933515215,0.12253841172870814,0.8235326589361397
25928,LOF,0.016787773361600814,0.053034688604412614,0.9301775380339865
25929,Neutral,0.5722651768995052,0.042782297321419964,0.3849525257790749
25930,LOF,0.06812658872213874,0.03335927499696679,0.8985141362808945
25931,LOF,0.023652475434430605,0.03243605622347368,0.9439114683420958
25932,LOF,0.02820749546596169,0.02958067627640146,0.9422118282576369
25933,LOF,0.037904558832376346,0.01919979945660849,0.9428956417110153
25934,LOF,0.02395204327250713,0.021572654478399966,0.9544753022490928
25935,LOF,0.059802574066664275,0.05097238067243832,0.8892250452608974
25936,LOF,0.04375135251308924,0.025121506631053586,0.9311271408558571
25937,LOF,0.024845244641580177,0.03286633481897436,0.9422884205394455
25938,LOF,0.059249038275185406,0.05269722259289912,0.8880537391319153
25939,LOF,0.03998674644885327,0.021072988294169776,0.9389402652569769
25940,LOF,0.031212600246650374,0.35708039664216545,0.6117070031111842
25941,LOF,0.16413019991440655,0.10684635679914335,0.7290234432864501
25942,LOF,0.01262701058445575,0.035863732786821326,0.951509256628723
25943,LOF,0.2877811792123293,0.054294339436383926,0.6579244813512867
25944,LOF,0.47031374303607737,0.024738588000538082,0.5049476689633846
25945,LOF,0.07323593739806573,0.022485738357341842,0.9042783242445923
25946,LOF,0.033941588431419374,0.12397373599242623,0.8420846755761544
25947,LOF,0.11531099786987056,0.1698447408947454,0.714844261235384
25948,LOF,0.3756118835564568,0.007391362642052769,0.6169967538014905
25949,LOF,0.121565315296268,0.03331883229292181,0.8451158524108101
25950,GOF,0.3342748083134448,0.3520178947799707,0.3137072969065845
25951,LOF,0.2029050976095198,0.2461866109469426,0.5509082914435377
25952,LOF,0.04827535343022884,0.40987432938553187,0.5418503171842393
25953,LOF,0.15651365347762325,0.11188294097984097,0.7316034055425358
25954,Neutral,0.43176085773492867,0.17321185694641728,0.395027285318654
25955,LOF,0.05001186346028812,0.07656681788715024,0.8734213186525617
25956,LOF,0.17014024001266617,0.11166787431694182,0.7181918856703919
25957,LOF,0.03741034414118522,0.033062842122315673,0.929526813736499
25958,LOF,0.05502747796966763,0.027083950316566952,0.9178885717137655
25959,LOF,0.07053985690755044,0.3439046740990244,0.5855554689934251
25960,LOF,0.01616366540168817,0.05216283294395253,0.9316735016543592
25961,LOF,0.04081575733093763,0.027071252685934816,0.9321129899831275
25962,LOF,0.05321050476295616,0.020993249808500522,0.9257962454285432
25963,LOF,0.0505972655959568,0.17876302381988166,0.7706397105841616
25964,LOF,0.0326877073462547,0.13864824411914067,0.8286640485346045
25965,LOF,0.4306999065320087,0.061725937511423475,0.5075741559565679
25966,Neutral,0.5047569607381672,0.1730570634348821,0.32218597582695063
25967,LOF,0.017454046972180507,0.10513140010503866,0.8774145529227808
25968,LOF,0.0357159786203384,0.42124462688340025,0.5430393944962613
25969,LOF,0.03874791079234182,0.05798272600975473,0.9032693631979034
25970,LOF,0.0612680106133268,0.0692394167294164,0.8694925726572569
25971,LOF,0.0713865152128014,0.019250451266722955,0.9093630335204756
25972,LOF,0.06450981807337834,0.029948012638835664,0.9055421692877861
25973,LOF,0.07742952335137131,0.009404305207347854,0.9131661714412808
25974,LOF,0.20523188243900853,0.014632535578118049,0.7801355819828735
25975,LOF,0.04741617435352928,0.025047875571070598,0.9275359500754
25976,LOF,0.043491551875549456,0.0150305502230164,0.9414778979014342
25977,LOF,0.14730289109625067,0.08994307917260189,0.7627540297311475
25978,LOF,0.15149024010419632,0.07590677929146178,0.772602980604342
25979,LOF,0.13914231741696464,0.0732500520051252,0.7876076305779102
25980,LOF,0.23649603457502766,0.09499166604032125,0.6685122993846512
25981,LOF,0.2673356618936514,0.09339833129486975,0.6392660068114788
25982,LOF,0.406543811868535,0.06309893828514734,0.5303572498463177
25983,LOF,0.3905261795377397,0.07078025660458585,0.5386935638576744
25984,LOF,0.04947599633667855,0.04625436235909242,0.9042696413042289
25985,LOF,0.04037577871875618,0.29497756453576696,0.664646656745477
25986,LOF,0.0454610832445863,0.33226865281901613,0.6222702639363975
25987,LOF,0.08422838883034706,0.06657165025037276,0.8491999609192802
25988,LOF,0.15241619723135277,0.059031166361579616,0.7885526364070676
25989,LOF,0.033326190307222066,0.11925846734757004,0.847415342345208
25990,LOF,0.03978363107406487,0.1657314500748006,0.7944849188511345
25991,LOF,0.1246003275452668,0.21989800327458892,0.6555016691801443
25992,LOF,0.30570180569725447,0.12924525857078456,0.5650529357319609
25993,LOF,0.022132638754854567,0.06454770986337027,0.9133196513817751
25994,LOF,0.017967328447081498,0.08079468562571106,0.9012379859272075
25995,LOF,0.022151951475760285,0.1673286441371974,0.8105194043870423
25996,GOF,0.31789408091777044,0.3720996706766257,0.3100062484056038
25997,LOF,0.09502643569467614,0.33000235522338434,0.5749712090819395
25998,Neutral,0.52813230984496,0.030366106748400006,0.44150158340664014
25999,LOF,0.11371479530983296,0.08454176985894422,0.8017434348312229
26000,LOF,0.13691548074841225,0.05636711429279932,0.8067174049587884
26001,LOF,0.21198691896297503,0.055043095895635705,0.7329699851413893
26002,LOF,0.1376637163612668,0.049454049863806845,0.8128822337749263
26003,GOF,0.010811873831288569,0.5919027328164322,0.3972853933522792
26004,GOF,0.021363861722204676,0.6667971170377357,0.3118390212400596
26005,LOF,0.006997419183308159,0.4438417363227024,0.5491608444939894
26006,Neutral,0.5217032866658465,0.2480209448369957,0.23027576849715783
26007,GOF,0.020411247205886596,0.5280049001408702,0.45158385265324325
26008,GOF,0.019021931114421284,0.584427589472718,0.39655047941286076
26009,GOF,0.02127158817531206,0.6606570010834186,0.31807141074126927
26010,GOF,0.02408868927035264,0.6268198512532263,0.349091459476421
26011,LOF,0.007111827268382341,0.43245595572753676,0.5604322170040809
26012,GOF,0.0143880179564032,0.5366332070352562,0.44897877500834055
26013,GOF,0.01832884469586271,0.6068803688531402,0.37479078645099706
26014,LOF,0.04401784785915611,0.1100693221739297,0.8459128299669143
26015,LOF,0.17889221126400146,0.014407866817661959,0.8066999219183365
26016,LOF,0.2014550387096089,0.04892540909584647,0.7496195521945446
26017,LOF,0.23404834949519548,0.08021464487996802,0.6857370056248365
26018,LOF,0.0826992345014659,0.03268794401093399,0.8846128214876001
26019,LOF,0.0792439708902548,0.027007402289395778,0.8937486268203494
26020,LOF,0.07269741130829814,0.09680114951535569,0.8305014391763461
26021,LOF,0.051036027926614685,0.10296131509264228,0.846002656980743
26022,LOF,0.011411427720029323,0.036379415977609034,0.9522091563023616
26023,LOF,0.07003279194733815,0.020529294642069217,0.9094379134105927
26024,LOF,0.031546577375257276,0.10342782976324132,0.8650255928615014
26025,LOF,0.1647275550144202,0.08795700777099837,0.7473154372145815
26026,LOF,0.34259169104915643,0.028682857049585595,0.6287254519012578
26027,LOF,0.06166344237277208,0.01564752168523548,0.9226890359419925
26028,LOF,0.17684557683170196,0.06607362419972077,0.7570807989685774
26029,LOF,0.06902257626829864,0.17069271299147795,0.7602847107402235
26030,LOF,0.022376122533207483,0.04728714769223359,0.930336729774559
26031,LOF,0.026631477166670508,0.12463011891796062,0.8487384039153688
26032,LOF,0.059602151124950764,0.07558516636465067,0.8648126825103987
26033,LOF,0.08262334742229357,0.07376932704852296,0.8436073255291834
26034,LOF,0.04183821113799642,0.15340180386851715,0.8047599849934864
26035,LOF,0.025986149166938678,0.14675854177845027,0.827255309054611
26036,LOF,0.03692641402814116,0.16586573695241208,0.7972078490194467
26037,LOF,0.021035859077159363,0.12098330912460968,0.8579808317982309
26038,LOF,0.05620161112430121,0.07741699052449293,0.8663813983512059
26039,LOF,0.04953291537775677,0.14608021911852948,0.8043868655037137
26040,LOF,0.1914204539426253,0.1191018888748961,0.6894776571824786
26041,LOF,0.02190964633567368,0.10948968142277575,0.8686006722415506
26042,LOF,0.020056444808132956,0.10287293674159163,0.8770706184502755
26043,LOF,0.05680102182717843,0.08927212621572245,0.853926851957099
26044,LOF,0.01964103851476535,0.061470939311493236,0.9188880221737414
26045,LOF,0.06904327569709098,0.0993990159021052,0.8315577084008039
26046,LOF,0.0523882998916527,0.0736161458228964,0.8739955542854508
26047,LOF,0.0683301613201314,0.077101516126105,0.8545683225537636
26048,LOF,0.046195617826055024,0.035800707878347424,0.9180036742955975
26049,Neutral,0.9663831606713176,0.00602919598563317,0.027587643343049095
26050,Neutral,0.9515251159915773,0.007691520057746135,0.04078336395067658
26051,LOF,0.04643815162523759,0.26876871872846864,0.6847931296462938
26052,LOF,0.06488707922112871,0.3016275886039244,0.633485332174947
26053,LOF,0.05758824598753282,0.13796661153251227,0.8044451424799549
26054,LOF,0.0484950626009234,0.01715663960353459,0.934348297795542
26055,LOF,0.06742277432863396,0.01586736495447611,0.91670986071689
26056,LOF,0.058710576062670244,0.017426852821059303,0.9238625711162705
26057,LOF,0.028909774273224064,0.011657258805385559,0.9594329669213905
26058,LOF,0.029843208754594633,0.009358188448191015,0.9607986027972143
26059,LOF,0.2577136366000551,0.024059107873970434,0.7182272555259744
26060,LOF,0.03760427861373368,0.1491985382696876,0.8131971831165788
26061,LOF,0.016628731533862136,0.01084062910935709,0.9725306393567807
26062,LOF,0.01015216737459297,0.015645548711471394,0.9742022839139356
26063,LOF,0.0189993379812232,0.010599013016855525,0.9704016490019213
26064,LOF,0.02194633651795936,0.02120514028478048,0.9568485231972601
26065,LOF,0.024778508209181205,0.01191326083797471,0.963308230952844
26066,LOF,0.019289227795577513,0.011235505795233657,0.9694752664091889
26067,LOF,0.026228719580007418,0.009016919593215069,0.9647543608267775
26068,LOF,0.042702260664851874,0.02799862395710689,0.9292991153780413
26069,LOF,0.27040473277802884,0.018565154027179207,0.7110301131947919
26070,LOF,0.4138471403202665,0.016443443048273106,0.5697094166314605
26071,LOF,0.018481952923545365,0.011768566090176466,0.9697494809862782
26072,LOF,0.019675931318420267,0.017788633148013693,0.962535435533566
26073,LOF,0.01929027222869219,0.010821137260659896,0.9698885905106479
26074,Neutral,0.9162510107100226,0.005876269493627213,0.07787271979635023
26075,LOF,0.04523371342871614,0.01382211488892595,0.940944171682358
26076,LOF,0.03530827715354834,0.009293394875945783,0.955398327970506
26077,LOF,0.009344576807654832,0.014008869963673775,0.9766465532286713
26078,LOF,0.014335926520846367,0.010559573079214688,0.9751045003999389
26079,LOF,0.061584935717876786,0.015833914554722262,0.922581149727401
26080,LOF,0.06089690546393801,0.015837358108666023,0.923265736427396
26081,LOF,0.033402539612587274,0.0067451180488725965,0.9598523423385401
26082,LOF,0.012830058433921038,0.015971177192017804,0.9711987643740612
26083,LOF,0.17200815534163047,0.014458152497574185,0.8135336921607954
26084,LOF,0.03832644605241738,0.011461251890571301,0.9502123020570112
26085,LOF,0.0347535104158358,0.010841811095806073,0.9544046784883582
26086,LOF,0.019121905511776602,0.010639882672612448,0.970238211815611
26087,LOF,0.02212475850969094,0.008366921191784383,0.9695083202985246
26088,LOF,0.01472266574093603,0.021580417837840104,0.9636969164212238
26089,LOF,0.039935473229035214,0.020799556533935306,0.9392649702370296
26090,LOF,0.03972546899241702,0.0168084180907783,0.9434661129168046
26091,LOF,0.03019350684041059,0.006301407661028076,0.9635050854985613
26092,LOF,0.02109314326132356,0.007844875721208037,0.9710619810174683
26093,LOF,0.032002901827907916,0.006076611346566106,0.961920486825526
26094,LOF,0.03347161890979531,0.006099939475428565,0.9604284416147761
26095,LOF,0.0375528518290614,0.013850501051634908,0.9485966471193037
26096,LOF,0.015807608859457308,0.011438948192075816,0.9727534429484669
26097,LOF,0.011599354305570781,0.03414427141578317,0.9542563742786461
26098,LOF,0.0781663465928207,0.011319958590548672,0.9105136948166306
26099,LOF,0.019326835311914137,0.012476752287292284,0.9681964124007935
26100,LOF,0.021636635714504988,0.011993241275350945,0.966370123010144
26101,LOF,0.04284045832904234,0.014845053755174533,0.9423144879157831
26102,LOF,0.019382685921107912,0.011864516163693105,0.968752797915199
26103,Neutral,0.8760049475921795,0.018942440699353757,0.10505261170846672
26104,LOF,0.07635733699646644,0.023775623303054983,0.8998670397004785
26105,LOF,0.19039173468521767,0.26557610644309837,0.544032158871684
26106,LOF,0.1710112779781117,0.11934855504163755,0.7096401669802508
26107,LOF,0.21441072362683017,0.08380653624061384,0.701782740132556
26108,LOF,0.23113835641485023,0.096187741139607,0.6726739024455427
26109,LOF,0.09103834385317561,0.051969866227673675,0.8569917899191508
26110,LOF,0.22145793012721454,0.00785314846513442,0.770688921407651
26111,Neutral,0.5096185960156923,0.0333828599259728,0.456998544058335
26112,LOF,0.03304764748044648,0.008385078767590091,0.9585672737519635
26113,LOF,0.06567264400205317,0.018839796969149503,0.9154875590287974
26114,LOF,0.023750446661437104,0.027306075291357708,0.9489434780472052
26115,LOF,0.08707989692591514,0.05218484532593828,0.8607352577481465
26116,LOF,0.06167174550381689,0.0589152889639117,0.8794129655322714
26117,LOF,0.4329939357611172,0.04574309778181279,0.5212629664570699
26118,LOF,0.03263219883173562,0.0252428299959475,0.942124971172317
26119,LOF,0.02367158843799668,0.034848064411843904,0.9414803471501594
26120,LOF,0.02530505401893832,0.01838004758856559,0.9563148983924961
26121,LOF,0.04412222424040429,0.0867023277502826,0.8691754480093131
26122,LOF,0.04318079403681283,0.03781396251989258,0.9190052434432946
