feature0,prediction,LoGoFunc_Neutral,LoGoFunc_GOF,LoGoFunc_LOF
25546,Neutral,0.619043191103285,0.04976713981829522,0.33118966907841974
25547,Neutral,0.4742854630230952,0.0780072456865032,0.4477072912904015
25548,Neutral,0.4749721049703732,0.0656930130075634,0.45933488202206346
25549,LOF,0.3988862027519038,0.06619747537393776,0.5349163218741585
25550,LOF,0.34584351965699983,0.09918158009296302,0.5549749002500372
25551,LOF,0.301266521074715,0.11072047784416378,0.5880130010811212
25552,LOF,0.26717861066112725,0.11157855159932342,0.6212428377395492
25553,Neutral,0.7951581559749723,0.04386788576020202,0.16097395826482577
25554,LOF,0.31175330597892703,0.09818679214965502,0.5900599018714179
25555,LOF,0.2687513012595263,0.09148567561447939,0.6397630231259943
25556,LOF,0.4366515051345066,0.08346711186897028,0.4798813829965231
25557,LOF,0.2557499144324366,0.09758699741752633,0.646663088150037
25558,LOF,0.30519049247235686,0.09271185535664657,0.6020976521709966
25559,LOF,0.20765328753792905,0.16281385519200597,0.629532857270065
25560,LOF,0.19016409949562707,0.09622065847294782,0.7136152420314251
25561,LOF,0.17324197874161312,0.11843290704381162,0.7083251142145752
25562,LOF,0.08775117461160326,0.08614681983615881,0.8261020055522378
25563,LOF,0.03156023172572777,0.12233050236614851,0.8461092659081239
25564,LOF,0.21648599227341256,0.10906142288095409,0.6744525848456333
25565,LOF,0.2189561404908718,0.1342359179475991,0.6468079415615291
25566,GOF,0.08947079407495816,0.6782215297695285,0.23230767615551323
25567,LOF,0.04479852056253244,0.19522472577137048,0.7599767536660971
25568,LOF,0.06284656246779988,0.12029748138887242,0.8168559561433276
25569,LOF,0.06041620620139977,0.11309764405595871,0.8264861497426416
25570,LOF,0.027889552787495536,0.1279911850742587,0.8441192621382458
25571,LOF,0.027410817521119943,0.13729497680278593,0.8352942056760941
25572,LOF,0.06679324620900677,0.16148209085139795,0.7717246629395953
25573,LOF,0.05602161383097355,0.13715550504388652,0.8068228811251399
25574,LOF,0.05568231625431523,0.253936200687542,0.6903814830581427
25575,LOF,0.022643404574647485,0.14928346913881949,0.828073126286533
25576,LOF,0.029815899497061857,0.2073072780857316,0.7628768224172066
25577,LOF,0.03450210972508807,0.14785114197230428,0.8176467483026075
25578,LOF,0.3000531033256268,0.1332726966723526,0.5666742000020206
25579,LOF,0.15406067944543034,0.13251481020983064,0.7134245103447391
25580,LOF,0.020531190483850582,0.10830974010676966,0.8711590694093797
25581,LOF,0.052833410814858886,0.10915944325105047,0.8380071459340906
25582,LOF,0.052666244277511695,0.10743912920950763,0.8398946265129806
25583,LOF,0.02315401944576741,0.11840430908499151,0.858441671469241
25584,Neutral,0.689643895267724,0.1542991301973057,0.15605697453497022
25585,LOF,0.022099856784872113,0.18493814927988345,0.7929619939352444
25586,LOF,0.017301604532280898,0.10030865485058806,0.882389740617131
25587,LOF,0.017225801703257805,0.09007586570353975,0.8926983325932024
25588,LOF,0.020198458698408386,0.10097417158638207,0.8788273697152097
25589,Neutral,0.4916407739963483,0.25143412333118725,0.2569251026724645
25590,LOF,0.05050871450475948,0.1647391108888695,0.784752174606371
25591,LOF,0.09522495022902301,0.09124599849597914,0.8135290512749979
25592,LOF,0.05675542269639942,0.19609217075204943,0.7471524065515511
25593,LOF,0.11443078024867409,0.32370370421582867,0.5618655155354972
25594,LOF,0.049562281935566666,0.09623039227536091,0.8542073257890724
25595,LOF,0.046120564546061386,0.06885186327994094,0.8850275721739977
25596,LOF,0.10227538432556894,0.03437058198442376,0.8633540336900073
25597,LOF,0.08730612525181947,0.03895081603139431,0.8737430587167861
25598,LOF,0.04714937376869111,0.07046953990110606,0.8823810863302027
25599,LOF,0.02298791216587485,0.4559072055633308,0.5211048822707943
25600,GOF,0.179770862338465,0.4823395745008127,0.33788956316072216
25601,LOF,0.039073957105903945,0.36443538990895835,0.5964906529851378
25602,LOF,0.03461834622244758,0.06063156225624575,0.9047500915213067
25603,LOF,0.03671206593841439,0.03714213482303786,0.9261457992385478
25604,LOF,0.03637661681158634,0.07891350610796093,0.8847098770804527
25605,LOF,0.03480236483715542,0.18508376502014698,0.7801138701426975
25606,LOF,0.3719200208835861,0.1295721331948751,0.4985078459215388
25607,LOF,0.029266792044682115,0.184174137267582,0.7865590706877358
25608,LOF,0.04149533888678917,0.08949137708450194,0.869013284028709
25609,GOF,0.14615304257534492,0.5307774788946776,0.3230694785299773
25610,LOF,0.014191744959516719,0.048048476887917475,0.9377597781525657
25611,LOF,0.012433611826003109,0.04771893177965349,0.9398474563943435
25612,LOF,0.04214056712714589,0.07179475371261049,0.8860646791602437
25613,LOF,0.04060504352278173,0.06847259101862861,0.8909223654585897
25614,LOF,0.020100846647622666,0.04219858755370906,0.9377005657986682
25615,LOF,0.04312807325241651,0.06431751584140198,0.8925544109061816
25616,LOF,0.04224589117188492,0.046718031264113946,0.9110360775640011
25617,LOF,0.03552840183441442,0.0554993740547531,0.9089722241108324
25618,LOF,0.04038505078133126,0.06012964342880167,0.8994853057898672
25619,LOF,0.011726091080976503,0.058403056080753475,0.9298708528382701
25620,LOF,0.05015156037250714,0.06342247101736154,0.8864259686101315
25621,LOF,0.05930875187594322,0.050633234569938325,0.8900580135541185
25622,LOF,0.06244062670720773,0.05679869146517538,0.8807606818276169
25623,LOF,0.06441674405764784,0.04819083232847919,0.8873924236138729
25624,LOF,0.01573554746732698,0.055789375043419756,0.9284750774892534
25625,LOF,0.06308870854213794,0.057594471927227754,0.8793168195306342
25626,LOF,0.04355385492284663,0.06609918293993747,0.890346962137216
25627,Neutral,0.8790957007974316,0.02069158317144403,0.10021271603112429
25628,LOF,0.14531838695948437,0.06339991547590851,0.7912816975646071
25629,LOF,0.06200284586592231,0.051531310856459914,0.8864658432776177
25630,LOF,0.254773892524071,0.07371448656254896,0.6715116209133799
25631,Neutral,0.5307693208553378,0.06836740191144534,0.4008632772332169
25632,LOF,0.02760537726165474,0.07117056999771045,0.9012240527406348
25633,LOF,0.17280769761418205,0.045628496229844134,0.7815638061559738
25634,LOF,0.03518478120144268,0.09593136342723284,0.8688838553713245
25635,LOF,0.03355448484932596,0.047056883588907694,0.9193886315617662
25636,LOF,0.0332254483815549,0.4638300203137232,0.5029445313047218
25637,GOF,0.06322779124949232,0.5048430935108184,0.4319291152396894
25638,LOF,0.0261799187349342,0.37622291582479794,0.597597165440268
25639,LOF,0.028433374637475146,0.396979240565802,0.5745873847967229
25640,Neutral,0.8407751479137784,0.11095361567616693,0.048271236410054735
25641,GOF,0.08141429539609779,0.46117980821183074,0.4574058963920714
25642,LOF,0.058866348534680424,0.16964586371960197,0.7714877877457176
25643,LOF,0.23358622656413194,0.12104385006477648,0.6453699233710916
25644,LOF,0.02994154719696788,0.4801722220458001,0.4898862307572319
25645,LOF,0.03174938766123457,0.4149771348737403,0.5532734774650251
25646,LOF,0.08058501901472162,0.3039681970461478,0.6154467839391305
25647,LOF,0.030160553746495823,0.25354224115037444,0.7162972051031297
25648,LOF,0.03775965446355202,0.25217222987691734,0.7100681156595307
25649,LOF,0.019954072302978364,0.21412349116486812,0.7659224365321535
25650,LOF,0.062259162202890676,0.38006873319669954,0.5576721046004098
25651,LOF,0.022120216543237207,0.2737292231821955,0.7041505602745673
25652,LOF,0.04085422466592311,0.2571575663447371,0.7019882089893398
25653,LOF,0.10590912649858496,0.4127166415030426,0.4813742319983726
25654,LOF,0.02310345669096842,0.21731315376751667,0.7595833895415148
25655,GOF,0.2787117371001686,0.3890307565779816,0.33225750632184986
25656,LOF,0.3445443999913233,0.08578453278634807,0.5696710672223286
25657,LOF,0.062173812501011436,0.0774813452802173,0.8603448422187714
25658,LOF,0.3701044716133361,0.08815837033801338,0.5417371580486505
25659,Neutral,0.5112619074078122,0.12102693058180267,0.3677111620103852
25660,LOF,0.022266004830446433,0.08964527019040806,0.8880887249791456
25661,LOF,0.09427581428232949,0.05882739388620905,0.8468967918314614
25662,LOF,0.034735774064510706,0.03333893891980472,0.9319252870156844
25663,LOF,0.04420992608241007,0.0427638791086604,0.9130261948089295
25664,LOF,0.14651086873635213,0.06485166806682964,0.7886374631968182
25665,LOF,0.059850893557532675,0.03029814481462627,0.9098509616278411
25666,LOF,0.09965740148497916,0.06324510767168218,0.8370974908433386
25667,LOF,0.07733681054479698,0.04096745787763164,0.8816957315775715
25668,LOF,0.037348135047584226,0.0505296952662986,0.9121221696861171
25669,LOF,0.03123884631037434,0.045223218736979764,0.9235379349526459
25670,LOF,0.14563594200714106,0.045294697617623475,0.8090693603752356
25671,LOF,0.11684322525456112,0.03404680371465921,0.8491099710307797
25672,LOF,0.052229316895370796,0.043401152936530886,0.9043695301680983
25673,LOF,0.08172052191779429,0.048535373992972135,0.8697441040892336
25674,LOF,0.06784818266794765,0.05794614278490943,0.8742056745471428
25675,LOF,0.1100310186646136,0.061916283936657074,0.8280526973987293
25676,LOF,0.019525459261888464,0.05257481852081881,0.9278997222172928
25677,LOF,0.025672583441595485,0.067273649513988,0.9070537670444165
25678,LOF,0.21053506138227213,0.06344110551724526,0.7260238331004826
25679,LOF,0.12497215283395004,0.07087714240008856,0.8041507047659614
25680,LOF,0.03518652436388858,0.11343184881441373,0.8513816268216977
25681,LOF,0.04992199070903423,0.10656727972642235,0.8435107295645435
25682,LOF,0.14161954719828643,0.0699109624756374,0.7884694903260762
25683,LOF,0.12441672458653717,0.07423656913469241,0.8013467062787702
25684,LOF,0.04069191320359041,0.06103990892498368,0.8982681778714259
25685,LOF,0.12905108065049786,0.07618031613654823,0.7947686032129538
25686,LOF,0.07412051670101391,0.10199893164974604,0.82388055164924
25687,LOF,0.10702900654315431,0.10186915481961122,0.7911018386372344
25688,LOF,0.33921541486640294,0.045315460612417015,0.6154691245211802
25689,LOF,0.25898923781465505,0.049497165791066715,0.6915135963942781
25690,LOF,0.3384297299866949,0.03599405680825155,0.6255762132050535
25691,Neutral,0.7193208347047467,0.03449813534697497,0.24618102994827823
25692,LOF,0.312465321564333,0.013025252360422724,0.6745094260752443
25693,LOF,0.04769006677226557,0.4464853888842117,0.5058245443435228
25694,LOF,0.12054758950114283,0.016690326736074564,0.8627620837627825
25695,LOF,0.11172054352616924,0.01635523164746638,0.8719242248263644
25696,LOF,0.11719911845501212,0.011002201904980368,0.8717986796400075
25697,LOF,0.09094767481564896,0.04763213782928271,0.8614201873550683
25698,LOF,0.37440813988836447,0.14070552081019488,0.4848863393014406
25699,Neutral,0.5059296385739029,0.0446315317325871,0.44943882969350996
25700,LOF,0.0757598927630261,0.01070512737985867,0.9135349798571152
25701,LOF,0.20183952947207195,0.044704206440631625,0.7534562640872963
25702,GOF,0.16035196009760308,0.5808735714819221,0.25877446842047486
25703,LOF,0.015370816010487098,0.14882798882455686,0.8358011951649561
25704,LOF,0.03743550889586789,0.11636655331039705,0.8461979377937351
25705,LOF,0.052971249888133724,0.13691040411394417,0.8101183459979221
25706,LOF,0.09338104675425017,0.44714533240421767,0.45947362084153204
25707,LOF,0.0873974300113772,0.38443604272950666,0.5281665272591162
25708,LOF,0.034815163415996574,0.34710453040898925,0.6180803061750141
25709,LOF,0.0711518935205816,0.041076580691550325,0.8877715257878681
25710,LOF,0.011781418927170466,0.16015275570483656,0.8280658253679929
25711,LOF,0.022243800738794832,0.07943653876589134,0.898319660495314
25712,LOF,0.014541116103046219,0.19098414832706645,0.7944747355698875
25713,LOF,0.019876449954053705,0.07968790604001372,0.9004356440059326
25714,LOF,0.07964292177929723,0.07625781396215349,0.8440992642585493
25715,LOF,0.012455678743273194,0.1254539764401696,0.8620903448165572
25716,LOF,0.011219330077834874,0.10020798281349774,0.8885726871086674
25717,LOF,0.01611594768211832,0.06997565014451505,0.9139084021733667
25718,LOF,0.011974456977550656,0.08296395028074767,0.9050615927417016
25719,LOF,0.020386688783098773,0.07500005645373309,0.9046132547631681
25720,LOF,0.025218054603990785,0.06478791022100196,0.9099940351750072
25721,LOF,0.014424801411115294,0.1056835896583978,0.8798916089304869
25722,LOF,0.01506233289765135,0.117381873034558,0.8675557940677906
25723,LOF,0.025153517826711547,0.0473776668849956,0.9274688152882928
25724,LOF,0.03313431190435934,0.07574185527476023,0.8911238328208804
25725,LOF,0.012546507609639665,0.07226861768268153,0.9151848747076788
25726,LOF,0.016860464508386224,0.1116692899533324,0.8714702455382813
25727,LOF,0.012836596430669596,0.08366423800890543,0.9034991655604249
25728,LOF,0.010755280444290735,0.10523697345661759,0.8840077460990917
25729,LOF,0.01100583646671647,0.10293365487840211,0.8860605086548814
25730,LOF,0.015159148356089655,0.08703536803644925,0.897805483607461
25731,LOF,0.02039902699482891,0.09822495148435922,0.8813760215208118
25732,LOF,0.015233960325877684,0.07151528459055885,0.9132507550835636
25733,LOF,0.016850714726369773,0.06832976355175853,0.9148195217218718
25734,LOF,0.010258170171760724,0.1205993382129632,0.8691424916152761
25735,LOF,0.01296024770477191,0.07340836039013003,0.9136313919050981
25736,LOF,0.014183548741124733,0.09274516338975865,0.8930712878691167
25737,LOF,0.01308545860641732,0.07105285253609941,0.9158616888574833
25738,LOF,0.012856353521671283,0.10104124859659284,0.886102397881736
25739,LOF,0.02063297268675091,0.07843026366637623,0.9009367636468729
25740,LOF,0.02825902756409114,0.1173229048158832,0.8544180676200257
25741,LOF,0.015894939115134284,0.11236543106381426,0.8717396298210515
25742,LOF,0.137833865483429,0.07678998209662703,0.7853761524199439
25743,LOF,0.035938843795050836,0.05589429962573289,0.9081668565792164
25744,Neutral,0.555155385257781,0.253843435544526,0.19100117919769302
25745,LOF,0.05417881212301357,0.08220188109338036,0.863619306783606
25746,LOF,0.04099280838994801,0.1056308669660749,0.8533763246439771
25747,LOF,0.0188022419134845,0.07785214413682474,0.9033456139496908
25748,LOF,0.09030988294924279,0.12788884565897998,0.7818012713917771
25749,LOF,0.022447614914678306,0.09539327992654602,0.8821591051587757
25750,LOF,0.0691169629741907,0.09429220929143045,0.8365908277343788
25751,LOF,0.0816218905654535,0.15098939997716335,0.7673887094573831
25752,GOF,0.13146264504008817,0.6377475349487692,0.2307898200111426
25753,LOF,0.022946776157701177,0.30556873989626837,0.6714844839460306
25754,GOF,0.013941346092935257,0.803947596206064,0.18211105770100064
25755,LOF,0.025213930532848667,0.4135416050453665,0.5612444644217848
25756,LOF,0.05058203234770601,0.3903970852749848,0.5590208823773092
25757,GOF,0.017103100330189667,0.8320476059086793,0.15084929376113104
25758,GOF,0.03138824424347805,0.8145432132667536,0.15406854248976817
25759,GOF,0.011113981872093495,0.6119781688802839,0.37690784924762266
25760,LOF,0.013965343298590872,0.3018059219267919,0.6842287347746172
25761,GOF,0.31062057908590907,0.5985963560157161,0.09078306489837469
25762,LOF,0.05150066161338929,0.2826969225153169,0.6658024158712939
25763,LOF,0.014753921562500643,0.23530959470606172,0.7499364837314376
25764,GOF,0.09203198011597545,0.6355954823599433,0.27237253752408114
25765,GOF,0.038968472283031005,0.7444573915972391,0.21657413611972984
25766,GOF,0.07316035331175488,0.7333285580058074,0.19351108868243777
25767,GOF,0.1391008277435258,0.5199792086584288,0.3409199635980454
25768,LOF,0.1097936985537149,0.05672889627468239,0.8334774051716027
25769,LOF,0.060068060293667756,0.07416600936089605,0.8657659303454361
25770,LOF,0.33473538449038887,0.1180059178292661,0.5472586976803451
25771,LOF,0.046787929381168776,0.05646323300416292,0.8967488376146684
25772,LOF,0.01933001822366851,0.05021131929376639,0.9304586624825651
25773,LOF,0.0467172065973363,0.10593880956622577,0.8473439838364378
25774,LOF,0.028524926927903763,0.09083244824732555,0.8806426248247707
25775,LOF,0.050713371833643356,0.05291819147676005,0.8963684366895966
25776,LOF,0.07998460725522608,0.02837119369437159,0.8916441990504024
25777,LOF,0.3641233796740884,0.060029958620166864,0.5758466617057446
25778,LOF,0.07855334892111669,0.053870987339529414,0.8675756637393539
25779,GOF,0.37673122476927035,0.5826167666864507,0.040652008544278945
25780,GOF,0.3765221271601105,0.5633996268396468,0.0600782460002427
25781,GOF,0.1290775206675887,0.7625758410596363,0.10834663827277498
25782,GOF,0.2018878924487089,0.7148606615479861,0.08325144600330492
25783,GOF,0.02373480844303681,0.6405062033348071,0.33575898822215605
25784,Neutral,0.4932236601057382,0.46694198909265205,0.03983435080160971
25785,Neutral,0.5106749242257171,0.45573491182925996,0.03359016394502278
25786,GOF,0.032371616727669826,0.7773982160778315,0.19023016719449867
25787,Neutral,0.6600164797862451,0.3178445364248036,0.02213898378895142
25788,LOF,0.06255024342170823,0.10101764835958303,0.8364321082187086
25789,GOF,0.2368691861814125,0.6511999887926827,0.11193082502590479
25790,GOF,0.2155676805489575,0.6936061664864627,0.09082615296457988
25791,GOF,0.17470303615518368,0.6912713787019608,0.1340255851428555
25792,GOF,0.3792324618064958,0.5198187478570054,0.1009487903364988
25793,GOF,0.27333571278472585,0.5328013037645031,0.19386298345077108
25794,GOF,0.3501597348943665,0.5082147699029793,0.1416254952026541
25795,GOF,0.09231559655822266,0.6727695199502522,0.23491488349152512
25796,Neutral,0.5706918281758617,0.3568443216462734,0.07246385017786476
25797,GOF,0.10430564320117722,0.5253789574722857,0.37031539932653723
25798,GOF,0.009429588614100417,0.5131926594125968,0.4773777519733028
25799,LOF,0.007850478998751857,0.4255903626643702,0.5665591583368779
25800,GOF,0.038309750359808846,0.6269660410739415,0.3347242085662496
25801,GOF,0.2311928294557036,0.6652724941241757,0.10353467642012076
25802,GOF,0.06768995262385365,0.7033999234048188,0.22891012397132757
25803,GOF,0.039822409416571336,0.5946563569623735,0.3655212336210553
25804,GOF,0.039176893248509745,0.5262604418098161,0.43456266494167417
25805,GOF,0.10710824478592545,0.6172926120030178,0.2755991432110568
25806,GOF,0.11112812077119633,0.6276935686003808,0.26117831062842284
25807,GOF,0.020065453843064664,0.6337637148747485,0.34617083128218695
25808,GOF,0.09092715146368605,0.636274056720008,0.272798791816306
25809,GOF,0.022741213338950808,0.6215848823962296,0.35567390426481954
25810,GOF,0.02165732112210016,0.6257084553304221,0.3526342235474778
25811,Neutral,0.4846744199369174,0.44856723994887737,0.0667583401142053
25812,GOF,0.039291474395843934,0.647554570314463,0.3131539552896931
25813,Neutral,0.5291066827390175,0.38397316077609,0.08692015648489237
25814,GOF,0.12490577878800822,0.6664123246568806,0.20868189655511105
25815,GOF,0.205115648295234,0.6170066526105541,0.1778776990942119
25816,GOF,0.02080105070142224,0.688901968505831,0.2902969807927467
25817,GOF,0.23696739685837376,0.6361236695334015,0.12690893360822478
25818,GOF,0.058074660469991615,0.6242620622819465,0.317663277248062
25819,GOF,0.3961522856902845,0.46306188579729074,0.14078582851242488
25820,GOF,0.1804254177328496,0.5958210971948372,0.2237534850723132
25821,GOF,0.05978593265016918,0.6662769305824916,0.27393713676733933
25822,GOF,0.2221763934000932,0.5466372967604685,0.23118630983943833
25823,GOF,0.031467170887379665,0.5069613455989473,0.46157148351367294
25824,GOF,0.08074681245004182,0.5443294989077,0.3749236886422582
25825,GOF,0.03238392449042122,0.5401622062957742,0.4274538692138047
25826,GOF,0.011110146700338814,0.5211326823751521,0.4677571709245092
25827,GOF,0.021729280585431558,0.6065277956998082,0.37174292371476036
25828,GOF,0.013176177237047854,0.5147838274600361,0.47203999530291596
25829,GOF,0.006883608829520308,0.5825634172181455,0.41055297395233425
25830,LOF,0.04063829791473093,0.32394333857836866,0.6354183635069004
25831,GOF,0.21107824140506967,0.6737043013650535,0.11521745722987689
25832,GOF,0.03579392249357405,0.694670148060693,0.26953592944573285
25833,GOF,0.15071653958526324,0.6912019596695057,0.15808150074523108
25834,GOF,0.04739211404124398,0.7014710064175028,0.2511368795412532
25835,GOF,0.09517089830533293,0.7496811702884494,0.15514793140621766
25836,GOF,0.05006798696368936,0.7002800492946027,0.24965196374170787
25837,GOF,0.02956073424690156,0.5631520648419718,0.40728720091112663
25838,GOF,0.10206684724171472,0.7450875276604396,0.15284562509784563
25839,GOF,0.3087482748445995,0.5537635181656825,0.137488206989718
25840,GOF,0.2666141801080924,0.5860332076676183,0.14735261222428925
25841,GOF,0.2815976654251691,0.5810420990188241,0.13736023555600677
25842,GOF,0.2223184767842718,0.6599394942929628,0.11774202892276533
25843,GOF,0.2569632230303048,0.6620064846660353,0.08103029230365984
25844,GOF,0.07497773587056467,0.6949107440503874,0.23011152007904778
25845,LOF,0.015894138078017164,0.49000282166941733,0.4941030402525655
25846,GOF,0.12776270747277485,0.7000579979862015,0.1721792945410237
25847,GOF,0.1426326450860189,0.7521627571118983,0.10520459780208286
25848,GOF,0.03846827600716012,0.6857790913860554,0.2757526326067846
25849,GOF,0.011331678398919496,0.5833123373228422,0.4053559842782383
25850,GOF,0.021667074286442742,0.6463223991537489,0.3320105265598084
25851,GOF,0.016303413618788027,0.5531753088164969,0.43052127756471503
25852,GOF,0.1761110106149444,0.5704650856803168,0.2534239037047388
25853,GOF,0.3959432669901356,0.5455123841679775,0.058544348841886897
25854,GOF,0.021335004313633714,0.6612899978866708,0.3173749977996955
25855,GOF,0.038602942707230234,0.5769791137283568,0.38441794356441306
25856,GOF,0.25840557354744464,0.5387512799789194,0.2028431464736359
25857,GOF,0.03799693728859803,0.5050183202358188,0.4569847424755832
25858,GOF,0.019218182516930853,0.5752323312655305,0.40554948621753867
25859,GOF,0.010671344803305867,0.5586108078472933,0.43071784734940083
25860,GOF,0.39021220822049557,0.5329543920691019,0.07683339971040268
25861,GOF,0.4393647002516629,0.48792652560797095,0.07270877414036613
25862,GOF,0.10838895956763242,0.7590800267796549,0.13253101365271272
25863,GOF,0.09779169301334348,0.7634796017868426,0.13872870519981398
25864,GOF,0.20946247953403055,0.7108879851688326,0.07964953529713693
25865,GOF,0.09879370394778253,0.7850747881540109,0.1161315078982067
25866,GOF,0.0728446314902549,0.7942650061971628,0.13289036231258233
25867,GOF,0.0856436421446783,0.8177322480985527,0.09662410975676894
25868,GOF,0.3005078139989353,0.6102165679875168,0.08927561801354793
25869,Neutral,0.7048320124759021,0.2583413973342613,0.036826590189836535
25870,GOF,0.34147739233281044,0.35518214198307696,0.30334046568411266
25871,GOF,0.23989323269388105,0.6278854344643269,0.13222133284179213
25872,GOF,0.09547880494122515,0.6627211489736118,0.24180004608516298
25873,GOF,0.14815013604228564,0.6824188344727027,0.1694310294850116
25874,LOF,0.01945537366010335,0.11531045216780526,0.8652341741720915
25875,LOF,0.09847806772206924,0.0372915008528124,0.8642304314251184
25876,LOF,0.03492536086597256,0.04681650282130754,0.9182581363127199
25877,Neutral,0.5320283131694722,0.04384602399549647,0.4241256628350314
25878,LOF,0.24961940885145723,0.07483507528229069,0.675545515866252
25879,LOF,0.08860722685808638,0.08631493478021943,0.8250778383616942
25880,LOF,0.023134068541849316,0.019437273971932487,0.9574286574862183
25881,LOF,0.19827858356761963,0.09130051201726558,0.7104209044151147
25882,LOF,0.07049436247785756,0.016309903852977824,0.9131957336691646
25883,LOF,0.09023735278736901,0.01655030739207081,0.8932123398205603
25884,LOF,0.03972104420453375,0.027407390026871554,0.9328715657685946
25885,LOF,0.07715624710293574,0.010139311351005023,0.9127044415460592
25886,LOF,0.30062580939637124,0.03263209054816385,0.6667421000554649
25887,LOF,0.178528976060646,0.055011126391803084,0.766459897547551
25888,LOF,0.06924235176465846,0.05130727739766409,0.8794503708376774
25889,LOF,0.052839360031233,0.01734416308997754,0.9298164768787894
25890,LOF,0.06154349030323691,0.10882005121503688,0.8296364584817263
25891,LOF,0.044642838870699364,0.04672813876661624,0.9086290223626845
25892,LOF,0.09953496434716344,0.021199374590135125,0.8792656610627014
25893,LOF,0.2564089281084644,0.01666415047518779,0.7269269214163478
25894,LOF,0.17847509511092235,0.010562078443577042,0.8109628264455007
25895,LOF,0.20631619611949895,0.019016746752205632,0.7746670571282953
25896,LOF,0.047454985376344155,0.020696086179646977,0.9318489284440089
25897,LOF,0.2616766770968381,0.012249572798358609,0.7260737501048031
25898,Neutral,0.7063521425882984,0.00986919692750131,0.28377866048420025
25899,LOF,0.21237321069374787,0.024204358340910913,0.7634224309653412
25900,LOF,0.45117004760383167,0.016826696679494088,0.5320032557166743
25901,LOF,0.05298248838141511,0.011833677209775557,0.9351838344088093
25902,LOF,0.1797110141494695,0.01142282049550221,0.8088661653550282
25903,Neutral,0.5374285012669584,0.031040386799544527,0.43153111193349697
25904,LOF,0.2996807574275298,0.04823639052484341,0.6520828520476268
25905,LOF,0.02373907496937047,0.2951710881840168,0.6810898368466126
25906,LOF,0.02509874951245768,0.06269624628867658,0.9122050041988659
25907,LOF,0.013598252911940355,0.29923836332109405,0.6871633837669655
25908,LOF,0.010394069896056655,0.21465878939574445,0.7749471407081988
25909,LOF,0.013345913471504019,0.13208220918000882,0.8545718773484872
25910,LOF,0.050814020637338385,0.13095086932368832,0.8182351100389733
25911,LOF,0.16238707108367673,0.033132525077702965,0.8044804038386203
25912,LOF,0.04562298086715804,0.04676282709682019,0.9076141920360219
25913,LOF,0.3119822720344043,0.024417500084467286,0.6636002278811283
25914,LOF,0.01842261513002541,0.1332519838391963,0.8483254010307784
25915,Neutral,0.441478876518375,0.3245055582670711,0.23401556521455386
25916,LOF,0.05492171871384354,0.378711519892464,0.5663667613936925
25917,LOF,0.057847219515587266,0.08687221921343063,0.8552805612709822
25918,LOF,0.02618032993548892,0.08062644406429356,0.8931932260002176
25919,LOF,0.021183016253976616,0.08474000958281055,0.8940769741632129
25920,GOF,0.09396235644235365,0.5065515653548323,0.39948607820281423
25921,LOF,0.027183834180823853,0.02915961634689844,0.9436565494722778
25922,LOF,0.037642606396000436,0.02032135595127104,0.9420360376527286
25923,LOF,0.4033778218771085,0.02495370687784551,0.5716684712450459
25924,LOF,0.039500605909655345,0.04075069907104518,0.9197486950192996
25925,LOF,0.06816477336881319,0.0315783589232621,0.9002568677079248
25926,LOF,0.04843404556305153,0.023467715294298024,0.9280982391426505
25927,LOF,0.06533663770046579,0.08361149087197071,0.8510518714275636
25928,LOF,0.02124169031918973,0.03978088747808819,0.9389774222027222
25929,Neutral,0.5344517015294927,0.026852990644769953,0.4386953078257374
25930,LOF,0.05258161717395352,0.022478089212150696,0.9249402936138957
25931,LOF,0.031238991299759548,0.023302318930815982,0.9454586897694244
25932,LOF,0.027604536408787704,0.021845489574624778,0.9505499740165875
25933,LOF,0.037590986771537944,0.015020878732567739,0.9473881344958944
25934,LOF,0.024529110846526758,0.018407749739750776,0.9570631394137225
25935,LOF,0.05978099214244894,0.03562819032755826,0.9045908175299928
25936,LOF,0.047737670378034634,0.021816682172593534,0.9304456474493719
25937,LOF,0.028806407655875374,0.031415630314862775,0.9397779620292619
25938,LOF,0.06211811488260373,0.03846142862786896,0.8994204564895273
25939,LOF,0.03685518549992519,0.013414622945150124,0.9497301915549248
25940,LOF,0.03437354575188395,0.42009117235088345,0.5455352818972327
25941,LOF,0.18269915196628764,0.08633529287765372,0.7309655551560585
25942,LOF,0.018514883222413327,0.024799184694877026,0.9566859320827097
25943,LOF,0.31479354504861157,0.04928414122872038,0.635922313722668
25944,Neutral,0.4895885508990183,0.025850175445493246,0.48456127365548834
25945,LOF,0.07749603587331948,0.01954305303193644,0.9029609110947442
25946,LOF,0.024401487163042097,0.13830905913875954,0.8372894536981984
25947,LOF,0.1106477962899975,0.20824858591511394,0.6811036177948886
25948,LOF,0.3992909324851943,0.012467344641072482,0.5882417228737332
25949,LOF,0.11367068278953724,0.052021349037274234,0.8343079681731885
25950,GOF,0.25086812099602,0.4173280454707401,0.3318038335332397
25951,LOF,0.25337156341057765,0.22893490460280505,0.5176935319866173
25952,LOF,0.04055967705576807,0.4380863076176744,0.5213540153265575
25953,LOF,0.11658631903611105,0.11948337321509768,0.7639303077487912
25954,Neutral,0.40772341939121326,0.18762868565469712,0.40464789495408954
25955,LOF,0.05254344897225342,0.08837329034024792,0.8590832606874987
25956,LOF,0.16788742321834652,0.10264529331341668,0.7294672834682367
25957,LOF,0.037344545366453964,0.03774585409083522,0.9249096005427109
25958,LOF,0.06472116319414291,0.02456284585616013,0.910715990949697
25959,LOF,0.08257451854374713,0.3416523871598319,0.575773094296421
25960,LOF,0.019599774931787144,0.04952858523491032,0.9308716398333025
25961,LOF,0.052369826572382185,0.025988536712861336,0.9216416367147565
25962,LOF,0.06222505344468093,0.030643233608162304,0.9071317129471568
25963,LOF,0.04671291763430383,0.17379815091328354,0.7794889314524126
25964,LOF,0.03735107060490461,0.1584726151750864,0.804176314220009
25965,LOF,0.44023752166760016,0.085480642925848,0.4742818354065519
25966,Neutral,0.46564425792157743,0.09972066780287499,0.43463507427554765
25967,LOF,0.012828462109794554,0.06351373457912338,0.923657803311082
25968,GOF,0.030947066149895536,0.4941553037795649,0.4748976300705395
25969,LOF,0.02472255308988821,0.06525883596869865,0.9100186109414132
25970,LOF,0.061501946916989396,0.05171139748581798,0.8867866555971926
25971,LOF,0.07233826855202787,0.014442404077557145,0.9132193273704149
25972,LOF,0.07522570385707013,0.01838353051877998,0.90639076562415
25973,LOF,0.10393036962495182,0.008483031426176579,0.8875865989488716
25974,LOF,0.21049433519916397,0.017254307860920318,0.7722513569399158
25975,LOF,0.054256603503811236,0.029172535169927384,0.9165708613262614
25976,LOF,0.047295638339815795,0.014732284519920459,0.9379720771402636
25977,LOF,0.15108831811364815,0.10791320345510995,0.7409984784312419
25978,LOF,0.1538218794378035,0.05278625232384393,0.7933918682383526
25979,LOF,0.14515095401916844,0.054767617407597315,0.8000814285732342
25980,LOF,0.21824751574517845,0.07247912601937098,0.7092733582354506
25981,LOF,0.24786390158992871,0.07044578818755905,0.6816903102225123
25982,LOF,0.4076192834756831,0.045407761503177414,0.5469729550211395
25983,LOF,0.38941582428644156,0.05012264499508501,0.5604615307184734
25984,LOF,0.05463258808384547,0.04724574527886627,0.8981216666372882
25985,LOF,0.02600929276976345,0.2254997815291001,0.7484909257011364
25986,LOF,0.04002751761752423,0.2587865383653631,0.7011859440171128
25987,LOF,0.0886003727733865,0.06791211821434504,0.8434875090122684
25988,LOF,0.14361435148215065,0.04773329136195254,0.8086523571558968
25989,LOF,0.032281893564857535,0.08569329349240029,0.8820248129427422
25990,LOF,0.040241968088827754,0.1169441939756368,0.8428138379355355
25991,LOF,0.19461504632912582,0.2565723786629552,0.548812575007919
25992,LOF,0.37521288744060044,0.1343480578129901,0.4904390547464095
25993,LOF,0.025457726398751424,0.06507727030554647,0.9094650032957021
25994,LOF,0.018682666059956166,0.0944786748144933,0.8868386591255506
25995,LOF,0.02751911463203307,0.1655127685449494,0.8069681168230175
25996,GOF,0.3351703443334943,0.3787675902547966,0.2860620654117092
25997,LOF,0.10361401187598063,0.4080787517378327,0.48830723638618656
25998,Neutral,0.516723105931594,0.030232178564651182,0.4530447155037549
25999,LOF,0.1077427366982467,0.11641990911419572,0.7758373541875576
26000,LOF,0.14613224224752538,0.031107502332701775,0.8227602554197729
26001,LOF,0.2075691492788633,0.031235011898526687,0.76119583882261
26002,LOF,0.1488162892586732,0.033186449972599646,0.8179972607687273
26003,GOF,0.010986155494194226,0.5506413755459263,0.4383724689598795
26004,GOF,0.022416597269913893,0.6035412515480317,0.37404215118205436
26005,LOF,0.008238854579871516,0.43106584165314127,0.5606953037669872
26006,Neutral,0.518632703039526,0.209651646918696,0.271715650041778
26007,GOF,0.021007530184977932,0.5183303793859848,0.4606620904290373
26008,GOF,0.018454119281605372,0.5627280560491653,0.41881782466922923
26009,GOF,0.023165888302880553,0.5858608996895163,0.3909732120076032
26010,GOF,0.028314249191525184,0.5907982656764558,0.3808874851320189
26011,LOF,0.007747925219789669,0.4304383730315066,0.5618137017487037
26012,GOF,0.015653162371394132,0.5396946564066196,0.44465218122198624
26013,GOF,0.022391294984373096,0.5654863413117442,0.4121223637038826
26014,LOF,0.04257824580856342,0.14699393641552738,0.8104278177759091
26015,LOF,0.189489629971799,0.00847587046994759,0.8020344995582535
26016,LOF,0.25066806786378815,0.04092032542069535,0.7084116067155165
26017,LOF,0.25180250228977547,0.06271920832654185,0.6854782893836827
26018,LOF,0.10333664693059384,0.029569286892808137,0.867094066176598
26019,LOF,0.10007132780699171,0.02230180372100545,0.8776268684720029
26020,LOF,0.06711797335477648,0.08626333411012971,0.8466186925350938
26021,LOF,0.048574275662274534,0.09867283072559191,0.8527528936121335
26022,LOF,0.012007670504870255,0.03662641098241964,0.9513659185127101
26023,LOF,0.12587077989911033,0.019465246928294724,0.854663973172595
26024,LOF,0.032826592693944584,0.10707042975849722,0.8601029775475582
26025,LOF,0.1774799058261773,0.07677185581527163,0.7457482383585511
26026,LOF,0.33736945040450683,0.021951907274428507,0.6406786423210646
26027,LOF,0.09586244107842104,0.013620556933347138,0.8905170019882318
26028,LOF,0.15599075530976275,0.07161254609205157,0.7723966985981857
26029,LOF,0.07312123989115274,0.19635520440563212,0.7305235557032151
26030,LOF,0.027738188250689404,0.060137733884587374,0.9121240778647233
26031,LOF,0.03094561961851338,0.1482630210053006,0.8207913593761861
26032,LOF,0.07248470770997806,0.05919825256278587,0.8683170397272362
26033,LOF,0.11914640605283588,0.0757207764801293,0.8051328174670348
26034,LOF,0.04988668415555828,0.1624114911001187,0.787701824744323
26035,LOF,0.02815816086399315,0.15096453200422283,0.820877307131784
26036,LOF,0.04247431183942319,0.17857761060155544,0.7789480775590214
26037,LOF,0.0238093104050773,0.12307517527883204,0.8531155143160907
26038,LOF,0.06574163607319546,0.06213253601896501,0.8721258279078394
26039,LOF,0.055281610274379896,0.1534603692958494,0.7912580204297707
26040,LOF,0.205760519596405,0.12833091001935046,0.6659085703842446
26041,LOF,0.024390596658066168,0.11586537352822857,0.8597440298137052
26042,LOF,0.024090977356377503,0.11097387270338467,0.8649351499402379
26043,LOF,0.06539792583661277,0.07400570955845567,0.8605963646049316
26044,LOF,0.022228871209445424,0.0721842266550792,0.9055869021354753
26045,LOF,0.07643662177088285,0.1025536089261947,0.8210097693029225
26046,LOF,0.06791200019132129,0.0727546537462142,0.8593333460624646
26047,LOF,0.09852773865873636,0.07889157672664196,0.8225806846146217
26048,LOF,0.058126353640494045,0.05090870649652886,0.8909649398629771
26049,Neutral,0.9575082820085502,0.008214107905971482,0.03427761008547837
26050,Neutral,0.9401302006661427,0.010625008327124454,0.049244791006732784
26051,LOF,0.047331693992690035,0.33158587409906565,0.6210824319082443
26052,LOF,0.07104501421789121,0.358300569057073,0.5706544167250358
26053,LOF,0.05230140208514433,0.139773992939976,0.8079246049748796
26054,LOF,0.058029684262799634,0.01803735461824631,0.923932961118954
26055,LOF,0.07384571182361863,0.014845475525679764,0.9113088126507016
26056,LOF,0.0616871840198997,0.016116152507636018,0.9221966634724643
26057,LOF,0.03288064635741799,0.010537468465645699,0.9565818851769363
26058,LOF,0.03413239705433959,0.008333964050868064,0.9575336388947924
26059,LOF,0.32649859389615515,0.02438886568751302,0.6491125404163318
26060,LOF,0.02829645087301386,0.18425177378137553,0.7874517753456106
26061,LOF,0.01801951926901566,0.010666327694103264,0.9713141530368811
26062,LOF,0.012100079654970708,0.01800833485036897,0.9698915854946603
26063,LOF,0.02420831318189248,0.011817902131297,0.9639737846868105
26064,LOF,0.023252435781982134,0.018776575475454672,0.9579709887425633
26065,LOF,0.0267802382602563,0.010609601369240232,0.9626101603705036
26066,LOF,0.0229078053901749,0.010728911851163083,0.9663632827586621
26067,LOF,0.02914863211803232,0.008252912648405537,0.9625984552335622
26068,LOF,0.04754292943099134,0.0323554636912151,0.9201016068777935
26069,LOF,0.2769607546701713,0.018230995373023244,0.7048082499568055
26070,LOF,0.40739522845908194,0.014724892412315468,0.5778798791286026
26071,LOF,0.025533007553107577,0.011512576952732943,0.9629544154941595
26072,LOF,0.022746092908738785,0.016878007148075008,0.9603758999431863
26073,LOF,0.02731286799353276,0.010407481165235462,0.9622796508412317
26074,Neutral,0.9017748497632158,0.00516660871342752,0.09305854152335664
26075,LOF,0.04666195194044311,0.01470469321575141,0.9386333548438054
26076,LOF,0.04804002801159887,0.00812406143434124,0.9438359105540598
26077,LOF,0.009550610479533468,0.01741372596777311,0.9730356635526934
26078,LOF,0.013728219136049331,0.0098844584136873,0.9763873224502634
26079,LOF,0.060223308892970756,0.016637109745345,0.9231395813616842
26080,LOF,0.059653066548380825,0.016644108349703722,0.9237028251019155
26081,LOF,0.03926812881574817,0.005851900512130968,0.9548799706721208
26082,LOF,0.01925453455891848,0.013243579361510648,0.9675018860795709
26083,LOF,0.13442625502702618,0.011489979581322507,0.8540837653916513
26084,LOF,0.03037399242417362,0.01084762312878318,0.9587783844470432
26085,LOF,0.025910902769164905,0.010073520393195671,0.9640155768376394
26086,LOF,0.026588307822097184,0.011152348210391043,0.9622593439675118
26087,LOF,0.029792078686096422,0.007870824484161775,0.9623370968297418
26088,LOF,0.01591641107792927,0.025606035879203418,0.9584775530428673
26089,LOF,0.04491753314625082,0.024297253342317034,0.9307852135114322
26090,LOF,0.04359064897781689,0.018342771906507873,0.9380665791156751
26091,LOF,0.0418235419387266,0.0057691357003823536,0.9524073223608911
26092,LOF,0.028323357052496452,0.007222299160696677,0.9644543437868068
26093,LOF,0.04259455428944198,0.005436188470228893,0.951969257240329
26094,LOF,0.04691211532588056,0.005888635301082956,0.9471992493730365
26095,LOF,0.044804798205364364,0.013453171938124236,0.9417420298565115
26096,LOF,0.019023863251360445,0.010302749381786028,0.9706733873668535
26097,LOF,0.012600768079082038,0.0334028365700666,0.9539963953508512
26098,LOF,0.07095716013517127,0.010481477403187476,0.9185613624616413
26099,LOF,0.02695405549940604,0.010555033261919687,0.9624909112386743
26100,LOF,0.028892554003578205,0.010302437619972545,0.9608050083764493
26101,LOF,0.05741410408316318,0.010713645669822787,0.931872250247014
26102,LOF,0.027255732990515688,0.01385690254748236,0.9588873644620018
26103,Neutral,0.8913929263084921,0.017136517612484508,0.0914705560790235
26104,LOF,0.08417814055135282,0.025446222805319302,0.8903756366433279
26105,LOF,0.1972622084236467,0.2935292961917174,0.509208495384636
26106,LOF,0.21103540665347523,0.11245512942470806,0.6765094639218167
26107,LOF,0.2669008152799881,0.07101532432023587,0.662083860399776
26108,LOF,0.2584663908432765,0.1118608564478587,0.6296727527088648
26109,LOF,0.10493383055912454,0.08517437326717298,0.8098917961737025
26110,LOF,0.2346178807818352,0.007595420135895785,0.757786699082269
26111,Neutral,0.5097255120987242,0.016477559845275814,0.473796928056
26112,LOF,0.03379135893825343,0.008945936919095752,0.9572627041426509
26113,LOF,0.05500690927480032,0.015618657027405305,0.9293744336977943
26114,LOF,0.031214289596086863,0.026069846485865206,0.9427158639180478
26115,LOF,0.1029419982959539,0.0685689516349195,0.8284890500691267
26116,LOF,0.06823051518952727,0.0561533575468019,0.8756161272636709
26117,LOF,0.4284927320039913,0.050624344838179805,0.5208829231578289
26118,LOF,0.03669845270282628,0.026217608773280266,0.9370839385238935
26119,LOF,0.020601432713091384,0.035527765713782244,0.9438708015731263
26120,LOF,0.03210021455375127,0.025006098574682344,0.9428936868715664
26121,LOF,0.05101336590506109,0.08737169285342321,0.8616149412415158
