feature0,prediction,LoGoFunc_Neutral,LoGoFunc_GOF,LoGoFunc_LOF
25546,Neutral,0.6142729342160117,0.05558249507206534,0.330144570711923
25547,Neutral,0.4806017367445571,0.09884984860233853,0.42054841465310433
25548,Neutral,0.47079972161242484,0.08023411050494202,0.44896616788263316
25549,LOF,0.4166428520335931,0.08094372362140886,0.5024134243449981
25550,LOF,0.3425263841387807,0.11660250406599583,0.5408711117952235
25551,LOF,0.3061754997130929,0.13052901345059134,0.5632954868363157
25552,LOF,0.25995895071047936,0.12815112354559788,0.6118899257439226
25553,Neutral,0.7986402338073435,0.045402024329519924,0.15595774186313666
25554,LOF,0.30058550218508195,0.11190168354211676,0.5875128142728013
25555,LOF,0.251895834692339,0.1079576091039767,0.6401465562036842
25556,LOF,0.4298144376361686,0.0983669221087509,0.47181864025508047
25557,LOF,0.246078072993539,0.11015673490138765,0.6437651921050733
25558,LOF,0.3057092299378004,0.10694481791564953,0.58734595214655
25559,LOF,0.19004056059553637,0.09940412928555997,0.7105553101189035
25560,LOF,0.17167155961365685,0.09935834226932667,0.7289700981170165
25561,LOF,0.16594955287927232,0.1090100124611251,0.7250404346596026
25562,LOF,0.07471549907489634,0.08054669689742834,0.8447378040276754
25563,LOF,0.023739165872370075,0.13672774754652925,0.8395330865811006
25564,LOF,0.23593416380104815,0.13452012263034793,0.6295457135686039
25565,LOF,0.20446156661523818,0.14951327065702572,0.6460251627277361
25566,GOF,0.08956894990101869,0.7046022654639139,0.2058287846350675
25567,LOF,0.041310686346625984,0.1399751099107981,0.818714203742576
25568,LOF,0.06404765392976432,0.06968990250104919,0.8662624435691865
25569,LOF,0.06368288817440121,0.06983727115339042,0.8664798406722083
25570,LOF,0.024907366462756597,0.1004895225436875,0.8746031109935559
25571,LOF,0.02426502938580093,0.1074161927115464,0.8683187779026527
25572,LOF,0.06102912222477708,0.1265930620491177,0.8123778157261053
25573,LOF,0.058555109406916696,0.08504144418085724,0.856403446412226
25574,LOF,0.0575179299012175,0.19432313322016745,0.748158936878615
25575,LOF,0.020532120265758673,0.11685905111217869,0.8626088286220628
25576,LOF,0.03012081769291189,0.15504864547945607,0.814830536827632
25577,LOF,0.030297396463774433,0.12254960450691961,0.847152999029306
25578,LOF,0.31153492125544274,0.07598389491142095,0.6124811838331362
25579,LOF,0.12942580910966886,0.08180457779805524,0.7887696130922759
25580,LOF,0.018213189626403236,0.07904555108274247,0.9027412592908544
25581,LOF,0.05815887672873373,0.06351607070305615,0.8783250525682101
25582,LOF,0.05810347287566932,0.06236213035588721,0.8795343967684435
25583,LOF,0.01898518719907527,0.08118700166699315,0.8998278111339315
25584,Neutral,0.6804829264384478,0.10035523046512221,0.21916184309643005
25585,LOF,0.0271633965052223,0.1262122524519555,0.8466243510428222
25586,LOF,0.01663376192818621,0.06724111348571643,0.9161251245860974
25587,LOF,0.01664261512953575,0.06174129381011488,0.9216160910603493
25588,LOF,0.018933434599131053,0.07192497069730336,0.9091415947035657
25589,Neutral,0.5264399403384785,0.19718141863895103,0.2763786410225705
25590,LOF,0.049824158259199766,0.11560411088946876,0.8345717308513314
25591,LOF,0.09959801834695536,0.05354144586416267,0.846860535788882
25592,LOF,0.05249616940771123,0.13177189048747304,0.8157319401048156
25593,LOF,0.14090998149800646,0.25552563356369773,0.6035643849382958
25594,LOF,0.05531835439614367,0.1129806321402088,0.8317010134636476
25595,LOF,0.055781073862785156,0.08144310576570585,0.862775820371509
25596,LOF,0.11422267083750531,0.04610355082413027,0.8396737783383643
25597,LOF,0.0839246368833274,0.05875472762080741,0.8573206354958652
25598,LOF,0.05507636067850851,0.08761506011980438,0.8573085792016871
25599,GOF,0.022004126699251583,0.49244300659978985,0.4855528667009587
25600,GOF,0.17757611762907421,0.4822700540388365,0.3401538283320892
25601,LOF,0.043040841636819996,0.40696914687767866,0.5499900114855014
25602,LOF,0.031507450051929314,0.06906178819947376,0.8994307617485969
25603,LOF,0.027515387250002424,0.03809460958200346,0.9343900031679941
25604,LOF,0.030475735530510358,0.08032459527346875,0.8891996691960209
25605,LOF,0.0319675404850735,0.20970850686197548,0.758323952652951
25606,LOF,0.3881904818533969,0.1146103178998744,0.4971992002467287
25607,LOF,0.02391712810812776,0.20191795387637784,0.7741649180154943
25608,LOF,0.032506639266276297,0.0740415747317086,0.893451786002015
25609,GOF,0.15564226541809925,0.5011396301018518,0.34321810448004897
25610,LOF,0.015658503832493793,0.027787100566814247,0.956554395600692
25611,LOF,0.013243917474871298,0.030551553725158363,0.9562045287999704
25612,LOF,0.05105884227361271,0.049565448359802394,0.8993757093665848
25613,LOF,0.04890987846914551,0.04972778685707767,0.9013623346737769
25614,LOF,0.02073443355441766,0.027228166044744574,0.9520374004008378
25615,LOF,0.04919213092734295,0.04559249863844652,0.9052153704342105
25616,LOF,0.04636359686714672,0.030234557428653844,0.9234018457041996
25617,LOF,0.04130121274284479,0.04050282719169791,0.9181959600654572
25618,LOF,0.04963686353717278,0.03508821867431854,0.9152749177885088
25619,LOF,0.013302930535248055,0.03402299552544165,0.9526740739393104
25620,LOF,0.06162045371344013,0.04566390769783933,0.8927156385887206
25621,LOF,0.054684078560648094,0.03958537620191311,0.9057305452374387
25622,LOF,0.062474864655007775,0.03676567200751271,0.9007594633374796
25623,LOF,0.07207205185763835,0.030162181752351653,0.89776576639001
25624,LOF,0.018549672908253847,0.03392126368048269,0.9475290634112634
25625,LOF,0.0649328723814077,0.04299999498038717,0.8920671326382053
25626,LOF,0.048408851530457354,0.04816956078205159,0.9034215876874911
25627,Neutral,0.894077732833414,0.017548899498760696,0.0883733676678255
25628,LOF,0.13291418128952304,0.05779756705355333,0.8092882516569235
25629,LOF,0.06282088068158895,0.04402342513361338,0.8931556941847978
25630,LOF,0.27495510851228305,0.07244972458326941,0.6525951669044475
25631,Neutral,0.5609140205567158,0.05989230978124014,0.379193669662044
25632,LOF,0.026919579835727684,0.06920473030224927,0.903875689862023
25633,LOF,0.1867182445885877,0.033384967417526105,0.7798967879938861
25634,LOF,0.03512545087880263,0.0815452418768552,0.8833293072443421
25635,LOF,0.034958360484469674,0.04191898578482427,0.923122653730706
25636,LOF,0.035657396724129625,0.4437558715836113,0.520586731692259
25637,GOF,0.06721803248740013,0.47681838575645064,0.45596358175614926
25638,LOF,0.030943621416144877,0.2820865791125421,0.686969799471313
25639,LOF,0.0304739926364679,0.3227922397786786,0.6467337675848533
25640,Neutral,0.8152105823524962,0.1407758482503232,0.04401356939718056
25641,GOF,0.06379090347621957,0.49543693085548485,0.4407721656682955
25642,LOF,0.038327493369742595,0.17746332203615847,0.7842091845940988
25643,LOF,0.22253959259145628,0.17747683502793285,0.599983572380611
25644,LOF,0.02371781286052494,0.44503631174416536,0.5312458753953097
25645,LOF,0.025691135769032272,0.38956554291077417,0.5847433213201936
25646,LOF,0.06535184560892553,0.3040421041956968,0.6306060501953776
25647,LOF,0.0281511095822651,0.24279452342162822,0.7290543669961066
25648,LOF,0.036219131726236496,0.22482972190123066,0.7389511463725329
25649,LOF,0.0184017381828264,0.22192943550949187,0.7596688263076817
25650,LOF,0.055310255557325744,0.3913419017766527,0.5533478426660217
25651,LOF,0.01884867413926766,0.24249554124941136,0.7386557846113211
25652,LOF,0.03645398824623417,0.23347885848198552,0.7300671532717803
25653,LOF,0.09263839548926803,0.37038001325384956,0.5369815912568823
25654,LOF,0.02865489517464366,0.19971877671618232,0.771626328109174
25655,LOF,0.24396755160662767,0.37415438144174284,0.38187806695162946
25656,LOF,0.2639699970991449,0.049707975513826365,0.6863220273870286
25657,LOF,0.059294437980762754,0.06288003471047224,0.877825527308765
25658,LOF,0.34816272094874456,0.06608918490194551,0.5857480941493098
25659,Neutral,0.5289442138397666,0.09821299320333612,0.3728427929568972
25660,LOF,0.021680306521247885,0.08818146854017515,0.8901382249385769
25661,LOF,0.0901491871625507,0.05953194414402316,0.8503188686934261
25662,LOF,0.032015468134582364,0.03421190676879831,0.9337726250966193
25663,LOF,0.03968874606584231,0.046969878751641526,0.9133413751825162
25664,LOF,0.1372775202050737,0.06735151369195742,0.7953709661029689
25665,LOF,0.056061021832114165,0.03111042701668903,0.9128285511511968
25666,LOF,0.08796970007798512,0.08011319434801575,0.8319171055739992
25667,LOF,0.06853438570471328,0.0370970306020829,0.8943685836932038
25668,LOF,0.034625902756587404,0.04792844895311365,0.9174456482902991
25669,LOF,0.02953238733409558,0.0518829484297358,0.9185846642361686
25670,LOF,0.13779765096107716,0.06004606912071673,0.8021562799182061
25671,LOF,0.10077159993086855,0.03474766045849413,0.8644807396106373
25672,LOF,0.053603169547774554,0.04055370772529013,0.9058431227269352
25673,LOF,0.07797888915134929,0.05065165983429279,0.871369451014358
25674,LOF,0.06637751304807743,0.059004424525042565,0.8746180624268801
25675,LOF,0.12026218855156223,0.05596583045105691,0.8237719809973808
25676,LOF,0.017980844268178146,0.05365956857560688,0.928359587156215
25677,LOF,0.02354964162240504,0.06997014014089134,0.9064802182367035
25678,LOF,0.1991267594542854,0.061810116390289487,0.7390631241554252
25679,LOF,0.11857781611507101,0.0766424197921319,0.8047797640927972
25680,LOF,0.030069506495557122,0.11360536643488155,0.8563251270695613
25681,LOF,0.04837534827359004,0.10417854232261345,0.8474461094037966
25682,LOF,0.12981129512682235,0.0753525722149221,0.7948361326582555
25683,LOF,0.1091990703967673,0.08880769154573413,0.8019932380574986
25684,LOF,0.03999379011618752,0.07224847707643199,0.8877577328073806
25685,LOF,0.11934754927395812,0.049154492471420716,0.8314979582546211
25686,LOF,0.07219603890014072,0.08488981468063139,0.842914146419228
25687,LOF,0.11390767157485708,0.09517703003690706,0.7909152983882358
25688,LOF,0.3130920324443255,0.03631731923731156,0.6505906483183629
25689,LOF,0.22919224864953158,0.03776771567367495,0.7330400356767935
25690,LOF,0.33782245268475397,0.030938061596024538,0.6312394857192215
25691,Neutral,0.6928215138913797,0.024580917528565685,0.2825975685800546
25692,LOF,0.32202438039416276,0.012189958979880726,0.6657856606259566
25693,LOF,0.048672289876630984,0.451017078653411,0.500310631469958
25694,LOF,0.11531602672305867,0.017799902178542094,0.8668840710983992
25695,LOF,0.11166924581109038,0.01912104681233346,0.8692097073765761
25696,LOF,0.10186184102420429,0.010193444035022687,0.887944714940773
25697,LOF,0.1200106906633349,0.03622932352283851,0.8437599858138266
25698,LOF,0.3648300784566889,0.20431462799045164,0.43085529355285956
25699,LOF,0.44071277943889137,0.03706094080620665,0.522226279754902
25700,LOF,0.05993914979559774,0.008074554584816455,0.9319862956195858
25701,LOF,0.1521752338139418,0.04916319722555307,0.798661568960505
25702,GOF,0.17942759231327332,0.5449791376386411,0.27559327004808565
25703,LOF,0.01764897846971488,0.1670556521087414,0.8152953694215437
25704,LOF,0.04703612826365413,0.11958508998819328,0.8333787817481525
25705,LOF,0.06369475175101866,0.17634602706787336,0.7599592211811079
25706,LOF,0.10047510419041408,0.4331506115316486,0.46637428427793737
25707,LOF,0.09714643529784538,0.33091426472731855,0.5719392999748362
25708,LOF,0.03265499805332695,0.29782044883152486,0.6695245531151482
25709,LOF,0.06226285618975185,0.03974847884719742,0.8979886649630507
25710,LOF,0.012870538022748573,0.12936779032879,0.8577616716484615
25711,LOF,0.01783583826211992,0.09042521186384112,0.8917389498740389
25712,LOF,0.015171814430524934,0.18091191456493197,0.8039162710045432
25713,LOF,0.01849255669741817,0.07794095641019379,0.903566486892388
25714,LOF,0.06915011840235882,0.07464467946728562,0.8562052021303554
25715,LOF,0.010686234978050668,0.13845142855935044,0.8508623364625988
25716,LOF,0.014706185821314263,0.11333976060619584,0.8719540535724899
25717,LOF,0.014079976192674414,0.07472479621462841,0.9111952275926972
25718,LOF,0.012382072466016822,0.09001005507671875,0.8976078724572645
25719,LOF,0.017505620724996396,0.07768469132226642,0.9048096879527371
25720,LOF,0.022333329799021848,0.0646968463364558,0.9129698238645223
25721,LOF,0.015124336009423206,0.11181315606912748,0.8730625079214493
25722,LOF,0.01352936049502474,0.1257353714490172,0.860735268055958
25723,LOF,0.021297270646598098,0.043790229488887104,0.9349124998645147
25724,LOF,0.022893613224877086,0.07672987339524955,0.9003765133798733
25725,LOF,0.01150835954521034,0.0648748537114609,0.9236167867433287
25726,LOF,0.015036101367854332,0.09959788903601331,0.8853660095961324
25727,LOF,0.012870104101105275,0.07109725041684954,0.9160326454820452
25728,LOF,0.009514500990744437,0.10525075956611223,0.8852347394431433
25729,LOF,0.00998732608548708,0.1025008127735452,0.8875118611409677
25730,LOF,0.013403487964445477,0.08079788987506706,0.9057986221604876
25731,LOF,0.02024396246592309,0.11095682089657222,0.8687992166375047
25732,LOF,0.014697008632739319,0.07484345353967488,0.9104595378275857
25733,LOF,0.015800660948083654,0.06597761846763774,0.9182217205842786
25734,LOF,0.012335592463748478,0.12101322004841882,0.8666511874878328
25735,LOF,0.013583151740122318,0.08056651026600226,0.9058503379938754
25736,LOF,0.014097741276926893,0.10592746298967907,0.8799747957333941
25737,LOF,0.021415353891404504,0.07913507160067829,0.8994495745079172
25738,LOF,0.012398319539328684,0.10054408872089682,0.8870575917397745
25739,LOF,0.020911278018436976,0.07437061708010334,0.9047181049014598
25740,LOF,0.02782474162932062,0.09965339521305944,0.8725218631576199
25741,LOF,0.015125639788752383,0.10664300070347292,0.8782313595077748
25742,LOF,0.11742094244380558,0.07497810392626596,0.8076009536299286
25743,LOF,0.032443879145561176,0.03458242970886584,0.9329736911455729
25744,Neutral,0.6279658050447986,0.18624980965660537,0.18578438529859598
25745,LOF,0.07884248539973933,0.06745565515302084,0.8537018594472399
25746,LOF,0.04260680715977555,0.08444380148948398,0.8729493913507405
25747,LOF,0.021796582446425027,0.04417630306999072,0.9340271144835841
25748,LOF,0.09670298487102663,0.06694030929968414,0.8363567058292892
25749,LOF,0.027253613710025448,0.08022584671600963,0.8925205395739649
25750,LOF,0.08200350277160813,0.08247940792850686,0.8355170892998851
25751,LOF,0.08301424622418209,0.06463689542923853,0.8523488583465794
25752,GOF,0.11573474073915077,0.6535510891880919,0.23071417007275727
25753,LOF,0.021556070770512418,0.28680343625999655,0.6916404929694911
25754,GOF,0.010444521074103326,0.7966333682735035,0.19292211065239315
25755,LOF,0.022617297343019534,0.38753043423263,0.5898522684243505
25756,LOF,0.041037945556274005,0.38300008872549524,0.5759619657182309
25757,GOF,0.013592722105130295,0.8459336040463444,0.14047367384852535
25758,GOF,0.026698593519427147,0.8197580128822514,0.1535433935983216
25759,GOF,0.011774627974486248,0.5767370738903269,0.4114882981351869
25760,LOF,0.012761379162681441,0.24620839694761687,0.7410302238897017
25761,GOF,0.2509658435029102,0.6573405973172675,0.09169355917982239
25762,LOF,0.0348165361026186,0.27539913780545977,0.6897843260919216
25763,LOF,0.013234163283979337,0.20803397952399474,0.7787318571920259
25764,GOF,0.07265242883776962,0.6449073934192839,0.28244017774294644
25765,GOF,0.03999777017244155,0.7495128226198515,0.2104894072077069
25766,GOF,0.07032623771644216,0.7311470828602026,0.19852667942335517
25767,GOF,0.15063262510100695,0.5645489385892583,0.2848184363097348
25768,LOF,0.09835706492903244,0.06632948483893862,0.835313450232029
25769,LOF,0.07567213719216513,0.06282193291581083,0.8615059298920241
25770,LOF,0.28123772885040654,0.08736347904055147,0.631398792109042
25771,LOF,0.04002949735357697,0.0456331855536098,0.9143373170928133
25772,LOF,0.016941983049973023,0.03345777553404613,0.9496002414159808
25773,LOF,0.049642490242322646,0.09137904345071547,0.858978466306962
25774,LOF,0.030628603976326618,0.06784964527253089,0.9015217507511425
25775,LOF,0.04714389168029191,0.042482021438921436,0.9103740868807867
25776,LOF,0.06738172837675226,0.024411913685566892,0.9082063579376808
25777,LOF,0.35838304765584267,0.049917556046249485,0.5916993962979078
25778,LOF,0.06921669260644503,0.0468763578789155,0.8839069495146396
25779,GOF,0.40392639231510735,0.5535209174300987,0.04255269025479393
25780,GOF,0.31225183035069765,0.6119738565549386,0.0757743130943637
25781,GOF,0.15499659933594695,0.7424515143612069,0.10255188630284612
25782,GOF,0.2324750368096547,0.695994376093628,0.07153058709671735
25783,GOF,0.02466325498335436,0.6185327919530036,0.35680395306364204
25784,Neutral,0.5254507531127025,0.43533391581321806,0.03921533107407943
25785,GOF,0.4653992037393216,0.4914221618767479,0.043178634383930437
25786,GOF,0.028276709466451305,0.7346114464818634,0.23711184405168545
25787,Neutral,0.6614531709795649,0.31163290008992495,0.026913928930510055
25788,LOF,0.054857021051710274,0.09888070670425597,0.8462622722440338
25789,GOF,0.2432974003880181,0.6259020532877531,0.13080054632422883
25790,GOF,0.2387156635080784,0.6332904459167371,0.12799389057518454
25791,GOF,0.16092927584746017,0.6531167151616625,0.18595400899087738
25792,GOF,0.3565774338809321,0.5055441822365924,0.13787838388247545
25793,GOF,0.2563096416731919,0.5004257541039058,0.2432646042229023
25794,GOF,0.3060666560376223,0.5142774777354917,0.1796558662268861
25795,GOF,0.09799460558009424,0.6741942089845306,0.22781118543537512
25796,Neutral,0.5658334444514057,0.35448972341726476,0.07967683213132956
25797,GOF,0.08985846049071063,0.5339016459936933,0.37623989351559617
25798,LOF,0.009278821065125863,0.4554511546385155,0.5352700242963586
25799,LOF,0.0074950252971565205,0.35101225977267386,0.6414927149301696
25800,GOF,0.03995665122783681,0.5616585783337614,0.3983847704384017
25801,GOF,0.2114122722224295,0.6444707088063099,0.14411701897126072
25802,GOF,0.07963964000687578,0.6563307525869723,0.264029607406152
25803,GOF,0.036121910928440595,0.5540418670987494,0.4098362219728101
25804,LOF,0.03263602575861808,0.45316222158030917,0.5142017526610727
25805,GOF,0.11054870955473423,0.5646901165690114,0.32476117387625447
25806,GOF,0.10813179275770733,0.553293010081375,0.33857519716091766
25807,GOF,0.017734976787949507,0.5997893211248227,0.3824757020872278
25808,GOF,0.08637441914600857,0.6278178754922146,0.28580770536177674
25809,GOF,0.01725914328014621,0.5462541922595833,0.43648666446027046
25810,GOF,0.016759896586559065,0.5763834405807244,0.40685666283271643
25811,Neutral,0.45544814295163555,0.4526729153823121,0.09187894166605255
25812,GOF,0.032788033182252534,0.6138844947856709,0.35332747203207665
25813,Neutral,0.5142082113189118,0.38897121129125395,0.09682057738983427
25814,GOF,0.12328953088104104,0.6329184358063076,0.24379203331265145
25815,GOF,0.20088319305908303,0.6140140531172568,0.18510275382366023
25816,GOF,0.021613623844944783,0.6888655819770185,0.2895207941780368
25817,GOF,0.23980446692239737,0.625628717315804,0.13456681576179857
25818,GOF,0.057274495858848286,0.6622011006572505,0.28052440348390134
25819,GOF,0.37396176169944373,0.4906168233452751,0.13542141495528115
25820,GOF,0.20331654549554123,0.5925222087122641,0.20416124579219466
25821,GOF,0.060992089692519194,0.6616467455198201,0.2773611647876606
25822,GOF,0.21085732322013234,0.5686486208135675,0.22049405596630017
25823,GOF,0.03508100743012906,0.5020019174858762,0.46291707508399477
25824,GOF,0.08700524582610526,0.5873179623345784,0.3256767918393162
25825,GOF,0.03673424942059703,0.5788904390348496,0.38437531154455323
25826,GOF,0.015590470913606195,0.5546082167640273,0.42980131232236646
25827,GOF,0.025361812995651156,0.5763154547322881,0.3983227322720608
25828,LOF,0.014232864474527703,0.4854723195567529,0.5002948159687194
25829,GOF,0.005889018612033705,0.5464901269834292,0.447620854404537
25830,LOF,0.03601534565641379,0.2801097382490844,0.6838749160945018
25831,GOF,0.23615261799533624,0.6378127367277376,0.12603464527692615
25832,GOF,0.03665251221056092,0.6906690794608057,0.27267840832863344
25833,GOF,0.1481330781966506,0.6945885988287327,0.15727832297461672
25834,GOF,0.03782915900582038,0.7053620907099183,0.25680875028426137
25835,GOF,0.08176360884200773,0.7473379731405599,0.17089841801743236
25836,GOF,0.040341116133568715,0.6709716034676583,0.288687280398773
25837,GOF,0.026002805231449707,0.5382384926327973,0.43575870213575296
25838,GOF,0.10276425897470093,0.7508956088850424,0.14634013214025676
25839,GOF,0.3081831632316294,0.5489321435846289,0.14288469318374164
25840,GOF,0.25535716657197544,0.5935778991174944,0.15106493431053014
25841,GOF,0.24886516796054328,0.6200399763005968,0.13109485573885998
25842,GOF,0.1886007315043914,0.6981951444916283,0.11320412400398015
25843,GOF,0.2583947477083447,0.6584655328101706,0.0831397194814847
25844,GOF,0.0810066200619379,0.7106000878739838,0.20839329206407825
25845,LOF,0.016466340682361278,0.4545017942540824,0.5290318650635564
25846,GOF,0.14694688475361367,0.7152891060080642,0.13776400923832205
25847,GOF,0.1250073868486578,0.7760706351769241,0.09892197797441804
25848,GOF,0.03995809256458786,0.6829911604222115,0.27705074701320054
25849,GOF,0.011457207009330875,0.5384752197069036,0.4500675732837655
25850,GOF,0.02085006422564905,0.6281605112286278,0.35098942454572307
25851,GOF,0.018388626003688843,0.49443773928570445,0.4871736347106067
25852,GOF,0.1664269627096392,0.5173583657977896,0.31621467149257126
25853,GOF,0.36184044672201704,0.5596164589301019,0.078543094347881
25854,GOF,0.022279590863622276,0.5716745380368156,0.4060458710995622
25855,GOF,0.040194622856192894,0.5523697072032051,0.40743566994060204
25856,GOF,0.264566096853428,0.5131603486855951,0.2222735544609769
25857,LOF,0.042658000817026434,0.4773306759310343,0.4800113232519394
25858,GOF,0.020541930268464337,0.5109622875498958,0.4684957821816399
25859,LOF,0.010467770594773556,0.4780213004469127,0.5115109289583136
25860,GOF,0.3753357020655988,0.53681317780013,0.0878511201342711
25861,GOF,0.4350222961403428,0.4747186682080387,0.09025903565161845
25862,GOF,0.08488897636003159,0.7717992712920859,0.14331175234788257
25863,GOF,0.08714476458160139,0.765752324244524,0.14710291117387447
25864,GOF,0.21604439317046575,0.7135330576031226,0.07042254922641158
25865,GOF,0.10090649689066479,0.7851071043514144,0.1139863987579209
25866,GOF,0.06741286207112378,0.7696526599506418,0.16293447797823438
25867,GOF,0.09488096557750691,0.7948929270275554,0.11022610739493774
25868,GOF,0.2420598651044917,0.6464907616759181,0.11144937321959
25869,Neutral,0.7196928848913232,0.23397428597409936,0.04633282913457747
25870,GOF,0.28375005947128495,0.375613577404358,0.340636363124357
25871,GOF,0.24705652779103549,0.6001689655195988,0.1527745066893657
25872,GOF,0.08709243046987425,0.6244032896132207,0.288504279916905
25873,GOF,0.12227423643671484,0.6564729481386754,0.22125281542460973
25874,LOF,0.01490478366240518,0.10528470299334097,0.879810513344254
25875,LOF,0.10641119714185379,0.042223597326250355,0.8513652055318958
25876,LOF,0.03734783439458709,0.026941188900397487,0.9357109767050156
25877,Neutral,0.5060535150060179,0.04589036091169326,0.4480561240822888
25878,LOF,0.2063997141945032,0.09403704069597917,0.6995632451095176
25879,LOF,0.09039999701139793,0.09497446311143833,0.8146255398771637
25880,LOF,0.04180951155102229,0.014683420338736408,0.9435070681102412
25881,LOF,0.16690652529927216,0.11111926329774773,0.7219742114029801
25882,LOF,0.057830295568648,0.017341645421015774,0.9248280590103363
25883,LOF,0.06556598588881674,0.019618953778492237,0.914815060332691
25884,LOF,0.031186142530720325,0.03019561657233398,0.9386182408969456
25885,LOF,0.05726496776130096,0.012022672530369306,0.9307123597083298
25886,LOF,0.25498850057444544,0.037722937906720454,0.7072885615188341
25887,LOF,0.14242272114161475,0.06939121544367109,0.7881860634147142
25888,LOF,0.0651420976157542,0.05413496036648225,0.8807229420177635
25889,LOF,0.04084274004579759,0.020307112715986047,0.9388501472382162
25890,LOF,0.04059350842796288,0.15571616875630515,0.8036903228157319
25891,LOF,0.03774754393483886,0.053208797768689566,0.9090436582964716
25892,LOF,0.08795553642832123,0.02126266993362802,0.8907817936380508
25893,LOF,0.25352469220675894,0.018458057924540753,0.7280172498687003
25894,LOF,0.1684739310201888,0.010774335419869016,0.8207517335599421
25895,LOF,0.19202743573005399,0.020579411385084807,0.7873931528848612
25896,LOF,0.0523634803735625,0.020909017989316266,0.9267275016371213
25897,LOF,0.26810605520116365,0.010799924371575469,0.721094020427261
25898,Neutral,0.7096599843939747,0.009163368927564712,0.28117664667846054
25899,LOF,0.22065013410477138,0.019929650475206638,0.759420215420022
25900,LOF,0.4560203487048868,0.013773643692564511,0.5302060076025487
25901,LOF,0.05417573499386015,0.012863869749113225,0.9329603952570267
25902,LOF,0.15592048741967518,0.01492462890464663,0.8291548836756782
25903,Neutral,0.5757727497761932,0.02591032234073052,0.3983169278830763
25904,LOF,0.31894059103951855,0.044307295129037715,0.6367521138314437
25905,LOF,0.028754761359301387,0.31172897469944827,0.6595162639412504
25906,LOF,0.031100951954867034,0.08088934525403713,0.8880097027910958
25907,LOF,0.013907891659076384,0.33478065090246834,0.6513114574384552
25908,LOF,0.010106320503584645,0.25729760110678274,0.7325960783896327
25909,LOF,0.01302928067379629,0.1373223975506011,0.8496483217756027
25910,LOF,0.04607538768648195,0.13128164972436807,0.8226429625891499
25911,LOF,0.19560973378484706,0.018509143088723264,0.7858811231264297
25912,LOF,0.051363392890196646,0.03826516980004574,0.9103714373097576
25913,LOF,0.3519571301916727,0.019316675653524323,0.6287261941548029
25914,LOF,0.018486148863299974,0.06022454086249554,0.9212893102742046
25915,Neutral,0.5734147118425168,0.1621682246278065,0.2644170635296768
25916,LOF,0.08867925692010516,0.22031948797170056,0.6910012551081942
25917,LOF,0.06588960396902327,0.04771053281080577,0.886399863220171
25918,LOF,0.021124481639936746,0.038402800952252666,0.9404727174078107
25919,LOF,0.017992398024403222,0.04050400389487793,0.9415035980807188
25920,GOF,0.10094345762368456,0.5574237980267738,0.3416327443495418
25921,LOF,0.024477930677884868,0.025335815919596466,0.9501862534025187
25922,LOF,0.03542107374944465,0.020767309944907924,0.9438116163056474
25923,LOF,0.43739577433869964,0.027012600395983754,0.5355916252653166
25924,LOF,0.03695319996197949,0.03583073419165837,0.9272160658463622
25925,LOF,0.06723035951622666,0.03174478900926557,0.9010248514745077
25926,LOF,0.049490557520404585,0.027719110560381104,0.9227903319192143
25927,LOF,0.057841943584622635,0.11610469710978052,0.8260533593055969
25928,LOF,0.018014407355260914,0.03809132013381888,0.9438942725109201
25929,Neutral,0.5517505610593958,0.02883479067587871,0.4194146482647254
25930,LOF,0.06643754641576322,0.02396442536544002,0.9095980282187968
25931,LOF,0.02590194177903722,0.022794746191752254,0.9513033120292105
25932,LOF,0.02713360212026399,0.02065994309627738,0.9522064547834587
25933,LOF,0.03747334775050071,0.016196146006722336,0.9463305062427768
25934,LOF,0.024110571114894532,0.016770727094554086,0.9591187017905514
25935,LOF,0.05971310455505419,0.03741390624409801,0.9028729892008477
25936,LOF,0.04496215785103135,0.01808837562433109,0.9369494665246375
25937,LOF,0.027809725389269256,0.029472548365517978,0.9427177262452128
25938,LOF,0.0634243401184968,0.041964849270219706,0.8946108106112834
25939,LOF,0.03749042483892108,0.015451131823821991,0.9470584433372569
25940,LOF,0.029693300737912685,0.3698458708018186,0.6004608284602687
25941,LOF,0.18646834186551395,0.11354957269569127,0.6999820854387947
25942,LOF,0.013690086980118256,0.03446551485082338,0.9518443981690583
25943,LOF,0.2916945106495208,0.058744840100971536,0.6495606492495076
25944,LOF,0.48617171860481223,0.02538782229700689,0.48844045909818096
25945,LOF,0.076629206259496,0.02280660724067374,0.9005641864998302
25946,LOF,0.031690570375210884,0.11119996439640342,0.8571094652283857
25947,LOF,0.10033193580716701,0.22356469441745286,0.6761033697753801
25948,LOF,0.36956002885980876,0.00791174679152456,0.6225282243486666
25949,LOF,0.11875001212858127,0.03618499508073677,0.8450649927906818
25950,GOF,0.3132164052228083,0.3722652810288672,0.3145183137483246
25951,LOF,0.23948101791307475,0.2678698321611305,0.4926491499257948
25952,LOF,0.04397753491361546,0.47174775025390286,0.48427471483248175
25953,LOF,0.1620475152869517,0.10484985947193518,0.7331026252411131
25954,Neutral,0.46938345888739974,0.17904773218372644,0.3515688089288739
25955,LOF,0.050071405550223054,0.08243364570371237,0.8674949487460646
25956,LOF,0.17684649822986817,0.11256954125681762,0.7105839605133141
25957,LOF,0.039448200061024015,0.02935604218339406,0.9311957577555818
25958,LOF,0.057136970998091965,0.0295679345406472,0.9132950944612608
25959,LOF,0.06980119683347114,0.38036982821293075,0.5498289749535981
25960,LOF,0.01562805573841381,0.05539580832071588,0.9289761359408704
25961,LOF,0.04271208676942159,0.030718234907566307,0.9265696783230122
25962,LOF,0.05187395240656783,0.02603646842549773,0.9220895791679345
25963,LOF,0.04741604311010131,0.19413942387808622,0.7584445330118125
25964,LOF,0.031019399323939024,0.1489779656929366,0.8200026349831244
25965,LOF,0.45248803220605366,0.06829635023541357,0.47921561755853287
25966,Neutral,0.5363367153038837,0.17618619210625835,0.2874770925898579
25967,LOF,0.020038104398092563,0.10606370101871937,0.873898194583188
25968,LOF,0.02494987397352643,0.4142172207262891,0.5608329053001845
25969,LOF,0.032128945174560886,0.056482591769776186,0.9113884630556629
25970,LOF,0.060252318156667276,0.08233096446348699,0.8574167173798457
25971,LOF,0.059094762708412046,0.022180650278035025,0.9187245870135529
25972,LOF,0.06591991721012629,0.029898209030449718,0.904181873759424
25973,LOF,0.0656448290280273,0.010043627010095674,0.9243115439618771
25974,LOF,0.2007548511932381,0.01593228534719363,0.7833128634595682
25975,LOF,0.04136124254847637,0.025227653325902887,0.9334111041256207
25976,LOF,0.04173370731980681,0.01596916256577904,0.9422971301144142
25977,LOF,0.14314784493613864,0.08976986978514205,0.7670822852787194
25978,LOF,0.1420190792274674,0.06005647859152889,0.7979244421810038
25979,LOF,0.1296586500721869,0.06135442307036825,0.8089869268574448
25980,LOF,0.20922436929374513,0.07565413845735622,0.7151214922488988
25981,LOF,0.24262169181013502,0.07368044103375543,0.6836978671561096
25982,LOF,0.40238567094239946,0.04847109849643794,0.5491432305611627
25983,LOF,0.38324065985832745,0.056880267265209394,0.5598790728764632
25984,LOF,0.049279198494520386,0.04765502225623904,0.9030657792492405
25985,LOF,0.04028071573147375,0.25226159037037027,0.7074576938981559
25986,LOF,0.04274034246076295,0.2937821722925283,0.6634774852467089
25987,LOF,0.09201593940336301,0.06273761548275344,0.8452464451138836
25988,LOF,0.1634335416107755,0.058432888162735515,0.778133570226489
25989,LOF,0.03694503312994859,0.12571506339948607,0.8373399034705653
25990,LOF,0.045861873299582044,0.15716690081242085,0.7969712258879972
25991,LOF,0.12019578160975343,0.2969367556150741,0.5828674627751725
25992,LOF,0.32085726396527064,0.17438376490640511,0.5047589711283242
25993,LOF,0.021217982695011236,0.08280111451694194,0.8959809027880468
25994,LOF,0.01575131236032655,0.10649579381493979,0.8777528938247336
25995,LOF,0.02150653131592916,0.2269029386671936,0.7515905300168773
25996,GOF,0.31284845823766594,0.44585695655265983,0.24129458520967428
25997,LOF,0.07735177933941391,0.4143859993891763,0.5082622212714099
25998,Neutral,0.49745660747790693,0.026181922433938905,0.47636147008815416
25999,LOF,0.10181875658847192,0.0868946335196323,0.8112866098918957
26000,LOF,0.15089763373295995,0.0457535641347712,0.8033488021322689
26001,LOF,0.191046835859702,0.05180652040391398,0.7571466437363841
26002,LOF,0.13573986009517353,0.050549495660902194,0.8137106442439243
26003,GOF,0.009958481181056661,0.5875898965302189,0.40245162228872433
26004,GOF,0.01844358136861411,0.6772613907911321,0.3042950278402538
26005,LOF,0.006630116698371808,0.46699591081031944,0.5263739724913087
26006,Neutral,0.5095884685480977,0.25812572340257417,0.2322858080493282
26007,GOF,0.018816731918015372,0.5429392240968012,0.43824404398518346
26008,GOF,0.014505477408286583,0.6117696040709231,0.37372491852079015
26009,GOF,0.019127915519801662,0.6943196537606375,0.2865524307195609
26010,GOF,0.020408608570782548,0.6498828438513362,0.32970854757788126
26011,LOF,0.0063542357453321005,0.4575677553096962,0.5360780089449716
26012,GOF,0.011612963871657353,0.5640746750876788,0.4243123610406639
26013,GOF,0.019170971754607802,0.6257444107850525,0.3550846174603398
26014,LOF,0.038343954952956304,0.09271023244000978,0.8689458126070339
26015,LOF,0.18579472036159342,0.012598819016435133,0.8016064606219715
26016,LOF,0.20125203922621826,0.052414075529563085,0.7463338852442187
26017,LOF,0.23099499387341033,0.07921892086210203,0.6897860852644877
26018,LOF,0.08099230224805233,0.031643737657452535,0.8873639600944951
26019,LOF,0.07691788241702757,0.025417907458499495,0.8976642101244728
26020,LOF,0.06613209243337066,0.09596690973117711,0.8379009978354522
26021,LOF,0.043484558540859565,0.10108186390489048,0.85543357755425
26022,LOF,0.011050735677724967,0.03288511826002082,0.9560641460622542
26023,LOF,0.06948131535834674,0.018483697834333054,0.9120349868073201
26024,LOF,0.028103228507009623,0.10878264706537125,0.8631141244276191
26025,LOF,0.1471936974593568,0.08086926584882682,0.7719370366918165
26026,LOF,0.32016564647328305,0.02518278909213104,0.654651564434586
26027,LOF,0.06130978446736764,0.014635089695538913,0.9240551258370934
26028,LOF,0.17843575654490304,0.06366290311139376,0.7579013403437032
26029,LOF,0.07027436541080485,0.21978857960304551,0.7099370549861498
26030,LOF,0.022656495835024996,0.061628635049742815,0.9157148691152323
26031,LOF,0.02776696229410393,0.16393966816159594,0.8082933695443002
26032,LOF,0.06388656599261962,0.0969578138570691,0.8391556201503113
26033,LOF,0.0783195498965159,0.09177088680233986,0.8299095633011443
26034,LOF,0.04326238377659678,0.19863883399525029,0.7580987822281529
26035,LOF,0.02767900882137646,0.175590471938007,0.7967305192406166
26036,LOF,0.04198911748127249,0.20790453823109606,0.7501063442876315
26037,LOF,0.022806324165773207,0.14091388652709655,0.8362797893071303
26038,LOF,0.05885153149345956,0.0984033688958373,0.8427450996107032
26039,LOF,0.05029447500125611,0.17836281343486068,0.7713427115638832
26040,LOF,0.19590213497218428,0.14869936177386261,0.6553985032539531
26041,LOF,0.023264680679339577,0.1295135406940858,0.8472217786265747
26042,LOF,0.021816552160613376,0.12386767862298566,0.854315769216401
26043,LOF,0.05991190974691009,0.1179441641599953,0.8221439260930946
26044,LOF,0.019982268722390128,0.07910455102683303,0.9009131802507769
26045,LOF,0.07266424593330802,0.11638137039610782,0.8109543836705841
26046,LOF,0.053363426155429765,0.09439173597924222,0.8522448378653279
26047,LOF,0.07198613077889572,0.09751972093407449,0.8304941482870297
26048,LOF,0.04598932804263583,0.04529201712737502,0.9087186548299891
26049,Neutral,0.9695000911645159,0.007656080907283739,0.022843827928200416
26050,Neutral,0.9567849205139927,0.00979030632608173,0.033424773159925585
26051,LOF,0.049531679500417154,0.3008584625251566,0.6496098579744262
26052,LOF,0.06644230778608028,0.35662955543212477,0.5769281367817949
26053,LOF,0.0604776869560161,0.11983557017434181,0.819686742869642
26054,LOF,0.04968545460076117,0.01718990503121881,0.93312464036802
26055,LOF,0.06953463342721442,0.014732971564928943,0.9157323950078566
26056,LOF,0.05750619366160751,0.01593253635880619,0.9265612699795863
26057,LOF,0.030271434361537286,0.01333596205142303,0.9563926035870396
26058,LOF,0.0314042920682918,0.010577659391714966,0.9580180485399932
26059,LOF,0.2839296637558764,0.02056897053310347,0.6955013657110201
26060,LOF,0.04886050484268284,0.17143746516877545,0.7797020299885417
26061,LOF,0.019336836805151553,0.010579124553104946,0.9700840386417435
26062,LOF,0.011175367345478174,0.0161480368442209,0.9726765958103011
26063,LOF,0.021281486674351893,0.011865354699524714,0.9668531586261234
26064,LOF,0.02408667139502355,0.020438795761931233,0.9554745328430452
26065,LOF,0.025895575911199883,0.011145246860936384,0.9629591772278638
26066,LOF,0.022583594732862033,0.011266295460991492,0.9661501098061465
26067,LOF,0.026970142681048474,0.009165202296664626,0.9638646550222868
26068,LOF,0.04573716029811955,0.026365497093322574,0.9278973426085578
26069,LOF,0.2509185884026981,0.017819705766044355,0.7312617058312576
26070,LOF,0.38938201013736845,0.015540192097887337,0.5950777977647441
26071,LOF,0.021259517091299734,0.012365998408231103,0.9663744845004693
26072,LOF,0.02320004466277132,0.015212351033284346,0.9615876043039444
26073,LOF,0.020983471452606758,0.010518500906104438,0.9684980276412888
26074,Neutral,0.9114295389585998,0.005440121854269932,0.08313033918713035
26075,LOF,0.0460831962679015,0.014450021066445703,0.9394667826656529
26076,LOF,0.04031464224480012,0.009691183581043254,0.9499941741741567
26077,LOF,0.010203866704487594,0.014676200321971295,0.975119932973541
26078,LOF,0.014127071649009029,0.01103038189701214,0.9748425464539787
26079,LOF,0.06266373800538604,0.016585224100959257,0.9207510378936548
26080,LOF,0.06207565748891254,0.016590610000178172,0.9213337325109093
26081,LOF,0.034042864754126254,0.006571740144299906,0.9593853951015738
26082,LOF,0.013887292974539505,0.015549802881607119,0.9705629041438533
26083,LOF,0.19048497834979622,0.013207496304495869,0.7963075253457079
26084,LOF,0.04489223840413243,0.011611033413553481,0.9434967281823141
26085,LOF,0.040121448621769445,0.011048370714411018,0.9488301806638196
26086,LOF,0.020266731310609912,0.011593169325348256,0.9681400993640419
26087,LOF,0.02478267073669873,0.008547851975922992,0.9666694772873783
26088,LOF,0.017217765347820397,0.0234796125819644,0.9593026220702151
26089,LOF,0.042886762112736926,0.01992778243625043,0.9371854554510126
26090,LOF,0.04273940334538592,0.016258808252630697,0.9410017884019835
26091,LOF,0.034151182279642714,0.006378471801767176,0.95947034591859
26092,LOF,0.023431222585445124,0.008019598752307771,0.9685491786622472
26093,LOF,0.03497451452028417,0.005612415718802871,0.9594130697609131
26094,LOF,0.0375825832828697,0.006303633871264966,0.9561137828458655
26095,LOF,0.0398132444512604,0.012695512963344924,0.9474912425853946
26096,LOF,0.019289788515995047,0.010852410972542739,0.9698578005114621
26097,LOF,0.012052088123140728,0.029877629114366196,0.9580702827624931
26098,LOF,0.07958758104277153,0.010142429691521904,0.9102699892657065
26099,LOF,0.020913326884822166,0.01225439088576765,0.9668322822294102
26100,LOF,0.022904277982364444,0.012014498973942177,0.9650812230436934
26101,LOF,0.05006183439314091,0.014945907624648537,0.9349922579822105
26102,LOF,0.020828850291306295,0.012267316320908826,0.9669038333877849
26103,Neutral,0.881289808097521,0.01765811796503793,0.10105207393744106
26104,LOF,0.08190408827129594,0.0222031256260415,0.8958927861026624
26105,LOF,0.21043430568462132,0.2740829755410125,0.5154827187743661
26106,LOF,0.17647180936432214,0.11285619165391521,0.7106719989817626
26107,LOF,0.22420023743459463,0.08090019414320303,0.6948995684222022
26108,LOF,0.24847345746230817,0.09882272486130082,0.6527038176763911
26109,LOF,0.10564913396129241,0.0565811441787563,0.8377697218599514
26110,LOF,0.23150086433126943,0.007864942587662531,0.760634193081068
26111,Neutral,0.5074421524591834,0.027438727630400193,0.4651191199104163
26112,LOF,0.031419924732453995,0.008656633106776586,0.9599234421607694
26113,LOF,0.06468642342367457,0.019635387093305083,0.9156781894830203
26114,LOF,0.023696715381312784,0.027058815609017642,0.9492444690096695
26115,LOF,0.07712333077569089,0.057993214225334495,0.8648834549989747
26116,LOF,0.06315142996579715,0.0655915345951201,0.8712570354390826
26117,LOF,0.43048460450131354,0.03875558092147283,0.5307598145772137
26118,LOF,0.031411489157564754,0.026499087958399916,0.9420894228840352
26119,LOF,0.022470407504245834,0.03595124050245844,0.9415783519932959
26120,LOF,0.024865742801513872,0.01991882483281334,0.9552154323656727
26121,LOF,0.03961074382600063,0.07856389725787434,0.881825358916125
