feature0,prediction,LoGoFunc_Neutral,LoGoFunc_GOF,LoGoFunc_LOF
25546,Neutral,0.6798844668469984,0.05500433662388688,0.26511119652911463
25547,Neutral,0.49998990079591527,0.0968694046858018,0.40314069451828305
25548,Neutral,0.49910611753407835,0.07814116508359668,0.4227527173823249
25549,LOF,0.41010976579943237,0.07839429287501264,0.5114959413255549
25550,LOF,0.373793613309449,0.12000945376898126,0.5061969329215698
25551,LOF,0.3179804882986419,0.12965437971753915,0.552365131983819
25552,LOF,0.25607170699808957,0.12498733090816157,0.6189409620937488
25553,Neutral,0.8228460460339926,0.043350368121430755,0.13380358584457663
25554,LOF,0.2942294535272287,0.1141434411329451,0.5916271053398262
25555,LOF,0.24573647924479405,0.10964689915264801,0.644616621602558
25556,LOF,0.4374137093561526,0.09759714521365767,0.4649891454301899
25557,LOF,0.2380455442931188,0.11498340201417506,0.6469710536927061
25558,LOF,0.2962704213755074,0.1148916019027547,0.5888379767217379
25559,LOF,0.18927067290817837,0.1162987608875127,0.6944305662043089
25560,LOF,0.15028590102594078,0.09714990170184191,0.7525641972722174
25561,LOF,0.14493425364044438,0.11968585070367832,0.7353798956558774
25562,LOF,0.06841048710876037,0.0808736623283594,0.8507158505628803
25563,LOF,0.02202335724342206,0.11717118446401928,0.8608054582925586
25564,LOF,0.22120708314962273,0.12614029131401597,0.6526526255363613
25565,LOF,0.24199689767233817,0.1307677916451434,0.6272353106825184
25566,GOF,0.0908479883793066,0.7081769411666756,0.20097507045401763
25567,LOF,0.03872180029500523,0.11395242369365591,0.8473257760113388
25568,LOF,0.06040805708488304,0.06831401432939896,0.871277928585718
25569,LOF,0.059467621109753024,0.06870830309122035,0.8718240757990267
25570,LOF,0.026887737758817403,0.09472992864899321,0.8783823335921894
25571,LOF,0.02674012493986798,0.09672214981057867,0.8765377252495533
25572,LOF,0.0673379449540172,0.11058067830933056,0.8220813767366522
25573,LOF,0.0567696112861914,0.08109262366637356,0.8621377650474351
25574,LOF,0.0556094051670264,0.1716329422941225,0.7727576525388511
25575,LOF,0.02210100004941525,0.11844097732958178,0.8594580226210029
25576,LOF,0.0373445660262596,0.14983647101653422,0.8128189629572061
25577,LOF,0.03024420599977357,0.10731274861193636,0.8624430453882901
25578,LOF,0.2846694485162362,0.07794954077826222,0.6373810107055016
25579,LOF,0.13306613093620387,0.08441582297160215,0.782518046092194
25580,LOF,0.019174833378665608,0.07667647712856476,0.9041486894927696
25581,LOF,0.05635459307343451,0.06334349128033408,0.8803019156462314
25582,LOF,0.05634711178468828,0.0624859956734402,0.8811668925418714
25583,LOF,0.01958186054862814,0.07973626988993424,0.9006818695614377
25584,Neutral,0.6502173190217255,0.10227219388181895,0.2475104870964555
25585,LOF,0.03622409263887084,0.11361968598642032,0.8501562213747088
25586,LOF,0.017593180593676445,0.06456172433811475,0.9178450950682088
25587,LOF,0.016919254712925273,0.05799125355144658,0.9250894917356282
25588,LOF,0.01923841485958022,0.0667938665072951,0.9139677186331246
25589,Neutral,0.5026984891602388,0.19651418942218443,0.30078732141757675
25590,LOF,0.05222019955135445,0.09981245346205303,0.8479673469865925
25591,LOF,0.10199752038741708,0.05392033949084751,0.8440821401217353
25592,LOF,0.05587457034775417,0.13049084032524927,0.8136345893269965
25593,LOF,0.13231447951949832,0.24372844312941913,0.6239570773510825
25594,LOF,0.047946987081830886,0.11164814255091764,0.8404048703672514
25595,LOF,0.04381962133652568,0.08463560276533419,0.8715447758981402
25596,LOF,0.09938855314629243,0.0491235505076961,0.8514878963460114
25597,LOF,0.0814511925009914,0.06241296416564848,0.8561358433333602
25598,LOF,0.04790471762098753,0.08792782526668731,0.8641674571123252
25599,GOF,0.01997893070499025,0.5320547153048243,0.4479663539901854
25600,GOF,0.19070689343801467,0.4986403616346614,0.3106527449273239
25601,LOF,0.04221900773180216,0.3938110538277016,0.5639699384404963
25602,LOF,0.03306855606041467,0.05208709671272076,0.9148443472268647
25603,LOF,0.03817633626747354,0.02744817560296449,0.9343754881295618
25604,LOF,0.03917790854203537,0.05276493108708046,0.9080571603708842
25605,LOF,0.04482973627937854,0.16811133003676862,0.7870589336838527
25606,LOF,0.4263895570813896,0.09274922942617249,0.4808612134924379
25607,LOF,0.025590022552219142,0.1634474220315147,0.8109625554162662
25608,LOF,0.03324247138172379,0.0738671672865202,0.8928903613317559
25609,GOF,0.14269777239191783,0.5438065083236254,0.31349571928445685
25610,LOF,0.015574967844446529,0.027620021857444894,0.9568050102981087
25611,LOF,0.015094411619456134,0.03108765460730889,0.9538179337732351
25612,LOF,0.04696841616525433,0.041509771505172315,0.9115218123295733
25613,LOF,0.044656101080944116,0.04077886522413671,0.9145650336949193
25614,LOF,0.022025732981760734,0.02772436756666347,0.9502498994515757
25615,LOF,0.04492968516109172,0.03496942394363023,0.9201008908952781
25616,LOF,0.04823857737752908,0.02680789190476576,0.9249535307177053
25617,LOF,0.044931988949467754,0.035964784261459465,0.9191032267890727
25618,LOF,0.05518670642262982,0.034126266494795984,0.9106870270825741
25619,LOF,0.014917304398086527,0.029551878568418583,0.9555308170334949
25620,LOF,0.06441097896294705,0.037714121985182536,0.8978748990518705
25621,LOF,0.051161125925423545,0.031860122013212776,0.9169787520613636
25622,LOF,0.061398422416978314,0.03130619944817708,0.9072953781348445
25623,LOF,0.07179073466516309,0.02928371845701342,0.8989255468778234
25624,LOF,0.019041738180001055,0.03549306588144064,0.9454651959385583
25625,LOF,0.06524487993412105,0.03871892378299566,0.8960361962828833
25626,LOF,0.04533087890237123,0.0392756394575183,0.9153934816401104
25627,Neutral,0.8878370208474274,0.021302184439498082,0.0908607947130744
25628,LOF,0.14366611147803635,0.059130539549402894,0.7972033489725607
25629,LOF,0.07148810273226718,0.04320118474354902,0.8853107125241838
25630,LOF,0.2655963166357155,0.07802719361279623,0.6563764897514883
25631,Neutral,0.5240280681227926,0.0692541290087886,0.40671780286841874
25632,LOF,0.027668899563970374,0.05898254542305702,0.9133485550129725
25633,LOF,0.2022587530679325,0.03605487396326812,0.7616863729687994
25634,LOF,0.03417734876183443,0.08027294099002835,0.8855497102481372
25635,LOF,0.03994814902742329,0.045584349673776996,0.9144675012987996
25636,LOF,0.03986872821420653,0.4680824803321057,0.49204879145368774
25637,LOF,0.06949758415759302,0.4494232999611962,0.4810791158812108
25638,LOF,0.04766836260114859,0.26405208813539205,0.6882795492634592
25639,LOF,0.037581814291547416,0.3133716587535158,0.6490465269549367
25640,Neutral,0.8118600541823447,0.1460030831483305,0.04213686266932465
25641,LOF,0.050214465949525465,0.4381363804224554,0.5116491536280191
25642,LOF,0.04105793279315907,0.1416863529131512,0.8172557142936898
25643,LOF,0.19866556284915676,0.1613933568362916,0.6399410803145517
25644,LOF,0.022725922731490725,0.47461024238549815,0.5026638348830111
25645,LOF,0.019388942147154926,0.4319621403942916,0.5486489174585534
25646,LOF,0.046792295293947093,0.3449225469814526,0.6082851577246003
25647,LOF,0.023027849402152436,0.25809537652073294,0.7188767740771146
25648,LOF,0.028562968723361178,0.25388810600707895,0.7175489252695598
25649,LOF,0.015030860836793138,0.25581982518861707,0.7291493139745898
25650,LOF,0.04841502496270748,0.4032873769431467,0.5482975980941458
25651,LOF,0.0149511763347808,0.26606245391203276,0.7189863697531865
25652,LOF,0.028147502859655282,0.26042723208240715,0.7114252650579376
25653,LOF,0.07888568991344351,0.38395648170124735,0.5371578283853091
25654,LOF,0.02375717886131993,0.20827158775772903,0.767971233380951
25655,LOF,0.2231064005888872,0.3617907534178714,0.41510284599324143
25656,LOF,0.30121599146123856,0.0401693499940479,0.6586146585447135
25657,LOF,0.07670667024307895,0.04749134075727041,0.8758019889996506
25658,LOF,0.37713345034633844,0.05005856835090029,0.5728079813027612
25659,Neutral,0.5388543284714876,0.07126836714731886,0.38987730438119367
25660,LOF,0.025188704075672173,0.07576681776519663,0.8990444781591311
25661,LOF,0.0907887696820568,0.05446167081359895,0.8547495595043442
25662,LOF,0.030758800105161098,0.03112707939971914,0.9381141204951198
25663,LOF,0.03784119853810021,0.04368223918717469,0.9184765622747251
25664,LOF,0.1274039975039406,0.04862148973239785,0.8239745127636616
25665,LOF,0.052891339014097316,0.03012153010813609,0.9169871308777665
25666,LOF,0.0928506436520488,0.06782798058553648,0.8393213757624148
25667,LOF,0.06726880357324969,0.04290798346803386,0.8898232129587164
25668,LOF,0.03745463980888057,0.04215986137701406,0.9203854988141053
25669,LOF,0.03439013943576565,0.04986719174834737,0.915742668815887
25670,LOF,0.13362122899747458,0.041251253509655784,0.8251275174928697
25671,LOF,0.09333110197510276,0.02968793878119393,0.8769809592437032
25672,LOF,0.05449138530406782,0.04028170236947279,0.9052269123264595
25673,LOF,0.08580224267535934,0.0367572668794199,0.8774404904452208
25674,LOF,0.07311520950710314,0.04478074273787672,0.8821040477550203
25675,LOF,0.11808911936636317,0.04431428985640667,0.8375965907772303
25676,LOF,0.018487634840595797,0.047056872720843045,0.9344554924385611
25677,LOF,0.025308438167035124,0.06051510009230107,0.9141764617406637
25678,LOF,0.16556920509040127,0.055968672981675696,0.7784621219279231
25679,LOF,0.12502151015705903,0.06979634211651782,0.8051821477264232
25680,LOF,0.03061296281940744,0.10155571904755026,0.8678313181330424
25681,LOF,0.05092171369112842,0.09240863701051286,0.8566696492983586
25682,LOF,0.13357755142548822,0.06137760959448113,0.8050448389800307
25683,LOF,0.11332452849135462,0.0788248095328277,0.8078506619758177
25684,LOF,0.03983362852199152,0.06010682601930879,0.9000595454586996
25685,LOF,0.1258734912189734,0.04777245152305914,0.8263540572579674
25686,LOF,0.06979737024352273,0.09080655642523754,0.8393960733312398
25687,LOF,0.10660557784055621,0.08263147374679551,0.8107629484126483
25688,LOF,0.2926841469573295,0.03555694809075944,0.671758904951911
25689,LOF,0.2237009298674676,0.046081040735773036,0.7302180293967594
25690,LOF,0.3473245196799685,0.03692746601842321,0.6157480143016083
25691,Neutral,0.6702211173188716,0.03331671126744444,0.2964621714136841
25692,LOF,0.2786758128445426,0.010364910214175165,0.7109592769412822
25693,LOF,0.04409760959310208,0.453402245936302,0.5025001444705959
25694,LOF,0.13212493653290702,0.02225041047626835,0.8456246529908246
25695,LOF,0.12332653521133308,0.017182067110172207,0.8594913976784947
25696,LOF,0.13002878146384572,0.010987525483965503,0.8589836930521888
25697,LOF,0.11770712600799423,0.026272350901215675,0.85602052309079
25698,LOF,0.3030084679530452,0.25970905834930197,0.4372824736976528
25699,LOF,0.4207727870136115,0.046256967069895294,0.5329702459164932
25700,LOF,0.05597823962048528,0.01038935282432432,0.9336324075551905
25701,LOF,0.15909796786800587,0.058292410049631205,0.782609622082363
25702,GOF,0.18152712586110475,0.5442106536807283,0.27426222045816695
25703,LOF,0.015910038902108667,0.1570999137609223,0.8269900473369689
25704,LOF,0.048290447997722204,0.11233313769256922,0.8393764143097086
25705,LOF,0.06288219445348343,0.18504827005683672,0.7520695354896798
25706,LOF,0.0905344931253086,0.35419788786035017,0.5552676190143412
25707,LOF,0.07662832496623245,0.2960630467302635,0.6273086283035041
25708,LOF,0.02929280345921478,0.27488208436962347,0.6958251121711617
25709,LOF,0.05774043976240138,0.039378140959052746,0.9028814192785459
25710,LOF,0.011081646624988003,0.14054974298972905,0.8483686103852829
25711,LOF,0.01939919641973206,0.0881302086254073,0.8924705949548607
25712,LOF,0.01378508637142441,0.18485048746125046,0.8013644261673251
25713,LOF,0.01897401176967254,0.07691519226782566,0.9041107959625019
25714,LOF,0.07395062361852352,0.0737471383931974,0.8523022379882791
25715,LOF,0.01046821092533905,0.13996924280116058,0.8495625462735003
25716,LOF,0.014049399147907397,0.1164691276792619,0.8694814731728306
25717,LOF,0.012930256031428377,0.0815391459205703,0.9055305980480013
25718,LOF,0.01195192682853937,0.10939107741065834,0.8786569957608024
25719,LOF,0.018125193339811906,0.07951823400814727,0.9023565726520408
25720,LOF,0.02087361379189808,0.07091472814387673,0.9082116580642251
25721,LOF,0.016207506424187702,0.10185788492099704,0.8819346086548153
25722,LOF,0.013658206475355119,0.11892681619743511,0.8674149773272096
25723,LOF,0.02188757827925197,0.045342279009531854,0.9327701427112163
25724,LOF,0.022990083458674503,0.0855897065022511,0.8914202100390743
25725,LOF,0.011671633062672266,0.07246672942729003,0.9158616375100378
25726,LOF,0.013904771981843264,0.09948613245265056,0.8866090955655062
25727,LOF,0.013238206452138917,0.08010113096184561,0.9066606625860155
25728,LOF,0.00976207019233317,0.10648229769533754,0.8837556321123293
25729,LOF,0.010138713796156674,0.1093903559064168,0.8804709302974266
25730,LOF,0.01410530814867388,0.07854301202804163,0.9073516798232845
25731,LOF,0.022230523323550192,0.1160755158273788,0.8616939608490711
25732,LOF,0.014398167446660752,0.08945530335902294,0.8961465291943164
25733,LOF,0.01565417396256183,0.07208210955927977,0.9122637164781584
25734,LOF,0.012860850409890252,0.13073003700072663,0.8564091125893831
25735,LOF,0.013892282946757348,0.07765735771595454,0.9084503593372881
25736,LOF,0.01433031367601158,0.1011154660462757,0.8845542202777128
25737,LOF,0.019902121836430704,0.0833152988428975,0.8967825793206717
25738,LOF,0.013147820902917705,0.11448919820073065,0.8723629808963516
25739,LOF,0.01941697487500599,0.08014624032935086,0.900436784795643
25740,LOF,0.02723584238633684,0.089665765268918,0.8830983923447452
25741,LOF,0.015284269110227776,0.09987110272695295,0.8848446281628193
25742,LOF,0.11375391473205544,0.07413940118640298,0.8121066840815416
25743,LOF,0.03614027080192049,0.03229776459764345,0.9315619646004362
25744,Neutral,0.5406746253626092,0.2420354293938897,0.2172899452435011
25745,LOF,0.08123073517347133,0.07248088868248778,0.8462883761440408
25746,LOF,0.04177437282216403,0.0820895708601112,0.8761360563177247
25747,LOF,0.021977977215589493,0.03703216073851726,0.9409898620458933
25748,LOF,0.10498483070646951,0.056064345098746964,0.8389508241947835
25749,LOF,0.025000290046877562,0.07595234685086844,0.899047363102254
25750,LOF,0.08695224794105788,0.08569304423823428,0.8273547078207077
25751,LOF,0.09630601123534958,0.05489912953111446,0.8487948592335359
25752,GOF,0.11215760176256293,0.6641806130729525,0.2236617851644846
25753,LOF,0.019095257664878094,0.2580646014884331,0.7228401408466889
25754,GOF,0.009833394717295711,0.7685517237889763,0.22161488149372793
25755,LOF,0.022575186411477852,0.3784277066215738,0.5989971069669483
25756,LOF,0.03965426005295295,0.35273570210829697,0.6076100378387501
25757,GOF,0.013171013402517107,0.8226906188861224,0.1641383677113605
25758,GOF,0.027120363937080713,0.8100425434105148,0.16283709265240423
25759,GOF,0.011763288336412379,0.5128549272099493,0.4753817844536384
25760,LOF,0.013748686350555971,0.21804938124502551,0.7682019324044186
25761,GOF,0.2719871581500791,0.6189761086907787,0.10903673315914224
25762,LOF,0.034596763663506724,0.2524051535442507,0.7129980827922426
25763,LOF,0.013134806427125348,0.18878233279970372,0.7980828607731708
25764,GOF,0.07621121622550364,0.6195994433369101,0.30418934043758633
25765,GOF,0.04091931900282152,0.7471580042757296,0.21192267672144874
25766,GOF,0.06570376474297689,0.7621691759244021,0.17212705933262093
25767,GOF,0.19094845842018854,0.42509256559258507,0.38395897598722656
25768,LOF,0.09247451619008795,0.06260021190694845,0.8449252719029636
25769,LOF,0.06557441310917643,0.05807973645988935,0.8763458504309342
25770,LOF,0.2671026172979091,0.08426807310750851,0.6486293095945825
25771,LOF,0.03862605887720308,0.0440642771056414,0.9173096640171556
25772,LOF,0.01653804604256123,0.03303791385978974,0.950424040097649
25773,LOF,0.04341863221684308,0.07488125317813789,0.8817001146050191
25774,LOF,0.027677198135740284,0.07149713602860869,0.900825665835651
25775,LOF,0.04478526729725287,0.04588998484067937,0.9093247478620679
25776,LOF,0.0709658261962159,0.024807486509850856,0.9042266872939333
25777,LOF,0.32042451972829755,0.051512513595907264,0.6280629666757952
25778,LOF,0.06260249209745064,0.050067162465892615,0.8873303454366568
25779,GOF,0.3820444042936768,0.573971186007306,0.04398440969901722
25780,GOF,0.3162618531033136,0.6096060349761113,0.074132111920575
25781,GOF,0.1349870234862897,0.7548992608008757,0.11011371571283474
25782,GOF,0.1980099528286494,0.7288389475472992,0.0731510996240514
25783,GOF,0.028703995623475517,0.6421752872642605,0.3291207171122639
25784,Neutral,0.5026994735449936,0.45837768319449324,0.03892284326051313
25785,GOF,0.3872990939944218,0.5687875974713432,0.04391330853423497
25786,GOF,0.024547575591496607,0.7691121821433379,0.20634024226516548
25787,Neutral,0.6626812026434072,0.3087110220080765,0.02860777534851634
25788,LOF,0.0454922045640888,0.10307599277775935,0.8514318026581519
25789,GOF,0.1950451392168654,0.6556775480474606,0.14927731273567404
25790,GOF,0.2079207586928121,0.6900916485479228,0.1019875927592651
25791,GOF,0.15241521998965168,0.6661976052096705,0.1813871748006778
25792,GOF,0.3300131403057005,0.5367227812793033,0.13326407841499627
25793,GOF,0.2597380499328023,0.5560630365976061,0.1841989134695916
25794,GOF,0.3200818748601527,0.5154161975948054,0.16450192754504198
25795,GOF,0.07400613441639639,0.6789357711782164,0.24705809440538717
25796,Neutral,0.5549308273892702,0.365084597175482,0.07998457543524765
25797,GOF,0.10131824855566313,0.5403517895918857,0.35832996185245114
25798,GOF,0.010342622919078798,0.5020429547791073,0.48761442230181384
25799,LOF,0.007066895605309421,0.3915827566587893,0.6013503477359012
25800,GOF,0.03444001955616216,0.6049653057882641,0.36059467465557354
25801,GOF,0.1782666858234884,0.6979032280248795,0.12383008615163217
25802,GOF,0.0893257999526395,0.7066478643976956,0.20402633564966477
25803,GOF,0.03857748570599456,0.5723695117536878,0.3890530025403177
25804,LOF,0.036285573556114635,0.48148132544591243,0.4822331009979728
25805,GOF,0.09950176833413472,0.6254604928357298,0.2750377388301355
25806,GOF,0.09601998687244598,0.6140333148198442,0.2899466983077099
25807,GOF,0.02225351950027705,0.6451647472453024,0.33258173325442064
25808,GOF,0.08084204679942157,0.6550208277651368,0.2641371254354416
25809,GOF,0.018784903648459007,0.5841359568156175,0.3970791395359235
25810,GOF,0.017380681892211494,0.6164034011317074,0.36621591697608097
25811,GOF,0.4413635860340917,0.47798926345369536,0.08064715051221304
25812,GOF,0.03128544649164355,0.6204500783504192,0.3482644751579373
25813,Neutral,0.535793758323596,0.3727488035216683,0.09145743815473587
25814,GOF,0.11560891466329225,0.6398280861031334,0.24456299923357444
25815,GOF,0.2060851178125258,0.6025839301122218,0.1913309520752524
25816,GOF,0.02364408032937331,0.7314212660816641,0.24493465358896263
25817,GOF,0.24382730138104494,0.6160581498348662,0.14011454878408888
25818,GOF,0.05298890852682973,0.6753076365382423,0.2717034549349279
25819,GOF,0.36696100660123315,0.4828126334625171,0.15022635993624983
25820,GOF,0.1944486499837291,0.594015245244709,0.21153610477156184
25821,GOF,0.06405682746639504,0.6652315917848458,0.27071158074875923
25822,GOF,0.21629791975977444,0.5672398076728782,0.21646227256734735
25823,GOF,0.034158458397415686,0.518168753476694,0.4476727881258904
25824,GOF,0.09103847099317323,0.5952727853949963,0.31368874361183047
25825,GOF,0.038194095608399765,0.5898289215776054,0.37197698281399494
25826,GOF,0.016117967186550106,0.5727533054870769,0.411128727326373
25827,GOF,0.02692917190622396,0.617393617580552,0.355677210513224
25828,GOF,0.014595454268432523,0.5337716041599073,0.4516329415716602
25829,GOF,0.005763820225949779,0.5647441929843576,0.4294919867896926
25830,LOF,0.03451884775577802,0.2815103001734146,0.6839708520708074
25831,GOF,0.23713778722504375,0.6353870175798118,0.12747519519514444
25832,GOF,0.02938905159326991,0.7171789452748463,0.2534320031318838
25833,GOF,0.11024506724367551,0.7371854661922206,0.1525694665641039
25834,GOF,0.030118588469243705,0.7477795122106569,0.22210189932009947
25835,GOF,0.06369011288515398,0.7699778681885848,0.1663320189262612
25836,GOF,0.032422588463573654,0.6937269213913989,0.27385049014502744
25837,GOF,0.025764597986043605,0.6190770811259256,0.3551583208880308
25838,GOF,0.0819911294531113,0.7752806323501983,0.1427282381966905
25839,GOF,0.2850461071702073,0.5562756159523804,0.1586782768774122
25840,GOF,0.24677209342218198,0.6128102766232971,0.14041762995452087
25841,GOF,0.2472179772266524,0.6166945749415836,0.1360874478317641
25842,GOF,0.13704078649596899,0.7484846700517768,0.11447454345225426
25843,GOF,0.19490585512653125,0.7211037804362134,0.0839903644372554
25844,GOF,0.062197538435670295,0.7429296136760037,0.1948728478883259
25845,GOF,0.01533366863829352,0.536902982598558,0.44776334876314866
25846,GOF,0.12532168313450892,0.7350822830037171,0.13959603386177402
25847,GOF,0.09263970839499931,0.8103935827338092,0.09696670887119152
25848,GOF,0.03570427744985436,0.7370735117810869,0.2272222107690587
25849,GOF,0.010489063011104553,0.6350637296984553,0.35444720729044016
25850,GOF,0.01943717908239524,0.6633250633691957,0.31723775754840894
25851,GOF,0.01620527307185929,0.5544296050656407,0.42936512186250014
25852,GOF,0.15344636088469446,0.5542185879824968,0.2923350511328089
25853,GOF,0.3327960031505097,0.5849466163931694,0.08225738045632107
25854,GOF,0.023747731837421206,0.6189906958667594,0.35726157229581934
25855,GOF,0.037703121115871714,0.5577975867597658,0.4044992921243625
25856,GOF,0.24823434153641913,0.5407138136645485,0.2110518447990323
25857,GOF,0.04095729076213678,0.5052437224603896,0.45379898677747366
25858,GOF,0.021262778282782745,0.5232529122776285,0.45548430943958873
25859,GOF,0.010823191433849157,0.496475951950779,0.49270085661537194
25860,GOF,0.36620992213676173,0.5514840149588904,0.08230606290434792
25861,GOF,0.4161398516311198,0.5053238092758916,0.07853633909298867
25862,GOF,0.08385609619544535,0.7790970646922503,0.1370468391123044
25863,GOF,0.08414193169056508,0.7755499101283745,0.14030815818106032
25864,GOF,0.19454279779583594,0.7365095452499683,0.06894765695419589
25865,GOF,0.08327269305037976,0.8118301208408536,0.10489718610876658
25866,GOF,0.06031171172973205,0.7909156615263461,0.14877262674392194
25867,GOF,0.08258553569856474,0.8189450311524588,0.0984694331489765
25868,GOF,0.2721925582827352,0.6246509907455293,0.10315645097173545
25869,Neutral,0.7288882692884449,0.22787031257702772,0.0432414181345274
25870,GOF,0.2826439206433837,0.40761633402494624,0.30973974533167015
25871,GOF,0.24220048872748023,0.640328520276789,0.11747099099573075
25872,GOF,0.07224268899019543,0.6738073697706068,0.25394994123919773
25873,GOF,0.10508578526097392,0.7172714088184009,0.17764280592062526
25874,LOF,0.01379476105271667,0.11142456820776574,0.8747806707395177
25875,LOF,0.09178801262263137,0.04069986441933148,0.8675121229580373
25876,LOF,0.0350691368249171,0.030709396137947827,0.934221467037135
25877,Neutral,0.5027272093537744,0.039648695083272456,0.45762409556295325
25878,LOF,0.21408174996725646,0.08830665885525943,0.6976115911774841
25879,LOF,0.0852883119663117,0.08697512221432317,0.8277365658193652
25880,LOF,0.04013064578560732,0.01386828952187034,0.9460010646925223
25881,LOF,0.1664883624755524,0.12363085573936493,0.7098807817850826
25882,LOF,0.06160216637415298,0.01605773833644447,0.9223400952894025
25883,LOF,0.06457868036596214,0.018518409958932034,0.9169029096751059
25884,LOF,0.030594922948656986,0.029455859821786695,0.9399492172295563
25885,LOF,0.06287100481830162,0.010812179812603035,0.9263168153690953
25886,LOF,0.25478656237233954,0.03719941786063843,0.708014019767022
25887,LOF,0.14812824034203703,0.06813202093023743,0.7837397387277255
25888,LOF,0.06395584749203684,0.06318233321761146,0.8728618192903517
25889,LOF,0.04092641101175279,0.020200330589170746,0.9388732583990764
25890,LOF,0.05020943917067064,0.1395060872437426,0.8102844735855868
25891,LOF,0.03828453021653468,0.0551500292423144,0.9065654405411508
25892,LOF,0.07651431395312547,0.023034059652354152,0.9004516263945204
25893,LOF,0.21649510072681735,0.020180862897974747,0.763324036375208
25894,LOF,0.16943717270752656,0.01387698697962442,0.816685840312849
25895,LOF,0.191439883699216,0.022186116219250766,0.7863740000815331
25896,LOF,0.05105019364778789,0.02229637056539066,0.9266534357868214
25897,LOF,0.2629064692747827,0.013490448465556838,0.7236030822596604
25898,Neutral,0.6886715544826407,0.010579809971249724,0.3007486355461096
25899,LOF,0.21254908886772783,0.023199943410795593,0.7642509677214766
25900,LOF,0.4695406512400985,0.01197076531355873,0.5184885834463429
25901,LOF,0.050548424697537064,0.011710358370536194,0.9377412169319267
25902,LOF,0.16142251734626714,0.014407729139795796,0.8241697535139372
25903,Neutral,0.5833600106261804,0.028907867553685757,0.38773212182013383
25904,LOF,0.3137553394446478,0.041276284806295235,0.644968375749057
25905,LOF,0.026280719859376814,0.33592683955678726,0.6377924405838358
25906,LOF,0.030673625886499564,0.08150473973527148,0.887821634378229
25907,LOF,0.013657986864165085,0.321155403512445,0.6651866096233898
25908,LOF,0.009952446998029826,0.26025142078496294,0.7297961322170071
25909,LOF,0.012473517628466019,0.12092666588680114,0.8665998164847328
25910,LOF,0.04966806824079726,0.1544144992217403,0.7959174325374624
25911,LOF,0.17781441075912535,0.026226407314371192,0.7959591819265035
25912,LOF,0.04464653121061846,0.0471787286046951,0.9081747401846864
25913,LOF,0.3471920105203667,0.021653807948980967,0.6311541815306524
25914,LOF,0.02164514806563092,0.0469221062908834,0.9314327456434857
25915,Neutral,0.5776571199221947,0.1344914649717173,0.2878514151060879
25916,LOF,0.08507097140920987,0.21110138872784862,0.7038276398629416
25917,LOF,0.06437467109754211,0.03733104458010141,0.8982942843223565
25918,LOF,0.023225862744736803,0.028805216777969832,0.9479689204772933
25919,LOF,0.02062764538601017,0.032059342811534976,0.9473130118024549
25920,GOF,0.11548562603262655,0.50773784350304,0.37677653046433346
25921,LOF,0.02665202593658106,0.03170280096079881,0.9416451731026201
25922,LOF,0.036059764839371226,0.02376305435591305,0.9401771808047156
25923,Neutral,0.4836672558823255,0.033876574501084514,0.4824561696165901
25924,LOF,0.04100608679609428,0.03971971373128314,0.9192741994726225
25925,LOF,0.07678510151063347,0.03526123855572295,0.8879536599336436
25926,LOF,0.052386809535290124,0.032876461550562536,0.9147367289141474
25927,LOF,0.05870835250294356,0.15228307677096142,0.789008570726095
25928,LOF,0.019897900566641244,0.047003633681112725,0.9330984657522461
25929,Neutral,0.6049393418393906,0.035728115825691575,0.3593325423349178
25930,LOF,0.07405085116772635,0.029401664535033286,0.8965474842972404
25931,LOF,0.026541233549327484,0.031039682752882946,0.9424190836977895
25932,LOF,0.02915186017259301,0.02550328597257496,0.9453448538548321
25933,LOF,0.039352017423828246,0.01682875801542854,0.9438192245607432
25934,LOF,0.02472416722078089,0.019096891199671454,0.9561789415795477
25935,LOF,0.06776734814944363,0.045217303812172364,0.887015348038384
25936,LOF,0.04329063206408397,0.02209848795747491,0.9346108799784411
25937,LOF,0.029440406647903615,0.03458192691179905,0.9359776664402975
25938,LOF,0.06915260952370689,0.04823738133124563,0.8826100091450474
25939,LOF,0.043930914544827976,0.018935738733639778,0.9371333467215321
25940,LOF,0.04073646325208913,0.3405290337846352,0.6187345029632757
25941,LOF,0.17487091124796184,0.09134096747548175,0.7337881212765563
25942,LOF,0.013594509266386844,0.03261117225031665,0.9537943184832964
25943,LOF,0.3203250033926345,0.04969087951420353,0.629984117093162
25944,Neutral,0.4973044858968572,0.019513927452347705,0.483181586650795
25945,LOF,0.07258066648141674,0.019176542331165555,0.9082427911874177
25946,LOF,0.033851463552880864,0.10756268336597856,0.8585858530811407
25947,LOF,0.09794086630266591,0.17426253873504358,0.7277965949622904
25948,LOF,0.36072738177569635,0.008128431139354584,0.6311441870849491
25949,LOF,0.1289409058799059,0.03979398664546004,0.8312651074746341
25950,Neutral,0.3531521029012844,0.317505158194272,0.32934273890444354
25951,LOF,0.2009195298284665,0.27043832451283784,0.5286421456586956
25952,GOF,0.04466221349908842,0.4811025970295678,0.4742351894713438
25953,LOF,0.16021933628678825,0.10709719538611664,0.7326834683270952
25954,Neutral,0.42842040599668096,0.19563660269722205,0.375942991306097
25955,LOF,0.06378169670141239,0.0772611216314975,0.8589571816670901
25956,LOF,0.1500736753900686,0.12018546564152749,0.729740858968404
25957,LOF,0.03602919158374529,0.032811076201119865,0.9311597322151349
25958,LOF,0.054231690338665824,0.026376608325093396,0.9193917013362408
25959,LOF,0.0705089226187516,0.31468918753429914,0.6148018898469492
25960,LOF,0.014736989973897312,0.049570337033842865,0.9356926729922599
25961,LOF,0.042240398935893105,0.02597934570823181,0.931780255355875
25962,LOF,0.058731166645827594,0.030714974817925778,0.9105538585362465
25963,LOF,0.045101662552318074,0.18936972332729274,0.7655286141203892
25964,LOF,0.030574429234242313,0.1571142643819037,0.812311306383854
25965,LOF,0.4454996103520759,0.060192903293973234,0.49430748635395083
25966,Neutral,0.5247164435061639,0.16919116352283198,0.30609239297100416
25967,LOF,0.017295249755708984,0.10840009463853381,0.8743046556057571
25968,LOF,0.03463304318339187,0.3991738318858994,0.5661931249307088
25969,LOF,0.03351418408371418,0.06719856437843252,0.8992872515378533
25970,LOF,0.0552816906445079,0.06251049585800833,0.8822078134974837
25971,LOF,0.061200105890875496,0.02273703204800354,0.9160628620611209
25972,LOF,0.061887383512081506,0.033489721465947184,0.9046228950219712
25973,LOF,0.07121813679447053,0.009758700586286943,0.9190231626192424
25974,LOF,0.18841600176357196,0.014023037757938322,0.7975609604784897
25975,LOF,0.04652218500053622,0.024778036618449538,0.9286997783810144
25976,LOF,0.04304205365271883,0.014617265717081135,0.9423406806302002
25977,LOF,0.1378360142268034,0.08873478326406663,0.7734292025091299
25978,LOF,0.15865971740015677,0.090122230818177,0.7512180517816663
25979,LOF,0.13975831517337373,0.09653610924812521,0.763705575578501
25980,LOF,0.22739540877908276,0.12005343898314932,0.6525511522377679
25981,LOF,0.26282966280902803,0.11963714038787315,0.6175331968030988
25982,LOF,0.4072114706331981,0.07911439018122454,0.5136741391855774
25983,LOF,0.3932457577229928,0.08964404608220414,0.5171101961948031
25984,LOF,0.04926632429605457,0.0451839125360851,0.9055497631678603
25985,LOF,0.038008018094026694,0.2601555302637149,0.7018364516422583
25986,LOF,0.046564243885080216,0.3095307034904236,0.6439050526244962
25987,LOF,0.08572680315067827,0.07038952321947944,0.8438836736298423
25988,LOF,0.15598093377279926,0.05925586663511554,0.7847631995920853
25989,LOF,0.03631034934408021,0.1165992094388811,0.8470904412170387
25990,LOF,0.038834366630640875,0.1714218443720586,0.7897437889973005
25991,LOF,0.1513288352445204,0.2202595675318953,0.6284115972235843
25992,LOF,0.32946930981195577,0.1360848605830283,0.5344458296050159
25993,LOF,0.0230062686288297,0.08152040011170165,0.8954733312594687
25994,LOF,0.01767109483989447,0.08497526276958757,0.8973536423905181
25995,LOF,0.023165011038569217,0.1676279255396753,0.8092070634217555
25996,GOF,0.333622396507347,0.3728204771568622,0.2935571263357909
25997,LOF,0.08766659078687924,0.3661456967873864,0.5461877124257344
25998,Neutral,0.5265257046864326,0.027365428283091978,0.44610886703047553
25999,LOF,0.09250269143708015,0.10307294161403843,0.8044243669488815
26000,LOF,0.13420739064042936,0.04668708346890155,0.8191055258906691
26001,LOF,0.19036898735392097,0.05194340096771265,0.7576876116783664
26002,LOF,0.11462948156708996,0.04359295781233419,0.841777560620576
26003,GOF,0.01132326838630056,0.5809727218277879,0.4077040097859115
26004,GOF,0.023588345774579463,0.6722995662520282,0.3041120879733923
26005,LOF,0.007367350516976639,0.4397765193564974,0.552856130126526
26006,Neutral,0.5244856654063259,0.2349188075019986,0.24059552709167553
26007,GOF,0.02291944648765476,0.5109283868279547,0.4661521666843906
26008,GOF,0.019941399929979817,0.6114120804086284,0.3686465196613918
26009,GOF,0.02247176876399959,0.6896811675619441,0.2878470636740565
26010,GOF,0.023791460391895756,0.6274904810003334,0.34871805860777083
26011,LOF,0.006685394364404634,0.4028829921106462,0.5904316135249492
26012,GOF,0.012686040037285115,0.5482209750212824,0.43909298494143245
26013,GOF,0.02080652610325617,0.5981825609297751,0.38101091296696876
26014,LOF,0.03921712798246598,0.11651750146167279,0.8442653705558613
26015,LOF,0.153171513966268,0.01529134928937948,0.8315371367443526
26016,LOF,0.20479522209901593,0.060460857442065724,0.7347439204589183
26017,LOF,0.22255539294730625,0.09014876712828197,0.6872958399244118
26018,LOF,0.07602664435487824,0.0401838963820024,0.8837894592631195
26019,LOF,0.07338714963176919,0.03166272378245389,0.894950126585777
26020,LOF,0.06571970567640643,0.11654997772646229,0.8177303165971312
26021,LOF,0.04503007832324123,0.11067956011992353,0.8442903615568352
26022,LOF,0.010896977131147657,0.04033937392348253,0.9487636489453699
26023,LOF,0.06594948989077574,0.0245767108752299,0.9094737992339944
26024,LOF,0.028847321376339944,0.11751777533728001,0.8536349032863801
26025,LOF,0.15228128409807107,0.09115896743797516,0.7565597484639538
26026,LOF,0.3063899507733573,0.02922399487350736,0.6643860543531355
26027,LOF,0.05867693225543184,0.019638616510701458,0.9216844512338668
26028,LOF,0.1636194850942636,0.06491060342923298,0.7714699114765035
26029,LOF,0.07464284544208104,0.1405147170087349,0.7848424375491841
26030,LOF,0.022876450059473433,0.03029672073448028,0.9468268292060463
26031,LOF,0.026270089603760836,0.10311485663390904,0.8706150537623301
26032,LOF,0.06279783340670518,0.04764159599063686,0.8895605706026579
26033,LOF,0.08719726947512484,0.046396344709524834,0.8664063858153502
26034,LOF,0.044276760656073486,0.1234617106863011,0.8322615286576255
26035,LOF,0.02543184846126798,0.11815728800391175,0.8564108635348202
26036,LOF,0.03948106463559364,0.13696462771657336,0.823554307647833
26037,LOF,0.020202460224551883,0.09495105527877232,0.8848464844966758
26038,LOF,0.060032855326526156,0.049670345733038836,0.8902967989404349
26039,LOF,0.048280493642441524,0.11761441041796218,0.8341050959395963
26040,LOF,0.20690262569029755,0.09339189615117693,0.6997054781585255
26041,LOF,0.02188896090164938,0.08766358429792494,0.8904474548004256
26042,LOF,0.02000571430267042,0.08436136475364923,0.8956329209436803
26043,LOF,0.060864894574987255,0.0565623678151289,0.8825727376098839
26044,LOF,0.019585650152036962,0.03913927721857601,0.941275072629387
26045,LOF,0.07125226141310244,0.08033175723224595,0.8484159813546516
26046,LOF,0.05685393677776047,0.047776153443155736,0.8953699097790838
26047,LOF,0.07674235973562629,0.049887615805869326,0.8733700244585044
26048,LOF,0.04682257796807451,0.027585305314211744,0.9255921167177138
26049,Neutral,0.9682719846051352,0.004979993268291534,0.02674802212657332
26050,Neutral,0.9549286029392329,0.006091602848715727,0.038979794212051215
26051,LOF,0.04817204663009121,0.2802010877593485,0.6716268656105603
26052,LOF,0.061274212204640986,0.33767717458102325,0.6010486132143358
26053,LOF,0.06279941496877083,0.14336230838944516,0.7938382766417841
26054,LOF,0.04929306173147551,0.018686037734445198,0.9320209005340792
26055,LOF,0.06516331614017595,0.016647494362908407,0.9181891894969155
26056,LOF,0.055589922727418806,0.018692458389766794,0.9257176188828143
26057,LOF,0.03259007297770595,0.011969805607380412,0.9554401214149136
26058,LOF,0.03337174999240245,0.00980281033211979,0.9568254396754777
26059,LOF,0.25333410676146806,0.021846603328999348,0.7248192899095326
26060,LOF,0.04264300547468338,0.16392661898094404,0.7934303755443726
26061,LOF,0.016544341586495606,0.012502614447013703,0.9709530439664907
26062,LOF,0.009855447493882376,0.01862207549661007,0.9715224770095077
26063,LOF,0.020497259310620655,0.010167487361925126,0.9693352533274542
26064,LOF,0.020064499993196122,0.025055467874712325,0.9548800321320916
26065,LOF,0.02521947652394035,0.010596880663983007,0.9641836428120766
26066,LOF,0.020517916548405478,0.010740632894114515,0.96874145055748
26067,LOF,0.027683624915173614,0.008272532708722635,0.9640438423761037
26068,LOF,0.043634094916201516,0.029445957745337457,0.9269199473384611
26069,LOF,0.2544150931675988,0.02094224924843419,0.724642657583967
26070,LOF,0.3776047377231583,0.017354531087451726,0.60504073118939
26071,LOF,0.020223690902564168,0.011682625337902632,0.9680936837595332
26072,LOF,0.01776361062312543,0.02167993679112411,0.9605564525857504
26073,LOF,0.020008847212881768,0.013858240706905025,0.9661329120802131
26074,Neutral,0.9105101714571123,0.005661087932734526,0.08382874061015312
26075,LOF,0.04519394702193151,0.014333473139154982,0.9404725798389135
26076,LOF,0.03837107380695887,0.00824995165611963,0.9533789745369214
26077,LOF,0.008936877537037351,0.013433328685022712,0.97762979377794
26078,LOF,0.014731944662880104,0.012197829816351686,0.9730702255207683
26079,LOF,0.06183006731737767,0.016917632134081022,0.9212523005485415
26080,LOF,0.061382855614617704,0.016924769559139557,0.9216923748262427
26081,LOF,0.03563423322755734,0.006555782104271973,0.9578099846681707
26082,LOF,0.01332486776324279,0.014693869830995486,0.9719812624057618
26083,LOF,0.1724949513524258,0.014559879919415335,0.8129451687281589
26084,LOF,0.04456082517306068,0.01269113947957053,0.9427480353473687
26085,LOF,0.03949084400730743,0.01217298126134673,0.9483361747313457
26086,LOF,0.020833005780513225,0.01129757378430268,0.9678694204351842
26087,LOF,0.02410666611632092,0.008376840439341435,0.9675164934443378
26088,LOF,0.01716424934718055,0.024270826236627158,0.9585649244161923
26089,LOF,0.04030186329321822,0.022597089121657248,0.9371010475851246
26090,LOF,0.040241371773099825,0.01824843287608509,0.9415101953508151
26091,LOF,0.031720077858648506,0.006300180443992311,0.9619797416973592
26092,LOF,0.021823361214634254,0.007942749529715914,0.9702338892556498
26093,LOF,0.03354962628667437,0.005740204213559534,0.960710169499766
26094,LOF,0.03402626654302059,0.0058970163171806304,0.9600767171397987
26095,LOF,0.03790028596216755,0.014447787231324656,0.9476519268065079
26096,LOF,0.016076178235901795,0.012424512485700909,0.9714993092783972
26097,LOF,0.011663561858846195,0.039559483820513636,0.9487769543206401
26098,LOF,0.07785823177530306,0.012658302063984442,0.9094834661607126
26099,LOF,0.02085906610589981,0.01221980011167183,0.9669211337824284
26100,LOF,0.02306776485901076,0.011755293978201107,0.9651769411627882
26101,LOF,0.04680661738858682,0.017950588058192017,0.9352427945532211
26102,LOF,0.02078028540344466,0.013962860356613826,0.9652568542399416
26103,Neutral,0.8796353491211636,0.01887572966827917,0.10148892121055725
26104,LOF,0.07818260981646442,0.024196567544942597,0.8976208226385929
26105,LOF,0.2098866537136937,0.25860781955054474,0.5315055267357616
26106,LOF,0.15580271222753644,0.14193632694320463,0.7022609608292589
26107,LOF,0.24769687198451845,0.08353201579134702,0.6687711122241345
26108,LOF,0.24360366041352774,0.0958712822701998,0.6605250573162724
26109,LOF,0.0833603078816644,0.0630781852320735,0.8535615068862621
26110,LOF,0.20771736212029582,0.007155113652398318,0.7851275242273059
26111,Neutral,0.5130975487591871,0.022918988295643594,0.46398346294516946
26112,LOF,0.03323584566536426,0.007131429110902008,0.9596327252237337
26113,LOF,0.059536846449694744,0.01575533832692965,0.9247078152233755
26114,LOF,0.025686668423289184,0.028888751737545893,0.9454245798391648
26115,LOF,0.08529849022660081,0.04748182851910058,0.8672196812542986
26116,LOF,0.0635493149553212,0.058694024509999894,0.8777566605346788
26117,LOF,0.43345621120822586,0.04483147464229957,0.5217123141494746
26118,LOF,0.03154103900198139,0.023867117107899967,0.9445918438901187
26119,LOF,0.023521479617358204,0.030859569416232167,0.9456189509664097
26120,LOF,0.02390099482967975,0.019065367618955997,0.9570336375513643
26121,LOF,0.04067379361474825,0.08561665761358696,0.8737095487716648
