feature0,prediction,LoGoFunc_Neutral,LoGoFunc_GOF,LoGoFunc_LOF
25546,Neutral,0.6732728254167081,0.06009568711513066,0.26663148746816123
25547,Neutral,0.5062850916141178,0.1110675420598255,0.3826473663260567
25548,Neutral,0.5033867245078884,0.09425407377089415,0.4023592017212176
25549,LOF,0.41708821835611887,0.0941274907211388,0.48878429092274234
25550,LOF,0.3748663475073336,0.12940970680349909,0.49572394568916717
25551,LOF,0.305481262125546,0.14792562350727434,0.5465931143671797
25552,LOF,0.2561296255826445,0.13706310415278497,0.6068072702645705
25553,Neutral,0.81828053304515,0.04844067522722777,0.13327879172762216
25554,LOF,0.30195999880240243,0.12543777205055429,0.5726022291470433
25555,LOF,0.24788166189907412,0.12065889325780654,0.6314594448431193
25556,Neutral,0.4564385677924797,0.1078546835665116,0.4357067486410087
25557,LOF,0.2267702830249825,0.12437032890067796,0.6488593880743395
25558,LOF,0.2935016405317474,0.12769048566258978,0.5788078738056629
25559,LOF,0.19658378474412205,0.12366208841992604,0.6797541268359518
25560,LOF,0.16122309112310432,0.10068100629278524,0.7380959025841104
25561,LOF,0.14734923117524382,0.1234714881484153,0.7291792806763407
25562,LOF,0.07220471041304395,0.07597586721069717,0.8518194223762589
25563,LOF,0.02342236097886261,0.11110055906438247,0.865477079956755
25564,LOF,0.22414856353544044,0.11198001024679938,0.6638714262177601
25565,LOF,0.23317711815551043,0.12739979266324303,0.6394230891812466
25566,GOF,0.09589089735708052,0.7077402154657825,0.1963688871771371
25567,LOF,0.03758041605112081,0.11852142010828691,0.8438981638405922
25568,LOF,0.059216341540078814,0.06423459176191243,0.8765490666980088
25569,LOF,0.06115984035899428,0.06496829058179032,0.8738718690592153
25570,LOF,0.028460847212718503,0.09223498937287024,0.8793041634144113
25571,LOF,0.028504358218840592,0.09407441306051596,0.8774212287206434
25572,LOF,0.06848585003927482,0.11485398149496476,0.8166601684657604
25573,LOF,0.0571665195470213,0.07800149508052333,0.8648319853724554
25574,LOF,0.05679720391297262,0.17314522768778529,0.7700575683992421
25575,LOF,0.024557035880453063,0.11578301711026336,0.8596599470092836
25576,LOF,0.03650459707164505,0.14804104386099895,0.815454359067356
25577,LOF,0.0326693700741851,0.10491475388689214,0.8624158760389228
25578,LOF,0.29799373183453925,0.07187645119989462,0.630129816965566
25579,LOF,0.12622533979793052,0.07845829340393805,0.7953163667981314
25580,LOF,0.01998190164367905,0.07003721203797987,0.9099808863183412
25581,LOF,0.056174498438528425,0.06132565964154484,0.8824998419199267
25582,LOF,0.056217593039825924,0.060051760886756005,0.8837306460734181
25583,LOF,0.020760349373266346,0.07331678328446313,0.9059228673422705
25584,Neutral,0.6656846582284812,0.09746057487270235,0.2368547668988164
25585,LOF,0.03267238624377607,0.11488946188378642,0.8524381518724375
25586,LOF,0.01915948964380814,0.06530335136945062,0.9155371589867412
25587,LOF,0.01767879413210328,0.054961789975612955,0.9273594158922837
25588,LOF,0.020597999523327186,0.06798611016680299,0.9114158903098698
25589,Neutral,0.4868912990774944,0.2102126063037612,0.30289609461874434
25590,LOF,0.04842219310768186,0.09704597128556061,0.8545318356067576
25591,LOF,0.09839405203687047,0.05240465788632874,0.8492012900768008
25592,LOF,0.058957530928456216,0.12578328167247163,0.8152591873990722
25593,LOF,0.14200116209188673,0.2535960605389815,0.6044027773691317
25594,LOF,0.04632861571402811,0.1093424371831564,0.8443289471028155
25595,LOF,0.0447472486008489,0.07942000199491164,0.8758327494042394
25596,LOF,0.09849710872666029,0.04687776704282665,0.854625124230513
25597,LOF,0.08484332914079086,0.05375043662225587,0.8614062342369533
25598,LOF,0.046921418593496085,0.07773687086423704,0.8753417105422668
25599,GOF,0.020001166584644126,0.5332848180088932,0.4467140154064628
25600,GOF,0.1662588536413142,0.48665793017230913,0.3470832161863766
25601,LOF,0.03943854527534375,0.39535228150603097,0.5652091732186252
25602,LOF,0.033650858555762886,0.046283630973057634,0.9200655104711795
25603,LOF,0.03581107089494714,0.025595342889472652,0.9385935862155803
25604,LOF,0.03942441943044979,0.05233595731482183,0.9082396232547284
25605,LOF,0.04405602614852318,0.1708997359670532,0.7850442378844236
25606,LOF,0.44007978337053766,0.08879627805356258,0.4711239385758998
25607,LOF,0.025057117016854837,0.1561098797255313,0.8188330032576138
25608,LOF,0.03842021876712314,0.06927565096756534,0.8923041302653115
25609,GOF,0.15040710751926056,0.5487481791285028,0.30084471335223656
25610,LOF,0.01604481263690593,0.028678007056828294,0.9552771803062657
25611,LOF,0.01514342938803129,0.03197080598322038,0.9528857646287483
25612,LOF,0.04974036546393112,0.03939129277145957,0.9108683417646094
25613,LOF,0.04536945788881084,0.03963459093488688,0.9149959511763024
25614,LOF,0.023391344636370635,0.0277115585856814,0.948897096777948
25615,LOF,0.04476569349372404,0.03726718407464949,0.9179671224316264
25616,LOF,0.047629653468545134,0.027774894739367256,0.9245954517920877
25617,LOF,0.04661019977523434,0.03582124995264852,0.9175685502721171
25618,LOF,0.05267349763007086,0.03411172466631336,0.9132147777036158
25619,LOF,0.015094591422286906,0.031614410850540134,0.953290997727173
25620,LOF,0.06112607142134539,0.03719918399584748,0.9016747445828072
25621,LOF,0.05012637550780028,0.032400348380108954,0.9174732761120907
25622,LOF,0.0602507477791163,0.03219487826709407,0.9075543739537897
25623,LOF,0.07299763127197968,0.026059482603360534,0.9009428861246598
25624,LOF,0.019891543467082395,0.03509639676361577,0.9450120597693018
25625,LOF,0.0661801855070537,0.042227197557507236,0.891592616935439
25626,LOF,0.04514486731702014,0.03699815195317495,0.9178569807298049
25627,Neutral,0.887475532358513,0.02345573556049235,0.08906873208099482
25628,LOF,0.12633671790938164,0.06371357038936837,0.80994971170125
25629,LOF,0.06310795677077555,0.04399208628454411,0.8928999569446804
25630,LOF,0.27662140219752696,0.077829527065238,0.645549070737235
25631,Neutral,0.5310888186791818,0.06294190435941568,0.40596927696140245
25632,LOF,0.028428181929123116,0.0634641757250947,0.9081076423457822
25633,LOF,0.19143935151402167,0.03314739812434753,0.7754132503616309
25634,LOF,0.03362805323953684,0.07665058230026509,0.8897213644601981
25635,LOF,0.04189191836607149,0.04043097549348219,0.9176771061404463
25636,LOF,0.04252440943952052,0.44896532474638357,0.5085102658140959
25637,LOF,0.07277869848449076,0.455200086216478,0.47202121529903124
25638,LOF,0.04409841107492485,0.2645732781242131,0.691328310800862
25639,LOF,0.03596474817772622,0.32297196703455566,0.6410632847877182
25640,Neutral,0.8036737390429138,0.15269054389344464,0.043635717063641416
25641,LOF,0.055870663820772604,0.4390418159541376,0.5050875202250898
25642,LOF,0.04145156928272906,0.1390109332143826,0.8195374975028883
25643,LOF,0.22000402140591488,0.17296537478559673,0.6070306038084884
25644,LOF,0.019965771024104417,0.46630340406301785,0.5137308249128777
25645,LOF,0.02027315934540438,0.41836712447237645,0.5613597161822191
25646,LOF,0.05568671840833664,0.3355779586593622,0.6087353229323011
25647,LOF,0.0218172293241953,0.2648823951033419,0.7133003755724628
25648,LOF,0.02738750035518438,0.23854226159768632,0.7340702380471293
25649,LOF,0.014925643146420598,0.25118831677061915,0.7338860400829603
25650,LOF,0.051191740865586324,0.41286333235944395,0.5359449267749697
25651,LOF,0.01694748741252887,0.26904228022052473,0.7140102323669464
25652,LOF,0.03018416943685777,0.26898766344294667,0.7008281671201956
25653,LOF,0.07671074109687967,0.392069670652166,0.5312195882509543
25654,LOF,0.02515485618305131,0.20566179481307473,0.769183349003874
25655,LOF,0.209342385684251,0.37039947892529385,0.42025813539045503
25656,LOF,0.2824043508844388,0.041608637642251575,0.6759870114733095
25657,LOF,0.07339853683946303,0.051020124121775756,0.8755813390387612
25658,LOF,0.3748853020460185,0.04173651526662141,0.5833781826873601
25659,Neutral,0.5175532313145671,0.06003589330303014,0.42241087538240274
25660,LOF,0.024417074734580452,0.0797285995772628,0.8958543256881567
25661,LOF,0.09584519228402663,0.0554860423727285,0.8486687653432448
25662,LOF,0.031808381831076205,0.0316592402590874,0.9365323779098365
25663,LOF,0.03997710426928187,0.04441852426322468,0.9156043714674935
25664,LOF,0.1448814855753631,0.05192185707108056,0.8031966573535563
25665,LOF,0.05242700458437607,0.029377697675747,0.918195297739877
25666,LOF,0.09136303188008002,0.07091477710404069,0.8377221910158793
25667,LOF,0.06723313474860983,0.04561847628163649,0.8871483889697537
25668,LOF,0.03739984474485465,0.04269383443727036,0.919906320817875
25669,LOF,0.033643318587762205,0.050598325410148005,0.9157583560020898
25670,LOF,0.14466699269907526,0.04308755462537144,0.8122454526755533
25671,LOF,0.09605199078224798,0.030309586123008374,0.8736384230947436
25672,LOF,0.05436252992425368,0.03920371218423089,0.9064337578915154
25673,LOF,0.0858616449704263,0.03836603184768414,0.8757723231818895
25674,LOF,0.07259587244323158,0.04843177559137363,0.8789723519653947
25675,LOF,0.11648902682953548,0.04684838730997308,0.8366625858604915
25676,LOF,0.019077103597963864,0.048711656203250304,0.9322112401987858
25677,LOF,0.02649960599257312,0.061895073947162295,0.9116053200602646
25678,LOF,0.17749160660260976,0.057890608800168594,0.7646177845972216
25679,LOF,0.12536639807433295,0.07539089882371328,0.7992427031019538
25680,LOF,0.029519443816657606,0.10506765938259582,0.8654128968007465
25681,LOF,0.047018311128306255,0.09628217332622589,0.856699515545468
25682,LOF,0.1432092267783245,0.05965431891132791,0.7971364543103475
25683,LOF,0.12459843425532598,0.07920765524623434,0.7961939104984397
25684,LOF,0.04279801063803383,0.06194768220595235,0.8952543071560138
25685,LOF,0.13150250566193353,0.04961467531189769,0.8188828190261687
25686,LOF,0.07094871150191663,0.09024496168059153,0.8388063268174918
25687,LOF,0.11494402874282308,0.08263085570362672,0.8024251155535502
25688,LOF,0.28668553328651636,0.03495863032031043,0.6783558363931732
25689,LOF,0.21918480520516018,0.0449666925602432,0.7358485022345965
25690,LOF,0.35186431921293004,0.03228279358634543,0.6158528872007246
25691,Neutral,0.6867943695949333,0.031354741471535774,0.281850888933531
25692,LOF,0.29081722434905466,0.010709773186321771,0.6984730024646235
25693,LOF,0.047679987028452345,0.475233825301969,0.4770861876695787
25694,LOF,0.1336154294774024,0.021673973957623764,0.8447105965649738
25695,LOF,0.12729855558453487,0.0169327460452424,0.8557686983702226
25696,LOF,0.1236262869873203,0.009591095292464902,0.8667826177202148
25697,LOF,0.11279898984320794,0.027872101209955768,0.8593289089468363
25698,LOF,0.33617016470366434,0.26589047737437943,0.3979393579219563
25699,LOF,0.39919613165070617,0.04684770265911234,0.5539561656901815
25700,LOF,0.0539863504867837,0.01135324512014932,0.9346604043930669
25701,LOF,0.16426576712397525,0.06417819607432193,0.7715560368017028
25702,GOF,0.1810106281883739,0.5257689820704814,0.2932203897411447
25703,LOF,0.01635838773006625,0.1616441550160947,0.821997457253839
25704,LOF,0.048875785929464205,0.11089945009780701,0.8402247639727287
25705,LOF,0.05701115590887406,0.18512361170872382,0.7578652323824021
25706,LOF,0.09522111517269854,0.3519400394041437,0.5528388454231578
25707,LOF,0.09150144910194528,0.2827288683434143,0.6257696825546404
25708,LOF,0.03228655318880459,0.2680234927635148,0.6996899540476806
25709,LOF,0.054309843837940124,0.041405521422097594,0.9042846347399622
25710,LOF,0.011991494959842555,0.1354888734423989,0.8525196315977585
25711,LOF,0.018645226743217655,0.09070010605360068,0.8906546672031818
25712,LOF,0.013379303901836323,0.1819400738531329,0.8046806222450307
25713,LOF,0.01803302447553897,0.07919149833623432,0.9027754771882267
25714,LOF,0.06763560265083507,0.07620662036567806,0.8561577769834868
25715,LOF,0.009970638348151607,0.13914643763439755,0.8508829240174509
25716,LOF,0.014890254626420666,0.11087548384043619,0.8742342615331432
25717,LOF,0.013016448784381773,0.08360207031075706,0.9033814809048611
25718,LOF,0.011463792298266898,0.11060364094207165,0.8779325667596615
25719,LOF,0.01730023639516567,0.08230992534664429,0.9003898382581901
25720,LOF,0.020406031045959665,0.06884981259627689,0.9107441563577634
25721,LOF,0.015602478129891774,0.10517261474943528,0.879224907120673
25722,LOF,0.012565888819767395,0.11819398920874838,0.8692401219714841
25723,LOF,0.02112210402257406,0.04620211025620273,0.9326757857212231
25724,LOF,0.02255469541211346,0.08587773360645166,0.8915675709814348
25725,LOF,0.011293798445901195,0.07053836136285856,0.9181678401912402
25726,LOF,0.014185513711479468,0.09935409642256976,0.8864603898659508
25727,LOF,0.012508595879287977,0.07641608090427925,0.9110753232164328
25728,LOF,0.009353543989049074,0.10482063169105633,0.8858258243198947
25729,LOF,0.009605951037665645,0.10728001062092764,0.8831140383414067
25730,LOF,0.013225482515826198,0.07924332223937537,0.9075311952447985
25731,LOF,0.021986556688039727,0.11301944330976108,0.8649940000021992
25732,LOF,0.01460821931646883,0.08614550763330645,0.8992462730502246
25733,LOF,0.015075590430852324,0.07529676981406842,0.9096276397550792
25734,LOF,0.012974351797480963,0.12407535826494419,0.8629502899375747
25735,LOF,0.01331275688607491,0.07834004221359107,0.9083472009003339
25736,LOF,0.013573045187225801,0.10488581025129301,0.8815411445614812
25737,LOF,0.019848391530277624,0.08677697214518046,0.893374636324542
25738,LOF,0.012914779735356052,0.11618117059308383,0.8709040496715601
25739,LOF,0.0199947425261303,0.08394023191574397,0.8960650255581256
25740,LOF,0.025648105934041793,0.09678213173837878,0.8775697623275794
25741,LOF,0.013985017032703688,0.10367306791581443,0.8823419150514819
25742,LOF,0.1068433184097058,0.07741721512230691,0.8157394664679873
25743,LOF,0.03411216398722376,0.027115186227739264,0.938772649785037
25744,Neutral,0.5679566957691897,0.19687332192940987,0.2351699823014005
25745,LOF,0.08195529470351803,0.0561578259655288,0.8618868793309533
25746,LOF,0.04018078029708906,0.06378363474421281,0.8960355849586981
25747,LOF,0.024217152163252573,0.03424276803332084,0.9415400798034267
25748,LOF,0.10902584826307761,0.04725011925190689,0.8437240324850156
25749,LOF,0.02501481087797229,0.06454371050623368,0.9104414786157939
25750,LOF,0.07970790052906031,0.0685866843484856,0.8517054151224541
25751,LOF,0.0982251941501517,0.0449680466632509,0.8568067591865974
25752,GOF,0.10101179467019777,0.6664092786015576,0.23257892672824473
25753,LOF,0.018362560305980526,0.25400144858621143,0.7276359911078081
25754,GOF,0.01083163085297588,0.7717731867167755,0.2173951824302485
25755,LOF,0.021375375336344784,0.37859512922753324,0.600029495436122
25756,LOF,0.04011559364277853,0.34561515162393835,0.6142692547332831
25757,GOF,0.013838689273745887,0.8286341790726769,0.15752713165357726
25758,GOF,0.027018015446194713,0.8250663462049033,0.14791563834890217
25759,GOF,0.011567200366149766,0.5184910829492317,0.4699417166846184
25760,LOF,0.011641254123468722,0.21440957893081078,0.7739491669457205
25761,GOF,0.27637319491127293,0.6220079857726988,0.10161881931602829
25762,LOF,0.0339037370188795,0.2496767737150983,0.7164194892660223
25763,LOF,0.012653973411093113,0.18215705348009112,0.8051889731088157
25764,GOF,0.07745844129962658,0.6014243711157938,0.3211171875845796
25765,GOF,0.04471872508497701,0.735459494120277,0.2198217807947459
25766,GOF,0.0606875060045564,0.776471691494819,0.1628408025006245
25767,GOF,0.16760859666631223,0.4322605160603001,0.4001308872733878
25768,LOF,0.09745749466191478,0.0647786860796124,0.8377638192584728
25769,LOF,0.06548861313896726,0.06224126651176252,0.8722701203492702
25770,LOF,0.2863886673217527,0.08231544778018106,0.6312958848980662
25771,LOF,0.04084140283695129,0.043962950382124895,0.9151956467809237
25772,LOF,0.016739376665441837,0.03245799974679615,0.9508026235877619
25773,LOF,0.04539706619005737,0.07496716779928637,0.8796357660106563
25774,LOF,0.027898327532884636,0.07085665254220047,0.9012450199249149
25775,LOF,0.04690515637461656,0.046517795271063075,0.9065770483543203
25776,LOF,0.07109161156965042,0.0265786518823753,0.9023297365479743
25777,LOF,0.3417435072489817,0.04906552176435296,0.6091909709866654
25778,LOF,0.06312385534865705,0.048251717266967045,0.8886244273843759
25779,GOF,0.3434050672146649,0.6090934171926957,0.04750151559263941
25780,GOF,0.3007502545737264,0.6274587828174735,0.07179096260880019
25781,GOF,0.12997073592618788,0.7644736003277016,0.10555566374611036
25782,GOF,0.17928993270129967,0.754575481557913,0.06613458574078722
25783,GOF,0.027596180406270276,0.6396919966370802,0.3327118229566496
25784,GOF,0.46513057975069266,0.49479589495377196,0.040073525295535255
25785,GOF,0.3759547512155056,0.5811711105762387,0.04287413820825564
25786,GOF,0.023292740676030228,0.7702499807568192,0.20645727856715054
25787,Neutral,0.6470258134751494,0.32789225452413734,0.025081932000713136
25788,LOF,0.047041775080356965,0.10251116085356976,0.8504470640660733
25789,GOF,0.17924926704398494,0.6780828904872731,0.14266784246874198
25790,GOF,0.18159337727367367,0.7086507063695271,0.10975591635679907
25791,GOF,0.11491619719048735,0.6966310494617978,0.1884527533477148
25792,GOF,0.2789142943127102,0.5763667514464156,0.14471895424087425
25793,GOF,0.24568551500702132,0.5536554951042154,0.20065898988876335
25794,GOF,0.29789377841018094,0.5157026221861697,0.18640359940364926
25795,GOF,0.0750872314334339,0.7003246624146335,0.22458810615193253
25796,Neutral,0.5343238547669289,0.38466240840415944,0.08101373682891158
25797,GOF,0.09904666134851363,0.5387173687939227,0.3622359698575637
25798,GOF,0.0093502221131324,0.5006042107656191,0.49004556712124847
25799,LOF,0.0065967837002709065,0.40636048824086746,0.5870427280588617
25800,GOF,0.029779863769877103,0.5861884395249073,0.3840316967052156
25801,GOF,0.16469329526795892,0.6959668044508175,0.13933990028122353
25802,GOF,0.0710109560228485,0.702884937233343,0.22610410674380851
25803,GOF,0.03362253651342377,0.5827100427548262,0.38366742073175014
25804,GOF,0.031110037571374018,0.49561901931128804,0.47327094311733797
25805,GOF,0.08446435097036441,0.6103483016327838,0.30518734739685194
25806,GOF,0.08893245425797927,0.5917307326092929,0.3193368131327279
25807,GOF,0.019705173116331923,0.6350045933950257,0.34529023348864246
25808,GOF,0.07247316071984382,0.643411663938772,0.28411517534138414
25809,GOF,0.015984052174224526,0.5615652804397747,0.4224506673860008
25810,GOF,0.014859973897664148,0.6109078392641871,0.3742321868381487
25811,GOF,0.4356849124331686,0.48237757943869347,0.08193750812813795
25812,GOF,0.02746658078384609,0.6248907115386859,0.347642707677468
25813,Neutral,0.5050050688282175,0.39068359448459744,0.10431133668718501
25814,GOF,0.1051653322276352,0.6337135981240497,0.26112106964831505
25815,GOF,0.2031871399367399,0.5981856336263403,0.19862722643691993
25816,GOF,0.024225765777686193,0.7144561855024212,0.26131804871989284
25817,GOF,0.24582756197336522,0.6190610833479728,0.13511135467866192
25818,GOF,0.05108802420895126,0.6786853238576658,0.270226651933383
25819,GOF,0.3527083571991851,0.4952524570135871,0.1520391857872276
25820,GOF,0.1915926671796834,0.5999362932139454,0.20847103960637123
25821,GOF,0.06174307149818937,0.6709015533520941,0.26735537514971647
25822,GOF,0.21851347859566986,0.5516430837640681,0.22984343764026213
25823,GOF,0.031483826333189524,0.5363120001887323,0.43220417347807816
25824,GOF,0.09039975020511823,0.5925277708964175,0.31707247889846424
25825,GOF,0.03629509780592879,0.5990553804933788,0.3646495217006925
25826,GOF,0.015328303934220707,0.5763763688744614,0.4082953271913178
25827,GOF,0.0236970811973893,0.6081198015431412,0.3681831172594695
25828,GOF,0.013652035060818057,0.5420068981878335,0.4443410667513485
25829,GOF,0.005450351902259196,0.5608669688264386,0.43368267927130216
25830,LOF,0.03291461080077178,0.2878637052439821,0.6792216839552461
25831,GOF,0.23217618327559666,0.6435649489231591,0.12425886780124437
25832,GOF,0.02792482856733436,0.7238888183102948,0.2481863531223708
25833,GOF,0.10607470661852492,0.7379808562418109,0.15594443713966413
25834,GOF,0.026802007816745372,0.740765304976379,0.23243268720687546
25835,GOF,0.056290187020062075,0.7864775366659784,0.15723227631395947
25836,GOF,0.027686039112586453,0.715904699813905,0.2564092610735086
25837,GOF,0.022570576970960578,0.6251756907020909,0.3522537323269485
25838,GOF,0.08043071409230536,0.7731369340310768,0.14643235187661782
25839,GOF,0.28350526132688453,0.5678964620565398,0.1485982766165756
25840,GOF,0.2665435248246474,0.60633946353493,0.1271170116404225
25841,GOF,0.2555834354136118,0.6133101944159789,0.13110637017040933
25842,GOF,0.13145722851854452,0.7519983107681336,0.11654446071332188
25843,GOF,0.20254772402800578,0.7146397342934511,0.08281254167854311
25844,GOF,0.05526819514403672,0.7501915380618801,0.19454026679408332
25845,GOF,0.014456576569886402,0.5427036561789371,0.4428397672511765
25846,GOF,0.11436917360148084,0.7509246306242298,0.1347061957742894
25847,GOF,0.08773304161228192,0.8183086932248577,0.09395826516286052
25848,GOF,0.03346748962806909,0.7355815723356459,0.23095093803628508
25849,GOF,0.00990280270858857,0.6383920842450531,0.35170511304635843
25850,GOF,0.020006590058956972,0.6928754040341705,0.2871180059068724
25851,GOF,0.015607592569037869,0.573254042408005,0.41113836502295703
25852,GOF,0.1569992358675851,0.5754384660885213,0.26756229804389353
25853,GOF,0.3239886756496521,0.5911395862612984,0.08487173808904941
25854,GOF,0.020333830944890437,0.6233959036922537,0.3562702653628558
25855,GOF,0.032693778732152685,0.5752629753853173,0.3920432458825301
25856,GOF,0.2331501650087304,0.5532026006428505,0.21364723434841906
25857,GOF,0.03695736811337353,0.5254566942028206,0.4375859376838058
25858,GOF,0.0193777845349412,0.5282170369842568,0.45240517848080203
25859,GOF,0.00975197210885296,0.5080110447588705,0.4822369831322765
25860,GOF,0.35235216175081085,0.5614276792042919,0.08622015904489704
25861,GOF,0.4281723386756828,0.49599415254547147,0.07583350877884583
25862,GOF,0.07696499354555184,0.7803106894330158,0.1427243170214322
25863,GOF,0.07273720269085014,0.7805026199671625,0.14676017734198724
25864,GOF,0.17874950147766083,0.7542590188992941,0.06699147962304501
25865,GOF,0.08394525641303584,0.8090890397589732,0.10696570382799113
25866,GOF,0.0519492096254111,0.7893612674151746,0.15868952295941435
25867,GOF,0.072575534948153,0.8258866364614685,0.10153782859037849
25868,GOF,0.25826151084341503,0.6360381751380519,0.10570031401853297
25869,Neutral,0.7115032030683816,0.24050448586064932,0.04799231107096924
25870,GOF,0.2812849370058269,0.4041584623024284,0.3145566006917447
25871,GOF,0.22043162527914464,0.6450132364031237,0.13455513831773172
25872,GOF,0.06950243678180917,0.6759192597396936,0.2545783034784972
25873,GOF,0.10745052252562848,0.7001583399811467,0.1923911374932247
25874,LOF,0.014460672278635699,0.11606117700779503,0.8694781507135692
25875,LOF,0.09358751723839097,0.040352675318610934,0.866059807442998
25876,LOF,0.032895214455402506,0.027903279936922095,0.9392015056076755
25877,Neutral,0.5187960600854856,0.03756829980481962,0.44363564010969475
25878,LOF,0.24449658472872807,0.09095150764283902,0.6645519076284329
25879,LOF,0.0974351701265817,0.08171492213379325,0.8208499077396252
25880,LOF,0.04443007407275765,0.012154356463419303,0.943415569463823
25881,LOF,0.16982278584625218,0.12138097027893026,0.7087962438748177
25882,LOF,0.059848518961403835,0.01808216580782067,0.9220693152307754
25883,LOF,0.06396582737299951,0.019672709884727264,0.9163614627422731
25884,LOF,0.030621808193255388,0.028851103335529694,0.9405270884712149
25885,LOF,0.06149052551213392,0.012715628967045683,0.9257938455208203
25886,LOF,0.2476982369594448,0.03958373775641215,0.7127180252841431
25887,LOF,0.14838606614485247,0.0661092795203094,0.7855046543348382
25888,LOF,0.061984785258578215,0.05704156479008786,0.880973649951334
25889,LOF,0.04001518905853756,0.02127386899405889,0.9387109419474036
25890,LOF,0.04904193035736489,0.13280613579016598,0.8181519338524691
25891,LOF,0.0415527476566748,0.04681762905352436,0.9116296232898008
25892,LOF,0.0793346930755044,0.023863217806934605,0.896802089117561
25893,LOF,0.23682758403432083,0.020355427254164348,0.7428169887115148
25894,LOF,0.16426172361583838,0.012718098196953546,0.8230201781872081
25895,LOF,0.18787284858377232,0.02567299370185103,0.7864541577143767
25896,LOF,0.048089291038880995,0.02399254147429645,0.9279181674868225
25897,LOF,0.25105689206263365,0.015383043737672977,0.7335600641996933
25898,Neutral,0.6985223148873028,0.011121755968336656,0.2903559291443608
25899,LOF,0.1934106620398476,0.026817595866274906,0.7797717420938775
25900,LOF,0.4505754431236115,0.012533718128465583,0.536890838747923
25901,LOF,0.049204215865112075,0.012686687759018683,0.9381090963758691
25902,LOF,0.1537210575591494,0.014556243048401052,0.8317226993924496
25903,Neutral,0.5843133579394708,0.031680617637337864,0.38400602442319137
25904,LOF,0.3093400524007394,0.05070646861912241,0.6399534789801382
25905,LOF,0.026141029370072937,0.3242939333207973,0.6495650373091297
25906,LOF,0.03022109457336876,0.08485300361995106,0.8849259018066802
25907,LOF,0.014520219476639536,0.31392096308043715,0.6715588174429233
25908,LOF,0.009995899298765487,0.24493496447148225,0.7450691362297523
25909,LOF,0.012644736863570151,0.12712461926753726,0.8602306438688927
25910,LOF,0.05136667005615786,0.13954106385346224,0.8090922660903799
25911,LOF,0.1907000234312621,0.027812853453022243,0.7814871231157157
25912,LOF,0.05061422195718964,0.05142602605149611,0.8979597519913143
25913,LOF,0.33939651286936967,0.02157892645719261,0.6390245606734377
25914,LOF,0.021449454285699072,0.051544458091061784,0.9270060876232391
25915,Neutral,0.5899837070431635,0.1247208318226456,0.28529546113419096
25916,LOF,0.08924414450461575,0.20967205004090786,0.7010838054544765
25917,LOF,0.06512886392609153,0.035758707937848015,0.8991124281360604
25918,LOF,0.022835946897338304,0.029188875960492175,0.9479751771421695
25919,LOF,0.020452044600716833,0.030634835701805044,0.948913119697478
25920,GOF,0.11631278704753804,0.5363993295083592,0.3472878834441027
25921,LOF,0.024640788720513875,0.03425845493609004,0.941100756343396
25922,LOF,0.03219715511755505,0.024809092789110213,0.9429937520933347
25923,Neutral,0.494591621012316,0.032838651685759924,0.4725697273019239
25924,LOF,0.039397331580757165,0.039757162776354986,0.9208455056428878
25925,LOF,0.07600705374870204,0.03690617602889471,0.8870867702224032
25926,LOF,0.05271527847924859,0.031559642996489425,0.915725078524262
25927,LOF,0.05766786407643189,0.14953525140539461,0.7927968845181735
25928,LOF,0.018542588849927676,0.05096726226222898,0.9304901488878434
25929,Neutral,0.614913126375332,0.034894137745023035,0.35019273587964495
25930,LOF,0.07586678591479531,0.02997879311533142,0.8941544209698733
25931,LOF,0.024016909962617218,0.033436202680597486,0.9425468873567853
25932,LOF,0.03014623991922278,0.025445177673538252,0.944408582407239
25933,LOF,0.04034367398309009,0.01619778136947578,0.9434585446474342
25934,LOF,0.025250047927984763,0.018670047774880412,0.9560799042971347
25935,LOF,0.06613531310874934,0.046409952948465207,0.8874547339427854
25936,LOF,0.04443879379016846,0.022979240815497032,0.9325819653943345
25937,LOF,0.026200670717738676,0.03520616581164031,0.9385931634706209
25938,LOF,0.06736848974634153,0.04874532110508187,0.8838861891485766
25939,LOF,0.042635617994394505,0.01885104232420949,0.938513339681396
25940,LOF,0.03567588106693431,0.3438719857868956,0.6204521331461701
25941,LOF,0.1770774306310001,0.0936766306243263,0.7292459387446736
25942,LOF,0.013434778064127592,0.03623006532343812,0.9503351566124344
25943,LOF,0.3215102474684828,0.059234529809981125,0.6192552227215361
25944,LOF,0.48099728170624356,0.021573240948792406,0.49742947734496396
25945,LOF,0.0708597655465181,0.0195423852142371,0.9095978492392448
25946,LOF,0.030764358694316766,0.11323317620178248,0.8560024651039009
25947,LOF,0.11339459889117366,0.16314230758408546,0.7234630935247408
25948,LOF,0.3728907239847988,0.007970507414013017,0.6191387686011881
25949,LOF,0.12359004706209173,0.036356088642451226,0.8400538642954571
25950,LOF,0.32984565886469297,0.31980722385934307,0.35034711727596396
25951,LOF,0.18288183262841537,0.2729335660635503,0.5441846013080344
25952,GOF,0.04309116595958563,0.48189812828095213,0.4750107057594623
25953,LOF,0.1520544337600124,0.11149611796445567,0.736449448275532
25954,LOF,0.40642678615252414,0.18416314602656506,0.4094100678209107
25955,LOF,0.0614000162263212,0.08203612626310341,0.8565638575105755
25956,LOF,0.1629613617067847,0.11729290891795555,0.7197457293752597
25957,LOF,0.03863952300043853,0.030121365655262227,0.9312391113442993
25958,LOF,0.054437895622895804,0.028064495861269256,0.917497608515835
25959,LOF,0.06437447345531216,0.3617780722778244,0.5738474542668635
25960,LOF,0.014862065297129676,0.05528561552877482,0.9298523191740955
25961,LOF,0.04089820140407204,0.02792202932528574,0.9311797692706423
25962,LOF,0.059698109082998455,0.0311050320207802,0.9091968588962214
25963,LOF,0.04386046943809168,0.2136311272918345,0.7425084032700737
25964,LOF,0.03244154007224497,0.1498660285881802,0.8176924313395748
25965,LOF,0.4480521227989255,0.06613715611834016,0.4858107210827345
25966,Neutral,0.5183989942741013,0.1633096734942874,0.3182913322316114
25967,LOF,0.01754648330322231,0.09612322289189819,0.8863302938048796
25968,LOF,0.03940730866850782,0.375998832007642,0.5845938593238502
25969,LOF,0.03755918289287187,0.06450578858838597,0.8979350285187421
25970,LOF,0.053651627747609676,0.05491139238485406,0.8914369798675362
25971,LOF,0.06213647382365399,0.023515399190478344,0.9143481269858676
25972,LOF,0.06425424438173978,0.034904299565659797,0.9008414560526004
25973,LOF,0.07139524302647351,0.010230661593957129,0.9183740953795694
25974,LOF,0.1870999306328807,0.01581573295151039,0.7970843364156088
25975,LOF,0.048846697190920337,0.02677714810119384,0.9243761547078858
25976,LOF,0.03908709277175553,0.016855809408263433,0.9440570978199812
25977,LOF,0.14597361107734083,0.08875756230345008,0.7652688266192091
25978,LOF,0.15030339996546396,0.10253203439665223,0.7471645656378838
25979,LOF,0.13496378789400884,0.10423100919875611,0.7608052029072351
25980,LOF,0.22588379686363116,0.12674256515467705,0.6473736379816918
25981,LOF,0.25600025226542356,0.12533107437425575,0.6186686733603207
25982,LOF,0.4188471095867516,0.090172002162277,0.49098088825097147
25983,LOF,0.37642519463937507,0.10278540430530211,0.5207894010553228
25984,LOF,0.04529451000070701,0.048950403570251835,0.9057550864290412
25985,LOF,0.03956478647374239,0.27213797267396156,0.688297240852296
25986,LOF,0.048441089168613484,0.3180407509214711,0.6335181599099153
25987,LOF,0.08084786809883818,0.06930071984271348,0.8498514120584484
25988,LOF,0.1565619425808739,0.06347889217285482,0.7799591652462713
25989,LOF,0.036448893106159515,0.12105867084757613,0.8424924360462643
25990,LOF,0.03803620402222298,0.17119863224475143,0.7907651637330256
25991,LOF,0.1301996352213605,0.23823348398182795,0.6315668807968116
25992,LOF,0.29771644459730634,0.1503185024716014,0.5519650529310922
25993,LOF,0.022860529199075857,0.0855053984996911,0.891634072301233
25994,LOF,0.01890607704859451,0.08170286417693498,0.8993910587744705
25995,LOF,0.02429826018439818,0.17487891291307803,0.8008228269025238
25996,GOF,0.3037585638701496,0.41369637005691756,0.2825450660729328
25997,LOF,0.0949875488086134,0.3790063602629951,0.5260060909283915
25998,Neutral,0.5065038162898272,0.02661594557176217,0.4668802381384107
25999,LOF,0.09946625697627517,0.09373043337092053,0.8068033096528043
26000,LOF,0.11098004856702147,0.04090826705268502,0.8481116843802935
26001,LOF,0.20147305254305792,0.04603640281092655,0.7524905446460156
26002,LOF,0.11844112867715086,0.040973797079632,0.840585074243217
26003,GOF,0.010635244969002885,0.5788987738705795,0.4104659811604176
26004,GOF,0.02204176819324062,0.6779419553597233,0.30001627644703605
26005,LOF,0.00697046497517828,0.43024676045182325,0.5627827745729984
26006,Neutral,0.5293650381722581,0.22645901087781375,0.24417595094992803
26007,GOF,0.023626150432444693,0.49016242845899693,0.48621142110855836
26008,GOF,0.017982754559740664,0.5878828641843619,0.39413438125589734
26009,GOF,0.02038025488984025,0.672136886390808,0.30748285871935177
26010,GOF,0.023580865810904423,0.6373399025871154,0.33907923160198034
26011,LOF,0.006571491916137268,0.407452612283688,0.5859758958001747
26012,GOF,0.012256978782365308,0.530355240737177,0.4573877804804576
26013,GOF,0.01906839336546015,0.5951723058829776,0.38575930075156206
26014,LOF,0.043502389164124654,0.11229818290789825,0.8441994279279772
26015,LOF,0.14801850564474872,0.015523098048970153,0.8364583963062812
26016,LOF,0.19164114208537977,0.056788650526519456,0.7515702073881007
26017,LOF,0.21777152509049263,0.08720159513495324,0.695026879774554
26018,LOF,0.07623045238412812,0.04052943240447821,0.8832401152113937
26019,LOF,0.07187329973861438,0.03254846076743002,0.8955782394939555
26020,LOF,0.06965839051389894,0.0996566472004503,0.8306849622856507
26021,LOF,0.0492147916491682,0.10149918941340672,0.8492860189374251
26022,LOF,0.011419362137981044,0.04451279553296653,0.9440678423290525
26023,LOF,0.0661628598387591,0.025549624589383948,0.9082875155718569
26024,LOF,0.030069156279738208,0.10305008193362547,0.8668807617866362
26025,LOF,0.15118124833265556,0.08803380507737048,0.760784946589974
26026,LOF,0.31815872606867285,0.02518692576822792,0.6566543481630992
26027,LOF,0.056413618208062996,0.019753155469713988,0.923833226322223
26028,LOF,0.1668212626405951,0.06373933960458207,0.7694393977548228
26029,LOF,0.06523852896503222,0.15714055050161338,0.7776209205333544
26030,LOF,0.02064128776617584,0.03640030911812008,0.9429584031157041
26031,LOF,0.024430060666570736,0.11035173773178479,0.8652182016016445
26032,LOF,0.06340893250203913,0.051393955788514155,0.8851971117094467
26033,LOF,0.08414054517042122,0.05114915445364648,0.8647103003759323
26034,LOF,0.04055984447132597,0.1311488919994496,0.8282912635292244
26035,LOF,0.02440356707539306,0.1286104821820437,0.8469859507425633
26036,LOF,0.03545849545390733,0.13948433652406447,0.8250571680220282
26037,LOF,0.019914607564713294,0.10426041692824177,0.875824975507045
26038,LOF,0.060106498554486895,0.05344714017338056,0.8864463612721326
26039,LOF,0.047175480563226534,0.12564383890900208,0.8271806805277714
26040,LOF,0.1934622755771377,0.09525779290664853,0.7112799315162138
26041,LOF,0.020302231140225717,0.10027186816102888,0.8794259006987454
26042,LOF,0.019205384272771346,0.0918707444653443,0.8889238712618844
26043,LOF,0.060541146407227124,0.06162333494591826,0.8778355186468546
26044,LOF,0.01833846421618674,0.044596733145400844,0.9370648026384123
26045,LOF,0.06534296469486424,0.08219913089986705,0.8524579044052687
26046,LOF,0.0560488283450114,0.050580660841757774,0.8933705108132308
26047,LOF,0.07337292595052082,0.05222534413636731,0.8744017299131118
26048,LOF,0.043839631030321034,0.03118912398731323,0.9249712449823658
26049,Neutral,0.9684015866642706,0.005194889985455659,0.02640352335027374
26050,Neutral,0.9517293092593647,0.006523814113653446,0.041746876626981795
26051,LOF,0.04879594916185063,0.2832951302418127,0.6679089205963367
26052,LOF,0.07356847041051051,0.3259594505062898,0.6004720790831997
26053,LOF,0.05816944304161914,0.14018980333692213,0.8016407536214588
26054,LOF,0.050886192599936646,0.017502298620485093,0.9316115087795783
26055,LOF,0.06692004530861906,0.016439813525071782,0.9166401411663092
26056,LOF,0.05866572481283188,0.018130382680091615,0.9232038925070765
26057,LOF,0.02851477434144152,0.012695013582289225,0.9587902120762692
26058,LOF,0.029182551424339693,0.00989104169983758,0.9609264068758228
26059,LOF,0.27651213780437955,0.021315768140737275,0.7021720940548831
26060,LOF,0.043330223433479656,0.1775325009638873,0.779137275602633
26061,LOF,0.017063335598576534,0.012863088581975162,0.9700735758194482
26062,LOF,0.009645280881870255,0.0182936728588331,0.9720610462592968
26063,LOF,0.01917467887376641,0.010651709930807338,0.9701736111954263
26064,LOF,0.020103822520789717,0.02654731624904421,0.9533488612301662
26065,LOF,0.023865087619728352,0.010912348400660939,0.9652225639796107
26066,LOF,0.019557712339182284,0.01074353302067175,0.9696987546401459
26067,LOF,0.026950517478317552,0.008474085812034335,0.9645753967096481
26068,LOF,0.04225692038732346,0.032396283980271195,0.9253467956324054
26069,LOF,0.25699503374223787,0.01930036252857433,0.7237046037291877
26070,LOF,0.4075321621009639,0.016489566141715997,0.5759782717573201
26071,LOF,0.01918068640578952,0.011678175562393981,0.9691411380318166
26072,LOF,0.017257009995576996,0.023201452050917646,0.9595415379535053
26073,LOF,0.018693358288670022,0.013966611623986344,0.9673400300873437
26074,Neutral,0.9053305524149791,0.00598359862217476,0.0886858489628462
26075,LOF,0.043635457631276194,0.014048741699132438,0.9423158006695914
26076,LOF,0.035625732419453916,0.008441385424626927,0.9559328821559191
26077,LOF,0.00978069774198622,0.014227661150406603,0.9759916411076072
26078,LOF,0.014036526516684019,0.012409349637013728,0.9735541238463022
26079,LOF,0.06045571042389185,0.017119945290847555,0.9224243442852605
26080,LOF,0.05935257836866566,0.017158540586292813,0.9234888810450416
26081,LOF,0.033788835257085814,0.006743845281736865,0.9594673194611775
26082,LOF,0.013096829139881664,0.014381436272634579,0.9725217345874838
26083,LOF,0.17663284161836648,0.01462522249223325,0.8087419358894004
26084,LOF,0.04286324089226703,0.012152743365979784,0.9449840157417532
26085,LOF,0.03826930953480273,0.011471348158637628,0.9502593423065596
26086,LOF,0.020275481616843803,0.011609694238391682,0.9681148241447645
26087,LOF,0.022712123087643567,0.009097829265190316,0.9681900476471662
26088,LOF,0.01663508763215984,0.024762814101064817,0.9586020982667754
26089,LOF,0.04049830401841912,0.02222753240984386,0.9372741635717371
26090,LOF,0.040267770409589475,0.017880286945111803,0.9418519426452987
26091,LOF,0.030521277082026028,0.00647948607605089,0.962999236841923
26092,LOF,0.021028939283076253,0.007940489329044774,0.9710305713878791
26093,LOF,0.03147536168584039,0.005927754728676129,0.9625968835854836
26094,LOF,0.031198805362266564,0.006330156048129886,0.9624710385896035
26095,LOF,0.040357003922704575,0.01502575914098174,0.9446172369363136
26096,LOF,0.016817666335657212,0.01205186736567544,0.9711304662986673
26097,LOF,0.012418920670637114,0.040821685889633634,0.9467593934397294
26098,LOF,0.07618819275395061,0.012060423430462642,0.9117513838155867
26099,LOF,0.019445296233544764,0.012413168463542778,0.9681415353029125
26100,LOF,0.02143562752984991,0.012192092061225157,0.966372280408925
26101,LOF,0.043487308403974356,0.01821046066627821,0.9383022309297474
26102,LOF,0.019199827776416347,0.01455905191349537,0.9662411203100884
26103,Neutral,0.8800597000007925,0.019416380141113125,0.10052391985809446
26104,LOF,0.0814297271346588,0.02490981857047599,0.8936604542948652
26105,LOF,0.19554694354041138,0.2782007694920918,0.5262522869674968
26106,LOF,0.16517639163896194,0.13835112172455502,0.6964724866364831
26107,LOF,0.24551518783961304,0.08431905708315021,0.6701657550772367
26108,LOF,0.21521092209308396,0.09498765789663824,0.6898014200102778
26109,LOF,0.08550460279745005,0.0575610682314205,0.8569343289711294
26110,LOF,0.22480304730283612,0.006270030312980342,0.7689269223841835
26111,Neutral,0.5245502395200659,0.023389184940058975,0.4520605755398753
26112,LOF,0.03405841311654153,0.006311081616849161,0.9596305052666092
26113,LOF,0.0636140419795772,0.014676478782864717,0.9217094792375581
26114,LOF,0.02575381906966571,0.027692281367799707,0.9465538995625347
26115,LOF,0.09128687443330982,0.04799997814481623,0.8607131474218739
26116,LOF,0.0624086016450715,0.057923658624925864,0.8796677397300027
26117,LOF,0.44617171488744767,0.04319878229931666,0.5106295028132357
26118,LOF,0.0325043431043998,0.02407020416699922,0.9434254527286011
26119,LOF,0.023783666953908357,0.03249722026706215,0.9437191127790295
26120,LOF,0.023511601735933706,0.018933996106985714,0.9575544021570804
26121,LOF,0.03885257082728766,0.08670330026117591,0.8744441289115363
