feature0,prediction,LoGoFunc_Neutral,LoGoFunc_GOF,LoGoFunc_LOF
25546,Neutral,0.6209789236335407,0.04969540518958257,0.32932567117687683
25547,Neutral,0.48238646058815127,0.07952601650596798,0.4380875229058807
25548,Neutral,0.4990062238593357,0.06671334473248859,0.43428043140817574
25549,LOF,0.43219655168400833,0.06652787246833501,0.5012755758476567
25550,LOF,0.34521123773213264,0.11024145728996335,0.544547304977904
25551,LOF,0.3157497724557865,0.11906631270169754,0.565183914842516
25552,LOF,0.26331797821221414,0.11893802738866709,0.6177439943991188
25553,Neutral,0.793263878437564,0.040910201732003444,0.16582591983043257
25554,LOF,0.30514088795842903,0.10912781103905965,0.5857313010025114
25555,LOF,0.2578230057137728,0.1028366211454353,0.6393403731407918
25556,LOF,0.45307425671946155,0.08586096989238994,0.46106477338814844
25557,LOF,0.24848505040196964,0.106537451063917,0.6449774985341133
25558,LOF,0.29925839954643235,0.10568399979192614,0.5950576006616415
25559,LOF,0.29091887113967074,0.13474423179952258,0.5743368970608067
25560,LOF,0.16676850316079816,0.12006983480925364,0.7131616620299481
25561,LOF,0.16772892998588723,0.1360612192755489,0.696209850738564
25562,LOF,0.06965745829416564,0.08537949358474643,0.8449630481210879
25563,LOF,0.02361723627222003,0.1418431391433371,0.8345396245844428
25564,LOF,0.20975001401749083,0.12320616675389193,0.6670438192286172
25565,LOF,0.2034793751334851,0.12698194084432016,0.6695386840221947
25566,GOF,0.10106951522789805,0.6424069154189331,0.25652356935316895
25567,LOF,0.0415066572492473,0.17471395104655327,0.7837793917041994
25568,LOF,0.06282433640767082,0.09548455990307328,0.8416911036892558
25569,LOF,0.05895998639697019,0.09787955285104143,0.8431604607519884
25570,LOF,0.02704917788453315,0.1246077830527612,0.8483430390627058
25571,LOF,0.025930808748464262,0.1323593365932719,0.8417098546582639
25572,LOF,0.05854498604831748,0.14831040156806852,0.7931446123836139
25573,LOF,0.06425137902342476,0.1146874639414665,0.8210611570351087
25574,LOF,0.06544100421471619,0.22846821540707954,0.7060907803782044
25575,LOF,0.021645172372713458,0.14696262483648656,0.8313922027908001
25576,LOF,0.027946046878170174,0.1799211967944299,0.7921327563273999
25577,LOF,0.028744077392449573,0.13453622894463738,0.836719693662913
25578,LOF,0.3161228715375443,0.10819326229939609,0.5756838661630596
25579,LOF,0.13175135689645398,0.11786716473231583,0.7503814783712303
25580,LOF,0.02002705162752356,0.1006559617852503,0.879316986587226
25581,LOF,0.056847363662814496,0.08807552137046076,0.8550771149667247
25582,LOF,0.05668547104316316,0.08613009738651385,0.8571844315703229
25583,LOF,0.022020892875066853,0.10593687010279167,0.8720422370221416
25584,Neutral,0.7003326795712653,0.13197651959946913,0.16769080082926568
25585,LOF,0.027492909273696034,0.17256139989352334,0.7999456908327806
25586,LOF,0.01760352031860819,0.09007623545585172,0.8923202442255401
25587,LOF,0.01741263185167554,0.07591965026848192,0.9066677178798426
25588,LOF,0.0202585225226038,0.08533232641642371,0.8944091510609726
25589,Neutral,0.5022200250293051,0.23147870527178616,0.2663012696989088
25590,LOF,0.047175273873862174,0.15101430255657572,0.8018104235695621
25591,LOF,0.09824802069894384,0.07933897099746454,0.8224130083035915
25592,LOF,0.058391685100205315,0.17146523156844398,0.7701430833313507
25593,LOF,0.15035378412210518,0.27822716913130197,0.5714190467465928
25594,LOF,0.04799077099372965,0.07717430745644382,0.8748349215498264
25595,LOF,0.04706452294186531,0.05328440125983228,0.8996510757983024
25596,LOF,0.09515801536734919,0.02699415948844831,0.8778478251442026
25597,LOF,0.08087302959174264,0.03438154166409899,0.8847454287441584
25598,LOF,0.04584139673967081,0.0575535170333581,0.8966050862269711
25599,LOF,0.0184313953651222,0.4813668980556899,0.5002017065791879
25600,GOF,0.16750424272202752,0.5208557906793992,0.31163996659857324
25601,LOF,0.035310199673152985,0.3912859088074032,0.5734038915194438
25602,LOF,0.03475799608501503,0.06208702817585408,0.903154975739131
25603,LOF,0.034258007416088226,0.03656471622144302,0.9291772763624687
25604,LOF,0.03657905288402269,0.07911672293582114,0.8843042241801562
25605,LOF,0.03461394265505421,0.20325165526328867,0.7621344020816572
25606,LOF,0.4068416697219105,0.1206411749089125,0.4725171553691769
25607,LOF,0.02588855816274142,0.17447491186688244,0.7996365299703762
25608,LOF,0.03694796211726694,0.07752517961207683,0.8855268582706562
25609,GOF,0.14034873428334219,0.5425861948574744,0.3170650708591833
25610,LOF,0.017167494234617105,0.027003664992539617,0.9558288407728434
25611,LOF,0.014339768850016695,0.03153541974019357,0.9541248114097898
25612,LOF,0.050902023534688465,0.047535342639114304,0.9015626338261972
25613,LOF,0.04808636224341671,0.04569140661293538,0.9062222311436479
25614,LOF,0.023457668192327658,0.024805904574629015,0.9517364272330432
25615,LOF,0.042984925810033305,0.03940806603320211,0.9176070081567645
25616,LOF,0.051464925933498634,0.028331550377748167,0.9202035236887531
25617,LOF,0.043440991441083036,0.03865105428183818,0.9179079542770788
25618,LOF,0.05031503462660462,0.03464295510873558,0.9150420102646598
25619,LOF,0.013697067405843422,0.03291098809799426,0.9533919444961623
25620,LOF,0.06240522319768218,0.04576844710554147,0.8918263296967764
25621,LOF,0.0568017529538255,0.035579318755813834,0.9076189282903607
25622,LOF,0.06399200006476669,0.03544922155858703,0.9005587783766463
25623,LOF,0.07210176318349636,0.027965452545798353,0.8999327842707053
25624,LOF,0.019866445971872468,0.033768305794789774,0.9463652482333378
25625,LOF,0.05844150046254243,0.04043527492281861,0.901123224614639
25626,LOF,0.04860336843499667,0.04376452788612239,0.9076321036788809
25627,Neutral,0.8950183524437632,0.02180324759963472,0.083178399956602
25628,LOF,0.16519225911702495,0.06797531273750028,0.7668324281454747
25629,LOF,0.06798096831946543,0.05341183604744132,0.8786071956330933
25630,LOF,0.2798997174827079,0.07920284758121807,0.640897434936074
25631,Neutral,0.5507479494349652,0.0687984954264667,0.3804535551385681
25632,LOF,0.026821137814444795,0.06298542195374632,0.910193440231809
25633,LOF,0.15125213078873448,0.041195535922558243,0.8075523332887072
25634,LOF,0.03239053279112284,0.09989928580983336,0.8677101813990438
25635,LOF,0.03438905773496655,0.04563175042707423,0.9199791918379592
25636,LOF,0.033263359122278374,0.4190565722756492,0.5476800686020724
25637,GOF,0.08134675420580006,0.4711579834343446,0.44749526235985526
25638,LOF,0.03208735659227444,0.3346481296011611,0.6332645138065645
25639,LOF,0.02938670024069153,0.3688635945567779,0.6017497052025306
25640,Neutral,0.781767071239015,0.169937225121984,0.04829570363900087
25641,GOF,0.07081044473833564,0.5231643836910643,0.4060251715705999
25642,LOF,0.051835666491406106,0.20115186137198676,0.747012472136607
25643,LOF,0.2007420746899963,0.17292514247996219,0.6263327828300415
25644,GOF,0.02574599384424649,0.5068797174572823,0.46737428869847125
25645,LOF,0.028868526256682958,0.4561388500611038,0.5149926236822132
25646,LOF,0.06476432348244532,0.37694539203607996,0.5582902844814748
25647,LOF,0.0314641914054815,0.31171312400177514,0.6568226845927433
25648,LOF,0.043690294069346824,0.3009602106389183,0.6553494952917348
25649,LOF,0.019045984746563317,0.26490608056130693,0.7160479346921297
25650,LOF,0.05568521739116035,0.43993639238234983,0.5043783902264898
25651,LOF,0.019519159797247953,0.32651313745663085,0.6539677027461213
25652,LOF,0.04035880812741788,0.3084329953333315,0.6512081965392506
25653,GOF,0.09587408736545298,0.47600991369265894,0.42811599894188807
25654,LOF,0.030074411443214807,0.2762953332320572,0.6936302553247281
25655,GOF,0.22468558960605547,0.4760004315872612,0.29931397880668326
25656,LOF,0.3819505788170033,0.0920493698862917,0.526000051296705
25657,LOF,0.06424252645937739,0.07814684177612286,0.8576106317644997
25658,LOF,0.36444840739100975,0.08634689896260805,0.5492046936463821
25659,Neutral,0.523460166113448,0.10625290523070288,0.37028692865584906
25660,LOF,0.0206587804560335,0.07982248359553425,0.8995187359484323
25661,LOF,0.093449107441002,0.05835781101001621,0.8481930815489819
25662,LOF,0.033456729918625416,0.03382596406908689,0.9327173060122878
25663,LOF,0.04308076550127761,0.046874678726273204,0.9100445557724491
25664,LOF,0.1354064318213548,0.06201265438699046,0.8025809137916547
25665,LOF,0.05165490861593833,0.03229449416224729,0.9160505972218145
25666,LOF,0.08538769078105829,0.06869096881821765,0.8459213404007242
25667,LOF,0.0708758921059453,0.03848039367615044,0.8906437142179042
25668,LOF,0.03650981326706532,0.04509381113454774,0.9183963755983869
25669,LOF,0.031255824510851286,0.04692578111009717,0.9218183943790516
25670,LOF,0.13873469860776735,0.05475119605791924,0.8065141053343134
25671,LOF,0.11315636034064315,0.03459348087686065,0.8522501587824963
25672,LOF,0.04987178613176935,0.04307887831585984,0.9070493355523708
25673,LOF,0.07619387284127171,0.04762858278212804,0.8761775443766002
25674,LOF,0.06533609636260768,0.05835858436636743,0.876305319271025
25675,LOF,0.1117572859209818,0.059670689731046125,0.8285720243479721
25676,LOF,0.01850240059329398,0.051851553320110794,0.9296460460865952
25677,LOF,0.025676063691770265,0.06820998711924417,0.9061139491889856
25678,LOF,0.19352269182167461,0.059803512379478486,0.7466737957988469
25679,LOF,0.12223338010669661,0.07631678428129911,0.8014498356120043
25680,LOF,0.03152783493898782,0.12126777526170276,0.8472043897993095
25681,LOF,0.049772655040531036,0.10846135734173525,0.8417659876177337
25682,LOF,0.13942206684264347,0.07170111003640901,0.7888768231209475
25683,LOF,0.11474903912190015,0.08625216981472462,0.7989987910633752
25684,LOF,0.044375141406497086,0.06883361172100254,0.8867912468725004
25685,LOF,0.15107717479519972,0.05701665144684731,0.791906173757953
25686,LOF,0.08075106967599109,0.09554350219059791,0.823705428133411
25687,LOF,0.13676269959453555,0.09311124506896423,0.7701260553365001
25688,LOF,0.3387028556010179,0.03339016822160586,0.6279069761773762
25689,LOF,0.2524831841174638,0.03881804055946837,0.7086987753230679
25690,LOF,0.33605185508589186,0.029010782677220067,0.634937362236888
25691,Neutral,0.7089973808535397,0.02413687337474177,0.2668657457717186
25692,LOF,0.3594734952090472,0.009434934642193317,0.6310915701487594
25693,LOF,0.04545266663241361,0.41564801748383057,0.5388993158837558
25694,LOF,0.11783717461408433,0.014993809009794676,0.867169016376121
25695,LOF,0.1193148201858961,0.014312005037824609,0.8663731747762793
25696,LOF,0.13789121291581963,0.009016113515693619,0.8530926735684866
25697,LOF,0.08508808774004904,0.047535913073269716,0.8673759991866812
25698,LOF,0.3261602908369252,0.1678518461451181,0.5059878630179567
25699,LOF,0.42653468014403856,0.041929263564563654,0.5315360562913979
25700,LOF,0.07277686489926981,0.009959377258187237,0.9172637578425429
25701,LOF,0.1688214128359566,0.04981700128751674,0.7813615858765266
25702,GOF,0.15255734601746576,0.5955147462136482,0.25192790776888596
25703,LOF,0.015247659659160081,0.1593676485100791,0.8253846918307609
25704,LOF,0.03723960300059598,0.11271604238256602,0.8500443546168379
25705,LOF,0.051765628513891666,0.1578635103794783,0.79037086110663
25706,LOF,0.09753656747071801,0.44167120567412377,0.46079222685515825
25707,LOF,0.09539068248062836,0.3705402123870143,0.5340691051323574
25708,LOF,0.030708856544725133,0.3160511000617196,0.6532400433935551
25709,LOF,0.06506117546591816,0.04423501144566747,0.8907038130884143
25710,LOF,0.011127637105591986,0.16484522257671227,0.8240271403176957
25711,LOF,0.01949728407881284,0.10006701033829958,0.8804357055828876
25712,LOF,0.0134723235643,0.20353803795137715,0.7829896384843228
25713,LOF,0.01878786122599612,0.09795658700694208,0.8832555517670617
25714,LOF,0.0752460411989236,0.08665581768593163,0.8380981411151448
25715,LOF,0.011516918457179037,0.16375743289221253,0.8247256486506084
25716,LOF,0.013111611732983353,0.11801847893206022,0.8688699093349564
25717,LOF,0.012043060169065938,0.08566522245730158,0.9022917173736326
25718,LOF,0.012505548958499415,0.10281233946725367,0.8846821115742469
25719,LOF,0.01922258336457744,0.07830261342173236,0.9024748032136901
25720,LOF,0.023166521493941633,0.0715027939570157,0.9053306845490428
25721,LOF,0.015619231513595011,0.12649102236423668,0.8578897461221684
25722,LOF,0.013980161109451867,0.13932713686930132,0.8466927020212469
25723,LOF,0.02221264678247714,0.045431716816096895,0.9323556364014259
25724,LOF,0.031339016338570745,0.0899312984167094,0.8787296852447197
25725,LOF,0.012058213141364476,0.0666199426612494,0.9213218441973862
25726,LOF,0.014795834743730996,0.11938275755932715,0.8658214076969419
25727,LOF,0.013413602088018301,0.08691963723256654,0.8996667606794152
25728,LOF,0.010078599898743015,0.13061981374407913,0.8593015863571779
25729,LOF,0.010380066482140458,0.12869281314624142,0.860927120371618
25730,LOF,0.013768025075123166,0.09437315195050944,0.8918588229743674
25731,LOF,0.017707674341159513,0.12037834579302245,0.861913979865818
25732,LOF,0.013410040883739831,0.09665599399869144,0.8899339651175686
25733,LOF,0.01560957051879358,0.07375944067372472,0.9106309888074818
25734,LOF,0.011321491166490437,0.12561444193704707,0.8630640668964625
25735,LOF,0.014105613323754118,0.09223637363240585,0.8936580130438401
25736,LOF,0.01523160560436139,0.1110309668950904,0.8737374275005483
25737,LOF,0.012442081863268244,0.08708115415527914,0.9004767639814526
25738,LOF,0.012453142146201199,0.11932348503553486,0.868223372818264
25739,LOF,0.021403442839507448,0.08103976329815084,0.8975567938623418
25740,LOF,0.026401683714717166,0.12223907919260947,0.8513592370926735
25741,LOF,0.015278678243616929,0.13116420318371297,0.8535571185726701
25742,LOF,0.12535232670664262,0.09314343478369096,0.7815042385096664
25743,LOF,0.03567136782029461,0.036085501091642026,0.9282431310880632
25744,Neutral,0.5969098944412461,0.19123757756900175,0.2118525279897521
25745,LOF,0.07769278739662452,0.06426638537236867,0.8580408272310068
25746,LOF,0.047558628922951346,0.07829227420087445,0.8741490968761741
25747,LOF,0.021738775799482257,0.050963588500789345,0.9272976356997283
25748,LOF,0.09049669644307602,0.0754231706252095,0.8340801329317146
25749,LOF,0.028918182660577066,0.06909652138937486,0.9019852959500482
25750,LOF,0.09936612589363136,0.07385213352839015,0.8267817405779784
25751,LOF,0.10630544268341396,0.08729139518347892,0.8064031621331071
25752,GOF,0.12579644508582097,0.6471275964158971,0.227075958498282
25753,LOF,0.019752511655966885,0.2503746966591213,0.7298727916849118
25754,GOF,0.012179377888163605,0.7878660338858301,0.1999545882260062
25755,LOF,0.0232153247498998,0.3557504629601912,0.6210342122899088
25756,LOF,0.047194066843923535,0.3395631218549011,0.6132428113011754
25757,GOF,0.015255298543616501,0.8288775517348849,0.15586714972149884
25758,GOF,0.0289419208436828,0.805701377105606,0.16535670205071124
25759,GOF,0.012228684710972555,0.5730080159200384,0.41476329936898915
25760,LOF,0.011822160138410625,0.23827359435215156,0.7499042455094379
25761,GOF,0.27004523826552973,0.6355748685989651,0.09437989313550517
25762,LOF,0.03834261067257512,0.23936238130252369,0.7222950080249011
25763,LOF,0.013225249329179678,0.17964549692114448,0.8071292537496759
25764,GOF,0.07604360797612415,0.640453206961157,0.2835031850627188
25765,GOF,0.04104560015642264,0.7536993543857178,0.20525504545785953
25766,GOF,0.07013001802709729,0.7625918765323959,0.16727810544050684
25767,GOF,0.1709229255038087,0.5437399428118691,0.2853371316843222
25768,LOF,0.1110291279924913,0.062097626137493575,0.8268732458700151
25769,LOF,0.05808365276657976,0.06093249089368495,0.8809838563397353
25770,LOF,0.3162489252212063,0.10071412300247834,0.5830369517763153
25771,LOF,0.04224700675811471,0.047997546896523635,0.9097554463453615
25772,LOF,0.018323274926235863,0.04353372483653551,0.9381430002372286
25773,LOF,0.04644577337700795,0.09687438429792128,0.8566798423250707
25774,LOF,0.029743104050566415,0.07803930441495267,0.8922175915344809
25775,LOF,0.04987800181965023,0.04481335862144717,0.9053086395589027
25776,LOF,0.08258398353583946,0.02807345882333686,0.8893425576408236
25777,LOF,0.37852521680305445,0.06078952686611588,0.5606852563308297
25778,LOF,0.07481590557151087,0.051186693991566196,0.873997400436923
25779,GOF,0.3696736981156843,0.5864388683398919,0.04388743354442378
25780,GOF,0.3089359725019519,0.6175187926396604,0.07354523485838774
25781,GOF,0.12664837678208274,0.7632688040384332,0.1100828191794841
25782,GOF,0.1961161476517216,0.7318526982483959,0.07203115409988249
25783,GOF,0.02213337299383079,0.6290274947899316,0.3488391322162377
25784,Neutral,0.4829393958988922,0.4769969168760357,0.0400636872250721
25785,GOF,0.4504189934828801,0.5099165094475707,0.03966449706954914
25786,GOF,0.02340488277585514,0.7530753381727678,0.22351977905137693
25787,Neutral,0.6277427424676452,0.34739509043324995,0.0248621670991049
25788,LOF,0.05523643616115196,0.11941558739963735,0.8253479764392108
25789,GOF,0.2172217712079652,0.6678162655558968,0.11496196323613794
25790,GOF,0.21192689072057108,0.6864436457747771,0.10162946350465182
25791,GOF,0.19134921774874858,0.6751174255673247,0.1335333566839268
25792,GOF,0.39328621614758996,0.503457104923921,0.103256678928489
25793,GOF,0.2178255021049741,0.5572937542086216,0.2248807436864044
25794,GOF,0.2932841126819042,0.5321300886049026,0.17458579871319319
25795,GOF,0.09848801211507455,0.685010298632499,0.2165016892524265
25796,Neutral,0.5445642846720832,0.37645397048607354,0.07898174484184327
25797,GOF,0.08566067426650131,0.5243244960890641,0.3900148296444345
25798,GOF,0.00969705162471896,0.5122626805292783,0.47804026784600284
25799,LOF,0.007550487138417275,0.4019519853249777,0.5904975275366049
25800,GOF,0.03312651079294043,0.6055074484073442,0.36136604079971557
25801,GOF,0.21554636759870893,0.6546536582986526,0.1297999741026384
25802,GOF,0.07500146165966728,0.7055668595266442,0.2194316788136884
25803,GOF,0.031984328033600115,0.5920232272519321,0.37599244471446763
25804,GOF,0.030222977055018706,0.5040683792448635,0.4657086437001179
25805,GOF,0.10539820974579336,0.605322136441991,0.2892796538122156
25806,GOF,0.0961566352033031,0.6195110432774569,0.28433232151924
25807,GOF,0.019966937122447827,0.6472569547261,0.33277610815145214
25808,GOF,0.08866478343015476,0.6467962427859191,0.26453897378392616
25809,GOF,0.02139728344965276,0.6173074383871243,0.36129527816322293
25810,GOF,0.02003579053623599,0.6408340832552594,0.33913012620850447
25811,GOF,0.4461191324678164,0.48764861544498855,0.06623225208719495
25812,GOF,0.03537947451997448,0.6646116349872035,0.30000889049282203
25813,Neutral,0.5107461277669327,0.40131466591564835,0.08793920631741887
25814,GOF,0.11716350140998484,0.691967327246063,0.19086917134395218
25815,GOF,0.19190723326965953,0.6399568649104138,0.16813590181992663
25816,GOF,0.021385875323282455,0.704858341389338,0.2737557832873795
25817,GOF,0.23607345140924155,0.6538319059895261,0.11009464260123236
25818,GOF,0.0517059154984011,0.6402766024610821,0.3080174820405167
25819,GOF,0.34686291018188187,0.5087894095895829,0.1443476802285352
25820,GOF,0.17859068479990406,0.6163712288882551,0.20503808631184078
25821,GOF,0.06248456144762952,0.6842502948398882,0.25326514371248227
25822,GOF,0.20377368036100804,0.5697668539978806,0.22645946564111138
25823,GOF,0.034245072297474956,0.5196362134536635,0.4461187142488616
25824,GOF,0.0882311487562368,0.5664100294013817,0.3453588218423814
25825,GOF,0.0369936271580337,0.566761816484121,0.3962445563578452
25826,GOF,0.014887877376243008,0.5375636164807648,0.44754850614299213
25827,GOF,0.022437489907697453,0.5942119900526996,0.38335052003960296
25828,GOF,0.014311291579704892,0.5162180945694016,0.4694706138508934
25829,GOF,0.006564769725480085,0.5749425153270951,0.41849271494742485
25830,LOF,0.03184941553218162,0.338702824047043,0.6294477604207753
25831,GOF,0.22830110267680567,0.6624809455425411,0.10921795178065315
25832,GOF,0.030108010871427848,0.701185274859225,0.2687067142693473
25833,GOF,0.12327134707270611,0.711709929553176,0.16501872337411785
25834,GOF,0.03527476701475744,0.7086815982454684,0.2560436347397741
25835,GOF,0.08905671148533674,0.7464182173207561,0.16452507119390716
25836,GOF,0.03945878354562685,0.7026762744914787,0.2578649419628944
25837,GOF,0.03128025099537861,0.5940734400355718,0.37464630896904955
25838,GOF,0.10030175498274804,0.7549622087178111,0.14473603629944096
25839,GOF,0.3007011142141428,0.5621419654414317,0.13715692034442542
25840,GOF,0.2487864257554286,0.6054131228421692,0.14580045140240225
25841,GOF,0.2589533534072207,0.6012058130864952,0.13984083350628407
25842,GOF,0.19184107256545604,0.6775873100382148,0.1305716173963291
25843,GOF,0.2621306133979724,0.6455438000164294,0.09232558658559821
25844,GOF,0.07147107370503733,0.7032863049270109,0.22524262136795178
25845,LOF,0.016413916095179355,0.4813305828654086,0.5022555010394121
25846,GOF,0.12148047867609782,0.7084419126062154,0.1700776087176868
25847,GOF,0.10640370031930563,0.7936776574653409,0.09991864221535347
25848,GOF,0.03478125735526244,0.7016426117005161,0.26357613094422155
25849,GOF,0.011303190715171217,0.5848260397726393,0.40387076951218953
25850,GOF,0.02306663222053628,0.6579338866537465,0.31899948112571724
25851,GOF,0.016862850306703727,0.5310931003772678,0.4520440493160286
25852,GOF,0.17710756982033712,0.5652221646058911,0.2576702655737717
25853,GOF,0.37370545122359783,0.556174722779609,0.07011982599679316
25854,GOF,0.02290976639246824,0.648617564061455,0.32847266954607673
25855,GOF,0.03560021825266194,0.5579622717968453,0.4064375099504927
25856,GOF,0.24492331433139392,0.5521816524468085,0.20289503322179764
25857,GOF,0.03655392557321604,0.5159706243007102,0.4474754501260737
25858,GOF,0.017433225505950212,0.5505382823586082,0.43202849213544153
25859,GOF,0.009948499674986209,0.5331971673274886,0.4568543329975253
25860,GOF,0.3498083423323888,0.5687831234968369,0.08140853417077437
25861,GOF,0.41966499360352877,0.5047188577788511,0.07561614861762009
25862,GOF,0.0796015740183707,0.7869801525346221,0.13341827344700732
25863,GOF,0.08322205944331976,0.7914347424400008,0.12534319811667935
25864,GOF,0.1994233015761059,0.7244312956279028,0.07614540279599126
25865,GOF,0.090073010825441,0.8005460814289731,0.10938090774558588
25866,GOF,0.06305958628627724,0.8044084871070455,0.13253192660667726
25867,GOF,0.0791589295445862,0.8248610434606365,0.09598002699477727
25868,GOF,0.25494078257677866,0.6479977568434357,0.09706146057978551
25869,Neutral,0.6984128647029625,0.26576137926575916,0.03582575603127838
25870,GOF,0.2857600815393271,0.3997446723443138,0.31449524611635915
25871,GOF,0.21432052692939862,0.6380229526201644,0.14765652045043706
25872,GOF,0.0719364906683217,0.6682916687234283,0.2597718406082501
25873,GOF,0.13259701005166852,0.6783108826532437,0.1890921072950877
25874,LOF,0.017674028165257077,0.12879195164474094,0.853534020190002
25875,LOF,0.10556906158827907,0.037513778900714494,0.8569171595110064
25876,LOF,0.0362202324311251,0.042481170625512724,0.921298596943362
25877,Neutral,0.5266418423208182,0.044604176990360914,0.4287539806888209
25878,LOF,0.24135360792232427,0.07869768990440922,0.6799487021732664
25879,LOF,0.09913182008405513,0.08612269828494157,0.8147454816310034
25880,LOF,0.02380504219213019,0.017771887946023752,0.958423069861846
25881,LOF,0.155575146061855,0.10341894236463403,0.741005911573511
25882,LOF,0.0677477008699236,0.017037106767610114,0.9152151923624664
25883,LOF,0.07432718468617253,0.01777992406368622,0.9078928912501412
25884,LOF,0.03446995176978137,0.02843885014998341,0.9370911980802353
25885,LOF,0.06534508302224529,0.012035101083120689,0.9226198158946342
25886,LOF,0.2322294045155371,0.032938401435134476,0.7348321940493284
25887,LOF,0.14691413723806235,0.06164320799707093,0.7914426547648666
25888,LOF,0.07597381741814409,0.05779213245007618,0.8662340501317797
25889,LOF,0.04437442963170967,0.02015193982972952,0.9354736305385609
25890,LOF,0.0505728963774227,0.14394951478127058,0.8054775888413067
25891,LOF,0.03910448084391316,0.055783619242614726,0.9051118999134721
25892,LOF,0.0836881083300642,0.019459659280624687,0.896852232389311
25893,LOF,0.21493217664187397,0.017444525546415388,0.7676232978117107
25894,LOF,0.16767218264662714,0.010504582186842859,0.82182323516653
25895,LOF,0.20060400193211486,0.01795474966461681,0.7814412484032683
25896,LOF,0.047596728581843765,0.02877657316093429,0.923626698257222
25897,LOF,0.24279427065056625,0.011639208000385861,0.7455665213490479
25898,Neutral,0.679145682888994,0.009022671715813132,0.31183164539519276
25899,LOF,0.18549228869654857,0.0281712273174798,0.7863364839859717
25900,LOF,0.4465809640664685,0.018308204109476707,0.5351108318240548
25901,LOF,0.04246493162408583,0.016234486206497728,0.9413005821694165
25902,LOF,0.14586111634684884,0.01528115518681853,0.8388577284663326
25903,Neutral,0.5209621283287078,0.026577916258268917,0.45245995541302325
25904,LOF,0.27539488030755677,0.062413635880178446,0.6621914838122648
25905,LOF,0.021928579371840087,0.3265629812097071,0.6515084394184528
25906,LOF,0.030803125247727315,0.06504991743251538,0.9041469573197571
25907,LOF,0.013406890337999229,0.31938688795701736,0.6672062217049834
25908,LOF,0.009997283492768844,0.23605795489146006,0.7539447616157711
25909,LOF,0.014073626837077568,0.12510546386251298,0.8608209093004096
25910,LOF,0.05186515087213075,0.12341551500956105,0.8247193341183083
25911,LOF,0.17959704498489953,0.023694919229667342,0.7967080357854331
25912,LOF,0.041499632954340566,0.041794547652282146,0.9167058193933773
25913,LOF,0.2934647120575001,0.020974905252024806,0.685560382690475
25914,LOF,0.02039306756568477,0.08599299928801533,0.8936139331462998
25915,Neutral,0.5151364697372647,0.2505448398270824,0.234318690435653
25916,LOF,0.06265183043108354,0.29092825371051534,0.6464199158584012
25917,LOF,0.06455845551451317,0.06435370026450472,0.8710878442209821
25918,LOF,0.025062651447712154,0.057915615516834336,0.9170217330354535
25919,LOF,0.021622145732335722,0.06175321857509182,0.9166246356925726
25920,GOF,0.09420906364579412,0.5241450220530977,0.38164591430110817
25921,LOF,0.025021432032797455,0.03156246516608892,0.9434161028011135
25922,LOF,0.03708507849074052,0.022960574481376433,0.9399543470278832
25923,LOF,0.4178075600318,0.02528059190740525,0.5569118480607949
25924,LOF,0.03769627467940745,0.03548779716742622,0.9268159281531664
25925,LOF,0.06881000415045711,0.03036863967302998,0.9008213561765128
25926,LOF,0.050017149266084984,0.025670482666256152,0.9243123680676587
25927,LOF,0.06638150138359045,0.08051985102765118,0.8530986475887584
25928,LOF,0.01918772978756884,0.03914645768882591,0.9416658125236053
25929,Neutral,0.5291863941375601,0.027250330986214277,0.44356327487622577
25930,LOF,0.05431837127085303,0.023131015239047748,0.9225506134900991
25931,LOF,0.02621771085757946,0.023549980807611216,0.9502323083348093
25932,LOF,0.02692269085648785,0.022440548669264152,0.9506367604742479
25933,LOF,0.037898991962133366,0.014864794300483741,0.9472362137373829
25934,LOF,0.02405125823378031,0.019237427279053834,0.9567113144871658
25935,LOF,0.06347575580548043,0.03729346001184552,0.8992307841826741
25936,LOF,0.04449862270809078,0.017615776203399377,0.9378856010885099
25937,LOF,0.029309952881352,0.02631331714402134,0.9443767299746267
25938,LOF,0.06467216636597163,0.03780710698015465,0.8975207266538737
25939,LOF,0.04050423843648442,0.0164092207317529,0.9430865408317627
25940,LOF,0.02706237659926142,0.3984580240887198,0.5744795993120188
25941,LOF,0.20353156300983755,0.08103430007458158,0.7154341369155808
25942,LOF,0.014555700230415167,0.036849846520056934,0.9485944532495278
25943,LOF,0.30651274497127523,0.05957108783350893,0.6339161671952157
25944,Neutral,0.4895217010967238,0.023323060614635047,0.48715523828864116
25945,LOF,0.06315761161946686,0.023773805036478652,0.9130685833440546
25946,LOF,0.029165310105565494,0.12826694466792457,0.8425677452265099
25947,LOF,0.11474341798012153,0.20813740360151226,0.6771191784183662
25948,LOF,0.4441693123410526,0.011061624532177232,0.5447690631267701
25949,LOF,0.08980570617245355,0.04219761244991134,0.8679966813776351
25950,GOF,0.2644367064559668,0.3789121318576872,0.356651161686346
25951,LOF,0.20726029915020266,0.2200620399417106,0.5726776609080868
25952,LOF,0.04638215670642966,0.44726395703524063,0.5063538862583297
25953,LOF,0.14843495573036017,0.10011128084011528,0.7514537634295246
25954,LOF,0.42133977658204025,0.1505570815910949,0.4281031418268649
25955,LOF,0.05519308121920375,0.08098857955918125,0.8638183392216151
25956,LOF,0.18248297991715992,0.12325839294648212,0.694258627136358
25957,LOF,0.03841313404572513,0.03546944564063897,0.926117420313636
25958,LOF,0.06333272420088429,0.02870536560624586,0.9079619101928699
25959,LOF,0.07150949259713066,0.37899553631967503,0.5494949710831942
25960,LOF,0.017321734460761896,0.05667069732280344,0.9260075682164347
25961,LOF,0.05286998830054923,0.03097472497495551,0.9161552867244952
25962,LOF,0.05606830242209407,0.028723574463547306,0.9152081231143586
25963,LOF,0.05233642113896809,0.17957510226471923,0.7680884765963126
25964,LOF,0.03758224793347963,0.14935316813678454,0.8130645839297359
25965,LOF,0.43848851885250506,0.08355735088616593,0.47795413026132894
25966,Neutral,0.4728126934494631,0.08984273090171402,0.4373445756488229
25967,LOF,0.012586435929210852,0.05359621644814013,0.933817347622649
25968,LOF,0.028277158947870622,0.42885120648852953,0.5428716345635999
25969,LOF,0.02465206324135518,0.048913177560834166,0.9264347591978106
25970,LOF,0.05526257826357123,0.062262911360971965,0.8824745103754569
25971,LOF,0.07817953843488883,0.017946282698173395,0.9038741788669379
25972,LOF,0.07745629998547088,0.023828720597873103,0.898714979416656
25973,LOF,0.07250476874252212,0.011695754378940952,0.915799476878537
25974,LOF,0.19806587220063063,0.01641896745070148,0.7855151603486678
25975,LOF,0.045686770465438446,0.03228322530154942,0.9220300042330122
25976,LOF,0.043160338062494565,0.018751776661957875,0.9380878852755475
25977,LOF,0.14736289669222313,0.09147055247192495,0.7611665508358519
25978,LOF,0.1548911134475135,0.06783687302374122,0.7772720135287452
25979,LOF,0.1386213084028216,0.0676695457851202,0.7937091458120581
25980,LOF,0.22764346442668124,0.09217194186726696,0.6801845937060519
25981,LOF,0.25336868124781875,0.09080719670205371,0.6558241220501276
25982,LOF,0.40386810532727707,0.04920865335212251,0.5469232413206004
25983,LOF,0.3856167199390587,0.055115712200071255,0.55926756786087
25984,LOF,0.05031585513597403,0.03960700528215253,0.9100771395818734
25985,LOF,0.034341611563390835,0.21949021124322735,0.7461681771933818
25986,LOF,0.04324016963251859,0.24604051777570535,0.7107193125917761
25987,LOF,0.08002590290726044,0.06180162056854443,0.8581724765241951
25988,LOF,0.14117259746891148,0.045447951586285056,0.8133794509448035
25989,LOF,0.030842239510063842,0.08848784295470102,0.880669917535235
25990,LOF,0.044356679552620536,0.10539304562684569,0.8502502748205338
25991,LOF,0.155253885877441,0.3219165801081035,0.5228295340144555
25992,LOF,0.30447130111429155,0.19680322669250924,0.4987254721931992
25993,LOF,0.02464084020907226,0.08896676742013582,0.8863923923707918
25994,LOF,0.01823764113027755,0.12517394943820837,0.856588409431514
25995,LOF,0.02754844404327002,0.25806285825229,0.7143886977044401
25996,GOF,0.3197528239077575,0.46062123870272115,0.21962593738952124
25997,GOF,0.07870425241105179,0.46773844260508124,0.45355730498386687
25998,Neutral,0.5619752154141109,0.01747518184838964,0.42054960273749953
25999,LOF,0.12086855855379712,0.10201374502379743,0.7771176964224055
26000,LOF,0.16205331642156373,0.04271009257391552,0.7952365910045207
26001,LOF,0.2033159898332655,0.034226748633099616,0.7624572615336349
26002,LOF,0.1457535004830576,0.04449467267198345,0.8097518268449588
26003,GOF,0.010424138813411081,0.5291057315283232,0.4604701296582657
26004,GOF,0.02137311924031092,0.6028341626597085,0.3757927180999806
26005,LOF,0.008301747599603032,0.40086463422784935,0.5908336181725475
26006,Neutral,0.5352713906641211,0.20321074850536772,0.2615178608305112
26007,GOF,0.022029758264617057,0.519038552195907,0.4589316895394759
26008,GOF,0.018061146408062192,0.5778940475639885,0.4040448060279491
26009,GOF,0.020786459224694156,0.6141441248677726,0.3650694159075332
26010,GOF,0.025330574661698958,0.5905568065238794,0.38411261881442166
26011,LOF,0.007136853229130676,0.4240919024850794,0.56877124428579
26012,GOF,0.01271700689561158,0.5400378433216052,0.4472451497827832
26013,GOF,0.01880796095559756,0.5795960685794764,0.40159597046492607
26014,LOF,0.04378453491582887,0.1078543107543555,0.8483611543298157
26015,LOF,0.2191007859402728,0.010452918152702226,0.7704462959070251
26016,LOF,0.1947500408274751,0.05042441894063109,0.7548255402318937
26017,LOF,0.22284015026140022,0.08457071159020427,0.6925891381483954
26018,LOF,0.08850761429865106,0.03251386600611944,0.8789785196952294
26019,LOF,0.08360415074706487,0.024979279608550103,0.891416569644385
26020,LOF,0.07175663884272297,0.10618997002104953,0.8220533911362274
26021,LOF,0.04244647640211437,0.1151487992448265,0.8424047243530591
26022,LOF,0.010750613108995756,0.03877023756462333,0.9504791493263809
26023,LOF,0.10328985186802991,0.022335278834894265,0.8743748692970759
26024,LOF,0.03235551838154252,0.12095869475802283,0.8466857868604346
26025,LOF,0.16829697705027302,0.09579450224324863,0.7359085207064784
26026,LOF,0.33247351558015276,0.02923214781269212,0.6382943366071552
26027,LOF,0.07952768169799673,0.01637059242791253,0.9041017258740908
26028,LOF,0.14130058008511123,0.068760309503309,0.7899391104115797
26029,LOF,0.08012883213969611,0.20262109593714805,0.7172500719231557
26030,LOF,0.02525741811286679,0.0730944980099764,0.9016480838771568
26031,LOF,0.02992630018395731,0.14439223704048934,0.8256814627755534
26032,LOF,0.06594588173896936,0.08064627277682994,0.8534078454842008
26033,LOF,0.11629461389385902,0.10303873503305132,0.7806666510730897
26034,LOF,0.050174828019769545,0.1621853163203477,0.7876398556598827
26035,LOF,0.028549344774463303,0.14617324095607906,0.8252774142694576
26036,LOF,0.04398030959497573,0.1772980439226048,0.7787216464824195
26037,LOF,0.024212276975577846,0.11804198542036308,0.857745737604059
26038,LOF,0.060934667359385755,0.08420876420061506,0.8548565684399992
26039,LOF,0.055102891551311976,0.14837752121260583,0.7965195872360822
26040,LOF,0.19269998190386453,0.14463982960383137,0.662660188492304
26041,LOF,0.02406988125235955,0.11421076390260716,0.8617193548450334
26042,LOF,0.022557408130865306,0.10231062073656294,0.8751319711325717
26043,LOF,0.06038662363233872,0.09954843462818173,0.8400649417394797
26044,LOF,0.020696132449653615,0.08517272351718516,0.8941311440331612
26045,LOF,0.07772973172043424,0.09911711824408348,0.8231531500354823
26046,LOF,0.06213185061851004,0.09653501292149526,0.8413331364599947
26047,LOF,0.08558199686382631,0.10456217824544506,0.8098558248907286
26048,LOF,0.05064723019519866,0.048786294194781116,0.9005664756100202
26049,Neutral,0.964165884807678,0.008077835671844105,0.02775627952047798
26050,Neutral,0.9515879407908368,0.010256600920747736,0.038155458288415496
26051,LOF,0.05160280396634405,0.27763111922663447,0.6707660768070214
26052,LOF,0.07091147693579587,0.329555573557704,0.5995329495065
26053,LOF,0.0530506851130773,0.161246968351956,0.7857023465349667
26054,LOF,0.05331232372786507,0.01599616953263811,0.9306915067394969
26055,LOF,0.07144971690606997,0.013852768972646727,0.9146975141212833
26056,LOF,0.05999469902349219,0.014967628926527823,0.9250376720499799
26057,LOF,0.029400400135759643,0.010895148036488701,0.9597044518277517
26058,LOF,0.030420760332304557,0.00876093213943764,0.9608183075282578
26059,LOF,0.291345482248287,0.020164856852755243,0.6884896608989577
26060,LOF,0.03644531109050791,0.1831214940272859,0.7804331948822062
26061,LOF,0.017110107915487772,0.009673201225981205,0.9732166908585311
26062,LOF,0.010802323979846325,0.016618321433291682,0.972579354586862
26063,LOF,0.022471629044127726,0.011150323373545887,0.9663780475823264
26064,LOF,0.021679326293283282,0.01671952250341513,0.9616011512033016
26065,LOF,0.024634330009882036,0.009210032740963967,0.966155637249154
26066,LOF,0.021071205772431573,0.009891184770568951,0.9690376094569995
26067,LOF,0.028704974095864918,0.007724063113890016,0.9635709627902451
26068,LOF,0.046315354789083274,0.02900501483881042,0.9246796303721063
26069,LOF,0.26063702801865096,0.016895405826054855,0.7224675661552942
26070,LOF,0.4150298466831715,0.014084712313875744,0.5708854410029527
26071,LOF,0.024264197007612447,0.011199805002852111,0.9645359979895355
26072,LOF,0.021898149840204887,0.014618594789042106,0.963483255370753
26073,LOF,0.02455601948629004,0.009844382873083085,0.9655995976406268
26074,Neutral,0.9150493023816594,0.005080043572287745,0.07987065404605283
26075,LOF,0.04467453648460039,0.013897472593277588,0.9414279909221219
26076,LOF,0.04421362155044806,0.007811630687845032,0.947974747761707
26077,LOF,0.010177958497991609,0.017049127585516043,0.9727729139164923
26078,LOF,0.012689090667625835,0.010112477883039046,0.9771984314493352
26079,LOF,0.05918138208961342,0.016240205768929268,0.9245784121414573
26080,LOF,0.058392725782182756,0.01629118748032838,0.925316086737489
26081,LOF,0.03580061390098597,0.005639114900796797,0.9585602711982172
26082,LOF,0.014876922909364253,0.015110528020811356,0.9700125490698245
26083,LOF,0.13043570331374546,0.01193996384127299,0.8576243328449816
26084,LOF,0.02914430476881078,0.010592441430808624,0.9602632538003805
26085,LOF,0.025166861656495905,0.010247355394605239,0.9645857829488989
26086,LOF,0.023387130770709027,0.009928235832125239,0.9666846333971657
26087,LOF,0.028731356734596227,0.006925442211667519,0.9643432010537363
26088,LOF,0.016448818813294734,0.023219326717123234,0.9603318544695821
26089,LOF,0.0466292903282695,0.020094961411094518,0.9332757482606359
26090,LOF,0.04500875790696516,0.015731842333665282,0.9392593997593696
26091,LOF,0.038512994030525244,0.005694473063782478,0.9557925329056923
26092,LOF,0.02686880021915189,0.007470803700309737,0.9656603960805384
26093,LOF,0.04087890510608231,0.0055543528286203835,0.9535667420652973
26094,LOF,0.041247295258656495,0.005560174870140343,0.9531925298712031
26095,LOF,0.04230549851251701,0.011601507878418326,0.9460929936090646
26096,LOF,0.016925787723346127,0.011808982705308571,0.9712652295713453
26097,LOF,0.012000021061884561,0.03472923997480025,0.9532707389633152
26098,LOF,0.06982501812417537,0.010037092201328039,0.9201378896744966
26099,LOF,0.025012117285321905,0.01103705686944906,0.9639508258452291
26100,LOF,0.02740643682995248,0.010857108336710379,0.9617364548333373
26101,LOF,0.058655678867591765,0.012295609835752043,0.9290487112966561
26102,LOF,0.024840929373184,0.012758279681955526,0.9624007909448604
26103,Neutral,0.8894894892227303,0.0173441365656417,0.09316637421162796
26104,LOF,0.07953395998900097,0.02211031611730992,0.898355723893689
26105,LOF,0.2230329004066321,0.28413570623040535,0.4928313933629625
26106,LOF,0.24163306639164023,0.11744235231203735,0.6409245812963223
26107,LOF,0.22369153535169087,0.09311496186149401,0.6831935027868151
26108,LOF,0.2703759051729609,0.1281314184445157,0.6014926763825235
26109,LOF,0.1030517916591699,0.07322256433522724,0.8237256440056029
26110,LOF,0.26734191512926075,0.007462778219850003,0.7251953066508892
26111,Neutral,0.49642354114500004,0.015722485783071005,0.487853973071929
26112,LOF,0.032957135478733024,0.006106235705629465,0.9609366288156375
26113,LOF,0.05216818283654443,0.014207734122816696,0.9336240830406389
26114,LOF,0.030311781065087966,0.018218557860390353,0.9514696610745217
26115,LOF,0.09191750064003576,0.03866748751755947,0.8694150118424048
26116,LOF,0.06981389159009016,0.034799378231247936,0.8953867301786619
26117,LOF,0.44476948726276516,0.042612621096715736,0.5126178916405191
26118,LOF,0.03526970503228839,0.022411332954206616,0.942318962013505
26119,LOF,0.024662738216254223,0.03318096175518972,0.9421563000285561
26120,LOF,0.030898126281375973,0.0205245450731846,0.9485773286454394
26121,LOF,0.04564480376088558,0.07902569202597598,0.8753295042131385
26122,LOF,0.04411360566329125,0.03839910633526479,0.917487288001444
