feature0,prediction,LoGoFunc_Neutral,LoGoFunc_GOF,LoGoFunc_LOF
25546,Neutral,0.6685816320907878,0.056212393621324575,0.2752059742878877
25547,Neutral,0.5137003572495948,0.09750415653389363,0.38879548621651144
25548,Neutral,0.5056624683886796,0.0842021485210572,0.4101353830902633
25549,LOF,0.43065748104035256,0.0863426664637227,0.48299985249592486
25550,LOF,0.35827490655934996,0.13160394109932086,0.5101211523413292
25551,LOF,0.31080353149392187,0.14321000227023917,0.545986466235839
25552,LOF,0.2637360754945651,0.13090466518660762,0.6053592593188273
25553,Neutral,0.8169573611228406,0.045635990388451404,0.137406648488708
25554,LOF,0.30609779307725327,0.12303109675272529,0.5708711101700213
25555,LOF,0.25762897197494466,0.1183032501026618,0.6240677779223935
25556,Neutral,0.45560158517349175,0.10092271538369654,0.4434756994428118
25557,LOF,0.23832042651240834,0.12070731356431927,0.6409722599232723
25558,LOF,0.2984876322103936,0.1208444608217577,0.5806679069678486
25559,LOF,0.180099159562811,0.1174055533192909,0.702495287117898
25560,LOF,0.15892865265997091,0.09080850411436345,0.7502628432256657
25561,LOF,0.15781607093476205,0.11495293944690607,0.7272309896183318
25562,LOF,0.06996697208089354,0.07395059479461573,0.8560824331244907
25563,LOF,0.02147475238512183,0.11126774939888735,0.8672574982159909
25564,LOF,0.24144690964833923,0.11322650107523109,0.6453265892764297
25565,LOF,0.23346220596997416,0.1344999495130455,0.6320378445169803
25566,GOF,0.09712355961271814,0.690252769459362,0.21262367092791995
25567,LOF,0.03888734515670237,0.1274225450196393,0.8336901098236583
25568,LOF,0.060511270382670436,0.07053580445803405,0.8689529251592956
25569,LOF,0.05752402466658064,0.0707556975515117,0.8717202777819077
25570,LOF,0.028983703424082224,0.09266928069871462,0.8783470158772032
25571,LOF,0.02871025095059412,0.09340852896188503,0.8778812200875208
25572,LOF,0.06589368031162746,0.10700318146434674,0.8271031382240258
25573,LOF,0.05677989390894206,0.08461486001184015,0.8586052460792177
25574,LOF,0.0539987723418339,0.19074261023407235,0.7552586174240937
25575,LOF,0.02362257120099166,0.11117554863703827,0.86520188016197
25576,LOF,0.035898145799414055,0.14847456739574547,0.8156272868048404
25577,LOF,0.033306407189077444,0.09900854527228538,0.8676850475386372
25578,LOF,0.29625330654333687,0.07939406880900426,0.624352624647659
25579,LOF,0.13356940552497537,0.08399917588856716,0.7824314185864575
25580,LOF,0.019729467451284375,0.07322484238045988,0.9070456901682558
25581,LOF,0.05445018533326526,0.06588858288786219,0.8796612317788726
25582,LOF,0.05449352729144305,0.0647853899438449,0.8807210827647121
25583,LOF,0.02123570867701503,0.07808374713767882,0.9006805441853061
25584,Neutral,0.6605770002589159,0.10262500939490293,0.23679799034618118
25585,LOF,0.03474622575391101,0.12009891392974865,0.8451548603163402
25586,LOF,0.01879277464076855,0.06734100124448697,0.9138662241147446
25587,LOF,0.017990953039827753,0.05951346909877861,0.9224955778613936
25588,LOF,0.021591614585907536,0.06879933971168616,0.9096090457024063
25589,Neutral,0.5000932592007282,0.20741151362925042,0.2924952271700213
25590,LOF,0.04961858360249602,0.09977095431794807,0.8506104620795558
25591,LOF,0.0961105658572068,0.05577068815650105,0.8481187459862922
25592,LOF,0.05624558932268985,0.12846859177683995,0.8152858189004702
25593,LOF,0.12653542793514122,0.27572763661683614,0.5977369354480226
25594,LOF,0.045496857071955575,0.10557528737997683,0.8489278555480675
25595,LOF,0.04321365997331351,0.07536516737634232,0.8814211726503441
25596,LOF,0.09493901758904892,0.04289948404218484,0.8621614983687662
25597,LOF,0.07983310442728066,0.056121495320954465,0.8640454002517649
25598,LOF,0.045403207873838995,0.07780582741588085,0.8767909647102801
25599,GOF,0.022547227571123755,0.5242197104195151,0.45323306200936114
25600,GOF,0.17102191671394057,0.5252303408117414,0.3037477424743181
25601,LOF,0.03887710474647084,0.38354377814564394,0.5775791171078851
25602,LOF,0.03218265166028618,0.046793825192731904,0.9210235231469819
25603,LOF,0.034277420023573035,0.025612362303718442,0.9401102176727086
25604,LOF,0.03575668906269179,0.05023308262120981,0.9140102283160983
25605,LOF,0.04167726703424549,0.1806357640333513,0.7776869689324032
25606,LOF,0.4372088573801665,0.09706093274819426,0.4657302098716394
25607,LOF,0.023846393857902753,0.17077422397326056,0.8053793821688366
25608,LOF,0.031789685693279834,0.07127898346423209,0.8969313308424881
25609,GOF,0.16273805756200274,0.5157250875408967,0.3215368548971005
25610,LOF,0.01578479205267203,0.02708383323129769,0.9571313747160303
25611,LOF,0.015394674885469714,0.0298231579872796,0.9547821671272507
25612,LOF,0.050743392382016965,0.038937289546997406,0.9103193180709858
25613,LOF,0.04876397775082163,0.03773130584713461,0.9135047164020438
25614,LOF,0.023962611213176298,0.026259173279529167,0.9497782155072945
25615,LOF,0.04752913017458661,0.03293545025306739,0.919535419572346
25616,LOF,0.05209620491512734,0.02518832408886547,0.9227154709960073
25617,LOF,0.04510979136929603,0.03419699577475016,0.9206932128559537
25618,LOF,0.053847042271513455,0.032823144285901225,0.9133298134425853
25619,LOF,0.01560612664883068,0.028950201607310308,0.955443671743859
25620,LOF,0.0649842055969388,0.0361620676429064,0.8988537267601548
25621,LOF,0.05300227314760811,0.030382631511377246,0.9166150953410146
25622,LOF,0.0656313519795911,0.030300075351825703,0.9040685726685832
25623,LOF,0.07294604797913576,0.026652588778355836,0.9004013632425083
25624,LOF,0.019943582017869523,0.03490169661187259,0.9451547213702579
25625,LOF,0.06595796392937352,0.038357669780210074,0.8956843662904165
25626,LOF,0.04822126273488299,0.037399197641225915,0.9143795396238912
25627,Neutral,0.8920137052371192,0.022012400929821468,0.08597389383305938
25628,LOF,0.13901197092852716,0.06267287450521973,0.7983151545662531
25629,LOF,0.06201751542539947,0.0436713641558314,0.8943111204187691
25630,LOF,0.25631983392174634,0.07747754758004588,0.6662026184982078
25631,Neutral,0.5262417781527047,0.06944196141417662,0.40431626043311875
25632,LOF,0.027042481069152094,0.05872394535913247,0.9142335735717155
25633,LOF,0.19366959143516044,0.036976953931454795,0.7693534546333847
25634,LOF,0.03431116306438354,0.08256270613816652,0.88312613079745
25635,LOF,0.042353278337605764,0.041748361873916603,0.9158983597884777
25636,GOF,0.03461449687759782,0.4955172290248036,0.46986827409759857
25637,LOF,0.07495262117270474,0.4568136864363762,0.46823369239091917
25638,LOF,0.04803067839637117,0.2932500408273576,0.6587192807762712
25639,LOF,0.03269727541222486,0.3377348552558252,0.62956786933195
25640,Neutral,0.8074878175394611,0.14891464349203073,0.04359753896850815
25641,LOF,0.049251831788723874,0.4374549332243759,0.5132932349869003
25642,LOF,0.043921233372451,0.1478550243199546,0.8082237423075944
25643,LOF,0.21007056850379477,0.18781548181391655,0.6021139496822886
25644,LOF,0.023535042777660817,0.48512760224221374,0.4913373549801254
25645,LOF,0.020022606350591426,0.43965795104141686,0.5403194426079918
25646,LOF,0.049969554490792205,0.35766721380726246,0.5923632317019453
25647,LOF,0.023997541518839306,0.2715560998737301,0.7044463586074305
25648,LOF,0.029102237679638127,0.2619641069411737,0.7089336553791882
25649,LOF,0.015603546049894217,0.2564129746885785,0.7279834792615273
25650,LOF,0.054960515104946484,0.4086193676561367,0.5364201172389168
25651,LOF,0.016231506637172526,0.27633922568473,0.7074292676780973
25652,LOF,0.02844657702493833,0.2791993669419394,0.6923540560331223
25653,LOF,0.08296426723049016,0.39073104507484124,0.5263046876946685
25654,LOF,0.02434962418260018,0.21241046614449105,0.7632399096729087
25655,LOF,0.2186544966038563,0.36549507553540544,0.41585042786073817
25656,LOF,0.2964904663491036,0.04659915759346879,0.6569103760574276
25657,LOF,0.08442299558970247,0.05338183652040368,0.8621951678898938
25658,LOF,0.3851323652361094,0.05085771809438124,0.5640099166695094
25659,Neutral,0.5400062582620431,0.07312197683933218,0.38687176489862474
25660,LOF,0.024546001685278086,0.07897293389173592,0.896481064422986
25661,LOF,0.0957144525058661,0.05552186338194513,0.8487636841121888
25662,LOF,0.030836619910400806,0.030838346487944344,0.938325033601655
25663,LOF,0.04137554513510703,0.0440268197842902,0.9145976350806028
25664,LOF,0.13863897793214236,0.05355450125314988,0.8078065208147078
25665,LOF,0.054597682238654806,0.029553875353520602,0.9158484424078246
25666,LOF,0.08794672310501346,0.06773639464335655,0.8443168822516299
25667,LOF,0.06446446746800832,0.04366019101279919,0.8918753415191923
25668,LOF,0.036006654979566934,0.043313222820362415,0.9206801222000708
25669,LOF,0.033358034204595495,0.05071714119937584,0.9159248245960288
25670,LOF,0.1386988352934968,0.038697404897609755,0.8226037598088933
25671,LOF,0.09640987310688907,0.03073182735081729,0.8728582995422937
25672,LOF,0.054362357746688274,0.04047568995892415,0.9051619522943876
25673,LOF,0.08223078989352449,0.03622085164937282,0.8815483584571027
25674,LOF,0.06933980961847099,0.04459530208772967,0.8860648882937993
25675,LOF,0.12007143075627143,0.04077229031951065,0.839156278924218
25676,LOF,0.018268273910778822,0.048903863557250744,0.9328278625319704
25677,LOF,0.02457952925630251,0.06240401890812255,0.913016451835575
25678,LOF,0.17204665392028523,0.05189133851411256,0.7760620075656022
25679,LOF,0.12180420947856588,0.07024721323504281,0.8079485772863912
25680,LOF,0.0294153592480809,0.10466171895133572,0.8659229218005834
25681,LOF,0.047409645347533745,0.09702412123929809,0.8555662334131683
25682,LOF,0.14161527152441114,0.059528595659642275,0.7988561328159466
25683,LOF,0.12314521552747577,0.06861762477757823,0.8082371596949459
25684,LOF,0.0412845766276886,0.06248328816572809,0.8962321352065834
25685,LOF,0.13915859506235784,0.04367820048712332,0.8171632044505188
25686,LOF,0.07212082762543659,0.09149170575003729,0.8363874666245262
25687,LOF,0.11015731295948075,0.08021673502263063,0.8096259520178886
25688,LOF,0.2827351091877974,0.035459313555920094,0.6818055772562824
25689,LOF,0.23238172324678905,0.046245149989474606,0.7213731267637364
25690,LOF,0.3476353636618204,0.0338466153975487,0.6185180209406308
25691,Neutral,0.6795417561102766,0.03394709465826161,0.28651114923146187
25692,LOF,0.2861085170688107,0.011334536735370335,0.702556946195819
25693,LOF,0.047883448553620374,0.4602656096921115,0.4918509417542681
25694,LOF,0.13050097411963862,0.023028351609660897,0.8464706742707004
25695,LOF,0.12533103248686636,0.017224503477937084,0.8574444640351966
25696,LOF,0.12306956793880676,0.011539861086846287,0.8653905709743469
25697,LOF,0.12482211170993492,0.025202211014393,0.8499756772756721
25698,LOF,0.3453639070508707,0.2627946542056583,0.391841438743471
25699,LOF,0.40475381602665333,0.04531056745097658,0.5499356165223701
25700,LOF,0.04897155218783419,0.010501097769660685,0.9405273500425051
25701,LOF,0.16843999001061877,0.06646478821575635,0.765095221773625
25702,GOF,0.17685657534003105,0.5410156210652418,0.28212780359472717
25703,LOF,0.015288670891917105,0.1401379533087125,0.8445733757993703
25704,LOF,0.047073750696312734,0.1040065753265703,0.8489196739771169
25705,LOF,0.05852599439622065,0.18529922786518174,0.7561747777385975
25706,LOF,0.08412450281144845,0.34886323255499946,0.567012264633552
25707,LOF,0.08341826835479843,0.25526578928473304,0.6613159423604685
25708,LOF,0.028877073708765195,0.2559784455207337,0.7151444807705012
25709,LOF,0.05471129956705998,0.04088881419848946,0.9043998862344504
25710,LOF,0.012090996622595591,0.127156510733201,0.8607524926442034
25711,LOF,0.018452880268228933,0.08664478589032212,0.894902333841449
25712,LOF,0.013619320943817985,0.16903043342102525,0.8173502456351568
25713,LOF,0.01806357982154876,0.07644654500458432,0.905489875173867
25714,LOF,0.06776893229868816,0.07357857134774526,0.8586524963535666
25715,LOF,0.009968187525623524,0.13317333475229468,0.8568584777220818
25716,LOF,0.013443429935083247,0.10574003586231986,0.880816534202597
25717,LOF,0.012405318797761064,0.07609426913966745,0.9115004120625716
25718,LOF,0.0113855110346313,0.10394959326290315,0.8846648957024654
25719,LOF,0.017860590255039617,0.07681673519924029,0.9053226745457201
25720,LOF,0.021647771824848814,0.06932084749486275,0.9090313806802884
25721,LOF,0.01475896266991426,0.10085504111745293,0.8843859962126328
25722,LOF,0.013098546500512358,0.12104423952388842,0.8658572139755991
25723,LOF,0.02181122213675169,0.044352442723664835,0.9338363351395834
25724,LOF,0.023486255307968208,0.08001485901400758,0.8964988856780243
25725,LOF,0.011029498435570263,0.0677582641369302,0.9212122374274995
25726,LOF,0.013907290784414926,0.09525075351759474,0.8908419556979904
25727,LOF,0.012941761074640503,0.07783925174538613,0.9092189871799734
25728,LOF,0.009160838648068922,0.10463522904519396,0.886203932306737
25729,LOF,0.009614575543720107,0.10492877104688851,0.8854566534093914
25730,LOF,0.012879755816154623,0.07677551087242318,0.9103447333114223
25731,LOF,0.02077972019579347,0.10678523101468387,0.8724350487895226
25732,LOF,0.01385079766516009,0.08410427602334725,0.9020449263114927
25733,LOF,0.015523843227729168,0.07059200499025708,0.9138841517820137
25734,LOF,0.013106422117897469,0.11996335510453934,0.8669302227775633
25735,LOF,0.012637662216574098,0.0775152017720141,0.9098471360114118
25736,LOF,0.013568781911679016,0.09463503526408146,0.8917961828242396
25737,LOF,0.020043071869595825,0.07730414092361391,0.9026527872067903
25738,LOF,0.012788074944089529,0.1077167060913743,0.8794952189645361
25739,LOF,0.019309816981578357,0.07521881409464762,0.905471368923774
25740,LOF,0.025851421403645117,0.09270745774108233,0.8814411208552725
25741,LOF,0.014629534014589229,0.09889413934938104,0.8864763266360298
25742,LOF,0.1115278332786489,0.07458268915340925,0.8138894775679419
25743,LOF,0.03535747655971884,0.02960938815441371,0.9350331352858674
25744,Neutral,0.5667821078642832,0.1978550641149326,0.23536282802078431
25745,LOF,0.08716529166895819,0.06401222698097568,0.8488224813500661
25746,LOF,0.04217993222473469,0.07502936966993223,0.8827906981053331
25747,LOF,0.023136308568001106,0.03582837287656271,0.9410353185554361
25748,LOF,0.11228473369211658,0.04997650218890362,0.8377387641189799
25749,LOF,0.026386046047959324,0.068425903333019,0.9051880506190217
25750,LOF,0.08446430210788826,0.07371035063576961,0.8418253472563421
25751,LOF,0.09201702448775426,0.050768440887322464,0.8572145346249233
25752,GOF,0.10051959577311775,0.6727741827533331,0.22670622147354907
25753,LOF,0.019639246819819236,0.2501089029611903,0.7302518502189904
25754,GOF,0.009972384521132336,0.7575368000092585,0.23249081546960923
25755,LOF,0.021432148336374385,0.3700106242083019,0.6085572274553237
25756,LOF,0.04043647671629418,0.3532683079216849,0.6062952153620209
25757,GOF,0.013499588363123038,0.8135590882089825,0.1729413234278945
25758,GOF,0.029719319911245535,0.7989796771339308,0.17130100295482378
25759,GOF,0.011313065795982185,0.5157834698558446,0.47290346434817326
25760,LOF,0.013694055670658548,0.22054083301610966,0.7657651113132318
25761,GOF,0.27606179923970875,0.6054644829791228,0.11847371778116844
25762,LOF,0.03512050925995289,0.25686994291817494,0.7080095478218721
25763,LOF,0.013361728342114305,0.1930137854275755,0.7936244862303102
25764,GOF,0.08442909858169899,0.6101001976883501,0.305470703729951
25765,GOF,0.04595218892002303,0.7277129584328657,0.22633485264711137
25766,GOF,0.06146356670508239,0.7591238659575481,0.17941256733736957
25767,GOF,0.1987524579185709,0.426036723029123,0.375210819052306
25768,LOF,0.09373658137461643,0.06310049767220409,0.8431629209531795
25769,LOF,0.06313513480095619,0.06028236449292405,0.8765825007061198
25770,LOF,0.2743040998575284,0.08060911766761686,0.6450867824748548
25771,LOF,0.04066220546189375,0.04388251338136271,0.9154552811567436
25772,LOF,0.015879419057116352,0.03274562191954544,0.9513749590233381
25773,LOF,0.045422329316111856,0.07204129959373251,0.8825363710901556
25774,LOF,0.028306153866720696,0.0719323226130884,0.8997615235201909
25775,LOF,0.04550448461060549,0.046332888480688436,0.9081626269087062
25776,LOF,0.07055788505008617,0.026489826654724644,0.9029522882951893
25777,LOF,0.34321985954559736,0.04850094768460122,0.6082791927698015
25778,LOF,0.06266405956301016,0.048247270756579815,0.88908866968041
25779,GOF,0.3569974742939671,0.5970108604392673,0.04599166526676552
25780,GOF,0.2993857450492976,0.6325808404547458,0.06803341449595664
25781,GOF,0.1473829591236134,0.7538186595263431,0.09879838135004355
25782,GOF,0.2098578687939157,0.7255520740300603,0.06459005717602395
25783,GOF,0.027515566323010405,0.6444617140954905,0.3280227195814993
25784,GOF,0.4734743267090827,0.4895079870491,0.03701768624181737
25785,GOF,0.3874657000954746,0.5698641506462455,0.04267014925827987
25786,GOF,0.024116389041751077,0.7746637019147631,0.20121990904348586
25787,Neutral,0.6631797749266536,0.31142816692645076,0.025392058146895522
25788,LOF,0.044460170026755036,0.0991240465071052,0.8564157834661398
25789,GOF,0.2105566370764585,0.6482158427533145,0.14122752017022716
25790,GOF,0.19515739295083773,0.7080623462547903,0.09678026079437212
25791,GOF,0.1386600349948063,0.6952335006036526,0.16610646440154112
25792,GOF,0.2952394399386397,0.5684493684050806,0.13631119165627956
25793,GOF,0.23569263738864485,0.5755162047945409,0.18879115781681435
25794,GOF,0.29923416312939005,0.5272358521219512,0.17352998474865858
25795,GOF,0.07886490289502379,0.6973146151080166,0.22382048199695947
25796,Neutral,0.543684928543033,0.37800516725929045,0.0783099041976765
25797,GOF,0.09348837934846213,0.5658306890591566,0.34068093159238133
25798,GOF,0.009310953032697024,0.5147061487736225,0.4759828981936804
25799,LOF,0.006758844702009672,0.40455431222811505,0.5886868430698753
25800,GOF,0.03140687920050567,0.5884323248609513,0.38016079593854296
25801,GOF,0.18290115024527093,0.6868199629165166,0.13027888683821234
25802,GOF,0.07568930504984756,0.7125334643884061,0.21177723056174613
25803,GOF,0.03278999727827949,0.5767756030413209,0.3904343996803995
25804,GOF,0.03289450093092096,0.4969092952356395,0.4701962038334396
25805,GOF,0.09252250762986157,0.6206230983429464,0.2868543940271921
25806,GOF,0.08260416513559099,0.6241307058599654,0.2932651290044434
25807,GOF,0.019171803181114663,0.6546794981998241,0.3261486986190613
25808,GOF,0.08053944741750456,0.6681466541097953,0.25131389847270014
25809,GOF,0.016210437376670155,0.5913021798489847,0.3924873827743452
25810,GOF,0.015387732435280344,0.6286751642757625,0.355937103288957
25811,GOF,0.4318808919060837,0.4913226356813496,0.07679647241256671
25812,GOF,0.031120074313902464,0.6389897150461743,0.32989021063992324
25813,Neutral,0.5291063643193178,0.3751360403077881,0.09575759537289415
25814,GOF,0.11119272533573345,0.652519262164948,0.2362880124993185
25815,GOF,0.19843561347188973,0.6087427645274707,0.19282162200063974
25816,GOF,0.023974473819614688,0.7206445887958574,0.25538093738452794
25817,GOF,0.24559741954562275,0.6298010252426209,0.12460155521175637
25818,GOF,0.051945795627414915,0.6828677039654937,0.2651865004070915
25819,GOF,0.36677971905021994,0.49940337048924227,0.13381691046053773
25820,GOF,0.1850174257298397,0.6126505596906586,0.20233201457950173
25821,GOF,0.06014741206258333,0.6739090802494873,0.26594350768792946
25822,GOF,0.2037788933670466,0.5965027861187407,0.1997183205142127
25823,GOF,0.030302835120112136,0.5408680909365116,0.4288290739433763
25824,GOF,0.0872685467547027,0.6133220224924818,0.2994094307528154
25825,GOF,0.03622793627138582,0.6069562829819717,0.35681578074664244
25826,GOF,0.015294741633861426,0.5999358129149386,0.38476944545119984
25827,GOF,0.02555221176585382,0.6265259873505735,0.3479218008835728
25828,GOF,0.013685519307104103,0.553742086855307,0.4325723938375889
25829,GOF,0.00550929619402692,0.5799095467910329,0.4145811570149401
25830,LOF,0.030664284421604092,0.2822158687001539,0.687119846878242
25831,GOF,0.24327728102022447,0.6334078834924557,0.12331483548731978
25832,GOF,0.028045530938741143,0.6990980104120446,0.2728564586492142
25833,GOF,0.11435399648835,0.7239893408455684,0.16165666266608153
25834,GOF,0.02850844635690477,0.7251570452838058,0.24633450835928944
25835,GOF,0.0587157421367104,0.7619840138901941,0.17930024397309544
25836,GOF,0.02885936742294632,0.6784742261069251,0.29266640647012854
25837,GOF,0.02391346218916361,0.6229934376787296,0.35309310013210665
25838,GOF,0.08181772249361043,0.7705579625288463,0.14762431497754325
25839,GOF,0.27692076908637747,0.5742854165030696,0.14879381441055287
25840,GOF,0.2618704713446705,0.5931737479880717,0.1449557806672578
25841,GOF,0.2531376083820228,0.6138881121260926,0.13297427949188456
25842,GOF,0.1312383480792173,0.7501204699401733,0.11864118198060931
25843,GOF,0.19571618976810043,0.7194109592430649,0.08487285098883474
25844,GOF,0.05807715073634066,0.7521036683709461,0.18981918089271316
25845,GOF,0.014037304996160661,0.5434628603857874,0.44249983461805203
25846,GOF,0.12162685792953974,0.74574185989195,0.13263128217851042
25847,GOF,0.08475320461557571,0.8205021315535713,0.09474466383085302
25848,GOF,0.034945554454856025,0.737154890557315,0.22789955498782893
25849,GOF,0.009612417048060972,0.6240334305431892,0.36635415240874986
25850,GOF,0.018410882819488817,0.6709878259449681,0.3106012912355431
25851,GOF,0.014358539517479917,0.553432270083608,0.43220919039891215
25852,GOF,0.1563433994929689,0.5652314662564396,0.2784251342505915
25853,GOF,0.33295046009301105,0.585386366739817,0.08166317316717178
25854,GOF,0.0216007353060874,0.6228688935345416,0.3555303711593711
25855,GOF,0.03360259829481063,0.5762862752263104,0.39011112647887897
25856,GOF,0.22522827590083921,0.5723311408018255,0.2024405832973353
25857,GOF,0.038203086668775095,0.5166687861838728,0.445128127147352
25858,GOF,0.020565514753713106,0.5354525731564254,0.4439819120898615
25859,GOF,0.010291453692710199,0.5149390117310637,0.474769534576226
25860,GOF,0.3370810168208254,0.5811350364796353,0.08178394669953924
25861,GOF,0.39893718004084916,0.5254616109378225,0.07560120902132834
25862,GOF,0.07614018546568323,0.7810726875319612,0.1427871270023555
25863,GOF,0.07426897305324523,0.7850700743803922,0.14066095256636266
25864,GOF,0.17716050021278726,0.7592918659761804,0.06354763381103233
25865,GOF,0.07865175550781035,0.8196752991373744,0.10167294535481539
25866,GOF,0.059457808233560415,0.7936313692867636,0.14691082247967602
25867,GOF,0.07827950761080261,0.8198868003110906,0.10183369207810669
25868,GOF,0.23070027691954734,0.6574184621602057,0.11188126092024694
25869,Neutral,0.7194396982399409,0.23249878779440064,0.04806151396565835
25870,GOF,0.28712924646862864,0.4002453239930782,0.3126254295382933
25871,GOF,0.2324728536301084,0.6423538256535839,0.12517332071630768
25872,GOF,0.07153672302785583,0.674060094657498,0.2544031823146461
25873,GOF,0.11362463657735204,0.698913314166038,0.18746204925660995
25874,LOF,0.013495510288998728,0.11638446005867102,0.8701200296523303
25875,LOF,0.09797731242425665,0.044595338173158826,0.8574273494025845
25876,LOF,0.03316285335670994,0.030676435997425668,0.9361607106458645
25877,Neutral,0.5039830698117117,0.040897161595419604,0.4551197685928688
25878,LOF,0.23470046952029933,0.09563484401690549,0.6696646864627951
25879,LOF,0.08825092221541897,0.08943218456108303,0.822316893223498
25880,LOF,0.04066017543231236,0.013683059405268622,0.945656765162419
25881,LOF,0.149832600722285,0.12339922928978528,0.7267681699879297
25882,LOF,0.06156553895654995,0.017539467709080034,0.9208949933343701
25883,LOF,0.0610060668599915,0.02081125867035987,0.9181826744696486
25884,LOF,0.03140717236513317,0.031075112328869343,0.9375177153059974
25885,LOF,0.05919503490272308,0.012422140129165246,0.9283828249681118
25886,LOF,0.24845663616563407,0.03991636747736911,0.7116269963569968
25887,LOF,0.13723466695470501,0.0654519914546291,0.7973133415906659
25888,LOF,0.057074865007793414,0.06044880851150521,0.8824763264807014
25889,LOF,0.04088585318069715,0.021566018945938948,0.937548127873364
25890,LOF,0.05105346432732078,0.13720736621127894,0.8117391694614002
25891,LOF,0.04029491610508152,0.05363146812637469,0.9060736157685437
25892,LOF,0.07811288738906683,0.023005398933330406,0.8988817136776028
25893,LOF,0.22771826500993944,0.018151213332851288,0.7541305216572093
25894,LOF,0.16812290142733022,0.012419611864598184,0.8194574867080716
25895,LOF,0.20113943097237238,0.020747828670936642,0.7781127403566909
25896,LOF,0.04920644710589295,0.024137730510930565,0.9266558223831766
25897,LOF,0.24990075249394492,0.014471663484511243,0.7356275840215437
25898,Neutral,0.6797755067108977,0.009795274181731014,0.31042921910737126
25899,LOF,0.21055392668382775,0.024350164027570592,0.7650959092886016
25900,LOF,0.4513266802960492,0.012168584806683366,0.5365047348972674
25901,LOF,0.05414996213619149,0.013063437891817251,0.9327865999719912
25902,LOF,0.16124654851391396,0.013819174527993259,0.8249342769580927
25903,Neutral,0.5780313689418275,0.027883050814159285,0.39408558024401324
25904,LOF,0.2970315530974478,0.04496679731658027,0.658001649585972
25905,LOF,0.02261726460991449,0.34142010707460707,0.6359626283154785
25906,LOF,0.029267351182931885,0.08628079126831359,0.8844518575487544
25907,LOF,0.013922954056540128,0.3251506203788896,0.6609264255645703
25908,LOF,0.00948420591591735,0.25884436941154143,0.7316714246725413
25909,LOF,0.011833614435819312,0.13321211112888456,0.8549542744352961
25910,LOF,0.053100060647687956,0.1322493485743161,0.814650590777996
25911,LOF,0.1842227777509576,0.02577971758894235,0.7899975046601
25912,LOF,0.0458982710080273,0.04794546993613071,0.9061562590558421
25913,LOF,0.3348532357040535,0.02242136323129537,0.6427254010646511
25914,LOF,0.021756996321868737,0.04726565337317973,0.9309773503049514
25915,Neutral,0.5799743375022324,0.14158589614232342,0.2784397663554442
25916,LOF,0.08677648990332887,0.21101478231762025,0.702208727779051
25917,LOF,0.06520835463546985,0.03890292905425259,0.8958887163102774
25918,LOF,0.02348188904579038,0.029967922626015456,0.9465501883281943
25919,LOF,0.020223083398143337,0.03165095703595177,0.948125959565905
25920,GOF,0.11249939642067529,0.5073292735125267,0.38017133006679804
25921,LOF,0.027131437078064067,0.03480666223995356,0.9380619006819824
25922,LOF,0.0355624479062713,0.026703403885374104,0.9377341482083545
25923,Neutral,0.49207318939445893,0.03787130744324715,0.4700555031622938
25924,LOF,0.03666583383985784,0.041381565039262026,0.9219526011208801
25925,LOF,0.07175285233502153,0.041919763957357324,0.8863273837076212
25926,LOF,0.0532635957320349,0.03556421883302659,0.9111721854349385
25927,LOF,0.0588379769355145,0.14194893664169286,0.7992130864227925
25928,LOF,0.01849406253162166,0.055928872496826286,0.925577064971552
25929,Neutral,0.6132641947717015,0.04054936176695954,0.346186443461339
25930,LOF,0.07297635830297372,0.03150454195184656,0.8955190997451797
25931,LOF,0.025325874889357388,0.03322340865767647,0.9414507164529663
25932,LOF,0.030574222967411156,0.02862528501951038,0.9408004920130785
25933,LOF,0.03982588080200793,0.017697985160515052,0.942476134037477
25934,LOF,0.025923602770403977,0.020571197730308032,0.953505199499288
25935,LOF,0.06286570988814663,0.05314373721061842,0.883990552901235
25936,LOF,0.04332653169246393,0.023731575545344986,0.9329418927621911
25937,LOF,0.028287619592912518,0.03715349456168675,0.9345588858454007
25938,LOF,0.06423436175583004,0.054486697979073524,0.8812789402650965
25939,LOF,0.04256355970781665,0.019734285248129403,0.937702155044054
25940,LOF,0.042992584907877364,0.3301683826073368,0.6268390324847858
25941,LOF,0.1923091893169979,0.08387749696247851,0.7238133137205237
25942,LOF,0.012975509934992992,0.03429862235586797,0.952725867709139
25943,LOF,0.3080580621477702,0.05372750237983468,0.6382144354723952
25944,Neutral,0.49727178649178927,0.020833811824714485,0.48189440168349623
25945,LOF,0.07138772706211963,0.01921043952800557,0.9094018334098748
25946,LOF,0.03184398408487729,0.10783473226594154,0.8603212836491811
25947,LOF,0.11214167297867006,0.16328652058852325,0.7245718064328066
25948,LOF,0.3635438726485147,0.008549428860020936,0.6279066984914645
25949,LOF,0.1309296907422527,0.03734734602168548,0.8317229632360619
25950,GOF,0.3271527704462751,0.34239676687523485,0.3304504626784901
25951,LOF,0.19902823394045954,0.27452762029191563,0.5264441457676249
25952,GOF,0.045116242312898895,0.48051968070415485,0.4743640769829463
25953,LOF,0.15437792300038622,0.10900611825031938,0.7366159587492943
25954,Neutral,0.4123122625260366,0.1947030762452657,0.39298466122869763
25955,LOF,0.06178540290118342,0.07964155864123561,0.858573038457581
25956,LOF,0.14789322304813127,0.12241523718842355,0.7296915397634451
25957,LOF,0.035685825702283076,0.029822783515045224,0.9344913907826716
25958,LOF,0.0528642461963528,0.026538193673768435,0.9205975601298787
25959,LOF,0.0642122192807248,0.3368837493105399,0.5989040314087353
25960,LOF,0.014755222062223,0.05672249899948578,0.9285222789382912
25961,LOF,0.04026420684622433,0.025851897520839093,0.9338838956329366
25962,LOF,0.059047684804599855,0.032102736520151554,0.9088495786752485
25963,LOF,0.04297697214333225,0.19498564630069856,0.7620373815559691
25964,LOF,0.03133834243376456,0.1606993669386612,0.8079622906275743
25965,LOF,0.4451039337650171,0.05640546764089085,0.4984905985940921
25966,Neutral,0.5319560419346668,0.1631006838017445,0.30494327426358875
25967,LOF,0.016446531578744927,0.10084095428363028,0.8827125141376247
25968,LOF,0.03509537619048206,0.36620930221605247,0.5986953215934655
25969,LOF,0.03440802059169138,0.066456625286974,0.8991353541213346
25970,LOF,0.0501121820677469,0.059788732651434,0.890099085280819
25971,LOF,0.06268868483800089,0.021640871785722073,0.9156704433762771
25972,LOF,0.06245233698335141,0.031242713918519547,0.9063049490981291
25973,LOF,0.0727107171256187,0.009804642119918525,0.9174846407544628
25974,LOF,0.19222543303611422,0.015050101283760178,0.7927244656801257
25975,LOF,0.04626633609593578,0.029101346870272774,0.9246323170337913
25976,LOF,0.04181177711613955,0.015535754851538304,0.9426524680323222
25977,LOF,0.14918300776107318,0.08145942460108767,0.769357567637839
25978,LOF,0.15352575377890965,0.08713615318203767,0.7593380930390526
25979,LOF,0.14078465673621454,0.09117032293843993,0.7680450203253455
25980,LOF,0.22268233627917575,0.11999683113397087,0.6573208325868534
25981,LOF,0.25249251976948306,0.11839768046605444,0.6291097997644625
25982,LOF,0.41434516724595577,0.07473117141897503,0.5109236613350692
25983,LOF,0.3987735953807171,0.0858793012358816,0.5153471033834013
25984,LOF,0.047609721057489576,0.05124939506693622,0.9011408838755742
25985,LOF,0.03845088504877475,0.27854421463914764,0.6830049003120777
25986,LOF,0.04610545684589189,0.3242862821325421,0.6296082610215661
25987,LOF,0.08670483036614501,0.07296487881122338,0.8403302908226317
25988,LOF,0.17207790820181892,0.06628288932098603,0.7616392024771951
25989,LOF,0.03953904204223996,0.12049409334647725,0.8399668646112828
25990,LOF,0.04111676173282925,0.17325428511190497,0.7856289531552658
25991,LOF,0.13557974227989777,0.23982007193733365,0.6246001857827685
25992,LOF,0.2991404189708513,0.1552811524407938,0.5455784285883549
25993,LOF,0.026511584963760444,0.07218928462082276,0.9012991304154168
25994,LOF,0.020227076425324148,0.07720111866438516,0.9025718049102907
25995,LOF,0.026491061603344548,0.17014316885139041,0.8033657695452651
25996,GOF,0.3327342351222548,0.3736201709876986,0.2936455938900465
25997,LOF,0.08708018480648683,0.37502601162418786,0.5378938035693253
25998,Neutral,0.5170873449868677,0.02756815573499789,0.4553444992781345
25999,LOF,0.09453721147295203,0.09597875106958167,0.8094840374574664
26000,LOF,0.127384718545588,0.04341775601976146,0.8291975254346505
26001,LOF,0.20268462589782213,0.04818061480691159,0.7491347592952664
26002,LOF,0.10041606227407296,0.04168770697420051,0.8578962307517265
26003,GOF,0.011515683257499305,0.5917243306430021,0.3967599860994986
26004,GOF,0.02183580757088188,0.7013864990761595,0.2767776933529586
26005,LOF,0.0070868548245626925,0.4404640029250612,0.5524491422503761
26006,Neutral,0.5482090477056702,0.23300753456402257,0.21878341773030727
26007,GOF,0.0215198698609485,0.5193828175162261,0.45909731262282555
26008,GOF,0.0186655508823174,0.6138786986672025,0.36745575045048023
26009,GOF,0.02193604080924762,0.7070227948296983,0.27104116436105397
26010,GOF,0.02611249922994049,0.6632808567247412,0.31060664404531824
26011,LOF,0.006895580424191725,0.412530588274097,0.5805738313017113
26012,GOF,0.013106153683945158,0.5405894853715795,0.44630436094447534
26013,GOF,0.01960127075117624,0.6019172293264858,0.37848149992233787
26014,LOF,0.04317889743045589,0.11014115995523938,0.8466799426143048
26015,LOF,0.1450633573260418,0.01556506770264668,0.8393715749713117
26016,LOF,0.20015494386561966,0.05908139436284011,0.7407636617715402
26017,LOF,0.20120837464273872,0.09473201265715968,0.7040596127001015
26018,LOF,0.07696272283591696,0.043228724804915734,0.8798085523591672
26019,LOF,0.07332834120489408,0.03408537229294819,0.8925862865021577
26020,LOF,0.06502974028279797,0.1164512375357572,0.8185190221814449
26021,LOF,0.04528771946803429,0.11892610223457291,0.8357861782973928
26022,LOF,0.011117870438289965,0.04536216605604855,0.9435199635056616
26023,LOF,0.07020528012556346,0.026056074330775347,0.9037386455436612
26024,LOF,0.029099996936969158,0.11110295846042167,0.8597970446026092
26025,LOF,0.15013310841769284,0.09675120548614154,0.7531156860961657
26026,LOF,0.3333816686302585,0.0285017137977546,0.638116617571987
26027,LOF,0.05768381596799757,0.020546325654650074,0.9217698583773524
26028,LOF,0.16660329728227807,0.06502078502941956,0.7683759176883024
26029,LOF,0.06640342068034544,0.15732476572306295,0.7762718135965916
26030,LOF,0.02096543859016263,0.037103304721539145,0.9419312566882982
26031,LOF,0.02550435369862427,0.11433885825924621,0.8601567880421295
26032,LOF,0.06572615034520538,0.05734137760543253,0.8769324720493621
26033,LOF,0.09086028308725312,0.056144762763402536,0.8529949541493442
26034,LOF,0.0435940251740551,0.13732533730845914,0.8190806375174858
26035,LOF,0.025255316944979095,0.12964251423010711,0.8451021688249138
26036,LOF,0.03872173037613336,0.15022835530905032,0.8110499143148164
26037,LOF,0.020515736081014552,0.10705652299467223,0.8724277409243132
26038,LOF,0.0618533460704212,0.05999581219563571,0.878150841733943
26039,LOF,0.053357845249040636,0.12721649642022348,0.8194256583307359
26040,LOF,0.21117898893487594,0.11000582158376099,0.6788151894813631
26041,LOF,0.022177724362628493,0.09870794175295133,0.8791143338844202
26042,LOF,0.020097860013453938,0.09099481353647723,0.8889073264500688
26043,LOF,0.06321524648549344,0.06807842719054659,0.8687063263239599
26044,LOF,0.018259226931088494,0.04896636704767632,0.9327744060212351
26045,LOF,0.06960774132967702,0.08344860974636839,0.8469436489239546
26046,LOF,0.05729413473909949,0.05775149742459033,0.8849543678363102
26047,LOF,0.0768926895278531,0.060063225429910445,0.8630440850422365
26048,LOF,0.04218391590222346,0.03235988314774079,0.9254562009500358
26049,Neutral,0.9655619405872375,0.005875775465360392,0.02856228394740204
26050,Neutral,0.9495927567355812,0.007167160631636474,0.043240082632782326
26051,LOF,0.0503197042158173,0.261560824645341,0.6881194711388416
26052,LOF,0.06390087274786992,0.30204467827077053,0.6340544489813597
26053,LOF,0.05936269990747565,0.1318549021377006,0.8087823979548239
26054,LOF,0.045452581408087875,0.017689010541138674,0.9368584080507735
26055,LOF,0.0637850626637569,0.01587377492924315,0.9203411624069999
26056,LOF,0.05463547884440088,0.01804082092194181,0.9273237002336573
26057,LOF,0.03142365686729933,0.011562196258457452,0.9570141468742431
26058,LOF,0.031921683098744845,0.009568358226118429,0.9585099586751367
26059,LOF,0.2705828844191399,0.01946356781849809,0.7099535477623621
26060,LOF,0.04281662342652763,0.1711327229678991,0.7860506536055732
26061,LOF,0.01606527786113449,0.012526452462138155,0.9714082696767274
26062,LOF,0.009438646912107452,0.018277779934653876,0.9722835731532387
26063,LOF,0.019644269681935857,0.01059838721288533,0.9697573431051787
26064,LOF,0.019266175314298185,0.025076210448430076,0.9556576142372718
26065,LOF,0.024280676668375356,0.011047875239000294,0.9646714480926244
26066,LOF,0.019967628008051602,0.010438628426996693,0.9695937435649516
26067,LOF,0.026970971950447706,0.008735938039414111,0.9642930900101382
26068,LOF,0.04140781403419949,0.029325838057013373,0.929266347908787
26069,LOF,0.25142805895141274,0.019362606067372713,0.7292093349812147
26070,LOF,0.391233776254527,0.01600639915074429,0.5927598245947286
26071,LOF,0.02008613770128344,0.011451975106592257,0.9684618871921243
26072,LOF,0.016833233942547356,0.02222713970370281,0.9609396263537497
26073,LOF,0.019424081062673612,0.014106372330937962,0.9664695466063883
26074,Neutral,0.9160216144847758,0.005597087460405877,0.07838129805481826
26075,LOF,0.04351122545807261,0.013616576764954104,0.9428721977769734
26076,LOF,0.03639311526560792,0.008705301232585868,0.9549015835018061
26077,LOF,0.009142389568987913,0.012932464708290728,0.9779251457227214
26078,LOF,0.013731293188515577,0.011237074773548827,0.9750316320379356
26079,LOF,0.058389549801413594,0.016415450184563682,0.9251950000140227
26080,LOF,0.057590945609944745,0.016424739254233905,0.9259843151358214
26081,LOF,0.03280324244351773,0.006663134642403031,0.9605336229140793
26082,LOF,0.012860736697371847,0.01394433038649824,0.9731949329161299
26083,LOF,0.16933599860979862,0.014561521252629118,0.8161024801375721
26084,LOF,0.04215998120172058,0.01248352401968396,0.9453564947785954
26085,LOF,0.037571020145522126,0.011947921165780048,0.9504810586886979
26086,LOF,0.02021182603794873,0.011649219749535089,0.9681389542125161
26087,LOF,0.022325048071645887,0.008636778965508865,0.9690381729628452
26088,LOF,0.01569910858496283,0.024264914598439435,0.9600359768165978
26089,LOF,0.039516526493438696,0.021663990107915806,0.9388194833986456
26090,LOF,0.039106996115266246,0.017276237720529254,0.9436167661642045
26091,LOF,0.030946770565025535,0.006228764128672476,0.962824465306302
26092,LOF,0.021777625949427292,0.008027960399650178,0.9701944136509226
26093,LOF,0.03161905407466186,0.0059669061504966725,0.9624140397748414
26094,LOF,0.03189703450508238,0.005873275442956873,0.9622296900519607
26095,LOF,0.03566277815005402,0.014869148465036383,0.9494680733849096
26096,LOF,0.01642461524240366,0.011764673986846025,0.9718107107707503
26097,LOF,0.010961263069152084,0.04129325627926842,0.9477454806515795
26098,LOF,0.07375386765382727,0.012538554010316564,0.9137075783358561
26099,LOF,0.02012923720083911,0.012308619967574966,0.9675621428315859
26100,LOF,0.02164396662371623,0.012010992290916098,0.9663450410853678
26101,LOF,0.04532311385959257,0.017121193949495465,0.937555692190912
26102,LOF,0.019441011262085882,0.014572043334050022,0.9659869454038642
26103,Neutral,0.8774091101055574,0.018762120882276304,0.10382876901216623
26104,LOF,0.0722375200756194,0.02359757984653977,0.9041649000778409
26105,LOF,0.19113808464816345,0.2896700044410087,0.5191919109108278
26106,LOF,0.17033347010985703,0.12904141158579266,0.7006251183043504
26107,LOF,0.2394335538904606,0.08367202631445603,0.6768944197950835
26108,LOF,0.2447152850286306,0.08897575778960685,0.6663089571817624
26109,LOF,0.0773268338006965,0.05775677465736155,0.864916391541942
26110,LOF,0.21348993811075123,0.006471674881787134,0.7800383870074615
26111,Neutral,0.5139785885020149,0.021709946316845554,0.4643114651811395
26112,LOF,0.03384232522975601,0.006680308094791089,0.9594773666754529
26113,LOF,0.06481665561329007,0.014920961397819123,0.9202623829888907
26114,LOF,0.025966375977199592,0.02821464784046548,0.945818976182335
26115,LOF,0.08424895401555729,0.05212894038236136,0.8636221056020812
26116,LOF,0.06273307040069907,0.062167453078177407,0.8750994765211236
26117,LOF,0.4392046756543829,0.04256749812663184,0.5182278262189851
26118,LOF,0.032055897454218774,0.024125856834675878,0.9438182457111053
26119,LOF,0.023328351567467442,0.030619583283983197,0.9460520651485494
26120,LOF,0.02511699164918663,0.01868365372846361,0.9561993546223498
26121,LOF,0.037461780966700456,0.0880637455409515,0.874474473492348
