feature0,prediction,LoGoFunc_Neutral,LoGoFunc_GOF,LoGoFunc_LOF
25546,Neutral,0.6177276178246093,0.0519826476522275,0.33028973452316324
25547,Neutral,0.4870174850604363,0.07904476353587092,0.4339377514036927
25548,Neutral,0.5047376991042424,0.06958832646235366,0.42567397443340393
25549,LOF,0.43735569576006056,0.06892261656733428,0.49372168767260516
25550,LOF,0.38192623227594874,0.07999277995055364,0.5380809877734977
25551,LOF,0.3292542537130244,0.08489757642224967,0.5858481698647259
25552,LOF,0.28604297097287246,0.09453829115314205,0.6194187378739855
25553,Neutral,0.7804184447391376,0.04683480582834387,0.17274674943251847
25554,LOF,0.3122280433810685,0.08270147511533418,0.6050704815035972
25555,LOF,0.27123418692422785,0.08657510639541835,0.6421907066803538
25556,LOF,0.4392120891591391,0.07679750220305022,0.48399040863781057
25557,LOF,0.2505153332788014,0.08397859449884083,0.6655060722223578
25558,LOF,0.2981263630076209,0.08009230533426448,0.6217813316581146
25559,LOF,0.2839035918361065,0.025839478027362403,0.6902569301365311
25560,LOF,0.09377995046826915,0.1746849233254464,0.7315351262062844
25561,LOF,0.0737465165999684,0.263300019645237,0.6629534637547946
25562,LOF,0.0332293566619988,0.0986171981292396,0.8681534452087617
25563,LOF,0.0066473311455593175,0.19970020066912866,0.7936524681853119
25564,LOF,0.06515799395197365,0.10534804635858352,0.8294939596894428
25565,LOF,0.1898701278919042,0.16082019930574348,0.6493096728023523
25566,GOF,0.06836218890227441,0.8045765866025429,0.1270612244951825
25567,LOF,0.047090319475281785,0.17994386074032517,0.772965819784393
25568,LOF,0.06811906762474237,0.11713892829975125,0.8147420040755065
25569,LOF,0.06842961612107075,0.10971028285124566,0.8218601010276837
25570,LOF,0.027228701343508088,0.1492142366589756,0.8235570619975163
25571,LOF,0.026335351613673938,0.16412966711276572,0.8095349812735603
25572,LOF,0.0566847411074308,0.23159392631947112,0.7117213325730982
25573,LOF,0.06994501757636155,0.15872278414576452,0.7713321982778739
25574,LOF,0.08086003749563625,0.28393746818103516,0.6352024943233286
25575,LOF,0.02608984974086237,0.18091439010106308,0.7929957601580745
25576,LOF,0.0249394094628246,0.2867852403922018,0.6882753501449735
25577,LOF,0.029969160633687923,0.1967958518245664,0.7732349875417457
25578,LOF,0.31194935578293626,0.11042376213692452,0.5776268820801392
25579,LOF,0.2256621692297907,0.11151565078768023,0.662822179982529
25580,LOF,0.025049582516418614,0.11271166154547407,0.8622387559381073
25581,LOF,0.0496638976154623,0.12603783660175055,0.8242982657827872
25582,LOF,0.04923102137954233,0.1225113441016058,0.8282576345188518
25583,LOF,0.03457255788389308,0.11532310107024023,0.8501043410458666
25584,Neutral,0.7000105859648305,0.13767172493134794,0.1623176891038216
25585,LOF,0.026341902268924633,0.20438829273554213,0.7692698049955332
25586,LOF,0.023142700053084633,0.1260479196190834,0.8508093803278319
25587,LOF,0.022540853412693927,0.12482301588910111,0.852636130698205
25588,LOF,0.02826624098240675,0.10100069629028632,0.8707330627273069
25589,Neutral,0.5388424868791444,0.25915124231531783,0.20200627080553782
25590,LOF,0.05819536556865123,0.15676336812546707,0.7850412663058818
25591,LOF,0.11235937467500531,0.10703557367307345,0.7806050516519212
25592,LOF,0.0842555782528844,0.1999152464125575,0.715829175334558
25593,LOF,0.118998433716153,0.37421957105946035,0.5067819952243866
25594,LOF,0.040911233949285544,0.04438350404677859,0.9147052620039359
25595,LOF,0.04359538651649924,0.023587123361890266,0.9328174901216105
25596,LOF,0.11198969521179229,0.01973309553505909,0.8682772092531486
25597,LOF,0.08317001351412041,0.0160524922173843,0.9007774942684953
25598,LOF,0.04438780878311647,0.02574018745263558,0.9298720037642481
25599,LOF,0.03442059169237801,0.3720910915649458,0.5934883167426762
25600,LOF,0.19424997222257703,0.3329029449399279,0.4728470828374951
25601,LOF,0.05693756356478326,0.2629380151762861,0.6801244212589307
25602,LOF,0.028392330670792245,0.07664807024357889,0.8949595990856289
25603,LOF,0.04704109993375895,0.08322214140697048,0.8697367586592705
25604,LOF,0.05272774816513611,0.13933473352154224,0.8079375183133217
25605,LOF,0.047124179983614414,0.21531288486136124,0.7375629351550244
25606,LOF,0.3410754540032391,0.3068051216914185,0.3521194243053424
25607,LOF,0.03060679973613002,0.2800572735337725,0.6893359267300974
25608,LOF,0.05073143484770271,0.08287933331090153,0.8663892318413958
25609,GOF,0.19595612348462468,0.5229163490542228,0.2811275274611526
25610,LOF,0.02237478974154037,0.08932868534973797,0.8882965249087217
25611,LOF,0.015943372923334524,0.10295188528940476,0.8811047417872608
25612,LOF,0.06029379810517127,0.1167141473193813,0.8229920545754474
25613,LOF,0.05449440120205198,0.10982081664052952,0.8356847821574185
25614,LOF,0.025274240211237402,0.08705847776215765,0.887667282026605
25615,LOF,0.06072218752914543,0.07289470240775732,0.8663831100630972
25616,LOF,0.06531775114431569,0.09666758131169947,0.8380146675439848
25617,LOF,0.05118534001459218,0.10297927197013232,0.8458353880152756
25618,LOF,0.05880092119254945,0.1756451135554476,0.7655539652520028
25619,LOF,0.015497869904721545,0.11393032855907664,0.8705718015362018
25620,LOF,0.048612909185190935,0.1050825410660706,0.8463045497487385
25621,LOF,0.0835729486565898,0.09406472003650009,0.82236233130691
25622,LOF,0.09183604152443794,0.10750012488063274,0.8006638335949292
25623,LOF,0.0755080864439586,0.09588972734875033,0.828602186207291
25624,LOF,0.02353227800313029,0.09457782975742171,0.881889892239448
25625,LOF,0.07664791503335197,0.1051859378144218,0.8181661471522262
25626,LOF,0.059192774928370245,0.10608845915310817,0.8347187659185217
25627,Neutral,0.882793965771057,0.021715289275323454,0.0954907449536197
25628,LOF,0.19776481902659307,0.053659697165469956,0.748575483807937
25629,LOF,0.07025915896201966,0.06636944962461838,0.8633713914133619
25630,LOF,0.32935876939610803,0.06229196708380669,0.6083492635200853
25631,Neutral,0.5281128894497458,0.03936025760548611,0.4325268529447681
25632,LOF,0.032866208544512096,0.15374385764000278,0.8133899338154851
25633,LOF,0.1962706202220485,0.09196882449622447,0.7117605552817271
25634,LOF,0.04347568988487522,0.1441059378857748,0.81241837222935
25635,LOF,0.03210501242411869,0.07598975369189226,0.8919052338839891
25636,GOF,0.03259213811489067,0.5652504296885774,0.40215743219653205
25637,GOF,0.033898479583893415,0.5782667658840324,0.3878347545320742
25638,GOF,0.019143806243276072,0.5065505828078095,0.47430561094891444
25639,LOF,0.027230724072195175,0.4445251517664585,0.5282441241613464
25640,Neutral,0.7859867196822294,0.15697492454812484,0.057038355769645735
25641,LOF,0.1154512253269478,0.3507195842655923,0.5338291904074599
25642,LOF,0.10841644851280097,0.19395007594698294,0.697633475540216
25643,LOF,0.3162792127906098,0.10210007201491896,0.5816207151944712
25644,GOF,0.009593034955147461,0.6195476779782895,0.37085928706656307
25645,GOF,0.012284324975166233,0.5824570650250191,0.40525860999981456
25646,LOF,0.018116754841620078,0.399044292759858,0.5828389523985219
25647,LOF,0.009504450252032308,0.2966011048797309,0.6938944448682368
25648,LOF,0.012776406822341501,0.3657028765469512,0.6215207166307072
25649,LOF,0.008418174511311922,0.2802148697954463,0.7113669556932418
25650,GOF,0.03525150783469116,0.5703084260684547,0.39444006609685406
25651,LOF,0.01089437449811192,0.36905642257780197,0.6200492029240862
25652,LOF,0.010361223502547718,0.4116664636016714,0.5779723128957809
25653,GOF,0.04313005755707981,0.5673224820492101,0.38954746039371013
25654,LOF,0.011491344853433587,0.287688450092832,0.7008202050537344
25655,GOF,0.11687296905637279,0.6584111111285844,0.22471591981504285
25656,LOF,0.21165643104490459,0.07306529463862911,0.7152782743164663
25657,LOF,0.03367577267012806,0.07561526837310319,0.8907089589567688
25658,LOF,0.2522646459827332,0.11129878378195429,0.6364365702353125
25659,LOF,0.38551580766595084,0.1492360670029815,0.46524812533106763
25660,LOF,0.02328489967731778,0.09270067558549563,0.8840144247371866
25661,LOF,0.06747311917981731,0.06015968773551012,0.8723671930846726
25662,LOF,0.02704029431974428,0.040858718148599725,0.9321009875316559
25663,LOF,0.030126409288735084,0.039876591657801365,0.9299969990534636
25664,LOF,0.09236597057823444,0.06866283830548192,0.8389711911162836
25665,LOF,0.05018801578147289,0.036671859986081495,0.9131401242324456
25666,LOF,0.0714646151032952,0.05472092560479254,0.8738144592919123
25667,LOF,0.058543157728117974,0.04743216920670741,0.8940246730651746
25668,LOF,0.028886256153622447,0.05958309453355054,0.911530649312827
25669,LOF,0.020207186958926603,0.05400215329191359,0.9257906597491598
25670,LOF,0.13142404968626656,0.04756228912728361,0.8210136611864499
25671,LOF,0.08520423489079629,0.03959885640897458,0.875196908700229
25672,LOF,0.04529174327269376,0.05597294221032326,0.8987353145169829
25673,LOF,0.08016498865434533,0.04609646199089727,0.8737385493547574
25674,LOF,0.07619391304213065,0.06158929706319459,0.8622167898946748
25675,LOF,0.07336808596303951,0.06972583115236045,0.8569060828846
25676,LOF,0.016219046982237723,0.06303013082192938,0.9207508221958328
25677,LOF,0.01631343184635218,0.08195701481983711,0.9017295533338108
25678,LOF,0.18475091269226945,0.08730528050202611,0.7279438068057045
25679,LOF,0.11274041022518273,0.10153251094285283,0.7857270788319645
25680,LOF,0.023261114569305647,0.12397044626202332,0.8527684391686711
25681,LOF,0.03641273813512153,0.11301366283844451,0.850573599026434
25682,LOF,0.10792087586875525,0.07200728462867571,0.8200718395025691
25683,LOF,0.09254743351019945,0.08632396483895734,0.8211286016508432
25684,LOF,0.02574384401972156,0.06007106685870684,0.9141850891215716
25685,LOF,0.1092285257153797,0.11413621918497123,0.776635255099649
25686,LOF,0.0648579093610706,0.19812471589000488,0.7370173747489244
25687,LOF,0.10925969825894573,0.16974037137508036,0.7209999303659739
25688,LOF,0.4436160950239723,0.020120402356952043,0.5362635026190756
25689,LOF,0.2791010182837336,0.03268978891736784,0.6882091927988985
25690,LOF,0.3720542788140786,0.01976880935217643,0.6081769118337449
25691,Neutral,0.7359182378855881,0.017984556575196407,0.24609720553921552
25692,LOF,0.34446939151909456,0.010429313546462699,0.6451012949344428
25693,GOF,0.03429796398966528,0.5490268367995549,0.4166751992107798
25694,LOF,0.10660718007513387,0.023462649947129755,0.8699301699777363
25695,LOF,0.10343926651682767,0.009763237485566657,0.8867974959976056
25696,LOF,0.11180036159052367,0.01411091737702789,0.8740887210324485
25697,LOF,0.047428146317477195,0.09307446427578563,0.8594973894067373
25698,LOF,0.26976401247834136,0.19897110854794925,0.5312648789737094
25699,LOF,0.3606023589786283,0.047755773407707106,0.5916418676136647
25700,LOF,0.05852691364391682,0.012068018358950888,0.9294050679971323
25701,LOF,0.17502225238729174,0.04809996393699771,0.7768777836757105
25702,GOF,0.190452178517535,0.600322919883978,0.2092249015984869
25703,LOF,0.01888349691809376,0.15847055765340137,0.8226459454285048
25704,LOF,0.037088354110591346,0.125433801828483,0.8374778440609257
25705,LOF,0.033763369198618165,0.09014599125602843,0.8760906395453534
25706,GOF,0.09512422169850981,0.47939702775014276,0.42547875055134743
25707,LOF,0.08191314423752823,0.4080163809713924,0.5100704747910794
25708,LOF,0.030716922663508044,0.39981633760314067,0.5694667397333513
25709,LOF,0.07119143677100395,0.04208193278451588,0.8867266304444802
25710,LOF,0.01701681372663638,0.17857111900264006,0.8044120672707235
25711,LOF,0.019467016483163135,0.0971611778652701,0.8833718056515668
25712,LOF,0.01653240061447769,0.23528382009891274,0.7481837792866096
25713,LOF,0.01846977256578133,0.07270933409536989,0.9088208933388489
25714,LOF,0.07512823533670052,0.06453991290198022,0.8603318517613191
25715,LOF,0.01205802699212157,0.11388594445968554,0.8740560285481928
25716,LOF,0.013100124421779054,0.11833890277814159,0.8685609728000794
25717,LOF,0.01995466882402299,0.08247570731032187,0.8975696238656552
25718,LOF,0.01205563542985406,0.05567444574510005,0.932269918825046
25719,LOF,0.024118823847432712,0.07757739738273647,0.8983037787698308
25720,LOF,0.030634397056851642,0.04991529331812595,0.9194503096250224
25721,LOF,0.011854384579703574,0.07682873760988514,0.9113168778104114
25722,LOF,0.013555997106290423,0.06482657148047656,0.921617431413233
25723,LOF,0.024629978842442543,0.045501598900829714,0.9298684222567277
25724,LOF,0.03444883556431147,0.08710814416432691,0.8784430202713617
25725,LOF,0.011729038418864626,0.07591568319675984,0.9123552783843755
25726,LOF,0.016999569718575164,0.10551232762267958,0.8774881026587452
25727,LOF,0.014351316367478903,0.06292159050120515,0.9227270931313161
25728,LOF,0.011300394570330496,0.08205504729516945,0.9066445581345001
25729,LOF,0.011590505570853001,0.08096383772372892,0.907445656705418
25730,LOF,0.015107938584629227,0.07942291507379451,0.9054691463415763
25731,LOF,0.018638583443962128,0.1267088502246844,0.8546525663313534
25732,LOF,0.014773405292944228,0.052044915444114125,0.9331816792629416
25733,LOF,0.016073930422998747,0.0653958884437452,0.9185301811332561
25734,LOF,0.012647215646289251,0.14428379637775324,0.8430689879759575
25735,LOF,0.011780455917736236,0.06373348991695202,0.9244860541653116
25736,LOF,0.013163373079052753,0.06586780659583655,0.9209688203251106
25737,LOF,0.013804176685879882,0.11053773942923259,0.8756580838848875
25738,LOF,0.013077872694436544,0.10797428264248655,0.878947844663077
25739,LOF,0.02031141679869991,0.0886482432778782,0.8910403399234219
25740,LOF,0.031764332110879395,0.11365022840689881,0.8545854394822218
25741,LOF,0.016074313441054505,0.11614508487597593,0.8677806016829696
25742,LOF,0.11313306374508736,0.08135979805741768,0.8055071381974949
25743,LOF,0.04773991816874575,0.047777847108650566,0.9044822347226037
25744,Neutral,0.6433823761684494,0.21209891087951352,0.14451871295203722
25745,LOF,0.0695045991582395,0.06838459647859099,0.8621108043631696
25746,LOF,0.04988064906407664,0.10336718885742008,0.8467521620785032
25747,LOF,0.01876730358140567,0.12530105313285458,0.8559316432857398
25748,LOF,0.10268752722129539,0.17227683833620774,0.7250356344424967
25749,LOF,0.028155445552634155,0.09277232027874453,0.8790722341686212
25750,LOF,0.06956621530730513,0.10635259985435483,0.8240811848383399
25751,LOF,0.11697006455091903,0.16647117866857483,0.7165587567805062
25752,GOF,0.1168773480324578,0.6385480132241776,0.2445746387433645
25753,LOF,0.03378428278320165,0.37537495303981344,0.590840764176985
25754,GOF,0.018404504268903405,0.7616437998297466,0.2199516959013499
25755,LOF,0.03258048231811008,0.37353080428485796,0.593888713397032
25756,LOF,0.06347261513119015,0.43609450153907253,0.5004328833297372
25757,GOF,0.017555169528261527,0.8559940126855101,0.12645081778622838
25758,GOF,0.02472826789228289,0.7917466511252061,0.1835250809825109
25759,GOF,0.012553786295118786,0.6618547146199026,0.32559149908497853
25760,LOF,0.017294280690317018,0.4475176193349552,0.5351880999747277
25761,GOF,0.29472051773688324,0.6094198276705691,0.09585965459254751
25762,LOF,0.04748160056094577,0.3904222862168133,0.562096113222241
25763,LOF,0.01479864418937995,0.28771070933769083,0.6974906464729292
25764,GOF,0.056838869201277335,0.695719639585944,0.24744149121277872
25765,GOF,0.036122560114010896,0.7962319427618463,0.16764549712414298
25766,GOF,0.08774982618840879,0.7162291562947201,0.1960210175168711
25767,GOF,0.17065178950478793,0.4186077601618649,0.41074045033334705
25768,LOF,0.10225362999214266,0.035512722838962424,0.862233647168895
25769,LOF,0.05498731084395848,0.07749786633167927,0.8675148228243623
25770,LOF,0.3853827688287474,0.12155614823415556,0.49306108293709716
25771,LOF,0.06804173423508261,0.060805350063949215,0.8711529157009682
25772,LOF,0.019732631260053507,0.05973430665941602,0.9205330620805305
25773,LOF,0.07726876216279835,0.0637651607907865,0.8589660770464151
25774,LOF,0.02720142230426481,0.13611501667577292,0.8366835610199623
25775,LOF,0.07433351139916095,0.05570616691025919,0.8699603216905798
25776,LOF,0.07848813440516848,0.0393506071300924,0.882161258464739
25777,Neutral,0.5395474565798312,0.08099732618615309,0.3794552172340158
25778,LOF,0.0685670853190808,0.0568086336896039,0.8746242809913153
25779,GOF,0.4310951353145828,0.525111932013387,0.04379293267203016
25780,GOF,0.38178803571882863,0.5332733174640163,0.08493864681715514
25781,GOF,0.13449747906346057,0.7606855174372925,0.1048170034992469
25782,GOF,0.18595622769575726,0.7273258899985349,0.08671788230570793
25783,GOF,0.025592903511185514,0.7163059911366242,0.2581011053521903
25784,Neutral,0.5476787119361957,0.4048254014214071,0.04749588664239725
25785,Neutral,0.5081607633624505,0.4281551281847863,0.06368410845276322
25786,GOF,0.033383004634772354,0.7260109742251527,0.2406060211400749
25787,Neutral,0.6963104032161587,0.26621585156698774,0.03747374521685369
25788,LOF,0.059856842942351926,0.08830412021776997,0.851839036839878
25789,GOF,0.24045728015306805,0.637741516441313,0.12180120340561895
25790,GOF,0.28202799018653063,0.601229637064037,0.11674237274943232
25791,GOF,0.145844032017906,0.6432717977325173,0.21088417024957665
25792,GOF,0.336469341250952,0.49975753564392505,0.16377312310512288
25793,GOF,0.27293408613258074,0.46924542139108344,0.25782049247633576
25794,GOF,0.3259448016688008,0.44911762893129514,0.22493756939990395
25795,GOF,0.06552289735291295,0.6684580053330742,0.2660190973140128
25796,Neutral,0.5336000404023024,0.37896118268153933,0.08743877691615823
25797,GOF,0.09019756443466906,0.5232271722620534,0.3865752633032775
25798,GOF,0.011563976305883976,0.5522242920409584,0.43621173165315774
25799,GOF,0.00952035473688122,0.5032138543727839,0.4872657908903349
25800,GOF,0.04648803593688774,0.6602634836735204,0.2932484803895919
25801,GOF,0.26220898431050865,0.6294465656933957,0.10834444999609563
25802,GOF,0.08601615472215639,0.6476713099657728,0.26631253531207083
25803,GOF,0.058916652020322785,0.5715073159121438,0.36957603206753337
25804,GOF,0.046242850213576984,0.49667667185674336,0.4570804779296797
25805,GOF,0.10885331769424697,0.5514860907364765,0.33966059156927664
25806,GOF,0.15096687696209765,0.5752141627490804,0.27381896028882197
25807,GOF,0.02202997817445915,0.604024654976646,0.37394536684889484
25808,GOF,0.13456988781725687,0.5472715717109389,0.31815854047180425
25809,GOF,0.023809095791476536,0.5873628077620768,0.3888280964464467
25810,GOF,0.024007913553370765,0.5748387147129925,0.4011533717336367
25811,Neutral,0.48845167146725904,0.44104790275890177,0.07050042577383908
25812,GOF,0.03869974578269828,0.6330215391400492,0.3282787150772526
25813,Neutral,0.5542264472580363,0.31214435266524604,0.13362920007671766
25814,GOF,0.12892513374015027,0.6137809813614256,0.25729388489842414
25815,GOF,0.2683146186889515,0.5488148533691518,0.18287052794189673
25816,GOF,0.020309508273860476,0.6827132418435762,0.2969772498825634
25817,GOF,0.1847458218619953,0.6861384122187488,0.12911576591925572
25818,GOF,0.041294218702078556,0.6044147939880132,0.3542909873099082
25819,GOF,0.36776453411453897,0.47143206612778527,0.16080339975767585
25820,GOF,0.2025668281114508,0.579731051838051,0.21770212005049822
25821,GOF,0.0698480455970629,0.6641385775593928,0.26601337684354426
25822,GOF,0.25515012425611827,0.5136865113075476,0.231163364436334
25823,GOF,0.04398475036466478,0.5130890163220455,0.4429262333132898
25824,GOF,0.09847035207547197,0.5080696919657567,0.39345995595877137
25825,GOF,0.035502715687353706,0.5249630766812539,0.4395342076313925
25826,GOF,0.012718142912487735,0.5141158494482427,0.4731660076392695
25827,GOF,0.023024703147501446,0.5372722253693242,0.43970307148317445
25828,LOF,0.01603074257391702,0.4513434372600845,0.5326258201659986
25829,GOF,0.009230380819322662,0.563475386730563,0.4272942324501143
25830,LOF,0.040251182015509306,0.29124289445151164,0.6685059235329791
25831,GOF,0.1329070809179363,0.7229755560812632,0.1441173630008005
25832,GOF,0.03548864937768434,0.7044863667338458,0.2600249838884698
25833,GOF,0.11581913129447496,0.6921769925594222,0.19200387614610276
25834,GOF,0.04243867673346314,0.6973346079052446,0.2602267153612922
25835,GOF,0.09826412855924838,0.6598358115431495,0.24190005989760213
25836,GOF,0.050493101751704864,0.6902802222091485,0.25922667603914656
25837,GOF,0.026490637911089656,0.5409344558827733,0.432574906206137
25838,GOF,0.09068197331803843,0.7164972145948865,0.192820812087075
25839,GOF,0.264270628919637,0.5371762983366057,0.19855307274375736
25840,GOF,0.22008718584602763,0.5644389171530954,0.21547389700087707
25841,GOF,0.2574131277648217,0.5407807633986288,0.20180610883654934
25842,GOF,0.1668028214869666,0.6305551966947207,0.20264198181831264
25843,GOF,0.22926387777976948,0.6261140373850946,0.14462208483513583
25844,GOF,0.06565444169232626,0.6854984046164407,0.24884715369123314
25845,GOF,0.01567932681886576,0.5417711096998689,0.4425495634812654
25846,GOF,0.09445331075121242,0.7294047027484527,0.17614198650033486
25847,GOF,0.11147093899634342,0.7171409637822815,0.17138809722137507
25848,GOF,0.04687211377178399,0.6847731459147754,0.26835474031344053
25849,GOF,0.014420151026930169,0.5767032333404174,0.40887661563265254
25850,GOF,0.028026548069101667,0.6562851165541476,0.3156883353767508
25851,GOF,0.0252379654159203,0.5538974382105868,0.4208645963734928
25852,GOF,0.13778134607897274,0.5726201535906217,0.2895985003304055
25853,GOF,0.3260805131408293,0.5936594902216686,0.080259996637502
25854,GOF,0.023725077365847214,0.7125478253488629,0.26372709728528987
25855,GOF,0.04839977796930839,0.6276966526875679,0.32390356934312364
25856,GOF,0.25433637762202993,0.5618074666935415,0.1838561556844285
25857,GOF,0.04521874106840121,0.559288323610587,0.3954929353210117
25858,GOF,0.020180204988384676,0.6405307281650513,0.33928906684656407
25859,GOF,0.010872867191920207,0.6282867383440357,0.360840394464044
25860,GOF,0.31387024278541215,0.5830167517765327,0.10311300543805511
25861,GOF,0.3225029201234697,0.5956358227696685,0.0818612571068617
25862,GOF,0.06557809068258806,0.7981056769102848,0.1363162324071272
25863,GOF,0.06957990569299344,0.8083838286658592,0.12203626564114724
25864,GOF,0.13052959293803298,0.7833650460864182,0.08610536097554876
25865,GOF,0.06726945577082366,0.8018372046527168,0.13089333957645957
25866,GOF,0.060971044806130005,0.8287953534737809,0.11023360172008909
25867,GOF,0.07672947576254584,0.8190764003174776,0.10419412391997646
25868,GOF,0.22341008514170643,0.6582110773910816,0.11837883746721184
25869,Neutral,0.6653380465771336,0.28502766153891773,0.049634291883948675
25870,LOF,0.26595761496181075,0.2744120257970852,0.4596303592411042
25871,GOF,0.19008037035006067,0.6665823724033223,0.14333725724661703
25872,GOF,0.08357688910016348,0.649906755097712,0.26651635580212435
25873,GOF,0.14491749399541876,0.6253366650563355,0.22974584094824582
25874,LOF,0.023409585871228378,0.09709747309517261,0.8794929410335991
25875,LOF,0.05873842450594301,0.13173813288704572,0.8095234426070114
25876,LOF,0.024255326808618808,0.0828824852998422,0.892862187891539
25877,Neutral,0.4310774053783828,0.14650792790380027,0.4224146667178169
25878,LOF,0.16236049118577991,0.23288934447359416,0.604750164340626
25879,LOF,0.08883853187456435,0.2693644972098869,0.6417969709155487
25880,LOF,0.020500738870635703,0.03768847755835867,0.9418107835710057
25881,LOF,0.17031114701642777,0.28435813342116384,0.5453307195624084
25882,LOF,0.06792859828228494,0.026770540424752128,0.905300861292963
25883,LOF,0.08246006215946715,0.06357044600802803,0.8539694918325047
25884,LOF,0.04147026665670032,0.06460059502933524,0.8939291383139645
25885,LOF,0.05884027610560521,0.03177698886133245,0.9093827350330622
25886,LOF,0.3595284895089001,0.1459259073031269,0.4945456031879729
25887,LOF,0.17392411978367128,0.23075878298293956,0.5953170972333891
25888,LOF,0.07248990059650359,0.14974038467077608,0.7777697147327203
25889,LOF,0.03739153350822279,0.06111421716505732,0.90149424932672
25890,LOF,0.06649354194728485,0.13369103170598662,0.7998154263467285
25891,LOF,0.06922177592686943,0.05222772870840178,0.8785504953647288
25892,LOF,0.10348571864421556,0.03101734508752362,0.8654969362682609
25893,LOF,0.32526598600543627,0.020061842768795645,0.6546721712257682
25894,LOF,0.19498329604813025,0.009087040871632762,0.795929663080237
25895,LOF,0.25135614511804016,0.0216350687641869,0.7270087861177729
25896,LOF,0.051804172211843795,0.024591255017878566,0.9236045727702777
25897,LOF,0.26529696639548034,0.024029545142561233,0.7106734884619584
25898,Neutral,0.7880500380791775,0.01589337818806234,0.19605658373276025
25899,LOF,0.26832126759477354,0.046283858778278786,0.6853948736269476
25900,Neutral,0.6174404080650363,0.016180595729198288,0.36637899620576525
25901,LOF,0.05045138732728972,0.013276710163134272,0.9362719025095759
25902,LOF,0.17741844027081344,0.014563740465054828,0.8080178192641317
25903,Neutral,0.6371913427885267,0.04064949265912881,0.32215916455234445
25904,LOF,0.2605428195895295,0.044013477009262544,0.695443703401208
25905,LOF,0.0376936341776357,0.3028057963976706,0.6595005694246937
25906,LOF,0.026248114877316892,0.0537389061034709,0.9200129790192123
25907,LOF,0.014859664309482013,0.346104547533721,0.639035788156797
25908,LOF,0.01455110813063602,0.21675120690057512,0.7686976849687888
25909,LOF,0.017291542190546964,0.11226282975270277,0.8704456280567503
25910,LOF,0.032773999153809324,0.29867189946476447,0.6685541013814261
25911,LOF,0.08108363763412352,0.06485008785475102,0.8540662745111254
25912,LOF,0.04075187304859235,0.09824645408193047,0.8610016728694772
25913,LOF,0.2443127003424786,0.0462001371522004,0.7094871625053211
25914,LOF,0.0184796273250837,0.1059335492095016,0.8755868234654146
25915,GOF,0.33086822223113327,0.3492915250725877,0.3198402526962791
25916,LOF,0.024791092144872604,0.4663273676909678,0.5088815401641595
25917,LOF,0.04241451763463965,0.058896039894512524,0.8986894424708478
25918,LOF,0.02340902435959598,0.06482901347181586,0.9117619621685883
25919,LOF,0.02110937492749451,0.06324560808100495,0.9156450169915006
25920,GOF,0.11179852910005315,0.5248222785871884,0.3633791923127584
25921,LOF,0.03459569051693753,0.022156802754614346,0.943247506728448
25922,LOF,0.04545698926539474,0.016641093215117066,0.9379019175194881
25923,LOF,0.39655372168355485,0.019802811387485277,0.5836434669289599
25924,LOF,0.0416714300509836,0.02218204686716282,0.9361465230818535
25925,LOF,0.06549786541470451,0.029957099227735092,0.9045450353575604
25926,LOF,0.047580791127858076,0.017638789301843396,0.9347804195702984
25927,LOF,0.07919763141259908,0.043602926131618654,0.8771994424557823
25928,LOF,0.025374971051908495,0.016750525617673467,0.9578745033304179
25929,Neutral,0.5367113566534877,0.023138675613645823,0.4401499677328665
25930,LOF,0.06240710583765407,0.01616233352221782,0.9214305606401282
25931,LOF,0.033152599026565796,0.015662966785354136,0.9511844341880801
25932,LOF,0.028333995617185446,0.014956292864583278,0.9567097115182313
25933,LOF,0.03659041911072957,0.009661115183622471,0.953748465705648
25934,LOF,0.027147921149472547,0.012491190023848736,0.9603608888266787
25935,LOF,0.06777618114844204,0.02512505431840623,0.9070987645331519
25936,LOF,0.04283352637824111,0.0150635198844821,0.9421029537372769
25937,LOF,0.037195607811031005,0.016575299513862045,0.9462290926751069
25938,LOF,0.06667623852774798,0.03162293729606601,0.9017008241761861
25939,LOF,0.04007360269071092,0.009923177954097294,0.9500032193551918
25940,LOF,0.023572953408067275,0.47186009760165903,0.5045669489902737
25941,LOF,0.13887013208030582,0.11368417091817785,0.7474456970015164
25942,LOF,0.013757673929710345,0.04155203016295213,0.9446902959073374
25943,LOF,0.32813234400196406,0.09537070234707214,0.5764969536509638
25944,Neutral,0.47182400698093896,0.056976757844698155,0.4711992351743628
25945,LOF,0.07807833269872304,0.039723415199932825,0.8821982521013442
25946,LOF,0.04134212330068694,0.13144317827153806,0.827214698427775
25947,LOF,0.12443746960075225,0.20362533894547008,0.6719371914537776
25948,LOF,0.44200758252453376,0.017885558621660656,0.5401068588538056
25949,LOF,0.11811709918050223,0.06805361102890943,0.8138292897905882
25950,GOF,0.1785688319656383,0.44105304274191665,0.380378125292445
25951,LOF,0.23268932098557688,0.1419656703453745,0.6253450086690486
25952,LOF,0.04990490774345367,0.3664407595228691,0.5836543327336773
25953,LOF,0.1313455204076966,0.10698251602919426,0.7616719635631091
25954,LOF,0.33542862289625497,0.23387296489510528,0.43069841220863975
25955,LOF,0.062376083291358346,0.09414809917777635,0.8434758175308653
25956,LOF,0.2167938336666742,0.05513152361949207,0.7280746427138337
25957,LOF,0.04977415924998493,0.021733603538805716,0.9284922372112094
25958,LOF,0.0668599256976823,0.02944257059143391,0.9036975037108839
25959,LOF,0.0841982581969217,0.3541771729844625,0.5616245688186159
25960,LOF,0.022807072079674216,0.059074759190611,0.9181181687297147
25961,LOF,0.0541426501091155,0.038318947038402766,0.9075384028524817
25962,LOF,0.06923278147862977,0.04015780761506816,0.8906094109063022
25963,LOF,0.07380245470180757,0.17359213958059336,0.752605405717599
25964,LOF,0.03340546132178427,0.16252611173857975,0.8040684269396361
25965,Neutral,0.4749080838389687,0.0751349213015224,0.44995699485950896
25966,Neutral,0.37531383663808227,0.2528021560373521,0.37188400732456556
25967,LOF,0.018505378611657224,0.07842672418508424,0.9030678972032585
25968,LOF,0.06207064023092312,0.4116073775120386,0.5263219822570383
25969,LOF,0.03061082423943148,0.05865892739292629,0.9107302483676423
25970,LOF,0.06576411725812657,0.050034706609153067,0.8842011761327203
25971,LOF,0.08144524485673628,0.025670683931531046,0.8928840712117327
25972,LOF,0.07425475219490889,0.02866936571267738,0.8970758820924137
25973,LOF,0.08060433091027343,0.009714873536364764,0.9096807955533619
25974,LOF,0.2872994906311262,0.027768767619101117,0.6849317417497727
25975,LOF,0.04851258305483136,0.03773204516115989,0.9137553717840088
25976,LOF,0.033819537666457566,0.020729020311413472,0.9454514420221289
25977,LOF,0.13668677277769936,0.14603837108322587,0.7172748561390748
25978,LOF,0.14867247555671975,0.09967020475911517,0.7516573196841652
25979,LOF,0.1448108157925504,0.08809367942407789,0.7670955047833716
25980,LOF,0.16970201296559267,0.17172444039798196,0.6585735466364253
25981,LOF,0.20936323586958597,0.1637449398880972,0.6268918242423169
25982,LOF,0.40909835269374745,0.09384290676874213,0.4970587405375104
25983,LOF,0.40202350225082506,0.09049855646119871,0.5074779412879762
25984,LOF,0.04481149063215972,0.09559843723898616,0.8595900721288541
25985,LOF,0.022390362031591275,0.3225767036087359,0.6550329343596728
25986,LOF,0.02539723063324182,0.30807630761195015,0.666526461754808
25987,LOF,0.08785831076755717,0.08590457266751811,0.8262371165649246
25988,LOF,0.11012889059137967,0.0775829308667614,0.812288178541859
25989,LOF,0.024845565853452555,0.1398195898577333,0.8353348442888141
25990,LOF,0.03441941708409476,0.12208091446555243,0.8434996684503528
25991,LOF,0.21938069243976976,0.29450244856264274,0.4861168589975876
25992,LOF,0.3586060629000549,0.19442696265048226,0.44696697444946293
25993,LOF,0.02936160118097224,0.0636913031171413,0.9069470957018865
25994,LOF,0.019712137747031882,0.0925489674360275,0.8877388948169406
25995,LOF,0.03266460618087338,0.10794198692305262,0.859393406896074
25996,GOF,0.30362080891955534,0.39111843364338844,0.30526075743705616
25997,LOF,0.10970386212691785,0.40495299265777973,0.4853431452153025
25998,Neutral,0.619400656984879,0.04815980818327953,0.3324395348318415
25999,LOF,0.10388075476597512,0.09634428647653494,0.7997749587574899
26000,LOF,0.08658380393831776,0.030330831331269417,0.8830853647304129
26001,LOF,0.19912696609759667,0.0495454619021053,0.7513275720002981
26002,LOF,0.10010873870467646,0.034051419124186785,0.8658398421711367
26003,GOF,0.009916351007315239,0.6079391929788933,0.3821444560137914
26004,GOF,0.02404276557402914,0.624932736348302,0.35102449807766883
26005,LOF,0.011801865676677807,0.4651332275468991,0.5230649067764231
26006,Neutral,0.5284775264007276,0.22830922699641557,0.24321324660285673
26007,GOF,0.0210249307533907,0.5421254695635173,0.43684959968309206
26008,GOF,0.019754886030956504,0.5174794237374647,0.4627656902315787
26009,GOF,0.034028133765031575,0.6143435737165781,0.35162829251839034
26010,GOF,0.023906704365128404,0.6881335627505407,0.28795973288433085
26011,LOF,0.01061216991444776,0.48957106354135776,0.4998167665441945
26012,GOF,0.0195219970247199,0.5391835120976727,0.44129449087760747
26013,GOF,0.015056946107849151,0.649392401239092,0.33555065265305883
26014,LOF,0.04466009464051931,0.1789926534321968,0.7763472519272838
26015,LOF,0.20606378278065487,0.009900275156279562,0.7840359420630656
26016,LOF,0.2725312472844374,0.050307675405931215,0.6771610773096314
26017,LOF,0.1603075332335796,0.08517647891896564,0.7545159878474549
26018,LOF,0.09235581457381864,0.0337458086333096,0.8738983767928717
26019,LOF,0.08956478567380279,0.022485307812471787,0.8879499065137253
26020,LOF,0.059155918044160004,0.10080779019983829,0.8400362917560017
26021,LOF,0.05419623140800144,0.11926863955145954,0.8265351290405389
26022,LOF,0.011033067225341553,0.05667890534308022,0.9322880274315781
26023,LOF,0.12623357180258524,0.02422031199036524,0.8495461162070496
26024,LOF,0.02879084713720079,0.1180223069514797,0.8531868459113197
26025,LOF,0.1640177042635652,0.062002357643987795,0.7739799380924469
26026,LOF,0.3286624967891784,0.010788927567887956,0.6605485756429336
26027,LOF,0.08966428942930713,0.01642418256598778,0.8939115280047051
26028,LOF,0.19505617712991033,0.09240236259353678,0.712541460276553
26029,LOF,0.10384871208270785,0.15159131049520094,0.7445599774220911
26030,LOF,0.030961073344649915,0.03244190174752755,0.9365970249078225
26031,LOF,0.03543690678694425,0.11093941630363408,0.8536236769094216
26032,LOF,0.0837707776283719,0.02557112217125338,0.8906581002003747
26033,LOF,0.12647502575908118,0.02778509887160459,0.8457398753693142
26034,LOF,0.05795484879469594,0.10942641575207818,0.8326187354532258
26035,LOF,0.04037794881306888,0.0916858912901792,0.8679361598967519
26036,LOF,0.05714493237153736,0.11297407627859757,0.8298809913498651
26037,LOF,0.031416524033225826,0.09257282487902078,0.8760106510877534
26038,LOF,0.08165428629490495,0.02508821114717757,0.8932575025579174
26039,LOF,0.07589140992494951,0.10829739506322722,0.8158111950118232
26040,LOF,0.22680622033054715,0.06203929904466916,0.7111544806247837
26041,LOF,0.030373069874523748,0.08759188382501605,0.8820350463004603
26042,LOF,0.03120821075680563,0.0869566890244658,0.8818351002187286
26043,LOF,0.07934378980612969,0.030381576039761108,0.8902746341541092
26044,LOF,0.03211348483324703,0.03667578146657925,0.9312107337001738
26045,LOF,0.09800516092480072,0.07132487382067351,0.8306699652545257
26046,LOF,0.08440741030809329,0.03177949378385627,0.8838130959080505
26047,LOF,0.11016704104944341,0.040418781771805294,0.8494141771787512
26048,LOF,0.04833645618798811,0.03605133264678052,0.9156122111652314
26049,Neutral,0.9441654409274415,0.005587886240768914,0.05024667283178959
26050,Neutral,0.9206218443388045,0.005994471603891222,0.07338368405730429
26051,GOF,0.03452338557975836,0.5660622589776763,0.3994143554425654
26052,GOF,0.038330355240395256,0.6583051583162264,0.3033644864433784
26053,LOF,0.05461147962913073,0.37486023710824173,0.5705282832626275
26054,LOF,0.05029569845016219,0.07805936399630083,0.8716449375535369
26055,LOF,0.06993290283261196,0.06256763735321492,0.8674994598141732
26056,LOF,0.05889478412767985,0.07343323156441611,0.867671984307904
26057,LOF,0.0304621567967505,0.027392988727829838,0.9421448544754196
26058,LOF,0.030499659112500365,0.02410254423161246,0.9453977966558871
26059,LOF,0.31551762783479465,0.09034461197792473,0.5941377601872806
26060,LOF,0.02780491246422011,0.3259543644634231,0.6462407230723568
26061,LOF,0.017076211310327084,0.0478237220938821,0.9351000665957908
26062,LOF,0.012936435563635502,0.04393159108993198,0.9431319733464326
26063,LOF,0.024652974805874747,0.028702712597951024,0.9466443125961742
26064,LOF,0.02401533505550124,0.032403967022758266,0.9435806979217405
26065,LOF,0.028262794669935403,0.02936392233381231,0.9423732829962523
26066,LOF,0.021708620277941022,0.0328776857922835,0.9454136939297755
26067,LOF,0.024055877473274177,0.02194659334675401,0.9539975291799717
26068,LOF,0.04919739648736694,0.07364128656847212,0.877161316944161
26069,LOF,0.4037167721550563,0.05385890857229433,0.5424243192726493
26070,Neutral,0.6398734071940481,0.02777141461831048,0.3323551781876415
26071,LOF,0.02478594281932363,0.0351966966408632,0.9400173605398131
26072,LOF,0.025145164927909483,0.05766036026426015,0.9171944748078303
26073,LOF,0.026690150785089593,0.028348379094071584,0.9449614701208389
26074,Neutral,0.8842563274427857,0.011984721950682117,0.1037589506065322
26075,LOF,0.040247895776924704,0.04562773655038164,0.9141243676726937
26076,LOF,0.042864070542657264,0.0194895896453871,0.9376463398119556
26077,LOF,0.010137263732497988,0.058423953611929244,0.9314387826555728
26078,LOF,0.013203056629339715,0.037556130972502315,0.949240812398158
26079,LOF,0.051078385997022684,0.0442723816856365,0.9046492323173407
26080,LOF,0.051078385997022684,0.0442723816856365,0.9046492323173407
26081,LOF,0.033849089392666024,0.01771145367847857,0.9484394569288553
26082,LOF,0.019360249739224573,0.04320427501637185,0.9374354752444035
26083,LOF,0.1408536698199543,0.03310054794749439,0.8260457822325513
26084,LOF,0.02788995437006612,0.03469832727446286,0.937411718355471
26085,LOF,0.023594978619970213,0.0308637163982247,0.945541304981805
26086,LOF,0.02326661958099212,0.03218301687004927,0.9445503635489585
26087,LOF,0.025747617119964525,0.025246078190230746,0.9490063046898048
26088,LOF,0.02383250126883186,0.05543804452695703,0.920729454204211
26089,LOF,0.04343445563808424,0.06148710599591883,0.895078438365997
26090,LOF,0.04135988318416656,0.04858588303246313,0.9100542337833702
26091,LOF,0.03978026681662245,0.017652584671705288,0.9425671485116723
26092,LOF,0.030081042762812333,0.02406448417614963,0.9458544730610381
26093,LOF,0.040946962586805295,0.016066532977617752,0.9429865044355769
26094,LOF,0.0455650149830631,0.015185192937113096,0.939249792079824
26095,LOF,0.037186996898323256,0.04319148632632173,0.919621516775355
26096,LOF,0.017325874635833523,0.036063955796658505,0.9466101695675079
26097,LOF,0.01098234096751418,0.12134130349398209,0.8676763555385038
26098,LOF,0.0570792208127204,0.04999410114722618,0.8929266780400533
26099,LOF,0.025101979324095875,0.04096538949151391,0.9339326311843903
26100,LOF,0.02609316056180386,0.03707633930417813,0.9368305001340179
26101,LOF,0.05808562251487561,0.03724456694908584,0.9046698105360385
26102,LOF,0.028218944419255224,0.031058236900945443,0.9407228186797993
26103,Neutral,0.8723461749516231,0.052839417805982294,0.0748144072423945
26104,LOF,0.0499609179792142,0.08846734446044027,0.8615717375603456
26105,LOF,0.2179098367594711,0.2580579524117873,0.5240322108287415
26106,LOF,0.1402929174442363,0.15867178518824404,0.7010352973675197
26107,LOF,0.25873035897901875,0.15199585253467637,0.5892737884863047
26108,LOF,0.187452232473437,0.1683753619871319,0.6441724055394311
26109,LOF,0.05980459348231629,0.17265224351592048,0.7675431630017632
26110,LOF,0.32350426008638855,0.017770272164736332,0.6587254677488752
26111,LOF,0.4493290556639917,0.027997186553597116,0.5226737577824112
26112,LOF,0.04271474801860454,0.02089354085725725,0.9363917111241383
26113,LOF,0.06163138328335778,0.04848076317691836,0.8898878535397238
26114,LOF,0.020114542949190902,0.02588608977336854,0.9539993672774405
26115,LOF,0.09509998171598022,0.04876922782394748,0.8561307904600723
26116,LOF,0.051876452067984566,0.05933588435734041,0.888787663574675
26117,LOF,0.3088287073972403,0.09666564038671137,0.5945056522160485
26118,LOF,0.04049537692811116,0.056325317939492546,0.9031793051323963
26119,LOF,0.02327598722400162,0.059191025323472535,0.9175329874525259
26120,LOF,0.032973695759380243,0.04251393328505276,0.9245123709555672
26121,LOF,0.05672653205372623,0.09931662200075171,0.8439568459455221
26122,LOF,0.05598248618969706,0.05233378622090527,0.8916837275893977
