feature0,prediction,LoGoFunc_Neutral,LoGoFunc_GOF,LoGoFunc_LOF
25546,Neutral,0.6390529037713742,0.05610467661224787,0.3048424196163779
25547,Neutral,0.48859946152365974,0.09941887881174247,0.41198165966459793
25548,Neutral,0.47575160145672674,0.08185094429078797,0.4423974542524854
25549,LOF,0.411103931628029,0.0866262112018398,0.5022698571701312
25550,LOF,0.3513203089749751,0.125841586072123,0.522838104952902
25551,LOF,0.2952111435384186,0.1371141746822881,0.5676746817792934
25552,LOF,0.25706576104587914,0.1316462390085022,0.6112879999456187
25553,Neutral,0.8159261886147966,0.041687524323974594,0.14238628706122877
25554,LOF,0.30300267203433423,0.11502542549524747,0.5819719024704183
25555,LOF,0.24983546576952465,0.10956476139652846,0.6405997728339469
25556,Neutral,0.46878495712806834,0.0952397506532656,0.43597529221866604
25557,LOF,0.23835008303715766,0.11237031236160183,0.6492796046012406
25558,LOF,0.3078911233019351,0.11096170558619828,0.5811471711118668
25559,LOF,0.18023391539157346,0.13521193829194691,0.6845541463164797
25560,LOF,0.15192340321808806,0.0891368775729845,0.7589397192089274
25561,LOF,0.15343397266334954,0.09897223907141718,0.7475937882652334
25562,LOF,0.08127249945277365,0.07314552763316132,0.845581972914065
25563,LOF,0.022804914219850363,0.13019323932735186,0.8470018464527977
25564,LOF,0.23620642709931322,0.10816517226457396,0.6556284006361127
25565,LOF,0.18889974129150866,0.148293029159694,0.6628072295487972
25566,GOF,0.094650581421604,0.725591086703578,0.1797583318748179
25567,LOF,0.03577475397506039,0.12480858335474845,0.8394166626701912
25568,LOF,0.06340802720439152,0.06687845996979609,0.8697135128258123
25569,LOF,0.0613126802226348,0.06514617848439151,0.8735411412929738
25570,LOF,0.027273208935642796,0.09736290843166066,0.8753638826326966
25571,LOF,0.025897597008099432,0.10089987232293386,0.8732025306689667
25572,LOF,0.06657329164641615,0.1086050207633231,0.8248216875902606
25573,LOF,0.058191332978791775,0.07713939411313413,0.8646692729080742
25574,LOF,0.05464482539101256,0.1839269847673308,0.7614281898416566
25575,LOF,0.02170534795188467,0.11126722097920141,0.867027431068914
25576,LOF,0.03630949032663267,0.1443916741432066,0.8192988355301607
25577,LOF,0.032654007974808406,0.11037215801672239,0.8569738340084692
25578,LOF,0.2918127985175499,0.07422342180569548,0.6339637796767547
25579,LOF,0.13884752943254475,0.07684904087734656,0.7843034296901086
25580,LOF,0.01850007190091943,0.07370563549087099,0.9077942926082095
25581,LOF,0.056087048197473524,0.061142928015606335,0.8827700237869202
25582,LOF,0.05572898635693698,0.05953356519011128,0.8847374484529519
25583,LOF,0.01994001546252632,0.07458320862125752,0.9054767759162161
25584,Neutral,0.6660485536001254,0.10252663429349593,0.2314248121063787
25585,LOF,0.03110303334985801,0.11656211760727603,0.8523348490428659
25586,LOF,0.017201030234084844,0.06198129820504731,0.9208176715608678
25587,LOF,0.016841661626989624,0.055896243520690024,0.9272620948523203
25588,LOF,0.0195283670058517,0.06628394777845477,0.9141876852156935
25589,Neutral,0.5039649062837874,0.19729862292971512,0.2987364707864975
25590,LOF,0.04895789759536745,0.09454002398017237,0.8565020784244602
25591,LOF,0.10789419548220801,0.04901891292465665,0.8430868915931353
25592,LOF,0.055159761662555616,0.1233014105070042,0.8215388278304401
25593,LOF,0.12477995145759654,0.2524039654434335,0.62281608309897
25594,LOF,0.051858590635960405,0.10448376317612769,0.843657646187912
25595,LOF,0.04902065950978883,0.07242014344615853,0.8785591970440526
25596,LOF,0.11437236904782239,0.04333614644089145,0.8422914845112862
25597,LOF,0.08434331814879317,0.04977090459541964,0.8658857772557872
25598,LOF,0.050143609972223606,0.07589656199814748,0.8739598280296289
25599,GOF,0.020680642686229725,0.5080272957809462,0.47129206153282405
25600,GOF,0.1684681760956482,0.5067750468517929,0.3247567770525589
25601,LOF,0.03794660088713087,0.4181460423001515,0.5439073568127176
25602,LOF,0.026398169873430466,0.0715973123523384,0.9020045177742311
25603,LOF,0.02878221387067426,0.03739999664986966,0.9338177894794562
25604,LOF,0.030854301282246616,0.08083501232490618,0.8883106863928473
25605,LOF,0.03422742212627175,0.20521509982112074,0.7605574780526075
25606,LOF,0.42769482246490415,0.12745300616437474,0.4448521713707211
25607,LOF,0.023256831815796856,0.20279846617193942,0.7739447020122637
25608,LOF,0.031143818072883418,0.06833691339210032,0.9005192685350162
25609,GOF,0.15395107272869807,0.5113471213833284,0.33470180588797355
25610,LOF,0.014294115565726908,0.0288339468546505,0.9568719375796225
25611,LOF,0.011934956967364655,0.03213086656826935,0.9559341764643658
25612,LOF,0.044779684655481794,0.04160989577559735,0.913610419568921
25613,LOF,0.043641824980310544,0.04063139242172972,0.9157267825979597
25614,LOF,0.018307539878424664,0.026286850797194575,0.9554056093243807
25615,LOF,0.04299850062547013,0.03672214206364083,0.9202793573108891
25616,LOF,0.04073247833955872,0.030170638590727727,0.9290968830697135
25617,LOF,0.03730165076806506,0.038651250174026375,0.9240470990579085
25618,LOF,0.048091339892514746,0.03828396107081121,0.9136246990366741
25619,LOF,0.012849685021463003,0.03302927318393031,0.9541210417946067
25620,LOF,0.05644054135667225,0.04553785945856398,0.8980215991847637
25621,LOF,0.050146753687209035,0.03767703157638398,0.9121762147364069
25622,LOF,0.06150333451065922,0.03439247305557512,0.9041041924337657
25623,LOF,0.06440331627177623,0.026805736151864067,0.9087909475763598
25624,LOF,0.016371281250574604,0.03396339566398679,0.9496653230854385
25625,LOF,0.06189367520821251,0.038793397271454914,0.8993129275203324
25626,LOF,0.04520380011330368,0.04077500405269541,0.9140211958340009
25627,Neutral,0.8893688318074492,0.02104215853890578,0.08958900965364501
25628,LOF,0.12450133927713355,0.07164302049676238,0.8038556402261041
25629,LOF,0.06176703013408775,0.04086231577791764,0.8973706540879945
25630,LOF,0.28218947145207424,0.08094581256617434,0.6368647159817514
25631,Neutral,0.5472838500421904,0.06699800817920072,0.385718141778609
25632,LOF,0.02610932758419273,0.06713539504447678,0.9067552773713304
25633,LOF,0.2020389627658846,0.03607719657717284,0.7618838406569425
25634,LOF,0.03382585955836169,0.08393258555588215,0.8822415548857562
25635,LOF,0.036039895734102136,0.04266006878528803,0.9213000354806099
25636,LOF,0.034779591264419936,0.4720876592319717,0.4931327495036082
25637,GOF,0.06353994670822728,0.50298277356305,0.4334772797287227
25638,LOF,0.03204207092470865,0.32079759950271597,0.6471603295725754
25639,LOF,0.029154874687985312,0.3618255661105558,0.609019559201459
25640,Neutral,0.8191366216169225,0.1366851777463014,0.04417820063677611
25641,LOF,0.06472297512494316,0.4446128884234916,0.4906641364515651
25642,LOF,0.03972739656299879,0.14546345727596843,0.8148091461610327
25643,LOF,0.22985151981898552,0.16553777464718492,0.6046107055338296
25644,LOF,0.02227770588698881,0.4811504278286658,0.4965718662843454
25645,LOF,0.021411826658423425,0.4468227076933783,0.5317654656481983
25646,LOF,0.05375428686019927,0.33132135093894943,0.6149243622008512
25647,LOF,0.023605082123377873,0.28024489873116976,0.6961500191454524
25648,LOF,0.035821580956364465,0.25035915958270905,0.7138192594609265
25649,LOF,0.01662053856796292,0.2513614791043576,0.7320179823276796
25650,LOF,0.050502169638727556,0.4346012568678307,0.5148965734934418
25651,LOF,0.016252705335090465,0.2812114926612056,0.702535802003704
25652,LOF,0.03257721618966679,0.26417263501149263,0.7032501487988406
25653,LOF,0.08109140462756363,0.43218180250537624,0.4867267928670601
25654,LOF,0.023612513516900597,0.22048476000607314,0.7559027264770263
25655,GOF,0.2431430120340698,0.39087782726696,0.3659791606989702
25656,LOF,0.2759761820036848,0.050248152213045995,0.6737756657832692
25657,LOF,0.0736372986896914,0.06243742309543874,0.86392527821487
25658,LOF,0.3854180103940471,0.05484325664223751,0.5597387329637153
25659,Neutral,0.548111863088283,0.07777887190973337,0.3741092650019837
25660,LOF,0.024927282376103976,0.08663896874810488,0.8884337488757911
25661,LOF,0.09838621767559229,0.05982294600694669,0.841790836317461
25662,LOF,0.031355403000987526,0.031699233947087783,0.9369453630519247
25663,LOF,0.040179307157486965,0.04434496143105646,0.9154757314114566
25664,LOF,0.14207817162261063,0.05211980540668217,0.8058020229707074
25665,LOF,0.056449550823262626,0.03079556278130818,0.9127548863954292
25666,LOF,0.08581850989832235,0.06429557589484557,0.849885914206832
25667,LOF,0.06038550863375185,0.037430200210394796,0.9021842911558533
25668,LOF,0.03539156622297273,0.05099471056239343,0.9136137232146337
25669,LOF,0.0329318481513912,0.04890297936287777,0.9181651724857312
25670,LOF,0.13351326610500075,0.04599675166098804,0.8204899822340112
25671,LOF,0.09456458793401053,0.03108374116689367,0.8743516708990958
25672,LOF,0.0524168421342657,0.040228805772776405,0.9073543520929578
25673,LOF,0.07789493069871006,0.038760555375108134,0.8833445139261819
25674,LOF,0.06587420649877024,0.049429526011194345,0.8846962674900354
25675,LOF,0.10320050872407062,0.04508174353896209,0.8517177477369673
25676,LOF,0.016987962014474944,0.049632595486094194,0.9333794424994307
25677,LOF,0.024693939080384593,0.06660677650170803,0.9086992844179073
25678,LOF,0.19912260058311132,0.05718396624145904,0.7436934331754297
25679,LOF,0.12936042105726264,0.0751308792363171,0.7955086997064202
25680,LOF,0.03202541845629288,0.10974756036802223,0.858227021175685
25681,LOF,0.04989917451740718,0.10136085929363038,0.8487399661889624
25682,LOF,0.1332611836346004,0.07273184692053547,0.794006969444864
25683,LOF,0.11072079536271516,0.0827338844961706,0.8065453201411142
25684,LOF,0.042647024803881974,0.0688655926937588,0.8884873825023593
25685,LOF,0.1309494631256074,0.04393284470099396,0.8251176921733986
25686,LOF,0.06786311622921953,0.08494648183283514,0.8471904019379453
25687,LOF,0.10850072179115097,0.08467701201129779,0.8068222661975513
25688,LOF,0.3313242726835331,0.037716638348251424,0.6309590889682154
25689,LOF,0.24585288498383528,0.04116977159166727,0.7129773434244974
25690,LOF,0.33308098326986396,0.03379799422914297,0.6331210225009931
25691,Neutral,0.7035575349221685,0.02665269605507475,0.26978976902275675
25692,LOF,0.2883924881237401,0.011479850201313877,0.700127661674946
25693,LOF,0.04387363261145021,0.4710298209989892,0.4850965463895606
25694,LOF,0.11960260141684866,0.016279329605357856,0.8641180689777935
25695,LOF,0.11982770083768299,0.017592841188426137,0.8625794579738909
25696,LOF,0.12066227690568439,0.009445725916221335,0.8698919971780943
25697,LOF,0.12779604139614437,0.03273638879862791,0.8394675698052277
25698,LOF,0.33949925744999093,0.20791332835786389,0.45258741419214515
25699,LOF,0.41955656596383173,0.040875529296276525,0.5395679047398917
25700,LOF,0.054805547961968286,0.007204734855342126,0.9379897171826896
25701,LOF,0.15708578324390407,0.04608893458753323,0.7968252821685626
25702,GOF,0.19401098790235458,0.535519230345594,0.27046978175205133
25703,LOF,0.0163529034374491,0.17234351247448543,0.8113035840880655
25704,LOF,0.04892891853119415,0.12647466516990272,0.8245964162989031
25705,LOF,0.06196262471023149,0.19216493465167941,0.7458724406380891
25706,LOF,0.11236216998758768,0.3680699542616818,0.5195678757507306
25707,LOF,0.08416053604207202,0.278087027705951,0.637752436251977
25708,LOF,0.03129205914988585,0.26158734308046644,0.7071205977696478
25709,LOF,0.05811893130168539,0.03878417607891614,0.9030968926193984
25710,LOF,0.012236312390231789,0.12369854228373087,0.8640651453260374
25711,LOF,0.01763981523608104,0.09565284784663461,0.8867073369172843
25712,LOF,0.014552085102745327,0.170475696510256,0.8149722183869987
25713,LOF,0.01815340011524184,0.07597940293566177,0.9058671969490965
25714,LOF,0.06524943145961254,0.08071208571040939,0.8540384828299781
25715,LOF,0.010362040557365835,0.1410316488349259,0.8486063106077083
25716,LOF,0.015227136520719211,0.11432369406383064,0.8704491694154501
25717,LOF,0.014480469446081437,0.07128564263600741,0.9142338879179112
25718,LOF,0.012547293612322416,0.0898622583450024,0.8975904480426753
25719,LOF,0.0188785564520381,0.07626470101008993,0.9048567425378721
25720,LOF,0.02186660703437076,0.06932580152279429,0.9088075914428351
25721,LOF,0.015150454415224546,0.10917194444430729,0.8756776011404682
25722,LOF,0.013144332258177205,0.1226463924347596,0.8642092753070633
25723,LOF,0.023334455450641955,0.043293933413535296,0.9333716111358228
25724,LOF,0.02225575372385432,0.08166450799030553,0.8960797382858402
25725,LOF,0.011675100896183396,0.06441931321691148,0.9239055858869051
25726,LOF,0.015038774658598441,0.09098373483023277,0.8939774905111689
25727,LOF,0.01362296142624404,0.0688431684225206,0.9175338701512354
25728,LOF,0.009574253777358425,0.10472566460961087,0.8857000816130306
25729,LOF,0.009865954068838629,0.1031509957389585,0.8869830501922029
25730,LOF,0.013464931459727865,0.07687010788336326,0.9096649606569088
25731,LOF,0.020946328475919054,0.11217327018862426,0.8668804013354566
25732,LOF,0.01405322116503955,0.0795507567620735,0.9063960220728869
25733,LOF,0.01553984052435487,0.06910563773381981,0.9153545217418254
25734,LOF,0.01402358162109306,0.12025415762160158,0.8657222607573053
25735,LOF,0.013144520241376906,0.08211946376595121,0.9047360159926718
25736,LOF,0.01356172743697153,0.10576952546551785,0.8806687470975105
25737,LOF,0.02070317297962836,0.0813062276343265,0.8979905993860452
25738,LOF,0.012717868708211408,0.10502978878552871,0.8822523425062598
25739,LOF,0.019301039387947957,0.07856393108118603,0.902135029530866
25740,LOF,0.02600798208835285,0.09838133616685084,0.8756106817447962
25741,LOF,0.015623954392335972,0.10536949820636446,0.8790065474012995
25742,LOF,0.11668702992470015,0.07873618730165324,0.8045767827736467
25743,LOF,0.03462933501170996,0.03316834451230325,0.9322023204759868
25744,Neutral,0.5932110077200626,0.20268722740622913,0.20410176487370832
25745,LOF,0.07679372559175093,0.07071147969187289,0.8524947947163762
25746,LOF,0.03943112604893796,0.08264858367262282,0.8779202902784392
25747,LOF,0.02268410833997658,0.044136129303267935,0.9331797623567555
25748,LOF,0.09794178104476813,0.06679457670405523,0.8352636422511767
25749,LOF,0.027314982078176564,0.07902002280847611,0.8936649951133473
25750,LOF,0.08462798898002098,0.08275360129964923,0.8326184097203297
25751,LOF,0.09256234773586808,0.06336344856403328,0.8440742037000987
25752,GOF,0.11763714095791242,0.6688560077368916,0.21350685130519606
25753,LOF,0.020429554732263693,0.2859387065520655,0.6936317387156707
25754,GOF,0.011402514818479976,0.7863390819727915,0.2022584032087286
25755,LOF,0.023966038809197912,0.3927395095940892,0.5832944515967129
25756,LOF,0.039196107147600155,0.38857633961350335,0.5722275532388966
25757,GOF,0.012776290343319889,0.8534597953001962,0.13376391435648388
25758,GOF,0.028288758434350192,0.8244040012590564,0.14730724030659328
25759,GOF,0.011580251206801265,0.5584694708839968,0.4299502779092021
25760,LOF,0.012175629167947845,0.24320876009949774,0.7446156107325544
25761,GOF,0.2614841467106737,0.6473397970936905,0.09117605619563562
25762,LOF,0.0345706419410297,0.27439491241208813,0.6910344456468821
25763,LOF,0.013539020886771634,0.2119856802561245,0.7744752988571039
25764,GOF,0.07418376064320391,0.642105469299939,0.28371077005685713
25765,GOF,0.044110625781785345,0.7437505406784829,0.2121388335397318
25766,GOF,0.059955158180324396,0.7618989404846793,0.17814590133499636
25767,GOF,0.1669072515950323,0.4810737379600789,0.3520190104448888
25768,LOF,0.09478533762682968,0.0693775141998636,0.8358371481733067
25769,LOF,0.06954007779168349,0.06503941504942719,0.8654205071588894
25770,LOF,0.2993877921182707,0.07953449372080766,0.6210777141609215
25771,LOF,0.039863120745807515,0.04238226709467247,0.9177546121595199
25772,LOF,0.01695150863500709,0.03220340139276793,0.9508450899722249
25773,LOF,0.04999350613204665,0.0754673257909049,0.8745391680770483
25774,LOF,0.028443747640994287,0.06929889255242923,0.9022573598065765
25775,LOF,0.045308597757215664,0.04161728081574333,0.9130741214270409
25776,LOF,0.06916995278413317,0.023607500832837035,0.9072225463830298
25777,LOF,0.3338180814018463,0.04911066465332889,0.6170712539448248
25778,LOF,0.06793944633365477,0.04562818828024295,0.8864323653861022
25779,GOF,0.38305023597439364,0.5762914966053894,0.04065826742021693
25780,GOF,0.2902844114124114,0.634804726417645,0.07491086216994375
25781,GOF,0.15094763243479467,0.7374421952488879,0.11161017231631744
25782,GOF,0.21320798872381902,0.7166441779291862,0.0701478333469948
25783,GOF,0.028773941141608063,0.6405350682638815,0.3306909905945103
25784,GOF,0.48161022756403343,0.48234065215596994,0.03604912027999657
25785,GOF,0.4301889265899531,0.5315553089639742,0.03825576444607269
25786,GOF,0.026752283440651312,0.7786923286138504,0.1945553879454983
25787,Neutral,0.620047683165029,0.3540498104870592,0.025902506347911705
25788,LOF,0.04680592236265903,0.10204971198953175,0.8511443656478092
25789,GOF,0.21231418818009085,0.6570332063224065,0.13065260549750268
25790,GOF,0.22908310378425056,0.669112310488483,0.10180458572726654
25791,GOF,0.16297527315028273,0.6866685685891383,0.15035615826057902
25792,GOF,0.3570300587125108,0.5316195347105249,0.11135040657696416
25793,GOF,0.23900688638609605,0.5537428228197204,0.20725029079418364
25794,GOF,0.2830111749836316,0.5632861748732817,0.15370265014308676
25795,GOF,0.0713448012601925,0.7021638800909196,0.22649131864888794
25796,Neutral,0.5321224543962206,0.39266022084884256,0.07521732475493681
25797,GOF,0.07555696417059775,0.5750544267227508,0.3493886091066513
25798,GOF,0.0090220841208072,0.5322166702287803,0.4587612456504125
25799,LOF,0.007353488816647535,0.4114642083362961,0.5811823028470564
25800,GOF,0.03177820271566053,0.616567634946563,0.3516541623377766
25801,GOF,0.20198391631733403,0.6685977197663829,0.12941836391628295
25802,GOF,0.07015796399963428,0.7032211817284137,0.2266208542719519
25803,GOF,0.03407092974276909,0.5889028080167461,0.37702626224048486
25804,GOF,0.032914986797960955,0.49981048615334595,0.46727452704869316
25805,GOF,0.10567186088422545,0.6074103127441531,0.28691782637162155
25806,GOF,0.09638721268992312,0.6099163859569466,0.2936964013531302
25807,GOF,0.01921202957458451,0.6271265960190331,0.3536613744063824
25808,GOF,0.08985741410026249,0.6419235014581491,0.2682190844415884
25809,GOF,0.017248507515237016,0.6080687532153475,0.37468273926941553
25810,GOF,0.016434550265686167,0.6330672584227599,0.3504981913115541
25811,GOF,0.4413572723059283,0.47839643752853683,0.08024629016553488
25812,GOF,0.03162751555335493,0.6462568150842968,0.32211566936234826
25813,Neutral,0.4796585293598555,0.42961768721216387,0.09072378342798051
25814,GOF,0.12216688375687519,0.6557066272352177,0.22212648900790719
25815,GOF,0.1817205332925593,0.6253617568793521,0.19291770982808862
25816,GOF,0.019858363477919465,0.712867280351597,0.26727435617048345
25817,GOF,0.23962940116982254,0.6435934711129508,0.1167771277172266
25818,GOF,0.0554235890758003,0.6736980482487047,0.27087836267549503
25819,GOF,0.35280094068756457,0.5240694591924742,0.12312960011996134
25820,GOF,0.1835191392210482,0.6227458013590463,0.19373505941990543
25821,GOF,0.05639205803162892,0.6955924623670402,0.24801547960133088
25822,GOF,0.19938395181004048,0.5998506933721147,0.20076535481784488
25823,GOF,0.03549667644444894,0.5672632999008448,0.3972400236547063
25824,GOF,0.08499622618067391,0.6304167774456757,0.2845869963736504
25825,GOF,0.0371439574250032,0.6268347141044538,0.3360213284705429
25826,GOF,0.016316483101010592,0.600762188603644,0.38292132829534536
25827,GOF,0.023767926775623976,0.6146538309758607,0.36157824224851537
25828,GOF,0.012572629125534276,0.5462675073316884,0.44115986354277736
25829,GOF,0.005536786181893436,0.595243078314537,0.39922013550356955
25830,LOF,0.035914973352592486,0.2970673113113307,0.6670177153360769
25831,GOF,0.22037990422469164,0.6728987133401072,0.10672138243520123
25832,GOF,0.0314348357370503,0.7421747414653317,0.22639042279761798
25833,GOF,0.11798251179437921,0.7472400939902211,0.13477739421539978
25834,GOF,0.03145609937229734,0.7497695317977244,0.2187743688299781
25835,GOF,0.06555743820963535,0.7942480973194949,0.14019446447086972
25836,GOF,0.03529726693684671,0.7240897626407239,0.2406129704224294
25837,GOF,0.025241253898062685,0.6374385490316786,0.33732019707025873
25838,GOF,0.08859647152628936,0.7891614207400763,0.12224210773363417
25839,GOF,0.2887606080247419,0.596802925626901,0.11443646634835711
25840,GOF,0.23498100626117363,0.6256337998713357,0.13938519386749051
25841,GOF,0.23533275247085456,0.644225406427739,0.12044184110140654
25842,GOF,0.15364481066591792,0.732495559781289,0.11385962955279302
25843,GOF,0.21750240805130694,0.6999868055286289,0.08251078642006415
25844,GOF,0.06645171070135984,0.7330963429768412,0.2004519463217988
25845,GOF,0.016539586663276186,0.5153174580771767,0.4681429552595472
25846,GOF,0.1310725144309811,0.7269716540330328,0.14195583153598607
25847,GOF,0.11585773139129854,0.7876037845346248,0.09653848407407671
25848,GOF,0.04080853775611191,0.7112947269645946,0.24789673527929348
25849,GOF,0.011561513653371474,0.6195953286193383,0.36884315772729015
25850,GOF,0.019943087911039343,0.6846080810831777,0.295448831005783
25851,GOF,0.01653519233434439,0.5708550293723473,0.4126097782933083
25852,GOF,0.16706315018106105,0.5604855468608892,0.27245130295804965
25853,GOF,0.33852243925041453,0.5909711294751103,0.07050643127447519
25854,GOF,0.023693518300519335,0.6510070978417669,0.32529938385771373
25855,GOF,0.03537020874186075,0.6007589236891778,0.3638708675689613
25856,GOF,0.22061455465836438,0.5847975182856046,0.1945879270560311
25857,GOF,0.03878076924896234,0.5478078280636539,0.4134114026873838
25858,GOF,0.022721829120194107,0.578709431787331,0.39856873909247487
25859,GOF,0.01120487445392078,0.5474223465408651,0.441372779005214
25860,GOF,0.3471994102436109,0.5766220050534476,0.07617858470294145
25861,GOF,0.42412386582842676,0.5109516867068602,0.06492444746471292
25862,GOF,0.09236151978653812,0.7792495546466294,0.12838892556683248
25863,GOF,0.08894125260222904,0.784755471577892,0.12630327581987885
25864,GOF,0.19842584145993378,0.728361407307012,0.0732127512330542
25865,GOF,0.08164480174096839,0.8051120254863002,0.11324317277273133
25866,GOF,0.05845921878750277,0.8000397658570575,0.1415010153554398
25867,GOF,0.08412128332146884,0.8213811403066136,0.09449757637191757
25868,GOF,0.23014833470567275,0.6674124461348846,0.10243921915944267
25869,Neutral,0.6981026786647746,0.25650929229093733,0.04538802904428804
25870,GOF,0.2719077844633145,0.4172492723947815,0.31084294314190414
25871,GOF,0.22552270006278385,0.6464755937726014,0.12800170616461476
25872,GOF,0.08653968962518563,0.6634335883333653,0.250026722041449
25873,GOF,0.1199377688431228,0.7030007267986378,0.17706150435823945
25874,LOF,0.014307034215343826,0.11114519136150701,0.8745477744231492
25875,LOF,0.08722275300056498,0.053937722783611565,0.8588395242158234
25876,LOF,0.03804539138213535,0.03133144910037756,0.9306231595174871
25877,Neutral,0.5087649137762184,0.049504298627480584,0.441730787596301
25878,LOF,0.20569763124156124,0.1099822796520866,0.6843200891063521
25879,LOF,0.08939265450220363,0.09913518479095483,0.8114721607068416
25880,LOF,0.04099433546051177,0.014799518564727956,0.9442061459747602
25881,LOF,0.16459203318637688,0.1382255322153791,0.6971824345982439
25882,LOF,0.05976092517229407,0.01822671477596714,0.9220123600517387
25883,LOF,0.06572145784251557,0.020231268810785415,0.914047273346699
25884,LOF,0.031109373591491615,0.030799699662204957,0.9380909267463033
25885,LOF,0.059714049367147116,0.011294832460950633,0.9289911181719023
25886,LOF,0.25989419676378556,0.03887397516060708,0.7012318280756074
25887,LOF,0.1359519928449226,0.0751374534757672,0.7889105536793102
25888,LOF,0.06525326854599944,0.05781720423484151,0.8769295272191591
25889,LOF,0.03917009215614177,0.021519566389908987,0.9393103414539492
25890,LOF,0.0497444500790389,0.16969948865288217,0.780556061268079
25891,LOF,0.038814215927420445,0.06365675123227547,0.8975290328403042
25892,LOF,0.0824286632661424,0.021078460081786248,0.8964928766520714
25893,LOF,0.23135629077731892,0.01977090201048744,0.7488728072121937
25894,LOF,0.17005199766422646,0.010939364173528934,0.8190086381622446
25895,LOF,0.1846455001043428,0.021392327259939857,0.7939621726357173
25896,LOF,0.04988128508568422,0.019864228070074375,0.9302544868442415
25897,LOF,0.2597173768170285,0.01241967933489662,0.7278629438480748
25898,Neutral,0.7126044361754474,0.009998091475538321,0.2773974723490142
25899,LOF,0.20854177508204924,0.02215422331916361,0.7693040015987872
25900,LOF,0.4373630369235472,0.012526753276384415,0.5501102098000683
25901,LOF,0.05257522689966508,0.012150487124048695,0.9352742859762861
25902,LOF,0.1514686495366985,0.013781430399059774,0.8347499200642418
25903,Neutral,0.584049067519044,0.02627260581259648,0.3896783266683596
25904,LOF,0.3301194636390095,0.03954733227439557,0.6303332040865949
25905,LOF,0.02475781022051951,0.3209972322806892,0.6542449574987913
25906,LOF,0.033476457319633085,0.07217370899987283,0.8943498336804941
25907,LOF,0.0145720268378884,0.31251536456765183,0.6729126085944599
25908,LOF,0.010584294319271128,0.2449055043528664,0.7445102013278625
25909,LOF,0.013096122836910244,0.12595965060492328,0.8609442265581665
25910,LOF,0.04933736091937297,0.13692769756693135,0.8137349415136956
25911,LOF,0.18559730566676105,0.03158440000215651,0.7828182943310824
25912,LOF,0.04890880741279469,0.056914986533621495,0.8941762060535837
25913,LOF,0.3440939081744068,0.028014580724012136,0.627891511101581
25914,LOF,0.018869733005526797,0.05324578564514592,0.9278844813493272
25915,Neutral,0.5649299480303268,0.1350347462840802,0.300035305685593
25916,LOF,0.08595788291697164,0.1791966836133229,0.7348454334697055
25917,LOF,0.05787865046294282,0.04107839118248371,0.9010429583545734
25918,LOF,0.020772795412830093,0.03324969806275333,0.9459775065244165
25919,LOF,0.018206023718825595,0.03497749475520852,0.9468164815259659
25920,GOF,0.11777922522953295,0.5126558207886225,0.36956495398184463
25921,LOF,0.023464692006549135,0.03999598180629761,0.9365393261871533
25922,LOF,0.03406442055165747,0.029680620515329534,0.936254958933013
25923,LOF,0.44297465917357337,0.04007088657628549,0.5169544542501411
25924,LOF,0.03571355412929227,0.048989124055623404,0.9152973218150844
25925,LOF,0.07067188813391548,0.04440420455692213,0.8849239073091623
25926,LOF,0.05025911512319554,0.038906604121260895,0.9108342807555436
25927,LOF,0.05031673335388678,0.14312287138540233,0.8065603952607108
25928,LOF,0.017596906812290074,0.053025177183802556,0.9293779160039074
25929,Neutral,0.5609740671750234,0.04261755837063014,0.3964083744543465
25930,LOF,0.06813885994725503,0.035043668351327634,0.8968174717014173
25931,LOF,0.02381477580530338,0.03446830566907681,0.9417169185256199
25932,LOF,0.027181648908960614,0.02975718775042605,0.9430611633406134
25933,LOF,0.03586511067788567,0.022024114453723004,0.9421107748683915
25934,LOF,0.02348915483113717,0.02341575521895458,0.9530950899499082
25935,LOF,0.06183293439892142,0.057951852569431764,0.8802152130316467
25936,LOF,0.042957681087756196,0.027371833647489543,0.9296704852647543
25937,LOF,0.026204603318052865,0.04146075507509012,0.9323346416068571
25938,LOF,0.06273253029879407,0.05933764698060341,0.8779298227206026
25939,LOF,0.03837263461748154,0.02325512861255027,0.9383722367699683
25940,LOF,0.030923215528298246,0.3488285334754652,0.6202482509962366
25941,LOF,0.18146060147051185,0.11254885428608633,0.7059905442434019
25942,LOF,0.01290374729967391,0.03763278585209309,0.949463466848233
25943,LOF,0.3137816980907748,0.05173763863055305,0.6344806632786721
25944,Neutral,0.49063228915318824,0.022286692809003927,0.48708101803780773
25945,LOF,0.07305776893994374,0.022461347872896366,0.9044808831871599
25946,LOF,0.031541808963732605,0.13001952686049803,0.8384386641757694
25947,LOF,0.10242611410030152,0.16581126226045056,0.7317626236392479
25948,LOF,0.3570522521430453,0.007276432353698237,0.6356713155032564
25949,LOF,0.13271394839174092,0.03303451158596993,0.8342515400222892
25950,GOF,0.30641776452327935,0.353514550937101,0.34006768453961966
25951,LOF,0.22490836605863165,0.2578869632686361,0.5172046706727322
25952,LOF,0.04811672554890136,0.3928480766650843,0.5590351977860144
25953,LOF,0.14248054483601044,0.09693014217558654,0.760589312988403
25954,Neutral,0.43479604847267916,0.15716856486054234,0.4080353866667786
25955,LOF,0.054934332933191624,0.0744908522021427,0.8705748148646657
25956,LOF,0.15287224702358027,0.11585496882505468,0.731272784151365
25957,LOF,0.03573575176196839,0.0318916000584561,0.9323726481795755
25958,LOF,0.056487946874422185,0.02921875488521493,0.914293298240363
25959,LOF,0.06147971947985114,0.34770790308495314,0.5908123774351958
25960,LOF,0.015935916236082672,0.05423039471601177,0.9298336890479055
25961,LOF,0.0413799899616146,0.02958250327757231,0.9290375067608131
25962,LOF,0.05240759794313156,0.02176083002599441,0.925831572030874
25963,LOF,0.04308751459594917,0.1945877746833146,0.7623247107207363
25964,LOF,0.033381680842161504,0.1446375625642236,0.8219807565936148
25965,LOF,0.43370433835613076,0.05996227833341026,0.506333383310459
25966,Neutral,0.5062561884361546,0.17463059590346713,0.3191132156603783
25967,LOF,0.01747163857923095,0.09825225040237956,0.8842761110183895
25968,LOF,0.03574631303294055,0.3796954431609184,0.5845582438061411
25969,LOF,0.033883574294764456,0.05733472760229361,0.908781698102942
25970,LOF,0.06397452796841141,0.06622156863757898,0.8698039033940096
25971,LOF,0.0649114389861607,0.020081270506120973,0.9150072905077183
25972,LOF,0.06852484319529667,0.02979719822592642,0.9016779585787769
25973,LOF,0.08296991383341826,0.009075256512405323,0.9079548296541764
25974,LOF,0.19840023004684837,0.01608005324938599,0.7855197167037657
25975,LOF,0.046079359822606795,0.027325448079436005,0.9265951920979572
25976,LOF,0.04454814440059998,0.015246616073627836,0.9402052395257722
25977,LOF,0.15542600323189645,0.08763305624805452,0.756940940520049
25978,LOF,0.15654982285712202,0.07205197051794171,0.7713982066249362
25979,LOF,0.1406861648795779,0.07051422916982347,0.7887996059505986
25980,LOF,0.24541004680988415,0.0870165836767445,0.6675733695133713
25981,LOF,0.2769264318064727,0.08492561226926008,0.6381479559242673
25982,LOF,0.4296878159351769,0.058173204144311035,0.512138979920512
25983,LOF,0.40815754082398786,0.06501738645817096,0.5268250727178411
25984,LOF,0.04946418027572653,0.0471257486571621,0.9034100710671114
25985,LOF,0.04057001065248066,0.27194828484878913,0.6874817044987301
25986,LOF,0.04662138692573908,0.2995286130348579,0.653850000039403
25987,LOF,0.08642235424395231,0.0685873506383912,0.8449902951176566
25988,LOF,0.15492705357488357,0.06020161333213203,0.7848713330929844
25989,LOF,0.035930518282639816,0.11600292715105485,0.8480665545663052
25990,LOF,0.040384055487816005,0.15147035995875005,0.808145584553434
25991,LOF,0.12759844290756578,0.23406311503056007,0.6383384420618742
25992,LOF,0.27934817992051614,0.1522859324590127,0.5683658876204711
25993,LOF,0.022636084702064754,0.06146132247486095,0.9159025928230744
25994,LOF,0.016753614273651782,0.08390112591661576,0.8993452598097325
25995,LOF,0.023418409945901383,0.19062574932748616,0.7859558407266125
25996,GOF,0.3144839811885722,0.3855266243634554,0.2999893944479724
25997,LOF,0.08249790845716508,0.37399851641780024,0.5435035751250347
25998,Neutral,0.5296192490847103,0.023328263164024737,0.44705248775126505
25999,LOF,0.10805248418274023,0.08990708934010007,0.8020404264771597
26000,LOF,0.15681117059931368,0.05086159748867222,0.792327231912014
26001,LOF,0.19053637872423793,0.055301826699230894,0.7541617945765311
26002,LOF,0.1362237927340304,0.04962594395328321,0.8141502633126865
26003,GOF,0.009484348873967423,0.5756690827902026,0.41484656833582995
26004,GOF,0.02084795359713666,0.6502898329034879,0.3288622134993755
26005,LOF,0.006490839014823798,0.4550379198520718,0.5384712411331044
26006,Neutral,0.4965971245055364,0.24608087664810657,0.25732199884635715
26007,GOF,0.019327959427800384,0.5224894512337017,0.4581825893384979
26008,GOF,0.016703172418135386,0.5995265608631352,0.3837702667187293
26009,GOF,0.019982521832157485,0.6712023960319397,0.3088150821359028
26010,GOF,0.02155807045475793,0.6117636198216466,0.3666783097235954
26011,LOF,0.00658148799519069,0.4234386919701273,0.569979820034682
26012,GOF,0.012029607476294777,0.5417962903192391,0.4461741022044662
26013,GOF,0.01842142893042419,0.6021109494506917,0.37946762161888414
26014,LOF,0.04651370770799571,0.1051328271677554,0.8483534651242488
26015,LOF,0.15245354943361808,0.016726441147555015,0.8308200094188269
26016,LOF,0.1964303267598675,0.059597143090914545,0.743972530149218
26017,LOF,0.211409644341259,0.09257233345739987,0.6960180222013411
26018,LOF,0.08040061642549778,0.037586992663070036,0.8820123909114321
26019,LOF,0.07658234213352048,0.0306691421972746,0.892748515669205
26020,LOF,0.06492841154094552,0.10198142228037949,0.833090166178675
26021,LOF,0.04508565411219164,0.11115404107283544,0.8437603048149729
26022,LOF,0.010764288016681802,0.03914994835242102,0.9500857636308971
26023,LOF,0.06656023476967028,0.02338107963597415,0.9100586855943555
26024,LOF,0.030729815224611098,0.1121366812004485,0.8571335035749403
26025,LOF,0.13733740548535714,0.0996744041336649,0.762988190380978
26026,LOF,0.3118672415096134,0.030251562491020127,0.6578811959993665
26027,LOF,0.058861045756473405,0.018709336637318417,0.9224296176062081
26028,LOF,0.17122374776655974,0.06482853645634733,0.763947715777093
26029,LOF,0.07142585974900782,0.17705053721415395,0.7515236030368383
26030,LOF,0.022481535852723625,0.049384805332699636,0.9281336588145768
26031,LOF,0.026645692660908705,0.1265195144054214,0.84683479293367
26032,LOF,0.06041040187711355,0.08247676609177008,0.8571128320311164
26033,LOF,0.0830580208581133,0.07735133437046417,0.8395906447714226
26034,LOF,0.042220339934383636,0.15303576029806903,0.8047438997675473
26035,LOF,0.026391277288303733,0.1499631851771094,0.8236455375345868
26036,LOF,0.038518704097746714,0.16533434671769037,0.796146949184563
26037,LOF,0.02148799061888842,0.11632966576202165,0.86218234361909
26038,LOF,0.05579946656697286,0.08444345114664312,0.8597570822863839
26039,LOF,0.04937963964108384,0.14898867512552813,0.8016316852333881
26040,LOF,0.19343634513768745,0.13432290273421063,0.672240752128102
26041,LOF,0.02166767714603188,0.10659202042150799,0.8717403024324601
26042,LOF,0.01983455083656135,0.09986080159240414,0.8803046475710345
26043,LOF,0.05712136508802692,0.09649122065020775,0.8463874142617654
26044,LOF,0.018735556512834886,0.06610366494526469,0.9151607785419004
26045,LOF,0.06828432883550574,0.09494026606972335,0.8367754050947708
26046,LOF,0.05219630581100349,0.08150058598532112,0.8663031082036755
26047,LOF,0.06904252531328016,0.0848721487507472,0.8460853259359726
26048,LOF,0.04575390499942055,0.041765663129377364,0.912480431871202
26049,Neutral,0.9667370190949247,0.0065884790512009215,0.026674501853874436
26050,Neutral,0.9527062703534857,0.008359890979586563,0.03893383866692792
26051,LOF,0.04940553217300983,0.22501728353359093,0.7255771842933992
26052,LOF,0.06760495845242541,0.27691061258069183,0.6554844289668827
26053,LOF,0.057453988770914385,0.12490008256219488,0.8176459286668908
26054,LOF,0.05449620323552689,0.01772352129535467,0.9277802754691185
26055,LOF,0.07266959390165362,0.014575904839542323,0.9127545012588042
26056,LOF,0.06219480426713107,0.016752324340382426,0.9210528713924865
26057,LOF,0.03392046505705079,0.012065236619735029,0.9540142983232142
26058,LOF,0.035584851158132515,0.009838588748788728,0.9545765600930788
26059,LOF,0.2783292797013198,0.021705110930331676,0.6999656093683485
26060,LOF,0.03850923045287455,0.17370305627310156,0.7877877132740239
26061,LOF,0.01885230388124038,0.011283901069383873,0.9698637950493758
26062,LOF,0.01067476070823159,0.017813476654907047,0.9715117626368615
26063,LOF,0.02077315445426858,0.011594434523493343,0.9676324110222382
26064,LOF,0.02144833307026178,0.023047019905097815,0.9555046470246404
26065,LOF,0.025297000543505293,0.011448076113564583,0.9632549233429302
26066,LOF,0.021363186965932642,0.011317674266364482,0.9673191387677028
26067,LOF,0.02734076899607926,0.008917380621935008,0.9637418503819858
26068,LOF,0.0476859515583761,0.026518030790886205,0.9257960176507376
26069,LOF,0.27325730354930095,0.018586283594384658,0.7081564128563144
26070,LOF,0.4004805892851309,0.015468561002664664,0.5840508497122043
26071,LOF,0.02060285384206044,0.012402336515084888,0.9669948096428548
26072,LOF,0.021965391803051383,0.017920419171465463,0.9601141890254831
26073,LOF,0.02070692387998354,0.010124623863775597,0.9691684522562407
26074,Neutral,0.91119501176431,0.005600310096278029,0.08320467813941214
26075,LOF,0.04755054567741127,0.013730543549098813,0.93871891077349
26076,LOF,0.03944037749799871,0.009512830903521565,0.9510467915984798
26077,LOF,0.00979636253249926,0.015914728917534024,0.9742889085499666
26078,LOF,0.014121201111558287,0.012460743524528051,0.9734180553639137
26079,LOF,0.06516488409028794,0.01620432117311036,0.9186307947366017
26080,LOF,0.06409199839852135,0.016230578155801218,0.9196774234456775
26081,LOF,0.03554881395187832,0.006493723573547719,0.9579574624745739
26082,LOF,0.013281822644307549,0.016629086939155973,0.9700890904165365
26083,LOF,0.18140702573317802,0.014338381358690418,0.8042545929081315
26084,LOF,0.04261495707058969,0.011636560284922421,0.945748482644488
26085,LOF,0.038381046883979225,0.010984785123266857,0.9506341679927539
26086,LOF,0.02071702287414285,0.01086506718479251,0.9684179099410647
26087,LOF,0.02441587190990393,0.00799377923536903,0.967590348854727
26088,LOF,0.01592506059211826,0.023105190101323315,0.9609697493065585
26089,LOF,0.04462278612270991,0.0211915109276856,0.9341857029496046
26090,LOF,0.04390504194559471,0.017089675601498214,0.939005282452907
26091,LOF,0.03295187780064205,0.006328860370715443,0.9607192618286424
26092,LOF,0.022390867399688538,0.008106505441684831,0.9695026271586267
26093,LOF,0.03322866981587801,0.0058383545823940015,0.9609329756017279
26094,LOF,0.03547186439727064,0.005986245514186098,0.9585418900885433
26095,LOF,0.0402548491270257,0.013229793066904121,0.9465153578060702
26096,LOF,0.018058850522650806,0.01207218104055689,0.9698689684367923
26097,LOF,0.01207927180696082,0.03419500989912958,0.9537257182939096
26098,LOF,0.09200119167313794,0.010477590665725013,0.897521217661137
26099,LOF,0.021542098194602538,0.01259284095268971,0.9658650608527078
26100,LOF,0.023904631905999046,0.012285707360564398,0.9638096607334364
26101,LOF,0.04861648290285938,0.01579158385582125,0.9355919332413195
26102,LOF,0.020915818602557628,0.01230309586411304,0.9667810855333294
26103,Neutral,0.879571356373312,0.018948345978803214,0.10148029764788476
26104,LOF,0.09091524381851968,0.023046697143005442,0.8860380590384749
26105,LOF,0.20653660380091832,0.24745785703040737,0.5460055391686742
26106,LOF,0.16266875590655375,0.10454877710210089,0.7327824669913454
26107,LOF,0.23311474860927694,0.0762575347602651,0.690627716630458
26108,LOF,0.2460737301742027,0.09509490078689471,0.6588313690389025
26109,LOF,0.0995904390447777,0.04804226465866294,0.8523672962965593
26110,LOF,0.19203722102101173,0.007659541652532691,0.8003032373264557
26111,Neutral,0.5028322304501348,0.030267465795883103,0.4669003037539822
26112,LOF,0.031837066993819406,0.007363657683025626,0.9607992753231549
26113,LOF,0.0684352857633352,0.017407977333858737,0.914156736902806
26114,LOF,0.027944489055007852,0.028236372374385487,0.9438191385706067
26115,LOF,0.0812586635855547,0.05450938602980747,0.8642319503846377
26116,LOF,0.06635342577183662,0.06937356940176691,0.8642730048263965
26117,LOF,0.44369327511831586,0.0411163703713802,0.515190354510304
26118,LOF,0.032249114819914736,0.025625446066521892,0.9421254391135633
26119,LOF,0.02374308566018949,0.0371523541899481,0.9391045601498623
26120,LOF,0.025831578911206965,0.019919394027529107,0.9542490270612638
26121,LOF,0.044824549216680144,0.08534427648085496,0.8698311743024649
26122,LOF,0.04287122228154932,0.040799717257247924,0.9163290604612028
