feature0,prediction,LoGoFunc_Neutral,LoGoFunc_GOF,LoGoFunc_LOF
25546,Neutral,0.6137311921631837,0.10185930310630839,0.2844095047305079
25547,Neutral,0.48082681299482716,0.1504928822254609,0.3686803047797119
25548,LOF,0.35675528956538455,0.2104796448132034,0.43276506562141215
25549,LOF,0.3316002011055261,0.2622568450605776,0.40614295383389637
25550,LOF,0.3135262959230368,0.07444069708012943,0.6120330069968338
25551,LOF,0.2410485258983939,0.10722778031078306,0.6517236937908231
25552,LOF,0.24184056109146368,0.07395161599585576,0.6842078229126806
25553,Neutral,0.8000498516262858,0.06809716423829705,0.13185298413541693
25554,LOF,0.24734910835671134,0.06269845398885225,0.6899524376544365
25555,LOF,0.253400706877098,0.0571997754223296,0.6893995177005725
25556,LOF,0.39145561494201975,0.05030566328430707,0.5582387217736732
25557,LOF,0.2675860929548856,0.07765320625594643,0.654760700789168
25558,LOF,0.24366037891842438,0.08832210750063849,0.6680175135809372
25559,LOF,0.31723079270672144,0.04315664928267553,0.6396125580106031
25560,LOF,0.05624959954800886,0.4551541735547861,0.488596226897205
25561,LOF,0.05454745193412584,0.4328494413319253,0.5126031067339489
25562,LOF,0.03792202161025668,0.25801366338920606,0.7040643150005372
25563,LOF,0.021765342527516274,0.37266251398428124,0.6055721434882024
25564,LOF,0.052004592154123994,0.17615559676970802,0.771839811076168
25565,LOF,0.28429209108963516,0.13741973762660198,0.5782881712837629
25566,GOF,0.09675927008999693,0.7221479888105452,0.18109274109945783
25567,LOF,0.03508559699513117,0.08642643119995509,0.8784879718049138
25568,LOF,0.07336025441803577,0.04649712640684325,0.8801426191751209
25569,LOF,0.06097062120276866,0.06544838411619922,0.873580994681032
25570,LOF,0.052004592154123994,0.17615559676970802,0.771839811076168
25571,LOF,0.052004592154123994,0.17615559676970802,0.771839811076168
25572,LOF,0.05680800462896028,0.13867557344004197,0.8045164219309978
25573,LOF,0.18297616695085983,0.24296068844502627,0.574063144604114
25574,GOF,0.10880386032807125,0.7629182860350433,0.12827785363688554
25575,LOF,0.052004592154123994,0.17615559676970802,0.771839811076168
25576,LOF,0.022612516400916858,0.24068746067084248,0.7367000229282405
25577,LOF,0.026400001305408035,0.12181272385790969,0.8517872748366823
25578,LOF,0.09798151166662053,0.34124075718571556,0.5607777311476639
25579,LOF,0.08463156216563118,0.32442399784136833,0.5909444399930005
25580,LOF,0.052004592154123994,0.17615559676970802,0.771839811076168
25581,LOF,0.06876643747286394,0.06786039035210083,0.8633731721750352
25582,LOF,0.06876643747286394,0.06786039035210083,0.8633731721750352
25583,LOF,0.052004592154123994,0.17615559676970802,0.771839811076168
25584,Neutral,0.7639216701206069,0.036219130044323374,0.19985919983506978
25585,LOF,0.039395941985395165,0.11128380534129143,0.8493202526733135
25586,LOF,0.052004592154123994,0.17615559676970802,0.771839811076168
25587,LOF,0.052004592154123994,0.17615559676970802,0.771839811076168
25588,LOF,0.052004592154123994,0.17615559676970802,0.771839811076168
25589,Neutral,0.48095478495340105,0.3453234183038747,0.17372179674272423
25590,LOF,0.05446993159490787,0.21453005262776914,0.731000015777323
25591,LOF,0.08212106693933739,0.0698985465251412,0.8479803865355214
25592,GOF,0.2135772697618239,0.49358994694448877,0.2928327832936875
25593,GOF,0.0795205012166562,0.6547915072676923,0.2656879915156515
25594,LOF,0.056918167592197,0.16342916208573308,0.7796526703220699
25595,LOF,0.0600380752566628,0.1046076827791625,0.8353542419641746
25596,LOF,0.14195371937836945,0.028913926080689267,0.8291323545409413
25597,LOF,0.11641012801376904,0.06910041751694626,0.8144894544692848
25598,LOF,0.038251279466786074,0.18308873829000932,0.7786599822432047
25599,GOF,0.014876542583675389,0.5425855828992183,0.44253787451710624
25600,GOF,0.10797205182607433,0.6994118771795882,0.1926160709943375
25601,GOF,0.022736578153384774,0.5799536087542505,0.39730981309236474
25602,LOF,0.07517362205266377,0.08395982790379423,0.840866550043542
25603,LOF,0.052004592154123994,0.17615559676970802,0.771839811076168
25604,LOF,0.07617450328518124,0.2731007492529782,0.6507247474618406
25605,LOF,0.2523821665694581,0.25279369169521204,0.49482414173532985
25606,Neutral,0.6768546249080881,0.08917182710274675,0.23397354798916517
25607,LOF,0.04990691094356767,0.17920909003089158,0.7708839990255406
25608,LOF,0.047764182679214534,0.14403788546093574,0.8081979318598498
25609,GOF,0.0850224739995601,0.7906313293878153,0.12434619661262462
25610,LOF,0.052004592154123994,0.17615559676970802,0.771839811076168
25611,LOF,0.052004592154123994,0.17615559676970802,0.771839811076168
25612,LOF,0.09859790666976682,0.036876788314808846,0.8645253050154244
25613,LOF,0.11442252881279383,0.036463416003733574,0.8491140551834727
25614,LOF,0.052004592154123994,0.17615559676970802,0.771839811076168
25615,LOF,0.08397977064655457,0.10222963875149457,0.8137905906019509
25616,LOF,0.052004592154123994,0.17615559676970802,0.771839811076168
25617,LOF,0.052004592154123994,0.17615559676970802,0.771839811076168
25618,GOF,0.11081145058012161,0.45690919929078727,0.4322793501290912
25619,LOF,0.052004592154123994,0.17615559676970802,0.771839811076168
25620,LOF,0.052004592154123994,0.17615559676970802,0.771839811076168
25621,LOF,0.07595273499883749,0.11115394378432046,0.812893321216842
25622,LOF,0.0774079721816168,0.11865989530753646,0.8039321325108467
25623,LOF,0.09909187295426136,0.05815320622510011,0.8427549208206386
25624,LOF,0.052004592154123994,0.17615559676970802,0.771839811076168
25625,LOF,0.09177077468087431,0.04475326349423327,0.8634759618248925
25626,LOF,0.06954434018336308,0.050870010550763664,0.8795856492658732
25627,Neutral,0.807578942732491,0.0990466959820314,0.09337436128547756
25628,LOF,0.1289293131954035,0.31286907720127544,0.558201609603321
25629,LOF,0.05371885933259422,0.15326836707973582,0.7930127735876699
25630,Neutral,0.43912456179263837,0.14333172120028378,0.41754371700707776
25631,LOF,0.28922791460958114,0.28057270782897253,0.43019937756144644
25632,LOF,0.024932197833249705,0.11278361026228254,0.8622841919044677
25633,LOF,0.052004592154123994,0.17615559676970802,0.771839811076168
25634,LOF,0.07535811568650641,0.0475768081775684,0.8770650761359252
25635,LOF,0.052004592154123994,0.17615559676970802,0.771839811076168
25636,GOF,0.031024198574120407,0.6325382839430649,0.33643751748281475
25637,GOF,0.03097360234923785,0.7214954827273828,0.24753091492337925
25638,GOF,0.014437462526911918,0.7124780286442894,0.2730845088287987
25639,GOF,0.032953892302750414,0.7306618730109902,0.23638423468625938
25640,Neutral,0.7260494100234746,0.18187608057927632,0.09207450939724912
25641,GOF,0.05882741820165366,0.8305318542624127,0.1106407275359337
25642,GOF,0.06011627185413676,0.5162317970489555,0.42365193109690774
25643,LOF,0.2871774182387791,0.26808237249506667,0.4447402092661542
25644,LOF,0.017681958072877268,0.4894464261426379,0.49287161578448474
25645,GOF,0.014833286822239092,0.6447195141799805,0.3404471989977802
25646,GOF,0.02713848289814888,0.5475832147321926,0.42527830236965863
25647,LOF,0.01426897703301893,0.4263623554723296,0.5593686674946514
25648,LOF,0.01496185032753288,0.43114083871358266,0.5538973109588844
25649,LOF,0.014078056554440142,0.25472821366393716,0.7311937297816227
25650,GOF,0.03929120539250764,0.5100090415768616,0.45069975303063087
25651,LOF,0.01960079531362994,0.37479153845431595,0.6056076662320541
25652,GOF,0.012063846407671374,0.5947288087506438,0.39320734484168474
25653,GOF,0.03897707479529944,0.6963221892551134,0.2647007359495872
25654,GOF,0.010398007387835294,0.5839550002694971,0.4056469923426676
25655,GOF,0.030529659416123914,0.7857382738169699,0.18373206676690612
25656,LOF,0.1571392991853082,0.276095287204999,0.5667654136096929
25657,LOF,0.04889144076494872,0.10243245696144855,0.8486761022736028
25658,LOF,0.08472140514148895,0.28953016663832276,0.6257484282201883
25659,GOF,0.35494961523856305,0.4593912549022997,0.18565912985913727
25660,LOF,0.052004592154123994,0.17615559676970802,0.771839811076168
25661,LOF,0.052004592154123994,0.17615559676970802,0.771839811076168
25662,LOF,0.052004592154123994,0.17615559676970802,0.771839811076168
25663,LOF,0.052004592154123994,0.17615559676970802,0.771839811076168
25664,LOF,0.07495505125294338,0.17882086257913163,0.746224086167925
25665,LOF,0.07361315460726545,0.10955684248198565,0.8168300029107489
25666,LOF,0.07828516395545457,0.14971394439697866,0.7720008916475667
25667,LOF,0.052004592154123994,0.17615559676970802,0.771839811076168
25668,LOF,0.052004592154123994,0.17615559676970802,0.771839811076168
25669,LOF,0.052004592154123994,0.17615559676970802,0.771839811076168
25670,LOF,0.10092427718277978,0.08444222711728952,0.8146334956999307
25671,LOF,0.052004592154123994,0.17615559676970802,0.771839811076168
25672,LOF,0.06346953824078208,0.06673176313096917,0.8697986986282488
25673,LOF,0.0740699808435881,0.11768740014902425,0.8082426190073876
25674,LOF,0.06647403236252823,0.1309821097633986,0.8025438578740731
25675,LOF,0.07168008596671382,0.09260382758024155,0.8357160864530446
25676,LOF,0.052004592154123994,0.17615559676970802,0.771839811076168
25677,LOF,0.052004592154123994,0.17615559676970802,0.771839811076168
25678,LOF,0.10696529074564831,0.043184288015697125,0.8498504212386546
25679,LOF,0.13274371032264493,0.061752110399927174,0.8055041792774279
25680,LOF,0.052004592154123994,0.17615559676970802,0.771839811076168
25681,LOF,0.052004592154123994,0.17615559676970802,0.771839811076168
25682,LOF,0.052004592154123994,0.17615559676970802,0.771839811076168
25683,LOF,0.0920466017064276,0.049435985218353885,0.8585174130752184
25684,LOF,0.052004592154123994,0.17615559676970802,0.771839811076168
25685,LOF,0.04937041493437497,0.1709695375743168,0.7796600474913082
25686,LOF,0.021087078520889504,0.37493684070030037,0.6039760807788102
25687,GOF,0.02678016875959449,0.6743953476122537,0.2988244836281518
25688,LOF,0.22307592948086194,0.33402997263019807,0.44289409788893985
25689,LOF,0.10210592883996301,0.3223429228065853,0.5755511483534518
25690,LOF,0.12165871783385884,0.3156146591826647,0.5627266229834765
25691,Neutral,0.6094179903229359,0.23422917573333754,0.1563528339437266
25692,LOF,0.18102855454974642,0.05003565743358788,0.7689357880166657
25693,GOF,0.09772627502926554,0.5315676239114502,0.37070610105928437
25694,LOF,0.19798335810392806,0.03160302144888248,0.7704136204471894
25695,LOF,0.1490975855074139,0.06054823684321276,0.7903541776493734
25696,LOF,0.14112992379465908,0.05565377026509416,0.8032163059402467
25697,LOF,0.09163900284051875,0.19499188525522895,0.7133691119042523
25698,LOF,0.08308028098527358,0.208822812529374,0.7080969064853524
25699,GOF,0.10337449321364534,0.517662529212952,0.37896297757340264
25700,LOF,0.052004592154123994,0.17615559676970802,0.771839811076168
25701,GOF,0.07979290692631355,0.6748645332204886,0.24534255985319797
25702,GOF,0.33379122263702515,0.41398726382731327,0.25222151353566147
25703,LOF,0.03010360850759134,0.12522012348335199,0.8446762680090567
25704,LOF,0.052004592154123994,0.17615559676970802,0.771839811076168
25705,LOF,0.052004592154123994,0.17615559676970802,0.771839811076168
25706,GOF,0.07374202034831616,0.684019746394377,0.2422382332573068
25707,GOF,0.05855349531843108,0.5387796580522556,0.40266684662931346
25708,LOF,0.023259889034856596,0.39555765529107,0.5811824556740735
25709,LOF,0.052004592154123994,0.17615559676970802,0.771839811076168
25710,LOF,0.02160473453202021,0.295628938288824,0.6827663271791558
25711,LOF,0.052004592154123994,0.17615559676970802,0.771839811076168
25712,LOF,0.025725496526524887,0.2790822255624676,0.6951922779110076
25713,LOF,0.052004592154123994,0.17615559676970802,0.771839811076168
25714,LOF,0.052004592154123994,0.17615559676970802,0.771839811076168
25715,LOF,0.052004592154123994,0.17615559676970802,0.771839811076168
25716,LOF,0.02032760904005655,0.1315957833666309,0.8480766075933125
25717,LOF,0.017597678628108373,0.40733082789179187,0.5750714934800997
25718,LOF,0.052004592154123994,0.17615559676970802,0.771839811076168
25719,LOF,0.052004592154123994,0.17615559676970802,0.771839811076168
25720,LOF,0.052004592154123994,0.17615559676970802,0.771839811076168
25721,LOF,0.052004592154123994,0.17615559676970802,0.771839811076168
25722,LOF,0.052004592154123994,0.17615559676970802,0.771839811076168
25723,LOF,0.052004592154123994,0.17615559676970802,0.771839811076168
25724,LOF,0.1571392991853082,0.276095287204999,0.5667654136096929
25725,LOF,0.052004592154123994,0.17615559676970802,0.771839811076168
25726,LOF,0.052004592154123994,0.17615559676970802,0.771839811076168
25727,LOF,0.052004592154123994,0.17615559676970802,0.771839811076168
25728,LOF,0.052004592154123994,0.17615559676970802,0.771839811076168
25729,LOF,0.052004592154123994,0.17615559676970802,0.771839811076168
25730,LOF,0.052004592154123994,0.17615559676970802,0.771839811076168
25731,LOF,0.021823593986409366,0.32542488381144535,0.6527515222021453
25732,LOF,0.052004592154123994,0.17615559676970802,0.771839811076168
25733,LOF,0.052004592154123994,0.17615559676970802,0.771839811076168
25734,LOF,0.029161217168801584,0.22877531302538295,0.7420634698058154
25735,LOF,0.052004592154123994,0.17615559676970802,0.771839811076168
25736,LOF,0.052004592154123994,0.17615559676970802,0.771839811076168
25737,LOF,0.052004592154123994,0.17615559676970802,0.771839811076168
25738,LOF,0.052004592154123994,0.17615559676970802,0.771839811076168
25739,LOF,0.052004592154123994,0.17615559676970802,0.771839811076168
25740,LOF,0.052004592154123994,0.17615559676970802,0.771839811076168
25741,LOF,0.052004592154123994,0.17615559676970802,0.771839811076168
25742,LOF,0.052004592154123994,0.17615559676970802,0.771839811076168
25743,LOF,0.02549139714116953,0.10473418728810568,0.8697744155707248
25744,Neutral,0.4341489798658821,0.22164276951292525,0.34420825062119265
25745,GOF,0.0190195420033586,0.5082681964277708,0.4727122615688707
25746,LOF,0.015195010711813572,0.47213361835055373,0.5126713709376327
25747,LOF,0.052004592154123994,0.17615559676970802,0.771839811076168
25748,LOF,0.08463156216563118,0.32442399784136833,0.5909444399930005
25749,GOF,0.01884819524325448,0.5600391616472229,0.4211126431095227
25750,GOF,0.01662994172500438,0.5429506394697065,0.4404194188052891
25751,LOF,0.052004592154123994,0.17615559676970802,0.771839811076168
25752,GOF,0.06570995739510613,0.512023929953258,0.422266112651636
25753,LOF,0.020441538894128104,0.22373656322297383,0.755821897882898
25754,GOF,0.02659017331384927,0.6697891186512275,0.30362070803492314
25755,LOF,0.027066611265244483,0.18877584507357473,0.7841575436611807
25756,LOF,0.037537628279599056,0.33541213045376034,0.6270502412666407
25757,GOF,0.019922874895639736,0.6783022938192702,0.30177483128509
25758,GOF,0.030530357213483506,0.6701677645659404,0.29930187822057613
25759,LOF,0.020729309023494534,0.423239556077403,0.5560311348991024
25760,LOF,0.026187268998504116,0.21268874726736536,0.7611239837341305
25761,GOF,0.35863614567224433,0.46841151662195024,0.1729523377058054
25762,LOF,0.057998762379990305,0.10122775339656265,0.840773484223447
25763,LOF,0.018133001455357525,0.17057251618263686,0.8112944823620056
25764,GOF,0.05511868067165412,0.7586305157939436,0.1862508035344022
25765,GOF,0.027521562315894057,0.49930052517682594,0.47317791250727986
25766,GOF,0.0664999347759642,0.615025861123983,0.31847420410005267
25767,GOF,0.10424955367979888,0.6146976864000686,0.2810527599201325
25768,LOF,0.052004592154123994,0.17615559676970802,0.771839811076168
25769,LOF,0.052004592154123994,0.17615559676970802,0.771839811076168
25770,Neutral,0.6527809084036897,0.08563677245138149,0.2615823191449288
25771,LOF,0.07507806827185816,0.07889713516624708,0.8460247965618949
25772,LOF,0.052004592154123994,0.17615559676970802,0.771839811076168
25773,LOF,0.08188921273175191,0.1414013562908493,0.7767094309773989
25774,LOF,0.03404307677205847,0.16688669338400808,0.7990702298439334
25775,LOF,0.07871011680050043,0.16446359762412097,0.7568262855753786
25776,LOF,0.052004592154123994,0.17615559676970802,0.771839811076168
25777,LOF,0.1996864955309647,0.10205302655725752,0.6982604779117778
25778,LOF,0.052004592154123994,0.17615559676970802,0.771839811076168
25779,Neutral,0.4269800394705758,0.3472689373266019,0.2257510232028223
25780,Neutral,0.48803113825710054,0.32551140164610304,0.18645746009679645
25781,GOF,0.2881964760228989,0.5466212582742134,0.1651822657028878
25782,GOF,0.23781759979893738,0.5363327641181962,0.22584963608286646
25783,GOF,0.04497467336513102,0.7367871745842443,0.21823815205062475
25784,Neutral,0.5564203586200234,0.3301123689512153,0.11346727242876126
25785,Neutral,0.6133589558234885,0.26193760107658126,0.12470344309993012
25786,GOF,0.058319160249198164,0.7866675041571762,0.15501333559362568
25787,Neutral,0.7374632447903736,0.18203190241959996,0.08050485279002641
25788,LOF,0.052004592154123994,0.17615559676970802,0.771839811076168
25789,GOF,0.16013285523233167,0.6825339375759663,0.15733320719170218
25790,GOF,0.22674668888103347,0.48969049618516475,0.2835628149338018
25791,GOF,0.1220385914906228,0.6616975250435777,0.21626388346579936
25792,GOF,0.2388145074542138,0.5507079985102491,0.21047749403553703
25793,Neutral,0.5005938295965007,0.32039033994514554,0.17901583045835373
25794,GOF,0.16973258208606334,0.6229664011797802,0.2073010167341565
25795,GOF,0.05285252050268122,0.7510231919212011,0.19612428757611772
25796,Neutral,0.36629739314405374,0.35302057089550887,0.28068203596043734
25797,GOF,0.12920910808386699,0.5268430945248332,0.3439477973912997
25798,GOF,0.02031676507820098,0.730207421722909,0.24947581319888995
25799,GOF,0.022440223776607766,0.5763344866662448,0.4012252895571475
25800,GOF,0.061424580017852115,0.7156240173220011,0.22295140266014685
25801,GOF,0.19532013277159713,0.6144090715571731,0.19027079567122981
25802,GOF,0.11848549774505825,0.6816750141798591,0.19983948807508256
25803,GOF,0.12476519240400918,0.617923410996267,0.25731139659972385
25804,GOF,0.06947859947697481,0.6952264733915566,0.23529492713146855
25805,GOF,0.11301915757031135,0.7831855341351955,0.10379530829449314
25806,GOF,0.19389021572687448,0.6377940787247045,0.1683157055484209
25807,GOF,0.028190128938301497,0.6381417548982681,0.33366811616343034
25808,GOF,0.13665692582899283,0.7450305333173157,0.11831254085369135
25809,GOF,0.03189386246006529,0.6327598341629656,0.3353463033769691
25810,GOF,0.03462146613549381,0.7553504240501889,0.2100281098143173
25811,Neutral,0.4556125918630399,0.3373850041816254,0.20700240395533473
25812,GOF,0.07780828935523354,0.7065678961906894,0.21562381445407716
25813,Neutral,0.5633101267704713,0.2674255608118874,0.16926431241764128
25814,GOF,0.10959247864314381,0.7258445958319698,0.1645629255248863
25815,GOF,0.21226472311484407,0.5314874137821197,0.2562478631030362
25816,GOF,0.0339348757534958,0.7487918487329568,0.2172732755135475
25817,GOF,0.1648290860251131,0.5857059288818098,0.24946498509307707
25818,GOF,0.054488638443081806,0.6096350676659801,0.33587629389093804
25819,GOF,0.3085181892166458,0.391318123103468,0.3001636876798863
25820,GOF,0.1513285491640787,0.5703672175532069,0.2783042332827145
25821,GOF,0.05089618763163979,0.7239604771498427,0.2251433352185176
25822,GOF,0.2546323082105514,0.538550864431652,0.20681682735779666
25823,GOF,0.05174805869182958,0.699286505939575,0.24896543536859547
25824,GOF,0.075098372901816,0.5074191474061133,0.41748247969207075
25825,GOF,0.041539834431250186,0.5788245676873306,0.37963559788141915
25826,GOF,0.01478592086467802,0.6199292416605366,0.36528483747478535
25827,GOF,0.028482056161261413,0.6964918716773331,0.27502607216140545
25828,GOF,0.022466897410464082,0.6089333887073735,0.36859971388216245
25829,GOF,0.017016042553203117,0.5822376913056944,0.4007462661411025
25830,GOF,0.11081145058012161,0.45690919929078727,0.4322793501290912
25831,GOF,0.22013396330622295,0.53355642969031,0.24630960700346688
25832,GOF,0.045129701288412295,0.6920419419101711,0.26282835680141664
25833,GOF,0.12234410129505055,0.6489012154617613,0.22875468324318812
25834,GOF,0.0437209647414788,0.6956515794414002,0.260627455817121
25835,GOF,0.14890564839064246,0.6096363921542133,0.2414579594551443
25836,GOF,0.05013525156600705,0.7214414288332639,0.22842331960072906
25837,GOF,0.02928407942983603,0.6894991050399514,0.28121681553021266
25838,GOF,0.1335542137301909,0.7206047026847818,0.14584108358502737
25839,GOF,0.3030908773267917,0.4617772612993582,0.23513186137385006
25840,GOF,0.20083154735890474,0.4377873990876364,0.3613810535534588
25841,GOF,0.2535692616705743,0.40383569403216985,0.3425950442972558
25842,GOF,0.17923265859391754,0.5878030743740182,0.23296426703206416
25843,GOF,0.22320183868910198,0.4927846305948386,0.2840135307160594
25844,GOF,0.08313077215383369,0.7074757833573194,0.20939344448884684
25845,GOF,0.020145938349975776,0.6043855290752126,0.37546853257481155
25846,GOF,0.16336651247815526,0.5384596172200943,0.2981738703017505
25847,GOF,0.09021512186690492,0.7734935279880563,0.1362913501450388
25848,GOF,0.06107714455057715,0.7538793569980562,0.18504349845136672
25849,GOF,0.017759022944015348,0.7135701477774213,0.2686708292785635
25850,GOF,0.02464185014620391,0.7495554055428968,0.2258027443108993
25851,GOF,0.017098899834842172,0.7150464700968647,0.26785463006829313
25852,GOF,0.27907240531883,0.42974878541434525,0.29117880926682477
25853,GOF,0.24516895596570887,0.6383880383092208,0.11644300572507042
25854,GOF,0.014144279980051256,0.7147926268386875,0.2710630931812613
25855,LOF,0.06491121414577292,0.4636051795160769,0.4714836063381502
25856,Neutral,0.3543076530628646,0.32439343423119027,0.3212989127059452
25857,GOF,0.06887928443464415,0.6586626099927092,0.2724581055726466
25858,GOF,0.021512785813291743,0.7319165537946903,0.24657066039201805
25859,GOF,0.015177270562214957,0.6683000842209206,0.31652264521686446
25860,GOF,0.4018227011273566,0.41382072178522405,0.1843565770874193
25861,GOF,0.35509936554271393,0.45762716701444456,0.18727346744284157
25862,GOF,0.09885652924501737,0.7379997687169976,0.16314370203798503
25863,GOF,0.12456502786543926,0.6283087164826522,0.2471262556519085
25864,GOF,0.2318212470184031,0.4858172017108279,0.28236155127076906
25865,GOF,0.07770026645948928,0.7427293722295081,0.17957036131100262
25866,GOF,0.09045240928781911,0.7549289193763615,0.15461867133581936
25867,GOF,0.12660583355985922,0.7271621108736628,0.14623205556647795
25868,GOF,0.19063813059545975,0.5748317275821122,0.23453014182242807
25869,Neutral,0.7383876717774187,0.19376113383764332,0.06785119438493818
25870,GOF,0.2135772697618239,0.49358994694448877,0.2928327832936875
25871,GOF,0.06150606205136937,0.7167009383765105,0.22179299957212012
25872,GOF,0.12114424828566968,0.6277007430521487,0.2511550086621816
25873,GOF,0.1497224460799923,0.5749632387191256,0.2753143152008822
25874,LOF,0.052004592154123994,0.17615559676970802,0.771839811076168
25875,GOF,0.07069013304391948,0.48798177814998284,0.4413280888060977
25876,LOF,0.02914116585530064,0.3922481736710099,0.5786106604736895
25877,Neutral,0.4238722978741867,0.3865832469502084,0.189544455175605
25878,GOF,0.10076903291329045,0.688255191458216,0.2109757756284936
25879,GOF,0.04445766847765643,0.7560002995538204,0.19954203196852308
25880,LOF,0.052004592154123994,0.17615559676970802,0.771839811076168
25881,GOF,0.3298196480409559,0.4336036349987444,0.23657671696029964
25882,LOF,0.06745576498594948,0.18340117289501878,0.7491430621190317
25883,LOF,0.052004592154123994,0.17615559676970802,0.771839811076168
25884,LOF,0.05885661510244878,0.20271957948338404,0.7384238054141672
25885,LOF,0.06121477104259509,0.13351421251241896,0.8052710164449859
25886,LOF,0.08463156216563118,0.32442399784136833,0.5909444399930005
25887,GOF,0.1938947680173432,0.4555362828774591,0.3505689491051976
25888,LOF,0.2260984517905004,0.24480749645547473,0.5290940517540248
25889,LOF,0.08845112082136235,0.09911834299396408,0.8124305361846735
25890,LOF,0.0572430389750139,0.20651432060153746,0.7362426404234487
25891,LOF,0.03900217313135071,0.15227036391353208,0.8087274629551173
25892,LOF,0.08167658905948857,0.2666514196925241,0.6516719912479872
25893,LOF,0.13095859567548512,0.30233412949048577,0.5667072748340292
25894,LOF,0.07535355956163658,0.2488211831728975,0.6758252572654659
25895,LOF,0.0939801515877519,0.2193036950432718,0.6867161533689763
25896,LOF,0.07887495958754899,0.11434607042632089,0.8067789699861302
25897,LOF,0.16005558203741344,0.23738556365126043,0.6025588543113262
25898,Neutral,0.41599207113504705,0.2000994960681477,0.38390843279680537
25899,LOF,0.09798151166662053,0.34124075718571556,0.5607777311476639
25900,Neutral,0.9252148545949728,0.014421794742955324,0.060363350662071914
25901,LOF,0.052004592154123994,0.17615559676970802,0.771839811076168
25902,LOF,0.08003766647403446,0.18790332376295799,0.7320590097630075
25903,LOF,0.2609514079518263,0.34973085016738964,0.3893177418807841
25904,LOF,0.17228473001534228,0.32295277047629334,0.5047624995083644
25905,GOF,0.02914673589764725,0.6031340671958179,0.3677191969065349
25906,LOF,0.02543436774921745,0.07839870643506999,0.8961669258157127
25907,LOF,0.014656884684631563,0.4211599225961651,0.5641831927192034
25908,GOF,0.015353730670890783,0.5046408755098218,0.4800053938192873
25909,LOF,0.052004592154123994,0.17615559676970802,0.771839811076168
25910,LOF,0.03287613800069897,0.34230527953485057,0.6248185824644504
25911,LOF,0.06264962494839137,0.1579018220077842,0.7794485530438243
25912,LOF,0.02745877930024397,0.2184363963867304,0.7541048243130256
25913,LOF,0.0873913272140928,0.31963994911776117,0.592968723668146
25914,LOF,0.052004592154123994,0.17615559676970802,0.771839811076168
25915,GOF,0.2809421172475627,0.5536271269345932,0.16543075581784408
25916,GOF,0.04142498723509108,0.5891209171794495,0.36945409558545944
25917,LOF,0.05539974760508293,0.052979129498132556,0.8916211228967846
25918,LOF,0.052004592154123994,0.17615559676970802,0.771839811076168
25919,LOF,0.052004592154123994,0.17615559676970802,0.771839811076168
25920,GOF,0.0719167128472185,0.7617023213822607,0.16638096577052092
25921,LOF,0.03310355409250845,0.3379747949066522,0.6289216510008393
25922,LOF,0.029420360647381114,0.36934425116269326,0.6012353881899256
25923,LOF,0.08684643615418337,0.32199305244293025,0.5911605114028864
25924,LOF,0.03548217811250521,0.16562175029660442,0.7988960715908904
25925,LOF,0.03485991297528464,0.19495046383570766,0.7701896231890076
25926,LOF,0.03529248092926517,0.11288755473046755,0.8518199643402673
25927,GOF,0.026313790508085327,0.6773148134724495,0.2963713960194651
25928,LOF,0.022867435143387155,0.18596253886508718,0.7911700259915257
25929,LOF,0.2820268016847241,0.2895568980584309,0.428416300256845
25930,LOF,0.052004592154123994,0.17615559676970802,0.771839811076168
25931,LOF,0.024664106766361764,0.15798939892839428,0.8173464943052441
25932,LOF,0.052004592154123994,0.17615559676970802,0.771839811076168
25933,LOF,0.052004592154123994,0.17615559676970802,0.771839811076168
25934,LOF,0.052004592154123994,0.17615559676970802,0.771839811076168
25935,LOF,0.03689957230698752,0.1081001015485728,0.8550003261444398
25936,LOF,0.052004592154123994,0.17615559676970802,0.771839811076168
25937,LOF,0.03396779384881182,0.1707779673137299,0.7952542388374583
25938,LOF,0.06537661436218925,0.11790652371578743,0.8167168619220234
25939,LOF,0.052004592154123994,0.17615559676970802,0.771839811076168
25940,LOF,0.022022842360557824,0.39202513856765575,0.5859520190717864
25941,LOF,0.21101963893974418,0.22947046048693134,0.5595099005733245
25942,LOF,0.029844930121611563,0.12218716939143272,0.8479679004869557
25943,LOF,0.41160825414247343,0.15427666945354554,0.43411507640398106
25944,Neutral,0.47161398167773266,0.1319525334749497,0.3964334848473177
25945,GOF,0.11081145058012161,0.45690919929078727,0.4322793501290912
25946,LOF,0.023969295797533808,0.07254813310690274,0.9034825710955635
25947,GOF,0.0662596702039448,0.615027978029118,0.3187123517669371
25948,LOF,0.4215664117761814,0.02417934205209808,0.5542542461717205
25949,LOF,0.10641971887603797,0.08330108817927977,0.8102791929446823
25950,LOF,0.30418941938500504,0.3340546541231242,0.3617559264918708
25951,LOF,0.09682092443005177,0.4466820486125127,0.4564970269574355
25952,LOF,0.03054215582272197,0.437131236663633,0.5323266075136451
25953,GOF,0.08119108851951592,0.6908518451185184,0.22795706636196567
25954,GOF,0.22200981984621396,0.6283524559884448,0.1496377241653412
25955,LOF,0.04869293872437767,0.24591807871105048,0.7053889825645718
25956,LOF,0.05711360889538419,0.31983481706087197,0.6230515740437438
25957,LOF,0.07009488075182446,0.08398682884320455,0.8459182904049709
25958,LOF,0.052004592154123994,0.17615559676970802,0.771839811076168
25959,GOF,0.06138379631696743,0.6774053542059467,0.26121084947708584
25960,LOF,0.03633664874125639,0.16316514250707653,0.8004982087516671
25961,LOF,0.052004592154123994,0.17615559676970802,0.771839811076168
25962,LOF,0.0638580624345332,0.1002993831772185,0.8358425543882484
25963,LOF,0.03377052512700523,0.4061934407697225,0.5600360341032723
25964,LOF,0.052004592154123994,0.17615559676970802,0.771839811076168
25965,Neutral,0.6762256078502471,0.11174887895892241,0.2120255131908306
25966,LOF,0.09798151166662053,0.34124075718571556,0.5607777311476639
25967,LOF,0.029489931516473396,0.3045121434243441,0.6659979250591825
25968,GOF,0.15487969550230132,0.5069699371284245,0.33815036736927423
25969,LOF,0.03794798510199512,0.10556190699259556,0.8564901079054092
25970,LOF,0.026015781322822784,0.17869388979930448,0.7952903288778728
25971,LOF,0.052004592154123994,0.17615559676970802,0.771839811076168
25972,LOF,0.052004592154123994,0.17615559676970802,0.771839811076168
25973,LOF,0.09808744422415926,0.10615496498244147,0.7957575907933994
25974,Neutral,0.6329477093855915,0.2270848879872346,0.1399674026271739
25975,LOF,0.052004592154123994,0.17615559676970802,0.771839811076168
25976,LOF,0.029956136937077646,0.147657711426819,0.8223861516361034
25977,LOF,0.03876890790290302,0.25340036126678117,0.7078307308303158
25978,LOF,0.21998565330202546,0.10200214622041662,0.678012200477558
25979,LOF,0.21785622747038297,0.09122440603487689,0.6909193664947401
25980,LOF,0.1548504055974649,0.36254633379584383,0.4826032606066913
25981,LOF,0.1548504055974649,0.36254633379584383,0.4826032606066913
25982,LOF,0.4414424563648386,0.05490672735237868,0.5036508162827827
25983,Neutral,0.6389715898127881,0.09244378936480281,0.268584620822409
25984,LOF,0.052004592154123994,0.17615559676970802,0.771839811076168
25985,GOF,0.017986525168989062,0.6494900342852047,0.3325234405458061
25986,GOF,0.03116949441283245,0.6896126877293056,0.279217817857862
25987,LOF,0.05721490811180002,0.12364782502879708,0.819137266859403
25988,LOF,0.052004592154123994,0.17615559676970802,0.771839811076168
25989,LOF,0.052004592154123994,0.17615559676970802,0.771839811076168
25990,LOF,0.052004592154123994,0.17615559676970802,0.771839811076168
25991,GOF,0.12625396900780148,0.7319767432975205,0.14176928769467798
25992,GOF,0.34507809521203714,0.3739118441700379,0.28101006061792494
25993,LOF,0.052004592154123994,0.17615559676970802,0.771839811076168
25994,LOF,0.052004592154123994,0.17615559676970802,0.771839811076168
25995,LOF,0.052004592154123994,0.17615559676970802,0.771839811076168
25996,GOF,0.07449804034854213,0.5980643920992537,0.32743756755220405
25997,GOF,0.061732113072249246,0.760161188311308,0.17810669861644274
25998,LOF,0.3469211480820027,0.2532361862528474,0.39984266566515003
25999,GOF,0.248245756675186,0.5951545269090744,0.15659971641573958
26000,LOF,0.06288105318605589,0.11408979846040374,0.8230291483535405
26001,GOF,0.12396955278311246,0.461487684855204,0.4145427623616835
26002,LOF,0.06890380604540665,0.18843791042540822,0.7426582835291852
26003,GOF,0.030613090027700508,0.5229913725795549,0.4463955373927447
26004,GOF,0.06985447694926128,0.661488551020023,0.26865697203071576
26005,GOF,0.02391683083588171,0.5590342995624633,0.41704886960165494
26006,Neutral,0.7462355134098655,0.1213637937108673,0.13240069287926706
26007,GOF,0.07670572982520918,0.6014843299673909,0.32180994020739984
26008,LOF,0.04180807066918085,0.45739704219057475,0.5007948871402443
26009,GOF,0.05897574245740684,0.6779305640590478,0.26309369348354544
26010,GOF,0.02655410954036107,0.6874311656654035,0.28601472479423534
26011,GOF,0.020557891184276346,0.5415567764464323,0.4378853323692913
26012,GOF,0.02754688451298,0.7052899972479924,0.2671631182390276
26013,GOF,0.02205881658759756,0.6169755665480691,0.3609656168643333
26014,LOF,0.06001654043291443,0.1812657070639313,0.7587177525031543
26015,LOF,0.20143366199926283,0.06619544447217851,0.7323708935285587
26016,LOF,0.39022557951951614,0.19137571152535943,0.41839870895512443
26017,Neutral,0.39144667737512195,0.24114535403264814,0.36740796859222985
26018,LOF,0.052004592154123994,0.17615559676970802,0.771839811076168
26019,LOF,0.052004592154123994,0.17615559676970802,0.771839811076168
26020,GOF,0.07358015292972553,0.4636036623229615,0.46281618474731295
26021,GOF,0.06519795250507664,0.6860014182808716,0.24880062921405174
26022,LOF,0.023963272526293277,0.2127250637989166,0.7633116636747902
26023,LOF,0.1571392991853082,0.276095287204999,0.5667654136096929
26024,LOF,0.037184508247767395,0.4660211989212468,0.49679429283098575
26025,LOF,0.1946653925680973,0.3648421916562115,0.44049241577569126
26026,Neutral,0.542289640055072,0.06831785516315697,0.3893925047817712
26027,LOF,0.052004592154123994,0.17615559676970802,0.771839811076168
26028,LOF,0.3013165659246913,0.11017045405924555,0.5885129800160632
26029,GOF,0.0304284693854774,0.7695536585681655,0.2000178720463571
26030,LOF,0.020415214453632237,0.09639030713381021,0.8831944784125576
26031,GOF,0.014575516002258019,0.6085510307210155,0.37687345327672656
26032,LOF,0.052004592154123994,0.17615559676970802,0.771839811076168
26033,LOF,0.1571392991853082,0.276095287204999,0.5667654136096929
26034,GOF,0.020868464742925762,0.5022683754798242,0.47686315977724997
26035,GOF,0.01500848404510113,0.6646419026520942,0.3203496133028047
26036,LOF,0.014683558059202132,0.45090679739329115,0.5344096445475068
26037,LOF,0.011645742807500787,0.44031441165226154,0.5480398455402377
26038,LOF,0.052004592154123994,0.17615559676970802,0.771839811076168
26039,GOF,0.025724168144393968,0.6187576923772584,0.35551813947834765
26040,GOF,0.2138944589846844,0.563109452934367,0.22299608808094867
26041,LOF,0.013820753010283878,0.36584921888974237,0.6203300280999737
26042,LOF,0.011833226585245675,0.4411702464029128,0.5469965270118415
26043,LOF,0.052004592154123994,0.17615559676970802,0.771839811076168
26044,LOF,0.022784916718967797,0.16261930519568532,0.8145957780853469
26045,LOF,0.05214996276205895,0.4556901681999929,0.492159869037948
26046,LOF,0.052004592154123994,0.17615559676970802,0.771839811076168
26047,LOF,0.052004592154123994,0.17615559676970802,0.771839811076168
26048,LOF,0.058621676395476004,0.1450606178717519,0.796317705732772
26049,Neutral,0.9158174601252946,0.033236209022989814,0.05094633085171554
26050,Neutral,0.8872481583947901,0.03666785203568094,0.07608398956952885
26051,GOF,0.02446131930663966,0.6641068198096935,0.3114318608836668
26052,GOF,0.03058467059031806,0.7533588106520019,0.21605651875767992
26053,LOF,0.03915839853636114,0.17930769579835787,0.781533905665281
26054,LOF,0.05600842921734267,0.21377951167902626,0.730212059103631
26055,LOF,0.06356985434504943,0.10340974200083981,0.8330204036541108
26056,LOF,0.042947752874847596,0.16619247245614216,0.7908597746690101
26057,LOF,0.052004592154123994,0.17615559676970802,0.771839811076168
26058,LOF,0.052004592154123994,0.17615559676970802,0.771839811076168
26059,Neutral,0.5510271738179153,0.20706075390733414,0.24191207227475042
26060,GOF,0.1951024972367597,0.6092834942477847,0.19561400851545557
26061,LOF,0.0424149784511316,0.10986452381998395,0.8477204977288845
26062,LOF,0.03185257028851459,0.08334731554229188,0.8848001141691936
26063,LOF,0.052004592154123994,0.17615559676970802,0.771839811076168
26064,LOF,0.038449297745065475,0.07547261574595358,0.8860780865089809
26065,LOF,0.052004592154123994,0.17615559676970802,0.771839811076168
26066,LOF,0.052004592154123994,0.17615559676970802,0.771839811076168
26067,LOF,0.052004592154123994,0.17615559676970802,0.771839811076168
26068,LOF,0.05870339871858403,0.08435722061765094,0.8569393806637651
26069,LOF,0.2602114465034739,0.1334315118958124,0.6063570416007137
26070,Neutral,0.5930369819969966,0.041811501758860545,0.3651515162441428
26071,LOF,0.052004592154123994,0.17615559676970802,0.771839811076168
26072,LOF,0.027648219821285677,0.16397797965517452,0.8083738005235398
26073,LOF,0.052004592154123994,0.17615559676970802,0.771839811076168
26074,Neutral,0.9182500269059625,0.03589303374704946,0.04585693934698798
26075,LOF,0.061932774707591585,0.15158925924119307,0.7864779660512153
26076,LOF,0.052004592154123994,0.17615559676970802,0.771839811076168
26077,LOF,0.028148780315569315,0.2694630809334727,0.702388138750958
26078,LOF,0.023740962398901073,0.2530415977443163,0.7232174398567827
26079,LOF,0.06334040557613903,0.1253374522921756,0.8113221421316854
26080,LOF,0.06334040557613903,0.1253374522921756,0.8113221421316854
26081,LOF,0.052004592154123994,0.17615559676970802,0.771839811076168
26082,LOF,0.03534958275536327,0.08919521677747361,0.8754552004671632
26083,LOF,0.052004592154123994,0.17615559676970802,0.771839811076168
26084,LOF,0.052004592154123994,0.17615559676970802,0.771839811076168
26085,LOF,0.052004592154123994,0.17615559676970802,0.771839811076168
26086,LOF,0.052004592154123994,0.17615559676970802,0.771839811076168
26087,LOF,0.052004592154123994,0.17615559676970802,0.771839811076168
26088,LOF,0.03499073083061757,0.18410712946915633,0.780902139700226
26089,LOF,0.06899213492382163,0.09040554930138708,0.8406023157747913
26090,LOF,0.05198180842483337,0.08194729076358097,0.8660709008115857
26091,LOF,0.052004592154123994,0.17615559676970802,0.771839811076168
26092,LOF,0.052004592154123994,0.17615559676970802,0.771839811076168
26093,LOF,0.052004592154123994,0.17615559676970802,0.771839811076168
26094,LOF,0.052004592154123994,0.17615559676970802,0.771839811076168
26095,LOF,0.12984130356578047,0.10598515744130725,0.7641735389929122
26096,LOF,0.03857261012194541,0.09479073511816398,0.8666366547598905
26097,LOF,0.02898582433066196,0.16119843363677527,0.8098157420325628
26098,LOF,0.07125193789077557,0.058874081148834384,0.8698739809603899
26099,LOF,0.052004592154123994,0.17615559676970802,0.771839811076168
26100,LOF,0.052004592154123994,0.17615559676970802,0.771839811076168
26101,LOF,0.052004592154123994,0.17615559676970802,0.771839811076168
26102,LOF,0.052004592154123994,0.17615559676970802,0.771839811076168
26103,Neutral,0.6562922140838706,0.17449081915709852,0.16921696675903092
26104,LOF,0.04598989990752631,0.09996625006866645,0.8540438500238073
26105,GOF,0.11518450716954504,0.46228991046022516,0.4225255823702299
26106,LOF,0.08571311454049985,0.21057366878126296,0.7037132166782372
26107,LOF,0.1138711343126558,0.2800400148502036,0.6060888508371406
26108,LOF,0.06646430668664417,0.38508839345203516,0.5484472998613207
26109,LOF,0.064862443025708,0.10192030009563263,0.8332172568786593
26110,LOF,0.3089935935517224,0.041317930966388215,0.6496884754818893
26111,GOF,0.22018803698346254,0.5131533658463491,0.26665859717018836
26112,LOF,0.052004592154123994,0.17615559676970802,0.771839811076168
26113,LOF,0.052004592154123994,0.17615559676970802,0.771839811076168
26114,LOF,0.03854257637151788,0.09014981010556684,0.8713076135229152
26115,LOF,0.09874765131572265,0.10180181885786672,0.7994505298264106
26116,LOF,0.052004592154123994,0.17615559676970802,0.771839811076168
26117,LOF,0.09798151166662053,0.34124075718571556,0.5607777311476639
26118,LOF,0.052004592154123994,0.17615559676970802,0.771839811076168
26119,LOF,0.03668278811348692,0.23087751106064638,0.7324397008258667
26120,LOF,0.052004592154123994,0.17615559676970802,0.771839811076168
26121,LOF,0.08296859197657136,0.2013295842221011,0.7157018238013275
26122,LOF,0.07370681200162224,0.24155604365903732,0.6847371443393405
26123,LOF,0.06403818043708688,0.21084665493611845,0.7251151646267947
