feature0,prediction,LoGoFunc_Neutral,LoGoFunc_GOF,LoGoFunc_LOF
25546,Neutral,0.6210629402898024,0.05328963828400669,0.3256474214261909
25547,Neutral,0.48068798628259435,0.08643480318664006,0.4328772105307656
25548,Neutral,0.4986964488872053,0.07409539727422006,0.42720815383857463
25549,LOF,0.4327018823353329,0.07473226617422474,0.4925658514904424
25550,LOF,0.3757728377601682,0.10033127718279165,0.5238958850570402
25551,LOF,0.33757732060975976,0.10905923413951907,0.5533634452507211
25552,LOF,0.2865433896508012,0.11480381107758944,0.5986527992716093
25553,Neutral,0.7897590820829038,0.04424081524077109,0.1660001026763251
25554,LOF,0.3324258278154261,0.10380888881935559,0.5637652833652183
25555,LOF,0.27938961140562446,0.09857148868656011,0.6220388999078154
25556,Neutral,0.46528646673032104,0.09047353474150643,0.4442399985281725
25557,LOF,0.2709665140942084,0.10275374541469645,0.6262797404910952
25558,LOF,0.33388329415306184,0.09773850251822867,0.5683782033287095
25559,LOF,0.2594844199214203,0.14619916591007717,0.5943164141685026
25560,LOF,0.16868347999063568,0.11418154602066184,0.7171349739887025
25561,LOF,0.1618535301448553,0.14191634348601953,0.6962301263691252
25562,LOF,0.07150629290213498,0.09123337867469279,0.8372603284231721
25563,LOF,0.02722389054409009,0.14598571226536938,0.8267903971905405
25564,LOF,0.21811092624407682,0.13491537590893515,0.646973697846988
25565,LOF,0.20395385937607907,0.14655005722344,0.6494960834004809
25566,GOF,0.08998879294404923,0.6793020156785193,0.23070919137743154
25567,LOF,0.040760435780249835,0.1832998288043754,0.7759397354153748
25568,LOF,0.06236453761831957,0.09915491043074544,0.8384805519509351
25569,LOF,0.06015831589150922,0.10008758526664896,0.8397540988418418
25570,LOF,0.026370261976325103,0.11844501420526443,0.8551847238184104
25571,LOF,0.026566302299153705,0.12054172530630872,0.8528919723945376
25572,LOF,0.0639196283952571,0.1477849853506074,0.7882953862541355
25573,LOF,0.0620208030234397,0.11528661796488833,0.8226925790116719
25574,LOF,0.05746226103763827,0.24258378179677006,0.6999539571655917
25575,LOF,0.02168284818058529,0.13551864671562908,0.8427985051037856
25576,LOF,0.02920434424841744,0.18252749206597635,0.7882681636856064
25577,LOF,0.03279072961875013,0.1367762097196335,0.8304330606616164
25578,LOF,0.300098499745975,0.12245707665334137,0.5774444236006836
25579,LOF,0.14462835430450077,0.12450300990294065,0.7308686357925586
25580,LOF,0.02006677643093654,0.09623260126295755,0.8837006223061059
25581,LOF,0.055439211006375416,0.09233053039296212,0.8522302586006624
25582,LOF,0.055481742154462214,0.09062589104903152,0.8538923667965063
25583,LOF,0.021250560416831345,0.10134881455157546,0.8774006250315932
25584,Neutral,0.6869683429884711,0.1503620443542827,0.1626696126572462
25585,LOF,0.022938160929784998,0.17488774978442584,0.8021740892857893
25586,LOF,0.016484693939699393,0.08879826812029652,0.8947170379400042
25587,LOF,0.016588454089068158,0.08129254230605253,0.9021190036048794
25588,LOF,0.01909873865006857,0.09143234728306793,0.8894689140668635
25589,Neutral,0.484634695840563,0.26571635235744173,0.24964895180199523
25590,LOF,0.04675312184627803,0.15550105212138332,0.7977458260323386
25591,LOF,0.09994369997244583,0.07888099464460152,0.8211753053829527
25592,LOF,0.053785002928064485,0.17179091038634306,0.7744240866855925
25593,LOF,0.11709555987679802,0.31267057168011503,0.570233868443087
25594,LOF,0.04906166512592954,0.07307127090308482,0.8778670639709856
25595,LOF,0.05146841504765933,0.05017296352902187,0.8983586214233188
25596,LOF,0.1015678599660034,0.02402721415253837,0.8744049258814581
25597,LOF,0.08350882478101575,0.03165666903954051,0.8848345061794437
25598,LOF,0.04865693403722527,0.056465225604672376,0.8948778403581024
25599,LOF,0.019256881103299803,0.4588815942024004,0.5218615246942998
25600,GOF,0.17374233012353935,0.46697463050383414,0.3592830393726265
25601,LOF,0.03859080326055574,0.3525081665243149,0.6089010302151293
25602,LOF,0.03192604492440155,0.06208669550268123,0.9059872595729173
25603,LOF,0.035379965735315703,0.03582303023929014,0.9287970040253941
25604,LOF,0.03813606708168172,0.07842301530173629,0.883440917616582
25605,LOF,0.03432604149916807,0.18569973617593227,0.7799742223248997
25606,LOF,0.3878567601532222,0.13119463189512315,0.4809486079516547
25607,LOF,0.028121460597658538,0.16416253837366954,0.807716001028672
25608,LOF,0.0379329156540016,0.08116409739709933,0.880902986948899
25609,GOF,0.13278702831317638,0.5043809613353909,0.36283201035143275
25610,LOF,0.01654249592420936,0.03172553674858846,0.9517319673272022
25611,LOF,0.014562911598378997,0.031883030146727685,0.9535540582548934
25612,LOF,0.04643074744924774,0.04854385659207604,0.9050253959586763
25613,LOF,0.044332052429432584,0.05001507536477522,0.9056528722057923
25614,LOF,0.023792704819328294,0.028325151991401478,0.9478821431892702
25615,LOF,0.0494125279425846,0.042898704348249994,0.9076887677091654
25616,LOF,0.04874883845969505,0.029498465292893777,0.9217526962474112
25617,LOF,0.04422954976810663,0.03450820299588269,0.9212622472360106
25618,LOF,0.0484047558766609,0.04045053675344184,0.9111447073698973
25619,LOF,0.014034351874909631,0.03655914292031938,0.9494065052047709
25620,LOF,0.062060460280658786,0.04136932921709302,0.896570210502248
25621,LOF,0.0621710081985576,0.03967807046270885,0.8981509213387335
25622,LOF,0.0642132347441426,0.038641788289792575,0.8971449769660649
25623,LOF,0.07223025978571505,0.02945814594597541,0.8983115942683095
25624,LOF,0.019507373160975425,0.036759808411757064,0.9437328184272675
25625,LOF,0.06564292399924922,0.037740631984279245,0.8966164440164717
25626,LOF,0.04666633713419424,0.04781397636277782,0.9055196865030279
25627,Neutral,0.8892077422712211,0.020863855747296736,0.08992840198148237
25628,LOF,0.15747997281450565,0.05972777314143894,0.7827922540440554
25629,LOF,0.0644858470566332,0.05525252424790462,0.8802616286954622
25630,LOF,0.2942526737670796,0.07067483517616613,0.6350724910567543
25631,Neutral,0.5567305127435964,0.0709341719991278,0.3723353152572757
25632,LOF,0.02454852746969309,0.07329523054900185,0.9021562419813052
25633,LOF,0.17613049062896313,0.04340470315223254,0.7804648062188043
25634,LOF,0.03306497778865089,0.10461299986905775,0.8623220223422914
25635,LOF,0.036502064281647706,0.047510187200741925,0.9159877485176103
25636,LOF,0.036892699145293334,0.40738005226618174,0.5557272485885248
25637,GOF,0.07954221611359476,0.5094772579045943,0.4109805259818109
25638,LOF,0.034728060069598325,0.36168550079351564,0.603586439136886
25639,LOF,0.032798074906122784,0.37847260385083836,0.5887293212430388
25640,Neutral,0.7743029326615155,0.17168635205915608,0.05401071527932848
25641,GOF,0.06797226620437143,0.524405056523536,0.4076226772720925
25642,LOF,0.05433192209315139,0.20935556536817865,0.7363125125386699
25643,LOF,0.20383828208487526,0.17385549315368123,0.6223062247614435
25644,LOF,0.02344079820492707,0.47237008622923193,0.504189115565841
25645,LOF,0.025217370193096673,0.4779185497636149,0.4968640800432884
25646,LOF,0.060243977301541456,0.37727066183607216,0.5624853608623864
25647,LOF,0.025939775494899817,0.30944477105656515,0.664615453448535
25648,LOF,0.029368761471819133,0.31261896972198655,0.6580122688061943
25649,LOF,0.016191593830651874,0.28248403343977024,0.7013243727295779
25650,LOF,0.04687532721428887,0.4535053253481521,0.4996193474375589
25651,LOF,0.018507111904959163,0.33144106404032836,0.6500518240547124
25652,LOF,0.032751403654847404,0.310577707913113,0.6566708884320396
25653,GOF,0.07786138520838902,0.46636823917633996,0.4557703756152712
25654,LOF,0.020640461490409896,0.28044168512962525,0.6989178533799648
25655,GOF,0.20081668913484435,0.4763140807894687,0.3228692300756869
25656,LOF,0.36343530038154537,0.07547998241171698,0.5610847172067377
25657,LOF,0.06736637608340251,0.07372104140215033,0.8589125825144471
25658,LOF,0.3798596471560909,0.08112798221728797,0.5390123706266212
25659,Neutral,0.5016202001070303,0.10967123817922733,0.3887085617137423
25660,LOF,0.021956715903703267,0.08552540111616093,0.8925178829801358
25661,LOF,0.09907669106363953,0.05911990994511074,0.8418033989912497
25662,LOF,0.034183677460330006,0.0334974055179651,0.9323189170217049
25663,LOF,0.04408388767743415,0.04286138721942478,0.9130547251031411
25664,LOF,0.13528256475313072,0.0632976458428887,0.8014197894039805
25665,LOF,0.05901916113892751,0.031537420704763244,0.9094434181563092
25666,LOF,0.09818404277238509,0.06420833923399584,0.837607617993619
25667,LOF,0.0754816585466309,0.037663699050120174,0.8868546424032488
25668,LOF,0.03725973003887201,0.046494416993884895,0.9162458529672431
25669,LOF,0.03162297570750737,0.04758067952916805,0.9207963447633245
25670,LOF,0.1420485411913235,0.055544590184602206,0.8024068686240744
25671,LOF,0.11845615730305525,0.03399980118556169,0.847544041511383
25672,LOF,0.05355556615572756,0.04702149218633637,0.8994229416579361
25673,LOF,0.08244830211774608,0.050908225626347045,0.8666434722559068
25674,LOF,0.06899181265336586,0.058738191146574865,0.8722699962000594
25675,LOF,0.1122876652845347,0.05908893909090961,0.8286233956245557
25676,LOF,0.020294690375804995,0.051253095023311115,0.928452214600884
25677,LOF,0.025514884419631144,0.06667955977613166,0.9078055558042372
25678,LOF,0.1927149649881637,0.06330131118264067,0.7439837238291956
25679,LOF,0.1201735700537644,0.07358869782963878,0.8062377321165969
25680,LOF,0.03445450349941255,0.1163694913156088,0.8491760051849787
25681,LOF,0.05110477199647081,0.10755743792745288,0.8413377900760762
25682,LOF,0.15713543662406576,0.0753835275549794,0.7674810358209547
25683,LOF,0.11812979172249806,0.07810761687199158,0.8037625914055103
25684,LOF,0.041410016950464305,0.06841956573139056,0.8901704173181452
25685,LOF,0.12197245533089955,0.062411145319568526,0.8156163993495319
25686,LOF,0.0770874125081136,0.09462512071399821,0.8282874667778882
25687,LOF,0.11582040755919382,0.09447788519969351,0.7897017072411125
25688,LOF,0.3631539186774215,0.03515137597848546,0.6016947053440931
25689,LOF,0.2671322518472548,0.03813971451412844,0.6947280336386168
25690,LOF,0.35192132030609985,0.028648440223002593,0.6194302394708975
25691,Neutral,0.7091620236201609,0.022454783668130397,0.26838319271170885
25692,LOF,0.35812387281760566,0.01014316076380884,0.6317329664185855
25693,LOF,0.05129248390989799,0.39535160022025084,0.5533559158698511
25694,LOF,0.12131226763085667,0.01588021002556361,0.8628075223435797
25695,LOF,0.12198317387519977,0.014010751871300842,0.8640060742534993
25696,LOF,0.1256863558458541,0.009294220241825395,0.8650194239123206
25697,LOF,0.08731119235332249,0.03932707457864495,0.8733617330680327
25698,LOF,0.33107427223644115,0.16229656278632462,0.5066291649772343
25699,Neutral,0.5101300990823708,0.03895961088206164,0.4509102900355675
25700,LOF,0.0745241811957584,0.008904396857363077,0.9165714219468786
25701,LOF,0.19805063713091603,0.04606240984483038,0.7558869530242536
25702,GOF,0.18177231093562518,0.5778061503081645,0.24042153875621033
25703,LOF,0.016338149467288635,0.14172744658901096,0.8419344039437003
25704,LOF,0.038811848862534075,0.09969678463687921,0.8614913665005867
25705,LOF,0.051987392643752,0.15209532454431962,0.7959172828119283
25706,LOF,0.10274680130017375,0.4266484222892606,0.47060477641056575
25707,LOF,0.09308710885821916,0.3654588596915526,0.5414540314502282
25708,LOF,0.03658257400765288,0.3258998910920448,0.6375175349003024
25709,LOF,0.06746517640481334,0.043939877991695256,0.8885949456034914
25710,LOF,0.01166863906560658,0.17347237688500514,0.8148589840493883
25711,LOF,0.02093123023314005,0.09079755390287589,0.8882712158639842
25712,LOF,0.01503206547954802,0.19739609513152137,0.7875718393889306
25713,LOF,0.02015321102136345,0.083426989608848,0.8964197993697886
25714,LOF,0.07764239399339576,0.08919446364668651,0.8331631423599177
25715,LOF,0.012069063151136662,0.13981415896797497,0.8481167778808884
25716,LOF,0.011269153409775313,0.11821381162897852,0.8705170349612461
25717,LOF,0.014508016454538036,0.08447788450714208,0.90101409903832
25718,LOF,0.01204284216381864,0.10537984556327179,0.8825773122729096
25719,LOF,0.018976808306301662,0.08339670244702488,0.8976264892466733
25720,LOF,0.025619077055103655,0.06995892394297662,0.9044219990019198
25721,LOF,0.013680169792969172,0.12949658168690537,0.8568232485201255
25722,LOF,0.014999952379607533,0.1391624602294287,0.8458375873909637
25723,LOF,0.02399586330449682,0.04803417207272174,0.9279699646227814
25724,LOF,0.033119896470289775,0.08671433510904353,0.8801657684206666
25725,LOF,0.011998396919258398,0.07440608758500078,0.9135955154957408
25726,LOF,0.01672007873371265,0.10280384991889321,0.8804760713473941
25727,LOF,0.012981049394228937,0.08352055600121598,0.903498394604555
25728,LOF,0.010754550591218269,0.11705534035755524,0.8721901090512265
25729,LOF,0.011076567504337886,0.1188420735737781,0.870081358921884
25730,LOF,0.014831921075524473,0.09598766267754007,0.8891804162469354
25731,LOF,0.019485559143277636,0.11352512965732454,0.8669893111993978
25732,LOF,0.014721894497361953,0.08463113183188689,0.9006469736707511
25733,LOF,0.015729666059157415,0.07811174894221949,0.9061585849986231
25734,LOF,0.011136435336395667,0.13055232614193582,0.8583112385216686
25735,LOF,0.012337155990706419,0.09423034930711506,0.8934324947021784
25736,LOF,0.013547088175840917,0.10786852597135602,0.8785843858528031
25737,LOF,0.012983003693404528,0.08596129145506864,0.9010557048515269
25738,LOF,0.012009285083137838,0.12511458254193766,0.8628761323749244
25739,LOF,0.022330636521608622,0.08522135206165618,0.8924480114167351
25740,LOF,0.025808979793872366,0.13079372052710153,0.8433972996790261
25741,LOF,0.01614011151797504,0.13120530745121442,0.8526545810308106
25742,LOF,0.12976784082419843,0.09242800183639042,0.7778041573394111
25743,LOF,0.03547375848760598,0.03940730074210234,0.9251189407702916
25744,Neutral,0.5664590134166549,0.23533058036743984,0.19821040621590533
25745,LOF,0.061097852505436846,0.07072989943832819,0.8681722480562349
25746,LOF,0.042098675058224386,0.0867568919580017,0.871144432983774
25747,LOF,0.020388293331016463,0.05583572664982209,0.9237759800191614
25748,LOF,0.09411962647414915,0.0802550611193935,0.8256253124064574
25749,LOF,0.026915980716552095,0.08366002259159301,0.8894239966918549
25750,LOF,0.08623889606307725,0.08254212557963646,0.8312189783572862
25751,LOF,0.09569742417023085,0.09900291650922809,0.805299659320541
25752,GOF,0.10821206342046934,0.6388828248134947,0.2529051117660361
25753,LOF,0.020667049925537015,0.25956992011521673,0.7197630299592462
25754,GOF,0.012105344888614327,0.7836119628540951,0.20428269225729073
25755,LOF,0.023287813001433573,0.3722473430536734,0.604464843944893
25756,LOF,0.04504947285934814,0.3528472416299832,0.6021032855106686
25757,GOF,0.016433188569062944,0.8282394531545832,0.1553273582763537
25758,GOF,0.026498792142712037,0.8033676925386771,0.17013351531861093
25759,GOF,0.010091797355328348,0.5974752524159894,0.39243295022868213
25760,LOF,0.014145491916016805,0.24914006294233845,0.7367144451416447
25761,GOF,0.24384240720030592,0.6534883005298747,0.10266929226981931
25762,LOF,0.04333366991905118,0.25022318781080694,0.7064431422701419
25763,LOF,0.014876879568829592,0.19342312058163907,0.7916999998495313
25764,GOF,0.07489172268869798,0.6259399710166001,0.2991683062947019
25765,GOF,0.03346281131673805,0.7422105070338643,0.22432668164939776
25766,GOF,0.0587038760419607,0.7258356508779423,0.2154604730800971
25767,GOF,0.1524400029307364,0.5605092188532317,0.2870507782160318
25768,LOF,0.104774334925037,0.06430249937860288,0.83092316569636
25769,LOF,0.06185774505472127,0.059922576702222764,0.8782196782430558
25770,LOF,0.3065461320978801,0.10429336647748814,0.5891605014246316
25771,LOF,0.04722763725881453,0.05134035619042555,0.9014320065507598
25772,LOF,0.019965453732781926,0.04259703468172879,0.9374375115854893
25773,LOF,0.047144422895246084,0.09653319798156629,0.8563223791231876
25774,LOF,0.02899172682084922,0.0786321913600835,0.8923760818190672
25775,LOF,0.05170984450840104,0.04609032416576315,0.9021998313258358
25776,LOF,0.08118868881457411,0.023238864698946954,0.8955724464864789
25777,LOF,0.36320562206909657,0.06431178855380494,0.5724825893770985
25778,LOF,0.07471651119589139,0.04625784120218145,0.8790256476019271
25779,GOF,0.3751284920564971,0.5812737346061085,0.04359777333739437
25780,GOF,0.3426146127016171,0.5888318166189824,0.06855357067940059
25781,GOF,0.12373020231154125,0.7646509363995421,0.11161886128891653
25782,GOF,0.20035577619203362,0.722984968758878,0.07665925504908846
25783,GOF,0.021522802961069273,0.6369694290957426,0.3415077679431881
25784,Neutral,0.4914050565842583,0.4695300212056078,0.03906492221013392
25785,Neutral,0.4876286467071052,0.47478518711615264,0.0375861661767422
25786,GOF,0.03073886869723006,0.7495756314665845,0.21968549983618543
25787,Neutral,0.6495819881438814,0.3275523391835151,0.02286567267260348
25788,LOF,0.05607080603931657,0.1041482016386231,0.8397809923220603
25789,GOF,0.21776200734165502,0.6631628992846479,0.11907509337369714
25790,GOF,0.21533991114800516,0.6882274168280688,0.0964326720239262
25791,GOF,0.167581312338854,0.6844570499873655,0.14796163767378062
25792,GOF,0.3786151877835547,0.5096272163781869,0.11175759583825855
25793,GOF,0.2563463534556365,0.5313821686088183,0.21227147793554538
25794,GOF,0.31751608842940504,0.5168492716361773,0.16563463993441765
25795,GOF,0.07883465921891862,0.6911876884057143,0.2299776523753671
25796,Neutral,0.5602725896248284,0.35984948011619033,0.07987793025898125
25797,GOF,0.08150674329049505,0.5345811800129322,0.38391207669657273
25798,GOF,0.009392512147352433,0.5157855882523428,0.47482189960030474
25799,LOF,0.0070278055457625365,0.40262939803187864,0.5903427964223589
25800,GOF,0.03315338844006548,0.5853390059991835,0.381507605560751
25801,GOF,0.22639965918277888,0.6537566888064523,0.1198436520107688
25802,GOF,0.07420576691549538,0.6871362523591148,0.23865798072538985
25803,GOF,0.039072412795577806,0.5659895013977585,0.3949380858066637
25804,GOF,0.034430298102690986,0.4914338914610306,0.47413581043627834
25805,GOF,0.099815188285066,0.5788985030897805,0.32128630862515345
25806,GOF,0.12518000793636455,0.5912905492506467,0.2835294428129887
25807,GOF,0.02005811337823783,0.6172683776920932,0.362673508929669
25808,GOF,0.08403060046531212,0.6315252542070121,0.28444414532767576
25809,GOF,0.020248014001623637,0.6266384401524242,0.35311354584595217
25810,GOF,0.018977768488485185,0.6471454536455349,0.33387677786598
25811,GOF,0.4525514404294334,0.4820065918795993,0.06544196769096731
25812,GOF,0.03365802734441197,0.6537766249161193,0.31256534773946876
25813,Neutral,0.5114770107475605,0.39831120211835447,0.09021178713408509
25814,GOF,0.11825999150015537,0.6971644908310249,0.1845755176688197
25815,GOF,0.19297989748133704,0.6414774050894916,0.16554269742917135
25816,GOF,0.020797820442866145,0.700646676659674,0.2785555028974598
25817,GOF,0.2243669563720636,0.6527699200703114,0.12286312355762502
25818,GOF,0.05291666848572089,0.6301722696881357,0.3169110618261435
25819,GOF,0.35506802254952713,0.5171699374141754,0.12776204003629746
25820,GOF,0.1686268934256961,0.6253979974090457,0.2059751091652583
25821,GOF,0.055960833087125975,0.6945784327623179,0.24946073415055608
25822,GOF,0.22349590373490083,0.5678044363083379,0.20869965995676118
25823,GOF,0.029342744573804227,0.5170741910027074,0.45358306442348834
25824,GOF,0.08092274673901473,0.581223067565185,0.3378541856958003
25825,GOF,0.029182023608220427,0.567461143776257,0.40335683261552263
25826,GOF,0.010818212557615697,0.5419683187958663,0.44721346864651795
25827,GOF,0.021320237206653596,0.5968228272535829,0.38185693553976346
25828,GOF,0.011954933108867902,0.5143154959348409,0.47372957095629104
25829,GOF,0.00658758151427585,0.5782406535323682,0.415171764953356
25830,LOF,0.034028204690875676,0.3140507236140856,0.6519210716950387
25831,GOF,0.18578120507299242,0.6833685018441439,0.1308502930828638
25832,GOF,0.030131750823133463,0.676321383471132,0.2935468657057345
25833,GOF,0.12136728643283642,0.6989421749938266,0.17969053857333697
25834,GOF,0.03984464274416002,0.6826354366370171,0.27751992061882275
25835,GOF,0.08431476464151168,0.7516609788323855,0.16402425652610286
25836,GOF,0.04095897468276331,0.6916213086577405,0.26741971665949615
25837,GOF,0.02516627782323084,0.5628295063860855,0.4120042157906837
25838,GOF,0.08601067417728527,0.7567782880697059,0.15721103775300888
25839,GOF,0.2921765146399964,0.5738989734242358,0.1339245119357677
25840,GOF,0.1992453768467393,0.6272324516401165,0.17352217151314422
25841,GOF,0.22894297301246158,0.617191071489923,0.1538659554976154
25842,GOF,0.18342635313390276,0.6788197983375877,0.13775384852850964
25843,GOF,0.24629930000019792,0.6600674467719765,0.0936332532278256
25844,GOF,0.0666993411127541,0.7015282453270533,0.23177241356019265
25845,LOF,0.014247857869284588,0.4770731108389375,0.5086790312917779
25846,GOF,0.10942387520227753,0.723487973067042,0.1670881517306804
25847,GOF,0.11619395567393143,0.771949524238295,0.1118565200877734
25848,GOF,0.03566501699609787,0.6929919432130208,0.27134303979088137
25849,GOF,0.011221881535233715,0.5739056856000205,0.4148724328647458
25850,GOF,0.021444375285868848,0.6505533813688406,0.3280022433452906
25851,GOF,0.01606874393441371,0.5405908014399783,0.44334045462560795
25852,GOF,0.156316948578626,0.5752962093249767,0.26838684209639735
25853,GOF,0.34119439724270034,0.5991642479666787,0.05964135479062101
25854,GOF,0.02273107079044602,0.6405076910992819,0.33676123811027203
25855,GOF,0.03458351005705331,0.5799715166205487,0.38544497332239797
25856,GOF,0.24084547641242415,0.5504854586679301,0.20866906491964582
25857,GOF,0.03433798079835376,0.5097369266902488,0.45592509251139746
25858,GOF,0.01544882791510611,0.5472946894254086,0.43725648265948536
25859,GOF,0.008924550869518095,0.5433122524142038,0.447763196716278
25860,GOF,0.3607228647883588,0.5540271398641393,0.08524999534750195
25861,GOF,0.4282074393004883,0.4964255798447355,0.07536698085477608
25862,GOF,0.09391222794967244,0.7657203995261626,0.14036737252416498
25863,GOF,0.08847181429218164,0.7837776521874869,0.1277505335203316
25864,GOF,0.18177094761981402,0.7397195657246118,0.07850948665557408
25865,GOF,0.0830256505413106,0.8044997001326891,0.11247464932600033
25866,GOF,0.06321962666449897,0.8080055675399985,0.12877480579550243
25867,GOF,0.08673597595403597,0.8180601788667748,0.09520384517918909
25868,GOF,0.2739006709516779,0.6329407741523808,0.0931585548959413
25869,Neutral,0.7001190132606903,0.26318976511443626,0.03669122162487343
25870,GOF,0.3249719391316903,0.38892938809556554,0.2860986727727442
25871,GOF,0.22787895727266388,0.6046007382773558,0.16752030444998026
25872,GOF,0.07820623933158165,0.6482573416342096,0.2735364190342088
25873,GOF,0.14286377661578412,0.6520097529475808,0.20512647043663493
25874,LOF,0.018795747011307356,0.11270449026235045,0.8684997627263423
25875,LOF,0.10092119977365159,0.033295365307507145,0.8657834349188412
25876,LOF,0.03963442614522331,0.03718877952074041,0.9231767943340363
25877,Neutral,0.5299206708918075,0.0391194589083448,0.43095987019984777
25878,LOF,0.24993397261049155,0.0723895796004914,0.677676447789017
25879,LOF,0.08261540964250136,0.0815054221269909,0.8358791682305078
25880,LOF,0.025393321221241594,0.016003657256521937,0.9586030215222364
25881,LOF,0.19512589264135416,0.1010775983720745,0.7037965089865713
25882,LOF,0.06830773461558862,0.015653730743835925,0.9160385346405754
25883,LOF,0.08282822292931448,0.017764990711972146,0.8994067863587134
25884,LOF,0.038901322123883295,0.030054431500277406,0.9310442463758394
25885,LOF,0.07379437480829505,0.011475457297323318,0.9147301678943816
25886,LOF,0.2754875256658658,0.0301183336486573,0.6943941406854769
25887,LOF,0.15763110913166511,0.05707770900179933,0.7852911818665356
25888,LOF,0.0651987409035134,0.054067500916317034,0.8807337581801695
25889,LOF,0.053351384844257305,0.019253624745233244,0.9273949904105094
25890,LOF,0.051192915882616694,0.13339187242286743,0.8154152116945159
25891,LOF,0.04059328935642371,0.04572694945847779,0.9136797611850985
25892,LOF,0.08792022365177878,0.019658759468102117,0.8924210168801192
25893,LOF,0.2400805485362192,0.016245313670180474,0.7436741377936003
25894,LOF,0.17443920347509853,0.010421870882631596,0.81513892564227
25895,LOF,0.1980045075188067,0.018416752860584088,0.7835787396206091
25896,LOF,0.04912154857240612,0.028880979729521337,0.9219974716980727
25897,LOF,0.2384567848577386,0.011923549983220552,0.7496196651590409
25898,Neutral,0.6904114102572069,0.008582634826990003,0.3010059549158031
25899,LOF,0.20743603555471116,0.02472013921370859,0.7678438252315801
25900,LOF,0.44854333509843675,0.016403462816385453,0.5350532020851778
25901,LOF,0.05206108695658598,0.012968544379938645,0.9349703686634754
25902,LOF,0.14805948213271808,0.014709272204824719,0.8372312456624572
25903,Neutral,0.5063349558583395,0.025189571940594267,0.4684754722010662
25904,LOF,0.27347390778703135,0.057850919975105386,0.6686751722378633
25905,LOF,0.024794129462964578,0.29787674457982605,0.6773291259572095
25906,LOF,0.02195207960401096,0.06394817569591582,0.9140997447000732
25907,LOF,0.0140942430563981,0.3209694183248367,0.6649363386187651
25908,LOF,0.010247440454609257,0.23045294721491424,0.7592996123304765
25909,LOF,0.014389579139118988,0.12276830848349467,0.8628421123773864
25910,LOF,0.053759986151350525,0.13687272191671143,0.809367291931938
25911,LOF,0.15300684147036647,0.028625994113159265,0.8183671644164742
25912,LOF,0.04223847261892926,0.04719405741594976,0.910567469965121
25913,LOF,0.310091049164857,0.023897970413037494,0.6660109804221055
25914,LOF,0.0223010939232951,0.08430883437237337,0.8933900717043315
25915,Neutral,0.4992848684451587,0.24082477201489916,0.2598903595399423
25916,LOF,0.07668177264303322,0.3073360562964748,0.615982171060492
25917,LOF,0.06914542302142511,0.060408492480868055,0.8704460844977069
25918,LOF,0.027461365808837818,0.05231421832158203,0.9202244158695801
25919,LOF,0.023807212527951347,0.055765947025889405,0.9204268404461593
25920,GOF,0.0888704176650489,0.539164883774403,0.3719646985605482
25921,LOF,0.027508127350922392,0.026354704352845253,0.9461371682962324
25922,LOF,0.03644876173928287,0.01774742547927824,0.945803812781439
25923,LOF,0.42401444909434016,0.01952559146328579,0.556459959442374
25924,LOF,0.03449400823661424,0.0365868545979764,0.9289191371654094
25925,LOF,0.06848248908277894,0.025395136682241727,0.9061223742349792
25926,LOF,0.053108846360980476,0.01992013990818251,0.926971013730837
25927,LOF,0.07151457468857068,0.08162068423420325,0.846864741077226
25928,LOF,0.020577747330972875,0.033503706418872965,0.945918546250154
25929,Neutral,0.5427299390519686,0.02145225145911605,0.43581780948891535
25930,LOF,0.05969113139549617,0.01747691811180462,0.9228319504926992
25931,LOF,0.029254743892382685,0.019906903636575955,0.9508383524710413
25932,LOF,0.030181731128781936,0.019078364763148482,0.9507399041080695
25933,LOF,0.04310363810485343,0.013252544976893451,0.9436438169182532
25934,LOF,0.027484883411306935,0.014880188296912818,0.9576349282917802
25935,LOF,0.06204118939718231,0.02912575445787229,0.9088330561449454
25936,LOF,0.04747867716111864,0.015779506619267133,0.9367418162196142
25937,LOF,0.028589243262032004,0.025644708225348745,0.9457660485126193
25938,LOF,0.0674218965367318,0.029974227348488224,0.9026038761147799
25939,LOF,0.04189119903473369,0.011113523435149235,0.946995277530117
25940,LOF,0.033585786337282784,0.38089225053859915,0.5855219631241181
25941,LOF,0.17491454423694588,0.08146799902248156,0.7436174567405727
25942,LOF,0.017071653439857632,0.04003978902704347,0.9428885575330989
25943,LOF,0.3066234129508676,0.047598258984635426,0.6457783280644969
25944,LOF,0.48179585490871163,0.02257983594171637,0.495624309149572
25945,LOF,0.06886281606821609,0.02426788678999025,0.9068692971417938
25946,LOF,0.026645370767125025,0.1248588237013871,0.8484958055314878
25947,LOF,0.09867345445808526,0.2265342906881696,0.674792254853745
25948,LOF,0.4137766249373426,0.011426795271920245,0.5747965797907372
25949,LOF,0.1023774041476975,0.039943488882275294,0.8576791069700271
25950,GOF,0.2355558259844899,0.4042755501574424,0.36016862385806786
25951,LOF,0.2547602731261064,0.2236703396309479,0.5215693872429458
25952,LOF,0.04843061092298792,0.40328866608361963,0.5482807229933925
25953,LOF,0.13102377131158233,0.09811456053529809,0.7708616681531196
25954,LOF,0.4055033584332175,0.1645722051949556,0.42992443637182687
25955,LOF,0.058728311084482995,0.07683282388289916,0.8644388650326178
25956,LOF,0.17533998958962857,0.11356744153501173,0.7110925688753598
25957,LOF,0.03790752527496503,0.03604198714784016,0.9260504875771948
25958,LOF,0.06374046656029353,0.03177585971294561,0.904483673726761
25959,LOF,0.07403923835975383,0.3572743900717298,0.5686863715685163
25960,LOF,0.018981162028782663,0.058243729668908305,0.9227751083023091
25961,LOF,0.052625664620139546,0.03376901290786637,0.9136053224719941
25962,LOF,0.05758827938805304,0.03225709017622142,0.9101546304357255
25963,LOF,0.042054426660850554,0.18259979225538198,0.7753457810837674
25964,LOF,0.0378988701622885,0.14173383134461665,0.8203672984930949
25965,Neutral,0.4718337237208048,0.08388642083982914,0.44427985543936616
25966,Neutral,0.475421780136938,0.09105904104123783,0.43351917882182417
25967,LOF,0.01347733118519412,0.05681334669105174,0.9297093221237541
25968,GOF,0.0282253185247382,0.4898476482017457,0.48192703327351605
25969,LOF,0.023550229787285937,0.06116198196520097,0.915287788247513
25970,LOF,0.06293714903204733,0.05598316887107583,0.8810796820968768
25971,LOF,0.07741471108392614,0.01571013062248888,0.9068751582935851
25972,LOF,0.0787291441700136,0.019931367117967714,0.9013394887120186
25973,LOF,0.07566574984748714,0.012412808784975653,0.9119214413675372
25974,LOF,0.19702329275131217,0.01766260028838513,0.7853141069603028
25975,LOF,0.05187766818912536,0.0374772127185173,0.9106451190923573
25976,LOF,0.04399483504590276,0.01950583517957932,0.9364993297745179
25977,LOF,0.15131707099284156,0.10358376630792883,0.7450991626992295
25978,LOF,0.15565166126187918,0.06977673396314035,0.7745716047749805
25979,LOF,0.13859482340935994,0.07223224209538213,0.7891729344952579
25980,LOF,0.20827098806615293,0.1060327784890936,0.6856962334447535
25981,LOF,0.24207474677801838,0.10224397671852663,0.655681276503455
25982,LOF,0.4219905524277685,0.05471377328877826,0.5232956742834532
25983,LOF,0.3940787900554608,0.06302133901496365,0.5428998709295756
25984,LOF,0.0525228719969809,0.047935539694078176,0.8995415883089408
25985,LOF,0.02817238706986767,0.2322826449850987,0.7395449679450337
25986,LOF,0.04130036759120311,0.2752311543456509,0.6834684780631459
25987,LOF,0.0833623885720488,0.06780237974032952,0.8488352316876215
25988,LOF,0.1435681164511204,0.04611699688639804,0.8103148866624816
25989,LOF,0.03146587352613015,0.09385269741019149,0.8746814290636784
25990,LOF,0.038202398989497593,0.11841812160809809,0.8433794794024042
25991,LOF,0.14513161031591623,0.3006499620576194,0.5542184276264644
25992,LOF,0.33700064436614463,0.1778597575377214,0.4851395980961339
25993,LOF,0.024536745703084343,0.09872841814776998,0.8767348361491457
25994,LOF,0.01794201112177453,0.1337784097296797,0.8482795791485458
25995,LOF,0.027035723437724625,0.24721382026213656,0.7257504563001389
25996,GOF,0.2661027488052393,0.4758207860143757,0.258076465180385
25997,GOF,0.07861200957098613,0.4804131552833081,0.4409748351457059
25998,Neutral,0.5523160931541544,0.018362950448218465,0.42932095639762724
25999,LOF,0.11345829122588179,0.11698755862877061,0.7695541501453476
26000,LOF,0.1689352177186275,0.04012536285068359,0.790939419430689
26001,LOF,0.19705153260834918,0.031164622070197885,0.7717838453214528
26002,LOF,0.14627166052333282,0.04689353415750712,0.80683480531916
26003,GOF,0.010971071732214734,0.5741564412566207,0.4148724870111647
26004,GOF,0.02036446386294732,0.6168717387491777,0.362763797387875
26005,LOF,0.008292895076355269,0.42751904966670434,0.5641880552569405
26006,Neutral,0.5467267510990232,0.2004799281892028,0.25279332071177396
26007,GOF,0.022561759992770294,0.5197363014654386,0.45770193854179114
26008,GOF,0.019836828935081974,0.5663649684854939,0.4137982025794241
26009,GOF,0.021078678650531767,0.6024621623005649,0.37645915904890326
26010,GOF,0.028079128089198515,0.6039264203631363,0.36799445154766514
26011,LOF,0.007417840754109503,0.44376799098983255,0.548814168256058
26012,GOF,0.015551894728313786,0.5555208240538116,0.42892728121787455
26013,GOF,0.02206073503264891,0.6071001307243976,0.37083913424295356
26014,LOF,0.04070859149633779,0.10975947883239522,0.849531929671267
26015,LOF,0.21640191064666528,0.009756599102193862,0.7738414902511409
26016,LOF,0.22287291264343767,0.04934998247109633,0.7277771048854661
26017,LOF,0.21668098559953844,0.08077997295373586,0.7025390414467257
26018,LOF,0.09623272390628054,0.029506442724622713,0.8742608333690969
26019,LOF,0.0908905023909299,0.022476389722676633,0.8866331078863935
26020,LOF,0.06680918769822237,0.10479200570583595,0.8283988065959418
26021,LOF,0.043032331449657076,0.12658442839190506,0.8303832401584379
26022,LOF,0.011217821714215702,0.03941944600378991,0.9493627322819943
26023,LOF,0.10959312546416196,0.02000172977345992,0.8704051447623782
26024,LOF,0.027645274434165673,0.12520075576075415,0.8471539698050802
26025,LOF,0.15944553557008773,0.09991901392897286,0.7406354505009394
26026,LOF,0.32360799441312327,0.028306966681763922,0.6480850389051129
26027,LOF,0.08625431609305313,0.014527168825552236,0.8992185150813947
26028,LOF,0.14940302750918522,0.06944195188772759,0.7811550206030872
26029,LOF,0.07440114876234381,0.20528312339942542,0.7203157278382308
26030,LOF,0.026866434378162135,0.08191066030621826,0.8912229053156195
26031,LOF,0.030473249509986425,0.1578087026581289,0.8117180478318846
26032,LOF,0.06928952830315233,0.09149694921730199,0.8392135224795458
26033,LOF,0.12257677853025527,0.11463017548056227,0.7627930459891824
26034,LOF,0.047225553043361054,0.1674210296857347,0.7853534172709042
26035,LOF,0.02883628951615862,0.1585296007070804,0.8126341097767609
26036,LOF,0.04259370702353139,0.18183050370248005,0.7755757892739885
26037,LOF,0.023444854911495467,0.12779183372215314,0.8487633113663513
26038,LOF,0.06399075315267963,0.09438676879619547,0.841622478051125
26039,LOF,0.055229165305100525,0.16788770418420645,0.7768831305106929
26040,LOF,0.2137759074647044,0.15433219335384352,0.6318918991814522
26041,LOF,0.024344651751651906,0.11944503485006891,0.8562103133982791
26042,LOF,0.022892257056931674,0.11869499955699994,0.8584127433860683
26043,LOF,0.06366369819681365,0.11023336300677847,0.826102938796408
26044,LOF,0.020395334439719984,0.09781722554590908,0.8817874400143708
26045,LOF,0.07504712858300708,0.10996836075890588,0.814984510658087
26046,LOF,0.06465789069195174,0.10696217764742108,0.8283799316606272
26047,LOF,0.08695520952805862,0.11551042745720147,0.7975343630147399
26048,LOF,0.05307363125470371,0.05718619277864252,0.8897401759666537
26049,Neutral,0.9613133841468826,0.00936951105355084,0.029317104799566507
26050,Neutral,0.9456983675556692,0.012010579867875206,0.0422910525764556
26051,LOF,0.04542004542745118,0.3102723219174728,0.6443076326550761
26052,LOF,0.06927895368265398,0.3467747856761166,0.5839462606412295
26053,LOF,0.05181229975926585,0.14888514020220045,0.7993025600385337
26054,LOF,0.05794435362742075,0.0170638161213381,0.9249918302512412
26055,LOF,0.07626376689640224,0.013698563926075697,0.910037669177522
26056,LOF,0.06297574918136306,0.014879732705210763,0.9221445181134262
26057,LOF,0.03204197322624584,0.010636362334124606,0.9573216644396294
26058,LOF,0.03333362262495757,0.008346677208346111,0.9583197001666963
26059,LOF,0.2954698658801297,0.020363874711323244,0.6841662594085471
26060,LOF,0.028190041506944954,0.17211889880735445,0.7996910596857005
26061,LOF,0.01733242317940001,0.010283629454732374,0.9723839473658675
26062,LOF,0.010924531337810984,0.01737750318059636,0.9716979654815927
26063,LOF,0.024411982724259085,0.01058823239213081,0.9649997848836102
26064,LOF,0.023035809602128362,0.01710703731030834,0.9598571530875633
26065,LOF,0.02734968643893517,0.009326988723337313,0.9633233248377274
26066,LOF,0.022451747277295136,0.010132458777905362,0.9674157939447995
26067,LOF,0.03044635127357276,0.007368670468361732,0.9621849782580655
26068,LOF,0.05152891724333459,0.02759507291412183,0.9208760098425436
26069,LOF,0.26305490125029934,0.017925266365895094,0.7190198323838056
26070,LOF,0.3990409333156899,0.015091796983833427,0.5858672697004766
26071,LOF,0.025674369856528618,0.011150120347508707,0.9631755097959627
26072,LOF,0.02213625464307225,0.017187533788510366,0.9606762115684173
26073,LOF,0.0263005216119915,0.009912352526070454,0.9637871258619379
26074,Neutral,0.9128168686042041,0.005176310203135994,0.08200682119265999
26075,LOF,0.04564520182422735,0.013610114018450383,0.9407446841573222
26076,LOF,0.04793444058256162,0.0076119503835269196,0.9444536090339115
26077,LOF,0.00978107119649079,0.019689774358681092,0.970529154444828
26078,LOF,0.014356594064170778,0.010992597347800951,0.9746508085880282
26079,LOF,0.06400136264325568,0.016600391565380335,0.919398245791364
26080,LOF,0.062395414038691165,0.01664858399326033,0.9209560019680486
26081,LOF,0.04117424019649197,0.005593061045776622,0.9532326987577314
26082,LOF,0.016762393578163507,0.014578219140904836,0.9686593872809317
26083,LOF,0.13352196851926038,0.011093645972866674,0.855384385507873
26084,LOF,0.02967242802789074,0.01096656756054374,0.9593610044115655
26085,LOF,0.02526737843471391,0.010390527466667725,0.9643420940986183
26086,LOF,0.025854069617308104,0.010195400600546236,0.9639505297821456
26087,LOF,0.02878212370347763,0.0073677378820156715,0.9638501384145067
26088,LOF,0.016315667592467796,0.027611787852944453,0.9560725445545878
26089,LOF,0.047101812168843064,0.021488524507754972,0.931409663323402
26090,LOF,0.04572576027346622,0.016606351231407124,0.9376678884951266
26091,LOF,0.04244111895884386,0.005397443959678552,0.9521614370814776
26092,LOF,0.030721170793035317,0.007505941168354037,0.9617728880386106
26093,LOF,0.042216760433611965,0.005446015607635161,0.9523372239587528
26094,LOF,0.0467687055131792,0.005893408423586288,0.9473378860632345
26095,LOF,0.041441798128283316,0.012776557217762706,0.945781644653954
26096,LOF,0.02079595017303721,0.010603995013344955,0.9686000548136178
26097,LOF,0.012199322558994027,0.03359016994575293,0.954210507495253
26098,LOF,0.07353190834762481,0.009463069514918033,0.9170050221374572
26099,LOF,0.025985981448314984,0.0109199301452088,0.9630940884064763
26100,LOF,0.028127038992576726,0.010338734163893287,0.96153422684353
26101,LOF,0.06027608426767399,0.010462970180926484,0.9292609455513995
26102,LOF,0.026883612156497858,0.012368662917135818,0.9607477249263664
26103,Neutral,0.890345596155657,0.015498590435918887,0.09415581340842405
26104,LOF,0.08308515651489064,0.02270244759223747,0.8942123958928718
26105,LOF,0.20661049192274367,0.2965443923927915,0.4968451156844649
26106,LOF,0.20036803510530718,0.12099960473211774,0.6786323601625751
26107,LOF,0.2526081599825059,0.08855905196840176,0.6588327880490923
26108,LOF,0.21706368949893648,0.14369448039979277,0.6392418301012708
26109,LOF,0.11547867895044425,0.06857577236649033,0.8159455486830655
26110,LOF,0.25707375692394496,0.006837957609404011,0.736088285466651
26111,Neutral,0.5057182161846746,0.018562350904115472,0.47571943291120994
26112,LOF,0.03339340469625607,0.00783007033930227,0.9587765249644415
26113,LOF,0.052800392393773245,0.016298618765477346,0.9309009888407495
26114,LOF,0.028875306958251145,0.01809863802951884,0.95302605501223
26115,LOF,0.10416323899955289,0.04223310184921813,0.853603659151229
26116,LOF,0.06732799370846988,0.03661317840020971,0.8960588278913205
26117,LOF,0.4240630402351012,0.046106553558947314,0.5298304062059515
26118,LOF,0.03683390479819854,0.02383105058146255,0.9393350446203389
26119,LOF,0.02099814520520284,0.044260475976045044,0.9347413788187521
26120,LOF,0.03159315575506042,0.024409693535236202,0.9439971507097035
26121,LOF,0.04876112532924368,0.08582858927068182,0.8654102854000746
