feature0,prediction,LoGoFunc_Neutral,LoGoFunc_GOF,LoGoFunc_LOF
25546,Neutral,0.6199057265108443,0.05619186787890796,0.3239024056102477
25547,Neutral,0.5121227122816816,0.08697292572387606,0.4009043619944424
25548,Neutral,0.4982471955221234,0.07368382552738338,0.42806897895049323
25549,LOF,0.4537761731547309,0.0726193130303872,0.47360451381488194
25550,LOF,0.3373061913604647,0.10948440941606395,0.5532093992234713
25551,LOF,0.3148970692948963,0.11683301587071415,0.5682699148343895
25552,LOF,0.26652980177498786,0.11927975229384673,0.6141904459311653
25553,Neutral,0.7874105572842217,0.045767348304786945,0.16682209441099147
25554,LOF,0.3102407112685763,0.10812988957060746,0.5816293991608162
25555,LOF,0.26145360128622475,0.10066529003880888,0.6378811086749665
25556,LOF,0.4517661223600709,0.09295286243116481,0.4552810152087643
25557,LOF,0.2514489376872984,0.10770981318450375,0.6408412491281978
25558,LOF,0.31712118498629804,0.1054961172097251,0.5773826978039769
25559,LOF,0.30149154661225613,0.1278863432982994,0.5706221100894444
25560,LOF,0.1617307167926144,0.1204233949446491,0.7178458882627365
25561,LOF,0.15463950788220843,0.1359048853458056,0.7094556067719859
25562,LOF,0.06805104851476122,0.09111885643879311,0.8408300950464457
25563,LOF,0.02314688416988786,0.167136208388038,0.8097169074420741
25564,LOF,0.19838822709269716,0.15811002817691425,0.6435017447303886
25565,LOF,0.2369640635664141,0.12663402027213755,0.6364019161614484
25566,GOF,0.10414343074270582,0.6570029210491677,0.23885364820812646
25567,LOF,0.040075697239379204,0.17949473199839186,0.780429570762229
25568,LOF,0.05901072049575764,0.1035046610216422,0.8374846184826003
25569,LOF,0.05333712288447126,0.10592704117568921,0.8407358359398395
25570,LOF,0.025983521586524224,0.12381750430945382,0.8501989741040219
25571,LOF,0.02579557824552004,0.1297895971513623,0.8444148246031177
25572,LOF,0.058814012835468096,0.1509909741013722,0.7901950130631596
25573,LOF,0.06185932587754229,0.12043526040945271,0.817705413713005
25574,LOF,0.05784912464850648,0.227991890512556,0.7141589848389375
25575,LOF,0.022131952838285725,0.1491913176661987,0.8286767294955156
25576,LOF,0.029214975871937172,0.18519639450016917,0.7855886296278937
25577,LOF,0.029231687721208155,0.14351039365546617,0.8272579186233256
25578,LOF,0.30623050382164096,0.12167093689755194,0.5720985592808071
25579,LOF,0.134398305542818,0.13055397027584056,0.7350477241813415
25580,LOF,0.019496930668454076,0.11062694854572123,0.8698761207858247
25581,LOF,0.05499390119004391,0.09420381807758309,0.850802280732373
25582,LOF,0.0548673569189325,0.09272803250376538,0.8524046105773021
25583,LOF,0.02074233896020138,0.10645032314993196,0.8728073378898666
25584,Neutral,0.6985342448789814,0.14117859550876527,0.16028715961225348
25585,LOF,0.02607156095621253,0.18058985801880467,0.7933385810249829
25586,LOF,0.01690046184546332,0.09599528027342831,0.8871042578811084
25587,LOF,0.016605890105758147,0.08342993754623164,0.8999641723480102
25588,LOF,0.019427365535398176,0.0923812195643458,0.888191414900256
25589,Neutral,0.49267690210412807,0.23027460132828964,0.27704849656758235
25590,LOF,0.04344647019180222,0.15251999150098547,0.8040335383072122
25591,LOF,0.09123397940069994,0.08175379216704987,0.8270122284322502
25592,LOF,0.05209392394494562,0.1768122802522833,0.771093795802771
25593,LOF,0.1457802171377509,0.28230359754783024,0.5719161853144188
25594,LOF,0.04838349431016342,0.0743756309628246,0.877240874727012
25595,LOF,0.04737122774956921,0.04996488917787494,0.9026638830725557
25596,LOF,0.10026567400108706,0.02388682791421771,0.8758474980846953
25597,LOF,0.08335510325573102,0.029343172098245635,0.8873017246460233
25598,LOF,0.05322471730113324,0.05341593653110492,0.8933593461677618
25599,LOF,0.018911416664711987,0.4764141554372631,0.5046744278980249
25600,GOF,0.15714234644848296,0.4837524580566268,0.3591051954948903
25601,LOF,0.03924172167823782,0.37492885472849524,0.5858294235932671
25602,LOF,0.0365570412773538,0.06599415608883599,0.8974488026338102
25603,LOF,0.03366528772377991,0.03858495778965612,0.9277497544865638
25604,LOF,0.035898804252309034,0.07647352895577723,0.8876276667919138
25605,LOF,0.0369399388242479,0.18634266830577823,0.7767173928699738
25606,LOF,0.4168153992835785,0.11925519715339719,0.4639294035630243
25607,LOF,0.027454230023024634,0.1852935977838442,0.7872521721931313
25608,LOF,0.03484834586463149,0.07476005168406828,0.8903916024513001
25609,GOF,0.12143457963568163,0.5179621736754899,0.3606032466888285
25610,LOF,0.017397206577902554,0.02930518820892174,0.9532976052131757
25611,LOF,0.014604051003114198,0.03264974688946233,0.9527462021074236
25612,LOF,0.05333519660058452,0.04588003685590888,0.9007847665435066
25613,LOF,0.05028219866756805,0.045527986200008135,0.9041898151324239
25614,LOF,0.024343861687896658,0.02559895437153286,0.9500571839405706
25615,LOF,0.04643235556965846,0.047266968382397835,0.9063006760479436
25616,LOF,0.0525030422978881,0.02742104410602047,0.9200759135960914
25617,LOF,0.04526489253689425,0.03809874720835992,0.9166363602547459
25618,LOF,0.052515336906325816,0.03529131695475873,0.9121933461389156
25619,LOF,0.014297194320523673,0.035432390344727796,0.9502704153347485
25620,LOF,0.06151700647779218,0.04257041312253659,0.8959125803996711
25621,LOF,0.05907718258421585,0.040057761789727905,0.9008650556260562
25622,LOF,0.06718017957574801,0.035624647441287974,0.8971951729829639
25623,LOF,0.07558358381792794,0.029350146567674627,0.8950662696143974
25624,LOF,0.01984134418754164,0.033223277243137096,0.9469353785693213
25625,LOF,0.06191210445136569,0.041159882018946645,0.8969280135296878
25626,LOF,0.05303662840729051,0.04473358257829306,0.9022297890144165
25627,Neutral,0.893040760306411,0.020311340320022284,0.08664789937356675
25628,LOF,0.15154222236689782,0.06323307669542577,0.7852247009376765
25629,LOF,0.06537675867689208,0.05697967415528114,0.8776435671678268
25630,LOF,0.2667357900003701,0.08060983626074072,0.6526543737388891
25631,Neutral,0.5407643345420294,0.07055672233489813,0.38867894312307255
25632,LOF,0.024281083890245792,0.07369872515945355,0.9020201909503006
25633,LOF,0.1591694558505182,0.04173649753598469,0.7990940466134971
25634,LOF,0.031784299796667415,0.08902347758291254,0.87919222262042
25635,LOF,0.037044971485204414,0.043087467425315586,0.91986756108948
25636,LOF,0.033864988669258966,0.4143849919499324,0.5517500193808087
25637,GOF,0.0761294468663674,0.4772116212681371,0.44665893186549555
25638,LOF,0.026508016343465602,0.3599207853248221,0.6135711983317123
25639,LOF,0.030627598383830796,0.3510976978934029,0.6182747037227664
25640,Neutral,0.776720476349555,0.1740264388783468,0.04925308477209815
25641,GOF,0.06683714352935093,0.5295784908293089,0.40358436564134015
25642,LOF,0.05176863553834613,0.21346123416440918,0.7347701302972447
25643,LOF,0.1922116276120119,0.18251100158180292,0.6252773708061852
25644,LOF,0.024103429791246442,0.4554173011236366,0.5204792690851169
25645,LOF,0.028489813587252496,0.4101804615198318,0.5613297248929157
25646,LOF,0.0629159602184429,0.3358419826303657,0.6012420571511914
25647,LOF,0.03383204294177954,0.2706551281169902,0.6955128289412302
25648,LOF,0.04282189631821386,0.2755984922121011,0.6815796114696852
25649,LOF,0.018414249105003166,0.23873865906719624,0.7428470918278006
25650,LOF,0.05800118649958087,0.4128964466616031,0.5291023668388161
25651,LOF,0.020999023964505814,0.27929897611591453,0.6997019999195797
25652,LOF,0.0385068254069102,0.2676116494535707,0.6938815251395191
25653,LOF,0.09667352735364378,0.424323790626451,0.4790026820199053
25654,LOF,0.026843971166950264,0.2348476274488978,0.7383084013841519
25655,GOF,0.24091194412029146,0.4174454880899987,0.34164256778970986
25656,LOF,0.3591510240032655,0.08520708258618542,0.555641893410549
25657,LOF,0.06613534494671665,0.07520548337487495,0.8586591716784084
25658,LOF,0.3889339341908994,0.07948329064824604,0.5315827751608546
25659,Neutral,0.5415266777505287,0.10596035427105807,0.3525129679784132
25660,LOF,0.023011375855773137,0.08390409122687473,0.893084532917352
25661,LOF,0.10018859093778272,0.0609500855557829,0.8388613235064344
25662,LOF,0.03810821616181588,0.033994311257024054,0.9278974725811601
25663,LOF,0.045509633137928905,0.047236698419082,0.907253668442989
25664,LOF,0.1391413568400866,0.0672624912410307,0.7935961519188827
25665,LOF,0.052816879127342786,0.031045434178344215,0.9161376866943131
25666,LOF,0.09290990262619855,0.07135593094640229,0.8357341664273993
25667,LOF,0.0777402759911045,0.039212456575818996,0.8830472674330764
25668,LOF,0.03911504064652406,0.04761410316428454,0.9132708561891915
25669,LOF,0.03473605804688348,0.04836415309621334,0.9168997888569032
25670,LOF,0.15665050293491145,0.05810120217908518,0.7852482948860033
25671,LOF,0.11696236708632636,0.03675361706428357,0.84628401584939
25672,LOF,0.05086967097955777,0.042258406927157925,0.9068719220932844
25673,LOF,0.08506366507518769,0.05105082259694722,0.8638855123278649
25674,LOF,0.07460267716311904,0.06185104933139341,0.8635462735054875
25675,LOF,0.13731591024934056,0.060132582484595146,0.8025515072660643
25676,LOF,0.02029528738774079,0.05618080191437089,0.9235239106978884
25677,LOF,0.027431801679061753,0.07082215029003572,0.9017460480309025
25678,LOF,0.2281596652474015,0.06240567468898725,0.7094346600636112
25679,LOF,0.11758048180579755,0.07978485779233928,0.8026346604018633
25680,LOF,0.03476083849377009,0.11207412134723296,0.8531650401589969
25681,LOF,0.05552250127536129,0.10477344785959593,0.8397040508650427
25682,LOF,0.15476645581273799,0.0729714618253439,0.7722620823619181
25683,LOF,0.11371285667013571,0.09302490004285209,0.7932622432870122
25684,LOF,0.04601997227926997,0.07547518898346912,0.878504838737261
25685,LOF,0.13646472062379805,0.05468486367250631,0.8088504157036956
25686,LOF,0.08663009230428631,0.08765412448739611,0.8257157832083175
25687,LOF,0.1363586517208183,0.09153282909449272,0.772108519184689
25688,LOF,0.3400802953107788,0.034566617761714886,0.6253530869275062
25689,LOF,0.23678696242116037,0.04064489166666331,0.7225681459121763
25690,LOF,0.36140497767671614,0.03006444714629047,0.6085305751769934
25691,Neutral,0.7152936816480107,0.02411364957511655,0.2605926687768728
25692,LOF,0.3760943086136856,0.01045434879528216,0.6134513425910323
25693,LOF,0.05033127042416914,0.4186747234301394,0.5309940061456914
25694,LOF,0.11641370591606007,0.015137281281412162,0.8684490128025277
25695,LOF,0.11608442858127181,0.013995583276023413,0.8699199881427047
25696,LOF,0.13704466396710793,0.008731193904933354,0.8542241421279587
25697,LOF,0.08558548195851326,0.042556135353691786,0.871858382687795
25698,LOF,0.3293932365864441,0.15843795615830833,0.5121688072552476
25699,LOF,0.4653455351473261,0.040815366802912666,0.4938390980497613
25700,LOF,0.07185864619501516,0.009710411326941329,0.9184309424780436
25701,LOF,0.20259487578601612,0.04964134698231943,0.7477637772316644
25702,GOF,0.18100574594538166,0.5811605462433364,0.23783370781128194
25703,LOF,0.017702936583254638,0.1464310521669882,0.8358660112497571
25704,LOF,0.041271384245826256,0.10426252429084887,0.8544660914633249
25705,LOF,0.05208884923727835,0.1615915969230849,0.7863195538396367
25706,LOF,0.10279695941050392,0.43559699928204537,0.4616060413074507
25707,LOF,0.08040399230168471,0.3395857479353692,0.5800102597629461
25708,LOF,0.0340666612856977,0.31405171420246286,0.6518816245118395
25709,LOF,0.06929554375709683,0.044684197825930354,0.8860202584169727
25710,LOF,0.012272410689712208,0.15683525283142538,0.8308923364788624
25711,LOF,0.01993169104978096,0.10096393440851452,0.8791043745417045
25712,LOF,0.01470240178586388,0.19743274053175983,0.7878648576823764
25713,LOF,0.018901964248446222,0.09218354384261225,0.8889144919089416
25714,LOF,0.07920532413177941,0.08779891308598153,0.832995762782239
25715,LOF,0.011602449425853725,0.1637282905821703,0.8246692599919759
25716,LOF,0.013359515999830188,0.12352672752167763,0.8631137564784922
25717,LOF,0.01284780442396378,0.08910748099024933,0.8980447145857869
25718,LOF,0.012786055464925963,0.11291570114164837,0.8742982433934257
25719,LOF,0.01933088796105488,0.08319626921566532,0.8974728428232797
25720,LOF,0.02388359940626483,0.07638643402241145,0.8997299665713238
25721,LOF,0.015073101356381395,0.13053123725601498,0.8543956613876037
25722,LOF,0.01407981272395516,0.13956255477433166,0.8463576325017131
25723,LOF,0.022799983590944994,0.0494566262863113,0.9277433901227436
25724,LOF,0.03076373517195214,0.09512935750893897,0.874106907319109
25725,LOF,0.012250846362564585,0.07135306553858525,0.9163960880988503
25726,LOF,0.01565312355801944,0.12706121214275953,0.857285664299221
25727,LOF,0.013446281765702834,0.0960199022224057,0.8905338160118915
25728,LOF,0.01005260457582179,0.13413164379529116,0.855815751628887
25729,LOF,0.010456104848745621,0.13319657566485907,0.8563473194863953
25730,LOF,0.014080690483615857,0.09266972187694172,0.8932495876394425
25731,LOF,0.02173301777954043,0.11563566808345403,0.8626313141370056
25732,LOF,0.014475782664166822,0.08641247254338398,0.8991117447924493
25733,LOF,0.01600647382710939,0.08065104810012287,0.9033424780727677
25734,LOF,0.012819211104757575,0.13690673173481047,0.8502740571604319
25735,LOF,0.013821514044093531,0.09456538859093964,0.8916130973649669
25736,LOF,0.015176871386854961,0.10483968528150182,0.8799834433316432
25737,LOF,0.012511231185823275,0.09267237309357208,0.8948163957206048
25738,LOF,0.012824719388717319,0.1164041661889015,0.8707711144223811
25739,LOF,0.021454887820477244,0.08000990511595908,0.8985352070635637
25740,LOF,0.025374255489252796,0.1206132613222393,0.8540124831885079
25741,LOF,0.01520012538214417,0.12256220333536444,0.8622376712824914
25742,LOF,0.1252603395742209,0.0899290040352567,0.7848106563905224
25743,LOF,0.03652916350635402,0.03666311320575529,0.9268077232878907
25744,Neutral,0.552254161007166,0.22359938639419305,0.22414645259864105
25745,LOF,0.07373520978164123,0.07048405538881738,0.8557807348295414
25746,LOF,0.040755225589249294,0.08602827385779402,0.8732165005529566
25747,LOF,0.021557031768828717,0.05758120501802057,0.9208617632131507
25748,LOF,0.09554347222764845,0.08136729597055177,0.8230892318017998
25749,LOF,0.026361008521554746,0.08112187852724609,0.8925171129511992
25750,LOF,0.07904340886039984,0.08633293936301968,0.8346236517765804
25751,LOF,0.08931407424733727,0.0917538901527754,0.8189320355998874
25752,GOF,0.10128272100160506,0.6233237388875605,0.27539354011083433
25753,LOF,0.02041387046996033,0.280037631155705,0.6995484983743346
25754,GOF,0.012349534099638508,0.7979094954161083,0.18974097048425317
25755,LOF,0.024861679556165608,0.3812018054830939,0.5939365149607405
25756,LOF,0.04440263112634194,0.3595396561931036,0.5960577126805545
25757,GOF,0.014584137347861905,0.8316880752757152,0.15372778737642295
25758,GOF,0.028193466857872156,0.7966312873883162,0.17517524575381155
25759,GOF,0.011076402392012512,0.5811153807837403,0.40780821682424734
25760,LOF,0.011989973945416241,0.2650493451890048,0.7229606808655791
25761,GOF,0.2937871146719774,0.6165292135979455,0.08968367173007712
25762,LOF,0.03818368799888371,0.2786942822458741,0.6831220297552422
25763,LOF,0.014203706895766291,0.209411158252312,0.7763851348519217
25764,GOF,0.07656379640772917,0.6402833125966094,0.2831528909956613
25765,GOF,0.041146646914643564,0.7405427589639682,0.21831059412138817
25766,GOF,0.07017873803280357,0.7202681442360082,0.2095531177311883
25767,GOF,0.15054966470617562,0.5556748375656775,0.2937754977281469
25768,LOF,0.1038389799787684,0.0638573397952916,0.83230368022594
25769,LOF,0.06206973033030414,0.05647647641611863,0.8814537932535771
25770,LOF,0.331604784786882,0.10063391411753685,0.5677613010955811
25771,LOF,0.04154266101596318,0.048909834150136444,0.9095475048339005
25772,LOF,0.018924615863275963,0.040330454807394576,0.9407449293293295
25773,LOF,0.04421521574523344,0.10471803868330026,0.8510667455714662
25774,LOF,0.029299813136594795,0.07293537554020893,0.8977648113231963
25775,LOF,0.04900962492086227,0.04574961227635071,0.905240762802787
25776,LOF,0.08063131586193661,0.026297380098873672,0.8930713040391897
25777,LOF,0.39087247659320756,0.06040251856480967,0.5487250048419827
25778,LOF,0.07851850908625177,0.046588928639889976,0.8748925622738583
25779,GOF,0.3479114510879933,0.608337077481079,0.04375147143092776
25780,GOF,0.2913144756836438,0.6400257311005657,0.06865979321579052
25781,GOF,0.1255049402203868,0.7686630574634519,0.10583200231616136
25782,GOF,0.19981329738233555,0.7234719512923762,0.07671475132528814
25783,GOF,0.021072291056877406,0.6248566058903017,0.3540711030528209
25784,GOF,0.4761678349360942,0.4823848539687501,0.041447311095155794
25785,GOF,0.4436362644839676,0.5162195537704849,0.04014418174554747
25786,GOF,0.023762382434454558,0.7642019464493649,0.2120356711161805
25787,Neutral,0.6198000925142229,0.35562583529069314,0.024574072195083927
25788,LOF,0.055977883149152766,0.10707974035994478,0.8369423764909024
25789,GOF,0.1952274379126171,0.6763118329996222,0.12846072908776082
25790,GOF,0.2068903233566963,0.7009185162971004,0.0921911603462032
25791,GOF,0.17780796964773712,0.6597214642911474,0.1624705660611153
25792,GOF,0.3645882448138098,0.515685055563242,0.1197266996229482
25793,GOF,0.22819103757661235,0.5578744356941651,0.2139345267292226
25794,GOF,0.2855858512102019,0.5422122147109392,0.17220193407885895
25795,GOF,0.07892593466749528,0.6891031049373257,0.2319709603951791
25796,Neutral,0.5426546800747469,0.3832232459265135,0.07412207399873955
25797,GOF,0.08487312109383828,0.5388603136263461,0.3762665652798155
25798,GOF,0.009370456934105426,0.5098556571626046,0.48077388590329
25799,LOF,0.007058265525589928,0.40212441362236934,0.5908173208520409
25800,GOF,0.03616254937407125,0.594496546974754,0.36934090365117483
25801,GOF,0.20259300895099006,0.6789945057584568,0.11841248529055323
25802,GOF,0.06734383545186845,0.6909873609197638,0.24166880362836785
25803,GOF,0.03398203423156391,0.5806800973550262,0.38533786841340983
25804,GOF,0.03064289631415183,0.5074575558681221,0.461899547817726
25805,GOF,0.08792542434590679,0.6023557125368842,0.309718863117209
25806,GOF,0.10089585143790367,0.6050163625266688,0.2940877860354276
25807,GOF,0.018176257238665148,0.6152327141061557,0.3665910286551791
25808,GOF,0.07160623650627668,0.6388564403298205,0.28953732316390285
25809,GOF,0.020511275722185068,0.6015101218987253,0.37797860237908953
25810,GOF,0.01822578775502165,0.6166607784582063,0.3651134337867719
25811,GOF,0.45605215629822166,0.4718088021836928,0.07213904151808552
25812,GOF,0.0358447857742178,0.6464421163780162,0.317713097847766
25813,Neutral,0.49986275345284387,0.4093545914004501,0.09078265514670592
25814,GOF,0.11335744938390938,0.6773027758745668,0.20933977474152385
25815,GOF,0.1847574414228396,0.6359014319005208,0.17934112667663948
25816,GOF,0.02341499409649953,0.7005018049831893,0.2760832009203111
25817,GOF,0.22531958540175479,0.6553934424014272,0.11928697219681811
25818,GOF,0.04666045014295423,0.6301549594159612,0.32318459044108444
25819,GOF,0.3366695945240367,0.5165621991928261,0.1467682062831372
25820,GOF,0.1581351275363486,0.6166071071371676,0.22525776532648395
25821,GOF,0.05954401033833788,0.6721034162784446,0.2683525733832176
25822,GOF,0.20009928213847353,0.5670659883102314,0.23283472955129497
25823,GOF,0.03080630977988701,0.5039284052313098,0.4652652849888032
25824,GOF,0.07619268286483837,0.5654511973211523,0.3583561198140092
25825,GOF,0.03237269561599729,0.5536876944891721,0.41393960989483075
25826,GOF,0.013347496618096623,0.5275878089280819,0.4590646944538214
25827,GOF,0.022222696478231798,0.5996940682478442,0.378083235273924
25828,GOF,0.013657683998804111,0.5068348881702748,0.47950742783092115
25829,GOF,0.006230058532863648,0.5722770915050787,0.4214928499620578
25830,LOF,0.03322647623625348,0.316504400905649,0.6502691228580976
25831,GOF,0.19353161373293828,0.6852054255506002,0.12126296071646153
25832,GOF,0.030436751095259475,0.6708110182878955,0.29875223061684497
25833,GOF,0.1180602254353032,0.704316871955192,0.17762290260950486
25834,GOF,0.039491827598779755,0.6864561550976774,0.2740520173035427
25835,GOF,0.0825412522682313,0.7323351375637062,0.18512361016806253
25836,GOF,0.041733246319491796,0.6812131474893267,0.2770536061911815
25837,GOF,0.02724942934240629,0.5639675294168685,0.40878304124072523
25838,GOF,0.08683948128177041,0.7461080532640049,0.16705246545422459
25839,GOF,0.29827887390648306,0.5516408703363453,0.15008025575717163
25840,GOF,0.19590918508365454,0.648204054555409,0.15588676036093657
25841,GOF,0.22093433055454362,0.6366637876403599,0.14240188180509644
25842,GOF,0.18711836341748123,0.6634009224725863,0.14948071410993244
25843,GOF,0.258772136944018,0.6416484809282914,0.09957938212769053
25844,GOF,0.0729155576661325,0.6839872184497582,0.24309722388410937
25845,LOF,0.016279158075862128,0.4705722735206924,0.5131485684034455
25846,GOF,0.12805156883724567,0.7147755045241422,0.1571729266386122
25847,GOF,0.11020395286352337,0.7712268421907359,0.11856920494574066
25848,GOF,0.034957902650729164,0.6839629966822509,0.28107910066701997
25849,GOF,0.010969948915079587,0.5575256269383303,0.4315044241465902
25850,GOF,0.02011380500830193,0.6173983747188293,0.36248782027286885
25851,GOF,0.016774729648663538,0.5169846612468909,0.4662406091044454
25852,GOF,0.1633892305541092,0.5649988862593428,0.2716118831865479
25853,GOF,0.3308833644945632,0.602050535353768,0.06706610015166893
25854,GOF,0.020383460417229337,0.6136289771155505,0.36598756246722003
25855,GOF,0.0356980344729009,0.5593947060214438,0.40490725950565526
25856,GOF,0.23809555508910923,0.5398618808009028,0.22204256410998807
25857,GOF,0.03726736575309361,0.4831227380016941,0.4796098962452123
25858,GOF,0.018778180861709542,0.5452674768369757,0.4359543423013148
25859,GOF,0.010470437464136636,0.5356309633035299,0.4538985992323335
25860,GOF,0.32814968560787855,0.5927058670360097,0.07914444735611177
25861,GOF,0.4121631318623625,0.5076125743241454,0.08022429381349211
25862,GOF,0.0926058883133222,0.7694091564634955,0.13798495522318233
25863,GOF,0.09377016068562836,0.782768481238116,0.12346135807625554
25864,GOF,0.21108244963680683,0.7126805081911095,0.07623704217208371
25865,GOF,0.08317112726256223,0.8084444607436487,0.10838441199378915
25866,GOF,0.06543982228082945,0.806546453767418,0.1280137239517527
25867,GOF,0.08886301839872399,0.8169794093859016,0.09415757221537446
25868,GOF,0.28062214832904053,0.623435419212701,0.09594243245825851
25869,Neutral,0.6848109160244839,0.275767259729622,0.039421824245894126
25870,GOF,0.2999002613940525,0.36198308057973616,0.33811665802621127
25871,GOF,0.1959465946509019,0.6312474795438572,0.17280592580524087
25872,GOF,0.077125086553628,0.6686667106109889,0.25420820283538303
25873,GOF,0.1252662685020723,0.6956122739606483,0.17912145753727945
25874,LOF,0.018048050248928547,0.12016284270403606,0.8617891070470355
25875,LOF,0.10471549858642752,0.031761305848962744,0.8635231955646098
25876,LOF,0.03618415245990649,0.03425399332894773,0.9295618542111459
25877,Neutral,0.5193392690549592,0.0368916269311492,0.4437691040138916
25878,LOF,0.23658168193651427,0.07029849405588089,0.6931198240076049
25879,LOF,0.09537840326211294,0.07333606620171476,0.8312855305361723
25880,LOF,0.022989425283963177,0.015078621140472268,0.9619319535755646
25881,LOF,0.16699134398154097,0.09277004384832734,0.7402386121701318
25882,LOF,0.06624583058041134,0.015849377018053865,0.9179047924015349
25883,LOF,0.07549840016757373,0.01911707017105937,0.9053845296613668
25884,LOF,0.03449434265022979,0.03103083036067467,0.9344748269890957
25885,LOF,0.06604557579628217,0.01232654015655682,0.921627884047161
25886,LOF,0.25504695133566446,0.0331651772722539,0.7117878713920817
25887,LOF,0.1436279447545577,0.05654620286362354,0.7998258523818188
25888,LOF,0.06494219597946171,0.05141325432575227,0.8836445496947861
25889,LOF,0.04483913935910733,0.01913440933071958,0.9360264513101731
25890,LOF,0.05392270821437897,0.14248532788164855,0.8035919639039725
25891,LOF,0.038854291904776836,0.05934492420306591,0.9018007838921573
25892,LOF,0.086128149543826,0.022205155033752474,0.8916666954224215
25893,LOF,0.2294726747593372,0.02001421307214595,0.7505131121685169
25894,LOF,0.18376951657194185,0.01071558542109862,0.8055148980069595
25895,LOF,0.21309886765908095,0.019256250736761966,0.7676448816041571
25896,LOF,0.050489721871588504,0.028275511978921156,0.9212347661494904
25897,LOF,0.2540189903217735,0.012307903371230531,0.7336731063069959
25898,Neutral,0.7141183518913771,0.010010384869925237,0.27587126323869765
25899,LOF,0.20925968820772384,0.02826888873952969,0.7624714230527464
25900,LOF,0.4340609528210484,0.01806425989323927,0.5478747872857124
25901,LOF,0.045625143292481504,0.01509880675790414,0.9392760499496143
25902,LOF,0.14970922859983155,0.01490133779021808,0.8353894336099503
25903,Neutral,0.536599572494667,0.029806992347808144,0.43359343515752485
25904,LOF,0.25974614920075934,0.06372156374577596,0.6765322870534647
25905,LOF,0.02547699655219064,0.3163013605108235,0.6582216429369858
25906,LOF,0.02793920964310746,0.0716081083065936,0.9004526820502989
25907,LOF,0.013181472795868319,0.3365769824840804,0.6502415447200514
25908,LOF,0.01102321329461777,0.2457002662142899,0.7432765204910923
25909,LOF,0.01391435196608656,0.13641295158864464,0.8496726964452688
25910,LOF,0.05385545967052367,0.14255259248793864,0.8035919478415378
25911,LOF,0.19112206131767046,0.025609166351273374,0.7832687723310562
25912,LOF,0.043605965378937205,0.04093693138487765,0.9154571032361852
25913,LOF,0.3338121327269536,0.02075823603176154,0.6454296312412848
25914,LOF,0.021495668853722484,0.09199353128443413,0.8865107998618434
25915,Neutral,0.5106835499710535,0.2760461637004365,0.21327028632851008
25916,LOF,0.07113886164344338,0.3232427831399768,0.6056183552165798
25917,LOF,0.06199863602235888,0.07352731663690973,0.8644740473407313
25918,LOF,0.028508820583402858,0.06024869630494724,0.91124248311165
25919,LOF,0.02357750584540334,0.06488540438019405,0.9115370897744027
25920,GOF,0.0976316928916559,0.5252687011142195,0.37709960599412456
25921,LOF,0.02557456746217753,0.03348728080152358,0.9409381517362989
25922,LOF,0.03495463766227894,0.02550003197168588,0.9395453303660352
25923,LOF,0.41199024613383833,0.025142074446411884,0.5628676794197498
25924,LOF,0.03821932080728738,0.040829257005718676,0.920951422186994
25925,LOF,0.0721479918448457,0.03303010820521105,0.8948218999499432
25926,LOF,0.05286786851230249,0.02703483322017744,0.9200972982675202
25927,LOF,0.07410922817479777,0.08657268194924785,0.8393180898759544
25928,LOF,0.01990643468417787,0.043474473570123004,0.9366190917456991
25929,Neutral,0.5179658343503405,0.02748122222314969,0.4545529434265098
25930,LOF,0.053391823970632434,0.023739916602236736,0.9228682594271308
25931,LOF,0.025121528325690153,0.02540746017273247,0.9494710115015774
25932,LOF,0.026841106748872492,0.021872189296231123,0.9512867039548965
25933,LOF,0.038332169298090586,0.016880835601984542,0.9447869950999248
25934,LOF,0.02512743500776783,0.02033051738518685,0.9545420476070454
25935,LOF,0.06313366613904427,0.03750027914048094,0.8993660547204748
25936,LOF,0.04494117061814397,0.021082418016990165,0.933976411364866
25937,LOF,0.027344899219900312,0.030690121464037875,0.9419649793160618
25938,LOF,0.06794030111078304,0.03896476745133348,0.8930949314378835
25939,LOF,0.041106095342596564,0.016519311254119744,0.9423745934032838
25940,LOF,0.029956917498168156,0.41336875731356143,0.5566743251882704
25941,LOF,0.18898596709782634,0.07261312264727972,0.7384009102548938
25942,LOF,0.01551604272974617,0.0344513114915398,0.9500326457787142
25943,LOF,0.30346252167577026,0.05662291673642724,0.6399145615878026
25944,Neutral,0.5030707188861663,0.02174582527979782,0.47518345583403593
25945,LOF,0.06834947190389119,0.022904078477340405,0.9087464496187685
25946,LOF,0.026826688910756714,0.13450983932864177,0.8386634717606015
25947,LOF,0.10371611192536556,0.22295614870366162,0.6733277393709728
25948,LOF,0.43785547698492194,0.010809390026556877,0.5513351329885212
25949,LOF,0.10122120916344796,0.03965399980061114,0.8591247910359409
25950,GOF,0.2591234414619542,0.3934744270215524,0.3474021315164935
25951,LOF,0.2428590997700513,0.22883965285330402,0.5283012473766446
25952,LOF,0.04692478002732521,0.4300257896244711,0.5230494303482037
25953,LOF,0.1379903305987189,0.10427085797432704,0.7577388114269541
25954,Neutral,0.45022423247189036,0.15587740386062546,0.3938983636674842
25955,LOF,0.05978363384967537,0.08280100633098457,0.8574153598193401
25956,LOF,0.19358980572149315,0.11415718622195369,0.6922530080565532
25957,LOF,0.03468851101790168,0.03335074640597007,0.9319607425761284
25958,LOF,0.06072306420819279,0.031443564762055835,0.9078333710297515
25959,LOF,0.06490787684260321,0.3563233771686442,0.5787687459887526
25960,LOF,0.01863069631751104,0.0561574052333766,0.9252118984491123
25961,LOF,0.05131201720621538,0.03235663987625826,0.9163313429175265
25962,LOF,0.06369566446769964,0.025614030672161746,0.9106903048601386
25963,LOF,0.0491083271251827,0.16601712680517464,0.7848745460696427
25964,LOF,0.040126230253759616,0.16374805068101406,0.7961257190652262
25965,Neutral,0.4640540278525872,0.08752909189696667,0.4484168802504462
25966,Neutral,0.46870673337078833,0.09786378523843858,0.4334294813907732
25967,LOF,0.012863139230570394,0.06017611259292685,0.9269607481765026
25968,LOF,0.026660952658350112,0.44271842783637066,0.5306206195052792
25969,LOF,0.02617397514906677,0.061897323050484676,0.9119287018004485
25970,LOF,0.05813649102668507,0.0560309423310073,0.8858325666423076
25971,LOF,0.08058328015532992,0.015431196900023172,0.9039855229446468
25972,LOF,0.07652372572385731,0.021086349275025208,0.9023899250011174
25973,LOF,0.07179985032634764,0.01110117958664565,0.9170989700870067
25974,LOF,0.21974878659693625,0.01728933282771851,0.7629618805753453
25975,LOF,0.047706997105029375,0.032888925656099334,0.9194040772388714
25976,LOF,0.041674576457127833,0.019153328834849433,0.9391720947080227
25977,LOF,0.1368214305524028,0.10216860927955963,0.7610099601680376
25978,LOF,0.1378377716105858,0.08117844659189338,0.7809837817975208
25979,LOF,0.13138674394680347,0.07821856869240537,0.7903946873607912
25980,LOF,0.2132135958197488,0.10390175816703819,0.682884646013213
25981,LOF,0.2502354780395657,0.10079326581420193,0.6489712561462324
25982,LOF,0.41991518255256893,0.06038627714331117,0.51969854030412
25983,LOF,0.3855751354909734,0.068764102380922,0.5456607621281047
25984,LOF,0.04985101015812461,0.04525524285411097,0.9048937469877644
25985,LOF,0.040601514135300075,0.23083483843522956,0.7285636474294703
25986,LOF,0.04362461303670058,0.2530940272690225,0.703281359694277
25987,LOF,0.07821979483500732,0.06653692319571815,0.8552432819692745
25988,LOF,0.14752010988475428,0.04777786703594275,0.8047020230793029
25989,LOF,0.030503476836095535,0.0952561390214661,0.8742403841424384
25990,LOF,0.04138426820524725,0.11804465294450854,0.8405710788502442
25991,LOF,0.151929881505331,0.2798246217403188,0.5682454967543502
25992,LOF,0.33813614130892233,0.14376042209140794,0.5181034365996697
25993,LOF,0.022290423209950748,0.07452464814897172,0.9031849286410776
25994,LOF,0.01682726549797364,0.1103616812385089,0.8728110532635174
25995,LOF,0.025573267960060552,0.23009373464815525,0.7443329973917842
25996,GOF,0.2906463950452307,0.4472102438638121,0.2621433610909572
25997,LOF,0.08307641806707863,0.42362285134360167,0.49330073058931967
25998,Neutral,0.5247082883061727,0.019833359094716865,0.45545835259911044
25999,LOF,0.1132129804899702,0.11363585959908552,0.7731511599109443
26000,LOF,0.17752096808791537,0.038076056646389606,0.7844029752656949
26001,LOF,0.20190382686837785,0.031332283237331504,0.7667638898942906
26002,LOF,0.16665972273093876,0.03990537171100814,0.7934349055580531
26003,GOF,0.01052161111707971,0.5359042215058705,0.45357416737704986
26004,GOF,0.021758340863964443,0.5814355577791893,0.3968061013568462
26005,LOF,0.008723622864756536,0.4138669127924644,0.5774094643427792
26006,Neutral,0.5236531221662484,0.20612154701940108,0.27022533081435046
26007,GOF,0.02167876324383759,0.503162170879616,0.47515906587654644
26008,GOF,0.020447930992538263,0.606365703547725,0.3731863654597366
26009,GOF,0.02267309106899856,0.6487918741785977,0.3285350347524036
26010,GOF,0.026164159061829992,0.5993593426010704,0.3744764983370996
26011,LOF,0.007742636046725215,0.4232848104063788,0.568972553546896
26012,GOF,0.014043183758887983,0.5521276826659138,0.43382913357519803
26013,GOF,0.018779968650656422,0.5837410170319216,0.3974790143174219
26014,LOF,0.04574766125928703,0.11714501579439704,0.8371073229463158
26015,LOF,0.22123912461201178,0.009371181003485381,0.7693896943845028
26016,LOF,0.20504050525948583,0.04415248717787654,0.7508070075626376
26017,LOF,0.21308457355129892,0.06933846717627017,0.7175769592724309
26018,LOF,0.08949913046760438,0.026458084449944047,0.8840427850824516
26019,LOF,0.08456256694712254,0.02074601988418489,0.8946914131686925
26020,LOF,0.0691149124193615,0.08632455063935915,0.8445605369412794
26021,LOF,0.042059170753832906,0.10399174498324822,0.8539490842629189
26022,LOF,0.011093045715551118,0.032870944566885156,0.9560360097175638
26023,LOF,0.10271494949983463,0.019095728212991953,0.8781893222871734
26024,LOF,0.02655919825621879,0.10807629122800701,0.8653645105157742
26025,LOF,0.15543372260230487,0.08000361234268791,0.7645626650550071
26026,LOF,0.3336750458205052,0.025747500951592173,0.6405774532279025
26027,LOF,0.07883565153668752,0.013698396225618564,0.907465952237694
26028,LOF,0.1550080452872652,0.06128417464929676,0.783707780063438
26029,LOF,0.08065908483679798,0.20808981608132132,0.7112510990818806
26030,LOF,0.025032289909651194,0.07953297156721408,0.8954347385231347
26031,LOF,0.031396379205010684,0.15475818621253198,0.8138454345824573
26032,LOF,0.06822456247838796,0.08563993603952291,0.846135501482089
26033,LOF,0.11819911130583903,0.11482528965031151,0.7669755990438494
26034,LOF,0.04926506171330672,0.16364856709617526,0.7870863711905182
26035,LOF,0.02885422017372368,0.1559194494018118,0.8152263304244646
26036,LOF,0.0437524588317325,0.1845020148931734,0.7717455262750942
26037,LOF,0.02330789306126929,0.12334611092431276,0.8533459960144179
26038,LOF,0.06390388827858708,0.09104523663659461,0.8450508750848184
26039,LOF,0.057614802822059503,0.16500267264485613,0.7773825245330844
26040,LOF,0.21907806644548214,0.1775283331238379,0.60339360043068
26041,LOF,0.02478948322056335,0.11809527497912614,0.8571152418003106
26042,LOF,0.02343533654198826,0.11382136580579254,0.8627432976522192
26043,LOF,0.06379059746804298,0.11009235650660457,0.8261170460253525
26044,LOF,0.022722020730223964,0.09572802138266226,0.8815499578871138
26045,LOF,0.0730937558157133,0.10962830873610827,0.8172779354481785
26046,LOF,0.06489521397154605,0.10760909727242113,0.8274956887560329
26047,LOF,0.08706864890024027,0.11445669039613053,0.7984746607036292
26048,LOF,0.04769990405115939,0.06170459924046986,0.8905954967083707
26049,Neutral,0.9621496346960641,0.008714830277268366,0.02913553502666744
26050,Neutral,0.9497440295323489,0.01134992772344519,0.03890604274420592
26051,LOF,0.05269085791524464,0.2917242172520335,0.6555849248327219
26052,LOF,0.07581184860410568,0.33949097759316393,0.5846971738027305
26053,LOF,0.05290757564022319,0.15420969272906704,0.7928827316307099
26054,LOF,0.05646440713893648,0.01666214284013603,0.9268734500209275
26055,LOF,0.0764720721521932,0.014141494908856533,0.9093864329389503
26056,LOF,0.06134279051473815,0.015295132634188675,0.9233620768510732
26057,LOF,0.030081583681427486,0.011599745543063315,0.9583186707755093
26058,LOF,0.03121090381559427,0.009039330996622819,0.9597497651877829
26059,LOF,0.30633877446799923,0.022941027514473345,0.6707201980175275
26060,LOF,0.035764287037261824,0.18283252282599446,0.7814031901367436
26061,LOF,0.020916452333641082,0.010068861895622611,0.9690146857707362
26062,LOF,0.012231605688479072,0.01625423102757884,0.9715141632839421
26063,LOF,0.02306663751486823,0.011635568672510184,0.9652977938126215
26064,LOF,0.02213201649185779,0.021710439037867704,0.9561575444702746
26065,LOF,0.025149020774753034,0.00988954542658699,0.96496143379866
26066,LOF,0.021437358846944737,0.010838406098792287,0.967724235054263
26067,LOF,0.028795872562927444,0.008225149437168323,0.9629789779999043
26068,LOF,0.0457310660310099,0.030991391953091387,0.9232775420158986
26069,LOF,0.25678938963918135,0.019373443818971783,0.7238371665418468
26070,LOF,0.42424633607391043,0.015413061917196127,0.5603406020088934
26071,LOF,0.02462946564304257,0.01118055960929672,0.9641899747476608
26072,LOF,0.024339741442780154,0.016671877845320402,0.9589883807118994
26073,LOF,0.025562022456910534,0.01041527331100938,0.96402270423208
26074,Neutral,0.9091649195522642,0.005537651207973044,0.08529742923976279
26075,LOF,0.04537471646834547,0.01412430627954694,0.9405009772521075
26076,LOF,0.04601201745943418,0.008335133168163141,0.9456528493724026
26077,LOF,0.011567133410386496,0.018987689892772133,0.9694451766968415
26078,LOF,0.014909487215234187,0.011411648800581584,0.9736788639841841
26079,LOF,0.06015120062818122,0.01653583451386085,0.923312964857958
26080,LOF,0.05912286527893069,0.0166038441634689,0.9242732905576003
26081,LOF,0.03750213881406031,0.0061640685622611855,0.9563337926236786
26082,LOF,0.016176764868172117,0.016423805452603725,0.9673994296792242
26083,LOF,0.13052606176543563,0.012153378955275388,0.857320559279289
26084,LOF,0.02960881042491731,0.011428277868862564,0.9589629117062202
26085,LOF,0.025297975300897245,0.01091702776438579,0.9637849969347171
26086,LOF,0.024951510545683692,0.010556380562995448,0.964492108891321
26087,LOF,0.029553003080850813,0.008231763416348173,0.9622152335028011
26088,LOF,0.0170327345386917,0.02707803743432992,0.9558892280269785
26089,LOF,0.04622719881985444,0.020417422979777534,0.9333553782003681
26090,LOF,0.04527345724249173,0.01637503552575954,0.9383515072317486
26091,LOF,0.03935595101151463,0.006010163153068674,0.9546338858354166
26092,LOF,0.027230656689236205,0.008013272931770253,0.9647560703789936
26093,LOF,0.04127641294911922,0.005778259520793768,0.952945327530087
26094,LOF,0.04373133539752787,0.005538238027009815,0.9507304265754623
26095,LOF,0.04993465786696787,0.011960232167197549,0.9381051099658346
26096,LOF,0.019524704460643173,0.012108763121674172,0.9683665324176827
26097,LOF,0.013135898087222358,0.036281848154038454,0.9505822537587393
26098,LOF,0.0741754919999495,0.009391977341300251,0.9164325306587503
26099,LOF,0.026158362124713296,0.011133696036873406,0.9627079418384134
26100,LOF,0.028192017750015633,0.010879914939796011,0.9609280673101884
26101,LOF,0.05696892673565113,0.013327394911275395,0.9297036783530734
26102,LOF,0.02618098758343564,0.013230400148779811,0.9605886122677846
26103,Neutral,0.8909191197384254,0.01649925072171839,0.0925816295398562
26104,LOF,0.08229702827363727,0.02350610809007576,0.8941968636362869
26105,LOF,0.1927723208703609,0.29915722040981996,0.5080704587198192
26106,LOF,0.2099515396737971,0.12632464628734827,0.6637238140388546
26107,LOF,0.2238361518705405,0.09237524743930546,0.683788600690154
26108,LOF,0.2466568910034544,0.12132109338768092,0.6320220156088646
26109,LOF,0.11726891600607442,0.07680618243196304,0.8059249015619625
26110,LOF,0.28234336563253704,0.006893617889989112,0.7107630164774739
26111,Neutral,0.4959425710946834,0.014973078841129164,0.48908435006418743
26112,LOF,0.032802263850365616,0.006857247394059918,0.9603404887555744
26113,LOF,0.05227852305193469,0.013642381884782364,0.9340790950632829
26114,LOF,0.02783088409727182,0.01676208960810865,0.9554070262946195
26115,LOF,0.09469912326724939,0.03815787291757602,0.8671430038151746
26116,LOF,0.06870816286683619,0.037400781810053636,0.8938910553231101
26117,LOF,0.44992732075996644,0.043236943572473624,0.5068357356675599
26118,LOF,0.03682228538553731,0.0247626662683847,0.9384150483460779
26119,LOF,0.026947104518345123,0.039033777540104224,0.9340191179415507
26120,LOF,0.030361630899801803,0.021643206438196647,0.9479951626620015
26121,LOF,0.054247818642114455,0.08773407029773896,0.8580181110601466
26122,LOF,0.044599950341733405,0.04196972461634985,0.9134303250419167
