feature0,prediction,LoGoFunc_Neutral,LoGoFunc_GOF,LoGoFunc_LOF
25546,Neutral,0.657444593321615,0.05663731109362907,0.28591809558475595
25547,Neutral,0.496449698482199,0.1018471985539917,0.4017031029638093
25548,Neutral,0.49708718921146544,0.08715306550100087,0.4157597452875338
25549,LOF,0.4259315759463259,0.08863889111010577,0.48542953294356816
25550,LOF,0.35910225117296557,0.11274782173390306,0.5281499270931314
25551,LOF,0.3204257661012896,0.1185904217312558,0.5609838121674546
25552,LOF,0.2659473687005465,0.11473402215954479,0.6193186091399087
25553,Neutral,0.8267439861381115,0.04176585663464423,0.13149015722724441
25554,LOF,0.3042409851004313,0.10684056518813162,0.588918449711437
25555,LOF,0.2567083667079943,0.10329062836098123,0.6400010049310245
25556,Neutral,0.4618098761706275,0.09003715140159418,0.4481529724277782
25557,LOF,0.24261298855617974,0.10333666261907658,0.6540503488247437
25558,LOF,0.3060324335786817,0.10245711837497583,0.5915104480463425
25559,LOF,0.17486548387815495,0.14071240141879238,0.6844221147030526
25560,LOF,0.16699169008439943,0.08606092855493569,0.746947381360665
25561,LOF,0.16607958465467282,0.0927720324891157,0.7411483828562114
25562,LOF,0.08137056521263229,0.06409413206782566,0.854535302719542
25563,LOF,0.020997373775829692,0.13645268829984689,0.8425499379243234
25564,LOF,0.22895918194375342,0.10748226871688868,0.6635585493393579
25565,LOF,0.21777662393166985,0.13918935979136163,0.6430340162769685
25566,GOF,0.09096753514334123,0.7085705035986578,0.20046196125800111
25567,LOF,0.03753722696799599,0.12525318059955426,0.8372095924324497
25568,LOF,0.061528220198847135,0.06798953344524417,0.8704822463559088
25569,LOF,0.05665120405798662,0.06984738815793408,0.8735014077840794
25570,LOF,0.024976651579904616,0.09346080298997289,0.8815625454301226
25571,LOF,0.024346714113640804,0.09930818006853924,0.8763451058178199
25572,LOF,0.0609502052917312,0.10576509327583311,0.8332847014324356
25573,LOF,0.05233719963919313,0.07890554522486477,0.8687572551359422
25574,LOF,0.05485724681457288,0.18081830781902658,0.7643244453664005
25575,LOF,0.02035591138719866,0.1073422346179504,0.872301853994851
25576,LOF,0.031601302222250785,0.1413857624037966,0.8270129353739527
25577,LOF,0.029896135271555737,0.10515040221214131,0.8649534625163029
25578,LOF,0.2802964724973805,0.07893994138587539,0.6407635861167441
25579,LOF,0.13131392807475287,0.08335315270363897,0.7853329192216082
25580,LOF,0.01729290342000764,0.07424936605705702,0.9084577305229354
25581,LOF,0.05622125316429474,0.06408782840646282,0.8796909184292425
25582,LOF,0.055794385477755844,0.06267294949473923,0.8815326650275048
25583,LOF,0.019472382070471063,0.08058847187077957,0.8999391460587495
25584,Neutral,0.6705395163559108,0.09891183693773428,0.2305486467063549
25585,LOF,0.02654800303087485,0.11370801311837839,0.8597439838507467
25586,LOF,0.016617952752618063,0.05986282755511761,0.9235192196922642
25587,LOF,0.01639535705897251,0.05563055420096901,0.9279740887400584
25588,LOF,0.018615354925957214,0.06495074646068341,0.9164338986133593
25589,Neutral,0.512494370584772,0.1914279025149206,0.2960777269003073
25590,LOF,0.047025055152314324,0.09505729511857333,0.8579176497291124
25591,LOF,0.09999503742282631,0.05321111377684495,0.8467938488003287
25592,LOF,0.05382494042495664,0.11912996446404925,0.8270450951109941
25593,LOF,0.13954206930566876,0.22843473650943882,0.6320231941848924
25594,LOF,0.05283718815143795,0.12445326280402015,0.822709549044542
25595,LOF,0.04990002143311269,0.0837009351279286,0.8663990434389587
25596,LOF,0.10839444243439905,0.04922716584792519,0.8423783917176758
25597,LOF,0.08004224467034377,0.055976079542684964,0.8639816757869714
25598,LOF,0.05392301873330146,0.0896329720645862,0.8564440092021123
25599,GOF,0.021201324353254752,0.5196365828611229,0.4591620927856223
25600,GOF,0.17233270884162152,0.5158667326185818,0.3118005585397966
25601,LOF,0.04077804242517284,0.4094745217543773,0.5497474358204498
25602,LOF,0.030084386462856893,0.06982493770458034,0.9000906758325629
25603,LOF,0.028530909151951157,0.036619643324009195,0.9348494475240396
25604,LOF,0.03075328077931975,0.07592335212472387,0.8933233670959565
25605,LOF,0.03354632127049727,0.21849513307626853,0.7479585456532342
25606,LOF,0.4120120400282127,0.1105798669375536,0.4774080930342337
25607,LOF,0.024601988092899815,0.1988122419278399,0.7765857699792604
25608,LOF,0.031392735406310615,0.07255178193793081,0.8960554826557586
25609,GOF,0.15999021994426002,0.5111019062421985,0.3289078738135414
25610,LOF,0.013546179323529571,0.028234754162086564,0.9582190665143839
25611,LOF,0.012921812366323874,0.0339485887907075,0.9531295988429687
25612,LOF,0.045137467988820325,0.04458730612165145,0.9102752258895283
25613,LOF,0.04187119107482116,0.04425546061272121,0.9138733483124577
25614,LOF,0.018356244919865504,0.025424748163643606,0.956219006916491
25615,LOF,0.043980882986861126,0.041911527969288605,0.9141075890438504
25616,LOF,0.042998227890692145,0.029078460705975147,0.9279233114033327
25617,LOF,0.03929091603317494,0.03693705929132994,0.9237720246754952
25618,LOF,0.04862715000815517,0.03759782345648446,0.9137750265353605
25619,LOF,0.013477228252754233,0.0339223972546268,0.952600374492619
25620,LOF,0.06018440570510666,0.041626051839911596,0.8981895424549818
25621,LOF,0.05307911388011353,0.03662866847714998,0.9102922176427364
25622,LOF,0.06278864719276056,0.03294193088495757,0.9042694219222819
25623,LOF,0.06712257118695078,0.029236544200053463,0.9036408846129957
25624,LOF,0.016492127786411948,0.035033605019960376,0.9484742671936277
25625,LOF,0.06184809756127163,0.04087162792217158,0.8972802745165568
25626,LOF,0.04638554772279602,0.04398838295156339,0.9096260693256405
25627,Neutral,0.8879809195727211,0.018675693149189154,0.09334338727808988
25628,LOF,0.1276695925049618,0.06050719126597159,0.8118232162290666
25629,LOF,0.058558077424158576,0.03704516650387016,0.9043967560719713
25630,LOF,0.26952592959925237,0.07157987166425794,0.6588941987364897
25631,Neutral,0.5565734148286264,0.06143806166315966,0.38198852350821383
25632,LOF,0.026186443448163954,0.061268875549019,0.912544681002817
25633,LOF,0.20985887741717965,0.029762340412576117,0.7603787821702442
25634,LOF,0.03518143217087141,0.06624852982775535,0.8985700380013733
25635,LOF,0.035397431715032235,0.03427357356150598,0.9303289947234618
25636,GOF,0.03162358768699198,0.48803691658014,0.48033949573286794
25637,GOF,0.0645905639418232,0.5240847857655734,0.4113246502926034
25638,LOF,0.03179784252056125,0.34832951886243824,0.6198726386170005
25639,LOF,0.029269801614627448,0.37356131256027314,0.5971688858250994
25640,Neutral,0.7957781520797055,0.1624427963390707,0.041779051581223865
25641,LOF,0.06272252629669416,0.43260041920498477,0.5046770544983211
25642,LOF,0.041660967762128825,0.15600642061077766,0.8023326116270936
25643,LOF,0.22609833318277514,0.17074409486826325,0.6031575719489616
25644,LOF,0.022481133707384457,0.4750897614579156,0.5024291048346999
25645,LOF,0.02157966561768366,0.4304170561659174,0.5480032782163988
25646,LOF,0.05838931183217198,0.33702993170460943,0.6045807564632186
25647,LOF,0.023986502976154334,0.2812635125702944,0.6947499844535513
25648,LOF,0.032856334497569674,0.256623959206237,0.7105197062961933
25649,LOF,0.015922475767333362,0.2557113096458691,0.7283662145867976
25650,LOF,0.052294948388002624,0.4315615746773242,0.5161434769346732
25651,LOF,0.016411644526993507,0.28562586364923137,0.6979624918237751
25652,LOF,0.028727387715252416,0.281701588170093,0.6895710241146547
25653,LOF,0.077052384374013,0.4238840412157256,0.4990635744102615
25654,LOF,0.023249723009997295,0.21116812338219312,0.7655821536078096
25655,GOF,0.23510110300747536,0.40388174036021407,0.36101715663231043
25656,LOF,0.25552925954243033,0.0528870902791741,0.6915836501783955
25657,LOF,0.07260653682841647,0.05918682187591747,0.868206641295666
25658,LOF,0.3817384303277371,0.06135667987297657,0.5569048897992862
25659,Neutral,0.5200047912528245,0.09423535414052732,0.38575985460664824
25660,LOF,0.026640075722233075,0.084387107516298,0.888972816761469
25661,LOF,0.09300809678938883,0.05781123082042973,0.8491806723901816
25662,LOF,0.03199987527708434,0.032790552903049615,0.9352095718198661
25663,LOF,0.040197014946545,0.04177042574899175,0.9180325593044633
25664,LOF,0.14090821412466542,0.054168115302037315,0.8049236705732972
25665,LOF,0.05471732951127863,0.03050550114708127,0.9147771693416401
25666,LOF,0.08961476247127853,0.06854828495945656,0.8418369525692648
25667,LOF,0.0652214939712741,0.03645186871510917,0.8983266373136167
25668,LOF,0.03656325467828698,0.048039657269757695,0.9153970880519553
25669,LOF,0.031934512769723034,0.05072072947314384,0.9173447577571331
25670,LOF,0.13790309848002805,0.04664037718390506,0.8154565243360669
25671,LOF,0.10212277030508801,0.031750682649093157,0.8661265470458188
25672,LOF,0.052909077949076365,0.04210861404679714,0.9049823080041265
25673,LOF,0.08577002138154997,0.040342116598035514,0.8738878620204145
25674,LOF,0.07268952413165235,0.0511331399133074,0.8761773359550403
25675,LOF,0.11576349707276794,0.0481692104079531,0.836067292519279
25676,LOF,0.017819699596816806,0.05148186392053442,0.9306984364826488
25677,LOF,0.024448373329113492,0.06536334470779723,0.9101882819630893
25678,LOF,0.18421144526154162,0.05987147638841881,0.7559170783500396
25679,LOF,0.1264867904528482,0.07667970810763558,0.7968335014395164
25680,LOF,0.03274896436594509,0.11221767684216068,0.8550333587918943
25681,LOF,0.0531052921656167,0.10289396468663252,0.8440007431477508
25682,LOF,0.14348785429239597,0.0660037676933894,0.7905083780142147
25683,LOF,0.12093841428563441,0.09043557435358397,0.7886260113607817
25684,LOF,0.041785512302064336,0.06495691087288344,0.8932575768250522
25685,LOF,0.12792869609222393,0.0480937763650126,0.8239775275427635
25686,LOF,0.07546881081985832,0.09146657426410844,0.8330646149160333
25687,LOF,0.12573150589117876,0.0891753399092956,0.7850931541995256
25688,LOF,0.317791402300848,0.03617694199595141,0.6460316557032004
25689,LOF,0.24304396078377058,0.043927183394954786,0.7130288558212747
25690,LOF,0.3525076746703041,0.0307852174923958,0.6167071078373001
25691,Neutral,0.673129689672196,0.024846622823793112,0.30202368750401093
25692,LOF,0.2937253201114271,0.012174540439718289,0.6941001394488546
25693,LOF,0.0469982002452136,0.4738816686392562,0.47912013111553015
25694,LOF,0.12175360973278833,0.016302201308721138,0.8619441889584906
25695,LOF,0.11109800879275082,0.015369547217536082,0.8735324439897132
25696,LOF,0.10249000213905599,0.009004345979936462,0.8885056518810075
25697,LOF,0.12581057827371694,0.030230991887024536,0.8439584298392584
25698,LOF,0.3443508324765818,0.21633320560521557,0.43931596191820255
25699,LOF,0.4513156910149891,0.04463285688269934,0.5040514521023115
25700,LOF,0.055898338825183864,0.008626965017793102,0.9354746961570231
25701,LOF,0.1504554561322911,0.05409446086572794,0.795450083001981
25702,GOF,0.16512453074982927,0.5764812042821131,0.2583942649680577
25703,LOF,0.015968690946350214,0.16715787684117717,0.8168734322124725
25704,LOF,0.04711650079870316,0.12499503678550507,0.8278884624157918
25705,LOF,0.06449226571368706,0.1811648887853693,0.7543428455009437
25706,LOF,0.11167808192790186,0.3716972029594197,0.5166247151126784
25707,LOF,0.08703758283593575,0.2779887765564905,0.6349736406075737
25708,LOF,0.031099314596815746,0.23936856007482013,0.7295321253283641
25709,LOF,0.06070526655978665,0.0397182140826389,0.8995765193575744
25710,LOF,0.011706093670741848,0.13799895887585642,0.8502949474534017
25711,LOF,0.01810121131375124,0.09139953682470299,0.8904992518615459
25712,LOF,0.013844237155117867,0.18619364335628907,0.799962119488593
25713,LOF,0.018125486055942573,0.079607636847266,0.9022668770967914
25714,LOF,0.06789694315591963,0.07630647585527038,0.8557965809888101
25715,LOF,0.010387536198863071,0.13911287868947772,0.8504995851116592
25716,LOF,0.014346753009724234,0.12722249008711928,0.8584307569031565
25717,LOF,0.014139199455309146,0.07407446498252687,0.9117863355621639
25718,LOF,0.013020930925802,0.08720939458268283,0.8997696744915152
25719,LOF,0.019896676825481335,0.07696689880913335,0.9031364243653853
25720,LOF,0.02196777583678014,0.06720497408257886,0.910827250080641
25721,LOF,0.015260616921433596,0.10238241731648333,0.882356965762083
25722,LOF,0.013572650871015833,0.12208136931286992,0.8643459798161143
25723,LOF,0.02314480244738217,0.04371863355405128,0.9331365639985665
25724,LOF,0.022456150999128684,0.08552599595755404,0.8920178530433172
25725,LOF,0.011980136656691644,0.06748855759694634,0.920531305746362
25726,LOF,0.014368513304959123,0.09706345802704557,0.8885680286679953
25727,LOF,0.013428624366018342,0.07060842655198334,0.9159629490819984
25728,LOF,0.009580468081075683,0.11068546037660024,0.8797340715423241
25729,LOF,0.009814132131158584,0.11143344259583068,0.8787524252730107
25730,LOF,0.013290057151260633,0.0817535067585258,0.9049564360902136
25731,LOF,0.01965532317740214,0.11279072319128246,0.8675539536313154
25732,LOF,0.014481773889380954,0.08266233259600646,0.9028558935146126
25733,LOF,0.015413879124678911,0.07299137892894422,0.9115947419463769
25734,LOF,0.013122454194751325,0.12216532168655621,0.8647122241186924
25735,LOF,0.013384540528164474,0.08218454818670891,0.9044309112851265
25736,LOF,0.014308860601576785,0.11404832956063718,0.871642809837786
25737,LOF,0.020249708997685443,0.08129274959885298,0.8984575414034616
25738,LOF,0.01335108644093801,0.10805793025278815,0.8785909833062738
25739,LOF,0.020678150866239316,0.08499991649315818,0.8943219326406024
25740,LOF,0.027420465074024528,0.10354507835920755,0.8690344565667678
25741,LOF,0.015549214759738991,0.1071899607934696,0.8772608244467913
25742,LOF,0.11619080928521848,0.07818951152331892,0.8056196791914626
25743,LOF,0.03083350537060991,0.030648848054572006,0.9385176465748181
25744,Neutral,0.5959605860081626,0.20084726663173696,0.2031921473601004
25745,LOF,0.07836848827319019,0.07230808171645894,0.8493234300103508
25746,LOF,0.037640535387773774,0.08086336470206427,0.8814960999101619
25747,LOF,0.022766033144449156,0.04039071140303747,0.9368432554525133
25748,LOF,0.10277106466108596,0.058141142631526734,0.8390877927073873
25749,LOF,0.025327393824371203,0.07501675575049249,0.8996558504251362
25750,LOF,0.07738965342122682,0.08431569006348225,0.8382946565152909
25751,LOF,0.09268372399373581,0.05828089634320844,0.8490353796630559
25752,GOF,0.10937578655000664,0.6654926771454083,0.22513153630458502
25753,LOF,0.020115640768755716,0.2746329535484914,0.7052514056827529
25754,GOF,0.011018004183427032,0.7861284872654959,0.2028535085510771
25755,LOF,0.023193122555979582,0.37172080570930605,0.6050860717347144
25756,LOF,0.03804225561506307,0.38186867798081475,0.5800890664041222
25757,GOF,0.013163063843453135,0.8465642372723998,0.1402726988841471
25758,GOF,0.02925820825939855,0.8353198346373365,0.13542195710326504
25759,GOF,0.011752046128011288,0.5430805560828689,0.44516739778911996
25760,LOF,0.011237001374140354,0.23468196060896435,0.7540810380168954
25761,GOF,0.2825584877604601,0.6315206995913354,0.08592081264820453
25762,LOF,0.03570953345089593,0.27248581850633996,0.6918046480427641
25763,LOF,0.014296829351437754,0.20505518855474808,0.7806479820938143
25764,GOF,0.08604025982557591,0.6518339540537215,0.26212578612070264
25765,GOF,0.04277388727170587,0.7638979642227836,0.1933281485055104
25766,GOF,0.060834449843486786,0.7932200034665815,0.14594554668993165
25767,GOF,0.17295002347149752,0.4535178157106353,0.3735321608178673
25768,LOF,0.10033037316702219,0.06501444787657397,0.8346551789564038
25769,LOF,0.06772851947558668,0.06355707669645003,0.8687144038279632
25770,LOF,0.2818183844025079,0.09390344731636195,0.6242781682811301
25771,LOF,0.041418507235139256,0.04249194743612214,0.9160895453287387
25772,LOF,0.016290935350361604,0.03349943726878285,0.9502096273808557
25773,LOF,0.048963215925689925,0.07757738966861207,0.8734593944056981
25774,LOF,0.028706086875034863,0.07699218490718276,0.8943017282177824
25775,LOF,0.05136083120290705,0.0385818972434914,0.9100572715536016
25776,LOF,0.0728136262636132,0.02553280330752665,0.9016535704288602
25777,LOF,0.31469401177689466,0.05019301115196304,0.6351129770711424
25778,LOF,0.0728157046483424,0.046506362806931226,0.8806779325447263
25779,GOF,0.35901488348506533,0.6015091142890192,0.03947600222591566
25780,GOF,0.3036680401532004,0.6266421155154083,0.0696898443313913
25781,GOF,0.1360428612228101,0.7621074848172306,0.10184965395995929
25782,GOF,0.196169781101502,0.7382223822143112,0.0656078366841867
25783,GOF,0.026837801500486824,0.6525414053964601,0.320620793103053
25784,GOF,0.476725123437376,0.4896101220406354,0.033664754521988596
25785,GOF,0.4619193197494415,0.49976452652577674,0.038316153724781775
25786,GOF,0.027467764661083065,0.7703626720289563,0.20216956330996064
25787,Neutral,0.6241644476376877,0.3512057164227002,0.024629835939611978
25788,LOF,0.048918684299540535,0.10805399429363646,0.843027321406823
25789,GOF,0.190514730196271,0.6903779606161465,0.11910730918758237
25790,GOF,0.2267597666188236,0.676322594849034,0.09691763853214246
25791,GOF,0.1549091572428277,0.6891416900995715,0.15594915265760087
25792,GOF,0.3276353189025374,0.5520738903186386,0.12029079077882392
25793,GOF,0.24278963715689475,0.559163684187958,0.19804667865514725
25794,GOF,0.2805636397936913,0.557905815814903,0.16153054439140582
25795,GOF,0.073806694325075,0.706988386689752,0.21920491898517297
25796,Neutral,0.5433097449779672,0.38434362146295703,0.07234663355907564
25797,GOF,0.09137968547042359,0.5958400046684933,0.3127803098610832
25798,GOF,0.008748665089549957,0.5265041142429493,0.4647472206675007
25799,LOF,0.007128269318019312,0.4340210800394079,0.5588506506425728
25800,GOF,0.03224691770691274,0.6243712780768805,0.34338180421620684
25801,GOF,0.17955590298169008,0.6983096876291014,0.12213440938920851
25802,GOF,0.07168202807680062,0.7118868794605219,0.21643109246267747
25803,GOF,0.033689811949851614,0.5965922395784178,0.3697179484717307
25804,GOF,0.03208013044458232,0.5245015648160577,0.44341830473936
25805,GOF,0.09695431741917222,0.630685813678869,0.2723598689019586
25806,GOF,0.10666129338698807,0.6055908040178214,0.2877479025951905
25807,GOF,0.021282707785063575,0.6531788213079283,0.3255384709070081
25808,GOF,0.08264289781017614,0.6710933097291575,0.2462637924606664
25809,GOF,0.0167071667055038,0.6121853933933623,0.37110743990113393
25810,GOF,0.015255660401452048,0.6422742166853895,0.3424701229131584
25811,GOF,0.4374125707255048,0.48574852737860397,0.0768389018958912
25812,GOF,0.03149902051360909,0.6631413450146548,0.30535963447173614
25813,Neutral,0.490301540428463,0.4191899723715733,0.09050848719996366
25814,GOF,0.10610568011296766,0.6770875814217777,0.2168067384652546
25815,GOF,0.18964521361031936,0.637639414493528,0.1727153718961526
25816,GOF,0.022662797643768173,0.723602862088398,0.25373434026783387
25817,GOF,0.23287544179771213,0.644474971089142,0.12264958711314594
25818,GOF,0.054028939379563816,0.6947819670530272,0.251189093567409
25819,GOF,0.3497746910448779,0.531857184804403,0.11836812415071908
25820,GOF,0.18539229036048413,0.6334515308288959,0.1811561788106198
25821,GOF,0.05940498464834178,0.7097158497662962,0.23087916558536203
25822,GOF,0.2128297034071928,0.5858278008806499,0.20134249571215734
25823,GOF,0.03284252884264161,0.5580353293973837,0.40912214175997474
25824,GOF,0.08941370723087468,0.65712005099805,0.25346624177107524
25825,GOF,0.03745561850466471,0.6481551384043271,0.31438924309100813
25826,GOF,0.01646665627836716,0.6226482435570725,0.3608851001645603
25827,GOF,0.02339330765747268,0.6468877931583283,0.32971889918419905
25828,GOF,0.012314264722454733,0.5635408030924238,0.4241449321851214
25829,GOF,0.00563992680637835,0.5890263009864608,0.4053337722071608
25830,LOF,0.03582408613608271,0.28872925018694184,0.6754466636769755
25831,GOF,0.2144768710850666,0.6755309888012628,0.10999214011367055
25832,GOF,0.03399451781168103,0.7433202442858552,0.22268523790246372
25833,GOF,0.12357572745353992,0.7392309849902359,0.13719328755622412
25834,GOF,0.035944810295066174,0.7605755345873122,0.20347965511762162
25835,GOF,0.07212213199256885,0.7875023427765228,0.14037552523090835
25836,GOF,0.03400693148686452,0.7313727552879792,0.23462031322515625
25837,GOF,0.028269662877409552,0.6208370779746516,0.35089325914793895
25838,GOF,0.09595428600939422,0.7770823868044193,0.12696332718618647
25839,GOF,0.2962556740504829,0.5887372059495399,0.1150071199999772
25840,GOF,0.2579362516735832,0.6126524830658168,0.12941126526059993
25841,GOF,0.2632296449276156,0.6251058774917719,0.11166447758061251
25842,GOF,0.14939560751265674,0.7390601109246262,0.11154428156271706
25843,GOF,0.20627247976507065,0.7130733479272363,0.08065417230769299
25844,GOF,0.06412532589979297,0.7444770846686855,0.19139758943152152
25845,GOF,0.016661357463887284,0.538431818804336,0.4449068237317768
25846,GOF,0.12954168393234597,0.7318369353363049,0.13862138073134905
25847,GOF,0.10003261167266418,0.8048849242156977,0.09508246411163805
25848,GOF,0.03608720959664462,0.7199429643642682,0.24396982603908712
25849,GOF,0.011124218721876406,0.6312031533187088,0.35767262795941485
25850,GOF,0.020634864398841362,0.682440102326855,0.29692503327430353
25851,GOF,0.016348098265574172,0.5624129118188704,0.4212389899155554
25852,GOF,0.16103983154251583,0.5866637678280819,0.25229640062940223
25853,GOF,0.33112230574693996,0.5999880328020974,0.0688896614509626
25854,GOF,0.023332197730156493,0.6486652857297484,0.32800251654009505
25855,GOF,0.03687203950568432,0.5895105568623423,0.3736174036319733
25856,GOF,0.23731223176787575,0.5637930404376282,0.19889472779449605
25857,GOF,0.039244319027139755,0.533577319486007,0.4271783614868532
25858,GOF,0.021458810954957237,0.5879333443441884,0.3906078447008542
25859,GOF,0.010410718485403541,0.5450644299136256,0.4445248516009709
25860,GOF,0.34424702553358655,0.5840376114306658,0.0717153630357476
25861,GOF,0.41458118632602037,0.5229777603359307,0.062441053338049016
25862,GOF,0.08106915891429421,0.7950910406692894,0.12383980041641642
25863,GOF,0.07708801174606897,0.7912209937841275,0.13169099446980365
25864,GOF,0.19635766933138848,0.7399964795873168,0.06364585108129453
25865,GOF,0.08326977301759589,0.8163450655127401,0.10038516146966397
25866,GOF,0.05374968860923382,0.7921788165974455,0.15407149479332075
25867,GOF,0.0764592111439198,0.8249201473772925,0.09862064147878774
25868,GOF,0.23282657889558447,0.6783923761446807,0.08878104495973489
25869,Neutral,0.6861978613166707,0.2731950922859513,0.04060704639737811
25870,GOF,0.28397149273835726,0.4216031729977267,0.29442533426391615
25871,GOF,0.2232238917246008,0.6647624176687332,0.11201369060666583
25872,GOF,0.078930550223219,0.6730033916543566,0.24806605812242435
25873,GOF,0.10891289499060132,0.722254334734946,0.16883277027445276
25874,LOF,0.014712179810573647,0.1103693581390115,0.8749184620504149
25875,LOF,0.08975385613891111,0.047294344104128465,0.8629517997569605
25876,LOF,0.0363647786351671,0.033005256217739316,0.9306299651470936
25877,Neutral,0.486868339141517,0.042452414351791895,0.4706792465066912
25878,LOF,0.22012142304025756,0.09520930687885583,0.6846692700808866
25879,LOF,0.08821808090233207,0.09668569875651598,0.8150962203411519
25880,LOF,0.03910502642047627,0.015462106524493155,0.9454328670550306
25881,LOF,0.17631034160197642,0.10819881641122801,0.7154908419867956
25882,LOF,0.06715496788885734,0.016948950308649662,0.915896081802493
25883,LOF,0.06802961057795227,0.019832818822213768,0.9121375705998339
25884,LOF,0.03343700027983447,0.029923832515367094,0.9366391672047986
25885,LOF,0.05949692499108731,0.012681278032838576,0.927821796976074
25886,LOF,0.27049615071827526,0.03464391206730243,0.6948599372144224
25887,LOF,0.1364880630260707,0.060239649875644105,0.8032722870982851
25888,LOF,0.06288574580489852,0.05399350951957037,0.8831207446755311
25889,LOF,0.04100192823518434,0.020294798336826556,0.9387032734279892
25890,LOF,0.047064692643254954,0.15021519362097094,0.8027201137357741
25891,LOF,0.03816979369510921,0.052691878970902495,0.9091383273339882
25892,LOF,0.08319324371729094,0.024791750989948333,0.8920150052927608
25893,LOF,0.24523088245642294,0.021810068067190498,0.7329590494763867
25894,LOF,0.17737474073393733,0.01283222748180849,0.8097930317842543
25895,LOF,0.19627781333590533,0.023949980246104667,0.77977220641799
25896,LOF,0.04985224614370899,0.022594959951387886,0.9275527939049032
25897,LOF,0.2669161864427962,0.014249956915788694,0.7188338566414151
25898,Neutral,0.7114902047232705,0.011752265675155847,0.27675752960157357
25899,LOF,0.21858890506593387,0.02349534407863656,0.7579157508554296
25900,LOF,0.4232229932474979,0.01264339748986745,0.5641336092626347
25901,LOF,0.05263405871105191,0.012320305546711902,0.9350456357422363
25902,LOF,0.150851626574934,0.015167554429590013,0.8339808189954759
25903,Neutral,0.5622551948656561,0.03026913847385588,0.4074756666604879
25904,LOF,0.31890443041248845,0.044057715746795414,0.6370378538407162
25905,LOF,0.024773674364787,0.3186212315800794,0.6566050940551337
25906,LOF,0.03189521737736024,0.0725547534331882,0.8955500291894515
25907,LOF,0.014909002371463748,0.3341431401332427,0.6509478574952936
25908,LOF,0.010739914333337184,0.2555825476125698,0.7336775380540931
25909,LOF,0.012335287894176695,0.11568579550758029,0.8719789165982429
25910,LOF,0.0503777733066904,0.1339161562240482,0.8157060704692615
25911,LOF,0.19238345674415933,0.02993721617671929,0.7776793270791214
25912,LOF,0.04678935892417491,0.05316837276885582,0.9000422683069693
25913,LOF,0.3359815755768332,0.025850635928244197,0.6381677884949226
25914,LOF,0.01960157528540968,0.052918688604703494,0.9274797361098869
25915,Neutral,0.5605346108051182,0.14747467501499045,0.29199071417989125
25916,LOF,0.07992292110790267,0.18665986311740726,0.7334172157746902
25917,LOF,0.060788944432375584,0.04284926346376869,0.8963617921038558
25918,LOF,0.020175108619392833,0.032083191329770555,0.9477417000508367
25919,LOF,0.017527579574111073,0.03476383348952393,0.947708586936365
25920,GOF,0.1120747860919508,0.5589554996144542,0.328969714293595
25921,LOF,0.025164304056483393,0.04483322706388269,0.9300024688796339
25922,LOF,0.03304966178762372,0.030860679273166134,0.93608965893921
25923,LOF,0.4560553982517507,0.04098668787368405,0.5029579138745652
25924,LOF,0.0354772298201492,0.05169693431285873,0.9128258358669922
25925,LOF,0.0689821675563175,0.04538469863067755,0.885633133813005
25926,LOF,0.049963201431622424,0.03876043018922567,0.9112763683791519
25927,LOF,0.05920084780024815,0.14081897629830287,0.799980175901449
25928,LOF,0.017851332301836605,0.056015492013276595,0.9261331756848867
25929,Neutral,0.5767019439097231,0.043334879972044445,0.3799631761182326
25930,LOF,0.06636943525005573,0.036823979929277315,0.8968065848206669
25931,LOF,0.024012657112648352,0.03561693098523072,0.9403704119021209
25932,LOF,0.026511695930421658,0.029942614227855425,0.9435456898417229
25933,LOF,0.03555393423043049,0.02142127223014776,0.9430247935394218
25934,LOF,0.022277964258640957,0.02291804616303626,0.9548039895783228
25935,LOF,0.06336110039835069,0.06001012511697119,0.876628774484678
25936,LOF,0.04162355555266674,0.026849135994844182,0.9315273084524891
25937,LOF,0.02543313847923414,0.03925076572578736,0.9353160957949784
25938,LOF,0.06365503329205419,0.0609177370579814,0.8754272296499646
25939,LOF,0.03854980719886699,0.022446090704458438,0.9390041020966745
25940,LOF,0.03212085613354082,0.3471662347667564,0.6207129090997027
25941,LOF,0.16990365743488178,0.10538784223169326,0.7247085003334249
25942,LOF,0.013251700905038924,0.03857151818925892,0.9481767809057022
25943,LOF,0.2867746465548402,0.05424681958047934,0.6589785338646804
25944,Neutral,0.49505205995371704,0.02246880438091644,0.48247913566536665
25945,LOF,0.07401179849538565,0.023869094098280808,0.9021191074063336
25946,LOF,0.030353780907186295,0.10384565862760017,0.8658005604652136
25947,LOF,0.10720649628062649,0.16191772622102668,0.7308757774983468
25948,LOF,0.34827587148031386,0.007982231480049968,0.6437418970396362
25949,LOF,0.12700488978201946,0.029328480626449552,0.8436666295915309
25950,GOF,0.3204750402965401,0.3644097088426759,0.31511525086078396
25951,LOF,0.21116949379944755,0.26380988342399625,0.5250206227765561
25952,LOF,0.04540772809214304,0.433620769568703,0.5209715023391539
25953,LOF,0.14640870772855802,0.10916957374955003,0.744421718521892
25954,Neutral,0.430313689708861,0.17296958007308988,0.39671673021804915
25955,LOF,0.054361855514960304,0.07619010241332606,0.8694480420717137
25956,LOF,0.17108199090091378,0.11570258211850519,0.713215426980581
25957,LOF,0.03608409503899368,0.030607501983534218,0.9333084029774721
25958,LOF,0.05835856371755271,0.030677357023454276,0.9109640792589929
25959,LOF,0.06056797072253321,0.38600883686703186,0.5534231924104349
25960,LOF,0.015420274520134593,0.05094254102717437,0.9336371844526911
25961,LOF,0.04301699014664892,0.029891307999475827,0.9270917018538752
25962,LOF,0.055593739088294306,0.021894446941753853,0.922511813969952
25963,LOF,0.0503188870664256,0.18842072407920227,0.7612603888543721
25964,LOF,0.03456215279087316,0.1377116352315962,0.8277262119775306
25965,LOF,0.438908706501451,0.059628972558378505,0.5014623209401705
25966,Neutral,0.5298397478866543,0.15627780001930353,0.31388245209404214
25967,LOF,0.016316137550085538,0.0993723134574619,0.8843115489924527
25968,LOF,0.034561297504836316,0.40702544126937923,0.5584132612257845
25969,LOF,0.038807245459455915,0.06710561649238096,0.8940871380481631
25970,LOF,0.05904484783302403,0.0633969118271184,0.8775582403398576
25971,LOF,0.06859743606969172,0.02184702692967249,0.9095555370006357
25972,LOF,0.06928440949824058,0.03638542051195178,0.8943301699898076
25973,LOF,0.07461700197088698,0.009615977920666081,0.9157670201084469
25974,LOF,0.1880691741931787,0.01589035500646167,0.7960404708003596
25975,LOF,0.045615716665890656,0.02558239951274536,0.928801883821364
25976,LOF,0.0399583455040574,0.015403132605459386,0.9446385218904833
25977,LOF,0.15759854794652023,0.08721952993735176,0.7551819221161281
25978,LOF,0.15171303042773152,0.07115615667699067,0.7771308128952779
25979,LOF,0.1456763992206933,0.0674466699871374,0.7868769307921692
25980,LOF,0.24426276503988334,0.08901890542828875,0.6667183295318279
25981,LOF,0.27733454158105475,0.08643554170647817,0.6362299167124671
25982,LOF,0.41655652368361795,0.057757726386858686,0.5256857499295233
25983,LOF,0.39310162474739574,0.06136280284166451,0.5455355724109398
25984,LOF,0.0512750773883237,0.046192300823246574,0.9025326217884296
25985,LOF,0.04011152238286432,0.2763267138476548,0.683561763769481
25986,LOF,0.04397273911633619,0.3487146954009817,0.6073125654826821
25987,LOF,0.08908934497889005,0.07245269198510795,0.838457963036002
25988,LOF,0.1651641344814592,0.059331668805671665,0.7755041967128692
25989,LOF,0.036026488636969396,0.1084567420902084,0.8555167692728223
25990,LOF,0.040988143831322266,0.151873256814087,0.8071385993545908
25991,LOF,0.13131920134676095,0.23111689693697518,0.6375639017162639
25992,LOF,0.2762778782479103,0.14574299777398556,0.5779791239781041
25993,LOF,0.022919300837533605,0.06420625515571383,0.9128744440067524
25994,LOF,0.017555987625942494,0.08037401550319948,0.9020699968708581
25995,LOF,0.023592517235874282,0.17507911300773216,0.8013283697563937
25996,GOF,0.33389440691939504,0.3608207211205038,0.30528487196010123
25997,LOF,0.0781308364895775,0.32563095743828685,0.5962382060721356
25998,Neutral,0.5172766390307696,0.025705173471287278,0.4570181874979431
25999,LOF,0.11222775366162163,0.09412636516780724,0.7936458811705711
26000,LOF,0.13966837230240808,0.053075241552919185,0.8072563861446727
26001,LOF,0.21170218281227343,0.04899137181845357,0.739306445369273
26002,LOF,0.13007284340371783,0.045114092608306,0.8248130639879762
26003,GOF,0.010942861245064665,0.5849926111641875,0.4040645275907478
26004,GOF,0.020681117944570813,0.6786674830501239,0.3006513990053053
26005,LOF,0.0065078019994340005,0.4603097544232655,0.5331824435773005
26006,Neutral,0.5238085229901117,0.26795748363528793,0.20823399337460044
26007,GOF,0.021737846709068847,0.536002275227479,0.44225987806345207
26008,GOF,0.018493892035165344,0.5991707689990123,0.3823353389658224
26009,GOF,0.020633934528383812,0.698561680457646,0.2808043850139701
26010,GOF,0.019717341292128668,0.624619020298323,0.35566363840954834
26011,LOF,0.006698017578151111,0.4242261844662971,0.5690757979555517
26012,GOF,0.01307429017598618,0.5502249731479463,0.4367007366760676
26013,GOF,0.017988687506582144,0.6006577589065869,0.38135355358683104
26014,LOF,0.04844031907127311,0.10557518699720196,0.845984493931525
26015,LOF,0.1511919600553158,0.017857628721289487,0.8309504112233947
26016,LOF,0.20399589608856705,0.056967059657520504,0.7390370442539125
26017,LOF,0.2269478485770308,0.09639302753216958,0.6766591238907996
26018,LOF,0.08474277477831157,0.03746980748248596,0.8777874177392025
26019,LOF,0.07996448444615345,0.02995209780034866,0.890083417753498
26020,LOF,0.07271987077379229,0.1078422327384541,0.8194378964877536
26021,LOF,0.0504820712654994,0.11383280753335202,0.8356851212011486
26022,LOF,0.010836217508420624,0.041461791588644575,0.9477019909029348
26023,LOF,0.06616980428328971,0.023207797222678017,0.9106223984940324
26024,LOF,0.032224707325226525,0.12307149615726605,0.8447037965175074
26025,LOF,0.14906957318038302,0.088576996013558,0.762353430806059
26026,LOF,0.3258639883746703,0.030653634054027025,0.6434823775713027
26027,LOF,0.06289614606160955,0.01862915989296596,0.9184746940454245
26028,LOF,0.1740398534512353,0.06170370245643664,0.7642564440923282
26029,LOF,0.06548633570325339,0.17385984674183727,0.7606538175549094
26030,LOF,0.021101691075355047,0.050101189050152775,0.9287971198744922
26031,LOF,0.023600648483913276,0.12857813622917763,0.847821215286909
26032,LOF,0.06481462508088096,0.08647063232377238,0.8487147425953466
26033,LOF,0.08433380657775749,0.08676127050694758,0.8289049229152948
26034,LOF,0.03725246525915253,0.15595350015524545,0.806794034585602
26035,LOF,0.02435293048781338,0.1484967054463199,0.8271503640658668
26036,LOF,0.034910977135340956,0.165279302062359,0.7998097208023001
26037,LOF,0.020156635873592628,0.11838933921463847,0.8614540249117689
26038,LOF,0.060694831035656586,0.08733373143440762,0.8519714375299358
26039,LOF,0.047512946738113813,0.14550890487983312,0.8069781483820531
26040,LOF,0.20079218779395466,0.12797569009333967,0.6712321221127057
26041,LOF,0.020194790705591808,0.11125430147339964,0.8685509078210086
26042,LOF,0.019198103060417457,0.10166623740702642,0.8791356595325562
26043,LOF,0.0608032790804833,0.09967295570491284,0.8395237652146038
26044,LOF,0.017723627671460348,0.06842440304447651,0.9138519692840632
26045,LOF,0.061831998810746136,0.10497002521797098,0.8331979759712828
26046,LOF,0.05609311996419568,0.08536881649672699,0.8585380635390774
26047,LOF,0.07420718723997392,0.09014260403734693,0.8356502087226791
26048,LOF,0.04387592705713416,0.04436486970323771,0.9117592032396282
26049,Neutral,0.9673120131109999,0.007150946722751104,0.02553704016624898
26050,Neutral,0.9517978977852382,0.009027921673577702,0.03917418054118424
26051,LOF,0.05226036341795642,0.254177258331876,0.6935623782501676
26052,LOF,0.06596354241356132,0.3189273938804583,0.6151090637059803
26053,LOF,0.0561117101835019,0.13188392771455523,0.8120043621019428
26054,LOF,0.05313217249782822,0.018044283303861396,0.9288235441983104
26055,LOF,0.07173537058097236,0.01513066652670804,0.9131339628923196
26056,LOF,0.06330711332333118,0.016398047857699622,0.9202948388189692
26057,LOF,0.02996563016465075,0.011356026297489457,0.9586783435378597
26058,LOF,0.030953157049887176,0.009259272729886817,0.9597875702202259
26059,LOF,0.2812317600360372,0.022315744824639328,0.6964524951393234
26060,LOF,0.040925461800760544,0.17103151995338944,0.7880430182458501
26061,LOF,0.018687774074933623,0.011632967676232835,0.9696792582488336
26062,LOF,0.010813625787896628,0.017574736403660553,0.9716116378084428
26063,LOF,0.020035624782441527,0.01096812280228614,0.9689962524152723
26064,LOF,0.02103143690702491,0.023789846737136973,0.9551787163558381
26065,LOF,0.024776634261109078,0.011832542388688635,0.9633908233502023
26066,LOF,0.020373232252517182,0.01053841887715632,0.9690883488703265
26067,LOF,0.02679507491053454,0.008611661376487209,0.9645932637129782
26068,LOF,0.044658642010968044,0.028412563167815194,0.9269287948212168
26069,LOF,0.2677000994853239,0.018572994877762292,0.7137269056369138
26070,LOF,0.3854045020801134,0.014855056233239667,0.5997404416866469
26071,LOF,0.02015015344540042,0.012500684210771749,0.967349162343828
26072,LOF,0.0206521246376659,0.01738658741639928,0.9619612879459348
26073,LOF,0.020421587207959425,0.011167273232945658,0.9684111395590949
26074,Neutral,0.9169273057878445,0.00568192183101713,0.07739077238113841
26075,LOF,0.045101303056848466,0.014181189500992585,0.9407175074421589
26076,LOF,0.040214559915764087,0.009005572636317629,0.9507798674479183
26077,LOF,0.009327208556791713,0.01485653517540725,0.9758162562678011
26078,LOF,0.0135960481771516,0.011176939119631385,0.975227012703217
26079,LOF,0.05847424280278151,0.017166901463970458,0.924358855733248
26080,LOF,0.05773365645383968,0.01718007633469482,0.9250862672114656
26081,LOF,0.03533007690952333,0.006523387722241241,0.9581465353682355
26082,LOF,0.012872893874099504,0.015042002020979906,0.9720851041049205
26083,LOF,0.18153467756097463,0.01394431560345988,0.8045210068355655
26084,LOF,0.04047932803717332,0.010797248204047184,0.9487234237587796
26085,LOF,0.03664017577877626,0.010357186132233829,0.95300263808899
26086,LOF,0.021123493835281542,0.010680959208856543,0.9681955469558619
26087,LOF,0.02411730641287738,0.008302937423495187,0.9675797561636275
26088,LOF,0.015907433231932888,0.02125513911647497,0.9628374276515922
26089,LOF,0.04325467501040929,0.02113505747225628,0.9356102675173344
26090,LOF,0.042862872419087074,0.016625942112251137,0.9405111854686617
26091,LOF,0.0318774395358481,0.00659906450997425,0.9615234959541777
26092,LOF,0.0228297527596994,0.007872465893599136,0.9692977813467014
26093,LOF,0.03497833264707535,0.005964672678079782,0.9590569946748448
26094,LOF,0.036593898239205745,0.006057316049440239,0.9573487857113541
26095,LOF,0.04043387411401382,0.013873919914413014,0.9456922059715732
26096,LOF,0.018029034061096755,0.01172690928842251,0.9702440566504807
26097,LOF,0.01170478268724709,0.031870457798730524,0.9564247595140223
26098,LOF,0.08813746346851364,0.010909588971498735,0.9009529475599876
26099,LOF,0.021076558896597715,0.0118239504896785,0.9670994906137237
26100,LOF,0.023267900864609347,0.011557482966026386,0.9651746161693644
26101,LOF,0.0461096335928324,0.014043569182235266,0.9398467972249324
26102,LOF,0.020303806265521834,0.01167719368323513,0.9680190000512431
26103,Neutral,0.879821768286632,0.0180795829896771,0.10209864872369094
26104,LOF,0.08859011031974609,0.024954028833032688,0.8864558608472213
26105,LOF,0.21739461339847937,0.22992893770615735,0.5526764488953633
26106,LOF,0.18197153628787877,0.10153190615620311,0.7164965575559181
26107,LOF,0.23681290072435487,0.06837080647094498,0.6948162928047003
26108,LOF,0.27373155434340457,0.07763348125640025,0.6486349644001951
26109,LOF,0.09390350893515777,0.05127314616966525,0.854823344895177
26110,LOF,0.19694414162228965,0.00809649991754234,0.794959358460168
26111,Neutral,0.504797561231816,0.029314758662716017,0.465887680105468
26112,LOF,0.031388180273467854,0.008425426267474518,0.9601863934590575
26113,LOF,0.06164569702759974,0.018355836134321374,0.9199984668380788
26114,LOF,0.02436563000083341,0.03168725917334599,0.9439471108258207
26115,LOF,0.08308366222654745,0.06059937946708969,0.8563169583063629
26116,LOF,0.06527818674174976,0.06649986525542607,0.8682219480028242
26117,LOF,0.4386490983559753,0.04657128053707567,0.514779621106949
26118,LOF,0.03471207693963914,0.02765390244149221,0.9376340206188687
26119,LOF,0.024128302656060047,0.03603542590716353,0.9398362714367764
26120,LOF,0.028296335190133238,0.021541790119242947,0.9501618746906239
26121,LOF,0.04549961501868014,0.08983066925221198,0.8646697157291079
26122,LOF,0.04700369009779949,0.0388321897290613,0.9141641201731392
