feature0,prediction,LoGoFunc_Neutral,LoGoFunc_GOF,LoGoFunc_LOF
25546,Neutral,0.631588220284683,0.05640450510378625,0.31200727461153066
25547,Neutral,0.4854882305741463,0.09256958640932493,0.4219421830165287
25548,Neutral,0.48512654782533443,0.07892123913708902,0.4359522130375764
25549,LOF,0.41456277699742816,0.07952048192303038,0.5059167410795414
25550,LOF,0.3339079180017432,0.11814048098685849,0.5479516010113984
25551,LOF,0.30899435475803494,0.12441402089015902,0.5665916243518061
25552,LOF,0.2574622118830043,0.11970006551653167,0.622837722600464
25553,Neutral,0.8159847647815827,0.04422653652470178,0.13978869869371538
25554,LOF,0.305494691406742,0.11045977965635735,0.5840455289369006
25555,LOF,0.25546109251243515,0.10773168130224813,0.6368072261853167
25556,Neutral,0.4644179837022917,0.10227557306823408,0.43330644322947426
25557,LOF,0.24777326698418659,0.11175889114154765,0.6404678418742658
25558,LOF,0.30981477384659173,0.1083304301918657,0.5818547959615427
25559,LOF,0.1922562222565859,0.12199802860655577,0.6857457491368584
25560,LOF,0.1835322110438148,0.11650074527992837,0.6999670436762568
25561,LOF,0.16721243498318272,0.12014468667027636,0.7126428783465409
25562,LOF,0.07610421069624526,0.0810613974025559,0.8428343919011988
25563,LOF,0.02394342680080631,0.1516016524819003,0.8244549207172934
25564,LOF,0.24277913476023277,0.14647699839703598,0.6107438668427312
25565,LOF,0.20938573680314315,0.1746284298722973,0.6159858333245596
25566,GOF,0.09710899678300379,0.7259962708787254,0.17689473233827088
25567,LOF,0.04087750584702479,0.15321687090729083,0.8059056232456843
25568,LOF,0.06222269346024538,0.076788980998509,0.8609883255412457
25569,LOF,0.06231704867418558,0.07915920399112214,0.8585237473346923
25570,LOF,0.02557104275136683,0.10715270626377922,0.8672762509848538
25571,LOF,0.024732890632692704,0.11067076532517163,0.8645963440421357
25572,LOF,0.05802691252441731,0.13124440595444373,0.8107286815211389
25573,LOF,0.06160204495858779,0.09620530895519035,0.8421926460862218
25574,LOF,0.058094236278255856,0.21579251418998877,0.7261132495317554
25575,LOF,0.021219146191658562,0.1261802946784692,0.8526005591298722
25576,LOF,0.030604019481989493,0.1589668758473686,0.810429104670642
25577,LOF,0.029446277895347275,0.1347283810000334,0.8358253411046194
25578,LOF,0.2922816349403096,0.08546375107662718,0.6222546139830631
25579,LOF,0.12984880656863687,0.09296276069960062,0.7771884327317625
25580,LOF,0.018794953012726604,0.08515609119720534,0.8960489557900682
25581,LOF,0.05666151821879133,0.0691952448306294,0.8741432369505793
25582,LOF,0.05663531523462434,0.0677631562188614,0.8756015285465143
25583,LOF,0.020383696491869264,0.08524202288364233,0.8943742806244883
25584,Neutral,0.6819032739290511,0.10158517609675233,0.21651154997419655
25585,LOF,0.025646316758455922,0.12749317211923625,0.8468605111223078
25586,LOF,0.01786190453996782,0.07395874197144128,0.9081793534885909
25587,LOF,0.01744911839920418,0.06705160480799109,0.9154992767928047
25588,LOF,0.019721623009166217,0.08010662533977296,0.9001717516510608
25589,Neutral,0.5185372083005306,0.212486613659931,0.2689761780395385
25590,LOF,0.04840895941272616,0.12609191532795122,0.8254991252593226
25591,LOF,0.10110896798194319,0.059949923490560976,0.8389411085274958
25592,LOF,0.05556813742425673,0.14505246268287889,0.7993793998928643
25593,LOF,0.13946767794444914,0.2764570476899733,0.5840752743655776
25594,LOF,0.0607029628734172,0.10908785359330556,0.8302091835332772
25595,LOF,0.05630863800214026,0.07739453275360021,0.8662968292442594
25596,LOF,0.1142487754514268,0.04841118055769617,0.837340043990877
25597,LOF,0.08879472196020607,0.0567401803622427,0.8544650976775513
25598,LOF,0.058407621307630164,0.08066879376356677,0.8609235849288032
25599,GOF,0.02152417983841349,0.4994526874123768,0.47902313274920977
25600,GOF,0.18792282089926426,0.4918797880157202,0.32019739108501555
25601,LOF,0.04046648928020281,0.4201839181026447,0.5393495926171525
25602,LOF,0.02862385532279412,0.06816152868119475,0.9032146159960113
25603,LOF,0.026617605253917574,0.03785509290783529,0.9355273018382472
25604,LOF,0.029696462224581957,0.07814285223281896,0.892160685542599
25605,LOF,0.03206367758853587,0.1946283583482196,0.7733079640632445
25606,LOF,0.3691701568800802,0.12327625912421016,0.5075535839957096
25607,LOF,0.023808916503885537,0.19590179297750207,0.7802892905186124
25608,LOF,0.03301673051768994,0.06406313127414034,0.9029201382081696
25609,GOF,0.1652707540976124,0.5174818201678268,0.3172474257345608
25610,LOF,0.015688283538660235,0.028565767046398446,0.9557459494149414
25611,LOF,0.01354531833357186,0.032342390465706236,0.9541122912007218
25612,LOF,0.05094377488316553,0.04642912083006249,0.9026271042867718
25613,LOF,0.05037432530838012,0.04806083226994104,0.9015648424216788
25614,LOF,0.020987429686644795,0.027368897946736907,0.9516436723666184
25615,LOF,0.04459561909266532,0.04542086226061993,0.9099835186467147
25616,LOF,0.04828369243928388,0.0313744083676099,0.9203418991931063
25617,LOF,0.04090337908131294,0.04230267461813271,0.9167939463005543
25618,LOF,0.057038120555608675,0.03702138795420915,0.9059404914901821
25619,LOF,0.012994114563832308,0.03396340420235256,0.9530424812338152
25620,LOF,0.05886063110941982,0.048501928233431975,0.8926374406571482
25621,LOF,0.05358935278271411,0.0375899050694324,0.9088207421478535
25622,LOF,0.06663746814870661,0.03569590031851911,0.8976666315327743
25623,LOF,0.07095768977168361,0.030922041791712436,0.898120268436604
25624,LOF,0.0183780506453943,0.03566657825902303,0.9459553710955827
25625,LOF,0.0653264798043516,0.04137049965433436,0.8933030205413142
25626,LOF,0.048759024593761635,0.043196809985408695,0.9080441654208296
25627,Neutral,0.893503378633923,0.017277338975880446,0.0892192823901966
25628,LOF,0.14212887455761042,0.05658710317898982,0.8012840222633998
25629,LOF,0.061392301369267765,0.046911015258418856,0.8916966833723133
25630,LOF,0.2678352788915517,0.07242359209173801,0.6597411290167102
25631,Neutral,0.562512957122686,0.059038468779100906,0.37844857409821314
25632,LOF,0.02616898485650889,0.06788076334680224,0.905950251796689
25633,LOF,0.19119827352889338,0.03319825463356599,0.7756034718375405
25634,LOF,0.03224804915717891,0.08019268348855062,0.8875592673542705
25635,LOF,0.03442772145004844,0.04572928744598022,0.9198429911039713
25636,LOF,0.030871637886767705,0.4384086255292811,0.5307197365839512
25637,GOF,0.06739774530670611,0.4779303194054144,0.45467193528787936
25638,LOF,0.029645499443354564,0.3130076698180396,0.6573468307386058
25639,LOF,0.029132198827474674,0.35550227168725274,0.6153655294852727
25640,Neutral,0.7900633052769337,0.16784014971995614,0.04209654500311025
25641,GOF,0.055067597326056365,0.4852268539023811,0.45970554877156267
25642,LOF,0.037776949349290545,0.15223730190072754,0.809985748749982
25643,LOF,0.21541633805385996,0.1839177580490508,0.6006659038970892
25644,LOF,0.021556537073485472,0.41970888552189106,0.5587345774046234
25645,LOF,0.024488946518270535,0.37895360956246016,0.5965574439192693
25646,LOF,0.05365110406536885,0.30660981089492423,0.639739085039707
25647,LOF,0.024398339532724467,0.23349829309264894,0.7421033673746266
25648,LOF,0.0380713605410401,0.22018973350629453,0.7417389059526653
25649,LOF,0.01852141644218024,0.21589095704017258,0.7655876265176471
25650,LOF,0.05366970190978278,0.3740468213910386,0.5722834766991787
25651,LOF,0.01665173774677436,0.24778489897565356,0.7355633632775721
25652,LOF,0.03760250382372092,0.23638138117256485,0.7260161150037142
25653,LOF,0.09371219768704138,0.378839637487873,0.5274481648250856
25654,LOF,0.026112179380959572,0.19800875620528877,0.7758790644137517
25655,LOF,0.2381528777851482,0.3552655794955517,0.4065815427193002
25656,LOF,0.23828674813228576,0.04607191124849169,0.7156413406192226
25657,LOF,0.06186155187152475,0.05285757707955648,0.8852808710489188
25658,LOF,0.34843803231262077,0.056544077191627,0.5950178904957523
25659,Neutral,0.5119162988076925,0.08863727469440591,0.3994464264979017
25660,LOF,0.02191240633930442,0.08642061625818023,0.8916669774025153
25661,LOF,0.08776866789094147,0.060876919153774404,0.8513544129552841
25662,LOF,0.03234667535827785,0.037747759691305845,0.9299055649504162
25663,LOF,0.04144082408860772,0.049949578642724125,0.9086095972686682
25664,LOF,0.1394759617294442,0.06630259619088769,0.7942214420796682
25665,LOF,0.05699273661297154,0.031638785567507835,0.9113684778195207
25666,LOF,0.08835273735707475,0.07926390609146346,0.8323833565514619
25667,LOF,0.06648859602288074,0.04042251012769331,0.8930888938494259
25668,LOF,0.03587643692753619,0.05132112697548161,0.9128024360969823
25669,LOF,0.029713439735773308,0.0539698883605947,0.916316671903632
25670,LOF,0.15070925471585872,0.06448971853126381,0.7848010267528774
25671,LOF,0.0988966772159182,0.03521467907296035,0.8658886437111214
25672,LOF,0.05633413178852579,0.0436491196153247,0.9000167485961496
25673,LOF,0.07893560955873503,0.048298408360917484,0.8727659820803475
25674,LOF,0.067972047321524,0.056533585615002636,0.8754943670634734
25675,LOF,0.11714189964404642,0.058066473265635465,0.8247916270903182
25676,LOF,0.0181282589464591,0.05087637733053152,0.9309953637230093
25677,LOF,0.02470814307058402,0.06827160898966105,0.9070202479397549
25678,LOF,0.19787223180339583,0.05740541822676359,0.7447223499698405
25679,LOF,0.12913572578762877,0.08109327265994261,0.7897710015524286
25680,LOF,0.03162403323109884,0.10715293045303667,0.8612230363158645
25681,LOF,0.049547587490557675,0.09933517787409298,0.8511172346353493
25682,LOF,0.12960837037910602,0.07582712689331385,0.7945645027275802
25683,LOF,0.11457179708121745,0.09631617937676433,0.7891120235420183
25684,LOF,0.04146230312960663,0.07660532842437427,0.8819323684460191
25685,LOF,0.12378181532659129,0.05021088097756178,0.8260073036958471
25686,LOF,0.07641369825080342,0.08003499775080464,0.8435513039983918
25687,LOF,0.1243343081062698,0.08745541466580237,0.7882102772279277
25688,LOF,0.3163907754369463,0.03883358683232363,0.6447756377307301
25689,LOF,0.23791433623730232,0.04114633388668668,0.720939329876011
25690,LOF,0.35611558069614596,0.031045816229661197,0.6128386030741928
25691,Neutral,0.6924761871928611,0.0242763759327986,0.28324743687434023
25692,LOF,0.2999508556778265,0.011278664851757022,0.6887704794704165
25693,LOF,0.046102204721856256,0.4269579787173989,0.526939816560745
25694,LOF,0.1175815409199148,0.017443197732021066,0.8649752613480641
25695,LOF,0.11455678516341238,0.016102918243219914,0.8693402965933678
25696,LOF,0.10851266496304678,0.009386716474515727,0.8821006185624376
25697,LOF,0.12244517951680531,0.03014988716769105,0.8474049333155036
25698,LOF,0.3643777160039792,0.18578309480196398,0.44983918919405685
25699,LOF,0.4296656963262547,0.03889304005678186,0.5314412636169635
25700,LOF,0.059887276134209126,0.008388758603515513,0.9317239652622754
25701,LOF,0.14055384857090375,0.04789076363483877,0.8115553877942575
25702,GOF,0.16158154348844517,0.5705531053055592,0.26786535120599564
25703,LOF,0.01786822077443143,0.14860976022953964,0.8335220189960288
25704,LOF,0.04567074547152279,0.10518383195644987,0.8491454225720274
25705,LOF,0.060123829779686826,0.20213423346440298,0.7377419367559102
25706,LOF,0.09775062171079538,0.3797411967017026,0.5225081815875019
25707,LOF,0.08959634671358228,0.30496441708392735,0.6054392362024904
25708,LOF,0.02923536579677575,0.2622427788686412,0.7085218553345831
25709,LOF,0.06110692704662544,0.040509870178062506,0.8983832027753119
25710,LOF,0.012350933409933049,0.13320286542353013,0.8544462011665368
25711,LOF,0.017649081566744444,0.09993730208315482,0.8824136163501008
25712,LOF,0.014150090966850565,0.1911773051804755,0.794672603852674
25713,LOF,0.01820337741177346,0.08526601261698181,0.8965306099712447
25714,LOF,0.06718479200473304,0.08150151646151936,0.8513136915337476
25715,LOF,0.010893743068540641,0.13952331315388705,0.8495829437775723
25716,LOF,0.015094705719382243,0.11718883904068786,0.8677164552399298
25717,LOF,0.012995975210236512,0.07872663301740854,0.9082773917723549
25718,LOF,0.012212535046438537,0.10074357611032383,0.8870438888432376
25719,LOF,0.01761119147821341,0.07954718115022519,0.9028416273715615
25720,LOF,0.022123834677572677,0.06651670490977414,0.9113594604126533
25721,LOF,0.015108645907889223,0.11485214511215366,0.8700392089799571
25722,LOF,0.013571527844420186,0.12807091330113635,0.8583575588544434
25723,LOF,0.023417832944596227,0.04371530333691602,0.9328668637184878
25724,LOF,0.023770399175561143,0.08433919427506653,0.8918904065493723
25725,LOF,0.011676846896672803,0.06764528481342831,0.9206778682898988
25726,LOF,0.014673371102768028,0.10374652590239361,0.8815801029948382
25727,LOF,0.012857618654030963,0.07987188426318168,0.9072704970827874
25728,LOF,0.009211765757851478,0.12267780467530505,0.8681104295668434
25729,LOF,0.00971558371884743,0.11695416483920515,0.8733302514419474
25730,LOF,0.01288297623593689,0.09055444026149977,0.8965625835025635
25731,LOF,0.019952154411505385,0.11413078009395598,0.8659170654945386
25732,LOF,0.014132039373213362,0.08194371939311768,0.903924241233669
25733,LOF,0.015333249852778412,0.07151094336178315,0.9131558067854384
25734,LOF,0.012187990159102586,0.11398072537607663,0.8738312844648207
25735,LOF,0.013716271027743037,0.08382008970332555,0.9024636392689314
25736,LOF,0.014061493616809898,0.1073825467426644,0.8785559596405257
25737,LOF,0.021606678401575714,0.08296916299314919,0.895424158605275
25738,LOF,0.01191631514524337,0.10026521304487335,0.8878184718098833
25739,LOF,0.019938240019650468,0.07346167912983527,0.9066000808505142
25740,LOF,0.027829748280882347,0.1045139313800253,0.8676563203390923
25741,LOF,0.0156887161256193,0.1082266939895072,0.8760845898848736
25742,LOF,0.11073945762181524,0.076029059191722,0.8132314831864627
25743,LOF,0.03008890955018728,0.03373618779728037,0.9361749026525323
25744,Neutral,0.6019940778964248,0.187527893970432,0.21047802813314326
25745,LOF,0.08137785462914637,0.07031733506366435,0.8483048103071892
25746,LOF,0.04034120770727304,0.08960398416512144,0.8700548081276055
25747,LOF,0.02246674019256681,0.04411334506861388,0.9334199147388195
25748,LOF,0.09707316152061574,0.05819953476181509,0.8447273037175691
25749,LOF,0.027529827661833085,0.08215618737249174,0.8903139849656753
25750,LOF,0.08470050374254498,0.08607833245489585,0.8292211638025592
25751,LOF,0.0840171360434167,0.0644902729661967,0.8514925909903867
25752,GOF,0.11455662145904903,0.6460738291797093,0.23936954936124155
25753,LOF,0.02111762337439956,0.28151483852035447,0.697367538105246
25754,GOF,0.010432618631665672,0.7842298787997497,0.20533750256858463
25755,LOF,0.02515618934799264,0.37317164054961,0.6016721701023975
25756,LOF,0.042233580126778705,0.3509430493614652,0.606823370511756
25757,GOF,0.01325412095877303,0.8335152834326668,0.15323059560856023
25758,GOF,0.027418273862077625,0.8169562497373958,0.15562547640052657
25759,GOF,0.011143965154412922,0.552149856625892,0.43670617821969515
25760,LOF,0.012105054064074939,0.23931949766347038,0.7485754482724546
25761,GOF,0.27064944866175855,0.6285312316502032,0.10081931968803817
25762,LOF,0.03732603207733124,0.24624972939004858,0.7164242385326203
25763,LOF,0.014508687797494544,0.19672204872302865,0.7887692634794768
25764,GOF,0.0800012481886644,0.6117037510177245,0.30829500079361116
25765,GOF,0.03875569300248332,0.7482094099229262,0.2130348970745906
25766,GOF,0.05831620877174405,0.7297208075218339,0.2119629837064222
25767,GOF,0.13371632838502004,0.5698712118193165,0.2964124597956635
25768,LOF,0.0901654711503781,0.07173148655320133,0.8381030422964205
25769,LOF,0.07126321069446093,0.06723148686129816,0.8615053024442408
25770,LOF,0.2919018398677296,0.08469314778320702,0.6234050123490633
25771,LOF,0.039040231842264024,0.04986386748240599,0.91109590067533
25772,LOF,0.016489896730590068,0.035491682161250857,0.9480184211081591
25773,LOF,0.04611169985827368,0.08884270730943798,0.8650455928322884
25774,LOF,0.02822478540819503,0.07159031004686021,0.9001849045449447
25775,LOF,0.04867099120687294,0.047938865468096906,0.9033901433250302
25776,LOF,0.06398282071829393,0.02535376881135714,0.9106634104703489
25777,LOF,0.344350675113908,0.05275277809048272,0.6028965467956092
25778,LOF,0.06392386048645486,0.05040639035717025,0.8856697491563749
25779,GOF,0.39219827135756147,0.5663955235363596,0.041406205106078994
25780,GOF,0.31270569104624457,0.6187759637765095,0.0685183451772459
25781,GOF,0.1455001412804915,0.7561963246442772,0.09830353407523137
25782,GOF,0.22263677518635636,0.7084897148755598,0.0688735099380839
25783,GOF,0.025523099730259617,0.6318689614446681,0.34260793882507223
25784,Neutral,0.5286451599113613,0.43448672496064666,0.036868115127992096
25785,GOF,0.44441299682254126,0.5194390990188609,0.036147904158597796
25786,GOF,0.029837378835415568,0.735697129048121,0.2344654921164633
25787,Neutral,0.6535377521767464,0.3223782444320943,0.02408400339115934
25788,LOF,0.05814237380671448,0.10340300556278381,0.8384546206305017
25789,GOF,0.23057512496290475,0.6402287968516227,0.12919607818547252
25790,GOF,0.24245031440091291,0.6461674393508434,0.11138224624824374
25791,GOF,0.17809848341439874,0.650280440826932,0.17162107575866914
25792,GOF,0.37802395028248614,0.4941012149746327,0.12787483474288117
25793,GOF,0.2517234895436438,0.5096174853084068,0.23865902514794937
25794,GOF,0.32682463732852013,0.5076829328150497,0.1654924298564303
25795,GOF,0.09754498711590741,0.6721602491462291,0.23029476373786353
25796,Neutral,0.5635056140660659,0.36037038679241384,0.07612399914152021
25797,GOF,0.09561115661854926,0.5335511487257725,0.37083769465567834
25798,LOF,0.010061794494753947,0.48552421651103744,0.5044139889942085
25799,LOF,0.008492336828216474,0.3656504553490128,0.6258572078227707
25800,GOF,0.037988896304711396,0.5940832592463247,0.36792784444896387
25801,GOF,0.22149441323147298,0.6559250587744528,0.12258052799407425
25802,GOF,0.08800054865591797,0.6702518181643431,0.24174763317973885
25803,GOF,0.041566055677412776,0.5675294252076355,0.39090451911495167
25804,LOF,0.03642642793710783,0.4539457188393816,0.5096278532235105
25805,GOF,0.13083393559364517,0.5837187990762441,0.2854472653301106
25806,GOF,0.12329508134531066,0.5852219008540129,0.29148301780067637
25807,GOF,0.02109708535979742,0.6134047690475779,0.36549814559262467
25808,GOF,0.09489203822789746,0.6268668510013915,0.27824111077071106
25809,GOF,0.019681879878943886,0.5756982417308678,0.4046198783901883
25810,GOF,0.019075557623194756,0.6195820271263273,0.36134241525047794
25811,Neutral,0.48165048117162956,0.4354225314374103,0.08292698739096034
25812,GOF,0.03555742858257295,0.624410234986524,0.340032336430903
25813,Neutral,0.5372873330079366,0.3761030011718469,0.08660966582021652
25814,GOF,0.1253044556075455,0.6413141796288093,0.23338136476364518
25815,GOF,0.2088446786546168,0.6245221841889615,0.1666331371564215
25816,GOF,0.02340153268388807,0.6864691253594862,0.29012934195662576
25817,GOF,0.2469269621381438,0.6233707399708552,0.1297022978910009
25818,GOF,0.058763493772172055,0.6371088816563779,0.3041276245714501
25819,GOF,0.40239689838365017,0.46423402643740713,0.13336907517894275
25820,GOF,0.2064862781556381,0.5823235104950395,0.21119021134932242
25821,GOF,0.06543088910532187,0.659736816344158,0.27483229455051994
25822,GOF,0.23277034003028307,0.5471239280185625,0.22010573195115435
25823,GOF,0.037416122259895324,0.500245894053385,0.46233798368671963
25824,GOF,0.10002774034992931,0.5942943109997548,0.3056779486503159
25825,GOF,0.04028413918376177,0.5925596152583281,0.36715624555791015
25826,GOF,0.01639719665206659,0.5557324226960931,0.4278703806518403
25827,GOF,0.03162750429976297,0.569185832256095,0.39918666344414194
25828,GOF,0.01595873018095029,0.4953850000662056,0.4886562697528441
25829,GOF,0.006229539238180635,0.5476416758009048,0.44612878496091457
25830,LOF,0.03795348556626181,0.28985289051299756,0.6721936239207406
25831,GOF,0.24675573148538416,0.6324338039876202,0.12081046452699575
25832,GOF,0.03702125939434536,0.7109452558878283,0.25203348471782633
25833,GOF,0.1389519830748962,0.7167104668256633,0.14433755009944046
25834,GOF,0.037578143978386956,0.727159982055911,0.23526187396570206
25835,GOF,0.07862673256449212,0.7711144843717023,0.15025878306380558
25836,GOF,0.040462241571027034,0.7099533226279324,0.24958443580104062
25837,GOF,0.027890495477020317,0.5942449333915498,0.37786457113142974
25838,GOF,0.1017702684796358,0.7694134853453695,0.12881624617499482
25839,GOF,0.30387190464455005,0.5653272583906841,0.1308008369647658
25840,GOF,0.261970035875589,0.600046093633898,0.1379838704905129
25841,GOF,0.24703141555592623,0.6313059672519592,0.12166261719211457
25842,GOF,0.1836209403861194,0.6940700409424806,0.1223090186714
25843,GOF,0.2605413500598597,0.6570901658839899,0.08236848405615034
25844,GOF,0.07144499622671789,0.7110163383329325,0.21753866544034955
25845,LOF,0.017467862300530088,0.4519945648545256,0.5305375728449443
25846,GOF,0.1512619772964246,0.7178792758097431,0.1308587468938324
25847,GOF,0.1268081391685812,0.7741465804311801,0.09904528040023867
25848,GOF,0.04537050520391527,0.6800217443745947,0.27460775042149005
25849,GOF,0.012504916499529338,0.5533490737307406,0.43414600976973006
25850,GOF,0.024056860282391082,0.6428192981815021,0.333123841536107
25851,GOF,0.02114264951763864,0.5060532580217034,0.472804092460658
25852,GOF,0.1650370632372236,0.531321400790631,0.3036415359721454
25853,GOF,0.3634043279179187,0.5697765635184716,0.06681910856360962
25854,GOF,0.02600711856230674,0.5946206805640569,0.3793722008736363
25855,GOF,0.03982521670877471,0.5737595409404361,0.38641524235078906
25856,GOF,0.26574401620974847,0.5278327630981623,0.2064232206920892
25857,GOF,0.03951398066346302,0.49641278902000313,0.4640732303165338
25858,GOF,0.024068306837076177,0.5225904938310055,0.45334119933191824
25859,LOF,0.01174328176895352,0.4900384334329347,0.4982182847981118
25860,GOF,0.3742807372938828,0.5419756689600695,0.0837435937460475
25861,GOF,0.4320889142186972,0.4830703748064574,0.08484071097484544
25862,GOF,0.08745107367105663,0.7731205847610354,0.13942834156790807
25863,GOF,0.08604817913165312,0.7789129344242492,0.13503888644409762
25864,GOF,0.22294254191685084,0.7075165433975865,0.06954091468556248
25865,GOF,0.1082239324085246,0.784560045956698,0.10721602163477738
25866,GOF,0.06678585401673075,0.7810224750361004,0.15219167094716884
25867,GOF,0.10224838801194289,0.7976556209872542,0.10009599100080291
25868,GOF,0.24830012061953774,0.652293758946293,0.09940612043416931
25869,Neutral,0.7221901428519891,0.23534154312630673,0.04246831402170415
25870,GOF,0.307063162228508,0.3596145541349935,0.3333222836364986
25871,GOF,0.24087543487585947,0.6150304335975139,0.14409413152662673
25872,GOF,0.06899572078308659,0.6375080275126108,0.2934962517043026
25873,GOF,0.11871078465257687,0.667564696869613,0.21372451847781024
25874,LOF,0.015877015289887324,0.11072016394396517,0.8734028207661474
25875,LOF,0.10167889058227259,0.043096654170420946,0.8552244552473064
25876,LOF,0.0361861439233566,0.02792517722561347,0.9358886788510299
25877,Neutral,0.4878777654493342,0.04951603874728661,0.4626061958033793
25878,LOF,0.21899303826482247,0.0983825571471145,0.6826244045880631
25879,LOF,0.08737877554128563,0.09555596603801098,0.8170652584207034
25880,LOF,0.04291709525722117,0.015320875991447058,0.9417620287513319
25881,LOF,0.17416996986109187,0.12878685657853517,0.6970431735603729
25882,LOF,0.058764783471465694,0.01687053501108133,0.924364681517453
25883,LOF,0.06542422822861466,0.019420249827075384,0.9151555219443099
25884,LOF,0.030352911544708563,0.02936845520787695,0.9402786332474143
25885,LOF,0.06037905887513421,0.012939657056385665,0.9266812840684802
25886,LOF,0.25286629985081466,0.037972183571077525,0.7091615165781079
25887,LOF,0.1536881195634405,0.07225801495923771,0.7740538654773218
25888,LOF,0.06695962303449177,0.06414907936493865,0.8688912976005697
25889,LOF,0.03972078714118707,0.021786810128340946,0.938492402730472
25890,LOF,0.04995722537361134,0.1752401611274049,0.7748026134989838
25891,LOF,0.03790688983060981,0.05300359332073573,0.9090895168486544
25892,LOF,0.09669026798902929,0.023680241332228628,0.879629490678742
25893,LOF,0.25384410635471466,0.021368161460335464,0.72478773218495
25894,LOF,0.18815790231026483,0.011581801154550087,0.800260296535185
25895,LOF,0.2203629154202793,0.022820015608899222,0.7568170689708215
25896,LOF,0.05154018150646296,0.025042635691146817,0.9234171828023903
25897,LOF,0.27414068297414484,0.01272765652475595,0.7131316605010991
25898,Neutral,0.7093733276832718,0.010305581646093161,0.280321090670635
25899,LOF,0.22216982022080783,0.022202926175081114,0.755627253604111
25900,LOF,0.4533446107059305,0.014442341830184818,0.5322130474638848
25901,LOF,0.05953234183963093,0.013086490954956589,0.9273811672054125
25902,LOF,0.16761395994800038,0.015092286518026833,0.8172937535339728
25903,Neutral,0.5756048244517902,0.028415034163012866,0.3959801413851969
25904,LOF,0.3294035445504256,0.04653942384383728,0.6240570316057371
25905,LOF,0.025810303640708604,0.33352449250980987,0.6406652038494816
25906,LOF,0.033855565216149935,0.07400173202307488,0.8921427027607751
25907,LOF,0.014099294000757023,0.3438765318322781,0.6420241741669649
25908,LOF,0.010472642593779495,0.26151089880992257,0.7280164585962979
25909,LOF,0.013065307929546854,0.12109266801016846,0.8658420240602847
25910,LOF,0.051241775138126784,0.14133490866769924,0.8074233161941741
25911,LOF,0.20171221930859984,0.018716615567969903,0.7795711651234302
25912,LOF,0.048515664330289206,0.03808183159134175,0.9134025040783691
25913,LOF,0.33652011345648186,0.02071750961776857,0.6427623769257496
25914,LOF,0.018660771908195862,0.06760563122977951,0.9137335968620245
25915,Neutral,0.5852331170361637,0.167129329459743,0.24763755350409347
25916,LOF,0.08563862870875931,0.24451980366546106,0.6698415676257796
25917,LOF,0.06617331227877173,0.04809981533582267,0.8857268723854057
25918,LOF,0.02072059518294529,0.04325368278684812,0.9360257220302066
25919,LOF,0.01774287006945794,0.04582846601023514,0.936428663920307
25920,GOF,0.1056979902455902,0.5651324767095917,0.32916953304481816
25921,LOF,0.024228635515453213,0.028713943909557504,0.9470574205749892
25922,LOF,0.035586185246496635,0.02013586825705481,0.9442779464964487
25923,LOF,0.4382159611170137,0.024175320415829142,0.5376087184671571
25924,LOF,0.03818868283998415,0.033671821559599815,0.9281394956004161
25925,LOF,0.06556613131789371,0.030064218346762855,0.9043696503353434
25926,LOF,0.04615206210976398,0.026060449178880896,0.9277874887113551
25927,LOF,0.06324350550496123,0.10738191270087892,0.8293745817941598
25928,LOF,0.018556987297679673,0.036829786705590825,0.9446132259967295
25929,Neutral,0.5522267199180988,0.025773300696701865,0.4219999793851994
25930,LOF,0.07175290470654382,0.022701246799987453,0.9055458484934686
25931,LOF,0.02649232405546363,0.022523280872639984,0.9509843950718964
25932,LOF,0.028908531615221347,0.018692758188479323,0.9523987101962993
25933,LOF,0.03927330534539808,0.014238184635047214,0.9464885100195547
25934,LOF,0.02431259124204353,0.015474551104479888,0.9602128576534765
25935,LOF,0.05769577223224007,0.03779175845050552,0.9045124693172545
25936,LOF,0.04355757179304371,0.016336294966213364,0.940106133240743
25937,LOF,0.02594552329083539,0.026374806862669305,0.9476796698464954
25938,LOF,0.058821509970013994,0.03885575512634685,0.9023227349036391
25939,LOF,0.038960311948832926,0.014931165395639222,0.9461085226555279
25940,LOF,0.02828772958494328,0.3839088488943192,0.5878034215207376
25941,LOF,0.18689281757254322,0.1264644182224012,0.6866427642050555
25942,LOF,0.0130583161211993,0.031993563462704676,0.9549481204160961
25943,LOF,0.31236682527586596,0.05392628635445913,0.6337068883696749
25944,Neutral,0.5055481074613064,0.026195415016355666,0.4682564775223379
25945,LOF,0.07269249723949468,0.022821041245189366,0.9044864615153159
25946,LOF,0.03083921556424411,0.11363983423092001,0.8555209502048359
25947,LOF,0.09649332281891716,0.24347373575229123,0.6600329414287917
25948,LOF,0.3612402386929028,0.007442532076383287,0.631317229230714
25949,LOF,0.12110810905675738,0.03681904809204273,0.8420728428511999
25950,GOF,0.31764238954420326,0.3750201425085603,0.30733746794723643
25951,LOF,0.2113273917396289,0.2698092610280889,0.5188633472322822
25952,LOF,0.045082808249100055,0.45878130170959125,0.49613589004130865
25953,LOF,0.150937723959497,0.10617437386391103,0.742887902176592
25954,Neutral,0.48591788759593807,0.17028831560944302,0.34379379679461897
25955,LOF,0.05763081686209019,0.07949509524004661,0.8628740878978632
25956,LOF,0.1705353018584895,0.10346630206174662,0.7259983960797639
25957,LOF,0.03924498436168523,0.027894034734946206,0.9328609809033686
25958,LOF,0.05822363056090045,0.028296114918566647,0.9134802545205329
25959,LOF,0.0718898888921065,0.347409106083988,0.5807010050239055
25960,LOF,0.016925193669677013,0.05420151345551138,0.9288732928748117
25961,LOF,0.04590886903085619,0.029556027989204006,0.9245351029799399
25962,LOF,0.05378489887673183,0.02577333224998029,0.9204417688732879
25963,LOF,0.048575599166821255,0.2080352239174882,0.7433891769156907
25964,LOF,0.031125963097891708,0.17119410609088814,0.7976799308112201
25965,LOF,0.4350623518127372,0.06472596086754483,0.500211687319718
25966,Neutral,0.5299390048072838,0.16386133232076652,0.3061996628719497
25967,LOF,0.01776637169431763,0.1037663684845524,0.8784672598211299
25968,LOF,0.02642595353249433,0.42118726549546304,0.5523867809720426
25969,LOF,0.02701667122623018,0.06599856060553108,0.9069847681682387
25970,LOF,0.05738553797894865,0.059732702454018315,0.8828817595670331
25971,LOF,0.06154749328410787,0.019477991530949448,0.9189745151849426
25972,LOF,0.06652180096115172,0.025143857805758757,0.9083343412330895
25973,LOF,0.07076846824629403,0.00969450729638111,0.919537024457325
25974,LOF,0.20262058278295866,0.018177475173627923,0.7792019420434133
25975,LOF,0.04119229730853121,0.027222288966118134,0.9315854137253506
25976,LOF,0.039510762457158385,0.017807055969153218,0.9426821815736883
25977,LOF,0.1630217403038971,0.09184140824616539,0.7451368514499376
25978,LOF,0.1442856281524776,0.06774528092529881,0.7879690909222236
25979,LOF,0.13638380358453328,0.06500304552052631,0.7986131508949403
25980,LOF,0.22824982392718607,0.07885981357261677,0.6928903625001972
25981,LOF,0.2565578391867823,0.07729683522596169,0.6661453255872561
25982,LOF,0.4089421592893887,0.048899985384341184,0.5421578553262701
25983,LOF,0.39384206230177143,0.05875762002145931,0.5474003176767692
25984,LOF,0.04682924880745113,0.04200384160521065,0.9111669095873381
25985,LOF,0.03884226608212307,0.24786609584484087,0.7132916380730361
25986,LOF,0.04749044844731359,0.30866934709344307,0.6438402044592434
25987,LOF,0.08688555343024694,0.0614709350113792,0.8516435115583738
25988,LOF,0.15909684798833396,0.05666650015419712,0.7842366518574689
25989,LOF,0.03424460671052338,0.11562994628140254,0.850125447008074
25990,LOF,0.044498349858270905,0.1502659764665246,0.8052356736752044
25991,LOF,0.1179878688723675,0.3361659743801795,0.545846156747453
25992,LOF,0.28280790889008284,0.2177815244720224,0.4994105666378948
25993,LOF,0.02126362863447212,0.09067754399220058,0.8880588273733273
25994,LOF,0.015857231102892787,0.1164794426362608,0.8676633262608465
25995,LOF,0.021580604135438747,0.2449600531934411,0.7334593426711202
25996,GOF,0.2927682848424108,0.4959671627879687,0.21126455236962055
25997,LOF,0.07964155008381073,0.45781108414588895,0.4625473657703003
25998,Neutral,0.4895587517341106,0.021862164086201324,0.4885790841796881
25999,LOF,0.09934117420772881,0.09353932993286014,0.807119495859411
26000,LOF,0.14997375742951738,0.03833453977057899,0.8116917027999037
26001,LOF,0.19518556250740704,0.04550910969464783,0.759305327797945
26002,LOF,0.15070156927471653,0.041599354103586166,0.8076990766216973
26003,GOF,0.010293771312980128,0.5987413067205034,0.3909649219665165
26004,GOF,0.020673695292143784,0.6797996023387296,0.2995267023691265
26005,LOF,0.006779044478576698,0.4622259962034374,0.5309949593179859
26006,Neutral,0.4961551724869216,0.2697109366626084,0.23413389085046996
26007,GOF,0.019067721133243898,0.5320250399961076,0.4489072388706485
26008,GOF,0.014098044976383742,0.6220538731521387,0.3638480818714775
26009,GOF,0.0208678862935183,0.6764062040403369,0.3027259096661448
26010,GOF,0.021481855273080795,0.6619963912906542,0.3165217534362649
26011,LOF,0.00620878191346335,0.4661576696470211,0.5276335484395156
26012,GOF,0.012067193460161699,0.5609541524277003,0.426978654112138
26013,GOF,0.019046300839785268,0.62120647240223,0.35974722675798476
26014,LOF,0.04172681178530801,0.10282661926645349,0.8554465689482386
26015,LOF,0.17235811949377694,0.014218450016597715,0.8134234304896254
26016,LOF,0.20200117158377462,0.05689575757690325,0.7411030708393221
26017,LOF,0.2246927450952387,0.0914737732886454,0.6838334816161159
26018,LOF,0.08410820278415973,0.030729556925393395,0.885162240290447
26019,LOF,0.08044266306040405,0.024707413462996188,0.8948499234765998
26020,LOF,0.06981491445011932,0.10961550299400569,0.820569582555875
26021,LOF,0.04750124131662995,0.1141566198584922,0.838342138824878
26022,LOF,0.010826464549369424,0.03356522297055197,0.9556083124800786
26023,LOF,0.06978488066663881,0.018674262099761987,0.9115408572335992
26024,LOF,0.03015042756032284,0.12107693409106655,0.8487726383486106
26025,LOF,0.16306468954530115,0.08420812566782117,0.7527271847868777
26026,LOF,0.3292441441226628,0.025650692802633348,0.6451051630747039
26027,LOF,0.0636905111204388,0.014383479888461287,0.9219260089910999
26028,LOF,0.1672346389522324,0.062498312580058425,0.7702670484677092
26029,LOF,0.06709179304434795,0.2078743883515454,0.7250338186041067
26030,LOF,0.02135787517922932,0.0634264722569456,0.915215652563825
26031,LOF,0.02554735255879439,0.15754456440398754,0.8169080830372181
26032,LOF,0.06669804580212028,0.09993800397548978,0.83336395022239
26033,LOF,0.08096696443737053,0.09477563920840108,0.8242573963542282
26034,LOF,0.042459732697153314,0.17636980088079948,0.7811704664220471
26035,LOF,0.024540382656783336,0.1675047986875086,0.8079548186557081
26036,LOF,0.03753525991958932,0.1964173005121409,0.7660474395682697
26037,LOF,0.02103780433988094,0.13725721757763004,0.8417049780824889
26038,LOF,0.06229872263337993,0.10333166510045542,0.8343696122661647
26039,LOF,0.046910922864263765,0.171978803916216,0.7811102732195202
26040,LOF,0.20137455027939047,0.14381551220353775,0.6548099375170717
26041,LOF,0.02209792829020762,0.12673793016672216,0.8511641415430701
26042,LOF,0.020140146209204422,0.11986929068811317,0.8599905631026824
26043,LOF,0.06293984923662403,0.12117462962973982,0.8158855211336361
26044,LOF,0.020266979516429084,0.07789516757780472,0.9018378529057661
26045,LOF,0.06994990933696392,0.10774219084423386,0.8223078998188023
26046,LOF,0.05673422388750209,0.09327313155564637,0.8499926445568516
26047,LOF,0.07343368614976391,0.09848882737378552,0.8280774864764505
26048,LOF,0.048628824516622954,0.04208806766045868,0.9092831078229184
26049,Neutral,0.9657695609069479,0.008085260197987975,0.026145178895064194
26050,Neutral,0.9513972210926903,0.010589734225258152,0.038013044682051564
26051,LOF,0.04697670202189141,0.2875622473621922,0.6654610506159164
26052,LOF,0.06312844198894928,0.3514438549180724,0.5854277030929783
26053,LOF,0.054044399942709494,0.12443369126494414,0.8215219087923463
26054,LOF,0.050749682819993126,0.01676836108903541,0.9324819560909715
26055,LOF,0.07382928107304562,0.01385484860730587,0.9123158703196484
26056,LOF,0.0633481428726307,0.01592870039221253,0.9207231567351568
26057,LOF,0.031001100658272447,0.012417389454740442,0.9565815098869872
26058,LOF,0.03192543063817622,0.009933052132153319,0.9581415172296706
26059,LOF,0.2635475147558375,0.01990068092276369,0.7165518043213988
26060,LOF,0.04202989673102925,0.20580780895221965,0.7521622943167512
26061,LOF,0.01824859372837975,0.009947457687485802,0.9718039485841344
26062,LOF,0.010866135615368472,0.015811672692052435,0.9733221916925792
26063,LOF,0.02045962082402581,0.01150800768280623,0.9680323714931679
26064,LOF,0.02202748959982977,0.02011544621997439,0.9578570641801958
26065,LOF,0.025136715042042197,0.010937258656999337,0.9639260263009586
26066,LOF,0.022018610300410267,0.01202298099804001,0.9659584087015498
26067,LOF,0.026436787276622464,0.008915388147865385,0.9646478245755122
26068,LOF,0.04358926122086548,0.02636819633184665,0.9300425424472879
26069,LOF,0.2598627609086236,0.018258362786893963,0.7218788763044826
26070,LOF,0.40291755010690833,0.016615654923954767,0.580466794969137
26071,LOF,0.020892077094233616,0.011720296405407067,0.9673876265003594
26072,LOF,0.022346943020673304,0.014426945083682424,0.9632261118956442
26073,LOF,0.020591905009557942,0.009962230741175358,0.9694458642492667
26074,Neutral,0.9163799746002913,0.005295698740746878,0.07832432665896179
26075,LOF,0.04619717249833757,0.013898136753876343,0.939904690747786
26076,LOF,0.04060031434918709,0.009466829916722574,0.9499328557340904
26077,LOF,0.010113213460907457,0.014035289211788782,0.9758514973273038
26078,LOF,0.013346546182111008,0.01157643449117196,0.9750770193267171
26079,LOF,0.060448639054600545,0.015399578142841644,0.9241517828025578
26080,LOF,0.05920848016914512,0.015417929421175395,0.9253735904096795
26081,LOF,0.034108627518767566,0.006506794772672861,0.9593845777085597
26082,LOF,0.014893307451108319,0.01477120371795787,0.9703354888309339
26083,LOF,0.18630669352662543,0.013163788698661074,0.8005295177747135
26084,LOF,0.045133574117948695,0.011669580888210958,0.9431968449938404
26085,LOF,0.04117808155982981,0.011180721215487936,0.9476411972246822
26086,LOF,0.0203539942958818,0.01084409832360873,0.9688019073805095
26087,LOF,0.024302180847532093,0.008251933456508365,0.9674458856959595
26088,LOF,0.01663849870133791,0.022034181169056116,0.961327320129606
26089,LOF,0.044327207337273605,0.01961390518826124,0.9360588874744652
26090,LOF,0.04387914696650553,0.015882690470133198,0.9402381625633612
26091,LOF,0.034499916500065675,0.006344086339300318,0.959155997160634
26092,LOF,0.02299357057881071,0.007941284374482686,0.9690651450467066
26093,LOF,0.03453275569233674,0.00569750552504114,0.9597697387826221
26094,LOF,0.03689021100073435,0.00577427192822434,0.9573355170710414
26095,LOF,0.03761967350652529,0.012292985455200345,0.9500873410382743
26096,LOF,0.017680784593921577,0.011309753503637374,0.971009461902441
26097,LOF,0.011597446488369134,0.032610491088811464,0.9557920624228196
26098,LOF,0.08240552734422167,0.010222921324625217,0.9073715513311531
26099,LOF,0.02184507443593562,0.011849180086057157,0.9663057454780072
26100,LOF,0.024290385357244527,0.011486253416064364,0.9642233612266912
26101,LOF,0.0509749552646468,0.01497195961182817,0.9340530851235251
26102,LOF,0.021199886085741478,0.012548181223163406,0.9662519326910952
26103,Neutral,0.8844202566625737,0.017785558118503138,0.097794185218923
26104,LOF,0.0798133633294378,0.021706506722450596,0.8984801299481117
26105,LOF,0.2129337968930267,0.28879011918180597,0.4982760839251673
26106,LOF,0.17421896049556215,0.11076736815222776,0.7150136713522102
26107,LOF,0.20552223417594256,0.08358626679051409,0.7108914990335434
26108,LOF,0.24776968040270472,0.11486128119293866,0.6373690384043568
26109,LOF,0.08964622232452925,0.06230741031494981,0.848046367360521
26110,LOF,0.21633192918923608,0.007312412029738679,0.7763556587810253
26111,Neutral,0.5066030309712855,0.024471651510021408,0.4689253175186931
26112,LOF,0.03253702600785899,0.008565298367975363,0.9588976756241657
26113,LOF,0.06633712393988665,0.02000955349909676,0.9136533225610166
26114,LOF,0.02601476211737829,0.02530012202148076,0.9486851158611409
26115,LOF,0.08137404679933584,0.05104355163813303,0.8675824015625311
26116,LOF,0.06804701788514325,0.058303986042033275,0.8736489960728234
26117,LOF,0.41974034529429705,0.04179343949194996,0.538466215213753
26118,LOF,0.032025590958366115,0.024202872911377977,0.9437715361302559
26119,LOF,0.022577845186626578,0.03481009794101674,0.9426120568723566
26120,LOF,0.025772722598045233,0.018957556586615257,0.9552697208153395
26121,LOF,0.04347518110754537,0.08094676733993618,0.8755780515525184
