feature0,prediction,LoGoFunc_Neutral,LoGoFunc_GOF,LoGoFunc_LOF
25546,Neutral,0.6330482488160774,0.05055155413523866,0.3164001970486841
25547,Neutral,0.45461699726966187,0.09446368455011696,0.45091931818022113
25548,Neutral,0.4783764623369029,0.0800096809318417,0.44161385673125547
25549,LOF,0.40784495516773045,0.07774861068386274,0.5144064341484068
25550,LOF,0.35753524271230025,0.10678837635898708,0.5356763809287127
25551,LOF,0.2910702676738455,0.11879103585468055,0.590138696471474
25552,LOF,0.24779127614318688,0.1213680584905896,0.6308406653662234
25553,Neutral,0.8020846832378201,0.042629849534871214,0.15528546722730868
25554,LOF,0.2918988533819508,0.11052699853120516,0.5975741480868441
25555,LOF,0.2416753262239433,0.10590763929055821,0.6524170344854985
25556,LOF,0.42738504256674636,0.09772209931092635,0.47489285812232734
25557,LOF,0.23626929427888005,0.11036945646738572,0.6533612492537342
25558,LOF,0.3013260637401734,0.1064353895578332,0.5922385467019934
25559,LOF,0.2688746765444268,0.13731448742474994,0.5938108360308233
25560,LOF,0.1913611482843465,0.09098951045497512,0.7176493412606784
25561,LOF,0.17642803232542525,0.10968128393221323,0.7138906837423616
25562,LOF,0.07731711336562146,0.07252663431155325,0.8501562523228253
25563,LOF,0.02388138913734459,0.14339595544749525,0.8327226554151601
25564,LOF,0.21003331264143452,0.11220539494270446,0.677761292415861
25565,LOF,0.2119704336736286,0.154752882239882,0.6332766840864894
25566,GOF,0.09679953113392456,0.6947699832724419,0.20843048559363364
25567,LOF,0.04250487297704351,0.1448139434404125,0.8126811835825439
25568,LOF,0.06779899347229294,0.07751289917161401,0.8546881073560931
25569,LOF,0.06167712272122537,0.08017971032099619,0.8581431669577785
25570,LOF,0.028347866700092043,0.1043450526059626,0.8673070806939454
25571,LOF,0.0275916417574098,0.10838894936850921,0.8640194088740809
25572,LOF,0.06434623276896345,0.12620904767322957,0.809444719557807
25573,LOF,0.05968669852960093,0.09763832825344185,0.8426749732169573
25574,LOF,0.059846022596042124,0.20095474610006273,0.7391992313038951
25575,LOF,0.02451692386947263,0.12314124815233164,0.8523418279781957
25576,LOF,0.030866328787032656,0.165729777178391,0.8034038940345763
25577,LOF,0.029648342632191495,0.13096174894200519,0.8393899084258034
25578,LOF,0.3004167040472189,0.08725248695496919,0.612330808997812
25579,LOF,0.13152388702136822,0.09300418283100059,0.7754719301476312
25580,LOF,0.020845417509245234,0.08691280048075965,0.8922417820099952
25581,LOF,0.058588802332514844,0.07399113595027104,0.8674200617172141
25582,LOF,0.05849695037421923,0.0726543764900204,0.8688486731357604
25583,LOF,0.022265313140846753,0.08143850107820853,0.8962961857809447
25584,Neutral,0.7028093814678195,0.10132280884322796,0.1958678096889526
25585,LOF,0.026631255035490155,0.1534852406986344,0.8198835042658754
25586,LOF,0.01760730983167414,0.07622711009145212,0.9061655800768738
25587,LOF,0.017268090429771298,0.06612240747057184,0.9166095020996567
25588,LOF,0.020968104576217665,0.07196835391348788,0.9070635415102944
25589,Neutral,0.5201239622833577,0.19578977825923077,0.2840862594574115
25590,LOF,0.0469286347413223,0.12469990798057363,0.8283714572781041
25591,LOF,0.102833366814308,0.061584421590648926,0.8355822115950431
25592,LOF,0.05696263305868549,0.1366505709282505,0.8063867960130641
25593,LOF,0.1469980545331236,0.2461446382533994,0.606857307213477
25594,LOF,0.053828724127733096,0.10898318599338322,0.8371880898788836
25595,LOF,0.051901492740158484,0.0783539245328119,0.8697445827270297
25596,LOF,0.10380516524927402,0.042481236991801494,0.8537135977589245
25597,LOF,0.087405803933881,0.054868865024183026,0.857725331041936
25598,LOF,0.0569645932397554,0.08099058687422238,0.8620448198860222
25599,LOF,0.022667191647499682,0.486954835348129,0.4903779730043713
25600,GOF,0.19520050572139752,0.49177208431027697,0.3130274099683254
25601,LOF,0.040044719723751156,0.4128639652992695,0.5470913149769794
25602,LOF,0.032421694372279354,0.06590382666676142,0.9016744789609592
25603,LOF,0.03142585750991274,0.034046515490183775,0.9345276269999034
25604,LOF,0.032348435160146266,0.0717936265648879,0.8958579382749658
25605,LOF,0.03346142773116976,0.2051309386034265,0.7614076336654038
25606,LOF,0.4019621659283431,0.11496513112593205,0.4830727029457248
25607,LOF,0.024700445655212972,0.17816370887576677,0.7971358454690203
25608,LOF,0.029913708275980822,0.0758285454081072,0.894257746315912
25609,GOF,0.1461346126922402,0.5286598152934282,0.32520557201433153
25610,LOF,0.01708853477027528,0.029676005882439644,0.953235459347285
25611,LOF,0.013909167580282001,0.0337843619189516,0.9523064705007663
25612,LOF,0.05100556644341282,0.04400447810319362,0.9049899554533934
25613,LOF,0.04746062375628801,0.04284306196715037,0.9096963142765616
25614,LOF,0.023307175904666105,0.02640633536101586,0.950286488734318
25615,LOF,0.047649842327506145,0.04109608058177801,0.9112540770907158
25616,LOF,0.05761150091968646,0.02970154526020073,0.9126869538201129
25617,LOF,0.04345124584711614,0.04292988174670858,0.9136188724061753
25618,LOF,0.05200157838611728,0.037406306820429724,0.9105921147934531
25619,LOF,0.013910044823393907,0.03384012564258859,0.9522498295340174
25620,LOF,0.06457831095363256,0.04438285770345281,0.8910388313429146
25621,LOF,0.05388990186488218,0.037845673455440085,0.9082644246796777
25622,LOF,0.06273766196342939,0.034636913144791184,0.9026254248917795
25623,LOF,0.07356243190145989,0.02983275176348953,0.8966048163350506
25624,LOF,0.019417146706112443,0.03400017171936689,0.9465826815745206
25625,LOF,0.06243699776021527,0.042259876690078094,0.8953031255497066
25626,LOF,0.0510185567419376,0.042990719936945206,0.9059907233211172
25627,Neutral,0.8998426169089997,0.018107732017151032,0.08204965107384947
25628,LOF,0.12849828302806154,0.057335178925185394,0.8141665380467531
25629,LOF,0.0672897246011416,0.045716347734141786,0.8869939276647166
25630,LOF,0.30176168865115427,0.07099926446806924,0.6272390468807765
25631,Neutral,0.5744389679181698,0.05970704770027626,0.3658539843815539
25632,LOF,0.02639853283382466,0.06980058022239558,0.9038008869437798
25633,LOF,0.13692801196091678,0.040425828458555274,0.822646159580528
25634,LOF,0.03480599174856049,0.07954692814648989,0.8856470801049496
25635,LOF,0.037019303830430735,0.04509916490966881,0.9178815312599005
25636,LOF,0.03691593344743952,0.44217785957512934,0.5209062069774312
25637,LOF,0.0746447966537864,0.43704667580066103,0.4883085275455527
25638,LOF,0.030379065736495927,0.3374537250437858,0.6321672092197184
25639,LOF,0.033759884012696806,0.35771098688873665,0.6085291290985666
25640,Neutral,0.817961065693677,0.14317352811143172,0.0388654061948911
25641,LOF,0.07421625845951557,0.4303140682297953,0.49546967331068914
25642,LOF,0.0460006995168853,0.1555975097476743,0.7984017907354404
25643,LOF,0.18823573672161342,0.14134087962122896,0.6704233836571577
25644,LOF,0.02350347274792122,0.4329535198359324,0.5435430074161464
25645,LOF,0.02784676854605544,0.36680633077067987,0.6053469006832647
25646,LOF,0.06679451963162436,0.30066885937896487,0.6325366209894108
25647,LOF,0.027384120007036255,0.23579459408048484,0.7368212859124789
25648,LOF,0.037368065438361533,0.21622699738870266,0.7464049371729358
25649,LOF,0.018544371524405544,0.20476387579136265,0.7766917526842319
25650,LOF,0.0560769492555734,0.38607428734105464,0.557848763403372
25651,LOF,0.01812359548773489,0.24768005006095153,0.7341963544513136
25652,LOF,0.03931179254524357,0.22598323091548989,0.7347049765392666
25653,LOF,0.08511932123157809,0.36627368366527757,0.5486069951031444
25654,LOF,0.029579983051235128,0.20676685280774693,0.7636531641410179
25655,LOF,0.21960351922881688,0.3608147660856031,0.4195817146855801
25656,LOF,0.35551879640431416,0.046194620669733906,0.5982865829259518
25657,LOF,0.059926516539399115,0.04945072381912486,0.890622759641476
25658,LOF,0.352743424533979,0.05466761410210973,0.5925889613639113
25659,Neutral,0.5533611953319968,0.08561077202658116,0.3610280326414221
25660,LOF,0.022291649778814617,0.08290736667193274,0.8948009835492525
25661,LOF,0.09273745469876647,0.06171261429867666,0.8455499310025569
25662,LOF,0.03529602923322949,0.03320949448661295,0.9314944762801576
25663,LOF,0.04458810878493817,0.04898058315075408,0.9064313080643077
25664,LOF,0.13960837592399658,0.06290372594787169,0.7974878981281316
25665,LOF,0.052930497901026004,0.03206904609093084,0.9150004560080433
25666,LOF,0.08772683990648204,0.07244531001189139,0.8398278500816266
25667,LOF,0.0735802731912383,0.039416967088520535,0.8870027597202411
25668,LOF,0.036270443570509105,0.05120958759099819,0.9125199688384926
25669,LOF,0.032986385262363055,0.053939575760415234,0.9130740389772216
25670,LOF,0.1462694316881416,0.0687166844342446,0.7850138838776138
25671,LOF,0.11437480319694068,0.034923828647368906,0.8507013681556904
25672,LOF,0.04936181285334461,0.04495990457435937,0.905678282572296
25673,LOF,0.07929209656060501,0.05227707861745039,0.8684308248219446
25674,LOF,0.0665042334047345,0.06198964920337423,0.8715061173918912
25675,LOF,0.12118346097896265,0.05779589291928094,0.8210206461017563
25676,LOF,0.018324026780270855,0.05339222555820903,0.92828374766152
25677,LOF,0.025246446350673444,0.07284764150565115,0.9019059121436753
25678,LOF,0.21306416274267936,0.05915119676135389,0.7277846404959667
25679,LOF,0.12313812970250512,0.08312508098467633,0.7937367893128185
25680,LOF,0.02989847922010635,0.1255508677415584,0.8445506530383353
25681,LOF,0.04857124781988611,0.11625685041865144,0.8351719017614625
25682,LOF,0.14652199868128415,0.08148066756687149,0.7719973337518443
25683,LOF,0.11404011272677388,0.09827412278252022,0.7876857644907059
25684,LOF,0.04412202972962484,0.07847853510414912,0.877399435166226
25685,LOF,0.131600506768995,0.05116705907945635,0.8172324341515486
25686,LOF,0.08061937804122546,0.08576165758526434,0.8336189643735101
25687,LOF,0.12516074247811412,0.09365729207055784,0.781181965451328
25688,LOF,0.30787509733177676,0.03849100178510993,0.6536339008831132
25689,LOF,0.22392746111781284,0.040158068674665745,0.7359144702075215
25690,LOF,0.3240155549325469,0.03157564097079426,0.6444088040966589
25691,Neutral,0.7061464981041234,0.02371712638508711,0.27013637551078945
25692,LOF,0.3484380587832494,0.010240438734435493,0.6413215024823151
25693,LOF,0.05656088725135518,0.42066599585513303,0.5227731168935117
25694,LOF,0.12124095487396477,0.013472392666240111,0.8652866524597951
25695,LOF,0.11098751837148334,0.01440162642029208,0.8746108552082247
25696,LOF,0.11522439916181862,0.008661292142037647,0.8761143086961438
25697,LOF,0.09074181428303878,0.0281281834336763,0.881130002283285
25698,LOF,0.3681148245999739,0.19479995745239043,0.43708521794763555
25699,LOF,0.4599978781639179,0.03440097025897994,0.5056011515771022
25700,LOF,0.07150957150846315,0.008409319262861563,0.9200811092286754
25701,LOF,0.15323190180739055,0.04891487694010118,0.7978532212525082
25702,GOF,0.15417801810973433,0.5812423521085514,0.26457962978171423
25703,LOF,0.016470852201138142,0.1647391006854806,0.8187900471133813
25704,LOF,0.04031161359088403,0.10925969056861472,0.8504286958405013
25705,LOF,0.05048357687639407,0.15853308486984913,0.7909833382537569
25706,LOF,0.09708823087034267,0.38211496951373847,0.520796799615919
25707,LOF,0.09033031602572247,0.3016892941208972,0.6079803898533803
25708,LOF,0.028417157020997886,0.2661616542670049,0.7054211887119972
25709,LOF,0.07066181330283851,0.04348655386500258,0.885851632832159
25710,LOF,0.011865038293300876,0.15441102579834853,0.8337239359083507
25711,LOF,0.020190053399852782,0.11106932280476225,0.868740623795385
25712,LOF,0.014096254271570133,0.18415170389797333,0.8017520418304566
25713,LOF,0.020351582067356513,0.08975338987354685,0.8898950280590966
25714,LOF,0.07907772552612116,0.09382331863660606,0.8270989558372728
25715,LOF,0.012017906285137474,0.14530194022442083,0.8426801534904417
25716,LOF,0.014758834590886737,0.12310659397224669,0.8621345714368664
25717,LOF,0.011481079278785628,0.08340363028185861,0.9051152904393558
25718,LOF,0.012550559369578112,0.10667334072295788,0.880776099907464
25719,LOF,0.020044885828534288,0.08731182482710038,0.8926432893443654
25720,LOF,0.02388838595035578,0.07346147166369443,0.9026501423859498
25721,LOF,0.015487742639806915,0.1160419284567502,0.8684703289034429
25722,LOF,0.014526787478968503,0.13627164880217624,0.8492015637188554
25723,LOF,0.024104347581492252,0.043702105150073854,0.932193547268434
25724,LOF,0.03303808186898636,0.0963325634873395,0.8706293546436741
25725,LOF,0.012538778574472055,0.07028896267201407,0.9171722587535139
25726,LOF,0.01679281711565731,0.10313744421781965,0.880069738666523
25727,LOF,0.013542896085622907,0.0779104068274421,0.908546697086935
25728,LOF,0.01039312459857468,0.1245548342584168,0.8650520411430085
25729,LOF,0.010795284466994771,0.12205419848457981,0.8671505170484254
25730,LOF,0.014496695464015621,0.09021839871739853,0.8952849058185858
25731,LOF,0.019832238537015694,0.10855616474760611,0.8716115967153781
25732,LOF,0.015117613879378357,0.08279517582747198,0.9020872102931498
25733,LOF,0.01791813120958593,0.07735936784500129,0.9047225009454128
25734,LOF,0.011677957623129226,0.12000275921876712,0.8683192831581037
25735,LOF,0.014140041642976282,0.09072082547891287,0.8951391328781109
25736,LOF,0.015267931056318974,0.11024029624945232,0.8744917726942287
25737,LOF,0.012794777519137214,0.08001922051583413,0.9071860019650286
25738,LOF,0.013000327588014175,0.11055918309126245,0.8764404893207234
25739,LOF,0.02172918901647254,0.08628807749406973,0.8919827334894577
25740,LOF,0.026703901234902107,0.1229367695604223,0.8503593292046757
25741,LOF,0.014515416996464357,0.12469882723651426,0.8607857557670213
25742,LOF,0.12845003922055825,0.09369214805788227,0.7778578127215594
25743,LOF,0.029222588953355395,0.033520932899003916,0.9372564781476407
25744,Neutral,0.5871628193750094,0.16383561769503555,0.24900156292995498
25745,LOF,0.07444378096532812,0.06518137879031617,0.8603748402443557
25746,LOF,0.03914993865436601,0.08061161397754107,0.880238447368093
25747,LOF,0.022583759418195008,0.04156461480573024,0.9358516257760747
25748,LOF,0.08275434336510225,0.06121989262411,0.8560257640107878
25749,LOF,0.02445495143669884,0.07416947602048309,0.9013755725428181
25750,LOF,0.08342865357285255,0.07853139527759591,0.8380399511495515
25751,LOF,0.09764276226663016,0.0672734401648029,0.8350837975685669
25752,GOF,0.1308169868688348,0.6571999242025224,0.21198308892864276
25753,LOF,0.016754750634342237,0.255717771664089,0.7275274777015689
25754,GOF,0.011145170937165032,0.7740696135664963,0.21478521549633872
25755,LOF,0.02042609797855224,0.388641067554747,0.5909328344667009
25756,LOF,0.04267856972232371,0.36808344081473987,0.5892379894629364
25757,GOF,0.014335561748369275,0.8435843156282988,0.142080122623332
25758,GOF,0.029611708807471798,0.8102775244820664,0.16011076671046176
25759,GOF,0.010756723722304677,0.5446221038032345,0.4446211724744608
25760,LOF,0.011783943427764006,0.24885791239572955,0.7393581441765065
25761,GOF,0.2929410117158333,0.6204925111069851,0.08656647717718159
25762,LOF,0.03681660583471621,0.2627843877944159,0.700399006370868
25763,LOF,0.014308606489140232,0.1899084201111931,0.7957829733996666
25764,GOF,0.08579211253054074,0.6273902941493644,0.28681759332009465
25765,GOF,0.04017579248222073,0.7443709238972781,0.21545328362050117
25766,GOF,0.06661007865867963,0.7441641769214747,0.1892257444198457
25767,GOF,0.14603757227655623,0.5688719658481728,0.28509046187527093
25768,LOF,0.10860825875499247,0.07470623066520209,0.8166855105798053
25769,LOF,0.05921058983895772,0.0641805682343401,0.8766088419267022
25770,LOF,0.31356765198159464,0.08538095017041206,0.6010513978479934
25771,LOF,0.045947239827165365,0.04785231120649355,0.906200448966341
25772,LOF,0.019095060906598665,0.035618406998093925,0.9452865320953074
25773,LOF,0.0506323233509465,0.0977625361675741,0.8516051404814794
25774,LOF,0.029618934509995365,0.07076489271317785,0.8996161727768268
25775,LOF,0.05355088459244436,0.04727525322861441,0.8991738621789412
25776,LOF,0.07810960942734796,0.02322497433199029,0.8986654162406619
25777,LOF,0.36200673432457575,0.052349168209254275,0.5856440974661699
25778,LOF,0.07214313446244616,0.04617430857268983,0.881682556964864
25779,GOF,0.3878400321390089,0.5615096325613445,0.05065033529964668
25780,GOF,0.32838802655085014,0.5906005343242433,0.08101143912490667
25781,GOF,0.123465640887933,0.7685217054312247,0.10801265368084245
25782,GOF,0.19312618466244935,0.7288969467562265,0.0779768685813243
25783,GOF,0.02447154046320114,0.61033020891258,0.36519825062421885
25784,Neutral,0.533891655261811,0.4238237371720818,0.042284607566107135
25785,Neutral,0.48020403995356103,0.4773411355441082,0.04245482450233076
25786,GOF,0.025521051025974288,0.6959532767005476,0.27852567227347813
25787,Neutral,0.6592547927447373,0.3105482573354614,0.030196949919801208
25788,LOF,0.05529037249756445,0.10311454735548263,0.8415950801469528
25789,GOF,0.2324992562992457,0.6313642548708778,0.13613648882987645
25790,GOF,0.23107326500191408,0.6489452145185973,0.11998152047948861
25791,GOF,0.17990439595473232,0.6462282710702854,0.17386733297498225
25792,GOF,0.37577918565874985,0.5081659129242143,0.11605490141703595
25793,GOF,0.2852209890171103,0.5072366320326532,0.20754237895023653
25794,GOF,0.33510395192863485,0.48580117805361356,0.1790948700177516
25795,GOF,0.07474865634884204,0.6593332494218948,0.26591809422926327
25796,Neutral,0.5890793969022313,0.3362721987626937,0.07464840433507482
25797,GOF,0.08205132782717582,0.5096652627861439,0.4082834093866804
25798,LOF,0.009173465734570944,0.4758461979081737,0.5149803363572554
25799,LOF,0.007451925125616167,0.3506323733077024,0.6419157015666814
25800,GOF,0.032650080858224594,0.545553175811438,0.4217967433303374
25801,GOF,0.1991605534440059,0.6497831244834867,0.15105632207250738
25802,GOF,0.07039360235917738,0.6641193160963315,0.2654870815444912
25803,GOF,0.03207673598881862,0.5534175461350984,0.4145057178760829
25804,LOF,0.02856931367944629,0.4525062427632387,0.518924443557315
25805,GOF,0.08282412008775118,0.5633397567784285,0.35383612313382035
25806,GOF,0.0902103455084046,0.5632558132705746,0.3465338412210208
25807,GOF,0.01931236513643009,0.5939856145030155,0.3867020203605544
25808,GOF,0.07959056700041128,0.618670768168182,0.30173866483140654
25809,GOF,0.01890194996879671,0.5538849726089654,0.4272130774222379
25810,GOF,0.01743755959400445,0.5865123845179461,0.3960500558880495
25811,Neutral,0.4674346997103035,0.45260153716089135,0.0799637631288051
25812,GOF,0.031231620984799452,0.6034274011841022,0.36534097783109837
25813,Neutral,0.5337679718114399,0.36658807799566545,0.09964395019289468
25814,GOF,0.12876202493974417,0.6273006074604117,0.243937367599844
25815,GOF,0.20632431411018518,0.6064422201955685,0.18723346569424654
25816,GOF,0.023180455042442094,0.6799802257961085,0.2968393191614493
25817,GOF,0.25387296056758596,0.6198613377217537,0.12626570171066032
25818,GOF,0.05598206224130589,0.6192086074593515,0.32480933029934267
25819,GOF,0.3722225859762423,0.47307404619315113,0.15470336783060645
25820,GOF,0.19502584870904424,0.578154120961479,0.2268200303294768
25821,GOF,0.06110879755625941,0.6369079780053744,0.3019832244383662
25822,GOF,0.23766319676721076,0.5363230124137212,0.22601379081906808
25823,GOF,0.03446517821546727,0.5023226595909279,0.46321216219360484
25824,GOF,0.10383624066937076,0.5548762519476569,0.34128750738297237
25825,GOF,0.03835841471393531,0.5494808997288331,0.4121606855572317
25826,GOF,0.015289328928884453,0.5439793987477047,0.44073127232341086
25827,GOF,0.023943383268927608,0.5640377567313171,0.41201885999975535
25828,GOF,0.013658324960472241,0.49694823345715705,0.4893934415823707
25829,GOF,0.0059205842199036175,0.5488104582581789,0.4452689575219176
25830,LOF,0.03162037360199428,0.2750471947243129,0.6933324316736929
25831,GOF,0.21505643853218037,0.6485868557990064,0.13635670566881322
25832,GOF,0.03823512925009142,0.6771201367316548,0.28464473401825363
25833,GOF,0.12839053692857297,0.6999982522085592,0.17161121086286782
25834,GOF,0.03679218281829531,0.691241114108554,0.27196670307315063
25835,GOF,0.07829756283936255,0.745023958079956,0.17667847908068154
25836,GOF,0.03793505150080014,0.6752195374774749,0.286845411021725
25837,GOF,0.02876207952240099,0.5686833699005496,0.40255455057704953
25838,GOF,0.09759676692770176,0.7468454194769272,0.15555781359537094
25839,GOF,0.29743357121005776,0.5540773950269827,0.14848903376295952
25840,GOF,0.24927729442831337,0.6069117214045963,0.1438109841670904
25841,GOF,0.25567847304869046,0.6036511260773204,0.14067040087398913
25842,GOF,0.1673977434233824,0.6967017178246616,0.13590053875195615
25843,GOF,0.23832455620192838,0.666711904815425,0.09496353898264656
25844,GOF,0.06436482118076026,0.6782668614938802,0.2573683173253595
25845,LOF,0.017387407884256804,0.4516552837218912,0.5309573083938519
25846,GOF,0.12300804062175036,0.7056312726106454,0.17136068676760427
25847,GOF,0.11987174697332512,0.7650199428614743,0.11510831016520055
25848,GOF,0.04503145791288244,0.6689363514774689,0.28603219060964863
25849,GOF,0.01294020011984676,0.5578622951211281,0.4291975047590252
25850,GOF,0.02501053000207893,0.6073848692477511,0.36760460075016993
25851,LOF,0.020361796197893817,0.48293875018591415,0.4966994536161921
25852,GOF,0.17833436040083483,0.5278472862388416,0.2938183533603234
25853,GOF,0.370637573693539,0.5552576034035299,0.074104822902931
25854,GOF,0.022853379236604465,0.5957151837079054,0.3814314370554901
25855,GOF,0.03567946126834303,0.5246006013429545,0.4397199373887025
25856,GOF,0.25682807391690465,0.514385564031791,0.22878636205130434
25857,GOF,0.039063298707614984,0.48049492738365507,0.4804417739087299
25858,GOF,0.02067637172989809,0.5145804755962158,0.4647431526738861
25859,LOF,0.010091356364556436,0.48388164970110753,0.506026993934336
25860,GOF,0.3698547696636053,0.5390818969096777,0.091063333426717
25861,GOF,0.44156375116758406,0.48251329350074795,0.07592295533166808
25862,GOF,0.08984772557701025,0.7548753936865071,0.15527688073648266
25863,GOF,0.08068949675475064,0.7624111860320119,0.1568993172132375
25864,GOF,0.16879817359047136,0.7492055476942252,0.08199627871530339
25865,GOF,0.0869402559295328,0.7861736568054898,0.12688608726497722
25866,GOF,0.06329529476974224,0.7452140247783203,0.19149068045193748
25867,GOF,0.09038846653255697,0.8015600493595336,0.10805148410790949
25868,GOF,0.2905928344814214,0.6070010604422337,0.1024061050763449
25869,Neutral,0.711067688472615,0.24713798047916583,0.04179433104821934
25870,LOF,0.2580959942095226,0.3492298517919182,0.39267415399855915
25871,GOF,0.2234645924921529,0.6130639579777721,0.16347144953007495
25872,GOF,0.07124376098178654,0.6468406009615889,0.2819156380566247
25873,GOF,0.1226141235403666,0.6707937646980368,0.20659211176159656
25874,LOF,0.017631932070612696,0.11374964198043472,0.8686184259489526
25875,LOF,0.08967669046109354,0.03763621826340007,0.8726870912755065
25876,LOF,0.03646498215320062,0.027285892988270402,0.9362491248585291
25877,Neutral,0.5156433948549151,0.03889136682393341,0.4454652383211515
25878,LOF,0.2073528081371662,0.08023662547525034,0.7124105663875835
25879,LOF,0.08325618304612509,0.08133654001991741,0.8354072769339574
25880,LOF,0.024304283164600298,0.014101461057718274,0.9615942557776813
25881,LOF,0.16826513678779897,0.11657080714278228,0.7151640560694188
25882,LOF,0.060595629798035615,0.01625613417565824,0.923148236026306
25883,LOF,0.08056805676844545,0.02001134224395972,0.8994206009875948
25884,LOF,0.03136960045917805,0.027755586472349665,0.9408748130684723
25885,LOF,0.05933207415117783,0.01184045762676369,0.9288274682220584
25886,LOF,0.2603560002557438,0.03687115881355746,0.7027728409306988
25887,LOF,0.1564276635239842,0.06836488554710714,0.7752074509289085
25888,LOF,0.0736613259914926,0.05839040462556173,0.8679482693829458
25889,LOF,0.04076228964778974,0.019799138085154603,0.9394385722670557
25890,LOF,0.049500141523239186,0.14671585642105758,0.8037840020557033
25891,LOF,0.03736755011808082,0.05948210567884823,0.903150344203071
25892,LOF,0.09311294378639144,0.02356846917307968,0.8833185870405288
25893,LOF,0.26010306006367984,0.022030665657426843,0.7178662742788934
25894,LOF,0.18218125710880495,0.011448979524049696,0.8063697633671454
25895,LOF,0.21689636548434915,0.021004273691776557,0.7620993608238742
25896,LOF,0.05394298499230218,0.022437468567685307,0.9236195464400124
25897,LOF,0.2605467236389267,0.012234929089540297,0.727218347271533
25898,Neutral,0.7099753623313122,0.010314235535888045,0.2797104021327998
25899,LOF,0.20731632396483288,0.023635695902728245,0.7690479801324388
25900,LOF,0.4590501696096209,0.016474788433998525,0.5244750419563805
25901,LOF,0.046996263206811474,0.013483858395512647,0.9395198783976758
25902,LOF,0.16782601137793768,0.014830039467771639,0.8173439491542908
25903,Neutral,0.5818353439455384,0.03380411818111845,0.3843605378733431
25904,LOF,0.28860268677902573,0.05100436910799847,0.6603929441129758
25905,LOF,0.023303317277109683,0.3344353367022827,0.6422613460206076
25906,LOF,0.030323722331801688,0.07813029623829909,0.8915459814298993
25907,LOF,0.014118586485521776,0.345439088843782,0.6404423246706962
25908,LOF,0.00986039212441875,0.26437567480678725,0.7257639330687939
25909,LOF,0.013519110132627568,0.12462096529721424,0.8618599245701581
25910,LOF,0.047986629833376274,0.13991503904326694,0.8120983311233567
25911,LOF,0.16544631697677661,0.021282259759754923,0.8132714232634686
25912,LOF,0.048496541277106675,0.045168824446240236,0.9063346342766531
25913,LOF,0.3001837188992731,0.021343075551444393,0.6784732055492825
25914,LOF,0.020089719811451336,0.055568188896571294,0.9243420912919774
25915,Neutral,0.574276990364084,0.1767696824507759,0.24895332718514027
25916,LOF,0.07561025091478624,0.2193503562542841,0.7050393928309296
25917,LOF,0.06177014026241057,0.0451832444494318,0.8930466152881577
25918,LOF,0.02349956323076704,0.03813461121734305,0.9383658255518899
25919,LOF,0.021105562898914274,0.043082367660237784,0.935812069440848
25920,GOF,0.1183833959195178,0.5870632123633732,0.2945533917171089
25921,LOF,0.024599890561984056,0.03138385223832073,0.9440162571996952
25922,LOF,0.03536395335440861,0.02209567343551983,0.9425403732100717
25923,LOF,0.44534528786908983,0.025826084944402253,0.5288286271865079
25924,LOF,0.03731595058399853,0.03667983285081144,0.9260042165651902
25925,LOF,0.07171334481303723,0.03254862665196779,0.895738028534995
25926,LOF,0.05056529187618693,0.0258356009464996,0.9235991071773134
25927,LOF,0.06280720748741467,0.11581072553121433,0.821382066981371
25928,LOF,0.01910847311747412,0.043809045378578194,0.9370824815039477
25929,Neutral,0.5555849769455792,0.028496844310055964,0.415918178744365
25930,LOF,0.057529111307458566,0.02350094009279121,0.9189699485997503
25931,LOF,0.024520295606007297,0.024374776184680435,0.9511049282093123
25932,LOF,0.02952461398149343,0.020459416618827886,0.9500159693996786
25933,LOF,0.04121432857079726,0.014627896208033064,0.9441577752211696
25934,LOF,0.027768260310353513,0.016993882254206324,0.9552378574354402
25935,LOF,0.06014164073854184,0.039620345121538086,0.9002380141399201
25936,LOF,0.04949458286199432,0.018161642080794467,0.9323437750572112
25937,LOF,0.02802207409337993,0.031958593126947016,0.940019332779673
25938,LOF,0.06446965487061539,0.04062665809036453,0.8949036870390201
25939,LOF,0.04579535937834803,0.015375625544959776,0.9388290150766921
25940,LOF,0.026305408776000877,0.3939674638518312,0.5797271273721679
25941,LOF,0.15916649965217058,0.10890505155631956,0.7319284487915099
25942,LOF,0.014148552775583986,0.033891191383874426,0.9519602558405416
25943,LOF,0.3013793790788634,0.0615239320197282,0.6370966889014082
25944,LOF,0.47295143070110707,0.026538475099234928,0.500510094199658
25945,LOF,0.06617922338964619,0.023802081271002657,0.9100186953393511
25946,LOF,0.029062960580868703,0.0968742617894209,0.8740627776297103
25947,LOF,0.10928497179590678,0.2270491567959847,0.6636658714081086
25948,LOF,0.42333029443859493,0.008017645328889093,0.5686520602325159
25949,LOF,0.1259167533609543,0.02898527145338524,0.8450979751856605
25950,GOF,0.28749810300690487,0.40043770870366374,0.31206418828943144
25951,LOF,0.22168119772155376,0.23883566393284858,0.5394831383455977
25952,LOF,0.044003545615090414,0.46721306242485416,0.4887833919600554
25953,LOF,0.15814878480330236,0.09542871268473312,0.7464225025119644
25954,Neutral,0.45842643070998346,0.17448345785769273,0.3670901114323237
25955,LOF,0.04851669378994194,0.08314579201251895,0.8683375141975392
25956,LOF,0.16780863802227466,0.10927362219091862,0.7229177397868067
25957,LOF,0.034800788769224704,0.030671864939910358,0.934527346290865
25958,LOF,0.06454273717187005,0.028337949407865708,0.9071193134202642
25959,LOF,0.07073092738602298,0.36622776295230786,0.5630413096616692
25960,LOF,0.016354591149794,0.0531299206088779,0.9305154882413281
25961,LOF,0.05233801762602219,0.03069997189068299,0.9169620104832947
25962,LOF,0.057970740871196504,0.02741356699451344,0.9146156921342901
25963,LOF,0.04905295902101453,0.19174514320577773,0.7592018977732078
25964,LOF,0.0407893981268281,0.15830335689497968,0.8009072449781923
25965,Neutral,0.4660594723890069,0.07636032864514658,0.4575801989658465
25966,Neutral,0.5197485708190429,0.16896022483352682,0.31129120434743024
25967,LOF,0.016101473099144767,0.10513951900585271,0.8787590078950025
25968,LOF,0.027763521707703284,0.43660518272991805,0.5356312955623787
25969,LOF,0.024889495762982505,0.0678131123905149,0.9072973918465025
25970,LOF,0.06468617313180779,0.06546327380154113,0.8698505530666512
25971,LOF,0.07508784504439146,0.016630235523606426,0.9082819194320021
25972,LOF,0.07513514385752931,0.02264547766203698,0.9022193784804337
25973,LOF,0.0714456071834993,0.009757793776075363,0.9187965990404253
25974,LOF,0.20317517523889486,0.016476329906814604,0.7803484948542905
25975,LOF,0.04246229404535169,0.026992173270929114,0.9305455326837191
25976,LOF,0.04070123689100756,0.015759133541465475,0.943539629567527
25977,LOF,0.14903181800333967,0.08991860035145431,0.761049581645206
25978,LOF,0.13658218855604726,0.05830895642405081,0.8051088550199019
25979,LOF,0.12674514385435048,0.06145518135815276,0.8117996747874967
25980,LOF,0.214515782913661,0.07776200172805023,0.7077222153582887
25981,LOF,0.24604793727752017,0.07602381819509693,0.677928244527383
25982,LOF,0.3927564780938512,0.0504255109820491,0.5568180109240997
25983,LOF,0.37954056807616665,0.055924728241105955,0.5645347036827273
25984,LOF,0.05336124468159199,0.04812256250237038,0.8985161928160376
25985,LOF,0.03756592407601438,0.2544471045241202,0.7079869713998654
25986,LOF,0.042380094018655605,0.2818827658939772,0.6757371400873672
25987,LOF,0.07892957516243562,0.06759818805773732,0.8534722367798271
25988,LOF,0.14758039985495125,0.0501783843413248,0.8022412158037239
25989,LOF,0.03047763042818427,0.09867323066765496,0.8708491389041607
25990,LOF,0.043703171322788774,0.1135262701915793,0.842770558485632
25991,LOF,0.13698528880435817,0.3215094031691641,0.5415053080264778
25992,LOF,0.292628003371691,0.18981586858476424,0.5175561280435448
25993,LOF,0.02412173654854522,0.07929925874583592,0.8965790047056189
25994,LOF,0.01877089573425042,0.11136009360282738,0.8698690106629222
25995,LOF,0.026123869687793407,0.24055589970892857,0.7333202306032781
25996,GOF,0.30261087305866036,0.4774474292929072,0.21994169764843238
25997,LOF,0.07905846780872339,0.46046480478307367,0.46047672740820306
25998,Neutral,0.5390680348763275,0.021040397365387212,0.4398915677582855
25999,LOF,0.10550696522247836,0.08571046516449721,0.8087825696130243
26000,LOF,0.15146772771241368,0.049095095559291015,0.7994371767282953
26001,LOF,0.19845416796976606,0.05171958556439154,0.7498262464658424
26002,LOF,0.16229187743065562,0.04407699349476828,0.7936311290745761
26003,GOF,0.01105953778916535,0.597401879505546,0.39153858270528863
26004,GOF,0.018854483583613614,0.6706669060642392,0.31047861035214713
26005,LOF,0.007574145706240198,0.4618163486291535,0.5306095056646063
26006,Neutral,0.5207570927439621,0.25065051470197797,0.22859239255406005
26007,GOF,0.021108512610289343,0.5248870571681696,0.4540044302215411
26008,GOF,0.017553009080092816,0.6313506370241039,0.3510963538958033
26009,GOF,0.02034493254193693,0.7020758315252319,0.27757923593283107
26010,GOF,0.02135591575116947,0.66829972996868,0.31034435428015056
26011,LOF,0.0065588161502710485,0.4357828062502198,0.5576583775995092
26012,GOF,0.012895041862525661,0.5632482254374992,0.42385673269997515
26013,GOF,0.01985159080092934,0.6325749359598682,0.34757347323920246
26014,LOF,0.04970562857318369,0.10768162203693228,0.842612749389884
26015,LOF,0.18670432654823538,0.010560517834409045,0.8027351556173555
26016,LOF,0.21370130555427982,0.05839842678552997,0.7279002676601901
26017,LOF,0.22875413235100459,0.0940321348758151,0.6772137327731802
26018,LOF,0.08699359739672757,0.028233676956643,0.8847727256466293
26019,LOF,0.08320790529361309,0.02201802921435397,0.894774065492033
26020,LOF,0.07674506552304718,0.1106082589669351,0.8126466755100177
26021,LOF,0.04684247063255283,0.1200225867424553,0.8331349426249919
26022,LOF,0.011131159861703727,0.036479668748987636,0.9523891713893087
26023,LOF,0.10330115261713743,0.019717324206660794,0.8769815231762018
26024,LOF,0.033611900328018966,0.1270771124907698,0.8393109871812112
26025,LOF,0.1677385977302593,0.08069377248402129,0.7515676297857194
26026,LOF,0.3224332518153079,0.026582392411011648,0.6509843557736805
26027,LOF,0.0784196467817424,0.015357368164778238,0.9062229850534794
26028,LOF,0.17073424120512362,0.06551047975828869,0.7637552790365877
26029,LOF,0.07776163286831807,0.2074553098480263,0.7147830572836557
26030,LOF,0.022511729834353063,0.06464253391133813,0.9128457362543088
26031,LOF,0.026088772518229254,0.1574970239023932,0.8164142035793776
26032,LOF,0.06591540467983517,0.07342304073994095,0.8606615545802239
26033,LOF,0.11927360517180159,0.09346540246858219,0.7872609923596163
26034,LOF,0.04357285329605539,0.18642055812709782,0.7700065885768468
26035,LOF,0.02531505339725149,0.17266950154885527,0.8020154450538931
26036,LOF,0.03674886648425802,0.20084870028773905,0.762402433228003
26037,LOF,0.0210863352856839,0.14183038245069976,0.8370832822636163
26038,LOF,0.06174060230017248,0.07587391661081085,0.8623854810890167
26039,LOF,0.04737476142464994,0.16930439222610488,0.7833208463492451
26040,LOF,0.19635893581276728,0.13972368447118402,0.6639173797160487
26041,LOF,0.02221690115924589,0.1268329082358541,0.8509501906049001
26042,LOF,0.01997770953355059,0.12093587880628334,0.8590864116601661
26043,LOF,0.06194119927528956,0.0879411058733708,0.8501176948513396
26044,LOF,0.02021751864783387,0.0780151549051513,0.9017673264470148
26045,LOF,0.0640093753028743,0.1138076387573419,0.8221829859397839
26046,LOF,0.06315610618226168,0.08497780673170592,0.8518660870860324
26047,LOF,0.08475606900401327,0.0915428806460711,0.8237010503499157
26048,LOF,0.04804986184945039,0.04182290945314747,0.9101272286974023
26049,Neutral,0.963066247224785,0.007642236936995269,0.029291515838219748
26050,Neutral,0.94578232028359,0.009647895024131619,0.04456978469227844
26051,LOF,0.04874920553309445,0.26317801132008956,0.6880727831468161
26052,LOF,0.06972163375857067,0.2939506866673565,0.6363276795740728
26053,LOF,0.05539672013500161,0.11432280040579378,0.8302804794592047
26054,LOF,0.052573871351539424,0.017249218139724458,0.9301769105087361
26055,LOF,0.07348125853400901,0.014027694187684986,0.912491047278306
26056,LOF,0.061810364313927106,0.015608162130339519,0.9225814735557334
26057,LOF,0.02723432791421942,0.011779241351782781,0.9609864307339977
26058,LOF,0.02812571677154042,0.009321175382579261,0.9625531078458802
26059,LOF,0.2796492608517479,0.021642074583545733,0.6987086645647064
26060,LOF,0.036054055471051,0.18654291756596672,0.7774030269629824
26061,LOF,0.01804116885014007,0.010100440783893107,0.9718583903659668
26062,LOF,0.010282539421496931,0.016668367363073464,0.9730490932154297
26063,LOF,0.022677030083960485,0.012306280982960008,0.9650166889330796
26064,LOF,0.02347030814774124,0.022538014436797926,0.9539916774154609
26065,LOF,0.024715762264832616,0.010475607192896174,0.9648086305422713
26066,LOF,0.02129957012143862,0.011298126343998901,0.9674023035345625
26067,LOF,0.028774965688062926,0.008537201677636268,0.9626878326343007
26068,LOF,0.04459996938974327,0.02808219474449042,0.9273178358657663
26069,LOF,0.24447347046328252,0.018547541415298175,0.7369789881214193
26070,LOF,0.3719051673438394,0.01509904985270044,0.6129957828034602
26071,LOF,0.023657616847475155,0.012894812694924094,0.9634475704576008
26072,LOF,0.02122904598562886,0.015190239108017273,0.9635807149063539
26073,LOF,0.023668899416445285,0.010944301783929012,0.9653867987996256
26074,Neutral,0.9017501008391074,0.005389157517778951,0.09286074164311368
26075,LOF,0.04564123069567472,0.014575600016304632,0.9397831692880207
26076,LOF,0.04665697119341783,0.008882977665685118,0.9444600511408971
26077,LOF,0.009831209871209471,0.01660132532563364,0.9735674648031569
26078,LOF,0.0126618491087446,0.01127962332572697,0.9760585275655285
26079,LOF,0.05980855972173832,0.01666091851832429,0.9235305217599373
26080,LOF,0.05872209602354129,0.016663423334294398,0.9246144806421643
26081,LOF,0.03793650223923823,0.006084434786233266,0.9559790629745284
26082,LOF,0.013099124784997853,0.015711943756232364,0.9711889314587697
26083,LOF,0.1414494856155655,0.01295263561732887,0.8455978787671057
26084,LOF,0.029394344985903462,0.011651154449932546,0.9589545005641639
26085,LOF,0.025249879811730786,0.011023139158234826,0.9637269810300345
26086,LOF,0.023529734113726494,0.01168589710394661,0.9647843687823268
26087,LOF,0.029343304169798176,0.007734479955103243,0.9629222158750986
26088,LOF,0.014726067003927108,0.022928536644191696,0.9623453963518811
26089,LOF,0.04384051409303598,0.021661393166665127,0.9344980927402989
26090,LOF,0.04342863682861358,0.016665756978511536,0.9399056061928748
26091,LOF,0.039237460503187986,0.006173185918590545,0.9545893535782216
26092,LOF,0.025320265786304624,0.008091701623333548,0.966588032590362
26093,LOF,0.03902908601267351,0.005771577558532691,0.9551993364287937
26094,LOF,0.04037175599415973,0.005922137544350084,0.9537061064614902
26095,LOF,0.04153700146950915,0.012556965690478024,0.9459060328400128
26096,LOF,0.01672487431000633,0.012301502708945367,0.9709736229810482
26097,LOF,0.011029230010383188,0.031132845329286372,0.9578379246603304
26098,LOF,0.07444268420143602,0.010117656900894157,0.9154396588976699
26099,LOF,0.02444225346229162,0.011679671663333393,0.963878074874375
26100,LOF,0.027083390066251784,0.011374288359225623,0.9615423215745226
26101,LOF,0.05673910884487559,0.014772173947527258,0.9284887172075971
26102,LOF,0.024023315469350718,0.013259752048641141,0.9627169324820082
26103,Neutral,0.8841809076387853,0.018546507127087553,0.09727258523412699
26104,LOF,0.08224500527891854,0.024006641260061714,0.8937483534610198
26105,LOF,0.19415956429022752,0.3273183338472709,0.4785221018625015
26106,LOF,0.196760609904255,0.11891619305511125,0.6843231970406338
26107,LOF,0.22811473893470383,0.09099164253634741,0.6808936185289488
26108,LOF,0.26302715013766914,0.1208053196183493,0.6161675302439816
26109,LOF,0.09143600273337077,0.054685465494124216,0.853878531772505
26110,LOF,0.28364914068901353,0.007738417392282526,0.708612441918704
26111,Neutral,0.525183910724908,0.022997639230419704,0.45181845004467236
26112,LOF,0.035364017545932123,0.007478830166031781,0.9571571522880361
26113,LOF,0.05951333108321809,0.014980484288544774,0.9255061846282372
26114,LOF,0.024402745855630174,0.026172473960256386,0.9494247801841134
26115,LOF,0.08753374040082648,0.05487652531442612,0.8575897342847475
26116,LOF,0.06486576466284427,0.0563558554137518,0.8787783799234039
26117,LOF,0.42458786886028727,0.04496264623868363,0.5304494849010291
26118,LOF,0.03566460667167741,0.02515963131260472,0.9391757620157178
26119,LOF,0.02085768261928666,0.04552374069839888,0.9336185766823145
26120,LOF,0.02865177739244276,0.02314176332541634,0.9482064592821409
26121,LOF,0.03467338083953505,0.08957839443382747,0.8757482247266375
26122,LOF,0.03998832397697461,0.048377907164660255,0.9116337688583651
