feature0,prediction,LoGoFunc_Neutral,LoGoFunc_GOF,LoGoFunc_LOF
25546,Neutral,0.6180879550883808,0.05295607731876748,0.3289559675928518
25547,Neutral,0.480689507966684,0.08482282960265769,0.43448766243065823
25548,Neutral,0.49764684290351374,0.06966352925822103,0.43268962783826526
25549,LOF,0.4194307543362971,0.07052760163997715,0.5100416440237258
25550,LOF,0.35330747256190836,0.10266061568208171,0.54403191175601
25551,LOF,0.3109798453331659,0.10810143848681959,0.5809187161800144
25552,LOF,0.27067598234139584,0.1072344867467536,0.6220895309118505
25553,Neutral,0.8020665685567361,0.041485308347924216,0.15644812309533962
25554,LOF,0.3115847524987132,0.09842388652676576,0.589991360974521
25555,LOF,0.2645439776666896,0.09289700764946654,0.6425590146838439
25556,Neutral,0.4615655860060764,0.08452955490708841,0.45390485908683526
25557,LOF,0.25469258621780766,0.09712113181276182,0.6481862819694304
25558,LOF,0.3125159746037603,0.09340329156489867,0.5940807338313411
25559,LOF,0.25239071466813373,0.1398365525609482,0.607772732770918
25560,LOF,0.17896656191380847,0.11047871980566584,0.7105547182805259
25561,LOF,0.16283448450833768,0.12887723354968222,0.7082882819419801
25562,LOF,0.07402359546937796,0.08241151456110968,0.8435648899695124
25563,LOF,0.021875750629013178,0.14660593447375753,0.8315183148972293
25564,LOF,0.20664276624328565,0.12425585515315755,0.6691013786035568
25565,LOF,0.22028103375536207,0.13810725036302718,0.6416117158816107
25566,GOF,0.09856344366713651,0.6840985638745242,0.21733799245833935
25567,LOF,0.046328801286752604,0.1285342712708492,0.8251369274423982
25568,LOF,0.06520391487873693,0.0693188231564662,0.8654772619647968
25569,LOF,0.06008940047302458,0.0747349391544764,0.8651756603724992
25570,LOF,0.02858373879893348,0.10295905633623555,0.8684572048648309
25571,LOF,0.02752071564280953,0.10750754891030675,0.8649717354468838
25572,LOF,0.060802426062921085,0.12049458220181078,0.8187029917352682
25573,LOF,0.06025246790210733,0.08892192694979659,0.850825605148096
25574,LOF,0.05568130859552834,0.1945133560605562,0.7498053353439155
25575,LOF,0.023746595488278666,0.11726874548786222,0.858984659023859
25576,LOF,0.030346370522610744,0.14848364698639707,0.8211699824909922
25577,LOF,0.03284291460597936,0.11065628136630018,0.8565008040277204
25578,LOF,0.29994918286400885,0.08108399931261505,0.618966817823376
25579,LOF,0.14197725026372168,0.08782714682764693,0.7701956029086314
25580,LOF,0.020971978237432423,0.07819932385989463,0.900828697902673
25581,LOF,0.05781321216282177,0.06614206629783903,0.8760447215393392
25582,LOF,0.05761649047495719,0.06488345727851437,0.8775000522465284
25583,LOF,0.023225412536907235,0.07804375119784375,0.898730836265249
25584,Neutral,0.7085491471710887,0.09756466346261615,0.19388618936629523
25585,LOF,0.027922016201039387,0.13905474231769294,0.8330232414812677
25586,LOF,0.01852548600506751,0.06949564774441486,0.9119788662505177
25587,LOF,0.017930640517694878,0.05957943028686561,0.9224899291954395
25588,LOF,0.021706728652220734,0.06607665152550128,0.912216619822278
25589,Neutral,0.534096975090757,0.17969589007017744,0.28620713483906557
25590,LOF,0.05012614645024134,0.11519960679085635,0.8346742467589022
25591,LOF,0.10237621626458587,0.05654559700901809,0.841078186726396
25592,LOF,0.05882227920438499,0.13145729847465829,0.8097204223209569
25593,LOF,0.13328118437275668,0.23704120929534653,0.6296776063318967
25594,LOF,0.05914551011721744,0.11375617765988652,0.8270983122228961
25595,LOF,0.05474582692116249,0.08050452288069869,0.8647496501981388
25596,LOF,0.11597340509839854,0.04310484831582879,0.8409217465857726
25597,LOF,0.09469829925253649,0.054519712768003464,0.85078198797946
25598,LOF,0.05680887009340399,0.08672470730832056,0.8564664225982754
25599,LOF,0.021010518503878344,0.4772235161951696,0.501765965300952
25600,GOF,0.20273208654661273,0.4646026824104183,0.33266523104296897
25601,LOF,0.040678219765290825,0.4206665835869516,0.5386551966477576
25602,LOF,0.0340204113277119,0.062377035218733105,0.903602553453555
25603,LOF,0.03370238454540067,0.034575952864849,0.9317216625897504
25604,LOF,0.035373376005131824,0.07292200539601494,0.8917046185988532
25605,LOF,0.03722266324371152,0.19160652769667638,0.7711708090596121
25606,LOF,0.4355432416755664,0.10734454317964534,0.4571122151447883
25607,LOF,0.025552576191934358,0.15822765630358934,0.8162197675044762
25608,LOF,0.03449909424343956,0.06668485157699909,0.8988160541795615
25609,GOF,0.154300607768892,0.530059349310883,0.315640042920225
25610,LOF,0.017270356271402727,0.030686786983644115,0.9520428567449533
25611,LOF,0.014380475982042059,0.035857429096701275,0.9497620949212566
25612,LOF,0.04777739043929854,0.050067418878674115,0.9021551906820274
25613,LOF,0.04324997582251867,0.049662403153327185,0.9070876210241542
25614,LOF,0.023559004266769438,0.028325477084339357,0.9481155186488911
25615,LOF,0.04239411462360328,0.04191715981371403,0.9156887255626827
25616,LOF,0.049514250118241274,0.032120127109495966,0.9183656227722626
25617,LOF,0.04333639737598637,0.04263004304039056,0.9140335595836231
25618,LOF,0.0511675218763885,0.03860963655539917,0.9102228415682124
25619,LOF,0.013820445940213097,0.03704264020713573,0.9491369138526512
25620,LOF,0.06482740483967546,0.04874270030582753,0.8864298948544971
25621,LOF,0.05554232238578659,0.03763748513830256,0.9068201924759108
25622,LOF,0.06609936775479412,0.03478045017643362,0.8991201820687723
25623,LOF,0.0735626840877497,0.02713538586420292,0.8993019300480474
25624,LOF,0.01959752744927199,0.03734604343202199,0.9430564291187059
25625,LOF,0.059487110291354874,0.0400038198765383,0.9005090698321068
25626,LOF,0.04619869162280011,0.046245784554909054,0.9075555238222909
25627,Neutral,0.8995809269376425,0.016734656383404236,0.08368441667895331
25628,LOF,0.12679521028350962,0.055471097270620405,0.8177336924458699
25629,LOF,0.06872369523525841,0.04610732328370288,0.8851689814810386
25630,LOF,0.32052121194575023,0.06647575359875327,0.6130030344554965
25631,Neutral,0.5739034512646898,0.05849019237646956,0.3676063563588407
25632,LOF,0.02739540590295612,0.06281036762106525,0.9097942264759787
25633,LOF,0.14626083745020738,0.040035985027543255,0.8137031775222493
25634,LOF,0.03442790088558303,0.08131067956543639,0.8842614195489806
25635,LOF,0.0367998809016013,0.04154155700738125,0.9216585620910175
25636,LOF,0.033013233836104675,0.42181011360405835,0.545176652559837
25637,GOF,0.07775156685673167,0.4673916375019287,0.4548567956413396
25638,LOF,0.026743992034990255,0.3038182958756004,0.6694377120894094
25639,LOF,0.03172596002191563,0.36381673046000174,0.6044573095180826
25640,Neutral,0.7692414302856747,0.18651009218139145,0.044248477532933726
25641,LOF,0.07496262135965333,0.4519830997606278,0.473054278879719
25642,LOF,0.049260388791855673,0.15780570156780407,0.7929339096403402
25643,LOF,0.22275878304479932,0.12712184340209026,0.6501193735531103
25644,LOF,0.024733504696247494,0.41386348396947864,0.5614030113342738
25645,LOF,0.030061308272701103,0.35026999706052886,0.6196686946667701
25646,LOF,0.0609625809529283,0.2920643102273457,0.646973108819726
25647,LOF,0.030076807945159705,0.23520415947034362,0.7347190325844967
25648,LOF,0.039671339938081585,0.22313750364903298,0.7371911564128854
25649,LOF,0.01990510394244556,0.22063133189829273,0.7594635641592616
25650,LOF,0.05444295912205008,0.36581776120395776,0.5797392796739921
25651,LOF,0.02150428878811321,0.2475963760632228,0.7308993351486641
25652,LOF,0.03841832399487944,0.23505456818906717,0.7265271078160535
25653,LOF,0.09818374117593953,0.3549641936795059,0.5468520651445546
25654,LOF,0.030722080290441673,0.2219587003386649,0.7473192193708934
25655,LOF,0.23163075760575078,0.3435686105826899,0.42480063181155925
25656,LOF,0.33742844994430654,0.05294865568511252,0.6096228943705809
25657,LOF,0.06513618461381242,0.05345458261136764,0.88140923277482
25658,LOF,0.348923285586037,0.05496695122524069,0.5961097631887223
25659,Neutral,0.5166109079087783,0.0696258972218492,0.4137631948693726
25660,LOF,0.02154638929528336,0.08812238421911912,0.8903312264855976
25661,LOF,0.0997148839197453,0.06253528849786565,0.8377498275823889
25662,LOF,0.03613979363491145,0.03624492299180805,0.9276152833732806
25663,LOF,0.048582418627605414,0.050145910826998846,0.9012716705453957
25664,LOF,0.14581038480139832,0.0715572030141749,0.7826324121844268
25665,LOF,0.055347611476157674,0.03240340023644072,0.9122489882874016
25666,LOF,0.09422224960582865,0.07481467678287987,0.8309630736112915
25667,LOF,0.07551947635565856,0.03968347139441576,0.8847970522499257
25668,LOF,0.03994539333162532,0.049698853719473475,0.9103557529489013
25669,LOF,0.0355045957445481,0.052539070974880114,0.9119563332805718
25670,LOF,0.14094525398869795,0.06062901467616979,0.7984257313351323
25671,LOF,0.11521941136205054,0.0365239684090371,0.8482566202289125
25672,LOF,0.051950711006473145,0.04383443961417142,0.9042148493793554
25673,LOF,0.08442644451159233,0.052583129123090086,0.8629904263653176
25674,LOF,0.07204767039692785,0.05998595469724234,0.8679663749058298
25675,LOF,0.1193177063426398,0.058765775783698466,0.8219165178736617
25676,LOF,0.01974897141704454,0.05653328177384425,0.9237177468091112
25677,LOF,0.02723429499445705,0.07327414776744316,0.8994915572380999
25678,LOF,0.22311623839927788,0.06578348861657853,0.7111002729841436
25679,LOF,0.13394125143491484,0.08428879050616246,0.7817699580589226
25680,LOF,0.03272824251398253,0.11834225825943462,0.8489294992265829
25681,LOF,0.051377851131757954,0.11317900742218853,0.8354431414460535
25682,LOF,0.1483794852050998,0.07981607906584914,0.771804435729051
25683,LOF,0.12769880596785954,0.10377729767455039,0.76852389635759
25684,LOF,0.04717150433560445,0.07740668971370968,0.875421805950686
25685,LOF,0.13647591985216107,0.048870238277150556,0.8146538418706885
25686,LOF,0.07877502886456589,0.08147569030294041,0.8397492808324937
25687,LOF,0.12816815821263275,0.08508988315621575,0.7867419586311516
25688,LOF,0.3147629044485582,0.037191899771521805,0.64804519577992
25689,LOF,0.253370477355288,0.03836673089048954,0.7082627917542225
25690,LOF,0.3299874908038913,0.030624104673663746,0.6393884045224449
25691,Neutral,0.7043833566570352,0.025171989569448033,0.2704446537735167
25692,LOF,0.32826293593572875,0.012427622003210657,0.6593094420610607
25693,LOF,0.05503727079666023,0.4245678018756199,0.5203949273277199
25694,LOF,0.11383929408147266,0.01974758373331438,0.8664131221852129
25695,LOF,0.1118857872438298,0.019480977012909663,0.8686332357432606
25696,LOF,0.11354974112715811,0.012474576441383512,0.8739756824314585
25697,LOF,0.0955567813334842,0.029905513693993836,0.874537704972522
25698,LOF,0.34292570750110407,0.18094913233226656,0.47612516016662937
25699,LOF,0.4355394168787574,0.04168470982412335,0.5227758732971192
25700,LOF,0.06832902927146789,0.009277897245752318,0.9223930734827799
25701,LOF,0.14845832099344586,0.05188913630956854,0.7996525426969855
25702,GOF,0.15908279860251223,0.5916174430186912,0.24929975837879648
25703,LOF,0.015024519685940358,0.15441228203052454,0.8305631982835352
25704,LOF,0.043240511496529764,0.10666021384154765,0.8500992746619226
25705,LOF,0.05511672257254876,0.15835858758389124,0.7865246898435599
25706,LOF,0.10378492632818041,0.41193513846928975,0.48427993520252993
25707,LOF,0.09902420171494512,0.35099849790959836,0.5499773003754566
25708,LOF,0.030655000779009355,0.28806784488834464,0.681277154332646
25709,LOF,0.07501940672391542,0.04496232890223816,0.8800182643738463
25710,LOF,0.011651626171228701,0.15226496957766614,0.8360834042511052
25711,LOF,0.021416033165009313,0.10478816937191669,0.8737957974630741
25712,LOF,0.01354619510111152,0.18638212683822153,0.800071678060667
25713,LOF,0.020964179317839723,0.08797771485818714,0.8910581058239733
25714,LOF,0.08418376099853402,0.08766191568016281,0.8281543233213031
25715,LOF,0.012146321801971385,0.14771340126404925,0.8401402769339794
25716,LOF,0.012960897216966662,0.1214156820950689,0.8656234206879645
25717,LOF,0.012238706424516368,0.08709658421448754,0.900664709360996
25718,LOF,0.013181791488249257,0.10213092209645758,0.884687286415293
25719,LOF,0.020192245530764964,0.08412557374028663,0.8956821807289483
25720,LOF,0.025503924557640473,0.07297594868756427,0.9015201267547952
25721,LOF,0.016537349462589092,0.12243591128657358,0.8610267392508373
25722,LOF,0.01606639776870214,0.13035869138793557,0.8535749108433623
25723,LOF,0.025256456799418157,0.04592736990931345,0.9288161732912683
25724,LOF,0.03433614301618427,0.0928305082261815,0.8728333487576343
25725,LOF,0.012741378688051362,0.06864469178552045,0.9186139295264283
25726,LOF,0.017974158093442126,0.10480062291150226,0.8772252189950557
25727,LOF,0.014544689013167592,0.08226499305458758,0.9031903179322448
25728,LOF,0.010649318575403232,0.12598986559497066,0.8633608158296261
25729,LOF,0.011211032393745025,0.12257522472382035,0.8662137428824347
25730,LOF,0.015399888479623121,0.09153714762097132,0.8930629638994056
25731,LOF,0.018019475909613437,0.12304642640275448,0.8589340976876322
25732,LOF,0.016036880956071423,0.09165197296849822,0.8923111460754304
25733,LOF,0.018148802054080735,0.07587264718451431,0.905978550761405
25734,LOF,0.011798031205095252,0.1266648317318288,0.8615371370630759
25735,LOF,0.014400699212822731,0.09497593322627552,0.8906233675609018
25736,LOF,0.015956700271884797,0.11369285891861113,0.8703504408095041
25737,LOF,0.012780532060074838,0.08756713934220879,0.8996523285977164
25738,LOF,0.01376319849025995,0.10912847830711626,0.8771083232026239
25739,LOF,0.02313359926125801,0.08566361464412567,0.8912027860946163
25740,LOF,0.02889613020183655,0.11176619510660377,0.8593376746915597
25741,LOF,0.015307704784589551,0.11769624273894438,0.8669960524764662
25742,LOF,0.12893824747690455,0.08964687451637149,0.7814148780067239
25743,LOF,0.030196443656308407,0.04400443936288793,0.9257991169808036
25744,Neutral,0.5308861852226358,0.2220393948224847,0.2470744199548796
25745,LOF,0.07753291340718473,0.07764164186445607,0.8448254447283592
25746,LOF,0.03977529333565872,0.09157517635417564,0.8686495303101657
25747,LOF,0.022333241239461694,0.061504722852675865,0.9161620359078624
25748,LOF,0.08490208951625178,0.08573914399906106,0.8293587664846872
25749,LOF,0.02345676023863432,0.09362335674404955,0.8829198830173162
25750,LOF,0.08175746660656197,0.08869069624724077,0.8295518371461972
25751,LOF,0.0950875853945854,0.09191369977714763,0.8129987148282669
25752,GOF,0.13738808498939994,0.608468213519295,0.2541437014913051
25753,LOF,0.01884708622195437,0.2679457301307367,0.7132071836473091
25754,GOF,0.011387565488882144,0.7806099329186412,0.20800250159247657
25755,LOF,0.02152076510746284,0.4087884688513311,0.5696907660412062
25756,LOF,0.04231465998743919,0.36062952999126463,0.5970558100212962
25757,GOF,0.013725271833453933,0.8333696354848363,0.15290509268170965
25758,GOF,0.030245575220532266,0.7795116241714676,0.19024280060800017
25759,GOF,0.010998673709485832,0.5318712264878563,0.4571300998026579
25760,LOF,0.011566354812562001,0.24867892261264854,0.7397547225747895
25761,GOF,0.2847242251246665,0.6279081680497511,0.08736760682558231
25762,LOF,0.03691358207618513,0.24685605500088112,0.7162303629229337
25763,LOF,0.013034622763650439,0.19951634407647748,0.787449033159872
25764,GOF,0.07365461114492375,0.596183330728286,0.3301620581267903
25765,GOF,0.033650200476424925,0.7335412600916954,0.23280853943187962
25766,GOF,0.06770587459096655,0.7336672071651226,0.1986269182439109
25767,GOF,0.1468595082226658,0.5663920412228047,0.2867484505545294
25768,LOF,0.11008961466097097,0.06747369519488138,0.8224366901441476
25769,LOF,0.06071656109508841,0.06039158404065929,0.8788918548642523
25770,LOF,0.3316252817207304,0.07870722619184886,0.5896674920874208
25771,LOF,0.04109697055449193,0.052173806394069676,0.9067292230514384
25772,LOF,0.02010404391484944,0.036409641137478764,0.9434863149476719
25773,LOF,0.0472169690245782,0.08958403424625445,0.8631989967291673
25774,LOF,0.029879996231727733,0.06618235948092081,0.9039376442873515
25775,LOF,0.04949525053467694,0.04549851806832967,0.9050062313969934
25776,LOF,0.08117818540106027,0.024026292775902198,0.8947955218230375
25777,LOF,0.38154955875398416,0.050399904642124606,0.5680505366038913
25778,LOF,0.07672687457351,0.04524391858183336,0.8780292068446567
25779,GOF,0.3804403641163583,0.5692851543149973,0.050274481568644405
25780,GOF,0.3120136682981301,0.6153780886980678,0.07260824300380204
25781,GOF,0.14607836024969162,0.7442950398464636,0.10962659990384484
25782,GOF,0.23014527934085866,0.6929098641558131,0.07694485650332822
25783,GOF,0.023664852883569083,0.6122247007831988,0.3641104463332322
25784,Neutral,0.521316202767997,0.43506763000776644,0.043616167224236585
25785,Neutral,0.5058919300669583,0.4536121481376625,0.04049592179537934
25786,GOF,0.026360061208365156,0.7023791207962178,0.2712608179954172
25787,Neutral,0.6626948693930008,0.3092631285267961,0.02804200208020308
25788,LOF,0.05159012828189166,0.10772330140623473,0.8406865703118735
25789,GOF,0.21337418539289257,0.6313282276611528,0.1552975869459546
25790,GOF,0.24292232534794586,0.6392657069481407,0.11781196770391336
25791,GOF,0.17184895448900986,0.6505045674459741,0.17764647806501607
25792,GOF,0.3806286763873352,0.492988655021583,0.12638266859108183
25793,GOF,0.26796528958236787,0.5144283102498011,0.21760640016783112
25794,GOF,0.2922194248061537,0.5038982138364452,0.20388236135740104
25795,GOF,0.09153097664317492,0.6385332154368014,0.26993580792002375
25796,Neutral,0.597566410455883,0.3201185840320107,0.08231500551210626
25797,GOF,0.08956871032992929,0.5059631219325159,0.4044681677375548
25798,LOF,0.009012174628184294,0.47572510612408886,0.5152627192477268
25799,LOF,0.007877982492934397,0.3472595486123071,0.6448624688947584
25800,GOF,0.03180991566554334,0.5310301086149818,0.4371599757194748
25801,GOF,0.21504567970914049,0.6308888826612719,0.15406543762958766
25802,GOF,0.09218592351517586,0.6162843042116022,0.291529772273222
25803,GOF,0.037826695712224453,0.5361945245361046,0.425978779751671
25804,LOF,0.0320383848486121,0.4330639450119226,0.5348976701394653
25805,GOF,0.09653315361824585,0.5492872102075695,0.3541796361741847
25806,GOF,0.10072431552897536,0.5610916256921241,0.33818405877890045
25807,GOF,0.020601744003793263,0.5770722900424556,0.40232596595375114
25808,GOF,0.08892549832125846,0.6027831315439892,0.3082913701347524
25809,GOF,0.020203100903343322,0.5225369570811355,0.4572599420155213
25810,GOF,0.01768148888446085,0.5605954595247734,0.42172305159076573
25811,Neutral,0.4893066106098342,0.4233751840332287,0.08731820535693713
25812,GOF,0.03519438063878807,0.6206983943304858,0.3441072250307262
25813,Neutral,0.5387690883393559,0.3427987422796372,0.11843216938100702
25814,GOF,0.12551059942672652,0.6154297249351333,0.2590596756381402
25815,GOF,0.1977755577044447,0.5870279731295674,0.21519646916598775
25816,GOF,0.022844841696261494,0.6639572730818853,0.31319788522185327
25817,GOF,0.24489860725181486,0.6164973912445306,0.1386040015036545
25818,GOF,0.06154975359140027,0.6012568153541272,0.33719343105447264
25819,GOF,0.36405743831260784,0.4740696860679292,0.16187287561946298
25820,GOF,0.18495543425127836,0.5600238981372326,0.255020667611489
25821,GOF,0.06133913691796408,0.6189318699502823,0.3197289931317535
25822,GOF,0.2141519087999217,0.5329352973757916,0.2529127938242868
25823,LOF,0.03543132158033218,0.4741001197302057,0.490468558689462
25824,GOF,0.08967566958848544,0.5418048758562926,0.36851945455522195
25825,GOF,0.03762038431994237,0.5476800313867393,0.41469958429331844
25826,GOF,0.01330943097928533,0.5239635771622935,0.4627269918584212
25827,GOF,0.021619631877155338,0.5692134793540292,0.4091668887688155
25828,LOF,0.011757796505587175,0.48210076993790824,0.5061414335565046
25829,GOF,0.006222067196748756,0.5531566733498795,0.4406212594533717
25830,LOF,0.032292970881766594,0.28588147992867263,0.6818255491895607
25831,GOF,0.2249511307594852,0.6284235043717347,0.14662536486878022
25832,GOF,0.036189327687188154,0.6439533770786111,0.31985729523420064
25833,GOF,0.1328331022533926,0.681198575796502,0.1859683219501053
25834,GOF,0.03634730371940218,0.6438603407760276,0.31979235550457014
25835,GOF,0.0803247454223067,0.7293232927828632,0.19035196179482997
25836,GOF,0.03921128258693778,0.6335803100878095,0.3272084073252528
25837,GOF,0.026813457069383442,0.5414287930468985,0.43175774988371796
25838,GOF,0.0996302454974933,0.7337605090955176,0.16660924540698915
25839,GOF,0.32055941718434544,0.5234566662859229,0.1559839165297317
25840,GOF,0.2514009736932928,0.5848189879687529,0.16378003833795426
25841,GOF,0.24772572369870102,0.5914769504457972,0.16079732585550185
25842,GOF,0.18303752725133418,0.671266470553329,0.14569600219533674
25843,GOF,0.25803112297832004,0.6400185949241782,0.1019502820975018
25844,GOF,0.07169089227115644,0.6743477006655325,0.253961407063311
25845,LOF,0.01773207678936826,0.4238842039639364,0.5583837192466954
25846,GOF,0.1333011420595616,0.699648022689466,0.1670508352509723
25847,GOF,0.12176918225544973,0.7583780357314521,0.11985278201309818
25848,GOF,0.04516710484677729,0.654857131457338,0.29997576369588463
25849,GOF,0.013201133895670774,0.5307795229193515,0.4560193431849777
25850,GOF,0.02223969884817199,0.6010756887435237,0.37668461240830425
25851,LOF,0.017770587959526463,0.47834418458854133,0.5038852274519322
25852,GOF,0.17827574503534313,0.5190528616072089,0.30267139335744797
25853,GOF,0.36770492327294185,0.55715265684725,0.07514241987980813
25854,GOF,0.022516394599631336,0.5962095521843149,0.38127405321605373
25855,GOF,0.040904321003313635,0.5251445227757757,0.4339511562209106
25856,GOF,0.2564706023935036,0.5083453412946549,0.23518405631184153
25857,LOF,0.04124618903607561,0.4586796149152333,0.5000741960486911
25858,GOF,0.019455864743118566,0.4938721715957249,0.4866719636611565
25859,LOF,0.010595764093548685,0.46341477743745524,0.525989458468996
25860,GOF,0.3836162408854413,0.5226196761809859,0.09376408293357284
25861,GOF,0.43972322704758976,0.485717665804241,0.07455910714816928
25862,GOF,0.10075331855158698,0.7586820692353939,0.14056461221301897
25863,GOF,0.08987145215877088,0.753491480909923,0.15663706693130602
25864,GOF,0.19518971281568495,0.7172807430203185,0.08752954416399655
25865,GOF,0.0968611288775685,0.753475299447737,0.14966357167469446
25866,GOF,0.06416995552986393,0.757223873642371,0.17860617082776506
25867,GOF,0.08708560762464276,0.7985991723039986,0.11431522007135869
25868,GOF,0.3043619275646111,0.5954111985261563,0.10022687390923257
25869,Neutral,0.7261328634336718,0.23094493303394203,0.04292220353238624
25870,LOF,0.27968079320202227,0.3591036419760006,0.3612155648219771
25871,GOF,0.23313303612559075,0.5923463026485423,0.17452066122586699
25872,GOF,0.07982807754625494,0.645135326834611,0.2750365956191342
25873,GOF,0.12682696228179147,0.6507517936047555,0.22242124411345307
25874,LOF,0.01704142129493635,0.11982380884726777,0.8631347698577959
25875,LOF,0.08667343154285531,0.04272402514517791,0.8706025433119668
25876,LOF,0.03402963070132003,0.030989624219753303,0.9349807450789266
25877,Neutral,0.4810599559463771,0.051606795215060175,0.4673332488385627
25878,LOF,0.20414755583078575,0.09383745059835688,0.7020149935708574
25879,LOF,0.08401514000243401,0.0955827355060497,0.8204021244915163
25880,LOF,0.02373541593045952,0.01684698713947695,0.9594175969300636
25881,LOF,0.17829126693217975,0.11039528512227206,0.7113134479455482
25882,LOF,0.06684804468156712,0.015992785758299374,0.9171591695601335
25883,LOF,0.08472015936492727,0.019675604475754803,0.895604236159318
25884,LOF,0.03541927259063242,0.029398052593119162,0.9351826748162484
25885,LOF,0.0649470769644032,0.012452515643911423,0.9226004073916854
25886,LOF,0.2638736680197398,0.0365947235518726,0.6995316084283877
25887,LOF,0.1710888187105383,0.06316852500423571,0.765742656285226
25888,LOF,0.07672958885316562,0.05481818371531471,0.8684522274315196
25889,LOF,0.04334911468751255,0.021510729315145884,0.9351401559973415
25890,LOF,0.049662606817618325,0.1460296907883223,0.8043077023940594
25891,LOF,0.04074304953603945,0.05148247061401147,0.9077744798499491
25892,LOF,0.09246495520703182,0.02065132817822526,0.8868837166147429
25893,LOF,0.2554098809962781,0.018618194877923377,0.7259719241257985
25894,LOF,0.18111853125427788,0.009346992868074692,0.8095344758776475
25895,LOF,0.20490306836256492,0.01830099057760491,0.7767959410598301
25896,LOF,0.04920101074859558,0.021759575534464462,0.92903941371694
25897,LOF,0.2670430101222905,0.010088177152561132,0.7228688127251482
25898,Neutral,0.6940916085003969,0.008201976661119915,0.2977064148384832
25899,LOF,0.18989623406412404,0.020682568120398696,0.7894211978154773
25900,LOF,0.4412053133057903,0.014389417918916823,0.5444052687752928
25901,LOF,0.04697484840535262,0.011149224812307963,0.9418759267823394
25902,LOF,0.16890475497724547,0.01184258178529079,0.8192526632374637
25903,Neutral,0.5459569251151977,0.024437083127345254,0.4296059917574571
25904,LOF,0.2721351373155947,0.046250657108767704,0.6816142055756376
25905,LOF,0.02174263627546753,0.34445623497624367,0.6338011287482889
25906,LOF,0.027499816750219282,0.08798664054537485,0.8845135427044057
25907,LOF,0.014304829677589477,0.36553247602514827,0.6201626942972622
25908,LOF,0.010113950509950315,0.2712966281283635,0.7185894213616862
25909,LOF,0.01340729923829284,0.15265879257761017,0.833933908184097
25910,LOF,0.047154263995526934,0.1503908595616554,0.8024548764428178
25911,LOF,0.17305817329822026,0.019769654638057268,0.8071721720637225
25912,LOF,0.050413078625586444,0.03880634517816473,0.9107805761962489
25913,LOF,0.3102046018471502,0.018569379206547318,0.6712260189463024
25914,LOF,0.019531989864106713,0.06995298340115341,0.9105150267347398
25915,Neutral,0.5647526451979151,0.19508439528452903,0.2401629595175558
25916,LOF,0.08027815553845233,0.2428555310821627,0.676866313379385
25917,LOF,0.06233577132003063,0.050982815022529646,0.8866814136574398
25918,LOF,0.024860163507614018,0.04340226258165735,0.9317375739107285
25919,LOF,0.02216809113947731,0.04947101036228868,0.9283608984982341
25920,GOF,0.10046138699795096,0.5082763593646852,0.3912622536373639
25921,LOF,0.02115127177860305,0.03644324516645057,0.9424054830549463
25922,LOF,0.030801661251435932,0.027757738427692347,0.9414406003208717
25923,LOF,0.40563025329969327,0.03394319635157328,0.5604265503487333
25924,LOF,0.0339642189104849,0.04630805396504843,0.9197277271244667
25925,LOF,0.06235475696561481,0.03673044707740266,0.9009147959569824
25926,LOF,0.04543673198703537,0.03133385063601674,0.923229417376948
25927,LOF,0.04995772194079268,0.11077029640579769,0.8392719816534095
25928,LOF,0.0165930432234464,0.04848296158178806,0.9349239951947655
25929,Neutral,0.5250982467838748,0.03654258920880244,0.43835916400732267
25930,LOF,0.04744204601788463,0.02977432803306041,0.9227836259490549
25931,LOF,0.022499965034722572,0.029159762492254066,0.9483402724730233
25932,LOF,0.02455411164804117,0.025335555058176203,0.9501103332937827
25933,LOF,0.03460362564034079,0.018240617126494933,0.9471557572331643
25934,LOF,0.022927644825606115,0.022216104258764482,0.9548562509156293
25935,LOF,0.055434441041662216,0.04699327652572715,0.8975722824326107
25936,LOF,0.045045432687618465,0.02279298023379825,0.9321615870785832
25937,LOF,0.023603289642409864,0.03637407130766375,0.9400226390499264
25938,LOF,0.05622037069873702,0.04832125921897847,0.8954583700822846
25939,LOF,0.03974221413187901,0.01982871873685706,0.940429067131264
25940,LOF,0.02937999479515678,0.38600647451457204,0.5846135306902711
25941,LOF,0.16880826756215397,0.10509771395740361,0.7260940184804424
25942,LOF,0.014181460876712937,0.03437027442701036,0.9514482646962766
25943,LOF,0.2784593937305073,0.054093310684184034,0.6674472955853086
25944,LOF,0.46999098101394393,0.022662433339689116,0.5073465856463669
25945,LOF,0.062178112758352805,0.022193193409284957,0.9156286938323623
25946,LOF,0.025798615731734153,0.13908695586744596,0.8351144284008198
25947,LOF,0.09580317845492237,0.2670378340860267,0.637158987459051
25948,LOF,0.3938813687795625,0.009684590998356073,0.5964340402220815
25949,LOF,0.1159685667567158,0.03673493046463772,0.8472965027786464
25950,GOF,0.2777668214532473,0.38193217556598685,0.3403010029807658
25951,LOF,0.22520773144035194,0.22334147505123128,0.5514507935084169
25952,LOF,0.04342921717033338,0.40016436155016555,0.5564064212795011
25953,LOF,0.14327969748156724,0.09533350943222926,0.7613867930862035
25954,Neutral,0.43227624231018563,0.16402271989616324,0.4037010377936511
25955,LOF,0.058340198356538114,0.0799199989284705,0.8617398027149914
25956,LOF,0.1581706201800281,0.10413260692091689,0.737696772899055
25957,LOF,0.03737171772663789,0.032894001501081606,0.9297342807722805
25958,LOF,0.0629481270160323,0.029567023809676008,0.9074848491742917
25959,LOF,0.06953553490508249,0.3694489647904635,0.5610155003044539
25960,LOF,0.017878136832608502,0.05723337275964561,0.924888490407746
25961,LOF,0.05071987907182659,0.031208488845383114,0.9180716320827903
25962,LOF,0.06367937953025768,0.026821928707870535,0.9094986917618717
25963,LOF,0.04374474396145424,0.20065100689519327,0.7556042491433524
25964,LOF,0.04006446167900538,0.1590859861023549,0.8008495522186397
25965,Neutral,0.48644519670632713,0.07528258425865782,0.43827221903501495
25966,Neutral,0.5362512333198387,0.15813151619446125,0.3056172504857
25967,LOF,0.015621005832048443,0.1015168293577909,0.8828621648101607
25968,LOF,0.026381741457740995,0.4271214719089099,0.5464967866333491
25969,LOF,0.027587368847445528,0.05843714065652798,0.9139754904960264
25970,LOF,0.060470336248924984,0.06308534826592102,0.876444315485154
25971,LOF,0.07448462539890366,0.018503595509373666,0.9070117790917227
25972,LOF,0.07803594106769221,0.025184440566565307,0.8967796183657424
25973,LOF,0.07335467909137677,0.010434638945605073,0.9162106819630182
25974,LOF,0.19582233449175807,0.01811466967338813,0.7860629958348537
25975,LOF,0.04371368572735704,0.03253626693927515,0.923750047333368
25976,LOF,0.04091256364779291,0.01838058003161439,0.9407068563205928
25977,LOF,0.14825441705597794,0.08783110976232418,0.7639144731816978
25978,LOF,0.13855017514336182,0.057889662633452736,0.8035601622231854
25979,LOF,0.13292994806067196,0.056554716512461405,0.8105153354268666
25980,LOF,0.21163369567801932,0.06858846640940486,0.7197778379125759
25981,LOF,0.24034975555442514,0.06670713845044611,0.6929431059951288
25982,LOF,0.39897467763810485,0.044344450375792537,0.5566808719861026
25983,LOF,0.38785675488476057,0.04913291006620908,0.5630103350490304
25984,LOF,0.05410717568209689,0.04209237317731232,0.9038004511405907
25985,LOF,0.035287770807415915,0.23622066989593238,0.7284915592966517
25986,LOF,0.039488414962738874,0.269049256948295,0.691462328088966
25987,LOF,0.07697580976794909,0.06179390669090959,0.8612302835411414
25988,LOF,0.14480639309482243,0.04676358638498679,0.8084300205201908
25989,LOF,0.030324060838428635,0.08887262217201486,0.8808033169895565
25990,LOF,0.042584118019286576,0.10865868361886076,0.8487571983618527
25991,LOF,0.14754650465336264,0.3002177823999913,0.5522357129466461
25992,LOF,0.31119396381248643,0.17661785007664044,0.512188186110873
25993,LOF,0.023688975275487925,0.08360358591777514,0.8927074388067369
25994,LOF,0.01841234151752294,0.11287111913955236,0.8687165393429246
25995,LOF,0.02651586504720501,0.23937710394605488,0.7341070310067401
25996,GOF,0.31352227228436563,0.4353199787615756,0.25115774895405873
25997,LOF,0.08790582005127937,0.4299535782945084,0.48214060165421235
25998,Neutral,0.5371422182454203,0.022234544755749024,0.44062323699883066
25999,LOF,0.10057216171154143,0.09464076004024612,0.8047870782482124
26000,LOF,0.14171852285786996,0.050866181950553216,0.8074152951915768
26001,LOF,0.18714018809539193,0.057169518336782604,0.7556902935678255
26002,LOF,0.14746430550831421,0.05116885677631476,0.801366837715371
26003,GOF,0.010524685642281597,0.571478213916265,0.4179971004414534
26004,GOF,0.017885532026122492,0.6375036803612666,0.3446107876126109
26005,LOF,0.007585114195606392,0.44110222660760007,0.5513126591967936
26006,Neutral,0.5354604637665402,0.23337636623844807,0.2311631699950117
26007,GOF,0.0224799123547166,0.528559054007074,0.44896103363820933
26008,GOF,0.018341564302673332,0.6186793612864465,0.3629790744108802
26009,GOF,0.02200407525174465,0.6681306453310508,0.30986527941720454
26010,GOF,0.02075398505603976,0.6294490635886845,0.34979695135527566
26011,LOF,0.006772049513717505,0.4468883476858714,0.5463396028004112
26012,GOF,0.013600620760781874,0.5440078785907057,0.44239150064851246
26013,GOF,0.020291758949945112,0.6136764842697788,0.3660317567802761
26014,LOF,0.0488605497239607,0.10741057570673636,0.843728874569303
26015,LOF,0.1570752990003907,0.01154618254333032,0.831378518456279
26016,LOF,0.2351373851154051,0.055624733651365894,0.7092378812332291
26017,LOF,0.2622537474638738,0.08938823521076454,0.6483580173253617
26018,LOF,0.08808944307977526,0.031289603450652244,0.8806209534695725
26019,LOF,0.08504156200080391,0.024434552819435258,0.8905238851797609
26020,LOF,0.07717015348204341,0.11655926305239446,0.8062705834655622
26021,LOF,0.050898746677873904,0.12334610360119731,0.8257551497209287
26022,LOF,0.011498520965636637,0.044929216429981135,0.9435722626043822
26023,LOF,0.10709047364167618,0.021610856139359886,0.8712986702189639
26024,LOF,0.03628614413321955,0.12043136035440259,0.8432824955123779
26025,LOF,0.15798521334917418,0.08709546120980383,0.754919325441022
26026,LOF,0.31699591192866156,0.02941077534660097,0.6535933127247375
26027,LOF,0.07845281952818917,0.016775493115917788,0.904771687355893
26028,LOF,0.18015890424047967,0.06091044594694339,0.7589306498125769
26029,LOF,0.0680456982367086,0.20723869706486817,0.7247156046984233
26030,LOF,0.023305919480422828,0.06555081714914227,0.9111432633704349
26031,LOF,0.02495107011905309,0.15540802437377138,0.8196409055071755
26032,LOF,0.063280383423536,0.07582007109979653,0.8608995454766676
26033,LOF,0.11106420484156017,0.09411846329204725,0.7948173318663925
26034,LOF,0.0410689231103249,0.1833658418283516,0.7755652350613236
26035,LOF,0.024177104726892183,0.16939698114696275,0.8064259141261451
26036,LOF,0.03667617127015823,0.1959628279451423,0.7673610007846994
26037,LOF,0.019949718973848188,0.14008043413487448,0.8399698468912774
26038,LOF,0.060153225520587994,0.07909091415498379,0.8607558603244281
26039,LOF,0.04796587451335062,0.1723173310348434,0.779716794451806
26040,LOF,0.17648799446652547,0.14933357041609027,0.6741784351173843
26041,LOF,0.02186795445422604,0.1297226912331052,0.8484093543126687
26042,LOF,0.020087975097023758,0.11968491680052695,0.8602271081024493
26043,LOF,0.06061286261012369,0.09005573425382851,0.8493314031360478
26044,LOF,0.020304422272232267,0.08161604610088115,0.8980795316268867
26045,LOF,0.0712430569257427,0.117074022006031,0.8116829210682263
26046,LOF,0.06158776301470805,0.08900839468595786,0.8494038422993342
26047,LOF,0.08365074052186393,0.092437933016836,0.8239113264613002
26048,LOF,0.05187644354654672,0.04760028946865062,0.9005232669848026
26049,Neutral,0.9614438374187322,0.008179877960749047,0.030376284620518702
26050,Neutral,0.9474827342952855,0.010646299372893736,0.04187096633182068
26051,LOF,0.05752018159455281,0.2781198409002286,0.6643599775052185
26052,LOF,0.07772196861089439,0.30036947455918417,0.6219085568299214
26053,LOF,0.0517893383903937,0.12719891982662526,0.8210117417829811
26054,LOF,0.05362956681809092,0.01640272248815314,0.929967710693756
26055,LOF,0.07085083183978945,0.013450741694676987,0.9156984264655336
26056,LOF,0.06039031477420077,0.014853597016336689,0.9247560882094626
26057,LOF,0.029659866148625157,0.010651520686170025,0.9596886131652049
26058,LOF,0.030787000508668057,0.008562571006442617,0.9606504284848892
26059,LOF,0.28755132154334784,0.020565523353897674,0.6918831551027544
26060,LOF,0.03757707031744375,0.19951646060597825,0.762906469076578
26061,LOF,0.0185028004430953,0.010030260910402084,0.9714669386465026
26062,LOF,0.010170540251579471,0.017706764690972734,0.9721226950574479
26063,LOF,0.02268563035510983,0.010678374605646695,0.9666359950392434
26064,LOF,0.02183454658152702,0.019000298377185483,0.9591651550412875
26065,LOF,0.02519008971917961,0.009248573634010512,0.9655613366468099
26066,LOF,0.021441401035806967,0.010158605272017278,0.9683999936921758
26067,LOF,0.029144585398431486,0.007691879495919492,0.963163535105649
26068,LOF,0.04569923022699249,0.027125898320666874,0.9271748714523407
26069,LOF,0.2652577612394361,0.018104054506297138,0.7166381842542666
26070,LOF,0.38140336620777326,0.015418436632660801,0.603178197159566
26071,LOF,0.023829142475042833,0.010896776565959396,0.9652740809589978
26072,LOF,0.02255981039958987,0.015361874784943006,0.9620783148154672
26073,LOF,0.024842427643823016,0.00954302657040741,0.9656145457857696
26074,Neutral,0.9139209641299919,0.005112974949538074,0.08096606092047007
26075,LOF,0.0464552405113536,0.014256859574469004,0.9392878999141773
26076,LOF,0.0490057764645553,0.008164823737892889,0.9428293997975518
26077,LOF,0.01046415084882226,0.016133932462008928,0.9734019166891689
26078,LOF,0.013815018109356592,0.010749609339506328,0.975435372551137
26079,LOF,0.061547378063327315,0.016493297538041296,0.9219593243986314
26080,LOF,0.06029502311675441,0.016527989621641828,0.9231769872616037
26081,LOF,0.036790506565852726,0.005677662503981097,0.9575318309301661
26082,LOF,0.014247645911039752,0.014677003808134725,0.9710753502808256
26083,LOF,0.1326009055564543,0.011498616440072747,0.855900478003473
26084,LOF,0.028430551511856403,0.01093843053953438,0.9606310179486093
26085,LOF,0.02433443113940785,0.010401556219617344,0.9652640126409747
26086,LOF,0.02344867501454317,0.009884407325829183,0.9666669176596278
26087,LOF,0.0286258569760871,0.0071875019182232585,0.9641866411056896
26088,LOF,0.015448311246922574,0.022288885154569327,0.9622628035985081
26089,LOF,0.044955396817416476,0.02082119524644005,0.9342234079361436
26090,LOF,0.04386639265833499,0.016137188985148463,0.9399964183565166
26091,LOF,0.04001677961278445,0.005660191240645361,0.9543230291465702
26092,LOF,0.026195897862789252,0.007380555194818858,0.9664235469423919
26093,LOF,0.041755523018522714,0.005215387491380597,0.9530290894900966
26094,LOF,0.044492768101045445,0.005512552026595134,0.9499946798723594
26095,LOF,0.0424311105659936,0.012499166097097001,0.9450697233369095
26096,LOF,0.017393616849688428,0.011912828531672585,0.970693554618639
26097,LOF,0.012400458151024134,0.030610724773497196,0.9569888170754788
26098,LOF,0.07261577486887327,0.009810488544848723,0.917573736586278
26099,LOF,0.02551488725305451,0.010890002268759925,0.9635951104781855
26100,LOF,0.0280905603845455,0.0105365059748861,0.9613729336405683
26101,LOF,0.060180343242709385,0.013769209259898708,0.9260504474973918
26102,LOF,0.024971492321538787,0.011985754661414647,0.9630427530170467
26103,Neutral,0.8889581806573705,0.01644644283871765,0.09459537650391171
26104,LOF,0.08074612898012652,0.021996235496975148,0.8972576355228984
26105,LOF,0.2126266416540321,0.2976501848681608,0.48972317347780703
26106,LOF,0.2134309329649871,0.10947872158726013,0.6770903454477527
26107,LOF,0.22438441688227564,0.08068412816708677,0.6949314549506375
26108,LOF,0.2915889356771613,0.10066862751950455,0.6077424368033341
26109,LOF,0.09206666647864559,0.05693265085547122,0.8510006826658832
26110,LOF,0.24596785075967212,0.009972812723999065,0.7440593365163289
26111,Neutral,0.5064494587282109,0.0267451010723539,0.4668054401994352
26112,LOF,0.03575600515154329,0.0079969324898464,0.9562470623586102
26113,LOF,0.05985350840122057,0.017069806880087558,0.9230766847186918
26114,LOF,0.02534319313786633,0.023978507535018127,0.9506782993271155
26115,LOF,0.0932539759233975,0.04759568127706185,0.8591503427995406
26116,LOF,0.06540533812811636,0.052367211621034054,0.8822274502508495
26117,LOF,0.4353658153596204,0.04501507990680478,0.5196191047335749
26118,LOF,0.038764335843841397,0.02651328618371877,0.9347223779724398
26119,LOF,0.02203637862231927,0.04326110306605037,0.9347025183116303
26120,LOF,0.030634502113727372,0.022389364631869975,0.9469761332544026
26121,LOF,0.03889592157009799,0.08254588237706632,0.8785581960528357
