feature0,prediction,LoGoFunc_Neutral,LoGoFunc_GOF,LoGoFunc_LOF
25546,Neutral,0.5726819231195002,0.16143644053028972,0.26588163635021
25547,Neutral,0.45885045499192334,0.2300290577692717,0.31112048723880487
25548,LOF,0.36544681531900813,0.2226489895173078,0.41190419516368404
25549,LOF,0.3308062036922128,0.2189907839186519,0.4502030123891354
25550,LOF,0.31831603083200877,0.23359398502061157,0.4480899841473797
25551,LOF,0.22876137730357832,0.23140921006374945,0.5398294126326723
25552,LOF,0.21697294891656307,0.26665808994318196,0.516368961140255
25553,Neutral,0.7578288020282556,0.1081300020398246,0.13404119593191968
25554,LOF,0.25040869712124053,0.20030845267253117,0.5492828502062282
25555,LOF,0.2027640307832892,0.19679679700681876,0.6004391722098921
25556,LOF,0.3678187905199123,0.1960344343539486,0.4361467751261391
25557,LOF,0.17804976512558696,0.23650964211630285,0.5854405927581102
25558,LOF,0.21832009549460568,0.25397498343747166,0.5277049210679227
25559,LOF,0.2493097522060645,0.06441749302647376,0.6862727547674617
25560,LOF,0.07189102723633051,0.1892212990985886,0.7388876736650809
25561,LOF,0.05612291619652234,0.3056541726436272,0.6382229111598504
25562,LOF,0.04067485117264584,0.1135387592419092,0.845786389585445
25563,LOF,0.008417994123972972,0.21256086670418825,0.7790211391718389
25564,LOF,0.06588926975402197,0.05445721689619826,0.8796535133497798
25565,LOF,0.17559675038995445,0.1144256812863698,0.7099775683236758
25566,GOF,0.077762936642696,0.6426797855778551,0.27955727777944905
25567,LOF,0.04183783316375104,0.08269302011117766,0.8754691467250714
25568,LOF,0.07997294324889422,0.06810906174665259,0.8519179950044532
25569,LOF,0.07334233227771969,0.06405362136674318,0.8626040463555372
25570,LOF,0.026195952590561792,0.09059387157583727,0.8832101758336008
25571,LOF,0.025815093964338495,0.08415276856598934,0.8900321374696721
25572,LOF,0.04004777062840105,0.08384422820901538,0.8761080011625836
25573,LOF,0.076363730544109,0.1070367704709822,0.8165994989849088
25574,LOF,0.08701212066780556,0.24442544844806802,0.6685624308841265
25575,LOF,0.02555577545057051,0.0917033434595802,0.8827408810898494
25576,LOF,0.01962487866394784,0.1213838222669906,0.8589912990690616
25577,LOF,0.02385696029795417,0.09010688169365788,0.886036158008388
25578,LOF,0.31032568532984994,0.08476952301907817,0.6049047916510719
25579,LOF,0.3114422899285563,0.08244040349287404,0.6061173065785697
25580,LOF,0.02912223690514723,0.07674550304370381,0.894132260051149
25581,LOF,0.04201325425728695,0.10542754786227926,0.8525591978804338
25582,LOF,0.04201325425728695,0.10542754786227926,0.8525591978804338
25583,LOF,0.031247224770941048,0.08089647552123158,0.8878562997078274
25584,Neutral,0.8124310287474841,0.047543891178265206,0.14002508007425063
25585,LOF,0.02738888477761937,0.07102871785459548,0.9015823973677851
25586,LOF,0.025943294315018194,0.08525149106452556,0.8888052146204561
25587,LOF,0.02669496833477585,0.08627176168857315,0.8870332699766509
25588,LOF,0.03156960241529118,0.0639981643988279,0.904432233185881
25589,Neutral,0.6547304003202244,0.150122337956527,0.19514726172324853
25590,LOF,0.06477863191315,0.07959080629654029,0.8556305617903096
25591,LOF,0.12110485186508041,0.051021981115033144,0.8278731670198864
25592,LOF,0.10592765745288041,0.14976418067002414,0.7443081618770955
25593,LOF,0.1330313246941305,0.3325149090359529,0.5344537662699166
25594,LOF,0.04190409931064504,0.06549006737961872,0.8926058333097363
25595,LOF,0.047087111053793304,0.0417173705240895,0.9111955184221173
25596,LOF,0.1354037251938285,0.017706713253976634,0.8468895615521949
25597,LOF,0.09879960093111996,0.009240563921613551,0.8919598351472666
25598,LOF,0.048656275000552425,0.04526398980185766,0.9060797351975899
25599,GOF,0.0291871743981143,0.5162161562875062,0.4545966693143795
25600,GOF,0.1966842959541035,0.4664618122696505,0.33685389177624603
25601,LOF,0.055874486325808236,0.2774562134815396,0.6666693001926522
25602,LOF,0.04725743102379459,0.07309044967865809,0.8796521192975473
25603,LOF,0.07242112264165862,0.049591924651049224,0.8779869527072921
25604,LOF,0.08088140658045669,0.13503044633433597,0.7840881470852075
25605,LOF,0.10355006453008579,0.16669151609301214,0.7297584193769021
25606,Neutral,0.6262181328550221,0.1664074747037479,0.20737439244122996
25607,LOF,0.04887380989376474,0.14505745763982772,0.8060687324664075
25608,LOF,0.06646033828522419,0.09250546306086406,0.8410341986539118
25609,GOF,0.1913384399969764,0.5381414213196178,0.2705201386834058
25610,LOF,0.014407765371225862,0.11508985099221924,0.8705023836365549
25611,LOF,0.013751716686572652,0.11353616620666956,0.8727121171067578
25612,LOF,0.054369978540781655,0.10485506860471853,0.8407749528544998
25613,LOF,0.0488585932041263,0.1182057173579465,0.8329356894379272
25614,LOF,0.0217183703785396,0.12459104105194851,0.853690588569512
25615,LOF,0.04715239932825003,0.1358613818999931,0.8169862187717569
25616,LOF,0.04938881155288159,0.10483794085930762,0.8457732475878108
25617,LOF,0.04887127627837006,0.11582378016824806,0.8353049435533819
25618,LOF,0.048284629361015054,0.4410275756454102,0.5106877949935749
25619,LOF,0.012242303301111505,0.25129911197202,0.7364585847268685
25620,LOF,0.044815587890887514,0.11178370331183599,0.8434007087972766
25621,LOF,0.07960800959203955,0.11602249197443758,0.8043694984335229
25622,LOF,0.07623114439668631,0.10199718478448422,0.8217716708188295
25623,LOF,0.05942200706231287,0.09452279305002093,0.8460551998876663
25624,LOF,0.02130251886812915,0.15092888355540968,0.8277685975764612
25625,LOF,0.055812813384373834,0.07817322779195575,0.8660139588236705
25626,LOF,0.03520130061108645,0.06985580823854758,0.894942891150366
25627,Neutral,0.8683726852254291,0.04294364028172125,0.08868367449284985
25628,LOF,0.16342307563554168,0.09757969319321495,0.7389972311712433
25629,LOF,0.07165052186276144,0.08812895444332836,0.8402205236939102
25630,LOF,0.25007629484143845,0.0800236229826099,0.6699000821759516
25631,Neutral,0.46847785531595304,0.06641249016950292,0.4651096545145441
25632,LOF,0.024417309176439392,0.03397583079964983,0.9416068600239109
25633,LOF,0.2895472952694988,0.018911634983971578,0.6915410697465297
25634,LOF,0.05711103197802266,0.03314391505646298,0.9097450529655143
25635,LOF,0.037723687617420495,0.019496857137817927,0.9427794552447616
25636,GOF,0.03100220363874895,0.6657566544465294,0.3032411419147217
25637,GOF,0.032639040317691215,0.5168702881126516,0.45049067156965716
25638,GOF,0.019934441639137608,0.5964864949302634,0.383579063430599
25639,LOF,0.02485421619074413,0.4129777588994086,0.5621680249098473
25640,Neutral,0.8715710307513214,0.08710939700060864,0.041319572248070056
25641,LOF,0.12277032851779697,0.28027474434899197,0.5969549271332111
25642,LOF,0.13476430326788125,0.17061581759475228,0.6946198791373666
25643,LOF,0.3814703269954077,0.1763518016685118,0.44217787133608055
25644,LOF,0.007862340677617733,0.4917055031918692,0.5004321561305131
25645,LOF,0.010732372149996883,0.43727530188250563,0.5519923259674975
25646,LOF,0.014323406837038644,0.2969006220226861,0.6887759711402752
25647,LOF,0.010639773598038315,0.2144084464360695,0.7749517799658922
25648,LOF,0.013096041143639308,0.2643434520326476,0.7225605068237131
25649,LOF,0.00835249628606629,0.15508357668694744,0.8365639270269862
25650,LOF,0.02420130600548823,0.4285467860429239,0.5472519079515878
25651,LOF,0.008399764320896211,0.2529854302383921,0.7386148054407118
25652,LOF,0.006140403602343854,0.3917722911663579,0.6020873052312983
25653,LOF,0.020395836208931883,0.46418648554796443,0.5154176782431037
25654,LOF,0.006906687180824728,0.35732470341852607,0.6357686094006493
25655,GOF,0.06731566821386654,0.6367178558129595,0.295966475973174
25656,LOF,0.18874627200812857,0.3642478432140655,0.447005884777806
25657,LOF,0.029097110318096597,0.38403470803131357,0.5868681816505897
25658,LOF,0.17511634721520036,0.3753114537311931,0.4495721990536065
25659,GOF,0.20822122187299386,0.5535361484770613,0.2382426296499448
25660,LOF,0.016244079193085494,0.3052601980656686,0.6784957227412458
25661,LOF,0.04895342131480113,0.2185588477622723,0.7324877309229266
25662,LOF,0.022283535506077416,0.1179025557952097,0.8598139086987129
25663,LOF,0.02049322083797969,0.09835789594702339,0.881148883214997
25664,LOF,0.0632064826990355,0.21810375410969848,0.718689763191266
25665,LOF,0.033108381489606466,0.11662156126099936,0.8502700572493942
25666,LOF,0.05360316827379333,0.1574448307820826,0.788952000944124
25667,LOF,0.05016198645635476,0.15324354588145941,0.7965944676621859
25668,LOF,0.01892853027913728,0.16550244150931928,0.8155690282115434
25669,LOF,0.018244306189168256,0.17364382250503657,0.8081118713057952
25670,LOF,0.07823278292655214,0.12841870982467002,0.7933485072487777
25671,LOF,0.08045615058219109,0.0911665684046186,0.8283772810131904
25672,LOF,0.028155107901730012,0.18718197773643064,0.7846629143618393
25673,LOF,0.06519554765967242,0.12880152738362993,0.8060029249566977
25674,LOF,0.05587427530315742,0.16273068799859577,0.7813950366982468
25675,LOF,0.04712694885461618,0.1954440978780934,0.7574289532672904
25676,LOF,0.01634786742913549,0.1440514417612733,0.8396006908095912
25677,LOF,0.014992163374162027,0.21727269029842752,0.7677351463274105
25678,LOF,0.1472618827483956,0.16689773055843282,0.6858403866931716
25679,LOF,0.0959076307044454,0.1441555316251569,0.7599368376703977
25680,LOF,0.016214485073613626,0.2842789358255889,0.6995065791007976
25681,LOF,0.026624780839308408,0.2617506074753648,0.7116246116853266
25682,LOF,0.0597798184830392,0.1479315040729591,0.7922886774440018
25683,LOF,0.06634154785938412,0.11646476103731669,0.8171936911032991
25684,LOF,0.02193453450789423,0.1583638520659309,0.819701613426175
25685,LOF,0.0842254473120315,0.21834745365985306,0.6974270990281153
25686,LOF,0.04491036598277979,0.3004789697585575,0.6546106642586628
25687,LOF,0.07920656503548251,0.32975551807490344,0.5910379168896142
25688,LOF,0.41838892618435447,0.039963962176188396,0.541647111639457
25689,LOF,0.2240148763614265,0.03622310781228412,0.7397620158262893
25690,LOF,0.3425601929529832,0.036212706784230685,0.6212271002627862
25691,Neutral,0.7300158013668423,0.043081082142021596,0.22690311649113618
25692,LOF,0.3573049301775952,0.016418032041056952,0.6262770377813479
25693,GOF,0.07368405735326915,0.5057906904104337,0.4205252522362971
25694,LOF,0.0933429262455639,0.028470824307206963,0.8781862494472292
25695,LOF,0.1064162026124813,0.01733537407381658,0.876248423313702
25696,LOF,0.09679688082707051,0.03200763651224291,0.8711954826606866
25697,LOF,0.05013382730005314,0.2539475386478018,0.6959186340521452
25698,LOF,0.2980835623072876,0.19818457343617088,0.5037318642565416
25699,LOF,0.3378198423479552,0.2541752199633374,0.4080049376887075
25700,LOF,0.06813783378211274,0.0395907088177196,0.8922714574001678
25701,LOF,0.16041447320845437,0.13671331995183872,0.7028722068397069
25702,GOF,0.109898243083159,0.7980972476525191,0.09200450926432191
25703,LOF,0.011946112038756413,0.36221178718994446,0.6258421007712991
25704,LOF,0.017987350544240943,0.2802075607506612,0.7018050887050978
25705,LOF,0.025968177070886327,0.1569853200093498,0.8170465029197639
25706,LOF,0.1530694221366138,0.4065347872019797,0.4403957906614066
25707,LOF,0.12120279349464742,0.39129523143848577,0.4875019750668667
25708,GOF,0.050433843447353806,0.49070478448507204,0.45886137206757416
25709,LOF,0.06888735814614864,0.09748376358196283,0.8336288782718886
25710,LOF,0.017100051455095428,0.172856196989429,0.8100437515554756
25711,LOF,0.02002411331519152,0.13907850159431473,0.8408973850904937
25712,LOF,0.016292718859557354,0.20431962227121883,0.7793876588692239
25713,LOF,0.022130335921069694,0.14347119673217554,0.8343984673467547
25714,LOF,0.07095814271042514,0.1522466806528644,0.7767951766367105
25715,LOF,0.014887841942165447,0.19643840328595527,0.7886737547718793
25716,LOF,0.013046810514376669,0.1370118271599732,0.8499413623256501
25717,LOF,0.016861983059178066,0.08654113367850427,0.8965968832623177
25718,LOF,0.014542164415636128,0.10140479533360575,0.884053040250758
25719,LOF,0.022167278542793274,0.15539959226685468,0.822433129190352
25720,LOF,0.02730842134946113,0.08497877595159703,0.8877128026989418
25721,LOF,0.014190625573206278,0.17473401114120846,0.8110753632855853
25722,LOF,0.01576493633577137,0.17311133963698233,0.8111237240272463
25723,LOF,0.025403949440305818,0.1270808475558834,0.8475152030038108
25724,LOF,0.054227894009663456,0.30726731142369007,0.6385047945666464
25725,LOF,0.014175938915454643,0.17027481999324232,0.815549241091303
25726,LOF,0.015110647530581656,0.17319392264428424,0.811695429825134
25727,LOF,0.01784961422346389,0.15842748053890512,0.823722905237631
25728,LOF,0.01426081511908241,0.19279683338142325,0.7929423514994943
25729,LOF,0.014888179447336865,0.19901055441357995,0.786101266139083
25730,LOF,0.0158540211453962,0.1948871094840087,0.7892588693705951
25731,LOF,0.013771847147391129,0.13473988121936273,0.8514882716332461
25732,LOF,0.015183991666026405,0.0845464259238196,0.900269582410154
25733,LOF,0.014157099509161965,0.09893379250240573,0.8869091079884324
25734,LOF,0.014749808905657346,0.18011025510378736,0.8051399359905553
25735,LOF,0.014557800272384047,0.10997402206763124,0.8754681776599849
25736,LOF,0.013767086757794743,0.1184148680232739,0.8678180452189312
25737,LOF,0.015304875648773576,0.15431261931258625,0.8303825050386401
25738,LOF,0.016106532471612665,0.17324526236207524,0.810648205166312
25739,LOF,0.021694808936777256,0.13930910680569525,0.8389960842575276
25740,LOF,0.037471607055150465,0.17470410343056864,0.7878242895142809
25741,LOF,0.019507305578224367,0.18939169285043847,0.7911010015713372
25742,LOF,0.09768529841987271,0.11644823645557398,0.7858664651245534
25743,LOF,0.024082842822924937,0.052980374540414446,0.9229367826366606
25744,Neutral,0.5473791314185058,0.2539199641855856,0.19870090439590865
25745,LOF,0.046403857547001263,0.140490351724263,0.8131057907287358
25746,LOF,0.023522771567815293,0.20537479844345452,0.7711024299887302
25747,LOF,0.014578965461098898,0.13391318646179667,0.8515078480771043
25748,LOF,0.07994984289154777,0.23238788154996273,0.6876622755584895
25749,LOF,0.014969963969441058,0.2175448100706236,0.7674852259599353
25750,LOF,0.03371876854991866,0.18682486331552514,0.7794563681345561
25751,LOF,0.0918962826706294,0.20508486685573526,0.7030188504736352
25752,GOF,0.09215144490190594,0.7106095324111636,0.19723902268693033
25753,LOF,0.015889151668317076,0.441755751150984,0.5423550971806989
25754,GOF,0.017999540884854087,0.7440168438369029,0.23798361527824305
25755,LOF,0.02116726074442479,0.3733503968320867,0.6054823424234885
25756,GOF,0.029944725655823057,0.5526146911668538,0.41744058317732313
25757,GOF,0.01629490752600009,0.841851909566068,0.14185318290793186
25758,GOF,0.026318140707337675,0.8428642527506666,0.13081760654199576
25759,GOF,0.017194223242461816,0.694822855918427,0.2879829208391113
25760,LOF,0.016034664230827448,0.42484446436427303,0.5591208714048994
25761,GOF,0.22233044090219212,0.7109666877959477,0.06670287130186014
25762,LOF,0.03446259344734767,0.4736645138505948,0.4918728927020575
25763,LOF,0.011238958891519074,0.30299526373251967,0.6857657773759612
25764,GOF,0.06408579142895628,0.7790044591632694,0.15690974940777422
25765,GOF,0.03125757550362696,0.8273094566325355,0.14143296786383758
25766,GOF,0.0643725766510341,0.8411664373458252,0.09446098600314075
25767,GOF,0.07754623548601729,0.7283911640349241,0.19406260047905852
25768,LOF,0.07505080299889093,0.11268375254339764,0.8122654444577115
25769,LOF,0.05078198817301734,0.06619327911498789,0.8830247327119948
25770,LOF,0.3096657537148919,0.07538851297152957,0.6149457333135785
25771,LOF,0.05391214293582188,0.03484854244673021,0.9112393146174479
25772,LOF,0.017403145435306584,0.05273883359836829,0.9298580209663252
25773,LOF,0.05714772547275055,0.028808875660144364,0.9140433988671051
25774,LOF,0.030880288345046233,0.10373851262398101,0.8653811990309728
25775,LOF,0.07107747391672273,0.024514080220784763,0.9044084458624925
25776,LOF,0.06215771394181406,0.03106525970232575,0.9067770263558602
25777,LOF,0.4316027326943359,0.03358541605479374,0.5348118512508704
25778,LOF,0.0533006875656459,0.05116041683292146,0.8955388956014325
25779,Neutral,0.5235264049380504,0.3305348820235045,0.14593871303844513
25780,Neutral,0.49547036170200626,0.2880412262230387,0.21648841207495503
25781,GOF,0.16906969432396496,0.49641286523792466,0.3345174404381104
25782,GOF,0.2605149039253093,0.4536564239010384,0.2858286721736522
25783,GOF,0.032153014716036314,0.5396482006978814,0.4281987845860822
25784,Neutral,0.6879173451834296,0.177830043225866,0.13425261159070448
25785,Neutral,0.6989232571519587,0.10191817158632846,0.19915857126171296
25786,GOF,0.031536468704852556,0.5017289010411212,0.4667346302540261
25787,Neutral,0.8370167487014635,0.05658272102329683,0.10640053027523978
25788,LOF,0.06594745875721597,0.026951502552761276,0.9071010386900228
25789,GOF,0.29347612343096624,0.37913872701836754,0.3273851495506663
25790,LOF,0.2855650907726961,0.3350234947745415,0.37941141445276233
25791,LOF,0.20393428175099915,0.3241231104285772,0.4719426078204237
25792,Neutral,0.43706578246503547,0.2028733153672376,0.3600609021677268
25793,LOF,0.2578814986300877,0.22797268840414556,0.5141458129657668
25794,Neutral,0.4171751343365045,0.2581034573517998,0.32472140831169577
25795,LOF,0.0860133341212706,0.41489228988566323,0.49909437599306616
25796,Neutral,0.6520791259002913,0.13913504382426548,0.2087858302754432
25797,LOF,0.11417364481440659,0.29340319736999354,0.5924231578156
25798,LOF,0.015281105895793042,0.32309698736405557,0.6616219067401514
25799,LOF,0.013750891161965116,0.3111769666454712,0.6750721421925636
25800,LOF,0.05365859556434405,0.3982696984598952,0.5480717059757607
25801,GOF,0.2882583564859162,0.3956371554181036,0.3161044880959801
25802,LOF,0.07138705074497674,0.4109421964731043,0.5176707527819189
25803,LOF,0.05209328090155674,0.3629349764520108,0.5849717426464325
25804,LOF,0.04340648547960169,0.38198099121993984,0.5746125233004584
25805,LOF,0.11238383581462659,0.41263561686191336,0.4749805473234601
25806,LOF,0.13502546941180574,0.3756791782250709,0.4892953523631235
25807,LOF,0.024406749390792775,0.3891843015449935,0.5864089490642137
25808,LOF,0.12021094206842178,0.34102921169545863,0.5387598462361196
25809,LOF,0.022752544584875696,0.3311268078264266,0.6461206475886976
25810,LOF,0.02992750153666615,0.32880019753108125,0.6412723009322526
25811,Neutral,0.6390677307042255,0.19616330150917194,0.16476896778660255
25812,LOF,0.04937952298448341,0.345307429363553,0.6053130476519636
25813,Neutral,0.6692236890936853,0.08053101394858811,0.2502452969577265
25814,LOF,0.17959800894802752,0.34716273543137627,0.47323925562059627
25815,LOF,0.3606659778822598,0.2690956782018168,0.3702383439159234
25816,LOF,0.019014742003466315,0.3691729232439219,0.6118123347526118
25817,GOF,0.2899187731693112,0.38772586020316363,0.3223553666275251
25818,LOF,0.04814199447809237,0.2963024479376262,0.6555555575842814
25819,Neutral,0.44291947775895235,0.21844972792402986,0.3386307943170177
25820,LOF,0.24398760578146983,0.3234010610199509,0.43261133319857925
25821,LOF,0.08983459916567936,0.3917914757077991,0.5183739251265216
25822,LOF,0.3349513085697632,0.2561174719232156,0.40893121950702116
25823,LOF,0.05453847631524316,0.36055591592673486,0.5849056077580219
25824,LOF,0.1380090019825741,0.25735591261427815,0.6046350854031477
25825,LOF,0.05691576492875339,0.2829172891374055,0.6601669459338411
25826,LOF,0.017028775559391248,0.3152442558205177,0.667726968620091
25827,LOF,0.02890188431794359,0.3829248319279891,0.5881732837540674
25828,LOF,0.02029635917506297,0.31883572636013274,0.6608679144648043
25829,LOF,0.01144326346474869,0.3579787837023606,0.6305779528328906
25830,LOF,0.040298101956117466,0.05523591496181078,0.9044659830820717
25831,GOF,0.20273076353351152,0.4997030729094485,0.29756616355703996
25832,LOF,0.04155114163452528,0.45244247752749533,0.5060063808379793
25833,GOF,0.14234866192843978,0.4481094558735233,0.409541882198037
25834,LOF,0.05516564502306872,0.44842830078445933,0.4964060541924719
25835,LOF,0.15085221801636436,0.38712578933132186,0.4620219926523138
25836,LOF,0.06548748891569672,0.4291136822632898,0.5053988288210135
25837,LOF,0.039632036369269694,0.3583002597236778,0.6020677039070524
25838,GOF,0.1402002769631818,0.45858800452235743,0.4012117185144609
25839,Neutral,0.42954400007323573,0.25049602812908417,0.3199599717976801
25840,LOF,0.32104034412590643,0.33736881939122404,0.34159083648286953
25841,Neutral,0.35978991305433217,0.28923213211662746,0.35097795482904043
25842,LOF,0.2402630674856679,0.3175193427656968,0.44221758974863523
25843,GOF,0.27914685662253536,0.40029354495506697,0.3205595984223977
25844,LOF,0.10259655857759026,0.3022876226503961,0.5951158187720136
25845,LOF,0.0228565981085252,0.3875923326167421,0.5895510692747326
25846,LOF,0.1443653439346114,0.4146006975362249,0.44103395852916377
25847,GOF,0.19446207732301138,0.4103366738271266,0.39520124884986213
25848,LOF,0.0512514219380824,0.3545939885657301,0.5941545894961875
25849,LOF,0.015150033817374516,0.35256828403259793,0.6322816821500276
25850,LOF,0.032994020140002744,0.4113833263586587,0.5556226535013385
25851,LOF,0.027452850453297782,0.40112357920889746,0.5714235703378047
25852,LOF,0.16728700018615822,0.3275589593930705,0.5051540404207713
25853,Neutral,0.4164703407892033,0.31017238430051525,0.27335727491028144
25854,LOF,0.029832934724649283,0.47799278011391344,0.49217428516143724
25855,LOF,0.0611767081825999,0.3455115742435651,0.5933117175738349
25856,LOF,0.3018837325721902,0.32642681890571795,0.3716894485220919
25857,LOF,0.0488715327598424,0.3598344633897014,0.5912940038504563
25858,GOF,0.0282268414732494,0.5062450965180592,0.46552806200869146
25859,GOF,0.013439297144976438,0.5206685842640317,0.4658921185909918
25860,Neutral,0.4195863555255711,0.2905156904313782,0.2898979540430508
25861,Neutral,0.4081640524997643,0.40145241670356663,0.19038353079666911
25862,GOF,0.08237368227224928,0.5408546865459857,0.3767716311817651
25863,GOF,0.08827284120756743,0.5695352253018929,0.3421919334905397
25864,GOF,0.2265699477891298,0.5257011908221307,0.24772886138873948
25865,GOF,0.09933814632230684,0.594758833368934,0.3059030203087593
25866,GOF,0.0866609004245877,0.6223006996864211,0.29103839988899116
25867,GOF,0.09596211044104369,0.6581286124107277,0.24590927714822866
25868,GOF,0.2790074381202462,0.3927627960370166,0.32822976584273716
25869,Neutral,0.7766366125609631,0.12478563918860085,0.098577748250436
25870,LOF,0.28250887404474967,0.028405778919050256,0.6890853470362001
25871,LOF,0.20712582788680584,0.36010205565849285,0.4327721164547012
25872,LOF,0.099722442340855,0.2688479149503169,0.6314296427088281
25873,LOF,0.17538976783517632,0.2754230729467997,0.549187159218024
25874,LOF,0.0277432325606513,0.031158658450909732,0.941098108988439
25875,LOF,0.03222018376683919,0.2766299876111545,0.6911498286220064
25876,LOF,0.023268472944542613,0.08819775094014994,0.8885337761153074
25877,LOF,0.31433148047590354,0.22897363839934756,0.4566948811247489
25878,LOF,0.1054792543035323,0.360740156553535,0.5337805891429328
25879,LOF,0.042508464226803044,0.36724939681744306,0.5902421389557538
25880,LOF,0.020811965120838095,0.03745740374382907,0.941730631135333
25881,LOF,0.3806417919426454,0.13138643305659894,0.48797177500075567
25882,LOF,0.09284561188113677,0.021221977394240612,0.8859324107246226
25883,LOF,0.09808442594729312,0.027697155503050408,0.8742184185496565
25884,LOF,0.07181074430030845,0.04439676994243442,0.8837924857572571
25885,LOF,0.08916337553321403,0.024986608480641187,0.8858500159861449
25886,LOF,0.2411467171569665,0.0655424285182549,0.6933108543247787
25887,LOF,0.33362143030587754,0.10183111851752577,0.5645474511765967
25888,LOF,0.1498755814456489,0.047156377031665024,0.8029680415226862
25889,LOF,0.06568127568128823,0.03586826965028976,0.898450454668422
25890,LOF,0.06433732727668096,0.09842378786570993,0.8372388848576091
25891,LOF,0.07032371481897715,0.05518806179328145,0.8744882233877415
25892,LOF,0.10134909326212097,0.04335120024546201,0.855299706492417
25893,LOF,0.338148611337085,0.03232123336464021,0.6295301552982747
25894,LOF,0.17265053532568542,0.016780769966158633,0.8105686947081561
25895,LOF,0.23000690307120433,0.01619718986854999,0.7537959070602458
25896,LOF,0.048906257121199635,0.027403804848406484,0.923689938030394
25897,LOF,0.22752559097680228,0.03853545131675979,0.7339389577064379
25898,Neutral,0.7543273426352367,0.02451909583252863,0.22115356153223475
25899,LOF,0.21291790016807977,0.13221530839939122,0.654866791432529
25900,Neutral,0.5619110910263546,0.03124924649133666,0.40683966248230874
25901,LOF,0.05591903507146209,0.025650754066064478,0.9184302108624735
25902,LOF,0.18914644645426043,0.02095631163441726,0.7898972419113223
25903,Neutral,0.563193813860951,0.0686694598370792,0.36813672630196975
25904,LOF,0.33826724035468614,0.07403423530494688,0.587698524340367
25905,LOF,0.03598392773513501,0.3782224319900001,0.5857936402748649
25906,LOF,0.02861751952153503,0.062398464105320205,0.9089840163731447
25907,LOF,0.012665086406958596,0.33555273432499744,0.651782179268044
25908,LOF,0.016538835509125868,0.20186552709592953,0.7815956373949445
25909,LOF,0.02089881757506771,0.1986889478090893,0.7804122346158431
25910,LOF,0.03722020662838242,0.319275001451937,0.6435047919196806
25911,LOF,0.06555485227424672,0.034160575300838755,0.9002845724249146
25912,LOF,0.034577377154085424,0.08656985285469115,0.8788527699912235
25913,LOF,0.23363410988356104,0.019838374526661175,0.7465275155897777
25914,LOF,0.022396859758704462,0.19878577409202813,0.7788173661492674
25915,GOF,0.3713268546718506,0.4401769260756299,0.18849621925251953
25916,GOF,0.02538045864653832,0.6188819221866012,0.3557376191668604
25917,LOF,0.028667931327591125,0.11135545849354082,0.8599766101788681
25918,LOF,0.024742033846278867,0.1027122124616929,0.8725457536920281
25919,LOF,0.024505246579406965,0.09462855013018638,0.8808662032904067
25920,GOF,0.15165248358049163,0.4826273474807633,0.36572016893874504
25921,LOF,0.031125178474405175,0.027033652220281215,0.9418411693053137
25922,LOF,0.043097957596570514,0.01629459773094515,0.9406074446724844
25923,LOF,0.37834808469363,0.034130130150441855,0.5875217851559281
25924,LOF,0.03994233560824555,0.022711757209093273,0.9373459071826613
25925,LOF,0.0846567631533278,0.038187418330183485,0.8771558185164887
25926,LOF,0.05730162081323384,0.02656922033624672,0.9161291588505195
25927,LOF,0.07220558503074145,0.1073027259141818,0.8204916890550766
25928,LOF,0.02396158865551404,0.01640653841505461,0.9596318729294313
25929,Neutral,0.4878583017811214,0.03226870951953952,0.4798729886993391
25930,LOF,0.09393101341592185,0.020426721836669052,0.8856422647474091
25931,LOF,0.03368080299386336,0.01202818633321885,0.9542910106729178
25932,LOF,0.03794134460783892,0.014262317178226586,0.9477963382139344
25933,LOF,0.047842433691269885,0.01183728949855144,0.9403202768101787
25934,LOF,0.033364887352229346,0.01801020482506184,0.9486249078227087
25935,LOF,0.0851723944330234,0.030129057040921257,0.8846985485260553
25936,LOF,0.04937026333664114,0.013226809676211503,0.9374029269871474
25937,LOF,0.03887223721145898,0.02798588212500017,0.933141880663541
25938,LOF,0.07875047675999121,0.05267682411644691,0.8685726991235619
25939,LOF,0.04073064095899729,0.016487590703573297,0.9427817683374294
25940,GOF,0.023162569347092085,0.5056119155977994,0.47122551505510857
25941,LOF,0.2510029873827995,0.018225131351021013,0.7307718812661795
25942,LOF,0.025672850922416657,0.008302912102542291,0.9660242369750409
25943,LOF,0.39787205693359007,0.016417914624399618,0.5857100284420103
25944,Neutral,0.5237408907753011,0.010885525383572726,0.46537358384112615
25945,LOF,0.10629664463373839,0.03060303004616815,0.8631003253200935
25946,LOF,0.03525044325511161,0.21629066133159314,0.7484588954132952
25947,LOF,0.1058423397000567,0.2688614647726702,0.6252961955272731
25948,LOF,0.38313230046091434,0.0050290372565599374,0.6118386622825257
25949,LOF,0.10944427947619789,0.012215545429347233,0.8783401750944548
25950,GOF,0.10951099139016739,0.6317121730648408,0.25877683554499187
25951,LOF,0.17245721329724353,0.2798708703417858,0.5476719163609707
25952,GOF,0.026666619220246063,0.6129722082040547,0.36036117257569933
25953,LOF,0.12289943937765489,0.3282174771284203,0.5488830834939248
25954,GOF,0.2953443668940229,0.5183333879142955,0.18632224519168167
25955,LOF,0.04706449344822957,0.21125183401248782,0.7416836725392827
25956,LOF,0.2311986804491839,0.04949420232367345,0.7193071172271426
25957,LOF,0.04734653783076664,0.02681408999647763,0.9258393721727558
25958,LOF,0.07998354113409362,0.026609947753639417,0.8934065111122669
25959,LOF,0.14696053842380408,0.33515935707073036,0.5178801045054656
25960,LOF,0.030175357779477857,0.05749271392234506,0.9123319282981771
25961,LOF,0.08437184122177899,0.04361563547398222,0.8720125233042388
25962,LOF,0.06423850430260214,0.03914061822089056,0.8966208774765073
25963,LOF,0.06320150169132711,0.13661188331928514,0.8001866149893878
25964,LOF,0.0280767941051113,0.34397751414907274,0.6279456917458159
25965,Neutral,0.4797080429605989,0.04608232560234062,0.4742096314370605
25966,GOF,0.24982182914826084,0.40202714890285984,0.34815102194887937
25967,LOF,0.012442432912170754,0.19373537434374563,0.7938221927440837
25968,GOF,0.06159933153320596,0.5175145006069822,0.42088616785981187
25969,LOF,0.015732970045048495,0.11234263928419401,0.8719243906707574
25970,LOF,0.04701384281736505,0.031568590416933724,0.9214175667657013
25971,LOF,0.08647120734364352,0.021077865525218516,0.8924509271311379
25972,LOF,0.07504381275453365,0.02651164737312893,0.8984445398723373
25973,LOF,0.09152724239911142,0.017331966980738512,0.8911407906201501
25974,LOF,0.3672004579145257,0.036100066907727976,0.5966994751777462
25975,LOF,0.04541989680331913,0.04229261055548954,0.9122874926411912
25976,LOF,0.038195285216917965,0.04208703942507737,0.9197176753580047
25977,LOF,0.08195941061211005,0.1792683910362765,0.7387721983516135
25978,LOF,0.2013471462461163,0.09953554903990891,0.6991173047139747
25979,LOF,0.1749347044365791,0.09898229065494904,0.7260830049084719
25980,LOF,0.19653602329338452,0.17539083634666044,0.628073140359955
25981,LOF,0.19653602329338452,0.17539083634666044,0.628073140359955
25982,LOF,0.37535584601834393,0.08514451188844759,0.5394996420932084
25983,LOF,0.37941762383921257,0.10111138175554531,0.5194709944052421
25984,LOF,0.029394499205808076,0.17637067461311323,0.7942348261810788
25985,LOF,0.01918207522009616,0.36605385471771096,0.614764070062193
25986,LOF,0.028566472338125353,0.3946346063865382,0.5767989212753365
25987,LOF,0.09356496608899204,0.09695556483831039,0.8094794690726975
25988,LOF,0.05116634569912673,0.19126584264696123,0.757567811653912
25989,LOF,0.02012409879679154,0.21274904228324712,0.7671268589199612
25990,LOF,0.02778973410068369,0.1749708655991949,0.7972394003001214
25991,LOF,0.1525508018202663,0.21863414128091938,0.6288150568988142
25992,LOF,0.300717965952125,0.23507027134666827,0.46421176270120673
25993,LOF,0.025659313505938034,0.07569898490012758,0.8986417015939344
25994,LOF,0.015142985868524712,0.09471014898096869,0.8901468651505067
25995,LOF,0.022671361739876605,0.09467807320079956,0.8826505650593238
25996,LOF,0.08404136497351096,0.3533217786009921,0.5626368564254969
25997,LOF,0.042600107095629836,0.43309837290425984,0.5243015200001104
25998,LOF,0.4265426499320797,0.010821683055968336,0.5626356670119521
25999,LOF,0.15483909122099085,0.3406612550432954,0.5044996537357137
26000,LOF,0.06099915230049333,0.045421181756677344,0.8935796659428293
26001,LOF,0.12927869543784903,0.07820315943370766,0.7925181451284433
26002,LOF,0.07579612997278014,0.08762230702483413,0.8365815630023857
26003,GOF,0.008431105714294727,0.6586028143827962,0.332966079902909
26004,GOF,0.02176292166806127,0.7119136152033281,0.26632346312861077
26005,LOF,0.01010899302732295,0.4817806107340254,0.5081103962386516
26006,Neutral,0.47295115089931566,0.311425130132604,0.21562371896808022
26007,GOF,0.015229037551709772,0.6168961013296939,0.3678748611185964
26008,GOF,0.012212408839113223,0.6896763561422594,0.29811123501862735
26009,GOF,0.024375006863087936,0.7768884207515134,0.19873657238539866
26010,GOF,0.012568363402045436,0.8302444355830995,0.1571872010148551
26011,GOF,0.00856245862584314,0.5075278095770801,0.48390973179707675
26012,GOF,0.014768711567206924,0.6122589727917819,0.37297231564101113
26013,GOF,0.010936600295039378,0.7203921131708318,0.26867128653412864
26014,LOF,0.038629701009364595,0.11461545259607864,0.8467548463945568
26015,LOF,0.22130878750784758,0.007206429407641485,0.771484783084511
26016,LOF,0.328333968165657,0.024727803860207138,0.6469382279741358
26017,LOF,0.2652211706748597,0.040183386635418754,0.6945954426897215
26018,LOF,0.09009725261683457,0.01849644718044322,0.8914063002027223
26019,LOF,0.09059815772955013,0.011576113942169362,0.8978257283282806
26020,LOF,0.09999138147569371,0.04546320944717126,0.854545409077135
26021,LOF,0.0829477310961919,0.05629935119785723,0.8607529177059509
26022,LOF,0.01795669994923078,0.02812725101647544,0.9539160490342938
26023,LOF,0.17795961329251667,0.014075365071087548,0.8079650216363958
26024,LOF,0.03721853284445441,0.06530959347854669,0.8974718736769989
26025,LOF,0.29738526172976165,0.04749124819521558,0.6551234900750228
26026,LOF,0.49296116485368474,0.01235778812014482,0.49468104702617055
26027,LOF,0.09197124068666765,0.010467337033010391,0.897561422280322
26028,LOF,0.27267219904960177,0.06181636610454583,0.6655114348458524
26029,LOF,0.09207755840885884,0.20755601555386666,0.7003664260372746
26030,LOF,0.03389875053273164,0.04663972290614009,0.9194615265611282
26031,LOF,0.024136659221793328,0.18644897430331123,0.7894143664748955
26032,LOF,0.11595410645112009,0.050175884225108804,0.8338700093237711
26033,LOF,0.2687309548697519,0.0799213754752131,0.651347669655035
26034,LOF,0.05038031695236504,0.14199353831215014,0.8076261447354848
26035,LOF,0.036644255589137156,0.18083600419703233,0.7825197402138305
26036,LOF,0.052292568789801,0.1602957931072086,0.7874116381029903
26037,LOF,0.02853031567135842,0.1340391957586506,0.837430488569991
26038,LOF,0.11302710362390424,0.04798909321746211,0.8389838031586335
26039,LOF,0.06453941774858177,0.16225623420239746,0.7732043480490208
26040,Neutral,0.46793320011211026,0.11060497599233894,0.4214618238955507
26041,LOF,0.028554242704660743,0.13791632045196825,0.833529436843371
26042,LOF,0.029363085773610832,0.12366486100877859,0.8469720532176105
26043,LOF,0.11061945537057682,0.06159736693876711,0.8277831776906561
26044,LOF,0.0322258291985963,0.05605680847474481,0.9117173623266588
26045,LOF,0.0835092876261058,0.14387815082545208,0.772612561548442
26046,LOF,0.12245462224270634,0.06895911965602516,0.8085862581012684
26047,LOF,0.13216483834893814,0.06664085277363963,0.8011943088774223
26048,LOF,0.07760096073222557,0.058609685145381174,0.8637893541223933
26049,Neutral,0.9294899744569715,0.01343499713058317,0.05707502841244548
26050,Neutral,0.9060461544880638,0.014542933181684658,0.07941091233025152
26051,GOF,0.03804728755351648,0.5601909946469693,0.40176171779951425
26052,GOF,0.02838468984651636,0.5799739042943737,0.39164140585910995
26053,LOF,0.0537819972698125,0.29286135489669546,0.6533566478334921
26054,LOF,0.06472839811623372,0.07542982642698222,0.8598417754567841
26055,LOF,0.06306639689007718,0.05469421846802941,0.8822393846418936
26056,LOF,0.051282048922631364,0.06481441005407076,0.8839035410232978
26057,LOF,0.030357018641137254,0.05818706461040447,0.9114559167484582
26058,LOF,0.03042651539538987,0.04943004896503001,0.9201434356395801
26059,LOF,0.391421780031431,0.09483801639550778,0.5137402035730612
26060,LOF,0.031769497348502485,0.39788517283742264,0.5703453298140749
26061,LOF,0.024473389087979403,0.08947049810815233,0.8860561128038683
26062,LOF,0.016260236419887962,0.06620897537969903,0.917530788200413
26063,LOF,0.026257545526919127,0.05474577108472002,0.9189966833883608
26064,LOF,0.025850077565004206,0.06738556869687526,0.9067643537381205
26065,LOF,0.029117160224753674,0.041780642553826935,0.9291021972214194
26066,LOF,0.023535099428406377,0.06499199981782038,0.9114729007537733
26067,LOF,0.025621033495108362,0.049906673348714854,0.9244722931561767
26068,LOF,0.05017672741285684,0.08805740842175504,0.8617658641653881
26069,LOF,0.3777559408674471,0.05909230867636735,0.5631517504561855
26070,Neutral,0.6079296189181022,0.032610184062561436,0.3594601970193363
26071,LOF,0.025854599894877074,0.06367925196232213,0.9104661481428008
26072,LOF,0.024082216560178917,0.0895292029686264,0.8863885804711946
26073,LOF,0.029364605131082272,0.04101514274553133,0.9296202521233865
26074,Neutral,0.8806387156019404,0.014640251626202649,0.10472103277185682
26075,LOF,0.04192898372386136,0.06532818454941741,0.8927428317267213
26076,LOF,0.0405286902400662,0.0407527584259622,0.9187185513339715
26077,LOF,0.012945466766489024,0.0944089361687472,0.8926455970647638
26078,LOF,0.017190235054925885,0.06805850238363163,0.9147512625614425
26079,LOF,0.05155317626910433,0.07087140681760311,0.8775754169132925
26080,LOF,0.05155317626910433,0.07087140681760311,0.8775754169132925
26081,LOF,0.03470688814331908,0.03976089248042239,0.9255322193762584
26082,LOF,0.02312132495527516,0.053287997356853745,0.9235906776878712
26083,LOF,0.07151049277081878,0.06759531879677962,0.8608941884324016
26084,LOF,0.024691678546083333,0.06219862767623026,0.9131096937776864
26085,LOF,0.024691678546083333,0.06219862767623026,0.9131096937776864
26086,LOF,0.025815305961036913,0.07201649470480156,0.9021681993341615
26087,LOF,0.027011336360832944,0.056377389437476284,0.9166112742016908
26088,LOF,0.025522331842936157,0.12234370207756423,0.8521339660794995
26089,LOF,0.04648411134022306,0.052407345801709894,0.9011085428580671
26090,LOF,0.04306346302013365,0.04579556692891789,0.9111409700509484
26091,LOF,0.04338326225714966,0.028230852698253952,0.9283858850445963
26092,LOF,0.0296813700744268,0.047321033771702964,0.9229975961538702
26093,LOF,0.04183868497141023,0.029266851618084087,0.9288944634105057
26094,LOF,0.047879292638149704,0.025145111933467232,0.926975595428383
26095,LOF,0.05761755468133481,0.06344297993513233,0.8789394653835328
26096,LOF,0.023996530815341227,0.05326337105446099,0.9227400981301978
26097,LOF,0.013095076251796296,0.16660393530569761,0.8203009884425062
26098,LOF,0.058662086144229304,0.05567318380865675,0.885664730047114
26099,LOF,0.026005867988286236,0.10120555630545666,0.8727885757062572
26100,LOF,0.026005867988286236,0.10120555630545666,0.8727885757062572
26101,LOF,0.052655499577571374,0.08585703674799114,0.8614874636744374
26102,LOF,0.027189177360996738,0.06688300669518321,0.9059278159438201
26103,Neutral,0.7875871435936221,0.09749063760671463,0.1149222187996632
26104,LOF,0.04532685592535863,0.12088446889099996,0.8337886751836414
26105,LOF,0.33733121117943893,0.07838496047090385,0.5842838283496573
26106,LOF,0.1885144488682349,0.04309244399520878,0.7683931071365562
26107,LOF,0.27902806386212686,0.0655190656685832,0.6554528704692899
26108,LOF,0.17768307417312235,0.05948701513872401,0.7628299106881538
26109,LOF,0.05256150287650538,0.1541688787382025,0.7932696183852921
26110,LOF,0.23634019551225977,0.052473787001678575,0.7111860174860618
26111,LOF,0.4192555850284753,0.07167804062384082,0.5090663743476839
26112,LOF,0.03958813226704833,0.041609985144711675,0.91880188258824
26113,LOF,0.05325545369433283,0.11351308226893142,0.8332314640367358
26114,LOF,0.03182842628406225,0.02323413078845702,0.9449374429274808
26115,LOF,0.15531844498443073,0.052327797619754216,0.792353757395815
26116,LOF,0.08959774132788265,0.048484892516489596,0.8619173661556278
26117,LOF,0.3146398235506375,0.15804005126707493,0.5273201251822874
26118,LOF,0.04337629640954505,0.035659788645592126,0.9209639149448628
26119,LOF,0.03487267371818547,0.12285804920506684,0.8422692770767477
26120,LOF,0.0374255335132236,0.05865557690507494,0.9039188895817014
26121,LOF,0.06970766587120322,0.12028687803805621,0.8100054560907406
26122,LOF,0.08214826228885898,0.11985323216998961,0.7979985055411513
