feature0,prediction,LoGoFunc_Neutral,LoGoFunc_GOF,LoGoFunc_LOF
25546,Neutral,0.6299453135625892,0.05610280008950824,0.31395188634790244
25547,Neutral,0.5084704934536243,0.09062702127401367,0.40090248527236205
25548,Neutral,0.5088296476142041,0.08171117163659994,0.40945918074919585
25549,LOF,0.44183692268386093,0.08051934504319913,0.47764373227294
25550,LOF,0.3934995407235836,0.09099955734661662,0.5155009019297998
25551,LOF,0.330247095844431,0.10635225329467621,0.5634006508608927
25552,LOF,0.30473492591925555,0.11127494296695467,0.5839901311137897
25553,Neutral,0.7869393662997611,0.05405840678772933,0.15900222691250954
25554,LOF,0.32649641702524845,0.10710443069962146,0.56639915227513
25555,LOF,0.28549780526571117,0.10279850351049512,0.6117036912237936
25556,Neutral,0.4678146750621461,0.10225870564745822,0.42992661929039566
25557,LOF,0.2784919981189517,0.10479207801467251,0.6167159238663757
25558,LOF,0.3263406813371203,0.10037952838575423,0.5732797902771255
25559,LOF,0.20941270216860555,0.055929770488152716,0.7346575273432417
25560,LOF,0.10258334641360416,0.13921968036314292,0.7581969732232529
25561,LOF,0.11278855078759006,0.20195101187105785,0.685260437341352
25562,LOF,0.03654239825842186,0.09492964136091632,0.8685279603806618
25563,LOF,0.008549116028071502,0.14875081727422926,0.8427000666976993
25564,LOF,0.08780292465877294,0.1098354325429812,0.802361642798246
25565,LOF,0.19661582318123455,0.1758196194583407,0.6275645573604247
25566,GOF,0.05818453278013118,0.7158254272273169,0.22599003999255193
25567,LOF,0.047009153977929506,0.16515426957595938,0.787836576446111
25568,LOF,0.05936738774659666,0.09083581599258021,0.8497967962608232
25569,LOF,0.06494504895453955,0.09071966313011114,0.8443352879153493
25570,LOF,0.02668313920963131,0.12953737904145407,0.8437794817489146
25571,LOF,0.026135223576040385,0.13577094752315247,0.8380938289008071
25572,LOF,0.060675461277560364,0.19395468153980744,0.7453698571826322
25573,LOF,0.0660615864019101,0.1283921467837782,0.8055462668143116
25574,LOF,0.06820319936895292,0.2694675953105377,0.6623292053205093
25575,LOF,0.023948932155032836,0.1591614139170032,0.816889653927964
25576,LOF,0.025364372048549567,0.22331390565118842,0.751321722300262
25577,LOF,0.030167346650516822,0.18329226692203215,0.786540386427451
25578,LOF,0.3173784365164512,0.09733425217272045,0.5852873113108282
25579,LOF,0.22713614600395438,0.09783871932109206,0.6750251346749536
25580,LOF,0.022918372048631053,0.09654977095718992,0.8805318569941791
25581,LOF,0.049389143867013305,0.10268234264485653,0.84792851348813
25582,LOF,0.04905806006770854,0.09951198057171692,0.8514299593605745
25583,LOF,0.02923643116267404,0.11013379305968216,0.8606297757776438
25584,Neutral,0.7188896725508447,0.12466931480883486,0.15644101264032054
25585,LOF,0.02176842231224824,0.1945649784198834,0.7836665992678683
25586,LOF,0.019880866131697598,0.11898266967114958,0.8611364641971527
25587,LOF,0.019847808568977277,0.10345007329066239,0.8767021181403604
25588,LOF,0.023267351618384637,0.09773156187227414,0.8790010865093413
25589,Neutral,0.5340057688162155,0.25603587742424583,0.20995835375953867
25590,LOF,0.053089269508237384,0.13973374937648847,0.8071769811152741
25591,LOF,0.08052112358579198,0.08843601010559185,0.8310428663086161
25592,LOF,0.068218285389986,0.1635888655054088,0.7681928491046052
25593,LOF,0.09958090591061368,0.3344107469693597,0.5660083471200267
25594,LOF,0.05365961066361947,0.03475818182919169,0.9115822075071889
25595,LOF,0.05581594936325927,0.021415032148992503,0.9227690184877483
25596,LOF,0.11649907434056864,0.0158198672825253,0.8676810583769061
25597,LOF,0.08558681849167367,0.014646772078355162,0.8997664094299711
25598,LOF,0.05233435281435226,0.02267425139773155,0.9249913957879161
25599,LOF,0.027050930335555067,0.3787801246226079,0.5941689450418369
25600,LOF,0.18465525175543854,0.3599855530799994,0.455359195164562
25601,LOF,0.0458954737528988,0.3028134206104129,0.6512911056366882
25602,LOF,0.030469993329831885,0.0816929779954833,0.8878370286746848
25603,LOF,0.04971669689296677,0.07930606470121496,0.8709772384058183
25604,LOF,0.04781450898049337,0.13276440999042532,0.8194210810290813
25605,LOF,0.03487780724349115,0.21687922652564434,0.7482429662308645
25606,Neutral,0.39585033852469376,0.2550484387490868,0.3491012227262195
25607,LOF,0.027523528618897106,0.2775815626489435,0.6948949087321593
25608,LOF,0.042638064123917824,0.11011054584057638,0.8472513900355058
25609,GOF,0.15755244102457133,0.5837463871335267,0.25870117184190217
25610,LOF,0.01829919380550874,0.05604138517373458,0.9256594210207566
25611,LOF,0.013579752134693455,0.05767020561506479,0.9287500422502417
25612,LOF,0.047262715442025156,0.06778078707087773,0.884956497487097
25613,LOF,0.04645436677223855,0.06210370687916533,0.8914419263485961
25614,LOF,0.024079413919601278,0.05215948618049186,0.9237610998999068
25615,LOF,0.0428967421287671,0.05799182298997264,0.8991114348812602
25616,LOF,0.0605983585726366,0.06117515377843319,0.8782264876489302
25617,LOF,0.04752446423778653,0.0638354440758656,0.8886400916863478
25618,LOF,0.04965799690408928,0.09059869582575149,0.8597433072701592
25619,LOF,0.014604722833672992,0.07158430631394012,0.9138109708523869
25620,LOF,0.05238073116504544,0.0611947038042387,0.8864245650307159
25621,LOF,0.06495108033664121,0.05684261803672322,0.8782063016266355
25622,LOF,0.0769975512846423,0.0645569075426017,0.858445541172756
25623,LOF,0.06189967135160432,0.06020654433941745,0.8778937843089782
25624,LOF,0.022377562486918464,0.05965950734431862,0.917962930168763
25625,LOF,0.06263709883651539,0.0596195894574006,0.8777433117060841
25626,LOF,0.05187413375002494,0.056752002467917576,0.8913738637820575
25627,Neutral,0.8810475597804792,0.022600675249427035,0.0963517649700937
25628,LOF,0.16659051379880904,0.06820039585072823,0.7652090903504628
25629,LOF,0.0605323783274554,0.06112270685347953,0.8783449148190651
25630,LOF,0.27130389853293163,0.07450223184981866,0.6541938696172497
25631,Neutral,0.5354273473580647,0.06034163293605286,0.4042310197058824
25632,LOF,0.03030943133738415,0.13258359783013968,0.8371069708324761
25633,LOF,0.23067868952027262,0.07712957173566516,0.6921917387440621
25634,LOF,0.042836962312664664,0.12236912511883277,0.8347939125685027
25635,LOF,0.037333132542451776,0.06164812080400318,0.901018746653545
25636,GOF,0.02827834255397204,0.560944557982277,0.4107770994637509
25637,GOF,0.042100028383271336,0.576537416498984,0.3813625551177446
25638,GOF,0.02324783590110118,0.4957739027644301,0.48097826133446875
25639,LOF,0.030373879619727904,0.47764499874528504,0.491981121634987
25640,Neutral,0.8511302976203972,0.08458340375178378,0.06428629862781901
25641,LOF,0.10331195529550342,0.3849258042408929,0.5117622404636036
25642,LOF,0.09702931405653828,0.16027838218167,0.7426923037617916
25643,LOF,0.3136578516320548,0.10319950431986993,0.5831426440480753
25644,GOF,0.009918149040349494,0.6089696266433894,0.38111222431626124
25645,GOF,0.011029216241020087,0.580944312382969,0.4080264713760109
25646,LOF,0.02742904712105512,0.3793178186552524,0.5932531342236925
25647,LOF,0.010341744466164673,0.28766229174906705,0.7019959637847683
25648,LOF,0.011368664892071596,0.3612377319372853,0.6273936031706432
25649,LOF,0.007865094980540756,0.278275075536819,0.7138598294826403
25650,GOF,0.024663241944329416,0.5755914846698122,0.3997452733858584
25651,LOF,0.009793401191694804,0.3806059145280597,0.6096006842802455
25652,LOF,0.012330522748003538,0.4073404350952349,0.5803290421567616
25653,GOF,0.03904674079402751,0.5610301071830418,0.3999231520229308
25654,LOF,0.01038864640287229,0.2811204049497524,0.7084909486473753
25655,GOF,0.08978232061480038,0.6125179122479597,0.29769976713724
25656,LOF,0.2605300967617086,0.08030128470318493,0.6591686185351066
25657,LOF,0.03454251771537653,0.09600284121419986,0.8694546410704236
25658,LOF,0.30401070159234456,0.12165459135408419,0.5743347070535713
25659,Neutral,0.49162624060324034,0.140113644489418,0.3682601149073416
25660,LOF,0.022204631870656532,0.100158032177574,0.8776373359517694
25661,LOF,0.06747974841350934,0.06652224355448376,0.8659980080320068
25662,LOF,0.027872600986030463,0.03960073333022063,0.9325266656837489
25663,LOF,0.030255262465278494,0.037693738378392704,0.9320509991563287
25664,LOF,0.10266593981948684,0.0675011168695841,0.829832943310929
25665,LOF,0.0588927493278859,0.02966976755611513,0.9114374831159989
25666,LOF,0.07145418959419345,0.052239122386399946,0.8763066880194066
25667,LOF,0.0638323467805245,0.04258946449196305,0.8935781887275125
25668,LOF,0.029405212094339942,0.054057210713133956,0.916537577192526
25669,LOF,0.021876243455924368,0.04995689053610002,0.9281668660079755
25670,LOF,0.11305767502082383,0.04697417929693781,0.8399681456822384
25671,LOF,0.0920400659904113,0.038858856543465325,0.8691010774661233
25672,LOF,0.05123675461938121,0.04603129427253528,0.9027319511080835
25673,LOF,0.09538962921878823,0.04409117459207162,0.8605191961891401
25674,LOF,0.09123494334332999,0.05806358772234912,0.8507014689343209
25675,LOF,0.08188522216519271,0.07295934072960049,0.8451554371052069
25676,LOF,0.016892890879850585,0.05826367744904868,0.9248434316711007
25677,LOF,0.017021800980656254,0.07915186030149399,0.9038263387178497
25678,LOF,0.1571313997352102,0.0998064896269342,0.7430621106378558
25679,LOF,0.11255084655381743,0.09201898967071316,0.7954301637754694
25680,LOF,0.02601370666388506,0.12676253973472282,0.8472237536013921
25681,LOF,0.041162214809090145,0.11365032585903935,0.8451874593318706
25682,LOF,0.11200208662077005,0.0698968744998543,0.8181010388793756
25683,LOF,0.1051468219795122,0.0823590251434425,0.8124941528770453
25684,LOF,0.02917623907075218,0.05908093013132873,0.9117428307979191
25685,LOF,0.12888584816743956,0.07345206500457199,0.7976620868279884
25686,LOF,0.06945874075668837,0.11262225733784278,0.8179190019054688
25687,LOF,0.14795986023281085,0.11092577164730259,0.7411143681198865
25688,LOF,0.4192564153823441,0.03287198259505034,0.5478716020226055
25689,LOF,0.28449074581544526,0.04457729245843112,0.6709319617261236
25690,LOF,0.35356265154229416,0.027025898026683665,0.6194114504310222
25691,Neutral,0.6861109981519676,0.02717001006467533,0.28671899178335714
25692,LOF,0.34073667955069015,0.011627145539362742,0.6476361749099471
25693,GOF,0.03536645823354861,0.5111160550838063,0.45351748668264524
25694,LOF,0.10386680894156707,0.016883821594758916,0.8792493694636739
25695,LOF,0.09701688928483888,0.008248200814655144,0.894734909900506
25696,LOF,0.10011262480578242,0.011813612025356543,0.8880737631688611
25697,LOF,0.05891779332849172,0.07234609752002999,0.8687361091514783
25698,LOF,0.24432814023495808,0.23085085285602885,0.524821006909013
25699,LOF,0.4476186330712782,0.022600282642015575,0.5297810842867061
25700,LOF,0.06332006608448454,0.008186882180461647,0.9284930517350538
25701,LOF,0.17993406372469206,0.028417454965157723,0.7916484813101502
25702,GOF,0.19335535482587066,0.6343008036664668,0.1723438415076625
25703,LOF,0.01670796532094453,0.16545371526875877,0.8178383194102967
25704,LOF,0.035334992533912306,0.1479614784624206,0.816703529003667
25705,LOF,0.04246511041331571,0.07919779782452913,0.8783370917621551
25706,GOF,0.11250595978336836,0.44460294092627645,0.4428910992903552
25707,LOF,0.07293105367593332,0.38350640029604594,0.5435625460280207
25708,LOF,0.03712049532520531,0.351497260515362,0.6113822441594327
25709,LOF,0.07952216679212389,0.033259333093950696,0.8872185001139254
25710,LOF,0.01488124686085451,0.13346467885414467,0.8516540742850007
25711,LOF,0.021677013889677275,0.07237260031010818,0.9059503858002146
25712,LOF,0.016022071302048364,0.17412744184059475,0.8098504868573569
25713,LOF,0.019050149739933867,0.06709059505560945,0.9138592552044567
25714,LOF,0.08124346423900734,0.04969938469681241,0.8690571510641802
25715,LOF,0.011485783964671092,0.10120569708220296,0.8873085189531259
25716,LOF,0.010273619570306534,0.09969197621439335,0.8900344042153001
25717,LOF,0.016199774512482903,0.06318815045723855,0.9206120750302786
25718,LOF,0.01123950835250599,0.044033006962795336,0.9447274846846986
25719,LOF,0.022063075296113375,0.059536344427507125,0.9184005802763795
25720,LOF,0.028238104601047132,0.04348150316278445,0.9282803922361684
25721,LOF,0.011752930800751663,0.05827119511247716,0.9299758740867713
25722,LOF,0.013085409529701246,0.049426173584625914,0.9374884168856729
25723,LOF,0.027077719391921034,0.0340906349268421,0.9388316456812369
25724,LOF,0.031328106237668144,0.06864280813723701,0.9000290856250949
25725,LOF,0.01158717906121837,0.06041155425801861,0.9280012666807631
25726,LOF,0.017047453623143423,0.07586219281498253,0.907090353561874
25727,LOF,0.014020919428365605,0.04889105066946772,0.9370880299021667
25728,LOF,0.01058790007403852,0.06729752661449186,0.9221145733114697
25729,LOF,0.01074043325353186,0.06809860065570007,0.921160966090768
25730,LOF,0.014371949560658044,0.06980462578404557,0.9158234246552964
25731,LOF,0.021484590332844125,0.088481812686258,0.8900335969808979
25732,LOF,0.01294366443955258,0.046710586826223414,0.9403457487342239
25733,LOF,0.014514963222255928,0.0522964682786099,0.9331885684991341
25734,LOF,0.012664816211570808,0.11462907603476037,0.8727061077536689
25735,LOF,0.0110650848113699,0.05190947061567116,0.937025444572959
25736,LOF,0.012307591052232432,0.060904729057100204,0.9267876798906675
25737,LOF,0.012024528569966528,0.09295473361312491,0.8950207378169086
25738,LOF,0.012199519682048651,0.09584685712343687,0.8919536231945145
25739,LOF,0.021063341486030944,0.06496646703411837,0.9139701914798506
25740,LOF,0.030956017655869975,0.10645245505493464,0.8625915272891954
25741,LOF,0.015553508035273283,0.09711193688722872,0.887334555077498
25742,LOF,0.12737179391788397,0.06814706564277981,0.8044811404393362
25743,LOF,0.042416646721889655,0.0638630194309084,0.893720333847202
25744,Neutral,0.6402444878009393,0.24661041827010755,0.11314509392895317
25745,LOF,0.05926061920987595,0.08225971493506402,0.8584796658550601
25746,LOF,0.04497273602288217,0.12014525374948262,0.8348820102276351
25747,LOF,0.017438178507253883,0.12715007021676733,0.8554117512759788
25748,LOF,0.1079943891776669,0.20466592776862366,0.6873396830537094
25749,LOF,0.02935930715298713,0.10350085541731309,0.8671398374296998
25750,LOF,0.06859761287551147,0.12916696954644705,0.8022354175780415
25751,LOF,0.10642311850230864,0.1597809934303521,0.7337958880673392
25752,GOF,0.12036777348470974,0.6500804047280171,0.2295518217872732
25753,LOF,0.028626633049842386,0.3737232903138336,0.597650076636324
25754,GOF,0.01795722877689235,0.7964055496317722,0.18563722159133544
25755,LOF,0.0278775233144173,0.3576641642921566,0.6144583123934262
25756,LOF,0.05988429903381444,0.41976175581776404,0.5203539451484216
25757,GOF,0.019687235457353562,0.8726454263510828,0.1076673381915636
25758,GOF,0.028774249072900656,0.8135224722571088,0.15770327866999057
25759,GOF,0.011010114902917041,0.6614306746702203,0.3275592104268626
25760,LOF,0.018725527246258467,0.3637731768481019,0.6175012959056396
25761,GOF,0.28046818178279126,0.6308465141915225,0.08868530402568632
25762,LOF,0.05021505758940531,0.3443369941328378,0.6054479482777568
25763,LOF,0.015706797337272496,0.25113266858222094,0.7331605340805065
25764,GOF,0.06954305722020862,0.6953471114594849,0.23510983132030644
25765,GOF,0.03358416795228485,0.7715720506158444,0.1948437814318707
25766,GOF,0.08255848476960476,0.750555019437421,0.16688649579297418
25767,LOF,0.17676478539090204,0.3720361472734402,0.4511990673356577
25768,LOF,0.1263385952057378,0.03574884964173954,0.8379125551525227
25769,LOF,0.05817628169252989,0.06460281497971526,0.8772209033277548
25770,LOF,0.32569671797794625,0.10501391618037939,0.5692893658416743
25771,LOF,0.06874786024004667,0.05177460411052666,0.8794775356494268
25772,LOF,0.019260719553666632,0.04926728422219524,0.9314719962241382
25773,LOF,0.06228155419677343,0.0656829418367867,0.8720355039664398
25774,LOF,0.029618552177329092,0.11939018782108818,0.8509912600015827
25775,LOF,0.06622651280772039,0.06384039237518414,0.8699330948170955
25776,LOF,0.07915317178690257,0.03304508885645646,0.887801739356641
25777,LOF,0.35180525885477976,0.09755528212934185,0.5506394590158785
25778,LOF,0.07661527601872166,0.047846599361238425,0.8755381246200399
25779,GOF,0.4237538450893594,0.5273662297454856,0.04887992516515489
25780,GOF,0.36716569543526495,0.5448705343361226,0.08796377022861225
25781,GOF,0.10272555785963572,0.7676089929620714,0.1296654491782929
25782,GOF,0.17840248342432335,0.728526847380508,0.09307066919516875
25783,GOF,0.026588816631211046,0.65762649917898,0.315784684189809
25784,Neutral,0.541122554964296,0.4157730967206973,0.043104348315006764
25785,Neutral,0.5476436283154621,0.3950665076804656,0.0572898640040724
25786,GOF,0.03791123790751925,0.7004883218952828,0.26160044019719797
25787,Neutral,0.706422109164347,0.25672342004265686,0.036854470792996176
25788,LOF,0.05897957811110322,0.07091241823750633,0.8701080036513905
25789,GOF,0.19825776003083825,0.6339783771905249,0.1677638627786369
25790,GOF,0.24819920558292333,0.6377239483499909,0.11407684606708583
25791,GOF,0.13734772360258218,0.6544393667251336,0.20821290967228429
25792,GOF,0.35698566267410986,0.48265819803350335,0.1603561392923868
25793,GOF,0.29850655961096817,0.41955670761548286,0.2819367327735491
25794,GOF,0.3383715738186771,0.4263195876226504,0.2353088385586725
25795,GOF,0.06517417829338576,0.679446154232098,0.25537966747451635
25796,Neutral,0.5576804831362548,0.3598049388144057,0.08251457804933948
25797,GOF,0.08517995382361694,0.5060695343495425,0.4087505118268407
25798,LOF,0.010933702032956514,0.47779451200425244,0.5112717859627911
25799,LOF,0.009166209437066902,0.4242925759517403,0.5665412146111928
25800,GOF,0.04321938003932302,0.5750739550823946,0.3817066648782824
25801,GOF,0.2784772557454391,0.6034437305760656,0.11807901367849531
25802,GOF,0.07787959986827966,0.6093764984432212,0.3127439016884991
25803,GOF,0.046408154106790334,0.5161806744007505,0.4374111714924591
25804,LOF,0.037271029545211797,0.4432661457846608,0.5194628246701274
25805,GOF,0.11523688965368778,0.5377963855572815,0.3469667247890309
25806,GOF,0.14519362944168462,0.5350777362865012,0.31972863427181414
25807,GOF,0.0203597102640206,0.5852902048949652,0.39435008484101414
25808,GOF,0.11375722049044239,0.5110871751058506,0.375155604403707
25809,GOF,0.02129365993564283,0.5721844699623141,0.4065218701020432
25810,GOF,0.02314762830061776,0.5813845941298869,0.3954677775694954
25811,Neutral,0.4959486003401536,0.42261671398513506,0.08143468567471138
25812,GOF,0.03968762574372789,0.5921777542711453,0.3681346199851268
25813,Neutral,0.585179390438492,0.29327223043800105,0.12154837912350697
25814,GOF,0.12072286240933178,0.6190180256473164,0.2602591119433518
25815,GOF,0.25297682144455436,0.5370565046300473,0.20996667392539836
25816,GOF,0.020563321349013484,0.6727043959598085,0.30673228269117797
25817,GOF,0.21739820461718817,0.6612256408004983,0.12137615458231359
25818,GOF,0.04394369814205666,0.534638037168204,0.42141826468973925
25819,GOF,0.39333104775653166,0.43151418226465754,0.17515476997881071
25820,GOF,0.18104039079411421,0.5622079429069071,0.25675166629897866
25821,GOF,0.05969766610854772,0.639720219022064,0.30058211486938824
25822,GOF,0.2514146148312159,0.4727049033895578,0.2758804817792262
25823,LOF,0.028909000164025197,0.43773170974598147,0.5333592900899933
25824,GOF,0.08819144545151737,0.46017668383736615,0.45163187071111655
25825,LOF,0.030739713640198202,0.4821835288062528,0.4870767575535488
25826,LOF,0.01074610029214715,0.45012314869970727,0.5391307510081456
25827,GOF,0.01776121200282371,0.538675150377778,0.44356363761939827
25828,LOF,0.010445634054939949,0.4600350317123836,0.5295193342326765
25829,GOF,0.006169632238487821,0.5056839106792748,0.48814645708223736
25830,LOF,0.0387833909662345,0.25566676675096517,0.7055498422828003
25831,GOF,0.13673588587371327,0.72371647221261,0.13954764191367663
25832,GOF,0.03464883841006537,0.6457324231983002,0.31961873839163457
25833,GOF,0.12008219330666914,0.6496162659285408,0.23030154076478998
25834,GOF,0.04046845822414774,0.6415769839801692,0.31795455779568305
25835,GOF,0.09365708018036406,0.5950222206759482,0.3113206991436876
25836,GOF,0.04716213900687507,0.6148723611582646,0.3379654998348603
25837,LOF,0.023777682587577127,0.4859405943352575,0.4902817230771653
25838,GOF,0.08905475114402879,0.6842166992316459,0.22672854962432545
25839,GOF,0.28837343488358097,0.5223300513543022,0.1892965137621168
25840,GOF,0.2264647744394777,0.5587443704103643,0.21479085515015806
25841,GOF,0.24660058511722446,0.545184941702661,0.20821447318011463
25842,GOF,0.15914982597575733,0.5901541466291177,0.25069602739512487
25843,GOF,0.21818248054136255,0.6148836579293969,0.16693386152924056
25844,GOF,0.056841269084126185,0.6049555623519232,0.3382031685639506
25845,LOF,0.013926523982493619,0.4451184319870969,0.5409550440304095
25846,GOF,0.09009027648136639,0.7008641789764809,0.20904554454215266
25847,GOF,0.13471612718173542,0.6759264392121094,0.18935743360615523
25848,GOF,0.0347743919052624,0.6133092902588185,0.35191631783591903
25849,GOF,0.010067140984864918,0.5145397741105648,0.4753930849045703
25850,GOF,0.027325379221087687,0.5667529055969076,0.4059217151820047
25851,LOF,0.021259875084875764,0.4676420917295988,0.5110980331855254
25852,GOF,0.14702401443982668,0.5363454106060526,0.31663057495412084
25853,GOF,0.3243257183254221,0.57834834599205,0.09732593568252794
25854,GOF,0.01695624612748903,0.6035630294320609,0.3794807244404501
25855,GOF,0.03978339809050584,0.5711511468654422,0.389065455044052
25856,GOF,0.2681822836502332,0.5072017999925239,0.22461591635724285
25857,GOF,0.03587983758149442,0.49524650830531936,0.46887365411318627
25858,GOF,0.0209716033252874,0.5638644375195481,0.41516395915516446
25859,GOF,0.01011333607601918,0.5528590687220986,0.4370275952018823
25860,GOF,0.3584834815100931,0.5255087674899294,0.11600775099997758
25861,GOF,0.3796386826446503,0.5342331585296118,0.08612815882573786
25862,GOF,0.08562524397687567,0.7488582098505999,0.16551654617252443
25863,GOF,0.08845913997378478,0.7577037924495875,0.15383706757662766
25864,GOF,0.18047106597937337,0.7244115233383994,0.09511741068222726
25865,GOF,0.08222119977971053,0.7517118590843372,0.1660669411359522
25866,GOF,0.05843228684212714,0.783970141495269,0.1575975716626039
25867,GOF,0.0773315613592484,0.7930265466277149,0.12964189201303666
25868,GOF,0.289841699636071,0.575833114683087,0.13432518568084217
25869,Neutral,0.687508494563543,0.2641146961970701,0.048376809239386774
25870,LOF,0.2892048216896409,0.22796878934983159,0.4828263889605275
25871,GOF,0.23390058877240716,0.5990051795237388,0.1670942317038541
25872,GOF,0.09078950762721075,0.5776002377354174,0.331610254637372
25873,GOF,0.16003480095142592,0.6075128154271704,0.23245238362140366
25874,LOF,0.021624002255405634,0.0736263826466945,0.9047496150979
25875,LOF,0.08155316779022719,0.07019938943949337,0.8482474427702794
25876,LOF,0.023940163614545918,0.06999186704065813,0.9060679693447958
25877,Neutral,0.4979359420605381,0.07324831930165428,0.4288157386378077
25878,LOF,0.19842186341964513,0.13282216756542925,0.6687559690149255
25879,LOF,0.0928972172107161,0.15229672219260348,0.7548060605966803
25880,LOF,0.02368004906390743,0.023992810396863944,0.9523271405392285
25881,LOF,0.17927156037997335,0.23283768714511452,0.5878907524749122
25882,LOF,0.08444870301257935,0.018890663400173806,0.8966606335872469
25883,LOF,0.08617818055247554,0.03896667975196599,0.8748551396955585
25884,LOF,0.04723304957616739,0.05003185772964985,0.9027350926941828
25885,LOF,0.06041493301036365,0.02373773686839157,0.9158473301212449
25886,LOF,0.37651290393600423,0.08623361058924124,0.5372534854747546
25887,LOF,0.1911480142314339,0.12960251571367667,0.6792494700548894
25888,LOF,0.06693789417879255,0.11179170146935764,0.8212704043518498
25889,LOF,0.047637239423907345,0.04168221598268541,0.9106805445934072
25890,LOF,0.05649931028672873,0.18417834285619347,0.7593223468570779
25891,LOF,0.05612601222513425,0.06351053939616785,0.880363448378698
25892,LOF,0.10534021100508376,0.018834910696293887,0.8758248782986224
25893,LOF,0.2885660937784812,0.013587610429264896,0.6978462957922539
25894,LOF,0.15291384660631313,0.007690529598586809,0.8393956237951001
25895,LOF,0.20505686400011577,0.016491090473770825,0.7784520455261134
25896,LOF,0.046207885943526296,0.019706010201605853,0.9340861038548679
25897,LOF,0.23601872932309453,0.01209456561770393,0.7518867050592015
25898,Neutral,0.7614082652561892,0.00892415547330677,0.22966757927050413
25899,LOF,0.2716571815662882,0.03334105131250297,0.6950017671212089
25900,LOF,0.49196818138906967,0.014820184924821258,0.493211633686109
25901,LOF,0.05659923655656146,0.010962362312147046,0.9324384011312916
25902,LOF,0.20610334808362396,0.008113947665115346,0.7857827042512607
25903,Neutral,0.5727184439388481,0.023489349801201983,0.40379220625995
25904,LOF,0.2651954870027056,0.032944003443185585,0.701860509554109
25905,LOF,0.022996539546228517,0.31632956801774836,0.6606738924360231
25906,LOF,0.023748272829386446,0.07100152368063885,0.9052502034899748
25907,LOF,0.013940184483047591,0.32041941990956563,0.6656403956073869
25908,LOF,0.011433155889546258,0.2229620374911083,0.7656048066193454
25909,LOF,0.01428947583589992,0.15094543583663728,0.8347650883274628
25910,LOF,0.05255593032046335,0.13099720505503226,0.8164468646245044
25911,LOF,0.1188741023725624,0.049084342896878734,0.8320415547305589
25912,LOF,0.03493631002381373,0.09446394505742267,0.8705997449187636
25913,LOF,0.2474355089629465,0.03084346598688776,0.7217210250501658
25914,LOF,0.02831005641116275,0.1096632542528703,0.862026689335967
25915,Neutral,0.45289172210182965,0.2025533795951413,0.344554898303029
25916,LOF,0.06532359714760613,0.2310994399978855,0.7035769628545084
25917,LOF,0.06802593020381024,0.05035455734951482,0.881619512446675
25918,LOF,0.03473861716001314,0.062290673622600434,0.9029707092173864
25919,LOF,0.029461302594013142,0.06837718564316396,0.902161511762823
25920,GOF,0.11027389743998955,0.5549495190461684,0.33477658351384204
25921,LOF,0.035763030762931296,0.035006415613526444,0.9292305536235422
25922,LOF,0.05125854057197082,0.02181019891549864,0.9269312605125304
25923,LOF,0.4150609126155597,0.021896808431459427,0.5630422789529809
25924,LOF,0.04083307514032547,0.02773253519618727,0.9314343896634872
25925,LOF,0.07301344120193143,0.034469167924092915,0.8925173908739756
25926,LOF,0.05448115110622729,0.019150858621953728,0.926367990271819
25927,LOF,0.08320561605702087,0.056204572550952084,0.8605898113920272
25928,LOF,0.027175173354097252,0.026505151097847665,0.9463196755480551
25929,Neutral,0.5570397511522562,0.025416607437167265,0.4175436414105765
25930,LOF,0.06893177597836408,0.017475513104522448,0.9135927109171134
25931,LOF,0.03710478078909788,0.022784882873170903,0.9401103363377312
25932,LOF,0.030999452715416986,0.017949892594319953,0.951050654690263
25933,LOF,0.04107898203793654,0.012311822926899463,0.9466091950351639
25934,LOF,0.026933769781735648,0.014364055968475677,0.9587021742497887
25935,LOF,0.07256941129950474,0.03262384770034142,0.8948067410001539
25936,LOF,0.0488067872005296,0.019749387268910772,0.9314438255305596
25937,LOF,0.037956133193144226,0.026514885947794126,0.9355289808590616
25938,LOF,0.07193731718335616,0.036984631147692605,0.8910780516689513
25939,LOF,0.04441548175157676,0.013563127094474329,0.9420213911539489
25940,LOF,0.02245597697576722,0.4018238151769809,0.5757202078472519
25941,LOF,0.13461480347362817,0.09346650270471285,0.7719186938216589
25942,LOF,0.013588602586267469,0.03394899384431966,0.9524624035694129
25943,LOF,0.2706225669003889,0.07972342529565205,0.6496540078039591
25944,Neutral,0.4892055511963578,0.04575158117664138,0.4650428676270007
25945,LOF,0.06263789955596635,0.029577501037900543,0.907784599406133
25946,LOF,0.03357334871009953,0.14018615145500168,0.8262404998348987
25947,LOF,0.11546586987132762,0.17147349121611158,0.7130606389125608
25948,LOF,0.3895606685296148,0.014679492150767673,0.5957598393196175
25949,LOF,0.08458060455690518,0.06986003844515506,0.8455593569979396
25950,GOF,0.2275192024682282,0.5077159620647578,0.26476483546701396
25951,LOF,0.32783146327201795,0.21698039357099325,0.4551881431569888
25952,GOF,0.05992574528832022,0.5232726944486342,0.4168015602630455
25953,LOF,0.15012831800696638,0.12913537542501236,0.7207363065680212
25954,LOF,0.3618447309506286,0.26810070881801973,0.3700545602313518
25955,LOF,0.0713474303855773,0.10118132428255654,0.8274712453318661
25956,LOF,0.2030219641308867,0.05201249442871405,0.7449655414403994
25957,LOF,0.05184540965821244,0.02254416420263003,0.9256104261391576
25958,LOF,0.06110356396769081,0.032023677301967556,0.9068727587303417
25959,LOF,0.062093856398052254,0.4059615229599578,0.5319446206419899
25960,LOF,0.01977362932251222,0.05975645673744095,0.9204699139400468
25961,LOF,0.05023464930642732,0.04219606983843557,0.9075692808551371
25962,LOF,0.07002073780444644,0.03795959724625022,0.8920196649493033
25963,LOF,0.05031908709684207,0.21376576932799563,0.7359151435751622
25964,LOF,0.03848449527321614,0.16818566106352292,0.793329843663261
25965,LOF,0.44931930159099476,0.08939152884076962,0.46128916956823557
25966,Neutral,0.37928409197958024,0.303443932074601,0.3172719759458187
25967,LOF,0.01517502482746068,0.09606211139294281,0.8887628637795966
25968,LOF,0.03935040148404906,0.42572312775842835,0.5349264707575225
25969,LOF,0.027343470667316877,0.060398969220645415,0.9122575601120377
25970,LOF,0.06284437006914864,0.04731739155056914,0.8898382383802823
25971,LOF,0.08399999061524731,0.02198622989224946,0.8940137794925032
25972,LOF,0.0845678992256337,0.033109669130248244,0.8823224316441182
25973,LOF,0.08462805715188622,0.01046920522822761,0.9049027376198862
25974,LOF,0.2480215817524908,0.017533944579274503,0.7344444736682347
25975,LOF,0.055267631222334725,0.029631704835772793,0.9151006639418926
25976,LOF,0.036332071904339944,0.024768996830929833,0.9388989312647302
25977,LOF,0.1456273297561273,0.1158692505855185,0.7385034196583542
25978,LOF,0.12279776692588326,0.12253878184214775,0.754663451231969
25979,LOF,0.12293343270324887,0.1114993120970918,0.7655672551996593
25980,LOF,0.15204311850399882,0.16259684357697282,0.6853600379190282
25981,LOF,0.1841313242006506,0.15862386360272085,0.6572448121966286
25982,LOF,0.3715412923405227,0.11548377303954367,0.5129749346199336
25983,LOF,0.36532543614239904,0.10707211696754473,0.5276024468900562
25984,LOF,0.058601834618036905,0.09950305542295128,0.8418951099590117
25985,LOF,0.021800750623916478,0.32262270998677767,0.6555765393893059
25986,LOF,0.026938781055583852,0.31489329004031985,0.6581679289040961
25987,LOF,0.0912999432427991,0.12564263932220215,0.7830574174349987
25988,LOF,0.12385706300828585,0.09355908887731094,0.7825838481144033
25989,LOF,0.02657349748078942,0.174786129168465,0.7986403733507456
25990,LOF,0.03828748105283642,0.14545493984716046,0.8162575791000032
25991,GOF,0.1201501262323749,0.45406968600319797,0.4257801877644272
25992,LOF,0.30528147050748544,0.3067510961450621,0.3879674333474525
25993,LOF,0.02361713156252305,0.11327514093351675,0.8631077275039601
25994,LOF,0.01644448559172155,0.1367463455311194,0.8468091688771591
25995,LOF,0.02526614025827274,0.18005901512421926,0.794674844617508
25996,GOF,0.17633512016859482,0.6085172252246965,0.2151476546067086
25997,GOF,0.0694692241752195,0.5743519186242472,0.3561788572005334
25998,Neutral,0.5642632590396489,0.027817626899932908,0.40791911406041814
25999,LOF,0.14554765775623557,0.14312710671318504,0.7113252355305795
26000,LOF,0.10184453102005735,0.03084087587017171,0.8673145931097709
26001,LOF,0.19377735760502451,0.03067897860513582,0.7755436637898396
26002,LOF,0.15403513437875901,0.03305393643418856,0.8129109291870524
26003,GOF,0.009838488757730137,0.6643219780809961,0.3258395331612737
26004,GOF,0.021588569298906773,0.6899646865763328,0.2884467441247605
26005,GOF,0.008972879287138266,0.5703201227074377,0.420706998005424
26006,Neutral,0.5456336839154902,0.26600601330757945,0.1883603027769304
26007,GOF,0.018789845227560043,0.6059763709368405,0.37523378383559947
26008,GOF,0.023070461708363837,0.6013281512189401,0.37560138707269614
26009,GOF,0.030579398995591377,0.6906401543416908,0.2787804466627177
26010,GOF,0.022678587833285375,0.7513205384109358,0.22600087375577887
26011,GOF,0.009056355068134696,0.5306254229506069,0.46031822198125844
26012,GOF,0.019405747166734655,0.6133261524123963,0.367268100420869
26013,GOF,0.017752013817841698,0.7184738375450185,0.2637741486371397
26014,LOF,0.038607065728166357,0.21148246519258387,0.7499104690792496
26015,LOF,0.14723849245457196,0.008691308092708933,0.8440701994527191
26016,LOF,0.2427211797305911,0.040381480173529355,0.7168973400958796
26017,LOF,0.17884663027864695,0.08472191791515399,0.7364314518061991
26018,LOF,0.07805148460964222,0.028053925179604762,0.8938945902107531
26019,LOF,0.0779389223015875,0.020692406612867996,0.9013686710855445
26020,LOF,0.05760248915730947,0.10526743828680582,0.8371300725558847
26021,LOF,0.05333847534884444,0.1404116050572632,0.8062499195938924
26022,LOF,0.010031204737207748,0.065443297406622,0.9245254978561702
26023,LOF,0.10715089311404924,0.01895537371313747,0.8738937331728133
26024,LOF,0.030184963989593312,0.11899159106885678,0.8508234449415498
26025,LOF,0.1355232980398704,0.08537961860913813,0.7790970833509915
26026,LOF,0.30641852225181776,0.014749801036030918,0.6788316767121513
26027,LOF,0.0754722125795463,0.014244100873333035,0.9102836865471206
26028,LOF,0.1840427717742933,0.096271774399914,0.7196854538257927
26029,LOF,0.11624025385636298,0.15864198235212776,0.7251177637915093
26030,LOF,0.033696069936916304,0.07222243624463683,0.8940814938184468
26031,LOF,0.041944428073866016,0.12979783222336455,0.8282577397027695
26032,LOF,0.08033118715796522,0.05413957502686753,0.8655292378151672
26033,LOF,0.13173049677683285,0.0598715627979009,0.8083979404252664
26034,LOF,0.06464047140106295,0.12759180238574086,0.8077677262131963
26035,LOF,0.042105257812003576,0.11280532071824591,0.8450894214697505
26036,LOF,0.0639130594647953,0.13387011940585825,0.8022168211293464
26037,LOF,0.03372424064898215,0.1044936568842249,0.861782102466793
26038,LOF,0.07571730519959785,0.04942253530192769,0.8748601594984744
26039,LOF,0.08372485829922945,0.1146106007318069,0.8016645409689637
26040,LOF,0.2163453069984055,0.08257992708018239,0.7010747659214122
26041,LOF,0.03296042016785178,0.09812527828027451,0.8689143015518737
26042,LOF,0.03287005235113477,0.0991836101619073,0.867946337486958
26043,LOF,0.07334942717242333,0.06343860917168978,0.8632119636558868
26044,LOF,0.030912651165730484,0.07614029061020665,0.892947058224063
26045,LOF,0.10750568542021109,0.0850468447151129,0.8074474698646761
26046,LOF,0.07678458157704345,0.06665128275069368,0.8565641356722629
26047,LOF,0.11164908467706079,0.07879764241565534,0.8095532729072838
26048,LOF,0.0637593626831327,0.04948848858226341,0.8867521487346038
26049,Neutral,0.9518475856564529,0.0094220963876015,0.038730317955945656
26050,Neutral,0.935635993981769,0.01047393949425446,0.053890066523976536
26051,GOF,0.05014240301775803,0.49458593060744765,0.45527166637479427
26052,GOF,0.05717625958614483,0.5179503461059992,0.4248733943078559
26053,LOF,0.058810064464759795,0.20997461344018892,0.7312153220950512
26054,LOF,0.06066509224786435,0.04488151427968529,0.8944533934724502
26055,LOF,0.07119101124479964,0.03496502589988297,0.8938439628553175
26056,LOF,0.06351590093323867,0.04199207376914515,0.8944920252976161
26057,LOF,0.03479988462495936,0.018573563689270097,0.9466265516857706
26058,LOF,0.03504812882364627,0.016219819263211924,0.9487320519131418
26059,LOF,0.290109798089767,0.05627033966260511,0.6536198622476279
26060,LOF,0.024113773257985853,0.3238544205070295,0.6520318062349847
26061,LOF,0.01884616924471017,0.023895029418497814,0.9572588013367921
26062,LOF,0.012157171640186558,0.03810165650346102,0.9497411718563524
26063,LOF,0.023266912173190483,0.01939922969912654,0.9573338581276829
26064,LOF,0.025284571051014445,0.020149409169252452,0.9545660197797332
26065,LOF,0.02816928866629215,0.022269816798265604,0.9495608945354423
26066,LOF,0.022231092754736413,0.020654628713390428,0.957114278531873
26067,LOF,0.027268326473697018,0.01679970503622541,0.9559319684900776
26068,LOF,0.05060630587082946,0.056012978646269876,0.8933807154829007
26069,LOF,0.2970868309531157,0.04027464938302847,0.6626385196638559
26070,LOF,0.4195738749142647,0.027310331345143317,0.553115793740592
26071,LOF,0.023826186459688873,0.0238652373036527,0.9523085762366584
26072,LOF,0.0241448774606846,0.03389767983634352,0.941957442702972
26073,LOF,0.024661574236393844,0.018520047395619264,0.9568183783679869
26074,Neutral,0.9239132001700212,0.008285030017520633,0.06780176981245828
26075,LOF,0.045852222712455946,0.028576230465995986,0.9255715468215481
26076,LOF,0.043741477462039345,0.016730268449133216,0.9395282540888273
26077,LOF,0.009469039368523162,0.03942126238884069,0.9511096982426362
26078,LOF,0.014052936429062171,0.02311574884396651,0.9628313147269713
26079,LOF,0.056605529738502934,0.033906343193906695,0.9094881270675905
26080,LOF,0.0565743368764232,0.03420932768340048,0.9092163354401763
26081,LOF,0.038346489549438374,0.013602160021175183,0.9480513504293865
26082,LOF,0.019442476738967287,0.034273210730987935,0.9462843125300447
26083,LOF,0.15153625121484868,0.022078683844051136,0.8263850649411001
26084,LOF,0.027173503643158545,0.03062946335886459,0.9421970329979769
26085,LOF,0.023689249203951244,0.02749081142522287,0.948819939370826
26086,LOF,0.023942374441929107,0.023094413577215984,0.952963211980855
26087,LOF,0.02566308733438516,0.01616754909274975,0.958169363572865
26088,LOF,0.01991494779600528,0.036667284029228524,0.9434177681747662
26089,LOF,0.048463941366340337,0.04007658680892856,0.9114594718247312
26090,LOF,0.04658992937347363,0.03166981486291854,0.9217402557636077
26091,LOF,0.04260286880276342,0.01146527867376937,0.9459318525234672
26092,LOF,0.029959872618992314,0.01709935483109538,0.9529407725499124
26093,LOF,0.04297629602459862,0.01141285495731827,0.9456108490180831
26094,LOF,0.04813091949456726,0.010455403056757746,0.9414136774486749
26095,LOF,0.055959532662021784,0.028868501698556256,0.915171965639422
26096,LOF,0.017172436241391007,0.02228202636888739,0.9605455373897216
26097,LOF,0.011266945824673632,0.0822963530883156,0.9064367010870109
26098,LOF,0.07493614363113284,0.028545940525551528,0.8965179158433156
26099,LOF,0.02731752579598305,0.02837906979377054,0.9443034044102463
26100,LOF,0.029254095918769492,0.02651579008957991,0.9442301139916505
26101,LOF,0.06114234139553574,0.024491598297443337,0.9143660603070208
26102,LOF,0.02843215018014816,0.02179243080703904,0.9497754190128129
26103,Neutral,0.8904188194480538,0.036506862934260136,0.07307431761768614
26104,LOF,0.07352488798571531,0.053420303344404604,0.8730548086698801
26105,LOF,0.19695286402285947,0.3070585461047127,0.4959885898724277
26106,LOF,0.18778096912311984,0.16101716672570918,0.651201864151171
26107,LOF,0.22948456544424925,0.12702173044825998,0.6434937041074908
26108,LOF,0.23567633168348454,0.17887474414754767,0.5854489241689679
26109,LOF,0.04801016275148742,0.16582201644885525,0.7861678207996573
26110,LOF,0.2238165032016626,0.009903622933647277,0.76627987386469
26111,LOF,0.47393859021545076,0.018107612357738105,0.5079537974268111
26112,LOF,0.03581138673401202,0.011503439505826834,0.9526851737601612
26113,LOF,0.05247060902353152,0.019127115798673284,0.9284022751777952
26114,LOF,0.020033726479780165,0.03152077265388562,0.9484455008663342
26115,LOF,0.09975367583584407,0.044930036639278734,0.8553162875248771
26116,LOF,0.0480773946971424,0.05645718452538046,0.895465420777477
26117,LOF,0.35050222096794753,0.07262375275433595,0.5768740262777166
26118,LOF,0.0360975555533162,0.04359809672034994,0.920304347726334
26119,LOF,0.021598482528764524,0.05566329118661028,0.9227382262846252
26120,LOF,0.030078605862456823,0.028212530522896087,0.9417088636146471
26121,LOF,0.06689956562402768,0.09709961103627165,0.8360008233397006
26122,LOF,0.06177203943528076,0.04744249742665318,0.890785463138066
