feature0,prediction,LoGoFunc_Neutral,LoGoFunc_GOF,LoGoFunc_LOF
25546,Neutral,0.6736856236696053,0.054764602569201064,0.27154977376119366
25547,Neutral,0.5112186705148465,0.10384188751113872,0.3849394419740148
25548,Neutral,0.5085180392729806,0.08481051201852464,0.4066714487084948
25549,LOF,0.4311011496407989,0.08943680788143898,0.47946204247776214
25550,LOF,0.36824625964012625,0.13109931496290148,0.5006544253969722
25551,LOF,0.3091386836293429,0.1388763801182657,0.5519849362523914
25552,LOF,0.2533494406269621,0.1301411965180626,0.6165093628549754
25553,Neutral,0.8114763434018343,0.04359044216929964,0.1449332144288662
25554,LOF,0.2859361214206349,0.12199936434298216,0.592064514236383
25555,LOF,0.2448185619698662,0.11425786876157085,0.6409235692685629
25556,Neutral,0.45494815103697017,0.09865648630408497,0.4463953626589448
25557,LOF,0.23548390627483506,0.11671251578473538,0.6478035779404295
25558,LOF,0.29538733470821077,0.11763612098199576,0.5869765443097934
25559,LOF,0.1976079555181624,0.11516103178920793,0.6872310126926297
25560,LOF,0.1511808797009445,0.0906891365668921,0.7581299837321636
25561,LOF,0.14335229772768782,0.10953299481929812,0.7471147074530141
25562,LOF,0.07889127488316419,0.06447038667036824,0.8566383384464674
25563,LOF,0.021542032605271086,0.11003002954103708,0.8684279378536918
25564,LOF,0.2107051930707789,0.10616011550734789,0.6831346914218732
25565,LOF,0.2242191410759675,0.12310363290437625,0.6526772260196563
25566,GOF,0.09673454145638505,0.7200421117306487,0.18322334681296618
25567,LOF,0.03641091075294954,0.12136266081894113,0.8422264284281092
25568,LOF,0.05924308246972587,0.06538897706352399,0.87536794046675
25569,LOF,0.05901270524522187,0.06605033508840236,0.8749369596663759
25570,LOF,0.027446822657565904,0.0884402269020075,0.8841129504404266
25571,LOF,0.026940057323620724,0.09291986146418058,0.8801400812121988
25572,LOF,0.06341962441258094,0.11429642188506489,0.8222839537023542
25573,LOF,0.060414172280514974,0.07986231475962832,0.8597235129598566
25574,LOF,0.05821821126386476,0.16669028571999012,0.7750915030161452
25575,LOF,0.023279175926124062,0.11512584617642917,0.8615949778974467
25576,LOF,0.03546940786488919,0.15390804801122893,0.8106225441238819
25577,LOF,0.031162277520497477,0.10622575569263289,0.8626119667868697
25578,LOF,0.3049956583625057,0.07248892077593395,0.6225154208615603
25579,LOF,0.1349357549802898,0.07859787939756371,0.7864663656221464
25580,LOF,0.01964234042149056,0.07088881665840535,0.9094688429201042
25581,LOF,0.05705305841974255,0.06125530814122311,0.8816916334390345
25582,LOF,0.05674780701750283,0.060615653388436254,0.882636539594061
25583,LOF,0.020805127795579588,0.07175213357985066,0.9074427386245697
25584,Neutral,0.6620837948225725,0.10612149499259309,0.2317947101848344
25585,LOF,0.03709111842036388,0.11768906335373015,0.8452198182259059
25586,LOF,0.019205027734510504,0.060435931976684724,0.9203590402888048
25587,LOF,0.0181868042755933,0.05517377896393674,0.9266394167604699
25588,LOF,0.020583232700644615,0.06439504821162963,0.9150217190877258
25589,Neutral,0.48909256544807234,0.2000757434514248,0.3108316911005029
25590,LOF,0.04905959042185063,0.10000005596484375,0.8509403536133056
25591,LOF,0.09930014792996307,0.05332337422769006,0.8473764778423469
25592,LOF,0.0589495907050127,0.12474134985831853,0.8163090594366688
25593,LOF,0.1222658886232568,0.2438324492979285,0.6339016620788148
25594,LOF,0.046958684614254016,0.11653120090390164,0.8365101144818444
25595,LOF,0.04772045674228129,0.08585322125379946,0.8664263220039193
25596,LOF,0.09741172217655189,0.047393966852305514,0.8551943109711425
25597,LOF,0.07762061138011656,0.05900646068031705,0.8633729279395663
25598,LOF,0.0493208492266202,0.08711626090834054,0.8635628898650393
25599,GOF,0.01971354630619528,0.5407986641015812,0.4394877895922235
25600,GOF,0.154129330321963,0.5339197307644649,0.3119509389135722
25601,LOF,0.03828927145800114,0.390821666258941,0.5708890622830578
25602,LOF,0.0345266473160867,0.050041317206208226,0.915432035477705
25603,LOF,0.035525512715952605,0.027097981367246445,0.9373765059168009
25604,LOF,0.03727544469649108,0.04849521002813104,0.9142293452753779
25605,LOF,0.04074172252208754,0.18160198219129847,0.777656295286614
25606,LOF,0.4261310599938032,0.0941329262104098,0.479736013795787
25607,LOF,0.025752883288291097,0.16479403121944594,0.809453085492263
25608,LOF,0.036462429745717874,0.06985271874827377,0.8936848515060083
25609,GOF,0.13971934869674715,0.5290889162251802,0.33119173507807265
25610,LOF,0.015756261330647055,0.026749783044364518,0.9574939556249885
25611,LOF,0.01483677400906444,0.03233672960161932,0.9528264963893162
25612,LOF,0.04733263780900231,0.04011343792739419,0.9125539242636036
25613,LOF,0.04441917928882105,0.03925212177339406,0.916328698937785
25614,LOF,0.021995179935944627,0.026615902054332955,0.9513889180097225
25615,LOF,0.044670981540836145,0.03608830074910755,0.9192407177100562
25616,LOF,0.04433783868412507,0.02558552374415753,0.9300766375717173
25617,LOF,0.042094651438410326,0.035401711748065175,0.9225036368135245
25618,LOF,0.05139769043356271,0.03234128549923303,0.9162610240672043
25619,LOF,0.015436592082781905,0.029306388634003915,0.9552570192832143
25620,LOF,0.06194130803303068,0.03720594504041987,0.9008527469265495
25621,LOF,0.04918361847266922,0.03205662514502298,0.9187597563823078
25622,LOF,0.05959519008030881,0.03436701012321148,0.9060377997964797
25623,LOF,0.07309159191894116,0.02754902082014553,0.8993593872609134
25624,LOF,0.01924883913047752,0.03709972468665214,0.9436514361828703
25625,LOF,0.06264490636392137,0.04006623474115703,0.8972888588949216
25626,LOF,0.04632956501134094,0.03839391421415961,0.9152765207744996
25627,Neutral,0.8907866282083113,0.021578582478329524,0.08763478931335918
25628,LOF,0.1371400220883014,0.06658219564812534,0.7962777822635734
25629,LOF,0.06410588519038815,0.04378422079949482,0.8921098940101171
25630,LOF,0.255478620248983,0.07818292284596332,0.6663384569050537
25631,Neutral,0.561989916604901,0.06614436029665655,0.37186572309844246
25632,LOF,0.02736370388525723,0.0665023109894686,0.9061339851252741
25633,LOF,0.21189657075554294,0.034199065181859924,0.7539043640625971
25634,LOF,0.034409398333276824,0.08209921182467764,0.8834913898420454
25635,LOF,0.0435461696397981,0.04001742068456771,0.9164364096756342
25636,LOF,0.04062790658127896,0.4703673073592137,0.48900478605950737
25637,LOF,0.07639420608919015,0.45099300236738865,0.47261279154342106
25638,LOF,0.05354743923289423,0.2761739446834955,0.6702786160836103
25639,LOF,0.03819952768608477,0.3210212362887284,0.6407792360251867
25640,Neutral,0.8166978530069915,0.1456981655813048,0.0376039814117037
25641,LOF,0.046439882105530975,0.45083915035741534,0.5027209675370536
25642,LOF,0.04307992575498619,0.15615327463336795,0.8007667996116458
25643,LOF,0.19239299107210034,0.17049055725724807,0.6371164516706517
25644,LOF,0.02182353049079701,0.4629083320890528,0.5152681374201502
25645,LOF,0.0189551937873958,0.4148034229824515,0.5662413832301528
25646,LOF,0.05051121224914371,0.33183414843412556,0.6176546393167306
25647,LOF,0.023639415110646152,0.252597732706878,0.7237628521824757
25648,LOF,0.027352652841280925,0.2449739239565461,0.727673423202173
25649,LOF,0.014531752988401604,0.24177825287099905,0.7436899941405993
25650,LOF,0.05097682168807993,0.4007110132099848,0.5483121651019354
25651,LOF,0.015052213429667989,0.26286175200026696,0.7220860345700651
25652,LOF,0.028381459653662882,0.2626033279129982,0.7090152124333389
25653,LOF,0.07526226420185687,0.37031556610477995,0.5544221696933631
25654,LOF,0.02298682756108209,0.19828036590621184,0.778732806532706
25655,LOF,0.22889992421022695,0.3503174683498976,0.4207826074398754
25656,LOF,0.32193825978605617,0.03774508415399964,0.6403166560599441
25657,LOF,0.07780049562966893,0.047968125017245726,0.8742313793530854
25658,LOF,0.36183947108707176,0.04685116732307309,0.5913093615898551
25659,Neutral,0.5328469076641584,0.06974940291119429,0.39740368942464727
25660,LOF,0.024793711273760066,0.07778421304752559,0.8974220756787145
25661,LOF,0.09480354677419466,0.05461285296625882,0.8505836002595465
25662,LOF,0.03214063600654097,0.03219514057799458,0.9356642234154644
25663,LOF,0.03828595944316176,0.04398504600396871,0.9177289945528696
25664,LOF,0.1275613752751238,0.054518239479771524,0.8179203852451046
25665,LOF,0.053360351348003945,0.02842735302630719,0.9182122956256888
25666,LOF,0.08753300103297616,0.07882917717997609,0.8336378217870478
25667,LOF,0.062455021031768934,0.04511661625070879,0.8924283627175223
25668,LOF,0.03709026761189831,0.043738099465052575,0.919171632923049
25669,LOF,0.03463255140149073,0.051736101056425586,0.9136313475420836
25670,LOF,0.12882172604965203,0.04941048713843752,0.8217677868119105
25671,LOF,0.09192310501136267,0.029927862698830764,0.8781490322898067
25672,LOF,0.05281056731984836,0.03850695480278015,0.9086824778773714
25673,LOF,0.07895702177108752,0.03935099851341097,0.8816919797155015
25674,LOF,0.06530615396171872,0.04997397446195752,0.8847198715763238
25675,LOF,0.11789257349069655,0.048406543252746764,0.8337008832565567
25676,LOF,0.0171886671115962,0.04937696591849167,0.9334343669699121
25677,LOF,0.024193202387062185,0.0649538067316125,0.9108529908813252
25678,LOF,0.1680934585984248,0.056516670722539755,0.7753898706790355
25679,LOF,0.1193491455411061,0.07788208351849843,0.8027687709403954
25680,LOF,0.03158968083206974,0.10848695196086006,0.8599233672070702
25681,LOF,0.051103321475427246,0.09868960169217464,0.850207076832398
25682,LOF,0.13497083561645465,0.06171555723495766,0.8033136071485878
25683,LOF,0.11575757521879773,0.07855989121619045,0.8056825335650118
25684,LOF,0.04010568798191033,0.06285381067896123,0.8970405013391285
25685,LOF,0.12756483695388177,0.047394358214084255,0.825040804832034
25686,LOF,0.07229904354566755,0.08752499274386176,0.8401759637104707
25687,LOF,0.11533410890801221,0.07658724248618153,0.8080786486058061
25688,LOF,0.29039414820994747,0.034898265000031785,0.6747075867900207
25689,LOF,0.2223860774083949,0.044834436097061156,0.732779486494544
25690,LOF,0.33730563905869343,0.033018182686520126,0.6296761782547865
25691,Neutral,0.6653485827878354,0.03320460601376004,0.30144681119840455
25692,LOF,0.2993993940421274,0.010196575010476891,0.6904040309473957
25693,LOF,0.04653737293760392,0.46114371950335914,0.4923189075590369
25694,LOF,0.12819699867483414,0.02202839780683729,0.8497746035183286
25695,LOF,0.12172658138912165,0.01690475308541811,0.8613686655254601
25696,LOF,0.1307253011070289,0.009860330356134357,0.8594143685368367
25697,LOF,0.12094193264884831,0.02945888915179423,0.8495991781993574
25698,LOF,0.35269040692168485,0.24152037911774366,0.40578921396057155
25699,LOF,0.42554145257130993,0.04608515667808016,0.5283733907506099
25700,LOF,0.04714617702167494,0.011050872772509907,0.9418029502058151
25701,LOF,0.15367374704352535,0.06322138614679486,0.7831048668096797
25702,GOF,0.18728740051923298,0.538319938162831,0.274392661317936
25703,LOF,0.015904647213884057,0.15792246337642157,0.8261728894096945
25704,LOF,0.048443313481131595,0.10892313343837076,0.8426335530804977
25705,LOF,0.06229618500755605,0.1722384369250748,0.7654653780673693
25706,LOF,0.10406371042756649,0.35574761065920874,0.5401886789132248
25707,LOF,0.09293756506563425,0.28652135397449807,0.6205410809598677
25708,LOF,0.03038550079899717,0.2726012549565086,0.6970132442444943
25709,LOF,0.05584441002529144,0.03772975238788833,0.9064258375868203
25710,LOF,0.01129203942620165,0.11993095177337722,0.8687770088004211
25711,LOF,0.019108583024436774,0.08782502749621628,0.893066389479347
25712,LOF,0.01261100112308094,0.16990280118006926,0.8174861976968498
25713,LOF,0.019014404842846767,0.07385424354618232,0.9071313516109708
25714,LOF,0.07069300717516215,0.07255101492510817,0.8567559778997297
25715,LOF,0.010414140022655434,0.13262774124109317,0.8569581187362514
25716,LOF,0.014048328963791603,0.1050525530041854,0.8808991180320229
25717,LOF,0.012988282144779895,0.07869926009462813,0.908312457760592
25718,LOF,0.012020181819915963,0.10272738129977652,0.8852524368803075
25719,LOF,0.018613751299213836,0.07553611821823955,0.9058501304825466
25720,LOF,0.021269144317550757,0.06446734207790661,0.9142635136045427
25721,LOF,0.016164975246376515,0.09749771353269801,0.8863373112209254
25722,LOF,0.013477737181739608,0.11246513510120672,0.8740571277170536
25723,LOF,0.022822697834944877,0.04405510380369837,0.9331221983613568
25724,LOF,0.02481825818837426,0.07843360222306621,0.8967481395885595
25725,LOF,0.011808498906269595,0.06823342747698515,0.9199580736167452
25726,LOF,0.014870567004710917,0.09465518870362995,0.8904742442916591
25727,LOF,0.013187943213309862,0.0781311552640644,0.9086809015226258
25728,LOF,0.009940491779135217,0.10116243966313603,0.8888970685577288
25729,LOF,0.010496082718253637,0.10202262541281527,0.8874812918689311
25730,LOF,0.014319071552573448,0.07769602452988764,0.9079849039175388
25731,LOF,0.020599326014678735,0.10607358341537305,0.8733270905699482
25732,LOF,0.01467098374325045,0.07822794721745165,0.9071010690392979
25733,LOF,0.015412500978713377,0.06869303252537186,0.9158944664959148
25734,LOF,0.013095243146429998,0.12015425576828391,0.8667505010852861
25735,LOF,0.01345757865980908,0.07444032226532038,0.9121020990748706
25736,LOF,0.014283904205888822,0.09837705078688558,0.8873390450072257
25737,LOF,0.021157936402405386,0.07786906887326223,0.9009729947243325
25738,LOF,0.013335013569863103,0.10325020271559647,0.8834147837145404
25739,LOF,0.01951879393223189,0.07686614129219711,0.903615064775571
25740,LOF,0.026131650734188903,0.09022385278710192,0.8836444964787092
25741,LOF,0.015171725478445476,0.09801258486438144,0.8868156896571732
25742,LOF,0.11780374637048247,0.07198303047729658,0.8102132231522209
25743,LOF,0.038750253839932976,0.030444975240086082,0.9308047709199809
25744,Neutral,0.5615799051661776,0.21220966130429653,0.22621043352952575
25745,LOF,0.07752261314790623,0.06257231277535448,0.8599050740767392
25746,LOF,0.039213346574299576,0.07179559257593457,0.8889910608497659
25747,LOF,0.022514610823982845,0.03583221470406871,0.9416531744719485
25748,LOF,0.11070758800023324,0.05330300903559284,0.835989402964174
25749,LOF,0.02546506452636129,0.06968909470017909,0.9048458407734596
25750,LOF,0.08654386487363029,0.07531502905661028,0.8381411060697594
25751,LOF,0.09325345568378099,0.05098983455103069,0.8557567097651883
25752,GOF,0.12482325842433266,0.6528240293274078,0.22235271224825956
25753,LOF,0.019851677112968574,0.27793997716325913,0.7022083457237722
25754,GOF,0.01049664728470077,0.7703839753147677,0.21911937740053156
25755,LOF,0.022408063205259312,0.38627061405526075,0.5913213227394799
25756,LOF,0.03924035402370291,0.3695488567383115,0.5912107892379856
25757,GOF,0.013857555375280783,0.8350345152119658,0.15110792941275347
25758,GOF,0.028576735354657764,0.8187715372641861,0.1526517273811562
25759,GOF,0.011365565338783162,0.52961792024404,0.45901651441717695
25760,LOF,0.013047050467207612,0.22680418915113182,0.7601487603816605
25761,GOF,0.2725258370327224,0.6088552622175981,0.11861890074967954
25762,LOF,0.035311213022107504,0.26747696400362864,0.6972118229742639
25763,LOF,0.013349881375124757,0.19381312990189659,0.7928369887229786
25764,GOF,0.0718903635899379,0.6195583449176869,0.3085512914923752
25765,GOF,0.044509034065691504,0.7401052383794539,0.21538572755485472
25766,GOF,0.0659256412295662,0.7587656384792744,0.17530872029115951
25767,GOF,0.16776379321586846,0.41717731315738893,0.41505889362674264
25768,LOF,0.09264245718651871,0.061925020179146695,0.8454325226343345
25769,LOF,0.06182453606821424,0.05906423035329315,0.8791112335784925
25770,LOF,0.2860741286100489,0.09121348590085454,0.6227123854890966
25771,LOF,0.040131761435535665,0.0453762019175894,0.914492036646875
25772,LOF,0.016980821978376276,0.03211793870309703,0.9509012393185267
25773,LOF,0.04830380350175599,0.08290417580004626,0.8687920206981977
25774,LOF,0.028678012686948386,0.07622262711016345,0.895099360202888
25775,LOF,0.04080190442056126,0.04793334974261013,0.9112647458368286
25776,LOF,0.06995477111265182,0.025979848631766295,0.9040653802555819
25777,LOF,0.3244968690551775,0.05273060795901543,0.6227725229858071
25778,LOF,0.06278370984258194,0.04835557282523789,0.8888607173321801
25779,GOF,0.3641151965401231,0.5897385136575645,0.04614628980231258
25780,GOF,0.31035276996582917,0.6164572582127316,0.07318997182143934
25781,GOF,0.13948756709428933,0.7608495940483119,0.09966283885739877
25782,GOF,0.19489981744000523,0.7315245721191344,0.0735756104408604
25783,GOF,0.02778173424217902,0.6190440716181518,0.35317419413966933
25784,Neutral,0.4873226931351865,0.4724705963512305,0.040206710513582974
25785,GOF,0.37897882441532627,0.5788307095757154,0.04219046600895844
25786,GOF,0.025218352522086363,0.7633448932780575,0.21143675419985614
25787,Neutral,0.6638433544009641,0.3109937024527759,0.02516294314626008
25788,LOF,0.04604097752012967,0.10201216957369426,0.851946852906176
25789,GOF,0.18741008719743352,0.657118178125946,0.15547173467662057
25790,GOF,0.1913106531758994,0.7066504498166252,0.10203889700747529
25791,GOF,0.13944679841780622,0.6691149229519802,0.1914382786302137
25792,GOF,0.30286197801924686,0.5489439938572985,0.1481940281234547
25793,GOF,0.22802721511362672,0.5859087687008777,0.18606401618549553
25794,GOF,0.3172302588214902,0.5120623933277606,0.17070734785074923
25795,GOF,0.08130178856334071,0.6888667841910904,0.2298314272455689
25796,Neutral,0.5490009478544943,0.36795791031388897,0.08304114183161677
25797,GOF,0.09182067163387789,0.520566723880632,0.38761260448549006
25798,GOF,0.008656501263260766,0.5081354798764415,0.4832080188602977
25799,LOF,0.006661335500000803,0.39626015835184175,0.5970785061481574
25800,GOF,0.033246358816476675,0.5737373289599635,0.3930163122235598
25801,GOF,0.17024484100628612,0.6850329551877354,0.1447222038059785
25802,GOF,0.0719620047966733,0.6913386065163134,0.23669938868701335
25803,GOF,0.03418601526630815,0.5571939645443952,0.4086200201892968
25804,LOF,0.030778535392374982,0.46734945426142427,0.5018720103462008
25805,GOF,0.09213814196401673,0.6070482708700352,0.3008135871659481
25806,GOF,0.08990061713292219,0.5812361044481794,0.3288632784188984
25807,GOF,0.01840868056777989,0.6303520166415895,0.3512393027906306
25808,GOF,0.08142973686011003,0.6320311984727088,0.2865390646671812
25809,GOF,0.017099066407762036,0.5865857270140109,0.39631520657822716
25810,GOF,0.016002310529139682,0.6076694432812699,0.3763282461895904
25811,GOF,0.4529992172316883,0.4637470760016741,0.08325370676663757
25812,GOF,0.027842772307159626,0.6278373185605156,0.34431990913232474
25813,Neutral,0.5307922588842385,0.37149548404489596,0.09771225707086553
25814,GOF,0.11076480181971136,0.6437959946286674,0.2454392035516212
25815,GOF,0.19787027814890237,0.6034864132569991,0.19864330859409854
25816,GOF,0.023662867515009525,0.7128229223013457,0.26351421018364485
25817,GOF,0.25183739089116963,0.6079996525928123,0.14016295651601796
25818,GOF,0.051795336408107163,0.6420624473849857,0.3061422162069071
25819,GOF,0.38770616525032636,0.47196182637674033,0.14033200837293336
25820,GOF,0.1953122809125135,0.5855364470292175,0.2191512720582691
25821,GOF,0.059600215678955196,0.6530723111021486,0.28732747321889623
25822,GOF,0.21625290432172647,0.5598001059570041,0.22394698972126947
25823,GOF,0.032273096914210174,0.518167271727766,0.44955963135802374
25824,GOF,0.08576221044114841,0.5993385754035331,0.3148992141553185
25825,GOF,0.03609834928617169,0.6017975041558511,0.3621041465579773
25826,GOF,0.015415043117600773,0.5777282860760597,0.40685667080633947
25827,GOF,0.023746953132483272,0.6072103429205331,0.3690427039469836
25828,GOF,0.013545837372134079,0.5480132604225062,0.4384409022053597
25829,GOF,0.0054560509448326406,0.5706977920301161,0.4238461570250513
25830,LOF,0.031161079399795222,0.27524035329353963,0.6935985673066652
25831,GOF,0.22817235210797288,0.6331290280631623,0.13869861982886475
25832,GOF,0.028187265502650213,0.6893341638528562,0.2824785706444937
25833,GOF,0.10895566284081558,0.7242290802135617,0.16681525694562277
25834,GOF,0.02670581933990012,0.7042013725219526,0.2690928081381474
25835,GOF,0.058925359852243175,0.7555583160673418,0.18551632408041507
25836,GOF,0.02835820507515806,0.6644354519113973,0.3072063430134447
25837,GOF,0.024417497941327405,0.6142083827408018,0.3613741193178709
25838,GOF,0.07763281818724053,0.7644231936034727,0.15794398820928687
25839,GOF,0.26494603125790933,0.5618814272542461,0.1731725414878446
25840,GOF,0.24861349612756198,0.5965698616123801,0.15481664226005792
25841,GOF,0.23057167094707823,0.6205478551361269,0.1488804739167949
25842,GOF,0.13733808905982547,0.7300356790786589,0.1326262318615157
25843,GOF,0.20024163193452257,0.7062378557066313,0.09352051235884618
25844,GOF,0.05414574607350645,0.7338348615006702,0.21201939242582324
25845,GOF,0.01347155465468138,0.521045446984112,0.4654829983612065
25846,GOF,0.11029020387555555,0.7439022843439281,0.14580751178051626
25847,GOF,0.08864267480045375,0.8084631302678618,0.10289419493168456
25848,GOF,0.03431859230231556,0.7216190886454398,0.24406231905224465
25849,GOF,0.010184273016244038,0.6156795206184432,0.3741362063653128
25850,GOF,0.01982077278115041,0.6581671020452856,0.3220121251735641
25851,GOF,0.015528853500557731,0.5420596603555784,0.44241148614386383
25852,GOF,0.16502423243234457,0.5665441122909273,0.26843165527672813
25853,GOF,0.3533757083783864,0.5591143157090434,0.08750997591257018
25854,GOF,0.0217053301505892,0.6058483014159761,0.37244636843343465
25855,GOF,0.031056033233644247,0.5571548724348856,0.41178909433147026
25856,GOF,0.23507236829542155,0.5377065872065496,0.2272210444980288
25857,GOF,0.0360629255620544,0.5113307273354438,0.4526063471025018
25858,GOF,0.019539176800907408,0.5048355216219303,0.4756253015771622
25859,LOF,0.009775359887077584,0.48351467896769146,0.506709961145231
25860,GOF,0.36045272145521595,0.5470809946257671,0.09246628391901698
25861,GOF,0.419677004665904,0.49875044108451305,0.08157255424958293
25862,GOF,0.07414382155315238,0.7822774449453588,0.14357873350148884
25863,GOF,0.07749734766975741,0.7851023686627863,0.1374002836674563
25864,GOF,0.17520907214347786,0.7480684734321077,0.07672245442441458
25865,GOF,0.0873068445517081,0.7890290932327588,0.12366406221553314
25866,GOF,0.05358283944728355,0.7814385632438144,0.16497859730890202
25867,GOF,0.08270999453954982,0.8021531760930248,0.11513682936742543
25868,GOF,0.2660551065660726,0.6210881203100196,0.11285677312390775
25869,Neutral,0.7280622651579496,0.22436411922727667,0.0475736156147739
25870,GOF,0.2831342172519167,0.3961749962878472,0.3206907864602361
25871,GOF,0.19659231230459992,0.6398210303318655,0.16358665736353448
25872,GOF,0.06927669139467685,0.6641648972853353,0.26655841131998786
25873,GOF,0.10566401250441419,0.6935271264796867,0.200808861015899
25874,LOF,0.013965458793542204,0.11592127054981498,0.8701132706566429
25875,LOF,0.08705630295737506,0.04028068534431179,0.8726630116983132
25876,LOF,0.03056720564133971,0.030712989601521336,0.9387198047571389
25877,Neutral,0.49489618152229553,0.0371736933448458,0.4679301251328586
25878,LOF,0.21920428986777202,0.08848015720372196,0.692315552928506
25879,LOF,0.09110619635570044,0.08205045747075353,0.826843346173546
25880,LOF,0.042166770338620325,0.015105570213531582,0.9427276594478482
25881,LOF,0.15620185935124284,0.12205856695780937,0.7217395736909477
25882,LOF,0.06284333980869218,0.016541468102300554,0.9206151920890073
25883,LOF,0.0648451848042664,0.019605751420260453,0.9155490637754731
25884,LOF,0.03176289271941966,0.030748049903671176,0.9374890573769092
25885,LOF,0.0603978858993313,0.011604083300142322,0.9279980308005263
25886,LOF,0.2519938844185499,0.03932021300434093,0.7086859025771092
25887,LOF,0.14527931003681457,0.06893258279978623,0.7857881071633991
25888,LOF,0.06308941743562528,0.05694919699007099,0.8799613855743037
25889,LOF,0.039584456945728354,0.02133782705165577,0.9390777160026158
25890,LOF,0.05240895979207702,0.14265255671781354,0.8049384834901094
25891,LOF,0.038799051847461366,0.05420943237002585,0.9069915157825128
25892,LOF,0.07965569452338739,0.021970088839889212,0.8983742166367235
25893,LOF,0.2389548478295645,0.0166391130555924,0.7444060391148432
25894,LOF,0.1806970700485227,0.011765306989100055,0.8075376229623772
25895,LOF,0.1921844665595187,0.020284142283532872,0.7875313911569484
25896,LOF,0.04993107733180795,0.022509819190639636,0.9275591034775523
25897,LOF,0.2522856384431189,0.013330495982199141,0.7343838655746818
25898,Neutral,0.6883571987069453,0.009601760144073119,0.3020410411489816
25899,LOF,0.21751692707656506,0.024471646425516164,0.7580114264979187
25900,LOF,0.4508755852621099,0.012052344005107121,0.5370720707327831
25901,LOF,0.05080351850158175,0.011464825526092634,0.9377316559723257
25902,LOF,0.15822582485321696,0.013506001526517531,0.8282681736202656
25903,Neutral,0.5894185685450871,0.0255679422714895,0.3850134891834233
25904,LOF,0.312493111664514,0.048593809712948015,0.6389130786225381
25905,LOF,0.023258213596770477,0.3284285657418172,0.6483132206614122
25906,LOF,0.02924889302797526,0.08993395622268584,0.880817150749339
25907,LOF,0.012900188359292412,0.3305886349239713,0.6565111767167363
25908,LOF,0.009553372398300133,0.26127538640368636,0.7291712411980135
25909,LOF,0.012260624524699852,0.13417634350696986,0.8535630319683304
25910,LOF,0.052617938484704294,0.14482241733768397,0.8025596441776118
25911,LOF,0.1880238069807983,0.024714128824038353,0.7872620641951633
25912,LOF,0.04308845472830293,0.04199914454145083,0.9149124007302463
25913,LOF,0.3404427268599375,0.020600097191211652,0.6389571759488509
25914,LOF,0.02084012505073117,0.05427242760843771,0.9248874473408312
25915,Neutral,0.5914351272980288,0.14463024285042775,0.26393462985154353
25916,LOF,0.09363548694813018,0.22890269720286466,0.6774618158490051
25917,LOF,0.06654412357266681,0.038208402160003756,0.8952474742673294
25918,LOF,0.02296992849271431,0.03129065356307848,0.9457394179442072
25919,LOF,0.019621101098713442,0.032773774382013336,0.9476051245192731
25920,GOF,0.11560675072017793,0.5082357304733449,0.37615751880647713
25921,LOF,0.024374482808697365,0.03436935885493209,0.9412561583363707
25922,LOF,0.03247366600441727,0.02528959188633271,0.94223674210925
25923,LOF,0.47113789452808885,0.03465934705351867,0.4942027584183925
25924,LOF,0.03820211922705187,0.042122752417430534,0.9196751283555176
25925,LOF,0.07069974304010007,0.03574193481245398,0.893558322147446
25926,LOF,0.05194375438179561,0.030686870343699067,0.9173693752745052
25927,LOF,0.05792722308521171,0.14993128273292597,0.7921414941818624
25928,LOF,0.017903938140123865,0.052284661356964204,0.9298114005029119
25929,Neutral,0.5908829932196386,0.036884092255071846,0.37223291452528956
25930,LOF,0.07072590781187425,0.02981742615892245,0.8994566660292034
25931,LOF,0.024539757102506547,0.0329949763279357,0.9424652665695576
25932,LOF,0.028539948871489935,0.02603222742570351,0.9454278237028065
25933,LOF,0.038601687695567904,0.016421884622076447,0.9449764276823558
25934,LOF,0.02436747011841406,0.017957603637530985,0.957674926244055
25935,LOF,0.06182188818855597,0.0447574697017842,0.8934206421096599
25936,LOF,0.0428405694472613,0.022088270060548594,0.9350711604921902
25937,LOF,0.026627622009004048,0.036021638948037414,0.9373507390429585
25938,LOF,0.06288904754551801,0.04891232806486113,0.8881986243896208
25939,LOF,0.04299200278512866,0.017589218650619114,0.9394187785642522
25940,LOF,0.03827896182216077,0.33536580139255673,0.6263552367852825
25941,LOF,0.19454444568092422,0.09017793344306767,0.7152776208760081
25942,LOF,0.013316922561874632,0.034706910588883796,0.9519761668492416
25943,LOF,0.3070031514213103,0.054448800903615015,0.6385480476750747
25944,LOF,0.48277193587480877,0.021040479672464245,0.49618758445272704
25945,LOF,0.07257750608724016,0.018073081592627698,0.9093494123201322
25946,LOF,0.03495903642845042,0.10651711189476783,0.8585238516767818
25947,LOF,0.10987308726954585,0.16149318226999276,0.7286337304604614
25948,LOF,0.36579395346469284,0.009417513612157848,0.6247885329231493
25949,LOF,0.10993600987657628,0.0392992008081914,0.8507647893152324
25950,Neutral,0.34477006438264496,0.3151129858590023,0.34011694975835277
25951,LOF,0.1944106519756611,0.2712885458688213,0.5343008021555177
25952,GOF,0.047650769437148986,0.506152696657173,0.4461965339056779
25953,LOF,0.16465456317091048,0.11348811626507073,0.7218573205640187
25954,Neutral,0.4223017270329872,0.19652633588107574,0.381171937085937
25955,LOF,0.07059106581321253,0.08394621416381322,0.8454627200229742
25956,LOF,0.15522339716577138,0.1223340347018266,0.7224425681324019
25957,LOF,0.034450355992706905,0.033414554124612944,0.9321350898826801
25958,LOF,0.05391109294681347,0.027016492285072583,0.9190724147681139
25959,LOF,0.06617069839674057,0.3197517694578611,0.6140775321453983
25960,LOF,0.015209730142101302,0.05327479822530167,0.931515471632597
25961,LOF,0.04006999945262775,0.02759575367146316,0.932334246875909
25962,LOF,0.054364917400597144,0.02985691291637459,0.9157781696830282
25963,LOF,0.04544698605379575,0.20580046685920295,0.7487525470870013
25964,LOF,0.031532897468854564,0.14255404571405933,0.825913056817086
25965,LOF,0.45426223929936105,0.05679886828771766,0.4889388924129214
25966,Neutral,0.5049805194875845,0.18068031906230156,0.31433916145011404
25967,LOF,0.018157881810566705,0.10367277987670659,0.8781693383127267
25968,LOF,0.03194128339213302,0.3888328213146513,0.5792258952932158
25969,LOF,0.03794283401296467,0.07207026953130129,0.8899868964557339
25970,LOF,0.05227941836036298,0.06104612862276412,0.8866744530168729
25971,LOF,0.06405411807171575,0.02108169142410583,0.9148641905041783
25972,LOF,0.06455889924445411,0.031845805836106064,0.9035952949194399
25973,LOF,0.06798366207655505,0.010171000297561803,0.921845337625883
25974,LOF,0.185904424657159,0.014278043700204511,0.7998175316426364
25975,LOF,0.043286534253591594,0.026922523415698948,0.9297909423307095
25976,LOF,0.04267966219213598,0.015946251134164362,0.9413740866736997
25977,LOF,0.15673969336103494,0.08393784948339239,0.7593224571555728
25978,LOF,0.14414340446148466,0.0978057510196621,0.7580508445188532
25979,LOF,0.1315667535957107,0.09759613311347579,0.7708371132908135
25980,LOF,0.22093654371832958,0.12191667956590313,0.6571467767157673
25981,LOF,0.24822336702583167,0.1212623295033087,0.6305143034708596
25982,LOF,0.4030333712797933,0.08751240110631142,0.5094542276138952
25983,LOF,0.38101711528615106,0.09329350047177021,0.5256893842420787
25984,LOF,0.04791222678409115,0.047111955240543714,0.9049758179753652
25985,LOF,0.03806688616806441,0.2705483286850768,0.691384785146859
25986,LOF,0.05428333713588983,0.31947770802516984,0.6262389548389403
25987,LOF,0.09010263237046517,0.06468041757439016,0.8452169500551445
25988,LOF,0.1509359067011453,0.06168538518002389,0.7873787081188309
25989,LOF,0.035682330147408126,0.11341765412859363,0.8509000157239983
25990,LOF,0.03804963992396666,0.17054814119806277,0.7914022188779706
25991,LOF,0.12726281186332883,0.23376280479488323,0.6389743833417879
25992,LOF,0.3025101364760198,0.15000200549177567,0.5474878580322046
25993,LOF,0.02254191622323333,0.07355661853461992,0.9039014652421468
25994,LOF,0.017921593991307213,0.0815930287998906,0.9004853772088023
25995,LOF,0.023984026070882302,0.18426095672397197,0.7917550172051459
25996,GOF,0.31711031066652623,0.39360145746842373,0.2892882318650501
25997,LOF,0.08561773888110655,0.38419467265928864,0.5301875884596048
25998,Neutral,0.5225000229927669,0.02803894589508255,0.4494610311121506
25999,LOF,0.09770605283421196,0.09460574154084188,0.807688205624946
26000,LOF,0.15050865444440065,0.041738050513080945,0.8077532950425184
26001,LOF,0.2104677517962476,0.04379204922920095,0.7457401989745515
26002,LOF,0.10905980874619299,0.042511668225396086,0.8484285230284109
26003,GOF,0.011121949216493976,0.5860694727127408,0.40280857807076526
26004,GOF,0.02346197230507384,0.6745948763272245,0.3019431513677016
26005,LOF,0.006892823035347149,0.42399455546546616,0.5691126214991867
26006,Neutral,0.552744024210008,0.21395462321150704,0.23330135257848497
26007,GOF,0.02338671580841946,0.49975151557062913,0.47686176862095137
26008,GOF,0.01804739560448861,0.6204005845809833,0.36155201981452806
26009,GOF,0.021509950257417334,0.670653859050818,0.30783619069176454
26010,GOF,0.02583087378548472,0.6469381975560815,0.32723092865843373
26011,LOF,0.006487591240520456,0.40814894753617115,0.5853634612233083
26012,GOF,0.012016636662874516,0.5449112493600221,0.44307211397710333
26013,GOF,0.019080274753776272,0.6110577368695449,0.36986198837667883
26014,LOF,0.04257935615134999,0.10970152709769822,0.8477191167509517
26015,LOF,0.16846878031459128,0.014964461477437583,0.8165667582079711
26016,LOF,0.19868251199820788,0.059469734779698684,0.7418477532220934
26017,LOF,0.2119272000764797,0.0971826015578046,0.6908901983657156
26018,LOF,0.07586848525435956,0.04144428811834007,0.8826872266273004
26019,LOF,0.07154760928890298,0.03279626073336814,0.8956561299777289
26020,LOF,0.062918621780995,0.10437751508455545,0.8327038631344496
26021,LOF,0.04709700422498799,0.10566652595323381,0.8472364698217782
26022,LOF,0.011117015114859104,0.04244093075815857,0.9464420541269825
26023,LOF,0.06533957580484212,0.024863272312930867,0.9097971518822271
26024,LOF,0.028343605639596134,0.11857663946920287,0.853079754891201
26025,LOF,0.14568854854997623,0.0969578080338163,0.7573536434162075
26026,LOF,0.31883527320848826,0.027046074539472487,0.6541186522520392
26027,LOF,0.05536009514364611,0.019208844407969772,0.9254310604483842
26028,LOF,0.17381186820207561,0.0625292116117359,0.7636589201861885
26029,LOF,0.07106463941573093,0.15173135324141024,0.7772040073428589
26030,LOF,0.02160981232758786,0.033695083205265715,0.9446951044671464
26031,LOF,0.0253051103570199,0.1083581650210376,0.8663367246219424
26032,LOF,0.06497987420521284,0.049247880526059266,0.8857722452687278
26033,LOF,0.088286759411027,0.05056199343746258,0.8611512471515105
26034,LOF,0.044710811025272086,0.12908767778769423,0.8262015111870337
26035,LOF,0.025469208189896602,0.1177432724210562,0.8567875193890472
26036,LOF,0.040190369824873645,0.13646615013387864,0.8233434800412478
26037,LOF,0.020893074394860125,0.09785299720323039,0.8812539284019095
26038,LOF,0.06146443579176894,0.05114083181714212,0.8873947323910889
26039,LOF,0.05097929025663055,0.11876854915473198,0.8302521605886375
26040,LOF,0.20744470691560576,0.09824178290464856,0.6943135101797456
26041,LOF,0.022126911293213605,0.09009303010326143,0.8877800586035249
26042,LOF,0.019898997249177725,0.0850654831263521,0.8950355196244703
26043,LOF,0.06330003233050469,0.0587175670204467,0.8779824006490486
26044,LOF,0.018713624144401503,0.04368184863062338,0.9376045272249752
26045,LOF,0.06886984758491752,0.08328110346694238,0.8478490489481401
26046,LOF,0.057900723715317674,0.0495381327669125,0.8925611435177697
26047,LOF,0.07649196697518831,0.052300362830873214,0.8712076701939385
26048,LOF,0.043495930318155865,0.030642936100388332,0.9258611335814558
26049,Neutral,0.967580665159493,0.0052764075245198445,0.02714292731598694
26050,Neutral,0.954125562091042,0.0065237638935466205,0.039350674015411445
26051,LOF,0.049827794608933586,0.2743631454055361,0.6758090599855303
26052,LOF,0.06660921695812845,0.32427432477201834,0.6091164582698533
26053,LOF,0.06688024519424952,0.14710242858082917,0.7860173262249213
26054,LOF,0.047875131408297474,0.018071041091554062,0.9340538275001483
26055,LOF,0.07028349525451719,0.016423657842166043,0.9132928469033168
26056,LOF,0.05916788506814892,0.019118369080824683,0.9217137458510263
26057,LOF,0.03239075995716763,0.01197949795309286,0.9556297420897394
26058,LOF,0.03313428602695129,0.009899483601611228,0.9569662303714376
26059,LOF,0.2593717536159991,0.021198542428709874,0.719429703955291
26060,LOF,0.0425273263036025,0.16432678093423939,0.7931458927621581
26061,LOF,0.016580183744533388,0.01206774672466421,0.9713520695308023
26062,LOF,0.009920015691841188,0.01726302531043204,0.9728169589977267
26063,LOF,0.02105500904637085,0.009982575468236363,0.9689624154853927
26064,LOF,0.020043492573953384,0.02336769328579224,0.9565888141402543
26065,LOF,0.02448889252989547,0.010789390172660762,0.9647217172974438
26066,LOF,0.019634601309821347,0.0103313781885472,0.9700340205016315
26067,LOF,0.027432980734036383,0.00827430946287141,0.9642927098030921
26068,LOF,0.03969207464214319,0.02814139954249716,0.9321665258153595
26069,LOF,0.25834473236886024,0.019708699765865628,0.721946567865274
26070,LOF,0.4028541510080353,0.015987224622680655,0.5811586243692841
26071,LOF,0.020791091898018043,0.010835687252144626,0.9683732208498375
26072,LOF,0.017423428908017985,0.020738402940530164,0.961838168151452
26073,LOF,0.019769274960657,0.01417508452808551,0.9660556405112576
26074,Neutral,0.914139887341493,0.005896286098175225,0.07996382656033167
26075,LOF,0.043392381333092846,0.013715544297324068,0.9428920743695831
26076,LOF,0.037040966838900825,0.008401916808672801,0.9545571163524263
26077,LOF,0.009148854124980474,0.013025247445141101,0.9778258984298784
26078,LOF,0.014111162134344475,0.011914983431871851,0.9739738544337837
26079,LOF,0.05677850028725714,0.016349853416414175,0.9268716462963287
26080,LOF,0.05557798281987871,0.016367922200676215,0.9280540949794451
26081,LOF,0.03471105454210119,0.006286057844126688,0.9590028876137721
26082,LOF,0.013254765046078195,0.013649141595932788,0.973096093357989
26083,LOF,0.17054659617749257,0.014662146636904077,0.8147912571856033
26084,LOF,0.04207795055131003,0.011956089141967548,0.9459659603067224
26085,LOF,0.03787094549782234,0.011372019902271081,0.9507570345999067
26086,LOF,0.020260575432753836,0.010984084911678972,0.9687553396555671
26087,LOF,0.02381979168537276,0.008677611667765008,0.9675025966468623
26088,LOF,0.016713912407938566,0.02392652983137993,0.9593595577606814
26089,LOF,0.03988246718259477,0.02193487326654695,0.9381826595508582
26090,LOF,0.03963306776227469,0.017586355983343765,0.9427805762543816
26091,LOF,0.0318540360965607,0.006476660883101331,0.9616693030203379
26092,LOF,0.021772971735744197,0.00757828804011882,0.970648740224137
26093,LOF,0.03259729591273145,0.006151879962729759,0.9612508241245389
26094,LOF,0.033131701410315136,0.005931058489706105,0.9609372400999787
26095,LOF,0.03952549998022667,0.014114431263255577,0.9463600687565178
26096,LOF,0.01566802297401816,0.011371413358427491,0.9729605636675543
26097,LOF,0.011781902654285343,0.03948699016229382,0.9487311071834209
26098,LOF,0.07629818804791051,0.01287677100820497,0.9108250409438846
26099,LOF,0.020814257902087418,0.012192628090102268,0.9669931140078103
26100,LOF,0.02302810054867666,0.01161812614890175,0.9653537733024214
26101,LOF,0.04323451116860427,0.01771760698479741,0.9390478818465983
26102,LOF,0.020065601477684842,0.014196671474699307,0.9657377270476157
26103,Neutral,0.8819829587245877,0.01901080630840329,0.09900623496700901
26104,LOF,0.0770145060970603,0.023699648549883743,0.8992858453530559
26105,LOF,0.20572294787938786,0.27179834450438856,0.5224787076162236
26106,LOF,0.1406708531203893,0.1313464105370794,0.7279827363425312
26107,LOF,0.23683993352564434,0.08331353468188935,0.6798465317924663
26108,LOF,0.22187733232977225,0.0934398358043783,0.6846828318658494
26109,LOF,0.08612388950689397,0.06279579912371325,0.8510803113693928
26110,LOF,0.2181504756943483,0.006996157357677302,0.7748533669479744
26111,LOF,0.4881222820264455,0.023358084198321773,0.4885196337752327
26112,LOF,0.033256868703220796,0.006721712851364613,0.9600214184454146
26113,LOF,0.06538775811403386,0.016679842470132485,0.9179323994158336
26114,LOF,0.025946820357110698,0.02917309416726981,0.9448800854756195
26115,LOF,0.08421839472439285,0.05157918370316875,0.8642024215724383
26116,LOF,0.06089272398184347,0.06209289626945983,0.8770143797486968
26117,LOF,0.437939539535873,0.041543878177077054,0.5205165822870499
26118,LOF,0.0335216616449847,0.02196816033093957,0.9445101780240758
26119,LOF,0.02323222134323899,0.030946933767748246,0.9458208448890127
26120,LOF,0.024894848264228643,0.017644066320745704,0.9574610854150256
26121,LOF,0.04085290106449654,0.07692888526445885,0.8822182136710447
