feature0,prediction,LoGoFunc_Neutral,LoGoFunc_GOF,LoGoFunc_LOF
25546,Neutral,0.6411143914628245,0.0523132728460281,0.3065723356911474
25547,Neutral,0.4937760983957592,0.0932603308586845,0.41296357074555634
25548,Neutral,0.4908290138973569,0.08029304507735414,0.42887794102528903
25549,LOF,0.4266276899716788,0.08237214477388019,0.49100016525444107
25550,LOF,0.3498781598023329,0.11693402596315017,0.533187814234517
25551,LOF,0.30723743633689216,0.1264718837423481,0.5662906799207598
25552,LOF,0.25632882166347304,0.12078825331186052,0.6228829250246665
25553,Neutral,0.8140295233839521,0.042654316247244244,0.14331616036880357
25554,LOF,0.2939567243556239,0.10923638594004965,0.5968068897043264
25555,LOF,0.2465799583827115,0.10687028408717361,0.6465497575301149
25556,LOF,0.4415325346412486,0.09511800593690828,0.4633494594218431
25557,LOF,0.2336312724549546,0.10913671825888407,0.6572320092861613
25558,LOF,0.30597468710694187,0.10750760922749984,0.5865177036655582
25559,LOF,0.19585557450675306,0.13154781758732917,0.6725966079059178
25560,LOF,0.15401517621303656,0.102586099199965,0.7433987245869984
25561,LOF,0.146605584134762,0.10927383027262923,0.7441205855926089
25562,LOF,0.07407088666125938,0.08131085749800489,0.8446182558407357
25563,LOF,0.02163394980421053,0.12928004109319682,0.8490860091025926
25564,LOF,0.21031822260523164,0.12298756699932031,0.6666942103954481
25565,LOF,0.2082065562574859,0.13354866844333654,0.6582447752991775
25566,GOF,0.09976058335986708,0.712623542985303,0.18761587365483007
25567,LOF,0.036772730096767264,0.11513765163669776,0.848089618266535
25568,LOF,0.0617813694850835,0.06403470568709228,0.8741839248278243
25569,LOF,0.0616063264980267,0.06457471876432307,0.8738189547376501
25570,LOF,0.02614147755347712,0.0912998314876787,0.8825586909588442
25571,LOF,0.025593695626462507,0.09396108428083587,0.8804452200927017
25572,LOF,0.059619125988535616,0.11183473354960635,0.828546140461858
25573,LOF,0.05494973969972918,0.07864204270129994,0.8664082175989709
25574,LOF,0.05391171106989077,0.17798807215036597,0.7681002167797433
25575,LOF,0.02200395852849702,0.10631806629886646,0.8716779751726365
25576,LOF,0.03243840038528337,0.14278075413845495,0.8247808454762617
25577,LOF,0.029012254793727744,0.1077133347701796,0.8632744104360928
25578,LOF,0.3015566648435176,0.07268634060878808,0.6257569945476942
25579,LOF,0.13278799983747705,0.07752620551721222,0.7896857946453109
25580,LOF,0.018981003203765234,0.07359298732572522,0.9074260094705096
25581,LOF,0.05587907392989444,0.05841835178250158,0.885702574287604
25582,LOF,0.05568145100374416,0.05793140388938932,0.8863871451068666
25583,LOF,0.01985068794911118,0.07215505866366496,0.9079942533872238
25584,Neutral,0.6793532416085598,0.0985980325036823,0.22204872588775795
25585,LOF,0.025932292264702835,0.10836053585773354,0.8657071718775636
25586,LOF,0.016711477888202042,0.06018797375666437,0.9231005483551336
25587,LOF,0.01676257703306267,0.05360324131968773,0.9296341816472496
25588,LOF,0.019715689787561535,0.06546807061821328,0.9148162395942251
25589,Neutral,0.5081499340272506,0.18859391065240835,0.303256155320341
25590,LOF,0.04640188266038763,0.09433159180315788,0.8592665255364544
25591,LOF,0.0970451687140611,0.049324103633192604,0.8536307276527464
25592,LOF,0.053328535737165034,0.11952307952851679,0.8271483847343182
25593,LOF,0.13414094943865548,0.23639156751775572,0.6294674830435888
25594,LOF,0.05308193648705147,0.11577411276184292,0.8311439507511056
25595,LOF,0.04819448960760008,0.08081590587224229,0.8709896045201576
25596,LOF,0.11362009834689538,0.04967240934814126,0.8367074923049634
25597,LOF,0.08389955330567773,0.055696782150462316,0.8604036645438599
25598,LOF,0.05343426062994734,0.08310339542837755,0.8634623439416752
25599,GOF,0.020626994814202933,0.4948847322439444,0.4844882729418527
25600,GOF,0.15921938431592694,0.49941871363558127,0.3413619020484918
25601,LOF,0.03635214124346488,0.4085597147066146,0.5550881440499205
25602,LOF,0.033111288286618974,0.06997264315141437,0.8969160685619667
25603,LOF,0.027928455746019407,0.035377427047222056,0.9366941172067584
25604,LOF,0.031513854996319236,0.08814388473821273,0.8803422602654679
25605,LOF,0.03597594429762275,0.2057242996374536,0.7582997560649236
25606,LOF,0.4187863577356338,0.12993508115325017,0.45127856111111614
25607,LOF,0.025210218112030412,0.19773524941749426,0.7770545324704753
25608,LOF,0.03334510272590581,0.0695551730543232,0.8970997242197709
25609,GOF,0.15843823408953164,0.49941466354369957,0.3421471023667688
25610,LOF,0.014885799199879094,0.030305206763000497,0.9548089940371203
25611,LOF,0.012539185315167385,0.03488497091504757,0.9525758437697851
25612,LOF,0.04472876804393307,0.04381567053304765,0.9114555614230193
25613,LOF,0.042072409584472836,0.0452872716124741,0.9126403188030531
25614,LOF,0.018938080137722864,0.026683880125201058,0.954378039737076
25615,LOF,0.046185462902448286,0.04040956654651583,0.9134049705510359
25616,LOF,0.04448300140966501,0.031582361377520095,0.923934637212815
25617,LOF,0.037464172517783445,0.04153985381492421,0.9209959736672922
25618,LOF,0.04805666667101488,0.04036741602303949,0.9115759173059457
25619,LOF,0.012544949044778233,0.034830853472903794,0.9526241974823179
25620,LOF,0.0630047229190772,0.04727762638727394,0.8897176506936489
25621,LOF,0.054774586973028304,0.04101211890374509,0.9042132941232267
25622,LOF,0.06477122256855347,0.036070971441145024,0.8991578059903016
25623,LOF,0.0711722332745327,0.028401330746011144,0.9004264359794562
25624,LOF,0.0171481764710127,0.03708259556520448,0.9457692279637828
25625,LOF,0.06401141615463961,0.04335536926043487,0.8926332145849256
25626,LOF,0.047087519859248535,0.042864834780426575,0.9100476453603248
25627,Neutral,0.8889133387420143,0.02240161903945469,0.08868504221853114
25628,LOF,0.11165413575488639,0.06679422279126519,0.8215516414538484
25629,LOF,0.06074262475956869,0.04525006282316936,0.8940073124172618
25630,LOF,0.27787470949865656,0.07979045933574193,0.6423348311656015
25631,Neutral,0.5630902197391175,0.06567057354029052,0.3712392067205919
25632,LOF,0.027921520135351267,0.06571062004732524,0.9063678598173234
25633,LOF,0.17983986505449975,0.03524272878779585,0.7849174061577044
25634,LOF,0.03413914047868242,0.0733342864076318,0.8925265731136858
25635,LOF,0.03588996557617428,0.04338925632549385,0.9207207780983319
25636,GOF,0.03192938640786511,0.49524092972597333,0.47282968386616153
25637,GOF,0.05389742382588502,0.49367288238606327,0.45242969378805176
25638,LOF,0.02886324612221458,0.33059614732391174,0.6405406065538737
25639,LOF,0.028422836487453446,0.3764340257738319,0.5951431377387146
25640,Neutral,0.8208323253348877,0.13404335142455065,0.04512432324056163
25641,LOF,0.06248191969162821,0.4474270576213805,0.49009102268699134
25642,LOF,0.041360949220228045,0.15397493255462105,0.8046641182251509
25643,LOF,0.24223003973628163,0.1646344236082528,0.5931355366554656
25644,LOF,0.01908813505858227,0.4893599676838461,0.4915518972575715
25645,LOF,0.020520190459769386,0.4357981345824667,0.543681674957764
25646,LOF,0.051706748549352165,0.3356702897799566,0.6126229616706912
25647,LOF,0.02268533490161619,0.2716723331319251,0.7056423319664588
25648,LOF,0.029006605555157428,0.25348066542592546,0.7175127290189172
25649,LOF,0.014918465791003553,0.2555091023655545,0.729572431843442
25650,LOF,0.04536781029179073,0.45867055106118293,0.4959616386470264
25651,LOF,0.015725311377880993,0.3047041970207957,0.6795704916013233
25652,LOF,0.02975140513594705,0.27457252836473284,0.69567606649932
25653,LOF,0.07363674611836771,0.4331058865653522,0.49325736731628006
25654,LOF,0.0217107267300598,0.22230075958198997,0.7559885136879502
25655,GOF,0.19457086018747502,0.43605003691408173,0.3693791028984432
25656,LOF,0.24747292587621858,0.053724117745015225,0.6988029563787663
25657,LOF,0.07465382760420411,0.06033409552500384,0.865012076870792
25658,LOF,0.38253071791016124,0.06281969048739343,0.5546495916024454
25659,Neutral,0.5299341314271835,0.08438919891551516,0.38567666965730135
25660,LOF,0.022844986367802238,0.08581371102221381,0.891341302609984
25661,LOF,0.09348669437372667,0.06321059608659865,0.8433027095396746
25662,LOF,0.032457343060084354,0.03522238104308348,0.9323202758968322
25663,LOF,0.039920002301402156,0.047623752172014075,0.9124562455265838
25664,LOF,0.1481305150251755,0.06271462515943459,0.7891548598153899
25665,LOF,0.05568594904700108,0.03166342276072085,0.912650628192278
25666,LOF,0.0916925019054726,0.07409200491406753,0.83421549318046
25667,LOF,0.06402590406074755,0.038176241517094756,0.8977978544221578
25668,LOF,0.03505568405374249,0.05078923008054119,0.9141550858657164
25669,LOF,0.031060290518052994,0.050526494599902376,0.9184132148820446
25670,LOF,0.1509380537440365,0.05292989478995403,0.7961320514660095
25671,LOF,0.09745314740769001,0.03438801629887013,0.8681588362934399
25672,LOF,0.05148093417665995,0.04300329768190858,0.9055157681414314
25673,LOF,0.08432156909701337,0.043913083365749,0.8717653475372376
25674,LOF,0.07277531535454125,0.056092163546763156,0.8711325210986957
25675,LOF,0.11261881356606246,0.05287327304105934,0.8345079133928782
25676,LOF,0.01814556764121945,0.049484440701403315,0.9323699916573772
25677,LOF,0.02494096734063913,0.07356911627654059,0.9014899163828204
25678,LOF,0.1945186465302285,0.057988326202875855,0.7474930272668957
25679,LOF,0.12191756567962332,0.08221834398727944,0.7958640903330974
25680,LOF,0.029901063416011543,0.10973213994749395,0.8603667966364945
25681,LOF,0.048457956484541514,0.10035488700123976,0.8511871565142187
25682,LOF,0.14010223450895432,0.07231982843381062,0.787577937057235
25683,LOF,0.11455296219101867,0.09196059629271439,0.7934864415162669
25684,LOF,0.04194168168137811,0.07325851021905314,0.8847998080995687
25685,LOF,0.13138015819179022,0.04976948358448431,0.8188503582237254
25686,LOF,0.07415924761123062,0.09345101691569198,0.8323897354730774
25687,LOF,0.12021975092014896,0.0919353656667356,0.7878448834131154
25688,LOF,0.3184650396021608,0.03634904670777842,0.6451859136900608
25689,LOF,0.23347052073751973,0.04057605447386003,0.7259534247886201
25690,LOF,0.34480647347541904,0.03270342597134735,0.6224901005532336
25691,Neutral,0.7013782836018972,0.0234130566282428,0.27520865976985986
25692,LOF,0.28231162608116483,0.01119909143522881,0.7064892824836063
25693,GOF,0.05875231465792064,0.47542985023464696,0.4658178351074325
25694,LOF,0.12464873658040579,0.018312185537522733,0.8570390778820715
25695,LOF,0.12267679386189571,0.01864463021701397,0.8586785759210903
25696,LOF,0.10925096978299499,0.009342579015980934,0.8814064512010241
25697,LOF,0.13132038150726233,0.030772319134331566,0.837907299358406
25698,LOF,0.37384888746472833,0.22595626640242025,0.4001948461328514
25699,LOF,0.42847550475491347,0.03744322143144111,0.5340812738136455
25700,LOF,0.056849578096992134,0.007433614133213886,0.9357168077697939
25701,LOF,0.1644145257958709,0.04495649479908474,0.7906289794050444
25702,GOF,0.16971160693015502,0.548680700580632,0.28160769248921297
25703,LOF,0.016769148606248164,0.15179791211800744,0.8314329392757444
25704,LOF,0.04898039462087669,0.11194481020490278,0.8390747951742206
25705,LOF,0.0589768440731443,0.17945810019121036,0.7615650557356454
25706,LOF,0.09826340589429562,0.40089053349906506,0.5008460606066393
25707,LOF,0.08802518866102003,0.30957092892634847,0.6024038824126315
25708,LOF,0.031981786300143214,0.27721465860436373,0.6908035550954931
25709,LOF,0.06253562206062248,0.03849469690668133,0.8989696810326963
25710,LOF,0.011455519277443739,0.12850293517533504,0.8600415455472212
25711,LOF,0.018079641192520222,0.09825368031558239,0.8836666784918973
25712,LOF,0.01357292706382871,0.18643401579088825,0.799993057145283
25713,LOF,0.018847501142779086,0.08104144396153906,0.9001110548956818
25714,LOF,0.07042700239105383,0.0784723569620252,0.8511006406469209
25715,LOF,0.01087352988719024,0.14501303048764386,0.8441134396251659
25716,LOF,0.013892679959508235,0.11053024233504019,0.8755770777054516
25717,LOF,0.013665097759949384,0.073757457806437,0.9125774444336137
25718,LOF,0.012904103409945246,0.08890874039746678,0.898187156192588
25719,LOF,0.018150538749136944,0.07796447247285962,0.9038849887780034
25720,LOF,0.02251338965731247,0.06881970342140654,0.9086669069212809
25721,LOF,0.014729277047593092,0.10761278417372656,0.8776579387786803
25722,LOF,0.013380705741256124,0.12324345851296668,0.8633758357457771
25723,LOF,0.023070342778216738,0.040754671615674684,0.9361749856061087
25724,LOF,0.022891476375665663,0.08366109200018798,0.8934474316241463
25725,LOF,0.011401577685934874,0.06577131475275524,0.9228271075613099
25726,LOF,0.01574014242060171,0.0894866182711827,0.8947732393082155
25727,LOF,0.012885034640657853,0.07252727694029415,0.914587688419048
25728,LOF,0.009956525838718021,0.10866136852416962,0.8813821056371124
25729,LOF,0.010286902672898036,0.1074574710223084,0.8822556263047936
25730,LOF,0.014057159248804501,0.07752988333458849,0.9084129574166071
25731,LOF,0.020272205949802065,0.1114821812973283,0.8682456127528696
25732,LOF,0.01499442353922138,0.0818628181496347,0.903142758311144
25733,LOF,0.016018649054544833,0.06981025765531598,0.9141710932901392
25734,LOF,0.012823058953274923,0.12100992783693805,0.8661670132097871
25735,LOF,0.013433031054227638,0.08438457004019553,0.9021823989055768
25736,LOF,0.014155907780242921,0.10713358612373167,0.8787105060960254
25737,LOF,0.021526602160487462,0.08188164515120239,0.8965917526883102
25738,LOF,0.012950337955286466,0.10065069977668878,0.8863989622680248
25739,LOF,0.0211568176106165,0.07458458257861487,0.9042585998107686
25740,LOF,0.027287307436555063,0.09361319099596561,0.8790995015674792
25741,LOF,0.015464046396563975,0.10180492418217868,0.8827310294212575
25742,LOF,0.12207459648422828,0.07472664645777265,0.803198757057999
25743,LOF,0.032682339249610864,0.032262139862249156,0.93505552088814
25744,Neutral,0.5844985236650243,0.21738525492473468,0.19811622141024102
25745,LOF,0.08473532370621427,0.06883595141647648,0.8464287248773092
25746,LOF,0.038433068556690465,0.08935130248110323,0.8722156289622064
25747,LOF,0.02260293602462573,0.04367375622067962,0.9337233077546947
25748,LOF,0.09834777315062157,0.06845975368602944,0.833192473163349
25749,LOF,0.025573075564611754,0.07766562889306959,0.8967612955423186
25750,LOF,0.09028161816605612,0.08022181662116575,0.829496565212778
25751,LOF,0.09249826326909211,0.07416063541037826,0.8333411013205296
25752,GOF,0.11622144143166115,0.6590434150816895,0.22473514348664927
25753,LOF,0.021344478784781972,0.27562843018335553,0.7030270910318626
25754,GOF,0.011593140743389763,0.786572849661004,0.2018340095956061
25755,LOF,0.024042833143302453,0.3929822148657153,0.5829749519909823
25756,LOF,0.040986342130435546,0.36988552804949065,0.5891281298200739
25757,GOF,0.014135541711262287,0.8499506501932721,0.13591380809546547
25758,GOF,0.027831150296919634,0.8330778714644009,0.13909097823867939
25759,GOF,0.011732108805279808,0.5654634213852734,0.42280446980944686
25760,LOF,0.012012921054923468,0.24443858464411772,0.7435484943009588
25761,GOF,0.28012568637732854,0.6375654539964372,0.08230885962623428
25762,LOF,0.03554596526616603,0.2740308211395493,0.6904232135942847
25763,LOF,0.01308248609278391,0.21434141702918497,0.7725760968780312
25764,GOF,0.0760784301176849,0.6554485979516534,0.26847297193066166
25765,GOF,0.03944775743716577,0.7652065239078304,0.19534571865500372
25766,GOF,0.05676547780349609,0.7491656579689027,0.1940688642276013
25767,GOF,0.18718682917488683,0.45202823033883227,0.36078494048628096
25768,LOF,0.10019076201451849,0.06018912780976286,0.8396201101757187
25769,LOF,0.06794858199555479,0.06457342463634988,0.8674779933680953
25770,LOF,0.31250042052564336,0.08611803701896781,0.6013815424553889
25771,LOF,0.04214737681822394,0.04582988881869215,0.912022734363084
25772,LOF,0.01715273309391819,0.030551712316835785,0.9522955545892461
25773,LOF,0.05222834306930365,0.08135783931444945,0.8664138176162469
25774,LOF,0.02896984051672931,0.0711454848942601,0.8998846745890107
25775,LOF,0.049751836290445425,0.04283008025348716,0.9074180834560674
25776,LOF,0.066811302592016,0.02262792433625099,0.910560773071733
25777,LOF,0.36160091623106844,0.051512057955425544,0.586887025813506
25778,LOF,0.06832832697132052,0.04526222611840051,0.8864094469102789
25779,GOF,0.36445191803435584,0.5953005745105139,0.040247507455130276
25780,GOF,0.3037562531556407,0.6217239745456427,0.07451977229871669
25781,GOF,0.13017268978751698,0.7655718384424506,0.10425547177003246
25782,GOF,0.19903088145067266,0.7301921183120064,0.07077700023732099
25783,GOF,0.024768809935842222,0.6460677897199164,0.3291634003442414
25784,GOF,0.4633976225396371,0.503520975042152,0.033081402418210865
25785,GOF,0.4436714182032495,0.521923957669115,0.03440462412763552
25786,GOF,0.02850777346724059,0.7892537791946923,0.18223844733806702
25787,Neutral,0.6372372415313984,0.3401277901860232,0.022634968282578372
25788,LOF,0.045661134815244545,0.1101464447123679,0.8441924204723876
25789,GOF,0.18976261761920674,0.6813615628883782,0.12887581949241503
25790,GOF,0.20659340197757586,0.6869757419189609,0.1064308561034632
25791,GOF,0.14844345643098933,0.6858391813293705,0.1657173622396401
25792,GOF,0.3127652218797907,0.5623602988621127,0.1248744792580965
25793,GOF,0.24021154783844229,0.5478066113495308,0.21198184081202692
25794,GOF,0.28494927300581213,0.5492032813665155,0.1658474456276724
25795,GOF,0.07011766494488524,0.7068662355800653,0.2230160994750493
25796,Neutral,0.5271037933059964,0.3988599878701831,0.07403621882382043
25797,GOF,0.09404496950495066,0.5640552340635893,0.34189979643146
25798,GOF,0.00855296362157941,0.5226072770678148,0.4688397593106057
25799,LOF,0.006868005508741038,0.42281170935269274,0.5703202851385664
25800,GOF,0.029637550239212256,0.6240681677903672,0.34629428197042067
25801,GOF,0.19400641462286145,0.6897906301618594,0.1162029552152791
25802,GOF,0.06473147456508893,0.7060824217893207,0.22918610364559044
25803,GOF,0.033341860672600684,0.593504511391901,0.37315362793549833
25804,GOF,0.02752772660743689,0.49620280902785036,0.4762694643647126
25805,GOF,0.07668800980657337,0.6162614694599153,0.30705052073351125
25806,GOF,0.09463603428061798,0.6084106241463837,0.29695334157299835
25807,GOF,0.018753634739314396,0.632324878486684,0.34892148677400164
25808,GOF,0.07535895362282688,0.6560877565157374,0.26855328986143584
25809,GOF,0.01633706186063117,0.6062229331326463,0.3774400050067226
25810,GOF,0.014663779390015915,0.6429334529006256,0.34240276770935846
25811,GOF,0.4189943727688122,0.504086749833856,0.07691887739733176
25812,GOF,0.029220341582765645,0.647315401984063,0.32346425643317134
25813,Neutral,0.48128693562362196,0.42336243797041845,0.09535062640595948
25814,GOF,0.09619905239722494,0.652170639519968,0.251630308082807
25815,GOF,0.1590415311236985,0.6354022645589871,0.20555620431731442
25816,GOF,0.02061025776988883,0.720892587781319,0.25849715444879223
25817,GOF,0.21090051283400485,0.6589692149303453,0.13013027223564994
25818,GOF,0.0502783588159064,0.6872058458638013,0.2625157953202923
25819,GOF,0.3486430605896066,0.5220627987434087,0.12929414066698477
25820,GOF,0.17995574852794305,0.6142164052805534,0.2058278461915034
25821,GOF,0.06115550934895133,0.6725834775673886,0.2662610130836601
25822,GOF,0.22562811246985343,0.5690186053288546,0.20535328220129184
25823,GOF,0.03452716139826529,0.5472066012884182,0.4182662373133165
25824,GOF,0.08879259930116803,0.6183224930752727,0.2928849076235593
25825,GOF,0.03549490816532822,0.6061935616021527,0.358311530232519
25826,GOF,0.014729490684666639,0.5984974874014465,0.38677302191388685
25827,GOF,0.022137874444700306,0.619811186410855,0.3580509391444447
25828,GOF,0.012417569482491139,0.549191546089375,0.43839088442813384
25829,GOF,0.005700243339309456,0.5859793457626357,0.4083204108980549
25830,LOF,0.03515234041245427,0.28906806370122784,0.675779595886318
25831,GOF,0.18785020198588043,0.6977730128849922,0.11437678512912751
25832,GOF,0.032019931993674075,0.7534629598842876,0.21451710812203845
25833,GOF,0.11507296830959735,0.7503676072587303,0.13455942443167232
25834,GOF,0.03278097511136367,0.7679068212082049,0.19931220368043126
25835,GOF,0.07500232808789441,0.7812501519147839,0.14374751999732177
25836,GOF,0.034955564528354424,0.7352985168891879,0.22974591858245763
25837,GOF,0.02484621092026787,0.626860176145258,0.34829361293447403
25838,GOF,0.09399575374068773,0.7780253340857374,0.12797891217357493
25839,GOF,0.27439330959755415,0.6069109946115266,0.11869569579091926
25840,GOF,0.21909590103812965,0.6580927042772099,0.12281139468466062
25841,GOF,0.21230272385429078,0.664602205668337,0.1230950704773721
25842,GOF,0.13971870683771404,0.7447117141453565,0.11556957901692952
25843,GOF,0.20065031355067453,0.7178806201042669,0.08146906634505849
25844,GOF,0.06483324377957367,0.7358967245421887,0.19927003167823762
25845,GOF,0.014901172246732269,0.521449280275185,0.4636495474780827
25846,GOF,0.11430488889539403,0.7627218216648038,0.12297328943980214
25847,GOF,0.10362126956425681,0.7977273748055232,0.09865135563021994
25848,GOF,0.03622928868062749,0.7077973331828461,0.25597337813652643
25849,GOF,0.010596676717868932,0.6187091959026381,0.370694127379493
25850,GOF,0.021432186995502225,0.6722820202725195,0.3062857927319783
25851,GOF,0.017135074876737624,0.5576753502756892,0.4251895748475733
25852,GOF,0.15101815674209534,0.5966818690521786,0.25229997420572603
25853,GOF,0.32108437202254997,0.6066165118281247,0.07229911614932548
25854,GOF,0.020762427461648598,0.6401533403412248,0.3390842321971265
25855,GOF,0.03763009946453326,0.5496517550430664,0.4127181454924003
25856,GOF,0.23832124535943625,0.5499965147066763,0.21168223993388738
25857,GOF,0.04107867312920771,0.5154732961915511,0.4434480306792411
25858,GOF,0.01954632888308374,0.5525660881357128,0.42788758298120333
25859,GOF,0.009631938993800248,0.5252006657377534,0.46516739526844636
25860,GOF,0.34507943118868095,0.5787267995647127,0.07619376924660631
25861,GOF,0.40684346752432315,0.5283726542052095,0.06478387827046726
25862,GOF,0.0857003254478941,0.7890570910580149,0.125242583494091
25863,GOF,0.08695614586928425,0.7817364887195473,0.13130736541116847
25864,GOF,0.20153256394105062,0.7322672720450687,0.06620016401388061
25865,GOF,0.08210552462193083,0.8139284894193272,0.10396598595874205
25866,GOF,0.053731815317301146,0.7875581745975722,0.15871001008512664
25867,GOF,0.07802515417040734,0.823145161856365,0.09882968397322757
25868,GOF,0.24984966747940385,0.6502035781280492,0.0999467543925468
25869,Neutral,0.6878780098090965,0.26678823137839003,0.045333758812513454
25870,GOF,0.24778168919725876,0.4415725667746242,0.31064574402811695
25871,GOF,0.18934785110598623,0.6927446667919822,0.11790748210203161
25872,GOF,0.07604650619299344,0.665323367472334,0.2586301263346726
25873,GOF,0.10592160929982714,0.6961485916523978,0.19792979904777497
25874,LOF,0.014807031919488843,0.11648899466266223,0.8687039734178489
25875,LOF,0.08858335732738733,0.04401695886867772,0.8673996838039351
25876,LOF,0.03569908680252972,0.032998929639010785,0.9313019835584595
25877,Neutral,0.50643264901788,0.045226713049783575,0.4483406379323364
25878,LOF,0.18891557110887686,0.10123154322213762,0.7098528856689856
25879,LOF,0.08269831926193981,0.09098813988430036,0.8263135408537597
25880,LOF,0.0386089531589857,0.016038666450196127,0.9453523803908181
25881,LOF,0.16865504908660642,0.13226132202698088,0.6990836288864127
25882,LOF,0.06119766043671598,0.018409194904895183,0.920393144658389
25883,LOF,0.06850411192567206,0.020497914449789465,0.9109979736245384
25884,LOF,0.031131670206638838,0.031257879333567176,0.9376104504597939
25885,LOF,0.06343538247774731,0.011389017273712306,0.9251756002485404
25886,LOF,0.2610109732087669,0.04195563645848124,0.6970333903327519
25887,LOF,0.16329826747130194,0.06635374601535038,0.7703479865133478
25888,LOF,0.06836314693321413,0.05910234260077814,0.8725345104660077
25889,LOF,0.03973947685211563,0.021429203538845643,0.9388313196090388
25890,LOF,0.04741226365520705,0.15490998747077103,0.7976777488740219
25891,LOF,0.03794797350415895,0.04994469453358144,0.9121073319622597
25892,LOF,0.08505264408388771,0.019773276491461097,0.8951740794246512
25893,LOF,0.2596244510685885,0.01857716585168177,0.7217983830797297
25894,LOF,0.17374607862306632,0.011483828904175443,0.8147700924727583
25895,LOF,0.19493916825556024,0.021175910689259576,0.7838849210551802
25896,LOF,0.04864133952595965,0.020487869094849585,0.9308707913791908
25897,LOF,0.26106577290949734,0.012324462843537139,0.7266097642469656
25898,Neutral,0.7050262532164054,0.009984208423130074,0.2849895383604644
25899,LOF,0.20330065268471367,0.023170424350188866,0.7735289229650976
25900,LOF,0.4377788508967374,0.012951429996607002,0.5492697191066557
25901,LOF,0.055206782569151854,0.012591778067267719,0.9322014393635805
25902,LOF,0.1722938482428382,0.013914574435715935,0.813791577321446
25903,Neutral,0.5752158645369418,0.02623149533438011,0.3985526401286779
25904,LOF,0.3378988498403697,0.04292247451776106,0.6191786756418692
25905,LOF,0.02885690949567938,0.2966444540806775,0.674498636423643
25906,LOF,0.0349079481976806,0.06920001803400747,0.8958920337683118
25907,LOF,0.015295198413786935,0.30375716632927746,0.6809476352569357
25908,LOF,0.01075135602910459,0.23767150517663718,0.7515771387942582
25909,LOF,0.013081318566441739,0.12478214718821073,0.8621365342453474
25910,LOF,0.055145915428421344,0.12986760247330914,0.8149864820982696
25911,LOF,0.18427530449609153,0.02983185041387276,0.7858928450900357
25912,LOF,0.051786540287272975,0.049304279439485996,0.898909180273241
25913,LOF,0.34698580222017245,0.02393524351902971,0.6290789542607977
25914,LOF,0.01868961856875074,0.06017337126258976,0.9211370101686595
25915,Neutral,0.5834798615934633,0.1605513608620055,0.2559687775445313
25916,LOF,0.07969678609283508,0.21983898569500657,0.7004642282121584
25917,LOF,0.05759936422641799,0.04728786863544635,0.8951127671381356
25918,LOF,0.021149765019674832,0.03862691197020537,0.9402233230101199
25919,LOF,0.01783049248979654,0.041102892104092834,0.9410666154061107
25920,GOF,0.09373170387660346,0.5472975029096959,0.3589707932137006
25921,LOF,0.02439446335426121,0.03642292593679233,0.9391826107089465
25922,LOF,0.03379319051182083,0.0289968270743585,0.9372099824138207
25923,LOF,0.45158648507316346,0.03856610551077132,0.5098474094160652
25924,LOF,0.03531245942537226,0.047788779644526325,0.9168987609301014
25925,LOF,0.07094643604234281,0.04102887317952319,0.888024690778134
25926,LOF,0.04999026888980029,0.03723005029818019,0.9127796808120195
25927,LOF,0.05262703362285554,0.14645780630535182,0.8009151600717926
25928,LOF,0.01739330550385723,0.05371054457296139,0.9288961499231814
25929,Neutral,0.5684745441699558,0.04093112255969931,0.3905943332703449
25930,LOF,0.0683836658883428,0.0346058714162641,0.8970104626953931
25931,LOF,0.02441700729084249,0.03258439817251114,0.9429985945366464
25932,LOF,0.026797635041440303,0.028695456357571432,0.9445069086009882
25933,LOF,0.0383490657081061,0.021100105375146602,0.9405508289167474
25934,LOF,0.022749493229565293,0.021347975637844414,0.9559025311325903
25935,LOF,0.06044621400044627,0.056162357325855124,0.8833914286736986
25936,LOF,0.04360487351658139,0.023468223167711688,0.9329269033157068
25937,LOF,0.02449042123274928,0.037339768572694124,0.9381698101945566
25938,LOF,0.061370557998513826,0.0579539451547156,0.8806754968467707
25939,LOF,0.03837790710348464,0.020906577836149735,0.9407155150603657
25940,LOF,0.029120017429807965,0.33773421049114916,0.633145772079043
25941,LOF,0.20050219338044575,0.10138677456394263,0.6981110320556116
25942,LOF,0.013832901740486722,0.03942753385234867,0.9467395644071646
25943,LOF,0.2872907469537122,0.054356120384871844,0.658353132661416
25944,Neutral,0.4940748964133644,0.022867794985760637,0.483057308600875
25945,LOF,0.07443927230380956,0.024556312357199604,0.9010044153389909
25946,LOF,0.027745162524965825,0.11880099584938472,0.8534538416256494
25947,LOF,0.09732375236120916,0.17935304130510538,0.7233232063336854
25948,LOF,0.3564694545912268,0.008253824410177121,0.6352767209985961
25949,LOF,0.12433351294653158,0.03196306626003267,0.8437034207934357
25950,GOF,0.3098882737603088,0.3598230510002376,0.3302886752394536
25951,LOF,0.22211143038947712,0.24884171913220526,0.5290468504783177
25952,LOF,0.0436472225087127,0.4214159134592072,0.5349368640320801
25953,LOF,0.1429720279244543,0.09573564982116042,0.7612923222543854
25954,Neutral,0.4250116552544898,0.17024295512207688,0.40474538962343337
25955,LOF,0.05579683514810469,0.0740958654840584,0.8701072993678368
25956,LOF,0.17248492100008372,0.10272797354758167,0.7247871054523346
25957,LOF,0.04014366178195068,0.030818154886207563,0.9290381833318416
25958,LOF,0.053481821513015566,0.031264856437082156,0.9152533220499022
25959,LOF,0.06068616501565494,0.3572450156930161,0.582068819291329
25960,LOF,0.01503451087836194,0.05825041274658608,0.926715076375052
25961,LOF,0.04041817391341835,0.03189481869141309,0.9276870073951685
25962,LOF,0.05508885863037879,0.021804317539082536,0.9231068238305387
25963,LOF,0.04694132916467536,0.1873951225096065,0.765663548325718
25964,LOF,0.03354236530691131,0.15034699296136475,0.8161106417317239
25965,LOF,0.45707164849882753,0.06379403399443964,0.47913431750673285
25966,Neutral,0.5328931170697395,0.1610572258269129,0.3060496571033475
25967,LOF,0.01661592620322611,0.09242229337188825,0.8909617804248856
25968,LOF,0.03720034850068544,0.39086871883055235,0.5719309326687623
25969,LOF,0.03543234276403833,0.062489481539883165,0.9020781756960785
25970,LOF,0.06396203804642137,0.06050133806569156,0.875536623887887
25971,LOF,0.06456219846035909,0.019042832976640094,0.9163949685630008
25972,LOF,0.0650187227348248,0.026550437195608952,0.9084308400695663
25973,LOF,0.08762114975439081,0.010544398493618774,0.9018344517519905
25974,LOF,0.1939040525325327,0.01589218672514035,0.7902037607423269
25975,LOF,0.05062143762821959,0.028783022055267556,0.9205955403165128
25976,LOF,0.0452552901226654,0.017944295135945258,0.9368004147413894
25977,LOF,0.14332392128854463,0.0845032862032764,0.772172792508179
25978,LOF,0.13740088176310852,0.0691962332431457,0.7934028849937458
25979,LOF,0.1313158907159227,0.06987111141774442,0.7988129978663328
25980,LOF,0.23183513661898714,0.08022864172400639,0.6879362216570065
25981,LOF,0.2618641281189658,0.07836344854392431,0.6597724233371098
25982,LOF,0.41086840682924397,0.060709333460121064,0.528422259710635
25983,LOF,0.3859754027440356,0.06522089016089297,0.5488037070950713
25984,LOF,0.054901583413337555,0.044603454579790126,0.9004949620068723
25985,LOF,0.03671468942759974,0.29282611659895846,0.6704591939734417
25986,LOF,0.04661254140353858,0.31337171912426187,0.6400157394721995
25987,LOF,0.09429489590512184,0.06603084372846259,0.8396742603664157
25988,LOF,0.1731248391709987,0.054682936425913174,0.7721922244030881
25989,LOF,0.037121363307118634,0.11560811137014587,0.8472705253227355
25990,LOF,0.0451368089244312,0.13379409118699878,0.8210690998885701
25991,LOF,0.11705463139958432,0.24664460979155975,0.636300758808856
25992,LOF,0.2891315689251743,0.15499395369257807,0.5558744773822476
25993,LOF,0.021731455877314017,0.07327010640921651,0.9049984377134694
25994,LOF,0.015440026307084338,0.09946463512446338,0.8850953385684522
25995,LOF,0.022476716574390442,0.1968610916825359,0.7806621917430737
25996,GOF,0.3235851178074756,0.38645045371315717,0.2899644284793671
25997,LOF,0.07221146131265141,0.36819598425154476,0.5595925544358038
25998,Neutral,0.5383918771435448,0.024436212920801666,0.4371719099356535
25999,LOF,0.11499546078288242,0.07815029935209775,0.8068542398650199
26000,LOF,0.14242811167232536,0.05672762724201157,0.8008442610856631
26001,LOF,0.1967372735906656,0.0537095017863112,0.7495532246230233
26002,LOF,0.12865170254537514,0.052254283325678594,0.8190940141289462
26003,GOF,0.010266237309330614,0.5715455149170832,0.4181882477735862
26004,GOF,0.01952244775535311,0.66621211294298,0.31426543930166695
26005,LOF,0.0069687673233836175,0.4461077897664394,0.5469234429101769
26006,Neutral,0.5065875347230366,0.24555508215497998,0.24785738312198347
26007,GOF,0.02296940321708426,0.5202688486858648,0.456761748097051
26008,GOF,0.017607005826738343,0.6056210506375088,0.3767719435357529
26009,GOF,0.02041696277513092,0.664925033939921,0.31465800328494814
26010,GOF,0.02158526005764052,0.6172530697306228,0.3611616702117367
26011,LOF,0.006908615875959602,0.42140820220096625,0.5716831819230741
26012,GOF,0.012734612507644726,0.5449042922591542,0.44236109523320105
26013,GOF,0.01845914293715501,0.5852796841525036,0.39626117291034124
26014,LOF,0.04643142480191368,0.10427982073928065,0.8492887544588056
26015,LOF,0.1452398514959201,0.01601789721665647,0.8387422512874234
26016,LOF,0.19997972132299147,0.0628308313963509,0.7371894472806575
26017,LOF,0.21326078801683773,0.09936753580506161,0.6873716761781007
26018,LOF,0.08298285752365234,0.03804060920986604,0.8789765332664816
26019,LOF,0.07909876438329237,0.029844508925119792,0.8910567266915879
26020,LOF,0.07042045553929659,0.1072504969177511,0.8223290475429524
26021,LOF,0.0465508273613256,0.11064553765452853,0.8428036349841459
26022,LOF,0.010709569171827258,0.039609040196348644,0.9496813906318242
26023,LOF,0.06711216713209753,0.023666235044245983,0.9092215978236564
26024,LOF,0.03367276851875891,0.11757134642252944,0.8487558850587116
26025,LOF,0.15202676420564495,0.10028717816131576,0.7476860576330393
26026,LOF,0.31152824046194355,0.03162923140568314,0.6568425281323733
26027,LOF,0.06352289831434717,0.01821257390396762,0.9182645277816851
26028,LOF,0.1665650127163236,0.05877713145789807,0.7746578558257784
26029,LOF,0.06837640035340588,0.1867175480081046,0.7449060516384894
26030,LOF,0.021139605447778383,0.05209334351156665,0.9267670510406549
26031,LOF,0.024102988672467643,0.14333556937561104,0.8325614419519214
26032,LOF,0.06329752563157943,0.08270651232525537,0.8539959620431653
26033,LOF,0.08340754348805941,0.08458711572630409,0.8320053407856364
26034,LOF,0.03889274849110846,0.17278078371112757,0.7883264677977639
26035,LOF,0.023962867558946836,0.1615708070308065,0.8144663254102467
26036,LOF,0.036547545337196764,0.17348149156961684,0.7899709630931865
26037,LOF,0.020393059857846653,0.13279402411606903,0.8468129160260842
26038,LOF,0.05869429598367703,0.08888790056757796,0.8524178034487451
26039,LOF,0.04756153726006739,0.16349953281891721,0.7889389299210153
26040,LOF,0.20630768958876955,0.13545733297808293,0.6582349774331475
26041,LOF,0.021177301833114566,0.1186951129377192,0.8601275852291662
26042,LOF,0.01925312164522266,0.1160714683496201,0.8646754100051572
26043,LOF,0.058893392998439424,0.10095236889161131,0.8401542381099493
26044,LOF,0.01889768845001502,0.06879510749709439,0.9123072040528905
26045,LOF,0.06428849731622881,0.10751863711592534,0.8281928655678459
26046,LOF,0.05466171722304256,0.08456432467070922,0.8607739581062482
26047,LOF,0.07359212024417622,0.08432509248720674,0.8420827872686171
26048,LOF,0.0471868760597266,0.04241458422493311,0.9103985397153403
26049,Neutral,0.9680104273228485,0.00710415275731328,0.024885419919838267
26050,Neutral,0.9538445834870408,0.009057380262414552,0.03709803625054475
26051,LOF,0.05224788514590141,0.2445723014773517,0.7031798133767468
26052,LOF,0.06336014416304372,0.3052814139682445,0.6313584418687117
26053,LOF,0.06065890219808655,0.11483645129103184,0.8245046465108815
26054,LOF,0.05217702011889733,0.01709603076208198,0.9307269491190207
26055,LOF,0.07318803680427831,0.014914170467521705,0.9118977927282
26056,LOF,0.06289960060392956,0.01712453727442798,0.9199758621216425
26057,LOF,0.03005411691747118,0.013174925190053718,0.956770957892475
26058,LOF,0.03158619810499186,0.010224737874619588,0.9581890640203885
26059,LOF,0.2714074486346384,0.019808996202051694,0.7087835551633099
26060,LOF,0.041096035125288616,0.17874761405331266,0.7801563508213987
26061,LOF,0.01811809653741397,0.011136149177363079,0.9707457542852229
26062,LOF,0.010521740306080815,0.017811836009139964,0.9716664236847793
26063,LOF,0.02104654962359133,0.011524776443676341,0.9674286739327324
26064,LOF,0.020523553529394195,0.020188794474982247,0.9592876519956235
26065,LOF,0.02561924670033548,0.011031464570339187,0.9633492887293252
26066,LOF,0.021316132874243724,0.011207281609920685,0.9674765855158357
26067,LOF,0.026682488225687386,0.008866406660654082,0.9644511051136585
26068,LOF,0.044641562216568904,0.026037220306648554,0.9293212174767825
26069,LOF,0.27384602533008584,0.017892792818850638,0.7082611818510636
26070,LOF,0.4101108779043663,0.015306159913516111,0.5745829621821177
26071,LOF,0.021404315715741296,0.01262770796774118,0.9659679763165175
26072,LOF,0.020181663188649,0.01693644903335963,0.9628818877779914
26073,LOF,0.020456787634867322,0.01098629709406152,0.968556915271071
26074,Neutral,0.9106286633161221,0.005736646995058599,0.08363468968881922
26075,LOF,0.04492123390818493,0.014031913068911987,0.941046853022903
26076,LOF,0.04400147743598645,0.009092756066957319,0.9469057664970562
26077,LOF,0.009758708417600568,0.0157692475394187,0.9744720440429807
26078,LOF,0.012671752452327397,0.011074350403929479,0.9762538971437431
26079,LOF,0.06328757514217546,0.016038557136610863,0.9206738677212137
26080,LOF,0.061966260558651044,0.01607034868133691,0.921963390760012
26081,LOF,0.034101498332530455,0.006428040397140162,0.9594704612703293
26082,LOF,0.013120414948682838,0.015632397630631033,0.9712471874206862
26083,LOF,0.18529526318614464,0.014380427116776926,0.8003243096970784
26084,LOF,0.04137945844016804,0.012204739621450394,0.9464158019383816
26085,LOF,0.0377013824426705,0.011530613483702979,0.9507680040736265
26086,LOF,0.020973225901226442,0.010891912806600684,0.9681348612921729
26087,LOF,0.024895143415662013,0.008069441477937301,0.9670354151064007
26088,LOF,0.015433408372517724,0.021515208065148683,0.9630513835623336
26089,LOF,0.04391448549838986,0.02034234178206489,0.9357431727195453
26090,LOF,0.044009038372805155,0.016684122586215648,0.9393068390409792
26091,LOF,0.03293683405069677,0.006562087931100825,0.9605010780182024
26092,LOF,0.02238673512648424,0.008372077342846876,0.9692411875306689
26093,LOF,0.03548650467622333,0.005845811418843734,0.9586676839049328
26094,LOF,0.03591507227068456,0.0062153879939111315,0.9578695397354042
26095,LOF,0.04107274295762634,0.012727264641645662,0.946199992400728
26096,LOF,0.018281995153963313,0.01202215073154059,0.969695854114496
26097,LOF,0.012061761229882168,0.036250038392352336,0.9516882003777655
26098,LOF,0.08644476276738275,0.010682607440016785,0.9028726297926005
26099,LOF,0.02292614407502868,0.01245204609925097,0.9646218098257203
26100,LOF,0.025407530011134723,0.011994249156870623,0.9625982208319946
26101,LOF,0.048569296582608744,0.01581832445507724,0.935612378962314
26102,LOF,0.021239144470009158,0.0129582227523113,0.9658026327776795
26103,Neutral,0.8821570432748053,0.01945709143034905,0.09838586529484564
26104,LOF,0.08203199418554488,0.022801459509918836,0.8951665463045363
26105,LOF,0.21304814281544357,0.23894973331301805,0.5480021238715385
26106,LOF,0.19638304843586252,0.10418426385064179,0.6994326877134956
26107,LOF,0.2316456315142808,0.07392268639273927,0.6944316820929799
26108,LOF,0.2512098411828897,0.08923220714614526,0.6595579516709651
26109,LOF,0.08948168197687319,0.05730237063050257,0.8532159473926242
26110,LOF,0.20034482122902103,0.0072192093476222486,0.7924359694233568
26111,Neutral,0.5090864613226802,0.026792654816223737,0.46412088386109607
26112,LOF,0.03284703028850236,0.007667807414602515,0.9594851622968951
26113,LOF,0.06495219263740694,0.017373883740012766,0.9176739236225803
26114,LOF,0.024477884571228178,0.029999791279966347,0.9455223241488054
26115,LOF,0.0827594490197435,0.058233375278317616,0.8590071757019389
26116,LOF,0.06561058732430596,0.06777034631944362,0.8666190663562503
26117,LOF,0.4482286962694567,0.04170520241255245,0.5100661013179908
26118,LOF,0.033819632110436676,0.02389965398143172,0.9422807139081316
26119,LOF,0.0230738470315989,0.0382621867686813,0.9386639661997197
26120,LOF,0.02671770008254945,0.019659079180414617,0.9536232207370359
26121,LOF,0.044419502008684636,0.08909790998900016,0.8664825880023151
