feature0,prediction,LoGoFunc_Neutral,LoGoFunc_GOF,LoGoFunc_LOF
25546,Neutral,0.6244155589967461,0.06106706931299097,0.31451737169026284
25547,Neutral,0.5291795408254311,0.09406290918260891,0.37675754999196004
25548,Neutral,0.5110557370501406,0.07970867065696158,0.4092355922928978
25549,LOF,0.443983627674889,0.08095656875649641,0.4750598035686145
25550,LOF,0.38522741113868236,0.10249518845872865,0.512277400402589
25551,LOF,0.32848321886559934,0.11181537598465507,0.5597014051497455
25552,LOF,0.30273083086733626,0.11062185397867279,0.5866473151539909
25553,Neutral,0.7898740429495898,0.048745820575728356,0.16138013647468183
25554,LOF,0.33960770958251285,0.10471537690217997,0.5556769135153072
25555,LOF,0.2952868474476522,0.09669972830734111,0.6080134242450067
25556,Neutral,0.4720813082948389,0.0924053612891778,0.4355133304159834
25557,LOF,0.279233396475882,0.10526979164255959,0.6154968118815584
25558,LOF,0.3346180842249493,0.10456574257026936,0.5608161732047814
25559,LOF,0.2466861245252124,0.0662891429343199,0.6870247325404677
25560,LOF,0.10728107343407087,0.14396435884959663,0.7487545677163324
25561,LOF,0.10804552117234796,0.2009532855478733,0.6910011932797787
25562,LOF,0.04099242790403286,0.10556086614133349,0.8534467059546337
25563,LOF,0.013782833682004104,0.17334310515697485,0.8128740611610211
25564,LOF,0.09478602168643739,0.11679656512559891,0.7884174131879637
25565,LOF,0.1883198739139828,0.13769052733587137,0.6739895987501459
25566,GOF,0.060858372645582214,0.6684174490959982,0.2707241782584196
25567,LOF,0.03388100431441479,0.15277354891855704,0.8133454467670281
25568,LOF,0.05557069393721963,0.0878814128216132,0.8565478932411671
25569,LOF,0.06294750252056798,0.0814813492313891,0.855571148248043
25570,LOF,0.028823909777318312,0.10919293382823686,0.8619831563944449
25571,LOF,0.02681761814727769,0.11264631272867706,0.8605360691240453
25572,LOF,0.07088534040656978,0.1465268252398157,0.7825878343536147
25573,LOF,0.06863856283824639,0.1089540648993389,0.8224073722624148
25574,LOF,0.07074489605856552,0.1996802242925864,0.7295748796488482
25575,LOF,0.02372670071128841,0.13161891509159815,0.8446543841971135
25576,LOF,0.030478714243768468,0.18501686005507226,0.7845044257011592
25577,LOF,0.03701025848486732,0.14351167991189948,0.8194780616032332
25578,LOF,0.3005693802761819,0.10417036499926413,0.5952602547245539
25579,LOF,0.19430915085866235,0.1017441677227569,0.7039466814185807
25580,LOF,0.022397921787397693,0.08481891154584287,0.8927831666667594
25581,LOF,0.04702497203967015,0.08943578842401516,0.8635392395363147
25582,LOF,0.046674456065776734,0.08764213916661506,0.8656834047676083
25583,LOF,0.026818712139469923,0.09471127870024713,0.8784700091602828
25584,Neutral,0.7006025996602971,0.13127205577724163,0.16812534456246114
25585,LOF,0.0207972925866765,0.1775234882061091,0.8016792192072144
25586,LOF,0.018176134717577987,0.09976999350634168,0.8820538717760804
25587,LOF,0.018597644081349188,0.08217496000169486,0.899227395916956
25588,LOF,0.02229350999286139,0.08299887719690988,0.8947076128102287
25589,Neutral,0.5262030268081112,0.22781509874305902,0.24598187444882985
25590,LOF,0.04853273924045685,0.13519439376671877,0.8162728669928243
25591,LOF,0.08128312974135236,0.07379002459104089,0.8449268456676068
25592,LOF,0.059153328410833705,0.15412507159483044,0.7867215999943359
25593,LOF,0.1151120415242763,0.2537476806957967,0.6311402777799271
25594,LOF,0.05623204244593387,0.0724962998027555,0.8712716577513107
25595,LOF,0.05912613542305132,0.0441865771741904,0.8966872874027583
25596,LOF,0.12048605956991074,0.026657194421848426,0.8528567460082409
25597,LOF,0.0915769240755751,0.032825041841408865,0.8755980340830161
25598,LOF,0.05345033374244713,0.04936323663070631,0.8971864296268466
25599,LOF,0.02160947024497351,0.38038564192597857,0.5980048878290479
25600,LOF,0.1806831494417162,0.3847048532336421,0.43461199732464173
25601,LOF,0.03784985891532633,0.30328712199069674,0.6588630190939769
25602,LOF,0.02615669618314101,0.07598235367917454,0.8978609501376844
25603,LOF,0.03805882085670471,0.060790579839219504,0.9011505993040758
25604,LOF,0.0383708663879378,0.11184206045358826,0.849787073158474
25605,LOF,0.028854475271768078,0.20398099803453418,0.7671645266936977
25606,LOF,0.4232235691070288,0.14959575035664835,0.4271806805363228
25607,LOF,0.028092948306586304,0.20991020882654562,0.7619968428668681
25608,LOF,0.03317807557166474,0.11736125255723713,0.8494606718710981
25609,GOF,0.13784560833806575,0.48422121609573143,0.37793317556620276
25610,LOF,0.015887234339439688,0.05622297568856482,0.9278897899719954
25611,LOF,0.013018726705294296,0.06749401687106976,0.919487256423636
25612,LOF,0.0478265396416475,0.07333774887101448,0.878835711487338
25613,LOF,0.04539300949473049,0.07057056447178524,0.8840364260334842
25614,LOF,0.023114877336454384,0.05383293816808452,0.9230521844954611
25615,LOF,0.039869056933702844,0.07213612373796303,0.8879948193283342
25616,LOF,0.05312725865841074,0.06045152468215007,0.8864212166594392
25617,LOF,0.03891097126660208,0.06887539665121112,0.8922136320821867
25618,LOF,0.052296085279471737,0.09150744402587457,0.8561964706946537
25619,LOF,0.01239191555277345,0.06485667150739707,0.9227514129398295
25620,LOF,0.051370371424541976,0.07459604111601495,0.874033587459443
25621,LOF,0.060524189628589346,0.06460197222145171,0.874873838149959
25622,LOF,0.06104681169251284,0.07260105007365876,0.8663521382338284
25623,LOF,0.061399942038987215,0.04843270724582554,0.8901673507151873
25624,LOF,0.019691789209362723,0.056995144059216914,0.9233130667314203
25625,LOF,0.05774736551232079,0.07021821124929194,0.8720344232383872
25626,LOF,0.04517995836234657,0.06846827161244064,0.8863517700252127
25627,Neutral,0.8897623084493679,0.023986742052583065,0.08625094949804897
25628,LOF,0.1519927187122685,0.05778905380254096,0.7902182274851905
25629,LOF,0.06794656583363114,0.06400396467958787,0.868049469486781
25630,LOF,0.2773408778175636,0.0641614687978922,0.6584976533845442
25631,Neutral,0.5381636265040085,0.06414760260402518,0.39768877089196636
25632,LOF,0.029429727314859044,0.07606665732322797,0.8945036153619131
25633,LOF,0.23149106665016925,0.04526735102494449,0.7232415823248862
25634,LOF,0.04458825312240373,0.08959563773171596,0.8658161091458803
25635,LOF,0.03809644554149039,0.041735706848075385,0.9201678476104341
25636,GOF,0.030434268834466777,0.5489272385731371,0.42063849259239633
25637,GOF,0.04706276738816796,0.5742843743762033,0.37865285823562866
25638,GOF,0.03454521422729238,0.4888749048161944,0.47657988095651327
25639,GOF,0.031977549180087196,0.5078885035173965,0.4601339473025164
25640,Neutral,0.8751689843845482,0.07029597414776055,0.054535041467691274
25641,LOF,0.09460450629457295,0.40768454614933386,0.4977109475560932
25642,LOF,0.07246982775611305,0.17205645207481915,0.7554737201690678
25643,LOF,0.22419846979075175,0.16772042092581232,0.608081109283436
25644,GOF,0.009261766969546711,0.616653613880497,0.37408461914995617
25645,GOF,0.010946117118284162,0.5791162291442621,0.4099376537374537
25646,LOF,0.034480793999306356,0.39641698987887397,0.5691022161218197
25647,LOF,0.011813941976336284,0.31848654619458205,0.6696995118290817
25648,LOF,0.013676325782163344,0.39482418475043646,0.5914994894674003
25649,LOF,0.008856710506362277,0.31935131460945715,0.6717919748841805
25650,GOF,0.019849231896196425,0.58806043729457,0.39209033080923356
25651,LOF,0.00839381377030691,0.41335450288556463,0.5782516833441285
25652,LOF,0.014247417169189779,0.41606150879594866,0.5696910740348615
25653,GOF,0.04049547514710726,0.5908669451296091,0.36863757972328354
25654,LOF,0.011382974642968132,0.31018457683279277,0.6784324485242391
25655,GOF,0.12958545361894008,0.6132844484732985,0.2571300979077615
25656,LOF,0.3607696950955983,0.12376398323541292,0.5154663216689888
25657,LOF,0.04932719435896289,0.11230357810755366,0.8383692275334834
25658,LOF,0.3362608658069716,0.1533199440443173,0.5104191901487111
25659,Neutral,0.5005215450711955,0.13874029863090923,0.36073815629789524
25660,LOF,0.02387594727169489,0.10339799223938541,0.8727260604889197
25661,LOF,0.0886034124953989,0.06452315508809871,0.8468734324165024
25662,LOF,0.03268839880804143,0.032033628187138355,0.9352779730048202
25663,LOF,0.03821931149190695,0.040015597862559794,0.9217650906455334
25664,LOF,0.12364648216909722,0.06588589334839937,0.8104676244825035
25665,LOF,0.06541093752303641,0.029821238282177136,0.9047678241947864
25666,LOF,0.09493198377729878,0.07076742312279974,0.8343005930999015
25667,LOF,0.07295368688179153,0.0495705886094189,0.8774757245087896
25668,LOF,0.03494503557067913,0.056469573845511246,0.9085853905838096
25669,LOF,0.028931080118718838,0.05477873635614293,0.9162901835251382
25670,LOF,0.12252670055777135,0.05895618304942221,0.8185171163928064
25671,LOF,0.10203919434280768,0.03893657730568901,0.8590242283515033
25672,LOF,0.050551176458502836,0.043615485393891366,0.9058333381476058
25673,LOF,0.08590851946326646,0.04332514082710095,0.8707663397096327
25674,LOF,0.07041911363735442,0.05606182462751391,0.8735190617351317
25675,LOF,0.10939089110522507,0.07040180375362101,0.820207305141154
25676,LOF,0.018933681792541665,0.053380321370171034,0.9276859968372873
25677,LOF,0.023020137757944925,0.0695642189035025,0.9074156433385526
25678,LOF,0.19938813793113314,0.08462526673084797,0.715986595338019
25679,LOF,0.11949488887114514,0.0876130756009291,0.7928920355279256
25680,LOF,0.032738678641210106,0.11115035464730025,0.8561109667114896
25681,LOF,0.050443801902032764,0.10430918427365994,0.8452470138243072
25682,LOF,0.12401974668467919,0.08273011060386952,0.7932501427114513
25683,LOF,0.10945346921164395,0.09835110832887974,0.7921954224594763
25684,LOF,0.036532898767062866,0.07006308529853951,0.8934040159343976
25685,LOF,0.12541922173786132,0.07531455312366085,0.7992662251384778
25686,LOF,0.07756717627576303,0.11534239349591961,0.8070904302283173
25687,LOF,0.12597774682811194,0.1155445445045569,0.7584777086673312
25688,LOF,0.4172054636759207,0.04185879727268767,0.5409357390513916
25689,LOF,0.29521793879702457,0.039775805689139146,0.6650062555138363
25690,LOF,0.32315505106870535,0.03350941054723663,0.6433355383840581
25691,Neutral,0.6900592673566956,0.03124935181156366,0.27869138083174066
25692,LOF,0.38014429879449974,0.011033206780926242,0.608822494424574
25693,LOF,0.04285021124789231,0.42036170428437025,0.5367880844677374
25694,LOF,0.11956287803886516,0.02020682412669759,0.8602302978344372
25695,LOF,0.11918905204819186,0.013597749292124385,0.8672131986596838
25696,LOF,0.13568516185508797,0.013230476565413965,0.8510843615794981
25697,LOF,0.06994555313842872,0.13768387459999776,0.7923705722615735
25698,LOF,0.31603642093535844,0.20640515807894874,0.4775584209856928
25699,LOF,0.41854290277450584,0.041243888868460164,0.540213208357034
25700,LOF,0.07167969405681612,0.013991079117224034,0.91432922682596
25701,LOF,0.16247500599712394,0.04864809804236103,0.788876895960515
25702,GOF,0.19476770625026868,0.6366335819451836,0.16859871180454777
25703,LOF,0.01651263898261348,0.14322440173142073,0.8402629592859657
25704,LOF,0.033683769764546644,0.15510421963338938,0.8112120106020639
25705,LOF,0.03967368090176726,0.08691005714602895,0.8734162619522038
25706,LOF,0.14664781552992423,0.3503646207169138,0.5029875637531619
25707,LOF,0.09738241680202597,0.2635431028940076,0.6390744803039664
25708,LOF,0.047352835287033566,0.24534350895529633,0.7073036557576702
25709,LOF,0.0675198147437887,0.03151164426872725,0.900968540987484
25710,LOF,0.014056749526187955,0.09766099756537897,0.8882822529084331
25711,LOF,0.019804169115179345,0.06791961948133232,0.9122762114034884
25712,LOF,0.01679545928112992,0.13534905495723323,0.8478554857616369
25713,LOF,0.01840009034418919,0.06996893759383489,0.9116309720619759
25714,LOF,0.07635064263600307,0.05047783779262463,0.8731715195713724
25715,LOF,0.01171356368971502,0.09681510345628735,0.8914713328539976
25716,LOF,0.012685564910147665,0.08294492014950712,0.9043695149403453
25717,LOF,0.016664759068846166,0.06049649410846958,0.9228387468226843
25718,LOF,0.011349888496589014,0.06399773565536683,0.9246523758480442
25719,LOF,0.021144959820186434,0.060366782622771994,0.9184882575570416
25720,LOF,0.02599269419079804,0.04825938634438772,0.9257479194648143
25721,LOF,0.013832319644308434,0.08432819491451912,0.9018394854411725
25722,LOF,0.014162916707447766,0.07661945217323733,0.909217631119315
25723,LOF,0.025168804599034044,0.033670444647620895,0.9411607507533452
25724,LOF,0.03284050777133146,0.06047509097859474,0.9066844012500739
25725,LOF,0.011815693890989867,0.05649558223953602,0.9316887238694741
25726,LOF,0.015161947759325604,0.0746283005580336,0.9102097516826408
25727,LOF,0.012438340453430032,0.05832133463614541,0.9292403249104246
25728,LOF,0.010321151878930755,0.07504323810632663,0.9146356100147425
25729,LOF,0.010472307703086794,0.07438176325786719,0.915145929039046
25730,LOF,0.013578113967495146,0.07234132677571162,0.9140805592567932
25731,LOF,0.023446202645009028,0.06876283511574789,0.907790962239243
25732,LOF,0.01342444935545896,0.0474022719316517,0.9391732787128894
25733,LOF,0.017326660508699476,0.05012061241230232,0.9325527270789982
25734,LOF,0.013346520503091756,0.08743315052958923,0.8992203289673191
25735,LOF,0.011756209791656884,0.059433728766484575,0.9288100614418585
25736,LOF,0.012396474760579592,0.0794246362720095,0.9081788889674108
25737,LOF,0.012128664281071256,0.0671035512585303,0.9207677844603985
25738,LOF,0.01184910744716352,0.06755491277111388,0.9205959797817227
25739,LOF,0.020978461486192798,0.05417864869929526,0.924842889814512
25740,LOF,0.029256824550604372,0.07864701770465259,0.892096157744743
25741,LOF,0.01590505577673152,0.0753398914487954,0.908755052774473
25742,LOF,0.11476351375633886,0.05288376991221222,0.832352716331449
25743,LOF,0.03884748553369622,0.049624120066102104,0.9115283944002017
25744,Neutral,0.6298228171273403,0.2242455130307146,0.14593166984194514
25745,LOF,0.06832705220899322,0.07071331664094713,0.8609596311500596
25746,LOF,0.047065278926830434,0.09630956787864596,0.8566251531945236
25747,LOF,0.025007592905960125,0.08376292032958194,0.8912294867644579
25748,LOF,0.13124445026454873,0.13203917074822563,0.7367163789872256
25749,LOF,0.030104098425577756,0.0886740983110987,0.8812218032633236
25750,LOF,0.07571065805053437,0.09678235345006954,0.8275069884993961
25751,LOF,0.10637088747886167,0.14011869946610048,0.7535104130550379
25752,GOF,0.10061163441194833,0.6745363832115983,0.2248519823764534
25753,LOF,0.02660609066675064,0.31511845577729586,0.6582754535559535
25754,GOF,0.014801933073593388,0.8205105034620341,0.16468756346437252
25755,LOF,0.027333117254352685,0.37872662155656495,0.5939402611890824
25756,LOF,0.05130107794607569,0.3897053927561209,0.5589935292978034
25757,GOF,0.01949991778654669,0.8700025386607371,0.11049754355271632
25758,GOF,0.027592053010035596,0.8313517043753892,0.1410562426145753
25759,GOF,0.011559655347902395,0.6457051453467046,0.342735199305393
25760,LOF,0.016404446072531723,0.31765117844144786,0.6659443754860205
25761,GOF,0.28792809575907774,0.6389250570332352,0.07314684720768715
25762,LOF,0.04410281295403241,0.32456502808306903,0.6313321589628985
25763,LOF,0.01529164771011959,0.2282569200314388,0.7564514322584416
25764,GOF,0.07462312516439364,0.7062664155640909,0.21911045927151546
25765,GOF,0.031564540896629995,0.7818586743944544,0.18657678470891545
25766,GOF,0.06888735833293198,0.8063127361987845,0.12479990546828343
25767,GOF,0.15735211431238208,0.5234389705930272,0.3192089150945907
25768,LOF,0.10123931770122024,0.05589058874785301,0.8428700935509268
25769,LOF,0.045453735588218955,0.08021226503003205,0.874333999381749
25770,LOF,0.29987021549424764,0.11210517206166966,0.5880246124440827
25771,LOF,0.04579493016495973,0.05877841442351988,0.8954266554115204
25772,LOF,0.01727532458066872,0.054973798492371814,0.9277508769269593
25773,LOF,0.050279488766805214,0.08069525168122169,0.8690252595519731
25774,LOF,0.027695494986013414,0.11121010936711583,0.8610943956468707
25775,LOF,0.05582093124490035,0.05902480480317411,0.8851542639519254
25776,LOF,0.06712429996156918,0.031227468382462185,0.9016482316559686
25777,LOF,0.33769961949535726,0.08959290720682896,0.5727074732978137
25778,LOF,0.06575184148492474,0.05088666889150146,0.8833614896235737
25779,GOF,0.37381222814484777,0.5796990280054413,0.046488743849710974
25780,GOF,0.33897171227829564,0.5949446269458094,0.06608366077589486
25781,GOF,0.1308202887968079,0.7679282205144227,0.10125149068876943
25782,GOF,0.19027489009060022,0.7391538546243951,0.0705712552850047
25783,GOF,0.025340423652466446,0.6840374146465171,0.2906221617010165
25784,Neutral,0.49800863564540354,0.4649122358447058,0.0370791285098907
25785,GOF,0.4764034103597937,0.48456314099336784,0.03903344864683835
25786,GOF,0.03590745299133858,0.7545566464811697,0.2095359005274917
25787,Neutral,0.6728493094786797,0.3017165030693583,0.025434187451962076
25788,LOF,0.06683521804974844,0.0815943349596684,0.8515704469905832
25789,GOF,0.22298594517390766,0.6282988889468479,0.1487151658792444
25790,GOF,0.25395451480476494,0.6522814734318038,0.09376401176343133
25791,GOF,0.163363901770813,0.6796759048894128,0.15696019333977412
25792,GOF,0.3536205874271323,0.525882022522864,0.1204973900500038
25793,GOF,0.26461623325531725,0.5071025426290557,0.22828122411562707
25794,GOF,0.3144835660248945,0.48711148045112046,0.19840495352398496
25795,GOF,0.0737851911982955,0.6723651996007526,0.2538496092009519
25796,Neutral,0.5096798171500123,0.42229518502785657,0.06802499782213109
25797,GOF,0.09379519378964599,0.5444351332897894,0.3617696729205646
25798,GOF,0.010414295816591377,0.5103653122538863,0.4792203919295224
25799,LOF,0.008233573911284722,0.4404933582578655,0.5512730678308498
25800,GOF,0.04317781752720666,0.5924246910556762,0.36439749141711714
25801,GOF,0.23819954693954543,0.6587190474653756,0.10308140559507889
25802,GOF,0.07347060960834179,0.6822528087473779,0.2442765816442803
25803,GOF,0.04437298621657508,0.5773667527715683,0.3782602610118566
25804,GOF,0.0406570773718221,0.5154681544713124,0.44387476815686544
25805,GOF,0.1403088588097762,0.5811572029628631,0.2785339382273608
25806,GOF,0.15121088501768615,0.5796726567896839,0.26911645819262986
25807,GOF,0.02228876224370105,0.6228313441388712,0.35487989361742783
25808,GOF,0.11551734835530793,0.5835711976614855,0.3009114539832066
25809,GOF,0.02303519396302143,0.6388862826603926,0.33807852337658606
25810,GOF,0.022069865449994897,0.6461238037136692,0.33180633083633587
25811,Neutral,0.4963023641455198,0.438349353111167,0.065348282743313
25812,GOF,0.04419688242920798,0.6225274270789035,0.33327569049188854
25813,Neutral,0.5685881672450448,0.33433032105430155,0.09708151170065368
25814,GOF,0.1448785463237155,0.6564193643386789,0.19870208933760578
25815,GOF,0.25302091984170133,0.5813359054490141,0.1656431747092845
25816,GOF,0.024485936043762025,0.6922616487127451,0.2832524152434929
25817,GOF,0.2562953666263116,0.6308629571093753,0.11284167626431313
25818,GOF,0.05345519093211093,0.554047200699636,0.39249760836825315
25819,GOF,0.38511006489613026,0.45661824793097944,0.1582716871728903
25820,GOF,0.20760247740509483,0.5746173835006776,0.21778013909422764
25821,GOF,0.06657941903659224,0.6550819377574923,0.27833864320591534
25822,GOF,0.22041323997273032,0.5433515787933655,0.2362351812339042
25823,GOF,0.037578656505715576,0.5048802829474165,0.4575410605468679
25824,GOF,0.08654172858272184,0.5286149584805491,0.3848433129367292
25825,GOF,0.035675395789873006,0.539931676604735,0.42439292760539193
25826,GOF,0.0142595932001698,0.514070614805531,0.47166979199429915
25827,GOF,0.025577956157294655,0.5744667982789788,0.39995524556372647
25828,GOF,0.017840862338576784,0.5001125471182146,0.4820465905432086
25829,GOF,0.007065790673755095,0.5263481346550857,0.4665860746711593
25830,LOF,0.045456706134093756,0.2672815904942518,0.6872617033716545
25831,GOF,0.19672820766520369,0.6761718315570587,0.12709996077773753
25832,GOF,0.03570746297974552,0.6810431607861643,0.2832493762340903
25833,GOF,0.12920590614083374,0.6914509255818245,0.17934316827734167
25834,GOF,0.04088315357383108,0.6848381148216298,0.2742787316045392
25835,GOF,0.09052902826170618,0.7012612037150977,0.20820976802319605
25836,GOF,0.046012758350093816,0.6485187931258499,0.3054684485240562
25837,GOF,0.023081254097852506,0.5385717587549324,0.43834698714721515
25838,GOF,0.07885600539433613,0.7462951377989196,0.17484885680674414
25839,GOF,0.31220262165177814,0.5543676147397092,0.1334297636085127
25840,GOF,0.2647503561153545,0.5352357948392524,0.20001384904539313
25841,GOF,0.2614564401278482,0.5522943884918075,0.18624917138034433
25842,GOF,0.19915240635300238,0.624973393056764,0.17587420059023354
25843,GOF,0.2358128811140302,0.6343956057133037,0.12979151317266616
25844,GOF,0.06515240350598656,0.6411846448585959,0.29366295163541756
25845,GOF,0.015842868656215776,0.5009727115834449,0.4831844197603393
25846,GOF,0.13408602112471682,0.6891297888986935,0.1767841899765896
25847,GOF,0.12155623260239523,0.7367569608643981,0.14168680653320653
25848,GOF,0.036950052435068825,0.645893877228468,0.3171560703364631
25849,GOF,0.010506526729213598,0.5468657612496577,0.44262771202112877
25850,GOF,0.02222872758453809,0.6429638791568245,0.3348073932586374
25851,GOF,0.01727966134447187,0.5370248996323818,0.4456954390231464
25852,GOF,0.1771646747512929,0.5656590954070819,0.2571762298416252
25853,GOF,0.35038848330869293,0.5767685143329272,0.07284300235837973
25854,GOF,0.021142048271530205,0.580406375730592,0.39845157599787784
25855,GOF,0.040833716508467885,0.5978025120989824,0.3613637713925497
25856,GOF,0.24810629373345594,0.5470086906049503,0.20488501566159384
25857,GOF,0.037091299650955555,0.5032551659507881,0.4596535343982564
25858,GOF,0.022859085992874065,0.5766090907419951,0.40053182326513076
25859,GOF,0.01237568435827026,0.5503649372196623,0.43725937842206747
25860,GOF,0.3942874579409557,0.5233042911836696,0.08240825087537465
25861,GOF,0.37381213827423143,0.5502230580645749,0.0759648036611936
25862,GOF,0.09078112983441186,0.7634876955513575,0.14573117461423066
25863,GOF,0.0957967121825715,0.7651880072929543,0.13901528052447418
25864,GOF,0.22508995124534834,0.6944538526307266,0.08045619612392499
25865,GOF,0.0927252669657177,0.7770050810438007,0.13026965199048143
25866,GOF,0.07236338095693035,0.7885281538513779,0.1391084651916918
25867,GOF,0.10038162599694593,0.7886782022205032,0.11094017178255075
25868,GOF,0.2708719216615902,0.6252813696848867,0.1038467086535232
25869,Neutral,0.6967697249792788,0.26410718672568223,0.03912308829503897
25870,LOF,0.3219113510166444,0.24266113537992662,0.4354275136034289
25871,GOF,0.24176616190914374,0.5978180086344922,0.16041582945636412
25872,GOF,0.09378339507186344,0.6235946215966401,0.28262198333149635
25873,GOF,0.16476063175227354,0.6185311447737587,0.2167082234739677
25874,LOF,0.024510763482318645,0.10461023067112703,0.8708790058465543
25875,LOF,0.08723893225128662,0.06047585607101107,0.8522852116777022
25876,LOF,0.03039189402467874,0.05262683071133167,0.9169812752639896
25877,Neutral,0.5230689931096495,0.07711368936001374,0.3998173175303368
25878,LOF,0.2158940319658317,0.13377646552552971,0.6503295025086385
25879,LOF,0.08387646667622323,0.1408441102883966,0.7752794230353801
25880,LOF,0.02407615754565984,0.028351145252054278,0.9475726972022858
25881,LOF,0.19106970689271757,0.16270992451597005,0.6462203685913124
25882,LOF,0.07965265211887683,0.019757855361404612,0.9005894925197185
25883,LOF,0.07514571458550871,0.02713366063751218,0.897720624776979
25884,LOF,0.04409337016716203,0.04178630600874209,0.9141203238240958
25885,LOF,0.07341100398136005,0.015877728046679054,0.9107112679719608
25886,LOF,0.35325048299215034,0.047290374955197174,0.5994591420526525
25887,LOF,0.17193985093144154,0.09998465490848714,0.7280754941600713
25888,LOF,0.07648211278891205,0.08056133386512193,0.842956553345966
25889,LOF,0.05416946520884279,0.028365474180296127,0.9174650606108611
25890,LOF,0.05130547768196036,0.13801052959892632,0.8106839927191133
25891,LOF,0.04025361326341494,0.058572972901019815,0.9011734138355653
25892,LOF,0.10718173618083578,0.023439613753798553,0.8693786500653657
25893,LOF,0.29879975894587196,0.017918064994950068,0.683282176059178
25894,LOF,0.18387468116756897,0.009620913471688444,0.8065044053607426
25895,LOF,0.19807612453912424,0.02443228722085534,0.7774915882400205
25896,LOF,0.04688378438759296,0.02850255053496585,0.9246136650774412
25897,LOF,0.23542794248039242,0.016566664698677392,0.7480053928209301
25898,Neutral,0.7277893030093461,0.011242085241190967,0.26096861174946306
25899,LOF,0.252509374144946,0.029495749531106962,0.7179948763239471
25900,LOF,0.47205073361062694,0.0195017531449052,0.5084475132444679
25901,LOF,0.05260784934042061,0.016059827071597123,0.9313323235879823
25902,LOF,0.16481253374298113,0.012770810392397226,0.8224166558646216
25903,Neutral,0.5310945443103579,0.03351645004393697,0.43538900564570515
25904,LOF,0.28296714302941445,0.05909160172469793,0.6579412552458875
25905,LOF,0.025883924498320443,0.31471258174946437,0.6594034937522152
25906,LOF,0.022294809151645893,0.07107538730631693,0.906629803542037
25907,LOF,0.015514911095185083,0.3207251892394514,0.6637598996653634
25908,LOF,0.01233999469824,0.2103636756000137,0.7772963297017462
25909,LOF,0.014202352082559381,0.13601941321756048,0.84977823469988
25910,LOF,0.04302546674334652,0.09408776726785434,0.8628867659887991
25911,LOF,0.1400050305813459,0.025745753209229925,0.8342492162094243
25912,LOF,0.0374723192014588,0.046497440921908294,0.9160302398766328
25913,LOF,0.2840214962876699,0.019403432626423866,0.6965750710859062
25914,LOF,0.02567829922174167,0.10709141083739288,0.8672302899408654
25915,Neutral,0.44863790125899,0.2714597639637325,0.2799023347772775
25916,LOF,0.06655553564026336,0.29158877706753417,0.6418556872922024
25917,LOF,0.06613720138037757,0.06336232260583168,0.8705004760137907
25918,LOF,0.03578586539819125,0.05892383211244397,0.9052903024893647
25919,LOF,0.02882903784821841,0.0660951039359073,0.9050758582158743
25920,GOF,0.08321151873664924,0.49862040521399953,0.41816807604935124
25921,LOF,0.030513820843570218,0.02253885952711106,0.9469473196293187
25922,LOF,0.04098165053155843,0.01579637120685424,0.9432219782615873
25923,LOF,0.3846059932909813,0.019337718139197973,0.5960562885698206
25924,LOF,0.04160197231607174,0.026506965120476202,0.931891062563452
25925,LOF,0.06599892912288922,0.025123283282187527,0.9088777875949233
25926,LOF,0.04650284959951039,0.018943194349556335,0.9345539560509334
25927,LOF,0.07423828198063476,0.05986696239873356,0.8658947556206317
25928,LOF,0.02411811843439609,0.030236105775689262,0.9456457757899147
25929,Neutral,0.5215963548459045,0.02044133442956263,0.45796231072453275
25930,LOF,0.056128756411798396,0.015525696453653428,0.9283455471345482
25931,LOF,0.033204404936310564,0.02179721848155693,0.9449983765821326
25932,LOF,0.027701540002515238,0.020505791280514583,0.9517926687169702
25933,LOF,0.036831849916076964,0.011588180373714745,0.9515799697102083
25934,LOF,0.023671803923747056,0.01388768373203659,0.9624405123442163
25935,LOF,0.06352010530685695,0.02858830694881678,0.9078915877443263
25936,LOF,0.045860057149754524,0.017011264342163056,0.9371286785080825
25937,LOF,0.031470785470892944,0.025834714675911318,0.9426944998531958
25938,LOF,0.06300423215451438,0.03421040740973761,0.9027853604357481
25939,LOF,0.03594229965458601,0.012315863567360768,0.9517418367780531
25940,LOF,0.028415009935982134,0.3512083643229525,0.6203766257410654
25941,LOF,0.19869421693088843,0.06789149922093064,0.733414283848181
25942,LOF,0.017403416011778142,0.034063741389034737,0.9485328425991871
25943,LOF,0.3348741041622913,0.05437367519889026,0.6107522206388184
25944,Neutral,0.5018421954285842,0.026876662359646558,0.47128114221176914
25945,LOF,0.08667962168284633,0.02397810209609386,0.8893422762210598
25946,LOF,0.025651106801621835,0.12550584468114992,0.8488430485172282
25947,LOF,0.14046801999020095,0.1839331362300542,0.6755988437797448
25948,LOF,0.46524023814743376,0.019858879240108825,0.5149008826124574
25949,LOF,0.09979229853870353,0.08093102319071564,0.8192766782705808
25950,GOF,0.2822319546258722,0.3839913643369337,0.3337766810371941
25951,LOF,0.24239878376326246,0.218212468154027,0.5393887480827105
25952,LOF,0.05550822665632048,0.4347971679072923,0.5096946054363873
25953,LOF,0.14722480636769683,0.10230483133384514,0.7504703622984581
25954,Neutral,0.44892125486570333,0.17158657461287946,0.37949217052141726
25955,LOF,0.06678459974602863,0.08186920200570921,0.8513461982482622
25956,LOF,0.19540341868611658,0.07587558543087829,0.7287209958830052
25957,LOF,0.041109705969259155,0.02760519743584154,0.9312850965948993
25958,LOF,0.05595445128800174,0.03098202586980454,0.9130635228421936
25959,LOF,0.06947305490916574,0.3572485942966597,0.5732783507941746
25960,LOF,0.022448185159758285,0.0642327294005692,0.9133190854396724
25961,LOF,0.04793293918999506,0.04093182281641447,0.9111352379935904
25962,LOF,0.0640416004491495,0.03128730354321041,0.9046710960076401
25963,LOF,0.05404463376044663,0.1628761267672178,0.7830792394723355
25964,LOF,0.033216633613624126,0.13744753943459925,0.8293358269517767
25965,LOF,0.4297564003955837,0.07830405949323867,0.49193954011117774
25966,Neutral,0.44801053689631537,0.1857306104811815,0.36625885262250324
25967,LOF,0.013238751028682518,0.08166069273628851,0.905100556235029
25968,LOF,0.038631067645516035,0.45543277194986204,0.505936160404622
25969,LOF,0.020022636797060584,0.06597767176182366,0.9139996914411157
25970,LOF,0.05315809545754203,0.058488297982270614,0.8883536065601874
25971,LOF,0.07375176329665681,0.016346783508009305,0.9099014531953339
25972,LOF,0.08091419848011935,0.027556135382902556,0.8915296661369781
25973,LOF,0.08350642724526648,0.009442817917629492,0.907050754837104
25974,LOF,0.22466599473606938,0.024895469352644473,0.7504385359112862
25975,LOF,0.047208648860057774,0.03549285766675611,0.917298493473186
25976,LOF,0.04930719390663682,0.020306876910512524,0.9303859291828507
25977,LOF,0.1490501311216036,0.09760891332992683,0.7533409555484696
25978,LOF,0.10142339361145321,0.07120181483869945,0.8273747915498474
25979,LOF,0.10702249727068958,0.06506315267781627,0.8279143500514942
25980,LOF,0.12811452984340746,0.10027140672890138,0.7716140634276911
25981,LOF,0.15307870950693053,0.09710380362906747,0.7498174868640021
25982,LOF,0.32266707295665464,0.06152713009586507,0.6158057969474803
25983,LOF,0.31781942138372576,0.057573724058918696,0.6246068545573554
25984,LOF,0.04895582628912491,0.07339649163819634,0.8776476820726788
25985,LOF,0.025180904377665406,0.2653792633541956,0.709439832268139
25986,LOF,0.03324200892907721,0.2862942068051915,0.6804637842657313
25987,LOF,0.07571666399046831,0.0876147334665044,0.8366686025430272
25988,LOF,0.12250020505144008,0.06994795396122758,0.8075518409873323
25989,LOF,0.028525185700475426,0.13545114835736569,0.8360236659421589
25990,LOF,0.034607374995745184,0.16281486779207271,0.8025777572121822
25991,GOF,0.18648220134226895,0.4125736174882486,0.4009441811694825
25992,LOF,0.3517304004237604,0.2549856299711707,0.39328396960506895
25993,LOF,0.024755676514353772,0.08013313489306992,0.8951111885925764
25994,LOF,0.01733592873154271,0.12549508862245617,0.8571689826460012
25995,LOF,0.026022582619122946,0.20309072626744462,0.7708866911134324
25996,GOF,0.25285741994762834,0.580125283145181,0.16701729690719064
25997,GOF,0.10163316512558093,0.5998899645590482,0.29847687031537096
25998,Neutral,0.5568678477703322,0.014547207960936056,0.42858494426873184
25999,LOF,0.1136094563696615,0.14142620595998812,0.7449643376703504
26000,LOF,0.1609373692679749,0.03268227053854735,0.8063803601934778
26001,LOF,0.19352107644982,0.040233918703740344,0.7662450048464395
26002,LOF,0.1468510205830364,0.03475874474373889,0.8183902346732248
26003,GOF,0.008493287036073997,0.6390732349680514,0.35243347799587477
26004,GOF,0.02737785595560266,0.7213554392312674,0.2512667048131299
26005,GOF,0.008354324587230193,0.5238969584513741,0.4677487169613957
26006,Neutral,0.48485193152673567,0.3089448608691311,0.2062032076041333
26007,GOF,0.01785573863276012,0.5794249964484184,0.40271926491882154
26008,GOF,0.014137775175290076,0.6300645960028857,0.35579762882182425
26009,GOF,0.020807349765441987,0.6629887864293696,0.31620386380518845
26010,GOF,0.022050153080658955,0.6767739889664336,0.30117585795290747
26011,GOF,0.007041467938817759,0.5409652257288476,0.45199330633233453
26012,GOF,0.013439487664719429,0.6306313104196407,0.3559292019156398
26013,GOF,0.01614132608521328,0.683296263457724,0.30056241045706283
26014,LOF,0.043743698766017955,0.16182695620605836,0.7944293450279237
26015,LOF,0.21820200238381135,0.015962403835749504,0.7658355937804392
26016,LOF,0.2330240834012834,0.06158576911987784,0.7053901474788388
26017,LOF,0.18239763475342802,0.10890106120497049,0.7087013040416015
26018,LOF,0.08128355701702723,0.07155599461958244,0.8471604483633903
26019,LOF,0.07733033175046647,0.05136652147493117,0.8713031467746024
26020,LOF,0.050793590585248696,0.14756385821698925,0.8016425511977621
26021,LOF,0.047409965576859135,0.17622997825655098,0.7763600561665899
26022,LOF,0.011735367916882433,0.07613631600448621,0.9121283160786313
26023,LOF,0.11040910312815012,0.04854518858404075,0.841045708287809
26024,LOF,0.027082184857869677,0.14905243474055474,0.8238653804015756
26025,LOF,0.1466804114875884,0.13855570412745405,0.7147638843849576
26026,LOF,0.3021707574159121,0.0332382162214219,0.664591026362666
26027,LOF,0.08045905531506203,0.03657754220258031,0.8829634024823577
26028,LOF,0.15834039902207434,0.08690867752210255,0.7547509234558231
26029,LOF,0.07746955263709336,0.13725911349072364,0.785271333872183
26030,LOF,0.028232190979168122,0.050854441786322924,0.9209133672345089
26031,LOF,0.03315390215093312,0.11038219076534628,0.8564639070837206
26032,LOF,0.07104519596330404,0.048843551121358755,0.8801112529153372
26033,LOF,0.12428693831661614,0.05822095727465456,0.8174921044087293
26034,LOF,0.04769986553701232,0.12073657613265702,0.8315635583303308
26035,LOF,0.03446542565334828,0.10585957241189169,0.8596750019347601
26036,LOF,0.04853772089263243,0.12843600020821813,0.8230262788991494
26037,LOF,0.029023185202488175,0.08932445073952368,0.8816523640579881
26038,LOF,0.06845803900617778,0.04814842376061316,0.883393537233209
26039,LOF,0.06487924076264216,0.11012605082314823,0.8249947084142095
26040,LOF,0.20780049729193933,0.08735037427864015,0.7048491284294206
26041,LOF,0.02940826850718177,0.08104363402268393,0.8895480974701343
26042,LOF,0.028148438001531852,0.0796591600334468,0.8921924019650213
26043,LOF,0.06700259662496896,0.05820056335257581,0.8747968400224552
26044,LOF,0.024396976347539515,0.06361191550846369,0.9119911081439968
26045,LOF,0.08561732592598237,0.08217837955505167,0.8322042945189659
26046,LOF,0.07086830727941436,0.060396695867152135,0.8687349968534335
26047,LOF,0.10377636667673405,0.06981644756901884,0.8264071857542472
26048,LOF,0.05524735479745594,0.05303904949043241,0.8917135957121116
26049,Neutral,0.9526221993016866,0.007402262810611261,0.039975537887702146
26050,Neutral,0.9293484233889634,0.008483636552636986,0.06216794005839959
26051,LOF,0.05465813777381194,0.36126138417624415,0.5840804780499439
26052,LOF,0.07849547786347437,0.32662716855878987,0.5948773535777359
26053,LOF,0.059957073448604466,0.14952599490435725,0.7905169316470383
26054,LOF,0.0615120554732605,0.03654108177778899,0.9019468627489505
26055,LOF,0.07168969145969666,0.025042892956465782,0.9032674155838375
26056,LOF,0.06388485515366692,0.030011701396628735,0.9061034434497043
26057,LOF,0.032486947328726985,0.017442609618346195,0.9500704430529268
26058,LOF,0.03293114915878721,0.015653048717982013,0.9514158021232308
26059,LOF,0.27463246442156547,0.04300678362447493,0.6823607519539597
26060,LOF,0.03317728575981487,0.24428824993757384,0.7225344643026114
26061,LOF,0.01984859090120506,0.018120950829793883,0.962030458269001
26062,LOF,0.012535673893143764,0.026781333686410405,0.9606829924204457
26063,LOF,0.022581671279731853,0.019321909664984382,0.9580964190552838
26064,LOF,0.025404853964104558,0.024599316943116973,0.9499958290927785
26065,LOF,0.026774606586642432,0.019749689963439142,0.9534757034499184
26066,LOF,0.02148383821238557,0.018747127737594394,0.95976903405002
26067,LOF,0.026759933327612388,0.01271520692879837,0.9605248597435891
26068,LOF,0.04788729352018472,0.05617290570377356,0.8959398007760416
26069,LOF,0.27002977639959425,0.034352164764240335,0.6956180588361655
26070,LOF,0.41153930231779706,0.022913607821305575,0.5655470898608974
26071,LOF,0.023500485186133742,0.019900327969541613,0.9565991868443245
26072,LOF,0.02432235413375025,0.025651175671161812,0.9500264701950879
26073,LOF,0.024771277394616088,0.01750906281629356,0.9577196597890903
26074,Neutral,0.9147320611455605,0.008374078564181403,0.0768938602902581
26075,LOF,0.04508003379519169,0.02204648484936249,0.9328734813554458
26076,LOF,0.04598050317231588,0.013662420973411155,0.940357075854273
26077,LOF,0.01012020054978912,0.02845355873085665,0.9614262407193542
26078,LOF,0.01591640152537572,0.018501938217408895,0.9655816602572155
26079,LOF,0.056433500743568704,0.02788373059781652,0.9156827686586148
26080,LOF,0.05469824859228807,0.027924412376054242,0.9173773390316577
26081,LOF,0.03620716174404253,0.011320438738179018,0.9524723995177784
26082,LOF,0.019406849707291764,0.027234199732780365,0.9533589505599279
26083,LOF,0.13434750408230045,0.020737598419907896,0.8449148974977916
26084,LOF,0.028109012358118766,0.02240756873187669,0.9494834189100044
26085,LOF,0.023279720694135825,0.021064482050529437,0.9556557972553348
26086,LOF,0.026823699685435954,0.01806376271876143,0.9551125375958026
26087,LOF,0.026062193807631195,0.011933177881990902,0.9620046283103778
26088,LOF,0.01874795191157522,0.032132581759241746,0.949119466329183
26089,LOF,0.04770019338823587,0.037481016774713875,0.9148187898370503
26090,LOF,0.04635218737967057,0.02961057892807601,0.9240372336922533
26091,LOF,0.04136374966149903,0.009981660377782885,0.948654589960718
26092,LOF,0.02689888720815565,0.014333801543350984,0.9587673112484932
26093,LOF,0.0381926083885289,0.010100932669540711,0.9517064589419304
26094,LOF,0.042642025321114725,0.01081587582211469,0.9465420988567705
26095,LOF,0.06328791480372518,0.023796352782609453,0.9129157324136653
26096,LOF,0.021366753695574496,0.020541765959700507,0.958091480344725
26097,LOF,0.010479095603330808,0.06692427842821703,0.9225966259684522
26098,LOF,0.07809138592383429,0.02156569918572984,0.9003429148904358
26099,LOF,0.024570096648602848,0.022120546041523605,0.9533093573098734
26100,LOF,0.026042443027042537,0.020919981564654935,0.9530375754083026
26101,LOF,0.057670415125203045,0.020794097247311884,0.921535487627485
26102,LOF,0.02650943607845329,0.021130863547461676,0.952359700374085
26103,Neutral,0.8825698047467746,0.03254025276387338,0.08488994248935199
26104,LOF,0.07051630965234872,0.05396088278721974,0.8755228075604315
26105,LOF,0.23001729447839234,0.23806844782492437,0.5319142576966833
26106,LOF,0.1682969093917264,0.14685029091575197,0.6848527996925217
26107,LOF,0.25559445658075497,0.09544429150695703,0.648961251912288
26108,LOF,0.25038395185847667,0.11679894858148474,0.6328170995600385
26109,LOF,0.06972079485656102,0.14785823616076907,0.7824209689826699
26110,LOF,0.27262780478932325,0.007189096287618226,0.7201830989230585
26111,Neutral,0.49696936499592187,0.018769614377192368,0.4842610206268857
26112,LOF,0.036230213826991604,0.007776755651892263,0.9559930305211161
26113,LOF,0.055142860834982925,0.016465991588714958,0.9283911475763023
26114,LOF,0.01971783953018377,0.018205793205783152,0.962076367264033
26115,LOF,0.07701963923310202,0.03653534682249208,0.886445013944406
26116,LOF,0.05459318480564504,0.027609643172615574,0.9177971720217394
26117,LOF,0.3857960897156028,0.05773594176904696,0.5564679685153503
26118,LOF,0.04188890186619826,0.029020911374360525,0.9290901867594412
26119,LOF,0.024581224857792783,0.037457511423760366,0.9379612637184469
26120,LOF,0.03052798043268556,0.027577965007371773,0.9418940545599427
26121,LOF,0.05854299883442797,0.0793857340069782,0.8620712671585938
