feature0,prediction,LoGoFunc_Neutral,LoGoFunc_GOF,LoGoFunc_LOF
25546,Neutral,0.626344809271507,0.05906515162942632,0.3145900390990666
25547,Neutral,0.4945872758378765,0.0902243969554086,0.41518832720671484
25548,Neutral,0.49668323112117446,0.07571052741375979,0.42760624146506565
25549,LOF,0.4383364533392689,0.07883753223648812,0.482826014424243
25550,LOF,0.3706732883048533,0.10767371072412493,0.5216530009710217
25551,LOF,0.31657382384956273,0.12120388586779246,0.5622222902826448
25552,LOF,0.2803871325697277,0.12130776944326659,0.5983050979870057
25553,Neutral,0.7921598158558687,0.04883896570212895,0.15900121844200238
25554,LOF,0.322985261979075,0.1090886907844459,0.5679260472364791
25555,LOF,0.27510199070683955,0.10421699570103234,0.6206810135921282
25556,Neutral,0.455037878649365,0.09304637357167482,0.45191574777896015
25557,LOF,0.2739838669610754,0.11011003785274068,0.6159060951861838
25558,LOF,0.3328080973021763,0.10642025513969525,0.5607716475581285
25559,LOF,0.2617666113904932,0.15754325352482054,0.5806901350846863
25560,LOF,0.13159822304281418,0.12463536176169111,0.7437664151954948
25561,LOF,0.11437450197747409,0.150277627251584,0.735347870770942
25562,LOF,0.051779180290968396,0.08695600498256043,0.8612648147264711
25563,LOF,0.014826835505272248,0.13330266582102854,0.8518704986736991
25564,LOF,0.13609145210547036,0.11019948060927227,0.7537090672852573
25565,LOF,0.23441199028271847,0.11931536838679854,0.646272641330483
25566,GOF,0.07348408633164122,0.6738157105394137,0.2527002031289451
25567,LOF,0.03593991988536381,0.19227245440875626,0.7717876257058799
25568,LOF,0.05996049044012984,0.10398656714820298,0.836052942411667
25569,LOF,0.0600453084274622,0.09657766981013369,0.8433770217624041
25570,LOF,0.031005725866571104,0.1337485051579872,0.8352457689754418
25571,LOF,0.029667268293156357,0.14130011265363016,0.8290326190532135
25572,LOF,0.0708368017540901,0.15872403647483072,0.7704391617710792
25573,LOF,0.05878614609443727,0.126772703583033,0.8144411503225297
25574,LOF,0.062276948867192955,0.24803207108579173,0.6896909800470152
25575,LOF,0.02464576176124622,0.1537495296782007,0.821604708560553
25576,LOF,0.030938094631974923,0.20218140362229994,0.7668805017457251
25577,LOF,0.03412080615214774,0.1464347208323505,0.8194444730155018
25578,LOF,0.29028473765351803,0.12931806547951383,0.5803971968669681
25579,LOF,0.18410526128951168,0.12484368066976093,0.6910510580407273
25580,LOF,0.02057082514964334,0.10877302878738682,0.8706561460629698
25581,LOF,0.05324147399306878,0.10125442048804095,0.8455041055188902
25582,LOF,0.05308009109025591,0.09960197438025495,0.8473179345294892
25583,LOF,0.02560115460319145,0.11790675561219115,0.8564920897846173
25584,Neutral,0.6589149239690494,0.1637357299880129,0.17734934604293762
25585,LOF,0.02301445616411009,0.16815458905637273,0.8088309547795172
25586,LOF,0.017945321914453322,0.10253689855181135,0.8795177795337354
25587,LOF,0.017634786412109426,0.09374629106282523,0.8886189225250654
25588,LOF,0.021214096157124464,0.10027583518159082,0.8785100686612847
25589,Neutral,0.49628464227878183,0.2750392340287527,0.22867612369246546
25590,LOF,0.050481909994657924,0.1662166805872158,0.7833014094181262
25591,LOF,0.08802576732004859,0.08493882880651192,0.8270354038734394
25592,LOF,0.05581760686527372,0.22019689558137115,0.7239854975533552
25593,LOF,0.09892857638890529,0.3331448988919577,0.567926524719137
25594,LOF,0.04812840967215693,0.10091566650596237,0.8509559238218808
25595,LOF,0.046255179932227636,0.06630465596626926,0.8874401641015032
25596,LOF,0.0964190140562158,0.032770222604221244,0.8708107633395629
25597,LOF,0.07729390851820729,0.0445150457341546,0.8781910457476381
25598,LOF,0.04813955811072435,0.07235111465169342,0.8795093272375822
25599,LOF,0.0236383664656146,0.4044462023858032,0.5719154311485823
25600,GOF,0.17940413342697925,0.4159530090838744,0.4046428574891464
25601,LOF,0.04614298176938054,0.3305941603712146,0.6232628578594049
25602,LOF,0.0363826118577029,0.071400001782642,0.8922173863596551
25603,LOF,0.03997103389669775,0.05023988910616541,0.9097890769971368
25604,LOF,0.03746105980438621,0.09092079188790138,0.8716181483077124
25605,LOF,0.03325102370606346,0.18144303622269703,0.7853059400712395
25606,LOF,0.39164256708010753,0.13159848260399137,0.47675895031590104
25607,LOF,0.02931377793758193,0.17578825027288472,0.7948979717895333
25608,LOF,0.0405992439269854,0.09824063277916914,0.8611601232938454
25609,GOF,0.14233055902529734,0.5382329885878925,0.3194364523868103
25610,LOF,0.016132344941825014,0.048681388301403436,0.9351862667567715
25611,LOF,0.013167993838415114,0.052653981112189545,0.9341780250493953
25612,LOF,0.04678540645277353,0.06721969184035036,0.8859949017068762
25613,LOF,0.04267711502078979,0.0667490694328093,0.8905738155464009
25614,LOF,0.02246227117468085,0.0448291846458063,0.9327085441795128
25615,LOF,0.042376814058262324,0.06558928144719595,0.8920339044945417
25616,LOF,0.04855134484245065,0.04902115477724704,0.9024275003803024
25617,LOF,0.039659044729108806,0.05866414480360969,0.9016768104672814
25618,LOF,0.045099704311496236,0.06731621395379084,0.8875840817347129
25619,LOF,0.012878964123799935,0.058555387784573684,0.9285656480916263
25620,LOF,0.053381543887528846,0.06792745644676741,0.8786909996657037
25621,LOF,0.061749015426895704,0.061449659774991325,0.876801324798113
25622,LOF,0.06441244868135179,0.068638157981899,0.8669493933367493
25623,LOF,0.06839243781047402,0.04732937393306192,0.8842781882564641
25624,LOF,0.018139551236775884,0.05969636624964593,0.9221640825135782
25625,LOF,0.05747425801898407,0.0615293722812802,0.8809963696997357
25626,LOF,0.045426219236845214,0.06410792375742709,0.8904658570057278
25627,Neutral,0.8798082927610645,0.023010270658213632,0.09718143658072183
25628,LOF,0.14853080344799682,0.06356680411410877,0.7879023924378944
25629,LOF,0.0649788911977221,0.05229267240066544,0.8827284364016125
25630,LOF,0.26248962815359284,0.0693326500150356,0.6681777218313716
25631,Neutral,0.5449031687079199,0.06672966903422944,0.38836716225785073
25632,LOF,0.02671818051880582,0.07513461870096773,0.8981472007802265
25633,LOF,0.20579631691377034,0.04928312955533765,0.7449205535308919
25634,LOF,0.03764077842485908,0.09754936201914803,0.8648098595559929
25635,LOF,0.03419557732311158,0.04448765208991354,0.9213167705869749
25636,LOF,0.036223119004016646,0.4617172111243346,0.5020596698716487
25637,GOF,0.053346350356236534,0.526458454929672,0.42019519471409145
25638,LOF,0.028097587034057913,0.4065793946109534,0.5653230183549888
25639,LOF,0.02840966364332289,0.45683954169210583,0.5147507946645712
25640,Neutral,0.8501529346851089,0.09838880656593174,0.0514582587489593
25641,GOF,0.08265236461492617,0.47786338753639285,0.43948424784868106
25642,LOF,0.065985973061709,0.17811123145581487,0.7559027954824762
25643,LOF,0.22268786100411803,0.13010725041697263,0.6472048885789093
25644,GOF,0.012934746887713783,0.4940266203291047,0.4930386327831814
25645,LOF,0.0167599468886053,0.42907363855172487,0.5541664145596699
25646,LOF,0.038114273813252726,0.31563168591353524,0.646254040273212
25647,LOF,0.017413742774984517,0.2459288127123364,0.7366574445126791
25648,LOF,0.018442562911674,0.26366530545612155,0.7178921316322044
25649,LOF,0.01128845747830093,0.21858100073746412,0.770130541784235
25650,LOF,0.03412741455754916,0.4142924244408682,0.5515801610015827
25651,LOF,0.011759373184728883,0.25552106390758555,0.7327195629076855
25652,LOF,0.019177117022089664,0.2710846259966785,0.7097382569812318
25653,LOF,0.053506098440881035,0.43753370721533374,0.5089601943437853
25654,LOF,0.01274557761919293,0.21324409332883276,0.7740103290519742
25655,GOF,0.17807778430079568,0.4405082633308911,0.3814139523683133
25656,LOF,0.3346898199959577,0.10181440736354806,0.5634957726404942
25657,LOF,0.057258222492615966,0.10337059882074316,0.8393711786866408
25658,LOF,0.32321807836878946,0.09030516297997918,0.5864767586512313
25659,Neutral,0.47076548767585796,0.10574099603584074,0.4234935162883012
25660,LOF,0.02379059508527988,0.09884652100036356,0.8773628839143567
25661,LOF,0.09771873766685092,0.06225768924483208,0.840023573088317
25662,LOF,0.0366383622445027,0.03548033197913984,0.9278813057763574
25663,LOF,0.04366921022342535,0.04562606585061929,0.9107047239259555
25664,LOF,0.13599622171788814,0.07063444851877222,0.7933693297633397
25665,LOF,0.06460127510602176,0.030842480270596672,0.9045562446233815
25666,LOF,0.10429154250904141,0.06513412833378981,0.8305743291571688
25667,LOF,0.0745464232294492,0.0406312002965152,0.8848223764740356
25668,LOF,0.03981171974052672,0.051720502482982135,0.9084677777764912
25669,LOF,0.03273552497943124,0.04650468665682458,0.9207597883637443
25670,LOF,0.15011952234482517,0.06331260539769186,0.7865678722574829
25671,LOF,0.12036023813297277,0.03642487942312646,0.8432148824439007
25672,LOF,0.05398397082925646,0.04266204261916183,0.9033539865515817
25673,LOF,0.08766005278939654,0.052554949108548805,0.8597849981020548
25674,LOF,0.07680360874178056,0.0606597316527382,0.8625366596054813
25675,LOF,0.11497358887014428,0.07062606350038798,0.8144003476294677
25676,LOF,0.0193376798208828,0.05580960202952321,0.9248527181495939
25677,LOF,0.02639599675046697,0.0689532654225301,0.9046507378270029
25678,LOF,0.20246406054514085,0.07847132225349755,0.7190646172013615
25679,LOF,0.11672132336897034,0.0823808463112792,0.8008978303197505
25680,LOF,0.03450635947482426,0.11737528245274506,0.8481183580724306
25681,LOF,0.05213218439959413,0.10918005943311407,0.8386877561672917
25682,LOF,0.14760404122249926,0.07882916126995787,0.7735667975075429
25683,LOF,0.11460587935036119,0.09120393066209496,0.7941901899875438
25684,LOF,0.04606313505954544,0.06812762619413294,0.8858092387463216
25685,LOF,0.1311313883203473,0.07552745222646798,0.7933411594531847
25686,LOF,0.09044555426394436,0.11014319536284162,0.799411250373214
25687,LOF,0.13262539041020902,0.11733249115275861,0.7500421184370324
25688,LOF,0.3837591392120438,0.044189392551723286,0.572051468236233
25689,LOF,0.2853290757170415,0.049525857887231364,0.6651450663957271
25690,LOF,0.3460597480753778,0.04072438216047374,0.6132158697641484
25691,Neutral,0.7094210601845213,0.03656124783710055,0.2540176919783782
25692,LOF,0.38339409730653634,0.0139477955581077,0.602658107135356
25693,LOF,0.0387396393397717,0.4363047678226802,0.5249555928375481
25694,LOF,0.1154260603020215,0.018451799648207867,0.8661221400497707
25695,LOF,0.12473010593290665,0.015354325470138626,0.8599155685969546
25696,LOF,0.1276951340205571,0.00969671695043131,0.8626081490290116
25697,LOF,0.09320720030865105,0.04865983906616622,0.8581329606251827
25698,LOF,0.33777995823006157,0.17255900114755704,0.4896610406223814
25699,Neutral,0.5397913741901015,0.04038684081857594,0.41982178499132267
25700,LOF,0.0855852168498535,0.011274735624598594,0.9031400475255479
25701,LOF,0.21107080710330273,0.04274692086503113,0.7461822720316661
25702,GOF,0.191679455658294,0.6004297801515395,0.2078907641901666
25703,LOF,0.01609638343303211,0.12906579697808723,0.8548378195888806
25704,LOF,0.0440246149080665,0.09068441473701781,0.8652909703549156
25705,LOF,0.05909090593993994,0.14689900144763934,0.7940100926124206
25706,LOF,0.11440934488495255,0.4426120093925296,0.44297864572251794
25707,LOF,0.09203078601832018,0.36208559290094455,0.5458836210807353
25708,LOF,0.03757792877789113,0.31769559339869047,0.6447264778234185
25709,LOF,0.0677500064903726,0.04416147665888499,0.8880885168507423
25710,LOF,0.0121432575630005,0.1470719502460598,0.8407847921909396
25711,LOF,0.023371338579223484,0.08151630412311843,0.895112357297658
25712,LOF,0.015523975253800167,0.17615361533057583,0.808322409415624
25713,LOF,0.020298312128485124,0.07932971520222064,0.9003719726692943
25714,LOF,0.07719155378327432,0.07258862748688177,0.8502198187298439
25715,LOF,0.012307852379977731,0.12855090984443673,0.8591412377755856
25716,LOF,0.010988931025544001,0.10688568675714713,0.8821253822173087
25717,LOF,0.014615287057681451,0.06772175223842698,0.9176629607038915
25718,LOF,0.011527852492294464,0.08726150098586896,0.9012106465218366
25719,LOF,0.020608173770987254,0.0796136758934218,0.8997781503355908
25720,LOF,0.026113112239816806,0.07100540702936751,0.9028814807308158
25721,LOF,0.014541553032201638,0.11041885668647164,0.8750395902813267
25722,LOF,0.014853742818015207,0.11177107196799806,0.8733751852139867
25723,LOF,0.025024652948264448,0.046403531075000316,0.9285718159767352
25724,LOF,0.033860664873235975,0.08424239331325993,0.8818969418135041
25725,LOF,0.01204762493906792,0.07772026439863591,0.9102321106622963
25726,LOF,0.016503375490590128,0.11396502315691558,0.8695316013524943
25727,LOF,0.012247538176210807,0.08420925104475961,0.9035432107790295
25728,LOF,0.010689443433767244,0.10534359363601258,0.8839669629302203
25729,LOF,0.011023887143367696,0.10234028269857173,0.8866358301580607
25730,LOF,0.014486409521277048,0.08781707685640334,0.8976965136223196
25731,LOF,0.020735472953129448,0.09543107536437373,0.8838334516824968
25732,LOF,0.014308629555458887,0.07256756238767284,0.9131238080568682
25733,LOF,0.016483177913645092,0.06709130054785854,0.9164255215384963
25734,LOF,0.01119147896516785,0.1152024159032667,0.8736061051315656
25735,LOF,0.01221251966914823,0.07614927430565593,0.9116382060251959
25736,LOF,0.013880997012172158,0.09255637250358824,0.8935626304842395
25737,LOF,0.012645485946300803,0.07498872262589337,0.9123657914278058
25738,LOF,0.0126178018355854,0.10646549628490161,0.880916701879513
25739,LOF,0.02197458821336641,0.07745902728037588,0.9005663845062576
25740,LOF,0.029428191065885425,0.11350149182549536,0.8570703171086191
25741,LOF,0.016430866958405264,0.11221791270367026,0.8713512203379244
25742,LOF,0.13557927985795035,0.07802412637185639,0.7863965937701931
25743,LOF,0.03528816524651733,0.0667916865910585,0.8979201481624242
25744,Neutral,0.6010224884007607,0.23646277768607651,0.16251473391316287
25745,LOF,0.07192140217487483,0.08681709789292404,0.8412614999322011
25746,LOF,0.04225676353072884,0.11761541373216884,0.8401278227371024
25747,LOF,0.02065084298728304,0.08205669708079802,0.8972924599319189
25748,LOF,0.11679519311814696,0.1313976087723682,0.7518071981094848
25749,LOF,0.027575911633422125,0.10010908843028689,0.8723149999362909
25750,LOF,0.07475517123097088,0.10595343661794297,0.819291392151086
25751,LOF,0.08487248869058026,0.14616324513518653,0.7689642661742332
25752,GOF,0.11499522477306565,0.6411002506444005,0.2439045245825339
25753,LOF,0.0244508775006943,0.2646955543802102,0.7108535681190954
25754,GOF,0.014293270663693852,0.7842277500806168,0.20147897925568936
25755,LOF,0.025172297953703928,0.379382788943726,0.59544491310257
25756,LOF,0.05241885384485623,0.3260484833494471,0.6215326628056966
25757,GOF,0.01963385394026918,0.8393761046873269,0.1409900413724041
25758,GOF,0.030253989129830718,0.7666657074532608,0.20308030341690841
25759,GOF,0.011735680515382093,0.5988696978903782,0.3893946215942397
25760,LOF,0.01605813883248212,0.2729760356923422,0.7109658254751756
25761,GOF,0.2569918221949295,0.6393456747364465,0.10366250306862382
25762,LOF,0.04647104867273967,0.24678759540235604,0.7067413559249043
25763,LOF,0.014832521102850731,0.19849630464231077,0.7866711742548385
25764,GOF,0.08396220027847272,0.6120788126883868,0.3039589870331404
25765,GOF,0.042732294302141406,0.7202883218248429,0.2369793838730157
25766,GOF,0.06511032082765555,0.7590238019279286,0.17586587724441569
25767,GOF,0.15361527151113916,0.5475643255792629,0.2988204029095979
25768,LOF,0.10416643087947593,0.05732405453856326,0.8385095145819608
25769,LOF,0.05368935637657923,0.06377382458779182,0.882536819035629
25770,LOF,0.30464419793270187,0.12124999408756304,0.5741058079797351
25771,LOF,0.04562638575308195,0.06113262137573586,0.8932409928711821
25772,LOF,0.0182395956318658,0.0465340263134935,0.9352263780546406
25773,LOF,0.05068100823204995,0.10187229837230886,0.8474466933956413
25774,LOF,0.030266192258368785,0.09461460638223677,0.8751192013593945
25775,LOF,0.051263610639005495,0.05377937193918932,0.8949570174218052
25776,LOF,0.06926775569341541,0.028564607020429806,0.9021676372861547
25777,LOF,0.35801921954784255,0.07910943016686095,0.5628713502852966
25778,LOF,0.07179637226496303,0.04918711929354378,0.8790165084414931
25779,GOF,0.37931638945853124,0.5725388855394119,0.04814472500205692
25780,GOF,0.36261862069313494,0.5706473504566083,0.06673402885025692
25781,GOF,0.16654460560307358,0.7356023762993992,0.09785301809752738
25782,GOF,0.23317368132524469,0.6814397640685798,0.08538655460617556
25783,GOF,0.023354921162340645,0.6396182620213838,0.3370268168162755
25784,Neutral,0.4955189963113929,0.4595817552946325,0.044899248393974474
25785,Neutral,0.499720411500199,0.4599016916938894,0.040377896805911646
25786,GOF,0.0329839734088005,0.7436392744010619,0.22337675219013747
25787,Neutral,0.6727308119919231,0.3021318922181806,0.025137295789896468
25788,LOF,0.056138005568919236,0.10812932231055034,0.8357326721205304
25789,GOF,0.2541476940451183,0.6151276387916074,0.1307246671632744
25790,GOF,0.252584452569231,0.6596101197478388,0.08780542768293022
25791,GOF,0.17422876604293405,0.6729724055123418,0.1527988284447241
25792,GOF,0.37955056294021927,0.5084163559252408,0.11203308113453989
25793,GOF,0.28578948360189355,0.5022484065228354,0.21196210987527103
25794,GOF,0.3391166545927702,0.49584856733982013,0.16503477806740965
25795,GOF,0.08369823346610498,0.6939249611038756,0.22237680543001945
25796,Neutral,0.5522677926169953,0.3684302289530147,0.07930197842998993
25797,GOF,0.08373086655015301,0.5213021376513031,0.39496699579854394
25798,GOF,0.008804059366598773,0.5195036747225515,0.47169226591084973
25799,LOF,0.007486141133714837,0.4327984213463758,0.5597154375199093
25800,GOF,0.03367443089481182,0.5950808265393698,0.37124474256581846
25801,GOF,0.23884395583389054,0.6443375101585948,0.11681853400751459
25802,GOF,0.06684443422965027,0.7040857300980173,0.22906983567233233
25803,GOF,0.040364050235232374,0.572910836406521,0.3867251133582466
25804,GOF,0.035921960281432685,0.5073943695249674,0.45668367019359984
25805,GOF,0.11428285865379517,0.5713825284897066,0.3143346128564983
25806,GOF,0.12234906366453759,0.5797217671705933,0.2979291691648692
25807,GOF,0.021150491168252704,0.5929873671421647,0.38586214168958255
25808,GOF,0.10425930157141114,0.5944524177508019,0.30128828067778685
25809,GOF,0.02219315062287466,0.6059236386435406,0.3718832107335848
25810,GOF,0.02195707486498399,0.6223713671305321,0.355671558004484
25811,GOF,0.46098331717481633,0.4677941743523816,0.07122250847280225
25812,GOF,0.03588168478791811,0.631151527837771,0.332966787374311
25813,Neutral,0.5608985670381588,0.3426738870131484,0.0964275459486929
25814,GOF,0.1501322625858255,0.6292844100307694,0.22058332738340503
25815,GOF,0.21307519742477524,0.6002833769349889,0.18664142564023586
25816,GOF,0.02191420126308961,0.6554684998442921,0.32261729889261825
25817,GOF,0.25789219353131926,0.5940929537130942,0.14801485275558643
25818,GOF,0.05337186118966619,0.5964368977602261,0.3501912410501077
25819,GOF,0.3880709559834263,0.45091194043712185,0.16101710357945195
25820,GOF,0.18341098983076023,0.5912799492848954,0.22530906088434446
25821,GOF,0.06265603043619773,0.6547411229550167,0.2826028466087855
25822,GOF,0.2045791851539582,0.5293336798956297,0.2660871349504122
25823,GOF,0.031774240635533656,0.5051714593105555,0.4630543000539108
25824,GOF,0.0774356360781764,0.5649106318936044,0.35765373202821926
25825,GOF,0.03068460948391441,0.5564386002399133,0.4128767902761723
25826,GOF,0.011008495777105066,0.5315173137981862,0.45747419042470866
25827,GOF,0.023507655937576033,0.6045025040850366,0.3719898399773875
25828,GOF,0.014407098676518041,0.510689842582704,0.47490305874077793
25829,GOF,0.006884488034018075,0.5689298427180155,0.42418566924796647
25830,LOF,0.03838648026937253,0.2609870562121769,0.7006264635184506
25831,GOF,0.19948255565599615,0.6545461417916353,0.14597130255236862
25832,GOF,0.028913596066661322,0.6636739331753302,0.3074124707580086
25833,GOF,0.10902666860522141,0.6795167172923176,0.21145661410246094
25834,GOF,0.03706801273351367,0.6629332840768359,0.2999987031896503
25835,GOF,0.08543820170335355,0.6930504707000349,0.22151132759661166
25836,GOF,0.041186584658053096,0.6544014730231594,0.30441194231878743
25837,GOF,0.02463991262798296,0.5325929625275364,0.4427671248444806
25838,GOF,0.07909399546133383,0.7223852330804648,0.1985207714582015
25839,GOF,0.2929945984255265,0.5604939732432997,0.14651142833117375
25840,GOF,0.22174057075816406,0.6006205323661947,0.1776388968756412
25841,GOF,0.23662004612133183,0.588801812986232,0.17457814089243623
25842,GOF,0.18378838583408896,0.6633368658983314,0.15287474826757969
25843,GOF,0.22528943718266126,0.656692734263474,0.11801782855386479
25844,GOF,0.06118192304389638,0.6665225532831976,0.27229552367290594
25845,GOF,0.015122241146265114,0.5188161808999195,0.4660615779538154
25846,GOF,0.11980921010089454,0.6954017335031984,0.18478905639590704
25847,GOF,0.13988495036552248,0.7356556977063159,0.12445935192816161
25848,GOF,0.033168857236908766,0.6688537308536787,0.29797741190941257
25849,GOF,0.010379893521249765,0.562077775744541,0.42754233073420933
25850,GOF,0.02114380045084327,0.6370354982025084,0.3418207013466484
25851,GOF,0.016422601367131452,0.5279278456096093,0.4556495530232593
25852,GOF,0.16619677519185816,0.5973298713851519,0.23647335342299008
25853,GOF,0.3794517462780523,0.5494616906543641,0.07108656306758357
25854,GOF,0.02161243841019553,0.6057157412387932,0.37267182035101115
25855,GOF,0.03154740807757643,0.5710709069096257,0.39738168501279786
25856,GOF,0.23150052789478048,0.5287756550084303,0.23972381709678925
25857,GOF,0.03153332975433022,0.4925311080019727,0.47593556224369704
25858,GOF,0.019097808345639088,0.5656034335863969,0.41529875806796407
25859,GOF,0.010431872683632598,0.5475075298027201,0.44206059751364735
25860,GOF,0.39150128492257413,0.528206948238709,0.08029176683871683
25861,GOF,0.4317955997124892,0.48776210874100107,0.08044229154650981
25862,GOF,0.11694713506196212,0.7290741724130786,0.15397869252495944
25863,GOF,0.10381281793923618,0.743908276660681,0.15227890540008274
25864,GOF,0.25042333448803744,0.6685174813754684,0.08105918413649424
25865,GOF,0.09819249648373254,0.7772311397259791,0.12457636379028829
25866,GOF,0.07596872095836787,0.7845785840801147,0.1394526949615174
25867,GOF,0.11495429697120656,0.7735300016925563,0.11151570133623723
25868,GOF,0.2713251557798748,0.6231655883434213,0.10550925587670383
25869,Neutral,0.6948965995838186,0.2609976581420873,0.04410574227409406
25870,LOF,0.2925790281049498,0.3024033027702601,0.40501766912479015
25871,GOF,0.22267691964603661,0.6113757794602341,0.1659473008937292
25872,GOF,0.08956444136748706,0.6153293330761862,0.29510622555632676
25873,GOF,0.16217736172734665,0.6013511178493234,0.23647152042333
25874,LOF,0.01855968994143336,0.1251105504438175,0.8563297596147492
25875,LOF,0.09414302901425997,0.038949695060794425,0.8669072759249455
25876,LOF,0.042235777240546654,0.03997358943653747,0.9177906333229159
25877,Neutral,0.5083552736248163,0.04157103315014041,0.45007369322504337
25878,LOF,0.21444149051321043,0.07369806006141216,0.7118604494253775
25879,LOF,0.09056942555186942,0.07267215704975057,0.8367584173983801
25880,LOF,0.024594836136318052,0.019244999700162562,0.9561601641635195
25881,LOF,0.1858286976364572,0.1021374484186571,0.7120338539448857
25882,LOF,0.07584773756357524,0.014930940873311151,0.9092213215631136
25883,LOF,0.09051086687991917,0.016125579571469446,0.8933635535486113
25884,LOF,0.042033532698592016,0.02585872658664484,0.9321077407147631
25885,LOF,0.0742208380862125,0.009513235808284995,0.9162659261055025
25886,LOF,0.356483069790013,0.02807310760332528,0.6154438226066619
25887,LOF,0.16622001049363122,0.05757294487769356,0.7762070446286753
25888,LOF,0.07810483126461659,0.051319990005918845,0.8705751787294644
25889,LOF,0.05227861070443849,0.017251427536727853,0.9304699617588337
25890,LOF,0.050279178810186884,0.13726460022516834,0.8124562209646448
25891,LOF,0.0479102426150459,0.048476388326904596,0.9036133690580496
25892,LOF,0.10270220845188492,0.02097401481605552,0.8763237767320595
25893,LOF,0.26860526406442975,0.015810536094331598,0.7155841998412387
25894,LOF,0.21541916251001605,0.00911509030589705,0.7754657471840869
25895,LOF,0.23477041086180844,0.01772241183963191,0.7475071772985596
25896,LOF,0.0495340313003366,0.020869596523733432,0.9295963721759299
25897,LOF,0.26455946845708445,0.011935423523312389,0.7235051080196032
25898,Neutral,0.7200212420897614,0.00893679513139243,0.2710419627788461
25899,LOF,0.24817718562914726,0.023829767914574262,0.7279930464562785
25900,LOF,0.4646179058591755,0.01652676537432482,0.5188553287664996
25901,LOF,0.06064847282819743,0.01101072792252697,0.9283407992492757
25902,LOF,0.18427131576039346,0.010896079560639605,0.8048326046789669
25903,Neutral,0.5429274827748632,0.025805085223267823,0.43126743200186896
25904,LOF,0.28771039421654,0.04800104862660737,0.6642885571568526
25905,LOF,0.024011884071812095,0.31018816225604623,0.6657999536721416
25906,LOF,0.02544131228957683,0.06655620847338614,0.908002479237037
25907,LOF,0.015712914560166855,0.30835648980210817,0.6759305956377251
25908,LOF,0.011088771662809594,0.21730842855438928,0.7716027997828012
25909,LOF,0.013864326799254615,0.13209975512924355,0.8540359180715019
25910,LOF,0.0461764986827721,0.13435237284538307,0.8194711284718448
25911,LOF,0.15118924040176715,0.030426255999842722,0.8183845035983901
25912,LOF,0.04327229337726551,0.04610423260890769,0.9106234740138268
25913,LOF,0.3112459967253949,0.023333809914442807,0.6654201933601622
25914,LOF,0.02127265814477663,0.1216146199911234,0.8571127218640999
25915,Neutral,0.3936964862410898,0.38981829146982766,0.21648522228908254
25916,LOF,0.053882926383157274,0.420975172363017,0.5251419012538256
25917,LOF,0.05732111944715185,0.08158084890198848,0.8610980316508597
25918,LOF,0.03124244545504643,0.07883356467090526,0.8899239898740483
25919,LOF,0.024141655124560173,0.08006498989348623,0.8957933549819537
25920,GOF,0.10799575780598408,0.5478830354284057,0.34412120676561025
25921,LOF,0.026905670290057755,0.022769018774394502,0.9503253109355478
25922,LOF,0.03895801168759145,0.015599778972317162,0.9454422093400913
25923,LOF,0.4257789674493437,0.019666340212671544,0.5545546923379848
25924,LOF,0.03973094264608464,0.03203984280668858,0.9282292145472266
25925,LOF,0.06902842425928189,0.02344083633660273,0.9075307394041153
25926,LOF,0.05051740973424182,0.01761322396032055,0.9318693663054377
25927,LOF,0.07489282357380882,0.06533805950838639,0.8597691169178048
25928,LOF,0.021309384707249798,0.03227567475286039,0.9464149405398898
25929,Neutral,0.5619247600851396,0.02142565605197871,0.4166495838628817
25930,LOF,0.05851455606481911,0.01685825192095271,0.9246271920142283
25931,LOF,0.029832902723578074,0.01926790536213087,0.9508991919142911
25932,LOF,0.027661617453307457,0.0183357722853027,0.9540026102613899
25933,LOF,0.040305862481834716,0.012295795001000295,0.9473983425171649
25934,LOF,0.024768023034608396,0.014776687859336595,0.960455289106055
25935,LOF,0.06288459339607921,0.026451317578836935,0.9106640890250839
25936,LOF,0.049732138133423816,0.01811073830428858,0.9321571235622876
25937,LOF,0.027842191795223847,0.02496308396500004,0.9471947242397761
25938,LOF,0.064538501884123,0.03020359686998092,0.905257901245896
25939,LOF,0.04009167527131994,0.011383791595621353,0.9485245331330586
25940,LOF,0.030522915217741288,0.36124462410532443,0.6082324606769343
25941,LOF,0.18019745318682046,0.09323919897245891,0.7265633478407206
25942,LOF,0.017301476938955916,0.03462497673939887,0.9480735463216452
25943,LOF,0.3332783032858838,0.05986243677715859,0.6068592599369576
25944,Neutral,0.48820743562018365,0.028739731582190738,0.4830528327976256
25945,LOF,0.07155082139373296,0.02141656915236275,0.9070326094539043
25946,LOF,0.030635513908987586,0.11228432679258803,0.8570801592984244
25947,LOF,0.12137446575659393,0.1959924816910741,0.682633052552332
25948,LOF,0.440438477311856,0.01325279612913036,0.5463087265590136
25949,LOF,0.10591215967020136,0.04957394289992083,0.8445138974298777
25950,GOF,0.27703241313798854,0.41382120978104336,0.309146377080968
25951,LOF,0.2681893068583455,0.22393060660202146,0.5078800865396331
25952,LOF,0.04656011030315941,0.4307603058092589,0.5226795838875817
25953,LOF,0.13401985378677406,0.1126918633338656,0.7532882828793603
25954,Neutral,0.42260359077768633,0.21584586613631698,0.3615505430859966
25955,LOF,0.06293719058139807,0.08711983070789003,0.849942978710712
25956,LOF,0.1884574172300317,0.08799565970015286,0.7235469230698155
25957,LOF,0.044146766167414225,0.033237311481329815,0.922615922351256
25958,LOF,0.0615128672070063,0.026759326911813906,0.9117278058811797
25959,LOF,0.06910215548710488,0.3212505377017911,0.609647306811104
25960,LOF,0.02093413651585573,0.05346799309664309,0.9255978703875012
25961,LOF,0.0511195940985425,0.029042020299764503,0.919838385601693
25962,LOF,0.04768373154648833,0.032391026177328266,0.9199252422761834
25963,LOF,0.05116341489490206,0.1893712589553909,0.759465326149707
25964,LOF,0.035519387497795665,0.14025181667802403,0.8242287958241803
25965,LOF,0.436348548140191,0.08375962996692016,0.4798918218928887
25966,LOF,0.43377426160163296,0.1247005010928925,0.4415252373054745
25967,LOF,0.01296239221004555,0.0656921878409301,0.9213454199490244
25968,LOF,0.031108752384917646,0.4804701946173909,0.48842105299769145
25969,LOF,0.02434734025495343,0.06096001218066619,0.9146926475643805
25970,LOF,0.06286295211264036,0.04974235733552312,0.8873946905518366
25971,LOF,0.08238950909902627,0.014713154939849787,0.902897335961124
25972,LOF,0.08293395285018745,0.01913884526502426,0.8979272018847884
25973,LOF,0.09411571972385399,0.0075100929282566915,0.8983741873478894
25974,LOF,0.19824555024742235,0.01826594751203689,0.7834885022405408
25975,LOF,0.05859645511035651,0.02643150526390374,0.9149720396257397
25976,LOF,0.04951712799596783,0.013143292538137102,0.9373395794658952
25977,LOF,0.1609769761966917,0.09943123337634821,0.7395917904269601
25978,LOF,0.1371239260837676,0.04281001383139337,0.8200660600848391
25979,LOF,0.13679313718292763,0.04438039733966562,0.8188264654774067
25980,LOF,0.1868184083427919,0.058735328951087254,0.7544462627061208
25981,LOF,0.21469543996989246,0.05694151805679129,0.7283630419733162
25982,LOF,0.38719785114350797,0.038975419246655464,0.5738267296098366
25983,LOF,0.3726987943059101,0.0359688499714894,0.5913323557226005
25984,LOF,0.0562084668766406,0.05294680991957917,0.8908447232037802
25985,LOF,0.03028765435147203,0.21389673343471233,0.7558156122138155
25986,LOF,0.04370246759987759,0.2374904302574409,0.7188071021426816
25987,LOF,0.0885183996401217,0.06483756560019993,0.8466440347596783
25988,LOF,0.14306374727210927,0.0573937775518977,0.7995424751759931
25989,LOF,0.03149064156294081,0.10860010395047658,0.8599092544865827
25990,LOF,0.04000152588528766,0.1397978428047397,0.8202006313099726
25991,LOF,0.2001861738407958,0.2610599750801121,0.5387538510790921
25992,LOF,0.3548882857354585,0.15442884169804633,0.4906828725664953
25993,LOF,0.024511821284776233,0.07327900614637735,0.9022091725688464
25994,LOF,0.018541284053611853,0.1149138681911883,0.8665448477551999
25995,LOF,0.02635362278545669,0.1980409217909969,0.7756054554235464
25996,GOF,0.29440666924532055,0.43538556045178844,0.27020777030289106
25997,GOF,0.11429918992402997,0.47802172054730224,0.4076790895286679
25998,Neutral,0.5126143507964391,0.025563541661898614,0.46182210754166236
25999,LOF,0.10926650068469188,0.10833660810527806,0.7823968912100301
26000,LOF,0.16741475921588153,0.03219166317729931,0.8003935776068191
26001,LOF,0.201802944196107,0.029561033264091874,0.7686360225398011
26002,LOF,0.13669832471122736,0.034094727423658114,0.8292069478651145
26003,GOF,0.010880316706281921,0.5511794696814761,0.4379402136122419
26004,GOF,0.028733583039465917,0.644651831042049,0.32661458591848525
26005,LOF,0.009635861095535556,0.42640795270865867,0.5639561861958058
26006,Neutral,0.5180592719668622,0.2261764542786571,0.25576427375448063
26007,GOF,0.022714405006910767,0.49861169339508904,0.4786739015980001
26008,GOF,0.022087739307308753,0.5275435775192506,0.4503686831734407
26009,GOF,0.02651490466309423,0.575178625334684,0.3983064700022217
26010,GOF,0.029861997195058988,0.5892615412170352,0.3808764615879058
26011,LOF,0.007778494833033412,0.4292129588013512,0.5630085463656155
26012,GOF,0.018296097011811552,0.493523029009074,0.48818087397911436
26013,GOF,0.023299011840318767,0.5735075713236649,0.4031934168360163
26014,LOF,0.04489580371273451,0.15089283302838113,0.8042113632588843
26015,LOF,0.22102323694882967,0.008339126565157161,0.7706376364860131
26016,LOF,0.22435925922725267,0.045027541595227205,0.7306131991775201
26017,LOF,0.2429363775174864,0.06672720356745358,0.69033641891506
26018,LOF,0.10572223453720327,0.03398188158384519,0.8602958838789516
26019,LOF,0.1007462456491219,0.025445249877673957,0.8738085044732041
26020,LOF,0.0674538156964506,0.10277427665908623,0.8297719076444632
26021,LOF,0.04375612011030865,0.11500726933340386,0.8412366105562875
26022,LOF,0.012420681984981072,0.03655202229441085,0.9510272957206081
26023,LOF,0.12503274246696233,0.020942010431334607,0.8540252471017031
26024,LOF,0.029215733066700417,0.10880721135986503,0.8619770555734344
26025,LOF,0.16152015072156,0.09055996620068754,0.7479198830777524
26026,LOF,0.3393853226258653,0.023077434478242613,0.6375372428958921
26027,LOF,0.09364915215758951,0.014798454663295265,0.8915523931791152
26028,LOF,0.15747436344097937,0.06828500268949592,0.7742406338695248
26029,LOF,0.06748378532070441,0.1920814166654158,0.7404347980138798
26030,LOF,0.023821093154335563,0.06314872439439786,0.9130301824512667
26031,LOF,0.02688374153038789,0.1449029659308308,0.8282132925387813
26032,LOF,0.06449475066765074,0.063165613520984,0.8723396358113651
26033,LOF,0.11993675804979854,0.0771530435812631,0.8029101983689384
26034,LOF,0.04217827124313122,0.16281298398415314,0.7950087447727157
26035,LOF,0.025467533139084904,0.15087546931231147,0.8236569975486037
26036,LOF,0.03684420186385315,0.17387118995787984,0.7892846081782671
26037,LOF,0.02123883245853931,0.12995885613930752,0.8488023114021531
26038,LOF,0.05919338222777208,0.06620948707349124,0.8745971306987367
26039,LOF,0.05327354459506553,0.16214643722630212,0.7845800181786324
26040,LOF,0.18233497914318073,0.12385148782222954,0.6938135330345898
26041,LOF,0.02239881592176968,0.1167151559315106,0.8608860281467198
26042,LOF,0.021922843813860633,0.11523457408831474,0.8628425820978245
26043,LOF,0.0587319174396643,0.07974897994003434,0.8615191026203013
26044,LOF,0.01987579179571457,0.07810096265784192,0.9020232455464434
26045,LOF,0.06918284886286499,0.10872631813658008,0.8220908330005549
26046,LOF,0.060253465869490104,0.07826656322258828,0.8614799709079216
26047,LOF,0.08651678793078228,0.08285371828942609,0.8306294937797916
26048,LOF,0.049456103952926725,0.049387084754587744,0.9011568112924856
26049,Neutral,0.9564985265586144,0.00919081355720097,0.03431065988418464
26050,Neutral,0.9383222323579201,0.011435971095194866,0.050241796546885015
26051,LOF,0.04289766102065481,0.2668885678339068,0.6902137711454384
26052,LOF,0.07088248640729335,0.2904289332881467,0.6386885803045599
26053,LOF,0.057844710673053225,0.128438486595224,0.8137168027317229
26054,LOF,0.061364566264528186,0.019670084281068635,0.9189653494544031
26055,LOF,0.07725594583533821,0.015587893649901948,0.9071561605147598
26056,LOF,0.06168386217552161,0.01714189138696016,0.9211742464375183
26057,LOF,0.03468768216674081,0.010931601751541193,0.954380716081718
26058,LOF,0.035966300017181714,0.008400559758000274,0.9556331402248179
26059,LOF,0.2995534542609304,0.025954459970182756,0.6744920857688869
26060,LOF,0.033168160931985644,0.17953036682088397,0.7873014722471304
26061,LOF,0.019155867560606107,0.011179988889552494,0.9696641435498414
26062,LOF,0.012621873005384246,0.019028734507519112,0.9683493924870966
26063,LOF,0.024097750023469693,0.012439081428043147,0.9634631685484871
26064,LOF,0.02513868113780896,0.019332000144636954,0.9555293187175542
26065,LOF,0.027316084685402354,0.011498040218882096,0.9611858750957155
26066,LOF,0.022007328718015456,0.011355929136028458,0.9666367421459561
26067,LOF,0.029521385403305855,0.008414168756862754,0.9620644458398313
26068,LOF,0.04944498043341325,0.030681524512957137,0.9198734950536296
26069,LOF,0.2681079857172643,0.0175528021912888,0.7143392120914469
26070,LOF,0.3941336210832568,0.013526562004123534,0.5923398169126196
26071,LOF,0.026981916679997813,0.012431432237918436,0.9605866510820837
26072,LOF,0.023971141514028075,0.018437257001248195,0.9575916014847237
26073,LOF,0.027208521255717082,0.010772346470218408,0.9620191322740647
26074,Neutral,0.9124263766090492,0.005640351109234504,0.08193327228171617
26075,LOF,0.04854534449860296,0.014355914197202313,0.9370987413041947
26076,LOF,0.04915133840051105,0.008670137966183676,0.9421785236333052
26077,LOF,0.009624523349828462,0.01787722429570766,0.9724982523544639
26078,LOF,0.014468848960172481,0.011425402561050175,0.9741057484787774
26079,LOF,0.06403165180586017,0.016949363495029315,0.9190189846991105
26080,LOF,0.06316700978529917,0.016959942158952676,0.9198730480557482
26081,LOF,0.04296420468024872,0.005965978178589671,0.9510698171411617
26082,LOF,0.018140695833251553,0.015529941995159223,0.9663293621715892
26083,LOF,0.1422969118039129,0.011370070780988017,0.8463330174150991
26084,LOF,0.02927049476037367,0.012196332806352636,0.9585331724332736
26085,LOF,0.023924962796539103,0.011488226255074932,0.9645868109483859
26086,LOF,0.026744615760802195,0.011373931543407097,0.9618814526957906
26087,LOF,0.030206358312511877,0.007861159646106565,0.9619324820413815
26088,LOF,0.017288853929600865,0.02550472751400437,0.9572064185563947
26089,LOF,0.04753143121397092,0.02285813600928338,0.9296104327767458
26090,LOF,0.04557152600164902,0.017987740709469728,0.9364407332888813
26091,LOF,0.04339474650308965,0.006327384966026512,0.9502778685308838
26092,LOF,0.02862007713563125,0.008039603945481583,0.9633403189188872
26093,LOF,0.04412803622539052,0.005921595398947464,0.9499503683756622
26094,LOF,0.04444817298849656,0.006707086631918043,0.9488447403795853
26095,LOF,0.049554893498967315,0.013312108477083303,0.9371329980239494
26096,LOF,0.021009299198003838,0.01128506580040732,0.9677056350015889
26097,LOF,0.011959521397683994,0.038953700759393445,0.9490867778429226
26098,LOF,0.07443332552411504,0.012201434694584703,0.9133652397813002
26099,LOF,0.026039042977283218,0.01159793993129547,0.9623630170914214
26100,LOF,0.027982948260374396,0.011098156671926674,0.960918895067699
26101,LOF,0.06020581341642357,0.011150972510740353,0.9286432140728361
26102,LOF,0.027800198856284784,0.012707773875920937,0.9594920272677944
26103,Neutral,0.8897316467612085,0.017477339958177785,0.09279101328061365
26104,LOF,0.08251570380187714,0.02950184062370341,0.8879824555744195
26105,LOF,0.22936821651546616,0.2554880089382834,0.5151437745462505
26106,LOF,0.19435484288769486,0.12513560062605553,0.6805095564862497
26107,LOF,0.2654742016018553,0.09206518904072036,0.6424606093574242
26108,LOF,0.24640541680937086,0.13356162130187385,0.6200329618887553
26109,LOF,0.08390601852745996,0.08699695578572693,0.8290970256868132
26110,LOF,0.2534156544563737,0.006289312736530131,0.7402950328070961
26111,LOF,0.48750300527150503,0.016314755436246754,0.4961822392922481
26112,LOF,0.03424760725242066,0.007086894087418528,0.9586654986601608
26113,LOF,0.05976716465803603,0.013358113926871749,0.9268747214150922
26114,LOF,0.028870054196055022,0.02644328220526748,0.9446866635986776
26115,LOF,0.09804695702948905,0.07284922181977954,0.8291038211507316
26116,LOF,0.0668716557225883,0.059292491227395445,0.8738358530500162
26117,LOF,0.42428275002389804,0.05722905470899658,0.5184881952671054
26118,LOF,0.039650962519834375,0.031195723524986632,0.929153313955179
26119,LOF,0.022399674921363782,0.04681175816571008,0.9307885669129261
26120,LOF,0.030828252532438774,0.03106492517502824,0.9381068222925331
26121,LOF,0.05727150003620274,0.09616754137091484,0.8465609585928824
26122,LOF,0.045664985149595355,0.054516449312970186,0.8998185655374346
