feature0,prediction,LoGoFunc_Neutral,LoGoFunc_GOF,LoGoFunc_LOF
25546,Neutral,0.6317540381525789,0.06358995876850228,0.30465600307891877
25547,Neutral,0.47598808491269445,0.10871965537925575,0.4152922597080499
25548,Neutral,0.4743523300840477,0.09244310063462523,0.43320456928132717
25549,LOF,0.39906683946633914,0.09567866510790486,0.505254495425756
25550,LOF,0.3371369340158464,0.12821439915214694,0.5346486668320067
25551,LOF,0.28334117752654714,0.14495115956806273,0.5717076629053901
25552,LOF,0.25715247703827204,0.14913318606936937,0.5937143368923586
25553,Neutral,0.7925721377267125,0.05340495399129286,0.1540229082819946
25554,LOF,0.28747687300631386,0.13912272262985914,0.573400404363827
25555,LOF,0.2559371409770058,0.12861061548840572,0.6154522435345885
25556,LOF,0.41721153184541154,0.11849428393023914,0.46429418422434926
25557,LOF,0.24917966673665343,0.13703377520227172,0.6137865580610748
25558,LOF,0.29795830237986354,0.13392193998320595,0.5681197576369305
25559,LOF,0.2573061919674029,0.12745380968556677,0.6152399983470302
25560,LOF,0.12714516510761806,0.1254976065116409,0.747357228380741
25561,LOF,0.1285183197079175,0.1740872183345016,0.6973944619575809
25562,LOF,0.05239547572963329,0.08504552375459991,0.862559000515767
25563,LOF,0.014985822029074582,0.1425735923518477,0.8424405856190778
25564,LOF,0.1275533244376239,0.10101882685036417,0.771427848712012
25565,LOF,0.177101695213734,0.15169572879477686,0.6712025759914891
25566,GOF,0.05529407828772588,0.6389691352923651,0.3057367864199091
25567,LOF,0.03642658351053444,0.18329100754441882,0.7802824089450467
25568,LOF,0.05655689652845536,0.09418694247091029,0.8492561610006343
25569,LOF,0.06152084469527327,0.08695985105242676,0.8515193042522999
25570,LOF,0.030448486213201065,0.1217515906941279,0.847799923092671
25571,LOF,0.02772603713143105,0.12841909598166934,0.8438548668868996
25572,LOF,0.06655001377816686,0.1486860366412858,0.7847639495805473
25573,LOF,0.05801762306576758,0.12184479767242562,0.8201375792618067
25574,LOF,0.06190350678575572,0.2591401029109321,0.6789563903033121
25575,LOF,0.023522795676908514,0.13135210635901035,0.8451250979640812
25576,LOF,0.028908849437210497,0.18754155309631115,0.7835495974664783
25577,LOF,0.03344403798150261,0.14481142693585666,0.8217445350826408
25578,LOF,0.29080186605772596,0.1137413502632924,0.5954567836789816
25579,LOF,0.18716728004094663,0.10782630381607096,0.7050064161429824
25580,LOF,0.021070413989620642,0.09003740264247863,0.8888921833679008
25581,LOF,0.050324904726123186,0.08766554481321517,0.8620095504606617
25582,LOF,0.05012194585212105,0.08531277037920625,0.8645652837686728
25583,LOF,0.02460342920497448,0.11551502239781587,0.8598815483972096
25584,Neutral,0.7044223415927077,0.15613541650974738,0.13944224189754492
25585,LOF,0.023212282576708262,0.18246305839749613,0.7943246590257955
25586,LOF,0.018153965419957098,0.10162082121257841,0.8802252133674645
25587,LOF,0.018117628312278967,0.08670284462872392,0.8951795270589972
25588,LOF,0.021915410877654407,0.0988094107272427,0.879275178395103
25589,Neutral,0.5111750863605686,0.2716349701292758,0.21718994351015558
25590,LOF,0.05144949756788554,0.13979924212640596,0.8087512603057085
25591,LOF,0.08548772205858383,0.07599998946505818,0.838512288476358
25592,LOF,0.05958603830685951,0.18080401549553435,0.7596099461976061
25593,LOF,0.11402624386727493,0.32335590706816186,0.5626178490645632
25594,LOF,0.05392227078831261,0.05247953329926143,0.893598195912426
25595,LOF,0.05393007428263433,0.03414796994098371,0.9119219557763819
25596,LOF,0.12234121158865174,0.0193649921827011,0.8582937962286471
25597,LOF,0.08474662765067176,0.023040410092669144,0.892212962256659
25598,LOF,0.051920172643261576,0.040916053422742536,0.9071637739339958
25599,LOF,0.027203685941993773,0.40345037647514015,0.5693459375828661
25600,LOF,0.18550398970296558,0.3943838672031882,0.4201121430938462
25601,LOF,0.04283085589056432,0.31212197009020926,0.6450471740192264
25602,LOF,0.030500937769511897,0.0770073345709973,0.8924917276594907
25603,LOF,0.040014562884255186,0.05165918491128885,0.908326252204456
25604,LOF,0.044696026663260786,0.09285985045117576,0.8624441228855634
25605,LOF,0.03416099000922712,0.1851630938284222,0.7806759161623507
25606,LOF,0.3821192720792377,0.13458014000750435,0.4833005879132579
25607,LOF,0.029441146185057165,0.19709952203031103,0.7734593317846319
25608,LOF,0.04261068006993655,0.10799875048266354,0.8493905694473999
25609,GOF,0.1419123655855492,0.4853720300377439,0.37271560437670687
25610,LOF,0.014672857571316287,0.04592843307123608,0.9393987093574476
25611,LOF,0.012356691799176235,0.05430709255262648,0.9333362156481972
25612,LOF,0.043854091405196194,0.05568072133519125,0.9004651872596126
25613,LOF,0.042440282817002586,0.05571386630437366,0.9018458508786238
25614,LOF,0.0219237017724567,0.04247980386873767,0.9355964943588058
25615,LOF,0.04150001942281802,0.0539571263695803,0.9045428542076016
25616,LOF,0.04798310690725854,0.047541178514682425,0.904475714578059
25617,LOF,0.039152178053200745,0.05322582036673535,0.9076220015800638
25618,LOF,0.04849575432419265,0.07226146167089145,0.8792427840049158
25619,LOF,0.012231228522667264,0.053573254090501565,0.9341955173868312
25620,LOF,0.055346967488917424,0.05707044242797204,0.8875825900831106
25621,LOF,0.06077693210711174,0.0497034176544077,0.8895196502384807
25622,LOF,0.06338463905841644,0.05688073727239539,0.8797346236691881
25623,LOF,0.06456367777567441,0.03699533784153639,0.8984409843827893
25624,LOF,0.018696804523727805,0.045611125324253925,0.9356920701520183
25625,LOF,0.059080541892756466,0.0517537096363087,0.8891657484709348
25626,LOF,0.04773193198991681,0.05283474063641613,0.899433327373667
25627,Neutral,0.8847225204712824,0.020025158550787712,0.09525232097792992
25628,LOF,0.13821017388866189,0.05240703547095037,0.8093827906403878
25629,LOF,0.06937380173495934,0.04050393837726007,0.8901222598877806
25630,LOF,0.2746034967097916,0.06135120050941475,0.6640453027807938
25631,Neutral,0.5542418469549573,0.05766928175897115,0.38808887128607156
25632,LOF,0.0276717221033397,0.07385265989180435,0.898475618004856
25633,LOF,0.204624278131152,0.0444431127852358,0.7509326090836123
25634,LOF,0.03816609959903257,0.08606720169457685,0.8757666987063906
25635,LOF,0.03734149711562298,0.044028884036764276,0.9186296188476127
25636,GOF,0.03803653981366636,0.495860663099319,0.46610279708701463
25637,GOF,0.060729493736703,0.4876240381294195,0.4516464681338774
25638,LOF,0.03238056658635841,0.41101161022065197,0.5566078231929896
25639,LOF,0.033057330446624185,0.43601571455616617,0.5309269549972097
25640,Neutral,0.847831519886714,0.09498738779140273,0.057181092321883335
25641,LOF,0.08419576130660213,0.4153458068693418,0.500458431824056
25642,LOF,0.07082229057636603,0.16398685992567902,0.765190849497955
25643,LOF,0.25449227769195204,0.140006824452989,0.605500897855059
25644,GOF,0.009258890502556209,0.5874656533122301,0.40327545618521365
25645,GOF,0.011894945848183203,0.55699610469645,0.43110894945536676
25646,LOF,0.03273860329860819,0.4075147655548486,0.5597466311465432
25647,LOF,0.012961742821656927,0.3431043084632038,0.6439339487151393
25648,LOF,0.013448086461135827,0.3872248157330388,0.5993270978058254
25649,LOF,0.008309993642850391,0.29544820449119835,0.6962418018659513
25650,GOF,0.021139976993842152,0.5681359170102778,0.41072410599588
25651,LOF,0.008324674712737288,0.4133350049468033,0.5783403203404595
25652,LOF,0.014863839111064502,0.3775164725526676,0.6076196883362679
25653,GOF,0.04016381725215844,0.5670971535254273,0.3927390292224142
25654,LOF,0.010492391575996442,0.2813607361473691,0.7081468722766344
25655,GOF,0.1229054837516895,0.5980356937021198,0.27905882254619074
25656,LOF,0.32360683127590306,0.14079476277663727,0.5355984059474597
25657,LOF,0.0476456858732064,0.12602533402931201,0.8263289800974817
25658,LOF,0.3061664907219019,0.16577577366486848,0.5280577356132297
25659,Neutral,0.42631038181828446,0.19021905480994564,0.3834705633717699
25660,LOF,0.022845491186271983,0.11446518623936204,0.862689322574366
25661,LOF,0.09569796539730387,0.0692759658647228,0.8350260687379734
25662,LOF,0.03410726262451036,0.03710178620003435,0.9287909511754552
25663,LOF,0.04237866632074935,0.046275197844538235,0.9113461358347125
25664,LOF,0.1344026993639252,0.07348316406286458,0.7921141365732103
25665,LOF,0.0623668618294037,0.03220207065431451,0.9054310675162819
25666,LOF,0.09650747481808528,0.07529791246614867,0.828194612715766
25667,LOF,0.07331434205886478,0.05437461484182377,0.8723110430993115
25668,LOF,0.03761306836709599,0.0587744289003296,0.9036125027325743
25669,LOF,0.030323778434341236,0.05989494476528341,0.9097812768003753
25670,LOF,0.13624266834153184,0.0688576816774743,0.7948996499809938
25671,LOF,0.1163675910649371,0.04428512339758259,0.8393472855374803
25672,LOF,0.051100514243308935,0.04838432440135058,0.9005151613553404
25673,LOF,0.07897417602152529,0.05443341448964198,0.8665924094888326
25674,LOF,0.06784122147329893,0.06639916287025885,0.8657596156564421
25675,LOF,0.1041509256887293,0.07177094418302257,0.824078130128248
25676,LOF,0.019360616275962587,0.06225264103791556,0.9183867426861219
25677,LOF,0.024089292554982423,0.07786892333052992,0.8980417841144877
25678,LOF,0.1754965579816406,0.09280737973334707,0.7316960622850124
25679,LOF,0.12040319637892709,0.08901544957240382,0.790581354048669
25680,LOF,0.03509682772628068,0.1242124894809086,0.8406906827928108
25681,LOF,0.05262606169155743,0.1173334309654562,0.8300405073429863
25682,LOF,0.13815753900376954,0.08799058008822952,0.773851880908001
25683,LOF,0.1180601827008281,0.09900997368105127,0.7829298436181206
25684,LOF,0.04072115995204939,0.07627015084844833,0.8830086891995023
25685,LOF,0.131517732913924,0.08997534096689029,0.7785069261191856
25686,LOF,0.07874718512381884,0.12669305061656116,0.7945597642596199
25687,LOF,0.11959570341222692,0.13715722742574762,0.7432470691620254
25688,LOF,0.398250169093157,0.047113357872653035,0.55463647303419
25689,LOF,0.2665202028130509,0.04868236403549494,0.6847974331514541
25690,LOF,0.31518397682751903,0.029405407367739052,0.6554106158047419
25691,Neutral,0.6977821306869599,0.02934281280245793,0.2728750565105821
25692,LOF,0.3117960295343033,0.012271273484702663,0.6759326969809941
25693,LOF,0.03947386296315494,0.41174777008517877,0.5487783669516664
25694,LOF,0.11407630436699764,0.022826231198591094,0.8630974644344112
25695,LOF,0.10909795889359082,0.017391735779514847,0.8735103053268943
25696,LOF,0.11460052748099232,0.014415193023843685,0.8709842794951641
25697,LOF,0.08551573623643437,0.061436292814172296,0.8530479709493932
25698,LOF,0.3146531759664504,0.20878370966991214,0.47656311436363746
25699,Neutral,0.5460890069084563,0.027891111607550277,0.4260198814839935
25700,LOF,0.08993130276443641,0.007769966459191771,0.9022987307763718
25701,LOF,0.21997765826917068,0.039132817301220646,0.7408895244296085
25702,GOF,0.16880563549765717,0.6346741430550139,0.19652022144732884
25703,LOF,0.015960523829511426,0.16725008929251167,0.816789386877977
25704,LOF,0.038577076276420964,0.14860027595715816,0.8128226477664209
25705,LOF,0.04620938734154403,0.11714430319409679,0.8366463094643591
25706,LOF,0.15612540533373828,0.3694277028549247,0.47444689181133703
25707,LOF,0.11144533536764133,0.2991901490546328,0.589364515577726
25708,LOF,0.049249194021580546,0.3004726045073382,0.6502782014710812
25709,LOF,0.06934421771109092,0.036044424336135,0.894611357952774
25710,LOF,0.012925903629494168,0.1107803605927536,0.8762937357777522
25711,LOF,0.022772572572447428,0.06639977699455502,0.9108276504329975
25712,LOF,0.016075926867951677,0.1422278528596469,0.8416962202724014
25713,LOF,0.021132270766920088,0.0674429381307083,0.9114247911023717
25714,LOF,0.08332583422010327,0.05033006009636427,0.8663441056835326
25715,LOF,0.01340968613903786,0.09241802835922486,0.8941722855017373
25716,LOF,0.010755302455978343,0.09340821610743792,0.8958364814365837
25717,LOF,0.015026700499348311,0.0672415114174017,0.91773178808325
25718,LOF,0.012545379908916741,0.061810217976951604,0.9256444021141318
25719,LOF,0.02339575028631319,0.056412503339764435,0.9201917463739224
25720,LOF,0.027731170385434573,0.048894664486332486,0.9233741651282329
25721,LOF,0.015593123317502153,0.08480009494900564,0.8996067817334922
25722,LOF,0.016278628157660017,0.07833579534489482,0.9053855764974451
25723,LOF,0.02737901210553873,0.03516149513959336,0.9374594927548678
25724,LOF,0.0339393079389385,0.060797428592682105,0.9052632634683793
25725,LOF,0.013388749719836258,0.055241325687908585,0.9313699245922552
25726,LOF,0.017009580284918096,0.07384262904654848,0.9091477906685335
25727,LOF,0.013788539813082477,0.05863690016828723,0.9275745600186304
25728,LOF,0.011259431159659427,0.07408837135355152,0.9146521974867892
25729,LOF,0.01144330490031551,0.0725320346279836,0.916024660471701
25730,LOF,0.015184936003390142,0.0737961657814355,0.9110188982151745
25731,LOF,0.020973574392207175,0.07643258575861643,0.9025938398491764
25732,LOF,0.014825193574485546,0.05261494268971334,0.9325598637358011
25733,LOF,0.018594312911661432,0.0492466964003439,0.9321589906879948
25734,LOF,0.013016463400384566,0.09220594072041433,0.894777595879201
25735,LOF,0.013034606138386076,0.06035010632013403,0.9266152875414798
25736,LOF,0.014186590592655304,0.07121974196914198,0.9145936674382027
25737,LOF,0.01247222404424121,0.06306465577370879,0.9244631201820499
25738,LOF,0.013330554973395269,0.0686637130712058,0.9180057319553989
25739,LOF,0.02285174476701384,0.052780352783977386,0.9243679024490088
25740,LOF,0.029903920580897723,0.07956717132861331,0.8905289080904889
25741,LOF,0.01714020623243253,0.07085546788156692,0.9120043258860004
25742,LOF,0.1208397083618052,0.05144058555416136,0.8277197060840333
25743,LOF,0.03955755383697978,0.06551201748445984,0.8949304286785605
25744,Neutral,0.5919157841972517,0.2720881219509504,0.135996093851798
25745,LOF,0.06528517632703647,0.08905951765560682,0.8456553060173567
25746,LOF,0.04145033023633368,0.12470139840294088,0.8338482713607255
25747,LOF,0.021065213848755322,0.08972025822329185,0.8892145279279529
25748,LOF,0.11429615686441935,0.14547526317488116,0.7402285799606995
25749,LOF,0.025265734469379374,0.10287959794462012,0.8718546675860006
25750,LOF,0.06539911393253255,0.1208667359847742,0.8137341500826932
25751,LOF,0.0879197950255706,0.14284477762014838,0.7692354273542811
25752,GOF,0.10390080070157216,0.6671133010726693,0.2289858982257586
25753,LOF,0.02490375344487354,0.3159797175871835,0.6591165289679428
25754,GOF,0.013928913355861357,0.7896542092369299,0.19641687740720878
25755,LOF,0.026141757678265213,0.3979976460990946,0.5758605962226402
25756,LOF,0.04645330222937232,0.3839439229183588,0.5696027748522688
25757,GOF,0.021498426250092805,0.8661622697827903,0.11233930396711701
25758,GOF,0.032156705407969145,0.7848142171252604,0.18302907746677038
25759,GOF,0.011438829903332604,0.6393142410215424,0.34924692907512495
25760,LOF,0.014210696684868265,0.2963413750731898,0.6894479282419419
25761,GOF,0.2658665425535742,0.6413028617498788,0.0928305956965469
25762,LOF,0.04249986788604528,0.3063440630798757,0.6511560690340791
25763,LOF,0.014583073330252074,0.22758071290404003,0.7578362137657079
25764,GOF,0.07664289466598864,0.6554659841742208,0.26789112115979063
25765,GOF,0.03513684359087196,0.7592939697285538,0.20556918668057422
25766,GOF,0.06787052506050364,0.780906353676013,0.15122312126348347
25767,GOF,0.16868842763037428,0.5356225817769195,0.2956889905927064
25768,LOF,0.10058237049485563,0.05130056516950132,0.848117064335643
25769,LOF,0.05073006200846117,0.07115455529882604,0.8781153826927128
25770,LOF,0.3439934030438607,0.11833405527299963,0.5376725416831397
25771,LOF,0.05373488167321007,0.050552026959022583,0.8957130913677674
25772,LOF,0.018603911216938534,0.04910470340098316,0.9322913853820782
25773,LOF,0.056986281428394174,0.0853339394203941,0.8576797791512116
25774,LOF,0.026815025014706933,0.10032441228279111,0.8728605627025019
25775,LOF,0.05545209812349114,0.05667053620058324,0.8878773656759257
25776,LOF,0.06964094721680682,0.029157638135177168,0.901201414648016
25777,LOF,0.35099288047925536,0.08912452874085837,0.5598825907798862
25778,LOF,0.0642082959025666,0.048103267444587865,0.8876884366528455
25779,GOF,0.38820747355712804,0.5556431549440893,0.05614937149878267
25780,GOF,0.32521401525913307,0.5823677439370083,0.09241824080385855
25781,GOF,0.11207666397075342,0.7658939840755287,0.12202935195371797
25782,GOF,0.18142951204052765,0.7253436014782325,0.09322688648123997
25783,GOF,0.023569289048636675,0.6162231895284354,0.360207521422928
25784,Neutral,0.5084442387643137,0.4382712158396127,0.05328454539607366
25785,Neutral,0.5055390970798032,0.44621492528951173,0.04824597763068519
25786,GOF,0.027961203998438475,0.722197999171339,0.24984079683022253
25787,Neutral,0.6828799438433916,0.2842217249328225,0.03289833122378589
25788,LOF,0.05480039480265538,0.08203720342656613,0.8631624017707785
25789,GOF,0.21275127197083374,0.6194319269139317,0.16781680111523467
25790,GOF,0.2521644042657707,0.6515330480207921,0.09630254771343717
25791,GOF,0.13815771420909662,0.6725027479597614,0.18933953783114194
25792,GOF,0.3384865709341454,0.5126764714026965,0.14883695766315813
25793,GOF,0.29456592821341954,0.49699325029407665,0.20844082149250379
25794,GOF,0.3257192996725898,0.4753127471885277,0.19896795313888252
25795,GOF,0.06691727960141133,0.6621032404767171,0.2709794799218716
25796,Neutral,0.5485477676680253,0.36403925714818747,0.08741297518378718
25797,GOF,0.0908205182046552,0.5915539641942348,0.31762551760111
25798,GOF,0.008751664947400695,0.5225849085139048,0.46866342653869436
25799,LOF,0.00754151907032606,0.42822350217590177,0.5642349787537723
25800,GOF,0.035658041540084444,0.595553391426246,0.36878856703366963
25801,GOF,0.22850118089990576,0.648073336175353,0.12342548292474116
25802,GOF,0.06221823259304226,0.6858681143277092,0.2519136530792486
25803,GOF,0.0339851201207701,0.5651126045903159,0.400902275288914
25804,GOF,0.03621984785795198,0.5245633819405681,0.4392167702014799
25805,GOF,0.11190242220343746,0.5786044133819847,0.3094931644145779
25806,GOF,0.12853881509290052,0.5697623476311103,0.3016988372759891
25807,GOF,0.019605717174969634,0.6137355557198335,0.3666587271051969
25808,GOF,0.09612686372649976,0.591651188360658,0.31222194791284236
25809,GOF,0.019174321904810172,0.6251087281845632,0.3557169499106267
25810,GOF,0.018399997224272272,0.6263736127227334,0.35522639005299433
25811,Neutral,0.4918707922671102,0.4272058397964461,0.08092336793644363
25812,GOF,0.035598805610175026,0.6170757269719261,0.3473254674178989
25813,Neutral,0.5556128938819688,0.3281295134188423,0.11625759269918896
25814,GOF,0.12524059073930793,0.6382405533047006,0.23651885595599148
25815,GOF,0.21610077025262986,0.5590407904664025,0.22485843928096763
25816,GOF,0.022476158241656954,0.6626001276538844,0.3149237141044586
25817,GOF,0.25485819053134273,0.5966399900147893,0.14850181945386806
25818,GOF,0.05312841379650784,0.5416035256525953,0.40526806055089687
25819,GOF,0.39197486616408855,0.42996325530507423,0.17806187853083733
25820,GOF,0.1918128565376382,0.5627084244947912,0.24547871896757065
25821,GOF,0.053997389991367016,0.6404117070695581,0.30559090293907487
25822,GOF,0.22856103493626242,0.5080270624520731,0.26341190261166453
25823,GOF,0.0314638643468042,0.508554452637277,0.45998168301591863
25824,GOF,0.0764331618962999,0.5317619706254662,0.3918048674782339
25825,GOF,0.030105432453271606,0.5380894764756677,0.4318050910710606
25826,GOF,0.011063297210168608,0.5041806418010661,0.4847560609887653
25827,GOF,0.0212330316010229,0.5648976433130741,0.41386932508590296
25828,LOF,0.013176100620932748,0.49321117481235316,0.493612724566714
25829,GOF,0.006280235167497525,0.5253699209155139,0.4683498439169886
25830,LOF,0.039550098292472025,0.2786702027779881,0.6817796989295399
25831,GOF,0.17749777609742282,0.6735377491709189,0.14896447473165833
25832,GOF,0.03002966437168036,0.6448873052074942,0.3250830304208254
25833,GOF,0.12110536128566633,0.6693051256975231,0.20958951301681059
25834,GOF,0.033694203431205216,0.6441205419296567,0.3221852546391379
25835,GOF,0.08489605501032807,0.6817159577221868,0.23338798726748516
25836,GOF,0.043748121894068924,0.6250524218342708,0.3311994562716603
25837,GOF,0.021476337198599756,0.5332591420764711,0.4452645207249292
25838,GOF,0.07038166790963399,0.7266849408640855,0.20293339122628043
25839,GOF,0.25943306971376295,0.5704003887332598,0.17016654155297725
25840,GOF,0.22808291926298105,0.5930089079130596,0.1789081728239593
25841,GOF,0.22836806714869995,0.579125512589723,0.19250642026157702
25842,GOF,0.18429047422747002,0.6407594653892275,0.17495006038330252
25843,GOF,0.20640669872230008,0.6522181393716088,0.1413751619060912
25844,GOF,0.05632694631484068,0.6505415227945613,0.2931315308905979
25845,LOF,0.012878933362770604,0.4752713903765126,0.5118496762607168
25846,GOF,0.10448896137122855,0.7183436337616327,0.1771674048671388
25847,GOF,0.13754409824382313,0.7056322615473376,0.15682364020883932
25848,GOF,0.03334424876177268,0.6385443964274521,0.32811135481077514
25849,GOF,0.009535440094851827,0.5398742849512099,0.4505902749539382
25850,GOF,0.022180846041420437,0.6424943038618848,0.3353248500966948
25851,GOF,0.01721894674567877,0.5497720210499678,0.43300903220435333
25852,GOF,0.17763900815371064,0.529493490086027,0.29286750176026244
25853,GOF,0.3617427531206454,0.5513940518491428,0.0868631950302118
25854,GOF,0.01887056747537202,0.590340192908473,0.39078923961615497
25855,GOF,0.036305041954864614,0.5535110469441795,0.4101839111009559
25856,GOF,0.23657798180263842,0.5053420402432213,0.2580799779541403
25857,LOF,0.03490976052507248,0.4705754934161326,0.494514746058795
25858,GOF,0.016860001515470426,0.5433865593390474,0.439753439145482
25859,GOF,0.010570699098315027,0.5275318995518826,0.4618974013498025
25860,GOF,0.3794834148895011,0.5242675381805492,0.09624904692994975
25861,GOF,0.3844053135307078,0.5333362730461202,0.08225841342317208
25862,GOF,0.09655854130022198,0.7612624121497839,0.14217904654999428
25863,GOF,0.0997283098300026,0.759143129136453,0.14112856103354435
25864,GOF,0.21417186713109557,0.6998787615047934,0.08594937136411092
25865,GOF,0.08596552531188649,0.7819384008282332,0.1320960738598803
25866,GOF,0.06066957656163026,0.7978711001889234,0.14145932324944638
25867,GOF,0.07941226975138176,0.8113993471135145,0.1091883831351038
25868,GOF,0.2605503621151303,0.6317757146428429,0.10767392324202685
25869,Neutral,0.700825768289436,0.25240862196323227,0.046765609747331766
25870,LOF,0.32249966335178254,0.2549258983963678,0.42257443825184965
25871,GOF,0.19006725225718318,0.6089909402460901,0.2009418074967267
25872,GOF,0.08984067907410606,0.6110491615034004,0.2991101594224936
25873,GOF,0.14513493001208044,0.625395983553482,0.2294690864344376
25874,LOF,0.020871646485783053,0.10080994244560448,0.8783184110686125
25875,LOF,0.09482124544657203,0.04301719770882502,0.8621615568446029
25876,LOF,0.03329100984874175,0.04096293173512854,0.9257460584161298
25877,Neutral,0.5518051734384469,0.049310987287271776,0.39888383927428134
25878,LOF,0.24290035159860549,0.08986780994288227,0.6672318384585122
25879,LOF,0.09710794513504997,0.08797328210384672,0.8149187727611034
25880,LOF,0.025112256551010268,0.021861818211476935,0.9530259252375127
25881,LOF,0.17915829595898722,0.15138796379080632,0.6694537402502064
25882,LOF,0.07783504218042889,0.01843212273900297,0.9037328350805681
25883,LOF,0.07718560987620078,0.026872928434032158,0.895941461689767
25884,LOF,0.039945998030320916,0.04290047125854219,0.9171535307111369
25885,LOF,0.07332429761033107,0.01431393149685707,0.9123617708928118
25886,LOF,0.32721166502880444,0.04904557419651181,0.6237427607746837
25887,LOF,0.16448090993059328,0.08824517213353597,0.7472739179358706
25888,LOF,0.06935497731587852,0.07819777870916342,0.8524472439749581
25889,LOF,0.05350524149733231,0.029135882295714833,0.9173588762069528
25890,LOF,0.04400995587715336,0.14163587516654155,0.8143541689563051
25891,LOF,0.036552336716158484,0.06097108665494168,0.9024765766288999
25892,LOF,0.10173108666778509,0.01632472708273716,0.8819441862494777
25893,LOF,0.28560067473253764,0.012373803505644224,0.7020255217618181
25894,LOF,0.17999893815823956,0.007078895555334407,0.812922166286426
25895,LOF,0.1946541620343779,0.015392031082825958,0.789953806882796
25896,LOF,0.052969717500029614,0.014357060344015179,0.9326732221559552
25897,LOF,0.25132249548858543,0.009822828652360704,0.738854675859054
25898,Neutral,0.7248355439545501,0.0072153420617889095,0.26794911398366095
25899,LOF,0.2683291761122993,0.01701674878300617,0.7146540751046946
25900,LOF,0.4557138254967908,0.012720167527570924,0.5315660069756383
25901,LOF,0.07382000943089972,0.007877107673391958,0.9183028828957084
25902,LOF,0.19606240209116238,0.007805499457353244,0.7961320984514844
25903,Neutral,0.5307936444381192,0.024887971369500335,0.4443183841923805
25904,LOF,0.3266749637793652,0.030304722700679167,0.6430203135199556
25905,LOF,0.025931718974541704,0.2882466950848185,0.6858215859406399
25906,LOF,0.026010623839086196,0.05846824241845199,0.9155211337424618
25907,LOF,0.016564018921176163,0.3300040547366336,0.6534319263421902
25908,LOF,0.011652854296426991,0.21521628921701058,0.7731308564865623
25909,LOF,0.014596658807112526,0.11706270201966819,0.8683406391732192
25910,LOF,0.04835302891843687,0.12255275836268525,0.829094212718878
25911,LOF,0.12470062316419693,0.04252697068659168,0.8327724061492113
25912,LOF,0.04339339925682149,0.05929550996775584,0.8973110907754227
25913,LOF,0.28300422016073257,0.028333831815271746,0.6886619480239957
25914,LOF,0.02338999611885251,0.11687488535029579,0.8597351185308517
25915,Neutral,0.45205277440889857,0.2716854195873649,0.2762618060037365
25916,LOF,0.05656708204704538,0.2910434035202763,0.6523895144326783
25917,LOF,0.061417290302467224,0.061864158543179795,0.8767185511543529
25918,LOF,0.034845329668706695,0.0626121124758617,0.9025425578554317
25919,LOF,0.026304012580483645,0.06739660198177044,0.9062993854377459
25920,GOF,0.09154246707129948,0.5466235071167189,0.3618340258119816
25921,LOF,0.03193429944181073,0.017033417600185553,0.9510322829580037
25922,LOF,0.04176554094987289,0.011773292778931632,0.9464611662711955
25923,LOF,0.40139572239807897,0.012479136703967476,0.5861251408979536
25924,LOF,0.0431942069099516,0.022842150809797082,0.9339636422802514
25925,LOF,0.07550135139465373,0.01721492481889816,0.9072837237864482
25926,LOF,0.0520969071362203,0.01329916665205062,0.9346039262117292
25927,LOF,0.07915059411859313,0.054199526792717924,0.866649879088689
25928,LOF,0.02446734882465058,0.024833176305145716,0.9506994748702038
25929,Neutral,0.5359415281167779,0.013561047805691086,0.4504974240775311
25930,LOF,0.06094428159510634,0.011254144948988123,0.9278015734559055
25931,LOF,0.03488438910640992,0.014684830737744351,0.9504307801558458
25932,LOF,0.031213710918508324,0.011977929340196916,0.9568083597412947
25933,LOF,0.04338474939889687,0.007550110092404316,0.9490651405086988
25934,LOF,0.02760814609368153,0.008905299005722036,0.9634865549005965
25935,LOF,0.06833121240788052,0.020376051774513453,0.9112927358176061
25936,LOF,0.05285650031073946,0.012126675467139159,0.9350168242221214
25937,LOF,0.03367143552876802,0.022344667977242647,0.9439838964939893
25938,LOF,0.06695838576358384,0.02403948870363066,0.9090021255327856
25939,LOF,0.04477507280903568,0.008320651740145082,0.9469042754508192
25940,LOF,0.027739686842035313,0.34360463438649574,0.628655678771469
25941,LOF,0.17844865362832027,0.09028002951001383,0.7312713168616658
25942,LOF,0.01691496825107436,0.0321345074502141,0.9509505242987116
25943,LOF,0.3057104183531964,0.0619243782064759,0.6323652034403277
25944,Neutral,0.4924834466721786,0.03735870874785328,0.47015784457996807
25945,LOF,0.07114915458411662,0.023821201048291305,0.905029644367592
25946,LOF,0.02792622888451076,0.11093666642939001,0.8611371046860993
25947,LOF,0.11719754874131845,0.16499098759839848,0.717811463660283
25948,LOF,0.3974129035069682,0.01854261729735769,0.5840444791956741
25949,LOF,0.10581495082162727,0.07032753740785472,0.823857511770518
25950,GOF,0.32084186617882815,0.3914106739431432,0.28774745987802863
25951,LOF,0.2328387434640464,0.2297318347372195,0.5374294217987342
25952,LOF,0.04645655752085652,0.42132954293136377,0.5322138995477796
25953,LOF,0.1348180490594158,0.10998517323157866,0.7551967777090056
25954,Neutral,0.4132021119425025,0.18661057107261358,0.40018731698488386
25955,LOF,0.06338729671559319,0.08763012778415638,0.8489825755002504
25956,LOF,0.18434997332421704,0.0873742148665509,0.7282758118092321
25957,LOF,0.0392044477889435,0.03753391024352237,0.9232616419675341
25958,LOF,0.057997997039410644,0.024770195367684652,0.9172318075929048
25959,LOF,0.06727042237127212,0.31659580575152624,0.6161337718772016
25960,LOF,0.020313087037212636,0.05367335570295976,0.9260135572598276
25961,LOF,0.04698469406657465,0.029356663211251667,0.9236586427221737
25962,LOF,0.05666449497804783,0.03660953479628436,0.9067259702256679
25963,LOF,0.04704554291230426,0.19625464099090242,0.7566998160967934
25964,LOF,0.03701949241974168,0.1483346469131396,0.8146458606671186
25965,LOF,0.42782766263624794,0.08204089184653186,0.49013144551722015
25966,Neutral,0.42580801347420416,0.17194607947418028,0.4022459070516156
25967,LOF,0.013182534306327771,0.08701831391188584,0.8997991517817865
25968,GOF,0.035895761748551844,0.4974602917755588,0.46664394647588936
25969,LOF,0.025265391500906068,0.06595391836005553,0.9087806901390385
25970,LOF,0.061671427281713834,0.062148682405020604,0.8761798903132656
25971,LOF,0.07862962294890118,0.015098494251126868,0.906271882799972
25972,LOF,0.08202993303639869,0.022713821834390472,0.8952562451292109
25973,LOF,0.1086735583539218,0.005000487716140125,0.8863259539299381
25974,LOF,0.2287668103516456,0.014036719658422002,0.7571964699899324
25975,LOF,0.06002374061048889,0.01692195711672579,0.9230543022727853
25976,LOF,0.049795818420998124,0.011125602824476116,0.9390785787545257
25977,LOF,0.15428783447330965,0.08961474324689277,0.7560974222797976
25978,LOF,0.12492400871000323,0.05429194199884132,0.8207840492911553
25979,LOF,0.12226340162132143,0.054807988565822856,0.8229286098128556
25980,LOF,0.15122744869865987,0.0684397543122652,0.7803327969890749
25981,LOF,0.1811289779558555,0.06646447802681354,0.752406544017331
25982,LOF,0.3761328648103717,0.050991662656346644,0.5728754725332816
25983,LOF,0.36183872195270367,0.04757338570872129,0.590587892338575
25984,LOF,0.051211276400219156,0.07723615935784123,0.8715525642419395
25985,LOF,0.026607564536069054,0.2787703801259426,0.6946220553379883
25986,LOF,0.033931542931277286,0.3033160697909164,0.6627523872778064
25987,LOF,0.08113419552697163,0.10515970011731587,0.8137061043557126
25988,LOF,0.13065944143026054,0.08987229847382988,0.7794682600959095
25989,LOF,0.028807996333253427,0.15807627801193982,0.8131157256548067
25990,LOF,0.03780331367594046,0.17953290118914916,0.7826637851349103
25991,LOF,0.20779935815765227,0.37073947553911707,0.42146116630323077
25992,LOF,0.3751829120177949,0.24330785711425126,0.3815092308679538
25993,LOF,0.024599065660496182,0.08671212805723288,0.888688806282271
25994,LOF,0.01716911796876824,0.12383151198657763,0.8589993700446541
25995,LOF,0.028263252417184196,0.22435288707903958,0.7473838605037763
25996,GOF,0.2560204047955771,0.5616260530891671,0.18235354211525578
25997,GOF,0.10444266906800602,0.5799826184794832,0.3155747124525109
25998,Neutral,0.5514815947946163,0.014266858211926513,0.4342515469934572
25999,LOF,0.13008300279550059,0.13004933522266676,0.7398676619818326
26000,LOF,0.14551830411083322,0.03279770249839058,0.8216839933907762
26001,LOF,0.17391110367757767,0.03851860858506779,0.7875702877373545
26002,LOF,0.14249854366874942,0.03317586574472626,0.8243255905865244
26003,GOF,0.009846447393826379,0.6238182246013504,0.36633532800482327
26004,GOF,0.025363988948145285,0.7008688211962191,0.27376718985563564
26005,GOF,0.007853195711057246,0.5119543883411406,0.48019241594780215
26006,Neutral,0.5065716625074522,0.2698663765048773,0.2235619609876705
26007,GOF,0.018888653421813957,0.559303936059829,0.42180741051835713
26008,GOF,0.019343933422434033,0.6139166496155741,0.36673941696199175
26009,GOF,0.023769529063518112,0.6582286733026597,0.3180017976338222
26010,GOF,0.024071153091461885,0.6680710511627809,0.3078577957457573
26011,GOF,0.0074076902538109685,0.516895258320666,0.47569705142552304
26012,GOF,0.014414369000093016,0.58804319958397,0.3975424314159369
26013,GOF,0.01823500484408221,0.6271519890567694,0.35461300609914853
26014,LOF,0.04394441178133418,0.1470376602511211,0.8090179279675448
26015,LOF,0.23045336612993336,0.012333808989551722,0.757212824880515
26016,LOF,0.2617640557462286,0.054382819225333716,0.6838531250284378
26017,LOF,0.24634462870478754,0.09233530088904758,0.661320070406165
26018,LOF,0.10765259275745442,0.0512357455997382,0.8411116616428074
26019,LOF,0.10234963167236456,0.037900583487385404,0.8597497848402501
26020,LOF,0.06414878269734274,0.12660980860840584,0.8092414086942514
26021,LOF,0.05384836739331991,0.14439185226201254,0.8017597803446675
26022,LOF,0.013200131032320532,0.059563034207939375,0.9272368347597401
26023,LOF,0.12850044309157144,0.02761139137745767,0.8438881655309709
26024,LOF,0.03278567144319488,0.14120279175093498,0.8260115368058701
26025,LOF,0.1714175702516647,0.09366165368184469,0.7349207760664906
26026,LOF,0.33450519664310535,0.024887680031971178,0.6406071233249235
26027,LOF,0.09774168725399585,0.022565313004262448,0.8796929997417416
26028,LOF,0.15109915561142462,0.09946974646494991,0.7494310979236255
26029,LOF,0.06761538427400673,0.15126933066700193,0.7811152850589913
26030,LOF,0.02493539417280064,0.05575251977658019,0.9193120860506192
26031,LOF,0.028350948645346725,0.11718564984968365,0.8544634015049696
26032,LOF,0.06633469928746931,0.058317920990884155,0.8753473797216464
26033,LOF,0.11535399663103472,0.06680228171943296,0.8178437216495323
26034,LOF,0.04591794239129645,0.12356649862131709,0.8305155589873865
26035,LOF,0.02796003024867544,0.10861704266466675,0.8634229270866578
26036,LOF,0.04101460591838917,0.13401947651596818,0.8249659175656426
26037,LOF,0.024150220023513524,0.09488323366262888,0.8809665463138576
26038,LOF,0.06294787530342234,0.05537381239894743,0.8816783122976303
26039,LOF,0.05651058687747223,0.11856669746827989,0.8249227156542478
26040,LOF,0.18208311059863283,0.09999411353820237,0.7179227758631648
26041,LOF,0.024383147524082053,0.0876321813001439,0.8879846711757741
26042,LOF,0.02380518852897363,0.08608767901384512,0.8901071324571812
26043,LOF,0.06194817839723469,0.06554446091685102,0.8725073606859144
26044,LOF,0.02027239486017859,0.06801499869822271,0.9117126064415988
26045,LOF,0.08058194617073693,0.08518671122805034,0.8342313426012128
26046,LOF,0.06468467455999526,0.0665494274658917,0.8687658979741131
26047,LOF,0.09316718740643533,0.07482509472084192,0.8320077178727227
26048,LOF,0.051298056499712585,0.05090985429334424,0.8977920892069431
26049,Neutral,0.9531856561958423,0.007503254954149412,0.039311088850008245
26050,Neutral,0.9339237794191716,0.009339885027271545,0.056736335553556866
26051,LOF,0.042705011094031624,0.3077019965992802,0.6495929923066881
26052,LOF,0.057994428239303716,0.3167133193579762,0.6252922524027201
26053,LOF,0.05717270232687497,0.14967879753562566,0.7931485001374995
26054,LOF,0.060187737462880274,0.025331942876130147,0.9144803196609896
26055,LOF,0.07014264093527574,0.01978293778239093,0.9100744212823333
26056,LOF,0.0563240852557679,0.021635173888863723,0.9220407408553685
26057,LOF,0.03169774490686966,0.012165726061444082,0.9561365290316862
26058,LOF,0.032254818043704205,0.010522389355551885,0.9572227926007438
26059,LOF,0.31528759133992285,0.0338651675762412,0.650847241083836
26060,LOF,0.031234139031287054,0.1997360530299934,0.7690298079387196
26061,LOF,0.019093384580091063,0.013291211871810945,0.967615403548098
26062,LOF,0.01247126912190156,0.020993235967857397,0.9665354949102412
26063,LOF,0.023614873494592615,0.013760900707635686,0.9626242257977716
26064,LOF,0.02557531516120407,0.021672269829753475,0.9527524150090425
26065,LOF,0.027295331240805576,0.013995396063532953,0.9587092726956615
26066,LOF,0.02184869039345274,0.012009579423225314,0.9661417301833218
26067,LOF,0.028537950528994514,0.009044310097947955,0.9624177393730575
26068,LOF,0.05004761595449568,0.03680671180785875,0.9131456722376455
26069,LOF,0.28616470562355056,0.022687568895238656,0.6911477254812107
26070,LOF,0.45238306881495155,0.016510327574940586,0.531106603610108
26071,LOF,0.02522678728576666,0.014463638610506199,0.9603095741037271
26072,LOF,0.022879097025287454,0.01807832947992393,0.9590425734947885
26073,LOF,0.02575163098780985,0.01226630104337582,0.9619820679688144
26074,Neutral,0.9074645838851838,0.006715705695785019,0.0858197104190313
26075,LOF,0.04620051749166232,0.015851941560546038,0.9379475409477916
26076,LOF,0.047236674973121576,0.009279743493941981,0.9434835815329364
26077,LOF,0.009652710882899162,0.019379342989241585,0.9709679461278593
26078,LOF,0.014490785918690177,0.01358170793692105,0.9719275061443888
26079,LOF,0.06124620414522325,0.020271014709561046,0.9184827811452156
26080,LOF,0.05946792207627233,0.020312628354876343,0.9202194495688513
26081,LOF,0.03820233307618155,0.007558752582562156,0.9542389143412564
26082,LOF,0.018799741826547384,0.020123047902703146,0.9610772102707494
26083,LOF,0.12754657579802786,0.014804977331653627,0.8576484468703185
26084,LOF,0.028036404020312634,0.014212937287035253,0.9577506586926522
26085,LOF,0.02390522877344493,0.01344305626863086,0.9626517149579241
26086,LOF,0.027355650711456042,0.012021122694372178,0.9606232265941719
26087,LOF,0.026435050254428553,0.008726812260102813,0.9648381374854688
26088,LOF,0.01793838119013518,0.02701454889313056,0.9550470699167344
26089,LOF,0.04507517416821363,0.024475491494746805,0.9304493343370395
26090,LOF,0.04373090503863289,0.019458421891131405,0.9368106730702357
26091,LOF,0.04066348189877447,0.00740896531346547,0.9519275527877601
26092,LOF,0.02743068393329838,0.009581622046206419,0.9629876940204952
26093,LOF,0.04086749024641986,0.007148359427729293,0.9519841503258508
26094,LOF,0.04420087862684881,0.007622852244800411,0.9481762691283507
26095,LOF,0.052490155710377226,0.015316522130103328,0.9321933221595194
26096,LOF,0.020673888328030035,0.013677443202357477,0.9656486684696125
26097,LOF,0.010619004372913297,0.04600551307963393,0.9433754825474528
26098,LOF,0.07301614206129638,0.013954900930749097,0.9130289570079546
26099,LOF,0.025964300921579406,0.014863262722857516,0.959172436355563
26100,LOF,0.0284365246148016,0.014357798679943426,0.9572056767052549
26101,LOF,0.06217770983789691,0.014715762418498477,0.9231065277436046
26102,LOF,0.027238762925458012,0.015145849013847554,0.9576153880606945
26103,Neutral,0.8819089494900779,0.02315082374128906,0.09494022676863305
26104,LOF,0.07150587404714526,0.03625300922438546,0.8922411167284693
26105,LOF,0.2264313187040517,0.28899124192574743,0.4845774393702008
26106,LOF,0.1741462905212165,0.14879174654134864,0.6770619629374349
26107,LOF,0.24134047627859137,0.09668557364744015,0.6619739500739684
26108,LOF,0.26652465043975515,0.13102091916195135,0.6024544303982935
26109,LOF,0.08833373094165417,0.11547902508453954,0.7961872439738064
26110,LOF,0.22581104518445372,0.007495466390591721,0.7666934884249546
26111,LOF,0.4653869958547624,0.020285557905977553,0.5143274462392601
26112,LOF,0.03385056351717964,0.007838657246361957,0.9583107792364585
26113,LOF,0.05845830800959846,0.014553231747856239,0.9269884602425452
26114,LOF,0.02080703513880849,0.029913999285912162,0.9492789655752792
26115,LOF,0.08413140215498828,0.058350527261001574,0.8575180705840102
26116,LOF,0.05829819835754802,0.06247579972963181,0.8792260019128201
26117,LOF,0.41630607769414396,0.04564530664799364,0.5380486156578623
26118,LOF,0.040400014422416294,0.024819697796850965,0.9347802877807326
26119,LOF,0.02426101305672485,0.038878991910108865,0.9368599950331663
26120,LOF,0.029602414741289454,0.022665423655244366,0.9477321616034662
26121,LOF,0.051556504756086564,0.08683350647605272,0.8616099887678607
