feature0,prediction,LoGoFunc_Neutral,LoGoFunc_GOF,LoGoFunc_LOF
25546,Neutral,0.637042673069612,0.10319204939180063,0.2597652775385874
25547,Neutral,0.47188308071757074,0.154668429250077,0.3734484900323523
25548,LOF,0.3544232437068586,0.164657281678971,0.48091947461417034
25549,LOF,0.3389010763327774,0.16557108005256466,0.495527843614658
25550,LOF,0.40802144342953767,0.10939032233551466,0.4825882342349477
25551,LOF,0.3132686893726058,0.13713619565088306,0.5495951149765111
25552,LOF,0.24399241350386883,0.1698594865976512,0.58614809989848
25553,Neutral,0.8168270321097467,0.05112510084435331,0.13204786704589982
25554,LOF,0.315371608225997,0.11362849808081023,0.5709998936931928
25555,LOF,0.22774597691569612,0.13831303717809906,0.6339409859062048
25556,LOF,0.3861068430353258,0.07645948635853404,0.5374336706061402
25557,LOF,0.2423290048894557,0.14396499052905226,0.613706004581492
25558,LOF,0.3089163191403898,0.13690016775704605,0.5541835131025642
25559,LOF,0.2692577775334191,0.07343008913120955,0.6573121333353713
25560,LOF,0.030617555374219382,0.37706869076834587,0.5923137538574347
25561,LOF,0.03244140062445819,0.3450488657297471,0.6225097336457948
25562,LOF,0.027294674236497764,0.2276582511026312,0.745047074660871
25563,LOF,0.011496443158027536,0.19046601585709394,0.7980375409848786
25564,LOF,0.06361477645848805,0.06263299573904527,0.8737522278024668
25565,LOF,0.3282617440601526,0.18230726064123037,0.4894309952986169
25566,GOF,0.039400401024067076,0.6721614564658336,0.2884381425100993
25567,LOF,0.05002093806872656,0.019363153522836466,0.9306159084084369
25568,LOF,0.0413999530127713,0.03254653244680341,0.9260535145404253
25569,LOF,0.06821894793718157,0.024074907555321285,0.9077061445074971
25570,LOF,0.07669094897242885,0.03201028710293013,0.891298763924641
25571,LOF,0.07669094897242885,0.03201028710293013,0.891298763924641
25572,LOF,0.09247391669113017,0.021474667387469174,0.8860514159214007
25573,LOF,0.1047756446549765,0.06078250677999268,0.8344418485650309
25574,LOF,0.26679011107686057,0.16042413786484422,0.5727857510582951
25575,LOF,0.07669094897242885,0.03201028710293013,0.891298763924641
25576,LOF,0.03909317233312001,0.029732100843241765,0.9311747268236381
25577,LOF,0.0439061980973646,0.02087669716033248,0.9352171047423028
25578,LOF,0.21836415560413291,0.05436242754592941,0.7272734168499376
25579,LOF,0.21192004702178627,0.05068237932932948,0.7373975736488841
25580,LOF,0.07669094897242885,0.03201028710293013,0.891298763924641
25581,LOF,0.044524373427518464,0.03578193241958641,0.9196936941528951
25582,LOF,0.044524373427518464,0.03578193241958641,0.9196936941528951
25583,LOF,0.07669094897242885,0.03201028710293013,0.891298763924641
25584,Neutral,0.7232650025102121,0.010193243621018349,0.2665417538687696
25585,LOF,0.05270002766658909,0.03111328402775084,0.9161866883056601
25586,LOF,0.07669094897242885,0.03201028710293013,0.891298763924641
25587,LOF,0.07669094897242885,0.03201028710293013,0.891298763924641
25588,LOF,0.07669094897242885,0.03201028710293013,0.891298763924641
25589,Neutral,0.7221861208827155,0.045045591192867315,0.23276828792441723
25590,LOF,0.09788041238923523,0.028632966609601213,0.8734866210011636
25591,LOF,0.24452830065404285,0.014834685273972515,0.7406370140719847
25592,LOF,0.3525085388533391,0.05448148927145886,0.5930099718752021
25593,LOF,0.265528948885965,0.11731993727242726,0.6171511138416078
25594,LOF,0.029545687688903175,0.08498279330092726,0.8854715190101696
25595,LOF,0.035844880768707996,0.04383291913385414,0.9203222000974378
25596,LOF,0.13635296049448428,0.023553397401754474,0.8400936421037614
25597,LOF,0.13858864413597224,0.016009087170601503,0.8454022686934262
25598,LOF,0.030705602153276033,0.05610103569607807,0.9131933621506458
25599,LOF,0.022218158316210965,0.4859987128361238,0.49178312884766534
25600,GOF,0.09569235559559625,0.5666936539469896,0.33761399045741414
25601,GOF,0.037780113348260015,0.547840988572146,0.41437889807959394
25602,LOF,0.08978411820703372,0.02921961240618829,0.880996269386778
25603,LOF,0.08300983347427048,0.05259323035993846,0.864396936165791
25604,LOF,0.08001492663016815,0.13881695061688695,0.7811681227529449
25605,LOF,0.18089774868376826,0.11309113605368533,0.7060111152625465
25606,Neutral,0.5655436618982892,0.06219019230016905,0.37226614580154166
25607,LOF,0.05283402474661647,0.13012578218536433,0.8170401930680191
25608,LOF,0.037105930255533076,0.2151398179287246,0.7477542518157423
25609,GOF,0.08974103198010336,0.7318161068853107,0.17844286113458596
25610,LOF,0.043435070616750684,0.1624684875960431,0.7940964417872063
25611,LOF,0.043435070616750684,0.1624684875960431,0.7940964417872063
25612,LOF,0.03147537690646612,0.07741642665756543,0.8911081964359684
25613,LOF,0.03821787184358634,0.08351228356920289,0.8782698445872109
25614,LOF,0.043435070616750684,0.1624684875960431,0.7940964417872063
25615,LOF,0.059291812509242064,0.13585875774396516,0.8048494297467927
25616,LOF,0.043435070616750684,0.1624684875960431,0.7940964417872063
25617,LOF,0.043435070616750684,0.1624684875960431,0.7940964417872063
25618,LOF,0.11421148998169431,0.3918281128210742,0.4939603971972315
25619,LOF,0.043435070616750684,0.1624684875960431,0.7940964417872063
25620,LOF,0.043435070616750684,0.1624684875960431,0.7940964417872063
25621,LOF,0.08009385823938162,0.11131880613115443,0.8085873356294638
25622,LOF,0.07853356001253935,0.10672364686814842,0.8147427931193122
25623,LOF,0.08696481377362827,0.069652358625107,0.8433828276012647
25624,LOF,0.043435070616750684,0.1624684875960431,0.7940964417872063
25625,LOF,0.07966456610994271,0.05772694302606365,0.8626084908639937
25626,LOF,0.029370769490598293,0.06961321356648625,0.9010160169429154
25627,Neutral,0.826076934980087,0.06895429696538066,0.10496876805453216
25628,LOF,0.10590716511744869,0.19938810805036902,0.6947047268321823
25629,LOF,0.03112935806822348,0.16352611632767133,0.8053445256041052
25630,LOF,0.28600807823749613,0.1441342589307085,0.5698576628317953
25631,LOF,0.3047913261247987,0.17868023547996117,0.5165284383952401
25632,LOF,0.028232308414717144,0.0782507497440441,0.8935169418412388
25633,LOF,0.05786156717349727,0.0714963658250391,0.8706420670014635
25634,LOF,0.048129388036252344,0.03137338508509592,0.9204972268786518
25635,LOF,0.05786156717349727,0.0714963658250391,0.8706420670014635
25636,GOF,0.02202405306391073,0.6956883585489825,0.28228758838710677
25637,GOF,0.01518612382702789,0.6951522810867475,0.2896615950862247
25638,GOF,0.00989513156622763,0.6743177798391154,0.31578708859465693
25639,GOF,0.022867643909561915,0.58334844633317,0.39378390975726824
25640,Neutral,0.765525871990052,0.1821374954718253,0.05233663253812267
25641,GOF,0.040551703189251,0.7408642692998314,0.21858402751091766
25642,GOF,0.05555201098105674,0.4923758751518952,0.4520721138670481
25643,LOF,0.2611184774599784,0.3337417416948813,0.40513978084514035
25644,LOF,0.017324839270647124,0.32513670307857584,0.657538457650777
25645,LOF,0.012572746040250904,0.44603287840664,0.5413943755531091
25646,LOF,0.02269840994308206,0.47897205509410246,0.4983295349628155
25647,LOF,0.014728632121316039,0.2769793737931211,0.7082919940855629
25648,LOF,0.021151000394831716,0.24873406990009272,0.7301149297050755
25649,LOF,0.012808709871123949,0.1474564673182101,0.839734822810666
25650,LOF,0.0646608172158569,0.30522705260196326,0.6301121301821798
25651,LOF,0.01660852006328495,0.26232914926314693,0.721062330673568
25652,LOF,0.012860474504217134,0.36565507086781435,0.6214844546279685
25653,LOF,0.03997779532141427,0.366560522402821,0.5934616822757648
25654,LOF,0.010899578770875721,0.3779756698969195,0.6111247513322048
25655,GOF,0.07744736009954306,0.5743262632030995,0.34822637669735745
25656,GOF,0.2049208497612071,0.4761030027113555,0.31897614752743747
25657,LOF,0.04427664435793786,0.41570927745761765,0.5400140781844445
25658,GOF,0.07362805745787902,0.5279257628156973,0.3984461797264237
25659,GOF,0.41587380144420155,0.4762191042229643,0.10790709433283403
25660,LOF,0.03907852319685091,0.1779036313831702,0.7830178454199788
25661,LOF,0.03907852319685091,0.1779036313831702,0.7830178454199788
25662,LOF,0.03907852319685091,0.1779036313831702,0.7830178454199788
25663,LOF,0.03907852319685091,0.1779036313831702,0.7830178454199788
25664,LOF,0.07577117174212374,0.1262195096740163,0.79800931858386
25665,LOF,0.03513141543053519,0.06702893309623996,0.8978396514732248
25666,LOF,0.07340052069794681,0.13635758637901843,0.7902418929230348
25667,LOF,0.03907852319685091,0.1779036313831702,0.7830178454199788
25668,LOF,0.03907852319685091,0.1779036313831702,0.7830178454199788
25669,LOF,0.03907852319685091,0.1779036313831702,0.7830178454199788
25670,LOF,0.0839038381025029,0.10231289120906348,0.8137832706884336
25671,LOF,0.03907852319685091,0.1779036313831702,0.7830178454199788
25672,LOF,0.022621514715570945,0.1052854156945357,0.8720930695898933
25673,LOF,0.06817844874723997,0.0839805446830041,0.8478410065697559
25674,LOF,0.060215355361170834,0.08763136992740873,0.8521532747114203
25675,LOF,0.06608619691864026,0.08388574152424641,0.8500280615571134
25676,LOF,0.03907852319685091,0.1779036313831702,0.7830178454199788
25677,LOF,0.03907852319685091,0.1779036313831702,0.7830178454199788
25678,LOF,0.08249943358885631,0.06859414307081516,0.8489064233403285
25679,LOF,0.11638533924206937,0.06920416463606091,0.8144104961218697
25680,LOF,0.03907852319685091,0.1779036313831702,0.7830178454199788
25681,LOF,0.03907852319685091,0.1779036313831702,0.7830178454199788
25682,LOF,0.03907852319685091,0.1779036313831702,0.7830178454199788
25683,LOF,0.09037256609806994,0.05539495881936593,0.8542324750825642
25684,LOF,0.03907852319685091,0.1779036313831702,0.7830178454199788
25685,LOF,0.037435315779472136,0.3952175307942142,0.5673471534263137
25686,GOF,0.023612135327272122,0.5018410325771839,0.4745468320955438
25687,GOF,0.028091393593918604,0.7871493493512676,0.1847592570548138
25688,LOF,0.4011524559367736,0.06544618020966683,0.5334013638535595
25689,LOF,0.17463284578056099,0.06431306877955996,0.7610540854398791
25690,LOF,0.2598146752810013,0.07349763216229563,0.6666876925567031
25691,Neutral,0.6785865498223638,0.04139940871969423,0.2800140414579419
25692,LOF,0.18043708276743903,0.013989743097029949,0.805573174135531
25693,GOF,0.10933116694033032,0.6027797832970792,0.28788904976259055
25694,LOF,0.1439105844552537,0.030638974615757313,0.8254504409289889
25695,LOF,0.10840283126118767,0.04102357905699534,0.850573589681817
25696,LOF,0.11527882936118616,0.045460841985227256,0.8392603286535867
25697,LOF,0.08089568047376008,0.16182167413102863,0.7572826453952113
25698,GOF,0.1510880064235326,0.47554280376433394,0.3733691898121335
25699,LOF,0.22576627135686156,0.32631323985764327,0.44792048878549523
25700,LOF,0.05885280386344545,0.06940447572933245,0.8717427204072221
25701,LOF,0.1655266902969353,0.27709081127684904,0.5573824984262157
25702,GOF,0.14970831606609983,0.7532599354470203,0.0970317484868798
25703,LOF,0.027140262833336676,0.41186405095248274,0.5609956862141806
25704,LOF,0.030622788504886596,0.4303592415438482,0.5390179699512652
25705,LOF,0.026550310159361174,0.40483508517444655,0.5686146046661923
25706,GOF,0.09468202558859498,0.5965903387506536,0.3087276356607514
25707,GOF,0.10980598803465538,0.5236278418363788,0.36656617012896586
25708,LOF,0.041666928361129105,0.39888224733841304,0.5594508243004579
25709,LOF,0.026550310159361174,0.40483508517444655,0.5686146046661923
25710,LOF,0.016051795861191608,0.21511819766569437,0.768830006473114
25711,LOF,0.026550310159361174,0.40483508517444655,0.5686146046661923
25712,LOF,0.01847839744128953,0.234379810657614,0.7471417919010964
25713,LOF,0.026550310159361174,0.40483508517444655,0.5686146046661923
25714,LOF,0.026550310159361174,0.40483508517444655,0.5686146046661923
25715,LOF,0.026550310159361174,0.40483508517444655,0.5686146046661923
25716,LOF,0.014790904593170041,0.1637102201546964,0.8214988752521336
25717,LOF,0.015383937401562948,0.2022873009408887,0.7823287616575484
25718,LOF,0.026550310159361174,0.40483508517444655,0.5686146046661923
25719,LOF,0.026550310159361174,0.40483508517444655,0.5686146046661923
25720,LOF,0.026550310159361174,0.40483508517444655,0.5686146046661923
25721,LOF,0.026550310159361174,0.40483508517444655,0.5686146046661923
25722,LOF,0.026550310159361174,0.40483508517444655,0.5686146046661923
25723,LOF,0.026550310159361174,0.40483508517444655,0.5686146046661923
25724,LOF,0.09723878677791306,0.38885854105835616,0.5139026721637309
25725,LOF,0.026550310159361174,0.40483508517444655,0.5686146046661923
25726,LOF,0.026550310159361174,0.40483508517444655,0.5686146046661923
25727,LOF,0.026550310159361174,0.40483508517444655,0.5686146046661923
25728,LOF,0.026550310159361174,0.40483508517444655,0.5686146046661923
25729,LOF,0.026550310159361174,0.40483508517444655,0.5686146046661923
25730,LOF,0.026550310159361174,0.40483508517444655,0.5686146046661923
25731,LOF,0.013296590080462866,0.3540577308296378,0.6326456790898993
25732,LOF,0.026550310159361174,0.40483508517444655,0.5686146046661923
25733,LOF,0.026550310159361174,0.40483508517444655,0.5686146046661923
25734,LOF,0.019148399265555678,0.19472938125699707,0.7861222194774473
25735,LOF,0.026550310159361174,0.40483508517444655,0.5686146046661923
25736,LOF,0.026550310159361174,0.40483508517444655,0.5686146046661923
25737,LOF,0.026550310159361174,0.40483508517444655,0.5686146046661923
25738,LOF,0.026550310159361174,0.40483508517444655,0.5686146046661923
25739,LOF,0.026550310159361174,0.40483508517444655,0.5686146046661923
25740,LOF,0.026550310159361174,0.40483508517444655,0.5686146046661923
25741,LOF,0.026550310159361174,0.40483508517444655,0.5686146046661923
25742,LOF,0.026550310159361174,0.40483508517444655,0.5686146046661923
25743,LOF,0.02839416522237559,0.08890314500405382,0.8827026897735706
25744,Neutral,0.5699833034942674,0.1681735381029822,0.26184315840275035
25745,LOF,0.03342468079859982,0.18629838720812847,0.7802769319932719
25746,LOF,0.025414458056486604,0.17081646930092656,0.8037690726425868
25747,LOF,0.0365822901423312,0.20689271191499517,0.7565249979426736
25748,LOF,0.1116467708648007,0.29833897546539795,0.5900142536698014
25749,LOF,0.0211230149391375,0.2832528195178339,0.6956241655430286
25750,LOF,0.02370929810764165,0.20138194849983984,0.7749087533925185
25751,LOF,0.0365822901423312,0.20689271191499517,0.7565249979426736
25752,GOF,0.05022027126951256,0.8505506612948288,0.09922906743565875
25753,GOF,0.017361843626303382,0.5295398980999735,0.4530982582737232
25754,GOF,0.020668263106123307,0.8704796863200511,0.10885205057382565
25755,LOF,0.02405711627667104,0.4040305560325279,0.571912327690801
25756,GOF,0.026202594486908783,0.5623299125438245,0.4114674929692667
25757,GOF,0.017803953507957906,0.8661059827038156,0.11609006378822659
25758,GOF,0.028760799871223968,0.8218607566680306,0.14937844346074547
25759,GOF,0.017526195006097648,0.7251565372503918,0.25731726774351066
25760,LOF,0.021223982850094553,0.4183210108406385,0.5604550063092669
25761,GOF,0.2643040339098915,0.6442686105152994,0.09142735557480909
25762,LOF,0.028620752051265505,0.45395622946961517,0.5174230184791193
25763,LOF,0.01913723726301376,0.4316655637751046,0.5491971989618816
25764,GOF,0.06078732425456805,0.8591971781189596,0.08001549762647223
25765,GOF,0.021150966702519168,0.8301482655816247,0.14870076771585602
25766,GOF,0.06398661738982489,0.8235792866454434,0.11243409596473171
25767,GOF,0.08024380454933751,0.767321966806647,0.15243422864401546
25768,LOF,0.036290674739941256,0.29531644366246596,0.6683928815975928
25769,LOF,0.035696453899822844,0.2871995203546083,0.6771040257455688
25770,LOF,0.246923444980303,0.20606843308800557,0.5470081219316915
25771,LOF,0.05603812713271278,0.13605245790263734,0.8079094149646499
25772,LOF,0.035696453899822844,0.2871995203546083,0.6771040257455688
25773,LOF,0.05345348532118046,0.14189749391557296,0.8046490207632466
25774,LOF,0.01720945129314964,0.17624366543429718,0.8065468832725531
25775,LOF,0.0689158838105514,0.10218936645804885,0.8288947497313998
25776,LOF,0.035696453899822844,0.2871995203546083,0.6771040257455688
25777,LOF,0.2692433326946512,0.11382952799725468,0.6169271393080942
25778,LOF,0.035696453899822844,0.2871995203546083,0.6771040257455688
25779,Neutral,0.42915744167216713,0.4164420369088013,0.15440052141903163
25780,Neutral,0.5235115613585075,0.358530684746794,0.11795775389469834
25781,GOF,0.27270729134212546,0.5584261897066237,0.16886651895125082
25782,GOF,0.2306373350722315,0.5678133276055514,0.20154933732221714
25783,LOF,0.03556047462802335,0.42340040710903454,0.541039118262942
25784,Neutral,0.6885500639544424,0.22906414765523983,0.0823857883903178
25785,Neutral,0.6607553349997279,0.18241154042107466,0.15683312457919732
25786,GOF,0.023995410277472484,0.7015175036512324,0.274487086071295
25787,Neutral,0.8742577334526614,0.07208813048145873,0.053654136065879855
25788,LOF,0.03875419339618208,0.10251865724252365,0.8587271493612942
25789,GOF,0.15120710961536704,0.6930974117967714,0.15569547858786142
25790,GOF,0.20404281600301316,0.60768359110759,0.1882735928893969
25791,GOF,0.1301928305784279,0.5499558399018096,0.3198513295197624
25792,GOF,0.3815987065818232,0.4115117765425127,0.20688951687566395
25793,GOF,0.40651434842493755,0.4502050368894728,0.1432806146855896
25794,GOF,0.23711181839111756,0.5778259966420906,0.18506218496679186
25795,GOF,0.0550968520295166,0.7664387640581419,0.1784643839123415
25796,Neutral,0.553946378462105,0.2253639992984008,0.22068962223949418
25797,LOF,0.08855909549475026,0.45468835217490355,0.4567525523303462
25798,GOF,0.015030488851226391,0.5015724883993916,0.48339702274938195
25799,LOF,0.01596608760374206,0.44035262461531527,0.5436812877809427
25800,GOF,0.06434621565584207,0.6408978462631821,0.29475593808097583
25801,GOF,0.2798672864125417,0.5710907737682236,0.14904193981923478
25802,GOF,0.08248448219227227,0.6762723026764831,0.24124321513124478
25803,GOF,0.09576647332062238,0.598807075990778,0.30542645068859975
25804,GOF,0.05173529898101612,0.5116356715034772,0.43662902951550664
25805,GOF,0.11044790709170163,0.720566492997339,0.16898559991095943
25806,GOF,0.14724517976972243,0.5793428176672377,0.27341200256303994
25807,GOF,0.020077684728595686,0.6126325258808796,0.36728978939052476
25808,GOF,0.07425807384066149,0.7066332355035042,0.2191086906558343
25809,LOF,0.016853530397016935,0.49054369530403136,0.49260277429895166
25810,GOF,0.02057897007153791,0.5876939200853168,0.39172710984314524
25811,Neutral,0.5330812432524675,0.35619782439235503,0.11072093235517728
25812,GOF,0.05517708571520473,0.5096457838037888,0.43517713048100654
25813,Neutral,0.6966553896248768,0.19110586956972236,0.11223874080540079
25814,GOF,0.14758899333785824,0.6759818819031639,0.17642912475897793
25815,GOF,0.28197048430265287,0.5754400488930314,0.14258946680431572
25816,GOF,0.028293611351766963,0.768558916361484,0.20314747228674915
25817,GOF,0.1372732742588141,0.7078474496439262,0.15487927609725974
25818,GOF,0.06520910662529102,0.5201232337480947,0.41466765962661434
25819,GOF,0.37270170602857966,0.42972789395156447,0.19757040001985596
25820,GOF,0.19929073167960787,0.4466178507779795,0.3540914175424126
25821,GOF,0.052942716053990535,0.5988222085580548,0.34823507538795456
25822,GOF,0.2845564832895372,0.5072688451299365,0.20817467158052635
25823,GOF,0.04875132998302066,0.5762208886414844,0.375027781375495
25824,LOF,0.10070703585755227,0.4005180985100456,0.49877486563240214
25825,LOF,0.03615253154500409,0.39991710585101775,0.5639303626039781
25826,LOF,0.011446663663070773,0.48779084249382804,0.5007624938431012
25827,GOF,0.020061000322047547,0.6862478702828252,0.29369112939512726
25828,GOF,0.014651184983117849,0.5834395894136902,0.401909225603192
25829,LOF,0.010323321609443856,0.3901687670270122,0.599507911363544
25830,LOF,0.09741625137839766,0.313976936006151,0.5886068126154513
25831,GOF,0.12253035302236583,0.7738546291614883,0.10361501781614578
25832,GOF,0.03957562403823267,0.6917475597331746,0.26867681622859285
25833,GOF,0.14297931119242585,0.6798399288025836,0.1771807600049907
25834,GOF,0.0582964779256742,0.6825700691085016,0.25913345296582413
25835,GOF,0.15377456287217128,0.6640564136096034,0.18216902351822525
25836,GOF,0.06467756140164765,0.6642909538729983,0.27103148472535393
25837,GOF,0.031097858125195936,0.559557360417345,0.4093447814574589
25838,GOF,0.1330683533560321,0.6577669113841541,0.20916473525981388
25839,GOF,0.3990892507775759,0.4618792421049788,0.13903150711744525
25840,GOF,0.1512002410425159,0.6934624770576091,0.15533728189987492
25841,GOF,0.17356477866547954,0.6539272403649332,0.1725079809695871
25842,Neutral,0.4162970094599006,0.37705400053482624,0.20664899000527318
25843,GOF,0.3083178689422912,0.5193120330160756,0.1723700980416332
25844,GOF,0.11328813331677524,0.4653262719173166,0.4213855947659081
25845,GOF,0.025295514220977897,0.50977341539125,0.46493107038777204
25846,GOF,0.07873795118077444,0.7632430988498778,0.15801894996934765
25847,GOF,0.23277081428585916,0.6251686484547907,0.1420605372593501
25848,GOF,0.08872534771167358,0.6945388466924458,0.21673580559588065
25849,GOF,0.015514049706538456,0.5947883156607967,0.3896976346326648
25850,GOF,0.02852504706538016,0.7321686767829544,0.23930627615166547
25851,GOF,0.018334519450575463,0.5813953315747116,0.400270148974713
25852,GOF,0.2043583422288523,0.6339660691524154,0.1616755886187323
25853,GOF,0.36318816523515496,0.4392900699437724,0.19752176482107273
25854,GOF,0.016195512297109135,0.5402090884373427,0.4435953992655482
25855,LOF,0.04775431248341635,0.3220285721383975,0.6302171153781863
25856,Neutral,0.3646543135069293,0.36320927280686977,0.272136413686201
25857,GOF,0.04784300563487102,0.5442060855336021,0.407950908831527
25858,GOF,0.031223834716667512,0.677540958901301,0.2912352063820315
25859,GOF,0.014336074399086048,0.5373698049774558,0.4482941206234581
25860,GOF,0.41482468225142827,0.4579590436323038,0.12721627411626782
25861,GOF,0.24603561721863507,0.6496136799141893,0.1043507028671756
25862,GOF,0.17770509754559582,0.614357725911256,0.20793717654314833
25863,GOF,0.1902366422757323,0.6078114331522184,0.20195192457204925
25864,GOF,0.35632912649122317,0.45429890748754864,0.18937196602122816
25865,GOF,0.0994721707476416,0.7633976935091871,0.13713013574317132
25866,GOF,0.11233489153325603,0.62255409996709,0.265111008499654
25867,GOF,0.13294578255201636,0.7276974597297747,0.13935675771820902
25868,GOF,0.2292121308529619,0.5683913986710496,0.20239647047598852
25869,Neutral,0.8528768832249941,0.09796336599547403,0.04915975077953188
25870,LOF,0.2379149974717467,0.31419940602412694,0.4478855965041264
25871,GOF,0.09879397398056748,0.7023399409170512,0.19886608510238138
25872,GOF,0.24228025356214467,0.5094752016486825,0.24824454478917274
25873,GOF,0.19336506835898692,0.6121203795907799,0.19451455205023327
25874,LOF,0.03875419339618208,0.10251865724252365,0.8587271493612942
25875,LOF,0.11397822129457368,0.3693933071846463,0.5166284715207801
25876,LOF,0.022701520675250414,0.21392164267672906,0.7633768366480205
25877,LOF,0.3693542626466389,0.24843729148521448,0.3822084458681466
25878,GOF,0.1466777709758895,0.5392971917612956,0.31402503726281483
25879,GOF,0.08142792941301653,0.5239157698758903,0.39465630071109314
25880,LOF,0.04186941022366205,0.11451571351283303,0.843614876263505
25881,LOF,0.3860582272797844,0.19850666960150556,0.41543510311871
25882,LOF,0.11452861141025564,0.04764057269852583,0.8378308158912184
25883,LOF,0.07302829252374014,0.09280576461184784,0.8341659428644119
25884,LOF,0.0776725162423165,0.1174582155273119,0.8048692682303715
25885,LOF,0.09675257477555008,0.0574515219406442,0.8457959032838057
25886,LOF,0.1734854812325135,0.2117916686769899,0.6147228500904965
25887,LOF,0.3621718060388385,0.15145232294823752,0.48637587101292395
25888,LOF,0.20256971244673963,0.13631704561537497,0.6611132419378855
25889,LOF,0.10163642204532906,0.07856245238115327,0.8198011255735177
25890,LOF,0.07888731960902519,0.08556814420646464,0.8355445361845101
25891,LOF,0.06642241545951488,0.046754322683770236,0.8868232618567148
25892,LOF,0.10145325404122978,0.04882570637863781,0.8497210395801325
25893,LOF,0.303647352609876,0.05048435097428975,0.6458682964158342
25894,LOF,0.13936749022340483,0.03912695533994379,0.8215055544366513
25895,LOF,0.16193757979323695,0.028898773813302456,0.8091636463934605
25896,LOF,0.044720303016647964,0.0284337290820734,0.9268459679012786
25897,LOF,0.290669098398018,0.03656339758161887,0.6727675040203631
25898,Neutral,0.6518525938925761,0.07697106011512599,0.2711763459922979
25899,LOF,0.18861695855094293,0.10086266851172078,0.7105203729373364
25900,Neutral,0.6519888488047271,0.04176726169651318,0.30624388949875975
25901,LOF,0.07893377064556324,0.047097914386190674,0.873968314968246
25902,LOF,0.0978286156929425,0.026031741489427766,0.8761396428176298
25903,Neutral,0.4946392088919978,0.06593315731949767,0.4394276337885044
25904,LOF,0.2353315445223156,0.09075415166473971,0.6739143038129447
25905,LOF,0.014707249039390524,0.4652885363011931,0.5200042146594164
25906,LOF,0.02328639045285689,0.09339717618728438,0.8833164333598588
25907,LOF,0.012295940907548028,0.36610875132712517,0.6215953077653269
25908,LOF,0.018983589196024997,0.24923536407040198,0.731781046733573
25909,LOF,0.037076095767584034,0.1423789508670661,0.8205449533653498
25910,LOF,0.01956108147917034,0.4140745758965809,0.5663643426242488
25911,LOF,0.17466025071242652,0.017252618351436187,0.8080871309361372
25912,LOF,0.044249767451862924,0.07341950084651809,0.882330731701619
25913,LOF,0.22302840357349407,0.027033125581357235,0.7499384708451486
25914,LOF,0.059775236646040154,0.152673003538785,0.787551759815175
25915,Neutral,0.4480838658951423,0.39164912663346607,0.1602670074713915
25916,GOF,0.04496639659322646,0.6949723706050482,0.26006123280172533
25917,LOF,0.02467043977395338,0.13348407769960616,0.8418454825264404
25918,LOF,0.059775236646040154,0.152673003538785,0.787551759815175
25919,LOF,0.059775236646040154,0.152673003538785,0.787551759815175
25920,GOF,0.1803669810450055,0.6682445245307007,0.1513884944242938
25921,LOF,0.03353057735097259,0.24974825482945998,0.7167211678195675
25922,LOF,0.03368096052709321,0.23921202515597842,0.7271070143169285
25923,LOF,0.17260367348063724,0.21234416798028813,0.6150521585390746
25924,LOF,0.05123188489739508,0.10437073815597503,0.8443973769466299
25925,LOF,0.03217232889198151,0.11861855053168537,0.8492091205763331
25926,LOF,0.03255998987280241,0.09252694626298882,0.8749130638642088
25927,LOF,0.0743882399149564,0.2670279440239578,0.6585838160610857
25928,LOF,0.030965182305341017,0.09651554168046066,0.8725192760141983
25929,LOF,0.2945056798518006,0.20274428171609066,0.5027500384321087
25930,LOF,0.07302829252374014,0.09280576461184784,0.8341659428644119
25931,LOF,0.035337761444094375,0.07340428875244154,0.8912579498034641
25932,LOF,0.07302829252374014,0.09280576461184784,0.8341659428644119
25933,LOF,0.07302829252374014,0.09280576461184784,0.8341659428644119
25934,LOF,0.07302829252374014,0.09280576461184784,0.8341659428644119
25935,LOF,0.030608677003389474,0.11135064264085083,0.8580406803557596
25936,LOF,0.07302829252374014,0.09280576461184784,0.8341659428644119
25937,LOF,0.04271079561595888,0.0840709833730247,0.8732182210110165
25938,LOF,0.03813011786050362,0.13542076495830213,0.8264491171811943
25939,LOF,0.07302829252374014,0.09280576461184784,0.8341659428644119
25940,GOF,0.015978958318109422,0.7115726413377893,0.2724484003441014
25941,LOF,0.23838167441910224,0.04396495156541044,0.7176533740154872
25942,LOF,0.03709622654968609,0.01976715103691258,0.9431366224134013
25943,LOF,0.3163818331081646,0.02900244683972921,0.6546157200521061
25944,LOF,0.44738602362280944,0.02391478131874758,0.528699195058443
25945,LOF,0.2131393412485158,0.05581112636752078,0.7310495323839633
25946,LOF,0.021025601365441925,0.052519810927747344,0.9264545877068108
25947,GOF,0.05934063572368467,0.49661317147106815,0.44404619280524704
25948,LOF,0.3740185353900395,0.013541604043124112,0.6124398605668364
25949,LOF,0.10907011373165919,0.02608762384353824,0.8648422624248026
25950,LOF,0.3610677563031194,0.19827450144839667,0.440657742248484
25951,GOF,0.17269556302101274,0.5134303740434756,0.31387406293551173
25952,LOF,0.05249014844400472,0.4715936384643572,0.4759162130916381
25953,GOF,0.14857990198997728,0.4721568649940253,0.3792632330159974
25954,Neutral,0.47240056015020493,0.4203214494589525,0.10727799039084268
25955,LOF,0.06033659693732892,0.32853739735549276,0.6111260057071783
25956,LOF,0.12093193698271755,0.1998520949703993,0.6792159680468832
25957,LOF,0.053177322352285804,0.06628145421071942,0.8805412234369947
25958,LOF,0.08940860913847923,0.03871180523601664,0.871879585625504
25959,LOF,0.11831668964386817,0.27300205201567646,0.6086812583404554
25960,LOF,0.03330769541468521,0.0938638410789977,0.8728284635063172
25961,LOF,0.08940860913847923,0.03871180523601664,0.871879585625504
25962,LOF,0.038816143960453076,0.18918552907855446,0.7719983269609925
25963,LOF,0.04501329224016642,0.26269745135183015,0.6922892564080034
25964,LOF,0.041850166840086314,0.15272350868373955,0.8054263244761742
25965,Neutral,0.6946763996773038,0.09826830365805574,0.20705529666464043
25966,LOF,0.10843878119612664,0.3747171107485457,0.5168441080553277
25967,LOF,0.01930402556892103,0.39844058963750795,0.5822553847935711
25968,GOF,0.06489800562655947,0.6862649697100563,0.24883702466338428
25969,LOF,0.026819568084149117,0.06617921427597172,0.9070012176398792
25970,LOF,0.04867442199752871,0.0420853059869221,0.9092402720155491
25971,LOF,0.08752603685900658,0.03332090800986231,0.8791530551311311
25972,LOF,0.08752603685900658,0.03332090800986231,0.8791530551311311
25973,LOF,0.12162447637063604,0.03379371707431738,0.8445818065550466
25974,Neutral,0.5765512473137017,0.0644340673812791,0.3590146853050193
25975,LOF,0.08233565753870624,0.07245270977347332,0.8452116326878205
25976,LOF,0.03653962921571158,0.03696191629918587,0.9264984544851026
25977,LOF,0.029701594077999948,0.3903727964419904,0.5799256094800096
25978,LOF,0.30671677779730505,0.10443518964311678,0.5888480325595782
25979,LOF,0.2511565162202016,0.09960928963124234,0.6492341941485561
25980,LOF,0.2502446414097395,0.12388544128029777,0.6258699173099627
25981,LOF,0.2502446414097395,0.12388544128029777,0.6258699173099627
25982,LOF,0.45897923499437965,0.05982786105597512,0.4811929039496453
25983,Neutral,0.5441415985050674,0.07805800470488186,0.37780039679005084
25984,LOF,0.033910343187444195,0.24203592946224492,0.7240537273503108
25985,GOF,0.027231468211587746,0.5489365968519667,0.42383193493644544
25986,GOF,0.05207907092025713,0.569251747138831,0.37866918194091187
25987,LOF,0.09448753564295555,0.15609240366675242,0.749420060690292
25988,LOF,0.033910343187444195,0.24203592946224492,0.7240537273503108
25989,LOF,0.033910343187444195,0.24203592946224492,0.7240537273503108
25990,LOF,0.033910343187444195,0.24203592946224492,0.7240537273503108
25991,LOF,0.26945202208599794,0.3512419216378747,0.3793060562761274
25992,Neutral,0.4086220875657336,0.3329060225609878,0.25847188987327874
25993,LOF,0.04653449787416893,0.1484021144241238,0.8050633877017072
25994,LOF,0.04653449787416893,0.1484021144241238,0.8050633877017072
25995,LOF,0.04653449787416893,0.1484021144241238,0.8050633877017072
25996,LOF,0.1233429223377206,0.36398707399770264,0.5126700036645768
25997,GOF,0.10862056400352994,0.6124619723848472,0.2789174636116228
25998,Neutral,0.5462141963250191,0.023555513659715668,0.43023029001526536
25999,LOF,0.21601662542879657,0.3055038434322237,0.47847953113897984
26000,LOF,0.08528465957505732,0.033692987293149027,0.8810223531317937
26001,LOF,0.11398776600664969,0.13892351282531376,0.7470887211680366
26002,LOF,0.062086588259575776,0.09884418823441525,0.839069223506009
26003,GOF,0.010084365800495503,0.5869634131980418,0.40295222100146266
26004,GOF,0.018339547749630748,0.6665080309197099,0.31515242133065935
26005,GOF,0.01050278449406282,0.5402674994735472,0.4492297160323899
26006,Neutral,0.5307514448031856,0.2315277276448077,0.23772082755200677
26007,GOF,0.019374684939463226,0.6819020991950338,0.29872321586550316
26008,GOF,0.015451859914726683,0.6010768736142234,0.3834712664710501
26009,GOF,0.034267431892453536,0.740492894409134,0.22523967369841238
26010,GOF,0.013205434468699,0.7706539612810078,0.21614060425029324
26011,GOF,0.01025963814496692,0.5980594647938792,0.39168089706115394
26012,GOF,0.016790758469760275,0.660213819490643,0.3229954220395968
26013,GOF,0.012155871326405616,0.7178585946573548,0.2699855340162394
26014,LOF,0.053081752669298064,0.3650926005294401,0.5818256468012619
26015,LOF,0.2124968236034036,0.025565150060324903,0.7619380263362714
26016,LOF,0.38543798998152873,0.06518187366995302,0.5493801363485183
26017,LOF,0.3170185491641275,0.060483067049512125,0.6224983837863604
26018,LOF,0.09556713624454076,0.024662316706739046,0.8797705470487203
26019,LOF,0.09556713624454076,0.024662316706739046,0.8797705470487203
26020,LOF,0.1424698958398578,0.1185305728578087,0.7389995313023334
26021,LOF,0.10879920466810367,0.140106998227371,0.7510937971045254
26022,LOF,0.029207832717144663,0.03797984155284606,0.9328123257300093
26023,LOF,0.23219396915837662,0.045325578819109764,0.7224804520225137
26024,LOF,0.05965561773467056,0.1160351849020114,0.824309197363318
26025,LOF,0.32865167525758876,0.09056225867823763,0.5807860660641736
26026,Neutral,0.5381595007249678,0.014781088048671646,0.4470594112263606
26027,LOF,0.09556713624454076,0.024662316706739046,0.8797705470487203
26028,LOF,0.3334807521932868,0.06297053255869459,0.6035487152480187
26029,GOF,0.0495786214087612,0.6256986887364108,0.324722689854828
26030,LOF,0.0248739038711969,0.16118336809989248,0.8139427280289108
26031,LOF,0.016834155287823113,0.36403058134517413,0.6191352633670028
26032,LOF,0.04074071065560685,0.19848041218540502,0.7607788771589882
26033,GOF,0.18601369556197744,0.46685021077701727,0.34713609366100534
26034,LOF,0.023326219996680622,0.2975430523545422,0.6791307276487772
26035,LOF,0.018923285433648535,0.39074514760568896,0.5903315669606626
26036,LOF,0.022330706558006716,0.29397483892156195,0.6836944545204313
26037,LOF,0.015130405447270128,0.24205553373394217,0.7428140608187878
26038,LOF,0.04074071065560685,0.19848041218540502,0.7607788771589882
26039,LOF,0.035442904476190806,0.32469669074919294,0.6398604047746163
26040,GOF,0.22637824341324542,0.5976484056996916,0.17597335088706315
26041,LOF,0.016068069673471002,0.2195919545464878,0.7643399757800412
26042,LOF,0.014679982747249978,0.23118368579180043,0.7541363314609496
26043,LOF,0.04074071065560685,0.19848041218540502,0.7607788771589882
26044,LOF,0.02759529665447858,0.20842071570837525,0.763983987637146
26045,LOF,0.04321959006159187,0.3010885153958683,0.6556918945425397
26046,LOF,0.04074071065560685,0.19848041218540502,0.7607788771589882
26047,LOF,0.04074071065560685,0.19848041218540502,0.7607788771589882
26048,LOF,0.06771276749904816,0.17391841385045076,0.7583688186505011
26049,Neutral,0.9116954060880939,0.04703095434456224,0.04127363956734397
26050,Neutral,0.8943980551172962,0.05349318983926128,0.05210875504344248
26051,GOF,0.01986304578105512,0.7303940658791765,0.24974288833976827
26052,GOF,0.02192206553760088,0.7815671259615771,0.19651080850082203
26053,LOF,0.042799692540084415,0.4557948861492435,0.5014054213106721
26054,LOF,0.045914736741266594,0.03905899581752216,0.9150262674412112
26055,LOF,0.049110150084341296,0.03051695766660444,0.9203728922490543
26056,LOF,0.03887275619007488,0.03664119685764796,0.9244860469522773
26057,LOF,0.08167447504829461,0.08782431126514835,0.830501213686557
26058,LOF,0.08167447504829461,0.08782431126514835,0.830501213686557
26059,LOF,0.24549116130205353,0.1923705507858171,0.5621382879121293
26060,LOF,0.09641073224756637,0.3813277273406245,0.522261540411809
26061,LOF,0.04094211666865566,0.03869889116427866,0.9203589921670656
26062,LOF,0.028899956935313817,0.03448908587851566,0.9366109571861706
26063,LOF,0.08167447504829461,0.08782431126514835,0.830501213686557
26064,LOF,0.035260447415931935,0.029892804862003283,0.9348467477220647
26065,LOF,0.08167447504829461,0.08782431126514835,0.830501213686557
26066,LOF,0.08167447504829461,0.08782431126514835,0.830501213686557
26067,LOF,0.08167447504829461,0.08782431126514835,0.830501213686557
26068,LOF,0.040423337300913846,0.05510214006086006,0.9044745226382261
26069,LOF,0.39997483741688195,0.03599545861047996,0.564029703972638
26070,Neutral,0.653134883609619,0.017192005166257133,0.3296731112241239
26071,LOF,0.08167447504829461,0.08782431126514835,0.830501213686557
26072,LOF,0.02849656224289788,0.06287557854104028,0.9086278592160619
26073,LOF,0.08167447504829461,0.08782431126514835,0.830501213686557
26074,Neutral,0.9526456192956756,0.016982697964858184,0.030371682739466208
26075,LOF,0.0468746777360404,0.03981221680092553,0.913313105463034
26076,LOF,0.08167447504829461,0.08782431126514835,0.830501213686557
26077,LOF,0.029922148993950716,0.0808055943391886,0.8892722566668606
26078,LOF,0.026658987484376805,0.05388641105175385,0.9194546014638693
26079,LOF,0.040167748762403116,0.044930389834962316,0.9149018614026346
26080,LOF,0.040167748762403116,0.044930389834962316,0.9149018614026346
26081,LOF,0.08167447504829461,0.08782431126514835,0.830501213686557
26082,LOF,0.03188047849001648,0.03597113243167728,0.9321483890783062
26083,LOF,0.08167447504829461,0.08782431126514835,0.830501213686557
26084,LOF,0.08167447504829461,0.08782431126514835,0.830501213686557
26085,LOF,0.08167447504829461,0.08782431126514835,0.830501213686557
26086,LOF,0.08167447504829461,0.08782431126514835,0.830501213686557
26087,LOF,0.08167447504829461,0.08782431126514835,0.830501213686557
26088,LOF,0.03536417169303129,0.07400131873639275,0.890634509570576
26089,LOF,0.04511309935908699,0.028268764257923327,0.9266181363829896
26090,LOF,0.03945400194981404,0.02604369162806553,0.9345023064221205
26091,LOF,0.08167447504829461,0.08782431126514835,0.830501213686557
26092,LOF,0.08167447504829461,0.08782431126514835,0.830501213686557
26093,LOF,0.08167447504829461,0.08782431126514835,0.830501213686557
26094,LOF,0.08167447504829461,0.08782431126514835,0.830501213686557
26095,LOF,0.07667825491194659,0.04317918756709384,0.8801425575209595
26096,LOF,0.0390754747181117,0.0318477393558933,0.9290767859259951
26097,LOF,0.030233601310711247,0.05265896992511649,0.9171074287641722
26098,LOF,0.043680095817249597,0.029434018550274065,0.9268858856324763
26099,LOF,0.08167447504829461,0.08782431126514835,0.830501213686557
26100,LOF,0.08167447504829461,0.08782431126514835,0.830501213686557
26101,LOF,0.08167447504829461,0.08782431126514835,0.830501213686557
26102,LOF,0.08167447504829461,0.08782431126514835,0.830501213686557
26103,Neutral,0.7430364297332572,0.06663132339757125,0.19033224686917147
26104,LOF,0.029713406040005948,0.06676128386526976,0.9035253100947244
26105,LOF,0.18890223832456107,0.08268453413101583,0.7284132275444231
26106,LOF,0.18603378425438294,0.06145290038397791,0.7525133153616391
26107,LOF,0.26071409210664287,0.057006341663385855,0.6822795662299713
26108,LOF,0.134571663309075,0.06305330121841422,0.8023750354725108
26109,LOF,0.07749152762704808,0.12315090822329036,0.7993575641496615
26110,LOF,0.30547451248789664,0.023561866903985238,0.6709636206081181
26111,LOF,0.29661219721268317,0.2515045869250575,0.4518832158622593
26112,LOF,0.09150805309120515,0.04949308698359442,0.8589988599252003
26113,LOF,0.09150805309120515,0.04949308698359442,0.8589988599252003
26114,LOF,0.05129227610272994,0.011637528925556265,0.9370701949717138
26115,LOF,0.14393950895788257,0.02161397064787393,0.8344465203942435
26116,LOF,0.08150359254555974,0.027153172430575887,0.8913432350238644
26117,LOF,0.170973752817054,0.2089297312042526,0.6200965159786934
26118,LOF,0.05996485874512109,0.0876675853901763,0.8523675558647026
26119,LOF,0.03113989535963977,0.28075879862867154,0.6881013060116887
26120,LOF,0.05996485874512109,0.0876675853901763,0.8523675558647026
26121,LOF,0.05014370445655555,0.2692653279383996,0.6805909676050448
26122,LOF,0.0641328764978822,0.26287785142782666,0.672989272074291
26123,LOF,0.05363655775076404,0.296974613682684,0.6493888285665519
