feature0,prediction,LoGoFunc_Neutral,LoGoFunc_GOF,LoGoFunc_LOF
25546,Neutral,0.6253709546617632,0.054209321981902085,0.3204197233563348
25547,Neutral,0.5145819567599247,0.0832805085174986,0.40213753472257674
25548,Neutral,0.5070173470935708,0.07496515613658103,0.4180174967698481
25549,LOF,0.4535395064909325,0.07601167407875245,0.470448819430315
25550,LOF,0.3910270987216673,0.08311362430344933,0.5258592769748834
25551,LOF,0.34518519357628685,0.09342657312141714,0.561388233302296
25552,LOF,0.3066933019120975,0.10373274860258386,0.5895739494853187
25553,Neutral,0.7952019793810999,0.047371753624230684,0.15742626699466938
25554,LOF,0.34115415279396194,0.09526305386557271,0.5635827933404653
25555,LOF,0.29563710312834346,0.09251544281278547,0.6118474540588711
25556,Neutral,0.48799563177149663,0.08379613511979456,0.42820823310870887
25557,LOF,0.2901921259192867,0.09487785659110942,0.6149300174896039
25558,LOF,0.3521238555856596,0.08990793849420979,0.5579682059201306
25559,LOF,0.2215342474758917,0.04997452790895049,0.7284912246151578
25560,LOF,0.07486351547565735,0.16033830501467894,0.7647981795096638
25561,LOF,0.09058353411416077,0.22469661018227352,0.6847198557035657
25562,LOF,0.034419480680867955,0.11984028849024651,0.8457402308288855
25563,LOF,0.009602998855577336,0.16836826100021038,0.8220287401442123
25564,LOF,0.088789896256073,0.12099186865423533,0.7902182350896917
25565,LOF,0.15903624276703118,0.1394539946171216,0.7015097626158471
25566,GOF,0.06408523228455314,0.6354302937584063,0.3004844739570405
25567,LOF,0.04119067362915888,0.15929129925913166,0.7995180271117094
25568,LOF,0.061779648119634344,0.09662831178806999,0.8415920400922957
25569,LOF,0.06090981538934735,0.0925292434716922,0.8465609411389604
25570,LOF,0.029752917938415623,0.13321809446767402,0.8370289875939104
25571,LOF,0.026454655005551584,0.13396515765084585,0.8395801873436025
25572,LOF,0.06289903901496034,0.18500295241586087,0.7520980085691787
25573,LOF,0.06552747421841888,0.12146301808614211,0.8130095076954389
25574,LOF,0.07103197899867854,0.2139651994050934,0.7150028215962281
25575,LOF,0.02650273881056091,0.1404434391617879,0.8330538220276512
25576,LOF,0.03073494538269326,0.21884512459964753,0.7504199300176592
25577,LOF,0.03512481928861099,0.16080524491699483,0.8040699357943942
25578,LOF,0.31595789755861386,0.10394130415392513,0.5801007982874611
25579,LOF,0.20726869885441757,0.09953768866501718,0.6931936124805652
25580,LOF,0.02317603191374593,0.09177600530088846,0.8850479627853657
25581,LOF,0.048735219205305505,0.09862829362435235,0.852636487170342
25582,LOF,0.04846220915523443,0.09642855423263964,0.855109236612126
25583,LOF,0.02801381276279548,0.09186891013792442,0.8801172770992801
25584,Neutral,0.7202820651261316,0.12332200247662929,0.156395932397239
25585,LOF,0.020868792223013355,0.20936111978918373,0.7697700879878028
25586,LOF,0.01946189864380616,0.09778815261973839,0.8827499487364555
25587,LOF,0.019457925210989855,0.08954269509070956,0.8909993796983006
25588,LOF,0.023421019922850977,0.08471466718792466,0.8918643128892243
25589,Neutral,0.5416848490822053,0.23099458805776316,0.22732056286003163
25590,LOF,0.05108582274950381,0.1529640359480339,0.7959501413024623
25591,LOF,0.08017068607799765,0.09024694408102975,0.8295823698409727
25592,LOF,0.06603737453575532,0.17182070139766234,0.7621419240665824
25593,LOF,0.11523570608646552,0.3186751936271816,0.5660891002863528
25594,LOF,0.05732896969707615,0.04415458268954924,0.8985164476133746
25595,LOF,0.0584088288788525,0.02654695812984039,0.915044212991307
25596,LOF,0.11284549184575529,0.01670975414021765,0.870444754014027
25597,LOF,0.09152922253882823,0.02000716011898012,0.8884636173421916
25598,LOF,0.05491973377935412,0.028499231252366232,0.9165810349682796
25599,LOF,0.02438937038508171,0.36801811640481846,0.6075925132100999
25600,LOF,0.16651180528912263,0.3892693540692803,0.444218840641597
25601,LOF,0.04398774491411513,0.28639252535610454,0.6696197297297803
25602,LOF,0.031233047232078186,0.07847627063773824,0.8902906821301836
25603,LOF,0.044874730384366936,0.07292866343797724,0.8821966061776558
25604,LOF,0.03937325397648102,0.1342068964690577,0.8264198495544612
25605,LOF,0.035186321669816396,0.21727822534004726,0.7475354529901364
25606,Neutral,0.4417858754968952,0.2169386681701198,0.3412754563329851
25607,LOF,0.027906888417250454,0.26037757201818607,0.7117155395645635
25608,LOF,0.0358635711637287,0.1574340607807159,0.8067023680555554
25609,GOF,0.15658303051463746,0.4914043299448563,0.3520126395405061
25610,LOF,0.017480979012753316,0.054860935579482205,0.9276580854077644
25611,LOF,0.01446563117872563,0.06009109275439507,0.9254432760668793
25612,LOF,0.04734001405274428,0.0704544286267853,0.8822055573204705
25613,LOF,0.04646492757000075,0.06968447504058493,0.8838505973894142
25614,LOF,0.025686792736985153,0.046619549817012475,0.9276936574460024
25615,LOF,0.04153123693020054,0.05624316350674351,0.9022255995630559
25616,LOF,0.05972934122534272,0.05983213228688346,0.8804385264877739
25617,LOF,0.0467602101636819,0.06263487634365796,0.8906049134926601
25618,LOF,0.053098626810604226,0.08350911438643858,0.8633922588029571
25619,LOF,0.01423378288064435,0.06405518814389657,0.9217110289754591
25620,LOF,0.0652655631483891,0.06903615334495798,0.8656982835066529
25621,LOF,0.0649273843445455,0.05479790380546652,0.880274711849988
25622,LOF,0.07039620400293346,0.06921938641154762,0.8603844095855189
25623,LOF,0.06727316622520077,0.04829685534239373,0.8844299784324056
25624,LOF,0.0216195341656558,0.05814601943707822,0.920234446397266
25625,LOF,0.066852680590381,0.05937821157562303,0.8737691078339959
25626,LOF,0.04801558560192235,0.06086059808791424,0.8911238163101635
25627,Neutral,0.8843325042476091,0.024068383926197517,0.09159911182619318
25628,LOF,0.17612859337859663,0.0630331558125364,0.7608382508088669
25629,LOF,0.06811130380008634,0.0746289239669745,0.8572597722329391
25630,LOF,0.287395704056627,0.07653895860992069,0.6360653373334523
25631,Neutral,0.5432377946712579,0.05946084154608634,0.39730136378265574
25632,LOF,0.03230166259443496,0.08584940345883364,0.8818489339467314
25633,LOF,0.21018393292727405,0.05827590486433804,0.7315401622083879
25634,LOF,0.04536644538074889,0.1277904063327661,0.826843148286485
25635,LOF,0.03534869914791387,0.04779600730596572,0.9168552935461204
25636,GOF,0.028936185569451035,0.5557031285051807,0.41536068592536823
25637,GOF,0.05149825995219567,0.5455417346226236,0.4029600054251807
25638,GOF,0.03698172308969854,0.4909517794388455,0.47206649747145596
25639,LOF,0.030671183908039672,0.4650997562072941,0.5042290598846663
25640,Neutral,0.858405718409027,0.08858479643202147,0.0530094851589515
25641,GOF,0.11684833769843862,0.4590053281215537,0.4241463341800078
25642,LOF,0.08615771723365714,0.19424267693281458,0.7195996058335282
25643,LOF,0.24815862242139403,0.11598170105867134,0.6358596765199347
25644,GOF,0.01154354966450819,0.6552830555963447,0.33317339473914714
25645,GOF,0.011493548962038452,0.6593922196738006,0.3291142313641611
25646,LOF,0.028273226794737635,0.46856118126079815,0.5031655919444642
25647,LOF,0.011833734432900554,0.37073081687132403,0.6174354486957755
25648,LOF,0.015103586802319272,0.44229172161477975,0.5426046915829009
25649,LOF,0.008857246081908259,0.3356079031126803,0.6555348508054115
25650,GOF,0.02200368562072749,0.6506360397831783,0.32736027459609424
25651,LOF,0.009271601804249546,0.4450331077463607,0.5456952904493897
25652,LOF,0.013002082464878717,0.46251971533693254,0.5244782021981887
25653,GOF,0.04098836476105396,0.6413364630622499,0.31767517217669605
25654,LOF,0.011065802454278845,0.3408668096101267,0.6480673879355944
25655,GOF,0.12941277269604176,0.6600098694891177,0.21057735781484058
25656,LOF,0.32732946602353735,0.1278797899939041,0.5447907439825587
25657,LOF,0.05471919886173844,0.11045462388254972,0.8348261772557118
25658,LOF,0.3176631653519964,0.19108504790363556,0.49125178674436815
25659,Neutral,0.4843590221453836,0.18266963967052374,0.3329713381840927
25660,LOF,0.021192602469027672,0.1197358151534698,0.8590715823775026
25661,LOF,0.08285303886958226,0.06855485260793727,0.8485921085224806
25662,LOF,0.02876952703210331,0.03955339192902554,0.931677081038871
25663,LOF,0.033980083029965025,0.04218207847282079,0.9238378384972141
25664,LOF,0.11044218383044367,0.06899766906286255,0.8205601471066938
25665,LOF,0.0598355844299393,0.02906760896033501,0.9110968066097256
25666,LOF,0.08570945154394725,0.05793322497446983,0.8563573234815829
25667,LOF,0.07331433171057145,0.04073024082235468,0.8859554274670738
25668,LOF,0.031814379017517005,0.05115765328655371,0.9170279676959292
25669,LOF,0.025740005967067093,0.049188121780732987,0.9250718722521999
25670,LOF,0.11874606813167547,0.04243282117452274,0.8388211106938018
25671,LOF,0.10678122551230008,0.04171629252021108,0.8515024819674889
25672,LOF,0.05146662032000115,0.0456659659982505,0.9028674136817484
25673,LOF,0.07949692469517014,0.05123180863688842,0.8692712666679415
25674,LOF,0.06839283171269965,0.06614747844181688,0.8654596898454835
25675,LOF,0.09558983245880193,0.07070910733194789,0.8337010602092502
25676,LOF,0.016334964993518525,0.06080539798091084,0.9228596370255707
25677,LOF,0.020171181968655735,0.07975793261595729,0.9000708854153869
25678,LOF,0.19781422504176302,0.08513556517749125,0.7170502097807457
25679,LOF,0.11143607232602391,0.09235146895799315,0.7962124587159829
25680,LOF,0.025493922035349764,0.1349735691012209,0.8395325088634293
25681,LOF,0.043227910739185964,0.1281231445991682,0.8286489446616458
25682,LOF,0.12531730884406092,0.08557089796664714,0.7891117931892919
25683,LOF,0.10448562030785685,0.09460600421042002,0.8009083754817232
25684,LOF,0.03278767622362023,0.0749255184206343,0.8922868053557456
25685,LOF,0.1012953608298855,0.07254584797202906,0.8261587911980854
25686,LOF,0.07301957401316932,0.11501312472735369,0.8119673012594769
25687,LOF,0.11979368728718061,0.1205067265790819,0.7596995861337374
25688,LOF,0.3898844954796747,0.03816379700448884,0.5719517075158365
25689,LOF,0.2926663745578747,0.049281268482409796,0.6580523569597156
25690,LOF,0.32484938724082485,0.03580961096671509,0.6393410017924601
25691,Neutral,0.7114783851516397,0.03156252678286806,0.2569590880654923
25692,LOF,0.3646305492264281,0.015131785236844063,0.6202376655367278
25693,LOF,0.04028663507220932,0.4692147926600122,0.4904985722677785
25694,LOF,0.11003485805280326,0.02013459740518719,0.8698305445420095
25695,LOF,0.1089721911443403,0.011576790215731624,0.879451018639928
25696,LOF,0.15022198351109445,0.013676371566132441,0.8361016449227732
25697,LOF,0.059318085978765187,0.114751705539987,0.8259302084812479
25698,LOF,0.26509597847960287,0.25022506567742575,0.4846789558429713
25699,LOF,0.4310019672895505,0.044246208597006696,0.5247518241134428
25700,LOF,0.07493184113942458,0.012930929518741094,0.9121372293418343
25701,LOF,0.1601797331248917,0.04212388945026195,0.7976963774248463
25702,GOF,0.17727173983694533,0.6349164193346034,0.18781184082845123
25703,LOF,0.018906381839559568,0.1492942050513859,0.8317994131090545
25704,LOF,0.040261685291293384,0.16926098410486148,0.7904773306038451
25705,LOF,0.03486578872449492,0.10133775224633648,0.8637964590291687
25706,LOF,0.12188219369757454,0.39883136758561877,0.4792864387168066
25707,LOF,0.08706193362863107,0.2967312915391614,0.6162067748322075
25708,LOF,0.04629206026804034,0.29493258843861614,0.6587753512933434
25709,LOF,0.07422484786963508,0.032470452282768465,0.8933046998475964
25710,LOF,0.01489579442722112,0.11501248997379433,0.8700917155989846
25711,LOF,0.019503794815685333,0.07612305152756542,0.9043731536567492
25712,LOF,0.01691747872627226,0.16729563510057766,0.8157868861731501
25713,LOF,0.01719502900507408,0.07904260890401213,0.9037623620909138
25714,LOF,0.07582252049820358,0.055945378953601396,0.868232100548195
25715,LOF,0.011996543008048708,0.1100190869101726,0.8779843700817787
25716,LOF,0.013470929741790172,0.10606774722771446,0.8804613230304954
25717,LOF,0.015834736484660394,0.08428885258489387,0.8998764109304458
25718,LOF,0.01100199371354333,0.07184911547640675,0.91714889081005
25719,LOF,0.021647707300071633,0.07057503043814006,0.9077772622617883
25720,LOF,0.025382608811439392,0.05648622913266326,0.9181311620558974
25721,LOF,0.01341984554939714,0.08953620620008419,0.8970439482505187
25722,LOF,0.013622746803850058,0.06651939386610808,0.9198578593300418
25723,LOF,0.024149208652008296,0.03886163888755748,0.9369891524604343
25724,LOF,0.032601884198182045,0.06585426977450308,0.9015438460273149
25725,LOF,0.011647855240045517,0.06043401021123925,0.9279181345487153
25726,LOF,0.015994613091437786,0.08645436136161752,0.8975510255469447
25727,LOF,0.013033527251712966,0.06624940968325445,0.9207170630650326
25728,LOF,0.01007759167356766,0.07092205813980625,0.9190003501866261
25729,LOF,0.010451008715481875,0.06985516762941299,0.9196938236551051
25730,LOF,0.013705107657842988,0.07155215823125437,0.9147427341109027
25731,LOF,0.024401100418500965,0.08192336750018477,0.8936755320813142
25732,LOF,0.012733039798664745,0.046675865398619884,0.9405910948027154
25733,LOF,0.017369660218963315,0.045745448694669184,0.9368848910863674
25734,LOF,0.013721561838878054,0.1136470901891031,0.8726313479720189
25735,LOF,0.011107574348597514,0.055606779558613664,0.9332856460927887
25736,LOF,0.011773357562372737,0.05357349719086845,0.9346531452467587
25737,LOF,0.012355171813968084,0.06828417906030543,0.9193606491257266
25738,LOF,0.012279582720471204,0.06818367064698622,0.9195367466325427
25739,LOF,0.019697736490721006,0.05559833602278933,0.9247039274864897
25740,LOF,0.027493338303037625,0.08120591485873924,0.8913007468382232
25741,LOF,0.015236819315854805,0.078523671984113,0.9062395087000321
25742,LOF,0.118377408132619,0.06026958154060027,0.8213530103267808
25743,LOF,0.040284404470439086,0.05273340697583446,0.9069821885537265
25744,Neutral,0.6268120278661868,0.22568311168222574,0.1475048604515875
25745,LOF,0.06414520707605395,0.07231199088199275,0.8635428020419532
25746,LOF,0.04586478652807968,0.0949715437542249,0.8591636697176954
25747,LOF,0.025759552341833056,0.08655565299744068,0.8876847946607263
25748,LOF,0.1404770155034587,0.13831749653510575,0.7212054879614356
25749,LOF,0.03079986861395326,0.08165924553857193,0.8875408858474747
25750,LOF,0.0761370086300269,0.09626425872468938,0.8275987326452837
25751,LOF,0.10556794953463258,0.14879805546998626,0.7456339949953811
25752,GOF,0.10089755941294797,0.6349219084780726,0.2641805321089795
25753,LOF,0.030304761522526265,0.3672677493922685,0.6024274890852052
25754,GOF,0.017438042452784477,0.8246114880021641,0.1579504695450514
25755,LOF,0.03169253568324738,0.40466208747335936,0.5636453768433933
25756,LOF,0.055650411294178234,0.424922251638074,0.5194273370677477
25757,GOF,0.02231872090344436,0.8775258802659,0.10015539883065562
25758,GOF,0.027311406408263187,0.840328817804806,0.1323597757869309
25759,GOF,0.012241242341096146,0.6444743115518005,0.34328444610710335
25760,LOF,0.017752839916171013,0.3583928276209757,0.6238543324628534
25761,GOF,0.26537693977658133,0.6584119356452206,0.076211124578198
25762,LOF,0.05478104645057229,0.3613727456704978,0.5838462078789298
25763,LOF,0.01843457892616359,0.25504575488647885,0.7265196661873575
25764,GOF,0.08144523921620399,0.7044908868564139,0.21406387392738208
25765,GOF,0.034385481820128454,0.7839570140180809,0.18165750416179052
25766,GOF,0.06748212920883317,0.8105905380560385,0.12192733273512828
25767,GOF,0.14791368467864746,0.4965092526380165,0.355577062683336
25768,LOF,0.11452902547832827,0.04695140263963843,0.8385195718820333
25769,LOF,0.053106472313936726,0.05917731760668589,0.8877162100793774
25770,LOF,0.3304721060406961,0.11578441267218895,0.5537434812871149
25771,LOF,0.05229777920432242,0.05620212904072828,0.8915000917549493
25772,LOF,0.018878595444158854,0.04992992184923535,0.9311914827066058
25773,LOF,0.05787338664154997,0.08425100970712696,0.857875603651323
25774,LOF,0.029511984843749804,0.12921156075016066,0.8412764544060896
25775,LOF,0.05773026624989172,0.06753152046623073,0.8747382132838777
25776,LOF,0.07536233132418878,0.033085684083203795,0.8915519845926074
25777,LOF,0.3461539287372051,0.1042134036492059,0.5496326676135891
25778,LOF,0.06821099238707093,0.0561335268654118,0.8756554807475172
25779,GOF,0.40039392554818576,0.549440503414135,0.05016557103767928
25780,GOF,0.31894583761831485,0.5942825120553521,0.08677165032633304
25781,GOF,0.13158601987199073,0.7594320532563069,0.10898192687170227
25782,GOF,0.19790511016039314,0.7266497159188345,0.0754451739207724
25783,GOF,0.02580863222023566,0.6560711622806548,0.3181202054991096
25784,Neutral,0.5265266003374838,0.43584825665983595,0.03762514300268037
25785,Neutral,0.48094031015517413,0.4718108593203955,0.04724883052443028
25786,GOF,0.033860788366990434,0.7447543509480916,0.22138486068491794
25787,Neutral,0.6799138251614599,0.29182982070560626,0.028256354132933825
25788,LOF,0.055589370882446726,0.08393022334649557,0.8604804057710577
25789,GOF,0.21663228300455892,0.6473838102128423,0.1359839067825988
25790,GOF,0.293175787176414,0.6135709099852873,0.09325330283829866
25791,GOF,0.1665802295184572,0.6658010915261368,0.167618678955406
25792,GOF,0.3831476076478322,0.49172341985428913,0.12512897249787872
25793,GOF,0.25840943177224107,0.47870920853603766,0.2628813596917214
25794,GOF,0.3108117517494492,0.4623492976885471,0.22683895056200376
25795,GOF,0.05606307437938031,0.6576115179853378,0.28632540763528197
25796,Neutral,0.5105674404793217,0.4117794950079694,0.07765306451270894
25797,GOF,0.07985008982716069,0.5553573684705952,0.3647925417022441
25798,GOF,0.00984878820199801,0.5258519040348654,0.46429930776313655
25799,LOF,0.007891149825359397,0.46833666755030395,0.5237721826243366
25800,GOF,0.038776714687746044,0.6467413162329022,0.3144819690793518
25801,GOF,0.24963792929156647,0.6612459076483863,0.08911616306004722
25802,GOF,0.06701407438510226,0.7076092392138803,0.22537668640101743
25803,GOF,0.04433974963083384,0.5852318901827139,0.3704283601864522
25804,GOF,0.04054908267719026,0.5197228296595217,0.4397280876632881
25805,GOF,0.14946081601147634,0.5743331019151354,0.2762060820733882
25806,GOF,0.14184530189209696,0.5950330220611518,0.2631216760467512
25807,GOF,0.021151025144408347,0.6554956815295301,0.3233532933260615
25808,GOF,0.1211912109925973,0.5958899995523842,0.28291878945501847
25809,GOF,0.021204777345626688,0.6422549446393041,0.3365402780150692
25810,GOF,0.022370571739640358,0.6500827644580899,0.32754666380226977
25811,Neutral,0.508241511768741,0.42916088837003596,0.06259759986122303
25812,GOF,0.04601772736773318,0.6264471072046991,0.32753516542756766
25813,Neutral,0.5913935811487673,0.30593315023058276,0.10267326862065004
25814,GOF,0.16142574827109718,0.6239127498089025,0.2146615019200004
25815,GOF,0.2648103317407282,0.5614405233185233,0.17374914494074845
25816,GOF,0.022196928611477817,0.6748939998749243,0.30290907151359786
25817,GOF,0.21682309535029515,0.6542721657472601,0.12890473890244475
25818,GOF,0.05152233174986981,0.5547273424220592,0.39375032582807096
25819,GOF,0.3722262388303345,0.4728785631568026,0.15489519801286278
25820,GOF,0.23914033718379166,0.5702035466005162,0.19065611621569212
25821,GOF,0.07438260489925154,0.6607350090963386,0.26488238600440983
25822,GOF,0.2678896498818888,0.5078277973942559,0.22428255272385533
25823,LOF,0.040060290654089475,0.4733868027187116,0.48655290662719897
25824,GOF,0.09260124546090419,0.5169746686991284,0.3904240858399673
25825,GOF,0.03653422594878915,0.5182886303885923,0.44517714366261857
25826,GOF,0.012485447816328363,0.5021641716846443,0.48535038049902723
25827,GOF,0.023965515675075977,0.5825124548711207,0.39352202945380327
25828,GOF,0.01573728373919598,0.5097019293420405,0.4745607869187635
25829,GOF,0.006878943085715167,0.5314458530740309,0.46167520384025384
25830,LOF,0.04384989776619147,0.2847655809828701,0.6713845212509384
25831,GOF,0.16244078171879242,0.7055151713989302,0.13204404688227742
25832,GOF,0.034195424321792525,0.7015028350140057,0.2643017406642019
25833,GOF,0.12340197205569767,0.7003009436209646,0.17629708432333763
25834,GOF,0.038866998118201296,0.6969412727756905,0.26419172910610816
25835,GOF,0.09630825590596884,0.6826929375192329,0.22099880657479834
25836,GOF,0.04920213035681406,0.6434035767468371,0.30739429289634873
25837,GOF,0.022539921451104877,0.5545030271191308,0.4229570514297643
25838,GOF,0.07424590927213406,0.7425627825611294,0.18319130816673665
25839,GOF,0.31262637233900575,0.5352978363490721,0.15207579131192214
25840,GOF,0.22237116743666943,0.5777881409909176,0.1998406915724131
25841,GOF,0.21217621647303112,0.5860433840041914,0.20178039952277746
25842,GOF,0.2064437624258169,0.6311415183209874,0.1624147192531957
25843,GOF,0.2196553115643374,0.651419937696662,0.12892475073900048
25844,GOF,0.05672473575374831,0.6468772971581485,0.29639796708810334
25845,LOF,0.013184913888631588,0.4799698170185893,0.506845269092779
25846,GOF,0.10049078415437805,0.7053231822558246,0.19418603358979733
25847,GOF,0.1286961721076251,0.7275751792816404,0.14372864861073462
25848,GOF,0.036088370601223885,0.6564660396260373,0.30744558977273884
25849,GOF,0.010527525151423875,0.5491632513899053,0.4403092234586708
25850,GOF,0.021439096984448004,0.5950795422590788,0.38348136075647327
25851,GOF,0.017919659459904196,0.4978168589306524,0.4842634816094435
25852,GOF,0.1376668660354548,0.5795653532775262,0.282767780687019
25853,GOF,0.3405643993114045,0.5778146773481193,0.08162092334047624
25854,GOF,0.020666199323350856,0.6479850461637898,0.3313487545128592
25855,GOF,0.03870839071328066,0.594160087454796,0.3671315218319235
25856,GOF,0.20336104749773565,0.5600197375735231,0.2366192149287413
25857,GOF,0.03593052458682893,0.5105242325106395,0.4535452429025316
25858,GOF,0.021448513017518475,0.556238168909356,0.4223133180731255
25859,GOF,0.011625410822052805,0.5391757669826274,0.44919882219531987
25860,GOF,0.3550953380133265,0.5558631637357195,0.08904149825095388
25861,GOF,0.3709576214921126,0.5447542070858377,0.0842881714220499
25862,GOF,0.08395107228650919,0.8011902416920788,0.11485868602141211
25863,GOF,0.08488503138406553,0.7940956143038426,0.12101935431209185
25864,GOF,0.20288299239290494,0.7269732424382556,0.07014376516883954
25865,GOF,0.075615819034269,0.791730532765303,0.1326536482004279
25866,GOF,0.06635994944998268,0.8108063315613042,0.12283371898871315
25867,GOF,0.08469536534150648,0.8093991626006608,0.10590547205783275
25868,GOF,0.23906946177243057,0.6578140133941881,0.10311652483338128
25869,Neutral,0.6894313850410697,0.2696681948953007,0.04090042006362961
25870,LOF,0.3792602745902862,0.2314309976206841,0.38930872778902975
25871,GOF,0.24453433052188875,0.6138328265687738,0.14163284290933748
25872,GOF,0.09538406431479958,0.6319431453139125,0.27267279037128783
25873,GOF,0.16788941650086742,0.6170261331564716,0.215084450342661
25874,LOF,0.02084791405059052,0.0974075177963424,0.881744568153067
25875,LOF,0.08534927736583818,0.0604010308344299,0.854249691799732
25876,LOF,0.028664578694303795,0.04780381466068763,0.9235316066450087
25877,Neutral,0.4974819397356046,0.05963276381820716,0.4428852964461883
25878,LOF,0.24127827036055233,0.10087013825032012,0.6578515913891275
25879,LOF,0.09684059768109167,0.12442602162735508,0.7787333806915532
25880,LOF,0.02185891275099453,0.025703924891843203,0.9524371623571622
25881,LOF,0.17692331224642527,0.1751377029883932,0.6479389847651815
25882,LOF,0.08660064483669123,0.02221317782577965,0.8911861773375291
25883,LOF,0.08806487421110579,0.03776679198348891,0.8741683338054054
25884,LOF,0.04686501104670736,0.04595318183582515,0.9071818071174674
25885,LOF,0.06667957627793056,0.01645863952764156,0.9168617841944278
25886,LOF,0.3577952839633054,0.07321787700700877,0.5689868390296858
25887,LOF,0.1714629411833666,0.12450544727520976,0.7040316115414236
25888,LOF,0.06818691256561255,0.10016358766090827,0.8316494997734791
25889,LOF,0.05071131706511525,0.039419312729156525,0.9098693702057282
25890,LOF,0.055779070643375894,0.1592364107901763,0.7849845185664478
25891,LOF,0.042862834365325814,0.07890770848834035,0.8782294571463338
25892,LOF,0.11130440863464379,0.02291816238779739,0.8657774289775587
25893,LOF,0.29371879251724836,0.01660644504075059,0.689674762442001
25894,LOF,0.18833602159462312,0.00922072838779163,0.8024432500175853
25895,LOF,0.2143213897635048,0.02201098325444122,0.7636676269820539
25896,LOF,0.05039789779104042,0.026262999952671152,0.9233391022562885
25897,LOF,0.2590548687824174,0.015754985371012938,0.7251901458465696
25898,Neutral,0.7291110417373633,0.011011125097041696,0.259877833165595
25899,LOF,0.28950420311178426,0.028954723837393538,0.6815410730508222
25900,LOF,0.47696771455931086,0.018139445680192146,0.5048928397604969
25901,LOF,0.057288597847467176,0.012563226644422328,0.9301481755081106
25902,LOF,0.19214313435531805,0.010385419911817894,0.797471445732864
25903,Neutral,0.5481848002023394,0.026702688365311922,0.4251125114323487
25904,LOF,0.28089864487691474,0.04538978299317572,0.6737115721299096
25905,LOF,0.02427040007592021,0.32701975918208104,0.6487098407419988
25906,LOF,0.02198979447783345,0.079247857927017,0.8987623475951495
25907,LOF,0.014466122102429398,0.3444807154133216,0.6410531624842492
25908,LOF,0.011021213977100482,0.2476930616866481,0.7412857243362514
25909,LOF,0.01250782756451947,0.18520713320320287,0.8022850392322777
25910,LOF,0.0547566818268884,0.11265566883609548,0.8325876493370161
25911,LOF,0.104624024448049,0.03955154205799562,0.8558244334939553
25912,LOF,0.030430516909751685,0.0649791439208061,0.9045903391694423
25913,LOF,0.26302970031600376,0.021905899912132123,0.7150643997718642
25914,LOF,0.02415878071835346,0.1129053505889356,0.862935868692711
25915,Neutral,0.41907161027762435,0.25774156996777725,0.32318681975459834
25916,LOF,0.0682462077667919,0.25983649088331895,0.6719173013498891
25917,LOF,0.06710505266585656,0.061494939728037414,0.871400007606106
25918,LOF,0.03386452403422448,0.07731092009038261,0.888824555875393
25919,LOF,0.026843433788165193,0.08189145655157472,0.8912651096602602
25920,GOF,0.09405155087183788,0.5303728345311687,0.3755756145969935
25921,LOF,0.03651242678152732,0.02440215432091354,0.9390854188975593
25922,LOF,0.046805176947311,0.014294034713492738,0.9389007883391963
25923,LOF,0.4195606730011824,0.01523251841252032,0.5652068085862972
25924,LOF,0.0493324048452988,0.021100531475920208,0.9295670636787811
25925,LOF,0.07560006755475823,0.02580758437201479,0.898592348073227
25926,LOF,0.053496985371766406,0.015409851751157125,0.9310931628770764
25927,LOF,0.08943552808251215,0.0435076176382439,0.8670568542792438
25928,LOF,0.028181316183754943,0.018326278567335534,0.9534924052489095
25929,Neutral,0.548781542833047,0.017004740574816782,0.4342137165921363
25930,LOF,0.0639294165597175,0.011767255790279927,0.9243033276500026
25931,LOF,0.0381415840535087,0.015736938772418937,0.9461214771740725
25932,LOF,0.031485489989924426,0.012362396093916159,0.9561521139161595
25933,LOF,0.040590511624510835,0.008099055106487679,0.9513104332690016
25934,LOF,0.02715432369812702,0.009703809542725744,0.9631418667591471
25935,LOF,0.07253029622545648,0.0268379501488793,0.9006317536256642
25936,LOF,0.050805336568855705,0.012193968763436189,0.9370006946677081
25937,LOF,0.03623206355873317,0.01715816574165009,0.9466097706996167
25938,LOF,0.07203244486012103,0.02938079714335635,0.8985867579965225
25939,LOF,0.04179127357908127,0.008019998763139365,0.9501887276577794
25940,LOF,0.02626099731034699,0.38493797711975714,0.5888010255698959
25941,LOF,0.14456794207140852,0.08321213811341878,0.7722199198151727
25942,LOF,0.013247089598724537,0.04445897046285577,0.9422939399384197
25943,LOF,0.3092881105122707,0.06618051849939632,0.624531370988333
25944,Neutral,0.5051999614144309,0.03649451647793065,0.4583055221076384
25945,LOF,0.06141668713713766,0.023738845836983213,0.9148444670258791
25946,LOF,0.03561380696109814,0.15955211215383602,0.8048340808850658
25947,LOF,0.13024461388297842,0.22064698929257215,0.6491083968244493
25948,LOF,0.4343763295322267,0.014109158595545825,0.5515145118722274
25949,LOF,0.08053062677891318,0.06639488208964818,0.8530744911314385
25950,GOF,0.3053900407284749,0.4243477136884117,0.27026224558311335
25951,LOF,0.2547389566294338,0.1887356387099415,0.5565254046606247
25952,GOF,0.07021496559122091,0.4782495418701576,0.4515354925386214
25953,LOF,0.1549715976764247,0.10156715301871545,0.7434612493048599
25954,Neutral,0.4025526617956974,0.21496226397055138,0.38248507423375117
25955,LOF,0.057118683354285174,0.08534137042826306,0.8575399462174518
25956,LOF,0.21867027684520993,0.06801743432544977,0.7133122888293403
25957,LOF,0.04832718367683126,0.0239248396597207,0.927747976663448
25958,LOF,0.05527703129547317,0.02720163567557868,0.9175213330289481
25959,LOF,0.06366833672512952,0.3210634005011669,0.6152682627737036
25960,LOF,0.018086978454812407,0.055341290200551646,0.926571731344636
25961,LOF,0.045545728142534166,0.03584262182362718,0.9186116500338387
25962,LOF,0.05360566233196441,0.036997968299822125,0.9093963693682136
25963,LOF,0.05787295242834115,0.1883470633595266,0.7537799842121322
25964,LOF,0.03212839465309172,0.14435215891961736,0.8235194464272909
25965,LOF,0.3853425533048056,0.06508990971903254,0.5495675369761619
25966,Neutral,0.4171951206692687,0.20329695205991832,0.3795079272708129
25967,LOF,0.01312017641165056,0.0664767115684163,0.9204031120199333
25968,LOF,0.03667330673294641,0.46555864719534923,0.4977680460717044
25969,LOF,0.02445864910036567,0.060793136204786505,0.9147482146948478
25970,LOF,0.05092152528852181,0.05720686612911991,0.8918716085823584
25971,LOF,0.06796686075874568,0.023540743579976656,0.9084923956612776
25972,LOF,0.0724090406008624,0.028956714834207493,0.8986342445649301
25973,LOF,0.09289603687236242,0.010498833778436193,0.8966051293492013
25974,LOF,0.24575264888714482,0.020880510583239573,0.7333668405296155
25975,LOF,0.04534720521226468,0.030601962946207248,0.924050831841528
25976,LOF,0.0446842040454302,0.024041499923316043,0.9312742960312538
25977,LOF,0.13562253517483644,0.1028554748953037,0.7615219899298599
25978,LOF,0.10831832442543395,0.09335039517222615,0.7983312804023399
25979,LOF,0.1113407335652291,0.08887476904671769,0.7997844973880532
25980,LOF,0.14844792974979984,0.10226960724447909,0.749282463005721
25981,LOF,0.1803610703771062,0.09882157814480781,0.720817351478086
25982,LOF,0.34021572242638376,0.078552055894155,0.5812322216794613
25983,LOF,0.33313828188253364,0.07360911945334703,0.5932525986641194
25984,LOF,0.04855914181327987,0.09952262061969432,0.8519182375670257
25985,LOF,0.02180704862540081,0.3312895023839861,0.6469034489906131
25986,LOF,0.030988665397152504,0.31072995584190954,0.6582813787609381
25987,LOF,0.08094010449740031,0.11626549885764231,0.8027943966449573
25988,LOF,0.11674052947657969,0.09825639787539382,0.7850030726480264
25989,LOF,0.024793519209011784,0.18023057871810627,0.7949759020728819
25990,LOF,0.03524714188520574,0.14762673290656633,0.8171261252082279
25991,GOF,0.12493035526960677,0.5122837340392394,0.36278591069115385
25992,LOF,0.29832362306537163,0.312764893093278,0.38891148384135044
25993,LOF,0.02372844778654953,0.10954690240381858,0.8667246498096318
25994,LOF,0.014831182142210374,0.14905938826789833,0.8361094295898913
25995,LOF,0.025561631101778046,0.23245076932293252,0.7419875995752895
25996,GOF,0.17873771518743992,0.6674627466359914,0.1537995381765687
25997,GOF,0.06316611365498959,0.6449293960765196,0.2919044902684908
25998,Neutral,0.5683392431602632,0.016249417412242305,0.4154113394274945
25999,LOF,0.14591904971625486,0.1450459331322403,0.7090350171515047
26000,LOF,0.14828665853019757,0.03948863925026921,0.8122247022195332
26001,LOF,0.18031151809891596,0.03847688738923422,0.7812115945118498
26002,LOF,0.1486207540178562,0.039409878860814984,0.8119693671213288
26003,GOF,0.009614402497329836,0.6786114953434595,0.3117741021592106
26004,GOF,0.02774736327271633,0.7251904037087503,0.24706223301853333
26005,GOF,0.009844209792923128,0.5701302457487913,0.42002554445828544
26006,Neutral,0.5228563792387492,0.2732012221360758,0.20394239862517508
26007,GOF,0.019327673232420055,0.6215877909687528,0.35908453579882715
26008,GOF,0.02064347104978574,0.6330217963351952,0.34633473261501907
26009,GOF,0.02813795775036719,0.7029568155887091,0.2689052266609237
26010,GOF,0.029087916897108646,0.7337867072172801,0.23712537588561133
26011,GOF,0.008840206049699033,0.5588827398801192,0.43227705407018197
26012,GOF,0.0161065414992706,0.667461124792248,0.3164323337084815
26013,GOF,0.018196396952052833,0.6841472641607952,0.297656338887152
26014,LOF,0.05195056313615162,0.16138108470061627,0.786668352163232
26015,LOF,0.1715748844320303,0.009469301214979327,0.8189558143529904
26016,LOF,0.21904850163213804,0.04358736158084748,0.7373641367870144
26017,LOF,0.18860958462578928,0.0737007625932213,0.7376896527809894
26018,LOF,0.07380748432422331,0.03559788921808128,0.8905946264576954
26019,LOF,0.07138210115534034,0.025003782357829914,0.9036141164868299
26020,LOF,0.05382462556481084,0.10277660279280783,0.8433987716423814
26021,LOF,0.04321826412321621,0.12257452374087674,0.8342072121359071
26022,LOF,0.010611270347822221,0.054569559932733915,0.9348191697194438
26023,LOF,0.09446715657493852,0.023433494152615114,0.8820993492724463
26024,LOF,0.0264776508201572,0.10091990397303259,0.8726024452068102
26025,LOF,0.13278993035778422,0.10521709046691465,0.7619929791753011
26026,LOF,0.28163575590966167,0.019193136962424723,0.6991711071279135
26027,LOF,0.07275902862790809,0.018928661670014342,0.9083123097020775
26028,LOF,0.14551226215815333,0.08906455926785681,0.7654231785739899
26029,LOF,0.08775849212702097,0.16534442176895406,0.7468970861040249
26030,LOF,0.03297721386156833,0.05066736929323202,0.9163554168451995
26031,LOF,0.03593899870771944,0.13348017757850644,0.8305808237137741
26032,LOF,0.08362240273859332,0.041214304238750034,0.8751632930226566
26033,LOF,0.13973288736335307,0.04807991996415866,0.8121871926724883
26034,LOF,0.05341323469015908,0.1333594763716177,0.8132272889382232
26035,LOF,0.035998185995140146,0.11094781178483659,0.8530540022200233
26036,LOF,0.052559084067080195,0.1393596244045225,0.8080812915283974
26037,LOF,0.03077866874911749,0.10173927209680036,0.8674820591540822
26038,LOF,0.07902635600280879,0.040918569313525235,0.8800550746836661
26039,LOF,0.06827871467452376,0.12956991758880473,0.8021513677366715
26040,LOF,0.24866374984881962,0.08294558081237938,0.668390669338801
26041,LOF,0.03125116662144132,0.09649768335587199,0.8722511500226867
26042,LOF,0.03121103455816484,0.09916183534015863,0.8696271301016766
26043,LOF,0.07635310089322835,0.05824114539044971,0.865405753716322
26044,LOF,0.028274522766244155,0.0653607333216991,0.9063647439120567
26045,LOF,0.08729416562015736,0.09510296204760159,0.817602872332241
26046,LOF,0.07979422881218977,0.06214553914579088,0.8580602320420194
26047,LOF,0.1131139062963578,0.072914742643164,0.8139713510604782
26048,LOF,0.05293855148356725,0.05374940799978414,0.8933120405166486
26049,Neutral,0.9569510177255939,0.006429034380320049,0.03661994789408612
26050,Neutral,0.9353847838514778,0.0072216066558613715,0.05739360949266067
26051,LOF,0.05009139500627126,0.42742525394318853,0.5224833510505402
26052,LOF,0.08410285629720518,0.4551047712747413,0.4607923724280536
26053,LOF,0.06448241155393729,0.1682502094591284,0.7672673789869343
26054,LOF,0.05975465947820454,0.0446193820740895,0.895625958447706
26055,LOF,0.07678151019677916,0.02858586303277599,0.8946326267704449
26056,LOF,0.06558030000456568,0.03470739000507508,0.8997123099903593
26057,LOF,0.029278479936795082,0.017776930901389567,0.9529445891618153
26058,LOF,0.02975704413328635,0.015633268024710004,0.9546096878420037
26059,LOF,0.27309322900102473,0.04961664590509196,0.6772901250938833
26060,LOF,0.029980304034667584,0.29086421299965126,0.6791554829656811
26061,LOF,0.019390097637400686,0.021342666596560415,0.9592672357660388
26062,LOF,0.011910119196063882,0.03357536722143016,0.9545145135825058
26063,LOF,0.021557255200455462,0.016070941785310457,0.962371803014234
26064,LOF,0.026360446399976558,0.020184410815336156,0.9534551427846873
26065,LOF,0.024915470311264686,0.02078404013220093,0.9543004895565345
26066,LOF,0.01982693235352835,0.018651127955445504,0.9615219396910262
26067,LOF,0.02464465322668067,0.015151132343497105,0.9602042144298223
26068,LOF,0.04757257004015594,0.05474638615813515,0.897681043801709
26069,LOF,0.25766884623464575,0.0344338347923593,0.707897318972995
26070,LOF,0.37225714543358546,0.022668851321793946,0.6050740032446206
26071,LOF,0.022240374505376498,0.021426189999845885,0.9563334354947776
26072,LOF,0.024551345803789197,0.02963661037606534,0.9458120438201455
26073,LOF,0.023040536591687918,0.01619835352069263,0.9607611098876194
26074,Neutral,0.9265301297848504,0.007748506343657732,0.06572136387149179
26075,LOF,0.04380303633425403,0.02736207057566722,0.9288348930900788
26076,LOF,0.04304033267634295,0.016041150595673844,0.9409185167279832
26077,LOF,0.009584876946163326,0.03677772952242892,0.9536373935314078
26078,LOF,0.014572835352466533,0.022773920902689645,0.9626532437448438
26079,LOF,0.05428943874896911,0.02988421381178175,0.9158263474392491
26080,LOF,0.05427697214620632,0.029895628399464556,0.9158273994543291
26081,LOF,0.033814488263700704,0.012398828301146178,0.953786683435153
26082,LOF,0.01976282494968634,0.03218907647693498,0.9480480985733787
26083,LOF,0.13026470692339429,0.019027427067352148,0.8507078660092535
26084,LOF,0.027144238968631985,0.026759631886624904,0.9460961291447432
26085,LOF,0.023163037618514043,0.025506107064360437,0.9513308553171256
26086,LOF,0.023748573542463312,0.020547080749665186,0.9557043457078714
26087,LOF,0.02325773926857442,0.013963161132388715,0.9627790995990368
26088,LOF,0.019617020827786616,0.035016729326622344,0.9453662498455909
26089,LOF,0.049361276657048835,0.036046550337680706,0.9145921730052705
26090,LOF,0.047952485228718034,0.02898136258009329,0.9230661521911887
26091,LOF,0.03761894105717623,0.011162255971677141,0.9512188029711467
26092,LOF,0.026290151559910553,0.01576699131823267,0.9579428571218567
26093,LOF,0.037420476086683765,0.010361105748213991,0.9522184181651022
26094,LOF,0.04222553201667045,0.011647866850857069,0.9461266011324725
26095,LOF,0.06121721515773632,0.02420950530673224,0.9145732795355315
26096,LOF,0.02154159990157706,0.019379339822749253,0.9590790602756736
26097,LOF,0.010588704880657775,0.07367190113960531,0.9157393939797369
26098,LOF,0.07564980484687348,0.02426554686041801,0.9000846482927085
26099,LOF,0.024294634846681446,0.026634227954741026,0.9490711371985776
26100,LOF,0.025739967766563593,0.024427142238986177,0.9498328899944504
26101,LOF,0.05647232539840317,0.022995811639322284,0.9205318629622746
26102,LOF,0.025144259171182806,0.018990565812219744,0.9558651750165974
26103,Neutral,0.8873604924309867,0.03156306048551116,0.08107644708350216
26104,LOF,0.07057870791682276,0.0571375411526282,0.872283750930549
26105,LOF,0.23212964373037467,0.252142914397965,0.5157274418716604
26106,LOF,0.1970974528515401,0.12651137504491783,0.676391172103542
26107,LOF,0.23090005980910658,0.12624634510387367,0.6428535950870198
26108,LOF,0.23582526750708843,0.16904881890328993,0.5951259135896216
26109,LOF,0.08703620648182149,0.1387861962160282,0.7741775973021502
26110,LOF,0.24206286598812304,0.007101718795018781,0.7508354152168583
26111,LOF,0.4533173070657866,0.01761498533644054,0.5290677075977729
26112,LOF,0.03516928824016298,0.008079531620543073,0.956751180139294
26113,LOF,0.0544625149615772,0.012314088613138423,0.9332233964252845
26114,LOF,0.014999154758529969,0.02159930837186786,0.9634015368696021
26115,LOF,0.07566779357565354,0.029586964082743698,0.8947452423416028
26116,LOF,0.04599748420153214,0.025416051730572906,0.9285864640678949
26117,LOF,0.3748345915778104,0.059807559537995124,0.5653578488841945
26118,LOF,0.03732139484227282,0.035778517834110096,0.9269000873236172
26119,LOF,0.025169438308934894,0.05178897825591579,0.9230415834351493
26120,LOF,0.028829919315472182,0.02644688642543159,0.9447231942590961
26121,LOF,0.06060198303278439,0.10189166970283492,0.8375063472643807
26122,LOF,0.05690444171329932,0.04798707218481234,0.8951084861018883
