feature0,prediction,LoGoFunc_Neutral,LoGoFunc_GOF,LoGoFunc_LOF
25546,Neutral,0.6845694051795838,0.05937860123037942,0.2560519935900369
25547,Neutral,0.521631359904325,0.09432005813607403,0.38404858195960107
25548,Neutral,0.4938340873914915,0.08742039383621934,0.4187455187722892
25549,LOF,0.4313319262056331,0.08792152591497307,0.4807465478793938
25550,LOF,0.3692182451810122,0.12319153673647956,0.5075902180825083
25551,LOF,0.3221709237002552,0.13392982501043613,0.5438992512893087
25552,LOF,0.25733774431111495,0.12732177248126625,0.6153404832076187
25553,Neutral,0.8159606548284177,0.048218480192833695,0.1358208649787486
25554,LOF,0.30994117065045146,0.11690142536090428,0.5731574039886442
25555,LOF,0.25321970962619017,0.10985292126095153,0.6369273691128583
25556,Neutral,0.45342876846572544,0.09793495709703193,0.4486362744372427
25557,LOF,0.24390732191742473,0.11444693362304245,0.6416457444595328
25558,LOF,0.314763547809817,0.11463242055713502,0.5706040316330481
25559,LOF,0.19830354868461064,0.14277606417756655,0.6589203871378227
25560,LOF,0.1466754176463889,0.09588756264738674,0.7574370197062243
25561,LOF,0.15111654418831308,0.10749153822477828,0.7413919175869086
25562,LOF,0.06820969785629882,0.07343851026083845,0.8583517918828627
25563,LOF,0.021035156744455018,0.11348507777919122,0.8654797654763539
25564,LOF,0.21701577672776456,0.10410723812689827,0.6788769851453372
25565,LOF,0.22121762157845606,0.13489605141929698,0.6438863270022469
25566,GOF,0.09857102708435195,0.6856587491689589,0.2157702237466893
25567,LOF,0.039937872932610426,0.1340503041596428,0.8260118229077468
25568,LOF,0.05922483458043818,0.06728957385098433,0.8734855915685776
25569,LOF,0.05999803238168923,0.06813207106236084,0.8718698965559498
25570,LOF,0.027379920369635668,0.08903913069982461,0.8835809489305397
25571,LOF,0.026404168475577534,0.09598619866800788,0.8776096328564146
25572,LOF,0.06030312339446711,0.11333546827748693,0.8263614083280459
25573,LOF,0.0573427973562692,0.08575180791309862,0.8569053947306321
25574,LOF,0.05265230064492767,0.18764223044599848,0.7597054689090739
25575,LOF,0.023133952772635896,0.11231802075679449,0.8645480264705697
25576,LOF,0.03126932525633004,0.1450226129635493,0.8237080617801207
25577,LOF,0.029282253632592056,0.09926155778935987,0.8714561885780481
25578,LOF,0.30589275895654894,0.07556286084024583,0.6185443802032051
25579,LOF,0.1386126108420844,0.08128915488172188,0.7800982342761938
25580,LOF,0.020395706705777308,0.0711155641143154,0.9084887291799072
25581,LOF,0.05398461296616646,0.06473384838028991,0.8812815386535436
25582,LOF,0.053964230686440656,0.06299096322198382,0.8830448060915754
25583,LOF,0.019981992914655126,0.07775915236603828,0.9022588547193066
25584,Neutral,0.6610382447424412,0.1081259460386184,0.23083580921894042
25585,LOF,0.03055076337640864,0.1085062431145433,0.8609429935090481
25586,LOF,0.018013339763677073,0.061377862691041535,0.9206087975452815
25587,LOF,0.017213237257961877,0.055855615123290375,0.9269311476187478
25588,LOF,0.020607670808234814,0.06456519080343068,0.9148271383883345
25589,Neutral,0.5187085778745086,0.1827580322720071,0.29853338985348427
25590,LOF,0.048780288096142314,0.09780068774454682,0.8534190241593108
25591,LOF,0.09621745853175516,0.054341211320950135,0.8494413301472947
25592,LOF,0.05398217758417625,0.1209244318785564,0.8250933905372674
25593,LOF,0.12560226552268047,0.23951261642671592,0.6348851180506037
25594,LOF,0.04923371082495276,0.12699198955969065,0.8237742996153565
25595,LOF,0.0457200696923297,0.08759639773130722,0.8666835325763631
25596,LOF,0.10670293695279101,0.05155551212713751,0.8417415509200714
25597,LOF,0.07634312135541219,0.05594449347881865,0.8677123851657692
25598,LOF,0.0483638844047436,0.08890266790375055,0.8627334476915058
25599,GOF,0.0212212233006272,0.5119168187029356,0.4668619579964372
25600,GOF,0.18503287461849832,0.47935806282475774,0.33560906255674394
25601,LOF,0.038210948706450185,0.36757116918658395,0.5942178821069658
25602,LOF,0.03655902579610937,0.05223201939759693,0.9112089548062937
25603,LOF,0.035448244266977964,0.028199070729557706,0.9363526850034642
25604,LOF,0.03632223257210305,0.055850983416647654,0.9078267840112493
25605,LOF,0.04542052368862707,0.17178358434946797,0.7827958919619049
25606,LOF,0.4132645750732582,0.09516056432304325,0.4915748606036986
25607,LOF,0.02481624371369844,0.17099933144913204,0.8041844248371695
25608,LOF,0.034914847605277265,0.07853884285331136,0.8865463095414113
25609,GOF,0.15324651795309271,0.5472841545403915,0.2994693275065158
25610,LOF,0.015177430990759754,0.028052588788878466,0.9567699802203619
25611,LOF,0.014726745337993985,0.03245300229523714,0.9528202523667688
25612,LOF,0.04620390825134273,0.041219207243361346,0.912576884505296
25613,LOF,0.04429467484766609,0.04343744799531088,0.9122678771570231
25614,LOF,0.02227025921678455,0.026330659114435922,0.9513990816687794
25615,LOF,0.045339311514369776,0.03797461615764497,0.9166860723279853
25616,LOF,0.04563120769685297,0.028062154612161543,0.9263066376909855
25617,LOF,0.03989371574170335,0.0353624064608383,0.9247438777974584
25618,LOF,0.04999336455787856,0.0352318518938965,0.9147747835482248
25619,LOF,0.01461427644531276,0.031686092070247356,0.9536996314844399
25620,LOF,0.05941679475916389,0.03940202605653342,0.9011811791843026
25621,LOF,0.04744602421959112,0.03464092816249795,0.917913047617911
25622,LOF,0.056370286473220906,0.034370526852690576,0.9092591866740886
25623,LOF,0.06992594984056112,0.029470841171884393,0.9006032089875544
25624,LOF,0.018599597180831515,0.035635610624575154,0.9457647921945933
25625,LOF,0.06330950108997979,0.042220052484590605,0.8944704464254296
25626,LOF,0.047153346425100384,0.039490135606773516,0.9133565179681262
25627,Neutral,0.8832956362291381,0.02396097760542472,0.0927433861654372
25628,LOF,0.12730478635713005,0.06785429667450978,0.8048409169683601
25629,LOF,0.06134512161488528,0.04530563469400121,0.8933492436911135
25630,LOF,0.27505319163049535,0.08194091324559166,0.643005895123913
25631,Neutral,0.5608001875326335,0.06838007885798454,0.37081973360938203
25632,LOF,0.026883182673565806,0.06547478821666945,0.9076420291097647
25633,LOF,0.19601169962029857,0.039149610753293006,0.7648386896264084
25634,LOF,0.03314147854437077,0.08212926626095074,0.8847292551946786
25635,LOF,0.036384983043345566,0.04712927891352297,0.9164857380431314
25636,GOF,0.036294610318851735,0.48996620370654065,0.47373918597460757
25637,GOF,0.06963433736476275,0.4856112039170868,0.44475445871815034
25638,LOF,0.0328469005779485,0.3028039584924822,0.6643491409295693
25639,LOF,0.03263566017914681,0.3484165721744395,0.6189477676464137
25640,Neutral,0.7979238742201297,0.1607913293109595,0.04128479646891077
25641,LOF,0.05153209806874889,0.4323007771898094,0.5161671247414417
25642,LOF,0.039437649496646916,0.1468686177599453,0.8136937327434077
25643,LOF,0.2180116968231377,0.17277903491127938,0.609209268265583
25644,LOF,0.021572398287149047,0.45396028493693247,0.5244673167759185
25645,LOF,0.02147412797627691,0.40429642733879545,0.5742294446849276
25646,LOF,0.055902049678411635,0.32701589579569856,0.6170820545258899
25647,LOF,0.024024306183559455,0.2628813899560931,0.7130943038603476
25648,LOF,0.03202175420039258,0.23995759822794752,0.72802064757166
25649,LOF,0.015411604661994007,0.23766000273495533,0.7469283926030507
25650,LOF,0.053622161452252556,0.4084739936659837,0.5379038448817638
25651,LOF,0.016660049693297495,0.26500957095019134,0.7183303793565111
25652,LOF,0.02930285704520521,0.2667770999483562,0.7039200430064386
25653,LOF,0.07516215040330701,0.40831588478483394,0.5165219648118591
25654,LOF,0.025434898843507574,0.19079526830245863,0.7837698328540337
25655,LOF,0.2265032620984956,0.38012123269678505,0.39337550520471926
25656,LOF,0.27694994606233847,0.04875410306607265,0.6742959508715889
25657,LOF,0.07253044972923134,0.053463138853701554,0.874006411417067
25658,LOF,0.3913875710180573,0.047546878823618875,0.5610655501583238
25659,Neutral,0.5330162478819457,0.07118608606135012,0.39579766605670424
25660,LOF,0.024106666773393865,0.07835384633725434,0.8975394868893517
25661,LOF,0.08953135851056064,0.05785547532753292,0.8526131661619065
25662,LOF,0.03079761383171257,0.03162197218579057,0.9375804139824969
25663,LOF,0.03792343390233528,0.045473570615784234,0.9166029954818806
25664,LOF,0.1377702105572862,0.05537798624258877,0.8068518032001251
25665,LOF,0.053888314588531556,0.029017464328080136,0.9170942210833885
25666,LOF,0.08839286125380129,0.07330218279324445,0.8383049559529542
25667,LOF,0.06498586299596243,0.0387418705473751,0.8962722664566625
25668,LOF,0.03437462020886391,0.04730001095844369,0.9183253688326923
25669,LOF,0.031536204897052125,0.05382106859792196,0.9146427265050259
25670,LOF,0.13879879364382622,0.046614415891276205,0.8145867904648976
25671,LOF,0.09653653095013148,0.03077652294581663,0.872686946104052
25672,LOF,0.0532403661179388,0.0393889454033189,0.9073706884787424
25673,LOF,0.08145061110996453,0.03886320867681986,0.8796861802132155
25674,LOF,0.06952775699286001,0.049207326614309224,0.8812649163928308
25675,LOF,0.11425873535141974,0.046445075137450005,0.8392961895111303
25676,LOF,0.01743484495511208,0.04780847994330225,0.9347566751015857
25677,LOF,0.025259601665049546,0.06290970366711948,0.911830694667831
25678,LOF,0.1583633410871457,0.057261104554695866,0.7843755543581584
25679,LOF,0.12107831124170268,0.07929261440288934,0.799629074355408
25680,LOF,0.027632563839716382,0.10823056088617697,0.8641368752741067
25681,LOF,0.04555578246217635,0.10025671623743826,0.8541875013003853
25682,LOF,0.1329551083276658,0.06632516722274094,0.8007197244495932
25683,LOF,0.12043190598366298,0.08700610192610328,0.7925619920902337
25684,LOF,0.0387199338334638,0.0636746737148454,0.8976053924516908
25685,LOF,0.13839728135384,0.04650687974600565,0.8150958389001544
25686,LOF,0.07862401303402089,0.09086950189558683,0.8305064850703924
25687,LOF,0.11472514592586652,0.08171768967449111,0.8035571643996423
25688,LOF,0.31159463673171467,0.03249586001478532,0.6559095032535
25689,LOF,0.2302779896723265,0.04574416761399338,0.72397784271368
25690,LOF,0.35778585410059627,0.032119515588028606,0.6100946303113752
25691,Neutral,0.6992948674158042,0.020625376689403303,0.2800797558947925
25692,LOF,0.31274053376621436,0.00930501237507055,0.6779544538587151
25693,LOF,0.047458151139796345,0.46628900704438175,0.4862528418158219
25694,LOF,0.12091995964027046,0.021310373115108795,0.8577696672446208
25695,LOF,0.11775816498253726,0.018319001164989558,0.8639228338524733
25696,LOF,0.12139875298105739,0.011245410864452996,0.8673558361544896
25697,LOF,0.12055133229965301,0.029427330933116707,0.8500213367672302
25698,LOF,0.33886819557897413,0.2326165752009552,0.4285152292200707
25699,LOF,0.42058069875731424,0.03961269733648298,0.5398066039062028
25700,LOF,0.05293471584705837,0.008233132162045806,0.9388321519908958
25701,LOF,0.15571577007507006,0.054826698405471726,0.7894575315194582
25702,GOF,0.17140220434177525,0.5585646021179183,0.2700331935403064
25703,LOF,0.017622432281851036,0.14444387282635415,0.8379336948917948
25704,LOF,0.05077945788441152,0.1073541958991803,0.8418663462164081
25705,LOF,0.05519532563406431,0.1869217640361745,0.7578829103297612
25706,LOF,0.09294296180586041,0.38049471982523636,0.5265623183689032
25707,LOF,0.08606741423984576,0.30939322549244924,0.604539360267705
25708,LOF,0.02970223343168401,0.30181873779938256,0.6684790287689334
25709,LOF,0.05496718275568151,0.041889535149857215,0.9031432820944613
25710,LOF,0.011431678140677626,0.13172255715492467,0.8568457647043978
25711,LOF,0.01734042739935021,0.098262979161361,0.8843965934392888
25712,LOF,0.012818689166622491,0.1776399855719998,0.8095413252613777
25713,LOF,0.017378058899140604,0.08339177373436694,0.8992301673664925
25714,LOF,0.06602539603893899,0.07861812298958187,0.8553564809714792
25715,LOF,0.009913875930296518,0.13802376602074592,0.8520623580489576
25716,LOF,0.012993905069091786,0.1135221114221747,0.8734839835087335
25717,LOF,0.012162774841695213,0.0849782544575613,0.9028589707007436
25718,LOF,0.01123658090248806,0.10471918389523167,0.8840442352022803
25719,LOF,0.017050656007093015,0.08694749245841758,0.8960018515344894
25720,LOF,0.020337934510423945,0.06796932502747677,0.9116927404620994
25721,LOF,0.014856954353826864,0.10666719943669202,0.8784758462094812
25722,LOF,0.012462266195040506,0.12494792052298156,0.862589813281978
25723,LOF,0.02069444926664989,0.0500400021341889,0.9292655485991613
25724,LOF,0.022294112449632645,0.08180301557621616,0.8959028719741513
25725,LOF,0.010941131028655201,0.07210884200450081,0.916950026966844
25726,LOF,0.013260550557252521,0.09980182849612193,0.8869376209466256
25727,LOF,0.012219510871729457,0.08533177732640157,0.902448711801869
25728,LOF,0.009057092357179641,0.11132487592766634,0.879618031715154
25729,LOF,0.009320924975331893,0.10841643693317916,0.8822626380914891
25730,LOF,0.012233988757185973,0.08341249234745292,0.9043535188953611
25731,LOF,0.01946710364939196,0.11237093225184476,0.8681619640987633
25732,LOF,0.013637028411690823,0.08823008824272746,0.8981328833455818
25733,LOF,0.014570399123439375,0.08426521097990873,0.901164389896652
25734,LOF,0.012631732997594168,0.1306626954540096,0.8567055715483962
25735,LOF,0.012533556036470729,0.08606510603765684,0.9014013379258725
25736,LOF,0.01309543806296502,0.11950082059657133,0.8674037413404635
25737,LOF,0.021243811604337644,0.08502287323371494,0.8937333151619473
25738,LOF,0.012274226238550403,0.11849152747687856,0.869234246284571
25739,LOF,0.018387592528873998,0.08617737589521311,0.8954350315759129
25740,LOF,0.024769149458876358,0.10253670332161462,0.8726941472195091
25741,LOF,0.014035583869751745,0.1094137439549727,0.8765506721752756
25742,LOF,0.11130470278296298,0.08303102011924404,0.8056642770977931
25743,LOF,0.035920400938836174,0.027605807185849672,0.9364737918753142
25744,Neutral,0.5894548553881054,0.19559080663323483,0.21495433797865965
25745,LOF,0.09047974221188194,0.06864880114996662,0.8408714566381514
25746,LOF,0.042450831781627694,0.07849284724396845,0.8790563209744038
25747,LOF,0.02366761173037734,0.03749500486037124,0.9388373834092515
25748,LOF,0.11023217119011235,0.05409605978471857,0.8356717690251692
25749,LOF,0.027281589076217774,0.07527739424205283,0.8974410166817294
25750,LOF,0.09422574325438372,0.0794321380022155,0.8263421187434008
25751,LOF,0.0902916103157425,0.05520451193934959,0.8545038777449079
25752,GOF,0.10473835767184213,0.6696263546021249,0.2256352877260328
25753,LOF,0.01905856935026039,0.2888949597769253,0.6920464708728143
25754,GOF,0.0103006509007232,0.7673705427888844,0.2223288063103923
25755,LOF,0.024145778938247035,0.3968303172011248,0.5790239038606281
25756,LOF,0.041659905332854956,0.3663359354145358,0.5920041592526093
25757,GOF,0.014988895992168289,0.8429975432111766,0.14201356079665511
25758,GOF,0.027957224399210983,0.8339406692763307,0.13810210632445835
25759,GOF,0.011650333239379916,0.5460074195353263,0.4423422472252938
25760,LOF,0.012465941884327291,0.23220900724098134,0.7553250508746914
25761,GOF,0.28585549586978637,0.6080996224608998,0.10604488166931378
25762,LOF,0.03500926474455372,0.2671483324029961,0.6978424028524501
25763,LOF,0.012267961896139355,0.2032335297006802,0.7844985084031804
25764,GOF,0.0700816498193535,0.6350237059864844,0.29489464419416217
25765,GOF,0.041359366578614734,0.7448386080314694,0.21380202538991577
25766,GOF,0.06633080125398359,0.7726090833326513,0.16106011541336507
25767,GOF,0.1723276708269379,0.46741547644542997,0.36025685272763214
25768,LOF,0.08732839978106163,0.06730862349927559,0.8453629767196628
25769,LOF,0.06393072382017712,0.0653958203859189,0.870673455793904
25770,LOF,0.2806369017670318,0.08419427968033472,0.6351688185526334
25771,LOF,0.03858907937622377,0.04899518743777878,0.9124157331859973
25772,LOF,0.016172431402982575,0.035677191082274,0.9481503775147435
25773,LOF,0.04688513474617953,0.08436537570971597,0.8687494895441045
25774,LOF,0.026014251864418043,0.07653741383139961,0.8974483343041822
25775,LOF,0.04507806289117875,0.046156784410860185,0.908765152697961
25776,LOF,0.06804089322640268,0.02641698782049859,0.9055421189530987
25777,LOF,0.3363619423382484,0.05094570068351234,0.6126923569782393
25778,LOF,0.06610926094017651,0.052554143422930175,0.8813365956368933
25779,GOF,0.36162741946606775,0.5955253811808546,0.04284719935307759
25780,GOF,0.283375651074,0.6464552540689197,0.07016909485708037
25781,GOF,0.1260802110247181,0.7692755688078982,0.10464422016738364
25782,GOF,0.1753402016856419,0.7524304777314482,0.07222932058290986
25783,GOF,0.027584056113047407,0.6580022772636172,0.3144136666233354
25784,Neutral,0.48937427116730253,0.4732928932482358,0.03733283558446174
25785,GOF,0.4095082052370984,0.5525190525452198,0.03797274221768181
25786,GOF,0.023747690987838445,0.7672986045256702,0.20895370448649134
25787,Neutral,0.6192315837834912,0.35807026826123206,0.02269814795527664
25788,LOF,0.0454099639594436,0.11270554634644342,0.841884489694113
25789,GOF,0.19438592900396157,0.6713673117491884,0.1342467592468499
25790,GOF,0.21025728427214682,0.6886336460479872,0.10110906967986608
25791,GOF,0.15786575527167096,0.6733045143854771,0.1688297303428519
25792,GOF,0.3408361494473652,0.5360311876857051,0.12313266286692974
25793,GOF,0.24478090484943335,0.5576525393667985,0.19756655578376817
25794,GOF,0.27782792790039407,0.5503750161401748,0.17179705595943115
25795,GOF,0.07772689217102438,0.7103477851387561,0.2119253226902196
25796,Neutral,0.5194334841176129,0.39715681637300543,0.08340969950938167
25797,GOF,0.09111861351457387,0.5557022075333754,0.3531791789520507
25798,GOF,0.008815830775176907,0.5178777366317073,0.4733064325931157
25799,LOF,0.007173061135710603,0.4010487428702116,0.5917781959940779
25800,GOF,0.033619401696769004,0.6046195680318975,0.3617610302713334
25801,GOF,0.19440015529707003,0.6747897692683927,0.13081007543453715
25802,GOF,0.07044943224941386,0.7051331292892687,0.22441743846131748
25803,GOF,0.03293252927996139,0.5709914939536284,0.3960759767664104
25804,LOF,0.03273644592040902,0.48061179792575137,0.48665175615383965
25805,GOF,0.09358195080259414,0.6066055606341453,0.2998124885632606
25806,GOF,0.09594313224769502,0.5755897040506928,0.32846716370161216
25807,GOF,0.019202834594447733,0.6409426576798132,0.33985450772573916
25808,GOF,0.07571265696427709,0.6638296497513281,0.2604576932843948
25809,GOF,0.01729309851753383,0.6028277630959092,0.37987913838655685
25810,GOF,0.015762265758092007,0.6359052629476732,0.3483324712942347
25811,GOF,0.4383934638260054,0.48658115260059276,0.07502538357340169
25812,GOF,0.027593778370688597,0.652255046302693,0.3201511753266185
25813,Neutral,0.4844523299056644,0.4228092242179375,0.092738445876398
25814,GOF,0.1079716113629917,0.661359099666312,0.23066928897069625
25815,GOF,0.1761296309894692,0.6277575263017428,0.19611284270878812
25816,GOF,0.020198407531039523,0.7142117744484594,0.265589818020501
25817,GOF,0.2283706738736966,0.6370226318223848,0.13460669430391847
25818,GOF,0.051734877724537796,0.6858145723931371,0.262450549882325
25819,GOF,0.3278225283780375,0.5333631419038593,0.13881432971810317
25820,GOF,0.17720359737998229,0.6166900711902202,0.20610633142979748
25821,GOF,0.053508701380432136,0.6820570039489171,0.26443429467065094
25822,GOF,0.2051774701971453,0.5764237458280674,0.21839878397478724
25823,GOF,0.033126682806966644,0.5446521787934352,0.42222113839959824
25824,GOF,0.08821333070082,0.6313928422245569,0.2803938270746231
25825,GOF,0.03648395059464303,0.6216240917122781,0.34189195769307884
25826,GOF,0.016313711373569625,0.5925675484888998,0.39111874013753056
25827,GOF,0.023573131353743778,0.6078095638693879,0.3686173047768684
25828,GOF,0.013437325954514393,0.5249885659941508,0.4615741080513348
25829,GOF,0.0051387764235447594,0.5725600912258189,0.42230113235063643
25830,LOF,0.032437676554128554,0.3130175681425136,0.6545447553033579
25831,GOF,0.20627919014393156,0.6837684112722301,0.10995239858383836
25832,GOF,0.030376842930739542,0.7354750066354663,0.23414815043379406
25833,GOF,0.11218861947164195,0.7497991804314751,0.13801220009688303
25834,GOF,0.030495953611627987,0.7583912185645653,0.21111282782380686
25835,GOF,0.06481501118569345,0.7703362306174524,0.16484875819685413
25836,GOF,0.02839405512893866,0.7002751069652801,0.2713308379057814
25837,GOF,0.025169534231994858,0.6297049031394151,0.34512556262858995
25838,GOF,0.09329670725886417,0.7769789490379642,0.1297243437031717
25839,GOF,0.2526141692044029,0.6017639700875896,0.14562186070800745
25840,GOF,0.22589530031213279,0.6387364709415115,0.13536822874635568
25841,GOF,0.22719828159659816,0.6433099506037924,0.12949176779960941
25842,GOF,0.13529043696900844,0.7498504801310442,0.11485908289994737
25843,GOF,0.1905865854789817,0.7260264243920077,0.08338699012901075
25844,GOF,0.060273770647327654,0.7397226630347163,0.20000356631795602
25845,GOF,0.016396264160840498,0.5243002986472252,0.4593034371919344
25846,GOF,0.1257688494460043,0.7286498750880822,0.14558127546591357
25847,GOF,0.09859544885787336,0.8057087941888945,0.09569575695323201
25848,GOF,0.03655974107007878,0.7370632367225369,0.22637702220738443
25849,GOF,0.01081737256836318,0.6310242107335408,0.358158416698096
25850,GOF,0.019923014306385413,0.683240950667117,0.29683603502649775
25851,GOF,0.015232567116570193,0.5560856178166672,0.4286818150667625
25852,GOF,0.15719287147756092,0.5630488140374729,0.27975831448496613
25853,GOF,0.34114070354796666,0.5919141496632819,0.06694514678875142
25854,GOF,0.021795595929545816,0.6390216008197125,0.33918280325074174
25855,GOF,0.03319588287407137,0.5682539063608241,0.3985502107651046
25856,GOF,0.23779477549323766,0.5465279805465177,0.2156772439602445
25857,GOF,0.0353988655101816,0.5100367821467889,0.45456435234302944
25858,GOF,0.018127021454512848,0.5423231303150949,0.43954984823039217
25859,GOF,0.01006398086542984,0.5204623376216901,0.4694736815128801
25860,GOF,0.34492297262489147,0.5767572202077719,0.07831980716733669
25861,GOF,0.4009743885288843,0.5185672669127294,0.08045834455838644
25862,GOF,0.07474066860654952,0.7878599220791642,0.13739940931428624
25863,GOF,0.0692060483544622,0.7947453731046213,0.1360485785409163
25864,GOF,0.1665577981856417,0.7598604012950696,0.07358180051928859
25865,GOF,0.07113010071531968,0.8086981416724143,0.1201717576122661
25866,GOF,0.05214716378731017,0.8031172897099436,0.14473554650274623
25867,GOF,0.0822181607731816,0.8254471666268155,0.09233467260000297
25868,GOF,0.21594537725866841,0.6883972480281039,0.09565737471322774
25869,Neutral,0.6822066500375056,0.27908125172820586,0.0387120982342885
25870,GOF,0.26171218276770053,0.4436812052101375,0.29460661202216204
25871,GOF,0.20842823251366954,0.6621957071657858,0.12937606032054474
25872,GOF,0.06329657051487779,0.6701006118774715,0.26660281760765075
25873,GOF,0.08949206903124698,0.7075988270864982,0.2029091038822548
25874,LOF,0.014134532753605912,0.12363064104684117,0.8622348261995529
25875,LOF,0.09320367887248847,0.04043688485428023,0.8663594362732313
25876,LOF,0.033881215624109486,0.028761850122635785,0.9373569342532547
25877,Neutral,0.5048712240743529,0.04045543277237813,0.45467334315326885
25878,LOF,0.21379795632572768,0.09131864169666283,0.6948834019776096
25879,LOF,0.0828461490948452,0.0860386994740083,0.8311151514311466
25880,LOF,0.04175683091370184,0.014502934275616611,0.9437402348106816
25881,LOF,0.16531297662809716,0.12390277513997804,0.7107842482319248
25882,LOF,0.062230250142772656,0.015656347097145057,0.9221134027600822
25883,LOF,0.05939301304302697,0.02100329959164837,0.9196036873653247
25884,LOF,0.030692012162996923,0.03244372122797725,0.9368642666090258
25885,LOF,0.05963394708577727,0.012360141967835673,0.9280059109463872
25886,LOF,0.24175036071564476,0.041157038285684476,0.7170926009986708
25887,LOF,0.1487750787860131,0.06926897177201634,0.7819559494419706
25888,LOF,0.06190970534549784,0.06079896536718468,0.8772913292873176
25889,LOF,0.03933818485392165,0.02340170730869188,0.9372601078373864
25890,LOF,0.04833141341723173,0.16651626036286074,0.7851523262199075
25891,LOF,0.03987681270456215,0.045777765546694396,0.9143454217487434
25892,LOF,0.07978965346143925,0.025186568019392775,0.8950237785191679
25893,LOF,0.23779637583104046,0.02042545932642286,0.7417781648425368
25894,LOF,0.17278911178609574,0.012724263028975022,0.8144866251849293
25895,LOF,0.17925962836433418,0.024359687493518817,0.7963806841421469
25896,LOF,0.046514891410293614,0.02311750956543618,0.9303675990242704
25897,LOF,0.2537303282332779,0.013797130421805436,0.7324725413449167
25898,Neutral,0.7094370361281442,0.010696344245430265,0.2798666196264255
25899,LOF,0.21528424709492636,0.026744510083272083,0.7579712428218016
25900,LOF,0.44281729145821563,0.011803009158692587,0.5453796993830918
25901,LOF,0.04946457599121878,0.012455683041370598,0.9380797409674106
25902,LOF,0.13800238291988093,0.015167220310248614,0.8468303967698704
25903,Neutral,0.5832326705986842,0.0316623795222597,0.3851049498790561
25904,LOF,0.30457846620785556,0.046154669490646984,0.6492668643014974
25905,LOF,0.025288625416214627,0.3431499364416248,0.6315614381421606
25906,LOF,0.03400143837763905,0.07165308677110492,0.894345474851256
25907,LOF,0.01457406595027172,0.3382560659675019,0.6471698680822264
25908,LOF,0.009584776457170893,0.2607351502107814,0.7296800733320477
25909,LOF,0.01239738231023908,0.11704673698696215,0.8705558807027989
25910,LOF,0.05060852086949057,0.15866774519910662,0.7907237339314027
25911,LOF,0.17499724891532967,0.031991082739707855,0.7930116683449625
25912,LOF,0.04577961451457134,0.04908967381101794,0.9051307116744107
25913,LOF,0.34087760205205236,0.024665019642211447,0.6344573783057361
25914,LOF,0.019537383581847107,0.050220473271051856,0.9302421431471011
25915,Neutral,0.5752928129154249,0.13796380530754782,0.2867433817770273
25916,LOF,0.0824924330005222,0.1895081579658513,0.7279994090336265
25917,LOF,0.06277239305231379,0.0364945176468134,0.9007330893008727
25918,LOF,0.021578521077448776,0.029968742159602456,0.9484527367629488
25919,LOF,0.018423050724286533,0.032484979744673737,0.9490919695310398
25920,GOF,0.10519583782194819,0.5354639686215474,0.3593401935565044
25921,LOF,0.025595538272557252,0.0356289446832406,0.9387755170442021
25922,LOF,0.03375584610368026,0.025436861079954277,0.9408072928163654
25923,LOF,0.47461567699892276,0.040278076273164605,0.48510624672791264
25924,LOF,0.03709690309287093,0.0461864873264275,0.9167166095807017
25925,LOF,0.07394917260988913,0.044070779220659405,0.8819800481694514
25926,LOF,0.053140912770065725,0.039232847380567454,0.9076262398493669
25927,LOF,0.05968468212140569,0.12903609021937948,0.8112792276592149
25928,LOF,0.018044080454064897,0.05201187118217802,0.929944048363757
25929,Neutral,0.5938472243737466,0.04252299417202595,0.36362978145422736
25930,LOF,0.07402342195568601,0.034984319788850485,0.8909922582554635
25931,LOF,0.024243176325429074,0.0345462597121089,0.941210563962462
25932,LOF,0.028424348493129938,0.028642278552715582,0.9429333729541545
25933,LOF,0.037779040422840034,0.019015269326066904,0.943205690251093
25934,LOF,0.02410680366779683,0.02119633161447706,0.9546968647177262
25935,LOF,0.06351340325508105,0.05673084762712918,0.8797557491177898
25936,LOF,0.04508648313445744,0.02403435584207576,0.9308791610234668
25937,LOF,0.026591070776453955,0.039375326864725765,0.9340336023588203
25938,LOF,0.06663259187626741,0.060790565856829314,0.8725768422669032
25939,LOF,0.041227269267811534,0.02053318690457368,0.9382395438276148
25940,LOF,0.02963907087822595,0.34171164586068725,0.6286492832610868
25941,LOF,0.17824822436043888,0.09817119327755913,0.7235805823620021
25942,LOF,0.013362612955486537,0.034498608920869665,0.9521387781236437
25943,LOF,0.3264633300742411,0.0543311723907715,0.6192054975349875
25944,Neutral,0.5063280872053799,0.022391717010624763,0.4712801957839954
25945,LOF,0.07603267692736092,0.02006545607512775,0.9039018669975113
25946,LOF,0.033734989755579564,0.1069825943958515,0.8592824158485689
25947,LOF,0.1002601089278461,0.1775846411612845,0.7221552499108693
25948,LOF,0.3712853998287153,0.007938584446454972,0.6207760157248299
25949,LOF,0.12438224055589454,0.04229231900575833,0.8333254404383471
25950,GOF,0.3267627786838429,0.3671670682398458,0.30607015307631136
25951,LOF,0.203181067094094,0.2792926167503016,0.5175263161556044
25952,LOF,0.04266276768687068,0.4759558983666827,0.4813813339464466
25953,LOF,0.14105690899391818,0.1141195023627138,0.7448235886433682
25954,Neutral,0.4238139031678263,0.18856676953070053,0.38761932730147314
25955,LOF,0.051786307527347294,0.07891087386690246,0.8693028186057503
25956,LOF,0.1784459221381518,0.10584481763625002,0.7157092602255981
25957,LOF,0.03741887747282603,0.028473000662447387,0.9341081218647266
25958,LOF,0.05195281906759947,0.0274795177168867,0.9205676632155139
25959,LOF,0.07003502744273399,0.3183903673992763,0.6115746051579897
25960,LOF,0.015291464090111943,0.051833711988470435,0.9328748239214176
25961,LOF,0.04024865988459066,0.027236561102240885,0.9325147790131685
25962,LOF,0.05390531208838685,0.023897679380944094,0.9221970085306691
25963,LOF,0.052251600145916115,0.19234407738255374,0.7554043224715302
25964,LOF,0.03249804360125252,0.16014604994735174,0.8073559064513957
25965,LOF,0.42544776396781514,0.06850749823673014,0.5060447377954548
25966,Neutral,0.5052774126943022,0.1884602495587597,0.3062623377469382
25967,LOF,0.016395383824317596,0.104679824596713,0.8789247915789694
25968,LOF,0.037456072510165785,0.3877649960267836,0.5747789314630506
25969,LOF,0.037424109210795434,0.0587617164162905,0.9038141743729141
25970,LOF,0.0647137999188293,0.054476255892056666,0.8808099441891141
25971,LOF,0.06276627436151536,0.02046407924701147,0.9167696463914733
25972,LOF,0.06475683557615845,0.029518262380549786,0.9057249020432917
25973,LOF,0.07264784334129935,0.010092380938484363,0.9172597757202162
25974,LOF,0.19375438986473795,0.01370627001095557,0.7925393401243065
25975,LOF,0.04262134232575552,0.025661318563689254,0.9317173391105552
25976,LOF,0.04331991096552258,0.015450983715632834,0.9412291053188446
25977,LOF,0.14821663240299138,0.09426217935722053,0.7575211882397882
25978,LOF,0.15696264852245093,0.0867341163284949,0.7563032351490541
25979,LOF,0.13705332357353736,0.08810343853975276,0.7748432378867098
25980,LOF,0.21810482295087896,0.11049492957530654,0.6714002474738144
25981,LOF,0.24975330807155866,0.11084245502612537,0.6394042369023158
25982,LOF,0.3973334965907665,0.0759289289355185,0.5267375744737149
25983,LOF,0.37495543306469664,0.08123358057638193,0.5438109863589214
25984,LOF,0.04506308162200612,0.04898696676523325,0.9059499516127606
25985,LOF,0.039755923130295634,0.2617201029228892,0.6985239739468151
25986,LOF,0.04868280635671862,0.32994385821249644,0.6213733354307849
25987,LOF,0.08822866815974174,0.07090753548640522,0.8408637963538531
25988,LOF,0.1568454519751502,0.06153969174948596,0.7816148562753638
25989,LOF,0.0351087658612242,0.12274946970099226,0.8421417644377835
25990,LOF,0.04064669757926788,0.16414489540912705,0.795208407011605
25991,LOF,0.1302792056824243,0.24303161308175714,0.6266891812358185
25992,LOF,0.27269653964448903,0.15451481172948486,0.5727886486260262
25993,LOF,0.022127680514291995,0.06799331437240096,0.909879005113307
25994,LOF,0.017901464437243463,0.0857112537109684,0.8963872818517882
25995,LOF,0.023013049340525362,0.1740652215548345,0.80292172910464
25996,GOF,0.3333928006420791,0.3979293554967157,0.26867784386120525
25997,LOF,0.0877887167456307,0.36267384801152275,0.5495374352428466
25998,Neutral,0.5285497967305632,0.027773045572279973,0.4436771576971568
25999,LOF,0.1095499195892633,0.09685482284607293,0.7935952575646638
26000,LOF,0.15226644302715586,0.040844019823465624,0.8068895371493785
26001,LOF,0.22434896864503343,0.043304051484302754,0.7323469798706638
26002,LOF,0.12541150205424612,0.04413787106863454,0.8304506268771192
26003,GOF,0.011764448352692008,0.5920579921007181,0.39617755954658984
26004,GOF,0.02476490890302299,0.6837488617011629,0.29148622939581414
26005,LOF,0.006892629029161567,0.4448169277937638,0.5482904431770746
26006,Neutral,0.4938813387655054,0.25071739508109114,0.2554012661534034
26007,GOF,0.02187659436621064,0.5145547018600315,0.46356870377375786
26008,GOF,0.019258791290661267,0.6245664958411619,0.3561747128681768
26009,GOF,0.0206691931104806,0.6741763240593563,0.30515448283016317
26010,GOF,0.023626924658324718,0.6433191984274795,0.3330538769141958
26011,LOF,0.007173308911185029,0.4073846741582803,0.5854420169305347
26012,GOF,0.013602279555857457,0.5535975521876982,0.43280016825644424
26013,GOF,0.0208612378929881,0.593595508619396,0.3855432534876159
26014,LOF,0.04093610054551961,0.11630818752869322,0.8427557119257872
26015,LOF,0.18147283144634058,0.014891516760305042,0.8036356517933545
26016,LOF,0.19178302824165136,0.06205744298228955,0.7461595287760591
26017,LOF,0.20329867153728498,0.09778039244895202,0.6989209360137629
26018,LOF,0.07632683925237928,0.039890889932723536,0.883782270814897
26019,LOF,0.07270380649537503,0.032041135353446056,0.8952550581511789
26020,LOF,0.0625100821356293,0.11372147414243841,0.8237684437219323
26021,LOF,0.0453315530669866,0.11287838454792368,0.8417900623850897
26022,LOF,0.010720959303392157,0.04182254555624473,0.9474564951403632
26023,LOF,0.06381624336423644,0.02551987631849283,0.9106638803172707
26024,LOF,0.02985031084173118,0.11900137315776592,0.8511483160005029
26025,LOF,0.1399190573763642,0.09332043675763273,0.7667605058660031
26026,LOF,0.32819362604796726,0.03177729762571812,0.6400290763263146
26027,LOF,0.05716830975531194,0.020392682121970863,0.9224390081227173
26028,LOF,0.15738888185921884,0.06572119853913164,0.7768899196016495
26029,LOF,0.0783978132139322,0.16246917772161856,0.7591330090644491
26030,LOF,0.022921838584551248,0.0386151262580431,0.9384630351574056
26031,LOF,0.025909631974714884,0.11568259588265406,0.8584077721426311
26032,LOF,0.06305572760426782,0.05819067954998545,0.8787535928457467
26033,LOF,0.08207695648841896,0.057225465410087835,0.8606975781014933
26034,LOF,0.044198601228670926,0.13796524350648087,0.8178361552648482
26035,LOF,0.025342408266321018,0.1286682070630324,0.8459893846706465
26036,LOF,0.03937844867340738,0.14917655140622887,0.8114449999203638
26037,LOF,0.0203219107501954,0.10150993721683478,0.8781681520329697
26038,LOF,0.058674612567686156,0.059781240967924865,0.881544146464389
26039,LOF,0.04982828709234146,0.12734207792272298,0.8228296349849356
26040,LOF,0.20578166835231268,0.09778604159500132,0.6964322900526861
26041,LOF,0.021702662670069425,0.09400538221370354,0.884291955116227
26042,LOF,0.019534990020339024,0.08948891509495717,0.8909760948847038
26043,LOF,0.05931837586871933,0.0692439430597922,0.8714376810714886
26044,LOF,0.02044892073694237,0.048285860884463634,0.931265218378594
26045,LOF,0.06714002119464577,0.08014971850988739,0.8527102602954668
26046,LOF,0.05558676128836222,0.05776116795413359,0.8866520707575042
26047,LOF,0.07289054576580298,0.060718091763261275,0.8663913624709357
26048,LOF,0.04540683488776077,0.031598731065934936,0.9229944340463043
26049,Neutral,0.9679287955225697,0.005575737623292623,0.02649546685413767
26050,Neutral,0.9523635001417912,0.007276775206176238,0.0403597246520326
26051,LOF,0.04636855937137758,0.2755310813796295,0.6781003592489929
26052,LOF,0.06623136465328909,0.31624706243861944,0.6175215729080915
26053,LOF,0.05494339204968974,0.15732711863985435,0.7877294893104559
26054,LOF,0.04958462890976593,0.0176637224710127,0.9327516486192214
26055,LOF,0.06840509007841915,0.015166217166268817,0.916428692755312
26056,LOF,0.05756659357962287,0.017625225007545844,0.9248081814128313
26057,LOF,0.030451186154689273,0.012356929474927779,0.9571918843703829
26058,LOF,0.031385868484049576,0.009797366443811564,0.9588167650721388
26059,LOF,0.25197901227280933,0.021540587851594534,0.7264803998755962
26060,LOF,0.03995643055973686,0.17985725359392354,0.7801863158463396
26061,LOF,0.016886517824555233,0.012379194109423916,0.9707342880660208
26062,LOF,0.009566140367632247,0.018272063029272152,0.9721617966030955
26063,LOF,0.019342151400897362,0.010181586665153782,0.9704762619339489
26064,LOF,0.021872424453480057,0.025249408972534228,0.9528781665739857
26065,LOF,0.024949609071915037,0.011918178147005038,0.96313221278108
26066,LOF,0.019797747106750453,0.010735019958743567,0.9694672329345061
26067,LOF,0.027321458431211424,0.008451564939882942,0.9642269766289057
26068,LOF,0.04321185783566303,0.028563497559162612,0.9282246446051743
26069,LOF,0.2457281699335696,0.01911404706316387,0.7351577830032664
26070,LOF,0.39701308790109086,0.015211123405739907,0.5877757886931693
26071,LOF,0.019710679281087884,0.011782397833960949,0.9685069228849512
26072,LOF,0.018126202275100794,0.017369485480373707,0.9645043122445256
26073,LOF,0.019171991594764282,0.011230696360347113,0.9695973120448886
26074,Neutral,0.9090301785383573,0.0058609108959372875,0.08510891056570528
26075,LOF,0.04607161406906666,0.013977057691506705,0.9399513282394267
26076,LOF,0.03700500804376062,0.00855005780151024,0.9544449341547291
26077,LOF,0.009167114423487988,0.012598645188759108,0.978234240387753
26078,LOF,0.014731119470770323,0.011649142501718716,0.9736197380275109
26079,LOF,0.06126609390077784,0.01580145932134626,0.9229324467778759
26080,LOF,0.06003770654390785,0.015817316158100465,0.9241449772979917
26081,LOF,0.03279040870527544,0.006590488732182644,0.9606191025625419
26082,LOF,0.012633754364013663,0.013398973761594274,0.9739672718743921
26083,LOF,0.17250378732289962,0.014415959117002448,0.8130802535600979
26084,LOF,0.04435175944848472,0.011784263017050236,0.9438639775344652
26085,LOF,0.03942094700257013,0.011345857351391337,0.9492331956460386
26086,LOF,0.01941190495842159,0.011434691866977651,0.9691534031746009
26087,LOF,0.022467614431790916,0.00857839561691268,0.9689539899512963
26088,LOF,0.01547613133786312,0.02280336294821232,0.9617205057139244
26089,LOF,0.04205063161567672,0.02281719156270139,0.9351321768216219
26090,LOF,0.04145697763075636,0.01829256797234029,0.9402504543969034
26091,LOF,0.03116368961633649,0.006159452376876797,0.9626768580067867
26092,LOF,0.020389979106040127,0.0074960446852525,0.9721139762087074
26093,LOF,0.03216167062071426,0.005786411047606289,0.9620519183316794
26094,LOF,0.03313189932847654,0.0059646176110409585,0.9609034830604825
26095,LOF,0.04101096726544279,0.013769586154734404,0.9452194465798228
26096,LOF,0.018000300127531673,0.010291781853344763,0.9717079180191235
26097,LOF,0.012069661639415885,0.03538446660912989,0.9525458717514543
26098,LOF,0.07418779623229788,0.01111275882684438,0.9146994449408578
26099,LOF,0.01943361902064999,0.011621638398510822,0.9689447425808391
26100,LOF,0.021016670093252206,0.011213858664056438,0.9677694712426913
26101,LOF,0.04431244253566941,0.0162018890582761,0.9394856684060545
26102,LOF,0.019159569608771684,0.012453062014396887,0.9683873683768315
26103,Neutral,0.8783354807747441,0.01868385314719809,0.10298066607805792
26104,LOF,0.07531080545266221,0.023692174436883266,0.9009970201104546
26105,LOF,0.18782571520200517,0.29439325565510166,0.5177810291428931
26106,LOF,0.16745269613952898,0.14831052931048228,0.6842367745499888
26107,LOF,0.23032250026236906,0.09231993352030084,0.6773575662173302
26108,LOF,0.22875527106608035,0.10122564903272702,0.6700190799011926
26109,LOF,0.07791319032269692,0.054534612823234845,0.8675521968540683
26110,LOF,0.21851014323991552,0.007204146822231771,0.7742857099378527
26111,Neutral,0.5168329818822159,0.02557040748156964,0.4575966106362145
26112,LOF,0.03001512890425631,0.007825338956622192,0.9621595321391215
26113,LOF,0.06028118461850648,0.018343020074599932,0.9213757953068936
26114,LOF,0.023287470732484942,0.03410935197267683,0.9426031772948383
26115,LOF,0.07975444133383044,0.06065490062580318,0.8595906580403664
26116,LOF,0.06128891417479877,0.06702323796218516,0.871687847863016
26117,LOF,0.43517222060634864,0.043109137538714724,0.5217186418549365
26118,LOF,0.033795086547475824,0.023443211831970574,0.9427617016205537
26119,LOF,0.0232215135738274,0.03559140337846364,0.9411870830477088
26120,LOF,0.02397968078935678,0.018954225753514353,0.9570660934571288
26121,LOF,0.04060872876481738,0.08351180829395304,0.8758794629412296
