feature0,prediction,LoGoFunc_Neutral,LoGoFunc_GOF,LoGoFunc_LOF
25546,Neutral,0.6283840653221836,0.05988303122936161,0.3117329034484548
25547,Neutral,0.5083872844175444,0.09071431509741211,0.4008984004850435
25548,Neutral,0.4978706513268204,0.07644145267687456,0.4256878959963051
25549,LOF,0.4398109302605525,0.07206650256451932,0.4881225671749281
25550,LOF,0.35258961724310933,0.10905913359061226,0.5383512491662783
25551,LOF,0.32310536905216997,0.11208136605339737,0.5648132648944326
25552,LOF,0.27919159788014936,0.11234465263712975,0.6084637494827209
25553,Neutral,0.8050988901771627,0.04471317501102177,0.15018793481181547
25554,LOF,0.3236598367947789,0.09959299065666805,0.5767471725485531
25555,LOF,0.27274117225073874,0.09583596363742082,0.6314228641118406
25556,LOF,0.4519961309455602,0.08832047188004853,0.4596833971743914
25557,LOF,0.2634713923815933,0.0996145731364092,0.6369140344819976
25558,LOF,0.32197297243577255,0.09557186096551504,0.5824551665987124
25559,LOF,0.2972675966642843,0.13670191004361762,0.5660304932920981
25560,LOF,0.1734970734220623,0.10619798483934098,0.7203049417385967
25561,LOF,0.16242918093028247,0.11660992705319453,0.7209608920165229
25562,LOF,0.07250680258771447,0.07934118938537402,0.8481520080269116
25563,LOF,0.023217093321305386,0.1433535022504519,0.8334294044282428
25564,LOF,0.21560257913766895,0.1229664645876135,0.6614309562747175
25565,LOF,0.19914627682780722,0.157583391247461,0.6432703319247318
25566,GOF,0.10537974585658783,0.6950874503794197,0.19953280376399243
25567,LOF,0.042269855477724126,0.1625347050842026,0.7951954394380732
25568,LOF,0.0638445162423146,0.0721628741240768,0.8639926096336086
25569,LOF,0.06408038442449981,0.07429565773266644,0.8616239578428337
25570,LOF,0.0283908628271688,0.10046875778523327,0.8711403793875978
25571,LOF,0.02804672568500043,0.10520580071457024,0.8667474736004294
25572,LOF,0.05959964464327659,0.12014281736749897,0.8202575379892244
25573,LOF,0.058446829944843764,0.09229907295991885,0.8492540970952374
25574,LOF,0.061426244370988724,0.2140895100605922,0.724484245568419
25575,LOF,0.02311885118121356,0.11887214733703667,0.8580090014817499
25576,LOF,0.030203492325235844,0.14945974875019397,0.8203367589245703
25577,LOF,0.031176820465851473,0.1155723074629649,0.8532508720711836
25578,LOF,0.31098897093463856,0.08121470108017928,0.6077963279851822
25579,LOF,0.13284748646660968,0.08869690091548188,0.7784556126179084
25580,LOF,0.021204234916980803,0.07945656370464158,0.8993392013783775
25581,LOF,0.05806569762140287,0.06447600702379337,0.8774582953548037
25582,LOF,0.057726801425669313,0.06348528797118339,0.8787879106031473
25583,LOF,0.022997623732163446,0.07845127258533216,0.8985511036825045
25584,Neutral,0.6881227949028013,0.11654692132587223,0.19533028377132658
25585,LOF,0.02783900332904491,0.13868047478577683,0.8334805218851784
25586,LOF,0.018122760592898357,0.07101792262817469,0.910859316778927
25587,LOF,0.0180954224593822,0.06223636389122095,0.919668213649397
25588,LOF,0.021565965694392116,0.06781147557632748,0.9106225587292803
25589,Neutral,0.5015018848338632,0.2071654736249165,0.29133264154122046
25590,LOF,0.04783847293733969,0.1146546103211257,0.8375069167415345
25591,LOF,0.09880404772976677,0.05678931194296683,0.8444066403272664
25592,LOF,0.05254376566662371,0.13309894014940626,0.8143572941839701
25593,LOF,0.13320550871288112,0.2549780422281281,0.6118164490589908
25594,LOF,0.05630665717886675,0.10399774885226347,0.8396955939688697
25595,LOF,0.05751030874964172,0.07417991886531797,0.8683097723850404
25596,LOF,0.10911149380998757,0.04395664674535127,0.8469318594446612
25597,LOF,0.0909959655756511,0.052633569750634726,0.8563704646737142
25598,LOF,0.05708637014828098,0.07411851566637243,0.8687951141853465
25599,LOF,0.022897052888448607,0.47308940309031666,0.5040135440212348
25600,GOF,0.17763949537464008,0.49355508134037607,0.32880542328498374
25601,LOF,0.04891895114894259,0.3950791903993227,0.5560018584517347
25602,LOF,0.03683996181138502,0.06940190351592787,0.8937581346726872
25603,LOF,0.03370485409134048,0.0352978519242258,0.9309972939844338
25604,LOF,0.033974235356639085,0.07887901225999862,0.8871467523833624
25605,LOF,0.03543290361880447,0.1945167922571712,0.7700503041240243
25606,LOF,0.3977756497895414,0.12798297819805465,0.47424137201240396
25607,LOF,0.025776512614471322,0.16599599581250218,0.8082274915730264
25608,LOF,0.03452982909555585,0.07011737634741855,0.8953527945570255
25609,GOF,0.15451211567573567,0.5529406475009551,0.2925472368233092
25610,LOF,0.016800954277405647,0.029931490083114583,0.9532675556394797
25611,LOF,0.013985030083413298,0.03485756479765523,0.9511574051189314
25612,LOF,0.05051400107513592,0.04811080545846034,0.9013751934664037
25613,LOF,0.04576230837436624,0.047869250075763516,0.9063684415498702
25614,LOF,0.02211880457300513,0.027590768819068984,0.9502904266079258
25615,LOF,0.04011527718145006,0.046076402467365385,0.9138083203511845
25616,LOF,0.05010626575389874,0.03046166755249456,0.9194320666936067
25617,LOF,0.04274523057101144,0.04537494082692681,0.9118798286020618
25618,LOF,0.045035316061564225,0.04056993773762073,0.914394746200815
25619,LOF,0.013550112743649862,0.03783702340271609,0.948612863853634
25620,LOF,0.0615691970759553,0.04848033981855451,0.8899504631054903
25621,LOF,0.05194610725380382,0.0389636856636837,0.9090902070825125
25622,LOF,0.06327759406125985,0.03353086692562075,0.9031915390131193
25623,LOF,0.06722924581021138,0.03008636689043874,0.90268438729935
25624,LOF,0.01873009585156013,0.03576866459777251,0.9455012395506673
25625,LOF,0.059120920534125106,0.04002397940521174,0.9008551000606632
25626,LOF,0.043863878296133856,0.045618171552763334,0.9105179501511028
25627,Neutral,0.900505640442161,0.01755557477929496,0.08193878477854394
25628,LOF,0.14790681627016633,0.05645330536790797,0.7956398783619257
25629,LOF,0.06600818190731027,0.0416813942521115,0.8923104238405782
25630,LOF,0.2986103680207614,0.06562185624220099,0.6357677757370376
25631,Neutral,0.5791727073239954,0.05711104759254526,0.36371624508345923
25632,LOF,0.026632869067572847,0.05546213855814579,0.9179049923742814
25633,LOF,0.16434823811474358,0.035567593460311187,0.8000841684249453
25634,LOF,0.03407721289789263,0.07721200252100342,0.8887107845811041
25635,LOF,0.035081529424026654,0.03703741458254482,0.9278810559934285
25636,LOF,0.03396181918616531,0.422289569120052,0.5437486116937826
25637,LOF,0.07620144407859394,0.45114915700883296,0.4726493989125732
25638,LOF,0.030285006358906505,0.3089222404869303,0.6607927531541632
25639,LOF,0.03268944201206414,0.35182688522751143,0.6154836727604244
25640,Neutral,0.7665436566559821,0.1946541498562501,0.038802193487767776
25641,LOF,0.06988729924694667,0.45292683253869476,0.47718586821435854
25642,LOF,0.047750009814039596,0.1640669563802066,0.7881830338057538
25643,LOF,0.20300886327587142,0.13808574052298453,0.6589053962011442
25644,LOF,0.021955727737867782,0.4175557091254752,0.560488563136657
25645,LOF,0.025181934548702007,0.3541561016096427,0.6206619638416553
25646,LOF,0.058227671740025994,0.2891265436870202,0.6526457845729539
25647,LOF,0.026663689543788564,0.22549122338152117,0.7478450870746902
25648,LOF,0.03897017290727988,0.21812950190009872,0.7429003251926215
25649,LOF,0.018266510892911963,0.212648159116303,0.7690853299907849
25650,LOF,0.05311396851120581,0.3744334605110625,0.5724525709777317
25651,LOF,0.01894037796066457,0.24352917223598947,0.7375304498033459
25652,LOF,0.03383959910691921,0.23278842934069244,0.7333719715523884
25653,LOF,0.09137617848366826,0.3528807411590574,0.5557430803572744
25654,LOF,0.026736412556951753,0.20408726963160553,0.7691763178114427
25655,LOF,0.2222155577242979,0.3643816312886244,0.41340281098707765
25656,LOF,0.3441634086257041,0.04475433935232192,0.611082252021974
25657,LOF,0.06207179695153731,0.049470853330434106,0.8884573497180285
25658,LOF,0.34262798275011497,0.05477971991802098,0.6025922973318639
25659,Neutral,0.5019439026297943,0.07274729868276841,0.42530879868743726
25660,LOF,0.02076797405078337,0.08228808134533179,0.8969439446038849
25661,LOF,0.098357219459433,0.06309087191113238,0.8385519086294347
25662,LOF,0.03534979009558043,0.03781595659475386,0.9268342533096656
25663,LOF,0.0459426961896096,0.05076999123476507,0.9032873125756253
25664,LOF,0.13615941876181645,0.06623747969661509,0.7976031015415684
25665,LOF,0.0524020307925597,0.034371936814610184,0.9132260323928301
25666,LOF,0.09110006884561472,0.07943643989494845,0.8294634912594369
25667,LOF,0.07611222285723827,0.04156134665857101,0.8823264304841907
25668,LOF,0.03790871072885009,0.051364202408515455,0.9107270868626345
25669,LOF,0.03210740215731151,0.05439926645781525,0.9134933313848731
25670,LOF,0.1463334631899237,0.06036732219413151,0.7932992146159447
25671,LOF,0.11348739066152153,0.03972347534304072,0.8467891339954378
25672,LOF,0.0509927764938836,0.04456940288075574,0.9044378206253606
25673,LOF,0.0814216674605951,0.050511219138639915,0.868067113400765
25674,LOF,0.07106685076657664,0.05811691993613606,0.8708162292972873
25675,LOF,0.12209079381864985,0.05901221181960524,0.8188969943617449
25676,LOF,0.019615026945891043,0.057874248996092115,0.9225107240580169
25677,LOF,0.026227809061489263,0.07552581252856205,0.8982463784099487
25678,LOF,0.21983559622792767,0.05799788685320295,0.7221665169188694
25679,LOF,0.11491308641659097,0.08009278870767281,0.8049941248757362
25680,LOF,0.03160689156274979,0.12151186781397325,0.8468812406232769
25681,LOF,0.04896907063025199,0.1168770673061453,0.8341538620636028
25682,LOF,0.14659451278761484,0.07651871580759516,0.77688677140479
25683,LOF,0.11607400103617804,0.08559221159898864,0.7983337873648334
25684,LOF,0.04496924067833847,0.07712037486628927,0.8779103844553722
25685,LOF,0.13410051442818074,0.04987753592208511,0.8160219496497341
25686,LOF,0.08812349661410239,0.07767760727957196,0.8341988961063257
25687,LOF,0.11268755535086024,0.08625377731801005,0.8010586673311296
25688,LOF,0.30325610296605066,0.03927068020704042,0.657473216826909
25689,LOF,0.23481343264745788,0.042362829913689705,0.7228237374388524
25690,LOF,0.3108201593805248,0.03121245897429817,0.657967381645177
25691,Neutral,0.6882009039902288,0.026528669732029414,0.28527042627774174
25692,LOF,0.36977371028844,0.010562998866459568,0.6196632908451004
25693,LOF,0.048641582247638836,0.43344452291456526,0.5179138948377959
25694,LOF,0.11202559273904955,0.017718277242931693,0.8702561300180186
25695,LOF,0.10786254887099764,0.0166248408551582,0.8755126102738442
25696,LOF,0.1436416897055514,0.009419058346584842,0.8469392519478637
25697,LOF,0.08602591795380732,0.02990265899019688,0.8840714230559958
25698,LOF,0.3487447086882668,0.17875744409926445,0.4724978472124686
25699,LOF,0.4312478089697935,0.03763492777374736,0.5311172632564591
25700,LOF,0.07055660373811636,0.008368307990182447,0.9210750882717013
25701,LOF,0.13957920524371373,0.055005855552972036,0.8054149392033141
25702,GOF,0.17905690590024645,0.5896611566622981,0.23128193743745531
25703,LOF,0.016674621760408705,0.14779099248390692,0.8355343857556844
25704,LOF,0.044871576630094646,0.10252371802643699,0.8526047053434683
25705,LOF,0.04894236098691905,0.1709170896734525,0.7801405493396284
25706,LOF,0.09731529484670502,0.43722626172985557,0.4654584434234394
25707,LOF,0.10085310333934029,0.3667020121830848,0.532444884477575
25708,LOF,0.03145253461547449,0.32612501744812056,0.6424224479364049
25709,LOF,0.06886378197982071,0.04598310715779734,0.8851531108623819
25710,LOF,0.011305879221806035,0.16155882610161246,0.8271352946765814
25711,LOF,0.019034425339900247,0.11164647309518749,0.8693191015649123
25712,LOF,0.013469822541791552,0.18843753670815344,0.798092640750055
25713,LOF,0.019150266380565772,0.09496519561706031,0.8858845380023739
25714,LOF,0.07902865304172267,0.0891377497187763,0.831833597239501
25715,LOF,0.011499408593324243,0.15931854554186506,0.8291820458648106
25716,LOF,0.014354996213676408,0.12245059508376215,0.8631944087025615
25717,LOF,0.012262763474723663,0.08777962085210285,0.8999576156731736
25718,LOF,0.012794548329221224,0.1136631515791099,0.8735423000916688
25719,LOF,0.018531594949124167,0.08906367926416935,0.8924047257867065
25720,LOF,0.023750533580749335,0.08352325754916753,0.8927262088700832
25721,LOF,0.015636733950490502,0.12723624146159868,0.8571270245879108
25722,LOF,0.01431947566121398,0.13712434370146864,0.8485561806373173
25723,LOF,0.02354852529068789,0.046695347305385056,0.929756127403927
25724,LOF,0.03315811268781814,0.10055145287982992,0.866290434432352
25725,LOF,0.011935281540928587,0.07604357257601738,0.9120211458830539
25726,LOF,0.01607144758919854,0.11517191108767852,0.868756641323123
25727,LOF,0.01383130210645331,0.08523724720932539,0.9009314506842213
25728,LOF,0.01001396113420421,0.13419162510597557,0.8557944137598201
25729,LOF,0.010359583010772187,0.12747612304247724,0.8621642939467506
25730,LOF,0.014358048086362723,0.0934199463727144,0.8922220055409229
25731,LOF,0.018435033336037143,0.11541109661303615,0.8661538700509267
25732,LOF,0.015039583059184219,0.08315272690441641,0.9018076900363993
25733,LOF,0.016523097469700418,0.08054712161447218,0.9029297809158273
25734,LOF,0.011887709416173993,0.12199106581501211,0.8661212247688138
25735,LOF,0.014179757444669025,0.09464160521783554,0.8911786373374955
25736,LOF,0.015505440730068576,0.11156108723940449,0.8729334720305268
25737,LOF,0.012812786507988703,0.09123023771343627,0.895956975778575
25738,LOF,0.01243784661757835,0.1193956009251598,0.8681665524572619
25739,LOF,0.020480571761828825,0.0916768247043563,0.887842603533815
25740,LOF,0.026673826509284203,0.12010734179958053,0.8532188316911352
25741,LOF,0.01445339690192618,0.12836639658731888,0.857180206510755
25742,LOF,0.1168991435224041,0.10032599403426373,0.7827748624433322
25743,LOF,0.03341896129100088,0.03852654417188766,0.9280544945371114
25744,Neutral,0.5795105021519923,0.2023126474273521,0.21817685042065557
25745,LOF,0.07445859592028949,0.08197135521236523,0.8435700488673453
25746,LOF,0.04091541201453976,0.09342244226417755,0.8656621457212827
25747,LOF,0.022619006148988183,0.052663521132228004,0.9247174727187838
25748,LOF,0.09184726242174415,0.06977040353960416,0.8383823340386516
25749,LOF,0.0237367970342775,0.08718721843969948,0.8890759845260231
25750,LOF,0.09087620748097429,0.08662512729097434,0.8224986652280514
25751,LOF,0.09235934688913511,0.08419258860787295,0.8234480645029919
25752,GOF,0.11560931346013419,0.6507800723752055,0.23361061416466036
25753,LOF,0.01883633980554381,0.2668406785198675,0.7143229816745887
25754,GOF,0.010594785676758553,0.7646512569060974,0.2247539574171441
25755,LOF,0.02316932073066046,0.38893035692173433,0.5879003223476051
25756,LOF,0.045929695749918446,0.3616522607135879,0.5924180435364937
25757,GOF,0.011719979033419946,0.8115709586669105,0.1767090622996696
25758,GOF,0.026931003887862966,0.7939561948544392,0.1791128012576977
25759,GOF,0.010834350501277278,0.5415370915784904,0.4476285579202323
25760,LOF,0.011391854765131219,0.24375307499203677,0.7448550702428319
25761,GOF,0.28608242569982567,0.6241757669929062,0.08974180730726813
25762,LOF,0.036172320085710925,0.26449242593154393,0.6993352539827451
25763,LOF,0.014293186194949948,0.1894693744949062,0.7962374393101438
25764,GOF,0.08388195096344049,0.6053807997203268,0.31073724931623287
25765,GOF,0.03647405449769389,0.7367509444900218,0.22677500101228432
25766,GOF,0.06709819807564564,0.7374756887288264,0.1954261131955278
25767,GOF,0.1370057809724822,0.5759419475659938,0.287052271461524
25768,LOF,0.112386027023012,0.06875584139922467,0.8188581315777633
25769,LOF,0.0578168654237209,0.06331299276348962,0.8788701418127896
25770,LOF,0.31958092513407027,0.08786643914235674,0.592552635723573
25771,LOF,0.0405304989770473,0.052962589776102534,0.9065069112468502
25772,LOF,0.01850035028718634,0.040861649390678836,0.9406380003221348
25773,LOF,0.04331567082170877,0.10052302166211743,0.8561613075161737
25774,LOF,0.02879320450346516,0.07272558535846885,0.8984812101380659
25775,LOF,0.04697172456638886,0.05387278104395506,0.899155494389656
25776,LOF,0.08101843149601765,0.0261083003740258,0.8928732681299565
25777,LOF,0.3777864648003004,0.05394316773867415,0.5682703674610254
25778,LOF,0.07445654583897986,0.04701450235171357,0.8785289518093066
25779,GOF,0.36274145829226867,0.5889115331532835,0.04834700855444784
25780,GOF,0.30196020745434315,0.6225240093385918,0.07551578320706506
25781,GOF,0.14052615704464977,0.7544609218704089,0.10501292108494148
25782,GOF,0.21025486676717606,0.7190056707488235,0.07073946248400033
25783,GOF,0.022163014108872947,0.5956074756883424,0.3822295102027847
25784,Neutral,0.5145656806155843,0.4398008844781015,0.045633434906314066
25785,GOF,0.4776138798753456,0.4834862247136452,0.038899895411009154
25786,GOF,0.026406611789034647,0.7305052247694597,0.24308816344150586
25787,Neutral,0.6379987462453537,0.33488537399374435,0.027115879760901945
25788,LOF,0.05028810269490974,0.10401464238252375,0.8456972549225664
25789,GOF,0.1915836942405056,0.6542930794536632,0.15412322630583122
25790,GOF,0.2128139561434001,0.67754558137886,0.10964046247773977
25791,GOF,0.1744788185756257,0.6511875033644816,0.17433367805989275
25792,GOF,0.35820351672993794,0.5181257077297542,0.12367077554030781
25793,GOF,0.25102230693362293,0.5316755392410303,0.2173021538253467
25794,GOF,0.2909510057084771,0.5211553316756932,0.1878936626158299
25795,GOF,0.08744212121000566,0.6459693818675838,0.2665884969224105
25796,Neutral,0.572881578650259,0.34388960844185795,0.08322881290788305
25797,GOF,0.0860789700288564,0.5141613049716011,0.39975972499954265
25798,LOF,0.008679638108105526,0.4836876789285597,0.5076326829633347
25799,LOF,0.00728976595350731,0.35240820247672966,0.6403020315697631
25800,GOF,0.03390258011205549,0.559771251858791,0.4063261680291535
25801,GOF,0.2054413781102139,0.6456459289969585,0.14891269289282763
25802,GOF,0.07611333474405538,0.6612682872172789,0.2626183780386656
25803,GOF,0.03576469467110063,0.5542260878389221,0.41000921748997726
25804,LOF,0.02823040303203355,0.4562280130539048,0.5155415839140617
25805,GOF,0.09510385087672413,0.5623800350703397,0.3425161140529362
25806,GOF,0.10171212339847564,0.5882331937866403,0.3100546828148842
25807,GOF,0.017949162460035393,0.5803967341217944,0.40165410341817026
25808,GOF,0.07666894781040567,0.618326965778797,0.30500408641079724
25809,GOF,0.0182918858725858,0.5443475197894561,0.4373605943379581
25810,GOF,0.01681928304653601,0.5817917452853578,0.4013889716681063
25811,GOF,0.4482268192295028,0.46690891966491826,0.08486426110557886
25812,GOF,0.027881548253288424,0.6126913491058794,0.3594271026408321
25813,Neutral,0.5159697108933463,0.37651956983944146,0.10751071926721217
25814,GOF,0.11030113223100506,0.6292935224768067,0.2604053452921884
25815,GOF,0.18569084291827198,0.6109368654168107,0.20337229166491744
25816,GOF,0.019015256576109783,0.680632307755861,0.30035243566802916
25817,GOF,0.21560459350639816,0.6391073431994462,0.14528806329415578
25818,GOF,0.0477487184580864,0.6078698847850476,0.3443813967568661
25819,GOF,0.32572533955803074,0.5202282311395295,0.15404642930243978
25820,GOF,0.1738439904711739,0.5994631100545862,0.22669289947423976
25821,GOF,0.05605195518690391,0.6502815855574197,0.29366645925567647
25822,GOF,0.19999897372782144,0.5654709717518007,0.23453005452037787
25823,GOF,0.030864901634377703,0.4903351824591562,0.47879991590646614
25824,GOF,0.08127793662339396,0.5609758020617911,0.35774626131481496
25825,GOF,0.03395558329992583,0.5483563062874541,0.41768811041262016
25826,GOF,0.013742187303746019,0.5208372887480628,0.4654205239481911
25827,GOF,0.02268924433141328,0.5719255885670739,0.40538516710151284
25828,LOF,0.014279768794279165,0.48935636804640126,0.4963638631593195
25829,GOF,0.005657942466351804,0.5523466547941325,0.4419954027395156
25830,LOF,0.03185275961757255,0.2940068339475359,0.6741404064348916
25831,GOF,0.23060443898083663,0.6365192612635666,0.13287629975559673
25832,GOF,0.03286899659252072,0.6473903482443449,0.3197406551631342
25833,GOF,0.1144936160094885,0.687646469908385,0.1978599140821265
25834,GOF,0.034092929382391036,0.6506375225426836,0.3152695480749254
25835,GOF,0.07892730036148,0.7201419430949352,0.2009307565435848
25836,GOF,0.03514911705504423,0.6437813602167101,0.3210695227282456
25837,GOF,0.02773579698154402,0.5562588955127058,0.4160053075057501
25838,GOF,0.09224492576775331,0.7402072088378792,0.1675478653943676
25839,GOF,0.2876186632869586,0.5448074090409123,0.1675739276721291
25840,GOF,0.23783308248942803,0.5979674713026059,0.16419944620796623
25841,GOF,0.23145225957027873,0.6085179091553341,0.1600298312743872
25842,GOF,0.16726708006919708,0.6988066269184969,0.133926293012306
25843,GOF,0.24646769055821383,0.6536109253559502,0.09992138408583585
25844,GOF,0.06883468761004145,0.691090693540822,0.24007461884913658
25845,LOF,0.017171916137301638,0.44828200889193315,0.5345460749707652
25846,GOF,0.13478649618929478,0.7008589314296443,0.16435457238106094
25847,GOF,0.11515277143279921,0.7675797336410878,0.11726749492611305
25848,GOF,0.04124310518960451,0.6676814307304212,0.29107546407997437
25849,GOF,0.012113897827454817,0.5674264849413577,0.4204596172311874
25850,GOF,0.023934721781369343,0.6351494049773614,0.34091587324126926
25851,GOF,0.019844438857980574,0.5166779049948562,0.4634776561471633
25852,GOF,0.16388379097312022,0.5298888355537335,0.30622737347314644
25853,GOF,0.3336610125988332,0.5851387116797744,0.08120027572139253
25854,GOF,0.021699482139949704,0.6054474833793995,0.3728530344806509
25855,GOF,0.03689906223163067,0.5192435626065824,0.44385737516178697
25856,GOF,0.24241029911482115,0.5226185276516271,0.2349711732335518
25857,LOF,0.039528113071601416,0.47820560370059056,0.4822662832278079
25858,GOF,0.019696104849303977,0.5152550138500259,0.46504888130067007
25859,LOF,0.009631545791985132,0.4908976936012803,0.49947076060673457
25860,GOF,0.3510666121764385,0.5567002907332137,0.09223309709034784
25861,GOF,0.41549508370472965,0.5027065572779885,0.08179835901728182
25862,GOF,0.08737318214123257,0.7710939310904641,0.14153288676830328
25863,GOF,0.08330034771930828,0.7685649841142674,0.14813466816642434
25864,GOF,0.1892858042330332,0.7280613519492016,0.0826528438177653
25865,GOF,0.07755312658658935,0.788665699317974,0.13378117409543655
25866,GOF,0.057800629371292385,0.7849217420424681,0.15727762858623962
25867,GOF,0.07874345695260827,0.8096662031098493,0.11159033993754253
25868,GOF,0.25578845140048045,0.6317469102743524,0.11246463832516707
25869,Neutral,0.7089989918602567,0.2486986576717922,0.04230235046795116
25870,LOF,0.2577308237675585,0.35994007162119046,0.3823291046112511
25871,GOF,0.21816392154284167,0.6056700311242403,0.17616604733291813
25872,GOF,0.0767085680975121,0.6195526439690815,0.3037387879334063
25873,GOF,0.12063422995339519,0.6701080993629992,0.20925767068360554
25874,LOF,0.016786988484167376,0.11445085643810851,0.868762155077724
25875,LOF,0.09082815109593792,0.038815624133539804,0.8703562247705223
25876,LOF,0.032818720386556754,0.032328197016319477,0.9348530825971236
25877,LOF,0.4541389873521918,0.04823816109049026,0.4976228515573178
25878,LOF,0.18061150622700606,0.09007226842997788,0.7293162253430161
25879,LOF,0.09532276575039347,0.08885356597456161,0.8158236682750449
25880,LOF,0.02243445125743626,0.016738896852981057,0.9608266518895826
25881,LOF,0.15519376652024847,0.1374405330739205,0.707365700405831
25882,LOF,0.06115748758673883,0.01657759513911159,0.9222649172741495
25883,LOF,0.07876208640892533,0.022452080267657513,0.8987858333234171
25884,LOF,0.03265955094587356,0.03107040781412979,0.9362700412399967
25885,LOF,0.05932836153262036,0.011810633515154684,0.9288610049522249
25886,LOF,0.25358621786101104,0.041902008855739525,0.7045117732832494
25887,LOF,0.14729275372083597,0.07145772770671148,0.7812495185724525
25888,LOF,0.06561137371411445,0.06365794496408927,0.8707306813217963
25889,LOF,0.04318973426230315,0.024734601896055954,0.9320756638416409
25890,LOF,0.04933368107344538,0.14890557874157073,0.8017607401849839
25891,LOF,0.041595110329386405,0.0504059769232575,0.907998912747356
25892,LOF,0.09517299239854894,0.02014212527327409,0.8846848823281771
25893,LOF,0.25033721222239214,0.018418737993791293,0.7312440497838165
25894,LOF,0.1799325993174857,0.0100152941933128,0.8100521064892015
25895,LOF,0.21037901700927605,0.018925517770648374,0.7706954652200755
25896,LOF,0.049069214136329746,0.021293828503807507,0.9296369573598628
25897,LOF,0.253687527612565,0.010761622354519718,0.7355508500329153
25898,Neutral,0.7125011985924051,0.00864790785797035,0.27885089354962456
25899,LOF,0.18588752141888878,0.021173420109441246,0.79293905847167
25900,LOF,0.427059834298247,0.014895621452639207,0.5580445442491139
25901,LOF,0.043407680363019154,0.011333418908475458,0.9452589007285053
25902,LOF,0.1418229345393144,0.011909136179981962,0.8462679292807036
25903,Neutral,0.5484867184645051,0.028463605763565377,0.4230496757719295
25904,LOF,0.28112386848436266,0.046385103243088505,0.6724910282725488
25905,LOF,0.023057010309727295,0.34815698441415677,0.628786005276116
25906,LOF,0.03340061086520495,0.08367619301968246,0.8829231961151126
25907,LOF,0.01576102201480191,0.3584039613281662,0.6258350166570319
25908,LOF,0.010584073746976803,0.26720440383189925,0.722211522421124
25909,LOF,0.013278289078006397,0.1441082644206718,0.8426134465013219
25910,LOF,0.050688698926271196,0.14343473104664428,0.8058765700270845
25911,LOF,0.1865728545256496,0.020921425515244056,0.7925057199591063
25912,LOF,0.051427428705895145,0.040887286825983714,0.9076852844681211
25913,LOF,0.3026453965565115,0.021461903597910233,0.6758926998455782
25914,LOF,0.019638627794306012,0.07075755508093816,0.9096038171247559
25915,Neutral,0.5783379146874427,0.1972495086860195,0.22441257662653769
25916,LOF,0.1006542837228289,0.26736691362148673,0.6319788026556843
25917,LOF,0.07090413243001828,0.05345019983006043,0.8756456677399213
25918,LOF,0.025026256954904753,0.04660705491217674,0.9283666881329186
25919,LOF,0.02202687655185841,0.05137342728657183,0.9265996961615699
25920,GOF,0.10995879219865727,0.5039308821388667,0.38611032566247605
25921,LOF,0.0219329411794913,0.032530548062330675,0.945536510758178
25922,LOF,0.0310369009357734,0.023637262485069387,0.9453258365791573
25923,LOF,0.4360623452912724,0.02806563906863233,0.5358720156400952
25924,LOF,0.03177796951735305,0.04244716537600632,0.9257748651066405
25925,LOF,0.06576966386415833,0.032037194074464106,0.9021931420613777
25926,LOF,0.04704512717703564,0.027873153563373533,0.9250817192595907
25927,LOF,0.05615841588056983,0.11908422391365947,0.8247573602057707
25928,LOF,0.0171109716311459,0.0423430773061158,0.9405459510627383
25929,Neutral,0.5568690015351131,0.03076470106052482,0.4123662974043621
25930,LOF,0.0503647296918402,0.02512311472202463,0.9245121555861352
25931,LOF,0.022165846088178925,0.025639523631480775,0.9521946302803402
25932,LOF,0.025502907732164664,0.022037655704734153,0.9524594365631013
25933,LOF,0.03470911177523968,0.01507834085858624,0.950212547366174
25934,LOF,0.023101117772302948,0.02026444514151201,0.956634437086185
25935,LOF,0.05775934742820235,0.039894794953012604,0.902345857618785
25936,LOF,0.04244723995904503,0.020113999242046262,0.9374387607989088
25937,LOF,0.024450890303266914,0.0335622726135802,0.941986837083153
25938,LOF,0.058167505299642194,0.042781427258399014,0.8990510674419587
25939,LOF,0.03847954204956003,0.017000020717634297,0.9445204372328057
25940,LOF,0.02527186533792066,0.4002266201586969,0.5745015145033825
25941,LOF,0.18018092914029646,0.10835991374824618,0.7114591571114574
25942,LOF,0.015007749566699737,0.03355936947184867,0.9514328809614515
25943,LOF,0.2927753326542853,0.06745665934112395,0.6397680080045908
25944,LOF,0.4676640790082205,0.02664988015243677,0.5056860408393428
25945,LOF,0.0629460173878079,0.022086345693533602,0.9149676369186585
25946,LOF,0.025821510261673623,0.11881160091692436,0.855366888821402
25947,LOF,0.10953604739064333,0.22378996727660166,0.666673985332755
25948,LOF,0.4162574949843653,0.008150450965057695,0.575592054050577
25949,LOF,0.08948090805349022,0.03058123659616995,0.8799378553503397
25950,GOF,0.29513922884226973,0.395221394693836,0.3096393764638942
25951,LOF,0.23249832891651362,0.23098486869391738,0.536516802389569
25952,LOF,0.04871139647728353,0.44193863844523273,0.5093499650774838
25953,LOF,0.14355965367134793,0.0867880563783923,0.7696522899502598
25954,Neutral,0.4717594062087603,0.15009936657506073,0.3781412272161789
25955,LOF,0.047909175142118315,0.08475547999665145,0.8673353448612302
25956,LOF,0.17702682790651164,0.11308712159994422,0.7098860504935441
25957,LOF,0.03824445950705776,0.03106439265071542,0.9306911478422268
25958,LOF,0.06467767606892585,0.029044142860594785,0.9062781810704793
25959,LOF,0.06956032554280835,0.40923094259399617,0.5212087318631954
25960,LOF,0.017074879405397668,0.05560763509160167,0.9273174855030006
25961,LOF,0.054092964726788664,0.03162776879608511,0.9142792664771262
25962,LOF,0.059377937108333376,0.02787144733720208,0.9127506155544646
25963,LOF,0.05102542398931803,0.18950996737655756,0.7594646086341245
25964,LOF,0.038758589853151705,0.1603971409703576,0.8008442691764907
25965,Neutral,0.4837120182830883,0.0761457378163769,0.4401422439005347
25966,Neutral,0.5337686594592934,0.16113201860057863,0.30509932194012795
25967,LOF,0.013809123160628175,0.10654058984560529,0.8796502869937665
25968,LOF,0.03205203617989083,0.40700766696580715,0.560940296854302
25969,LOF,0.030423955681558618,0.05719141958075124,0.9123846247376902
25970,LOF,0.056207394200791454,0.0670751239474132,0.8767174818517954
25971,LOF,0.07285888631954157,0.018941047501474354,0.9082000661789841
25972,LOF,0.0695508029135479,0.02468220638922586,0.9057669906972263
25973,LOF,0.06289876701693967,0.010898812673951621,0.9262024203091087
25974,LOF,0.20326437508504075,0.018669175249402706,0.7780664496655565
25975,LOF,0.04016759868803998,0.03310401729499664,0.9267283840169634
25976,LOF,0.0418738998569265,0.019344087773394043,0.9387820123696794
25977,LOF,0.14416765704672835,0.10758469985844289,0.7482476430948288
25978,LOF,0.1444842687364327,0.061217324990799286,0.794298406272768
25979,LOF,0.1406676986296373,0.06009033933201992,0.7992419620383427
25980,LOF,0.19946634271703076,0.07689778594795131,0.7236358713350179
25981,LOF,0.23019510967859988,0.0748690781348588,0.6949358121865413
25982,LOF,0.37666732537071257,0.05119881201479607,0.5721338626144913
25983,LOF,0.3673345443291996,0.05627480485790116,0.5763906508128992
25984,LOF,0.04888099340998663,0.04663314802827311,0.9044858585617404
25985,LOF,0.03392174990809728,0.24472045340120654,0.7213577966906961
25986,LOF,0.039631874579860976,0.2645968458764943,0.6957712795436448
25987,LOF,0.07600229799654588,0.06762815020526451,0.8563695517981895
25988,LOF,0.13222513774272615,0.05367628969537638,0.8140985725618975
25989,LOF,0.029705516527141096,0.10571579600532256,0.8645786874675364
25990,LOF,0.04072449830732271,0.12747536089961314,0.8318001407930642
25991,LOF,0.13315396774741356,0.30907553333169313,0.5577704989208933
25992,LOF,0.30224706342939295,0.18431226907423245,0.5134406674963746
25993,LOF,0.023470392345767043,0.08722392447002733,0.8893056831842056
25994,LOF,0.017841156479095763,0.12048759621502297,0.8616712473058813
25995,LOF,0.02661633573982398,0.2370346906876632,0.7363489735725128
25996,GOF,0.29835012075385065,0.47562273784004666,0.2260271414061028
25997,LOF,0.08450761992364623,0.4297612209607711,0.48573115911558257
25998,Neutral,0.5252533218304755,0.024155704593609363,0.4505909735759151
25999,LOF,0.11746598898635649,0.0955951847835707,0.7869388262300728
26000,LOF,0.1451996806046797,0.04749901837497109,0.8073013010203492
26001,LOF,0.17440527263349223,0.05543476379612987,0.7701599635703779
26002,LOF,0.12899670407979116,0.04854157509197122,0.8224617208282375
26003,GOF,0.009651982322184751,0.5606370592883069,0.4297109583895083
26004,GOF,0.01683251859053544,0.657170762009472,0.32599671939999253
26005,LOF,0.007113675930130517,0.44651507765208365,0.5463712464177858
26006,Neutral,0.5235182045232742,0.2561986814438603,0.22028311403286543
26007,GOF,0.02136635246081912,0.5296295987153241,0.4490040488238568
26008,GOF,0.014568764670123831,0.6362763637400927,0.3491548715897836
26009,GOF,0.020048970720727966,0.6686937142770697,0.3112573150022023
26010,GOF,0.02236191211703187,0.6299194017497464,0.34771868613322165
26011,LOF,0.006861276956327927,0.4265405837810429,0.5665981392626291
26012,GOF,0.014026902797259945,0.5572014641815723,0.4287716330211676
26013,GOF,0.019098782027903854,0.6147563335209325,0.3661448844511635
26014,LOF,0.04066032612000428,0.11192276739996819,0.8474169064800275
26015,LOF,0.22010832266711391,0.00960700104661237,0.7702846762862737
26016,LOF,0.22725009343425032,0.05875564739519986,0.7139942591705498
26017,LOF,0.24424061328164637,0.0935146932533415,0.6622446934650121
26018,LOF,0.0915476694526753,0.02770832790509995,0.8807440026422249
26019,LOF,0.08689121221823504,0.021613197686639496,0.8914955900951255
26020,LOF,0.07537630094269347,0.11087543512795361,0.8137482639293528
26021,LOF,0.05220115298679237,0.10739696942308302,0.8404018775901246
26022,LOF,0.011949816572005998,0.03225896349771615,0.9557912199302778
26023,LOF,0.1090505226784913,0.018334721910948242,0.8726147554105604
26024,LOF,0.03294835090279346,0.12337421980020122,0.8436774292970053
26025,LOF,0.1781537745536216,0.07262767826607783,0.7492185471803006
26026,LOF,0.34306629328505656,0.027885766587150602,0.629047940127793
26027,LOF,0.0825506322214846,0.014958318418859695,0.9024910493596557
26028,LOF,0.1736251268162237,0.07102622152782942,0.755348651655947
26029,LOF,0.06710923258515285,0.20357286238547326,0.729317905029374
26030,LOF,0.02514824425336825,0.06720593065993684,0.9076458250866949
26031,LOF,0.025897741436022127,0.1463060838711437,0.8277961746928343
26032,LOF,0.06258605195821945,0.0870991333088672,0.8503148147329134
26033,LOF,0.11286266560597012,0.1067971926493276,0.7803401417447022
26034,LOF,0.043332480527278804,0.17780631617117082,0.7788612033015504
26035,LOF,0.026847416474801475,0.16813423449637654,0.805018349028822
26036,LOF,0.03889903565965289,0.18777907987324124,0.7733218844671059
26037,LOF,0.02230937265750678,0.139248548961057,0.8384420783814361
26038,LOF,0.058911907849759526,0.0884682347793015,0.8526198573709389
26039,LOF,0.05170733940383116,0.16751520421200888,0.78077745638416
26040,LOF,0.18020062537870016,0.1450276962388329,0.674771678382467
26041,LOF,0.023338875177070947,0.13106932834477922,0.8455917964781499
26042,LOF,0.02158178612798159,0.12143698755670528,0.8569812263153131
26043,LOF,0.058335834260707514,0.10343602982214802,0.8382281359171444
26044,LOF,0.0221234851114092,0.09249179834738723,0.8853847165412035
26045,LOF,0.07137289919905512,0.1133593157762816,0.8152677850246633
26046,LOF,0.05969050996070888,0.10330043546030467,0.8370090545789866
26047,LOF,0.07994288755928786,0.10724533971420057,0.8128117727265116
26048,LOF,0.051374510732376776,0.047979558942785216,0.9006459303248381
26049,Neutral,0.959741662541848,0.008721082215674069,0.031537255242478024
26050,Neutral,0.9418371009845713,0.01134095715312964,0.04682194186229903
26051,LOF,0.055387709807723215,0.245228332811352,0.6993839573809248
26052,LOF,0.07481395401151318,0.278154384322796,0.6470316616656908
26053,LOF,0.06011954211154873,0.12089295889841085,0.8189874989900403
26054,LOF,0.05428448747359379,0.015837376131117513,0.9298781363952887
26055,LOF,0.07524791378599625,0.012880502356717406,0.9118715838572864
26056,LOF,0.06262720575960122,0.014854363560323634,0.9225184306800752
26057,LOF,0.028306721341619705,0.010524047066441626,0.9611692315919387
26058,LOF,0.028975706491202475,0.008533168209212266,0.9624911252995852
26059,LOF,0.2871373961319335,0.020489311148266427,0.6923732927198001
26060,LOF,0.04082190389716785,0.17816191832184813,0.781016177780984
26061,LOF,0.017765773323958792,0.009530430194759146,0.9727037964812821
26062,LOF,0.010933993840262208,0.016113541022855216,0.9729524651368825
26063,LOF,0.022325369271160526,0.010864673904458014,0.9668099568243815
26064,LOF,0.02162420135249975,0.017794166358805878,0.9605816322886943
26065,LOF,0.023921624340267525,0.009533811377951111,0.9665445642817813
26066,LOF,0.021511318125035084,0.010511277266832863,0.967977404608132
26067,LOF,0.02857202401903124,0.0077071054716524486,0.9637208705093163
26068,LOF,0.04472314692012884,0.02467333651986039,0.9306035165600108
26069,LOF,0.2455167216532663,0.016054571938516605,0.7384287064082171
26070,LOF,0.4134455055252844,0.013212407119052189,0.5733420873556634
26071,LOF,0.02352609510323249,0.01176189439355966,0.9647120105032079
26072,LOF,0.021024182724043324,0.014937802405494336,0.9640380148704624
26073,LOF,0.02416782531769157,0.010069578708823725,0.9657625959734847
26074,Neutral,0.894118461320396,0.004845012250577638,0.10103652642902637
26075,LOF,0.04433756031911796,0.012819898858938653,0.9428425408219433
26076,LOF,0.04482568277345585,0.008350987938027197,0.946823329288517
26077,LOF,0.01070287266848041,0.01643229313773399,0.9728648341937856
26078,LOF,0.01327868526627339,0.010593112225379052,0.9761282025083474
26079,LOF,0.05723455210815065,0.014537481641913048,0.9282279662499364
26080,LOF,0.05659593685531743,0.014546351550616368,0.9288577115940662
26081,LOF,0.03615502451592667,0.005759117581068002,0.9580858579030053
26082,LOF,0.01460723772163632,0.015239624306992737,0.9701531379713709
26083,LOF,0.1237338475324162,0.01167943128461144,0.8645867211829724
26084,LOF,0.02866707349655647,0.011747475188401038,0.9595854513150426
26085,LOF,0.02417900564637913,0.011106562131870518,0.9647144322217502
26086,LOF,0.023809578305449705,0.011039082772298679,0.9651513389222516
26087,LOF,0.028268812027217295,0.00758828401349287,0.9641429039592898
26088,LOF,0.015756258875962877,0.02308983517370647,0.9611539059503307
26089,LOF,0.043818366567580695,0.020808471511734886,0.9353731619206843
26090,LOF,0.04273254384536085,0.016048524894546286,0.9412189312600928
26091,LOF,0.038965216831763266,0.005683750754496013,0.9553510324137408
26092,LOF,0.026279193854967995,0.007482906118515271,0.9662379000265168
26093,LOF,0.040556073292593045,0.005459804660990933,0.9539841220464159
26094,LOF,0.042179827089663356,0.005608471085345125,0.9522117018249915
26095,LOF,0.04506704870092136,0.012212902142168743,0.94272004915691
26096,LOF,0.01834589757487183,0.011816920538560784,0.9698371818865674
26097,LOF,0.01169126481207554,0.03166584976855558,0.9566428854193688
26098,LOF,0.06835183237151705,0.009410760688798935,0.922237406939684
26099,LOF,0.024112743297004465,0.01099625757316818,0.9648909991298273
26100,LOF,0.026409756266660655,0.010433578924236799,0.9631566648091026
26101,LOF,0.05611778863776092,0.014395588869257663,0.9294866224929814
26102,LOF,0.024893106150641636,0.012243092937658684,0.9628638009116995
26103,Neutral,0.8870432447203785,0.016442167055917143,0.09651458822370443
26104,LOF,0.08046971769098445,0.021632648503245793,0.8978976338057698
26105,LOF,0.22223936379132975,0.2860458135605138,0.49171482264815636
26106,LOF,0.18919182792235728,0.12303391478172926,0.6877742572959135
26107,LOF,0.21841946725519065,0.0889014415469143,0.6926790911978951
26108,LOF,0.2498258115861048,0.11380076034802784,0.6363734280658674
26109,LOF,0.10852768529053167,0.056405963895439996,0.8350663508140284
26110,LOF,0.31427740482823713,0.007834381005984074,0.6778882141657787
26111,Neutral,0.5062235918271227,0.022670743582441963,0.47110566459043535
26112,LOF,0.034321638643679396,0.008006080902443985,0.9576722804538766
26113,LOF,0.05771134647430533,0.01712726041732452,0.9251613931083701
26114,LOF,0.028387883405855897,0.024987517205172685,0.9466245993889714
26115,LOF,0.08528232329342808,0.05228170947862213,0.8624359672279498
26116,LOF,0.06858942423087794,0.052589199331275725,0.8788213764378464
26117,LOF,0.4253448564524055,0.04189043260545298,0.5327647109421415
26118,LOF,0.035491210460987466,0.025469910612201312,0.9390388789268111
26119,LOF,0.02155881612303218,0.03756241011910323,0.9408787737578646
26120,LOF,0.03059092372286248,0.020633299454965347,0.9487757768221723
26121,LOF,0.03984849703426592,0.0796661520220005,0.8804853509437335
26122,LOF,0.040204989865967364,0.03983163506223417,0.9199633750717985
