feature0,prediction,LoGoFunc_Neutral,LoGoFunc_GOF,LoGoFunc_LOF
25546,Neutral,0.6663852175163577,0.05763017404527208,0.2759846084383702
25547,Neutral,0.503987558993446,0.10193214485177483,0.3940802961547792
25548,Neutral,0.49734214733005694,0.0874571198476293,0.41520073282231373
25549,LOF,0.4341871167432766,0.08759419845074426,0.47821868480597907
25550,LOF,0.38763338433150524,0.12838667460384998,0.4839799410646448
25551,LOF,0.32317844382308786,0.14818649984708177,0.5286350563298303
25552,LOF,0.2570827778603628,0.14431922296307964,0.5985979991765576
25553,Neutral,0.8194990725195708,0.04557225115770331,0.1349286763227259
25554,LOF,0.3067654501897764,0.13107312616552763,0.562161423644696
25555,LOF,0.2530434829743113,0.12364013720384108,0.6233163798218476
25556,Neutral,0.4546303340225925,0.10855022863950263,0.43681943733790485
25557,LOF,0.23893188464290302,0.12961504547938554,0.6314530698777114
25558,LOF,0.30945132349149385,0.12792684790080758,0.5626218286076985
25559,LOF,0.1809165695327781,0.13558476659106225,0.6834986638761598
25560,LOF,0.16164592248121845,0.09381332984057224,0.7445407476782092
25561,LOF,0.16156379896477002,0.10649116808674787,0.7319450329484821
25562,LOF,0.07426409098276589,0.07252444137192766,0.8532114676453064
25563,LOF,0.02278436887613721,0.10599261410862161,0.8712230170152412
25564,LOF,0.20529629154327933,0.09860173121148443,0.6961019772452364
25565,LOF,0.22338012100034568,0.14852108910734976,0.6280987898923045
25566,GOF,0.09514562684396649,0.6971850235355522,0.20766934962048117
25567,LOF,0.03778351101134758,0.13677801126953656,0.8254384777191159
25568,LOF,0.06298138830743047,0.065768926868065,0.8712496848245046
25569,LOF,0.06133437129288184,0.0640288389644863,0.8746367897426319
25570,LOF,0.027016956721410558,0.08940835972839281,0.8835746835501966
25571,LOF,0.027212129096090148,0.09410178835273995,0.8786860825511699
25572,LOF,0.06265343889434251,0.10592871154759188,0.8314178495580656
25573,LOF,0.05870892594850923,0.08061709657615146,0.8606739774753392
25574,LOF,0.05434392408534821,0.20145138148490715,0.7442046944297447
25575,LOF,0.023263926800234546,0.10582771448234972,0.8709083587174158
25576,LOF,0.035477811422902794,0.13587692514674174,0.8286452634303555
25577,LOF,0.0302950413833461,0.09371999014642338,0.8759849684702307
25578,LOF,0.3085180555338836,0.07157638801200622,0.6199055564541102
25579,LOF,0.13728861827024033,0.07806087748144998,0.7846505042483096
25580,LOF,0.019776961724156068,0.06961782582594771,0.9106052124498962
25581,LOF,0.05694935530240541,0.06272413783752108,0.8803265068600735
25582,LOF,0.05688637698470084,0.06162115189936869,0.8814924711159305
25583,LOF,0.02005923788033337,0.0766895444038236,0.903251217715843
25584,Neutral,0.6660538433145659,0.10906180320822594,0.22488435347720817
25585,LOF,0.028142236170429175,0.10858922770196569,0.8632685361276051
25586,LOF,0.01807459568479584,0.062348153992376434,0.9195772503228278
25587,LOF,0.017594844315700728,0.0576656803054268,0.9247394753788725
25588,LOF,0.020808655367143464,0.06720779270775104,0.9119835519251055
25589,Neutral,0.5296088428712497,0.198856865118596,0.27153429201015433
25590,LOF,0.05076137812160775,0.0989466367074749,0.8502919851709173
25591,LOF,0.10230071023386984,0.05052621338446449,0.8471730763816656
25592,LOF,0.05742116640754156,0.11046770374708063,0.8321111298453778
25593,LOF,0.14428451695980898,0.2573409612028741,0.598374521837317
25594,LOF,0.048458957608309594,0.10270598789105742,0.848835054500633
25595,LOF,0.0490117438055479,0.07731685841077668,0.8736713977836754
25596,LOF,0.10840142039593081,0.04817864173838119,0.843419937865688
25597,LOF,0.08401277419786946,0.05580978308977714,0.8601774427123535
25598,LOF,0.048517928474333824,0.0785337883721072,0.872948283153559
25599,GOF,0.01953435839503821,0.5236404518491178,0.4568251897558441
25600,GOF,0.17711399312823897,0.5070734845930142,0.3158125222787469
25601,LOF,0.040571582284392775,0.39679268104809046,0.5626357366675169
25602,LOF,0.0323949369949733,0.051678282208203405,0.9159267807968232
25603,LOF,0.033524581129861286,0.02845750625195726,0.9380179126181815
25604,LOF,0.03569929125692342,0.060518937426648746,0.9037817713164279
25605,LOF,0.04229070842441785,0.1728424233151903,0.7848668682603918
25606,LOF,0.43643520659826196,0.09555015736967613,0.4680146360320619
25607,LOF,0.02415992094254267,0.16360758513131113,0.8122324939261462
25608,LOF,0.035725575431457456,0.08628868014739731,0.8779857444211453
25609,GOF,0.15441945777470892,0.5329917667956093,0.31258877542968183
25610,LOF,0.015437098303141042,0.028484956482215478,0.9560779452146434
25611,LOF,0.015332095235927662,0.03398623297668194,0.9506816717873905
25612,LOF,0.04632476842445315,0.04045608199656228,0.9132191495789844
25613,LOF,0.04489299297695692,0.03932200132549334,0.9157850056975497
25614,LOF,0.022692057721329706,0.027134576143096625,0.9501733661355738
25615,LOF,0.044314624355581735,0.03468508861768209,0.9210002870267361
25616,LOF,0.04945191194682041,0.0268884509649286,0.9236596370882509
25617,LOF,0.04543672192411374,0.03410410768530999,0.9204591703905762
25618,LOF,0.05255289918742604,0.03559479507322073,0.9118523057393532
25619,LOF,0.014686344450532423,0.03254130269744837,0.9527723528520191
25620,LOF,0.06703096605836632,0.04069026669263432,0.8922787672489993
25621,LOF,0.053149754084713466,0.03048532158244751,0.916364924332839
25622,LOF,0.059378202825951854,0.03029137162627881,0.9103304255477693
25623,LOF,0.07117831214976782,0.025982368160901284,0.902839319689331
25624,LOF,0.019392132811994534,0.03427713917116434,0.9463307280168411
25625,LOF,0.06936759215642933,0.03848507901046376,0.892147328833107
25626,LOF,0.04716460996223435,0.03827503389374796,0.9145603561440178
25627,Neutral,0.8936521762443698,0.022228641701621466,0.08411918205400874
25628,LOF,0.13198776041610658,0.0693603331275483,0.7986519064563451
25629,LOF,0.06595214117485648,0.042936825181301555,0.8911110336438419
25630,LOF,0.27897018473175517,0.08106727630702433,0.6399625389612205
25631,Neutral,0.5454583586918436,0.06574376694866538,0.38879787435949115
25632,LOF,0.027169021374047513,0.055622615042020304,0.9172083635839322
25633,LOF,0.21359998834257574,0.03251612000448243,0.7538838916529418
25634,LOF,0.03529536845331775,0.06893681931129667,0.8957678122353856
25635,LOF,0.04049474268076131,0.04014579364143025,0.9193594636778084
25636,LOF,0.03717862995406263,0.45183787750095794,0.5109834925449794
25637,GOF,0.06621612803494824,0.4735173003653018,0.4602665715997499
25638,LOF,0.03277000364013745,0.2977689214854257,0.6694610748744368
25639,LOF,0.029578602605413607,0.3382177299340845,0.6322036674605018
25640,Neutral,0.8150298146260478,0.13930673069985972,0.04566345467409257
25641,LOF,0.049013431588388584,0.43024757354832915,0.5207389948632822
25642,LOF,0.03897644562256688,0.14971404321565654,0.8113095111617766
25643,LOF,0.20190313004149107,0.1746146711810785,0.6234821987774305
25644,LOF,0.020601425519886862,0.47041699646890395,0.5089815780112092
25645,LOF,0.019391170264937356,0.4309620758007938,0.5496467539342689
25646,LOF,0.05462896760767937,0.3610604824308038,0.5843105499615169
25647,LOF,0.02187293980980249,0.2781005147227568,0.7000265454674407
25648,LOF,0.02826711873693322,0.25303020379814317,0.7187026774649236
25649,LOF,0.01436225530211382,0.26061865673628787,0.7250190879615982
25650,LOF,0.04894423626617088,0.429530298917338,0.5215254648164911
25651,LOF,0.01601760749457906,0.293612248571765,0.6903701439336559
25652,LOF,0.0296622696447101,0.28031050732675566,0.6900272230285343
25653,LOF,0.07730534100012239,0.4066485489575823,0.5160461100422954
25654,LOF,0.023358830770287345,0.21231401899382957,0.764327150235883
25655,LOF,0.20539174406014749,0.38740987508706637,0.40719838085278615
25656,LOF,0.3039080556618903,0.04662971135130538,0.6494622329868043
25657,LOF,0.08198417583662865,0.05380135274838508,0.8642144714149862
25658,LOF,0.3914343871681352,0.045065818118119674,0.5634997947137451
25659,Neutral,0.5498026061464596,0.06532552029135158,0.38487187356218877
25660,LOF,0.026560087804222993,0.06982278152185703,0.9036171306739199
25661,LOF,0.10227575686541536,0.051307909005527584,0.8464163341290571
25662,LOF,0.03368455250163911,0.029420742592608275,0.9368947049057526
25663,LOF,0.04190901840162889,0.043234981070236475,0.9148560005281348
25664,LOF,0.1424247771994521,0.05530111418050765,0.8022741086200402
25665,LOF,0.054910694220268154,0.027210914901285663,0.9178783908784461
25666,LOF,0.09348182800976174,0.06994777313730033,0.8365703988529379
25667,LOF,0.07020240698187788,0.035118722778231116,0.894678870239891
25668,LOF,0.03879807856630473,0.041894298548853764,0.9193076228848415
25669,LOF,0.036515859091164136,0.04910113715596961,0.9143830037528663
25670,LOF,0.13541223757165313,0.04657016009374466,0.8180176023346022
25671,LOF,0.1026502228710493,0.029143510119957625,0.8682062670089932
25672,LOF,0.053393552282752076,0.03755946231898166,0.9090469853982662
25673,LOF,0.08112661747158981,0.0370324025619768,0.8818409799664334
25674,LOF,0.06915651835760302,0.045932129717791766,0.8849113519246051
25675,LOF,0.11894885218479258,0.04496983391900645,0.8360813138962011
25676,LOF,0.018317064906047478,0.045182779504361094,0.9365001555895913
25677,LOF,0.027096803196885316,0.0596773280986344,0.9132258687044802
25678,LOF,0.19612474223056175,0.04945324712791003,0.7544220106415283
25679,LOF,0.11873190530120657,0.06904840978849719,0.8122196849102962
25680,LOF,0.03354751867341746,0.09549764187237478,0.8709548394542078
25681,LOF,0.05188999423884249,0.08699224228752803,0.8611177634736294
25682,LOF,0.14716750612178983,0.060952653950179854,0.7918798399280305
25683,LOF,0.12353169106289545,0.07725191315099192,0.7992163957861126
25684,LOF,0.043315990999413974,0.05832498203095546,0.8983590269696305
25685,LOF,0.12794551450151598,0.051136677941410365,0.8209178075570736
25686,LOF,0.08087137180931592,0.09548640586596954,0.8236422223247146
25687,LOF,0.10703362428298588,0.0859304837745111,0.807035891942503
25688,LOF,0.2934646587826438,0.033180613451401254,0.673354727765955
25689,LOF,0.20106907935446225,0.04440559860712349,0.7545253220384143
25690,LOF,0.35897336147004283,0.03152696880885757,0.6094996697210995
25691,Neutral,0.7062195717526977,0.02318087023793675,0.27059955800936564
25692,LOF,0.2829202949643484,0.009954424524031,0.7071252805116206
25693,LOF,0.0415886551354185,0.4732635743543596,0.48514777051022173
25694,LOF,0.12030232734845718,0.021625714952440492,0.8580719576991023
25695,LOF,0.11286262103612887,0.019117464374243297,0.8680199145896278
25696,LOF,0.12656349560018634,0.01106265368391103,0.8623738507159027
25697,LOF,0.11759152892600717,0.027834753433256438,0.8545737176407364
25698,LOF,0.33500107625916536,0.2322021705640772,0.43279675317675737
25699,LOF,0.41116562092288306,0.0444856876455457,0.5443486914315713
25700,LOF,0.05600241876295986,0.008273360380226835,0.9357242208568133
25701,LOF,0.16252101586716766,0.06202319534159381,0.7754557887912386
25702,GOF,0.19761217294974467,0.5249624610389686,0.27742536601128676
25703,LOF,0.01692699501805707,0.1420960898184486,0.8409769151634944
25704,LOF,0.04644967733017453,0.11006353714849597,0.8434867855213295
25705,LOF,0.058760093221486814,0.1813336399008843,0.7599062668776289
25706,LOF,0.10316980778623655,0.37259594001762314,0.5242342521961403
25707,LOF,0.09936424355715531,0.299609027526633,0.6010267289162117
25708,LOF,0.037671264810069424,0.25857769138201375,0.7037510438079169
25709,LOF,0.05752027427245729,0.04347182417998589,0.8990079015475568
25710,LOF,0.012913059321904868,0.1325349914797074,0.8545519491983877
25711,LOF,0.019094882546409533,0.09323175467844819,0.8876733627751423
25712,LOF,0.014819832505896757,0.17309340929219888,0.8120867582019043
25713,LOF,0.01913760662913406,0.08169667234600927,0.8991657210248568
25714,LOF,0.07262718810433698,0.08238567182757148,0.8449871400680915
25715,LOF,0.010256578787478392,0.14025112307576101,0.8494922981367606
25716,LOF,0.015467642702599838,0.11269224537139645,0.8718401119260036
25717,LOF,0.013362136852990656,0.08069453806637525,0.9059433250806341
25718,LOF,0.011951138740299716,0.10218787106081828,0.885860990198882
25719,LOF,0.018924777709149132,0.08267743881024096,0.89839778348061
25720,LOF,0.021723313210932304,0.07243018584591047,0.9058465009431572
25721,LOF,0.015348939361672975,0.10686124087883515,0.8777898197594918
25722,LOF,0.013104991330333673,0.12479439284093855,0.8621006158287278
25723,LOF,0.022103375832475895,0.04616041607951878,0.9317362080880053
25724,LOF,0.023138637093464882,0.083144996725443,0.8937163661810921
25725,LOF,0.01170771255648671,0.07048784670535778,0.9178044407381556
25726,LOF,0.014571573655351578,0.09148882864008495,0.8939395977045634
25727,LOF,0.01267553766254294,0.08009702394370118,0.9072274383937559
25728,LOF,0.009743966500946973,0.11196578025062917,0.8782902532484239
25729,LOF,0.010026296102646092,0.10933224810950129,0.8806414557878526
25730,LOF,0.013478920626515309,0.08342040713051038,0.9031006722429743
25731,LOF,0.023227133005908458,0.11915776943820748,0.857615097555884
25732,LOF,0.014726800852289657,0.09216759344384863,0.8931056057038617
25733,LOF,0.01560267012932858,0.08183597380940211,0.9025613560612694
25734,LOF,0.014340267266176548,0.1253102529737757,0.8603494797600477
25735,LOF,0.013263231580842834,0.08636030679787636,0.9003764616212808
25736,LOF,0.013443384150056694,0.11835063607801483,0.8682059797719285
25737,LOF,0.021923347098515605,0.0849511024611534,0.8931255504403312
25738,LOF,0.012944626459689105,0.1140150979202326,0.8730402756200782
25739,LOF,0.019924246769277475,0.08823944434741929,0.8918363088833032
25740,LOF,0.026739695552456217,0.09650932560364879,0.8767509788438949
25741,LOF,0.01509603807736646,0.10470580434442651,0.880198157578207
25742,LOF,0.11304508879787126,0.08203259062319193,0.8049223205789368
25743,LOF,0.03939013692970154,0.025448258504839262,0.9351616045654593
25744,Neutral,0.6077605115420269,0.20253989874482234,0.18969958971315073
25745,LOF,0.08707656430225622,0.07034438141382644,0.8425790542839173
25746,LOF,0.045785944791365836,0.08092215912436374,0.8732918960842704
25747,LOF,0.022431522752017506,0.03599076050288676,0.9415777167450957
25748,LOF,0.1065977588019602,0.055974451928525217,0.8374277892695147
25749,LOF,0.028239743177856592,0.07728556695820482,0.8944746898639385
25750,LOF,0.09147654928626221,0.08519092435751752,0.8233325263562203
25751,LOF,0.08944248221114083,0.04967933966613633,0.8608781781227227
25752,GOF,0.10580063988706341,0.6787376346578797,0.21546172545505682
25753,LOF,0.020609298760066248,0.2446099390877794,0.7347807621521543
25754,GOF,0.009802665025289255,0.7510104344573479,0.23918690051736294
25755,LOF,0.023670167523551677,0.3494850331177448,0.6268447993587035
25756,LOF,0.03912900510183643,0.3370957741530226,0.6237752207451409
25757,GOF,0.014438422586249175,0.8416452199743212,0.14391635743942977
25758,GOF,0.026281197995470646,0.8326729236635421,0.1410458783409872
25759,GOF,0.011186483390909517,0.5281628126143045,0.4606507039947859
25760,LOF,0.012776943884677408,0.21808915420329775,0.7691339019120248
25761,GOF,0.28427869293223085,0.612197778593199,0.10352352847457011
25762,LOF,0.03198412086705974,0.2405644813692328,0.7274513977637075
25763,LOF,0.012933353732694018,0.18086605817254148,0.8062005880947646
25764,GOF,0.07354005361042973,0.6245887697909842,0.301871176598586
25765,GOF,0.043060208570132284,0.7531181662673653,0.2038216251625023
25766,GOF,0.06289431138809375,0.7744352757024954,0.16267041290941092
25767,GOF,0.16517458360071027,0.4507625952151965,0.3840628211840932
25768,LOF,0.08749411255585986,0.06545987364904007,0.8470460137951001
25769,LOF,0.06798861674082426,0.06777659940555622,0.8642347838536196
25770,LOF,0.25539217195784025,0.09157840535106071,0.653029422691099
25771,LOF,0.03832989512002162,0.050738792519325525,0.910931312360653
25772,LOF,0.016855285560574522,0.03540572098676235,0.9477389934526631
25773,LOF,0.045347648056317746,0.09580019492470591,0.8588521570189763
25774,LOF,0.02714414795914735,0.0767374777381874,0.8961183743026652
25775,LOF,0.04689135784452791,0.046118269700008034,0.906990372455464
25776,LOF,0.07367659247482047,0.027162343030408823,0.8991610644947706
25777,LOF,0.3324430471850241,0.057673346749993165,0.6098836060649827
25778,LOF,0.06562857977407337,0.05314683502656437,0.8812245851993623
25779,GOF,0.3629163375526623,0.5957777184357071,0.04130594401163053
25780,GOF,0.292423082604674,0.6456175466294269,0.061959370765899094
25781,GOF,0.1464685078458716,0.7552414239614913,0.09829006819263708
25782,GOF,0.20309915872078468,0.7312720290349912,0.06562881224422397
25783,GOF,0.0301804417663299,0.6555689867313348,0.31425057150233526
25784,GOF,0.4737920879803873,0.4900259998843523,0.03618191213526057
25785,GOF,0.4462412146832259,0.5173104487222155,0.036448336594558456
25786,GOF,0.026528039302849755,0.77436755534833,0.19910440534882023
25787,Neutral,0.6284876395666107,0.34987086002778117,0.021641500405608218
25788,LOF,0.04731091495236645,0.11549441952036274,0.8371946655272708
25789,GOF,0.20931437312629042,0.6560344997651919,0.1346511271085177
25790,GOF,0.21893683881705112,0.6837712565800563,0.09729190460289257
25791,GOF,0.14988645563999112,0.691671577155035,0.1584419672049738
25792,GOF,0.33197208771759246,0.5531524781772941,0.11487543410511346
25793,GOF,0.2502703452698321,0.5554044051589934,0.1943252495711745
25794,GOF,0.27617358132089354,0.5614130010740962,0.16241341760501038
25795,GOF,0.07742060153915217,0.7049403795661049,0.21763901889474294
25796,Neutral,0.5256433868557703,0.40070897393651955,0.07364763920771011
25797,GOF,0.08678984543139626,0.5805681142663822,0.33264204030222144
25798,GOF,0.009070758935648758,0.5208460150342032,0.470083226030148
25799,LOF,0.00711018285845163,0.4277764786215038,0.5651133385200445
25800,GOF,0.03268416938104927,0.6175302416517455,0.3497855889672052
25801,GOF,0.1888435799933911,0.6964563391929938,0.11470008081361516
25802,GOF,0.06579647207121915,0.7278872193906185,0.20631630853816224
25803,GOF,0.0360555914173844,0.6048865390306908,0.35905786955192476
25804,GOF,0.0337832948970297,0.5148003787314116,0.45141632637155865
25805,GOF,0.10196837888707536,0.6182404256688947,0.2797911954440301
25806,GOF,0.08766539284229014,0.602364407287449,0.309970199870261
25807,GOF,0.018617209655498176,0.6389124422261567,0.3424703481183451
25808,GOF,0.08006212725953331,0.6601341421062182,0.25980373063424844
25809,GOF,0.01697419007830972,0.6064012638285687,0.37662454609312146
25810,GOF,0.015739212214121338,0.640859365660834,0.3434014221250447
25811,GOF,0.406098810706698,0.5204244548481582,0.07347673444514372
25812,GOF,0.029182017611610954,0.6510196190226554,0.3197983633657337
25813,Neutral,0.4750115438448533,0.43439710357315753,0.0905913525819892
25814,GOF,0.11284959133366343,0.6779011078953515,0.20924930077098503
25815,GOF,0.1736953696563602,0.6449851782211545,0.18131945212248515
25816,GOF,0.02384737178743955,0.7285172934025391,0.2476353348100214
25817,GOF,0.2088148308314539,0.6654025773045518,0.12578259186399443
25818,GOF,0.05654634291640044,0.6844755520434911,0.2589781050401084
25819,GOF,0.35844405773320437,0.5051031221335643,0.13645282013323135
25820,GOF,0.20223174956385262,0.5988976422849518,0.19887060815119556
25821,GOF,0.06231084721117239,0.6801592485648089,0.25752990422401867
25822,GOF,0.21889633194802566,0.5749618207571764,0.206141847294798
25823,GOF,0.03480034979608523,0.5637279261414311,0.40147172406248366
25824,GOF,0.09781274611551123,0.6232085770047906,0.27897867687969813
25825,GOF,0.042134767109265836,0.6246790224365163,0.33318621045421787
25826,GOF,0.016948041320467504,0.6175322114347035,0.365519747244829
25827,GOF,0.02537091808546152,0.6154552282367195,0.35917385367781895
25828,GOF,0.01409457942088005,0.5399299593397171,0.44597546123940274
25829,GOF,0.005902591421294161,0.5835510555443939,0.41054635303431203
25830,LOF,0.032959278895732316,0.2946048742475175,0.6724358468567502
25831,GOF,0.21993296392432451,0.6722943398979329,0.10777269617774257
25832,GOF,0.0295870493725901,0.7380182570632968,0.23239469356411296
25833,GOF,0.10891561645135488,0.7482510496738357,0.1428333338748093
25834,GOF,0.03040893990002568,0.7513788086635764,0.2182122514363979
25835,GOF,0.06896565970780828,0.7743728560816902,0.15666148421050147
25836,GOF,0.03255059396705652,0.7169509007376665,0.2504985052952769
25837,GOF,0.02702922146674196,0.6289346844024666,0.34403609413079134
25838,GOF,0.09067196775797602,0.7782644767525704,0.13106355548945367
25839,GOF,0.28165155642295825,0.5882867252288205,0.1300617183482212
25840,GOF,0.24979496342984903,0.6199437604676266,0.1302612761025244
25841,GOF,0.23415585897713367,0.6334694084585437,0.1323747325643226
25842,GOF,0.14515964446585558,0.7319213136564855,0.12291904187765895
25843,GOF,0.2107184693873026,0.7015030491710917,0.08777848144160581
25844,GOF,0.06149952129722069,0.7465304244569224,0.19197005424585678
25845,GOF,0.014937933418368812,0.5292877706410458,0.45577429594058533
25846,GOF,0.12276984141784442,0.7422314533052993,0.1349987052768562
25847,GOF,0.10360966216276346,0.8051794488100148,0.09121088902722187
25848,GOF,0.038845413842023786,0.7290069494999657,0.2321476366580105
25849,GOF,0.01078204714562291,0.6428902357556361,0.34632771709874083
25850,GOF,0.020316344920531373,0.6738194834127993,0.3058641716666693
25851,GOF,0.01650537398291281,0.5634433964020144,0.4200512296150728
25852,GOF,0.15882980755717646,0.5883176037346579,0.25285258870816574
25853,GOF,0.33382335852102957,0.5956315835110735,0.07054505796789695
25854,GOF,0.02016953887470597,0.6365409742656779,0.3432894868596162
25855,GOF,0.03546764364708056,0.5800012579733059,0.38453109837961347
25856,GOF,0.22331440530298438,0.5783777476324835,0.19830784706453197
25857,GOF,0.037719327281623166,0.532107958914176,0.4301727138042008
25858,GOF,0.020644295874602776,0.5654608849972333,0.41389481912816395
25859,GOF,0.010743791624611785,0.5401419119329929,0.4491142964423952
25860,GOF,0.34415257361920826,0.5849206065060097,0.070926819874782
25861,GOF,0.38590604065808937,0.5535961082040731,0.06049785113783765
25862,GOF,0.0767002671641755,0.7918501418933436,0.13144959094248107
25863,GOF,0.07851656629249147,0.7957314954813846,0.12575193822612393
25864,GOF,0.1922156870420416,0.7445051923817335,0.06327912057622485
25865,GOF,0.08318528118645799,0.8167636245640277,0.10005109424951417
25866,GOF,0.05961714155030487,0.8052483670885122,0.13513449136118305
25867,GOF,0.08152796033742589,0.8301632550219659,0.0883087846406082
25868,GOF,0.22670384564977994,0.6851940139630849,0.08810214038713517
25869,Neutral,0.6930913656639132,0.2652569813703059,0.04165165296578084
25870,GOF,0.2609902058873682,0.4388641930070408,0.30014560110559096
25871,GOF,0.19344174832403271,0.6786396198717165,0.12791863180425073
25872,GOF,0.08547313553767312,0.6565870394166365,0.2579398250456903
25873,GOF,0.10758694559684624,0.7140926515417574,0.17832040286139625
25874,LOF,0.014057936073306975,0.12165769915772652,0.8642843647689664
25875,LOF,0.0913455647952148,0.04139916274023744,0.8672552724645477
25876,LOF,0.03655189637274576,0.027489954771909388,0.9359581488553449
25877,Neutral,0.501290243244536,0.038910563943440286,0.45979919281202375
25878,LOF,0.23314665113715394,0.0838390241720204,0.6830143246908257
25879,LOF,0.09569257925207064,0.08694317309208069,0.8173642476558486
25880,LOF,0.04128331589253782,0.013545927500579136,0.945170756606883
25881,LOF,0.1600000463329284,0.11977333984667721,0.7202266138203944
25882,LOF,0.05940706640142113,0.016157020140496588,0.9244359134580824
25883,LOF,0.06266363011069319,0.018740061346075202,0.9185963085432316
25884,LOF,0.03267056536540151,0.026885127032430494,0.940444307602168
25885,LOF,0.05625381359440802,0.010555356135642234,0.9331908302699496
25886,LOF,0.26274304022543177,0.03613183214657414,0.7011251276279941
25887,LOF,0.15495388346888073,0.06869697131650647,0.7763491452146127
25888,LOF,0.060627963220537526,0.05879781907997826,0.8805742176994841
25889,LOF,0.04025788928980752,0.01844847372647453,0.9412936369837179
25890,LOF,0.048009243842722336,0.1692228842278632,0.7827678719294145
25891,LOF,0.04144665095483212,0.05591899107845589,0.9026343579667121
25892,LOF,0.0751449058374367,0.02179730101768489,0.9030577931448784
25893,LOF,0.22599944725962304,0.018489280783395807,0.7555112719569812
25894,LOF,0.1753297288054853,0.010480928783384521,0.8141893424111303
25895,LOF,0.18734936634719263,0.020193936037277642,0.7924566976155297
25896,LOF,0.04951403653799737,0.021183494673080495,0.9293024687889221
25897,LOF,0.2562206297386204,0.011802232230135403,0.7319771380312442
25898,Neutral,0.7236609597613488,0.009670206208692592,0.26666883402995867
25899,LOF,0.2156260487354519,0.022546894697188763,0.7618270565673594
25900,LOF,0.4749165389538901,0.012238585579089556,0.5128448754670204
25901,LOF,0.04815971003409324,0.011063823252779732,0.9407764667131271
25902,LOF,0.15533350364630022,0.013271238784990792,0.831395257568709
25903,Neutral,0.5641942281707203,0.02706741831620602,0.4087383535130737
25904,LOF,0.3089578410397984,0.03912132036177039,0.6519208385984312
25905,LOF,0.028884147921701134,0.341554925579568,0.6295609264987307
25906,LOF,0.035318976884295375,0.07697948795298518,0.8877015351627195
25907,LOF,0.014111577696812249,0.3489974883501593,0.6368909339530284
25908,LOF,0.009946179263448398,0.2712649144223798,0.7187889063141718
25909,LOF,0.013037789906101221,0.12297962745478269,0.8639825826391162
25910,LOF,0.05391893419487746,0.13759801059334542,0.8084830552117771
25911,LOF,0.17931177710740476,0.029916130239047743,0.7907720926535474
25912,LOF,0.048377382875801636,0.053893815302060555,0.8977288018221379
25913,LOF,0.3390501820857936,0.025999776624756093,0.6349500412894503
25914,LOF,0.020574363629860093,0.04887929265385543,0.9305463437162844
25915,Neutral,0.5727862787154039,0.13403095066595241,0.2931827706186437
25916,LOF,0.08390043402803374,0.19065213120147143,0.7254474347704949
25917,LOF,0.06812114777781987,0.03524323258421539,0.8966356196379648
25918,LOF,0.023719072465913375,0.0290686602568097,0.9472122672772768
25919,LOF,0.020005064216316152,0.030847049861749746,0.9491478859219342
25920,GOF,0.11284285779757798,0.5399964719907572,0.34716067021166475
25921,LOF,0.02539898267929781,0.03977673415585639,0.9348242831648459
25922,LOF,0.03378507237020332,0.029726094909503814,0.9364888327202929
25923,LOF,0.4794497881668926,0.03556222361061731,0.48498798822248995
25924,LOF,0.039782511949540106,0.04538312543509401,0.9148343626153659
25925,LOF,0.0712089502174979,0.039901241449552004,0.8888898083329501
25926,LOF,0.05042758794880967,0.03385050336994927,0.915721908681241
25927,LOF,0.05999763518211976,0.13853129832515923,0.801471066492721
25928,LOF,0.018190092785220484,0.053652459945573765,0.9281574472692058
25929,Neutral,0.5826160866503093,0.037860777445822946,0.3795231359038678
25930,LOF,0.0720925854608296,0.03329022297620157,0.8946171915629688
25931,LOF,0.025408086172154884,0.03686445764100093,0.9377274561868442
25932,LOF,0.028653753303460625,0.030484090941283046,0.9408621557552562
25933,LOF,0.03924060793770655,0.020327908850226097,0.9404314832120673
25934,LOF,0.02403545583606349,0.022118977931705926,0.9538455662322305
25935,LOF,0.06304091582054412,0.049784147666940205,0.8871749365125157
25936,LOF,0.044153566349641446,0.025079224183680204,0.9307672094666785
25937,LOF,0.027265455569487413,0.0377483985904593,0.9349861458400532
25938,LOF,0.06592874626245274,0.051366321782423695,0.8827049319551236
25939,LOF,0.04119320793294623,0.02298681058258822,0.9358199814844655
25940,LOF,0.03471777174343258,0.35440123257464873,0.6108809956819187
25941,LOF,0.1959440671978213,0.10297641643854785,0.7010795163636309
25942,LOF,0.012409603876826415,0.033672860148586094,0.9539175359745875
25943,LOF,0.301281524290682,0.06049087186966935,0.6382276038396487
25944,LOF,0.48017246401902614,0.022870580906116475,0.4969569550748573
25945,LOF,0.07546590615026244,0.019323879222662058,0.9052102146270754
25946,LOF,0.03392532693574111,0.1033113235531235,0.8627633495111354
25947,LOF,0.11115639170163846,0.1534325904083677,0.7354110178899939
25948,LOF,0.3651360796025975,0.007607117512771704,0.6272568028846308
25949,LOF,0.1196055479886419,0.03408222621514012,0.846312225796218
25950,GOF,0.32999091098904526,0.3618463154503042,0.30816277356065047
25951,LOF,0.1936523630010064,0.2424868615368298,0.5638607754621637
25952,LOF,0.04335931677437652,0.4409220942650356,0.5157185889605879
25953,LOF,0.1375663429838515,0.11507479858871039,0.7473588584274381
25954,Neutral,0.4377459816576723,0.17975258671735944,0.3825014316249682
25955,LOF,0.05502958627395344,0.07805589295162378,0.8669145207744227
25956,LOF,0.16572227416576002,0.11336177078668687,0.720915955047553
25957,LOF,0.03894270340040452,0.02881458131918928,0.9322427152804063
25958,LOF,0.05228628934774464,0.0243499158927955,0.9233637947594597
25959,LOF,0.07653545343600891,0.29544874532109516,0.6280158012428959
25960,LOF,0.015660547214739928,0.050006848502873694,0.9343326042823863
25961,LOF,0.039405008784677564,0.024559547224692307,0.9360354439906301
25962,LOF,0.05646855942617809,0.023953929505303367,0.9195775110685186
25963,LOF,0.04547867824569814,0.21468643915486046,0.7398348825994414
25964,LOF,0.030016513595814982,0.16569128036169523,0.8042922060424897
25965,LOF,0.45208805049342626,0.07208423189969994,0.47582771760687387
25966,Neutral,0.5158026751286624,0.16252527921784765,0.32167204565348984
25967,LOF,0.017655717953930172,0.09252041138616962,0.8898238706599001
25968,LOF,0.037257471563047616,0.3587940863722445,0.6039484420647078
25969,LOF,0.034232717147187654,0.061713689371108486,0.9040535934817038
25970,LOF,0.0552983196292295,0.05692019541997091,0.8877814849507996
25971,LOF,0.06737747985581104,0.01757900298783697,0.915043517156352
25972,LOF,0.06775240331145685,0.026656129923678194,0.9055914667648649
25973,LOF,0.07682429656442609,0.010397051155422696,0.9127786522801513
25974,LOF,0.19761231942463114,0.014869997481048914,0.7875176830943198
25975,LOF,0.04394305794603964,0.0292242258262924,0.926832716227668
25976,LOF,0.04419607938482798,0.016225743279923426,0.9395781773352486
25977,LOF,0.14444056214276493,0.09274618813081818,0.762813249726417
25978,LOF,0.1406884736280458,0.09822571517071352,0.7610858112012407
25979,LOF,0.1298058816325909,0.09687249928772419,0.7733216190796849
25980,LOF,0.2248939932344976,0.11526150847300903,0.6598444982924935
25981,LOF,0.26051235215764446,0.11341078962956574,0.6260768582127898
25982,LOF,0.3935732102308977,0.07724077204010504,0.5291860177289972
25983,LOF,0.37676846140706416,0.09145093531877782,0.531780603274158
25984,LOF,0.04638680014730577,0.05271554785463625,0.9008976519980578
25985,LOF,0.037240920213684386,0.2763211190943271,0.6864379606919886
25986,LOF,0.04718801252003402,0.33430968236253034,0.6185023051174356
25987,LOF,0.09117205756245046,0.06888134098741952,0.83994660145013
25988,LOF,0.15666874528678798,0.06121208261921051,0.7821191720940015
25989,LOF,0.03564844662367607,0.12347364717717366,0.8408779061991503
25990,LOF,0.04015281799820141,0.15926691260508144,0.8005802693967172
25991,LOF,0.1278232821900439,0.25055861797474466,0.6216180998352114
25992,LOF,0.31766396375608136,0.14668682809161213,0.5356492081523065
25993,LOF,0.022799789141629497,0.0652579364447299,0.9119422744136405
25994,LOF,0.017446968446796798,0.08408442002170746,0.8984686115314957
25995,LOF,0.023957065288776752,0.18176641124632273,0.7942765234649004
25996,GOF,0.3140114452654399,0.39932077892431367,0.2866677758102465
25997,LOF,0.09793704883671184,0.36479439180255346,0.5372685593607347
25998,Neutral,0.5210820256622175,0.026655427152867155,0.4522625471849154
25999,LOF,0.0984635446812797,0.09110560824793389,0.8104308470707865
26000,LOF,0.13428850526994932,0.04241664492006718,0.8232948498099836
26001,LOF,0.20386650461197758,0.04941360446807993,0.7467198909199425
26002,LOF,0.12526003339226413,0.04229838155957205,0.8324415850481637
26003,GOF,0.010650291299806186,0.5875365040720943,0.40181320462809944
26004,GOF,0.02610026775339001,0.6930845694874603,0.28081516275914975
26005,LOF,0.006413010917921637,0.45784842858164626,0.5357385605004321
26006,Neutral,0.5158651126785566,0.2566665145148133,0.22746837280663007
26007,GOF,0.020925467397411288,0.532006367052406,0.4470681655501827
26008,GOF,0.01765637514401573,0.6015354870611844,0.3808081377947998
26009,GOF,0.019794834795637446,0.6845647302131046,0.295640434991258
26010,GOF,0.02283179698805769,0.6241044320445663,0.35306377096737585
26011,LOF,0.006566036117260328,0.4362884202734469,0.5571455436092927
26012,GOF,0.011967755084673709,0.5619724899711863,0.42605975494413995
26013,GOF,0.017525700141569678,0.6205484463276292,0.3619258535308012
26014,LOF,0.04217435926457556,0.12384774093049873,0.8339778998049258
26015,LOF,0.1467068231732974,0.014097990213811749,0.8391951866128909
26016,LOF,0.18351271735604466,0.059990367862359985,0.7564969147815954
26017,LOF,0.20977720515509604,0.08983829395928121,0.7003845008856228
26018,LOF,0.07395449355121772,0.037519035766024146,0.8885264706827581
26019,LOF,0.07150773344185452,0.030411793843657085,0.8980804727144884
26020,LOF,0.06487979574428271,0.1091142763432393,0.8260059279124781
26021,LOF,0.043163312888725644,0.11434756991793095,0.8424891171933434
26022,LOF,0.010772003035080954,0.03817356403779543,0.9510544329271237
26023,LOF,0.06550265673372009,0.024080055710743637,0.9104172875555362
26024,LOF,0.02910870305706987,0.1204052272149923,0.8504860697279379
26025,LOF,0.1451886403349305,0.09242758902730537,0.7623837706377641
26026,LOF,0.3183784578382647,0.029574046184994925,0.6520474959767404
26027,LOF,0.05673328520357642,0.019062845874073503,0.9242038689223502
26028,LOF,0.17320204777893267,0.05935280111183327,0.767445151109234
26029,LOF,0.06582642884577984,0.14139086160699255,0.7927827095472275
26030,LOF,0.023329192897056445,0.0367620947716049,0.9399087123313387
26031,LOF,0.027208082198683783,0.10442515058509565,0.8683667672162205
26032,LOF,0.06684515481537788,0.04782807219419525,0.8853267729904268
26033,LOF,0.09152505070971423,0.04726759020045731,0.8612073590898285
26034,LOF,0.04083437903974131,0.12278382473170266,0.836381796228556
26035,LOF,0.02681691151204715,0.11886644323357315,0.8543166452543797
26036,LOF,0.0392972583187316,0.13488272282894048,0.8258200188523279
26037,LOF,0.02300284034137156,0.0967040276697887,0.8802931319888397
26038,LOF,0.06307729774788995,0.04965999748399175,0.8872627047681184
26039,LOF,0.04796851881705421,0.11718337560994904,0.8348481055729967
26040,LOF,0.2044291629244336,0.08886845538643211,0.7067023816891344
26041,LOF,0.02318673187661944,0.09172929430277536,0.8850839738206052
26042,LOF,0.02106362835105255,0.08628932030489128,0.8926470513440562
26043,LOF,0.06431727066195801,0.05761243953222677,0.8780702898058153
26044,LOF,0.021971468424403506,0.044432789787383714,0.9335957417882127
26045,LOF,0.06963820213336536,0.08073494611828225,0.8496268517483524
26046,LOF,0.05925260483038852,0.0485311282812599,0.8922162668883517
26047,LOF,0.0800234915176815,0.04874607478738803,0.8712304336949306
26048,LOF,0.046332224613183044,0.030642606453342373,0.9230251689334745
26049,Neutral,0.966560361692781,0.005603531545353635,0.02783610676186519
26050,Neutral,0.9549538218838862,0.006765601054637632,0.03828057706147622
26051,LOF,0.046091252477844,0.2620809102806161,0.69182783724154
26052,LOF,0.0633770810238781,0.29625688412931284,0.6403660348468092
26053,LOF,0.0532973443458988,0.12932466123701958,0.8173779944170816
26054,LOF,0.04874887477960024,0.01630729445933632,0.9349438307610634
26055,LOF,0.06704989198469927,0.013836574849754148,0.9191135331655467
26056,LOF,0.059227354764377176,0.015511488438490989,0.925261156797132
26057,LOF,0.029217767300250334,0.011842987487386686,0.9589392452123628
26058,LOF,0.02978751361697794,0.009696959041415393,0.9605155273416066
26059,LOF,0.2601734589912871,0.01921664752463751,0.7206098934840753
26060,LOF,0.04094253263836749,0.19602390909626352,0.763033558265369
26061,LOF,0.016861952324182382,0.011720837407339625,0.9714172102684779
26062,LOF,0.00975359475414505,0.01724219752678703,0.9730042077190679
26063,LOF,0.0187859515006429,0.010333894784747963,0.9708801537146092
26064,LOF,0.019847354646599143,0.02437780430771851,0.9557748410456823
26065,LOF,0.02398983132611104,0.010938748541109215,0.9650714201327798
26066,LOF,0.019362134249161514,0.010259611146616887,0.9703782546042217
26067,LOF,0.026325347213761917,0.00827065148807089,0.9654040012981673
26068,LOF,0.04566570478945306,0.02686945130229281,0.9274648439082541
26069,LOF,0.24866059830111575,0.017107103145312476,0.7342322985535717
26070,LOF,0.38832058356436217,0.015298843799371752,0.5963805726362662
26071,LOF,0.019444471385039068,0.011143133572561713,0.9694123950423993
26072,LOF,0.01892376618828498,0.01613684046443895,0.9649393933472761
26073,LOF,0.018855082221377845,0.0105556585743923,0.9705892592042299
26074,Neutral,0.9100379433882277,0.0055158809148517386,0.08444617569692048
26075,LOF,0.04582797229077804,0.013267977202077551,0.9409040505071445
26076,LOF,0.03723144506110839,0.00870695294639525,0.9540616019924965
26077,LOF,0.009182947948973062,0.013094953641999283,0.9777220984090277
26078,LOF,0.01409773332332585,0.011924381384903728,0.9739778852917703
26079,LOF,0.06058563664538998,0.015378823953232677,0.9240355394013773
26080,LOF,0.059411609043805366,0.015397411085456697,0.925190979870738
26081,LOF,0.03616942607565753,0.006347203715749644,0.9574833702085929
26082,LOF,0.01355228138879717,0.014285620437470689,0.9721620981737321
26083,LOF,0.17111560692292854,0.013598304132932094,0.8152860889441393
26084,LOF,0.04047165138005487,0.011888581149837483,0.9476397674701077
26085,LOF,0.036254453149551856,0.011236455098280066,0.952509091752168
26086,LOF,0.020075213986893194,0.011200780851254078,0.9687240051618529
26087,LOF,0.02339528176489912,0.008522477868202412,0.9680822403668984
26088,LOF,0.017074270764478146,0.02235758338478175,0.96056814585074
26089,LOF,0.04097796689326677,0.01989354194490325,0.93912849116183
26090,LOF,0.041134007588669315,0.01587482135783654,0.9429911710534942
26091,LOF,0.032259940084575424,0.006197302654835842,0.9615427572605888
26092,LOF,0.02164921167264636,0.0077074821002945555,0.9706433062270591
26093,LOF,0.031668601341485206,0.006008063098374624,0.96232333556014
26094,LOF,0.03276942925006306,0.006093054690945002,0.9611375160589919
26095,LOF,0.03718284667511714,0.013096000173274929,0.949721153151608
26096,LOF,0.017926553789417456,0.011349167542698728,0.9707242786678838
26097,LOF,0.012201928747888127,0.03527452728541508,0.9525235439666968
26098,LOF,0.07900364319717322,0.01049970082193052,0.9104966559808962
26099,LOF,0.020088621795878045,0.01205249731609485,0.967858880888027
26100,LOF,0.02225531107317725,0.011503217665207014,0.9662414712616157
26101,LOF,0.04438894085731525,0.016125906624499666,0.9394851525181851
26102,LOF,0.01886283185883263,0.012007850220118573,0.9691293179210487
26103,Neutral,0.8765711450549527,0.017473391915751448,0.10595546302929583
26104,LOF,0.08070605082942184,0.02164625432311768,0.8976476948474604
26105,LOF,0.19039343847064194,0.3104495721754063,0.49915698935395175
26106,LOF,0.15959328308308454,0.1319825553731134,0.7084241615438022
26107,LOF,0.21705223467728005,0.09324816743562249,0.6896995978870976
26108,LOF,0.21098659985162493,0.10335755493707749,0.6856558452112976
26109,LOF,0.08243626930452234,0.05879340521730654,0.8587703254781711
26110,LOF,0.20076159739517313,0.006892967434488659,0.7923454351703382
26111,Neutral,0.503929271012357,0.02428472352122307,0.4717860054664199
26112,LOF,0.03151236732920688,0.0073673897311802745,0.9611202429396128
26113,LOF,0.06411097269921398,0.016204630540219454,0.9196843967605665
26114,LOF,0.02480786679028264,0.03030167407056891,0.9448904591391484
26115,LOF,0.08775819549707466,0.05736703775957587,0.8548747667433494
26116,LOF,0.0649226769424155,0.06403458963697727,0.8710427334206072
26117,LOF,0.4487516196495568,0.03894452014295115,0.512303860207492
26118,LOF,0.033367384837502935,0.023626244289900844,0.9430063708725963
26119,LOF,0.0242232460288943,0.03195417744964129,0.9438225765214644
26120,LOF,0.025139497398733557,0.01932660531310962,0.9555338972881567
26121,LOF,0.04119350583517282,0.08349635079452637,0.8753101433703008
