feature0,prediction,LoGoFunc_Neutral,LoGoFunc_GOF,LoGoFunc_LOF
25546,Neutral,0.6125303351481945,0.046839552083365925,0.34063011276843946
25547,Neutral,0.4869939173343255,0.07767483935789249,0.435331243307782
25548,Neutral,0.4904986618983472,0.06314601689212135,0.4463553212095314
25549,LOF,0.42473402361361606,0.06528747029180482,0.5099785060945791
25550,LOF,0.35914914891558425,0.09653462086375035,0.5443162302206654
25551,LOF,0.3118450021737248,0.1077470249461356,0.5804079728801396
25552,LOF,0.2793300001969468,0.1072479633184616,0.6134220364845917
25553,Neutral,0.7927023329238032,0.03979967389374678,0.1674979931824501
25554,LOF,0.321434562821481,0.09687494524444179,0.5816904919340773
25555,LOF,0.2709105431867157,0.0932931329101754,0.635796323903109
25556,LOF,0.4370619940018328,0.07954322264927335,0.4833947833488938
25557,LOF,0.25828041052602735,0.09583411691918588,0.6458854725547868
25558,LOF,0.32103872385931226,0.09074387235631381,0.5882174037843739
25559,LOF,0.28832054275208846,0.16518174239378042,0.5464977148541311
25560,LOF,0.17989882443877053,0.11692557815813437,0.7031755974030951
25561,LOF,0.17408304855501744,0.14080495186382028,0.6851119995811623
25562,LOF,0.07333686175291931,0.09195277599765789,0.8347103622494229
25563,LOF,0.026338204872350963,0.15614284697266448,0.8175189481549846
25564,LOF,0.21173223781405326,0.13365777123462944,0.6546099909513172
25565,LOF,0.21264633773577835,0.1440765562833573,0.6432771059808643
25566,GOF,0.08828474688373875,0.6940886575425176,0.21762659557374353
25567,LOF,0.03849032241505084,0.1732911329672525,0.7882185446176966
25568,LOF,0.06253103646420283,0.09177352261060419,0.845695440925193
25569,LOF,0.05968893479711936,0.09119605918235182,0.8491150060205288
25570,LOF,0.026904560906365265,0.11629356133907884,0.8568018777545559
25571,LOF,0.024878373735159776,0.12427068836051139,0.8508509379043289
25572,LOF,0.061204320310493304,0.13894538617831378,0.7998502935111929
25573,LOF,0.06282406325957043,0.11133803793990057,0.8258378988005289
25574,LOF,0.059513107535642006,0.23571598766742746,0.7047709047969306
25575,LOF,0.020990713435484875,0.13814753904835814,0.8408617475161569
25576,LOF,0.027943331558121624,0.18285687009335055,0.7891997983485278
25577,LOF,0.03419172526882086,0.13606612208410662,0.8297421526470724
25578,LOF,0.30464236572193437,0.10741801047358487,0.5879396238044807
25579,LOF,0.14680543993100245,0.11246412309909448,0.7407304369699029
25580,LOF,0.018704089643537293,0.09513341959586505,0.8861624907605976
25581,LOF,0.0529733235092049,0.08607116609785079,0.8609555103929443
25582,LOF,0.05269186710113159,0.08410754224775627,0.8632005906511122
25583,LOF,0.021038803468456584,0.09853884596617195,0.8804223505653715
25584,Neutral,0.6949799770143233,0.1365650671875466,0.16845495579812994
25585,LOF,0.019164200051873935,0.17423618387989062,0.8065996160682355
25586,LOF,0.01625089771462483,0.08554728794475851,0.8982018143406167
25587,LOF,0.01536417057736993,0.07846304368024497,0.9061727857423851
25588,LOF,0.018590557427011087,0.08693026947900602,0.8944791730939828
25589,Neutral,0.5045243650550841,0.2366305515562252,0.2588450833886905
25590,LOF,0.04678441934925965,0.1417310903255852,0.8114844903251551
25591,LOF,0.09651953317985415,0.07570912983665189,0.827771336983494
25592,LOF,0.05244025249069615,0.17052396627017952,0.7770357812391243
25593,LOF,0.11334415057686112,0.29738484050577046,0.5892710089173685
25594,LOF,0.04623711134853189,0.07649094483989181,0.8772719438115762
25595,LOF,0.04779255780447565,0.05471367309119435,0.8974937691043301
25596,LOF,0.09372918522081632,0.02682738697613594,0.8794434278030477
25597,LOF,0.08351700923950318,0.03402709857097364,0.8824558921895231
25598,LOF,0.04637192583515274,0.05485299697995306,0.8987750771848942
25599,LOF,0.018353477913971204,0.44211569716059357,0.5395308249254351
25600,GOF,0.14835624793471797,0.46879542182356504,0.382848330241717
25601,LOF,0.03540743266354977,0.37107838846428304,0.5935141788721672
25602,LOF,0.03113718201000223,0.060494733278572736,0.9083680847114249
25603,LOF,0.03631630860454509,0.03643405621758525,0.9272496351778696
25604,LOF,0.03468166609203563,0.07583830726613308,0.8894800266418313
25605,LOF,0.035144242594121564,0.19254921440160794,0.7723065430042705
25606,LOF,0.37431543606764955,0.11753076429153542,0.508153799640815
25607,LOF,0.029201144893701163,0.167318580460893,0.8034802746454058
25608,LOF,0.039146768690002116,0.07576908340467975,0.8850841479053181
25609,GOF,0.1338671418796887,0.5093209822702833,0.356811875850028
25610,LOF,0.01510144696873984,0.03443524945402743,0.9504633035772327
25611,LOF,0.013295301820652142,0.032684316455874655,0.9540203817234731
25612,LOF,0.046024635157289134,0.0521979225903347,0.9017774422523761
25613,LOF,0.04536183753390985,0.04954211976095129,0.9050960427051388
25614,LOF,0.020519651120301432,0.03139081162546247,0.9480895372542361
25615,LOF,0.04091599181596352,0.047458352939342585,0.911625655244694
25616,LOF,0.049455337898184695,0.03089772960577479,0.9196469324960405
25617,LOF,0.04087055350644237,0.03620352825381999,0.9229259182397377
25618,LOF,0.04455572544876473,0.04450690154886607,0.9109373730023691
25619,LOF,0.012789965659848402,0.04055590321237251,0.946654131127779
25620,LOF,0.06011908981397716,0.0450383464246895,0.8948425637613334
25621,LOF,0.056669207820854516,0.043820085942972285,0.8995107062361732
25622,LOF,0.06154664891979646,0.041980710155806567,0.8964726409243969
25623,LOF,0.07043898028241329,0.03500044023563617,0.8945605794819504
25624,LOF,0.016691976798154158,0.039578479543307066,0.9437295436585387
25625,LOF,0.062303238109180176,0.04220991636954031,0.8954868455212794
25626,LOF,0.04552076861336535,0.049815065381379434,0.9046641660052552
25627,Neutral,0.8906800834590605,0.020905534284836158,0.08841438225610325
25628,LOF,0.17198363583994464,0.056531141186606626,0.7714852229734488
25629,LOF,0.0681680496920805,0.052305468989320675,0.8795264813185988
25630,LOF,0.2885823172334048,0.07098854074547209,0.6404291420211231
25631,Neutral,0.5506507301140733,0.0638090210466135,0.3855402488393132
25632,LOF,0.022639924565127957,0.06664654142221381,0.9107135340126582
25633,LOF,0.16465702489544728,0.03960545019333711,0.7957375249112155
25634,LOF,0.03298604366592317,0.0884706712909162,0.8785432850431605
25635,LOF,0.03362966179730374,0.04182640317329565,0.9245439350294006
25636,LOF,0.035177181871659836,0.42979502508822987,0.5350277930401103
25637,GOF,0.0645435853304458,0.49425653592806135,0.4411998787414929
25638,LOF,0.029678222485286843,0.34949699974887666,0.6208247777658366
25639,LOF,0.029667611218627588,0.36893905651293485,0.6013933322684376
25640,Neutral,0.7749059994577169,0.1727048624985823,0.052389138043700975
25641,GOF,0.059307303619330114,0.5346945068346634,0.40599818954600647
25642,LOF,0.05967086335665869,0.19627330438158327,0.7440558322617581
25643,LOF,0.17941598845244952,0.15346466519715957,0.6671193463503909
25644,LOF,0.02547354175130871,0.4586088215485777,0.5159176367001136
25645,LOF,0.027162058332643853,0.42392316272678876,0.5489147789405674
25646,LOF,0.06557012804008706,0.34697532866656583,0.5874545432933471
25647,LOF,0.02784162922183123,0.2944621500494441,0.6776962207287248
25648,LOF,0.03465118872673868,0.28213200802258676,0.6832168032506746
25649,LOF,0.01880164375959608,0.2397107682018317,0.7414875880385723
25650,LOF,0.05382825475705437,0.43753846842522975,0.508633276817716
25651,LOF,0.02218107162289232,0.2989168989546493,0.6789020294224583
25652,LOF,0.03569451512623131,0.2793590802348441,0.6849464046389245
25653,LOF,0.09101066043203813,0.43100031488373247,0.4779890246842294
25654,LOF,0.024265923962538363,0.24551008507815583,0.7302239909593058
25655,GOF,0.24634757375406552,0.43067839710158884,0.32297402914434553
25656,LOF,0.35799593319217904,0.07240102292789334,0.5696030438799277
25657,LOF,0.06034305396461685,0.07584566700847084,0.8638112790269122
25658,LOF,0.3634076015306902,0.08826306512237153,0.5483293333469383
25659,Neutral,0.5025377465670298,0.10871983571292959,0.38874241772004076
25660,LOF,0.022104046435380675,0.09053720506381448,0.8873587485008049
25661,LOF,0.09926827855574373,0.06116222547253774,0.8395694959717185
25662,LOF,0.03455066801587146,0.03494440445893433,0.9305049275251942
25663,LOF,0.044340432796062014,0.04502061940295434,0.9106389478009838
25664,LOF,0.13932285896938473,0.0688389348309981,0.7918382061996173
25665,LOF,0.055870489834905876,0.03288189814989755,0.9112476120151966
25666,LOF,0.09524180072545536,0.06907944344710493,0.8356787558274397
25667,LOF,0.07315636313302841,0.041148503725951406,0.8856951331410202
25668,LOF,0.0378709212500121,0.050471166647157895,0.9116579121028299
25669,LOF,0.03166694366613382,0.0518047533756658,0.9165283029582004
25670,LOF,0.14039998794250536,0.053553731753531134,0.8060462803039635
25671,LOF,0.11951545777941326,0.03554895098988932,0.8449355912306975
25672,LOF,0.051457293578293276,0.04822554023940249,0.9003171661823042
25673,LOF,0.07335702943067678,0.04904250736951649,0.8776004631998067
25674,LOF,0.062091624368450754,0.058627949611106296,0.879280426020443
25675,LOF,0.1075370266243811,0.05755169895280453,0.8349112744228143
25676,LOF,0.019949997560292723,0.05610652647351208,0.9239434759661953
25677,LOF,0.02554630114160185,0.07539827945713709,0.8990554194012611
25678,LOF,0.20442482987677538,0.07098052819415433,0.7245946419290703
25679,LOF,0.11715147458552344,0.08195451857821821,0.8008940068362584
25680,LOF,0.03573623471638045,0.12979427216224582,0.8344694931213739
25681,LOF,0.053350599877225104,0.11719280879680978,0.8294565913259652
25682,LOF,0.14507257979377436,0.0809889352074485,0.7739384849987772
25683,LOF,0.12197097122775148,0.09389876666002593,0.7841302621122226
25684,LOF,0.041321682426971394,0.07134627107473199,0.8873320464982966
25685,LOF,0.12267820537734309,0.061388004532697354,0.8159337900899597
25686,LOF,0.08855738011307474,0.09632866161956295,0.8151139582673622
25687,LOF,0.12574922464020075,0.10869658364933228,0.7655541917104669
25688,LOF,0.3409794760694318,0.03935422011566948,0.6196663038148986
25689,LOF,0.25759040636349395,0.043733133153736614,0.6986764604827694
25690,LOF,0.3300079742441896,0.035823865986961176,0.6341681597688492
25691,Neutral,0.721577451567996,0.026953578183820125,0.2514689702481839
25692,LOF,0.36207526014130004,0.01003907190013487,0.627885667958565
25693,LOF,0.04795649002325064,0.42951860931101943,0.5225249006657299
25694,LOF,0.12043574453209159,0.01410503278994641,0.8654592226779619
25695,LOF,0.11139497069723397,0.013291436494941153,0.8753135928078248
25696,LOF,0.14153585507360736,0.008976742249160204,0.8494874026772324
25697,LOF,0.08932146479895663,0.039097371447850804,0.8715811637531926
25698,LOF,0.2993359075881284,0.18054372333889113,0.5201203690729805
25699,Neutral,0.4832143941909745,0.03751389160165436,0.4792717142073711
25700,LOF,0.07703882118560972,0.00887006997674856,0.9140911088376418
25701,LOF,0.19465047895593232,0.052970064502655,0.7523794565414127
25702,GOF,0.1646685530295559,0.6085730940923285,0.2267583528781156
25703,LOF,0.014819199867505309,0.16497777378747444,0.8202030263450203
25704,LOF,0.03635647426451174,0.1111677264242743,0.852475799311214
25705,LOF,0.050460876323222395,0.16933813598184677,0.7802009876949308
25706,LOF,0.09748085318759345,0.41442234952364954,0.48809679728875704
25707,LOF,0.08866259179750867,0.3597428606514309,0.5515945475510603
25708,LOF,0.03523368198271675,0.3322571584500638,0.6325091595672195
25709,LOF,0.06500581431033173,0.04886080440927193,0.8861333812803963
25710,LOF,0.011113087895392141,0.18995705243441144,0.7989298596701965
25711,LOF,0.02011046273893159,0.1011009287696585,0.8787886084914099
25712,LOF,0.0145701374871913,0.19796127299999725,0.7874685895128115
25713,LOF,0.01929947510172575,0.09277346819360209,0.8879270567046722
25714,LOF,0.07641995540536246,0.10545947043464743,0.8181205741599901
25715,LOF,0.011752467470073273,0.15869197129060444,0.8295555612393224
25716,LOF,0.010697175179102862,0.13039119541159583,0.8589116294093013
25717,LOF,0.014173672723750686,0.09031024568942593,0.8955160815868233
25718,LOF,0.0113194758920522,0.1154411021714933,0.8732394219364545
25719,LOF,0.01918523758350841,0.09546282529058732,0.8853519371259042
25720,LOF,0.023978729971774047,0.07445955974408246,0.9015617102841434
25721,LOF,0.013466874203139072,0.1333719548201157,0.8531611709767452
25722,LOF,0.014429192206390141,0.14343128258305984,0.8421395252105499
25723,LOF,0.022923706016638155,0.054992731659793126,0.9220835623235687
25724,LOF,0.031736925618200865,0.09215987540479514,0.8761031989770041
25725,LOF,0.011518393521955564,0.0858834750910605,0.902598131386984
25726,LOF,0.015663275834996254,0.12387207989763355,0.8604646442673702
25727,LOF,0.011884215112488782,0.09141107555710935,0.8967047093304019
25728,LOF,0.010124259956119134,0.132586653354848,0.8572890866890328
25729,LOF,0.010364475362974402,0.13286885727070633,0.8567666673663192
25730,LOF,0.01356104828434702,0.1127314048742717,0.8737075468413813
25731,LOF,0.01807912208843608,0.12836710915651017,0.8535537687550537
25732,LOF,0.013855979571032882,0.10036410062652948,0.8857799198024376
25733,LOF,0.015856351195850934,0.09056006917867164,0.8935835796254775
25734,LOF,0.009872235221690335,0.1374672207472753,0.8526605440310344
25735,LOF,0.011992896981075498,0.10614596608489231,0.8818611369340321
25736,LOF,0.013201930107874108,0.11504879786434741,0.8717492720277784
25737,LOF,0.012118624452459434,0.09048386180443402,0.8973975137431065
25738,LOF,0.011577861336316352,0.13847928453330546,0.8499428541303781
25739,LOF,0.020730418723540953,0.09938541989251017,0.8798841613839488
25740,LOF,0.026032420224695364,0.13985345981901026,0.8341141199562944
25741,LOF,0.015389344365406753,0.13971011371951506,0.8449005419150782
25742,LOF,0.12872935701174726,0.10073577740140015,0.7705348655868526
25743,LOF,0.03810066969722134,0.03892717856492996,0.9229721517378487
25744,Neutral,0.5835960317571867,0.2249156130318262,0.19148835521098712
25745,LOF,0.06422351796837902,0.06262250789827968,0.8731539741333413
25746,LOF,0.04475080119597537,0.07648658615421863,0.878762612649806
25747,LOF,0.02082416556674618,0.053057724430779996,0.9261181100024738
25748,LOF,0.09483458535138954,0.07368703247066667,0.8314783821779438
25749,LOF,0.029702628926846265,0.07063247837346787,0.8996648926996859
25750,LOF,0.08699092146889331,0.08516486069633972,0.827844217834767
25751,LOF,0.09136231653285191,0.09109014004368658,0.8175475434234615
25752,GOF,0.12061850609956172,0.6402983547622881,0.2390831391381502
25753,LOF,0.021267982039134763,0.26099003415952454,0.7177419838013406
25754,GOF,0.012442565993302885,0.7955328393886338,0.19202459461806315
25755,LOF,0.025272946878784584,0.3810099153371254,0.5937171377840899
25756,LOF,0.048986490228825015,0.36114817144050404,0.5898653383306709
25757,GOF,0.017109169170089252,0.8397006704487134,0.14319016038119722
25758,GOF,0.025921346517582433,0.7999721823714596,0.17410647111095784
25759,GOF,0.010912712179496352,0.6037325853240705,0.38535470249643317
25760,LOF,0.012343859716359817,0.2545298183916525,0.7331263218919877
25761,GOF,0.2662730673247871,0.6313772087488677,0.10234972392634518
25762,LOF,0.04239573751980713,0.26950812150700393,0.6880961409731889
25763,LOF,0.013465880230208277,0.19588659334257763,0.7906475264272141
25764,GOF,0.08751693888210403,0.6405676033884905,0.2719154577294054
25765,GOF,0.03807636821071512,0.7532655599290907,0.20865807186019417
25766,GOF,0.06601141912676706,0.7465491810379218,0.18743939983531113
25767,GOF,0.14376607150167228,0.5692865119644245,0.28694741653390327
25768,LOF,0.10502571107416829,0.06851844380380183,0.82645584512203
25769,LOF,0.05693008964982325,0.0680207639073155,0.8750491464428611
25770,LOF,0.3199169351903359,0.12000012052961642,0.5600829442800477
25771,LOF,0.04279884630065806,0.05230828324431653,0.9048928704550254
25772,LOF,0.019245832958266575,0.048625309518667524,0.932128857523066
25773,LOF,0.0439634760536622,0.11081501107168032,0.8452215128746574
25774,LOF,0.02911525349555748,0.0929545265806536,0.8779302199237888
25775,LOF,0.04416331309431823,0.04969735148116124,0.9061393354245206
25776,LOF,0.07962742034782415,0.02784846286990465,0.8925241167822712
25777,LOF,0.3669188268918691,0.06913748520368337,0.5639436879044476
25778,LOF,0.0732584959523605,0.051423204633040884,0.8753182994145987
25779,GOF,0.36723123230365,0.5927603082780019,0.04000845941834817
25780,GOF,0.35044154327417437,0.5882643076589252,0.061294149066900394
25781,GOF,0.13995648734267432,0.7662088721367782,0.0938346405205474
25782,GOF,0.1762642103675212,0.7492680111687873,0.07446777846369156
25783,GOF,0.01927800313745287,0.6275249189209688,0.3531970779415783
25784,GOF,0.46945984193257534,0.49023301306429545,0.04030714500312913
25785,GOF,0.4637329997134019,0.4977871214354284,0.038479878851169595
25786,GOF,0.026977634753162387,0.7545204918293527,0.21850187341748503
25787,Neutral,0.6451706761386593,0.3309533732170416,0.023875950644299145
25788,LOF,0.053982712362951095,0.10835980786590414,0.8376574797711448
25789,GOF,0.19304878719835064,0.6807352029008221,0.12621600990082724
25790,GOF,0.2039910516371083,0.7078848545773417,0.08812409378555
25791,GOF,0.17094446346754594,0.6901440327919341,0.1389115037405198
25792,GOF,0.36100277420750937,0.5328694037663874,0.10612782202610332
25793,GOF,0.22487223005297402,0.5686964362894745,0.20643133365755145
25794,GOF,0.2832191491332499,0.5413296080419193,0.1754512428248307
25795,GOF,0.07538209273060263,0.6883690354124768,0.23624887185692053
25796,Neutral,0.5403640358399452,0.3883178787107642,0.07131808544929058
25797,GOF,0.08359528288302888,0.5654040600157113,0.3510006571012599
25798,GOF,0.00954818928399391,0.5376050544154596,0.45284675630054666
25799,LOF,0.007574370105387831,0.41229679709335665,0.5801288328012556
25800,GOF,0.0352957798884858,0.6298537719805932,0.334850448130921
25801,GOF,0.21899768186350174,0.6663816055852608,0.11462071255123753
25802,GOF,0.06816042610513075,0.6983735771734063,0.2334659967214629
25803,GOF,0.0411293996632847,0.5995678878045448,0.35930271253217044
25804,GOF,0.03458577255162624,0.495174365869563,0.47023986157881087
25805,GOF,0.10091311777783395,0.601777038726833,0.2973098434953332
25806,GOF,0.10878155621123967,0.6335291968367347,0.25768924695202555
25807,GOF,0.02024246073060568,0.6467771349470811,0.3329804043223132
25808,GOF,0.08405783303759716,0.6395772905298177,0.2763648764325851
25809,GOF,0.020707665454091792,0.6457134345368596,0.3335789000090486
25810,GOF,0.019581074228715814,0.6612616004350936,0.3191573253361905
25811,GOF,0.4566877234969072,0.4778878662425056,0.06542441026058717
25812,GOF,0.03201714387016912,0.6648400175654976,0.30314283856433333
25813,Neutral,0.505032361936406,0.40531509337929317,0.08965254468430087
25814,GOF,0.12234708656270496,0.6840409781860692,0.19361193525122575
25815,GOF,0.1874474558386877,0.6521457839316922,0.16040676022962025
25816,GOF,0.01923877841911827,0.7138786705391887,0.2668825510416929
25817,GOF,0.23859762193629935,0.6363261341260951,0.12507624393760552
25818,GOF,0.05440865078137226,0.6561950667767377,0.28939628244189014
25819,GOF,0.36684800527194794,0.5065436308245447,0.12660836390350746
25820,GOF,0.15834184076374763,0.6360710084294156,0.20558715080683687
25821,GOF,0.050252827442648106,0.7121889493372013,0.23755822322015044
25822,GOF,0.19941154659215077,0.593165085009752,0.20742336839809736
25823,GOF,0.028738843705769023,0.5288751054369991,0.44238605085723176
25824,GOF,0.06686169752881035,0.5917580719800454,0.34138023049114424
25825,GOF,0.02894577941100384,0.5820507575392513,0.389003463049745
25826,GOF,0.01048701568998872,0.5467024348835272,0.442810549426484
25827,GOF,0.022410570933939142,0.5968159791809672,0.3807734498850936
25828,GOF,0.012780518905814414,0.5238586995971165,0.46336078149706916
25829,GOF,0.006548314504394017,0.5941157996889026,0.39933588580670326
25830,LOF,0.03351796918684873,0.3267582555443331,0.6397237752688182
25831,GOF,0.24142015652074203,0.6475257523520258,0.11105409112723216
25832,GOF,0.028285318556937982,0.6891986766382088,0.2825160048048532
25833,GOF,0.11542184377036042,0.7213879903119239,0.1631901659177156
25834,GOF,0.0375608614177694,0.7081308355094775,0.2543083030727531
25835,GOF,0.07783227389748666,0.7636365694334133,0.1585311566690999
25836,GOF,0.041310083148274494,0.7105416017588643,0.2481483150928612
25837,GOF,0.02517594493313896,0.572755961262514,0.40206809380434705
25838,GOF,0.08389608939567093,0.7696536235540092,0.14645028705031976
25839,GOF,0.31207755899172596,0.5676568914839646,0.12026554952430939
25840,GOF,0.24016411708114668,0.6094259409298737,0.15040994198897964
25841,GOF,0.2677728637991233,0.5953509672437829,0.1368761689570937
25842,GOF,0.18812151540913621,0.686995909493037,0.12488257509782669
25843,GOF,0.2609898395138957,0.6569623103600336,0.08204785012607066
25844,GOF,0.06356330934294707,0.7199252851227432,0.21651140553430973
25845,LOF,0.013917822837158117,0.47714089866330045,0.5089412784995414
25846,GOF,0.12980441952211982,0.7062380159216177,0.16395756455626243
25847,GOF,0.11574110403138003,0.7683765475301821,0.11588234843843781
25848,GOF,0.034327981290930364,0.717668421765324,0.2480035969437456
25849,GOF,0.011349861602803228,0.5898873379378752,0.39876280045932155
25850,GOF,0.019415849297051587,0.6771292237346027,0.3034549269683458
25851,GOF,0.015437276588058216,0.5601772616677848,0.4243854617441569
25852,GOF,0.1597917687681165,0.5735226380218102,0.2666855932100732
25853,GOF,0.3537955513355509,0.585796001531489,0.06040844713295997
25854,GOF,0.019899868565530186,0.6425568957679024,0.33754323566656735
25855,GOF,0.031789627303310315,0.6246825718327916,0.343527800863898
25856,GOF,0.21813512299724944,0.5809695785052705,0.20089529849748
25857,GOF,0.030278962348639128,0.5412053444374209,0.42851569321394006
25858,GOF,0.015304966212306058,0.5551492647650793,0.4295457690226147
25859,GOF,0.009246225476543449,0.5403876350939842,0.4503661394294723
25860,GOF,0.3505804865151433,0.5691322599559013,0.08028725352895533
25861,GOF,0.4148637943390704,0.5132893990871814,0.07184680657374813
25862,GOF,0.09278870669410688,0.7784972326235726,0.12871406068232058
25863,GOF,0.0925746949924512,0.7844795831289267,0.1229457218786221
25864,GOF,0.20117830364571612,0.7165858747372511,0.08223582161703266
25865,GOF,0.08526321193580186,0.7946821986344355,0.12005458942976267
25866,GOF,0.06693749273406378,0.7992273706665264,0.13383513659940982
25867,GOF,0.08785261282941242,0.8179524788395193,0.09419490833106837
25868,GOF,0.23618372689931863,0.6698361932852707,0.09398007981541069
25869,Neutral,0.6879409958199405,0.27611170861849565,0.03594729556156382
25870,GOF,0.3184280847109522,0.378300943275832,0.30327097201321573
25871,GOF,0.21757715279775344,0.6271869075485943,0.1552359396536523
25872,GOF,0.08303082655454483,0.6649439465138253,0.25202522693162993
25873,GOF,0.15401823289814123,0.6617473932481509,0.18423437385370783
25874,LOF,0.017380923777697264,0.11094274921310597,0.8716763270091968
25875,LOF,0.11553385413163396,0.03578605732088949,0.8486800885474765
25876,LOF,0.038018421086223816,0.03591744978985687,0.9260641291239192
25877,Neutral,0.536828576599158,0.044080658940308264,0.4190907644605338
25878,LOF,0.24465723389426616,0.07434879185270482,0.6809939742530291
25879,LOF,0.09275274637366032,0.0882002768848932,0.8190469767414466
25880,LOF,0.023006189613294436,0.016082489083694484,0.960911321303011
25881,LOF,0.1837067778210108,0.1120885566460044,0.7042046655329849
25882,LOF,0.06127554635116643,0.014473647180417213,0.9242508064684163
25883,LOF,0.08686332858798518,0.018512392840037976,0.8946242785719768
25884,LOF,0.03528456215666499,0.028399951022310653,0.9363154868210244
25885,LOF,0.06726212260501509,0.010082453720517488,0.9226554236744674
25886,LOF,0.2858668226908173,0.03156355586591488,0.6825696214432678
25887,LOF,0.15197701915492393,0.07037498102302793,0.7776479998220481
25888,LOF,0.06514763804390253,0.06602703873475234,0.8688253232213452
25889,LOF,0.04933967300160218,0.019157816912462718,0.9315025100859352
25890,LOF,0.0597652096537753,0.12957250279436003,0.8106622875518648
25891,LOF,0.04094169932819594,0.04625130865987365,0.9128069920119304
25892,LOF,0.0981359464225293,0.019393107201721323,0.8824709463757494
25893,LOF,0.24702529589094477,0.01603480979199034,0.736939894317065
25894,LOF,0.19223766146265278,0.010807022112862176,0.796955316424485
25895,LOF,0.20890573716334548,0.017797793706068744,0.7732964691305857
25896,LOF,0.048510872453887806,0.02554349784617642,0.9259456296999359
25897,LOF,0.2699687155671127,0.011554292541675655,0.7184769918912117
25898,Neutral,0.7107754145182844,0.009695110702685743,0.2795294747790299
25899,LOF,0.21605815423775582,0.023733891629170428,0.7602079541330737
25900,LOF,0.4478170246639012,0.015079105323031045,0.5371038700130677
25901,LOF,0.05257922663910529,0.012837481324033461,0.9345832920368612
25902,LOF,0.15015215448018568,0.013304047893791634,0.8365437976260226
25903,Neutral,0.5166374909917005,0.024890333120072158,0.45847217588822725
25904,LOF,0.28385975943374603,0.05104690429485792,0.6650933362713961
25905,LOF,0.024183061790539754,0.28506495007536703,0.6907519881340932
25906,LOF,0.025077239993171824,0.06051489278704518,0.914407867219783
25907,LOF,0.01430001784913424,0.32209190585497366,0.6636080762958921
25908,LOF,0.010805887842900168,0.23082761286633532,0.7583664992907645
25909,LOF,0.013979398153904246,0.1158050084431415,0.8702155934029542
25910,LOF,0.048648054486160504,0.13338023177349673,0.8179717137403428
25911,LOF,0.17031247377618722,0.02838740749036569,0.8013001187334472
25912,LOF,0.04222637727659528,0.048074486309382776,0.9096991364140219
25913,LOF,0.28869745869776176,0.026068386486662543,0.6852341548155757
25914,LOF,0.019886521652489473,0.09089676277185167,0.8892167155756588
25915,Neutral,0.49899927966056284,0.2592999441777125,0.2417007761617246
25916,LOF,0.06217791225932045,0.31178708739757166,0.6260350003431079
25917,LOF,0.06497117590717587,0.06415827318373203,0.870870550909092
25918,LOF,0.026441526410882425,0.05182493668550065,0.9217335369036169
25919,LOF,0.022764905145158245,0.0556511221883198,0.921583972666522
25920,GOF,0.08699609665273249,0.5005601772389273,0.4124437261083403
25921,LOF,0.026717463809361037,0.026903000414457964,0.9463795357761811
25922,LOF,0.034988398038060656,0.01955242100668612,0.9454591809552533
25923,LOF,0.4120605954428582,0.02071040695793582,0.567228997599206
25924,LOF,0.03687788616877155,0.036631828127501306,0.926490285703727
25925,LOF,0.06855790073711222,0.02689705204161944,0.9045450472212684
25926,LOF,0.05176707612916899,0.02186813047217371,0.9263647933986572
25927,LOF,0.06758299772758024,0.07925816379828836,0.8531588384741313
25928,LOF,0.02156543084288662,0.0394684531393025,0.938966116017811
25929,Neutral,0.5319490941866875,0.022501870112400787,0.44554903570091176
25930,LOF,0.057753039535350874,0.019306877738275312,0.9229400827263738
25931,LOF,0.02990918369698072,0.021310090721200135,0.9487807255818191
25932,LOF,0.0289420946018712,0.020730177252195878,0.9503277281459328
25933,LOF,0.038873158703740314,0.013597612077886538,0.9475292292183732
25934,LOF,0.026020797044222548,0.0163626178477921,0.9576165851079854
25935,LOF,0.06421386389638958,0.03134265000501834,0.9044434860985922
25936,LOF,0.04678067441543709,0.019024141149343737,0.9341951844352192
25937,LOF,0.02784457432613983,0.024680312279040745,0.9474751133948195
25938,LOF,0.06961246523244194,0.03090930603723278,0.8994782287303252
25939,LOF,0.038502816699075654,0.012894134887883194,0.9486030484130412
25940,LOF,0.03441414658712586,0.38840965739973154,0.5771761960131426
25941,LOF,0.17605578926775833,0.09277342023366847,0.7311707904985733
25942,LOF,0.01588015142506657,0.03865604358178512,0.9454638049931484
25943,LOF,0.31392172780227157,0.05167749096502453,0.6344007812327039
25944,LOF,0.4852488650300006,0.024244740158234863,0.4905063948117646
25945,LOF,0.064337736612885,0.02741395125593305,0.9082483121311818
25946,LOF,0.028730892416889448,0.11156997418164533,0.8596991334014652
25947,LOF,0.10833791102520725,0.2117498923984648,0.679912196576328
25948,LOF,0.4100933966807383,0.011037100029093564,0.5788695032901682
25949,LOF,0.09841462711928797,0.044523512747451054,0.857061860133261
25950,GOF,0.26046224583460315,0.4300979658408687,0.3094397883245282
25951,LOF,0.25013360673057955,0.23466515580747654,0.5152012374619439
25952,LOF,0.040920574304711015,0.43554426298031096,0.523535162714978
25953,LOF,0.1207541189436252,0.11830947547252431,0.7609364055838506
25954,Neutral,0.4108199245176085,0.18806277399019472,0.40111730149219665
25955,LOF,0.05595572883891404,0.08025681424863255,0.8637874569124535
25956,LOF,0.1762214997089606,0.10795996060819879,0.7158185396828407
25957,LOF,0.03805230771348457,0.03047787727117738,0.9314698150153381
25958,LOF,0.06253262144468633,0.02896944752349416,0.9084979310318195
25959,LOF,0.06832867636185955,0.33705566375916185,0.5946156598789786
25960,LOF,0.01933146571086015,0.05203167397797572,0.9286368603111642
25961,LOF,0.053064995644664666,0.02999153695233636,0.9169434674029989
25962,LOF,0.0604439528226305,0.028981696638936214,0.9105743505384333
25963,LOF,0.04457453127998551,0.17032007381815764,0.7851053949018568
25964,LOF,0.037666600674792015,0.14053048970143497,0.821802909623773
25965,LOF,0.4482313463107043,0.09070094392264691,0.4610677097666489
25966,Neutral,0.47478508464473934,0.09305522639708302,0.4321596889581776
25967,LOF,0.01267160711571343,0.06415709264916929,0.9231713002351174
25968,LOF,0.030584731550928362,0.4682125534634594,0.5012027149856122
25969,LOF,0.023289292684868866,0.06326580449837463,0.9134449028167566
25970,LOF,0.057397802660756926,0.058114114507664336,0.8844880828315788
25971,LOF,0.07669035623900122,0.016045482831512147,0.9072641609294866
25972,LOF,0.07982476877316742,0.021128112747141544,0.8990471184796911
25973,LOF,0.07689094249836631,0.011682768415987574,0.9114262890856462
25974,LOF,0.21335396707937193,0.019782041459684423,0.7668639914609436
25975,LOF,0.05002962968775152,0.035316602736929124,0.9146537675753195
25976,LOF,0.04648185082977027,0.017070638463683313,0.9364475107065464
25977,LOF,0.14926106879677697,0.09433049104304232,0.7564084401601806
25978,LOF,0.14889898439022428,0.07523799261899136,0.7758630229907844
25979,LOF,0.13425438614635182,0.07769896809359893,0.7880466457600491
25980,LOF,0.19666068498868436,0.10596800643612317,0.6973713085751925
25981,LOF,0.22749510941196027,0.10453214091492857,0.6679727496731113
25982,LOF,0.41429774024027854,0.05577806317294029,0.5299241965867811
25983,LOF,0.3824864383885729,0.059698548746880846,0.5578150128645463
25984,LOF,0.04989039690997454,0.04671230054253741,0.903397302547488
25985,LOF,0.029102163693985012,0.2318694745080555,0.7390283617979595
25986,LOF,0.03826461055800104,0.2880609005954311,0.6736744888465678
25987,LOF,0.0852958281851781,0.06785515170305838,0.8468490201117637
25988,LOF,0.14709375823767504,0.04731429359421872,0.8055919481681063
25989,LOF,0.03187527795981708,0.09105616147180877,0.8770685605683742
25990,LOF,0.03790666600275515,0.11984017318582606,0.8422531608114188
25991,LOF,0.1402009365867848,0.3025705428690997,0.5572285205441155
25992,LOF,0.3432186972326057,0.15650019462094528,0.500281108146449
25993,LOF,0.023157664997650425,0.07993052276733809,0.8969118122350114
25994,LOF,0.01726692516126027,0.11536266292729756,0.8673704119114422
25995,LOF,0.02564092612425898,0.2274799406398412,0.7468791332358998
25996,GOF,0.29453019795809965,0.44480581747195624,0.26066398456994405
25997,GOF,0.08547653935396445,0.46777699975983533,0.44674646088620035
25998,Neutral,0.5353655537319203,0.01772580794224048,0.4469086383258392
25999,LOF,0.11532000125990133,0.14286937532552008,0.7418106234145786
26000,LOF,0.1909072704344841,0.041547421854036565,0.7675453077114792
26001,LOF,0.20614252791953527,0.03471307611815819,0.7591443959623065
26002,LOF,0.1643127128688182,0.046535938325778056,0.7891513488054038
26003,GOF,0.010988385353043926,0.5408684584263693,0.44814315622058665
26004,GOF,0.022289599617850313,0.5885435395880103,0.3891668607941394
26005,LOF,0.008788393894101576,0.40678414517315153,0.5844274609327469
26006,Neutral,0.5471099537908045,0.1840093205996754,0.2688807256095201
26007,GOF,0.024604812604997982,0.49984451583351086,0.47555067156149117
26008,GOF,0.019767593234672295,0.5612991946401206,0.41893321212520707
26009,GOF,0.026967142405615478,0.5923511982075531,0.38068165938683135
26010,GOF,0.03157903859142333,0.5706030812122402,0.3978178801963364
26011,LOF,0.008015764571835242,0.4215760472515449,0.57040818817662
26012,GOF,0.01788029813536845,0.5498641644136504,0.43225553745098116
26013,GOF,0.021748244618321113,0.5906289958646191,0.3876227595170596
26014,LOF,0.04351736099618768,0.1144717291745435,0.8420109098292688
26015,LOF,0.22972967780772638,0.008457149885783027,0.7618131723064906
26016,LOF,0.21991631161560735,0.05118190955577247,0.7289017788286202
26017,LOF,0.22978506459865372,0.08085024663064212,0.6893646887707042
26018,LOF,0.09786450979010006,0.0280052286720892,0.8741302615378107
26019,LOF,0.09214968663457321,0.020813370234206794,0.88703694313122
26020,LOF,0.06279280505975444,0.11222289925301641,0.8249842956872291
26021,LOF,0.0425395988761677,0.12120212043503571,0.8362582806887966
26022,LOF,0.011130837339549218,0.036072047648395916,0.9527971150120548
26023,LOF,0.1170842447978734,0.017930955708080353,0.8649847994940463
26024,LOF,0.029682593013129567,0.11914037253907099,0.8511770344477994
26025,LOF,0.16872717218875735,0.08750816716705406,0.7437646606441886
26026,LOF,0.32748956392039735,0.02592956329592564,0.646580872783677
26027,LOF,0.08651722825757081,0.013252265192586248,0.9002305065498429
26028,LOF,0.15598904438982736,0.06841443590643047,0.7755965197037422
26029,LOF,0.0807695592407824,0.21110053068702186,0.7081299100721957
26030,LOF,0.028499624197973267,0.06881395688177482,0.9026864189202519
26031,LOF,0.03360115037602912,0.15081775461609714,0.8155810950078737
26032,LOF,0.06985843891136265,0.07824144417673384,0.8519001169119035
26033,LOF,0.12611515306837,0.09531957357991203,0.7785652733517179
26034,LOF,0.048204927037430116,0.16341408529097248,0.7883809876715974
26035,LOF,0.030185597246981416,0.15071156699945104,0.8191028357535675
26036,LOF,0.0467461708414859,0.1810013968189496,0.7722524323395645
26037,LOF,0.024521606504655305,0.12240149459483197,0.8530768989005129
26038,LOF,0.06383238150598705,0.08141561436975979,0.8547520041242532
26039,LOF,0.06067879359682138,0.16274043745650962,0.7765807689466689
26040,LOF,0.2122836339831903,0.1562581554058696,0.63145821061094
26041,LOF,0.025164610942442787,0.11759361559329504,0.8572417734642621
26042,LOF,0.02558853447909635,0.1121909034169319,0.8622205621039718
26043,LOF,0.06271321050079776,0.0958503306772283,0.841436458821974
26044,LOF,0.022503047719276942,0.08326547698389317,0.89423147529683
26045,LOF,0.08040405167188205,0.10345530515919084,0.8161406431689272
26046,LOF,0.06447614127150608,0.0953390254078129,0.840184833320681
26047,LOF,0.08782913156271281,0.10271502075309698,0.8094558476841901
26048,LOF,0.05443493573624859,0.04901408616794272,0.8965509780958087
26049,Neutral,0.9598584585857416,0.008211796989620431,0.03192974442463798
26050,Neutral,0.9474959813837677,0.011069270802200508,0.04143474781403183
26051,LOF,0.048477097781526576,0.30770278151811103,0.6438201207003624
26052,LOF,0.06628300759537882,0.3370997516533245,0.5966172407512966
26053,LOF,0.06123456875278503,0.14263341591497972,0.7961320153322352
26054,LOF,0.062291265291740915,0.01715432291519637,0.9205544117930627
26055,LOF,0.07817633671406889,0.01404493026939373,0.9077787330165374
26056,LOF,0.06580216444723037,0.015411464890159689,0.9187863706626099
26057,LOF,0.03138375248059692,0.01012081806899681,0.9584954294504062
26058,LOF,0.03195212928189398,0.008013476076912766,0.9600343946411933
26059,LOF,0.31468814553772184,0.021215587677320624,0.6640962667849576
26060,LOF,0.02866110871207494,0.17286670115747252,0.7984721901304527
26061,LOF,0.016862683845644898,0.010629615296353144,0.972507700858002
26062,LOF,0.011550416912226757,0.016364640538302333,0.9720849425494709
26063,LOF,0.023601514179043808,0.010963754051517791,0.9654347317694383
26064,LOF,0.023757272181432258,0.01654479369094808,0.9596979341276197
26065,LOF,0.02580395356142748,0.00944271103319268,0.9647533354053799
26066,LOF,0.02248417160438028,0.01019372248616424,0.9673221059094554
26067,LOF,0.029990764677917333,0.007537102891842049,0.9624721324302407
26068,LOF,0.052020299131161275,0.027529018445309437,0.9204506824235292
26069,LOF,0.25877081032068694,0.01765256362477924,0.7235766260545339
26070,LOF,0.3942843101462233,0.015042433396424266,0.5906732564573525
26071,LOF,0.024861101735146197,0.01069867262131598,0.9644402256435379
26072,LOF,0.02176906878052347,0.014953701554780534,0.9632772296646961
26073,LOF,0.02663143214531896,0.00948467660793758,0.9638838912467436
26074,Neutral,0.9072836620017796,0.005356960404401927,0.0873593775938184
26075,LOF,0.04571973311726631,0.013369773306048799,0.940910493576685
26076,LOF,0.04668843275907548,0.007566281671055191,0.9457452855698694
26077,LOF,0.009995666465107746,0.016552025940515077,0.9734523075943772
26078,LOF,0.014773071023418191,0.009678945898627838,0.9755479830779539
26079,LOF,0.06138597495035755,0.015780182607770234,0.9228338424418722
26080,LOF,0.060175476300235106,0.01579796325205161,0.9240265604477134
26081,LOF,0.03802162126790818,0.0052475479198883495,0.9567308308122034
26082,LOF,0.016491136833410695,0.014117377017259906,0.9693914861493294
26083,LOF,0.1357600318144734,0.011552005470824531,0.852687962714702
26084,LOF,0.028990763316297175,0.010790102050976188,0.9602191346327266
26085,LOF,0.02458081933086801,0.01024269535618226,0.9651764853129499
26086,LOF,0.02501316154253234,0.009947056052607085,0.9650397824048605
26087,LOF,0.028983100624610382,0.007066205758812763,0.9639506936165768
26088,LOF,0.014883827159634754,0.02399904325029077,0.9611171295900746
26089,LOF,0.04853350328470657,0.020923488607262546,0.9305430081080308
26090,LOF,0.04689173915254024,0.016555476229105553,0.9365527846183541
26091,LOF,0.040004354887769746,0.00525560543178592,0.9547400396804443
26092,LOF,0.027014103751805827,0.007158167018097052,0.9658277292300971
26093,LOF,0.04124021399738259,0.005123709389787031,0.9536360766128302
26094,LOF,0.045043973730469825,0.005713693010048026,0.9492423332594822
26095,LOF,0.049834431579764665,0.012966288922154805,0.9371992794980806
26096,LOF,0.02129981417638562,0.010152923997847958,0.9685472618257664
26097,LOF,0.012078846967087024,0.03391379349202307,0.9540073595408899
26098,LOF,0.07328653998254969,0.009489285217309544,0.9172241748001407
26099,LOF,0.025401409871055228,0.011588152603827692,0.9630104375251171
26100,LOF,0.027696093505791986,0.011112341336772077,0.961191565157436
26101,LOF,0.057961988122994676,0.011018732347881229,0.9310192795291242
26102,LOF,0.026525009678879215,0.01292763317009398,0.9605473571510268
26103,Neutral,0.888858687246207,0.0163741102560683,0.09476720249772459
26104,LOF,0.08565749702259678,0.023512204233225416,0.8908302987441777
26105,LOF,0.1836770595913785,0.310627590049556,0.5056953503590654
26106,LOF,0.2205258458176279,0.13409714623265023,0.6453770079497219
26107,LOF,0.2612056741062335,0.08872794196311369,0.6500663839306527
26108,LOF,0.235796980914667,0.1477857553919175,0.6164172636934155
26109,LOF,0.11900917117293389,0.06785708943142357,0.8131337393956425
26110,LOF,0.2768994918919661,0.006402133541831513,0.7166983745662023
26111,Neutral,0.5012133902337755,0.015505096572841826,0.48328151319338264
26112,LOF,0.03214641148566132,0.00710351180692395,0.9607500767074147
26113,LOF,0.05266005233442909,0.015312160828037217,0.9320277868375336
26114,LOF,0.031173492729237987,0.02173190978367258,0.9470945974870896
26115,LOF,0.10825592146581571,0.04699611783618616,0.8447479606979981
26116,LOF,0.06553009512797625,0.04461880214616057,0.8898511027258632
26117,LOF,0.45012850224613066,0.04902108107187033,0.500850416681999
26118,LOF,0.03618340484193472,0.02530810580437598,0.9385084893536892
26119,LOF,0.02173637203435451,0.0367433426776414,0.9415202852880041
26120,LOF,0.031049990730852933,0.024648427603453482,0.9443015816656936
26121,LOF,0.05208024903292414,0.08942115662402463,0.8584985943430512
