feature0,prediction,LoGoFunc_Neutral,LoGoFunc_GOF,LoGoFunc_LOF
25546,Neutral,0.6079835616573082,0.05569291713279456,0.3363235212098973
25547,Neutral,0.4940731771058507,0.08393733805993568,0.42198948483421356
25548,Neutral,0.49830076129204065,0.07707213683482927,0.4246271018731302
25549,LOF,0.45935891845366744,0.0767381392852204,0.4639029422611122
25550,LOF,0.35996832954109037,0.08142499742467132,0.5586066730342383
25551,LOF,0.32647765034575316,0.08278918933955211,0.5907331603146947
25552,LOF,0.2910103359237401,0.09069170468539438,0.6182979593908655
25553,Neutral,0.7869064369651814,0.04801851516545038,0.1650750478693682
25554,LOF,0.3073012443755848,0.08345368149239399,0.6092450741320212
25555,LOF,0.2685420706467923,0.08582402019256836,0.6456339091606393
25556,LOF,0.4263248340389707,0.079923487829304,0.49375167813172516
25557,LOF,0.25531437401461377,0.08468710838019518,0.6599985176051911
25558,LOF,0.3140051347732194,0.07775901093563106,0.6082358542911495
25559,LOF,0.2765780923469252,0.025302317078562297,0.6981195905745124
25560,LOF,0.09707751908843426,0.15124698733014627,0.7516754935814195
25561,LOF,0.08349385026403057,0.25593182467543224,0.660574325060537
25562,LOF,0.031211865928978046,0.1169977019805017,0.8517904320905202
25563,LOF,0.0064562973125859985,0.20191851522519746,0.7916251874622166
25564,LOF,0.06477597409609231,0.1231264626558052,0.8120975632481024
25565,LOF,0.1904294389491106,0.14802682240155784,0.6615437386493315
25566,GOF,0.07805010766990227,0.7960910394245694,0.12585885290552828
25567,LOF,0.04853970732161596,0.1822888604470207,0.7691714322313633
25568,LOF,0.057573342245409775,0.1178212491294452,0.824605408625145
25569,LOF,0.06257056297343716,0.11153226567387232,0.8258971713526905
25570,LOF,0.026314487374472048,0.15988687787331038,0.8137986347522176
25571,LOF,0.025919814448977254,0.17193936390310452,0.8021408216479183
25572,LOF,0.05832414351794224,0.23973176094471543,0.7019440955373424
25573,LOF,0.07043617468515204,0.1584694465715684,0.7710943787432797
25574,LOF,0.0835896071081651,0.2604492681165094,0.6559611247753255
25575,LOF,0.02430639809771576,0.18660949904534832,0.7890841028569359
25576,LOF,0.026277185692894407,0.29079454743892236,0.6829282668681832
25577,LOF,0.029329943513340798,0.216077780698749,0.7545922757879101
25578,LOF,0.29650566353709173,0.11454512179487997,0.5889492146680283
25579,LOF,0.21361494304976936,0.11486620109786717,0.6715188558523636
25580,LOF,0.023100331693070852,0.11256704220426074,0.8643326261026684
25581,LOF,0.043938507937461686,0.1285996023687584,0.82746188969378
25582,LOF,0.043541907938723194,0.12482714776134983,0.831630944299927
25583,LOF,0.03318291925014134,0.12385856074945241,0.8429585200004063
25584,Neutral,0.6956136745702355,0.13744639329379665,0.16693993213596794
25585,LOF,0.0246682701165946,0.22888717425020097,0.7464445556332043
25586,LOF,0.022129185444536396,0.14397311119086598,0.8338977033645976
25587,LOF,0.021464200928028157,0.14099572368346042,0.8375400753885114
25588,LOF,0.02693050361576668,0.11125198713771223,0.861817509246521
25589,Neutral,0.563493973329126,0.2282881771790881,0.20821784949178604
25590,LOF,0.05429995564517346,0.16998423292256554,0.775715811432261
25591,LOF,0.09909951754476916,0.10198210897028777,0.7989183734849431
25592,LOF,0.07995484018028366,0.22992528317708247,0.6901198766426337
25593,LOF,0.13483809879731257,0.40185110033567195,0.4633108008670154
25594,LOF,0.04222475226499146,0.03990418763052018,0.9178710601044884
25595,LOF,0.04409755772512903,0.022728712290219968,0.9331737299846511
25596,LOF,0.11248103943575294,0.014178200510260938,0.8733407600539861
25597,LOF,0.0849172250341811,0.01434458706793438,0.9007381878978844
25598,LOF,0.0453010355034087,0.02480419548555104,0.9298947690110403
25599,LOF,0.03554717574928719,0.3578788964001451,0.6065739278505677
25600,LOF,0.19972089502328333,0.33334359395360874,0.466935511023108
25601,LOF,0.05143632276990897,0.2725120601179724,0.6760516171121187
25602,LOF,0.028865206992341123,0.07344941445199277,0.8976853785556661
25603,LOF,0.05170999539136249,0.08111875731445693,0.8671712472941805
25604,LOF,0.051402007896149376,0.13699620113177036,0.8116017909720802
25605,LOF,0.04856714288475897,0.18869106076224768,0.7627417963529932
25606,Neutral,0.3901978500222762,0.2764725413595661,0.33332960861815775
25607,LOF,0.030982429148684112,0.27381370204044975,0.6952038688108662
25608,LOF,0.04597140908053987,0.08770975864400611,0.866318832275454
25609,GOF,0.2192635809774203,0.5116089727307881,0.26912744629179153
25610,LOF,0.023019626379509335,0.0873669523498682,0.8896134212706225
25611,LOF,0.016140373384465223,0.09063454654389227,0.8932250800716425
25612,LOF,0.06535006640335048,0.10179576488788998,0.8328541687087595
25613,LOF,0.05424692713070578,0.100577415147667,0.8451756577216272
25614,LOF,0.02632407581463744,0.08148323652726047,0.8921926876581022
25615,LOF,0.06258664611256289,0.06955261257737202,0.8678607413100651
25616,LOF,0.06738964350264112,0.0981710391577117,0.8344393173396472
25617,LOF,0.05420532410130259,0.1035739816606936,0.8422206942380038
25618,LOF,0.06110969167610331,0.18652988140230192,0.7523604269215948
25619,LOF,0.015531153338177497,0.1294519090928022,0.8550169375690203
25620,LOF,0.05216508411305401,0.09511782297318933,0.8527170929137567
25621,LOF,0.08421177482850183,0.0846741490265096,0.8311140761449884
25622,LOF,0.0922230186701666,0.0996940759021754,0.808082905427658
25623,LOF,0.07756126120240354,0.08126554933202915,0.8411731894655673
25624,LOF,0.024962809002912874,0.0802481032282103,0.8947890877688768
25625,LOF,0.07858695923709813,0.08729209929593766,0.8341209414669641
25626,LOF,0.06490105629415362,0.0908333708070905,0.8442655728987558
25627,Neutral,0.8830392342729402,0.022961165780336093,0.09399959994672392
25628,LOF,0.20535298463729218,0.054955825537777725,0.7396911898249301
25629,LOF,0.06934552740172635,0.06172001579330137,0.8689344568049723
25630,LOF,0.3117312809008232,0.0687324823754473,0.6195362367237296
25631,Neutral,0.5221202694633433,0.043642777951938626,0.4342369525847181
25632,LOF,0.03238853979930753,0.13333894271423835,0.8342725174864541
25633,LOF,0.20256170039515453,0.08979573222946022,0.7076425673753853
25634,LOF,0.042480227529686665,0.1365929297687425,0.8209268427015708
25635,LOF,0.03419012073490821,0.06711555222730228,0.8986943270377895
25636,GOF,0.03702422130313734,0.5142974282820683,0.44867835041479437
25637,GOF,0.03630623409240166,0.5527962897634526,0.4108974761441457
25638,LOF,0.02095842938666266,0.46265948761239173,0.5163820830009457
25639,LOF,0.02903324621643753,0.4251478900410915,0.5458188637424709
25640,Neutral,0.8004163991911161,0.14625860135793328,0.05332499945095069
25641,LOF,0.12288194326444063,0.3116673260419087,0.5654507306936507
25642,LOF,0.09797690191057751,0.18351807956027846,0.7185050185291441
25643,LOF,0.3192604323110865,0.10570627411878314,0.5750332935701304
25644,GOF,0.0096213555527777,0.6409801629077717,0.3493984815394506
25645,GOF,0.012196810513866058,0.6060188504011521,0.3817843390849817
25646,LOF,0.01791249747404046,0.38103137242751306,0.6010561300984465
25647,LOF,0.00887019081181067,0.3054595319032399,0.6856702772849494
25648,LOF,0.013133574779303405,0.35875992780218097,0.6281064974185155
25649,LOF,0.008255242511989355,0.2691884561554292,0.7225563013325814
25650,GOF,0.03265165234683708,0.5688771689078491,0.39847117874531396
25651,LOF,0.010659555639639112,0.38207432813459313,0.6072661162257676
25652,LOF,0.0100209861225728,0.41646673276667995,0.5735122811107473
25653,GOF,0.03928540465434578,0.5963195761570824,0.36439501918857176
25654,LOF,0.010413389875325446,0.3501186173356227,0.6394679927890519
25655,GOF,0.11798509548569937,0.6500672804109369,0.23194762410336375
25656,LOF,0.2175380609333311,0.08080423253535948,0.7016577065313094
25657,LOF,0.03403661998020826,0.07451344300463822,0.8914499370151535
25658,LOF,0.2608711907744188,0.10560290490208461,0.6335259043234965
25659,LOF,0.3833272637977261,0.11652800252493255,0.5001447336773414
25660,LOF,0.02299929670481039,0.11939417556346983,0.8576065277317199
25661,LOF,0.07213982223793361,0.07616588962704071,0.8516942881350257
25662,LOF,0.02753452761921523,0.048694675462948575,0.9237707969178363
25663,LOF,0.030229110713733708,0.04426333639990012,0.9255075528863662
25664,LOF,0.09247674675725384,0.07394835353672202,0.8335748997060242
25665,LOF,0.05349741913302001,0.03585786466792698,0.9106447161990531
25666,LOF,0.06566354107816053,0.05838721643100796,0.8759492424908315
25667,LOF,0.06068676930983078,0.05076916644417717,0.8885440642459921
25668,LOF,0.029521250615755924,0.062410004040400015,0.9080687453438441
25669,LOF,0.020334145886522582,0.055844284554503354,0.9238215695589741
25670,LOF,0.12130132267131806,0.0518369326886058,0.8268617446400762
25671,LOF,0.08354578121970609,0.04591925090098282,0.8705349678793112
25672,LOF,0.044251530276256355,0.05833012941169821,0.8974183403120454
25673,LOF,0.07415869540196318,0.04774280141921846,0.8780985031788183
25674,LOF,0.07089519252452253,0.06631850927306633,0.8627862982024112
25675,LOF,0.06939788368027323,0.07025656034877203,0.8603455559709547
25676,LOF,0.015793077179505746,0.06958006024701757,0.9146268625734767
25677,LOF,0.015651046965661924,0.0862305755607708,0.8981183774735673
25678,LOF,0.16110085560528942,0.09441496136243299,0.7444841830322775
25679,LOF,0.10625830954548053,0.10824081640601463,0.7855008740485048
25680,LOF,0.019826879775682676,0.12495279311062182,0.8552203271136954
25681,LOF,0.03364537843507492,0.11372761534232273,0.8526270062226023
25682,LOF,0.1056510567314314,0.0787162253779898,0.8156327178905789
25683,LOF,0.09008552494707699,0.08962261961177609,0.8202918554411469
25684,LOF,0.026505463407332872,0.07381179595660595,0.8996827406360612
25685,LOF,0.10480134262696816,0.109304416531701,0.7858942408413307
25686,LOF,0.0605742043434733,0.20656857134232934,0.7328572243141973
25687,LOF,0.09967115807791989,0.1896981420503773,0.7106306998717028
25688,LOF,0.4688139559908514,0.0215216641098074,0.5096643798993412
25689,LOF,0.298372906962051,0.03390854356897276,0.6677185494689764
25690,LOF,0.385596362014925,0.021233836528575818,0.5931698014564992
25691,Neutral,0.7412310423505122,0.020230783005521134,0.23853817464396662
25692,LOF,0.36954523567634573,0.009992159017455305,0.6204626053061989
25693,GOF,0.039299428430990886,0.5497908397402957,0.41090973182871343
25694,LOF,0.10082726958701471,0.020631790644369746,0.8785409397686155
25695,LOF,0.10040219303315236,0.008799002828723815,0.8907988041381238
25696,LOF,0.118100505271623,0.015947481268223693,0.8659520134601534
25697,LOF,0.05114636966476194,0.07374494758554163,0.8751086827496964
25698,LOF,0.26928203503388193,0.17555049715252125,0.5551674678135968
25699,LOF,0.3532434044350416,0.05157480937675089,0.5951817861882075
25700,LOF,0.05726265124054783,0.01336446943924083,0.9293728793202114
25701,LOF,0.1761661062157909,0.03903201254134889,0.7848018812428602
25702,GOF,0.20892299481261814,0.6230495189358609,0.16802748625152097
25703,LOF,0.01736750530093998,0.19813232451359952,0.7845001701854605
25704,LOF,0.03642435723885663,0.15582426321566434,0.807751379545479
25705,LOF,0.030875150721139357,0.08073412914099222,0.8883907201378684
25706,GOF,0.08636374894579595,0.5374652677331712,0.37617098332103294
25707,LOF,0.08469929313428987,0.4245900677302944,0.49071063913541574
25708,LOF,0.032093417317449247,0.45114931413700504,0.5167572685455457
25709,LOF,0.07062298147215487,0.04541832392278347,0.8839586946050616
25710,LOF,0.016613161986825064,0.1547112238375843,0.8286756141755907
25711,LOF,0.018643955836474824,0.08702127187371186,0.8943347722898134
25712,LOF,0.0166589313910091,0.18400205337576206,0.7993390152332289
25713,LOF,0.018172627434881766,0.0679475295682405,0.9138798429968777
25714,LOF,0.07105031966722916,0.06130132144956168,0.8676483588832092
25715,LOF,0.011653220048437569,0.10899399481728571,0.8793527851342766
25716,LOF,0.012819369440657685,0.1258639546132344,0.861316675946108
25717,LOF,0.019054287388697563,0.08039200808645358,0.9005537045248488
25718,LOF,0.011150323129209357,0.05283809393036162,0.936011582940429
25719,LOF,0.022554491319298445,0.0869453651925731,0.8905001434881283
25720,LOF,0.02799500303344032,0.049789150522329594,0.92221584644423
25721,LOF,0.011629430119104564,0.0795510208055956,0.9088195490752998
25722,LOF,0.013492802151603894,0.0693534212438984,0.9171537766044977
25723,LOF,0.02299274216045357,0.052471883672644375,0.924535374166902
25724,LOF,0.03256590825286639,0.09576482469026668,0.871669267056867
25725,LOF,0.011065524978908798,0.08240025715520403,0.9065342178658872
25726,LOF,0.017158929997545685,0.11605142751787163,0.8667896424845827
25727,LOF,0.013699727698990197,0.07379687379194708,0.9125033985090628
25728,LOF,0.010758024064012259,0.09350576355193488,0.8957362123840529
25729,LOF,0.011075537029355832,0.09158253687199638,0.8973419260986478
25730,LOF,0.014748277059052647,0.09005777950530079,0.8951939434356466
25731,LOF,0.018952844741499268,0.1250188865538731,0.8560282687046276
25732,LOF,0.014399350768606779,0.04696155089913737,0.9386390983322558
25733,LOF,0.014803640408575543,0.06301497280198488,0.9221813867894396
25734,LOF,0.01373337364579025,0.14347364264008838,0.8427929837141214
25735,LOF,0.011094974256458128,0.06044074122094478,0.9284642845225971
25736,LOF,0.012253471323559483,0.05883345979258483,0.9289130688838556
25737,LOF,0.01320774890353081,0.08740453528370595,0.8993877158127632
25738,LOF,0.01209424168427761,0.08561589598220716,0.9022898623335153
25739,LOF,0.018922896747198728,0.07639144653044837,0.9046856567223529
25740,LOF,0.02944703370910361,0.09330019711652301,0.8772527691743734
25741,LOF,0.013753996888620052,0.09644455224034432,0.8898014508710357
25742,LOF,0.10223348112287518,0.0722998987977536,0.8254666200793711
25743,LOF,0.04418385113037527,0.06150310645412789,0.8943130424154968
25744,Neutral,0.6193961878117914,0.24834576650850615,0.13225804567970242
25745,LOF,0.061660090231233804,0.08039630638777623,0.85794360338099
25746,LOF,0.04130426319875818,0.12092597658543842,0.8377697602158034
25747,LOF,0.019189051871014697,0.1296822015207646,0.8511287466082207
25748,LOF,0.10452458640840835,0.19270340441857464,0.7027720091730171
25749,LOF,0.027523190660883393,0.10304711119856969,0.869429698140547
25750,LOF,0.06631995460208395,0.10630986660520733,0.8273701787927087
25751,LOF,0.1257717406400402,0.1605093891275332,0.7137188702324266
25752,GOF,0.12291505543019363,0.6438278174972001,0.2332571270726063
25753,LOF,0.03854115006740482,0.35725773387298265,0.6042011160596125
25754,GOF,0.023553013818466487,0.7593031277366019,0.21714385844493153
25755,LOF,0.03190898475150089,0.3544425249137876,0.6136484903347115
25756,LOF,0.06363062753991754,0.4363804621669835,0.49998891029309894
25757,GOF,0.018273747612823316,0.8471464822208605,0.13457977016631628
25758,GOF,0.030618604494162212,0.7807486346567543,0.1886327608490835
25759,GOF,0.014272974409962313,0.6717329094433973,0.3139941161466404
25760,LOF,0.01741406326344503,0.4434988847153287,0.5390870520212263
25761,GOF,0.3079657592251457,0.5864116638514139,0.10562257692344042
25762,LOF,0.050197843837631345,0.3812679349963632,0.5685342211660054
25763,LOF,0.016414280691481563,0.2852073233645861,0.6983783959439324
25764,GOF,0.06113915124304789,0.6860158654882091,0.25284498326874294
25765,GOF,0.03875958532924271,0.7661059926797833,0.19513442199097394
25766,GOF,0.0929162274492281,0.7320840289703237,0.1749997435804481
25767,LOF,0.11937735373662037,0.4327536944325604,0.44786895183081915
25768,LOF,0.09498811408330791,0.04341161199481737,0.8616002739218747
25769,LOF,0.05572948777176769,0.0769123112004032,0.867358201027829
25770,LOF,0.39059193426897654,0.11904941657535896,0.49035864915566446
25771,LOF,0.06607114668909309,0.05830115682182806,0.8756276964890789
25772,LOF,0.018596423832731676,0.057980075515963514,0.9234235006513047
25773,LOF,0.0767445148484786,0.06022712880826643,0.8630283563432549
25774,LOF,0.028094545457475553,0.13339964644177732,0.8385058081007472
25775,LOF,0.07586542898122338,0.05772047413042256,0.866414096888354
25776,LOF,0.07296207000199663,0.03794367385660773,0.8890942561413956
25777,Neutral,0.5360480912937661,0.08021366898511939,0.38373823972111465
25778,LOF,0.06737683954209744,0.05275593942578014,0.8798672210321223
25779,GOF,0.4111802879833574,0.544526405851544,0.044293306165098766
25780,GOF,0.35791292370743666,0.5495149804804978,0.09257209581206544
25781,GOF,0.12719213935063634,0.7565819224706369,0.11622593817872673
25782,GOF,0.18200677629644438,0.7240623014639707,0.09393092223958499
25783,GOF,0.024396810144193974,0.714441638644662,0.26116155121114404
25784,Neutral,0.539875927242405,0.4109984310318454,0.04912564172574971
25785,Neutral,0.5032471375497781,0.43355859815452685,0.06319426429569504
25786,GOF,0.028744560382276643,0.7168111293607767,0.2544443102569466
25787,Neutral,0.6958118157240274,0.2664916464683155,0.03769653780765703
25788,LOF,0.06087584477270268,0.08741476522975845,0.8517093899975388
25789,GOF,0.22815387538391926,0.6544582862930475,0.11738783832303333
25790,GOF,0.2792546224822528,0.6008176354771975,0.11992774204054968
25791,GOF,0.1405417114022006,0.6534571038788077,0.20600118471899165
25792,GOF,0.34570881740371434,0.4953286024455565,0.1589625801507291
25793,GOF,0.23701014313748073,0.48951710368546303,0.27347275317705627
25794,GOF,0.30507520246373854,0.46320863653752253,0.23171616099873904
25795,GOF,0.061572285511886524,0.6592903404034972,0.2791373740846163
25796,Neutral,0.4971069513775504,0.4148659381168012,0.08802711050564828
25797,GOF,0.08041705068746807,0.5150008400809776,0.40458210923155435
25798,GOF,0.010692332435501507,0.551140759077886,0.4381669084866126
25799,LOF,0.009244669869768995,0.49352073363235394,0.4972345964978771
25800,GOF,0.042221755325360634,0.6580013176198123,0.29977692705482695
25801,GOF,0.2500807442282874,0.645333881124045,0.10458537464766748
25802,GOF,0.07689425528581297,0.6564333283970726,0.26667241631711447
25803,GOF,0.05448279885738781,0.5730308018473174,0.3724863992952949
25804,GOF,0.04299560943502777,0.4991416075110593,0.457862783053913
25805,GOF,0.11189473143945941,0.5539885421789171,0.33411672638162354
25806,GOF,0.14174022361220467,0.5799308720179418,0.27832890436985347
25807,GOF,0.020453980649092738,0.5998527206626264,0.3796932986882809
25808,GOF,0.12459646061276479,0.5433453302573502,0.33205820912988504
25809,GOF,0.02141178251593726,0.5689899685574267,0.4095982489266361
25810,GOF,0.021841744321719068,0.57585251449724,0.40230574118104095
25811,Neutral,0.5108959489003863,0.41821457837994214,0.07088947271967154
25812,GOF,0.03652244437401277,0.6218850561592417,0.34159249946674547
25813,Neutral,0.5468429574544574,0.3095927722144478,0.14356427033109484
25814,GOF,0.11620662026091724,0.622621571806238,0.2611718079328447
25815,GOF,0.2509735558599793,0.55560488897727,0.19342155516275078
25816,GOF,0.018541693986703647,0.6671387831467005,0.31431952286659587
25817,GOF,0.17498450392049314,0.6777005641115404,0.14731493196796638
25818,GOF,0.03522053749444243,0.6025791974827072,0.3622002650228504
25819,GOF,0.369878245028145,0.4639258247095574,0.16619593026229765
25820,GOF,0.19025369329344313,0.5976542572745798,0.21209204943197724
25821,GOF,0.061841584242238415,0.6802307705620259,0.25792764519573574
25822,GOF,0.23468213607798746,0.5294245762544658,0.23589328766754672
25823,GOF,0.039641251486502625,0.5299527519318669,0.4304059965816306
25824,GOF,0.08521246349085392,0.5169888370455125,0.39779869946363366
25825,GOF,0.03187320908843676,0.5346286211646583,0.4334981697469051
25826,GOF,0.010943297233232506,0.5247452774750513,0.4643114252917162
25827,GOF,0.02095940836315824,0.5434171150183209,0.4356234766185208
25828,LOF,0.01478753809946532,0.4628071564754594,0.5224053054250754
25829,GOF,0.008323299871752034,0.5703331281935633,0.42134357193468475
25830,LOF,0.04138017145551921,0.27722986497866386,0.6813899635658168
25831,GOF,0.14121761388059836,0.7262156726603384,0.13256671345906312
25832,GOF,0.03441253598892298,0.7111739785337666,0.2544134854773105
25833,GOF,0.11310967709924387,0.7041194049342593,0.18277091796649678
25834,GOF,0.04211829160585994,0.7130240282465627,0.2448576801475772
25835,GOF,0.10229357480823723,0.654855604262526,0.2428508209292368
25836,GOF,0.04991577425020734,0.7038496529704843,0.24623457277930838
25837,GOF,0.026911498378630848,0.5587210421392661,0.4143674594821029
25838,GOF,0.0938026369131201,0.7258419093611089,0.18035545372577097
25839,GOF,0.2980727388161516,0.5087136173967243,0.19321364378712413
25840,GOF,0.22428140482233389,0.5673415133308509,0.20837708184681517
25841,GOF,0.25217575033866524,0.5450612251410321,0.20276302452030276
25842,GOF,0.18297049720252917,0.6121358439937243,0.20489365880374646
25843,GOF,0.23695375586034972,0.6214523690217858,0.14159387511786453
25844,GOF,0.06512727669579894,0.6752472857003089,0.2596254376038922
25845,GOF,0.015687450283345023,0.5274327072222332,0.4568798424944218
25846,GOF,0.09821618654515604,0.7312938046149087,0.17049000883993526
25847,GOF,0.12993859872724134,0.694212001993232,0.1758493992795266
25848,GOF,0.04218138405726764,0.663033557091273,0.2947850588514594
25849,GOF,0.012654573028189642,0.5684218152536246,0.4189236117181857
25850,GOF,0.027191519571374705,0.6688969178416637,0.30391156258696156
25851,GOF,0.02255023018802588,0.5668615278025351,0.41058824200943905
25852,GOF,0.12747494182433697,0.5484174334026863,0.3241076247729767
25853,GOF,0.34531905040534944,0.5780446392520965,0.07663631034255416
25854,GOF,0.021238752884686605,0.7170158925286434,0.26174535458667
25855,GOF,0.04595515527228993,0.644247238104883,0.30979760662282696
25856,GOF,0.23964335824378077,0.5803500782641966,0.1800065634920226
25857,GOF,0.03982397232843558,0.5818894931651056,0.3782865345064587
25858,GOF,0.020826040223821993,0.6445162289230676,0.33465773085311035
25859,GOF,0.011118615305577464,0.6392562705502441,0.34962511414417835
25860,GOF,0.3214101661644987,0.5775835471772491,0.10100628665825226
25861,GOF,0.33713351092212823,0.5743270028521718,0.08853948622570004
25862,GOF,0.06394096952280348,0.7876810319668438,0.14837799851035274
25863,GOF,0.07293315309050595,0.7921875003600042,0.13487934654949005
25864,GOF,0.1555227323303082,0.753033296249093,0.09144397142059874
25865,GOF,0.06975837221635052,0.791565461478884,0.13867616630476548
25866,GOF,0.06125974143996285,0.8265803442482422,0.11215991431179488
25867,GOF,0.08212502008770747,0.8212607983991275,0.09661418151316505
25868,GOF,0.2163590837214334,0.6566370569821444,0.12700385929642216
25869,Neutral,0.6793919637661983,0.2721196238356199,0.04848841239818182
25870,LOF,0.2679839145929956,0.2614566733312618,0.4705594120757426
25871,GOF,0.20485700648884303,0.6368970805786595,0.15824591293249746
25872,GOF,0.08523552642162445,0.6245515494853626,0.29021292409301297
25873,GOF,0.15423271853162487,0.6094807749296325,0.23628650653874264
25874,LOF,0.023719464179061636,0.09641060748660345,0.879869928334335
25875,LOF,0.05763530145223408,0.14466067307070798,0.797704025477058
25876,LOF,0.023574327741753838,0.06911759384641311,0.907308078411833
25877,Neutral,0.4413180168535958,0.13729303080051958,0.42138895234588464
25878,LOF,0.16320272097349622,0.21129422806768983,0.625503050958814
25879,LOF,0.08533578537336783,0.2538826104651708,0.6607816041614614
25880,LOF,0.021590255451943666,0.03739024717697469,0.9410194973710816
25881,LOF,0.1721502687495052,0.2623837235955693,0.5654660076549255
25882,LOF,0.06432076586374184,0.031583401272641705,0.9040958328636165
25883,LOF,0.08686091058278331,0.05085009027993803,0.8622889991372786
25884,LOF,0.04172697609447539,0.0564068410451104,0.9018661828604142
25885,LOF,0.05342379028886027,0.032003199406521,0.9145730103046187
25886,LOF,0.3617729380745547,0.13137471679555146,0.5068523451298939
25887,LOF,0.16568523346546543,0.23476178609767062,0.5995529804368639
25888,LOF,0.07029187976619616,0.12293590663210731,0.8067722136016966
25889,LOF,0.036926096435037116,0.060440215977411116,0.9026336875875517
25890,LOF,0.060276625109156004,0.13009038648057436,0.8096329884102696
25891,LOF,0.06380489863413498,0.056366820172235675,0.8798282811936293
25892,LOF,0.09787349841795055,0.030499125969529216,0.8716273756125201
25893,LOF,0.3180279946108065,0.020202975541704738,0.6617690298474888
25894,LOF,0.19448490040518826,0.008666402019691325,0.7968486975751204
25895,LOF,0.24092448146793244,0.022425472123009972,0.7366500464090576
25896,LOF,0.04962123035104478,0.024759132255481278,0.9256196373934739
25897,LOF,0.2513184548931833,0.022381189396294125,0.7263003557105225
25898,Neutral,0.8012653572413087,0.015445695281789238,0.1832889474769022
25899,LOF,0.27054395890971183,0.062308879420959626,0.6671471616693285
25900,Neutral,0.6055038057736383,0.01584371934650021,0.3786524748798615
25901,LOF,0.05107466671924456,0.014753277007735594,0.9341720562730198
25902,LOF,0.16371888173860494,0.01660162692232071,0.8196794913390743
25903,Neutral,0.6395088641868428,0.04435212984417741,0.3161390059689798
25904,LOF,0.2774847065195422,0.049679741266367344,0.6728355522140905
25905,LOF,0.04026593820946752,0.3173947483251833,0.6423393134653493
25906,LOF,0.02634668349894349,0.05711259874477434,0.9165407177562821
25907,LOF,0.013950070344374501,0.34610289195906885,0.6399470376965567
25908,LOF,0.01457191422924322,0.22738766213031644,0.7580404236404404
25909,LOF,0.01754293341631049,0.10675741524983218,0.8756996513338574
25910,LOF,0.03089645182419413,0.3182866158434286,0.6508169323323773
25911,LOF,0.0813470542744206,0.06741641828066751,0.8512365274449119
25912,LOF,0.0405273919754835,0.10097901148482262,0.8584935965396939
25913,LOF,0.25917790874657537,0.04660913047312103,0.6942129607803035
25914,LOF,0.019211242204049322,0.1022030244231516,0.8785857333727991
25915,GOF,0.33108810325510496,0.35017329404557046,0.31873860269932464
25916,LOF,0.02352996582628539,0.4825493219700498,0.4939207122036648
25917,LOF,0.04524009746502822,0.0546543197122511,0.9001055828227208
25918,LOF,0.023708667005930453,0.06566788741166747,0.910623445582402
25919,LOF,0.021601838329954003,0.06921848484756607,0.90917967682248
25920,GOF,0.12659021532024742,0.5440690484658564,0.3293407362138963
25921,LOF,0.03546311879719584,0.02056603500608538,0.9439708461967188
25922,LOF,0.047969757579826126,0.01613456302976077,0.9358956793904131
25923,LOF,0.4010373620182313,0.019437865566288105,0.5795247724154806
25924,LOF,0.043881899266378886,0.023896134593605695,0.9322219661400154
25925,LOF,0.07004562841971451,0.028891594366148552,0.901062777214137
25926,LOF,0.048565698987117524,0.017467490843968793,0.9339668101689136
25927,LOF,0.08435966576894433,0.0420235337540424,0.8736168004770133
25928,LOF,0.026269491871318055,0.01645908787534375,0.9572714202533382
25929,Neutral,0.5378191158320594,0.022308657258490155,0.4398722269094503
25930,LOF,0.06306219136802815,0.014723305394155877,0.922214503237816
25931,LOF,0.03469275332774336,0.014290951784102644,0.9510162948881539
25932,LOF,0.029394800846660542,0.015266452877637888,0.9553387462757016
25933,LOF,0.0385344365014191,0.009785148526515325,0.9516804149720656
25934,LOF,0.027469661934161168,0.013649294929286158,0.9588810431365528
25935,LOF,0.07091227344232877,0.023768505748452386,0.9053192208092188
25936,LOF,0.045103139650076306,0.015636931033816946,0.9392599293161068
25937,LOF,0.03542082946960588,0.017238058416555596,0.9473411121138385
25938,LOF,0.06866684465168034,0.03037300494279346,0.9009601504055261
25939,LOF,0.041908219709708844,0.010097541202615827,0.9479942390876753
25940,GOF,0.02607198844552668,0.4890765163596555,0.48485149519481785
25941,LOF,0.14130504773502106,0.10406445138614387,0.7546305008788351
25942,LOF,0.013836785589695078,0.039621302638397096,0.9465419117719078
25943,LOF,0.32973464843355854,0.09761260234540013,0.5726527492210414
25944,Neutral,0.482448072182616,0.057442802921885056,0.460109124895499
25945,LOF,0.07795307212721217,0.03952762457585116,0.8825193032969366
25946,LOF,0.03975345820233108,0.1248429743216001,0.8354035674760688
25947,LOF,0.14680134184742033,0.210697869172806,0.6425007889797737
25948,LOF,0.44382080595178747,0.01761423038094396,0.5385649636672686
25949,LOF,0.11502724768937887,0.0668590356246435,0.8181137166859775
25950,GOF,0.1966955266724366,0.5056947881722051,0.29760968515535824
25951,LOF,0.23010339156469897,0.13665096885223382,0.6332456395830672
25952,LOF,0.05195845978289642,0.43575194265225675,0.5122895975648468
25953,LOF,0.1276637649242427,0.11504106690437652,0.7572951681713809
25954,LOF,0.3156240261269618,0.24853742675182525,0.435838547121213
25955,LOF,0.07129245961471292,0.10518483569931786,0.8235227046859693
25956,LOF,0.193279329189542,0.05661225647880655,0.7501084143316515
25957,LOF,0.050045574034906455,0.017853379763043308,0.9321010462020501
25958,LOF,0.06295717120684416,0.027665761845929424,0.9093770669472264
25959,LOF,0.09509231192478976,0.3714108985021356,0.5334967895730746
25960,LOF,0.02605024168642489,0.05845764600111157,0.9154921123124635
25961,LOF,0.049355706599629456,0.03970075741417414,0.9109435359861965
25962,LOF,0.056633310861854545,0.04265244807098987,0.9007142410671556
25963,LOF,0.06752199949616006,0.18247976635448465,0.7499982341493552
25964,LOF,0.031796141724140886,0.1588525572346689,0.8093513010411902
25965,Neutral,0.475804699977548,0.08345331502351196,0.4407419849989401
25966,LOF,0.35212217955459124,0.2650872627965894,0.38279055764881936
25967,LOF,0.017289332999047502,0.09502510479727276,0.8876855622036798
25968,LOF,0.05593881058685863,0.4461012467593237,0.49795994265381754
25969,LOF,0.028087772047072128,0.058405553710368534,0.9135066742425594
25970,LOF,0.059137727021768206,0.05513905164354604,0.8857232213346858
25971,LOF,0.07635120323506665,0.023175444852649555,0.9004733519122837
25972,LOF,0.07136786412727496,0.02562120365921897,0.9030109322135061
25973,LOF,0.07636025477200416,0.010183386212940867,0.9134563590150551
25974,LOF,0.3150172753121727,0.02905800631764963,0.6559247183701777
25975,LOF,0.05027028812785047,0.02868078706880236,0.9210489248033472
25976,LOF,0.038893531025097336,0.023585846668395086,0.9375206223065076
25977,LOF,0.13028191151079646,0.13242106705795642,0.7372970214312471
25978,LOF,0.15739487656955178,0.10427624650934868,0.7383288769210995
25979,LOF,0.14534434510884456,0.08468711678196922,0.7699685381091862
25980,LOF,0.16601148383928932,0.18688298962942654,0.6471055265312842
25981,LOF,0.20408345154755667,0.1784199613582959,0.6174965870941473
25982,LOF,0.3966052138188041,0.09292478729062942,0.5104699988905665
25983,LOF,0.38848346691631597,0.08497073694638371,0.5265457961373003
25984,LOF,0.044323763183370196,0.11662743632686261,0.839048800489767
25985,LOF,0.021990544215391594,0.3532101950451644,0.624799260739444
25986,LOF,0.02704473459929961,0.3167563055059004,0.6561989598947999
25987,LOF,0.0776328893553938,0.08771249955322785,0.8346546110913783
25988,LOF,0.10192547183749157,0.09176861449734097,0.8063059136651674
25989,LOF,0.023590177409266104,0.15038067265758626,0.8260291499331477
25990,LOF,0.03250079826060231,0.13594557963664508,0.8315536221027526
25991,LOF,0.20622339125113928,0.29062027951807945,0.5031563292307812
25992,LOF,0.3610297981288851,0.18527498648833307,0.45369521538278185
25993,LOF,0.029183402796275272,0.0667668292952279,0.9040497679084969
25994,LOF,0.018795218216059277,0.09419547588971099,0.8870093058942298
25995,LOF,0.03221629948658605,0.08769678386202963,0.8800869166513843
25996,GOF,0.29036157152681824,0.4367683454207655,0.2728700830524163
25997,LOF,0.11649405957383813,0.42755174456160006,0.45595419586456176
25998,Neutral,0.5841471468717236,0.037560250812914996,0.3782926023153613
25999,LOF,0.11785848775936157,0.11026278812603883,0.7718787241145997
26000,LOF,0.08908699740263938,0.029222652876929302,0.8816903497204314
26001,LOF,0.19332226902412897,0.042294139223521494,0.7643835917523496
26002,LOF,0.0883422506999317,0.037062175942346794,0.8745955733577214
26003,GOF,0.010658809739244747,0.6267053062901939,0.36263588397056135
26004,GOF,0.026268666775602374,0.6320623806688546,0.3416689525555431
26005,GOF,0.012918335882243288,0.49375805496724506,0.49332360915051165
26006,Neutral,0.5225977689651916,0.2581589707811,0.21924326025370838
26007,GOF,0.022087683186083007,0.5807551001719298,0.39715721664198717
26008,GOF,0.019040358663017926,0.5287224895471918,0.4522371517897903
26009,GOF,0.03690169776073935,0.6073680351693775,0.3557302670698831
26010,GOF,0.02374926569197054,0.6921414701226373,0.2841092641853923
26011,LOF,0.011004389772375838,0.48442599621944604,0.5045696140081781
26012,GOF,0.018827086996944326,0.5350159869683079,0.44615692603474777
26013,GOF,0.01532030373416998,0.6781361804253574,0.3065435158404727
26014,LOF,0.04383112852236864,0.170780985479333,0.7853878859982983
26015,LOF,0.21137070951450584,0.010274325913260357,0.7783549645722337
26016,LOF,0.2726281048711744,0.0515804466513048,0.6757914484775208
26017,LOF,0.17587120322535282,0.07847296804263376,0.7456558287320133
26018,LOF,0.09570810601542065,0.03703187682276764,0.8672600171618118
26019,LOF,0.09253230646698979,0.023105309236586342,0.8843623842964239
26020,LOF,0.06085182506888184,0.08821870455425054,0.8509294703768677
26021,LOF,0.055626480694562885,0.10219730310850335,0.8421762161969338
26022,LOF,0.011026984749389249,0.05334259371664375,0.9356304215339669
26023,LOF,0.1286529622997735,0.025029399827656257,0.8463176378725703
26024,LOF,0.030597712621034088,0.11093292558260837,0.8584693617963576
26025,LOF,0.1533633376344219,0.0559440682868456,0.7906925940787325
26026,LOF,0.3440680593664741,0.012199294873985552,0.6437326457595404
26027,LOF,0.0919551402836654,0.016877256377331968,0.8911676033390026
26028,LOF,0.2044849973081298,0.09230473830411705,0.7032102643877531
26029,LOF,0.10493529876816067,0.1376497285436263,0.757414972688213
26030,LOF,0.030735019026596394,0.03259075374368036,0.9366742272297233
26031,LOF,0.03597018019131192,0.10176211462296461,0.8622677051857235
26032,LOF,0.08655908324885077,0.023594155562724636,0.8898467611884247
26033,LOF,0.12745270264177835,0.025696780384028797,0.8468505169741928
26034,LOF,0.05875575121735665,0.10227234318501269,0.8389719055976307
26035,LOF,0.03871708708521278,0.08654981311773009,0.874733099797057
26036,LOF,0.05590359312059201,0.10415835044216427,0.8399380564372437
26037,LOF,0.03291512528517029,0.09031686210971797,0.8767680126051117
26038,LOF,0.08493488626244289,0.02323075434882658,0.8918343593887305
26039,LOF,0.07829230385138469,0.10257856692047869,0.8191291292281366
26040,LOF,0.23045786645145216,0.059816167187513994,0.7097259663610338
26041,LOF,0.03095072336257314,0.08730551746453495,0.8817437591728918
26042,LOF,0.030981886022897535,0.09059054206124946,0.8784275719158531
26043,LOF,0.08139634050831088,0.03345645143953605,0.8851472080521532
26044,LOF,0.032545425598427144,0.03917114266633625,0.9282834317352366
26045,LOF,0.0954771520321833,0.07023867425023014,0.8342841737175867
26046,LOF,0.08874695890627833,0.03576861074832066,0.8754844303454011
26047,LOF,0.1184850114885083,0.04472592095726113,0.8367890675542307
26048,LOF,0.04760556409057487,0.034754358656503295,0.9176400772529218
26049,Neutral,0.9453357303460391,0.0052463716869866235,0.04941789796697422
26050,Neutral,0.9190970414821175,0.005498558742905441,0.075404399774977
26051,GOF,0.030017415191908585,0.551219994237749,0.4187625905703423
26052,GOF,0.030622812059543064,0.653312921743862,0.3160642661965949
26053,LOF,0.05373107598193,0.34644303521779446,0.5998258888002757
26054,LOF,0.05130457358821884,0.07316487131784391,0.8755305550939373
26055,LOF,0.06730851565621658,0.06111919154789207,0.8715722927958913
26056,LOF,0.05712186243367736,0.07573368203641523,0.8671444555299075
26057,LOF,0.029115945224119297,0.026639848512823125,0.9442442062630576
26058,LOF,0.02847902886038325,0.02343076370370668,0.94809020743591
26059,LOF,0.30854447088454645,0.09004932676472986,0.6014062023507236
26060,LOF,0.03270820640226297,0.3286331773273598,0.6386586162703773
26061,LOF,0.017775133088244376,0.051214520735955255,0.9310103461758005
26062,LOF,0.014285772467666064,0.050273746740724,0.9354404807916099
26063,LOF,0.02398806269315947,0.027884689571626785,0.9481272477352138
26064,LOF,0.020808762489529526,0.034590015854631645,0.9446012216558387
26065,LOF,0.026426387779559548,0.029554606581378467,0.9440190056390619
26066,LOF,0.02081559038656146,0.033479901904538346,0.9457045077089001
26067,LOF,0.02351037089495019,0.023384127295253302,0.9531055018097966
26068,LOF,0.049817137146986996,0.06976928921727071,0.8804135736357422
26069,LOF,0.40820352757528583,0.05945287121264775,0.5323436012120664
26070,Neutral,0.6493544312923819,0.028079304633498326,0.32256626407411976
26071,LOF,0.02313290039337979,0.0333710648677556,0.9434960347388647
26072,LOF,0.024736568523094724,0.05846710238396806,0.9167963290929372
26073,LOF,0.02455378018742037,0.02865859541941531,0.9467876243931643
26074,Neutral,0.8800946890898292,0.012143983757845424,0.1077613271523253
26075,LOF,0.0399676783990356,0.04807924307913806,0.9119530785218264
26076,LOF,0.04130044086790173,0.02133110847745356,0.9373684506546448
26077,LOF,0.010384985204909407,0.0580276122511682,0.9315874025439225
26078,LOF,0.013950627819824575,0.040356425238840664,0.9456929469413348
26079,LOF,0.05156388085206706,0.04657412477515705,0.9018619943727758
26080,LOF,0.05156388085206706,0.04657412477515705,0.9018619943727758
26081,LOF,0.03260115687824056,0.01896134863555738,0.9484374944862021
26082,LOF,0.021026925544070058,0.04816477771721229,0.9308082967387176
26083,LOF,0.13708801333110843,0.031225102079380007,0.8316868845895116
26084,LOF,0.02631019306244156,0.03944355043585234,0.9342462565017061
26085,LOF,0.02226921286850693,0.034154067741375624,0.9435767193901173
26086,LOF,0.02230898901059427,0.03825858941451033,0.9394324215748954
26087,LOF,0.024739958609668652,0.027345128656443625,0.9479149127338877
26088,LOF,0.025899820836169533,0.060861593849927786,0.9132385853139027
26089,LOF,0.04208135635743505,0.060878667088332186,0.8970399765542327
26090,LOF,0.04026926380209678,0.0493421214493233,0.9103886147485798
26091,LOF,0.038628242045880626,0.018240337331542646,0.9431314206225767
26092,LOF,0.028603099781482674,0.02442098442571253,0.9469759157928047
26093,LOF,0.039152635218446925,0.015982088425973307,0.9448652763555798
26094,LOF,0.04145189821632038,0.016232435926156318,0.9423156658575232
26095,LOF,0.040322921915716625,0.04946857083738084,0.9102085072469026
26096,LOF,0.01680042704532641,0.039489823412052295,0.9437097495426213
26097,LOF,0.011501982946293671,0.12307170243583149,0.8654263146178749
26098,LOF,0.05530330633985904,0.052790657269700836,0.8919060363904401
26099,LOF,0.024101407061143134,0.04347845229008659,0.9324201406487703
26100,LOF,0.025295944600720488,0.03898727494897642,0.935716780450303
26101,LOF,0.05603404461226768,0.04259381786456861,0.9013721375231638
26102,LOF,0.025992757944486432,0.02840698858493068,0.9456002534705829
26103,Neutral,0.8714198187488007,0.05530963012938188,0.07327055112181746
26104,LOF,0.04914141206453216,0.08333847481403428,0.8675201131214335
26105,LOF,0.27098101309254813,0.2362282767294577,0.49279071017799425
26106,LOF,0.13932103971776144,0.1467775150271026,0.713901445255136
26107,LOF,0.23288169445812973,0.15384129880017167,0.6132770067416986
26108,LOF,0.17172376087150412,0.15943233452578429,0.6688439046027116
26109,LOF,0.05338296535928264,0.15227970953500103,0.7943373251057164
26110,LOF,0.304379832274784,0.01558559089795571,0.6800345768272603
26111,LOF,0.4465651743784263,0.02696615031568707,0.5264686753058867
26112,LOF,0.043498478486524834,0.02107200901095039,0.9354295125025248
26113,LOF,0.06025459008559699,0.043982223389620254,0.8957631865247827
26114,LOF,0.02047775800332895,0.027912767876996997,0.951609474119674
26115,LOF,0.08837043367923218,0.047679389010928774,0.863950177309839
26116,LOF,0.05076933417652313,0.05875976938516607,0.8904708964383108
26117,LOF,0.30857800659705914,0.10408971139989118,0.5873322820030497
26118,LOF,0.039289208188781594,0.0543224080161763,0.906388383795042
26119,LOF,0.022749256278212962,0.07381083777781187,0.903439905943975
26120,LOF,0.033034740478797335,0.04775265766191436,0.9192126018592883
26121,LOF,0.050143377128548466,0.11685942087542948,0.832997201996022
26122,LOF,0.06717061574569551,0.059667675898614665,0.87316170835569
