feature0,prediction,LoGoFunc_Neutral,LoGoFunc_GOF,LoGoFunc_LOF
25546,Neutral,0.5942345162414617,0.04933668705164109,0.3564287967068971
25547,Neutral,0.47673683722829946,0.0725232145837704,0.4507399481879301
25548,Neutral,0.49389750969292123,0.0651066136242172,0.44099587668286155
25549,LOF,0.4307656626874061,0.06375830625970434,0.5054760310528896
25550,LOF,0.3605880767446536,0.0717602978223161,0.5676516254330303
25551,LOF,0.30269428384512775,0.07510641772114733,0.6221992984337249
25552,LOF,0.2711048936126649,0.08031920494911512,0.64857590143822
25553,Neutral,0.7747954765175277,0.04162408083219724,0.18358044265027507
25554,LOF,0.2931123607370276,0.07489433458436416,0.6319933046786083
25555,LOF,0.2535201440610204,0.07815271600565855,0.668327139933321
25556,LOF,0.42467321998876917,0.06958557910828479,0.505741200902946
25557,LOF,0.2487005054995346,0.07619462950752309,0.6751048649929423
25558,LOF,0.29517441044620485,0.07202302433920915,0.6328025652145859
25559,LOF,0.22618274414796405,0.0284939519714085,0.7453233038806274
25560,LOF,0.10596481140555473,0.17253944538469926,0.721495743209746
25561,LOF,0.09159554567732985,0.2758682044450616,0.6325362498776087
25562,LOF,0.03350656290230488,0.10994716546981972,0.8565462716278754
25563,LOF,0.006772494916916852,0.1995147458425627,0.7937127592405205
25564,LOF,0.07160695702558145,0.1024178656448968,0.8259751773295219
25565,LOF,0.2058246267273603,0.15092493808290192,0.6432504351897378
25566,GOF,0.07820455180009518,0.8101645482113645,0.11163089998854028
25567,LOF,0.04877105624820506,0.1796406761849307,0.7715882675668644
25568,LOF,0.06517492125346884,0.11378226612843458,0.8210428126180966
25569,LOF,0.06578124548315227,0.11094214793553084,0.8232766065813168
25570,LOF,0.02658002451077,0.15651889836138447,0.8169010771278454
25571,LOF,0.02593654640701212,0.17007193908436233,0.8039915145086256
25572,LOF,0.05462736855944566,0.24364132642633665,0.7017313050142177
25573,LOF,0.07120001798724844,0.1487888987556385,0.780011083257113
25574,LOF,0.07650474071431675,0.28585861032046506,0.6376366489652182
25575,LOF,0.02515246555761626,0.17909177100242263,0.795755763439961
25576,LOF,0.02464839384274874,0.29069544309576495,0.6846561630614862
25577,LOF,0.027957939446108773,0.21067475899131008,0.7613673015625811
25578,LOF,0.3076870534226286,0.11315885284743807,0.5791540937299334
25579,LOF,0.21187629168361968,0.11414916196678253,0.6739745463495977
25580,LOF,0.024011039082094728,0.11212550237736747,0.8638634585405378
25581,LOF,0.046021811194505234,0.12606784843979515,0.8279103403656997
25582,LOF,0.045694076401182955,0.12201818687719296,0.832287736721624
25583,LOF,0.031445602763670276,0.12217662321612249,0.8463777740202073
25584,Neutral,0.6977389152679457,0.1424450319547433,0.15981605277731098
25585,LOF,0.024697029940295368,0.22880715997036427,0.7464958100893404
25586,LOF,0.022093581281529526,0.13141757801735582,0.8464888407011146
25587,LOF,0.021145740167205492,0.1286411971432446,0.8502130626895499
25588,LOF,0.026383035775932352,0.10597986022298418,0.8676371040010835
25589,Neutral,0.5337241374125794,0.2590870331782408,0.20718882940917974
25590,LOF,0.05545566401943256,0.1607548829169917,0.7837894530635756
25591,LOF,0.10489534676491094,0.10665325994802874,0.7884513932870603
25592,LOF,0.07608115275782648,0.21206384941532067,0.7118549978268529
25593,LOF,0.11069309609352003,0.3870022744463868,0.5023046294600932
25594,LOF,0.04562537055821006,0.03639988949474186,0.9179747399470481
25595,LOF,0.046338747974255995,0.01996717531089412,0.9336940767148498
25596,LOF,0.11748699801676867,0.01537013139659077,0.8671428705866405
25597,LOF,0.08720536439159714,0.01299820747821639,0.8997964281301865
25598,LOF,0.0481896535777735,0.023984896120185197,0.9278254503020413
25599,LOF,0.02937568034624962,0.4142665488502879,0.5563577708034625
25600,LOF,0.1888246080152168,0.35770773507400644,0.4534676569107766
25601,LOF,0.0480371019619995,0.2928954229419464,0.659067475096054
25602,LOF,0.027782393456125376,0.07450051592031394,0.8977170906235606
25603,LOF,0.047899206793973616,0.09048293127139216,0.8616178619346341
25604,LOF,0.05371123664108485,0.1403168656526381,0.8059718977062772
25605,LOF,0.046515283390574834,0.20801993403243768,0.7454647825769876
25606,Neutral,0.3846779929509089,0.29260322096744984,0.32271878608164134
25607,LOF,0.028137683712297263,0.2772684871393289,0.6945938291483739
25608,LOF,0.057566560488237425,0.07437769642637779,0.8680557430853848
25609,GOF,0.2715523834495498,0.43391305029497496,0.2945345662554753
25610,LOF,0.020831382959591735,0.09364413281947437,0.8855244842209339
25611,LOF,0.014800144844907841,0.10241151905071452,0.8827883361043777
25612,LOF,0.05315471136935046,0.12467058458884255,0.8221747040418069
25613,LOF,0.048148323178356246,0.11852207162951427,0.8333296051921296
25614,LOF,0.02407011010247611,0.08854503956170355,0.8873848503358203
25615,LOF,0.05333087915263553,0.08348537085528726,0.8631837499920773
25616,LOF,0.060975737689192025,0.09511459494167472,0.8439096673691332
25617,LOF,0.049544029783153726,0.10050421204493529,0.849951758171911
25618,LOF,0.05059947676823312,0.17613268997163725,0.7732678332601296
25619,LOF,0.014085782166024791,0.12442502087828912,0.861489196955686
25620,LOF,0.04709739529175828,0.10405291773861067,0.848849686969631
25621,LOF,0.07640308683605568,0.10155597853664215,0.8220409346273022
25622,LOF,0.08505142787394504,0.11950766592049934,0.7954409062055556
25623,LOF,0.06845023196656055,0.11622425948056254,0.8153255085528769
25624,LOF,0.02285051138065669,0.09454447168867444,0.8826050169306688
25625,LOF,0.07168743010452329,0.12092375697473387,0.8073888129207427
25626,LOF,0.05429792005610143,0.1078096700726124,0.8378924098712862
25627,Neutral,0.8827268655236055,0.025688433975135195,0.09158470050125943
25628,LOF,0.1818264844499621,0.07603651653194589,0.742136999018092
25629,LOF,0.06544507169673122,0.06767794296598127,0.8668769853372874
25630,LOF,0.3026075419815496,0.085418313265019,0.6119741447534314
25631,Neutral,0.510511925410517,0.05734188646862149,0.4321461881208616
25632,LOF,0.033714352795446094,0.13829602687052076,0.8279896203340331
25633,LOF,0.18184630579218894,0.07816273337086546,0.7399909608369456
25634,LOF,0.042073942594319146,0.12701518032064646,0.8309108770850344
25635,LOF,0.03528616604459226,0.06594011937827185,0.8987737145771358
25636,GOF,0.03233199059139304,0.5706127793450176,0.3970552300635894
25637,GOF,0.035753220799487964,0.6002341693071462,0.36401260989336587
25638,GOF,0.01773354343301509,0.4935523920738251,0.4887140644931598
25639,LOF,0.02671335337655414,0.4742158520436025,0.4990707945798432
25640,Neutral,0.7952950313274278,0.1541557174758192,0.05054925119675307
25641,LOF,0.12766011672308156,0.3100698103423163,0.5622700729346021
25642,LOF,0.11105134570778567,0.16303645107084647,0.725912203221368
25643,LOF,0.3473993578009445,0.09412496275851988,0.5584756794405356
25644,GOF,0.009706047965223147,0.6205774534891436,0.36971649854563327
25645,GOF,0.012414564867324266,0.5712732233490695,0.41631221178360617
25646,LOF,0.018014730989321232,0.3890975102732713,0.5928877587374075
25647,LOF,0.009180037513986754,0.3069109524274671,0.6839090100585462
25648,LOF,0.014273812155261722,0.36316093977127367,0.6225652480734646
25649,LOF,0.008607250060584484,0.2864889814623307,0.7049037684770847
25650,GOF,0.032927297751265426,0.5644444711633895,0.4026282310853451
25651,LOF,0.01099469682070747,0.3834298335181953,0.6055754696610973
25652,LOF,0.011190514930632951,0.38977542459147685,0.5990340604778903
25653,GOF,0.04117175092059117,0.5515948611659052,0.40723338791350355
25654,LOF,0.01115776545554663,0.3063425260750625,0.6824997084693908
25655,GOF,0.1253542189500407,0.6026895032761269,0.27195627777383236
25656,LOF,0.18983568108739937,0.06650912945267831,0.7436551894599223
25657,LOF,0.03105146261661209,0.07040661760167016,0.8985419197817177
25658,LOF,0.24429027317540636,0.07822465802314182,0.6774850688014519
25659,LOF,0.39561392732620443,0.09052010029320237,0.5138659723805932
25660,LOF,0.023356822284441258,0.09798833840430103,0.8786548393112578
25661,LOF,0.07251047354298949,0.0637264939988298,0.8637630324581808
25662,LOF,0.02973106274421201,0.04081236406928788,0.9294565731865001
25663,LOF,0.03313216338310022,0.03918602318224599,0.9276818134346538
25664,LOF,0.09587604019602097,0.06246183558366751,0.8416621242203115
25665,LOF,0.05427425240386251,0.03775739086683833,0.9079683567292992
25666,LOF,0.07242902120943062,0.05142017433949807,0.8761508044510714
25667,LOF,0.062086696479128144,0.04696429756261846,0.8909490059582533
25668,LOF,0.030937640562708958,0.05788091181087949,0.9111814476264115
25669,LOF,0.021513516670680216,0.05311443468882917,0.9253720486404905
25670,LOF,0.11959182341377213,0.048508498084020815,0.831899678502207
25671,LOF,0.08702482264627205,0.03935330880254791,0.87362186855118
25672,LOF,0.048116497575872864,0.058028172658007714,0.8938553297661194
25673,LOF,0.08137493607329702,0.04633488075503458,0.8722901831716685
25674,LOF,0.0750478852129286,0.0645876068046579,0.8603645079824135
25675,LOF,0.07571096294682353,0.06855580386445213,0.8557332331887243
25676,LOF,0.01642058072398703,0.06715027488844975,0.9164291443875633
25677,LOF,0.0164667730284173,0.08686507927893294,0.8966681476926497
25678,LOF,0.16107852513045853,0.09525618338035383,0.7436652914891876
25679,LOF,0.11141822318061913,0.1026942027557639,0.7858875740636169
25680,LOF,0.023967380342032402,0.12715036191973791,0.8488822577382297
25681,LOF,0.038737555751926174,0.11527486518340113,0.8459875790646727
25682,LOF,0.11504797917787715,0.06950222558243482,0.815449795239688
25683,LOF,0.09206712957032837,0.08448648368102639,0.8234463867486453
25684,LOF,0.027618694764057643,0.06427968100414855,0.9081016242317937
25685,LOF,0.135140675318281,0.09845685865722612,0.7664024660244929
25686,LOF,0.07594467545456976,0.15548483706211527,0.768570487483315
25687,LOF,0.13170748134144708,0.12032363196189343,0.7479688866966595
25688,LOF,0.4703579394562814,0.024857082124881268,0.5047849784188374
25689,LOF,0.2922223306286899,0.03846240986464793,0.6693152595066622
25690,LOF,0.37833087915763075,0.022952407559797692,0.5987167132825715
25691,Neutral,0.7404223950256039,0.021529257072981166,0.23804834790141488
25692,LOF,0.36202949060940753,0.01051135766323834,0.6274591517273541
25693,GOF,0.037437995799469596,0.5553261549728791,0.4072358492276513
25694,LOF,0.1196901390096726,0.01949438088216328,0.8608154801081641
25695,LOF,0.11552387002295367,0.0077991113730432,0.876677018604003
25696,LOF,0.10658518291197594,0.01351583196371849,0.8798989851243055
25697,LOF,0.04860571026359727,0.074933859056053,0.8764604306803496
25698,LOF,0.27794943511488696,0.2071268635948124,0.5149237012903006
25699,LOF,0.4006962234784709,0.03982202263812142,0.5594817538834076
25700,LOF,0.05839270601629465,0.010607593904279618,0.9309997000794257
25701,LOF,0.20032141648400068,0.03537624764940775,0.7643023358665916
25702,GOF,0.18957214807888514,0.6247540292052829,0.1856738227158319
25703,LOF,0.01815313575455162,0.17453902340665167,0.8073078408387967
25704,LOF,0.034796138779753814,0.12266150294523742,0.8425423582750088
25705,LOF,0.038500093350559345,0.08938545348757512,0.8721144531618655
25706,GOF,0.08212419101725929,0.4861666302474511,0.4317091787352896
25707,LOF,0.07761502051590177,0.42269500796073867,0.49968997152335964
25708,LOF,0.028777460602210973,0.4096627611552605,0.5615597782425286
25709,LOF,0.07153052999871373,0.04273076763134412,0.8857387023699422
25710,LOF,0.01699012885318621,0.1692021960252067,0.813807675121607
25711,LOF,0.01979691295791626,0.10120008076021607,0.8790030062818676
25712,LOF,0.01676036719788755,0.21951757754883988,0.7637220552532726
25713,LOF,0.01901731433859461,0.07623248492153473,0.9047502007398707
25714,LOF,0.07790281405431417,0.06363701157257987,0.8584601743731058
25715,LOF,0.011906695345632214,0.11346026744859583,0.8746330372057719
25716,LOF,0.011669977940045418,0.11504353220468078,0.8732864898552738
25717,LOF,0.0198117035434546,0.07514030869862728,0.9050479877579182
25718,LOF,0.011536387385532254,0.05494758625764824,0.9335160263568196
25719,LOF,0.02218122457871178,0.08311219383799989,0.8947065815832882
25720,LOF,0.02956559567470993,0.051744943901957614,0.9186894604233324
25721,LOF,0.011725824646800137,0.07725016006502637,0.9110240152881736
25722,LOF,0.013471652236271298,0.0665752137177656,0.9199531340459631
25723,LOF,0.024140776267819103,0.04721790447420952,0.9286413192579713
25724,LOF,0.032188036818588416,0.09096350824370754,0.876848454937704
25725,LOF,0.011221076598384548,0.07801580316762191,0.9107631202339936
25726,LOF,0.01686148671556808,0.09937527673705891,0.883763236547373
25727,LOF,0.013294842597999535,0.06710083009358929,0.9196043273084111
25728,LOF,0.010742670067361973,0.08455705975705052,0.9047002701755874
25729,LOF,0.010941044132584517,0.08520987728844236,0.9038490785789732
25730,LOF,0.014722119482775634,0.0854967570563456,0.8997811234608788
25731,LOF,0.017739538320129238,0.12409321081849131,0.8581672508613795
25732,LOF,0.014284774170569968,0.05144590903811134,0.9342693167913186
25733,LOF,0.014549309886431138,0.06378518116243599,0.921665508951133
25734,LOF,0.013091648085914008,0.1379417352891833,0.8489666166249028
25735,LOF,0.011356635209441343,0.0634297600495508,0.9252136047410079
25736,LOF,0.012582742869146228,0.06482018656427103,0.9225970705665828
25737,LOF,0.013178022119056762,0.11169796338781005,0.8751240144931332
25738,LOF,0.012644016859273537,0.11103101580570919,0.8763249673350172
25739,LOF,0.019700138763234315,0.09238981811893265,0.887910043117833
25740,LOF,0.03133468720441009,0.11625462436775642,0.8524106884278334
25741,LOF,0.015296297854923537,0.11673487939482684,0.8679688227502496
25742,LOF,0.11518307954208916,0.08253589570268433,0.8022810247552266
25743,LOF,0.04091829312036496,0.06728909240318862,0.8917926144764465
25744,Neutral,0.5880992345821168,0.27448130907942736,0.1374194563384558
25745,LOF,0.05902525257038677,0.10419042557687207,0.8367843218527411
25746,LOF,0.038068112947859604,0.1531419409367013,0.8087899461154391
25747,LOF,0.017759809452290963,0.13598849716398753,0.8462516933837215
25748,LOF,0.09319700319147783,0.21271593313002565,0.6940870636784965
25749,LOF,0.0221053407596359,0.13608370865825795,0.8418109505821062
25750,LOF,0.05552871777335454,0.1481987173684755,0.79627256485817
25751,LOF,0.11960080760289417,0.1705571372406074,0.7098420551564985
25752,GOF,0.10919090856713114,0.6698570870829146,0.2209520043499543
25753,LOF,0.033688431991573994,0.3896871450909626,0.5766244229174634
25754,GOF,0.018693248298368763,0.7888087597833984,0.19249799191823297
25755,LOF,0.030400191511835872,0.37419782421936765,0.5954019842687964
25756,LOF,0.05942613227146429,0.45026336894244484,0.4903104987860909
25757,GOF,0.01570398643289213,0.8682492260884949,0.11604678747861301
25758,GOF,0.02442313160440196,0.797693091249009,0.17788377714658915
25759,GOF,0.01191893886709883,0.6723802923223258,0.3157007688105755
25760,LOF,0.01738696005573569,0.4419325984656079,0.5406804414786563
25761,GOF,0.2729951921331893,0.6295609481312749,0.09744385973553565
25762,LOF,0.04641895554033044,0.40360665826729103,0.5499743861923786
25763,LOF,0.014303273318009712,0.3012959722734011,0.6844007544085892
25764,GOF,0.05686635737587091,0.733282982045652,0.20985066057847704
25765,GOF,0.03446128339343861,0.7994691894582039,0.16606952714835746
25766,GOF,0.07324187317726212,0.7528103750347058,0.17394775178803215
25767,LOF,0.1864913888199775,0.3461953531828448,0.4673132579971779
25768,LOF,0.12069216914492328,0.028047729955425177,0.8512601008996515
25769,LOF,0.05183432544047533,0.07872060902885104,0.8694450655306737
25770,Neutral,0.4463579616135055,0.12795197070357117,0.42569006768292345
25771,LOF,0.07273069396017265,0.05608759216966885,0.8711817138701584
25772,LOF,0.01886461908256516,0.05664720561240273,0.9244881753050321
25773,LOF,0.07376937270341948,0.059774572622832235,0.8664560546737483
25774,LOF,0.02744861843439966,0.14436615943841968,0.8281852221271807
25775,LOF,0.07625816782001736,0.05743429302843993,0.8663075391515427
25776,LOF,0.07146217296851977,0.03703369199461366,0.8915041350368667
25777,Neutral,0.5609198437788812,0.08583227520039777,0.35324788102072113
25778,LOF,0.06460290792263149,0.05403345445949091,0.8813636376178776
25779,GOF,0.41898522045337316,0.5379793213553504,0.043035458191276396
25780,GOF,0.3484821963320505,0.5668244698241135,0.084693333843836
25781,GOF,0.08643938197583095,0.7974593141897233,0.11610130383444575
25782,GOF,0.13767945770147652,0.7643577140070783,0.09796282829144509
25783,GOF,0.02017658960563146,0.6848338480595801,0.29498956233478835
25784,Neutral,0.5198630971697717,0.42870346283948346,0.051433439990744796
25785,Neutral,0.4853813353973895,0.45092951272635806,0.06368915187625239
25786,GOF,0.03058574896179406,0.7219431670573292,0.2474710839808767
25787,Neutral,0.6851839523480696,0.2782047999812546,0.036611247670675647
25788,LOF,0.05799837199451603,0.0916182729913113,0.8503833550141726
25789,GOF,0.18729748259247178,0.6671382293642022,0.14556428804332608
25790,GOF,0.22198916562062415,0.6487964672201362,0.12921436715923976
25791,GOF,0.09649966188594851,0.6640524231596067,0.2394479149544449
25792,GOF,0.2818986729134498,0.5263699741053995,0.19173135298115068
25793,GOF,0.23350993694914368,0.48349828456623306,0.28299177848462315
25794,GOF,0.28888906051789354,0.4627373124264989,0.24837362705560745
25795,GOF,0.05203908867666569,0.6575771372091392,0.2903837741141951
25796,Neutral,0.5051562619157982,0.40836603624175605,0.08647770184244567
25797,GOF,0.07001411674251204,0.5397782670038883,0.39020761625359973
25798,GOF,0.009597734997798747,0.5364746331675542,0.4539276318346472
25799,LOF,0.008037612515410839,0.48083859681888563,0.5111237906657036
25800,GOF,0.03198258758073822,0.6423239205478586,0.32569349187140334
25801,GOF,0.22380813477076747,0.665777864030135,0.11041400119909771
25802,GOF,0.06275215743957338,0.6411519188475937,0.2960959237128329
25803,GOF,0.04303184250124767,0.5594037465459722,0.3975644109527801
25804,GOF,0.03422130090910355,0.4911784337207603,0.4746002653701362
25805,GOF,0.07380462527537038,0.552559027024501,0.37363634770012866
25806,GOF,0.11381537716743624,0.5786972431124842,0.30748737972007956
25807,GOF,0.018895706051784436,0.590535741384105,0.3905685525641107
25808,GOF,0.08602025034935182,0.5657054103307072,0.34827433931994106
25809,GOF,0.019281897484953684,0.5770900362894265,0.4036280662256199
25810,GOF,0.020500639211698077,0.5676569451804143,0.41184241560788754
25811,Neutral,0.477570902858408,0.4528705244029121,0.06955857273867987
25812,GOF,0.03452658629936837,0.6159184818349296,0.3495549318657021
25813,Neutral,0.5550549039798548,0.3128948759486536,0.13205022007149153
25814,GOF,0.10506570238537864,0.6182862658569281,0.2766480317576933
25815,GOF,0.23717615793605737,0.5674738982711899,0.19534994379275275
25816,GOF,0.01811950039255387,0.6741071436464111,0.30777335596103506
25817,GOF,0.158358263371964,0.7017781731027195,0.1398635635253165
25818,GOF,0.031207540708876033,0.5847016853451311,0.38409077394599284
25819,GOF,0.3268928422669825,0.4921246120065666,0.18098254572645084
25820,GOF,0.15817030822530778,0.5920886621956009,0.24974102957909144
25821,GOF,0.055157120961540865,0.6448032745953829,0.30003960444307626
25822,GOF,0.22016864024103813,0.5366033080112151,0.24322805174774687
25823,GOF,0.03265320429837328,0.49521496236644347,0.4721318333351832
25824,GOF,0.07612043484291114,0.514667772438035,0.40921179271905384
25825,GOF,0.028833889998588547,0.5180472566175716,0.4531188533838399
25826,GOF,0.010874922632290656,0.5054343783640152,0.48369069900369427
25827,GOF,0.017705833029087174,0.5429383273337295,0.4393558396371833
25828,LOF,0.012606998172845822,0.4592332144878734,0.5281597873392808
25829,GOF,0.007520074430072634,0.5307752691019868,0.46170465646794046
25830,LOF,0.038962066607823906,0.27709309410610256,0.6839448392860735
25831,GOF,0.116330936630955,0.7226446087824621,0.16102445458658296
25832,GOF,0.03176023242476203,0.6849959257493438,0.2832438418258941
25833,GOF,0.10124518890211366,0.6779163295908525,0.2208384815070337
25834,GOF,0.03915992767269365,0.6704779481219606,0.29036212420534574
25835,GOF,0.08839096630609708,0.6300841559108393,0.28152487778306373
25836,GOF,0.04546545970732637,0.6713794756972837,0.2831550645953898
25837,GOF,0.022945326170496598,0.5152654406119378,0.4617892332175655
25838,GOF,0.0868402285697512,0.7074437779303997,0.20571599349984918
25839,GOF,0.2500722188101387,0.5343274171021484,0.2156003640877129
25840,GOF,0.21249456212280907,0.5795174870187616,0.2079879508584294
25841,GOF,0.2554028762824673,0.5511481292774199,0.193448994440113
25842,GOF,0.14180363074186586,0.6246641560380541,0.23353221322007983
25843,GOF,0.2070089206915363,0.6278687498891156,0.16512232941934804
25844,GOF,0.05486449004201956,0.6546155681335377,0.29051994182444274
25845,GOF,0.013991092809475657,0.509667314233593,0.4763415929569313
25846,GOF,0.07981714290704653,0.7270677630389469,0.19311509405400645
25847,GOF,0.09197219703092076,0.7038994847149015,0.20412831825417777
25848,GOF,0.03758074456469933,0.648518724944204,0.3139005304910967
25849,GOF,0.011654886054800152,0.5448179848131195,0.4435271291320803
25850,GOF,0.023879404630424827,0.6338803165199711,0.34224027884960406
25851,GOF,0.019534899782623964,0.5379196710648646,0.44254542915251144
25852,GOF,0.1219306991212178,0.5726379552878698,0.30543134559091234
25853,GOF,0.31027178413257,0.6044075379217205,0.08532067794570942
25854,GOF,0.01788914019545691,0.7129492032815805,0.26916165652296253
25855,GOF,0.042786594356432,0.6319339315233837,0.3252794741201843
25856,GOF,0.24526389038360275,0.5666942169977516,0.18804189261864565
25857,GOF,0.03751781689585545,0.5718954271031441,0.39058675600100035
25858,GOF,0.0177108144876821,0.6314161569210179,0.35087302859129993
25859,GOF,0.010320543601151241,0.6206865582836194,0.36899289811522934
25860,GOF,0.32403728675053134,0.5671408549589927,0.10882185829047601
25861,GOF,0.322136912255853,0.5911402772436611,0.08672281050048597
25862,GOF,0.057380787052318936,0.7925364990061744,0.1500827139415066
25863,GOF,0.06359411071391474,0.794999695334353,0.14140619395173223
25864,GOF,0.10905805379681312,0.7872072271565084,0.10373471904667837
25865,GOF,0.0598158806695029,0.787227984402483,0.15295613492801424
25866,GOF,0.050577581162589515,0.8252340811434951,0.12418833769391548
25867,GOF,0.0651999827153425,0.8226758671851054,0.1121241500995521
25868,GOF,0.21763517909017166,0.6518214621996828,0.1305433587101455
25869,Neutral,0.6585015597163157,0.29234455000790094,0.04915389027578337
25870,LOF,0.272428906174066,0.2633355627943436,0.46423553103159027
25871,GOF,0.1818125284313951,0.6566589240084761,0.1615285475601287
25872,GOF,0.07453026091030071,0.6139537335887773,0.311516005500922
25873,GOF,0.12333961463797913,0.6002752986834383,0.27638508667858264
25874,LOF,0.022900476527154205,0.10030174154888961,0.8767977819239561
25875,LOF,0.06723603989621674,0.09359369431060995,0.8391702657931733
25876,LOF,0.0249025967640458,0.07306647445166348,0.9020309287842908
25877,Neutral,0.4995218911459696,0.08475153118274162,0.4157265776712889
25878,LOF,0.20714149521796676,0.14943384638675347,0.6434246583952797
25879,LOF,0.11096734351738403,0.15791775361326893,0.7311149028693471
25880,LOF,0.021898245979231738,0.03501763611768798,0.9430841179030803
25881,LOF,0.18943233115639393,0.23040907791181545,0.5801585909317907
25882,LOF,0.06895680438306678,0.024846990299705014,0.9061962053172282
25883,LOF,0.08300825653770305,0.04928708600048861,0.8677046574618082
25884,LOF,0.04118833783872631,0.05927518701374735,0.8995364751475263
25885,LOF,0.05532521014912812,0.0332256460594811,0.9114491437913907
25886,LOF,0.3652142622394021,0.12101832385602794,0.5137674139045699
25887,LOF,0.1893120377851464,0.20064255455019003,0.6100454076646635
25888,LOF,0.07009224286380171,0.12279454603578682,0.8071132111004116
25889,LOF,0.03614552085085499,0.05601946623704768,0.9078350129120973
25890,LOF,0.05957754721934066,0.12272970716055517,0.8176927456201042
25891,LOF,0.06768062968453283,0.050093438396585914,0.8822259319188812
25892,LOF,0.09297343056980484,0.02594165723458859,0.8810849121956066
25893,LOF,0.31286144520533504,0.017292626749262307,0.6698459280454025
25894,LOF,0.16748508224271755,0.008369734209568078,0.8241451835477144
25895,LOF,0.22881641516253354,0.018591833987486168,0.7525917508499803
25896,LOF,0.04586113561927928,0.022812960534277022,0.9313259038464436
25897,LOF,0.2332684930053313,0.019027059168754745,0.7477044478259139
25898,Neutral,0.7824568598488066,0.012897173290165325,0.2046459668610281
25899,LOF,0.25099578704457615,0.04807301148915393,0.70093120146627
25900,Neutral,0.5829280458455629,0.016250011464488255,0.4008219426899489
25901,LOF,0.04920989232106733,0.012445624466958061,0.9383444832119747
25902,LOF,0.18008528045103236,0.01189482668522848,0.8080198928637391
25903,Neutral,0.6220511471358506,0.03295345459522939,0.3449953982689201
25904,LOF,0.24194039707700066,0.04310711031786839,0.7149524926051309
25905,LOF,0.03054858903326022,0.37578586953930776,0.593665541427432
25906,LOF,0.025187187832049908,0.07366175797130554,0.9011510541966445
25907,LOF,0.012010014674293027,0.4075365261710581,0.580453459154649
25908,LOF,0.012668119500437693,0.2747344702339136,0.7125974102656487
25909,LOF,0.015382240145101393,0.1428671554318794,0.8417506044230193
25910,LOF,0.02906217844569899,0.3130329943578956,0.6579048271964053
25911,LOF,0.07268302432572418,0.05687906585779257,0.8704379098164833
25912,LOF,0.039853887773100075,0.09915995894808409,0.8609861532788158
25913,LOF,0.2507857144561923,0.055827410857061104,0.6933868746867466
25914,LOF,0.027956439519503433,0.1155666143051547,0.8564769461753418
25915,Neutral,0.41568384512013373,0.17903827237153513,0.40527788250833113
25916,LOF,0.0482911320803144,0.299761289053895,0.6519475788657907
25917,LOF,0.05322337896993596,0.0573769379381863,0.8893996830918778
25918,LOF,0.03625550253875418,0.06318184535082275,0.9005626521104232
25919,LOF,0.031457126511886056,0.06648893510864119,0.9020539383794727
25920,GOF,0.1071679637991992,0.5341990542983571,0.3586329819024436
25921,LOF,0.03346993242584605,0.02814506926743172,0.9383849983067223
25922,LOF,0.046458832376389265,0.020860051231476287,0.9326811163921345
25923,LOF,0.4099833881871122,0.021461647362808055,0.5685549644500798
25924,LOF,0.03941544964450219,0.026039901518169845,0.934544648837328
25925,LOF,0.06852624315074428,0.03441667223327362,0.8970570846159821
25926,LOF,0.05129807276379849,0.021300058114794122,0.9274018691214074
25927,LOF,0.07346674807032966,0.05978396372201759,0.8667492882076528
25928,LOF,0.025313347360631146,0.021559620933296678,0.9531270317060722
25929,Neutral,0.5516490210179796,0.02508742857354877,0.4232635504084715
25930,LOF,0.07008861159340889,0.01667690408646684,0.9132344843201242
25931,LOF,0.03486371907542349,0.017286494301313696,0.9478497866232628
25932,LOF,0.028132402757654714,0.01668826857591303,0.9551793286664322
25933,LOF,0.039230522362294254,0.010813116100673413,0.9499563615370324
25934,LOF,0.026764220981469453,0.014732467379657492,0.958503311638873
25935,LOF,0.0711732050998566,0.029213435554862183,0.8996133593452812
25936,LOF,0.045127126197570026,0.016486977031886996,0.9383858967705431
25937,LOF,0.03445232913919371,0.021980822022024827,0.9435668488387814
25938,LOF,0.066881585584163,0.035167764560485905,0.8979506498553511
25939,LOF,0.04257488072199151,0.011149721833514686,0.9462753974444938
25940,LOF,0.022188338658914283,0.4648445325505697,0.5129671287905161
25941,LOF,0.14210881657011193,0.0988260120726548,0.7590651713572333
25942,LOF,0.01311104911625517,0.04042866575051707,0.9464602851332278
25943,LOF,0.30419193766589264,0.1052569953908347,0.5905510669432726
25944,LOF,0.4705580871265096,0.05768305493032055,0.4717588579431698
25945,LOF,0.07148601324335262,0.039062951281012094,0.8894510354756353
25946,LOF,0.03024289507741262,0.14648730982785185,0.8232697950947354
25947,LOF,0.12731978925752627,0.15237717227005873,0.720303038472415
25948,LOF,0.38909297215813243,0.016156668404290593,0.594750359437577
25949,LOF,0.12337345866057724,0.06455521421426379,0.8120713271251591
25950,GOF,0.18687480047398244,0.450202182587741,0.36292301693827667
25951,LOF,0.23411549892351535,0.15122134553037356,0.6146631555461112
25952,LOF,0.0565766148171633,0.3931520263547169,0.5502713588281198
25953,LOF,0.1418560307914692,0.10397762713386208,0.7541663420746687
25954,LOF,0.3353408282413039,0.22930108033172292,0.43535809142697324
25955,LOF,0.06680524520227879,0.08764704960810742,0.8455477051896136
25956,LOF,0.20990310117097902,0.05326736249798043,0.7368295363310405
25957,LOF,0.05267005847383724,0.0190094977714824,0.9283204437546804
25958,LOF,0.06058537566427013,0.026864325949584537,0.9125502983861454
25959,LOF,0.08054550306118356,0.34228026001446965,0.5771742369243469
25960,LOF,0.022415231599431915,0.05352912261012954,0.9240556457904386
25961,LOF,0.050517406535882596,0.0367719394734891,0.9127106539906283
25962,LOF,0.0754333336249304,0.04035727123354842,0.8842093951415212
25963,LOF,0.07565249215063274,0.1756019048835431,0.7487456029658243
25964,LOF,0.03418577698958188,0.1612948914308874,0.8045193315795307
25965,Neutral,0.4763344682945052,0.07243195378905813,0.4512335779164366
25966,LOF,0.3526769678485076,0.28367162157105025,0.36365141058044215
25967,LOF,0.017512390296825227,0.09377204573923478,0.88871556396394
25968,LOF,0.04318097882789008,0.41965830155586353,0.5371607196162465
25969,LOF,0.02789492394417135,0.06434889455328922,0.9077561815025396
25970,LOF,0.06823061521191158,0.05624614816809837,0.8755232366199901
25971,LOF,0.08361992088732155,0.0275013338477163,0.8888787452649622
25972,LOF,0.08128849712409177,0.028842499567713502,0.8898690033081947
25973,LOF,0.0900488292867111,0.010683848199703323,0.8992673225135855
25974,LOF,0.30036922037194613,0.02243701411250214,0.6771937655155517
25975,LOF,0.058086976269177505,0.03990646254076957,0.9020065611900528
25976,LOF,0.03792977662694487,0.026292891969292097,0.9357773314037631
25977,LOF,0.13314774406217586,0.1528563197587457,0.7139959361790784
25978,LOF,0.1292351831438225,0.10485555078525262,0.7659092660709248
25979,LOF,0.129610753947063,0.09627245278830798,0.774116793264629
25980,LOF,0.14384307478610486,0.17730984279957746,0.6788470824143177
25981,LOF,0.17552539882118942,0.16838529825852702,0.6560893029202836
25982,LOF,0.39182955363526756,0.09896679943334206,0.5092036469313904
25983,LOF,0.3767413996503951,0.0903579265298312,0.5329006738197738
25984,LOF,0.04650061214110692,0.098463655789961,0.855035732068932
25985,LOF,0.022317624314689765,0.3389428334286629,0.6387395422566473
25986,LOF,0.02583970308016753,0.31462985301281143,0.6595304439070211
25987,LOF,0.08162753293708386,0.08977464405852503,0.8285978230043912
25988,LOF,0.1073524019401859,0.08772723517112274,0.8049203628886913
25989,LOF,0.02551388569692526,0.15967779861026832,0.8148083156928064
25990,LOF,0.034622459188252866,0.14286019474606917,0.822517346065678
25991,LOF,0.15972026698568664,0.36677754302950655,0.47350218998480675
25992,LOF,0.336532357022843,0.2526363297958329,0.41083131318132404
25993,LOF,0.03031434056896983,0.07120462554729289,0.8984810338837373
25994,LOF,0.019384361596095946,0.10361589982643798,0.8769997385774659
25995,LOF,0.0335883904009036,0.11984340583247055,0.8465682037666258
25996,GOF,0.2075991070804721,0.5448974385631479,0.24750345435638
25997,GOF,0.07460059937351049,0.5169260817715698,0.4084733188549196
25998,Neutral,0.6332304534152137,0.038312742319702,0.32845680426508433
25999,LOF,0.14477760055254205,0.07871045928394109,0.7765119401635169
26000,LOF,0.0918070456671118,0.027925479662862157,0.880267474670026
26001,LOF,0.21546644281396202,0.03383763056091573,0.7506959266251223
26002,LOF,0.12044821851378178,0.030498609210886016,0.8490531722753322
26003,GOF,0.00966528641169005,0.6191832999018583,0.37115141368645166
26004,GOF,0.020915534153168696,0.6266147346629888,0.35246973118384256
26005,GOF,0.010387200801508602,0.5074823403961531,0.4821304588023383
26006,Neutral,0.5086677479550725,0.26672234465842865,0.22460990738649886
26007,GOF,0.018794444465734684,0.5906768700573906,0.39052868547687475
26008,GOF,0.017302244930697583,0.5313473956537962,0.4513503594155062
26009,GOF,0.029881853644750777,0.627897971424397,0.34222017493085216
26010,GOF,0.020697196717916727,0.6995703834069021,0.27973241987518116
26011,GOF,0.010116340999894157,0.5023855698561381,0.4874980891439677
26012,GOF,0.01779586035103715,0.5442442753243676,0.4379598643245952
26013,GOF,0.013242798912122938,0.6707907299372596,0.3159664711506175
26014,LOF,0.046322645909321905,0.17487538572893216,0.778801968361746
26015,LOF,0.15981525136761732,0.011410293668369459,0.8287744549640131
26016,LOF,0.2728735618769876,0.06638642628075633,0.6607400118422561
26017,LOF,0.17452797964497188,0.11672585437252263,0.7087461659825055
26018,LOF,0.09437634651126027,0.03933043343628906,0.8662932200524507
26019,LOF,0.09147189477676207,0.025491135640374342,0.8830369695828636
26020,LOF,0.06838281649350762,0.1187495378013567,0.8128676457051357
26021,LOF,0.059355696770998875,0.14800758040146675,0.7926367228275343
26022,LOF,0.010438115707150053,0.060851143919781706,0.9287107403730682
26023,LOF,0.11827803477828033,0.02676181632431745,0.8549601488974021
26024,LOF,0.030436392507187073,0.1433931501744695,0.8261704573183434
26025,LOF,0.1396031712368201,0.0844382368241037,0.7759585919390761
26026,LOF,0.2998214234860141,0.015436099947702198,0.6847424765662838
26027,LOF,0.0902130472097702,0.018452631376506365,0.8913343214137235
26028,LOF,0.18702574121131046,0.08368513184948152,0.729289126939208
26029,LOF,0.12270506015504684,0.1277077401556909,0.7495871996892622
26030,LOF,0.030518862936958352,0.043382663876809086,0.9260984731862325
26031,LOF,0.04323238284539803,0.10023210712778592,0.8565355100268159
26032,LOF,0.0884832805652503,0.03881470109824571,0.872702018336504
26033,LOF,0.1326373604056819,0.04132807255986219,0.826034567034456
26034,LOF,0.06898395611183557,0.101789412268397,0.8292266316197674
26035,LOF,0.04543137999054465,0.08486807356460598,0.8697005464448494
26036,LOF,0.06585178563513173,0.10124787890333306,0.8329003354615352
26037,LOF,0.03572090118118584,0.08085950353212774,0.8834195952866863
26038,LOF,0.08611388137635695,0.03806717899525466,0.8758189396283883
26039,LOF,0.09127213741750562,0.0929358310336525,0.815792031548842
26040,LOF,0.24982965328811324,0.07306149445434929,0.6771088522575374
26041,LOF,0.035285191766926044,0.07538168333641117,0.8893331248966629
26042,LOF,0.035168272877106076,0.08110288856442226,0.8837288385584717
26043,LOF,0.08221032817328447,0.04791432004559772,0.8698753517811177
26044,LOF,0.03510476110076208,0.04661972258587325,0.9182755163133647
26045,LOF,0.11351803874535517,0.06352805282762439,0.8229539084270204
26046,LOF,0.08818653643133041,0.04943611934691669,0.8623773442217528
26047,LOF,0.11596504022020161,0.05808543998434346,0.8259495197954548
26048,LOF,0.05270107827755781,0.04077012974968022,0.906528791972762
26049,Neutral,0.9479079115692663,0.006893783237032975,0.04519830519370075
26050,Neutral,0.9248399838437515,0.007241274021946315,0.0679187421343021
26051,LOF,0.05340626693280817,0.38274111553144397,0.5638526175357478
26052,LOF,0.07214130076202566,0.456348603095459,0.4715100961425154
26053,LOF,0.055240027620916,0.3901861381630951,0.5545738342159889
26054,LOF,0.0533815415865986,0.06604760260418195,0.8805708558092195
26055,LOF,0.070591363648808,0.0557381346776893,0.8736705016735027
26056,LOF,0.06099054874459501,0.06732790107808145,0.8716815501773235
26057,LOF,0.028195914543082685,0.026757995360618958,0.9450460900962985
26058,LOF,0.02787700551256032,0.0237286951121209,0.9483942993753188
26059,LOF,0.3384733287260586,0.07452781379950972,0.5869988574744316
26060,LOF,0.02533023423422417,0.3917447812098439,0.5829249845559319
26061,LOF,0.017138828725559895,0.04660028970564609,0.936260881568794
26062,LOF,0.013192377933152977,0.043287911693908984,0.9435197103729381
26063,LOF,0.023133446885700393,0.027205620850677327,0.9496609322636224
26064,LOF,0.02235341750147886,0.03107639955252836,0.9465701829459927
26065,LOF,0.025960855198066166,0.028403670004267134,0.9456354747976667
26066,LOF,0.02055000005656672,0.03043654179372612,0.9490134581497072
26067,LOF,0.02299665071391803,0.022835694326464116,0.9541676549596179
26068,LOF,0.05451636694101648,0.06422174074692619,0.8812618923120573
26069,LOF,0.42389923677634617,0.04955889457563442,0.5265418686480194
26070,Neutral,0.6256055758087,0.024319137696024208,0.3500752864952758
26071,LOF,0.022373032306194387,0.03228461921566485,0.9453423484781407
26072,LOF,0.02375411920186853,0.05178792038447846,0.924457960413653
26073,LOF,0.02395730434383952,0.025800064324325092,0.9502426313318354
26074,Neutral,0.885105750763851,0.010755023547051384,0.10413922568909752
26075,LOF,0.0422986571765096,0.040951068471826294,0.9167502743516641
26076,LOF,0.04150342883020689,0.020524063876960062,0.9379725072928331
26077,LOF,0.010310078807682846,0.049604995782377634,0.9400849254099396
26078,LOF,0.013586909102770422,0.032620258054786196,0.9537928328424434
26079,LOF,0.05300276765301074,0.04115043505139423,0.905846797295595
26080,LOF,0.05300276765301074,0.04115043505139423,0.905846797295595
26081,LOF,0.032472989685590405,0.017716979592752716,0.9498100307216568
26082,LOF,0.0194651396612084,0.04003076072828128,0.9405040996105102
26083,LOF,0.13903246086764137,0.029568869976337016,0.8313986691560216
26084,LOF,0.02687618193814757,0.033100880341229065,0.9400229377206233
26085,LOF,0.02207717502854941,0.030021066252272636,0.9479017587191779
26086,LOF,0.02231114577620507,0.032574430427811475,0.9451144237959835
26087,LOF,0.024782184978644435,0.026075473740451095,0.9491423412809045
26088,LOF,0.024341416014986378,0.05464709244751098,0.9210114915375026
26089,LOF,0.04632299027038596,0.05392451136390782,0.8997524983657063
26090,LOF,0.044166441045840915,0.043519959581267136,0.912313599372892
26091,LOF,0.038534403525232366,0.01740221592115949,0.9440633805536083
26092,LOF,0.02710940535226603,0.023169553984127834,0.9497210406636061
26093,LOF,0.038156501696329385,0.01584040001675108,0.9460030982869196
26094,LOF,0.04204294535341725,0.014236145917029238,0.9437209087295535
26095,LOF,0.03628134480841194,0.042085984612586044,0.9216326705790021
26096,LOF,0.017074757442111184,0.03429224781552408,0.9486329947423648
26097,LOF,0.011107345099326447,0.10693778919358816,0.8819548657070854
26098,LOF,0.05844797292024975,0.04493130264776989,0.8966207244319803
26099,LOF,0.02330539773024438,0.038008733272311745,0.9386858689974438
26100,LOF,0.02446509333535404,0.03441472129721688,0.9411201853674291
26101,LOF,0.056938401738587975,0.03494983230776777,0.9081117659536442
26102,LOF,0.02583160715223093,0.028989551389676033,0.945178841458093
26103,Neutral,0.875033458614247,0.047062279691704,0.07790426169404908
26104,LOF,0.05018106830774902,0.07697165722018857,0.8728472744720625
26105,LOF,0.2466735979003178,0.24237202579460645,0.5109543763050758
26106,LOF,0.15279144823127044,0.1443358754814335,0.7028726762872962
26107,LOF,0.2449247570910585,0.1573593164065958,0.5977159265023456
26108,LOF,0.19244817786964383,0.1769413349723556,0.6306104871580006
26109,LOF,0.04669344273961099,0.18727543677927994,0.766031120481109
26110,LOF,0.2677230366199807,0.018638549154631676,0.7136384142253875
26111,LOF,0.4624185166000052,0.03070373483143011,0.5068777485685647
26112,LOF,0.03909327380334615,0.020253130990656253,0.9406535952059976
26113,LOF,0.060545659335654235,0.045572322043925216,0.8938820186204205
26114,LOF,0.02077523679720852,0.021384388381744612,0.9578403748210469
26115,LOF,0.09953623109974516,0.03283501252178221,0.8676287563784726
26116,LOF,0.05802076342057793,0.0599456706474054,0.8820335659320165
26117,LOF,0.29852951448459036,0.08740880188334875,0.6140616836320608
26118,LOF,0.036425274159839344,0.04834888822137482,0.9152258376187857
26119,LOF,0.021078543672907863,0.07452430119822322,0.9043971551288689
26120,LOF,0.029058717492718815,0.0379443046243738,0.9329969778829074
26121,LOF,0.04751198757269426,0.10830013728086764,0.8441878751464381
26122,LOF,0.05680157313926263,0.05884290391863907,0.8843555229420982
26123,LOF,0.03075143438906456,0.12039965109588326,0.8488489145150522
