feature0,prediction,LoGoFunc_Neutral,LoGoFunc_GOF,LoGoFunc_LOF
25546,Neutral,0.6328118755959803,0.07142692965034889,0.29576119475367085
25547,Neutral,0.48607702831225,0.1267457488104365,0.38717722287731343
25548,Neutral,0.47929580281463235,0.10445280494246742,0.41625139224290036
25549,LOF,0.4203232344567097,0.10454555755266856,0.4751312079906217
25550,LOF,0.344799616161085,0.14427564799111425,0.5109247358478007
25551,LOF,0.29180360608934863,0.16021151819371784,0.5479848757169336
25552,LOF,0.25802052437021006,0.1647599937013663,0.5772194819284236
25553,Neutral,0.7867390407120562,0.05553187396193988,0.1577290853260039
25554,LOF,0.2992494336022247,0.15462546370081573,0.5461251026969595
25555,LOF,0.25729762891505686,0.14620164683372752,0.5965007242512156
25556,Neutral,0.4427337620593403,0.12284900730374834,0.4344172306369114
25557,LOF,0.2494793091508317,0.14923884526728645,0.6012818455818818
25558,LOF,0.30247270004829574,0.1441347605337135,0.5533925394179907
25559,LOF,0.2577394004106389,0.10668996287869413,0.6355706367106669
25560,LOF,0.11464448949014609,0.13330701830363095,0.7520484922062229
25561,LOF,0.1222268312819635,0.18176143707432352,0.696011731643713
25562,LOF,0.049528603063804244,0.08858209568141226,0.8618893012547835
25563,LOF,0.01483312169085458,0.1534386951456645,0.831728183163481
25564,LOF,0.10850052486366965,0.10393813652337294,0.7875613386129573
25565,LOF,0.1797979382231579,0.14473432259972865,0.6754677391771134
25566,GOF,0.05871504303885027,0.6572816099086387,0.284003347052511
25567,LOF,0.037200165917758876,0.18119860678446437,0.7816012272977767
25568,LOF,0.06046627160751963,0.10290841026690098,0.8366253181255794
25569,LOF,0.06561611943821877,0.09320584972268926,0.841178030839092
25570,LOF,0.02786258691153932,0.12806197512653641,0.8440754379619243
25571,LOF,0.025408001491241256,0.13351587837949114,0.8410761201292677
25572,LOF,0.06635953960758331,0.15681163226247471,0.776828828129942
25573,LOF,0.06341102230139657,0.12483307037739902,0.8117559073212043
25574,LOF,0.06202060388183496,0.24904127362630896,0.688938122491856
25575,LOF,0.02320752157944015,0.14052209632280832,0.8362703820977515
25576,LOF,0.02797557455910525,0.1916014501825009,0.7804229752583938
25577,LOF,0.03429080373407697,0.15662400007091484,0.8090851961950082
25578,LOF,0.2879122943786152,0.12560896324818718,0.5864787423731976
25579,LOF,0.19090055272386522,0.12086981503141911,0.6882296322447158
25580,LOF,0.021486562225955914,0.0958722784425909,0.8826411593314532
25581,LOF,0.04897289043498116,0.0995120470541153,0.8515150625109035
25582,LOF,0.048778821954772913,0.09630402950243652,0.8549171485427907
25583,LOF,0.02456532724951845,0.11730291259680699,0.8581317601536746
25584,Neutral,0.7089757093906922,0.15945230648739378,0.13157198412191415
25585,LOF,0.02162610066385092,0.19242740642137574,0.7859464929147734
25586,LOF,0.01728124184261825,0.11003938710187215,0.8726793710555096
25587,LOF,0.017637279650136065,0.09153192070179511,0.8908307996480688
25588,LOF,0.02062614300792039,0.09460912849837726,0.8847647284937024
25589,Neutral,0.5137839792418912,0.27779886445245433,0.20841715630565444
25590,LOF,0.04455539947471286,0.1588709106041855,0.7965736899211016
25591,LOF,0.078733925208335,0.08309266172807157,0.8381734130635934
25592,LOF,0.05441332149356684,0.17746690900971565,0.7681197694967176
25593,LOF,0.10431377166704908,0.2908598312411698,0.6048263970917812
25594,LOF,0.05716946697500076,0.06568690858974674,0.8771436244352525
25595,LOF,0.056315607186797415,0.040125222507692175,0.9035591703055104
25596,LOF,0.1246656541966842,0.02423132924130579,0.85110301656201
25597,LOF,0.08609347785345865,0.029885155151049378,0.8840213669954919
25598,LOF,0.05275337024373583,0.04562111296660089,0.9016255167896633
25599,LOF,0.026280658411010425,0.3686253774086984,0.6050939641802912
25600,LOF,0.1900243296791663,0.39070309764976646,0.4192725726710672
25601,LOF,0.04368209356594854,0.30293013920761397,0.6533877672264375
25602,LOF,0.02919950838160662,0.07142677754210228,0.8993737140762911
25603,LOF,0.03747227536937474,0.05752586976489637,0.9050018548657289
25604,LOF,0.03679879466305497,0.09412871358688925,0.8690724917500559
25605,LOF,0.030693098893046892,0.19927079367396638,0.7700361074329867
25606,LOF,0.41806265303548057,0.14403897207419616,0.4378983748903232
25607,LOF,0.026311130503264755,0.21129548189675237,0.7623933875999829
25608,LOF,0.036963712201346435,0.11690129554082798,0.8461349922578256
25609,GOF,0.1356800431513234,0.47362078140752245,0.3906991754411542
25610,LOF,0.015040796618934125,0.045615114321362484,0.9393440890597035
25611,LOF,0.012380687323610381,0.054044538880184324,0.9335747737962053
25612,LOF,0.04701762206254496,0.05473643453874339,0.8982459433987117
25613,LOF,0.044943396542376265,0.05681340315703011,0.8982432003005936
25614,LOF,0.02231688738771252,0.041444547400879994,0.9362385652114074
25615,LOF,0.0465920762279185,0.05711689836133048,0.8962910254107511
25616,LOF,0.04994715751647508,0.04657198247271338,0.9034808600108116
25617,LOF,0.038087623924412756,0.052676909027641335,0.909235467047946
25618,LOF,0.05056214211613499,0.07162858401423482,0.8778092738696301
25619,LOF,0.012018034905243493,0.05249163650865488,0.9354903285861016
25620,LOF,0.050761753915975594,0.05709523953723905,0.8921430065467855
25621,LOF,0.06517603030621949,0.05128717506119392,0.8835367946325866
25622,LOF,0.06786002680239953,0.05619915524174529,0.8759408179558552
25623,LOF,0.06264535981768352,0.040395192572087534,0.896959447610229
25624,LOF,0.019314976772048315,0.0475225091784118,0.93316251404954
25625,LOF,0.06282744047968795,0.05405687457990208,0.88311568494041
25626,LOF,0.0493501543615349,0.05232843607658538,0.8983214095618798
25627,Neutral,0.8873051921826952,0.019294970127568624,0.09339983768973607
25628,LOF,0.15146432063357132,0.047896937886841594,0.800638741479587
25629,LOF,0.07271277884347838,0.04049025212370679,0.8867969690328149
25630,LOF,0.2961284787836089,0.05628784984663041,0.6475836713697607
25631,Neutral,0.5522089999923082,0.05147638991328118,0.39631461009441055
25632,LOF,0.030637511120130658,0.07035754145154854,0.8990049474283207
25633,LOF,0.20231782716123606,0.0457147586135196,0.7519674142252443
25634,LOF,0.03993247833692891,0.09121948018219758,0.8688480414808735
25635,LOF,0.03541957784648269,0.041978271911504446,0.9226021502420129
25636,GOF,0.04259897047548962,0.4903281974425926,0.4670728320819178
25637,GOF,0.05885684416005798,0.4847779374233614,0.4563652184165807
25638,LOF,0.03914592774422571,0.430639980097613,0.5302140921581614
25639,LOF,0.03335475446653468,0.42468330554593836,0.541961939987527
25640,Neutral,0.8600994442039603,0.08329453987490854,0.05660601592113125
25641,LOF,0.10035671076360488,0.3629163394338839,0.5367269498025112
25642,LOF,0.06640995266195408,0.14713048753279742,0.7864595598052485
25643,LOF,0.22443795899491087,0.11920931891240252,0.6563527220926866
25644,GOF,0.010336830219338606,0.6068733320282828,0.3827898377523787
25645,GOF,0.013418456136988988,0.5639806527523249,0.42260089111068616
25646,LOF,0.03728080596354972,0.39650469110320985,0.5662145029332405
25647,LOF,0.013989333230075668,0.3232877556585517,0.6627229111113726
25648,LOF,0.014943464631961563,0.3904082015354681,0.5946483338325703
25649,LOF,0.009233776027842524,0.301821743013197,0.6889444809589604
25650,GOF,0.024028638183210865,0.5576487849750673,0.4183225768417218
25651,LOF,0.008961104113326512,0.40236933024518545,0.5886695656414881
25652,LOF,0.01582270469927681,0.40261679462506633,0.5815605006756568
25653,GOF,0.04122658762953835,0.5633687509298845,0.3954046614405773
25654,LOF,0.011029700981011989,0.2702529056471777,0.7187173933718104
25655,GOF,0.1174269511416125,0.5799313404744646,0.30264170838392285
25656,LOF,0.3199076515392958,0.13325291786916754,0.5468394305915366
25657,LOF,0.04924389164701205,0.11680391707467162,0.8339521912783164
25658,LOF,0.32339609749593745,0.15057620190524906,0.5260277005988134
25659,Neutral,0.45599153839915774,0.16298957092372193,0.38101889067712025
25660,LOF,0.024416191712725386,0.11289812663809437,0.8626856816491802
25661,LOF,0.08931381596431785,0.07081164691455404,0.8398745371211281
25662,LOF,0.03587791203103498,0.03347073584382917,0.9306513521251358
25663,LOF,0.041453064323866876,0.04186645019882673,0.9166804854773064
25664,LOF,0.13198772025079078,0.07454724736374331,0.793465032385466
25665,LOF,0.06266142713795173,0.02900357294262478,0.9083349999194235
25666,LOF,0.096172739324962,0.0737428319202162,0.8300844287548217
25667,LOF,0.0805514846864261,0.0523418881086347,0.8671066272049393
25668,LOF,0.03846511488103389,0.06088647681636129,0.9006484083026048
25669,LOF,0.030007031741265535,0.05892903592106232,0.9110639323376721
25670,LOF,0.1341650687445963,0.06396013112901344,0.8018748001263902
25671,LOF,0.11215328927683861,0.03982561609922873,0.8480210946239327
25672,LOF,0.05211711744941385,0.04487966552775862,0.9030032170228276
25673,LOF,0.09356271888811075,0.04854153806990197,0.8578957430419873
25674,LOF,0.08128609744043291,0.06172084019827084,0.8569930623612962
25675,LOF,0.10795532010936842,0.08091655021092109,0.8111281296797105
25676,LOF,0.019145531087981348,0.05729106763688722,0.9235634012751315
25677,LOF,0.023077659521323755,0.07361022613028032,0.903312114348396
25678,LOF,0.17442391667809712,0.08800565051470657,0.7375704328071963
25679,LOF,0.12779094713661412,0.08763508613094327,0.7845739667324426
25680,LOF,0.032158354429379504,0.12267987448815271,0.8451617710824677
25681,LOF,0.049265832124997105,0.11848775081435364,0.8322464170606493
25682,LOF,0.13408912866546102,0.08795843078593628,0.7779524405486026
25683,LOF,0.115290951727601,0.10079068871772232,0.7839183595546766
25684,LOF,0.03868497274209945,0.07167564074469576,0.8896393865132048
25685,LOF,0.13374342804661501,0.07031571334840038,0.7959408586049845
25686,LOF,0.07887883728370111,0.1228186891957434,0.7983024735205555
25687,LOF,0.12290405167345382,0.12135800447255757,0.7557379438539886
25688,LOF,0.39861522112900905,0.04079078901007901,0.560593989860912
25689,LOF,0.2904964021053772,0.04440963156691936,0.6650939663277035
25690,LOF,0.3263772775071474,0.0281846653257934,0.6454380571670592
25691,Neutral,0.6978110280784123,0.02475581606956513,0.27743315585202266
25692,LOF,0.3174071278728105,0.010833222891263514,0.671759649235926
25693,LOF,0.042586662416365745,0.4040881212037643,0.55332521637987
25694,LOF,0.12084388213340551,0.025368610494076023,0.8537875073725184
25695,LOF,0.11674735414690394,0.019145162894651336,0.8641074829584446
25696,LOF,0.11553441999396752,0.018738556059480976,0.8657270239465515
25697,LOF,0.09202875891846592,0.0768500584344554,0.8311211826470787
25698,LOF,0.3270021823864031,0.1888049786676728,0.4841928389459242
25699,LOF,0.4711553201566585,0.03154568820108364,0.4972989916422579
25700,LOF,0.09528699722808402,0.010170376099361696,0.8945426266725542
25701,LOF,0.1902263785237033,0.04252742187790391,0.7672461995983928
25702,GOF,0.18522124552265598,0.6009802842601859,0.21379847021715812
25703,LOF,0.01704978167358884,0.14292586064990692,0.8400243576765043
25704,LOF,0.038795202744345336,0.13675784704436644,0.8244469502112882
25705,LOF,0.04027829616140897,0.09149803493249441,0.8682236689060966
25706,LOF,0.13380200772714018,0.3330854132891427,0.5331125789837171
25707,LOF,0.09349507806196922,0.25955541339455135,0.6469495085434794
25708,LOF,0.04391452910566216,0.2353509791212907,0.7207344917730473
25709,LOF,0.06723044261872183,0.03126957776357612,0.9014999796177021
25710,LOF,0.014060981567239665,0.09992935135265807,0.8860096670801022
25711,LOF,0.02081397443158928,0.06281856543055729,0.9163674601378534
25712,LOF,0.01770415740113932,0.13626361657533906,0.8460322260235216
25713,LOF,0.019078198891554474,0.06868365755465572,0.9122381435537898
25714,LOF,0.08067734431677812,0.05017715932661679,0.8691454963566051
25715,LOF,0.012362519937755771,0.09327641702459939,0.8943610630376448
25716,LOF,0.012536494825681992,0.08127455503150309,0.906188950142815
25717,LOF,0.016371293414288716,0.06451117091644443,0.9191175356692668
25718,LOF,0.012057427745842354,0.060026168608409654,0.927916403645748
25719,LOF,0.023108994395022887,0.0543031536271437,0.9225878519778336
25720,LOF,0.025809290195578514,0.046649902356057246,0.9275408074483642
25721,LOF,0.014257182938465715,0.08254485837805144,0.9031979586834828
25722,LOF,0.014841720768129603,0.0746737961750331,0.9104844830568374
25723,LOF,0.026176888221152154,0.03283673189405591,0.9409863798847921
25724,LOF,0.03385882375488281,0.05461032829927882,0.9115308479458385
25725,LOF,0.012648663164308398,0.052033134190676046,0.9353182026450156
25726,LOF,0.016317686835477723,0.07447444824120368,0.9092078649233186
25727,LOF,0.013029291655952704,0.05540096597254585,0.9315697423715016
25728,LOF,0.01077814609330801,0.07086498583131141,0.9183568680753805
25729,LOF,0.01095906545331271,0.06996453160060372,0.9190764029460836
25730,LOF,0.014547653251850961,0.07196332204873722,0.9134890246994117
25731,LOF,0.023353225056031386,0.07066780727569871,0.90597896766827
25732,LOF,0.014294622576504984,0.04726711424362031,0.9384382631798747
25733,LOF,0.017942792796580582,0.048460506926614785,0.9335967002768046
25734,LOF,0.01279775111898544,0.08820011610558552,0.8990021327754291
25735,LOF,0.012107682351091099,0.06116037602412677,0.926731941624782
25736,LOF,0.013139244135622279,0.0773291920567759,0.9095315638076018
25737,LOF,0.012522912348245327,0.06181860293925544,0.9256584847124992
25738,LOF,0.01218216066223959,0.06925101055734777,0.9185668287804125
25739,LOF,0.02210793439048799,0.054372600358258895,0.9235194652512531
25740,LOF,0.028807024374372606,0.08259592055076567,0.8885970550748618
25741,LOF,0.016265511817776624,0.07655057554414796,0.9071839126380754
25742,LOF,0.12358283287460228,0.05372136031643253,0.8226958068089651
25743,LOF,0.039575336582420836,0.059548547139492126,0.9008761162780871
25744,Neutral,0.586609885336598,0.2556145696338886,0.15777554502951338
25745,LOF,0.06604814139776541,0.0928077073571096,0.841144151245125
25746,LOF,0.04331285259569154,0.11566737848679055,0.8410197689175178
25747,LOF,0.022244461434405626,0.09646831681659265,0.8812872217490016
25748,LOF,0.13034973554025278,0.1548433224978215,0.7148069419619256
25749,LOF,0.027816783787235472,0.11304531967374822,0.8591378965390164
25750,LOF,0.06912951851151354,0.12940684010119563,0.8014636413872908
25751,LOF,0.08706529431511259,0.16106334168702788,0.7518713639978596
25752,GOF,0.10352815522005342,0.6719332012160643,0.22453864356388226
25753,LOF,0.023780185342500624,0.3202472629047427,0.6559725517527566
25754,GOF,0.01471232171985706,0.8069292402574357,0.17835843802270726
25755,LOF,0.027830763505278824,0.3754263455001457,0.5967428909945754
25756,LOF,0.049880878639407884,0.3490578183026686,0.6010613030579236
25757,GOF,0.02309421280543028,0.8710339649101966,0.10587182228437324
25758,GOF,0.031072311729319492,0.820533229527382,0.1483944587432986
25759,GOF,0.01164898702466902,0.6360301534901608,0.3523208594851702
25760,LOF,0.015516556512757903,0.3144163412235143,0.6700671022637278
25761,GOF,0.26692647204481434,0.6516277904170588,0.08144573753812684
25762,LOF,0.04257123334878789,0.28777425584159333,0.6696545108096188
25763,LOF,0.015495861958444926,0.22339407453157076,0.7611100635099843
25764,GOF,0.06424778660200715,0.6957691780906348,0.239983035307358
25765,GOF,0.03246613820724883,0.7725541269264382,0.19497973486631281
25766,GOF,0.0639933698540123,0.8008962219967153,0.13511040814927247
25767,GOF,0.14514440917320845,0.5627795672350755,0.292076023591716
25768,LOF,0.1074592494846284,0.06363596437841797,0.8289047861369536
25769,LOF,0.05129849502061045,0.07552598436389742,0.8731755206154921
25770,LOF,0.30561761740604615,0.11293568383821743,0.5814466987557364
25771,LOF,0.04911592876192564,0.06285800160759789,0.8880260696304765
25772,LOF,0.019178161744512236,0.0537815790957725,0.9270402591597152
25773,LOF,0.048441160121919395,0.09958208753196135,0.8519767523461192
25774,LOF,0.02772146406645661,0.10561525613861339,0.8666632797949301
25775,LOF,0.05700148708517447,0.06377539357336447,0.8792231193414609
25776,LOF,0.07010771198492612,0.03085294584456698,0.899039342170507
25777,LOF,0.3423128044517841,0.09201208983018994,0.5656751057180259
25778,LOF,0.06912023618452627,0.05262641541795539,0.8782533483975183
25779,GOF,0.41227670559242835,0.5294531410693744,0.058270153338197274
25780,GOF,0.36006427627390303,0.5664087427744482,0.07352698095164867
25781,GOF,0.13113197122617018,0.7501961299969221,0.11867189877690762
25782,GOF,0.2000198473270835,0.7055989083338017,0.09438124433911486
25783,GOF,0.023597641446244894,0.6267306228134655,0.3496717357402897
25784,Neutral,0.5339079995923449,0.4245819952917288,0.04151000511592618
25785,Neutral,0.5032494988931919,0.44616325997095724,0.05058724113585094
25786,GOF,0.028827088135535674,0.7309952326467422,0.24017767921772226
25787,Neutral,0.6885080674213855,0.2827898084146975,0.028702124163917
25788,LOF,0.05315075926824807,0.08522370934234624,0.8616255313894056
25789,GOF,0.20086082395501642,0.6247567511759586,0.17438242486902486
25790,GOF,0.2512697902417704,0.6465768998082249,0.10215330995000474
25791,GOF,0.14025318813510174,0.6704557519805506,0.18929105988434763
25792,GOF,0.3615134623374805,0.5004950855628777,0.13799145209964195
25793,GOF,0.2699187122469673,0.49584056691698675,0.23424072083604597
25794,GOF,0.32199757116711347,0.4689179038483389,0.20908452498454763
25795,GOF,0.06761872565388187,0.6474055029436876,0.2849757714024306
25796,Neutral,0.5572324018606392,0.3622655511750358,0.08050204696432503
25797,GOF,0.0890645434012431,0.5504363875848414,0.3604990690139156
25798,LOF,0.009600965840144733,0.48986667382502036,0.5005323603348348
25799,LOF,0.007833526167960054,0.4064076976903449,0.585758776141695
25800,GOF,0.03534431482175267,0.5674312573360425,0.3972244278422049
25801,GOF,0.242088777913874,0.6264855514640236,0.13142567062210245
25802,GOF,0.06167943244742305,0.6521365300834215,0.2861840374691554
25803,GOF,0.03552755406515181,0.555773134575729,0.40869931135911913
25804,GOF,0.032020486498036495,0.4872624344404013,0.48071707906156214
25805,GOF,0.11282398086628773,0.5661002035030203,0.32107581563069204
25806,GOF,0.1272118036347182,0.5488307611732333,0.32395743519204856
25807,GOF,0.02150728765169363,0.6085876610590734,0.3699050512892331
25808,GOF,0.1041849138023937,0.5788223689718783,0.31699271722572797
25809,GOF,0.017196236358776554,0.5939713834925956,0.388832380148628
25810,GOF,0.016945428634585816,0.6033691558038526,0.3796854155615615
25811,Neutral,0.5181443344418069,0.4095962985180886,0.07225936704010452
25812,GOF,0.043208512276060235,0.6089570458389056,0.34783444188503415
25813,Neutral,0.5902026340321954,0.3015922281810955,0.10820513778670911
25814,GOF,0.130854775590512,0.635252995419305,0.23389222899018283
25815,GOF,0.23561633724065306,0.5587436472525741,0.2056400155067729
25816,GOF,0.02241848425945193,0.6329755425397412,0.34460597320080677
25817,GOF,0.25487527355058925,0.5981350265330962,0.14698969991631453
25818,GOF,0.053405445069062786,0.542303841554023,0.4042907133769142
25819,GOF,0.38242795441553185,0.4423489553124282,0.17522309027203994
25820,GOF,0.18039476363851817,0.5838507777962435,0.23575445856523844
25821,GOF,0.05807003772969318,0.6415698970031333,0.30036006526717357
25822,GOF,0.2368414097227951,0.49748171979296896,0.265676870484236
25823,GOF,0.03437993605923048,0.4959115410561976,0.4697085228845718
25824,GOF,0.0850982129397401,0.5069936849629527,0.4079081020973071
25825,GOF,0.0321260747460209,0.5178957721943183,0.44997815305966077
25826,GOF,0.012778185778245209,0.5043548754155864,0.48286693880616827
25827,GOF,0.02247535958724165,0.5796277878597247,0.39789685255303375
25828,GOF,0.01424456730389023,0.4932491593266537,0.4925062733694561
25829,GOF,0.006659486449781592,0.507597191317853,0.4857433222323654
25830,LOF,0.04003695620514653,0.298844698812984,0.6611183449818695
25831,GOF,0.1855167650710221,0.6546920240134704,0.1597912109155075
25832,GOF,0.03305801880818202,0.6324979549103431,0.334444026281475
25833,GOF,0.13261315130847795,0.6461641229974856,0.2212227256940365
25834,GOF,0.03699997584965068,0.6279974910294204,0.335002533120929
25835,GOF,0.0902385583832954,0.6490219057585324,0.2607395358581722
25836,GOF,0.04551223222709432,0.5981266558519477,0.356361111920958
25837,GOF,0.02198423957573616,0.4937912566147654,0.4842245038094985
25838,GOF,0.07543657546073516,0.6864928116248885,0.2380706129143763
25839,GOF,0.30414465533464496,0.5214612425227786,0.17439410214257647
25840,GOF,0.21519601087936213,0.5595633303970293,0.22524065872360854
25841,GOF,0.2293956124520855,0.5573502621876852,0.2132541253602292
25842,GOF,0.1885499747298883,0.6072839125050083,0.20416611276510344
25843,GOF,0.2133463736875703,0.625034749657736,0.1616188766546938
25844,GOF,0.057278516482470766,0.585279598800081,0.3574418847174482
25845,LOF,0.013760408967481739,0.45852598181415366,0.5277136092183646
25846,GOF,0.09511884420735874,0.6810051146222256,0.22387604117041573
25847,GOF,0.12611738615350068,0.7100501808218515,0.16383243302464778
25848,GOF,0.03295929397489062,0.6215077963773581,0.3455329096477513
25849,GOF,0.00990308452155437,0.5237261746107329,0.46637074086771285
25850,GOF,0.02330415979317276,0.6093097774786935,0.3673860627281337
25851,GOF,0.016102614188452883,0.514187153234293,0.46971023257725425
25852,GOF,0.1786689941055884,0.5361893629836306,0.28514164291078087
25853,GOF,0.3404180719505009,0.5655715990591784,0.0940103289903207
25854,GOF,0.020138359682061645,0.5688526834489485,0.41100895686898997
25855,GOF,0.035418341833268585,0.5422194730358915,0.42236218513084
25856,GOF,0.2513170743017285,0.49889952056707104,0.2497834051312004
25857,LOF,0.03409774125263085,0.4690339472424644,0.4968683115049047
25858,GOF,0.01823974910853563,0.5381914180348615,0.44356883285660287
25859,GOF,0.011026278505046873,0.5268915835527216,0.4620821379422315
25860,GOF,0.3965469284274077,0.5114438570845286,0.0920092144880637
25861,GOF,0.41948138904888804,0.504074397236461,0.07644421371465099
25862,GOF,0.09176110603648133,0.7386594977447895,0.16957939621872922
25863,GOF,0.08793563088143758,0.74615967317759,0.16590469594097235
25864,GOF,0.1970835140676327,0.7125949770817563,0.09032150885061097
25865,GOF,0.08608956560645908,0.7753352479277441,0.1385751864657967
25866,GOF,0.06264219214591978,0.7611925913613915,0.1761652164926888
25867,GOF,0.08708689274852655,0.7860053460484427,0.1269077612030307
25868,GOF,0.31005186340088087,0.5749425058679217,0.11500563073119734
25869,Neutral,0.7271559512375121,0.22811883937491767,0.044725209387570346
25870,LOF,0.3146196051832434,0.26142649736997553,0.4239538974467811
25871,GOF,0.22458528086347898,0.577108727091454,0.19830599204506696
25872,GOF,0.08645361583019631,0.6015152076509052,0.3120311765188985
25873,GOF,0.16898022404750562,0.6074672892847371,0.22355248666775734
25874,LOF,0.02062150016094985,0.11038894267412945,0.8689895571649205
25875,LOF,0.09337210299562183,0.04611181504010078,0.8605160819642774
25876,LOF,0.036235695988369045,0.04553023835709751,0.9182340656545336
25877,Neutral,0.510122421392906,0.05091205051317669,0.43896552809391737
25878,LOF,0.2361044712825198,0.08832215950198453,0.6755733692154956
25879,LOF,0.09837459829971389,0.0827646500814518,0.8188607516188343
25880,LOF,0.02545916496051703,0.02587726006238164,0.9486635749771014
25881,LOF,0.19888800346251623,0.14245265373428911,0.6586593428031947
25882,LOF,0.07216733676249812,0.020895935616942567,0.9069367276205593
25883,LOF,0.07803514157524372,0.028049142335042295,0.893915716089714
25884,LOF,0.04066839007509606,0.04494914049176636,0.9143824694331375
25885,LOF,0.06558873688152199,0.015707337434201198,0.9187039256842768
25886,LOF,0.32880207934524264,0.050245568623776944,0.6209523520309804
25887,LOF,0.18343327453227296,0.08109319546220185,0.7354735300055252
25888,LOF,0.0765505128884041,0.07387490867065691,0.8495745784409391
25889,LOF,0.05114910171522693,0.03274882254358883,0.9161020757411842
25890,LOF,0.044365309956342025,0.1404722130301183,0.8151624770135397
25891,LOF,0.033218132107071724,0.06498130098352572,0.9018005669094025
25892,LOF,0.11269172234489355,0.018118111848367962,0.8691901658067386
25893,LOF,0.2860692601690567,0.014271433358988114,0.6996593064719552
25894,LOF,0.1837347624349503,0.008091713363373115,0.8081735242016765
25895,LOF,0.2040691304368322,0.01752018638498298,0.778410683178185
25896,LOF,0.05441762941391547,0.016927704056891722,0.9286546665291927
25897,LOF,0.2523570904768416,0.011347178859070944,0.7362957306640874
25898,Neutral,0.6951787343530701,0.007888246777339816,0.2969330188695901
25899,LOF,0.29409860315381064,0.017906516816221633,0.6879948800299678
25900,LOF,0.4573376105324875,0.012567478109703364,0.5300949113578092
25901,LOF,0.07057995063718134,0.00877128805099574,0.9206487613118229
25902,LOF,0.17638771931257152,0.009512843836563086,0.8140994368508654
25903,Neutral,0.5014750493235988,0.025770227798451083,0.4727547228779501
25904,LOF,0.32473495002018815,0.029358565941550143,0.6459064840382617
25905,LOF,0.024144207683721993,0.28913316428377617,0.6867226280325017
25906,LOF,0.021434478315539504,0.056124509111933854,0.9224410125725265
25907,LOF,0.014393477797227093,0.31720348505862034,0.6684030371441526
25908,LOF,0.011876657628495412,0.2131488830381413,0.7749744593333633
25909,LOF,0.014151127311645653,0.11716821707710083,0.8686806556112535
25910,LOF,0.04613168553498052,0.10004515629762707,0.8538231581673924
25911,LOF,0.1338785941767707,0.039996120965134545,0.8261252848580947
25912,LOF,0.04026171811610812,0.06094235195840981,0.8987959299254821
25913,LOF,0.266070595637983,0.029542739116465832,0.7043866652455513
25914,LOF,0.022451884993281122,0.10939180891358423,0.8681563060931347
25915,Neutral,0.44191673869104076,0.2749924454191645,0.2830908158897946
25916,LOF,0.062291184988687916,0.3179947131271363,0.6197141018841759
25917,LOF,0.06686034311310164,0.056211213763543925,0.8769284431233545
25918,LOF,0.030235838499768772,0.05457519135018777,0.9151889701500435
25919,LOF,0.023818673095772777,0.06117384575482932,0.9150074811493979
25920,GOF,0.08346337403576344,0.5259327796676244,0.39060384629661216
25921,LOF,0.030653110097458885,0.015287058483755401,0.9540598314187857
25922,LOF,0.043388487863102065,0.009824572267187463,0.9467869398697105
25923,LOF,0.41233857221337045,0.011385344566802938,0.5762760832198267
25924,LOF,0.039474646456562186,0.023480205140104675,0.9370451484033332
25925,LOF,0.07193011251602469,0.016031016347119422,0.9120388711368558
25926,LOF,0.05102513625095941,0.01211013299457461,0.936864730754466
25927,LOF,0.0710795688304292,0.04713390014875904,0.8817865310208118
25928,LOF,0.02289288926541308,0.023346854417290425,0.9537602563172964
25929,Neutral,0.5353478639062295,0.012357763021019081,0.45229437307275155
25930,LOF,0.06672898632340114,0.010300517687608132,0.9229704959889906
25931,LOF,0.03056329481211033,0.015291534686500064,0.9541451705013897
25932,LOF,0.032235934643434355,0.012348578754186677,0.9554154866023788
25933,LOF,0.044713708462200734,0.0069982043168139284,0.9482880872209852
25934,LOF,0.027429021177438888,0.008334613785600893,0.9642363650369602
25935,LOF,0.06887843065353746,0.020599537233025846,0.9105220321134366
25936,LOF,0.05391569805536548,0.010629563168741057,0.9354547387758934
25937,LOF,0.028636057211462857,0.019689182658746036,0.9516747601297911
25938,LOF,0.07117163124597123,0.023326120483334316,0.9055022482706944
25939,LOF,0.04374951861249297,0.007316870125355964,0.9489336112621511
25940,LOF,0.02778667358336525,0.36485139586006254,0.6073619305565723
25941,LOF,0.17938408529472058,0.09076313717411445,0.7298527775311648
25942,LOF,0.01822408184818005,0.03148434390653003,0.9502915742452899
25943,LOF,0.31371542328504315,0.0588081521112539,0.627476424603703
25944,LOF,0.4810021276343699,0.03401683680850375,0.4849810355571263
25945,LOF,0.08062856616289277,0.02382554654013636,0.8955458872969709
25946,LOF,0.03075180899959245,0.11289731415575045,0.8563508768446572
25947,LOF,0.12058253396983869,0.18639561294001225,0.6930218530901491
25948,LOF,0.42742529397307727,0.01932282607560368,0.5532518799513191
25949,LOF,0.09933014336949345,0.08067981468052626,0.8199900419499804
25950,GOF,0.31468004753777007,0.36118202639666114,0.3241379260655689
25951,LOF,0.24043782356941817,0.22691053134451175,0.5326516450860701
25952,LOF,0.049863173400240046,0.4288428507594966,0.5212939758402633
25953,LOF,0.15260098894753685,0.10107039424111026,0.7463286168113529
25954,LOF,0.3989117091624032,0.17213624779124365,0.42895204304635326
25955,LOF,0.06178811375247989,0.08039551980117492,0.8578163664463453
25956,LOF,0.19289302405775902,0.07493966944905234,0.7321673064931886
25957,LOF,0.043222353232374215,0.029287182935238142,0.9274904638323876
25958,LOF,0.05854970651343322,0.026961188377877084,0.9144891051086897
25959,LOF,0.06574787601722329,0.3199258551696748,0.6143262688131019
25960,LOF,0.022786310221379377,0.05720925191827625,0.9200044378603444
25961,LOF,0.05023863073485296,0.03359563119645748,0.9161657380686896
25962,LOF,0.05634703389100332,0.04201120582772011,0.9016417602812765
25963,LOF,0.04508566882639407,0.2106875717433769,0.744226759430229
25964,LOF,0.033144396525553343,0.1437910270498427,0.823064576424604
25965,LOF,0.4033966651843911,0.07862139279074827,0.5179819420248606
25966,Neutral,0.42693402401533465,0.16144513470788305,0.41162084127678217
25967,LOF,0.012477238256815557,0.07845982341932906,0.9090629383238553
25968,GOF,0.030578570854520187,0.5159351899026793,0.4534862392428005
25969,LOF,0.021425154164462876,0.06469183081438085,0.9138830150211562
25970,LOF,0.06626818095149492,0.062212334683348955,0.8715194843651561
25971,LOF,0.07902079342183657,0.01723911147340268,0.9037400951047607
25972,LOF,0.08520566583834933,0.02544585673262998,0.8893484774290206
25973,LOF,0.10992652833236856,0.006672518066357984,0.8834009536012734
25974,LOF,0.22668542269444142,0.016075452117883245,0.7572391251876753
25975,LOF,0.06073926270335843,0.020865496662248215,0.9183952406343934
25976,LOF,0.04967765011685787,0.014335147445867032,0.9359872024372752
25977,LOF,0.15424762313093926,0.08910070846015328,0.7566516684089075
25978,LOF,0.11820242210323446,0.058429938903886335,0.8233676389928791
25979,LOF,0.11515120798287609,0.05801822779773232,0.8268305642193915
25980,LOF,0.1514857403085672,0.07111646540618728,0.7773977942852455
25981,LOF,0.18460370509146942,0.06865235318687228,0.7467439417216584
25982,LOF,0.35970586937633053,0.04746038367940018,0.5928337469442694
25983,LOF,0.3538203429534387,0.04692983512387892,0.5992498219226824
25984,LOF,0.05400626920707374,0.08212281489865861,0.8638709158942676
25985,LOF,0.02572773399783677,0.25328263220730224,0.7209896337948609
25986,LOF,0.035907509207519235,0.28395590235616675,0.680136588436314
25987,LOF,0.07677043843922357,0.08815357291440973,0.8350759886463668
25988,LOF,0.12481955133920429,0.07168084814802586,0.8034996005127698
25989,LOF,0.02867405810840914,0.14162134780447586,0.829704594087115
25990,LOF,0.035144476423987256,0.1654667989422967,0.799388724633716
25991,LOF,0.21060697590492086,0.38319894672982385,0.4061940773652552
25992,LOF,0.3670053101947616,0.23275278202689942,0.40024190777833896
25993,LOF,0.024441650475259345,0.08783471422937364,0.8877236352953671
25994,LOF,0.01766802725125894,0.13356542766396645,0.8487665450847746
25995,LOF,0.02710708312012628,0.21785047441784702,0.7550424424620267
25996,GOF,0.2630268392556009,0.5641242730135502,0.1728488877308489
25997,GOF,0.10434310974186325,0.5685823812299164,0.32707450902822033
25998,Neutral,0.5229839608902603,0.015959070653033966,0.46105696845670574
25999,LOF,0.12228379310835169,0.14579969381231447,0.7319165130793338
26000,LOF,0.13314426046850655,0.03612970041119952,0.8307260391202939
26001,LOF,0.16564505989825923,0.040090828285123274,0.7942641118166176
26002,LOF,0.14401892445934059,0.035163536634841085,0.8208175389058183
26003,GOF,0.008703171973783006,0.6464033367882946,0.3448934912379224
26004,GOF,0.02463788525754973,0.7233207881731991,0.25204132656925116
26005,GOF,0.008175264734776564,0.5232395024841345,0.46858523278108877
26006,Neutral,0.5103384274513416,0.2690615183536437,0.2206000541950147
26007,GOF,0.01703778543385953,0.5655949652620457,0.4173672493040948
26008,GOF,0.01820146553672766,0.6382573705284612,0.34354116393481127
26009,GOF,0.02238374793717415,0.6497003348285553,0.32791591723427055
26010,GOF,0.022912133259345227,0.6451754580884734,0.33191240865218136
26011,GOF,0.00764612448150578,0.5271676761255395,0.4651861993929547
26012,GOF,0.01530219428970994,0.6197019594766796,0.3649958462336104
26013,GOF,0.01819053415330174,0.6676126916417279,0.31419677420497044
26014,LOF,0.041069711434931475,0.1659896454830654,0.792940643082003
26015,LOF,0.2401776292120817,0.010527014548500866,0.7492953562394175
26016,LOF,0.262956658660485,0.04546566876808164,0.6915776725714333
26017,LOF,0.20494570073590418,0.0729663312778966,0.7220879679861991
26018,LOF,0.10269938674179784,0.04391944251912381,0.8533811707390783
26019,LOF,0.09842583242828952,0.03147505325688887,0.8700991143148216
26020,LOF,0.05977188922231855,0.118787225636701,0.8214408851409805
26021,LOF,0.05542247534401664,0.12785476444784163,0.8167227602081418
26022,LOF,0.01227634537914299,0.059200053247063913,0.928523601373793
26023,LOF,0.1308343717297946,0.029057990539813606,0.8401076377303919
26024,LOF,0.030525946988914,0.12967371491424506,0.8398003380968408
26025,LOF,0.15707822100446348,0.10029272325145265,0.742629055744084
26026,LOF,0.3207673532207636,0.025496589892714902,0.6537360568865215
26027,LOF,0.10256070105440379,0.022345796439063804,0.8750935025065323
26028,LOF,0.1576355704140046,0.10397075435252966,0.7383936752334657
26029,LOF,0.07634791408484845,0.14170465934266865,0.7819474265724828
26030,LOF,0.02763163603502972,0.05482343379705701,0.9175449301679132
26031,LOF,0.03274928710141715,0.11467769559686498,0.8525730173017179
26032,LOF,0.06607936247265718,0.06722410895200308,0.8666965285753397
26033,LOF,0.11018036288381558,0.07859274669424286,0.8112268904219416
26034,LOF,0.04578520731576734,0.1212765438844367,0.8329382487997958
26035,LOF,0.03202886718316865,0.10745626929245625,0.8605148635243752
26036,LOF,0.045769639318191946,0.12656247843853763,0.8276678822432704
26037,LOF,0.027458430989406795,0.09119080544365935,0.881350763566934
26038,LOF,0.06271785980760844,0.06546497799401718,0.8718171621983745
26039,LOF,0.06367629528525026,0.11893283042868055,0.8173908742860693
26040,LOF,0.20215388374244414,0.11124636279043275,0.6865997534671231
26041,LOF,0.027174635439059302,0.08600182788511113,0.8868235366758296
26042,LOF,0.027278596420166792,0.08550874093941714,0.887212662640416
26043,LOF,0.061074172767591854,0.08361223092074895,0.8553135963116592
26044,LOF,0.022201298678092316,0.06819077920195846,0.9096079221199492
26045,LOF,0.08714971658826753,0.08460693287794113,0.8282433505337913
26046,LOF,0.06465756643395519,0.08614591502727455,0.8491965185387703
26047,LOF,0.09562617913992248,0.09354908134419003,0.8108247395158876
26048,LOF,0.053889609260353334,0.05441065338497632,0.8916997373546705
26049,Neutral,0.9538569972305746,0.007226272422934825,0.03891673034649057
26050,Neutral,0.9335844040578059,0.00867374985675323,0.05774184608544083
26051,LOF,0.04470431197814644,0.3467480866264032,0.6085476013954504
26052,LOF,0.06765534993758285,0.3196629017967253,0.6126817482656919
26053,LOF,0.05279039099489812,0.16473853817897519,0.7824710708261268
26054,LOF,0.06335056542306695,0.03226712792555954,0.9043823066513735
26055,LOF,0.08699286375829192,0.023086547907129183,0.889920588334579
26056,LOF,0.06692667269822192,0.025852175415728488,0.9072211518860496
26057,LOF,0.034162449729534854,0.014299076210334405,0.9515384740601306
26058,LOF,0.03542325511816469,0.012532474979722747,0.9520442699021127
26059,LOF,0.2890767225782137,0.0385783576005395,0.6723449198212467
26060,LOF,0.0329847932353482,0.23895642183503527,0.7280587849296165
26061,LOF,0.02034414571893175,0.015744855677585188,0.9639109986034831
26062,LOF,0.011976258250171259,0.02662272980476854,0.9614010119450601
26063,LOF,0.023754435120923213,0.016715316146403474,0.9595302487326732
26064,LOF,0.025128901286640082,0.025506384663581943,0.9493647140497781
26065,LOF,0.02678849386521944,0.01583659796478825,0.9573749081699923
26066,LOF,0.022136397981210806,0.0144194419126343,0.963444160106155
26067,LOF,0.028358250438719305,0.010078679835804032,0.9615630697254768
26068,LOF,0.0501656122287936,0.05159093195734705,0.8982434558138593
26069,LOF,0.24731858982582003,0.02774301826912568,0.7249383919050543
26070,LOF,0.4149156838757814,0.021293527683723102,0.5637907884404953
26071,LOF,0.023702464261030145,0.016598303980037525,0.9596992317589323
26072,LOF,0.023924589648773396,0.023475431190663722,0.9525999791605629
26073,LOF,0.025886608708170975,0.016052476496494366,0.9580609147953346
26074,Neutral,0.9060857151749724,0.007739658989552535,0.08617462583547507
26075,LOF,0.04330493059594314,0.021057663013950765,0.9356374063901062
26076,LOF,0.050398770411275204,0.010686177074103161,0.9389150525146216
26077,LOF,0.009841632454373384,0.02482903514258323,0.9653293324030434
26078,LOF,0.014322895322654162,0.016008748292899472,0.9696683563844463
26079,LOF,0.05652339080982008,0.025897354463178632,0.9175792547270014
26080,LOF,0.054652935993226716,0.025970593890960843,0.9193764701158124
26081,LOF,0.04039975932146604,0.009236405817457827,0.9503638348610761
26082,LOF,0.018436921255888385,0.026541410098077502,0.9550216686460342
26083,LOF,0.14680792623431216,0.018908895038772015,0.8342831787269158
26084,LOF,0.02950265324535453,0.017451303990111796,0.9530460427645338
26085,LOF,0.02371039979026008,0.01654720595585657,0.9597423942538833
26086,LOF,0.027849835376346523,0.01378022413603466,0.9583699404876189
26087,LOF,0.027011095919067165,0.009578554750515736,0.9634103493304171
26088,LOF,0.017823768606391132,0.03260636846607773,0.9495698629275312
26089,LOF,0.05010531674131332,0.03240718917700545,0.9174874940816813
26090,LOF,0.04708631513714961,0.025305303124015972,0.9276083817388344
26091,LOF,0.04638003728359788,0.008523734554030342,0.9450962281623718
26092,LOF,0.02895410869386824,0.011593199826006057,0.9594526914801257
26093,LOF,0.04088143621264158,0.008796065813279783,0.9503224979740788
26094,LOF,0.04436026772826941,0.009235385437274772,0.9464043468344557
26095,LOF,0.05511587164571623,0.02049485248604293,0.9243892758682409
26096,LOF,0.020048638420497682,0.0186072883502538,0.9613440732292486
26097,LOF,0.010206872061178122,0.059457779056585,0.9303353488822368
26098,LOF,0.07563728397445378,0.01707189195851323,0.9072908240670329
26099,LOF,0.025159539870709832,0.018829983361382592,0.9560104767679076
26100,LOF,0.026958868900209453,0.01798461913353474,0.9550565119662558
26101,LOF,0.06300417537603928,0.018191109800799243,0.9188047148231615
26102,LOF,0.027445360504293546,0.01962951716031158,0.9529251223353948
26103,Neutral,0.8844631922317862,0.02807733287182178,0.08745947489639212
26104,LOF,0.06932051156894858,0.0453433150097447,0.8853361734213067
26105,LOF,0.23654455951043585,0.2633257718384867,0.5001296686510774
26106,LOF,0.19366800065977643,0.1573076447209864,0.6490243546192371
26107,LOF,0.24716077396296293,0.10455017663927381,0.6482890493977632
26108,LOF,0.26050204197117327,0.1294266883291994,0.6100712696996273
26109,LOF,0.08650066152511789,0.11251910176392882,0.8009802367109533
26110,LOF,0.2678552316506483,0.008215418543768616,0.7239293498055831
26111,LOF,0.4654134879672743,0.02267187756103154,0.5119146344716942
26112,LOF,0.03661150517319753,0.008981358569041878,0.9544071362577606
26113,LOF,0.05534294997771049,0.018879780112265217,0.9257772699100244
26114,LOF,0.022069790433062644,0.02471944740900455,0.9532107621579328
26115,LOF,0.08328586815545845,0.051963362045891526,0.8647507697986501
26116,LOF,0.059308682043164335,0.041502673164152265,0.8991886447926833
26117,LOF,0.41415771599212603,0.05253384023109539,0.5333084437767786
26118,LOF,0.04651310315386878,0.02894366596955129,0.9245432308765799
26119,LOF,0.02350182716846768,0.03561400423209371,0.9408841685994386
26120,LOF,0.03295171765627599,0.027149089861899678,0.9398991924818244
26121,LOF,0.05495672176020737,0.09092806301792009,0.8541152152218726
26122,LOF,0.05485527741064834,0.040317780255576086,0.9048269423337757
