feature0,prediction,LoGoFunc_Neutral,LoGoFunc_GOF,LoGoFunc_LOF
25546,Neutral,0.6402915501915118,0.06809634653897695,0.29161210326951115
25547,Neutral,0.49520922830004516,0.10475841768238184,0.400032354017573
25548,Neutral,0.5012815935210797,0.08788816773032325,0.410830238748597
25549,LOF,0.4317661515607335,0.08566931245040997,0.48256453598885646
25550,LOF,0.3523748107552333,0.12346122489373,0.5241639643510366
25551,LOF,0.3158612381898894,0.1294688196822901,0.5546699421278204
25552,LOF,0.26008723029165254,0.12098860785502377,0.6189241618533237
25553,Neutral,0.8184241144749155,0.045655959841796524,0.13591992568328792
25554,LOF,0.30469942898416286,0.11074124719549432,0.5845593238203428
25555,LOF,0.24984119792366413,0.10341127574228484,0.6467475263340511
25556,Neutral,0.4738736205590718,0.09630466709050188,0.4298217123504264
25557,LOF,0.24255137817065928,0.10908467015101694,0.6483639516783238
25558,LOF,0.31818599395941954,0.10700323512497287,0.5748107709156076
25559,LOF,0.16323982046003466,0.14030719369073497,0.6964529858492304
25560,LOF,0.17006934782214722,0.089900493987189,0.7400301581906638
25561,LOF,0.1687217128591417,0.09953584724311583,0.7317424398977425
25562,LOF,0.07686805173458934,0.07097246665333239,0.8521594816120782
25563,LOF,0.02262145608401747,0.1335336514457319,0.8438448924702506
25564,LOF,0.21231425936734977,0.11286332940005411,0.6748224112325961
25565,LOF,0.19892599604322592,0.1397738011885314,0.6613002027682428
25566,GOF,0.09984664719771753,0.693366155149019,0.20678719765326342
25567,LOF,0.03772514882216662,0.12284574479150089,0.8394291063863325
25568,LOF,0.057670448333845284,0.07139350279571402,0.8709360488704406
25569,LOF,0.05725993811065197,0.07094283853190694,0.871797223357441
25570,LOF,0.026736882287470592,0.10215739377322774,0.8711057239393017
25571,LOF,0.025641657301607012,0.1093199746202547,0.8650383680781384
25572,LOF,0.0600579420727508,0.12175955503795431,0.8181825028892948
25573,LOF,0.056829453757936126,0.08905363722970729,0.8541169090123565
25574,LOF,0.05641870430277672,0.17325143186638267,0.7703298638308407
25575,LOF,0.021823064568099432,0.11747460975614725,0.8607023256757533
25576,LOF,0.03229225792356843,0.15091674372581754,0.816790998350614
25577,LOF,0.030088634418695158,0.11761849512151425,0.8522928704597906
25578,LOF,0.2848618032976685,0.08120032282523598,0.6339378738770955
25579,LOF,0.13074818573251906,0.08686214949455731,0.7823896647729237
25580,LOF,0.019499971026760758,0.07963430206201837,0.900865726911221
25581,LOF,0.05331613193584045,0.06719313379259431,0.8794907342715653
25582,LOF,0.05345606744414931,0.06573954620036557,0.8808043863554851
25583,LOF,0.019892795189742723,0.081525148421127,0.8985820563891302
25584,Neutral,0.66616901452793,0.10120572782742064,0.23262525764464945
25585,LOF,0.027115048775293322,0.11966393443043945,0.8532210167942672
25586,LOF,0.017598084923229115,0.06675325645997042,0.9156486586168004
25587,LOF,0.017362718870155527,0.06063652541475521,0.9220007557150892
25588,LOF,0.020702137298296706,0.07109511095953523,0.9082027517421681
25589,Neutral,0.5238136872396603,0.16324218745166558,0.3129441253086741
25590,LOF,0.04787273461366955,0.10230494179577793,0.8498223235905525
25591,LOF,0.09590368523732139,0.056148996946282656,0.847947317816396
25592,LOF,0.053183202797226464,0.12593313252101185,0.8208836646817618
25593,LOF,0.1326221761667818,0.22776759713198594,0.6396102267012324
25594,LOF,0.04940315549668931,0.10494990910915715,0.8456469353941535
25595,LOF,0.04555125996755677,0.0815578936904796,0.8728908463419637
25596,LOF,0.10728890604761952,0.04926552357429657,0.843445570378084
25597,LOF,0.08270074932507074,0.04878023780474512,0.8685190128701841
25598,LOF,0.05249004506483368,0.08061935581503538,0.866890599120131
25599,GOF,0.02287103655485782,0.5188551969888444,0.4582737664562978
25600,GOF,0.1838914950762442,0.5213623054352424,0.29474619948851344
25601,LOF,0.0406143974815746,0.4309060482237659,0.5284795542946595
25602,LOF,0.030532242697347646,0.07349767420749666,0.8959700830951558
25603,LOF,0.030291733859416074,0.03719767718697454,0.9325105889536095
25604,LOF,0.03208610225609203,0.08041548485322964,0.8874984128906783
25605,LOF,0.030936288768374665,0.23356894977040382,0.7354947614612216
25606,LOF,0.3863734659343172,0.13069583977588178,0.4829306942898012
25607,LOF,0.021467804590437407,0.21487745210221018,0.7636547433073525
25608,LOF,0.036724957636164554,0.06842979537949417,0.8948452469843414
25609,GOF,0.16613386885226547,0.5257426760673212,0.30812345508041344
25610,LOF,0.01491422744404084,0.026023274042103473,0.9590624985138557
25611,LOF,0.013478333790882294,0.030308370224735884,0.9562132959843819
25612,LOF,0.044097035279003285,0.04028539527341812,0.9156175694475785
25613,LOF,0.04348191800605489,0.04241106007717039,0.9141070219167746
25614,LOF,0.020564710566991187,0.023846473962888092,0.9555888154701206
25615,LOF,0.040052977393035386,0.03911163394183647,0.9208353886651283
25616,LOF,0.044773414085499015,0.027011388184509225,0.9282151977299917
25617,LOF,0.040573760583878654,0.03615565419470498,0.9232705852214164
25618,LOF,0.04832981356752665,0.03414611675275924,0.9175240696797141
25619,LOF,0.015057003296781968,0.031247560028873897,0.9536954366743441
25620,LOF,0.0638654513479959,0.04176526968498291,0.8943692789670211
25621,LOF,0.05062092180377634,0.037982637933384175,0.9113964402628394
25622,LOF,0.06359218915310819,0.03228629306252072,0.9041215177843712
25623,LOF,0.06682777083942468,0.02431119384261236,0.908861035317963
25624,LOF,0.018079647080841577,0.031071682814275085,0.9508486701048833
25625,LOF,0.06442101412632352,0.037407829837845644,0.898171156035831
25626,LOF,0.043498003223619706,0.040721487957480464,0.9157805088188998
25627,Neutral,0.8874111004874176,0.022500525925860236,0.09008837358672213
25628,LOF,0.1223851536456846,0.06777674913306259,0.8098380972212528
25629,LOF,0.06086921683479896,0.047038069952329606,0.8920927132128714
25630,LOF,0.28939792630274014,0.07519872921211296,0.6354033444851469
25631,Neutral,0.5496164713166534,0.06754344911891756,0.382840079564429
25632,LOF,0.02963119862218732,0.06475701047504497,0.9056117909027677
25633,LOF,0.21225268160509364,0.03613640694628022,0.7516109114486262
25634,LOF,0.03460795020471807,0.08057429015663121,0.8848177596386506
25635,LOF,0.035451860262039864,0.04293511976343999,0.9216130199745202
25636,GOF,0.0374004896209515,0.48520007428861844,0.47739943609043
25637,GOF,0.06689321048136612,0.5062548875990364,0.42685190191959754
25638,LOF,0.030957021817116966,0.34270168870800505,0.626341289474878
25639,LOF,0.028170919457057287,0.3672148201712251,0.6046142603717176
25640,Neutral,0.8137581920377254,0.14191539072857517,0.044326417233699525
25641,LOF,0.06730980835029168,0.42111446800552377,0.5115757236441846
25642,LOF,0.038940516531241205,0.13903793655655666,0.8220215469122021
25643,LOF,0.23597501872004897,0.14666614294569466,0.6173588383342564
25644,LOF,0.021304281269398342,0.4740340390997033,0.5046616796308983
25645,LOF,0.02372006314130361,0.40804628803542314,0.5682336488232733
25646,LOF,0.05775248448871335,0.3051748454649277,0.637072670046359
25647,LOF,0.024470761222030863,0.2608651657800731,0.714664072997896
25648,LOF,0.03357926989418793,0.23478152855758147,0.7316392015482307
25649,LOF,0.0157884279282601,0.22417644027035535,0.7600351318013846
25650,LOF,0.05865047098172407,0.40931735984901,0.5320321691692659
25651,LOF,0.01698697065270782,0.25591454672009406,0.7270984826271981
25652,LOF,0.03426556813330346,0.24255735485826949,0.7231770770084271
25653,LOF,0.09051968660918489,0.41782568644092216,0.4916546269498931
25654,LOF,0.02260843867485687,0.19346397426286055,0.7839275870622826
25655,GOF,0.23064804599928454,0.3932680392551754,0.37608391474554015
25656,LOF,0.2821927898112609,0.053806950365786727,0.6640002598229524
25657,LOF,0.07659803217614866,0.05757294841081955,0.8658290194130317
25658,LOF,0.37839942547434324,0.05854108998484271,0.563059484540814
25659,Neutral,0.5134718613432838,0.07892614450311536,0.4076019941536008
25660,LOF,0.02635091527715386,0.0849139258556736,0.8887351588671726
25661,LOF,0.09991859811469658,0.062192351350556084,0.8378890505347473
25662,LOF,0.03336051218188837,0.03254268816706098,0.9340967996510505
25663,LOF,0.04195739234241581,0.04638087020430049,0.9116617374532838
25664,LOF,0.1444066759652574,0.05431814359758205,0.8012751804371605
25665,LOF,0.0592377250987092,0.03261887620195166,0.908143398699339
25666,LOF,0.09104189684156626,0.06401175604955651,0.8449463471088773
25667,LOF,0.0663478230601328,0.03879834901350355,0.8948538279263636
25668,LOF,0.035950361837447965,0.05058125433352944,0.9134683838290227
25669,LOF,0.03383750163354716,0.05024839754310308,0.9159141008233498
25670,LOF,0.13443667203686324,0.04659883923017989,0.8189644887329568
25671,LOF,0.10322879535193859,0.03224828961793446,0.8645229150301269
25672,LOF,0.053991084476312734,0.04119725933928812,0.9048116561843992
25673,LOF,0.08649281195694089,0.03917878663030206,0.8743284014127571
25674,LOF,0.07523885915646399,0.04793688847518827,0.8768242523683477
25675,LOF,0.11553981263888174,0.0477938159324454,0.836666371428673
25676,LOF,0.019373145448458157,0.04842042167137964,0.9322064328801623
25677,LOF,0.027203065811464,0.07076356818245479,0.9020333660060813
25678,LOF,0.18872995085504274,0.05854814581553334,0.7527219033294238
25679,LOF,0.12484801828243224,0.07457620475319071,0.800575776964377
25680,LOF,0.03262033014758354,0.11391734782128006,0.8534623220311365
25681,LOF,0.05243559276694601,0.10668013581521724,0.8408842714178367
25682,LOF,0.1414308025024057,0.07440284969997542,0.7841663477976187
25683,LOF,0.11733680405555842,0.08072271944677709,0.8019404764976644
25684,LOF,0.04434026459853856,0.0729421814071598,0.8827175539943017
25685,LOF,0.12760148702286772,0.053401937379729716,0.8189965755974026
25686,LOF,0.07640575217599134,0.08949564220507253,0.834098605618936
25687,LOF,0.11677922817534611,0.08755119503751946,0.7956695767871346
25688,LOF,0.3175747485460736,0.03461713739236906,0.6478081140615575
25689,LOF,0.22555536924784786,0.04106954712110892,0.7333750836310432
25690,LOF,0.35591307625954677,0.029981658669343787,0.6141052650711095
25691,Neutral,0.6972141189568302,0.02341847913845342,0.27936740190471626
25692,LOF,0.2906683563994253,0.01123493395002508,0.6980967096505496
25693,GOF,0.04786487065029072,0.48359496330471596,0.4685401660449932
25694,LOF,0.12709135278071398,0.01619669753782549,0.8567119496814605
25695,LOF,0.11598294978102135,0.016175525466566178,0.8678415247524126
25696,LOF,0.10834723875450966,0.008797143672443976,0.8828556175730464
25697,LOF,0.11665685169213229,0.03198000970877668,0.8513631385990911
25698,LOF,0.32437975925956386,0.2202871074172228,0.45533313332321335
25699,LOF,0.40127367370514794,0.04221935321856803,0.5565069730762839
25700,LOF,0.056070889571406636,0.007765862859600887,0.9361632475689925
25701,LOF,0.13701006683808648,0.05168311355617131,0.8113068196057422
25702,GOF,0.17175265037694398,0.5340896699010429,0.2941576797220131
25703,LOF,0.016284051959424024,0.16119516411413332,0.8225207839264427
25704,LOF,0.0476013266416247,0.12897041993791789,0.8234282534204574
25705,LOF,0.05970239247887542,0.19879819844454905,0.7414994090765755
25706,LOF,0.09313236005122404,0.40136161687316163,0.5055060230756142
25707,LOF,0.09339691750337425,0.31398520500238414,0.5926178774942416
25708,LOF,0.03296634400252222,0.27291873641927383,0.694114919578204
25709,LOF,0.06231104669214136,0.044189522457553164,0.8934994308503055
25710,LOF,0.012270145686868962,0.14880438787698358,0.8389254664361475
25711,LOF,0.019306125399880077,0.10880787617905864,0.8718859984210612
25712,LOF,0.013919814028690088,0.19472850793153773,0.7913516780397721
25713,LOF,0.018782350024757654,0.08975195609211022,0.8914656938831321
25714,LOF,0.0725688919270676,0.08847726157970469,0.8389538464932277
25715,LOF,0.010718714975880854,0.15533680297335625,0.833944482050763
25716,LOF,0.014032819050037372,0.12709024458356466,0.8588769363663981
25717,LOF,0.013557985182988716,0.0762880409106418,0.9101539739063695
25718,LOF,0.012603398528986658,0.09992203507227958,0.8874745663987338
25719,LOF,0.02059219207194799,0.08165835787146712,0.8977494500565848
25720,LOF,0.022200430670842843,0.0762243347560891,0.901575234573068
25721,LOF,0.015235526106737013,0.1182204663044278,0.8665440075888351
25722,LOF,0.013037005683073786,0.13849798921949358,0.8484650050974327
25723,LOF,0.022979044446836024,0.04800353500745087,0.9290174205457132
25724,LOF,0.023389626814747037,0.09160765145766515,0.8850027217275878
25725,LOF,0.012049090789242597,0.07109296433578803,0.9168579448749694
25726,LOF,0.015121084915726458,0.10366737883940502,0.8812115362448686
25727,LOF,0.013832338497755689,0.07986168672388085,0.9063059747783635
25728,LOF,0.009694749679382891,0.11412912341343945,0.8761761269071777
25729,LOF,0.010141560344032319,0.11463061692322848,0.8752278227327392
25730,LOF,0.013620697985068183,0.08538071835367587,0.9009985836612558
25731,LOF,0.02084094983383846,0.11574318502925816,0.8634158651369034
25732,LOF,0.01435875962194808,0.08744303155900603,0.8981982088190459
25733,LOF,0.015962030789199867,0.07831498667226904,0.9057229825385312
25734,LOF,0.013257973615945303,0.13674767433285392,0.8499943520512008
25735,LOF,0.013378364291421323,0.09246307568161223,0.8941585600269664
25736,LOF,0.014103676227957121,0.11113626394617855,0.8747600598258644
25737,LOF,0.020158955029051937,0.08845250494535702,0.8913885400255911
25738,LOF,0.013661980255332044,0.10644119935683853,0.8798968203878293
25739,LOF,0.020549798072776796,0.0871322193807041,0.8923179825465192
25740,LOF,0.027503396468979806,0.10937280556860965,0.8631237979624106
25741,LOF,0.016066089277378192,0.11521939490516868,0.8687145158174532
25742,LOF,0.1195343058283089,0.08981819032342192,0.7906475038482691
25743,LOF,0.03658671756925696,0.03135784001879394,0.932055442411949
25744,Neutral,0.5827025525097067,0.21928381808576852,0.19801362940452477
25745,LOF,0.08894127295532558,0.0674866946402644,0.8435720324044101
25746,LOF,0.04077534277337048,0.08328866466317555,0.875935992563454
25747,LOF,0.022840489837170005,0.04517972124974544,0.9319797889130846
25748,LOF,0.10212670894718855,0.06537663456410366,0.8324966564887077
25749,LOF,0.025924577130872727,0.07806505959267888,0.8960103632764485
25750,LOF,0.09034609764411013,0.08302733810579138,0.8266265642500985
25751,LOF,0.09909355133118689,0.0675800260876392,0.8333264225811738
25752,GOF,0.11676569209100679,0.6570153796686695,0.22621892824032383
25753,LOF,0.02080970108977312,0.2885650647677216,0.6906252341425053
25754,GOF,0.011752296271374434,0.7658512114360203,0.2223964922926053
25755,LOF,0.02532469401196986,0.3937848400928641,0.5808904658951661
25756,LOF,0.04168661124579949,0.38718685601253855,0.5711265327416619
25757,GOF,0.013596496439301277,0.8399801157076345,0.1464233878530641
25758,GOF,0.028169557695435814,0.826859920574894,0.14497052172967023
25759,GOF,0.011404413242919149,0.5607405019759446,0.4278550847811363
25760,LOF,0.012255653423124617,0.2519255793575577,0.7358187672193177
25761,GOF,0.269783705426056,0.6446934298888125,0.08552286468513141
25762,LOF,0.03759641800768844,0.28240508754368077,0.6799984944486309
25763,LOF,0.013626959663967143,0.20565863908976612,0.7807144012462668
25764,GOF,0.0799954253262619,0.6538950555508881,0.2661095191228499
25765,GOF,0.039900817939062624,0.763418172779572,0.1966810092813652
25766,GOF,0.05789423247357148,0.7655226657109417,0.17658310181548667
25767,GOF,0.1703386908374876,0.4412460590525891,0.3884152501099233
25768,LOF,0.09545880314201882,0.06662949147329313,0.837911705384688
25769,LOF,0.06794637239731335,0.07240012607743655,0.8596535015252502
25770,LOF,0.30266084437555013,0.0920129712943706,0.6053261843300792
25771,LOF,0.040507893792402355,0.042651857154429665,0.916840249053168
25772,LOF,0.016960175923070614,0.03613603734691045,0.9469037867300188
25773,LOF,0.05019815433673289,0.07439746268768452,0.8754043829755827
25774,LOF,0.0284516770119084,0.0706713845555498,0.9008769384325417
25775,LOF,0.04720667182492125,0.04386958759143151,0.9089237405836471
25776,LOF,0.06820836722381735,0.026144158811806116,0.9056474739643766
25777,LOF,0.3408483414364037,0.05555096954083548,0.6036006890227609
25778,LOF,0.06470215395549742,0.05054927494564279,0.8847485710988598
25779,GOF,0.36900263242755665,0.5936362521924259,0.037361115380017546
25780,GOF,0.2818805756090295,0.6469575330212929,0.07116189136967759
25781,GOF,0.12376144678649977,0.7784306992406376,0.09780785397286267
25782,GOF,0.1891522982516771,0.7468737406879793,0.06397396106034342
25783,GOF,0.029189537792548542,0.6522648811757006,0.3185455810317509
25784,Neutral,0.485194119008482,0.47915158693622395,0.03565429405529404
25785,GOF,0.45937391841856867,0.5072059219696785,0.033420159611752875
25786,GOF,0.02796025813796725,0.7896403595498572,0.18239938231217562
25787,Neutral,0.634802395799007,0.3429304867514791,0.0222671174495138
25788,LOF,0.045435902107458376,0.11370111734807366,0.8408629805444678
25789,GOF,0.18763939168638552,0.6822521006400503,0.1301085076735641
25790,GOF,0.20711453077770567,0.6880886388585056,0.10479683036378883
25791,GOF,0.16310830225269368,0.6795823718453016,0.15730932590200483
25792,GOF,0.3354747579517973,0.5441791556767285,0.12034608637147426
25793,GOF,0.2320688624049411,0.5618308941116968,0.20610024348336212
25794,GOF,0.29487559585188056,0.5499481588060217,0.15517624534209784
25795,GOF,0.07505220102019647,0.7070109864519079,0.21793681252789573
25796,Neutral,0.521562540291876,0.4063213146718737,0.07211614503625023
25797,GOF,0.08439937808312928,0.5547023586050225,0.3608982633118482
25798,GOF,0.00845627385530417,0.5373420714982163,0.45420165464647955
25799,LOF,0.00641745248030512,0.4270234879492825,0.5665590595704123
25800,GOF,0.027795796311469157,0.6193904593491782,0.3528137443393527
25801,GOF,0.18362357784540442,0.6995914956305787,0.11678492652401684
25802,GOF,0.07219449614770002,0.7056638606799736,0.22214164317232643
25803,GOF,0.032840807271523935,0.5982053409171787,0.36895385181129736
25804,GOF,0.03116367067869794,0.508440467586626,0.4603958617346761
25805,GOF,0.08833057712947079,0.6065895868830179,0.30507983598751137
25806,GOF,0.09094420132037268,0.6036220417954479,0.30543375688417945
25807,GOF,0.018631315051450797,0.6374982929773525,0.34387039197119673
25808,GOF,0.07251794984397406,0.6473081924705508,0.2801738576854751
25809,GOF,0.017149820406524807,0.5898645073121379,0.39298567228133724
25810,GOF,0.015834748582410015,0.6303728096845062,0.35379244173308383
25811,GOF,0.43847264596379787,0.48842368847876977,0.0731036655574323
25812,GOF,0.02974488437343576,0.6609971130815705,0.3092580025449938
25813,Neutral,0.47223046597649604,0.4407011292280022,0.08706840479550189
25814,GOF,0.09879067105323099,0.6526078994473059,0.2486014294994633
25815,GOF,0.1765726509914138,0.6362732414137454,0.18715410759484075
25816,GOF,0.020869631352827947,0.7142573634879799,0.26487300515919204
25817,GOF,0.22172219753839453,0.6412766497620755,0.13700115269952992
25818,GOF,0.05152378381052532,0.6846958038753014,0.2637804123141734
25819,GOF,0.35568895344597246,0.5153843720278132,0.1289266745262144
25820,GOF,0.17905937605100256,0.6273644397513398,0.1935761841976576
25821,GOF,0.05588374837271969,0.6901376975170063,0.25397855411027404
25822,GOF,0.21395676346864484,0.5773287888946512,0.20871444763670396
25823,GOF,0.03193690694256206,0.5684949598908172,0.3995681331666208
25824,GOF,0.0951742957328659,0.627272733952527,0.277552970314607
25825,GOF,0.03564047645234665,0.6297143424637278,0.33464518108392555
25826,GOF,0.016044293338051997,0.6032494648445268,0.38070624181742124
25827,GOF,0.02314340174627,0.6120831037815032,0.36477349447222673
25828,GOF,0.011664051276293864,0.5461848398690905,0.4421511088546156
25829,GOF,0.005253017722777525,0.5847379357515072,0.4100090465257152
25830,LOF,0.034097019725045155,0.30517338055475157,0.6607295997202032
25831,GOF,0.1971320619617843,0.6955304629124252,0.1073374751257905
25832,GOF,0.03126322461675798,0.7502501264458162,0.21848664893742586
25833,GOF,0.11658459260225096,0.7463453899342913,0.1370700174634578
25834,GOF,0.03356058718918502,0.7633235249684616,0.20311588784235327
25835,GOF,0.06831689279625772,0.775472285261514,0.15621082194222818
25836,GOF,0.03499825585688508,0.7189887738368448,0.24601297030626998
25837,GOF,0.023986559195964072,0.6422533295686348,0.3337601112354011
25838,GOF,0.08746645200896434,0.7823893853230434,0.13014416266799222
25839,GOF,0.2626243635552119,0.5997629596206451,0.1376126768241431
25840,GOF,0.22510814262593506,0.6364444688940165,0.1384473884800486
25841,GOF,0.21419122245814673,0.6496187394035088,0.13619003813834446
25842,GOF,0.1491602173119759,0.7412041728626126,0.10963560982541147
25843,GOF,0.2041366248930453,0.7109268050071481,0.08493657009980657
25844,GOF,0.06096254166887662,0.7412122861658614,0.19782517216526194
25845,GOF,0.015231889474018646,0.529863158952237,0.4549049515737444
25846,GOF,0.11375646738007275,0.7516229115439255,0.13462062107600178
25847,GOF,0.10032773763574544,0.804126761731517,0.09554550063273759
25848,GOF,0.0348395681517902,0.726015415779348,0.23914501606886182
25849,GOF,0.00963921657451957,0.6193947644654699,0.37096601896001047
25850,GOF,0.019005104177389563,0.6687026160058405,0.31229227981677
25851,GOF,0.014965534346808338,0.5559912806073564,0.4290431850458352
25852,GOF,0.15932092745427612,0.5485061184856646,0.2921729540600594
25853,GOF,0.3445833595341899,0.5804713961460135,0.07494524431979645
25854,GOF,0.020399614143520085,0.639866589663978,0.3397337961925019
25855,GOF,0.03489816689617282,0.5854438692030892,0.37965796390073797
25856,GOF,0.22782663632798592,0.5563081595628179,0.21586520410919618
25857,GOF,0.03549110987878221,0.5201312884261955,0.4443776016950222
25858,GOF,0.020036256899131393,0.5655475302125259,0.4144162128883427
25859,GOF,0.009505513890273515,0.5386105082040176,0.451883977905709
25860,GOF,0.3396609175827976,0.5828095152741708,0.07752956714303161
25861,GOF,0.39338739459375033,0.5426842266832288,0.06392837872302093
25862,GOF,0.0783539301594041,0.7954504340018169,0.12619563583877896
25863,GOF,0.0785625363650103,0.7941054745338157,0.12733198910117402
25864,GOF,0.1703586484539464,0.7607099451350129,0.06893140641104074
25865,GOF,0.08106088613260093,0.8148079973976217,0.10413111646977741
25866,GOF,0.05449441727925777,0.8070075545027795,0.13849802821796275
25867,GOF,0.07517527259231838,0.8331745697859206,0.09165015762176089
25868,GOF,0.24367395242985398,0.6519964582043964,0.10432958936574958
25869,Neutral,0.6791836367801393,0.27848973809126204,0.04232662512859879
25870,GOF,0.26890142846782183,0.4434621282408016,0.2876364432913768
25871,GOF,0.17936293302067916,0.6937954859644909,0.1268415810148301
25872,GOF,0.07127966429839672,0.6599556805642001,0.26876465513740333
25873,GOF,0.09999601924814265,0.7085694899534951,0.19143449079836228
25874,LOF,0.014400046859531095,0.12805827061715971,0.8575416825233092
25875,LOF,0.0927616879162081,0.044346935263764535,0.8628913768200273
25876,LOF,0.03694590225622802,0.03150738565437696,0.9315467120893951
25877,Neutral,0.5045794430589983,0.04200475748248347,0.45341579945851834
25878,LOF,0.21128507352702025,0.08467360030504785,0.7040413261679319
25879,LOF,0.08333304700351711,0.08659576251849121,0.8300711904779917
25880,LOF,0.03929167544803426,0.015238189036866877,0.945470135515099
25881,LOF,0.17211268594779017,0.1409997538013033,0.6868875602509065
25882,LOF,0.06660401382867262,0.018663610429194784,0.9147323757421325
25883,LOF,0.06652010897757589,0.021450637364777123,0.912029253657647
25884,LOF,0.03224563697091536,0.029107106433587025,0.9386472565954976
25885,LOF,0.06256151882422492,0.012128508830482282,0.9253099723452927
25886,LOF,0.27859579635256104,0.04279827796244241,0.6786059256849966
25887,LOF,0.16079053782380542,0.07437117110891012,0.7648382910672844
25888,LOF,0.06184417038036873,0.06791453000526076,0.8702412996143706
25889,LOF,0.04033524874847108,0.02092925343733571,0.9387354978141932
25890,LOF,0.04806906177067438,0.1558972539166941,0.7960336843126314
25891,LOF,0.038275551680401254,0.04788210304443203,0.9138423452751667
25892,LOF,0.08808456926558544,0.024560541750285915,0.8873548889841287
25893,LOF,0.2606883234677678,0.022932731260358708,0.7163789452718734
25894,LOF,0.16883085364840214,0.012489241365992785,0.8186799049856051
25895,LOF,0.2062814901783287,0.02465145762576888,0.7690670521959023
25896,LOF,0.04957076036367131,0.025848165177655015,0.9245810744586737
25897,LOF,0.27453770740568434,0.013775547732016839,0.7116867448622989
25898,Neutral,0.7128306207569093,0.011951197341633598,0.27521818190145725
25899,LOF,0.22289394022653528,0.026407325158653492,0.7506987346148112
25900,LOF,0.4377289144448085,0.015686478527469135,0.5465846070277224
25901,LOF,0.05064506922085021,0.0138928427940786,0.9354620879850711
25902,LOF,0.16369626820670233,0.01467298495006886,0.8216307468432288
25903,Neutral,0.5870001537122372,0.03024181775931233,0.3827580285284505
25904,LOF,0.3370515764882078,0.05250702223978585,0.6104414012720064
25905,LOF,0.027594919311039075,0.3157118337570162,0.6566932469319446
25906,LOF,0.029975031927703392,0.07605482563976351,0.8939701424325331
25907,LOF,0.015140297988893598,0.3452267134610904,0.639632988550016
25908,LOF,0.010491289103613868,0.2677856275635291,0.7217230833328571
25909,LOF,0.014033488034301931,0.1234034900322144,0.8625630219334838
25910,LOF,0.049079963592690214,0.12678944553135765,0.8241305908759522
25911,LOF,0.1808073454259935,0.03196013870286434,0.7872325158711422
25912,LOF,0.0469809565307602,0.06136376646568942,0.8916552770035503
25913,LOF,0.32682364091832883,0.0276489405577141,0.6455274185239571
25914,LOF,0.019227650401584483,0.05385916936655397,0.9269131802318615
25915,Neutral,0.5701491051394437,0.14463303865326918,0.2852178562072872
25916,LOF,0.07186537896864648,0.19139512994195185,0.7367394910894017
25917,LOF,0.059476753545178035,0.043530230686262814,0.8969930157685592
25918,LOF,0.021195923281062703,0.03320844222709129,0.945595634491846
25919,LOF,0.018555263276490777,0.03402427292106491,0.9474204638024443
25920,GOF,0.12324785355087602,0.5756056575085586,0.3011464889405654
25921,LOF,0.022920854651815304,0.04165054748328637,0.9354285978648983
25922,LOF,0.03314703104827291,0.029660865163128346,0.9371921037885987
25923,LOF,0.4540478719091233,0.0406524252028854,0.5052997028879913
25924,LOF,0.034976960366377076,0.05166616466324934,0.9133568749703737
25925,LOF,0.07335241047011547,0.04552764265462749,0.881119946875257
25926,LOF,0.052649021685324114,0.03932377665742345,0.9080272016572525
25927,LOF,0.057783691240940356,0.1308158139856763,0.8114004947733833
25928,LOF,0.01727146560601736,0.05504983675593694,0.9276786976380457
25929,Neutral,0.5761549596887571,0.043286133495233,0.38055890681601007
25930,LOF,0.06754470612484316,0.03478060338636297,0.8976746904887938
25931,LOF,0.025072305967972382,0.0323028481988976,0.9426248458331301
25932,LOF,0.027268062324044256,0.029153224997230165,0.9435787126787255
25933,LOF,0.03774905090023518,0.021877827244630135,0.9403731218551347
25934,LOF,0.023973582228121227,0.02357941045961096,0.9524470073122678
25935,LOF,0.06586116772596108,0.05665210955762764,0.8774867227164111
25936,LOF,0.044644824130822686,0.02596407478712954,0.9293911010820478
25937,LOF,0.02338064296987184,0.03808745529090217,0.9385319017392261
25938,LOF,0.06731620543587233,0.0591743686071182,0.8735094259570094
25939,LOF,0.03861663614354801,0.023582289072598024,0.9378010747838539
25940,LOF,0.029918467907663317,0.35243903974678564,0.617642492345551
25941,LOF,0.19072517251162593,0.11771402337074362,0.6915608041176304
25942,LOF,0.01461176408067176,0.037217634482258906,0.9481706014370694
25943,LOF,0.3219675415112532,0.056308348995571855,0.6217241094931749
25944,Neutral,0.48882298544568553,0.022502311172386776,0.4886747033819278
25945,LOF,0.0732751744571819,0.022820922684204353,0.9039039028586138
25946,LOF,0.031138510346663872,0.11179646033724217,0.857065029316094
25947,LOF,0.09083845896277816,0.16936612745425264,0.7397954135829693
25948,LOF,0.3315538427688792,0.008280406727356788,0.6601657505037639
25949,LOF,0.12156485069528403,0.03238597856703447,0.8460491707376815
25950,GOF,0.3053619969357148,0.36882697889573335,0.32581102416855173
25951,LOF,0.20960644151585364,0.2527020079066583,0.537691550577488
25952,LOF,0.0427601207079541,0.42215214672299767,0.5350877325690483
25953,LOF,0.1467334910358474,0.10777438828367925,0.7454921206804733
25954,Neutral,0.41328324510078496,0.17577204137745894,0.41094471352175604
25955,LOF,0.049355275498827046,0.08082702716512687,0.8698176973360461
25956,LOF,0.16214508695696225,0.10545148552236237,0.7324034275206753
25957,LOF,0.041389330229637714,0.032621656761683104,0.9259890130086791
25958,LOF,0.05288321946694089,0.03061735097269644,0.9164994295603628
25959,LOF,0.06287806553939619,0.34958493660649814,0.5875369978541056
25960,LOF,0.016158179574256953,0.05449365583130534,0.9293481645944378
25961,LOF,0.04135099248367812,0.030350901751181443,0.9282981057651405
25962,LOF,0.053995393574246535,0.02168359090313397,0.9243210155226195
25963,LOF,0.05238315152013436,0.1919739389712398,0.7556429095086259
25964,LOF,0.03553194727642313,0.14164553831134089,0.8228225144122359
25965,LOF,0.4480968231972358,0.06861955306706893,0.4832836237356952
25966,Neutral,0.4862254345008773,0.18342393066528667,0.330350634833836
25967,LOF,0.01604021362100033,0.11948579103299801,0.8644739953460017
25968,LOF,0.03504893111954093,0.4082891660852629,0.5566619027951962
25969,LOF,0.04155012534598246,0.06177472074662601,0.8966751539073915
25970,LOF,0.061679969310551426,0.06720068128056503,0.8711193494088836
25971,LOF,0.06814704544270586,0.020208562820041517,0.9116443917372528
25972,LOF,0.06744457234054028,0.028724514022300425,0.9038309136371593
25973,LOF,0.08707424890656981,0.008969017572439175,0.903956733520991
25974,LOF,0.1949505764337462,0.016034238088701094,0.7890151854775528
25975,LOF,0.047739164814058876,0.024126164691840687,0.9281346704941005
25976,LOF,0.046586297626316116,0.016183667289801452,0.9372300350838824
25977,LOF,0.14660196794432492,0.09170545935248148,0.7616925727031937
25978,LOF,0.1552759366544898,0.08546122518259051,0.7592628381629196
25979,LOF,0.13532010358368685,0.08277052038900934,0.7819093760273037
25980,LOF,0.22468388839770417,0.10461270951953515,0.6707034020827606
25981,LOF,0.25816312984293577,0.10161303388982278,0.6402238362672416
25982,LOF,0.45009242709816083,0.06376987337880835,0.48613769952303093
25983,LOF,0.4270537370829093,0.07403643886571161,0.49890982405137924
25984,LOF,0.05031184689110685,0.04385153431950868,0.9058366187893845
25985,LOF,0.03752689112511528,0.28119052320146454,0.6812825856734203
25986,LOF,0.0440890353768451,0.31442178318261865,0.6414891814405362
25987,LOF,0.0927166548773712,0.07333119950401422,0.8339521456186146
25988,LOF,0.15874319384153068,0.059947843796478814,0.7813089623619905
25989,LOF,0.03494489995128008,0.1113698690906714,0.8536852309580485
25990,LOF,0.041783162534322175,0.14639293104131484,0.8118239064243631
25991,LOF,0.13570940947038365,0.2317198366711908,0.6325707538584255
25992,LOF,0.3016287967938314,0.1342321715576479,0.5641390316485208
25993,LOF,0.022950255052348843,0.061525090535294945,0.9155246544123563
25994,LOF,0.016830808784310487,0.07920643582527209,0.9039627553904174
25995,LOF,0.024787962071910336,0.18087760775497924,0.7943344301731103
25996,GOF,0.3170663052355586,0.40626719584681115,0.2766664989176303
25997,LOF,0.07778930265376294,0.3660291522571131,0.5561815450891241
25998,Neutral,0.5216925823314086,0.028192802067678,0.45011461560091337
25999,LOF,0.117364370203311,0.0926690090035481,0.789966620793141
26000,LOF,0.13902691306393355,0.04764798524664958,0.8133251016894169
26001,LOF,0.18398183772883497,0.052558690762247985,0.763459471508917
26002,LOF,0.12877544905368526,0.04943318069565848,0.8217913702506563
26003,GOF,0.010213169801625184,0.5849107617940126,0.40487606840436213
26004,GOF,0.019238978729481243,0.6838787469963136,0.29688227427420527
26005,LOF,0.006555303552509566,0.45654789230563797,0.5368968041418525
26006,Neutral,0.5035823996929346,0.25923805772366815,0.23717954258339727
26007,GOF,0.019783823954035593,0.5164970114433083,0.4637191646026562
26008,GOF,0.017365245137266807,0.6166694620476783,0.3659652928150549
26009,GOF,0.019974283919997275,0.6718564687951506,0.3081692472848522
26010,GOF,0.020337361685829097,0.6326636330966254,0.3469990052175455
26011,LOF,0.006650760124179824,0.4295594970942544,0.5637897427815658
26012,GOF,0.01175360161499237,0.5390126295519672,0.44923376883304045
26013,GOF,0.017871310923208386,0.6027212630682417,0.3794074260085498
26014,LOF,0.0472630047270472,0.10300676021161802,0.8497302350613347
26015,LOF,0.13761590030705143,0.017122184952128094,0.8452619147408206
26016,LOF,0.20763264037978077,0.06384854533054501,0.7285188142896741
26017,LOF,0.22834418608482804,0.10247784401579076,0.6691779698993812
26018,LOF,0.08306493800031521,0.037762645651591334,0.8791724163480935
26019,LOF,0.07920072593934259,0.03056606657764527,0.8902332074830123
26020,LOF,0.07127332408975964,0.11785794511643885,0.8108687307938015
26021,LOF,0.04994095447166356,0.11457888019801034,0.8354801653303261
26022,LOF,0.01110474905804468,0.04240612541370045,0.9464891255282548
26023,LOF,0.06961657099588586,0.023942343521470996,0.9064410854826431
26024,LOF,0.033903736535155056,0.12471313382004803,0.8413831296447969
26025,LOF,0.15565950003779108,0.12159494201606233,0.7227455579461465
26026,LOF,0.328837219978808,0.030874506691334416,0.6402882733298577
26027,LOF,0.06213938756443206,0.01900440346201653,0.9188562089735515
26028,LOF,0.16894297876987818,0.06393448877645012,0.7671225324536717
26029,LOF,0.0662729630971548,0.1895368371391931,0.7441901997636522
26030,LOF,0.020631340346143452,0.0520668873771573,0.9273017722766993
26031,LOF,0.023534868405317075,0.1350263654294913,0.8414387661651915
26032,LOF,0.06046137573327971,0.0852387495360279,0.8542998747306924
26033,LOF,0.0813819261021423,0.08440601328562258,0.8342120606122351
26034,LOF,0.03971703804077549,0.1612194954649195,0.799063466494305
26035,LOF,0.02383533794188819,0.1541960758279205,0.8219685862301913
26036,LOF,0.03752441940936341,0.17673487577190827,0.7857407048187283
26037,LOF,0.020105589941755826,0.12290742801333335,0.856986982044911
26038,LOF,0.05577221309303074,0.08638962820255396,0.8578381587044154
26039,LOF,0.047071689724311847,0.1524648178412964,0.8004634924343917
26040,LOF,0.1943616837141854,0.14333805730530905,0.6623002589805055
26041,LOF,0.0202721767044585,0.1161547542294216,0.86357306906612
26042,LOF,0.018710682629943673,0.1084657774596163,0.8728235399104399
26043,LOF,0.05656500363870856,0.10076186357535927,0.8426731327859321
26044,LOF,0.018481720902496352,0.06792427728801087,0.9135940018094928
26045,LOF,0.0630917778279208,0.1013901542081017,0.8355180679639775
26046,LOF,0.051934267249610755,0.08398078543597633,0.864084947314413
26047,LOF,0.06932653016662868,0.08768890321365866,0.8429845666197128
26048,LOF,0.04607889201007865,0.04143172502077866,0.9124893829691427
26049,Neutral,0.9671122135365291,0.007087725705733072,0.025800060757737872
26050,Neutral,0.9518171457346011,0.009372767349103035,0.03881008691629583
26051,LOF,0.04698514835301439,0.26300186050439917,0.6900129911425864
26052,LOF,0.06913675427362775,0.3178709010735804,0.6129923446527918
26053,LOF,0.06241143525879751,0.14996167642178987,0.7876268883194126
26054,LOF,0.052184703052399375,0.017697937440587196,0.9301173595070135
26055,LOF,0.07346754186542255,0.01455558853550913,0.9119768695990683
26056,LOF,0.06343737757264911,0.016453094827328842,0.920109527600022
26057,LOF,0.03230427168468742,0.011806471678953788,0.9558892566363588
26058,LOF,0.03295422534425177,0.009793295755401912,0.9572524789003464
26059,LOF,0.29428034512122725,0.021760371376285895,0.6839592835024869
26060,LOF,0.03708803401317771,0.17015359558027301,0.7927583704065492
26061,LOF,0.01866447010147754,0.010560412069218914,0.9707751178293035
26062,LOF,0.01102879171276134,0.01703084185031763,0.971940366436921
26063,LOF,0.020744572510359736,0.011821239058783153,0.967434188430857
26064,LOF,0.019984617234479474,0.0200667867954331,0.9599485959700873
26065,LOF,0.02643701765969833,0.011195412969566254,0.9623675693707354
26066,LOF,0.020871651449670403,0.01106485736153091,0.9680634911887986
26067,LOF,0.027815474163429093,0.00875704824431353,0.9634274775922574
26068,LOF,0.047161948932318974,0.026866291732409127,0.925971759335272
26069,LOF,0.27546635154605603,0.01838700090188562,0.7061466475520585
26070,LOF,0.39912346499838414,0.015402595377799195,0.5854739396238168
26071,LOF,0.020980145338247016,0.01266902957557309,0.9663508250861799
26072,LOF,0.019876314912634044,0.0164440133904029,0.963679671696963
26073,LOF,0.02085911449163007,0.010053370034798956,0.9690875154735709
26074,Neutral,0.9100867154854987,0.005845215548647868,0.08406806896585348
26075,LOF,0.04511952376590509,0.014198017046165799,0.9406824591879293
26076,LOF,0.04162220761166247,0.009216739269402011,0.9491610531189355
26077,LOF,0.009930447818453793,0.015645631296029836,0.9744239208855164
26078,LOF,0.012734248396038414,0.011740215714506431,0.975525535889455
26079,LOF,0.062136007458875014,0.016536589583107487,0.9213274029580175
26080,LOF,0.06130392671443814,0.016569942091338444,0.9221261311942233
26081,LOF,0.03469383160935776,0.006139116547508157,0.9591670518431342
26082,LOF,0.013315381019843095,0.015913234983424254,0.9707713839967327
26083,LOF,0.1755264485400646,0.013924769545505962,0.8105487819144294
26084,LOF,0.03959083143016712,0.011724622252242838,0.94868454631759
26085,LOF,0.03605799806819922,0.011268537150200738,0.9526734647816
26086,LOF,0.021189325277696538,0.011468039707688872,0.9673426350146145
26087,LOF,0.024273166792817272,0.00800856245677293,0.9677182707504098
26088,LOF,0.015533659033664549,0.022122656185742582,0.962343684780593
26089,LOF,0.04416650270711474,0.019835709928690128,0.9359977873641953
26090,LOF,0.04371534217959292,0.016398940499800806,0.9398857173206062
26091,LOF,0.03462929372887366,0.006250737080873509,0.9591199691902528
26092,LOF,0.02316393310615411,0.007789214534386386,0.9690468523594594
26093,LOF,0.03613349098773003,0.00561440320965304,0.9582521058026169
26094,LOF,0.03798034290541859,0.005821242887597621,0.9561984142069837
26095,LOF,0.04041908171985227,0.01344581435068938,0.9461351039294584
26096,LOF,0.016731120169089904,0.011234587488027898,0.9720342923428822
26097,LOF,0.012285152251790533,0.032704668160318424,0.9550101795878911
26098,LOF,0.08585254800478721,0.01105612376551644,0.9030913282296963
26099,LOF,0.02204896332493698,0.011858602817364837,0.9660924338576983
26100,LOF,0.024346685829151733,0.011501757407776732,0.9641515567630716
26101,LOF,0.05061009374300751,0.01501473537656261,0.9343751708804299
26102,LOF,0.020764385325356616,0.012693705964996006,0.9665419087096474
26103,Neutral,0.8802250453573625,0.018674651990233382,0.1011003026524041
26104,LOF,0.0877392806482724,0.02370601589451593,0.8885547034572117
26105,LOF,0.22994424769384122,0.23542000641733365,0.5346357458888251
26106,LOF,0.19156063737524046,0.09672303254522165,0.7117163300795379
26107,LOF,0.23457665570900976,0.06821476669717497,0.6972085775938153
26108,LOF,0.23982456255654486,0.0780737186884445,0.6821017187550106
26109,LOF,0.0996875432024206,0.06328053412745385,0.8370319226701256
26110,LOF,0.18438498582521826,0.00891790278185065,0.806697111392931
26111,Neutral,0.5065587645735822,0.027913683615277785,0.46552755181114003
26112,LOF,0.03182618009032443,0.008387547492379748,0.9597862724172959
26113,LOF,0.059704361384407635,0.01898736517709793,0.9213082734384944
26114,LOF,0.02549674855475751,0.02880838203116609,0.9456948694140764
26115,LOF,0.08735772416042042,0.05892630348662457,0.8537159723529549
26116,LOF,0.06487510030526675,0.060048260440884356,0.8750766392538489
26117,LOF,0.434150969219694,0.044641077999711794,0.5212079527805943
26118,LOF,0.03520997062164798,0.027871979889230895,0.9369180494891212
26119,LOF,0.02389555311686425,0.033282365005702905,0.9428220818774329
26120,LOF,0.028513029854914527,0.020163200551044824,0.9513237695940407
26121,LOF,0.04416122615005387,0.08734649983615864,0.8684922740137875
26122,LOF,0.04214255887435106,0.03509463746397171,0.9227628036616773
