feature0,prediction,LoGoFunc_Neutral,LoGoFunc_GOF,LoGoFunc_LOF
25546,Neutral,0.6108210907410585,0.05548025308478225,0.33369865617415934
25547,Neutral,0.48208236150789713,0.09541247585195123,0.42250516264015153
25548,Neutral,0.48128700647034656,0.0790096024818141,0.43970339104783923
25549,LOF,0.4217944688183054,0.0810564545640479,0.49714907661764657
25550,LOF,0.3347588158751928,0.11625195099854609,0.5489892331262611
25551,LOF,0.2824922831497913,0.13169987394147806,0.5858078429087308
25552,LOF,0.2508252591871661,0.13361959678296367,0.6155551440298702
25553,Neutral,0.7831898534218836,0.049028283634352444,0.16778186294376407
25554,LOF,0.3008560701642651,0.12142981416157007,0.577714115674165
25555,LOF,0.2535564824864636,0.1130791924343615,0.6333643250791748
25556,Neutral,0.45059443470765836,0.10399878499912683,0.44540678029321473
25557,LOF,0.24373278599627,0.11995948900151363,0.6363077250022163
25558,LOF,0.2938258846050096,0.11436203517552583,0.5918120802194645
25559,LOF,0.23319238816967966,0.1424376234129788,0.6243699884173415
25560,LOF,0.13893958313468432,0.11569595570554407,0.7453644611597715
25561,LOF,0.1252502906483107,0.14209424473674853,0.7326554646149408
25562,LOF,0.05708598116794662,0.08998139265066896,0.8529326261813845
25563,LOF,0.01727285442436028,0.1376277685584296,0.8450993770172102
25564,LOF,0.12952637128665925,0.11767613604143753,0.7527974926719031
25565,LOF,0.20022906776405494,0.13971628193492827,0.6600546503010168
25566,GOF,0.07584536342690841,0.6578061942801181,0.2663484422929735
25567,LOF,0.04548468621794798,0.19385229421683806,0.7606630195652139
25568,LOF,0.06447196527453622,0.10380396263910927,0.8317240720863545
25569,LOF,0.06294138015161033,0.10083826708647506,0.8362203527619146
25570,LOF,0.027823742643770136,0.13220540112255813,0.8399708562336716
25571,LOF,0.026768558378827346,0.13591182109989025,0.8373196205212824
25572,LOF,0.06471433988086515,0.15614899709301525,0.7791366630261196
25573,LOF,0.05986870315460096,0.12580154838056792,0.8143297484648311
25574,LOF,0.06327004618682903,0.24322957360294742,0.6935003802102234
25575,LOF,0.022044486679056976,0.14660738134973797,0.831348131971205
25576,LOF,0.02888116375620013,0.20034450471252424,0.7707743315312757
25577,LOF,0.033268036583282555,0.14854402986958223,0.8181879335471351
25578,LOF,0.294731110748507,0.12977045687586872,0.5754984323756243
25579,LOF,0.18734033721786858,0.12709331677352112,0.6855663460086103
25580,LOF,0.019692731445445307,0.10655582763399693,0.8737514409205577
25581,LOF,0.05563486651501714,0.0939382132382557,0.8504269202467273
25582,LOF,0.05535602826880373,0.0921135704430608,0.8525304012881356
25583,LOF,0.02287731759742027,0.11765512303022826,0.8594675593723515
25584,Neutral,0.6907815169372079,0.14692331923950255,0.16229516382328954
25585,LOF,0.021309589991365625,0.1805744961124485,0.798115913896186
25586,LOF,0.017262057313928478,0.09853279840007721,0.8842051442859943
25587,LOF,0.017650473154156777,0.08967924813122444,0.8926702787146189
25588,LOF,0.020548363077169354,0.10465404620886008,0.8747975907139706
25589,Neutral,0.5004702798494934,0.2661214630120876,0.23340825713841898
25590,LOF,0.048840727060374976,0.15670723564249114,0.7944520372971339
25591,LOF,0.09011285357623913,0.0845074292081181,0.8253797172156427
25592,LOF,0.05717026199231816,0.2076430632021636,0.7351866748055182
25593,LOF,0.11555379220210985,0.33567560525515017,0.54877060254274
25594,LOF,0.0478632830905062,0.10015877335075787,0.851977943558736
25595,LOF,0.046351020042522256,0.06478015988622775,0.8888688200712499
25596,LOF,0.10645336274681205,0.02908657245772591,0.864460064795462
25597,LOF,0.080354590829275,0.038239814360302986,0.881405594810422
25598,LOF,0.04751093289110267,0.06769431362047734,0.8847947534884198
25599,LOF,0.026940228031874403,0.4272421870670225,0.5458175849011031
25600,GOF,0.1826589627814898,0.4535574913547189,0.36378354586379136
25601,LOF,0.04545271572101883,0.3383575564165574,0.6161897278624238
25602,LOF,0.033539838425243225,0.060797679570185316,0.9056624820045713
25603,LOF,0.03817647786881436,0.04257075653906144,0.9192527655921241
25604,LOF,0.03988996406043043,0.09085087778800238,0.8692591581515671
25605,LOF,0.03611395760610523,0.1852427251621498,0.778643317231745
25606,LOF,0.39037578376548066,0.12605793154719167,0.48356628468732765
25607,LOF,0.029846500606724682,0.16664608290223412,0.8035074164910413
25608,LOF,0.04053133165728662,0.09569738887440098,0.8637712794683123
25609,GOF,0.14848974011731758,0.5222052511053481,0.3293050087773343
25610,LOF,0.015242247923929971,0.046373360272030185,0.9383843918040399
25611,LOF,0.01270770573772456,0.05163224277632396,0.9356600514859514
25612,LOF,0.04354638757545079,0.0675049923229578,0.8889486201015915
25613,LOF,0.04153016425068413,0.06473735958343448,0.8937324761658815
25614,LOF,0.02130221819318897,0.04142988359385447,0.9372678982129566
25615,LOF,0.04479430781897822,0.06647548183843377,0.888730210342588
25616,LOF,0.04224153140739903,0.044768281361383964,0.9129901872312169
25617,LOF,0.03625871070385126,0.05293982321872172,0.9108014660774271
25618,LOF,0.04094441269336449,0.06361192498189892,0.8954436623247366
25619,LOF,0.012310722018708448,0.056479084889911615,0.93121019309138
25620,LOF,0.05148448390499187,0.06523926507886396,0.8832762510161443
25621,LOF,0.05630075432282699,0.05538791729564355,0.8883113283815295
25622,LOF,0.06425749704479197,0.05804608392516345,0.8776964190300445
25623,LOF,0.062306445887368986,0.051517197211564954,0.886176356901066
25624,LOF,0.016917962009685723,0.05484791155789867,0.9282341264324157
25625,LOF,0.05817706256486629,0.05142722377706708,0.8903957136580667
25626,LOF,0.04651523740779641,0.06226509831818775,0.8912196642740158
25627,Neutral,0.8880395960888618,0.022537290072992506,0.08942311383814565
25628,LOF,0.1564917775709296,0.06692289115063606,0.7765853312784343
25629,LOF,0.06446766183226882,0.05040451861163888,0.8851278195560923
25630,LOF,0.28814349599057915,0.06843130020499466,0.6434252038044261
25631,Neutral,0.5384675295281443,0.06216221150476599,0.3993702589670898
25632,LOF,0.027165688303302776,0.07196179914220001,0.9008725125544972
25633,LOF,0.20041017720691623,0.046959530328793624,0.7526302924642901
25634,LOF,0.03525074916880109,0.09504599055794911,0.8697032602732498
25635,LOF,0.03513582171604598,0.04996610995239004,0.9148980683315641
25636,LOF,0.035495241299688333,0.45733948248750056,0.507165276212811
25637,GOF,0.06689842610980205,0.5062260517556563,0.4268755221345417
25638,LOF,0.03130272208787555,0.38256486176107896,0.5861324161510456
25639,LOF,0.031117020005146954,0.44854472787596766,0.5203382521188854
25640,Neutral,0.8533448315645152,0.09866374886767505,0.0479914195678096
25641,GOF,0.07835337292465504,0.47582649663950477,0.44582013043584007
25642,LOF,0.06630667174463602,0.1777190156072289,0.7559743126481351
25643,LOF,0.22845715328328783,0.12735431516862492,0.6441885315480873
25644,GOF,0.015403749012563186,0.5330187909716324,0.45157746001580445
25645,LOF,0.01614447323473,0.47638546212773497,0.507470064637535
25646,LOF,0.041304148456255525,0.3467464711245187,0.6119493804192258
25647,LOF,0.017678924295563447,0.267256042015891,0.7150650336885455
25648,LOF,0.021411024711710944,0.2829902247323347,0.6955987505559543
25649,LOF,0.011477597847344543,0.2426874205469099,0.7458349816057457
25650,LOF,0.033995003720353904,0.46771174513419866,0.4982932511454473
25651,LOF,0.012309717082904308,0.29230345941024966,0.6953868235068461
25652,LOF,0.02001811670025582,0.28564440009259684,0.6943374832071473
25653,LOF,0.06173490095500505,0.45993826514328745,0.4783268339017076
25654,LOF,0.01380821868414391,0.22520638847949737,0.7609853928363588
25655,GOF,0.19161968430850965,0.45183492289319527,0.35654539279829517
25656,LOF,0.3233001111850197,0.08673336226516234,0.589966526549818
25657,LOF,0.05775405869695388,0.08823998010127905,0.854005961201767
25658,LOF,0.35103173511613744,0.08385742007746347,0.5651108448063991
25659,Neutral,0.46673223452434587,0.1154865245888214,0.4177812408868328
25660,LOF,0.021963752497384113,0.09620613944822574,0.8818301080543902
25661,LOF,0.09436740872167716,0.062176004159937785,0.8434565871183851
25662,LOF,0.03610830579854365,0.03515118073603503,0.9287405134654214
25663,LOF,0.04381870615169163,0.047705108857935115,0.9084761849903732
25664,LOF,0.13860853392194322,0.06015352047850058,0.8012379455995562
25665,LOF,0.06273045640181958,0.028387274942722477,0.9088822686554581
25666,LOF,0.09228335642265402,0.06361283118144553,0.8441038123959005
25667,LOF,0.0737771446812409,0.04254782778684627,0.8836750275319127
25668,LOF,0.037518415272953465,0.05193793392620939,0.9105436508008371
25669,LOF,0.031043555055821088,0.04640746120853477,0.9225489837356441
25670,LOF,0.1577704815140941,0.054818104474118605,0.7874114140117874
25671,LOF,0.11868183564472586,0.03604613378679841,0.8452720305684758
25672,LOF,0.056564601804034206,0.042390836860184196,0.9010445613357817
25673,LOF,0.08254379799862076,0.04882527640766294,0.8686309255937162
25674,LOF,0.0696879443591864,0.059770593659007956,0.8705414619818056
25675,LOF,0.11420167532041062,0.06094456691199393,0.8248537577675954
25676,LOF,0.018834925968718497,0.05368975711146898,0.9274753169198126
25677,LOF,0.024358720546815676,0.0725863943641264,0.903054885089058
25678,LOF,0.20710477482076564,0.07326452566502552,0.7196306995142088
25679,LOF,0.12915635046679164,0.0774172515687282,0.7934263979644802
25680,LOF,0.03345318831881634,0.11628447181922291,0.8502623398619609
25681,LOF,0.049248855277599514,0.10842912292011346,0.8423220218022871
25682,LOF,0.13603271969614883,0.07707071734676268,0.7868965629570885
25683,LOF,0.12272911015690569,0.09145774515646965,0.7858131446866246
25684,LOF,0.041019803491821466,0.06914790277390094,0.8898322937342775
25685,LOF,0.13170275584259583,0.07164703632383215,0.7966502078335721
25686,LOF,0.07394248733571857,0.10301034909043583,0.8230471635738456
25687,LOF,0.13278667918409826,0.10806783903817925,0.7591454817777225
25688,LOF,0.37372922890105603,0.046893555947177666,0.5793772151517663
25689,LOF,0.29003734982305174,0.05060726224458723,0.6593553879323609
25690,LOF,0.3560541712462509,0.0407193690890737,0.6032264596646754
25691,Neutral,0.7094841396200071,0.03649361244371704,0.25402224793627587
25692,LOF,0.3276859209122077,0.014083408527675973,0.6582306705601162
25693,LOF,0.04329000269321061,0.3896070436206393,0.56710295368615
25694,LOF,0.12683926076675794,0.0171365474612432,0.8560241917719988
25695,LOF,0.11783438061813001,0.01586488244044432,0.8663007369414256
25696,LOF,0.1335435555233934,0.009836490949925877,0.8566199535266807
25697,LOF,0.10024660811634806,0.05049124655256223,0.8492621453310897
25698,LOF,0.34065260572747796,0.14016553252335862,0.5191818617491635
25699,Neutral,0.535896097439548,0.045594515289085695,0.4185093872713662
25700,LOF,0.08164071942698083,0.010473062421473295,0.9078862181515458
25701,LOF,0.19805268534743847,0.047327252316101694,0.7546200623364598
25702,GOF,0.18494916817285603,0.5974669582977643,0.21758387352937966
25703,LOF,0.017162013319000264,0.15121210735283167,0.831625879328168
25704,LOF,0.039317898718405575,0.11395230661323669,0.8467297946683576
25705,LOF,0.05336691891283024,0.1463330708776626,0.8003000102095073
25706,LOF,0.09549042464111039,0.44550094758496833,0.45900862777392126
25707,LOF,0.08093009089093589,0.39309302944596075,0.5259768796631034
25708,LOF,0.03107592358365061,0.353011018778177,0.6159130576381725
25709,LOF,0.06795171126700941,0.046196222117909885,0.8858520666150806
25710,LOF,0.013093765736089369,0.15364984064261453,0.8332563936212961
25711,LOF,0.021171647427237702,0.07921839242390769,0.8996099601488545
25712,LOF,0.01588808438249991,0.19354431662185345,0.7905675989956467
25713,LOF,0.019165739354945754,0.0809070832977611,0.8999271773472931
25714,LOF,0.07338706471130546,0.07612948762090696,0.8504834476677877
25715,LOF,0.01161790813546762,0.13915129215868402,0.8492307997058482
25716,LOF,0.011246076118344286,0.11175272056597392,0.8770012033156818
25717,LOF,0.017128905715203785,0.06955066929022674,0.9133204249945694
25718,LOF,0.011523918250262692,0.0859383836512053,0.9025376980985321
25719,LOF,0.019809960539545545,0.07620810279237633,0.9039819366680782
25720,LOF,0.025447771375759976,0.07159291321755297,0.9029593154066871
25721,LOF,0.0132368441605557,0.11679010858006518,0.8699730472593792
25722,LOF,0.014192819344068096,0.11937829161191434,0.8664288890440176
25723,LOF,0.024003679447262945,0.04955900748378049,0.9264373130689567
25724,LOF,0.033322046983561865,0.08673589521517396,0.8799420578012641
25725,LOF,0.011717348534422198,0.07956703001638189,0.9087156214491959
25726,LOF,0.016599300060980267,0.10833728453380359,0.8750634154052161
25727,LOF,0.012125004083784896,0.08351739810119352,0.9043575978150216
25728,LOF,0.010135661989353775,0.10005132219496268,0.8898130158156836
25729,LOF,0.010284036361646957,0.10222040409274669,0.8874955595456064
25730,LOF,0.014294684013669328,0.08595513264151752,0.8997501833448132
25731,LOF,0.019221253683436877,0.1068082413414978,0.8739705049750652
25732,LOF,0.013950108878316414,0.07757393254567571,0.9084759585760078
25733,LOF,0.01548968429481646,0.07446053892683205,0.9100497767783515
25734,LOF,0.010618717348320143,0.12286587658227836,0.8665154060694015
25735,LOF,0.011720129207615412,0.08174001175820884,0.9065398590341758
25736,LOF,0.012948772235536388,0.09680393468701512,0.8902472930774485
25737,LOF,0.012170369967408366,0.07472828327295862,0.9131013467596331
25738,LOF,0.01196488352284575,0.10442912759120117,0.8836059888859531
25739,LOF,0.02034214379314267,0.07827247884592843,0.9013853773609288
25740,LOF,0.02822342504591427,0.12383806220493197,0.8479385127491539
25741,LOF,0.014752122642629196,0.11742073756229032,0.8678271397950805
25742,LOF,0.12278784926101516,0.08168887783285889,0.795523272906126
25743,LOF,0.03839855564323022,0.05406034187191993,0.9075411024848499
25744,Neutral,0.5682785666451289,0.2698498552095734,0.16187157814529773
25745,LOF,0.06606505078437482,0.0892166833415662,0.844718265874059
25746,LOF,0.04279767990453262,0.11666345863934499,0.8405388614561223
25747,LOF,0.019486352656446288,0.0756164649407353,0.9048971824028184
25748,LOF,0.11849040482254548,0.12072199394918753,0.7607876012282669
25749,LOF,0.02676478063526519,0.10581710669193567,0.8674181126727991
25750,LOF,0.07172174787133173,0.10498593357385458,0.8232923185548137
25751,LOF,0.08375115319306711,0.14637891704541026,0.7698699297615228
25752,GOF,0.10815795813729244,0.6486474559002624,0.24319458596244511
25753,LOF,0.02375444180459794,0.2738359802423299,0.7024095779530721
25754,GOF,0.014064125741330175,0.7926540298249574,0.1932818444337125
25755,LOF,0.025046998206095496,0.39621034191959903,0.5787426598743055
25756,LOF,0.047659495532757286,0.3732728772565909,0.5790676272106517
25757,GOF,0.018812290447627597,0.8385813973699336,0.14260631218243883
25758,GOF,0.030471319811063723,0.7893204489328559,0.1802082312560803
25759,GOF,0.011353297482626664,0.5949192792064961,0.3937274233108771
25760,LOF,0.013549600377043291,0.2714636581527184,0.7149867414702383
25761,GOF,0.26122402373222164,0.6290082668644654,0.10976770940331296
25762,LOF,0.04565080796905684,0.2819198714423015,0.6724293205886416
25763,LOF,0.014729666967111987,0.21205963196845906,0.7732107010644289
25764,GOF,0.08440939656060269,0.6384530813936541,0.27713752204574327
25765,GOF,0.03819899836385299,0.7265951260768269,0.2352058755593201
25766,GOF,0.06724190422941036,0.7633727558803259,0.16938533989026378
25767,GOF,0.16358056999480186,0.5240361101017726,0.3123833199034255
25768,LOF,0.11161297532899948,0.051739281624348786,0.8366477430466517
25769,LOF,0.05399267014639034,0.06853636338272234,0.8774709664708874
25770,LOF,0.308161932362066,0.11588676402886126,0.5759513036090727
25771,LOF,0.04988855022517098,0.049441615390186704,0.9006698343846423
25772,LOF,0.018815059033975377,0.05411168725744304,0.9270732537085816
25773,LOF,0.04778698540328524,0.08945676591416549,0.8627562486825492
25774,LOF,0.028919683730218155,0.08436403369844789,0.8867162825713338
25775,LOF,0.0468665896425067,0.05837266758665602,0.8947607427708373
25776,LOF,0.07714523066714586,0.03151885394426527,0.8913359153885888
25777,LOF,0.34894516889859656,0.0682307938864547,0.5828240372149488
25778,LOF,0.0724342562913792,0.05085171258206439,0.8767140311265564
25779,GOF,0.3832320055687774,0.5760738577405052,0.0406941366907174
25780,GOF,0.386470031306148,0.5453011842292902,0.06822878446456189
25781,GOF,0.1426899585421479,0.7568893632292342,0.1004206782286179
25782,GOF,0.22998765279580397,0.6883027383424392,0.08170960886175689
25783,GOF,0.02265659476820281,0.6395055623915369,0.33783784284026025
25784,Neutral,0.4996141935390598,0.45527305162808207,0.04511275483285823
25785,Neutral,0.506014926149143,0.45896677264507396,0.03501830120578303
25786,GOF,0.02927910321515653,0.7553789051103169,0.21534199167452658
25787,Neutral,0.667684033261186,0.30905082607452605,0.023265140664288017
25788,LOF,0.053052488764482715,0.09954568046903309,0.8474018307664841
25789,GOF,0.23575089296982873,0.6282345029594041,0.1360146040707672
25790,GOF,0.24684179817611865,0.6483257642595807,0.10483243756430076
25791,GOF,0.15639027448463128,0.6908037849460914,0.15280594056927724
25792,GOF,0.3742747852020866,0.5095928781619283,0.11613233663598499
25793,GOF,0.26979414370491456,0.5196256892823312,0.21058016701275434
25794,GOF,0.33926250248009254,0.5076692809205114,0.15306821659939593
25795,GOF,0.08184379121299501,0.6761996708541176,0.2419565379328874
25796,Neutral,0.571449815750036,0.35450906748079825,0.0740411167691658
25797,GOF,0.10001986817515549,0.5398608397146999,0.36011929211014476
25798,GOF,0.008725280573544452,0.5325101614470457,0.45876455797940985
25799,LOF,0.007329028035103344,0.44244284024652564,0.550228131718371
25800,GOF,0.0340938590693715,0.6243998539782376,0.34150628695239094
25801,GOF,0.25270317160288996,0.6472103285121075,0.10008649988500247
25802,GOF,0.06018725926352189,0.7196763193969522,0.22013642133952593
25803,GOF,0.03612056588379344,0.6085318702232138,0.3553475638929927
25804,GOF,0.03420298115313525,0.5451157245007254,0.4206812943461394
25805,GOF,0.09561053866120137,0.6265502982617085,0.2778391630770902
25806,GOF,0.12475066038542576,0.6056538492298031,0.26959549038477104
25807,GOF,0.019528401960388794,0.6347960155197798,0.3456755825198314
25808,GOF,0.09270736414396694,0.6352364211430689,0.27205621471296415
25809,GOF,0.01945710447608708,0.6401707985117815,0.3403720970121314
25810,GOF,0.018893781775495597,0.6390543320905356,0.3420518861339688
25811,Neutral,0.4783951988532258,0.4564091930233401,0.065195608123434
25812,GOF,0.0346590025462215,0.6235849196151706,0.3417560778386079
25813,Neutral,0.567021986516066,0.33359923357817955,0.09937877990575449
25814,GOF,0.13515646297418882,0.631652564676605,0.23319097234920613
25815,GOF,0.21277125900264796,0.6007802041592876,0.1864485368380645
25816,GOF,0.020899861876974145,0.6585292030716855,0.3205709350513404
25817,GOF,0.25159387145005363,0.6016008430346784,0.14680528551526795
25818,GOF,0.057601538561931835,0.5794949924179741,0.3629034690200942
25819,GOF,0.3960808315659373,0.44585444216488995,0.1580647262691726
25820,GOF,0.16905939206144482,0.5976207823803199,0.23331982555823522
25821,GOF,0.056244102526260255,0.6584806925493223,0.28527520492441744
25822,GOF,0.21930600719165894,0.5238508196256121,0.2568431731827289
25823,GOF,0.03172819440643385,0.5105891738607736,0.4576826317327926
25824,GOF,0.08308184301161581,0.554643855279455,0.3622743017089292
25825,GOF,0.033033707447201216,0.5492762659268334,0.4176900266259653
25826,GOF,0.010996902412838995,0.5221530504001279,0.466850047187033
25827,GOF,0.02145026675401486,0.5895681663424851,0.3889815669035
25828,GOF,0.012821692750215974,0.5125039937693286,0.47467431348045536
25829,GOF,0.00648942029348597,0.5620342714191852,0.4314763082873289
25830,LOF,0.04173380725262479,0.29158199877241553,0.6666841939749597
25831,GOF,0.2145400579461817,0.6494591499580579,0.13600079209576046
25832,GOF,0.033962357385245695,0.6649125484994208,0.30112509411533345
25833,GOF,0.13171630859008104,0.668926941516208,0.199356749893711
25834,GOF,0.04038348280471286,0.6702512253526506,0.28936529184263654
25835,GOF,0.08956783974080025,0.7051677911095666,0.205264369149633
25836,GOF,0.04867095823050555,0.6302305481215593,0.3210984936479351
25837,GOF,0.026120530959932216,0.5311384197495894,0.4427410492904784
25838,GOF,0.08546403553771943,0.7162524707989721,0.19828349366330839
25839,GOF,0.34467830084015394,0.5128771270849883,0.14244457207485786
25840,GOF,0.25905370065019107,0.5818934279849993,0.15905287136480958
25841,GOF,0.2656623934832273,0.5780565713424595,0.15628103517431324
25842,GOF,0.19002267499983935,0.6506367847524004,0.15934054024776026
25843,GOF,0.26701713587489495,0.6184699348168112,0.11451292930829376
25844,GOF,0.07160770136580613,0.6675315443732733,0.26086075426092065
25845,LOF,0.015357115976155635,0.49079149239944164,0.49385139162440267
25846,GOF,0.1232532712424051,0.7110045483219033,0.16574218043569156
25847,GOF,0.12640176616252927,0.7493476332528629,0.12425060058460784
25848,GOF,0.03653340698724082,0.6694754460005183,0.2939911470122408
25849,GOF,0.011084604351215697,0.5673246597040023,0.421590735944782
25850,GOF,0.021454818494800878,0.6435517708166382,0.33499341068856103
25851,GOF,0.017141685843314967,0.5376180445919417,0.44524026956474344
25852,GOF,0.16960497053964269,0.5522389420168082,0.2781560874435491
25853,GOF,0.3801386882430495,0.5499792751821923,0.06988203657475817
25854,GOF,0.020752330140580207,0.628310652518373,0.3509370173410468
25855,GOF,0.03487713492713433,0.6132196335145303,0.35190323155833536
25856,GOF,0.2500444547006846,0.5405783482103108,0.20937719708900462
25857,GOF,0.03477141742301285,0.5272526899618123,0.4379758926151749
25858,GOF,0.018195951917940704,0.5799828505246906,0.4018211975573686
25859,GOF,0.00978687801360511,0.5562114866914639,0.4340016352949311
25860,GOF,0.3814250521174079,0.5452519653661186,0.0733229825164735
25861,GOF,0.4610256378955994,0.4714566530432882,0.06751770906111233
25862,GOF,0.09546558164466341,0.7491981074262303,0.15533631092910616
25863,GOF,0.09281199733381733,0.7513990638119334,0.1557889388542493
25864,GOF,0.21521509918935022,0.6965773461132618,0.08820755469738809
25865,GOF,0.08954040047398087,0.7829800909924888,0.12747950853353035
25866,GOF,0.06447374941759776,0.7956090313731359,0.13991721920926617
25867,GOF,0.08549917229535194,0.8049495876278985,0.10955124007674956
25868,GOF,0.280489252392653,0.6278607659886422,0.09164998161870483
25869,Neutral,0.689664886330872,0.2753088904566969,0.03502622321243123
25870,LOF,0.30694766819328856,0.33639430491905103,0.3566580268876604
25871,GOF,0.21010045774900216,0.6314276609224022,0.1584718813285956
25872,GOF,0.08100227888225926,0.6070208153021136,0.31197690581562704
25873,GOF,0.14696351126666002,0.6334283882209707,0.2196081005123693
25874,LOF,0.018640430986800585,0.11427320531933738,0.867086363693862
25875,LOF,0.09456074732107445,0.03814120808313877,0.8672980445957867
25876,LOF,0.03950281839927066,0.04234480250283747,0.9181523790978919
25877,Neutral,0.5381580586251709,0.03901783780644727,0.42282410356838185
25878,LOF,0.23321850792522178,0.07310485452571387,0.6936766375490643
25879,LOF,0.09432695775685733,0.06268725507595845,0.8429857871671843
25880,LOF,0.023083609083028058,0.020813400583289683,0.9561029903336823
25881,LOF,0.20834820350618083,0.089435862592945,0.7022159339008741
25882,LOF,0.07744578831945115,0.015506764751888872,0.90704744692866
25883,LOF,0.08834988516900824,0.01794271249555076,0.8937074023354411
25884,LOF,0.04008168137815457,0.03006180659302235,0.929856512028823
25885,LOF,0.07074042130557655,0.01105904927184464,0.9182005294225788
25886,LOF,0.3446271097869776,0.02858358595994583,0.6267893042530766
25887,LOF,0.16723426643473435,0.056336703903064764,0.7764290296622008
25888,LOF,0.0771434233230159,0.051438302976110406,0.8714182737008738
25889,LOF,0.05297460031818479,0.01777717569079731,0.929248223991018
25890,LOF,0.050988181188914385,0.12390713586502974,0.8251046829460559
25891,LOF,0.04380059275716484,0.04593699952501821,0.9102624077178169
25892,LOF,0.1028572905261566,0.019816555285328042,0.8773261541885153
25893,LOF,0.27985083443444175,0.015612407701975925,0.7045367578635823
25894,LOF,0.19492580094747414,0.00852618190675682,0.7965480171457691
25895,LOF,0.2142056843495159,0.01870648223910026,0.7670878334113838
25896,LOF,0.04737410993626163,0.019634131817839177,0.9329917582458992
25897,LOF,0.263878252462152,0.011861935293179532,0.7242598122446685
25898,Neutral,0.7139567230605929,0.008627446558392664,0.27741583038101464
25899,LOF,0.25497334419708995,0.02380972362509327,0.7212169321778168
25900,LOF,0.4638906679061613,0.01809100610436609,0.5180183259894725
25901,LOF,0.059935133011361816,0.01128094706871595,0.9287839199199224
25902,LOF,0.20328548393203966,0.011866979139345448,0.7848475369286149
25903,Neutral,0.5302444046692052,0.03068054710474718,0.4390750482260476
25904,LOF,0.30017110274350106,0.04829440053012338,0.6515344967263755
25905,LOF,0.023984922219439146,0.29799138481795884,0.678023692962602
25906,LOF,0.024598867491808472,0.06589261779458426,0.9095085147136074
25907,LOF,0.015172065703554583,0.31191796991932197,0.6729099643771235
25908,LOF,0.010717459349988594,0.21547327021484827,0.7738092704351632
25909,LOF,0.013657830268780757,0.13038784270560047,0.8559543270256187
25910,LOF,0.051184159574277986,0.11792814363736843,0.8308876967883535
25911,LOF,0.1477761197890009,0.02646650889206065,0.8257573713189384
25912,LOF,0.04432639830661785,0.043105261262830284,0.9125683404305518
25913,LOF,0.31214716277963783,0.022153620007204416,0.6656992172131578
25914,LOF,0.018864995925506067,0.1343451251596762,0.8467898789148177
25915,Neutral,0.4278545229073854,0.3666232885509237,0.20552218854169083
25916,LOF,0.05305980559936076,0.3996311691793263,0.547309025221313
25917,LOF,0.05821073277507698,0.07976716146580462,0.8620221057591184
25918,LOF,0.027108085167560185,0.0788433861869905,0.8940485286454494
25919,LOF,0.021992677975091933,0.08235775836853543,0.8956495636563727
25920,GOF,0.11943870158715672,0.4946689893196301,0.38589230909321315
25921,LOF,0.027654473191523168,0.027072823984805088,0.9452727028236717
25922,LOF,0.03834342214850588,0.017773247586404004,0.9438833302650901
25923,LOF,0.4285721993155214,0.023387207137232212,0.5480405935472464
25924,LOF,0.03790589311273615,0.03795641086716561,0.9241376960200982
25925,LOF,0.06900778024712206,0.02944416913700768,0.9015480506158702
25926,LOF,0.049120913603819226,0.02202700886449918,0.9288520775316815
25927,LOF,0.07283954780693641,0.07708531533649887,0.8500751368565648
25928,LOF,0.02145975042653697,0.03431112501744348,0.9442291245560196
25929,Neutral,0.5639765035912379,0.025039285031085646,0.41098421137767643
25930,LOF,0.05784191157093125,0.020222312770549634,0.921935775658519
25931,LOF,0.03257412791124509,0.02125200788023763,0.9461738642085172
25932,LOF,0.027403560533741805,0.02157027705044433,0.9510261624158138
25933,LOF,0.039975437434875784,0.015010976601260209,0.945013585963864
25934,LOF,0.024891642830919596,0.018422189811097965,0.9566861673579825
25935,LOF,0.0636853406061026,0.032762414757082754,0.9035522446368147
25936,LOF,0.04943398157422852,0.024558724015118678,0.9260072944106528
25937,LOF,0.028364987242635923,0.02660360040840557,0.9450314123489586
25938,LOF,0.06380860763616042,0.0338411575803385,0.9023502347835012
25939,LOF,0.039042904714207315,0.013189226163423811,0.9477678691223689
25940,LOF,0.029813529532129415,0.4019431046871687,0.5682433657807019
25941,LOF,0.19098632858112702,0.08926776184076779,0.7197459095781051
25942,LOF,0.01716867485814493,0.03268631825348675,0.9501450068883683
25943,LOF,0.31393231175563313,0.052656741034642664,0.6334109472097242
25944,Neutral,0.487164428782538,0.026129312011577036,0.48670625920588506
25945,LOF,0.07189900330628615,0.024457382901843967,0.9036436137918699
25946,LOF,0.02661332720486134,0.10986713886547948,0.8635195339296592
25947,LOF,0.11427270837914166,0.21390376865078206,0.6718235229700763
25948,LOF,0.4092710328547638,0.010249157339702046,0.5804798098055343
25949,LOF,0.11984746203492103,0.045851370496529854,0.8343011674685491
25950,GOF,0.2722836750389738,0.4338534184174576,0.2938629065435685
25951,LOF,0.24119511536234278,0.2349820152230464,0.5238228694146109
25952,LOF,0.0396728204304711,0.4457116290042772,0.5146155505652517
25953,LOF,0.11881035493045117,0.1198672876011122,0.7613223574684367
25954,Neutral,0.4336138479266124,0.22413372057853123,0.34225243149485635
25955,LOF,0.05715140564722102,0.09150790156138301,0.8513406927913959
25956,LOF,0.1822135240827559,0.10538162320546322,0.7124048527117808
25957,LOF,0.03867245826073905,0.032680305675017875,0.928647236064243
25958,LOF,0.06269267578622778,0.026755310598651574,0.9105520136151207
25959,LOF,0.06491258194217049,0.3787805687638644,0.5563068492939651
25960,LOF,0.01908364051942408,0.05719841208955048,0.9237179473910255
25961,LOF,0.05182054976969772,0.029182219921767765,0.9189972303085345
25962,LOF,0.06032583918200134,0.029450568157202015,0.9102235926607967
25963,LOF,0.04874267479232883,0.174600489598065,0.7766568356096062
25964,LOF,0.03850262590729959,0.14838198644573752,0.8131153876469628
25965,LOF,0.43647530794099426,0.08486027371959318,0.4786644183394126
25966,Neutral,0.46390077045062594,0.1052903017944691,0.430808927754905
25967,LOF,0.013867833860135103,0.05425401246728121,0.9318781536725838
25968,GOF,0.032932680710260766,0.5209083027266185,0.4461590165631207
25969,LOF,0.027431874313117572,0.05759503904383756,0.9149730866430449
25970,LOF,0.06742305308673517,0.04984770200329285,0.882729244909972
25971,LOF,0.08153925100446612,0.015664269536167466,0.9027964794593664
25972,LOF,0.08231509414917146,0.019952803057425802,0.8977321027934029
25973,LOF,0.10384786449117084,0.009219752758411125,0.8869323827504181
25974,LOF,0.19907241022616032,0.01729326237709545,0.7836343273967442
25975,LOF,0.059733759450941226,0.029646901505740144,0.9106193390433186
25976,LOF,0.048556814243396425,0.014619217203029241,0.9368239685535743
25977,LOF,0.15091959415214418,0.09057136872018892,0.7585090371276668
25978,LOF,0.13700278130847576,0.044286140202992444,0.8187110784885318
25979,LOF,0.12872507979916314,0.045411131883811115,0.8258637883170258
25980,LOF,0.18102832566903895,0.06382661190809132,0.7551450624228697
25981,LOF,0.21134356415753866,0.06191020570075534,0.726746230141706
25982,LOF,0.38884411627877274,0.04084119316664429,0.570314690554583
25983,LOF,0.3652225923195937,0.04698011440514618,0.5877972932752601
25984,LOF,0.05501484999870455,0.05129884762891202,0.8936863023723836
25985,LOF,0.025152569384848306,0.2244914438223515,0.7503559867928001
25986,LOF,0.04123097946761004,0.2396553079072347,0.7191137126251553
25987,LOF,0.07904126416004548,0.0663069468053283,0.8546517890346264
25988,LOF,0.14014362666111638,0.05347589631027668,0.8063804770286069
25989,LOF,0.028478982206132052,0.10266534395391853,0.8688556738399494
25990,LOF,0.03652794870659293,0.12555535555371553,0.8379166957396915
25991,LOF,0.2019301881424365,0.26193964674862946,0.536130165108934
25992,LOF,0.39645317871204244,0.1346106203408628,0.46893620094709476
25993,LOF,0.02465608816681294,0.07356372936522433,0.9017801824679628
25994,LOF,0.018838571148020792,0.100167451455629,0.8809939773963502
25995,LOF,0.027645040525362305,0.1764350943422767,0.7959198651323609
25996,GOF,0.3125733034959192,0.4158524749390771,0.27157422156500366
25997,LOF,0.11329081287813153,0.439097068312379,0.44761211880948953
25998,Neutral,0.5183286393140097,0.0276002311071925,0.45407112957879775
25999,LOF,0.11539297912343353,0.11913411267164448,0.7654729082049221
26000,LOF,0.16853956666325148,0.030179765377361396,0.8012806679593871
26001,LOF,0.18108217426076645,0.032341816806300626,0.786576008932933
26002,LOF,0.12802763313764404,0.034144625452971034,0.8378277414093849
26003,GOF,0.01181465601939131,0.5549625292105882,0.43322281477002045
26004,GOF,0.025137702763730077,0.6074206610158618,0.367441636220408
26005,LOF,0.009776232999910617,0.41217438510303456,0.5780493818970548
26006,Neutral,0.5086799675250175,0.21844973807674334,0.272870294398239
26007,LOF,0.02571862439947503,0.48156279874457086,0.49271857685595427
26008,GOF,0.0212923678671072,0.5319648568053172,0.4467427753275755
26009,GOF,0.027093171149817095,0.567190212798141,0.40571661605204196
26010,GOF,0.029505181367684666,0.555543916683743,0.41495090194857226
26011,LOF,0.00820126189931322,0.41248285370350396,0.5793158843971828
26012,GOF,0.018212443908512843,0.5024185705643607,0.47936898552712653
26013,GOF,0.02034362285526262,0.5581832853110396,0.42147309183369785
26014,LOF,0.048377587392981126,0.15656905704126703,0.7950533555657517
26015,LOF,0.20992932238202217,0.008569266011507185,0.7815014116064706
26016,LOF,0.2411103530972341,0.03719599820465217,0.7216936486981138
26017,LOF,0.26264309068411984,0.057512385325092855,0.6798445239907873
26018,LOF,0.11370080035490952,0.03364203088337411,0.8526571687617163
26019,LOF,0.10753956645010336,0.02564047037535987,0.8668199631745367
26020,LOF,0.06697170156150115,0.08557797090363993,0.8474503275348588
26021,LOF,0.04967577425870793,0.09280608748681925,0.8575181382544728
26022,LOF,0.011739189208045982,0.0356963440414331,0.952564466750521
26023,LOF,0.13514830206076203,0.020836916565782588,0.8440147813734554
26024,LOF,0.030228888653258353,0.10058872273427595,0.8691823886124657
26025,LOF,0.1797562240193226,0.08767709468204081,0.7325666812986367
26026,LOF,0.3364678070862772,0.020746649846018775,0.642785543067704
26027,LOF,0.10436825029525013,0.014481978041830072,0.8811497716629199
26028,LOF,0.15574245967989447,0.06936860649025171,0.7748889338298538
26029,LOF,0.06666315224292978,0.19084544996429373,0.7424913977927764
26030,LOF,0.022271033131342464,0.0600243871919906,0.917704579676667
26031,LOF,0.02582889816780654,0.15587141151815356,0.8182996903140398
26032,LOF,0.06299877353138388,0.06260072345341015,0.8744005030152059
26033,LOF,0.11071721216903953,0.07931116291828157,0.8099716249126788
26034,LOF,0.04091776392339345,0.15793128429322306,0.8011509517833836
26035,LOF,0.02513023172336452,0.15062421444001098,0.8242455538366245
26036,LOF,0.03479420160924231,0.1815871892925313,0.7836186090982264
26037,LOF,0.020775589856849852,0.12655790526289712,0.852666504880253
26038,LOF,0.05888244813984113,0.06681998479689823,0.8742975670632607
26039,LOF,0.051332586860647775,0.15602718983680203,0.7926402233025502
26040,LOF,0.1808515845948133,0.14615974187053857,0.6729886735346481
26041,LOF,0.021034260485248264,0.12370901315607823,0.8552567263586736
26042,LOF,0.021369703474289455,0.11539470135614305,0.8632355951695674
26043,LOF,0.058723721869064965,0.08212485847060876,0.8591514196603263
26044,LOF,0.018316706481570147,0.07387122020431486,0.907812073314115
26045,LOF,0.07128159561135486,0.10926901787915216,0.819449386509493
26046,LOF,0.060221272903299344,0.08074677695701804,0.8590319501396826
26047,LOF,0.08701800761085955,0.0867682127360809,0.8262137796530595
26048,LOF,0.04898607402090489,0.04677437618004652,0.9042395497990486
26049,Neutral,0.9588386280832747,0.008962027606437863,0.03219934431028741
26050,Neutral,0.9398060420120999,0.011246473579917655,0.04894748440798238
26051,LOF,0.04462430065798013,0.2564489164069393,0.6989267829350806
26052,LOF,0.07271008863037749,0.27250802027402776,0.6547818910955947
26053,LOF,0.060342249239604254,0.12258620401711073,0.8170715467432851
26054,LOF,0.06145220064745832,0.017865082882770358,0.9206827164697714
26055,LOF,0.07243944995338153,0.01488134538486527,0.9126792046617532
26056,LOF,0.0607207727386796,0.01599061645044473,0.9232886108108757
26057,LOF,0.03246919200173268,0.01127986192188123,0.956250946076386
26058,LOF,0.033722619433711055,0.008708305774913674,0.9575690747913753
26059,LOF,0.315631400841107,0.024858501339597976,0.659510097819295
26060,LOF,0.030250149975234942,0.16004807652743494,0.8097017734973301
26061,LOF,0.01974696727163389,0.010169425366721335,0.9700836073616448
26062,LOF,0.011560828663326753,0.01897008282632101,0.9694690885103521
26063,LOF,0.023228393043990662,0.012630569831070181,0.9641410371249391
26064,LOF,0.023875243848798817,0.019949564218162116,0.956175191933039
26065,LOF,0.024908345315083666,0.011809666663953245,0.9632819880209631
26066,LOF,0.021063938058322493,0.011573834118062539,0.967362227823615
26067,LOF,0.02705227278833942,0.008682168370418249,0.9642655588412423
26068,LOF,0.04982118575521154,0.032311989979301174,0.9178668242654873
26069,LOF,0.26998333011228587,0.018417771727356747,0.7115988981603575
26070,LOF,0.418348600905017,0.015236906631761601,0.5664144924632213
26071,LOF,0.02365339537344814,0.012779444535427094,0.9635671600911248
26072,LOF,0.022384692593219308,0.01679669801057172,0.9608186093962089
26073,LOF,0.024669026601357773,0.010946058288097549,0.9643849151105447
26074,Neutral,0.9090248691659071,0.005616390074240682,0.08535874075985239
26075,LOF,0.04512900995715484,0.015377165033615154,0.9394938250092301
26076,LOF,0.04561401150129407,0.00846394352338834,0.9459220449753175
26077,LOF,0.008894559443614279,0.018651953477297926,0.9724534870790877
26078,LOF,0.014147571620751472,0.010756233530353234,0.9750961948488953
26079,LOF,0.0631540428604313,0.018436666022192218,0.9184092911173766
26080,LOF,0.061474823017349495,0.01847389173719563,0.9200512852454548
26081,LOF,0.03847797103960443,0.006140278716969291,0.9553817502434263
26082,LOF,0.017297471142206592,0.013483855202460012,0.9692186736553335
26083,LOF,0.1302066806957868,0.012190432451114017,0.8576028868530992
26084,LOF,0.02688058603857083,0.011812746263675056,0.9613066676977542
26085,LOF,0.02225146216571319,0.011322555703257797,0.966425982131029
26086,LOF,0.023329302871934264,0.011887801491387257,0.9647828956366786
26087,LOF,0.028071021785864306,0.007915617980143671,0.964013360233992
26088,LOF,0.016970912235070947,0.025263876355777773,0.9577652114091513
26089,LOF,0.045529579417125106,0.023021497695468223,0.9314489228874065
26090,LOF,0.04356011181213346,0.01791933880096181,0.9385205493869048
26091,LOF,0.03909993289685896,0.006137098384721423,0.9547629687184197
26092,LOF,0.027754319766610972,0.008039291272729981,0.9642063889606591
26093,LOF,0.04146298501498425,0.005819405456928612,0.952717609528087
26094,LOF,0.044160999904472996,0.006804065464307381,0.9490349346312197
26095,LOF,0.04860844783971335,0.01282862896718025,0.9385629231931064
26096,LOF,0.0201456552719876,0.010947778091828207,0.9689065666361842
26097,LOF,0.011418137006714114,0.03821978351108234,0.9503620794822035
26098,LOF,0.07134548961119407,0.011304029594858782,0.9173504807939472
26099,LOF,0.024037939090941096,0.012526788908332058,0.963435272000727
26100,LOF,0.026404956298827845,0.011880496600452673,0.9617145471007195
26101,LOF,0.0546320701797428,0.012033890798406992,0.9333340390218502
26102,LOF,0.025860999960662334,0.015783623190357112,0.9583553768489805
26103,Neutral,0.8920552738408303,0.018370774558083544,0.08957395160108628
26104,LOF,0.0880305924258032,0.026677931357588197,0.8852914762166085
26105,LOF,0.2105261935977122,0.2659821574350813,0.5234916489672066
26106,LOF,0.2084694154587644,0.10584062341538855,0.6856899611258471
26107,LOF,0.240646633994,0.07161396007894882,0.6877394059270512
26108,LOF,0.2301632064471611,0.12760066306244802,0.6422361304903909
26109,LOF,0.08223019349116797,0.09372569124886514,0.8240441152599669
26110,LOF,0.23924828865654033,0.005633625253933689,0.755118086089526
26111,LOF,0.4801671910504817,0.014526016095769619,0.5053067928537487
26112,LOF,0.03587683851497088,0.007429599454232495,0.9566935620307966
26113,LOF,0.05893033730032415,0.013416934157221469,0.9276527285424543
26114,LOF,0.028085284950613035,0.029453808631867133,0.9424609064175199
26115,LOF,0.10511365039708348,0.07136734545602148,0.823519004146895
26116,LOF,0.07158763573272665,0.06346704409682609,0.8649453201704472
26117,LOF,0.4081613895290385,0.05821952054626335,0.5336190899246981
26118,LOF,0.03938281716076469,0.02959601994431216,0.9310211628949232
26119,LOF,0.022566309830663756,0.04529951540391098,0.9321341747654253
26120,LOF,0.02983584152768581,0.02887384853542165,0.9412903099368926
26121,LOF,0.05138642876888518,0.10023634580650079,0.848377225424614
