feature0,prediction,LoGoFunc_Neutral,LoGoFunc_GOF,LoGoFunc_LOF
25546,Neutral,0.6234009473121648,0.05507454939136248,0.32152450329647286
25547,Neutral,0.4934805037436777,0.09028297042347974,0.4162365258328426
25548,Neutral,0.4817731704410017,0.0773763563399524,0.44085047321904575
25549,LOF,0.43082581069060333,0.07484450220688829,0.4943296871025085
25550,LOF,0.35447675631739345,0.10336197031265335,0.5421612733699532
25551,LOF,0.30775299936294265,0.11521594522214958,0.5770310554149077
25552,LOF,0.26357891748996787,0.113418660730845,0.6230024217791872
25553,Neutral,0.7944476910438306,0.042228948000014435,0.16332336095615477
25554,LOF,0.2989747834990999,0.10082455178406227,0.6002006647168379
25555,LOF,0.25696741873682444,0.0968102416749923,0.6462223395881832
25556,LOF,0.4478252143060851,0.08705751399136372,0.4651172717025511
25557,LOF,0.24623984179171943,0.1036501679906989,0.6501099902175816
25558,LOF,0.2997425904256438,0.09778682461332242,0.6024705849610339
25559,LOF,0.24979144612946386,0.12382233350637929,0.6263862203641568
25560,LOF,0.15784569419340155,0.11368966799595571,0.7284646378106426
25561,LOF,0.14029803481784275,0.12307042105257227,0.736631544129585
25562,LOF,0.06244876366375877,0.08391783102268136,0.8536334053135598
25563,LOF,0.021674204229859582,0.14476755953159023,0.8335582362385502
25564,LOF,0.1997231923692863,0.12455458786109774,0.6757222197696159
25565,LOF,0.22593678901353406,0.14463767474728997,0.6294255362391761
25566,GOF,0.0984023556270152,0.7075101363420807,0.19408750803090413
25567,LOF,0.04647775342801325,0.14721960989909608,0.8063026366728906
25568,LOF,0.06720935078158694,0.07966352687515567,0.8531271223432574
25569,LOF,0.06487030466709026,0.08337809823234048,0.8517515971005692
25570,LOF,0.030084376474087838,0.11451305896708827,0.8554025645588239
25571,LOF,0.027338414982352247,0.12165880586796296,0.8510027791496848
25572,LOF,0.06229333255573464,0.13624790574977666,0.8014587616944887
25573,LOF,0.06474823345817642,0.1004218169436232,0.8348299495982003
25574,LOF,0.06154348544157993,0.20264449661594702,0.7358120179424731
25575,LOF,0.02368623015574289,0.1327971856933021,0.843516584150955
25576,LOF,0.0306514798980021,0.17050620322872168,0.7988423168732762
25577,LOF,0.03311180930859418,0.13781332036156257,0.8290748703298432
25578,LOF,0.3150970080228419,0.092917072876348,0.5919859191008101
25579,LOF,0.13442095639641052,0.10162783334068974,0.7639512102628998
25580,LOF,0.022580016789418123,0.0928346184174903,0.8845853647930916
25581,LOF,0.058481504268751816,0.07520445915076265,0.8663140365804854
25582,LOF,0.05821258219466322,0.07435047016346484,0.867436947641872
25583,LOF,0.024747800328490388,0.08618548443461303,0.8890667152368966
25584,Neutral,0.7155058319551426,0.10261165463221135,0.18188251341264605
25585,LOF,0.02799422594372499,0.1661464044711402,0.8058593695851347
25586,LOF,0.019378377881315835,0.07983236548816279,0.9007892566305215
25587,LOF,0.019084297926386284,0.06946145846915457,0.9114542436044591
25588,LOF,0.02182751614060346,0.07603317038880879,0.9021393134705877
25589,Neutral,0.5024387730289962,0.2041079609518803,0.29345326601912347
25590,LOF,0.0477275313220646,0.13537483635825145,0.8168976323196839
25591,LOF,0.10415579295000711,0.06444672635025948,0.8313974806997334
25592,LOF,0.05898312559892859,0.15136443252697349,0.7896524418740979
25593,LOF,0.16053347496100998,0.2494024778155922,0.5900640472233978
25594,LOF,0.053392208592160297,0.08082937075858819,0.8657784206492516
25595,LOF,0.04892040313050645,0.05985023636275104,0.8912293605067425
25596,LOF,0.09618991025515364,0.03396475607374412,0.8698453336711023
25597,LOF,0.08132231602926814,0.04264093125978272,0.8760367527109492
25598,LOF,0.05307120165811464,0.059794743626765776,0.8871340547151195
25599,GOF,0.01903435480240607,0.5015770084620254,0.47938863673556853
25600,GOF,0.17241808016603666,0.5063229873992511,0.32125893243471226
25601,LOF,0.0375718998354312,0.4380249142465492,0.5244031859180196
25602,LOF,0.0339493591258085,0.0669208576809587,0.8991297831932328
25603,LOF,0.03440784858099294,0.03478543877021049,0.9308067126487964
25604,LOF,0.03468607616253989,0.08083616377470323,0.8844777600627569
25605,LOF,0.03513099121257276,0.20055651763015817,0.7643124911572691
25606,LOF,0.4337564450739429,0.12954037084545425,0.4367031840806029
25607,LOF,0.02643307987859836,0.17166344509582887,0.8019034750255728
25608,LOF,0.0332463326472444,0.07251744395695112,0.8942362233958046
25609,GOF,0.15060683371547764,0.5020054235881465,0.34738774269637585
25610,LOF,0.017721957428199504,0.03029632353620292,0.9519817190355976
25611,LOF,0.015040662083382209,0.03550041236990151,0.9494589255467164
25612,LOF,0.04748031589531209,0.048039000722211525,0.9044806833824763
25613,LOF,0.045780684264401135,0.047283080872143946,0.906936234863455
25614,LOF,0.024172945400286215,0.02851116901029283,0.9473158855894208
25615,LOF,0.04364549169956203,0.047788189307414616,0.9085663189930233
25616,LOF,0.05336377157459575,0.030942923116295647,0.9156933053091086
25617,LOF,0.04521897334369374,0.04359010625318783,0.9111909204031186
25618,LOF,0.05111599591394,0.0376980131418134,0.9111859909442466
25619,LOF,0.014499504552021116,0.034715929286252924,0.9507845661617259
25620,LOF,0.062369469001257685,0.04951594056571178,0.8881145904330305
25621,LOF,0.05584986743161614,0.04418543931297376,0.8999646932554101
25622,LOF,0.06483403483817743,0.03813053208575477,0.8970354330760679
25623,LOF,0.0685461156249608,0.029917371341449867,0.9015365130335894
25624,LOF,0.019955349001180872,0.03826298967546412,0.9417816613233551
25625,LOF,0.05868220741815244,0.044207860582242256,0.8971099319996054
25626,LOF,0.04764232161809505,0.043493542690317966,0.908864135691587
25627,Neutral,0.8961280755261474,0.01678793453675217,0.08708398993710063
25628,LOF,0.14520854959198642,0.05477991055411287,0.8000115398539006
25629,LOF,0.061104228863907754,0.039996354740907375,0.8988994163951849
25630,LOF,0.28000429612730154,0.06475614740725937,0.6552395564654392
25631,Neutral,0.5592831842456083,0.0550914354721993,0.3856253802821923
25632,LOF,0.028682820956408773,0.05232853380353712,0.9189886452400542
25633,LOF,0.15644853634189254,0.03165001554814211,0.8119014481099653
25634,LOF,0.035013031517207124,0.06677057340994214,0.8982163950728507
25635,LOF,0.040658062510083595,0.03545817923496639,0.92388375825495
25636,LOF,0.03338448176408857,0.4591533706491565,0.5074621475867549
25637,GOF,0.07129201154160368,0.4763652053506801,0.45234278310771614
25638,LOF,0.026662995700377126,0.35614446501607755,0.6171925392835452
25639,LOF,0.03169206371242961,0.39045251756914523,0.5778554187184252
25640,Neutral,0.7626652070694017,0.19703794991575707,0.040296843014841224
25641,GOF,0.06396119661743543,0.48762115877482315,0.44841764460774136
25642,LOF,0.05135502679054639,0.17356915322140812,0.7750758199880455
25643,LOF,0.19948686148035938,0.13798753472959924,0.6625256037900414
25644,LOF,0.024108398587631096,0.48052729470411865,0.4953643067082503
25645,LOF,0.028683283539335774,0.41480784710207896,0.5565088693585852
25646,LOF,0.061736192897519804,0.33927536765088023,0.5989884394516
25647,LOF,0.028729087122243025,0.27428722132266387,0.6969836915550931
25648,LOF,0.041341540462388665,0.2547699774811919,0.7038884820564194
25649,LOF,0.020146351949610185,0.23963228110208804,0.7402213669483018
25650,LOF,0.051187560708478796,0.4020641843028298,0.5467482549886913
25651,LOF,0.020699801989536623,0.2891573712912665,0.6901428267191968
25652,LOF,0.03701520767813966,0.2652258814444651,0.6977589108773952
25653,LOF,0.08568025285574213,0.40115197331639924,0.5131677738278586
25654,LOF,0.02904853296632216,0.22329042890551334,0.7476610381281644
25655,LOF,0.2123089174702502,0.3842015892481047,0.4034894932816452
25656,LOF,0.3193696327616568,0.058872430531333265,0.6217579367070099
25657,LOF,0.06458136156738174,0.05883068623606313,0.8765879521965552
25658,LOF,0.34425655116176557,0.055181406540044664,0.6005620422981898
25659,Neutral,0.5150714041725141,0.07504499700222607,0.4098835988252598
25660,LOF,0.02215609316485193,0.08294971291129494,0.8948941939238532
25661,LOF,0.09820979542779919,0.06249439476680879,0.8392958098053921
25662,LOF,0.03479130031116056,0.03439905987766121,0.9308096398111781
25663,LOF,0.04736146727805457,0.04632704389528784,0.9063114888266577
25664,LOF,0.1360718314737654,0.06270295695849745,0.8012252115677372
25665,LOF,0.052974819738726336,0.033979856442209855,0.9130453238190638
25666,LOF,0.08648632853237333,0.07368396622684008,0.8398297052407866
25667,LOF,0.07149437354463618,0.039559181952407485,0.8889464445029563
25668,LOF,0.03892754147184968,0.04609180912064822,0.914980649407502
25669,LOF,0.03317852925756159,0.05071218710002191,0.9161092836424164
25670,LOF,0.14125951279664037,0.0560775291261506,0.8026629580772091
25671,LOF,0.11433076226671711,0.03682339369806299,0.8488458440352199
25672,LOF,0.049970125872514745,0.04510032681879503,0.9049295473086901
25673,LOF,0.07782967164460257,0.04920123825762282,0.8729690900977747
25674,LOF,0.06924990668310571,0.05761451889632282,0.8731355744205714
25675,LOF,0.12064330057833073,0.06119098455696735,0.8181657148647019
25676,LOF,0.01947173313241064,0.05371373415451893,0.9268145327130703
25677,LOF,0.0259180954226166,0.07211882779675298,0.9019630767806305
25678,LOF,0.222743778663171,0.06133202007187545,0.7159242012649536
25679,LOF,0.12448596822211112,0.08000807156196665,0.7955059602159222
25680,LOF,0.03197907993554825,0.1232072439064474,0.8448136761580043
25681,LOF,0.05335145646887928,0.1136657695455033,0.8329827739856174
25682,LOF,0.14962890739516363,0.08044176074802158,0.7699293318568147
25683,LOF,0.12340784303486482,0.08766483566423196,0.7889273213009033
25684,LOF,0.044194977767980564,0.07792825138721399,0.8778767708448054
25685,LOF,0.14623645446701022,0.05239119095304426,0.8013723545799455
25686,LOF,0.07576565480157367,0.08447451423445235,0.8397598309639741
25687,LOF,0.11245080335399005,0.0867932856564026,0.8007559109896073
25688,LOF,0.3073693428368118,0.031795385698911424,0.6608352714642768
25689,LOF,0.23961283145986706,0.03485989957862132,0.7255272689615118
25690,LOF,0.3303868360776164,0.02737366258170304,0.6422395013406805
25691,Neutral,0.6984986245085323,0.022456742782375007,0.27904463270909274
25692,LOF,0.3410579671137541,0.01099157848743948,0.6479504543988064
25693,LOF,0.054072734895430005,0.4043103082591044,0.5416169568454656
25694,LOF,0.11019976275537813,0.018682429259132986,0.8711178079854889
25695,LOF,0.10982653195551709,0.01785291686402405,0.8723205511804589
25696,LOF,0.1286905901217184,0.011152871565344176,0.8601565383129374
25697,LOF,0.08545657876361817,0.03243570829216729,0.8821077129442145
25698,LOF,0.32990979573981416,0.18072357309139078,0.489366631168795
25699,LOF,0.4709275537848879,0.03596638712445552,0.49310605909065647
25700,LOF,0.07832798160412871,0.007792933479102513,0.9138790849167687
25701,LOF,0.15696971290732062,0.04552482999424474,0.7975054570984346
25702,GOF,0.1672509026846681,0.5847810133147018,0.2479680840006301
25703,LOF,0.01718538706283562,0.1451862453443806,0.8376283675927838
25704,LOF,0.04225793932404729,0.10223154164237337,0.8555105190335793
25705,LOF,0.05149878322190642,0.16644679140825194,0.7820544253698417
25706,LOF,0.09959055400076755,0.44737962153618116,0.45302982446305134
25707,LOF,0.09840437254276042,0.3683737659992324,0.5332218614580073
25708,LOF,0.029940300270051772,0.3212587506968359,0.6488009490331124
25709,LOF,0.06933597329901584,0.043571311452176444,0.8870927152488077
25710,LOF,0.011211125402130602,0.1584995155096033,0.8302893590882661
25711,LOF,0.019671599135761036,0.10657904242638934,0.8737493584378495
25712,LOF,0.013146857520779855,0.1927782448977435,0.7940748975814766
25713,LOF,0.01885963619962804,0.09156177554372406,0.8895785882566479
25714,LOF,0.07651151700294011,0.08924906365364141,0.8342394193434185
25715,LOF,0.01193377019396276,0.15102594608297432,0.8370402837230628
25716,LOF,0.014412061754209298,0.11371957916959212,0.8718683590761986
25717,LOF,0.011905834036960364,0.0878548523381889,0.9002393136248507
25718,LOF,0.012924453630790051,0.10066581588187301,0.886409730487337
25719,LOF,0.01963997325819262,0.08147269911617659,0.8988873276256308
25720,LOF,0.025358098656841594,0.07111460839446222,0.9035272929486963
25721,LOF,0.015378448730176651,0.12325971034760838,0.861361840922215
25722,LOF,0.014669745392552636,0.12873693037144274,0.8565933242360046
25723,LOF,0.023875472412830112,0.044475238895168835,0.931649288692001
25724,LOF,0.034294066499035936,0.08883554591595798,0.876870387585006
25725,LOF,0.012288761404915123,0.06891156236382143,0.9187996762312636
25726,LOF,0.01619474879334805,0.10845144395407791,0.875353807252574
25727,LOF,0.01401990261583158,0.07698424606866607,0.9089958513155023
25728,LOF,0.010061389314815535,0.12399154542281281,0.8659470652623716
25729,LOF,0.01067678638539678,0.11867996402539391,0.8706432495892094
25730,LOF,0.014393196339137364,0.08975448203886939,0.8958523216219934
25731,LOF,0.018888288766402472,0.1196336013778998,0.8614781098556977
25732,LOF,0.014756868859047518,0.08480722822876673,0.9004359029121858
25733,LOF,0.01725675507017597,0.07703529466208359,0.9057079502677405
25734,LOF,0.01256697766265342,0.12293132244037827,0.8645016998969683
25735,LOF,0.01444803513936012,0.0896797035340671,0.8958722613265728
25736,LOF,0.015510555119962952,0.11178872783745732,0.8727007170425797
25737,LOF,0.012627973394349035,0.07991700928043927,0.9074550173252116
25738,LOF,0.013106629769617123,0.115049131083344,0.8718442391470389
25739,LOF,0.021563636438160422,0.08519467112005781,0.8932416924417818
25740,LOF,0.026354966671853382,0.12085992083747543,0.8527851124906712
25741,LOF,0.01466049938020319,0.12119003473122188,0.8641494658885749
25742,LOF,0.12479101844377286,0.09175968193869022,0.783449299617537
25743,LOF,0.03528681894294497,0.03975244730665929,0.9249607337503957
25744,Neutral,0.5613556965931622,0.2050985240069296,0.23354577939990806
25745,LOF,0.07468204150477666,0.07399078340020908,0.8513271750950142
25746,LOF,0.04054003303749128,0.0844215615182166,0.8750384054442921
25747,LOF,0.021571714987255082,0.05628756777736753,0.9221407172353774
25748,LOF,0.08842310633001826,0.0902671260315086,0.8213097676384731
25749,LOF,0.026058347358485286,0.08460928655378133,0.8893323660877333
25750,LOF,0.08550986335868645,0.08758745756979139,0.8269026790715222
25751,LOF,0.09183937928524132,0.0949992652134393,0.8131613555013194
25752,GOF,0.1152363074061136,0.6233971059112647,0.2613665866826216
25753,LOF,0.018704821286059083,0.25407430741626835,0.7272208712976725
25754,GOF,0.011368704778974378,0.7667668550325075,0.22186444018851814
25755,LOF,0.01982172621918164,0.3634490941695804,0.616729179611238
25756,LOF,0.04313127183857162,0.3356863711013287,0.6211823570600997
25757,GOF,0.014173232100225546,0.8121506013967709,0.1736761665030036
25758,GOF,0.030471445500527494,0.8015475932270729,0.16798096127239973
25759,GOF,0.010768190773972149,0.5452620651765471,0.44396974404948075
25760,LOF,0.01076805652711635,0.24586311347008113,0.7433688300028025
25761,GOF,0.2846373495959624,0.6134270161145355,0.101935634289502
25762,LOF,0.03764996585104034,0.24810522965349413,0.7142448044954656
25763,LOF,0.012771253712538578,0.18282091659136068,0.8044078296961007
25764,GOF,0.07332063716689703,0.5978230290710533,0.32885633376204965
25765,GOF,0.03762110563671038,0.721418633103687,0.24096026125960257
25766,GOF,0.06845811392404953,0.7040549802446566,0.22748690583129386
25767,GOF,0.153983318861546,0.5435993967501281,0.3024172843883259
25768,LOF,0.11223491926475086,0.07506403461874529,0.812701046116504
25769,LOF,0.06102885980326334,0.0534728039343072,0.8854983362624295
25770,LOF,0.3268069911350619,0.08492447649578518,0.588268532369153
25771,LOF,0.043742405201094486,0.04301469510080574,0.9132428996980998
25772,LOF,0.01876826481416431,0.03577895680335367,0.945452778382482
25773,LOF,0.048399030860612466,0.08869719689682133,0.8629037722425663
25774,LOF,0.029240169141631044,0.06853086417335696,0.902228966685012
25775,LOF,0.05128789289394133,0.04168560286693965,0.907026504239119
25776,LOF,0.07930341926088129,0.023005199340505964,0.8976913813986127
25777,LOF,0.38989824044273513,0.04740162548119066,0.5627001340760742
25778,LOF,0.07447634023348933,0.03960528569031201,0.8859183740761986
25779,GOF,0.353458062706364,0.603365460581559,0.0431764767120771
25780,GOF,0.2784151572485727,0.6577177263538088,0.06386711639761852
25781,GOF,0.1271578380232205,0.7841773998570544,0.08866476211972517
25782,GOF,0.1863023467237754,0.7453312794285945,0.06836637384763015
25783,GOF,0.02412158250773516,0.6387438106483788,0.33713460684388585
25784,GOF,0.47468205401557234,0.4896872247890415,0.03563072119538616
25785,GOF,0.4624753854456615,0.5028103859961174,0.03471422855822114
25786,GOF,0.02497664766732704,0.7665845254288952,0.20843882690377782
25787,Neutral,0.6179324592776809,0.3600294020439791,0.02203813867833989
25788,LOF,0.05477033661381571,0.12676656567901248,0.8184630977071717
25789,GOF,0.20300793834115005,0.6696143485003085,0.12737771315854132
25790,GOF,0.2099823340037822,0.6980746663077774,0.09194299968844036
25791,GOF,0.17147972171026846,0.6863412373696861,0.14217904092004552
25792,GOF,0.36809185117329835,0.5242113990459918,0.10769674978070988
25793,GOF,0.24278027535910296,0.5597047780053053,0.1975149466355917
25794,GOF,0.2904431210872773,0.5448196605202584,0.1647372183924643
25795,GOF,0.08036562662806603,0.6742987902977116,0.24533558307422246
25796,Neutral,0.5514407928312672,0.37510224443699536,0.07345696273173745
25797,GOF,0.09003955472422417,0.5435016996937653,0.36645874558201064
25798,GOF,0.009359538360141119,0.5020433023070345,0.4885971593328244
25799,LOF,0.007853369808426462,0.38380032088515614,0.6083463093064174
25800,GOF,0.03768112753039992,0.5821430166534828,0.3801758558161172
25801,GOF,0.22195266861549462,0.6508771201226835,0.12717021126182199
25802,GOF,0.07495971378974266,0.6811477404140379,0.24389254579621955
25803,GOF,0.03404350014221942,0.582045092938503,0.3839114069192776
25804,GOF,0.03156551506449969,0.5020105179452223,0.466423966990278
25805,GOF,0.09321147076785652,0.5812502527597977,0.3255382764723458
25806,GOF,0.09654881199742885,0.5975078437409372,0.3059433442616339
25807,GOF,0.020276667788543926,0.6335515940513972,0.346171738160059
25808,GOF,0.08085830901710406,0.6463931936055316,0.27274849737736434
25809,GOF,0.02115489664893022,0.6137777002477026,0.3650674031033671
25810,GOF,0.01852389165809711,0.6408570671888164,0.34061904115308644
25811,GOF,0.4369953686093355,0.48593213624939147,0.07707249514127305
25812,GOF,0.03193442737442836,0.6610486318519702,0.3070169407736015
25813,Neutral,0.49345354373858646,0.4162596648594376,0.090286791401976
25814,GOF,0.12235499949052701,0.6719215793771527,0.2057234211323203
25815,GOF,0.17295031058192664,0.6497169850483013,0.17733270436977197
25816,GOF,0.022774789408210972,0.7019574401856528,0.27526777040613626
25817,GOF,0.2214704963587417,0.6646144905974034,0.11391501304385487
25818,GOF,0.05052379930030195,0.6425641999698403,0.30691200072985775
25819,GOF,0.31996984185703053,0.5217369153269639,0.15829324281600557
25820,GOF,0.1650755114510876,0.6144501949769952,0.22047429357191736
25821,GOF,0.053871841910503766,0.658894146369051,0.28723401172044527
25822,GOF,0.19463725695051112,0.5729073320409017,0.23245541100858716
25823,GOF,0.03337892838988689,0.5234528068628561,0.44316826474725707
25824,GOF,0.09301357342341855,0.5792318849646986,0.32775454161188294
25825,GOF,0.03811417439911865,0.585010345115119,0.37687548048576236
25826,GOF,0.014517080489155005,0.5684959002900793,0.4169870192207656
25827,GOF,0.022109758161319926,0.5887398005236952,0.38915044131498483
25828,GOF,0.012385806252807312,0.5146718696328371,0.47294232411435555
25829,GOF,0.006137881235733375,0.5829383365109758,0.41092378225329074
25830,LOF,0.031867520724869494,0.3330003861910971,0.6351320930840335
25831,GOF,0.19614889110075082,0.6676795212830907,0.13617158761615847
25832,GOF,0.032142199821721465,0.6926970429645851,0.2751607572136935
25833,GOF,0.11764335192449919,0.7113428339253787,0.17101381415012215
25834,GOF,0.03174802086515549,0.6964175169100449,0.27183446222479946
25835,GOF,0.07312065592041989,0.734707908444651,0.19217143563492922
25836,GOF,0.036429018920851194,0.6800205803331185,0.2835504007460304
25837,GOF,0.02659405879907563,0.5884953534977783,0.3849105877031463
25838,GOF,0.08752039110685654,0.765684126864263,0.1467954820288804
25839,GOF,0.28984360368681583,0.5646441091159896,0.14551228719719456
25840,GOF,0.219828752092684,0.6409413733425255,0.13922987456479047
25841,GOF,0.21292170243226724,0.6534129153574402,0.13366538221029248
25842,GOF,0.15376702875213125,0.6957686897386313,0.1504642815092375
25843,GOF,0.22467277914263667,0.6782398684991829,0.09708735235818046
25844,GOF,0.06509147437304556,0.6961476813074666,0.2387608443194878
25845,LOF,0.015999360676721013,0.4674364048948011,0.5165642344284779
25846,GOF,0.10652389496532257,0.727699438174377,0.16577666686030046
25847,GOF,0.11701643991050653,0.7795394450325084,0.10344411505698503
25848,GOF,0.04134842248567236,0.7032717065374169,0.2553798709769108
25849,GOF,0.012563015247562738,0.5851899634503342,0.40224702130210294
25850,GOF,0.022916666103412028,0.6570913083456654,0.31999202555092243
25851,GOF,0.018252107261315965,0.5439006158443833,0.43784727689430075
25852,GOF,0.16692303272566264,0.5772454419303232,0.2558315253440142
25853,GOF,0.3432677011351265,0.5901024974291948,0.06662980143567847
25854,GOF,0.02314159487157466,0.6243814406365544,0.352476964491871
25855,GOF,0.03930639954872531,0.5829789269906788,0.377714673460596
25856,GOF,0.23165488157828285,0.5636578440138977,0.20468727440781953
25857,GOF,0.03854833386141878,0.5080043621369308,0.45344730400165034
25858,GOF,0.019666610107150078,0.5420786945990542,0.4382546952937957
25859,GOF,0.010489162811177753,0.5262911023486473,0.46321973484017503
25860,GOF,0.3470031948448433,0.582291588403039,0.07070521675211788
25861,GOF,0.42391394087389167,0.5073294977571076,0.0687565613690009
25862,GOF,0.09751976545600213,0.7760370014262161,0.12644323311778183
25863,GOF,0.08948413776639629,0.7846315514036967,0.125884310829907
25864,GOF,0.18744152530885655,0.7379465706048068,0.07461190408633668
25865,GOF,0.07856121215114101,0.8006807603443418,0.12075802750451735
25866,GOF,0.06158984825547636,0.7972248333889571,0.14118531835556647
25867,GOF,0.07988710180448337,0.8210808541270088,0.09903204406850781
25868,GOF,0.2505054776872672,0.6501579592557136,0.09933656305701914
25869,Neutral,0.6954140140907704,0.26958505178725173,0.03500093412197787
25870,GOF,0.2672394836262672,0.4069363431257212,0.32582417324801144
25871,GOF,0.21108993721440852,0.6554979495905355,0.13341211319505597
25872,GOF,0.07837305295715864,0.676579989258465,0.2450469577843763
25873,GOF,0.12087372064464912,0.709737950410338,0.16938832894501277
25874,LOF,0.017544976762332583,0.137233905768845,0.8452211174688223
25875,LOF,0.09749021427991765,0.02810476790321761,0.8744050178168646
25876,LOF,0.035684373668744655,0.02797350172601437,0.9363421246052409
25877,LOF,0.4802317086119704,0.037041753455824875,0.4827265379322048
25878,LOF,0.21394286761930675,0.061786422873666154,0.7242707095070272
25879,LOF,0.10145309726013159,0.06253222010439599,0.8360146826354725
25880,LOF,0.02370901693223729,0.013079452395575312,0.9632115306721873
25881,LOF,0.16328304321925294,0.11670254552996077,0.7200144112507862
25882,LOF,0.06795588341046807,0.017693294405965686,0.9143508221835663
25883,LOF,0.07905327510789804,0.019041741251357013,0.9019049836407449
25884,LOF,0.03360940120520809,0.03099517274035288,0.935395426054439
25885,LOF,0.05939451139170245,0.012031081874462345,0.9285744067338352
25886,LOF,0.2406694773084679,0.0339422213199398,0.7253883013715923
25887,LOF,0.15320244293096227,0.06489298084288203,0.7819045762261556
25888,LOF,0.07621623104966863,0.06253316795623949,0.8612506009940919
25889,LOF,0.042269654675356795,0.021618189703907345,0.9361121556207358
25890,LOF,0.049715298818344605,0.1549096732712243,0.795375027910431
25891,LOF,0.04134756346182877,0.061168703151855755,0.8974837333863156
25892,LOF,0.0923073441814964,0.020762838699474036,0.8869298171190296
25893,LOF,0.2416079946453061,0.019081133307935712,0.7393108720467583
25894,LOF,0.17755291611395024,0.010099852060288739,0.812347231825761
25895,LOF,0.21873799655063605,0.018613320239367,0.762648683209997
25896,LOF,0.04923289644860247,0.02127975891361421,0.9294873446377834
25897,LOF,0.27293334338300157,0.010486220420076927,0.7165804361969216
25898,Neutral,0.7140140685576839,0.008222959272238088,0.27776297217007806
25899,LOF,0.19375811602085646,0.020573424441064875,0.7856684595380786
25900,LOF,0.43679007096694594,0.014063881076420731,0.5491460479566334
25901,LOF,0.042863365594136324,0.011507151931046119,0.9456294824748177
25902,LOF,0.16703313837545866,0.012015624707239485,0.8209512369173019
25903,Neutral,0.5613645671943219,0.025208914036981906,0.4134265187686961
25904,LOF,0.26784124498052997,0.046936414611644016,0.685222340407826
25905,LOF,0.025452081442356403,0.3369564838961796,0.637591434661464
25906,LOF,0.031440765825573216,0.0859109579351394,0.8826482762392874
25907,LOF,0.016706211484557153,0.3630769178122287,0.6202168707032141
25908,LOF,0.0111414217745481,0.2748966994638223,0.7139618787616295
25909,LOF,0.01458762701526488,0.15559179135896956,0.8298205816257656
25910,LOF,0.04849519095413683,0.1251474773351142,0.826357331710749
25911,LOF,0.18706160541056124,0.01652127133618866,0.7964171232532502
25912,LOF,0.05075110751647127,0.035199299347670035,0.9140495931358588
25913,LOF,0.31828738948057805,0.018330923230700225,0.6633816872887217
25914,LOF,0.021248708419658667,0.07161339014396202,0.9071379014363793
25915,Neutral,0.5292526742632475,0.2484981406158929,0.22224918512085956
25916,LOF,0.08061119660666363,0.2880895628425101,0.6312992405508263
25917,LOF,0.06677215971645026,0.05625774728192702,0.8769700930016228
25918,LOF,0.028152245528725153,0.049475570792387825,0.922372183678887
25919,LOF,0.02407786942774297,0.05612567854537505,0.919796452026882
25920,GOF,0.10754981424408618,0.5146921977127153,0.3777579880431986
25921,LOF,0.02193621346145913,0.03179207207342086,0.9462717144651202
25922,LOF,0.03239056095922921,0.022830516201396596,0.9447789228393743
25923,LOF,0.42170641473518305,0.026256742007248833,0.5520368432575681
25924,LOF,0.03340857785939772,0.04007471499215743,0.9265167071484448
25925,LOF,0.06580602452525927,0.032597031452533336,0.9015969440222075
25926,LOF,0.04854577489645425,0.027811690647296217,0.9236425344562496
25927,LOF,0.05813170598731667,0.08758379505801354,0.8542844989546698
25928,LOF,0.017027207600235593,0.04326471654123494,0.9397080758585294
25929,Neutral,0.5387750803104606,0.028298881919036782,0.4329260377705025
25930,LOF,0.05089897602333355,0.023366810417377364,0.9257342135592892
25931,LOF,0.02274494841955691,0.02781076467527493,0.9494442869051681
25932,LOF,0.026717400123173748,0.01997980066375937,0.9533027992130668
25933,LOF,0.035979719969917834,0.014408683262271647,0.9496115967678105
25934,LOF,0.02421861955034382,0.017905519265916277,0.95787586118374
25935,LOF,0.058624193405277275,0.03826624483094201,0.9031095617637808
25936,LOF,0.04334509752350668,0.018331387450534017,0.9383235150259593
25937,LOF,0.02422814661791639,0.03041316656014514,0.9453586868219384
25938,LOF,0.060273872591254225,0.04167392075668973,0.898052206652056
25939,LOF,0.03992652741040554,0.015919733381189568,0.9441537392084048
25940,LOF,0.029418519530335883,0.388553956328522,0.5820275241411421
25941,LOF,0.18224078519024492,0.09937144290851616,0.718387771901239
25942,LOF,0.01551836041501755,0.03660458552715812,0.9478770540578244
25943,LOF,0.3002490090714674,0.06363878116401286,0.6361122097645198
25944,Neutral,0.4986449147707781,0.02445809542984295,0.47689698979937895
25945,LOF,0.06188155424714707,0.02182184022248161,0.9162966055303713
25946,LOF,0.025910788408511177,0.13002367540806678,0.8440655361834221
25947,LOF,0.11481103917249706,0.2641004027812446,0.6210885580462584
25948,LOF,0.42602725313484013,0.008229722459852852,0.565743024405307
25949,LOF,0.10762699675635502,0.032215939916118715,0.8601570633275263
25950,GOF,0.27929170277630455,0.4216029543106549,0.29910534291304064
25951,LOF,0.2071194455719726,0.21992744757938315,0.5729531068486442
25952,LOF,0.04797153652092596,0.4508153563092928,0.5012131071697812
25953,LOF,0.1397931283576375,0.09061909328019403,0.7695877783621685
25954,Neutral,0.4675228131247458,0.1546897313362482,0.3777874555390059
25955,LOF,0.05921081820288912,0.08326528342619183,0.857523898370919
25956,LOF,0.18163159946916757,0.11446480708641146,0.7039035934444209
25957,LOF,0.036804161093622584,0.038370371964348886,0.9248254669420285
25958,LOF,0.06294848018605693,0.030451488691410563,0.9066000311225324
25959,LOF,0.07312070188440019,0.3943110741914567,0.532568223924143
25960,LOF,0.017423767561776854,0.05484493238826433,0.9277313000499587
25961,LOF,0.05200375136645143,0.03352031009899472,0.9144759385345539
25962,LOF,0.05773433288028233,0.028685819075384703,0.913579848044333
25963,LOF,0.047553637554425834,0.17933776230444384,0.7731086001411304
25964,LOF,0.03898874958123367,0.17097787005694076,0.7900333803618256
25965,Neutral,0.4981966370881227,0.07781125976251697,0.4239921031493604
25966,Neutral,0.4839614607371074,0.17940915816934833,0.33662938109354434
25967,LOF,0.013013628508601285,0.09666021610376956,0.890326155387629
25968,LOF,0.03733985979025854,0.41058526557560776,0.5520748746341337
25969,LOF,0.029219372105273155,0.05069533843075257,0.9200852894639743
25970,LOF,0.05995445314136712,0.06496321855084258,0.8750823283077904
25971,LOF,0.07669311748588885,0.01760219055232245,0.9057046919617887
25972,LOF,0.07229840281363611,0.023837758035507202,0.9038638391508567
25973,LOF,0.07519597394427827,0.011041415061014408,0.9137626109947073
25974,LOF,0.19550891847610055,0.019222207240715525,0.7852688742831839
25975,LOF,0.045758442660169076,0.03595479533421417,0.9182867620056167
25976,LOF,0.04080876156027738,0.018957257419982124,0.9402339810197405
25977,LOF,0.15484455931203395,0.0953551643540567,0.7498002763339093
25978,LOF,0.14487120293856848,0.05734288551316792,0.7977859115482636
25979,LOF,0.13744368014841463,0.05700332851755016,0.8055529913340352
25980,LOF,0.22878172807233185,0.07181960415820422,0.6993986677694639
25981,LOF,0.26022374768637135,0.07028284979715677,0.6694934025164718
25982,LOF,0.38994759301474496,0.046881634824111944,0.5631707721611432
25983,LOF,0.38009218038939124,0.05367594029263133,0.5662318793179775
25984,LOF,0.05237027684248377,0.0418834240288205,0.9057462991286958
25985,LOF,0.03246621656394538,0.22901291232419063,0.738520871111864
25986,LOF,0.03983882101704964,0.2651200065761379,0.6950411724068125
25987,LOF,0.07579817445042783,0.06053722127344214,0.8636646042761301
25988,LOF,0.15059669686988458,0.04944149769631103,0.7999618054338044
25989,LOF,0.030436601642877415,0.09237487620119925,0.8771885221559232
25990,LOF,0.0430634060382758,0.11513506801539687,0.8418015259463273
25991,LOF,0.13985133524857557,0.3210692792286979,0.5390793855227265
25992,LOF,0.31358138801026664,0.17682693948320913,0.5095916725065243
25993,LOF,0.025375451793500918,0.08965448656260414,0.884970061643895
25994,LOF,0.01881729453038024,0.1272529295267453,0.8539297759428744
25995,LOF,0.027303746481119967,0.25765027537999746,0.7150459781388826
25996,GOF,0.30231568203851455,0.48190936928863815,0.21577494867284716
25997,GOF,0.07861915651736007,0.47224202110630864,0.44913882237633135
25998,Neutral,0.5520303957701165,0.023152437259687457,0.4248171669701961
25999,LOF,0.11702283749744251,0.13266245857091727,0.7503147039316402
26000,LOF,0.15173202521490822,0.04755332170751147,0.8007146530775804
26001,LOF,0.18155820550509702,0.053327953329538144,0.7651138411653648
26002,LOF,0.13607410847514076,0.04749711020830493,0.8164287813165543
26003,GOF,0.010133299943381585,0.5945105830310815,0.3953561170255369
26004,GOF,0.0173964860058535,0.6765881411426447,0.30601537285150193
26005,LOF,0.007980293509610221,0.4568451982219699,0.53517450826842
26006,Neutral,0.5149136637937674,0.25482827438115435,0.2302580618250782
26007,GOF,0.021374460469317853,0.5480957544409348,0.4305297850897473
26008,GOF,0.01798697035490891,0.6543841339048001,0.32762889574029097
26009,GOF,0.02047296637548671,0.6939040510936098,0.2856229825309035
26010,GOF,0.022431827907541585,0.6660080451515668,0.3115601269408917
26011,LOF,0.0072255587170192105,0.4846657703540025,0.5081086709289783
26012,GOF,0.01409568318275836,0.585486375985795,0.4004179408314468
26013,GOF,0.01853281067511151,0.6369294561585609,0.3445377331663277
26014,LOF,0.04171373488339496,0.09879340103961935,0.8594928640769857
26015,LOF,0.1853146378059155,0.009510431662819327,0.8051749305312652
26016,LOF,0.2091405686252975,0.04776885823890136,0.7430905731358012
26017,LOF,0.23267086845824553,0.07924404991648173,0.6880850816252728
26018,LOF,0.09116373382407315,0.025130798498832162,0.8837054676770947
26019,LOF,0.08713705747205348,0.019376447795582848,0.8934864947323637
26020,LOF,0.07221079901436757,0.08855946361368218,0.8392297373719502
26021,LOF,0.04651211430743505,0.0970200145256046,0.8564678711669602
26022,LOF,0.010760958239840522,0.033052111029958246,0.9561869307302011
26023,LOF,0.10662592311364774,0.01659871336637302,0.8767753635199793
26024,LOF,0.03798404862764768,0.09883974476004048,0.8631762066123118
26025,LOF,0.1764580678901779,0.07790643216361992,0.7456354999462022
26026,LOF,0.3432983879689251,0.021529317826693546,0.6351722942043815
26027,LOF,0.08140036891547665,0.01294637012001236,0.9056532609645109
26028,LOF,0.17040167751602073,0.05752182396431278,0.7720764985196665
26029,LOF,0.07728671038841298,0.19019305942701437,0.7325202301845726
26030,LOF,0.023196874140582954,0.061271719338732475,0.9155314065206845
26031,LOF,0.026925568729603815,0.1342338744605071,0.8388405568098891
26032,LOF,0.06126939716754481,0.07209562246855979,0.8666349803638954
26033,LOF,0.11185654735276962,0.08939136857756279,0.7987520840696676
26034,LOF,0.04454590590806062,0.15833887132841912,0.7971152227635202
26035,LOF,0.026982896962954188,0.14503944334561264,0.8279776596914332
26036,LOF,0.04088969002243151,0.17261077071767728,0.7864995392598912
26037,LOF,0.02277106745709975,0.11915549670310481,0.8580734358397956
26038,LOF,0.05688510970543853,0.07538704592836595,0.8677278443661954
26039,LOF,0.05168422618476277,0.1466004012867902,0.801715372528447
26040,LOF,0.18090959460701775,0.13936103547079487,0.6797293699221875
26041,LOF,0.02377584650242634,0.11272163437981737,0.8635025191177563
26042,LOF,0.02205719556414772,0.10516934422216868,0.8727734602136836
26043,LOF,0.056902687780814545,0.08736384599457475,0.8557334662246108
26044,LOF,0.01937107804711972,0.07520107605245989,0.9054278459004204
26045,LOF,0.07346526875604092,0.09577287844516909,0.83076185279879
26046,LOF,0.05781604026598678,0.08545282844870798,0.8567311312853053
26047,LOF,0.07916533265403305,0.09068022149589536,0.8301544458500715
26048,LOF,0.04716707524312717,0.04668152029316145,0.9061514044637115
26049,Neutral,0.9605679149966163,0.007815301163054605,0.031616783840329066
26050,Neutral,0.9451500590969706,0.010362354761883737,0.044487586141145626
26051,LOF,0.048914567952610725,0.3327610645500211,0.6183243674973682
26052,LOF,0.06470762017449717,0.3804894806676812,0.5548028991578217
26053,LOF,0.050249429287510076,0.13760673760264977,0.8121438331098401
26054,LOF,0.05476557736607305,0.017329763258568446,0.9279046593753585
26055,LOF,0.07113595790586298,0.014585642807642083,0.914278399286495
26056,LOF,0.058806477968374855,0.016419785343366657,0.9247737366882585
26057,LOF,0.0292301716905145,0.01175299570697067,0.9590168326025149
26058,LOF,0.030200345509841974,0.009734775122739842,0.9600648793674182
26059,LOF,0.27759814505527486,0.02289249794379109,0.6995093570009341
26060,LOF,0.0397436955177616,0.16112360680611734,0.799132697676121
26061,LOF,0.01724414014522591,0.011263665603023549,0.9714921942517506
26062,LOF,0.010559263421594476,0.017342269437837943,0.9720984671405676
26063,LOF,0.022204794785901014,0.012032437340187935,0.965762767873911
26064,LOF,0.021263070369062092,0.019723698893114,0.959013230737824
26065,LOF,0.025006273864380334,0.009875184357394819,0.9651185417782248
26066,LOF,0.021443061879018472,0.011461275653640106,0.9670956624673415
26067,LOF,0.02872778469631061,0.008175409540559963,0.9630968057631295
26068,LOF,0.04693928747688751,0.029844256501028843,0.9232164560220837
26069,LOF,0.2603922746640432,0.018127338306139683,0.7214803870298172
26070,LOF,0.3864345577578233,0.016596880345656474,0.5969685618965201
26071,LOF,0.024918911125043658,0.011373252063357781,0.9637078368115984
26072,LOF,0.021737164900866506,0.01644963216538692,0.9618132029337466
26073,LOF,0.024835907740633878,0.010703012534779269,0.9644610797245868
26074,Neutral,0.9134320373277576,0.00558891703223276,0.08097904564000959
26075,LOF,0.04335151960922103,0.01487061801340952,0.9417778623773695
26076,LOF,0.04822956844017478,0.008463795480742973,0.9433066360790822
26077,LOF,0.009896338336965597,0.01705451757784715,0.9730491440851872
26078,LOF,0.012772857544215189,0.011348365928415776,0.975878776527369
26079,LOF,0.05907711113443109,0.017375865983725827,0.9235470228818431
26080,LOF,0.05751847729121137,0.01741841664075034,0.9250631060680383
26081,LOF,0.0366953952524265,0.006248400319113172,0.9570562044284604
26082,LOF,0.013874284465428995,0.015935305715313722,0.9701904098192573
26083,LOF,0.13165765724583517,0.013152185877826305,0.8551901568763386
26084,LOF,0.029651006990671233,0.011428779440530957,0.9589202135687978
26085,LOF,0.025203880636463203,0.011052948685487795,0.963743170678049
26086,LOF,0.024130671905753343,0.01109583845476822,0.9647734896394784
26087,LOF,0.028771673626276348,0.0077257878657119,0.9635025385080116
26088,LOF,0.014932309166519733,0.0247249542994116,0.9603427365340687
26089,LOF,0.04423815702654316,0.022158111944643625,0.9336037310288133
26090,LOF,0.04299212864585453,0.0172005573489423,0.9398073140052031
26091,LOF,0.038350387298599624,0.006074328315047924,0.9555752843863524
26092,LOF,0.027332602849372507,0.007991409209939156,0.9646759879406883
26093,LOF,0.03891850237718588,0.005990674445372148,0.955090823177442
26094,LOF,0.04279840913807582,0.006029023177942278,0.9511725676839821
26095,LOF,0.04494675618115108,0.0136976174909068,0.9413556263279421
26096,LOF,0.017040286470860068,0.013806337352900079,0.9691533761762399
26097,LOF,0.011524272378856167,0.03537272556702385,0.9531030020541201
26098,LOF,0.07454594170883769,0.010825524288814756,0.9146285340023477
26099,LOF,0.025156150252802552,0.011569914411919688,0.9632739353352777
26100,LOF,0.026844418400302213,0.011291804908797512,0.9618637766909003
26101,LOF,0.059302369517836566,0.014931950732601224,0.9257656797495623
26102,LOF,0.024630386437109828,0.013283960810155948,0.9620856527527342
26103,Neutral,0.8836905737434577,0.018524991525754098,0.09778443473078806
26104,LOF,0.08006099493946209,0.024446606492988753,0.895492398567549
26105,LOF,0.19955113106219335,0.32612823248077366,0.47432063645703304
26106,LOF,0.23080091547780823,0.14437225446396362,0.624826830058228
26107,LOF,0.2351470648331949,0.10502524225929007,0.6598276929075151
26108,LOF,0.26936244667774745,0.1248680342639305,0.6057695190583221
26109,LOF,0.10335457799008015,0.06828473514732912,0.8283606868625907
26110,LOF,0.24310159363368675,0.006993690848435343,0.749904715517878
26111,LOF,0.4859974729526308,0.019733837861423992,0.4942686891859451
26112,LOF,0.03317272780325968,0.006347935229845486,0.9604793369668948
26113,LOF,0.054103433840876805,0.013347356150906813,0.9325492100082164
26114,LOF,0.025578860249221257,0.021689161712652956,0.9527319780381259
26115,LOF,0.09156063137266277,0.0437308084815563,0.864708560145781
26116,LOF,0.06342727985312543,0.04460748491138444,0.89196523523549
26117,LOF,0.44123399439539995,0.04199181436622182,0.5167741912383782
26118,LOF,0.038992979412485695,0.02297487726276303,0.9380321433247513
26119,LOF,0.024310059479942622,0.03158438673880992,0.9441055537812475
26120,LOF,0.029536632474925696,0.02059029291242789,0.9498730746126464
26121,LOF,0.041057204870702364,0.07701307149768218,0.8819297236316156
26122,LOF,0.043926119766796536,0.034525329310805146,0.9215485509223983
