feature0,prediction,LoGoFunc_Neutral,LoGoFunc_GOF,LoGoFunc_LOF
25546,Neutral,0.5381452936189585,0.17804090321241248,0.2838138031686291
25547,Neutral,0.4615744969550201,0.23555407339854037,0.30287142964643965
25548,LOF,0.3384754678085094,0.24121704507657635,0.42030748711491417
25549,LOF,0.3196659298460024,0.25169467139291846,0.4286393987610791
25550,LOF,0.27706413878782826,0.25426764160423465,0.46866821960793714
25551,LOF,0.21895971987439555,0.2645511330894756,0.5164891470361289
25552,LOF,0.2079181463075469,0.25696608746130384,0.5351157662311492
25553,Neutral,0.7075985243288311,0.1439098104032477,0.1484916652679212
25554,LOF,0.2593127078034638,0.2216439484840523,0.5190433437124838
25555,LOF,0.17833041498102728,0.23397458158875428,0.5876950034302184
25556,LOF,0.34897511242173573,0.20857416511948432,0.4424507224587798
25557,LOF,0.19691690009035417,0.23119647196098686,0.571886627948659
25558,LOF,0.250618356619171,0.2711766011255373,0.47820504225529176
25559,LOF,0.28054626735574983,0.0676513624316202,0.65180237021263
25560,LOF,0.0387117349978039,0.2009105949394079,0.7603776700627881
25561,LOF,0.02537220112400434,0.37068470726266034,0.6039430916133354
25562,LOF,0.026640858030086027,0.13632397817024566,0.8370351637996684
25563,LOF,0.00846163880709367,0.2064984386195502,0.7850399225733562
25564,LOF,0.05222789928083164,0.05646257602917972,0.8913095246899886
25565,LOF,0.14109424562717401,0.1411213581916005,0.7177843961812255
25566,GOF,0.04477987313223014,0.7434367191293928,0.21178340773837692
25567,LOF,0.04432324817331659,0.07169699212878594,0.8839797596978974
25568,LOF,0.05138626210523399,0.0628853658471108,0.8857283720476552
25569,LOF,0.06478416953188863,0.05175803012744989,0.8834578003406615
25570,LOF,0.05421215348006706,0.06901708278183186,0.8767707637381009
25571,LOF,0.052098538663541416,0.06382822569247149,0.8840732356439871
25572,LOF,0.06921476244906458,0.049577997360487694,0.8812072401904477
25573,LOF,0.08310409071711153,0.10464866596520896,0.8122472433176795
25574,LOF,0.09129223310336107,0.19414246538394697,0.7145653015126918
25575,LOF,0.05490806325810486,0.06934869048456362,0.8757432462573316
25576,LOF,0.028760978226138788,0.09907657192920036,0.8721624498446608
25577,LOF,0.04122137029317328,0.05691529406525937,0.9018633356415673
25578,LOF,0.22841617679993842,0.07946119493764393,0.6921226282624177
25579,LOF,0.2262913635628295,0.07686250801601935,0.6968461284211511
25580,LOF,0.0563341436800239,0.0638902324590527,0.8797756238609235
25581,LOF,0.036753896293204434,0.09486578377030684,0.8683803199364888
25582,LOF,0.036753896293204434,0.09486578377030684,0.8683803199364888
25583,LOF,0.05351050561797343,0.07030883020302339,0.8761806641790031
25584,Neutral,0.7429855962099782,0.0407845876783048,0.21622981611171715
25585,LOF,0.035062629817497824,0.05532356108414273,0.9096138090983594
25586,LOF,0.05368674022163308,0.06212159124919293,0.884191668529174
25587,LOF,0.05216963605488675,0.06727892714767147,0.8805514367974417
25588,LOF,0.050716526465035855,0.05965176529671003,0.8896317082382541
25589,Neutral,0.6929928537045413,0.09363960196636908,0.21336754432908975
25590,LOF,0.07141128023162262,0.0627381266124258,0.8658505931559515
25591,LOF,0.11307387121199311,0.03290749004690486,0.854018638741102
25592,LOF,0.16650085099167386,0.1397622149144786,0.6937369340938476
25593,LOF,0.14697522825978077,0.31888708314429,0.5341376885959292
25594,LOF,0.02641229132270791,0.08667212805785487,0.8869155806194373
25595,LOF,0.03348629705717853,0.061526482398520974,0.9049872205443006
25596,LOF,0.11411272890917884,0.030666702710628567,0.8552205683801926
25597,LOF,0.10420156617145568,0.011292410451223594,0.8845060233773208
25598,LOF,0.03744188453909521,0.07397429465365482,0.8885838208072498
25599,GOF,0.02733785371656274,0.6758091032249781,0.29685304305845917
25600,GOF,0.14618148956566845,0.5437777469656153,0.31004076346871634
25601,LOF,0.045791601238419626,0.3611529805071495,0.5930554182544308
25602,LOF,0.05552906316934684,0.03317984570303313,0.9112910911276201
25603,LOF,0.06301097714939628,0.03397683907522195,0.9030121837753817
25604,LOF,0.0862035672862968,0.12584475727285813,0.7879516754408451
25605,LOF,0.17424210612649316,0.08604029782900306,0.7397175960445038
25606,Neutral,0.5955258814987195,0.12748569295321568,0.2769884255480647
25607,LOF,0.057823239480253176,0.1198468500560253,0.8223299104637216
25608,LOF,0.03248205639251188,0.20981024955306338,0.7577076940544248
25609,GOF,0.06741285235178367,0.6755504153898654,0.25703673225835105
25610,LOF,0.02767372089547308,0.061013487784856865,0.91131279131967
25611,LOF,0.028748036619073103,0.06055035104807586,0.9107016123328511
25612,LOF,0.06280324429250637,0.07758689011815051,0.8596098655893432
25613,LOF,0.0522823766166644,0.08028323517345524,0.8674343882098805
25614,LOF,0.03683475560651413,0.08404374812408978,0.8791214962693962
25615,LOF,0.05699699259112474,0.11043964563968499,0.8325633617691902
25616,LOF,0.02859226139207862,0.0811520253215628,0.8902557132863587
25617,LOF,0.028206396662181294,0.09102536331587173,0.8807682400219469
25618,LOF,0.13543793555040662,0.27518855387140345,0.5893735105781899
25619,LOF,0.03135563468482825,0.13771245529599185,0.83093191001918
25620,LOF,0.02632828376410342,0.07939568270510414,0.8942760335307924
25621,LOF,0.06678392302105585,0.10398362997735132,0.8292324470015928
25622,LOF,0.06273876646841889,0.12400861602331524,0.8132526175082659
25623,LOF,0.07260119612871635,0.07773695707568577,0.8496618467955979
25624,LOF,0.030698684699005982,0.11152450324349227,0.8577768120575018
25625,LOF,0.04263217875649973,0.08876670061921435,0.868601120624286
25626,LOF,0.03352142419857696,0.06042604661660562,0.9060525291848174
25627,Neutral,0.836471346802646,0.0662551738984632,0.0972734792988908
25628,LOF,0.11440692590989138,0.167114361429077,0.7184787126610317
25629,LOF,0.039095429046170124,0.13723391386859443,0.8236706570852355
25630,LOF,0.3060365910479066,0.1265047352473374,0.567458673704756
25631,LOF,0.32818916265125864,0.11721875976323066,0.5545920775855108
25632,LOF,0.02796926012554939,0.09869715661849018,0.8733335832559603
25633,LOF,0.17974638517948555,0.062097655771026154,0.7581559590494883
25634,LOF,0.05241271143929781,0.06570031836425497,0.8818869701964471
25635,LOF,0.0402179539019686,0.06420917848609686,0.8955728676119344
25636,GOF,0.021648948210932842,0.7117806293442666,0.26657042244480056
25637,GOF,0.023565785492531945,0.6031254952725428,0.37330871923492537
25638,GOF,0.009833192898408734,0.6781062427644408,0.31206056433715046
25639,LOF,0.020086679033718642,0.4750288930659614,0.50488442790032
25640,Neutral,0.8705911077730281,0.091617523926018,0.03779136830095408
25641,LOF,0.07571161367768474,0.29018738371239855,0.6341010026099166
25642,LOF,0.07298433038744091,0.214095957280995,0.712919712331564
25643,LOF,0.374459040428772,0.20576891637991157,0.41977204319131656
25644,LOF,0.0122532880614715,0.2807513723593756,0.7069953395791528
25645,LOF,0.010736424863421419,0.2901766006354778,0.6990869745011008
25646,LOF,0.019002850594655327,0.18386585563146832,0.7971312937738764
25647,LOF,0.013609553987488927,0.11714409036271783,0.8692463556497931
25648,LOF,0.01797280133072763,0.17527372619926887,0.8067534724700035
25649,LOF,0.011527816353864,0.0796787108178636,0.9087934728282725
25650,LOF,0.044301458344992876,0.2309785397716345,0.7247200018833726
25651,LOF,0.01346973114178933,0.12448328755567854,0.8620469813025321
25652,LOF,0.009994468650669849,0.2709956420773681,0.7190098892719621
25653,LOF,0.030352369440053616,0.28291814195751197,0.6867294886024343
25654,LOF,0.00862153749437235,0.27635380568831386,0.7150246568173139
25655,LOF,0.08136041970384116,0.4440718419583834,0.4745677383377754
25656,LOF,0.08653265808078621,0.36019424112645737,0.5532731007927565
25657,LOF,0.029208732337684343,0.376065081092884,0.5947261865694317
25658,LOF,0.12934388589315612,0.37036816736162415,0.5002879467452197
25659,GOF,0.18123667934725807,0.4850408560415875,0.33372246461115435
25660,LOF,0.03515240305049946,0.27558731430757344,0.6892602826419271
25661,LOF,0.02698593889170193,0.269642856601594,0.7033712045067042
25662,LOF,0.02404884073275637,0.146617706398807,0.8293334528684366
25663,LOF,0.026986396830484323,0.12284908646908353,0.8501645167004322
25664,LOF,0.05830751879308852,0.1886827891066217,0.7530096921002899
25665,LOF,0.028718343067471706,0.07990102275044313,0.891380634182085
25666,LOF,0.05248404331001322,0.14616395579927818,0.8013520008907086
25667,LOF,0.024852047879486108,0.1790764243190603,0.7960715278014536
25668,LOF,0.026795648118378517,0.19226026962464482,0.7809440822569768
25669,LOF,0.023170441960113104,0.19502107164154436,0.7818084863983426
25670,LOF,0.08198904042716919,0.177628291678588,0.7403826678942428
25671,LOF,0.028639155812227625,0.1195028779487177,0.8518579662390546
25672,LOF,0.021485303267030926,0.13605678480852487,0.8424579119244442
25673,LOF,0.05722993584095973,0.14881273129598308,0.7939573328630571
25674,LOF,0.04783808603521554,0.19428653155184125,0.7578753824129432
25675,LOF,0.04473264585995963,0.15172927826868668,0.8035380758713538
25676,LOF,0.024350478128596812,0.1481581565428346,0.8274913653285687
25677,LOF,0.0307047983677144,0.21609861100009561,0.75319659063219
25678,LOF,0.05542607384920255,0.17934261605847893,0.7652313100923185
25679,LOF,0.07093101611016377,0.1829981346903066,0.7460708491995296
25680,LOF,0.038888175766557884,0.23403571630384523,0.7270761079295968
25681,LOF,0.03845848350463321,0.2577860425932374,0.7037554739021294
25682,LOF,0.027128047710249504,0.18675482637540977,0.7861171259143407
25683,LOF,0.0669922335936565,0.15153015485814603,0.7814776115481974
25684,LOF,0.02519711116071413,0.1847747515211854,0.7900281373181005
25685,LOF,0.06092318640296849,0.2771079880723896,0.661968825524642
25686,LOF,0.05627806642483647,0.2685028280181945,0.6752191055569691
25687,LOF,0.07883292930859268,0.36849425461827867,0.5526728160731287
25688,LOF,0.3138888945841397,0.038838533755822933,0.6472725716600375
25689,LOF,0.15526618915683957,0.035305187098002046,0.8094286237451583
25690,LOF,0.21864952647806135,0.03892155920152171,0.7424289143204169
25691,Neutral,0.6597372959963758,0.05242793527957661,0.2878347687240476
25692,LOF,0.1814999804939017,0.009392244420933843,0.8091077750851645
25693,GOF,0.06997179936059773,0.5849608974816957,0.34506730315770656
25694,LOF,0.10530725690893256,0.023934028533780998,0.8707587145572865
25695,LOF,0.08641231102660116,0.016831253364913618,0.8967564356084852
25696,LOF,0.1067432231725671,0.024490803918287393,0.8687659729091456
25697,LOF,0.06441807514220378,0.11902564479905446,0.8165562800587417
25698,LOF,0.2481464660939938,0.2553907760999585,0.49646275780604765
25699,LOF,0.3498181332109982,0.29697661150611326,0.3532052552828886
25700,LOF,0.039304425559068455,0.05050285393775713,0.9101927205031745
25701,LOF,0.23673299707431075,0.157987405228798,0.6052795976968913
25702,GOF,0.1586830497995997,0.7280666015442806,0.11325034865611967
25703,LOF,0.02053429437154046,0.40964768861597817,0.5698180170124815
25704,LOF,0.032633615993788494,0.38995219235182466,0.5774141916543869
25705,LOF,0.0350626328926369,0.21905491846881717,0.7458824486385459
25706,LOF,0.18840506046606273,0.30540695373495386,0.5061879857989834
25707,LOF,0.13339060123310525,0.32753807845915534,0.5390713203077394
25708,LOF,0.07012081142064476,0.35814795890219836,0.5717312296771568
25709,LOF,0.026588161867343342,0.16541581361184962,0.807996024520807
25710,LOF,0.016964741641358184,0.10213163286511909,0.8809036254935227
25711,LOF,0.028346348996780367,0.19326106358326212,0.7783925874199575
25712,LOF,0.017070116801970174,0.14704639025780308,0.8358834929402268
25713,LOF,0.029160129397364603,0.19406486057744465,0.7767750100251908
25714,LOF,0.03525285574063753,0.21443500015823116,0.7503121441011312
25715,LOF,0.029660137933528348,0.2140693599922068,0.7562705020742648
25716,LOF,0.01637719786178598,0.09198807962214042,0.8916347225160736
25717,LOF,0.017341399486187344,0.06594531215455006,0.9167132883592627
25718,LOF,0.02283489350637063,0.10538726422596617,0.8717778422676632
25719,LOF,0.027117379674134398,0.18749442543128073,0.7853881948945848
25720,LOF,0.029258845155397676,0.12567924337364542,0.845061911470957
25721,LOF,0.026819781234898005,0.16826844002085264,0.8049117787442492
25722,LOF,0.027109367398044926,0.16780876913045434,0.8050818634715007
25723,LOF,0.02759360053477092,0.19702776790852075,0.7753786315567083
25724,LOF,0.06845597005575432,0.2758014437179093,0.6557425862263363
25725,LOF,0.02663267093849845,0.168914419236086,0.8044529098254156
25726,LOF,0.02713617091568572,0.19611211162942233,0.7767517174548919
25727,LOF,0.027049456131379414,0.19494100788492688,0.7780095359836937
25728,LOF,0.026789876129997434,0.19557155829974338,0.7776385655702591
25729,LOF,0.02696926933379059,0.19699265315934966,0.7760380775068597
25730,LOF,0.026966258594356734,0.19865247527363247,0.7743812661320106
25731,LOF,0.015380200023552566,0.10474860669356123,0.8798711932828862
25732,LOF,0.024274340709397345,0.08710699777421183,0.8886186615163909
25733,LOF,0.02222161568372768,0.10905225010015233,0.8687261342161201
25734,LOF,0.019435917941329144,0.1184507335905698,0.8621133484681011
25735,LOF,0.022564131103262067,0.10921450254676625,0.8682213663499717
25736,LOF,0.022182006540820084,0.10815133548729874,0.8696666579718811
25737,LOF,0.026765096284239346,0.1710809431021402,0.8021539606136205
25738,LOF,0.02717650889791422,0.19060429118750358,0.7822191999145821
25739,LOF,0.02773867301296092,0.19073131325010556,0.7815300137369335
25740,LOF,0.0359260716897172,0.19606275668158452,0.7680111716286983
25741,LOF,0.03519112179494614,0.20824516554942898,0.7565637126556247
25742,LOF,0.03673374641034375,0.1812885217502305,0.7819777318394258
25743,LOF,0.025566219728797083,0.04378913491355715,0.9306446453576457
25744,Neutral,0.6064553243180899,0.18571275705163715,0.20783191863027303
25745,LOF,0.04946014950345379,0.08488693541983851,0.8656529150767077
25746,LOF,0.023719413295078835,0.13540650879786753,0.8408740779070537
25747,LOF,0.024805799353899788,0.08140261140102037,0.8937915892450797
25748,LOF,0.14892993245310654,0.11605784252457055,0.735012225022323
25749,LOF,0.02035776186962608,0.11114878139017215,0.8684934567402017
25750,LOF,0.02428995987664979,0.10008839409445723,0.875621646028893
25751,LOF,0.031494937596162,0.2928481532344573,0.6756569091693808
25752,GOF,0.05857285330424358,0.7549128606286695,0.18651428606708695
25753,LOF,0.01320152917432306,0.4640278238267443,0.5227706469989327
25754,GOF,0.017220421000144356,0.794011754558225,0.18876782444163054
25755,LOF,0.022348993279442432,0.3666506500545885,0.611000356665969
25756,GOF,0.028672332607745227,0.5635552956554186,0.4077723717368361
25757,GOF,0.015635093793914298,0.8565164687342641,0.12784843747182154
25758,GOF,0.024157315643103406,0.8519055667323668,0.12393711762452975
25759,GOF,0.0157328695197628,0.7354407586607216,0.24882637181951558
25760,LOF,0.018991473104425515,0.45301330267036166,0.5279952242252127
25761,GOF,0.20100499354084025,0.7327071377098098,0.06628786874934994
25762,GOF,0.03412681112776609,0.4904677170551388,0.47540547181709514
25763,LOF,0.02097417357914617,0.3401804925639617,0.6388453338568921
25764,GOF,0.06779231723580037,0.808687757750155,0.12351992501404474
25765,GOF,0.01812721375948804,0.8321798708169194,0.14969291542359242
25766,GOF,0.07102776947210787,0.8393661738216927,0.08960605670619946
25767,GOF,0.08762454769778522,0.7788560028626256,0.13351944943958927
25768,LOF,0.06497063786015084,0.14699169404974802,0.7880376680901011
25769,LOF,0.025152969725626438,0.11866751076527311,0.8561795195091005
25770,LOF,0.3401976766963477,0.06765397760623444,0.5921483456974178
25771,LOF,0.05422598005578159,0.035125044019857665,0.9106489759243607
25772,LOF,0.02809461710307985,0.06543897255353388,0.9064664103433863
25773,LOF,0.04938068546537446,0.03510239774091088,0.9155169167937146
25774,LOF,0.019220261243486473,0.13049451032723688,0.8502852284292768
25775,LOF,0.07020115642985574,0.029559701375994247,0.90023914219415
25776,LOF,0.031989721370311544,0.04297512917757555,0.9250351494521128
25777,LOF,0.37162475061400296,0.045212493214917986,0.5831627561710792
25778,LOF,0.027435069091409064,0.08672295702697468,0.8858419738816162
25779,GOF,0.4222706438358435,0.5091739104128413,0.0685554457513151
25780,Neutral,0.4946857472959199,0.4047282532717421,0.10058599943233801
25781,GOF,0.16877703796927884,0.6934945444749584,0.1377284175557627
25782,GOF,0.2655534750315719,0.6212032214360088,0.11324330353241928
25783,GOF,0.024563087335590216,0.7596347594916893,0.21580215317272047
25784,Neutral,0.6455729269582352,0.30473915343936603,0.04968791960239875
25785,Neutral,0.6968859085549275,0.1824504724040584,0.120663619041014
25786,GOF,0.022922210911849095,0.6806294072677369,0.29644838182041394
25787,Neutral,0.8459704436937145,0.08903320916363837,0.064996347142647
25788,LOF,0.027007742750145405,0.04248680905074458,0.93050544819911
25789,GOF,0.18611312258628512,0.5487982428129193,0.2650886346007955
25790,GOF,0.15495351651155184,0.5331058202036667,0.31194066328478154
25791,LOF,0.13138238425904558,0.4302997643332618,0.43831785140769264
25792,Neutral,0.4107274803119478,0.29223222235606666,0.2970402973319855
25793,GOF,0.18879033323287703,0.4241840824428817,0.3870255843242412
25794,GOF,0.21470592319161064,0.45008268383663713,0.3352113929717522
25795,GOF,0.06822762032259622,0.6299888275589344,0.30178355211846947
25796,Neutral,0.5642739175083452,0.2856413962028881,0.1500846862887667
25797,LOF,0.08566204997887494,0.39294922961937245,0.5213887204017525
25798,LOF,0.012943184506696456,0.4206841663221925,0.566372649171111
25799,LOF,0.011630434114121131,0.399466352312135,0.5889032135737439
25800,GOF,0.04663784633579254,0.5883255528257436,0.3650366008384639
25801,GOF,0.22416279230384809,0.5823956428224303,0.19344156487372172
25802,GOF,0.06705307356982579,0.5586320523942389,0.37431487403593533
25803,GOF,0.04842440670375947,0.49092152471405803,0.46065406858218244
25804,GOF,0.03493243165718545,0.4828346067440351,0.48223296159877943
25805,GOF,0.11370042404356633,0.5280280112224398,0.35827156473399385
25806,GOF,0.1256704425165582,0.463004416207021,0.4113251412764208
25807,LOF,0.02131814483727416,0.48160120972391174,0.49708064543881403
25808,LOF,0.08613648805477306,0.4449191585734262,0.4689443533718008
25809,LOF,0.017003457698085398,0.41807739045087666,0.5649191518510379
25810,LOF,0.020074063623230175,0.42964660365089447,0.5502793327258754
25811,Neutral,0.593770163393018,0.3147324286534027,0.09149740795357934
25812,GOF,0.039870781585898005,0.49087630488691747,0.46925291352718446
25813,Neutral,0.7018074580392488,0.10966184513463455,0.1885306968261166
25814,GOF,0.20365395104487707,0.47163583289392574,0.3247102160611973
25815,GOF,0.34643253162584736,0.45234216986809067,0.201225298506062
25816,GOF,0.025691819830183357,0.5774913070172473,0.3968168731525693
25817,GOF,0.1980022328661328,0.6575575147010738,0.14444025243279332
25818,LOF,0.04342605590233836,0.3932114366749221,0.5633625074227395
25819,GOF,0.3182040327732702,0.4150035879540827,0.2667923792726471
25820,GOF,0.18814602470973593,0.45422464928822154,0.3576293260020426
25821,GOF,0.054927347680333354,0.5311849916656805,0.4138876606539861
25822,LOF,0.22546745045365388,0.37194995608133186,0.4025825934650142
25823,LOF,0.04081504589046304,0.4768453061664947,0.4823396479430423
25824,LOF,0.10023726871937302,0.3563491850984625,0.5434135461821645
25825,LOF,0.03937630278044047,0.35715443136023683,0.6034692658593227
25826,LOF,0.013312285192282522,0.40519865222750423,0.5814890625802132
25827,GOF,0.01994549105818837,0.5693689981515301,0.41068551079028165
25828,LOF,0.013745554183993267,0.47481188706339167,0.511442558752615
25829,LOF,0.00907707233134727,0.43662619565093114,0.5542967320177216
25830,LOF,0.06674058064554302,0.07319171150991968,0.8600677078445372
25831,GOF,0.16265711998491314,0.6509285927052557,0.18641428730983112
25832,GOF,0.04336823783560894,0.591516930978558,0.36511483118583316
25833,GOF,0.16102339957283082,0.5601210469195743,0.2788555535075949
25834,GOF,0.06488670794082546,0.5726410119048445,0.3624722801543301
25835,GOF,0.1509292591357189,0.4989043164229504,0.3501664244413307
25836,GOF,0.06461609138485297,0.525222646495614,0.4101612621195331
25837,LOF,0.036765441636396716,0.3980299760715642,0.5652045822920392
25838,GOF,0.1419648825563147,0.47611815760234655,0.3819169598413386
25839,Neutral,0.41900112056498606,0.27032280208752335,0.3106760773474906
25840,GOF,0.23353837167618446,0.4600397697424126,0.306421858581403
25841,GOF,0.2720548344850282,0.4183479608869659,0.3095972046280058
25842,LOF,0.3374545185909598,0.28874377652372085,0.3738017048853193
25843,GOF,0.29060883376636243,0.4567294162700019,0.2526617499636356
25844,LOF,0.14796080735698167,0.31760138038592006,0.5344378122570982
25845,LOF,0.026986433327024845,0.41859607939945326,0.5544174872735219
25846,GOF,0.13254816593489296,0.5681540064371305,0.29929782762797646
25847,GOF,0.23839123970570017,0.4915585446102975,0.27005021568400234
25848,GOF,0.04545014100512288,0.4882169176783249,0.4663329413165523
25849,LOF,0.013806666620796028,0.4495671281787414,0.5366262052004626
25850,GOF,0.029572572042197237,0.553579720056292,0.4168477079015107
25851,GOF,0.021583382297830227,0.4988285122211433,0.47958810548102637
25852,GOF,0.11758605425796094,0.4913323106664741,0.3910816350755649
25853,GOF,0.3443800601454095,0.4213425777469273,0.23427736210766326
25854,GOF,0.013501720700069894,0.5351154756528319,0.4513828036470982
25855,LOF,0.04292966339738305,0.343600667343643,0.613469669258974
25856,LOF,0.2612552648116463,0.3472818204354936,0.3914629147528601
25857,LOF,0.03316537564939007,0.39608725282755824,0.5707473715230517
25858,GOF,0.020011568903438023,0.5536498150762188,0.426338616020343
25859,GOF,0.011115734655902302,0.5563917159013849,0.43249254944271287
25860,Neutral,0.3988471711144996,0.3202566974579558,0.28089613142754466
25861,GOF,0.28263959578465936,0.6245873321040591,0.09277307211128154
25862,GOF,0.08141181974241155,0.6531307617486752,0.26545741850891313
25863,GOF,0.08832976509091049,0.669360008765672,0.24231022614341732
25864,GOF,0.20067140326357308,0.6392035219965602,0.1601250747398667
25865,GOF,0.08411824213265126,0.7369884918839059,0.17889326598344288
25866,GOF,0.07882329343852096,0.698905148291037,0.22227155827044207
25867,GOF,0.10024327845013736,0.752741609047036,0.14701511250282648
25868,GOF,0.24120639211711,0.5024740099005478,0.25631959798234216
25869,Neutral,0.764457465923709,0.16324092594296116,0.07230160813332968
25870,LOF,0.11101686253896663,0.05788364292963338,0.8310994945314001
25871,GOF,0.08161137774739126,0.5584484852185796,0.35994013703402916
25872,LOF,0.09640697516104736,0.4468242533440472,0.4567687714949055
25873,GOF,0.13592312553688568,0.5354075780433724,0.328669296419742
25874,LOF,0.03107117955345251,0.04242656391024642,0.926502256536301
25875,LOF,0.0582565004932715,0.26223098456784566,0.6795125149388829
25876,LOF,0.02217546498737003,0.11262478168278968,0.8651997533298402
25877,LOF,0.3732247153992789,0.23882724248388149,0.38794804211683964
25878,LOF,0.17548271428897352,0.37254063890155775,0.4519766468094687
25879,LOF,0.09627653633908623,0.41441453463517164,0.48930892902574197
25880,LOF,0.028101022683071533,0.05315327754022069,0.9187456997767078
25881,LOF,0.37595666231307284,0.15028701476627493,0.4737563229206523
25882,LOF,0.10780289177886197,0.022986235901218004,0.86921087231992
25883,LOF,0.07200424076891322,0.0745993591582207,0.8533964000728661
25884,LOF,0.07185126453642286,0.0665418086689126,0.8616069267946646
25885,LOF,0.10079614473041748,0.035073664612137206,0.8641301906574453
25886,LOF,0.19192372197414334,0.18598902130744177,0.6220872567184149
25887,LOF,0.37869448000024775,0.12516157118071178,0.49614394881904034
25888,LOF,0.14863389035518934,0.08339408838217262,0.767972021262638
25889,LOF,0.0786604565124168,0.06061644113520114,0.8607231023523821
25890,LOF,0.060527109482062254,0.08291577414753538,0.8565571163704023
25891,LOF,0.05743470889667569,0.03157461824748493,0.9109906728558393
25892,LOF,0.09833829259856826,0.0573507635550279,0.8443109438464038
25893,LOF,0.37730391780411693,0.03246166397903287,0.5902344182168502
25894,LOF,0.1514614918430594,0.013054645663557915,0.8354838624933827
25895,LOF,0.16687249802959098,0.015087930412063575,0.8180395715583454
25896,LOF,0.04790830597123079,0.01930033775816909,0.9327913562706001
25897,LOF,0.20859446239928608,0.03885520622500885,0.752550331375705
25898,Neutral,0.6820243841737506,0.022382325588191657,0.2955932902380578
25899,LOF,0.21355980776505745,0.1597898379075048,0.6266503543274378
25900,Neutral,0.7966008344341466,0.036760327081540964,0.16663883848431238
25901,LOF,0.0665738865930221,0.02987656834018307,0.9035495450667949
25902,LOF,0.113417014090586,0.022686500405775495,0.8638964855036385
25903,Neutral,0.6088249266216688,0.06960616907023126,0.32156890430809987
25904,LOF,0.272140950527987,0.09168436674148578,0.6361746827305271
25905,LOF,0.01642937736302718,0.39986540165592444,0.5837052209810484
25906,LOF,0.0243984613189496,0.06456406348756216,0.9110374751934882
25907,LOF,0.011797311630005048,0.301136119200648,0.687066569169347
25908,LOF,0.017211497832355514,0.1726349484330704,0.810153553734574
25909,LOF,0.03044200938228077,0.13563602590069687,0.8339219647170223
25910,LOF,0.0165779698544526,0.38613226873681034,0.5972897614087371
25911,LOF,0.08238692566709414,0.023576989608422506,0.8940360847244834
25912,LOF,0.04074983208477443,0.0559717164293566,0.9032784514858689
25913,LOF,0.21178996317546356,0.022668856776547903,0.7655411800479885
25914,LOF,0.042765087595052334,0.20832015161664935,0.7489147607882983
25915,GOF,0.3940497374414194,0.47250383007578606,0.13344643248279453
25916,GOF,0.03360147702247539,0.7071127626772705,0.2592857603002541
25917,LOF,0.03238786695532413,0.1613957394887806,0.8062163935558952
25918,LOF,0.04602344961068612,0.11394390432870347,0.8400326460606105
25919,LOF,0.04750120555391457,0.08815035048746209,0.8643484439586234
25920,GOF,0.20209532549527276,0.5072237374063666,0.2906809370983607
25921,LOF,0.0506442424254032,0.06456784718220464,0.8847879103923922
25922,LOF,0.04487800062706939,0.049533052116497264,0.9055889472564334
25923,LOF,0.2833136884261151,0.09431877049776077,0.6223675410761241
25924,LOF,0.06708016438750423,0.02551703625869064,0.9074027993538051
25925,LOF,0.06664157008608113,0.06168776471165244,0.8716706652022665
25926,LOF,0.04125358169653802,0.04717158993720867,0.9115748283662534
25927,LOF,0.08797736579546282,0.12180570285607742,0.7902169313484598
25928,LOF,0.039485946518627545,0.03344502722967979,0.9270690262516926
25929,LOF,0.39903070755994313,0.08916899838826066,0.5118002940517963
25930,LOF,0.07743621877224999,0.03560739645286786,0.8869563847748823
25931,LOF,0.042835618241057805,0.018949372720901372,0.9382150090380409
25932,LOF,0.08065241182769808,0.02207059991710556,0.8972769882551963
25933,LOF,0.08433190058086043,0.019658789836982018,0.8960093095821576
25934,LOF,0.07905724600714308,0.02786801151949128,0.8930747424733657
25935,LOF,0.04871301281512074,0.05852215080133147,0.8927648363835479
25936,LOF,0.08399489052599064,0.019289873493872827,0.8967152359801365
25937,LOF,0.054806612949948694,0.0443547214640398,0.9008386655860114
25938,LOF,0.06479872804588573,0.11515767376352339,0.8200435981905908
25939,LOF,0.06473529336742402,0.03314638161772999,0.9021183250148459
25940,GOF,0.021502920351624304,0.5782991215964001,0.4001979580519755
25941,LOF,0.152971209443878,0.045188149249550384,0.8018406413065717
25942,LOF,0.034596143756062785,0.015022707843195593,0.9503811484007417
25943,LOF,0.4645495988295489,0.030122997498892443,0.5053274036715587
25944,Neutral,0.5226310047999264,0.024940597539576267,0.45242839766049725
25945,LOF,0.18675530716738872,0.08257706045170567,0.7306676323809056
25946,LOF,0.017659845658375674,0.17139442093926,0.8109457334023643
25947,LOF,0.06017484900763718,0.26742166282010715,0.6724034881722557
25948,LOF,0.39804806958459826,0.010070846966467779,0.591881083448934
25949,LOF,0.13034459197909257,0.019763179564386002,0.8498922284565215
25950,GOF,0.17666248244112104,0.5723702077400245,0.25096730981885457
25951,LOF,0.19281264648511398,0.29031417486517863,0.5168731786497074
25952,GOF,0.043911007212039305,0.6054839924220393,0.3506050003659214
25953,LOF,0.13085470777364916,0.3784766548309135,0.49066863739543737
25954,Neutral,0.47169842709511584,0.40399995822832796,0.12430161467655616
25955,LOF,0.04631556764554083,0.25928340217037177,0.6944010301840875
25956,LOF,0.14274822585703534,0.11113186105660701,0.7461199130863576
25957,LOF,0.034314245851009076,0.032183540484008136,0.9335022136649828
25958,LOF,0.06911639407720244,0.04575894854084494,0.8851246573819526
25959,GOF,0.14230899434440233,0.43724304890421367,0.4204479567513839
25960,LOF,0.025853667722405993,0.09480341241059934,0.8793429198669946
25961,LOF,0.06259808945491628,0.100554694780777,0.8368472157643068
25962,LOF,0.048758437855375376,0.08966877148742719,0.8615727906571975
25963,LOF,0.03242523453365021,0.19539398340601533,0.7721807820603346
25964,LOF,0.06861374790498033,0.12903988095036734,0.8023463711446523
25965,LOF,0.4495792347406241,0.09480715503089118,0.4556136102284848
25966,GOF,0.19946501782794787,0.4023608823031889,0.39817409986886326
25967,LOF,0.018189526825740328,0.21782017353230979,0.76399029964195
25968,LOF,0.04860560660725853,0.35742402782364774,0.5939703655690937
25969,LOF,0.014104936744505395,0.09108221332235611,0.8948128499331385
25970,LOF,0.04218578788491363,0.06469914080035451,0.8931150713147318
25971,LOF,0.08645892076395821,0.06039397098808326,0.8531471082479586
25972,LOF,0.10303547213891652,0.0671163790994944,0.8298481487615891
25973,LOF,0.124340042905978,0.01096315414951546,0.8646968029445066
25974,LOF,0.3471100929380046,0.03532541344121732,0.617564493620778
25975,LOF,0.06130933339232878,0.03827421224233629,0.9004164543653349
25976,LOF,0.03054318070741031,0.0606805541663339,0.9087762651262558
25977,LOF,0.060056263789474,0.14590726259357195,0.7940364736169541
25978,LOF,0.22628730781841247,0.07588189957759439,0.697830792603993
25979,LOF,0.19630933843530302,0.11687008426514255,0.6868205772995545
25980,LOF,0.22847996971231097,0.17168496612528236,0.5998350641624066
25981,LOF,0.22847996971231097,0.17168496612528236,0.5998350641624066
25982,LOF,0.44320393478090536,0.06951417145845143,0.48728189376064324
25983,LOF,0.4354166884100128,0.08451892477895541,0.48006438681103186
25984,LOF,0.04689517115070576,0.20229277818161756,0.7508120506676766
25985,LOF,0.025181609527520205,0.436643723176616,0.5381746672958638
25986,LOF,0.04066172761792787,0.44227727062636124,0.5170610017557109
25987,LOF,0.0825926585579958,0.09744221574247207,0.8199651256995321
25988,LOF,0.03871567329309293,0.2314739555099948,0.7298103711969123
25989,LOF,0.02864420789480051,0.2632885564529044,0.7080672356522952
25990,LOF,0.034658683785124295,0.19627778804720616,0.7690635281676697
25991,LOF,0.16892868239211975,0.21497497677416025,0.61609634083372
25992,LOF,0.26429494070222803,0.22213942134572653,0.5135656379520455
25993,LOF,0.039459628204956416,0.06597309334634914,0.8945672784486944
25994,LOF,0.04103373878961049,0.0672312988300175,0.8917349623803721
25995,LOF,0.040325796602873824,0.08121615178241215,0.8784580516147139
25996,LOF,0.11129467071903167,0.28176872947845033,0.606936599802518
25997,LOF,0.05155929660109982,0.4204954423042911,0.527945261094609
25998,Neutral,0.5052070630393429,0.02045328338504634,0.4743396535756107
25999,LOF,0.13456110387320955,0.40367239355691137,0.46176650256987906
26000,LOF,0.06285885790832063,0.0216431554425395,0.9154979866491398
26001,LOF,0.11500204701021377,0.06323788593907625,0.82176006705071
26002,LOF,0.08324229563176631,0.050847748857044996,0.8659099555111888
26003,GOF,0.013966758843027546,0.7247632904339879,0.26126995072298465
26004,GOF,0.05039248989907089,0.7735940086548982,0.17601350144603087
26005,GOF,0.017403948842616982,0.5993580877845769,0.383237963372806
26006,Neutral,0.5720680126738318,0.27014676931883735,0.15778521800733084
26007,GOF,0.027539395145954347,0.7191584255315413,0.25330217932250426
26008,GOF,0.017547406346149173,0.6686347073281369,0.3138178863257138
26009,GOF,0.03633558636647857,0.7278491702835616,0.2358152433499599
26010,GOF,0.014098341529771952,0.8570926320347964,0.12880902643543163
26011,GOF,0.010746601669222706,0.6396504327148896,0.34960296561588755
26012,GOF,0.021129543680872182,0.5958335610273203,0.38303689529180746
26013,GOF,0.012212797532525228,0.7283946746800911,0.25939252778738375
26014,LOF,0.04146377820535177,0.15920990313354708,0.799326318661101
26015,LOF,0.19529630611358442,0.010995761478676527,0.793707932407739
26016,LOF,0.3614013794972595,0.04652579887569921,0.5920728216270412
26017,LOF,0.27532437951355854,0.07236557168695151,0.65231004879949
26018,LOF,0.06461935065671229,0.07696087758882882,0.8584197717544588
26019,LOF,0.07037943532194661,0.03821429200977023,0.8914062726682832
26020,LOF,0.10311169603146249,0.07556766920337686,0.8213206347651607
26021,LOF,0.10568730560622093,0.10085356421185188,0.7934591301819272
26022,LOF,0.020926662397071246,0.0372018336009141,0.9418715040020147
26023,LOF,0.1499085034711667,0.05381127632361262,0.7962802202052207
26024,LOF,0.03951087110940958,0.12341292510365805,0.8370762037869323
26025,LOF,0.28240811288734974,0.15030951254020586,0.5672823745724445
26026,Neutral,0.49498473585368585,0.031724453183352104,0.473290810962962
26027,LOF,0.0773010915997924,0.03281654120642538,0.8898823671937822
26028,LOF,0.21978289891349184,0.10246556996173824,0.6777515311247699
26029,LOF,0.09081525216565697,0.23896518066305167,0.6702195671712913
26030,LOF,0.02947174389678069,0.06334231407961853,0.9071859420236008
26031,LOF,0.017494106105688866,0.21437935223183527,0.7681265416624757
26032,LOF,0.06248488500121676,0.10299561154626835,0.8345195034525149
26033,LOF,0.19596613146032468,0.20650102109889365,0.5975328474407816
26034,LOF,0.04294070723626497,0.14885490478019525,0.8082043879835398
26035,LOF,0.026323767069082033,0.19880177750081526,0.7748744554301027
26036,LOF,0.04242939162450415,0.1653256479510306,0.7922449604244651
26037,LOF,0.02006417853822797,0.13042883275644887,0.8495069887053232
26038,LOF,0.061911666463355074,0.09942875023243304,0.8386595833042119
26039,LOF,0.05812424039397116,0.1830802697909942,0.7587954898150346
26040,GOF,0.3346284336200195,0.341261219816061,0.32411034656391946
26041,LOF,0.0227314342042482,0.14405949269457505,0.8332090731011768
26042,LOF,0.024927759233762833,0.12940675746384123,0.8456654833023959
26043,LOF,0.06046606626737721,0.13956417436709545,0.7999697593655274
26044,LOF,0.02918448863126007,0.09882408660095152,0.8719914247677885
26045,LOF,0.0655196516192614,0.16698456476748125,0.7674957836132574
26046,LOF,0.07456179602116898,0.14743494311628033,0.7780032608625508
26047,LOF,0.08658934809270634,0.13961470931238248,0.7737959425949111
26048,LOF,0.08010336350901927,0.09641621788825168,0.8234804186027291
26049,Neutral,0.9309223996919995,0.025808167467443178,0.043269432840557336
26050,Neutral,0.9085891831859573,0.03013468521775418,0.06127613159628855
26051,GOF,0.0327381878887837,0.5329908126105115,0.43427099950070486
26052,LOF,0.02628578009746252,0.4808782438910635,0.492835976011474
26053,LOF,0.04401870298305672,0.32947776658075284,0.6265035304361904
26054,LOF,0.06661864745333865,0.04406553885521099,0.8893158136914504
26055,LOF,0.053093487643336025,0.03332441717409404,0.9135820951825699
26056,LOF,0.04239043926579962,0.03773536467872659,0.9198741960554739
26057,LOF,0.06801499458882852,0.06663394607130749,0.865351059339864
26058,LOF,0.06776466682190745,0.056387735812613686,0.8758475973654789
26059,Neutral,0.4777919211004518,0.07736759449941785,0.4448404844001303
26060,LOF,0.061120123684974215,0.308759117587229,0.6301207587277968
26061,LOF,0.03156528691869006,0.055016817172652804,0.9134178959086572
26062,LOF,0.024646223595981818,0.034684510213815536,0.9406692661902026
26063,LOF,0.06745283352999971,0.04597732719944665,0.8865698392705537
26064,LOF,0.03701317582477962,0.03724827007392376,0.9257385541012966
26065,LOF,0.06532897047458047,0.0349363637038435,0.8997346658215761
26066,LOF,0.07091844488089027,0.04371789560097728,0.8853636595181323
26067,LOF,0.07161595815293935,0.03876693740467717,0.8896171044423834
26068,LOF,0.054450177417304124,0.07259544381093033,0.8729543787717656
26069,LOF,0.3835476013865519,0.0467684282342797,0.5696839703791684
26070,Neutral,0.5913821080353925,0.029216696713717252,0.37940119525089033
26071,LOF,0.06582309831967278,0.05200379524660765,0.8821731064337196
26072,LOF,0.03785611940391633,0.08714474804324396,0.8749991325528397
26073,LOF,0.07156434832911714,0.026828392220413482,0.9016072594504695
26074,Neutral,0.9628567856652814,0.011738696390572742,0.025404517944145767
26075,LOF,0.032722259141884154,0.04172412076275396,0.9255536200953619
26076,LOF,0.07219518822176287,0.0373471414867191,0.890457670291518
26077,LOF,0.022728525104543713,0.06951606053348253,0.9077554143619737
26078,LOF,0.022585467795166386,0.05071870136333806,0.9266958308414954
26079,LOF,0.0542583918662497,0.04427086628772376,0.9014707418460265
26080,LOF,0.0542583918662497,0.04427086628772376,0.9014707418460265
26081,LOF,0.07023720952287688,0.0450353139363971,0.8847274765407259
26082,LOF,0.03195396517462245,0.035429796535675726,0.9326162382897017
26083,LOF,0.06726686302691738,0.0513301100525783,0.8814030269205042
26084,LOF,0.059602208526342924,0.04982696214757479,0.8905708293260823
26085,LOF,0.059602208526342924,0.04982696214757479,0.8905708293260823
26086,LOF,0.0613257633558203,0.05254299526145788,0.8861312413827219
26087,LOF,0.061500972473242765,0.04347186325375014,0.895027164273007
26088,LOF,0.03340378642655889,0.13062023176022913,0.835975981813212
26089,LOF,0.046275641399516836,0.038920460903492465,0.9148038976969907
26090,LOF,0.041323476970320225,0.03270624024888594,0.9259702827807937
26091,LOF,0.07225137110572462,0.02470093327683571,0.9030476956174397
26092,LOF,0.06866386960145456,0.05103468395208572,0.8803014464464597
26093,LOF,0.07220171875627636,0.023909569182566596,0.903888712061157
26094,LOF,0.07376626192920295,0.023339094289415278,0.9028946437813818
26095,LOF,0.06340726772991859,0.04627843053481428,0.8903143017352672
26096,LOF,0.036708213390749575,0.029539140051045444,0.933752646558205
26097,LOF,0.02033722085025911,0.0907110085302601,0.8889517706194807
26098,LOF,0.055956772762640584,0.025390861232603295,0.9186523660047562
26099,LOF,0.06977795717530709,0.05935614365660045,0.8708658991680924
26100,LOF,0.06977795717530709,0.05935614365660045,0.8708658991680924
26101,LOF,0.057648539120065304,0.1068509036759879,0.8355005572039468
26102,LOF,0.06542844310898845,0.05576552224779773,0.8788060346432138
26103,Neutral,0.8015431614974828,0.08378861882404091,0.1146682196784762
26104,LOF,0.04261924616638138,0.0659099600205219,0.8914707938130968
26105,LOF,0.23088311938109643,0.07633932725687896,0.6927775533620247
26106,LOF,0.19230571323973034,0.031240960202662968,0.7764533265576067
26107,LOF,0.3045624954023193,0.04136827046493181,0.6540692341327489
26108,LOF,0.1823167870459797,0.05125449137437694,0.7664287215796434
26109,LOF,0.07244058049766056,0.10840478119619065,0.8191546383061488
26110,LOF,0.34512701274629226,0.03448488254986558,0.6203881047038421
26111,LOF,0.3485603381105798,0.13329546319784608,0.5181441986915741
26112,LOF,0.09053558652992098,0.041701918229761895,0.8677624952403172
26113,LOF,0.11521104605531717,0.10434608656662649,0.7804428673780563
26114,LOF,0.030772424435893172,0.02271390222780422,0.9465136733363027
26115,LOF,0.1777551322541532,0.05136562869308762,0.7708792390527592
26116,LOF,0.08470887078005657,0.0568045257247814,0.858486603495162
26117,LOF,0.2347230849639456,0.24080407534644696,0.5244728396896075
26118,LOF,0.05401832367513283,0.033033713594589086,0.912947962730278
26119,LOF,0.04088147130783476,0.12165582350643504,0.8374627051857303
26120,LOF,0.049315991797271905,0.052366134719031544,0.8983178734836965
26121,LOF,0.07168473997899122,0.10235653431996984,0.825958725701039
26122,LOF,0.08358490411406266,0.13378348047399827,0.782631615411939
26123,LOF,0.062168762940174364,0.18664704702300247,0.7511841900368231
