feature0,prediction,LoGoFunc_Neutral,LoGoFunc_GOF,LoGoFunc_LOF
25546,Neutral,0.6200986915573218,0.04556788329675555,0.33433342514592285
25547,Neutral,0.5201130690798124,0.07249863097610583,0.4073882999440819
25548,Neutral,0.5163506143701265,0.07077110774154927,0.4128782778883242
25549,LOF,0.45787716046068444,0.07245197617427505,0.46967086336504055
25550,LOF,0.39726114990897826,0.08592202790327386,0.5168168221877479
25551,LOF,0.33549064396456924,0.08711333351100738,0.5773960225244233
25552,LOF,0.3092085791089013,0.10072459910631691,0.5900668217847818
25553,Neutral,0.7938527242493643,0.044567193074578085,0.16158008267605767
25554,LOF,0.32631819406569723,0.0872772129588617,0.586404592975441
25555,LOF,0.28064394566354595,0.08985437663607575,0.6295016777003783
25556,LOF,0.4502377985057059,0.08448723174242928,0.4652749697518649
25557,LOF,0.26038264215868145,0.086143265066579,0.6534740927747397
25558,LOF,0.31537286479538434,0.0827465500992827,0.601880585105333
25559,LOF,0.29622936425914353,0.04078352093165899,0.6629871148091975
25560,LOF,0.09659898560762521,0.13499064976730157,0.7684103646250731
25561,LOF,0.0859617941422018,0.19241852890709105,0.7216196769507072
25562,LOF,0.03926858821744856,0.07621608500505143,0.8845153267775
25563,LOF,0.008196832229269431,0.16428428294841463,0.827518884822316
25564,LOF,0.06753154675196253,0.09927724332707516,0.8331912099209623
25565,LOF,0.2043333982480968,0.11901676022973778,0.6766498415221653
25566,GOF,0.07971527150520265,0.7772719677670854,0.14301276072771194
25567,LOF,0.053639541145302914,0.19721652622421673,0.7491439326304804
25568,LOF,0.06338890809110216,0.11394279842140637,0.8226682934874915
25569,LOF,0.05990958780505356,0.10994928236732061,0.8301411298276259
25570,LOF,0.029370090773567947,0.14638988354858423,0.8242400256778478
25571,LOF,0.028948868309650766,0.15521997995768952,0.8158311517326596
25572,LOF,0.05876032382551598,0.22959491401551696,0.7116447621589671
25573,LOF,0.07229641714952405,0.15859649391297767,0.7691070889374982
25574,LOF,0.09324143244697636,0.2689539438607265,0.6378046236922972
25575,LOF,0.026678217012841312,0.16545728619317482,0.8078644967939839
25576,LOF,0.026564706536168024,0.27368459837651266,0.6997506950873194
25577,LOF,0.028505046804008075,0.20826308360196089,0.7632318695940311
25578,LOF,0.3017979493229599,0.10552801506431182,0.5926740356127284
25579,LOF,0.21064603408832913,0.10531079916199065,0.6840431667496801
25580,LOF,0.026011641328164137,0.09836631666484184,0.875622042006994
25581,LOF,0.04223758593633645,0.12754084425642467,0.8302215698072389
25582,LOF,0.04190994307621731,0.12343232972177132,0.8346577272020113
25583,LOF,0.037326867072159244,0.109206119905574,0.8534670130222668
25584,Neutral,0.7153624228808517,0.12929999440449153,0.15533758271465678
25585,LOF,0.028185593053381544,0.20760401717558377,0.7642103897710347
25586,LOF,0.024399519362058177,0.12313679797326217,0.8524636826646798
25587,LOF,0.0241749380276565,0.12302206235289098,0.8528029996194525
25588,LOF,0.029194926597099748,0.09413031220341062,0.8766747611994896
25589,Neutral,0.5754007216152816,0.24309462270267165,0.18150465568204677
25590,LOF,0.058429784152455824,0.161993916796944,0.7795762990506001
25591,LOF,0.09795226996131981,0.10219446732734022,0.7998532627113399
25592,LOF,0.08785892116784828,0.1919687705945683,0.7201723082375835
25593,LOF,0.13873516645377568,0.37345761516957726,0.48780721837664703
25594,LOF,0.043072469002186926,0.06390914154236951,0.8930183894554437
25595,LOF,0.0448344517817033,0.030913855344429097,0.9242516928738675
25596,LOF,0.11635288522223573,0.01768341851317127,0.865963696264593
25597,LOF,0.08741011759108867,0.020615108972270986,0.8919747734366404
25598,LOF,0.046315058074587176,0.034296489444670994,0.9193884524807417
25599,LOF,0.0245408244253304,0.4436883127348566,0.531770862839813
25600,LOF,0.16261205241503873,0.41656437409395347,0.4208235734910078
25601,LOF,0.04110622169170324,0.34993485944575176,0.6089589188625449
25602,LOF,0.02883496816092724,0.08745924624265458,0.8837057855964182
25603,LOF,0.05200117271134111,0.07291505760970657,0.8750837696789524
25604,LOF,0.05277310568706062,0.14275155632251382,0.8044753379904255
25605,LOF,0.0544609135290531,0.1692485574254815,0.7762905290454654
25606,Neutral,0.39693462354135944,0.2621542937599535,0.3409110826986871
25607,LOF,0.03145566224265076,0.23912381339730268,0.7294205243600467
25608,LOF,0.04772393254618249,0.09622470134801109,0.8560513661058065
25609,GOF,0.1843800239580325,0.5607916018140519,0.2548283742279156
25610,LOF,0.02367080829307675,0.08776326733511927,0.8885659243718039
25611,LOF,0.016279853216020164,0.09017346064085939,0.8935466861431205
25612,LOF,0.06859346557545194,0.10434182464730572,0.8270647097772422
25613,LOF,0.05838466566586283,0.10590259945925398,0.8357127348748832
25614,LOF,0.02717057826284809,0.08730275308366882,0.8855266686534831
25615,LOF,0.06087705549749597,0.08760917892368272,0.8515137655788213
25616,LOF,0.07866486958405307,0.09606876958424852,0.8252663608316984
25617,LOF,0.05843891686949267,0.10368777191516396,0.8378733112153434
25618,LOF,0.06214347438595306,0.1844806242083172,0.7533759014057297
25619,LOF,0.015587301729815862,0.14176185475486988,0.8426508435153143
25620,LOF,0.052904339116621395,0.10624818197310962,0.8408474789102691
25621,LOF,0.08433039320129716,0.09343459566747059,0.8222350111312322
25622,LOF,0.09588323260917529,0.12164522109353645,0.7824715462972882
25623,LOF,0.07956586797505358,0.09111059242205585,0.8293235396028906
25624,LOF,0.02552071513562903,0.08196016938480294,0.892519115479568
25625,LOF,0.07373062392093002,0.10347205768159036,0.8227973183974796
25626,LOF,0.06022392355062752,0.09704595300430749,0.842730123445065
25627,Neutral,0.8707458438332126,0.027035155490837234,0.10221900067595016
25628,LOF,0.18562126020197994,0.06133849054035784,0.7530402492576622
25629,LOF,0.06426005668151509,0.07211795738593342,0.8636219859325516
25630,LOF,0.2943134140883828,0.07511144959658105,0.6305751363150361
25631,Neutral,0.5051023252366905,0.055583749703802435,0.439313925059507
25632,LOF,0.02619099250919899,0.13145140060058702,0.842357606890214
25633,LOF,0.19229430382152285,0.0784783062689813,0.7292273899094959
25634,LOF,0.04201131683560365,0.11498250522366049,0.8430061779407358
25635,LOF,0.03343898909616323,0.056641279933132734,0.9099197309707041
25636,GOF,0.030429176445873757,0.5557137485738967,0.4138570749802295
25637,GOF,0.03243138201431004,0.5228511583105713,0.4447174596751186
25638,LOF,0.02071287480135124,0.42041504420148407,0.5588720809971647
25639,LOF,0.02869197899678244,0.4140359912862648,0.5572720297169528
25640,Neutral,0.7784120151945783,0.16845704477094228,0.053130940034479504
25641,LOF,0.11680690880916422,0.29827984625396947,0.5849132449368664
25642,LOF,0.11353502172986707,0.1896984681911231,0.6967665100790099
25643,LOF,0.41006017814727824,0.08442898602801556,0.5055108358247061
25644,GOF,0.00855986198921559,0.7364077870980951,0.25503235091268933
25645,GOF,0.009884215241609325,0.7065530656611593,0.28356271909723146
25646,GOF,0.016871058151810173,0.4963102829259414,0.4868186589222484
25647,LOF,0.008805693134665862,0.37695444930808564,0.6142398575572484
25648,LOF,0.012608828237227478,0.44994676524417404,0.5374444065185985
25649,LOF,0.008736246586256293,0.332481513900041,0.6587822395137026
25650,GOF,0.034175408089383096,0.6376974472518724,0.32812714465874454
25651,LOF,0.010099304687479289,0.45952210704572094,0.5303785882667997
25652,GOF,0.009821680042962987,0.4995012054195815,0.4906771145374555
25653,GOF,0.03589851800060447,0.7050603640773048,0.2590411179220908
25654,LOF,0.012624211133846814,0.4088320656179158,0.5785437232482373
25655,GOF,0.09779506353737229,0.7328073088408004,0.16939762762182745
25656,LOF,0.19808325148857703,0.08947260573651426,0.7124441427749086
25657,LOF,0.030206772634966732,0.0982277613465866,0.8715654660184466
25658,LOF,0.2092324022398479,0.15368222833707348,0.6370853694230785
25659,LOF,0.3005439630345386,0.22333592201809743,0.4761201149473639
25660,LOF,0.0218404742964458,0.13079300119889822,0.8473665245046559
25661,LOF,0.05914938188972456,0.08496692778274993,0.8558836903275254
25662,LOF,0.024902331950064735,0.04989235372561233,0.9252053143243228
25663,LOF,0.028989115802519557,0.04592976222457298,0.9250811219729076
25664,LOF,0.08874546245269394,0.07171629639353065,0.8395382411537754
25665,LOF,0.0465293779216998,0.038473318718641965,0.9149973033596583
25666,LOF,0.06632833549933523,0.06014498870992576,0.873526675790739
25667,LOF,0.05090848582385746,0.05452693341200736,0.8945645807641351
25668,LOF,0.025673383101212848,0.06848245517427937,0.9058441617245078
25669,LOF,0.017806351656967957,0.06076337604146534,0.9214302723015667
25670,LOF,0.12026859378509727,0.05370955674428061,0.8260218494706221
25671,LOF,0.07429986283405943,0.04727992459269459,0.8784202125732461
25672,LOF,0.03815948651425548,0.06389472300674179,0.8979457904790027
25673,LOF,0.07563640737041522,0.04889998310726127,0.8754636095223235
25674,LOF,0.07263031910380817,0.06415307954860998,0.8632166013475819
25675,LOF,0.062341484030380784,0.07832449570925624,0.8593340202603629
25676,LOF,0.014701871675686923,0.0749211972912395,0.9103769310330736
25677,LOF,0.013760292976199481,0.09493170066272437,0.8913080063610761
25678,LOF,0.16397141201734042,0.08735964228624657,0.7486689456964131
25679,LOF,0.10580439960628019,0.09889235874505986,0.79530324164866
25680,LOF,0.018490901449873434,0.13819572968730762,0.8433133688628188
25681,LOF,0.029212995405549346,0.12505579477511466,0.845731209819336
25682,LOF,0.09038648323638354,0.08826387526385684,0.8213496414997595
25683,LOF,0.08685443525418336,0.09338762894059893,0.8197579358052176
25684,LOF,0.021552342730732574,0.08271945330134574,0.8957282039679217
25685,LOF,0.10319260981643931,0.12579240163826175,0.7710149885452989
25686,LOF,0.05095004992063395,0.28512368299891555,0.6639262670804504
25687,LOF,0.10003586482460111,0.2612420487351805,0.6387220864402184
25688,LOF,0.4393319980067786,0.026248185084992003,0.5344198169082295
25689,LOF,0.2663751097738467,0.03231490007960868,0.7013099901465446
25690,LOF,0.35984974496656286,0.019431565174009832,0.6207186898594274
25691,Neutral,0.7575502590752473,0.02066881600821166,0.22178092491654097
25692,LOF,0.34304336879837555,0.009569806272517354,0.6473868249291072
25693,LOF,0.05007325059625646,0.47278775965634573,0.47713898974739793
25694,LOF,0.1064369652652619,0.023923436552531086,0.8696395981822069
25695,LOF,0.10954661893587843,0.00997562608825383,0.8804777549758677
25696,LOF,0.12720866562019856,0.02279889538459875,0.8499924389952028
25697,LOF,0.04818991297251461,0.07172581409772179,0.8800842729297635
25698,LOF,0.280927474828982,0.19561017276032616,0.5234623524106917
25699,LOF,0.35859300983710474,0.05923714309396349,0.5821698470689317
25700,LOF,0.05759978861984164,0.014094985445568397,0.9283052259345899
25701,LOF,0.14851245877569758,0.056196085793588625,0.7952914554307139
25702,GOF,0.21119385252406603,0.6344394309459866,0.15436671652994738
25703,LOF,0.017884471359064257,0.18847753593325148,0.7936379927076843
25704,LOF,0.033639440460493275,0.15516743511231806,0.8111931244271887
25705,LOF,0.03151492614439183,0.09280100199951438,0.8756840718560938
25706,GOF,0.1312894812285225,0.45149600881077645,0.417214509960701
25707,LOF,0.10360589314747676,0.32041182995735396,0.5759822768951692
25708,LOF,0.04659372639137309,0.39077041229456955,0.5626358613140573
25709,LOF,0.06862863369848915,0.05587048279179874,0.8755008835097121
25710,LOF,0.018288618228822596,0.18671835684574792,0.7949930249254293
25711,LOF,0.019238623883957588,0.10134006966924221,0.8794213064468003
25712,LOF,0.017413284015957407,0.21726285290304298,0.7653238630809996
25713,LOF,0.017945891166170583,0.08183264287281714,0.9002214659610123
25714,LOF,0.07186806026750252,0.07451117181514895,0.8536207679173484
25715,LOF,0.011396209102695287,0.13255299350388072,0.8560507973934239
25716,LOF,0.013991698664340978,0.14525300398015153,0.8407552973555075
25717,LOF,0.020975550863185432,0.10035411493207343,0.8786703342047412
25718,LOF,0.011108698645336871,0.06327446250208726,0.9256168388525758
25719,LOF,0.023789862088519693,0.11065097860375503,0.8655591593077253
25720,LOF,0.030675362707680114,0.05935849630075937,0.9099661409915605
25721,LOF,0.011220993154658805,0.10297219618028533,0.8858068106650558
25722,LOF,0.01320569428761466,0.08550624150037835,0.901288064212007
25723,LOF,0.024122434038704732,0.06360042144252416,0.9122771445187711
25724,LOF,0.03762848688720872,0.11726852272523727,0.845102990387554
25725,LOF,0.011136841470826837,0.10262999682685683,0.8862331617023164
25726,LOF,0.016527259512885962,0.14866421000480085,0.8348085304823132
25727,LOF,0.013786231894170765,0.08972670165025266,0.8964870664555766
25728,LOF,0.010705674920275757,0.12177967102174934,0.8675146540579748
25729,LOF,0.010971867439234487,0.11823428349653488,0.8707938490642306
25730,LOF,0.014559960605980542,0.118110650550063,0.8673293888439564
25731,LOF,0.020764194565878673,0.15533869187363342,0.8238971135604879
25732,LOF,0.014192961792530514,0.056970143688579764,0.9288368945188896
25733,LOF,0.015969211695686516,0.07850702879492419,0.9055237595093892
25734,LOF,0.01407793402615192,0.18640102706772088,0.7995210389061272
25735,LOF,0.01084206189898988,0.07548777762377676,0.9136701604772334
25736,LOF,0.01209890680666486,0.07348790305126317,0.914413190142072
25737,LOF,0.012934193568697572,0.10708489448660195,0.8799809119447005
25738,LOF,0.011986069479219416,0.1057032921871389,0.8823106383336417
25739,LOF,0.019373820502969104,0.09459406863755714,0.8860321108594739
25740,LOF,0.028999088469345163,0.11026521153990651,0.8607356999907484
25741,LOF,0.013997372570966025,0.11621478771521791,0.869787839713816
25742,LOF,0.10610443369556379,0.08830085349760283,0.8055947128068334
25743,LOF,0.04774918779619744,0.05820276911349591,0.8940480430903066
25744,Neutral,0.6156829765763719,0.22648828104560392,0.1578287423780241
25745,LOF,0.06412195534442805,0.0667598619775958,0.8691181826779762
25746,LOF,0.041691168957749145,0.10890200221755439,0.8494068288246964
25747,LOF,0.018510998836911586,0.13164371591580482,0.8498452852472835
25748,LOF,0.09916110666603088,0.17065824158189177,0.7301806517520774
25749,LOF,0.0288396127585462,0.08909389304560676,0.882066494195847
25750,LOF,0.06179196372341533,0.1100723193944261,0.8281357168821585
25751,LOF,0.11454514277348157,0.15461903539626368,0.7308358218302546
25752,GOF,0.11710712438341944,0.6586059895651969,0.22428688605138367
25753,LOF,0.034260766523369034,0.4211564630484258,0.5445827704282051
25754,GOF,0.025834245810310873,0.7760593795706519,0.19810637461903727
25755,LOF,0.03549865741264922,0.3775909676796536,0.5869103749076972
25756,GOF,0.06817365002043561,0.46630170393291537,0.46552464604664895
25757,GOF,0.022983485160854945,0.85186626485457,0.12515024998457525
25758,GOF,0.03835158404427186,0.8105962452171275,0.15105217073860075
25759,GOF,0.01757540756094347,0.6747620333631739,0.3076625590758827
25760,LOF,0.020424623774994,0.4389369938438278,0.5406383823811782
25761,GOF,0.3043849735661784,0.6114110320576437,0.08420399437617794
25762,LOF,0.059148786274971166,0.4127979942579003,0.5280532194671286
25763,LOF,0.018770053870688048,0.35893520852148103,0.6222947376078308
25764,GOF,0.06946058162954107,0.7467030497146562,0.18383636865580272
25765,GOF,0.04475214470698009,0.7712007205926806,0.1840471347003392
25766,GOF,0.1120383950475261,0.7523819472249749,0.13557965772749891
25767,GOF,0.1393418779951027,0.4859912963920071,0.3746668256128901
25768,LOF,0.09221675171258226,0.039022897104993806,0.8687603511824239
25769,LOF,0.04789767544238121,0.069994494739121,0.8821078298184978
25770,LOF,0.4368836048406697,0.09257986933918899,0.4705365258201413
25771,LOF,0.06992166095716879,0.04451490335439414,0.8855634356884371
25772,LOF,0.01788763706706272,0.05050260067290818,0.931609762260029
25773,LOF,0.06914650466988741,0.04499452353760237,0.8858589717925103
25774,LOF,0.02587997273074917,0.13793010728388314,0.8361899199853676
25775,LOF,0.08883009106559422,0.04108085894052921,0.8700890499938766
25776,LOF,0.0662523232671282,0.031242643971803503,0.9025050327610683
25777,Neutral,0.5356104717169201,0.08112375193061497,0.38326577635246484
25778,LOF,0.06003880329553889,0.048957402436107626,0.8910037942683535
25779,GOF,0.4265627935591898,0.5220515468758581,0.051385659564952176
25780,GOF,0.3628974679794245,0.5531013056181605,0.08400122640241504
25781,GOF,0.12048664524265425,0.7594856474696839,0.1200277072876618
25782,GOF,0.18562492222342394,0.716928857287572,0.09744622048900398
25783,GOF,0.024398779248376367,0.6806034999589994,0.2949977207926242
25784,Neutral,0.5331657596100873,0.40683982632207266,0.059994414067840104
25785,Neutral,0.5159484126228434,0.410863122324244,0.07318846505291261
25786,GOF,0.029196473223849533,0.7302009616559312,0.24060256512021935
25787,Neutral,0.6995244469712066,0.2576625267029792,0.04281302632581414
25788,LOF,0.053884323762202035,0.0798030901338266,0.8663125861039713
25789,GOF,0.21524880464309132,0.6462308515518722,0.13852034380503644
25790,GOF,0.27447240280749363,0.5873916533371765,0.1381359438553298
25791,GOF,0.14090049077532585,0.617385469761868,0.24171403946280604
25792,GOF,0.3434940821107399,0.4643698271277221,0.19213609076153798
25793,GOF,0.24227814377908688,0.47156662703550567,0.2861552291854074
25794,GOF,0.3171873383391441,0.4765357250496923,0.2062769366111634
25795,GOF,0.06391536515125577,0.6228893791289006,0.3131952557198435
25796,Neutral,0.5092531343491633,0.39018655366299515,0.10056031198784159
25797,GOF,0.08530850732299293,0.5158982731017427,0.3987932195752644
25798,GOF,0.012780129652432127,0.5764846426440478,0.4107352277035201
25799,GOF,0.010832355251791718,0.4959679685106473,0.49319967623756106
25800,GOF,0.041202252328406734,0.6635080725167352,0.29528967515485804
25801,GOF,0.22732805347166807,0.6505002222774163,0.12217172425091558
25802,GOF,0.06687302717391666,0.6686485920749239,0.2644783807511594
25803,GOF,0.047720669379397,0.5852383690874371,0.36704096153316595
25804,GOF,0.03875881139118741,0.5087713071958111,0.45246988141300143
25805,GOF,0.09666545444369994,0.5637172921061094,0.33961725345019045
25806,GOF,0.1344163668537474,0.5842126708449655,0.2813709623012871
25807,GOF,0.020872258313210854,0.5936544825792479,0.3854732591075411
25808,GOF,0.10278798378245003,0.5647619210092085,0.33245009520834135
25809,GOF,0.022200786646697092,0.569196121127593,0.4086030922257098
25810,GOF,0.022622561347062094,0.5657225720555096,0.41165486659742817
25811,GOF,0.4456903575820544,0.47867274677814386,0.07563689563980189
25812,GOF,0.03921448168973733,0.6390652579476885,0.32172026036257423
25813,Neutral,0.5766490622215455,0.2989320381882522,0.12441889959020222
25814,GOF,0.13183780922988786,0.6104414194869683,0.2577207712831438
25815,GOF,0.2660027175423756,0.5645166672560619,0.16948061520156255
25816,GOF,0.020756121591842883,0.655349514586574,0.3238943638215832
25817,GOF,0.17313815059163593,0.6784236187640266,0.14843823064433753
25818,GOF,0.04161980659889407,0.6158784551953158,0.34250173820579005
25819,GOF,0.3726226073906998,0.4493124349646414,0.17806495764465888
25820,GOF,0.19007187546504703,0.5819146834977718,0.22801344103718116
25821,GOF,0.06287239032870955,0.6711428269133073,0.26598478275798326
25822,GOF,0.25572878683823647,0.5269112010876345,0.21736001207412908
25823,GOF,0.03928404971514106,0.5491182570588884,0.41159769322597073
25824,GOF,0.09811815315196358,0.5309097962234444,0.37097205062459204
25825,GOF,0.03453381794343885,0.5589173804667964,0.4065488015897647
25826,GOF,0.01330334369238039,0.5375591152797184,0.44913754102790104
25827,GOF,0.021508388841922313,0.561960993061092,0.41653061809698555
25828,GOF,0.015386551082388643,0.4950192822630614,0.4895941666545499
25829,GOF,0.00978356852548578,0.571966660593329,0.41824977088118526
25830,LOF,0.036276886196307666,0.2689896004807132,0.6947335133229791
25831,GOF,0.14039257208000477,0.7093245821980454,0.15028284572194983
25832,GOF,0.040904178623953895,0.6880256882641799,0.27107013311186634
25833,GOF,0.12338470276935874,0.674458641452477,0.20215665577816433
25834,GOF,0.04749696759529221,0.690609683338443,0.2618933490662647
25835,GOF,0.10202824755816321,0.6323147515965625,0.26565700084527427
25836,GOF,0.0573617203941507,0.6746411391548585,0.26799714045099093
25837,GOF,0.02891606395497819,0.5231377035652742,0.4479462324797476
25838,GOF,0.09380929462172895,0.6904292397053757,0.21576146567289534
25839,GOF,0.28632938815170406,0.4989812885421095,0.21468932330618656
25840,GOF,0.20110853494800346,0.5742585237763519,0.22463294127564465
25841,GOF,0.23273755843470514,0.5603014702109372,0.20696097135435773
25842,GOF,0.1579080284472294,0.6211015079287373,0.22099046362403324
25843,GOF,0.22263710410074,0.6099931759303269,0.1673697199689331
25844,GOF,0.06461089169256828,0.6596308674064465,0.2757582409009852
25845,GOF,0.01746686827332005,0.534817158306898,0.44771597341978187
25846,GOF,0.08939116235853987,0.7062302040245221,0.20437863361693798
25847,GOF,0.11517414193036436,0.696517332230183,0.18830852583945257
25848,GOF,0.04703373085253338,0.6578968526920039,0.2950694164554627
25849,GOF,0.016425915042140346,0.5633629963110326,0.42021108864682705
25850,GOF,0.030566463401228983,0.6261836961972125,0.34324984040155854
25851,GOF,0.027069191390408354,0.5342953092170568,0.4386354993925349
25852,GOF,0.13426599505059666,0.5470384109078976,0.31869559404150577
25853,GOF,0.3199232244133372,0.5738266357842975,0.1062501398023653
25854,GOF,0.021435521113156115,0.7039137690664214,0.2746507098204225
25855,GOF,0.04099778470827165,0.6204739832604323,0.33852823203129606
25856,GOF,0.21982049689712993,0.5781743325709958,0.20200517053187425
25857,GOF,0.03871800754639993,0.5556196532613773,0.40566233919222267
25858,GOF,0.020518349933105293,0.6264292034192503,0.3530524466476443
25859,GOF,0.011482126439890349,0.6222817766362255,0.3662360969238842
25860,GOF,0.2874350928546372,0.5981084298657235,0.11445647727963938
25861,GOF,0.2970669449129866,0.6030968639033192,0.09983619118369413
25862,GOF,0.06237744327206435,0.7803923855139974,0.1572301712139383
25863,GOF,0.06639050882678728,0.7847910673815023,0.14881842379171048
25864,GOF,0.12334409902874491,0.7624834603399752,0.11417244063127995
25865,GOF,0.0656671501405161,0.7726327609443503,0.16170008891513366
25866,GOF,0.05691740019016009,0.8076776565483011,0.1354049432615387
25867,GOF,0.06526016607018548,0.8124721832528704,0.12226765067694412
25868,GOF,0.20065575665371846,0.6692623172330914,0.13008192611319022
25869,Neutral,0.6521437120701501,0.286831405842571,0.061024882087278916
25870,LOF,0.22522187806721713,0.27211606469804656,0.5026620572347363
25871,GOF,0.16713618425622176,0.678006886881046,0.1548569288627322
25872,GOF,0.07203922084994413,0.6231556246715435,0.3048051544785125
25873,GOF,0.13366438184801085,0.6027483180085862,0.263587300143403
25874,LOF,0.02136319352627671,0.08859974572097574,0.8900370607527475
25875,LOF,0.047289842616895054,0.2097394056247444,0.7429707517583605
25876,LOF,0.02041539748060235,0.11619437558704078,0.8633902269323569
25877,LOF,0.3783277432579268,0.20908289923438922,0.41258935750768394
25878,LOF,0.13721128597198937,0.30226087752176517,0.5605278365062455
25879,LOF,0.07140933302981906,0.3251798359821264,0.6034108309880546
25880,LOF,0.021470164218842902,0.05694368172885172,0.9215861540523053
25881,LOF,0.2212959510555509,0.17204020400408185,0.6066638449403672
25882,LOF,0.07685195027278431,0.0199348336611811,0.9032132160660347
25883,LOF,0.08427447811799649,0.03740681193368428,0.8783187099483192
25884,LOF,0.04764240416782862,0.03904606838840583,0.9133115274437656
25885,LOF,0.06120146491154288,0.022122040803933356,0.9166764942845238
25886,LOF,0.3495860123922302,0.09652635696615065,0.5538876306416192
25887,LOF,0.21803946393295986,0.1709256962221432,0.6110348398448969
25888,LOF,0.08468307872247713,0.08855004787479033,0.8267668734027326
25889,LOF,0.03682862454029478,0.046396702496352096,0.916774672963353
25890,LOF,0.07271605456887383,0.12616236016097843,0.8011215852701478
25891,LOF,0.06879005181101619,0.05826158901276258,0.8729483591762213
25892,LOF,0.09297450645556249,0.04025676825786164,0.8667687252865759
25893,LOF,0.33167643642871125,0.03186481401718452,0.6364587495541043
25894,LOF,0.18322769097620722,0.012177074042636654,0.8045952349811561
25895,LOF,0.23171345161821227,0.023374666168764536,0.7449118822130231
25896,LOF,0.0476399165176629,0.024899307046413743,0.9274607764359233
25897,LOF,0.24513455013701183,0.03700327340178111,0.7178621764612071
25898,Neutral,0.8032517822206692,0.023567535750987516,0.17318068202834325
25899,LOF,0.21432533630310588,0.06723219311720387,0.7184424705796902
25900,Neutral,0.6052874773076223,0.015854274496522363,0.37885824819585523
25901,LOF,0.04495720321186751,0.016102022049835553,0.938940774738297
25902,LOF,0.17920646419781275,0.021083091092598913,0.7997104447095884
25903,Neutral,0.6232400539556071,0.07724525606823468,0.29951468997615827
25904,LOF,0.2678573195010426,0.04663995378385781,0.6855027267150996
25905,LOF,0.03958154233475613,0.3483525686162193,0.6120658890490246
25906,LOF,0.02452881167986126,0.07391376011515748,0.9015574282049813
25907,LOF,0.014539772141548219,0.393047101211577,0.5924131266468747
25908,LOF,0.015309990632831458,0.25674771449553774,0.7279422948716308
25909,LOF,0.017516863097430602,0.11499753294131904,0.8674856039612504
25910,LOF,0.02475138484072537,0.38319534917719544,0.5920532659820791
25911,LOF,0.06389641801764168,0.06772868697271098,0.8683748950096474
25912,LOF,0.029226887813539548,0.1328488169374969,0.8379242952489635
25913,LOF,0.24341543763419926,0.05378660001305237,0.7027979623527484
25914,LOF,0.021385165574733512,0.08621565274268005,0.8923991816825864
25915,Neutral,0.42954176624411666,0.276488168725209,0.29397006503067447
25916,LOF,0.030188010609287712,0.46492855924359855,0.5048834301471137
25917,LOF,0.04445223863877905,0.05089192202478923,0.9046558393364318
25918,LOF,0.025204860528137675,0.04893179925084608,0.9258633402210162
25919,LOF,0.023691173640204736,0.05409354550271815,0.922215280857077
25920,GOF,0.13052672844717284,0.49920086304713857,0.3702724085056887
25921,LOF,0.031828499963607364,0.027131919469845316,0.9410395805665474
25922,LOF,0.041618982097961374,0.020800845801030438,0.9375801721010081
25923,LOF,0.3942407283689531,0.025536095200793082,0.5802231764302538
25924,LOF,0.04129021132548481,0.026833394605857243,0.9318763940686579
25925,LOF,0.06777989989996636,0.03659207552773098,0.8956280245723026
25926,LOF,0.051733042411234144,0.023290292201282915,0.924976665387483
25927,LOF,0.07318166159364779,0.05276549280880101,0.8740528455975513
25928,LOF,0.02479255304772702,0.02132824029734293,0.95387920665493
25929,Neutral,0.5441089024576932,0.031984201761131426,0.42390689578117546
25930,LOF,0.06838779607679733,0.018336715521787197,0.9132754884014155
25931,LOF,0.0323481985344233,0.018948576351700493,0.9487032251138762
25932,LOF,0.029303789544498138,0.017673485311076938,0.9530227251444249
25933,LOF,0.038998438400737134,0.011176421649643047,0.9498251399496197
25934,LOF,0.026627133957051054,0.016043014068513137,0.9573298519744358
25935,LOF,0.06528966943775666,0.03632776611411723,0.8983825644481261
25936,LOF,0.045178078289398564,0.019003846624325162,0.9358180750862761
25937,LOF,0.03547244303474577,0.023130427924895898,0.9413971290403583
25938,LOF,0.05987866904897698,0.044632823869357,0.895488507081666
25939,LOF,0.041901205433840655,0.012105056855494742,0.9459937377106646
25940,GOF,0.024876076200153887,0.5065474837446029,0.4685764400552432
25941,LOF,0.1689051951011877,0.06971024206171629,0.7613845628370961
25942,LOF,0.016996338809015663,0.02869189997792105,0.9543117612130632
25943,LOF,0.41550781296497585,0.05181107887883202,0.5326811081561921
25944,Neutral,0.4868845327324438,0.03382637845068263,0.4792890888168737
25945,LOF,0.08403584448948741,0.026268979770699728,0.8896951757398128
25946,LOF,0.0427044146942085,0.12158188758578271,0.8357136977200088
25947,LOF,0.1601935895335607,0.1938413638467044,0.6459650466197349
25948,LOF,0.4199119273741452,0.011746646236931843,0.5683414263889229
25949,LOF,0.11975078903364235,0.03951324161556632,0.8407359693507914
25950,GOF,0.23197632946320848,0.4736980234208065,0.29432564711598497
25951,LOF,0.23743513650263537,0.1335263264924407,0.6290385370049238
25952,LOF,0.051531653455153856,0.4140035187632441,0.534464827781602
25953,LOF,0.1471183400789364,0.10324307215359067,0.7496385877674729
25954,Neutral,0.41377425521743627,0.2500534195160255,0.33617232526653834
25955,LOF,0.07019394854883049,0.09636078336385184,0.8334452680873177
25956,LOF,0.21901626756672632,0.034432908378731954,0.7465508240545418
25957,LOF,0.046080117854618984,0.014457778530768567,0.9394621036146125
25958,LOF,0.06249145852340539,0.027011278082113746,0.9104972633944808
25959,LOF,0.10444434476682002,0.2617652316132804,0.6337904236198996
25960,LOF,0.027891831539887384,0.059793254023484746,0.9123149144366279
25961,LOF,0.05406920764215147,0.041571190237337484,0.904359602120511
25962,LOF,0.057922563171266636,0.04477071018476336,0.8973067266439699
25963,LOF,0.06165246126769875,0.18389435610074295,0.7544531826315584
25964,LOF,0.03634095477406543,0.14235583830329296,0.8213032069226417
25965,Neutral,0.5273879004510602,0.047054162373733256,0.42555793717520657
25966,LOF,0.3082732491553841,0.32820686371877233,0.36351988712584354
25967,LOF,0.013537141749859124,0.11707279158449849,0.8693900666656424
25968,LOF,0.04231622680011234,0.43527930823222827,0.5224044649676594
25969,LOF,0.023845612660490508,0.0708024693479475,0.9053519179915621
25970,LOF,0.07013972830779835,0.04438229566730134,0.8854779760249003
25971,LOF,0.08107377323706565,0.01953413559901787,0.8993920911639165
25972,LOF,0.0856333280045036,0.021565956610630852,0.8928007153848656
25973,LOF,0.08448737210249319,0.012894169290113616,0.9026184586073933
25974,LOF,0.2898048466164161,0.038852564120248984,0.671342589263335
25975,LOF,0.04700547204971518,0.03267778555888528,0.9203167423913996
25976,LOF,0.03402095346903292,0.025244580344306582,0.9407344661866606
25977,LOF,0.13133026987412297,0.10202610159327954,0.7666436285325975
25978,LOF,0.1814550126271908,0.09840074377093658,0.7201442436018727
25979,LOF,0.1695179882426339,0.07927104269193355,0.7512109690654325
25980,LOF,0.20903784497723404,0.16606590788448025,0.6248962471382857
25981,LOF,0.2525455993378817,0.15503455676471475,0.5924198438974037
25982,LOF,0.4491697453165525,0.08940948290837701,0.46142077177507057
25983,LOF,0.42353380842694743,0.08448060716825566,0.491985584404797
25984,LOF,0.04265673776723801,0.08739492897803369,0.8699483332547282
25985,LOF,0.020846904736623876,0.26873656983602207,0.7104165254273541
25986,LOF,0.02870520282940042,0.28605638357569246,0.6852384135949071
25987,LOF,0.08592863346325036,0.07193406999753905,0.8421372965392107
25988,LOF,0.09984500803234884,0.07132686977700377,0.8288281221906475
25989,LOF,0.022910947650208888,0.11275380809854625,0.864335244251245
25990,LOF,0.031067495944608364,0.093133614435862,0.8757988896195297
25991,LOF,0.2215069056078073,0.32667524536867076,0.4518178490235219
25992,LOF,0.38550534055420477,0.19531240580237247,0.4191822536434228
25993,LOF,0.033521920314264375,0.06819332359096394,0.8982847560947717
25994,LOF,0.02085384146991172,0.09168039362360786,0.8874657649064805
25995,LOF,0.03598236755374014,0.08348122276572689,0.8805364096805328
25996,GOF,0.2729517125396133,0.414792236576232,0.31225605088415465
25997,GOF,0.10656707356153813,0.4557338855318561,0.4376990409066058
25998,Neutral,0.5441527143044373,0.03426650928125649,0.4215807764143062
25999,LOF,0.11621067125007356,0.11908192320551253,0.764707405544414
26000,LOF,0.07281060889562148,0.029515652427330372,0.8976737386770481
26001,LOF,0.20386284030507854,0.044453041863181275,0.7516841178317403
26002,LOF,0.09803353454483292,0.034358888661659905,0.8676075767935071
26003,GOF,0.0136692880444659,0.6457014975190434,0.34062921443649075
26004,GOF,0.032081680386898064,0.6895364003510753,0.2783819192620265
26005,LOF,0.014420579341280552,0.4917844846849823,0.49379493597373697
26006,Neutral,0.5503615580576261,0.25225337244762697,0.1973850694947469
26007,GOF,0.028446236944731824,0.5959081730798141,0.375645589975454
26008,GOF,0.023615989778630667,0.5524816471075316,0.4239023631138378
26009,GOF,0.038985040674733434,0.6440739825069132,0.3169409768183534
26010,GOF,0.025252243648854054,0.703012750243115,0.27173500610803086
26011,LOF,0.011849732961626403,0.46921442381714773,0.5189358432212259
26012,GOF,0.025024345328125072,0.532095758211626,0.4428798964602489
26013,GOF,0.016969893056519175,0.6767294855235556,0.30630062141992526
26014,LOF,0.046215931318119526,0.1479506638254986,0.8058334048563818
26015,LOF,0.22708683412584782,0.008443646151019436,0.7644695197231327
26016,LOF,0.33305251954457626,0.04349548843006767,0.6234519920253561
26017,LOF,0.21763372325078895,0.06608927292375844,0.7162770038254526
26018,LOF,0.10410798746733413,0.027756810565995133,0.8681352019666707
26019,LOF,0.09986116807028479,0.01703553670421968,0.8831032952254956
26020,LOF,0.08600618376058103,0.06981990133910568,0.8441739149003132
26021,LOF,0.0739227043704091,0.08627878022622937,0.8397985154033615
26022,LOF,0.013614841590517247,0.038329370881558605,0.9480557875279242
26023,LOF,0.15595030484470418,0.015934499301625035,0.8281151958536708
26024,LOF,0.03976356119445731,0.07627223576167164,0.883964203043871
26025,LOF,0.19029012825894664,0.04877105175003251,0.7609388199910209
26026,LOF,0.37570732591817174,0.009279400172977494,0.6150132739088507
26027,LOF,0.10259486183937644,0.011535729685346332,0.8858694084752773
26028,LOF,0.21289630322583092,0.0892847594579639,0.6978189373162051
26029,LOF,0.11574454374231317,0.1489344979840685,0.7353209582736182
26030,LOF,0.031948031393862666,0.03087617103001159,0.9371757975761257
26031,LOF,0.036085937012545095,0.10584743948169437,0.8580666235057605
26032,LOF,0.10267771120749726,0.01794856183688312,0.8793737269556196
26033,LOF,0.15222938526723895,0.0190619527349097,0.8287086619978513
26034,LOF,0.06235627377980009,0.10362477770614197,0.8340189485140579
26035,LOF,0.04196689174700138,0.09038056030731391,0.8676525479456847
26036,LOF,0.06163052302891671,0.10747561514106692,0.8308938618300163
26037,LOF,0.035838669395463596,0.08827638756476118,0.8758849430397752
26038,LOF,0.10068132099040486,0.01769614643019195,0.8816225325794032
26039,LOF,0.08928670707482841,0.09313934041538721,0.8175739525097844
26040,LOF,0.28642837725780246,0.05916565676706754,0.6544059659751299
26041,LOF,0.034673521628186814,0.08300013217961227,0.882326346192201
26042,LOF,0.03499646886438989,0.08268606490386414,0.882317466231746
26043,LOF,0.09813316946512762,0.02501638297635324,0.8768504475585192
26044,LOF,0.037587564860530796,0.03689362888258256,0.9255188062568865
26045,LOF,0.10402203621951307,0.06265672901423366,0.8333212347662533
26046,LOF,0.1075531904267117,0.027095199939344193,0.865351609633944
26047,LOF,0.13883236727064022,0.034339602382724925,0.8268280303466349
26048,LOF,0.053774870386602024,0.030004765271737288,0.9162203643416608
26049,Neutral,0.9441053424173333,0.004733034876831919,0.051161622705834714
26050,Neutral,0.9226548094404025,0.004809086938486549,0.07253610362111121
26051,GOF,0.043060836179723554,0.5410577160339102,0.41588144778636627
26052,GOF,0.03755009352812441,0.6212504238543124,0.3411994826175633
26053,LOF,0.06703831853110064,0.3526045181641185,0.5803571633047809
26054,LOF,0.053547420584974414,0.07949711688895193,0.8669554625260736
26055,LOF,0.06792949265158697,0.06781146623577787,0.8642590411126351
26056,LOF,0.05727941227712452,0.0881412078821573,0.8545793798407181
26057,LOF,0.028117985990857748,0.028906264470213022,0.9429757495389294
26058,LOF,0.028139638982204767,0.02502693014209238,0.9468334308757028
26059,LOF,0.372522817669836,0.08099545572473123,0.5464817266054327
26060,LOF,0.03558826604450698,0.28633473799485093,0.678076995960642
26061,LOF,0.01926003955874595,0.06421703152358402,0.91652292891767
26062,LOF,0.014819018965286507,0.05886042559182482,0.9263205554428887
26063,LOF,0.022994042764795667,0.028343054589176787,0.9486629026460276
26064,LOF,0.02755164304923176,0.0394127937604561,0.9330355631903122
26065,LOF,0.027197599796418077,0.02912739995697129,0.9436750002466106
26066,LOF,0.020913883357303882,0.03511204412451152,0.9439740725181847
26067,LOF,0.02278638508530503,0.023072169943273324,0.9541414449714216
26068,LOF,0.050641897574117994,0.07111218880035503,0.8782459136255271
26069,LOF,0.4198056589180229,0.058315320788174786,0.5218790202938023
26070,Neutral,0.6368452554760669,0.02868348107784737,0.33447126344608585
26071,LOF,0.023011497747810205,0.037471386444427296,0.9395171158077624
26072,LOF,0.024959406969671576,0.07150505128901295,0.9035355417413156
26073,LOF,0.025024611184790616,0.028794301283161083,0.9461810875320483
26074,Neutral,0.87489542411234,0.012609573479790786,0.11249500240786904
26075,LOF,0.040445101863124666,0.05989108399229868,0.8996638141445766
26076,LOF,0.0427267830416703,0.0210770594032291,0.9361961575551007
26077,LOF,0.010690916313199373,0.07017629044746865,0.9191327932393321
26078,LOF,0.01449673612449223,0.049402870549196745,0.9361003933263109
26079,LOF,0.051347002510171165,0.05547101940956783,0.893181978080261
26080,LOF,0.051347002510171165,0.05547101940956783,0.893181978080261
26081,LOF,0.03074572108837853,0.019581672597383713,0.9496726063142378
26082,LOF,0.021201453241086417,0.0647126575891918,0.9140858891697218
26083,LOF,0.13327124658065825,0.03241483263086777,0.834313920788474
26084,LOF,0.026841081181797184,0.0440466564583942,0.9291122623598086
26085,LOF,0.022103573079610982,0.03745174801959965,0.9404446789007894
26086,LOF,0.022153962027240636,0.03813159940824364,0.9397144385645158
26087,LOF,0.02491948408126805,0.028425945001120854,0.946654570917611
26088,LOF,0.027178041119761763,0.07996246071078607,0.8928594981694521
26089,LOF,0.046254108725719285,0.07296098046019119,0.8807849108140895
26090,LOF,0.04319290495103529,0.06279682361828567,0.894010271430679
26091,LOF,0.03831864638720305,0.01812154681736047,0.9435598067954365
26092,LOF,0.028776835428171495,0.023239915936258543,0.9479832486355699
26093,LOF,0.03936575443538874,0.014854987655763485,0.9457792579088478
26094,LOF,0.043165504802947945,0.015622565176943723,0.9412119300201083
26095,LOF,0.03838598649009818,0.047493459306169765,0.914120554203732
26096,LOF,0.018513013823818952,0.050411906346205924,0.9310750798299751
26097,LOF,0.013034742630185213,0.1249810736800893,0.8619841836897255
26098,LOF,0.05697059848682903,0.05173102219723671,0.8912983793159343
26099,LOF,0.023673385349239472,0.043905018915787394,0.9324215957349731
26100,LOF,0.024395542062286633,0.03937689670129757,0.9362275612364158
26101,LOF,0.056695538502647004,0.04506391153607888,0.8982405499612741
26102,LOF,0.024565349918207014,0.029114732239985397,0.9463199178418077
26103,Neutral,0.8720675228017452,0.05528036157803202,0.07265211562022283
26104,LOF,0.05016589918499262,0.10094994156940605,0.8488841592456013
26105,LOF,0.272528539256557,0.24193472716265127,0.4855367335807916
26106,LOF,0.1595142643024281,0.1550845105070622,0.6854012251905097
26107,LOF,0.280372892347635,0.1380324076646393,0.5815946999877257
26108,LOF,0.18408812026237517,0.17468543305707324,0.6412264466805516
26109,LOF,0.06208301592194055,0.1353419597723543,0.8025750243057053
26110,LOF,0.2953480183443827,0.026778201623796547,0.6778737800318207
26111,LOF,0.44692940779299617,0.036823976067937914,0.5162466161390659
26112,LOF,0.037173684129847985,0.02221460594993817,0.9406117099202139
26113,LOF,0.050961114967394694,0.05291945929253293,0.8961194257400723
26114,LOF,0.02031689354949059,0.027400855852777243,0.9522822505977322
26115,LOF,0.11122141725466565,0.055426775970494675,0.8333518067748397
26116,LOF,0.05605474118774805,0.056542066853493944,0.887403191958758
26117,LOF,0.3289761290083798,0.11630446141651156,0.5547194095751086
26118,LOF,0.04357999775407852,0.053774640899315,0.9026453613466064
26119,LOF,0.028058631309657807,0.07614623949682425,0.895795129193518
26120,LOF,0.03278531746339632,0.0489395002407807,0.9182751822958228
26121,LOF,0.05897015667075868,0.10704024797025175,0.8339895953589895
