feature0,prediction,LoGoFunc_Neutral,LoGoFunc_GOF,LoGoFunc_LOF
25546,Neutral,0.626370052190392,0.05280667984318117,0.32082326796642685
25547,Neutral,0.5093118064566095,0.08845541312221068,0.4022327804211798
25548,Neutral,0.5186102757680624,0.0819392166436447,0.3994505075882929
25549,Neutral,0.4642160019085616,0.08066837312127584,0.4551156249701624
25550,LOF,0.38748325567940983,0.09262370308977465,0.5198930412308156
25551,LOF,0.34025585157548444,0.10319340675189076,0.5565507416726247
25552,LOF,0.306271812057241,0.11227631494054947,0.5814518730022096
25553,Neutral,0.7874731409903644,0.04857135342306925,0.16395550558656652
25554,LOF,0.3415678370469194,0.10588131530700351,0.5525508476460771
25555,LOF,0.29235150088737527,0.10101700478548725,0.6066314943271375
25556,Neutral,0.4800931808315412,0.08968716787539024,0.4302196512930687
25557,LOF,0.293557633647658,0.10225683720769935,0.6041855291446426
25558,LOF,0.3575847878531681,0.09751152432912996,0.5449036878177019
25559,LOF,0.22352299529053254,0.05056813287412915,0.7259088718353383
25560,LOF,0.09536741817574085,0.1407353297126349,0.7638972521116243
25561,LOF,0.10030850483190888,0.19178491107152207,0.707906584096569
25562,LOF,0.03648324989227278,0.1180917798715447,0.8454249702361826
25563,LOF,0.01062659792086122,0.1566956327426572,0.8326777693364815
25564,LOF,0.07969920948063687,0.11732665096466985,0.8029741395546932
25565,LOF,0.17436329086383398,0.15500814545378575,0.6706285636823802
25566,GOF,0.05925178656820776,0.6262470665768447,0.31450114685494757
25567,LOF,0.04292935296486118,0.16809516565796723,0.7889754813771717
25568,LOF,0.06002937731734767,0.0917290687747793,0.848241553907873
25569,LOF,0.06136895069164377,0.08574498157219383,0.8528860677361624
25570,LOF,0.0315217357945409,0.12548734986523133,0.8429909143402279
25571,LOF,0.02775991599615037,0.12503315126047287,0.8472069327433769
25572,LOF,0.06129235176091537,0.17326284170809536,0.7654448065309892
25573,LOF,0.059840213384766056,0.12689994962157097,0.813259836993663
25574,LOF,0.06212631409923428,0.22973848977534936,0.7081351961254163
25575,LOF,0.02676314320236121,0.1376593614504408,0.8355774953471979
25576,LOF,0.02919478517184517,0.20567097138759952,0.7651342434405554
25577,LOF,0.03365677453656375,0.16018960905465932,0.8061536164087769
25578,LOF,0.3027565128883958,0.0987546789217017,0.5984888081899025
25579,LOF,0.20096170797620336,0.09595245556213686,0.7030858364616599
25580,LOF,0.0238689328997374,0.09108971969342586,0.8850413474068367
25581,LOF,0.050177669501666335,0.09319621206678932,0.8566261184315443
25582,LOF,0.0496061280828258,0.09094322175125662,0.8594506501659176
25583,LOF,0.028350907720338766,0.09714580430727479,0.8745032879723865
25584,Neutral,0.7235583132500685,0.1175861375488255,0.15885554920110598
25585,LOF,0.021142082240562913,0.19884726626612753,0.7800106514933096
25586,LOF,0.01988368942313699,0.09870697325841736,0.8814093373184456
25587,LOF,0.019885581847921358,0.08912333965096428,0.8909910785011144
25588,LOF,0.02344743119364041,0.08595260929856864,0.8905999595077908
25589,Neutral,0.5536163089128535,0.21825033826957538,0.22813335281757102
25590,LOF,0.048743312675726055,0.13476435093351158,0.8164923363907624
25591,LOF,0.08082114200901847,0.08466382865642119,0.8345150293345602
25592,LOF,0.06469900276532609,0.16812639740898142,0.7671745998256926
25593,LOF,0.10770950994299087,0.3143747566649746,0.5779157333920345
25594,LOF,0.05932049529540467,0.04677968865472919,0.8938998160498661
25595,LOF,0.06122046420426019,0.027189010099950596,0.9115905256957894
25596,LOF,0.12161264838525943,0.018483872360722544,0.8599034792540181
25597,LOF,0.09519749423277434,0.020221754863294375,0.8845807509039313
25598,LOF,0.05488430200439628,0.02824842961320946,0.9168672683823943
25599,LOF,0.02739455967921384,0.3472934230366052,0.625312017284181
25600,LOF,0.18585718852829242,0.3896981507365334,0.4244446607351742
25601,LOF,0.042689819114148465,0.2874691419696445,0.669841038916207
25602,LOF,0.02986255196490703,0.07695438252660004,0.8931830655084929
25603,LOF,0.04160551282975686,0.07512039482286947,0.8832740923473738
25604,LOF,0.04241051406650315,0.13919842839240057,0.8183910575410963
25605,LOF,0.03506036868484278,0.22520867989261595,0.7397309514225414
25606,Neutral,0.44095599216496334,0.24103245607016233,0.3180115517648744
25607,LOF,0.027484426252441147,0.26468304083058936,0.7078325329169695
25608,LOF,0.03561721631030839,0.14058836748949421,0.8237944162001973
25609,GOF,0.18591121707825903,0.5030678734659886,0.3110209094557524
25610,LOF,0.017168368560374316,0.056341938584323854,0.9264896928553019
25611,LOF,0.01496248068212209,0.05593481186831797,0.92910270744956
25612,LOF,0.04541547233646526,0.07126319191100439,0.8833213357525304
25613,LOF,0.04489015365472607,0.07011033875673844,0.8849995075885355
25614,LOF,0.026114221649967136,0.0485883828309705,0.9252973955190623
25615,LOF,0.04266282237141101,0.05180322065219404,0.9055339569763949
25616,LOF,0.0573222701314336,0.0597169752607886,0.8829607546077777
25617,LOF,0.0447903371243911,0.06338526424309919,0.8918243986325097
25618,LOF,0.05684699392963367,0.08820308255234607,0.8549499235180203
25619,LOF,0.014136509634634921,0.06668579170183232,0.9191776986635327
25620,LOF,0.06359308191500608,0.06082116143179418,0.8755857566531997
25621,LOF,0.06324216752138588,0.04534626945360834,0.8914115630250058
25622,LOF,0.0705609168280911,0.061634514182114325,0.8678045689897946
25623,LOF,0.06704017509415382,0.04798587484735416,0.8849739500584921
25624,LOF,0.021939762536152364,0.05813918348258935,0.9199210539812583
25625,LOF,0.0670338647768851,0.05681865927103099,0.876147475952084
25626,LOF,0.04770336940513421,0.06170659645037529,0.8905900341444906
25627,Neutral,0.8851889211042565,0.023454590931962713,0.09135648796378079
25628,LOF,0.17378159628168163,0.06924403325172963,0.7569743704665889
25629,LOF,0.06881115047510035,0.07032246375041215,0.8608663857744875
25630,LOF,0.3033764237112353,0.07513081050876064,0.6214927657800041
25631,Neutral,0.5608925105328432,0.06605075400574521,0.3730567354614116
25632,LOF,0.030873055542735534,0.10247944969351254,0.866647494763752
25633,LOF,0.20193801988263754,0.06699312711259073,0.7310688530047716
25634,LOF,0.04242479489839531,0.12446776787727817,0.8331074372243265
25635,LOF,0.0378097392111007,0.05501018276339061,0.9071800780255087
25636,GOF,0.03296531785403562,0.578295794782782,0.3887388873631823
25637,GOF,0.060102693822265456,0.5381979315416476,0.40169937463608696
25638,GOF,0.03734484928171599,0.49473708821413576,0.4679180625041482
25639,LOF,0.033779924482326314,0.4644856135972474,0.5017344619204264
25640,Neutral,0.8635524125786483,0.08672696792776369,0.04972061949358792
25641,GOF,0.10211383727786556,0.4637015590572552,0.4341846036648792
25642,LOF,0.09137951480962143,0.18204406615755794,0.7265764190328207
25643,LOF,0.28874692693212534,0.12194498107889726,0.5893080919889774
25644,GOF,0.01203563096654537,0.6299209277009171,0.3580434413325375
25645,GOF,0.011298849004604023,0.6217034112369483,0.36699773975844774
25646,LOF,0.03012973439426765,0.45528047100845587,0.5145897945972764
25647,LOF,0.01249250753050015,0.3682040381149725,0.6193034543545274
25648,LOF,0.014628159747137322,0.4319741563180524,0.5533976839348103
25649,LOF,0.009792696647637007,0.33608120051858803,0.6541261028337749
25650,GOF,0.022896424637163498,0.6249804898433544,0.35212308551948207
25651,LOF,0.010175017082270085,0.43450215768021627,0.5553228252375136
25652,LOF,0.015073795697308915,0.4637707240233758,0.5211554802793152
25653,GOF,0.04121425140279965,0.6239587869835418,0.33482696161365844
25654,LOF,0.011197873913056424,0.3451670755324904,0.6436350505544532
25655,GOF,0.11662466400714017,0.6526935855717277,0.23068175042113206
25656,LOF,0.3538456678825511,0.13214326845628302,0.5140110636611658
25657,LOF,0.050782197094531044,0.1277152349432879,0.821502567962181
25658,LOF,0.3203553473553397,0.1654676375487269,0.5141770150959334
25659,Neutral,0.45680731556046233,0.1856324594679367,0.357560224971601
25660,LOF,0.020712651420846922,0.11124104970097658,0.8680462988781764
25661,LOF,0.07907053562619253,0.07198788777243822,0.8489415766013693
25662,LOF,0.029199377940669433,0.03702713382074834,0.9337734882385822
25663,LOF,0.034305062647296804,0.040299028820000075,0.925395908532703
25664,LOF,0.12065826158236463,0.06761958633087983,0.8117221520867556
25665,LOF,0.06139819275097941,0.030720581501232257,0.9078812257477884
25666,LOF,0.07805746014619837,0.06011455584255977,0.8618279840112419
25667,LOF,0.0659176686558064,0.04042017260800008,0.8936621587361935
25668,LOF,0.03099324961322956,0.05126383561183499,0.9177429147749354
25669,LOF,0.026332620383064657,0.04999987397156833,0.923667505645367
25670,LOF,0.1265271392741635,0.04429647353091963,0.8291763871949168
25671,LOF,0.10333745044627533,0.0399265560529838,0.8567359935007408
25672,LOF,0.050942146365935,0.046848631839595915,0.9022092217944692
25673,LOF,0.07993489612177704,0.04649065014440684,0.873574453733816
25674,LOF,0.07694175328966056,0.06223493363243142,0.8608233130779079
25675,LOF,0.09356287642811474,0.0640983047576945,0.8423388188141907
25676,LOF,0.01654276740184818,0.059451304284928716,0.9240059283132231
25677,LOF,0.020216945100898307,0.0810208748369964,0.8987621800621053
25678,LOF,0.19560298855515865,0.08233453468130524,0.7220624767635362
25679,LOF,0.12379033133088488,0.08432785966798854,0.7918818090011266
25680,LOF,0.027541858387553016,0.13759743916952266,0.8348607024429243
25681,LOF,0.04266504657958429,0.13317200019999229,0.8241629532204234
25682,LOF,0.12704076084242957,0.08485423136676502,0.7881050077908053
25683,LOF,0.1086326201252991,0.09309064123215845,0.7982767386425424
25684,LOF,0.03295488290790106,0.07245896958610663,0.8945861475059923
25685,LOF,0.11024364242393722,0.07475823443960955,0.8149981231364533
25686,LOF,0.07980864237170585,0.11746449162153294,0.8027268660067612
25687,LOF,0.13392606040371613,0.11909108487048309,0.7469828547258007
25688,LOF,0.4106660447275393,0.03875425387196987,0.5505797014004908
25689,LOF,0.2812535938696801,0.049168588063978176,0.6695778180663418
25690,LOF,0.358618581023757,0.03061742574940588,0.6107639932268372
25691,Neutral,0.6989868173680076,0.03321730302133212,0.26779587961066026
25692,LOF,0.3715957094151214,0.013233426847418047,0.6151708637374607
25693,GOF,0.04118672935644263,0.47954920342344726,0.47926406722011
25694,LOF,0.1255925037218723,0.017041532672221058,0.8573659636059067
25695,LOF,0.11629496974383201,0.010861618541411258,0.8728434117147568
25696,LOF,0.12879592997566358,0.014992316967086469,0.8562117530572498
25697,LOF,0.04992458873420636,0.12191359063822865,0.8281618206275649
25698,LOF,0.22995153765855975,0.2948810224635837,0.4751674398778566
25699,LOF,0.45479239550805384,0.04529026972784154,0.4999173347641046
25700,LOF,0.06846896026947487,0.012160469088375325,0.9193705706421499
25701,LOF,0.17076617384431556,0.037928268081632084,0.7913055580740525
25702,GOF,0.20322028780364532,0.6295926001772624,0.1671871120190922
25703,LOF,0.018961726165438102,0.15867527753967448,0.8223629962948873
25704,LOF,0.04051841086111681,0.1645248631411138,0.7949567259977695
25705,LOF,0.03924282232080571,0.08655873723977255,0.8741984404394217
25706,LOF,0.1261482519192302,0.41028634419977933,0.46356540388099043
25707,LOF,0.09533407173703458,0.3237823093525539,0.5808836189104115
25708,LOF,0.04671407940678538,0.30262412376813874,0.6506617968250759
25709,LOF,0.06774903032488719,0.0315239613012586,0.9007270083738542
25710,LOF,0.014561324810795494,0.11653979104253656,0.8688988841466679
25711,LOF,0.02071381613410833,0.07510818160614124,0.9041780022597504
25712,LOF,0.0165649447674626,0.16185073214430848,0.8215843230882289
25713,LOF,0.018768273311516787,0.07003022899623763,0.9112014976922455
25714,LOF,0.07418325649827408,0.057005255319297524,0.8688114881824284
25715,LOF,0.01245959155108534,0.1108357408538467,0.8767046675950679
25716,LOF,0.012080557066191884,0.09574287537771049,0.8921765675560976
25717,LOF,0.017911744765494376,0.06897836295390634,0.9131098922805992
25718,LOF,0.011206304189223045,0.05782861412632764,0.9309650816844494
25719,LOF,0.021481636318292682,0.06876380027096729,0.90975456341074
25720,LOF,0.026980629693661648,0.049157319790131736,0.9238620505162065
25721,LOF,0.013662650538455307,0.06689154680765617,0.9194458026538885
25722,LOF,0.014397470271314243,0.05529814684053287,0.9303043828881528
25723,LOF,0.024192897706257436,0.03903443747494029,0.9367726648188023
25724,LOF,0.0360950025877303,0.06862268644658188,0.8952823109656879
25725,LOF,0.012222132425003366,0.060083422332289,0.9276944452427075
25726,LOF,0.016658090398726722,0.07468118253229535,0.9086607270689779
25727,LOF,0.013374961626837791,0.054601584263368176,0.932023454109794
25728,LOF,0.010357198554825777,0.07382869257413754,0.9158141088710366
25729,LOF,0.010644398707399106,0.07260098993611269,0.9167546113564882
25730,LOF,0.013755167971931465,0.0737215894219989,0.9125232426060697
25731,LOF,0.022804397966416666,0.07174196313608533,0.905453638897498
25732,LOF,0.012976686662181904,0.03828292560653952,0.9487403877312786
25733,LOF,0.01719534194252346,0.04824013200340844,0.934564526054068
25734,LOF,0.013219613894558628,0.09225990548838356,0.8945204806170577
25735,LOF,0.011615109426043792,0.04256916791387188,0.9458157226600842
25736,LOF,0.012250830066187386,0.04672301106416661,0.9410261588696459
25737,LOF,0.012790455022373802,0.06394476345740406,0.9232647815202222
25738,LOF,0.011991970599030516,0.06901206078175096,0.9189959686192185
25739,LOF,0.02076930295174972,0.055471368100955654,0.9237593289472947
25740,LOF,0.028245560269645916,0.08107474625510391,0.8906796934752502
25741,LOF,0.014814278760156957,0.08583405309363064,0.8993516681462124
25742,LOF,0.11615819232583288,0.06119101510712242,0.8226507925670448
25743,LOF,0.041567179589431576,0.05249548722376856,0.9059373331867998
25744,Neutral,0.6313065284657654,0.21363669884107217,0.1550567726931625
25745,LOF,0.06587039570952317,0.07098380141092171,0.863145802879555
25746,LOF,0.04774272388819856,0.09350939353698953,0.8587478825748118
25747,LOF,0.026057429072693643,0.08081141722937717,0.8931311536979292
25748,LOF,0.14646904124112992,0.13651924081311234,0.7170117179457579
25749,LOF,0.0301802487013808,0.08015896999541781,0.8896607813032013
25750,LOF,0.08331067367922315,0.09711304026176129,0.8195762860590156
25751,LOF,0.09859146788462489,0.15546577881148402,0.745942753303891
25752,GOF,0.10995237674290566,0.6391616559870905,0.2508859672700039
25753,LOF,0.029671554028231965,0.3769060616649644,0.5934223843068036
25754,GOF,0.01688421121867429,0.8150580362058181,0.16805775257550762
25755,LOF,0.030088625056860413,0.40041385984136946,0.5694975151017702
25756,LOF,0.06305187088916071,0.41799152787726085,0.5189566012335785
25757,GOF,0.02271640159938078,0.8788848349021267,0.09839876349849257
25758,GOF,0.027790487859056377,0.8189939577252527,0.1532155544156909
25759,GOF,0.01223784347785099,0.6872860127351987,0.30047614378695026
25760,LOF,0.016656652644876088,0.3511175209497586,0.6322258264053653
25761,GOF,0.28103370819517215,0.6531674123571948,0.0657988794476329
25762,LOF,0.055594149359720325,0.37668274760935216,0.5677231030309274
25763,LOF,0.01792574842010849,0.2628503474056464,0.7192239041742451
25764,GOF,0.07376775142984725,0.6998930266407325,0.22633922192942021
25765,GOF,0.03818821141110766,0.7753651665025265,0.18644662208636587
25766,GOF,0.062488275378398496,0.8125263045375105,0.12498542008409083
25767,GOF,0.13816987514580567,0.4668434283719986,0.39498669648219564
25768,LOF,0.10665947290387691,0.04793304466553488,0.8454074824305882
25769,LOF,0.05168342596215368,0.061369433277546154,0.8869471407603002
25770,LOF,0.34577390002072983,0.10325205024856507,0.5509740497307052
25771,LOF,0.0571414477075296,0.04781230836096547,0.895046243931505
25772,LOF,0.019289399970674564,0.05434065530510085,0.9263699447242245
25773,LOF,0.06240501936457648,0.0746016562741359,0.8629933243612877
25774,LOF,0.031209557445001628,0.13075652674991062,0.8380339158050877
25775,LOF,0.06410390688275265,0.06029866369487107,0.8755974294223762
25776,LOF,0.07102484495065371,0.03588049910228705,0.8930946559470593
25777,LOF,0.36870544167429575,0.10093667420658198,0.5303578841191223
25778,LOF,0.06811171421852052,0.045319678501452215,0.8865686072800272
25779,GOF,0.40504683437095745,0.5506984988503272,0.044254666778715396
25780,GOF,0.3322430931930281,0.5799781496493583,0.0877787571576135
25781,GOF,0.11815418404451063,0.7657820429281954,0.11606377302729404
25782,GOF,0.20413858907834134,0.7216502858483315,0.07421112507332724
25783,GOF,0.023498358184591322,0.6708364650066622,0.3056651768087465
25784,Neutral,0.5215002252030939,0.4383760690840996,0.04012370571280644
25785,Neutral,0.5239865059222639,0.42718949768016257,0.048823996397573476
25786,GOF,0.03598625422176883,0.7281451203231378,0.2358686254550934
25787,Neutral,0.6783235345435419,0.29345453169013713,0.028221933766321063
25788,LOF,0.05324692987742006,0.08004616354618316,0.8667069065763967
25789,GOF,0.20450381845918866,0.6434255572403293,0.15207062430048202
25790,GOF,0.26357515558715117,0.6394081061732719,0.09701673823957696
25791,GOF,0.15820809438533465,0.653850830993842,0.18794107462082335
25792,GOF,0.3618245313053897,0.4974117970489519,0.1407636716456583
25793,GOF,0.2598698967542442,0.47417377628724383,0.265956326958512
25794,GOF,0.3138245787667836,0.46832514112242746,0.21785028011078886
25795,GOF,0.055186766915042484,0.6761174593739072,0.2686957737110503
25796,Neutral,0.511978280978417,0.40571223901611014,0.08230948000547285
25797,GOF,0.07276792492656456,0.5629157478917356,0.3643163271816998
25798,GOF,0.010121342067046572,0.5236510961293843,0.4662275618035691
25799,LOF,0.0076238762483272745,0.4537184154795216,0.5386577082721511
25800,GOF,0.03551498581416615,0.6596178071909196,0.3048672069949143
25801,GOF,0.22555772049078326,0.6674032398702372,0.10703903963897957
25802,GOF,0.06885288695708817,0.6633220723732254,0.2678250406696865
25803,GOF,0.040696766993707376,0.5711814490446837,0.3881217839616089
25804,GOF,0.035147730984055214,0.4840919964720869,0.48076027254385795
25805,GOF,0.1253593584342555,0.5937346939030219,0.2809059476627227
25806,GOF,0.14323536386979888,0.5811421279113106,0.2756225082188905
25807,GOF,0.019286416882213445,0.6262331467151686,0.3544804364026179
25808,GOF,0.11815783162960704,0.561438120100282,0.3204040482701108
25809,GOF,0.02014289792755613,0.6233484817420242,0.3565086203304197
25810,GOF,0.022323386368011018,0.6276603713020046,0.3500162423299843
25811,Neutral,0.5032130649236833,0.42737803588709516,0.06940889918922157
25812,GOF,0.03835874226285444,0.5898423602216556,0.37179889751548995
25813,Neutral,0.5891501756507731,0.30704366868685795,0.10380615566236887
25814,GOF,0.1542671253798345,0.6318973434885786,0.2138355311315869
25815,GOF,0.2810770463926581,0.5416985956136507,0.17722435799369113
25816,GOF,0.024014463058725684,0.6884245162291701,0.2875610207121041
25817,GOF,0.22214271202645788,0.6508292146872889,0.1270280732862532
25818,GOF,0.048272502944935104,0.5488692955568589,0.40285820149820595
25819,GOF,0.3943204638398717,0.4481945375703094,0.1574849985898189
25820,GOF,0.22931848707071872,0.5601574834852726,0.21052402944400864
25821,GOF,0.06519870219913605,0.661447816093461,0.273353481707403
25822,GOF,0.2689765864866288,0.482545277056331,0.24847813645704014
25823,LOF,0.03236616616792039,0.46393279854015634,0.5037010352919232
25824,GOF,0.09126522350239792,0.4809631883382864,0.42777158815931576
25825,GOF,0.03422372148258402,0.49964548556465105,0.4661307929527648
25826,LOF,0.0124240313425746,0.480920435758634,0.5066555328987913
25827,GOF,0.022281888683086688,0.5609669994150739,0.4167511119018394
25828,LOF,0.01326088752978742,0.4886710168787367,0.498068095591476
25829,GOF,0.006969979677991359,0.5144207373590904,0.47860928296291827
25830,LOF,0.038433216414782194,0.27997462384158966,0.6815921597436281
25831,GOF,0.13673265764058504,0.7385769862226188,0.12469035613679613
25832,GOF,0.03232180532852687,0.6833283918354898,0.28434980283598327
25833,GOF,0.11634725895780537,0.6942238597016924,0.18942888134050218
25834,GOF,0.03750200855982533,0.6837717815503934,0.27872620988978125
25835,GOF,0.09131990045077709,0.6763743555075733,0.23230574404164958
25836,GOF,0.044047849856526815,0.6504784804843374,0.3054736696591357
25837,GOF,0.025066383104839666,0.5343507798247809,0.44058283707037943
25838,GOF,0.08853338587823059,0.731943685624345,0.17952292849742435
25839,GOF,0.32280606598374667,0.5288107054788046,0.14838322853744862
25840,GOF,0.2120780269208274,0.5806887631111571,0.2072332099680155
25841,GOF,0.2276098209972559,0.5899890790703824,0.18240109993236173
25842,GOF,0.19154526787329218,0.641665437503407,0.16678929462330097
25843,GOF,0.22842180071495258,0.6502579235593464,0.12132027572570107
25844,GOF,0.06308460825610991,0.653432760250681,0.2834826314932091
25845,LOF,0.013515935109567225,0.46951039935407823,0.5169736655363545
25846,GOF,0.08574225377719687,0.7441512174608084,0.17010652876199486
25847,GOF,0.13673167549294932,0.7152207420322685,0.14804758247478234
25848,GOF,0.034867423426937834,0.6669980312802941,0.2981345452927681
25849,GOF,0.01025199995440169,0.5513003192537635,0.4384476807918348
25850,GOF,0.022834230053211613,0.5809258801137139,0.39623988983307457
25851,LOF,0.01869593125013677,0.4889628481934605,0.4923412205564027
25852,GOF,0.12379708552210067,0.5572937283704233,0.31890918610747593
25853,GOF,0.32933831255504303,0.578419216114454,0.09224247133050295
25854,GOF,0.016993052338811616,0.6372892181246369,0.3457177295365515
25855,GOF,0.03977594507518812,0.609338093906148,0.3508859610186639
25856,GOF,0.25194798295705173,0.5480191111886575,0.20003290585429073
25857,GOF,0.03624562090424972,0.5201010447494675,0.44365333434628274
25858,GOF,0.021094998321648652,0.5586307557513381,0.42027424592701335
25859,GOF,0.011185131066713063,0.5446047551679656,0.44421011376532127
25860,GOF,0.4014070230667938,0.500044102096712,0.09854887483649408
25861,GOF,0.37485460459698194,0.5390716904706228,0.08607370493239519
25862,GOF,0.08566748060440672,0.7762351536781241,0.13809736571746908
25863,GOF,0.08545517773600272,0.7890445757455814,0.12550024651841588
25864,GOF,0.16953941091490027,0.7542456343186957,0.07621495476640386
25865,GOF,0.07352758419461831,0.8002786568848642,0.12619375892051735
25866,GOF,0.06452805459727975,0.8103026550676505,0.1251692903350697
25867,GOF,0.08435784589419407,0.802666350543308,0.11297580356249791
25868,GOF,0.2889827012299359,0.6010475550196243,0.10996974375043976
25869,Neutral,0.6772371749570444,0.2806309541873123,0.042131870855643294
25870,LOF,0.32886132968612164,0.236565274528972,0.43457339578490645
25871,GOF,0.22989489646331657,0.5998916948671105,0.17021340866957294
25872,GOF,0.0862382945875189,0.6366694367847027,0.27709226862777836
25873,GOF,0.16092050747281558,0.6216562452484901,0.21742324727869441
25874,LOF,0.022180073832939424,0.08601439435906985,0.8918055318079907
25875,LOF,0.08398341963290076,0.058843056913004996,0.8571735234540944
25876,LOF,0.025616553378722692,0.050875324694037896,0.9235081219272394
25877,Neutral,0.5155001640315257,0.061532809841375276,0.4229670261270991
25878,LOF,0.22225438664662703,0.11754891899819385,0.6601966943551791
25879,LOF,0.10338745403392388,0.1308909468573926,0.7657215991086834
25880,LOF,0.0229444498817979,0.019848997405040716,0.9572065527131614
25881,LOF,0.20108394170281224,0.1950795905057058,0.6038364677914819
25882,LOF,0.09722203718963213,0.025419245938168272,0.8773587168721996
25883,LOF,0.0930411696618627,0.0371611742334176,0.8697976561047198
25884,LOF,0.046863466857888024,0.04783902132766037,0.9052975118144516
25885,LOF,0.07785941580925987,0.018290275947906737,0.9038503082428335
25886,LOF,0.3605369673609579,0.07755959283984283,0.5619034397991992
25887,LOF,0.1833288146873453,0.13303684865969448,0.6836343366529603
25888,LOF,0.07008093853035545,0.10978883132645088,0.8201302301431936
25889,LOF,0.04859187760344961,0.03976817490187215,0.9116399474946782
25890,LOF,0.050583011503016855,0.16416964864807954,0.7852473398489036
25891,LOF,0.0411863799199188,0.08385773788360927,0.8749558821964719
25892,LOF,0.120695402940851,0.020974030142432896,0.8583305669167162
25893,LOF,0.2868633964026823,0.014940967199444691,0.698195636397873
25894,LOF,0.1843369974994796,0.00922317285357132,0.806439829646949
25895,LOF,0.21636988848197491,0.01920396565670442,0.7644261458613206
25896,LOF,0.055485908558210076,0.02486250073468025,0.9196515907071097
25897,LOF,0.22983299674705815,0.015645841475809278,0.7545211617771326
25898,Neutral,0.734927611958237,0.010639675069876888,0.25443271297188613
25899,LOF,0.2964343621309632,0.03330931599119279,0.670256321877844
25900,Neutral,0.49776284948331256,0.01629526017488683,0.48594189034180063
25901,LOF,0.062387443256534315,0.0131343875704719,0.9244781691729937
25902,LOF,0.20142459997827006,0.011319202861834058,0.7872561971598958
25903,Neutral,0.5504482475286051,0.02655767007399408,0.4229940823974008
25904,LOF,0.2742219345641263,0.0437507859845023,0.6820272794513714
25905,LOF,0.026175623084502043,0.3050770915564181,0.6687472853590799
25906,LOF,0.02448441081556844,0.08231116509383224,0.8932044240905993
25907,LOF,0.013338729876076599,0.3224961336993869,0.6641651364245366
25908,LOF,0.011849577124867183,0.23317198950281115,0.7549784333723217
25909,LOF,0.013001984067147,0.17426699417151845,0.8127310217613345
25910,LOF,0.05614950613050933,0.11201334732133113,0.8318371465481595
25911,LOF,0.11027346061979716,0.03830099637320887,0.8514255430069939
25912,LOF,0.032167779832362624,0.07826651231627452,0.8895657078513629
25913,LOF,0.26501587897015155,0.02606501736093538,0.7089191036689131
25914,LOF,0.026511884598458865,0.12073397384618367,0.8527541415553574
25915,Neutral,0.4601815113624995,0.21970679280114305,0.32011169583635735
25916,LOF,0.06686413093282438,0.23996315153126963,0.6931727175359059
25917,LOF,0.07001970021310627,0.06658080338081453,0.8633994964060793
25918,LOF,0.036578054616224764,0.07521570701833855,0.8882062383654367
25919,LOF,0.029563282913367947,0.0801414059324875,0.8902953111541446
25920,GOF,0.08507586201191829,0.5380549136828017,0.37686922430528014
25921,LOF,0.03458351798661007,0.023663086066086105,0.9417533959473038
25922,LOF,0.04478870444142789,0.01607367455444902,0.939137621004123
25923,LOF,0.41498379469986035,0.015405593244054527,0.5696106120560851
25924,LOF,0.04486890406703726,0.025208045732083236,0.9299230502008796
25925,LOF,0.07644070240683029,0.02613260779270791,0.8974266898004618
25926,LOF,0.053070538960377715,0.01647778845414888,0.9304516725854733
25927,LOF,0.07948599034236983,0.05285118591320154,0.8676628237444285
25928,LOF,0.028023062007310136,0.021576198393197764,0.9504007395994921
25929,Neutral,0.547248590158319,0.017116405069485092,0.43563500477219597
25930,LOF,0.06379902750734119,0.012160222890242676,0.9240407496024161
25931,LOF,0.038544127043109465,0.017500146731636766,0.9439557262252537
25932,LOF,0.031857670273230505,0.014399881410922346,0.9537424483158471
25933,LOF,0.04199264392780821,0.009382139182455045,0.9486252168897368
25934,LOF,0.027715471772321473,0.010966137534259596,0.961318390693419
25935,LOF,0.0712658800903071,0.028176107668886667,0.9005580122408062
25936,LOF,0.049674316376808955,0.01357021030681679,0.9367554733163743
25937,LOF,0.0330512158776925,0.020060579177815327,0.9468882049444922
25938,LOF,0.0714494567351005,0.02974834937200456,0.898802193892895
25939,LOF,0.04278977823463147,0.009362955590349999,0.9478472661750185
25940,LOF,0.024996583287405946,0.3856640787541329,0.5893393379584612
25941,LOF,0.14225182861136224,0.0915930141768154,0.7661551572118224
25942,LOF,0.013109117300828574,0.032246302106819565,0.9546445805923519
25943,LOF,0.33508533411378344,0.07678731058734038,0.5881273552988762
25944,Neutral,0.5032431051284484,0.04268423470528126,0.45407266016627035
25945,LOF,0.06026863064687512,0.025668809449883364,0.9140625599032415
25946,LOF,0.0357192547653107,0.15724114818927615,0.8070395970454132
25947,LOF,0.13021059902405757,0.19738274611773124,0.6724066548582112
25948,LOF,0.41891786981200346,0.013605408775551237,0.5674767214124453
25949,LOF,0.07381499898103307,0.06590146603384332,0.8602835349851236
25950,GOF,0.2548804581192874,0.48430284693182785,0.2608166949488847
25951,LOF,0.2634018724571897,0.21026338133523056,0.5263347462075797
25952,GOF,0.05653210204090796,0.5010892814843556,0.44237861647473653
25953,LOF,0.13859322493095982,0.11795312195065798,0.7434536531183823
25954,LOF,0.36284163585520945,0.25425690074034674,0.38290146340444375
25955,LOF,0.06327511829391401,0.0894138057161151,0.8473110759899708
25956,LOF,0.23733890579787825,0.05757238689236751,0.7050887073097541
25957,LOF,0.046827940741222554,0.02611648575087049,0.9270555735079069
25958,LOF,0.0543675995951416,0.02917218363919637,0.9164602167656621
25959,LOF,0.059794519190817845,0.3492668965455468,0.5909385842636354
25960,LOF,0.01973071324538687,0.052085340540162346,0.9281839462144509
25961,LOF,0.044610667537456246,0.03703748137823501,0.9183518510843087
25962,LOF,0.057652948829337046,0.03741198222209614,0.9049350689485668
25963,LOF,0.04796464794712143,0.19187336484426326,0.7601619872086154
25964,LOF,0.034671154345824795,0.12229194500673038,0.8430369006474447
25965,LOF,0.4437525629265161,0.07557674541433779,0.4806706916591461
25966,LOF,0.3920226318822891,0.21103180335441704,0.39694556476329385
25967,LOF,0.013921717244983598,0.07805939311494656,0.9080188896400699
25968,LOF,0.03257862916269874,0.43946185765553303,0.5279595131817681
25969,LOF,0.02567136798891565,0.06955400151808237,0.9047746304930019
25970,LOF,0.05368368319322045,0.058655265082590946,0.8876610517241886
25971,LOF,0.07381296587827618,0.022352279752649307,0.9038347543690746
25972,LOF,0.07584626486723052,0.030987722048659995,0.8931660130841094
25973,LOF,0.0911172428946627,0.010284262862391542,0.8985984942429458
25974,LOF,0.2285871571642956,0.02049264714282342,0.750920195692881
25975,LOF,0.046151273776750344,0.031870697994178084,0.9219780282290715
25976,LOF,0.043807989014903986,0.01835346019051529,0.9378385507945806
25977,LOF,0.13161801695293018,0.10303540632031478,0.7653465767267551
25978,LOF,0.11335999667509754,0.09072029476708376,0.7959197085578188
25979,LOF,0.1106183470630103,0.08653845839881875,0.802843194538171
25980,LOF,0.14579335774986737,0.10437895634294299,0.7498276859071897
25981,LOF,0.17986039750192545,0.09972678171777442,0.7204128207803001
25982,LOF,0.34939756798364996,0.07520881611453122,0.5753936159018188
25983,LOF,0.3483557732888807,0.07042883107846991,0.5812153956326495
25984,LOF,0.050518471095406525,0.08809689303270607,0.8613846358718873
25985,LOF,0.02010651220433206,0.3332077279438894,0.6466857598517785
25986,LOF,0.031625265596047565,0.3050875597087298,0.6632871746952226
25987,LOF,0.07745843353783807,0.11542703969393282,0.807114526768229
25988,LOF,0.11545452083342166,0.09013096577507677,0.7944145133915016
25989,LOF,0.023570585114767877,0.18586761737400523,0.7905617975112269
25990,LOF,0.034591691924148925,0.1492103060432657,0.8161980020325853
25991,GOF,0.10764904100093627,0.5077868209052389,0.38456413809382484
25992,LOF,0.29256282815961,0.3193454121401874,0.38809175970020254
25993,LOF,0.02246415433558154,0.12137557548237211,0.8561602701820463
25994,LOF,0.015326392158435906,0.14734308770020302,0.837330520141361
25995,LOF,0.025154577391974266,0.2519730314590462,0.7228723911489796
25996,GOF,0.1764718360469363,0.6556273685984787,0.167900795354585
25997,GOF,0.06954682375069363,0.6279555450818165,0.30249763116748996
25998,Neutral,0.5738086215568278,0.018192436786591933,0.40799894165658024
25999,LOF,0.14603169902253726,0.16931305347443687,0.684655247503026
26000,LOF,0.1464033523339725,0.04009453399289411,0.8135021136731333
26001,LOF,0.18931657067154872,0.03970170286056252,0.7709817264678887
26002,LOF,0.15197159849870356,0.045266961634015154,0.8027614398672813
26003,GOF,0.010665006496689819,0.6706235549723328,0.3187114385309773
26004,GOF,0.02789780959911231,0.7328315288768117,0.23927066152407603
26005,GOF,0.010052186486431315,0.5908687449674993,0.3990790685460694
26006,Neutral,0.5226227585453467,0.2939327338573208,0.18344450759733238
26007,GOF,0.019959510183351077,0.6302878278271691,0.34975266198947985
26008,GOF,0.022632464738348096,0.6501377775296202,0.3272297577320317
26009,GOF,0.02951115279630679,0.6969981410658165,0.2734907061378766
26010,GOF,0.026567651094541882,0.7533843108312295,0.2200480380742286
26011,GOF,0.009321768739753357,0.5717143964939878,0.41896383476625887
26012,GOF,0.01637501843835778,0.6442743879687856,0.33935059359285663
26013,GOF,0.017918001246465885,0.7194918275894917,0.26259017116404243
26014,LOF,0.04475015183091834,0.16355932923839978,0.7916905189306819
26015,LOF,0.14999307937884687,0.010244682052874033,0.839762238568279
26016,LOF,0.24676457596723725,0.044473596163480955,0.7087618278692819
26017,LOF,0.18093565304897524,0.08958159161405306,0.7294827553369716
26018,LOF,0.07267659164763027,0.036835138201727596,0.890488270150642
26019,LOF,0.06990733387238751,0.02696499021206925,0.9031276759155432
26020,LOF,0.05835426666554488,0.1258770459300578,0.8157686874043973
26021,LOF,0.04939666310469454,0.15379579555638834,0.7968075413389171
26022,LOF,0.009380008603151852,0.060373357530244566,0.9302466338666036
26023,LOF,0.0980464220235029,0.025475408595313546,0.8764781693811835
26024,LOF,0.02922651300693001,0.12133949435968606,0.8494339926333839
26025,LOF,0.1214157958674254,0.10103530459868035,0.7775488995338942
26026,LOF,0.2968442590916033,0.019415200017238645,0.6837405408911582
26027,LOF,0.07130407616746928,0.01917884425632904,0.9095170795762016
26028,LOF,0.15530582066906443,0.08936930977069095,0.7553248695602446
26029,LOF,0.08843500594569868,0.15088389766459664,0.7606810963897046
26030,LOF,0.030987116535146,0.05317676665290654,0.9158361168119475
26031,LOF,0.04131934236687481,0.11532961735020052,0.8433510402829247
26032,LOF,0.08448111217765976,0.04259114393981542,0.8729277438825249
26033,LOF,0.13994092466213134,0.051008488491488445,0.8090505868463802
26034,LOF,0.05490719458253447,0.12170890137203311,0.8233839040454324
26035,LOF,0.037884953445435327,0.10552859237617647,0.8565864541783882
26036,LOF,0.052146047985544716,0.12800697625825994,0.8198469757561954
26037,LOF,0.032584906459816314,0.09252479482214282,0.8748902987180409
26038,LOF,0.07943563985454878,0.042455949898579745,0.8781084102468715
26039,LOF,0.08088547058054009,0.1116401588760554,0.8074743705434045
26040,LOF,0.24228633163309735,0.08223473408618816,0.6754789342807145
26041,LOF,0.033086251111815866,0.08874771498620343,0.8781660339019808
26042,LOF,0.03277497384793986,0.09031482769260583,0.8769101984594543
26043,LOF,0.07729113602188853,0.05686741238726116,0.8658414515908502
26044,LOF,0.02745873542789101,0.06473940912122202,0.907801855450887
26045,LOF,0.08943504952951796,0.08905610387191226,0.8215088465985697
26046,LOF,0.08091386608990145,0.06168260212450012,0.8574035317855985
26047,LOF,0.11566502197885631,0.07588714440434079,0.808447833616803
26048,LOF,0.05390030713581218,0.057480644325050526,0.8886190485391373
26049,Neutral,0.9535660128889056,0.007448491099134867,0.038985496011959477
26050,Neutral,0.9331431839744012,0.008564431330971492,0.05829238469462743
26051,LOF,0.05050431088748248,0.44755605456862824,0.5019396345438892
26052,GOF,0.06331874285353799,0.47135776678717084,0.4653234903592912
26053,LOF,0.06943389005049473,0.18096792818296314,0.749598181766542
26054,LOF,0.060311181752061224,0.04529879809669415,0.8943900201512446
26055,LOF,0.07999864436695682,0.03034589604413471,0.8896554595889085
26056,LOF,0.07005887758893244,0.036715459064531386,0.8932256633465362
26057,LOF,0.030920976367817207,0.01849055721985457,0.9505884664123282
26058,LOF,0.03144745452991008,0.01620667555130862,0.9523458699187813
26059,LOF,0.29457325078521435,0.04377458739957576,0.6616521618152099
26060,LOF,0.027172774385914165,0.29764793276635854,0.6751792928477274
26061,LOF,0.017406952827093893,0.023310352409732883,0.9592826947631732
26062,LOF,0.011920747415475658,0.03745555122641666,0.9506237013581077
26063,LOF,0.021883705834899094,0.018008680616932157,0.9601076135481688
26064,LOF,0.02384923746153868,0.02440387568302632,0.9517468868554351
26065,LOF,0.025756293250313853,0.021648782689231722,0.9525949240604543
26066,LOF,0.02065688017201654,0.02062091224498643,0.958722207582997
26067,LOF,0.025054978510582002,0.015999359225918445,0.9589456622634996
26068,LOF,0.047140191535470825,0.05600858891168814,0.896851219552841
26069,LOF,0.2760751439260521,0.03149556341588654,0.6924292926580614
26070,LOF,0.4082533264062283,0.02182670133069243,0.5699199722630792
26071,LOF,0.02218155179944614,0.022243169793545632,0.9555752784070082
26072,LOF,0.02378964070275174,0.028321138917701053,0.9478892203795473
26073,LOF,0.022991882109551248,0.01857189638360432,0.9584362215068444
26074,Neutral,0.9292037487929465,0.007425507312599424,0.06337074389445409
26075,LOF,0.0447845455752434,0.02717564886678173,0.9280398055579748
26076,LOF,0.0443319769147716,0.016897380358436773,0.9387706427267917
26077,LOF,0.00955310171517222,0.0370887929243062,0.9533581053605217
26078,LOF,0.014450866554055301,0.02176676326509478,0.96378237018085
26079,LOF,0.05269717636925096,0.029713095125502055,0.9175897285052471
26080,LOF,0.05267855055344901,0.029858807766265098,0.9174626416802858
26081,LOF,0.03510794207709025,0.012357183377396247,0.9525348745455134
26082,LOF,0.020122267384273414,0.03349491324495238,0.9463828193707742
26083,LOF,0.13087542098840269,0.01946934943811154,0.8496552295734858
26084,LOF,0.027524493672516668,0.02825746918420919,0.944218037143274
26085,LOF,0.022731040814206085,0.026416552791905454,0.9508524063938886
26086,LOF,0.024080906447330064,0.022358972157129838,0.9535601213955401
26087,LOF,0.024260969316305003,0.015975912620251168,0.9597631180634437
26088,LOF,0.0193816128821164,0.03788039984823192,0.9427379872696517
26089,LOF,0.05044674142317075,0.034976182004209426,0.9145770765726198
26090,LOF,0.04852912447470163,0.027674363993118258,0.9237965115321801
26091,LOF,0.03816880534984154,0.012113871654433363,0.9497173229957251
26092,LOF,0.027108564375311547,0.016536848067806174,0.9563545875568824
26093,LOF,0.03671896713362659,0.010826325532165091,0.9524547073342085
26094,LOF,0.04546855725314184,0.009624108311652703,0.9449073344352055
26095,LOF,0.055128123593004986,0.02579873969290834,0.9190731367140865
26096,LOF,0.019193953194119547,0.020644434209439844,0.9601616125964406
26097,LOF,0.010077779526971344,0.08228493158624663,0.9076372888867821
26098,LOF,0.07513900385447711,0.024646347969683045,0.90021464817584
26099,LOF,0.02525203939240077,0.02685509252474634,0.9478928680828529
26100,LOF,0.026825872007019004,0.025273623344414114,0.9479005046485668
26101,LOF,0.058097628390015386,0.025273901166125712,0.916628470443859
26102,LOF,0.024758180866854683,0.02179919933362741,0.9534426197995179
26103,Neutral,0.8910847967655346,0.03202588662428419,0.07688931661018125
26104,LOF,0.07171478992836519,0.05466505012927106,0.8736201599423639
26105,LOF,0.20817161134507378,0.2599595847343418,0.5318688039205846
26106,LOF,0.16137903929183656,0.15036802261432655,0.6882529380938369
26107,LOF,0.2209969854044928,0.11885608523236021,0.660146929363147
26108,LOF,0.23512572469979368,0.17543173874591964,0.5894425365542867
26109,LOF,0.08300220971669685,0.15424772549958946,0.7627500647837137
26110,LOF,0.22046285045162853,0.007422545808806753,0.7721146037395648
26111,LOF,0.4705887848956622,0.01716966362128567,0.5122415514830522
26112,LOF,0.036247513385226714,0.007458518985381445,0.9562939676293918
26113,LOF,0.05234314619668238,0.012633444427727477,0.9350234093755903
26114,LOF,0.016102783817626348,0.017785901547398956,0.9661113146349747
26115,LOF,0.07959491924358594,0.03093644336603262,0.8894686373903814
26116,LOF,0.04445839720631158,0.02951877442271981,0.9260228283709685
26117,LOF,0.3774260537876744,0.05551351411949073,0.5670604320928349
26118,LOF,0.03915639925424929,0.03494843859722356,0.9258951621485272
26119,LOF,0.022916528247987223,0.05704039732033729,0.9200430744316755
26120,LOF,0.029756182623780714,0.024384001478524913,0.9458598158976943
26121,LOF,0.05670198752797729,0.10595085129950901,0.8373471611725137
