feature0,prediction,LoGoFunc_Neutral,LoGoFunc_GOF,LoGoFunc_LOF
25546,Neutral,0.5904632339239152,0.06422221557613389,0.3453145504999511
25547,Neutral,0.49014589864315106,0.0927716991984965,0.4170824021583524
25548,Neutral,0.48355278858948036,0.09402139053344574,0.4224258208770738
25549,LOF,0.43291292054208524,0.09157814390798677,0.475508935549928
25550,LOF,0.3612704784627677,0.11226692065139068,0.5264626008858416
25551,LOF,0.31053772204962843,0.1128876769197793,0.5765746010305923
25552,LOF,0.2784958216820753,0.12352221690571205,0.5979819614122127
25553,Neutral,0.7735670616301523,0.06449302983606807,0.1619399085337797
25554,LOF,0.30784725811496094,0.10433828086205296,0.5878144610229862
25555,LOF,0.2596600038446003,0.1062372986963311,0.6341026974590687
25556,LOF,0.4302883452440849,0.09885923046582432,0.4708524242900909
25557,LOF,0.2551910796503981,0.10688186779206019,0.6379270525575417
25558,LOF,0.3142920400272427,0.10225225614319991,0.5834557038295574
25559,LOF,0.30188428323421784,0.03719947158677826,0.6609162451790038
25560,LOF,0.10692308309586145,0.10847775645113923,0.7845991604529993
25561,LOF,0.09557674063416133,0.15855212581242364,0.745871133553415
25562,LOF,0.036282714283782797,0.06376824963388161,0.8999490360823357
25563,LOF,0.007475944459314975,0.1420790606771996,0.8504449948634855
25564,LOF,0.06844014264351032,0.08218242382468655,0.8493774335318032
25565,LOF,0.1921473078892674,0.11318911802417367,0.694663574086559
25566,GOF,0.06742917219421311,0.7852328171578095,0.14733801064797736
25567,LOF,0.04862263804051645,0.16076783379341764,0.7906095281660659
25568,LOF,0.061501909992225615,0.1130423816971734,0.8254557083106009
25569,LOF,0.05894100148366058,0.1027243993579348,0.8383345991584045
25570,LOF,0.028089934259501546,0.13713618263670918,0.8347738831037892
25571,LOF,0.027853874707618787,0.14262239920112327,0.829523726091258
25572,LOF,0.058202304287989955,0.2117042166709979,0.7300934790410121
25573,LOF,0.07248512958728459,0.14742982008774072,0.7800850503249748
25574,LOF,0.09166871999399703,0.24119999828702288,0.66713128171898
25575,LOF,0.026678649919622006,0.15517012089346938,0.8181512291869085
25576,LOF,0.028772847225180576,0.26465884481274154,0.7065683079620778
25577,LOF,0.031102651994590818,0.19579139923263367,0.7731059487727755
25578,LOF,0.2941988299939014,0.09738962679901607,0.6084115432070826
25579,LOF,0.20983305165036356,0.09832665789100661,0.6918402904586298
25580,LOF,0.025478057004994042,0.0942005613995745,0.8803213815954314
25581,LOF,0.04055840079763409,0.13264267447890254,0.8267989247234634
25582,LOF,0.04044982041040124,0.1277064817141417,0.8318436978754571
25583,LOF,0.035402607619654365,0.10441494777107273,0.8601824446092728
25584,Neutral,0.7320685544167599,0.11324725340001118,0.1546841921832289
25585,LOF,0.026105125529015942,0.2030039830717246,0.7708908913992594
25586,LOF,0.023428446118585904,0.11561336136102339,0.8609581925203907
25587,LOF,0.022557392652291588,0.11777673037056739,0.8596658769771409
25588,LOF,0.028195353470956506,0.08941456910547384,0.8823900774235697
25589,Neutral,0.6037681771683077,0.20577048124476424,0.19046134158692807
25590,LOF,0.05591745724507294,0.15856336863025133,0.7855191741246756
25591,LOF,0.10149113731378663,0.10159079338193001,0.7969180693042833
25592,LOF,0.08856895087846163,0.1904301747607387,0.7210008743607996
25593,LOF,0.15168442438033242,0.3499559803116464,0.4983595953080211
25594,LOF,0.039772047559074285,0.07506790988820454,0.8851600425527213
25595,LOF,0.04246891951632931,0.03380854606361675,0.9237225344200538
25596,LOF,0.11163400996509881,0.017406688151034043,0.8709593018838672
25597,LOF,0.085403089106966,0.01813455948179773,0.8964623514112363
25598,LOF,0.046154845796638345,0.03209761860020588,0.9217475356031557
25599,LOF,0.023271189747747358,0.43198659765141134,0.5447422126008413
25600,GOF,0.17187984593374475,0.43268848664175763,0.39543166742449765
25601,LOF,0.04438329315906149,0.32618965093081065,0.6294270559101278
25602,LOF,0.030028762464179577,0.07906508718159054,0.8909061503542298
25603,LOF,0.061822013535581706,0.07252360028642142,0.8656543861779968
25604,LOF,0.050651128897418025,0.14036252447717087,0.808986346625411
25605,LOF,0.06253560045335672,0.18354517910902737,0.7539192204376158
25606,Neutral,0.44760866324054915,0.28050005576774645,0.27189128099170423
25607,LOF,0.03318883541371624,0.2453570391772832,0.7214541254090006
25608,LOF,0.04653288875456657,0.09588389210857448,0.857583219136859
25609,GOF,0.19072775289644628,0.5514643803129837,0.2578078667905701
25610,LOF,0.02404006531842125,0.08441480336096029,0.8915451313206185
25611,LOF,0.017360906395985316,0.08614736194343875,0.8964917316605758
25612,LOF,0.07201115555839234,0.10065071531994216,0.8273381291216655
25613,LOF,0.05893017738882369,0.10984927497417987,0.8312205476369964
25614,LOF,0.028262689274667806,0.08680164226268887,0.8849356684626434
25615,LOF,0.06982646835890846,0.07836409985967065,0.851809431781421
25616,LOF,0.07812476958106547,0.09591874360428407,0.8259564868146506
25617,LOF,0.06208432624557117,0.10714405768336635,0.8307716160710625
25618,LOF,0.06412114518811701,0.1902731407558915,0.7456057140559915
25619,LOF,0.01610064996852946,0.1446961040552169,0.8392032459762535
25620,LOF,0.05733814454357237,0.10456238925821616,0.8380994661982115
25621,LOF,0.09002745770019951,0.09893239027255196,0.8110401520272484
25622,LOF,0.09623117347248615,0.11332671582324691,0.790442110704267
25623,LOF,0.08411306207507974,0.08711015298671825,0.828776784938202
25624,LOF,0.02590476535699673,0.0803319574880653,0.893763277154938
25625,LOF,0.08025499993664253,0.09835322879509385,0.8213917712682636
25626,LOF,0.06321841327259974,0.09935934734418071,0.8374222393832195
25627,Neutral,0.8726210104941976,0.02684639084501929,0.10053259866078312
25628,LOF,0.18774369025232737,0.0603791662823986,0.751877143465274
25629,LOF,0.061828447203658446,0.0761003544399932,0.8620711983563484
25630,LOF,0.28939535019186946,0.07702005173446015,0.6335845980736704
25631,Neutral,0.5107203228349545,0.05781076443338468,0.4314689127316608
25632,LOF,0.026195225069179283,0.12743639308006352,0.8463683818507572
25633,LOF,0.19342939286403485,0.0746626531501698,0.7319079539857953
25634,LOF,0.04287250460755082,0.10671269145872303,0.8504148039337261
25635,LOF,0.032835574502865505,0.0556238883255087,0.9115405371716258
25636,GOF,0.03760214269208947,0.5454801866120567,0.41691767069585395
25637,GOF,0.03130134740736755,0.5023369069917901,0.46636174560084237
25638,LOF,0.020894191012036184,0.442233757881885,0.5368720511060788
25639,LOF,0.029382313766895096,0.38979263255805763,0.5808250536750473
25640,Neutral,0.7754146865522857,0.1756731416766045,0.048912171771109736
25641,LOF,0.108007981031962,0.44268097642936877,0.4493110425386694
25642,LOF,0.11531696183378373,0.29448812809375174,0.5901949100724645
25643,LOF,0.4294334777167505,0.1370965495033839,0.43346997277986554
25644,GOF,0.008195715936904735,0.7040385148010516,0.28776576926204367
25645,GOF,0.009989546004976979,0.6775155707099225,0.31249488328510056
25646,LOF,0.0181735375387891,0.43833479718673524,0.5434916652744756
25647,LOF,0.008749649882627835,0.3609655661625155,0.6302847839548567
25648,LOF,0.013305506242133924,0.41576722183922465,0.5709272719186413
25649,LOF,0.008505672348716584,0.28779181608710963,0.7037025115641738
25650,GOF,0.03132313966401926,0.6062749974745983,0.3624018628613823
25651,LOF,0.009793030414377707,0.4342379803612286,0.5559689892243938
25652,GOF,0.008304086423479106,0.5300278356956044,0.46166807788091657
25653,GOF,0.029302295096786057,0.7006331694262345,0.2700645354769794
25654,LOF,0.010746458852496098,0.4230706285885195,0.5661829125589845
25655,GOF,0.09217113686095427,0.7228787678946963,0.18495009524434938
25656,LOF,0.19966904292436585,0.10386958779184328,0.6964613692837909
25657,LOF,0.030071609992119098,0.12250932337027283,0.8474190666376081
25658,LOF,0.21509366650396286,0.15329515388217452,0.6316111796138627
25659,LOF,0.3102910188635311,0.24408971458395765,0.4456192665525112
25660,LOF,0.021086498723854846,0.13784596807821534,0.8410675331979299
25661,LOF,0.05979629995664534,0.08817030779273195,0.8520333922506227
25662,LOF,0.023285952710881415,0.05268091600700752,0.9240331312821111
25663,LOF,0.02667105231587585,0.047178241164192766,0.9261507065199314
25664,LOF,0.08957458952436449,0.07395126269844178,0.8364741477771938
25665,LOF,0.04676531993764879,0.040544672560644576,0.9126900075017066
25666,LOF,0.06904108157024244,0.059320830762334985,0.8716380876674227
25667,LOF,0.05082883273005889,0.057927883450085225,0.8912432838198558
25668,LOF,0.024832191796591144,0.07432977272000814,0.9008380354834007
25669,LOF,0.016973633167826865,0.06609638503735651,0.9169299817948167
25670,LOF,0.12130351574625577,0.04951935996218724,0.8291771242915569
25671,LOF,0.07411021051221747,0.049951005445429277,0.8759387840423533
25672,LOF,0.03822004600236531,0.06672384611873776,0.895056107878897
25673,LOF,0.07631828270732184,0.04667027122088884,0.8770114460717893
25674,LOF,0.07541244083169475,0.06351352078477121,0.8610740383835341
25675,LOF,0.06358321925326517,0.07435846366624824,0.8620583170804865
25676,LOF,0.014421426136929795,0.07979468975092249,0.9057838841121477
25677,LOF,0.013617976417173982,0.1056734567361747,0.8807085668466514
25678,LOF,0.17122497182621896,0.1006072901155927,0.7281677380581884
25679,LOF,0.10847422953682133,0.10884307137980798,0.7826826990833706
25680,LOF,0.018046289423537816,0.14772695889135837,0.8342267516851039
25681,LOF,0.029070596444657756,0.136170245881564,0.8347591576737782
25682,LOF,0.09002648552676762,0.09177777612285722,0.8181957383503752
25683,LOF,0.09511939952119068,0.09740914299703424,0.8074714574817751
25684,LOF,0.020462314415837905,0.08759009919074805,0.891947586393414
25685,LOF,0.10183591821833993,0.14686464443889638,0.7512994373427637
25686,LOF,0.056353803149615245,0.29641365830428235,0.6472325385461024
25687,LOF,0.10093344284959319,0.28669293893104036,0.6123736182193664
25688,LOF,0.44187316421885847,0.023661372510270798,0.5344654632708706
25689,LOF,0.2401340369075895,0.029959811590262956,0.7299061515021475
25690,LOF,0.3593301598244439,0.022968225856552362,0.6177016143190036
25691,Neutral,0.7352657714174154,0.022614520377152832,0.24211970820543163
25692,LOF,0.36587651120577835,0.01136555606161271,0.6227579327326088
25693,LOF,0.046511479558411874,0.4596922403994623,0.4937962800421258
25694,LOF,0.09976239574175061,0.02235836492395011,0.8778792393342992
25695,LOF,0.10777516536335364,0.010117910452819418,0.882106924183827
25696,LOF,0.11088589523092272,0.028655849319537657,0.8604582554495396
25697,LOF,0.04406016178294018,0.08755111657681006,0.8683887216402497
25698,LOF,0.2859061703178777,0.15550761150184797,0.5585862181802743
25699,LOF,0.3484870421669163,0.05288004528703067,0.5986329125460531
25700,LOF,0.05150074527892419,0.01255623487372958,0.9359430198473461
25701,LOF,0.1452381358175997,0.051339023183229644,0.8034228409991707
25702,GOF,0.18946334979032242,0.6524226222079725,0.158114028001705
25703,LOF,0.018343021701468898,0.20168907562608898,0.7799679026724422
25704,LOF,0.03310814289986249,0.1587623313089369,0.8081295257912006
25705,LOF,0.030336533217629327,0.10326243417505233,0.8664010326073183
25706,GOF,0.10628099291573037,0.526780015692566,0.36693899139170366
25707,LOF,0.09206900390075476,0.3761425922407435,0.5317884038585018
25708,LOF,0.04160076206506495,0.4280459805664253,0.5303532573685098
25709,LOF,0.06690663624005147,0.06225640085956305,0.8708369629003854
25710,LOF,0.018175866239760488,0.2035627078725878,0.7782614258876518
25711,LOF,0.01864334141404176,0.10968857356334409,0.8716680850226142
25712,LOF,0.016943066833863065,0.25148467585445106,0.7315722573116858
25713,LOF,0.017390192378012405,0.09173793746237159,0.8908718701596161
25714,LOF,0.07034952509086172,0.08370444867121751,0.8459460262379207
25715,LOF,0.01139615323657793,0.15477862461689973,0.8338252221465223
25716,LOF,0.014254662826745302,0.16553657259823515,0.8202087645750195
25717,LOF,0.018756397301599854,0.11521006905629218,0.866033533642108
25718,LOF,0.01074463903932489,0.07209296364098614,0.9171623973196891
25719,LOF,0.02323040772210541,0.1200781046382646,0.85669148763963
25720,LOF,0.027824877298801634,0.06425118003733207,0.9079239426638662
25721,LOF,0.01086824282542714,0.11863718922877568,0.8704945679457972
25722,LOF,0.012862827881552016,0.10080459071774807,0.8863325814006999
25723,LOF,0.02284363683866207,0.06769069926707429,0.9094656638942635
25724,LOF,0.03363743043711964,0.14049444228832508,0.8258681272745553
25725,LOF,0.010709152758781938,0.11931509129744783,0.8699757559437702
25726,LOF,0.01594386309576938,0.16178359042457632,0.8222725464796543
25727,LOF,0.01362330800419719,0.10175663867074662,0.8846200533250561
25728,LOF,0.010427156095678864,0.13607147812234976,0.8535013657819712
25729,LOF,0.010790638135864632,0.13264078127079668,0.8565685805933387
25730,LOF,0.014362121494948815,0.1314493163019718,0.8541885622030795
25731,LOF,0.021495584362207082,0.17392908941154914,0.8045753262262437
25732,LOF,0.014220491299655386,0.06203921636663055,0.9237402923337141
25733,LOF,0.015155998771132682,0.08675780870052405,0.8980861925283432
25734,LOF,0.013939211630799727,0.2036503995822187,0.7824103887869817
25735,LOF,0.010814062957097434,0.0873300668433976,0.901855870199505
25736,LOF,0.011881643794607238,0.08428428260021592,0.9038340736051768
25737,LOF,0.013007048397248963,0.12385512052214921,0.8631378310806018
25738,LOF,0.011952851783034369,0.11713659192310466,0.8709105562938609
25739,LOF,0.018707616489575318,0.10136384944940523,0.8799285340610196
25740,LOF,0.029305716233104306,0.12487585123547114,0.8458184325314246
25741,LOF,0.013884380059390591,0.13401406482139525,0.8521015551192141
25742,LOF,0.1019826544820732,0.09615102889566389,0.8018663166222628
25743,LOF,0.04714402077924732,0.04989670133632233,0.9029592778844304
25744,Neutral,0.6436692757839578,0.19157371384473568,0.16475701037130666
25745,LOF,0.059733176023187236,0.059104924081899456,0.8811618998949133
25746,LOF,0.0376296191630636,0.09226760795475902,0.8701027728821774
25747,LOF,0.018985167271934254,0.12565795448995495,0.8553568782381107
25748,LOF,0.10410247971546525,0.16506085096754042,0.7308366693169944
25749,LOF,0.029159989127588992,0.08312952289321811,0.8877104879791929
25750,LOF,0.0617828572447254,0.0925412702641723,0.8456758724911022
25751,LOF,0.11309773910692875,0.14421243907541584,0.7426898218176554
25752,GOF,0.1286590235286771,0.6858879141390747,0.1854530623322482
25753,LOF,0.03704335656016962,0.42370974706827025,0.5392468963715601
25754,GOF,0.02715878849586492,0.7857770448870449,0.18706416661709
25755,LOF,0.04004068119508739,0.37615981478639765,0.5837995040185149
25756,LOF,0.0785664381530921,0.45894655730614015,0.46248700454076785
25757,GOF,0.023837250892721373,0.8476260450023477,0.12853670410493084
25758,GOF,0.031693487273085276,0.8249544866396005,0.1433520260873143
25759,GOF,0.016984597005465348,0.7177919487152057,0.26522345427932886
25760,LOF,0.02398040876508366,0.4472689486245855,0.5287506426103309
25761,GOF,0.29652545168085936,0.6275842089729161,0.07589033934622444
25762,LOF,0.05915683590387434,0.44083458937029474,0.500008574725831
25763,LOF,0.01899477947314508,0.37441250292255207,0.6065927176043028
25764,GOF,0.07002691239687817,0.7474717959043278,0.18250129169879403
25765,GOF,0.04108139328106599,0.7959952969368216,0.16292330978211247
25766,GOF,0.09212388222056912,0.7706686613901009,0.13720745638932982
25767,GOF,0.10556446316777564,0.5654569603369487,0.32897857649527557
25768,LOF,0.08946789421043143,0.05152633480146344,0.859005770988105
25769,LOF,0.04746144174832974,0.07612752373921648,0.8764110345124538
25770,LOF,0.3714958471105387,0.09939959264628236,0.529104560243179
25771,LOF,0.07098993311749545,0.042490378622282436,0.8865196882602221
25772,LOF,0.017232695168987133,0.05510214394741469,0.9276651608835983
25773,LOF,0.07526558733735657,0.0418513550883424,0.8828830575743011
25774,LOF,0.02557425212506111,0.1485324264733228,0.8258933214016161
25775,LOF,0.08100004239035083,0.03768805679956984,0.8813119008100794
25776,LOF,0.06399796104084941,0.03219038641661909,0.9038116525425316
25777,Neutral,0.5724057668084365,0.09657990820182831,0.3310143249897352
25778,LOF,0.05778027488431555,0.05345427482798941,0.8887654502876952
25779,GOF,0.3902203716024489,0.5432920135680172,0.06648761482953398
25780,GOF,0.33296536170139973,0.5570517251425068,0.1099829131560934
25781,GOF,0.10418900753765512,0.7424335999193978,0.1533773925429471
25782,GOF,0.16637150976383894,0.700413309443639,0.1332151807925221
25783,GOF,0.023583510666568146,0.6577533751026858,0.318663114230746
25784,Neutral,0.523642672899986,0.40623427996386763,0.07012304713614637
25785,Neutral,0.5111554363245108,0.40675040687625375,0.08209415679923548
25786,GOF,0.027153681925018585,0.7024297534774313,0.2704165645975501
25787,Neutral,0.701110149342804,0.24730494933004693,0.05158490132714904
25788,LOF,0.052728075081472814,0.0740060192750804,0.8732659056434469
25789,GOF,0.2028003487954148,0.6463074209469283,0.15089223025765677
25790,GOF,0.2581435201708434,0.5763119773595858,0.16554450246957078
25791,GOF,0.13463289544401347,0.5975868895589836,0.2677802149970029
25792,GOF,0.334584038264622,0.45609259812416547,0.2093233636112126
25793,GOF,0.23747077214192602,0.45275914073339335,0.30977008712468057
25794,GOF,0.3051896436500327,0.4550942869969187,0.23971606935304854
25795,GOF,0.06699753305914104,0.629071242912449,0.30393122402841
25796,Neutral,0.4669372944268335,0.4144871273470147,0.11857557822615178
25797,GOF,0.07348348130797831,0.5201120019590922,0.40640451673292943
25798,GOF,0.01139217566798132,0.5551175752105557,0.4334902491214629
25799,LOF,0.010278427577674307,0.48379237256892443,0.5059291998534013
25800,GOF,0.035527099842532585,0.6159451642371747,0.3485277359202927
25801,GOF,0.21354509051072734,0.6342758847426138,0.15217902474665893
25802,GOF,0.06751725320193895,0.6140746158045243,0.3184081309935369
25803,GOF,0.04711751863280229,0.5446383375467279,0.4082441438204699
25804,GOF,0.04034799934456467,0.4933657316868024,0.46628626896863296
25805,GOF,0.0896083935313385,0.5238766624742991,0.3865149439943625
25806,GOF,0.12310358665114111,0.5660662027903778,0.31083021055848103
25807,GOF,0.020127668479154277,0.5723816024186786,0.40749072910216705
25808,GOF,0.0907004221619061,0.5542227502163051,0.35507682762178877
25809,GOF,0.02039944024886874,0.5471761259103265,0.4324244338408048
25810,GOF,0.020478228525491644,0.5338449299118633,0.44567684156264503
25811,GOF,0.4453533899624448,0.472069475775406,0.08257713426214931
25812,GOF,0.03972398774700924,0.5963403078388647,0.36393570441412604
25813,Neutral,0.5687342616116944,0.285922944247829,0.14534279414047666
25814,GOF,0.11901145282764568,0.5801928713667586,0.30079567580559585
25815,GOF,0.2571626304858245,0.5441565612739201,0.19868080824025547
25816,GOF,0.018692955225013422,0.6325031679204556,0.3488038768545309
25817,GOF,0.18450405334148529,0.6608189105514516,0.15467703610706324
25818,GOF,0.0388059087616219,0.6076777845104698,0.3535163067279083
25819,GOF,0.3469557394646932,0.4600390799094657,0.19300518062584107
25820,GOF,0.17977250824468735,0.585503793592116,0.2347236981631967
25821,GOF,0.05934099826429329,0.6631613139100621,0.27749768782564455
25822,GOF,0.23394474356893483,0.5288329797130291,0.23722227671803608
25823,GOF,0.03578317562492989,0.5231711945989517,0.44104562977611855
25824,GOF,0.09533856330277402,0.5178139869851313,0.3868474497120947
25825,GOF,0.032990184474766746,0.5335876782341382,0.43342213729109497
25826,GOF,0.012450526571547202,0.5247572428639442,0.4627922305645086
25827,GOF,0.02164775510481368,0.5603327748001402,0.41801947009504614
25828,GOF,0.015911987368730666,0.49816217852524486,0.4859258341060246
25829,GOF,0.00908912670696935,0.5482754741271002,0.4426353991659305
25830,LOF,0.034643430692152526,0.23731096768628027,0.7280456016215671
25831,GOF,0.13220451001766587,0.7040144763894762,0.16378101359285796
25832,GOF,0.042148361915235265,0.6757944593754927,0.28205717870927216
25833,GOF,0.12455808340897363,0.6545982260179649,0.2208436905730614
25834,GOF,0.04859679828989921,0.6705063869463121,0.2808968147637887
25835,GOF,0.10765785322944128,0.6060835678319415,0.2862585789386172
25836,GOF,0.0502141480222572,0.6553711142285612,0.29441473774918164
25837,GOF,0.028335221760879718,0.5148112059912904,0.45685357224782985
25838,GOF,0.10460612985413112,0.6675859757384376,0.22780789440743127
25839,GOF,0.2761255370494146,0.5069424259414351,0.21693203700915023
25840,GOF,0.21376634461428526,0.5581020034783786,0.228131651907336
25841,GOF,0.2504291173058848,0.5402233533425623,0.20934752935155282
25842,GOF,0.17151422488629278,0.6026781947877525,0.2258075803259547
25843,GOF,0.2302819950959763,0.6059254433017416,0.16379256160228214
25844,GOF,0.06996710613905151,0.6435188073329996,0.2865140865279488
25845,GOF,0.01753996020892736,0.5246889804533568,0.45777105933771584
25846,GOF,0.0930736303851335,0.6938371648297298,0.21308920478513674
25847,GOF,0.1061530330668976,0.6771807433494732,0.21666622358362922
25848,GOF,0.04775225777349038,0.6369551633184366,0.31529257890807305
25849,GOF,0.01531421279868088,0.5396255873136756,0.4450601998876435
25850,GOF,0.030217122122541257,0.6001618252078839,0.36962105266957496
25851,GOF,0.026904625588201645,0.5102178573211774,0.46287751709062097
25852,GOF,0.1371185105592695,0.5290974309363589,0.33378405850437165
25853,GOF,0.3195657772684933,0.5592281581106021,0.12120606462090464
25854,GOF,0.02329421864448956,0.7108355150832996,0.2658702662722109
25855,GOF,0.04155585916795105,0.62430135452548,0.334142786306569
25856,GOF,0.219795298517893,0.5699891436065513,0.2102155578755557
25857,GOF,0.037640992823005426,0.5678446996612552,0.3945143075157394
25858,GOF,0.019795784178070378,0.6253339531067156,0.3548702627152139
25859,GOF,0.010854443985549661,0.6214566073205862,0.36768894869386415
25860,GOF,0.28806392645114137,0.5860645092111163,0.1258715643377424
25861,GOF,0.2893243284309606,0.5974920993683578,0.11318357220068165
25862,GOF,0.05494583444161303,0.7755628157411318,0.1694913498172551
25863,GOF,0.059970522046178615,0.7760562148360568,0.16397326311776447
25864,GOF,0.1139824680800543,0.7536252574126744,0.13239227450727137
25865,GOF,0.06072622088102114,0.7540062155318068,0.1852675635871721
25866,GOF,0.058849393374988956,0.7894270807663747,0.1517235258586363
25867,GOF,0.06864645631500998,0.7966361765389295,0.13471736714606058
25868,GOF,0.1858193341437872,0.6621832181316895,0.15199744772452337
25869,Neutral,0.646970258648564,0.286542822384654,0.06648691896678212
25870,LOF,0.23232670071754336,0.2454843306342315,0.5221889686482252
25871,GOF,0.16676253344007178,0.6455675785486873,0.18766988801124096
25872,GOF,0.06785697789543978,0.6115120170781023,0.3206310050264578
25873,GOF,0.130680777754805,0.5770299313515365,0.29228929089365857
25874,LOF,0.021804407984850664,0.07688577487267659,0.9013098171424728
25875,LOF,0.053757745123956896,0.17673275716270923,0.769509497713334
25876,LOF,0.023183299255264803,0.09938769488224929,0.877429005862486
25877,LOF,0.38714943851729,0.19997144637914377,0.4128791151035662
25878,LOF,0.13839154804653397,0.2690464756158155,0.5925619763376505
25879,LOF,0.07928898199354577,0.2966393522647467,0.6240716657417076
25880,LOF,0.021738438322112637,0.049911514517346774,0.9283500471605406
25881,LOF,0.20254473467930606,0.14026055320899142,0.6571947121117026
25882,LOF,0.06280673844704342,0.018294639742928637,0.9188986218100279
25883,LOF,0.0830211914765478,0.03204037011616625,0.884938438407286
25884,LOF,0.037566516909932304,0.036758537694813034,0.9256749453952547
25885,LOF,0.0587183678411201,0.020898794757950805,0.9203828374009291
25886,LOF,0.34996267436381634,0.07737411089494933,0.5726632147412343
25887,LOF,0.19987102274251553,0.13642139346555127,0.6637075837919332
25888,LOF,0.07941077521050668,0.07722416048737824,0.8433650643021151
25889,LOF,0.03712399047827731,0.04107968180279324,0.9217963277189295
25890,LOF,0.07352209636137164,0.11693840612411087,0.8095394975145176
25891,LOF,0.0658853878875508,0.06848278527266248,0.8656318268397867
25892,LOF,0.09892668636831692,0.03876197707089266,0.8623113365607904
25893,LOF,0.3345712597435074,0.029713815286662424,0.6357149249698303
25894,LOF,0.18374458610359912,0.010943179230320947,0.8053122346660799
25895,LOF,0.24079002004330877,0.021232232370831508,0.7379777475858597
25896,LOF,0.049406363151365956,0.021050525977669522,0.9295431108709645
25897,LOF,0.25713937951749005,0.03165582319132879,0.7112047972911811
25898,Neutral,0.8012929716095047,0.019538525359918114,0.17916850303057713
25899,LOF,0.22175199817584187,0.05922231513649452,0.7190256866876636
25900,Neutral,0.6339418821324264,0.015797289107017765,0.35026082876055586
25901,LOF,0.045363431424313705,0.014076198804216372,0.94056036977147
25902,LOF,0.18364520393313719,0.01669234784433009,0.7996624482225326
25903,Neutral,0.616421923180751,0.06416016131241717,0.3194179155068319
25904,LOF,0.2705872223379695,0.04307555213291681,0.6863372255291136
25905,LOF,0.03679599982019443,0.3572308690049578,0.6059731311748479
25906,LOF,0.028243997836241992,0.06115115548162698,0.9106048466821309
25907,LOF,0.012467115225987912,0.3717879989884419,0.6157448857855702
25908,LOF,0.014992081721184538,0.22322726199382856,0.7617806562849869
25909,LOF,0.01696161050347178,0.12681184099014592,0.8562265485063824
25910,LOF,0.021676199414961198,0.4466735408326886,0.5316502597523501
25911,LOF,0.06452168745604991,0.05968600430994141,0.8757923082340088
25912,LOF,0.02805935671938509,0.13541920944746794,0.836521433833147
25913,LOF,0.2071653425039514,0.04441704756362544,0.7484176099324232
25914,LOF,0.02113860637371575,0.09549807533572452,0.8833633182905598
25915,Neutral,0.4283355899173574,0.2985186318026212,0.2731457782800214
25916,LOF,0.03353199445607853,0.45399623937383654,0.5124717661700849
25917,LOF,0.04317190352545713,0.05665099291433854,0.9001771035602044
25918,LOF,0.025825981551109642,0.05236544131808683,0.9218085771308036
25919,LOF,0.0229062923185059,0.058813604270259744,0.9182801034112343
25920,GOF,0.10230312588580517,0.545115755272441,0.35258111884175375
25921,LOF,0.030249475558048848,0.02866139655512678,0.9410891278868244
25922,LOF,0.04139871101803203,0.0208040779165276,0.9377972110654403
25923,LOF,0.39054154039186945,0.027816067014155687,0.5816423925939749
25924,LOF,0.040845229185682765,0.02559637239115215,0.9335583984231651
25925,LOF,0.07349086231968333,0.034541329382450935,0.8919678082978658
25926,LOF,0.05344911004502167,0.0230941145714791,0.9234567753834991
25927,LOF,0.07481096031594689,0.05316339537300221,0.872025644311051
25928,LOF,0.023076906757761025,0.02226047066905761,0.9546626225731814
25929,Neutral,0.5377297431054465,0.03508290599869628,0.4271873508958571
25930,LOF,0.06542388602699886,0.020667506540150486,0.9139086074328507
25931,LOF,0.028203511403219295,0.018686003245751714,0.9531104853510289
25932,LOF,0.028104707939384927,0.01905747258976883,0.9528378194708461
25933,LOF,0.036323273365074904,0.012490245218254275,0.951186481416671
25934,LOF,0.025608117685015093,0.018274207102077736,0.9561176752129072
25935,LOF,0.0706703629397915,0.035642103764150626,0.8936875332960578
25936,LOF,0.04176079314885124,0.022532239681936114,0.9357069671692128
25937,LOF,0.03366426052592581,0.023466721480019576,0.9428690179940548
25938,LOF,0.062164210285716504,0.04535738988066178,0.8924783998336216
25939,LOF,0.03976809854431197,0.012842389353810863,0.947389512101877
25940,GOF,0.029513149083805337,0.4915083465134263,0.47897850440276846
25941,LOF,0.180081542290225,0.060007575477581315,0.7599108822321937
25942,LOF,0.016896924162648357,0.02449324570795427,0.9586098301293974
25943,LOF,0.3922690004692099,0.04323122378996519,0.5644997757408249
25944,Neutral,0.49297609875843484,0.02618325740611895,0.4808406438354461
25945,LOF,0.08082315217618312,0.025390681528970355,0.8937861662948465
25946,LOF,0.04109190337094775,0.11764250913116513,0.841265587497887
25947,LOF,0.1745863882872591,0.1881363872943696,0.6372772244183713
25948,LOF,0.45646941042687467,0.013992307889812256,0.5295382816833131
25949,LOF,0.1281581857844849,0.03913114853720448,0.8327106656783106
25950,GOF,0.23161653690145276,0.4267711187260647,0.34161234437248245
25951,LOF,0.25335250589269687,0.10997025111701345,0.6366772429902896
25952,LOF,0.04447173233372366,0.426746865560574,0.5287814021057023
25953,LOF,0.14136361507575396,0.09660344578221944,0.7620329391420266
25954,Neutral,0.4179682392190065,0.2156026849364111,0.36642907584458245
25955,LOF,0.0696599235011748,0.09349682419063111,0.836843252308194
25956,LOF,0.23647028194931824,0.03267962748637104,0.7308500905643107
25957,LOF,0.04766819578179688,0.014960780932116384,0.9373710232860867
25958,LOF,0.06296930760617792,0.02809948751599971,0.9089312048778225
25959,LOF,0.10066026635991976,0.30159812992538904,0.5977416037146912
25960,LOF,0.022358110913942176,0.06187812102166218,0.9157637680643957
25961,LOF,0.05368793842057535,0.04112736793726941,0.9051846936421553
25962,LOF,0.05051645856574789,0.03843982699138625,0.9110437144428659
25963,LOF,0.06169897672451313,0.1502419154790541,0.7880591077964326
25964,LOF,0.035267898063666904,0.15725645459968973,0.8074756473366433
25965,Neutral,0.5468016949265814,0.04644795330986082,0.4067503517635577
25966,GOF,0.29452784209709176,0.4010237168585122,0.30444844104439595
25967,LOF,0.013671266554852995,0.15391008710990356,0.8324186463352434
25968,LOF,0.05803887233368996,0.3803352884882854,0.5616258391780246
25969,LOF,0.026259169490265154,0.06516270545111098,0.9085781250586239
25970,LOF,0.06468718489264731,0.04670164048187639,0.8886111746254762
25971,LOF,0.07521296991272106,0.022797390704529696,0.9019896393827492
25972,LOF,0.07629757846268491,0.025513200724810486,0.8981892208125046
25973,LOF,0.08012508697272465,0.014819799280388252,0.9050551137468871
25974,LOF,0.3041716771984254,0.03617840796720754,0.6596499148343671
25975,LOF,0.04887841744940067,0.03331028928429869,0.9178112932663006
25976,LOF,0.03467451352109704,0.026361156907093987,0.938964329571809
25977,LOF,0.13088491542893949,0.10532605882249708,0.7637890257485634
25978,LOF,0.17252883852826784,0.08961691519557091,0.7378542462761611
25979,LOF,0.16497449180613633,0.07205807281279487,0.7629674353810687
25980,LOF,0.2067029970206194,0.1606261045098615,0.6326708984695191
25981,LOF,0.24535953242980613,0.1496888542366784,0.6049516133335154
25982,LOF,0.4440951329256527,0.08750559999273917,0.4683992670816081
25983,LOF,0.411417577425725,0.07433882378299839,0.5142435987912767
25984,LOF,0.044301644352278284,0.09027797021325644,0.8654203854344653
25985,LOF,0.02272157476410524,0.23993327035539658,0.7373451548804981
25986,LOF,0.02959669788539868,0.2537155203718771,0.7166877817427243
25987,LOF,0.09702712644985587,0.058500189748708145,0.8444726838014359
25988,LOF,0.1047691731693638,0.0648943530597169,0.8303364737709193
25989,LOF,0.023040180289413424,0.09753340558341547,0.8794264141271712
25990,LOF,0.03338284628893675,0.07804382653117349,0.8885733271798898
25991,LOF,0.23458432519774433,0.299598451735893,0.4658172230663626
25992,Neutral,0.405421315094498,0.2140665213256476,0.3805121635798543
25993,LOF,0.03157170600691324,0.07336420399229894,0.8950640900007878
25994,LOF,0.02054897697588745,0.0993819224953603,0.8800691005287523
25995,LOF,0.03494853622721501,0.09052986547410324,0.8745215982986817
25996,GOF,0.23803633337350452,0.4852045443183373,0.276759122308158
25997,GOF,0.11153916187717601,0.4602370148547247,0.4282238232680992
25998,Neutral,0.5300659667256632,0.04343635616630054,0.4264976771080362
25999,LOF,0.08936903879552333,0.126507310644917,0.7841236505595597
26000,LOF,0.081935194996206,0.02548632915843931,0.8925784758453547
26001,LOF,0.17945750902754928,0.043649941267192405,0.7768925497052582
26002,LOF,0.10109569240809288,0.039335644657512166,0.859568662934395
26003,GOF,0.014318762469927105,0.6541953802951563,0.3314858572349165
26004,GOF,0.028980990901791178,0.6634627530994229,0.30755625599878583
26005,GOF,0.01546333093239943,0.49992749375160667,0.484609175315994
26006,Neutral,0.5709889598709579,0.2659270261046629,0.16308401402437922
26007,GOF,0.028501869832053956,0.6257455012311506,0.3457526289367954
26008,GOF,0.024463364189829966,0.573431056093246,0.40210557971692396
26009,GOF,0.039872947502473555,0.6639310868578018,0.2961959656397247
26010,GOF,0.02650851848937505,0.7242927567958306,0.24919872471479435
26011,LOF,0.013403545481510218,0.4530961489609923,0.5335003055574974
26012,GOF,0.027586493426767333,0.5227375281167118,0.4496759784565209
26013,GOF,0.0168423936570914,0.6932981448584029,0.2898594614845057
26014,LOF,0.04729097376439194,0.16070594968229962,0.7920030765533085
26015,LOF,0.23695269022541174,0.007424705493498791,0.7556226042810894
26016,LOF,0.3233080729205938,0.0388411006143765,0.6378508264650297
26017,LOF,0.21247958355305352,0.0679977666365656,0.7195226498103809
26018,LOF,0.09805721189297713,0.026595896453747575,0.8753468916532754
26019,LOF,0.09518697456117055,0.017179041844268418,0.887633983594561
26020,LOF,0.08165918570776987,0.06731243127744058,0.8510283830147896
26021,LOF,0.07381893706560085,0.0819560744615963,0.8442249884728028
26022,LOF,0.014776375512786141,0.03663345449887148,0.9485901699883423
26023,LOF,0.15378922363215922,0.01572273306265809,0.8304880433051827
26024,LOF,0.03432515589884897,0.08394683859123789,0.8817280055099133
26025,LOF,0.17351056164884013,0.049864728548516646,0.7766247098026433
26026,LOF,0.35195739522886577,0.00910131418757671,0.6389412905835575
26027,LOF,0.09858618520615188,0.01146631727326612,0.889947497520582
26028,LOF,0.2468591456880192,0.07131917624022854,0.6818216780717522
26029,LOF,0.11575468310896314,0.15321656425526453,0.7310287526357723
26030,LOF,0.03684192896454693,0.03638073680395478,0.9267773342314984
26031,LOF,0.03932939589849585,0.10677005763842365,0.8539005464630804
26032,LOF,0.09917184833541741,0.02173307462793339,0.8790950770366492
26033,LOF,0.1441777976895487,0.02299651282625466,0.8328256894841966
26034,LOF,0.07026972881546048,0.11148956236491021,0.8182407088196292
26035,LOF,0.04562849183815729,0.08812046540921244,0.8662510427526303
26036,LOF,0.06701096388250527,0.10648265223081524,0.8265063838866796
26037,LOF,0.0388452376034041,0.0859080197245009,0.875246742672095
26038,LOF,0.09634135070684578,0.021477062585715377,0.8821815867074387
26039,LOF,0.0811489013150098,0.09757874363747561,0.8212723550475146
26040,LOF,0.2670617437195814,0.059597427255880554,0.673340829024538
26041,LOF,0.037183119949940245,0.08461592345811896,0.8782009565919408
26042,LOF,0.0383726578767013,0.08387978140236232,0.8777475607209364
26043,LOF,0.09269371762123382,0.030353073966998035,0.876953208411768
26044,LOF,0.040566498088202035,0.040757949748680404,0.9186755521631177
26045,LOF,0.10826109324741208,0.06574287155779959,0.8259960351947884
26046,LOF,0.10238162412036508,0.03261276148265144,0.8650056143969834
26047,LOF,0.13204224247916987,0.040153341759726485,0.8278044157611036
26048,LOF,0.05835517084827592,0.04032288466297742,0.9013219444887467
26049,Neutral,0.9525323255706933,0.006788404168915645,0.04067927026039111
26050,Neutral,0.9314773976834892,0.007160656571181147,0.06136194574532957
26051,GOF,0.0426668804514685,0.5025543069809205,0.45477881256761093
26052,GOF,0.03981142151246179,0.6151167042078272,0.34507187427971103
26053,LOF,0.06170208187138543,0.37277624095338,0.5655216771752346
26054,LOF,0.05707207588088262,0.06757363061125811,0.8753542935078592
26055,LOF,0.06819428192604302,0.05880953699581746,0.8729961810781395
26056,LOF,0.05678412330848592,0.075389245238446,0.8678266314530682
26057,LOF,0.02794568441748892,0.02974317739007396,0.9423111381924371
26058,LOF,0.02756037674977059,0.026265758748115445,0.9461738645021139
26059,LOF,0.3259820858550065,0.0763554999949003,0.5976624141500932
26060,LOF,0.03456539517743436,0.3109666986114842,0.6544679062110815
26061,LOF,0.021240635038919167,0.06059735174273307,0.9181620132183479
26062,LOF,0.015763185458093708,0.06482879473943634,0.91940801980247
26063,LOF,0.023269089796937502,0.030766956278567476,0.9459639539244951
26064,LOF,0.026927616137138417,0.036505498605161696,0.9365668852576998
26065,LOF,0.027616101522226308,0.03258773034595564,0.9397961681318181
26066,LOF,0.021002013595681476,0.03675828375388264,0.9422397026504359
26067,LOF,0.02314625564579746,0.023857805511246406,0.9529959388429562
26068,LOF,0.052462788811046296,0.08082977443763033,0.8667074367513234
26069,LOF,0.4466660918176708,0.07062989926912966,0.48270400891319964
26070,Neutral,0.6570895807680003,0.03098224120044528,0.31192817803155454
26071,LOF,0.022908680585477265,0.04122377323028671,0.9358675461842361
26072,LOF,0.025036585098891926,0.07185422206307204,0.9031091928380359
26073,LOF,0.02489426585431474,0.03157313578491224,0.943532598360773
26074,Neutral,0.8894246848722868,0.01296492442291832,0.09761039070479495
26075,LOF,0.04399356381762006,0.06600510704876165,0.8900013291336183
26076,LOF,0.04270492835146874,0.022401099069124488,0.9348939725794069
26077,LOF,0.011316755872831754,0.07236611414087424,0.9163171299862939
26078,LOF,0.015585042850019411,0.04607500265497063,0.9383399544950101
26079,LOF,0.053002513259341896,0.05715148957350964,0.8898459971671484
26080,LOF,0.053002513259341896,0.05715148957350964,0.8898459971671484
26081,LOF,0.030775152206061092,0.01926034987513651,0.9499644979188026
26082,LOF,0.023450291522898674,0.05960526876126278,0.9169444397158385
26083,LOF,0.13102843863146624,0.035081614066872865,0.833889947301661
26084,LOF,0.026594530452034016,0.04657421454655232,0.9268312550014137
26085,LOF,0.02244349140420349,0.04033984503945478,0.9372166635563418
26086,LOF,0.022682714675532824,0.04348513998639526,0.9338321453380719
26087,LOF,0.02504818588910101,0.030547390309811864,0.9444044238010872
26088,LOF,0.02492286510084899,0.0798656756066634,0.8952114592924876
26089,LOF,0.0467838929875913,0.07067907200698777,0.8825370350054209
26090,LOF,0.04408235800545646,0.061220677279148865,0.8946969647153947
26091,LOF,0.03759173030462876,0.018344597272402664,0.9440636724229686
26092,LOF,0.02842265252634004,0.02604456788159214,0.9455327795920678
26093,LOF,0.039447324355318614,0.01633819862540523,0.9442144770192761
26094,LOF,0.04228636560596295,0.016114057734894736,0.9415995766591424
26095,LOF,0.042506621856463665,0.051006633761859176,0.9064867443816771
26096,LOF,0.020871939601595633,0.043868684084685985,0.9352593763137185
26097,LOF,0.01308594156178273,0.12239190946355481,0.8645221489746624
26098,LOF,0.060787074898983995,0.04326196274384467,0.8959509623571714
26099,LOF,0.024456590987790336,0.0515909849976402,0.9239524240145696
26100,LOF,0.02511377419820676,0.045939529487170755,0.9289466963146225
26101,LOF,0.056098992057507055,0.05041030151073376,0.8934907064317592
26102,LOF,0.02563935034657767,0.033235463545659365,0.941125186107763
26103,Neutral,0.871878113492259,0.057119443063908745,0.07100244344383243
26104,LOF,0.05023139373265044,0.10664842782684161,0.843120178440508
26105,LOF,0.30532704664817945,0.25959139044650603,0.43508156290531463
26106,LOF,0.15605572204497267,0.1387925785942223,0.705151699360805
26107,LOF,0.2882938952953744,0.14331314133986883,0.5683929633647568
26108,LOF,0.19055612613400555,0.1467614973525169,0.6626823765134775
26109,LOF,0.07030488273813792,0.11208207559821463,0.8176130416636473
26110,LOF,0.2938472394550158,0.03055324984346192,0.6755995107015222
26111,LOF,0.45211650706868556,0.03837658346866607,0.5095069094626484
26112,LOF,0.0396579009766845,0.021112435417148658,0.9392296636061669
26113,LOF,0.055337283981377425,0.05413300826125436,0.8905297077573683
26114,LOF,0.022103382141708997,0.025998562106132165,0.9518980557521589
26115,LOF,0.11072226027990945,0.04284484803613529,0.8464328916839552
26116,LOF,0.05482325984684618,0.04864173196855678,0.8965350081845971
26117,LOF,0.3071451988667337,0.111073063582841,0.5817817375504253
26118,LOF,0.044711889725375736,0.05103573910955326,0.904252371165071
26119,LOF,0.025299663905503828,0.0754740069179974,0.8992263291764988
26120,LOF,0.03523919856676802,0.04916379968150883,0.9155970017517231
26121,LOF,0.055614607677565674,0.1082401461806918,0.8361452461417425
26122,LOF,0.06308499766177855,0.05784779140459187,0.8790672109336296
