feature0,prediction,LoGoFunc_Neutral,LoGoFunc_GOF,LoGoFunc_LOF
25546,Neutral,0.632360713075372,0.059601245978131226,0.3080380409464969
25547,Neutral,0.5343761525783023,0.0986745584447111,0.36694928897698653
25548,Neutral,0.5358634708701322,0.08428596449743542,0.3798505646324324
25549,Neutral,0.46835202972109274,0.08164153237031005,0.45000643790859707
25550,LOF,0.3944357194061681,0.09467218059396838,0.5108920999998635
25551,LOF,0.32415535547502927,0.11010774349665141,0.5657369010283193
25552,LOF,0.3036011765759876,0.11512451972446003,0.5812743036995525
25553,Neutral,0.790334595829365,0.051118991711011315,0.15854641245962373
25554,LOF,0.3374059440735243,0.10185338879176507,0.5607406671347106
25555,LOF,0.29295992652402153,0.09932108893743238,0.6077189845385461
25556,Neutral,0.49015638718197707,0.09071105006708255,0.41913256275094046
25557,LOF,0.27995932880548857,0.10625492928890594,0.6137857419056055
25558,LOF,0.33993203341442946,0.1000080585878971,0.5600599079976735
25559,LOF,0.22578207783606452,0.05518624662867854,0.7190316755352569
25560,LOF,0.0938973764087306,0.13749894165360005,0.7686036819376694
25561,LOF,0.09774728562994059,0.20180274665039147,0.7004499677196679
25562,LOF,0.032956105152707346,0.11025932309705003,0.8567845717502426
25563,LOF,0.008909645151413032,0.14696514233986055,0.8441252125087264
25564,LOF,0.0818249561208356,0.09543743689835055,0.8227376069808139
25565,LOF,0.19265557156945878,0.14878712108509012,0.658557307345451
25566,GOF,0.06105689541993941,0.6904807816686143,0.24846232291144635
25567,LOF,0.0493811773940917,0.17309335351517718,0.7775254690907311
25568,LOF,0.06444082521903834,0.09438576946324534,0.8411734053177163
25569,LOF,0.061573750954302495,0.08698343674383462,0.8514428123018628
25570,LOF,0.027583362138833337,0.1306866940198162,0.8417299438413505
25571,LOF,0.02702062990424097,0.1324857858129346,0.8404935842828244
25572,LOF,0.054689499719082595,0.18789148581001322,0.7574190144709041
25573,LOF,0.063924589118157,0.12830791362726832,0.8077674972545746
25574,LOF,0.0728451140521231,0.23650931977861536,0.6906455661692615
25575,LOF,0.025446788287165775,0.15178307141636388,0.8227701402964704
25576,LOF,0.024608969158053856,0.2212503066463794,0.7541407241955668
25577,LOF,0.029357504791460938,0.17593843429310937,0.7947040609154297
25578,LOF,0.32080709425242027,0.10139678097860633,0.5777961247689734
25579,LOF,0.22811054765406388,0.10069110693442787,0.6711983454115082
25580,LOF,0.02449872591120779,0.09626594058121314,0.8792353335075791
25581,LOF,0.04992878116921598,0.09484247536770367,0.8552287434630803
25582,LOF,0.04956412509325545,0.09292557974897514,0.8575102951577694
25583,LOF,0.030274956544163106,0.10658510277620874,0.8631399406796281
25584,Neutral,0.7005366590344133,0.1267998689888942,0.17266347197669243
25585,LOF,0.022243225811813205,0.19655410158234918,0.7812026726058375
25586,LOF,0.020935612912820544,0.11950221290930739,0.8595621741778722
25587,LOF,0.02072704176245987,0.10421711671433131,0.8750558415232089
25588,LOF,0.024847595304212582,0.09760246986861223,0.8775499348271752
25589,Neutral,0.5167442677711361,0.2428055401395991,0.2404501920892647
25590,LOF,0.05197141599483406,0.14323826294978487,0.8047903210553811
25591,LOF,0.08567582692871806,0.08985268252717458,0.8244714905441073
25592,LOF,0.07239568681758765,0.1611288759181705,0.7664754372642419
25593,LOF,0.10973626952165208,0.32050998886036086,0.569753741617987
25594,LOF,0.05603387851379435,0.033755712090260875,0.9102104093959448
25595,LOF,0.0566974612234813,0.022026030870456032,0.9212765079060626
25596,LOF,0.12419326545383744,0.014992765413940023,0.8608139691322226
25597,LOF,0.08824845403480149,0.016258541970801423,0.895493003994397
25598,LOF,0.05262330918252128,0.021533238668912318,0.9258434521485663
25599,LOF,0.02570310303024532,0.3844550288564221,0.5898418681133326
25600,LOF,0.17986763668774672,0.3701157230171849,0.4500166402950682
25601,LOF,0.04582626216024068,0.2898511548366346,0.6643225830031247
25602,LOF,0.027635235930580728,0.07444865203552879,0.8979161120338904
25603,LOF,0.049386616961102414,0.07044464883345168,0.880168734205446
25604,LOF,0.05083236794353736,0.13303776429000255,0.81612986776646
25605,LOF,0.038701045307266965,0.20470952700998643,0.7565894276827466
25606,Neutral,0.45623195508859016,0.2044351030878086,0.3393329418236012
25607,LOF,0.029715483554950125,0.23367322102502264,0.7366112954200273
25608,LOF,0.0389441016102804,0.14007078720190394,0.8209851111878157
25609,GOF,0.16664343820216926,0.5654833966828573,0.26787316511497355
25610,LOF,0.018913312741814223,0.05263631235397094,0.9284503749042149
25611,LOF,0.013702129649869473,0.0549266019115003,0.9313712684386303
25612,LOF,0.049125196463039866,0.05881682622227634,0.8920579773146838
25613,LOF,0.04761819661901349,0.057542196083240765,0.8948396072977457
25614,LOF,0.024677402768755737,0.0473370725231709,0.9279855247080733
25615,LOF,0.0411258072973277,0.05442931948396222,0.90444487321871
25616,LOF,0.05995497090462414,0.05513858250032799,0.8849064465950479
25617,LOF,0.047733466172158706,0.06037638970414483,0.8918901441236964
25618,LOF,0.051885363043859496,0.08153778767756623,0.8665768492785744
25619,LOF,0.014954342061364334,0.06786413679718788,0.9171815211414477
25620,LOF,0.05195073056305678,0.05763863544421108,0.8904106339927322
25621,LOF,0.06622907124606761,0.04488565798732966,0.8888852707666026
25622,LOF,0.08558167500071794,0.05277447023021655,0.8616438547690656
25623,LOF,0.07146058841018248,0.04502059426654407,0.8835188173232733
25624,LOF,0.022616642933160604,0.054206535224064725,0.9231768218427746
25625,LOF,0.06496832246525465,0.0497015310806703,0.885330146454075
25626,LOF,0.05386117325183645,0.04994759808981105,0.8961912286583525
25627,Neutral,0.881767688785825,0.02340594872876627,0.09482636248540884
25628,LOF,0.1693364294792801,0.0680145247328377,0.7626490457878823
25629,LOF,0.06707386613381842,0.061479320477998714,0.8714468133881829
25630,LOF,0.28504241487891824,0.07448404187116664,0.6404735432499151
25631,Neutral,0.5456146909295093,0.05897222863866101,0.3954130804318297
25632,LOF,0.0338548092315767,0.10586627801754997,0.8602789127508733
25633,LOF,0.23634828651395523,0.07695568941941078,0.686696024066634
25634,LOF,0.043887318264426343,0.13325167533707494,0.8228610063984988
25635,LOF,0.03961528115411474,0.06080382153668909,0.8995808973091961
25636,GOF,0.03153735643789171,0.5550798239482219,0.4133828196138864
25637,GOF,0.049764305394533546,0.5422345478174687,0.40800114678799787
25638,LOF,0.025612767355302622,0.47440734550654107,0.4999798871381564
25639,LOF,0.03695403857916023,0.4598849448765596,0.5031610165442801
25640,Neutral,0.8413692664146286,0.09669185153754359,0.06193888204782781
25641,LOF,0.11990376589144033,0.4116276815456406,0.46846855256291914
25642,LOF,0.09126624545384572,0.162421866419474,0.7463118881266803
25643,LOF,0.3383359519294106,0.09872374307984316,0.5629403049907462
25644,GOF,0.009908140466556027,0.6264976441822362,0.36359421535120784
25645,GOF,0.01058909377993465,0.5936261046522796,0.3957848015677858
25646,LOF,0.0255503361212567,0.40775718165479075,0.5666924822239525
25647,LOF,0.010778565838037438,0.3095673774838025,0.6796540566781601
25648,LOF,0.012061846299939774,0.40028520577360455,0.5876529479264557
25649,LOF,0.007983872333099827,0.29948829024504336,0.6925278374218569
25650,GOF,0.023210256841503265,0.6070460021894305,0.36974374096906626
25651,LOF,0.010054028025724818,0.40211171134611917,0.587834260628156
25652,LOF,0.013509835831689314,0.4258122902295907,0.5606778739387199
25653,GOF,0.04110842397589857,0.5761338080609736,0.38275776796312777
25654,LOF,0.011233421545569187,0.27207514381869113,0.7166914346357397
25655,GOF,0.10695456790361213,0.6062124393294591,0.28683299276692875
25656,LOF,0.26020947189466537,0.09187916929315416,0.6479113588121805
25657,LOF,0.03685276133791917,0.10210317083713502,0.8610440678249458
25658,LOF,0.30923758387936834,0.14700025196882002,0.5437621641518117
25659,Neutral,0.5089959492858899,0.12914309983812275,0.36186095087598746
25660,LOF,0.021994608611139072,0.09435501856753568,0.8836503728213253
25661,LOF,0.06704795778821607,0.0638089119036829,0.869143130308101
25662,LOF,0.029969537724466696,0.03738419617512828,0.9326462661004049
25663,LOF,0.032376928911501686,0.035688104864154406,0.9319349662243439
25664,LOF,0.1095795968666965,0.06606324129739612,0.8243571618359073
25665,LOF,0.06370992091470072,0.02942461034140045,0.9068654687438988
25666,LOF,0.07604582267788329,0.05287033128578597,0.8710838460363307
25667,LOF,0.06388603300905528,0.04106980578927078,0.8950441612016741
25668,LOF,0.03121849314627364,0.04996421453163584,0.9188172923220904
25669,LOF,0.023542829420233686,0.04678182822794775,0.9296753423518186
25670,LOF,0.1225814258026087,0.044144049562408826,0.8332745246349825
25671,LOF,0.09381745072520349,0.03766967459632563,0.8685128746784709
25672,LOF,0.0538763918157487,0.043306398267844846,0.9028172099164065
25673,LOF,0.09836014471658752,0.040805299964083046,0.8608345553193294
25674,LOF,0.09931841858365517,0.05285105452618476,0.84783052689016
25675,LOF,0.09428138386095732,0.0686418411930017,0.8370767749460409
25676,LOF,0.017224148071840504,0.057711238237946626,0.9250646136902128
25677,LOF,0.017571016219368907,0.07617476271957536,0.9062542210610558
25678,LOF,0.17280918956842173,0.08849971246511737,0.7386910979664609
25679,LOF,0.10693036586565687,0.08611149528115994,0.8069581388531831
25680,LOF,0.02881356706538011,0.11469578010436705,0.8564906528302528
25681,LOF,0.0446455557588378,0.09973439822375077,0.8556200460174115
25682,LOF,0.11106479581304882,0.06672504587795454,0.8222101583089966
25683,LOF,0.10319825658365497,0.08453475433084583,0.8122669890854992
25684,LOF,0.029245956286686737,0.057266262824344466,0.9134877808889689
25685,LOF,0.1201792801541781,0.09132046304492605,0.7885002568008957
25686,LOF,0.07249677662169537,0.12540173481412162,0.802101488564183
25687,LOF,0.13057288973547676,0.11728912838336206,0.7521379818811611
25688,LOF,0.4159767743372216,0.03615387539913847,0.54786935026364
25689,LOF,0.2752863722261284,0.04871530433862034,0.6759983234352512
25690,LOF,0.3466162158840134,0.031786987750077225,0.6215967963659094
25691,Neutral,0.6966425851721755,0.02993287765097232,0.27342453717685217
25692,LOF,0.347821760305248,0.012552939903834492,0.6396252997909176
25693,GOF,0.04403463647951785,0.48413683685105385,0.47182852666942837
25694,LOF,0.10686575845939716,0.014973793372084878,0.8781604481685179
25695,LOF,0.10072326825572883,0.009946591374137384,0.8893301403701338
25696,LOF,0.11795083789118774,0.009954445829293068,0.8720947162795193
25697,LOF,0.06037800220651087,0.06609351612519043,0.8735284816682988
25698,LOF,0.24815607794191055,0.25762429354919597,0.49421962850889356
25699,LOF,0.44865117504609536,0.031463714012843466,0.5198851109410613
25700,LOF,0.0618669464292807,0.00873222009200806,0.9294008334787114
25701,LOF,0.18224100163954615,0.027221005472632738,0.790537992887821
25702,GOF,0.21083301672158145,0.6240473617107648,0.16511962156765364
25703,LOF,0.01852292100587264,0.1602386372164494,0.8212384417776779
25704,LOF,0.03761446635335211,0.14716034214732865,0.8152251914993193
25705,LOF,0.04737352913208555,0.07364902920988795,0.8789774416580265
25706,GOF,0.11602911851524436,0.4459810353395618,0.43798984614519376
25707,LOF,0.0811900331025721,0.39003136269293653,0.5287786042044913
25708,LOF,0.04087100388858199,0.3738125803145206,0.5853164157968974
25709,LOF,0.07474772119836635,0.0317732491845771,0.8934790296170565
25710,LOF,0.015329215881041866,0.11816957553986784,0.8665012085790902
25711,LOF,0.02212366623445004,0.07120173019778714,0.9066746035677627
25712,LOF,0.018291275492519108,0.16372956398953878,0.8179791605179421
25713,LOF,0.019116317679544845,0.062042727921935034,0.9188409543985201
25714,LOF,0.0809394259864229,0.04654966628282792,0.8725109077307491
25715,LOF,0.011558406218258946,0.09821489365119793,0.8902267001305432
25716,LOF,0.011449156659009899,0.08799634266592166,0.9005545006750685
25717,LOF,0.018184097452962063,0.05578998836075891,0.926025914186279
25718,LOF,0.011534284522952461,0.04392158017415399,0.9445441353028935
25719,LOF,0.02164745161452531,0.05890118378417295,0.9194513646013016
25720,LOF,0.028804203565297993,0.03995429731315666,0.9312414991215454
25721,LOF,0.011591565427875806,0.05824664939524948,0.9301617851768748
25722,LOF,0.013253370119456305,0.048430840240942956,0.9383157896396008
25723,LOF,0.0271300014757469,0.03261357760302123,0.9402564209212319
25724,LOF,0.031694379341467196,0.0638355981416981,0.9044700225168347
25725,LOF,0.011472101574953852,0.060778757903259206,0.927749140521787
25726,LOF,0.01748034613695924,0.0708896094372762,0.9116300444257645
25727,LOF,0.013696832423371419,0.046763527607814645,0.939539639968814
25728,LOF,0.01062047466845612,0.06611616613336195,0.9232633591981819
25729,LOF,0.01089557380452169,0.0655998270583585,0.9235045991371197
25730,LOF,0.014742639141030444,0.06670629048022392,0.9185510703787457
25731,LOF,0.023436898195084613,0.08224272624713809,0.8943203755577772
25732,LOF,0.013624973839790723,0.04443256024326824,0.941942465916941
25733,LOF,0.01443164339677531,0.05349991931295492,0.9320684372902697
25734,LOF,0.012466161098323214,0.10759588734879169,0.8799379515528852
25735,LOF,0.011192774531277113,0.05314109071718258,0.9356661347515403
25736,LOF,0.012708940664132067,0.0601221106605324,0.9271689486753354
25737,LOF,0.012520170490336754,0.0904924322166996,0.8969873972929636
25738,LOF,0.012457521479216062,0.09366961680423586,0.8938728617165481
25739,LOF,0.022382527832628542,0.06257360545435618,0.9150438667130153
25740,LOF,0.030366911388486625,0.10342026907548917,0.8662128195360241
25741,LOF,0.01612932826409576,0.09270290751728129,0.8911677642186229
25742,LOF,0.12919611093651187,0.06302760969736144,0.8077762793661266
25743,LOF,0.04542155447490749,0.061640209733554455,0.892938235791538
25744,Neutral,0.6143903644515276,0.23136895112694447,0.15424068442152783
25745,LOF,0.062365858469139175,0.08451637095482231,0.8531177705760384
25746,LOF,0.04516445403262049,0.1194420988700272,0.8353934470973523
25747,LOF,0.017269666986967046,0.11971358503228231,0.8630167479807506
25748,LOF,0.12049345953991236,0.21511142632564773,0.6643951141344399
25749,LOF,0.02903675905944961,0.10809829700193148,0.8628649439386189
25750,LOF,0.07021987245719495,0.1301595259158758,0.7996206016269293
25751,LOF,0.10212131885063233,0.15540339120463423,0.7424752899447334
25752,GOF,0.11983367202496482,0.6137217483376227,0.26644457963741247
25753,LOF,0.030352744499777623,0.373062351550025,0.5965849039501974
25754,GOF,0.018750533100866648,0.8019322798401884,0.17931718705894495
25755,LOF,0.0316115975217022,0.3656638608848848,0.602724541593413
25756,LOF,0.06692495597260636,0.4284623255848238,0.5046127184425698
25757,GOF,0.021301958566957515,0.8793169404698662,0.09938110096317632
25758,GOF,0.030180224144895285,0.8056841015146374,0.16413567434046727
25759,GOF,0.011247761837792468,0.6640500245134364,0.3247022136487711
25760,LOF,0.019505833882980703,0.372119988566154,0.6083741775508653
25761,GOF,0.279619749246093,0.6362572582436261,0.08412299251028071
25762,LOF,0.05796533287365095,0.33372458852102105,0.6083100786053279
25763,LOF,0.018088889391049957,0.26725387986431554,0.7146572307446346
25764,GOF,0.07271471160755469,0.7027510895958656,0.2245341987965796
25765,GOF,0.03638837997766559,0.7580538634572063,0.20555775656512815
25766,GOF,0.08034645528113739,0.778017540843808,0.14163600387505457
25767,LOF,0.14316746565107885,0.41083675373230777,0.44599578061661344
25768,LOF,0.11487562422102335,0.039615472173734644,0.8455089036052421
25769,LOF,0.05562380709928906,0.06570917647898453,0.8786670164217264
25770,LOF,0.33671389165967774,0.11388040629641748,0.5494057020439048
25771,LOF,0.07095068864374475,0.05174704995332585,0.8773022614029293
25772,LOF,0.01990119479650276,0.05021200399031576,0.9298868012131813
25773,LOF,0.06541465126910322,0.0729554229582664,0.8616299257726303
25774,LOF,0.030064399014776706,0.12967658838183396,0.8402590126033894
25775,LOF,0.07820646889934321,0.05766873755838661,0.8641247935422702
25776,LOF,0.07580813319624202,0.03532495601085033,0.8888669107929076
25777,LOF,0.3637568135514555,0.09280998887369307,0.5434331975748513
25778,LOF,0.0786408136495592,0.04889849231629248,0.8724606940341484
25779,GOF,0.42398935542684607,0.5318806795455467,0.04412996502760722
25780,GOF,0.36234831998316036,0.5521559510828026,0.08549572893403706
25781,GOF,0.11455880462223506,0.7709986189972071,0.11444257638055783
25782,GOF,0.19140026449287675,0.7289325071682404,0.07966722833888272
25783,GOF,0.025631904882854446,0.653954455275242,0.32041363984190346
25784,Neutral,0.5440385394103995,0.41095434456182156,0.04500711602777896
25785,Neutral,0.5414908157211156,0.3961277552375211,0.06238142904136347
25786,GOF,0.03926478142340272,0.7044040006526928,0.25633121792390445
25787,Neutral,0.7062992111442579,0.25650090795894986,0.03719988089679227
25788,LOF,0.05418954206294444,0.06657281438339314,0.8792376435536623
25789,GOF,0.20486146719215761,0.6444641353057757,0.15067439750206665
25790,GOF,0.2667298336595857,0.6257251883577547,0.1075449779826596
25791,GOF,0.14431262327648772,0.6409220784207221,0.2147652983027901
25792,GOF,0.3659242977207365,0.4801759308403776,0.15389977143888597
25793,GOF,0.31505176696042625,0.4202780780912929,0.2646701549482808
25794,GOF,0.31806009314228245,0.4494910703094865,0.23244883654823106
25795,GOF,0.0635760823540796,0.6463666260784429,0.2900572915674775
25796,Neutral,0.54594521283359,0.3712973005126828,0.08275748665372731
25797,GOF,0.08669902449103577,0.5052063564688873,0.40809461904007693
25798,GOF,0.011357575814701289,0.5029860923395083,0.48565633184579043
25799,LOF,0.008775957100003689,0.41959035583705745,0.5716336870629388
25800,GOF,0.043765003482597604,0.5914316740483523,0.36480332246905023
25801,GOF,0.2667379796844979,0.6226573183221119,0.11060470199339023
25802,GOF,0.08722254617799574,0.6317544293382419,0.2810230244837623
25803,GOF,0.05263788060288273,0.5361689177625417,0.41119320163457557
25804,LOF,0.042465822264438825,0.45649332799251935,0.5010408497430419
25805,GOF,0.13910010790692715,0.5465143110646425,0.3143855810284303
25806,GOF,0.1538240559128805,0.5614954764817728,0.2846804676053466
25807,GOF,0.020628852988646033,0.6044943077872059,0.3748768392241481
25808,GOF,0.12367376781443333,0.529609064723362,0.34671716746220477
25809,GOF,0.02126168796181045,0.6131961115554729,0.3655422004827166
25810,GOF,0.02242763789079211,0.6143379991738197,0.36323436293538813
25811,Neutral,0.506060111791379,0.4232393253648421,0.07070056284377899
25812,GOF,0.03805985065252341,0.5715478112350512,0.39039233811242546
25813,Neutral,0.5863696947392653,0.2801984448903876,0.13343186037034716
25814,GOF,0.1397990458145155,0.5992647591216516,0.2609361950638331
25815,GOF,0.264419162170038,0.5172322083750137,0.2183486294549482
25816,GOF,0.020653991889200328,0.6697904633744467,0.30955554473635294
25817,GOF,0.2054781200525479,0.6416762155201885,0.15284566442726363
25818,GOF,0.045827978735801564,0.510316139226335,0.4438558820378634
25819,GOF,0.3818150912846636,0.43294309585636137,0.18524181285897515
25820,GOF,0.19471775038467687,0.5635292440142786,0.2417530056010446
25821,GOF,0.05812696805268303,0.640764702605094,0.3011083293422229
25822,GOF,0.24454042540180262,0.4726404481275885,0.2828191264706091
25823,LOF,0.029263157431071492,0.4241715084958168,0.5465653340731117
25824,LOF,0.07910904710056808,0.45357464096178024,0.4673163119376517
25825,LOF,0.030194575731707758,0.4640183157445325,0.5057871085237597
25826,LOF,0.010802269812572877,0.45063269082658197,0.5385650393608452
25827,GOF,0.020191332725313267,0.532764984391607,0.44704368288307955
25828,LOF,0.012784451497289245,0.4644447189775704,0.5227708295251403
25829,GOF,0.006266508889629491,0.5159444968547343,0.47778899425563626
25830,LOF,0.04240817101900691,0.24588801762779622,0.7117038113531969
25831,GOF,0.15813840592838713,0.6840433935968832,0.15781820047472975
25832,GOF,0.03779478613011406,0.6380925474862355,0.32411266638365055
25833,GOF,0.13035377310251953,0.6298484419111766,0.2397977849863038
25834,GOF,0.04089603870269573,0.6340575628560804,0.3250463984412239
25835,GOF,0.10618513533150108,0.5907883409575825,0.3030265237109165
25836,GOF,0.05340967942487563,0.5951132872995294,0.35147703327559493
25837,LOF,0.024936159755267,0.4837017083034958,0.4913621319412371
25838,GOF,0.09672607371286658,0.6717426372312835,0.23153128905585
25839,GOF,0.3394564337377214,0.4704763289894507,0.19006723727282787
25840,GOF,0.22975905910907599,0.531000934554128,0.23924000633679596
25841,GOF,0.25374440021656036,0.5116293942332661,0.23462620555017352
25842,GOF,0.18596055593273364,0.5920618163941677,0.22197762767309878
25843,GOF,0.24061096555463282,0.5967424114647343,0.16264662298063287
25844,GOF,0.05692251974046057,0.5886649057457921,0.3544125745137474
25845,LOF,0.01325609085640849,0.4449836760723583,0.5417602330712333
25846,GOF,0.09725989759673775,0.6745937855780395,0.22814631682522277
25847,GOF,0.13680783373796943,0.6791695152669089,0.1840226509951217
25848,GOF,0.03501024684916131,0.6260102095016157,0.33897954364922295
25849,GOF,0.010025897120560352,0.5232466151716746,0.46672748770776507
25850,GOF,0.025923833914505746,0.5367299559759318,0.43734621010956254
25851,LOF,0.021155908321405004,0.4582984796552329,0.5205456120233621
25852,GOF,0.14015577308605986,0.5462005866339331,0.3136436402800069
25853,GOF,0.35947490069151306,0.5469928463720973,0.09353225293638967
25854,GOF,0.017691372554698635,0.6505255787009981,0.33178304874430337
25855,GOF,0.03945538117849083,0.5799011094159615,0.38064350940554775
25856,GOF,0.2609192207842582,0.5256149084032484,0.21346587081249332
25857,GOF,0.03548964312216573,0.4965529526738825,0.46795740420395177
25858,GOF,0.019212411027700448,0.5584137486966712,0.4223738402756284
25859,GOF,0.009665621783383595,0.5423049417050486,0.4480294365115677
25860,GOF,0.3852388105925844,0.5096606454981721,0.10510054390924344
25861,GOF,0.38963285612285786,0.5176582172385469,0.09270892663859524
25862,GOF,0.09689312010744125,0.7452288273185032,0.15787805257405563
25863,GOF,0.1025438099493127,0.7461148190806526,0.15134137097003475
25864,GOF,0.19354582240111146,0.7095879814975496,0.09686619610133898
25865,GOF,0.0799684282819644,0.7579818800875419,0.1620496916304939
25866,GOF,0.065264773387982,0.7776716784711833,0.15706354814083473
25867,GOF,0.08787092128055313,0.77302293477359,0.13910614394585682
25868,GOF,0.2827121396449845,0.5776190057837811,0.13966885457123443
25869,Neutral,0.7170036339374174,0.23294023290533122,0.050056133157251465
25870,LOF,0.28914933115180363,0.22651348413641867,0.4843371847117777
25871,GOF,0.2629249599474594,0.5783292504714185,0.15874578958112212
25872,GOF,0.10422646778454057,0.566664203084129,0.32910932913133034
25873,GOF,0.18301917943785856,0.558425595179259,0.2585552253828824
25874,LOF,0.021809083855620044,0.07144662731169453,0.9067442888326854
25875,LOF,0.07920288229866636,0.06163057819802913,0.8591665395033046
25876,LOF,0.020716868089180218,0.0709757980464684,0.9083073338643515
25877,Neutral,0.4708665407508749,0.061028483312336894,0.4681049759367883
25878,LOF,0.20636594423691695,0.10917713550390462,0.6844569202591784
25879,LOF,0.09184918393731585,0.13701432099848468,0.7711364950641996
25880,LOF,0.022515399488055306,0.025886157821478135,0.9515984426904667
25881,LOF,0.23022959896313921,0.20224448486910904,0.5675259161677517
25882,LOF,0.09061018826562402,0.024476543582053558,0.8849132681523223
25883,LOF,0.0886459917880236,0.034649225968482696,0.8767047822434937
25884,LOF,0.04850003415786044,0.04086847214995989,0.9106314936921797
25885,LOF,0.07702172057802867,0.015617655978751125,0.9073606234432202
25886,LOF,0.3895489000652212,0.07599700320082857,0.5344540967339503
25887,LOF,0.2107679730837141,0.11572596002989652,0.6735060668863895
25888,LOF,0.07467952572881445,0.10547935369241054,0.8198411205787751
25889,LOF,0.04892014943648817,0.034848518073313184,0.9162313324901986
25890,LOF,0.05536950741956078,0.1657483652453528,0.7788821273350864
25891,LOF,0.043739283925620216,0.08828312668961243,0.8679775893847674
25892,LOF,0.10555440603256372,0.01856824765395899,0.8758773463134772
25893,LOF,0.2781569309841485,0.011999044041822702,0.7098440249740289
25894,LOF,0.1671261542187573,0.006723227979016843,0.8261506178022258
25895,LOF,0.19989760301529266,0.015907841999948852,0.7841945549847585
25896,LOF,0.04496853012488232,0.01582361343465466,0.939207856440463
25897,LOF,0.23514486645817842,0.012295946779716705,0.7525591867621049
25898,Neutral,0.7279571369095174,0.007950813593294121,0.26409204949718845
25899,LOF,0.26323845977481913,0.029231972806970808,0.70752956741821
25900,LOF,0.46924431696656416,0.013475749743581945,0.5172799332898539
25901,LOF,0.051187689992544756,0.010245642263537146,0.9385666677439181
25902,LOF,0.19508167376120852,0.008059970698016951,0.7968583555407747
25903,Neutral,0.58712709856531,0.022537224284043353,0.39033567715064654
25904,LOF,0.2567379426698564,0.030158480975767215,0.7131035763543765
25905,LOF,0.023802375402556232,0.3272318137883138,0.64896581080913
25906,LOF,0.02697565690980954,0.06192093753265545,0.9111034055575351
25907,LOF,0.013172656863160836,0.3086791604784058,0.6781481826584334
25908,LOF,0.01145511467621984,0.21669247008564285,0.7718524152381373
25909,LOF,0.013627718900858956,0.15152164987770073,0.8348506312214402
25910,LOF,0.060177447765451295,0.12625342332767403,0.8135691289068747
25911,LOF,0.1123760375642782,0.04939981485331199,0.8382241475824097
25912,LOF,0.0316899844239108,0.09253975043627168,0.8757702651398176
25913,LOF,0.24576959305061072,0.031124624817498715,0.7231057821318906
25914,LOF,0.027803245484108962,0.12140244246186188,0.8507943120540291
25915,Neutral,0.45035800687964517,0.19261184044237759,0.3570301526779771
25916,LOF,0.06437040980432596,0.21684746448071268,0.7187821257149615
25917,LOF,0.06915329522092553,0.05456930100973572,0.8762774037693387
25918,LOF,0.032180376949248704,0.07117112821012037,0.8966484948406309
25919,LOF,0.028249915913064867,0.0743998555256588,0.8973502285612763
25920,GOF,0.09680530656193918,0.5198580781178331,0.3833366153202276
25921,LOF,0.036145380029669036,0.03182504085741044,0.9320295791129205
25922,LOF,0.04396448971649425,0.021514528435720753,0.934520981847785
25923,LOF,0.41467113625413243,0.021126529659068582,0.564202334086799
25924,LOF,0.0418212494011591,0.03054998273727914,0.9276287678615618
25925,LOF,0.07310567852250974,0.0318293021115192,0.895065019365971
25926,LOF,0.052813621061699394,0.020948870353756987,0.9262375085845436
25927,LOF,0.07617868124308248,0.056498881126553935,0.8673224376303634
25928,LOF,0.02604590393756205,0.026697902778005923,0.9472561932844321
25929,Neutral,0.5486441004954993,0.02435890204299694,0.42699699746150377
25930,LOF,0.06466604626947488,0.017351676888427422,0.9179822768420977
25931,LOF,0.035526237689675784,0.020342748963545515,0.9441310133467788
25932,LOF,0.031188927560651197,0.017141569359786023,0.9516695030795629
25933,LOF,0.0410271983469916,0.011944906949243028,0.9470278947037654
25934,LOF,0.027051172882922817,0.013996753852315703,0.9589520732647615
25935,LOF,0.06836206244964847,0.03140209419438563,0.900235843355966
25936,LOF,0.049844920678263856,0.018472893988333135,0.931682185333403
25937,LOF,0.03611278608778752,0.025524202725392107,0.9383630111868204
25938,LOF,0.0689070148045692,0.03577126291583667,0.8953217222795943
25939,LOF,0.044361961149526404,0.012708455252228551,0.942929583598245
25940,LOF,0.023157509510010943,0.3991214391959984,0.5777210512939907
25941,LOF,0.14685513917504145,0.09014367527554051,0.7630011855494181
25942,LOF,0.014754164270391132,0.035932856715035474,0.9493129790145733
25943,LOF,0.3180818537298466,0.07839819519124898,0.6035199510789044
25944,Neutral,0.49391380530830853,0.043467613014174476,0.46261858167751707
25945,LOF,0.06539397916125722,0.025716490335913438,0.9088895305028294
25946,LOF,0.03959371761344609,0.13439644729162364,0.8260098350949303
25947,LOF,0.10295173630780063,0.18856698874724256,0.7084812749449568
25948,LOF,0.4005042805821447,0.013836760567487992,0.5856589588503672
25949,LOF,0.09041590860576873,0.06792070706999138,0.8416633843242398
25950,GOF,0.2346770920072779,0.46429702034313675,0.30102588764958527
25951,LOF,0.3018137079357732,0.23157272826853556,0.46661356379569124
25952,GOF,0.05575405678851272,0.5138289279008011,0.43041701531068616
25953,LOF,0.1461130466960593,0.12571339057558575,0.728173562728355
25954,LOF,0.34002484750407064,0.27789157510780954,0.3820835773881198
25955,LOF,0.059135365137716035,0.09580718731790126,0.8450574475443828
25956,LOF,0.19392815247234213,0.05858494128432032,0.7474869062433376
25957,LOF,0.052735902775044384,0.025199386821279375,0.9220647104036762
25958,LOF,0.06045696373447241,0.031790042714393875,0.9077529935511337
25959,LOF,0.05624453652558975,0.3630544690635595,0.5807009944108508
25960,LOF,0.0201672641522609,0.057011724048198084,0.9228210117995411
25961,LOF,0.04854562361765104,0.04315245265945932,0.9083019237228895
25962,LOF,0.06853870033981867,0.03611137720108731,0.895349922459094
25963,LOF,0.053327479521734375,0.18893378885542148,0.7577387316228441
25964,LOF,0.04064499182328986,0.16724672349729056,0.7921082846794196
25965,LOF,0.4350381371248994,0.08654770611591327,0.47841415675918714
25966,Neutral,0.38054671824539016,0.318176383833287,0.3012768979213229
25967,LOF,0.015290205114674448,0.106723200924158,0.8779865939611676
25968,LOF,0.038650092762702565,0.44618683193766145,0.5151630752996361
25969,LOF,0.02081658874976232,0.05942971727627888,0.9197536939739588
25970,LOF,0.06267748036740686,0.06247762340892976,0.8748448962236633
25971,LOF,0.07982060323084213,0.023416450793473723,0.8967629459756841
25972,LOF,0.08012769089164355,0.03430735180118827,0.8855649573071681
25973,LOF,0.0800038750696682,0.01098811294771876,0.909008011982613
25974,LOF,0.24580868379752302,0.01907914086472508,0.7351121753377519
25975,LOF,0.05298078983600177,0.02916012279606021,0.9178590873679381
25976,LOF,0.03741310452364684,0.023774761025674232,0.938812134450679
25977,LOF,0.13427061822665348,0.11324728679621028,0.7524820949771361
25978,LOF,0.12153447240699014,0.1324099615211661,0.7460555660718438
25979,LOF,0.12013924181555344,0.11478332707509907,0.7650774311093473
25980,LOF,0.15533425560105202,0.17898039254987097,0.6656853518490771
25981,LOF,0.18839845557041826,0.17251635532935009,0.6390851891002317
25982,LOF,0.3723281899772513,0.10661939300815042,0.5210524170145983
25983,LOF,0.36430168497290927,0.10083937924272633,0.5348589357843644
25984,LOF,0.06099193516540186,0.10273067072965889,0.8362773941049393
25985,LOF,0.020063706554741583,0.3466138278142208,0.6333224656310376
25986,LOF,0.02741671472533636,0.3485278569226869,0.6240554283519767
25987,LOF,0.09735607397513037,0.12673884121184606,0.7759050848130234
25988,LOF,0.12302901299728942,0.10435119504646709,0.7726197919562434
25989,LOF,0.0260750724066997,0.18326891566875822,0.790656011924542
25990,LOF,0.03822088783067396,0.14864310112888904,0.813136011040437
25991,GOF,0.12216725218152592,0.4678093626647599,0.4100233851537141
25992,LOF,0.30409947671949006,0.3073110367596246,0.3885894865208854
25993,LOF,0.022695840409075352,0.12153976909846959,0.855764390492455
25994,LOF,0.015589245063132653,0.14106679336409003,0.8433439615727772
25995,LOF,0.025128202671712487,0.1836520891542652,0.7912197081740224
25996,GOF,0.18103978285771266,0.6289715986139163,0.18998861852837118
25997,GOF,0.06428804883744973,0.5973605213806615,0.33835142978188865
25998,Neutral,0.5711494622638689,0.02513175780283794,0.40371877993329325
25999,LOF,0.1451934498542878,0.1476379187709586,0.7071686313747536
26000,LOF,0.11015182305484314,0.028140174450284546,0.8617080024948724
26001,LOF,0.1876947624270356,0.02990386150544057,0.7824013760675239
26002,LOF,0.15328530187823433,0.03299406942025419,0.8137206287015114
26003,GOF,0.010048082303835878,0.6928380120057029,0.2971139056904612
26004,GOF,0.023919856680413038,0.7356906711630565,0.24038947215653042
26005,GOF,0.00968797373694441,0.5902961930785886,0.400015833184467
26006,Neutral,0.5230803977029417,0.31851514331601466,0.1584044589810436
26007,GOF,0.01818101466997284,0.6330870160722661,0.34873196925776107
26008,GOF,0.024241466702129913,0.6506184752225643,0.3251400580753059
26009,GOF,0.027519120936023805,0.6928728796517397,0.2796079994122365
26010,GOF,0.022278800620512,0.7762929985047863,0.20142820087470184
26011,GOF,0.009266183471923763,0.5491581377056004,0.4415756788224758
26012,GOF,0.021355404344702764,0.6353854109802688,0.3432591846750283
26013,GOF,0.01801974101185649,0.732224862109671,0.2497553968784724
26014,LOF,0.03705641674247344,0.2374166882879459,0.7255268949695806
26015,LOF,0.16025897739664852,0.009173847443300215,0.8305671751600514
26016,LOF,0.24423529874619102,0.03999537815649601,0.715769323097313
26017,LOF,0.1839735331202009,0.07511252411595579,0.7409139427638434
26018,LOF,0.07629651552184705,0.026057571750140708,0.8976459127280123
26019,LOF,0.0762490596806949,0.020473902896424485,0.9032770374228807
26020,LOF,0.05746316031714296,0.0967477983032315,0.8457890413796255
26021,LOF,0.05318168855359801,0.11849482681104719,0.8283234846353548
26022,LOF,0.010219864124220062,0.057568838767267844,0.9322112971085121
26023,LOF,0.10012307790993978,0.018441581530647545,0.8814353405594127
26024,LOF,0.02961616828663757,0.10368951647430767,0.8666943152390547
26025,LOF,0.13638597483926923,0.08785266195179459,0.7757613632089362
26026,LOF,0.3254986192860127,0.014839281744702185,0.6596620989692852
26027,LOF,0.07564206765931483,0.014049071273483439,0.9103088610672017
26028,LOF,0.17032828191675378,0.09580768165647605,0.7338640364267702
26029,LOF,0.0968684649499142,0.16803701227186482,0.735094522778221
26030,LOF,0.03208599921637862,0.07989293477901749,0.888021066004604
26031,LOF,0.04267243107399892,0.1393075105885352,0.8180200583374658
26032,LOF,0.08232524850404394,0.07248271189834866,0.8451920395976074
26033,LOF,0.1320702709749043,0.07848258958549396,0.7894471394396018
26034,LOF,0.05752626741657731,0.14134965107861183,0.801124081504811
26035,LOF,0.03905766611180797,0.12070098519201848,0.8402413486961735
26036,LOF,0.055790836358558187,0.1470718567929618,0.7971373068484799
26037,LOF,0.0336532055701983,0.10423870134004914,0.8621080930897526
26038,LOF,0.07793273411383043,0.06491763571232663,0.8571496301738429
26039,LOF,0.07811728168628633,0.12699173808792333,0.7948909802257904
26040,LOF,0.22770807667683315,0.10478580569617232,0.6675061176269944
26041,LOF,0.03292312524096379,0.1025187590804144,0.8645581156786218
26042,LOF,0.03281350336275387,0.10071958576166684,0.8664669108755793
26043,LOF,0.07534918581165403,0.08203771260864136,0.8426131015797046
26044,LOF,0.028836130424629212,0.09315772588573455,0.8780061436896363
26045,LOF,0.09360632140558514,0.09336788170659374,0.8130257968878212
26046,LOF,0.07930517178325251,0.08608265702723038,0.8346121711895171
26047,LOF,0.11033841357851894,0.09848196017567361,0.7911796262458074
26048,LOF,0.05501256109726902,0.06981995986103001,0.8751674790417009
26049,Neutral,0.9523383532850067,0.010295802650555231,0.03736584406443806
26050,Neutral,0.9350033170578561,0.011933140123003321,0.05306354281914049
26051,GOF,0.054188954651866676,0.47557417400652896,0.4702368713416045
26052,GOF,0.0715970634231861,0.4981930440345942,0.4302098925422196
26053,LOF,0.06968378077889485,0.20304146328540024,0.727274755935705
26054,LOF,0.05650483848582909,0.045973210297111905,0.897521951217059
26055,LOF,0.0723001310129174,0.0338079744068745,0.8938918945802082
26056,LOF,0.06457867102779412,0.04018917213529272,0.8952321568369133
26057,LOF,0.033620421153490884,0.01896113482458262,0.9474184440219265
26058,LOF,0.034318808473352995,0.016898279608881277,0.9487829119177658
26059,LOF,0.277011723549657,0.05075803470030224,0.6722302417500408
26060,LOF,0.025921723310998828,0.3196387079460712,0.65443956874293
26061,LOF,0.019921565055518346,0.025517394645484064,0.9545610402989976
26062,LOF,0.012731215916587373,0.03915035267994216,0.9481184314034705
26063,LOF,0.023135126319481218,0.018453344910651977,0.9584115287698667
26064,LOF,0.025955526239690177,0.024049878612183204,0.9499945951481266
26065,LOF,0.02712648412011288,0.02199061448707644,0.9508829013928107
26066,LOF,0.021641927172168816,0.02116411378813397,0.9571939590396972
26067,LOF,0.027303171421939065,0.016535464924376003,0.956161363653685
26068,LOF,0.05034706735919234,0.05480844029120004,0.8948444923496076
26069,LOF,0.27877176080079075,0.04040986983976295,0.6808183693594463
26070,LOF,0.3860824244297124,0.026952595141194666,0.586964980429093
26071,LOF,0.023266348325529138,0.02364675434640179,0.953086897328069
26072,LOF,0.023800481315735443,0.03313557970118695,0.9430639389830776
26073,LOF,0.02396906382002312,0.019215297063747236,0.9568156391162296
26074,Neutral,0.9289338206723495,0.007851907769543259,0.06321427155810719
26075,LOF,0.046527227658757685,0.03163457948434656,0.9218381928568958
26076,LOF,0.04439073830815259,0.016150874926094842,0.9394583867657524
26077,LOF,0.009604165852661667,0.040719637731946326,0.949676196415392
26078,LOF,0.015219927473785115,0.02236326121146568,0.9624168113147491
26079,LOF,0.05369971178920016,0.03351939743928059,0.9127808907715191
26080,LOF,0.05368211163359088,0.033535357598367704,0.9127825307680414
26081,LOF,0.03923675614865815,0.013057083716736308,0.9477061601346056
26082,LOF,0.020194245810831093,0.033139960029482524,0.9466657941596864
26083,LOF,0.1478394520993408,0.021653556010075264,0.830506991890584
26084,LOF,0.026910911501501187,0.029381028476806872,0.943708060021692
26085,LOF,0.02361452179628161,0.027111405453761374,0.9492740727499569
26086,LOF,0.023185742880870414,0.022895415708525872,0.9539188414106038
26087,LOF,0.025414421582334024,0.016810339267635793,0.9577752391500303
26088,LOF,0.0203370254095922,0.03920077941738599,0.9404621951730218
26089,LOF,0.04775677989582125,0.039915635207163964,0.9123275848970149
26090,LOF,0.046219785396759146,0.03262196509604159,0.9211582495071994
26091,LOF,0.04269077342416707,0.011518697272270843,0.9457905293035621
26092,LOF,0.030166954696709356,0.017157317823501196,0.9526757274797895
26093,LOF,0.042662955795510896,0.011823802005850538,0.9455132421986385
26094,LOF,0.05020855279739818,0.010392661918359027,0.9393987852842427
26095,LOF,0.05556910793580559,0.02805341937397265,0.9163774726902219
26096,LOF,0.01853137957517334,0.022571611980547385,0.9588970084442794
26097,LOF,0.01137776085965042,0.08273366427687968,0.9058885748634699
26098,LOF,0.06868789325951362,0.02851671968213903,0.9027953870583474
26099,LOF,0.026350681514472233,0.027684793920939005,0.9459645245645888
26100,LOF,0.028301062346324568,0.02622381725011372,0.9454751204035617
26101,LOF,0.060514903383954835,0.023221084311892497,0.9162640123041528
26102,LOF,0.028286155508178833,0.02091504647400216,0.9507987980178189
26103,Neutral,0.8912593266716912,0.034131558313970384,0.07460911501433844
26104,LOF,0.06997864774367307,0.05154016492005416,0.8784811873362727
26105,LOF,0.1845639881763085,0.2969820546186308,0.5184539572050607
26106,LOF,0.16765829116576875,0.17126986992929039,0.6610718389049408
26107,LOF,0.22433865069907932,0.1327752882324063,0.6428860610685143
26108,LOF,0.23773130746971624,0.16011035226382944,0.6021583402664543
26109,LOF,0.05909634876562697,0.14020598624170458,0.8006976649926685
26110,LOF,0.23058432304738588,0.00888044716516004,0.760535229787454
26111,LOF,0.44356217508678,0.017732780416525477,0.5387050444966945
26112,LOF,0.03681295334364739,0.010591504288359676,0.952595542367993
26113,LOF,0.05182625317045362,0.016688372535984205,0.931485374293562
26114,LOF,0.018987202484602533,0.02693166587174058,0.9540811316436569
26115,LOF,0.0818134852455202,0.04441045472252471,0.873776060031955
26116,LOF,0.04713198953360677,0.053163646270432074,0.8997043641959611
26117,LOF,0.354473839678821,0.06285826478885757,0.5826678955323213
26118,LOF,0.03862499462972615,0.0386634562109543,0.9227115491593196
26119,LOF,0.02486649083030396,0.051226797756568576,0.9239067114131275
26120,LOF,0.03104722940033166,0.026801868622834256,0.9421509019768342
26121,LOF,0.06971498631681741,0.10917779144875353,0.8211072222344291
26122,LOF,0.06409733513445016,0.044656523707442636,0.8912461411581073
