feature0,prediction,LoGoFunc_Neutral,LoGoFunc_GOF,LoGoFunc_LOF
25546,Neutral,0.6689032211876044,0.053773458453737544,0.27732332035865803
25547,Neutral,0.5129856614812764,0.0959413935632832,0.3910729449554403
25548,Neutral,0.5130340338397961,0.08134164452915346,0.4056243216310505
25549,LOF,0.4317225836387689,0.08524439307202819,0.483033023289203
25550,LOF,0.35739221437715646,0.12225381175197633,0.5203539738708672
25551,LOF,0.3142405565035581,0.1330361945247632,0.5527232489716788
25552,LOF,0.24870316810433254,0.12659127872737477,0.6247055531682928
25553,Neutral,0.8139925514907851,0.043325384391680696,0.14268206411753415
25554,LOF,0.2937852585213172,0.11823649145983371,0.5879782500188492
25555,LOF,0.2459167698494914,0.1112340954440846,0.642849134706424
25556,LOF,0.44497978728782334,0.09760438340094142,0.4574158293112352
25557,LOF,0.23312776111152858,0.11423013240474857,0.6526421064837228
25558,LOF,0.29554616516452287,0.11598037631924979,0.5884734585162272
25559,LOF,0.17323667899020087,0.11938209274729343,0.7073812282625057
25560,LOF,0.15738963408216528,0.09739299893490745,0.7452173669829272
25561,LOF,0.1502306671002411,0.11850211319633426,0.7312672197034247
25562,LOF,0.07216074631780278,0.0764671518164686,0.8513721018657286
25563,LOF,0.021222606462751797,0.1129251694369691,0.8658522241002791
25564,LOF,0.21100096038840419,0.10998982302447391,0.679009216587122
25565,LOF,0.22842958933343838,0.12760145069613318,0.6439689599704285
25566,GOF,0.10253350695759672,0.685226516477578,0.2122399765648252
25567,LOF,0.03665998730964391,0.11992982240246652,0.8434101902878894
25568,LOF,0.05616204783339519,0.06410662708560562,0.8797313250809993
25569,LOF,0.05892008777307015,0.06513988956712474,0.8759400226598051
25570,LOF,0.026417387096380248,0.08928495970793018,0.8842976531956895
25571,LOF,0.025097718225049467,0.09207967221103547,0.8828226095639151
25572,LOF,0.06891137017649285,0.11223565897502631,0.8188529708484807
25573,LOF,0.05722392285990343,0.07615004759100003,0.8666260295490965
25574,LOF,0.05942332528720501,0.16951323333524582,0.7710634413775492
25575,LOF,0.0217925293375156,0.11441324284935475,0.8637942278131295
25576,LOF,0.038248076385591294,0.14705602741936288,0.8146958961950458
25577,LOF,0.030981896861480913,0.10342348190195064,0.8655946212365685
25578,LOF,0.27540177893540196,0.07568110941895803,0.64891711164564
25579,LOF,0.12528043431368988,0.07942021629859679,0.7952993493877133
25580,LOF,0.01805144944594938,0.07068678600751542,0.9112617645465351
25581,LOF,0.052927263733365496,0.06143669382663336,0.8856360424400012
25582,LOF,0.05284654057376311,0.05982004543469305,0.887333413991544
25583,LOF,0.020133155921995983,0.07275531357559183,0.9071115305024123
25584,Neutral,0.6792232925213162,0.08949535157869684,0.23128135589998705
25585,LOF,0.03703124777751026,0.11279448044204747,0.8501742717804424
25586,LOF,0.017348023766729677,0.06157160712924566,0.9210803691040247
25587,LOF,0.01615697217995213,0.05612540113683164,0.9277176266832163
25588,LOF,0.019859066240574503,0.06541528175038389,0.9147256520090415
25589,Neutral,0.505282325428547,0.19742692804348558,0.29729074652796744
25590,LOF,0.052638667118702964,0.09800886470263644,0.8493524681786606
25591,LOF,0.09193180171130301,0.05226621781484621,0.8558019804738508
25592,LOF,0.05432418954186695,0.12188526456139735,0.8237905458967357
25593,LOF,0.1378584463520279,0.2363086107511877,0.6258329428967845
25594,LOF,0.049353235537098916,0.11139931542749264,0.8392474490354084
25595,LOF,0.04483620802551065,0.08273068693867433,0.8724331050358151
25596,LOF,0.10947224185231724,0.04784621908905286,0.84268153905863
25597,LOF,0.08346442453558912,0.0588787500764679,0.857656825387943
25598,LOF,0.047379576307129356,0.08437667293035946,0.8682437507625111
25599,GOF,0.021656731602520546,0.5474020034813528,0.4309412649161267
25600,GOF,0.15779809543724954,0.5230122755924705,0.31918962897027997
25601,LOF,0.042728510778376055,0.40360000298931176,0.5536714862323122
25602,LOF,0.03321521610924435,0.04726149983521143,0.9195232840555443
25603,LOF,0.033084420906314055,0.02609012246221914,0.9408254566314668
25604,LOF,0.03410146589237578,0.055243177661832815,0.9106553564457914
25605,LOF,0.038686733178690064,0.16247412049389645,0.7988391463274135
25606,LOF,0.43549672539428874,0.09899227588840401,0.4655109987173072
25607,LOF,0.024516400892365908,0.16829869019619842,0.8071849089114357
25608,LOF,0.03437485598849896,0.0663147972738104,0.8993103467376906
25609,GOF,0.15687077837271515,0.529822729204545,0.3133064924227399
25610,LOF,0.015151300473735849,0.030783880576177702,0.9540648189500865
25611,LOF,0.014815608002267347,0.03432856322694795,0.9508558287707847
25612,LOF,0.04835478301130471,0.04002826867733916,0.9116169483113561
25613,LOF,0.04603275011036404,0.04054726839700687,0.913419981492629
25614,LOF,0.022633437360582858,0.02992303750325064,0.9474435251361666
25615,LOF,0.043278093687418424,0.04033720989778261,0.916384696414799
25616,LOF,0.046413240116990044,0.028342490262319324,0.9252442696206907
25617,LOF,0.041962427210071235,0.03728475024424814,0.9207528225456806
25618,LOF,0.05222456473754966,0.03501995193027959,0.9127554833321707
25619,LOF,0.01510615800554717,0.03170117165178956,0.9531926703426633
25620,LOF,0.05933161979555684,0.04216489569573303,0.8985034845087101
25621,LOF,0.04911980247553413,0.03545499688012546,0.9154252006443403
25622,LOF,0.060683916423247136,0.036429832108277056,0.9028862514684758
25623,LOF,0.07473253911128669,0.030865168232866193,0.8944022926558473
25624,LOF,0.018516580423974638,0.04058051634343955,0.9409029032325857
25625,LOF,0.06508272582054758,0.045360653034580874,0.8895566211448716
25626,LOF,0.04705180626254176,0.037928579460956534,0.9150196142765016
25627,Neutral,0.8867584207575477,0.02171182498384177,0.09152975425861044
25628,LOF,0.13169269557443147,0.059481735419856636,0.8088255690057119
25629,LOF,0.06184714813805728,0.045507407154086396,0.8926454447078562
25630,LOF,0.27075764312486506,0.07404050513850306,0.6552018517366319
25631,Neutral,0.5340635051649933,0.06629845906518217,0.39963803576982454
25632,LOF,0.02740851177002128,0.05681980166797367,0.915771686562005
25633,LOF,0.20040804792268882,0.03648441097808596,0.7631075410992252
25634,LOF,0.03352058886856467,0.08220004602763069,0.8842793651038047
25635,LOF,0.04022996975651574,0.046101671173813454,0.9136683590696708
25636,LOF,0.038589226892163396,0.4573114177847941,0.5040993553230426
25637,LOF,0.0774878745989156,0.4442817691045464,0.478230356296538
25638,LOF,0.04113067292648333,0.27312197224173773,0.6857473548317788
25639,LOF,0.03751559642097237,0.3173934486460778,0.6450909549329497
25640,Neutral,0.8205194914085749,0.13927694835252535,0.040203560238899726
25641,LOF,0.04908289266049913,0.46055102166801726,0.4903660856714836
25642,LOF,0.040631583898038684,0.15319510037313488,0.8061733157288264
25643,LOF,0.21233118325990047,0.16065745549498264,0.6270113612451168
25644,LOF,0.020710769165527197,0.46724178890057577,0.512047441933897
25645,LOF,0.020624162862300736,0.42899873026051366,0.5503771068771857
25646,LOF,0.05402524639964559,0.3235688549781034,0.622405898622251
25647,LOF,0.02060279259909325,0.2523425370578944,0.7270546703430124
25648,LOF,0.02809062397464298,0.22947729769618158,0.7424320783291755
25649,LOF,0.014990246848005885,0.2247009739988313,0.7603087791531629
25650,LOF,0.05459759376528651,0.40076484246401006,0.5446375637707034
25651,LOF,0.01738794569619788,0.2641622730986053,0.7184497812051968
25652,LOF,0.030225615660833715,0.25672747468316887,0.7130469096559975
25653,LOF,0.08205845611420196,0.3814139270337584,0.5365276168520396
25654,LOF,0.024236797147234878,0.20801181267598112,0.7677513901767841
25655,LOF,0.23838045127905755,0.3532950031060919,0.4083245456148505
25656,LOF,0.2969044483857182,0.040795143795226786,0.6623004078190551
25657,LOF,0.07945719980769958,0.04871008170471809,0.8718327184875824
25658,LOF,0.3770552378077367,0.045467631668039625,0.5774771305242237
25659,Neutral,0.5590907449196237,0.06642748786595475,0.37448176721442156
25660,LOF,0.026027401790824075,0.08081242147788344,0.8931601767312926
25661,LOF,0.09343622342528979,0.05937066149482469,0.8471931150798856
25662,LOF,0.03087278416037409,0.030577769538247878,0.938549446301378
25663,LOF,0.038760761247456206,0.04526669523373097,0.9159725435188127
25664,LOF,0.14557758625015563,0.0499926152777044,0.8044297984721399
25665,LOF,0.051899147494902015,0.02826334118329894,0.9198375113217991
25666,LOF,0.09046389096220347,0.07427412081685135,0.8352619882209451
25667,LOF,0.06602598762887274,0.043620808097425134,0.890353204273702
25668,LOF,0.03628070368078503,0.04483188204724242,0.9188874142719725
25669,LOF,0.03333530258438445,0.055088029115532094,0.9115766683000833
25670,LOF,0.14676797782832193,0.036079347414907974,0.81715267475677
25671,LOF,0.09332220515992318,0.030746812504837778,0.8759309823352389
25672,LOF,0.05280210602112015,0.039060609267137836,0.9081372847117422
25673,LOF,0.07978850516582649,0.036917273095117956,0.8832942217390555
25674,LOF,0.06479400884409109,0.045126810455323,0.8900791807005859
25675,LOF,0.11723211832053755,0.04417657349876692,0.8385913081806956
25676,LOF,0.01852613943372124,0.04947180414264095,0.9320020564236379
25677,LOF,0.025051108827866632,0.06426961492530965,0.9106792762468237
25678,LOF,0.1639222091979661,0.05811519597454194,0.7779625948274919
25679,LOF,0.13419176571532943,0.0723048191625437,0.7935034151221269
25680,LOF,0.03147806643248906,0.11043069900579541,0.8580912345617155
25681,LOF,0.051722698793208365,0.10168776446972158,0.8465895367370699
25682,LOF,0.14123265496421109,0.06175806241484224,0.7970092826209467
25683,LOF,0.12854567637747194,0.07319317027455768,0.7982611533479703
25684,LOF,0.04131956454455221,0.06575308458914216,0.8929273508663056
25685,LOF,0.13227598182686198,0.04781391649227225,0.8199101016808658
25686,LOF,0.07425940443703144,0.08338508754067028,0.8423555080222984
25687,LOF,0.10995379255778724,0.0761862667242762,0.8138599407179367
25688,LOF,0.2906444048661297,0.035304997833557804,0.6740505973003126
25689,LOF,0.21795573034069643,0.04298892504775071,0.7390553446115529
25690,LOF,0.35428924885873075,0.031226565068652,0.6144841860726173
25691,Neutral,0.6910239464293929,0.03176789899110034,0.2772081545795066
25692,LOF,0.29109009503770666,0.011205493836651965,0.6977044111256414
25693,LOF,0.04187837535499065,0.4448620552324114,0.5132595694125979
25694,LOF,0.1272167402035937,0.020890080418339875,0.8518931793780664
25695,LOF,0.1213959254228665,0.017972791225517416,0.860631283351616
25696,LOF,0.10694625739581655,0.00963543929034219,0.8834183033138413
25697,LOF,0.12576653204988283,0.0266744322082421,0.8475590357418751
25698,LOF,0.32957548651347346,0.2612099748971021,0.4092145385894245
25699,LOF,0.4275339901068525,0.042346022415590066,0.5301199874775574
25700,LOF,0.049880958500410306,0.010512208108429276,0.9396068333911605
25701,LOF,0.18017997388004336,0.057369616592292304,0.7624504095276643
25702,GOF,0.192840334997383,0.5235208374156669,0.2836388275869501
25703,LOF,0.015285008476577626,0.14926595523524613,0.8354490362881762
25704,LOF,0.04882614642346627,0.11571853597832482,0.8354553175982089
25705,LOF,0.06009696680672478,0.1782600190354691,0.7616430141578062
25706,LOF,0.08800959388675032,0.3552801820076185,0.5567102241056312
25707,LOF,0.09170857581987175,0.28767484608090604,0.6206165780992222
25708,LOF,0.03090721841103865,0.26823381405679353,0.7008589675321679
25709,LOF,0.05590219984132855,0.04240969330643069,0.9016881068522408
25710,LOF,0.011315679677253722,0.12591467074687215,0.8627696495758741
25711,LOF,0.01861786159346188,0.08853266269170496,0.8928494757148332
25712,LOF,0.012883697332376978,0.17154368659650587,0.8155726160711172
25713,LOF,0.01804760091866726,0.07969242750829679,0.902259971573036
25714,LOF,0.06903152407217167,0.07660000651308906,0.8543684694147393
25715,LOF,0.010139933656243553,0.13185235810489768,0.8580077082388587
25716,LOF,0.013617046551408758,0.10700073660649244,0.8793822168420988
25717,LOF,0.012719515009813458,0.0782890708785497,0.9089914141116369
25718,LOF,0.011833674582510015,0.10312531248621624,0.8850410129312737
25719,LOF,0.01824826047339989,0.08420913602642786,0.8975426035001723
25720,LOF,0.020977876756982965,0.07406533188448461,0.9049567913585325
25721,LOF,0.015825033020249176,0.10450760186927094,0.8796673651104798
25722,LOF,0.013403728521643943,0.12089770477164362,0.8656985667067125
25723,LOF,0.022835526628714013,0.047007882467330606,0.9301565909039553
25724,LOF,0.022927228553346477,0.08175285504477643,0.8953199164018771
25725,LOF,0.0111576867073597,0.0734420398226994,0.9154002734699409
25726,LOF,0.01346710001517328,0.10074054032329581,0.8857923596615309
25727,LOF,0.01283616426422628,0.08141166412991623,0.9057521716058575
25728,LOF,0.009335659970328716,0.10499961802205032,0.8856647220076208
25729,LOF,0.00960189803293791,0.10596691549551444,0.8844311864715476
25730,LOF,0.013083840464568838,0.07908939622466392,0.9078267633107673
25731,LOF,0.021818703517566967,0.10617012606710365,0.8720111704153295
25732,LOF,0.014518747667232143,0.08595401316641889,0.8995272391663489
25733,LOF,0.01571363070641036,0.07565357794894927,0.9086327913446404
25734,LOF,0.012763771057561202,0.1224534770755569,0.8647827518668819
25735,LOF,0.013365865549537219,0.07969808837921245,0.9069360460712503
25736,LOF,0.013755019145158953,0.10814723253381489,0.878097748321026
25737,LOF,0.020314330703016893,0.08118529545410927,0.898500373842874
25738,LOF,0.013454073478583623,0.11340180928034017,0.8731441172410762
25739,LOF,0.019642794918644742,0.08179144715450004,0.8985657579268552
25740,LOF,0.027330085804759322,0.09615367543661452,0.8765162387586262
25741,LOF,0.015559827200736944,0.10469986967107807,0.8797403031281851
25742,LOF,0.12298364754577894,0.07754775718439703,0.7994685952698242
25743,LOF,0.03243417577139707,0.027549694531846112,0.9400161296967567
25744,Neutral,0.5696556034827118,0.19458369865219483,0.23576069786509332
25745,LOF,0.08247515244893389,0.06668412374723971,0.8508407238038264
25746,LOF,0.04135583829537884,0.07514231992164357,0.8835018417829776
25747,LOF,0.0230964863828535,0.03639655555533094,0.9405069580618155
25748,LOF,0.10922771045575573,0.04883226726654951,0.8419400222776947
25749,LOF,0.026651970109135215,0.07143592558829444,0.9019121043025704
25750,LOF,0.08227439914430225,0.07195669108104348,0.8457689097746544
25751,LOF,0.10086783690691929,0.050812324780224905,0.8483198383128557
25752,GOF,0.11248472097838655,0.6733168727257071,0.21419840629590622
25753,LOF,0.019954478335660483,0.26848557024221636,0.7115599514221231
25754,GOF,0.01060057090105397,0.7802059227645164,0.20919350633442974
25755,LOF,0.0204024751068348,0.39027427671073517,0.58932324818243
25756,LOF,0.03938751099014261,0.3757915414755974,0.5848209475342601
25757,GOF,0.014411461909922202,0.8296850586425545,0.15590347944752317
25758,GOF,0.03320225916451005,0.820156474038887,0.14664126679660294
25759,GOF,0.012415553028952938,0.5313899610052355,0.45619448596581147
25760,LOF,0.012071230123793767,0.2378106898962811,0.7501180799799253
25761,GOF,0.2843977150799746,0.5960216946125334,0.11958059030749195
25762,LOF,0.03549286800452586,0.27023820757128536,0.6942689244241887
25763,LOF,0.013143802294490801,0.19842972507620346,0.7884264726293058
25764,GOF,0.07497124338880844,0.6148470794190002,0.31018167719219125
25765,GOF,0.048994909976483446,0.7484248680207214,0.2025802220027952
25766,GOF,0.05844034566891623,0.7664087927999194,0.1751508615311645
25767,GOF,0.16686713971111028,0.4252913464802578,0.4078415138086319
25768,LOF,0.08596884248644904,0.062078996443008086,0.8519521610705427
25769,LOF,0.06332678565377814,0.06303754438387603,0.8736356699623459
25770,LOF,0.2688710617406764,0.08742933239673736,0.6436996058625862
25771,LOF,0.039919047145595465,0.04322160836786001,0.9168593444865445
25772,LOF,0.01648771435189763,0.032288530551610545,0.9512237550964919
25773,LOF,0.04422683836802375,0.08354541257722874,0.8722277490547476
25774,LOF,0.026191771397426195,0.07247451815460405,0.9013337104479697
25775,LOF,0.044926688401011036,0.04771422947197556,0.9073590821270134
25776,LOF,0.0755388109131664,0.025092929768338657,0.899368259318495
25777,LOF,0.33945680640307796,0.05012070124569988,0.6104224923512221
25778,LOF,0.06154456074190428,0.05075043846423123,0.8877050007938645
25779,GOF,0.3742108562372032,0.5798778399945209,0.045911303768275936
25780,GOF,0.3009114516163458,0.6273964331187605,0.07169211526489376
25781,GOF,0.13511525116514386,0.7580534656158037,0.10683128321905226
25782,GOF,0.20693248229964398,0.7185455506608704,0.07452196703948556
25783,GOF,0.0324086861701533,0.630190182524073,0.33740113130577376
25784,Neutral,0.49775899843272003,0.46073376494286516,0.04150723662441488
25785,GOF,0.3996030243960529,0.5628553202394506,0.03754165536449655
25786,GOF,0.021329168941389146,0.7892146783859777,0.18945615267263322
25787,Neutral,0.6491608657065632,0.32635859345702944,0.02448054083640754
25788,LOF,0.044051365498897134,0.1099756236001459,0.8459730109009569
25789,GOF,0.17960242816715183,0.6829555245141027,0.1374420473187455
25790,GOF,0.20137213143880717,0.6948707285565691,0.10375714000462383
25791,GOF,0.12101753053492739,0.6859179334056691,0.19306453605940363
25792,GOF,0.28954503004932136,0.5616129577400784,0.14884201221060017
25793,GOF,0.24528393904846155,0.5668430649099434,0.18787299604159496
25794,GOF,0.30183223695368205,0.5374102518871211,0.1607575111591968
25795,GOF,0.0787821282893181,0.6883737076587452,0.23284416405193667
25796,Neutral,0.5247633258964287,0.3872038201795643,0.08803285392400696
25797,GOF,0.08455047666449891,0.5600934339524438,0.35535608938305724
25798,GOF,0.009027757476220241,0.5133483718991539,0.47762387062462586
25799,LOF,0.006380129123300049,0.3890118087724784,0.6046080621042217
25800,GOF,0.031917843572767966,0.5891977626828102,0.37888439374442184
25801,GOF,0.171345443695896,0.699361770267803,0.12929278603630104
25802,GOF,0.07753605859616151,0.7104816048073094,0.2119823365965292
25803,GOF,0.03426581256217547,0.5763546115141766,0.3893795759236481
25804,GOF,0.033045356478562625,0.4936097617654431,0.4733448817559942
25805,GOF,0.09251475646977032,0.6162540470206446,0.2912311965095851
25806,GOF,0.08656682639841647,0.599750766647999,0.31368240695358457
25807,GOF,0.02055760788167049,0.6402878380488675,0.33915455406946204
25808,GOF,0.07572712060387568,0.6374632872383716,0.2868095921577528
25809,GOF,0.01620865188426455,0.5839987664638284,0.3997925816519071
25810,GOF,0.015206063471663898,0.6134647699580259,0.3713291665703103
25811,GOF,0.4371269738117038,0.47965997710577907,0.08321304908251705
25812,GOF,0.030819627645715632,0.6366718804833045,0.33250849187097986
25813,Neutral,0.5138795069393228,0.38921127629200974,0.09690921676866733
25814,GOF,0.10684865237111071,0.6507225927221474,0.24242875490674204
25815,GOF,0.19191006720654324,0.6059771972547982,0.2021127355386586
25816,GOF,0.02543402865193744,0.7271281098761379,0.24743786147192473
25817,GOF,0.24857656895902708,0.6206556029065343,0.1307678281344386
25818,GOF,0.055556194525988645,0.6700888247405368,0.27435498073347453
25819,GOF,0.3438215951028237,0.5123650464293075,0.14381335846786877
25820,GOF,0.169134055985204,0.6034352560307822,0.22743068798401392
25821,GOF,0.06004795152484013,0.6591671220484078,0.280784926426752
25822,GOF,0.20292820934573028,0.5649764104775953,0.23209538017667433
25823,GOF,0.036098690261389996,0.534935989024663,0.4289653207139471
25824,GOF,0.08493119518047311,0.60224985452485,0.3128189502946768
25825,GOF,0.03813769870803725,0.6043499868432658,0.35751231444869697
25826,GOF,0.015910732864006863,0.5916187037656947,0.3924705633702984
25827,GOF,0.023171988228898113,0.612126470046404,0.36470154172469793
25828,GOF,0.013208675458336878,0.5352854981260061,0.45150582641565706
25829,GOF,0.005917638402755334,0.570216354965635,0.42386600663160967
25830,LOF,0.03407063028660156,0.29096380164550667,0.6749655680678917
25831,GOF,0.2227373228707448,0.6546510706602745,0.12261160646898067
25832,GOF,0.027065593315502477,0.7047496107629313,0.2681847959215663
25833,GOF,0.10777871551830821,0.7340565301203753,0.15816475436131652
25834,GOF,0.027234150469870905,0.7148062160178794,0.2579596335122496
25835,GOF,0.05735250294781003,0.7642534765327086,0.1783940205194814
25836,GOF,0.02889010322541468,0.6805055708128828,0.2906043259617025
25837,GOF,0.02402268291129362,0.6196530210874469,0.35632429600125937
25838,GOF,0.0831729110909233,0.7750527338964377,0.14177435501263896
25839,GOF,0.2626121566856262,0.5774487169576344,0.1599391263567393
25840,GOF,0.2318769473914195,0.6231124222091393,0.14501063039944112
25841,GOF,0.2314550904800542,0.6183361686576586,0.15020874086228728
25842,GOF,0.14637673365375778,0.730873372513764,0.12274989383247811
25843,GOF,0.2063065094895794,0.7060464390341434,0.08764705147627715
25844,GOF,0.06017132575887305,0.7352318694757387,0.20459680476538816
25845,GOF,0.01484912839217321,0.5220503262172645,0.4631005453905623
25846,GOF,0.11684895311808541,0.7475433380076763,0.1356077088742382
25847,GOF,0.09445042449293264,0.8079427100304042,0.09760686547666315
25848,GOF,0.03413830782124412,0.7286772688000736,0.23718442337868229
25849,GOF,0.010148833822145913,0.6284299588032345,0.3614212073746195
25850,GOF,0.018432814379440284,0.6692366127890165,0.31233057283154325
25851,GOF,0.01428683353777042,0.5594441642508173,0.42626900221141223
25852,GOF,0.15824725081892774,0.5666511923604112,0.27510155682066106
25853,GOF,0.331832272370111,0.5774022541841624,0.09076547344572672
25854,GOF,0.02028090531687708,0.6359040480063508,0.3438150466767721
25855,GOF,0.032889060880109164,0.5699698023593713,0.39714113676051954
25856,GOF,0.2304524220276152,0.5538819711509372,0.21566560682144753
25857,GOF,0.03683251042972492,0.5192714295933404,0.44389605997693476
25858,GOF,0.020504070224736746,0.5344031305362708,0.4450927992389924
25859,GOF,0.010493662272798483,0.5086437352890882,0.48086260243811335
25860,GOF,0.35768037688343357,0.5566721732877941,0.08564744982877238
25861,GOF,0.41776341413046425,0.5061422748933495,0.07609431097618626
25862,GOF,0.08080159861783695,0.7787091049353999,0.14048929644676314
25863,GOF,0.07676698474309901,0.7851082968443736,0.13812471841252755
25864,GOF,0.19898647067038125,0.7366048886998341,0.0644086406297847
25865,GOF,0.08486976880968586,0.8196476545254481,0.09548257666486606
25866,GOF,0.06056806601045783,0.7948675210913405,0.14456441289820152
25867,GOF,0.08602423952077282,0.8192136090559581,0.0947621514232692
25868,GOF,0.25088436170372075,0.6520396584175271,0.09707597987875217
25869,Neutral,0.7123008557308359,0.2440731226126773,0.04362602165648679
25870,GOF,0.27825852839743925,0.4185486053321125,0.3031928662704482
25871,GOF,0.21154737793964523,0.6559605343276801,0.1324920877326747
25872,GOF,0.07013549419663351,0.6721490185263211,0.2577154872770453
25873,GOF,0.10057842084911829,0.711259280147295,0.18816229900358664
25874,LOF,0.014042952829361825,0.11467661847488342,0.8712804286957548
25875,LOF,0.08792650508504463,0.03992429205259,0.8721492028623653
25876,LOF,0.03537372286852673,0.030342614574225477,0.9342836625572478
25877,Neutral,0.48341846213810424,0.03841033536804582,0.47817120249385003
25878,LOF,0.21961660741700922,0.08570402330030374,0.6946793692826871
25879,LOF,0.0908239593993124,0.08321336299194135,0.8259626776087462
25880,LOF,0.042924389714502305,0.014022047491669461,0.9430535627938282
25881,LOF,0.1667460018336877,0.1130175239391782,0.720236474227134
25882,LOF,0.06312352040113367,0.017394672803094334,0.9194818067957718
25883,LOF,0.06326679140389066,0.01914348124691017,0.9175897273491992
25884,LOF,0.029800357431751166,0.027732011670845873,0.942467630897403
25885,LOF,0.06119470335424089,0.010978863293457415,0.9278264333523016
25886,LOF,0.25634578067657887,0.03716490796969556,0.7064893113537255
25887,LOF,0.16323908401486653,0.06271300882240927,0.7740479071627242
25888,LOF,0.0679511972228239,0.05693395917837257,0.8751148435988035
25889,LOF,0.03916264268418992,0.01982005141893714,0.941017305896873
25890,LOF,0.05240613272107617,0.1436480285908715,0.8039458386880525
25891,LOF,0.04011061702428699,0.05407643647024591,0.9058129465054672
25892,LOF,0.08280273904048054,0.022737463958392285,0.8944597970011271
25893,LOF,0.2393842560054731,0.019555257442359905,0.7410604865521669
25894,LOF,0.17732265107618633,0.01163817721948422,0.8110391717043295
25895,LOF,0.1990341647655528,0.023158902069706062,0.7778069331647411
25896,LOF,0.049660210732763985,0.02327612162559069,0.9270636676416454
25897,LOF,0.2577236293625383,0.013412545748723213,0.7288638248887385
25898,Neutral,0.7030591853945607,0.010219490036021826,0.28672132456941757
25899,LOF,0.21098869300348913,0.020864420343107475,0.7681468866534034
25900,LOF,0.4698410785065583,0.012382151223299416,0.5177767702701422
25901,LOF,0.05216542594210708,0.011843305519097605,0.9359912685387953
25902,LOF,0.1547925137280986,0.014328769788118742,0.8308787164837828
25903,Neutral,0.5813387593727338,0.0318432825837021,0.38681795804356406
25904,LOF,0.304928899912494,0.042860635301423415,0.6522104647860826
25905,LOF,0.02413196522293061,0.36131265063997664,0.6145553841370929
25906,LOF,0.028111353398076494,0.08855086276156622,0.8833377838403572
25907,LOF,0.013957717034977423,0.33636696455591825,0.6496753184091043
25908,LOF,0.009853556531174897,0.26468961730619106,0.7254568261626341
25909,LOF,0.0124828549316897,0.13063687950587988,0.8568802655624306
25910,LOF,0.04781872930452675,0.1482672842281847,0.8039139864672886
25911,LOF,0.19060902698410997,0.024443756227479928,0.7849472167884101
25912,LOF,0.040797539803061625,0.04812687479646473,0.9110755854004736
25913,LOF,0.3608293480232506,0.021940071989583764,0.6172305799871657
25914,LOF,0.020438875069660748,0.04859572317669647,0.9309654017536428
25915,Neutral,0.5937620277268045,0.14861097791352765,0.2576269943596678
25916,LOF,0.08477572602912709,0.2084535979428896,0.7067706760279833
25917,LOF,0.06327753505938045,0.03565430107743814,0.9010681638631814
25918,LOF,0.022053966472546916,0.02880331455652928,0.9491427189709238
25919,LOF,0.019084659963583932,0.030780981506014084,0.9501343585304021
25920,GOF,0.11895094584638169,0.5136742049697036,0.36737484918391466
25921,LOF,0.025394185045268438,0.03393581305573462,0.940670001898997
25922,LOF,0.03441574089832763,0.0240267333807124,0.9415575257209601
25923,Neutral,0.48706623153151013,0.033422125444457974,0.479511643024032
25924,LOF,0.038354980972695914,0.04037569558553191,0.9212693234417721
25925,LOF,0.07315139391457345,0.03524336662446412,0.8916052394609625
25926,LOF,0.052224890260846514,0.03186278505068737,0.9159123246884662
25927,LOF,0.060101927640492256,0.13724888813787436,0.8026491842216334
25928,LOF,0.01838446851770898,0.050131681998539665,0.9314838494837514
25929,Neutral,0.604283629783355,0.03529843548966536,0.36041793472697947
25930,LOF,0.0722535039322446,0.029758596539060485,0.897987899528695
25931,LOF,0.025767705974876827,0.03073819613844409,0.9434940978866789
25932,LOF,0.02888025510809176,0.025532720042025378,0.9455870248498828
25933,LOF,0.03804150653007699,0.01650583104169196,0.945452662428231
25934,LOF,0.023922680873364105,0.018130026072626357,0.9579472930540095
25935,LOF,0.06400032406111839,0.04545629712225399,0.8905433788166276
25936,LOF,0.04365299531497882,0.021857932330069458,0.9344890723549518
25937,LOF,0.02604183868308609,0.03191999912426389,0.94203816219265
25938,LOF,0.06698803577823072,0.045444369730008594,0.8875675944917606
25939,LOF,0.041900044569602946,0.018419249054540475,0.9396807063758565
25940,LOF,0.03928047011320805,0.34510351102848336,0.6156160188583085
25941,LOF,0.1644732267419861,0.09035105937822988,0.745175713879784
25942,LOF,0.013464268991762337,0.0352134664765421,0.9513222645316955
25943,LOF,0.2984186895597889,0.059644550867476366,0.6419367595727348
25944,Neutral,0.49808356217424615,0.02287386178788847,0.47904257603786543
25945,LOF,0.07084783538687818,0.02006762178425806,0.9090845428288636
25946,LOF,0.02997758505643507,0.10702065357798236,0.8630017613655825
25947,LOF,0.1106486843881072,0.16489227150514155,0.7244590441067512
25948,LOF,0.3635331422343907,0.008619387711681917,0.6278474700539274
25949,LOF,0.13037120103028546,0.03848411603594262,0.831144682933772
25950,GOF,0.3291762549844953,0.34649694446509666,0.324326800550408
25951,LOF,0.1754076576192624,0.26140683443348145,0.5631855079472561
25952,GOF,0.04569868982264565,0.4910827143785495,0.4632185957988049
25953,LOF,0.14159888532308915,0.1083013457480973,0.7500997689288136
25954,Neutral,0.42628427013327236,0.19774684024107866,0.375968889625649
25955,LOF,0.05538731281880563,0.07248251256082101,0.8721301746203733
25956,LOF,0.14120189613413967,0.12229583287044732,0.736502270995413
25957,LOF,0.03616088317751794,0.03119931540532875,0.9326398014171534
25958,LOF,0.0561529883420455,0.0286119165487765,0.9152350951091779
25959,LOF,0.0653859169983663,0.3275739848258551,0.6070400981757788
25960,LOF,0.016149800701446008,0.05309143492297171,0.9307587643755821
25961,LOF,0.04113184318004099,0.028765451319457,0.9301027055005019
25962,LOF,0.05810544956648439,0.03196268157225955,0.9099318688612561
25963,LOF,0.040750511643262675,0.19828441416764475,0.7609650741890925
25964,LOF,0.03391423600071368,0.15920631328185275,0.8068794507174335
25965,LOF,0.46050535646686175,0.05911601314858669,0.4803786303845517
25966,Neutral,0.5238816375388283,0.16519248668074238,0.3109258757804293
25967,LOF,0.017405275688438082,0.10058179840018504,0.8820129259113768
25968,LOF,0.03627556234959656,0.38982248969445427,0.5739019479559491
25969,LOF,0.038640637529007676,0.06224264920132478,0.8991167132696677
25970,LOF,0.055150186323993544,0.06278086104519515,0.8820689526308114
25971,LOF,0.06634164438263114,0.020670448713800187,0.9129879069035687
25972,LOF,0.06257825732828519,0.030822151684059305,0.9065995909876554
25973,LOF,0.07579879901640212,0.00983307325626797,0.9143681277273299
25974,LOF,0.18961950850555467,0.015308412233530026,0.7950720792609153
25975,LOF,0.043982222831126974,0.026831210664407835,0.9291865665044652
25976,LOF,0.04186829820885692,0.016252722243170505,0.9418789795479726
25977,LOF,0.1495419659800548,0.08133950765811558,0.7691185263618298
25978,LOF,0.15507602480537178,0.0971175141508916,0.7478064610437366
25979,LOF,0.1410536206150577,0.09423105644510604,0.7647153229398364
25980,LOF,0.21647831757392816,0.12227507284540674,0.6612466095806652
25981,LOF,0.246819274742573,0.12251610200961069,0.6306646232478162
25982,LOF,0.40365123435425154,0.07499143967135025,0.5213573259743982
25983,LOF,0.386509059930568,0.08421274756118714,0.5292781925082448
25984,LOF,0.04573709296241864,0.04868903385304553,0.9055738731845359
25985,LOF,0.0384370300251584,0.2602496656187694,0.7013133043560723
25986,LOF,0.04453620869551953,0.30898178035213886,0.6464820109523417
25987,LOF,0.0889196890966533,0.06435180927353713,0.8467285016298095
25988,LOF,0.15854428687048527,0.06269884260521781,0.7787568705242969
25989,LOF,0.03464534957837626,0.1198906405389576,0.845464009882666
25990,LOF,0.03800184388414039,0.1634960069446307,0.7985021491712289
25991,LOF,0.1600818177539294,0.23562234878064497,0.6042958334654257
25992,LOF,0.33263084383781716,0.14690016120130722,0.5204689949608756
25993,LOF,0.022515257702804194,0.07260899346581155,0.9048757488313843
25994,LOF,0.017015303978632677,0.07345411852601598,0.9095305774953513
25995,LOF,0.022756610906692655,0.15885535159650457,0.8183880374968028
25996,GOF,0.3524662892096787,0.35694139597363894,0.29059231481668235
25997,LOF,0.08936226587146767,0.3701119584895335,0.5405257756389987
25998,Neutral,0.5117949736698442,0.02615731496688325,0.46204771136327255
25999,LOF,0.09936264671263169,0.09933105259501504,0.8013063006923532
26000,LOF,0.13586449095863223,0.044007968940467164,0.8201275401009006
26001,LOF,0.20857961666258443,0.04957231391093979,0.7418480694264757
26002,LOF,0.1094823520371419,0.04480842293279802,0.84570922503006
26003,GOF,0.010565077680953338,0.5950761689245968,0.3943587533944497
26004,GOF,0.023852596702097884,0.6860299626110726,0.2901174406868296
26005,LOF,0.006351402340211099,0.4498247407447,0.5438238569150889
26006,Neutral,0.542479923878603,0.2308331822211407,0.22668689390025631
26007,GOF,0.01954931400188563,0.520769211544437,0.45968147445367724
26008,GOF,0.018396702128364303,0.6095349314678653,0.37206836640377045
26009,GOF,0.019223615583744462,0.6940113389732409,0.28676504544301473
26010,GOF,0.02372492056132249,0.6501128600164321,0.32616221942224544
26011,LOF,0.006158791156882166,0.41836462867789753,0.5754765801652202
26012,GOF,0.012754559407646714,0.5600341842014617,0.4272112563908917
26013,GOF,0.019106478805624296,0.6203882741116941,0.36050524708268167
26014,LOF,0.03855682028349534,0.1265066835310648,0.8349364961854399
26015,LOF,0.1511417532288676,0.015999189925589984,0.8328590568455425
26016,LOF,0.20431532300809732,0.06724421851029619,0.7284404584816065
26017,LOF,0.20105537448041294,0.09781098844896496,0.7011336370706222
26018,LOF,0.07825118474903521,0.041092135484864366,0.8806566797661004
26019,LOF,0.07435510028498099,0.033795524351218235,0.8918493753638007
26020,LOF,0.06793822932206733,0.10792140638203232,0.8241403642959003
26021,LOF,0.047740708690373265,0.11130223962742117,0.8409570516822056
26022,LOF,0.01139129616266536,0.04417801770142389,0.9444306861359107
26023,LOF,0.0681300383378244,0.027311249615628953,0.9045587120465466
26024,LOF,0.03223168117554325,0.11200022780752994,0.8557680910169269
26025,LOF,0.1591491154369658,0.08614379220860297,0.7547070923544311
26026,LOF,0.3068393860007022,0.029416405478031798,0.663744208521266
26027,LOF,0.06035976292744686,0.021756369666138503,0.9178838674064147
26028,LOF,0.1630739619012807,0.067176776928125,0.7697492611705943
26029,LOF,0.07198970892989767,0.14792225248395358,0.7800880385861487
26030,LOF,0.021473217476676475,0.03189875099692923,0.9466280315263944
26031,LOF,0.027642964258527847,0.10441828831421518,0.867938747427257
26032,LOF,0.06528201578993303,0.04759780844668516,0.8871201757633819
26033,LOF,0.08243199134609752,0.045513701111678906,0.8720543075422237
26034,LOF,0.04300383561407568,0.12651193846409825,0.8304842259218261
26035,LOF,0.027340810715359206,0.11572382596504474,0.8569353633195961
26036,LOF,0.04048128241126089,0.13396248723418241,0.8255562303545567
26037,LOF,0.022622710915099063,0.09481694433998923,0.8825603447449117
26038,LOF,0.06124783065115563,0.04876020019580701,0.8899919691530375
26039,LOF,0.050726002166277345,0.11992088838365772,0.829353109450065
26040,LOF,0.20476679084199326,0.0864127258329702,0.7088204833250366
26041,LOF,0.022448596024386234,0.08929653755391417,0.8882548664216997
26042,LOF,0.020484146437313538,0.08432385242085914,0.8951920011418272
26043,LOF,0.06221377368814296,0.05676976584680895,0.8810164604650481
26044,LOF,0.018892485237037952,0.04340992332034745,0.9376975914426147
26045,LOF,0.07722830850084196,0.08211740063445486,0.8406542908647031
26046,LOF,0.05778707807120507,0.047388726530923825,0.8948241953978712
26047,LOF,0.07553064873986746,0.04845145536202894,0.8760178958981035
26048,LOF,0.046600575009414176,0.03248476757808,0.9209146574125059
26049,Neutral,0.9677677703224657,0.005326417584443258,0.026905812093090856
26050,Neutral,0.9528384372252658,0.006657626265299505,0.04050393650943474
26051,LOF,0.05027143124839098,0.2558647478804388,0.6938638208711702
26052,LOF,0.0680095712030012,0.31690644100096205,0.6150839877960368
26053,LOF,0.061356106794161806,0.13969441765764015,0.7989494755481982
26054,LOF,0.04834127226050494,0.016893683002667217,0.9347650447368279
26055,LOF,0.06596081828520546,0.015819545641231853,0.9182196360735627
26056,LOF,0.057610774470160296,0.01801085242280468,0.9243783731070351
26057,LOF,0.031955997325124164,0.011776041746891848,0.9562679609279839
26058,LOF,0.03296784336785759,0.009620139306782953,0.9574120173253595
26059,LOF,0.2648737182610336,0.02027317554296619,0.7148531061960001
26060,LOF,0.03996178960800743,0.16247249116464982,0.7975657192273429
26061,LOF,0.016565330388923504,0.01119032928285029,0.9722443403282262
26062,LOF,0.009538339904650438,0.015655285956981804,0.9748063741383679
26063,LOF,0.019610247439198078,0.009645502380660493,0.9707442501801413
26064,LOF,0.018021985557554653,0.0226530487582044,0.9593249656842409
26065,LOF,0.02396060575191694,0.010765415103038283,0.9652739791450446
26066,LOF,0.020004914110051057,0.010093862008622962,0.9699012238813259
26067,LOF,0.027488183749516233,0.008061258428049164,0.9644505578224346
26068,LOF,0.04234759121811827,0.02666544120382644,0.9309869675780552
26069,LOF,0.26203924803679013,0.018577483390689806,0.7193832685725201
26070,LOF,0.3955788978623997,0.014883552802025662,0.5895375493355747
26071,LOF,0.019156793080374563,0.011098145524742113,0.9697450613948834
26072,LOF,0.015926946439842955,0.020090814532797673,0.9639822390273594
26073,LOF,0.018986438162745582,0.014099530724785713,0.9669140311124688
26074,Neutral,0.9110139399783799,0.005453188905155174,0.08353287111646504
26075,LOF,0.04599747708964037,0.013530634639742025,0.9404718882706177
26076,LOF,0.0365727743947935,0.008572044998897124,0.9548551806063094
26077,LOF,0.008806544394433,0.011589533811504774,0.9796039217940623
26078,LOF,0.013375571446119209,0.011178695969911724,0.975445732583969
26079,LOF,0.06165815782367643,0.01605918537294923,0.9222826568033743
26080,LOF,0.060667077905468866,0.016074908730326166,0.9232580133642051
26081,LOF,0.03461789432549975,0.005939780178481249,0.9594423254960192
26082,LOF,0.012183552011439234,0.013145794626600676,0.97467065336196
26083,LOF,0.1743503543590128,0.014218213046417141,0.8114314325945701
26084,LOF,0.043094601127508125,0.011347555874823553,0.9455578429976682
26085,LOF,0.03846207115939718,0.010772879147855982,0.9507650496927468
26086,LOF,0.02070864852494632,0.01105635591420709,0.9682349955608466
26087,LOF,0.022315392375520177,0.008086240874844063,0.9695983667496357
26088,LOF,0.01567382101745922,0.022253921839868015,0.9620722571426727
26089,LOF,0.04123351079335966,0.02137932528028061,0.9373871639263597
26090,LOF,0.041133026923649924,0.017300926720175695,0.9415660463561745
26091,LOF,0.03125223703165083,0.00596159493741998,0.9627861680309291
26092,LOF,0.022242746916065047,0.007349567670519796,0.9704076854134152
26093,LOF,0.0336148954845062,0.0056180893654869946,0.9607670151500068
26094,LOF,0.03222580435048571,0.00564960687869662,0.9621245887708175
26095,LOF,0.03934389654982526,0.013117844203416077,0.9475382592467586
26096,LOF,0.01670828199835288,0.010835108652565218,0.9724566093490818
26097,LOF,0.01171647356444534,0.03583480148571177,0.9524487249498429
26098,LOF,0.0820040460489053,0.01209014358238791,0.9059058103687069
26099,LOF,0.020820416464817932,0.011973134070040083,0.9672064494651419
26100,LOF,0.02302961674940566,0.011515208578697316,0.9654551746718969
26101,LOF,0.04588500438104034,0.017003195948361447,0.9371117996705982
26102,LOF,0.0193157332406518,0.013546597512438401,0.9671376692469098
26103,Neutral,0.8808783624912332,0.0186504004768012,0.10047123703196567
26104,LOF,0.07777678149108656,0.022349880616470325,0.8998733378924431
26105,LOF,0.19803476660612898,0.28607331561386773,0.5158919177800033
26106,LOF,0.15532259075012514,0.12907640722716285,0.715601002022712
26107,LOF,0.23940933865884406,0.08878363339612255,0.6718070279450334
26108,LOF,0.2371720196452054,0.09037977599704383,0.6724482043577508
26109,LOF,0.0848497969924591,0.06272671548760454,0.8524234875199365
26110,LOF,0.22043276749787236,0.006879781256130467,0.7726874512459972
26111,Neutral,0.5209766006557488,0.021682115413054894,0.45734128393119633
26112,LOF,0.03316201050482662,0.006620089701029566,0.9602178997941438
26113,LOF,0.062243421040613166,0.014961889367789477,0.9227946895915975
26114,LOF,0.02524217122105987,0.028539816626059415,0.9462180121528806
26115,LOF,0.08620060550697126,0.04888079572803379,0.8649185987649949
26116,LOF,0.06091173297266958,0.061487259221369744,0.8776010078059607
26117,LOF,0.4520793086845041,0.04251927651812781,0.5054014147973681
26118,LOF,0.031816768023981444,0.02355565206277856,0.9446275799132401
26119,LOF,0.023361487960299906,0.04065993362036022,0.93597857841934
26120,LOF,0.02551841813087962,0.01819095596463574,0.9562906259044845
26121,LOF,0.04039218915301196,0.07854230221032754,0.8810655086366606
