feature0,prediction,LoGoFunc_Neutral,LoGoFunc_GOF,LoGoFunc_LOF
25546,Neutral,0.6068031744365193,0.050872931768747534,0.3423238937947331
25547,Neutral,0.4871762243617371,0.08935065784653164,0.42347311779173125
25548,Neutral,0.48049319904724996,0.0756512351508414,0.44385556580190855
25549,LOF,0.412567931836974,0.07661506125919404,0.5108170069038319
25550,LOF,0.34273267910744915,0.11680650723881228,0.5404608136537385
25551,LOF,0.2948093006357226,0.13100049199481667,0.5741902073694607
25552,LOF,0.265519068173276,0.13126846929256455,0.6032124625341594
25553,Neutral,0.7876256512853097,0.04405490890363084,0.16831943981105946
25554,LOF,0.30410462984232817,0.11512049051002785,0.580774879647644
25555,LOF,0.2637968364563186,0.1072968091983822,0.6289063543452992
25556,LOF,0.4462633920943515,0.09078310213171399,0.46295350577393446
25557,LOF,0.25052995143587714,0.11278697073021551,0.6366830778339073
25558,LOF,0.2973665281454619,0.10856318770371753,0.5940702841508206
25559,LOF,0.22564383087639253,0.14734834935235325,0.6270078197712543
25560,LOF,0.17561647880354336,0.100041285610997,0.7243422355854596
25561,LOF,0.16828511985427955,0.12034437193903866,0.7113705082066817
25562,LOF,0.07862444730800798,0.07449599702594006,0.846879555666052
25563,LOF,0.03223248063640225,0.11364212096756808,0.8541253983960296
25564,LOF,0.2050270047007821,0.09806751898277083,0.6969054763164471
25565,LOF,0.2022558767820509,0.1437903348285242,0.6539537883894249
25566,GOF,0.08458940461568615,0.6584846369740264,0.2569259584102875
25567,LOF,0.04083300362290063,0.18603775646213067,0.7731292399149687
25568,LOF,0.06258200495105921,0.10094262395085828,0.8364753710980826
25569,LOF,0.06110776986612831,0.10328478791917158,0.8356074422147002
25570,LOF,0.02593410928548175,0.12671043303332796,0.8473554576811902
25571,LOF,0.02592632662409378,0.13612565471602228,0.8379480186598839
25572,LOF,0.06708776743312393,0.15869212532888063,0.7742201072379954
25573,LOF,0.06427759613626445,0.12247056987164465,0.813251833992091
25574,LOF,0.06564923775250041,0.23951656858348175,0.6948341936640179
25575,LOF,0.02182247995569666,0.14740080443374048,0.8307767156105629
25576,LOF,0.03182302429655142,0.19136934139613337,0.7768076343073153
25577,LOF,0.03616226028916562,0.14443292348995093,0.8194048162208833
25578,LOF,0.3069213306145783,0.12657657393699748,0.5665020954484241
25579,LOF,0.14094358385021186,0.12966296463707247,0.7293934515127156
25580,LOF,0.020382190131810026,0.10353350200610566,0.8760843078620842
25581,LOF,0.05291904992756465,0.09472990721685738,0.852351042855578
25582,LOF,0.05277863507679242,0.09301668564562644,0.854204679277581
25583,LOF,0.022533872186764368,0.11090819373704734,0.8665579340761882
25584,Neutral,0.6770964086975798,0.14900899935121878,0.17389459195120135
25585,LOF,0.021874283771929584,0.18098058641019063,0.7971451298178798
25586,LOF,0.016931109156795982,0.09783209696208094,0.885236793881123
25587,LOF,0.016905323420874186,0.0881482146439774,0.8949464619351485
25588,LOF,0.020515745800408602,0.09771204064851742,0.8817722135510739
25589,Neutral,0.4972421516584988,0.2408301124763919,0.2619277358651092
25590,LOF,0.05055585834818014,0.15571405141584158,0.7937300902359782
25591,LOF,0.09664979078402826,0.08325492666067408,0.8200952825552977
25592,LOF,0.0523817261647242,0.1865143165333516,0.7611039573019241
25593,LOF,0.11267780567273494,0.30962622023011577,0.5776959740971493
25594,LOF,0.048730627285548035,0.08650962340866027,0.8647597493057916
25595,LOF,0.046874096867137935,0.058444606708020236,0.894681296424842
25596,LOF,0.10388266115974251,0.029052311933610613,0.8670650269066468
25597,LOF,0.0868772548029253,0.03840031843301453,0.8747224267640601
25598,LOF,0.047051156318237225,0.06499278720500318,0.8879560564767596
25599,LOF,0.020291091656181884,0.4357285680998954,0.5439803402439227
25600,GOF,0.18458502530161827,0.47369658255873753,0.3417183921396441
25601,LOF,0.04203452620801797,0.34185680883815234,0.6161086649538297
25602,LOF,0.034894886220383795,0.06492521495224567,0.9001798988273705
25603,LOF,0.0335014898565627,0.03934028048556834,0.927158229657869
25604,LOF,0.03870022205958434,0.08827394150473619,0.8730258364356794
25605,LOF,0.036547410007168636,0.1925713771820104,0.7708812128108211
25606,LOF,0.4238557096763994,0.1310780427942254,0.44506624752937507
25607,LOF,0.030469086847800225,0.18418527436661503,0.7853456387855846
25608,LOF,0.04062900226724687,0.08694189541841375,0.8724291023143393
25609,GOF,0.14153211571128824,0.5233802242929253,0.3350876599957864
25610,LOF,0.014718565708457086,0.046229058632277394,0.9390523756592656
25611,LOF,0.013114375258087558,0.04647335396857097,0.9404122707733416
25612,LOF,0.04561145093901773,0.06544962732661108,0.8889389217343713
25613,LOF,0.04287422651702341,0.061172258739687284,0.8959535147432893
25614,LOF,0.021694325224796644,0.04270452076872463,0.9356011540064788
25615,LOF,0.04203119617438537,0.06306286167956227,0.8949059421460525
25616,LOF,0.047894654210792253,0.04216279648996388,0.9099425492992439
25617,LOF,0.03883314485949338,0.051162382890211994,0.9100044722502946
25618,LOF,0.04130292619158754,0.06000959076482973,0.8986874830435828
25619,LOF,0.012549630457302938,0.05470621148872308,0.9327441580539739
25620,LOF,0.05558353469556792,0.06145380722194729,0.8829626580824848
25621,LOF,0.056149612986347165,0.05109566254209785,0.8927547244715549
25622,LOF,0.060370926271099606,0.05077409075953803,0.8888549829693623
25623,LOF,0.0673800959562798,0.044099131692541226,0.888520772351179
25624,LOF,0.017434795935404035,0.054309309020306555,0.9282558950442895
25625,LOF,0.05952717010564933,0.053609289709932055,0.8868635401844185
25626,LOF,0.049656447679736745,0.059809171794758385,0.8905343805255049
25627,Neutral,0.8863768855482638,0.023598760725144198,0.09002435372659191
25628,LOF,0.16648706301795252,0.06404268982832247,0.769470247153725
25629,LOF,0.06469916889624697,0.04787159694355378,0.8874292341601993
25630,LOF,0.26874133229493147,0.07759970668154562,0.6536589610235228
25631,Neutral,0.5252378753943192,0.06877864524344313,0.4059834793622377
25632,LOF,0.02469801065646933,0.0809056720133869,0.8943963173301438
25633,LOF,0.15504264171648358,0.046979201671000684,0.7979781566125157
25634,LOF,0.034108925677067886,0.09684517316775818,0.8690459011551739
25635,LOF,0.032983177066878276,0.048013683278051014,0.9190031396550707
25636,LOF,0.03295260310889013,0.4566152059777232,0.5104321909133867
25637,GOF,0.06558909292110184,0.4973715533015302,0.437039353777368
25638,LOF,0.03410791648465753,0.3721558060869961,0.5937362774283464
25639,LOF,0.02928896864178977,0.38629574397123273,0.5844152873869775
25640,Neutral,0.8404181113602018,0.10829248242493755,0.051289406214860535
25641,GOF,0.08014705648553024,0.4888480421700574,0.43100490134441233
25642,LOF,0.0620393407684024,0.18320223780495776,0.7547584214266398
25643,LOF,0.21528578188347444,0.13733196085307206,0.6473822572634536
25644,LOF,0.024807072071570787,0.45524231864220877,0.5199506092862204
25645,LOF,0.027078091364096037,0.39502261547199474,0.5778992931639092
25646,LOF,0.0663399323930871,0.28949468289478475,0.644165384712128
25647,LOF,0.02934368018577471,0.2380622044878968,0.7325941153263286
25648,LOF,0.035533214738122036,0.24350537949558115,0.7209614057662969
25649,LOF,0.01855174305495077,0.21747642839816797,0.7639718285468812
25650,LOF,0.055979178083223766,0.3796376976849523,0.5643831242318239
25651,LOF,0.020572721642200323,0.2551819508518853,0.7242453275059144
25652,LOF,0.03365976873327588,0.2562845215442682,0.7100557097224559
25653,LOF,0.08924419226175817,0.4187088700719124,0.4920469376663294
25654,LOF,0.02219991292000632,0.2211046053811262,0.7566954816988676
25655,GOF,0.2374622596697987,0.40308515170144044,0.35945258862876084
25656,LOF,0.36466172829404425,0.08974070037266425,0.5455975713332915
25657,LOF,0.06799781371771697,0.08058814827088649,0.8514140380113965
25658,LOF,0.36486413281619673,0.08839742266434002,0.5467384445194632
25659,Neutral,0.5170563947252725,0.12069649668608608,0.3622471085886414
25660,LOF,0.023025961526687243,0.08542051688520262,0.8915535215881102
25661,LOF,0.09754745727924055,0.05847333598615409,0.8439792067346054
25662,LOF,0.03582427940606307,0.03437321812658336,0.9298025024673536
25663,LOF,0.043702347364313984,0.04548019412090235,0.9108174585147837
25664,LOF,0.13929772993899187,0.061936259478194845,0.7987660105828133
25665,LOF,0.05921178884106261,0.03148265173053238,0.9093055594284051
25666,LOF,0.09163015961634836,0.05829068993439208,0.8500791504492595
25667,LOF,0.07522793034016231,0.03996619798849825,0.8848058716713394
25668,LOF,0.03822353686433401,0.05081639430533918,0.9109600688303269
25669,LOF,0.032209176928829734,0.04530888684825826,0.9224819362229121
25670,LOF,0.13507624116669342,0.05226162255314809,0.8126621362801584
25671,LOF,0.11907674290011894,0.03453986473059354,0.8463833923692875
25672,LOF,0.055230387987723936,0.043381187935968346,0.9013884240763077
25673,LOF,0.08245176125005635,0.050387203601038086,0.8671610351489055
25674,LOF,0.07448370703775171,0.057462492883910574,0.8680538000783378
25675,LOF,0.11362190638147762,0.057717905668440386,0.828660187950082
25676,LOF,0.01981760585028365,0.0511460270468814,0.929036367102835
25677,LOF,0.024996953784964412,0.06740895920958247,0.9075940870054531
25678,LOF,0.22426967278885762,0.06350637234752626,0.7122239548636161
25679,LOF,0.12124094495244488,0.07099278760725235,0.8077662674403028
25680,LOF,0.036909596297512684,0.11072537540544368,0.8523650282970436
25681,LOF,0.05437365046197926,0.10414011631268451,0.8414862332253361
25682,LOF,0.14139551336022535,0.07078768891044027,0.7878167977293343
25683,LOF,0.12207529442918201,0.07991327077974872,0.7980114347910692
25684,LOF,0.04334998428175364,0.06255336994196231,0.894096645776284
25685,LOF,0.12371492794585506,0.06972261055442631,0.8065624614997187
25686,LOF,0.07651868577801102,0.10845611338982085,0.8150252008321681
25687,LOF,0.13175007430326532,0.10517566378008242,0.7630742619166523
25688,LOF,0.3522486890383666,0.04828802442411094,0.5994632865375225
25689,LOF,0.2672227552748877,0.052616554770774475,0.6801606899543378
25690,LOF,0.35286536376144395,0.03770561429270483,0.6094290219458511
25691,Neutral,0.7228313601220566,0.03569125208238411,0.24147738779555936
25692,LOF,0.3404422073694487,0.012597306348330214,0.6469604862822211
25693,LOF,0.04514791203569835,0.42502719432533465,0.529824893638967
25694,LOF,0.11309572021633131,0.015928207337640925,0.8709760724460277
25695,LOF,0.10861940021341597,0.014885588786078848,0.8764950110005052
25696,LOF,0.12985334766511253,0.011475011089478628,0.8586716412454088
25697,LOF,0.08450897107945438,0.054143880570608836,0.8613471483499368
25698,LOF,0.3193472705644474,0.16974815790487766,0.5109045715306749
25699,Neutral,0.5388440409797952,0.039896388353376847,0.4212595706668279
25700,LOF,0.08013696786304601,0.010707409517998204,0.9091556226189558
25701,LOF,0.2022495872731841,0.04699441787966363,0.7507559948471523
25702,GOF,0.18268502082505397,0.5952816019568526,0.22203337721809338
25703,LOF,0.01645537508333023,0.16936908184338148,0.8141755430732884
25704,LOF,0.03940688485371324,0.10847657923627173,0.852116535910015
25705,LOF,0.051291395794007245,0.15137616307617177,0.7973324411298209
25706,LOF,0.10666074197581907,0.4080486310715347,0.48529062695264624
25707,LOF,0.08941587946610524,0.3530422168834356,0.5575419036504591
25708,LOF,0.03734687476697958,0.31942581126758957,0.6432273139654309
25709,LOF,0.06786231935050144,0.04533607297396833,0.8868016076755303
25710,LOF,0.012004349360384655,0.1532173598902232,0.8347782907493921
25711,LOF,0.02202249924387594,0.0870231077621373,0.8909543929939867
25712,LOF,0.01452950641818252,0.1897797360999265,0.795690757481891
25713,LOF,0.020304054603378384,0.0862965573607636,0.893399388035858
25714,LOF,0.07977035652652625,0.08320561205266899,0.8370240314208048
25715,LOF,0.012152347763926744,0.12854942790586293,0.8592982243302104
25716,LOF,0.012005083703470178,0.10596404457680354,0.8820308717197263
25717,LOF,0.015177527924760516,0.0736314880413351,0.9111909840339044
25718,LOF,0.01213178304865762,0.08774302624178426,0.9001251907095582
25719,LOF,0.020031133044359144,0.08001326066024526,0.8999556062953955
25720,LOF,0.02585419134982904,0.07159352453895577,0.9025522841112152
25721,LOF,0.014054419523704644,0.10882998934657363,0.8771155911297217
25722,LOF,0.014738393996190606,0.11939164377443928,0.8658699622293702
25723,LOF,0.02494687875482239,0.0514313954450129,0.9236217258001647
25724,LOF,0.03267209022535908,0.08045922525542543,0.8868686845192154
25725,LOF,0.012047702730524102,0.07754853554168425,0.9104037617277917
25726,LOF,0.01595027125078571,0.10997501764328368,0.8740747111059306
25727,LOF,0.01263737997651209,0.08546964611170323,0.9018929739117847
25728,LOF,0.01058546996070946,0.10873476526638612,0.8806797647729045
25729,LOF,0.010858464442920697,0.10920031864857095,0.8799412169085084
25730,LOF,0.01419752478409834,0.09267387355068575,0.8931286016652159
25731,LOF,0.020550522009443753,0.10078158179890541,0.8786678961916508
25732,LOF,0.014822055417838832,0.07456220977261319,0.9106157348095479
25733,LOF,0.01598566768254622,0.07099700447763192,0.9130173278398218
25734,LOF,0.01085284235026218,0.12184970439276045,0.8672974532569774
25735,LOF,0.012914996095224394,0.07779304817443126,0.9092919557303444
25736,LOF,0.013625402462970181,0.0999232948792279,0.8864513026578019
25737,LOF,0.01270506244749927,0.07560737800652119,0.9116875595459795
25738,LOF,0.012334579171047372,0.10708266274745201,0.8805827580815005
25739,LOF,0.021907756512594436,0.08490938695206605,0.8931828565353396
25740,LOF,0.02840764199199366,0.12622520277268637,0.84536715523532
25741,LOF,0.016898553514464624,0.12042608493974426,0.8626753615457912
25742,LOF,0.13141017516943168,0.08083730842000533,0.787752516410563
25743,LOF,0.03748340619818943,0.054395845948763184,0.9081207478530474
25744,Neutral,0.5585937631655327,0.24967544137111689,0.1917307954633505
25745,LOF,0.06427056838665879,0.07753519233375829,0.8581942392795829
25746,LOF,0.0450585653235716,0.09744204291850461,0.8574993917579238
25747,LOF,0.0186398738879352,0.07696960052367668,0.9043905255883881
25748,LOF,0.09003378993782164,0.11232375853371197,0.7976424515284664
25749,LOF,0.026841035840503367,0.09880622669276072,0.8743527374667359
25750,LOF,0.07941557791305175,0.0934087994111251,0.8271756226758232
25751,LOF,0.07967233080858686,0.15162649068525227,0.7687011785061609
25752,GOF,0.11793103856821308,0.647796715414062,0.2342722460177249
25753,LOF,0.022221570085172185,0.29614810628669797,0.6816303236281299
25754,GOF,0.0137135718762536,0.805395524803831,0.1808909033199153
25755,LOF,0.023639835890874185,0.39858079643935634,0.5777793676697693
25756,LOF,0.04583200016188235,0.3908964959594825,0.5632715038786351
25757,GOF,0.017686362940645687,0.83958043443812,0.14273320262123423
25758,GOF,0.03031106037828198,0.7854320993510463,0.18425684027067174
25759,GOF,0.010676003949733446,0.6165565658360981,0.3727674302141684
25760,LOF,0.01275676580753856,0.2981420379039191,0.6891011962885425
25761,GOF,0.28094550748796243,0.6195480439115074,0.0995064486005301
25762,LOF,0.047708665190759926,0.2836741070432595,0.6686172277659806
25763,LOF,0.014658373715746251,0.21574661822131483,0.769595008062939
25764,GOF,0.10019723691606458,0.6103234503057962,0.28947931277813915
25765,GOF,0.042273704291944526,0.744765579424726,0.2129607162833294
25766,GOF,0.0615853910248124,0.7319616465828052,0.20645296239238242
25767,GOF,0.14372019097714936,0.5350853719528645,0.3211944370699862
25768,LOF,0.10451623346318414,0.05790876558126703,0.8375750009555488
25769,LOF,0.05760818682400491,0.07224765487189387,0.8701441583041013
25770,LOF,0.3284565322933759,0.10858633787870636,0.5629571298279178
25771,LOF,0.047976295296205264,0.052979713411975826,0.8990439912918188
25772,LOF,0.019247795696074422,0.05098197585333708,0.9297702284505884
25773,LOF,0.0435331870075312,0.0972000974421322,0.8592667155503366
25774,LOF,0.02967883139816036,0.0854508198551856,0.884870348746654
25775,LOF,0.04808720071350677,0.049115478200195274,0.902797321086298
25776,LOF,0.07935517793878549,0.02869608889904755,0.8919487331621669
25777,LOF,0.376127000746621,0.06552592388334627,0.5583470753700327
25778,LOF,0.07342302424941882,0.05437869779612832,0.8721982779544529
25779,GOF,0.36868740023297064,0.5957728491128418,0.0355397506541876
25780,GOF,0.3396168391094826,0.5916140895643959,0.06876907132612158
25781,GOF,0.12960866164102688,0.7718969841142781,0.09849435424469503
25782,GOF,0.2036658584116338,0.7158032395858954,0.08053090200247076
25783,GOF,0.020494679697764168,0.6412182244015056,0.33828709590073036
25784,Neutral,0.4981517251168931,0.4624965510081621,0.039351723874944775
25785,GOF,0.4680095996617367,0.4988073889972382,0.0331830113410252
25786,GOF,0.028546767019885552,0.7661775274476452,0.20527570553246935
25787,Neutral,0.6522816877850951,0.3253615231736673,0.022356789041237675
25788,LOF,0.06091545416187297,0.10796152838872122,0.8311230174494059
25789,GOF,0.2236035865901562,0.6528641070333081,0.12353230637653573
25790,GOF,0.21913849520881348,0.6952999930810374,0.0855615117101491
25791,GOF,0.18664030149725658,0.6811056829584409,0.13225401554430258
25792,GOF,0.39120153871856767,0.5086695888218917,0.10012887245954061
25793,GOF,0.25828431637411514,0.5316741552477842,0.21004152837810058
25794,GOF,0.32543500574746753,0.5212486212347235,0.15331637301780907
25795,GOF,0.08330393676369723,0.6852578468451105,0.23143821639119233
25796,Neutral,0.5575568798784647,0.36806946941457774,0.07437365070695764
25797,GOF,0.09133106814711553,0.5330497655400933,0.3756191663127912
25798,GOF,0.010635882542036724,0.513621657517179,0.4757424599407842
25799,LOF,0.007849448046500285,0.41797343325749914,0.5741771186960005
25800,GOF,0.03525767994083594,0.6037088038125934,0.3610335162465706
25801,GOF,0.22649586667178026,0.6631409603582689,0.11036317296995087
25802,GOF,0.06413329773790509,0.7073031826323714,0.2285635196297236
25803,GOF,0.04511323032926485,0.5933636534472814,0.36152311622345384
25804,GOF,0.03646008652500695,0.5070755823616815,0.4564643311133114
25805,GOF,0.10150406448352918,0.5994433202151118,0.299052615301359
25806,GOF,0.11266368567761474,0.6227455702623672,0.26459074406001803
25807,GOF,0.021744396283088566,0.6198178477878244,0.35843775592908694
25808,GOF,0.08879150997063986,0.6482522421861479,0.26295624784321225
25809,GOF,0.021332277750162162,0.620051483156888,0.35861623909295004
25810,GOF,0.01988229025431047,0.6351072519625355,0.34501045778315403
25811,Neutral,0.47285486563098317,0.46480575179483963,0.06233938257417713
25812,GOF,0.03521092988193633,0.6370032790916397,0.32778579102642397
25813,Neutral,0.5130105909056405,0.3926184261550953,0.09437098293926435
25814,GOF,0.12938389083840218,0.6643846627695074,0.20623144639209046
25815,GOF,0.20375915387123975,0.6260627682237363,0.17017807790502404
25816,GOF,0.022111234331835598,0.7055985667050437,0.2722901989631208
25817,GOF,0.23582846250413336,0.6426220997230597,0.12154943777280695
25818,GOF,0.057478147759018106,0.6375197892336837,0.3050020630072982
25819,GOF,0.3716943766474756,0.4970083358749972,0.13129728747752728
25820,GOF,0.17700926217176927,0.6155069658302178,0.20748377199801296
25821,GOF,0.05389783676591958,0.686137975885962,0.2599641873481184
25822,GOF,0.20536966151708572,0.5613697897896632,0.23326054869325108
25823,GOF,0.02852627314431614,0.5208076191433,0.4506661077123838
25824,GOF,0.0738629378342462,0.5716891377763162,0.35444792438943756
25825,GOF,0.029363492715648063,0.5635715473773864,0.40706495990696545
25826,GOF,0.010384494151873811,0.5345928594991206,0.4550226463490056
25827,GOF,0.02108995987289556,0.5860939547622375,0.392816085364867
25828,GOF,0.012561926686318203,0.5197704478293532,0.4676676254843285
25829,GOF,0.006748736985930457,0.5707233458866819,0.4225279171273877
25830,LOF,0.035919212137633556,0.3238707075615417,0.6402100803008247
25831,GOF,0.2138838543567361,0.6660947610579001,0.12002138458536368
25832,GOF,0.03152026375731569,0.6831098377002393,0.28536989854244504
25833,GOF,0.13812282435581855,0.6986807211046794,0.16319645453950204
25834,GOF,0.04030322658833335,0.6956149863697408,0.2640817870419258
25835,GOF,0.09911680841183099,0.744076281533597,0.15680691005457212
25836,GOF,0.05137233385811895,0.6692317115788337,0.2793959545630474
25837,GOF,0.02725757364211388,0.5455279348722668,0.4272144914856193
25838,GOF,0.09582566901942592,0.7438416130131045,0.1603327179674695
25839,GOF,0.32732043732849236,0.5446574016349693,0.12802216103653835
25840,GOF,0.2663927379441792,0.575755072514783,0.15785218954103786
25841,GOF,0.2875249768130818,0.5669830342274349,0.1454919889594834
25842,GOF,0.21496942755170073,0.6540773382119663,0.13095323423633293
25843,GOF,0.2706962471730162,0.6466712226633025,0.08263253016368118
25844,GOF,0.07340254752486737,0.695485261046464,0.2311121914286687
25845,LOF,0.015191785196720944,0.4832242116440307,0.5015840031592483
25846,GOF,0.14813149210604049,0.6891917012741652,0.16267680661979425
25847,GOF,0.13607430901012507,0.7565995830569144,0.10732610793296042
25848,GOF,0.038251250765456685,0.7144964091778807,0.24725234005666274
25849,GOF,0.011234442833217052,0.5861716822890848,0.40259387487769815
25850,GOF,0.022050621382230965,0.6498170277017447,0.3281323509160245
25851,GOF,0.017273202279713747,0.5499137305157544,0.43281306720453183
25852,GOF,0.16967774728686064,0.5691158578505943,0.2612063948625451
25853,GOF,0.364267233357938,0.5794902947058092,0.056242471936252876
25854,GOF,0.020939287357771865,0.6372296697734868,0.34183104286874133
25855,GOF,0.03335231897392034,0.5956403110463441,0.37100736997973555
25856,GOF,0.24918974820113748,0.5572403308956452,0.19356992090321729
25857,GOF,0.03237518126416068,0.5230654223964715,0.444559396339368
25858,GOF,0.017629620990752222,0.5538316021812603,0.4285387768279875
25859,GOF,0.009428515835718947,0.542690080355922,0.44788140380835895
25860,GOF,0.36684752382867697,0.5529211524715028,0.08023132369982039
25861,GOF,0.43557383708044317,0.49893908526215697,0.06548707765739983
25862,GOF,0.10342991349364553,0.7631462408309687,0.13342384567538573
25863,GOF,0.1058548596201366,0.771520045919274,0.12262509446058924
25864,GOF,0.21490676614794077,0.7089982001024899,0.07609503374956932
25865,GOF,0.08390267767928802,0.8147708596765275,0.10132646264418432
25866,GOF,0.06547969628629913,0.8119280047882352,0.12259229892546569
25867,GOF,0.09646041686144224,0.8103187516446785,0.09322083149387933
25868,GOF,0.27081195680450193,0.6420488406765256,0.08713920251897249
25869,Neutral,0.6954288962589299,0.26930117999843733,0.035269923742632714
25870,Neutral,0.3524453372679647,0.3495833916173924,0.29797127111464294
25871,GOF,0.22678273507641739,0.6161866754082453,0.15703058951533727
25872,GOF,0.09704209725652548,0.6319848331758061,0.27097306956766837
25873,GOF,0.16715667193776307,0.6359225531772094,0.1969207748850275
25874,LOF,0.018359587563063322,0.10948786148961162,0.8721525509473249
25875,LOF,0.10498274775029948,0.03516801453605691,0.8598492377136436
25876,LOF,0.03703776313841927,0.045309153897328105,0.9176530829642526
25877,Neutral,0.5303009520239227,0.038780668899117375,0.43091837907696007
25878,LOF,0.2285345989471279,0.07091716075118658,0.7005482403016855
25879,LOF,0.0929217481161154,0.07842086041396917,0.8286573914699155
25880,LOF,0.024373297655146075,0.019839916646529017,0.9557867856983249
25881,LOF,0.1770332979837233,0.11297450551121886,0.7099921965050578
25882,LOF,0.07019236216503896,0.015456507035921682,0.9143511307990393
25883,LOF,0.08162895237787124,0.017945031212165074,0.9004260164099637
25884,LOF,0.038457139461329004,0.026893012762715794,0.9346498477759552
25885,LOF,0.06944818010342968,0.01106462608436019,0.9194871938122101
25886,LOF,0.27946485808726235,0.03203598662923255,0.6884991552835051
25887,LOF,0.1568876604315004,0.0637560946672303,0.7793562449012694
25888,LOF,0.06997902919275287,0.058481579577648615,0.8715393912295984
25889,LOF,0.049516430944400405,0.017453832260798066,0.9330297367948015
25890,LOF,0.05187445022737122,0.11551953636181371,0.832606013410815
25891,LOF,0.04531171399527522,0.044609501805287055,0.9100787841994377
25892,LOF,0.09170960893275447,0.023221731183118977,0.8850686598841265
25893,LOF,0.2554528737706747,0.018491824284396725,0.7260553019449285
25894,LOF,0.1870601312467127,0.010696115190374255,0.8022437535629131
25895,LOF,0.21309965489809585,0.019958637128141526,0.7669417079737626
25896,LOF,0.04804818718494309,0.02196057864088612,0.9299912341741707
25897,LOF,0.2818580408512986,0.01323608033222435,0.7049058788164769
25898,Neutral,0.702119947092453,0.010603555872034038,0.28727649703551283
25899,LOF,0.2190465602114444,0.023552093523717472,0.7574013462648381
25900,LOF,0.4571213687165235,0.017852122058748244,0.5250265092247283
25901,LOF,0.05403962941153425,0.011644216523713674,0.9343161540647522
25902,LOF,0.16660784956512592,0.01297172679466889,0.8204204236402053
25903,Neutral,0.5133892343573188,0.035883167050120776,0.4507275985925605
25904,LOF,0.2887243035346399,0.046012372298557765,0.6652633241668023
25905,LOF,0.023016708799226536,0.3014116268763897,0.6755716643243836
25906,LOF,0.022354936637944443,0.06781105271015903,0.9098340106518966
25907,LOF,0.014999486380283247,0.29385321811254533,0.6911472955071714
25908,LOF,0.010886382839832148,0.22185456220515795,0.7672590549550099
25909,LOF,0.012481204230659296,0.145510534262299,0.8420082615070417
25910,LOF,0.04809882786508411,0.13328574919538377,0.818615422939532
25911,LOF,0.1605519053078257,0.0345300532220191,0.8049180414701553
25912,LOF,0.04605857703825781,0.04853031252634489,0.9054111104353973
25913,LOF,0.3135443968729118,0.022448841076466903,0.6640067620506214
25914,LOF,0.018703721609031825,0.12337920810781404,0.8579170702831541
25915,Neutral,0.46941845877717,0.31883646553482736,0.2117450756880027
25916,LOF,0.06204812124281454,0.3971941418975865,0.5407577368595988
25917,LOF,0.06117535557359248,0.08230813167256953,0.8565165127538381
25918,LOF,0.024934653279317116,0.07881885692618207,0.8962464897945007
25919,LOF,0.021586326952813224,0.07771813927726884,0.9006955337699181
25920,GOF,0.10157648145431573,0.4926019517615267,0.40582156678415743
25921,LOF,0.026140644565853955,0.028611982954219576,0.9452473724799264
25922,LOF,0.03618096734657632,0.020564488103397883,0.9432545445500258
25923,LOF,0.41516612765220995,0.022892020130424826,0.5619418522173651
25924,LOF,0.03648190687395997,0.04071658213521726,0.9228015109908229
25925,LOF,0.06209687649204442,0.028575069269619283,0.9093280542383363
25926,LOF,0.04398413271507416,0.023066061921078386,0.9329498053638474
25927,LOF,0.07149380644392181,0.08375093804221634,0.8447552555138619
25928,LOF,0.020101967359472644,0.037332721507311324,0.9425653111332161
25929,Neutral,0.5438821281029856,0.024965507128380682,0.4311523647686338
25930,LOF,0.05473692858750739,0.02101682832638721,0.9242462430861055
25931,LOF,0.02916588417916801,0.022115117862522404,0.9487189979583096
25932,LOF,0.027237811175291008,0.020918444998598195,0.9518437438261109
25933,LOF,0.03799845228226036,0.01451601278280203,0.9474855349349377
25934,LOF,0.024206263699835855,0.018542423487971964,0.9572513128121922
25935,LOF,0.055959552202828354,0.033441791832887396,0.9105986559642842
25936,LOF,0.04758240413401244,0.020868863026967277,0.9315487328390204
25937,LOF,0.029242473882954,0.030042446687230037,0.9407150794298159
25938,LOF,0.06023215453074135,0.03317055203221015,0.9065972934370485
25939,LOF,0.039218251847848495,0.014251944913079866,0.9465298032390717
25940,LOF,0.0333400846450121,0.39590419159848655,0.5707557237565014
25941,LOF,0.19475199982804497,0.09380604606049467,0.7114419541114604
25942,LOF,0.01748911604123418,0.027711602061383872,0.9547992818973818
25943,LOF,0.30925561673952423,0.0543081066149602,0.6364362766455156
25944,Neutral,0.49795586314974954,0.02680785556697911,0.47523628128327133
25945,LOF,0.06719486548972071,0.02174542778352952,0.9110597067267499
25946,LOF,0.027562908811863462,0.14453899460507058,0.827898096583066
25947,LOF,0.14015361265256446,0.20333624583811902,0.6565101415093165
25948,LOF,0.4097547575244433,0.011319103977158143,0.5789261384983985
25949,LOF,0.10430356881518865,0.05247513459153269,0.8432212965932787
25950,GOF,0.26182463771716974,0.4088545846114293,0.32932077767140094
25951,LOF,0.25955781852090065,0.22287228280487384,0.5175698986742255
25952,LOF,0.04897521009274656,0.43549284009882117,0.5155319498084323
25953,LOF,0.12412307336658061,0.11816470899526306,0.7577122176381564
25954,Neutral,0.4185947739664368,0.19417577735353744,0.38722944868002585
25955,LOF,0.05398923842087013,0.08665604080262707,0.8593547207765029
25956,LOF,0.16641997412457832,0.11277499666968474,0.720805029205737
25957,LOF,0.04093028669412284,0.03757144526482477,0.9214982680410525
25958,LOF,0.0636986355739623,0.0266030855316775,0.9096982788943602
25959,LOF,0.07378746862822791,0.37425498625605935,0.5519575451157127
25960,LOF,0.0203367647863703,0.04830007483887905,0.9313631603747506
25961,LOF,0.05301668832383923,0.026649627450514937,0.9203336842256459
25962,LOF,0.06352546861317425,0.030826571263860524,0.9056479601229653
25963,LOF,0.05002434719392467,0.16650895143988656,0.7834667013661889
25964,LOF,0.041720989196012435,0.14180540664644029,0.8164736041575472
25965,LOF,0.4484433454175257,0.08500667903389054,0.4665499755485838
25966,Neutral,0.4692681708298128,0.10857189554788965,0.4221599336222975
25967,LOF,0.01263267855414967,0.0626896176386729,0.9246777038071775
25968,LOF,0.03232735582064954,0.48020116767843607,0.48747147650091427
25969,LOF,0.023542403954973447,0.06276969507552464,0.9136879009695018
25970,LOF,0.059125100661569285,0.057124830288884376,0.8837500690495464
25971,LOF,0.07585831465669572,0.01419934684664303,0.9099423384966613
25972,LOF,0.07611423746552541,0.01890710329740034,0.9049786592370743
25973,LOF,0.0878257096775239,0.008624864726848416,0.9035494255956277
25974,LOF,0.1965442907869291,0.016723263763110882,0.78673244544996
25975,LOF,0.05239626342397375,0.025807895923071655,0.9217958406529545
25976,LOF,0.04493806009940832,0.014736373633574162,0.9403255662670176
25977,LOF,0.15370164904971623,0.09014865262328599,0.7561496983269977
25978,LOF,0.1589388670772185,0.04959580862724201,0.7914653242955395
25979,LOF,0.14556557690634417,0.051779253394333515,0.8026551696993224
25980,LOF,0.21923255545489223,0.07071384094637416,0.7100536035987336
25981,LOF,0.24565103614244369,0.06831529418796543,0.6860336696695909
25982,LOF,0.4182504601943261,0.04592768377428269,0.5358218560313912
25983,LOF,0.3950280882829866,0.04963160514294584,0.5553403065740675
25984,LOF,0.054047633359175624,0.04899933541785106,0.8969530312229733
25985,LOF,0.0291387886494433,0.23420611514524775,0.736655096205309
25986,LOF,0.04222154375445811,0.2678631018319307,0.6899153544136113
25987,LOF,0.0807311540433258,0.06857264155843021,0.850696204398244
25988,LOF,0.13780174921552563,0.053102564397624764,0.8090956863868496
25989,LOF,0.03016477806888787,0.0996750122508529,0.8701602096802592
25990,LOF,0.03866438647871943,0.1267797670811173,0.8345558464401633
25991,LOF,0.16968836527191566,0.28559466204783895,0.5447169726802454
25992,LOF,0.375038442147874,0.1432867522508502,0.48167480560127585
25993,LOF,0.023216079477950465,0.07029505485009023,0.9064888656719593
25994,LOF,0.01706926126571494,0.10118665264404346,0.8817440860902417
25995,LOF,0.025792790745468665,0.1894515439285456,0.7847556653259857
25996,GOF,0.30799990240697983,0.41457624753814903,0.2774238500548712
25997,LOF,0.09622701758275441,0.43938387487729696,0.46438910753994855
25998,Neutral,0.5329382387010797,0.025565444236158585,0.4414963170627617
25999,LOF,0.10548345905766154,0.1343808085799339,0.7601357323624045
26000,LOF,0.17089723329308812,0.030124137385223796,0.7989786293216881
26001,LOF,0.2110573186315853,0.03228510496460525,0.7566575764038094
26002,LOF,0.13143677364256479,0.03209539327986741,0.8364678330775679
26003,GOF,0.01156635507326179,0.5494791437896709,0.43895450113706724
26004,GOF,0.028751448194186905,0.6193773810131489,0.3518711707926643
26005,LOF,0.009677016185651345,0.42339218793905264,0.5669307958752959
26006,Neutral,0.5261355826832403,0.20885436509751995,0.26501005221923973
26007,GOF,0.025864773992902372,0.522480709100789,0.45165451690630865
26008,GOF,0.019864783119756,0.5812377244621144,0.39889749241812955
26009,GOF,0.026496849347858738,0.6032354090540554,0.3702677415980858
26010,GOF,0.033061718168035686,0.5994858613879757,0.3674524204439887
26011,LOF,0.008201175063648642,0.4346227289883071,0.5571760959480443
26012,GOF,0.017669465934293766,0.5539931933536907,0.4283373407120155
26013,GOF,0.02376682884353541,0.588741361509382,0.3874918096470826
26014,LOF,0.040949684367808596,0.15536204051278196,0.8036882751194095
26015,LOF,0.21290355964461097,0.009284786889526806,0.7778116534658622
26016,LOF,0.25214058011179086,0.04341529758985966,0.7044441222983494
26017,LOF,0.257030310203597,0.06974028965203832,0.6732294001443647
26018,LOF,0.10478924456298519,0.03015394282651078,0.865056812610504
26019,LOF,0.10141522919557777,0.024320706738145206,0.8742640640662771
26020,LOF,0.07063216487251715,0.09261577624158926,0.8367520588858937
26021,LOF,0.04685944527891515,0.1194138686686797,0.8337266860524052
26022,LOF,0.012158636415338153,0.04073874697152524,0.9471026166131367
26023,LOF,0.13409475654765127,0.021193949391967924,0.8447112940603808
26024,LOF,0.0290080335093498,0.11026139019204609,0.860730576298604
26025,LOF,0.17263800750247185,0.09170624731262357,0.7356557451849046
26026,LOF,0.3331945104465598,0.028306609789729955,0.6384988797637102
26027,LOF,0.09970791078883512,0.015298527329971175,0.8849935618811937
26028,LOF,0.13962163247171433,0.06505848905361628,0.7953198784746693
26029,LOF,0.0737909974769346,0.1993017305057553,0.72690727201731
26030,LOF,0.028309793810198595,0.06331311451335493,0.9083770916764464
26031,LOF,0.033445140378061795,0.15217351049013206,0.814381349131806
26032,LOF,0.07093141300890814,0.068340063775461,0.8607285232156309
26033,LOF,0.13582962786120503,0.08218675323963584,0.7819836188991591
26034,LOF,0.051374203610905715,0.1602823438357224,0.7883434525533718
26035,LOF,0.029346325935897494,0.1476997501240354,0.8229539239400671
26036,LOF,0.0439491567895535,0.18311992384216422,0.7729309193682823
26037,LOF,0.024276984582585932,0.11913070312718999,0.856592312290224
26038,LOF,0.06568671178955961,0.07042250296121383,0.8638907852492266
26039,LOF,0.05697690759315319,0.14927488238927542,0.7937482100175713
26040,LOF,0.20107686328539057,0.14391309478728523,0.6550100419273241
26041,LOF,0.02581019991433663,0.11700104427829826,0.8571887558073651
26042,LOF,0.02491750050390115,0.10963045348048447,0.8654520460156144
26043,LOF,0.06430809540562571,0.08391242538647921,0.8517794792078951
26044,LOF,0.022977990313967418,0.07428767199932164,0.9027343376867109
26045,LOF,0.07191666508328513,0.10280701654549027,0.8252763183712246
26046,LOF,0.06651504604777742,0.0807499033708772,0.8527350505813454
26047,LOF,0.08812323422949833,0.08576108428774734,0.8261156814827543
26048,LOF,0.05164117634726489,0.04525373318212766,0.9031050904706075
26049,Neutral,0.9612775034377004,0.008107987375271818,0.030614509187027864
26050,Neutral,0.9454397942154266,0.010174963440580343,0.04438524234399302
26051,LOF,0.04620461582756666,0.32227169128262506,0.6315236928898083
26052,LOF,0.06355424883514074,0.3533437764353449,0.5831019747295143
26053,LOF,0.06186276009018791,0.13830815648913927,0.7998290834206728
26054,LOF,0.057509703387797,0.01845475653515145,0.9240355400770516
26055,LOF,0.07127160155818814,0.014694380018464936,0.914034018423347
26056,LOF,0.0617621773317825,0.01592669792202574,0.9223111247461917
26057,LOF,0.030569741240903628,0.01097408888836053,0.9584561698707358
26058,LOF,0.03165235226766036,0.008793908335042957,0.9595537393972967
26059,LOF,0.3091528401662105,0.023484213161616353,0.6673629466721732
26060,LOF,0.034360123067885225,0.1697715441090226,0.7958683328230922
26061,LOF,0.01881732169327543,0.010786213709748244,0.9703964645969764
26062,LOF,0.011498667250997562,0.019173021939784835,0.9693283108092176
26063,LOF,0.02271447731669303,0.012800337471134576,0.9644851852121723
26064,LOF,0.023811844491761706,0.01952178271606575,0.9566663727921725
26065,LOF,0.026139649537536034,0.010788721024722236,0.9630716294377417
26066,LOF,0.0218085693731837,0.011036975479463586,0.9671544551473527
26067,LOF,0.028565258402049654,0.008096018578563175,0.9633387230193873
26068,LOF,0.048119086116901355,0.03264413399526087,0.9192367798878377
26069,LOF,0.26226245931728054,0.019500221132174575,0.7182373195505448
26070,LOF,0.3838124755863906,0.015768434711393494,0.6004190897022159
26071,LOF,0.023191813352354353,0.013490729915992072,0.9633174567316535
26072,LOF,0.024817813271313195,0.016081113094828885,0.9591010736338578
26073,LOF,0.025998458817291212,0.011566093183479995,0.9624354479992289
26074,Neutral,0.9073062695606928,0.005392626498026667,0.0873011039412804
26075,LOF,0.045592242476400126,0.015540787018031157,0.9388669705055688
26076,LOF,0.045535634599360705,0.008538091806924325,0.945926273593715
26077,LOF,0.009553917226027246,0.019043941379250043,0.9714021413947228
26078,LOF,0.014216247507624962,0.010015744673730566,0.9757680078186445
26079,LOF,0.05969343754832583,0.017684168831479677,0.9226223936201945
26080,LOF,0.058384511365679674,0.01770546698042599,0.9239100216538944
26081,LOF,0.03816625205613746,0.00617813961825789,0.9556556083256046
26082,LOF,0.01840386057276961,0.014597524647676214,0.9669986147795541
26083,LOF,0.12868208814327411,0.012618301176147496,0.8586996106805784
26084,LOF,0.028424364681044555,0.011079816285737648,0.9604958190332179
26085,LOF,0.02422242788475279,0.010433192576695999,0.9653443795385512
26086,LOF,0.025481284174234464,0.010978600615844748,0.9635401152099208
26087,LOF,0.02922203143555766,0.00827866236746187,0.9624993061969804
26088,LOF,0.016946850413636923,0.025661332807351403,0.9573918167790116
26089,LOF,0.045444254520934015,0.023679362403985195,0.9308763830750809
26090,LOF,0.04443227712657869,0.018152921716376367,0.937414801157045
26091,LOF,0.039938206378005214,0.006258657703289216,0.9538031359187056
26092,LOF,0.026625445634170287,0.008054619579635595,0.9653199347861942
26093,LOF,0.04038130204631707,0.005967335908157436,0.9536513620455256
26094,LOF,0.04728876201854546,0.006473459451027116,0.9462377785304275
26095,LOF,0.04754217275473373,0.012882088478753469,0.9395757387665128
26096,LOF,0.022729410067210715,0.009960542094859318,0.9673100478379301
26097,LOF,0.011610353791285333,0.03550923243510447,0.9528804137736103
26098,LOF,0.07335777454179815,0.010080222841130509,0.9165620026170713
26099,LOF,0.025328996468915396,0.012327506064197512,0.9623434974668871
26100,LOF,0.02729995243513532,0.011954134374591276,0.9607459131902734
26101,LOF,0.06041198598007422,0.011994581647331125,0.9275934323725946
26102,LOF,0.025442388246653094,0.014383162293925408,0.9601744494594215
26103,Neutral,0.8886133447023786,0.018206661439311083,0.09317999385831027
26104,LOF,0.07771282589383173,0.026089175042335832,0.8961979990638324
26105,LOF,0.2015535626541597,0.26564519217835325,0.5328012451674871
26106,LOF,0.21041928765733864,0.1279708522439224,0.6616098600987389
26107,LOF,0.22779504310285753,0.08058872242719298,0.6916162344699496
26108,LOF,0.24386076555200778,0.11724999721689436,0.6388892372310979
26109,LOF,0.1057381842943642,0.08471186096543454,0.8095499547402012
26110,LOF,0.2612087400149318,0.00664534771622016,0.7321459122688481
26111,Neutral,0.5168878526859145,0.016413206135824525,0.4666989411782609
26112,LOF,0.03733775116616767,0.008247216666257636,0.9544150321675748
26113,LOF,0.05941723920853749,0.014901383416241818,0.9256813773752206
26114,LOF,0.02882017203181128,0.027057092341820754,0.9441227356263678
26115,LOF,0.09440371315797924,0.060384173165899266,0.8452121136761216
26116,LOF,0.06398601065835043,0.05739488635257527,0.8786191029890743
26117,LOF,0.4386255083937831,0.052489275975786225,0.5088852156304307
26118,LOF,0.03728685880864386,0.025401892586393866,0.9373112486049623
26119,LOF,0.02065549920579041,0.039762949958970804,0.9395815508352386
26120,LOF,0.029368255825512304,0.026438146392203318,0.9441935977822844
26121,LOF,0.047645249934327956,0.09389985189796006,0.8584548981677119
