feature0,prediction,LoGoFunc_Neutral,LoGoFunc_GOF,LoGoFunc_LOF
25546,Neutral,0.597223116734247,0.04902316672951288,0.35375371653624027
25547,Neutral,0.47216031100161937,0.07577658674415354,0.4520631022542271
25548,Neutral,0.4880786641430576,0.06792139514974985,0.4439999407071926
25549,LOF,0.41346204370261924,0.07110964958722121,0.5154283067101595
25550,LOF,0.3683379583088264,0.06926241781637923,0.5623996238747944
25551,LOF,0.314790711120868,0.07333770532043729,0.6118715835586948
25552,LOF,0.286872205837948,0.08455181596224501,0.6285759781998069
25553,Neutral,0.782841397220019,0.04173785741486582,0.17542074536511523
25554,LOF,0.30246947431695326,0.07628099344059204,0.6212495322424547
25555,LOF,0.268535248772488,0.07858543459448342,0.6528793166330286
25556,LOF,0.4364232950033989,0.0701127825949932,0.493463922401608
25557,LOF,0.2559494364658417,0.07689004397973923,0.6671605195544191
25558,LOF,0.3058358299783964,0.07185929079990212,0.6223048792217014
25559,LOF,0.22178193180657968,0.03242225016900699,0.7457958180244133
25560,LOF,0.10237486452957559,0.16740988886812355,0.7302152466023009
25561,LOF,0.08870815866282615,0.2481331072969481,0.6631587340402259
25562,LOF,0.03375977621152863,0.10750826487011655,0.8587319589183547
25563,LOF,0.007314177869851774,0.1979024916207763,0.7947833305093719
25564,LOF,0.06643788466168551,0.09526761396558459,0.8382945013727299
25565,LOF,0.21482635038369555,0.12833697919186063,0.6568366704244438
25566,GOF,0.07084960533944801,0.8213043405055079,0.10784605415504393
25567,LOF,0.046352328308242256,0.20694456970023814,0.7467031019915196
25568,LOF,0.06231514263328556,0.11952659912245617,0.8181582582442584
25569,LOF,0.06436932116758844,0.1136478437058597,0.8219828351265518
25570,LOF,0.026371550219884184,0.15824515298024847,0.8153832967998673
25571,LOF,0.026228319055055727,0.1709536720546671,0.8028180088902771
25572,LOF,0.055723346290355504,0.24879774622099732,0.6954789074886472
25573,LOF,0.07095946555717354,0.16020669987552888,0.7688338345672976
25574,LOF,0.0861759451166523,0.27688897865208034,0.6369350762312674
25575,LOF,0.025307460794877,0.18376885096195125,0.7909236882431718
25576,LOF,0.025940538333872245,0.2813303377764627,0.692729123889665
25577,LOF,0.029304247527476512,0.2051787375568733,0.7655170149156503
25578,LOF,0.29735634422243845,0.11828417760866539,0.5843594781688962
25579,LOF,0.20471506057682964,0.11876760669231201,0.6765173327308583
25580,LOF,0.024257173801365654,0.11694935213700808,0.8587934740616262
25581,LOF,0.045500181048571904,0.1307126241681026,0.8237871947833256
25582,LOF,0.045096429740392394,0.12792256664957424,0.8269810036100333
25583,LOF,0.03128016917962897,0.12664792021443036,0.8420719106059408
25584,Neutral,0.6960217903078338,0.13922152788938844,0.1647566818027777
25585,LOF,0.02669822205138712,0.2360740052867621,0.7372277726618508
25586,LOF,0.022351124712271603,0.14073299776829382,0.8369158775194345
25587,LOF,0.021512571642890506,0.13954106944113623,0.8389463589159732
25588,LOF,0.026968346029553288,0.11047245659727979,0.862559197373167
25589,Neutral,0.5303345499858219,0.26003874672820626,0.20962670328597188
25590,LOF,0.05535883379364546,0.1660528181009862,0.7785883481053684
25591,LOF,0.1072304352792235,0.10858646955597827,0.7841830951647981
25592,LOF,0.07403904623868153,0.22097586633944225,0.7049850874218763
25593,LOF,0.1313427076189706,0.3468549996910789,0.5218022926899505
25594,LOF,0.04897843003002865,0.04169217707401728,0.9093293928959542
25595,LOF,0.04800646722067792,0.020287075746572777,0.9317064570327493
25596,LOF,0.12718685236035548,0.014656845390132418,0.8581563022495121
25597,LOF,0.09271482129509181,0.014093447398839198,0.893191731306069
25598,LOF,0.051776788419696636,0.024386687239402405,0.9238365243409009
25599,LOF,0.030289491146389916,0.38426441637760667,0.5854460924760034
25600,LOF,0.16448053764262105,0.35533576567718433,0.4801836966801946
25601,LOF,0.04438512940891704,0.276892324358022,0.6787225462330609
25602,LOF,0.030505591351066327,0.07518426654646988,0.8943101421024638
25603,LOF,0.052399079359556594,0.081745953536747,0.8658549671036965
25604,LOF,0.05938050225430562,0.143427929721679,0.7971915680240153
25605,LOF,0.048369425322520206,0.21353719413929947,0.7380933805381803
25606,Neutral,0.39376855338667943,0.2925739110903378,0.31365753552298264
25607,LOF,0.028890811844923776,0.2830199068857968,0.6880892812692794
25608,LOF,0.04603869995223149,0.07072663711839279,0.8832346629293756
25609,GOF,0.20865163636006975,0.5062551810684508,0.2850931825714795
25610,LOF,0.020998921801709317,0.08189160722123552,0.8971094709770551
25611,LOF,0.015172723139830578,0.08794766941437762,0.8968796074457918
25612,LOF,0.05828488667577441,0.10149455570220473,0.8402205576220209
25613,LOF,0.05304324184966916,0.09898330413739329,0.8479734540129376
25614,LOF,0.024000123648332462,0.07874257785196924,0.8972572984996983
25615,LOF,0.05505481669978527,0.07797257150063733,0.8669726117995775
25616,LOF,0.06232476372199793,0.08336811453550273,0.8543071217424992
25617,LOF,0.050211904023891536,0.0890531546480248,0.8607349413280837
25618,LOF,0.05057288192601698,0.15385494422544121,0.7955721738485418
25619,LOF,0.014187735913413687,0.11313505385035984,0.8726772102362266
25620,LOF,0.04831819651512471,0.08932049442628058,0.8623613090585948
25621,LOF,0.07819128963838509,0.08657874143985289,0.8352299689217619
25622,LOF,0.08400559905473924,0.1016721391963619,0.8143222617488989
25623,LOF,0.06963453132937045,0.09553622442542074,0.8348292442452089
25624,LOF,0.022811527963536866,0.08620203659789337,0.8909864354385698
25625,LOF,0.07330852280419516,0.09864647506108765,0.8280450021347173
25626,LOF,0.05674380504141382,0.09643510461574714,0.846821090342839
25627,Neutral,0.8797993903086698,0.02430912125235243,0.09589148843897766
25628,LOF,0.18580739022224016,0.0736559912337673,0.7405366185439926
25629,LOF,0.07248087574518636,0.06351460923144901,0.8640045150233647
25630,LOF,0.3149609041322531,0.07735113836026242,0.6076879575074845
25631,Neutral,0.5212581478716001,0.050018018193076094,0.4287238339353238
25632,LOF,0.03264157790998879,0.14327596903831544,0.8240824530516957
25633,LOF,0.2022457584664756,0.07622642828300155,0.7215278132505228
25634,LOF,0.04518415400801695,0.11894897303830705,0.835866872953676
25635,LOF,0.03446244483863227,0.06689757038431197,0.8986399847770558
25636,GOF,0.034687343514960584,0.5537871664951687,0.41152548998987065
25637,GOF,0.037654870509323465,0.5841697334772682,0.37817539601340827
25638,LOF,0.018707641442526107,0.4891754728505451,0.49211688570692885
25639,LOF,0.028198117549732334,0.4673294400609638,0.5044724423893039
25640,Neutral,0.7948979132528872,0.15082793707288875,0.054274149674224066
25641,LOF,0.13240537873892658,0.2853850959879001,0.5822095252731735
25642,LOF,0.11990301400592818,0.14900061089078545,0.7310963751032863
25643,LOF,0.34233536624368943,0.08498281778613304,0.5726818159701775
25644,GOF,0.010191028489071635,0.6350684939694673,0.354740477541461
25645,GOF,0.012956258968384758,0.5869258027421914,0.4001179382894238
25646,LOF,0.019744937473569882,0.40445987498405045,0.5757951875423797
25647,LOF,0.009798073341272678,0.3206082640922456,0.6695936625664817
25648,LOF,0.014704578505718461,0.354684928554871,0.6306104929394105
25649,LOF,0.00864169437461642,0.2904195508391307,0.7009387547862528
25650,GOF,0.03648100944940061,0.5538715902901874,0.409647400260412
25651,LOF,0.011777268161513891,0.3975492416873418,0.5906734901511442
25652,LOF,0.011464281097330943,0.404911093748619,0.58362462515405
25653,GOF,0.041731579963308084,0.5673024871940634,0.39096593284262854
25654,LOF,0.011160177632697903,0.33468256087227255,0.6541572614950296
25655,GOF,0.12345174445501675,0.6301436134535217,0.24640464209146157
25656,LOF,0.2061968947693884,0.06635610408730941,0.7274470011433022
25657,LOF,0.03336778447878956,0.06613938215290469,0.9004928333683059
25658,LOF,0.2588292626326575,0.07536762500085561,0.6658031123664869
25659,LOF,0.3701725192747701,0.08571270334196271,0.5441147773832672
25660,LOF,0.0229404281757813,0.09953982720272023,0.8775197446214985
25661,LOF,0.07291710661889016,0.062394124177772695,0.8646887692033371
25662,LOF,0.028288500931089068,0.040289819729344645,0.9314216793395663
25663,LOF,0.03321635049998938,0.03706435241561006,0.9297192970844006
25664,LOF,0.09705138593835269,0.06079780387091925,0.8421508101907281
25665,LOF,0.05804967964273885,0.0334057577956533,0.9085445625616079
25666,LOF,0.07745257141295243,0.04748281687353079,0.8750646117135168
25667,LOF,0.062039803330137235,0.04644714099520705,0.8915130556746558
25668,LOF,0.030012556597375502,0.05696536425802697,0.9130220791445974
25669,LOF,0.021106586654204177,0.052632150648995304,0.9262612626968004
25670,LOF,0.11730903370295614,0.04485780620143144,0.8378331600956124
25671,LOF,0.08721705417538998,0.038631303859739244,0.8741516419648707
25672,LOF,0.04869423920774278,0.05415220790255655,0.8971535528897007
25673,LOF,0.08059398347950279,0.042435502863765316,0.876970513656732
25674,LOF,0.07549765336031619,0.05621554412029073,0.8682868025193932
25675,LOF,0.07767536654095951,0.06361607135049652,0.858708562108544
25676,LOF,0.01616304985392968,0.06756966666196614,0.9162672834841041
25677,LOF,0.01667965508690261,0.08430848573395325,0.8990118591791442
25678,LOF,0.1667009863007412,0.09980126035230576,0.7334977533469531
25679,LOF,0.11390558981810198,0.10295792421367539,0.7831364859682225
25680,LOF,0.022035713000681058,0.13075032017562327,0.8472139668236957
25681,LOF,0.03510829065683262,0.11564299532495162,0.8492487140182157
25682,LOF,0.11154077411762972,0.06894468124472251,0.8195145446376477
25683,LOF,0.09715771657217477,0.08339757682871977,0.8194447065991054
25684,LOF,0.02602538495659377,0.0607511418427736,0.9132234732006326
25685,LOF,0.1267406377149301,0.1027774445192249,0.770481917765845
25686,LOF,0.07244728549902855,0.16288293027895673,0.7646697842220146
25687,LOF,0.13098770300614845,0.13444075018076396,0.7345715468130876
25688,LOF,0.47104987516417574,0.023312104158623156,0.5056380206772011
25689,LOF,0.298787082701194,0.034969416396587565,0.6662435009022184
25690,LOF,0.3717541340850865,0.022738057858128165,0.6055078080567853
25691,Neutral,0.7394661121093151,0.021790436371724207,0.23874345151896062
25692,LOF,0.32828778322830793,0.01038405178387596,0.6613281649878162
25693,GOF,0.03652633937947965,0.5140071337228599,0.44946652689766037
25694,LOF,0.11511841629833772,0.019695645282974374,0.865185938418688
25695,LOF,0.10966367793368702,0.00840004125920659,0.8819362808071063
25696,LOF,0.10163626578001411,0.012831320253216278,0.8855324139667696
25697,LOF,0.04947292743367509,0.06787361373857384,0.8826534588277509
25698,LOF,0.26021280182644974,0.246614726496248,0.4931724716773022
25699,LOF,0.40330083468043154,0.03549799488046056,0.5612011704391079
25700,LOF,0.061220629604330085,0.010851000336154198,0.9279283700595157
25701,LOF,0.19702024526449896,0.02935682545549403,0.773622929280007
25702,GOF,0.21087724881726677,0.62244036758426,0.16668238359847326
25703,LOF,0.01899487936950716,0.17533298669482217,0.8056721339356706
25704,LOF,0.0366254154291083,0.12888949010617598,0.8344850944647156
25705,LOF,0.0358204818873301,0.07775115200500722,0.8864283661076626
25706,GOF,0.10075238112948844,0.4853680290277247,0.41387958984278694
25707,LOF,0.09321766350949433,0.4158979624778042,0.4908843740127016
25708,LOF,0.034479325721533415,0.41248335665574726,0.5530373176227193
25709,LOF,0.07934285520165252,0.03517377706745893,0.8854833677308886
25710,LOF,0.016673135622625977,0.14224678390686518,0.8410800804705088
25711,LOF,0.0204801492417401,0.07908424248512091,0.900435608273139
25712,LOF,0.01810180540125882,0.18820361078266484,0.7936945838160764
25713,LOF,0.019374006321269795,0.0623207229676545,0.9183052707110757
25714,LOF,0.08161842998145358,0.051849356023213666,0.8665322139953328
25715,LOF,0.01259257813600419,0.09419683139874657,0.8932105904652492
25716,LOF,0.012675857952501415,0.10430733686325665,0.883016805184242
25717,LOF,0.019329385836024483,0.06113654939356644,0.9195340647704092
25718,LOF,0.012069293462227812,0.047757968157152615,0.9401727383806195
25719,LOF,0.022414804820718896,0.0711537961377283,0.9064313990415528
25720,LOF,0.02975580062847376,0.0429661410681343,0.927278058303392
25721,LOF,0.012324851883223402,0.06784496617427628,0.9198301819425003
25722,LOF,0.01390281210847528,0.057141454810184254,0.9289557330813404
25723,LOF,0.02563938379785353,0.040177823996715406,0.9341827922054311
25724,LOF,0.03371197425113078,0.07483027778678365,0.8914577479620855
25725,LOF,0.011469954093629406,0.06445467240720917,0.9240753734991615
25726,LOF,0.01788826413734772,0.08284648213636361,0.8992652537262887
25727,LOF,0.014098355709328977,0.05514311515022434,0.9307585291404465
25728,LOF,0.01133225341212974,0.06965549635119975,0.9190122502366705
25729,LOF,0.011462855004855855,0.07038442498980459,0.9181527200053397
25730,LOF,0.015384228055550018,0.07116317730978554,0.9134525946346644
25731,LOF,0.018538625313477348,0.1021612285529207,0.879300146133602
25732,LOF,0.014982273169575365,0.04554484720473924,0.9394728796256853
25733,LOF,0.015088125565297783,0.05490318123560662,0.9300086931990956
25734,LOF,0.013937743109921281,0.11623192086593663,0.8698303360241422
25735,LOF,0.011849380482661986,0.052650550455430746,0.9355000690619074
25736,LOF,0.013327123599938494,0.05563555817111396,0.9310373182289476
25737,LOF,0.014351506169189098,0.09189876178863977,0.8937497320421711
25738,LOF,0.013468347487500856,0.08976628501274331,0.8967653674997558
25739,LOF,0.02126511337492984,0.07241824581702723,0.906316640808043
25740,LOF,0.034662921153197856,0.10039208021746672,0.8649449986293355
25741,LOF,0.01585382361720482,0.1044366113451937,0.8797095650376013
25742,LOF,0.12048655998964751,0.0693659170689703,0.8101475229413821
25743,LOF,0.048520346460487,0.05739269978798842,0.8940869537515246
25744,Neutral,0.5900116930917673,0.25933831344822683,0.150649993460006
25745,LOF,0.06077955419871572,0.08695295097901157,0.8522674948222728
25746,LOF,0.04234014794335239,0.12723645141311055,0.830423400643537
25747,LOF,0.018446909126583172,0.12918832825818083,0.8523647626152361
25748,LOF,0.09546279163851806,0.18476984418991343,0.7197673641715686
25749,LOF,0.022934479538461346,0.1156914768840235,0.8613740435775151
25750,LOF,0.0652205550779916,0.12185847188401808,0.8129209730379903
25751,LOF,0.12709079673137572,0.1633132295674483,0.709595973701176
25752,GOF,0.11487503310231104,0.6600973181367644,0.2250276487609246
25753,LOF,0.034326812828748984,0.3438770083764255,0.6217961787948255
25754,GOF,0.019847893399854544,0.7719700261357877,0.2081820804643579
25755,LOF,0.03367166684660563,0.33448624481401507,0.6318420883393793
25756,LOF,0.06699415592273464,0.40969912787308754,0.5233067162041779
25757,GOF,0.01669169899920367,0.8672543545290101,0.11605394647178625
25758,GOF,0.027589261413069197,0.7794650244820972,0.1929457141048336
25759,GOF,0.01282184357242458,0.6705803088340623,0.31659784759351306
25760,LOF,0.017449315308409534,0.4185459734447829,0.5640047112468075
25761,GOF,0.2933180238354082,0.6148120910313761,0.0918698851332157
25762,LOF,0.053722091756816165,0.37211252551585833,0.5741653827273255
25763,LOF,0.014805566329367161,0.2804294902760073,0.7047649433946256
25764,GOF,0.06074867599327812,0.7011588303973314,0.23809249360939047
25765,GOF,0.0366392424685635,0.7681878794986331,0.19517287803280342
25766,GOF,0.08519163894640712,0.7417168801296897,0.17309148092390314
25767,LOF,0.1954405438768799,0.38945434713103266,0.4151051089920873
25768,LOF,0.12709874345859257,0.03584541772169247,0.837055838819715
25769,LOF,0.05312948770708552,0.0694751362958891,0.8773953759970254
25770,LOF,0.3736552399920969,0.12918380850790323,0.49716095149999995
25771,LOF,0.06739239669132666,0.05024090555848111,0.8823666977501922
25772,LOF,0.018255183556191185,0.054983852768122544,0.9267609636756862
25773,LOF,0.07565358968182834,0.05726655320008235,0.8670798571180893
25774,LOF,0.028304289978851985,0.1341887012317991,0.8375070087893489
25775,LOF,0.07591006461083905,0.049197385745855866,0.874892549643305
25776,LOF,0.07257734186809078,0.03456023883668613,0.8928624192952233
25777,Neutral,0.5312187852196167,0.07629200601166236,0.3924892087687209
25778,LOF,0.06357740863798475,0.05000753057066821,0.8864150607913471
25779,GOF,0.4296926202997684,0.5250542939071701,0.045253085793061545
25780,GOF,0.36575127541599534,0.5511681754241746,0.08308054915982994
25781,GOF,0.10133448437382614,0.7841966332756692,0.11446888235050466
25782,GOF,0.16162737561941665,0.7494818370276585,0.08889078735292488
25783,GOF,0.021814608356559014,0.6669067515209488,0.3112786401224922
25784,Neutral,0.5374927526533234,0.41553747795697976,0.04696976938969689
25785,Neutral,0.5296747431574729,0.40101659315687066,0.0693086636856564
25786,GOF,0.03124738378671297,0.7187035068327144,0.2500491093805725
25787,Neutral,0.7015792082179386,0.258422515356563,0.039998276425498414
25788,LOF,0.06358685008795821,0.07557184728341566,0.8608413026286261
25789,GOF,0.21634488044155673,0.6428128809145773,0.14084223864386597
25790,GOF,0.2565732189834759,0.6164376133506883,0.12698916766583576
25791,GOF,0.11242716513966597,0.649811682495265,0.237761152365069
25792,GOF,0.32243696109448167,0.49492082321628394,0.18264221568923444
25793,GOF,0.2577869756853284,0.45859471168958527,0.28361831262508624
25794,GOF,0.30840859466852083,0.44334623780073423,0.248245167530745
25795,GOF,0.058195975010291175,0.6621136261621767,0.279690398827532
25796,Neutral,0.5298861537858308,0.3800995543172998,0.0900142918968694
25797,GOF,0.0834649036334851,0.5018892630451877,0.41464583332132715
25798,GOF,0.010118207188890586,0.5112254551081916,0.47865633770291777
25799,LOF,0.008633073255394247,0.44939372354175955,0.5419732032028461
25800,GOF,0.03711733965928497,0.628215405260262,0.334667255080453
25801,GOF,0.24355044842968432,0.6387946396940998,0.11765491187621593
25802,GOF,0.07089095556469566,0.639430974366655,0.2896780700686494
25803,GOF,0.04628739084083558,0.5586266476434095,0.395085961515755
25804,LOF,0.03636023319159047,0.4707633277089688,0.4928764390994407
25805,GOF,0.08249378466713611,0.5442907217257565,0.3732154936071073
25806,GOF,0.12998403448867027,0.5710964302341551,0.2989195352771744
25807,GOF,0.02007858761288144,0.5851398461248143,0.39478156626230426
25808,GOF,0.09621563334543343,0.547184412461666,0.35659995419290047
25809,GOF,0.018946848863698417,0.5654562607134025,0.4155968904228991
25810,GOF,0.01944701690146615,0.5586119287859205,0.4219410543126134
25811,Neutral,0.47910837402000694,0.4456995805248662,0.07519204545512677
25812,GOF,0.03582947050862525,0.6015089022814766,0.36266162720989814
25813,Neutral,0.568707894339378,0.28474136831138513,0.14655073734923676
25814,GOF,0.1213530989144382,0.6152409750038393,0.26340592608172236
25815,GOF,0.2597883743344938,0.5466499727304843,0.19356165293502178
25816,GOF,0.019301311851447612,0.6656751878520031,0.31502350029654935
25817,GOF,0.18678849865170447,0.6717931229829585,0.14141837836533705
25818,GOF,0.03421435740110012,0.5826810369420293,0.3831046056568706
25819,GOF,0.3501441767238039,0.46403137375227077,0.18582444952392543
25820,GOF,0.17620245181417185,0.5900768733289647,0.23372067485686332
25821,GOF,0.05874702216485961,0.6493386577245494,0.29191432011059115
25822,GOF,0.24770623400765907,0.5065881893865097,0.24570557660583123
25823,GOF,0.035621864022485884,0.4969504049585978,0.4674277310189162
25824,GOF,0.08286657455774403,0.49587649494735553,0.4212569304949006
25825,GOF,0.03125759904273291,0.5066373445110406,0.4621050564462265
25826,LOF,0.010658561740055503,0.49209355544462763,0.49724788281531695
25827,GOF,0.018855735045416922,0.5219697293693346,0.45917453558524846
25828,LOF,0.013572002221247359,0.4434763261544143,0.5429516716243383
25829,GOF,0.007534418415640956,0.5205543659336882,0.47191121565067096
25830,LOF,0.03967680786046358,0.25966743526586233,0.7006557568736741
25831,GOF,0.12866890790302038,0.7175370593904856,0.15379403270649397
25832,GOF,0.035829770481820185,0.6907546294446162,0.27341560007356375
25833,GOF,0.105507004415362,0.6856310753824297,0.20886192020220826
25834,GOF,0.04033701273171257,0.6874365214505623,0.272226465817725
25835,GOF,0.09276041784644477,0.6568552632547527,0.2503843188988026
25836,GOF,0.05131338272321285,0.682281806323223,0.2664048109535642
25837,GOF,0.025044392923912428,0.5480934303578617,0.4268621767182259
25838,GOF,0.08958929235123875,0.7206250625345254,0.18978564511423576
25839,GOF,0.2757366603856099,0.5338751123472607,0.19038822726712934
25840,GOF,0.20470587829620396,0.5880317646254618,0.20726235707833424
25841,GOF,0.25856634547538826,0.5419855663831163,0.1994480881414954
25842,GOF,0.1453597856032714,0.6354984667495127,0.2191417476472158
25843,GOF,0.22370287881246778,0.6230839690338675,0.15321315215366468
25844,GOF,0.06204483901750137,0.67016385357439,0.2677913074081085
25845,GOF,0.014972174903778846,0.5196412590153202,0.4653865660809009
25846,GOF,0.08391122702292717,0.7423427154193313,0.1737460575577415
25847,GOF,0.10001399396867133,0.7166457830475649,0.18334022298376396
25848,GOF,0.040184736766171854,0.6424310911863003,0.3173841720475279
25849,GOF,0.01233845394223882,0.5389189293480039,0.44874261670975735
25850,GOF,0.02683956072098247,0.6274278730323475,0.3457325662466701
25851,GOF,0.02180226481641919,0.5295674437033411,0.44863029148023964
25852,GOF,0.1332096846427713,0.5705208286933547,0.29626948666387404
25853,GOF,0.3214411012720988,0.5947622497908197,0.08379664893708151
25854,GOF,0.019355115974993176,0.6824426116836252,0.2982022723413817
25855,GOF,0.04311302472152776,0.6046105430428326,0.35227643223563965
25856,GOF,0.24430206333699514,0.5546993638312662,0.2009985728317386
25857,GOF,0.03783537150680453,0.5390526942518251,0.4231119342413704
25858,GOF,0.018670702041048363,0.5988684719217469,0.38246082603720466
25859,GOF,0.010143862370932873,0.5920623554214097,0.39779378220765743
25860,GOF,0.3168523238089433,0.575392028002095,0.10775564818896166
25861,GOF,0.3334451808531433,0.5768180015080074,0.08973681763884929
25862,GOF,0.06628162630931365,0.7797120272628604,0.154006346427826
25863,GOF,0.07159178807721794,0.7853669139171976,0.14304129800558452
25864,GOF,0.13572399136746552,0.7627627109942741,0.10151329763826039
25865,GOF,0.06784587534701807,0.7716004249580543,0.16055369969492764
25866,GOF,0.05240696822463635,0.8185034805264956,0.1290895512488682
25867,GOF,0.06874714125743858,0.8151587754384818,0.11609408330407964
25868,GOF,0.223028890428842,0.6445601726514346,0.13241093691972344
25869,Neutral,0.6779512394868747,0.2689111411467013,0.05313761936642381
25870,LOF,0.26513804567500693,0.26136599188907866,0.4734959624359144
25871,GOF,0.2032374406022258,0.6297142047130022,0.16704835468477208
25872,GOF,0.08431523579355481,0.6043213720907241,0.3113633921157211
25873,GOF,0.1501211907197587,0.5740594693487301,0.27581933993151125
25874,LOF,0.024106469072846703,0.08256161628521538,0.893331914641938
25875,LOF,0.0713970678384711,0.08014885529237145,0.8484540768691575
25876,LOF,0.02671965247615829,0.056684118608498514,0.9165962289153431
25877,Neutral,0.5069986450492112,0.07799516058567778,0.415006194365111
25878,LOF,0.2269685530908229,0.12607185872530843,0.6469595881838687
25879,LOF,0.1263328639453316,0.14393387464730414,0.7297332614073642
25880,LOF,0.022504369617316805,0.029005857333697444,0.9484897730489859
25881,LOF,0.212416957849665,0.22144042878266373,0.5661426133676712
25882,LOF,0.06999303236645382,0.022651786448061192,0.9073551811854851
25883,LOF,0.08577337236584033,0.04290235609692302,0.8713242715372367
25884,LOF,0.04559627931372471,0.045806651226245144,0.9085970694600302
25885,LOF,0.06484130703720743,0.029130292230075783,0.9060284007327167
25886,LOF,0.36605516980853214,0.109460174866104,0.5244846553253639
25887,LOF,0.19782029671599866,0.17345441960913363,0.6287252836748677
25888,LOF,0.07964437084406815,0.10957411718841192,0.81078151196752
25889,LOF,0.040092989225628116,0.051415249379031046,0.9084917613953408
25890,LOF,0.06075112205354568,0.10890037686932644,0.8303485010771279
25891,LOF,0.0638817659070344,0.0509093641817788,0.8852088699111867
25892,LOF,0.08919813576436945,0.027632460298847274,0.8831694039367833
25893,LOF,0.295715192762383,0.016110721019435243,0.6881740862181817
25894,LOF,0.16470567927886393,0.00788415623557742,0.8274101644855586
25895,LOF,0.22064013664104218,0.01705081609386177,0.7623090472650961
25896,LOF,0.047254078674583,0.022745638712432445,0.9300002826129845
25897,LOF,0.2384618745959038,0.017829118824833578,0.7437090065792626
25898,Neutral,0.7894003863757904,0.012210206482052108,0.19838940714215747
25899,LOF,0.25670467153018883,0.047093872545351106,0.69620145592446
25900,Neutral,0.5884032164910767,0.015213792206606703,0.3963829913023165
25901,LOF,0.05052989403416775,0.012069578248616318,0.9374005277172159
25902,LOF,0.17560081457226745,0.011470673655764466,0.812928511771968
25903,Neutral,0.6031273024762773,0.028889633508136857,0.36798306401558584
25904,LOF,0.2587362449412576,0.042174379635715825,0.6990893754230265
25905,LOF,0.03204890362181999,0.3686357404825823,0.5993153558955977
25906,LOF,0.0232251797698848,0.07162720483500383,0.9051476153951113
25907,LOF,0.012049757228499379,0.4003598797694991,0.5875903630020014
25908,LOF,0.012881270153284004,0.2591235398515381,0.7279951899951779
25909,LOF,0.015307924714455667,0.13197272284495062,0.8527193524405936
25910,LOF,0.028369085828045915,0.32772554757795297,0.6439053665940011
25911,LOF,0.07640982114773218,0.060400915178495954,0.8631892636737719
25912,LOF,0.040778919615658715,0.1251588320366545,0.8340622483476868
25913,LOF,0.2538896147617823,0.05997038986259356,0.6861399953756242
25914,LOF,0.026516597410613938,0.12577364348341544,0.8477097591059707
25915,Neutral,0.42043557718015945,0.210941888918515,0.36862253390132566
25916,LOF,0.046599094932650194,0.29265200000654623,0.6607489050608035
25917,LOF,0.05656927996762837,0.05696828617173412,0.8864624338606374
25918,LOF,0.03490790202667808,0.06797205971138877,0.8971200382619332
25919,LOF,0.030025964033113865,0.07259937169611609,0.8973746642707701
25920,GOF,0.11460669341937456,0.5579404311362994,0.327452875444326
25921,LOF,0.034454682014564975,0.02584726221579305,0.9396980557696418
25922,LOF,0.04720261836262619,0.017463108009911205,0.9353342736274626
25923,LOF,0.37968945664086867,0.018590112354647508,0.6017204310044838
25924,LOF,0.039597257497165785,0.026153959421806372,0.9342487830810279
25925,LOF,0.06790001105987806,0.032770680976704075,0.8993293079634179
25926,LOF,0.049039344507990565,0.01839137898610857,0.9325692765059008
25927,LOF,0.07524822124946144,0.05123450794505387,0.8735172708054847
25928,LOF,0.024570199950453182,0.020042327101450798,0.9553874729480959
25929,Neutral,0.5431793573754685,0.021494228871922573,0.435326413752609
25930,LOF,0.0647849844004944,0.014329146562086894,0.9208858690374186
25931,LOF,0.03100454477593375,0.016382295748588564,0.9526131594754778
25932,LOF,0.0280473701530181,0.014261366452426764,0.957691263394555
25933,LOF,0.03795262262860347,0.009302779744912419,0.9527445976264841
25934,LOF,0.026471727684350372,0.012693437403629033,0.9608348349120205
25935,LOF,0.06969477233613405,0.02720748660450763,0.9030977410593582
25936,LOF,0.043330433450137706,0.01463774784065456,0.9420318187092077
25937,LOF,0.03477118166164525,0.020800466104121063,0.9444283522342337
25938,LOF,0.06547285403456593,0.03607396687900412,0.8984531790864301
25939,LOF,0.040646970035382805,0.009568625945129871,0.9497844040194873
25940,LOF,0.022371113396367725,0.473029009729219,0.5045998768744133
25941,LOF,0.1425770058374647,0.10769998841578975,0.7497230057467456
25942,LOF,0.012824912015751458,0.04584612316336178,0.9413289648208869
25943,LOF,0.31120479650404803,0.11237810379630239,0.5764170996996495
25944,Neutral,0.4934936104978636,0.05911049128734641,0.44739589821479
25945,LOF,0.07036657177490363,0.04375336660632752,0.8858800616187688
25946,LOF,0.03560182047589008,0.14801047467505202,0.8163877048490579
25947,LOF,0.14244838632099363,0.13268712441163338,0.7248644892673729
25948,LOF,0.386663360996732,0.014181872052686161,0.5991547669505819
25949,LOF,0.1016483306699647,0.06314788159756447,0.8352037877324707
25950,GOF,0.19778962164532546,0.41337079131355914,0.3888395870411155
25951,LOF,0.24152719088553828,0.13032507541627278,0.628147733698189
25952,LOF,0.057830406634208936,0.3763102341567783,0.5658593592090128
25953,LOF,0.14919156512104012,0.09634442133770503,0.7544640135412548
25954,LOF,0.3373806839413645,0.2128872366311738,0.44973207942746185
25955,LOF,0.06853510195223998,0.08429622630419889,0.847168671743561
25956,LOF,0.21278156275327414,0.06090727254261036,0.7263111647041155
25957,LOF,0.04908663488612917,0.018054292464907733,0.9328590726489631
25958,LOF,0.06013191337446958,0.027954961077477344,0.9119131255480531
25959,LOF,0.07629451612610758,0.37342558077039034,0.550279903103502
25960,LOF,0.022790600887817303,0.05613986226984131,0.9210695368423414
25961,LOF,0.048759305365382095,0.03962347603861123,0.9116172185960068
25962,LOF,0.059950117513979446,0.03962771861578465,0.9004221638702359
25963,LOF,0.07709108875206393,0.17212052180968954,0.7507883894382466
25964,LOF,0.034146048257822935,0.14720315154309552,0.8186508001990815
25965,Neutral,0.4954209485268839,0.08030755865856541,0.42427149281455073
25966,LOF,0.33796648413208175,0.2632807912544971,0.3987527246134211
25967,LOF,0.016330288718295068,0.0825191054317838,0.9011506058499211
25968,LOF,0.04843109323494007,0.42261897078621585,0.5289499359788441
25969,LOF,0.027199136572789374,0.0606550891045211,0.9121457743226895
25970,LOF,0.06172081668182264,0.062396583597442636,0.8758825997207348
25971,LOF,0.07938321435854667,0.028748973629806482,0.8918678120116469
25972,LOF,0.07715552564549585,0.03193178892895314,0.890912685425551
25973,LOF,0.08900063526486918,0.010089862442384336,0.9009095022927465
25974,LOF,0.3114182179880795,0.022882363162417704,0.6656994188495028
25975,LOF,0.05890422232611233,0.03741246939967725,0.9036833082742104
25976,LOF,0.03995318568248256,0.022523195656009548,0.9375236186615078
25977,LOF,0.1318469742205807,0.1533331526120874,0.7148198731673319
25978,LOF,0.1338315164482624,0.1153736825055749,0.7507948010461626
25979,LOF,0.1308049329747569,0.09804415383889414,0.7711509131863491
25980,LOF,0.13813140349096947,0.20726072191159023,0.6546078745974403
25981,LOF,0.16988114644943836,0.19740629526235995,0.6327125582882017
25982,LOF,0.39863460129747935,0.1107000199329649,0.4906653787695556
25983,LOF,0.3812881759997664,0.09662397668978323,0.5220878473104503
25984,LOF,0.04227939929368967,0.11835549055468206,0.8393651101516283
25985,LOF,0.02129093912553719,0.33942980134907696,0.6392792595253859
25986,LOF,0.02465008567768877,0.3263361310268066,0.6490137832955045
25987,LOF,0.08306768093082985,0.09411288251344622,0.8228194365557239
25988,LOF,0.10496474425834719,0.09777977364053837,0.7972554821011145
25989,LOF,0.023635518959457435,0.18129928306908807,0.7950651979714545
25990,LOF,0.03189255884301167,0.16730939267618214,0.8007980484808062
25991,GOF,0.16416523405143008,0.4252478952439221,0.4105868707046478
25992,LOF,0.34021688135490896,0.2904380754961842,0.3693450431489068
25993,LOF,0.02901902717056924,0.08487950669068803,0.8861014661387429
25994,LOF,0.019157684235944696,0.12042014347230648,0.8604221722917488
25995,LOF,0.03256097769529545,0.13146455516058175,0.8359744671441228
25996,GOF,0.20516761890321855,0.5542475491511674,0.2405848319456141
25997,GOF,0.08157729261981753,0.5468261952491582,0.37159651213102424
25998,Neutral,0.6366646516603676,0.0341625704638804,0.32917277787575205
25999,LOF,0.1418917142757387,0.08760725264869064,0.7705010330755707
26000,LOF,0.09634555193498708,0.029416447222720313,0.8742380008422925
26001,LOF,0.2094705400446143,0.031867857896903405,0.7586616020584823
26002,LOF,0.11402764541383377,0.03370714968434122,0.852265204901825
26003,GOF,0.009415100850638921,0.6339983375432298,0.35658656160613117
26004,GOF,0.021598615763821997,0.6603877900214018,0.3180135942147761
26005,GOF,0.011121783195720006,0.5050159831354859,0.4838622336687941
26006,Neutral,0.5043799319359579,0.2854936271467844,0.21012644091725785
26007,GOF,0.017915325742979382,0.5915452399351951,0.3905394343218255
26008,GOF,0.018496122976894347,0.5553669819541052,0.42613689506900065
26009,GOF,0.03138300353564522,0.6534830375268932,0.31513395893746154
26010,GOF,0.020256415135939558,0.7117166253755035,0.268026959488557
26011,GOF,0.00966484918532981,0.5074224365426857,0.48291271427198446
26012,GOF,0.01788633645576198,0.5512468123747274,0.43086685116951046
26013,GOF,0.013775938051419018,0.6937233287591102,0.2925007331894707
26014,LOF,0.042148645576105086,0.162435808215668,0.795415546208227
26015,LOF,0.17699451407781983,0.011976498947001393,0.8110289869751787
26016,LOF,0.2868161706718647,0.05816783842619039,0.655015990901945
26017,LOF,0.16633021138676735,0.11129572127795186,0.7223740673352809
26018,LOF,0.0928310268557174,0.03511298068686368,0.8720559924574189
26019,LOF,0.08982324986380807,0.023142824542306532,0.8870339255938855
26020,LOF,0.06564753926706365,0.10786852098111074,0.8264839397518255
26021,LOF,0.05539900116228863,0.14404729294949573,0.8005537058882156
26022,LOF,0.010264126993651047,0.05567092899372258,0.9340649440126263
26023,LOF,0.12847292482898146,0.024593124007815645,0.846933951163203
26024,LOF,0.02918773117725748,0.14538426596093532,0.8254280028618071
26025,LOF,0.14588509991197954,0.08471868634916434,0.7693962137388562
26026,LOF,0.3137970791429717,0.017355820663512905,0.6688471001935155
26027,LOF,0.08884424361560359,0.016480475918757093,0.8946752804656393
26028,LOF,0.19653578233117774,0.0885809567496878,0.7148832609191345
26029,LOF,0.1163842656366539,0.14190753924346822,0.7417081951198778
26030,LOF,0.02956514866251479,0.05821901142098083,0.9122158399165045
26031,LOF,0.03926666700472462,0.11613847601166408,0.8445948569836113
26032,LOF,0.08275285143067616,0.058129758065056956,0.8591173905042669
26033,LOF,0.1259285871582065,0.06128830081848191,0.8127831120233115
26034,LOF,0.06426709883000867,0.11257032544617149,0.8231625757238199
26035,LOF,0.04145954655342436,0.09795397947249826,0.8605864739740773
26036,LOF,0.06249472545199761,0.11468305000125834,0.8228222245467441
26037,LOF,0.033394823443251606,0.09579552103102673,0.8708096555257216
26038,LOF,0.08024415545128154,0.05601644110249978,0.8637394034462186
26039,LOF,0.08834999760859312,0.10223040012752563,0.8094196022638812
26040,LOF,0.22706567717661472,0.09735427861073966,0.6755800442126456
26041,LOF,0.03306033328211049,0.08738115233772013,0.8795585143801694
26042,LOF,0.03241404266911933,0.09195769222352874,0.8756282651073519
26043,LOF,0.07675323162075377,0.07012512043912188,0.8531216479401244
26044,LOF,0.03335690168682244,0.06431208934505232,0.9023310089681253
26045,LOF,0.10411840143840582,0.07450617036483412,0.8213754281967601
26046,LOF,0.08274433995003888,0.0725226653354553,0.8447329947145058
26047,LOF,0.10638124260959506,0.08681879963853531,0.8067999577518697
26048,LOF,0.04885335849432393,0.05086869947746545,0.9002779420282107
26049,Neutral,0.9456707346410334,0.00906558674904332,0.04526367860992319
26050,Neutral,0.9290031938104942,0.010113946938002818,0.06088285925150296
26051,LOF,0.052890030254148894,0.39203966663962947,0.5550703031062216
26052,GOF,0.062274898797342694,0.4946019334880036,0.44312316771465365
26053,LOF,0.058282016874961075,0.4235378873536133,0.5181800957714257
26054,LOF,0.0579815291448577,0.06558702094410955,0.8764314499110327
26055,LOF,0.07639583705616058,0.05780522826135492,0.8657989346824845
26056,LOF,0.06652733143626952,0.06445768741543827,0.8690149811482922
26057,LOF,0.028639780698228128,0.024988829208791082,0.9463713900929808
26058,LOF,0.02855562946761701,0.022149314188398456,0.9492950563439845
26059,LOF,0.3351490418539845,0.07760978342759979,0.5872411747184157
26060,LOF,0.026434470616736556,0.3470553758840421,0.6265101534992212
26061,LOF,0.016323745061367963,0.0448825065766396,0.9387937483619925
26062,LOF,0.012733936129627099,0.046070702624150126,0.9411953612462227
26063,LOF,0.023838897783166595,0.02604637475867811,0.9501147274581554
26064,LOF,0.021973364235917496,0.03202980767827941,0.9459968280858031
26065,LOF,0.026227575998801902,0.026526605645329014,0.9472458183558692
26066,LOF,0.021124139548534475,0.028842370776254327,0.9500334896752112
26067,LOF,0.0235224963356344,0.020992890200569065,0.9554846134637967
26068,LOF,0.057872604031460856,0.06635879202065398,0.8757686039478851
26069,LOF,0.4356825740041289,0.047123374758853434,0.5171940512370176
26070,Neutral,0.6560887162586027,0.02430752730721786,0.3196037564341795
26071,LOF,0.023000404516986234,0.030319041763736475,0.9466805537192772
26072,LOF,0.022766417385887576,0.053280092913642205,0.9239534897004702
26073,LOF,0.02460309091690306,0.025214161452950756,0.9501827476301463
26074,Neutral,0.8842133707067186,0.01061474968733206,0.10517187960594929
26075,LOF,0.04776036864005533,0.03872892918443723,0.9135107021755074
26076,LOF,0.0431843683941488,0.018754244551401032,0.9380613870544501
26077,LOF,0.01004357214197078,0.049031052678443,0.9409253751795863
26078,LOF,0.013130276241041546,0.03214959853416284,0.9547201252247957
26079,LOF,0.056710498492113626,0.0386998755893299,0.9045896259185565
26080,LOF,0.056710498492113626,0.0386998755893299,0.9045896259185565
26081,LOF,0.03375415110657425,0.01595203367031087,0.9502938152231148
26082,LOF,0.018848527401178837,0.0412555997931574,0.9398958728056638
26083,LOF,0.14389146449350332,0.027185121623942512,0.8289234138825542
26084,LOF,0.02650265732256838,0.03001984781154071,0.9434774948658908
26085,LOF,0.02249406427755659,0.027480408576515708,0.9500255271459278
26086,LOF,0.022356193108048622,0.028983820742163793,0.9486599861497875
26087,LOF,0.024674676948413556,0.023825553081162625,0.9514997699704237
26088,LOF,0.023672336456775814,0.05358880949831104,0.9227388540449131
26089,LOF,0.04960978779608904,0.05399617721357977,0.8963940349903313
26090,LOF,0.047028759813840186,0.042120968437423356,0.9108502717487366
26091,LOF,0.03920169683008017,0.016371060703649132,0.9444272424662707
26092,LOF,0.027286766326662354,0.02217355090117446,0.9505396827721633
26093,LOF,0.04064829024339969,0.014957659902562074,0.9443940498540383
26094,LOF,0.0429467715147902,0.013091669256042585,0.9439615592291672
26095,LOF,0.04037057969762785,0.04044244017086748,0.9191869801315048
26096,LOF,0.018064753534543353,0.031794377345119786,0.9501408691203368
26097,LOF,0.011566351155695903,0.11507386924480624,0.8733597795994978
26098,LOF,0.06541332365802188,0.04236869105944618,0.8922179852825319
26099,LOF,0.024113006002105166,0.03620166644383689,0.939685327554058
26100,LOF,0.025172872081194963,0.034348029868866745,0.9404790980499382
26101,LOF,0.05756743220293327,0.031107207351951674,0.9113253604451151
26102,LOF,0.027193836422422964,0.028494974580094125,0.944311188997483
26103,Neutral,0.8777391741871832,0.047504472034999155,0.0747563537778176
26104,LOF,0.05588653720369269,0.07882027894145831,0.8652931838548489
26105,LOF,0.22914817176920957,0.21561913380638734,0.555232694424403
26106,LOF,0.14252248827587782,0.132192685377673,0.7252848263464492
26107,LOF,0.24688849109492078,0.13418547014722348,0.6189260387578557
26108,LOF,0.19755504464106113,0.1537721663408108,0.6486727890181282
26109,LOF,0.053529670564145676,0.17826167352466493,0.7682086559111895
26110,LOF,0.28998236956524753,0.018635568279024666,0.6913820621557278
26111,LOF,0.44880876208881937,0.029575627275257782,0.5216156106359229
26112,LOF,0.03815322552847566,0.018489870716751965,0.9433569037547723
26113,LOF,0.061937805972597626,0.04285260693115508,0.8952095870962473
26114,LOF,0.020410449898815734,0.02221856244102217,0.9573709876601622
26115,LOF,0.09792765899843205,0.033359911614973536,0.8687124293865943
26116,LOF,0.0523235777133305,0.05439838002326005,0.8932780422634095
26117,LOF,0.30827087357176286,0.07867144513323165,0.6130576812950055
26118,LOF,0.038344039410593465,0.04072155070615443,0.920934409883252
26119,LOF,0.021153354897311568,0.06296513736825991,0.9158815077344286
26120,LOF,0.03041068833966097,0.03416196509339447,0.9354273465669446
26121,LOF,0.05109329086686144,0.10004670656597953,0.848860002567159
26122,LOF,0.061135510295959934,0.04784182060169975,0.8910226691023403
