feature0,prediction,LoGoFunc_Neutral,LoGoFunc_GOF,LoGoFunc_LOF
25546,Neutral,0.6146192897008365,0.052208338627294903,0.33317237167186875
25547,Neutral,0.5257794937880644,0.07725148481026277,0.39696902140167284
25548,Neutral,0.5154515541493129,0.0786619375961095,0.4058865082545776
25549,Neutral,0.4634628397651442,0.08125495942036463,0.45528220081449117
25550,LOF,0.3797631386846861,0.0970103327384203,0.5232265285768936
25551,LOF,0.3344120037710441,0.10077065241410092,0.5648173438148549
25552,LOF,0.2991630277834148,0.10838235151165414,0.592454620704931
25553,Neutral,0.7862589443817084,0.053887946949266546,0.15985310866902508
25554,LOF,0.3213182670806428,0.09324900073220126,0.585432732187156
25555,LOF,0.26612369803103253,0.09614817555148451,0.6377281264174829
25556,LOF,0.4371158143259756,0.08805340563858371,0.47483078003544066
25557,LOF,0.24991501204220432,0.09396209895489677,0.6561228890028988
25558,LOF,0.31679787679475707,0.08828233855290127,0.5949197846523416
25559,LOF,0.3123567678316874,0.03758496124611451,0.6500582709221981
25560,LOF,0.10978380112809871,0.11858554344614546,0.7716306554257559
25561,LOF,0.09266159773673593,0.177131763970802,0.7302066382924619
25562,LOF,0.04044899646057015,0.07112176599335007,0.8884292375460797
25563,LOF,0.008415024632641717,0.1620662152871949,0.8295187600801633
25564,LOF,0.06837942832565284,0.08831319620838653,0.8433073754659607
25565,LOF,0.20050002419243856,0.13394437346863255,0.665555602338929
25566,GOF,0.07433321237094415,0.7891324544837399,0.136534333145316
25567,LOF,0.04796893951611967,0.1532202647891998,0.7988107956946805
25568,LOF,0.06081570342244445,0.10240179823394743,0.8367824983436081
25569,LOF,0.057828070720434735,0.09882000813267286,0.8433519211468924
25570,LOF,0.027197817462080734,0.12325622731591354,0.8495459552220057
25571,LOF,0.026987486161766133,0.12881144897262786,0.8442010648656061
25572,LOF,0.05717057523705616,0.19806358559705264,0.7447658391658912
25573,LOF,0.07676389408149015,0.1393300563132203,0.7839060496052895
25574,LOF,0.09085802231434781,0.2518992729567817,0.6572427047288705
25575,LOF,0.0259170165168677,0.1364744748511117,0.8376085086320206
25576,LOF,0.02617213372248022,0.2434478650955106,0.7303800011820092
25577,LOF,0.02915012694066819,0.18239157658228722,0.7884582964770447
25578,LOF,0.295988810847067,0.08866299923743254,0.6153481899155004
25579,LOF,0.2069091047807138,0.08996471227856183,0.7031261829407243
25580,LOF,0.02539120041010804,0.08165392652508052,0.8929548730648115
25581,LOF,0.04074732032131922,0.12411531036901566,0.8351373693096652
25582,LOF,0.04040888681740145,0.1193051345021435,0.8402859786804552
25583,LOF,0.03398006444852547,0.08994303102277035,0.8760769045287041
25584,Neutral,0.7180924508493503,0.12919615733888884,0.1527113918117609
25585,LOF,0.02643883150622299,0.1788335428235567,0.7947276256702203
25586,LOF,0.023717549615291173,0.10330110792883263,0.8729813424558761
25587,LOF,0.022747926781803908,0.10378935413806725,0.8734627190801288
25588,LOF,0.02812041129009786,0.07973467938782618,0.8921449093220759
25589,Neutral,0.5901336499854622,0.21322969325914243,0.1966366567553952
25590,LOF,0.060078752706305846,0.13817725123710942,0.8017439960565846
25591,LOF,0.09208125496050525,0.0940990668672431,0.8138196781722515
25592,LOF,0.08718623317988541,0.16557196212955338,0.7472418046905612
25593,LOF,0.14727272707131928,0.3602770598747194,0.4924502130539612
25594,LOF,0.04076651362390536,0.06321595424761486,0.8960175321284798
25595,LOF,0.042898959724520624,0.030299854675646946,0.9268011855998324
25596,LOF,0.11631114919921728,0.017774455443253654,0.8659143953575291
25597,LOF,0.08628865859910424,0.019884370015802514,0.8938269713850931
25598,LOF,0.045777390937463115,0.031547993796423486,0.9226746152661134
25599,LOF,0.023915742827037692,0.39543015887765126,0.580654098295311
25600,LOF,0.15691010456131727,0.38480736665789694,0.45828252878078574
25601,LOF,0.041991750371582336,0.3246312712493889,0.6333769783790288
25602,LOF,0.031113879661381395,0.08007394267529785,0.8888121776633208
25603,LOF,0.06445154985468833,0.06744297454903497,0.8681054755962766
25604,LOF,0.062237795636357285,0.12881731877669564,0.808944885586947
25605,LOF,0.05821955100569325,0.16673736108448617,0.7750430879098206
25606,Neutral,0.4371241639242826,0.25596686058853924,0.3069089754871782
25607,LOF,0.03472829096895494,0.2197752445953383,0.7454964644357067
25608,LOF,0.0515206703367306,0.10650337283808332,0.841975956825186
25609,GOF,0.17357883040188862,0.5937682187632806,0.2326529508348309
25610,LOF,0.023306206666006597,0.08190266000928384,0.8947911333247095
25611,LOF,0.01604805000092809,0.08684932929607561,0.8971026207029963
25612,LOF,0.06524309830985298,0.09641724180182841,0.8383396598883186
25613,LOF,0.057050218806332,0.10966998172072798,0.8332797994729401
25614,LOF,0.027201935934990422,0.08655126211326895,0.8862468019517407
25615,LOF,0.06275061187484376,0.08090090792835486,0.8563484801968013
25616,LOF,0.0726538388644947,0.0941960381217672,0.833150123013738
25617,LOF,0.057831750709124524,0.10287666497628033,0.8392915843145952
25618,LOF,0.0619720003025292,0.18559679586310548,0.7524312038343652
25619,LOF,0.01514095810657559,0.1371702470948098,0.8476887947986146
25620,LOF,0.051061789878813955,0.10361875371594964,0.8453194564052364
25621,LOF,0.09010554695853865,0.0941499859531116,0.8157444670883498
25622,LOF,0.1010849359285061,0.10515775952908911,0.7937573045424048
25623,LOF,0.0829096983291439,0.08048533380859522,0.8366049678622609
25624,LOF,0.024735012520919693,0.08058040181270172,0.8946845856663787
25625,LOF,0.08369808866762302,0.08957601376156725,0.8267258975708097
25626,LOF,0.059105880553401734,0.10261904778703757,0.8382750716595606
25627,Neutral,0.8734739302382957,0.02464455820446342,0.10188151155724091
25628,LOF,0.18747352369150744,0.05896444248109707,0.7535620338273954
25629,LOF,0.06100806308919131,0.07533316967704433,0.8636587672337643
25630,LOF,0.28133778498673684,0.07457286315120566,0.6440893518620574
25631,Neutral,0.5069923150108095,0.05068550085590733,0.442322184133283
25632,LOF,0.02911257011424043,0.12044196450316871,0.8504454653825908
25633,LOF,0.2022616837210281,0.07599046099397912,0.7217478552849929
25634,LOF,0.04195942995100912,0.11333256207496369,0.8447080079740272
25635,LOF,0.033514121189438154,0.05564207348630856,0.9108438053242532
25636,GOF,0.03882011372714076,0.5444110552472413,0.4167688310256179
25637,GOF,0.03493022396146964,0.4964313092948867,0.4686384667436436
25638,LOF,0.021652259139565,0.43082419597711774,0.5475235448833172
25639,LOF,0.02971552673762042,0.39275924176577875,0.5775252314966007
25640,Neutral,0.7640476313383997,0.189408234934569,0.04654413372703129
25641,LOF,0.13607698566376586,0.37469866500157434,0.4892243493346597
25642,LOF,0.1269308969461993,0.2673778506865672,0.6056912523672335
25643,LOF,0.429915948424408,0.10022286758874019,0.46986118398685184
25644,GOF,0.008318385457133974,0.6842580801799701,0.3074235343628958
25645,GOF,0.01044296000531794,0.6760892392641823,0.31346780073049973
25646,LOF,0.015665951066815193,0.456960166859694,0.5273738820734908
25647,LOF,0.008418924094773246,0.34913827871787234,0.6424427971873544
25648,LOF,0.013097421148904272,0.4102441073321161,0.5766584715189796
25649,LOF,0.008669956648200246,0.29027849865831307,0.7010515446934866
25650,GOF,0.032070913706267336,0.5978668764069749,0.37006220988675764
25651,LOF,0.009884431781414219,0.41936757475559266,0.5707479934629932
25652,GOF,0.008352361277519454,0.5117828481047392,0.47986479061774134
25653,GOF,0.030034299793954968,0.6956157844419111,0.27434991576413387
25654,LOF,0.010639088155412903,0.41734442170006303,0.572016490144524
25655,GOF,0.09430183621437575,0.701640124411083,0.20405803937454112
25656,LOF,0.19305858191382821,0.10705836595420433,0.6998830521319676
25657,LOF,0.031059340378136232,0.10672298089718082,0.8622176787246829
25658,LOF,0.2186426851061155,0.15393287792638846,0.6274244369674961
25659,LOF,0.3129403597976637,0.20320840288678216,0.48385123731555413
25660,LOF,0.020819018442995253,0.14026323343646155,0.8389177481205432
25661,LOF,0.06391361340481273,0.08999320655302148,0.8460931800421658
25662,LOF,0.02483714040922825,0.05458276777558762,0.9205800918151842
25663,LOF,0.02771255819904316,0.049220969394235356,0.9230664724067215
25664,LOF,0.09032128033163647,0.08426431227399137,0.8254144073943722
25665,LOF,0.048928539487366446,0.043864609408890184,0.9072068511037433
25666,LOF,0.06923584747364568,0.06438944958095409,0.8663747029454003
25667,LOF,0.051118301171523516,0.05684364614475158,0.8920380526837248
25668,LOF,0.025922165080390122,0.07403978627942921,0.9000380486401807
25669,LOF,0.018020665816464953,0.06530833042564593,0.9166710037578891
25670,LOF,0.12221558068021521,0.05461278716841072,0.8231716321513741
25671,LOF,0.07141587209540536,0.052568604370233585,0.8760155235343611
25672,LOF,0.03732837789492055,0.06908651077080052,0.8935851113342789
25673,LOF,0.07531918858410126,0.05348040676656554,0.8712004046493331
25674,LOF,0.07122156532808051,0.07394857425609801,0.8548298604158215
25675,LOF,0.06497744901515382,0.08216629294974558,0.8528562580351006
25676,LOF,0.014419430853140406,0.08182674471284448,0.903753824434015
25677,LOF,0.013529139191609764,0.10501045068361681,0.8814604101247735
25678,LOF,0.1558012070232268,0.09132992653488181,0.7528688664418914
25679,LOF,0.10419657565456623,0.10261036113727588,0.7931930632081579
25680,LOF,0.018180205421937667,0.14879557118267261,0.8330242233953898
25681,LOF,0.029901669337787366,0.13367812746697735,0.8364202031952352
25682,LOF,0.09259431886596899,0.09644707397505439,0.8109586071589767
25683,LOF,0.08756194166782816,0.0936049708234196,0.8188330875087523
25684,LOF,0.02111561107763411,0.08719356011623111,0.8916908288061348
25685,LOF,0.10140346747876328,0.11094629231137629,0.7876502402098605
25686,LOF,0.05392245966148145,0.258626926201155,0.6874506141373636
25687,LOF,0.10356800735956552,0.23612193283669816,0.6603100598037362
25688,LOF,0.438948337307902,0.025424415525052715,0.5356272471670454
25689,LOF,0.25186369196814484,0.031854454932749375,0.7162818530991057
25690,LOF,0.3404731659371651,0.02152923192354773,0.6379976021392871
25691,Neutral,0.7406212948662743,0.01941111906960605,0.23996758606411972
25692,LOF,0.3536726021727186,0.010637614542027517,0.6356897832852538
25693,LOF,0.04968812678287427,0.44503037131376577,0.50528150190336
25694,LOF,0.10171172724013679,0.029595671000580658,0.8686926017592825
25695,LOF,0.1083946325428927,0.011508289002116425,0.8800970784549909
25696,LOF,0.11672893068820578,0.02883669539574114,0.854434373916053
25697,LOF,0.043168331217459534,0.0737759967204508,0.8830556720620897
25698,LOF,0.2798242040712783,0.17905139644973292,0.5411243994789887
25699,LOF,0.34409054542689604,0.06194529432948293,0.593964160243621
25700,LOF,0.05547321684475383,0.013186379953712527,0.9313404032015337
25701,LOF,0.1494971707775993,0.05810325740933162,0.7923995718130691
25702,GOF,0.1918930288142991,0.6305940659279947,0.17751290525770608
25703,LOF,0.017676780648650484,0.19320342568587626,0.7891197936654734
25704,LOF,0.03282530750135333,0.13678436424496224,0.8303903282536845
25705,LOF,0.031798937714762485,0.10141478108868117,0.8667862811965564
25706,GOF,0.10643955910838852,0.5019161135391259,0.3916443273524855
25707,LOF,0.09365910462428773,0.363382442997518,0.5429584523781944
25708,LOF,0.040210684655225835,0.42379819732614743,0.5359911180186268
25709,LOF,0.0676132802572279,0.058040459354514726,0.8743462603882574
25710,LOF,0.01973843305876196,0.1953389846967809,0.784922582244457
25711,LOF,0.01847506349844177,0.1077177638744748,0.8738071726270834
25712,LOF,0.017506549959358048,0.24678813042023517,0.7357053196204069
25713,LOF,0.018087944576168823,0.09117586948718126,0.8907361859366499
25714,LOF,0.07000839485633867,0.08075694361414766,0.8492346615295138
25715,LOF,0.011513593443207059,0.15044230861273106,0.838044097944062
25716,LOF,0.014392273393709982,0.1569377512201909,0.8286699753860991
25717,LOF,0.021063353085402248,0.10711995039828359,0.8718166965163142
25718,LOF,0.010865006811274601,0.07035241883617241,0.9187825743525531
25719,LOF,0.02295687064816791,0.11796596976732598,0.8590771595845061
25720,LOF,0.030007022154866125,0.06171714421217965,0.9082758336329542
25721,LOF,0.011048335114427958,0.11224671143444181,0.8767049534511303
25722,LOF,0.012978529249470294,0.09107589849850581,0.8959455722520239
25723,LOF,0.023385456558402955,0.06731079310284994,0.9093037503387471
25724,LOF,0.034101400008691066,0.13129082107445095,0.834607778916858
25725,LOF,0.01077488437889118,0.11185306643290034,0.8773720491882084
25726,LOF,0.016572801567068588,0.1636890075365839,0.8197381908963476
25727,LOF,0.0135082766826622,0.09608615990986387,0.8904055634074739
25728,LOF,0.010319430043054214,0.13252351718113667,0.8571570527758091
25729,LOF,0.010634498977017301,0.1283703971467414,0.8609951038762412
25730,LOF,0.014352379071615061,0.127584691569312,0.858062929359073
25731,LOF,0.021576277196156186,0.17452409412744585,0.8038996286763979
25732,LOF,0.014415780184938286,0.062034643532772535,0.9235495762822892
25733,LOF,0.015223044924259204,0.08325088865017444,0.9015260664255663
25734,LOF,0.013731735374727409,0.19528204955064302,0.7909862150746296
25735,LOF,0.01078357489143663,0.08465054368697883,0.9045658814215847
25736,LOF,0.012003494935616185,0.08168419105642122,0.9063123140079626
25737,LOF,0.013204491819383173,0.11743617616519274,0.8693593320154241
25738,LOF,0.011830300708115643,0.11256260646152612,0.8756070928303583
25739,LOF,0.018413458431865384,0.1012757031138618,0.8803108384542729
25740,LOF,0.02941735713660346,0.11861873291506976,0.8519639099483268
25741,LOF,0.01402240514620102,0.12609431800971124,0.8598832768440877
25742,LOF,0.10648035734457045,0.0939098276246428,0.7996098150307869
25743,LOF,0.050361608660258635,0.06735654446530413,0.8822818468744371
25744,Neutral,0.6201099460373275,0.21741033892114334,0.16247971504152922
25745,LOF,0.06338314901657675,0.07507945814069983,0.8615373928427235
25746,LOF,0.03964801106075035,0.12082443611485924,0.8395275528243903
25747,LOF,0.01874994847541838,0.13576213112566787,0.8454879203989139
25748,LOF,0.0948143401709978,0.17682579876409932,0.7283598610649029
25749,LOF,0.02839190924835684,0.09390819190246857,0.8776998988491747
25750,LOF,0.06429419062306228,0.10225758086667253,0.8334482285102651
25751,LOF,0.11881813669528855,0.15234461362542678,0.7288372496792846
25752,GOF,0.13138516267735953,0.6663650201675294,0.20224981715511106
25753,LOF,0.03745086942447579,0.4110512779738367,0.5514978526016875
25754,GOF,0.026383831755665332,0.7938477016814944,0.1797684665628402
25755,LOF,0.04024805223837872,0.3656217663825594,0.5941301813790619
25756,LOF,0.07486339078347409,0.44912448118938414,0.4760121280271418
25757,GOF,0.023425909485019096,0.8625917622954481,0.11398232821953277
25758,GOF,0.034116376426632476,0.8191610984563501,0.14672252511701736
25759,GOF,0.017476866410875345,0.7091297040900888,0.27339342949903583
25760,LOF,0.021913481818963264,0.4307668960537198,0.547319622127317
25761,GOF,0.3049725176075299,0.6122831959373712,0.08274428645509896
25762,LOF,0.06117115751300851,0.4053716409421561,0.5334572015448353
25763,LOF,0.020002340972894283,0.3565226845747436,0.623474974452362
25764,GOF,0.07460997366155178,0.7531465652851628,0.17224346105328545
25765,GOF,0.04184057309444598,0.7910604144656215,0.16709901243993258
25766,GOF,0.10445538079138858,0.7673367982962574,0.128207820912354
25767,GOF,0.1004239404096259,0.5850978737277881,0.314478185862586
25768,LOF,0.0867646959500457,0.04423383198355812,0.8690014720663962
25769,LOF,0.04666889660114324,0.07902062056068246,0.8743104828381743
25770,LOF,0.3724011254032932,0.0936511020725461,0.5339477725241607
25771,LOF,0.06824709247382754,0.04456709675233089,0.8871858107738415
25772,LOF,0.017595792717008958,0.056049147838980774,0.9263550594440103
25773,LOF,0.0716030951911799,0.04425424338190356,0.8841426614269166
25774,LOF,0.02614444012866888,0.13521537222588226,0.8386401876454488
25775,LOF,0.08512921103535342,0.040577042611829615,0.874293746352817
25776,LOF,0.0656106410767011,0.03479459868987992,0.899594760233419
25777,Neutral,0.5412025462147816,0.08679015308278114,0.37200730070243726
25778,LOF,0.05727395676947994,0.052511466642188774,0.8902145765883313
25779,GOF,0.40819401382789494,0.5269082254051362,0.06489776076696886
25780,GOF,0.3634519530987065,0.5390246254227636,0.09752342147852995
25781,GOF,0.10751812727565307,0.7433397618270496,0.1491421108972973
25782,GOF,0.17904068295433667,0.6915391316517182,0.1294201853939453
25783,GOF,0.02312561558355732,0.6786890457462058,0.2981853386702369
25784,Neutral,0.5523185827695442,0.3791793160208248,0.0685021012096311
25785,Neutral,0.532808001850381,0.37913662024261274,0.08805537790700632
25786,GOF,0.027419899529916966,0.686549428023112,0.286030672446971
25787,Neutral,0.715118734598235,0.23476620889587896,0.05011505650588603
25788,LOF,0.05393467059899512,0.07815856814823001,0.8679067612527749
25789,GOF,0.20550402935529496,0.6369860887793428,0.1575098818653622
25790,GOF,0.2662898884134859,0.5610917087097852,0.17261840287672886
25791,GOF,0.12225816452711978,0.6023646413563928,0.2753771941164876
25792,GOF,0.3120625109367988,0.45795436498766967,0.22998312407553156
25793,GOF,0.2422417299017279,0.4338851898232166,0.32387308027505546
25794,GOF,0.3205882645982099,0.4399708357126458,0.2394408996891444
25795,GOF,0.0665405107302279,0.6156774519829563,0.3177820372868157
25796,Neutral,0.5027327828855602,0.38552667248602146,0.11174054462841838
25797,GOF,0.0824524081651317,0.4800998033712435,0.4374477884636248
25798,GOF,0.011675628077592596,0.5331141514057547,0.4552102205166527
25799,LOF,0.010653945518618313,0.4683920463019121,0.5209540081794697
25800,GOF,0.04077259865984555,0.6020946017288346,0.35713279961131983
25801,GOF,0.2073590249392556,0.636848843475855,0.15579213158488933
25802,GOF,0.06394350136578583,0.6129835369193243,0.3230729617148898
25803,GOF,0.04663020524664501,0.5430069132313029,0.41036288152205214
25804,LOF,0.038508069005141685,0.48014982718114735,0.481342103813711
25805,GOF,0.08797973574667944,0.5200599965477004,0.3919602677056201
25806,GOF,0.12726300970672752,0.5452928182534825,0.3274441720397899
25807,GOF,0.020453636529545002,0.5728176425569317,0.40672872091352325
25808,GOF,0.09802829677041174,0.5148958448318156,0.3870758583977727
25809,GOF,0.021206401564553626,0.5446568089170207,0.4341367895184256
25810,GOF,0.02182538898516237,0.5367939554984332,0.4413806555164043
25811,Neutral,0.4743807003028962,0.44005479595078273,0.0855645037463211
25812,GOF,0.040645870631762865,0.5905069610731696,0.36884716829506753
25813,Neutral,0.5767685285241829,0.2787135578787979,0.1445179135970191
25814,GOF,0.1270040711950413,0.5710993250565414,0.30189660374841737
25815,GOF,0.2717027526048314,0.5238420812731107,0.2044551661220579
25816,GOF,0.019444199626336298,0.6375334094879292,0.3430223908857344
25817,GOF,0.18783889889861893,0.6424986916211405,0.16966240948024056
25818,GOF,0.03836401215298204,0.5902542910585934,0.3713816967884246
25819,GOF,0.3879816817858863,0.41188152110949816,0.20013679710461557
25820,GOF,0.20436443499068188,0.5591560748820393,0.23647949012727873
25821,GOF,0.06594396287484812,0.6583135725767537,0.2757424645483983
25822,GOF,0.26371194276837545,0.5162964738163461,0.21999158341527839
25823,GOF,0.03982769637389705,0.5215039243492531,0.4386683792768499
25824,GOF,0.09472954157599589,0.5160381240413869,0.3892323343826172
25825,GOF,0.034537970005741665,0.5354037497653976,0.4300582802288607
25826,GOF,0.01274944504527386,0.5190763351426431,0.4681742198120831
25827,GOF,0.020591259695053887,0.5373846703864653,0.4420240699184807
25828,LOF,0.01530155703837373,0.4751350328891615,0.5095634100724648
25829,GOF,0.009128940127520562,0.5423541339922482,0.44851692588023123
25830,LOF,0.03545670347237924,0.24563063179686623,0.7189126647307547
25831,GOF,0.1448966998605733,0.6904713642372378,0.16463193590218886
25832,GOF,0.03737815533094746,0.6648179931393347,0.2978038515297179
25833,GOF,0.1147191651437696,0.6493650023228227,0.23591583253340767
25834,GOF,0.042930432950190896,0.6597491846721789,0.29732038237763025
25835,GOF,0.10219745570203932,0.5915289779700337,0.30627356632792696
25836,GOF,0.05258868008259464,0.6408235791913105,0.30658774072609485
25837,GOF,0.028270317587092544,0.5109249917329439,0.46080469067996355
25838,GOF,0.09651069402454518,0.6609557290666579,0.2425335769087969
25839,GOF,0.30577913742394325,0.4731026700341043,0.22111819254195236
25840,GOF,0.22532378567918793,0.5437093230645076,0.23096689125630443
25841,GOF,0.25762801739341584,0.5251464677055918,0.21722551490099234
25842,GOF,0.15624739682796623,0.6044594718228417,0.23929313134919208
25843,GOF,0.2351438655414684,0.5856280952576098,0.17922803920092178
25844,GOF,0.06302141845592722,0.6321104365123983,0.30486814503167436
25845,GOF,0.016714440175834004,0.5209217077910208,0.46236385203314523
25846,GOF,0.09427441040645078,0.6692797463572654,0.23644584323628368
25847,GOF,0.1049016039784054,0.6727966451447487,0.222301750876846
25848,GOF,0.048597122681851346,0.6139110990430838,0.3374917782750648
25849,GOF,0.015014373795783598,0.5331984246358306,0.4517872015683858
25850,GOF,0.029199189163207948,0.6040001248573271,0.366800685979465
25851,GOF,0.025098453040346688,0.5190096631216944,0.455891883837959
25852,GOF,0.14311983259650754,0.5321617364961273,0.32471843090736524
25853,GOF,0.3164405099377601,0.5634278125898436,0.12013167747239634
25854,GOF,0.02083751453533088,0.684550858454136,0.2946116270105331
25855,GOF,0.04541340733212643,0.587835411933637,0.3667511807342365
25856,GOF,0.21749449358447828,0.5557630735895166,0.22674243282600498
25857,GOF,0.040572636325748396,0.5316639168302809,0.4277634468439708
25858,GOF,0.019329734079309137,0.6177064920844476,0.3629637738362433
25859,GOF,0.010901024615435203,0.6087218153856024,0.3803771599989623
25860,GOF,0.2954362345225585,0.5684182429392183,0.13614552253822335
25861,GOF,0.3120656022909884,0.5705781892216083,0.1173562084874034
25862,GOF,0.060890830448674244,0.7610121094974939,0.17809706005383188
25863,GOF,0.0714755111821144,0.7600033508553586,0.168521137962527
25864,GOF,0.13660541921285674,0.7254183375886416,0.13797624319850174
25865,GOF,0.06783564845209206,0.7309223707706941,0.2012419807772138
25866,GOF,0.05987238003783403,0.7791369403365269,0.16099067962563898
25867,GOF,0.06471108676518438,0.7856256354557016,0.14966327777911398
25868,GOF,0.18653506800099995,0.6500495856011229,0.16341534639787708
25869,Neutral,0.6566643805438445,0.27013103198969174,0.0732045874664638
25870,LOF,0.23464210461883628,0.25615544418934094,0.5092024511918227
25871,GOF,0.15108891887016643,0.6504576109309499,0.19845347019888362
25872,GOF,0.07212442022469766,0.5827318278948109,0.34514375188049135
25873,GOF,0.13336044131692937,0.5798843086670478,0.28675525001602287
25874,LOF,0.020992825785011656,0.08264653991403557,0.8963606343009528
25875,LOF,0.04548458087640472,0.20683724304590778,0.7476781760776874
25876,LOF,0.022597043869737272,0.11691753753029947,0.8604854185999633
25877,Neutral,0.3856363807243621,0.23434774069747105,0.3800158785781667
25878,LOF,0.12053955760362721,0.32384483003018655,0.5556156123661862
25879,LOF,0.07073888588795073,0.30362724814997005,0.6256338659620793
25880,LOF,0.020594880585640338,0.05155912595669708,0.9278459934576626
25881,LOF,0.20779088202895638,0.14756794824587602,0.6446411697251676
25882,LOF,0.07309903798687278,0.01872424432280801,0.9081767176903192
25883,LOF,0.08309314327877793,0.03040338244323248,0.8865034742779896
25884,LOF,0.04670453596591377,0.03437339424712531,0.918922069786961
25885,LOF,0.06063451777624065,0.021985699315538145,0.9173797829082211
25886,LOF,0.34675507948560147,0.07769452326071881,0.5755503972536798
25887,LOF,0.21055485779530533,0.14034050981758323,0.6491046323871115
25888,LOF,0.07846654085619453,0.08217095741677279,0.8393625017270326
25889,LOF,0.03573439139223713,0.03768526250673162,0.9265803461010312
25890,LOF,0.07550868194150685,0.12672752637487952,0.7977637916836136
25891,LOF,0.06954412953738864,0.05324728986839278,0.8772085805942186
25892,LOF,0.09292531451996967,0.03911958477852693,0.8679551007015034
25893,LOF,0.3271491283998001,0.031066189465057088,0.6417846821351428
25894,LOF,0.18298240111280067,0.011729352820808827,0.8052882460663905
25895,LOF,0.23834522722136176,0.023506097592378303,0.7381486751862599
25896,LOF,0.050470080608601676,0.022211538766587064,0.9273183806248112
25897,LOF,0.23059881928299547,0.03437480656600542,0.7350263741509991
25898,Neutral,0.7905589578263283,0.022544878862098907,0.18689616331157274
25899,LOF,0.22471762460509678,0.058095822983394774,0.7171865524115085
25900,Neutral,0.6227874321265889,0.014238740443502464,0.36297382742990864
25901,LOF,0.04618001874517467,0.013724443300101198,0.9400955379547241
25902,LOF,0.16813096363830254,0.017904713808717984,0.8139643225529795
25903,Neutral,0.6209977781109782,0.0787143218713686,0.30028790001765315
25904,LOF,0.27681397928710255,0.04028590974473549,0.6829001109681619
25905,LOF,0.04184749981530783,0.3342302839039952,0.6239222162806969
25906,LOF,0.02452820565790867,0.07168867986809821,0.9037831144739932
25907,LOF,0.011435301954163406,0.39027979860542944,0.5982848994404071
25908,LOF,0.013997688160664358,0.2525393962966172,0.7334629155427184
25909,LOF,0.016573072113380685,0.1166447353634228,0.8667821925231965
25910,LOF,0.024339594263172774,0.3951520755886577,0.5805083301481696
25911,LOF,0.05753097411883934,0.06376048101279222,0.8787085448683685
25912,LOF,0.02666026117829224,0.1369752960950905,0.8363644427266173
25913,LOF,0.20781474182847598,0.047517998038961305,0.7446672601325627
25914,LOF,0.020620801449561407,0.0972130610988969,0.8821661374515418
25915,Neutral,0.38752977219446477,0.3319977463345874,0.28047248147094783
25916,LOF,0.030070627654808637,0.4718486599731185,0.4980807123720728
25917,LOF,0.040649164295051214,0.059323633219315906,0.9000272024856328
25918,LOF,0.025151760858066263,0.05670593070379372,0.9181423084381399
25919,LOF,0.02284052099355859,0.06205985830501934,0.915099620701422
25920,GOF,0.1235152038699471,0.5420762139035019,0.334408582226551
25921,LOF,0.03140025185966484,0.028190743181567557,0.9404090049587677
25922,LOF,0.04288136303789644,0.021030699424912144,0.9360879375371916
25923,LOF,0.4008186145570418,0.027574566979594057,0.5716068184633641
25924,LOF,0.03896854539991628,0.026179674019854982,0.9348517805802288
25925,LOF,0.07174793958353433,0.0338420464379083,0.8944100139785574
25926,LOF,0.052433165765202766,0.024012852394402342,0.9235539818403948
25927,LOF,0.07140540310209031,0.060779882226267505,0.8678147146716423
25928,LOF,0.02357281596505763,0.020559316313003603,0.9558678677219388
25929,Neutral,0.5530045347817769,0.03462470078340591,0.4123707644348171
25930,LOF,0.06525177158983532,0.01955366572842285,0.9151945626817418
25931,LOF,0.031075464854282996,0.018455279763245507,0.9504692553824715
25932,LOF,0.028827272335169258,0.01757435701202013,0.9535983706528107
25933,LOF,0.03824920633910881,0.0112266455025873,0.9505241481583038
25934,LOF,0.026883370171199617,0.016615612512628813,0.9565010173161715
25935,LOF,0.07141944523289094,0.03499713463608457,0.8935834201310244
25936,LOF,0.0452965680944447,0.01952204149383546,0.9351813904117199
25937,LOF,0.03456691202791979,0.02391618880352391,0.9415168991685564
25938,LOF,0.06040801229044939,0.04637111096936243,0.8932208767401881
25939,LOF,0.04134051994924961,0.011918154743163612,0.9467413253075868
25940,GOF,0.0260017747864114,0.5067880174988542,0.4672102077147345
25941,LOF,0.16463551745531016,0.06409930162465077,0.7712651809200389
25942,LOF,0.015777205358702782,0.02487409253696743,0.9593487021043298
25943,LOF,0.38357905324304714,0.05146049640192341,0.5649604503550294
25944,LOF,0.4685228112236128,0.03190182643642641,0.4995753623399608
25945,LOF,0.08468026541464282,0.02381488192795417,0.8915048526574031
25946,LOF,0.036906622162268976,0.11556234901252148,0.8475310288252095
25947,LOF,0.165329963869574,0.18416817573023767,0.6505018604001883
25948,LOF,0.4453402096965871,0.013658950758074172,0.5410008395453387
25949,LOF,0.12461796702001762,0.04811256895684191,0.8272694640231405
25950,GOF,0.232660480727134,0.47787094564372223,0.2894685736291436
25951,LOF,0.24240297492885846,0.1297598761933939,0.6278371488777476
25952,LOF,0.05092378421246181,0.4127343283983466,0.5363418873891915
25953,LOF,0.151344877538712,0.10290555796186537,0.7457495644994226
25954,Neutral,0.3846469208975255,0.2535123254516465,0.3618407536508281
25955,LOF,0.06582630677100419,0.11286221186618839,0.8213114813628074
25956,LOF,0.22421712558592716,0.03815610103738931,0.7376267733766836
25957,LOF,0.04799561770188668,0.01517613198275962,0.9368282503153537
25958,LOF,0.06168675038041503,0.026641947769692274,0.9116713018498928
25959,LOF,0.11310171354263156,0.2859820248475196,0.6009162616098488
25960,LOF,0.026628096131229323,0.05470600306374922,0.9186659008050215
25961,LOF,0.049814585885205945,0.04026962898535893,0.909915785129435
25962,LOF,0.061040595819683206,0.03310745884095215,0.9058519453393648
25963,LOF,0.061572517573974986,0.1409279087877689,0.7974995736382562
25964,LOF,0.03514506075474157,0.16228380951106064,0.8025711297341978
25965,Neutral,0.5404744569013773,0.044040943327055285,0.4154845997715675
25966,GOF,0.3008735439117182,0.38785435069231533,0.31127210539596645
25967,LOF,0.013228134460189719,0.14661474254960938,0.840157122990201
25968,LOF,0.05084724195222842,0.4207804472604165,0.5283723107873551
25969,LOF,0.022097419152706164,0.06290471768563946,0.9149978631616544
25970,LOF,0.06735459369118049,0.04274725068365278,0.8898981556251667
25971,LOF,0.08115298239288943,0.01970022471036084,0.8991467928967498
25972,LOF,0.08491147837957547,0.02210588441345323,0.8929826372069712
25973,LOF,0.07968738799843629,0.012800380691335642,0.9075122313102282
25974,LOF,0.31317765551076127,0.041277266522665904,0.6455450779665728
25975,LOF,0.0487683742407829,0.03148147119272946,0.9197501545664877
25976,LOF,0.03175319291547733,0.02507050912766219,0.9431762979568605
25977,LOF,0.13520540748130397,0.10808449472636673,0.7567100977923292
25978,LOF,0.17362638027091262,0.09051282021089932,0.735860799518188
25979,LOF,0.16407133343549538,0.06946342993286907,0.7664652366316356
25980,LOF,0.20155973472142885,0.1694721859739556,0.6289680793046156
25981,LOF,0.23702304360694876,0.15654793470850273,0.6064290216845486
25982,LOF,0.43967830671072,0.08411432905602707,0.4762073642332529
25983,LOF,0.4178410862021333,0.07059195113040444,0.5115669626674623
25984,LOF,0.04521981230621043,0.08129379904089586,0.8734863886528937
25985,LOF,0.021852788508539004,0.2740809347987371,0.704066276692724
25986,LOF,0.03100000333098366,0.2600817836690436,0.7089182129999727
25987,LOF,0.08627765523883689,0.0732198411374874,0.8405025036236757
25988,LOF,0.09839889900793605,0.0619975762096031,0.8396035247824608
25989,LOF,0.024262803747339825,0.08663071267739374,0.8891064835752664
25990,LOF,0.0336096321465578,0.07440877285025212,0.8919815950031901
25991,LOF,0.21467313308111097,0.3020819767208267,0.4832448901980623
25992,Neutral,0.40817838850441013,0.1933147814571288,0.39850683003846116
25993,LOF,0.030629350184920783,0.07766103408252654,0.8917096157325526
25994,LOF,0.01929164260736185,0.10868408316254856,0.8720242742300895
25995,LOF,0.03407461974140479,0.09506930167945375,0.8708560785791414
25996,GOF,0.27650690098965885,0.4277198169357634,0.29577328207457776
25997,GOF,0.10635803868090325,0.4523557587704016,0.44128620254869516
25998,Neutral,0.48833171436093287,0.03727022937521553,0.4743980562638516
25999,LOF,0.10432397381323491,0.11315230380459824,0.7825237223821668
26000,LOF,0.07653267935207006,0.02572026804776595,0.897747052600164
26001,LOF,0.19001511095611465,0.03985721676318442,0.770127672280701
26002,LOF,0.09784471467719032,0.03447392866946934,0.8676813566533403
26003,GOF,0.012737955717037739,0.6568567208926137,0.33040532339034856
26004,GOF,0.02815218778243705,0.6691952830177001,0.30265252919986274
26005,GOF,0.013015806003518317,0.5195847927350778,0.4673994012614039
26006,Neutral,0.541886325545585,0.28328425110298305,0.1748294233514319
26007,GOF,0.024703073454785864,0.6144896416119846,0.3608072849332296
26008,GOF,0.020732074886763947,0.5907672269769121,0.3885006981363239
26009,GOF,0.03568949471949119,0.682485877337616,0.2818246279428927
26010,GOF,0.025663798609009213,0.7244628271351203,0.24987337425587058
26011,LOF,0.011445715761462853,0.4716909318327615,0.5168633524057756
26012,GOF,0.02259463790127346,0.5376599610019159,0.4397454010968106
26013,GOF,0.016038185784080634,0.6970984337594968,0.2868633804564228
26014,LOF,0.04759707511912372,0.13637837302795147,0.8160245518529247
26015,LOF,0.24047389803734107,0.007910468235500462,0.7516156337271586
26016,LOF,0.30467075998149973,0.04328836884060765,0.6520408711778926
26017,LOF,0.20153626812427017,0.06544535487394336,0.7330183770017866
26018,LOF,0.10179614381343094,0.02803979104407063,0.8701640651424984
26019,LOF,0.0988765427303734,0.017049030397999557,0.8840744268716271
26020,LOF,0.07971187367667036,0.06693176905479674,0.853356357268533
26021,LOF,0.07437426468593207,0.08025457968081752,0.8453711556332504
26022,LOF,0.013163924010049741,0.039433709383469635,0.9474023666064806
26023,LOF,0.15591805276226525,0.015776046280652566,0.8283059009570821
26024,LOF,0.04061550548975964,0.06893883155846983,0.8904456629517705
26025,LOF,0.1907549637241021,0.052300314339134055,0.7569447219367639
26026,LOF,0.36309882216300376,0.010237124834189993,0.6266640530028063
26027,LOF,0.10159447813112235,0.01091607556787323,0.8874894463010043
26028,LOF,0.22649224200927617,0.06857233975630206,0.7049354182344217
26029,LOF,0.1127269881506382,0.1497228586718007,0.737550153177561
26030,LOF,0.03631183526820698,0.03488491833452898,0.928803246397264
26031,LOF,0.03996987839895166,0.11409491656522222,0.8459352050358261
26032,LOF,0.0963720831009412,0.02064076910381926,0.8829871477952395
26033,LOF,0.13697152109432015,0.022478363028718796,0.840550115876961
26034,LOF,0.06326297993701366,0.11627758709304628,0.8204594329699401
26035,LOF,0.0439707571399186,0.09386928752094457,0.8621599553391369
26036,LOF,0.0613664016340773,0.11268138170020747,0.8259522166657153
26037,LOF,0.038878794594091014,0.09159195893953069,0.8695292464663782
26038,LOF,0.09495480596799173,0.020482497855460566,0.8845626961765477
26039,LOF,0.08736798232744729,0.10344976859255463,0.8091822490799981
26040,LOF,0.24911519093675555,0.06009971803894716,0.6907850910242972
26041,LOF,0.03682801010113466,0.08565895039166106,0.8775130395072043
26042,LOF,0.03704082283466826,0.08337998754666169,0.8795791896186701
26043,LOF,0.09153070428263384,0.02954298043572697,0.8789263152816391
26044,LOF,0.03875473970084276,0.04370310483430047,0.9175421554648567
26045,LOF,0.10815434124181646,0.07292521722498503,0.8189204415331984
26046,LOF,0.10102442053100877,0.032167563029427255,0.866808016439564
26047,LOF,0.13350429021042517,0.03930509840238442,0.8271906113871904
26048,LOF,0.05531293471575451,0.035571855779215435,0.90911520950503
26049,Neutral,0.9478982281721351,0.005785250764009853,0.046316521063855004
26050,Neutral,0.9286182518688495,0.005879001674129469,0.06550274645702121
26051,GOF,0.043533735768058336,0.48956852636606435,0.46689773786587735
26052,GOF,0.041668028418790845,0.5831563027794575,0.3751756688017517
26053,LOF,0.065382908746641,0.3967615962932075,0.5378554949601515
26054,LOF,0.0562602461927308,0.07550973911209455,0.8682300146951747
26055,LOF,0.0771950187667233,0.06903085399289927,0.8537741272403774
26056,LOF,0.06402680397130893,0.08522586794064223,0.8507473280880489
26057,LOF,0.02809399487805897,0.027702442572685587,0.9442035625492554
26058,LOF,0.0276019612634775,0.024130673847063293,0.9482673648894592
26059,LOF,0.3406851049397538,0.08107242223383346,0.5782424728264127
26060,LOF,0.03565777196046546,0.2803900346773077,0.6839521933622269
26061,LOF,0.019023715422872508,0.06160796115165909,0.9193683234254685
26062,LOF,0.014659103903625802,0.05937924299360537,0.9259616531027689
26063,LOF,0.023437270066739017,0.028238082459263805,0.9483246474739973
26064,LOF,0.024685139396699217,0.03951827553107424,0.9357965850722266
26065,LOF,0.026768467340227798,0.03104176845040611,0.9421897642093662
26066,LOF,0.020820961546529505,0.03647673519149775,0.9427023032619728
26067,LOF,0.02313930303190814,0.02377941413603065,0.9530812828320613
26068,LOF,0.05101913881770286,0.07209584983126147,0.8768850113510356
26069,LOF,0.43776041813183403,0.06415956882544722,0.4980800130427187
26070,Neutral,0.6462676393447527,0.030122482060915782,0.3236098785943315
26071,LOF,0.02276080957813837,0.037117040766270676,0.9401221496555909
26072,LOF,0.024012365757104335,0.07288899305794964,0.903098641184946
26073,LOF,0.02445993138845538,0.029489349217293997,0.9460507193942506
26074,Neutral,0.8844345874624218,0.012835389235921759,0.10273002330165641
26075,LOF,0.03857786712037899,0.06007805073893709,0.901344082140684
26076,LOF,0.04304576490970362,0.02232932764027199,0.9346249074500244
26077,LOF,0.010964604893222301,0.07285893845954826,0.9161764566472294
26078,LOF,0.0140313166156829,0.050041411994912105,0.9359272713894051
26079,LOF,0.05005965550007338,0.053285959548212504,0.8966543849517141
26080,LOF,0.05005965550007338,0.053285959548212504,0.8966543849517141
26081,LOF,0.030560331503955304,0.01950026699732891,0.9499394014987157
26082,LOF,0.02127805403203466,0.05988763085640189,0.9188343151115635
26083,LOF,0.12988901716926124,0.03210164625597591,0.8380093365747628
26084,LOF,0.02635789129689061,0.04527038306707795,0.9283717256360315
26085,LOF,0.021840567355405443,0.03871425900998943,0.9394451736346052
26086,LOF,0.02220230089058609,0.04109188318024595,0.9367058159291679
26087,LOF,0.02452964819839466,0.02930952145676764,0.9461608303448377
26088,LOF,0.027676190114995176,0.07695601157532049,0.8953677983096843
26089,LOF,0.04700508029097038,0.08286043030348496,0.8701344894055446
26090,LOF,0.0439690899220045,0.06823206180028804,0.8877988482777074
26091,LOF,0.03692470904510175,0.018904701104007725,0.9441705898508905
26092,LOF,0.028504033932280414,0.024236231308733838,0.9472597347589858
26093,LOF,0.038987433376457596,0.015905342549198734,0.9451072240743437
26094,LOF,0.04021805080759816,0.016166206637435628,0.9436157425549662
26095,LOF,0.03990794359185442,0.05448500153310271,0.9056070548750428
26096,LOF,0.01903250432628623,0.04635924441597044,0.9346082512577433
26097,LOF,0.01214308102629447,0.12471272205488056,0.863144196918825
26098,LOF,0.05936804060081058,0.0476482529564434,0.892983706442746
26099,LOF,0.023263237878448483,0.045179205820962236,0.9315575563005893
26100,LOF,0.024145754429740783,0.04037395520829643,0.9354802903619628
26101,LOF,0.05722720279041895,0.04503849121540186,0.8977343059941792
26102,LOF,0.02496090644578559,0.030835372124527975,0.9442037214296864
26103,Neutral,0.8719338889071,0.05501861446869839,0.07304749662420165
26104,LOF,0.0518972145625135,0.10182990544231758,0.8462728799951689
26105,LOF,0.30648895535133364,0.24197814214675814,0.45153290250190825
26106,LOF,0.1654364062965197,0.15742961834194805,0.6771339753615322
26107,LOF,0.2649321719975277,0.14410978252470275,0.5909580454777694
26108,LOF,0.1888234810342144,0.1544685865271674,0.6567079324386181
26109,LOF,0.06421841545017762,0.13253524798976676,0.8032463365600557
26110,LOF,0.29820314087260325,0.029100471409898264,0.6726963877174986
26111,LOF,0.4591460225283977,0.03735306263725349,0.5035009148343488
26112,LOF,0.03848303233507252,0.023457170046753257,0.9380597976181743
26113,LOF,0.05393414924649912,0.060512648999556,0.8855532017539448
26114,LOF,0.02219391612332505,0.023932472545392512,0.9538736113312825
26115,LOF,0.1083214124777191,0.04931334675445698,0.8423652407678239
26116,LOF,0.05553709322385127,0.046485089145797874,0.8979778176303508
26117,LOF,0.3049500771975984,0.11380172468006285,0.5812481981223387
26118,LOF,0.04315079772228076,0.05999411108943592,0.8968550911882833
26119,LOF,0.02660076687676201,0.08071763721022314,0.8926815959130149
26120,LOF,0.035334794660981425,0.052990519280566285,0.9116746860584521
26121,LOF,0.05659715032969229,0.11267416392917685,0.8307286857411309
26122,LOF,0.06569751924679446,0.06429894355680221,0.8700035371964033
