feature0,prediction,LoGoFunc_Neutral,LoGoFunc_GOF,LoGoFunc_LOF
25546,Neutral,0.642254505086481,0.0492749161723532,0.3084705787411659
25547,Neutral,0.5191515798232154,0.08780307944722156,0.39304534072956315
25548,Neutral,0.5077402146033831,0.07527744344656191,0.416982341950055
25549,LOF,0.45364766709064913,0.07609155668126158,0.4702607762280892
25550,LOF,0.37427703059267126,0.09975666838482883,0.5259663010225
25551,LOF,0.31631331856807665,0.11209900680911306,0.5715876746228103
25552,LOF,0.28027999952356697,0.11985694918894693,0.5998630512874862
25553,Neutral,0.8013154899695554,0.04283545894366447,0.15584905108678015
25554,LOF,0.3246500180770559,0.10949983810454612,0.565850143818398
25555,LOF,0.2799952675869476,0.1029582323530875,0.617046500059965
25556,LOF,0.45429277947722435,0.09038972391592971,0.45531749660684595
25557,LOF,0.27609402026736374,0.10928620384511667,0.6146197758875195
25558,LOF,0.33697581955722766,0.10305905773857867,0.5599651227041936
25559,LOF,0.24022141473357256,0.14009625719936641,0.6196823280670609
25560,LOF,0.13711848163167764,0.12774834657136197,0.7351331717969604
25561,LOF,0.1208604754856923,0.15551354431388836,0.7236259802004193
25562,LOF,0.05239246624905449,0.0776488322364466,0.8699587015144989
25563,LOF,0.01588667019540111,0.12493037712223319,0.8591829526823658
25564,LOF,0.14625406203421698,0.11418483322809582,0.7395611047376871
25565,LOF,0.22532368430014807,0.1192606603809325,0.6554156553189194
25566,GOF,0.07275279680753126,0.642961104409273,0.28428609878319583
25567,LOF,0.04256548075449305,0.17444126489632067,0.7829932543491863
25568,LOF,0.05808294434545429,0.10093753986164256,0.8409795157929032
25569,LOF,0.059815910724013474,0.09161050639057955,0.8485735828854071
25570,LOF,0.029468350036373943,0.13309343712565508,0.837438212837971
25571,LOF,0.02901831037667265,0.13858691861807626,0.8323947710052512
25572,LOF,0.07036071063284804,0.15894485913771095,0.7706944302294411
25573,LOF,0.06199576031205245,0.1249646080816042,0.8130396316063433
25574,LOF,0.06432159761455272,0.2316028931214742,0.7040755092639731
25575,LOF,0.024398869639050885,0.15353163495197747,0.8220694954089717
25576,LOF,0.03006552871600799,0.2033025920786984,0.7666318792052935
25577,LOF,0.03395554730025625,0.15092314884792316,0.8151213038518207
25578,LOF,0.2744070016739483,0.13290155352296892,0.5926914448030828
25579,LOF,0.17290663244452054,0.1287866423037451,0.6983067252517343
25580,LOF,0.021185379066227868,0.10577137671798076,0.8730432442157914
25581,LOF,0.05098935117236022,0.09514529419050517,0.8538653546371345
25582,LOF,0.050833515459316116,0.09361912773126192,0.8555473568094218
25583,LOF,0.024254972398237474,0.11357880163430405,0.8621662259674584
25584,Neutral,0.6882233136325765,0.15853160405076472,0.15324508231665873
25585,LOF,0.022716639559755655,0.1796492484089683,0.7976341120312761
25586,LOF,0.01710275314378298,0.10127232056303251,0.8816249262931845
25587,LOF,0.017302778872132774,0.09198292576063923,0.8907142953672279
25588,LOF,0.02088178284674735,0.10325046316315079,0.8758677539901019
25589,Neutral,0.49742342550074164,0.2711790886573037,0.23139748584195474
25590,LOF,0.046358973816457885,0.16390235306841802,0.7897386731151241
25591,LOF,0.09035623346178832,0.08095394222356495,0.8286898243146468
25592,LOF,0.05530041825601614,0.21475759109619302,0.7299419906477908
25593,LOF,0.11674065453442332,0.31091676448005134,0.5723425809855253
25594,LOF,0.05057193850031225,0.0947950665174019,0.8546329949822858
25595,LOF,0.04905361437506411,0.06049733677223568,0.8904490488527002
25596,LOF,0.11350253151844121,0.031189051024820676,0.855308417456738
25597,LOF,0.08308731441235277,0.0389278935453841,0.8779847920422632
25598,LOF,0.05215377107557147,0.06487705062006217,0.8829691783043664
25599,LOF,0.02464099209832258,0.40986461390869056,0.5654943939929868
25600,GOF,0.18734375065635736,0.42913744886337923,0.38351880048026343
25601,LOF,0.04640957797251709,0.33628603129833157,0.6173043907291513
25602,LOF,0.0346968488313635,0.06408829349504903,0.9012148576735874
25603,LOF,0.039163166871879984,0.03953111293784678,0.9213057201902732
25604,LOF,0.040987203198832506,0.09120150401303118,0.8678112927881363
25605,LOF,0.03433579460086324,0.18817137478183685,0.7774928306172999
25606,LOF,0.3847356230875991,0.12348231241162488,0.49178206450077594
25607,LOF,0.031401755519702694,0.17260786504918157,0.7959903794311157
25608,LOF,0.042291928026367,0.0915861320459181,0.8661219399277148
25609,GOF,0.13902454805984069,0.5296698899991185,0.331305561941041
25610,LOF,0.015118888097315462,0.045990203248322,0.9388909086543624
25611,LOF,0.012728411037839529,0.050851419706213985,0.9364201692559465
25612,LOF,0.046971893176293175,0.06358963902128302,0.8894384678024237
25613,LOF,0.04353245518728907,0.06561807105856264,0.8908494737541484
25614,LOF,0.021773649637908347,0.041833168732582915,0.9363931816295088
25615,LOF,0.047797362875521616,0.06226281077850396,0.8899398263459745
25616,LOF,0.045530927983515115,0.04611334285363403,0.9083557291628509
25617,LOF,0.036628604532675364,0.05743330129972792,0.9059380941675967
25618,LOF,0.0447874633649874,0.06571821338634741,0.8894943232486652
25619,LOF,0.012562890996838355,0.05450045357446498,0.9329366554286967
25620,LOF,0.05050835525589268,0.06441079925622886,0.8850808454878786
25621,LOF,0.060748249295485904,0.06151606565882501,0.8777356850456891
25622,LOF,0.06612982570271973,0.0682313181170353,0.8656388561802449
25623,LOF,0.06965602818214374,0.04919077887370259,0.8811531929441537
25624,LOF,0.017325649684854186,0.05723096225149489,0.9254433880636509
25625,LOF,0.06044686118501799,0.062381643661422424,0.8771714951535596
25626,LOF,0.04766283746098978,0.05777487864244672,0.8945622838965634
25627,Neutral,0.8883144804086368,0.025230473047426028,0.08645504654393732
25628,LOF,0.13900641930030577,0.061559865405443386,0.7994337152942508
25629,LOF,0.06437461021467313,0.0525365654949638,0.8830888242903632
25630,LOF,0.2646490686388956,0.07078781024035877,0.6645631211207457
25631,Neutral,0.5420152704626379,0.0724805320714162,0.3855041974659459
25632,LOF,0.02749014476651488,0.0798268083381104,0.8926830468953748
25633,LOF,0.20592348915741693,0.04526355588849997,0.7488129549540831
25634,LOF,0.03575319827807637,0.09804665426909183,0.8662001474528318
25635,LOF,0.033493639290710406,0.04648885556709267,0.9200175051421969
25636,LOF,0.03746755392211609,0.4635732423600819,0.498959203717802
25637,GOF,0.06079178301854183,0.531559244382541,0.40764897259891714
25638,LOF,0.030507355756319667,0.39775124674664486,0.5717413974970356
25639,LOF,0.02931994539235348,0.44833134923607615,0.5223487053715704
25640,Neutral,0.8530535592550491,0.08978726146597069,0.05715917927898023
25641,GOF,0.09205006507916419,0.4764860477950845,0.4314638871257512
25642,LOF,0.07214363104211338,0.17913847389713322,0.7487178950607534
25643,LOF,0.24510973480664142,0.12849998423510683,0.6263902809582518
25644,GOF,0.015046682954383842,0.553608313459851,0.43134500358576516
25645,LOF,0.0179825978106158,0.4689438857086891,0.5130735164806951
25646,LOF,0.04419109639387939,0.3650422549016815,0.5907666487044391
25647,LOF,0.017917506449345186,0.2896630140903402,0.6924194794603147
25648,LOF,0.01929005656274829,0.3038186251729502,0.6768913182643014
25649,LOF,0.011666296185849412,0.2350351954497166,0.7532985083644339
25650,LOF,0.037463328861673424,0.4568663140412948,0.5056703570970318
25651,LOF,0.013246127134608503,0.2955584786253775,0.691195394240014
25652,LOF,0.02267907855451385,0.2964688712519164,0.6808520501935696
25653,GOF,0.06100959174176093,0.4731228645823849,0.46586754367585426
25654,LOF,0.014138306904213882,0.21133946246919544,0.7745222306265906
25655,GOF,0.19097918730563554,0.48844593909350736,0.32057487360085707
25656,LOF,0.3491185081343284,0.10622361838282422,0.5446578734828474
25657,LOF,0.0579515093397776,0.09959004713471209,0.8424584435255102
25658,LOF,0.3233695596685991,0.0990166290779677,0.5776138112534333
25659,Neutral,0.4710310684163531,0.11549557708808222,0.41347335449556455
25660,LOF,0.024065047000285583,0.1016647185468231,0.8742702344528913
25661,LOF,0.09751888198673196,0.06266309074160051,0.8398180272716674
25662,LOF,0.036034835123720764,0.03405536743638543,0.9299097974398938
25663,LOF,0.04295618660402713,0.04475453232612201,0.9122892810698509
25664,LOF,0.14933235624090344,0.06591099856332519,0.7847566451957714
25665,LOF,0.0705419934805509,0.02715541750011419,0.902302589019335
25666,LOF,0.1072332609215171,0.0643802456302426,0.8283864934482403
25667,LOF,0.07611612312492172,0.03857829543578749,0.8853055814392907
25668,LOF,0.03849542961858666,0.04878452456920866,0.9127200458122046
25669,LOF,0.03207512686556323,0.04511812638558486,0.922806746748852
25670,LOF,0.14418321966454892,0.0632950786686867,0.7925217016667644
25671,LOF,0.12008698474612198,0.035425603126997975,0.84448741212688
25672,LOF,0.05724676038637742,0.041575884918146275,0.9011773546954763
25673,LOF,0.08901091695687934,0.05117090241865398,0.8598181806244667
25674,LOF,0.07817382078016452,0.061435844845944186,0.8603903343738912
25675,LOF,0.12488805769234558,0.06414796123140631,0.8109639810762481
25676,LOF,0.019325799000095477,0.0562910114005328,0.9243831895993718
25677,LOF,0.026637685411776812,0.06705457629211149,0.9063077382961118
25678,LOF,0.1970127641098146,0.07705965627448255,0.7259275796157028
25679,LOF,0.12468036175681857,0.09307546441489037,0.782244173828291
25680,LOF,0.03275821762209281,0.11668397757168347,0.8505578048062238
25681,LOF,0.047893534910433785,0.10539257502594672,0.8467138900636194
25682,LOF,0.14680284419568856,0.07322765458807658,0.7799695012162348
25683,LOF,0.11819650071797859,0.10307951886223012,0.7787239804197913
25684,LOF,0.04365873166379136,0.0677135934449806,0.8886276748912281
25685,LOF,0.13788638043188972,0.07253388787246667,0.7895797316956437
25686,LOF,0.0818049784857648,0.10503176939960891,0.8131632521146263
25687,LOF,0.13016059883790615,0.1127941409247199,0.757045260237374
25688,LOF,0.37939646230436247,0.04796467134953152,0.572638866346106
25689,LOF,0.2821310842291519,0.05171935509383297,0.6661495606770153
25690,LOF,0.34199289176566655,0.04006766960173414,0.6179394386325994
25691,Neutral,0.720193348365146,0.034716206372368635,0.2450904452624853
25692,LOF,0.34255223643552696,0.012989714417314746,0.6444580491471583
25693,LOF,0.046148807232655416,0.4237026499588308,0.5301485428085139
25694,LOF,0.12327097179376963,0.015666377749276348,0.8610626504569541
25695,LOF,0.12067525024482748,0.013409965446584146,0.8659147843085884
25696,LOF,0.1205530031405788,0.009213715747143142,0.8702332811122779
25697,LOF,0.09800696850102796,0.044320157953456646,0.8576728735455155
25698,LOF,0.34857705570628916,0.17128355751388497,0.4801393867798258
25699,Neutral,0.5569397469848639,0.04675803950909348,0.3963022135060426
25700,LOF,0.07615190295034124,0.011402855276571429,0.9124452417730873
25701,LOF,0.19477034757008413,0.04652559642659241,0.7587040560033235
25702,GOF,0.18343606278797395,0.5938453942013827,0.22271854301064345
25703,LOF,0.01655742921552738,0.1347804908945594,0.8486620798899133
25704,LOF,0.0416163638846514,0.09114736183460846,0.8672362742807402
25705,LOF,0.04943015435086887,0.13201309474205936,0.8185567509070718
25706,GOF,0.11471864949038878,0.4442445618316776,0.44103678867793356
25707,LOF,0.09181332737245612,0.3906251845295101,0.5175614880980338
25708,LOF,0.03539526051100814,0.31590460447782454,0.6487001350111673
25709,LOF,0.06661990401907332,0.03931695477523139,0.8940631412056953
25710,LOF,0.012802706839376624,0.14178477097875622,0.8454125221818672
25711,LOF,0.021574984535112647,0.0678131545782577,0.9106118608866296
25712,LOF,0.014707322521474194,0.16352385951870274,0.8217688179598232
25713,LOF,0.020009027883685405,0.06727789612332427,0.9127130759929903
25714,LOF,0.08010751223386617,0.06644922657232151,0.8534432611938123
25715,LOF,0.011635911701650873,0.11801811947969339,0.8703459688186558
25716,LOF,0.011154776708696452,0.11042573755426026,0.8784194857370433
25717,LOF,0.014751677941076152,0.06569617238540126,0.9195521496735226
25718,LOF,0.01108081039782827,0.08131491843176446,0.9076042711704073
25719,LOF,0.021041478784517387,0.06607261845143596,0.9128859027640466
25720,LOF,0.025996885027783592,0.059873428090749164,0.9141296868814673
25721,LOF,0.014021433857089448,0.1001460061582614,0.8858325599846492
25722,LOF,0.014611126785207785,0.10394955502347887,0.8814393181913133
25723,LOF,0.024322731994022354,0.04054098001685946,0.9351362879891181
25724,LOF,0.03267451571496365,0.0774311209881757,0.8898943632968607
25725,LOF,0.011690300493817108,0.07139198132493346,0.9169177181812495
25726,LOF,0.01707524735783869,0.10091716730259251,0.8820075853395689
25727,LOF,0.012869002242781164,0.07284485039299685,0.914286147364222
25728,LOF,0.010224611148392413,0.09575333399606625,0.8940220548555412
25729,LOF,0.010479989414145007,0.09418272582615964,0.8953372847596954
25730,LOF,0.014125100093625977,0.07806961650952825,0.9078052833968459
25731,LOF,0.01954477462929135,0.09276743240965886,0.8876877929610498
25732,LOF,0.013867117796546978,0.06715304020963538,0.9189798419938175
25733,LOF,0.016294403419806237,0.0643307497568111,0.9193748468233827
25734,LOF,0.011365492975304713,0.11297471504259668,0.8756597919820986
25735,LOF,0.011751801446770618,0.07425535386495302,0.9139928446882762
25736,LOF,0.01323909128776074,0.08990293252346769,0.8968579761887716
25737,LOF,0.012581714707463163,0.06670402254998276,0.920714262742554
25738,LOF,0.012333393890649772,0.09051682999156471,0.8971497761177856
25739,LOF,0.021120641948643534,0.06564582574663198,0.9132335323047245
25740,LOF,0.028391375854228688,0.10321486483477738,0.868393759310994
25741,LOF,0.016498314804622903,0.09793653186108513,0.8855651533342919
25742,LOF,0.1313046940631272,0.06337624136873549,0.8053190645681374
25743,LOF,0.03555366144457907,0.05721299369489929,0.9072333448605217
25744,Neutral,0.5942184425565393,0.23461867417910817,0.17116288326435244
25745,LOF,0.0668335325252355,0.08316991150458393,0.8499965559701805
25746,LOF,0.040639503738769796,0.11576018852127622,0.8436003077399539
25747,LOF,0.019720627675066785,0.0740406850160322,0.9062386873089011
25748,LOF,0.11796174166446895,0.12000071317873241,0.7620375451567987
25749,LOF,0.025783966510420645,0.09518357750646786,0.8790324559831114
25750,LOF,0.06660414568694878,0.1015488071582039,0.8318470471548473
25751,LOF,0.0886123527327324,0.12792430401007862,0.783463343257189
25752,GOF,0.11669657922387683,0.6322598991778241,0.2510435215982991
25753,LOF,0.024537003365036964,0.29276271190560754,0.6827002847293555
25754,GOF,0.01436496286082341,0.8134125758275825,0.1722224613115941
25755,LOF,0.023342557111846032,0.3943955904290236,0.5822618524591304
25756,LOF,0.0476666896709719,0.3685952454014753,0.5837380649275529
25757,GOF,0.02104950978055371,0.8474194062369608,0.13153108398248536
25758,GOF,0.03202281787304953,0.7946609351715749,0.1733162469553757
25759,GOF,0.012384921358238632,0.6334305126354287,0.3541845660063327
25760,LOF,0.01377997385242304,0.2992678362732212,0.6869521898743558
25761,GOF,0.2713061832338228,0.6473295629450774,0.08136425382109978
25762,LOF,0.046268911022795386,0.28641285903640074,0.6673182299408038
25763,LOF,0.015113130430575286,0.230122521216806,0.7547643483526187
25764,GOF,0.08644586534705252,0.6540052766314234,0.25954885802152405
25765,GOF,0.04007360029370534,0.740685434042015,0.21924096566427972
25766,GOF,0.0677110568990448,0.7788494594733737,0.15343948362758159
25767,GOF,0.1472382155944672,0.569019346723856,0.28374243768167684
25768,LOF,0.11364196171199084,0.05389233251839533,0.8324657057696138
25769,LOF,0.05312780388827064,0.06643979290476978,0.8804324032069596
25770,LOF,0.28972525312952235,0.11880758889987932,0.5914671579705983
25771,LOF,0.04727662249675735,0.059560242403192666,0.89316313510005
25772,LOF,0.017761270104369516,0.04965991426044434,0.9325788156351861
25773,LOF,0.04839365722880088,0.10610008768973732,0.8455062550814618
25774,LOF,0.0300528835016159,0.09734877659957585,0.8725983398988082
25775,LOF,0.05348678345799422,0.05661367797035316,0.8898995385716527
25776,LOF,0.06809919266338652,0.031074204712922097,0.9008266026236914
25777,LOF,0.3619111572170912,0.08001451383447765,0.5580743289484311
25778,LOF,0.06551637411962923,0.05132991793029655,0.8831537079500742
25779,GOF,0.3830745737654489,0.5681270910053823,0.048798335229168883
25780,GOF,0.38558386431327724,0.5438185585176112,0.07059757716911158
25781,GOF,0.14718705446348584,0.7483656186892483,0.10444732684726578
25782,GOF,0.23086895984509526,0.6795390245731605,0.08959201558174416
25783,GOF,0.02431657685377218,0.6336972020980477,0.34198622104818016
25784,Neutral,0.5161890907696374,0.44220880065049534,0.04160210857986731
25785,Neutral,0.5114252711696617,0.4505758359835776,0.03799889284676067
25786,GOF,0.03380875742221263,0.742187251371334,0.2240039912064533
25787,Neutral,0.6784351325505615,0.29550065382984303,0.026064213619595447
25788,LOF,0.06206783651736424,0.09846442469091525,0.8394677387917205
25789,GOF,0.24783938485817913,0.5901239667217596,0.16203664842006124
25790,GOF,0.22714575419067712,0.6767341570332067,0.09612008877611616
25791,GOF,0.1551412323305965,0.680876479663052,0.1639822880063515
25792,GOF,0.3601514536824125,0.5154834387997322,0.12436510751785537
25793,GOF,0.2802342378102062,0.520572497879795,0.19919326430999884
25794,GOF,0.3429687915599692,0.4826435483965562,0.17438766004347447
25795,GOF,0.07590452181428153,0.6660507623268087,0.2580447158589098
25796,Neutral,0.5740650933439712,0.3432373607437986,0.08269754591223014
25797,GOF,0.09405108612969602,0.5186363028794008,0.38731261099090325
25798,GOF,0.008324783088975964,0.5073308984379259,0.48434431847309817
25799,LOF,0.007379842806104292,0.4270379300634759,0.5655822271304198
25800,GOF,0.03175747062674646,0.5777417560852357,0.39050077328801786
25801,GOF,0.2616456024972824,0.6189311857691293,0.11942321173358812
25802,GOF,0.06840815659887843,0.6669246887665745,0.264667154634547
25803,GOF,0.03889769073228752,0.5572191816017068,0.4038831276660056
25804,GOF,0.036704906586970794,0.5091812118482681,0.45411388156476107
25805,GOF,0.10950465567327763,0.5840733845411832,0.3064219597855393
25806,GOF,0.12974047203139524,0.5568308987111549,0.3134286292574498
25807,GOF,0.024710449110490123,0.5957588146686106,0.3795307362208994
25808,GOF,0.099192995990741,0.581638905504125,0.31916809850513406
25809,GOF,0.021581964260443565,0.6008763450702753,0.37754169066928117
25810,GOF,0.020495612925028325,0.597644286488835,0.38186010058613656
25811,Neutral,0.4846933209503472,0.44542511236957283,0.06988156668007993
25812,GOF,0.03583022336119323,0.5881751925241384,0.3759945841146683
25813,Neutral,0.5615571818223903,0.3285761263572002,0.1098666918204094
25814,GOF,0.12465483289832892,0.608364385155759,0.26698078194591207
25815,GOF,0.21421482416131682,0.5772724444982822,0.20851273134040105
25816,GOF,0.02277446897921497,0.6673146824674963,0.3099108485532887
25817,GOF,0.2532226745585016,0.6012247190620232,0.14555260637947515
25818,GOF,0.0524362469092327,0.5877568736833781,0.35980687940738915
25819,GOF,0.3909441065210744,0.4481360131863944,0.16091988029253118
25820,GOF,0.17688404762972906,0.5792949269156364,0.24382102545463458
25821,GOF,0.05712898247775661,0.629926201076284,0.31294481644595934
25822,GOF,0.21904343151089906,0.5009955961007146,0.2799609723883864
25823,GOF,0.029048468601010315,0.49872528830456897,0.4722262430944207
25824,GOF,0.08279941195344351,0.5326360595146459,0.38456452853191075
25825,GOF,0.028357238273165608,0.5236948057788026,0.4479479559480318
25826,GOF,0.010851818380577189,0.5050814856768836,0.48406669594253926
25827,GOF,0.02208648945597452,0.5684138158661721,0.40949969467785347
25828,GOF,0.013546539957550606,0.5013074887094319,0.4851459713330175
25829,GOF,0.006673404374092612,0.5296858414073706,0.46364075421853673
25830,LOF,0.04019800088351849,0.2714441160897694,0.6883578830267121
25831,GOF,0.17824027219117627,0.6580235441357455,0.1637361836730783
25832,GOF,0.02965388011663721,0.6598122346783223,0.3105338852050406
25833,GOF,0.11901206643193586,0.669207787256801,0.21178014631126318
25834,GOF,0.03764478957721608,0.662978311078175,0.29937689934460887
25835,GOF,0.09592939443863331,0.6703241649453923,0.23374644061597438
25836,GOF,0.0433975258644473,0.6364373757338041,0.3201650984017486
25837,GOF,0.024282060758135025,0.5389485069812927,0.43676943226057224
25838,GOF,0.08485635872505115,0.719784647620325,0.19535899365462395
25839,GOF,0.2603271655505889,0.572329426387248,0.16734340806216294
25840,GOF,0.21335535155546967,0.5976473592676599,0.18899728917687034
25841,GOF,0.2345792156200268,0.5739219050321481,0.19149887934782506
25842,GOF,0.17650434945242646,0.6542152273566075,0.16928042319096592
25843,GOF,0.22419312213849513,0.6559131052864787,0.11989377257502627
25844,GOF,0.065430975450505,0.6450436386998638,0.28952538584963117
25845,GOF,0.013912673892933089,0.501520578822117,0.4845667472849499
25846,GOF,0.10416064901386977,0.6920823170491178,0.2037570339370124
25847,GOF,0.13206733852176422,0.7296839659010351,0.13824869557720085
25848,GOF,0.03469924558410698,0.6544010947357564,0.31089965968013666
25849,GOF,0.0100019221421916,0.561499274519222,0.42849880333858636
25850,GOF,0.022895158277306153,0.6232655850317135,0.3538392566909803
25851,GOF,0.017705688306603903,0.5391051532502942,0.4431891584431019
25852,GOF,0.1765196195932843,0.5727298896207954,0.2507504907859204
25853,GOF,0.3703359043667181,0.5499813550001904,0.07968274063309148
25854,GOF,0.02191837935466068,0.5964242629422387,0.38165735770310055
25855,GOF,0.03678192204905882,0.5493659189779754,0.4138521589729658
25856,GOF,0.26608859523940126,0.49713615773929254,0.23677524702130615
25857,GOF,0.03709802164916658,0.49132997647221033,0.4715720018786231
25858,GOF,0.019098957309237163,0.5644435708605063,0.41645747183025644
25859,GOF,0.011001158932740942,0.553320659466743,0.43567818160051597
25860,GOF,0.41070628854646324,0.5123919753215773,0.07690173613195954
25861,GOF,0.4395167255451187,0.4833763079411913,0.0771069665136901
25862,GOF,0.10675409462616722,0.7225561741577722,0.17068973121606065
25863,GOF,0.1061651923045323,0.7282437895702623,0.16559101812520546
25864,GOF,0.22637156238979583,0.6778055044155262,0.09582293319467784
25865,GOF,0.09469992937398845,0.7678805873949708,0.13741948323104072
25866,GOF,0.0710435229761082,0.7776115155347155,0.15134496148917628
25867,GOF,0.09474834448987428,0.7923707573997785,0.11288089811034727
25868,GOF,0.30651151639704094,0.5964516587389745,0.09703682486398456
25869,Neutral,0.7014683460758901,0.25287635043684736,0.04565530348726252
25870,LOF,0.3025056019088141,0.3011747228442135,0.3963196752469725
25871,GOF,0.21868116318898156,0.6041431123737833,0.1771757244372353
25872,GOF,0.09245926884010047,0.6113004481109425,0.29624028304895694
25873,GOF,0.1728108755727086,0.5875055054663083,0.23968361896098309
25874,LOF,0.01964682874995022,0.10941490218986595,0.8709382690601839
25875,LOF,0.09202056847452232,0.038150944284092304,0.8698284872413854
25876,LOF,0.039351529027504224,0.04609071255554102,0.9145577584169547
25877,Neutral,0.5177535366113558,0.04014439476967569,0.44210206861896856
25878,LOF,0.22663215053174846,0.06878584759372257,0.7045820018745289
25879,LOF,0.09619317499922284,0.06942303973697643,0.8343837852638006
25880,LOF,0.023444895095866183,0.02054181147111676,0.9560132934330171
25881,LOF,0.19513170552779535,0.09144777098679077,0.7134205234854138
25882,LOF,0.07476347790787752,0.015169534902836346,0.910066987189286
25883,LOF,0.09128852841040669,0.01567030850103164,0.8930411630885616
25884,LOF,0.039821333855990314,0.029043756936466117,0.9311349092075435
25885,LOF,0.07056099123671518,0.010810090849581544,0.9186289179137033
25886,LOF,0.3533659353981376,0.02680194622808438,0.619832118373778
25887,LOF,0.17910756848695714,0.05846522083704426,0.7624272106759987
25888,LOF,0.07547524682268515,0.050737648715773374,0.8737871044615414
25889,LOF,0.051179296824095534,0.01959730070358645,0.929223402472318
25890,LOF,0.05357197741215387,0.11839167211347368,0.8280363504743725
25891,LOF,0.04286545903657167,0.04996605319582065,0.9071684877676077
25892,LOF,0.10244513719523515,0.02273278984907545,0.8748220729556895
25893,LOF,0.2668450110648365,0.017521264291153592,0.71563372464401
25894,LOF,0.19011103453007502,0.009673828704693544,0.8002151367652314
25895,LOF,0.20790077648747338,0.020050869715840552,0.7720483537966861
25896,LOF,0.04798128401896311,0.02108474435751826,0.9309339716235187
25897,LOF,0.2559328960628103,0.012694041904706377,0.7313730620324834
25898,Neutral,0.70924196574313,0.009466910155439538,0.28129112410143053
25899,LOF,0.2564547522711951,0.023666295866024218,0.7198789518627808
25900,LOF,0.4490611014964076,0.017285373700702773,0.5336535248028896
25901,LOF,0.052699381170492915,0.011084449960984712,0.9362161688685223
25902,LOF,0.17610954263460274,0.010859774136001619,0.8130306832293956
25903,Neutral,0.5246184560446482,0.03074974888701606,0.4446317950683357
25904,LOF,0.28514004134410526,0.04702591896992463,0.6678340396859701
25905,LOF,0.02324843902155797,0.31704207246671906,0.6597094885117231
25906,LOF,0.023797851602303983,0.06585181434333283,0.910350334054363
25907,LOF,0.015140975337026267,0.3149443321882788,0.6699146924746949
25908,LOF,0.010324594968013247,0.21996456884913604,0.7697108361828506
25909,LOF,0.013191887075257074,0.12367701211721172,0.8631311008075313
25910,LOF,0.04481162498498857,0.1271866822952233,0.8280016927197881
25911,LOF,0.14786618484092845,0.027774961778032303,0.8243588533810392
25912,LOF,0.04655579584410995,0.043041800282952354,0.9104024038729376
25913,LOF,0.29946526069642615,0.024804904435280176,0.6757298348682937
25914,LOF,0.020517877779942927,0.12485475834117428,0.8546273638788827
25915,Neutral,0.40191454612736366,0.3974794764238543,0.200605977448782
25916,LOF,0.0535125428517319,0.40971482424253897,0.5367726329057292
25917,LOF,0.05733662002102423,0.0816141610536255,0.8610492189253502
25918,LOF,0.03124352447854323,0.08290084169092966,0.8858556338305271
25919,LOF,0.023385386657028936,0.0847116818921521,0.891902931450819
25920,GOF,0.11473624986670601,0.5222128848643497,0.36305086526894437
25921,LOF,0.027897506954476816,0.023604071163678467,0.9484984218818447
25922,LOF,0.03940113301676171,0.016293073590440767,0.9443057933927975
25923,LOF,0.42229239829665655,0.02115926815137825,0.5565483335519652
25924,LOF,0.04084744628119016,0.034633655748056685,0.9245188979707533
25925,LOF,0.06775563466827507,0.024637321650098905,0.907607043681626
25926,LOF,0.05189113654623786,0.018848218349620072,0.9292606451041421
25927,LOF,0.07122003263651874,0.07447206702016239,0.8543079003433189
25928,LOF,0.022611010348692197,0.03274319774498148,0.9446457919063262
25929,Neutral,0.5671129081061311,0.02322355660970702,0.4096635352841619
25930,LOF,0.05700982219025972,0.01903325320655058,0.9239569246031898
25931,LOF,0.03143056136451721,0.020444605496961362,0.9481248331385215
25932,LOF,0.029078202488351183,0.018916581367874503,0.9520052161437743
25933,LOF,0.040892913493516606,0.012773823485034164,0.9463332630214493
25934,LOF,0.025676991942596608,0.015514197635730604,0.9588088104216728
25935,LOF,0.06394958656822913,0.028015582018124492,0.9080348314136463
25936,LOF,0.05134940764616374,0.019525777868830703,0.9291248144850055
25937,LOF,0.029627738762650697,0.02694972933751611,0.9434225318998333
25938,LOF,0.06556915329928309,0.03025157783282606,0.9041792688678909
25939,LOF,0.03915089482376469,0.01207895323937869,0.9487701519368565
25940,LOF,0.03243564122170633,0.349591299916199,0.6179730588620946
25941,LOF,0.18005522947461078,0.09456444114756447,0.7253803293778248
25942,LOF,0.018768413298194224,0.03234456039972442,0.9488870263020813
25943,LOF,0.31588808498343085,0.05431853181606591,0.6297933832005033
25944,LOF,0.47613871849241035,0.02779921795968473,0.4960620635479049
25945,LOF,0.07093499291526477,0.022899659126238037,0.9061653479584972
25946,LOF,0.026722005259701403,0.11767616117939317,0.8556018335609055
25947,LOF,0.130195895755243,0.19709725285352706,0.6727068513912299
25948,LOF,0.410566386871829,0.012924218400417915,0.5765093947277531
25949,LOF,0.10377407819110625,0.047775527558871524,0.8484503942500222
25950,GOF,0.26635680289582053,0.41738305221303323,0.31626014489114623
25951,LOF,0.24563393149730245,0.22317413321044674,0.5311919352922508
25952,LOF,0.04590664189774937,0.4176574361103681,0.5364359219918825
25953,LOF,0.13418730543893678,0.1110750980199298,0.7547375965411335
25954,Neutral,0.4356612025205855,0.20651215456930244,0.357826642910112
25955,LOF,0.06003581192605043,0.08447649426525253,0.855487693808697
25956,LOF,0.19897835332958091,0.08590387532379097,0.7151177713466281
25957,LOF,0.03968122542926686,0.033073066407184167,0.9272457081635491
25958,LOF,0.06293578285909197,0.025889913285948214,0.9111743038549599
25959,LOF,0.06786067293037541,0.3486204445559353,0.5835188825136892
25960,LOF,0.02048929089375655,0.055289939292535326,0.9242207698137082
25961,LOF,0.05105937899153396,0.028282277639972455,0.9206583433684936
25962,LOF,0.058573348096699805,0.03093134875290749,0.9104953031503927
25963,LOF,0.04656986548452652,0.19551757296059155,0.757912561554882
25964,LOF,0.037882471019642726,0.13980433901451889,0.8223131899658384
25965,LOF,0.42109990884406895,0.07993793067805956,0.49896216047787134
25966,LOF,0.4319189014483765,0.12053268959220809,0.4475484089594154
25967,LOF,0.013333707530773665,0.0658546298573586,0.9208116626118676
25968,GOF,0.033871539614626946,0.4889678362023684,0.4771606241830046
25969,LOF,0.025352145778988273,0.06482888921181544,0.9098189650091963
25970,LOF,0.05987084792130998,0.044366102508544905,0.8957630495701452
25971,LOF,0.08157516871264917,0.013470010854954587,0.9049548204323962
25972,LOF,0.08414112914746023,0.017596250208714217,0.8982626206438256
25973,LOF,0.09686086052170939,0.007581586524344104,0.8955575529539465
25974,LOF,0.20805365371787093,0.019162367275546544,0.7727839790065825
25975,LOF,0.0612202739799897,0.025668545373446528,0.9131111806465637
25976,LOF,0.047988104138246744,0.01522113923871671,0.9367907566230365
25977,LOF,0.16847909697537217,0.08892933875519002,0.742591564269438
25978,LOF,0.1413930881642559,0.04649240736581236,0.8121145044699317
25979,LOF,0.13305402393787313,0.04802721121237053,0.8189187648497565
25980,LOF,0.190725128702603,0.06281147230308647,0.7464633989943105
25981,LOF,0.22130121297984887,0.0613963119764689,0.7173024750436823
25982,LOF,0.4003650134375681,0.044774847694124306,0.5548601388683077
25983,LOF,0.3939884872188345,0.04159403153705504,0.5644174812441105
25984,LOF,0.057148004284754,0.05133817972877691,0.8915138159864692
25985,LOF,0.027050211510657222,0.22755065152916498,0.7453991369601778
25986,LOF,0.03802000650664273,0.25720725139063316,0.7047727421027241
25987,LOF,0.08353975666828435,0.06551501466396377,0.8509452286677518
25988,LOF,0.14279347622281865,0.05400699538569203,0.8031995283914893
25989,LOF,0.030041552745850245,0.10622253045958802,0.8637359167945616
25990,LOF,0.03752893908459192,0.13257612881776165,0.8298949320976463
25991,LOF,0.22587667491167784,0.29251302551589214,0.48161029957242996
25992,LOF,0.3620703597010951,0.16585647006543486,0.4720731702334701
25993,LOF,0.025604621725422733,0.07086930039277818,0.9035260778817991
25994,LOF,0.018523317794921387,0.10639312303004604,0.8750835591750327
25995,LOF,0.02904865110802393,0.18522726168371306,0.7857240872082629
25996,GOF,0.28547176322617795,0.48158303281884535,0.23294520395497673
25997,GOF,0.10986410510350623,0.5060918103153389,0.38404408458115497
25998,Neutral,0.5092914161256504,0.02458757275786966,0.46612101111647997
25999,LOF,0.12124414086546978,0.10738228823673795,0.7713735708977922
26000,LOF,0.14353179861453869,0.0264861290433055,0.8299820723421558
26001,LOF,0.18801014571347752,0.029610239013906876,0.7823796152726157
26002,LOF,0.1342523123547377,0.027248798638050853,0.8384988890072115
26003,GOF,0.011398702915872265,0.5635567477711163,0.42504454931301144
26004,GOF,0.024787069619701615,0.6554088535559797,0.3198040768243186
26005,LOF,0.00953872909883502,0.44846931522858946,0.5419919556725754
26006,Neutral,0.5354742925591406,0.22522981736772438,0.239295890073135
26007,GOF,0.02462061631271826,0.5093987874735924,0.4659805962136894
26008,GOF,0.022449233836764445,0.5620676177881423,0.41548314837509337
26009,GOF,0.024051618099033036,0.6019118052897908,0.3740365766111761
26010,GOF,0.02903061702175922,0.60803614717466,0.3629332358035808
26011,LOF,0.007234533007406878,0.4489365724857553,0.5438288945068378
26012,GOF,0.017689158821069886,0.5335422166948244,0.4487686244841058
26013,GOF,0.020636408971154787,0.6051344571243872,0.3742291339044581
26014,LOF,0.04396829085699366,0.15043896934498163,0.8055927397980248
26015,LOF,0.21801804509941788,0.009345833313675674,0.7726361215869063
26016,LOF,0.22996232848255702,0.04366289290511926,0.7263747786123238
26017,LOF,0.24472325709385803,0.06662235654045952,0.6886543863656825
26018,LOF,0.11000145885216568,0.036803030770057754,0.8531955103777765
26019,LOF,0.10427640244880226,0.027896594239524952,0.8678270033116727
26020,LOF,0.07053127874671017,0.09362548666712188,0.835843234586168
26021,LOF,0.053037272207495476,0.107966963544797,0.8389957642477075
26022,LOF,0.012617687800858755,0.04100813223152566,0.9463741799676155
26023,LOF,0.13062146524408855,0.02321341727322926,0.8461651174826823
26024,LOF,0.03292338305735729,0.11625005308142794,0.8508265638612147
26025,LOF,0.1710904500685738,0.09428348875049501,0.7346260611809312
26026,LOF,0.3341767401772976,0.024029280371000834,0.6417939794517016
26027,LOF,0.10102816648976132,0.015601400727317838,0.8833704327829208
26028,LOF,0.15866368191598273,0.06635836795455394,0.7749779501294632
26029,LOF,0.06800631882567794,0.18876120541749505,0.7432324757568269
26030,LOF,0.02206384428836248,0.059834036558390445,0.9181021191532471
26031,LOF,0.025159153658977917,0.14965050348861167,0.8251903428524104
26032,LOF,0.06395422807282573,0.0645329034214282,0.871512868505746
26033,LOF,0.11564326830879135,0.0827560893900528,0.8016006423011558
26034,LOF,0.03924478039409874,0.15584867453772025,0.804906545068181
26035,LOF,0.02509179477580754,0.14163197413693265,0.8332762310872599
26036,LOF,0.03716799880681359,0.16991458346603527,0.7929174177271512
26037,LOF,0.020267588416611092,0.12216453612949023,0.8575678754538988
26038,LOF,0.05967280092484566,0.06781614527927406,0.8725110537958803
26039,LOF,0.048508149893444145,0.15534514358067542,0.7961467065258805
26040,LOF,0.17997295528745721,0.1280169099342867,0.6920101347782561
26041,LOF,0.02040410910232371,0.11149032814286784,0.8681055627548084
26042,LOF,0.02033252602596976,0.10935702692458593,0.8703104470494443
26043,LOF,0.058766243492181465,0.08605546979117988,0.8551782867166385
26044,LOF,0.019235455975440338,0.07577219309479252,0.9049923509297672
26045,LOF,0.06897966166103671,0.09965486343490981,0.8313654749040535
26046,LOF,0.05980069505158835,0.08486948417603184,0.8553298207723798
26047,LOF,0.08342051192935576,0.08823519248658317,0.8283442955840611
26048,LOF,0.047011979059033634,0.05173042208067795,0.9012575988602884
26049,Neutral,0.9572131974938984,0.00870742041239472,0.034079382093706846
26050,Neutral,0.9375439234702736,0.011236750309947337,0.05121932621977918
26051,LOF,0.04487623073752463,0.2529288901780394,0.7021948790844359
26052,LOF,0.06590227725026596,0.28361076851421185,0.6504869542355223
26053,LOF,0.05920420367968202,0.13398147157654003,0.806814324743778
26054,LOF,0.0630534327979378,0.01950067387058721,0.917445893331475
26055,LOF,0.07466840672858911,0.015553735944439916,0.9097778573269709
26056,LOF,0.061302007396812214,0.01693266584871075,0.9217653267544771
26057,LOF,0.03262383121010116,0.011072061592984055,0.9563041071969147
26058,LOF,0.034865366875465306,0.008478319027061117,0.9566563140974735
26059,LOF,0.3168698208303512,0.023472281019142314,0.6596578981505065
26060,LOF,0.030830521615176566,0.1696035347478871,0.7995659436369363
26061,LOF,0.019213164427643554,0.01086983414474923,0.9699170014276072
26062,LOF,0.012306251738456238,0.01906455081638514,0.9686291974451586
26063,LOF,0.02352231351066972,0.01183642841230669,0.9646412580770235
26064,LOF,0.024226262557532553,0.018900582458639573,0.9568731549838277
26065,LOF,0.026500863988743618,0.010514635276396041,0.9629845007348604
26066,LOF,0.0213673419566345,0.011111548450677076,0.9675211095926884
26067,LOF,0.027752483114686994,0.008213331987673291,0.9640341848976397
26068,LOF,0.050890684510339436,0.030513909061599717,0.9185954064280608
26069,LOF,0.2804341723264996,0.0176711277883765,0.7018946998851238
26070,LOF,0.42384044583005037,0.013627537799213399,0.5625320163707362
26071,LOF,0.025246387394352716,0.01190113971689321,0.9628524728887542
26072,LOF,0.022291522837137173,0.018668603439123514,0.9590398737237393
26073,LOF,0.026571836056914808,0.01091181179565441,0.9625163521474307
26074,Neutral,0.918022594562112,0.005891921944206531,0.07608548349368145
26075,LOF,0.049509704943387016,0.014556861650089683,0.9359334334065232
26076,LOF,0.046045182141875036,0.0085660573680295,0.9453887604900955
26077,LOF,0.00934537084987913,0.01937035846876616,0.9712842706813546
26078,LOF,0.014022781911001096,0.01144859137135552,0.9745286267176435
26079,LOF,0.06691010770261317,0.016294195943671264,0.9167956963537155
26080,LOF,0.0657556846203075,0.016319198173899402,0.9179251172057932
26081,LOF,0.04176629768332493,0.00565102321600518,0.95258267910067
26082,LOF,0.017884373544969724,0.0168288140133856,0.9652868124416447
26083,LOF,0.132271489465292,0.011982667030365353,0.8557458435043427
26084,LOF,0.027822192273066166,0.01174877976644427,0.9604290279604896
26085,LOF,0.023585611090414665,0.011211123540687512,0.9652032653688979
26086,LOF,0.025694268797112008,0.011094132652520697,0.9632115985503672
26087,LOF,0.02834548017457275,0.007446928527200728,0.9642075912982265
26088,LOF,0.0166087508716646,0.02528814225897254,0.958103106869363
26089,LOF,0.048977224632559845,0.021942972663913013,0.9290798027035271
26090,LOF,0.04732211260353703,0.017426340302950562,0.9352515470935124
26091,LOF,0.04167654251381586,0.005893295605152942,0.9524301618810312
26092,LOF,0.026699954052021826,0.007658592164507033,0.9656414537834711
26093,LOF,0.0439041847989211,0.005505635710276478,0.9505901794908024
26094,LOF,0.044217227464474713,0.006529561089674882,0.9492532114458505
26095,LOF,0.04965592718343291,0.014058031990463123,0.936286040826104
26096,LOF,0.0187405478652513,0.011083911632914464,0.9701755405018343
26097,LOF,0.011579065217892566,0.04060223848634519,0.9478186962957623
26098,LOF,0.07179440518209074,0.011107510388829518,0.9170980844290798
26099,LOF,0.024490110603566418,0.01181974123002841,0.9636901481664053
26100,LOF,0.02659984458504319,0.011403280377892476,0.9619968750370644
26101,LOF,0.058647960342480335,0.010721264702948017,0.9306307749545716
26102,LOF,0.027419726990835683,0.013032402936594531,0.9595478700725698
26103,Neutral,0.8905569945221865,0.017563579820074886,0.09187942565773871
26104,LOF,0.08859758595346189,0.028427231167310198,0.8829751828792279
26105,LOF,0.23280027446118695,0.2548122568785534,0.5123874686602595
26106,LOF,0.19410805268547324,0.1081043036844933,0.6977876436300335
26107,LOF,0.25860410692413177,0.07542545515032661,0.6659704379255417
26108,LOF,0.25036275071738046,0.12143775871599269,0.6281994905666268
26109,LOF,0.0934764320929403,0.09440442115579428,0.8121191467512654
26110,LOF,0.23889992391587495,0.006174866896431941,0.754925209187693
26111,LOF,0.4784660956235536,0.015204357631595746,0.5063295467448506
26112,LOF,0.03539829831162306,0.007999117296331116,0.9566025843920459
26113,LOF,0.0583840399158714,0.014063318885672164,0.9275526411984565
26114,LOF,0.02952268822436382,0.030979490722698233,0.9394978210529379
26115,LOF,0.0975055432263848,0.07168454358918992,0.8308099131844252
26116,LOF,0.0636160324102583,0.06639741222701888,0.8699865553627227
26117,LOF,0.41451927773280633,0.05708515345438143,0.5283955688128122
26118,LOF,0.0375871100218096,0.028858544907702954,0.9335543450704875
26119,LOF,0.024579525386542147,0.041292819851654845,0.9341276547618029
26120,LOF,0.029802854646825097,0.02757231058765386,0.942624834765521
26121,LOF,0.05092648377598545,0.10249648923884522,0.8465770269851692
26122,LOF,0.04598869983652598,0.049118729418409106,0.9048925707450649
