feature0,prediction,LoGoFunc_Neutral,LoGoFunc_GOF,LoGoFunc_LOF
25546,Neutral,0.5594504012232868,0.12812710978439884,0.3124224889923144
25547,Neutral,0.4587023404432935,0.171026779150494,0.3702708804062125
25548,LOF,0.3941421730898193,0.18731705940561252,0.4185407675045681
25549,LOF,0.35160229052485964,0.19082987937926646,0.45756783009587393
25550,LOF,0.34027773368352876,0.1957379305846426,0.46398433573182873
25551,LOF,0.26774605633524995,0.19039799735124216,0.5418559463135079
25552,LOF,0.24750212190585447,0.21365053094453357,0.5388473471496119
25553,Neutral,0.7413217886702566,0.09297941627431469,0.16569879505542884
25554,LOF,0.2824356983385859,0.17102991040121343,0.5465343912602006
25555,LOF,0.23013207589634332,0.1700544063858291,0.5998135177178275
25556,LOF,0.4062639596960559,0.16392226790727266,0.4298137723966714
25557,LOF,0.19935541195588796,0.18769740532292775,0.6129471827211842
25558,LOF,0.26322198953443293,0.18855992253231665,0.5482180879332504
25559,LOF,0.2825587812093928,0.047897287263719696,0.6695439315268875
25560,LOF,0.07998083259864358,0.14080375843600582,0.7792154089653507
25561,LOF,0.052905848429301953,0.26571897655123305,0.681375175019465
25562,LOF,0.037831363644083266,0.09411563025525171,0.868053006100665
25563,LOF,0.006731641284083953,0.20897383088341134,0.7842945278325046
25564,LOF,0.060574519165921895,0.03845870545030896,0.9009667753837692
25565,LOF,0.1936651550341573,0.11691017414333695,0.6894246708225057
25566,GOF,0.07156349483023555,0.6841824815233776,0.2442540236463869
25567,LOF,0.04306370672413238,0.10410158070378343,0.8528347125720842
25568,LOF,0.08028046367792678,0.06205089883680423,0.8576686374852691
25569,LOF,0.0802121110798532,0.05871329614880728,0.8610745927713396
25570,LOF,0.031633564937578004,0.08266560361206787,0.8857008314503542
25571,LOF,0.03149116926653452,0.07755390675123325,0.8909549239822323
25572,LOF,0.05276120264613914,0.08632900848067782,0.8609097888731829
25573,LOF,0.09352279369613503,0.10452616089345206,0.801951045410413
25574,LOF,0.12070387685627855,0.20767246778579077,0.6716236553579308
25575,LOF,0.027053994290363793,0.08270836171538565,0.8902376439942506
25576,LOF,0.02340682118201768,0.11131336424872264,0.8652798145692597
25577,LOF,0.02969029834138212,0.08378812997402452,0.8865215716845934
25578,LOF,0.2948364531608639,0.06899662532155913,0.636166921517577
25579,LOF,0.2957016857676039,0.06676241229557263,0.6375359019368234
25580,LOF,0.031199986762290004,0.07138099719719362,0.8974190160405163
25581,LOF,0.048190307351306715,0.08672488859530464,0.8650848040533886
25582,LOF,0.048190307351306715,0.08672488859530464,0.8650848040533886
25583,LOF,0.03944526163417973,0.0791185183102284,0.881436220055592
25584,Neutral,0.7893202148190688,0.05740588053241544,0.1532739046485159
25585,LOF,0.02694772611327979,0.07731183773986537,0.8957404361468548
25586,LOF,0.027651690714638272,0.08311174657580586,0.8892365627095559
25587,LOF,0.02848880589305876,0.08468366246390327,0.8868275316430378
25588,LOF,0.034269940342994826,0.060901039294306146,0.9048290203626991
25589,Neutral,0.6691950011947636,0.14358909946309925,0.18721589934213706
25590,LOF,0.0674724276736045,0.07833986017585655,0.854187712150539
25591,LOF,0.13105347923863353,0.04507982118120503,0.8238666995801615
25592,LOF,0.10000264699224345,0.1377716632357858,0.7622256897719708
25593,LOF,0.14944983336702297,0.2907551917534536,0.5597949748795235
25594,LOF,0.047850484762513065,0.06390423895403526,0.8882452762834516
25595,LOF,0.06029595264272612,0.03808149594434664,0.9016225514129272
25596,LOF,0.15230004331269234,0.016132375019013417,0.8315675816682941
25597,LOF,0.11017968208279741,0.007245405613229029,0.8825749123039736
25598,LOF,0.05760027451783515,0.0302520693990201,0.9121476560831449
25599,GOF,0.025548954106654698,0.5787274215918825,0.3957236243014628
25600,GOF,0.18426135846194444,0.45602173709439237,0.35971690444366317
25601,LOF,0.041489007374914656,0.39543421688952535,0.5630767757355599
25602,LOF,0.03910944948723529,0.04784591557744827,0.9130446349353165
25603,LOF,0.08003659955332916,0.03128573204039294,0.8886776684062779
25604,LOF,0.08712098112949643,0.08028331156324742,0.8325957073072562
25605,LOF,0.09351381282605135,0.13960220973799883,0.7668839774359498
25606,Neutral,0.5719567479109589,0.14590486110077389,0.2821383909882672
25607,LOF,0.04817470049177281,0.12355544696719736,0.8282698525410298
25608,LOF,0.05752875601346988,0.11039734726396909,0.832073896722561
25609,GOF,0.11904551338584154,0.6381411569385493,0.2428133296756091
25610,LOF,0.017295103006830324,0.10491178932216465,0.877793107671005
25611,LOF,0.012405025314162993,0.1012866083662416,0.8863083663195953
25612,LOF,0.06444027320725891,0.07454246155509982,0.8610172652376413
25613,LOF,0.060198741375769284,0.08301331820513572,0.856787940419095
25614,LOF,0.02175543565566088,0.09669431995953763,0.8815502443848016
25615,LOF,0.05006098322957308,0.10022851055054331,0.8497105062198836
25616,LOF,0.0702630852247386,0.08910240428731121,0.8406345104879501
25617,LOF,0.049422146261015404,0.10972744724111204,0.8408504064978725
25618,LOF,0.060204421719975636,0.32662358449525714,0.6131719937847672
25619,LOF,0.011438730327313849,0.1909010869727329,0.7976601826999533
25620,LOF,0.04178160291268791,0.09306913835538853,0.8651492587319236
25621,LOF,0.0696124582053661,0.10055621342545806,0.8298313283691758
25622,LOF,0.07178860872819169,0.1008031204479097,0.8274082708238987
25623,LOF,0.060276133508265446,0.06521417372077168,0.8745096927709629
25624,LOF,0.019199911353242664,0.11585385087384754,0.8649462377729097
25625,LOF,0.05131737163497861,0.06795725818529953,0.8807253701797219
25626,LOF,0.037669510335976306,0.05278843736918326,0.9095420522948404
25627,Neutral,0.8750618971001353,0.03266244493650846,0.09227565796335631
25628,LOF,0.16392316919753488,0.0880000688600461,0.748076761942419
25629,LOF,0.06803346162748716,0.06789641232599405,0.8640701260465188
25630,LOF,0.24328112211569658,0.08191781577307164,0.6748010621112318
25631,LOF,0.45631725864827083,0.06242353589641225,0.4812592054553169
25632,LOF,0.02408833506715509,0.03884943333877227,0.9370622315940726
25633,LOF,0.2860690722009815,0.017433178078081833,0.6964977497209366
25634,LOF,0.05752880985224155,0.027630946484193737,0.9148402436635648
25635,LOF,0.03586690400984541,0.0221057533519935,0.9420273426381611
25636,GOF,0.028751152849422038,0.6041389206002284,0.3671099265503495
25637,GOF,0.034589029632985956,0.4893941234018096,0.47601684696520447
25638,GOF,0.01914562854153588,0.5689094767934847,0.41194489466497936
25639,LOF,0.025663512074480883,0.4094918941901375,0.5648445937353817
25640,Neutral,0.8389976071543098,0.1346330820116653,0.026369310834025047
25641,LOF,0.12049220470782158,0.2631714529964542,0.6163363422957242
25642,LOF,0.11105444624193926,0.17338164117784285,0.7155639125802179
25643,LOF,0.3737307124908237,0.19537849978844532,0.43089078772073097
25644,GOF,0.007487289518777462,0.71258658029517,0.27992613018605256
25645,GOF,0.009879296354615185,0.6924417585119996,0.2976789451333851
25646,GOF,0.01581746117003053,0.5715905595069045,0.41259197932306496
25647,LOF,0.009076110721118481,0.450199069682341,0.5407248195965405
25648,LOF,0.011901116131504196,0.4602919669701143,0.5278069168983816
25649,LOF,0.007402312331577914,0.339991115901589,0.6526065717668331
25650,GOF,0.02176315676754901,0.6146280791980602,0.3636087640343909
25651,LOF,0.0072150828435875855,0.4647365453301881,0.5280483718262243
25652,GOF,0.006276337848893453,0.6390545841581101,0.3546690779929964
25653,GOF,0.018920375512444652,0.7409264683651723,0.24015315612238305
25654,GOF,0.006267806960878564,0.5785692040646897,0.4151629889744316
25655,GOF,0.05998335885200132,0.8019867645007019,0.13802987664729685
25656,LOF,0.24034332214551415,0.2913153126703628,0.4683413651841231
25657,LOF,0.02524625725679011,0.3673580521441225,0.6073956905990874
25658,LOF,0.16189582421491827,0.3571491730421966,0.48095500274288516
25659,GOF,0.2493866594397928,0.5252323149727054,0.2253810255875018
25660,LOF,0.020915750641502095,0.29499526671847237,0.6840889826400256
25661,LOF,0.047056107479998034,0.2155953459351545,0.7373485465848476
25662,LOF,0.019367883426007,0.12875909348869738,0.8518730230852956
25663,LOF,0.02187186040615522,0.10877173583223995,0.8693564037616048
25664,LOF,0.06237894963499614,0.18217163177133686,0.7554494185936671
25665,LOF,0.0399292566692494,0.08784111291787985,0.8722296304128708
25666,LOF,0.05574183337034579,0.135384477905502,0.8088736887241522
25667,LOF,0.04807317225361109,0.16553312366230996,0.786393704084079
25668,LOF,0.01768943589307893,0.17780849313038863,0.8045020709765325
25669,LOF,0.016912819719742064,0.18508730578452118,0.7979998744957367
25670,LOF,0.09716394808915232,0.10311384603769043,0.7997222058731571
25671,LOF,0.06777747634080937,0.10091740315687307,0.8313051205023175
25672,LOF,0.03452928880997884,0.16027521842885195,0.8051954927611692
25673,LOF,0.06211948872406986,0.12410353676758895,0.8137769745083412
25674,LOF,0.05606589999938735,0.15534915908022484,0.7885849409203878
25675,LOF,0.05150864279962547,0.17103314192678898,0.7774582152735856
25676,LOF,0.015098489685409774,0.16194691293031968,0.8229545973842706
25677,LOF,0.014265645027381164,0.23138248637790135,0.7543518685947175
25678,LOF,0.12956602979571163,0.18198322470471676,0.6884507454995716
25679,LOF,0.09946623687792874,0.15710237126897625,0.743431391853095
25680,LOF,0.015390525771434752,0.2926584041809838,0.6919510700475815
25681,LOF,0.022964986842314877,0.2740088241014261,0.7030261890562591
25682,LOF,0.05578028537949395,0.15793576334607584,0.7862839512744302
25683,LOF,0.05743865837630147,0.1310449583424111,0.8115163832812874
25684,LOF,0.01911287879040238,0.1722230899205191,0.8086640312890786
25685,LOF,0.0756638034761836,0.2274771409737349,0.6968590555500815
25686,LOF,0.04808700355593204,0.2774121094648502,0.6745008869792177
25687,LOF,0.07581786336824275,0.2912914256485516,0.6328907109832057
25688,LOF,0.4091852748266013,0.035437917107228684,0.5553768080661701
25689,LOF,0.23423751261942555,0.03379538135420947,0.7319671060263649
25690,LOF,0.32057803197553547,0.03809959173950137,0.6413223762849632
25691,Neutral,0.7393932738513134,0.04088191844243189,0.21972480770625463
25692,LOF,0.3785822804853606,0.011879185081878551,0.609538534432761
25693,LOF,0.09517550535980762,0.3486973073577499,0.5561271872824425
25694,LOF,0.09350361720268639,0.021668886004963018,0.8848274967923506
25695,LOF,0.10001635700100066,0.01533463742747081,0.8846490055715285
25696,LOF,0.08677432104095283,0.02635124792821148,0.8868744310308356
25697,LOF,0.0583557550292305,0.09007747859673977,0.8515667663740297
25698,LOF,0.31012012498419717,0.17917591491612533,0.5107039600996776
25699,LOF,0.3727324418540597,0.19907253627003332,0.42819502187590686
25700,LOF,0.07747125371596422,0.02582385709002414,0.8967048891940116
25701,LOF,0.1990494346528246,0.1178140065575673,0.6831365587896081
25702,GOF,0.15283736162505232,0.7390418378360445,0.10812080053890316
25703,LOF,0.014624929285372457,0.31267899741446814,0.6726960733001595
25704,LOF,0.020126753576411544,0.2309630320095305,0.7489102144140579
25705,LOF,0.02136699134903673,0.24004992505533468,0.7385830835956286
25706,GOF,0.12993457239901043,0.456239281990782,0.4138261456102076
25707,LOF,0.10592651432477652,0.42978670498784854,0.46428678068737494
25708,GOF,0.04443013330516059,0.5059056141879257,0.4496642525069138
25709,LOF,0.0589271514624122,0.14147763142139297,0.7995952171161949
25710,LOF,0.015582517850612636,0.1966178681567246,0.7877996139926629
25711,LOF,0.01729217743856269,0.2026567587931565,0.7800510637682809
25712,LOF,0.014195061973764585,0.25900217853984947,0.7268027594863858
25713,LOF,0.018172325562853562,0.19546461192645248,0.786363062510694
25714,LOF,0.060168287273206215,0.22177531375694565,0.7180563989698482
25715,LOF,0.012049475223662018,0.27314290426694776,0.7148076205093902
25716,LOF,0.012403195710918684,0.17838283176206826,0.8092139725270131
25717,LOF,0.014630600488750499,0.12095273273420279,0.8644166667770466
25718,LOF,0.01221360738357719,0.1463408782971393,0.8414455143192835
25719,LOF,0.02547231058744937,0.21110799354981907,0.7634196958627315
25720,LOF,0.030374995201244797,0.12113085101273299,0.8484941537860222
25721,LOF,0.01220744818331693,0.2391377269555127,0.7486548248611703
25722,LOF,0.012789021535271158,0.2172630015744942,0.7699479768902345
25723,LOF,0.022288467218377087,0.18377107216494368,0.7939404606166792
25724,LOF,0.04382804884055867,0.4129353579914478,0.5432365931679936
25725,LOF,0.01173847510223997,0.21526299935678275,0.7729985255409773
25726,LOF,0.012884257288758357,0.2395062911590937,0.747609451552148
25727,LOF,0.01462942728460458,0.22605632993848299,0.7593142427769125
25728,LOF,0.011484821605123582,0.2706956140080179,0.7178195643868585
25729,LOF,0.011866143209563865,0.27407508795139446,0.7140587688390417
25730,LOF,0.012610902313610178,0.2728395055616292,0.7145495921247605
25731,LOF,0.013246558372421216,0.17207962145375083,0.814673820173828
25732,LOF,0.012573091685083368,0.12663948526948346,0.8607874230454332
25733,LOF,0.017163076896348804,0.15048667431606896,0.8323502487875822
25734,LOF,0.015153506145407798,0.20471111030953076,0.7801353835450614
25735,LOF,0.011741411164690766,0.164022411416088,0.8242361774192213
25736,LOF,0.012330057404678232,0.1752333865569392,0.8124365560383826
25737,LOF,0.013844259333134677,0.20137059660655837,0.784785144060307
25738,LOF,0.013167815205096472,0.24489677963096687,0.7419354051639366
25739,LOF,0.018960734803712947,0.19782063660781166,0.7832186285884754
25740,LOF,0.02989174844386793,0.23549224235711638,0.7346160091990157
25741,LOF,0.0157234720591218,0.2739551409245375,0.7103213870163408
25742,LOF,0.1082178384380378,0.15805593594412753,0.7337262256178347
25743,LOF,0.028465646935693003,0.050291413761717946,0.9212429393025889
25744,Neutral,0.6444360389657868,0.17570050336254373,0.17986345767166934
25745,LOF,0.044257933212213066,0.1025129315719821,0.8532291352158047
25746,LOF,0.026848853962728292,0.14578128044268657,0.8273698655945853
25747,LOF,0.013486258872855634,0.14412069309556605,0.8423930480315782
25748,LOF,0.08486287887284512,0.2632688256961855,0.6518682954309695
25749,LOF,0.020188232387939365,0.1172371485946021,0.8625746190174585
25750,LOF,0.04387013329082025,0.11506765193482874,0.8410622147743511
25751,LOF,0.08824250710798405,0.20550777206356038,0.7062497208284556
25752,GOF,0.07697155252565824,0.7444478362243422,0.1785806112499996
25753,LOF,0.018075235869474352,0.43183139953322464,0.5500933645973011
25754,GOF,0.021102971759116865,0.7616924272394447,0.21720460100143826
25755,LOF,0.02155384552566789,0.36141268520513264,0.6170334692691996
25756,GOF,0.03302093075267541,0.5228282928581313,0.4441507763891933
25757,GOF,0.016290571344629117,0.8685652746077414,0.11514415404762939
25758,GOF,0.024148544126877402,0.8377699519595946,0.13808150391352814
25759,GOF,0.015586523603062681,0.7239952665141276,0.26041820988280984
25760,LOF,0.015182402888007781,0.4089013136936783,0.5759162834183139
25761,GOF,0.21843230052420828,0.7117308365110586,0.06983686296473304
25762,LOF,0.039304930007181785,0.4631465821464933,0.4975484878463249
25763,LOF,0.01338378547394139,0.2980428886117649,0.6885733259142937
25764,GOF,0.06881944623635282,0.7727863028380414,0.1583942509256057
25765,GOF,0.03536625158128181,0.8085531317289878,0.15608061668973033
25766,GOF,0.06388989118076972,0.8434435023580786,0.0926666064611517
25767,GOF,0.07906771027986807,0.6591226445555712,0.2618096451645607
25768,LOF,0.07283055698926613,0.07075809800012393,0.8564113450106099
25769,LOF,0.04429206321891409,0.10155921230631931,0.8541487244747665
25770,LOF,0.2929272827971173,0.08172442942778414,0.6253482877750985
25771,LOF,0.06029154637533597,0.04120137142927909,0.8985070821953849
25772,LOF,0.015191758630924734,0.07529277772023919,0.9095154636488361
25773,LOF,0.05939795710351655,0.04000307641719513,0.9005989664792884
25774,LOF,0.032305506067868806,0.12204589917918367,0.8456485947529475
25775,LOF,0.0759103739606454,0.034487632170422264,0.8896019938689324
25776,LOF,0.05858134911850908,0.045587999015249195,0.8958306518662418
25777,Neutral,0.5152012126238504,0.04590869289887896,0.4388900944772705
25778,LOF,0.04955038419644698,0.08261063849426259,0.8678389773092904
25779,Neutral,0.5237870184448357,0.3412115660919391,0.13500141546322536
25780,Neutral,0.46192425461885445,0.3200355789792656,0.21804016640187981
25781,GOF,0.17270191304891222,0.49370307391077456,0.3335950130403132
25782,GOF,0.27736547792993976,0.42474495958136615,0.297889562488694
25783,GOF,0.03241410409263266,0.5567444799114767,0.4108414159958907
25784,Neutral,0.691625476940148,0.17307444616537593,0.13530007689447598
25785,Neutral,0.6521108940800848,0.15781333353722296,0.19007577238269227
25786,GOF,0.03157370506638159,0.5560862456513316,0.4123400492822869
25787,Neutral,0.816974241020483,0.08551477612549474,0.09751098285402225
25788,LOF,0.06151386348333998,0.032538003097730916,0.9059481334189292
25789,GOF,0.29485257156323175,0.40381582740476923,0.30133160103199896
25790,GOF,0.28027208533967357,0.3621696677428958,0.35755824691743066
25791,LOF,0.20323523161354998,0.39104471183506945,0.4057200565513806
25792,Neutral,0.438885980057826,0.24634308022689483,0.3147709397152793
25793,LOF,0.26834944352087,0.2421528404402154,0.48949771603891457
25794,Neutral,0.38505951066525135,0.2987127740367691,0.31622771529797955
25795,LOF,0.08583525048379995,0.44297184144328644,0.47119290807291364
25796,Neutral,0.581654785384055,0.19956202594965408,0.21878318866629085
25797,LOF,0.10799051298283156,0.3155466251870766,0.5764628618300919
25798,LOF,0.013519066797970616,0.3402942725849168,0.6461866606171125
25799,LOF,0.012552539232654548,0.32416697634978736,0.6632804844175579
25800,LOF,0.05126430109187413,0.4381102227017233,0.5106254762064025
25801,GOF,0.2825578263252148,0.454096532436563,0.2633456412382221
25802,LOF,0.07156795938696155,0.4503591442467484,0.47807289636628997
25803,LOF,0.05175428260187277,0.3895505670549669,0.5586951503431604
25804,LOF,0.04386147705014434,0.4086272623318636,0.547511260617992
25805,LOF,0.10495221161863368,0.44330457288850356,0.4517432154928627
25806,LOF,0.1413506374307832,0.37866388300554327,0.4799854795636736
25807,LOF,0.023930585499721043,0.41494213875916847,0.5611272757411104
25808,LOF,0.10876172299391434,0.3744297303677752,0.5168085466383104
25809,LOF,0.024326247128268166,0.3500108642277948,0.6256628886439369
25810,LOF,0.0290508431131833,0.3406261815025762,0.6303229753842405
25811,Neutral,0.6406357433681376,0.20932671095166183,0.15003754568020075
25812,LOF,0.0481000081705915,0.37110941991333707,0.5807905719160714
25813,Neutral,0.6514022510840762,0.11575026227465675,0.232847486641267
25814,LOF,0.18337269898705028,0.3966369665661151,0.4199903344468346
25815,Neutral,0.359036246903087,0.3281037594562218,0.3128599936406912
25816,LOF,0.020492812604539806,0.4159155784020225,0.5635916089934377
25817,GOF,0.2935907642433085,0.4437080594073234,0.262701176349368
25818,LOF,0.04337912902959314,0.34816972435244065,0.6084511466179662
25819,Neutral,0.42044302174468856,0.26047731817803976,0.3190796600772718
25820,LOF,0.24336622864469604,0.35985143977365336,0.39678233158165066
25821,LOF,0.07997993540759059,0.4388298170375623,0.48119024755484713
25822,LOF,0.30633579275199047,0.3278285273392352,0.3658356799087743
25823,LOF,0.04987118064975649,0.42044442446536606,0.5296843948848774
25824,LOF,0.1286917326589426,0.2947579157891899,0.5765503515518674
25825,LOF,0.04993414244024973,0.32130069659369653,0.6287651609660538
25826,LOF,0.015430853184672407,0.33501744619125495,0.6495517006240725
25827,LOF,0.026677456441185667,0.40978670479059554,0.5635358387682188
25828,LOF,0.019440607979326768,0.346867884380176,0.6336915076404973
25829,LOF,0.010164246498932265,0.374321292171045,0.6155144613300229
25830,LOF,0.03673680454334145,0.06813402388629217,0.8951291715703664
25831,GOF,0.23167094160214283,0.4993854085141697,0.2689436498836874
25832,LOF,0.0474184430157155,0.4587539338953878,0.4938276230888966
25833,GOF,0.15654723394656858,0.4495221775518709,0.39393058850156054
25834,LOF,0.06145650303643636,0.44463957708536944,0.49390391987819404
25835,LOF,0.15093787712334494,0.3966847969342896,0.45237732594236535
25836,LOF,0.06383605841368613,0.45222978016243254,0.48393416142388146
25837,LOF,0.035882841391071695,0.3736248914826112,0.5904922671263172
25838,GOF,0.12368838728074771,0.46864294011028307,0.40766867260896933
25839,Neutral,0.42859996073166884,0.2650700854227638,0.3063299538455674
25840,GOF,0.308395310978603,0.37284157888266356,0.3187631101387335
25841,Neutral,0.35276247689964746,0.32372005998230075,0.3235174631180518
25842,LOF,0.25638194893416716,0.33527797605388165,0.4083400750119512
25843,GOF,0.28349535084237754,0.4257950693800898,0.2907095797775326
25844,LOF,0.09815561584191906,0.3550748105207692,0.5467695736373117
25845,LOF,0.020545314240609455,0.4154984273639214,0.5639562583954691
25846,GOF,0.1529295204370263,0.4419988227157406,0.4050716568472331
25847,GOF,0.17725196560967335,0.4508817297646514,0.37186630462567527
25848,LOF,0.054540760507003745,0.3934966308619588,0.5519626086310374
25849,LOF,0.01718674008425872,0.3808492644759813,0.60196399543976
25850,LOF,0.03084280617239303,0.43658470277087436,0.5325724910567325
25851,LOF,0.025446395028532052,0.4194088596730547,0.5551447452984133
25852,LOF,0.16196757388084368,0.35161966162227287,0.4864127644968835
25853,Neutral,0.40994248524980526,0.36319411035818394,0.22686340439201075
25854,GOF,0.027147592616907048,0.5125450710970314,0.4603073362860616
25855,LOF,0.06341211481971934,0.3677555006003066,0.5688323845799741
25856,LOF,0.3082362703093973,0.3372003917812562,0.35456333790934647
25857,LOF,0.054692349082111076,0.3866129448604394,0.5586947060574495
25858,GOF,0.028225197619509576,0.495537784315583,0.47623701806490754
25859,GOF,0.013907462290077601,0.5047187328089415,0.4813738049009808
25860,Neutral,0.43042872736561694,0.32249771920950926,0.24707355342487378
25861,Neutral,0.42630745920860325,0.4045058181268963,0.1691867226645004
25862,GOF,0.08284507893167448,0.5509040758500355,0.36625084521828993
25863,GOF,0.09120356397067324,0.5740496661327744,0.33474676989655233
25864,GOF,0.21204001284747495,0.5584094363629072,0.22955055078961797
25865,GOF,0.10454169210807798,0.6223504233470275,0.2731078845448945
25866,GOF,0.08346970241279053,0.6372518803105177,0.2792784172766919
25867,GOF,0.09716766029950452,0.6655274363491145,0.237304903351381
25868,GOF,0.27929530293295374,0.4028624039772179,0.3178422930898283
25869,Neutral,0.7450002805985894,0.15382599047404996,0.10117372892736065
25870,LOF,0.2552775550065305,0.03811203191526172,0.7066104130782077
25871,LOF,0.21218527610536259,0.38576244405674015,0.4020522798378972
25872,LOF,0.0920587374171631,0.32496836726916134,0.5829728953136756
25873,LOF,0.16182581694255807,0.3226924922755591,0.5154816907818829
25874,LOF,0.023300750367893783,0.03804539836805691,0.9386538512640494
25875,LOF,0.02972282157596339,0.2929542709276949,0.6773229074963417
25876,LOF,0.01871893222340281,0.10190237853428738,0.8793786892423098
25877,LOF,0.2967378450865545,0.24048431999809194,0.4627778349153537
25878,LOF,0.09621994567091058,0.3584585050414384,0.545321549287651
25879,LOF,0.044364902213213764,0.36887487612673164,0.5867602216600546
25880,LOF,0.02086187511730404,0.05265593361184604,0.92648219127085
25881,LOF,0.37797487695906923,0.12424515629865812,0.49777996674227254
25882,LOF,0.07937971992035657,0.022524941779127887,0.8980953383005155
25883,LOF,0.09018622001982751,0.024767072738493774,0.8850467072416788
25884,LOF,0.0650276602410635,0.04553168598847294,0.8894406537704636
25885,LOF,0.08036089421447261,0.030449567659570444,0.889189538125957
25886,LOF,0.24075024338612647,0.061964392856215564,0.6972853637576579
25887,LOF,0.3093851330094884,0.10605112920777887,0.5845637377827329
25888,LOF,0.13510389849222146,0.05135346738747982,0.8135426341202987
25889,LOF,0.06323964687275416,0.036485441421918084,0.9002749117053278
25890,LOF,0.07113225994018703,0.09495218107632832,0.8339155589834847
25891,LOF,0.05929440973138094,0.052651950232223334,0.8880536400363958
25892,LOF,0.10923921178621065,0.031969845598661215,0.8587909426151281
25893,LOF,0.3363994706471639,0.028334524792823557,0.6352660045600125
25894,LOF,0.19334980168138166,0.014724328257213232,0.7919258700614051
25895,LOF,0.22722501388281557,0.014596926971360093,0.7581780591458243
25896,LOF,0.05328250554107468,0.0271857679892582,0.9195317264696671
25897,LOF,0.24833585009159223,0.026935819668114206,0.7247283302402936
25898,Neutral,0.7656012783284488,0.018794432025737978,0.21560428964581335
25899,LOF,0.2138213271317256,0.09845123083686637,0.687727442031408
25900,Neutral,0.5750582922606671,0.02052603263470387,0.4044156751046292
25901,LOF,0.05485241570037256,0.025445961371697145,0.9197016229279302
25902,LOF,0.19361669177062374,0.016165527157122068,0.7902177810722543
25903,Neutral,0.5771663539234569,0.046305076710088225,0.37652856936645485
25904,LOF,0.3458670859553196,0.04316439303728653,0.610968521007394
25905,GOF,0.03363938853755267,0.5608866217314393,0.405473989731008
25906,LOF,0.021987740630706968,0.10173411625316552,0.8762781431161275
25907,LOF,0.01351077030330087,0.45186047610781405,0.5346287535888851
25908,LOF,0.01429060505358406,0.30479770754445656,0.6809116874019594
25909,LOF,0.017651474312389896,0.3021111945870735,0.6802373311005366
25910,LOF,0.026332446638695998,0.384597112523169,0.589070440838135
25911,LOF,0.06826422940663394,0.04155761761216464,0.8901781529812013
25912,LOF,0.031116061183845897,0.10968220109126395,0.8592017377248902
25913,LOF,0.21196424695984353,0.02820536163294527,0.7598303914072112
25914,LOF,0.021794909916787227,0.20139456407841133,0.7768105260048014
25915,GOF,0.35982803922635503,0.49050225962282773,0.14966970115081718
25916,GOF,0.024828865691550846,0.6610271176552405,0.3141440166532087
25917,LOF,0.03375205784252772,0.0979041625537857,0.8683437796036866
25918,LOF,0.026287668450119567,0.10730324711723423,0.8664090844326462
25919,LOF,0.025264363067358492,0.10380995333627856,0.8709256835963629
25920,GOF,0.16245125107615477,0.4597478659180224,0.3778008830058228
25921,LOF,0.03862741163123419,0.03244649730543827,0.9289260910633277
25922,LOF,0.049695309257955754,0.019251747440165244,0.931052943301879
25923,LOF,0.38129258019921364,0.03976007400197502,0.5789473457988112
25924,LOF,0.04360982902938291,0.03473289601592545,0.9216572749546915
25925,LOF,0.08645289455747165,0.0449276653709693,0.8686194400715591
25926,LOF,0.0657595852165948,0.028063718718170375,0.9061766960652348
25927,LOF,0.07833796866677566,0.15439915306792698,0.7672628782652974
25928,LOF,0.026048669156446262,0.025086738690696123,0.9488645921528577
25929,Neutral,0.48811105794576337,0.03715836354762346,0.4747305785066131
25930,LOF,0.08393669603075064,0.02466875138883272,0.8913945525804167
25931,LOF,0.03542049445184435,0.01708097990989185,0.9474985256382639
25932,LOF,0.0348860365282463,0.017765494601047368,0.9473484688707063
25933,LOF,0.04495949621749843,0.014032483720683395,0.9410080200618183
25934,LOF,0.030853612124780713,0.020782454651518283,0.9483639332237009
25935,LOF,0.08417166680235962,0.036614807823575166,0.8792135253740652
25936,LOF,0.04604074366923102,0.016440647416540513,0.9375186089142284
25937,LOF,0.0382470860176036,0.026482684625189157,0.9352702293572073
25938,LOF,0.07718519069529546,0.05071379101825947,0.872101018286445
25939,LOF,0.037330257064650596,0.01932806186553313,0.9433416810698163
25940,GOF,0.02807218744962295,0.5154319103975513,0.4564959021528257
25941,LOF,0.23947803639107101,0.030385976340616183,0.7301359872683129
25942,LOF,0.02327971872866556,0.01297285031024505,0.9637474309610894
25943,LOF,0.3978087120537379,0.02298640944708626,0.5792048784991759
25944,Neutral,0.5242670687408931,0.014371129509371826,0.46136180174973507
25945,LOF,0.0909417277828769,0.036796099877002636,0.8722621723401204
25946,LOF,0.029420695123020337,0.20130011918314242,0.7692791856938371
25947,LOF,0.13530947294564297,0.2136501116108724,0.6510404154434846
25948,LOF,0.41610774834272574,0.010665235783848764,0.5732270158734255
25949,LOF,0.11491135622427885,0.030675527823937506,0.8544131159517837
25950,GOF,0.17848139034790808,0.4693764957303707,0.3521421139217211
25951,LOF,0.23498280800617938,0.18808952648763294,0.5769276655061877
25952,LOF,0.05281257464032336,0.4270726781004771,0.5201147472591996
25953,LOF,0.18118602187320507,0.20486579535682803,0.6139481827699669
25954,Neutral,0.47678533570444903,0.3116729061987882,0.2115417580967627
25955,LOF,0.05865395626916578,0.16651695928023474,0.7748290844505994
25956,LOF,0.2221251227563018,0.05386593517519513,0.7240089420685031
25957,LOF,0.048459914642585186,0.024355158810068004,0.9271849265473469
25958,LOF,0.0802327711071141,0.03592846718557629,0.8838387617073096
25959,LOF,0.15993653747500386,0.3096805134914633,0.5303829490335329
25960,LOF,0.03728662812911123,0.06145658533527673,0.9012567865356119
25961,LOF,0.08341756506075551,0.05104623308566131,0.865536201853583
25962,LOF,0.05358660491663914,0.03941889641882851,0.9069944986645324
25963,LOF,0.06438524434339318,0.14098578500753306,0.7946289706490737
25964,LOF,0.030396220515354733,0.24198414113043662,0.7276196383542086
25965,Neutral,0.5507654826266891,0.053685325291432134,0.3955491920818788
25966,GOF,0.2990831760918053,0.37236211091521065,0.328554712992984
25967,LOF,0.012846618971634746,0.16544676320969381,0.8217066178186715
25968,LOF,0.07447037457405058,0.32360735400127616,0.6019222714246732
25969,LOF,0.023458255177950138,0.0595147401462432,0.9170270046758068
25970,LOF,0.05782232617790514,0.03754860367426872,0.9046290701478261
25971,LOF,0.08316032048366016,0.02393399723355666,0.8929056822827831
25972,LOF,0.07934924755372481,0.030760558534802213,0.889890193911473
25973,LOF,0.10367256382972564,0.01482966053297961,0.8814977756372948
25974,LOF,0.3895358512128898,0.024659063995700357,0.5858050847914099
25975,LOF,0.04641105979508922,0.042212169194800156,0.9113767710101106
25976,LOF,0.03858056450134901,0.029297312568215883,0.9321221229304351
25977,LOF,0.11175560609143571,0.13465074248985182,0.7535936514187124
25978,LOF,0.17050775263281598,0.11287914048431007,0.716613106882874
25979,LOF,0.16264167675487093,0.09043887441820833,0.7469194488269209
25980,LOF,0.19032807694847334,0.15021645585494459,0.6594554671965821
25981,LOF,0.19032807694847334,0.15021645585494459,0.6594554671965821
25982,LOF,0.3769264479922012,0.09003312831570937,0.5330404236920894
25983,LOF,0.36792777838106583,0.11479185190199456,0.5172803697169397
25984,LOF,0.03420378515638836,0.08363998817113075,0.882156226672481
25985,LOF,0.026695229041568694,0.31107491273167404,0.6622298582267573
25986,LOF,0.031120213582901554,0.33916906470033487,0.6297107217167636
25987,LOF,0.09398334922364697,0.079271373314526,0.826745277461827
25988,LOF,0.05934976469974641,0.09140141000216258,0.849248825298091
25989,LOF,0.023089121298050973,0.16552256368175286,0.8113883150201961
25990,LOF,0.03126419987540313,0.1686232766549488,0.800112523469648
25991,GOF,0.13578451318063833,0.4325760499442981,0.4316394368750637
25992,LOF,0.3056466852929064,0.3388013384916877,0.3555519762154058
25993,LOF,0.022964924966120747,0.2018375240583048,0.7751975509755745
25994,LOF,0.014688548153528368,0.2546675590274603,0.7306438928190112
25995,LOF,0.020336626742751204,0.22943469872197836,0.7502286745352705
25996,GOF,0.08294536767472009,0.6125904858881777,0.3044641464371022
25997,GOF,0.03597804573048076,0.6037015727862505,0.36032038148326867
25998,LOF,0.38785978500774826,0.014128686517033596,0.5980115284752182
25999,LOF,0.13625373370842117,0.33099569750250435,0.5327505687890745
26000,LOF,0.05399625521632901,0.03372387965511407,0.9122798651285569
26001,LOF,0.1333748637850603,0.06359260482184127,0.8030325313930985
26002,LOF,0.07427931941196912,0.0643565232056804,0.8613641573823504
26003,GOF,0.007584012296464897,0.8248144479186401,0.16760153978489498
26004,GOF,0.015639169434066548,0.8360490894752064,0.14831174109072726
26005,GOF,0.00854453198485859,0.6756997066809198,0.31575576133422145
26006,GOF,0.4346527644482688,0.46306982837401,0.10227740717772112
26007,GOF,0.012186525550098994,0.7975499508426422,0.19026352360725876
26008,GOF,0.009973652358223579,0.8294118095719306,0.1606145380698457
26009,GOF,0.018086836064349174,0.875972523189386,0.10594064074626489
26010,GOF,0.015139756696668784,0.8737094955710942,0.11115074773223708
26011,GOF,0.0073888630829440005,0.6480229398580353,0.34458819705902083
26012,GOF,0.011614283815549542,0.7818984982100875,0.20648721797436287
26013,GOF,0.008616315529301794,0.8159269195953731,0.17545676487532494
26014,LOF,0.04648363450757284,0.10291676813131743,0.8505995973611098
26015,LOF,0.18186969190221705,0.007592590064893418,0.8105377180328895
26016,LOF,0.2899158533520306,0.031653715562554176,0.6784304310854152
26017,LOF,0.19168308604029544,0.055750143988448485,0.7525667699712562
26018,LOF,0.07672326210594513,0.01890707205374469,0.9043696658403102
26019,LOF,0.07927484618550978,0.012693274796134585,0.9080318790183556
26020,LOF,0.08557784925438726,0.05022111559790177,0.8642010351477108
26021,LOF,0.07240411885321897,0.06784405222545532,0.8597518289213257
26022,LOF,0.015860870303795613,0.02785859132796931,0.956280538368235
26023,LOF,0.16594743799352304,0.016082310445676228,0.8179702515608008
26024,LOF,0.03880208455203104,0.06205667572437849,0.8991412397235905
26025,LOF,0.25033382428048384,0.060618665139179045,0.6890475105803371
26026,LOF,0.48411221025146634,0.01200271099230196,0.5038850787562317
26027,LOF,0.08297645118505007,0.010407331095562649,0.9066162177193873
26028,LOF,0.25457577541068177,0.07949815836735913,0.665926066221959
26029,LOF,0.1553690094755383,0.1535245294362761,0.6911064610881855
26030,LOF,0.04430280941316184,0.05528795607052772,0.9004092345163105
26031,LOF,0.04084837854196426,0.13280319847801145,0.8263484229800244
26032,LOF,0.08624295354827723,0.043462867326016626,0.8702941791257062
26033,LOF,0.23861390198436985,0.058756725657896774,0.7026293723577335
26034,LOF,0.06415741464571119,0.1138227494501087,0.8220198359041802
26035,LOF,0.04760377507459816,0.12129276355762363,0.8311034613677782
26036,LOF,0.06127985483045528,0.10827272954868446,0.8304474156208602
26037,LOF,0.040084985574713225,0.10246503498175959,0.8574499794435273
26038,LOF,0.08589755464141943,0.04163779000707296,0.8724646553515075
26039,LOF,0.08464566724517247,0.11585304320457504,0.7995012895502525
26040,LOF,0.37820624106676914,0.08508801101148199,0.5367057479217489
26041,LOF,0.04056006379710971,0.09610153101787747,0.8633384051850128
26042,LOF,0.04004792292963091,0.08652027475472196,0.8734318023156471
26043,LOF,0.09037806710860757,0.05366654038650925,0.8559553925048831
26044,LOF,0.04318444952023358,0.07181584902867172,0.8849997014510946
26045,LOF,0.11330771672394105,0.10019324721382879,0.7864990360622302
26046,LOF,0.10011189912058603,0.05790937745605152,0.8419787234233624
26047,LOF,0.1316543867017208,0.05510617884984241,0.8132394344484368
26048,LOF,0.08476635239554225,0.05128191002781241,0.8639517375766452
26049,Neutral,0.9365838446695381,0.011886921576812537,0.05152923375364938
26050,Neutral,0.9117791823972393,0.013102535227850267,0.0751182823749104
26051,GOF,0.05753580900359149,0.5323170306504781,0.4101471603459304
26052,GOF,0.04085994333911189,0.5731258977866247,0.3860141588742633
26053,LOF,0.05666161041809798,0.2979828357795562,0.6453555538023459
26054,LOF,0.06511603653478647,0.0568282933646742,0.8780556701005393
26055,LOF,0.07291587280004524,0.06374249543791627,0.8633416317620386
26056,LOF,0.05814292702376578,0.0743818666603012,0.867475206315933
26057,LOF,0.02870100667679608,0.04347669192381644,0.9278223013993876
26058,LOF,0.02868141812029214,0.03898161603132311,0.9323369658483847
26059,LOF,0.3773957301546386,0.09664941440389867,0.5259548554414627
26060,LOF,0.03678626515810305,0.35525694433950483,0.607956790502392
26061,LOF,0.022217853034045307,0.07696346831000621,0.9008186786559484
26062,LOF,0.017158615976975173,0.05652652626864286,0.9263148577543819
26063,LOF,0.0248733562231779,0.042454996900425104,0.932671646876397
26064,LOF,0.02767377470226192,0.048575569550769734,0.9237506557469684
26065,LOF,0.02832249103645983,0.04417270218140343,0.9275048067821368
26066,LOF,0.02149878412132396,0.05097412390851749,0.9275270919701586
26067,LOF,0.02428146982687215,0.04112835237354893,0.9345901777995789
26068,LOF,0.05385873582716867,0.0784630715870165,0.8676781925858148
26069,LOF,0.40589538744642706,0.06621471750048093,0.527889895053092
26070,Neutral,0.6002689337276547,0.038822788549737704,0.36090827772260764
26071,LOF,0.02400614028719681,0.058213870303971474,0.9177799894088318
26072,LOF,0.02694156605939465,0.07857019107279313,0.8944882428678121
26073,LOF,0.027646703205193583,0.03762796826563782,0.9347253285291687
26074,Neutral,0.8873879772504986,0.014997412729903547,0.09761461001959777
26075,LOF,0.04798374398574018,0.060738315207492,0.8912779408067677
26076,LOF,0.03642480360186905,0.034511014438217,0.9290641819599139
26077,LOF,0.012745312669733614,0.08126031449975735,0.9059943728305091
26078,LOF,0.016024491273847072,0.061593260669257285,0.9223822480568956
26079,LOF,0.05352210475570699,0.06157918594278909,0.884898709301504
26080,LOF,0.05352210475570699,0.06157918594278909,0.884898709301504
26081,LOF,0.033209124737088286,0.03579457374337019,0.9309963015195416
26082,LOF,0.026370444559264964,0.04192138339012633,0.9317081720506087
26083,LOF,0.08791695741772534,0.05135976507411288,0.8607232775081618
26084,LOF,0.028357730937658965,0.054082677166007675,0.9175595918963334
26085,LOF,0.023019835994157946,0.049440472883337104,0.927539691122505
26086,LOF,0.024508825288609665,0.05356014643435986,0.9219310282770306
26087,LOF,0.026270022850428666,0.04608196139842232,0.927648015751149
26088,LOF,0.025224077366482692,0.08330027728000429,0.8914756453535129
26089,LOF,0.05038472998577935,0.05271606843107222,0.8968992015831485
26090,LOF,0.047117336413441485,0.04723663418866991,0.9056460293978887
26091,LOF,0.04196620468864469,0.028382496363190447,0.9296512989481648
26092,LOF,0.027933090025521398,0.036765405882541964,0.9353015040919366
26093,LOF,0.03850937879589304,0.025331176160203535,0.9361594450439035
26094,LOF,0.044773343349544324,0.021454762617070397,0.9337718940333853
26095,LOF,0.05800318991142785,0.06866531544584775,0.8733314946427244
26096,LOF,0.02239079614799233,0.04468619775138404,0.9329230061006237
26097,LOF,0.01337015422899088,0.1169603778178157,0.8696694679531933
26098,LOF,0.06050518359223948,0.053697798479211065,0.8857970179285496
26099,LOF,0.02452084799840125,0.07673390941832481,0.8987452425832739
26100,LOF,0.02452084799840125,0.07673390941832481,0.8987452425832739
26101,LOF,0.05786430194094432,0.06683646647977919,0.8752992315792766
26102,LOF,0.02582967466191884,0.052204517910047966,0.9219658074280332
26103,Neutral,0.8140698848419092,0.08005570925261159,0.10587440590547913
26104,LOF,0.046535790648694716,0.10676109085217936,0.8467031184991258
26105,LOF,0.3418959811664437,0.0818981819930739,0.5762058368404823
26106,LOF,0.18402072763393632,0.04284464831951769,0.773134624046546
26107,LOF,0.27534269746348816,0.05976452579106706,0.6648927767454448
26108,LOF,0.1969574614907531,0.05466662258103661,0.7483759159282103
26109,LOF,0.04666860917494679,0.18882249994570116,0.764508890879352
26110,LOF,0.2667284730811552,0.04478266493188845,0.6884888619869565
26111,LOF,0.4174531259943051,0.04954526812109639,0.5330016058845984
26112,LOF,0.04171638648687496,0.03677444769801129,0.9215091658151138
26113,LOF,0.05407839722471671,0.07634842316629072,0.8695731796089926
26114,LOF,0.033676344948283025,0.02495011345195743,0.9413735415997595
26115,LOF,0.16264620395030924,0.05422406057396218,0.7831297354757286
26116,LOF,0.09094984430818068,0.03890923724253797,0.8701409184492813
26117,LOF,0.26255931884525885,0.20804673732168996,0.5293939438330512
26118,LOF,0.03792067013955568,0.03964437317411538,0.922434956686329
26119,LOF,0.028562932751542293,0.11704544532861998,0.8543916219198378
26120,LOF,0.03448279891460882,0.05732393442970621,0.908193266655685
26121,LOF,0.058123147451304744,0.12425762290291113,0.817619229645784
26122,LOF,0.07635327678236697,0.12764420833400597,0.7960025148836272
