feature0,prediction,LoGoFunc_Neutral,LoGoFunc_GOF,LoGoFunc_LOF
25546,Neutral,0.6142271868455311,0.043102376195695354,0.34267043695877347
25547,Neutral,0.47929860474953956,0.06557121243198392,0.4551301828184765
25548,Neutral,0.505859284928535,0.060238549815426035,0.433902165256039
25549,LOF,0.44420427897974524,0.0583815833430928,0.49741413767716197
25550,LOF,0.3834439446036173,0.0648990792265627,0.55165697616982
25551,LOF,0.30975988971712864,0.06831320550050952,0.6219269047823618
25552,LOF,0.2795712547409796,0.07945189494224698,0.6409768503167734
25553,Neutral,0.7868205002551291,0.037989496258862956,0.17519000348600786
25554,LOF,0.3002084866192248,0.07281746723429583,0.6269740461464793
25555,LOF,0.2653756798906944,0.07464838498564451,0.659975935123661
25556,LOF,0.4347734563239426,0.06797943975289979,0.4972471039231576
25557,LOF,0.25033148481487794,0.07319829788696333,0.6764702172981587
25558,LOF,0.2989240343645942,0.06855246572994195,0.6325234999054637
25559,LOF,0.22081440904142002,0.030101192160189725,0.7490843987983902
25560,LOF,0.097169292809824,0.19478118970718328,0.7080495174829927
25561,LOF,0.07972681793079663,0.27974086163523215,0.6405323204339713
25562,LOF,0.03213857459723297,0.1172669191532404,0.8505945062495267
25563,LOF,0.0066119972994552086,0.20558019107541983,0.787807811625125
25564,LOF,0.06673066181942777,0.1044551197936604,0.8288142183869118
25565,LOF,0.19785771094766144,0.13007694517311763,0.6720653438792209
25566,GOF,0.0779857322774529,0.7964849759775988,0.12552929174494823
25567,LOF,0.04379961894649399,0.19094035828815667,0.7652600227653493
25568,LOF,0.06356603649469006,0.11588580608703603,0.8205481574182739
25569,LOF,0.06352300341652652,0.10688013718058853,0.8295968594028851
25570,LOF,0.025111594323176573,0.17252259272580125,0.8023658129510222
25571,LOF,0.02508203140890652,0.17871995325274043,0.796198015338353
25572,LOF,0.05324996604720962,0.22984557149754062,0.7169044624552497
25573,LOF,0.07156781084314263,0.15486708124025395,0.7735651079166034
25574,LOF,0.07009731329291989,0.295982362339002,0.6339203243680781
25575,LOF,0.024472733051539797,0.18713938146302622,0.788387885485434
25576,LOF,0.02489961752865507,0.2675856560159262,0.7075147264554188
25577,LOF,0.027312990910936218,0.19894162643812105,0.7737453826509427
25578,LOF,0.2918417988191788,0.11766329952252803,0.5904949016582931
25579,LOF,0.20338822600487672,0.11693771203019077,0.6796740619649326
25580,LOF,0.024020910694199284,0.11996963844812081,0.8560094508576799
25581,LOF,0.048212662100475194,0.1255746805612726,0.8262126573382522
25582,LOF,0.04793823477604405,0.1227345289139969,0.829327236309959
25583,LOF,0.030895483800759117,0.1346478573505505,0.8344566588486905
25584,Neutral,0.6710574401778452,0.15179462843067595,0.1771479313914789
25585,LOF,0.023726425688463566,0.2305399865382617,0.7457335877732748
25586,LOF,0.021917331928066594,0.15264785172824158,0.8254348163436919
25587,LOF,0.02062955986999856,0.14296096492668778,0.8364094752033137
25588,LOF,0.02658418595346505,0.11163097962767654,0.8617848344188584
25589,Neutral,0.5276624588288595,0.26204952169553286,0.21028801947560763
25590,LOF,0.052179572859543055,0.1624093288638821,0.7854110982765748
25591,LOF,0.11087871869878638,0.09803759310085645,0.7910836882003571
25592,LOF,0.07167899814877492,0.2035129659651274,0.7248080358860977
25593,LOF,0.11358502309287472,0.40208620862205424,0.4843287682850709
25594,LOF,0.04727577158307272,0.040137608700342504,0.9125866197165848
25595,LOF,0.048865462215712085,0.022454627927202944,0.928679909857085
25596,LOF,0.12127305425271176,0.01639100222939585,0.8623359435178923
25597,LOF,0.08993530742321526,0.01433753466188774,0.8957271579148971
25598,LOF,0.054482236601894884,0.024047248958961674,0.9214705144391434
25599,LOF,0.03020618776413039,0.39032970615509394,0.5794641060807757
25600,LOF,0.17907454288760968,0.36494109465784996,0.45598436245454044
25601,LOF,0.05097020300951875,0.29067942729162877,0.6583503696988524
25602,LOF,0.02858809694168369,0.07391528289795048,0.8974966201603658
25603,LOF,0.05042023772658053,0.08819900179336329,0.8613807604800562
25604,LOF,0.05254436391541545,0.14386956199974255,0.8035860740848421
25605,LOF,0.049431160151304304,0.19767624927236221,0.7528925905763335
25606,Neutral,0.4041036838840165,0.2657699819497192,0.3301263341662644
25607,LOF,0.02873250581916437,0.2611086613524762,0.7101588328283595
25608,LOF,0.04729255159075385,0.07571042884366502,0.8769970195655811
25609,GOF,0.2343357929136699,0.48302363533737747,0.28264057174895263
25610,LOF,0.02036319049833982,0.0775644028216079,0.9020724066800522
25611,LOF,0.015169641795621382,0.08530661867406983,0.8995237395303088
25612,LOF,0.060132365370224795,0.09601840790583285,0.8438492267239424
25613,LOF,0.05413864223619786,0.0923892447867552,0.853472112977047
25614,LOF,0.024683515642502405,0.07413690131015295,0.9011795830473447
25615,LOF,0.05243367410514299,0.06211452744113281,0.8854517984537242
25616,LOF,0.06479714967608337,0.08635690327326859,0.8488459470506481
25617,LOF,0.05308132409338251,0.09342614342212233,0.8534925324844952
25618,LOF,0.04844042059768189,0.14078262682964074,0.8107769525726775
25619,LOF,0.014332278368575396,0.10989872548190603,0.8757689961495185
25620,LOF,0.051401279913713245,0.08693128793839279,0.8616674321478939
25621,LOF,0.07562241241619994,0.07356933666066347,0.8508082509231366
25622,LOF,0.08696330922108617,0.08734734633517123,0.8256893444437426
25623,LOF,0.07034412266146375,0.07649010797536383,0.8531657693631725
25624,LOF,0.023768082247024005,0.08291236862644354,0.8933195491265324
25625,LOF,0.06792344396754578,0.08332105297951763,0.8487555030529367
25626,LOF,0.056492609328688055,0.08450843811135209,0.85899895255996
25627,Neutral,0.8911267673892613,0.025198473848350694,0.08367475876238811
25628,LOF,0.19945686115535635,0.07343980127945046,0.7271033375651932
25629,LOF,0.06833602904159461,0.06924988676994605,0.8624140841884594
25630,LOF,0.32312373451968146,0.08525805135032571,0.5916182141299928
25631,Neutral,0.541779293210442,0.0534028227796014,0.40481788400995644
25632,LOF,0.033157518972672224,0.1485252013692105,0.8183172796581172
25633,LOF,0.19573299061663424,0.0876983468538896,0.7165686625294762
25634,LOF,0.04418451384950544,0.12826392157420244,0.8275515645762922
25635,LOF,0.033261567770310405,0.07025129599067048,0.896487136239019
25636,GOF,0.0369745177191986,0.5627943140772159,0.4002311682035854
25637,GOF,0.04339237888049472,0.5689620393636293,0.3876455817558761
25638,GOF,0.020464691319206783,0.5037220256890613,0.4758132829917319
25639,LOF,0.03238662250362007,0.4635006134352926,0.5041127640610874
25640,Neutral,0.8029027464713113,0.14844032251037742,0.048656931018311235
25641,LOF,0.14036583824594093,0.289246471855156,0.570387689898903
25642,LOF,0.12234511973386275,0.1631387203004815,0.7145161599656557
25643,LOF,0.36753769085840526,0.08648294289805515,0.5459793662435396
25644,GOF,0.010187023816372372,0.6146763961056276,0.37513658007799994
25645,GOF,0.013383206053225004,0.5848616810844236,0.4017551128623514
25646,LOF,0.022439806493155624,0.4308847755147482,0.5466754179920962
25647,LOF,0.010115028692107429,0.3141422456256133,0.6757427256822792
25648,LOF,0.0156806365748391,0.3600969363782809,0.62422242704688
25649,LOF,0.00929985610873803,0.29144691573846176,0.6992532281528002
25650,GOF,0.03682487467281919,0.5583400612352668,0.40483506409191394
25651,LOF,0.012298683925878582,0.3809152609614077,0.6067860551127138
25652,LOF,0.012229329753352593,0.39562786942667527,0.5921428008199721
25653,GOF,0.04617423469237236,0.5454841897393093,0.40834157556831824
25654,LOF,0.012071505802511899,0.29489266166318207,0.693035832534306
25655,GOF,0.12841772202828686,0.6221649026306387,0.24941737534107453
25656,LOF,0.1953618410662604,0.058397949883510006,0.7462402090502297
25657,LOF,0.034728274419886185,0.06386606373564616,0.9014056618444678
25658,LOF,0.2433078788505403,0.08763977032129955,0.6690523508281602
25659,LOF,0.39336887924719083,0.10225943913999107,0.5043716816128182
25660,LOF,0.020903204319025474,0.10105861726814712,0.8780381784128275
25661,LOF,0.06695710688717568,0.06725165378796007,0.8657912393248642
25662,LOF,0.02772314143125833,0.040728334301442765,0.9315485242672988
25663,LOF,0.02961177066322861,0.03915498773647707,0.9312332416002943
25664,LOF,0.09351428095872523,0.06553631459409225,0.8409494044471826
25665,LOF,0.0599075465887165,0.0358616626135891,0.9042307907976944
25666,LOF,0.07087536154218801,0.05330939438708595,0.875815244070726
25667,LOF,0.059511690635656866,0.048081525191304854,0.8924067841730382
25668,LOF,0.02879219119799674,0.05880774201706862,0.9124000667849347
25669,LOF,0.02050049245632659,0.05402971429309186,0.9254697932505815
25670,LOF,0.11343731732550019,0.048931743451697575,0.8376309392228022
25671,LOF,0.08865318834346363,0.04043675101636102,0.8709100606401755
25672,LOF,0.05096709429031184,0.054288241300289156,0.894744664409399
25673,LOF,0.07399863336045127,0.04902147789792564,0.876979888741623
25674,LOF,0.0688263426331211,0.0661596460134496,0.8650140113534293
25675,LOF,0.06884080742079496,0.07198062408903946,0.8591785684901656
25676,LOF,0.015993583144016065,0.06592053693861984,0.9180858799173641
25677,LOF,0.01607412301790209,0.09131161058898762,0.8926142663931104
25678,LOF,0.17096685868724004,0.09497902030950553,0.7340541210032544
25679,LOF,0.10367892192289664,0.10215738083172834,0.794163697245375
25680,LOF,0.026829162349464038,0.13380081384219325,0.8393700238083427
25681,LOF,0.04175776249420877,0.12130535599823185,0.8369368815075594
25682,LOF,0.10512525739529995,0.07093158120621905,0.8239431613984809
25683,LOF,0.09321303823824625,0.09126310755433581,0.815523854207418
25684,LOF,0.025927458664125425,0.06313717425660564,0.9109353670792689
25685,LOF,0.13026225961517804,0.12104673136753187,0.7486910090172901
25686,LOF,0.07544317594515292,0.18145668370544416,0.743100140349403
25687,LOF,0.12457042198768822,0.15290689723310766,0.7225226807792041
25688,LOF,0.47359107815140633,0.02417020850731904,0.5022387133412747
25689,LOF,0.30836480330964194,0.035222042058829936,0.6564131546315282
25690,LOF,0.38434262331682967,0.021593133794959075,0.5940642428882114
25691,Neutral,0.7407083762139369,0.0206687358421252,0.23862288794393788
25692,LOF,0.36583820230967384,0.009228491644796206,0.6249333060455299
25693,GOF,0.03723768628765249,0.5253509994506701,0.43741131426167745
25694,LOF,0.11458041852971068,0.018629424998462003,0.8667901564718272
25695,LOF,0.110050414879924,0.008477462627117995,0.8814721224929579
25696,LOF,0.11455276282606057,0.010776642902768212,0.8746705942711712
25697,LOF,0.05424976019288895,0.06643137073874003,0.8793188690683711
25698,LOF,0.2590082450284761,0.2505229983313424,0.4904687566401816
25699,LOF,0.41614279673481475,0.03377969851092263,0.5500775047542626
25700,LOF,0.05789905637320148,0.010623375458281155,0.9314775681685173
25701,LOF,0.1863488701900574,0.031304365989813995,0.7823467638201285
25702,GOF,0.18431879205666052,0.6227515835265787,0.19292962441676095
25703,LOF,0.016281979558729086,0.15531869086787703,0.8283993295733938
25704,LOF,0.035065971641288725,0.11923445684300564,0.8456995715157057
25705,LOF,0.04403938911076366,0.08147048877017171,0.8744901221190646
25706,GOF,0.10241320786112221,0.4869931536493094,0.4105936384895685
25707,LOF,0.08791700037041264,0.39945280321601745,0.5126301964135699
25708,LOF,0.031165615346267384,0.3927060548172676,0.576128329836465
25709,LOF,0.07691868574457554,0.03708894211427228,0.8859923721411522
25710,LOF,0.015666828511241376,0.16440736561201338,0.8199258058767452
25711,LOF,0.020824537759413515,0.07734637800229593,0.9018290842382906
25712,LOF,0.017184283576450663,0.20389116696311146,0.7789245494604379
25713,LOF,0.019200592778603313,0.07326416372607614,0.9075352434953204
25714,LOF,0.07686908697447692,0.053949860837356756,0.8691810521881663
25715,LOF,0.011980636744500069,0.11520332560366962,0.8728160376518302
25716,LOF,0.01182527310509267,0.11418357155598316,0.8739911553389241
25717,LOF,0.019252639072967894,0.07216937369303666,0.9085779872339955
25718,LOF,0.011824637344780717,0.050826388590860416,0.9373489740643589
25719,LOF,0.022038371309327922,0.07241036947920851,0.9055512592114635
25720,LOF,0.029093563164022087,0.04973423933984561,0.9211721974961323
25721,LOF,0.011973821900635477,0.07056794099315086,0.9174582371062137
25722,LOF,0.013767752386565786,0.05912253904261642,0.9271097085708178
25723,LOF,0.025648951786663002,0.03914095170457267,0.9352100965087644
25724,LOF,0.032761976914277666,0.08412456989458182,0.8831134531911405
25725,LOF,0.011247473779631678,0.06952110175963026,0.919231424460738
25726,LOF,0.01724986096878458,0.088090470041098,0.8946596689901174
25727,LOF,0.014454652043753178,0.05617061453938292,0.9293747334168639
25728,LOF,0.011151903685916089,0.07150096611624784,0.9173471301978361
25729,LOF,0.01134458192684223,0.07194094124195471,0.916714476831203
25730,LOF,0.015156744176945663,0.07388094568997022,0.910962310133084
25731,LOF,0.018736990278596658,0.11286979582757348,0.8683932138938298
25732,LOF,0.0145068045008685,0.047084459522958574,0.9384087359761729
25733,LOF,0.014565718261574604,0.058935069814486415,0.926499211923939
25734,LOF,0.013395530121387762,0.13956447668864408,0.8470399931899681
25735,LOF,0.01155708356200335,0.05929123814814031,0.9291516782898563
25736,LOF,0.012770995044819612,0.06399922703498764,0.9232297779201928
25737,LOF,0.01365543663257367,0.10961802079780314,0.8767265425696232
25738,LOF,0.013066664040248263,0.10553088276272066,0.881402453197031
25739,LOF,0.02109417865777519,0.07023631619115356,0.9086695051510713
25740,LOF,0.03308354885423754,0.11602385940236795,0.8508925917433945
25741,LOF,0.017052739366043054,0.11207025820032816,0.8708770024336289
25742,LOF,0.11369584582565802,0.07513504360821424,0.8111691105661278
25743,LOF,0.04028852308029743,0.060631692310003024,0.8990797846096996
25744,Neutral,0.6064203838076873,0.2568164545261329,0.13676316166617977
25745,LOF,0.05793943021585678,0.10166276000084498,0.8403978097832981
25746,LOF,0.040191067456410226,0.1361302673275353,0.8236786652160545
25747,LOF,0.018665163941160662,0.12187305462356046,0.8594617814352788
25748,LOF,0.09492999325720532,0.19834923105072377,0.706720775692071
25749,LOF,0.023227714621778087,0.11558114893227801,0.8611911364459439
25750,LOF,0.057386821519031836,0.13592969729230261,0.8066834811886655
25751,LOF,0.12586700602559314,0.16681432194819737,0.7073186720262095
25752,GOF,0.1126205689212561,0.6412359482841187,0.24614348279462522
25753,LOF,0.03729171764053565,0.344947339312556,0.6177609430469083
25754,GOF,0.01867853046153723,0.7804153092755459,0.20090616026291697
25755,LOF,0.032558198144426787,0.33392710623121435,0.6335146956243588
25756,LOF,0.06467277855861607,0.4085681189990338,0.5267591024423501
25757,GOF,0.016271976736274334,0.865388143226532,0.11833988003719374
25758,GOF,0.02587732859391705,0.7844646663543711,0.18965800505171196
25759,GOF,0.013013551138298258,0.6505131740240467,0.3364732748376551
25760,LOF,0.017410990250098252,0.3916073876409887,0.590981622108913
25761,GOF,0.28474352075852755,0.6156552301339359,0.09960124910753665
25762,LOF,0.05229238498755314,0.3424304691656571,0.6052771458467897
25763,LOF,0.015034658978977497,0.26941031473837385,0.7155550262826487
25764,GOF,0.059219513758862814,0.7123735495733169,0.22840693666782028
25765,GOF,0.03183638579564181,0.7903030047023654,0.17786060950199284
25766,GOF,0.08340325757187779,0.720003293001755,0.19659344942636725
25767,GOF,0.1639014488618674,0.42595125067805134,0.4101473004600813
25768,LOF,0.12326571100341224,0.0345590870715391,0.8421752019250487
25769,LOF,0.05087212626802628,0.06490441861712361,0.8842234551148501
25770,LOF,0.4215230995977288,0.12732879065639954,0.4511481097458716
25771,LOF,0.07345643578192765,0.053824239086390856,0.8727193251316815
25772,LOF,0.018637007741085565,0.054961895312038885,0.9264010969468756
25773,LOF,0.07243634204300492,0.05987924981557028,0.8676844081414248
25774,LOF,0.027991351217449622,0.1267348738311287,0.8452737749514216
25775,LOF,0.08035268345052586,0.04884158577672403,0.87080573077275
25776,LOF,0.07211026437351334,0.0344681387382865,0.8934215968882002
25777,Neutral,0.5325620879413259,0.0790008807387456,0.38843703131992857
25778,LOF,0.0629038028892953,0.0503255319326723,0.8867706651780325
25779,GOF,0.4183219802529261,0.5329565543431174,0.04872146540395647
25780,GOF,0.3666074095970778,0.5413665364982161,0.09202605390470601
25781,GOF,0.10183408748965887,0.7674054800534506,0.1307604324568906
25782,GOF,0.15521842556735407,0.7428987348943951,0.10188283953825074
25783,GOF,0.023117986940908775,0.6755031985551,0.3013788145039911
25784,Neutral,0.5436188993400457,0.4075413978393006,0.04883970282065367
25785,Neutral,0.5187850760449583,0.4078626070030752,0.0733523169519665
25786,GOF,0.027712146851580792,0.6957808291276747,0.27650702402074456
25787,Neutral,0.7086862419732936,0.25067355939643987,0.04064019863026645
25788,LOF,0.059503420616324056,0.08000378885113132,0.8604927905325447
25789,GOF,0.21545969480115548,0.6263008139149217,0.15823949128392276
25790,GOF,0.238761290739925,0.6296919727136456,0.13154673654642934
25791,GOF,0.13791224377351216,0.617124629057053,0.2449631271694348
25792,GOF,0.34393730233686687,0.46970032763252306,0.18636237003061007
25793,GOF,0.2399517716499424,0.4629721772955064,0.29707605105455115
25794,GOF,0.3202917699704711,0.4153147225523349,0.264393507477194
25795,GOF,0.05596474543277328,0.6510637019099625,0.29297155265726416
25796,Neutral,0.5270223511936748,0.3658500346543608,0.1071276141519644
25797,GOF,0.07756183794620634,0.5047993892351303,0.41763877281866324
25798,LOF,0.00968380609584746,0.4805809800100853,0.5097352138940672
25799,LOF,0.008344779739044758,0.4311731865199251,0.5604820337410302
25800,GOF,0.03746264010900578,0.6114895601701772,0.35104779972081707
25801,GOF,0.2419176573512989,0.6241845774585401,0.13389776519016106
25802,GOF,0.06860837296586843,0.5963076698593092,0.3350839571748225
25803,GOF,0.044611310836379925,0.5186848938628884,0.4367037953007318
25804,LOF,0.038944113002542885,0.4489188461922178,0.5121370408052393
25805,GOF,0.0996741660398144,0.5009241214133234,0.3994017125468622
25806,GOF,0.1199665315182578,0.5239051459649923,0.35612832251675
25807,GOF,0.018801275030349132,0.5378253536960844,0.44337337127356646
25808,GOF,0.0915537706305899,0.515675899731453,0.392770329637957
25809,GOF,0.01777324168080117,0.5222450752226405,0.4599816830965582
25810,GOF,0.018891617714096132,0.5226770527132318,0.458431329572672
25811,Neutral,0.47606609218354917,0.4570622394129587,0.06687166840349221
25812,GOF,0.03662265110337862,0.5911611410372944,0.3722162078593269
25813,Neutral,0.5802714847821386,0.2792102894298245,0.1405182257880368
25814,GOF,0.11988834595915518,0.5912224019361643,0.2888892521046805
25815,GOF,0.2679997445678893,0.5366714499193967,0.19532880551271398
25816,GOF,0.018760136545979265,0.6544260172355996,0.32681384621842113
25817,GOF,0.17787340711562538,0.6844342134335973,0.13769237945077728
25818,GOF,0.03610632264620575,0.567440616943946,0.39645306040984823
25819,GOF,0.3371944728057467,0.4472085282311672,0.2155969989630861
25820,GOF,0.1646601373928113,0.571201160164447,0.26413870244274174
25821,GOF,0.056957727745132164,0.6269167220944473,0.31612555016042043
25822,GOF,0.22943363339623654,0.502558715789564,0.26800765081419947
25823,LOF,0.03655996340820319,0.4792630119433187,0.4841770246484782
25824,GOF,0.07601274756004811,0.4850744749112908,0.4389127775286611
25825,GOF,0.030235307994949338,0.4947919664693728,0.47497272553567776
25826,LOF,0.01060076553836433,0.47588644636281285,0.5135127880988228
25827,GOF,0.017721930837380953,0.5177825000117281,0.464495569150891
25828,LOF,0.012959635623973603,0.42765797287498336,0.559382391501043
25829,GOF,0.007270481843325576,0.5192694163679257,0.4734601017887487
25830,LOF,0.04022403828241155,0.26943247859207614,0.6903434831255123
25831,GOF,0.11728129281696492,0.7296330856283205,0.1530856215547145
25832,GOF,0.03236626578186005,0.6468333647522703,0.32080036946586976
25833,GOF,0.10523819858541125,0.642393948861349,0.2523678525532398
25834,GOF,0.03871739424687331,0.6304757810901579,0.33080682466296885
25835,GOF,0.09797928494542228,0.6055233280015662,0.2964973870530115
25836,GOF,0.047238776197144,0.6255477101462542,0.32721351365660184
25837,LOF,0.02526525371771516,0.4821835551971633,0.49255119108512163
25838,GOF,0.09760284446928111,0.662287654420459,0.24010950111025994
25839,GOF,0.26949713164154365,0.5003452912454401,0.2301575771130163
25840,GOF,0.19945233685662106,0.5620387107865209,0.23850895235685807
25841,GOF,0.24015080011166362,0.5383230107555788,0.22152618913275762
25842,GOF,0.15420351169679938,0.5851588495457264,0.2606376387574742
25843,GOF,0.21254827082777622,0.5910342554625455,0.19641747370967824
25844,GOF,0.06303818968575746,0.6378817863694626,0.2990800239447799
25845,LOF,0.013647706765511107,0.47930316120150235,0.5070491320329865
25846,GOF,0.08182627791002979,0.7261560798262653,0.19201764226370502
25847,GOF,0.1066866042320006,0.6728765010816368,0.2204368946863626
25848,GOF,0.03950385435472609,0.63921942525693,0.3212767203883439
25849,GOF,0.011346729054621457,0.5279164103215845,0.460736860623794
25850,GOF,0.02391012008125403,0.6014022300873455,0.3746876498314005
25851,GOF,0.02027425100692149,0.5004768888577682,0.4792488601353105
25852,GOF,0.12079447378993646,0.5565009318231426,0.32270459438692084
25853,GOF,0.30502818896976247,0.5919635351112398,0.10300827591899771
25854,GOF,0.01869615460430284,0.6652289468341899,0.3160748985615073
25855,GOF,0.04207737306700988,0.6132170402544903,0.34470558667849976
25856,GOF,0.23452603539169037,0.5683338175337941,0.1971401470745156
25857,GOF,0.03673065168370699,0.5470784558635401,0.4161908924527529
25858,GOF,0.01993183861336008,0.609478951460362,0.3705892099262779
25859,GOF,0.01001692763517153,0.5874519222834897,0.4025311500813386
25860,GOF,0.31101570642402676,0.5690585626069297,0.11992573096904353
25861,GOF,0.30626820086020456,0.5941873568415248,0.09954444229827066
25862,GOF,0.06729856723648171,0.7656043021231876,0.16709713064033058
25863,GOF,0.07158034627341969,0.7688234865559012,0.15959616717067904
25864,GOF,0.12897286272779393,0.7755944241096453,0.09543271316256094
25865,GOF,0.06515446397975981,0.7975104403296842,0.13733509569055596
25866,GOF,0.0602853089610559,0.8138686661305493,0.12584602490839475
25867,GOF,0.07241749241810229,0.8040455310448126,0.1235369765370851
25868,GOF,0.22639842477941605,0.6454818043001669,0.128119770920417
25869,Neutral,0.6754923722847986,0.2711398376805449,0.05336779003465646
25870,LOF,0.25551834560649567,0.24819905521322735,0.4962825991802769
25871,GOF,0.21007625796967647,0.6108890219146987,0.17903472011562468
25872,GOF,0.08558564270023732,0.598787629720262,0.3156267275795006
25873,GOF,0.14883698781212465,0.5733131417327274,0.27784987045514786
25874,LOF,0.023180945826612995,0.0868706513757025,0.8899484027976846
25875,LOF,0.07019273015438149,0.06510173308836129,0.8647055367572571
25876,LOF,0.026024771283620317,0.07041559163815497,0.9035596370782246
25877,Neutral,0.5343719013057648,0.06327914151442203,0.402348957179813
25878,LOF,0.23254787924288325,0.1181269296779425,0.6493251910791742
25879,LOF,0.1277579724202499,0.1392382909504873,0.7330037366292629
25880,LOF,0.02294510150687168,0.029010482780909116,0.9480444157122192
25881,LOF,0.20879866551190288,0.26627871846354906,0.5249226160245481
25882,LOF,0.07178751909917261,0.025671447249170663,0.9025410336516568
25883,LOF,0.08164064873570435,0.05088801182642054,0.867471339437875
25884,LOF,0.04489037244122082,0.05326980026259837,0.9018398272961808
25885,LOF,0.05486336097445448,0.0317260947738195,0.913410544251726
25886,LOF,0.34854663976777567,0.1205655971392717,0.5308877630929526
25887,LOF,0.1878242602820889,0.1833908612968406,0.6287848784210704
25888,LOF,0.07799925696989608,0.13597585867842266,0.7860248843516813
25889,LOF,0.03987476200911695,0.05873237231663974,0.9013928656742434
25890,LOF,0.05500090135861675,0.134101465529056,0.8108976331123272
25891,LOF,0.06733231658288714,0.06236020422516813,0.8703074791919447
25892,LOF,0.0953291380388963,0.030732982759755494,0.8739378792013481
25893,LOF,0.30108301193648096,0.01934682610124103,0.679570161962278
25894,LOF,0.17800710014674218,0.009140060734255622,0.8128528391190022
25895,LOF,0.22747619455824475,0.02250996120708198,0.7500138442346733
25896,LOF,0.04444818981552163,0.024162180609031803,0.9313896295754466
25897,LOF,0.22089218182207845,0.02077892044870836,0.7583288977292132
25898,Neutral,0.792999282343826,0.01622606977131945,0.1907746478848546
25899,LOF,0.22556574733333853,0.053028767691927145,0.7214054849747344
25900,Neutral,0.5952166896921097,0.017239582334901304,0.387543727972989
25901,LOF,0.04879940988475968,0.013285992826857308,0.9379145972883831
25902,LOF,0.18483704584414481,0.012752088864386344,0.8024108652914689
25903,Neutral,0.5905327562915994,0.03423992709997272,0.3752273166084278
25904,LOF,0.24829809208841547,0.04975967536144775,0.7019422325501369
25905,LOF,0.027654390258388905,0.378152171196469,0.5941934385451422
25906,LOF,0.024096650454959297,0.06808832015536465,0.9078150293896761
25907,LOF,0.011169339243770691,0.40775827342390314,0.5810723873323261
25908,LOF,0.012186381656259106,0.28607726533750355,0.7017363530062374
25909,LOF,0.015652657757012686,0.14618215052163397,0.8381651917213534
25910,LOF,0.028405821467122862,0.32662605787185733,0.6449681206610197
25911,LOF,0.07647298565730262,0.05958152777917038,0.863945486563527
25912,LOF,0.038382502113902706,0.10197254282808861,0.8596449550580086
25913,LOF,0.2503555336495909,0.05303928550914145,0.6966051808412677
25914,LOF,0.02688128102611272,0.1245588710035829,0.8485598479703045
25915,Neutral,0.4132378461717146,0.19330883419737277,0.39345331963091257
25916,LOF,0.050576482144780874,0.26532671304590133,0.6840968048093178
25917,LOF,0.055163851595100066,0.052556414258662754,0.8922797341462372
25918,LOF,0.03530503883690298,0.06979548216212557,0.8948994790009714
25919,LOF,0.03143538156708791,0.07404056658396069,0.8945240518489513
25920,GOF,0.12136091060166589,0.5178899094621878,0.3607491799361463
25921,LOF,0.03414339260047154,0.0273397967542694,0.938516810645259
25922,LOF,0.04998372650002218,0.017632518320629766,0.9323837551793481
25923,LOF,0.38374358981132856,0.01997487341434794,0.5962815367743235
25924,LOF,0.036514614799069874,0.024851315564352827,0.9386340696365773
25925,LOF,0.06745566244388823,0.03520616244429368,0.8973381751118181
25926,LOF,0.05090773706627706,0.01994122504940313,0.9291510378843199
25927,LOF,0.07932524970307094,0.05307327061496133,0.8676014796819678
25928,LOF,0.024515105485053517,0.020489138406449357,0.9549957561084971
25929,Neutral,0.5368031911136908,0.022728935255186253,0.440467873631123
25930,LOF,0.06724047266969391,0.015095028274850876,0.9176644990554551
25931,LOF,0.03147517465840214,0.01606904747502592,0.952455777866572
25932,LOF,0.029176760781253433,0.013888207982291215,0.9569350312364554
25933,LOF,0.03823190095815321,0.009429451275199962,0.9523386477666469
25934,LOF,0.02648284797355022,0.012607675834052767,0.960909476192397
25935,LOF,0.07250188320360286,0.03041045047549713,0.8970876663209001
25936,LOF,0.043335158619011147,0.016584906090434857,0.940079935290554
25937,LOF,0.03492697997051743,0.022869798628972003,0.9422032214005105
25938,LOF,0.06489467908758084,0.03792435197096294,0.8971809689414562
25939,LOF,0.04254668752019494,0.009723067974974891,0.9477302445048301
25940,LOF,0.02257182048722534,0.41714027454124214,0.5602879049715325
25941,LOF,0.14661896769026603,0.11982468044475517,0.7335563518649788
25942,LOF,0.013301125019941485,0.05399487023010604,0.9327040047499525
25943,LOF,0.320765352860986,0.10470971109814571,0.5745249360408683
25944,Neutral,0.4799420396018518,0.05395217686204403,0.46610578353610416
25945,LOF,0.07192160954959982,0.047776700202990185,0.88030169024741
25946,LOF,0.03343887365416742,0.1391360259428551,0.8274251004029775
25947,LOF,0.12798177678791786,0.15516912571605604,0.716849097496026
25948,LOF,0.3914217161846608,0.014418802232218825,0.5941594815831203
25949,LOF,0.1093500594051657,0.05671572132297891,0.8339342192718554
25950,GOF,0.18130653950349812,0.4430954532864706,0.37559800721003134
25951,LOF,0.2545754968092054,0.1574756538896458,0.5879488493011488
25952,LOF,0.05690729755121637,0.38155496595795063,0.561537736490833
25953,LOF,0.15665946698247965,0.11046732863578143,0.732873204381739
25954,LOF,0.3384662520902242,0.22861090142579785,0.432922846483978
25955,LOF,0.07386855443693499,0.09185468183957902,0.834276763723486
25956,LOF,0.20358580839534243,0.05740528459971706,0.7390089070049405
25957,LOF,0.05202970298604314,0.01872343240884709,0.9292468646051096
25958,LOF,0.057460387749222554,0.025623057107563407,0.9169165551432141
25959,LOF,0.08262120640601811,0.343663730294579,0.5737150632994029
25960,LOF,0.023206127888665717,0.05060605634038659,0.9261878157709477
25961,LOF,0.047926009754544585,0.033223708222199194,0.9188502820232562
25962,LOF,0.06794963438898918,0.044263603767894934,0.887786761843116
25963,LOF,0.06630543310044688,0.18556685587484212,0.748127711024711
25964,LOF,0.036576335694020745,0.16482603573632984,0.7985976285696493
25965,Neutral,0.46982639816514676,0.07384894810904183,0.45632465372581127
25966,LOF,0.3553315033245657,0.23634443914200484,0.4083240575334295
25967,LOF,0.015931430590718842,0.07264079346200898,0.9114277759472722
25968,LOF,0.0430645498280261,0.4040952476714747,0.5528402025004993
25969,LOF,0.026232684450691043,0.055918360540737046,0.917848955008572
25970,LOF,0.06546501288486799,0.06445733564387332,0.8700776514712586
25971,LOF,0.0769893587695219,0.0336143475700355,0.8893962936604427
25972,LOF,0.07443224776333962,0.03668425409140106,0.8888834981452594
25973,LOF,0.09855758111252545,0.010270956848823058,0.8911714620386515
25974,LOF,0.3232502991982717,0.01957694954921006,0.6571727512525182
25975,LOF,0.05665109423059036,0.036205831467195665,0.9071430743022141
25976,LOF,0.03901116364564324,0.024349843460965023,0.9366389928933917
25977,LOF,0.13448377707014383,0.1335246959162468,0.7319915270136094
25978,LOF,0.1331504623607643,0.10777037396415565,0.7590791636750801
25979,LOF,0.1322565544547163,0.09377562785098498,0.7739678176942987
25980,LOF,0.15346620193914393,0.1930716876320547,0.6534621104288014
25981,LOF,0.18771676156436237,0.18686319420632064,0.625420044229317
25982,LOF,0.40267685324849084,0.10417045911653276,0.4931526876349763
25983,LOF,0.376829028553206,0.09537300242503732,0.5277979690217567
25984,LOF,0.045085017809467345,0.11549368024700353,0.839421301943529
25985,LOF,0.022838399716299185,0.35540795839818784,0.621753641885513
25986,LOF,0.026936823240265383,0.32918162735859763,0.643881549401137
25987,LOF,0.07799516449837039,0.10844358591666134,0.8135612495849682
25988,LOF,0.10932844904318141,0.09564933579592741,0.7950222151608912
25989,LOF,0.024780332366402973,0.18099590221970202,0.794223765413895
25990,LOF,0.03270471343042003,0.17258944696260278,0.7947058396069772
25991,LOF,0.17389044930550368,0.39906308395978063,0.42704646673471564
25992,LOF,0.3285668426476799,0.25679486835451115,0.4146382889978091
25993,LOF,0.02874141781104504,0.07798918602369578,0.8932693961652591
25994,LOF,0.01819604031183887,0.09890338718194619,0.8829005725062148
25995,LOF,0.030665274562596913,0.11893743320354874,0.8503972922338544
25996,GOF,0.1992906093864265,0.5428477994031576,0.25786159121041585
25997,GOF,0.08548292358297362,0.50064870708132,0.41386836933570637
25998,Neutral,0.6312274322934155,0.030625323458603,0.3381472442479816
25999,LOF,0.1630933973948585,0.08176578743361369,0.7551408151715278
26000,LOF,0.09595891483387142,0.031232674042481704,0.8728084111236468
26001,LOF,0.18723790045590202,0.03796045956093071,0.7748016399831673
26002,LOF,0.1242259651591942,0.03279357313819771,0.8429804617026081
26003,GOF,0.010123829480076733,0.6652078457113235,0.3246683248085998
26004,GOF,0.023544993733038908,0.6813396664741616,0.2951153397927995
26005,GOF,0.011465469180473175,0.5353170472833453,0.45321748353618146
26006,Neutral,0.5164132906118709,0.27275741501520934,0.21082929437291975
26007,GOF,0.01809593912355539,0.5862162685970813,0.3956877922793634
26008,GOF,0.01920321238557103,0.5541165698096322,0.4266802178047967
26009,GOF,0.03285645129205992,0.6542613323918484,0.3128822163160918
26010,GOF,0.020368106572859698,0.7266778539230402,0.25295403950410006
26011,GOF,0.00973057716860946,0.5241081993593084,0.46616122347208216
26012,GOF,0.016728021593231546,0.5733587553762096,0.4099132230305588
26013,GOF,0.0142418794013013,0.6982595312141119,0.2874985893845869
26014,LOF,0.0431164774847851,0.17927293092796281,0.7776105915872521
26015,LOF,0.176674382230056,0.011723901025431327,0.8116017167445128
26016,LOF,0.30478808582915046,0.058955020713958625,0.636256893456891
26017,LOF,0.18952934399978802,0.10479974174440057,0.7056709142558114
26018,LOF,0.09082226559715234,0.03928805993033433,0.8698896744725134
26019,LOF,0.0912415637445548,0.025820524114433373,0.8829379121410119
26020,LOF,0.06491903541576549,0.11832704734997347,0.816753917234261
26021,LOF,0.060802510041149824,0.15824962289591535,0.7809478670629348
26022,LOF,0.010565880240023565,0.07543856427517143,0.913995555484805
26023,LOF,0.11500702613076458,0.024050504035548592,0.8609424698336867
26024,LOF,0.030211086325198998,0.13351998712079693,0.8362689265540041
26025,LOF,0.14868017127865568,0.08364903273443781,0.7676707959869066
26026,LOF,0.3533132375920106,0.012977063752802852,0.6337096986551866
26027,LOF,0.08448299455291916,0.016665347295982836,0.8988516581510981
26028,LOF,0.18472238504484675,0.09401204574425774,0.7212655692108955
26029,LOF,0.10920068103446753,0.15222772661951994,0.7385715923460126
26030,LOF,0.032683880757471535,0.0642099707362979,0.9031061485062306
26031,LOF,0.040667196426810985,0.12393386524668487,0.8353989383265041
26032,LOF,0.08049125337490973,0.054566295749571524,0.8649424508755187
26033,LOF,0.124516257291074,0.06141530857506398,0.8140684341338621
26034,LOF,0.0669313379054334,0.1245791955381411,0.8084894665564255
26035,LOF,0.040717031570111174,0.10793905027126184,0.851343918158627
26036,LOF,0.06140510229840941,0.1304562985514922,0.8081385991500983
26037,LOF,0.03465598889599518,0.10187535762243892,0.8634686534815659
26038,LOF,0.07639100398520726,0.04831762608719846,0.8752913699275943
26039,LOF,0.08945527131962404,0.11254853682062045,0.7979961918597556
26040,LOF,0.2189004805263166,0.08773310569941205,0.6933664137742713
26041,LOF,0.03352631061801245,0.09610644689041467,0.8703672424915729
26042,LOF,0.03316192882801023,0.10052630439301623,0.8663117667789735
26043,LOF,0.07399432984104978,0.0643149207777558,0.8616907493811944
26044,LOF,0.0327226479577856,0.06952810536282698,0.8977492466793874
26045,LOF,0.11223281442935884,0.08752213954462888,0.8002450460260123
26046,LOF,0.07824184096262539,0.06828880846180528,0.8534693505755694
26047,LOF,0.114605845321002,0.08233363319419548,0.8030605214848026
26048,LOF,0.056108117240135834,0.06300479849917368,0.8808870842606906
26049,Neutral,0.947710756719288,0.00999425736922069,0.04229498591149144
26050,Neutral,0.924988320708607,0.010836381802933927,0.06417529748845889
26051,LOF,0.06813449098047566,0.3647619217813873,0.567103587238137
26052,LOF,0.06507786739378522,0.4367784724400674,0.4981436601661472
26053,LOF,0.050093502838578816,0.36531045200991896,0.5845960451515022
26054,LOF,0.05645053186053141,0.0644389144260939,0.8791105537133747
26055,LOF,0.07163442381287359,0.05256087346067062,0.8758047027264557
26056,LOF,0.05909236398265483,0.062445564135553196,0.8784620718817919
26057,LOF,0.02920293971172367,0.02628518738191995,0.9445118729063564
26058,LOF,0.0294642613756199,0.023529114502715904,0.9470066241216641
26059,LOF,0.3359400579801113,0.07942512425311257,0.5846348177667762
26060,LOF,0.026508542319910993,0.360491913062947,0.612999544617142
26061,LOF,0.017913918407550453,0.04495576151994153,0.937130320072508
26062,LOF,0.013101214188277952,0.04887534392893693,0.9380234418827852
26063,LOF,0.023389344485736624,0.02593604748946143,0.950674608024802
26064,LOF,0.024275170806056113,0.032193208157384794,0.9435316210365592
26065,LOF,0.0263963838615872,0.027262970923888925,0.9463406452145239
26066,LOF,0.02096268384939216,0.03108045364562574,0.9479568625049821
26067,LOF,0.02417358297163686,0.021791818912642227,0.9540345981157209
26068,LOF,0.052682192132839596,0.06532291306553147,0.881994894801629
26069,LOF,0.4208485794334721,0.04943346640154374,0.5297179541649842
26070,Neutral,0.6467546915285539,0.024197797045805765,0.32904751142564026
26071,LOF,0.02261308523556933,0.030852801755203052,0.9465341130092276
26072,LOF,0.024022684015782992,0.055875933742643394,0.9201013822415736
26073,LOF,0.025446402071424207,0.027470549285479744,0.947083048643096
26074,Neutral,0.8761525175257654,0.01165043871088037,0.11219704376335418
26075,LOF,0.043844627014061374,0.0398418130042758,0.9163135599816629
26076,LOF,0.04321871878402694,0.01964731705089377,0.9371339641650793
26077,LOF,0.010041283365778728,0.049909221565785256,0.940049495068436
26078,LOF,0.014020913193613364,0.03482151209696588,0.9511575747094208
26079,LOF,0.05416396712643426,0.039261468079707415,0.9065745647938583
26080,LOF,0.05416396712643426,0.039261468079707415,0.9065745647938583
26081,LOF,0.03349522019657584,0.01585598225627944,0.9506487975471447
26082,LOF,0.020611443315373287,0.04070317790145985,0.9386853787831669
26083,LOF,0.1396038232303541,0.02938935249793131,0.8310068242717146
26084,LOF,0.027121766328806758,0.03289224906706802,0.9399859846041253
26085,LOF,0.023063158321677584,0.029872768120516424,0.947064073557806
26086,LOF,0.02270121829204413,0.03081064614137383,0.946488135566582
26087,LOF,0.025522961230430588,0.02338249025001139,0.951094548519558
26088,LOF,0.024417764194559943,0.05063165439529642,0.9249505814101436
26089,LOF,0.04522431938826335,0.05460993185400007,0.9001657487577366
26090,LOF,0.04325732428243233,0.044304085761137195,0.9124385899564305
26091,LOF,0.03855524115605531,0.016132708320790754,0.9453120505231539
26092,LOF,0.027122199457087746,0.02142919246377873,0.9514486080791336
26093,LOF,0.04087017957314317,0.015495072703387297,0.9436347477234694
26094,LOF,0.04489143519988998,0.0135684606264435,0.9415401041736666
26095,LOF,0.03984236037599154,0.041565961509152524,0.9185916781148559
26096,LOF,0.01809249274258184,0.030877213412517073,0.951030293844901
26097,LOF,0.01123655685352295,0.10030573318008998,0.8884577099663872
26098,LOF,0.05817402902063128,0.045050360280949366,0.8967756106984194
26099,LOF,0.024413492655153985,0.04051357308585501,0.935072934258991
26100,LOF,0.02546908762535793,0.03720047908200357,0.9373304332926385
26101,LOF,0.05982128740957003,0.03354600905805792,0.9066327035323721
26102,LOF,0.02715162611816142,0.029775060198857187,0.9430733136829814
26103,Neutral,0.8760231427396358,0.04833018725628465,0.07564667000407953
26104,LOF,0.05225308425801254,0.0790662335403594,0.8686806822016281
26105,LOF,0.20544311847203522,0.2551731804568581,0.5393837010711067
26106,LOF,0.1461654195184034,0.15034717075689552,0.7034874097247011
26107,LOF,0.24421366659529153,0.15092475278204723,0.6048615806226613
26108,LOF,0.1858639511754526,0.19255263065550876,0.6215834181690387
26109,LOF,0.057032665371040875,0.17259439132997087,0.7703729432989883
26110,LOF,0.2818195674323775,0.016966897414772187,0.7012135351528503
26111,LOF,0.4718076583096544,0.030732736415826044,0.4974596052745195
26112,LOF,0.03994397464163688,0.01939187521688889,0.9406641501414742
26113,LOF,0.05940061833865967,0.036898348162897616,0.9037010334984427
26114,LOF,0.023068261931763152,0.028360202344518033,0.9485715357237189
26115,LOF,0.10530813294013866,0.04423933042355695,0.8504525366363043
26116,LOF,0.055170694357495574,0.06668980638280037,0.8781394992597039
26117,LOF,0.3075536847731953,0.08214812101630674,0.610298194210498
26118,LOF,0.03729883261989656,0.04318820842519254,0.9195129589549109
26119,LOF,0.021952577920893505,0.06209220341616733,0.915955218662939
26120,LOF,0.02868408952075248,0.03258167161033809,0.9387342388689095
26121,LOF,0.0550429602432979,0.10178136757702297,0.8431756721796791
26122,LOF,0.06159661632446026,0.05236141832597827,0.8860419653495615
26123,LOF,0.03490743646902573,0.11282153243864487,0.8522710310923294
