feature0,prediction,LoGoFunc_Neutral,LoGoFunc_GOF,LoGoFunc_LOF
25546,Neutral,0.5962441520170197,0.1642454212949015,0.23951042668807873
25547,Neutral,0.48620483344666576,0.23478888711585652,0.27900627943747774
25548,Neutral,0.391031357164931,0.24942873419023182,0.35953990864483726
25549,LOF,0.35740090550470227,0.25341553033143266,0.389183564163865
25550,LOF,0.306533597240036,0.27153393948892873,0.42193246327103534
25551,LOF,0.22404891674270858,0.27007822007190474,0.5058728631853867
25552,LOF,0.2138506682787469,0.2825906915875784,0.5035586401336748
25553,Neutral,0.7519157848270823,0.12642837408922525,0.12165584108369228
25554,LOF,0.2529567400507253,0.2329862817021292,0.5140569782471454
25555,LOF,0.19427913581084322,0.23764079033011695,0.5680800738590398
25556,LOF,0.35686941784744286,0.22020532230872125,0.42292525984383583
25557,LOF,0.20567812164915056,0.2317602757370658,0.5625616026137835
25558,LOF,0.2530611172757573,0.2674118116111572,0.4795270711130855
25559,LOF,0.269178032687938,0.051134330420929255,0.6796876368911328
25560,LOF,0.06702993137094514,0.2125991712508428,0.720370897378212
25561,LOF,0.055580340667526235,0.35524327811821377,0.58917638121426
25562,LOF,0.04339493914009981,0.1338750357571882,0.822730025102712
25563,LOF,0.008330166308735605,0.256289857868763,0.7353799758225014
25564,LOF,0.0684910805980864,0.07795633655639793,0.8535525828455157
25565,LOF,0.21054382588760107,0.11327892307350208,0.6761772510388969
25566,GOF,0.07794450766986277,0.6693743306972091,0.25268116163292814
25567,LOF,0.032858322630841624,0.059418541949739646,0.9077231354194188
25568,LOF,0.048571164209241555,0.0630705370976713,0.8883582986930871
25569,LOF,0.06106975837583365,0.06239131922791945,0.8765389223962469
25570,LOF,0.023986097642296204,0.08245697346466187,0.8935569288930418
25571,LOF,0.02371120619628258,0.07743818222825612,0.8988506115754613
25572,LOF,0.03478663047587064,0.07529872200248204,0.8899146475216473
25573,LOF,0.06449774579964249,0.11253075335227057,0.8229715008480869
25574,LOF,0.09315394131190093,0.23605658963380508,0.6707894690542939
25575,LOF,0.023884977519039653,0.08573669877895986,0.8903783237020005
25576,LOF,0.017741560650033135,0.12523569723220326,0.8570227421177636
25577,LOF,0.02074512990959713,0.08494145685851846,0.8943134132318844
25578,LOF,0.29823476826437123,0.07895772786135369,0.6228075038742751
25579,LOF,0.2963019147239443,0.07567832255897888,0.6280197627170767
25580,LOF,0.027854072969832354,0.06778534387562732,0.9043605831545403
25581,LOF,0.03747471540655149,0.1104194493377936,0.8521058352556549
25582,LOF,0.03747471540655149,0.1104194493377936,0.8521058352556549
25583,LOF,0.02978477229733042,0.07433604568668291,0.8958791820159867
25584,Neutral,0.8089877376572399,0.03740926721034683,0.15360299513241338
25585,LOF,0.0224083691003304,0.08744059743442921,0.8901510334652404
25586,LOF,0.024787425735785892,0.076241149350572,0.8989714249136421
25587,LOF,0.025487230633163337,0.08004672563244494,0.8944660437343918
25588,LOF,0.03079329890692029,0.05498079477420927,0.9142259063188705
25589,Neutral,0.6474885361029644,0.14547554913428054,0.207035914762755
25590,LOF,0.0598871281840651,0.08449828696120422,0.8556145848547307
25591,LOF,0.12728061806313298,0.045470978550725155,0.8272484033861418
25592,LOF,0.10226148742867076,0.14920314571669907,0.7485353668546303
25593,LOF,0.13248724500119893,0.35193085011773567,0.5155819048810654
25594,LOF,0.03768426351448677,0.0758836511809,0.8864320853046131
25595,LOF,0.05236208303791909,0.050883872945755276,0.8967540440163256
25596,LOF,0.125285728804811,0.021513209466582067,0.8532010617286069
25597,LOF,0.09249206970371819,0.010289604509097957,0.8972183257871839
25598,LOF,0.05256329680162711,0.05730625732977292,0.8901304458686
25599,GOF,0.030662261882960524,0.5912960313790158,0.3780417067380236
25600,GOF,0.22787180182965355,0.44972803666324185,0.3224001615071046
25601,LOF,0.06633418002360901,0.30564497490323256,0.6280208450731585
25602,LOF,0.042027512697653216,0.05080442420655764,0.9071680630957891
25603,LOF,0.06612339043708361,0.030531186211144826,0.9033454233517716
25604,LOF,0.06239616286475654,0.110663146819518,0.8269406903157255
25605,LOF,0.08585816130584535,0.13282233979870064,0.781319498895454
25606,Neutral,0.5705736462047905,0.13858739817463023,0.29083895562057926
25607,LOF,0.0421870516977704,0.1426740334559423,0.8151389148462872
25608,LOF,0.05717967203457109,0.12093292668114192,0.8218874012842871
25609,GOF,0.14589651543714854,0.6317974432370775,0.2223060413257738
25610,LOF,0.014058607114506079,0.12667337614068824,0.8592680167448056
25611,LOF,0.013371577260303464,0.1260658862963978,0.8605625364432987
25612,LOF,0.057878663499107134,0.09789415584779707,0.8442271806530958
25613,LOF,0.04660484607736729,0.10230123649109599,0.8510939174315366
25614,LOF,0.021596087596544244,0.14589052282983495,0.8325133895736209
25615,LOF,0.03776906580069168,0.11177912542774929,0.850451808771559
25616,LOF,0.05064916662334835,0.12410894433440568,0.825241889042246
25617,LOF,0.05027797772359506,0.13657056231851522,0.8131514599578898
25618,GOF,0.04837308862218113,0.5267103502577899,0.42491656112002896
25619,LOF,0.012014448152862596,0.2865383612904431,0.7014471905566944
25620,LOF,0.04627532487301957,0.12185138393620394,0.8318732911907765
25621,LOF,0.0819982240060482,0.11047028673258605,0.8075314892613659
25622,LOF,0.07920911037347922,0.11586106772314991,0.8049298219033709
25623,LOF,0.06457337386136706,0.08258125069945099,0.8528453754391819
25624,LOF,0.021542394190942397,0.17682156151431022,0.8016360442947474
25625,LOF,0.054855347910233686,0.08294964498981207,0.8621950070999543
25626,LOF,0.03310945074426234,0.09723648182491408,0.8696540674308237
25627,Neutral,0.8660444644022212,0.04621090783065653,0.08774462776712233
25628,LOF,0.18509963057144266,0.10673324705570315,0.7081671223728542
25629,LOF,0.05742185943804937,0.09583790662579125,0.8467402339361593
25630,LOF,0.24614284172896259,0.09416628499883103,0.6596908732722063
25631,LOF,0.450360887262921,0.06294212885869943,0.48669698387837956
25632,LOF,0.023589570940473262,0.05033763549193282,0.926072793567594
25633,LOF,0.28963108847739105,0.024095959839197552,0.6862729516834114
25634,LOF,0.053107318812686745,0.034757764217127785,0.9121349169701854
25635,LOF,0.03691239517467137,0.022362066002212404,0.9407255388231162
25636,GOF,0.027381225211182674,0.6553265328976927,0.31729224189112465
25637,GOF,0.02887252586499117,0.555085723802639,0.4160417503323698
25638,GOF,0.015579488663145864,0.6303489389152606,0.3540715724215936
25639,LOF,0.018867318985207635,0.46283237705042457,0.5183003039643678
25640,Neutral,0.8653896559980312,0.09645578989678903,0.038154554105179685
25641,LOF,0.13771611621375152,0.3312255553920649,0.5310583283941835
25642,LOF,0.14598966377494602,0.20940510921304226,0.6446052270120117
25643,LOF,0.350458953883704,0.28421600627782595,0.36532503983847
25644,LOF,0.008392018619641856,0.41462563132454905,0.5769823500558092
25645,LOF,0.012195145877518358,0.3883353926924715,0.5994694614300101
25646,LOF,0.016866791169619456,0.25295736829829024,0.7301758405320904
25647,LOF,0.01080876506464594,0.17676565253144977,0.8124255824039043
25648,LOF,0.014640956664946447,0.23203289588859252,0.7533261474464611
25649,LOF,0.008939844017386586,0.11951882158314392,0.8715413343994695
25650,LOF,0.03178177707588409,0.37327983990414626,0.5949383830199696
25651,LOF,0.010593525524219058,0.19679135739453826,0.7926151170812425
25652,LOF,0.007373308049123087,0.3494304603450036,0.6431962316058734
25653,LOF,0.024405948830421003,0.3969461193058175,0.5786479318637615
25654,LOF,0.006971959763900794,0.31977713219952114,0.673250908036578
25655,GOF,0.07049468209349553,0.5471280852850351,0.3823772326214693
25656,LOF,0.21855732844064382,0.28372206094558705,0.497720610613769
25657,LOF,0.030838083935869686,0.44020874953793376,0.5289531665261966
25658,LOF,0.18001621610294558,0.37994925564383103,0.4400345282532233
25659,GOF,0.2249841708471448,0.452769659416934,0.32224616973592124
25660,LOF,0.015200716172003961,0.3271994596476054,0.6575998241803906
25661,LOF,0.04634932065393219,0.2378013725316429,0.7158493068144249
25662,LOF,0.021229152326881228,0.13558778969874816,0.8431830579743705
25663,LOF,0.020068120332652418,0.11551570263316198,0.8644161770341856
25664,LOF,0.05787370785442928,0.21801118664196587,0.7241151055036048
25665,LOF,0.033386305794052315,0.11405132133326847,0.8525623728726792
25666,LOF,0.052414754182868534,0.1777424503816855,0.769842795435446
25667,LOF,0.048734497230449286,0.1688299773876707,0.78243552538188
25668,LOF,0.018512611995293953,0.18648889280133096,0.7949984952033752
25669,LOF,0.0173646083455198,0.18935690064882144,0.7932784910056587
25670,LOF,0.08299843343881205,0.1705408833035601,0.7464606832576278
25671,LOF,0.07714973731505133,0.10262236013870174,0.8202279025462469
25672,LOF,0.025530470061066922,0.19109716115814804,0.7833723687807851
25673,LOF,0.06242582270174874,0.16808793253741802,0.7694862447608333
25674,LOF,0.05238285874652778,0.20797571332627723,0.739641427927195
25675,LOF,0.041462125633248054,0.22907129757643724,0.7294665767903148
25676,LOF,0.01541374018147752,0.16387903711854118,0.8207072226999813
25677,LOF,0.013994375631060426,0.24618904438739778,0.7398165799815418
25678,LOF,0.14213753980449667,0.17089841523029295,0.6869640449652104
25679,LOF,0.09654579308454672,0.14210146303653115,0.761352743878922
25680,LOF,0.015057823851984335,0.30550998125384937,0.6794321948941663
25681,LOF,0.024938548210378043,0.27771262709300193,0.69734882469662
25682,LOF,0.05646034571718051,0.16530016736238456,0.778239486920435
25683,LOF,0.06240250285528179,0.1401744757465833,0.7974230213981348
25684,LOF,0.02043833977187368,0.17272858149485792,0.8068330787332685
25685,LOF,0.07803012537673856,0.1901705623045055,0.731799312318756
25686,LOF,0.044358569714224534,0.2865061932431161,0.6691352370426594
25687,LOF,0.06337619871786632,0.3295770834018457,0.607046717880288
25688,LOF,0.4194322940511919,0.04774073370917567,0.5328269722396325
25689,LOF,0.2146412021420414,0.04958410719234021,0.7357746906656184
25690,LOF,0.32529048146677686,0.04418462423761154,0.6305248942956116
25691,Neutral,0.7155710311440435,0.043987381417137504,0.24044158743881908
25692,LOF,0.38235935592434483,0.017929086419255814,0.5997115576563994
25693,GOF,0.07384636388210003,0.489177407661069,0.43697622845683104
25694,LOF,0.09670097888197458,0.02453947046884882,0.8787595506491767
25695,LOF,0.09215726130947922,0.015497400549244656,0.8923453381412761
25696,LOF,0.0901362787625514,0.028552422274702192,0.8813112989627465
25697,LOF,0.05115962035219704,0.2053238992216524,0.7435164804261506
25698,LOF,0.2806394347841472,0.18510375315315097,0.5342568120627018
25699,LOF,0.36477703588321914,0.24333022816341174,0.3918927359533692
25700,LOF,0.07203591618580685,0.034052583280719036,0.8939115005334742
25701,LOF,0.20425951170125622,0.13569419707016062,0.6600462912285832
25702,GOF,0.10576898370827308,0.7885531567660855,0.10567785952564153
25703,LOF,0.01195164067200677,0.37210858810075464,0.6159397712272386
25704,LOF,0.01755680059615463,0.2991387831898456,0.6833044162139998
25705,LOF,0.02302404328902575,0.19381836354659804,0.7831575931643762
25706,GOF,0.12763025695386437,0.4505520724287818,0.42181767061735365
25707,LOF,0.07698401758849573,0.45940677623645837,0.4636092061750459
25708,GOF,0.0337087180191983,0.5376594932946029,0.4286317886861988
25709,LOF,0.06053047358288414,0.12667508282311973,0.812794443593996
25710,LOF,0.013298876054269704,0.1761866695122862,0.810514454433444
25711,LOF,0.01744355206200116,0.17998856940700728,0.8025678785309915
25712,LOF,0.012625442061372703,0.20540603670770297,0.7819685212309243
25713,LOF,0.018975266977756807,0.1810004517014216,0.8000242813208217
25714,LOF,0.0619471065597066,0.1880340389181536,0.7500188545221399
25715,LOF,0.012398369841170228,0.2426758962897258,0.744925733869104
25716,LOF,0.011079506541125933,0.16874747469698975,0.8201730187618842
25717,LOF,0.01446334408406779,0.10615130105691734,0.8793853548590149
25718,LOF,0.012370253990154532,0.1269116706042894,0.860718075405556
25719,LOF,0.01898222991999173,0.1975239603963073,0.7834938096837009
25720,LOF,0.0243607306514733,0.10695913447377456,0.868680134874752
25721,LOF,0.01202394124545932,0.2195039804169948,0.7684720783375459
25722,LOF,0.013317659538988598,0.21819973793867595,0.7684826025223355
25723,LOF,0.022110749213958922,0.16291047935217343,0.8149787714338675
25724,LOF,0.0460757537372549,0.3402416024584866,0.6136826438042584
25725,LOF,0.01207376740122702,0.21303537707363715,0.7748908555251358
25726,LOF,0.012695205826023301,0.21943580101028728,0.7678689931636894
25727,LOF,0.015165337625342456,0.20311853470992194,0.7817161276647356
25728,LOF,0.011962186869945756,0.2395854346795262,0.748452378450528
25729,LOF,0.012482800619032173,0.24808589656042,0.7394313028205478
25730,LOF,0.013285899920204932,0.24459990211230323,0.7421141979674919
25731,LOF,0.010262189812676507,0.16095038932361014,0.8287874208637134
25732,LOF,0.012949411880606885,0.10059849228752668,0.8864520958318665
25733,LOF,0.012063798872149483,0.11961081719419679,0.8683253839336538
25734,LOF,0.0116056914813542,0.20191359496580907,0.7864807135528368
25735,LOF,0.012434449458872449,0.13037841479756726,0.8571871357435603
25736,LOF,0.011628608483142632,0.14612176121865866,0.8422496302981987
25737,LOF,0.013037032668365516,0.19688450924872533,0.7900784580829091
25738,LOF,0.0135057768476507,0.223336211720992,0.7631580114313573
25739,LOF,0.018697460519430407,0.17946849477015314,0.8018340447104164
25740,LOF,0.03309901174520406,0.20426266855461367,0.7626383197001823
25741,LOF,0.01677088332634341,0.22623554550875363,0.756993571164903
25742,LOF,0.08730076374423827,0.1375354325850756,0.775163803670686
25743,LOF,0.0234324313168025,0.06622509433819478,0.9103424743450026
25744,Neutral,0.518153099696033,0.2858225034875803,0.19602439681638667
25745,LOF,0.030503214539162306,0.1767698885541031,0.7927268969067346
25746,LOF,0.01941328077989946,0.23092377521637866,0.7496629440037219
25747,LOF,0.01355379832824662,0.16938088932368478,0.8170653123480686
25748,LOF,0.07254347893629573,0.25843957568325565,0.6690169453804486
25749,LOF,0.013682402782590966,0.243277982473675,0.743039614743734
25750,LOF,0.027062481693547465,0.2337821913110423,0.7391553269954103
25751,LOF,0.08708296041635562,0.27788084069714974,0.6350361988864945
25752,GOF,0.07076048969625176,0.7215671339890938,0.20767237631465446
25753,LOF,0.01768030513206426,0.4037667398291084,0.5785529550388273
25754,GOF,0.017716737693413642,0.7464193717847706,0.2358638905218157
25755,LOF,0.02280000124454997,0.33535049209824946,0.6418495066572006
25756,GOF,0.03046490857310519,0.5723921833508335,0.3971429080760613
25757,GOF,0.016132142513695193,0.838920380636367,0.14494747684993783
25758,GOF,0.022276913523997223,0.823207259938831,0.1545158265371718
25759,GOF,0.01507916288024306,0.7196737421082686,0.26524709501148824
25760,LOF,0.017173000004647374,0.4300651797942624,0.5527618202010903
25761,GOF,0.20652371451713122,0.726239345685543,0.06723693979732566
25762,GOF,0.0369863175418087,0.4942462634584431,0.4687674189997482
25763,LOF,0.010277585516817626,0.33540237831213326,0.6543200361710491
25764,GOF,0.05716567295749734,0.806204284827057,0.13663004221544567
25765,GOF,0.030459024350194326,0.7930895377174914,0.1764514379323143
25766,GOF,0.06646163945128535,0.8332963782507943,0.10024198229792043
25767,GOF,0.08181954331608794,0.7730523706099233,0.14512808607398897
25768,LOF,0.07008051843527255,0.10792960862343022,0.8219898729412973
25769,LOF,0.056730035945569426,0.04877908091790229,0.8944908831365282
25770,LOF,0.41451998797677814,0.061576921396379776,0.5239030906268421
25771,LOF,0.0639624378373983,0.03412005602641429,0.9019175061361875
25772,LOF,0.01824158741028229,0.04185275043764399,0.9399056621520738
25773,LOF,0.06572133745309214,0.023423925590770535,0.9108547369561374
25774,LOF,0.03416965553867218,0.0814774418686785,0.8843529025926493
25775,LOF,0.0844334956868106,0.021801248775585157,0.8937652555376042
25776,LOF,0.07309950737058321,0.02402595709461255,0.9028745355348042
25777,LOF,0.4374502895387084,0.029351821918963246,0.5331978885423283
25778,LOF,0.06051259546665625,0.038753405432489375,0.9007339991008544
25779,Neutral,0.5129610038625183,0.34967719447688644,0.13736180166059528
25780,Neutral,0.4764254548112843,0.35129274788744846,0.17228179730126725
25781,GOF,0.1784430704796619,0.5786798035343957,0.2428771259859423
25782,GOF,0.2725769458536492,0.46520361026363616,0.2622194438827145
25783,GOF,0.02986768783372804,0.5713260434820807,0.3988062686841912
25784,Neutral,0.7104585089462027,0.17604777233005534,0.11349371872374198
25785,Neutral,0.700869716852746,0.0909142315384783,0.20821605160877574
25786,GOF,0.03029394184176038,0.51104866250333,0.4586573956549096
25787,Neutral,0.8343917727541608,0.053398858390714087,0.11220936885512518
25788,LOF,0.07525682390693228,0.026778262143316134,0.8979649139497515
25789,GOF,0.28972786335812256,0.3587191602600843,0.35155297638179306
25790,LOF,0.2804274408998294,0.33648639199469815,0.3830861671054725
25791,LOF,0.19562809644347962,0.30429023082139095,0.5000816727351294
25792,Neutral,0.45504071889783954,0.19037410436987512,0.35458517673228523
25793,LOF,0.28713416945017384,0.2510969224300855,0.46176890811974075
25794,Neutral,0.39210654478020873,0.2479759331491925,0.35991752207059874
25795,GOF,0.09461966692840121,0.5092911949728021,0.39608913809879664
25796,Neutral,0.609254596443082,0.15940864651454076,0.2313367570423772
25797,LOF,0.12079634853312304,0.3019706369788035,0.5772330144880734
25798,LOF,0.01659572729658729,0.3403572656418249,0.6430470070615878
25799,LOF,0.01483038669172137,0.32492026445493494,0.6602493488533437
25800,LOF,0.05279831204286232,0.4359723122691899,0.5112293756879478
25801,GOF,0.3208738007341657,0.41820016901854073,0.26092603024729355
25802,LOF,0.07681793300994262,0.44657216657733084,0.4766099004127264
25803,LOF,0.05838176477814054,0.3918038047607846,0.5498144304610749
25804,LOF,0.04300489470950661,0.4115555861508849,0.5454395191396085
25805,LOF,0.11211186082286122,0.4264325433548749,0.46145559582226403
25806,LOF,0.14602970045317748,0.38534510168079544,0.4686251978660271
25807,LOF,0.02617562102836901,0.42346187162829085,0.5503625073433401
25808,LOF,0.1091784481272042,0.3502513331583058,0.54057021871449
25809,LOF,0.021772010276863495,0.3407148100530622,0.6375131796700743
25810,LOF,0.02534104740166524,0.35890997032912825,0.6157489822692065
25811,Neutral,0.6468829380085298,0.1871052749698674,0.1660117870216029
25812,LOF,0.047860336707014735,0.3188807744881249,0.6332588888048605
25813,Neutral,0.6659084908215015,0.06196417773467658,0.2721273314438219
25814,LOF,0.22147704246113328,0.26344348665509576,0.5150794708837709
25815,Neutral,0.3917025163071087,0.23306137174324415,0.3752361119496472
25816,LOF,0.02326726218911887,0.3274375579564657,0.6492951798544155
25817,GOF,0.3066469448729088,0.3619685899470776,0.33138446518001363
25818,LOF,0.04457040465825017,0.34809691975274215,0.6073326755890077
25819,Neutral,0.4397283659550896,0.26311684189544327,0.29715479214946705
25820,LOF,0.2388282229484211,0.35298477306848014,0.4081870039830988
25821,GOF,0.0793121653609514,0.4615003438859752,0.45918749075307336
25822,LOF,0.28732646422202435,0.31963875872936254,0.39303477704861306
25823,LOF,0.04767127130744891,0.45210067916494595,0.5002280495276051
25824,LOF,0.11231212007550614,0.32388058524804975,0.5638072946764442
25825,LOF,0.04424345211855919,0.3559524751205799,0.5998040727608609
25826,LOF,0.014492395873110004,0.3833975059608591,0.6021100981660309
25827,LOF,0.026748858357964162,0.45693936276365205,0.5163117788783838
25828,LOF,0.018549499479114658,0.37679356752514065,0.6046569329957447
25829,LOF,0.01093437991465004,0.40535100389520473,0.5837146161901452
25830,LOF,0.046138610474985374,0.05374181811437702,0.9001195714106376
25831,GOF,0.22184258659883835,0.4923790844631716,0.28577832893799
25832,GOF,0.04059574148205662,0.5058856047292596,0.4535186537886838
25833,GOF,0.13896210105464019,0.49698687176251377,0.3640510271828462
25834,GOF,0.04979349810468141,0.49336739683668124,0.45683910505863734
25835,GOF,0.14751403456592657,0.43225634713887023,0.42022961829520317
25836,LOF,0.06718295608357543,0.45505857522371734,0.47775846869270727
25837,LOF,0.035061874866020595,0.41086433402489686,0.5540737911090825
25838,GOF,0.122822682684278,0.4785353874918425,0.3986419298238795
25839,Neutral,0.41681814610084944,0.2748621267216362,0.3083197271775145
25840,LOF,0.3111122481097957,0.3414359705364492,0.3474517813537551
25841,LOF,0.331017682022817,0.30841842986290574,0.36056388811427736
25842,LOF,0.2531453869777588,0.3410200285922963,0.4058345844299449
25843,GOF,0.28091915690674635,0.4255458281078268,0.2935350149854268
25844,LOF,0.10938403049690977,0.32452797982435627,0.566087989678734
25845,LOF,0.02226002583432168,0.39046611795645986,0.5872738562092186
25846,GOF,0.15752489440977616,0.449028577781179,0.3934465278090449
25847,GOF,0.17597563632139962,0.4377884283009516,0.3862359353776489
25848,LOF,0.050493984335794696,0.3588699364424132,0.5906360792217921
25849,LOF,0.01476139757566521,0.35567417032445714,0.6295644320998776
25850,LOF,0.033124751444428065,0.44726224238641976,0.5196130061691522
25851,LOF,0.02616027464211517,0.41419394484341965,0.5596457805144652
25852,LOF,0.16433265076433637,0.35534695534669636,0.4803203938889673
25853,Neutral,0.3979035441809784,0.31254435142758935,0.2895521043914324
25854,LOF,0.02858681936024413,0.467043483069939,0.5043696975698169
25855,LOF,0.05374792272472387,0.28546970946079114,0.660782367814485
25856,LOF,0.2667452127761611,0.31121275583114544,0.42204203139269353
25857,LOF,0.044063859232942953,0.3189968496486813,0.6369392911183758
25858,LOF,0.02435208335393509,0.4432546096019522,0.5323933070441127
25859,LOF,0.013025301170709302,0.44832360842608865,0.538651090403202
25860,Neutral,0.39747106072330707,0.26369126717816527,0.3388376720985277
25861,GOF,0.395417879567743,0.4299297225947609,0.1746523978374961
25862,GOF,0.08438071436956927,0.4922765966723254,0.42334268895810534
25863,GOF,0.09297377149109509,0.5169210839393874,0.39010514456951756
25864,GOF,0.22127320342450554,0.4904384524751149,0.2882883441003795
25865,GOF,0.10637225892088764,0.5619818310473551,0.3316459100317573
25866,GOF,0.0813289767093109,0.572685848602699,0.3459851746879901
25867,GOF,0.10647738720865639,0.6179777212307125,0.27554489156063117
25868,LOF,0.2462380719532062,0.34980332283328736,0.4039586052135064
25869,Neutral,0.7718540264403766,0.11345255535695017,0.11469341820267319
25870,LOF,0.3028372854350412,0.024995266681434893,0.6721674478835238
25871,LOF,0.1684731089591834,0.3682109728463878,0.4633159181944288
25872,LOF,0.10064316516931945,0.307757867136751,0.5915989676939295
25873,LOF,0.17556368744632672,0.33407521111401284,0.49036110143966055
25874,LOF,0.031021016986848206,0.03328654012697882,0.9356924428861729
25875,LOF,0.05267411295325549,0.18080331328787025,0.7665225737588742
25876,LOF,0.027112600280577777,0.060023725023874,0.9128636746955482
25877,LOF,0.3921632940826931,0.15287956734352678,0.45495713857378023
25878,LOF,0.1463896203445787,0.2672492686314194,0.5863611110240019
25879,LOF,0.07034587208336962,0.29568342446386586,0.6339707034527645
25880,LOF,0.02411973711717006,0.023884140067234518,0.9519961228155955
25881,LOF,0.3799491922315746,0.1335620726477419,0.4864887351206836
25882,LOF,0.09094599363053349,0.01564306534849221,0.8934109410209744
25883,LOF,0.1045591904805877,0.02431410049471745,0.8711267090246949
25884,LOF,0.05915732283973394,0.044761487173062435,0.8960811899872035
25885,LOF,0.08390605749435835,0.025655535274055896,0.8904384072315857
25886,LOF,0.24684338677821352,0.05926331623908515,0.6938932969827013
25887,LOF,0.3392113000300565,0.10367862845923838,0.5571100715107051
25888,LOF,0.1470973563144584,0.05838610439754751,0.7945165392879942
25889,LOF,0.0633902052783302,0.04093958257488593,0.8956702121467839
25890,LOF,0.06651208922598127,0.11828172480905615,0.8152061859649625
25891,LOF,0.06253806746003361,0.06069990908850787,0.8767620234514585
25892,LOF,0.10851708200744135,0.04938599439030373,0.842096923602255
25893,LOF,0.29218225048129653,0.039007705122206957,0.6688100443964965
25894,LOF,0.15760290070950603,0.019409164838087953,0.822987934452406
25895,LOF,0.22984395937793717,0.016862705173461296,0.7532933354486016
25896,LOF,0.04251271371867781,0.029282700665695695,0.9282045856156266
25897,LOF,0.21596123187032196,0.03934941288373963,0.7446893552459384
25898,Neutral,0.7308589563729561,0.02625658804891738,0.24288445557812655
25899,LOF,0.19567099353882994,0.16674880031449527,0.6375802061466748
25900,Neutral,0.815980354884308,0.03683319054146489,0.14718645457422697
25901,LOF,0.06035844896574522,0.039443909135306834,0.900197641898948
25902,LOF,0.16658843305236776,0.02818311852253848,0.8052284484250938
25903,Neutral,0.5592334319872768,0.0816127481629754,0.3591538198497477
25904,LOF,0.3431584959641351,0.08836372127834666,0.5684777827575181
25905,LOF,0.04155428491468491,0.34779688785222757,0.6106488272330876
25906,LOF,0.02679838556355409,0.06979063183314697,0.9034109826032989
25907,LOF,0.013815347821907577,0.30112692141240466,0.6850577307656877
25908,LOF,0.02025429924136083,0.1839845724845383,0.7957611282741008
25909,LOF,0.02040198422092705,0.1673561380345923,0.8122418777444806
25910,LOF,0.0354801582913401,0.3183892235130592,0.6461306181956007
25911,LOF,0.07790979909555466,0.023850771699085362,0.89823942920536
25912,LOF,0.037351925773910055,0.06717791725918316,0.8954701569669067
25913,LOF,0.234986198378067,0.018444623218428928,0.7465691784035041
25914,LOF,0.021297516282516294,0.23116253827436298,0.7475399454431207
25915,GOF,0.40232206672636,0.42710667475771796,0.17057125851592211
25916,GOF,0.027958312609224236,0.6293697698830508,0.3426719175077248
25917,LOF,0.03135100547978097,0.109931479344704,0.8587175151755151
25918,LOF,0.025211681070351252,0.12111143809333577,0.853676880836313
25919,LOF,0.02458715816647579,0.10356965199165719,0.871843189841867
25920,GOF,0.17353199272446632,0.507528877479045,0.31893912979648875
25921,LOF,0.030589013159552227,0.032868327963283366,0.9365426588771645
25922,LOF,0.04573478446345697,0.018799372484522098,0.9354658430520209
25923,LOF,0.3619723583951226,0.02986346739629246,0.6081641742085849
25924,LOF,0.041345238789014804,0.018410314915918644,0.9402444462950665
25925,LOF,0.0771729483954463,0.03143339998224766,0.891393651622306
25926,LOF,0.04955075506495769,0.022792106986267355,0.927657137948775
25927,LOF,0.08155667720541915,0.10962873332340431,0.8088145894711765
25928,LOF,0.02561215657932652,0.01788723810258649,0.956500605318087
25929,LOF,0.4709512345083556,0.027614539942912384,0.501434225548732
25930,LOF,0.09974309233421118,0.017022037254569963,0.8832348704112188
25931,LOF,0.034905694280854646,0.014628523229955916,0.9504657824891894
25932,LOF,0.03915398433057507,0.013859467363494174,0.9469865483059308
25933,LOF,0.04995779870194385,0.011384154816935627,0.9386580464811205
25934,LOF,0.03386907535656333,0.017236167932258482,0.9488947567111781
25935,LOF,0.061218295902200584,0.027388511308586515,0.9113931927892128
25936,LOF,0.051358583171839924,0.01311510724221691,0.9355263095859432
25937,LOF,0.03846093511350421,0.02284930789342368,0.9386897569930721
25938,LOF,0.07631487597434694,0.04949966013929688,0.8741854638863561
25939,LOF,0.042239484080750685,0.015184369104168425,0.9425761468150808
25940,GOF,0.019475576952130848,0.5900347831772113,0.39048963987065793
25941,LOF,0.23899476387859458,0.01786554809446502,0.7431396880269404
25942,LOF,0.024460951655809384,0.00894068577090436,0.9665983625732862
25943,LOF,0.4287069788645235,0.019542830973533466,0.5517501901619429
25944,Neutral,0.5032356899841389,0.009817941644492994,0.48694636837136807
25945,LOF,0.10635591050340362,0.032685301971826154,0.8609587875247703
25946,LOF,0.03342605723589188,0.25832197282602204,0.708251969938086
25947,LOF,0.12707732032866717,0.18949383346884843,0.6834288462024845
25948,LOF,0.44944754355412536,0.008794098143738674,0.541758358302136
25949,LOF,0.13227946982516325,0.016984187570848644,0.8507363426039881
25950,GOF,0.12465056974235471,0.63496732293057,0.24038210732707535
25951,LOF,0.16581071422508703,0.3747685217732706,0.4594207640016423
25952,GOF,0.0232641745433866,0.6797480363685657,0.29698778908804757
25953,LOF,0.1287975952111154,0.4110120659604983,0.4601903388283863
25954,GOF,0.2756735487806789,0.5854799052011448,0.1388465460181763
25955,LOF,0.04380560293832032,0.25632995869651526,0.6998644383651643
25956,LOF,0.2212692858924175,0.057661643480175225,0.7210690706274072
25957,LOF,0.04614907481101209,0.02851160939290226,0.9253393157960856
25958,LOF,0.08363821299282855,0.024924422459406768,0.8914373645477647
25959,LOF,0.16088184538516148,0.32268491629673146,0.5164332383181071
25960,LOF,0.027669937630938134,0.06532258469362107,0.9070074776754409
25961,LOF,0.08664727077831037,0.04224196906754249,0.8711107601541471
25962,LOF,0.06578594919485604,0.03029756008284479,0.9039164907222992
25963,LOF,0.07129636799733072,0.11251575634093297,0.8161878756617363
25964,LOF,0.027346663888584043,0.290056203367111,0.6825971327443049
25965,LOF,0.46843717689756303,0.04737849681207941,0.4841843262903576
25966,LOF,0.24402336386147425,0.37505353366875355,0.38092310246977223
25967,LOF,0.011803339267940307,0.19356752270335503,0.7946291380287047
25968,LOF,0.04808159951622678,0.45455569056673717,0.497362709917036
25969,LOF,0.013759878673569918,0.0893888234075446,0.8968512979188854
25970,LOF,0.048411077401426576,0.03538422573200571,0.9162046968665677
25971,LOF,0.08294832463108583,0.021678227327498807,0.8953734480414154
25972,LOF,0.07211657856983553,0.02668065922303094,0.9012027622071336
25973,LOF,0.09108539975116461,0.019540623984012878,0.8893739762648225
25974,LOF,0.3218790311930395,0.043701916807684836,0.6344190519992757
25975,LOF,0.046047207488495945,0.04988554493190312,0.9040672475796009
25976,LOF,0.03987974745577921,0.05683226848267545,0.9032879840615453
25977,LOF,0.07300181532980447,0.22961999615459575,0.6973781885155996
25978,LOF,0.21198302672284083,0.10228977553150556,0.6857271977456536
25979,LOF,0.18197387264823428,0.10585848201477219,0.7121676453369935
25980,LOF,0.203992125040497,0.16501792064108858,0.6309899543184144
25981,LOF,0.203992125040497,0.16501792064108858,0.6309899543184144
25982,LOF,0.40821975665673427,0.08004299822093502,0.5117372451223307
25983,LOF,0.3874045831163643,0.09815980916624475,0.5144356077173909
25984,LOF,0.028883179430798482,0.18620216547679977,0.7849146550924017
25985,LOF,0.020063934104286942,0.37479862142077597,0.6051374444749371
25986,LOF,0.02751929059535444,0.352986137139406,0.6194945722652394
25987,LOF,0.09506887731079247,0.08282135260385692,0.8221097700853507
25988,LOF,0.04992749012121918,0.2068782343150154,0.7431942755637654
25989,LOF,0.019567940238168886,0.20346199543978144,0.7769700643220496
25990,LOF,0.02774965197975891,0.16690869386935617,0.8053416541508849
25991,LOF,0.14366887182288895,0.2698892915578023,0.5864418366193088
25992,LOF,0.3246655475196636,0.23160584285106758,0.44372860962926874
25993,LOF,0.026388142543326845,0.07750158527097484,0.8961102721856983
25994,LOF,0.015006628802629717,0.09609535984884654,0.8888980113485238
25995,LOF,0.022592550422798948,0.10038069618826817,0.877026753388933
25996,LOF,0.09881073562594066,0.3482349640256899,0.5529543003483695
25997,LOF,0.049191618016716974,0.44116083882539053,0.5096475431578925
25998,LOF,0.4300923944081755,0.013085969614361195,0.5568216359774634
25999,LOF,0.12068024834087414,0.37444930284140526,0.5048704488177206
26000,LOF,0.06482879785949662,0.03655625748341228,0.898614944657091
26001,LOF,0.1395108213754693,0.0715224423757458,0.7889667362487849
26002,LOF,0.07180077193208421,0.07631560821424481,0.8518836198536709
26003,GOF,0.009196775366284968,0.6896418893890316,0.30116133524468347
26004,GOF,0.02864209392128952,0.7134791431947815,0.25787876288392914
26005,LOF,0.011166806281426127,0.48912449148307857,0.4997087022354953
26006,Neutral,0.5264132934020909,0.29478491733181755,0.1788017892660915
26007,GOF,0.019562210168332338,0.6522710515524237,0.3281667382792438
26008,GOF,0.01300795575574853,0.6250401906377725,0.36195185360647886
26009,GOF,0.025655353949022432,0.6948573821889665,0.27948726386201106
26010,GOF,0.011076671603272146,0.8064394029225928,0.1824839254741352
26011,GOF,0.007664448625330555,0.5338128022244361,0.45852274915023333
26012,GOF,0.015893792079328204,0.5806015356087271,0.4035046723119447
26013,GOF,0.0102502971122104,0.6560014758740316,0.3337482270137581
26014,LOF,0.04159002111930587,0.13408733090096003,0.8243226479797341
26015,LOF,0.24582508709488446,0.007018606373098961,0.7471563065320166
26016,LOF,0.3616746889140061,0.031220569361685834,0.6071047417243082
26017,LOF,0.3069140133585397,0.04847448005208485,0.6446115065893755
26018,LOF,0.09349098959822193,0.021535421277627757,0.8849735891241503
26019,LOF,0.09548277071289242,0.013328955674504617,0.891188273612603
26020,LOF,0.09752053777513993,0.04972750625622277,0.8527519559686373
26021,LOF,0.09537759026931514,0.06450565224655061,0.8401167574841342
26022,LOF,0.02150976910748106,0.03119900584197324,0.9472912250505457
26023,LOF,0.19443051521697255,0.01466917295822022,0.7909003118248072
26024,LOF,0.04399572310528828,0.07238060757770286,0.8836236693170089
26025,LOF,0.32808116017006306,0.06525904231832101,0.606659797511616
26026,Neutral,0.5052767958854,0.011660670790800283,0.4830625333237996
26027,LOF,0.09740503399052959,0.011849245714944702,0.8907457202945257
26028,LOF,0.26415893359063264,0.05594932775799007,0.6798917386513772
26029,LOF,0.09056530910265549,0.20354132920101817,0.7058933616963264
26030,LOF,0.030504281079446142,0.04161467502408475,0.9278810438964692
26031,LOF,0.02219017286742054,0.1874179658298606,0.7903918613027189
26032,LOF,0.11167092285449257,0.05162586538188577,0.8367032117636216
26033,LOF,0.26706802093509,0.07506434953103899,0.657867629533871
26034,LOF,0.044711230373827376,0.14141591019901242,0.8138728594271603
26035,LOF,0.0338246435575049,0.1693269410212234,0.7968484154212718
26036,LOF,0.047277786160769025,0.147415768469855,0.8053064453693759
26037,LOF,0.024140505258088724,0.11793613249869692,0.8579233622432144
26038,LOF,0.1101708438505402,0.047707716731428186,0.8421214394180316
26039,LOF,0.056429644632834994,0.1634565264629405,0.7801138289042244
26040,Neutral,0.4611688735066817,0.12131697517572744,0.4175141513175909
26041,LOF,0.028892682061124147,0.13785094477710344,0.8332563731617725
26042,LOF,0.029661275543389327,0.12071129856987144,0.8496274258867392
26043,LOF,0.110374196600828,0.06490238155211558,0.8247234218470563
26044,LOF,0.03218451238946968,0.05626678621703927,0.9115487013934911
26045,LOF,0.07358441282930255,0.13721425981875002,0.7892013273519474
26046,LOF,0.12218524829409116,0.07103936951732286,0.806775382188586
26047,LOF,0.13302767193781548,0.06858353486377974,0.7983887931984048
26048,LOF,0.08324159351892026,0.052691091109688185,0.8640673153713916
26049,Neutral,0.9214203522522219,0.012726511105571279,0.06585313664220682
26050,Neutral,0.8939390051024957,0.014005446295001481,0.09205554860250278
26051,GOF,0.029120733883613463,0.6420107931276825,0.3288684729887039
26052,GOF,0.023696768029187746,0.5435742689358056,0.4327289630350066
26053,LOF,0.06008237004947457,0.38445875505637067,0.5554588748941548
26054,LOF,0.06520060113455736,0.06608546887952466,0.8687139299859179
26055,LOF,0.052333550251375045,0.04754629477461784,0.9001201549740071
26056,LOF,0.043434206604807936,0.05444703133789551,0.9021187620572965
26057,LOF,0.029264197731381735,0.05119422962230086,0.9195415726463174
26058,LOF,0.029285431068465737,0.043335259720411266,0.927379309211123
26059,Neutral,0.48454525394681897,0.08800899299301518,0.42744575306016575
26060,LOF,0.031353786703129036,0.36138484221624967,0.6072613710806213
26061,LOF,0.024970198718256703,0.07386898366011126,0.901160817621632
26062,LOF,0.018002441185165606,0.056998533022399385,0.9249990257924349
26063,LOF,0.025652283205716567,0.050238730019953895,0.9241089867743296
26064,LOF,0.029196854515076625,0.06665336356543669,0.9041497819194867
26065,LOF,0.02895390619133588,0.03659774246130689,0.9344483513473572
26066,LOF,0.023236403450222876,0.055397221150560845,0.9213663753992162
26067,LOF,0.02536572217811799,0.041449467747891065,0.9331848100739909
26068,LOF,0.05443808683609128,0.08926537353991357,0.8562965396239951
26069,LOF,0.40297335631474596,0.06036949902869092,0.5366571446565631
26070,Neutral,0.6308258403471518,0.03862101039830114,0.3305531492545471
26071,LOF,0.024945805871233857,0.05698352813656068,0.9180706659922054
26072,LOF,0.029100270826018026,0.0953928474314935,0.8755068817424885
26073,LOF,0.028654047633189832,0.036190863004758794,0.9351550893620513
26074,Neutral,0.9640194512859016,0.01521447794109418,0.020766070773004304
26075,LOF,0.03350379961815676,0.05319365152642124,0.9133025488554221
26076,LOF,0.039194454701252116,0.03446989034018866,0.9263356549585592
26077,LOF,0.013284304202900605,0.09352315048519136,0.893192545311908
26078,LOF,0.01722968412861629,0.06585200311171843,0.9169183127596653
26079,LOF,0.05490619208561008,0.06344337411616252,0.8816504337982274
26080,LOF,0.05490619208561008,0.06344337411616252,0.8816504337982274
26081,LOF,0.035715984435596926,0.03349872494715934,0.9307852906172437
26082,LOF,0.025713605669845912,0.05508714681825565,0.9191992475118984
26083,LOF,0.07272236344380645,0.05393613316076858,0.8733415033954249
26084,LOF,0.024050502722980666,0.05626997887857768,0.9196795183984415
26085,LOF,0.024050502722980666,0.05626997887857768,0.9196795183984415
26086,LOF,0.025443582795537517,0.0644817169752351,0.9100747002292273
26087,LOF,0.026693895613913648,0.049944754712246485,0.92336134967384
26088,LOF,0.029596049311391988,0.1451951014884103,0.8252088492001977
26089,LOF,0.046359794913039466,0.047079333087151405,0.9065608719998091
26090,LOF,0.04208153215525342,0.04089458121147908,0.9170238866332674
26091,LOF,0.043876008708916524,0.024661650696975693,0.9314623405941078
26092,LOF,0.028687140508346608,0.04177031930923898,0.9295425401824143
26093,LOF,0.04141417341843484,0.025243646470991876,0.9333421801105731
26094,LOF,0.04777178974878846,0.021286731418310417,0.9309414788329012
26095,LOF,0.05539131587928938,0.08115530097687708,0.8634533831438335
26096,LOF,0.02672731220258848,0.042806323720445454,0.9304663640769659
26097,LOF,0.011855520942700898,0.17429846623314588,0.8138460128241533
26098,LOF,0.05386557420346455,0.0352740322090229,0.9108603935875125
26099,LOF,0.025522886208911192,0.08619094995548887,0.8882861638355999
26100,LOF,0.025522886208911192,0.08619094995548887,0.8882861638355999
26101,LOF,0.05159085009246806,0.07150607260179812,0.8769030773057338
26102,LOF,0.025884548545233064,0.058982912848512946,0.915132538606254
26103,Neutral,0.8016588480291877,0.07834256148393924,0.11999859048687302
26104,LOF,0.04075737677243895,0.10522645384446483,0.8540161693830962
26105,LOF,0.2711120237136283,0.0718388664415631,0.6570491098448086
26106,LOF,0.1881564193861805,0.04232155372167982,0.7695220268921397
26107,LOF,0.26614011325890885,0.06436152960349412,0.669498357137597
26108,LOF,0.16616843907185044,0.06985510571694444,0.7639764552112052
26109,LOF,0.05213592987845702,0.1070440225747137,0.8408200475468294
26110,LOF,0.26680212997187014,0.05804066821509429,0.6751572018130355
26111,LOF,0.401137519733442,0.08120111244623084,0.5176613678203271
26112,LOF,0.04115342152170421,0.04183081998594449,0.9170157584923512
26113,LOF,0.05193609821589933,0.11577318290079198,0.8322907188833087
26114,LOF,0.03420946107948866,0.02702612848482221,0.938764410435689
26115,LOF,0.20749438004899753,0.04983553176881409,0.7426700881821884
26116,LOF,0.09526308369598774,0.05350053144427814,0.8512363848597342
26117,LOF,0.29367298761245064,0.17438283889935394,0.5319441734881954
26118,LOF,0.046557829121188596,0.040111851497646,0.9133303193811654
26119,LOF,0.033292778070021,0.11351514209151346,0.8531920798384657
26120,LOF,0.03857096673871562,0.06967768133584448,0.8917513519254399
26121,LOF,0.0773009732179583,0.09999233703568827,0.8227066897463534
26122,LOF,0.08645810387990853,0.11848868404392467,0.7950532120761667
