feature0,prediction,LoGoFunc_Neutral,LoGoFunc_GOF,LoGoFunc_LOF
25546,Neutral,0.651325673376711,0.0656119130330094,0.2830624135902795
25547,Neutral,0.5096347599682826,0.11501378172552607,0.3753514583061913
25548,Neutral,0.48148808969741214,0.09651425183027694,0.42199765847231085
25549,LOF,0.41453983295638386,0.09977473290305237,0.48568543414056364
25550,LOF,0.36056809741062146,0.11998105636572556,0.519450846223653
25551,LOF,0.30058107430771264,0.13716303718158074,0.5622558885107066
25552,LOF,0.25879945701933976,0.1350245558944241,0.6061759870862361
25553,Neutral,0.7952991606778973,0.053248444846001934,0.15145239447610084
25554,LOF,0.29537098997133654,0.12966373716893043,0.574965272859733
25555,LOF,0.25213358073417785,0.12185963926440811,0.626006780001414
25556,LOF,0.43966764886524273,0.10736736958746507,0.4529649815472922
25557,LOF,0.2449613669849226,0.12537741513365802,0.6296612178814195
25558,LOF,0.3028307318557547,0.12269442445318159,0.5744748436910637
25559,LOF,0.22212288453086027,0.09406011657162452,0.6838169988975152
25560,LOF,0.1231340683897388,0.12363042022813454,0.7532355113821266
25561,LOF,0.12954724039727442,0.17823576840122998,0.6922169912014956
25562,LOF,0.049892660457156394,0.09158822352137978,0.8585191160214638
25563,LOF,0.015120472336398074,0.1555001519113085,0.8293793757522934
25564,LOF,0.12005633010250688,0.12109056836455037,0.7588531015329427
25565,LOF,0.19558368041437244,0.1326350389175581,0.6717812806680694
25566,GOF,0.06248359113817605,0.68985106746248,0.24766534139934396
25567,LOF,0.0410051328154126,0.16138560915657965,0.7976092580280078
25568,LOF,0.06055557875351054,0.09038989517052948,0.84905452607596
25569,LOF,0.05899454831200495,0.08459608306324443,0.8564093686247507
25570,LOF,0.03167075357428712,0.12661490824572025,0.8417143381799926
25571,LOF,0.030163457992190335,0.1313019215390641,0.8385346204687456
25572,LOF,0.06503816340514892,0.14667634078433558,0.7882854958105155
25573,LOF,0.05899499454769845,0.11661775292908257,0.824387252523219
25574,LOF,0.05999651010534409,0.22653231379959068,0.7134711760950653
25575,LOF,0.024418725511471246,0.13170252861120027,0.8438787458773284
25576,LOF,0.028206783890672608,0.1826246548804627,0.7891685612288648
25577,LOF,0.032843873490844507,0.14304468750200772,0.8241114390071478
25578,LOF,0.2830331778212627,0.11337999057763666,0.6035868316011006
25579,LOF,0.18398322918360088,0.10977196818327586,0.7062448026331233
25580,LOF,0.022409162752466093,0.09379106706589055,0.8837997701816434
25581,LOF,0.050758985081649104,0.08878421520923307,0.8604567997091177
25582,LOF,0.05063820990956816,0.08690884697359738,0.8624529431168345
25583,LOF,0.026000233661552706,0.11126579912232196,0.8627339672161253
25584,Neutral,0.7061694262058962,0.1336619919009959,0.16016858189310787
25585,LOF,0.02066625142315886,0.17810652659049736,0.8012272219863438
25586,LOF,0.01842690297850923,0.10215000808514421,0.8794230889363466
25587,LOF,0.018193345760768247,0.08786746158626067,0.8939391926529711
25588,LOF,0.022280715774228167,0.09635190705425467,0.8813673771715171
25589,Neutral,0.5247011729275449,0.25226016559500214,0.22303866147745308
25590,LOF,0.04929709271502968,0.1510121038651546,0.7996908034198157
25591,LOF,0.08429982237714995,0.07557667138435589,0.8401235062384942
25592,LOF,0.057218707727986595,0.1654392547107713,0.777342037561242
25593,LOF,0.10783387332377987,0.29473706314963427,0.5974290635265859
25594,LOF,0.04951301217056282,0.06400322625026754,0.8864837615791696
25595,LOF,0.046249145421085415,0.04684813645780359,0.906902718121111
25596,LOF,0.11369204519465387,0.026215779417296595,0.8600921753880495
25597,LOF,0.08319334626069368,0.03099560092435528,0.8858110528149511
25598,LOF,0.04758717852424349,0.04883449161967622,0.9035783298560803
25599,LOF,0.02516543724064531,0.42066757106089325,0.5541669916984614
25600,GOF,0.209521710031689,0.39735436242109956,0.3931239275472115
25601,LOF,0.04895445150772887,0.2996898711069727,0.6513556773852984
25602,LOF,0.02836782451018958,0.0674877926032587,0.9041443828865516
25603,LOF,0.03759204795316653,0.04468825493254203,0.9177196971142916
25604,LOF,0.039659993576496695,0.08743841488850872,0.8729015915349946
25605,LOF,0.03379081734369215,0.17345920867121276,0.7927499739850952
25606,LOF,0.4113730800417791,0.1395456346137539,0.4490812853444672
25607,LOF,0.02654621214810124,0.1793116353659723,0.7941421524859265
25608,LOF,0.044153936524442494,0.1169526261789307,0.8388934372966268
25609,GOF,0.11867662998053016,0.4824902650038262,0.3988331050156435
25610,LOF,0.016008872920053416,0.05022679406287118,0.9337643330170755
25611,LOF,0.013723029801043717,0.057278991058609154,0.9289979791403472
25612,LOF,0.045533509297577185,0.06033581384113909,0.8941306768612838
25613,LOF,0.045432401517825245,0.059435084469248146,0.8951325140129266
25614,LOF,0.023827786211997,0.04455970403225303,0.9316125097557499
25615,LOF,0.04340959963206423,0.06989325589714367,0.8866971444707921
25616,LOF,0.05243548333741588,0.04945662499250442,0.8981078916700796
25617,LOF,0.04231976718201236,0.05695867918196569,0.900721553636022
25618,LOF,0.04706770310377095,0.07473954485692631,0.8781927520393028
25619,LOF,0.013216066667685891,0.05878205303143231,0.9280018803008817
25620,LOF,0.05916475334690771,0.06255887765336111,0.8782763689997313
25621,LOF,0.06341496940438568,0.05749825393945578,0.8790867766561586
25622,LOF,0.06977454723307928,0.0660106561400138,0.8642147966269069
25623,LOF,0.06499978537585464,0.04791519661906018,0.8870850180050851
25624,LOF,0.019878541461194756,0.050967066001270385,0.9291543925375348
25625,LOF,0.06149237670384702,0.06383971793796146,0.8746679053581916
25626,LOF,0.04824095232297514,0.05790491058454076,0.8938541370924841
25627,Neutral,0.8844126761846246,0.019927858611787096,0.09565946520358819
25628,LOF,0.1544917557377187,0.05368998491969359,0.7918182593425878
25629,LOF,0.06402792666965686,0.040880833893620364,0.8950912394367228
25630,LOF,0.2600832183515732,0.05894980182907731,0.6809669798193494
25631,Neutral,0.5638307649039116,0.052163216932069774,0.38400601816401875
25632,LOF,0.024602389257560017,0.0786554579555496,0.8967421527868904
25633,LOF,0.2033713267606992,0.043109476421573596,0.7535191968177272
25634,LOF,0.03791391298706557,0.08393082042508784,0.8781552665878465
25635,LOF,0.0362238741912579,0.04305872109899626,0.920717404709746
25636,LOF,0.03803750083484045,0.45102472834358326,0.5109377708215762
25637,GOF,0.06284709298481359,0.48365608849428193,0.4534968185209045
25638,LOF,0.028098096962417607,0.3902623272949029,0.5816395757426795
25639,LOF,0.028489244269033955,0.4242008709576232,0.5473098847733429
25640,Neutral,0.8438353899835919,0.1068680809292698,0.04929652908713834
25641,LOF,0.07876033128760043,0.43729256133359407,0.4839471073788055
25642,LOF,0.070300038774234,0.16573492181347618,0.7639650394122899
25643,LOF,0.2539012665935268,0.12972245261159243,0.6163762807948807
25644,GOF,0.013956611787105028,0.5403339951506804,0.44570939306221463
25645,GOF,0.015844886166542737,0.4987637913022074,0.48539132253124984
25646,LOF,0.04874730071150397,0.3190561476308346,0.6321965516576615
25647,LOF,0.01727281958290778,0.25027962760607064,0.7324475528110216
25648,LOF,0.019806881010237323,0.29789928780436054,0.6822938311854022
25649,LOF,0.012043722545657887,0.22405779356809305,0.763898483886249
25650,GOF,0.035103908610469005,0.48248533387239967,0.4824107575171313
25651,LOF,0.012682137231085721,0.3028389064966366,0.6844789562722777
25652,LOF,0.021198118832396546,0.2909048189886791,0.6878970621789243
25653,GOF,0.05024797843630528,0.48887017350783446,0.4608818480558604
25654,LOF,0.013531156879995523,0.22001659234726853,0.7664522507727359
25655,GOF,0.16848208707311557,0.4844523063132379,0.34706560661364655
25656,LOF,0.31441006082539086,0.14333426836560423,0.5422556708090049
25657,LOF,0.0539441894814486,0.1276400625307316,0.8184157479878197
25658,LOF,0.29150240534695976,0.13579422344675873,0.5727033712062815
25659,LOF,0.42595167168990883,0.13648384289196702,0.4375644854181241
25660,LOF,0.023447476112832603,0.1037703949542927,0.8727821289328747
25661,LOF,0.09143778723473134,0.06133929293322852,0.8472229198320401
25662,LOF,0.03565970160926072,0.034245813395446204,0.930094484995293
25663,LOF,0.042302752082244294,0.04561034728632064,0.9120869006314352
25664,LOF,0.1442928927784182,0.0693812351333465,0.7863258720882352
25665,LOF,0.060836496228104435,0.02903606256378504,0.9101274412081105
25666,LOF,0.10151117716523488,0.07455096697466503,0.8239378558601
25667,LOF,0.07371658458451401,0.05045571580352769,0.8758276996119584
25668,LOF,0.03710610308073947,0.05382148621595876,0.9090724107033017
25669,LOF,0.030616777576534734,0.05202940611171813,0.9173538163117471
25670,LOF,0.1423534513021985,0.07478305152327724,0.7828634971745243
25671,LOF,0.12151855881947748,0.03917190677432087,0.8393095344062017
25672,LOF,0.05097952144987978,0.04230696615471262,0.9067135123954077
25673,LOF,0.09322913422888121,0.04742675206745143,0.8593441137036674
25674,LOF,0.07724992199669789,0.0593060033687,0.8634440746346022
25675,LOF,0.11784524466516584,0.07113223611800254,0.8110225192168317
25676,LOF,0.019470462011766138,0.054566244582634905,0.925963293405599
25677,LOF,0.025264261486406377,0.06731248727158784,0.9074232512420058
25678,LOF,0.20065092899951867,0.0780161782112106,0.7213328927892708
25679,LOF,0.12194342004644818,0.08375746633637074,0.794299113617181
25680,LOF,0.034451520253012013,0.11508561127162159,0.8504628684753665
25681,LOF,0.0529518207885474,0.1047650689486212,0.8422831102628313
25682,LOF,0.13678936757294927,0.0778372458779304,0.7853733865491204
25683,LOF,0.11921124669635857,0.0901331276244887,0.7906556256791528
25684,LOF,0.041475349192985844,0.06801111472285487,0.8905135360841594
25685,LOF,0.1350237920592711,0.06790407303230626,0.7970721349084227
25686,LOF,0.07827886639229553,0.09991886205299183,0.8218022715547126
25687,LOF,0.12862989289162638,0.10514033543516785,0.7662297716732057
25688,LOF,0.4251726421435015,0.05556377788814796,0.5192635799683507
25689,LOF,0.2736251307969648,0.05497907354901092,0.6713957956540243
25690,LOF,0.292109846908481,0.03557219161480732,0.6723179614767116
25691,Neutral,0.6864239051722141,0.033072860016237854,0.28050323481154804
25692,LOF,0.3474274551599066,0.013134300555744055,0.6394382442843493
25693,LOF,0.03954680612101172,0.43637221274267085,0.5240809811363174
25694,LOF,0.12661826256904626,0.018809873942642583,0.8545718634883112
25695,LOF,0.12505165145067648,0.01474138275084627,0.8602069657984772
25696,LOF,0.1246304153615881,0.011781820727493909,0.863587763910918
25697,LOF,0.07922426242732154,0.06525724523530195,0.8555184923373764
25698,LOF,0.3304414834955321,0.18093304399109464,0.4886254725133734
25699,Neutral,0.5108582290665031,0.032485891957822075,0.4566558789756747
25700,LOF,0.09271962991717883,0.007786494277605227,0.899493875805216
25701,LOF,0.19509450374583895,0.040241979716775546,0.7646635165373855
25702,GOF,0.17966833849215116,0.6073162584033034,0.21301540310454542
25703,LOF,0.015863326422864497,0.13762713400353602,0.8465095395735994
25704,LOF,0.038071306531649966,0.11261985509829246,0.8493088383700576
25705,LOF,0.04635276411488379,0.14710713221660313,0.8065401036685131
25706,LOF,0.12453723070444477,0.39242349534436444,0.4830392739511909
25707,LOF,0.08696051178106375,0.3351911215862476,0.5778483666326887
25708,LOF,0.044622930785631315,0.30765945513594634,0.6477176140784223
25709,LOF,0.06951892499944122,0.04890158044056478,0.8815794945599938
25710,LOF,0.012195251778930938,0.14408771156150116,0.843717036659568
25711,LOF,0.021768658114307584,0.09226150827047501,0.8859698336152174
25712,LOF,0.014538152984840213,0.16879797955230724,0.8166638674628525
25713,LOF,0.020265177675185025,0.09400041299818225,0.8857344093266327
25714,LOF,0.07907549701470247,0.07101938903386873,0.8499051139514288
25715,LOF,0.012521481965352526,0.13622809139044867,0.8512504266441989
25716,LOF,0.010667920757763542,0.11130373515505612,0.8780283440871803
25717,LOF,0.014994929129678711,0.07490346454986715,0.9101016063204542
25718,LOF,0.012181493088286541,0.08537042971682804,0.9024480771948853
25719,LOF,0.02199743321463725,0.078448285259102,0.8995542815262607
25720,LOF,0.027036542068396067,0.06824584116869153,0.9047176167629124
25721,LOF,0.014027085303548436,0.1207297452761199,0.8652431694203316
25722,LOF,0.014954756460241459,0.11280440644135004,0.8722408370984085
25723,LOF,0.025638272211584805,0.04916020261666663,0.9252015251717486
25724,LOF,0.03139022547146075,0.08160810984677833,0.8870016646817609
25725,LOF,0.012197003429523743,0.07803421738914408,0.9097687791813323
25726,LOF,0.01659284518085185,0.10284747354126285,0.8805596812778853
25727,LOF,0.013100462458065742,0.08278534201529952,0.9041141955266346
25728,LOF,0.010773282953463218,0.10284355701689223,0.8863831600296446
25729,LOF,0.011211597901259876,0.10202486862683856,0.8867635334719016
25730,LOF,0.014549557127811565,0.10075564334660227,0.8846947995255862
25731,LOF,0.019866531346150303,0.09876958545142663,0.8813638832024231
25732,LOF,0.014465570661854487,0.08012564940725106,0.9054087799308943
25733,LOF,0.0174025003050542,0.0690833093456261,0.9135141903493196
25734,LOF,0.011049074152017844,0.10894515576382015,0.8800057700841619
25735,LOF,0.012239167696247414,0.08513825329880022,0.9026225790049524
25736,LOF,0.013252330243846948,0.10058325980525175,0.8861644099509012
25737,LOF,0.012431868120673331,0.08793417577573324,0.8996339561035934
25738,LOF,0.01278524889426969,0.10481724801556146,0.882397503090169
25739,LOF,0.022572410590193624,0.07504120106787128,0.9023863883419352
25740,LOF,0.0318030552615219,0.11398874327583786,0.8542082014626403
25741,LOF,0.017317955701061868,0.10302808585309071,0.8796539584458475
25742,LOF,0.12617383641175406,0.0734016543906196,0.8004245091976263
25743,LOF,0.0335803252110882,0.06064122043412864,0.9057784543547831
25744,Neutral,0.5714306249459584,0.23728061356209282,0.19128876149194873
25745,LOF,0.05760397233026213,0.09076706586559641,0.8516289618041415
25746,LOF,0.03797635605499058,0.11934719006681144,0.842676453878198
25747,LOF,0.019442757027648708,0.07764556629874124,0.9029116766736102
25748,LOF,0.11185112874025854,0.11879609286927328,0.7693527783904681
25749,LOF,0.024592796844195856,0.10767273610947886,0.8677344670463253
25750,LOF,0.06717235578292186,0.10903164078707242,0.8237960034300057
25751,LOF,0.08403024420532665,0.1280586914031174,0.7879110643915559
25752,GOF,0.12180864886972556,0.6775726252782185,0.2006187258520559
25753,LOF,0.022859428656136906,0.2831783369217347,0.6939622344221283
25754,GOF,0.014293345295871696,0.7965663536089105,0.18914030109521768
25755,LOF,0.024971538528724618,0.36642333429711066,0.6086051271741647
25756,LOF,0.046312220797711835,0.34003407843774075,0.6136537007645474
25757,GOF,0.01854163976546643,0.8584652870308909,0.12299307320364272
25758,GOF,0.031120287186872785,0.7935592864123397,0.1753204264007874
25759,GOF,0.011857142549842733,0.6353082264374709,0.35283463101268636
25760,LOF,0.014736127441979698,0.26558509405736336,0.719678778500657
25761,GOF,0.26687529351904177,0.646906474834552,0.08621823164640618
25762,LOF,0.04600495824838502,0.24405522336171984,0.7099398183898951
25763,LOF,0.015153471424752967,0.2044469503049516,0.7803995782702955
25764,GOF,0.08261493116107775,0.6460511618182201,0.27133390702070226
25765,GOF,0.0386859351947876,0.7416963271293391,0.21961773767587325
25766,GOF,0.0689445437907798,0.7847316024443581,0.1463238537648621
25767,GOF,0.15096810077227937,0.5507879046290866,0.2982439945986341
25768,LOF,0.10445003902372818,0.06330485113989699,0.8322451098363749
25769,LOF,0.04974308637117824,0.08021065499111917,0.8700462586377025
25770,LOF,0.30453871825935724,0.1256434674444066,0.5698178142962361
25771,LOF,0.04786241638561904,0.062071990103358746,0.8900655935110223
25772,LOF,0.0193178853970907,0.05988779908770936,0.9207943155151999
25773,LOF,0.05314502712109018,0.10204292282960063,0.8448120500493091
25774,LOF,0.02493042714806904,0.11501179588099397,0.860057776970937
25775,LOF,0.054104593022106594,0.0657888469715486,0.8801065600063448
25776,LOF,0.07100846979760907,0.03684290866199184,0.8921486215403991
25777,LOF,0.35586828399171083,0.0922572607097878,0.5518744552985013
25778,LOF,0.06564730824280215,0.05831754083055388,0.8760351509266441
25779,GOF,0.3913372945487216,0.5603678709624526,0.04829483448882587
25780,GOF,0.35055174764316477,0.5663743807806456,0.08307387157618952
25781,GOF,0.13717089234949859,0.7587658647829242,0.10406324286757729
25782,GOF,0.21508476779817495,0.6983307954197967,0.0865844367820283
25783,GOF,0.023806769630726254,0.6168931212601279,0.3593001091091458
25784,Neutral,0.5272746969565131,0.4280286684042654,0.044696634639221494
25785,Neutral,0.5319544798549505,0.4249325559237808,0.04311296422126878
25786,GOF,0.0338400082826544,0.7476880443433082,0.21847194737403744
25787,Neutral,0.6832824790355143,0.2881010554609638,0.028616465503521996
25788,LOF,0.054542808539971385,0.08039067931319446,0.865066512146834
25789,GOF,0.21607156149218718,0.6295383275071208,0.154390111000692
25790,GOF,0.24249681993302416,0.6527119361562963,0.10479124391067961
25791,GOF,0.15401741781430686,0.6721577979730344,0.17382478421265873
25792,GOF,0.36085555889756077,0.5065539863260945,0.1325904547763446
25793,GOF,0.26834121105744513,0.4967672238098613,0.23489156513269363
25794,GOF,0.30662561991454307,0.49958413962691883,0.19379024045853818
25795,GOF,0.07832296058233854,0.66421549227224,0.25746154714542147
25796,Neutral,0.5313523514424972,0.36994194073746783,0.09870570782003507
25797,GOF,0.09268683445310634,0.5502674706991145,0.35704569484777904
25798,GOF,0.009499641367925943,0.5282815425933799,0.46221881603869414
25799,LOF,0.007764355081964922,0.4338723184741335,0.5583633264439015
25800,GOF,0.03551502969312142,0.6070203054260891,0.35746466488078954
25801,GOF,0.24700657950063606,0.6285750845270209,0.12441833597234299
25802,GOF,0.07111833323543036,0.686818400450502,0.2420632663140677
25803,GOF,0.03755549083533946,0.5736471537894519,0.38879735537520865
25804,GOF,0.041293910252364154,0.5279383178123777,0.4307677719352581
25805,GOF,0.13367895067817756,0.5798445926607848,0.28647645666103755
25806,GOF,0.13783482219046375,0.5679667085667717,0.29419846924276455
25807,GOF,0.023110776365999418,0.6134091610650375,0.36348006256896315
25808,GOF,0.11063255296380385,0.5966939946367177,0.2926734523994784
25809,GOF,0.022470050994313526,0.6153208789317199,0.3622090700739666
25810,GOF,0.021433272021496003,0.5990320336004938,0.37953469437801024
25811,Neutral,0.47783382140204894,0.44733187446676587,0.07483430413118529
25812,GOF,0.04005464708911456,0.6174442258452532,0.3425011270656321
25813,Neutral,0.5417192121464602,0.3456640177508817,0.11261677010265808
25814,GOF,0.13853919924832242,0.621720047188426,0.23974075356325153
25815,GOF,0.2042929904156163,0.588091075517897,0.2076159340664869
25816,GOF,0.025478697017072133,0.6700472682165532,0.30447403476637463
25817,GOF,0.2509390198870677,0.5960677207411019,0.15299325937183042
25818,GOF,0.05345734668980126,0.5657304418495999,0.38081221146059885
25819,GOF,0.379779519846595,0.456260862741184,0.16395961741222098
25820,GOF,0.17695354567336874,0.5955947428953541,0.22745171143127718
25821,GOF,0.057172054303818456,0.6396605228758476,0.303167422820334
25822,GOF,0.21905809677834204,0.5278466403813942,0.2530952628402637
25823,GOF,0.03231968688201442,0.4966369851511435,0.4710433279668421
25824,GOF,0.07203603676179317,0.5266757266139912,0.4012882366242157
25825,GOF,0.029151105262534397,0.5213664703743276,0.44948242436313807
25826,GOF,0.011080857462987561,0.5041185626480345,0.48480057988897796
25827,GOF,0.022738505245501275,0.5869285514137067,0.390332943340792
25828,GOF,0.012845570825075696,0.5009962915343745,0.4861581376405498
25829,GOF,0.00655962477142866,0.5335460320513179,0.4598943431772535
25830,LOF,0.03674708176996797,0.2922032356860634,0.6710496825439687
25831,GOF,0.17566961731045502,0.6810111675708828,0.14331921511866208
25832,GOF,0.03293811550541648,0.679318291419911,0.28774359307467257
25833,GOF,0.12720076998156096,0.689177846909651,0.18362138310878795
25834,GOF,0.037002826524201726,0.6780627456682516,0.2849344278075467
25835,GOF,0.08782239254928431,0.7059951701292126,0.2061824373215031
25836,GOF,0.04411008028470497,0.6573633734400733,0.2985265462752217
25837,GOF,0.02298586153631958,0.5464118641723789,0.43060227429130155
25838,GOF,0.07636109705390787,0.7421403705885786,0.18149853235751348
25839,GOF,0.27870678456580317,0.583340672842666,0.13795254259153084
25840,GOF,0.2173235193146168,0.5974344249088231,0.18524205577656
25841,GOF,0.21581441024009446,0.6185548353178669,0.16563075444203848
25842,GOF,0.1865046397770607,0.6589425911066982,0.15455276911624105
25843,GOF,0.21408936855539457,0.6643342477762151,0.12157638366839027
25844,GOF,0.05821913607162183,0.6791034977129368,0.26267736621544147
25845,GOF,0.014198093400478973,0.5081620494819821,0.477639857117539
25846,GOF,0.1111388638299121,0.7119224541728096,0.1769386819972783
25847,GOF,0.13131806047934086,0.7438343724349011,0.12484756708575809
25848,GOF,0.03774568136484416,0.6722461645288356,0.29000815410632025
25849,GOF,0.010717367743012086,0.5612360140887628,0.42804661816822515
25850,GOF,0.022170765830615984,0.6569833361902727,0.3208458979791114
25851,GOF,0.017081352527495295,0.5561381231662114,0.4267805243062932
25852,GOF,0.16969474665272397,0.5715831989454823,0.25872205440179374
25853,GOF,0.348141701086024,0.5688055865439064,0.08305271237006964
25854,GOF,0.02002016936687474,0.6119211103137506,0.36805872031937464
25855,GOF,0.03355468211953895,0.5571824344474674,0.4092628834329938
25856,GOF,0.23429845772394794,0.5223614748989756,0.24334006737707653
25857,LOF,0.033752254472856694,0.4813726999646593,0.484875045562484
25858,GOF,0.018702378463413605,0.5763346825651579,0.40496293897142854
25859,GOF,0.010779320192172662,0.5577556703517234,0.4314650094561039
25860,GOF,0.37041648144696016,0.5485470193735555,0.08103649917948418
25861,GOF,0.4122310414416971,0.510370830107429,0.0773981284508738
25862,GOF,0.09844113205701871,0.7620122428751681,0.13954662506781326
25863,GOF,0.09901642978338258,0.765504332182931,0.13547923803368633
25864,GOF,0.22319812444260673,0.7005507059290416,0.07625116962835167
25865,GOF,0.09647160683371361,0.7801319095580386,0.123396483608248
25866,GOF,0.06721536824059342,0.7929340825880479,0.13985054917135864
25867,GOF,0.09471944450332755,0.8031480078127329,0.10213254768393955
25868,GOF,0.27200290037096725,0.6318505196825754,0.09614657994645733
25869,Neutral,0.6937609783851203,0.2642087144688788,0.04203030714600099
25870,LOF,0.3323117592807815,0.26693677471937766,0.4007514659998408
25871,GOF,0.23251067811974013,0.6100581119579592,0.15743120992230067
25872,GOF,0.09236479418786843,0.6377618344419772,0.2698733713701544
25873,GOF,0.15471730364279468,0.6358468897216013,0.20943580663560413
25874,LOF,0.018868857264724207,0.10296641248094338,0.8781647302543324
25875,LOF,0.09490728269556459,0.0365766830407475,0.868516034263688
25876,LOF,0.0345087420165219,0.03987508834049318,0.9256161696429849
25877,Neutral,0.5322498899078303,0.03738579551667076,0.430364314575499
25878,LOF,0.23347674379352618,0.06936536945770133,0.6971578867487724
25879,LOF,0.09207106803946581,0.06550226365638746,0.8424266683041468
25880,LOF,0.023548584367021737,0.018642042199820023,0.9578093734331583
25881,LOF,0.19547740983866607,0.10664361783272007,0.6978789723286138
25882,LOF,0.07410993633105299,0.013498460392670218,0.9123916032762768
25883,LOF,0.08645611159085265,0.01741973459618604,0.8961241538129613
25884,LOF,0.04088873732891312,0.026608501187377412,0.9325027614837095
25885,LOF,0.0705357551146865,0.010589400998620758,0.9188748438866927
25886,LOF,0.3427724521126572,0.028832105063474958,0.6283954428238678
25887,LOF,0.16379145072495496,0.05399481025703804,0.7822137390180071
25888,LOF,0.07356876192784656,0.054134653376481184,0.8722965846956723
25889,LOF,0.05027588151171349,0.01915172943102054,0.930572389057266
25890,LOF,0.04815217769432572,0.13282671498556592,0.8190211073201084
25891,LOF,0.0405531777830105,0.06182461820141838,0.8976222040155711
25892,LOF,0.09980331220962478,0.015351208084912402,0.8848454797054629
25893,LOF,0.2888316219655324,0.011756797020383366,0.6994115810140843
25894,LOF,0.19817844942928564,0.006435762049575557,0.7953857885211388
25895,LOF,0.2138760168906908,0.015296674580610079,0.7708273085286991
25896,LOF,0.05334285000686566,0.01345973992531744,0.9331974100678168
25897,LOF,0.26035571453463335,0.009713661998123688,0.729930623467243
25898,Neutral,0.7193289198103563,0.0070031572813668026,0.27366792290827696
25899,LOF,0.26579059302829977,0.01801477162959884,0.7161946353421014
25900,LOF,0.4605525373967126,0.011541191681601743,0.5279062709216857
25901,LOF,0.0678637310773141,0.00822951801280416,0.9239067509098818
25902,LOF,0.21187399448468128,0.007413857080411706,0.780712148434907
25903,Neutral,0.548477034155725,0.02234872454525434,0.4291742412990206
25904,LOF,0.32882421240187726,0.02735957096891354,0.6438162166292092
25905,LOF,0.021872913197730343,0.2968938147010109,0.6812332721012587
25906,LOF,0.024420764711347253,0.06505705707310268,0.91052217821555
25907,LOF,0.014115707309857053,0.3190229445328401,0.6668613481573029
25908,LOF,0.010426877766846948,0.2285366246145878,0.7610364976185653
25909,LOF,0.01375451641227634,0.12376564945436337,0.8624798341333603
25910,LOF,0.04968961050876293,0.11098180528388973,0.8393285842073474
25911,LOF,0.13175265514912302,0.04359532627718113,0.8246520185736959
25912,LOF,0.03922030337368754,0.06440601398268665,0.8963736826436259
25913,LOF,0.3065464579347437,0.029830510273516103,0.6636230317917402
25914,LOF,0.021192682505980855,0.11407416780121157,0.8647331496928075
25915,Neutral,0.40398888328020655,0.34972446677223645,0.24628664994755708
25916,LOF,0.05905117664226323,0.35228709003986985,0.588661733317867
25917,LOF,0.05773820251652703,0.06450682041740971,0.8777549770660632
25918,LOF,0.030438546940104113,0.061389952568566275,0.9081715004913297
25919,LOF,0.02436564427956943,0.06570501104536762,0.9099293446750629
25920,GOF,0.10301248327957559,0.5122335906715496,0.3847539260488748
25921,LOF,0.031219437703786965,0.022666535544121406,0.9461140267520916
25922,LOF,0.0436836733512826,0.015436849257865403,0.940879477390852
25923,LOF,0.4384414310689235,0.016072261141171235,0.5454863077899053
25924,LOF,0.04232522616893841,0.026965009748661048,0.9307097640824006
25925,LOF,0.07775302157738086,0.020734537209411614,0.9015124412132076
25926,LOF,0.05212143129188818,0.015471893610311179,0.9324066750978005
25927,LOF,0.07869635226743561,0.06333298478293854,0.8579706629496258
25928,LOF,0.022978914580137958,0.03228220903056767,0.9447388763892944
25929,Neutral,0.5748354185333182,0.01755936727253086,0.407605214194151
25930,LOF,0.06588438543523233,0.013602630162553786,0.920512984402214
25931,LOF,0.03323249422067397,0.01859391834837487,0.9481735874309511
25932,LOF,0.03120524639730994,0.014658371220864278,0.9541363823818256
25933,LOF,0.042598688228358855,0.009932689415072072,0.9474686223565691
25934,LOF,0.027467575212071334,0.011333318674050633,0.9611991061138779
25935,LOF,0.06896923025382155,0.023816529374102082,0.9072142403720763
25936,LOF,0.056680383163684435,0.015265177518960593,0.9280544393173549
25937,LOF,0.027813514336513197,0.026004915720403268,0.9461815699430836
25938,LOF,0.06603281751010415,0.028648055133763364,0.9053191273561325
25939,LOF,0.04501446942693195,0.01070990859406007,0.9442756219790079
25940,LOF,0.029961996493109225,0.3362416208047221,0.6337963827021686
25941,LOF,0.16864791047005387,0.08216269425563133,0.7491893952743148
25942,LOF,0.015893211879546083,0.034082088812608685,0.9500246993078452
25943,LOF,0.27598738456526284,0.0628233849356379,0.6611892304990993
25944,Neutral,0.48600968271789513,0.0339458230444647,0.4800444942376401
25945,LOF,0.06876383093754383,0.024056288795768977,0.907179880266687
25946,LOF,0.03281597957601004,0.10549347796219725,0.8616905424617928
25947,LOF,0.11174147041664138,0.194648286120879,0.6936102434624796
25948,LOF,0.40832117966574544,0.013352310784457665,0.5783265095497969
25949,LOF,0.11164824850355518,0.05845939215704887,0.8298923593393959
25950,GOF,0.303437158915859,0.4350646822031576,0.2614981588809835
25951,LOF,0.22893486454687023,0.24852355514487803,0.5225415803082517
25952,LOF,0.042847177667076214,0.46168438563257247,0.4954684367003514
25953,LOF,0.13262072482349976,0.12924955002378574,0.7381297251527145
25954,Neutral,0.4059872072269235,0.21613372902484826,0.37787906374822816
25955,LOF,0.06621770745846789,0.09643276085513201,0.8373495316864001
25956,LOF,0.17004549383158302,0.08395609125413517,0.7459984149142818
25957,LOF,0.0436023569902694,0.03742480981465345,0.9189728331950773
25958,LOF,0.06502056971538898,0.02674635760371888,0.908233072680892
25959,LOF,0.07177602898738848,0.3281231875729635,0.6001007834396481
25960,LOF,0.021810398420176135,0.051940446606220284,0.9262491549736035
25961,LOF,0.05038653142355355,0.03069934571935404,0.9189141228570923
25962,LOF,0.05130261261012376,0.03433387218930295,0.9143635152005734
25963,LOF,0.04428135558140901,0.18863488826813288,0.7670837561504582
25964,LOF,0.039129591841587937,0.15055004185889154,0.8103203662995204
25965,LOF,0.41718358077299317,0.08396037618336559,0.4988560430436412
25966,Neutral,0.4216217239942691,0.15684492157457816,0.4215333544311528
25967,LOF,0.012330245172827058,0.08347724560581642,0.9041925092213564
25968,GOF,0.03610984520883072,0.5187598736129808,0.44513028117818837
25969,LOF,0.025027603424627204,0.06174853006453852,0.9132238665108342
25970,LOF,0.05877255111708961,0.05787774017720328,0.8833497087057071
25971,LOF,0.08365744317819425,0.015233341291528712,0.9011092155302771
25972,LOF,0.08605401899825918,0.021851390045595834,0.8920945909561451
25973,LOF,0.1104499243652436,0.005082839401564301,0.8844672362331921
25974,LOF,0.20761739204353002,0.013527808650090819,0.7788547993063791
25975,LOF,0.06080977383197116,0.017878623222954488,0.9213116029450743
25976,LOF,0.04877162354207531,0.011580126419944482,0.9396482500379801
25977,LOF,0.15617084815057644,0.08620670357392,0.7576224482755035
25978,LOF,0.14333262880585806,0.04987680333291302,0.8067905678612288
25979,LOF,0.13700841036516023,0.05410804529918372,0.808883544335656
25980,LOF,0.19739213845069542,0.06365931446411968,0.738948547085185
25981,LOF,0.22898266268978487,0.061594867998085855,0.7094224693121293
25982,LOF,0.4034155957030625,0.04884648716316482,0.5477379171337726
25983,LOF,0.38409927831426643,0.04781446318463943,0.5680862585010942
25984,LOF,0.05631640814818315,0.05665630695510996,0.8870272848967069
25985,LOF,0.028050178060269763,0.2654057779965429,0.7065440439431874
25986,LOF,0.03921330781384931,0.2660913183221905,0.6946953738639602
25987,LOF,0.08281048080539559,0.07983184749565575,0.8373576716989486
25988,LOF,0.13865762596042988,0.06703420283566898,0.7943081712039011
25989,LOF,0.03166717594503263,0.12029560448181943,0.8480372195731479
25990,LOF,0.038955177390637356,0.14464662055605854,0.8163982020533042
25991,LOF,0.22330839551585707,0.3054059558390126,0.4712856486451304
25992,LOF,0.3476114080380132,0.18841554307167419,0.46397304889031254
25993,LOF,0.023269555101430285,0.07633783022361179,0.9003926146749579
25994,LOF,0.016581661866514615,0.111130056393976,0.8722882817395093
25995,LOF,0.026541798448722627,0.19914172858664084,0.7743164729646366
25996,GOF,0.29794613439774686,0.47991447444189367,0.2221393911603594
25997,GOF,0.10543128418754832,0.5010019244993278,0.3935667913131239
25998,Neutral,0.5558237010683164,0.019850109859019405,0.4243261890726642
25999,LOF,0.1519561892529547,0.1117259974946846,0.7363178132523608
26000,LOF,0.16194794009041605,0.030815696593817967,0.807236363315766
26001,LOF,0.1881022070443718,0.03403002611056015,0.777867766845068
26002,LOF,0.14435639230539166,0.03268294368537598,0.8229606640092324
26003,GOF,0.011578889523828113,0.5821121357000079,0.406308974776164
26004,GOF,0.03221903869588282,0.6539958609366446,0.31378510036747254
26005,LOF,0.009175169506134982,0.4585383748873455,0.5322864556065194
26006,Neutral,0.5277378110467481,0.22872886691840272,0.24353332203484915
26007,GOF,0.023236602638385714,0.5055750336316236,0.4711883637299907
26008,GOF,0.02285908788938708,0.5379282254215113,0.4392126866891015
26009,GOF,0.026667441218987162,0.5635424554979712,0.40979010328304155
26010,GOF,0.027965945349835496,0.6083731520868804,0.36366090256328426
26011,LOF,0.008143478436335146,0.4401706269702215,0.5516858945934433
26012,GOF,0.017873909741324027,0.5122445191434963,0.46988157111517953
26013,GOF,0.02073045655907245,0.5879586402709311,0.3913109031699964
26014,LOF,0.04368587594538291,0.1375283440598477,0.8187857799947693
26015,LOF,0.19837709251955574,0.013448839845414314,0.78817406763503
26016,LOF,0.2368513793726486,0.06061730232272242,0.7025313183046291
26017,LOF,0.24738380938743956,0.09124369172839575,0.6613724988841646
26018,LOF,0.10039669824288183,0.05145585686007749,0.8481474448970406
26019,LOF,0.0957062575047575,0.038178451769861906,0.8661152907253806
26020,LOF,0.06386823096453781,0.11966272398684165,0.8164690450486205
26021,LOF,0.05204956992947188,0.13879603592343934,0.8091543941470887
26022,LOF,0.01187853677834892,0.05797295695301113,0.93014850626864
26023,LOF,0.12193172255500677,0.030098927075906553,0.8479693503690866
26024,LOF,0.029971213611097603,0.1458921988446671,0.8241365875442354
26025,LOF,0.15309007511638115,0.11081648239743766,0.7360934424861812
26026,LOF,0.3324357388589556,0.027123665502292154,0.6404405956387522
26027,LOF,0.09151302706199867,0.024360835848697478,0.8841261370893039
26028,LOF,0.15153290491517366,0.07731172213475482,0.7711553729500715
26029,LOF,0.06476140442677213,0.16911008120983098,0.7661285143633969
26030,LOF,0.02471335634805273,0.04631837026001239,0.9289682733919349
26031,LOF,0.02797937450039428,0.13280409389582476,0.839216531603781
26032,LOF,0.06794669968545305,0.0509632617700158,0.8810900385445312
26033,LOF,0.11928305204659682,0.05614856132169316,0.8245683866317101
26034,LOF,0.04454065430839609,0.14199282808880523,0.8134665176027988
26035,LOF,0.027357961317710743,0.13241714556529982,0.8402248931169894
26036,LOF,0.04004866030283081,0.15477955156046364,0.8051717881367056
26037,LOF,0.023613816220877482,0.10970611143686614,0.8666800723422564
26038,LOF,0.0647874370646027,0.04952146713993322,0.8856910957954641
26039,LOF,0.055186768470739125,0.13776017086687772,0.8070530606623831
26040,LOF,0.1953930915779831,0.10210367454239305,0.7025032338796239
26041,LOF,0.024465196603375938,0.10092832003434363,0.8746064833622803
26042,LOF,0.023427854567398005,0.10079374859978328,0.8757783968328188
26043,LOF,0.06333995032291759,0.061018109001729486,0.875641940675353
26044,LOF,0.020974436272830015,0.060043256338661144,0.9189823073885087
26045,LOF,0.0760277708754321,0.09275268903531173,0.8312195400892561
26046,LOF,0.06548779826851633,0.06254729722248535,0.8719649045089983
26047,LOF,0.09541174651093645,0.0673603286914158,0.8372279247976477
26048,LOF,0.05277644394626051,0.045815202620932596,0.9014083534328068
26049,Neutral,0.9545184317940201,0.0065192539984361315,0.038962314207543904
26050,Neutral,0.9397102076831039,0.007723039997556965,0.05256675231933909
26051,LOF,0.04467539179119714,0.24581890351301972,0.7095057046957831
26052,LOF,0.06601887638837504,0.26397855324994596,0.6700025703616791
26053,LOF,0.05423965048875682,0.14083708407785603,0.8049232654333871
26054,LOF,0.06038630069629341,0.02026530581565909,0.9193483934880474
26055,LOF,0.07407575448699688,0.014995053670293572,0.9109291918427096
26056,LOF,0.061629356050562585,0.016760801967226218,0.9216098419822112
26057,LOF,0.032352891606557084,0.010525655680526604,0.9571214527129164
26058,LOF,0.032733065879179485,0.008972629152974074,0.9582943049678464
26059,LOF,0.2835486652013723,0.02601705469240258,0.6904342801062251
26060,LOF,0.02895107172264883,0.17490400431204334,0.7961449239653079
26061,LOF,0.018601284061022086,0.011696370667127757,0.9697023452718501
26062,LOF,0.01188270812638559,0.017704955015611572,0.9704123368580029
26063,LOF,0.022957464581836562,0.012091667549732536,0.964950867868431
26064,LOF,0.0239320167576666,0.020579483963964362,0.9554884992783691
26065,LOF,0.026300651940595613,0.011497352005130301,0.9622019960542741
26066,LOF,0.021359542490292805,0.010752337961429664,0.9678881195482776
26067,LOF,0.02762944814671827,0.007988460118055997,0.9643820917352258
26068,LOF,0.050737492866196846,0.031020916940080048,0.9182415901937231
26069,LOF,0.27800702818339373,0.018839304706014883,0.7031536671105915
26070,LOF,0.44557831482985216,0.014697343768177797,0.53972434140197
26071,LOF,0.025021446098277396,0.012093770895390866,0.9628847830063317
26072,LOF,0.02313483231227451,0.017951134348429158,0.9589140333392964
26073,LOF,0.026304565846391483,0.011187826702599149,0.9625076074510094
26074,Neutral,0.9142441272111764,0.006391232178931906,0.07936464060989169
26075,LOF,0.04692721028845479,0.015075238059982498,0.9379975516515626
26076,LOF,0.04622446086882907,0.008577738806145997,0.945197800325025
26077,LOF,0.00935466303488592,0.017234950246354,0.9734103867187601
26078,LOF,0.014828442641548954,0.0122077823608679,0.9729637749975831
26079,LOF,0.06319768476983624,0.01836573672507369,0.91843657850509
26080,LOF,0.0621663561658201,0.018367749082328293,0.9194658947518517
26081,LOF,0.03888528777291545,0.007011251332740843,0.9541034608943438
26082,LOF,0.018132431647109495,0.01671847918033211,0.9651490891725585
26083,LOF,0.1381790321781242,0.01237766797118353,0.8494432998506922
26084,LOF,0.027990052992516872,0.01116722710264622,0.9608427199048369
26085,LOF,0.022951280395637198,0.010725316659317075,0.9663234029450458
26086,LOF,0.024701472838077106,0.010937149568533824,0.964361377593389
26087,LOF,0.026179642642254523,0.007914155975507247,0.9659062013822381
26088,LOF,0.016697657749032667,0.024292196036080245,0.9590101462148871
26089,LOF,0.0479455345532988,0.024131565097194684,0.9279229003495065
26090,LOF,0.045857861176338506,0.018439630912086134,0.9357025079115755
26091,LOF,0.04046763210118492,0.006649341733775011,0.9528830261650402
26092,LOF,0.027624473003721423,0.008581335016296151,0.9637941919799824
26093,LOF,0.03958642385316584,0.0066167809578730604,0.9537967951889612
26094,LOF,0.04372846459732027,0.007099034440803059,0.9491725009618767
26095,LOF,0.05410767088586236,0.014762447039766556,0.931129882074371
26096,LOF,0.021840990197294158,0.012734285322902586,0.9654247244798033
26097,LOF,0.010945033205316644,0.03904751710218238,0.950007449692501
26098,LOF,0.07532377432490732,0.012426523502748409,0.9122497021723442
26099,LOF,0.025576428897119894,0.013400133314016559,0.9610234377888636
26100,LOF,0.027589082118496425,0.012795911142645536,0.959615006738858
26101,LOF,0.05968506805992495,0.0126479160049727,0.9276670159351023
26102,LOF,0.02658844256741048,0.013338721347047585,0.960072836085542
26103,Neutral,0.8875054848567058,0.01877265773667681,0.09372185740661738
26104,LOF,0.07372604357389038,0.030090108862378232,0.8961838475637314
26105,LOF,0.2393561179887064,0.26798728177989606,0.4926566002313976
26106,LOF,0.1802227498488684,0.1461186245245478,0.6736586256265837
26107,LOF,0.2470872088023903,0.09044197722192121,0.6624708139756885
26108,LOF,0.26195266310340287,0.12813483595925418,0.609912500937343
26109,LOF,0.09800102613609923,0.10669706477062484,0.7953019090932759
26110,LOF,0.2407859015492533,0.0060634601385794505,0.7531506383121673
26111,LOF,0.4644107186059657,0.017627944890227634,0.5179613365038066
26112,LOF,0.0347244877926046,0.00674174743773789,0.9585337647696575
26113,LOF,0.056945488766729224,0.013201510450396197,0.9298530007828746
26114,LOF,0.030487597371470783,0.021242371436709977,0.9482700311918192
26115,LOF,0.09172363887358786,0.054107767766348513,0.8541685933600637
26116,LOF,0.07610226307438826,0.05212182283086278,0.871775914094749
26117,LOF,0.40880117717874703,0.06086809208343447,0.5303307307378186
26118,LOF,0.03755996245759051,0.032245389460612346,0.9301946480817971
26119,LOF,0.022758704252285357,0.042061457990864415,0.9351798377568502
26120,LOF,0.029018619121042675,0.029345025608481637,0.9416363552704758
26121,LOF,0.05375857271226731,0.09716018890668743,0.8490812383810453
