feature0,prediction,LoGoFunc_Neutral,LoGoFunc_GOF,LoGoFunc_LOF
25546,Neutral,0.6251310814764793,0.06024331310727573,0.3146256054162449
25547,Neutral,0.5228106165948254,0.09705077806567122,0.38013860533950333
25548,Neutral,0.5100213512495364,0.07898628056239788,0.41099236818806567
25549,LOF,0.4579144524119065,0.07945458242463192,0.46263096516346147
25550,LOF,0.35240405844140105,0.1292911002874689,0.5183048412711301
25551,LOF,0.291096432718773,0.14433000511486116,0.5645735621663658
25552,LOF,0.2617616840084358,0.1477125617976553,0.5905257541939088
25553,Neutral,0.7959847232075307,0.04994317768513986,0.15407209910732944
25554,LOF,0.30810895812652006,0.1348532605780194,0.5570377812954604
25555,LOF,0.2638828098231085,0.12907123511010193,0.6070459550667895
25556,LOF,0.4415908851559366,0.10882108864296305,0.4495880262011003
25557,LOF,0.26151747566840844,0.1362976133829223,0.6021849109486693
25558,LOF,0.3181913429138578,0.12990356953176802,0.5519050875543743
25559,LOF,0.2040929563041162,0.08968691393730004,0.7062201297585837
25560,LOF,0.12905834623598803,0.1396240248656509,0.7313176288983612
25561,LOF,0.12554400423008233,0.18669726110497403,0.6877587346649436
25562,LOF,0.047246731518896926,0.10603947499300201,0.8467137934881012
25563,LOF,0.014934837887778388,0.1563439856594118,0.8287211764528098
25564,LOF,0.12800420025003767,0.12650346316728786,0.7454923365826746
25565,LOF,0.1949823634038843,0.13653881874581977,0.668478817850296
25566,GOF,0.06556419631575665,0.6708917613566794,0.2635440423275641
25567,LOF,0.038858190682162584,0.17236562311881728,0.7887761861990201
25568,LOF,0.06308548392460546,0.09935898101811699,0.8375555350572775
25569,LOF,0.06521239991808661,0.08867128651446492,0.8461163135674485
25570,LOF,0.03033011929828849,0.12998555183770102,0.8396843288640106
25571,LOF,0.02905583558895531,0.14255431466667703,0.8283898497443677
25572,LOF,0.06542549607973841,0.16545852815201123,0.7691159757682504
25573,LOF,0.054887145086891374,0.1200270554956848,0.8250857994174238
25574,LOF,0.059634783703322584,0.2242021619985321,0.7161630542981453
25575,LOF,0.02437511781746299,0.14724777789354973,0.8283771042889871
25576,LOF,0.029200294917404706,0.20582488241507965,0.7649748226675156
25577,LOF,0.03232234388248618,0.15223242984017693,0.815445226277337
25578,LOF,0.2922438834850874,0.11958443388665825,0.5881716826282544
25579,LOF,0.18136465000806345,0.11401088298006373,0.7046244670118729
25580,LOF,0.0213516988191749,0.09798092094146582,0.8806673802393593
25581,LOF,0.05360634853649931,0.0928537646250441,0.8535398868384565
25582,LOF,0.05337160572253866,0.09110852487021597,0.8555198694072452
25583,LOF,0.024641519432427476,0.1032738183243028,0.8720846622432696
25584,Neutral,0.6811100096295919,0.1559015947611757,0.16298839560923237
25585,LOF,0.022009349242248656,0.18686251513501395,0.7911281356227375
25586,LOF,0.01854459252482233,0.09258114283524595,0.8888742646399317
25587,LOF,0.018866344305266885,0.08666237440366845,0.8944712812910646
25588,LOF,0.02202470076159027,0.09652368589121736,0.8814516133471925
25589,Neutral,0.5071047388772619,0.2614249492521571,0.231470311870581
25590,LOF,0.0488089872067709,0.1550809804666042,0.7961100323266249
25591,LOF,0.09073968729293536,0.07784639675559316,0.8314139159514716
25592,LOF,0.05828981587075947,0.19339736417707537,0.7483128199521653
25593,LOF,0.11119772172221824,0.30409362123175276,0.584708657046029
25594,LOF,0.05413745376844823,0.06935247375403966,0.876510072477512
25595,LOF,0.05086487171902753,0.044106052877348687,0.9050290754036238
25596,LOF,0.11651178149883697,0.024107547698222917,0.8593806708029401
25597,LOF,0.08675460479880241,0.027249116701074962,0.8859962785001225
25598,LOF,0.051119061434750805,0.04849441911814481,0.9003865194471045
25599,LOF,0.026212123266806896,0.3842541649157228,0.5895337118174702
25600,LOF,0.20471523626642285,0.38733419860832424,0.40795056512525296
25601,LOF,0.046810873734251475,0.325328486500365,0.6278606397653835
25602,LOF,0.0312677775827602,0.07096952394290536,0.8977626984743344
25603,LOF,0.041914114935151583,0.040772711978787034,0.9173131730860614
25604,LOF,0.04213698315368331,0.09625574207402633,0.8616072747722903
25605,LOF,0.03450319257459947,0.18748362735921217,0.7780131800661884
25606,LOF,0.429176512117188,0.12483247859472764,0.4459910092880844
25607,LOF,0.02694677228809569,0.19533643916863527,0.777716788543269
25608,LOF,0.037012888912119436,0.09868158064489044,0.8643055304429901
25609,GOF,0.12399038060275978,0.532653858018037,0.3433557613792032
25610,LOF,0.014918436133213992,0.04879990748139549,0.9362816563853905
25611,LOF,0.013070803180651777,0.056622688476041724,0.9303065083433064
25612,LOF,0.05149734041333154,0.060237718559659974,0.8882649410270085
25613,LOF,0.047014575303902774,0.058142635216527246,0.89484278947957
25614,LOF,0.02310626890995453,0.04224878352724721,0.9346449475627983
25615,LOF,0.044847398475304535,0.06483256071150562,0.8903200408131898
25616,LOF,0.05061685285862077,0.04625032952218891,0.9031328176191904
25617,LOF,0.04178052938121337,0.05601939919312929,0.9022000714256574
25618,LOF,0.048519927100100654,0.0707088255316462,0.8807712473682531
25619,LOF,0.01274842860809594,0.05755032881987434,0.9297012425720298
25620,LOF,0.05976376246128907,0.0620386442917471,0.8781975932469638
25621,LOF,0.060722388652151474,0.058315391270395533,0.8809622200774531
25622,LOF,0.06884650228690352,0.06638102802043779,0.8647724696926586
25623,LOF,0.0706441483694261,0.045538543142617946,0.8838173084879559
25624,LOF,0.01883337872333626,0.05541585003359168,0.925750771243072
25625,LOF,0.06435666135335454,0.06197077954383985,0.8736725591028055
25626,LOF,0.05377741048080211,0.05424991564777318,0.8919726738714248
25627,Neutral,0.879623254937372,0.01937652129733005,0.10100022376529785
25628,LOF,0.15469367312577245,0.05392200321171054,0.791384323662517
25629,LOF,0.07093458763850793,0.04420156522135786,0.8848638471401342
25630,LOF,0.27123726275060733,0.05819079237207041,0.6705719448773223
25631,Neutral,0.5508146455885511,0.05568656989253171,0.3934987845189171
25632,LOF,0.02451989873069996,0.07889305144912613,0.8965870498201739
25633,LOF,0.19547019442015723,0.0389073504948691,0.7656224550849737
25634,LOF,0.0388624536185369,0.08091840872611512,0.880219137655348
25635,LOF,0.036204539124318494,0.0385931257610696,0.9252023351146119
25636,GOF,0.03529965880624384,0.48781262418543464,0.4768877170083216
25637,GOF,0.05810581867612167,0.5325360911086373,0.4093580902152409
25638,LOF,0.029159225113515028,0.4100169795412953,0.5608237953451896
25639,LOF,0.028130061857649977,0.47480983861968973,0.4970600995226602
25640,Neutral,0.8515637922202187,0.09878703830800394,0.04964916947177745
25641,GOF,0.08154992378015168,0.48102433414102314,0.437425742078825
25642,LOF,0.07147002086343884,0.17969417269017698,0.7488358064463841
25643,LOF,0.23987125168718074,0.15041956286479627,0.609709185448023
25644,GOF,0.013836254507435568,0.5143205872819908,0.4718431582105736
25645,LOF,0.017154957022023284,0.4618325901868359,0.5210124527911408
25646,LOF,0.0480829833500518,0.33443406633496786,0.6174829503149804
25647,LOF,0.016953616154660296,0.25346124904428613,0.7295851348010535
25648,LOF,0.019486341665060948,0.267098451630391,0.713415206704548
25649,LOF,0.011583417791596384,0.22041594928463723,0.7680006329237664
25650,LOF,0.03239818127170439,0.41044337177178575,0.55715844695651
25651,LOF,0.012752685078073513,0.2701625979202218,0.7170847170017046
25652,LOF,0.02181581339394898,0.26758661774404957,0.7105975688620015
25653,LOF,0.05127124005762392,0.45432506182799887,0.49440369811437707
25654,LOF,0.014166500239147334,0.20516981252125152,0.7806636872396011
25655,GOF,0.16551975798490773,0.4477638771077451,0.3867163649073471
25656,LOF,0.3069912635850171,0.13065952466727235,0.5623492117477105
25657,LOF,0.05310177648115174,0.1232951517950514,0.8236030717237968
25658,LOF,0.2998821603367595,0.11827138080452909,0.5818464588587113
25659,Neutral,0.42477861385792887,0.15121131193766618,0.4240100742044049
25660,LOF,0.023312973102424184,0.10459512713248517,0.8720918997650907
25661,LOF,0.09673569382463272,0.06111414741914791,0.8421501587562195
25662,LOF,0.03727221478053026,0.03486849491421631,0.9278592903052535
25663,LOF,0.043948619167152876,0.04604088230832632,0.9100104985245207
25664,LOF,0.1366315198198602,0.0721832959245093,0.7911851842556306
25665,LOF,0.06397234432765274,0.02945736827354767,0.9065702873987995
25666,LOF,0.09807773722759627,0.06671673881921679,0.8352055239531869
25667,LOF,0.07578830541398544,0.04310707298990846,0.881104621596106
25668,LOF,0.03946448370328035,0.04818984120777118,0.9123456750889486
25669,LOF,0.0325921670614586,0.045016867406106754,0.9223909655324347
25670,LOF,0.14648418318188383,0.0676533698240062,0.78586244699411
25671,LOF,0.12466452287606719,0.03623590934110078,0.8390995677828321
25672,LOF,0.05564926486361607,0.044555969433932315,0.8997947657024516
25673,LOF,0.08618637168328461,0.05555255355815338,0.8582610747585621
25674,LOF,0.07264060131101924,0.0687312474297573,0.8586281512592235
25675,LOF,0.1116043555779865,0.07482713188123802,0.8135685125407754
25676,LOF,0.020645669522036565,0.05372195193040159,0.9256323785475619
25677,LOF,0.02569306350823479,0.07413493469483277,0.9001720017969324
25678,LOF,0.20078141779354486,0.07875660268943835,0.7204619795170168
25679,LOF,0.13004935782206037,0.08601562781633011,0.7839350143616095
25680,LOF,0.037563796997709176,0.1160050479444634,0.8464311550578274
25681,LOF,0.05340295904320061,0.10797731508089396,0.8386197258759055
25682,LOF,0.14346428343313983,0.08356198004865209,0.772973736518208
25683,LOF,0.12552518510899172,0.09421283874953489,0.7802619761414734
25684,LOF,0.043765186614157216,0.07254807084848847,0.8836867425373542
25685,LOF,0.14626037746047993,0.06423259203146246,0.7895070305080576
25686,LOF,0.08522235512175644,0.10995545750446667,0.804822187373777
25687,LOF,0.1397168261540318,0.11039695654626881,0.7498862172996994
25688,LOF,0.41348725370366507,0.04382054109986259,0.5426922051964723
25689,LOF,0.2867431626464227,0.05051464480707376,0.6627421925465036
25690,LOF,0.3400857161166944,0.04216077129299901,0.6177535125903065
25691,Neutral,0.7000113639143516,0.034687571580771376,0.26530106450487706
25692,LOF,0.3720543297556011,0.012042720901379951,0.615902949343019
25693,LOF,0.045859350198403676,0.405338989788582,0.5488016600130143
25694,LOF,0.12241950852653558,0.023438503286489606,0.8541419881869748
25695,LOF,0.1169459135358592,0.01984117141575853,0.8632129150483824
25696,LOF,0.11938875503807574,0.013060987063556243,0.8675502578983679
25697,LOF,0.08482445213144747,0.06239683991088629,0.8527787079576662
25698,LOF,0.34222438823635115,0.16655336264785428,0.49122224911579454
25699,Neutral,0.5184450645488321,0.034714273308391046,0.44684066214277685
25700,LOF,0.09276714753148055,0.007933652562992617,0.8992991999055269
25701,LOF,0.18252985571974095,0.038500396047686285,0.7789697482325728
25702,GOF,0.162466969968201,0.6195982885317267,0.21793474150007225
25703,LOF,0.016177309355464693,0.14209858550480384,0.8417241051397315
25704,LOF,0.04083383664560959,0.11008199474653355,0.849084168607857
25705,LOF,0.04818775406570108,0.13518730632730963,0.8166249396069893
25706,LOF,0.14002800683658725,0.4188380077245473,0.4411339854388653
25707,LOF,0.10619188381347323,0.35508304059522644,0.5387250755913005
25708,LOF,0.046114217918567145,0.29875634143898233,0.6551294406424506
25709,LOF,0.06619691696247153,0.04111372256113386,0.8926893604763947
25710,LOF,0.012610538563609712,0.13882399954517588,0.8485654618912144
25711,LOF,0.022454056253047687,0.08745756970226498,0.8900883740446873
25712,LOF,0.015990391842339025,0.16847603766165656,0.8155335704960045
25713,LOF,0.019642394108041087,0.0837485555657851,0.8966090503261738
25714,LOF,0.07595824719424028,0.07152699791423012,0.8525147548915297
25715,LOF,0.012469574552813547,0.1260417744237702,0.8614886510234162
25716,LOF,0.011259670062712187,0.10123845164109609,0.8875018782961918
25717,LOF,0.015091367488132399,0.06914456219608897,0.9157640703157786
25718,LOF,0.01224504721380337,0.07710963178871219,0.9106453209974845
25719,LOF,0.02132681410189372,0.06841078281398195,0.9102624030841242
25720,LOF,0.025852601466018952,0.06283957664478321,0.9113078218891979
25721,LOF,0.014288882183913599,0.12000179339167046,0.8657093244244161
25722,LOF,0.015145754530171156,0.10269652814101556,0.8821577173288133
25723,LOF,0.025136754025555035,0.04198970809178038,0.9328735378826647
25724,LOF,0.03299565477703662,0.07678510817456946,0.890219237048394
25725,LOF,0.012636557794134872,0.06793971497358281,0.9194237272322824
25726,LOF,0.01658796559795269,0.10483705663566682,0.8785749777663804
25727,LOF,0.012808690248664425,0.07322235086935104,0.9139689588819845
25728,LOF,0.010665283877187228,0.10135803797694617,0.8879766781458667
25729,LOF,0.01089937405123999,0.09765739609106325,0.8914432298576966
25730,LOF,0.014701495650284216,0.09376473742276403,0.8915337669269517
25731,LOF,0.019263112279694915,0.08944522405620044,0.8912916636641046
25732,LOF,0.014296779260961644,0.06831923973965043,0.9173839809993879
25733,LOF,0.016928376571725037,0.06185217670557856,0.9212194467226964
25734,LOF,0.011399190547757213,0.11499118916463114,0.8736096202876116
25735,LOF,0.012786303798567926,0.07281936874301496,0.9143943274584171
25736,LOF,0.013679200929029068,0.08780937812742097,0.8985114209435501
25737,LOF,0.012899756577222756,0.0784747136741873,0.9086255297485899
25738,LOF,0.01265364778702233,0.09140441503800148,0.8959419371749762
25739,LOF,0.021777841908160924,0.07143916869040717,0.9067829894014318
25740,LOF,0.02928057408805861,0.10493041742515778,0.8657890084867836
25741,LOF,0.016325404550816082,0.0965566014646762,0.8871179939845077
25742,LOF,0.11721495657751678,0.06798697842743291,0.8147980649950503
25743,LOF,0.03796318481423921,0.05736135048125577,0.904675464704505
25744,Neutral,0.5804809735173844,0.22986845400076386,0.18965057248185166
25745,LOF,0.06585175633132703,0.08682952476803062,0.8473187189006424
25746,LOF,0.04181298602188345,0.11726191685555455,0.8409250971225619
25747,LOF,0.0211360188612658,0.07336536137080658,0.9054986197679276
25748,LOF,0.11814381109040181,0.1241199395626139,0.7577362493469842
25749,LOF,0.025091182846245112,0.10733912057911053,0.8675696965746443
25750,LOF,0.07414022917858021,0.10007409387419254,0.8257856769472273
25751,LOF,0.09579920989800962,0.12688779025260705,0.7773129998493833
25752,GOF,0.11558013721119739,0.6224247621403433,0.2619951006484594
25753,LOF,0.022573594372968533,0.30715861351241264,0.6702677921146188
25754,GOF,0.01405009129365432,0.7964360032232202,0.1895139054831255
25755,LOF,0.024254444557924054,0.3991521170999801,0.5765934383420959
25756,LOF,0.04723605303601657,0.3943873781210165,0.5583765688429669
25757,GOF,0.019169668661510455,0.8527246483781535,0.12810568296033592
25758,GOF,0.03120129325029594,0.7694652180958431,0.19933348865386102
25759,GOF,0.011084931454926608,0.592053760888863,0.3968613076562104
25760,LOF,0.014108837832764653,0.28000132114680204,0.7058898410204334
25761,GOF,0.2701706670273114,0.6368057285822812,0.09302360439040736
25762,LOF,0.04771773220250972,0.27751076453660717,0.6747715032608832
25763,LOF,0.015134218875414123,0.2031045929825299,0.7817611881420559
25764,GOF,0.0813711430548961,0.6216005705600838,0.2970282863850201
25765,GOF,0.038792445946571594,0.7288962183682381,0.23231133568519027
25766,GOF,0.06975285179525163,0.7846742003288686,0.14557294787587974
25767,GOF,0.15001348269302966,0.5936744432209364,0.2563120740860339
25768,LOF,0.10273332838839866,0.06524138814127833,0.832025283470323
25769,LOF,0.04718943366926975,0.0671762552811112,0.8856343110496191
25770,LOF,0.3306573204778301,0.13761225145049577,0.5317304280716741
25771,LOF,0.04541260692289184,0.060472247446273476,0.8941151456308346
25772,LOF,0.01802202184777708,0.049766836007225576,0.9322111421449975
25773,LOF,0.04964592957186873,0.09295727220197608,0.8573967982261551
25774,LOF,0.027744595834900777,0.10524874662129732,0.867006657543802
25775,LOF,0.051193711652485964,0.060337322040312134,0.8884689663072018
25776,LOF,0.06648068402408765,0.03203135607208696,0.9014879599038254
25777,LOF,0.3400401455289219,0.08883352759604225,0.5711263268750358
25778,LOF,0.06269222092797494,0.05289665755676502,0.88441112151526
25779,GOF,0.3732705382115818,0.578392443290171,0.04833701849824716
25780,GOF,0.3135101348323588,0.6117225901117151,0.07476727505592597
25781,GOF,0.14634854829843977,0.74960039477349,0.10405105692807017
25782,GOF,0.2081256674227399,0.7037427541130542,0.08813157846420587
25783,GOF,0.02409494282844306,0.6333326501313,0.34257240704025704
25784,Neutral,0.5132670188483396,0.44238030353622854,0.04435267761543198
25785,Neutral,0.5047855816200744,0.4571277200686124,0.038086698311313213
25786,GOF,0.03214383658595157,0.7617005415427966,0.2061556218712517
25787,Neutral,0.6659962737323718,0.3070011466896049,0.02700257957802332
25788,LOF,0.054874875046244644,0.08592439908858773,0.8592007258651676
25789,GOF,0.2408925708453779,0.6111945261244112,0.14791290303021096
25790,GOF,0.24053471722801814,0.6567217743399059,0.10274350843207611
25791,GOF,0.16437544455095918,0.6554160762666849,0.18020847918235602
25792,GOF,0.3684434204380676,0.4955815136200844,0.13597506594184802
25793,GOF,0.29933193425938087,0.4889201093205778,0.21174795642004127
25794,GOF,0.3292539679339947,0.4871128762047567,0.18363315586124865
25795,GOF,0.08137127588470923,0.6687519398297683,0.2498767842855224
25796,Neutral,0.5321447557854798,0.37542905110359764,0.09242619311092251
25797,GOF,0.08835070358904437,0.5273804963743546,0.3842688000366011
25798,GOF,0.008450843885721347,0.5168752694981911,0.4746738866160875
25799,LOF,0.0073002564503250305,0.4083397026953877,0.5843600408542872
25800,GOF,0.03450160812609326,0.5960426529446212,0.3694557389292856
25801,GOF,0.22096085235735324,0.6630257078489672,0.1160134397936796
25802,GOF,0.06614885224192052,0.6888921229034477,0.2449590248546319
25803,GOF,0.034810655311670866,0.5628995410309585,0.4022898036573706
25804,GOF,0.03765047581839063,0.5065687540719245,0.4557807701096849
25805,GOF,0.12019510361818277,0.5665598752836728,0.3132450210981444
25806,GOF,0.12798362926742776,0.5802098282543339,0.29180654247823834
25807,GOF,0.02184909671696649,0.6208364684358965,0.35731443484713715
25808,GOF,0.10354166566959945,0.6045501707177989,0.2919081636126017
25809,GOF,0.02192950133691468,0.6108329217344758,0.36723757692860953
25810,GOF,0.02088179885959944,0.604421019798711,0.37469718134168967
25811,Neutral,0.46430223418754857,0.4542815655753936,0.08141620023705777
25812,GOF,0.04088886879691038,0.6072240702918673,0.3518870609112223
25813,Neutral,0.5224860899238198,0.3675669134958744,0.1099469965803058
25814,GOF,0.13015574148048184,0.6339074616838614,0.2359367968356568
25815,GOF,0.197931848152378,0.5884856135745156,0.2135825382731065
25816,GOF,0.02360126235074681,0.6458109957189422,0.330587741930311
25817,GOF,0.23519484454200745,0.608963791216589,0.15584136424140357
25818,GOF,0.054889093005142636,0.5577229353499412,0.38738797164491606
25819,GOF,0.37536555137437666,0.44373302231897727,0.18090142630664605
25820,GOF,0.1818965330556839,0.556478476014996,0.2616249909293202
25821,GOF,0.05785806565025393,0.6099134701515041,0.332228464198242
25822,GOF,0.21956696172123782,0.5020930531381229,0.27833998514063923
25823,LOF,0.031982809863202746,0.4805682944005789,0.48744889573621847
25824,GOF,0.07640290902967592,0.5187212284910521,0.404875862479272
25825,GOF,0.028783436380825915,0.5114894088486182,0.45972715477055587
25826,LOF,0.010628273248295865,0.4907838028642755,0.49858792388742856
25827,GOF,0.020601822223937933,0.5631506618383646,0.41624751593769743
25828,LOF,0.012921130871357177,0.47901963399007985,0.508059235138563
25829,GOF,0.006547244323887427,0.5187274134153552,0.4747253422607574
25830,LOF,0.04008247103313901,0.24335057106516395,0.716566957901697
25831,GOF,0.18782978752694945,0.6557698245098242,0.15640038796322622
25832,GOF,0.03192202058630487,0.6527830313640799,0.31529494804961533
25833,GOF,0.1341133233488913,0.6538660997804205,0.21202057687068807
25834,GOF,0.03624010857991039,0.6515074989403749,0.31225239247971476
25835,GOF,0.09024749162134214,0.6616730733386537,0.24807943504000438
25836,GOF,0.04395918259860692,0.6169252059899363,0.33911561141145685
25837,GOF,0.023551550143766673,0.5192869875509212,0.4571614623053121
25838,GOF,0.08121241851535844,0.7169966541084339,0.20179092737620774
25839,GOF,0.2836958429610365,0.5666355729900843,0.1496685840488793
25840,GOF,0.24528841638656187,0.5786064403265272,0.1761051432869109
25841,GOF,0.24089278668498457,0.5846138882229779,0.17449332509203758
25842,GOF,0.19473013558134342,0.6445640622250045,0.16070580219365202
25843,GOF,0.22859823539177232,0.6526298286692904,0.11877193593893726
25844,GOF,0.0614779006409234,0.6595715019513879,0.2789505974076888
25845,LOF,0.013715405526177308,0.4922327771278315,0.4940518173459913
25846,GOF,0.10775073133650717,0.7065873785472206,0.18566189011627215
25847,GOF,0.12750005337422182,0.7373253695486627,0.1351745770771154
25848,GOF,0.03686133712663733,0.6596350533442955,0.3035036095290672
25849,GOF,0.00994772748422015,0.5453110557357047,0.4447412167800751
25850,GOF,0.023091642696094015,0.6375820677821634,0.3393262895217426
25851,GOF,0.01766316585431513,0.5375993087390313,0.44473752540665357
25852,GOF,0.17610711898793163,0.5483369394216854,0.27555594159038294
25853,GOF,0.3704394201066365,0.5440968597471335,0.08546372014623016
25854,GOF,0.021659024010985222,0.5772456199902544,0.40109535599876045
25855,GOF,0.03796826014666723,0.5537151773683187,0.4083165624850141
25856,GOF,0.22994105398937353,0.5141429110060088,0.2559160350046175
25857,LOF,0.035466049265832904,0.47226878944038647,0.49226516129378056
25858,GOF,0.018069442342795252,0.5363885347689756,0.44554202288822903
25859,GOF,0.010766298959049918,0.5169242573923623,0.47230944364858796
25860,GOF,0.38503442337043703,0.5267744156458836,0.0881911609836795
25861,GOF,0.4315467219090945,0.48583066635333333,0.0826226117375722
25862,GOF,0.09480509585394951,0.7393781984145675,0.16581670573148305
25863,GOF,0.10314248941636828,0.729604448923775,0.16725306165985676
25864,GOF,0.24092081166600213,0.6692945107130555,0.0897846776209425
25865,GOF,0.10210682685164554,0.7528200364932087,0.14507313665514573
25866,GOF,0.07123697222777692,0.7585964658993071,0.17016656187291604
25867,GOF,0.10012543056263104,0.7802778564868595,0.11959671295050937
25868,GOF,0.2808565529041445,0.6118718939578307,0.10727155313802472
25869,Neutral,0.6850730032851584,0.2725312901428438,0.042395706571997795
25870,LOF,0.3143840767007484,0.25505214176251445,0.4305637815367371
25871,GOF,0.20882848198216727,0.6038827746666052,0.18728874335122764
25872,GOF,0.09119533173228953,0.60952237814533,0.2992822901223805
25873,GOF,0.16436059673292255,0.5982571521204754,0.2373822511466021
25874,LOF,0.019324321948871737,0.10563199223426538,0.8750436858168629
25875,LOF,0.09256989238077662,0.0346037219855158,0.8728263856337076
25876,LOF,0.03757412772158555,0.03808278361250574,0.9243430886659088
25877,Neutral,0.5205653189456702,0.03643154800272059,0.4430031330516092
25878,LOF,0.22675240200712304,0.06730430876299315,0.7059432892298838
25879,LOF,0.08940618595870722,0.07081848169545114,0.8397753323458418
25880,LOF,0.024468984475514006,0.018070553910607478,0.9574604616138784
25881,LOF,0.1927390785759569,0.10027756778745582,0.7069833536365873
25882,LOF,0.07507764261476872,0.016932804785031345,0.9079895526001999
25883,LOF,0.08653106334622945,0.018570739354592514,0.8948981972991781
25884,LOF,0.040686061996154516,0.02965946421529163,0.9296544737885539
25885,LOF,0.07575586386664818,0.01090703449273342,0.9133371016406184
25886,LOF,0.33102164698381414,0.029140516809737182,0.6398378362064487
25887,LOF,0.18372791614510178,0.05275956232293784,0.7635125215319604
25888,LOF,0.0711518441593103,0.050985243373084924,0.8778629124676047
25889,LOF,0.05139954462129806,0.020073562629874923,0.928526892748827
25890,LOF,0.04463247107578519,0.14534988668989968,0.8100176422343153
25891,LOF,0.036942830118515554,0.047096651844623034,0.9159605180368613
25892,LOF,0.10460182543148781,0.01686852791304113,0.8785296466554711
25893,LOF,0.3029569279148892,0.011999534747264453,0.6850435373378463
25894,LOF,0.20196663298165599,0.006457783961758206,0.7915755830565858
25895,LOF,0.21600374743242923,0.014060328391851064,0.7699359241757198
25896,LOF,0.05431890276812254,0.014628349948120916,0.9310527472837566
25897,LOF,0.27184317490781895,0.00912757742745069,0.7190292476647303
25898,Neutral,0.7261805732451626,0.007237415666562439,0.26658201108827484
25899,LOF,0.2601770184912518,0.015869573681599226,0.723953407827149
25900,LOF,0.47361239345204104,0.012689212099240049,0.5136983944487189
25901,LOF,0.06506370688602853,0.00781518836217275,0.9271211047517988
25902,LOF,0.19686989588774648,0.007994728164675648,0.795135375947578
25903,Neutral,0.5575328496172167,0.02271426558709384,0.4197528847956894
25904,LOF,0.31669120961070124,0.0314531316240596,0.6518556587652392
25905,LOF,0.02749389621167444,0.27696344048319793,0.6955426633051277
25906,LOF,0.023212221093574962,0.06573405595147318,0.9110537229549519
25907,LOF,0.015213877971249174,0.2945157872819732,0.6902703347467777
25908,LOF,0.010645288869685235,0.19267043397981917,0.7966842771504956
25909,LOF,0.01432046005049627,0.12076406258785605,0.8649154773616478
25910,LOF,0.051575647066778196,0.13221497983126057,0.8162093731019612
25911,LOF,0.1374975739154132,0.0421666471224878,0.820335778962099
25912,LOF,0.04587249626997359,0.05880704135242352,0.8953204623776028
25913,LOF,0.3108270327866617,0.02870050386194588,0.6604724633513924
25914,LOF,0.02118757634367869,0.11063039949097717,0.8681820241653441
25915,Neutral,0.4158560653694385,0.32817003190458793,0.25597390272597353
25916,LOF,0.06222811250267978,0.3628965356324284,0.5748753518648918
25917,LOF,0.059702944806627294,0.07170364671854344,0.8685934084748292
25918,LOF,0.0315103347867411,0.07068421865861126,0.8978054465546477
25919,LOF,0.02508852745327809,0.07297675062197014,0.9019347219247518
25920,GOF,0.09233086031613817,0.4979443697643908,0.40972476991947104
25921,LOF,0.026644105228660123,0.022089031906266227,0.9512668628650737
25922,LOF,0.03556281220021377,0.014629493863535428,0.9498076939362508
25923,LOF,0.42307305452980676,0.016977185436076715,0.5599497600341166
25924,LOF,0.0404329510060059,0.03245273715078584,0.9271143118432082
25925,LOF,0.07105926830159363,0.02122424932058292,0.9077164823778234
25926,LOF,0.05311725664961728,0.016178542827347892,0.9307042005230348
25927,LOF,0.0757367407028936,0.06303382619481442,0.8612294331022919
25928,LOF,0.0217061056702243,0.030556628790696445,0.9477372655390792
25929,Neutral,0.5655723654505467,0.018327116400817127,0.4161005181486361
25930,LOF,0.06281107624048657,0.01515895948756248,0.9220299642719509
25931,LOF,0.031026527820572948,0.018714133580535766,0.9502593385988913
25932,LOF,0.03011652899047883,0.016674253871708317,0.9532092171378129
25933,LOF,0.041636051598193446,0.011247010938182167,0.9471169374636245
25934,LOF,0.026762786836172937,0.013735391622134933,0.9595018215416922
25935,LOF,0.06771352176864512,0.02334729830807058,0.9089391799232843
25936,LOF,0.05399277451097514,0.017184876141981772,0.9288223493470431
25937,LOF,0.02844005553127296,0.024774502210360753,0.9467854422583664
25938,LOF,0.06618939470494438,0.025821973920602634,0.907988631374453
25939,LOF,0.04343601223715669,0.009997469803674327,0.9465665179591689
25940,LOF,0.029843162858553967,0.3471709371086529,0.6229859000327931
25941,LOF,0.17460319315497738,0.09145014253191393,0.7339466643131086
25942,LOF,0.016974497123309194,0.03503057181523784,0.947994931061453
25943,LOF,0.28689218917599785,0.05717643459360657,0.6559313762303957
25944,Neutral,0.4912652774402823,0.03005268764075961,0.4786820349189581
25945,LOF,0.07317439560398509,0.021407744569785985,0.9054178598262289
25946,LOF,0.02815141582379025,0.11204113576855754,0.8598074484076522
25947,LOF,0.1155607011970663,0.18942999755675716,0.6950093012461764
25948,LOF,0.41625947445402156,0.014055199224983857,0.5696853263209946
25949,LOF,0.10355958267374472,0.059763417724090884,0.8366769996021645
25950,GOF,0.27084316285920157,0.4506387285203228,0.27851810862047566
25951,LOF,0.2657452916660983,0.2520191991291846,0.4822355092047172
25952,LOF,0.04521472360776672,0.43363624186180016,0.5211490345304332
25953,LOF,0.1425352201432765,0.11915877979909618,0.7383060000576274
25954,Neutral,0.4077679662150328,0.21602870727128556,0.37620332651368177
25955,LOF,0.06026364951386759,0.08368598181283748,0.8560503686732949
25956,LOF,0.21759709860892723,0.08461053088408516,0.6977923705069876
25957,LOF,0.04035655474879264,0.03448367137548936,0.925159773875718
25958,LOF,0.06103899933389747,0.026009733482740532,0.912951267183362
25959,LOF,0.06680989713156764,0.34141255387482017,0.5917775489936122
25960,LOF,0.02094280190999976,0.04836480069274899,0.9306923973972512
25961,LOF,0.049197136174769486,0.02864372128112216,0.9221591425441085
25962,LOF,0.05470924720098721,0.03188317643582703,0.9134075763631857
25963,LOF,0.05035300804223953,0.17118495091831737,0.778462041039443
25964,LOF,0.0361730795025074,0.1450087308810442,0.8188181896164484
25965,LOF,0.4302993620889353,0.08185246339321604,0.4878481745178486
25966,LOF,0.4104564070814232,0.16323298480504964,0.42631060811352717
25967,LOF,0.011833885264161546,0.07965441371515422,0.9085117010206841
25968,LOF,0.035711931366631686,0.4579457921056324,0.5063422765277359
25969,LOF,0.02520060381516217,0.06103665113796619,0.9137627450468716
25970,LOF,0.06176516507875084,0.05442804934387185,0.8838067855773774
25971,LOF,0.08091663824556856,0.015314745902354175,0.9037686158520772
25972,LOF,0.08140514097986189,0.020233695746568327,0.8983611632735699
25973,LOF,0.10952975608522737,0.006066533399912862,0.8844037105148599
25974,LOF,0.19028316065625436,0.014074396213196358,0.7956424431305493
25975,LOF,0.06402142025720746,0.02142880438369062,0.9145497753591019
25976,LOF,0.046821088390473366,0.011844954076944284,0.9413339575325823
25977,LOF,0.15280735128427483,0.08106436451815824,0.766128284197567
25978,LOF,0.1394477284436181,0.05142793462746476,0.8091243369289172
25979,LOF,0.1366596350692194,0.05090624848555376,0.8124341164452269
25980,LOF,0.18570594107627852,0.0672840022197439,0.7470100567039775
25981,LOF,0.2227049005859216,0.06509666543010882,0.7121984339839696
25982,LOF,0.41595138336846404,0.041820829572017874,0.542227787059518
25983,LOF,0.4075959949482171,0.04118364236662984,0.5512203626851531
25984,LOF,0.05805861159233875,0.05633609424356227,0.885605294164099
25985,LOF,0.026731850209636508,0.24012616367888842,0.7331419861114751
25986,LOF,0.03917978117277407,0.26218234273919805,0.698637876088028
25987,LOF,0.07791313906093743,0.07485122146276195,0.8472356394763005
25988,LOF,0.1394641610458417,0.0675486249777251,0.7929872139764332
25989,LOF,0.032019695639193914,0.11692952311752347,0.8510507812432826
25990,LOF,0.03958808669501456,0.14874466774813003,0.8116672455568554
25991,LOF,0.18460543758124287,0.2910060941774385,0.5243884682413186
25992,LOF,0.3623369165278157,0.17589096595010859,0.46177211752207575
25993,LOF,0.022364306464055187,0.0927220067069569,0.8849136868289879
25994,LOF,0.01603150882679214,0.11952991702108184,0.864438574152126
25995,LOF,0.02531217763174554,0.2077881709115507,0.7668996514567037
25996,GOF,0.2764693600138731,0.5170325734098553,0.2064980665762716
25997,GOF,0.11043217730379747,0.5156915821870197,0.37387624050918283
25998,Neutral,0.5313401632442654,0.023024260741143728,0.4456355760145909
25999,LOF,0.15080674838450492,0.1046099490567803,0.7445833025587149
26000,LOF,0.15144092880184362,0.03151366997315892,0.8170454012249975
26001,LOF,0.18288259068699225,0.033999546993843825,0.783117862319164
26002,LOF,0.12890366473383502,0.036024877953154524,0.8350714573130105
26003,GOF,0.010948947511311702,0.5850477435679051,0.40400330892078323
26004,GOF,0.030687208054683942,0.6775578212813327,0.29175497066398337
26005,LOF,0.009823984855378736,0.4483634610814991,0.5418125540631221
26006,Neutral,0.5421333248366779,0.22729376217538236,0.2305729129879398
26007,GOF,0.020338110311231103,0.504182244654254,0.4754796450345149
26008,GOF,0.021764776693357208,0.5608395299450162,0.4173956933616266
26009,GOF,0.025837418137195867,0.5846287939239635,0.38953378793884064
26010,GOF,0.0264667829523145,0.6125477029069938,0.3609855141406917
26011,LOF,0.008092665009767666,0.46433945202707205,0.5275678829631603
26012,GOF,0.018219445360686072,0.553446250328503,0.4283343043108109
26013,GOF,0.021136410764630253,0.5882152679691184,0.3906483212662515
26014,LOF,0.04563573538090525,0.12731944636635895,0.8270448182527358
26015,LOF,0.21786305065430392,0.013903356121760658,0.7682335932239354
26016,LOF,0.25412442114713624,0.054110403090359714,0.6917651757625041
26017,LOF,0.22554203362939906,0.09540536448200869,0.6790526018885923
26018,LOF,0.10136145234285075,0.056091610761615514,0.8425469368955338
26019,LOF,0.09561530238219051,0.041913909879113524,0.862470787738696
26020,LOF,0.06363460275870315,0.11192813552481938,0.8244372617164774
26021,LOF,0.04790363461963547,0.14887064939355535,0.8032257159868091
26022,LOF,0.011401948454696942,0.0560240205641207,0.9325740309811823
26023,LOF,0.1243088223987903,0.033855172149617904,0.8418360054515917
26024,LOF,0.03198988082203351,0.14142550746623395,0.8265846117117325
26025,LOF,0.163132663075695,0.1273286725042737,0.7095386644200312
26026,LOF,0.33793024946356875,0.029473171801625665,0.6325965787348056
26027,LOF,0.09240441661588565,0.02552329832418017,0.8820722850599342
26028,LOF,0.15960759044533326,0.07249250050242255,0.7678999090522443
26029,LOF,0.0614491111278384,0.17808231736261157,0.7604685715095502
26030,LOF,0.023619472678707926,0.052303507989085576,0.9240770193322065
26031,LOF,0.02816663340368966,0.15116190191757758,0.8206714646787328
26032,LOF,0.06977670800137312,0.054632525031777304,0.8755907669668495
26033,LOF,0.12506412463199787,0.06134094622456336,0.8135949291434388
26034,LOF,0.04340797392645544,0.15122382247583868,0.8053682035977058
26035,LOF,0.02768755849339321,0.13386940316325024,0.8384430383433565
26036,LOF,0.041673977591162904,0.16096654515465736,0.7973594772541798
26037,LOF,0.02339389237094865,0.11336104668392098,0.8632450609451304
26038,LOF,0.06558276092092287,0.051779876365077956,0.8826373627139992
26039,LOF,0.055457787224842466,0.13927588638091176,0.8052663263942458
26040,LOF,0.2048259969458778,0.10100663704669002,0.6941673660074321
26041,LOF,0.02475005510168176,0.10075950768622553,0.8744904372120926
26042,LOF,0.023644841566177525,0.10118563660472815,0.8751695218290942
26043,LOF,0.06433008670639563,0.06087163359626758,0.8747982796973367
26044,LOF,0.02016394324062254,0.05858201369084067,0.9212540430685369
26045,LOF,0.070756354356772,0.09338592617552588,0.8358577194677022
26046,LOF,0.06701398562815157,0.0638848406247964,0.8691011737470521
26047,LOF,0.09969017759514374,0.07195948089334281,0.8283503415115135
26048,LOF,0.050342857031456,0.03849235435726186,0.911164788611282
26049,Neutral,0.9561307137233579,0.007058333097300563,0.0368109531793416
26050,Neutral,0.9406145480758862,0.008546104253539905,0.050839347670574124
26051,LOF,0.05025488486190766,0.233458582279177,0.7162865328589152
26052,LOF,0.07064982811766057,0.2654940499473915,0.663856121934948
26053,LOF,0.06013887021626437,0.13651716866906638,0.8033439611146692
26054,LOF,0.0580507226081461,0.020049276570679456,0.9219000008211745
26055,LOF,0.07599172586757934,0.0150760545969214,0.9089322195354993
26056,LOF,0.060046867236868265,0.016793368551923944,0.9231597642112078
26057,LOF,0.03355947799947537,0.010891679054915641,0.955548842945609
26058,LOF,0.033833273120264996,0.009418648230896007,0.9567480786488389
26059,LOF,0.3283012295974555,0.025803169744458614,0.6458956006580859
26060,LOF,0.028572460203011366,0.17004017988075323,0.8013873599162353
26061,LOF,0.01964990967186443,0.011691309951485441,0.9686587803766502
26062,LOF,0.012655995826889652,0.01901177286502546,0.9683322313080849
26063,LOF,0.023322082773368363,0.011527207058155152,0.9651507101684764
26064,LOF,0.02467572080657256,0.017291264552905562,0.9580330146405219
26065,LOF,0.027262131454563993,0.01037074118985036,0.9623671273555856
26066,LOF,0.022586641260874955,0.010960910112386976,0.966452448626738
26067,LOF,0.02885995901980418,0.007634935114141782,0.9635051058660541
26068,LOF,0.047818114339012445,0.03295279139939824,0.9192290942615894
26069,LOF,0.27878726062374337,0.018474690992637023,0.7027380483836195
26070,LOF,0.3946075499647331,0.013587679442807674,0.5918047705924592
26071,LOF,0.026199306556118695,0.012238400043802288,0.961562293400079
26072,LOF,0.02098443120587097,0.01719633945081187,0.9618192293433171
26073,LOF,0.02665773313906499,0.010030015511522404,0.9633122513494126
26074,Neutral,0.9136526999205514,0.005766628976408224,0.0805806711030403
26075,LOF,0.046316594407289795,0.013917754817040058,0.9397656507756702
26076,LOF,0.04723609666537111,0.008776319941559328,0.9439875833930694
26077,LOF,0.009581578759070265,0.016648555518267077,0.9737698657226627
26078,LOF,0.014410032211641794,0.010778200921901522,0.9748117668664565
26079,LOF,0.05953693842314269,0.01722276494863022,0.923240296628227
26080,LOF,0.058119575909317066,0.017257464421474324,0.9246229596692086
26081,LOF,0.03933435833138007,0.006186261680981852,0.9544793799876381
26082,LOF,0.017781121774945053,0.0169965448552611,0.9652223333697938
26083,LOF,0.1382857662535941,0.01182821753010284,0.8498860162163031
26084,LOF,0.02889861844100167,0.011772802635644413,0.959328578923354
26085,LOF,0.02457116600282294,0.011258755694609247,0.9641700783025677
26086,LOF,0.026733154312678968,0.010502660995901303,0.9627641846914197
26087,LOF,0.028235011838498546,0.0067406832508308335,0.9650243049106706
26088,LOF,0.017173641464016513,0.024601287574990114,0.9582250709609934
26089,LOF,0.046941301675540247,0.023399465680678345,0.9296592326437815
26090,LOF,0.04506715059048369,0.018421454676597095,0.9365113947329193
26091,LOF,0.042709556943640634,0.0057342335993312,0.9515562094570281
26092,LOF,0.027556004995255626,0.007863532103144121,0.9645804629016004
26093,LOF,0.04017190085415881,0.005775644992564484,0.9540524541532767
26094,LOF,0.04610114397248146,0.006329386163458149,0.9475694698640603
26095,LOF,0.04739832323156927,0.01398877996345915,0.9386128968049715
26096,LOF,0.02218918403696166,0.011208717869299115,0.9666020980937391
26097,LOF,0.011952951130789135,0.03705127812623351,0.9509957707429775
26098,LOF,0.0679863987903116,0.011294109414101234,0.9207194917955872
26099,LOF,0.025960698591645057,0.011942491482835523,0.9620968099255194
26100,LOF,0.027707324318229098,0.011353852324907328,0.9609388233568635
26101,LOF,0.06028575107253893,0.010686946356277375,0.9290273025711838
26102,LOF,0.027689538514180323,0.012950000863048702,0.9593604606227709
26103,Neutral,0.8873958057728639,0.017707190159876696,0.09489700406725926
26104,LOF,0.08127371413724274,0.031107095305883903,0.8876191905568732
26105,LOF,0.23587013591854183,0.23867158561809146,0.5254582784633667
26106,LOF,0.1845837659854244,0.1139490843918533,0.7014671496227223
26107,LOF,0.27129380480308507,0.08305257323445633,0.6456536219624586
26108,LOF,0.25065121282578917,0.11299687129186485,0.636351915882346
26109,LOF,0.0890718276584884,0.104573637063962,0.8063545352775495
26110,LOF,0.23954580150449858,0.006120544328402552,0.7543336541670989
26111,LOF,0.45472055723666577,0.015546011269356085,0.5297334314939781
26112,LOF,0.03688446107176523,0.007071638753535653,0.956043900174699
26113,LOF,0.0625119348763837,0.013153267475132291,0.924334797648484
26114,LOF,0.027121760340457615,0.01954690551450864,0.9533313341450337
26115,LOF,0.09295264620968818,0.05089299515792663,0.8561543586323851
26116,LOF,0.07378738922358136,0.05205578341570975,0.8741568273607089
26117,LOF,0.42402359220569974,0.060284545148051864,0.5156918626462484
26118,LOF,0.03949522846677216,0.026638805541268993,0.9338659659919587
26119,LOF,0.023431701873224596,0.04300643037691762,0.9335618677498577
26120,LOF,0.031681197462642856,0.026336772430542433,0.9419820301068146
26121,LOF,0.05269261598130883,0.108112427657432,0.8391949563612592
26122,LOF,0.053329480195019374,0.04877196865327818,0.8978985511517024
