feature0,prediction,LoGoFunc_Neutral,LoGoFunc_GOF,LoGoFunc_LOF
25546,Neutral,0.6086999203537644,0.05255470262075479,0.33874537702548074
25547,Neutral,0.4712666259410154,0.09217065630571619,0.43656271775326827
25548,LOF,0.4531304093124007,0.07888869805179997,0.4679808926357994
25549,LOF,0.3951930102429892,0.07577507617731123,0.5290319135796996
25550,LOF,0.3351711528253027,0.10301247989475554,0.5618163672799419
25551,LOF,0.28448412347519664,0.11325392344693043,0.6022619530778729
25552,LOF,0.2504043857326955,0.11450473696298727,0.6350908773043172
25553,Neutral,0.7875140991849249,0.04171832657649061,0.17076757423858446
25554,LOF,0.29092977714074814,0.10295345651522858,0.6061167663440233
25555,LOF,0.24210279803882964,0.09595016043517386,0.6619470415259965
25556,LOF,0.41872943951838404,0.08900743071452688,0.4922631297670891
25557,LOF,0.2295162215885623,0.10234230376539585,0.6681414746460419
25558,LOF,0.28430887850044745,0.10001878804072672,0.6156723334588259
25559,LOF,0.25448525452543785,0.13589159332978465,0.6096231521447775
25560,LOF,0.1746864752898504,0.11575784846174464,0.709555676248405
25561,LOF,0.15869850833436647,0.1290189418116729,0.7122825498539607
25562,LOF,0.06349290692690382,0.08255484566544372,0.8539522474076524
25563,LOF,0.02455359592428659,0.14691920452590926,0.8285271995498041
25564,LOF,0.20869056552174065,0.13379814024069614,0.6575112942375632
25565,LOF,0.21090751275489353,0.14887170369162517,0.6402207835534812
25566,GOF,0.09356384970117049,0.7141209265158978,0.19231522378293178
25567,LOF,0.042722016626938655,0.14074870838092704,0.8165292749921342
25568,LOF,0.06758748505742312,0.07318480300549408,0.8592277119370829
25569,LOF,0.06528491402323407,0.0776600419075858,0.8570550440691802
25570,LOF,0.03072938233171054,0.0995164189092573,0.8697541987590321
25571,LOF,0.02869050285342982,0.10355068471417996,0.8677588124323903
25572,LOF,0.0642653606777412,0.1289605833011658,0.8067740560210931
25573,LOF,0.06848189671784465,0.08695967172987971,0.8445584315522757
25574,LOF,0.0628516735055849,0.196318266609146,0.7408300598852691
25575,LOF,0.02561115733107813,0.11361083233678787,0.8607780103321341
25576,LOF,0.032477569577914665,0.15907224735229236,0.8084501830697929
25577,LOF,0.03332895711551703,0.12200641629977163,0.8446646265847113
25578,LOF,0.33708047926619067,0.08170728545723982,0.5812122352765696
25579,LOF,0.1527383845873923,0.08910389177261957,0.7581577236399881
25580,LOF,0.022647705075111497,0.07882446604732907,0.8985278288775594
25581,LOF,0.060889551336898586,0.06765783213816967,0.8714526165249317
25582,LOF,0.06104024032693497,0.06598040156531491,0.8729793581077501
25583,LOF,0.024530002071307302,0.07661535035173604,0.8988546475769567
25584,Neutral,0.722916534351405,0.10464451211340645,0.17243895353518854
25585,LOF,0.02785944214392181,0.1469689161289207,0.8251716417271575
25586,LOF,0.01955297861987803,0.0712618903516383,0.9091851310284836
25587,LOF,0.01920175612079127,0.06100554505807362,0.9197926988211351
25588,LOF,0.02325552961028374,0.06930465129077036,0.9074398190989458
25589,Neutral,0.5184099028691889,0.2179754271242614,0.26361467000654976
25590,LOF,0.048668287447427544,0.1199323542655707,0.8313993582870018
25591,LOF,0.10965159793507853,0.056282597036700736,0.8340658050282208
25592,LOF,0.06150278257417054,0.14483766144206808,0.7936595559837614
25593,LOF,0.1521174903333234,0.26003852693675383,0.5878439827299227
25594,LOF,0.05094028416758982,0.0769698001186742,0.8720899157137361
25595,LOF,0.050010888427920897,0.05759405988399664,0.8923950516880825
25596,LOF,0.10009842220097245,0.03188530355930488,0.8680162742397227
25597,LOF,0.07829815564681888,0.0403334442294139,0.8813684001237672
25598,LOF,0.05122417722665884,0.0582390246403471,0.8905367981329941
25599,GOF,0.018587239376609922,0.5037231639793068,0.4776895966440833
25600,GOF,0.1691958911311516,0.514724959728983,0.3160791491398654
25601,LOF,0.039712645966373535,0.4164223671492317,0.5438649868843948
25602,LOF,0.033987024527830395,0.06110446829861307,0.9049085071735566
25603,LOF,0.03506032859529567,0.03680118666412166,0.9281384847405826
25604,LOF,0.03429963497141943,0.07200696018261926,0.8936934048459614
25605,LOF,0.03329768607803575,0.19695789875679304,0.7697444151651712
25606,LOF,0.4339496648197565,0.13013344786382505,0.4359168873164185
25607,LOF,0.028235677928299886,0.1823202941168113,0.7894440279548888
25608,LOF,0.035248855340076594,0.07276443041417033,0.8919867142457529
25609,GOF,0.13822613086971125,0.5481416624197382,0.31363220671055064
25610,LOF,0.016812916758861336,0.030435761037951422,0.9527513222031873
25611,LOF,0.015078325586393954,0.03395881046871639,0.9509628639448896
25612,LOF,0.048084768508743124,0.04678748447523076,0.905127747016026
25613,LOF,0.044505513183523686,0.047331927068613916,0.9081625597478624
25614,LOF,0.022340164041556417,0.026923554363494945,0.9507362815949487
25615,LOF,0.03998890161494377,0.04609220674811651,0.9139188916369397
25616,LOF,0.049855931549221466,0.03177535132851868,0.9183687171222598
25617,LOF,0.04301662848299056,0.04473811775060467,0.9122452537664048
25618,LOF,0.04887333849528787,0.03769953704832393,0.9134271244563883
25619,LOF,0.013907547015776556,0.034317817243795894,0.9517746357404276
25620,LOF,0.06086158127220136,0.04898735202485638,0.8901510667029423
25621,LOF,0.05273022979695778,0.036575870890199584,0.9106938993128427
25622,LOF,0.06550414822536632,0.036107490548466285,0.8983883612261673
25623,LOF,0.06757832282377745,0.0278759254452182,0.9045457517310045
25624,LOF,0.019097568952958752,0.03693098788835652,0.9439714431586846
25625,LOF,0.059773350783281866,0.04221402596106966,0.8980126232556485
25626,LOF,0.044837642666334214,0.047729497832694895,0.9074328595009707
25627,Neutral,0.8968763363760167,0.016160427093144268,0.08696323653083912
25628,LOF,0.1418891663729487,0.053024707422098326,0.805086126204953
25629,LOF,0.06903875149421788,0.042172891983687975,0.8887883565220941
25630,LOF,0.28783049194906946,0.06024767730901438,0.6519218307419162
25631,Neutral,0.5757292917252451,0.051423664089274825,0.37284704418548015
25632,LOF,0.026817230942736973,0.04884411210087228,0.9243386569563908
25633,LOF,0.16707921262037476,0.03030598920835587,0.8026147981712695
25634,LOF,0.03516449296035381,0.06602534523274951,0.8988101618068967
25635,LOF,0.03760384766410767,0.037052579579701,0.9253435727561914
25636,LOF,0.03216693287606123,0.45405233293191277,0.513780734192026
25637,GOF,0.07268575446537295,0.5235720220958386,0.40374222343878846
25638,LOF,0.0292533472020997,0.3799364827766927,0.5908101700212076
25639,LOF,0.03136058018067703,0.40973365053533317,0.5589057692839898
25640,Neutral,0.777536747386283,0.1789930025093265,0.043470250104390463
25641,GOF,0.06281685401883956,0.484878783082895,0.45230436289826537
25642,LOF,0.05208232371595001,0.16942381394663594,0.7784938623374141
25643,LOF,0.20733141395946444,0.14378606508127714,0.6488825209592584
25644,LOF,0.024089767063938103,0.45294170735580896,0.522968525580253
25645,LOF,0.027146513170272665,0.4111639145384176,0.5616895722913097
25646,LOF,0.06322416748043898,0.33099699145002764,0.6057788410695334
25647,LOF,0.028331114451196526,0.2501080291014318,0.7215608564473717
25648,LOF,0.039112137057862685,0.25125703186278064,0.7096308310793566
25649,LOF,0.018681129294405636,0.23497547297780777,0.7463433977277866
25650,LOF,0.05213616929927739,0.4005275763273509,0.5473362543733717
25651,LOF,0.019727663173295138,0.28275681689571036,0.6975155199309945
25652,LOF,0.03883212520780314,0.25958365352837076,0.701584221263826
25653,LOF,0.09747464965718693,0.4158343348166383,0.48669101552617483
25654,LOF,0.02915842001031905,0.22830743331807746,0.7425341466716036
25655,GOF,0.22358166643333305,0.39303677395939035,0.38338155960727666
25656,LOF,0.3387049708025415,0.05565137972313688,0.6056436494743216
25657,LOF,0.06216093419686836,0.06009803368008012,0.8777410321230514
25658,LOF,0.33020569033882075,0.05303488779874883,0.6167594218624305
25659,Neutral,0.4961344652648205,0.07312009462004136,0.43074544011513805
25660,LOF,0.021478032504702156,0.076508106016556,0.9020138614787419
25661,LOF,0.09653017184747471,0.057547903475938654,0.8459219246765867
25662,LOF,0.034498062556273204,0.03342140000858567,0.9320805374351411
25663,LOF,0.04402425989330427,0.046941207526423154,0.9090345325802727
25664,LOF,0.1404450756844082,0.061821429706870594,0.7977334946087212
25665,LOF,0.05338969071546934,0.03107262941252108,0.9155376798720096
25666,LOF,0.09374435779341489,0.07048723656657487,0.8357684056400103
25667,LOF,0.07208942627927595,0.03851726778589264,0.8893933059348313
25668,LOF,0.03687522162169985,0.04665332665821743,0.9164714517200827
25669,LOF,0.03260800241930443,0.05000187533763026,0.9173901222430653
25670,LOF,0.1492413128004723,0.055973694352746926,0.7947849928467808
25671,LOF,0.11104330729797272,0.03490787231202534,0.854048820390002
25672,LOF,0.05046009994205617,0.04130438683770553,0.9082355132202382
25673,LOF,0.07789700178174852,0.045552507528214416,0.876550490690037
25674,LOF,0.0672151834869226,0.05310136116417754,0.8796834553488999
25675,LOF,0.1213888033444985,0.05256269866152768,0.8260484979939738
25676,LOF,0.019515336343679038,0.05207320562949604,0.9284114580268249
25677,LOF,0.025837731645465153,0.06861319057001389,0.9055490777845209
25678,LOF,0.2097580187711547,0.06013915609104186,0.7301028251378033
25679,LOF,0.12366608897308105,0.07266299115760216,0.8036709198693169
25680,LOF,0.03190337255101625,0.11859691504755507,0.8494997124014287
25681,LOF,0.05194734110753331,0.10970044140095361,0.8383522174915131
25682,LOF,0.14724983431902117,0.07389837985694508,0.7788517858240337
25683,LOF,0.11573668166685917,0.08673821464415159,0.7975251036889891
25684,LOF,0.04418748314297901,0.07645047355750256,0.8793620432995184
25685,LOF,0.1358917988558661,0.05542290306080893,0.808685298083325
25686,LOF,0.075788700969976,0.08589253855228932,0.8383187604777347
25687,LOF,0.117346362011031,0.08678843663355283,0.7958652013554162
25688,LOF,0.30967249897824983,0.03752583121254152,0.6528016698092086
25689,LOF,0.24285997448136584,0.03983809758858922,0.717301927930045
25690,LOF,0.33077692977947437,0.031558144200197924,0.6376649260203276
25691,Neutral,0.7000265180334017,0.02447650970520469,0.2754969722613938
25692,LOF,0.3787480152900638,0.011479652525935899,0.6097723321840004
25693,LOF,0.04817580110860195,0.3901778348493668,0.5616463640420312
25694,LOF,0.10783269455240119,0.018195480933599063,0.8739718245139999
25695,LOF,0.11448492895557587,0.017266357463722248,0.8682487135807018
25696,LOF,0.1357262048106809,0.010372676585108239,0.8539011186042109
25697,LOF,0.0859281426090006,0.0338950846067132,0.8801767727842862
25698,LOF,0.3321839812636395,0.172134291371121,0.4956817273652395
25699,LOF,0.46484606425786607,0.03528590493458073,0.49986803080755304
25700,LOF,0.07539477251124203,0.008494381692081115,0.9161108457966768
25701,LOF,0.15073284328462153,0.05017240584156017,0.7990947508738182
25702,GOF,0.16309646055329466,0.592310904597318,0.2445926348493874
25703,LOF,0.01560132025819917,0.147213983575341,0.8371846961664599
25704,LOF,0.04096186264110018,0.1041646582126305,0.8548734791462693
25705,LOF,0.050787116474340206,0.17100641209115325,0.7782064714345066
25706,LOF,0.10270424124474986,0.42968144388265334,0.46761431487259675
25707,LOF,0.09852431872148872,0.37588343407339925,0.525592247205112
25708,LOF,0.03192844094507725,0.32504189886578044,0.6430296601891423
25709,LOF,0.07465005750931875,0.042951728086963493,0.8823982144037178
25710,LOF,0.011584423348458422,0.165876290508779,0.8225392861427626
25711,LOF,0.02040959437777963,0.10277190633528895,0.8768184992869315
25712,LOF,0.013138159544686587,0.21445956337904762,0.7724022770762657
25713,LOF,0.01946146902679949,0.08802195746920144,0.892516573503999
25714,LOF,0.08014594730445274,0.08360979520677586,0.8362442574887714
25715,LOF,0.012043422093745024,0.14172274571093182,0.8462338321953232
25716,LOF,0.0134053573750159,0.1229443683132271,0.8636502743117569
25717,LOF,0.011584044531167738,0.09977441486104072,0.8886415406077915
25718,LOF,0.012971013556006728,0.10530041431901019,0.881728572124983
25719,LOF,0.019359929673685418,0.07769346463277162,0.902946605693543
25720,LOF,0.024106387617699846,0.06797881125978412,0.9079148011225161
25721,LOF,0.015521208101483813,0.12781065872055952,0.8566681331779568
25722,LOF,0.014449480216315777,0.14107473512263458,0.8444757846610496
25723,LOF,0.025308284794714725,0.04530440197080703,0.9293873132344782
25724,LOF,0.03315134031641538,0.09511001522482836,0.8717386444587563
25725,LOF,0.012777317043398054,0.06832806882039212,0.9188946141362098
25726,LOF,0.016587434242648382,0.10963959655737873,0.8737729691999728
25727,LOF,0.013995645892287033,0.08044420819831347,0.9055601459093994
25728,LOF,0.010468606907628453,0.12118141618692636,0.8683499769054451
25729,LOF,0.010982685090323402,0.1185357727903383,0.8704815421193384
25730,LOF,0.01450463696800171,0.08733035446718182,0.8981650085648164
25731,LOF,0.019122310555471658,0.12244110447486019,0.8584365849696682
25732,LOF,0.01530155719594152,0.08145772407334927,0.9032407187307093
25733,LOF,0.016969872691431825,0.07833744065036204,0.9046926866582061
25734,LOF,0.01154387198698766,0.14314412513608762,0.8453120028769247
25735,LOF,0.01410576205566603,0.09276579735332685,0.8931284405910073
25736,LOF,0.015483182041996188,0.1091801700183289,0.875336647939675
25737,LOF,0.012833595588121072,0.08171510309976449,0.9054513013121145
25738,LOF,0.01277092475843773,0.11271998651143694,0.8745090887301252
25739,LOF,0.021506735423346274,0.0840969658858842,0.8943962986907696
25740,LOF,0.02749475852567828,0.12926050114160212,0.8432447403327197
25741,LOF,0.015472042611185116,0.12217767262848357,0.8623502847603313
25742,LOF,0.1255885305066111,0.09225401525044992,0.7821574542429389
25743,LOF,0.03548065272607073,0.039903651200826666,0.9246156960731026
25744,Neutral,0.5787712134303028,0.18528261662069911,0.2359461699489982
25745,LOF,0.08375842368305565,0.06430024146159839,0.851941334855346
25746,LOF,0.04177056196960538,0.07435799544991456,0.88387144258048
25747,LOF,0.02008784363740595,0.059303680467120805,0.9206084758954732
25748,LOF,0.09464931949537662,0.08547898009295682,0.8198717004116666
25749,LOF,0.027281658732885853,0.07238297517181504,0.9003353660952992
25750,LOF,0.08962836640879294,0.07753723823554394,0.8328343953556631
25751,LOF,0.10235283042013582,0.09344010501302606,0.8042070645668381
25752,GOF,0.11644721890351396,0.6437116707724874,0.2398411103239986
25753,LOF,0.018930205024330987,0.26713390498311823,0.7139358899925506
25754,GOF,0.012569828394247695,0.7757621901120201,0.21166798149373217
25755,LOF,0.020222522821422603,0.3766276920891523,0.603149785089425
25756,LOF,0.041567175757816106,0.32932620841944116,0.6291066158227427
25757,GOF,0.014467752722488618,0.8259818287005979,0.15955041857691343
25758,GOF,0.02971763049970589,0.803120486983333,0.1671618825169611
25759,GOF,0.011031532260238749,0.5544650641819057,0.4345034035578556
25760,LOF,0.012400343524037882,0.23867040382299587,0.7489292526529663
25761,GOF,0.2699891859715167,0.6334724251476923,0.09653838888079098
25762,LOF,0.03758447672711737,0.2324309324088745,0.7299845908640081
25763,LOF,0.01248565878175405,0.18567475214947393,0.801839589068772
25764,GOF,0.07371690889218588,0.6013422666887448,0.32494082441906935
25765,GOF,0.03905621249023971,0.7181655170378,0.24277827047196027
25766,GOF,0.06418000253341823,0.7345971456297666,0.20122285183681496
25767,GOF,0.16624321617474846,0.5611955289501744,0.27256125487507704
25768,LOF,0.11218942712558294,0.0745680453542113,0.8132425275202058
25769,LOF,0.06276087313201681,0.055623749833877016,0.8816153770341062
25770,LOF,0.3124353600266496,0.08999872994499923,0.5975659100283511
25771,LOF,0.04505028573950757,0.04397735229040126,0.9109723619700912
25772,LOF,0.020629805949128603,0.03809755151853221,0.9412726425323392
25773,LOF,0.0481397850286995,0.09115061100719625,0.8607096039641043
25774,LOF,0.029242517736660208,0.06803658129059732,0.9027209009727425
25775,LOF,0.05129552269336612,0.04341111607191136,0.9052933612347226
25776,LOF,0.08658558939455013,0.022629868914457164,0.8907845416909926
25777,LOF,0.3791172886620236,0.05255119463134996,0.5683315167066264
25778,LOF,0.07978444713600365,0.045427044094019,0.8747885087699774
25779,GOF,0.37501199161537585,0.5844265987372361,0.040561409647388004
25780,GOF,0.3292743008243811,0.6076167037728686,0.06310899540275032
25781,GOF,0.12284148898356552,0.7695196848875226,0.10763882612891183
25782,GOF,0.2041960202655412,0.7285851022933336,0.0672188774411251
25783,GOF,0.024530641517053055,0.6244054023510905,0.35106395613185637
25784,Neutral,0.5262559286752642,0.43541790804674013,0.03832616327799574
25785,GOF,0.47113565361943305,0.4939910398196423,0.034873306560924626
25786,GOF,0.028670282882251437,0.7429692822162893,0.22836043490145927
25787,Neutral,0.6325873725388567,0.3451433637525414,0.022269263708601817
25788,LOF,0.05993136609609579,0.12666503649464372,0.8134035974092605
25789,GOF,0.20655089710490598,0.6754078122349848,0.11804129066010939
25790,GOF,0.2307809944264277,0.6690194054059473,0.10019960016762502
25791,GOF,0.17278101101395155,0.6887124503765181,0.1385065386095304
25792,GOF,0.38831394246286954,0.5120799974772594,0.09960606005987112
25793,GOF,0.25479954538386723,0.5331470356438286,0.2120534189723042
25794,GOF,0.32726897048636927,0.5123348313259984,0.1603961981876323
25795,GOF,0.08259779579083011,0.673720975266801,0.24368122894236896
25796,Neutral,0.5886848618115699,0.3395264955847738,0.07178864260365621
25797,GOF,0.09525885026555372,0.5384063017381024,0.36633484799634386
25798,GOF,0.010078766043894231,0.5055862089525845,0.48433502500352127
25799,LOF,0.007782661012207385,0.37286975041851206,0.6193475885692805
25800,GOF,0.03830181272397083,0.5803750786568437,0.3813231086191855
25801,GOF,0.2360234969898799,0.6270942402955727,0.13688226271454748
25802,GOF,0.08018756012528554,0.6778425967008487,0.24196984317386583
25803,GOF,0.03399336610509095,0.58533013183325,0.3806765020616591
25804,GOF,0.03069293156868997,0.4993296114627451,0.46997745696856486
25805,GOF,0.09554524337449444,0.5663064304193378,0.33814832620616775
25806,GOF,0.10633937008224266,0.5964834512952656,0.2971771786224918
25807,GOF,0.01945129490478691,0.6186020345865975,0.3619466705086156
25808,GOF,0.09452111155224178,0.6264193451191579,0.2790595433286004
25809,GOF,0.0210008064440126,0.5941750244901213,0.38482416906586603
25810,GOF,0.01876219021578944,0.6183764269906428,0.36286138279356783
25811,Neutral,0.5034665610748053,0.4230257023938327,0.07350773653136203
25812,GOF,0.032169436795879976,0.6528796270146886,0.3149509361894314
25813,Neutral,0.5381793389170708,0.37751962634078506,0.08430103474214405
25814,GOF,0.12588812479839007,0.6845375143449155,0.1895743608566945
25815,GOF,0.1978358844686974,0.6335667729775207,0.16859734255378198
25816,GOF,0.02428193163726734,0.6920646970030262,0.28365337135970653
25817,GOF,0.24702862477405596,0.6341062098301329,0.11886516539581111
25818,GOF,0.051333064771138213,0.6409676600712718,0.30769927515759005
25819,GOF,0.3728357736701699,0.49040638001773496,0.1367578463120952
25820,GOF,0.19046275981729935,0.6157630517747358,0.193774188407965
25821,GOF,0.0672002784942923,0.67811930999302,0.2546804115126879
25822,GOF,0.21464524784319916,0.5701189457059094,0.21523580645089135
25823,GOF,0.0394033877336437,0.5312774530468409,0.42931915921951536
25824,GOF,0.10246732157737393,0.5881531539606768,0.3093795244619492
25825,GOF,0.039705800115502676,0.5951050799376527,0.36518911994684455
25826,GOF,0.016941756472433053,0.5602978638577517,0.4227603796698152
25827,GOF,0.025606876750936057,0.6042204641620367,0.3701726590870273
25828,GOF,0.015205833374858223,0.5234042062559994,0.4613899603691424
25829,GOF,0.0065669086495147655,0.5804181233389295,0.4130149680115559
25830,LOF,0.034087277306362865,0.3177829746943669,0.6481297479992701
25831,GOF,0.22939321226697454,0.644799035717253,0.12580775201577243
25832,GOF,0.03512461472987167,0.6855838350528716,0.27929155021725677
25833,GOF,0.12270631594841724,0.7158010571400237,0.161492626911559
25834,GOF,0.037141594604123425,0.7026529314021274,0.26020547399374916
25835,GOF,0.07885590293986436,0.7343570574672634,0.1867870395928722
25836,GOF,0.0429087716269386,0.6832264912273656,0.27386473714569587
25837,GOF,0.029863991622580924,0.5777430604030981,0.392392947974321
25838,GOF,0.10313429293016484,0.7630254730279861,0.13384023404184892
25839,GOF,0.3124266170976749,0.5443041799744287,0.14326920292789647
25840,GOF,0.2520879992128757,0.6103826463887475,0.13752935439837682
25841,GOF,0.2562300270711666,0.6168850446910145,0.126884928237819
25842,GOF,0.19727656581447103,0.6679382172471036,0.1347852169384255
25843,GOF,0.25806679598211685,0.6523640347530357,0.08956916926484738
25844,GOF,0.07021600545640028,0.7004750423298384,0.22930895221376144
25845,LOF,0.016962627108365564,0.4591088497769158,0.5239285231147186
25846,GOF,0.13604273507920725,0.7076893199583394,0.1562679449624533
25847,GOF,0.12262684437139412,0.7696338556172054,0.10773930001140053
25848,GOF,0.04321649570084725,0.694189867275731,0.26259363702342187
25849,GOF,0.012858799495943537,0.5734793669697513,0.41366183353430513
25850,GOF,0.02316863300036123,0.6437440778610288,0.3330872891386101
25851,GOF,0.019511944889351283,0.5335554595146939,0.44693259559595483
25852,GOF,0.16941204412693198,0.5617118763437803,0.2688760795292878
25853,GOF,0.35427324456898024,0.5766227436585653,0.06910401177245455
25854,GOF,0.024732326526117992,0.6444979719153505,0.33076970155853147
25855,GOF,0.04208345837980752,0.5737698509133787,0.3841466907068137
25856,GOF,0.266265121225692,0.5315160044780307,0.20221887429627727
25857,GOF,0.04108190979304647,0.49663981099685284,0.4622782792101007
25858,GOF,0.022707466694664075,0.5257448221701099,0.45154771113522596
25859,GOF,0.01104294994099532,0.5122167217388316,0.47674032832017305
25860,GOF,0.36909637516549926,0.5552468829734608,0.07565674186103989
25861,GOF,0.45682003575797314,0.4685929662094986,0.07458699803252826
25862,GOF,0.09006818745499924,0.7805663302018601,0.12936548234314066
25863,GOF,0.09348815069368736,0.7826404705760469,0.1238713787302658
25864,GOF,0.21060691472483156,0.7152676647902476,0.07412542048492081
25865,GOF,0.09806653522242013,0.7862357620258914,0.1156977027516885
25866,GOF,0.06742346968950767,0.7961918668649581,0.13638466344553407
25867,GOF,0.0799468081150149,0.8226168186416226,0.09743637324336255
25868,GOF,0.26623173593510907,0.6366509837876123,0.0971172802772788
25869,Neutral,0.7111063020483378,0.2559093860876207,0.03298431186404144
25870,GOF,0.2985472103777917,0.39921240014938497,0.3022403894728233
25871,GOF,0.23914282757166017,0.6240351210586284,0.13682205136971157
25872,GOF,0.0824795661060402,0.6657351959856175,0.2517852379083422
25873,GOF,0.1401915608734524,0.6825264607260261,0.17728197840052146
25874,LOF,0.017363509439997173,0.13169178064861228,0.8509447099113906
25875,LOF,0.11503464908463173,0.02504015987785885,0.8599251910375093
25876,LOF,0.03632125951003957,0.03089084910614494,0.9327878913838153
25877,Neutral,0.5135682218292812,0.035963107889528084,0.4504686702811906
25878,LOF,0.23737490298797964,0.057874618290018255,0.7047504787220021
25879,LOF,0.10217510642269373,0.061830573243042794,0.8359943203342635
25880,LOF,0.02343931408238089,0.014752857940659721,0.9618078279769595
25881,LOF,0.16720960251667683,0.1034062257933216,0.7293841716900016
25882,LOF,0.06689544797287864,0.014813726667971438,0.91829082535915
25883,LOF,0.07995123850009478,0.01877982333855628,0.901268938161349
25884,LOF,0.033481730530218516,0.027168640784813566,0.9393496286849679
25885,LOF,0.06480174962073489,0.01121157370911195,0.9239866766701531
25886,LOF,0.25282544739439655,0.032707779830339165,0.7144667727752644
25887,LOF,0.15160140616234438,0.058734377495971886,0.7896642163416838
25888,LOF,0.07099629924029922,0.05423575926492113,0.8747679414947797
25889,LOF,0.043670785190258,0.019886610071550917,0.9364426047381912
25890,LOF,0.04853502029611484,0.15828906541539337,0.7931759142884917
25891,LOF,0.03986518516967376,0.060239950120304815,0.8998948647100214
25892,LOF,0.09354218364117586,0.020777879329908915,0.8856799370289152
25893,LOF,0.22957630996770384,0.01960499466686223,0.750818695365434
25894,LOF,0.17265030343415197,0.011400176040188123,0.8159495205256599
25895,LOF,0.20447517123899378,0.019644084436278707,0.7758807443247274
25896,LOF,0.0508734199189865,0.022001437739334787,0.9271251423416786
25897,LOF,0.2672167564825955,0.012202920111416967,0.7205803234059875
25898,Neutral,0.6997298210098432,0.010329513204808802,0.2899406657853481
25899,LOF,0.21426947051726714,0.019053381282589515,0.7666771482001434
25900,LOF,0.41903278288971024,0.018240457916002813,0.5627267591942869
25901,LOF,0.048004006029149976,0.011716977239837195,0.9402790167310128
25902,LOF,0.1715150291648997,0.012216118357819317,0.816268852477281
25903,Neutral,0.5411574427939639,0.028833144032400473,0.4300094131736355
25904,LOF,0.2812218552303448,0.04507380644585432,0.6737043383238007
25905,LOF,0.024237508227802546,0.3492246304442542,0.6265378613279432
25906,LOF,0.032547619612913664,0.09057065620841852,0.8768817241786678
25907,LOF,0.015920974029818475,0.3631215135331967,0.6209575124369848
25908,LOF,0.010401991586149763,0.2818656433772536,0.7077323650365965
25909,LOF,0.013858101748784267,0.1409319617374821,0.8452099365137336
25910,LOF,0.05614437826650842,0.12753602036377312,0.8163196013697185
25911,LOF,0.17857792845210724,0.019090223962666738,0.802331847585226
25912,LOF,0.05380956489543333,0.041110649652145774,0.9050797854524208
25913,LOF,0.32202753343217483,0.01674362759110307,0.6612288389767222
25914,LOF,0.020027420991702596,0.08177853885419985,0.8981940401540977
25915,Neutral,0.48557248350030136,0.25474914418142286,0.2596783723182757
25916,LOF,0.07980534731886474,0.2801694565386167,0.6400251961425186
25917,LOF,0.06812114271259814,0.060403730893206525,0.8714751263941953
25918,LOF,0.026375208398886997,0.054400107612243134,0.9192246839888698
25919,LOF,0.022450999685511574,0.059043580620736266,0.9185054196937521
25920,GOF,0.09840699777442201,0.5160841405758223,0.3855088616497557
25921,LOF,0.02257537841602337,0.03764263804097803,0.9397819835429986
25922,LOF,0.03136233565247828,0.027214473202395423,0.9414231911451264
25923,LOF,0.42276640441337426,0.03044203018336947,0.5467915654032564
25924,LOF,0.034018241160027884,0.04098305769892117,0.924998701141051
25925,LOF,0.06402406422622883,0.03499574985330012,0.9009801859204709
25926,LOF,0.04620440580641218,0.03163573584028923,0.9221598583532986
25927,LOF,0.06253973767223057,0.09018640392727453,0.8472738584004949
25928,LOF,0.017494265221713805,0.04701950550090686,0.9354862292773793
25929,Neutral,0.5361681162090418,0.03354999497860634,0.4302818888123518
25930,LOF,0.049227890055710787,0.027573839230393915,0.9231982707138954
25931,LOF,0.02356758289497362,0.031651739084358255,0.9447806780206681
25932,LOF,0.02660746561596679,0.025246481994660848,0.9481460523893723
25933,LOF,0.03486189487064709,0.01758202119940851,0.9475560839299445
25934,LOF,0.024290559694288612,0.020236541563000456,0.9554728987427109
25935,LOF,0.05742276986325622,0.042686747393423506,0.8998904827433202
25936,LOF,0.04385150082422196,0.0228722622283197,0.9332762369474583
25937,LOF,0.025920564449999642,0.0319102294847225,0.9421692060652779
25938,LOF,0.05887399038526011,0.04730433144485563,0.8938216781698842
25939,LOF,0.0397872781824377,0.019366818116243193,0.940845903701319
25940,LOF,0.025793230446359065,0.3845493134344776,0.5896574561191634
25941,LOF,0.1898812774354682,0.10067391091441612,0.7094448116501155
25942,LOF,0.01470719314093305,0.03378783392510074,0.9515049729339662
25943,LOF,0.30845709615199773,0.062258761915403894,0.6292841419325984
25944,LOF,0.4864362630674981,0.02537238142817305,0.4881913555043289
25945,LOF,0.0634865107175415,0.02154033213278475,0.9149731571496738
25946,LOF,0.027338896511922273,0.1322637845321438,0.8403973189559338
25947,LOF,0.11123363652235754,0.26922521394607396,0.6195411495315686
25948,LOF,0.42007446351311434,0.01005679892455851,0.569868737562327
25949,LOF,0.11555748034742318,0.035158562722970396,0.8492839569296065
25950,GOF,0.3094226143195235,0.3591163616059524,0.33146102407452405
25951,LOF,0.21742458005035986,0.2289492740253952,0.553626145924245
25952,LOF,0.047424852871931295,0.3911846217557497,0.561390525372319
25953,LOF,0.15802007951468058,0.09577692884687816,0.7462029916384413
25954,Neutral,0.4611700321668784,0.16202254088966006,0.37680742694346164
25955,LOF,0.058412626768985405,0.08208399294322545,0.859503380287789
25956,LOF,0.15332569340439905,0.11825834139474628,0.7284159652008547
25957,LOF,0.03602088460270796,0.034060148464558605,0.9299189669327335
25958,LOF,0.06251502777485768,0.029544151487002877,0.9079408207381394
25959,LOF,0.07205089226702202,0.3870952081839508,0.5408538995490272
25960,LOF,0.017102089572841206,0.054831822502926966,0.9280660879242317
25961,LOF,0.05092690943109941,0.031719691118208236,0.9173533994506923
25962,LOF,0.06357424888724983,0.029279944121955115,0.9071458069907951
25963,LOF,0.05450097727392251,0.18054846965657165,0.7649505530695059
25964,LOF,0.03900716632665347,0.1733289927239156,0.7876638409494309
25965,LOF,0.4495240149436149,0.08196570479438826,0.4685102802619969
25966,Neutral,0.5023187475246547,0.16293636388130964,0.3347448885940357
25967,LOF,0.012256937687973795,0.08175044261993122,0.9059926196920949
25968,LOF,0.030042548231017853,0.42672060123633093,0.5432368505326511
25969,LOF,0.02939754629509447,0.04850146468760363,0.922100989017302
25970,LOF,0.05570652323922632,0.0625878794032807,0.8817055973574931
25971,LOF,0.07565032700611307,0.01809731539103131,0.9062523576028555
25972,LOF,0.07418026744390925,0.024620747934542442,0.9011989846215482
25973,LOF,0.07036903414530248,0.009780522060956252,0.9198504437937413
25974,LOF,0.19939298265375785,0.018303706878894245,0.7823033104673479
25975,LOF,0.04532186322647528,0.03353090958971348,0.9211472271838113
25976,LOF,0.038872835232558293,0.016716665790105507,0.9444104989773362
25977,LOF,0.15367161858474684,0.09775943582385005,0.7485689455914031
25978,LOF,0.14421355129010463,0.0602988363606966,0.7954876123491987
25979,LOF,0.1384106200759116,0.06207313842380046,0.7995162415002879
25980,LOF,0.23848862719919578,0.07721252457070556,0.6842988482300987
25981,LOF,0.27266083851608064,0.07501061129448659,0.6523285501894329
25982,LOF,0.3966321324256035,0.05119375165495953,0.552174115919437
25983,LOF,0.38143621642597325,0.06016322704166498,0.5584005565323618
25984,LOF,0.05323554637800771,0.039586903611412344,0.9071775500105799
25985,LOF,0.03612184381174607,0.21476243935158063,0.7491157168366733
25986,LOF,0.041565809767036235,0.2863019881138652,0.6721322021190986
25987,LOF,0.07899119035793117,0.06761408452539791,0.8533947251166709
25988,LOF,0.15332258555357692,0.050099616389557414,0.7965777980568657
25989,LOF,0.02947444063709079,0.09303966544116783,0.8774858939217413
25990,LOF,0.04105353822745006,0.11201884563615282,0.8469276161363971
25991,LOF,0.14689254272977745,0.3102469687153505,0.5428604885548721
25992,LOF,0.3233506369420672,0.163147999884561,0.5135013631733718
25993,LOF,0.024300580350522145,0.08617572212649963,0.8895236975229782
25994,LOF,0.018322652464313485,0.1269026946173503,0.8547746529183362
25995,LOF,0.02519979259436615,0.2576664044633212,0.7171338029423128
25996,GOF,0.2867698534557967,0.48793128258086005,0.22529886396334334
25997,GOF,0.0825819743882668,0.46000267395505406,0.45741535165667907
25998,Neutral,0.5352865557495018,0.02452201741386875,0.44019142683662954
25999,LOF,0.12108199018627998,0.11838991129420932,0.7605280985195106
26000,LOF,0.14244339091679895,0.05018366278934404,0.8073729462938569
26001,LOF,0.19166123577065478,0.057696260607907605,0.7506425036214376
26002,LOF,0.14189019270105802,0.049234190597744004,0.808875616701198
26003,GOF,0.010270886047236728,0.5937424377748707,0.3959866761778925
26004,GOF,0.017169484329409963,0.6651665561042811,0.31766395956630905
26005,LOF,0.007090099909557003,0.4645413960166629,0.52836850407378
26006,Neutral,0.5151543658823322,0.2617693119616596,0.22307632215600826
26007,GOF,0.02221393593623657,0.5700078634329311,0.40777820063083237
26008,GOF,0.015388082398698974,0.6488277619587696,0.33578415564253156
26009,GOF,0.018568244852647197,0.6866224235471601,0.29480933160019274
26010,GOF,0.02077983742870766,0.6462805160799444,0.33293964649134794
26011,LOF,0.006201323662704512,0.48017644795076564,0.5136222283865298
26012,GOF,0.013105160213413061,0.5906965414697857,0.39619829831680137
26013,GOF,0.019102956519203334,0.6260737333113171,0.3548233101694796
26014,LOF,0.03948948768044091,0.10603115055006486,0.8544793617694943
26015,LOF,0.19504959632616697,0.008521121147938217,0.7964292825258947
26016,LOF,0.19193566372454557,0.04534939928017624,0.7627149369952783
26017,LOF,0.237583359829208,0.07256620194980701,0.689850438220985
26018,LOF,0.0908145796529133,0.023453814766115265,0.8857316055809713
26019,LOF,0.08651010094649728,0.018358408776515633,0.895131490276987
26020,LOF,0.06799380691626751,0.0835070539988623,0.8484991390848701
26021,LOF,0.041856500355236775,0.0900295326672068,0.8681139669775565
26022,LOF,0.010799952464889791,0.030042457572618975,0.9591575899624912
26023,LOF,0.10682717417993984,0.01635289938483021,0.87681992643523
26024,LOF,0.030141259930503237,0.09745045721393417,0.8724082828555626
26025,LOF,0.16664087296123473,0.08194827273478408,0.7514108543039811
26026,LOF,0.31641269703833363,0.02252111963576548,0.6610661833259008
26027,LOF,0.08181451150530136,0.012599734835010794,0.9055857536596877
26028,LOF,0.1633565544529102,0.06590787076661116,0.7707355747804787
26029,LOF,0.07181506726615271,0.22524111008343978,0.7029438226504076
26030,LOF,0.024275829015645945,0.07390321499583896,0.901820955988515
26031,LOF,0.02721380271712839,0.15435838572310234,0.8184278115597692
26032,LOF,0.062248587072442026,0.07984000452196961,0.8579114084055883
26033,LOF,0.11077024754031922,0.0972208322007045,0.7920089202589763
26034,LOF,0.04591474986539132,0.1849779234655764,0.7691073266690323
26035,LOF,0.027233652825357186,0.17429060418555148,0.7984757429890914
26036,LOF,0.04021188637736619,0.19644435552380446,0.7633437580988293
26037,LOF,0.023101399759013444,0.14443475396896996,0.8324638462720166
26038,LOF,0.05823818770403624,0.08247994801718321,0.8592818642787805
26039,LOF,0.05142913249951826,0.17957966385716986,0.768991203643312
26040,LOF,0.17915868148639252,0.14802398619681625,0.6728173323167913
26041,LOF,0.023165416017303025,0.1329255532206559,0.8439090307620412
26042,LOF,0.021857971916107582,0.12516464978092465,0.8529773783029678
26043,LOF,0.05790281240854753,0.09893493622607417,0.8431622513653783
26044,LOF,0.020155089871334946,0.0918482537630824,0.8879966563655826
26045,LOF,0.07029603867148876,0.11829024584382325,0.811413715484688
26046,LOF,0.059426787876919296,0.09560200442142014,0.8449712077016607
26047,LOF,0.08135174849723956,0.09918741691301063,0.8194608345897498
26048,LOF,0.049736403046801575,0.05420360148665391,0.8960599954665446
26049,Neutral,0.961561509782325,0.008855718109007872,0.02958277210866714
26050,Neutral,0.9475864612616368,0.01151598739779306,0.04089755134057015
26051,LOF,0.04372083883409536,0.29026036440556646,0.6660187967603383
26052,LOF,0.06361424422238002,0.33753475313445536,0.5988510026431646
26053,LOF,0.05180025509128492,0.13759558434146174,0.8106041605672534
26054,LOF,0.05597340670274823,0.016508307312526307,0.9275182859847255
26055,LOF,0.07380935513181497,0.013666318415149196,0.9125243264530358
26056,LOF,0.06126208794060441,0.01468355543843741,0.9240543566209583
26057,LOF,0.029122603919304806,0.01097263851546824,0.959904757565227
26058,LOF,0.030007049538570186,0.008999010794735267,0.9609939396666947
26059,LOF,0.2936112714202813,0.022114195591988732,0.68427453298773
26060,LOF,0.03268878516872115,0.15748395105767732,0.8098272637736015
26061,LOF,0.017063621145060208,0.01026454471563695,0.9726718341393029
26062,LOF,0.011076241107688423,0.016217072963395,0.9727066859289166
26063,LOF,0.023015107722204362,0.011075450204345517,0.9659094420734501
26064,LOF,0.021760640476123198,0.018039056213873646,0.9602003033100032
26065,LOF,0.025170998994309638,0.010062756546727085,0.9647662444589634
26066,LOF,0.020871230673200656,0.010367938660682042,0.9687608306661173
26067,LOF,0.02856475058985181,0.008356259881937205,0.963078989528211
26068,LOF,0.04687989109048325,0.028860754130861737,0.9242593547786551
26069,LOF,0.25126393315990214,0.017460579062402278,0.7312754877776956
26070,LOF,0.3980912039409346,0.013473077146256325,0.5884357189128092
26071,LOF,0.024225943592829934,0.012132414378902797,0.9636416420282673
26072,LOF,0.020138587597844922,0.01389873490106398,0.9659626775010912
26073,LOF,0.025187648225672262,0.010145573802418243,0.9646667779719095
26074,Neutral,0.9099694717782822,0.005500412685284899,0.08453011553643296
26075,LOF,0.044849118197042896,0.013509918811394638,0.9416409629915625
26076,LOF,0.0463745081242035,0.008571772645253228,0.9450537192305433
26077,LOF,0.010879898077126578,0.01655753692816424,0.9725625649947093
26078,LOF,0.01327962697863027,0.010053318453973644,0.9766670545673961
26079,LOF,0.05952737054676878,0.015924386503395626,0.9245482429498355
26080,LOF,0.058991659478532604,0.015942836312927262,0.9250655042085402
26081,LOF,0.03622158339278246,0.00600005543081776,0.9577783611763997
26082,LOF,0.013637879563592628,0.014922518180665399,0.9714396022557421
26083,LOF,0.1292445770293975,0.012633061765189756,0.8581223612054127
26084,LOF,0.02887776868798539,0.010947421757696247,0.9601748095543183
26085,LOF,0.024989234062782202,0.010373704770038957,0.9646370611671787
26086,LOF,0.023925539023229823,0.011114028591081841,0.9649604323856884
26087,LOF,0.029633888278471247,0.00739292147946213,0.9629731902420665
26088,LOF,0.015573067215107539,0.02091212485716023,0.9635148079277324
26089,LOF,0.044678113311607454,0.020262026129275038,0.9350598605591175
26090,LOF,0.043214577510577286,0.016143779419540923,0.9406416430698817
26091,LOF,0.040760919996110465,0.005902873576288428,0.9533362064276012
26092,LOF,0.02776584685620682,0.007814237656610686,0.9644199154871824
26093,LOF,0.042726124445428774,0.005688439947580244,0.9515854356069909
26094,LOF,0.043944894224927575,0.005763184419653724,0.9502919213554188
26095,LOF,0.041386572509478935,0.01185675704118528,0.9467566704493358
26096,LOF,0.018688416361979533,0.011264862804158985,0.9700467208338615
26097,LOF,0.012257351163736257,0.0295064047509949,0.9582362440852689
26098,LOF,0.07159270699299712,0.009682801745095518,0.9187244912619074
26099,LOF,0.025510518876740034,0.011373547774968875,0.9631159333482912
26100,LOF,0.027870784099702228,0.010961510990349557,0.9611677049099482
26101,LOF,0.05890383113641169,0.01384262104344718,0.9272535478201412
26102,LOF,0.025902873909287777,0.013018385883365489,0.9610787402073466
26103,Neutral,0.8849009145142862,0.017090157491814972,0.09800892799389876
26104,LOF,0.08090495149004316,0.023645420824726367,0.8954496276852305
26105,LOF,0.1980512279760873,0.3266885434426325,0.4752602285812802
26106,LOF,0.22500358720766564,0.13631263334382432,0.63868377944851
26107,LOF,0.24083425879650724,0.09481493754906614,0.6643508036544267
26108,LOF,0.2627367582562505,0.11561923125884993,0.6216440104848996
26109,LOF,0.11286310850946141,0.06912868084657849,0.81800821064396
26110,LOF,0.2705565448124766,0.007609484167307871,0.7218339710202155
26111,Neutral,0.5055388511751153,0.020865061875173105,0.4735960869497116
26112,LOF,0.03535385917206371,0.0066197283203189745,0.9580264125076173
26113,LOF,0.05756722551919538,0.014147532836237675,0.9282852416445668
26114,LOF,0.026361751301205164,0.018610009896732622,0.9550282388020622
26115,LOF,0.09355701588507251,0.0403930075554228,0.8660499765595048
26116,LOF,0.062289549094299235,0.04114615164351154,0.8965642992621892
26117,LOF,0.44169454792144314,0.04271552637408006,0.5155899257044768
26118,LOF,0.03628867180217608,0.023410413945886967,0.940300914251937
26119,LOF,0.023087788697119332,0.03305721291695666,0.9438549983859241
26120,LOF,0.030342633339911523,0.02098258132557309,0.9486747853345154
26121,LOF,0.03969269848955517,0.07958931359996159,0.8807179879104833
