feature0,prediction,LoGoFunc_Neutral,LoGoFunc_GOF,LoGoFunc_LOF
25546,Neutral,0.6712709093683008,0.055682568020599205,0.2730465226110999
25547,Neutral,0.5016732544530402,0.08855213848359579,0.4097746070633639
25548,Neutral,0.4922966230743969,0.07812621353819048,0.4295771633874126
25549,LOF,0.42064723928482123,0.07800863626039037,0.5013441244547884
25550,LOF,0.37466871374783806,0.12360911630248347,0.5017221699496784
25551,LOF,0.31153251966869333,0.13775387671467473,0.5507136036166319
25552,LOF,0.2556963322419312,0.12755337514296725,0.6167502926151015
25553,Neutral,0.813984576823797,0.045697091378530515,0.14031833179767253
25554,LOF,0.30210328874488634,0.11587060099434779,0.5820261102607658
25555,LOF,0.2509790750003257,0.10996739407236056,0.6390535309273138
25556,LOF,0.4420247753924639,0.09572552492759998,0.46224969967993607
25557,LOF,0.23770865598991403,0.11391005529777692,0.648381288712309
25558,LOF,0.30422473846303993,0.1117448759579775,0.5840303855789826
25559,LOF,0.18556706432677347,0.12518513404884815,0.6892478016243784
25560,LOF,0.16041643013096177,0.10181879568690592,0.7377647741821324
25561,LOF,0.1510222396737478,0.12371623862383348,0.7252615217024188
25562,LOF,0.0712784296345209,0.07211877336407342,0.8566027970014057
25563,LOF,0.021782815309016726,0.10883874714887608,0.8693784375421072
25564,LOF,0.23178625310880682,0.10732506157231339,0.6608886853188798
25565,LOF,0.2224241399594213,0.13234081251439656,0.6452350475261821
25566,GOF,0.0961129500597603,0.694650814783353,0.20923623515688664
25567,LOF,0.039122988320931196,0.11557989963974187,0.845297112039327
25568,LOF,0.06192772232692842,0.06842582949699462,0.8696464481760771
25569,LOF,0.06003074634804515,0.06950346141188617,0.8704657922400686
25570,LOF,0.02834228798488332,0.09513014534800567,0.8765275666671111
25571,LOF,0.02724578972348803,0.095311690961166,0.877442519315346
25572,LOF,0.06142693547108059,0.11405271717848904,0.8245203473504304
25573,LOF,0.056964978300215005,0.08381193919971837,0.8592230825000666
25574,LOF,0.05614766447897898,0.1705065064297821,0.7733458290912388
25575,LOF,0.023380482163156795,0.11609843086847015,0.8605210869683729
25576,LOF,0.03531977630410121,0.15439107997230303,0.8102891437235958
25577,LOF,0.032389858254600896,0.10336906094757502,0.8642410807978241
25578,LOF,0.29388910886437325,0.07722980271721477,0.6288810884184121
25579,LOF,0.12718946232604167,0.08289411024789889,0.7899164274260594
25580,LOF,0.019814161856383603,0.07454913175086304,0.9056367063927534
25581,LOF,0.056849137081998936,0.0650291412218745,0.8781217216961266
25582,LOF,0.056876602444120024,0.06421639272765949,0.8789070048282206
25583,LOF,0.020564693757209998,0.07232135234584733,0.9071139538969426
25584,Neutral,0.6721313930651411,0.10676188100661033,0.2211067259282486
25585,LOF,0.03420819939855091,0.11563640149568562,0.8501553991057634
25586,LOF,0.01859843407771992,0.06281842073790415,0.918583145184376
25587,LOF,0.017655171526537655,0.05870052026074506,0.9236443082127174
25588,LOF,0.020588283899482283,0.06803972125285905,0.9113719948476586
25589,Neutral,0.5018967432402848,0.19714051259109686,0.3009627441686184
25590,LOF,0.048850526720803936,0.10367392218035837,0.8474755510988377
25591,LOF,0.09803656476042763,0.05608421103479569,0.8458792242047767
25592,LOF,0.05542895075211508,0.12824187888777788,0.8163291703601071
25593,LOF,0.13353020704024612,0.24977811350174975,0.6166916794580042
25594,LOF,0.04585710859641296,0.11186613528929698,0.84227675611429
25595,LOF,0.04348436598316045,0.08190320448681761,0.8746124295300219
25596,LOF,0.09771385490001014,0.04143568059640914,0.8608504645035806
25597,LOF,0.08625026801611346,0.05779251479470399,0.8559572171891825
25598,LOF,0.04541741060820782,0.08633533931802108,0.8682472500737712
25599,GOF,0.021228974319496455,0.5340023713371044,0.444768654343399
25600,GOF,0.17765673056981915,0.5140021417846268,0.30834112764555405
25601,LOF,0.040545238402448364,0.4045747226223009,0.5548800389752507
25602,LOF,0.03333897426640602,0.047550361758178006,0.919110663975416
25603,LOF,0.03475705992429876,0.029328894868588796,0.9359140452071124
25604,LOF,0.036683913865983866,0.05888276881599524,0.9044333173180209
25605,LOF,0.03949685898066418,0.1786736999157686,0.7818294411035672
25606,LOF,0.42032495319231467,0.09431563843960551,0.48535940836807995
25607,LOF,0.025723068649811397,0.16321445187470926,0.8110624794754794
25608,LOF,0.036271963226618215,0.0683843462843783,0.8953436904890035
25609,GOF,0.14169336082665007,0.5604209757937245,0.2978856633796254
25610,LOF,0.01591988281701658,0.026590268645743282,0.9574898485372402
25611,LOF,0.015322003551879805,0.03161022597547978,0.9530677704726405
25612,LOF,0.04795930070587416,0.03792536217235592,0.91411533712177
25613,LOF,0.044862395134405895,0.03918583290219446,0.9159517719633996
25614,LOF,0.023159307453977276,0.026650813451906154,0.9501898790941166
25615,LOF,0.044151330238743826,0.03698030197326931,0.918868367787987
25616,LOF,0.045891895177802684,0.025865943696014308,0.928242161126183
25617,LOF,0.0417774002986578,0.03430532954099857,0.9239172701603435
25618,LOF,0.05501363703137641,0.0317003504328277,0.9132860125357959
25619,LOF,0.015028029939746676,0.02963739607719876,0.9553345739830545
25620,LOF,0.06253599012410956,0.036027185235583015,0.9014368246403074
25621,LOF,0.04931605923215103,0.031856365502739896,0.918827575265109
25622,LOF,0.06342834491505911,0.031970006802680924,0.90460164828226
25623,LOF,0.07690365379141421,0.02913892757404112,0.8939574186345448
25624,LOF,0.019490951802916694,0.036414334343846146,0.9440947138532371
25625,LOF,0.06327257733023557,0.042295490142160136,0.8944319325276043
25626,LOF,0.046287588046274766,0.036994244928441854,0.9167181670252834
25627,Neutral,0.8856129231178923,0.022822975054942653,0.09156410182716482
25628,LOF,0.12643049662744513,0.0622043980374593,0.8113651053350956
25629,LOF,0.06552225106077685,0.04619662955000933,0.8882811193892138
25630,LOF,0.2673993451941134,0.0769605354567917,0.6556401193490949
25631,Neutral,0.5396680694419892,0.06830945141617227,0.3920224791418384
25632,LOF,0.02675980252358297,0.059907536445108066,0.913332661031309
25633,LOF,0.19601544452469877,0.037728905732325534,0.7662556497429757
25634,LOF,0.03456485015911271,0.08592767298266972,0.8795074768582175
25635,LOF,0.04182347676069099,0.044454997059880555,0.9137215261794285
25636,LOF,0.03925006926261997,0.46812687531139063,0.4926230554259893
25637,LOF,0.0742067970837738,0.4567117715324361,0.46908143138379005
25638,LOF,0.04748902586482746,0.2680543163678396,0.684456657767333
25639,LOF,0.03894131908246701,0.32463349017699183,0.636425190740541
25640,Neutral,0.815047652225869,0.14449382386598256,0.04045852390814837
25641,LOF,0.05032184048764109,0.44010991812680933,0.5095682413855496
25642,LOF,0.04156042791494173,0.14894603412984364,0.8094935379552146
25643,LOF,0.194835658163149,0.1633829051842312,0.6417814366526199
25644,GOF,0.020174318519838405,0.5176548751196253,0.4621708063605363
25645,LOF,0.020447811709490542,0.4673005008208616,0.5122516874696479
25646,LOF,0.05073106263823937,0.37587188737682126,0.5733970499849395
25647,LOF,0.02263266342684714,0.28326282755137977,0.694104509021773
25648,LOF,0.02719144805107603,0.2713416546963684,0.7014668972525556
25649,LOF,0.01415523016457191,0.2635630533187338,0.7222817165166943
25650,LOF,0.04836974157135887,0.43284420126345946,0.5187860571651817
25651,LOF,0.015625310014282738,0.28536684171030025,0.699007848275417
25652,LOF,0.02778602533097237,0.27491745256852745,0.6972965221005002
25653,LOF,0.07499619117687747,0.41263677773724866,0.5123670310858739
25654,LOF,0.023149770806017635,0.21165472567215524,0.7651955035218271
25655,LOF,0.22117875439045517,0.3788423549427707,0.3999788906667741
25656,LOF,0.28291989770342524,0.04393677787726118,0.6731433244193137
25657,LOF,0.08210857051293839,0.050640599729201034,0.8672508297578607
25658,LOF,0.3767628701748874,0.05098352102255403,0.5722536088025585
25659,Neutral,0.5538300839730704,0.07118700627248747,0.3749829097544421
25660,LOF,0.024943487658035387,0.07535941747954396,0.8996970948624206
25661,LOF,0.0942916340890605,0.056700728485195154,0.8490076374257443
25662,LOF,0.03223610206536388,0.03055941982344919,0.937204478111187
25663,LOF,0.03915913248454774,0.04451999745910057,0.9163208700563518
25664,LOF,0.13881882813892124,0.0507779755088527,0.8104031963522261
25665,LOF,0.053642209157403795,0.029815856243706584,0.9165419345988897
25666,LOF,0.09434198988149571,0.07484337610529904,0.8308146340132053
25667,LOF,0.06497263631174964,0.043039613799556085,0.8919877498886943
25668,LOF,0.035895122272833084,0.04412120192657284,0.9199836758005941
25669,LOF,0.03513834432420251,0.0519768775906301,0.9128847780851675
25670,LOF,0.14499583254269732,0.042924948579195925,0.8120792188781067
25671,LOF,0.09487731084473756,0.028695768539962342,0.8764269206153001
25672,LOF,0.054114120752919534,0.03996005019351468,0.9059258290535658
25673,LOF,0.08652293622861121,0.03613269672737244,0.8773443670440163
25674,LOF,0.07167059575481109,0.04609371918488746,0.8822356850603015
25675,LOF,0.1165820590274911,0.04251635851876209,0.8409015824537468
25676,LOF,0.018139350217965512,0.047311846127267604,0.934548803654767
25677,LOF,0.026413350518521405,0.06108595707403632,0.9125006924074422
25678,LOF,0.1850301141575796,0.05238295977392507,0.7625869260684954
25679,LOF,0.12526095682501975,0.07159280881404573,0.8031462343609346
25680,LOF,0.029058296065724156,0.10113878019206005,0.8698029237422158
25681,LOF,0.04859266513935711,0.09407801534697989,0.857329319513663
25682,LOF,0.13535765715495182,0.06005186070458169,0.8045904821404666
25683,LOF,0.127494478644592,0.0725991086950401,0.7999064126603678
25684,LOF,0.04340879996256782,0.06147308416101517,0.8951181158764171
25685,LOF,0.13193732721496018,0.048886290887561856,0.819176381897478
25686,LOF,0.06989021772894097,0.08524504203195668,0.8448647402391023
25687,LOF,0.1180463378177916,0.0735717350844034,0.8083819270978049
25688,LOF,0.2922798788908248,0.03316915636430806,0.6745509647448672
25689,LOF,0.22547566904459762,0.0425357820127754,0.731988548942627
25690,LOF,0.3493226585178757,0.031268008957977496,0.6194093325241468
25691,Neutral,0.6874573035070202,0.031901341837345866,0.280641354655634
25692,LOF,0.2931462559129247,0.010660956745114723,0.6961927873419604
25693,LOF,0.04587536328379969,0.4640663112284776,0.4900583254877227
25694,LOF,0.12514765295706748,0.024304943020223513,0.850547404022709
25695,LOF,0.12580287749153612,0.020555143590075885,0.853641978918388
25696,LOF,0.13304542439261674,0.011894093272054793,0.8550604823353286
25697,LOF,0.12469357153631701,0.02469134126744847,0.8506150871962346
25698,LOF,0.32744065421252216,0.24731259247049683,0.42524675331698103
25699,LOF,0.4133944295738808,0.04774725778623404,0.5388583126398852
25700,LOF,0.0483947895479382,0.01100828222538433,0.9405969282266775
25701,LOF,0.1686450669816736,0.05576126239686036,0.775593670621466
25702,GOF,0.17612430445869548,0.5398155225859462,0.2840601729553582
25703,LOF,0.017090472479001733,0.14733857908213896,0.8355709484388593
25704,LOF,0.051914031720565766,0.11028878757867597,0.8377971807007583
25705,LOF,0.05837337155085595,0.1931007828765931,0.7485258455725509
25706,LOF,0.08998668802385867,0.35249847921735417,0.5575148327587871
25707,LOF,0.085927701520912,0.27214995988392005,0.6419223385951679
25708,LOF,0.029914872518901157,0.27114111105809247,0.6989440164230064
25709,LOF,0.05358451053286307,0.042148478077029115,0.9042670113901078
25710,LOF,0.011793141544247805,0.12807993195492795,0.8601269265008242
25711,LOF,0.019125137154294952,0.09037406214873868,0.8905008006969664
25712,LOF,0.013123283329790522,0.18095555302726682,0.8059211636429428
25713,LOF,0.018315836952887687,0.07646354570717552,0.9052206173399366
25714,LOF,0.06596422629429974,0.08011816783356479,0.8539176058721355
25715,LOF,0.010030375313303952,0.1398139180954951,0.850155706591201
25716,LOF,0.014077524155072713,0.10978654589899581,0.8761359299459314
25717,LOF,0.012700275990133153,0.07600242223122036,0.9112973017786465
25718,LOF,0.011667992382226263,0.10124290474124845,0.8870891028765253
25719,LOF,0.017210094619994194,0.08110169821250232,0.9016882071675036
25720,LOF,0.021612478145283446,0.06890144902035485,0.9094860728343616
25721,LOF,0.014620706953632772,0.10447042356629546,0.8809088694800716
25722,LOF,0.012441898901252737,0.12205087977604334,0.865507221322704
25723,LOF,0.02189205299092455,0.045826031397030564,0.9322819156120449
25724,LOF,0.023043966403721385,0.08363182653217655,0.893324207064102
25725,LOF,0.011236415386310735,0.06785940576963903,0.9209041788440503
25726,LOF,0.013810652607310236,0.10268181747350294,0.8835075299191868
25727,LOF,0.012649950464974915,0.0819289007729633,0.9054211487620618
25728,LOF,0.009402277378918918,0.1118557549194527,0.8787419677016285
25729,LOF,0.009679749857945081,0.11339531223749824,0.8769249379045566
25730,LOF,0.013217073588310056,0.07891458895757594,0.9078683374541139
25731,LOF,0.021901698923488068,0.11938163368253982,0.858716667393972
25732,LOF,0.013997593956728538,0.09201150976114372,0.8939908962821277
25733,LOF,0.01535747434127515,0.07204383959790946,0.9125986860608154
25734,LOF,0.014057311033607864,0.12868742199404853,0.8572552669723434
25735,LOF,0.012421089498591121,0.07816852745887384,0.9094103830425351
25736,LOF,0.013153965244199137,0.11024633832574723,0.8765996964300538
25737,LOF,0.019065678464928616,0.08151331360412971,0.8994210079309416
25738,LOF,0.012874977934625637,0.10765609509915527,0.8794689269662191
25739,LOF,0.02006981928163564,0.08203830341275002,0.8978918773056144
25740,LOF,0.02516063872723566,0.09278478731638005,0.8820545739563842
25741,LOF,0.01422948804922336,0.09710612299209197,0.8886643889586847
25742,LOF,0.10933736885747361,0.07381258081765577,0.8168500503248707
25743,LOF,0.03566709518052839,0.030508766620444692,0.933824138199027
25744,Neutral,0.5412606127005298,0.2208241861106649,0.23791520118880521
25745,LOF,0.08296157130610327,0.06822695944666071,0.848811469247236
25746,LOF,0.041114469822979824,0.07549684021471922,0.8833886899623009
25747,LOF,0.022509220755664066,0.034454393195128837,0.9430363860492071
25748,LOF,0.09777362100128599,0.05339092084262787,0.8488354581560861
25749,LOF,0.024218575899820276,0.07634405604681234,0.8994373680533674
25750,LOF,0.07730955304413632,0.0836144723343698,0.8390759746214939
25751,LOF,0.09318892957148567,0.052350205726501196,0.8544608647020132
25752,GOF,0.10086371572478621,0.6703177232904031,0.2288185609848107
25753,LOF,0.019468297772657035,0.27190929126080354,0.7086224109665394
25754,GOF,0.010343411878612154,0.76595227384792,0.22370431427346782
25755,LOF,0.023901409737147567,0.39829055292137927,0.5778080373414731
25756,LOF,0.0386099717169289,0.3693603704498253,0.5920296578332458
25757,GOF,0.013256463429715818,0.8237109754626112,0.1630325611076729
25758,GOF,0.030497970167406283,0.8058295566228092,0.1636724732097844
25759,GOF,0.013280103905909628,0.5224794016126351,0.4642404944814553
25760,LOF,0.013877312587742704,0.23746582357636253,0.7486568638358948
25761,GOF,0.27288767716420215,0.6116678292326316,0.11544449360316625
25762,LOF,0.035329271978178436,0.26782972718812575,0.6968410008336958
25763,LOF,0.013669508963406678,0.2101632195186537,0.7761672715179395
25764,GOF,0.07126592196705442,0.5989595447829714,0.3297745332499742
25765,GOF,0.041986247598258315,0.7304740376184334,0.2275397147833083
25766,GOF,0.06091643745484015,0.7639515499942807,0.175132012550879
25767,GOF,0.17684447733326206,0.4514847780748017,0.37167074459193616
25768,LOF,0.09562245979395752,0.06563563874903712,0.8387419014570054
25769,LOF,0.06562065192974958,0.05849615753123281,0.8758831905390176
25770,LOF,0.27565716940362905,0.08537251095699647,0.6389703196393745
25771,LOF,0.04079794479470913,0.04533390607118333,0.9138681491341076
25772,LOF,0.016232681207974074,0.032705487961955354,0.9510618308300707
25773,LOF,0.047694944026798074,0.07574555734812093,0.8765594986250811
25774,LOF,0.028469843365315366,0.07806966807675317,0.8934604885579316
25775,LOF,0.04742212716922177,0.04913118165246026,0.9034466911783179
25776,LOF,0.07173755068044115,0.025752199400035397,0.9025102499195233
25777,LOF,0.3280408113955997,0.051732588316155834,0.6202266002882445
25778,LOF,0.06129615564466909,0.048210832806489204,0.8904930115488416
25779,GOF,0.35531971277070645,0.5987286243682854,0.045951662861008165
25780,GOF,0.29226305656686546,0.6383489809718818,0.06938796246125283
25781,GOF,0.13202641045110142,0.7558385726492509,0.11213501689964767
25782,GOF,0.19461482577315342,0.7287525826188991,0.07663259160794735
25783,GOF,0.028061597488959155,0.6287688899000433,0.3431695126109974
25784,Neutral,0.4802078857206011,0.47853468061780624,0.04125743366159279
25785,GOF,0.38206907890942726,0.5778551364734709,0.040075784617101956
25786,GOF,0.02615727813110807,0.7776432288707841,0.19619949299810793
25787,Neutral,0.6649672706369743,0.3086908875340723,0.026341841828953366
25788,LOF,0.04695937458839611,0.09993077962078474,0.8531098457908192
25789,GOF,0.1832588825412367,0.6639944648234721,0.1527466526352912
25790,GOF,0.19827616894701316,0.7048650469666808,0.09685878408630601
25791,GOF,0.14257798377170033,0.6759304748068587,0.18149154142144083
25792,GOF,0.3013028214650506,0.5597851302486084,0.13891204828634093
25793,GOF,0.24813568348826082,0.5671270086115211,0.18473730790021806
25794,GOF,0.3009980676445108,0.525532999463923,0.17346893289156612
25795,GOF,0.08020059670282567,0.7017605426037172,0.21803886069345704
25796,Neutral,0.5505555767315513,0.3682067348204644,0.08123768844798422
25797,GOF,0.09785320555762107,0.5410285593816845,0.3611182350606945
25798,GOF,0.00949097529984954,0.5202840009130744,0.47022502378707604
25799,LOF,0.006484613086177442,0.39592149802651044,0.5975938888873121
25800,GOF,0.03257086712695108,0.5869488630013424,0.38048026987170647
25801,GOF,0.165978313178027,0.7068149421480151,0.12720674467395804
25802,GOF,0.07651763829456658,0.7127421351586524,0.21074022654678107
25803,GOF,0.036565413707181936,0.5740170380179287,0.38941754827488934
25804,LOF,0.03360323102544447,0.47866631590479947,0.4877304530697562
25805,GOF,0.08884339100375954,0.6277481565708634,0.28340845242537704
25806,GOF,0.09535479990799466,0.6095666330455708,0.29507856704643454
25807,GOF,0.018229750698039334,0.6299040918985941,0.3518661574033667
25808,GOF,0.07640326235727833,0.6589568199418702,0.26463991770085155
25809,GOF,0.017005996242337465,0.5713432011582229,0.41165080259943965
25810,GOF,0.015774552056832467,0.6113547534648375,0.37287069447833004
25811,GOF,0.44490854949054903,0.47316174886473744,0.08192970164471358
25812,GOF,0.030000858829954357,0.6099264865985007,0.3600726545715449
25813,Neutral,0.532335351823539,0.36985138145244134,0.09781326672401965
25814,GOF,0.11214467066418939,0.6437771383488949,0.24407819098691566
25815,GOF,0.19608480556067903,0.5929105328231343,0.2110046616161866
25816,GOF,0.02362119410882951,0.7201455409223861,0.25623326496878435
25817,GOF,0.24449937507175473,0.6100219275512357,0.14547869737700944
25818,GOF,0.04952476991471354,0.6884593372732339,0.2620158928120525
25819,GOF,0.37538264753442624,0.482555159930737,0.14206219253483682
25820,GOF,0.1834320191479523,0.6024864631709335,0.21408151768111422
25821,GOF,0.06140711170581853,0.6715008432972015,0.2670920449969799
25822,GOF,0.21577371761515426,0.573309465792261,0.21091681659258468
25823,GOF,0.033834418172698714,0.5342350010492161,0.43193058077808516
25824,GOF,0.09568070981263421,0.6242778931488694,0.2800413970384964
25825,GOF,0.040683488493862725,0.6297286005186588,0.3295879109874785
25826,GOF,0.015584556486066988,0.6016015364391545,0.3828139070747786
25827,GOF,0.02462992601152374,0.5998857555395346,0.37548431844894176
25828,GOF,0.013890773731588734,0.5493209552247867,0.4367882710436246
25829,GOF,0.0055523161160604,0.5687942227824592,0.4256534611014805
25830,LOF,0.03428470269548746,0.2856593016802271,0.6800559956242855
25831,GOF,0.2168903098407099,0.6692028835749619,0.11390680658432815
25832,GOF,0.028457527012609,0.6990739859847919,0.27246848700259907
25833,GOF,0.11155405838501142,0.7263192439759193,0.16212669763906914
25834,GOF,0.028526815410074794,0.7144206821096821,0.25705250248024303
25835,GOF,0.06546720612033183,0.7609483789045868,0.17358441497508145
25836,GOF,0.02899144598450496,0.6840935701481571,0.286914983867338
25837,GOF,0.024689196776837116,0.6395353249235068,0.33577547829965604
25838,GOF,0.09219261857615972,0.7714432719106361,0.13636410951320396
25839,GOF,0.2886905294531313,0.5576416353109023,0.15366783523596636
25840,GOF,0.2631811564418998,0.6041374336772826,0.13268140988081764
25841,GOF,0.25995552875588707,0.6048968578785231,0.13514761336558975
25842,GOF,0.12981494978517422,0.7488949075477156,0.12129014266711012
25843,GOF,0.19430674072620294,0.715961717777457,0.08973154149634006
25844,GOF,0.062373085359583094,0.7626921486665001,0.17493476597391672
25845,GOF,0.01525448224778014,0.5496484752583307,0.4350970424938891
25846,GOF,0.12419176351722809,0.7503670042148458,0.12544123226792603
25847,GOF,0.09019822423949533,0.8131424812359833,0.09665929452452125
25848,GOF,0.03220222789815037,0.7419799605909273,0.22581781151092215
25849,GOF,0.010148203562835124,0.6416947657514934,0.34815703068567144
25850,GOF,0.019398333235782925,0.6710354523025269,0.30956621446169014
25851,GOF,0.015372367941638687,0.5633895966871174,0.4212380353712438
25852,GOF,0.15215423126047997,0.5557101282104562,0.29213564052906377
25853,GOF,0.3434642259838111,0.5676427819983807,0.08889299201780815
25854,GOF,0.022160750305578278,0.6400969455802024,0.33774230411421935
25855,GOF,0.03282722709254493,0.5786383509814254,0.38853442192602977
25856,GOF,0.2278753521614116,0.5598010778310096,0.2123235700075788
25857,GOF,0.04032671735010164,0.5287924148316204,0.430880867818278
25858,GOF,0.019948832869909516,0.5243038155723797,0.4557473515577108
25859,GOF,0.01066829745523025,0.4961726981773433,0.49315900436742666
25860,GOF,0.3349266664189373,0.5809335020494861,0.0841398315315765
25861,GOF,0.4182390224555145,0.5135586828944498,0.06820229465003581
25862,GOF,0.07615798348169907,0.7888601394466902,0.13498187707161072
25863,GOF,0.07832444349313589,0.7928815005424447,0.12879405596441956
25864,GOF,0.1810478182993107,0.74696756693612,0.07198461476456937
25865,GOF,0.08189392312913181,0.8077100268059164,0.11039605006495173
25866,GOF,0.057039205330337774,0.791464637177803,0.15149615749185938
25867,GOF,0.08286741039564055,0.813143385478494,0.10398920412586535
25868,GOF,0.24695680706668874,0.6515923171939927,0.10145087573931848
25869,Neutral,0.7229150001640697,0.23013468741719711,0.04695031241873311
25870,GOF,0.28414138059828853,0.4059607867506485,0.30989783265106297
25871,GOF,0.21018967957860102,0.6474524018345096,0.14235791858688934
25872,GOF,0.06742057926852013,0.668921167632381,0.263658253099099
25873,GOF,0.09729336839971976,0.7018498326441093,0.20085679895617103
25874,LOF,0.014103842763572301,0.11230108760173432,0.8735950696346934
25875,LOF,0.09190821339663378,0.03999568930496676,0.8680960972983994
25876,LOF,0.03471088814401927,0.026475132750120697,0.9388139791058601
25877,Neutral,0.48768467420904077,0.036369945926588404,0.47594537986437097
25878,LOF,0.21213475861407266,0.07968627804397284,0.7081789633419546
25879,LOF,0.08050994484913107,0.07891175202088115,0.8405783031299877
25880,LOF,0.040680160881853736,0.013036286115198626,0.9462835530029475
25881,LOF,0.1549635486316487,0.11770868323448655,0.7273277681338648
25882,LOF,0.062418082071967876,0.01753008777763022,0.9200518301504019
25883,LOF,0.06432120477241461,0.019888916738039983,0.9157898784895454
25884,LOF,0.030226418141627052,0.029860368438789742,0.9399132134195832
25885,LOF,0.05954409762642328,0.011746219346323436,0.9287096830272533
25886,LOF,0.2502774652999674,0.04106272529685937,0.7086598094031733
25887,LOF,0.14745186051472234,0.07041309793399443,0.7821350415512832
25888,LOF,0.060966326235698066,0.06099926364863781,0.8780344101156641
25889,LOF,0.03869133885888097,0.02125288372936161,0.9400557774117575
25890,LOF,0.04877913853278917,0.14217377874740267,0.8090470827198081
25891,LOF,0.036748446136958116,0.05088838044886491,0.912363173414177
25892,LOF,0.07683882479166097,0.022785591281511038,0.9003755839268279
25893,LOF,0.24762021848814897,0.01981708406962272,0.7325626974422282
25894,LOF,0.17562912929017255,0.01328792747467534,0.8110829432351521
25895,LOF,0.19046171359900796,0.02387430797209127,0.7856639784289008
25896,LOF,0.04811411169053817,0.026269487689259654,0.9256164006202021
25897,LOF,0.2610736535594827,0.01447078672761004,0.7244555597129073
25898,Neutral,0.698583742672885,0.010649418327696138,0.29076683899941885
25899,LOF,0.20717386687442957,0.02567423120391371,0.7671519019216567
25900,LOF,0.4655894620958883,0.013397520806387357,0.5210130170977243
25901,LOF,0.05094889232319926,0.01290234039457605,0.9361487672822247
25902,LOF,0.15828370459781457,0.01566242917929814,0.8260538662228873
25903,Neutral,0.5935858423821331,0.0295858515131899,0.3768283061046772
25904,LOF,0.3015770283807432,0.04737295448786725,0.6510500171313895
25905,LOF,0.02629318451306734,0.352467456888785,0.6212393585981477
25906,LOF,0.03114473309222546,0.08658415036907682,0.8822711165386977
25907,LOF,0.014509157692287812,0.31885819368783885,0.6666326486198733
25908,LOF,0.01074593620078422,0.2709666948009309,0.7182873689982848
25909,LOF,0.012295956788015188,0.13350669163394333,0.8541973515780414
25910,LOF,0.04646678836693083,0.14679811135790077,0.8067351002751684
25911,LOF,0.1799919230160326,0.028141233555414,0.7918668434285534
25912,LOF,0.042945157882729915,0.0467134968673879,0.9103413452498822
25913,LOF,0.3517477351767152,0.022201852826934404,0.6260504119963504
25914,LOF,0.02135384798271996,0.04449381963494787,0.9341523323823322
25915,Neutral,0.5798037178008496,0.12134528511525057,0.2988509970838999
25916,LOF,0.0896999146544781,0.18573151780045943,0.7245685675450626
25917,LOF,0.06706383108408068,0.033300508395437474,0.8996356605204819
25918,LOF,0.022845050621555535,0.026481361010309765,0.9506735883681346
25919,LOF,0.01983186646736352,0.028620835554494524,0.9515472979781419
25920,GOF,0.11528149361629672,0.5022978984370836,0.3824206079466197
25921,LOF,0.02512923234035905,0.037820297032108624,0.9370504706275323
25922,LOF,0.03353880650752745,0.0279339974807951,0.9385271960116774
25923,Neutral,0.49026976926226984,0.03867460061777632,0.47105563011995394
25924,LOF,0.0379515713228107,0.04355894795268171,0.9184894807245075
25925,LOF,0.07834598047769742,0.04337968043186002,0.8782743390904425
25926,LOF,0.05240590122974871,0.038837864339546904,0.9087562344307044
25927,LOF,0.061827986039338534,0.14878091525329082,0.7893910987073707
25928,LOF,0.01947607175568396,0.055170127249126136,0.9253538009951898
25929,Neutral,0.6113361507736956,0.041042746863879105,0.34762110236242527
25930,LOF,0.07837838527891257,0.033664179893842475,0.8879574348272449
25931,LOF,0.02635967355803117,0.03626009263741337,0.9373802338045554
25932,LOF,0.030858104188013127,0.02958042453837834,0.9395614712736085
25933,LOF,0.04167013443278916,0.01746777976640228,0.9408620858008085
25934,LOF,0.02673455516734906,0.020072063577803403,0.9531933812548475
25935,LOF,0.06748079408138453,0.05396819117260037,0.8785510147460152
25936,LOF,0.04475623312524339,0.0248689047476058,0.9303748621271507
25937,LOF,0.02958960668972432,0.03766150022672893,0.9327488930835467
25938,LOF,0.06895326297017539,0.05783033993334125,0.8732163970964834
25939,LOF,0.04488275588400289,0.020262735407025334,0.9348545087089718
25940,LOF,0.03753723046987544,0.3385289726883771,0.6239337968417474
25941,LOF,0.18134335486376574,0.09137284947206081,0.7272837956641734
25942,LOF,0.012433314716579838,0.03364712579580279,0.9539195594876173
25943,LOF,0.29923247435499156,0.05475967366821682,0.6460078519767916
25944,Neutral,0.49348919893644194,0.019502086246724584,0.4870087148168334
25945,LOF,0.07098266712751912,0.019072484890732596,0.9099448479817482
25946,LOF,0.032082179449856106,0.09734576869102618,0.8705720518591177
25947,LOF,0.11093386621468791,0.17098988656422598,0.7180762472210861
25948,LOF,0.3684308510529891,0.008170256807275893,0.623398892139735
25949,LOF,0.12980134688064873,0.03445418661401693,0.8357444665053344
25950,GOF,0.3272014962007033,0.3459801631529541,0.32681834064634263
25951,LOF,0.190924463818091,0.2812141574900111,0.5278613786918979
25952,GOF,0.05300537878098484,0.4884865822287539,0.4585080389902612
25953,LOF,0.16580334655031612,0.1107000229960628,0.7234966304536212
25954,Neutral,0.41608349329971656,0.19508135022037154,0.3888351564799118
25955,LOF,0.05904128995147557,0.08691129490591032,0.8540474151426141
25956,LOF,0.1503815160000962,0.13139090867814585,0.718227575321758
25957,LOF,0.03493946653903626,0.030195596520950718,0.934864936940013
25958,LOF,0.05430899612652107,0.026649181327731558,0.9190418225457473
25959,LOF,0.07196285026614802,0.3327847097660223,0.5952524399678297
25960,LOF,0.0157652335215315,0.049760764224892964,0.9344740022535756
25961,LOF,0.04041838361120647,0.027397810892922928,0.9321838054958705
25962,LOF,0.0565665188977856,0.03302017418381537,0.910413306918399
25963,LOF,0.04216884258005737,0.20332823710129042,0.7545029203186522
25964,LOF,0.03164888115549274,0.15138912652756567,0.8169619923169416
25965,LOF,0.4516023026414563,0.054765514970611266,0.49363218238793244
25966,Neutral,0.5087204545764094,0.17354550648421035,0.3177340389393803
25967,LOF,0.017389236320038103,0.11012276663980866,0.8724879970401532
25968,LOF,0.03396290924388479,0.3715079215498654,0.5945291692062499
25969,LOF,0.03685712144795217,0.06069061835703662,0.9024522601950111
25970,LOF,0.0533602462815563,0.05825796018987089,0.8883817935285728
25971,LOF,0.06269470667401356,0.020508095588565117,0.9167971977374214
25972,LOF,0.06398455049128418,0.030764590287001087,0.9052508592217147
25973,LOF,0.07067125390625789,0.011146981462557477,0.9181817646311846
25974,LOF,0.18061316745153494,0.01675395613965009,0.802632876408815
25975,LOF,0.04283336746237312,0.02905785710879298,0.9281087754288339
25976,LOF,0.03915116821887396,0.01649049218444806,0.944358339596678
25977,LOF,0.1462345818089981,0.08727727575438404,0.7664881424366178
25978,LOF,0.14448806893559465,0.09951731699217599,0.7559946140722293
25979,LOF,0.1302886796743236,0.10212796388378993,0.7675833564418865
25980,LOF,0.2251332120174915,0.12540214625816795,0.6494646417243406
25981,LOF,0.2575484694636582,0.12263165182441146,0.6198198787119302
25982,LOF,0.4087903425467789,0.08938542352743324,0.5018242339257879
25983,LOF,0.38209516307359054,0.09886891096764987,0.5190359259587596
25984,LOF,0.04576475099779688,0.04793094315755068,0.9063043058446525
25985,LOF,0.038520269013443104,0.2746036079765845,0.6868761230099724
25986,LOF,0.04203295601898487,0.3091440933998189,0.6488229505811963
25987,LOF,0.08472653438016836,0.07052524271476772,0.8447482229050639
25988,LOF,0.15390029333447705,0.06062011305959453,0.7854795936059283
25989,LOF,0.034779775225973954,0.10761639517229762,0.8576038296017284
25990,LOF,0.03698395064603725,0.1536363106217105,0.8093797387322523
25991,LOF,0.13475085590930602,0.2600740420643293,0.6051751020263646
25992,LOF,0.30606181563936385,0.16702083423583236,0.5269173501248038
25993,LOF,0.022006447408179433,0.07946133085729083,0.8985322217345297
25994,LOF,0.01728436270437832,0.08308690857471095,0.8996287287209107
25995,LOF,0.022687653544540446,0.17580155367153685,0.8015107927839227
25996,GOF,0.3084547511580646,0.4177709619360505,0.2737742869058849
25997,LOF,0.09275760019907611,0.39345563633580954,0.5137867634651143
25998,Neutral,0.5051921877468363,0.025775965577495525,0.4690318466756681
25999,LOF,0.09752435505426288,0.10012013317979847,0.8023555117659387
26000,LOF,0.11844351725599152,0.04342743049461847,0.83812905224939
26001,LOF,0.2038231957422227,0.04433658899491569,0.7518402152628616
26002,LOF,0.11510134072190611,0.04511087306505045,0.8397877862130435
26003,GOF,0.010894581288033467,0.5994263701231177,0.3896790485888489
26004,GOF,0.02117247100698577,0.6931666748917318,0.28566085410128234
26005,LOF,0.006996358810015337,0.4500820050249101,0.5429216361650746
26006,Neutral,0.5441307610287842,0.23063483625288797,0.2252344027183277
26007,GOF,0.022924845145910037,0.5166258658481698,0.46044928900592014
26008,GOF,0.01838185866354556,0.608676071502751,0.3729420698337033
26009,GOF,0.020289525072438558,0.6708237700368658,0.30888670489069564
26010,GOF,0.022493471886193855,0.6513600114617917,0.32614651665201444
26011,LOF,0.006480056289292638,0.41731354056588726,0.5762064031448201
26012,GOF,0.011673301229203247,0.5482916815397991,0.4400350172309975
26013,GOF,0.018987184414142596,0.5975777397019815,0.3834350758838759
26014,LOF,0.04226823936313207,0.10854379170928571,0.8491879689275822
26015,LOF,0.15687911015747782,0.01662318775648563,0.8264977020860366
26016,LOF,0.19746486697275353,0.06158931225711591,0.7409458207701305
26017,LOF,0.21152734928586064,0.09548499055069268,0.6929876601634467
26018,LOF,0.07847224587723431,0.04033588186119899,0.8811918722615666
26019,LOF,0.0732539862217605,0.03195202167331042,0.894793992104929
26020,LOF,0.0669723589374131,0.101909188508467,0.83111845255412
26021,LOF,0.04452146612572462,0.1045584622786655,0.8509200715956099
26022,LOF,0.01104201234209114,0.036841648395980045,0.9521163392619287
26023,LOF,0.06316946511325706,0.025071060637618072,0.911759474249125
26024,LOF,0.028211447556475498,0.10978911868526851,0.861999433758256
26025,LOF,0.14721502758213165,0.09193761147871421,0.7608473609391541
26026,LOF,0.3261848108041648,0.02528237377323243,0.6485328154226028
26027,LOF,0.05804566845755195,0.019229231995552595,0.9227250995468955
26028,LOF,0.16453192968782604,0.06477992161944136,0.7706881486927327
26029,LOF,0.06937790325270365,0.15332907978071847,0.7772930169665779
26030,LOF,0.021755580663590384,0.03595013549989446,0.9422942838365153
26031,LOF,0.025099709967453036,0.11144601487336175,0.8634542751591853
26032,LOF,0.06641878589778052,0.05437514254216937,0.87920607156005
26033,LOF,0.08835964990523544,0.05789048444584037,0.8537498656489242
26034,LOF,0.04228596845055038,0.13697879536901358,0.8207352361804361
26035,LOF,0.026307853255081174,0.12583069079325795,0.8478614559516608
26036,LOF,0.03790739274148784,0.14357444501177472,0.8185181622467375
26037,LOF,0.02094103302315788,0.10413850570017244,0.8749204612766698
26038,LOF,0.06254248746844707,0.05861303470930995,0.878844477822243
26039,LOF,0.04959624688579014,0.12703400224430592,0.8233697508699039
26040,LOF,0.20529903611538097,0.10394539356511463,0.6907555703195043
26041,LOF,0.02169771423508452,0.09740415946084553,0.88089812630407
26042,LOF,0.019513765726019313,0.09153450772137076,0.88895172655261
26043,LOF,0.06376819578442722,0.06641934999637729,0.8698124542191955
26044,LOF,0.018325773319146522,0.04500618883267908,0.9366680378481744
26045,LOF,0.07420200146358945,0.08377737238186328,0.8420206261545472
26046,LOF,0.058980717961656264,0.05726883435710694,0.8837504476812369
26047,LOF,0.08116659884141358,0.05915079572809961,0.8596826054304868
26048,LOF,0.04356720369730338,0.03020609607402064,0.9262267002286759
26049,Neutral,0.9680825456866442,0.005163951790933824,0.02675350252242186
26050,Neutral,0.9522356994029851,0.006625230701023883,0.04113906989599102
26051,LOF,0.05384842158112275,0.2617660602987472,0.68438551812013
26052,LOF,0.06877858581679208,0.3084535123136811,0.6227679018695268
26053,LOF,0.06196593703174505,0.14886504260694114,0.7891690203613139
26054,LOF,0.05075985240979513,0.017751351668744468,0.9314887959214604
26055,LOF,0.07018159408201631,0.016635128331940693,0.913183277586043
26056,LOF,0.059473729632299153,0.018546498450952638,0.9219797719167482
26057,LOF,0.03205172951108793,0.011911052504863722,0.9560372179840484
26058,LOF,0.032795361027632065,0.009495038233607124,0.9577096007387608
26059,LOF,0.2755527295159648,0.019748024042400465,0.7046992464416346
26060,LOF,0.04341851758609692,0.1641705403046991,0.7924109421092039
26061,LOF,0.016284897151508982,0.012805878477297054,0.970909224371194
26062,LOF,0.010343023224562466,0.01734125475865304,0.9723157220167844
26063,LOF,0.020502457335075466,0.009900181458144378,0.9695973612067802
26064,LOF,0.02089362728620783,0.024396195016372257,0.9547101776974201
26065,LOF,0.025768122979372237,0.009696252030739233,0.9645356249898884
26066,LOF,0.02081359593491749,0.01010169049992288,0.9690847135651596
26067,LOF,0.02854027296577692,0.008053109547212386,0.9634066174870106
26068,LOF,0.04271894882481251,0.028011535638930052,0.9292695155362575
26069,LOF,0.2546166700381516,0.018343626732785227,0.7270397032290632
26070,LOF,0.3817335694249251,0.01537288375046914,0.6028935468246058
26071,LOF,0.01984482571197727,0.01113672789840791,0.9690184463896149
26072,LOF,0.01918318167286645,0.020710471672614746,0.9601063466545189
26073,LOF,0.019984619865601863,0.01362503533158779,0.9663903448028104
26074,Neutral,0.9057936030758587,0.005775037718263558,0.08843135920587789
26075,LOF,0.04359956282250757,0.013615679090744355,0.942784758086748
26076,LOF,0.03786758208404335,0.007823468245704419,0.9543089496702521
26077,LOF,0.009201557184928369,0.011713431119446917,0.9790850116956247
26078,LOF,0.014637714635908456,0.011063845175363915,0.9742984401887276
26079,LOF,0.060701867619717985,0.01573316080056174,0.9235649715797202
26080,LOF,0.05926053723609776,0.015756486705060368,0.9249829760588418
26081,LOF,0.03547276037151153,0.006035895667553597,0.9584913439609348
26082,LOF,0.013323048444030287,0.013578694923552946,0.9730982566324169
26083,LOF,0.17322985947895375,0.013796069133786407,0.8129740713872599
26084,LOF,0.043571953416857635,0.011993823909759088,0.9444342226733834
26085,LOF,0.039122953264451005,0.011296548229344911,0.9495804985062042
26086,LOF,0.020526518956388056,0.010562012213250933,0.968911468830361
26087,LOF,0.02476934484754527,0.007992080372805422,0.9672385747796493
26088,LOF,0.016711333892397456,0.022805005966768155,0.9604836601408343
26089,LOF,0.04002647781875497,0.02085780807308602,0.9391157141081591
26090,LOF,0.03987609198680889,0.016627950786646858,0.9434959572265443
26091,LOF,0.032296752886367186,0.005888093876767675,0.9618151532368651
26092,LOF,0.022795991046205923,0.0074930794878617785,0.9697109294659322
26093,LOF,0.03268610692219512,0.0055392693434694025,0.9617746237343354
26094,LOF,0.03406369940573285,0.005756199665670835,0.9601801009285964
26095,LOF,0.037401141606782956,0.01421806677892508,0.9483807916142919
26096,LOF,0.016073829001652606,0.010821068333900945,0.9731051026644464
26097,LOF,0.012065595850727659,0.03665194130053783,0.9512824628487345
26098,LOF,0.08006937755022212,0.011946930606570406,0.9079836918432075
26099,LOF,0.02134872087554017,0.011835534954004077,0.9668157441704558
26100,LOF,0.023428134558022357,0.011332084209782363,0.9652397812321952
26101,LOF,0.04594351311150461,0.016954826681974178,0.9371016602065213
26102,LOF,0.02001940723550185,0.013277491491894186,0.9667031012726041
26103,Neutral,0.8769522676316914,0.018463717568084258,0.10458401480022417
26104,LOF,0.07734799100292124,0.023879123492938456,0.8987728855041404
26105,LOF,0.20927735055539787,0.2680562085909227,0.5226664408536794
26106,LOF,0.15794967063581566,0.12948632358334883,0.7125640057808355
26107,LOF,0.22170300279886768,0.08186201667516411,0.6964349805259682
26108,LOF,0.22963614717390837,0.08953648637561823,0.6808273664504734
26109,LOF,0.08480867993765911,0.052038506328801505,0.8631528137335395
26110,LOF,0.20268046942240742,0.007113797859458766,0.7902057327181338
26111,Neutral,0.5323962661404801,0.02504561821585023,0.4425581156436696
26112,LOF,0.03327340321998384,0.00686527208852112,0.9598613246914951
26113,LOF,0.06015150447031412,0.01665246718768785,0.9231960283419981
26114,LOF,0.024234592670396075,0.03015879840953441,0.9456066089200696
26115,LOF,0.08959504764578306,0.0536652099288731,0.8567397424253439
26116,LOF,0.06234188197680817,0.06000492934923352,0.8776531886739584
26117,LOF,0.45430066741172354,0.04072597338338927,0.5049733592048873
26118,LOF,0.033585317126314615,0.024251825384133466,0.9421628574895519
26119,LOF,0.023000956811331644,0.03590717882344935,0.941091864365219
26120,LOF,0.02554820496506476,0.018415892619594382,0.956035902415341
26121,LOF,0.0388356837667681,0.08315469323315931,0.8780096230000726
