feature0,prediction,LoGoFunc_Neutral,LoGoFunc_GOF,LoGoFunc_LOF
25546,Neutral,0.6409207047970342,0.06627955098898486,0.292799744213981
25547,Neutral,0.5236566153797892,0.10926173342658663,0.36708165119362407
25548,Neutral,0.5138495176425673,0.08597704723204805,0.40017343512538484
25549,LOF,0.44886625397314334,0.0871549920224714,0.4639787540043853
25550,LOF,0.3662291230326234,0.10483391989359457,0.5289369570737821
25551,LOF,0.31187188038135644,0.11553343886692748,0.572594680751716
25552,LOF,0.27764950254227494,0.12263584068846925,0.5997146567692557
25553,Neutral,0.7894486147985992,0.05138840547680739,0.15916297972459345
25554,LOF,0.31597012259397594,0.11607102605090786,0.5679588513551163
25555,LOF,0.2716513525469642,0.10589915914106846,0.6224494883119673
25556,Neutral,0.4583222937459498,0.10374265770262926,0.43793504855142096
25557,LOF,0.26965556260718104,0.1113265240979608,0.6190179132948582
25558,LOF,0.3293815609522008,0.10904340328174514,0.561575035766054
25559,LOF,0.2788186774032179,0.059577165978083164,0.661604156618699
25560,LOF,0.1053058649070533,0.14203018180153645,0.7526639532914102
25561,LOF,0.12325438063268955,0.19088380365304997,0.6858618157142604
25562,LOF,0.04017757128130663,0.10478281346726209,0.8550396152514312
25563,LOF,0.01396756015752638,0.1788743282404182,0.8071581116020553
25564,LOF,0.09478805840706202,0.12305236516873923,0.7821595764241986
25565,LOF,0.17062052124305704,0.12383027195802676,0.7055492067989163
25566,GOF,0.05671815700689039,0.6582797786790981,0.28500206431401137
25567,LOF,0.03622968195324309,0.15882616844351566,0.8049441496032412
25568,LOF,0.05455421075843818,0.10039680875997557,0.8450489804815863
25569,LOF,0.058256468217402525,0.09302474349485397,0.8487187882877435
25570,LOF,0.02708944023299207,0.1272630864666981,0.8456474733003099
25571,LOF,0.02376398358863744,0.1331771273991294,0.8430588890122332
25572,LOF,0.056444179459427854,0.17609244919029793,0.7674633713502742
25573,LOF,0.0554248956882559,0.11701387784937346,0.8275612264623706
25574,LOF,0.054832887516389574,0.24886331682418725,0.6963037956594232
25575,LOF,0.023549667787201013,0.13920388842518364,0.8372464437876154
25576,LOF,0.0264016203530682,0.1978518162272695,0.7757465634196623
25577,LOF,0.029997955857186943,0.1600840258399347,0.8099180183028784
25578,LOF,0.2900616919270562,0.11974016731930537,0.5901981407536384
25579,LOF,0.18121262427339352,0.11487212358470648,0.7039152521419
25580,LOF,0.02152564453944051,0.09313526757078827,0.8853390878897712
25581,LOF,0.04591676653120769,0.10163050472821004,0.8524527287405822
25582,LOF,0.045383519475433926,0.09884590398762401,0.8557705765369422
25583,LOF,0.024928813344222183,0.10835707476092249,0.8667141118948553
25584,Neutral,0.7011742858433507,0.1489750862080964,0.14985062794855272
25585,LOF,0.02129332756215844,0.19139790166683177,0.7873087707710098
25586,LOF,0.017209612291807796,0.09477219304443259,0.8880181946637595
25587,LOF,0.017308140082367352,0.08582001563705524,0.8968718442805774
25588,LOF,0.02112138340223639,0.08466802414723103,0.8942105924505325
25589,Neutral,0.5121839799945969,0.26774335379369013,0.22007266621171304
25590,LOF,0.04490156900130913,0.13852902455088156,0.8165694064478094
25591,LOF,0.07657658119568805,0.08553912403248347,0.8378842947718284
25592,LOF,0.05991556940100197,0.1718760519800563,0.7682083786189416
25593,LOF,0.10556834450754853,0.33706461411758776,0.5573670413748637
25594,LOF,0.0543231051649408,0.05290997161243066,0.8927669232226286
25595,LOF,0.05382544259062315,0.032180253752734325,0.9139943036566425
25596,LOF,0.10838234083410803,0.01864849000962518,0.8729691691562668
25597,LOF,0.08364238930396571,0.021732177776135786,0.8946254329198985
25598,LOF,0.049981292970640294,0.03436019191894051,0.9156585151104192
25599,LOF,0.022218787011263456,0.35634497094074546,0.6214362420479911
25600,LOF,0.15752958621119087,0.4125842616815652,0.42988615210724396
25601,LOF,0.03782287028394792,0.3354051138801506,0.6267720158359015
25602,LOF,0.02610081250417897,0.08291541520573399,0.8909837722900872
25603,LOF,0.03474746613992427,0.07061347942009835,0.8946390544399774
25604,LOF,0.0390826798481474,0.1087695497427113,0.8521477704091411
25605,LOF,0.03132872544386202,0.18705021927229115,0.7816210552838468
25606,Neutral,0.42613230661957063,0.15607147920881898,0.41779621417161045
25607,LOF,0.02465750185521432,0.23573929187143786,0.7396032062733479
25608,LOF,0.03680829724318437,0.11439450280437923,0.8487971999524364
25609,GOF,0.1456847108317035,0.4705100544646929,0.38380523470360356
25610,LOF,0.015785085957979672,0.0599896685761746,0.9242252454658457
25611,LOF,0.013399418061085333,0.06565727773214095,0.9209433042067737
25612,LOF,0.04750069756589926,0.06875448983856394,0.8837448125955367
25613,LOF,0.04382715394979718,0.0705636987148016,0.8856091473354012
25614,LOF,0.022443171139703386,0.05721152877281229,0.9203453000874844
25615,LOF,0.04007432390299604,0.06585491464546873,0.8940707614515353
25616,LOF,0.05210235780834857,0.06572963928342529,0.8821680029082262
25617,LOF,0.04224030869737031,0.06913854114008922,0.8886211501625406
25618,LOF,0.051737698005011816,0.09330457219410415,0.8549577298008841
25619,LOF,0.012838455258525372,0.07039547130222494,0.9167660734392497
25620,LOF,0.05312181359747545,0.08055914696290042,0.8663190394396241
25621,LOF,0.06046620689395758,0.06649575185121592,0.8730380412548265
25622,LOF,0.06049603798611233,0.07550667097548228,0.8639972910384055
25623,LOF,0.05773465658235217,0.05009601700140075,0.8921693264162471
25624,LOF,0.0196588831194742,0.06323170073502875,0.917109416145497
25625,LOF,0.06151225262169784,0.06282259947264428,0.875665147905658
25626,LOF,0.04695116847742799,0.06429757629131316,0.8887512552312589
25627,Neutral,0.8841083966369025,0.0241789479839283,0.09171265537916914
25628,LOF,0.1400449637338018,0.06802229207422031,0.7919327441919778
25629,LOF,0.062424967367156727,0.07130448617986593,0.8662705464529773
25630,LOF,0.24521522406518792,0.07660572160973217,0.6781790543250799
25631,Neutral,0.5355533254865462,0.061895997564454276,0.40255067694899943
25632,LOF,0.029060222819126694,0.07644092386680611,0.8944988533140672
25633,LOF,0.20823228992967463,0.05384911907767682,0.7379185909926486
25634,LOF,0.04378403258767484,0.10028005060514153,0.8559359168071837
25635,LOF,0.037221216091930936,0.04413967246414962,0.9186391114439194
25636,GOF,0.03778017105181604,0.5523076253322243,0.40991220361595965
25637,GOF,0.05426272672498969,0.5561657059204536,0.3895715673545568
25638,LOF,0.034123303236428565,0.48225885031961163,0.48361784644395966
25639,LOF,0.03381653742016061,0.4738749421270484,0.49230852045279094
25640,Neutral,0.8573025983961152,0.08533059694374648,0.057366804660138264
25641,LOF,0.08952153637170303,0.42237185210627326,0.48810661152202384
25642,LOF,0.06750666970028332,0.17566021894605188,0.7568331113536649
25643,LOF,0.24874514442668502,0.13916143200173967,0.6120934235715753
25644,GOF,0.00991110664820838,0.5950553830769773,0.39503351027481437
25645,GOF,0.011404221943116577,0.5844146415538787,0.40418113650300486
25646,LOF,0.030224311154966623,0.39228420002546827,0.5774914888195651
25647,LOF,0.011767815834922478,0.3141081895751882,0.6741239945898894
25648,LOF,0.014759285274532085,0.3896667629091782,0.5955739518162897
25649,LOF,0.008951941024491514,0.2881641952755617,0.7028838636999468
25650,GOF,0.021251404679123273,0.5768094718898231,0.4019391234310536
25651,LOF,0.009003552795594607,0.39798121913597906,0.5930152280684264
25652,LOF,0.013473287682189824,0.41329852900925085,0.5732281833085593
25653,GOF,0.04160462293292286,0.5749781979916656,0.38341717907541145
25654,LOF,0.01039860164707606,0.29514801161220916,0.6944533867407147
25655,GOF,0.1435312548131679,0.6094339992367794,0.24703474595005273
25656,LOF,0.3290205921683042,0.12564614745321406,0.5453332603784817
25657,LOF,0.05065708254307823,0.10692972307626288,0.8424131943806589
25658,LOF,0.3284230884161524,0.16280983292183243,0.5087670786620151
25659,Neutral,0.440961803100385,0.15733636360822523,0.40170183329138975
25660,LOF,0.022396883130787318,0.11258949625474383,0.865013620614469
25661,LOF,0.08929358655462026,0.0657074615996305,0.8449989518457492
25662,LOF,0.032109335608296805,0.03679334011635248,0.9310973242753507
25663,LOF,0.03654525348075688,0.03939536093223074,0.9240593855870123
25664,LOF,0.12527394382438622,0.07499802366423211,0.7997280325113817
25665,LOF,0.06116359746889902,0.035230521668356114,0.903605880862745
25666,LOF,0.09525035656539732,0.07532238276384871,0.829427260670754
25667,LOF,0.07548488293729151,0.04268096459072373,0.8818341524719848
25668,LOF,0.035603881071873886,0.055301305656544404,0.9090948132715817
25669,LOF,0.03018676867525413,0.05354142147463565,0.9162718098501101
25670,LOF,0.13925146640545552,0.05452507629408314,0.8062234573004613
25671,LOF,0.10078651870527734,0.04071907595229792,0.8584944053424247
25672,LOF,0.052208687867465575,0.04815709784624244,0.899634214286292
25673,LOF,0.09130963304193719,0.04647600364136435,0.8622143633166985
25674,LOF,0.07652306971510187,0.059467617365490784,0.8640093129194073
25675,LOF,0.11368563932774803,0.07471329142967832,0.8116010692425736
25676,LOF,0.017799763381694037,0.061465774568583285,0.9207344620497228
25677,LOF,0.022431029756025036,0.07615639247160272,0.9014125777723722
25678,LOF,0.20807082677904884,0.0870839573893345,0.7048452158316167
25679,LOF,0.12346652896894779,0.0951271199650084,0.781406351066044
25680,LOF,0.02885603720230288,0.11816546845909029,0.8529784943386068
25681,LOF,0.04492589479864967,0.1193965588849594,0.8356775463163909
25682,LOF,0.12824053248657677,0.0800264215362212,0.7917330459772021
25683,LOF,0.11742309178329817,0.10450289816769143,0.7780740100490103
25684,LOF,0.03684245942513249,0.06457553427960466,0.8985820062952629
25685,LOF,0.11476085474703818,0.07069397172525263,0.8145451735277092
25686,LOF,0.07357449083085044,0.1126748675832422,0.8137506415859074
25687,LOF,0.11901857606861475,0.1117837582099816,0.7691976657214037
25688,LOF,0.4112590619750357,0.04035549178935738,0.5483854462356069
25689,LOF,0.28596413735269993,0.04531457058827979,0.6687212920590203
25690,LOF,0.3234791045657837,0.03255491315659729,0.6439659822776189
25691,Neutral,0.7117641815735373,0.0281358053403052,0.26010001308615743
25692,LOF,0.3698647520810491,0.012962763887899544,0.6171724840310513
25693,LOF,0.04641149598146992,0.4304603237998672,0.5231281802186629
25694,LOF,0.12374995845964983,0.019148564119349017,0.8571014774210012
25695,LOF,0.11562219911575668,0.010184162839797629,0.8741936380444456
25696,LOF,0.1391923944603346,0.01220541534395901,0.8486021901957064
25697,LOF,0.0737186044265501,0.1230671613094542,0.8032142342639957
25698,LOF,0.31188372973207806,0.20964803685518224,0.47846823341273975
25699,LOF,0.4760365155762792,0.04152831942240755,0.4824351650013133
25700,LOF,0.085939968142538,0.012386791482912583,0.9016732403745494
25701,LOF,0.1670169383353107,0.059430385051807165,0.7735526766128821
25702,GOF,0.1414269693867129,0.6647484745627414,0.1938245560505457
25703,LOF,0.01674096217301785,0.16197449315538445,0.8212845446715977
25704,LOF,0.03658051082436293,0.15415983563735391,0.8092596535382831
25705,LOF,0.03394398732401905,0.1013397953027259,0.8647162173732551
25706,LOF,0.13000812117049174,0.343058280259477,0.5269335985700313
25707,LOF,0.08247988449297448,0.27707334917283694,0.6404467663341886
25708,LOF,0.03836011443490236,0.2633117918198064,0.6983280937452911
25709,LOF,0.06104994300545546,0.03207066788055679,0.9068793891139878
25710,LOF,0.013057174314383675,0.1111120797878135,0.8758307458978029
25711,LOF,0.017965128455837164,0.07330563680825089,0.908729234735912
25712,LOF,0.015275894026335541,0.16405190456962673,0.8206722014040377
25713,LOF,0.016786289818912784,0.0741935670032334,0.9090201431778538
25714,LOF,0.06626312042338786,0.05662153341703064,0.8771153461595814
25715,LOF,0.010965163484121642,0.11180229060656695,0.8772325459093113
25716,LOF,0.012716600770501473,0.09308048176843871,0.8942029174610598
25717,LOF,0.017324762199996447,0.0741170366402265,0.9085582011597771
25718,LOF,0.010738625188046132,0.07663371553954783,0.912627659272406
25719,LOF,0.01938102857458877,0.06847292445346019,0.912146046971951
25720,LOF,0.02302650182007491,0.05278820483486716,0.9241852933450581
25721,LOF,0.012396185194933225,0.09819983185131197,0.8894039829537548
25722,LOF,0.01332810496936746,0.07490946175894052,0.911762433271692
25723,LOF,0.02289735575830595,0.038139487052895944,0.9389631571887982
25724,LOF,0.032581108632708265,0.06523974659983547,0.9021791447674563
25725,LOF,0.010998593264481715,0.06094429498659895,0.9280571117489194
25726,LOF,0.014512703625798906,0.08241583159996571,0.9030714647742354
25727,LOF,0.01204289585552177,0.06449310753316988,0.9234639966113084
25728,LOF,0.009601449039144734,0.0776598583001378,0.9127386926607174
25729,LOF,0.009867735039591787,0.078160219902441,0.9119720450579671
25730,LOF,0.012747004377100643,0.07764499852046063,0.9096079971024388
25731,LOF,0.02167029538150225,0.07737768928388968,0.9009520153346081
25732,LOF,0.012704820288018613,0.04966938343255996,0.9376257962794214
25733,LOF,0.016213673805492015,0.04610205912114432,0.9376842670733637
25734,LOF,0.012658245811399871,0.10562789269575865,0.8817138614928414
25735,LOF,0.010863524343045492,0.0577082861705317,0.9314281894864227
25736,LOF,0.01180640178517992,0.06624948509836018,0.92194411311646
25737,LOF,0.01111268996367778,0.07707226166455744,0.9118150483717647
25738,LOF,0.01089707565556812,0.07289187030426589,0.9162110540401661
25739,LOF,0.01849877155807314,0.05791105916428691,0.9235901692776399
25740,LOF,0.025737094837017537,0.08391652717550338,0.8903463779874791
25741,LOF,0.013485384316384045,0.08559580433094867,0.9009188113526674
25742,LOF,0.10164536046319214,0.06014475873580395,0.8382098808010039
25743,LOF,0.03991267355719882,0.03738312561893011,0.9227042008238712
25744,Neutral,0.6714348378048097,0.16314945768759473,0.16541570450759552
25745,LOF,0.07141139549861694,0.056234046069223755,0.8723545584321593
25746,LOF,0.04278023683345988,0.07204602590469003,0.8851737372618501
25747,LOF,0.026101058748892136,0.06717574514555016,0.9067231961055576
25748,LOF,0.13217231775190408,0.11167178971924262,0.7561558925288533
25749,LOF,0.0293968891204521,0.0674541391380304,0.9031489717415175
25750,LOF,0.07235810794099255,0.080960929269679,0.8466809627893284
25751,LOF,0.10421931840153126,0.10189462928908037,0.7938860523093884
25752,GOF,0.10353633594228182,0.6661326010969792,0.23033106296073905
25753,LOF,0.027217589678753196,0.3514053653907782,0.6213770449304685
25754,GOF,0.015306448406471492,0.8263984172690995,0.15829513432442904
25755,LOF,0.027959278119236416,0.3918834906709825,0.5801572312097811
25756,LOF,0.05384132315469851,0.3916697965709465,0.554488880274355
25757,GOF,0.020613739136719347,0.8876774044124679,0.09170885645081284
25758,GOF,0.0280693786959573,0.8307601573242309,0.14117046397981167
25759,GOF,0.012234394985426137,0.6550571714546426,0.3327084335599313
25760,LOF,0.016758970179263873,0.343581086508123,0.6396599433126132
25761,GOF,0.2789378241398497,0.6432915201030951,0.07777065575705526
25762,LOF,0.043622253005718335,0.33111399409270414,0.6252637529015774
25763,LOF,0.01639684747289518,0.2442456556250933,0.7393574969020116
25764,GOF,0.0703477852003851,0.6854637113906934,0.24418850340892145
25765,GOF,0.03491279730770027,0.7919476875705347,0.17313951512176515
25766,GOF,0.06252261663493242,0.8255399499827308,0.11193743338233678
25767,GOF,0.16497632455412425,0.5105172920455177,0.32450638340035814
25768,LOF,0.10347650919878101,0.05549534186928783,0.8410281489319312
25769,LOF,0.04474323280855772,0.06081008581288974,0.8944466813785524
25770,LOF,0.3156161502019405,0.11323729213342854,0.571146557664631
25771,LOF,0.05182935258899852,0.06577600590148835,0.8823946415095131
25772,LOF,0.01643450040955729,0.049452479102801795,0.9341130204876409
25773,LOF,0.052876056880072186,0.07318402804463252,0.8739399150752952
25774,LOF,0.029298937613816335,0.10840271223043715,0.8622983501557465
25775,LOF,0.060601142179346396,0.05883746592360892,0.8805613918970446
25776,LOF,0.05777605431696335,0.03475734619819343,0.9074665994848432
25777,LOF,0.36708661564280837,0.09214795021130805,0.5407654341458835
25778,LOF,0.05878395536794029,0.05591789663021146,0.8852981480018483
25779,GOF,0.3771339371972309,0.5691746848041243,0.053691377998644756
25780,GOF,0.33503835334390264,0.5834931303373629,0.08146851631873445
25781,GOF,0.09833848072116236,0.770786329307148,0.13087518997168968
25782,GOF,0.16785325002320173,0.7379101215540966,0.09423662842270161
25783,GOF,0.020751607501081477,0.6108838742151264,0.3683645182837921
25784,Neutral,0.5194670066792123,0.43988702608169206,0.04064596723909559
25785,Neutral,0.48949678460560814,0.46032823425648534,0.05017498113790669
25786,GOF,0.03291897118619741,0.7319367994529737,0.23514422936082874
25787,Neutral,0.6787256138214847,0.2937914494166837,0.02748293676183156
25788,LOF,0.05319386145498462,0.07462403795047831,0.8721821005945372
25789,GOF,0.18940117722568683,0.6522181307552342,0.15838069201907895
25790,GOF,0.25604845700583284,0.6437416659816184,0.10020987701254871
25791,GOF,0.13348803521492433,0.6918775046814136,0.1746344601036619
25792,GOF,0.3422884666363502,0.5258219620428738,0.13188957132077606
25793,GOF,0.2563540109729425,0.48800867497536066,0.25563731405169676
25794,GOF,0.28867681277159596,0.4898483741634969,0.22147481306490716
25795,GOF,0.06888294183881816,0.6625487355480703,0.2685683226131116
25796,Neutral,0.5186739992575197,0.403425527175685,0.07790047356679553
25797,GOF,0.07813395851710161,0.5638820637210296,0.3579839777618688
25798,GOF,0.009174758654464729,0.5108534767720767,0.4799717645734585
25799,LOF,0.006881157253009021,0.42110089029126935,0.5720179524557216
25800,GOF,0.032204723489366295,0.6010115172552207,0.36678375925541296
25801,GOF,0.2285376973027912,0.6535838204571507,0.11787848224005817
25802,GOF,0.05752882720115579,0.6755716778322544,0.2668994949665899
25803,GOF,0.035892929533899255,0.5626009803587447,0.40150609010735594
25804,GOF,0.03455063989540574,0.5057328258775403,0.45971653422705394
25805,GOF,0.11556348640332688,0.5902730782581184,0.2941634353385547
25806,GOF,0.12094154029981428,0.5848691578309068,0.29418930186927894
25807,GOF,0.020047823402218213,0.6320618396453171,0.3478903369524646
25808,GOF,0.09958497310265962,0.6022137670544573,0.29820125984288304
25809,GOF,0.020139960826839498,0.6251666053219139,0.3546934338512466
25810,GOF,0.019509711520069188,0.6203450927408213,0.3601451957391095
25811,Neutral,0.5014622527376635,0.433386131387065,0.06515161587527153
25812,GOF,0.03860020792039655,0.6083771173048478,0.35302267477475563
25813,Neutral,0.5754166912082668,0.32102904733042087,0.10355426146131234
25814,GOF,0.1355100212962964,0.6313420434606845,0.23314793524301908
25815,GOF,0.24787899690582257,0.5654302945781141,0.18669070851606326
25816,GOF,0.021056354607369564,0.6593200048613963,0.31962364053123415
25817,GOF,0.24875008505187732,0.6249907322579641,0.12625918269015868
25818,GOF,0.049195956668223566,0.5496764731737881,0.40112757015798844
25819,GOF,0.37927220937293915,0.45271935650159156,0.1680084341254693
25820,GOF,0.2171245047857871,0.5676199341915581,0.21525556102265475
25821,GOF,0.06493940837324558,0.6443217508457094,0.29073884078104495
25822,GOF,0.2726812675001167,0.49893592538326076,0.22838280711662254
25823,LOF,0.03568294830628588,0.4802456219443851,0.48407142974932904
25824,GOF,0.09267151791616195,0.5169942895708642,0.39033419251297374
25825,GOF,0.03467591322669803,0.5293838922158466,0.4359401945574554
25826,GOF,0.013985261645876405,0.49954126957654726,0.48647346877757625
25827,GOF,0.023153991760412183,0.5743269644049565,0.4025190438346312
25828,GOF,0.016434301977161392,0.49696462930139323,0.4866010687214454
25829,GOF,0.0071929321700133,0.5334622199926388,0.459344847837348
25830,LOF,0.04084477960391257,0.22540350993461622,0.7337517104614711
25831,GOF,0.1720711876182358,0.6724618348232495,0.15546697755851477
25832,GOF,0.03716315596917828,0.6700976930435536,0.2927391509872681
25833,GOF,0.1257183621494093,0.6737768638719546,0.20050477397863622
25834,GOF,0.04039908420260803,0.6651676249885027,0.29443329080888914
25835,GOF,0.09414715436020017,0.6740798023981142,0.23177304324168577
25836,GOF,0.04480732595765373,0.6257538653903735,0.3294388086519727
25837,GOF,0.020936846121746757,0.5127044425007169,0.4663587113775365
25838,GOF,0.07698366549402808,0.7125442311143877,0.21047210339158412
25839,GOF,0.29162491218269154,0.5496251278814688,0.15874995993583968
25840,GOF,0.21053446501572654,0.5871929457083269,0.20227258927594663
25841,GOF,0.2024404452281604,0.5992267601772099,0.19833279459462974
25842,GOF,0.16014117362860208,0.6632053273949277,0.17665349897647029
25843,GOF,0.2042679606857682,0.6543408109484811,0.14139122836575077
25844,GOF,0.05058268162665949,0.6533232728606334,0.29609404551270707
25845,LOF,0.01248079019007412,0.4767301905873792,0.5107890192225467
25846,GOF,0.09355090276772589,0.7098031225997758,0.19664597463249828
25847,GOF,0.10708008371008329,0.7387208835958013,0.15419903269411545
25848,GOF,0.03440219055800743,0.6425823945465887,0.3230154148954038
25849,GOF,0.01037489894374993,0.534175493088111,0.455449607968139
25850,GOF,0.021759932648763868,0.6036416469015939,0.37459842044964214
25851,GOF,0.01695320780335199,0.5097891172575576,0.47325767493909027
25852,GOF,0.16525168661212936,0.5476165797310604,0.2871317336568103
25853,GOF,0.3416909866933685,0.5733907160154823,0.08491829729114915
25854,GOF,0.017438555759735554,0.5829489058288561,0.39961253841140826
25855,GOF,0.03621583061641482,0.5596359775457941,0.4041481918377911
25856,GOF,0.23135145667173856,0.5233052126305522,0.2453433306977092
25857,LOF,0.0332083792234792,0.47238104305141565,0.494410577725105
25858,GOF,0.017771563495785778,0.5480521728672826,0.4341762636369317
25859,GOF,0.010536321448067073,0.5355522091499407,0.45391146940199223
25860,GOF,0.36919076914945553,0.5316838260341321,0.09912540481641237
25861,GOF,0.3649915845125531,0.5296716696078391,0.1053367458796079
25862,GOF,0.07640005727208903,0.7599821891436567,0.1636177535842544
25863,GOF,0.07952622107529926,0.764276320299603,0.15619745862509773
25864,GOF,0.178723326712672,0.7352207849546923,0.08605588833263553
25865,GOF,0.07488391209665693,0.7689440287892232,0.15617205911411977
25866,GOF,0.06165534118803295,0.7853130079226924,0.15303165088927465
25867,GOF,0.08560297840237004,0.7883302453228132,0.12606677627481672
25868,GOF,0.272115492179931,0.6080870195910266,0.11979748822904238
25869,Neutral,0.7082660243270681,0.24538591936945908,0.04634805630347291
25870,LOF,0.3242339501653243,0.2241191046541205,0.4516469451805551
25871,GOF,0.2388510934251588,0.5901048894906615,0.1710440170841797
25872,GOF,0.0893269851808517,0.5887639527337912,0.32190906208535713
25873,GOF,0.1677202444337125,0.5746744102115069,0.2576053453547806
25874,LOF,0.02182379817905947,0.09754106666231835,0.8806351351586221
25875,LOF,0.08051827738188401,0.04814079950906005,0.871340923109056
25876,LOF,0.027749248173165486,0.03802960894455051,0.934221142882284
25877,Neutral,0.5043348882301872,0.057012657451780614,0.43865245431803207
25878,LOF,0.22902620293682796,0.09345329365465307,0.677520503408519
25879,LOF,0.0870506290657506,0.09421177411906395,0.8187375968151855
25880,LOF,0.023980070417219126,0.021586937782722686,0.9544329918000583
25881,LOF,0.18939984108323168,0.20156748201365013,0.6090326769031182
25882,LOF,0.08630622509515169,0.018375808270132146,0.8953179666347162
25883,LOF,0.08338687840968077,0.030277725537281423,0.8863353960530377
25884,LOF,0.04576971052155955,0.04376976973740404,0.9104605197410364
25885,LOF,0.0754905147618488,0.017445917450412456,0.9070635677877388
25886,LOF,0.35919561949069173,0.051143107453133024,0.5896612730561751
25887,LOF,0.18083058132166996,0.11983115295276064,0.6993382657255695
25888,LOF,0.07453947396664012,0.10252173751510522,0.8229387885182546
25889,LOF,0.05444427051489763,0.03055180333650842,0.9150039261485939
25890,LOF,0.055267708906902725,0.11506758009554863,0.8296647109975487
25891,LOF,0.04335500890492226,0.05283406562675927,0.9038109254683184
25892,LOF,0.11438710067463459,0.02247107626110404,0.8631418230642613
25893,LOF,0.3069499588407659,0.01598166459531638,0.6770683765639177
25894,LOF,0.19244587391053297,0.008422346416889388,0.7991317796725778
25895,LOF,0.20983249687278607,0.018986177140913982,0.7711813259863
25896,LOF,0.05300281189397677,0.022345656744279237,0.9246515313617439
25897,LOF,0.2505451217902042,0.014129658198331771,0.735325220011464
25898,Neutral,0.7300917792672148,0.010056718811936835,0.2598515019208484
25899,LOF,0.2599770978676084,0.027349600862593557,0.712673301269798
25900,LOF,0.45300285616591535,0.0140775503456342,0.5329195934884504
25901,LOF,0.06532057140953143,0.011952417538720015,0.9227270110517486
25902,LOF,0.18512548174632407,0.01093949261096693,0.803935025642709
25903,Neutral,0.5311647313325222,0.02897347924767575,0.43986178941980203
25904,LOF,0.2841293717417414,0.04514736045197199,0.6707232678062867
25905,LOF,0.02864363544211271,0.3093698924458075,0.6619864721120798
25906,LOF,0.02282507553728148,0.06512119016613988,0.9120537342965785
25907,LOF,0.015236441819917233,0.3067071168849189,0.678056441295164
25908,LOF,0.01248771996818208,0.20148848759163604,0.786023792440182
25909,LOF,0.01470415491451831,0.1293592272511979,0.8559366178342838
25910,LOF,0.0448951673595436,0.10761344874500005,0.8474913838954564
25911,LOF,0.1420493058971972,0.03587004937021083,0.822080644732592
25912,LOF,0.040179513680645415,0.05606314146719019,0.9037573448521644
25913,LOF,0.29316287836880617,0.022970851776409815,0.6838662698547839
25914,LOF,0.02476397638322171,0.12261585461484872,0.8526201690019295
25915,Neutral,0.41542412102584664,0.2839728485512332,0.30060303042292025
25916,LOF,0.06202910515520383,0.2843800859182326,0.6535908089265635
25917,LOF,0.06067991467958634,0.06291737565244512,0.8764027096679684
25918,LOF,0.03441205353284033,0.06979662840424901,0.8957913180629106
25919,LOF,0.028113881414256393,0.07408285732335067,0.8978032612623928
25920,GOF,0.08008042248142201,0.48379123027048804,0.4361283472480901
25921,LOF,0.03257692729988623,0.014678854701728538,0.9527442179983852
25922,LOF,0.044880858850242504,0.010277593275126196,0.9448415478746314
25923,LOF,0.3791736580968402,0.013986197442834658,0.6068401444603252
25924,LOF,0.04077584345732112,0.021623651817886138,0.9376005047247927
25925,LOF,0.07268767218503859,0.02044513510118977,0.9068671927137717
25926,LOF,0.05277197240625405,0.014904119474667217,0.9323239081190786
25927,LOF,0.07348858397174136,0.04589159570181283,0.8806198203264459
25928,LOF,0.024605338114795195,0.020305962865569436,0.9550886990196353
25929,Neutral,0.5050571953362414,0.01495007212445559,0.47999273253930297
25930,LOF,0.05896808581893199,0.011523781450989694,0.9295081327300783
25931,LOF,0.03245888821492463,0.012860626381994795,0.9546804854030806
25932,LOF,0.028696245007930846,0.011869150137702645,0.9594346048543664
25933,LOF,0.0375335745174577,0.007802853182586438,0.9546635722999558
25934,LOF,0.024554924735853963,0.008654931922234137,0.9667901433419119
25935,LOF,0.06973718387325899,0.024972660005498123,0.905290156121243
25936,LOF,0.047756316281391584,0.011267140173409731,0.9409765435451986
25937,LOF,0.030765922209959082,0.01760654950763196,0.9516275282824089
25938,LOF,0.06849086350725152,0.02831696696876653,0.9031921695239818
25939,LOF,0.03795132112934102,0.007882621086319,0.95416605778434
25940,LOF,0.0245409212295291,0.37037230892284884,0.6050867698476221
25941,LOF,0.1612882441359978,0.08244424985456368,0.7562675060094386
25942,LOF,0.01807686407510085,0.030805649765567305,0.9511174861593318
25943,LOF,0.3204764373699262,0.053924466873501144,0.6255990957565727
25944,Neutral,0.5023927172080697,0.033146623719986834,0.46446065907194367
25945,LOF,0.07994198225530874,0.020660885275129437,0.8993971324695618
25946,LOF,0.025974384665813564,0.13133636708977833,0.8426892482444082
25947,LOF,0.11552009274756106,0.1774735424131845,0.7070063648392545
25948,LOF,0.4714020257141904,0.015268529536202015,0.5133294447496076
25949,LOF,0.10325885505876893,0.061958433189768576,0.8347827117514625
25950,GOF,0.2697188955701354,0.41715179116175144,0.31312931326811316
25951,LOF,0.2511011881892417,0.21081149160676127,0.538087320203997
25952,LOF,0.049119662370367204,0.44484165608772885,0.506038681541904
25953,LOF,0.11920487634902002,0.12202008791306868,0.7587750357379113
25954,LOF,0.3926058484280924,0.2056055606014027,0.4017885909705049
25955,LOF,0.06004306159761563,0.08057439403886137,0.8593825443635231
25956,LOF,0.1846084373238196,0.09648690023639495,0.7189046624397856
25957,LOF,0.040207732999431006,0.027761056955249528,0.9320312100453195
25958,LOF,0.05282658160525621,0.02770857571428711,0.9194648426804566
25959,LOF,0.07220168634855338,0.32452814256735146,0.6032701710840951
25960,LOF,0.02204726812401896,0.05986400550369166,0.9180887263722893
25961,LOF,0.04566356336782918,0.03516208956679899,0.9191743470653718
25962,LOF,0.055281373411023634,0.02975143459639031,0.9149671919925861
25963,LOF,0.044313412169437516,0.17626303230512866,0.779423555525434
25964,LOF,0.034109045478961285,0.12685054779158067,0.839040406729458
25965,LOF,0.4067193390490419,0.07850761001266325,0.514773050938295
25966,Neutral,0.45223928739129926,0.11886529083750544,0.4288954217711952
25967,LOF,0.013243674325682731,0.058555417684203,0.9282009079901142
25968,LOF,0.0322954774614302,0.46938551936779227,0.49831900317077743
25969,LOF,0.022005201672654486,0.060135285765291056,0.9178595125620546
25970,LOF,0.058800083937085294,0.05398700069909654,0.8872129153638182
25971,LOF,0.06872261724851467,0.017150626305662914,0.9141267564458224
25972,LOF,0.07673914668377907,0.02465047565575622,0.8986103776604647
25973,LOF,0.08607474952863134,0.010661751540212172,0.9032634989311564
25974,LOF,0.23232247265370487,0.025315064405352927,0.7423624629409421
25975,LOF,0.048208915405862536,0.04195013667535622,0.9098409479187813
25976,LOF,0.045360135610122435,0.023425543105148352,0.9312143212847293
25977,LOF,0.1463995209428733,0.09516349890552302,0.7584369801516038
25978,LOF,0.10666881889705493,0.08446893448396534,0.8088622466189798
25979,LOF,0.10945159310490095,0.08075478369746997,0.809793623197629
25980,LOF,0.12874691648842163,0.1148919910661535,0.7563610924454249
25981,LOF,0.1566288263614086,0.11141820465359716,0.7319529689849943
25982,LOF,0.33369733172471955,0.07015474285581065,0.5961479254194698
25983,LOF,0.32663489046257504,0.06817771433204281,0.6051873952053821
25984,LOF,0.0550325334529654,0.07157738960735908,0.8733900769396756
25985,LOF,0.026490654198155474,0.2568551564493199,0.7166541893525248
25986,LOF,0.032637429594743264,0.2744765508780085,0.6928860195272483
25987,LOF,0.08247778467955473,0.08592644642226023,0.8315957688981851
25988,LOF,0.12692264022427027,0.07145065721603247,0.8016267025596974
25989,LOF,0.02997720039383123,0.11879507481422721,0.8512277247919415
25990,LOF,0.03726802821767183,0.1408924026285126,0.8218395691538156
25991,LOF,0.14926887272415992,0.41867057901740845,0.43206054825843154
25992,LOF,0.3552293801656277,0.24810743716935368,0.39666318266501854
25993,LOF,0.023511332194411132,0.09143995576281362,0.8850487120427751
25994,LOF,0.016779739216380714,0.15173259161977606,0.8314876691638432
25995,LOF,0.02472482243257957,0.2142815521591162,0.7609936254083043
25996,GOF,0.24522780399167945,0.5818159831880666,0.17295621282025395
25997,GOF,0.09138339066963298,0.5601592895230515,0.34845731980731554
25998,Neutral,0.558295986811602,0.01365322563702936,0.42805078755136855
25999,LOF,0.1146289088643843,0.1512638956137445,0.7341071955218712
26000,LOF,0.1514525771661227,0.025131796244209456,0.8234156265896678
26001,LOF,0.194446965746103,0.03145910187882555,0.7740939323750714
26002,LOF,0.16025163373378473,0.026541171576916277,0.813207194689299
26003,GOF,0.00860952797369354,0.6458805273878513,0.3455099446384552
26004,GOF,0.020932963582627452,0.7205397423422476,0.2585272940751251
26005,GOF,0.008534618444022339,0.5496476819973125,0.4418176995586652
26006,Neutral,0.4843020417136901,0.29914843250878764,0.21654952577752226
26007,GOF,0.017829535346582916,0.5676468082784303,0.4145236563749869
26008,GOF,0.017431492680146533,0.6024357756562239,0.3801327316636296
26009,GOF,0.02124202826698535,0.6448630678645869,0.3338949038684278
26010,GOF,0.021865619874534465,0.6789728764491584,0.2991615036763073
26011,GOF,0.007366439732273151,0.5235456880679078,0.469087872199819
26012,GOF,0.014004859128205994,0.6013415808609307,0.3846535600108633
26013,GOF,0.015760322137055784,0.6662715407502692,0.31796813711267513
26014,LOF,0.047973238065709856,0.1737440358152682,0.7782827261190219
26015,LOF,0.22138004238489617,0.010442545155580088,0.7681774124595239
26016,LOF,0.2238313269390048,0.0437475352198918,0.7324211378411034
26017,LOF,0.17017729250111918,0.06935424092572257,0.7604684665731583
26018,LOF,0.07383537182869772,0.04689169186688063,0.8792729363044216
26019,LOF,0.07052615236042782,0.033712692546287774,0.8957611550932845
26020,LOF,0.053096152396094394,0.1064905786819146,0.840413268921991
26021,LOF,0.04664009625784732,0.11958243241030339,0.8337774713318493
26022,LOF,0.010813425508936039,0.05254051966193356,0.9366460548291305
26023,LOF,0.10144824323752019,0.031596729797625706,0.8669550269648542
26024,LOF,0.02675782361449254,0.09640511153161546,0.876837064853892
26025,LOF,0.13572955599445968,0.11190243992266631,0.7523680040828739
26026,LOF,0.27564268446475876,0.023274858126917184,0.701082457408324
26027,LOF,0.07168487626862159,0.02508829736484886,0.9032268263665296
26028,LOF,0.1633967698041162,0.08776595608012286,0.748837274115761
26029,LOF,0.07702099549244838,0.12414766961874253,0.7988313348888092
26030,LOF,0.02720033940762478,0.04408856851391977,0.9287110920784555
26031,LOF,0.0328162421222219,0.09769264001126324,0.8694911178665149
26032,LOF,0.07397129714168586,0.0458492847439938,0.8801794181143204
26033,LOF,0.11860574269949595,0.05262271164705525,0.8287715456534488
26034,LOF,0.047295288132967614,0.10670559094306302,0.8459991209239694
26035,LOF,0.034342299343011626,0.09403533889548353,0.8716223617615049
26036,LOF,0.04744020546094708,0.11396832828614227,0.8385914662529107
26037,LOF,0.028075947791474196,0.08055463706004032,0.8913694151484856
26038,LOF,0.07122720596423744,0.045467222207409445,0.8833055718283532
26039,LOF,0.06149567885240512,0.10178811032491797,0.836716210822677
26040,LOF,0.21356809410919445,0.08613811294205286,0.7002937929487527
26041,LOF,0.028231073378500917,0.07416033042313835,0.8976085961983606
26042,LOF,0.027380199491703297,0.07474201679361377,0.897877783714683
26043,LOF,0.06865838516513152,0.05902675029339395,0.8723148645414746
26044,LOF,0.022473258405169626,0.05531847219555246,0.9222082693992779
26045,LOF,0.07770774964955741,0.07012207595287086,0.8521701743975717
26046,LOF,0.07203040892090116,0.06122598055039411,0.8667436105287047
26047,LOF,0.10580892847241406,0.0704136992883633,0.8237773722392226
26048,LOF,0.04793549037238606,0.049372938531315004,0.9026915710962988
26049,Neutral,0.9528783748282736,0.007534897543308433,0.03958672762841774
26050,Neutral,0.9329056035177012,0.008321973150693107,0.058772423331605726
26051,LOF,0.05401456870097275,0.34607562720278706,0.5999098040962402
26052,LOF,0.07369988459589917,0.3379195156514079,0.5883805997526929
26053,LOF,0.06729372081613381,0.1552830059494541,0.7774232732344121
26054,LOF,0.05860519512958974,0.043840413088959765,0.8975543917814506
26055,LOF,0.07715901638657365,0.025280507499428367,0.8975604761139979
26056,LOF,0.06436888036017381,0.03479230118775615,0.9008388184520699
26057,LOF,0.030223978925016673,0.017031880693989986,0.9527441403809933
26058,LOF,0.030384164864955366,0.015052574223031504,0.9545632609120133
26059,LOF,0.26303287194354696,0.04809531748661884,0.6888718105698343
26060,LOF,0.03078458982435476,0.20558949960429976,0.7636259105713455
26061,LOF,0.01859220815132749,0.019569259266972883,0.9618385325816997
26062,LOF,0.011647340098992313,0.026830821513737464,0.9615218383872702
26063,LOF,0.021444192786338304,0.016871527721783214,0.9616842794918784
26064,LOF,0.024708055302870884,0.02706409321758438,0.9482278514795448
26065,LOF,0.02411479523999496,0.020961406871171397,0.9549237978888337
26066,LOF,0.019918601032039206,0.016419300222295763,0.9636620987456651
26067,LOF,0.02486288716804685,0.012719861080049105,0.962417251751904
26068,LOF,0.04867777373615915,0.060913416564910255,0.8904088096989305
26069,LOF,0.2923375759576696,0.03785695458284724,0.669805469459483
26070,LOF,0.4235328143421017,0.02312544187881488,0.5533417437790833
26071,LOF,0.022070354601589362,0.0206718556124717,0.9572577897859389
26072,LOF,0.023718451877083727,0.027205375385369084,0.9490761727375473
26073,LOF,0.02372554589148841,0.01567247322071584,0.9606019808877958
26074,Neutral,0.9123430288395477,0.007351863550255176,0.08030510761019721
26075,LOF,0.0439689707809539,0.02424962302948777,0.9317814061895584
26076,LOF,0.04373532340362118,0.013517323856135733,0.9427473527402431
26077,LOF,0.009734256692055673,0.0291555420804953,0.961110201227449
26078,LOF,0.013393499772905106,0.018736270020715155,0.9678702302063797
26079,LOF,0.055383980037346604,0.03067991672321304,0.9139361032394404
26080,LOF,0.053407081807568965,0.030705749774965877,0.9158871684174652
26081,LOF,0.035554829325899394,0.011186958182581738,0.9532582124915189
26082,LOF,0.019109722423660203,0.028448961513237888,0.9524413160631018
26083,LOF,0.1330996397940846,0.02104732762587193,0.8458530325800435
26084,LOF,0.026760689134535883,0.02554835901475699,0.9476909518507071
26085,LOF,0.021590622468829857,0.02333457888554913,0.955074798645621
26086,LOF,0.0234400809188386,0.01707670004977048,0.959483219031391
26087,LOF,0.02408319370163088,0.012557025343032711,0.9633597809553364
26088,LOF,0.01769853963580229,0.03222191146630233,0.9500795488978954
26089,LOF,0.04802605539259762,0.039556329860225024,0.9124176147471773
26090,LOF,0.04714582869433194,0.03164783407295437,0.9212063372327136
26091,LOF,0.03948858258381241,0.009929978239408211,0.9505814391767793
26092,LOF,0.025836844740650584,0.014231903900999272,0.9599312513583501
26093,LOF,0.035396529924258686,0.00967344072070087,0.9549300293550405
26094,LOF,0.04164497050507762,0.010814810208053156,0.9475402192868692
26095,LOF,0.05580062986653883,0.023821354679536347,0.9203780154539248
26096,LOF,0.021878761329085093,0.01804835394138123,0.9600728847295338
26097,LOF,0.009968016848280947,0.061354048398828145,0.9286779347528908
26098,LOF,0.07593968417380598,0.022618193372019358,0.9014421224541745
26099,LOF,0.023984858256326905,0.02370341839677706,0.952311723346896
26100,LOF,0.025674234104170378,0.022203798497454408,0.9521219673983753
26101,LOF,0.05350589232991819,0.022589444100756986,0.9239046635693249
26102,LOF,0.024666758662885306,0.01821414549755256,0.9571190958395621
26103,Neutral,0.8851269261135241,0.033279999034957757,0.08159307485151807
26104,LOF,0.0692179931080399,0.0564329258120515,0.8743490810799086
26105,LOF,0.2333163434513021,0.208846543799078,0.5578371127496199
26106,LOF,0.19154720836971284,0.12592692433882866,0.6825258672914585
26107,LOF,0.25754737541669886,0.09136607969723552,0.6510865448860657
26108,LOF,0.22272154825307353,0.15381500086602923,0.6234634508808973
26109,LOF,0.08965671634526538,0.1431325209831821,0.7672107626715525
26110,LOF,0.29762349717297587,0.007533730917916696,0.6948427719091075
26111,LOF,0.47147406229898053,0.017694543123017135,0.5108313945780023
26112,LOF,0.038665182715605616,0.00796697469388914,0.9533678425905052
26113,LOF,0.05748538427837376,0.014065314924199247,0.928449300797427
26114,LOF,0.018584418021288445,0.019695971393875168,0.9617196105848362
26115,LOF,0.07359577370191286,0.03832287623700312,0.888081350061084
26116,LOF,0.051675509037016475,0.033301076109629214,0.9150234148533543
26117,LOF,0.4106290504902248,0.05506580056361351,0.5343051489461617
26118,LOF,0.0405045979452886,0.0336446058164247,0.9258507962382867
26119,LOF,0.025897126671532104,0.04359168414823744,0.9305111891802303
26120,LOF,0.02968024030734613,0.02456666031011656,0.9457530993825374
26121,LOF,0.058275460426810956,0.07302272273075833,0.8687018168424308
26122,LOF,0.05449967950009568,0.042068456270857105,0.9034318642290471
