feature0,prediction,LoGoFunc_Neutral,LoGoFunc_GOF,LoGoFunc_LOF
25546,Neutral,0.6221163231663729,0.057208335031162516,0.3206753418024646
25547,Neutral,0.49257866301870085,0.0855883637187922,0.421832973262507
25548,Neutral,0.5004798702396542,0.07335341323218082,0.4261667165281649
25549,LOF,0.4419932272211356,0.07137761178975767,0.4866291609891068
25550,LOF,0.33360136803303414,0.10377672800750411,0.5626219039594618
25551,LOF,0.29847083523881535,0.1101311837133759,0.5913979810478088
25552,LOF,0.2576591840536764,0.1089279783308571,0.6334128376154666
25553,Neutral,0.7965923046288995,0.041213741703879744,0.16219395366722078
25554,LOF,0.2961368282742703,0.09690535782254725,0.6069578139031825
25555,LOF,0.2531863465902096,0.08921002041341763,0.6576036329963727
25556,LOF,0.452477645661251,0.08080730604005153,0.4667150482986974
25557,LOF,0.23876076536501703,0.09438163589224051,0.6668575987427424
25558,LOF,0.28911883633260743,0.09433207001046225,0.6165490936569303
25559,LOF,0.2719146578984861,0.1170903977239497,0.6109949443775642
25560,LOF,0.16776809092932052,0.10149769231235707,0.7307342167583224
25561,LOF,0.158674165561593,0.10889928206398036,0.7324265523744267
25562,LOF,0.06592324890045964,0.07402947206680908,0.8600472790327314
25563,LOF,0.024136328280301447,0.12169798607418605,0.8541656856455125
25564,LOF,0.21388043137015228,0.11431538961761553,0.6718041790122321
25565,LOF,0.21579298309379644,0.14855153513685096,0.6356554817693526
25566,GOF,0.09667156106205721,0.7008261821344604,0.2025022568034823
25567,LOF,0.04386172379364531,0.1455445145406865,0.8105937616656682
25568,LOF,0.06917882598334428,0.07570595413168714,0.8551152198849685
25569,LOF,0.06436668040805021,0.07876778884596186,0.8568655307459879
25570,LOF,0.030730764060679563,0.10662764731649296,0.8626415886228275
25571,LOF,0.02958195649081503,0.11127820172394312,0.8591398417852419
25572,LOF,0.06656291013264014,0.12732329786910535,0.8061137919982545
25573,LOF,0.06517630119204192,0.09372124655743946,0.8411024522505187
25574,LOF,0.06545503452332585,0.19962114385591573,0.7349238216207584
25575,LOF,0.025969511867695902,0.12007170502749065,0.8539587831048135
25576,LOF,0.03163857415733599,0.16001664669324211,0.8083447791494219
25577,LOF,0.03224695230620896,0.12972804767343737,0.8380250000203537
25578,LOF,0.32225814567648486,0.08651505492426582,0.5912267993992494
25579,LOF,0.15714820010735292,0.09174885892103131,0.7511029409716158
25580,LOF,0.022066955216451797,0.08311826556961242,0.8948147792139358
25581,LOF,0.059661973352399575,0.06925487427768776,0.8710831523699126
25582,LOF,0.05955256892299339,0.06804400657371504,0.8724034245032917
25583,LOF,0.025511035312941185,0.08186794869240555,0.8926210159946534
25584,Neutral,0.7108750947669629,0.11005258844322399,0.17907231678981309
25585,LOF,0.029233667129140616,0.1507222874198459,0.8200440454510136
25586,LOF,0.0192952365684533,0.074636223835327,0.9060685395962196
25587,LOF,0.018413374866333224,0.06703883683975044,0.9145477882939163
25588,LOF,0.021910615578721385,0.07388237553718029,0.9042070088840983
25589,Neutral,0.5176637772636563,0.216727719200999,0.26560850353534465
25590,LOF,0.05422232143466459,0.13162881410604538,0.81414886445929
25591,LOF,0.10341194110023079,0.060619539031360546,0.8359685198684087
25592,LOF,0.06062925761907677,0.14779474215432406,0.7915760002265991
25593,LOF,0.15940072265835598,0.26245087990306437,0.5781483974385797
25594,LOF,0.05460599425842202,0.08491416221726603,0.8604798435243118
25595,LOF,0.055231250592743766,0.05922636981210983,0.8855423795951463
25596,LOF,0.10106549258419513,0.03271035168978672,0.8662241557260181
25597,LOF,0.08696667314621513,0.045284289946291974,0.8677490369074929
25598,LOF,0.0557424249071702,0.06088197958510995,0.8833755955077198
25599,GOF,0.018590498976613593,0.49552795241120995,0.48588154861217653
25600,GOF,0.14946766919685878,0.5518501255109859,0.29868220529215533
25601,LOF,0.0371710298861864,0.42959095837195027,0.5332380117418634
25602,LOF,0.035836233249023686,0.0650249778165081,0.8991387889344683
25603,LOF,0.032050155924287144,0.035539816991142774,0.9324100270845701
25604,LOF,0.03216913544609962,0.07973678421911655,0.8880940803347839
25605,LOF,0.03691310523483188,0.18737010360356454,0.7757167911616036
25606,LOF,0.4279315001557776,0.12067482077538086,0.45139367906884165
25607,LOF,0.028346293092516735,0.1675138824119102,0.804139824495573
25608,LOF,0.03233909302320581,0.07082376447544984,0.8968371425013444
25609,GOF,0.13359806918932948,0.5223056070930528,0.3440963237176177
25610,LOF,0.01624092365832199,0.029758007210774585,0.9540010691309033
25611,LOF,0.014018006940136428,0.03457124818200482,0.9514107448778587
25612,LOF,0.050300291725769414,0.04716640716666804,0.9025333011075626
25613,LOF,0.048302390250625576,0.04541335039410225,0.9062842593552722
25614,LOF,0.022640597910751778,0.026469029652383805,0.9508903724368644
25615,LOF,0.039768300758636854,0.05024894698190345,0.9099827522594597
25616,LOF,0.05065377013940953,0.03015346332401036,0.9191927665365802
25617,LOF,0.04223067461896597,0.044036321287607344,0.9137330040934267
25618,LOF,0.048499482263106526,0.03578106642329759,0.9157194513135959
25619,LOF,0.013313021622404227,0.0352916924410002,0.9513952859365956
25620,LOF,0.05966891667206754,0.048650400435577966,0.8916806828923545
25621,LOF,0.053512217814738895,0.037810191239536814,0.9086775909457242
25622,LOF,0.06061096085376908,0.03637756827543346,0.9030114708707975
25623,LOF,0.06702632812829129,0.028697633555005684,0.9042760383167031
25624,LOF,0.019139453872825386,0.03704681658044364,0.943813729546731
25625,LOF,0.06051270509024607,0.045109190723375624,0.8943781041863783
25626,LOF,0.046728815505531755,0.044519897867026294,0.9087512866274419
25627,Neutral,0.9011934905564242,0.0169530404901536,0.08185346895342223
25628,LOF,0.13931494882249232,0.058124392127042415,0.8025606590504654
25629,LOF,0.06174499950545232,0.044176753956858876,0.8940782465376889
25630,LOF,0.292153612902517,0.06824118422982141,0.6396052028676616
25631,Neutral,0.5736844270266872,0.05905499288027931,0.3672605800930335
25632,LOF,0.02800117129517473,0.05080952825814083,0.9211893004466846
25633,LOF,0.17383514757699225,0.03567274013217857,0.7904921122908292
25634,LOF,0.03615809752631843,0.0745404134439904,0.8893014890296911
25635,LOF,0.03842173453692269,0.038443616239982235,0.9231346492230952
25636,LOF,0.030854658918611735,0.4302784622198324,0.5388668788615558
25637,GOF,0.07357666584609981,0.48293667341018803,0.44348666074371224
25638,LOF,0.03014487130317953,0.3532906454671865,0.6165644832296339
25639,LOF,0.028941881381929272,0.3816881479446718,0.5893699706733989
25640,Neutral,0.7574653858069091,0.19741257535678217,0.04512203883630868
25641,GOF,0.07041518985882603,0.48621319089093,0.44337161925024393
25642,LOF,0.04860281993467483,0.17326125951371962,0.7781359205516056
25643,LOF,0.19057981028675675,0.12999846336945678,0.6794217263437865
25644,LOF,0.024673855169663337,0.43436582585298694,0.5409603189773498
25645,LOF,0.02755582947173773,0.36602767822217325,0.606416492306089
25646,LOF,0.06093571574675318,0.2997071628418085,0.6393571214114383
25647,LOF,0.02870501978326678,0.24191936481546802,0.7293756154012652
25648,LOF,0.03972810206922219,0.23805431532310847,0.7222175826076692
25649,LOF,0.019490066091745792,0.2288743156092786,0.7516356182989756
25650,LOF,0.0582722018194786,0.37587641152820483,0.5658513866523165
25651,LOF,0.0211754973932821,0.2654693919146277,0.7133551106920902
25652,LOF,0.041959208301380106,0.24285770384357314,0.7151830878550467
25653,LOF,0.09875796091176249,0.3651451108975486,0.5360969281906889
25654,LOF,0.029704018264361875,0.22186578692450568,0.7484301948111324
25655,LOF,0.24221432565260118,0.35515666978134136,0.4026290045660574
25656,LOF,0.3451410569158878,0.05061466504354444,0.6042442780405677
25657,LOF,0.06770082987662138,0.05387722151839419,0.8784219486049843
25658,LOF,0.34223869193592876,0.05282227430976119,0.60493903375431
25659,Neutral,0.49325010110806133,0.07369709655255614,0.4330528023393825
25660,LOF,0.02267479065742188,0.08138718498588714,0.8959380243566909
25661,LOF,0.09805335719006157,0.05831034382821786,0.8436362989817205
25662,LOF,0.03526847416051383,0.03415819626775412,0.9305733295717321
25663,LOF,0.04687914965549222,0.047634967883867604,0.9054858824606402
25664,LOF,0.14810293953449616,0.06439130783515874,0.7875057526303451
25665,LOF,0.05482775485343503,0.032639502968045374,0.9125327421785197
25666,LOF,0.1000193801664862,0.07263173224303741,0.8273488875904763
25667,LOF,0.07395535068604753,0.0389037582853325,0.88714089102862
25668,LOF,0.03878292613712162,0.0465573648036574,0.914659709059221
25669,LOF,0.032762589157218316,0.049125135823804525,0.9181122750189772
25670,LOF,0.14901585350429705,0.05888304827979724,0.7921010982159058
25671,LOF,0.11759081945321506,0.03655847310925076,0.8458507074375342
25672,LOF,0.05322783957450383,0.041388651293608976,0.9053835091318871
25673,LOF,0.0797045510480544,0.04899028957465235,0.8713051593772932
25674,LOF,0.06576777024744243,0.057906440490109505,0.8763257892624481
25675,LOF,0.1271189293879328,0.055205085435766896,0.8176759851763004
25676,LOF,0.01953500682832632,0.05127381686071749,0.9291911763109563
25677,LOF,0.025564149916488962,0.07018106466211416,0.9042547854213968
25678,LOF,0.2199016175859847,0.059436607810351295,0.720661774603664
25679,LOF,0.11131776826617949,0.07728661009328205,0.8113956216405385
25680,LOF,0.033545008505063686,0.11634015267667236,0.8501148388182639
25681,LOF,0.05475745063213324,0.10852196469501604,0.8367205846728507
25682,LOF,0.15038810470930802,0.07736077643684795,0.772251118853844
25683,LOF,0.11562053293060683,0.09063343053995015,0.793746036529443
25684,LOF,0.04563334553149943,0.0755590980750673,0.8788075563934332
25685,LOF,0.13706919310413962,0.05612962744484401,0.8068011794510163
25686,LOF,0.0763259672832271,0.08297645033115843,0.8406975823856144
25687,LOF,0.12092804670125712,0.0865005278929906,0.7925714254057522
25688,LOF,0.326736010114026,0.032298913264459495,0.6409650766215145
25689,LOF,0.255670433681887,0.03811602392028751,0.7062135423978255
25690,LOF,0.3407734006962701,0.028084359438149072,0.6311422398655809
25691,Neutral,0.69752244898528,0.022648756586217286,0.2798287944285027
25692,LOF,0.3766907993709128,0.008991884784027822,0.6143173158450594
25693,LOF,0.050289045051154724,0.40284409768677226,0.5468668572620731
25694,LOF,0.1154819941966026,0.01838912285188955,0.8661288829515079
25695,LOF,0.11066572387021326,0.01891632842193404,0.8704179477078526
25696,LOF,0.12020076282654148,0.010592068688328272,0.8692071684851302
25697,LOF,0.09196835242894726,0.03248988262315828,0.8755417649478944
25698,LOF,0.34362690264986084,0.17752415518985876,0.4788489421602804
25699,LOF,0.45498577109413846,0.03969847619755518,0.5053157527083064
25700,LOF,0.07390421576238779,0.009242884347236179,0.9168528998903761
25701,LOF,0.14382478763330372,0.05420408990987702,0.8019711224568193
25702,GOF,0.16306369868729562,0.6110589847841813,0.225877316528523
25703,LOF,0.01564318119255259,0.13306517075750154,0.8512916480499458
25704,LOF,0.04316616002825194,0.09446246150062046,0.8623713784711275
25705,LOF,0.04929723258791723,0.15678162815984517,0.7939211392522377
25706,LOF,0.1035513673839246,0.43254323845084375,0.4639053941652315
25707,LOF,0.09715169875650496,0.3724847856837905,0.5303635155597045
25708,LOF,0.02844591663376412,0.33077897377666554,0.6407751095895703
25709,LOF,0.0697877276096645,0.044324253844239304,0.8858880185460962
25710,LOF,0.010860361938877832,0.14614643586500578,0.8429932021961164
25711,LOF,0.019265799695669182,0.10239146002658596,0.8783427402777448
25712,LOF,0.013205173454528239,0.18522227390327528,0.8015725526421965
25713,LOF,0.018984053044729894,0.08655960853644845,0.8944563384188217
25714,LOF,0.08082048087379197,0.08340138312515184,0.8357781360010561
25715,LOF,0.011589916177234075,0.13728230948615117,0.8511277743366147
25716,LOF,0.012582914142310515,0.1081460269254452,0.8792710589322442
25717,LOF,0.011606007090095058,0.07964071534168299,0.908753277568222
25718,LOF,0.012830374358036115,0.10142434813723868,0.8857452775047253
25719,LOF,0.01888009686653352,0.07914795484648253,0.901971948286984
25720,LOF,0.02470162370036886,0.06999747512980486,0.9053009011698263
25721,LOF,0.015591140904304815,0.11225304683078215,0.872155812264913
25722,LOF,0.015101776113091384,0.1298692550691183,0.8550289688177903
25723,LOF,0.024070966903017316,0.04488839484074346,0.9310406382562392
25724,LOF,0.03245428525460259,0.09589374431374065,0.8716519704316567
25725,LOF,0.012076592746106356,0.07089426095644939,0.9170291462974443
25726,LOF,0.015538031947729075,0.12019990018439215,0.8642620678678787
25727,LOF,0.013364870693785034,0.08255991780381391,0.904075211502401
25728,LOF,0.009974656182314379,0.12817638984314775,0.861848953974538
25729,LOF,0.010319554375086802,0.1229718062708356,0.8667086393540775
25730,LOF,0.014454371151445619,0.0886985422287963,0.896847086619758
25731,LOF,0.018254656570374776,0.11277787449179284,0.8689674689378325
25732,LOF,0.015083599924205944,0.08403547478301227,0.9008809252927817
25733,LOF,0.01688217469727103,0.07571217335391638,0.9074056519488126
25734,LOF,0.01175123342650017,0.12040658100998122,0.8678421855635186
25735,LOF,0.013683645150716935,0.09463097609167888,0.8916853787576042
25736,LOF,0.015173507471649987,0.10883355514979443,0.8759929373785557
25737,LOF,0.012264958031190399,0.08001130122958729,0.9077237407392222
25738,LOF,0.012508988094393606,0.10874608697303244,0.8787449249325741
25739,LOF,0.021434126059317278,0.07922736965514529,0.8993385042855375
25740,LOF,0.026269039151361015,0.11530347885138292,0.8584274819972559
25741,LOF,0.01515856887976999,0.11821802615307705,0.8666234049671528
25742,LOF,0.1215292576192367,0.08566699251409891,0.7928037498666645
25743,LOF,0.03518279675810512,0.04392104701439544,0.9208961562274994
25744,Neutral,0.5678687816499336,0.2041961886208134,0.227935029729253
25745,LOF,0.07486745944534884,0.07812002052641333,0.8470125200282378
25746,LOF,0.04061894813227395,0.09488451207725733,0.8644965397904688
25747,LOF,0.02043178901803407,0.06276277261827569,0.9168054383636903
25748,LOF,0.09283083193811731,0.0905108295745506,0.8166583384873322
25749,LOF,0.025177735844273803,0.09682880200364569,0.8779934621520805
25750,LOF,0.08667679784824117,0.08917806867497705,0.8241451334767818
25751,LOF,0.09299991250162128,0.10629968790518013,0.8007003995931986
25752,GOF,0.11682633133635732,0.6558960609673911,0.2272776076962517
25753,LOF,0.018369973199587088,0.2510884991344313,0.7305415276659817
25754,GOF,0.011205764337498916,0.7855103365673594,0.20328389909514172
25755,LOF,0.021519140304960216,0.36592906231715344,0.6125517973778863
25756,LOF,0.04442039707862801,0.34389333152776563,0.6116862713936063
25757,GOF,0.013267545460284393,0.8364628945190935,0.15026956002062214
25758,GOF,0.031843188131468296,0.8169906761528221,0.15116613571570978
25759,GOF,0.010235386239286643,0.5807365493384145,0.40902806442229894
25760,LOF,0.011358768368599233,0.23576803019628595,0.7528732014351148
25761,GOF,0.24214684212530316,0.672865551445698,0.08498760642899882
25762,LOF,0.038693822388911815,0.24403851832657683,0.7172676592845114
25763,LOF,0.01285826623811164,0.17834649074099204,0.8087952430208963
25764,GOF,0.07235260275419164,0.6301959249618854,0.29745147228392305
25765,GOF,0.03839440231777134,0.7402507467338701,0.22135485094835855
25766,GOF,0.0655762988115752,0.7664498428454012,0.1679738583430235
25767,GOF,0.14619480834948162,0.5667626068050001,0.28704258484551826
25768,LOF,0.10896346383349635,0.0712510413499136,0.81978549481659
25769,LOF,0.06352063227311971,0.05512635724464445,0.8813530104822358
25770,LOF,0.320164279051197,0.08624142224142327,0.5935942987073798
25771,LOF,0.04217228685242068,0.04872087988778551,0.9091068332597938
25772,LOF,0.018766418557094024,0.037278868292509676,0.9439547131503963
25773,LOF,0.04555308549721156,0.10151837755413323,0.8529285369486552
25774,LOF,0.029457329052530408,0.07086249055675412,0.8996801803907155
25775,LOF,0.04926419210965718,0.045544829638666594,0.9051909782516762
25776,LOF,0.08481303020983892,0.02354184861112947,0.8916451211790315
25777,LOF,0.3785544395171596,0.05299779356645757,0.5684477669163828
25778,LOF,0.07686669887048163,0.04262621102330591,0.8805070901062125
25779,GOF,0.37930764804521144,0.574195802586603,0.04649654936818554
25780,GOF,0.29388636940161245,0.6365157512161123,0.06959787938227531
25781,GOF,0.1303432272354639,0.7532534007813515,0.11640337198318454
25782,GOF,0.20834129231035164,0.7130279973437005,0.07863071034594797
25783,GOF,0.023518903104220282,0.59058254838085,0.38589854851492955
25784,Neutral,0.5134152507453269,0.4470134025640442,0.03957134669062888
25785,GOF,0.4494852919929624,0.5100199993202836,0.040494708686754075
25786,GOF,0.027043812954468963,0.7543477116576339,0.21860847538789704
25787,Neutral,0.6334412306017024,0.3394672239448804,0.027091545453417156
25788,LOF,0.053549911573735835,0.10688621089503687,0.8395638775312273
25789,GOF,0.22555411013741553,0.6405394642530252,0.13390642560955945
25790,GOF,0.24314725225053066,0.6488762087416514,0.10797653900781787
25791,GOF,0.16734170598925635,0.6719029419783972,0.16075535203234648
25792,GOF,0.3580671716178972,0.5192102619886335,0.12272256639346928
25793,GOF,0.2559823695405526,0.5213291617723694,0.22268846868707806
25794,GOF,0.30708840528381776,0.5051207779967021,0.18779081671948022
25795,GOF,0.08222898761017947,0.6886712869403562,0.22909972544946436
25796,Neutral,0.5622348579081382,0.35563623977497594,0.08212890231688581
25797,GOF,0.09118638029847315,0.5379808809016158,0.3708327387999111
25798,LOF,0.009646314405572867,0.4869244259355671,0.5034292596588601
25799,LOF,0.007661427460284654,0.36604230860033005,0.6262962639393853
25800,GOF,0.036523258869824334,0.5808332361086934,0.38264350502148237
25801,GOF,0.2079596848393892,0.6546290627873647,0.13741125237324617
25802,GOF,0.0792166841704728,0.6708769529010815,0.2499063629284457
25803,GOF,0.03599858185670985,0.5591357946689188,0.40486562347437116
25804,LOF,0.032727474326084784,0.47017685570657974,0.49709566996733545
25805,GOF,0.09495993528004179,0.5745344109122394,0.33050565380771874
25806,GOF,0.10289452681292659,0.5858327285278269,0.31127274465924654
25807,GOF,0.019832368591449094,0.6088548061102181,0.3713128252983329
25808,GOF,0.07130768260168989,0.6268084999468034,0.30188381745150666
25809,GOF,0.021302721289565674,0.5740551144835693,0.40464216422686505
25810,GOF,0.01955434171781369,0.6098632941213415,0.3705823641608448
25811,Neutral,0.46975939275593837,0.45350115960632514,0.0767394476377365
25812,GOF,0.03413574338272977,0.6570329589812477,0.30883129763602246
25813,Neutral,0.517789164825878,0.39314543874266356,0.08906539643145839
25814,GOF,0.12126235182627812,0.6734116437458981,0.20532600442782384
25815,GOF,0.18157977089198,0.6418158631381583,0.17660436596986173
25816,GOF,0.022139428053284754,0.6961394617809951,0.28172111016572016
25817,GOF,0.22575641702159713,0.653931032212453,0.1203125507659499
25818,GOF,0.051214987506042815,0.6188145601390651,0.32997045235489203
25819,GOF,0.33737447747502225,0.502504983724856,0.16012053880012186
25820,GOF,0.18084242156523117,0.6018738772413673,0.2172837011934014
25821,GOF,0.05875791330172671,0.6508354068060016,0.2904066798922716
25822,GOF,0.21162170772372724,0.5605987432200175,0.2277795490562554
25823,GOF,0.03377015930107326,0.5096747258510214,0.4565551148479054
25824,GOF,0.09934430708735924,0.5589846740159866,0.34167101889665413
25825,GOF,0.03965503426394205,0.5699877444231186,0.3903572213129393
25826,GOF,0.015933011800259723,0.5432693557413166,0.4407976324584237
25827,GOF,0.022468309216262073,0.5949985509997816,0.38253313978395626
25828,GOF,0.013157408971088337,0.5151947729229125,0.47164781810599926
25829,GOF,0.00621112512398465,0.5695665394715939,0.4242223354044215
25830,LOF,0.033570777314191225,0.3120267742558578,0.654402448429951
25831,GOF,0.22097296720079257,0.6469750248587863,0.13205200794042102
25832,GOF,0.035373054649603976,0.6780928403356538,0.2865341050147423
25833,GOF,0.12054796502651259,0.6979278050530957,0.1815242299203917
25834,GOF,0.03583101359982316,0.6769453615627965,0.28722362483738034
25835,GOF,0.08164840534827476,0.7454472615116995,0.17290433314002576
25836,GOF,0.03885689221449829,0.6741198412993766,0.2870232664861251
25837,GOF,0.028330029442126065,0.5943988041440352,0.3772711664138389
25838,GOF,0.09651057721332573,0.7646476037994958,0.13884181898717848
25839,GOF,0.28831651142305986,0.5705591427525648,0.14112434582437533
25840,GOF,0.22826254257360315,0.6217418128446107,0.14999564458178602
25841,GOF,0.21923109395061036,0.6361008529447763,0.1446680531046134
25842,GOF,0.16238451859112318,0.7044749524648183,0.13314052894405864
25843,GOF,0.22550062956572625,0.6747304795451103,0.09976889088916344
25844,GOF,0.06909648829848511,0.6979960941337614,0.23290741756775357
25845,LOF,0.016801583422381212,0.46965670793065956,0.5135417086469592
25846,GOF,0.13885454784134105,0.6991047114840068,0.16204074067465216
25847,GOF,0.11668852902621031,0.7814032056858903,0.10190826528789934
25848,GOF,0.0435782678092159,0.7012291471537618,0.25519258503702236
25849,GOF,0.012542780298365702,0.587317393096837,0.4001398266047975
25850,GOF,0.023334619857199125,0.6474758779663837,0.32918950217641707
25851,GOF,0.019181353233182107,0.5269638333237341,0.45385481344308365
25852,GOF,0.1563497801581968,0.5578087440973055,0.28584147574449775
25853,GOF,0.34840776105021487,0.5770939825262921,0.07449825642349299
25854,GOF,0.024155186615336523,0.6039661803330502,0.37187863305161345
25855,GOF,0.038839778960446214,0.5528340304712875,0.40832619056826625
25856,GOF,0.23735854208425988,0.553645673514306,0.20899578440143413
25857,GOF,0.041546159647998675,0.49445719551063644,0.4639966448413649
25858,GOF,0.020322844322721603,0.5249834011700651,0.4546937545072133
25859,GOF,0.010363039246133833,0.4968625620088378,0.4927743987450283
25860,GOF,0.35581316920539996,0.566098930587171,0.07808790020742912
25861,GOF,0.4076736287700214,0.5042903486833346,0.08803602254664404
25862,GOF,0.09334911855220741,0.7692092446914088,0.1374416367563837
25863,GOF,0.09195674224031002,0.7743855604297409,0.133657697329949
25864,GOF,0.1977326856640564,0.7290492686735837,0.07321804566236007
25865,GOF,0.08468998967547241,0.7953055400489393,0.12000447027558826
25866,GOF,0.06753558894647307,0.791143865682377,0.1413205453711498
25867,GOF,0.09240692543119378,0.8050093824459619,0.10258369212284428
25868,GOF,0.29021725486238326,0.6128851088238447,0.09689763631377209
25869,Neutral,0.7148066099159565,0.2476479808010655,0.03754540928297799
25870,GOF,0.28236891040698114,0.3749316208615396,0.3426994687314792
25871,GOF,0.2186099588790445,0.6051412486516159,0.1762487924693396
25872,GOF,0.07858734193232256,0.6421273525029145,0.2792853055647629
25873,GOF,0.13556128141734672,0.6717886067141233,0.19265011186852987
25874,LOF,0.01796492039726149,0.11585341047900997,0.8661816691237285
25875,LOF,0.11041606499313447,0.025901049106623955,0.8636828859002416
25876,LOF,0.03248074519960636,0.03144888956984768,0.9360703652305459
25877,LOF,0.47878819093481256,0.03499300896753894,0.4862188000976485
25878,LOF,0.22980420115390035,0.057589899066754706,0.7126058997793449
25879,LOF,0.10785628078252818,0.05763333044057876,0.8345103887768931
25880,LOF,0.023203893325634706,0.014364752533952618,0.9624313541404126
25881,LOF,0.15719735208860408,0.11693272272997361,0.7258699251814222
25882,LOF,0.0628215872453438,0.018531699577222758,0.9186467131774335
25883,LOF,0.08499182662657666,0.020220525133354,0.8947876482400694
25884,LOF,0.032600210975616606,0.029619380865418765,0.9377804081589646
25885,LOF,0.06218861951156283,0.010872287159737894,0.9269390933286993
25886,LOF,0.25743102494584696,0.03503882765907548,0.7075301473950775
25887,LOF,0.15237673172043245,0.07039860985303324,0.7772246584265342
25888,LOF,0.0708888103109813,0.06347686637877839,0.8656343233102403
25889,LOF,0.043224634318843394,0.020694513738831816,0.9360808519423247
25890,LOF,0.044777865274695114,0.173653584068514,0.7815685506567909
25891,LOF,0.03818027332298604,0.06065294396063458,0.9011667827163794
25892,LOF,0.08931969704553801,0.022748966544858654,0.8879313364096033
25893,LOF,0.2480363644549464,0.019035772413438984,0.7329278631316146
25894,LOF,0.17923925455445647,0.011500248344096077,0.8092604971014474
25895,LOF,0.20374818386183935,0.020884167201230742,0.7753676489369299
25896,LOF,0.04888048589046332,0.02181120976305829,0.9293083043464785
25897,LOF,0.26358000898777706,0.011865445476231105,0.7245545455359919
25898,Neutral,0.6945159186502865,0.009247961398549819,0.29623611995116367
25899,LOF,0.19245857957635581,0.019650136870513087,0.7878912835531311
25900,LOF,0.43782547240530706,0.01398319180877353,0.5481913357859194
25901,LOF,0.041883725053209656,0.011205947762603958,0.9469103271841864
25902,LOF,0.1447988910773962,0.011780399276938316,0.8434207096456654
25903,Neutral,0.5429410376084368,0.025257941161681865,0.43180102122988134
25904,LOF,0.26425895950400285,0.044801593143594005,0.6909394473524032
25905,LOF,0.022696515691198203,0.3471223599544275,0.6301811243543745
25906,LOF,0.0340709973523954,0.08363048257622105,0.8822985200713837
25907,LOF,0.016893444317217798,0.3639293823954487,0.6191771732873335
25908,LOF,0.01099685145297524,0.2751078241996926,0.7138953243473322
25909,LOF,0.01344683189637538,0.1463743594154159,0.8401788086882086
25910,LOF,0.0528016101910964,0.11458335704007389,0.8326150327688298
25911,LOF,0.19681967311762294,0.018322645231757372,0.7848576816506198
25912,LOF,0.044803154265292265,0.039636562174020805,0.915560283560687
25913,LOF,0.32601422733052315,0.018953000575251167,0.6550327720942256
25914,LOF,0.020682147156557903,0.07238270414284795,0.9069351487005941
25915,Neutral,0.5264999894672414,0.25087714759962626,0.22262286293313238
25916,LOF,0.07478164673889669,0.2605790606458666,0.6646392926152367
25917,LOF,0.06930936272128047,0.050793229078379666,0.8798974082003399
25918,LOF,0.025641033145181208,0.047828060129665215,0.9265309067251536
25919,LOF,0.02175043393703112,0.053086147705624524,0.9251634183573443
25920,GOF,0.10372241790288987,0.5015364363882633,0.3947411457088469
25921,LOF,0.022639729853742952,0.03070372351306419,0.9466565466331929
25922,LOF,0.031353756910424815,0.022452214197599712,0.9461940288919755
25923,LOF,0.41806311873762214,0.02568873519513703,0.5562481460672408
25924,LOF,0.032810509583543535,0.035592128184788595,0.9315973622316678
25925,LOF,0.06205463672182656,0.031171686562954454,0.906773676715219
25926,LOF,0.04630443778465047,0.026902199255355495,0.926793362959994
25927,LOF,0.060491952884933364,0.09483507947272156,0.8446729676423451
25928,LOF,0.017563337717675275,0.0401253281460604,0.9423113341362643
25929,Neutral,0.5337924646718072,0.02832208451672427,0.43788545081146857
25930,LOF,0.04798172155489713,0.022524992490553213,0.9294932859545496
25931,LOF,0.02356490103873236,0.024148472409316963,0.9522866265519506
25932,LOF,0.02510084915144763,0.02069001386997202,0.9542091369785805
25933,LOF,0.033393041069267396,0.01433616148321122,0.9522707974475214
25934,LOF,0.022288335807158523,0.01805581438806954,0.9596558498047718
25935,LOF,0.05396499322719896,0.038736971785291584,0.9072980349875095
25936,LOF,0.042050125875852336,0.020604303212343394,0.9373455709118044
25937,LOF,0.024953914308213164,0.02522292268484088,0.949823163006946
25938,LOF,0.05672400220768091,0.039123975091914384,0.9041520227004047
25939,LOF,0.03767798871291092,0.015677026383565787,0.9466449849035233
25940,LOF,0.02692670755499099,0.3809532102195074,0.5921200822255016
25941,LOF,0.17506688437039708,0.10713207492520987,0.7178010407043931
25942,LOF,0.015124558927090585,0.0317780539926495,0.95309738708026
25943,LOF,0.2966414045850988,0.06337360421369828,0.6399849912012029
25944,Neutral,0.49435764564574264,0.023532931207945095,0.48210942314631233
25945,LOF,0.06480600960958968,0.02289406394730415,0.9122999264431062
25946,LOF,0.025529705690963394,0.12841803855469688,0.8460522557543397
25947,LOF,0.09480021225079692,0.2872726954936598,0.6179270922555432
25948,LOF,0.42275806537371446,0.008421445056666999,0.5688204895696185
25949,LOF,0.10680213045196006,0.03493646856346002,0.8582614009845798
25950,GOF,0.2738830194118541,0.4091845393331033,0.31693244125504255
25951,LOF,0.21774779420706034,0.23081847098172545,0.5514337348112143
25952,LOF,0.041719584593386254,0.4424194241049693,0.5158609913016444
25953,LOF,0.1447669375866121,0.09024482592597867,0.7649882364874092
25954,Neutral,0.4454709343216042,0.15811875383826512,0.39641031184013065
25955,LOF,0.05279432105447794,0.08080105662598956,0.8664046223195326
25956,LOF,0.16491247989181784,0.1183227308937751,0.716764789214407
25957,LOF,0.03862785965719513,0.03621341574769331,0.9251587245951115
25958,LOF,0.06325088080992053,0.028593354202771697,0.9081557649873078
25959,LOF,0.07419641118720309,0.3808503480621146,0.5449532407506823
25960,LOF,0.016380158278381487,0.05379279737650555,0.9298270443451129
25961,LOF,0.052546258596080773,0.031083606321233536,0.9163701350826857
25962,LOF,0.05901790062884867,0.028459515055527993,0.9125225843156234
25963,LOF,0.051527628080123185,0.1860494763640686,0.7624228955558082
25964,LOF,0.039690132044400486,0.15204805253416984,0.8082618154214297
25965,Neutral,0.4932051970617771,0.0812941788881076,0.42550062405011524
25966,Neutral,0.5096398361723863,0.16833176742677441,0.32202839640083936
25967,LOF,0.011890655014480733,0.09017066929079293,0.8979386756947262
25968,LOF,0.031338745902178125,0.4179340644453945,0.5507271896524273
25969,LOF,0.029304078285512784,0.05516690376418442,0.9155290179503028
25970,LOF,0.05882418168786046,0.05964800110212014,0.8815278172100194
25971,LOF,0.07566482700428843,0.016570241722035823,0.9077649312736757
25972,LOF,0.07616555373960819,0.023317675163234214,0.9005167710971577
25973,LOF,0.07024005008935963,0.010477256088533156,0.9192826938221073
25974,LOF,0.20236967506741926,0.01849204673352922,0.7791382781990515
25975,LOF,0.04214171966912569,0.034335821274696476,0.9235224590561779
25976,LOF,0.039982939261970316,0.018559543758923297,0.9414575169791063
25977,LOF,0.15176128820527862,0.09937204613779038,0.7488666656569309
25978,LOF,0.15196867146160567,0.06583353226369074,0.7821977962747035
25979,LOF,0.14400720247110146,0.06644758108753192,0.7895452164413665
25980,LOF,0.23292953539967234,0.0857128994126493,0.6813575651876784
25981,LOF,0.2643511452091925,0.0836800025144966,0.651968852276311
25982,LOF,0.42654041832791273,0.0527154973480966,0.5207440843239908
25983,LOF,0.4064235893864215,0.0586071589067069,0.5349692517068717
25984,LOF,0.05170306646847271,0.04668115100449748,0.9016157825270299
25985,LOF,0.03422874166856804,0.2312613127029769,0.7345099456284551
25986,LOF,0.04040217410920545,0.27088494226125787,0.6887128836295366
25987,LOF,0.08351643683277916,0.0708772957811651,0.8456062673860557
25988,LOF,0.14771923697197928,0.05247790068158826,0.7998028623464325
25989,LOF,0.028811713377207795,0.09809814670788425,0.873090139914908
25990,LOF,0.0397449477751538,0.1184998986649205,0.8417551535599256
25991,LOF,0.14524892048103746,0.3340229621293861,0.5207281173895765
25992,LOF,0.3097590516451658,0.1845348762149388,0.5057060721398954
25993,LOF,0.02427525330323995,0.08216135446932989,0.8935633922274302
25994,LOF,0.018478225196258725,0.12056693358232268,0.8609548412214186
25995,LOF,0.02801095392308108,0.2357760699070792,0.7362129761698398
25996,GOF,0.32062765683240324,0.45164767515846743,0.2277246680091292
25997,LOF,0.08264530485952815,0.4401153248971604,0.4772393702433115
25998,Neutral,0.5578066681482151,0.026008543099427826,0.41618478875235704
25999,LOF,0.10397632126173396,0.10787515945039401,0.7881485192878721
26000,LOF,0.14773987758310672,0.04813771353431436,0.8041224088825789
26001,LOF,0.19417077944236266,0.0554400447026562,0.7503891758549812
26002,LOF,0.13309816841953487,0.05322185141511478,0.8136799801653504
26003,GOF,0.010008492830087135,0.593580958264358,0.3964105489055548
26004,GOF,0.017414032334406332,0.6847104027486761,0.2978755649169176
26005,LOF,0.00792693530650332,0.4795048821348081,0.5125681825586886
26006,Neutral,0.5256754720487488,0.27114653632118785,0.2031779916300635
26007,GOF,0.0215056579847076,0.5998242350971227,0.37867010691816977
26008,GOF,0.016700758828002635,0.6835419444745724,0.299757296697425
26009,GOF,0.018982281872244662,0.6981376076974171,0.2828801104303382
26010,GOF,0.023012795041808858,0.6785655059654595,0.29842169899273163
26011,LOF,0.006353780374842069,0.49349358019165157,0.5001526394335064
26012,GOF,0.01353318672364078,0.6077010234674828,0.37876578980887643
26013,GOF,0.018738467905224307,0.6479519290419856,0.3333096030527902
26014,LOF,0.044648577379996605,0.09332226619862795,0.8620291564213756
26015,LOF,0.21331178829214095,0.007649342263440127,0.7790388694444189
26016,LOF,0.22736600565636816,0.049186921873029345,0.7234470724706025
26017,LOF,0.23074364625503005,0.07502242150404868,0.6942339322409212
26018,LOF,0.09314559199396256,0.022749469036890027,0.8841049389691474
26019,LOF,0.08835217311151532,0.01725481661801053,0.894393010270474
26020,LOF,0.07348028733683559,0.09843298947338847,0.8280867231897759
26021,LOF,0.04570545837145694,0.10290836652896516,0.8513861750995779
26022,LOF,0.01080663030971941,0.029239887396844712,0.9599534822934359
26023,LOF,0.10634505040649209,0.015665562501876684,0.8779893870916311
26024,LOF,0.03565298131500908,0.10731994727221074,0.8570270714127802
26025,LOF,0.15325453057793967,0.09347532763601407,0.7532701417860463
26026,LOF,0.34146596912480953,0.02496243613036609,0.6335715947448243
26027,LOF,0.08484027392176685,0.011976147247921499,0.9031835788303115
26028,LOF,0.16904780110082337,0.0628501217440119,0.7681020771551649
26029,LOF,0.07580816903348081,0.19807271049666045,0.7261191204698587
26030,LOF,0.02389775696246602,0.06027103464114675,0.9158312083963872
26031,LOF,0.026983502919975547,0.13861216180418293,0.8344043352758416
26032,LOF,0.06478826247023407,0.07397639281200943,0.8612353447177565
26033,LOF,0.11550830346766465,0.09361673915412547,0.7908749573782099
26034,LOF,0.04602405757150393,0.16679472988795102,0.7871812125405451
26035,LOF,0.027807728314096315,0.14997955073365143,0.8222127209522523
26036,LOF,0.040523444861201526,0.17975202282892733,0.779724532309871
26037,LOF,0.023507542662103652,0.11817378306318958,0.8583186742747069
26038,LOF,0.06019617766064769,0.07807398161044017,0.8617298407289122
26039,LOF,0.05499604885487034,0.15246630306420736,0.7925376480809223
26040,LOF,0.19344253785903523,0.16106719933033536,0.6454902628106294
26041,LOF,0.02500369023985746,0.1119963759295518,0.8629999338305908
26042,LOF,0.022764353076383238,0.10453731271500609,0.8726983342086106
26043,LOF,0.060175247770191044,0.09156057253926012,0.8482641796905488
26044,LOF,0.020834804475817564,0.0757036691083708,0.9034615264158117
26045,LOF,0.07272333642678303,0.09832365778385471,0.8289530057893622
26046,LOF,0.0619439954110813,0.09005529911051506,0.8480007054784037
26047,LOF,0.0854636586321214,0.09497199894141686,0.8195643424264617
26048,LOF,0.051774664149737755,0.04556949026695459,0.9026558455833078
26049,Neutral,0.961022077448265,0.008199772535399228,0.030778150016335725
26050,Neutral,0.946888446613605,0.010658839138774565,0.04245271424762061
26051,LOF,0.053368493412458334,0.291619589968887,0.6550119166186547
26052,LOF,0.07280863533701847,0.3266913981890846,0.6004999664738969
26053,LOF,0.05342285049964229,0.13686799418481177,0.8097091553155459
26054,LOF,0.05636118622337806,0.014610722610982202,0.9290280911656397
26055,LOF,0.07419622610053092,0.012778586168358582,0.9130251877311105
26056,LOF,0.06182134868554108,0.014190407309277748,0.9239882440051813
26057,LOF,0.028875956555926785,0.011140853239971542,0.9599831902041017
26058,LOF,0.029850102973443052,0.00883803068778349,0.9613118663387734
26059,LOF,0.30289479432071503,0.01835363554894217,0.6787515701303427
26060,LOF,0.041174709569610064,0.15552219340728138,0.8033030970231086
26061,LOF,0.01709417064577498,0.009704214253638302,0.9732016151005868
26062,LOF,0.010466154550753498,0.015508190995142024,0.9740256544541044
26063,LOF,0.02318747982985799,0.010811582607727396,0.9660009375624146
26064,LOF,0.02201353949380601,0.017247877758842046,0.960738582747352
26065,LOF,0.0250363986293004,0.009576335819875298,0.9653872655508243
26066,LOF,0.02072855342273222,0.010376466696742323,0.9688949798805254
26067,LOF,0.027777016122285073,0.007983206490713057,0.964239777387002
26068,LOF,0.04635412651399662,0.026170518248339488,0.9274753552376639
26069,LOF,0.2437169443646248,0.01753754081849418,0.738745514816881
26070,LOF,0.38588003571254303,0.014649758762620682,0.5994702055248363
26071,LOF,0.02382528501004434,0.010680924492662603,0.9654937904972931
26072,LOF,0.02318178320871906,0.013407250808044264,0.9634109659832366
26073,LOF,0.02514410620810463,0.00983532711773922,0.965020566674156
26074,Neutral,0.9065367537661412,0.005272147259844393,0.08819109897401455
26075,LOF,0.044568430589133415,0.012523230593330157,0.9429083388175363
26076,LOF,0.04697052264274158,0.00852171001265871,0.9445077673445996
26077,LOF,0.010171628397356402,0.014182240149012716,0.9756461314536308
26078,LOF,0.013451291592284902,0.009774075519687349,0.9767746328880277
26079,LOF,0.06148249029054067,0.014364731282917386,0.9241527784265419
26080,LOF,0.06011056128713309,0.014383803770949671,0.9255056349419172
26081,LOF,0.036809037632078656,0.005824378634898103,0.9573665837330232
26082,LOF,0.013749005615722901,0.013295716073285732,0.9729552783109914
26083,LOF,0.13588137928437644,0.011587794166913053,0.8525308265487106
26084,LOF,0.029739144889129387,0.010779401863445608,0.9594814532474251
26085,LOF,0.02547126353980755,0.010300384942854448,0.9642283515173381
26086,LOF,0.024734391930086867,0.011034803784578833,0.9642308042853343
26087,LOF,0.028554133883490387,0.007609575771526893,0.9638362903449826
26088,LOF,0.016631002246179933,0.019893364944772007,0.963475632809048
26089,LOF,0.04462934986031025,0.019792468079086283,0.9355781820606035
26090,LOF,0.04387333460536181,0.014787812961195353,0.9413388524334428
26091,LOF,0.03980497870869967,0.005872232591812654,0.9543227886994878
26092,LOF,0.02748242896776311,0.007395266163497503,0.9651223048687394
26093,LOF,0.040077336596326056,0.005597897232681813,0.9543247661709922
26094,LOF,0.04363329537052792,0.005585855084304529,0.9507808495451675
26095,LOF,0.0459029898798617,0.011114161960394189,0.942982848159744
26096,LOF,0.018594507019783862,0.010865929151941782,0.9705395638282743
26097,LOF,0.011757322449367353,0.02823666540800329,0.9600060121426294
26098,LOF,0.07309005554051708,0.008642766626782697,0.9182671778327002
26099,LOF,0.025448136195944677,0.010631377117659237,0.9639204866863961
26100,LOF,0.02732023656150109,0.010372526503788962,0.9623072369347101
26101,LOF,0.05859637463591079,0.01362756583209943,0.9277760595319897
26102,LOF,0.02558726508670039,0.012362377899492199,0.9620503570138075
26103,Neutral,0.8903864759925053,0.016713408443805127,0.09290011556368968
26104,LOF,0.08233983950479445,0.020667658317954685,0.8969925021772509
26105,LOF,0.21499311659949785,0.3297598435329007,0.4552470398676015
26106,LOF,0.22953923438153268,0.15149992709854823,0.6189608385199191
26107,LOF,0.24373662565640408,0.10675528714364393,0.6495080871999519
26108,LOF,0.2739128656884294,0.13339726384559136,0.5926898704659793
26109,LOF,0.09557288833007228,0.07046585039949214,0.8339612612704356
26110,LOF,0.2837877407163013,0.008078458018498068,0.7081338012652005
26111,Neutral,0.5104940375000115,0.023982368229360996,0.46552359427062745
26112,LOF,0.03328643943406011,0.008104700846799463,0.9586088597191403
26113,LOF,0.05150367289215049,0.01644019767851848,0.932056129429331
26114,LOF,0.02576008331655357,0.01738091437211988,0.9568590023113266
26115,LOF,0.09320009690071593,0.04090155162881705,0.865898351470467
26116,LOF,0.0662860032667674,0.03343648868908549,0.9002775080441472
26117,LOF,0.4542127997194692,0.04522303601239668,0.5005641642681342
26118,LOF,0.037779279316954795,0.025032928274233594,0.9371877924088116
26119,LOF,0.024436852186160145,0.0374144836847586,0.9381486641290813
26120,LOF,0.029266202164980663,0.020343509788415128,0.9503902880466043
26121,LOF,0.040192134204209515,0.07461239530964955,0.8851954704861409
