feature0,prediction,LoGoFunc_Neutral,LoGoFunc_GOF,LoGoFunc_LOF
25546,Neutral,0.5910178711130636,0.11353816059981879,0.29544396828711755
25547,Neutral,0.49250080340772706,0.16020540628592442,0.3472937903063485
25548,Neutral,0.4345102522363373,0.16233376542600225,0.4031559823376604
25549,LOF,0.3875951695946887,0.16177371493114273,0.4506311154741685
25550,LOF,0.3656916314378186,0.16079653131140945,0.4735118372507719
25551,LOF,0.2897404318331049,0.16117130782357328,0.5490882603433218
25552,LOF,0.27098282613569735,0.18049851137018097,0.5485186624941217
25553,Neutral,0.7536530575039753,0.08479227140649274,0.16155467108953195
25554,LOF,0.30914500945455087,0.1427188647583702,0.5481361257870789
25555,LOF,0.2549550461074441,0.14393319664204507,0.6011117572505108
25556,LOF,0.4225629593060083,0.13591368902034504,0.44152335167364676
25557,LOF,0.2356329821489737,0.15357114635535074,0.6107958714956756
25558,LOF,0.29062839636359955,0.15194565826758494,0.5574259453688155
25559,LOF,0.27822610720555924,0.06756897578169808,0.6542049170127426
25560,LOF,0.07841031930822849,0.12537786786803426,0.7962118128237372
25561,LOF,0.05694050879057389,0.2380795735827132,0.7049799176267129
25562,LOF,0.0392767544904143,0.08409504158475169,0.8766282039248339
25563,LOF,0.007711339523123767,0.20959736957400701,0.7826912909028693
25564,LOF,0.06049724794535983,0.03473628458724768,0.9047664674673924
25565,LOF,0.17411238358375208,0.14877557794774665,0.6771120384685013
25566,GOF,0.061163311381479304,0.7124303384195881,0.22640635019893257
25567,LOF,0.04181369850257606,0.10736395566022351,0.8508223458372004
25568,LOF,0.07720558245906069,0.07032438493038752,0.8524700326105518
25569,LOF,0.07815676014793327,0.06546218265402211,0.8563810571980447
25570,LOF,0.030600938735011615,0.09594631029593664,0.8734527509690517
25571,LOF,0.03072910180600206,0.089098598861681,0.880172299332317
25572,LOF,0.056470643158646375,0.09030730573581075,0.853222051105543
25573,LOF,0.07811559502023879,0.09811533844102495,0.8237690665387363
25574,LOF,0.11496531463098207,0.2111836585281303,0.6738510268408876
25575,LOF,0.025222945371110056,0.09846267877577684,0.876314375853113
25576,LOF,0.023176694366323587,0.11977416657135237,0.857049139062324
25577,LOF,0.02962651183317238,0.08608865979309709,0.8842848283737306
25578,LOF,0.2944173403002601,0.08150898143948608,0.6240736782602538
25579,LOF,0.29568351756381606,0.0792973564998158,0.6250191259363682
25580,LOF,0.028880674505643588,0.08416810204181138,0.886951223452545
25581,LOF,0.048246866375532535,0.10483434552801471,0.8469187880964528
25582,LOF,0.048246866375532535,0.10483434552801471,0.8469187880964528
25583,LOF,0.03820894864510831,0.09242460723259861,0.8693664441222931
25584,Neutral,0.766906036028864,0.05442340708294416,0.1786705568881918
25585,LOF,0.026444980239505034,0.09213218209621273,0.8814228376642822
25586,LOF,0.025361211449056988,0.09723625008953102,0.8774025384614121
25587,LOF,0.02611652763366809,0.09954622461188918,0.8743372477544428
25588,LOF,0.031529481750680946,0.07040854061601416,0.8980619776333049
25589,Neutral,0.6752961778500057,0.12008709782481106,0.2046167243251831
25590,LOF,0.0719351993507246,0.07935664414008792,0.8487081565091874
25591,LOF,0.132255583444794,0.051685901663667384,0.8160585148915387
25592,LOF,0.09945188889477104,0.14889966697132917,0.7516484441338998
25593,LOF,0.15709617814237797,0.2474721474232155,0.5954316744344065
25594,LOF,0.04733566399417868,0.062436536560627386,0.8902277994451938
25595,LOF,0.0524248206911874,0.03812620948943684,0.9094489698193758
25596,LOF,0.15253133312305298,0.01818871956790207,0.829279947309045
25597,LOF,0.10944324105326332,0.00923702183968233,0.8813197371070542
25598,LOF,0.05440201332465522,0.03350650713302538,0.9120914795423193
25599,GOF,0.024834618240041517,0.5605738863534231,0.4145914954065354
25600,GOF,0.16704115663601343,0.48614468586381165,0.34681415750017497
25601,LOF,0.03712679662978359,0.39714639237411276,0.5657268109961037
25602,LOF,0.03146334353201398,0.054820125568496275,0.9137165308994898
25603,LOF,0.07962838823906926,0.0399827335013402,0.8803888782595906
25604,LOF,0.0701537813659899,0.09444438939480475,0.8354018292392055
25605,LOF,0.08215441637978065,0.16254291123451528,0.755302672385704
25606,Neutral,0.52226646458141,0.18553072746352123,0.29220280795506876
25607,LOF,0.04564324093427648,0.1337900575279101,0.8205667015378134
25608,LOF,0.059270421989695087,0.11245808577991936,0.8282714922303857
25609,GOF,0.13493052461231994,0.6256293306759002,0.23944014471177977
25610,LOF,0.024165377110118173,0.054762443098007915,0.9210721797918738
25611,LOF,0.0173323053040887,0.05377654264550364,0.9288911520504077
25612,LOF,0.0846092327793154,0.049163613162852324,0.8662271540578321
25613,LOF,0.07710408212018925,0.04799169987311758,0.8749042180066932
25614,LOF,0.027747524357376315,0.052680651980690815,0.9195718236619328
25615,LOF,0.06759054671831902,0.05698620327705123,0.8754232500046298
25616,LOF,0.08971578306846967,0.05145401606228372,0.8588302008692467
25617,LOF,0.06424063315371814,0.06762559345005716,0.8681337733962248
25618,LOF,0.08600047515337406,0.1328812376796643,0.7811182871669616
25619,LOF,0.01671938866701965,0.09629972958130063,0.8869808817516797
25620,LOF,0.054567128634421695,0.050260832631536065,0.8951720387340423
25621,LOF,0.09588056028758327,0.04733767941220911,0.8567817603002077
25622,LOF,0.10104439072079639,0.054393970582394875,0.8445616386968087
25623,LOF,0.08627648812469564,0.03818443973333613,0.8755390721419682
25624,LOF,0.025455978564795447,0.06047039851080146,0.9140736229244032
25625,LOF,0.07557519301328572,0.0379357821237149,0.8864890248629994
25626,LOF,0.058883147829600704,0.03690599906381121,0.904210853106588
25627,Neutral,0.8795185272880839,0.03244971455989438,0.08803175815202176
25628,LOF,0.16824121896377608,0.08977718548807213,0.7419815955481518
25629,LOF,0.06569271049521633,0.07743723691623933,0.8568700525885443
25630,LOF,0.24889151693500552,0.0742891594647443,0.6768193236002502
25631,LOF,0.46331385079914833,0.0700469828720001,0.46663916632885166
25632,LOF,0.02422894312457813,0.05138407362863166,0.9243869832467901
25633,LOF,0.29918819347280556,0.020062210996371406,0.6807495955308231
25634,LOF,0.05363593611516035,0.032261518925765204,0.9141025449590744
25635,LOF,0.034434197678266054,0.026406259408274544,0.9391595429134594
25636,GOF,0.02691156595654754,0.6202449997708623,0.3528434342725901
25637,GOF,0.028879650380391683,0.49653539923755957,0.47458495038204873
25638,GOF,0.01800867563682031,0.5716222372907968,0.410369087072383
25639,LOF,0.021269298780787423,0.4177717321283233,0.5609589690908894
25640,Neutral,0.8712567329085049,0.0957354052022119,0.03300786188928317
25641,LOF,0.11477998589431967,0.2646679513193315,0.6205520627863489
25642,LOF,0.11962189169125202,0.18547558485574572,0.6949025234530022
25643,LOF,0.38745352361331736,0.21416424792486619,0.3983822284618166
25644,GOF,0.008430964522316077,0.6652545962953798,0.32631443918230413
25645,GOF,0.01060824878224935,0.6276929571069009,0.36169879411084976
25646,LOF,0.0169063026514464,0.4788772373996191,0.5042164599489344
25647,LOF,0.010350037627621529,0.37661323349905956,0.613036728873319
25648,LOF,0.01249258880459005,0.3807490974199969,0.6067583137754131
25649,LOF,0.00848178564717279,0.2483876883050375,0.7431305260477897
25650,GOF,0.023703717580616717,0.5498076441866507,0.42648863823273253
25651,LOF,0.007788670021047919,0.39959851687131837,0.5926128131076338
25652,GOF,0.006662370366842565,0.5375658864145965,0.45577174321856095
25653,GOF,0.021262715023490274,0.6488513000760787,0.329885984900431
25654,LOF,0.006668184888326553,0.479273901838544,0.5140579132731293
25655,GOF,0.06905819335440336,0.7373084275602384,0.1936333790853581
25656,LOF,0.22360732676430675,0.2514192783380127,0.5249733948976805
25657,LOF,0.028903633025133883,0.29116615504731014,0.679930211927556
25658,LOF,0.16533893332748656,0.3055750336131501,0.5290860330593634
25659,GOF,0.2541427943197831,0.4571797742894411,0.28867743139077584
25660,LOF,0.022355051843831828,0.28039101621795914,0.6972539319382091
25661,LOF,0.050389823223535496,0.19967224938652497,0.7499379273899396
25662,LOF,0.0196830422249227,0.136856638337995,0.8434603194370822
25663,LOF,0.02303354285277293,0.11419381027925522,0.8627726468679718
25664,LOF,0.060448148177385135,0.20372329268444414,0.7358285591381707
25665,LOF,0.040455905990148484,0.084943975613237,0.8746001183966144
25666,LOF,0.05222771368924509,0.14774470906710568,0.8000275772436491
25667,LOF,0.051278398340236245,0.15840946404573233,0.7903121376140315
25668,LOF,0.01758233231600131,0.1729032513387275,0.8095144163452712
25669,LOF,0.017056205442610526,0.17707012632423796,0.8058736682331514
25670,LOF,0.08799108389519637,0.12493645832869314,0.7870724577761105
25671,LOF,0.07572918543322989,0.10583602767459879,0.8184347868921713
25672,LOF,0.03590596349248057,0.13819026006871085,0.8259037764388085
25673,LOF,0.06295057753811147,0.13351201155888995,0.8035374109029986
25674,LOF,0.0543069739209543,0.16780403260153195,0.7778889934775137
25675,LOF,0.05027752453508958,0.18144349708199906,0.7682789783829114
25676,LOF,0.015086497040011151,0.1739800866113306,0.8109334163486582
25677,LOF,0.01418181915382445,0.2214619886671634,0.7643561921790122
25678,LOF,0.12109492608660881,0.22225792199755273,0.6566471519158384
25679,LOF,0.10110151500742973,0.1812015953313553,0.7176968896612149
25680,LOF,0.014715114491573858,0.2914342491690306,0.6938506363393956
25681,LOF,0.023850848482086996,0.26547345535691547,0.7106756961609975
25682,LOF,0.06265691017782464,0.1556572868299288,0.7816858029922465
25683,LOF,0.053744689082094864,0.1681934924593995,0.7780618184585057
25684,LOF,0.019130097832230276,0.17757162131428925,0.8032982808534805
25685,LOF,0.09427748032918333,0.2113695885515234,0.6943529311192933
25686,LOF,0.05801030252146526,0.2742738795382267,0.6677158179403081
25687,LOF,0.08227614574802612,0.2709675860965197,0.6467562681554542
25688,LOF,0.44958273195480664,0.026413766508869882,0.5240035015363235
25689,LOF,0.2668607044659661,0.026916487700287827,0.706222807833746
25690,LOF,0.35158357856853173,0.02331862337953193,0.6250977980519363
25691,Neutral,0.7124031517421028,0.025503305181764205,0.2620935430761331
25692,LOF,0.34808855223476165,0.009819365257198483,0.6420920825080398
25693,LOF,0.07814159995891083,0.36031094830494853,0.5615474517361406
25694,LOF,0.09951497387024018,0.020327965473810175,0.8801570606559496
25695,LOF,0.10161250246424312,0.015189870140490423,0.8831976273952665
25696,LOF,0.10331887944220013,0.024502197555950383,0.8721789230018495
25697,LOF,0.05351748702873707,0.10919827119414843,0.8372842417771145
25698,LOF,0.30564031370200234,0.18014323110386932,0.5142164551941284
25699,LOF,0.3345938776365583,0.17975982854455674,0.48564629381888497
25700,LOF,0.06902405140902747,0.026655098037800085,0.9043208505531724
25701,LOF,0.16362875304435154,0.10609019005267381,0.7302810569029746
25702,GOF,0.1575186269988293,0.7241645443728288,0.11831682862834184
25703,LOF,0.013954881878142351,0.2996168950445309,0.6864282230773268
25704,LOF,0.02041691922450633,0.21799690325596624,0.7615861775195274
25705,LOF,0.022087693850642864,0.21217011275197226,0.7657421933973849
25706,GOF,0.10915240245095839,0.5164675279332506,0.374380069615791
25707,GOF,0.08597657170639807,0.45702255765849636,0.45700087063510547
25708,GOF,0.04264982769429659,0.5170123172395842,0.4403378550661192
25709,LOF,0.06766326460706273,0.13056473622513534,0.8017719991678021
25710,LOF,0.0148168566418086,0.1985957592608344,0.7865873840973571
25711,LOF,0.01724545903082307,0.18509315605212331,0.7976613849170536
25712,LOF,0.012940352369936318,0.2526888013349996,0.734370846295064
25713,LOF,0.018451754472074842,0.18096000599731518,0.80058823953061
25714,LOF,0.06649026462747379,0.19217306882123797,0.7413366665512883
25715,LOF,0.011820061480594389,0.25767151775224356,0.730508420767162
25716,LOF,0.011449287648817698,0.18383321932417337,0.8047174930270089
25717,LOF,0.01379854825773874,0.12775134972787577,0.8584501020143855
25718,LOF,0.011930020458048382,0.13658033823603755,0.8514896413059141
25719,LOF,0.028165769140703144,0.20576172426970246,0.7660725065895944
25720,LOF,0.034272320180262085,0.10907111597337901,0.856656563846359
25721,LOF,0.011955447449258062,0.22988793544953096,0.758156617101211
25722,LOF,0.012267564078604687,0.2153701080067956,0.7723623279145997
25723,LOF,0.023025884894041823,0.16990437142542622,0.807069743680532
25724,LOF,0.04201819166552061,0.3779842077897763,0.5799976005447031
25725,LOF,0.011400840809952304,0.20802968801609303,0.7805694711739548
25726,LOF,0.012564316840847614,0.22774804692162107,0.7596876362375313
25727,LOF,0.014242938395570651,0.2200387264863137,0.7657183351181157
25728,LOF,0.011039296524920555,0.2647507849984198,0.7242099184766597
25729,LOF,0.011549740637393934,0.26442768160539754,0.7240225777572086
25730,LOF,0.01218760099918796,0.2667057013100659,0.7211066976907462
25731,LOF,0.0128116134289762,0.1806580124799052,0.8065303740911187
25732,LOF,0.012228616179265262,0.12226147927837723,0.8655099045423575
25733,LOF,0.017787413748820376,0.14423397112548425,0.8379786151256954
25734,LOF,0.014054817706129976,0.21248116191221925,0.7734640203816509
25735,LOF,0.011327793716709183,0.15723582336841802,0.8314363829148728
25736,LOF,0.012011909979296182,0.16253065359436156,0.8254574364263422
25737,LOF,0.013599704541699854,0.19009415855762132,0.7963061369006789
25738,LOF,0.01282499950487757,0.24048942035468354,0.746685580140439
25739,LOF,0.019225118208186186,0.17827284766515145,0.8025020341266623
25740,LOF,0.03298988015862799,0.22739850924071675,0.7396116106006552
25741,LOF,0.01566658730606969,0.2608958550018437,0.7234375576920865
25742,LOF,0.1304662297323256,0.1411762872540179,0.7283574830136565
25743,LOF,0.038865819641283696,0.02897472985519611,0.9321594505035202
25744,Neutral,0.6760739687496523,0.09880634662359795,0.2251196846267499
25745,LOF,0.04859697584822496,0.06306953589160445,0.8883334882601707
25746,LOF,0.029463121920517154,0.0938420870424717,0.8766947910370111
25747,LOF,0.018168770049213936,0.06627343567549326,0.9155577942752927
25748,LOF,0.11412534022014056,0.12900742080045832,0.7568672389794011
25749,LOF,0.021684576790898264,0.08237079135592494,0.8959446318531769
25750,LOF,0.045513313795644036,0.08441052121259797,0.870076164991758
25751,LOF,0.10359044032718023,0.09072811541181301,0.8056814442610067
25752,GOF,0.10866018214621292,0.6977292151219563,0.19361060273183076
25753,LOF,0.02622972454264494,0.38924411944283716,0.5845261560145179
25754,GOF,0.025736117974314136,0.7494782830351441,0.22478559899054182
25755,LOF,0.030828247466835414,0.3275491713323764,0.6416225812007881
25756,GOF,0.04644345708921281,0.4802726787186588,0.47328386419212837
25757,GOF,0.01960044165504663,0.8563436084323032,0.12405594991265013
25758,GOF,0.02890690138785945,0.8208996082981532,0.15019349031398738
25759,GOF,0.018061263852820097,0.7261802221697568,0.2557585139774231
25760,LOF,0.022559893459105005,0.3609624795005755,0.6164776270403195
25761,GOF,0.24526964847054913,0.6768132771559937,0.07791707437345724
25762,LOF,0.0495241626572716,0.42507473344115265,0.5254011039015758
25763,LOF,0.020028992552643454,0.26852069522294664,0.7114503122244099
25764,GOF,0.08655437978617156,0.7497039771656494,0.16374164304817906
25765,GOF,0.035945594460284,0.7984960673904777,0.16555833814923837
25766,GOF,0.0722241608720337,0.8254908642934233,0.10228497483454298
25767,GOF,0.07911366032982634,0.6283067744289668,0.29257956524120704
25768,LOF,0.0741130453234257,0.07075140317292626,0.8551355515036482
25769,LOF,0.04621654534273745,0.0969125669667691,0.8568708876904934
25770,LOF,0.30249208426578567,0.07745656540928414,0.6200513503249303
25771,LOF,0.05407106600217762,0.047322220004075384,0.8986067139937469
25772,LOF,0.014690123410324718,0.09238120753179106,0.8929286690578843
25773,LOF,0.054848635762132655,0.04933961904139552,0.8958117451964718
25774,LOF,0.02919947072678394,0.12598600234592058,0.8448145269272954
25775,LOF,0.06913273098326492,0.038034610655700726,0.8928326583610343
25776,LOF,0.06023156134408081,0.05217442441539829,0.8875940142405209
25777,LOF,0.4639218548367605,0.04712424808943608,0.48895389707380343
25778,LOF,0.05208337688064879,0.08393266460870695,0.8639839585106444
25779,Neutral,0.5195130807159064,0.35742279949602285,0.1230641197880707
25780,Neutral,0.45062726828543664,0.3441853144521028,0.20518741726246068
25781,GOF,0.15968144884897276,0.5383510073584002,0.3019675437926271
25782,GOF,0.25934491478587224,0.47018169014298544,0.27047339507114226
25783,GOF,0.03028132119440495,0.5787893547827894,0.3909293240228057
25784,Neutral,0.6855362411793067,0.18369426903212976,0.13076948978856356
25785,Neutral,0.6595789529801318,0.1629643500785978,0.17745669694127053
25786,GOF,0.03164213266103876,0.5832709803484191,0.3850868869905423
25787,Neutral,0.8235695453951632,0.08146801246131717,0.09496244214351969
25788,LOF,0.058577653201262264,0.03500462652136186,0.9064177202773759
25789,GOF,0.2839181426050824,0.4123475034177463,0.30373435397717125
25790,GOF,0.2810560854346823,0.39502249829088193,0.3239214162744358
25791,GOF,0.1847642795832904,0.4216417608576245,0.39359395955908516
25792,Neutral,0.4244291725433608,0.2721613432651065,0.3034094841915327
25793,LOF,0.24313988733492023,0.25586447580927446,0.5009956368558053
25794,Neutral,0.3745559385443567,0.3212669244506799,0.30417713700496346
25795,GOF,0.0755096241354929,0.4624706921999843,0.4620196836645229
25796,Neutral,0.5907887732341709,0.2166100114255304,0.19260121534029864
25797,LOF,0.09409887316781483,0.3303556948257075,0.5755454320064778
25798,LOF,0.011945757809117207,0.36061952866058267,0.6274347135303001
25799,LOF,0.01108184161545381,0.3552595902415779,0.6336585681429683
25800,LOF,0.04520767233849842,0.4639460234941504,0.49084630416735126
25801,GOF,0.278566647383063,0.4857388619032916,0.23569449071364545
25802,GOF,0.06592624547404713,0.4887293794363391,0.4453443750896138
25803,LOF,0.046736246863639065,0.420936087062312,0.5323276660740489
25804,LOF,0.041863983876875746,0.43162849499954237,0.5265075211235819
25805,GOF,0.10128531915822661,0.4517644200045935,0.44695026083717987
25806,LOF,0.12621185248682804,0.4118147031528199,0.461973444360352
25807,LOF,0.022769389474483665,0.42391766958489774,0.5533129409406186
25808,LOF,0.10400859302810604,0.3766414322526939,0.5193499747192
25809,LOF,0.020915190058669517,0.36180205200656823,0.6172827579347623
25810,LOF,0.024109268065253722,0.35950277503640077,0.6163879568983455
25811,Neutral,0.6341792523281226,0.23005677931541405,0.13576396835646354
25812,LOF,0.047649931116514756,0.402478343406978,0.5498717254765073
25813,Neutral,0.6577758625808284,0.1221621560132889,0.22006198140588276
25814,GOF,0.17157130635044698,0.4177629002281659,0.41066579342138715
25815,GOF,0.3306539169783308,0.35347766790190455,0.31586841511976466
25816,LOF,0.02051167408274706,0.4398092715951433,0.5396790543221096
25817,GOF,0.2742194991839096,0.4637579199311432,0.26202258088494734
25818,LOF,0.043033546070894296,0.34340852314433845,0.6135579307847673
25819,Neutral,0.4008834899355909,0.2655047733100343,0.3336117367543747
25820,LOF,0.22717681301094794,0.37165155902724817,0.40117162796180394
25821,LOF,0.0755905448338816,0.4354887030939727,0.4889207520721457
25822,LOF,0.28406190949795584,0.34841042953257473,0.36752766096946937
25823,LOF,0.04959101625144936,0.41689808493288977,0.5335108988156609
25824,LOF,0.11429265774191617,0.32069694898836243,0.5650103932697214
25825,LOF,0.045938403365920304,0.34539808544279726,0.6086635111912825
25826,LOF,0.013956157002660601,0.3334491606694197,0.6525946823279196
25827,LOF,0.026295291405818513,0.4157204077317287,0.5579843008624528
25828,LOF,0.01876883772900648,0.3496914637326027,0.6315396985383908
25829,LOF,0.00890628200292352,0.38619001579308493,0.6049037022039915
25830,LOF,0.03276826815109749,0.0642506551508645,0.9029810766980381
25831,GOF,0.22349558372262093,0.4825690281511818,0.2939353881261972
25832,LOF,0.03978492216339032,0.4351328627601843,0.5250822150764254
25833,GOF,0.13586789092910725,0.44265167114670395,0.4214804379241889
25834,LOF,0.04998723963741693,0.42402831810492797,0.5259844422576551
25835,LOF,0.12880528110248496,0.42007271172963523,0.45112200716787976
25836,LOF,0.0580857845825195,0.44681014996890006,0.49510406544858043
25837,LOF,0.0321987173122815,0.37367675002548617,0.5941245326622323
25838,GOF,0.11596020579078122,0.481493881926431,0.4025459122827877
25839,Neutral,0.42512084131540073,0.2643303144621939,0.3105488442224053
25840,GOF,0.31855421089892805,0.3438096917226417,0.33763609737843037
25841,Neutral,0.35184279661998263,0.3021694898839214,0.3459877134960961
25842,LOF,0.231002215885114,0.35479860855740325,0.41419917555748265
25843,GOF,0.2641427521684454,0.43230681385713926,0.30355043397441533
25844,LOF,0.08974084938341126,0.3631116438643978,0.5471475067521909
25845,LOF,0.01775041047421561,0.3998778893049249,0.5823717002208595
25846,LOF,0.14061784202014457,0.42569334303365974,0.43368881494619577
25847,GOF,0.1695098809532788,0.45915615425370876,0.37133396479301245
25848,LOF,0.0520083983002678,0.3910346884715441,0.5569569132281881
25849,LOF,0.015259627786035422,0.3766374462053839,0.6081029260085806
25850,LOF,0.02580983793143231,0.40952725690515457,0.5646629051634131
25851,LOF,0.02151006099928105,0.3928853990456675,0.5856045399550514
25852,LOF,0.16564820318717674,0.32362288527212996,0.5107289115406932
25853,Neutral,0.4059385723866025,0.368583410565644,0.22547801704775342
25854,GOF,0.02508053718960521,0.49784118796035837,0.47707827485003634
25855,LOF,0.05401311367588852,0.3536459128113458,0.5923409735127657
25856,LOF,0.27967133826300417,0.3456130189051038,0.37471564283189196
25857,LOF,0.04784479846041698,0.34956458930468015,0.6025906122349028
25858,LOF,0.027000033564774994,0.48622003520271806,0.486779931232507
25859,GOF,0.013449001130847313,0.5033148269857088,0.4832361718834438
25860,Neutral,0.4075375343326853,0.3304872967929542,0.2619751688743605
25861,GOF,0.39830686202148186,0.4325749306078896,0.16911820737062855
25862,GOF,0.08412119894700519,0.5586188242845879,0.3572599767684069
25863,GOF,0.0883432139519382,0.5968869434222728,0.31476984262578905
25864,GOF,0.20979731565051712,0.5590534548537565,0.2311492294957264
25865,GOF,0.10331446085169896,0.6055409449225818,0.29114459422571926
25866,GOF,0.08494309003097322,0.6388663755344375,0.2761905344345893
25867,GOF,0.10134658480142919,0.6646588560394258,0.23399455915914494
25868,GOF,0.2647826298834726,0.3889600163846521,0.3462573537318754
25869,Neutral,0.7667049387756298,0.13977513046959728,0.09351993075477283
25870,LOF,0.24735160178477497,0.03614433144321568,0.7165040667720093
25871,GOF,0.2084394315027928,0.41853409882406195,0.3730264696731452
25872,LOF,0.0920297558856,0.33297197709046905,0.574998267023931
25873,LOF,0.1626270007681055,0.33057432979865975,0.5067986694332347
25874,LOF,0.02142049979102174,0.041403050655995685,0.9371764495529826
25875,LOF,0.03668933158315311,0.21719646193035508,0.7461142064864918
25876,LOF,0.025656887450819215,0.05731343889801708,0.9170296736511638
25877,LOF,0.32788516580450044,0.16825488188130439,0.5038599523141951
25878,LOF,0.1234636002070481,0.25041827853910614,0.6261181212538457
25879,LOF,0.06095058019044054,0.26832211406510237,0.6707273057444572
25880,LOF,0.023513419344771132,0.03005818792225887,0.94642839273297
25881,LOF,0.3129468114268989,0.14998937188488737,0.5370638166882137
25882,LOF,0.06650023104216876,0.02522328771458298,0.9082764812432483
25883,LOF,0.0863068839065457,0.025990953988532507,0.8877021621049218
25884,LOF,0.05265157634437285,0.05432916591914714,0.89301925773648
25885,LOF,0.06514230583463887,0.03441824056206434,0.9004394536032967
25886,LOF,0.1945254264919975,0.06211234986226222,0.7433622236457403
25887,LOF,0.2812312436225006,0.12454705318770067,0.5942217031897988
25888,LOF,0.11158713101336072,0.06308966073209071,0.8253232082545486
25889,LOF,0.04873767075001367,0.04573532845724559,0.9055270007927408
25890,LOF,0.07359385355935719,0.10998340769041352,0.8164227387502293
25891,LOF,0.05856125510796564,0.06100783803872768,0.8804309068533066
25892,LOF,0.10114843742428983,0.03533377069423574,0.8635177918814745
25893,LOF,0.316841134456896,0.024920397791536313,0.6582384677515677
25894,LOF,0.1956977321902299,0.01437990551213194,0.7899223622976382
25895,LOF,0.2369535266754125,0.014100695402290267,0.7489457779222973
25896,LOF,0.0531407432285775,0.02516697906399183,0.9216922777074306
25897,LOF,0.22016418746534627,0.025640489318452052,0.7541953232162016
25898,Neutral,0.7583320439904256,0.016910667603916747,0.2247572884056576
25899,LOF,0.2175405648817673,0.06282079212933799,0.7196386429888948
25900,Neutral,0.5323518991796016,0.020642059830402675,0.4470060409899958
25901,LOF,0.0520748704102178,0.019420876793644837,0.9285042527961374
25902,LOF,0.20420665150415798,0.014417711137095003,0.7813756373587469
25903,Neutral,0.5825827249300933,0.0392999874341931,0.3781172876357135
25904,LOF,0.33975992461356286,0.04269006840390258,0.6175500069825345
25905,GOF,0.035267404625207215,0.5006339629337995,0.4640986324409934
25906,LOF,0.026260653572915557,0.06494799252687626,0.9087913539002083
25907,LOF,0.015240805663938855,0.4296188989225619,0.5551402954134992
25908,LOF,0.016999145079326764,0.2748690845896907,0.7081317703309825
25909,LOF,0.02170490475188552,0.18365640495740748,0.7946386902907069
25910,LOF,0.025884263034207242,0.3821346777771646,0.5919810591886282
25911,LOF,0.06208652186324563,0.051673063374374786,0.8862404147623796
25912,LOF,0.02812637298120671,0.0942124324672046,0.8776611945515886
25913,LOF,0.20761464661455387,0.027099800730899418,0.7652855526545467
25914,LOF,0.027470234288540535,0.08723756539332868,0.8852922003181308
25915,Neutral,0.44297821238888996,0.30531588300275625,0.2517059046083538
25916,LOF,0.03979579093136395,0.40177286229059106,0.558431346778045
25917,LOF,0.0535737237495443,0.05848093850306955,0.887945337747386
25918,LOF,0.03231060824232314,0.04956131544132746,0.9181280763163494
25919,LOF,0.030933801738195658,0.04900050106167129,0.9200656972001331
25920,GOF,0.14687142056757654,0.4967757893834626,0.35635279004896075
25921,LOF,0.03679435624353187,0.03048078809827858,0.9327248556581894
25922,LOF,0.049108619784191745,0.01882805798345752,0.9320633222323507
25923,LOF,0.3717017221285246,0.046652564244978635,0.5816457136264968
25924,LOF,0.04474443971929926,0.0259699635790798,0.9292855967016209
25925,LOF,0.08149645007154617,0.052828139088274495,0.8656754108401794
25926,LOF,0.06167943865667954,0.03105624189907927,0.9072643194442412
25927,LOF,0.08011620508932099,0.09788530467995707,0.8219984902307219
25928,LOF,0.02529594639612245,0.019981326434574884,0.9547227271693027
25929,Neutral,0.4921738856920727,0.04343165521871401,0.4643944590892131
25930,LOF,0.0795479726797334,0.026827802986102576,0.893624224334164
25931,LOF,0.03155209955517724,0.013520024750585962,0.9549278756942369
25932,LOF,0.031526160883004924,0.01698275504598867,0.9514910840710064
25933,LOF,0.04019767449419922,0.014597895705629704,0.9452044298001709
25934,LOF,0.02885170800452332,0.019383319591557722,0.9517649724039189
25935,LOF,0.0798448953762846,0.04025032180801857,0.8799047828156967
25936,LOF,0.04330424909175408,0.016537883888941087,0.9401578670193049
25937,LOF,0.0384367974284212,0.02325071867261123,0.9383124838989677
25938,LOF,0.07119818090958202,0.053898355997710555,0.8749034630927074
25939,LOF,0.034865889426479564,0.019392571861959286,0.9457415387115611
25940,GOF,0.026969102700285706,0.5388731892082204,0.4341577080914939
25941,LOF,0.23458106487306277,0.03292960913255657,0.7324893259943808
25942,LOF,0.02141012685410035,0.014266718446318641,0.964323154699581
25943,LOF,0.3708055603708259,0.025977565128562977,0.6032168745006111
25944,Neutral,0.49847614798438117,0.015148285125077997,0.48637556689054096
25945,LOF,0.08353390243591018,0.03356283987378012,0.8829032576903096
25946,LOF,0.02968851860444393,0.23283445069437309,0.7374770307011829
25947,LOF,0.13727106003239703,0.1535146814391221,0.7092142585284809
25948,LOF,0.3766620441512565,0.008488301311824159,0.6148496545369194
25949,LOF,0.12185737543266233,0.02135429662674658,0.8567883279405912
25950,GOF,0.1462022137731213,0.5225127232977285,0.3312850629291502
25951,LOF,0.20377475798807368,0.20995874186234437,0.5862665001495819
25952,LOF,0.04818379470114394,0.43506203703102664,0.5167541682678294
25953,LOF,0.1425802650353083,0.22296926601053613,0.6344504689541556
25954,Neutral,0.3977551760848476,0.35248336378864414,0.2497614601265083
25955,LOF,0.04978945569040651,0.19880268880964208,0.7514078554999514
25956,LOF,0.20450814065796225,0.08718526643966037,0.7083065929023774
25957,LOF,0.04567971418034417,0.033609228148232015,0.9207110576714239
25958,LOF,0.07779263845168344,0.033691969306398534,0.8885153922419181
25959,LOF,0.12550431962658393,0.3727663345732864,0.5017293458001297
25960,LOF,0.031286599723390325,0.07132125452781599,0.8973921457487937
25961,LOF,0.0843264135010525,0.04677367079023729,0.8688999157087102
25962,LOF,0.05004438253961866,0.05309693589963653,0.8968586815607448
25963,LOF,0.053573358470105484,0.1739895736194188,0.7724370679104756
25964,LOF,0.028737130864364552,0.22616660505990033,0.745096264075735
25965,Neutral,0.4963382228852288,0.07144025263125363,0.4322215244835176
25966,GOF,0.2574829992477634,0.41662775569026167,0.32588924506197486
25967,LOF,0.011865975357766213,0.1971511161608039,0.7909829084814299
25968,LOF,0.05963188003655775,0.3713308846157032,0.5690372353477391
25969,LOF,0.02165324175644934,0.062202416334895906,0.9161443419086547
25970,LOF,0.05475261202694077,0.04702461089063349,0.8982227770824257
25971,LOF,0.07907418985950067,0.028299846155426682,0.8926259639850728
25972,LOF,0.07454910869389479,0.03495464698647942,0.8904962443196258
25973,LOF,0.10720648254023288,0.01652333713264338,0.8762701803271238
25974,LOF,0.4088177027846739,0.02779209819312486,0.5633901990222012
25975,LOF,0.04593581245523606,0.04560595818476638,0.9084582293599976
25976,LOF,0.03980333169262049,0.03497530568125101,0.9252213626261284
25977,LOF,0.10805911289630706,0.15812195279860392,0.733818934305089
25978,LOF,0.17396688366053956,0.11733872999885106,0.7086943863406094
25979,LOF,0.16442573677636899,0.09099068989191082,0.7445835733317203
25980,LOF,0.1981924594382174,0.17808189813823355,0.6237256424235491
25981,LOF,0.1981924594382174,0.17808189813823355,0.6237256424235491
25982,LOF,0.376515275876783,0.10064006303759396,0.522844661085623
25983,LOF,0.37988045251706687,0.11879811715636238,0.5013214303265707
25984,LOF,0.03349159568444581,0.0809895822987643,0.88551882201679
25985,LOF,0.02086736226880491,0.313352342374503,0.6657802953566921
25986,LOF,0.02942592809860823,0.3163861680928782,0.6541879038085134
25987,LOF,0.08569052837213142,0.08053153168366789,0.8337779399442007
25988,LOF,0.06105502400414029,0.08617995650275902,0.8527650194931008
25989,LOF,0.022795868359152115,0.15401668963664228,0.8231874420042056
25990,LOF,0.03132650987896881,0.15512806917517488,0.8135454209458562
25991,LOF,0.2051033635586376,0.34021612325054124,0.4546805131908212
25992,LOF,0.3588286050434119,0.24748691750448923,0.3936844774520989
25993,LOF,0.0319186393957344,0.10946781789493179,0.8586135427093339
25994,LOF,0.020592000127964263,0.14663948937053073,0.832768510501505
25995,LOF,0.028838266521302246,0.12430219375786736,0.8468595397208305
25996,GOF,0.1631577087479822,0.5000495120743815,0.33679277917763634
25997,GOF,0.05971688597605894,0.5254884410303778,0.41479467299356326
25998,LOF,0.46737948085590936,0.014604958120777098,0.5180155610233135
25999,LOF,0.1315024447267399,0.4084879180160257,0.46000963725723437
26000,LOF,0.05395384644502724,0.04645126101288396,0.8995948925420888
26001,LOF,0.1298583575579514,0.06727785869867688,0.8028637837433716
26002,LOF,0.07508023590291464,0.09334736387914566,0.8315724002179398
26003,GOF,0.00781397794917682,0.808944567064581,0.1832414549862422
26004,GOF,0.01612545389747612,0.8238021742272966,0.16007237187522727
26005,GOF,0.008406549466702525,0.6530286680551287,0.33856478247816874
26006,GOF,0.44577601526588534,0.46258157134389394,0.09164241339022063
26007,GOF,0.013417466595064475,0.7887071983982953,0.19787533500664015
26008,GOF,0.010941873032087065,0.8058937819720227,0.18316434499589035
26009,GOF,0.021164084013854494,0.8592731633461951,0.11956275263995043
26010,GOF,0.01570311637740662,0.8815615220060249,0.1027353616165686
26011,GOF,0.008210831252409026,0.606603620638773,0.38518554810881794
26012,GOF,0.01311423317059363,0.7529113483917589,0.23397441843764755
26013,GOF,0.00974278488330141,0.7973847741747027,0.19287244094199596
26014,LOF,0.04973449535276367,0.1054419679396649,0.8448235367075714
26015,LOF,0.17528173314819162,0.007459272061740429,0.817258994790068
26016,LOF,0.3379882306318495,0.02397460550967619,0.6380371638584742
26017,LOF,0.22308110617992002,0.03984502529080733,0.7370738685292727
26018,LOF,0.07744656240169102,0.019512927299650852,0.9030405102986582
26019,LOF,0.07952360320993206,0.013528672516607401,0.9069477242734605
26020,LOF,0.10174512439748337,0.03335600537495622,0.8648988702275604
26021,LOF,0.09971325116671186,0.044831409313878925,0.8554553395194091
26022,LOF,0.019706472331839028,0.02272185527768667,0.9575716723904742
26023,LOF,0.1768329860560932,0.015524375640839319,0.8076426383030675
26024,LOF,0.049153525790922165,0.04895840302385805,0.9018880711852197
26025,LOF,0.26443183049468444,0.051338577608535295,0.6842295918967802
26026,LOF,0.4792943639087014,0.011118108285816298,0.5095875278054822
26027,LOF,0.08485748002174423,0.010246748634209312,0.9048957713440465
26028,LOF,0.23412994931032668,0.08517821804130116,0.6806918326483721
26029,LOF,0.17807469280567897,0.1749513402903861,0.6469739669039349
26030,LOF,0.041786898656505915,0.06266601583138184,0.8955470855121124
26031,LOF,0.04155049186827614,0.1587458979645572,0.7997036101671667
26032,LOF,0.08841717167103927,0.05225430190740616,0.8593285264215547
26033,LOF,0.25381777217437834,0.07339406203695648,0.6727881657886652
26034,LOF,0.06541003681313276,0.12458899877143827,0.8100009644154291
26035,LOF,0.050602496023490595,0.14450123666004855,0.8048962673164609
26036,LOF,0.06813168129943513,0.12282881292250021,0.8090395057780646
26037,LOF,0.041075753860914735,0.1089745832626824,0.8499496628764027
26038,LOF,0.08762376862054087,0.04867470875744454,0.8637015226220146
26039,LOF,0.09831171784250704,0.1414649259451643,0.7602233562123287
26040,LOF,0.44357080309416863,0.09636687227902363,0.46006232462680774
26041,LOF,0.04043037021843797,0.10403663997345168,0.8555329898081103
26042,LOF,0.04058518930673028,0.0953596893114798,0.8640551213817899
26043,LOF,0.0892067629772919,0.06714272911889568,0.8436505079038125
26044,LOF,0.039585406232455274,0.08061238279715019,0.8798022109703946
26045,LOF,0.12590911619823777,0.10511673259609869,0.7689741512056635
26046,LOF,0.09995789167846292,0.07041660738945454,0.8296255009320825
26047,LOF,0.13439675605047488,0.06358303226230576,0.8020202116872193
26048,LOF,0.09152594018011734,0.05588779511797591,0.8525862647019068
26049,Neutral,0.9396713533414223,0.01248142752791698,0.047847219130660895
26050,Neutral,0.9168800646534414,0.014435359572992376,0.06868457577356617
26051,GOF,0.05606994437248072,0.5149906782831526,0.4289393773443667
26052,GOF,0.04332587717006107,0.554132642854265,0.40254147997567397
26053,LOF,0.049596616037040506,0.30016488571263805,0.6502384982503213
26054,LOF,0.06547479161324068,0.04834947609369482,0.8861757322930645
26055,LOF,0.06763517087008042,0.04962627046051057,0.882738558669409
26056,LOF,0.054027095425590435,0.05786489087813984,0.8881080136962698
26057,LOF,0.028107355429378898,0.045219416868986825,0.9266732277016343
26058,LOF,0.028194570720544435,0.04204378142315283,0.9297616478563028
26059,LOF,0.37594633187366566,0.06991559240364267,0.5541380757226917
26060,LOF,0.03462631195567209,0.3336919793847531,0.6316817086595748
26061,LOF,0.020774526329711062,0.08215801498308058,0.8970674586872083
26062,LOF,0.016796265458415727,0.0592567086056469,0.9239470259359375
26063,LOF,0.02394755187022541,0.04432702734557461,0.9317254207842
26064,LOF,0.02970812592960158,0.05467929225911175,0.9156125818112867
26065,LOF,0.027768388308812418,0.04298863057644227,0.9292429811147455
26066,LOF,0.02116752919285822,0.051032699005265046,0.9277997718018767
26067,LOF,0.023712100521268945,0.040564476902538386,0.9357234225761927
26068,LOF,0.05187635308328878,0.06308533935623277,0.8850383075604784
26069,LOF,0.37285181013788093,0.04943335979581689,0.5777148300663022
26070,Neutral,0.5840234067056762,0.028404492673738835,0.3875721006205849
26071,LOF,0.023259857633838178,0.05842189505971856,0.9183182473064433
26072,LOF,0.02674857068566661,0.0846838209453067,0.8885676083690267
26073,LOF,0.026594434935785005,0.04046772205036135,0.9329378430138536
26074,Neutral,0.887587194099182,0.012754406242599168,0.09965839965821882
26075,LOF,0.044138768837147055,0.047244126643375704,0.9086171045194772
26076,LOF,0.03736894789036282,0.03689409702918656,0.9257369550804506
26077,LOF,0.011416844926943304,0.08868331760985801,0.8998998374631987
26078,LOF,0.015416726273688642,0.05937772498423229,0.9252055487420792
26079,LOF,0.0518014423396448,0.049718651711843434,0.8984799059485117
26080,LOF,0.0518014423396448,0.049718651711843434,0.8984799059485117
26081,LOF,0.032401971826487554,0.03335875203660091,0.9342392761369116
26082,LOF,0.02583157976085474,0.04507320514490957,0.9290952150942358
26083,LOF,0.09403952567573122,0.04161289702088438,0.8643475773033844
26084,LOF,0.027609715609644377,0.05450126781796005,0.9178890165723955
26085,LOF,0.022389063353065734,0.05131876700636578,0.9262921696405685
26086,LOF,0.023517842236807716,0.05556909538004409,0.9209130623831482
26087,LOF,0.02544453990818411,0.04779288876551469,0.9267625713263012
26088,LOF,0.0242460062752336,0.08756194888702194,0.8881920448377445
26089,LOF,0.04607727188177752,0.04225645450307986,0.9116662736151425
26090,LOF,0.04310997818407941,0.038076638177628325,0.9188133836382923
26091,LOF,0.04176052886307862,0.02828603933303016,0.9299534318038912
26092,LOF,0.027011017521814427,0.04004238631058127,0.9329465961676042
26093,LOF,0.03913772488781642,0.027893325496043106,0.9329689496161405
26094,LOF,0.04524142276834261,0.02304129588240137,0.9317172813492559
26095,LOF,0.052607549993063836,0.06438721961357026,0.883005230393366
26096,LOF,0.022327997062447386,0.050221727357991866,0.9274502755795608
26097,LOF,0.011993052152891126,0.118342879058764,0.8696640687883449
26098,LOF,0.061480196686216834,0.0420669026150574,0.8964529006987257
26099,LOF,0.024263217495761175,0.07105731305681177,0.904679469447427
26100,LOF,0.024263217495761175,0.07105731305681177,0.904679469447427
26101,LOF,0.06226488408734812,0.05566043320146107,0.8820746827111908
26102,LOF,0.02475430101669274,0.050583512465792596,0.9246621865175145
26103,Neutral,0.8078532185220535,0.05719059806874652,0.1349561834092
26104,LOF,0.046802114248577026,0.07791077499834943,0.8752871107530735
26105,LOF,0.32409484809773415,0.0809241154225575,0.5949810364797083
26106,LOF,0.16857364276795572,0.05470235609520943,0.7767240011368348
26107,LOF,0.26838812226719766,0.06419070192490814,0.6674211758078942
26108,LOF,0.17267015172083353,0.05557689179980442,0.771752956479362
26109,LOF,0.06910878842489361,0.11004540216796371,0.8208458094071427
26110,LOF,0.2343240896016278,0.032413778343928494,0.7332621320544438
26111,LOF,0.46125119646502855,0.030433461709527928,0.5083153418254436
26112,LOF,0.04724103977156007,0.022819720835219954,0.92993923939322
26113,LOF,0.057888044990699446,0.0499535585179701,0.8921583964913304
26114,LOF,0.025550518856806655,0.029751719306070797,0.9446977618371225
26115,LOF,0.15003776463159074,0.056386119815079225,0.79357611555333
26116,LOF,0.08888767873943754,0.049934628278155965,0.8611776929824064
26117,LOF,0.23140725961388192,0.20324326268474285,0.5653494777013752
26118,LOF,0.03655323629612928,0.05729003150697411,0.9061567321968966
26119,LOF,0.023519752506561756,0.18807557127667662,0.7884046762167616
26120,LOF,0.03306111735368095,0.0815730997775103,0.8853657828688086
26121,LOF,0.04785352366312152,0.1867378754051117,0.7654086009317668
26122,LOF,0.06359673134162995,0.1917452440483753,0.7446580246099949
