feature0,prediction,LoGoFunc_Neutral,LoGoFunc_GOF,LoGoFunc_LOF
25546,Neutral,0.614098918848862,0.04997732032909118,0.3359237608220468
25547,Neutral,0.5000213130419549,0.07667529384113585,0.4233033931169093
25548,Neutral,0.4892860669618721,0.0701512081567732,0.4405627248813548
25549,LOF,0.43004109254409434,0.06815024426058598,0.5018086631953197
25550,LOF,0.36383952347763115,0.07449519001097135,0.5616652865113975
25551,LOF,0.2924572490587233,0.07773297817774087,0.6298097727635359
25552,LOF,0.2759172893811742,0.08591562503541937,0.6381670855834064
25553,Neutral,0.7789137757519311,0.043204633164393325,0.17788159108367557
25554,LOF,0.2912669084361307,0.07973584047010104,0.6289972510937683
25555,LOF,0.2586942705411136,0.07912079161588696,0.6621849378429995
25556,LOF,0.4118462271294435,0.07928403583844319,0.5088697370321132
25557,LOF,0.2469818496123102,0.07720819058554809,0.6758099598021418
25558,LOF,0.29484989622445024,0.07428609003547806,0.6308640137400716
25559,LOF,0.2317146000244912,0.0306739034734123,0.7376114965020965
25560,LOF,0.08873887749986945,0.19147923683259427,0.7197818856675363
25561,LOF,0.07911176324525113,0.2858847898473144,0.6350034469074345
25562,LOF,0.03282023360513773,0.11720614469310076,0.8499736217017615
25563,LOF,0.006356936571721049,0.21268519661582921,0.7809578668124497
25564,LOF,0.06413347730312753,0.10620949448156372,0.8296570282153087
25565,LOF,0.19379589780173956,0.13719202245758153,0.6690120797406788
25566,GOF,0.06967443259123876,0.8170636058929153,0.113261961515846
25567,LOF,0.04415283311427449,0.19513233304486455,0.760714833840861
25568,LOF,0.06449296472556985,0.11553133985957088,0.8199756954148593
25569,LOF,0.06767654811746296,0.11066075198103026,0.8216626999015068
25570,LOF,0.026720975350358524,0.16308605203119922,0.8101929726184421
25571,LOF,0.026460687371138065,0.16943976943633815,0.8040995431925237
25572,LOF,0.056476237154230884,0.2439523247755636,0.6995714380702055
25573,LOF,0.0678496602537959,0.15232519960928628,0.7798251401369178
25574,LOF,0.08032302783551906,0.26353647989408174,0.6561404922703993
25575,LOF,0.02516379027145507,0.1870664257307384,0.7877697839978066
25576,LOF,0.025117746103151678,0.29446437542805015,0.6804178784687982
25577,LOF,0.028707062970584903,0.21212343019512994,0.7591695068342852
25578,LOF,0.2960258624499032,0.11165792955057417,0.5923162079995227
25579,LOF,0.2115602691310067,0.11184403812860093,0.6765956927403924
25580,LOF,0.0242990599510984,0.11680060540226368,0.858900334646638
25581,LOF,0.04908284148119923,0.12297398964451048,0.8279431688742904
25582,LOF,0.04850897486173724,0.11966467328561196,0.8318263518526509
25583,LOF,0.03409108918294804,0.1274893756601945,0.8384195351568574
25584,Neutral,0.6976831846745984,0.1441871289077759,0.15812968641762562
25585,LOF,0.024965529954784516,0.23188500227671865,0.7431494677684969
25586,LOF,0.021523708521276483,0.13922371238850578,0.8392525790902178
25587,LOF,0.020912150716370863,0.1383378262230292,0.8407500230606
25588,LOF,0.02699284895888907,0.10916641265373116,0.8638407383873798
25589,Neutral,0.535853730225752,0.2568148920545307,0.20733137771971724
25590,LOF,0.05717334787760036,0.16859769514627646,0.7742289569761233
25591,LOF,0.11385828687242283,0.10291957788073965,0.7832221352468375
25592,LOF,0.07615145791506128,0.20737656555698092,0.7164719765279578
25593,LOF,0.11909751816506549,0.3638902811831839,0.5170122006517506
25594,LOF,0.045537503049511124,0.03813682971688304,0.916325667233606
25595,LOF,0.0475974171655757,0.02140199308591536,0.9310005897485089
25596,LOF,0.11817566054669514,0.014167543303327928,0.8676567961499768
25597,LOF,0.083626895718642,0.01389793842471647,0.9024751658566416
25598,LOF,0.05047297560543289,0.022976321202333092,0.926550703192234
25599,LOF,0.027344033640878024,0.38707795772326203,0.5855780086358598
25600,LOF,0.15403976806887143,0.3831167780633671,0.46284345386776155
25601,LOF,0.05106654589239298,0.28371922936127764,0.6652142247463294
25602,LOF,0.03054550954574458,0.07640741581428664,0.8930470746399688
25603,LOF,0.048930261342259807,0.08202229026852922,0.8690474483892109
25604,LOF,0.05601087644488442,0.1328300785363148,0.8111590450188009
25605,LOF,0.04757110268275575,0.2144606251579865,0.7379682721592579
25606,Neutral,0.3860596863248553,0.2877153321799541,0.3262249814951906
25607,LOF,0.027132040776405596,0.2989778549348625,0.6738901042887319
25608,LOF,0.04816943251114534,0.06516396118008637,0.8866666063087684
25609,GOF,0.2359757381535191,0.49364136604329606,0.2703828958031849
25610,LOF,0.020665842424407475,0.08483806451889873,0.8944960930566939
25611,LOF,0.014553199723642803,0.09399586805884876,0.8914509322175084
25612,LOF,0.05568361726659865,0.10960116639446105,0.8347152163389403
25613,LOF,0.05175763104472305,0.10118875288190306,0.8470536160733739
25614,LOF,0.023800372319030462,0.07933237177498932,0.8968672559059803
25615,LOF,0.05246315423275625,0.08170300777597432,0.8658338379912693
25616,LOF,0.06694248400697897,0.08381967876928825,0.8492378372237328
25617,LOF,0.050079727428684474,0.09089609844482581,0.8590241741264897
25618,LOF,0.05185830588993898,0.16049940304745539,0.7876422910626056
25619,LOF,0.013499994918087612,0.114306695236219,0.8721933098456934
25620,LOF,0.048272196752876056,0.09356539422446877,0.8581624090226551
25621,LOF,0.08123867487252583,0.08702128862117176,0.8317400365063025
25622,LOF,0.0832233595415082,0.10152467376410598,0.8152519666943858
25623,LOF,0.06945088933140439,0.09158102066762566,0.83896809000097
25624,LOF,0.02260497838418696,0.08615092529288401,0.891244096322929
25625,LOF,0.07215091359235927,0.11002022137517127,0.8178288650324695
25626,LOF,0.05657640877053379,0.09814525411295695,0.8452783371165092
25627,Neutral,0.8817930551952345,0.02594017618876946,0.09226676861599603
25628,LOF,0.19630445760846083,0.07162433114705011,0.732071211244489
25629,LOF,0.06790624677492021,0.06457543412213915,0.8675183191029406
25630,LOF,0.32041646746238983,0.08175328178716648,0.5978302507504437
25631,Neutral,0.5104535929695144,0.052175359701358816,0.4373710473291267
25632,LOF,0.030604587383730744,0.14327408299757344,0.8261213296186959
25633,LOF,0.1961300069580264,0.07830060909905538,0.7255693839429181
25634,LOF,0.04349296003976283,0.12476321179167399,0.8317438281685633
25635,LOF,0.03340723484360555,0.06996737385196268,0.8966253913044319
25636,GOF,0.032361012722954316,0.558280009720948,0.4093589775560976
25637,GOF,0.03536352125266605,0.5898316058974729,0.3748048728498611
25638,GOF,0.01868880438265496,0.50884158608209,0.47246960953525496
25639,LOF,0.028017197423453103,0.464040179965763,0.5079426226107839
25640,Neutral,0.8001980590157287,0.1430710448506937,0.05673089613357747
25641,LOF,0.1278118143201692,0.28717490264995893,0.5850132830298719
25642,LOF,0.11629609076654304,0.14012985103833317,0.7435740581951237
25643,LOF,0.34793538152634707,0.08419879341722022,0.5678658250564328
25644,GOF,0.009684493686238119,0.6506518227548281,0.3396636835589339
25645,GOF,0.01212622868028147,0.6039506150881984,0.38392315623152035
25646,LOF,0.01994332747993665,0.41164216450264135,0.5684145080174219
25647,LOF,0.009803289027181306,0.3265606474971862,0.6636360634756325
25648,LOF,0.01458319324537975,0.3655303895705361,0.6198864171840842
25649,LOF,0.008990427961613322,0.2913148766803582,0.6996946953580285
25650,GOF,0.03303077634404072,0.5826814550649103,0.3842877685910491
25651,LOF,0.011359199352384752,0.4023655974787439,0.5862752031688713
25652,LOF,0.011134371834504827,0.3949513016300149,0.5939143265354803
25653,GOF,0.04559182962941567,0.5614094339474498,0.3929987364231345
25654,LOF,0.011704878237615186,0.3121480365327398,0.6761470852296451
25655,GOF,0.11917491667284878,0.6106831502868306,0.27014193304032064
25656,LOF,0.2119656634470845,0.06497392941346096,0.7230604071394545
25657,LOF,0.035016145759900884,0.0671383478808123,0.8978455063592867
25658,LOF,0.25266579633698416,0.07709485784579198,0.6702393458172239
25659,LOF,0.38572591548204066,0.09324485864232358,0.5210292258756357
25660,LOF,0.023278900020547767,0.10214254492407938,0.8745785550553729
25661,LOF,0.07409062452751887,0.06283721354253773,0.8630721619299434
25662,LOF,0.028136645758001115,0.04138393936904545,0.9304794148729535
25663,LOF,0.03201217502092748,0.039449177437141776,0.9285386475419307
25664,LOF,0.09443917137442243,0.0657483526480449,0.8398124759775326
25665,LOF,0.05781559903208787,0.0329756131885134,0.9092087877793987
25666,LOF,0.07053137692143495,0.05272621221445755,0.8767424108641075
25667,LOF,0.06314234843164428,0.04648047507396,0.8903771764943957
25668,LOF,0.02930535999835188,0.058449852757872456,0.9122447872437757
25669,LOF,0.020733063988004837,0.05452075389658755,0.9247461821154076
25670,LOF,0.12265381897747517,0.04535911279109068,0.8319870682314341
25671,LOF,0.08597926379462643,0.03926534725927332,0.8747553889461003
25672,LOF,0.04955461221996639,0.054134574003380384,0.8963108137766532
25673,LOF,0.08056766348784632,0.04649903337233809,0.8729333031398155
25674,LOF,0.07690785482877387,0.06423860365974227,0.8588535415114839
25675,LOF,0.08028253631725525,0.06956618393639612,0.8501512797463485
25676,LOF,0.016148200368370683,0.0696872169857933,0.914164582645836
25677,LOF,0.016154150177642233,0.08511605117308056,0.8987297986492772
25678,LOF,0.15695782042026654,0.10011292255891142,0.742929257020822
25679,LOF,0.11617870604741641,0.09585480442875038,0.7879664895238332
25680,LOF,0.023564085003094606,0.13014617021532132,0.8462897447815841
25681,LOF,0.036768135598893206,0.11741450337614773,0.8458173610249591
25682,LOF,0.10687971028461775,0.07242847811017696,0.8206918116052053
25683,LOF,0.09739225082296286,0.07910698808259463,0.8235007610944425
25684,LOF,0.026141769621288117,0.06278295065435012,0.9110752797243618
25685,LOF,0.12599879972867115,0.09994406652835781,0.7740571337429711
25686,LOF,0.08340010614175462,0.15654815682491596,0.7600517370333294
25687,LOF,0.12556352226949047,0.13247543088711738,0.7419610468433921
25688,LOF,0.4702832190784734,0.022845860514679663,0.5068709204068469
25689,LOF,0.29528194372145117,0.03915223226504774,0.6655658240135011
25690,LOF,0.37355655196080556,0.020198577785400487,0.6062448702537939
25691,Neutral,0.7413786552330526,0.020557304535682004,0.23806404023126543
25692,LOF,0.36527098931060464,0.009973557746206604,0.6247554529431887
25693,GOF,0.03794862908637814,0.5403956553509079,0.42165571556271386
25694,LOF,0.11143053919168482,0.02183590959381662,0.8667335512144986
25695,LOF,0.11499376867886711,0.008553052722173975,0.876453178598959
25696,LOF,0.11267924064738909,0.011948181972086512,0.8753725773805244
25697,LOF,0.050923619806666015,0.06230994168380796,0.886766438509526
25698,LOF,0.258853375371517,0.2338673379885964,0.5072792866398866
25699,LOF,0.4059309251386998,0.04091486577135027,0.5531542090899499
25700,LOF,0.06161603894309883,0.011342171517649638,0.9270417895392514
25701,LOF,0.19807119993849137,0.032689253552450795,0.7692395465090578
25702,GOF,0.18941269311655357,0.6111874321061541,0.19939987477729235
25703,LOF,0.018593658020614478,0.15455363253598522,0.8268527094434003
25704,LOF,0.036480570859811594,0.1260243375098583,0.8374950916303302
25705,LOF,0.03837044407752249,0.08021471801875284,0.8814148379037247
25706,GOF,0.09588007544815534,0.4903325558879298,0.413787368663915
25707,LOF,0.08555357819110194,0.4068657050066997,0.5075807168021983
25708,LOF,0.031171765279116963,0.4116397398595351,0.557188494861348
25709,LOF,0.07402698331163907,0.037085001356246004,0.888888015332115
25710,LOF,0.01715191277401257,0.15047101219421802,0.8323770750317695
25711,LOF,0.021070591956260484,0.08645855222098128,0.8924708558227582
25712,LOF,0.017507774419714312,0.1921796816727687,0.7903125439075169
25713,LOF,0.018753923718083734,0.06772448465253877,0.9135215916293775
25714,LOF,0.08502666651147339,0.05549800488272724,0.8594753286057993
25715,LOF,0.012117645451971342,0.10620591627708763,0.8816764382709411
25716,LOF,0.012839810192901186,0.09969685564083706,0.8874633341662617
25717,LOF,0.019753457863696654,0.06914864598848931,0.9110978961478141
25718,LOF,0.012066779014413734,0.05083056791163783,0.9371026530739484
25719,LOF,0.024431119388981862,0.07561524307451985,0.8999536375364984
25720,LOF,0.030421902722031265,0.045613466684735815,0.9239646305932329
25721,LOF,0.011673091664336185,0.07225369958034351,0.9160732087553203
25722,LOF,0.013930930215503883,0.0608279178374842,0.925241151947012
25723,LOF,0.02500555675258277,0.042120489081508436,0.9328739541659088
25724,LOF,0.03619349345373801,0.08052398577106114,0.8832825207752009
25725,LOF,0.011564602350988207,0.06815003462803877,0.920285363020973
25726,LOF,0.017118187484816205,0.09409941744724888,0.8887823950679349
25727,LOF,0.01411157121511516,0.05661081817521956,0.9292776106096652
25728,LOF,0.011167348893962403,0.0760140638509886,0.9128185872550489
25729,LOF,0.011374188977313928,0.0765054972655052,0.912120313757181
25730,LOF,0.015246147363891212,0.07950765590222848,0.9052461967338803
25731,LOF,0.01814783177428348,0.1158462218863663,0.8660059463393501
25732,LOF,0.014387154678896208,0.047852469829856366,0.9377603754912475
25733,LOF,0.016056851218466516,0.05807509282253224,0.9258680559590012
25734,LOF,0.01351113312523744,0.11938670491076135,0.8671021619640013
25735,LOF,0.011610715314277598,0.05828752855206949,0.930101756133653
25736,LOF,0.012767510410106183,0.06293515928861727,0.9242973303012766
25737,LOF,0.013807914453032484,0.10095034800802545,0.885241737538942
25738,LOF,0.013595077838984709,0.09519084772613486,0.8912140744348805
25739,LOF,0.020992410724770035,0.07916036087521008,0.89984722840002
25740,LOF,0.033662095560239344,0.10269456464765621,0.8636433397921044
25741,LOF,0.016278696259188898,0.10647836849346158,0.8772429352473495
25742,LOF,0.1262334575051425,0.0718687545889599,0.8018977879058976
25743,LOF,0.041668798781767956,0.056674929962294236,0.9016562712559377
25744,Neutral,0.578780060231111,0.2721051961929011,0.14911474357598806
25745,LOF,0.058151532202121284,0.08734849223945408,0.8544999755584247
25746,LOF,0.041711307812190436,0.12919701833583924,0.8290916738519702
25747,LOF,0.017910864543229023,0.12220664573146683,0.859882489725304
25748,LOF,0.10835253140866144,0.17955133740322746,0.712096131188111
25749,LOF,0.022928793332862598,0.11465511114799691,0.8624160955191404
25750,LOF,0.0642820045866458,0.12704780744384395,0.8086701879695103
25751,LOF,0.1238576172112534,0.16187976792779601,0.7142626148609507
25752,GOF,0.1135694098596529,0.6520512063740206,0.23437938376632642
25753,LOF,0.03719038149264332,0.3401154199511478,0.6226941985562089
25754,GOF,0.020406262331187378,0.7729118090725681,0.20668192859624465
25755,LOF,0.031219998507794885,0.3545579848131906,0.6142220166790145
25756,LOF,0.06745301735899821,0.42205478260544144,0.5104922000355604
25757,GOF,0.016156248660035268,0.8707817750704855,0.11306197626947946
25758,GOF,0.0265135461589597,0.7720199261208796,0.20146652772016072
25759,GOF,0.012331194172568793,0.6634346823318162,0.324234123495615
25760,LOF,0.017131730286864103,0.4350174706300572,0.5478507990830787
25761,GOF,0.2876220824854033,0.6157335936376152,0.09664432387698157
25762,LOF,0.055390740800880064,0.3593486101278228,0.5852606490712972
25763,LOF,0.015540933009934848,0.2815461524485411,0.702912914541524
25764,GOF,0.0592185717873209,0.7115780877834889,0.22920334042919008
25765,GOF,0.03373937274830238,0.7894950909954342,0.17676553625626346
25766,GOF,0.08475486042297053,0.7363426992622017,0.1789024403148277
25767,LOF,0.1956654171831999,0.3873326276686763,0.4170019551481236
25768,LOF,0.12304935079369682,0.03676434100388096,0.8401863082024222
25769,LOF,0.04872895409017127,0.06816796142907079,0.8831030844807579
25770,LOF,0.3923867844090073,0.12570734543279063,0.481905870158202
25771,LOF,0.06340930657086,0.05252752514870282,0.8840631682804372
25772,LOF,0.018540208160796153,0.05346741433870015,0.9279923775005037
25773,LOF,0.0700573861132035,0.05821368630685551,0.8717289275799409
25774,LOF,0.027951491176620342,0.13328007925240626,0.8387684295709735
25775,LOF,0.07259467659177768,0.052740829887084485,0.8746644935211377
25776,LOF,0.06565114756380876,0.03422567347700552,0.9001231789591857
25777,Neutral,0.5436787869404867,0.08080789857730522,0.37551331448220804
25778,LOF,0.05984409184165366,0.05048947401696212,0.8896664341413841
25779,GOF,0.42827111353957187,0.5269681184339763,0.04476076802645196
25780,GOF,0.369033768409403,0.5405791512692916,0.09038708032130541
25781,GOF,0.11361643046714809,0.7629437099454023,0.12343985958744956
25782,GOF,0.17297619551251592,0.7273109611809285,0.09971284330655555
25783,GOF,0.024994671631454066,0.668176216549952,0.306829111818594
25784,Neutral,0.5452653551477333,0.4025405788629647,0.05219406598930193
25785,Neutral,0.5217564822968145,0.40409849944141557,0.07414501826176995
25786,GOF,0.029799492530357092,0.7077864766965261,0.2624140307731168
25787,Neutral,0.7128097638641017,0.24518034255074658,0.042009893585151815
25788,LOF,0.059573102440227454,0.07317147538657975,0.8672554221731927
25789,GOF,0.20376645794823015,0.643877749405242,0.15235579264652788
25790,GOF,0.25536454853680624,0.6131289792067898,0.13150647225640402
25791,GOF,0.1272584457343963,0.6517141157241118,0.22102743854149193
25792,GOF,0.32911760038935534,0.5025356398741349,0.1683467597365098
25793,GOF,0.2526451371301921,0.46196013604612896,0.285394726823679
25794,GOF,0.3307446308335395,0.43477133685325403,0.23448403231320655
25795,GOF,0.05670968172559089,0.6609916782807845,0.2822986399936246
25796,Neutral,0.5335811312755249,0.3756356115645971,0.09078325715987798
25797,GOF,0.08392540752606065,0.5075021164358746,0.4085724760380648
25798,GOF,0.010051729862301998,0.5221385688706087,0.4678097012670893
25799,LOF,0.008389388868940867,0.45289009852627427,0.5387205126047849
25800,GOF,0.039586347730210164,0.6245254670255738,0.3358881852442161
25801,GOF,0.2526399588463073,0.6261529730519511,0.12120706810174163
25802,GOF,0.07406140164220458,0.6267758384282693,0.2991627599295261
25803,GOF,0.04811244403674933,0.5447594679789878,0.4071280879842628
25804,GOF,0.04143920574732798,0.4799824002455522,0.4785783940071198
25805,GOF,0.0884656579300516,0.5299932384480589,0.38154110362188953
25806,GOF,0.12227024672465449,0.5607853150907697,0.3169444381845759
25807,GOF,0.018854972660081064,0.5800694327163497,0.4010755946235691
25808,GOF,0.0981595365041154,0.5513296480753302,0.35051081542055434
25809,GOF,0.020194143649106606,0.5554724134796808,0.4243334428712126
25810,GOF,0.021200235778154643,0.542072913812889,0.43672685040895637
25811,Neutral,0.4972522942112874,0.4329828873547117,0.06976481843400079
25812,GOF,0.03717002268995069,0.6096151891450337,0.3532147881650157
25813,Neutral,0.5757330227739325,0.2827752633475657,0.14149171387850196
25814,GOF,0.12648953088865603,0.6157112582753012,0.2577992108360428
25815,GOF,0.25029426635356017,0.5489691355190038,0.200736598127436
25816,GOF,0.019395091651435402,0.6552337236420007,0.32537118470656384
25817,GOF,0.17362841920741698,0.6937487676408727,0.13262281315171043
25818,GOF,0.036820295880423404,0.5651215143932232,0.3980581897263535
25819,GOF,0.3415320929177509,0.46486421554282137,0.19360369153942783
25820,GOF,0.17924629255052074,0.5650672530040813,0.25568645444539784
25821,GOF,0.061464812316894185,0.6220677021005716,0.31646748558253424
25822,GOF,0.25635968161068257,0.495584967048033,0.2480553513412844
25823,GOF,0.03861929518224578,0.48283712900815906,0.47854357580959517
25824,GOF,0.08263507966400113,0.5016638674465592,0.4157010528894396
25825,GOF,0.03234920138562716,0.5032463607079725,0.4644044379064004
25826,GOF,0.010416364573802156,0.5003294265296357,0.4892542088965621
25827,GOF,0.017815917017286426,0.5232334437137989,0.4589506392689148
25828,LOF,0.014014528721446779,0.4534441494013001,0.5325413218772531
25829,GOF,0.007255069991654597,0.5380462003340325,0.4546987296743128
25830,LOF,0.04233605226927624,0.2612243513881625,0.6964395963425611
25831,GOF,0.1341884197364691,0.7082615948083629,0.15754998545516802
25832,GOF,0.034851183573644,0.6639592630371861,0.30118955338916986
25833,GOF,0.11320083176610683,0.6502618473095944,0.23653732092429883
25834,GOF,0.042949508028219355,0.6557832306037565,0.3012672613680242
25835,GOF,0.10225755839414012,0.6210357813397094,0.2767066602661506
25836,GOF,0.053851471723875104,0.6473205706019233,0.29882795767420167
25837,GOF,0.0261658034730803,0.4974427841047271,0.47639141242219263
25838,GOF,0.09811601296228213,0.6744366589044422,0.22744732813327564
25839,GOF,0.28973470577079086,0.49700743886781235,0.2132578553613969
25840,GOF,0.2389646104457527,0.5437179516605277,0.2173174378937196
25841,GOF,0.27932980627583864,0.523098498118295,0.19757169560586627
25842,GOF,0.1732372329964372,0.593836031605097,0.23292673539846573
25843,GOF,0.2347132246443724,0.5929252696894342,0.1723615056661935
25844,GOF,0.06936461727590058,0.645369078374932,0.2852663043491674
25845,LOF,0.015216772071123619,0.47878504622403545,0.5059981817048409
25846,GOF,0.08926708090013792,0.7071398179487516,0.20359310115111057
25847,GOF,0.10943326214732504,0.6911584347858847,0.19940830306679028
25848,GOF,0.04451713359732001,0.632653142300379,0.32282972410230104
25849,GOF,0.012731768483976977,0.5308560951967856,0.45641213631923755
25850,GOF,0.02437633879705096,0.6241546840201458,0.3514689771828033
25851,GOF,0.02116654915503017,0.5212265527530182,0.45760689809195165
25852,GOF,0.12853589025070863,0.5598773688949823,0.3115867408543091
25853,GOF,0.33506292604173726,0.5777366324765132,0.0872004414817497
25854,GOF,0.021592258625790495,0.69755794369994,0.28084979767426965
25855,GOF,0.044040839555448644,0.6213306038700189,0.33462855657453244
25856,GOF,0.235600684027225,0.5668425216539601,0.1975567943188149
25857,GOF,0.03787463195127087,0.5419260748292829,0.4201992932194463
25858,GOF,0.02002220388367355,0.6022615346775295,0.37771626143879694
25859,GOF,0.010515341259013702,0.5957585532903275,0.39372610545065884
25860,GOF,0.3289316747695016,0.5658035959843051,0.1052647292461934
25861,GOF,0.335550619283836,0.5809801936903664,0.08346918702579763
25862,GOF,0.06636643887666353,0.7693034280425257,0.1643301330808107
25863,GOF,0.07211118651831899,0.7821598758565756,0.14572893762510533
25864,GOF,0.13504737398431454,0.7616922115817252,0.10326041443396021
25865,GOF,0.06655916526405482,0.7784199111747317,0.15502092356121336
25866,GOF,0.06319942732628989,0.8096240791911307,0.12717649348257942
25867,GOF,0.07628767490462794,0.8072680321132821,0.1164442929820899
25868,GOF,0.21872516248131638,0.6538374478501443,0.12743738966853943
25869,Neutral,0.6698408378432835,0.2786920958946536,0.051467066262062836
25870,LOF,0.28164206897541266,0.2506091400614818,0.46774879096310557
25871,GOF,0.20990875072647572,0.6248976266024238,0.16519362267110066
25872,GOF,0.09384700647477771,0.57761032252582,0.32854267099940226
25873,GOF,0.15733098895717235,0.5712262708042067,0.27144274023862097
25874,LOF,0.023858246656856586,0.07983673716839815,0.8963050161747452
25875,LOF,0.06438546351626402,0.07595251054919559,0.8596620259345403
25876,LOF,0.024663950386945934,0.06026026896574986,0.9150757806473042
25877,Neutral,0.48039109724082185,0.07657705517305777,0.4430318475861205
25878,LOF,0.21370445979502464,0.12648367087091097,0.6598118693340643
25879,LOF,0.11161668879528558,0.14421955550801163,0.7441637556967028
25880,LOF,0.02260823809215277,0.030074577882355437,0.9473171840254918
25881,LOF,0.18920119800817445,0.24249493009357567,0.5683038718982498
25882,LOF,0.07225761658848241,0.023525847949147388,0.9042165354623701
25883,LOF,0.09014262222072728,0.046250715190261055,0.8636066625890116
25884,LOF,0.04246515360218451,0.046997087529595076,0.9105377588682204
25885,LOF,0.058032221398554476,0.03306993710209125,0.9088978414993543
25886,LOF,0.3708756460216406,0.11974541248665642,0.5093789414917029
25887,LOF,0.18542233333273417,0.20004771755700562,0.6145299491102603
25888,LOF,0.0749102462411887,0.1249867817805533,0.8001029719782581
25889,LOF,0.037434503218626354,0.04989819825305574,0.9126672985283178
25890,LOF,0.06299188198624356,0.12629446544031106,0.8107136525734454
25891,LOF,0.061046459314948634,0.05370565122860257,0.8852478894564488
25892,LOF,0.09985425015793303,0.02732059057363229,0.8728251592684346
25893,LOF,0.32131006935076656,0.015771851859533517,0.6629180787897
25894,LOF,0.18010832613323585,0.007682334249193156,0.812209339617571
25895,LOF,0.22427227467849697,0.017790413119701136,0.7579373122018019
25896,LOF,0.048478252392869174,0.022001802199461917,0.9295199454076689
25897,LOF,0.24927771471474025,0.018932765130590213,0.7317895201546697
25898,Neutral,0.7898453558354644,0.012632339623567397,0.19752230454096809
25899,LOF,0.26302014737275303,0.04879922440406776,0.6881806282231792
25900,Neutral,0.6083533477703278,0.016512555512301248,0.37513409671737086
25901,LOF,0.04703013296634228,0.013219539336893368,0.9397503276967643
25902,LOF,0.16480543622052504,0.013444267187429075,0.8217502965920459
25903,Neutral,0.625913374801744,0.030601873734376638,0.3434847514638794
25904,LOF,0.25685092407982646,0.044974177645841565,0.698174898274332
25905,LOF,0.02854645388792361,0.37044923011161046,0.601004316000466
25906,LOF,0.02350838667798541,0.07323346523168882,0.9032581480903258
25907,LOF,0.012235778885147854,0.40082408340472453,0.5869401377101275
25908,LOF,0.011758099227131068,0.26952590196124676,0.7187159988116222
25909,LOF,0.015079538257512381,0.14595467061829226,0.8389657911241953
25910,LOF,0.029896467649712054,0.3214796834316157,0.6486238489186722
25911,LOF,0.07578423279767003,0.06249875806237787,0.8617170091399522
25912,LOF,0.03908028465041086,0.11977828227895343,0.8411414330706357
25913,LOF,0.24556150581928687,0.05718825479880252,0.6972502393819107
25914,LOF,0.025888039334766716,0.12042962412675369,0.8536823365384797
25915,Neutral,0.43709033442312084,0.18916323783283984,0.3737464277440393
25916,LOF,0.0500220027209343,0.2753931605538346,0.6745848367252311
25917,LOF,0.05884337616862428,0.056420369959890485,0.8847362538714852
25918,LOF,0.03419168988024274,0.06508811093376574,0.9007201991859914
25919,LOF,0.029470306458509593,0.0696385547081971,0.9008911388332933
25920,GOF,0.10208038381234408,0.5379795654229195,0.3599400507647365
25921,LOF,0.032390437500978135,0.026005330983942962,0.9416042315150789
25922,LOF,0.04727668700330149,0.017985066744208557,0.9347382462524899
25923,LOF,0.3937511591759298,0.019796865354047885,0.5864519754700224
25924,LOF,0.041079931750293425,0.02368297032548115,0.9352370979242255
25925,LOF,0.06835797782446747,0.0330977592906297,0.8985442628849029
25926,LOF,0.04851024662854304,0.01796221182167827,0.9335275415497787
25927,LOF,0.07379766372431691,0.051899031957917285,0.8743033043177658
25928,LOF,0.02494644351537978,0.01937978735573274,0.9556737691288875
25929,Neutral,0.5349388823016938,0.02254616677631739,0.4425149509219888
25930,LOF,0.07050974728681686,0.014714453352280431,0.9147757993609027
25931,LOF,0.029954431259223823,0.016338004687525914,0.9537075640532502
25932,LOF,0.02814575974269392,0.014224930826071938,0.9576293094312341
25933,LOF,0.0387603015291676,0.009318415584870175,0.9519212828859623
25934,LOF,0.025948456745821486,0.01293539554574996,0.9611161477084287
25935,LOF,0.06917329495023075,0.02681869948128041,0.9040080055684888
25936,LOF,0.04342665699830116,0.015376862749852527,0.9411964802518462
25937,LOF,0.03366010064413954,0.021304486502801926,0.9450354128530585
25938,LOF,0.06683436118973847,0.035840234445206315,0.8973254043650551
25939,LOF,0.04190425827080042,0.0099061460757265,0.948189595653473
25940,LOF,0.023669139619192134,0.43648676389890884,0.539844096481899
25941,LOF,0.1411163226360213,0.11437091375327184,0.7445127636107068
25942,LOF,0.013176481235687588,0.05387912318773503,0.9329443955765773
25943,LOF,0.323476138777744,0.10571886419667045,0.5708049970255855
25944,Neutral,0.5015618270071474,0.05653906678198631,0.4418991062108663
25945,LOF,0.06907749695333462,0.04188825025813422,0.8890342527885312
25946,LOF,0.03487996915920078,0.13442548534648247,0.8306945454943168
25947,LOF,0.15176015134601198,0.133943923054609,0.714295925599379
25948,LOF,0.3854138657067762,0.014667230639100066,0.5999189036541238
25949,LOF,0.10873054861925624,0.059855198134913426,0.8314142532458304
25950,GOF,0.18933789885028138,0.41620630869165126,0.3944557924580673
25951,LOF,0.2561341533939124,0.14225107257318004,0.6016147740329076
25952,LOF,0.06190814455285771,0.37325994445110794,0.5648319109960344
25953,LOF,0.1652589606410944,0.09290577582830117,0.7418352635306045
25954,LOF,0.34548298590299553,0.23924651010865708,0.41527050398834736
25955,LOF,0.07498921870946525,0.08124683864429479,0.8437639426462399
25956,LOF,0.22029831129904615,0.05122133517664983,0.7284803535243041
25957,LOF,0.05288592782296739,0.017753299951851893,0.9293607722251807
25958,LOF,0.05862036401433687,0.028565815230042847,0.9128138207556202
25959,LOF,0.07277954371750528,0.3743629439305008,0.552857512351994
25960,LOF,0.022505735949552172,0.06050255242527126,0.9169917116251766
25961,LOF,0.04884993800559871,0.03947311220836618,0.9116769497860351
25962,LOF,0.06525178999715626,0.03999331417910242,0.8947548958237413
25963,LOF,0.06721663191476372,0.17454901518654375,0.7582343528986925
25964,LOF,0.03463811721154028,0.16255909859712164,0.802802784191338
25965,Neutral,0.4617971713696116,0.08157360729598455,0.4566292213344039
25966,LOF,0.3285809036509148,0.24649033069034515,0.4249287656587401
25967,LOF,0.016690842790275325,0.07439258004889532,0.9089165771608294
25968,LOF,0.04864820653069393,0.42931317544072967,0.5220386180285764
25969,LOF,0.028375046221706036,0.05924748753042329,0.9123774662478706
25970,LOF,0.06655736965905204,0.05674816696683737,0.8766944633741106
25971,LOF,0.08458538822418472,0.027653248218673217,0.8877613635571421
25972,LOF,0.0799999008421353,0.03116235600253746,0.8888377431553273
25973,LOF,0.08822935954334678,0.010218659293568308,0.901551981163085
25974,LOF,0.29154002045458827,0.02071590948089967,0.6877440700645121
25975,LOF,0.05450016246144375,0.03905249836887976,0.9064473391696766
25976,LOF,0.037876400997587815,0.023356748468796568,0.9387668505336155
25977,LOF,0.14255772463680857,0.16265248160386742,0.6947897937593241
25978,LOF,0.135295749861767,0.11008599542637182,0.7546182547118612
25979,LOF,0.13153474252297284,0.09821733033708055,0.7702479271399466
25980,LOF,0.14303985056604235,0.1864195331909271,0.6705406162430305
25981,LOF,0.17544653731117074,0.17802671454503277,0.6465267481437964
25982,LOF,0.36710589336445804,0.09970347064889311,0.5331906359866488
25983,LOF,0.3647110001104964,0.096803682821899,0.5384853170676046
25984,LOF,0.04354212776734553,0.12549440877886342,0.830963463453791
25985,LOF,0.022795655884677066,0.3523844558208339,0.624819888294489
25986,LOF,0.025236870382326762,0.3457066289997653,0.629056500617908
25987,LOF,0.08155289192585607,0.09015791677335964,0.8282891913007843
25988,LOF,0.10485549100328043,0.10607797507360114,0.7890665339231183
25989,LOF,0.024394261444310544,0.18108504180508153,0.7945206967506079
25990,LOF,0.03324701910636236,0.1665421395554295,0.8002108413382082
25991,LOF,0.18763539167149623,0.38478672565394667,0.42757788267455726
25992,LOF,0.3330083767629211,0.2750306677830903,0.3919609554539886
25993,LOF,0.028394012319378496,0.09720157718963805,0.8744044104909834
25994,LOF,0.0186379927549681,0.12952766764493218,0.8518343396000997
25995,LOF,0.031700493249860635,0.14659859707431766,0.8217009096758218
25996,GOF,0.2117267857482394,0.5618648971322274,0.22640831711953316
25997,GOF,0.07798991293782703,0.5349036788267715,0.3871064082354015
25998,Neutral,0.6348616482920715,0.03758558931411438,0.3275527623938141
25999,LOF,0.15709999675808703,0.0907551489191307,0.7521448543227822
26000,LOF,0.10231725311540689,0.03206135672210838,0.8656213901624847
26001,LOF,0.1990755339727287,0.03887021684311366,0.7620542491841575
26002,LOF,0.11741094833623895,0.03551699355420703,0.847072058109554
26003,GOF,0.00949369298326112,0.6469063048868574,0.3436000021298814
26004,GOF,0.02267011479498679,0.6503639617008035,0.32696592350420967
26005,GOF,0.010718986003587911,0.5181185184031977,0.4711624955932145
26006,Neutral,0.5148426605243411,0.2659548412840203,0.21920249819163848
26007,GOF,0.01800913122998845,0.6101701138975093,0.3718207548725023
26008,GOF,0.01782347870661908,0.5490774324223967,0.4330990888709841
26009,GOF,0.030612135389988897,0.6220520099566784,0.34733585465333267
26010,GOF,0.020717557874990477,0.7061277922278488,0.2731546498971606
26011,GOF,0.009692535272653029,0.5149679395912378,0.4753395251361092
26012,GOF,0.016261412666908184,0.5601069262953713,0.42363166103772054
26013,GOF,0.013160402480271732,0.694255598729855,0.2925839987898733
26014,LOF,0.04290383913032171,0.172369601711544,0.7847265591581343
26015,LOF,0.18138422097660067,0.011805695548664251,0.806810083474735
26016,LOF,0.26058221636811735,0.06267268850506767,0.6767450951268149
26017,LOF,0.16206550847800372,0.10330347160300958,0.7346310199189867
26018,LOF,0.0918946458110096,0.041115228399306245,0.866990125789684
26019,LOF,0.08895287816975303,0.02639117921480984,0.8846559426154371
26020,LOF,0.06200409501628017,0.11500840670665644,0.8229874982770634
26021,LOF,0.055133563533116756,0.14736963207732726,0.7974968043895561
26022,LOF,0.009891401851554174,0.06453811848838323,0.9255704796600626
26023,LOF,0.11891595011780727,0.029941793036627886,0.8511422568455649
26024,LOF,0.02825327154903395,0.13874071688598122,0.8330060115649848
26025,LOF,0.13850919055110616,0.0874821921670619,0.7740086172818319
26026,LOF,0.3192505229867921,0.018570099709105274,0.6621793773041027
26027,LOF,0.08908215221935832,0.01878444843555973,0.8921333993450818
26028,LOF,0.1928433017673583,0.09155855559407504,0.7155981426385666
26029,LOF,0.1164338432623892,0.1422632676980835,0.7413028890395272
26030,LOF,0.03161587959855879,0.05363304026266058,0.9147510801387805
26031,LOF,0.04085536740037797,0.12019177625747574,0.8389528563421463
26032,LOF,0.07951759922528844,0.05104736638161627,0.8694350343930952
26033,LOF,0.12750090061952635,0.054476515182043626,0.8180225841984301
26034,LOF,0.06856413963420027,0.11592230342269334,0.8155135569431063
26035,LOF,0.042858533247191834,0.10034920324297965,0.8567922635098285
26036,LOF,0.06161216792596073,0.1208583930461609,0.8175294390278783
26037,LOF,0.03500485518141758,0.09667665400626153,0.8683184908123208
26038,LOF,0.07783373517375732,0.05009259868031651,0.8720736661459262
26039,LOF,0.09549435803005672,0.10511044615194476,0.7993951958179984
26040,LOF,0.24791061997827557,0.09218904586773521,0.6599003341539892
26041,LOF,0.033687234872291,0.09358397683053209,0.8727287882971769
26042,LOF,0.03372396611481078,0.09558967371008681,0.8706863601751025
26043,LOF,0.07496422894218334,0.06261408605026267,0.862421685007554
26044,LOF,0.0328121573139751,0.05467565589011322,0.9125121867959117
26045,LOF,0.11492556784289061,0.07600890501737095,0.8090655271397383
26046,LOF,0.07928551075384631,0.06360985095087024,0.8571046382952834
26047,LOF,0.10386184282809961,0.07852346721659484,0.8176146899553055
26048,LOF,0.05726932433001868,0.04810499913414185,0.8946256765358395
26049,Neutral,0.9470701253895869,0.008201492818821304,0.04472838179159169
26050,Neutral,0.9293297448076525,0.009291629584487884,0.0613786256078597
26051,LOF,0.059018373420632694,0.3645723235511559,0.5764093030282114
26052,LOF,0.07557378224232897,0.4613409206896152,0.46308529706805573
26053,LOF,0.05783252758264304,0.415753260919623,0.5264142114977339
26054,LOF,0.05797222895032428,0.06084485817764256,0.8811829128720331
26055,LOF,0.07587669899724662,0.05138770183742798,0.8727355991653253
26056,LOF,0.063247260087544,0.05807388704630863,0.8786788528661473
26057,LOF,0.02772861214759329,0.02329105801570097,0.9489803298367057
26058,LOF,0.027927988143736135,0.020716791383407786,0.9513552204728561
26059,LOF,0.34279432412021343,0.07264265918689951,0.584563016692887
26060,LOF,0.026335467889790874,0.36340764205059434,0.6102568900596148
26061,LOF,0.017647678217105677,0.04283135456374838,0.9395209672191459
26062,LOF,0.01344979735226921,0.04330235002550771,0.943247852622223
26063,LOF,0.022756784113207168,0.02295029644167309,0.9542929194451198
26064,LOF,0.02391849157354025,0.03298996626084749,0.9430915421656123
26065,LOF,0.025581717272255684,0.024939982551460276,0.949478300176284
26066,LOF,0.020847594681922713,0.027728530587030044,0.9514238747310473
26067,LOF,0.022872850085447993,0.01901607692967653,0.9581110729848754
26068,LOF,0.055279688371126116,0.06682773774949015,0.8778925738793838
26069,LOF,0.41588939066831854,0.044997594058399315,0.5391130152732821
26070,Neutral,0.6392299609678675,0.022715926845851206,0.33805411218628134
26071,LOF,0.023196130573590306,0.028492292305751604,0.9483115771206581
26072,LOF,0.024331002051942423,0.05653178858918028,0.9191372093588772
26073,LOF,0.024804605570580892,0.02394539854027043,0.9512499958891486
26074,Neutral,0.8872330966448349,0.01096624179390583,0.10180066156125933
26075,LOF,0.04411648414580491,0.03981598560192794,0.9160675302522672
26076,LOF,0.04285097638155228,0.017598669965006853,0.9395503536534409
26077,LOF,0.010427295619590382,0.052043719522885404,0.9375289848575241
26078,LOF,0.014269382176114924,0.035209077588093184,0.9505215402357918
26079,LOF,0.05805326314763779,0.03801046694960174,0.9039362699027604
26080,LOF,0.05805326314763779,0.03801046694960174,0.9039362699027604
26081,LOF,0.03177540144870102,0.015208216076879152,0.9530163824744198
26082,LOF,0.02093892909201543,0.04009893663201905,0.9389621342759654
26083,LOF,0.1388180235567483,0.025703804326575326,0.8354781721166763
26084,LOF,0.027143584497535282,0.02871615158820516,0.9441402639142596
26085,LOF,0.022782336835117725,0.02586043028537139,0.951357232879511
26086,LOF,0.022646648462749525,0.028025520456787186,0.9493278310804634
26087,LOF,0.024462444188686955,0.021323043263975053,0.954214512547338
26088,LOF,0.025489899923407767,0.04700808799308654,0.9275020120835056
26089,LOF,0.04805037294190722,0.0482675866933279,0.9036820403647648
26090,LOF,0.04564819253900728,0.0389885918638362,0.9153632155971566
26091,LOF,0.037137672375451306,0.014642438340876284,0.9482198892836724
26092,LOF,0.027344258090118468,0.019769945889541146,0.9528857960203404
26093,LOF,0.03915267587713523,0.013666470825828171,0.9471808532970366
26094,LOF,0.04360296599565712,0.012492420222682574,0.9439046137816602
26095,LOF,0.03737299928987414,0.03692996641970426,0.9256970342904216
26096,LOF,0.01863001639912219,0.033313677517915946,0.9480563060829619
26097,LOF,0.011076876346983408,0.11407455720520265,0.874848566447814
26098,LOF,0.063964629343247,0.041646121880817864,0.8943892487759352
26099,LOF,0.023753042952309962,0.03278710124708901,0.943459855800601
26100,LOF,0.02431558059257892,0.031166970010069347,0.9445174493973517
26101,LOF,0.05877800402321745,0.030684804431433677,0.910537191545349
26102,LOF,0.02569494331635872,0.025655227384525036,0.9486498292991163
26103,Neutral,0.8797529919174644,0.04447209484706849,0.07577491323546709
26104,LOF,0.054445241260642534,0.080408876241105,0.8651458824982525
26105,LOF,0.21301197936692995,0.23235558959349875,0.5546324310395713
26106,LOF,0.13313744724443521,0.13790469438791678,0.728957858367648
26107,LOF,0.22508088292954337,0.14876073665447948,0.6261583804159772
26108,LOF,0.17806688897863682,0.1824452572848128,0.6394878537365504
26109,LOF,0.06384026840472298,0.17643599997728376,0.7597237316179933
26110,LOF,0.2982836578693287,0.017690599369655682,0.6840257427610156
26111,LOF,0.4386552411241112,0.030732613206900697,0.5306121456689882
26112,LOF,0.04054136765415288,0.018980515022344456,0.9404781173235026
26113,LOF,0.06355753866496253,0.04406103216842992,0.8923814291666075
26114,LOF,0.021581102520479553,0.022145600303560768,0.9562732971759598
26115,LOF,0.1023559466136205,0.03325296755071856,0.8643910858356609
26116,LOF,0.05436520657948391,0.056474751613001375,0.8891600418075147
26117,LOF,0.3145385384463363,0.07992665867811943,0.6055348028755442
26118,LOF,0.03782906907686907,0.04094045183598715,0.9212304790871437
26119,LOF,0.021720726120078856,0.06815316348712465,0.9101261103927965
26120,LOF,0.028977845396240987,0.03293084156365844,0.9380913130401006
26121,LOF,0.053567089989135674,0.10051034274444716,0.8459225672664172
26122,LOF,0.061620611444598385,0.053616170373541584,0.88476321818186
