feature0,prediction,LoGoFunc_Neutral,LoGoFunc_GOF,LoGoFunc_LOF
25546,Neutral,0.6365964159704591,0.0573629763596825,0.30604060766985836
25547,Neutral,0.5255607032051355,0.0862389366746188,0.38820036012024584
25548,Neutral,0.5179740806144287,0.07704360072507963,0.4049823186604917
25549,LOF,0.4592586827869468,0.07553385855027797,0.4652074586627752
25550,LOF,0.39606661574379826,0.09250930566329196,0.5114240785929097
25551,LOF,0.3286986527771472,0.10805978654880216,0.5632415606740506
25552,LOF,0.31929257250988585,0.10840058059621376,0.5723068468939004
25553,Neutral,0.7867248688626413,0.04980953983376904,0.1634655913035896
25554,LOF,0.35332560339967223,0.1021334247267902,0.5445409718735377
25555,LOF,0.30545840815830727,0.09448500533252871,0.600056586509164
25556,Neutral,0.4718880962522195,0.09087848102331975,0.4372334227244608
25557,LOF,0.3006067242488859,0.10116519304499776,0.5982280827061164
25558,LOF,0.3543945102043243,0.09866132406115902,0.5469441657345167
25559,LOF,0.22117633289504326,0.048682695976584076,0.7301409711283726
25560,LOF,0.0981995703883039,0.14318480146588208,0.7586156281458141
25561,LOF,0.10835503396804558,0.20025249810938814,0.6913924679225663
25562,LOF,0.03927742553956816,0.11311694604679912,0.8476056284136327
25563,LOF,0.00942217174870788,0.17510301148506885,0.8154748167662234
25564,LOF,0.09331103746192726,0.12868141193031898,0.7780075506077538
25565,LOF,0.1894296146907199,0.15806769141081853,0.6525026938984616
25566,GOF,0.05254477107322678,0.6594729521162919,0.2879822768104814
25567,LOF,0.04907140522130361,0.1513843535736823,0.7995442412050141
25568,LOF,0.06100176570391782,0.09813486616825444,0.8408633681278277
25569,LOF,0.061434610076736194,0.08953416624638529,0.8490312236768784
25570,LOF,0.028250690456188464,0.13654987719344164,0.8351994323503699
25571,LOF,0.027517084467694124,0.13856002660962205,0.8339228889226838
25572,LOF,0.06381625120668888,0.17770585176352235,0.7584778970297889
25573,LOF,0.07146996338530683,0.12395967170177015,0.8045703649129231
25574,LOF,0.07306508616739202,0.23047842203288782,0.6964564917997201
25575,LOF,0.024956857972932026,0.1479957707842629,0.827047371242805
25576,LOF,0.028729113237380324,0.20959676701115987,0.7616741197514598
25577,LOF,0.035311206201141664,0.16076802870606116,0.8039207650927972
25578,LOF,0.307866964967454,0.09795270791771338,0.5941803271148326
25579,LOF,0.211592858724277,0.10029760560475162,0.6881095356709714
25580,LOF,0.02408172742861313,0.09697164207907051,0.8789466304923164
25581,LOF,0.048744487634427514,0.0968878104077068,0.8543677019578657
25582,LOF,0.04831079806956489,0.09498597385096771,0.8567032280794674
25583,LOF,0.027918855834254717,0.1041579292754896,0.8679232148902556
25584,Neutral,0.7132590656381438,0.11272080568189513,0.17402012867996114
25585,LOF,0.020671920835089615,0.1820083025429966,0.7973197766219139
25586,LOF,0.01929560598187281,0.10938046190668417,0.8713239321114431
25587,LOF,0.019719728865519284,0.09731208974209042,0.8829681813923903
25588,LOF,0.023141011784279946,0.09381021048660108,0.8830487777291189
25589,Neutral,0.5419484778667937,0.2189551275009682,0.23909639463223806
25590,LOF,0.05458042424684365,0.13199543446228307,0.8134241412908733
25591,LOF,0.07956534958055425,0.08890335732904822,0.8315312930903975
25592,LOF,0.06759574226586086,0.18092873781757499,0.7514755199165641
25593,LOF,0.10413277224599933,0.29194605824949127,0.6039211695045094
25594,LOF,0.05739431341036671,0.043865268430455066,0.8987404181591782
25595,LOF,0.0573365947447092,0.02905935786237449,0.9136040473929163
25596,LOF,0.12685036395461607,0.01669307977993724,0.8564565562654466
25597,LOF,0.09150378052598336,0.01863745561876855,0.8898587638552481
25598,LOF,0.049087645746566426,0.029243267395266444,0.9216690868581672
25599,LOF,0.025355950830352154,0.34090883605416183,0.633735213115486
25600,LOF,0.19279268252635787,0.3469300276265094,0.4602772898471326
25601,LOF,0.050299294251894514,0.26467199784295087,0.6850287079051547
25602,LOF,0.03281070521359574,0.07410074828600403,0.8930885465004003
25603,LOF,0.045257457259010765,0.07234330891505611,0.8823992338259331
25604,LOF,0.04272727158170986,0.13146219591636682,0.8258105325019233
25605,LOF,0.03663498778149482,0.21302839418679104,0.750336618031714
25606,Neutral,0.4293871752317431,0.21863746364788061,0.3519753611203762
25607,LOF,0.027897181835226867,0.2702048011064828,0.7018980170582904
25608,LOF,0.035438701171461244,0.12374635072861026,0.8408149480999285
25609,GOF,0.14195530616913934,0.5295907774087619,0.32845391642209865
25610,LOF,0.017767838019276082,0.05537528028981267,0.9268568816909113
25611,LOF,0.013237536583436323,0.054998113245305694,0.9317643501712579
25612,LOF,0.04884099674295748,0.06996886000936688,0.8811901432476758
25613,LOF,0.04659461199371224,0.06914799345558861,0.8842573945506992
25614,LOF,0.021676903811331395,0.05204410975823012,0.9262789864304385
25615,LOF,0.04200714441756715,0.05328633042396103,0.9047065251584718
25616,LOF,0.059965649615862295,0.058115908452405475,0.8819184419317323
25617,LOF,0.05167159709382103,0.060618658640720975,0.887709744265458
25618,LOF,0.052940331769488654,0.09421154869355906,0.8528481195369523
25619,LOF,0.014378650349763492,0.07220279892692398,0.9134185507233125
25620,LOF,0.05533126425035103,0.06523679913031734,0.8794319366193317
25621,LOF,0.06207705427727782,0.043037947442629634,0.8948849982800926
25622,LOF,0.07374313364626756,0.0590762637622693,0.8671806025914631
25623,LOF,0.06194615351799691,0.05117578159724537,0.8868780648847577
25624,LOF,0.021518530010364252,0.06369253957300446,0.9147889304166313
25625,LOF,0.06817285195880014,0.05478868302723775,0.8770384650139621
25626,LOF,0.04962621002150054,0.06305527777299882,0.8873185122055006
25627,Neutral,0.8800593280307621,0.025933497227202677,0.0940071747420351
25628,LOF,0.16436295184097113,0.07437273332425495,0.7612643148347739
25629,LOF,0.07221223009990008,0.07242444510675418,0.8553633247933456
25630,LOF,0.2636369906459824,0.08564531736835855,0.6507176919856591
25631,Neutral,0.5387160268361847,0.06709421193765594,0.39418976122615934
25632,LOF,0.031522634920630926,0.08766903483242111,0.8808083302469479
25633,LOF,0.21255011516813818,0.06749963335421909,0.7199502514776427
25634,LOF,0.04373303398221152,0.12037432408407021,0.8358926419337183
25635,LOF,0.037560567879948575,0.05495147808682558,0.9074879540332257
25636,GOF,0.031079137633906607,0.576118768250996,0.3928020941150974
25637,GOF,0.05644315916526032,0.545846339583764,0.3977105012509756
25638,GOF,0.030338438512238122,0.4928538642022001,0.4768076972855619
25639,LOF,0.036558992048142995,0.45654058106148504,0.5069004268903721
25640,Neutral,0.8647579649569975,0.07432244216610213,0.06091959287690027
25641,GOF,0.10602885905582418,0.4673722249378077,0.426598916006368
25642,LOF,0.0851255622738045,0.18028021712626033,0.7345942205999352
25643,LOF,0.35762567145931956,0.1198244713452983,0.522549857195382
25644,GOF,0.01082523191073961,0.6484781508055042,0.34069661728375605
25645,GOF,0.011492906691599974,0.6275919423976122,0.36091515091078785
25646,LOF,0.028330165595736315,0.4606078963359859,0.5110619380682777
25647,LOF,0.011559858937540553,0.3533645358433285,0.6350756052191309
25648,LOF,0.01240984636333502,0.41237909518385174,0.5752110584528133
25649,LOF,0.008175446824297671,0.35062140268960235,0.6412031504860999
25650,GOF,0.024040169993727798,0.6074659445922594,0.36849388541401285
25651,LOF,0.009715031978000624,0.42723985843442686,0.5630451095875725
25652,LOF,0.013571197800184061,0.43691233992074235,0.5495164622790736
25653,GOF,0.04168483275291319,0.5905476671966793,0.36776750005040765
25654,LOF,0.011367335308446844,0.33699356780646084,0.6516390968850923
25655,GOF,0.13188252691627617,0.6168510542767617,0.25126641880696204
25656,LOF,0.35410839366572144,0.12264323304747438,0.5232483732868042
25657,LOF,0.05604250075881733,0.11959600851932593,0.8243614907218568
25658,LOF,0.31298789067266297,0.1786483307553258,0.5083637785720113
25659,Neutral,0.4923240092134069,0.18097891929535104,0.3266970714912421
25660,LOF,0.022243198883229537,0.11384859704845567,0.8639082040683148
25661,LOF,0.0675120954919151,0.07423791286337332,0.8582499916447116
25662,LOF,0.0285914586193752,0.037968683771682214,0.9334398576089425
25663,LOF,0.032539788554812786,0.03922396986094452,0.9282362415842428
25664,LOF,0.1128460656201191,0.06198378774494611,0.8251701466349347
25665,LOF,0.061611115437309696,0.0314561784930854,0.9069327060696049
25666,LOF,0.07933225867724442,0.05903804720462526,0.8616296941181302
25667,LOF,0.06974476191956788,0.04180180831918713,0.888453429761245
25668,LOF,0.028747992007627725,0.05526965778161671,0.9159823502107555
25669,LOF,0.02209462033625155,0.05268396006110707,0.9252214196026414
25670,LOF,0.11756205450191053,0.04148981931031881,0.8409481261877706
25671,LOF,0.0961829856896782,0.03895709377226769,0.8648599205380542
25672,LOF,0.05019232309007911,0.046524891643316725,0.9032827852666041
25673,LOF,0.08293681098346244,0.0429590696662592,0.8741041193502783
25674,LOF,0.07999865989812407,0.05496856177554782,0.8650327783263282
25675,LOF,0.0804469950016618,0.06387021291979185,0.8556827920785464
25676,LOF,0.016968069563397706,0.05924021846250222,0.9237917119741
25677,LOF,0.016844460566383734,0.09045992844315111,0.8926956109904651
25678,LOF,0.17101203657961947,0.09560143460235755,0.733386528818023
25679,LOF,0.111713691581158,0.091971076198728,0.796315232220114
25680,LOF,0.026728592236531273,0.13830539728673444,0.8349660104767342
25681,LOF,0.041858478781606576,0.12664641794339881,0.8314951032749947
25682,LOF,0.1047341047749097,0.07726815754253684,0.8179977376825536
25683,LOF,0.0985603805116096,0.09033915379332601,0.8111004656950643
25684,LOF,0.027329269796021988,0.06797308382349766,0.9046976463804803
25685,LOF,0.11788532309684577,0.08312959748662772,0.7989850794165264
25686,LOF,0.07209968025984685,0.11834725265013589,0.8095530670900172
25687,LOF,0.11799592732989475,0.1238175628438543,0.758186509826251
25688,LOF,0.4281236879624938,0.03392969214270156,0.5379466198948046
25689,LOF,0.2777525352176811,0.04340489244696734,0.6788425723353515
25690,LOF,0.36455706604373006,0.02741861717594983,0.6080243167803201
25691,Neutral,0.6980561184570863,0.02929567150984101,0.2726482100330727
25692,LOF,0.35991319665935023,0.01362579142980019,0.6264610119108495
25693,GOF,0.044474926104197905,0.48920148568465277,0.46632358821114944
25694,LOF,0.11952770839861022,0.016206730705051603,0.8642655608963382
25695,LOF,0.10853468184506328,0.011094432901906868,0.8803708852530299
25696,LOF,0.12510369720694278,0.012433140205750193,0.862463162587307
25697,LOF,0.05822816169129019,0.12598854614812907,0.8157832921605807
25698,LOF,0.2572199616498217,0.28138899014584895,0.4613910482043293
25699,Neutral,0.5026577241193729,0.04393302460712327,0.45340925127350373
25700,LOF,0.07266391310501816,0.011815036902729628,0.9155210499922523
25701,LOF,0.18265456145535544,0.039168384173390476,0.7781770543712541
25702,GOF,0.21724236331982288,0.6048505657407204,0.17790707093945665
25703,LOF,0.01550597065478464,0.1380755247193122,0.8464185046259032
25704,LOF,0.03304430862391371,0.13377718274105477,0.8331785086350315
25705,LOF,0.04037369474385777,0.076069686943526,0.8835566183126163
25706,LOF,0.09844716495785145,0.43763891689478807,0.46391391814736044
25707,LOF,0.07692021409082671,0.36619226838390667,0.5568875175252667
25708,LOF,0.03600650805776083,0.3591743655753374,0.6048191263669018
25709,LOF,0.07021523225483628,0.03246221904603808,0.8973225486991256
25710,LOF,0.013985242308405272,0.11773815896689575,0.868276598724699
25711,LOF,0.02087245759575398,0.068166632045421,0.910960910358825
25712,LOF,0.016587377889593958,0.1408210780129803,0.8425915440974256
25713,LOF,0.017583049056654088,0.06118755080661165,0.9212294001367343
25714,LOF,0.07622569949987504,0.04650983612353952,0.8772644643765853
25715,LOF,0.01120212317680441,0.09574779083297227,0.8930500859902234
25716,LOF,0.011084784397468399,0.08389765091470933,0.9050175646878222
25717,LOF,0.01644385429629968,0.05803396398814147,0.9255221817155588
25718,LOF,0.011336598195306828,0.043707353720408494,0.9449560480842846
25719,LOF,0.021851503971764302,0.05856985245782268,0.9195786435704131
25720,LOF,0.025471915864041315,0.04069265420574564,0.9338354299302131
25721,LOF,0.011342738256780392,0.054841972991479734,0.9338152887517399
25722,LOF,0.01323286744595037,0.04849107576135436,0.9382760567926952
25723,LOF,0.024522039535354954,0.033181082791132334,0.9422968776735128
25724,LOF,0.032200716334603335,0.06307074632645365,0.904728537338943
25725,LOF,0.011547237751520936,0.05762483842912274,0.9308279238193563
25726,LOF,0.017009562797642288,0.06603145016053583,0.9169589870418219
25727,LOF,0.013708288711399555,0.050012076877455416,0.9362796344111449
25728,LOF,0.010376803430194393,0.06525948851640741,0.9243637080533982
25729,LOF,0.010769725595346629,0.06442869990959252,0.9248015744950608
25730,LOF,0.014420137520184765,0.06871453479805752,0.9168653276817577
25731,LOF,0.018761596625203332,0.07813396359434022,0.9031044397804564
25732,LOF,0.012530079570640304,0.04563526881567605,0.9418346516136837
25733,LOF,0.014088728977564498,0.05003664722578869,0.9358746237966469
25734,LOF,0.012363793269017058,0.10539781379875567,0.8822383929322273
25735,LOF,0.011099221915101674,0.04851504444131372,0.9403857336435846
25736,LOF,0.012169821939261683,0.05190023208715687,0.9359299459735815
25737,LOF,0.012377954375131525,0.07947349689137392,0.9081485487334946
25738,LOF,0.01235731267043978,0.08298820563688625,0.904654481692674
25739,LOF,0.021041467449108495,0.05837167561400505,0.9205868569368866
25740,LOF,0.029905179810273273,0.1032423601022253,0.8668524600875015
25741,LOF,0.015212394887031822,0.09133056222374004,0.8934570428892281
25742,LOF,0.11727796417508127,0.06565754876233387,0.8170644870625849
25743,LOF,0.04556218203404434,0.0541356480203853,0.9003021699455703
25744,Neutral,0.6367458998617992,0.2092355606327997,0.15401853950540104
25745,LOF,0.06798321831240521,0.0749152006954535,0.8571015809921413
25746,LOF,0.048402530139635525,0.10281164804233696,0.8487858218180276
25747,LOF,0.019240729635185527,0.09683931487393205,0.8839199554908825
25748,LOF,0.1156596544023371,0.1589646384869658,0.7253757071106972
25749,LOF,0.029881882539890124,0.09490933977437055,0.8752087776857393
25750,LOF,0.08341010504935248,0.10989347062923747,0.80669642432141
25751,LOF,0.10613999925428431,0.1349115641257235,0.7589484366199922
25752,GOF,0.1064224346084388,0.6226101633820803,0.27096740200948094
25753,LOF,0.027611659427877203,0.3550764652251495,0.6173118753469732
25754,GOF,0.018754273643682477,0.8015483751690292,0.17969735118728833
25755,LOF,0.032523998772181414,0.3806033873111559,0.5868726139166628
25756,LOF,0.05689087613199037,0.42901873515207145,0.5140903887159383
25757,GOF,0.020122817373992605,0.8781015111161107,0.10177567150989676
25758,GOF,0.024761000227441186,0.799809980889624,0.17542901888293497
25759,GOF,0.011308644868157393,0.6518250022459426,0.3368663528858999
25760,LOF,0.017091517222590124,0.35193061627070854,0.6309778665067013
25761,GOF,0.2665585175068684,0.6484091920635214,0.08503229042961026
25762,LOF,0.05227140063473541,0.3622933496833637,0.585435249681901
25763,LOF,0.01613590409750399,0.26171951071072547,0.7221445851917705
25764,GOF,0.0738921921715896,0.6980876367467965,0.22802017108161388
25765,GOF,0.03467758419366294,0.7704714926476223,0.19485092315871483
25766,GOF,0.0729551228754928,0.7943943403851363,0.13265053673937086
25767,GOF,0.15228058556205204,0.44560072374263804,0.40211869069530987
25768,LOF,0.10649363944271578,0.03701018719934693,0.8564961733579373
25769,LOF,0.05194127890374245,0.06406323365356847,0.8839954874426891
25770,LOF,0.2977977087090461,0.1045060522032095,0.5976962390877444
25771,LOF,0.05895817623079574,0.05273759347371097,0.8883042302954932
25772,LOF,0.01882477525992105,0.05245640598046195,0.9287188187596169
25773,LOF,0.06401073929170537,0.06965813272180123,0.8663311279864935
25774,LOF,0.028978339133332465,0.12302453808448036,0.8479971227821872
25775,LOF,0.05983558654322521,0.061416575930950436,0.8787478375258243
25776,LOF,0.07061909252155171,0.03630665401302886,0.8930742534654194
25777,LOF,0.3237702602164964,0.10480635382499355,0.57142338595851
25778,LOF,0.07110176753760868,0.04865653554793691,0.8802416969144543
25779,GOF,0.4312301787231613,0.5300993172410285,0.038670504035810155
25780,GOF,0.32756834597981516,0.581220079295078,0.09121157472510683
25781,GOF,0.12251629273451319,0.7677125951522126,0.10977111211327424
25782,GOF,0.20383507618043123,0.726414745081073,0.06975017873849583
25783,GOF,0.02445280623924782,0.6914814929595765,0.28406570080117555
25784,Neutral,0.5388400839702424,0.4198177279332071,0.04134218809655047
25785,Neutral,0.5095068715956375,0.44252591666936386,0.04796721173499871
25786,GOF,0.03505852641804915,0.7564418635894867,0.20849960999246406
25787,Neutral,0.6828660254322257,0.2903295881772862,0.026804386390488065
25788,LOF,0.05270016571094839,0.08997320609997361,0.8573266281890779
25789,GOF,0.21392306695526778,0.6365343456442296,0.14954258740050264
25790,GOF,0.29162335616609586,0.6184774114529238,0.08989923238098028
25791,GOF,0.16198938096848253,0.6612827086297707,0.17672791040174676
25792,GOF,0.3842332203407009,0.48510837910582966,0.1306584005534695
25793,GOF,0.27375511626864385,0.4792960824613596,0.24694880126999666
25794,GOF,0.29677642458169895,0.4876349568545569,0.21558861856374423
25795,GOF,0.06580855435995042,0.6434258078601448,0.2907656377799048
25796,Neutral,0.5220550191912945,0.3943474766222507,0.08359750418645466
25797,GOF,0.0777760189332565,0.5507939208663539,0.37143006020038943
25798,GOF,0.009517827939005297,0.5190134341758694,0.47146873788512517
25799,LOF,0.0077951293503249405,0.4535890371256749,0.5386158335240001
25800,GOF,0.040403184375168925,0.6103188410925882,0.34927797453224285
25801,GOF,0.26398458096029515,0.6410844232496482,0.09493099579005675
25802,GOF,0.07443668458181722,0.666181776978963,0.25938153843921985
25803,GOF,0.04767585720798189,0.5719291335123432,0.38039500927967485
25804,GOF,0.03860704834480384,0.4961757243999019,0.4652172272552944
25805,GOF,0.13419819867927468,0.5885012556798966,0.2773005456408286
25806,GOF,0.1372682728807259,0.6069100947063932,0.2558216324128808
25807,GOF,0.019468274312487484,0.6357636575781617,0.344768068109351
25808,GOF,0.12364757484978398,0.5749507812609296,0.3014016438892865
25809,GOF,0.019142396723747054,0.6364051169077901,0.34445248636846293
25810,GOF,0.021032115073286943,0.6318766485744525,0.3470912363522605
25811,Neutral,0.5147632731137188,0.42030932488189265,0.06492740200438855
25812,GOF,0.03574634452664491,0.5998983111971545,0.36435534427620053
25813,Neutral,0.5798956407544593,0.3055698788289468,0.1145344804165939
25814,GOF,0.14142498781460533,0.6308146471115904,0.22776036507380418
25815,GOF,0.2632305244842014,0.550824096769245,0.18594537874655348
25816,GOF,0.02060015862901803,0.683991091487111,0.295408749883871
25817,GOF,0.2110464391344987,0.6627825257276739,0.12617103513782732
25818,GOF,0.05053897032063513,0.5390836390481493,0.41037739063121553
25819,GOF,0.4061631499028873,0.44949871706439737,0.14433813303271528
25820,GOF,0.22151537430462678,0.58267584227294,0.19580878342243316
25821,GOF,0.06358520783344525,0.6749367520446873,0.2614780401218674
25822,GOF,0.24748432987849994,0.5256430155527201,0.22687265456877997
25823,LOF,0.03451087016251996,0.467423285544068,0.4980658442934119
25824,GOF,0.0816592327064153,0.5101683667989798,0.408172400494605
25825,GOF,0.03445197879632697,0.5059365028125447,0.4596115183911283
25826,LOF,0.011188588117167655,0.4912540330800022,0.49755737880283
25827,GOF,0.02221927588444124,0.5551796338628477,0.422601090252711
25828,LOF,0.012931652659383586,0.4837646064414276,0.5033037408991888
25829,GOF,0.006763828242145948,0.5269976131788843,0.4662385585789697
25830,LOF,0.0409766385229477,0.26995409635475676,0.6890692651222956
25831,GOF,0.16924603954234702,0.6965519919230464,0.13420196853460675
25832,GOF,0.031125213820135274,0.6786510452254663,0.2902237409543985
25833,GOF,0.10803540165254509,0.6911474444327175,0.2008171539147374
25834,GOF,0.03659057966168626,0.6753890079444824,0.28802041239383136
25835,GOF,0.08346135099744566,0.6635576365100264,0.25298101249252797
25836,GOF,0.04661411830019176,0.6468608681401389,0.3065250135596693
25837,GOF,0.02156757110108674,0.514429558657567,0.4640028702413463
25838,GOF,0.08553551422214806,0.7155690115066119,0.19889547427124005
25839,GOF,0.33489633231748533,0.5176073764670569,0.1474962912154578
25840,GOF,0.24088840012929458,0.582990002838114,0.17612159703259145
25841,GOF,0.2504805379858381,0.5820258194116154,0.16749364260254657
25842,GOF,0.18907143362563186,0.6141009801795937,0.19682758619477453
25843,GOF,0.2203965792231986,0.6417145134334219,0.1378889073433795
25844,GOF,0.061969272905984,0.6342408233309855,0.3037899037630305
25845,LOF,0.012276256072004249,0.4819440173435366,0.5057797265844591
25846,GOF,0.10999374364996085,0.7009466623951613,0.18905959395487779
25847,GOF,0.1334808761807995,0.7078149743764347,0.15870414944276573
25848,GOF,0.03557990900668685,0.6519683856710314,0.31245170532228167
25849,GOF,0.010065014061987908,0.5367896521679086,0.4531453337701036
25850,GOF,0.024487721435996177,0.5752569946218119,0.400255283942192
25851,LOF,0.02010516294961669,0.48742770992730877,0.49246712712307456
25852,GOF,0.1545256536303678,0.5477922533303768,0.2976820930392554
25853,GOF,0.3404211704374779,0.5726103148172922,0.08696851474522996
25854,GOF,0.016627326612667345,0.6365916701932751,0.3467810031940575
25855,GOF,0.03923414617533784,0.6083524503107156,0.3524134035139465
25856,GOF,0.22714358883958233,0.5778285236466413,0.19502788751377637
25857,GOF,0.03429104620504032,0.5151397686662733,0.45056918512868643
25858,GOF,0.016945008511432304,0.6030319999193964,0.38002299156917135
25859,GOF,0.008539971869123072,0.578674667223421,0.412785360907456
25860,GOF,0.3484190493472772,0.5691428483292135,0.08243810232350933
25861,GOF,0.37276666377881834,0.549281798831901,0.0779515373892807
25862,GOF,0.08838646149017207,0.7735725886333022,0.13804094987652565
25863,GOF,0.091493770994588,0.7811217506102999,0.12738447839511213
25864,GOF,0.20862567255920242,0.711879315373561,0.07949501206723664
25865,GOF,0.08405343842699063,0.7635301728060723,0.1524163887669371
25866,GOF,0.06610164144175794,0.8037411136520684,0.13015724490617367
25867,GOF,0.08880660470929047,0.8003066705172076,0.11088672477350202
25868,GOF,0.23380539004066117,0.6565944214152388,0.10960018854410003
25869,Neutral,0.6933024061633882,0.26825210172838787,0.03844549210822384
25870,LOF,0.3216165720965261,0.27306691900620017,0.4053165088972738
25871,GOF,0.25612332011694683,0.6020836132188372,0.1417930666642159
25872,GOF,0.0992903244068449,0.6068045756561495,0.29390509993700553
25873,GOF,0.16532634026512025,0.6408447894180984,0.19382887031678137
25874,LOF,0.021074430369176736,0.09315296173305987,0.8857726078977635
25875,LOF,0.08147118250315594,0.0626549558377166,0.8558738616591275
25876,LOF,0.020771121837697935,0.07036283396920917,0.9088660441930929
25877,Neutral,0.5017884273811203,0.05944796945706314,0.43876360316181656
25878,LOF,0.20324745434875316,0.11746780169255147,0.6792847439586954
25879,LOF,0.10445902302998132,0.12822578829577289,0.7673151886742458
25880,LOF,0.022359508497560302,0.023193222668437857,0.9544472688340019
25881,LOF,0.20556309437674727,0.19157922599479038,0.6028576796284624
25882,LOF,0.09293559651740259,0.023229973430789762,0.8838344300518076
25883,LOF,0.09011849290557182,0.03571881176382258,0.8741626953306055
25884,LOF,0.045607911778225436,0.04372913515581947,0.9106629530659551
25885,LOF,0.07416923842160045,0.016303750956491815,0.9095270106219078
25886,LOF,0.3872595009834869,0.08414919244232558,0.5285913065741875
25887,LOF,0.1838824925840195,0.12846506745043487,0.6876524399655457
25888,LOF,0.07074665344623746,0.10771225795146977,0.8215410886022928
25889,LOF,0.046449072681172376,0.038430694745067204,0.9151202325737605
25890,LOF,0.05331827089885862,0.16075850186518545,0.7859232272359559
25891,LOF,0.04279122566012615,0.07353300625002518,0.8836757680898487
25892,LOF,0.11872202873498273,0.020586933995980872,0.8606910372690364
25893,LOF,0.3064921375526243,0.014914424393470902,0.6785934380539048
25894,LOF,0.18682625463614305,0.009295756817612235,0.8038779885462446
25895,LOF,0.21289806663889607,0.01996200163801807,0.7671399317230858
25896,LOF,0.05184297965679503,0.026042465251145314,0.9221145550920598
25897,LOF,0.247840200062322,0.015315825867011626,0.7368439740706664
25898,Neutral,0.7182937928045339,0.010827764397324342,0.27087844279814177
25899,LOF,0.2929963564251327,0.03483463153389469,0.6721690120409726
25900,LOF,0.46619798819928465,0.018276861311140646,0.5155251504895747
25901,LOF,0.06237647748874702,0.013272636795118564,0.9243508857161344
25902,LOF,0.20032777747676195,0.011508009460033601,0.7881642130632044
25903,Neutral,0.5954453280205256,0.027597042684176544,0.37695762929529786
25904,LOF,0.28443515953858417,0.04601449068523281,0.6695503497761831
25905,LOF,0.02502121770503116,0.31729809704920514,0.6576806852457636
25906,LOF,0.02563239258176027,0.07661299277223743,0.8977546146460024
25907,LOF,0.012908445433270622,0.3315757581755783,0.6555157963911511
25908,LOF,0.011807020520034827,0.24560181922937604,0.7425911602505892
25909,LOF,0.01418828430737889,0.18631115500420548,0.7995005606884157
25910,LOF,0.05368820989941855,0.10807519223267678,0.8382365978679048
25911,LOF,0.11226526785214157,0.03854687585563498,0.8491878562922235
25912,LOF,0.03382380982050688,0.07816683338040753,0.8880093567990855
25913,LOF,0.26133825699055063,0.02600855865865909,0.7126531843507902
25914,LOF,0.027176934342468283,0.12973191762663977,0.8430911480308919
25915,Neutral,0.404053431300787,0.23452048612197654,0.36142608257723646
25916,LOF,0.061896134565147365,0.26295501375963876,0.6751488516752139
25917,LOF,0.06688476728498365,0.06286137815433346,0.8702538545606828
25918,LOF,0.037941552089455016,0.07655778623117988,0.8855006616793651
25919,LOF,0.030816436331167846,0.08053103488261465,0.8886525287862175
25920,GOF,0.09554858814091978,0.5199726023157599,0.3844788095433202
25921,LOF,0.03662558583985845,0.025539767957176322,0.9378346462029653
25922,LOF,0.045485462645885766,0.017876036649196767,0.9366385007049176
25923,LOF,0.4131275181672826,0.015655783220952076,0.5712166986117654
25924,LOF,0.04450466904124507,0.02765056875021415,0.9278447622085407
25925,LOF,0.06866254499347163,0.024810170813848665,0.9065272841926797
25926,LOF,0.04996220638927037,0.01700314968536896,0.9330346439253607
25927,LOF,0.07730673977544605,0.05396353592052608,0.8687297243040278
25928,LOF,0.02687001172627937,0.023553239446999184,0.9495767488267215
25929,Neutral,0.5537574067995791,0.01741539268016604,0.4288272005202548
25930,LOF,0.06556035338859396,0.012721483501396668,0.9217181631100094
25931,LOF,0.036663302713067905,0.01935303931577034,0.9439836579711617
25932,LOF,0.03181637167144389,0.01676141223522781,0.9514222160933283
25933,LOF,0.039950557395821054,0.011662464249439503,0.9483869783547394
25934,LOF,0.027057952348356618,0.013936328327146266,0.9590057193244972
25935,LOF,0.06353216085665339,0.0269446007774585,0.9095232383658882
25936,LOF,0.05003882608117319,0.016632902554017247,0.9333282713648097
25937,LOF,0.03892098158442754,0.021492165871662167,0.9395868525439103
25938,LOF,0.06559509558847236,0.030770624179258618,0.903634280232269
25939,LOF,0.04069856366676076,0.010829594448936098,0.9484718418843032
25940,LOF,0.023446024638389282,0.38068362466369077,0.5958703506979199
25941,LOF,0.16185819716720057,0.08948917595139613,0.7486526268814033
25942,LOF,0.013022718724159365,0.029252113173974588,0.957725168101866
25943,LOF,0.3330813265547855,0.07197254561273084,0.5949461278324836
25944,Neutral,0.5109917152471147,0.03952821567442055,0.44948006907846466
25945,LOF,0.0665678654957294,0.02893752812836688,0.9044946063759036
25946,LOF,0.03091951408507568,0.1800733785614871,0.7890071073534373
25947,LOF,0.11012035513308567,0.21400819255083153,0.6758714523160828
25948,LOF,0.40516265339378715,0.014808077190089124,0.5800292694161236
25949,LOF,0.07745680734888757,0.06779793626610738,0.854745256385005
25950,GOF,0.2652253544294167,0.4502125252519051,0.2845621203186784
25951,LOF,0.27958284259759725,0.23707712564879893,0.48334003175360374
25952,GOF,0.05807793163739791,0.4920130527018664,0.44990901566073555
25953,LOF,0.13222478101509405,0.13425723768076167,0.7335179813041443
25954,LOF,0.3373687846514131,0.2732972233986248,0.3893339919499621
25955,LOF,0.06208367884849188,0.09306133486471303,0.844854986286795
25956,LOF,0.22059977214441429,0.052608686483913356,0.7267915413716723
25957,LOF,0.04796977745365784,0.02162399404635876,0.9304062284999833
25958,LOF,0.05791656037778855,0.02883767756454664,0.9132457620576647
25959,LOF,0.05356399819078376,0.33902043245356933,0.607415569355647
25960,LOF,0.01934649608791333,0.05234652772521089,0.9283069761868759
25961,LOF,0.047475604826956244,0.0384032563931539,0.9141211387798899
25962,LOF,0.05816518926082414,0.045041470312949965,0.8967933404262259
25963,LOF,0.04745898070486092,0.2012415761438374,0.7512994431513017
25964,LOF,0.03630919486049609,0.1559297760093579,0.8077610291301459
25965,LOF,0.45390154964195273,0.07540604796484024,0.4706924023932069
25966,Neutral,0.40710217266134063,0.18770551390116796,0.4051923134374914
25967,LOF,0.014263838602168077,0.07025107230529538,0.9154850890925366
25968,LOF,0.03462353853546753,0.4320846827502128,0.5332917787143197
25969,LOF,0.01905097997877244,0.07531867798822056,0.905630342033007
25970,LOF,0.05038954981560207,0.06889630479851001,0.880714145385888
25971,LOF,0.07248806163779269,0.02728286677799083,0.9002290715842165
25972,LOF,0.07459906068692533,0.03612436358707265,0.889276575726002
25973,LOF,0.09202194248183676,0.012700183115817583,0.8952778744023455
25974,LOF,0.2551687597509105,0.024476957346484605,0.7203542829026048
25975,LOF,0.05025597216162768,0.041275594294022055,0.9084684335443504
25976,LOF,0.04284586487188913,0.026247513331677404,0.9309066217964336
25977,LOF,0.13988828096664188,0.10222334650153536,0.7578883725318228
25978,LOF,0.11594292822385506,0.10104678049721715,0.7830102912789277
25979,LOF,0.12015787729715437,0.09314903427905784,0.7866930884237877
25980,LOF,0.14234375577956013,0.10572131044581987,0.75193493377462
25981,LOF,0.17578548335860877,0.102146146149,0.7220683704923913
25982,LOF,0.35629675401136907,0.07959554387503001,0.564107702113601
25983,LOF,0.3425681674641101,0.07578891518197503,0.5816429173539148
25984,LOF,0.05239491379191378,0.09796310958716577,0.8496419766209203
25985,LOF,0.02139120855459996,0.33464759468053484,0.6439611967648652
25986,LOF,0.026363684290667443,0.3028355812881652,0.6708007344211674
25987,LOF,0.08996618533931405,0.1300975669352492,0.7799362477254368
25988,LOF,0.11818588028801787,0.10022493966014945,0.7815891800518325
25989,LOF,0.02571586688330547,0.17772571055742573,0.7965584225592689
25990,LOF,0.03914741135446654,0.13849148330814323,0.8223611053373902
25991,GOF,0.12693259215755423,0.4841744426553737,0.38889296518707195
25992,LOF,0.28479249980019883,0.3248463076003151,0.39036119259948615
25993,LOF,0.02339844284192971,0.11937838923122476,0.8572231679268455
25994,LOF,0.014914637211836633,0.14465366492050655,0.8404316978676568
25995,LOF,0.026691130378376397,0.1919092517155121,0.7813996179061116
25996,GOF,0.18553171794877632,0.6088322845461224,0.20563599750510125
25997,GOF,0.060224642301158676,0.6098633962316731,0.3299119614671683
25998,Neutral,0.5752585633439079,0.01912705331668216,0.40561438333940997
25999,LOF,0.13314861059480182,0.1684455914048714,0.6984057980003269
26000,LOF,0.12621356452607232,0.040947851067811035,0.8328385844061166
26001,LOF,0.19468967911376775,0.03999372238198489,0.7653165985042474
26002,LOF,0.1543489828777478,0.04543205704993461,0.8002189600723175
26003,GOF,0.009812036037092544,0.6810198686428264,0.30916809532008094
26004,GOF,0.029133909665318387,0.7150494996851269,0.2558165906495547
26005,GOF,0.009891215365883816,0.5696448967680389,0.4204638878660774
26006,Neutral,0.5219952296354728,0.2933394722223109,0.18466529814221616
26007,GOF,0.01978704164116352,0.616909592168919,0.3633033661899174
26008,GOF,0.019669055335059436,0.6304077520823937,0.3499231925825469
26009,GOF,0.028881459585692406,0.6756409080364235,0.295477632377884
26010,GOF,0.025962612260706813,0.7606339891429201,0.21340339859637306
26011,GOF,0.009034144939665378,0.5468048240574573,0.4441610310028773
26012,GOF,0.016796911986578525,0.6167761739482119,0.36642691406520955
26013,GOF,0.01717677554569037,0.6957409229589762,0.2870823014953334
26014,LOF,0.03651829079083465,0.17446837373164364,0.7890133354775217
26015,LOF,0.16914380970212586,0.00908009176880734,0.8217760985290669
26016,LOF,0.25031446555894643,0.04312970563513537,0.7065558288059182
26017,LOF,0.18435123575430254,0.08464081688974055,0.731007947355957
26018,LOF,0.07407561344336837,0.0353689458771184,0.8905554406795132
26019,LOF,0.07390121104792786,0.026705029881028942,0.8993937590710432
26020,LOF,0.054509211604067985,0.12586590431787784,0.8196248840780542
26021,LOF,0.05137159981140781,0.15265015999023382,0.7959782401983584
26022,LOF,0.00950436007097799,0.07154861661961007,0.918947023309412
26023,LOF,0.10394000204413151,0.02529938952938822,0.8707606084264804
26024,LOF,0.02947617740665052,0.11766458300661353,0.8528592395867359
26025,LOF,0.12599572269725004,0.09870658172825904,0.7752976955744909
26026,LOF,0.31085325773551437,0.01789750346276919,0.6712492388017165
26027,LOF,0.07320850408725597,0.018782025130574326,0.9080094707821696
26028,LOF,0.16668776204888613,0.08840724414200105,0.7449049938091129
26029,LOF,0.10000265430609598,0.15824156390274466,0.7417557817911593
26030,LOF,0.03304320470587135,0.05936200980075565,0.907594785493373
26031,LOF,0.04108153634890299,0.12839579993360792,0.8305226637174891
26032,LOF,0.08152968740427355,0.04531845598287201,0.8731518566128544
26033,LOF,0.13358997116191557,0.050480042202283075,0.8159299866358014
26034,LOF,0.05768445058526058,0.1287816899421787,0.8135338594725607
26035,LOF,0.03806695182619537,0.11873027349933404,0.8432027746744707
26036,LOF,0.05660010488037776,0.14513623719786828,0.7982636579217539
26037,LOF,0.03295854584160344,0.10176590051212059,0.865275553646276
26038,LOF,0.07778591392638179,0.041686323824920386,0.8805277622486978
26039,LOF,0.08074590154488957,0.1175714647331744,0.801682633721936
26040,LOF,0.21914022304944394,0.0807814479153142,0.7000783290352419
26041,LOF,0.03327762169070927,0.09718172510685713,0.8695406532024336
26042,LOF,0.03237744685966406,0.09618306922611745,0.8714394839142184
26043,LOF,0.07675307651652737,0.05550096712559953,0.8677459563578731
26044,LOF,0.03037651300047522,0.07304300313746291,0.8965804838620619
26045,LOF,0.09377109811886804,0.08806084063985269,0.8181680612412793
26046,LOF,0.08106364217419484,0.059048913388386796,0.8598874444374184
26047,LOF,0.11861757338366476,0.06913826168937072,0.8122441649269646
26048,LOF,0.055473018628569876,0.05681297982521333,0.8877140015462169
26049,Neutral,0.951477367411708,0.00818711589055006,0.040335516697742047
26050,Neutral,0.9345884810202207,0.009077452134524733,0.056334066845254445
26051,LOF,0.04517028428743315,0.45624846694845983,0.4985812487641071
26052,LOF,0.06815744461685154,0.4586913168015966,0.4731512385815518
26053,LOF,0.06268641394239947,0.1758568417255914,0.7614567443320092
26054,LOF,0.056212937368922196,0.044217704871676616,0.8995693577594012
26055,LOF,0.07108868164961157,0.03059101751668663,0.8983203008337018
26056,LOF,0.06339555058719393,0.03623689446713513,0.9003675549456709
26057,LOF,0.031435741081682664,0.0197790164647979,0.9487852424535195
26058,LOF,0.03191183849255323,0.017735212015447078,0.9503529494919997
26059,LOF,0.27449905098635524,0.04637480907259022,0.6791261399410544
26060,LOF,0.026305045791333883,0.28832040827060496,0.6853745459380611
26061,LOF,0.01778861588952982,0.025836709730462874,0.9563746743800075
26062,LOF,0.011871758787448452,0.03752071264120274,0.9506075285713488
26063,LOF,0.021718252818101857,0.021391485553264335,0.9568902616286339
26064,LOF,0.02426125197082841,0.025522476990777143,0.9502162710383946
26065,LOF,0.025445721338137967,0.025403891730598347,0.9491503869312636
26066,LOF,0.020908951424179197,0.022922919385957745,0.956168129189863
26067,LOF,0.02548026639863201,0.01862743972830914,0.9558922938730589
26068,LOF,0.045775175570117024,0.05845811610435964,0.8957667083255233
26069,LOF,0.2607266528574942,0.03346524992767108,0.7058080972148347
26070,LOF,0.38624094134544085,0.022344870940708066,0.5914141877138511
26071,LOF,0.022975123161208092,0.025278075202256615,0.9517468016365354
26072,LOF,0.022285065945658124,0.03430290254511434,0.9434120315092276
26073,LOF,0.02398623737545433,0.019444853344238105,0.9565689092803075
26074,Neutral,0.9164164256690813,0.007767451186969762,0.07581612314394894
26075,LOF,0.04519259760526391,0.02807191631565927,0.9267354860790769
26076,LOF,0.044640579144198736,0.019112355093034158,0.9362470657627672
26077,LOF,0.010139878538713782,0.04115159175372817,0.948708529707558
26078,LOF,0.015978963703651747,0.025302216724711793,0.9587188195716364
26079,LOF,0.05315027632214868,0.03168162040411064,0.9151681032737408
26080,LOF,0.05317637094007982,0.03167604970345552,0.9151475793564647
26081,LOF,0.033494787642985975,0.013670251937564073,0.9528349604194499
26082,LOF,0.019291720194343494,0.036250862709779764,0.9444574170958767
26083,LOF,0.14691519104538103,0.021454234179599026,0.83163057477502
26084,LOF,0.027393861074777776,0.033275416671884085,0.9393307222533381
26085,LOF,0.023618250399697463,0.031768526108203965,0.9446132234920986
26086,LOF,0.025017055944878935,0.02449731805731846,0.9504856259978026
26087,LOF,0.024473726471146803,0.01727105829888047,0.9582552152299727
26088,LOF,0.018278617442577874,0.03977769146353589,0.9419436910938861
26089,LOF,0.04653822761689462,0.036639776185715005,0.9168219961973904
26090,LOF,0.04527567045035678,0.028996127873964904,0.9257282016756784
26091,LOF,0.03865436598780549,0.012576288702433812,0.9487693453097606
26092,LOF,0.027601985016595734,0.018402910354683465,0.9539951046287207
26093,LOF,0.03992244073576141,0.012223992094710647,0.947853567169528
26094,LOF,0.047136743626542355,0.011294607961235784,0.9415686484122218
26095,LOF,0.05204434284603555,0.027206807309202552,0.9207488498447619
26096,LOF,0.01704357963647937,0.022182827534040068,0.9607735928294806
26097,LOF,0.0104893378661098,0.07953384689975204,0.9099768152341382
26098,LOF,0.07070182867776353,0.02614663939016225,0.9031515319320742
26099,LOF,0.02608674696026632,0.030035061334498472,0.9438781917052352
26100,LOF,0.027201170197698556,0.027789775062198156,0.9450090547401033
26101,LOF,0.05857626530716122,0.02730287417233735,0.9141208605205016
26102,LOF,0.02668236767042469,0.0222986772723537,0.9510189550572216
26103,Neutral,0.8835017013235295,0.03322194987880641,0.08327634879766402
26104,LOF,0.06888577881968656,0.05405527056533998,0.8770589506149734
26105,LOF,0.19586180422409608,0.2669083758241767,0.5372298199517271
26106,LOF,0.16992390348711772,0.12682066668886638,0.7032554298240159
26107,LOF,0.21700795142104953,0.1122552455728429,0.6707368030061076
26108,LOF,0.23548915482672914,0.14545425535619766,0.6190565898170731
26109,LOF,0.0717022668921783,0.14925035934132724,0.7790473737664945
26110,LOF,0.23542134870451184,0.007682536380356553,0.7568961149151315
26111,LOF,0.47020345966513494,0.01613147049825271,0.5136650698366123
26112,LOF,0.036617007055740156,0.008529514057486913,0.9548534788867729
26113,LOF,0.0553699329554688,0.014258964996985698,0.9303711020475456
26114,LOF,0.016910381936206448,0.02209560695855847,0.9609940111052351
26115,LOF,0.07891741178068136,0.031749745118261515,0.8893328431010571
26116,LOF,0.04761304562047163,0.03198717620699325,0.9203997781725352
26117,LOF,0.37377138598135057,0.06069011724642231,0.5655384967722271
26118,LOF,0.04040159214746718,0.03801349719268015,0.9215849106598527
26119,LOF,0.02373838946586079,0.04484508450277005,0.9314165260313693
26120,LOF,0.030555807676379984,0.026092500513811623,0.9433516918098085
26121,LOF,0.07050676065330194,0.10153804931488122,0.8279551900318168
