feature0,prediction,LoGoFunc_Neutral,LoGoFunc_GOF,LoGoFunc_LOF
25546,Neutral,0.5423461915248595,0.1724305294547199,0.2852232790204205
25547,Neutral,0.4426049307219287,0.21908577041770896,0.3383092988603624
25548,LOF,0.33584446263925105,0.1975056752831199,0.46664986207762915
25549,LOF,0.3194961638923176,0.20335163790833566,0.4771521981993467
25550,LOF,0.28588660784456765,0.2837558701061814,0.430357522049251
25551,LOF,0.21423356689135822,0.2876873509811821,0.49807908212745966
25552,LOF,0.19796472180754063,0.2509269683060136,0.5511083098864458
25553,Neutral,0.7243599502411042,0.11375187339353085,0.16188817636536487
25554,LOF,0.2638771894940567,0.20334485261213844,0.5327779578938049
25555,LOF,0.18283229193157471,0.21210292163813152,0.6050647864302938
25556,LOF,0.32357925974189117,0.19572540703532434,0.4806953332227844
25557,LOF,0.1960862910823755,0.20969808784475732,0.5942156210728672
25558,LOF,0.24938510720175547,0.2672185097000764,0.48339638309816807
25559,LOF,0.28149395837333174,0.0705946923153789,0.6479113493112892
25560,LOF,0.038904045337567514,0.22621247474196846,0.734883479920464
25561,LOF,0.027183315469094846,0.3417782500336813,0.6310384344972239
25562,LOF,0.03602373534879492,0.12046703140996966,0.8435092332412355
25563,LOF,0.00978626774590051,0.20603446885655,0.7841792633975495
25564,LOF,0.06495294339580077,0.05945016886134619,0.8755968877428532
25565,LOF,0.15073320246795688,0.13301787419592567,0.7162489233361174
25566,GOF,0.046329351600077555,0.6449446416179494,0.30872600678197304
25567,LOF,0.041414346169660755,0.031021944316685635,0.9275637095136536
25568,LOF,0.04730076478407454,0.036121336064444794,0.9165778991514806
25569,LOF,0.05651704467771158,0.02617070080838717,0.9173122545139013
25570,LOF,0.062328437180265796,0.03397045503137571,0.9037011077883585
25571,LOF,0.05906374951911159,0.03081631062106952,0.910119939859819
25572,LOF,0.07821023315672816,0.014601258917939156,0.9071885079253328
25573,LOF,0.07032011263333345,0.061366959027872314,0.8683129283387943
25574,LOF,0.1189104603103992,0.09258303704219209,0.7885065026474087
25575,LOF,0.06429887040261699,0.03579374617547842,0.8999073834219045
25576,LOF,0.03280660268371308,0.034984800688446956,0.9322085966278401
25577,LOF,0.04766893942473018,0.016615726249244775,0.9357153343260252
25578,LOF,0.2591634225451543,0.07247407685481211,0.6683625006000335
25579,LOF,0.25081747920515174,0.07047232973909578,0.6787101910557525
25580,LOF,0.06231947326809237,0.029273916908796726,0.9084066098231108
25581,LOF,0.02937454018505453,0.06435505198457273,0.9062704078303728
25582,LOF,0.02937454018505453,0.06435505198457273,0.9062704078303728
25583,LOF,0.05940334836487947,0.03483380784927752,0.9057628437858429
25584,Neutral,0.7457291343562392,0.014841057602452107,0.2394298080413087
25585,LOF,0.035293703999976854,0.021259155312770187,0.943447140687253
25586,LOF,0.06228950395421913,0.02777064482140433,0.9099398512243765
25587,LOF,0.0600652402760939,0.03133708785648225,0.9085976718674239
25588,LOF,0.05806992713984127,0.02486292499540576,0.9170671478647529
25589,Neutral,0.6999610665274805,0.03480883794865117,0.26523009552386834
25590,LOF,0.07957522175609094,0.024988853162311152,0.8954359250815979
25591,LOF,0.1036799956701391,0.018983232797897,0.877336771531964
25592,LOF,0.20371930913609265,0.08111438833523547,0.715166302528672
25593,LOF,0.17148890438749742,0.17921433465258732,0.6492967609599153
25594,LOF,0.027700764450836933,0.09012014468043249,0.8821790908687306
25595,LOF,0.03494554823776397,0.06670925231576652,0.8983451994464695
25596,LOF,0.13427851009434266,0.02689284631771409,0.8388286435879433
25597,LOF,0.11776319632794242,0.016359733237278157,0.8658770704347795
25598,LOF,0.04161116745803535,0.08306425118362154,0.8753245813583431
25599,GOF,0.025620738219426557,0.6283735380118072,0.34600572376876615
25600,GOF,0.13013553408969908,0.5740186009070695,0.2958458650032314
25601,LOF,0.054894613675792354,0.2795594308491638,0.6655459554750438
25602,LOF,0.08447725340396027,0.02456816021133003,0.8909545863847098
25603,LOF,0.07623295678016045,0.03346032564116622,0.8903067175786734
25604,LOF,0.10842493994835141,0.08267871816401398,0.8088963418876345
25605,LOF,0.18653787363944926,0.06954567713676972,0.743916449223781
25606,Neutral,0.6199087419476559,0.08171608147283448,0.2983751765795097
25607,LOF,0.059471594980728244,0.09984835648274491,0.8406800485365269
25608,LOF,0.04681143913127077,0.16988256544733832,0.783305995421391
25609,GOF,0.09105111543259488,0.626149055115273,0.28279982945213206
25610,LOF,0.028410256509861006,0.07793229595541831,0.8936574475347207
25611,LOF,0.029485083581346834,0.07610819534389054,0.8944067210747627
25612,LOF,0.05041509644471818,0.0865414707650925,0.8630434327901894
25613,LOF,0.04418824438119953,0.09803144739647965,0.8577803082223208
25614,LOF,0.03830983522830183,0.12597190639959008,0.8357182583721081
25615,LOF,0.053564709553498034,0.15117512223338378,0.7952601682131182
25616,LOF,0.027173139284035683,0.11336858964088982,0.8594582710750746
25617,LOF,0.026454985707524484,0.13127583273968285,0.8422691815527927
25618,LOF,0.15749742893613763,0.38412397948946186,0.4583785915744006
25619,LOF,0.0346591785676279,0.24719642477126716,0.718144396661105
25620,LOF,0.027140633461777763,0.11794522937938337,0.8549141371588389
25621,LOF,0.06870946476135881,0.10977604177220125,0.82151449346644
25622,LOF,0.06529376879337645,0.11382769312640771,0.8208785380802158
25623,LOF,0.07551389834392215,0.07769992978309251,0.8467861718729853
25624,LOF,0.03457227400536394,0.17838806158112727,0.7870396644135088
25625,LOF,0.04703651873212983,0.09525645525210132,0.8577070260157688
25626,LOF,0.028783711452484585,0.07440638004945287,0.8968099084980625
25627,Neutral,0.8511788130687685,0.04798358237953537,0.10083760455169595
25628,LOF,0.10954664654166685,0.12334009775149825,0.7671132557068349
25629,LOF,0.029447511079301963,0.10875674752183913,0.861795741398859
25630,LOF,0.2772869229739999,0.08567453089850824,0.6370385461274918
25631,LOF,0.28096624421334243,0.0803975605687058,0.6386361952179517
25632,LOF,0.02634004622810636,0.06288462755151537,0.9107753262203783
25633,LOF,0.14463487428346108,0.09899700675316084,0.7563681189633781
25634,LOF,0.04313861657212308,0.05123162415512437,0.9056297592727525
25635,LOF,0.04087892549261179,0.061729648813929436,0.8973914256934588
25636,GOF,0.024209553306581047,0.5897673301567166,0.38602311653670246
25637,GOF,0.02430995303723883,0.6191686435345579,0.3565214034282032
25638,GOF,0.010022366461037461,0.6033704229548323,0.38660721058413017
25639,LOF,0.02050679092671635,0.46291183901331673,0.516581370059967
25640,Neutral,0.8138098307448528,0.15291619799985146,0.03327397125529579
25641,LOF,0.07232371696091933,0.42499524492845625,0.5026810381106245
25642,LOF,0.06769796266381957,0.2695439107828493,0.6627581265533311
25643,LOF,0.3430902735405169,0.30856330542991456,0.34834642102956853
25644,LOF,0.013284543781420438,0.2527501938447454,0.7339652623738341
25645,LOF,0.011695387440869566,0.2795016943322506,0.7088029182268799
25646,LOF,0.020727367794696794,0.20225709453533722,0.777015537669966
25647,LOF,0.01567634836553385,0.1240543203347005,0.8602693312997656
25648,LOF,0.020666867187410613,0.1727302626890152,0.8066028701235741
25649,LOF,0.012481666667180013,0.07569480009466875,0.9118235332381511
25650,LOF,0.05460372928975305,0.2098709932550617,0.7355252774551854
25651,LOF,0.015241853605949625,0.1206351365746217,0.8641230098194288
25652,LOF,0.011271514776612897,0.2679852189010337,0.7207432663223534
25653,LOF,0.032939519331954374,0.2968057314377056,0.67025474923034
25654,LOF,0.009638156397910354,0.24930103097092024,0.7410608126311694
25655,LOF,0.11207739598085628,0.35347156052950734,0.5344510434896363
25656,LOF,0.12214023743076505,0.287131775944456,0.5907279866247789
25657,LOF,0.03163970087949058,0.40672379755463206,0.5616365015658773
25658,GOF,0.11937278849529276,0.4422863065980114,0.4383409049066959
25659,GOF,0.17605227786501956,0.5426985290429169,0.2812491930920634
25660,LOF,0.04307617166935565,0.22951186135785864,0.7274119669727857
25661,LOF,0.03220229593263654,0.2517954639548206,0.7160022401125429
25662,LOF,0.027128455144604175,0.08839512832397999,0.884476416531416
25663,LOF,0.029882016915327575,0.06556040849119399,0.9045575745934784
25664,LOF,0.06508541531800238,0.11993224439712373,0.8149823402848738
25665,LOF,0.026681533732409158,0.05605237240011894,0.9172660938674719
25666,LOF,0.060661716011708694,0.08110977527394984,0.8582285087143415
25667,LOF,0.028038229147159914,0.12916668133779083,0.8427950895150491
25668,LOF,0.0312833885106058,0.14292327643760833,0.8257933350517859
25669,LOF,0.026194226379452474,0.1522676071769062,0.8215381664436413
25670,LOF,0.08707431805682787,0.09728632481984291,0.8156393571233292
25671,LOF,0.032238437699238835,0.05926699439439379,0.9084945679063674
25672,LOF,0.020184274240704694,0.10154494285381338,0.878270782905482
25673,LOF,0.06410026123090026,0.07133316940877016,0.8645665693603295
25674,LOF,0.05234273591740705,0.10296216310474096,0.844695100977852
25675,LOF,0.04891946114301216,0.08505759966430884,0.8660229391926789
25676,LOF,0.027453796881847254,0.09345347089289532,0.8790927322252574
25677,LOF,0.03599178448953357,0.16609195750655892,0.7979162580039075
25678,LOF,0.07410832884033258,0.10169434214924526,0.8241973290104222
25679,LOF,0.09577905662127312,0.10000522318207264,0.8042157201966542
25680,LOF,0.04713883027080986,0.19590217947415545,0.7569589902550347
25681,LOF,0.04631261619762382,0.2127709134531798,0.7409164703491963
25682,LOF,0.03003122517859418,0.11329235514873495,0.8566764196726708
25683,LOF,0.08562075260497334,0.06016856317625118,0.8542106842187756
25684,LOF,0.028552595907445227,0.12630492712896058,0.8451424769635942
25685,LOF,0.03783329364756238,0.37699224675796605,0.5851744595944716
25686,LOF,0.03294449027692313,0.4209910440238597,0.5460644656992172
25687,GOF,0.05291639186031023,0.5064190690711252,0.4406645390685647
25688,LOF,0.32273515004028647,0.05112064269420677,0.6261442072655067
25689,LOF,0.15411057255800606,0.044949308403516,0.8009401190384781
25690,LOF,0.23899679030719,0.0471862268570117,0.7138169828357983
25691,Neutral,0.6801210629251755,0.05839492897144787,0.26148400810337674
25692,LOF,0.1667734322413704,0.012374111377605015,0.8208524563810246
25693,GOF,0.07522622447499024,0.6002938185268861,0.3244799569981237
25694,LOF,0.11837323048334096,0.023571979519121232,0.8580547899975378
25695,LOF,0.09264629282215982,0.017136744899473193,0.890216962278367
25696,LOF,0.11520058892765454,0.026904711717489847,0.8578946993548556
25697,LOF,0.0703211736948039,0.14312709503383259,0.7865517312713636
25698,LOF,0.23480904416472262,0.280126197743945,0.4850647580913324
25699,GOF,0.27984742107779015,0.43651591449142146,0.2836366644307885
25700,LOF,0.04388399168831178,0.06770476980879306,0.8884112385028952
25701,LOF,0.15606995829924009,0.24327024236905043,0.6006597993317095
25702,GOF,0.21483057455497126,0.6742674403286348,0.1109019851163939
25703,LOF,0.027284183583142423,0.33024027877570594,0.6424755376411516
25704,LOF,0.034394052141380756,0.4053075649163638,0.5602983829422554
25705,LOF,0.032584444520094805,0.40966908688489917,0.557746468595006
25706,GOF,0.12209236625994747,0.5715593550296734,0.30634827871037923
25707,GOF,0.08975580529881294,0.5496259747402034,0.3606182199609837
25708,GOF,0.03909558670456131,0.6358971485031635,0.32500726479227526
25709,LOF,0.024633773323022894,0.3821579182455478,0.5932083084314292
25710,LOF,0.015496014218356667,0.1808681387892937,0.8036358469923497
25711,LOF,0.025612808457705413,0.4068441376418985,0.5675430539003962
25712,LOF,0.015391467679388347,0.2870700187872667,0.6975385135333451
25713,LOF,0.02600057584468138,0.404829683108094,0.5691697410472246
25714,LOF,0.03246543159970071,0.39909908923283605,0.5684354791674633
25715,LOF,0.0266598600892307,0.42893854912810075,0.5444015907826685
25716,LOF,0.01428073627956363,0.18776361165761127,0.7979556520628251
25717,LOF,0.015171475598385938,0.14276570107082912,0.8420628233307849
25718,LOF,0.020540657673682766,0.25408076820118053,0.7253785741251367
25719,LOF,0.024617526350208634,0.4190283822853341,0.5563540913644573
25720,LOF,0.02715154091895098,0.32409481354073644,0.6487536455403126
25721,LOF,0.02464030896660646,0.3864930207848023,0.5888666702485913
25722,LOF,0.024830615867043878,0.3832356107644154,0.5919337733685407
25723,LOF,0.024970894930539278,0.4214627836537186,0.5535663214157421
25724,GOF,0.06546595488831337,0.4730879671821516,0.461446077929535
25725,LOF,0.024339664336319546,0.3927637758978342,0.5828965597658463
25726,LOF,0.024588313129304196,0.42480557063679575,0.5506061162339001
25727,LOF,0.024476344887467933,0.4299801894460806,0.5455434656664514
25728,LOF,0.024331812235173948,0.4303868567960423,0.5452813309687837
25729,LOF,0.02435409710303921,0.42498959193168456,0.5506563109652762
25730,LOF,0.02451559560197441,0.42750921326553226,0.5479751911324933
25731,LOF,0.012633577681617637,0.2115331812530491,0.7758332410653334
25732,LOF,0.02189973533528381,0.2117605083368572,0.7663397563278589
25733,LOF,0.02015315827042053,0.2393960709960091,0.7404507707335705
25734,LOF,0.017718960508520402,0.22691989454168385,0.7553611449497958
25735,LOF,0.020724763765943382,0.26473745555041617,0.7145377806836405
25736,LOF,0.01986834158630678,0.26165861791889417,0.718473040494799
25737,LOF,0.024452009789583583,0.39809665674881334,0.577451333461603
25738,LOF,0.02462496120716884,0.415438337203614,0.5599367015892172
25739,LOF,0.02497063372202969,0.40423589605573096,0.5707934702222395
25740,LOF,0.0339618257095261,0.35542779967056437,0.6106103746199095
25741,LOF,0.0325740880804437,0.3727827098062501,0.5946432021133062
25742,LOF,0.034797255460563226,0.34376340088219043,0.6214393436572463
25743,LOF,0.030408553071248248,0.05081114145391776,0.918780305474834
25744,Neutral,0.571638505433641,0.17174685893643843,0.25661463562992054
25745,LOF,0.04747455284469115,0.1006499930526479,0.851875454102661
25746,LOF,0.026478565294696704,0.13941771896046945,0.8341037157448339
25747,LOF,0.026488397978526805,0.09371330233661378,0.8797982996848595
25748,LOF,0.15856652425422535,0.12082653793018425,0.7206069378155904
25749,LOF,0.022839545450468367,0.13752432744363785,0.8396361271058937
25750,LOF,0.026210803764763584,0.11427114476209524,0.8595180514731412
25751,LOF,0.034745270131606304,0.34533657660622596,0.6199181532621677
25752,GOF,0.05221430830721871,0.7511771117031929,0.19660857998958844
25753,LOF,0.014215572162482143,0.41583847575173255,0.5699459520857852
25754,GOF,0.018747253156066984,0.7621873507602048,0.21906539608372821
25755,LOF,0.023186785351331694,0.3327115823840641,0.6441016322646042
25756,GOF,0.030169676447398673,0.5303415443428843,0.43948877920971696
25757,GOF,0.017103100882355175,0.8325371652642125,0.15035973385343232
25758,GOF,0.022493977761467252,0.8496363526719605,0.1278696695665723
25759,GOF,0.016849382669924088,0.7050035660388337,0.27814705129124206
25760,LOF,0.019959904235625846,0.38956453251727097,0.5904755632471033
25761,GOF,0.198399138669767,0.7243170628692112,0.07728379846102182
25762,LOF,0.034802408398334025,0.44642520713377987,0.518772384467886
25763,LOF,0.02288722385501581,0.27959529058348204,0.6975174855615021
25764,GOF,0.07605086124886341,0.7970372236868376,0.12691191506429886
25765,GOF,0.017726757454759837,0.8095795027556315,0.17269373978960856
25766,GOF,0.06673419843248958,0.8375040958323633,0.0957617057351472
25767,GOF,0.06265070511846475,0.854094819206152,0.08325447567538304
25768,LOF,0.04244428657780758,0.21289273047767057,0.7446629829445219
25769,LOF,0.023970900630081463,0.2659515258917225,0.7100775734781961
25770,LOF,0.3106278148282263,0.09294653164974513,0.5964256535220285
25771,LOF,0.05199429921454488,0.048200348352637264,0.8998053524328179
25772,LOF,0.02818555386469747,0.15513702339569502,0.8166774227396075
25773,LOF,0.050807766264594545,0.050921526960016165,0.8982707067753893
25774,LOF,0.017483995703406932,0.17119637227938922,0.8113196320172038
25775,LOF,0.0668359365228289,0.045088582595408044,0.888075480881763
25776,LOF,0.03357808885826248,0.09533619794364549,0.871085713198092
25777,LOF,0.3503805519346456,0.06929547622127344,0.5803239718440809
25778,LOF,0.026807540160911643,0.21027510027393953,0.7629173595651487
25779,GOF,0.421765813695063,0.5199662901938321,0.058267896111104986
25780,Neutral,0.4568522290599126,0.45473805339078605,0.08840971754930144
25781,GOF,0.18380385367685298,0.6976912796167669,0.11850486670638011
25782,GOF,0.26787033102303354,0.6347000507285907,0.0974296182483759
25783,GOF,0.026899751529990776,0.7910787600942125,0.18202148837579651
25784,Neutral,0.6513209708610745,0.30728881099161864,0.04139021814730687
25785,Neutral,0.6863735002080407,0.20882495862655684,0.10480154116540263
25786,GOF,0.021882781880897213,0.8056643886042096,0.17245282951489305
25787,Neutral,0.8528654622743904,0.09583959377825042,0.05129494394735924
25788,LOF,0.02858310121364583,0.05309013963348386,0.9183267591528703
25789,GOF,0.18353004946638876,0.5899588545835369,0.22651109595007435
25790,GOF,0.14126401576093517,0.6660305378567185,0.19270544638234624
25791,GOF,0.13599518886697762,0.5221205516725362,0.34188425946048623
25792,Neutral,0.3998381086644829,0.36009529756248365,0.24006659377303347
25793,GOF,0.198413331654983,0.4394608769577899,0.36212579138722706
25794,GOF,0.2027158001853102,0.5335757831050957,0.2637084167095942
25795,GOF,0.05661625203544929,0.7058627433894507,0.23752100457510006
25796,Neutral,0.5398446296057406,0.2937210416662034,0.16643432872805597
25797,GOF,0.08672964966283996,0.5653787403683392,0.3478916099688208
25798,GOF,0.012541508353883575,0.569893053725227,0.41756543792088946
25799,GOF,0.011606194077504928,0.549968324157699,0.43842548176479607
25800,GOF,0.044612392161765976,0.7381515176102681,0.21723609022796592
25801,GOF,0.1893454739403195,0.6785571860325584,0.13209734002712215
25802,GOF,0.06732232473224609,0.7006902083830101,0.23198746688474378
25803,GOF,0.050207948689784974,0.6248787180425281,0.32491333326768695
25804,GOF,0.039840027204530414,0.6097106626837283,0.3504493101117413
25805,GOF,0.10629338004688019,0.6451462823883616,0.24856033756475826
25806,GOF,0.1069275090297557,0.6379631074208166,0.2551093835494275
25807,GOF,0.01891047165453898,0.5927990386472347,0.3882904896982263
25808,GOF,0.09017861427490209,0.5367753537586307,0.3730460319664672
25809,GOF,0.017588672310998463,0.5083502479573235,0.47406107973167805
25810,GOF,0.021903273431562124,0.5368135316594754,0.4412831949089625
25811,Neutral,0.6275790274236014,0.2973141650882485,0.07510680748815017
25812,GOF,0.04566996112613159,0.5173822351870082,0.4369478036868601
25813,Neutral,0.7174729225694422,0.1020948421081707,0.18043223532238717
25814,GOF,0.2398858338630928,0.4696019157882313,0.29051225034867606
25815,GOF,0.39129249211513956,0.423787953812807,0.1849195540720535
25816,GOF,0.02594946175644334,0.6024262592374858,0.37162427900607087
25817,GOF,0.19552427159221059,0.66234296305195,0.1421327653558394
25818,GOF,0.04382284277648924,0.5461605496441261,0.41001660757938463
25819,GOF,0.322096862485554,0.4557185140593169,0.22218462345512904
25820,GOF,0.1872836909437352,0.5269077655920921,0.28580854346417256
25821,GOF,0.05147382245753985,0.6406496901735275,0.3078764873689326
25822,GOF,0.19645777131506278,0.4922141930469994,0.3113280356379377
25823,GOF,0.040946036938435564,0.6209935979410844,0.33806036512047993
25824,GOF,0.09046148246300002,0.48909069624840956,0.4204478212885905
25825,GOF,0.03903358550352104,0.4940185176094698,0.4669478968870093
25826,GOF,0.012606365607172501,0.5592681767788779,0.42812545761394966
25827,GOF,0.01791109527902939,0.6541512462607892,0.32793765846018136
25828,GOF,0.012408910224999183,0.5775063240679759,0.410084765707025
25829,GOF,0.008886205402661895,0.537545248065899,0.4535685465314391
25830,LOF,0.07163833962384857,0.09065328300959975,0.8377083773665516
25831,GOF,0.13561198770125588,0.7226928845036873,0.14169512779505677
25832,GOF,0.03744948261612915,0.7159629672579747,0.2465875501258962
25833,GOF,0.14959898638503963,0.6752497359653643,0.1751512776495961
25834,GOF,0.05657515078082995,0.7151330181196981,0.2282918310994718
25835,GOF,0.11140813560173012,0.6872482164463559,0.20134364795191403
25836,GOF,0.056134419144281036,0.6751102141301869,0.268755366725532
25837,GOF,0.03029168175523532,0.5706575387634685,0.39905077948129625
25838,GOF,0.11724006213054815,0.6808114622955767,0.20194847557387513
25839,GOF,0.38860510692844874,0.39850529455131084,0.21288959852024053
25840,GOF,0.2191792715531093,0.5455090470627181,0.23531168138417263
25841,GOF,0.2691636441777368,0.4953424512136754,0.2354939046085879
25842,GOF,0.34349639183745356,0.39293024193649856,0.2635733662260478
25843,GOF,0.27533339970662307,0.5639696783394115,0.16069692195396545
25844,GOF,0.12691955435510363,0.4622153977204313,0.410865047924465
25845,GOF,0.023011783410024318,0.5725664241858992,0.40442179240407655
25846,GOF,0.1089576665398678,0.6617260302977105,0.22931630316242171
25847,GOF,0.1987007627881762,0.6258183890340658,0.175480848177758
25848,GOF,0.04511652371930738,0.590765138342512,0.3641183379381806
25849,GOF,0.01182307411279363,0.5743097052612158,0.41386722062599063
25850,GOF,0.02747872010294314,0.6703309605442772,0.3021903193527797
25851,GOF,0.020398400658781433,0.606270424367862,0.37333117497335644
25852,GOF,0.10776811651450471,0.5405528167154726,0.35167906677002264
25853,GOF,0.32849719820624856,0.48401971978350256,0.187483082010249
25854,GOF,0.012982064570720488,0.6424664928567119,0.34455144257256753
25855,LOF,0.044449147103968446,0.4557752247684256,0.49977562812760595
25856,GOF,0.25480077768300397,0.45641848218504627,0.2887807401319497
25857,GOF,0.03408231018680562,0.5098448122575592,0.45607287755563525
25858,GOF,0.02149480653170802,0.6711118752157456,0.3073933182525463
25859,GOF,0.011663863835978318,0.6792496991174882,0.3090864370465335
25860,Neutral,0.4079585366518972,0.36591552567470315,0.22612593767339964
25861,GOF,0.2776819960100429,0.6410384281135175,0.08127957587643951
25862,GOF,0.08039845136222905,0.7310837958168932,0.1885177528208778
25863,GOF,0.08812593049869956,0.7133197118646707,0.19855435763662974
25864,GOF,0.21645684490028594,0.677861061394834,0.10568209370488003
25865,GOF,0.09391120006045434,0.7794274206551788,0.12666137928436685
25866,GOF,0.08412840971128326,0.7662302552757031,0.14964133501301358
25867,GOF,0.10380913913053272,0.7878615684740193,0.10832929239544793
25868,GOF,0.21011773144949172,0.5823155951476374,0.20756667340287077
25869,Neutral,0.7547832624395362,0.18031990404717277,0.06489683351329102
25870,LOF,0.1203404063596243,0.06519146608553801,0.8144681275548377
25871,GOF,0.08810697509961221,0.597258262509766,0.3146347623906218
25872,GOF,0.1021342139115838,0.5387115367697903,0.3591542493186259
25873,GOF,0.13882558824698754,0.6176852445364768,0.24348916721653566
25874,LOF,0.030560512368539305,0.05253295796584565,0.9169065296656149
25875,LOF,0.05851300485461022,0.26814109481423937,0.6733459003311505
25876,LOF,0.02307990322609484,0.1202526013310862,0.856667495442819
25877,LOF,0.3521460454049108,0.281196173095121,0.36665778149996825
25878,LOF,0.15778114815343475,0.4101148558816802,0.43210399596488513
25879,LOF,0.08510384987353749,0.3955158739971173,0.5193802761293452
25880,LOF,0.02837638732266075,0.0970965814448322,0.8745270312325071
25881,LOF,0.3700954956739316,0.14683826999061847,0.4830662343354498
25882,LOF,0.09841897069816943,0.01938908406073963,0.8821919452410909
25883,LOF,0.0754859360587547,0.044008401030140636,0.8805056629111048
25884,LOF,0.07517734428382204,0.045566878423074865,0.8792557772931032
25885,LOF,0.0993793551612789,0.021695757828909635,0.8789248870098115
25886,LOF,0.22386197952947437,0.13380101038032755,0.642337010090198
25887,LOF,0.3835212741740705,0.08465142750424466,0.5318272983216847
25888,LOF,0.16027944777231481,0.0735011950068811,0.7662193572208041
25889,LOF,0.08099733166183007,0.047329157744589484,0.8716735105935804
25890,LOF,0.06131758292156015,0.09393416099875627,0.8447482560796835
25891,LOF,0.05630414989164472,0.028388769153618886,0.9153070809547365
25892,LOF,0.09369495864970777,0.0632354439336562,0.8430695974166361
25893,LOF,0.34440266111643747,0.03803309723514824,0.6175642416484142
25894,LOF,0.1501665989889489,0.01464722241826433,0.8351861785927868
25895,LOF,0.17041603045432632,0.015291086413369457,0.8142928831323043
25896,LOF,0.04675197803788233,0.01660344695033854,0.9366445750117792
25897,LOF,0.19497520342684024,0.04136436987942752,0.7636604266937322
25898,Neutral,0.6428037029380823,0.023181122235140062,0.3340151748267777
25899,LOF,0.21999833430567042,0.1501499256039705,0.629851740090359
25900,Neutral,0.8029169498478554,0.027932998846390212,0.16915005130575433
25901,LOF,0.07911271775010906,0.030203792287514748,0.8906834899623762
25902,LOF,0.12512115018453976,0.025405757165893616,0.8494730926495666
25903,Neutral,0.5737855271098325,0.06447181202838992,0.3617426608617774
25904,LOF,0.27617248900189384,0.07817685122172172,0.6456506597763845
25905,LOF,0.015736901466568365,0.40117639945872247,0.5830866990747091
25906,LOF,0.025416769967512846,0.056397534339148674,0.9181856956933385
25907,LOF,0.012351048266569983,0.31103794331280915,0.6766110084206208
25908,LOF,0.017952826446927746,0.181302451316068,0.8007447222370043
25909,LOF,0.02695225159809678,0.15308210318152884,0.8199656452203743
25910,LOF,0.013023267577317432,0.4689178486773596,0.5180588837453229
25911,LOF,0.07348162934408083,0.032915579187724774,0.8936027914681943
25912,LOF,0.034739344669183284,0.081130397206806,0.8841302581240108
25913,LOF,0.20911432306047978,0.03108484984510744,0.7598008270944129
25914,LOF,0.0538196596847868,0.17827509861099616,0.767905241704217
25915,Neutral,0.4603452797315617,0.37187531514022215,0.1677794051282161
25916,GOF,0.040353418782940964,0.7012584822292597,0.2583880989877994
25917,LOF,0.028090135708905735,0.11964580742704331,0.8522640568640509
25918,LOF,0.049154797135078754,0.08475949399862887,0.8660857088662924
25919,LOF,0.051207357407733606,0.05318378182556967,0.8956088607666968
25920,GOF,0.19513703459296494,0.5391915855367532,0.2656713798702819
25921,LOF,0.05451019318319498,0.0640882992625453,0.8814015075542597
25922,LOF,0.0464326048306344,0.05017927208671167,0.9033881230826539
25923,LOF,0.2255896168414439,0.13462885607353414,0.639781527085022
25924,LOF,0.07212063418632522,0.0275585109867218,0.900320854826953
25925,LOF,0.05232637403027439,0.051668636694656,0.8960049892750697
25926,LOF,0.03361414547343243,0.040149421345875194,0.9262364331806925
25927,LOF,0.10037475874775872,0.11652270089058872,0.7831025403616526
25928,LOF,0.043484985649641955,0.03510523698008474,0.9214097773702733
25929,LOF,0.3510601941511279,0.12407429861272717,0.524865507236145
25930,LOF,0.07439201666531547,0.04212712886145965,0.883480854473225
25931,LOF,0.04652826328292993,0.02212164479268661,0.9313500919243836
25932,LOF,0.08020735908207981,0.030532863317609075,0.8892597776003112
25933,LOF,0.08358977587404359,0.026775757696436826,0.8896344664295196
25934,LOF,0.07874882734659369,0.04010670147695309,0.8811444711764533
25935,LOF,0.038164501042058575,0.04936237435158826,0.9124731246063532
25936,LOF,0.08482953680580095,0.026231372914031728,0.8889390902801674
25937,LOF,0.05740142863347774,0.04220200826054573,0.9003965631059765
25938,LOF,0.05009541406983254,0.10070705001703265,0.8491975359131347
25939,LOF,0.06493438039362813,0.04557297426149911,0.8894926453448727
25940,GOF,0.02831147881669264,0.523477662502911,0.4482108586803963
25941,LOF,0.16032636350504986,0.04725940920694231,0.7924142272880078
25942,LOF,0.034257279454321436,0.009802983701286662,0.9559397368443919
25943,LOF,0.4729413801261789,0.03300829767925196,0.4940503221945692
25944,Neutral,0.5168947330180237,0.023348664149343706,0.4597566028326327
25945,LOF,0.18884703756147736,0.12965243710515847,0.6815005253333642
25946,LOF,0.019691043985682905,0.20517777683376737,0.7751311791805496
25947,LOF,0.08090922294308114,0.13802069302061448,0.7810700840363043
25948,LOF,0.36535811649619704,0.0077201364466029185,0.6269217470572
25949,LOF,0.1496316794795887,0.012398035245437177,0.8379702852749741
25950,GOF,0.2204182680243796,0.5224789081811172,0.2571028237945032
25951,LOF,0.1940395328561819,0.2879499617942785,0.5180105053495397
25952,GOF,0.04828709505732173,0.5078594869791575,0.4438534179635208
25953,LOF,0.15710100980542793,0.3231259737269851,0.519773016467587
25954,Neutral,0.5177669461546973,0.3292917102509234,0.1529413435943793
25955,LOF,0.051602202644993884,0.18210424881143572,0.7662935485435702
25956,LOF,0.12098219154336246,0.15304027119912217,0.7259775372575153
25957,LOF,0.033033729504917626,0.040020723956385076,0.9269455465386973
25958,LOF,0.08056834812485113,0.03944987344271234,0.8799817784324366
25959,GOF,0.11726767793037511,0.4445630770686476,0.4381692450009773
25960,LOF,0.026568989770941225,0.08411307958048725,0.8893179306485716
25961,LOF,0.07147269942211885,0.08868396144199485,0.8398433391358863
25962,LOF,0.05048384690168008,0.07276079904020129,0.8767553540581187
25963,LOF,0.032689059574782554,0.1802975189055948,0.7870134215196227
25964,LOF,0.06975101121500148,0.1373914605310322,0.7928575282539663
25965,Neutral,0.4546208208586695,0.09088580751753947,0.454493371623791
25966,LOF,0.18935181067266468,0.3569120241374574,0.453736165189878
25967,LOF,0.02581545173738222,0.14575093404022482,0.828433614222393
25968,LOF,0.05870359508998617,0.3875772356632905,0.5537191692467234
25969,LOF,0.01928395651084764,0.07629467465017695,0.9044213688389755
25970,LOF,0.04353393192626372,0.030836730622848616,0.9256293374508876
25971,LOF,0.08527361345801607,0.05112188731235732,0.8636044992296267
25972,LOF,0.1140719152284493,0.055719700022566224,0.8302083847489845
25973,LOF,0.14400437922915382,0.011840262178024967,0.8441553585928212
25974,LOF,0.36867640485232295,0.041829854466863776,0.5894937406808133
25975,LOF,0.07059678439947051,0.03874389134454235,0.8906593242559872
25976,LOF,0.033415930954861346,0.06572904310439742,0.9008550259407412
25977,LOF,0.036311220358280674,0.2795398131692214,0.684148966472498
25978,LOF,0.28165640154475907,0.10239940904625283,0.6159441894089881
25979,LOF,0.23215111571004554,0.13375601852155472,0.6340928657683997
25980,LOF,0.2783017296113491,0.18304273902318569,0.5386555313654652
25981,LOF,0.2783017296113491,0.18304273902318569,0.5386555313654652
25982,Neutral,0.5084404294534628,0.09100373297937411,0.400555837567163
25983,Neutral,0.5250877753372327,0.09302988131429876,0.38188234334846843
25984,LOF,0.0338589341644849,0.2715173074772055,0.6946237583583096
25985,LOF,0.020156149386284485,0.472990741464367,0.5068531091493486
25986,GOF,0.03609631773488789,0.5104201555219401,0.45348352674317205
25987,LOF,0.07118519827878349,0.12764847863540235,0.8011663230858141
25988,LOF,0.030468799011823432,0.27580610082151835,0.6937251001666582
25989,LOF,0.0249896162016534,0.2818662366997224,0.6931441470986243
25990,LOF,0.03188358717651525,0.19035937973810182,0.7777570330853828
25991,LOF,0.1846124178921454,0.2704324953233046,0.54495508678455
25992,LOF,0.2617798363275728,0.22363920398845907,0.5145809596839681
25993,LOF,0.03945789680382265,0.08626960258024698,0.8742725006159303
25994,LOF,0.039186072462642,0.08911229691307664,0.8717016306242814
25995,LOF,0.04042324856279856,0.11438285787256278,0.8451938935646387
25996,LOF,0.13182360019586675,0.29991975451142755,0.5682566452927057
25997,LOF,0.05903014973951613,0.42415939642159484,0.516810453838889
25998,LOF,0.47998483806732234,0.013266342605815351,0.5067488193268623
25999,LOF,0.14670028364017332,0.3868537559204578,0.466445960439369
26000,LOF,0.08117563480062755,0.02304173460965143,0.895782630589721
26001,LOF,0.12102731445802246,0.08586437114701548,0.7931083143949621
26002,LOF,0.08669076245135185,0.04840270201454765,0.8649065355341006
26003,GOF,0.012618918525980903,0.7097948938595048,0.2775861876145144
26004,GOF,0.04908143809186662,0.7752386225460047,0.17567993936212872
26005,GOF,0.014322160598978116,0.5647482349913492,0.4209296044096727
26006,Neutral,0.5416548372514868,0.3050400913286649,0.15330507141984834
26007,GOF,0.023993070230727033,0.7332115352158508,0.24279539455342225
26008,GOF,0.019437273118309638,0.6708695712249644,0.30969315565672595
26009,GOF,0.04168778928267307,0.6966582880116384,0.26165392270568844
26010,GOF,0.012650554114357808,0.846288748264816,0.1410606976208262
26011,GOF,0.009068113734329048,0.6292123252491737,0.3617195610164972
26012,GOF,0.017443553146103182,0.5666455842624049,0.41591086259149185
26013,GOF,0.01226474553660283,0.7372878830246772,0.25044737143872
26014,LOF,0.05260824319962061,0.11560167155205892,0.8317900852483204
26015,LOF,0.1820061960652436,0.009660889031256722,0.8083329149034996
26016,LOF,0.36400110640040556,0.040509825448345416,0.595489068151249
26017,LOF,0.26973151986490174,0.059931318864856344,0.6703371612702419
26018,LOF,0.07761647213612648,0.05544551872361798,0.8669380091402555
26019,LOF,0.08280548335276199,0.026535356109878967,0.890659160537359
26020,LOF,0.10430769986328504,0.07462406598792733,0.8210682341487877
26021,LOF,0.10733486912224144,0.0972449942764472,0.7954201366013114
26022,LOF,0.0246733313607786,0.03204516886165941,0.9432814997775619
26023,LOF,0.16642296150772234,0.03501057263940048,0.7985664658528772
26024,LOF,0.040533357193513614,0.11236209837539425,0.8471045444310922
26025,LOF,0.25179833109065847,0.14411231919866518,0.6040893497106764
26026,LOF,0.46917022960930466,0.03149406935229167,0.49933570103840375
26027,LOF,0.08722865483055282,0.022208107540022733,0.8905632376294245
26028,LOF,0.1829396598790339,0.1190382217555564,0.6980221183654097
26029,LOF,0.06251553394865884,0.36957855250877586,0.5679059135425654
26030,LOF,0.02696565580162929,0.09209444099517636,0.8809399032031943
26031,LOF,0.016186789274340935,0.2973967539270327,0.6864164567986264
26032,LOF,0.044361396581357404,0.19026163709136848,0.7653769663272743
26033,LOF,0.1215944423590799,0.4083894301365637,0.47001612750435656
26034,LOF,0.03272229460218527,0.23210148275368395,0.7351762226441307
26035,LOF,0.023857453573162858,0.32361729997828254,0.6525252464485545
26036,LOF,0.03795508464311571,0.25985285966653604,0.7021920556903483
26037,LOF,0.018954532580357734,0.20248422942684685,0.7785612379927955
26038,LOF,0.04396219512806131,0.17542277560320196,0.7806150292687368
26039,LOF,0.04753724184216542,0.28110843014309306,0.6713543280147416
26040,GOF,0.20678722916100825,0.5460963011952852,0.24711646964370645
26041,LOF,0.022366858901652492,0.2074575649857221,0.7701755761126254
26042,LOF,0.02498255514031611,0.20836281935229592,0.766654625507388
26043,LOF,0.04149542483064191,0.2329476547059651,0.725556920463393
26044,LOF,0.025925966725694298,0.16117909285724896,0.8128949404170567
26045,LOF,0.053326166734344475,0.276531096053225,0.6701427372124305
26046,LOF,0.04699577083161214,0.2596086641814876,0.6933955649869002
26047,LOF,0.057408081911678566,0.23618794237021273,0.7064039757181086
26048,LOF,0.06962152691987214,0.16395401179471025,0.7664244612854175
26049,Neutral,0.9143650965971172,0.04558231294547649,0.040052590457406397
26050,Neutral,0.8918901358230952,0.05032032766627369,0.05778953651063115
26051,GOF,0.026381195376365008,0.5904050981318378,0.3832137064917972
26052,GOF,0.02249424867872929,0.5203098755244041,0.4571958757968667
26053,LOF,0.046919234411211715,0.3012216905232353,0.651859075065553
26054,LOF,0.05836900182953746,0.03757836829362912,0.9040526298768333
26055,LOF,0.04577046707616686,0.028455455593950907,0.9257740773298822
26056,LOF,0.038577754446475696,0.031915783979653306,0.9295064615738711
26057,LOF,0.06419979338144549,0.09331800254393739,0.8424822040746172
26058,LOF,0.06480499524684759,0.07755365030064476,0.8576413544525077
26059,LOF,0.43036479800151284,0.06590050758851798,0.5037346944099691
26060,LOF,0.060823189323001944,0.3050088012103134,0.6341680094666846
26061,LOF,0.035042042830040705,0.07685902368122728,0.8880989334887319
26062,LOF,0.02678515632355903,0.04179600149209692,0.931418842184344
26063,LOF,0.06850830367243989,0.06261456261117904,0.8688771337163811
26064,LOF,0.040845185395406686,0.04020906633732348,0.9189457482672698
26065,LOF,0.0688348462878356,0.04783425138285767,0.8833309023293067
26066,LOF,0.0731155591867805,0.06288026065918642,0.8640041801540331
26067,LOF,0.07437179983119625,0.05549081275532451,0.8701373874134793
26068,LOF,0.048818059178828976,0.05867670133301941,0.8925052394881515
26069,LOF,0.34247880762879773,0.04085650006450935,0.6166646923066929
26070,Neutral,0.5357363185809599,0.027414708682681428,0.4368489727363587
26071,LOF,0.06193478747924109,0.07246085123244522,0.8656043612883138
26072,LOF,0.04281520101704084,0.07940480807290726,0.8777799909100519
26073,LOF,0.0709646946871931,0.033427513320500736,0.8956077919923061
26074,Neutral,0.9587293537116302,0.01132096859939957,0.029949677688970267
26075,LOF,0.029451363254389615,0.03678558162304134,0.9337630551225691
26076,LOF,0.07408329535484076,0.04994387175794848,0.8759728328872107
26077,LOF,0.023723021564172074,0.08018696632833544,0.8960900121074925
26078,LOF,0.023788125013742268,0.06027013668537803,0.9159417383008797
26079,LOF,0.04799041659878685,0.03511970854475347,0.9168898748564597
26080,LOF,0.04799041659878685,0.03511970854475347,0.9168898748564597
26081,LOF,0.07207568651289073,0.06490511873731218,0.8630191947497972
26082,LOF,0.035872649462731346,0.040794346497246704,0.9233330040400219
26083,LOF,0.0711966277525599,0.05225450739194739,0.8765488648554928
26084,LOF,0.061385461716257916,0.07675933056128373,0.8618552077224583
26085,LOF,0.061385461716257916,0.07675933056128373,0.8618552077224583
26086,LOF,0.06451555185973502,0.08831787435163889,0.847166573788626
26087,LOF,0.06557977173267819,0.06373414174303292,0.8706860865242889
26088,LOF,0.036775175808549394,0.14462081874024096,0.8186040054512096
26089,LOF,0.04291500990533218,0.0304052065477361,0.9266797835469317
26090,LOF,0.03828663846642823,0.026507954763149395,0.9352054067704224
26091,LOF,0.07550434925859432,0.032763977869251316,0.8917316728721544
26092,LOF,0.06998368904624602,0.07691102307254409,0.8531052878812098
26093,LOF,0.07515352646700953,0.031243519507517182,0.8936029540254733
26094,LOF,0.0775847312467279,0.029144934155540547,0.8932703345977316
26095,LOF,0.0685625901359371,0.04299229461494125,0.8884451152491216
26096,LOF,0.040604992780057934,0.029514225323389143,0.929880781896553
26097,LOF,0.022067752992436355,0.09189653603732402,0.8860357109702395
26098,LOF,0.049117595216950576,0.02391363292353347,0.926968771859516
26099,LOF,0.07887455789214069,0.07031114048330224,0.850814301624557
26100,LOF,0.07887455789214069,0.07031114048330224,0.850814301624557
26101,LOF,0.06272743389225786,0.14208986492494738,0.7951827011827948
26102,LOF,0.0658209324529311,0.06845150715284778,0.865727560394221
26103,Neutral,0.7762416493552506,0.0880109576914962,0.13574739295325317
26104,LOF,0.036411522822005424,0.060333410943192466,0.9032550662348021
26105,LOF,0.20455421797744627,0.07403215483590303,0.7214136271866507
26106,LOF,0.17672831267761802,0.03282867234025043,0.7904430149821315
26107,LOF,0.29315203923851024,0.03968858623225255,0.6671593745292372
26108,LOF,0.16925313638818432,0.05091379700024615,0.7798330666115696
26109,LOF,0.07511767533107543,0.08904211944618627,0.8358402052227383
26110,LOF,0.2804731501187373,0.028802793905978747,0.6907240559752839
26111,LOF,0.367278804089485,0.12068804382928038,0.5120331520812347
26112,LOF,0.08566382974778189,0.029221702984377596,0.8851144672678405
26113,LOF,0.09130211712933531,0.08580504398765555,0.8228928388830092
26114,LOF,0.033937679209847665,0.022294098999814414,0.9437682217903378
26115,LOF,0.18388241859520088,0.03953102463032985,0.7765865567744692
26116,LOF,0.0990921327047108,0.050375315471461894,0.8505325518238273
26117,LOF,0.28427189041094114,0.177482651050056,0.5382454585390029
26118,LOF,0.06678021539271672,0.031272682759716515,0.9019471018475667
26119,LOF,0.043031272757951815,0.11675857284617984,0.8402101543958683
26120,LOF,0.06104043585903394,0.043867923331993124,0.895091640808973
26121,LOF,0.08012696007730816,0.08975531070024625,0.8301177292224455
26122,LOF,0.08945979530546505,0.12413533557844807,0.7864048691160869
26123,LOF,0.06525382273931632,0.17441381217344987,0.7603323650872338
