feature0,prediction,LoGoFunc_Neutral,LoGoFunc_GOF,LoGoFunc_LOF
25546,Neutral,0.6127462404664726,0.05708318119098374,0.33017057834254365
25547,LOF,0.4441152888256992,0.10393525325447264,0.45194945791982816
25548,Neutral,0.45889906660386354,0.08400498218649541,0.4570959512096411
25549,LOF,0.3932619127354471,0.08537056848357631,0.5213675187809765
25550,LOF,0.3396204069396655,0.1180263766381792,0.5423532164221553
25551,LOF,0.28855835615242936,0.12334289824639746,0.5880987456011733
25552,LOF,0.24383647224089944,0.12399114274726165,0.632172385011839
25553,Neutral,0.8000953704684552,0.04404654768839053,0.15585808184315422
25554,LOF,0.2799632899151608,0.10866455259902795,0.6113721574858112
25555,LOF,0.23859824764978757,0.10570216941480012,0.6556995829354124
25556,LOF,0.4260262995312263,0.09695455047718489,0.4770191499915888
25557,LOF,0.22533830843779884,0.11016475785619853,0.6644969337060026
25558,LOF,0.27859757453900236,0.10620671993637956,0.615195705524618
25559,LOF,0.1812676744892583,0.11608105876158573,0.7026512667491559
25560,LOF,0.17105597832058178,0.1002633235180552,0.728680698161363
25561,LOF,0.17294780221271427,0.11508793304765973,0.711964264739626
25562,LOF,0.0837383918064178,0.07535864686156095,0.8409029613320214
25563,LOF,0.023685106338331565,0.14691491172784518,0.8293999819338234
25564,LOF,0.2375106297018643,0.14778159786109932,0.6147077724370363
25565,LOF,0.19788866009143796,0.169528110156528,0.6325832297520341
25566,GOF,0.09694075152629575,0.710261423628681,0.1927978248450232
25567,LOF,0.038329450285797324,0.14132448567161632,0.8203460640425864
25568,LOF,0.06434199637573114,0.07767263145557873,0.8579853721686901
25569,LOF,0.06090120002755688,0.07950804523358666,0.8595907547388565
25570,LOF,0.02724027902383987,0.10926069617502385,0.8634990248011362
25571,LOF,0.025635965287553072,0.10919347121730616,0.8651705634951408
25572,LOF,0.06464953244816266,0.12613053120301565,0.8092199363488217
25573,LOF,0.05769220027754856,0.0953359585610394,0.846971841161412
25574,LOF,0.057280168064633916,0.20609115659238392,0.7366286753429822
25575,LOF,0.02225260386745571,0.12451605278096932,0.853231343351575
25576,LOF,0.031893890455382365,0.1581776437129988,0.8099284658316189
25577,LOF,0.031245582115662446,0.13167366224579927,0.8370807556385383
25578,LOF,0.2982218191624951,0.08596440946071987,0.615813771376785
25579,LOF,0.1379661880731378,0.09287685240295418,0.7691569595239081
25580,LOF,0.019301693215741284,0.08885562879170927,0.8918426779925493
25581,LOF,0.05686727225252812,0.07210349215197914,0.8710292355954927
25582,LOF,0.05677803926456556,0.07051310830353077,0.8727088524319035
25583,LOF,0.021800144330736498,0.08672634887586388,0.8914735067933997
25584,Neutral,0.6795762546444025,0.10169695740536631,0.21872678795023118
25585,LOF,0.029484687945295893,0.1446012004643202,0.825914111590384
25586,LOF,0.018154268661222366,0.08135875175565929,0.9004869795831184
25587,LOF,0.017556782905338065,0.06961789366836538,0.9128253234262965
25588,LOF,0.021177103139648767,0.07989769978364099,0.8989251970767103
25589,Neutral,0.5132804134339829,0.2093616694433767,0.2773579171226403
25590,LOF,0.04994965041374816,0.1318068797989008,0.8182434697873511
25591,LOF,0.10033684169757216,0.062101322137798544,0.8375618361646292
25592,LOF,0.061887322142848006,0.1375074482570684,0.8006052296000836
25593,LOF,0.15452637104729885,0.2471195618557945,0.5983540670969066
25594,LOF,0.0590817011352678,0.12316502318904748,0.8177532756756848
25595,LOF,0.055670859965897025,0.08210552004771261,0.8622236199863905
25596,LOF,0.11766799912380424,0.043968565064609624,0.8383634358115861
25597,LOF,0.09240195036944308,0.05319998361140879,0.854398066019148
25598,LOF,0.05518729243483736,0.08903599644615251,0.8557767111190102
25599,GOF,0.02394153951369449,0.4882030205239145,0.48785543996239095
25600,GOF,0.17358471895367983,0.49507877333460254,0.3313365077117177
25601,LOF,0.04011278194214423,0.41157329839055196,0.5483139196673038
25602,LOF,0.02916365562898264,0.07052297535185376,0.9003133690191635
25603,LOF,0.029990490860043115,0.0352361921798098,0.934773316960147
25604,LOF,0.03157732739652237,0.08361665762425172,0.884806014979226
25605,LOF,0.03469497536841487,0.21550015141883394,0.7498048732127512
25606,LOF,0.3911225429387222,0.12618926027436325,0.48268819678691455
25607,LOF,0.02304325092983378,0.19450477631864338,0.7824519727515229
25608,LOF,0.0310457140858966,0.07800279103062421,0.8909514948834791
25609,GOF,0.14258847578893744,0.5175445233209343,0.33986700089012833
25610,LOF,0.01598086534660923,0.030105381362222888,0.953913753291168
25611,LOF,0.013461824029043548,0.035014472823375276,0.9515237031475813
25612,LOF,0.050086937701669915,0.046520712486795936,0.9033923498115342
25613,LOF,0.046066377806996746,0.046435946519409646,0.9074976756735937
25614,LOF,0.021633724631324062,0.027891388102772818,0.9504748872659031
25615,LOF,0.047165333155832614,0.04628467067258681,0.9065499961715805
25616,LOF,0.05124808281854979,0.031377976153403986,0.9173739410280463
25617,LOF,0.044715792133679357,0.04416409592731595,0.9111201119390048
25618,LOF,0.05597148960680337,0.039394852488356856,0.9046336579048397
25619,LOF,0.01343854158575037,0.035313956127836284,0.9512475022864133
25620,LOF,0.06377166112411856,0.0494177264917096,0.8868106123841719
25621,LOF,0.058416726221161334,0.03756646384437815,0.9040168099344605
25622,LOF,0.06838650075910906,0.03435350727962139,0.8972599919612696
25623,LOF,0.0785909699724171,0.026923060575180343,0.8944859694524027
25624,LOF,0.018840856852929615,0.03534128933489054,0.9458178538121799
25625,LOF,0.06803672682919602,0.0426194481921826,0.8893438249786214
25626,LOF,0.05140661715036754,0.04492081357398523,0.9036725692756472
25627,Neutral,0.8870072608170928,0.019332947072344786,0.09365979211056241
25628,LOF,0.12421981078029161,0.06222934583271917,0.8135508433869891
25629,LOF,0.06632068755877381,0.050184891156784366,0.8834944212844419
25630,LOF,0.28889471032457215,0.0715977513891042,0.6395075382863237
25631,Neutral,0.5496485932872802,0.0651563451767276,0.38519506153599203
25632,LOF,0.027559466140907467,0.059235369100985785,0.9132051647581068
25633,LOF,0.18847762352154462,0.037337634864346735,0.7741847416141088
25634,LOF,0.03292240194342402,0.08367094119464942,0.8834066568619267
25635,LOF,0.03482060487049201,0.04637028825986576,0.9188091068696422
25636,LOF,0.03407327549748644,0.4238383076551966,0.542088416847317
25637,LOF,0.06586847792171122,0.445901781957008,0.48822974012128084
25638,LOF,0.025646087435441493,0.34181273077634283,0.6325411817882157
25639,LOF,0.02856089253490335,0.3691926957751608,0.6022464116899359
25640,Neutral,0.8015851648728808,0.15695564045037547,0.041459194676743895
25641,GOF,0.06711434575856459,0.47309769757472003,0.45978795666671535
25642,LOF,0.04436840669588633,0.16217140588112905,0.7934601874229846
25643,LOF,0.18508080945697966,0.14628701639131333,0.668632174151707
25644,LOF,0.022696070526543637,0.4387914360529278,0.5385124934205285
25645,LOF,0.02605541671440759,0.37482306934532056,0.5991215139402719
25646,LOF,0.05462546004779324,0.29630414871365396,0.6490703912385528
25647,LOF,0.025736213189194036,0.24215707847135814,0.7321067083394479
25648,LOF,0.03626226867866893,0.22634516508567165,0.7373925662356594
25649,LOF,0.017468531840678148,0.22814434985230123,0.7543871183070205
25650,LOF,0.050532143783663754,0.39223736935913256,0.5572304868572038
25651,LOF,0.017443597738221385,0.2677519026324646,0.7148044996293139
25652,LOF,0.03477296400065957,0.24148739814894465,0.7237396378503959
25653,LOF,0.09077407438092162,0.38363898243896766,0.5255869431801108
25654,LOF,0.02648749321085201,0.2148582284677565,0.7586542783213915
25655,LOF,0.23195586487308806,0.3582860421522519,0.40975809297466015
25656,LOF,0.24303153472478775,0.05219833377218039,0.7047701315030318
25657,LOF,0.060765645805547414,0.06112162094293178,0.8781127332515208
25658,LOF,0.35707442630773484,0.06474277519303502,0.5781827984992303
25659,Neutral,0.5139291513257289,0.08446516746959272,0.4016056812046783
25660,LOF,0.021806920739299723,0.07917571738001043,0.8990173618806899
25661,LOF,0.09253940297871097,0.05860786197084426,0.8488527350504447
25662,LOF,0.03170634659452433,0.03218315008918808,0.9361105033162875
25663,LOF,0.04188957194105831,0.04545090522869317,0.9126595228302485
25664,LOF,0.1523730782233764,0.06783317971898176,0.7797937420576418
25665,LOF,0.05663255391830181,0.031767757382912674,0.9115996886987856
25666,LOF,0.09587173846005577,0.07521618362424302,0.8289120779157012
25667,LOF,0.06523022529795437,0.03689948419836352,0.8978702905036822
25668,LOF,0.03544860631782023,0.04717386588209435,0.9173775278000854
25669,LOF,0.030948923100939038,0.04978359372514474,0.9192674831739164
25670,LOF,0.1478099042399167,0.0590506813914378,0.7931394143686454
25671,LOF,0.10056204417460014,0.034143881633839045,0.8652940741915608
25672,LOF,0.0506878206666834,0.04335282611996812,0.9059593532133485
25673,LOF,0.08265904114462885,0.04963393501139383,0.8677070238439772
25674,LOF,0.06839665914412654,0.05999421788135256,0.8716091229745209
25675,LOF,0.12391417285773128,0.05575767954781165,0.820328147594457
25676,LOF,0.016925562173648247,0.05262571221317445,0.9304487256131773
25677,LOF,0.02300478993847911,0.07140277731963797,0.905592432741883
25678,LOF,0.1826643756118539,0.06285281061653059,0.7544828137716156
25679,LOF,0.11922558442596451,0.08382030638309551,0.79695410919094
25680,LOF,0.029391451054232364,0.11645295741108923,0.8541555915346783
25681,LOF,0.0463572898301112,0.10708969441362223,0.8465530157562665
25682,LOF,0.12921359930511175,0.07398785936685805,0.7967985413280302
25683,LOF,0.118867362982221,0.09191634672335433,0.7892162902944245
25684,LOF,0.04111096887555165,0.07454510662487053,0.8843439244995779
25685,LOF,0.13908571813169993,0.04603448833466739,0.8148797935336327
25686,LOF,0.08887887972518657,0.07779537578212344,0.83332574449269
25687,LOF,0.12842150238110536,0.08118696378475423,0.7903915338341403
25688,LOF,0.3126198821632456,0.03694049859317293,0.6504396192435815
25689,LOF,0.22743718821170528,0.038340976663656746,0.7342218351246379
25690,LOF,0.3116717001272339,0.02841091225994359,0.6599173876128226
25691,Neutral,0.6864475771500249,0.02142281975934141,0.2921296030906336
25692,LOF,0.2948445902918421,0.011039755431031832,0.6941156542771261
25693,LOF,0.051015934315635,0.4388524138759231,0.510131651808442
25694,LOF,0.12001072340971318,0.015100399054832434,0.8648888775354543
25695,LOF,0.12205920947826256,0.015887676250777128,0.8620531142709603
25696,LOF,0.10398524062482163,0.009199938710855959,0.8868148206643224
25697,LOF,0.12449856070808313,0.03192311722690228,0.8435783220650145
25698,LOF,0.34607129152928995,0.18735141080841966,0.4665772976622905
25699,LOF,0.46968441943244393,0.03769736677484558,0.4926182137927105
25700,LOF,0.06389404326706098,0.010078839022813342,0.9260271177101257
25701,LOF,0.161060571824626,0.056063653614893724,0.7828757745604803
25702,GOF,0.17358031337489005,0.55148461337308,0.27493507325203004
25703,LOF,0.0161414525884999,0.1598841891859742,0.823974358225526
25704,LOF,0.04815538822089063,0.11331276056418686,0.8385318512149225
25705,LOF,0.060568125986790254,0.1766386622254584,0.7627932117877514
25706,LOF,0.10241592994847946,0.39389139085692876,0.5036926791945918
25707,LOF,0.08967110562010727,0.31431685241403284,0.5960120419658599
25708,LOF,0.031041844461057618,0.28063941573697926,0.6883187398019631
25709,LOF,0.064875828575711,0.04096465571848813,0.8941595157058008
25710,LOF,0.011558420453822547,0.14954238263618574,0.8388991969099917
25711,LOF,0.01841625746904926,0.09467064615338837,0.8869130963775624
25712,LOF,0.013957421830797748,0.1820254304882286,0.8040171476809737
25713,LOF,0.018200624687843323,0.07960774511575397,0.9021916301964028
25714,LOF,0.0738471019846281,0.08065527586215518,0.8454976221532168
25715,LOF,0.010854621240011873,0.1417067536585674,0.8474386251014208
25716,LOF,0.013763438789955876,0.11255118386883615,0.8736853773412081
25717,LOF,0.012054928683125656,0.08186735188467446,0.9060777194321998
25718,LOF,0.01161889110240852,0.09786973149425071,0.8905113774033409
25719,LOF,0.01797293365685944,0.07684069192220461,0.905186374420936
25720,LOF,0.022301072116238222,0.06480644570035227,0.9128924821834095
25721,LOF,0.014377292982522064,0.10575462354706007,0.8798680834704178
25722,LOF,0.014078449870015842,0.12258412872875728,0.8633374214012269
25723,LOF,0.021794844376374637,0.03899698869187135,0.9392081669317541
25724,LOF,0.022552922636649153,0.08646216592735896,0.8909849114359919
25725,LOF,0.011371803157650809,0.06735220402765676,0.9212759928146924
25726,LOF,0.015130104330790452,0.09344165960481288,0.8914282360643967
25727,LOF,0.01268413950156298,0.07386551853692158,0.9134503419615154
25728,LOF,0.009463753571042474,0.12225532176829092,0.8682809246606666
25729,LOF,0.009854568674869996,0.11326135734682925,0.8768840739783007
25730,LOF,0.013740950184146382,0.08365672293743291,0.9026023268784206
25731,LOF,0.01928351503491856,0.11046342126856587,0.8702530636965156
25732,LOF,0.014165173108198979,0.07579875236969016,0.9100360745221108
25733,LOF,0.015247298687348237,0.07443466142907985,0.910318039883572
25734,LOF,0.012321866882742878,0.12176585742732389,0.8659122756899332
25735,LOF,0.013477397208528934,0.08389607300305388,0.9026265297884172
25736,LOF,0.014099844562461465,0.10218126450463302,0.8837188909329055
25737,LOF,0.020901590795061015,0.08675741809720455,0.8923409911077345
25738,LOF,0.011678193683475268,0.10710835495416204,0.8812134513623627
25739,LOF,0.02026672491584122,0.07885915985599129,0.9008741152281674
25740,LOF,0.025640176368262494,0.11206725324444188,0.8622925703872957
25741,LOF,0.014153848813495245,0.1161923692183498,0.869653781968155
25742,LOF,0.11236127922930031,0.08750480262457112,0.8001339181461284
25743,LOF,0.03033772718400056,0.035527556728213325,0.9341347160877862
25744,Neutral,0.5787276932875373,0.18784571314947243,0.2334265935629904
25745,LOF,0.07279137414431834,0.06720398544950648,0.8600046404061752
25746,LOF,0.04006870861535296,0.08760110034490397,0.8723301910397431
25747,LOF,0.02102856260483513,0.04562604321459386,0.933345394180571
25748,LOF,0.0970990302259952,0.06877201425826873,0.8341289555157362
25749,LOF,0.023506708895231432,0.0789053451267658,0.8975879459780027
25750,LOF,0.0809400965993382,0.07851630339510288,0.840543600005559
25751,LOF,0.08985581789578972,0.0718411096539917,0.8383030724502185
25752,GOF,0.12531782408686734,0.6279426786608884,0.24673949725224437
25753,LOF,0.019214141217838702,0.29040403907968143,0.6903818197024799
25754,GOF,0.011018812564288721,0.7706158832792545,0.21836530415645689
25755,LOF,0.023089140226050024,0.4090333522583942,0.5678775075155557
25756,LOF,0.0412748367855355,0.3784609427932808,0.5802642204211838
25757,GOF,0.015241156851369281,0.8271639600556053,0.1575948830930253
25758,GOF,0.02974555729798706,0.8107990899990132,0.15945535270299963
25759,GOF,0.011574147202055659,0.5511100944225339,0.43731575837541053
25760,LOF,0.013475465494410602,0.25788562114229235,0.728638913363297
25761,GOF,0.2868686905720804,0.623255269120912,0.08987604030700758
25762,LOF,0.037518087985123474,0.26569707428370687,0.6967848377311696
25763,LOF,0.014446353220178091,0.19897763049257877,0.786576016287243
25764,GOF,0.07551418235136219,0.6256691508927135,0.2988166667559244
25765,GOF,0.03684915178896833,0.7516676206887749,0.21148322752225687
25766,GOF,0.06755067926655837,0.750786202903159,0.1816631178302827
25767,GOF,0.13417356823998813,0.594407301977372,0.27141912978263993
25768,LOF,0.10081952635970093,0.07086284669200252,0.8283176269482965
25769,LOF,0.06999981270779498,0.06416866055034992,0.8658315267418552
25770,LOF,0.32434321578778985,0.10055522469536247,0.5751015595168476
25771,LOF,0.04277370264021185,0.046642120679748725,0.9105841766800394
25772,LOF,0.016393886768968666,0.036546096757777896,0.9470600164732534
25773,LOF,0.052729391783241035,0.09808650928494102,0.849184098931818
25774,LOF,0.027749017565425218,0.07884204462238893,0.8934089378121859
25775,LOF,0.04881831139276325,0.05004550919282957,0.9011361794144072
25776,LOF,0.06908620416395829,0.02521537432459474,0.905698421511447
25777,LOF,0.3796403451870253,0.05893559579571999,0.5614240590172548
25778,LOF,0.06798458519062418,0.04659771934926044,0.8854176954601154
25779,GOF,0.38064891003687873,0.5716644938020942,0.04768659616102709
25780,GOF,0.3221977720054305,0.6017741228245521,0.07602810517001748
25781,GOF,0.12177295837085997,0.7605723603127789,0.11765468131636114
25782,GOF,0.2018149770978457,0.725073111132781,0.07311191176937337
25783,GOF,0.024248650017937596,0.600893805213297,0.3748575447687654
25784,Neutral,0.5392574299776263,0.42453512347946676,0.03620744654290697
25785,Neutral,0.4961170938712247,0.4684581150382109,0.03542479109056439
25786,GOF,0.026987886219341575,0.7360384454176079,0.23697366836305053
25787,Neutral,0.649390873473179,0.32379624665996226,0.026812879866858784
25788,LOF,0.05575391612725301,0.10213014908319334,0.8421159347895536
25789,GOF,0.21412062213924346,0.6539365243366354,0.13194285352412127
25790,GOF,0.22226480555190214,0.6583413177088235,0.11939387673927425
25791,GOF,0.18450730861861575,0.6533217407499143,0.1621709506314699
25792,GOF,0.3852294387064821,0.502784397461159,0.11198616383235889
25793,GOF,0.25009277779476136,0.5392487426718913,0.21065847953334726
25794,GOF,0.3047337565877805,0.505277648248189,0.18998859516403055
25795,GOF,0.08402576666538816,0.6656358362279816,0.25033839710663014
25796,Neutral,0.578393987125391,0.3373618923025981,0.08424412057201092
25797,GOF,0.09071336067666562,0.5310753658101081,0.37821127351322625
25798,LOF,0.009299665894944187,0.4876115444206128,0.5030887896844429
25799,LOF,0.006984546814681021,0.36519106614223074,0.6278243870430882
25800,GOF,0.031817124091890546,0.5774534142601547,0.3907294616479548
25801,GOF,0.20772402511212362,0.6394596544940057,0.15281632039387072
25802,GOF,0.07358175358282999,0.6573973997417503,0.2690208466754198
25803,GOF,0.03228829815226734,0.5655803529329932,0.40213134891473956
25804,LOF,0.028303419843806493,0.4729134650481134,0.4987831151080801
25805,GOF,0.08430049824142506,0.5787580442756489,0.336941457482926
25806,GOF,0.0941577903271299,0.5670486203135111,0.33879358935935905
25807,GOF,0.02021722890634627,0.6026984154786644,0.37708435561498926
25808,GOF,0.07562538027878123,0.6337152710185286,0.2906593487026901
25809,GOF,0.0177826984383268,0.5535575224142156,0.42865977914745756
25810,GOF,0.015369884947981706,0.5959764477678035,0.38865366728421485
25811,Neutral,0.4582723164518432,0.45403516686007594,0.08769251668808078
25812,GOF,0.033355266326233694,0.6236561467367923,0.342988586936974
25813,Neutral,0.5454944158308728,0.36176451436083024,0.09274106980829697
25814,GOF,0.12328372860330308,0.6280039167475494,0.24871235464914754
25815,GOF,0.18733820666679657,0.6331122857478304,0.17954950758537314
25816,GOF,0.02201481249696554,0.6782011442554841,0.29978404324755037
25817,GOF,0.23633261857277146,0.631417871530022,0.13224950989720638
25818,GOF,0.05674142770677924,0.6383262743297394,0.30493229796348126
25819,GOF,0.3726140191893249,0.49528914698142557,0.1320968338292496
25820,GOF,0.18560264479534713,0.6067118559676962,0.20768549923695673
25821,GOF,0.06080642648356772,0.6679950117600225,0.27119856175640966
25822,GOF,0.2271495199305217,0.567836263341503,0.20501421672797532
25823,GOF,0.036135676883563304,0.5301304301286597,0.433733892987777
25824,GOF,0.10022719043047612,0.5947961429485124,0.30497666662101147
25825,GOF,0.038756154838185904,0.5891109904879018,0.3721328546739122
25826,GOF,0.01551201242880387,0.5675788752743759,0.4169091122968203
25827,GOF,0.022222047121298865,0.6084585686745595,0.3693193842041417
25828,GOF,0.013098773744363468,0.5302275178764145,0.4566737083792221
25829,GOF,0.006096714334715033,0.5693925760316619,0.4245107096336231
25830,LOF,0.036840041740734464,0.305557447094328,0.6576025111649375
25831,GOF,0.2152766905907412,0.6622955206833209,0.12242778872593789
25832,GOF,0.034002595548036585,0.6726598355005151,0.29333756895144836
25833,GOF,0.1254280880705304,0.7057594905304252,0.16881242139904445
25834,GOF,0.03584307204323542,0.685387101522886,0.27876982643387865
25835,GOF,0.08273970354851279,0.7445359718565068,0.17272432459498036
25836,GOF,0.03944654645156676,0.6661521361766022,0.29440131737183106
25837,GOF,0.02696071572083892,0.5761308570278112,0.39690842725134984
25838,GOF,0.09298964307511433,0.7618266904530526,0.14518366647183312
25839,GOF,0.30728635939565485,0.5502592001740799,0.14245444043026526
25840,GOF,0.24687690520832098,0.6046864147352176,0.14843668005646138
25841,GOF,0.2410065997844606,0.6192211670828162,0.13977223313272324
25842,GOF,0.1685823299371269,0.7037071542568547,0.12771051580601836
25843,GOF,0.24711721413619028,0.6596017895010459,0.0932809963627638
25844,GOF,0.06857051828580756,0.7057414438487228,0.22568803786546968
25845,LOF,0.01705979833648771,0.4630687824795978,0.5198714191839146
25846,GOF,0.13028102873907788,0.7171226368119532,0.152596334448969
25847,GOF,0.13203413589389304,0.7594341187047319,0.10853174540137506
25848,GOF,0.04055819939825308,0.6966602366057989,0.262781563995948
25849,GOF,0.011643747362930201,0.5741448558005993,0.4142113968364706
25850,GOF,0.02401926460663417,0.6474287338199923,0.3285520015733736
25851,GOF,0.01976025552583631,0.5276284279407685,0.45261131653339515
25852,GOF,0.17787103391747547,0.5432688870552594,0.27886007902726506
25853,GOF,0.3411748712260357,0.5846295043805219,0.07419562439344231
25854,GOF,0.022552369949047777,0.6144294906036563,0.36301813944729594
25855,GOF,0.03619682624393626,0.5479890907454145,0.41581408301064937
25856,GOF,0.24563588683136303,0.5329271898892463,0.22143692327939077
25857,GOF,0.03672378403393146,0.49060374907328974,0.47267246689277886
25858,GOF,0.021463544931025678,0.5284580928037189,0.4500783622652553
25859,GOF,0.010426188857437447,0.49681202754870535,0.4927617835938571
25860,GOF,0.3669374918304408,0.5492932301298773,0.08376927803968198
25861,GOF,0.43572227652408235,0.49438075423019046,0.06989696924572729
25862,GOF,0.09115689961371694,0.7642848664733504,0.14455823391293265
25863,GOF,0.08322148926280655,0.7564567005149986,0.16032181022219488
25864,GOF,0.20961658176425368,0.7162783300817442,0.07410508815400227
25865,GOF,0.10030680203158672,0.7855600401039179,0.11413315786449553
25866,GOF,0.06829564308148324,0.7665686793796745,0.16513567753884226
25867,GOF,0.09222480678553592,0.8044300303900389,0.10334516282442514
25868,GOF,0.2917471263148753,0.6128814482357687,0.09537142544935592
25869,Neutral,0.7172998888186817,0.2417210719980216,0.04097903918329682
25870,GOF,0.28494192387843065,0.37567578313636146,0.3393822929852078
25871,GOF,0.2462855662796593,0.6109145769352446,0.14279985678509594
25872,GOF,0.0780896898119941,0.6614605421367977,0.2604497680512083
25873,GOF,0.1167515105321793,0.6909261750196135,0.1923223144482072
25874,LOF,0.015831868285280316,0.11207879610874037,0.8720893356059793
25875,LOF,0.09142010868861748,0.04285554472595808,0.8657243465854245
25876,LOF,0.0393451695317143,0.026430930992541145,0.9342238994757446
25877,Neutral,0.4957657792605255,0.04304120358022185,0.46119301715925265
25878,LOF,0.2282745433404473,0.08385255698562291,0.6878728996739297
25879,LOF,0.09091886616830311,0.08755336310884511,0.8215277707228518
25880,LOF,0.04132399548339505,0.014159390457484116,0.9445166140591208
25881,LOF,0.18674454705678165,0.1287951038962504,0.6844603490469681
25882,LOF,0.061686821280201073,0.018680598676665224,0.9196325800431338
25883,LOF,0.07035764344322122,0.01930255700302062,0.9103397995537582
25884,LOF,0.032652465361533566,0.029341828831697336,0.9380057058067691
25885,LOF,0.060219282679043314,0.009838352429577717,0.9299423648913789
25886,LOF,0.26370329682925436,0.03748184313440671,0.6988148600363389
25887,LOF,0.16650503100693936,0.07321107190838681,0.7602838970846738
25888,LOF,0.07347317492481643,0.06542956108679363,0.8610972639883899
25889,LOF,0.03929664174558229,0.01993745217205342,0.9407659060823642
25890,LOF,0.05091837499010251,0.1506361497933201,0.7984454752165774
25891,LOF,0.03789815824971832,0.055508149897233454,0.9065936918530482
25892,LOF,0.09427530965903998,0.02466942278694716,0.881055267554013
25893,LOF,0.26831473631418795,0.02407517501431454,0.7076100886714974
25894,LOF,0.17629595096942857,0.01349143405547189,0.8102126149750997
25895,LOF,0.2227227670853838,0.023226658814820656,0.7540505740997955
25896,LOF,0.04995510229096673,0.024499406649760636,0.9255454910592726
25897,LOF,0.26123223634499904,0.013794167694280652,0.7249735959607202
25898,Neutral,0.7078361355541005,0.01195202483122912,0.28021183961467044
25899,LOF,0.2230405136699942,0.02323588623500861,0.7537236000949972
25900,LOF,0.4557065168799666,0.017060798430566106,0.5272326846894673
25901,LOF,0.053366527337998036,0.015339915998911213,0.9312935566630907
25902,LOF,0.1659649205349188,0.01760139722370797,0.8164336822413732
25903,Neutral,0.5609251391099023,0.03310568904335726,0.4059691718467403
25904,LOF,0.3039881634203932,0.05082338504966737,0.6451884515299394
25905,LOF,0.023568652967836043,0.32728940727781797,0.6491419397543459
25906,LOF,0.030530894324682287,0.07728426314746852,0.8921848425278492
25907,LOF,0.014092452430067603,0.3259464905958249,0.6599610569741076
25908,LOF,0.009987758530027155,0.25064308432136995,0.7393691571486029
25909,LOF,0.012398255477211847,0.13537674251791387,0.8522250020048743
25910,LOF,0.05068622636589724,0.14564000542512073,0.8036737682089822
25911,LOF,0.1773404799547925,0.01990136505900392,0.8027581549862035
25912,LOF,0.05237972597368572,0.03766608947348191,0.9099541845528323
25913,LOF,0.3085254653464777,0.01895059488098756,0.6725239397725348
25914,LOF,0.020400717393894364,0.07014876137730272,0.909450521228803
25915,Neutral,0.5775134829368277,0.17806059170593147,0.24442592535724086
25916,LOF,0.09199410206941844,0.22873140814672885,0.6792744897838526
25917,LOF,0.06687219271686823,0.05043585597812901,0.8826919513050028
25918,LOF,0.022472146537693652,0.04425140854018739,0.933276444922119
25919,LOF,0.02035742906209532,0.048115116781263706,0.9315274541566411
25920,GOF,0.11632819141033361,0.5495023221573304,0.33416948643233596
25921,LOF,0.024553647781495783,0.031808096208114346,0.9436382560103899
25922,LOF,0.03396821255471165,0.02245704337031563,0.9435747440749727
25923,LOF,0.4294256236517447,0.025043372786854885,0.5455310035614005
25924,LOF,0.0363102170501419,0.038116627311649574,0.9255731556382086
25925,LOF,0.06419274043599175,0.029496782593107108,0.9063104769709011
25926,LOF,0.04710735593327548,0.02591620125983828,0.9269764428068862
25927,LOF,0.05955988374946166,0.09808417113930404,0.8423559451112342
25928,LOF,0.01946557173261562,0.040592852405278664,0.9399415758621057
25929,Neutral,0.5385330847720009,0.02733840488580164,0.43412851034219757
25930,LOF,0.07266321155141421,0.023174541785454028,0.9041622466631317
25931,LOF,0.026533438185370434,0.025483489456890853,0.9479830723577386
25932,LOF,0.02922716430072185,0.02013920787689992,0.9506336278223783
25933,LOF,0.03830718938359977,0.015204887491948664,0.9464879231244515
25934,LOF,0.025016064265945263,0.016398405534187567,0.9585855301998671
25935,LOF,0.05885055647978165,0.03696591525350429,0.904183528266714
25936,LOF,0.04660273459401177,0.01955848283756732,0.933838782568421
25937,LOF,0.028330764984319374,0.03009995962772368,0.9415692753879569
25938,LOF,0.05915946030664734,0.03751810164545233,0.9033224380479004
25939,LOF,0.040638263805189014,0.01600748231630881,0.9433542538785022
25940,LOF,0.027241304133741564,0.3920964036279807,0.5806622922382777
25941,LOF,0.16619085736030476,0.1140664888225568,0.7197426538171384
25942,LOF,0.013444629285963383,0.03301799338279237,0.9535373773312443
25943,LOF,0.303194287885451,0.05687545354918926,0.6399302585653598
25944,LOF,0.48278872197493544,0.024058060207694524,0.49315321781737
25945,LOF,0.06927809915872069,0.022825204015014516,0.9078966968262648
25946,LOF,0.029642505083809487,0.1081623330198705,0.86219516189632
25947,LOF,0.0936535919593666,0.22776798759260922,0.6785784204480242
25948,LOF,0.36218816712963936,0.00833966679834551,0.6294721660720152
25949,LOF,0.15018320552312875,0.03599538086808841,0.8138214136087829
25950,GOF,0.2883126325008894,0.39131308304510076,0.32037428445400984
25951,LOF,0.20475969897674584,0.24006416756298227,0.5551761334602718
25952,LOF,0.0445044128124132,0.4456115814561834,0.5098840057314035
25953,LOF,0.16856402242333127,0.1069654878685493,0.7244704897081196
25954,Neutral,0.4433872912661702,0.1800511378677676,0.37656157086606223
25955,LOF,0.05048754728555936,0.09269537181765114,0.8568170808967894
25956,LOF,0.16553849309761653,0.10299760071400846,0.731463906188375
25957,LOF,0.03666832624211188,0.029505289833084168,0.9338263839248039
25958,LOF,0.059771392208604765,0.028861526779599245,0.911367081011796
25959,LOF,0.07699737347155436,0.3529995844687081,0.5700030420597376
25960,LOF,0.01777877124533817,0.05161463906044302,0.9306065896942188
25961,LOF,0.043935339715428866,0.02986801871818509,0.926196641566386
25962,LOF,0.05603265323204996,0.02760974421715018,0.9163576025507999
25963,LOF,0.046895327383373556,0.18568955950878577,0.7674151131078406
25964,LOF,0.03603292491335659,0.16221517366032015,0.8017519014263232
25965,LOF,0.4569365322899869,0.07648179861190653,0.4665816690981066
25966,Neutral,0.5264964816506884,0.16882816326765981,0.30467535508165183
25967,LOF,0.017284347064120666,0.10194507540491297,0.8807705775309664
25968,LOF,0.025365608890309924,0.4225774467413365,0.5520569443683535
25969,LOF,0.02572510520036381,0.06600013069512141,0.9082747641045148
25970,LOF,0.06251605491592455,0.062081770809071374,0.875402174275004
25971,LOF,0.06140779150588338,0.01936129073695182,0.9192309177571647
25972,LOF,0.06716879951293316,0.027895461245475345,0.9049357392415915
25973,LOF,0.07169741311054444,0.010050033435584511,0.918252553453871
25974,LOF,0.2000846130077457,0.016806443156859353,0.7831089438353949
25975,LOF,0.040524222027128264,0.026961838749744324,0.9325139392231274
25976,LOF,0.04011440289653027,0.01552403492419619,0.9443615621792736
25977,LOF,0.15975093136593177,0.08735256840225458,0.7528965002318136
25978,LOF,0.13909764529961127,0.06084507886860953,0.8000572758317792
25979,LOF,0.131090963043017,0.06571469047978815,0.8031943464771948
25980,LOF,0.24045808060427573,0.07540660110698011,0.6841353182887441
25981,LOF,0.27222550780557975,0.07326732186854698,0.6545071703258732
25982,LOF,0.38462126373779215,0.05369780490911701,0.5616809313530908
25983,LOF,0.38020948377791336,0.058341452780482875,0.5614490634416037
25984,LOF,0.04911043989662697,0.04475644492212424,0.9061331151812488
25985,LOF,0.03594602149617102,0.25250441495605813,0.7115495635477708
25986,LOF,0.0393846685135333,0.300019025847222,0.6605963056392447
25987,LOF,0.07430438478306281,0.06496565242908216,0.8607299627878551
25988,LOF,0.15977426316192583,0.05723257051654306,0.782993166321531
25989,LOF,0.03394530006828833,0.12168438740532943,0.8443703125263822
25990,LOF,0.04657132772550278,0.14221383414787575,0.8112148381266214
25991,LOF,0.11448803099943622,0.326464516883397,0.5590474521171668
25992,LOF,0.2884095179361025,0.1842577295913628,0.5273327524725347
25993,LOF,0.021433748588944514,0.08993959022521374,0.8886266611858417
25994,LOF,0.015734421915316574,0.1249214975376238,0.8593440805470596
25995,LOF,0.023249406983079812,0.23818755551986334,0.7385630374970569
25996,GOF,0.2881112258243882,0.4605913682350898,0.25129740594052197
25997,GOF,0.07827464027716592,0.47093308426390684,0.4507922754589273
25998,Neutral,0.533397651906101,0.023460562667655956,0.44314178542624305
25999,LOF,0.1188370008293205,0.09756214863454983,0.7836008505361297
26000,LOF,0.14124074686809512,0.0468712308978444,0.8118880222340605
26001,LOF,0.19821937018709507,0.056790920120698175,0.7449897096922069
26002,LOF,0.14738246531217436,0.04563430837803251,0.8069832263097931
26003,GOF,0.010497599702199725,0.5998595945516992,0.389642805746101
26004,GOF,0.01809358606946793,0.6685469452758444,0.3133594686546878
26005,LOF,0.007062283285213125,0.4594220419569574,0.5335156747578295
26006,Neutral,0.5353304227027534,0.24602626733465544,0.21864330996259113
26007,GOF,0.022602327264896152,0.519931998142366,0.45746567459273785
26008,GOF,0.015912024067515327,0.6338217078065649,0.35026626812591977
26009,GOF,0.019233498224608462,0.6948102629296017,0.2859562388457898
26010,GOF,0.019255743374666276,0.6556460451010294,0.32509821152430424
26011,LOF,0.006277968604152581,0.44506910131692357,0.5486529300789239
26012,GOF,0.012732174832357609,0.5434580984724477,0.4438097266951946
26013,GOF,0.017813122298279863,0.63505501394884,0.3471318637528802
26014,LOF,0.04243268529108809,0.10895965544177727,0.8486076592671347
26015,LOF,0.15734312972349038,0.01426010627692498,0.8283967639995846
26016,LOF,0.19682805789560506,0.055280045294259963,0.747891896810135
26017,LOF,0.22219018204931046,0.09044085188394296,0.6873689660667466
26018,LOF,0.08662253466592863,0.032970447624623096,0.8804070177094482
26019,LOF,0.0826669393408769,0.02615540899978581,0.8911776516593373
26020,LOF,0.0684826172651242,0.12549052676806158,0.8060268559668141
26021,LOF,0.048366315344474844,0.12491339299702471,0.8267202916585004
26022,LOF,0.011230212152155337,0.04161511282214614,0.9471546750256985
26023,LOF,0.06746213437782393,0.02044131127102891,0.9120965543511471
26024,LOF,0.03264854557201822,0.11997258073395144,0.8473788736940303
26025,LOF,0.15895723094894315,0.08538805613016036,0.7556547129208965
26026,LOF,0.32581591837764207,0.02898485070484361,0.6451992309175143
26027,LOF,0.06693515849299814,0.015880536122525764,0.9171843053844762
26028,LOF,0.1757674303932597,0.06428059454332427,0.759951975063416
26029,LOF,0.07100012452153547,0.20099813339488773,0.7280017420835768
26030,LOF,0.02158334122661018,0.05775810261434007,0.9206585561590497
26031,LOF,0.026269878067519473,0.14938500290991696,0.8243451190225636
26032,LOF,0.07092409080683976,0.095917525761262,0.8331583834318983
26033,LOF,0.080914040254631,0.09229519380640479,0.8267907659389642
26034,LOF,0.041943256362087115,0.1778022886729434,0.7802544549649694
26035,LOF,0.025793328537681716,0.16337474870858779,0.8108319227537305
26036,LOF,0.0388431370144422,0.19365185298327528,0.7675050100022826
26037,LOF,0.020984238707661997,0.1341443014391894,0.8448714598531487
26038,LOF,0.06545701318932637,0.09849643250110045,0.8360465543095732
26039,LOF,0.051195136775203993,0.1685581962299053,0.7802466669948906
26040,LOF,0.20673753357815505,0.1424352278047674,0.6508272386170776
26041,LOF,0.021552437547502613,0.12536571055056278,0.8530818519019346
26042,LOF,0.020275833005452156,0.1175776890263567,0.8621464779681911
26043,LOF,0.06586428731851701,0.11606895765957946,0.8180667550219035
26044,LOF,0.018800514438486564,0.07241542365525609,0.9087840619062574
26045,LOF,0.06743496063920301,0.1135879778812229,0.818977061479574
26046,LOF,0.05944088755262397,0.09046740136927789,0.8500917110780982
26047,LOF,0.07971591978350485,0.0940475639247855,0.8262365162917097
26048,LOF,0.048556355487426886,0.04373363043168094,0.9077100140808921
26049,Neutral,0.9693020365440804,0.007373253255254069,0.023324710200665455
26050,Neutral,0.9561235869228535,0.009777258261319343,0.03409915481582711
26051,LOF,0.05246122351360314,0.25730448170065445,0.6902342947857424
26052,LOF,0.07274084977140693,0.29298716064950436,0.6342719895790887
26053,LOF,0.054468021236822976,0.12739790756178973,0.8181340712013874
26054,LOF,0.05211931053945349,0.01763643530025143,0.930244254160295
26055,LOF,0.06737660316878935,0.014654054188491052,0.9179693426427197
26056,LOF,0.058187104373766396,0.01648092654277259,0.9253319690834612
26057,LOF,0.030506038208414136,0.01332199135297881,0.956171970438607
26058,LOF,0.03168129544019782,0.010822028713287482,0.9574966758465148
26059,LOF,0.2860166523147187,0.02116347719988195,0.6928198704853994
26060,LOF,0.03650028986465705,0.18178448602144537,0.7817152241138975
26061,LOF,0.017150755169016475,0.011755381337811694,0.971093863493172
26062,LOF,0.010132162345393755,0.018418275286690038,0.9714495623679161
26063,LOF,0.021102792889147834,0.012372499784822287,0.96652470732603
26064,LOF,0.022393807012329327,0.02034098338568067,0.9572652096019899
26065,LOF,0.02390827308721806,0.011567162540954114,0.9645245643718279
26066,LOF,0.020013648906005533,0.012179260702183992,0.9678070903918105
26067,LOF,0.025607263712790047,0.009097192585454895,0.965295543701755
26068,LOF,0.043618257570185476,0.029054659707906334,0.9273270827219081
26069,LOF,0.2479949808658259,0.018552302554848514,0.7334527165793256
26070,LOF,0.34171357495644405,0.01437845855326069,0.6439079664902952
26071,LOF,0.021459430272049693,0.01213453702311122,0.966406032704839
26072,LOF,0.020981091728520508,0.016543043801734245,0.9624758644697452
26073,LOF,0.0211132908305391,0.010824146355456693,0.9680625628140042
26074,Neutral,0.902714547062902,0.005876715794039837,0.09140873714305812
26075,LOF,0.04324985154977235,0.014927093420580536,0.9418230550296471
26076,LOF,0.03928312086920605,0.009578468112615278,0.9511384110181788
26077,LOF,0.009684723892522644,0.017376342256867437,0.9729389338506098
26078,LOF,0.012703412116254935,0.01244183573148321,0.9748547521522619
26079,LOF,0.05879496746825221,0.01819003132325424,0.9230150012084936
26080,LOF,0.05803758139485677,0.01816532979893763,0.9237970888062055
26081,LOF,0.03279800429211627,0.006870993910096233,0.9603310017977875
26082,LOF,0.013242143361616653,0.01633852186244103,0.9704193347759423
26083,LOF,0.18162985471559642,0.01343871699095476,0.8049314282934489
26084,LOF,0.04288256227644888,0.012862878719431118,0.94425455900412
26085,LOF,0.03887605641563646,0.012152900981618883,0.9489710426027447
26086,LOF,0.01963933795122064,0.01200520733009713,0.9683554547186821
26087,LOF,0.023233802312224845,0.008354664103561874,0.9684115335842133
26088,LOF,0.01636025529495856,0.024181985732046003,0.9594577589729953
26089,LOF,0.04329720978931697,0.022377658620285786,0.9343251315903972
26090,LOF,0.04269450301014851,0.017717655927516285,0.9395878410623353
26091,LOF,0.033101399279246095,0.006530130535645146,0.9603684701851087
26092,LOF,0.02302282524194865,0.008518869784481811,0.9684583049735696
26093,LOF,0.03354707436314644,0.006224724473154288,0.9602282011636992
26094,LOF,0.03559574646295373,0.006596919229885932,0.9578073343071605
26095,LOF,0.0387402165687627,0.012779285312357891,0.9484804981188795
26096,LOF,0.017616349225126216,0.0125744395464529,0.969809211228421
26097,LOF,0.012303160815636592,0.03284156517104281,0.9548552740133205
26098,LOF,0.07268078408670792,0.010725380719070842,0.9165938351942212
26099,LOF,0.02097520252606813,0.012762723206515126,0.9662620742674167
26100,LOF,0.02328228594134804,0.012110749892065967,0.964606964166586
26101,LOF,0.04734242279327264,0.015018865621942048,0.9376387115847853
26102,LOF,0.021105587466358575,0.013094874008798513,0.9657995385248429
26103,Neutral,0.883743549558002,0.01843568049974989,0.09782076994224805
26104,LOF,0.0755539061959892,0.024401592430622468,0.9000445013733884
26105,LOF,0.21748714519680776,0.3139452418247276,0.4685676129784646
26106,LOF,0.19795519257015792,0.11989665416363443,0.6821481532662077
26107,LOF,0.2413686560874071,0.08710916979342559,0.6715221741191673
26108,LOF,0.2751245325079499,0.10618436057255304,0.618691106919497
26109,LOF,0.09937771064766901,0.05399478272604201,0.846627506626289
26110,LOF,0.20122509237408928,0.008273407377501483,0.7905015002484093
26111,Neutral,0.5044507162017359,0.022080636927034214,0.47346864687123
26112,LOF,0.03240704796124488,0.008136421831068706,0.9594565302076864
26113,LOF,0.06341421050213016,0.018065088419372113,0.9185207010784976
26114,LOF,0.02607143665682002,0.02701058931492611,0.946917974028254
26115,LOF,0.08797210660175565,0.05507037381926464,0.8569575195789797
26116,LOF,0.06866560285248674,0.06212439599675597,0.8692100011507574
26117,LOF,0.44128068236018203,0.04215585730013169,0.5165634603396863
26118,LOF,0.031019847837159695,0.025777864253384516,0.9432022879094558
26119,LOF,0.021128023337121042,0.036810482298348934,0.94206149436453
26120,LOF,0.02576643895384347,0.023139759429951695,0.9510938016162049
26121,LOF,0.039383287294955036,0.08070572719909265,0.8799109855059523
26122,LOF,0.039721032885968836,0.039759739644604795,0.9205192274694263
