feature0,prediction,LoGoFunc_Neutral,LoGoFunc_GOF,LoGoFunc_LOF
25546,Neutral,0.6137793018401783,0.062133215836012085,0.3240874823238097
25547,Neutral,0.4823802303950457,0.10633128830301265,0.4112884813019415
25548,Neutral,0.473368895607612,0.09103756103911509,0.435593543353273
25549,LOF,0.4227555456939762,0.09151123997176497,0.4857332143342587
25550,LOF,0.34123490160809905,0.1225360019286314,0.5362290964632696
25551,LOF,0.29687342081403356,0.13476365577735164,0.5683629234086148
25552,LOF,0.2515679543500107,0.13237854378967454,0.6160535018603146
25553,Neutral,0.8008856728981576,0.0487385038615472,0.1503758232402952
25554,LOF,0.29218760113743286,0.12054036065180376,0.5872720382107633
25555,LOF,0.24306608980266609,0.11430547173139008,0.6426284384659438
25556,LOF,0.44224749156378296,0.101726689349981,0.456025819086236
25557,LOF,0.23927128180629245,0.11984126258803758,0.6408874556056701
25558,LOF,0.3140801211585379,0.11674089059418602,0.5691789882472761
25559,LOF,0.18463247500047086,0.09736657926657051,0.7180009457329587
25560,LOF,0.17375309137038783,0.09547041569124719,0.7307764929383649
25561,LOF,0.1640579283884936,0.10963322241056384,0.7263088492009425
25562,LOF,0.07697533141799422,0.0722674297809093,0.8507572388010964
25563,LOF,0.022836671081109306,0.14112208882662974,0.8360412400922609
25564,LOF,0.23383563285423623,0.13228951478048384,0.63387485236528
25565,LOF,0.19649016662780014,0.16161176810467995,0.6418980652675199
25566,GOF,0.08935579036113217,0.7474502319665544,0.16319397767231342
25567,LOF,0.03913891077672571,0.14347119203295736,0.8173898971903168
25568,LOF,0.059165726927895144,0.07280550868142457,0.8680287643906802
25569,LOF,0.060170161368094666,0.07163515065198622,0.868194687979919
25570,LOF,0.02689122745243992,0.10362782229455433,0.8694809502530058
25571,LOF,0.026283365277866066,0.10555160521814684,0.868165029503987
25572,LOF,0.06474287136131528,0.12290101493303078,0.812356113705654
25573,LOF,0.06167263230601282,0.09061875776072796,0.8477086099332591
25574,LOF,0.059168116917483325,0.22008891362867278,0.7207429694538439
25575,LOF,0.022062536101508587,0.11536922550577332,0.862568238392718
25576,LOF,0.02871157450629982,0.15238354744906177,0.8189048780446384
25577,LOF,0.0290078605774531,0.11394514245409722,0.8570469969684497
25578,LOF,0.30570208167692625,0.07631274656979503,0.6179851717532787
25579,LOF,0.1288915017376191,0.08331085575002271,0.7877976425123582
25580,LOF,0.019102661123044786,0.0807354314671564,0.900161907409799
25581,LOF,0.057357083146457995,0.06561281862098496,0.877030098232557
25582,LOF,0.05702003191998775,0.06458622470257605,0.8783937433774363
25583,LOF,0.020406821189270945,0.0777781146055295,0.9018150642051996
25584,Neutral,0.6730342491952935,0.10454016411002741,0.22242558669467924
25585,LOF,0.026376567653502735,0.12070112237599549,0.8529223099705018
25586,LOF,0.01843353756342165,0.06513114322543426,0.9164353192111442
25587,LOF,0.01786814214741825,0.060660172649984044,0.9214716852025976
25588,LOF,0.020127445451393954,0.07000146133461028,0.9098710932139957
25589,Neutral,0.5162587404434907,0.21554172345505054,0.26819953610145864
25590,LOF,0.05128619603835731,0.11093971527573523,0.8377740886859074
25591,LOF,0.10242348446854657,0.052904521711931565,0.8446719938195218
25592,LOF,0.05559689026134818,0.13266725340997018,0.8117358563286816
25593,LOF,0.13903509090209693,0.2766543071771886,0.5843106019207145
25594,LOF,0.054800821939761095,0.11278726187932583,0.8324119161809131
25595,LOF,0.0540928780287816,0.08438468335318249,0.8615224386180358
25596,LOF,0.11676087661833517,0.04681635085301271,0.8364227725286522
25597,LOF,0.08568703326791337,0.056123592376864935,0.8581893743552217
25598,LOF,0.05468168325813071,0.08226988893946903,0.8630484278024002
25599,GOF,0.021180192123709706,0.4976172010981849,0.4812026067781054
25600,GOF,0.18619730697051284,0.4982658768481068,0.3155368161813803
25601,LOF,0.03936466482601446,0.400517103461273,0.5601182317127126
25602,LOF,0.02908947327467885,0.06652749142412186,0.9043830353011992
25603,LOF,0.029262497319812193,0.035002601856123666,0.9357349008240642
25604,LOF,0.03082337391468546,0.08256200284977999,0.8866146232355345
25605,LOF,0.033124493941874555,0.2006408922744651,0.7662346137836602
25606,LOF,0.39385466208061937,0.12131870830121012,0.48482662961817047
25607,LOF,0.024056761908626375,0.20069306929464475,0.7752501687967289
25608,LOF,0.034334654756950085,0.0722874305214343,0.8933779147216157
25609,GOF,0.17084721651138732,0.5008153910913657,0.328337392397247
25610,LOF,0.014889145190567853,0.02999001012277463,0.9551208446866576
25611,LOF,0.012886103387536627,0.03488612652577361,0.9522277700866899
25612,LOF,0.049524531963773696,0.045190080170228186,0.9052853878659981
25613,LOF,0.0467466809419827,0.04778098766881075,0.9054723313892065
25614,LOF,0.02100080698497372,0.028514862599431767,0.9504843304155944
25615,LOF,0.04341394630964718,0.046744230462369814,0.909841823227983
25616,LOF,0.04747602650140922,0.031761221467539125,0.9207627520310517
25617,LOF,0.0415214651476265,0.044240427984283355,0.9142381068680902
25618,LOF,0.049045395800837055,0.03938045466959577,0.9115741495295672
25619,LOF,0.01315196479748225,0.035074329103406604,0.9517737060991112
25620,LOF,0.06421513173744212,0.04642268864213606,0.8893621796204217
25621,LOF,0.0517750826025365,0.03843399352130104,0.9097909238761623
25622,LOF,0.06200344586842039,0.0385939857406925,0.8994025683908872
25623,LOF,0.06903386454209236,0.029716912787117675,0.90124922267079
25624,LOF,0.01788095643799579,0.03697589041514785,0.9451431531468565
25625,LOF,0.06242652650346715,0.04410164571865614,0.8934718277778767
25626,LOF,0.04886484722174288,0.045402047346449696,0.9057331054318073
25627,Neutral,0.8978329861406851,0.01683362007949165,0.08533339377982332
25628,LOF,0.1413033670206702,0.0531321708408313,0.8055644621384985
25629,LOF,0.06595197061233898,0.04678199674434204,0.8872660326433189
25630,LOF,0.3038880823304712,0.06793786833400428,0.6281740493355246
25631,Neutral,0.5634860469755719,0.050930304117259496,0.3855836489071687
25632,LOF,0.027257663404867585,0.055089184565508986,0.9176531520296235
25633,LOF,0.18815140288054638,0.03220604324390277,0.7796425538755508
25634,LOF,0.03240521423081235,0.07816828260949525,0.8894265031596924
25635,LOF,0.036238964527332836,0.041240045009627774,0.9225209904630393
25636,LOF,0.03487360161620531,0.4526463710281551,0.5124800273556396
25637,LOF,0.06736239840927116,0.4607925948440131,0.4718450067467158
25638,LOF,0.028193997082053064,0.30257171731154775,0.6692342856063993
25639,LOF,0.029500407655722673,0.3472099900104712,0.6232896023338061
25640,Neutral,0.8267388549711785,0.1304843210137157,0.04277682401510583
25641,GOF,0.06644062373812483,0.4997706063142583,0.43378876994761684
25642,LOF,0.03848876813005452,0.18021384399449256,0.7812973878754529
25643,LOF,0.1954038425647798,0.187722823101648,0.6168733343335722
25644,LOF,0.022783291036005293,0.4367089600278701,0.5405077489361246
25645,LOF,0.0250883011532969,0.3872679557181398,0.5876437431285634
25646,LOF,0.05922251006389268,0.3006034480400754,0.6401740418960319
25647,LOF,0.0254355508559739,0.23900245480743168,0.7355619943365945
25648,LOF,0.03554311042641303,0.21740183362781448,0.7470550559457725
25649,LOF,0.017517211376715087,0.21690860137164167,0.7655741872516433
25650,LOF,0.05815298458400366,0.3682503684943708,0.5735966469216256
25651,LOF,0.01841613858133455,0.24611973447340282,0.7354641269452626
25652,LOF,0.03606052392663888,0.23399037292879263,0.7299491031445684
25653,LOF,0.08271699849884616,0.3724557747212138,0.5448272267799401
25654,LOF,0.02593894708406976,0.19848377785291832,0.7755772750630119
25655,LOF,0.245118962058932,0.3618965557800648,0.3929844821610032
25656,LOF,0.28289756390565135,0.057466930737982126,0.6596355053563664
25657,LOF,0.07138598316801435,0.06274389475919212,0.8658701220727936
25658,LOF,0.33136738822631845,0.06649595361074345,0.6021366581629382
25659,Neutral,0.5209613143790909,0.09875866835016815,0.380280017270741
25660,LOF,0.021927490413570845,0.08630839888811384,0.8917641106983153
25661,LOF,0.09071308822900687,0.05983797401150621,0.849448937759487
25662,LOF,0.03275781827535785,0.034011863160331425,0.9332303185643108
25663,LOF,0.043759225196810955,0.046446010560888415,0.9097947642423007
25664,LOF,0.14461914568454942,0.06675732826961546,0.7886235260458352
25665,LOF,0.05389935577941072,0.029451897845086124,0.9166487463755031
25666,LOF,0.08930331797110268,0.07589748282039205,0.8347991992085052
25667,LOF,0.06911619805991098,0.03679235536302732,0.8940914465770617
25668,LOF,0.036709885291455434,0.047814330637951125,0.9154757840705934
25669,LOF,0.033107230904127184,0.04903412497284003,0.9178586441230328
25670,LOF,0.1509748610165847,0.056998875970231254,0.792026263013184
25671,LOF,0.10574711937198032,0.03451781537981953,0.8597350652482001
25672,LOF,0.052512349990327806,0.04130091425275731,0.9061867357569148
25673,LOF,0.08108784520194795,0.04849278685754008,0.870419367940512
25674,LOF,0.06952362861688689,0.05674706765184214,0.8737293037312709
25675,LOF,0.12200107859143361,0.055882068546846235,0.8221168528617201
25676,LOF,0.017706085668344515,0.05219836263204373,0.9300955516996117
25677,LOF,0.02523254442632543,0.06574276818744243,0.9090246873862321
25678,LOF,0.21809533738872636,0.05892860895887413,0.7229760536523995
25679,LOF,0.12521330246720455,0.07768581413411965,0.7971008833986758
25680,LOF,0.03328548675784664,0.1031562092671411,0.8635583039750123
25681,LOF,0.05098504960650364,0.09914507198245444,0.8498698784110419
25682,LOF,0.1383731501271449,0.07125378688724954,0.7903730629856055
25683,LOF,0.12233098819484257,0.08384567158220568,0.7938233402229516
25684,LOF,0.0458722723629536,0.07190419874085217,0.8822235288961942
25685,LOF,0.12069156811296429,0.05054069290064915,0.8287677389863866
25686,LOF,0.07254926357463658,0.08859742655813223,0.8388533098672312
25687,LOF,0.11303405324949571,0.0918014831103082,0.7951644636401961
25688,LOF,0.3067701171918045,0.03801318960712341,0.6552166932010721
25689,LOF,0.2342193138007231,0.03755653548066886,0.728224150718608
25690,LOF,0.3347506897130501,0.031833370094618826,0.633415940192331
25691,Neutral,0.6964357500251912,0.023132835721921752,0.28043141425288715
25692,LOF,0.3157515929894045,0.012608211323991383,0.6716401956866042
25693,LOF,0.04717200440679101,0.437063474744525,0.5157645208486841
25694,LOF,0.11717801514235289,0.016966574329933377,0.8658554105277138
25695,LOF,0.12188733565800842,0.016913637816252398,0.8611990265257393
25696,LOF,0.11758245262399665,0.010049928867872863,0.8723676185081305
25697,LOF,0.12490105343355891,0.034901684394927045,0.8401972621715141
25698,LOF,0.3588555052393832,0.18747829813567213,0.4536661966249446
25699,LOF,0.4626858205212705,0.04221114641039905,0.49510303306833053
25700,LOF,0.06725707598437586,0.008289357524166189,0.924453566491458
25701,LOF,0.15157803048264715,0.054966647330816965,0.7934553221865359
25702,GOF,0.18452831278171558,0.560630310239977,0.25484137697830733
25703,LOF,0.018627725496847422,0.14954855235796158,0.8318237221451911
25704,LOF,0.05014961165941872,0.11290746241812165,0.8369429259224596
25705,LOF,0.061055890241242416,0.18329813883762947,0.7556459709211282
25706,LOF,0.09617007495314105,0.4089110255951288,0.49491889945173007
25707,LOF,0.09248259706590699,0.32004159070966054,0.5874758122244325
25708,LOF,0.033381034275842505,0.2815521202979995,0.685066845426158
25709,LOF,0.06149261302289051,0.037156442668733934,0.9013509443083756
25710,LOF,0.01221976520099067,0.1348127370291115,0.8529674977698979
25711,LOF,0.016974323662705352,0.08907320896528735,0.8939524673720074
25712,LOF,0.013869581273890525,0.17818022129857472,0.8079501974275348
25713,LOF,0.01805861684021106,0.07675193602282171,0.9051894471369673
25714,LOF,0.06613068373242093,0.07742640814889105,0.8564429081186882
25715,LOF,0.010110688650599284,0.13261728844732273,0.8572720229020779
25716,LOF,0.014380265731546093,0.11470389884064644,0.8709158354278075
25717,LOF,0.014197477843537648,0.07747240703985149,0.9083301151166108
25718,LOF,0.011324872047670274,0.09415428751076321,0.8945208404415664
25719,LOF,0.01628218614019452,0.07596282966637105,0.9077549841934345
25720,LOF,0.02175437755159223,0.06689531569646498,0.9113503067519427
25721,LOF,0.013743301397848738,0.10949685303302663,0.8767598455691247
25722,LOF,0.012467555294216517,0.11957832525641263,0.8679541194493707
25723,LOF,0.021327656651722614,0.04246094192745571,0.9362114014208216
25724,LOF,0.021725760573217515,0.07612758300878712,0.9021466564179954
25725,LOF,0.010610886327235836,0.06536554933075514,0.924023564342009
25726,LOF,0.014340151829565157,0.09359462657801985,0.8920652215924151
25727,LOF,0.011693493009369258,0.06978842985014251,0.9185180771404882
25728,LOF,0.008994127658929553,0.1101173013731199,0.8808885709679506
25729,LOF,0.009413220117007664,0.10464847257223671,0.8859383073107556
25730,LOF,0.012385474589245238,0.07882609995608207,0.9087884254546728
25731,LOF,0.01895424216784952,0.11687240593151091,0.8641733519006395
25732,LOF,0.013733978628320785,0.07453634893043501,0.9117296724412443
25733,LOF,0.014722102628748401,0.07136969819188932,0.9139081991793623
25734,LOF,0.011241170662884032,0.11997827152215683,0.8687805578149591
25735,LOF,0.01220030031422231,0.08474272028415177,0.903056979401626
25736,LOF,0.012928307017778076,0.11107561024829671,0.8759960827339252
25737,LOF,0.019551468443510286,0.07695971666709524,0.9034888148893945
25738,LOF,0.011676874860948696,0.09409415123912215,0.8942289738999291
25739,LOF,0.019603764744687648,0.06965956706928193,0.9107366681860305
25740,LOF,0.0240586551608669,0.09826249158316411,0.8776788532559691
25741,LOF,0.01426685373099579,0.10107627744787936,0.8846568688211248
25742,LOF,0.10943189215306666,0.0742499831511107,0.8163181246958225
25743,LOF,0.029942794572068367,0.03172986722369321,0.9383273382042384
25744,Neutral,0.6145195130397375,0.18171732233379628,0.20376316462646615
25745,LOF,0.08402146767903212,0.06627239592918578,0.849706136391782
25746,LOF,0.03934492542927217,0.0801652906426826,0.8804897839280451
25747,LOF,0.02078869426201875,0.04054273730107973,0.9386685684369015
25748,LOF,0.08567783474646606,0.06120156741759642,0.8531205978359376
25749,LOF,0.025778789759904688,0.07883874460144114,0.8953824656386541
25750,LOF,0.07984550074324936,0.08086397109009126,0.8392905281666594
25751,LOF,0.08430807222895073,0.06564881822238237,0.8500431095486669
25752,GOF,0.11634587731063745,0.6322153581540063,0.25143876453535624
25753,LOF,0.02088033485267553,0.2853112977129605,0.693808367434364
25754,GOF,0.010519145197010573,0.7998332494033025,0.189647605399687
25755,LOF,0.02468901570844058,0.38697349423125116,0.5883374900603083
25756,LOF,0.0414567929929555,0.3647976947274917,0.5937455122795529
25757,GOF,0.013229292114463307,0.8403517101155343,0.14641899777000225
25758,GOF,0.028786614169064976,0.8263586153760177,0.14485477045491732
25759,GOF,0.011133922054085319,0.5553917021446879,0.4334743758012268
25760,LOF,0.012714853983505187,0.24775863937779724,0.7395265066386976
25761,GOF,0.231825747116739,0.6782468227021569,0.08992743018110419
25762,LOF,0.03486441082259766,0.26691795684291975,0.6982176323344826
25763,LOF,0.013237488196395834,0.20670978464336182,0.7800527271602423
25764,GOF,0.07399458226779121,0.6295611675330643,0.29644425019914444
25765,GOF,0.03780551723623082,0.7425861195081359,0.21960836325563346
25766,GOF,0.0584600694046037,0.758744909998676,0.1827950205967203
25767,GOF,0.15958271105014465,0.5521545985733276,0.2882626903765278
25768,LOF,0.09661310506902149,0.0723023360082615,0.831084558922717
25769,LOF,0.07290265551092025,0.06365398168181825,0.8634433628072615
25770,LOF,0.295302931611039,0.07143327204739296,0.6332637963415679
25771,LOF,0.03882869576626902,0.04342687112289147,0.9177444331108395
25772,LOF,0.016409680740529436,0.03468929343827416,0.9489010258211963
25773,LOF,0.046757662049408594,0.08806283852751338,0.865179499423078
25774,LOF,0.02782279231461537,0.070038388434386,0.9021388192509986
25775,LOF,0.0476956335581278,0.042743602929231565,0.9095607635126407
25776,LOF,0.06582190785624387,0.02454740045843125,0.909630691685325
25777,LOF,0.3478862751608293,0.05035053503873267,0.601763189800438
25778,LOF,0.0656245288278189,0.044876200302988875,0.8894992708691922
25779,GOF,0.3788715376898867,0.5784179002226777,0.042710562087435656
25780,GOF,0.3058873774379265,0.6227081912942739,0.07140443126779963
25781,GOF,0.14907035931367008,0.7534564097429587,0.09747323094337122
25782,GOF,0.2212916879349922,0.712849907700475,0.06585840436453279
25783,GOF,0.023530900592655633,0.643550429812724,0.33291866959462035
25784,Neutral,0.5166390214995805,0.44441148735037816,0.03894949115004127
25785,GOF,0.44674370042909506,0.5142920738706692,0.03896422570023565
25786,GOF,0.027465457149916134,0.7677810735846341,0.2047534692654498
25787,Neutral,0.6310852539624103,0.3436136586741296,0.025301087363460074
25788,LOF,0.053419397490733406,0.10641848792454357,0.8401621145847231
25789,GOF,0.20991586563645748,0.6477606920704078,0.14232344229313484
25790,GOF,0.23958159773819432,0.6548172960310424,0.10560110623076326
25791,GOF,0.17532363093716244,0.6581767851778686,0.16649958388496905
25792,GOF,0.3645930788331122,0.5146741027252616,0.12073281844162616
25793,GOF,0.2611241725309728,0.5421420661736503,0.1967337612953768
25794,GOF,0.32507304394352526,0.5133833670852023,0.1615435889712724
25795,GOF,0.08777860645730612,0.6687741320781847,0.2434472614645092
25796,Neutral,0.566861764682333,0.35684457235434497,0.07629366296332196
25797,GOF,0.09209894249180398,0.5159618494329021,0.39193920807529387
25798,LOF,0.008985661226435971,0.47134743546463365,0.5196669033089304
25799,LOF,0.0076767032367188745,0.3666952394581869,0.6256280573050942
25800,GOF,0.036974615196948724,0.5760702636963065,0.38695512110674474
25801,GOF,0.2157782272500268,0.6591285069165282,0.125093265833445
25802,GOF,0.07476046494408603,0.6664806616562495,0.25875887339966436
25803,GOF,0.037435444587439234,0.5612560250920131,0.4013085303205476
25804,LOF,0.03258700981870013,0.4544639473405459,0.5129490428407539
25805,GOF,0.10470162816580356,0.5561578163135292,0.33914055552066724
25806,GOF,0.10777616730936371,0.5475428154834067,0.34468101720722966
25807,GOF,0.018917876869683607,0.597384414253925,0.3836977088763915
25808,GOF,0.0852366073829209,0.6236113564635972,0.2911520361534819
25809,GOF,0.01811328956785105,0.5621213440246013,0.4197653664075475
25810,GOF,0.017318327156747096,0.5970253482589248,0.385656324584328
25811,Neutral,0.462688737634247,0.4552276926485652,0.08208356971718773
25812,GOF,0.030455044233171885,0.6258674299657716,0.3436775258010565
25813,Neutral,0.5011492438370363,0.40709978485344045,0.0917509713095232
25814,GOF,0.10876392060614742,0.6397273874372524,0.2515086919566002
25815,GOF,0.18271714757580315,0.6267876932481699,0.19049515917602694
25816,GOF,0.020068287159018698,0.7035847959960997,0.27634691684488166
25817,GOF,0.22727558055900587,0.6512445346682255,0.12147988477276854
25818,GOF,0.056729548173102794,0.655860211099776,0.28741024072712107
25819,GOF,0.37677122387460765,0.4886658123126166,0.13456296381277572
25820,GOF,0.1880155440862347,0.6017306420362749,0.21025381387749034
25821,GOF,0.06219110421980887,0.6660025734887832,0.27180632229140783
25822,GOF,0.22054440156551758,0.5535815461863068,0.22587405224817558
25823,GOF,0.03306816455896291,0.5198416710720357,0.44709016436900134
25824,GOF,0.08220048043590901,0.6118989182475947,0.3059006013164963
25825,GOF,0.03381672856468803,0.6023262407479615,0.3638570306873506
25826,GOF,0.014073794080508052,0.5757431974132516,0.4101830085062403
25827,GOF,0.022643987983195474,0.584164980553401,0.3931910314634035
25828,GOF,0.012802132189112695,0.49539239071748237,0.4918054770934051
25829,GOF,0.005705312721583507,0.560573120396952,0.43372156688146446
25830,LOF,0.03671491095749667,0.282849843350424,0.6804352456920794
25831,GOF,0.2365857834516509,0.6345431468863871,0.128871069661962
25832,GOF,0.036279825213402894,0.6980210379280807,0.2656991368585163
25833,GOF,0.13570160677496818,0.7054669354915843,0.15883145773344742
25834,GOF,0.03606082453992482,0.69366832110767,0.2702708543524053
25835,GOF,0.0794795382289004,0.7588474521576134,0.1616730096134862
25836,GOF,0.040359656565843435,0.7005199081591724,0.2591204352749842
25837,GOF,0.025798727461089452,0.5644718596191867,0.40972941291972387
25838,GOF,0.09526250604979589,0.7576837586348948,0.1470537353153095
25839,GOF,0.29619204864657167,0.559755230188224,0.1440527211652043
25840,GOF,0.23893014875747953,0.6184649102672456,0.14260494097527476
25841,GOF,0.23897038885839603,0.6285008967697778,0.13252871437182615
25842,GOF,0.1743124499301273,0.705839687805491,0.11984786226438185
25843,GOF,0.239503147372254,0.6730950305009533,0.08740182212679262
25844,GOF,0.07713043817058393,0.7010897290684944,0.22177983276092178
25845,LOF,0.01662317041849183,0.4686664247102725,0.5147104048712356
25846,GOF,0.15417304118244457,0.7127245615073887,0.1331023973101668
25847,GOF,0.11702122623499871,0.7728877922553431,0.1100909815096581
25848,GOF,0.03865900647478688,0.6908076499008552,0.27053334362435794
25849,GOF,0.01116049863272888,0.5670206044960431,0.421818896871228
25850,GOF,0.020508853468219294,0.6299966496524859,0.3494944968792949
25851,LOF,0.01758559052853798,0.4909686065784484,0.49144580289301376
25852,GOF,0.16214430889965945,0.5328469174033225,0.30500877369701807
25853,GOF,0.3525016376195012,0.5756254765449859,0.07187288583551293
25854,GOF,0.024245538184373753,0.594324998641412,0.3814294631742143
25855,GOF,0.0370895548819785,0.529691527909234,0.43321891720878763
25856,GOF,0.24177516617535041,0.5250927634089781,0.2331320704156715
25857,GOF,0.038244467461081455,0.4822582598419913,0.4794972726969272
25858,GOF,0.019906070922430165,0.5111109321769852,0.46898299690058465
25859,LOF,0.010311031797043263,0.48511725309570136,0.5045717151072554
25860,GOF,0.36388149645891965,0.5436140302826918,0.09250447325838859
25861,GOF,0.4420615451753208,0.49152385038111324,0.06641460444356598
25862,GOF,0.09653444254341828,0.7709033242964739,0.13256223316010787
25863,GOF,0.08898433696861452,0.7691095240529868,0.14190613897839865
25864,GOF,0.21414616405018091,0.7094973775977367,0.0763564583520824
25865,GOF,0.09660712401955342,0.7852914540538848,0.11810142192656187
25866,GOF,0.06596244059450727,0.7684361350274806,0.16560142437801206
25867,GOF,0.10140283337700406,0.7894818794666414,0.10911528715635456
25868,GOF,0.2615681800896549,0.6284099718825098,0.11002184802783534
25869,Neutral,0.708667653265582,0.24664169672214412,0.04469065001227397
25870,GOF,0.32722924145489174,0.35536334937192837,0.31740740917318
25871,GOF,0.2300901343943023,0.6310150881650579,0.13889477744063974
25872,GOF,0.08269081954293812,0.6422159584031563,0.2750932220539056
25873,GOF,0.1282717956327077,0.6631544475697498,0.20857375679754228
25874,LOF,0.014632375017526792,0.11336905551957956,0.8719985694628937
25875,LOF,0.09252993845050016,0.043048140395000906,0.8644219211544989
25876,LOF,0.036063882431554076,0.027090074602147098,0.9368460429662987
25877,Neutral,0.5234533996232652,0.04561452556558959,0.4309320748111453
25878,LOF,0.19774435925422523,0.09181494750997474,0.7104406932358001
25879,LOF,0.08757215001925281,0.09792450953823362,0.8145033404425136
25880,LOF,0.040620507830288505,0.01591079321532486,0.9434686989543867
25881,LOF,0.16659185217627073,0.13265489943148925,0.7007532483922401
25882,LOF,0.05928717593055599,0.017212500332563205,0.9235003237368808
25883,LOF,0.06681976796962806,0.01910241796424411,0.9140778140661279
25884,LOF,0.031024062646594828,0.02979101103646623,0.9391849263169388
25885,LOF,0.05710391828676873,0.01135791858461528,0.931538163128616
25886,LOF,0.2513513754040208,0.038350698147103714,0.7102979264488755
25887,LOF,0.14129833705320957,0.0744207518719159,0.7842809110748745
25888,LOF,0.06317028405622561,0.057061066142590426,0.879768649801184
25889,LOF,0.03832981340396513,0.020895512046499528,0.9407746745495353
25890,LOF,0.04584649026347036,0.15601957513443757,0.798133934602092
25891,LOF,0.038718937316883265,0.0501064365217701,0.9111746261613467
25892,LOF,0.09054426946698466,0.02185953605492696,0.8875961944780884
25893,LOF,0.25282041471135325,0.01900529742269094,0.7281742878659558
25894,LOF,0.18686280199030553,0.010882659383398064,0.8022545386262965
25895,LOF,0.20408627628013226,0.021430070441563476,0.7744836532783044
25896,LOF,0.05206821820952994,0.02230330610587043,0.9256284756845995
25897,LOF,0.2754983560070086,0.010807632770450916,0.7136940112225404
25898,Neutral,0.7144690989104349,0.009976290280298913,0.2755546108092663
25899,LOF,0.22695377162871685,0.01979548883357216,0.753250739537711
25900,LOF,0.4359703588139584,0.014857607668921875,0.5491720335171196
25901,LOF,0.05373628643903674,0.012382594813270283,0.933881118747693
25902,LOF,0.16871912840597564,0.014789243184585283,0.816491628409439
25903,Neutral,0.5827443592064279,0.02805159774953089,0.38920404304404116
25904,LOF,0.3144774808387394,0.04394270810601173,0.6415798110552487
25905,LOF,0.02510061704578224,0.3221849735264419,0.6527144094277759
25906,LOF,0.028839828512743918,0.07710486120952918,0.8940553102777268
25907,LOF,0.014645227127681534,0.35206240334787736,0.6332923695244411
25908,LOF,0.010288265287019038,0.26952435424974913,0.7201873804632317
25909,LOF,0.013161359650572359,0.1260698738504075,0.8607687664990201
25910,LOF,0.05191278751514425,0.1308047578191303,0.8172824546657256
25911,LOF,0.18246533173031462,0.019526744231999626,0.7980079240376857
25912,LOF,0.04652269776592634,0.04206341042339241,0.9114138918106812
25913,LOF,0.3297151892722248,0.020583109675931483,0.6497017010518437
25914,LOF,0.020380766539782488,0.06377882654929613,0.9158404069109214
25915,Neutral,0.5430532808265541,0.1791569312561927,0.2777897879172531
25916,LOF,0.07884756279715247,0.2586466624040042,0.6625057747988433
25917,LOF,0.06237222942897902,0.0511513560828435,0.8864764144881774
25918,LOF,0.022036221313271348,0.04035932472799661,0.9376044539587319
25919,LOF,0.019741502343174188,0.042158665797214175,0.9380998318596115
25920,GOF,0.09479007092848264,0.5603832050913742,0.3448267239801431
25921,LOF,0.02352091171247713,0.02894828197586344,0.9475308063116593
25922,LOF,0.03204867925191682,0.021314078134801722,0.9466372426132815
25923,LOF,0.4536466748692339,0.026521623089979986,0.5198317020407862
25924,LOF,0.037722092868557405,0.03305217779217024,0.9292257293392724
25925,LOF,0.07062499673385153,0.031925538852467156,0.8974494644136813
25926,LOF,0.04886859044016659,0.026908262920397753,0.9242231466394357
25927,LOF,0.058004858474845676,0.10390194972924989,0.8380931917959045
25928,LOF,0.016854116864379546,0.03631373823032635,0.9468321449052941
25929,Neutral,0.5623051226187356,0.028057725571749983,0.4096371518095144
25930,LOF,0.06990155022074214,0.025265400595833633,0.9048330491834242
25931,LOF,0.02361326617711364,0.023881900049083245,0.952504833773803
25932,LOF,0.027695271734611258,0.020591118519321203,0.9517136097460676
25933,LOF,0.03915313455650654,0.015272743001311463,0.945574122442182
25934,LOF,0.024467929232937266,0.01644925357535177,0.9590828171917111
25935,LOF,0.06054551186329527,0.04064870751058756,0.8988057806261172
25936,LOF,0.045149476434753644,0.018711326062940032,0.9361391975023062
25937,LOF,0.02646192447115458,0.025138259796362552,0.9483998157324829
25938,LOF,0.06290636919651411,0.04219315798145378,0.8949004728220321
25939,LOF,0.036604676799988176,0.015301636875118681,0.9480936863248931
25940,LOF,0.03206831883799661,0.37789809359218757,0.5900335875698157
25941,LOF,0.18071841289172547,0.12484112393680387,0.6944404631714707
25942,LOF,0.013536129049676255,0.03060777662417239,0.9558560943261514
25943,LOF,0.27957807453730243,0.05793767415521641,0.6624842513074811
25944,LOF,0.47921567916314817,0.0252876270963841,0.49549669374046756
25945,LOF,0.07368113972065916,0.021562193557347405,0.9047566667219935
25946,LOF,0.03212466675202136,0.11428822796673735,0.8535871052812413
25947,LOF,0.10720069355075536,0.21941433427768472,0.67338497217156
25948,LOF,0.35928198288424895,0.008744857748692254,0.6319731593670588
25949,LOF,0.12488852400941812,0.04137775307933401,0.8337337229112479
25950,GOF,0.3028706000236642,0.367907860672362,0.32922153930397374
25951,LOF,0.19021568583547946,0.2783723303534922,0.5314119838110284
25952,LOF,0.04279120787070824,0.46716703383367353,0.4900417582956182
25953,LOF,0.14112939872623417,0.10565177362208102,0.7532188276516849
25954,Neutral,0.4402899477950532,0.182544463386858,0.37716558881808876
25955,LOF,0.05160457133978535,0.08512762496023513,0.8632678036999796
25956,LOF,0.17277315402197904,0.1153518684021461,0.7118749775758748
25957,LOF,0.03697088013682631,0.02990758047990208,0.9331215393832717
25958,LOF,0.05533636146178641,0.0336391778786254,0.9110244606595881
25959,LOF,0.07267050971272,0.37285999778204454,0.5544694925052355
25960,LOF,0.015809754733925253,0.05458485491487006,0.9296053903512048
25961,LOF,0.042279584617302,0.03380986871106848,0.9239105466716295
25962,LOF,0.05330333146083439,0.024679751006377194,0.9220169175327885
25963,LOF,0.046824369066786845,0.18240266010569384,0.7707729708275193
25964,LOF,0.03518109300639906,0.1455095974850316,0.8193093095085694
25965,LOF,0.4563819972989754,0.06229593104099457,0.4813220716600299
25966,Neutral,0.5388347565587429,0.17628004314075868,0.28488520030049835
25967,LOF,0.018240151039497304,0.09727303937677328,0.8844868095837294
25968,LOF,0.026620372694278596,0.41298184971701773,0.5603977775887037
25969,LOF,0.027795978721736773,0.056655571620686136,0.9155484496575772
25970,LOF,0.06439616702974826,0.0642758746799505,0.8713279582903013
25971,LOF,0.06641596050780402,0.019725224933957237,0.9138588145582387
25972,LOF,0.06878041475512606,0.025442980022436945,0.9057766052224371
25973,LOF,0.06582400291857127,0.009735170193487184,0.9244408268879415
25974,LOF,0.189549338141152,0.017566742698136184,0.7928839191607118
25975,LOF,0.041021394902696996,0.02703058115398485,0.9319480239433182
25976,LOF,0.04168413047480448,0.015535257244945921,0.9427806122802497
25977,LOF,0.15101295557882602,0.08658863127137177,0.7623984131498022
25978,LOF,0.12779478072517303,0.060630864786720265,0.8115743544881067
25979,LOF,0.1242091537723614,0.06201426685157845,0.8137765793760602
25980,LOF,0.2141668663062814,0.07195428851388654,0.7138788451798321
25981,LOF,0.2476480221045312,0.07069499759078761,0.6816569803046811
25982,LOF,0.38805116497038866,0.051757700518727336,0.5601911345108841
25983,LOF,0.36841018809094755,0.057627769295357935,0.5739620426136945
25984,LOF,0.05202767937750084,0.044859432069691216,0.903112888552808
25985,LOF,0.04152314448378352,0.25181300784350125,0.7066638476727152
25986,LOF,0.050200759247960365,0.29035379896707514,0.6594454417849644
25987,LOF,0.08978502638489488,0.06892206150504131,0.8412929121100637
25988,LOF,0.1750951759452749,0.05168705644988006,0.7732177676048451
25989,LOF,0.035260181719110766,0.11711142172711812,0.847628396553771
25990,LOF,0.0453861947007598,0.14640967945884922,0.808204125840391
25991,LOF,0.1269960535176113,0.2942337901454207,0.5787701563369679
25992,LOF,0.30299860326933203,0.18288157390675344,0.5141198228239146
25993,LOF,0.022040936766757595,0.08248663400762477,0.8954724292256176
25994,LOF,0.01561047519885748,0.10709336758223646,0.8772961572189061
25995,LOF,0.02263914714777097,0.2164106188948007,0.7609502339574282
25996,GOF,0.30022804942369186,0.4677962392440539,0.23197571133225425
25997,LOF,0.07774353157648228,0.4130445124981534,0.5092119559253643
25998,Neutral,0.5334058736517518,0.023814444504535286,0.44277968184371297
25999,LOF,0.1040417953579281,0.08754312284445236,0.8084150817976196
26000,LOF,0.15582873856665122,0.05210527271175383,0.792065988721595
26001,LOF,0.19213260330220996,0.05817696552856855,0.7496904311692214
26002,LOF,0.13041438801135102,0.0524759573793946,0.8171096546092543
26003,GOF,0.010243023287930541,0.6074339264424461,0.3823230502696234
26004,GOF,0.023079268038256225,0.7043318500156572,0.27258888194608655
26005,LOF,0.006796987390497408,0.45785173641311194,0.5353512761963907
26006,Neutral,0.5119454085538608,0.24709501028479933,0.24095958116133975
26007,GOF,0.020145679651471498,0.543046477190757,0.43680784315777144
26008,GOF,0.016731070168986107,0.622245765457967,0.361023164373047
26009,GOF,0.022699354278919278,0.6819819472063217,0.2953186985147592
26010,GOF,0.02303095381770766,0.6509409685405613,0.326028077641731
26011,LOF,0.006837011883108501,0.4560147339063247,0.5371482542105668
26012,GOF,0.012144987427544714,0.5546670190971872,0.43318799347526815
26013,GOF,0.01851562084928921,0.6240921860808398,0.3573921930698709
26014,LOF,0.04485609488768275,0.09527904514452622,0.859864859967791
26015,LOF,0.18670372076132344,0.013634233534795804,0.7996620457038809
26016,LOF,0.21617915778403432,0.05593183542068441,0.7278890067952812
26017,LOF,0.22800196386722604,0.08816536520642251,0.6838326709263515
26018,LOF,0.09236480319620066,0.03438489322680877,0.8732503035769905
26019,LOF,0.08786770019652779,0.02721670441808564,0.8849155953853864
26020,LOF,0.07643898068219504,0.10189003450696103,0.821670984810844
26021,LOF,0.04891864170357715,0.10800194478334749,0.8430794135130752
26022,LOF,0.011539092042430402,0.03556251433240832,0.9528983936251613
26023,LOF,0.07406025692926854,0.020605430233370095,0.9053343128373614
26024,LOF,0.0318755795610187,0.10617414199104364,0.8619502784479377
26025,LOF,0.1654408885866075,0.0751590949020913,0.7594000165113013
26026,LOF,0.3466102721890112,0.024073987729651466,0.6293157400813373
26027,LOF,0.06983820202237316,0.016123815015774257,0.9140379829618526
26028,LOF,0.17346055738837177,0.07104512614630107,0.7554943164653272
26029,LOF,0.07356472803969215,0.20381477006585472,0.7226205018944531
26030,LOF,0.022222327789186175,0.06114783252913349,0.9166298396816803
26031,LOF,0.027105323326535518,0.15411147271911987,0.8187832039543447
26032,LOF,0.07003487581152812,0.10182329229727566,0.8281418318911962
26033,LOF,0.08527306216910509,0.09531918362566949,0.8194077542052254
26034,LOF,0.04208325122908901,0.17931140102123228,0.7786053477496787
26035,LOF,0.026112208832654357,0.17048482518637179,0.8034029659809739
26036,LOF,0.03917199956605129,0.19049473512142617,0.7703332653125226
26037,LOF,0.02158887623608484,0.1449608431489013,0.8334502806150139
26038,LOF,0.06478112229557219,0.10402744264278403,0.8311914350616438
26039,LOF,0.05056282022890487,0.17336968832087024,0.776067491450225
26040,LOF,0.20865675794769029,0.14634810017965902,0.6449951418726507
26041,LOF,0.02241836809560923,0.13219146401615522,0.8453901678882354
26042,LOF,0.02066014973999018,0.12323590822195035,0.8561039420380595
26043,LOF,0.06479415222225827,0.11967026953078493,0.8155355782469569
26044,LOF,0.020150932329083465,0.07461309757843408,0.9052359700924825
26045,LOF,0.0678033572498371,0.11915458170663301,0.8130420610435299
26046,LOF,0.058365277792994975,0.09425522057414158,0.8473795016328634
26047,LOF,0.07724394488291651,0.09893426032898792,0.8238217947880956
26048,LOF,0.04451467869965534,0.04627866021097868,0.909206661089366
26049,Neutral,0.9666536053502863,0.008306738217624825,0.025039656432088844
26050,Neutral,0.9526358256739801,0.010682384038868994,0.0366817902871508
26051,LOF,0.054741195967825396,0.32409541057138763,0.621163393460787
26052,LOF,0.0725931853138043,0.35194641781908004,0.5754603968671156
26053,LOF,0.05669757563944382,0.10602186375200184,0.8372805606085543
26054,LOF,0.05263891121941986,0.01605059921206637,0.9313104895685138
26055,LOF,0.0697646577519803,0.012471482313229013,0.9177638599347906
26056,LOF,0.057809940467209144,0.014431818681387647,0.9277582408514032
26057,LOF,0.03263928816052055,0.012421953710251237,0.9549387581292283
26058,LOF,0.03400525904700367,0.010053414053674279,0.955941326899322
26059,LOF,0.2885541879873272,0.0186266062940766,0.6928192057185962
26060,LOF,0.043243059296756634,0.18053108282544136,0.776225857877802
26061,LOF,0.01816439789901432,0.010394155126939203,0.9714414469740466
26062,LOF,0.010615693055630305,0.016275185353723923,0.9731091215906459
26063,LOF,0.02159492276984275,0.0110687463026889,0.9673363309274684
26064,LOF,0.020340820612011992,0.020817139082065172,0.9588420403059228
26065,LOF,0.02631569015535109,0.010742474428730085,0.9629418354159189
26066,LOF,0.0227892833796826,0.010913328513459374,0.9662973881068581
26067,LOF,0.028147289904481777,0.008514653077897378,0.9633380570176209
26068,LOF,0.047376892900680596,0.02609918496177254,0.9265239221375469
26069,LOF,0.25445945404840475,0.016321836419309423,0.7292187095322858
26070,LOF,0.41482252875845,0.013859366743443792,0.5713181044981062
26071,LOF,0.021299886433949197,0.011621526555769446,0.9670785870102814
26072,LOF,0.02146911559739325,0.014610503091846848,0.9639203813107599
26073,LOF,0.021188578170055553,0.01019022038742508,0.9686212014425193
26074,Neutral,0.911622190647631,0.004853066879631403,0.08352474247273764
26075,LOF,0.04654293252728744,0.01384512113474645,0.9396119463379661
26076,LOF,0.0422082929261616,0.009031471060572047,0.9487602360132664
26077,LOF,0.009661560648590129,0.014643131656833737,0.9756953076945761
26078,LOF,0.013820173597576616,0.011013548197490423,0.975166278204933
26079,LOF,0.06545946240793495,0.015353533942287211,0.9191870036497778
26080,LOF,0.06385560319315085,0.015379329797420245,0.9207650670094288
26081,LOF,0.034737140790109096,0.00607106815554786,0.9591917910543429
26082,LOF,0.013420550474416648,0.014560255180233949,0.9720191943453493
26083,LOF,0.18829614389123672,0.012539798179206266,0.7991640579295569
26084,LOF,0.04425783186778922,0.011040729449814851,0.944701438682396
26085,LOF,0.03891972938148486,0.010630950500209199,0.9504493201183061
26086,LOF,0.02050025740694269,0.010995566154896228,0.9685041764381611
26087,LOF,0.025953322627031688,0.00828408896156111,0.9657625884114073
26088,LOF,0.015963565261785672,0.021083559718687004,0.9629528750195274
26089,LOF,0.042779177034009734,0.019923920557117485,0.9372969024088729
26090,LOF,0.04243331409374433,0.01650754700613573,0.94105913890012
26091,LOF,0.034242822298461206,0.0059816009254234775,0.9597755767761152
26092,LOF,0.023339528308155263,0.00726165067488448,0.9693988210169603
26093,LOF,0.03432887804830348,0.005449748578348358,0.9602213733733482
26094,LOF,0.03802024535822722,0.006100488507384099,0.9558792661343887
26095,LOF,0.0399879152093475,0.012010832170629392,0.9480012526200232
26096,LOF,0.018949043540277242,0.010882727937236308,0.9701682285224864
26097,LOF,0.011565119816644431,0.03176639099666946,0.9566684891866861
26098,LOF,0.08437847571842132,0.009701900492594315,0.9059196237889844
26099,LOF,0.022215069126701875,0.011284023986880946,0.9665009068864171
26100,LOF,0.02447135681980545,0.010960295180873932,0.9645683479993207
26101,LOF,0.053766424823431476,0.014769495568221224,0.9314640796083472
26102,LOF,0.021592688092012143,0.011947780228448114,0.9664595316795397
26103,Neutral,0.8845853935156501,0.01679281078293001,0.09862179570141993
26104,LOF,0.07974226718001266,0.021050600435142043,0.8992071323848452
26105,LOF,0.20517084824284915,0.28042856425123996,0.5144005875059109
26106,LOF,0.18946497747171234,0.12696841109652365,0.6835666114317639
26107,LOF,0.21847933142138132,0.09217137756766267,0.689349291010956
26108,LOF,0.2643548680130196,0.10241461054840395,0.6332305214385764
26109,LOF,0.11266976717091541,0.06291589088331768,0.824414341945767
26110,LOF,0.2230015210340318,0.007807712769986768,0.7691907661959815
26111,Neutral,0.5004550462465029,0.025229106464084713,0.47431584728941223
26112,LOF,0.03154612500942918,0.008637724453675286,0.9598161505368956
26113,LOF,0.06748844765100852,0.02025425877012812,0.9122572935788633
26114,LOF,0.023924493585988155,0.027082472214516616,0.9489930341994953
26115,LOF,0.08655276130836782,0.054841954454618105,0.858605284237014
26116,LOF,0.06406586744145294,0.064800491385597,0.8711336411729501
26117,LOF,0.43579960055385664,0.03768490186468325,0.52651549758146
26118,LOF,0.033243341212862,0.0229576794452918,0.9437989793418462
26119,LOF,0.02343878628515022,0.03344771647484615,0.9431134972400037
26120,LOF,0.027121262466585947,0.01836019774639581,0.9545185397870182
26121,LOF,0.04462681544016552,0.07616943764873196,0.8792037469111026
26122,LOF,0.04328974908560385,0.034847946280919195,0.9218623046334768
