feature0,prediction,LoGoFunc_Neutral,LoGoFunc_GOF,LoGoFunc_LOF
25546,Neutral,0.6164820531018581,0.05699466996247732,0.32652327693566463
25547,Neutral,0.47181148627680564,0.08962370658341275,0.4385648071397816
25548,Neutral,0.4696754583279897,0.0731323533637431,0.45719218830826713
25549,LOF,0.4181529186321387,0.0739230082354834,0.5079240731323779
25550,LOF,0.3300886072021863,0.10794955572765835,0.5619618370701553
25551,LOF,0.2962733673853357,0.11577815382691382,0.5879484787877505
25552,LOF,0.24931761240718917,0.1142565134673156,0.6364258741254953
25553,Neutral,0.7989720165749111,0.04668015658843065,0.15434782683665813
25554,LOF,0.29150618367548037,0.10191617359734614,0.6065776427271734
25555,LOF,0.2426136525113706,0.09676822870401068,0.6606181187846187
25556,LOF,0.4383833195173724,0.09081186605978447,0.4708048144228432
25557,LOF,0.23331790256800003,0.10253183616839154,0.6641502612636083
25558,LOF,0.3007872577123921,0.10040740091158067,0.5988053413760273
25559,LOF,0.20947483610088344,0.11366740884329979,0.6768577550558168
25560,LOF,0.18305049186183975,0.10447990993366463,0.7124695982044956
25561,LOF,0.1710453268895567,0.12292831889922154,0.7060263542112217
25562,LOF,0.08225328649588448,0.07804406686338873,0.8397026466407268
25563,LOF,0.02507016289627769,0.13758509611976233,0.8373447409839601
25564,LOF,0.24497605274551013,0.12224772002622257,0.6327762272282674
25565,LOF,0.20053273628143106,0.15999427508078906,0.6394729886377798
25566,GOF,0.09435047308722112,0.6887685607224764,0.21688096619030253
25567,LOF,0.039488526279047496,0.13596336665331032,0.8245481070676421
25568,LOF,0.06411346060654531,0.0768089346275504,0.8590776047659044
25569,LOF,0.05833282155901582,0.07929859862575372,0.8623685798152304
25570,LOF,0.02605580545932817,0.10742316964491745,0.8665210248957544
25571,LOF,0.025763259540105166,0.1109079232293195,0.8633288172305753
25572,LOF,0.061304410312218005,0.13158303535262605,0.8071125543351559
25573,LOF,0.06046686039867574,0.094360683995326,0.8451724556059982
25574,LOF,0.06186605571583944,0.20143181248184644,0.7367021318023141
25575,LOF,0.022485680631131967,0.12172107242541895,0.8557932469434489
25576,LOF,0.029196140891420207,0.1619933493715939,0.8088105097369859
25577,LOF,0.030276690199675233,0.13089292137660197,0.8388303884237228
25578,LOF,0.3013051965912056,0.08909064896708561,0.6096041544417089
25579,LOF,0.12960194868805489,0.0954660536515331,0.774931997660412
25580,LOF,0.019125769307918872,0.08744538136704068,0.8934288493250405
25581,LOF,0.056386253050113,0.0717960821188287,0.8718176648310584
25582,LOF,0.0563866926762661,0.06973442283675539,0.8738788844869785
25583,LOF,0.02120272121083541,0.08655749847744054,0.8922397803117241
25584,Neutral,0.6775841031971886,0.1088309080993841,0.2135849887034272
25585,LOF,0.02776183272993131,0.13266751875874402,0.8395706485113248
25586,LOF,0.0185550573691843,0.0750643822431342,0.9063805603876816
25587,LOF,0.01807340972310511,0.06901078156746998,0.9129158087094249
25588,LOF,0.020658697682537027,0.0765070153852522,0.9028342869322109
25589,Neutral,0.5235206329115262,0.19277315681429308,0.28370621027418064
25590,LOF,0.05076499840773281,0.12415231480076303,0.8250826867915042
25591,LOF,0.10122548914827749,0.06216200019057452,0.8366125106611478
25592,LOF,0.05638312761152059,0.14258152278602193,0.8010353496024575
25593,LOF,0.14693616119227412,0.24452856141730167,0.6085352773904242
25594,LOF,0.056365521716557454,0.1255748246794435,0.818059653603999
25595,LOF,0.05036202461502215,0.0873773596697008,0.8622606157152771
25596,LOF,0.11898877444044101,0.05401547848620215,0.8269957470733568
25597,LOF,0.08797461293730026,0.060582476036177606,0.8514429110265221
25598,LOF,0.0566002613726837,0.09137720205663429,0.852022536570682
25599,GOF,0.022028114994068666,0.5025097951763038,0.4754620898296275
25600,GOF,0.17170107681729208,0.5034104846934959,0.3248884384892119
25601,LOF,0.035878348643385065,0.40681428192260977,0.5573073694340052
25602,LOF,0.031584191223575385,0.06397204310212648,0.9044437656742981
25603,LOF,0.02739397343065151,0.03326344747022784,0.9393425790991207
25604,LOF,0.03189739869241903,0.07754305251108662,0.8905595487964943
25605,LOF,0.033705399154730725,0.192569278844377,0.7737253220008924
25606,LOF,0.4018008923844161,0.11212822919712162,0.48607087841846225
25607,LOF,0.02435828521951234,0.18552701335600627,0.7901147014244813
25608,LOF,0.032379287553434874,0.0757655997269741,0.8918551127195911
25609,GOF,0.14988306004087823,0.4955983698233663,0.3545185701357556
25610,LOF,0.01571203718902269,0.030805669369799782,0.9534822934411776
25611,LOF,0.013183635061568765,0.03652035153566053,0.9502960134027707
25612,LOF,0.04997756031429877,0.05155136655411141,0.8984710731315898
25613,LOF,0.047671519266967714,0.04918361662969739,0.9031448641033349
25614,LOF,0.022216413910245987,0.02979433545011886,0.9479892506396352
25615,LOF,0.046289703525451455,0.04921427529892105,0.9044960211756276
25616,LOF,0.04817467884315676,0.03352518414900793,0.9183001370078353
25617,LOF,0.04333077175992246,0.0495602833427978,0.9071089448972798
25618,LOF,0.05333698190070836,0.04277547663107953,0.9038875414682122
25619,LOF,0.01289177664067072,0.03836816446060406,0.9487400588987254
25620,LOF,0.06310836844533546,0.05031267680722348,0.8865789547474411
25621,LOF,0.05771060459481762,0.03984375038995443,0.9024456450152278
25622,LOF,0.06747058113038722,0.03908383787742358,0.8934455809921892
25623,LOF,0.0734507690549964,0.03183905080234907,0.8947101801426545
25624,LOF,0.01871152166213133,0.03893603771515997,0.9423524406227086
25625,LOF,0.06795224556890299,0.04212212109591842,0.8899256333351785
25626,LOF,0.04818900708262091,0.046840936537918106,0.9049700563794609
25627,Neutral,0.8931323856429771,0.020072591389632886,0.08679502296739004
25628,LOF,0.12981765534358722,0.060725067962426146,0.8094572766939866
25629,LOF,0.06221926021078802,0.052091202599935243,0.8856895371892767
25630,LOF,0.2890141423728209,0.07654280665761307,0.634443050969566
25631,Neutral,0.5529475620688505,0.05984467384179716,0.38720776408935215
25632,LOF,0.025601914194055993,0.06597460920273648,0.9084234766032075
25633,LOF,0.18459177865223841,0.03469439923847544,0.7807138221092862
25634,LOF,0.03289646653783793,0.0855482900933032,0.8815552433688588
25635,LOF,0.03627913169062083,0.04538628955376657,0.9183345787556125
25636,LOF,0.030863032891515006,0.4245993476856943,0.5445376194227907
25637,LOF,0.06272867397816503,0.4614169506148472,0.4758543754069878
25638,LOF,0.02990840697926553,0.3197759728380108,0.6503156201827236
25639,LOF,0.028503173077225198,0.34611962729320184,0.6253771996295729
25640,Neutral,0.80131573315507,0.15510076280859664,0.04358350403633335
25641,GOF,0.06093856262560747,0.4861044546753746,0.45295698269901796
25642,LOF,0.03675820550254174,0.17319699597803206,0.7900447985194262
25643,LOF,0.22024545039098162,0.1754562490276022,0.6042983005814162
25644,LOF,0.023160760214136503,0.429055583855838,0.5477836559300254
25645,LOF,0.02377375330101673,0.37695961574186565,0.5992666309571176
25646,LOF,0.05748329734902894,0.30614432954956156,0.6363723731014095
25647,LOF,0.02523888282240413,0.24462131250310742,0.7301398046744885
25648,LOF,0.037667334428152975,0.22849310096483214,0.7338395646070149
25649,LOF,0.01785346468122792,0.2270300941816495,0.7551164411371226
25650,LOF,0.05244304029725409,0.3799560361973548,0.5676009235053912
25651,LOF,0.019421515677331486,0.25734882603841913,0.7232296582842495
25652,LOF,0.037588012561631794,0.24610013148653143,0.7163118559518368
25653,LOF,0.08617694234114126,0.3848308487005863,0.5289922089582725
25654,LOF,0.02604729749719912,0.2185039088818802,0.7554487936209208
25655,LOF,0.24120976983192977,0.36050646724956786,0.3982837629185024
25656,LOF,0.23809176828849657,0.04899648233251361,0.7129117493789898
25657,LOF,0.06602139838517496,0.05624597996992379,0.8777326216449013
25658,LOF,0.3254218686797362,0.06794155308545272,0.606636578234811
25659,Neutral,0.5169821508439039,0.09923544889903566,0.38378240025706034
25660,LOF,0.022053210760252018,0.08169477309804393,0.8962520161417041
25661,LOF,0.09018380317646771,0.05928035487825024,0.850535841945282
25662,LOF,0.03212010535777695,0.03453300570754527,0.9333468889346778
25663,LOF,0.03998557014754784,0.048613500294685495,0.9114009295577666
25664,LOF,0.13792170019912842,0.06826121920475878,0.7938170805961128
25665,LOF,0.05480255670751334,0.031134274960070686,0.9140631683324161
25666,LOF,0.09387820403124877,0.07815246840875788,0.8279693275599934
25667,LOF,0.06270703423417176,0.03899748828052818,0.8982954774852999
25668,LOF,0.03462528035981485,0.04878259032704217,0.916592129313143
25669,LOF,0.030818835860752528,0.050392927276765816,0.9187882368624817
25670,LOF,0.1416854211657391,0.061788164138005974,0.7965264146962551
25671,LOF,0.101616404750827,0.03374523850134125,0.8646383567478316
25672,LOF,0.05154956014863725,0.042432530766325006,0.9060179090850377
25673,LOF,0.08203736242712933,0.046928184511249416,0.8710344530616212
25674,LOF,0.0691135385665555,0.05445491171766129,0.8764315497157832
25675,LOF,0.12023779415505105,0.05765475877829145,0.8221074470666575
25676,LOF,0.01751384169352058,0.048330499305548676,0.9341556590009308
25677,LOF,0.025235766771521253,0.06538232040810862,0.9093819128203702
25678,LOF,0.18613249677592753,0.06359751452354721,0.7502699887005252
25679,LOF,0.1189797922642622,0.07719527667059779,0.80382493106514
25680,LOF,0.03212940036685167,0.10018491612012691,0.8676856835130214
25681,LOF,0.050726464408326094,0.09303283257036797,0.8562407030213058
25682,LOF,0.12401558258167332,0.07224614020393832,0.8037382772143884
25683,LOF,0.11506221385664646,0.09809430238305701,0.7868434837602964
25684,LOF,0.0397822533613695,0.07377309010128445,0.886444656537346
25685,LOF,0.1186882631116284,0.05165240938872192,0.8296593274996498
25686,LOF,0.08439888304630451,0.07873632513357486,0.8368647918201207
25687,LOF,0.11781345488774293,0.09376330240678649,0.7884232427054706
25688,LOF,0.3122096870858352,0.03843865468506082,0.6493516582291039
25689,LOF,0.2489328900420194,0.039216601198706125,0.7118505087592746
25690,LOF,0.3378812763869551,0.0300589585551695,0.6320597650578754
25691,Neutral,0.6920082850005226,0.024532395996219356,0.2834593190032581
25692,LOF,0.3396335804367604,0.011701999278471526,0.6486644202847681
25693,LOF,0.04833728059576926,0.42834297199585863,0.5233197474083722
25694,LOF,0.11854528106458155,0.01765798173253018,0.8637967372028882
25695,LOF,0.11907755592250964,0.017622539896096773,0.8632999041813936
25696,LOF,0.10406395382784248,0.009945151813460118,0.8859908943586974
25697,LOF,0.11036127957320967,0.03131017046656235,0.8583285499602281
25698,LOF,0.34615362764749186,0.18611827374139256,0.46772809861111575
25699,LOF,0.4373245108689514,0.03974668632142973,0.5229288028096188
25700,LOF,0.06779249364700979,0.009267399709693074,0.9229401066432971
25701,LOF,0.13958054233171327,0.05237499225048298,0.8080444654178037
25702,GOF,0.17967957410027752,0.5448109016439753,0.2755095242557472
25703,LOF,0.017138566922995417,0.15781268769666768,0.8250487453803369
25704,LOF,0.045839302650369014,0.11284492824148025,0.8413157691081508
25705,LOF,0.06086250886989145,0.1789443639484198,0.7601931271816889
25706,LOF,0.09225897044707428,0.4175527012596973,0.49018832829322845
25707,LOF,0.08336526212659716,0.3431405479123459,0.5734941899610569
25708,LOF,0.03018850787584708,0.3067432903309856,0.6630682017931674
25709,LOF,0.061595024337184175,0.03931409294585906,0.8990908827169567
25710,LOF,0.012207850735367223,0.12469737440480594,0.8630947748598269
25711,LOF,0.017632303824299214,0.09477255891598212,0.8875951372597186
25712,LOF,0.014672531862529451,0.17871240575897349,0.8066150623784971
25713,LOF,0.017859653509132146,0.07987521783568166,0.9022651286551863
25714,LOF,0.07085441563481407,0.07673122306042261,0.8524143613047634
25715,LOF,0.010822801681685748,0.12313033248886653,0.8660468658294478
25716,LOF,0.014342387512472552,0.11437452370771968,0.8712830887798078
25717,LOF,0.0138852497722398,0.07366992044210874,0.9124448297856514
25718,LOF,0.012329007785234746,0.09018875388450164,0.8974822383302636
25719,LOF,0.018060283024749442,0.07315593039105583,0.9087837865841947
25720,LOF,0.02200156793382254,0.06235612077007892,0.9156423112960985
25721,LOF,0.014873272672701101,0.10832939315691974,0.8767973341703792
25722,LOF,0.013842982583459692,0.120786758116483,0.8653702593000573
25723,LOF,0.02193428373010416,0.04012837634731769,0.9379373399225782
25724,LOF,0.02269921681313895,0.07710810342377633,0.9001926797630847
25725,LOF,0.0114584716899162,0.06157642166142066,0.9269651066486632
25726,LOF,0.014513335427275304,0.08896811215035728,0.8965185524223676
25727,LOF,0.012305073965042013,0.07040802957161978,0.9172868964633383
25728,LOF,0.009706154393558738,0.10183093287349039,0.8884629127329507
25729,LOF,0.010114105268836741,0.09733868755289991,0.8925472071782634
25730,LOF,0.013089428504924899,0.07809689203445729,0.908813679460618
25731,LOF,0.020278106981897772,0.10740013576486787,0.8723217572532344
25732,LOF,0.013982645545860177,0.06904879595912594,0.9169685584950138
25733,LOF,0.015547278085155904,0.06979456409440898,0.914658157820435
25734,LOF,0.012210960180590365,0.11358460425198254,0.874204435567427
25735,LOF,0.012940030100056387,0.07991546160414312,0.9071445082958005
25736,LOF,0.013848445367085167,0.10589600571092359,0.8802555489219913
25737,LOF,0.019336967405320458,0.07769923780975305,0.9029637947849264
25738,LOF,0.011468963707707096,0.09460247877167148,0.8939285575206214
25739,LOF,0.019594166079489505,0.07267299359894648,0.907732840321564
25740,LOF,0.02599290688636494,0.10088344475164289,0.8731236483619921
25741,LOF,0.014389877461031148,0.10297343127908971,0.8826366912598791
25742,LOF,0.11780983019456243,0.07538696951552407,0.8068032002899136
25743,LOF,0.030434547372302462,0.034531610880146314,0.9350338417475511
25744,Neutral,0.5873346778163971,0.1779262007215086,0.23473912146209416
25745,LOF,0.0786933466460618,0.06772694003628794,0.8535797133176504
25746,LOF,0.03838971185306285,0.08431131684674632,0.8772989713001909
25747,LOF,0.02235177447342821,0.04394358795023395,0.9337046375763379
25748,LOF,0.09745491373842888,0.06460341619427282,0.8379416700672984
25749,LOF,0.026392693526464228,0.0804474116260278,0.893159894847508
25750,LOF,0.08484054237070368,0.08439196406892689,0.8307674935603695
25751,LOF,0.08717631424942497,0.0714864159831643,0.8413372697674107
25752,GOF,0.11351312571771471,0.6427548028112877,0.24373207147099743
25753,LOF,0.0182581561728388,0.2826245766500942,0.6991172671770669
25754,GOF,0.010934446742152486,0.7809611142352327,0.20810443902261477
25755,LOF,0.021131252633435935,0.3890443252084153,0.5898244221581488
25756,LOF,0.038851489827108725,0.38431124093217023,0.576837269240721
25757,GOF,0.01238235056357266,0.8469754174650027,0.14064223197142448
25758,GOF,0.028778621674180306,0.811993336971528,0.1592280413542917
25759,GOF,0.010129170294731229,0.5530725532983405,0.43679827640692825
25760,LOF,0.01204368194104952,0.2443015069873299,0.7436548110716207
25761,GOF,0.26876178323044586,0.6460372192221583,0.08520099754739587
25762,LOF,0.0355919453834368,0.27052244346006743,0.6938856111564957
25763,LOF,0.012966450600946582,0.19338382863251166,0.7936497207665418
25764,GOF,0.08183422224919916,0.6244412532732674,0.2937245244775335
25765,GOF,0.03657795618887946,0.7483908277699728,0.21503121604114778
25766,GOF,0.06768648785327225,0.7539407094239924,0.17837280272273534
25767,GOF,0.13887234445041355,0.5595778428235424,0.30154981272604403
25768,LOF,0.09010026115853251,0.0666948629097655,0.843204875931702
25769,LOF,0.07143425786841198,0.06499033687322495,0.8635754052583632
25770,LOF,0.3074263226635371,0.0918318440862233,0.6007418332502396
25771,LOF,0.04301200217732625,0.040051956211666184,0.9169360416110075
25772,LOF,0.016249599178411588,0.03309062833232321,0.9506597724892651
25773,LOF,0.05129028151895579,0.08391820656189641,0.8647915119191478
25774,LOF,0.029430066381478243,0.0709343336894182,0.8996355999291036
25775,LOF,0.05172118571372271,0.04265868261623835,0.9056201316700389
25776,LOF,0.0677694722569915,0.022291984207316876,0.9099385435356917
25777,LOF,0.3660301862015157,0.0523383976400237,0.5816314161584606
25778,LOF,0.07024695054682001,0.04549899124941562,0.8842540582037643
25779,GOF,0.3764882362353811,0.5772084889101222,0.04630327485449678
25780,GOF,0.29743190549338755,0.6247290532405074,0.07783904126610498
25781,GOF,0.1539537884297707,0.7446097022651677,0.10143650930506164
25782,GOF,0.20997293469006345,0.7175060330794983,0.07252103223043824
25783,GOF,0.025203274302066432,0.6444805807028388,0.3303161449950947
25784,Neutral,0.5197571962773812,0.43993239068292533,0.04031041303969359
25785,GOF,0.4640720635416976,0.4963742507281112,0.03955368573019117
25786,GOF,0.026673577303138726,0.7530331516948258,0.22029327100203558
25787,Neutral,0.6582632767842826,0.3164211524765748,0.025315570739142448
25788,LOF,0.05671607973179558,0.10135520922861589,0.8419287110395886
25789,GOF,0.22387229076836962,0.6347004644098759,0.14142724482175453
25790,GOF,0.2447900019165631,0.6452879693390029,0.10992202874443399
25791,GOF,0.17653572242241797,0.6361503893837963,0.18731388819378564
25792,GOF,0.37267417821133747,0.49582269138385704,0.13150313040480555
25793,GOF,0.26593871791870993,0.5008215900352376,0.2332396920460525
25794,GOF,0.30360699504592825,0.5127369223979646,0.183656082556107
25795,GOF,0.09789370752529765,0.6813796181039797,0.2207266743707228
25796,Neutral,0.5655046761063761,0.3541059200321242,0.08038940386149969
25797,GOF,0.08868960477605577,0.534171609020225,0.3771387862037193
25798,LOF,0.009426750836954743,0.4938875533613001,0.49668569580174504
25799,LOF,0.0075334308756640515,0.38222491670838643,0.6102416524159494
25800,GOF,0.03500567194701806,0.5685498648766767,0.3964444631763054
25801,GOF,0.19955947721105669,0.6617143357391311,0.1387261870498122
25802,GOF,0.08400937718609117,0.6648401942825292,0.25115042853137953
25803,GOF,0.03964582290778385,0.5634596299012765,0.3968945471909396
25804,LOF,0.03460043381512848,0.47887508092044956,0.48652448526442205
25805,GOF,0.11785421913893285,0.5745023607340786,0.3076434201269886
25806,GOF,0.10713239980238581,0.5786608525120984,0.31420674768551576
25807,GOF,0.0189524507051963,0.6205218990720742,0.36052565022272937
25808,GOF,0.0834438029978622,0.6276753230793997,0.2888808739227382
25809,GOF,0.017504343845741305,0.5654194106110615,0.41707624554319717
25810,GOF,0.016646321305965325,0.5978234026967653,0.38553027599726947
25811,GOF,0.45102486508905815,0.46499972907678006,0.0839754058341618
25812,GOF,0.03349343111125676,0.6215452859385289,0.3449612829502144
25813,Neutral,0.5134388087303842,0.39205771472816736,0.09450347654144846
25814,GOF,0.11838853815423452,0.6311890178107445,0.25042244403502084
25815,GOF,0.18372843195952046,0.6236080994701848,0.1926634685702947
25816,GOF,0.021086312118996434,0.6752109841549844,0.30370270372601915
25817,GOF,0.25848911801648,0.6209976938758603,0.1205131881076597
25818,GOF,0.05280140881314372,0.6707843563960676,0.27641423479078875
25819,GOF,0.37575416578296955,0.474863012113453,0.1493828221035776
25820,GOF,0.19892734469993112,0.5906707684338169,0.21040188686625202
25821,GOF,0.06140639751324196,0.6581791683006011,0.2804144341861569
25822,GOF,0.21646652711476505,0.5652088199532916,0.21832465293194328
25823,GOF,0.038060168989949024,0.5300005379705781,0.4319392930394727
25824,GOF,0.08560434067344162,0.6064253775590847,0.30797028176747376
25825,GOF,0.0365764653711553,0.5927463224074593,0.3706772122213853
25826,GOF,0.014271956962685663,0.5683689983661434,0.4173590446711709
25827,GOF,0.02567399916564166,0.5937416671367248,0.3805843336976335
25828,GOF,0.014686370553329026,0.5143562920435291,0.47095733740314183
25829,GOF,0.006029073398869393,0.5611834300350235,0.4327874965661072
25830,LOF,0.037317048857782996,0.2832308361642667,0.6794521149779504
25831,GOF,0.23192688842018372,0.6486863425546523,0.11938676902516396
25832,GOF,0.034828140558564556,0.7176381008441854,0.24753375859725
25833,GOF,0.1294926510128465,0.7265554638805645,0.14395188510658896
25834,GOF,0.035004574127281037,0.7220958514539773,0.24289957441874155
25835,GOF,0.07442843644955574,0.7733406071268979,0.15223095642354642
25836,GOF,0.03712040039723804,0.6989998469132421,0.2638797526895198
25837,GOF,0.027811353579292066,0.5872890091771126,0.3848996372435953
25838,GOF,0.09406046193601181,0.7702187964467496,0.13572074161723852
25839,GOF,0.3231756473703783,0.5511209799546475,0.1257033726749743
25840,GOF,0.2679006338101198,0.6044770009438671,0.1276223652460131
25841,GOF,0.2570999175454997,0.6241135714963311,0.11878651095816932
25842,GOF,0.17488853993854667,0.7015902513057309,0.12352120875572242
25843,GOF,0.24161281207007076,0.6689441976723124,0.08944299025761678
25844,GOF,0.07102755171821433,0.7145333795240212,0.2144390687577646
25845,GOF,0.017148803989155192,0.4925067424864494,0.49034445352439554
25846,GOF,0.15095780312255846,0.7107483595935097,0.1382938372839319
25847,GOF,0.11742259582322212,0.7744436020909998,0.10813380208577808
25848,GOF,0.040931270988948124,0.6864151605800312,0.2726535684310207
25849,GOF,0.01195400625129552,0.5655936780469656,0.4224523157017389
25850,GOF,0.022021653152373852,0.6474618724058755,0.3305164744417506
25851,GOF,0.018408653132944014,0.5151242047993991,0.4664671420676569
25852,GOF,0.16904563485835555,0.5419797706175611,0.2889745945240835
25853,GOF,0.35160240439689766,0.571826018142293,0.07657157746080946
25854,GOF,0.022821879244033717,0.6082936145997102,0.3688845061562561
25855,GOF,0.0347230130833015,0.554856552834289,0.4104204340824096
25856,GOF,0.22603494592504736,0.5390919717589175,0.23487308231603504
25857,GOF,0.03691022727039613,0.4981156823771942,0.46497409035240966
25858,GOF,0.01938709852572818,0.529915432935664,0.4506974685386077
25859,GOF,0.00978598887442226,0.503072917612995,0.4871410935125827
25860,GOF,0.3545751749427305,0.5564054297274221,0.0890193953298474
25861,GOF,0.4214139317456146,0.4989787725510519,0.07960729570333351
25862,GOF,0.08616135605530674,0.7726176930102857,0.1412209509344076
25863,GOF,0.07914896844392727,0.7740521525027516,0.1467988790533211
25864,GOF,0.2107578054808238,0.7166304893917016,0.07261170512747464
25865,GOF,0.10534488945274832,0.7841077309135469,0.11054737963370473
25866,GOF,0.0632146414692664,0.7695091526112002,0.16727620591953343
25867,GOF,0.08862685845941362,0.8099521707511429,0.10142097078944365
25868,GOF,0.2430320950979721,0.6601132993202493,0.09685460558177861
25869,Neutral,0.7232115492476561,0.23600062803524954,0.04078782271709434
25870,LOF,0.29834652658431887,0.349085017176607,0.3525684562390741
25871,GOF,0.23106427113551622,0.6273464697957758,0.14158925906870806
25872,GOF,0.07442129553423993,0.6485122180580665,0.27706648640769366
25873,GOF,0.11305992957604022,0.6652950668873853,0.22164500353657438
25874,LOF,0.015770003364012006,0.10606526587780098,0.878164730758187
25875,LOF,0.0898363601124772,0.04183244852587248,0.8683311913616504
25876,LOF,0.03956681839138662,0.029720414899722176,0.9307127667088912
25877,Neutral,0.5099241678560746,0.04882696609950969,0.44124886604441577
25878,LOF,0.21413727584907505,0.09040103809889449,0.6954616860520304
25879,LOF,0.09136116513185236,0.08927703589947253,0.8193617989686752
25880,LOF,0.0391388241341613,0.01518703320473264,0.9456741426611062
25881,LOF,0.17201608767951018,0.12166925280849994,0.7063146595119899
25882,LOF,0.059684538829970386,0.017714903013704708,0.9226005581563249
25883,LOF,0.06728069997511422,0.020104667781557332,0.9126146322433285
25884,LOF,0.03143012529424825,0.03143343280482601,0.9371364419009257
25885,LOF,0.06308119092982709,0.01336188494110276,0.9235569241290702
25886,LOF,0.24182516360413533,0.039763044885363884,0.7184117915105008
25887,LOF,0.14109200422297236,0.06815186343588794,0.7907561323411397
25888,LOF,0.06552995894222623,0.05735525015510257,0.8771147909026712
25889,LOF,0.03859077434207027,0.02303866059369452,0.9383705650642351
25890,LOF,0.046493284044838996,0.15234248531960884,0.8011642306355521
25891,LOF,0.0373828692197005,0.056962479412357124,0.9056546513679424
25892,LOF,0.08598268338025178,0.02180944929300996,0.8922078673267382
25893,LOF,0.24286818023131176,0.020840087669978552,0.7362917320987097
25894,LOF,0.17654615738306487,0.010647181365180924,0.8128066612517542
25895,LOF,0.20450474757522588,0.02174961564966792,0.7737456367751061
25896,LOF,0.053591561656689136,0.02279600358338473,0.923612434759926
25897,LOF,0.27229783765806714,0.012212716223102464,0.7154894461188304
25898,Neutral,0.7088981382471032,0.009817779459831219,0.2812840822930655
25899,LOF,0.21410917686283376,0.024443356740422813,0.7614474663967434
25900,LOF,0.47314986625080785,0.015166439305311473,0.5116836944438807
25901,LOF,0.05520742848106553,0.013860365794962385,0.9309322057239722
25902,LOF,0.17597969092554974,0.015259012951823655,0.8087612961226267
25903,Neutral,0.5723529899903678,0.028567490179676483,0.39907951982995593
25904,LOF,0.33900892208465166,0.05024669428364215,0.6107443836317062
25905,LOF,0.02341114986598491,0.3411811764189429,0.6354076737150722
25906,LOF,0.0312810481005304,0.07554582834982929,0.8931731235496403
25907,LOF,0.015440421276462312,0.33994339530306517,0.6446161834204726
25908,LOF,0.01003596560756106,0.2678599335508356,0.7221041008416033
25909,LOF,0.012894512427963297,0.12649211974760483,0.8606133678244318
25910,LOF,0.04494080577628957,0.14159266750130634,0.813466526722404
25911,LOF,0.18796042323155174,0.020899227849706017,0.7911403489187423
25912,LOF,0.050013182115521325,0.040476563232379026,0.9095102546520997
25913,LOF,0.33573077816076863,0.01866035137989516,0.6456088704593362
25914,LOF,0.020154336607633293,0.06752656611960492,0.9123190972727618
25915,Neutral,0.5632724654970865,0.18093933659609424,0.2557881979068194
25916,LOF,0.08714767719456007,0.24442189638421413,0.6684304264212257
25917,LOF,0.062379286210039776,0.04854150874765089,0.8890792050423093
25918,LOF,0.021056194412621437,0.04170028209841291,0.9372435234889656
25919,LOF,0.01854954257179319,0.044384780121343434,0.9370656773068633
25920,GOF,0.10125859925924281,0.5478050884947646,0.35093631224599264
25921,LOF,0.024008280951945987,0.027326145506878584,0.9486655735411754
25922,LOF,0.03288107184095602,0.01921742765550737,0.9479015005035365
25923,LOF,0.44343246055019847,0.02362881333810996,0.5329387261116916
25924,LOF,0.03660776251805336,0.03457194857826424,0.9288202889036823
25925,LOF,0.07061303381391852,0.030239250994775188,0.8991477151913063
25926,LOF,0.0510470889668275,0.024263433603266625,0.9246894774299059
25927,LOF,0.05516125699304296,0.10923091418202939,0.8356078288249276
25928,LOF,0.017554123494106028,0.03478656671448774,0.9476593097914062
25929,Neutral,0.559955402559492,0.025353213839998313,0.4146913836005095
25930,LOF,0.06538340350518448,0.02082190722949321,0.9137946892653223
25931,LOF,0.02493346433057632,0.021376662398463475,0.9536898732709602
25932,LOF,0.0280917622227091,0.018023773374810186,0.9538844644024806
25933,LOF,0.037488138311464664,0.013623051857194486,0.9488888098313408
25934,LOF,0.024839220198263404,0.014993817884331694,0.9601669619174048
25935,LOF,0.061529633173624164,0.03589551522701222,0.9025748515993636
25936,LOF,0.04636256508049648,0.015445221380601731,0.9381922135389018
25937,LOF,0.02570123831578732,0.025601758453783135,0.9486970032304295
25938,LOF,0.06414017277819456,0.03929419303635859,0.8965656341854468
25939,LOF,0.03906814638776566,0.013791807737507296,0.9471400458747271
25940,LOF,0.02685141859633464,0.38846849837248626,0.5846800830311791
25941,LOF,0.17141622799415654,0.11116099226121662,0.7174227797446269
25942,LOF,0.013535829843581707,0.034138248824595874,0.9523259213318224
25943,LOF,0.2920141662739288,0.058282444082444575,0.6497033896436266
25944,Neutral,0.498385053688885,0.025306167226394585,0.47630877908472047
25945,LOF,0.07268453425084363,0.023776945119047505,0.9035385206301089
25946,LOF,0.0318659160216733,0.11179630140099664,0.8563377825773301
25947,LOF,0.09761953289480597,0.21374023266351685,0.6886402344416772
25948,LOF,0.39201582600259555,0.007659618823196537,0.600324555174208
25949,LOF,0.13060894941177695,0.03609658019302216,0.8332944703952009
25950,GOF,0.2847665711213009,0.37714941374089533,0.3380840151378038
25951,LOF,0.20943237735321082,0.2605037977750157,0.5300638248717735
25952,LOF,0.04331109969204105,0.4524357379740945,0.5042531623338645
25953,LOF,0.15404400934048945,0.1102948294592147,0.7356611612002959
25954,Neutral,0.4624676970817505,0.1838659840685224,0.3536663188497272
25955,LOF,0.059675398479201065,0.08246379247168739,0.8578608090491116
25956,LOF,0.1712186379028721,0.1096130673047226,0.7191682947924053
25957,LOF,0.03889999328027355,0.028981756867434233,0.9321182498522923
25958,LOF,0.059171464335294355,0.03191125715682776,0.9089172785078778
25959,LOF,0.0774115679961237,0.3943277169896258,0.5282607150142504
25960,LOF,0.016385089343565352,0.05567191578959453,0.9279429948668401
25961,LOF,0.04341159328093792,0.03181473460344027,0.9247736721156219
25962,LOF,0.05298979244793795,0.025010352321879006,0.921999855230183
25963,LOF,0.04786657959631408,0.18991356464808087,0.762219855755605
25964,LOF,0.03312057707102791,0.15477121109223832,0.8121082118367338
25965,LOF,0.4350531094200121,0.06952584971801086,0.49542104086197714
25966,Neutral,0.5411918068941107,0.17482331508832208,0.28398487801756717
25967,LOF,0.018765726905019223,0.10954157935410878,0.871692693740872
25968,LOF,0.027108145195429836,0.4307533091371606,0.5421385456674095
25969,LOF,0.028613438379525485,0.07337419628621568,0.8980123653342589
25970,LOF,0.057228588414110236,0.061519101972699115,0.8812523096131906
25971,LOF,0.060402178883642785,0.019394545743279475,0.9202032753730778
25972,LOF,0.06598327126561515,0.025885995062981938,0.908130733671403
25973,LOF,0.07179062623611535,0.009364674556334891,0.9188446992075497
25974,LOF,0.21883171070767662,0.017367610920037267,0.763800678372286
25975,LOF,0.04307885047722731,0.024763152617836643,0.9321579969049362
25976,LOF,0.041168994077581095,0.01783506968814565,0.9409959362342732
25977,LOF,0.1384261147942983,0.08805784286870914,0.7735160423369926
25978,LOF,0.14513109954244366,0.0592026888662185,0.7956662115913378
25979,LOF,0.13395912745813,0.05958425700071874,0.8064566155411512
25980,LOF,0.2192468887277141,0.07038878184988538,0.7103643294224005
25981,LOF,0.24906023758714085,0.06865041510707107,0.682289347305788
25982,LOF,0.4194668974099645,0.04707475657604683,0.5334583460139887
25983,LOF,0.3884670078931481,0.05116973671225633,0.5603632553945955
25984,LOF,0.045659842577357064,0.047686864884803865,0.9066532925378391
25985,LOF,0.0377343226115601,0.26447103507693503,0.6977946423115049
25986,LOF,0.048679696062494136,0.30146332794811803,0.649856975989388
25987,LOF,0.08423955231654645,0.06454297750609003,0.8512174701773635
25988,LOF,0.14959059813280093,0.062284828693862634,0.7881245731733364
25989,LOF,0.03356672557646649,0.13222858886085387,0.8342046855626797
25990,LOF,0.04481885620883182,0.15514961989397588,0.8000315238971922
25991,LOF,0.1099707066209347,0.32584197393710534,0.56418731944196
25992,LOF,0.30760289209464636,0.2103287210207265,0.4820683868846271
25993,LOF,0.021448521826590915,0.0853738129516638,0.8931776652217452
25994,LOF,0.01580625482370048,0.10222440474171844,0.8819693404345811
25995,LOF,0.022963724389603084,0.23315383947616952,0.7438824361342274
25996,GOF,0.2764501576169569,0.5076431391239972,0.2159067032590459
25997,LOF,0.07414184370037441,0.44555736153322584,0.48030079476639964
25998,Neutral,0.5180940258125681,0.02122271652641624,0.4606832576610157
25999,LOF,0.10694286302310473,0.09190981741312962,0.8011473195637657
26000,LOF,0.16576876842771676,0.04380892561069362,0.7904223059615897
26001,LOF,0.19136432318448132,0.05219621318506953,0.7564394636304491
26002,LOF,0.1406971407868714,0.04954857333518623,0.8097542858779424
26003,GOF,0.009916375928244228,0.5910515142741879,0.3990321097975678
26004,GOF,0.019524448325154944,0.6890550554347609,0.29142049624008415
26005,LOF,0.006694206215890701,0.4554567159068795,0.5378490778772298
26006,Neutral,0.5176854165445005,0.2457715327928528,0.23654305066264678
26007,GOF,0.019671892968104024,0.5236121508063685,0.45671595622552746
26008,GOF,0.0146555178447127,0.6041741044140002,0.38117037774128704
26009,GOF,0.018870330987984574,0.6626070664441528,0.3185226025678626
26010,GOF,0.02157719913299702,0.6512616398559382,0.3271611610110646
26011,LOF,0.006726100812344117,0.43694861921552336,0.5563252799721325
26012,GOF,0.012204057799940554,0.5326773898939066,0.45511855230615295
26013,GOF,0.01779240695081373,0.606039396068684,0.37616819698050236
26014,LOF,0.03790922569314252,0.10720598554730996,0.8548847887595475
26015,LOF,0.19057575308345387,0.014070117571528406,0.7953541293450177
26016,LOF,0.20985779513486186,0.059091102201505236,0.7310511026636329
26017,LOF,0.24657614335979933,0.08495395684721663,0.668469899792984
26018,LOF,0.08421883989645398,0.03733215404726272,0.8784490060562833
26019,LOF,0.07997521731337215,0.02882920835996045,0.8911955743266674
26020,LOF,0.07468920204034973,0.11175055730813603,0.8135602406515142
26021,LOF,0.048704813881714756,0.10733736822389142,0.8439578178943938
26022,LOF,0.011594796342249677,0.04079553640202065,0.9476096672557297
26023,LOF,0.07368893894125099,0.02029665442942935,0.9060144066293196
26024,LOF,0.03314361603073673,0.11572815290307475,0.8511282310661884
26025,LOF,0.16204222432525014,0.08300356732376196,0.7549542083509879
26026,LOF,0.35371895304927714,0.026941929748265783,0.6193391172024572
26027,LOF,0.06328144868410909,0.015652082610621218,0.9210664687052696
26028,LOF,0.17282913625573829,0.05715074292097487,0.7700201208232869
26029,LOF,0.06751977770578906,0.2112313000766376,0.7212489222175734
26030,LOF,0.023550513230049235,0.057516496721851385,0.9189329900480995
26031,LOF,0.026235311326728964,0.16247007050349352,0.8112946181697774
26032,LOF,0.06372273937148004,0.08432926922145649,0.8519479914070635
26033,LOF,0.08311630169170911,0.08427023745408567,0.8326134608542053
26034,LOF,0.04391815800587914,0.18688012837654444,0.7692017136175764
26035,LOF,0.025369459612407285,0.17883011975598917,0.7958004206316036
26036,LOF,0.03760615757971363,0.19973732390198556,0.7626565185183009
26037,LOF,0.02170027662336626,0.14709523159893934,0.8312044917776944
26038,LOF,0.0591621432073044,0.0839052282030662,0.8569326285896294
26039,LOF,0.051193900891032575,0.17817265996934145,0.7706334391396259
26040,LOF,0.20159345858745603,0.1407338483429331,0.657672693069611
26041,LOF,0.022924497575879436,0.1393254660737083,0.8377500363504123
26042,LOF,0.02088464545186451,0.13062812653283823,0.8484872280152973
26043,LOF,0.06036507012748244,0.1004284137382049,0.8392065161343126
26044,LOF,0.020643958333174707,0.07223927394787569,0.9071167677189497
26045,LOF,0.06836863499744539,0.11921456439463278,0.8124168006079218
26046,LOF,0.05547091182482487,0.08292596680607199,0.8616031213691031
26047,LOF,0.07531428602872796,0.08974875125248932,0.8349369627187827
26048,LOF,0.04755861438861751,0.05065763606301217,0.9017837495483704
26049,Neutral,0.9677566722246286,0.008100736325964725,0.024142591449406604
26050,Neutral,0.9537526070777113,0.010185817941662121,0.036061574980626586
26051,LOF,0.05276215724948403,0.2638639333834107,0.6833739093671053
26052,LOF,0.0683908371953596,0.2828556496897418,0.6487535131148987
26053,LOF,0.053029440533818785,0.1389359204403658,0.8080346390258154
26054,LOF,0.05344410235327361,0.017268475960930518,0.9292874216857959
26055,LOF,0.0700987466723283,0.014688384047516548,0.9152128692801552
26056,LOF,0.06259757408209146,0.01659329073536699,0.9208091351825415
26057,LOF,0.03005287985943135,0.012852087179766436,0.9570950329608023
26058,LOF,0.030974928025893828,0.010328533780162857,0.9586965381939433
26059,LOF,0.28447885534509326,0.022578560293247413,0.6929425843616593
26060,LOF,0.04041568715983569,0.1799913802259467,0.7795929326142177
26061,LOF,0.018384275117113078,0.011310546119064978,0.9703051787638218
26062,LOF,0.010657164364131569,0.017294672444169726,0.9720481631916987
26063,LOF,0.022136939592158032,0.012297956517620202,0.9655651038902217
26064,LOF,0.021967139328388938,0.021318573663660835,0.9567142870079502
26065,LOF,0.026530909060545168,0.010738456546588707,0.9627306343928661
26066,LOF,0.021971068943376637,0.011948994943944923,0.9660799361126785
26067,LOF,0.02726273299086532,0.008813578856268493,0.9639236881528662
26068,LOF,0.04488371648690287,0.029071488264285652,0.9260447952488116
26069,LOF,0.25235915119505525,0.018486228797517726,0.729154620007427
26070,LOF,0.37290622143947566,0.014049687432291897,0.6130440911282323
26071,LOF,0.02291245530194764,0.012120336798308387,0.964967207899744
26072,LOF,0.021462925732194302,0.016815813436414136,0.9617212608313916
26073,LOF,0.021734443246472952,0.010357258718139204,0.9679082980353879
26074,Neutral,0.9002098475253555,0.005307451844513482,0.094482700630131
26075,LOF,0.04524273313249299,0.014493692187162151,0.9402635746803449
26076,LOF,0.04355808138481985,0.00930305490516736,0.9471388637100128
26077,LOF,0.010195882531995507,0.015754492077674456,0.97404962539033
26078,LOF,0.013629688503194728,0.01208713178893543,0.9742831797078698
26079,LOF,0.058670585375785574,0.01642974587693289,0.9248996687472816
26080,LOF,0.05807336957156865,0.016496957479116035,0.9254296729493152
26081,LOF,0.034127010195382786,0.006544434008638355,0.9593285557959788
26082,LOF,0.014684200299261901,0.015757043469797956,0.9695587562309401
26083,LOF,0.1728397526846565,0.013436560351885672,0.8137236869634578
26084,LOF,0.04477879337385308,0.011135249204189289,0.9440859574219577
26085,LOF,0.03970619166741543,0.010601168384181566,0.9496926399484029
26086,LOF,0.020736832990953465,0.011235877346750871,0.9680272896622957
26087,LOF,0.024609638465936414,0.008617074247994464,0.9667732872860691
26088,LOF,0.01611615111433248,0.02718762028498216,0.9566962286006854
26089,LOF,0.042748700574770836,0.021729238874051975,0.9355220605511773
26090,LOF,0.04227024485227139,0.017397733106924027,0.9403320220408046
26091,LOF,0.032883601928062584,0.006350857245506665,0.9607655408264308
26092,LOF,0.022588540573716346,0.008064488462653101,0.9693469709636305
26093,LOF,0.03477412930109985,0.005988273067505435,0.9592375976313947
26094,LOF,0.03687546306367177,0.006081177074935157,0.957043359861393
26095,LOF,0.04209501998711036,0.012876978778433155,0.9450280012344564
26096,LOF,0.01800414569705864,0.011801665461884872,0.9701941888410565
26097,LOF,0.01140213585295473,0.035370798449636025,0.9532270656974091
26098,LOF,0.07128299173950471,0.010492346333411793,0.9182246619270835
26099,LOF,0.021991811759370376,0.011790294562882117,0.9662178936777475
26100,LOF,0.024234044386939383,0.011357752238138667,0.964408203374922
26101,LOF,0.05046896803327707,0.015624206106723649,0.9339068258599993
26102,LOF,0.021305031251633865,0.013378582352787377,0.9653163863955786
26103,Neutral,0.8835508965006974,0.018443825984213114,0.09800527751508932
26104,LOF,0.08567927246284408,0.024708701912848775,0.8896120256243072
26105,LOF,0.21302006489242836,0.2820669311536153,0.5049130039539563
26106,LOF,0.1759971192824889,0.10833095191124617,0.7156719288062648
26107,LOF,0.23190018766513348,0.08235628089571403,0.6857435314391526
26108,LOF,0.2685319366682377,0.10150229595012031,0.629965767381642
26109,LOF,0.10714797295109235,0.05049740225351439,0.8423546247953931
26110,LOF,0.2392764819077886,0.0073274276802412315,0.7533960904119702
26111,Neutral,0.505009681103668,0.023461423316443266,0.47152889557988886
26112,LOF,0.03235579383797723,0.008139200267676151,0.9595050058943467
26113,LOF,0.06704266335857541,0.019696685823870273,0.9132606508175544
26114,LOF,0.02428987534967565,0.024005391536904223,0.9517047331134201
26115,LOF,0.086919540834245,0.05258441796885732,0.8604960411968977
26116,LOF,0.06106604791051392,0.05834194700862771,0.8805920050808583
26117,LOF,0.43146019417588927,0.04291412847251828,0.5256256773515924
26118,LOF,0.03159960463643981,0.025971375029409924,0.9424290203341502
26119,LOF,0.021159350687974657,0.03351560432910333,0.9453250449829219
26120,LOF,0.02498196122912247,0.019652626766058806,0.9553654120048188
26121,LOF,0.04318217877405772,0.07822302445116786,0.8785947967747745
