feature0,prediction,LoGoFunc_Neutral,LoGoFunc_GOF,LoGoFunc_LOF
25546,Neutral,0.6811010699618925,0.05712138254258213,0.2617775474955255
25547,Neutral,0.5167600027733698,0.09960649210983154,0.3836335051167987
25548,Neutral,0.5176979403694614,0.08258970197369125,0.3997123576568474
25549,LOF,0.4368467602234088,0.0851981244770648,0.47795511529952645
25550,LOF,0.3843134340718429,0.11878785498995093,0.49689871093820626
25551,LOF,0.3125585919172241,0.13468958304621975,0.5527518250365562
25552,LOF,0.25143672898714237,0.12838091273084268,0.620182358282015
25553,Neutral,0.8209224518560913,0.0452542436931507,0.13382330445075796
25554,LOF,0.2955177419135211,0.11927940870386551,0.5852028493826134
25555,LOF,0.23973872788024417,0.11167513340534295,0.6485861387144128
25556,LOF,0.44258930997427326,0.10417599010336008,0.4532346999223666
25557,LOF,0.22622702221467536,0.11529953538313605,0.6584734424021886
25558,LOF,0.2927298892140693,0.11794511085252862,0.5893249999334021
25559,LOF,0.18757770077921548,0.12126986366812029,0.6911524355526641
25560,LOF,0.16823189664613492,0.09859474074236055,0.7331733626115045
25561,LOF,0.1539557019662809,0.12072543318148152,0.7253188648522376
25562,LOF,0.07020102898923315,0.07426484188598662,0.8555341291247802
25563,LOF,0.02229098671613248,0.11712488239999681,0.8605841308838706
25564,LOF,0.21478459025999208,0.11617355998588796,0.66904184975412
25565,LOF,0.2247416905558042,0.12856932848219313,0.6466889809620027
25566,GOF,0.09204038049744662,0.7155658794794159,0.19239374002313758
25567,LOF,0.03839848210306779,0.12831516665986478,0.8332863512370674
25568,LOF,0.060397435258753414,0.07149310297068727,0.8681094617705594
25569,LOF,0.057635065036134796,0.06830750355528296,0.8740574314085822
25570,LOF,0.026184707653168285,0.09137092635092905,0.8824443659959027
25571,LOF,0.025329979749275224,0.09228815393811976,0.882381866312605
25572,LOF,0.059671306339591446,0.11413599802778537,0.8261926956326232
25573,LOF,0.05695734066110049,0.08253608484752514,0.8605065744913745
25574,LOF,0.05800176814554053,0.1747004698338497,0.7672977620206097
25575,LOF,0.02237391235774903,0.11151442993830081,0.8661116577039502
25576,LOF,0.03453159937080196,0.14867094164048397,0.816797458988714
25577,LOF,0.029029381794844045,0.1046244365458109,0.8663461816593451
25578,LOF,0.3113844485853421,0.07811250370141593,0.610503047713242
25579,LOF,0.1365440602457804,0.08425691983194879,0.7791990199222709
25580,LOF,0.018329029017889097,0.07239786690379581,0.9092731040783152
25581,LOF,0.05493478477770488,0.06561024499778316,0.879454970224512
25582,LOF,0.0549599535526344,0.06466554031831818,0.8803745061290474
25583,LOF,0.019820724422925158,0.07724747420968185,0.902931801367393
25584,Neutral,0.6499718602386568,0.09833549374829217,0.2516926460130509
25585,LOF,0.031979772696287,0.1161566916162239,0.8518635356874892
25586,LOF,0.0177936210135007,0.06691778115666423,0.915288597829835
25587,LOF,0.016447232176921636,0.05952150659168486,0.9240312612313936
25588,LOF,0.01944770389032237,0.0684018374838703,0.9121504586258072
25589,Neutral,0.4877712701513224,0.20502503789418988,0.30720369195448766
25590,LOF,0.05182144208449832,0.10519168242517075,0.8429868754903309
25591,LOF,0.0959325115403839,0.05735667459715641,0.8467108138624598
25592,LOF,0.05412501480929934,0.12875980659660605,0.8171151785940947
25593,LOF,0.13113939996454882,0.2602310257703044,0.6086295742651469
25594,LOF,0.04415222589807637,0.10639171025537808,0.8494560638465455
25595,LOF,0.04315733959821739,0.07610353064431567,0.8807391297574669
25596,LOF,0.09758536664523533,0.04767737618851241,0.8547372571662522
25597,LOF,0.08241864324238433,0.05854935581820943,0.8590320009394062
25598,LOF,0.043268605179715994,0.08015091141195604,0.876580483408328
25599,GOF,0.019167783896000556,0.5230697093168742,0.45776250678712527
25600,GOF,0.1734572564943255,0.5046600081631811,0.3218827353424934
25601,LOF,0.03964018972577563,0.40024575785865507,0.5601140524155692
25602,LOF,0.034859309228411864,0.051280882149410144,0.913859808622178
25603,LOF,0.038500169026319586,0.028514947804028978,0.9329848831696513
25604,LOF,0.03881503272621623,0.05937309153670729,0.9018118757370766
25605,LOF,0.044212603873948396,0.17466320505373006,0.7811241910723216
25606,LOF,0.43407000094546555,0.09749261177108218,0.46843738728345224
25607,LOF,0.02439714811008114,0.1592419290557318,0.8163609228341869
25608,LOF,0.03396468586683902,0.07264708878446033,0.8933882253487007
25609,GOF,0.14120571071783472,0.538887785343394,0.31990650393877146
25610,LOF,0.01507191224070177,0.026375548763609685,0.9585525389956885
25611,LOF,0.014649056783264582,0.030437664554883417,0.954913278661852
25612,LOF,0.04585048133643264,0.03867525710757434,0.9154742615559931
25613,LOF,0.04383809255513861,0.03845106513979092,0.9177108423050705
25614,LOF,0.02113845440689034,0.025978896638324405,0.9528826489547854
25615,LOF,0.04528095647293497,0.03425893021823314,0.9204601133088319
25616,LOF,0.04613975000636329,0.025211298016745248,0.9286489519768915
25617,LOF,0.04401464965510378,0.03250652456360712,0.923478825781289
25618,LOF,0.05121279776364759,0.031585359905817366,0.9172018423305351
25619,LOF,0.015138636381202967,0.029360982213609183,0.9555003814051879
25620,LOF,0.05988790972338819,0.03626881718160593,0.9038432730950059
25621,LOF,0.051084687999362346,0.03149465306489127,0.9174206589357464
25622,LOF,0.061829610803074794,0.03233208922432593,0.9058382999725992
25623,LOF,0.07303653817266108,0.026792796679444304,0.9001706651478947
25624,LOF,0.018525817519209842,0.034971472278841884,0.9465027102019483
25625,LOF,0.06670635994573443,0.040262216122065785,0.8930314239321997
25626,LOF,0.04361688081303625,0.03727071109235137,0.9191124080946123
25627,Neutral,0.8850949345878705,0.02415708695192156,0.09074797846020806
25628,LOF,0.1420520179751707,0.06556682325128609,0.7923811587735432
25629,LOF,0.05923471997265169,0.04965128825604069,0.8911139917713077
25630,LOF,0.2515961483146143,0.08376564339136974,0.6646382082940159
25631,Neutral,0.5219921619667669,0.06761428417770844,0.4103935538555247
25632,LOF,0.02815729819448004,0.06399105004606331,0.9078516517594567
25633,LOF,0.19398416522893033,0.03666767652014011,0.7693481582509295
25634,LOF,0.0352811902917002,0.0815902978345813,0.8831285118737184
25635,LOF,0.03861788638671585,0.04342787245431632,0.9179542411589678
25636,LOF,0.042069580904597434,0.4653642819812557,0.49256613711414704
25637,GOF,0.07191618710224036,0.4647110979102769,0.4633727149874828
25638,LOF,0.04167498239989308,0.2942620992498476,0.6640629183502593
25639,LOF,0.03622536969735432,0.3178338454399825,0.6459407848626632
25640,Neutral,0.8128104172947808,0.14538772778103065,0.04180185492418864
25641,LOF,0.0514557068062462,0.4501320308013501,0.4984122623924037
25642,LOF,0.04249129277917585,0.14928489909928708,0.808223808121537
25643,LOF,0.20100384725526257,0.15976575245503913,0.6392304002896982
25644,LOF,0.02006855066556286,0.47993297890598197,0.4999984704284551
25645,LOF,0.021309450421953827,0.445145454016491,0.533545095561555
25646,LOF,0.05139698152887236,0.3523302080156267,0.596272810455501
25647,LOF,0.021517740252702325,0.2720477910427536,0.7064344687045441
25648,LOF,0.030737684735196977,0.24546836569958802,0.723793949565215
25649,LOF,0.016252197846615052,0.2525119124740957,0.7312358896792892
25650,LOF,0.05578014013531913,0.4429184690482031,0.5013013908164778
25651,LOF,0.01750170159100273,0.28245509101095917,0.7000432073980379
25652,LOF,0.028244172085032344,0.29316202345398495,0.6785938044609827
25653,LOF,0.07465178705754667,0.4129505337968965,0.5123976791455568
25654,LOF,0.025670236355151685,0.22432871618030076,0.7500010474645475
25655,LOF,0.2370062038593686,0.37381871540863226,0.38917508073199925
25656,LOF,0.29064821855415446,0.042185748915031504,0.667166032530814
25657,LOF,0.0766542315182668,0.05042400579813687,0.8729217626835963
25658,LOF,0.38810011903465746,0.04496068501555053,0.5669391959497919
25659,Neutral,0.5421886990651635,0.06970757114774011,0.38810372978709623
25660,LOF,0.024440542935188006,0.07441342662230611,0.9011460304425059
25661,LOF,0.08953530934350402,0.055801823746128,0.854662866910368
25662,LOF,0.029894529620889537,0.03235135262320291,0.9377541177559077
25663,LOF,0.0379452167656302,0.044494665003208554,0.9175601182311612
25664,LOF,0.141933561083916,0.04870083188225005,0.809365607033834
25665,LOF,0.05387427042304071,0.02817272575554162,0.9179530038214178
25666,LOF,0.0931470406169197,0.07591731315659077,0.8309356462264895
25667,LOF,0.06374296283228685,0.045097910550949596,0.8911591266167636
25668,LOF,0.0364711286791287,0.04303606691891408,0.9204928044019572
25669,LOF,0.03288382734089207,0.05013200612494726,0.9169841665341606
25670,LOF,0.14086479487523396,0.04070863597914323,0.8184265691456228
25671,LOF,0.09348629274998582,0.030344704131509893,0.8761690031185042
25672,LOF,0.053565222931961316,0.03774862182800474,0.908686155240034
25673,LOF,0.08352897731012975,0.03754523427315244,0.8789257884167179
25674,LOF,0.07018605572454344,0.04628390816870046,0.883530036106756
25675,LOF,0.12190225930684691,0.04501034701337168,0.8330873936797815
25676,LOF,0.01842550809121104,0.048208142895881524,0.9333663490129074
25677,LOF,0.024994424404534706,0.06342716156642789,0.9115784140290373
25678,LOF,0.1896730379449605,0.05186500056631888,0.7584619614887206
25679,LOF,0.1243807229333177,0.07143955194579296,0.8041797251208893
25680,LOF,0.02858467610270672,0.10628811462815596,0.8651272092691373
25681,LOF,0.045880568087175534,0.09841954429135392,0.8556998876214705
25682,LOF,0.13500794318514767,0.06164482852908143,0.8033472282857709
25683,LOF,0.11662244070263145,0.0739843906212889,0.8093931686760797
25684,LOF,0.04256478918910444,0.062439964581135154,0.8949952462297603
25685,LOF,0.13011736487941108,0.0453503473198758,0.8245322878007131
25686,LOF,0.07274347890438412,0.0848745433364121,0.8423819777592038
25687,LOF,0.1069338714608102,0.0773108628847306,0.8157552656544592
25688,LOF,0.29035765853085577,0.03630883333317522,0.673333508135969
25689,LOF,0.21761974883863328,0.04386634944739276,0.738513901713974
25690,LOF,0.3477446202363907,0.03668027026874087,0.6155751094948684
25691,Neutral,0.6723628322562136,0.036604096932519065,0.2910330708112672
25692,LOF,0.28104318835662384,0.009797656395465216,0.709159155247911
25693,LOF,0.04674246997932131,0.4687622458953534,0.4844952841253253
25694,LOF,0.12604291038106805,0.02215798735885107,0.8517991022600809
25695,LOF,0.12691837937448305,0.017133746994240973,0.855947873631276
25696,LOF,0.13091996702075792,0.00938445035552319,0.8596955826237189
25697,LOF,0.12490022205789109,0.02899939540074371,0.8461003825413652
25698,LOF,0.3113857656250867,0.25805592940073496,0.4305583049741784
25699,LOF,0.41814520277052514,0.04258636019061621,0.5392684370388587
25700,LOF,0.05493738576424969,0.011142851604221514,0.9339197626315288
25701,LOF,0.16058917836718054,0.06124807962665492,0.7781627420061644
25702,GOF,0.18077465239449986,0.5648859291651867,0.2543394184403135
25703,LOF,0.017408903247635193,0.1552614761766111,0.8273296205757537
25704,LOF,0.048075915003723955,0.11650024382458475,0.8354238411716912
25705,LOF,0.05456972177128862,0.19087520520876,0.7545550730199514
25706,LOF,0.09574363176726775,0.3536491214630958,0.5506072467696365
25707,LOF,0.09858418201700646,0.29019709277814504,0.6112187252048484
25708,LOF,0.029803704791808106,0.27338162793588533,0.6968146672723066
25709,LOF,0.053193960815241303,0.042227615462923244,0.9045784237218354
25710,LOF,0.011913316291405294,0.13302435559141731,0.8550623281171773
25711,LOF,0.018338963587071364,0.09117345937100124,0.8904875770419273
25712,LOF,0.013166198379443021,0.17869895189596868,0.8081348497245883
25713,LOF,0.017566280875612905,0.07825158563894667,0.9041821334854405
25714,LOF,0.06659284365292405,0.07869201028388022,0.8547151460631958
25715,LOF,0.010025748950102577,0.13645305658765297,0.8535211944622445
25716,LOF,0.015815937978895914,0.11330451589471974,0.8708795461263843
25717,LOF,0.013067588017926441,0.0842979629830384,0.9026344489990352
25718,LOF,0.011719509279456097,0.11248165737866475,0.8757988333418791
25719,LOF,0.017397598248024577,0.0819533851898899,0.9006490165620856
25720,LOF,0.020986436509787806,0.07244760145662121,0.9065659620335911
25721,LOF,0.014741844541333642,0.10512991876964384,0.8801282366890225
25722,LOF,0.012449924374863834,0.12374492352156163,0.8638051521035746
25723,LOF,0.02099997811813411,0.04864601273448578,0.9303540091473801
25724,LOF,0.021720539494616293,0.08558899729263908,0.8926904632127446
25725,LOF,0.01105474596142254,0.0740533194613439,0.9148919345772335
25726,LOF,0.013654298172970866,0.10123421537305324,0.8851114864539759
25727,LOF,0.012445709543632116,0.08330644738936334,0.9042478430670046
25728,LOF,0.009391697326411293,0.10486826416892676,0.885740038504662
25729,LOF,0.009661351945433494,0.1056780478360669,0.8846606002184996
25730,LOF,0.012894927797964889,0.07852404512606413,0.9085810270759709
25731,LOF,0.022125521765693924,0.11472113166391948,0.8631533465703866
25732,LOF,0.013473069780021385,0.08940535232638812,0.8971215778935905
25733,LOF,0.015085249642027124,0.07217227924311861,0.9127424711148542
25734,LOF,0.013955440477460635,0.13112701142143995,0.8549175481010994
25735,LOF,0.012657348740825787,0.07970927128944769,0.9076333799697266
25736,LOF,0.012887680518565413,0.11282023793601997,0.8742920815454146
25737,LOF,0.020758364033985233,0.08379500232300605,0.8954466336430086
25738,LOF,0.012749103914151287,0.11826352507294104,0.8689873710129078
25739,LOF,0.01857202505925157,0.08208350747600368,0.8993444674647447
25740,LOF,0.02566114984874599,0.09989678316064203,0.8744420669906119
25741,LOF,0.014360396771726227,0.101853910695441,0.8837856925328327
25742,LOF,0.10740115212134005,0.07735705926751986,0.81524178861114
25743,LOF,0.036424427489974064,0.030415547942853553,0.9331600245671723
25744,Neutral,0.5499073599707185,0.20782770894158872,0.2422649310876927
25745,LOF,0.08502311089229292,0.06067778036425986,0.8542991087434472
25746,LOF,0.04211855358609476,0.06976369716926946,0.8881177492446357
25747,LOF,0.02370611344444319,0.03518144056324073,0.9411124459923161
25748,LOF,0.10991275710784339,0.05432651849288996,0.8357607243992666
25749,LOF,0.026470462148249527,0.06703105235499958,0.9064984854967509
25750,LOF,0.087795636517338,0.07515954459217289,0.8370448188904891
25751,LOF,0.09241301579279716,0.05335879588610736,0.8542281883210954
25752,GOF,0.10317030203497139,0.6760719643840916,0.2207577335809371
25753,LOF,0.019688880742230228,0.26148879987190987,0.7188223193858599
25754,GOF,0.011309751121748014,0.7834432065310818,0.2052470423471702
25755,LOF,0.02276411337335572,0.38877923826577837,0.588456648360866
25756,LOF,0.0406945458903123,0.3489083351445384,0.6103971189651494
25757,GOF,0.014657834839982526,0.8377251693264063,0.14761699583361138
25758,GOF,0.030419895510230048,0.8265738424995873,0.1430062619901827
25759,GOF,0.012278223581309644,0.5309624563915349,0.4567593200271555
25760,LOF,0.012781757382506182,0.23017387907047426,0.7570443635470195
25761,GOF,0.26859054249847036,0.6241694809323599,0.10723997656916973
25762,LOF,0.036489894103389015,0.24699106328687825,0.7165190426097328
25763,LOF,0.013926714009353464,0.19412099164496688,0.7919522943456797
25764,GOF,0.07871661971323346,0.6252353590500925,0.2960480212366739
25765,GOF,0.04655643027314277,0.7412753116538281,0.21216825807302916
25766,GOF,0.0634292863451608,0.774258850598624,0.16231186305621528
25767,GOF,0.1717131609400823,0.4464073663818384,0.3818794726780793
25768,LOF,0.08616520014999708,0.0625477726067298,0.8512870272432732
25769,LOF,0.06671212364487768,0.061605737150766525,0.8716821392043559
25770,LOF,0.29080055968053115,0.09565528053392172,0.6135441597855472
25771,LOF,0.04049786902294299,0.043692480482174535,0.9158096504948825
25772,LOF,0.016223379625433826,0.033904371380350594,0.9498722489942155
25773,LOF,0.04628970916359487,0.07814214661498324,0.8755681442214219
25774,LOF,0.02731739639706406,0.07806228785901057,0.8946203157439254
25775,LOF,0.049116839580976485,0.04319731077739088,0.9076858496416326
25776,LOF,0.07365949774541018,0.025347761344789027,0.9009927409098007
25777,LOF,0.329392484678194,0.052180881359425856,0.6184266339623802
25778,LOF,0.06389191770989579,0.04967078921885665,0.8864372930712475
25779,GOF,0.35761466774488404,0.5975107795131078,0.044874552742008224
25780,GOF,0.2788185881348259,0.6487398221744146,0.07244158969075952
25781,GOF,0.1457700285278226,0.7450948460745974,0.10913512539758001
25782,GOF,0.1899497589714132,0.7337345250424223,0.0763157159861645
25783,GOF,0.02879792549873839,0.6439034746393564,0.3272985998619053
25784,GOF,0.47084660909669784,0.4904039513291198,0.03874943957418222
25785,GOF,0.3624664585550705,0.5944635471274202,0.04306999431750925
25786,GOF,0.022377960936283928,0.7614217732542573,0.21620026580945864
25787,Neutral,0.6385042305453328,0.33524987663132066,0.02624589282334655
25788,LOF,0.048466530504550284,0.10340379619248892,0.8481296733029607
25789,GOF,0.18801221969417586,0.6637812890652581,0.148206491240566
25790,GOF,0.21014602571491647,0.6848058756013491,0.10504809868373442
25791,GOF,0.13178953668842094,0.6884591320799222,0.17975133123165704
25792,GOF,0.2999864440566235,0.5635798080452046,0.13643374789817198
25793,GOF,0.2711691259081316,0.5469658141524835,0.18186505993938498
25794,GOF,0.2975189659736245,0.5362651438479641,0.16621589017841149
25795,GOF,0.07561268111652969,0.699730480326791,0.22465683855667942
25796,Neutral,0.5381836746831189,0.3864681472713339,0.07534817804554741
25797,GOF,0.09751884343370783,0.5682754768756827,0.33420567969060944
25798,LOF,0.010031706272937362,0.49479176528416086,0.49517652844290166
25799,LOF,0.006973889399808394,0.3919497831334042,0.6010763274667874
25800,GOF,0.03437076012162496,0.5951367347204017,0.3704925051579733
25801,GOF,0.1631330161113162,0.7081639129777901,0.12870307091089378
25802,GOF,0.08048588606285152,0.6995240193711036,0.21999009456604485
25803,GOF,0.03725547639155102,0.5701735919447617,0.39257093166368723
25804,LOF,0.03500588876822119,0.4741938360666765,0.4908002751651024
25805,GOF,0.1006072134212893,0.6140069809504991,0.28538580562821164
25806,GOF,0.09880028896586596,0.606722858040292,0.29447685299384196
25807,GOF,0.020823818751321624,0.6288835563098291,0.3502926249388492
25808,GOF,0.07773244134573311,0.660673500783992,0.2615940578702749
25809,GOF,0.017057428772175996,0.5821658536439204,0.4007767175839036
25810,GOF,0.01537565268106508,0.6047260522656349,0.3798982950533
25811,GOF,0.4255236452681414,0.4920565353393279,0.08241981939253076
25812,GOF,0.0292319986183635,0.6144310619505433,0.3563369394310931
25813,Neutral,0.49747400093926814,0.4049402788568733,0.09758572020385872
25814,GOF,0.10926414739434809,0.6266132670000906,0.2641225856055613
25815,GOF,0.1815856598953063,0.615520533414944,0.20289380668974968
25816,GOF,0.02339617994427945,0.6929264794477561,0.28367734060796435
25817,GOF,0.24250724642748456,0.6243587125054036,0.1331340410671118
25818,GOF,0.05335656814517154,0.6858710454713991,0.2607723863834293
25819,GOF,0.3464579215742143,0.5159360805003418,0.13760599792544395
25820,GOF,0.182404554010883,0.6078667120623282,0.20972873392678884
25821,GOF,0.05802755828524705,0.6755521848067655,0.26642025690798743
25822,GOF,0.21588740898038766,0.5773630214268621,0.2067495695927502
25823,GOF,0.034320919882530776,0.5283803671248082,0.43729871299266104
25824,GOF,0.08729211312366537,0.612718976807142,0.29998891006919254
25825,GOF,0.03664943555541391,0.6026191645517515,0.36073139989283476
25826,GOF,0.015313763899401048,0.5718774967759052,0.4128087393246938
25827,GOF,0.02478223344533864,0.6043638622903473,0.37085390426431414
25828,GOF,0.01351085380971195,0.5158111069125202,0.47067803927776786
25829,GOF,0.005820701351313114,0.5575237214399876,0.43665557720869924
25830,LOF,0.03161261990432398,0.28238722345180806,0.686000156643868
25831,GOF,0.23096670492113938,0.647682505490407,0.1213507895884536
25832,GOF,0.028004650167642656,0.7068584811362341,0.2651368686961233
25833,GOF,0.10440329344665199,0.7409441834006564,0.15465252315269165
25834,GOF,0.02758591421967941,0.7317834646099521,0.24063062117036838
25835,GOF,0.058847185291279934,0.7763970918433291,0.1647557228653909
25836,GOF,0.029137924344094908,0.6850642629922121,0.285797812663693
25837,GOF,0.022673713582974323,0.6018510444640576,0.3754752419529681
25838,GOF,0.08126807338002671,0.7675316839978578,0.15120024262211545
25839,GOF,0.275970299038107,0.5693452999049091,0.15468440105698392
25840,GOF,0.2379999489268304,0.6220879417742693,0.13991210929890022
25841,GOF,0.22423062138317326,0.63801067109015,0.13775870752667674
25842,GOF,0.1442406866302032,0.7426727807010108,0.11308653266878602
25843,GOF,0.19292325104938154,0.722802983834958,0.08427376511566047
25844,GOF,0.05766497331402046,0.7611451342746572,0.18118989241132233
25845,GOF,0.015897608034324096,0.5404921816653391,0.4436102103003368
25846,GOF,0.11461322635232345,0.7574435718055789,0.12794320184209765
25847,GOF,0.10036206129361734,0.8115988815319637,0.08803905717441886
25848,GOF,0.03615217051668917,0.7192616215078776,0.24458620797543323
25849,GOF,0.01041059680907387,0.6124000185250686,0.3771893846658575
25850,GOF,0.019606912282166773,0.6676842791950103,0.3127088085228229
25851,GOF,0.015503816421360384,0.5537612273774126,0.43073495620122704
25852,GOF,0.1479193930571221,0.5923507827092466,0.2597298242336313
25853,GOF,0.33243519087359735,0.5904466966811723,0.07711811244523037
25854,GOF,0.021792337315505714,0.6077217462427371,0.3704859164417572
25855,GOF,0.03263420209625248,0.5581102597225155,0.409255538181232
25856,GOF,0.21347523111605857,0.5674180158731014,0.21910675301083996
25857,GOF,0.037930505916312966,0.506633860048504,0.45543563403518306
25858,GOF,0.01962597549659536,0.5172145293287014,0.4631594951747033
25859,LOF,0.010147073325768368,0.4898643980071447,0.49998852866708704
25860,GOF,0.3358582720546369,0.5888962472156415,0.07524548072972162
25861,GOF,0.4218402672584224,0.5028052256457277,0.07535450709584993
25862,GOF,0.08186427310555877,0.7736286697069431,0.144507057187498
25863,GOF,0.07699773932929246,0.7825624227568337,0.14043983791387385
25864,GOF,0.19647310963338344,0.7390312767715854,0.06449561359503107
25865,GOF,0.08039553328912656,0.8099795992036894,0.10962486750718406
25866,GOF,0.057165693091719275,0.7942834887729276,0.148550818135353
25867,GOF,0.08565498879470995,0.8203231235399726,0.09402188766531744
25868,GOF,0.23480421317285857,0.6740126331640203,0.0911831536631211
25869,Neutral,0.7138622241352214,0.24550120222350888,0.04063657364126966
25870,GOF,0.28710943169629277,0.392950405941139,0.3199401623625683
25871,GOF,0.2171430914939488,0.6551200649479989,0.12773684355805226
25872,GOF,0.07375240120067963,0.6736944228153606,0.2525531759839597
25873,GOF,0.09849179341837469,0.7148224844411364,0.18668572214048895
25874,LOF,0.013552853774738466,0.12026493889670882,0.8661822073285527
25875,LOF,0.09114453346609394,0.04388924926003801,0.864966217273868
25876,LOF,0.03288426295538912,0.0320246890482661,0.9350910479963447
25877,Neutral,0.4919238957887483,0.043330257040621725,0.46474584717063
25878,LOF,0.2367983737906454,0.09232416222565772,0.670877463983697
25879,LOF,0.08537456270587926,0.08795119702230057,0.8266742402718201
25880,LOF,0.04083659842318965,0.014711971183758537,0.9444514303930518
25881,LOF,0.1581647919301444,0.11976189784631056,0.7220733102235452
25882,LOF,0.06271840290670537,0.01750272569968118,0.9197788713936134
25883,LOF,0.06193008060610933,0.02003055580097634,0.9180393635929144
25884,LOF,0.030860905016986538,0.03012383946916915,0.9390152555138442
25885,LOF,0.05855637916589137,0.012464511858726587,0.928979108975382
25886,LOF,0.25518793170470755,0.040208839316917454,0.704603228978375
25887,LOF,0.13888767363292934,0.06754448152640528,0.7935678448406654
25888,LOF,0.06412163140643327,0.058821910817547056,0.8770564577760197
25889,LOF,0.03857153200929985,0.02254061323763792,0.9388878547530622
25890,LOF,0.0498092927860122,0.15597284924992585,0.794217857964062
25891,LOF,0.04239697263981746,0.054429909632881426,0.9031731177273011
25892,LOF,0.08215526663055414,0.02453077878566928,0.8933139545837766
25893,LOF,0.23956842074283533,0.021620328976940238,0.7388112502802244
25894,LOF,0.17861244121431505,0.013274203257782478,0.8081133555279024
25895,LOF,0.18808930014961925,0.02549287855322642,0.7864178212971543
25896,LOF,0.04826512622276986,0.024715752122238248,0.9270191216549919
25897,LOF,0.25160594836090283,0.01592750170517451,0.7324665499339227
25898,Neutral,0.7169227430731494,0.011440571800184887,0.2716366851266658
25899,LOF,0.20874460923414082,0.023127527266317987,0.7681278634995412
25900,LOF,0.4680439467938663,0.011329476269590869,0.5206265769365429
25901,LOF,0.05189039042817593,0.012349062584087698,0.9357605469877364
25902,LOF,0.1529055385430971,0.014619660873862699,0.8324748005830402
25903,Neutral,0.5978222154310864,0.029661069273270866,0.37251671529564273
25904,LOF,0.31415525989088705,0.04570742393736633,0.6401373161717466
25905,LOF,0.02446815467958706,0.3386858904232949,0.636845954897118
25906,LOF,0.028873259842265825,0.09078680288422784,0.8803399372735063
25907,LOF,0.014404791729413674,0.34499469819976725,0.6406005100708191
25908,LOF,0.009766420051470994,0.270556275489734,0.719677304458795
25909,LOF,0.01257716023173959,0.13845087674003154,0.8489719630282287
25910,LOF,0.04955239963487205,0.14236301841900334,0.8080845819461246
25911,LOF,0.19622143635298933,0.026425953904917927,0.7773526097420927
25912,LOF,0.04646275342341892,0.03967726464734982,0.9138599819292312
25913,LOF,0.3496157046035488,0.021189313385881963,0.6291949820105692
25914,LOF,0.022317767650480887,0.05173796694922663,0.9259442654002925
25915,Neutral,0.5879854632195642,0.12754279137412095,0.2844717454063148
25916,LOF,0.09435620840022813,0.19639344953343768,0.7092503420663342
25917,LOF,0.06621428721114395,0.03694895681354515,0.8968367559753109
25918,LOF,0.02347027294187815,0.03197579066116325,0.9445539363969586
25919,LOF,0.021177469880144194,0.034537893148476474,0.9442846369713793
25920,GOF,0.11157369152571335,0.502444594498471,0.38598171397581554
25921,LOF,0.02535549687751621,0.03401462618305007,0.9406298769394338
25922,LOF,0.03365765662537696,0.02551422948930897,0.9408281138853141
25923,Neutral,0.48832610711465435,0.033606992608542705,0.478066900276803
25924,LOF,0.03357570120900713,0.040206947215893685,0.9262173515750992
25925,LOF,0.0685913790285089,0.03660910113691277,0.8947995198345784
25926,LOF,0.05006071422679577,0.03338689522022837,0.9165523905529759
25927,LOF,0.05657208536859646,0.1454413702894804,0.7979865443419231
25928,LOF,0.01816127199537284,0.05094316011352961,0.9308955678910976
25929,Neutral,0.606787650843517,0.03542589763164104,0.35778645152484184
25930,LOF,0.07349464209604695,0.02882929327642549,0.8976760646275275
25931,LOF,0.023973930077347175,0.03507330919102109,0.9409527607316317
25932,LOF,0.02926034638267337,0.025460961694644072,0.9452786919226825
25933,LOF,0.03868047668496998,0.016148639301661293,0.9451708840133688
25934,LOF,0.025287456204906408,0.018859297985900244,0.9558532458091933
25935,LOF,0.06081142865867513,0.04795049185424701,0.8912380794870778
25936,LOF,0.04525882813988795,0.022657420471676817,0.9320837513884352
25937,LOF,0.02563975378449541,0.03526712436747964,0.9390931218480248
25938,LOF,0.06316852681755339,0.05240730954601728,0.8844241636364294
25939,LOF,0.04149155934717182,0.018474931456213987,0.9400335091966142
25940,LOF,0.04060272552975355,0.33320409051078753,0.6261931839594589
25941,LOF,0.17992058161524627,0.09176399303348191,0.7283154253512718
25942,LOF,0.013394550428288438,0.03248874411977056,0.954116705451941
25943,LOF,0.33122422980347377,0.056975332458118345,0.611800437738408
25944,Neutral,0.5049703931477241,0.020934888415989266,0.47409471843628664
25945,LOF,0.07244202621640192,0.018802313137147763,0.9087556606464503
25946,LOF,0.029451250026741586,0.1036409102655541,0.8669078397077044
25947,LOF,0.10530569007093267,0.17330736844273226,0.7213869414863351
25948,LOF,0.36693863420791223,0.008085295844006716,0.6249760699480811
25949,LOF,0.1380909561927101,0.03330715642751615,0.8286018873797737
25950,Neutral,0.3427718568625838,0.32930949014359323,0.32791865299382283
25951,LOF,0.18526548015687178,0.27765915248966055,0.5370753673534676
25952,LOF,0.05148303654581283,0.4581799363122491,0.49033702714193805
25953,LOF,0.15670491539520093,0.10845619791828011,0.7348388866865189
25954,Neutral,0.4284244806210589,0.19359355889014435,0.37798196048879673
25955,LOF,0.07097069229151041,0.08490254485087026,0.8441267628576195
25956,LOF,0.15830495729447994,0.11701548959360623,0.7246795531119138
25957,LOF,0.03448558649695063,0.032107012900777186,0.9334074006022721
25958,LOF,0.05392666737531725,0.026382564409967675,0.9196907682147152
25959,LOF,0.07550616783483377,0.34853685701435966,0.5759569751508067
25960,LOF,0.015503419429591308,0.0498805007044302,0.9346160798659786
25961,LOF,0.042612903726150696,0.02606148621372173,0.9313256100601276
25962,LOF,0.05473049011184461,0.03146031602299582,0.9138091938651595
25963,LOF,0.04772974714704359,0.19934766289703404,0.7529225899559223
25964,LOF,0.03137429140585749,0.13813348567555014,0.8304922229185923
25965,LOF,0.44346308439205834,0.06261492332746812,0.4939219922804734
25966,Neutral,0.5264938605633863,0.15620719907710567,0.3172989403595079
25967,LOF,0.017643825022338185,0.09984301473975368,0.8825131602379082
25968,LOF,0.03580295093096952,0.39916746646196827,0.5650295826070622
25969,LOF,0.03569070898667003,0.0671638813078161,0.8971454097055139
25970,LOF,0.06066836630799491,0.050897897506787505,0.8884337361852176
25971,LOF,0.06370417767621216,0.022150551779253597,0.9141452705445342
25972,LOF,0.05890110469358072,0.029065130231514507,0.9120337650749046
25973,LOF,0.0740450639997067,0.00945141227648323,0.9165035237238102
25974,LOF,0.1867869048912714,0.014459771289191322,0.7987533238195373
25975,LOF,0.04328420964423894,0.025565918365057838,0.9311498719907033
25976,LOF,0.03993639896138915,0.015828379244622874,0.9442352217939879
25977,LOF,0.14632378475068517,0.09222711628186943,0.7614490989674454
25978,LOF,0.1525926747925148,0.09427160185010225,0.753135723357383
25979,LOF,0.13702729943397918,0.09177268336024288,0.7712000172057779
25980,LOF,0.21720434394731944,0.1203028245143413,0.6624928315383394
25981,LOF,0.2468906459492725,0.1186475112805032,0.6344618427702243
25982,LOF,0.4070734423992564,0.08275910306118044,0.5101674545395631
25983,LOF,0.3813593079426086,0.08881427594945711,0.5298264161079342
25984,LOF,0.047329964139609444,0.04691279038790926,0.9057572454724814
25985,LOF,0.04160277493973273,0.27763124832642255,0.6807659767338448
25986,LOF,0.04705623461655688,0.3226300942802854,0.6303136711031577
25987,LOF,0.0924200070985173,0.06952954410948385,0.8380504487919989
25988,LOF,0.1646907652736149,0.06009010972155664,0.7752191250048285
25989,LOF,0.03654278181045996,0.11522088109273705,0.8482363370968029
25990,LOF,0.03825276300722449,0.16613804517340025,0.7956091918193752
25991,LOF,0.13767423599863207,0.22875853118902026,0.6335672328123476
25992,LOF,0.3242388160154491,0.1396450856433077,0.5361160983412432
25993,LOF,0.02472806761900067,0.06813777778788445,0.9071341545931149
25994,LOF,0.019277375624303372,0.0690666159677763,0.9116560084079204
25995,LOF,0.026584513531247012,0.14355791322557143,0.8298575732431815
25996,GOF,0.3410947721027527,0.3793687121707288,0.2795365157265185
25997,LOF,0.09099643131993083,0.36670531554545654,0.5422982531346126
25998,Neutral,0.5218928459206538,0.026127684516228728,0.4519794695631174
25999,LOF,0.0962619487008447,0.08858648680713842,0.815151564492017
26000,LOF,0.13397136164020995,0.047498098341163385,0.8185305400186267
26001,LOF,0.2015422348227997,0.04950094551501143,0.7489568196621887
26002,LOF,0.11299289880636354,0.044633937394487275,0.8423731637991493
26003,GOF,0.01103634811883798,0.5759178983142158,0.4130457535669461
26004,GOF,0.021869377560327828,0.6905994039771919,0.2875312184624803
26005,LOF,0.007102607006283112,0.44165914171933185,0.5512382512743851
26006,Neutral,0.5359729153430651,0.23470977600126408,0.22931730865567077
26007,GOF,0.02115451343423946,0.5030897448903527,0.47575574167540785
26008,GOF,0.017616838663456372,0.6186258166764145,0.36375734466012916
26009,GOF,0.020378510781430718,0.6897871927341299,0.28983429648443937
26010,GOF,0.022551621254249,0.6453757080063267,0.3320726707394242
26011,LOF,0.0068942996400478025,0.41457471224983816,0.578530988110114
26012,GOF,0.013425465594552346,0.5394767632200967,0.44709777118535093
26013,GOF,0.018318677457168073,0.6194631064525586,0.36221821609027327
26014,LOF,0.03965527419664285,0.11725835755696017,0.8430863682463969
26015,LOF,0.15247452508774798,0.01584476091616547,0.8316807139960866
26016,LOF,0.17740520991495343,0.06324380507627732,0.7593509850087692
26017,LOF,0.19385455502808027,0.10349492948618035,0.7026505154857393
26018,LOF,0.07280108521400609,0.038524611538984066,0.8886743032470098
26019,LOF,0.06969736158729635,0.031444615398784286,0.8988580230139193
26020,LOF,0.06418858724053556,0.10689149950332212,0.8289199132561422
26021,LOF,0.04374341809218362,0.11510584127918798,0.8411507406286285
26022,LOF,0.010846727992914683,0.043161512219476526,0.9459917597876089
26023,LOF,0.06431479964801398,0.025933941514117695,0.9097512588378682
26024,LOF,0.02866264724864399,0.11032660868882936,0.8610107440625266
26025,LOF,0.1448035466780284,0.08915970949162855,0.766036743830343
26026,LOF,0.3133460585525779,0.028164689984371265,0.6584892514630508
26027,LOF,0.0563188547853824,0.019252076977805465,0.9244290682368121
26028,LOF,0.16270203953350038,0.05974723769818259,0.777550722768317
26029,LOF,0.06452044921674213,0.13970584121185203,0.7957737095714059
26030,LOF,0.022348305333061494,0.03428895613828733,0.9433627385286512
26031,LOF,0.025525514923600744,0.09566633598194302,0.8788081490944561
26032,LOF,0.06175243827132875,0.05204700310542341,0.886200558623248
26033,LOF,0.0865937119577358,0.05307261527601243,0.8603336727662516
26034,LOF,0.04019492880095233,0.11861402201887113,0.8411910491801765
26035,LOF,0.025019403489891998,0.10961120183431071,0.8653693946757973
26036,LOF,0.035113153280514016,0.12587568992150813,0.8390111567979779
26037,LOF,0.021099432558119937,0.09078918897907566,0.8881113784628045
26038,LOF,0.05867926045384369,0.05421606763784743,0.8871046719083089
26039,LOF,0.047430587472354055,0.11276733082167391,0.839802081705972
26040,LOF,0.2098802854756871,0.09900024011636986,0.6911194744079431
26041,LOF,0.021792400760688294,0.08771060603005149,0.8904969932092602
26042,LOF,0.02020519817298791,0.08203471169262921,0.897760090134383
26043,LOF,0.06002130343671502,0.06466933382242761,0.8753093627408574
26044,LOF,0.019745360592563134,0.043498476778269596,0.9367561626291673
26045,LOF,0.06738270184513165,0.07621721714699127,0.8564000810078771
26046,LOF,0.05527855428942235,0.053393771472718926,0.8913276742378586
26047,LOF,0.07311361382285751,0.05568795314638191,0.8711984330307605
26048,LOF,0.04306718089658438,0.03258397628233987,0.9243488428210758
26049,Neutral,0.9693033643723907,0.0051446473215348235,0.02555198830607447
26050,Neutral,0.9551612750995435,0.006594543054063634,0.0382441818463928
26051,LOF,0.05113327258983259,0.2613027538723715,0.6875639735377959
26052,LOF,0.0690301153824064,0.3028410037128428,0.6281288809047508
26053,LOF,0.06547444808040713,0.14007873475853266,0.7944468171610602
26054,LOF,0.05016990275467153,0.017674835866764285,0.9321552613785643
26055,LOF,0.06818101710010194,0.016545966794086958,0.9152730161058111
26056,LOF,0.0577630259889108,0.018478078608779713,0.9237588954023094
26057,LOF,0.031699624863778184,0.012304722506788063,0.9559956526294338
26058,LOF,0.03287080615719509,0.00975582459797799,0.957373369244827
26059,LOF,0.26780339601524683,0.02220803449605691,0.7099885694886962
26060,LOF,0.044380321225541176,0.1765491755502252,0.7790705032242337
26061,LOF,0.016608389506403216,0.011347962503996016,0.9720436479896009
26062,LOF,0.010052948641554434,0.016577934847892717,0.9733691165105528
26063,LOF,0.019816849800377713,0.009956694109808994,0.9702264560898133
26064,LOF,0.021637388355868314,0.024154755438174396,0.9542078562059573
26065,LOF,0.02511160543553065,0.010920944219607221,0.9639674503448622
26066,LOF,0.019869427156703583,0.010365811767190513,0.969764761076106
26067,LOF,0.02741471986035533,0.00865984774318065,0.963925432396464
26068,LOF,0.043553903046811226,0.027327567990591908,0.9291185289625968
26069,LOF,0.2652454116124563,0.018400551060944733,0.7163540373265989
26070,LOF,0.3994536417032774,0.015214714399930957,0.5853316438967916
26071,LOF,0.020004722822792302,0.011863768560443758,0.968131508616764
26072,LOF,0.017781811997469272,0.022063088947315842,0.9601550990552149
26073,LOF,0.019140136690980098,0.013480702768657687,0.9673791605403623
26074,Neutral,0.9162253956463366,0.006005923467106303,0.0777686808865571
26075,LOF,0.04499800146324328,0.013399152669971125,0.9416028458667856
26076,LOF,0.03573935915409608,0.008497180473868163,0.9557634603720356
26077,LOF,0.008895643910750053,0.012226558873103659,0.9788777972161462
26078,LOF,0.014536919771313479,0.011392540204428873,0.9740705400242576
26079,LOF,0.05972152778891314,0.015613996729992037,0.9246644754810948
26080,LOF,0.058741780127550616,0.015655834515383528,0.9256023853570658
26081,LOF,0.035077319488583725,0.006746239930650114,0.9581764405807661
26082,LOF,0.012378386993227278,0.0131200257913563,0.9745015872154164
26083,LOF,0.17477960206330426,0.013982975368327353,0.8112374225683683
26084,LOF,0.04387451069653741,0.011329389106833482,0.9447961001966292
26085,LOF,0.039425853899295614,0.010883468637210741,0.9496906774634938
26086,LOF,0.020336944894240597,0.011177825331692638,0.9684852297740668
26087,LOF,0.022548791591608445,0.008933877222738067,0.9685173311856535
26088,LOF,0.016004342104145967,0.023842215495829024,0.960153442400025
26089,LOF,0.041074563529597014,0.02155427165276151,0.9373711648176416
26090,LOF,0.04061526682076366,0.01736203772199773,0.9420226954572387
26091,LOF,0.031033653199654704,0.006520956657835685,0.9624453901425096
26092,LOF,0.021637993562835117,0.00788230236580311,0.9704797040713617
26093,LOF,0.03289474957072038,0.006049013514117654,0.961056236915162
26094,LOF,0.03219050950983287,0.006134198748419107,0.961675291741748
26095,LOF,0.03985224880682753,0.013624220067695704,0.9465235311254768
26096,LOF,0.01651920228562136,0.011265404948108298,0.9722153927662702
26097,LOF,0.011770299243335298,0.03497404672039741,0.9532556540362672
26098,LOF,0.07787600958693544,0.011976583849824666,0.9101474065632399
26099,LOF,0.019855343170291768,0.012117879955497521,0.9680267768742107
26100,LOF,0.022015250874550484,0.011875375033346153,0.9661093740921033
26101,LOF,0.04531884691198654,0.016718707851575296,0.9379624452364381
26102,LOF,0.019800458303268587,0.014359677461060327,0.9658398642356711
26103,Neutral,0.8771527585288962,0.01808518797448247,0.10476205349662134
26104,LOF,0.07540843986186645,0.023574302171553922,0.9010172579665796
26105,LOF,0.2055027195692986,0.2755297676837935,0.5189675127469079
26106,LOF,0.166909870167802,0.12901056623959548,0.7040795635926025
26107,LOF,0.23763975594457226,0.0859889964630208,0.676371247592407
26108,LOF,0.22431588962619178,0.09170293200440834,0.6839811783693999
26109,LOF,0.07846442015510917,0.06059558895453646,0.8609399908903543
26110,LOF,0.20776212453127668,0.007057763751743243,0.7851801117169801
26111,Neutral,0.5075830657196074,0.022937109928193117,0.4694798243521995
26112,LOF,0.03231713236368517,0.006844262711239926,0.960838604925075
26113,LOF,0.060756514774278216,0.015381669565158495,0.9238618156605634
26114,LOF,0.02419570228831273,0.02729355829103824,0.9485107394206491
26115,LOF,0.09352869503098743,0.049521821130056196,0.8569494838389564
26116,LOF,0.06401976827538693,0.052489256376735974,0.883490975347877
26117,LOF,0.4607883379525406,0.04205519879232926,0.4971564632551302
26118,LOF,0.033380382157091,0.02564275621489704,0.940976861628012
26119,LOF,0.023699829179991014,0.03521856620604897,0.94108160461396
26120,LOF,0.025729849720598247,0.01958240776473848,0.9546877425146634
26121,LOF,0.04172152230985033,0.09061720351794915,0.8676612741722006
26122,LOF,0.04767092933175343,0.037520988279364016,0.9148080823888826
