feature0,prediction,LoGoFunc_Neutral,LoGoFunc_GOF,LoGoFunc_LOF
25546,Neutral,0.6006462688147806,0.06244570536596071,0.3369080258192586
25547,Neutral,0.48222887845136175,0.09573626928771727,0.422034852260921
25548,Neutral,0.49172272709912673,0.09104894383726787,0.41722832906360535
25549,LOF,0.4249547204751448,0.09533579410821225,0.47970948541664293
25550,LOF,0.3546036475693871,0.10612344099450476,0.5392729114361082
25551,LOF,0.31287238179942084,0.10831089628086334,0.5788167219197158
25552,LOF,0.28157817465628177,0.11907506545801867,0.5993467598856995
25553,Neutral,0.7796726588807767,0.06382347855132676,0.15650386256789664
25554,LOF,0.31144078973407724,0.10122232516836652,0.5873368850975562
25555,LOF,0.2689518421844785,0.10316583019495909,0.6278823276205625
25556,LOF,0.445524153897896,0.09368951241370121,0.4607863336884028
25557,LOF,0.24877232124880191,0.10467569003476074,0.6465519887164374
25558,LOF,0.31099198296178526,0.10147580725732995,0.5875322097808848
25559,LOF,0.25983019842499555,0.03813610808529378,0.7020336934897107
25560,LOF,0.10990801760124655,0.12050025497076758,0.7695917274279859
25561,LOF,0.09303508946011563,0.18730194052033655,0.7196629700195478
25562,LOF,0.04225402960278882,0.07055679582785902,0.8871891745693522
25563,LOF,0.007898299114787554,0.13719143041133072,0.8549102704738817
25564,LOF,0.07308458920607486,0.0812724566489036,0.8456429541450216
25565,LOF,0.19809375986901945,0.11663338389300165,0.685272856237979
25566,GOF,0.07193362883433163,0.7704782883571446,0.1575880828085237
25567,LOF,0.050763227296341695,0.15273046170712257,0.7965063109965357
25568,LOF,0.06090316575397601,0.10988278747502313,0.829214046771001
25569,LOF,0.06149541181273042,0.09762655803945362,0.8408780301478159
25570,LOF,0.02820176092877024,0.1266577345068542,0.8451405045643755
25571,LOF,0.02785508679064326,0.13196934671097532,0.8401755664983814
25572,LOF,0.061357351036105186,0.20148795902112643,0.7371546899427683
25573,LOF,0.07658494855033157,0.147169743901777,0.7762453075478914
25574,LOF,0.10208284505934466,0.24540944155241076,0.6525077133882445
25575,LOF,0.026611102905379096,0.14688276624272334,0.8265061308518976
25576,LOF,0.02738232786362695,0.25024103397973485,0.7223766381566381
25577,LOF,0.030107914742237906,0.17954195023444341,0.7903501350233187
25578,LOF,0.29213556638399657,0.096116534670952,0.6117478989450514
25579,LOF,0.20919881482549163,0.09623757595160469,0.6945636092229037
25580,LOF,0.026265870862567556,0.08334396323451296,0.8903901659029195
25581,LOF,0.04106041968176772,0.12462330085928107,0.8343162794589513
25582,LOF,0.04075610625946883,0.12031136117098593,0.8389325325695453
25583,LOF,0.03553955456553978,0.09506505778503925,0.869395387649421
25584,Neutral,0.7436750344402309,0.1056471289633762,0.1506778365963929
25585,LOF,0.024931422586809943,0.20822843175097402,0.7668401456622161
25586,LOF,0.02444183271960365,0.10710141621411108,0.8684567510662852
25587,LOF,0.02418695631907311,0.10612643391142994,0.8696866097694969
25588,LOF,0.029516277059212892,0.08208988213271125,0.8883938408080759
25589,Neutral,0.6090883250059467,0.1920491930144601,0.19886248197959316
25590,LOF,0.06338477740417289,0.14972504107954812,0.7868901815162791
25591,LOF,0.09990486181376801,0.09647957849634113,0.8036155596898908
25592,LOF,0.08838811895807178,0.17128471501046216,0.7403271660314661
25593,LOF,0.14858814026320036,0.3352191951632411,0.5161926645735586
25594,LOF,0.04275503125207535,0.07095528316195572,0.8862896855859689
25595,LOF,0.042398129878391894,0.03433661922346288,0.9232652508981452
25596,LOF,0.11568827577171079,0.01805083843208436,0.8662608857962047
25597,LOF,0.08584348589914359,0.01916567625538841,0.894990837845468
25598,LOF,0.04788449649955794,0.031858622136751676,0.9202568813636903
25599,LOF,0.024934125561597797,0.40636103201158513,0.5687048424268171
25600,LOF,0.15505234966069942,0.4026302563430816,0.44231739399621905
25601,LOF,0.044895481306747226,0.29256326537532956,0.6625412533179232
25602,LOF,0.029904166485429987,0.08150708905101865,0.8885887444635514
25603,LOF,0.059157065908073556,0.06788410153965042,0.8729588325522761
25604,LOF,0.049262391915141215,0.12579179192907228,0.8249458161557865
25605,LOF,0.06019533452354304,0.15240882250798027,0.7873958429684766
25606,Neutral,0.43676215530350754,0.26286271501997166,0.30037512967652064
25607,LOF,0.03469148917824479,0.22420880148057717,0.741099709341178
25608,LOF,0.050053765813019284,0.09918688235451638,0.8507593518324643
25609,GOF,0.20119914475377543,0.525468845750562,0.27333200949566255
25610,LOF,0.023962845555919945,0.08161695933711328,0.8944201951069667
25611,LOF,0.016472124677147038,0.08369257863818266,0.8998352966846702
25612,LOF,0.07257230784017889,0.09460003457958374,0.8328276575802372
25613,LOF,0.059678984147048995,0.09853609179894787,0.8417849240540031
25614,LOF,0.02867626416493772,0.08450601309316888,0.8868177227418933
25615,LOF,0.06795040624600175,0.07583838650607995,0.8562112072479183
25616,LOF,0.07694801477527292,0.09389446410492462,0.8291575211198025
25617,LOF,0.05967089346762734,0.10257452456020662,0.837754581972166
25618,LOF,0.0657470340944337,0.18378110285574564,0.7504718630498207
25619,LOF,0.01568116755626417,0.1372126899246731,0.8471061425190627
25620,LOF,0.05402004086563812,0.10321361825708233,0.8427663408772795
25621,LOF,0.08852515339418825,0.10223728598221225,0.8092375606235995
25622,LOF,0.10284891088624021,0.11591267214881132,0.7812384169649486
25623,LOF,0.082381126894219,0.08000530726130363,0.8376135658444774
25624,LOF,0.025778722617723834,0.08082675577837421,0.893394521603902
25625,LOF,0.07975282358219918,0.0921442238339298,0.8281029525838711
25626,LOF,0.06410206715198105,0.09475760871438735,0.8411403241336316
25627,Neutral,0.8727398090671301,0.027966366840658858,0.09929382409221099
25628,LOF,0.19643495263246774,0.057365435896587005,0.7461996114709453
25629,LOF,0.0589250078067944,0.07224022984319589,0.8688347623500098
25630,LOF,0.27357355991096033,0.07657202413955103,0.6498544159494887
25631,Neutral,0.5076494064118161,0.05416576350124884,0.43818483008693504
25632,LOF,0.02709462602864554,0.12298045660043165,0.8499249173709228
25633,LOF,0.19260669203132294,0.07440314319730185,0.7329901647713751
25634,LOF,0.04188206543655324,0.11173947888062054,0.8463784556828261
25635,LOF,0.03361461972823065,0.055792890048008206,0.9105924902237611
25636,GOF,0.03411013156895397,0.5416047054367654,0.42428516299428065
25637,GOF,0.03179238857091352,0.5032813565618977,0.46492625486718875
25638,LOF,0.022311002263907975,0.4453312692521604,0.5323577284839316
25639,LOF,0.03012304703353479,0.3873213619166784,0.5825555910497868
25640,Neutral,0.7584007664861618,0.1899420661706665,0.05165716734317166
25641,GOF,0.1150569293706825,0.44898426785064716,0.43595880277867033
25642,LOF,0.11605038415138849,0.28948384343968603,0.5944657724089256
25643,LOF,0.42727348623879297,0.13187417064883028,0.44085234311237675
25644,GOF,0.008381969181258424,0.6889963248312063,0.30262170598753535
25645,GOF,0.009625428218572651,0.6641709971784003,0.32620357460302696
25646,LOF,0.01645763575212138,0.4158363132632946,0.5677060509845842
25647,LOF,0.009184892707081671,0.33625796921631856,0.6545571380765998
25648,LOF,0.01352762670548063,0.402823954762863,0.5836484185316564
25649,LOF,0.008582209387766682,0.2851011441065002,0.7063166465057332
25650,GOF,0.026445306374668485,0.6074917660237433,0.36606292760158804
25651,LOF,0.010318787744298542,0.41729914417238323,0.5723820680833182
25652,GOF,0.008044340001045144,0.5184098946911103,0.47354576530784454
25653,GOF,0.02762164440476057,0.718948202449067,0.2534301531461725
25654,LOF,0.009979866216832002,0.44055680877643455,0.5494633250067334
25655,GOF,0.08587241158170568,0.7224257792955792,0.1917018091227152
25656,LOF,0.20983494360030416,0.11395199481456109,0.6762130615851348
25657,LOF,0.032731675667500876,0.12286421632889423,0.844404108003605
25658,LOF,0.209803053686519,0.14784794647688998,0.6423489998365911
25659,LOF,0.30491468245781567,0.20912648974475245,0.48595882779743194
25660,LOF,0.021039025710665776,0.13975690651584816,0.8392040677734861
25661,LOF,0.05897263457260501,0.09398252356848023,0.8470448418589147
25662,LOF,0.023917743579141094,0.05612584498995873,0.9199564114309001
25663,LOF,0.02743156841437675,0.04986763691628455,0.9227007946693386
25664,LOF,0.0887209771740844,0.08303609936313408,0.8282429234627814
25665,LOF,0.04656087113614138,0.04142460167978607,0.9120145271840725
25666,LOF,0.06810709748575683,0.06698699464569362,0.8649059078685496
25667,LOF,0.049900553266485105,0.05984551248189796,0.8902539342516169
25668,LOF,0.025332985990510027,0.07483683628331765,0.8998301777261724
25669,LOF,0.017114397185167857,0.06742196375371254,0.9154636390611196
25670,LOF,0.11611416086192138,0.055760801904404016,0.8281250372336747
25671,LOF,0.07677519364574689,0.05229627620199932,0.8709285301522538
25672,LOF,0.03897021824873672,0.06589177259021858,0.8951380091610447
25673,LOF,0.07622367968114695,0.05354121952287729,0.8702351007959758
25674,LOF,0.0702207022117907,0.07465128609766271,0.8551280116905466
25675,LOF,0.06441387251198634,0.08438337367063724,0.8512027538173764
25676,LOF,0.014502383057597653,0.08481998382936126,0.900677633113041
25677,LOF,0.013595836682984894,0.10436320147702972,0.8820409618399853
25678,LOF,0.14876119030052737,0.09879507174620426,0.7524437379532684
25679,LOF,0.10310313924364498,0.11676352910808092,0.7801333316482741
25680,LOF,0.018437789914416913,0.14943340762639903,0.832128802459184
25681,LOF,0.028057995034193726,0.13500601847105506,0.8369359864947512
25682,LOF,0.08853615358314722,0.09949980868026215,0.8119640377365905
25683,LOF,0.0839290805763205,0.11133613037392218,0.8047347890497574
25684,LOF,0.02111707384284505,0.08930959862854305,0.889573327528612
25685,LOF,0.10535210359585363,0.13900319004330464,0.7556447063608417
25686,LOF,0.0487254552161901,0.2876247356406272,0.6636498091431826
25687,LOF,0.09060062092699572,0.2656432091623111,0.6437561699106931
25688,LOF,0.4126518447775298,0.02752128235058962,0.5598268728718805
25689,LOF,0.2535619691928124,0.031674857611196615,0.714763173195991
25690,LOF,0.3464797331719853,0.024846029254723206,0.6286742375732914
25691,Neutral,0.7393718628564815,0.022114947192820488,0.23851318995069798
25692,LOF,0.32016703561599186,0.013336758054174152,0.6664962063298341
25693,LOF,0.046068179734415064,0.4594212946745685,0.4945105255910165
25694,LOF,0.09760792751855299,0.027506442229026002,0.8748856302524209
25695,LOF,0.10443271583438918,0.011963258729214924,0.8836040254363958
25696,LOF,0.10546489666563921,0.03310846627905576,0.8614266370553051
25697,LOF,0.043909056530573434,0.08301078149469564,0.8730801619747309
25698,LOF,0.2709644407559909,0.16270616837893048,0.5663293908650786
25699,LOF,0.35730780558541375,0.04892022186653857,0.5937719725480476
25700,LOF,0.05694818187037843,0.01363874109448887,0.9294130770351328
25701,LOF,0.1593620673231358,0.05392442221593704,0.7867135104609271
25702,GOF,0.20776376369245214,0.6400425986642043,0.15219363764334348
25703,LOF,0.01750080624545917,0.20241724165934846,0.7800819520951925
25704,LOF,0.03340897400507084,0.1686306607070708,0.7979603652878583
25705,LOF,0.032325504712319535,0.09835118697527777,0.8693233083124028
25706,GOF,0.11058084190119026,0.5143695654627102,0.37504959263609955
25707,LOF,0.10333094226019854,0.35761401786996383,0.5390550398698376
25708,LOF,0.04677341933598642,0.42148000224975923,0.5317465784142543
25709,LOF,0.07034017062925989,0.059402000894994894,0.8702578284757453
25710,LOF,0.019911754402275977,0.1872272613809257,0.7928609842167984
25711,LOF,0.01917690719242629,0.10397701452563188,0.8768460782819419
25712,LOF,0.01933890513154713,0.2488197295241651,0.7318413653442878
25713,LOF,0.0181061437373944,0.08947540829709558,0.8924184479655101
25714,LOF,0.0737027712600542,0.07866457317702072,0.847632655562925
25715,LOF,0.011391453827000493,0.1439120610155363,0.8446964851574632
25716,LOF,0.014770717070132609,0.16822369548548602,0.8170055874443813
25717,LOF,0.020445854869401807,0.10504169988913925,0.8745124452414589
25718,LOF,0.010936907326857334,0.06986360020849125,0.9191994924646515
25719,LOF,0.02313423581578842,0.11380799315884746,0.8630577710253641
25720,LOF,0.03023574337471859,0.06005653625412292,0.9097077203711584
25721,LOF,0.010746889624355148,0.11075881679247684,0.878494293583168
25722,LOF,0.012742105457821524,0.09236406312137156,0.8948938314208069
25723,LOF,0.0235966455272615,0.0681419572443159,0.9082613972284226
25724,LOF,0.03322573299366643,0.13039856605845318,0.8363757009478804
25725,LOF,0.010778670594960706,0.11047825789695105,0.8787430715080883
25726,LOF,0.016414342720783563,0.16495532832902118,0.8186303289501953
25727,LOF,0.013906187285487778,0.09597929190020638,0.8901145208143059
25728,LOF,0.010405496046443155,0.12730635125618728,0.8622881526973696
25729,LOF,0.010753122528259091,0.12480680445147035,0.8644400730202706
25730,LOF,0.014490985057633908,0.1236995826519906,0.8618094322903754
25731,LOF,0.02194712775269314,0.16113394754615648,0.8169189247011505
25732,LOF,0.014105222683388562,0.058803816631349794,0.9270909606852618
25733,LOF,0.015081046397118497,0.08145684185468484,0.9034621117481968
25734,LOF,0.015628830017801423,0.19377644975726366,0.7905947202249349
25735,LOF,0.010668726401585898,0.08020845954669593,0.9091228140517181
25736,LOF,0.011641146202365688,0.08106623681647526,0.907292616981159
25737,LOF,0.013101602580979069,0.11590513892824048,0.8709932584907805
25738,LOF,0.011775554109323485,0.11034954091420271,0.8778749049764738
25739,LOF,0.01941817367906893,0.09699919844216034,0.8835826278787707
25740,LOF,0.030515438063539676,0.11733956764286677,0.8521449942935935
25741,LOF,0.014180656509960105,0.12297080821191218,0.8628485352781277
25742,LOF,0.10481297009234421,0.08806529681630003,0.8071217330913557
25743,LOF,0.050086276083527295,0.05489915698223377,0.895014566934239
25744,Neutral,0.6312438645276643,0.19816175713342557,0.17059437833891006
25745,LOF,0.06582152786218715,0.060421825558199735,0.8737566465796132
25746,LOF,0.04408337081202443,0.09051832609832343,0.865398303089652
25747,LOF,0.018571881974843347,0.12519013075355997,0.8562379872715967
25748,LOF,0.09837787732568003,0.15771990681551754,0.7439022158588023
25749,LOF,0.031097434681856623,0.08706540807039996,0.8818371572477434
25750,LOF,0.06807640343174183,0.09394247188883698,0.8379811246794211
25751,LOF,0.11297624613473418,0.1462242092724398,0.740799544592826
25752,GOF,0.12609478369556618,0.6879279329066328,0.18597728339780112
25753,LOF,0.03489466449715861,0.4360917880468454,0.5290135474559959
25754,GOF,0.02765083778755956,0.7880991053985135,0.18425005681392698
25755,LOF,0.04298872202406829,0.3644869039744293,0.5925243740015025
25756,LOF,0.0746599573474906,0.4574744022523499,0.4678656404001595
25757,GOF,0.026493254287976647,0.842131449543826,0.13137529616819724
25758,GOF,0.03178377760044911,0.8040390768967904,0.16417714550276044
25759,GOF,0.017874460173154024,0.7125300131922292,0.2695955266346168
25760,LOF,0.02252905158917815,0.44723801638768645,0.5302329320231354
25761,GOF,0.30124616827611955,0.6204901271164093,0.0782637046074712
25762,LOF,0.05627028872709065,0.43959371027478394,0.5041360009981255
25763,LOF,0.018824343350320332,0.37244205817212833,0.6087335984775514
25764,GOF,0.07395576755217026,0.7573665336488216,0.16867769879900818
25765,GOF,0.04131152804438864,0.8012467718126337,0.15744170014297756
25766,GOF,0.1085907044039745,0.7594597798835316,0.13194951571249378
25767,GOF,0.10098591583332964,0.5826396042793078,0.3163744798873626
25768,LOF,0.08588011244308642,0.04975054503182269,0.864369342525091
25769,LOF,0.04757475357654936,0.07583835043866083,0.8765868959847899
25770,LOF,0.40382653784671196,0.07560117507949728,0.5205722870737908
25771,LOF,0.07021419663583367,0.03935851725541127,0.890427286108755
25772,LOF,0.01782844210727595,0.05661949260173424,0.9255520652909899
25773,LOF,0.07302414470077949,0.04320622546901876,0.8837696298302017
25774,LOF,0.02696226426796363,0.13168304152672047,0.8413546942053158
25775,LOF,0.0834963598719957,0.03399148791388898,0.8825121522141154
25776,LOF,0.06949476695703181,0.03238671096401427,0.898118522078954
25777,Neutral,0.5594886455060044,0.09524627385540879,0.34526508063858696
25778,LOF,0.05830745768401663,0.05119198254696229,0.8905005597690211
25779,GOF,0.4106548343486873,0.526815436443238,0.06252972920807456
25780,GOF,0.3540019346525161,0.5351709987619723,0.1108270665855115
25781,GOF,0.12487994529050137,0.7308655512762977,0.14425450343320087
25782,GOF,0.18266971176316887,0.68770431530738,0.1296259729294512
25783,GOF,0.025834778305303067,0.6684979510408636,0.3056672706538332
25784,Neutral,0.5345790630119394,0.3906484727209535,0.07477246426710711
25785,Neutral,0.5342091615599629,0.38788703711513456,0.07790380132490253
25786,GOF,0.035255538127156996,0.7096678428246685,0.25507661904817447
25787,Neutral,0.7039060186499898,0.24756895764280717,0.0485250237072031
25788,LOF,0.05573201051587839,0.07685170110203103,0.8674162883820905
25789,GOF,0.2123554032718396,0.6380667745993328,0.1495778221288277
25790,GOF,0.26619784400376706,0.5769013512319875,0.1569008047642455
25791,GOF,0.14509474522188023,0.607402240299601,0.24750301447851886
25792,GOF,0.35183971474144354,0.45312069203080235,0.19503959322775416
25793,GOF,0.2644293863417995,0.4394017328313116,0.2961688808268888
25794,GOF,0.31561876895080043,0.45615397480939696,0.22822725623980256
25795,GOF,0.07819128025564553,0.6264310805917387,0.29537763915261583
25796,Neutral,0.4746508635370788,0.41219569045751503,0.11315344600540597
25797,GOF,0.08328335276731436,0.5120217761545441,0.40469487107814145
25798,GOF,0.012713643131472784,0.5547843064521097,0.4325020504164174
25799,LOF,0.010944896553593693,0.49092973700727427,0.4981253664391319
25800,GOF,0.04068386517373107,0.6348967276892212,0.32441940713704753
25801,GOF,0.23114442110137548,0.6379204798705579,0.1309350990280667
25802,GOF,0.07580846269653044,0.6519503796788875,0.27224115762458223
25803,GOF,0.0518725970802766,0.5744740812790364,0.373653321640687
25804,GOF,0.04229498647570577,0.5089727307793638,0.4487322827449305
25805,GOF,0.10506509759459529,0.5300057236227982,0.3649291787826065
25806,GOF,0.13524442699446515,0.5773492924569307,0.2874062805486043
25807,GOF,0.022500710565482137,0.5917834350248571,0.38571585440966083
25808,GOF,0.10978119739279772,0.5554111823528033,0.3348076202543989
25809,GOF,0.022543591381761423,0.5551346479319135,0.42232176068632515
25810,GOF,0.023691858709516594,0.5503350812986658,0.4259730599918176
25811,Neutral,0.4603101174159662,0.45923862252847747,0.08045126005555636
25812,GOF,0.04388592601103572,0.6239481277071137,0.3321659462818506
25813,Neutral,0.5868433250227648,0.2734265058962749,0.13973016908096034
25814,GOF,0.15081748001393305,0.584043664328448,0.2651388556576189
25815,GOF,0.29824836503332375,0.5095137555723082,0.19223787939436812
25816,GOF,0.021506518659954593,0.6323731285449449,0.34612035279510056
25817,GOF,0.21062866800795435,0.6363182214827893,0.15305311050925632
25818,GOF,0.04523768062417973,0.6161345241009183,0.3386277952749019
25819,GOF,0.37732309885124915,0.4394470481757423,0.1832298529730086
25820,GOF,0.19181329766276606,0.5806771865435908,0.2275095157936431
25821,GOF,0.07119103865957307,0.6669529328816508,0.2618560284587761
25822,GOF,0.25756519533644423,0.5265054123557166,0.2159293923078392
25823,GOF,0.042364294364987884,0.5367504599534306,0.4208852456815816
25824,GOF,0.0997859914504418,0.5237733623240414,0.3764406462255169
25825,GOF,0.03769923578781219,0.5443018221162144,0.4179989420959735
25826,GOF,0.014045940707282144,0.5391331645399785,0.44682089475273934
25827,GOF,0.025592356248065343,0.5521015449286062,0.42230609882332854
25828,LOF,0.01750463462434349,0.48337249041821967,0.4991228749574369
25829,GOF,0.009726519540956862,0.5606770333902872,0.4295964470687558
25830,LOF,0.03851347411241782,0.2417697741218162,0.719716751765766
25831,GOF,0.15188796231130308,0.6921849660105408,0.1559270716781562
25832,GOF,0.0426706288397756,0.6944114212782482,0.26291794988197625
25833,GOF,0.12386860908337728,0.6762424775460039,0.19988891337061893
25834,GOF,0.04983513395282384,0.6864129796995831,0.263751886347593
25835,GOF,0.11328397261359302,0.6021346682102696,0.28458135917613736
25836,GOF,0.05765309897236649,0.6708151518581171,0.2715317491695164
25837,GOF,0.0316689886625543,0.5264329507816755,0.4418980605557702
25838,GOF,0.11172081002327834,0.6796902074512016,0.20858898252552002
25839,GOF,0.30925967723133535,0.4912979664088197,0.19944235635984492
25840,GOF,0.2390632844260302,0.5432819630708976,0.21765475250307229
25841,GOF,0.28780835404455385,0.5194560341648705,0.19273561179057563
25842,GOF,0.17965159892974936,0.6010206754070287,0.21932772566322187
25843,GOF,0.2373396118253168,0.6063570091626793,0.1563033790120038
25844,GOF,0.07431101913729335,0.6356388760351794,0.2900501048275272
25845,GOF,0.01922774031490252,0.5298131824924509,0.45095907719264655
25846,GOF,0.11358356190126447,0.6716744869141484,0.21474195118458708
25847,GOF,0.11816803161135143,0.6787516248314288,0.2030803435572197
25848,GOF,0.05277687836672821,0.6415452611659844,0.30567786046728723
25849,GOF,0.01601539250910396,0.5579315095075942,0.4260530979833018
25850,GOF,0.033523510613111415,0.6100611048338697,0.35641538455301897
25851,GOF,0.02975956744558805,0.5090786594686854,0.46116177308572665
25852,GOF,0.1482220777083457,0.5010407571322586,0.35073716515939574
25853,GOF,0.3317290865987931,0.5619536223340491,0.10631729106715779
25854,GOF,0.02284600678588856,0.7130419203783943,0.264112072835717
25855,GOF,0.04521357636045743,0.6133470046060734,0.34143941903346914
25856,GOF,0.24214724914209018,0.5581374514407689,0.1997152994171409
25857,GOF,0.041430162777845655,0.5521666141388153,0.40640322308333904
25858,GOF,0.023362190144113212,0.6184618865445142,0.3581759233113727
25859,GOF,0.012089345927325386,0.6167704259400019,0.3711402281326728
25860,GOF,0.32737577853704924,0.5611151645749851,0.11150905688796564
25861,GOF,0.31764347470197773,0.5851839695044898,0.09717255579353261
25862,GOF,0.06801997303714069,0.7701021654426017,0.16187786152025765
25863,GOF,0.07130228156956532,0.7744940816974839,0.15420363673295073
25864,GOF,0.13824037793930388,0.7316029314312283,0.13015669062946789
25865,GOF,0.07427133826289699,0.7479295663892391,0.1777990953478638
25866,GOF,0.06210835055367607,0.7963250797976,0.1415665696487239
25867,GOF,0.0766601770980855,0.7972527740259631,0.12608704887595137
25868,GOF,0.20487075277455621,0.6529539967990955,0.1421752504263482
25869,Neutral,0.6607457093512159,0.2750389223140345,0.06421536833474967
25870,LOF,0.24455653849689865,0.25237556261975724,0.503067898883344
25871,GOF,0.15760920096145256,0.6583593876301046,0.1840314114084428
25872,GOF,0.07713387555520436,0.6168515534188888,0.30601457102590685
25873,GOF,0.151193833162367,0.5937113850764952,0.2550947817611377
25874,LOF,0.022255828186119035,0.08158460892231972,0.8961595628915612
25875,LOF,0.05292766343935701,0.18097299214775392,0.7660993444128891
25876,LOF,0.02380414987856971,0.0983342605488825,0.8778615895725479
25877,LOF,0.3874236359862313,0.21000167198313455,0.4025746920306342
25878,LOF,0.13196812624952306,0.28463784802874903,0.5833940257217279
25879,LOF,0.07661118071799926,0.29293641788441616,0.6304524013975846
25880,LOF,0.022609549058059394,0.051741574577683344,0.9256488763642573
25881,LOF,0.2144842209880466,0.135799795186133,0.6497159838258204
25882,LOF,0.06516267914594051,0.021877137856815602,0.9129601829972439
25883,LOF,0.08747774451088344,0.033542096022018984,0.8789801594670976
25884,LOF,0.03877982176852124,0.03897896218239011,0.9222412160490887
25885,LOF,0.06167116546487038,0.022164730464832735,0.9161641040702969
25886,LOF,0.34218131355961645,0.08141134580311492,0.5764073406372686
25887,LOF,0.20778492440852098,0.14041657084746428,0.6517985047440148
25888,LOF,0.07941875050634072,0.0802407949504344,0.8403404545432248
25889,LOF,0.03707516335066569,0.04297205311868595,0.9199527835306482
25890,LOF,0.07120577563420825,0.12447334975136268,0.804320874614429
25891,LOF,0.07234894019237657,0.06368093388940818,0.8639701259182152
25892,LOF,0.09586929387430133,0.0436503763175089,0.8604803298081898
25893,LOF,0.32515716229517994,0.03269748789854923,0.6421453498062708
25894,LOF,0.19175172328148898,0.011488582432429444,0.7967596942860815
25895,LOF,0.24602968998528524,0.02136144641176712,0.7326088636029476
25896,LOF,0.049508591964628715,0.02097684497501104,0.9295145630603603
25897,LOF,0.2591063873700957,0.033781543098461556,0.7071120695314428
25898,Neutral,0.8030319811878627,0.019993928067255015,0.17697409074488216
25899,LOF,0.21780485642907932,0.06319082950420804,0.7190043140667127
25900,Neutral,0.6202945855814502,0.012325248756278754,0.36738016566227105
25901,LOF,0.04441950098252212,0.015229589064031194,0.9403509099534466
25902,LOF,0.19513586949252662,0.016631996390100164,0.7882321341173733
25903,Neutral,0.6178875292849617,0.0679779689085601,0.31413450180647823
25904,LOF,0.26252427013811197,0.040395500641027524,0.6970802292208605
25905,LOF,0.03914816288444536,0.3512715956740874,0.6095802414414672
25906,LOF,0.0247228964906071,0.05743458870216032,0.9178425148072326
25907,LOF,0.012573332176472782,0.3502741792434568,0.6371524885800705
25908,LOF,0.014703899065496672,0.218618409366753,0.7666776915677503
25909,LOF,0.01732651655665584,0.1145024127683624,0.8681710706749818
25910,LOF,0.021279912932960884,0.43152881073176036,0.5471912763352788
25911,LOF,0.05751716439034965,0.07068550257181402,0.8717973330378364
25912,LOF,0.027358771369833574,0.15576676567495276,0.8168744629552136
25913,LOF,0.21592402662882165,0.051320864217595054,0.7327551091535832
25914,LOF,0.019892990963568728,0.08993289061179799,0.8901741184246332
25915,Neutral,0.41641843353060226,0.2958095241804165,0.28777204228898123
25916,LOF,0.03248367945968999,0.45938386588412455,0.5081324546561854
25917,LOF,0.043784159036621924,0.05195360872632283,0.9042622322370553
25918,LOF,0.023358911105208994,0.05104732495582864,0.9255937639389624
25919,LOF,0.021952855336576118,0.05670064568859991,0.921346498974824
25920,GOF,0.11097261860301717,0.5434067001916185,0.3456206812053643
25921,LOF,0.029591342135916,0.025743792505135813,0.9446648653589482
25922,LOF,0.03924727318086864,0.019525597561268083,0.9412271292578632
25923,LOF,0.39638561445109305,0.02687605153371587,0.5767383340151911
25924,LOF,0.04054518517311496,0.02763495253297893,0.9318198622939062
25925,LOF,0.07275506617119491,0.030527401702152315,0.8967175321266527
25926,LOF,0.05383423877386149,0.022824485947454634,0.9233412752786839
25927,LOF,0.07150567514970531,0.049207519885511496,0.8792868049647832
25928,LOF,0.022884453128543463,0.020950210087876474,0.9561653367835801
25929,Neutral,0.5559958229627479,0.033303013573748826,0.4107011634635033
25930,LOF,0.06732514074804566,0.01899187521663713,0.9136829840353172
25931,LOF,0.028686024438039325,0.017839211267623584,0.9534747642943371
25932,LOF,0.029563846094020248,0.0187051136912553,0.9517310402147244
25933,LOF,0.03900187290537181,0.011649147515279581,0.9493489795793485
25934,LOF,0.027003081091927034,0.01774030912355658,0.9552566097845163
25935,LOF,0.06887364344479466,0.03127558731245176,0.8998507692427536
25936,LOF,0.044278931970289946,0.02142383474761376,0.9342972332820962
25937,LOF,0.03223785267223398,0.022146209232938096,0.9456159380948278
25938,LOF,0.06089245296334204,0.0381656671873899,0.9009418798492681
25939,LOF,0.041543882832684086,0.011715043610758804,0.9467410735565571
25940,LOF,0.02781209135965577,0.4776824283351609,0.49450548030518343
25941,LOF,0.1771261390831141,0.06174888641165159,0.7611249745052343
25942,LOF,0.018405668340565777,0.026249920805865728,0.9553444108535685
25943,LOF,0.382363847683989,0.04915942884583674,0.5684767234701743
25944,Neutral,0.49191075912372495,0.028928417494742963,0.479160823381532
25945,LOF,0.08290618398900203,0.02692885316991589,0.8901649628410822
25946,LOF,0.047410208758719034,0.1111239961268566,0.8414657951144243
25947,LOF,0.18891087864832248,0.19039418420635024,0.6206949371453273
25948,LOF,0.4105639879359034,0.014547215764199824,0.5748887962998968
25949,LOF,0.1364589829516422,0.03781251676585383,0.825728500282504
25950,GOF,0.24301280350342402,0.4741107672610807,0.2828764292354952
25951,LOF,0.2689661016081441,0.11403171205618808,0.6170021863356677
25952,LOF,0.062135719582433656,0.4501305364341722,0.48773374398339403
25953,LOF,0.14434870492240928,0.10150284724844896,0.7541484478291418
25954,Neutral,0.4235391025141791,0.2249173814377543,0.3515435160480666
25955,LOF,0.07088226533300951,0.10760071109798558,0.8215170235690049
25956,LOF,0.23200290957766753,0.032707610117206805,0.7352894803051258
25957,LOF,0.04943254657933374,0.014447552542752321,0.9361199008779139
25958,LOF,0.06240908610926466,0.026940399396071325,0.910650514494664
25959,LOF,0.09429325020989422,0.343324743178201,0.5623820066119048
25960,LOF,0.02511993084431316,0.05343425023043465,0.9214458189252521
25961,LOF,0.053083710462355875,0.040230507162694315,0.9066857823749499
25962,LOF,0.05206965218866333,0.03553404662099396,0.9123963011903427
25963,LOF,0.057759812936462346,0.1202234513162206,0.8220167357473169
25964,LOF,0.0336144416093143,0.16701806868611954,0.7993674897045661
25965,Neutral,0.5352163819584244,0.05178236345855373,0.41300125458302184
25966,GOF,0.28424888238774615,0.41336081452999124,0.3023903030822625
25967,LOF,0.01376812733776038,0.15821567243110618,0.8280162002311334
25968,LOF,0.05607402160044349,0.3967772594040244,0.5471487189955321
25969,LOF,0.023787082119443328,0.06718310177037012,0.9090298161101865
25970,LOF,0.0648374391496594,0.047176585030345566,0.887985975819995
25971,LOF,0.08125156992102966,0.02229740925401815,0.8964510208249522
25972,LOF,0.08134202179548401,0.023786846037322618,0.8948711321671935
25973,LOF,0.08203130391024366,0.014682577235018977,0.9032861188547374
25974,LOF,0.3024095163918126,0.037411450284380254,0.6601790333238071
25975,LOF,0.0471458069396726,0.03818865187818339,0.914665541182144
25976,LOF,0.03230826115976167,0.02523173315323637,0.942460005687002
25977,LOF,0.1371478955095183,0.10545227070993496,0.7573998337805468
25978,LOF,0.16865993369336796,0.09497017369255241,0.7363698926140796
25979,LOF,0.16468871804549917,0.07782407880466215,0.7574872031498386
25980,LOF,0.21292103455220485,0.15805433299822863,0.6290246324495665
25981,LOF,0.24820467026857493,0.147083577829172,0.604711751902253
25982,LOF,0.4251586416950894,0.08778501620443487,0.4870563421004757
25983,LOF,0.401885671683833,0.07723010393018426,0.5208842243859827
25984,LOF,0.04592733546019705,0.08067827330097185,0.8733943912388311
25985,LOF,0.02355912742928264,0.2407205473220757,0.7357203252486416
25986,LOF,0.031177392913087545,0.24444522651456682,0.7243773805723456
25987,LOF,0.09830936962418882,0.060926621187179765,0.8407640091886314
25988,LOF,0.09967049046618105,0.06129029401431106,0.839039215519508
25989,LOF,0.023920060046861084,0.08345575798834921,0.8926241819647897
25990,LOF,0.033730897288260994,0.07205488222350333,0.8942142204882356
25991,LOF,0.23497905407102027,0.30445607674417086,0.4605648691848089
25992,Neutral,0.40041608091218533,0.20033703890569246,0.39924688018212207
25993,LOF,0.030646008882522585,0.08000751319680771,0.8893464779206697
25994,LOF,0.019768803495536193,0.10800492530597666,0.8722262711984871
25995,LOF,0.03393303348673341,0.09893935164695287,0.8671276148663137
25996,GOF,0.250036935339617,0.4589293685150916,0.29103369614529145
25997,GOF,0.11009552978249453,0.4511755542122882,0.43872891600521724
25998,Neutral,0.5307945766818671,0.04610514557550067,0.4231002777426321
25999,LOF,0.09422120297460246,0.11622952361096925,0.7895492734144282
26000,LOF,0.08615617068835402,0.026337120495024964,0.887506708816621
26001,LOF,0.17741167174346167,0.044257397973833414,0.778330930282705
26002,LOF,0.10292915178017029,0.036528342028499666,0.8605425061913301
26003,GOF,0.01401009288377214,0.6796840039269362,0.3063059031892917
26004,GOF,0.03394547335943546,0.6890308414260452,0.2770236852145192
26005,GOF,0.014305003866941175,0.5154130416550065,0.47028195447805243
26006,Neutral,0.5632891740826825,0.2811576972119566,0.155553128705361
26007,GOF,0.028305650024005192,0.6294169079690793,0.34227744200691557
26008,GOF,0.023709780459341846,0.5829775755394488,0.39331264400120924
26009,GOF,0.04383948072864482,0.6791659927494663,0.276994526521889
26010,GOF,0.028268723826415713,0.6972604627745843,0.2744708133989999
26011,LOF,0.013337777765375126,0.4593327770812919,0.5273294451533329
26012,GOF,0.026064632977069842,0.5236328567719062,0.45030251025102397
26013,GOF,0.018115853362018753,0.6882130643003648,0.2936710823376164
26014,LOF,0.04549990803459663,0.16043513326619221,0.7940649586992111
26015,LOF,0.21273590169138795,0.0067619618419300425,0.7805021364666819
26016,LOF,0.34337487614903833,0.03631928650713665,0.620305837343825
26017,LOF,0.2345769266684049,0.0540011322970666,0.7114219410345285
26018,LOF,0.10170223757034443,0.025513205835728373,0.8727845565939272
26019,LOF,0.09957201713972293,0.015930031250788488,0.8844979516094886
26020,LOF,0.08446720408194738,0.06406888132304223,0.8514639145950104
26021,LOF,0.08045522329089715,0.07703183464179296,0.84251294206731
26022,LOF,0.015042865178579739,0.036557692611567466,0.9483994422098528
26023,LOF,0.15411752584972133,0.015130710382911685,0.8307517637673669
26024,LOF,0.03709107196556218,0.07476096300224236,0.8881479650321954
26025,LOF,0.17428250671765874,0.04724672231899153,0.7784707709633497
26026,LOF,0.36595706542173656,0.009762619788915291,0.6242803147893481
26027,LOF,0.09988248666972167,0.01133370462634292,0.8887838087039354
26028,LOF,0.23554649873627065,0.0647218799216277,0.6997316213421017
26029,LOF,0.11685503347558476,0.14674249116510285,0.7364024753593124
26030,LOF,0.03435663606227724,0.03373629792425109,0.9319070660134716
26031,LOF,0.037741938374731984,0.10617844384430493,0.8560796177809631
26032,LOF,0.09766858043270271,0.021333304791417172,0.8809981147758802
26033,LOF,0.14123706247879975,0.022526856912153965,0.8362360806090463
26034,LOF,0.06483172356541334,0.10686854558882318,0.8282997308457635
26035,LOF,0.04573461630140204,0.08776974495132207,0.866495638747276
26036,LOF,0.0645547171815196,0.10400964123296404,0.8314356415855164
26037,LOF,0.03879102032153104,0.08467426227860482,0.8765347173998641
26038,LOF,0.09593603358493448,0.021129623691130313,0.8829343427239352
26039,LOF,0.0918562097436703,0.09534910973854957,0.8127946805177801
26040,LOF,0.2702472536041281,0.058008150365648145,0.6717445960302237
26041,LOF,0.03736917508633698,0.07925843990113327,0.8833723850125298
26042,LOF,0.03836944953181172,0.07761316259677745,0.8840173878714108
26043,LOF,0.09403726438220887,0.02938661209310284,0.8765761235246883
26044,LOF,0.03925229128089759,0.040181585263561664,0.9205661234555408
26045,LOF,0.11896761396312082,0.0636256601386445,0.8174067258982346
26046,LOF,0.10446944912951887,0.031144207382034994,0.864386343488446
26047,LOF,0.13392630394171906,0.03907288557896211,0.8270008104793187
26048,LOF,0.0637855022875364,0.036298936521282216,0.8999155611911814
26049,Neutral,0.9502249672851638,0.006535144008595859,0.0432398887062404
26050,Neutral,0.9316711643988439,0.0068454666547858,0.06148336894637036
26051,GOF,0.03959546909539746,0.5201323504379228,0.44027218046667965
26052,GOF,0.03915866132036017,0.6305984319427088,0.33024290673693096
26053,LOF,0.0624350549046824,0.39021555489365223,0.5473493902016654
26054,LOF,0.05738535572344496,0.07038402511913591,0.8722306191574191
26055,LOF,0.06957965817706271,0.05551170328206966,0.8749086385408675
26056,LOF,0.059723763419738445,0.07186691454915027,0.8684093220311112
26057,LOF,0.02850965130200417,0.02849572846078017,0.9429946202372156
26058,LOF,0.02866465673866983,0.02424699607927222,0.9470883471820579
26059,LOF,0.339824503820591,0.062400542430104525,0.5977749537493046
26060,LOF,0.03868192658986523,0.28941834733550026,0.6718997260746344
26061,LOF,0.021550508077503455,0.05298148599789629,0.9254680059246002
26062,LOF,0.015914810138099412,0.05515793608630568,0.9289272537755949
26063,LOF,0.023291957717594854,0.02884426210237026,0.9478637801800349
26064,LOF,0.026123234516343557,0.033040095762918054,0.9408366697207384
26065,LOF,0.02777202941015579,0.029917498282752635,0.9423104723070916
26066,LOF,0.02150352996059846,0.0370576469321675,0.9414388231072341
26067,LOF,0.023750598235632383,0.023973994299257985,0.9522754074651097
26068,LOF,0.05293084952918084,0.07825741448725661,0.8688117359835625
26069,LOF,0.44299173600573993,0.0706411763349525,0.4863670876593074
26070,Neutral,0.6591836536291857,0.03107080802668699,0.3097455383441272
26071,LOF,0.023360192938868832,0.03621298422457267,0.9404268228365585
26072,LOF,0.027040549043309388,0.05686408473177724,0.9160953662249135
26073,LOF,0.026538809187751467,0.027915977791944067,0.9455452130203045
26074,Neutral,0.8765959543949552,0.012511940293658116,0.1108921053113867
26075,LOF,0.04380560363726574,0.06133792378016391,0.8948564725825704
26076,LOF,0.043420296225969886,0.02204690598787113,0.934532797786159
26077,LOF,0.011879151858031926,0.06410315355176555,0.9240176945902024
26078,LOF,0.015350216279268978,0.04064678980808103,0.9440029939126501
26079,LOF,0.054771066443892964,0.0573767113052246,0.8878522222508825
26080,LOF,0.054771066443892964,0.0573767113052246,0.8878522222508825
26081,LOF,0.03143781326833233,0.019624025049251887,0.9489381616824157
26082,LOF,0.024297519040534944,0.05811181646113807,0.917590664498327
26083,LOF,0.1289238060801931,0.03392574082927341,0.8371504530905334
26084,LOF,0.026547128153181793,0.04555397541437247,0.9278988964324458
26085,LOF,0.02231980892681543,0.038301133499843744,0.9393790575733408
26086,LOF,0.023006808609767962,0.04040085677276341,0.9365923346174686
26087,LOF,0.025309241241465476,0.029375391512956234,0.9453153672455784
26088,LOF,0.027009486260381646,0.07399709695599396,0.8989934167836244
26089,LOF,0.04920155345091692,0.064871252488571,0.8859271940605121
26090,LOF,0.0459488646420085,0.056858707016836485,0.897192428341155
26091,LOF,0.03923305290976333,0.01840540440607507,0.9423615426841615
26092,LOF,0.028942439427905003,0.0239678224550876,0.9470897381170075
26093,LOF,0.041151324270786396,0.015447950681600741,0.9434007250476129
26094,LOF,0.04530696653252751,0.015911318201761494,0.938781715265711
26095,LOF,0.04362926212179352,0.047933051381014925,0.9084376864971915
26096,LOF,0.019943091523196333,0.03734250570903652,0.9427144027677672
26097,LOF,0.01343379875451674,0.108230688643624,0.8783355126018594
26098,LOF,0.06347909981307924,0.04083041155454279,0.895690488632378
26099,LOF,0.02442930806609573,0.04549368641132107,0.9300770055225831
26100,LOF,0.02486302204794169,0.041125180185730095,0.9340117977663283
26101,LOF,0.058105713590354144,0.047369395148521606,0.8945248912611243
26102,LOF,0.025411620952267285,0.02984949620857927,0.9447388828391535
26103,Neutral,0.8721977265641541,0.055455201541748815,0.07234707189409717
26104,LOF,0.04983736140056861,0.10677698569865009,0.8433856529007813
26105,LOF,0.29058161563515694,0.2592846813273523,0.4501337030374908
26106,LOF,0.14219320150315834,0.14929146261038298,0.7085153358864587
26107,LOF,0.2469036000328074,0.14371066093779228,0.6093857390294003
26108,LOF,0.18353576098587787,0.1461042584363596,0.6703599805777626
26109,LOF,0.06840249881309164,0.1116195403984463,0.8199779607884621
26110,LOF,0.2504624707036196,0.030879465108994173,0.7186580641873862
26111,LOF,0.4527350809398121,0.039975216932525585,0.5072897021276623
26112,LOF,0.04043845267842125,0.02117190454667524,0.9383896427749034
26113,LOF,0.054488847869572456,0.050622398024316756,0.8948887541061107
26114,LOF,0.0249868050435919,0.0248376245783951,0.950175570378013
26115,LOF,0.10083454550152922,0.04531762686059093,0.8538478276378799
26116,LOF,0.05766776645361929,0.04358701310119238,0.8987452204451883
26117,LOF,0.29785194709487817,0.10982447588050541,0.5923235770246164
26118,LOF,0.04284435150110267,0.0494852253910383,0.9076704231078592
26119,LOF,0.02576297845466047,0.07452365207947313,0.8997133694658664
26120,LOF,0.033836078623269,0.04778942275671553,0.9183744986200154
26121,LOF,0.05437683918487456,0.10864827663071705,0.8369748841844084
26122,LOF,0.06596873562101122,0.05808245370379101,0.8759488106751977
