feature0,prediction,LoGoFunc_Neutral,LoGoFunc_GOF,LoGoFunc_LOF
25546,Neutral,0.5620128468511644,0.05515978981958322,0.3828273633292524
25547,LOF,0.4497084038716573,0.0806137053027074,0.4696778908256353
25548,Neutral,0.4806393884851559,0.07466744514541862,0.4446931663694255
25549,LOF,0.42794578018869867,0.07311066714822013,0.49894355266308105
25550,LOF,0.36830665585677824,0.08978971597624177,0.54190362816698
25551,LOF,0.30377475962730827,0.09126403986599867,0.6049612005066931
25552,LOF,0.2758723740176518,0.09663819289496244,0.6274894330873857
25553,Neutral,0.7953578906071573,0.04801554396392257,0.15662656542892006
25554,LOF,0.31211933505872064,0.07924134829800152,0.6086393166432778
25555,LOF,0.26238983106826397,0.08338407376667498,0.654226095165061
25556,LOF,0.43731215817723146,0.07572330234179797,0.48696453948097046
25557,LOF,0.24588604312301862,0.08418541756085171,0.6699285393161297
25558,LOF,0.308895132151675,0.07951269830834054,0.6115921695399844
25559,LOF,0.24920300439773144,0.032786676608886275,0.7180103189933822
25560,LOF,0.10921991547302319,0.10852193874162652,0.7822581457853502
25561,LOF,0.10264619982281417,0.17192150886606514,0.7254322913111207
25562,LOF,0.03891518912369351,0.0780404670104904,0.8830443438658161
25563,LOF,0.007958741477976606,0.17177390660091102,0.8202673519211123
25564,LOF,0.07132597106599936,0.08489539952747154,0.8437786294065291
25565,LOF,0.17481860505041322,0.2136920783579677,0.6114893165916191
25566,GOF,0.07004876812487153,0.7724603106177442,0.1574909212573843
25567,LOF,0.050271322115694905,0.11962883038703413,0.830099847497271
25568,LOF,0.07078093965135779,0.08760704601636347,0.8416120143322787
25569,LOF,0.07102609815415735,0.07600522551484357,0.8529686763309992
25570,LOF,0.02940515662541785,0.11839166619689898,0.8522031771776832
25571,LOF,0.02895380754034712,0.12765405841327163,0.8433921340463812
25572,LOF,0.05781522990136724,0.16447791461473804,0.7777068554838947
25573,LOF,0.0763233712937944,0.11312814298352342,0.8105484857226822
25574,LOF,0.0931325600115242,0.20758233743710258,0.6992851025513732
25575,LOF,0.02868265931167621,0.13676664118294415,0.8345506995053797
25576,LOF,0.02822277079230806,0.21001565170817812,0.7617615774995139
25577,LOF,0.031607764150326435,0.14774015054665238,0.8206520853030211
25578,LOF,0.2969317445971152,0.0797615329308482,0.6233067224720366
25579,LOF,0.2076352217375334,0.08129225392150566,0.7110725243409609
25580,LOF,0.028122540016455397,0.0757832766808397,0.8960941833027048
25581,LOF,0.04744495470616481,0.09437669367842066,0.8581783516154146
25582,LOF,0.04744495470616481,0.09437669367842066,0.8581783516154146
25583,LOF,0.036094804553982965,0.08463061750945067,0.8792745779365663
25584,Neutral,0.7401747764702674,0.09407309138735999,0.1657521321423727
25585,LOF,0.026626975409330893,0.17431459090933007,0.799058433681339
25586,LOF,0.027256177211774042,0.09764211213480041,0.8751017106534256
25587,LOF,0.025557203896207442,0.10347336095946565,0.8709694351443269
25588,LOF,0.03135552329904751,0.0758489184653457,0.8927955582356069
25589,Neutral,0.6070150764123678,0.18974794753384072,0.20323697605379146
25590,LOF,0.060061964680442365,0.11792834620315092,0.8220096891164068
25591,LOF,0.11186106718484337,0.0778770808745124,0.8102618519406442
25592,LOF,0.0964119754563609,0.16949281860566592,0.7340952059379732
25593,LOF,0.15285006817945898,0.3121947310740483,0.5349552007464926
25594,LOF,0.04132588137935841,0.08179613677659121,0.8768779818440503
25595,LOF,0.04762339439934886,0.03217043589641918,0.9202061697042319
25596,LOF,0.1238124367155918,0.01879666690168386,0.8573908963827243
25597,LOF,0.09206411725119432,0.020261369234113452,0.8876745135146922
25598,LOF,0.04908663934760879,0.03140052738606287,0.9195128332663284
25599,LOF,0.023851082297120164,0.42025687113735377,0.5558920465655262
25600,LOF,0.14198103267538806,0.38417825871104044,0.4738407086135715
25601,LOF,0.04209522285085899,0.2912746254067585,0.6666301517423824
25602,LOF,0.028805312332194622,0.08587094078556665,0.8853237468822388
25603,LOF,0.06311980472240597,0.08128028022584995,0.855599915051744
25604,LOF,0.050017754942871986,0.14296108071510838,0.8070211643420196
25605,LOF,0.05938449147886989,0.1820614083229448,0.7585541001981853
25606,Neutral,0.45024509388895045,0.28428188909457947,0.2654730170164701
25607,LOF,0.03724840143909649,0.22400379034935863,0.7387478082115448
25608,LOF,0.05777023800560965,0.10702205719629135,0.835207704798099
25609,GOF,0.19015982792845523,0.5372471282200093,0.27259304385153543
25610,LOF,0.021845136268841138,0.07047828047164831,0.9076765832595105
25611,LOF,0.015780676736168404,0.07169927913712677,0.9125200441267048
25612,LOF,0.06745980736151487,0.08843242160466921,0.8441077710338158
25613,LOF,0.060336392195045815,0.09640161853299031,0.8432619892719638
25614,LOF,0.02578612890981048,0.07295997773138131,0.9012538933588082
25615,LOF,0.07532058251986415,0.05931376357126284,0.8653656539088731
25616,LOF,0.06394002013072202,0.08079035607656007,0.8552696237927179
25617,LOF,0.05145874075375268,0.08484549045778429,0.8636957687884631
25618,LOF,0.05671717045857608,0.16405120902615253,0.7792316205152714
25619,LOF,0.015138174610465587,0.12078572298656276,0.8640761024029716
25620,LOF,0.04770088080082083,0.08861447074259925,0.86368464845658
25621,LOF,0.09110906013535543,0.07992841037278463,0.8289625294918599
25622,LOF,0.10625943433368056,0.08776281031129048,0.805977755355029
25623,LOF,0.08820811894670737,0.06695199768096752,0.8448398833723251
25624,LOF,0.023634449172563535,0.06918595947614715,0.9071795913512892
25625,LOF,0.09155195182283352,0.0726495244418997,0.8357985237352668
25626,LOF,0.060427047961883695,0.07580902760534462,0.8637639244327718
25627,Neutral,0.8699151033163134,0.0332629214202405,0.0968219752634462
25628,LOF,0.1776143096302783,0.07450395959290294,0.7478817307768189
25629,LOF,0.061095136654609486,0.0829535008530897,0.8559513624923009
25630,LOF,0.27989129098806087,0.10533094715413151,0.6147777618578076
25631,Neutral,0.5021000959854132,0.07570181194650799,0.4221980920680788
25632,LOF,0.025748097403478516,0.11013055448778206,0.8641213481087394
25633,LOF,0.18132328493578173,0.062302286431801746,0.7563744286324164
25634,LOF,0.0432537895503864,0.0872460840485982,0.8695001264010155
25635,LOF,0.03392526594839819,0.045439367653913626,0.9206353663976883
25636,GOF,0.028784309914222775,0.5249133331121947,0.4463023569735825
25637,LOF,0.026103218209193837,0.48373817084842735,0.49015861094237895
25638,LOF,0.016605776565232606,0.422113560223547,0.5612806632112205
25639,LOF,0.024184386911619272,0.35783242417795275,0.617983188910428
25640,Neutral,0.8125198389914955,0.15162092890844256,0.03585923210006198
25641,LOF,0.13510836655075517,0.37627221475684747,0.48861941869239733
25642,LOF,0.1328591382373221,0.2539455160613883,0.6131953457012895
25643,LOF,0.419101208169239,0.11393534035673651,0.46696345147402435
25644,GOF,0.0077320763896499825,0.7053115386482572,0.28695638496209275
25645,GOF,0.009800045171831577,0.6533873246397998,0.3368126301883687
25646,LOF,0.016929013744787034,0.4264904350956279,0.5565805511595852
25647,LOF,0.008641219859278192,0.3420884539491304,0.6492703261915914
25648,LOF,0.013669805048315165,0.38556870464910575,0.6007614903025791
25649,LOF,0.008638815204330762,0.27765539818926455,0.7137057866064047
25650,GOF,0.026430134177954874,0.6007995705674255,0.37277029525461963
25651,LOF,0.009368271561564315,0.4317964070473183,0.5588353213911174
25652,GOF,0.0075435318855483656,0.5477097060384379,0.4447467620760137
25653,GOF,0.02702512975136496,0.726542714055674,0.246432156192961
25654,LOF,0.010204443119989574,0.43790382738815625,0.551891729491854
25655,GOF,0.08190086560955862,0.7241964938927147,0.1939026404977266
25656,LOF,0.2244545362817608,0.1339217577996814,0.6416237059185579
25657,LOF,0.02657491196790494,0.1701382881640065,0.8032867998680886
25658,LOF,0.19462158308971464,0.1999924886994504,0.6053859282108349
25659,LOF,0.27774182000795167,0.3231603038907746,0.3990978761012738
25660,LOF,0.022431909004086637,0.18000997902246244,0.797558111973451
25661,LOF,0.06659131666196119,0.1136409002091396,0.8197677831288992
25662,LOF,0.027014682066784555,0.06862307002473157,0.904362247908484
25663,LOF,0.030598119621656445,0.06341824782471799,0.9059836325536257
25664,LOF,0.08326266378755298,0.11762240067581356,0.7991149355366335
25665,LOF,0.0452036266861873,0.060708183215735116,0.8940881900980776
25666,LOF,0.06213543375717277,0.09307622809934117,0.844788338143486
25667,LOF,0.0561496645383266,0.07592208856749763,0.8679282468941757
25668,LOF,0.02875628030652754,0.09761190483981964,0.8736318148536527
25669,LOF,0.01917659535223974,0.0848560010290826,0.8959674036186775
25670,LOF,0.10384204765264485,0.0860332721135736,0.8101246802337816
25671,LOF,0.078586840247227,0.06762006466531717,0.8537930950874557
25672,LOF,0.03838713617278446,0.09316210976005204,0.8684507540671637
25673,LOF,0.06740010878282791,0.07594750950880216,0.8566523817083699
25674,LOF,0.06269511271419259,0.09683314961188608,0.8404717376739214
25675,LOF,0.057178121516250964,0.11616651150712408,0.826655366976625
25676,LOF,0.015671457389785703,0.10635473489675012,0.8779738077134642
25677,LOF,0.01522111687227473,0.13630880649895313,0.8484700766287722
25678,LOF,0.15509429531174054,0.12900721576031188,0.7158984889279477
25679,LOF,0.09839480067863013,0.12824932190093868,0.7733558774204312
25680,LOF,0.020374045953883407,0.18171497469842351,0.7979109793476931
25681,LOF,0.033033829079831795,0.16083133642280992,0.8061348344973583
25682,LOF,0.09663575296348662,0.11508614140083434,0.7882781056356791
25683,LOF,0.08227723421433976,0.11561382251835038,0.8021089432673099
25684,LOF,0.023541140706418398,0.10527861970293649,0.8711802395906452
25685,LOF,0.12356456792362493,0.12949784440932202,0.7469375876670531
25686,LOF,0.055844212171338954,0.2583601070969816,0.6857956807316794
25687,LOF,0.09274424049277827,0.23422529775139483,0.6730304617558268
25688,LOF,0.41685242185051874,0.02265468738739609,0.5604928907620852
25689,LOF,0.2578033135809248,0.02807146587042674,0.7141252205486486
25690,LOF,0.347793211401972,0.023901658685726697,0.6283051299123013
25691,Neutral,0.7240543631679893,0.021908104119417057,0.2540375327125936
25692,LOF,0.33393127838926934,0.012612797680636353,0.6534559239300943
25693,LOF,0.04801498367171899,0.4292471739095816,0.5227378424186994
25694,LOF,0.10030720553653505,0.018194492449969187,0.8814983020134958
25695,LOF,0.10695095145611129,0.00951035698567523,0.8835386915582135
25696,LOF,0.1310414191850808,0.022785763544299408,0.8461728172706199
25697,LOF,0.0401407720870815,0.07607027056556032,0.8837889573473582
25698,LOF,0.3011086763025389,0.1899660714118186,0.5089252522856424
25699,LOF,0.40320553982166263,0.06011195923266824,0.5366825009456692
25700,LOF,0.056304372657531195,0.014201576547789937,0.929494050794679
25701,LOF,0.18365579161269185,0.05634264392013439,0.7600015644671736
25702,GOF,0.24342454690503199,0.6493743388458229,0.10720111424914511
25703,LOF,0.021469993632719717,0.21231355921823436,0.7662164471490459
25704,LOF,0.0362730554731179,0.17119828928490782,0.7925286552419744
25705,LOF,0.033751636250076725,0.08583724117519083,0.8804111225747324
25706,LOF,0.12138227649433302,0.42504150896563486,0.45357621454003205
25707,LOF,0.10768656826815136,0.2998884347347202,0.5924249969971284
25708,LOF,0.052995490467304146,0.34731842801496454,0.5996860815177313
25709,LOF,0.07231146126971517,0.04951642599207509,0.8781721127382098
25710,LOF,0.018959976965454456,0.1465838423353994,0.8344561806991462
25711,LOF,0.020063891641946642,0.09113574816651043,0.888800360191543
25712,LOF,0.01981939186313222,0.18101150099833435,0.7991691071385335
25713,LOF,0.018814850386857134,0.07529087753732677,0.9058942720758161
25714,LOF,0.07769129341675128,0.06751000475625013,0.8547987018269986
25715,LOF,0.01227615724311737,0.1316059155914992,0.8561179271653834
25716,LOF,0.014878900459403275,0.13295579745851122,0.8521653020820854
25717,LOF,0.018716907676511844,0.0773571171011104,0.9039259752223778
25718,LOF,0.011628637279788375,0.05885164955533626,0.9295197131648754
25719,LOF,0.024557501564305296,0.10371091087689399,0.8717315875588006
25720,LOF,0.030385639463473297,0.0530664186327622,0.9165479419037644
25721,LOF,0.012066519289865664,0.0978473675321436,0.8900861131779907
25722,LOF,0.013865628394325664,0.07993287684737418,0.9062014947583001
25723,LOF,0.0250009174933845,0.05407648850917141,0.9209225939974441
25724,LOF,0.03605362010965357,0.10382463220652356,0.8601217476838229
25725,LOF,0.011689500069751066,0.09449239831299894,0.8938181016172501
25726,LOF,0.01801012355254641,0.14238269286738137,0.8396071835800724
25727,LOF,0.014539005625516821,0.08580759100702509,0.899653403367458
25728,LOF,0.01136477680490298,0.11317021694187075,0.8754650062532262
25729,LOF,0.011727896481451726,0.11009886361632078,0.8781732399022275
25730,LOF,0.015377688122317752,0.11077957742217522,0.8738427344555071
25731,LOF,0.020615862841275687,0.12885417841896596,0.8505299587397585
25732,LOF,0.015280575531633037,0.051703633760234194,0.9330157907081328
25733,LOF,0.015579495143866905,0.07079179511223134,0.9136287097439018
25734,LOF,0.014992131092099147,0.1621829476329542,0.8228249212749468
25735,LOF,0.011617129739482123,0.06966862596301475,0.9187142442975031
25736,LOF,0.01300858061404118,0.06847846579262686,0.9185129535933318
25737,LOF,0.014072403432436396,0.10593596484441758,0.8799916317231461
25738,LOF,0.012606666725414335,0.09792996265890598,0.8894633706156797
25739,LOF,0.020211376029720538,0.08557039878049748,0.894218225189782
25740,LOF,0.0335353212246688,0.10437271727774286,0.8620919614975884
25741,LOF,0.014982142362388219,0.10966775194303327,0.8753501056945786
25742,LOF,0.11011434808954318,0.07897891895992182,0.8109067329505351
25743,LOF,0.048019559934108356,0.05799958289521889,0.8939808571706728
25744,Neutral,0.6388158656375111,0.20387859830393754,0.15730553605855133
25745,LOF,0.06298736063923292,0.0657864862761777,0.8712261530845894
25746,LOF,0.03949086660635821,0.09984300356937881,0.8606661298242629
25747,LOF,0.014881356972584761,0.1680293852152335,0.8170892578121818
25748,LOF,0.07654146781342878,0.2125620476586267,0.7108964845279445
25749,LOF,0.027479782956609647,0.10204352266184505,0.8704766943815453
25750,LOF,0.0655079717273889,0.10990025753514489,0.8245917707374661
25751,LOF,0.0885841150771657,0.17852646107000406,0.7328894238528302
25752,GOF,0.1318957961760112,0.660682866468879,0.2074213373551099
25753,LOF,0.03835959348474733,0.3661699874465799,0.5954704190686727
25754,GOF,0.028683214043987146,0.776697564125756,0.19461922183025684
25755,LOF,0.04323766297056521,0.33075871140173896,0.6260036256276957
25756,LOF,0.0754984615618477,0.42691269038172247,0.4975888480564297
25757,GOF,0.024127943229484757,0.8457270565337001,0.1301450002368151
25758,GOF,0.033982600947590404,0.8199189815199659,0.14609841753244365
25759,GOF,0.01916632456170422,0.7187840470405449,0.2620496283977509
25760,LOF,0.026549278953543098,0.41194486758322424,0.5615058534632326
25761,GOF,0.32600857813852285,0.5948967978943,0.07909462396717726
25762,LOF,0.05674964017071852,0.4065958983993372,0.5366544614299442
25763,LOF,0.020455756223121048,0.32981747319417565,0.6497267705827033
25764,GOF,0.07767681718049031,0.75115350240174,0.17116968041776975
25765,GOF,0.045449165949456326,0.7871741641813473,0.16737666986919625
25766,GOF,0.11511569666874365,0.7498158339194347,0.1350684694118216
25767,GOF,0.12391588147811702,0.5053995819469749,0.370684536574908
25768,LOF,0.09259797395468211,0.035146905275331035,0.8722551207699869
25769,LOF,0.04676590027737763,0.09367042074113317,0.8595636789814891
25770,LOF,0.3930061201685284,0.1066969038261426,0.500296976005329
25771,LOF,0.05386760048274752,0.05911090905083765,0.8870214904664149
25772,LOF,0.018701170013893688,0.07717320448986237,0.904125625496244
25773,LOF,0.05794136267740664,0.05909247481960176,0.8829661625029916
25774,LOF,0.025767432277942624,0.14634419392586587,0.8278883737961915
25775,LOF,0.06836118096115952,0.04997342560014165,0.8816653934386989
25776,LOF,0.06534235552136043,0.04515736331203316,0.8895002811666064
25777,Neutral,0.5131668125377644,0.10925193580673984,0.3775812516554957
25778,LOF,0.05963009024626027,0.0662898229353576,0.8740800868183821
25779,GOF,0.43680970469472,0.4886276212491825,0.07456267405609739
25780,GOF,0.3684548923851984,0.4984398314559181,0.13310527615888343
25781,GOF,0.11405452329340852,0.7029708703460422,0.18297460636054919
25782,GOF,0.17163883620704035,0.669251123963946,0.1591100398290137
25783,GOF,0.02396030193975075,0.6443884392832523,0.3316512587769969
25784,Neutral,0.5569095836904477,0.35178654078352084,0.0913038755260313
25785,Neutral,0.5393876214200076,0.36681028909455976,0.09380208948543262
25786,GOF,0.024150491087867064,0.6526440264151696,0.32320548249696335
25787,Neutral,0.7266966773374692,0.21058959196076557,0.06271373070176504
25788,LOF,0.047278125781455904,0.06999308637705583,0.8827287878414881
25789,GOF,0.1889941474540404,0.6219124727238055,0.18909337982215427
25790,GOF,0.25795106109289206,0.5404211629852014,0.2016277759219066
25791,GOF,0.12622497297565352,0.5393373600560509,0.33443766696829547
25792,GOF,0.3326884500074403,0.38196049073443616,0.28535105925812343
25793,LOF,0.24660884795717625,0.3603928433252154,0.3929983087176085
25794,GOF,0.3110361594968259,0.4441601358015993,0.2448037047015748
25795,GOF,0.05917657237488709,0.5953418701528603,0.34548155747225257
25796,Neutral,0.501918955617885,0.3594063762511079,0.13867466813100704
25797,GOF,0.08093091691102582,0.48112793747878,0.43794114561019404
25798,GOF,0.01134641575842829,0.5175478552356347,0.4711057290059369
25799,LOF,0.009943455048566013,0.4472861311512978,0.5427704138001364
25800,GOF,0.03514238755093136,0.5925363338136571,0.3723212786354115
25801,GOF,0.22036688947530444,0.5839986183998099,0.19563449212488565
25802,GOF,0.06599745449768617,0.5563694721488096,0.3776330733535041
25803,GOF,0.04752260739010401,0.4793023583001423,0.47317503430975366
25804,LOF,0.03786740887550267,0.44264021747022303,0.5194923736542743
25805,GOF,0.09042827717338985,0.47147375281447107,0.43809797001213907
25806,GOF,0.12656445874944608,0.4948027480487554,0.3786327932017985
25807,GOF,0.019338290569244587,0.5277940497908759,0.4528676596398796
25808,GOF,0.09664353772861208,0.4685877693435681,0.43476869292781983
25809,GOF,0.019967568329186558,0.5017071104104868,0.4783253212603267
25810,GOF,0.022124947671538775,0.4967798924528748,0.48109515987558643
25811,Neutral,0.4731618850168464,0.4128973824331199,0.11394073255003365
25812,GOF,0.03910988175957607,0.5401931049100956,0.4206970133303283
25813,Neutral,0.584163972550679,0.23494594342750175,0.18089008402181941
25814,GOF,0.1320622247587055,0.5454302526805008,0.32250752256079374
25815,GOF,0.2641303372025986,0.4750675203104167,0.26080214248698463
25816,GOF,0.01880965613515899,0.56251194580419,0.4186783980606511
25817,GOF,0.19026086465415998,0.6324325239964018,0.1773066113494381
25818,GOF,0.037621383174234364,0.5403580713050503,0.4220205455207153
25819,GOF,0.3680364017747382,0.39663746207255735,0.23532613615270456
25820,GOF,0.19155485539699396,0.5403218015784287,0.26812334302457735
25821,GOF,0.06450992488685618,0.6329805600162941,0.30250951509684965
25822,GOF,0.2601477268651069,0.496087369473824,0.24376490366106923
25823,LOF,0.03658978042630222,0.4645564221635849,0.49885379741011293
25824,GOF,0.089830674883929,0.46989636607312313,0.4402729590429479
25825,GOF,0.03331888772023844,0.5024640147352176,0.46421709754454393
25826,LOF,0.012978187795097811,0.4892564482641678,0.4977653639407344
25827,LOF,0.019314677943192,0.48973950994930404,0.49094581210750393
25828,LOF,0.01456132179277886,0.4283939165605185,0.5570447616467027
25829,GOF,0.009116128677673859,0.5163523560323713,0.47453151528995474
25830,LOF,0.03285719222656799,0.22586231455234648,0.7412804932210855
25831,GOF,0.13650093179955616,0.6737718381070872,0.18972723009335657
25832,GOF,0.04357326134543594,0.6445358646732045,0.31189087398135956
25833,GOF,0.13449354622819132,0.6159253668960479,0.24958108687576083
25834,GOF,0.054442153342472585,0.6350135984100257,0.3105442482475017
25835,GOF,0.11409446476956261,0.54082769938491,0.34507783584552737
25836,GOF,0.05717609519776939,0.6077149300353535,0.3351089747668771
25837,LOF,0.02944614282926436,0.480558051287214,0.48999580588352154
25838,GOF,0.10634193109064878,0.6328040746680198,0.2608539942413315
25839,GOF,0.3148518617999252,0.44290083717140105,0.24224730102867376
25840,GOF,0.22326234328482056,0.5205647201445821,0.2561729365705974
25841,GOF,0.24937963591312212,0.5048346677679205,0.24578569631895728
25842,GOF,0.17683707036284377,0.5595754304446297,0.26358749919252655
25843,GOF,0.23380230698252052,0.5706715429953546,0.19552615002212487
25844,GOF,0.061590880089253404,0.593993316129414,0.34441580378133263
25845,LOF,0.01711695176428746,0.4782086143500562,0.5046744338856565
25846,GOF,0.08415507517582368,0.6680369774622194,0.24780794736195702
25847,GOF,0.11175450771109885,0.6314152856265497,0.25683020666235135
25848,GOF,0.04617121908780755,0.5930522252835595,0.36077655562863287
25849,GOF,0.014748022902891277,0.5041938438744675,0.48105813322264124
25850,GOF,0.027145934582415,0.5649816166580771,0.4078724487595078
25851,LOF,0.0240404105712965,0.46630005669397395,0.5096595327347295
25852,GOF,0.12583500666919173,0.47312572641798223,0.4010392669128261
25853,GOF,0.3101417763560229,0.5381710824285222,0.1516871412154549
25854,GOF,0.01978530968398785,0.6688991501488531,0.311315540167159
25855,GOF,0.04271619411951417,0.5516150410528179,0.4056687648276679
25856,GOF,0.23540579390993108,0.5002440507222088,0.2643501553678603
25857,GOF,0.03899005462787625,0.5085433642819398,0.452466581090184
25858,GOF,0.019302037381461953,0.5647377140312039,0.41596024858733405
25859,GOF,0.010911928711829352,0.572227493708376,0.4168605775797947
25860,GOF,0.3060322490943433,0.5324482937252559,0.16151945718040078
25861,GOF,0.29317382623088667,0.5622449985500358,0.14458117521907754
25862,GOF,0.061912373341907474,0.7435668124916265,0.1945208141664662
25863,GOF,0.06880337293915921,0.7451717099886556,0.18602491707218527
25864,GOF,0.12969137790129243,0.7142536952757534,0.1560549268229541
25865,GOF,0.06312034067635226,0.7210261646761968,0.21585349464745093
25866,GOF,0.05241964749195055,0.7730522694127444,0.17452808309530504
25867,GOF,0.0694231162831572,0.7751150824326717,0.15546180128417106
25868,GOF,0.2211675710283539,0.5954623142094824,0.18337011476216364
25869,Neutral,0.6467894001134972,0.2795008587261353,0.07370974116036759
25870,LOF,0.2235184139152824,0.23062892405264906,0.5458526620320685
25871,GOF,0.15122890333577785,0.6174137131289246,0.23135738353529767
25872,GOF,0.0648989311147378,0.5692083115677428,0.36589275731751947
25873,GOF,0.12271975681171353,0.5550591995365936,0.32222104365169285
25874,LOF,0.02005068588395762,0.0748433179408983,0.9051059961751441
25875,LOF,0.04687311074125111,0.18152684159135793,0.7716000476673909
25876,LOF,0.02359232457646053,0.09614662447771165,0.8802610509458277
25877,LOF,0.3767033736205134,0.19126057744101987,0.4320360489384667
25878,LOF,0.13438542027275482,0.25668779248409707,0.6089267872431481
25879,LOF,0.07323288767035792,0.2810671774731872,0.6456999348564548
25880,LOF,0.021786214530430226,0.046659262570665216,0.9315545228989046
25881,LOF,0.20573356978741833,0.1324141984965115,0.6618522317160702
25882,LOF,0.05926368839190332,0.022985972054254587,0.9177503395538421
25883,LOF,0.08365853896689417,0.0346245556146698,0.881716905418436
25884,LOF,0.03643661828734605,0.0414941102293294,0.9220692714833246
25885,LOF,0.056938017990635165,0.024713636175207228,0.9183483458341577
25886,LOF,0.3249294602427172,0.08199289963484203,0.5930776401224408
25887,LOF,0.20080133960162963,0.12842063829704925,0.6707780221013211
25888,LOF,0.07541026385459788,0.07758797306363052,0.8470017630817716
25889,LOF,0.033972800482215904,0.04692281809962011,0.9191043814181641
25890,LOF,0.071536981334788,0.12138958173344087,0.8070734369317711
25891,LOF,0.06658119104442393,0.05267400318008859,0.8807448057754874
25892,LOF,0.10198011509651682,0.03828326348048095,0.8597366214230022
25893,LOF,0.3374024264576602,0.02673946644198731,0.6358581071003524
25894,LOF,0.2062019880447646,0.009271331729431323,0.7845266802258041
25895,LOF,0.25183761814961625,0.018773275941135422,0.7293891059092483
25896,LOF,0.050970147718381834,0.021144662067227468,0.9278851902143908
25897,LOF,0.24887092660941895,0.029021205979831183,0.7221078674107498
25898,Neutral,0.7962481406979686,0.017654740208867092,0.18609711909316431
25899,LOF,0.20380617742116644,0.0540615084999459,0.7421323140788877
25900,Neutral,0.6528535693207436,0.013904094417666246,0.3332423362615902
25901,LOF,0.04598637740106003,0.014178354770205397,0.9398352678287345
25902,LOF,0.18750350698157806,0.015794444948299773,0.7967020480701222
25903,Neutral,0.6143243725725045,0.05373315399142425,0.33194247343607114
25904,LOF,0.26490986633909125,0.03708695892568528,0.6980031747352234
25905,LOF,0.034738943078377195,0.373402996687753,0.5918580602338698
25906,LOF,0.0265973610376268,0.05996386751306472,0.9134387714493085
25907,LOF,0.012824535269084102,0.3591212606649925,0.6280542040659234
25908,LOF,0.016676285485914794,0.21781876735854627,0.7655049471555389
25909,LOF,0.018380363306879706,0.11800800949560515,0.863611627197515
25910,LOF,0.025034502539118746,0.455628714223395,0.5193367832374863
25911,LOF,0.05844873002230744,0.05755768238706938,0.8839935875906232
25912,LOF,0.028685128614093787,0.11538819113124119,0.8559266802546649
25913,LOF,0.21388331624270454,0.03507607221154594,0.7510406115457496
25914,LOF,0.02302882283716004,0.09573795622518104,0.8812332209376589
25915,Neutral,0.402716903588871,0.39832507532499734,0.1989580210861317
25916,GOF,0.03412661842578931,0.5034684499149823,0.4624049316592283
25917,LOF,0.046818729244561694,0.06283572159979471,0.8903455491556436
25918,LOF,0.02821239455385826,0.05085910610613024,0.9209284993400115
25919,LOF,0.025838225924876907,0.055938370710846154,0.9182234033642769
25920,GOF,0.15727151901851186,0.46146782160493804,0.38126065937655007
25921,LOF,0.031390179503732754,0.028349599259891903,0.9402602212363753
25922,LOF,0.04383148973782339,0.022064467605021548,0.9341040426571552
25923,LOF,0.3815344161323495,0.023652810554673435,0.594812773312977
25924,LOF,0.04399046646746267,0.027240061580523424,0.928769471952014
25925,LOF,0.07383142109099847,0.03393868297630989,0.8922298959326915
25926,LOF,0.05734678885445375,0.020295850725157435,0.9223573604203888
25927,LOF,0.07230718282570336,0.050565338361125985,0.8771274788131707
25928,LOF,0.022775055654100717,0.019884482215595894,0.9573404621303034
25929,Neutral,0.5298333375225406,0.0295559579131039,0.4406107045643555
25930,LOF,0.06467204446182376,0.018367304249409376,0.9169606512887669
25931,LOF,0.02698989850981858,0.01836823164729792,0.9546418698428836
25932,LOF,0.028341871261746355,0.01768234426576421,0.9539757844724894
25933,LOF,0.038416833624037305,0.011011629625282047,0.9505715367506807
25934,LOF,0.02677766666641875,0.01676539765768,0.9564569356759012
25935,LOF,0.07296346733634947,0.032027175014176595,0.8950093576494739
25936,LOF,0.04631555731394108,0.01949080078979223,0.9341936418962667
25937,LOF,0.03249085127407554,0.023392685814635567,0.9441164629112889
25938,LOF,0.06494479623371761,0.03900651743590081,0.8960486863303816
25939,LOF,0.041773512722192596,0.010996968054819763,0.9472295192229877
25940,LOF,0.027354773549087993,0.47484484149302264,0.4978003849578892
25941,LOF,0.19640134770924447,0.0450316187183326,0.7585670335724229
25942,LOF,0.018166999652369193,0.01678233858223383,0.9650506617653969
25943,LOF,0.35264979849355843,0.030941777699821805,0.6164084238066198
25944,LOF,0.48533007323685834,0.019009508023151232,0.4956604187399902
25945,LOF,0.07188235535955037,0.019910416506716516,0.908207228133733
25946,LOF,0.043104188689721115,0.14613827105455193,0.810757540255727
25947,LOF,0.1582258920036718,0.1759008992535153,0.6658732087428129
25948,LOF,0.39742467399217346,0.018050489039390674,0.5845248369684358
25949,LOF,0.1293693650917222,0.04784062996413502,0.8227900049441427
25950,GOF,0.18707299563615098,0.5003887557153801,0.31253824864846885
25951,LOF,0.21134540545135985,0.12394194651790214,0.664712648030738
25952,LOF,0.03416282624866016,0.44675776918493687,0.519079404566403
25953,LOF,0.11601940759843263,0.0940763778098948,0.7899042145916727
25954,Neutral,0.3892095769455559,0.24310928569502407,0.36768113735942
25955,LOF,0.052509851807745124,0.09432836935118333,0.8531617788410716
25956,LOF,0.25450410787096056,0.04538263361927156,0.7001132585097678
25957,LOF,0.0501997306534829,0.018655500254693338,0.9311447690918238
25958,LOF,0.060567277567046315,0.024746351447456745,0.914686370985497
25959,LOF,0.10280769238094059,0.27578366483522837,0.6214086427838311
25960,LOF,0.02240147003287883,0.05526651013700221,0.9223320198301189
25961,LOF,0.05098620049922391,0.03670917060407011,0.912304628896706
25962,LOF,0.04968520134923891,0.04759569289401632,0.9027191057567447
25963,LOF,0.06260477631792033,0.1350838017989985,0.8023114218830811
25964,LOF,0.03659679490410744,0.16415660594918613,0.7992465991467065
25965,Neutral,0.5260233553302747,0.06769197109641271,0.4062846735733126
25966,LOF,0.2959539708908857,0.3519466295111942,0.3520993995979201
25967,LOF,0.013834229754138255,0.14354716636366996,0.8426186038821917
25968,LOF,0.06318540776385166,0.3768852792344885,0.5599293130016598
25969,LOF,0.023544415094711495,0.05821545427846954,0.918240130626819
25970,LOF,0.06282190907329817,0.07314287135365644,0.8640352195730454
25971,LOF,0.09439147595382426,0.023947869979440806,0.8816606540667349
25972,LOF,0.0976231599111575,0.025162663443315348,0.8772141766455273
25973,LOF,0.09589685631431268,0.01127867189742427,0.892824471788263
25974,LOF,0.33600282964772726,0.03094288422830293,0.6330542861239697
25975,LOF,0.05112827030156627,0.027545428123669023,0.9213263015747648
25976,LOF,0.03807976311142118,0.02095069978236386,0.9409695371062149
25977,LOF,0.12964476280194837,0.10268523678937666,0.767670000408675
25978,LOF,0.1849019602654662,0.10110685203444567,0.7139911877000881
25979,LOF,0.17190986608042463,0.07223178207120924,0.7558583518483661
25980,LOF,0.21404518925859103,0.1788833913618744,0.6070714193795346
25981,LOF,0.2514311746361729,0.1645066102879633,0.5840622150758638
25982,LOF,0.4571980208378684,0.08541386785616457,0.45738811130596707
25983,LOF,0.4326371267548366,0.08214654501444295,0.48521632823072036
25984,LOF,0.050120957222852994,0.07261153464332866,0.8772675081338183
25985,LOF,0.02531384054479367,0.22225931998710197,0.7524268394681044
25986,LOF,0.028763225326951167,0.2581562237329886,0.7130805509400604
25987,LOF,0.09669591524820893,0.057045886489008386,0.8462581982627828
25988,LOF,0.1085109013137399,0.051982005515588854,0.8395070931706713
25989,LOF,0.025940147591851207,0.07465763485425476,0.899402217553894
25990,LOF,0.034826472126966976,0.06314085910147794,0.9020326687715551
25991,LOF,0.22213553768794483,0.2777063829321642,0.500158079379891
25992,LOF,0.3819131014108209,0.18370459781919118,0.43438230076998796
25993,LOF,0.03308595402578665,0.06211282515726377,0.9048012208169497
25994,LOF,0.021240273162928803,0.08193139017181982,0.8968283366652514
25995,LOF,0.037090895472004885,0.07503012992593455,0.8878789746020604
25996,GOF,0.22548657627512825,0.4113918195651176,0.36312160415975414
25997,LOF,0.10189626910341623,0.3981755537811531,0.4999281771154306
25998,Neutral,0.5021746140376777,0.03616412430025517,0.461661261662067
25999,LOF,0.09761229315679942,0.2145807682041331,0.6878069386390674
26000,LOF,0.05835554277770452,0.04114941010076642,0.9004950471215291
26001,LOF,0.1603349324921247,0.05259743859981816,0.7870676289080571
26002,LOF,0.08588312542300246,0.052279678883198274,0.8618371956937994
26003,GOF,0.012849802456091122,0.7138012215252123,0.2733489760186966
26004,GOF,0.027750020685034817,0.7249816229410982,0.24726835637386693
26005,GOF,0.012445507162653037,0.5443722582317305,0.44318223460561634
26006,Neutral,0.5426523775470966,0.3027713501949757,0.15457627225792764
26007,GOF,0.019974794649868018,0.6453849166083868,0.33464028874174523
26008,GOF,0.01873317280557904,0.6298175277655367,0.3514492994288842
26009,GOF,0.03228749222226339,0.7261105789580055,0.24160192881973117
26010,GOF,0.025078575312322503,0.7535558810801343,0.2213655436075433
26011,LOF,0.011786833953342502,0.48569360322650906,0.5025195628201483
26012,GOF,0.020550946350874625,0.5697688410085398,0.40968021264058563
26013,GOF,0.015813708114686346,0.739690374114877,0.2444959177704365
26014,LOF,0.041067419642088945,0.14829614052452447,0.8106364398333866
26015,LOF,0.24168698301442065,0.005776740847430703,0.7525362761381486
26016,LOF,0.36277561609780795,0.029964248028014364,0.6072601358741777
26017,LOF,0.2344211816840695,0.041056778670550506,0.72452203964538
26018,LOF,0.10138414942523279,0.02188161823444625,0.876734232340321
26019,LOF,0.09773160144362124,0.014492222327366137,0.8877761762290126
26020,LOF,0.09362360007159366,0.04677607413659046,0.8596003257918159
26021,LOF,0.0882230964514623,0.05387404883034327,0.8579028547181944
26022,LOF,0.016559083336534514,0.027195590617051263,0.9562453260464143
26023,LOF,0.1589000463896964,0.013214680939245414,0.8278852726710582
26024,LOF,0.04302653110054757,0.0559688690348639,0.9010045998645885
26025,LOF,0.19815149798241555,0.03907841529380926,0.7627700867237752
26026,LOF,0.37816188893023134,0.007546947667651871,0.6142911634021166
26027,LOF,0.10216195451753424,0.010108572195647024,0.8877294732868187
26028,LOF,0.2252392753283273,0.07259030916347833,0.7021704155081945
26029,LOF,0.12212957226079159,0.11240014537523604,0.7654702823639723
26030,LOF,0.03513957335957193,0.022435860781473964,0.9424245658589542
26031,LOF,0.03683784719218058,0.07950264808751345,0.8836595047203059
26032,LOF,0.0782342884895196,0.019836634092821877,0.9019290774176586
26033,LOF,0.1322606399597273,0.02079142766271627,0.8469479323775564
26034,LOF,0.06536099518266217,0.07856135160134228,0.8560776532159955
26035,LOF,0.04482238034913571,0.06656497578867178,0.8886126438621925
26036,LOF,0.06266981601792805,0.07773390877957757,0.8595962752024944
26037,LOF,0.03875882679389031,0.0668851079502091,0.8943560652559006
26038,LOF,0.07738994746482122,0.019444634304653634,0.9031654182305251
26039,LOF,0.08715488144994069,0.06996314053836585,0.8428819780116934
26040,LOF,0.23936332286572817,0.05746380053706511,0.7031728765972068
26041,LOF,0.03651644426328314,0.06185025457919719,0.9016333011575197
26042,LOF,0.03635198541258897,0.06192482892792323,0.9017231856594878
26043,LOF,0.07735710626185986,0.02691399565634666,0.8957288980817935
26044,LOF,0.03940583929849766,0.027483441879850697,0.9331107188216515
26045,LOF,0.1122917656632793,0.04562987228211521,0.8420783620546055
26046,LOF,0.08402217532431965,0.029328737471018447,0.8866490872046618
26047,LOF,0.10724029210219282,0.03732399404609491,0.8554357138517124
26048,LOF,0.06363678591545957,0.02626695142049822,0.9100962626640422
26049,Neutral,0.9433561470455317,0.006188505715017222,0.05045534723945115
26050,Neutral,0.9184607187175428,0.006560109048162724,0.07497917223429441
26051,GOF,0.03891504870493087,0.5287388754826082,0.43234607581246093
26052,GOF,0.04033915428355825,0.6632192417895613,0.29644160392688057
26053,LOF,0.06706172872778698,0.3293023180244037,0.6036359532478093
26054,LOF,0.05547290216065349,0.057929372302753857,0.8865977255365928
26055,LOF,0.0617689682704287,0.050498757214844314,0.887732274514727
26056,LOF,0.055008935166312264,0.06614863837605599,0.8788424264576318
26057,LOF,0.02751318806529672,0.02800441444797981,0.9444823974867234
26058,LOF,0.02721791192986195,0.023599410793684907,0.9491826772764532
26059,LOF,0.34196805642872996,0.06930027138806719,0.5887316721832029
26060,LOF,0.03695752865779925,0.25269364371836295,0.7103488276238378
26061,LOF,0.0211185538395394,0.04864653968878498,0.9302349064716755
26062,LOF,0.016251842712282673,0.05062164184303691,0.9331265154446805
26063,LOF,0.02273906702750051,0.029249537896586922,0.9480113950759126
26064,LOF,0.02857699526562558,0.03197670574575958,0.9394462989886148
26065,LOF,0.02664836381410193,0.02856490260569068,0.9447867335802075
26066,LOF,0.020696707846005042,0.03433012280809836,0.9449731693458965
26067,LOF,0.02270666644744486,0.02352866913980122,0.9537646644127539
26068,LOF,0.05033974753302924,0.06659425750211964,0.8830659949648513
26069,LOF,0.38314467272853725,0.058284397557206456,0.5585709297142563
26070,Neutral,0.5748291121216897,0.029572691595411402,0.39559819628289894
26071,LOF,0.023021650771458842,0.034679742282959426,0.9422986069455817
26072,LOF,0.026801369009790472,0.05211571142306375,0.9210829195671457
26073,LOF,0.025322818913781082,0.026918555236484155,0.9477586258497347
26074,Neutral,0.8744103043418767,0.01077485745264504,0.11481483820547825
26075,LOF,0.0446468958057207,0.051382220796129974,0.9039708833981492
26076,LOF,0.04234742156058407,0.02149392278728378,0.9361586556521322
26077,LOF,0.011508632232788179,0.06770053445083257,0.9207908333163793
26078,LOF,0.01449801112593375,0.042339658677610206,0.9431623301964561
26079,LOF,0.047410044533382906,0.050084716484553225,0.9025052389820639
26080,LOF,0.047410044533382906,0.050084716484553225,0.9025052389820639
26081,LOF,0.029593078742157775,0.01867486267555976,0.9517320585822826
26082,LOF,0.023531573352808522,0.04835503267241446,0.928113393974777
26083,LOF,0.11559615648133675,0.029426392788710416,0.8549774507299529
26084,LOF,0.025027653180066018,0.04293203434031267,0.9320403124796214
26085,LOF,0.02154433480853586,0.03592902201627301,0.9425266431751912
26086,LOF,0.021796901912955944,0.03845339527076182,0.9397497028162822
26087,LOF,0.023880561475284126,0.029558158948584344,0.9465612795761316
26088,LOF,0.026032874213630368,0.057961146524661854,0.9160059792617077
26089,LOF,0.04434929981206007,0.052846114986981114,0.9028045852009587
26090,LOF,0.04198148573888447,0.0479596666541627,0.9100588476069528
26091,LOF,0.036200703520944066,0.017341907565956032,0.9464573889130999
26092,LOF,0.02770708471777422,0.023514379811293316,0.9487785354709326
26093,LOF,0.03968913222162996,0.015289116647895137,0.945021751130475
26094,LOF,0.040794247574247954,0.015072312472640457,0.9441334399531115
26095,LOF,0.04386853699895451,0.047957390342066135,0.9081740726589793
26096,LOF,0.019340883793489243,0.03841209464442678,0.942247021562084
26097,LOF,0.012802529715071531,0.10278593113163458,0.8844115391532938
26098,LOF,0.05701484356012123,0.03534550613934001,0.9076396503005388
26099,LOF,0.023666026305942178,0.04231835659859844,0.9340156170954594
26100,LOF,0.024489602752115053,0.03788836646881307,0.9376220307790719
26101,LOF,0.0541431333131865,0.04161727202693742,0.904239594659876
26102,LOF,0.025098602017423578,0.0284853215332422,0.9464160764493342
26103,Neutral,0.8638305195428139,0.050332345757423874,0.08583713469976226
26104,LOF,0.04619251974142208,0.09515432630523397,0.8586531539533439
26105,LOF,0.30442711354570695,0.22976072650938317,0.4658121599449098
26106,LOF,0.1520922456834708,0.11598641131389192,0.7319213430026373
26107,LOF,0.26759098437021894,0.11306098090521308,0.6193480347245679
26108,LOF,0.18639690902561826,0.1180245883607754,0.6955785026136064
26109,LOF,0.07361553391457175,0.1049441902432387,0.8214402758421896
26110,LOF,0.2552946760665189,0.05124974154739453,0.6934555823860866
26111,LOF,0.4760547792143972,0.04254394931741349,0.4814012714681894
26112,LOF,0.0405083666264526,0.026474194630317787,0.9330174387432296
26113,LOF,0.05876719973870813,0.06320735061120955,0.8780254496500822
26114,LOF,0.024582789592638397,0.03301372768736014,0.9424034827200014
26115,LOF,0.12177995289756986,0.05040466551414771,0.8278153815882824
26116,LOF,0.05638038871055107,0.05181462676283793,0.891804984526611
26117,LOF,0.24718625495872842,0.10840248246286807,0.6444112625784035
26118,LOF,0.03961618616862868,0.05281932746317164,0.9075644863681998
26119,LOF,0.02546874612969183,0.0627674833011025,0.9117637705692055
26120,LOF,0.02966942210071553,0.04398462115586115,0.9263459567434233
26121,LOF,0.0555869314142855,0.1028833096424201,0.8415297589432944
26122,LOF,0.06743836371712958,0.04779101081045383,0.8847706254724166
