feature0,prediction,LoGoFunc_Neutral,LoGoFunc_GOF,LoGoFunc_LOF
25546,Neutral,0.6321911621989126,0.049333894393406894,0.3184749434076805
25547,Neutral,0.5269648055894016,0.08511789959330825,0.38791729481729
25548,Neutral,0.543354669421063,0.07449655073465604,0.382148779844281
25549,Neutral,0.4819444420449115,0.07681000435208181,0.44124555360300677
25550,LOF,0.404602569808933,0.09215442933196541,0.5032430008591016
25551,LOF,0.3510545273697809,0.10072143365950398,0.5482240389707151
25552,LOF,0.3208055784498508,0.10957962593264117,0.569614795617508
25553,Neutral,0.7964105321217915,0.043561530696214996,0.16002793718199354
25554,LOF,0.3552243510392553,0.09755920563102109,0.5472164433297236
25555,LOF,0.3080759065309597,0.10024116254071928,0.591682930928321
25556,Neutral,0.4757963131615913,0.08681025865928635,0.43739342817912236
25557,LOF,0.29870871381968117,0.09874336357178647,0.6025479226085323
25558,LOF,0.3584453214178477,0.09055958066428411,0.5509950979178682
25559,LOF,0.2528292662391155,0.043866303754328054,0.7033044300065564
25560,LOF,0.09440512472711643,0.17465628308065215,0.7309385921922313
25561,LOF,0.10988402564864846,0.25755885251606475,0.6325571218352868
25562,LOF,0.03013032423526488,0.11501451185362045,0.8548551639111147
25563,LOF,0.006390202990840497,0.1868719173904299,0.8067378796187297
25564,LOF,0.07454916888509441,0.13046667179762123,0.7949841593172843
25565,LOF,0.17330430236105804,0.15066037011897862,0.6760353275199634
25566,GOF,0.06254941850189912,0.73032942062227,0.20712116087583077
25567,LOF,0.05143930713734116,0.155916732413813,0.7926439604488459
25568,LOF,0.06315173588747884,0.08876391034486159,0.8480843537676596
25569,LOF,0.0642911420897187,0.08163469577982199,0.8540741621304593
25570,LOF,0.026725863207423872,0.12337944881532142,0.8498946879772548
25571,LOF,0.026695426336257808,0.12768308998399716,0.8456214836797451
25572,LOF,0.0593715672215852,0.19084823564506964,0.7497801971333451
25573,LOF,0.06720131201060148,0.1189676308693226,0.813831057120076
25574,LOF,0.0738026508470107,0.23984380113133355,0.6863535480216558
25575,LOF,0.024623730505252305,0.14371337581403318,0.8316628936807144
25576,LOF,0.026732264898034333,0.21711201492432783,0.7561557201776378
25577,LOF,0.029492756113976802,0.1794201539570524,0.7910870899289709
25578,LOF,0.3122917015064156,0.08608698818564273,0.6016213103079417
25579,LOF,0.2250334124454713,0.08435367507077865,0.6906129124837501
25580,LOF,0.0235174120275122,0.08762614779335726,0.8888564401791306
25581,LOF,0.0511119245873032,0.09182643405896129,0.8570616413537355
25582,LOF,0.04999094213276415,0.09037400454373123,0.8596350533235046
25583,LOF,0.030353372251717248,0.09674945981586983,0.8728971679324129
25584,Neutral,0.7085524657241076,0.1312379493361091,0.16020958493978338
25585,LOF,0.02375902035365674,0.19505380418116888,0.7811871754651744
25586,LOF,0.02111226231503812,0.11452400679603539,0.8643637308889266
25587,LOF,0.021108448903243426,0.09660862357024899,0.8822829275265076
25588,LOF,0.02602258534231902,0.08414658279478947,0.8898308318628915
25589,Neutral,0.5500699948698249,0.22033923057025454,0.22959077455992064
25590,LOF,0.054677678104177056,0.14141022220991373,0.8039120996859093
25591,LOF,0.08471800327924071,0.08105319116197192,0.8342288055587873
25592,LOF,0.07551094399988513,0.15551709460512883,0.768971961394986
25593,LOF,0.11645021329431926,0.30836569504081324,0.5751840916648675
25594,LOF,0.05895584484518006,0.030839427497794718,0.9102047276570252
25595,LOF,0.06227182868911411,0.022256775688347993,0.9154713956225379
25596,LOF,0.12094026202515085,0.014843607012644422,0.8642161309622047
25597,LOF,0.09081287705478477,0.015271609478831034,0.8939155134663842
25598,LOF,0.05147875365646661,0.021808192323439744,0.9267130540200937
25599,LOF,0.030256012924290594,0.35817272814488466,0.6115712589308248
25600,LOF,0.19133272188192973,0.33719937542897993,0.47146790268909033
25601,LOF,0.05160617654194172,0.2629904407786158,0.6854033826794426
25602,LOF,0.03200714653789963,0.07627032653114203,0.8917225269309583
25603,LOF,0.046461082928381865,0.06946361677876832,0.8840753002928499
25604,LOF,0.050511467986869035,0.1229944996860532,0.8264940323270779
25605,LOF,0.041120956970982614,0.20515131463395664,0.7537277283950607
25606,Neutral,0.3816528817031921,0.2588467735588129,0.35950034473799497
25607,LOF,0.028831313146144878,0.27243145324788115,0.698737233605974
25608,LOF,0.045093156909476656,0.10366201403141109,0.8512448290591123
25609,GOF,0.18039657444629242,0.5628319284571752,0.25677149709653235
25610,LOF,0.019012397237158016,0.057722507527705635,0.9232650952351362
25611,LOF,0.013444443278564618,0.05851402983435801,0.9280415268870774
25612,LOF,0.0485391576085605,0.07521737048186679,0.8762434719095727
25613,LOF,0.0477020256851766,0.06898867935892602,0.8833092949558974
25614,LOF,0.023519661544037253,0.05957501981986552,0.9169053186360973
25615,LOF,0.04838583746593966,0.06493582303069922,0.8866783395033612
25616,LOF,0.06504115178088442,0.06303761233169386,0.8719212358874218
25617,LOF,0.047279390141191015,0.06978561878218942,0.8829349910766197
25618,LOF,0.04725362884167688,0.10310409660343184,0.8496422745548913
25619,LOF,0.013767215547619591,0.08525636940841683,0.9009764150439636
25620,LOF,0.05112240010902226,0.06882737870323509,0.8800502211877427
25621,LOF,0.06556103451133356,0.05568618277040031,0.8787527827182662
25622,LOF,0.07681329695045663,0.07121894229199821,0.8519677607575452
25623,LOF,0.06206937507242988,0.0688783549691501,0.8690522699584201
25624,LOF,0.02206043841893203,0.06172443592804317,0.9162151256530249
25625,LOF,0.05710778006378213,0.07193899964935022,0.8709532202868676
25626,LOF,0.049315520778531935,0.06497983741617522,0.8857046418052928
25627,Neutral,0.8842829854818064,0.024348033952457996,0.0913689805657355
25628,LOF,0.1979761509481109,0.07815552152455442,0.7238683275273347
25629,LOF,0.06386597493822883,0.06548633170286731,0.8706476933589038
25630,LOF,0.29320500594356974,0.07807578283391808,0.6287192112225122
25631,Neutral,0.5386854865598576,0.050910152413957806,0.4104043610261845
25632,LOF,0.02869681188872191,0.16504366855145006,0.806259519559828
25633,LOF,0.22844499884747013,0.09536799264067694,0.6761870085118529
25634,LOF,0.04285433516797751,0.16582966395330198,0.7913160008787207
25635,LOF,0.03700004993135391,0.07605208305825756,0.8869478670103885
25636,GOF,0.034342685947933216,0.5412348176094804,0.42442249644258634
25637,GOF,0.046774393219959534,0.5070244714872802,0.4462011352927602
25638,LOF,0.030351952411600203,0.42787467298957904,0.5417733745988208
25639,LOF,0.038928079395157446,0.42507124883099356,0.5360006717738489
25640,Neutral,0.8500750657329973,0.08921832603749741,0.06070660822950527
25641,LOF,0.11336336166992772,0.3431650161781744,0.5434716221518978
25642,LOF,0.09428920070581157,0.15740065859184182,0.7483101407023466
25643,LOF,0.32005740508408326,0.08573026201965323,0.5942123328962635
25644,GOF,0.01013489994652235,0.5935710099862296,0.39629409006724814
25645,GOF,0.011133877857492818,0.5650779600271688,0.42378816211533826
25646,LOF,0.020133135511570432,0.36480367457101104,0.6150631899174186
25647,LOF,0.010373642389883997,0.2797383700180227,0.7098879875920933
25648,LOF,0.01411523382094138,0.34441037440550226,0.6414743917735564
25649,LOF,0.008518697222996457,0.255020419012036,0.7364608837649675
25650,GOF,0.02602824978830135,0.5849922148825903,0.3889795353291083
25651,LOF,0.011270502220576793,0.3706823224631598,0.6180471753162634
25652,LOF,0.01198183797494101,0.41511452008368543,0.5729036419413736
25653,GOF,0.04539987703282447,0.5907230902440143,0.36387703272316135
25654,LOF,0.01210143276551444,0.29015247873271577,0.6977460885017698
25655,GOF,0.10510777166923586,0.600636310795283,0.2942559175354811
25656,LOF,0.2667490103637629,0.08551044046453943,0.6477405491716977
25657,LOF,0.03603955200805777,0.07371487075651385,0.8902455772354284
25658,LOF,0.28413425583627255,0.11134027308107923,0.6045254710826482
25659,LOF,0.43967601467883477,0.11614176745809877,0.44418221786306655
25660,LOF,0.021864959782527577,0.10078165267525413,0.8773533875422183
25661,LOF,0.06800205673591003,0.06676449122519604,0.865233452038894
25662,LOF,0.027108731550378247,0.03938561461682001,0.9335056538328018
25663,LOF,0.029829584043824197,0.03819241813388847,0.9319779978222873
25664,LOF,0.0999812069802405,0.061973829460611515,0.8380449635591479
25665,LOF,0.06495508325520458,0.031274632996103724,0.9037702837486916
25666,LOF,0.07137616918900361,0.05139832282958207,0.8772255079814142
25667,LOF,0.0588785043984353,0.04433402658461216,0.8967874690169525
25668,LOF,0.02864610812280251,0.056516398413206465,0.9148374934639909
25669,LOF,0.02151385319016316,0.05070051957666386,0.9277856272331729
25670,LOF,0.12230910932660742,0.04431742449540131,0.8333734661779912
25671,LOF,0.08922310914418928,0.03826580767055272,0.8725110831852579
25672,LOF,0.05346387165673919,0.04922843675162309,0.8973076915916377
25673,LOF,0.08365881102388445,0.0442851588353475,0.8720560301407679
25674,LOF,0.08169352626939302,0.0583443882342073,0.8599620854963996
25675,LOF,0.0766180917635384,0.07265914283921801,0.8507227653972436
25676,LOF,0.015975009890311146,0.061136613606728174,0.9228883765029606
25677,LOF,0.015600989226057063,0.08921562672042935,0.8951833840535136
25678,LOF,0.17192439046628674,0.11212639340037402,0.7159492161333393
25679,LOF,0.10487387473633374,0.10609232589725869,0.7890337993664075
25680,LOF,0.025717544851169463,0.13456754737517618,0.8397149077736543
25681,LOF,0.04228146773261681,0.12046653017646657,0.8372520020909167
25682,LOF,0.1084980093638056,0.07598586940425459,0.8155161212319397
25683,LOF,0.09897171689508896,0.08912436607357199,0.8119039170313391
25684,LOF,0.0262216457105799,0.06097571021417715,0.9128026440752429
25685,LOF,0.13277089978432252,0.0877623043519895,0.779466795863688
25686,LOF,0.08442641751807552,0.1247188716262163,0.7908547108557082
25687,LOF,0.14217785829688698,0.1160434843142651,0.7417786573888479
25688,LOF,0.3860734238841017,0.02845708365755839,0.5854694924583399
25689,LOF,0.2681458128029162,0.03616781938131452,0.6956863678157693
25690,LOF,0.34983847502591564,0.023378701620639448,0.6267828233534449
25691,Neutral,0.7050208276233204,0.023161336935005515,0.27181783544167404
25692,LOF,0.35341198838977805,0.009501464150042334,0.6370865474601796
25693,LOF,0.04147455693920666,0.4788638527443508,0.4796615903164426
25694,LOF,0.11219180619684606,0.018809433555159003,0.8689987602479948
25695,LOF,0.10529861153501281,0.0088890463476466,0.8858123421173406
25696,LOF,0.127359511034046,0.010545101228651639,0.8620953877373023
25697,LOF,0.05922301179924742,0.082671725112648,0.8581052630881045
25698,LOF,0.254882457173622,0.22612352370773037,0.5189940191186476
25699,LOF,0.47225376913644174,0.023338382283321895,0.5044078485802364
25700,LOF,0.06489931222697955,0.007838904660648452,0.927261783112372
25701,LOF,0.18112221129769282,0.027338423758665322,0.7915393649436417
25702,GOF,0.18727586582697858,0.6343715562898139,0.17835257788320746
25703,LOF,0.017018808206282265,0.17766615740946215,0.8053150343842556
25704,LOF,0.03432645671061114,0.14306504863204622,0.8226084946573425
25705,LOF,0.04530281973548127,0.07286963492513675,0.881827545339382
25706,LOF,0.10403437076919282,0.4324517966438229,0.4635138325869844
25707,LOF,0.08007527476697068,0.39159837215593307,0.5283263530770962
25708,LOF,0.03282776928090669,0.36214577048577273,0.6050264602333206
25709,LOF,0.07826386354503174,0.028448297953336855,0.8932878385016315
25710,LOF,0.015800608806806875,0.13041477197930978,0.8537846192138834
25711,LOF,0.02279900638916211,0.06333249434798181,0.9138684992628561
25712,LOF,0.01745475345638364,0.17255274961738226,0.8099924969262341
25713,LOF,0.02056947670242251,0.05733115039414505,0.9220993729034325
25714,LOF,0.08685363374618012,0.04449337060262676,0.868652995651193
25715,LOF,0.011941607716172269,0.09158479443742831,0.8964735978463995
25716,LOF,0.010944714096324632,0.10459529361914753,0.8844599922845279
25717,LOF,0.017465882403707576,0.060733602934939485,0.9218005146613529
25718,LOF,0.012373295830440762,0.038943578571421084,0.9486831255981382
25719,LOF,0.02369246409347698,0.050566322843876146,0.9257412130626469
25720,LOF,0.029454402516202093,0.037801627889722696,0.9327439695940752
25721,LOF,0.011963542644318446,0.05281522104365757,0.9352212363120239
25722,LOF,0.014042489083331996,0.043562785798602496,0.9423947251180655
25723,LOF,0.027646021353414957,0.030494994002930754,0.9418589846436543
25724,LOF,0.03475153829852027,0.06048669694272494,0.9047617647587548
25725,LOF,0.012186384815840865,0.051369232031322515,0.9364443831528365
25726,LOF,0.018262055295724403,0.06685344848837813,0.9148844962158974
25727,LOF,0.013985479292990542,0.04271073973396179,0.9433037809730477
25728,LOF,0.011047112324039765,0.0562451136312063,0.932707774044754
25729,LOF,0.011210705828274782,0.056189745556670945,0.9325995486150543
25730,LOF,0.014895467706540048,0.05693720115675208,0.9281673311367079
25731,LOF,0.02098187407753947,0.0811395444832987,0.8978785814391619
25732,LOF,0.01380831965434136,0.0379999961971205,0.9481916841485382
25733,LOF,0.01614708942449602,0.042432619525931047,0.9414202910495729
25734,LOF,0.0124964193085153,0.11311960907691282,0.8743839716145719
25735,LOF,0.011653955649597876,0.043336470561627545,0.9450095737887745
25736,LOF,0.01328333153141466,0.04875687717995783,0.9379597912886275
25737,LOF,0.01289457089909705,0.08208666739152938,0.9050187617093736
25738,LOF,0.012507869558623918,0.08693149878388019,0.9005606316574959
25739,LOF,0.02356807675087798,0.056353364417326926,0.920078558831795
25740,LOF,0.0348801450739843,0.09183862790913433,0.8732812270168814
25741,LOF,0.015557702477602575,0.08641918431815411,0.8980231132042434
25742,LOF,0.12711840213141598,0.06336914682229997,0.8095124510462841
25743,LOF,0.04092254242862432,0.05981607957081817,0.8992613780005575
25744,Neutral,0.6160035373136518,0.2721763875248951,0.11182007516145305
25745,LOF,0.05665319832200595,0.09961024545515958,0.8437365562228345
25746,LOF,0.03909474297118033,0.12010715438184279,0.8407981026469769
25747,LOF,0.01661701973407712,0.1477050377223592,0.8356779425435638
25748,LOF,0.11973131647722109,0.2363621898415712,0.6439064936812078
25749,LOF,0.02397474572826061,0.1277930260389696,0.8482322282327699
25750,LOF,0.05780541245017201,0.15487558271669177,0.7873190048331362
25751,LOF,0.10166722438916187,0.1791323839036356,0.7192003917072026
25752,GOF,0.11365398894016776,0.659747426571057,0.2265985844887753
25753,LOF,0.03329421471787813,0.3705403928267067,0.5961653924554151
25754,GOF,0.018827224808931783,0.7947180963181275,0.18645467887294065
25755,LOF,0.033146262577295214,0.3535940632738345,0.6132596741488702
25756,LOF,0.07065439853427634,0.4259128674242481,0.5034327340414756
25757,GOF,0.015367987684725611,0.8767177022126742,0.10791431010260034
25758,GOF,0.022514819799282104,0.8002570891916425,0.17722809100907547
25759,GOF,0.011333776227462278,0.6623982082587206,0.3262680155138169
25760,LOF,0.019793416784700767,0.36606698813704674,0.6141395950782524
25761,GOF,0.2852259185053763,0.6264520178318088,0.08832206366281482
25762,LOF,0.05616231111926268,0.3224003977786953,0.621437291102042
25763,LOF,0.017530265169460955,0.22643960119841877,0.7560301336321202
25764,GOF,0.06748026035009339,0.6983305948652336,0.23418914478467295
25765,GOF,0.03314874935720769,0.752997752014425,0.21385349862836722
25766,GOF,0.08417978328585424,0.7470143010026092,0.16880591571153658
25767,GOF,0.15893374117685313,0.42958458872985567,0.41148167009329123
25768,LOF,0.12979704754826205,0.03943000634396037,0.8307729461077776
25769,LOF,0.05160731028055582,0.05788089192068937,0.8905117977987548
25770,LOF,0.34082171663350436,0.10834578939652645,0.5508324939699691
25771,LOF,0.06165617486802089,0.050181697130166215,0.8881621280018129
25772,LOF,0.019275611879653518,0.04501182863932856,0.9357125594810178
25773,LOF,0.06794327257856932,0.054726743297772336,0.8773299841236584
25774,LOF,0.031224880188132128,0.12287316815655604,0.8459019516553119
25775,LOF,0.07092533276635378,0.05120929573252932,0.8778653715011169
25776,LOF,0.0715318749430277,0.029632057533089094,0.8988360675238831
25777,LOF,0.33355131015342687,0.09503570977158243,0.5714129800749908
25778,LOF,0.0662862704290744,0.044662050314191515,0.889051679256734
25779,GOF,0.43850834300003777,0.5058825807782286,0.05560907622173374
25780,GOF,0.3556897051221151,0.5436735442336259,0.10063675064425895
25781,GOF,0.11204531012182453,0.7483781822463811,0.13957650763179438
25782,GOF,0.18756227654200164,0.7005128662053886,0.11192485725260984
25783,GOF,0.025561192214261057,0.6416476417285487,0.3327911660571903
25784,Neutral,0.5436555944921971,0.40084998509739683,0.05549442041040603
25785,Neutral,0.5286688800416853,0.39664113146248525,0.07468998849582933
25786,GOF,0.028013149868355538,0.6680325489639928,0.30395430116765165
25787,Neutral,0.7050117084252799,0.2486323893933483,0.04635590218137175
25788,LOF,0.058180615823197016,0.057323106555200544,0.8844962776216024
25789,GOF,0.20186656764699187,0.6094257606864306,0.1887076716665775
25790,GOF,0.26484891969118385,0.6098794308444235,0.12527164946439268
25791,GOF,0.1537244418789906,0.6041835170509312,0.24209204107007826
25792,GOF,0.36739435603899323,0.4472541719982796,0.18535147196272708
25793,GOF,0.2608897533560074,0.42319531449381403,0.3159149321501784
25794,GOF,0.3250255936057065,0.41702952330751064,0.257944883086783
25795,GOF,0.06218702184942152,0.6495733552780139,0.28823962287256477
25796,Neutral,0.5275889500403033,0.3737602744562598,0.09865077550343691
25797,GOF,0.0930855793045058,0.5046063998456412,0.40230802084985307
25798,LOF,0.011653693723357306,0.4842577712321447,0.5040885350444981
25799,LOF,0.009389061188301474,0.41620157228065824,0.5744093665310404
25800,GOF,0.04940075147690756,0.5875289348532912,0.3630703136698012
25801,GOF,0.2629244340228338,0.5887119353504507,0.1483636306267155
25802,GOF,0.08760368674173098,0.5799972157878893,0.33239909747037966
25803,GOF,0.04861467224924423,0.5005564118512403,0.4508289158995154
25804,LOF,0.0416842315041646,0.42151383877913856,0.5368019297166967
25805,GOF,0.11881702562608502,0.5014252877304315,0.37975768664348347
25806,GOF,0.1447968239511522,0.5068711287585433,0.3483320472903044
25807,GOF,0.02049386563333167,0.5472115475827151,0.43229458678395327
25808,GOF,0.11026006606992686,0.4852592259630201,0.4044807079670531
25809,GOF,0.021672653556562168,0.5335172270821965,0.4448101193612413
25810,GOF,0.023173671525702235,0.5362748470848298,0.440551481389468
25811,Neutral,0.4839604618232347,0.42784797796361046,0.08819156021315495
25812,GOF,0.03784264219753871,0.5597183699509768,0.4024389878514846
25813,Neutral,0.565056328737278,0.2817841607675707,0.15315951049515134
25814,GOF,0.12880303204996463,0.5897703821079913,0.2814265858420441
25815,GOF,0.2581558847659254,0.5136059422563102,0.22823817297776444
25816,GOF,0.018997078526373726,0.6428858079101035,0.33811711356352286
25817,GOF,0.1868256919143337,0.6723920757226507,0.14078223236301574
25818,GOF,0.03362283603419096,0.5003275498895611,0.466049614076248
25819,GOF,0.3597475683759271,0.4322170470952856,0.20803538452878734
25820,GOF,0.18270366565848503,0.5513442394252072,0.26595209491630784
25821,GOF,0.05901490556656342,0.6219339066959262,0.3190511877375103
25822,GOF,0.25313603164089243,0.45661609337015696,0.2902478749889506
25823,LOF,0.034693418450414217,0.42491860384588853,0.5403879777036972
25824,LOF,0.08634016608000006,0.4528775042598831,0.4607823296601168
25825,LOF,0.03412134208361789,0.46769296367406804,0.49818569424231396
25826,LOF,0.011534642356038639,0.4497955728375098,0.5386697848064516
25827,GOF,0.0208999631233355,0.5342319656836156,0.4448680711930489
25828,LOF,0.01341984380921429,0.4434259157597583,0.5431542404310274
25829,GOF,0.007191636331559808,0.5174333412946738,0.47537502237376633
25830,LOF,0.039878887392425476,0.20806096142225838,0.7520601511853161
25831,GOF,0.14226688122381795,0.6857253339390348,0.17200778483714718
25832,GOF,0.03280637549688085,0.6315861233498702,0.33560750115324883
25833,GOF,0.11284812203403649,0.6223426196554545,0.26480925831050917
25834,GOF,0.03930708411368798,0.626811742531888,0.33388117335442397
25835,GOF,0.09861857434937332,0.5701606393504682,0.3312207863001584
25836,GOF,0.04292698167011182,0.5886770864474197,0.3683959318824684
25837,LOF,0.02346157079724508,0.47536531092430967,0.5011731182784454
25838,GOF,0.09175905703875392,0.6501040057068013,0.25813693725444475
25839,GOF,0.27755449080878086,0.4909797294381449,0.23146577975307425
25840,GOF,0.22247295251638133,0.4953115892523303,0.2822154582312884
25841,GOF,0.2718055644285191,0.4756705788080306,0.25252385676345024
25842,GOF,0.16747676151201876,0.5732679698291351,0.25925526865884624
25843,GOF,0.23288612019593316,0.5783036168358996,0.1888102629681672
25844,GOF,0.05676662189799583,0.5921269787877648,0.3511063993142395
25845,LOF,0.012934954336559853,0.44427655957764156,0.5427884860857987
25846,GOF,0.08954196925634604,0.6605818491402128,0.24987618160344105
25847,GOF,0.10823042318849278,0.6688867233207358,0.22288285349077147
25848,GOF,0.03423543933758074,0.599656593446311,0.3661079672161083
25849,GOF,0.01064243876145107,0.510139045778282,0.479218515460267
25850,GOF,0.024677792748781378,0.5397253130984289,0.43559689415278974
25851,LOF,0.02031309243855824,0.45764433471892957,0.5220425728425122
25852,GOF,0.12217980109619503,0.5433341361441982,0.3344860627596067
25853,GOF,0.3369110147698777,0.5566402401180235,0.10644874511209873
25854,GOF,0.018425902734943836,0.6339592598164272,0.34761483744862887
25855,GOF,0.038885781701779754,0.5698749149652327,0.39123930333298756
25856,GOF,0.22042562466329232,0.5193635325258408,0.260210842810867
25857,GOF,0.033164534366073285,0.5014581664584712,0.46537729917545545
25858,GOF,0.017423002874787027,0.5615593596413939,0.42101763748381915
25859,GOF,0.009663282364296503,0.549966073414969,0.4403706442207346
25860,GOF,0.31223339628992675,0.5539585828029405,0.13380802090713273
25861,GOF,0.3499609970875733,0.5422255156556506,0.10781348725677622
25862,GOF,0.06911998307568644,0.7536986282049049,0.17718138871940872
25863,GOF,0.07246454097215545,0.7613412055839694,0.16619425344387515
25864,GOF,0.14679509697424167,0.7422112058500164,0.11099369717574188
25865,GOF,0.06514970114072063,0.770867768155433,0.16398253070384647
25866,GOF,0.06031598796056209,0.7700826363368609,0.16960137570257716
25867,GOF,0.07759735060698225,0.7698115107425924,0.1525911386504254
25868,GOF,0.25478112745883785,0.5904274759400266,0.15479139660113553
25869,Neutral,0.6956901594109075,0.24580177276083134,0.058508067828261276
25870,LOF,0.25919044132474556,0.1944801005883406,0.5463294580869139
25871,GOF,0.2341154792454525,0.5759283061751066,0.1899562145794409
25872,GOF,0.08885487810194181,0.5504485706118686,0.3606965512861896
25873,GOF,0.15497348056305252,0.5481985109731863,0.2968280084637612
25874,LOF,0.022898522365255428,0.06055082980284805,0.9165506478318965
25875,LOF,0.09571991267349789,0.062464671241512594,0.8418154160849896
25876,LOF,0.025784596297362933,0.0647053055152094,0.9095100981874277
25877,Neutral,0.48110582573364424,0.0642884864491735,0.4546056878171823
25878,LOF,0.22157019701755998,0.11049787885818764,0.6679319241242525
25879,LOF,0.10345665316923068,0.13154341803239306,0.7649999287983762
25880,LOF,0.023039311978546625,0.026115140539259257,0.9508455474821941
25881,LOF,0.1694983409782556,0.2559279936568931,0.5745736653648512
25882,LOF,0.0784777361411551,0.018906371745433647,0.9026158921134112
25883,LOF,0.0819665286451385,0.04369997233718188,0.8743334990176795
25884,LOF,0.043435279317641115,0.054273153492560844,0.9022915671897981
25885,LOF,0.06029107245080428,0.029340925277564864,0.9103680022716307
25886,LOF,0.3643606019314937,0.10231374551528763,0.5333256525532186
25887,LOF,0.18089210001821382,0.14226814419137782,0.6768397557904084
25888,LOF,0.06677408457651712,0.13120771231851702,0.8020182031049657
25889,LOF,0.043129121913515645,0.043811658124890115,0.9130592199615941
25890,LOF,0.05772592010616362,0.1618828890165673,0.7803911908772692
25891,LOF,0.054190956482821476,0.07111577622173883,0.8746932672954396
25892,LOF,0.09574571304078207,0.026883442380773035,0.8773708445784449
25893,LOF,0.29105559180891843,0.0181446267929017,0.6907997813981799
25894,LOF,0.16504275290507683,0.008352354104030875,0.8266048929908923
25895,LOF,0.19780788479143804,0.02322688453389873,0.7789652306746633
25896,LOF,0.048733752580774614,0.02313269159042071,0.9281335558288047
25897,LOF,0.2060484653406299,0.017072800037247447,0.7768787346221226
25898,Neutral,0.76800902485476,0.01129737277110504,0.22069360237413496
25899,LOF,0.28342602660084915,0.048666247386002365,0.6679077260131484
25900,Neutral,0.49148628587472176,0.017578795256338948,0.4909349188689393
25901,LOF,0.052857529710223214,0.014046239511612666,0.9330962307781642
25902,LOF,0.19104675694551526,0.011345243232419753,0.7976079998220649
25903,Neutral,0.5585178413860215,0.03233996338541837,0.40914219522856016
25904,LOF,0.25893306694424884,0.04055651441246977,0.7005104186432815
25905,LOF,0.029057676878707507,0.31087416607093515,0.6600681570503574
25906,LOF,0.028891345167892487,0.07019892537309323,0.9009097294590144
25907,LOF,0.014851635928404874,0.3117286733098035,0.6734196907617915
25908,LOF,0.014312907857387666,0.21379048222962108,0.7718966099129914
25909,LOF,0.015049221891511692,0.1627551741758621,0.8221956039326263
25910,LOF,0.045396408212968996,0.19494643417438715,0.7596571576126439
25911,LOF,0.12223584936549792,0.051042556479050954,0.8267215941554512
25912,LOF,0.038135264642695836,0.08310864974046174,0.8787560856168424
25913,LOF,0.2762081402495311,0.03454939579504693,0.689242463955422
25914,LOF,0.024815687597123267,0.16117600687835323,0.8140083055245234
25915,Neutral,0.42694438535835666,0.25765554497130816,0.3154000696703353
25916,LOF,0.05532949370684311,0.29606665473585286,0.6486038515573042
25917,LOF,0.06575073582062115,0.06248040901136611,0.8717688551680127
25918,LOF,0.03260047192157665,0.09844758164095818,0.8689519464374652
25919,LOF,0.02837017807426888,0.10234611365959882,0.8692837082661323
25920,GOF,0.10100342249947446,0.5347391580203468,0.3642574194801788
25921,LOF,0.03248943636030976,0.03206509694094224,0.935445466698748
25922,LOF,0.04678588750470228,0.01999353638547749,0.9332205761098203
25923,LOF,0.42737326884409355,0.023302034370444837,0.5493246967854616
25924,LOF,0.03980958269356877,0.02685868014460434,0.9333317371618269
25925,LOF,0.07755893190713181,0.03448851465410799,0.8879525534387601
25926,LOF,0.05791957867450096,0.023763823674538834,0.9183165976509603
25927,LOF,0.07759359950508525,0.047409512757809115,0.8749968877371056
25928,LOF,0.024089070339569613,0.02395877886711584,0.9519521507933146
25929,Neutral,0.56877927592348,0.027521802639561128,0.403698921436959
25930,LOF,0.06994283532684226,0.018520951885091626,0.9115362127880661
25931,LOF,0.032311046786918506,0.019697733101915058,0.9479912201111665
25932,LOF,0.031315730710491235,0.016001955863565325,0.9526823134259433
25933,LOF,0.04045094187908029,0.010156168557276576,0.9493928895636431
25934,LOF,0.027336632576128346,0.012395842928770858,0.9602675244951008
25935,LOF,0.07538169813664483,0.03406436424519431,0.8905539376181608
25936,LOF,0.04879565550090162,0.01597926851406798,0.9352250759850305
25937,LOF,0.03408700295306155,0.02847797032667246,0.937435026720266
25938,LOF,0.07276106348133327,0.041001104406043175,0.8862378321126235
25939,LOF,0.043593354788374485,0.011011204854953953,0.9453954403566716
25940,LOF,0.024024064649352497,0.388522018924879,0.5874539164257685
25941,LOF,0.14142832754748094,0.10775411491126298,0.7508175575412561
25942,LOF,0.013519114831475353,0.04193023736073444,0.9445506478077903
25943,LOF,0.3434987097498738,0.09632500026833007,0.5601762899817961
25944,Neutral,0.525877726050303,0.051690747725022565,0.42243152622467434
25945,LOF,0.06670146334354946,0.0347504619707022,0.8985480746857484
25946,LOF,0.033051902379560745,0.18138561273633966,0.7855624848840996
25947,LOF,0.14208648408236285,0.1511131019915605,0.7068004139260766
25948,LOF,0.42607709519266734,0.015782967270479495,0.5581399375368531
25949,LOF,0.08920838314672253,0.06321202924039929,0.8475795876128782
25950,GOF,0.2416665109463813,0.43718884838576316,0.3211446406678556
25951,LOF,0.27201800974634516,0.2036744333173168,0.5243075569363381
25952,LOF,0.069471181130771,0.4406723983289148,0.48985642054031414
25953,LOF,0.13961982379637192,0.10629217727793233,0.7540879989256958
25954,LOF,0.35622339549297927,0.22742967710243936,0.41634692740458135
25955,LOF,0.061380776321531536,0.08360845469103786,0.8550107689874306
25956,LOF,0.19989154897323033,0.06960382046290672,0.7305046305638629
25957,LOF,0.050472051219778165,0.02572903441754632,0.9237989143626756
25958,LOF,0.06231683151401153,0.035352956657123666,0.9023302118288649
25959,LOF,0.06071143884261763,0.4377221099491052,0.5015664512082771
25960,LOF,0.023746310210386548,0.06192836298204807,0.9143253268075654
25961,LOF,0.04965904723806597,0.043783137110881845,0.9065578156510523
25962,LOF,0.061633915879757355,0.04002012716567241,0.8983459569545703
25963,LOF,0.062298153786586596,0.17233295385961644,0.7653688923537969
25964,LOF,0.04001305271225007,0.16128141775503713,0.7987055295327129
25965,Neutral,0.47554995211540557,0.07867593830641173,0.44577410957818253
25966,Neutral,0.34610971829762577,0.32516979260491463,0.3287204890974596
25967,LOF,0.01581264072515337,0.10730310954290118,0.8768842497319456
25968,LOF,0.03635609437853662,0.4424028856496555,0.5212410199718078
25969,LOF,0.028015172875226473,0.0549441695770043,0.9170406575477693
25970,LOF,0.06207195966347063,0.06316033738369987,0.8747677029528295
25971,LOF,0.08061116754128124,0.03239276412098014,0.8869960683377386
25972,LOF,0.0814747201397216,0.03925369133561937,0.8792715885246589
25973,LOF,0.08552633102867935,0.01291365177028476,0.901560017201036
25974,LOF,0.26267963773905084,0.019402922506322157,0.7179174397546271
25975,LOF,0.056186380108903075,0.03295915700124559,0.9108544628898513
25976,LOF,0.035793202020570784,0.02885249619997748,0.9353543017794517
25977,LOF,0.1440574828434066,0.12880201738902686,0.7271404997675665
25978,LOF,0.12366167537292269,0.14023862029857254,0.7360997043285047
25979,LOF,0.12350868756444748,0.1261712700844408,0.7503200423511118
25980,LOF,0.14949058929700137,0.17791691560974496,0.6725924950932537
25981,LOF,0.18193615806043184,0.17054847537358878,0.6475153665659793
25982,LOF,0.3843369091238293,0.12228177050951443,0.49338132036665616
25983,LOF,0.3582580062619054,0.1120097099603252,0.5297322837777695
25984,LOF,0.05514204907138846,0.10546036530646247,0.8393975856221491
25985,LOF,0.019436083584708785,0.34756615126771684,0.6329977651475744
25986,LOF,0.02224197871111033,0.3210338227018789,0.6567241985870107
25987,LOF,0.08791182299262992,0.12637842479472258,0.7857097522126476
25988,LOF,0.11802134458635914,0.09194115942911751,0.7900374959845233
25989,LOF,0.026390473134524264,0.15973415799611299,0.8138753688693627
25990,LOF,0.036676473619053455,0.13409848026581905,0.8292250461151276
25991,GOF,0.13480568502426615,0.4533650190015728,0.411829295974161
25992,LOF,0.30869764545657324,0.28651626346871323,0.4047860910747136
25993,LOF,0.025904488897004,0.10170265775958841,0.8723928533434074
25994,LOF,0.016892075091966146,0.12257496313492726,0.8605329617731066
25995,LOF,0.028364589649405535,0.16064281308400002,0.8109925972665945
25996,GOF,0.18904061859861823,0.5344806177688868,0.27647876363249496
25997,GOF,0.07295997186199124,0.5199167679357042,0.40712326020230455
25998,Neutral,0.6104205675402433,0.02473205526074673,0.36484737719901
25999,LOF,0.13576477858288305,0.13878571723233457,0.7254495041847823
26000,LOF,0.10607538697057892,0.030593432897020913,0.8633311801324002
26001,LOF,0.18611673599023634,0.03667387794747379,0.7772093860622897
26002,LOF,0.14633493365559738,0.03154876569566924,0.8221163006487333
26003,GOF,0.009889447705205444,0.7120842696598225,0.2780262826349719
26004,GOF,0.02167775279405216,0.7262679619463197,0.25205428525962825
26005,GOF,0.009397055281501256,0.5996934458005978,0.39090949891790094
26006,Neutral,0.5102015083363273,0.30362419002781366,0.18617430163585916
26007,GOF,0.01723946188309357,0.6287623392705894,0.3539981988463169
26008,GOF,0.020600751021138963,0.6358406381611285,0.34355861081773253
26009,GOF,0.02930625749737951,0.6969355325118012,0.27375820999081923
26010,GOF,0.02417064201928404,0.8045869247560359,0.17124243322468002
26011,GOF,0.009371774788740735,0.564683373737313,0.4259448514739461
26012,GOF,0.01583959622232992,0.6363124059416739,0.34784799783599607
26013,GOF,0.014673740154235284,0.7273493873290136,0.25797687251675117
26014,LOF,0.0384521264408482,0.21622409831007222,0.7453237752490797
26015,LOF,0.20252016077124405,0.009324762585940385,0.7881550766428156
26016,LOF,0.2587582349618487,0.04188807609734502,0.6993536889408063
26017,LOF,0.17769466972921305,0.0916065633739908,0.7306987668967961
26018,LOF,0.07978176483934066,0.028570323076448065,0.8916479120842113
26019,LOF,0.07988949052312916,0.022650902812058196,0.8974596066648127
26020,LOF,0.05508039142015752,0.119098517556405,0.8258210910234376
26021,LOF,0.0532983107895107,0.1666002376906231,0.7801014515198662
26022,LOF,0.00988158971057353,0.07004244368262746,0.920075966606799
26023,LOF,0.11285285382670313,0.020918877240047214,0.8662282689332496
26024,LOF,0.028390665791935606,0.11633996629534166,0.8552693679127228
26025,LOF,0.14097633052469247,0.08763202891041216,0.7713916405648954
26026,LOF,0.3082768981543457,0.01658058626147072,0.6751425155841835
26027,LOF,0.07755533083226188,0.015526983069684364,0.9069176860980538
26028,LOF,0.184161378985993,0.09285227066563745,0.7229863503483696
26029,LOF,0.10882947374218943,0.16243405123877624,0.7287364750190343
26030,LOF,0.03420475591192293,0.06500248022332715,0.9007927638647498
26031,LOF,0.04295936227225999,0.14253360326831377,0.8145070344594262
26032,LOF,0.08337549059306287,0.0593622376897622,0.8572622717171751
26033,LOF,0.15317325186238087,0.06636179167944142,0.7804649564581777
26034,LOF,0.06406463952484587,0.1406654561032984,0.7952699043718557
26035,LOF,0.04333993152128055,0.12196013807820429,0.8346999304005152
26036,LOF,0.062371126800485184,0.14609816850683457,0.7915307046926803
26037,LOF,0.0360825046486584,0.11123859556684217,0.8526788997844994
26038,LOF,0.07866845685555265,0.053656001499576784,0.8676755416448706
26039,LOF,0.08896519835867117,0.11883805611017642,0.7921967455311525
26040,LOF,0.24965980733332588,0.09074798861737357,0.6595922040493006
26041,LOF,0.03597969027373935,0.10320799065363165,0.860812319072629
26042,LOF,0.03621738881676978,0.10271705718959499,0.8610655539936353
26043,LOF,0.07588114177575617,0.0680442080120714,0.8560746502121725
26044,LOF,0.033723558440061446,0.06824868206785802,0.8980277594920805
26045,LOF,0.1123072409638989,0.0845613532019776,0.8031314058341235
26046,LOF,0.08061025925008869,0.07039314498308025,0.8489965957668311
26047,LOF,0.11503409734301925,0.08229670443310162,0.8026691982238792
26048,LOF,0.06685638792622516,0.05170304109424762,0.8814405709795272
26049,Neutral,0.9516792430140257,0.009728228637127238,0.03859252834884698
26050,Neutral,0.9309973231889856,0.011299255937163785,0.05770342087385045
26051,LOF,0.04869411197443516,0.4754311801270337,0.47587470789853115
26052,GOF,0.05853994908309889,0.4911733148729641,0.45028673604393693
26053,LOF,0.06018543148465362,0.24989322335470368,0.6899213451606427
26054,LOF,0.05989127238454826,0.04990738808364455,0.8902013395318071
26055,LOF,0.07940976850490351,0.03693433821660244,0.8836558932784939
26056,LOF,0.06912872084823748,0.04311856124375203,0.8877527179080105
26057,LOF,0.030824207359851453,0.020506389230834234,0.9486694034093143
26058,LOF,0.031073135652431933,0.01835809847054671,0.9505687658770214
26059,LOF,0.2648021507185112,0.05776453945757,0.6774333098239188
26060,LOF,0.024070031527339025,0.3459067971369886,0.6300231713356723
26061,LOF,0.019224471280116718,0.026568100025503215,0.9542074286943801
26062,LOF,0.011836153619516792,0.04121559279122279,0.9469482535892605
26063,LOF,0.021625454216167378,0.021188941403696152,0.9571856043801366
26064,LOF,0.02722883118494115,0.02734950966060251,0.9454216591544563
26065,LOF,0.02506040307167255,0.024041337948974947,0.9508982589793524
26066,LOF,0.02039131258271716,0.02301155326425382,0.956597134153029
26067,LOF,0.026266296875409642,0.017574448303309686,0.9561592548212806
26068,LOF,0.04869994046724506,0.06111840210234618,0.8901816574304087
26069,LOF,0.2723391943469745,0.04852753635406188,0.6791332692989636
26070,LOF,0.38047793001832064,0.03014069560406154,0.589381374377618
26071,LOF,0.021980432901495033,0.025703193080492816,0.9523163740180122
26072,LOF,0.02552219803487441,0.03922157392266295,0.9352562280424628
26073,LOF,0.025177530906252597,0.01899563749303228,0.955826831600715
26074,Neutral,0.9318069420591992,0.007910326444205678,0.06028273149659502
26075,LOF,0.044871309934273323,0.033927700086471994,0.9212009899792547
26076,LOF,0.04312790082631409,0.017485825066975495,0.9393862741067104
26077,LOF,0.009420888489117079,0.03874279707929784,0.951836314431585
26078,LOF,0.015677279201602553,0.024434329495525674,0.9598883913028718
26079,LOF,0.053052960054159805,0.03655571823274993,0.9103913217130901
26080,LOF,0.05304757109176501,0.03654983968626127,0.9104025892219738
26081,LOF,0.037030672651974086,0.013788140649365484,0.9491811866986605
26082,LOF,0.019478952466432005,0.0362458777268881,0.9442751698066798
26083,LOF,0.1550595846273401,0.022596330582422858,0.822344084790237
26084,LOF,0.026206446770026787,0.03095266104613343,0.9428408921838398
26085,LOF,0.022666750008435342,0.02800295488040908,0.9493302951111555
26086,LOF,0.02210717218490916,0.024565294948974217,0.9533275328661167
26087,LOF,0.02458054571877247,0.017779035928499623,0.957640418352728
26088,LOF,0.02153369787356931,0.04057846923956634,0.9378878328868644
26089,LOF,0.04963887964556691,0.04412161326718887,0.9062395070872443
26090,LOF,0.04724807662591949,0.0352017743436362,0.9175501490304443
26091,LOF,0.0410027013588772,0.012038873855370254,0.9469584247857524
26092,LOF,0.027610459872574898,0.017866373087784708,0.9545231670396404
26093,LOF,0.04076673320334588,0.012131626382695672,0.9471016404139584
26094,LOF,0.04677221064684082,0.01082415363245039,0.9424036357207088
26095,LOF,0.06240597423813078,0.029303355892126653,0.9082906698697426
26096,LOF,0.018268090102892133,0.024599216244128884,0.9571326936529789
26097,LOF,0.011647565652275201,0.0780591322855776,0.9102933020621471
26098,LOF,0.06815263483577677,0.029791047412207613,0.9020563177520157
26099,LOF,0.024979295989144785,0.028528623962735998,0.9464920800481191
26100,LOF,0.026733286599150603,0.02731128713217644,0.945955426268673
26101,LOF,0.058509158567828526,0.026436895713644302,0.9150539457185272
26102,LOF,0.027114372181776304,0.022826037113688163,0.9500595907045356
26103,Neutral,0.8859859628961388,0.03823729915891107,0.07577673794495011
26104,LOF,0.07132329923602909,0.0586364013906097,0.8700402993733611
26105,LOF,0.2208148503402846,0.27024459669950535,0.50894055296021
26106,LOF,0.1776367191850204,0.13980955098526376,0.6825537298297158
26107,LOF,0.21553746957557934,0.1290891266149396,0.6553734038094811
26108,LOF,0.2236612975895009,0.17087970643076963,0.6054589959797294
26109,LOF,0.054492200104050335,0.15495865635451972,0.7905491435414299
26110,LOF,0.297556031090187,0.013179653521594318,0.6892643153882188
26111,LOF,0.4626189428753718,0.02886245146607157,0.5085186056585566
26112,LOF,0.03586022661959825,0.015405521817258258,0.9487342515631436
26113,LOF,0.05610403215802802,0.025749631124767587,0.9181463367172044
26114,LOF,0.021049354027197497,0.026693311624967467,0.9522573343478351
26115,LOF,0.08833473240074174,0.04073347239654544,0.8709317952027127
26116,LOF,0.0488598715062036,0.04963688310120939,0.9015032453925871
26117,LOF,0.3354346098122603,0.07880372956755986,0.5857616606201798
26118,LOF,0.037427504394689934,0.044421924818588594,0.9181505707867215
26119,LOF,0.020207694938381666,0.07075470260835438,0.9090376024532639
26120,LOF,0.02855568464681917,0.03352565902999572,0.937918656323185
26121,LOF,0.05672445533983489,0.12590689633476976,0.8173686483253955
