feature0,prediction,LoGoFunc_Neutral,LoGoFunc_GOF,LoGoFunc_LOF
25546,Neutral,0.6304473795310122,0.05475348246938249,0.3147991379996053
25547,Neutral,0.4926742333344372,0.09399001063772715,0.4133357560278356
25548,Neutral,0.47838689055005146,0.0815160604448349,0.44009704900511354
25549,LOF,0.4138421787469614,0.08465992301654547,0.5014978982364932
25550,LOF,0.34453874797953576,0.11763688160881508,0.5378243704116491
25551,LOF,0.2945028875666533,0.13127657894685213,0.5742205334864946
25552,LOF,0.2619383178694191,0.13729441803661108,0.6007672640939699
25553,Neutral,0.7951135469487343,0.05009949109983607,0.15478696195142963
25554,LOF,0.3009884108278425,0.12268573333934737,0.57632585583281
25555,LOF,0.2641130308676958,0.11602983421626878,0.6198571349160354
25556,Neutral,0.45228748882636666,0.1035172526814902,0.44419525849214303
25557,LOF,0.2540658360023477,0.12236161847695849,0.6235725455206936
25558,LOF,0.30491251980987094,0.11999648834830547,0.5750909918418236
25559,LOF,0.19835178499071568,0.15734466855410453,0.6443035464551797
25560,LOF,0.14146463127693984,0.12610561104654652,0.7324297576765136
25561,LOF,0.14621354920178734,0.15868054403621695,0.6951059067619958
25562,LOF,0.05382930669685101,0.08885958395732771,0.8573111093458213
25563,LOF,0.016515052523174242,0.13259736380890558,0.8508875836679202
25564,LOF,0.123278565192392,0.11048112956389364,0.7662403052437143
25565,LOF,0.20088053093585753,0.13086629471562505,0.6682531743485175
25566,GOF,0.06077553629794778,0.660592943158621,0.2786315205434313
25567,LOF,0.036137406878977964,0.18348180269989753,0.7803807904211244
25568,LOF,0.06083354209939234,0.10376539942097586,0.8354010584796316
25569,LOF,0.06424619297393298,0.09424317446375778,0.8415106325623092
25570,LOF,0.030270550656867845,0.12784240764620491,0.8418870416969272
25571,LOF,0.029274162419784554,0.1406159768932146,0.8301098606870008
25572,LOF,0.07205756885599887,0.16092257385566158,0.7670198572883394
25573,LOF,0.060375962974462016,0.12297927038877428,0.8166447666367637
25574,LOF,0.0581275937139489,0.2621674346835058,0.6797049716025454
25575,LOF,0.024906111036709113,0.1467840091003142,0.8283098798629766
25576,LOF,0.02994095923081222,0.19990105313262407,0.7701579876365637
25577,LOF,0.03510339958914581,0.1490612739592769,0.8158353264515773
25578,LOF,0.29080729253506893,0.12444707762285506,0.5847456298420759
25579,LOF,0.1829786059899463,0.12049852369480823,0.6965228703152455
25580,LOF,0.021841026449741757,0.0992133148066712,0.8789456587435871
25581,LOF,0.05297977880929279,0.09564430148826096,0.8513759197024462
25582,LOF,0.052722915200824276,0.09372885374293946,0.8535482310562363
25583,LOF,0.024276979402582135,0.10845473823900635,0.8672682823584116
25584,Neutral,0.6896394733052977,0.15960355261338954,0.15075697408131272
25585,LOF,0.022282655653064164,0.18643505452249634,0.7912822898244396
25586,LOF,0.018237324409318894,0.09981117672984532,0.8819514988608357
25587,LOF,0.018316282633230218,0.08990615384111664,0.8917775635256531
25588,LOF,0.02145836069657555,0.0986793189469281,0.8798623203564965
25589,Neutral,0.5025566255811996,0.29940799417590175,0.19803538024289868
25590,LOF,0.0514293384924201,0.16324016972116556,0.7853304917864143
25591,LOF,0.08730101321929452,0.0863144881363463,0.8263844986443593
25592,LOF,0.058266195183125175,0.19829398706574244,0.7434398177511323
25593,LOF,0.1112912780749088,0.3560939571589529,0.5326147647661383
25594,LOF,0.04732519231193554,0.10292432701729642,0.8497504806707681
25595,LOF,0.043762978599606046,0.06855614290061593,0.8876808784997781
25596,LOF,0.10096730587308732,0.03543891675776375,0.863593777369149
25597,LOF,0.08111546560139551,0.042239050227397254,0.8766454841712071
25598,LOF,0.04716478473474524,0.07094757141207206,0.8818876438531827
25599,LOF,0.022139775101943038,0.4317554345978977,0.5461047903001592
25600,GOF,0.1738064188851058,0.43084713259362073,0.39534644852127354
25601,LOF,0.03958082713440459,0.3577549505106303,0.6026642223549651
25602,LOF,0.03169694139781505,0.06728876125070447,0.9010142973514804
25603,LOF,0.04119808447299932,0.04262679108928087,0.9161751244377199
25604,LOF,0.03858877397611953,0.0817325924288107,0.8796786335950698
25605,LOF,0.03368342718657468,0.17325356726969868,0.7930630055437268
25606,LOF,0.40113235040857115,0.12215009436768712,0.47671755522374165
25607,LOF,0.02995825858652374,0.18433666623265557,0.7857050751808208
25608,LOF,0.03879943618697125,0.10432672140008643,0.8568738424129424
25609,GOF,0.1273773105737419,0.5219773699409479,0.35064531948531025
25610,LOF,0.014237169075636652,0.04503234864230913,0.9407304822820541
25611,LOF,0.012430307890063353,0.050699647443510215,0.9368700446664263
25612,LOF,0.0454905833351308,0.06296621591516612,0.8915432007497032
25613,LOF,0.041823729275881134,0.059790782382581106,0.8983854883415378
25614,LOF,0.021786915772006837,0.04234835414101219,0.9358647300869809
25615,LOF,0.04565316276791642,0.0658340852140295,0.8885127520180541
25616,LOF,0.04793492845683206,0.04565739999683644,0.9064076715463315
25617,LOF,0.03833423306159817,0.057063904207778154,0.9046018627306236
25618,LOF,0.04053317670161893,0.06331497467849073,0.8961518486198904
25619,LOF,0.01215610391755561,0.05767942234127199,0.9301644737411724
25620,LOF,0.053147810009126724,0.06296590132929768,0.8838862886615755
25621,LOF,0.05856535565182272,0.05716097609421916,0.884273668253958
25622,LOF,0.06809882776064334,0.06621187938223869,0.865689292857118
25623,LOF,0.06973418624027604,0.044646236441283856,0.8856195773184401
25624,LOF,0.01765771438875118,0.05540997821781252,0.9269323073934362
25625,LOF,0.06069057619204483,0.06334992264226395,0.8759595011656913
25626,LOF,0.04722526925313844,0.05951916490398347,0.893255565842878
25627,Neutral,0.8869364006652847,0.023239590177916835,0.08982400915679846
25628,LOF,0.14641317382030594,0.06065193897177727,0.7929348872079167
25629,LOF,0.06551270512470964,0.05179079791536487,0.8826964969599255
25630,LOF,0.25540495248658707,0.07276753181339811,0.6718275157000148
25631,Neutral,0.5468155300581851,0.06809131737770882,0.3850931525641061
25632,LOF,0.026680764891873106,0.06892116726099509,0.9043980678471317
25633,LOF,0.1843208818745951,0.041311828976446134,0.7743672891489588
25634,LOF,0.03352730233307568,0.09900486425790515,0.8674678334090191
25635,LOF,0.03476839360916874,0.041605404598573356,0.9236262017922579
25636,LOF,0.033611635998072334,0.4741909101090017,0.49219745389292596
25637,GOF,0.05916866682070323,0.5229556812685785,0.41787565191071824
25638,LOF,0.031249366992138098,0.4235933546413255,0.5451572783665364
25639,LOF,0.03192513543237702,0.4501991519553174,0.5178757126123055
25640,Neutral,0.8461126502072059,0.10204050626103243,0.05184684353176153
25641,LOF,0.07622785206979145,0.4613737251554706,0.4623984227747381
25642,LOF,0.06931795453933777,0.17428456022087485,0.7563974852397874
25643,LOF,0.2197568096486395,0.12326380883528464,0.6569793815160759
25644,GOF,0.01388178292965206,0.5142575847062546,0.4718606323640933
25645,LOF,0.016791981605548695,0.45249568547412816,0.5307123329203232
25646,LOF,0.044077291384862625,0.3244921796932348,0.6314305289219024
25647,LOF,0.01704103372657401,0.26133601501479553,0.7216229512586305
25648,LOF,0.019483943647942786,0.2725466911709108,0.7079693651811465
25649,LOF,0.011572923705825803,0.21934005307378918,0.769087023220385
25650,LOF,0.0354000756736078,0.42560204594872103,0.5389978783776712
25651,LOF,0.012604746730015819,0.26426370540351063,0.7231315478664735
25652,LOF,0.019456095744298563,0.2722273459117821,0.7083165583439193
25653,LOF,0.05488299042395572,0.4516824655415998,0.49343454403444437
25654,LOF,0.013409079139082456,0.1943688303755108,0.7922220904854067
25655,GOF,0.1910449229817452,0.42796918582096266,0.38098589119729215
25656,LOF,0.33405504694690824,0.08658460754387345,0.5793603455092182
25657,LOF,0.05868638190834371,0.09720917189544334,0.844104446196213
25658,LOF,0.31903147277115995,0.10347776540254318,0.5774907618262969
25659,LOF,0.43856341845076396,0.11101965213003946,0.4504169294191964
25660,LOF,0.02360602298155833,0.09793590927956093,0.8784580677388808
25661,LOF,0.09309568267490921,0.06441161683460987,0.842492700490481
25662,LOF,0.036750789534002674,0.03355400887436122,0.9296952015916361
25663,LOF,0.043956624971236334,0.0436289837778548,0.9124143912509088
25664,LOF,0.1400220253675697,0.07139294962748506,0.7885850250049453
25665,LOF,0.062067399925390655,0.028793650447482187,0.9091389496271272
25666,LOF,0.10167773565587786,0.06335670601228491,0.8349655583318373
25667,LOF,0.07824398896022167,0.042712864391909314,0.879043146647869
25668,LOF,0.038375363473094566,0.04945516299970051,0.9121694735272049
25669,LOF,0.03197453744966498,0.044379780845526066,0.923645681704809
25670,LOF,0.14225579611228653,0.06426871785005664,0.7934754860376568
25671,LOF,0.12851227953713684,0.03421445929283746,0.8372732611700258
25672,LOF,0.0539066251236855,0.04005840098774141,0.906034973888573
25673,LOF,0.0883662180165649,0.052649965315388,0.8589838166680471
25674,LOF,0.07623563769273249,0.06358713325787078,0.8601772290493969
25675,LOF,0.11500401822887268,0.07246156700191017,0.8125344147692171
25676,LOF,0.019419245106004384,0.05557351616251154,0.925007238731484
25677,LOF,0.02513442952798236,0.0729187315042908,0.9019468389677269
25678,LOF,0.1963799005605175,0.08126318284791273,0.7223569165915699
25679,LOF,0.12027641305936972,0.08002032213513592,0.7997032648054944
25680,LOF,0.03624634733851448,0.1180056260054473,0.8457480266560382
25681,LOF,0.051368346753567225,0.11075529622041272,0.83787635702602
25682,LOF,0.14073639876001212,0.08103193368108261,0.7782316675589053
25683,LOF,0.11450587903410062,0.08497200178274546,0.800522119183154
25684,LOF,0.04243931534366818,0.06945508601027117,0.8881055986460606
25685,LOF,0.13245231206371835,0.08003396624097227,0.7875137216953094
25686,LOF,0.08121158168160919,0.1093280251575209,0.8094603931608699
25687,LOF,0.1263545436401032,0.11338409454655649,0.7602613618133403
25688,LOF,0.3929899651043046,0.04379572424369978,0.5632143106519956
25689,LOF,0.27343850345424126,0.04909945327909766,0.677462043266661
25690,LOF,0.31937168939871663,0.04173383542181454,0.6388944751794688
25691,Neutral,0.6960354530202405,0.03574866810623618,0.26821587887352316
25692,LOF,0.3257859097021009,0.0147035642125732,0.6595105260853258
25693,LOF,0.03837633196513669,0.400864719724768,0.5607589483100953
25694,LOF,0.12160755110391373,0.015873728691465264,0.8625187202046211
25695,LOF,0.12075532654362774,0.015088783596864191,0.8641558898595081
25696,LOF,0.11438253120735095,0.010136757005444499,0.8754807117872045
25697,LOF,0.10226069115616142,0.04834575507015315,0.8493935537736855
25698,LOF,0.33454325518167904,0.16155468707306628,0.5039020577452547
25699,Neutral,0.5277629905406024,0.0415746302942988,0.4306623791650987
25700,LOF,0.07879080432262724,0.010332080295350871,0.910877115382022
25701,LOF,0.1931170694654025,0.05204722876697924,0.7548357017676184
25702,GOF,0.18078781995540294,0.6088155363896748,0.21039664365492233
25703,LOF,0.01607491163906708,0.12342100905525374,0.8605040793056791
25704,LOF,0.04075521793486664,0.09899148794940034,0.8602532941157329
25705,LOF,0.05063251691537754,0.1310228473596675,0.818344635724955
25706,LOF,0.12066356445982868,0.4071790132006262,0.472157422339545
25707,LOF,0.08536313637632895,0.35775152834217044,0.5568853352815006
25708,LOF,0.043420131979178614,0.32191274540667875,0.6346671226141426
25709,LOF,0.07101184486607832,0.0427939174962852,0.8861942376376364
25710,LOF,0.012214700286048999,0.14157515701855747,0.8462101426953935
25711,LOF,0.02245407802826353,0.08815911985515054,0.8893868021165859
25712,LOF,0.015388251199045272,0.1684851518719981,0.8161265969289566
25713,LOF,0.019663785805953037,0.08658564100977725,0.8937505731842698
25714,LOF,0.08073459685122514,0.0725845779605221,0.8466808251882527
25715,LOF,0.01229249316891207,0.12274674857235356,0.8649607582587344
25716,LOF,0.01023550760910986,0.10329854045672965,0.8864659519341604
25717,LOF,0.01543696608679264,0.07035314958358087,0.9142098843296265
25718,LOF,0.012081640441922066,0.0830838602926726,0.9048344992654053
25719,LOF,0.02178399157425188,0.07156194004959604,0.906654068376152
25720,LOF,0.026901333596687095,0.06469208714640257,0.9084065792569103
25721,LOF,0.013816318096429503,0.1267097755818291,0.8594739063217414
25722,LOF,0.01433337037044278,0.10809353666875243,0.8775730929608048
25723,LOF,0.026838910162683437,0.04344686392787826,0.9297142259094384
25724,LOF,0.03214700482727358,0.0741225821662857,0.8937304130064408
25725,LOF,0.01261711020999672,0.07146183058230013,0.9159210592077032
25726,LOF,0.016357448576307963,0.1023151149460907,0.8813274364776014
25727,LOF,0.013134352859670939,0.07439807241788357,0.9124675747224454
25728,LOF,0.010519000001730536,0.10457677369065818,0.8849042263076113
25729,LOF,0.010789050605324847,0.10076126411269179,0.8884496852819834
25730,LOF,0.014366107825976642,0.10136055362928606,0.8842733385447373
25731,LOF,0.020728188286506563,0.09204594231548326,0.8872258693980101
25732,LOF,0.013742464271329632,0.07545152100191327,0.9108060147267572
25733,LOF,0.016741401436759847,0.06764853956796797,0.9156100589952721
25734,LOF,0.011356953010663872,0.11395257664952255,0.8746904703398136
25735,LOF,0.012575116546431056,0.07891462557571492,0.9085102578778539
25736,LOF,0.0137574075244006,0.09292639806823288,0.8933161944073665
25737,LOF,0.012589636722271301,0.08017006603807351,0.9072402972396552
25738,LOF,0.012287635451031516,0.09460365567770256,0.8931087088712658
25739,LOF,0.022128476367758228,0.0777720900204993,0.9000994336117424
25740,LOF,0.03049355169188521,0.11022755206021176,0.859278896247903
25741,LOF,0.017203705412036047,0.10743737839190337,0.8753589161960607
25742,LOF,0.12708205072692363,0.06926534146038858,0.8036526078126878
25743,LOF,0.03577337056476243,0.06390654052621998,0.9003200889090177
25744,Neutral,0.5801733742736309,0.2343423918446112,0.18548423388175783
25745,LOF,0.06300376197070881,0.0840390644593073,0.852957173569984
25746,LOF,0.040398985445549894,0.11307245892953124,0.8465285556249189
25747,LOF,0.01921308782093619,0.0839799913090911,0.8968069208699728
25748,LOF,0.11014854337431283,0.13594789090159007,0.753903565724097
25749,LOF,0.023610288968193522,0.10331952258469114,0.8730701884471154
25750,LOF,0.06690749050798005,0.10964771624151048,0.8234447932505096
25751,LOF,0.08786238056325697,0.15015095708826848,0.7619866623484747
25752,GOF,0.12259286743987023,0.6211725290704978,0.25623460348963195
25753,LOF,0.024116870469141495,0.27490036918628896,0.7009827603445695
25754,GOF,0.014619094679317457,0.7919720441807624,0.19340886113992004
25755,LOF,0.024494303549852672,0.3851279918350396,0.5903777046151077
25756,LOF,0.0463725820059797,0.3289735082857668,0.6246539097082535
25757,GOF,0.020865044736358702,0.8473425291791463,0.131792426084495
25758,GOF,0.034788716973622694,0.7986893620323466,0.1665219209940306
25759,GOF,0.012406286199625879,0.5769335854937436,0.41066012830663046
25760,LOF,0.01579870728726882,0.26421370921092,0.7199875835018112
25761,GOF,0.3034261493080554,0.5909384876093445,0.10563536308260013
25762,LOF,0.04685562948357746,0.24960855080957564,0.703535819706847
25763,LOF,0.01425362150069843,0.20987822247981583,0.7758681560194858
25764,GOF,0.08674422882075918,0.6088777355451767,0.304378035634064
25765,GOF,0.04126260486852065,0.7217533163187451,0.23698407881273437
25766,GOF,0.0736943271419932,0.7405921773125054,0.1857134955455014
25767,GOF,0.16725244990947052,0.5572809183464258,0.27546663174410374
25768,LOF,0.1126444145708415,0.05970566992262255,0.827649915506536
25769,LOF,0.05520166516280547,0.07410368013929827,0.8706946546978963
25770,LOF,0.3184201302408706,0.11850228855493833,0.5630775812041912
25771,LOF,0.044468159729726016,0.0626855332331518,0.8928463070371222
25772,LOF,0.019381484752106694,0.05254953866651538,0.928068976581378
25773,LOF,0.05003952601574585,0.11267183798858992,0.8372886359956643
25774,LOF,0.029671396821217437,0.09914320317801943,0.871185400000763
25775,LOF,0.054202621525544656,0.05809052558801507,0.8877068528864404
25776,LOF,0.07317462490676291,0.03359214030536257,0.8932332347878745
25777,LOF,0.35235918116651416,0.09059488464170398,0.5570459341917817
25778,LOF,0.07174447013056061,0.05676848227782181,0.8714870475916175
25779,GOF,0.3793581309399145,0.5742582706802982,0.04638359837978727
25780,GOF,0.33557600940808596,0.5855206335145271,0.07890335707738703
25781,GOF,0.129313183551562,0.7515805683135619,0.11910624813487604
25782,GOF,0.19226304837450459,0.7158970875362451,0.09183986408925031
25783,GOF,0.02168098133377499,0.6350698331065587,0.3432491855596663
25784,Neutral,0.5118956323756056,0.44444544492792554,0.043658922696468795
25785,Neutral,0.5054635233555871,0.4568545965399121,0.03768188010450074
25786,GOF,0.029724438509431395,0.7691430169719289,0.2011325445186398
25787,Neutral,0.6814351817468948,0.29327967250036696,0.02528514575273824
25788,LOF,0.05106900941846626,0.0937776854510254,0.8551533051305084
25789,GOF,0.2124592870241656,0.6285912960049697,0.1589494169708648
25790,GOF,0.22885136964019828,0.6806731546984178,0.09047547566138396
25791,GOF,0.13818880450173446,0.6855461097947568,0.17626508570350877
25792,GOF,0.34130128694538653,0.5209615888577571,0.13773712419685635
25793,GOF,0.27696354309436183,0.5271745010864332,0.19586195581920499
25794,GOF,0.2996470145663093,0.5158425845609723,0.18451040087271833
25795,GOF,0.07848960162530562,0.6892669288894833,0.2322434694852111
25796,Neutral,0.5344045696907658,0.3797313113629465,0.0858641189462877
25797,GOF,0.08325887263282623,0.5486132721554884,0.3681278552116854
25798,GOF,0.008265711810142318,0.5417860397639566,0.44994824842590103
25799,LOF,0.00715413827652192,0.42833543117457096,0.5645104305489071
25800,GOF,0.03299317898419989,0.6263140488281456,0.34069277218765465
25801,GOF,0.2440731593945563,0.6522365457632604,0.10369029484218326
25802,GOF,0.06422730050537523,0.6925072811571852,0.24326541833743956
25803,GOF,0.03805178510222543,0.5775698195651137,0.38437839533266094
25804,GOF,0.037351585810378174,0.5356525750395266,0.42699583915009526
25805,GOF,0.12384379089800056,0.588463534365721,0.28769267473627846
25806,GOF,0.13080140900265091,0.5875436161649661,0.281654974832383
25807,GOF,0.02081951195169889,0.6317895804301713,0.34739090761812996
25808,GOF,0.10683207208717248,0.603276136579965,0.2898917913328625
25809,GOF,0.01951902802063525,0.6302844687928741,0.35019650318649076
25810,GOF,0.01824084294759309,0.6239839309572023,0.3577752260952046
25811,GOF,0.45840095412550697,0.46649067209970574,0.07510837377478738
25812,GOF,0.03748466421305196,0.6346172870332212,0.3278980487537268
25813,Neutral,0.5611346444161879,0.3332211562122112,0.10564419937160091
25814,GOF,0.1372665108609208,0.6302708377973244,0.2324626513417548
25815,GOF,0.20276928496412341,0.6059877578307641,0.19124295720511253
25816,GOF,0.02174635863857684,0.680310736895034,0.2979429044663891
25817,GOF,0.23512029279510166,0.6072226990805362,0.15765700812436226
25818,GOF,0.053078679759813015,0.5806771787253207,0.3662441415148663
25819,GOF,0.3834772099081238,0.45955231367586835,0.15697047641600775
25820,GOF,0.1859661702759828,0.576221369174144,0.23781246054987323
25821,GOF,0.05960901070073683,0.6383040564142174,0.30208693288504584
25822,GOF,0.23280758905061041,0.5323993528350037,0.23479305811438575
25823,GOF,0.03002960774131256,0.5127069208738926,0.45726347138479484
25824,GOF,0.0730759721501676,0.5383449179336709,0.3885791099161615
25825,GOF,0.02928276104470003,0.5354824658279921,0.4352347731273079
25826,GOF,0.010921299337333264,0.5140075362777156,0.4750711643849512
25827,GOF,0.021037070854667425,0.5880070323763903,0.3909558967689424
25828,GOF,0.012281990843871434,0.5121759987281026,0.475542010428026
25829,GOF,0.0060722993838166674,0.5431889729933762,0.45073872762280703
25830,LOF,0.03686409702038703,0.28221100990496895,0.680924893074644
25831,GOF,0.1954171788641057,0.6432388193736992,0.16134400176219518
25832,GOF,0.030145558440576176,0.6721131933645015,0.2977412481949224
25833,GOF,0.12267335870211445,0.6856487690322519,0.1916778722656337
25834,GOF,0.0334386350431992,0.6733288912216718,0.293232473735129
25835,GOF,0.08155556378718072,0.697310434889689,0.22113400132313032
25836,GOF,0.04215064193397168,0.6503362208044616,0.3075131372615666
25837,GOF,0.021583053158362175,0.5444841793916616,0.43393276744997616
25838,GOF,0.0730297204626632,0.7426870550005299,0.18428322453680696
25839,GOF,0.28477573318443966,0.5720187766478911,0.14320549016766926
25840,GOF,0.23967222430963578,0.5783683796751944,0.18195939601516978
25841,GOF,0.2417901896696895,0.5782451320420161,0.1799646782882945
25842,GOF,0.20500789422348029,0.6372419404756133,0.15775016530090635
25843,GOF,0.23316133007003143,0.6544898412148511,0.11234882871511738
25844,GOF,0.05724782949840916,0.6857153030470147,0.2570368674545761
25845,GOF,0.013511974429376657,0.4969135333524551,0.4895744922181681
25846,GOF,0.11325856894419302,0.6990545080686699,0.18768692298713716
25847,GOF,0.12753500934824663,0.735988135570098,0.13647685508165544
25848,GOF,0.03516983142692344,0.6770210759797249,0.2878090925933515
25849,GOF,0.009410726287404834,0.5627311918437243,0.4278580818688708
25850,GOF,0.022159668520748937,0.6502148358917992,0.327625495587452
25851,GOF,0.016944444367613953,0.5554605316666855,0.42759502396570054
25852,GOF,0.17271580309539245,0.5619248903657684,0.2653593065388391
25853,GOF,0.33354798795126844,0.5806092794688675,0.08584273257986415
25854,GOF,0.019543521950164504,0.6025345234634252,0.3779219545864103
25855,GOF,0.031095327823550706,0.5782656696197089,0.3906390025567405
25856,GOF,0.21036910559091027,0.545670689017663,0.24396020539142677
25857,GOF,0.028916151400521607,0.504494551686052,0.4665892969134264
25858,GOF,0.01743149931746809,0.5595600263982312,0.4230084742843007
25859,GOF,0.010202068334801273,0.5362494758307765,0.45354845583442216
25860,GOF,0.3784847590670385,0.5359173790293763,0.08559786190358527
25861,GOF,0.40148015456474173,0.5023128929574746,0.0962069524777837
25862,GOF,0.10353419057848816,0.7405923653713882,0.15587344405012366
25863,GOF,0.10764346248387045,0.7353495941973229,0.15700694331880657
25864,GOF,0.23368998955385506,0.675865296432004,0.09044471401414085
25865,GOF,0.08947876535009776,0.7641291112602194,0.14639212338968277
25866,GOF,0.05946781586387583,0.797534353539224,0.14299783059690013
25867,GOF,0.08732864076839186,0.8002045954435211,0.11246676378808716
25868,GOF,0.2535979386975344,0.6409728928229995,0.10542916847946601
25869,Neutral,0.6927731725770226,0.26275928853896346,0.0444675388840138
25870,LOF,0.3019586893245652,0.30413424747838086,0.3939070631970539
25871,GOF,0.20464064615767383,0.6245986936255241,0.17076066021680208
25872,GOF,0.08469250478416655,0.6173574535878845,0.2979500416279489
25873,GOF,0.16162978037423337,0.5968362286326513,0.2415339909931154
25874,LOF,0.018283421745498164,0.11152272314813251,0.8701938551063694
25875,LOF,0.10142420445883092,0.03458197319261795,0.8639938223485512
25876,LOF,0.03954300194559355,0.04749999395563058,0.9129570040987758
25877,Neutral,0.5491560652032375,0.040536829818863196,0.41030710497789935
25878,LOF,0.26145352854812376,0.07002075189224855,0.6685257195596278
25879,LOF,0.1045091634938592,0.07228807079939314,0.8232027657067477
25880,LOF,0.024466661727378256,0.023692218056058582,0.9518411202165631
25881,LOF,0.1977967812332607,0.10162506548194598,0.7005781532847933
25882,LOF,0.07266848517397494,0.01602019188969255,0.9113113229363325
25883,LOF,0.09013327039278357,0.018229188204410014,0.8916375414028065
25884,LOF,0.03832324451652308,0.02950492880326762,0.9321718266802094
25885,LOF,0.07094574790761847,0.009049455190128893,0.9200047969022527
25886,LOF,0.354669824274452,0.02879871269046187,0.6165314630350862
25887,LOF,0.17177493511780342,0.0552867298739942,0.7729383350082023
25888,LOF,0.07193475046968074,0.05045488965811177,0.8776103598722075
25889,LOF,0.05061402184146387,0.020770671701485145,0.9286153064570509
25890,LOF,0.04958956214907368,0.1265265284465099,0.8238839094044164
25891,LOF,0.04184049350998424,0.04822248620834956,0.9099370202816661
25892,LOF,0.10716255969325852,0.021124952572933273,0.8717124877338082
25893,LOF,0.2692957599096825,0.016947326618990555,0.713756913471327
25894,LOF,0.18893310646703032,0.009059147981794581,0.802007745551175
25895,LOF,0.2140855203456551,0.017025359009990793,0.7688891206443542
25896,LOF,0.04913367909636956,0.018135560776773862,0.9327307601268565
25897,LOF,0.265440549066875,0.012649407259747865,0.7219100436733772
25898,Neutral,0.7297741748439117,0.010431435271135919,0.2597943898849523
25899,LOF,0.2448426184422075,0.021753052674069556,0.733404328883723
25900,LOF,0.4516342787148985,0.014601734339164285,0.5337639869459373
25901,LOF,0.0558770264782624,0.010830089491188239,0.9332928840305493
25902,LOF,0.19242532512004693,0.010549324343820058,0.797025350536133
25903,Neutral,0.5336472229077334,0.030758140528602238,0.4355946365636645
25904,LOF,0.27475811686789675,0.04355986836143664,0.6816820147706666
25905,LOF,0.02344172894742768,0.32872384784150305,0.6478344232110693
25906,LOF,0.024305971483018312,0.06803997125156319,0.9076540572654184
25907,LOF,0.013633484125054574,0.33371416643110347,0.652652349443842
25908,LOF,0.010050179961079724,0.21974524534492698,0.7702045746939933
25909,LOF,0.013025892993032138,0.12399972898795644,0.8629743780190116
25910,LOF,0.04830894888421749,0.13928861076505014,0.8124024403507324
25911,LOF,0.14925472682142832,0.03171495830740626,0.8190303148711654
25912,LOF,0.048098021641002055,0.04780787582710854,0.9040941025318893
25913,LOF,0.3248162249489046,0.023684510046972796,0.6514992650041226
25914,LOF,0.020441435369305733,0.13512707409660177,0.8444314905340924
25915,Neutral,0.4084593895130687,0.36768797471946413,0.22385263576746725
25916,LOF,0.05936048016944489,0.3831628934878604,0.5574766263426946
25917,LOF,0.059099582599034105,0.08444643220791265,0.8564539851930533
25918,LOF,0.030548809128564475,0.0886387857807264,0.8808124050907091
25919,LOF,0.02417545932406085,0.08838761062354145,0.8874369300523977
25920,GOF,0.1052660956646016,0.4921515048348679,0.4025823995005303
25921,LOF,0.027526157549508514,0.022895823398637303,0.9495780190518542
25922,LOF,0.038821529985823,0.017281512298160395,0.9438969577160166
25923,LOF,0.419113492693731,0.021186474166286516,0.5597000331399825
25924,LOF,0.04135772813781664,0.034173227276795726,0.9244690445853876
25925,LOF,0.06899196086529769,0.024239841017319203,0.9067681981173831
25926,LOF,0.050812212061528646,0.019386501969033756,0.9298012859694377
25927,LOF,0.07997009499857614,0.07361370841904602,0.8464161965823778
25928,LOF,0.023553514689766016,0.03102245868709724,0.9454240266231367
25929,Neutral,0.5542673219016309,0.023263077525204914,0.4224696005731642
25930,LOF,0.05874219778647466,0.018068888631556347,0.923188913581969
25931,LOF,0.03159001831138137,0.02266149008859999,0.9457484916000186
25932,LOF,0.027678762849330216,0.020198735477995892,0.9521225016726738
25933,LOF,0.04003648964420015,0.01349601027016811,0.9464675000856319
25934,LOF,0.02550166567495044,0.015264308209793933,0.9592340261152555
25935,LOF,0.06635733367822988,0.028456556083330864,0.9051861102384392
25936,LOF,0.050175958808667875,0.01792602545516517,0.931898015736167
25937,LOF,0.028719833377956597,0.02678912807005796,0.9444910385519856
25938,LOF,0.06485718106778138,0.030362017218272943,0.9047808017139457
25939,LOF,0.03973434678895838,0.011679042620419385,0.9485866105906222
25940,LOF,0.02738214005478227,0.36475112939844706,0.6078667305467707
25941,LOF,0.1841817710669978,0.10366710007494788,0.7121511288580544
25942,LOF,0.01903204666788421,0.03602315668650436,0.9449447966456114
25943,LOF,0.27262765267067113,0.06434877245643901,0.6630235748728898
25944,LOF,0.4641019542253598,0.03001639414351497,0.5058816516311252
25945,LOF,0.07437796810386126,0.02095306900076758,0.9046689628953712
25946,LOF,0.02723194274396832,0.11079633064023713,0.8619717266157946
25947,LOF,0.12436732710654788,0.20221147421129357,0.6734211986821584
25948,LOF,0.4101180669732365,0.012390816464769373,0.5774911165619941
25949,LOF,0.11776889275953692,0.04838983209223011,0.833841275148233
25950,GOF,0.299772676963652,0.4411344047891849,0.2590929182471631
25951,LOF,0.22830468080191538,0.2308059610174557,0.5408893581806289
25952,LOF,0.04719729791475827,0.4238412544185171,0.5289614476667246
25953,LOF,0.13120399650457754,0.10753890553881666,0.7612570979566057
25954,Neutral,0.4259542015955749,0.20496557216727976,0.3690802262371455
25955,LOF,0.057877996060032466,0.08875563619629812,0.8533663677436695
25956,LOF,0.21655486829515896,0.07984750749853992,0.703597624206301
25957,LOF,0.04012138706332069,0.03354969805081401,0.9263289148858652
25958,LOF,0.06574776256831058,0.026510194995911913,0.9077420424357775
25959,LOF,0.06579539563065545,0.30494986853969736,0.6292547358296471
25960,LOF,0.020828506778766426,0.047854672073304905,0.9313168211479286
25961,LOF,0.05270092010178503,0.03057741982383478,0.9167216600743803
25962,LOF,0.05901634971069997,0.036242969007650824,0.9047406812816493
25963,LOF,0.0471900238389436,0.2168114483042784,0.735998527856778
25964,LOF,0.03874972579079614,0.1471241996464974,0.8141260745627065
25965,LOF,0.4086669279229221,0.0920650404651294,0.4992680316119484
25966,LOF,0.4399211711463464,0.11957902279050994,0.44049980606314365
25967,LOF,0.013453884417325273,0.06464757330495019,0.9218985422777245
25968,LOF,0.032515594783707184,0.4790744293763542,0.48840997583993856
25969,LOF,0.024599826990081404,0.0597091317750194,0.9156910412348991
25970,LOF,0.05612887881507319,0.05549351034921454,0.8883776108357123
25971,LOF,0.0803336055607502,0.014535997900410822,0.9051303965388391
25972,LOF,0.08428458259681637,0.01822193027674947,0.8974934871264342
25973,LOF,0.1081605978353867,0.006697221839796294,0.8851421803248168
25974,LOF,0.19291451098614004,0.017959226391238495,0.7891262626226215
25975,LOF,0.05923374883400264,0.0235329013832155,0.9172333497827819
25976,LOF,0.047661051435929684,0.012788799359094577,0.9395501492049758
25977,LOF,0.1516366315829408,0.09752398188693381,0.7508393865301254
25978,LOF,0.1363270274286964,0.0461134379740377,0.8175595345972658
25979,LOF,0.1371877450035281,0.04683748614893787,0.8159747688475341
25980,LOF,0.17906832597159314,0.061550056803385315,0.7593816172250216
25981,LOF,0.20973038893028353,0.059820491253244186,0.7304491198164722
25982,LOF,0.3895167440664655,0.041647874143120114,0.5688353817904144
25983,LOF,0.39519137498528356,0.0409598053702931,0.5638488196444233
25984,LOF,0.05796232330671773,0.05279592515990186,0.8892417515333803
25985,LOF,0.029767066286361905,0.2257157938842932,0.7445171398293449
25986,LOF,0.03924880035071844,0.23846932153131895,0.7222818781179626
25987,LOF,0.08076789616582182,0.06468276129461582,0.8545493425395623
25988,LOF,0.14512307664004973,0.059673972050998246,0.795202951308952
25989,LOF,0.030927458215331785,0.10151127122625062,0.8675612705584176
25990,LOF,0.040324227598766284,0.12863392410691254,0.831041848294321
25991,LOF,0.2283337188947381,0.24167517048960743,0.5299911106156544
25992,LOF,0.38088811162687164,0.1399526293200146,0.47915925905311374
25993,LOF,0.024781967207391165,0.07235422272597561,0.9028638100666332
25994,LOF,0.01759038037090251,0.09842744136212978,0.8839821782669677
25995,LOF,0.02837359728141393,0.17553895367067465,0.7960874490479114
25996,GOF,0.33281745833802007,0.43336926133614634,0.2338132803258335
25997,GOF,0.13007771158429715,0.44200343182261104,0.4279188565930918
25998,Neutral,0.5560473085422797,0.026958021070069966,0.4169946703876503
25999,LOF,0.12554387049522223,0.11054012142307995,0.7639160080816977
26000,LOF,0.16368608954461467,0.02517128773647494,0.8111426227189104
26001,LOF,0.18378726258711559,0.032487292312696425,0.7837254451001879
26002,LOF,0.14077455048168167,0.030748602895463967,0.8284768466228544
26003,GOF,0.012308644766424988,0.5824173324744746,0.40527402275910035
26004,GOF,0.034104587643152176,0.6671980829430608,0.298697329413787
26005,LOF,0.010115157510312419,0.43577029824202473,0.5541145442476629
26006,Neutral,0.5378549255911349,0.22043826973575717,0.24170680467310793
26007,GOF,0.022710912127940876,0.49972059932019713,0.47756848855186185
26008,GOF,0.025219295092331052,0.5587600521771082,0.41602065273056077
26009,GOF,0.0289663988551971,0.5924140374602682,0.3786195636845347
26010,GOF,0.03323346332381118,0.618579478029815,0.3481870586463738
26011,LOF,0.008655705671254446,0.43661469683222914,0.5547295974965163
26012,GOF,0.019862596946708225,0.5503520266329919,0.4297853764202998
26013,GOF,0.023346588147328692,0.5799694322347853,0.39668397961788615
26014,LOF,0.04600030038139986,0.1480710427100357,0.8059286569085644
26015,LOF,0.20833285855894906,0.009172703091841697,0.7824944383492092
26016,LOF,0.2713578238246862,0.045169469790431356,0.6834727063848824
26017,LOF,0.23208273713248792,0.06532860621922434,0.7025886566482878
26018,LOF,0.11930389913934797,0.033361691408818284,0.8473344094518337
26019,LOF,0.11267910619427729,0.02515827956193577,0.8621626142437869
26020,LOF,0.06668878511405815,0.09485264703161918,0.8384585678543226
26021,LOF,0.054035030778917685,0.11048274986039668,0.8354822193606856
26022,LOF,0.012965983030031044,0.04323726287756367,0.9437967540924053
26023,LOF,0.13547705733008783,0.020729264097816606,0.8437936785720955
26024,LOF,0.032560051000146535,0.10756454160195174,0.8598754073979018
26025,LOF,0.15708860713471237,0.09724826233120128,0.7456631305340864
26026,LOF,0.33353184536226776,0.021164696212221626,0.6453034584255106
26027,LOF,0.10751068401700643,0.0167861265616968,0.8757031894212967
26028,LOF,0.15630706892966667,0.06961745540162567,0.7740754756687077
26029,LOF,0.06523023075102118,0.17828567290053765,0.7564840963484413
26030,LOF,0.02426819454877582,0.06638228498532969,0.9093495204658945
26031,LOF,0.027560131103224687,0.14755746434969433,0.8248824045470811
26032,LOF,0.06553075743249767,0.07009307925420416,0.8643761633132981
26033,LOF,0.12176134653401947,0.07821016502894744,0.8000284884370331
26034,LOF,0.04448125532120617,0.15722245572937052,0.7982962889494234
26035,LOF,0.026550956467838668,0.1397189732775133,0.8337300702546482
26036,LOF,0.04035477113137684,0.1705630741250528,0.7890821547435704
26037,LOF,0.0219419138236342,0.11687453349882039,0.8611835526775455
26038,LOF,0.06217492909109205,0.06665582181066228,0.8711692490982458
26039,LOF,0.05812097993194164,0.14821801355885125,0.7936610065092072
26040,LOF,0.19886829025308161,0.1289099569645806,0.6722217527823378
26041,LOF,0.023391735209493898,0.10803406218109554,0.8685742026094105
26042,LOF,0.022487937976742277,0.10484544819720759,0.8726666138260502
26043,LOF,0.06116425041514456,0.07745889414282671,0.8613768554420288
26044,LOF,0.020438763269695983,0.07872775924930721,0.9008334774809968
26045,LOF,0.07096681148441278,0.09698547721165021,0.8320477113039371
26046,LOF,0.0639977585792019,0.07980940642274638,0.8561928349980517
26047,LOF,0.0923768126897874,0.08798289804362232,0.8196402892665904
26048,LOF,0.05280155076861235,0.05581425314429368,0.891384196087094
26049,Neutral,0.9566394392130753,0.009549484935809814,0.0338110758511149
26050,Neutral,0.9421714648094939,0.011847007039467944,0.04598152815103821
26051,LOF,0.04541372742679557,0.26579209166153833,0.6887941809116661
26052,LOF,0.06705344409759277,0.29691203663880034,0.6360345192636069
26053,LOF,0.06054893651132048,0.1322210238316075,0.8072300396570721
26054,LOF,0.0619764554481714,0.021903602014859826,0.9161199425369688
26055,LOF,0.07581708095120814,0.01718874147816495,0.906994177570627
26056,LOF,0.06244841907394241,0.018806047583044314,0.9187455333430132
26057,LOF,0.03561952528976535,0.011853187863437977,0.9525272868467966
26058,LOF,0.03619174584509142,0.010022026165743344,0.9537862279891653
26059,LOF,0.3056898682831147,0.02642793873787721,0.6678821929790081
26060,LOF,0.027427785331202926,0.1729451524365626,0.7996270622322345
26061,LOF,0.020776775867760732,0.012388622977860822,0.9668346011543786
26062,LOF,0.012930874454012448,0.018227458007852377,0.9688416675381352
26063,LOF,0.023953353851386833,0.013197451852101456,0.9628491942965117
26064,LOF,0.024608619387496866,0.0196326308724227,0.9557587497400803
26065,LOF,0.027030999248956588,0.011634630450217455,0.961334370300826
26066,LOF,0.022897786640118482,0.011718981246968576,0.9653832321129129
26067,LOF,0.02885483339637462,0.008959197124355726,0.9621859694792697
26068,LOF,0.05126717973650203,0.03191258371262108,0.916820236550877
26069,LOF,0.2827833307962351,0.01995936219013935,0.6972573070136255
26070,LOF,0.42437292330610926,0.01428717260318619,0.5613399040907046
26071,LOF,0.026045358843593998,0.013443486690242052,0.9605111544661639
26072,LOF,0.021712852977683047,0.018157919385124958,0.9601292276371919
26073,LOF,0.02777964640337054,0.011706120703196243,0.9605142328934333
26074,Neutral,0.9031611639785457,0.006074192297161874,0.0907646437242925
26075,LOF,0.04740257484180171,0.015512433124115496,0.9370849920340828
26076,LOF,0.04620499572549117,0.010495388579501518,0.9432996156950073
26077,LOF,0.010167085884939886,0.01696066467098979,0.9728722494440704
26078,LOF,0.014553158387758116,0.011638109373133549,0.9738087322391084
26079,LOF,0.06358445230336063,0.018360630878570112,0.9180549168180692
26080,LOF,0.06266788715689495,0.018447522495967393,0.9188845903471378
26081,LOF,0.040721673141944435,0.006882501693361228,0.9523958251646945
26082,LOF,0.017440452554431104,0.017656185708701748,0.9649033617368671
26083,LOF,0.14286145576403456,0.012994632099249621,0.8441439121367159
26084,LOF,0.028363063775059955,0.013247135590948703,0.9583898006339913
26085,LOF,0.02400528303984152,0.012634736640009872,0.9633599803201487
26086,LOF,0.02592074470090613,0.012193687504590274,0.9618855677945036
26087,LOF,0.027145848572181636,0.008153106017258592,0.9647010454105597
26088,LOF,0.017645883484723783,0.024158669434329653,0.9581954470809466
26089,LOF,0.046564873821824664,0.02666827776130335,0.926766848416872
26090,LOF,0.04493050104098955,0.02019160173169972,0.9348778972273107
26091,LOF,0.04268445322691604,0.00675780334595774,0.9505577434271262
26092,LOF,0.02842911883776886,0.008817126526777089,0.962753754635454
26093,LOF,0.042582282370486696,0.006766616489506455,0.9506511011400068
26094,LOF,0.04782292105573724,0.00701102778596506,0.9451660511582978
26095,LOF,0.04854188042652106,0.014278350813398335,0.9371797687600806
26096,LOF,0.021967719845928706,0.012916005099851248,0.96511627505422
26097,LOF,0.011360466399586953,0.03864140128558628,0.9499981323148267
26098,LOF,0.07455989282303738,0.012442973080102305,0.9129971340968602
26099,LOF,0.026680320301538895,0.013036810272987328,0.9602828694254737
26100,LOF,0.029258018271584547,0.012476806665428193,0.9582651750629873
26101,LOF,0.06160069680990573,0.012628186767877699,0.9257711164222165
26102,LOF,0.028049950032324064,0.013938687141326466,0.9580113628263495
26103,Neutral,0.8879860803480593,0.019247380862278608,0.09276653878966205
26104,LOF,0.08590770006739037,0.031732122693057155,0.8823601772395525
26105,LOF,0.21769106988091846,0.2938508279675185,0.488458102151563
26106,LOF,0.17983071902189607,0.12863370707506422,0.6915355739030398
26107,LOF,0.24265655907436626,0.08626527686280927,0.6710781640628245
26108,LOF,0.24171696618120714,0.12532140854805457,0.6329616252707383
26109,LOF,0.09295752236115214,0.09625593257115712,0.8107865450676907
26110,LOF,0.20627110397641288,0.006207782295258962,0.7875211137283282
26111,LOF,0.46263192292983707,0.016631018177296557,0.5207370588928664
26112,LOF,0.034976602158732904,0.007105498688883015,0.957917899152384
26113,LOF,0.055407141956440975,0.01261093198437361,0.9319819260591854
26114,LOF,0.030192170135207558,0.02278584331661841,0.9470219865481742
26115,LOF,0.10312720599029804,0.05977337968571094,0.8370994143239909
26116,LOF,0.07297471752679965,0.057653038433196066,0.8693722440400043
26117,LOF,0.42237684433223466,0.05393151013496491,0.5236916455328003
26118,LOF,0.04015946124357999,0.030819757283124125,0.9290207814732959
26119,LOF,0.02314559121795854,0.0415060933072935,0.935348315474748
26120,LOF,0.03355424375441787,0.0273918670172922,0.9390538892282899
26121,LOF,0.05200823397801317,0.09218991192805882,0.8558018540939281
26122,LOF,0.05408713428936193,0.043131284836387916,0.9027815808742502
