feature0,prediction,LoGoFunc_Neutral,LoGoFunc_GOF,LoGoFunc_LOF
25546,Neutral,0.6359708361979566,0.06476727264542635,0.2992618911566171
25547,Neutral,0.5228536284915545,0.10011438070220761,0.377031990806238
25548,Neutral,0.5122818026835745,0.08742405433659688,0.40029414297982874
25549,LOF,0.45111870493933653,0.08665831480912356,0.4622229802515399
25550,LOF,0.3635922090649008,0.11149860635362345,0.5249091845814758
25551,LOF,0.3135454602818852,0.1221623051554972,0.5642922345626176
25552,LOF,0.28065567433081645,0.12849718004495445,0.5908471456242291
25553,Neutral,0.7922524665059809,0.05185610773205287,0.15589142576196616
25554,LOF,0.32177143230553823,0.11720173690865153,0.5610268307858103
25555,LOF,0.2717252784393042,0.11068046294998728,0.6175942586107086
25556,Neutral,0.4688509983329996,0.09591662378487825,0.4352323778821221
25557,LOF,0.2711146083513718,0.11336169896230361,0.6155236926863246
25558,LOF,0.3268709855371615,0.1100974847756491,0.5630315296871895
25559,LOF,0.24900567325987072,0.06736498028255347,0.6836293464575758
25560,LOF,0.08734055114632747,0.15607475221517148,0.756584696638501
25561,LOF,0.1051002929444806,0.22273448438359444,0.6721652226719249
25562,LOF,0.03918993046237656,0.11751992595843558,0.843290143579188
25563,LOF,0.01071800284368188,0.17566278884852257,0.8136192083077954
25564,LOF,0.08777427269108011,0.13663494408518498,0.775590783223735
25565,LOF,0.15883109459068137,0.15415884230482763,0.6870100631044909
25566,GOF,0.0637243349196544,0.6681985186364292,0.2680771464439165
25567,LOF,0.038821606549589646,0.178041756644479,0.7831366368059315
25568,LOF,0.062462923019542815,0.09186830891130958,0.8456687680691476
25569,LOF,0.0647282636830706,0.08571024455556528,0.8495614917613641
25570,LOF,0.0285280436611132,0.13172085062492087,0.8397511057139659
25571,LOF,0.025371250702286203,0.13364437006987714,0.8409843792278366
25572,LOF,0.06420412802637228,0.16905005975659587,0.7667458122170318
25573,LOF,0.06370716508508767,0.11605142215174126,0.8202414127631711
25574,LOF,0.06464792950329899,0.23990006425787436,0.6954520062388266
25575,LOF,0.02466188341068828,0.1450900252350027,0.8302480913543091
25576,LOF,0.030326606244112507,0.2015565368873088,0.7681168568685788
25577,LOF,0.03415856130608359,0.14624213201997396,0.8195993066739424
25578,LOF,0.30027498016216403,0.1021567596230057,0.5975682602148303
25579,LOF,0.2013691681172195,0.09889764997139927,0.6997331819113812
25580,LOF,0.022367699779147827,0.09936426330139683,0.8782680369194552
25581,LOF,0.05364397705232417,0.09353610322895582,0.85281991971872
25582,LOF,0.053421422156230434,0.09065797480125114,0.8559206030425185
25583,LOF,0.028133323940235707,0.09461137593162318,0.8772553001281412
25584,Neutral,0.7293854354099069,0.12400935213224867,0.14660521245784444
25585,LOF,0.023261597218965927,0.1875876818951311,0.7891507208859031
25586,LOF,0.018313976084986767,0.09905324900669513,0.882632774908318
25587,LOF,0.018263333287383405,0.08869657469916796,0.8930400920134486
25588,LOF,0.02186920856475343,0.08509949451194382,0.8930312969233027
25589,Neutral,0.49152964289133755,0.2696767686582933,0.23879358845036922
25590,LOF,0.046675347151515986,0.13587297666260809,0.8174516761858759
25591,LOF,0.08438126353781797,0.07871202358995831,0.8369067128722236
25592,LOF,0.05714979363182617,0.16033540902273646,0.7825147973454374
25593,LOF,0.10152926418201297,0.30821479230720555,0.5902559435107814
25594,LOF,0.05592819831271686,0.05198697093496389,0.8920848307523191
25595,LOF,0.05517480315922137,0.031826285679566704,0.9129989111612119
25596,LOF,0.12186899073279557,0.020840558520581517,0.8572904507466229
25597,LOF,0.08426959973837132,0.024520929859914883,0.8912094704017137
25598,LOF,0.05198053289118698,0.03468306678282219,0.9133364003259908
25599,LOF,0.0207324294342512,0.3671498391503764,0.6121177314153724
25600,LOF,0.16514496583648555,0.41203173127167697,0.42282330289183745
25601,LOF,0.03805143684591434,0.29484773018376387,0.6671008329703219
25602,LOF,0.025599209511927602,0.07819123585269243,0.89620955463538
25603,LOF,0.03662730662000031,0.06936748229231388,0.8940052110876858
25604,LOF,0.04106684442249233,0.1263297887649489,0.8326033668125589
25605,LOF,0.030347677268426937,0.2224389169504707,0.7472134057811023
25606,LOF,0.4090715386696116,0.17997669409295508,0.41095176723743326
25607,LOF,0.02717308468754676,0.2548437655843087,0.7179831497281445
25608,LOF,0.03482809468083061,0.14554522136715417,0.8196266839520151
25609,GOF,0.1471852228940755,0.49333570126532467,0.3594790758405998
25610,LOF,0.017028247388285577,0.05839761435737235,0.9245741382543421
25611,LOF,0.014385883913038371,0.0631945583519041,0.9224195577350576
25612,LOF,0.05219249541133471,0.06561781526245136,0.8821896893262139
25613,LOF,0.049323930646080136,0.06852570431603848,0.8821503650378815
25614,LOF,0.02716485038603117,0.05195117259209157,0.9208839770218773
25615,LOF,0.04465641677333803,0.06147440112593436,0.8938691821007277
25616,LOF,0.05901901677947364,0.057622836303074354,0.8833581469174521
25617,LOF,0.04526433613227819,0.05947577217563334,0.8952598916920884
25618,LOF,0.056828728440902754,0.08792505575019002,0.8552462158089071
25619,LOF,0.014477608488085603,0.06558358856879022,0.9199388029431242
25620,LOF,0.06125162677800163,0.0710330191423158,0.8677153540796826
25621,LOF,0.0618682172707362,0.057447841807836096,0.8806839409214278
25622,LOF,0.06542912561117614,0.06144565152619602,0.8731252228626278
25623,LOF,0.06533108916142012,0.044536902958096855,0.890132007880483
25624,LOF,0.022510380605022712,0.060646729173943745,0.9168428902210335
25625,LOF,0.06570082569698604,0.0593255783825291,0.8749735959204848
25626,LOF,0.05212460146866882,0.06090107475763333,0.8869743237736978
25627,Neutral,0.8862161515899853,0.024420562180613798,0.08936328622940085
25628,LOF,0.1585267793498754,0.06391442698701405,0.7775587936631105
25629,LOF,0.0639347453684994,0.06655243523344638,0.8695128193980541
25630,LOF,0.26277418285175685,0.08163999249544095,0.6555858246528021
25631,Neutral,0.5229818692001013,0.06879795388176711,0.4082201769181316
25632,LOF,0.034850203585103524,0.08015825728057939,0.884991539134317
25633,LOF,0.23706659222357054,0.06122133534425356,0.7017120724321759
25634,LOF,0.046168318471465394,0.10463091626996854,0.8492007652585661
25635,LOF,0.03719133944682288,0.05147822454970402,0.9113304360034731
25636,GOF,0.0361439965279846,0.5875061940971946,0.3763498093748207
25637,GOF,0.05834340234115157,0.5262364001459281,0.41542019751292036
25638,GOF,0.03416003160114353,0.49847747398772846,0.467362494411128
25639,LOF,0.033209704086224645,0.4766834363625159,0.4901068595512593
25640,Neutral,0.8544428700658355,0.09546452333047688,0.05009260660368764
25641,LOF,0.0907015491198095,0.4032864031480427,0.5060120477321478
25642,LOF,0.07299560339888614,0.17020692190283962,0.7567974746982743
25643,LOF,0.280593539942093,0.13860730526766668,0.5807991547902404
25644,GOF,0.010852486758512914,0.6109257379939315,0.3782217752475555
25645,GOF,0.01134552636875814,0.6022557123373835,0.38639876129385836
25646,LOF,0.029053065241223086,0.43282869663639156,0.5381182381223854
25647,LOF,0.01267934691837346,0.3320398216793864,0.6552808314022401
25648,LOF,0.014919416747075191,0.4090302655742003,0.5760503176787245
25649,LOF,0.008720931408457887,0.3138382858430111,0.677440782748531
25650,GOF,0.021925110711253158,0.5765035292682711,0.4015713600204759
25651,LOF,0.008880429624820853,0.40934592285901983,0.5817736475161592
25652,LOF,0.013245671182459342,0.420894345204881,0.5658599836126597
25653,GOF,0.037380149935593,0.599371675469986,0.36324817459442094
25654,LOF,0.010432637901492367,0.3169339206410105,0.6726334414574971
25655,GOF,0.13108649089595475,0.6189145833897072,0.24999892571433815
25656,LOF,0.3469630661461114,0.14929078627710163,0.5037461475767869
25657,LOF,0.055869337855157915,0.11431929667024296,0.8298113654745991
25658,LOF,0.31768923100737084,0.17016445318435738,0.5121463158082717
25659,Neutral,0.4595936034618676,0.17763970991754632,0.3627666866205861
25660,LOF,0.02268326992354236,0.12016224053159545,0.8571544895448623
25661,LOF,0.09307585032143625,0.07355318699265657,0.8333709626859072
25662,LOF,0.03279890214081272,0.03862504546516016,0.9285760523940272
25663,LOF,0.03748327167184407,0.044739965659446164,0.9177767626687097
25664,LOF,0.1176163675569108,0.07182130476404339,0.8105623276790458
25665,LOF,0.06207474589679668,0.03184343217609566,0.9060818219271077
25666,LOF,0.09093019221736097,0.0675450567432522,0.841524751039387
25667,LOF,0.07668718449380461,0.04147184142244919,0.8818409740837463
25668,LOF,0.03511292860360387,0.05157366821736233,0.9133134031790338
25669,LOF,0.029690505567107606,0.05125366713060748,0.919055827302285
25670,LOF,0.1230749173321823,0.04810063740469929,0.8288244452631184
25671,LOF,0.10490528596252181,0.04437621747676574,0.8507184965607125
25672,LOF,0.05342341083150969,0.04687491981580593,0.8997016693526844
25673,LOF,0.08987066895883052,0.04865880813511026,0.8614705229060592
25674,LOF,0.07767374389911842,0.06213991484281527,0.8601863412580664
25675,LOF,0.10398496012142662,0.06880606530979165,0.8272089745687817
25676,LOF,0.017584502419810036,0.061796494259645944,0.920619003320544
25677,LOF,0.021146261884917843,0.0825611551801498,0.8962925829349323
25678,LOF,0.18662681367850714,0.09104477133966256,0.7223284149818303
25679,LOF,0.1212049142162623,0.0934626564085998,0.7853324293751379
25680,LOF,0.02826276010653211,0.13001197352334973,0.8417252663701181
25681,LOF,0.04606366698271701,0.12274868855037677,0.8311876444669062
25682,LOF,0.12362466842571217,0.08515967771271993,0.791215653861568
25683,LOF,0.10893262125033229,0.09634033691736789,0.7947270418322999
25684,LOF,0.03667609150706027,0.07596598991880626,0.8873579185741336
25685,LOF,0.11255822617679793,0.08617774258943335,0.8012640312337688
25686,LOF,0.06678076517208134,0.12666217126957055,0.8065570635583481
25687,LOF,0.12308806641029006,0.12859171381221882,0.748320219777491
25688,LOF,0.4219719190721841,0.052880573922138394,0.5251475070056775
25689,LOF,0.3044710352583637,0.06441864113905212,0.6311103236025841
25690,LOF,0.3331968303244233,0.0413467192385523,0.6254564504370245
25691,Neutral,0.7226616468667948,0.03838828797446889,0.23895006515873618
25692,LOF,0.3571511566604996,0.017227761827425567,0.6256210815120747
25693,LOF,0.04771284685581867,0.41889866514803004,0.5333884879961514
25694,LOF,0.12020185868131361,0.01743233256192317,0.8623658087567633
25695,LOF,0.10675365834708074,0.011901459575191788,0.8813448820777275
25696,LOF,0.11984800503520723,0.014155233407099371,0.8659967615576933
25697,LOF,0.05937179035971947,0.0979447566841183,0.8426834529561623
25698,LOF,0.2748687981036565,0.23375561271344567,0.491375589182898
25699,LOF,0.4200336122888718,0.040222221542968346,0.5397441661681598
25700,LOF,0.06833187148441569,0.01225087912069102,0.9194172493948933
25701,LOF,0.15429458257219533,0.039188903065693725,0.806516514362111
25702,GOF,0.15379418349109522,0.666096301786615,0.18010951472228964
25703,LOF,0.017292013000923978,0.15732224584893334,0.8253857411501427
25704,LOF,0.036886028120948225,0.147706203631506,0.8154077682475459
25705,LOF,0.03495762319862156,0.10950640837870558,0.855535968422673
25706,LOF,0.11390975151286073,0.398599292728878,0.48749095575826135
25707,LOF,0.08752382751022558,0.3198413808299257,0.5926347916598487
25708,LOF,0.03828285822931286,0.28658308851221653,0.6751340532584706
25709,LOF,0.0662238287955785,0.031096187768183264,0.9026799834362382
25710,LOF,0.012748166235317332,0.12445481849984548,0.8627970152648371
25711,LOF,0.018479136298664336,0.07791095522473969,0.903609908476596
25712,LOF,0.015668915770663976,0.17729781806251466,0.8070332661668214
25713,LOF,0.01747307201932915,0.08263587519800415,0.8998910527826668
25714,LOF,0.06844929140562685,0.06049674271933195,0.8710539658750412
25715,LOF,0.011584217050261542,0.11856533045520927,0.8698504524945292
25716,LOF,0.011568672164896023,0.10802845078610274,0.8804028770490013
25717,LOF,0.016418619086466767,0.08961493687805995,0.8939664440354733
25718,LOF,0.010589146406226616,0.07428940171475755,0.915121451879016
25719,LOF,0.019761732549467868,0.06759275400834198,0.9126455134421902
25720,LOF,0.023834023470639006,0.054983793982018615,0.9211821825473424
25721,LOF,0.013079168759703368,0.09008939985709803,0.8968314313831987
25722,LOF,0.012975007625985828,0.06943821728356447,0.9175867750904496
25723,LOF,0.02349698658592628,0.038362540610234024,0.9381404728038397
25724,LOF,0.030197444281242346,0.06753434881610608,0.9022682069026516
25725,LOF,0.011117826680253204,0.061384234926083296,0.9274979383936636
25726,LOF,0.014696716827873817,0.08438168033535942,0.9009216028367668
25727,LOF,0.011751702300985758,0.06411969379639425,0.92412860390262
25728,LOF,0.009627493650926404,0.07531715389864425,0.9150553524504293
25729,LOF,0.009774759164113514,0.07696746209145354,0.9132577787444328
25730,LOF,0.012883090477539758,0.08223173007831697,0.9048851794441434
25731,LOF,0.022940804851522483,0.08066986889421547,0.8963893262542622
25732,LOF,0.012179444569043822,0.04674345430328994,0.9410771011276663
25733,LOF,0.01672315679851413,0.04490727366245156,0.9383695695390343
25734,LOF,0.012221656906581323,0.11067116615380526,0.8771071769396134
25735,LOF,0.010819920916221679,0.0546766705470565,0.9345034085367219
25736,LOF,0.011677337614291065,0.05783044531705516,0.9304922170686538
25737,LOF,0.011720930307907848,0.07692457508201858,0.9113544946100737
25738,LOF,0.011236253138883346,0.07757515544705988,0.9111885914140567
25739,LOF,0.019416651850670957,0.05760155312472967,0.9229817950245994
25740,LOF,0.02541469493699096,0.0899663384808704,0.8846189665821386
25741,LOF,0.013790562487196796,0.08711767624085703,0.8990917612719461
25742,LOF,0.10836842549358593,0.0613278384024856,0.8303037361039284
25743,LOF,0.03908418922844454,0.04271036290561993,0.9182054478659355
25744,Neutral,0.6156121262503259,0.2276459648770734,0.15674190887260056
25745,LOF,0.06984186476785018,0.06356636158719399,0.8665917736449559
25746,LOF,0.044481804552596725,0.08433226961223139,0.871185925835172
25747,LOF,0.026305069604197307,0.07821706702565456,0.8954778633701482
25748,LOF,0.1462989128673644,0.1349890122217284,0.7187120749109072
25749,LOF,0.030194832541866917,0.08432734180099773,0.8854778256571354
25750,LOF,0.07402765612803318,0.10033000794344059,0.8256423359285263
25751,LOF,0.10454435760060776,0.11656971837331002,0.7788859240260823
25752,GOF,0.08599556496688418,0.6242593034329941,0.2897451316001218
25753,LOF,0.030469869579221893,0.3470243662091098,0.6225057642116683
25754,GOF,0.015055241675464235,0.8162008021908242,0.16874395613371154
25755,LOF,0.02974606551040211,0.41837264967987653,0.5518812848097213
25756,LOF,0.05547174665193039,0.3761805181485157,0.568347735199554
25757,GOF,0.020559292325639838,0.8695552668253752,0.1098854408489849
25758,GOF,0.024926907381023433,0.8190991957725459,0.15597389684643087
25759,GOF,0.011940900674982022,0.6270086541946968,0.36105044513032114
25760,LOF,0.01573531090007144,0.34019642673904543,0.6440682623608831
25761,GOF,0.25326188107589664,0.6743776354818557,0.07236048344224764
25762,LOF,0.049094474790994436,0.3294485989939561,0.6214569262150496
25763,LOF,0.016262801859209915,0.24485161242702772,0.7388855857137624
25764,GOF,0.06473386314085822,0.6970636108799017,0.23820252597924005
25765,GOF,0.031529851257082776,0.787684868467597,0.18078528027532026
25766,GOF,0.05871571454767363,0.818063982904662,0.12322030254766438
25767,GOF,0.16236130632763351,0.5605707479827666,0.27706794568959997
25768,LOF,0.11028723536888639,0.0578046614451844,0.8319081031859292
25769,LOF,0.04650170639190956,0.059578266546921915,0.8939200270611685
25770,LOF,0.28608871596190305,0.09977731722640179,0.6141339668116951
25771,LOF,0.04964122611262793,0.0537674954111362,0.8965912784762359
25772,LOF,0.01666108456470744,0.048827698544395885,0.9345112168908967
25773,LOF,0.05314980861879983,0.07898278882594523,0.8678674025552549
25774,LOF,0.029292866708922397,0.10921980992167378,0.8614873233694037
25775,LOF,0.05496605649045812,0.06880618137121917,0.8762277621383228
25776,LOF,0.06323908493887241,0.03553899999960298,0.9012219150615247
25777,LOF,0.3231114975069285,0.09240235821571369,0.5844861442773578
25778,LOF,0.05805186922926755,0.05322366776529016,0.8887244630054422
25779,GOF,0.4069800221429341,0.5394864764589468,0.05353350139811912
25780,GOF,0.36239448010594877,0.54513771202596,0.09246780786809121
25781,GOF,0.11180687999540875,0.759650730711566,0.12854238929302522
25782,GOF,0.19278078362346437,0.7192701666909082,0.08794904968562735
25783,GOF,0.024587516635509964,0.6048391599382558,0.3705733234262344
25784,Neutral,0.540477146565633,0.4199675368074986,0.03955531662686835
25785,Neutral,0.5194702783579844,0.4326604262378772,0.04786929540413835
25786,GOF,0.03674226743206284,0.7051617892528682,0.25809594331506897
25787,Neutral,0.6907991159737188,0.2793767757657694,0.029824108260511732
25788,LOF,0.058876505575866045,0.0738646246270346,0.8672588697970994
25789,GOF,0.1952428534956478,0.6354307012956981,0.16932644520865409
25790,GOF,0.2845975135233593,0.6154148034527848,0.09998768302385587
25791,GOF,0.14431772832313672,0.6558343847186833,0.19984788695818004
25792,GOF,0.3642200338260432,0.49274923513193714,0.14303073104201974
25793,GOF,0.2740763607729143,0.4684173041957425,0.25750633503134324
25794,GOF,0.3131076510713677,0.4650466318998459,0.22184571702878644
25795,GOF,0.06658024639408,0.6509302524570365,0.2824895011488834
25796,Neutral,0.5550169369767526,0.3606569451228678,0.0843261179003797
25797,GOF,0.08169978377379074,0.5496626936184003,0.3686375226078089
25798,GOF,0.009732170366686183,0.5057873350521824,0.4844804945811313
25799,LOF,0.007307335885912425,0.4263095629622205,0.5663831011518671
25800,GOF,0.03539787088277463,0.6007910336056009,0.3638110955116245
25801,GOF,0.25337994263124985,0.6345690555536828,0.11205100181506729
25802,GOF,0.07724808705674176,0.6655513510358518,0.25720056190740653
25803,GOF,0.04409146841144415,0.5549503094366603,0.4009582221518954
25804,GOF,0.03897748656328991,0.4888736572396984,0.4721488561970117
25805,GOF,0.13557280398138602,0.5669642695531563,0.29746292646545763
25806,GOF,0.15637732968197282,0.5632376802033202,0.28038499011470697
25807,GOF,0.02299812032688672,0.616319864865021,0.3606820148080924
25808,GOF,0.11257086030174189,0.5726235217852628,0.3148056179129954
25809,GOF,0.022075197919738915,0.6085785258236254,0.3693462762566357
25810,GOF,0.021315250002392996,0.60889199667894,0.369792753318667
25811,Neutral,0.5557208436109907,0.37467638689625743,0.06960276949275188
25812,GOF,0.044130272441696,0.5897243150726369,0.36614541248566695
25813,Neutral,0.6155420132080117,0.2826481721818122,0.10180981461017599
25814,GOF,0.1466631637940766,0.6121988450183271,0.24113799118759632
25815,GOF,0.27270695972690984,0.5267205337156157,0.2005725065574744
25816,GOF,0.022870134913242683,0.6299709721388934,0.34715889294786384
25817,GOF,0.24892031725444788,0.6030665662410827,0.14801311650446952
25818,GOF,0.05450516883957147,0.523123669425923,0.4223711617345055
25819,GOF,0.38877993005092526,0.4310940529415731,0.18012601700750178
25820,GOF,0.2387524529155032,0.5366034076391969,0.22464413944530004
25821,GOF,0.07872632912831003,0.6123723947157201,0.30890127615596985
25822,GOF,0.3026503479497149,0.4716201183808323,0.22572953366945275
25823,LOF,0.03469142688922557,0.4708182803277548,0.4944902927830196
25824,GOF,0.09525915490730164,0.4852826883194551,0.4194581567732433
25825,GOF,0.03372844059994183,0.5034526005762893,0.4628189588237689
25826,LOF,0.012321849733043247,0.4792477357735469,0.5084304144934099
25827,GOF,0.02414780513889486,0.5379360367499255,0.43791615811117957
25828,LOF,0.01653577873233682,0.43883098379864105,0.5446332374690223
25829,GOF,0.00732429559693284,0.501134130189867,0.4915415742132002
25830,LOF,0.0434697039432207,0.25861870669585374,0.6979115893609256
25831,GOF,0.17027075124077545,0.6768318890160381,0.15289735974318638
25832,GOF,0.04007968996256637,0.6580823902962335,0.30183791974120017
25833,GOF,0.13377656512007208,0.6563335497570836,0.20988988512284432
25834,GOF,0.045147868550600635,0.6524032056895245,0.3024489257598749
25835,GOF,0.10503678331321249,0.6475936610263319,0.2473695556604556
25836,GOF,0.050349926118220624,0.6148465377689867,0.33480353611279273
25837,GOF,0.025927646728976073,0.5262298599305049,0.4478424933405192
25838,GOF,0.08307111365339159,0.7081601884104437,0.20876869793616476
25839,GOF,0.3033736015877955,0.5311566294403836,0.16546976897182092
25840,GOF,0.22652926868715662,0.5573089070178436,0.2161618242949997
25841,GOF,0.22395546629090793,0.5566704079099877,0.21937412579910429
25842,GOF,0.1730247929099618,0.6333201312722594,0.19365507581777877
25843,GOF,0.21361723371195382,0.6385582068499399,0.14782455943810635
25844,GOF,0.06300240301917744,0.6255953298464003,0.31140226713442226
25845,LOF,0.015658581191525967,0.44809755100331417,0.5362438678051599
25846,GOF,0.1019473849685029,0.6874153958904947,0.21063721914100228
25847,GOF,0.13505007926368306,0.6967321310450248,0.16821778969129214
25848,GOF,0.03660603192115815,0.6308298697804811,0.3325640982983607
25849,GOF,0.010839048713241447,0.5128479482262592,0.47631300306049923
25850,GOF,0.02336206394313667,0.5630982527460345,0.41353968331082874
25851,LOF,0.01859787725715166,0.4791666315769496,0.5022354911658987
25852,GOF,0.1500055596607973,0.5352713714567305,0.31472306888247215
25853,GOF,0.35646793323848935,0.5519113508240447,0.0916207159374659
25854,GOF,0.020908936127925694,0.5701745347705546,0.40891652910151965
25855,GOF,0.03684101251697691,0.5278497909949943,0.4353091964880288
25856,GOF,0.2410934097617144,0.503289614711262,0.2556169755270236
25857,LOF,0.0370653372868538,0.45540935501322793,0.5075253076999183
25858,GOF,0.021250188872254466,0.5156091497081188,0.46314066141962684
25859,GOF,0.01200410400005444,0.5023112303343669,0.48568466566557866
25860,GOF,0.39303426203645975,0.5091600104673158,0.09780572749622438
25861,GOF,0.3739953466396707,0.5272766395409582,0.09872801381937116
25862,GOF,0.08320125284697655,0.7543450229712971,0.16245372418172638
25863,GOF,0.08583039136658586,0.7551669900308174,0.15900261860259662
25864,GOF,0.19277528309524924,0.719969465224768,0.08725525167998274
25865,GOF,0.07609242699203336,0.77817972412896,0.1457278488790066
25866,GOF,0.06122145094116654,0.7804621082948212,0.15831644076401222
25867,GOF,0.08180899526913239,0.7941846110672695,0.12400639366359809
25868,GOF,0.28535870129910096,0.591921292165625,0.12272000653527411
25869,Neutral,0.7150153680089271,0.23862683667672024,0.046357795314352815
25870,LOF,0.34335415228295,0.23731024762022043,0.4193356000968295
25871,GOF,0.2258208730286435,0.5825511337722654,0.19162799319909102
25872,GOF,0.09417985391323198,0.5547692855514584,0.3510508605353095
25873,GOF,0.17450432233121901,0.5460941680721159,0.2794015095966651
25874,LOF,0.024238151722751552,0.08663234714546697,0.8891295011317816
25875,LOF,0.08988891157729872,0.06477962079604478,0.8453314676266566
25876,LOF,0.03058912985449481,0.047285855869842096,0.9221250142756632
25877,Neutral,0.5242308620598478,0.07651034801165225,0.39925878992850006
25878,LOF,0.24634767401398183,0.13014751042631817,0.6235048155597
25879,LOF,0.09416979122809227,0.12957744576047064,0.776252763011437
25880,LOF,0.02411675148095867,0.02127064928544496,0.9546125992335963
25881,LOF,0.18755173601161382,0.18130467187064564,0.6311435921177404
25882,LOF,0.08559047766265113,0.024585288011329764,0.8898242343260192
25883,LOF,0.0865903494694638,0.032539730068231576,0.8808699204623047
25884,LOF,0.04493901337606958,0.045515626181241296,0.9095453604426891
25885,LOF,0.07237009335775645,0.013798788113366538,0.913831118528877
25886,LOF,0.38381434056729385,0.061030270615081206,0.5551553888176249
25887,LOF,0.18515905669362923,0.1287876438389129,0.686053299467458
25888,LOF,0.07190357819637597,0.09314233475546496,0.8349540870481591
25889,LOF,0.05497752088940871,0.030902774420767654,0.9141197046898235
25890,LOF,0.05393510418154611,0.15683973515608984,0.7892251606623641
25891,LOF,0.04256258742548614,0.06148949294151128,0.8959479196330026
25892,LOF,0.10614606568394334,0.020354502046622997,0.8734994322694337
25893,LOF,0.28575935193409474,0.015832335717477976,0.6984083123484274
25894,LOF,0.17999460029424347,0.00883924497681388,0.8111661547289427
25895,LOF,0.20409995523016147,0.018301583242889653,0.7775984615269489
25896,LOF,0.05019350427338598,0.02253798048218212,0.9272685152444319
25897,LOF,0.23105808853522658,0.013920233804063794,0.7550216776607097
25898,Neutral,0.7054330998251757,0.00944777252724727,0.28511912764757713
25899,LOF,0.27321447498943635,0.027049515794723422,0.6997360092158402
25900,LOF,0.4758336338425412,0.01460726226917294,0.5095591038882858
25901,LOF,0.05887458404381595,0.01158026416258213,0.9295451517936019
25902,LOF,0.1873288370293024,0.010965131889108519,0.8017060310815891
25903,Neutral,0.5319943313579745,0.02638054080330594,0.4416251278387195
25904,LOF,0.27911257458818634,0.04301717409375622,0.6778702513180574
25905,LOF,0.02581871856780674,0.34825673722408435,0.625924544208109
25906,LOF,0.02264142966709985,0.06485572528473589,0.9125028450481641
25907,LOF,0.014764250563472385,0.31806040648246703,0.6671753429540606
25908,LOF,0.011572777253154708,0.22698436359682486,0.7614428591500203
25909,LOF,0.014043993544251877,0.15762719917406892,0.8283288072816792
25910,LOF,0.046058698562791295,0.11261412311705198,0.8413271783201568
25911,LOF,0.11443821084979999,0.0341930234413884,0.8513687657088116
25912,LOF,0.033078620961732606,0.058688112171283995,0.9082332668669835
25913,LOF,0.25921850659507456,0.028070265087422393,0.712711228317503
25914,LOF,0.02685067506347374,0.11788229471198987,0.8552670302245363
25915,Neutral,0.409536629529953,0.2692990434161611,0.32116432705388576
25916,LOF,0.07419410698934095,0.278548548832099,0.64725734417856
25917,LOF,0.07079891882468566,0.06386918350167727,0.8653318976736372
25918,LOF,0.036075702161153016,0.07520026228149766,0.8887240355573494
25919,LOF,0.030304340852900263,0.08031638250565605,0.8893792766414437
25920,GOF,0.09450255396716759,0.5163293307177413,0.38916811531509105
25921,LOF,0.035105751517978255,0.022568508838119956,0.9423257396439018
25922,LOF,0.04590440598792733,0.014226063528607074,0.9398695304834656
25923,LOF,0.3932800690600672,0.016252903466009397,0.5904670274739234
25924,LOF,0.041883394347425745,0.023632076291893362,0.9344845293606809
25925,LOF,0.07272913053668084,0.025285507839464573,0.9019853616238547
25926,LOF,0.05060424532178138,0.017836674050023503,0.9315590806281951
25927,LOF,0.08240237402954871,0.04431962818661425,0.8732779977838372
25928,LOF,0.02674822398114848,0.02052563401576467,0.9527261420030869
25929,Neutral,0.5216275508875319,0.01811852599777831,0.4602539231146898
25930,LOF,0.059845357747176926,0.012430611466717648,0.9277240307861054
25931,LOF,0.03412548488638521,0.017086019570018804,0.9487884955435959
25932,LOF,0.029227435477806776,0.014085249835482153,0.956687314686711
25933,LOF,0.04137162883056514,0.009092694963504764,0.94953567620593
25934,LOF,0.02521429665797368,0.010874654727300455,0.9639110486147258
25935,LOF,0.06825677219294027,0.03064635741265154,0.9010968703944082
25936,LOF,0.049219800163288786,0.013192428295420805,0.9375877715412904
25937,LOF,0.03167931525306957,0.02022491164053541,0.9480957731063949
25938,LOF,0.06969802199128623,0.031142356480584294,0.8991596215281294
25939,LOF,0.041578887192246054,0.008479558751811738,0.9499415540559422
25940,LOF,0.02851659473857234,0.3736121062348416,0.5978712990265861
25941,LOF,0.14021729063333088,0.09625335330238545,0.7635293560642837
25942,LOF,0.01314425025659753,0.03852862749194971,0.9483271222514527
25943,LOF,0.31425455494799265,0.05682269970859669,0.6289227453434106
25944,Neutral,0.4939106557212146,0.03507464798886316,0.4710146962899224
25945,LOF,0.06010493347966261,0.021099984858919313,0.918795081661418
25946,LOF,0.03165560765688497,0.14983069923115394,0.818513693111961
25947,LOF,0.12197610531163695,0.22970715137660427,0.6483167433117588
25948,LOF,0.46764988671261737,0.016285225647552002,0.5160648876398306
25949,LOF,0.09027832820977302,0.06664228423632218,0.8430793875539047
25950,GOF,0.2759354981541623,0.40863644980414054,0.31542805204169716
25951,LOF,0.2371143696311899,0.20322366268167613,0.5596619676871339
25952,LOF,0.060918187595008146,0.40414734914142153,0.5349344632635703
25953,LOF,0.14238611139176643,0.08438712011444327,0.7732267684937904
25954,LOF,0.39393936780346306,0.20986045085728616,0.3962001813392508
25955,LOF,0.05999786694002004,0.08065106776192418,0.8593510652980557
25956,LOF,0.23209994042764537,0.06044975738929249,0.7074503021830622
25957,LOF,0.04355345417539866,0.027968604655201908,0.9284779411693995
25958,LOF,0.05429372998440006,0.027038044500757433,0.9186682255148426
25959,LOF,0.07841345597529986,0.272097885353332,0.6494886586713682
25960,LOF,0.022739208884717633,0.057840339174517,0.9194204519407654
25961,LOF,0.04562960426581285,0.03412946650538748,0.9202409292287995
25962,LOF,0.05647982742826903,0.02963290940082457,0.9138872631709064
25963,LOF,0.05349223889264069,0.17030858680050556,0.7761991743068537
25964,LOF,0.03580105790209199,0.119914111984866,0.844284830113042
25965,LOF,0.41284323980308346,0.07731674497790486,0.5098400152190116
25966,Neutral,0.3909205942049561,0.2329869525303886,0.3760924532646554
25967,LOF,0.011388832418570962,0.08572370777623371,0.9028874598051952
25968,LOF,0.03634916283860845,0.4095251546052219,0.5541256825561697
25969,LOF,0.022554512219661833,0.05698374357408047,0.9204617442062578
25970,LOF,0.05854684750235832,0.057660791941163636,0.883792360556478
25971,LOF,0.07612233556383279,0.021190059931317,0.9026876045048503
25972,LOF,0.07843500303916454,0.027218789995511708,0.8943462069653239
25973,LOF,0.07977354074552219,0.009590513095569833,0.9106359461589079
25974,LOF,0.21817855452743132,0.0202606295977949,0.7615608158747738
25975,LOF,0.04402877336405347,0.03163643428652985,0.9243347923494166
25976,LOF,0.040041964729870705,0.01915467066956785,0.9408033646005614
25977,LOF,0.1460941114781486,0.09667069513571122,0.7572351933861403
25978,LOF,0.10786991031635446,0.08686847242827016,0.8052616172553754
25979,LOF,0.109906962631316,0.08206178323065053,0.8080312541380336
25980,LOF,0.13309251375515233,0.12669415321297647,0.7402133330318712
25981,LOF,0.16199069865486435,0.12298872391499174,0.7150205774301439
25982,LOF,0.3431911357584838,0.06894656287222603,0.5878623013692902
25983,LOF,0.33984604581738986,0.06716514394331692,0.5929888102392932
25984,LOF,0.05663247290859037,0.07797038657282537,0.8653971405185842
25985,LOF,0.023549528991717125,0.2857626790463712,0.6906877919619117
25986,LOF,0.034618578365367046,0.2711631647426543,0.6942182568919786
25987,LOF,0.07724673339065634,0.09726023624234206,0.8254930303670016
25988,LOF,0.12395716436427506,0.08298038901104646,0.7930624466246786
25989,LOF,0.02993303710346739,0.14304473439736473,0.827022228499168
25990,LOF,0.04142458086855713,0.13459690400110344,0.8239785151303395
25991,GOF,0.17480361900390892,0.4632308936530801,0.3619654873430109
25992,LOF,0.3475249929507344,0.282680928023566,0.36979407902569955
25993,LOF,0.024813009862428785,0.09165688983140251,0.8835301003061687
25994,LOF,0.0179154463408566,0.12091882352587119,0.8611657301332722
25995,LOF,0.026747097317489144,0.18625130017178396,0.7870016025107268
25996,GOF,0.22710149136531202,0.599026622601232,0.17387188603345596
25997,GOF,0.09897672702174987,0.5708279076066759,0.3301953653715741
25998,Neutral,0.5633769657627993,0.015944654589457683,0.420678379647743
25999,LOF,0.12105421580932804,0.1374214916318865,0.7415242925587855
26000,LOF,0.13270007681440898,0.031452747112055514,0.8358471760735355
26001,LOF,0.17621871360742578,0.03205578441965996,0.7917255019729142
26002,LOF,0.13538502121148013,0.03620637933327586,0.8284085994552439
26003,GOF,0.0095531235723487,0.6644164620471108,0.32603041438054053
26004,GOF,0.023596026022098072,0.7315808396924521,0.24482313428544994
26005,GOF,0.00879395121431011,0.5411978012562034,0.4500082475294864
26006,Neutral,0.490845801886015,0.2912291092118038,0.21792508890218126
26007,GOF,0.01674555562505319,0.5967995626807802,0.38645488169416664
26008,GOF,0.02115974766627328,0.6169016489685547,0.3619386033651721
26009,GOF,0.02369001680635745,0.662148313830873,0.3141616693627695
26010,GOF,0.02342042437815061,0.7117379610379158,0.2648416145839336
26011,GOF,0.008126546460634222,0.5442917260074561,0.44758172753190967
26012,GOF,0.016457435514660897,0.63250902664129,0.35103353784404917
26013,GOF,0.017057751513944626,0.6851799876463307,0.2977622608397247
26014,LOF,0.04637284428908966,0.15782440323221514,0.7958027524786953
26015,LOF,0.17781959688064883,0.0095480317176122,0.8126323714017389
26016,LOF,0.18257946940214603,0.057442076723179206,0.7599784538746747
26017,LOF,0.1599184890312525,0.09779956551054607,0.7422819454582015
26018,LOF,0.06514704191159706,0.04218045073136401,0.8926725073570391
26019,LOF,0.06270901204248604,0.029223462285683954,0.90806752567183
26020,LOF,0.04507205759612488,0.13211638787442181,0.8228115545294533
26021,LOF,0.038671485344674676,0.15237067358024356,0.8089578410750817
26022,LOF,0.009419095593731526,0.0519422601622433,0.9386386442440252
26023,LOF,0.08652628568217927,0.026921954666051618,0.8865517596517691
26024,LOF,0.023302403832693833,0.12774031129238184,0.8489572848749244
26025,LOF,0.14040798558505657,0.10424002692644364,0.7553519874884999
26026,LOF,0.2679012816306707,0.019092876911198924,0.7130058414581304
26027,LOF,0.0639140377031633,0.021967665030957248,0.9141182972658796
26028,LOF,0.16224319299080103,0.08635638679072923,0.7514004202184698
26029,LOF,0.08189458212896923,0.16163411650736784,0.7564713013636629
26030,LOF,0.0306809348349913,0.05789065526834212,0.9114284098966665
26031,LOF,0.03325533147990947,0.1253425737650347,0.8414020947550558
26032,LOF,0.07439637282487754,0.05353580280771004,0.8720678243674125
26033,LOF,0.12265244964945744,0.061328471212732626,0.8160190791378098
26034,LOF,0.04951665943587463,0.13052443741202893,0.8199589031520964
26035,LOF,0.034143098078592754,0.1137419397628064,0.8521149621586009
26036,LOF,0.0484095575983157,0.1370276586430093,0.814562783758675
26037,LOF,0.028299488936837435,0.10215956106271835,0.8695409500004442
26038,LOF,0.07114022386336873,0.0529553194930597,0.8759044566435716
26039,LOF,0.06604169292815977,0.12296338246830699,0.8109949246035332
26040,LOF,0.20424833695526518,0.09889529616347366,0.6968563668812612
26041,LOF,0.02896117229240564,0.09698910723340344,0.8740497204741908
26042,LOF,0.027745475331133765,0.09854325506391934,0.8737112696049469
26043,LOF,0.06909739730589336,0.06901952623384851,0.8618830764602582
26044,LOF,0.02465782761296002,0.0762002724029978,0.8991418999840421
26045,LOF,0.08637928821077182,0.09426230164081079,0.8193584101484174
26046,LOF,0.07267214539363703,0.07330150214162036,0.8540263524647426
26047,LOF,0.10127739300244483,0.08637151567438374,0.8123510913231714
26048,LOF,0.04496213904326924,0.058659607655860056,0.8963782533008707
26049,Neutral,0.9562489010272739,0.008151768561014261,0.03559933041171177
26050,Neutral,0.937118310754867,0.009046116688404736,0.05383557255672841
26051,LOF,0.04549057875768776,0.42041136734178214,0.5340980539005301
26052,LOF,0.06317379042561602,0.41101288510958534,0.5258133244647987
26053,LOF,0.06471653655376217,0.14903740947864685,0.786246053967591
26054,LOF,0.06174734661565124,0.04279156034995205,0.8954610930343967
26055,LOF,0.07977958623041341,0.02857755226023586,0.8916428615093507
26056,LOF,0.06631220412186328,0.03508757432187651,0.8986002215562603
26057,LOF,0.031994206478179577,0.016360346305513522,0.951645447216307
26058,LOF,0.03261464026227666,0.014324754929721597,0.9530606048080017
26059,LOF,0.28703180493772973,0.05205628654041049,0.6609119085218599
26060,LOF,0.02944066861793079,0.26814855392690656,0.7024107774551626
26061,LOF,0.02017913160048303,0.01644315480122715,0.9633777135982898
26062,LOF,0.01199504504110146,0.024182316893302143,0.9638226380655964
26063,LOF,0.022504178939225353,0.014949179016809989,0.9625466420439646
26064,LOF,0.026280276314081814,0.02105083951815459,0.9526688841677636
26065,LOF,0.02555484546718741,0.019997992098494333,0.9544471624343184
26066,LOF,0.020101263644686344,0.016610079458473412,0.9632886568968403
26067,LOF,0.02639762937328898,0.013019807376603163,0.9605825632501079
26068,LOF,0.0520329022704184,0.05822732759816925,0.8897397701314124
26069,LOF,0.2744490137837546,0.038714234267761,0.6868367519484844
26070,LOF,0.4239054401625162,0.02541068859474893,0.5506838712427348
26071,LOF,0.022031378725071132,0.018694867000886566,0.9592737542740423
26072,LOF,0.026215661550617827,0.02625025146121417,0.9475340869881681
26073,LOF,0.023860842652919843,0.015376015803453956,0.9607631415436262
26074,Neutral,0.9128251503274052,0.00794702616375212,0.07922782350884273
26075,LOF,0.04608404623677781,0.023915588813782532,0.9300003649494397
26076,LOF,0.045108024948821275,0.015234335067223043,0.9396576399839558
26077,LOF,0.010146604946289188,0.02811873250352174,0.961734662550189
26078,LOF,0.015383357478452457,0.017845199103489872,0.9667714434180578
26079,LOF,0.05870416824516286,0.0305191379606255,0.9107766937942117
26080,LOF,0.05682861946901353,0.030491049532008044,0.9126803309989784
26081,LOF,0.03731200038496091,0.011291252387993148,0.9513967472270459
26082,LOF,0.019899901597205494,0.028244459459711282,0.9518556389430832
26083,LOF,0.13615831690797375,0.019695317728333713,0.8441463653636925
26084,LOF,0.026754251733411453,0.025071172972121667,0.9481745752944668
26085,LOF,0.02199692438450301,0.023505446066544776,0.9544976295489521
26086,LOF,0.024216539780160196,0.018019780727876192,0.9577636794919635
26087,LOF,0.025361475458259553,0.012636948669214281,0.9620015758725262
26088,LOF,0.01857150671739749,0.03281256638717367,0.9486159268954287
26089,LOF,0.04919181751669016,0.040286181267907735,0.9105220012154022
26090,LOF,0.04773388001959994,0.03091446281767576,0.9213516571627244
26091,LOF,0.04186357575603829,0.010597841104240403,0.9475385831397213
26092,LOF,0.02530326913736064,0.01284189153404078,0.9618548393285987
26093,LOF,0.03776987448647774,0.009612304164070558,0.9526178213494516
26094,LOF,0.042098654410103006,0.010824725173957503,0.9470766204159395
26095,LOF,0.05684568648724916,0.022036087971295987,0.9211182255414547
26096,LOF,0.022614205887063914,0.015361842133592835,0.9620239519793432
26097,LOF,0.010634331921221539,0.05925850222834465,0.9301071658504338
26098,LOF,0.08053199325999917,0.023777114845705823,0.8956908918942951
26099,LOF,0.025035197636033565,0.023560295961631277,0.9514045064023353
26100,LOF,0.027545981559128324,0.022205400217582355,0.9502486182232894
26101,LOF,0.05572051044714989,0.0213340740632597,0.9229454154895904
26102,LOF,0.026191082291243846,0.017294578778240484,0.9565143389305157
26103,Neutral,0.8907966364746095,0.03205057647974644,0.0771527870456439
26104,LOF,0.0689386450473953,0.057940655881522383,0.8731206990710823
26105,LOF,0.22592234321392476,0.2516420740810563,0.5224355827050189
26106,LOF,0.20474297547773618,0.13584581007204505,0.6594112144502189
26107,LOF,0.2693981996629396,0.10763435936296832,0.6229674409740922
26108,LOF,0.24419614294203107,0.16678969883572473,0.5890141582222442
26109,LOF,0.08030374612425295,0.1282050645361893,0.7914911893395578
26110,LOF,0.2673734791430942,0.007258170832994596,0.7253683500239112
26111,LOF,0.4641185424500257,0.01740393593066172,0.5184775216193126
26112,LOF,0.03618660745143897,0.008465540127959649,0.9553478524206014
26113,LOF,0.0559324222622925,0.0147383634381596,0.929329214299548
26114,LOF,0.016210038966402933,0.021575578658376615,0.9622143823752205
26115,LOF,0.07217133308438839,0.04851228969989597,0.8793163772157155
26116,LOF,0.03910240219090813,0.03776573357861229,0.9231318642304797
26117,LOF,0.40299769617405223,0.05410532585033047,0.5428969779756173
26118,LOF,0.04299425470372343,0.03314468214814832,0.9238610631481283
26119,LOF,0.026040032750447913,0.04451436288955332,0.9294456043599989
26120,LOF,0.031866091882013586,0.02528053140313686,0.9428533767148496
26121,LOF,0.061017036491173106,0.07936473465514253,0.8596182288536844
26122,LOF,0.058286679931376865,0.03622681921074052,0.9054865008578825
