feature0,prediction,LoGoFunc_Neutral,LoGoFunc_GOF,LoGoFunc_LOF
25546,Neutral,0.6789308414672172,0.0606098125760436,0.2604593459567392
25547,Neutral,0.5137483813208309,0.10874352320790738,0.37750809547126174
25548,Neutral,0.515329352790077,0.09346496725349374,0.3912056799564293
25549,LOF,0.4368090905523221,0.09479469377476417,0.46839621567291373
25550,LOF,0.3731918448442371,0.13510481523379705,0.4917033399219658
25551,LOF,0.31199566363408704,0.14470212375686137,0.5433022126090516
25552,LOF,0.25223688211266654,0.13493008914897195,0.6128330287383615
25553,Neutral,0.8183152610460773,0.04436613008797866,0.13731860886594402
25554,LOF,0.294641618259896,0.12237793888055755,0.5829804428595464
25555,LOF,0.2475749128126654,0.11494333024567184,0.6374817569416626
25556,LOF,0.4443466014645659,0.10378929428558555,0.4518641042498486
25557,LOF,0.2290479174053068,0.12037755111163692,0.6505745314830563
25558,LOF,0.2898661441639053,0.12165323821899808,0.5884806176170966
25559,LOF,0.1693982894596144,0.11723413652570165,0.7133675740146839
25560,LOF,0.16065138291887948,0.1012672378860008,0.7380813791951197
25561,LOF,0.15803889298750257,0.11112610450338194,0.7308350025091154
25562,LOF,0.07118472924461235,0.07826188482013526,0.8505533859352523
25563,LOF,0.02117327596770406,0.10780591360091371,0.8710208104313822
25564,LOF,0.22319802237728958,0.10301186417626947,0.673790113446441
25565,LOF,0.21962331420785935,0.12874609454718822,0.6516305912449525
25566,GOF,0.08925201337442783,0.7081870439253551,0.20256094270021696
25567,LOF,0.03715654894851067,0.11924613560644509,0.8435973154450442
25568,LOF,0.058928209148505314,0.06859077414237713,0.8724810167091175
25569,LOF,0.0614577670935945,0.0706322620627327,0.8679099708436728
25570,LOF,0.02608843495612775,0.09717893047541348,0.8767326345684587
25571,LOF,0.02540186498445267,0.1032949133700242,0.8713032216455231
25572,LOF,0.05991109030399002,0.11981987546342643,0.8202690342325836
25573,LOF,0.05569468664435172,0.08358248830564742,0.860722825050001
25574,LOF,0.05639597291625098,0.17385844787441798,0.7697455792093311
25575,LOF,0.022902617464804494,0.1192462173025864,0.8578511652326091
25576,LOF,0.03369045488981895,0.1551527021923159,0.811156842917865
25577,LOF,0.029297457201124085,0.10994440162626792,0.8607581411726081
25578,LOF,0.2998205492860679,0.07376807303943184,0.6264113776745004
25579,LOF,0.1326906082949919,0.08105186005381955,0.7862575316511885
25580,LOF,0.019552482999312937,0.0792948257436161,0.901152691257071
25581,LOF,0.056085666589013546,0.06437942608627438,0.8795349073247121
25582,LOF,0.055934140918180754,0.06316645341202567,0.8808994056697935
25583,LOF,0.020188149978703916,0.0822819995999277,0.8975298504213683
25584,Neutral,0.6779417943967266,0.09912237640879618,0.22293582919447705
25585,LOF,0.03360122954397141,0.11747034074273768,0.8489284297132909
25586,LOF,0.017771716432083275,0.0646740594535458,0.9175542241143709
25587,LOF,0.017025534659232292,0.06006735288492206,0.9229071124558457
25588,LOF,0.02059890399057568,0.0683103190360104,0.9110907769734139
25589,Neutral,0.5268400483015403,0.1795410019002145,0.2936189497982452
25590,LOF,0.050125678401768854,0.10212035319671994,0.8477539684015112
25591,LOF,0.09830647436690615,0.05456032518720843,0.8471332004458855
25592,LOF,0.057939148542377805,0.1201598056245888,0.8219010458330335
25593,LOF,0.13146717795161203,0.23594536278776762,0.6325874592606204
25594,LOF,0.04626830078744038,0.1109512275807166,0.842780471631843
25595,LOF,0.04498587482462388,0.07824119459995256,0.8767729305754236
25596,LOF,0.10741979103798119,0.04257749503194248,0.8500027139300762
25597,LOF,0.07998718611942077,0.05033681202456085,0.8696760018560183
25598,LOF,0.048465498543946106,0.08171898401970384,0.8698155174363501
25599,GOF,0.022638995199042007,0.5207227227921496,0.4566382820088084
25600,GOF,0.18834266511428843,0.5032736101396549,0.3083837247460567
25601,LOF,0.04209915118979406,0.3833009187847182,0.5745999300254877
25602,LOF,0.032455296104816074,0.05917246503104421,0.9083722388641396
25603,LOF,0.036137071443037086,0.031380938297514135,0.9324819902594488
25604,LOF,0.038808707568223966,0.06399454185126849,0.8971967505805075
25605,LOF,0.04253258657798974,0.18031771120235646,0.7771497022196538
25606,LOF,0.4179844548171537,0.09735683073644853,0.48465871444639785
25607,LOF,0.02475500649352713,0.17142225976096506,0.8038227337455078
25608,LOF,0.03119387427963396,0.07166255356338976,0.8971435721569764
25609,GOF,0.15616278700584596,0.5296362454486618,0.31420096754549215
25610,LOF,0.015355295114609745,0.025971529113605746,0.9586731757717846
25611,LOF,0.015064587905231871,0.0319217727000284,0.9530136393947397
25612,LOF,0.05323538891292217,0.03779414289248151,0.9089704681945963
25613,LOF,0.04803846116675822,0.038477202964681025,0.9134843358685608
25614,LOF,0.02208417209530026,0.026004692188475897,0.9519111357162239
25615,LOF,0.04530780846562776,0.033760399393153444,0.9209317921412187
25616,LOF,0.045584570733219705,0.024838783913510624,0.9295766453532697
25617,LOF,0.0426517224466237,0.03235233842515303,0.9249959391282232
25618,LOF,0.052235626656264224,0.030688613143563425,0.9170757602001722
25619,LOF,0.015450865155463712,0.028648750351735187,0.955900384492801
25620,LOF,0.06164984915213922,0.037109558491677255,0.9012405923561836
25621,LOF,0.050613552553542815,0.028771165857071422,0.9206152815893858
25622,LOF,0.05988403074918828,0.029797186624958217,0.9103187826258534
25623,LOF,0.07362998666474402,0.028045342015196692,0.8983246713200593
25624,LOF,0.018851020494406286,0.033709778939202587,0.9474392005663912
25625,LOF,0.06482591788979926,0.03695758666467003,0.8982164954455307
25626,LOF,0.04744830743282782,0.035262282398365305,0.9172894101688069
25627,Neutral,0.8894284157809191,0.020563741822093504,0.09000784239698739
25628,LOF,0.13987862502780815,0.05913590067397654,0.8009854742982152
25629,LOF,0.06465340449758653,0.03931555001497955,0.896031045487434
25630,LOF,0.2682327014844362,0.07423075790349616,0.6575365406120677
25631,Neutral,0.5550423218827644,0.060127998688583977,0.38482967942865154
25632,LOF,0.02806231188503598,0.05873668488963502,0.9132010032253289
25633,LOF,0.18582867016774918,0.035410960766905177,0.7787603690653457
25634,LOF,0.03423101804024478,0.07721970659745904,0.8885492753622962
25635,LOF,0.037665763814578306,0.04192521115302019,0.9204090250324015
25636,LOF,0.03721495903820742,0.46429106714064294,0.49849397382114974
25637,LOF,0.06208285018952751,0.4571142778134246,0.48080287199704785
25638,LOF,0.03817300274161531,0.2851794445880794,0.6766475526703052
25639,LOF,0.032475008606681705,0.340560755937972,0.6269642354553463
25640,Neutral,0.8017399728379163,0.15199917889116743,0.04626084827091624
25641,LOF,0.049588788162026005,0.4173137264835952,0.5330974853543787
25642,LOF,0.03868081335729593,0.1523827132351225,0.8089364734075816
25643,LOF,0.22910357293725722,0.17200585028653173,0.598890576776211
25644,LOF,0.01896038434782029,0.4540672380038033,0.5269723776483763
25645,LOF,0.019334126534225563,0.4103727308682522,0.5702931425975222
25646,LOF,0.054058235761205414,0.34425181938980287,0.6016899448489916
25647,LOF,0.021883336670916465,0.25786346301511165,0.7202532003139719
25648,LOF,0.028429676828036387,0.23696991701242145,0.7346004061595421
25649,LOF,0.015458870876297088,0.23715677490406178,0.7473843542196411
25650,LOF,0.045225960286854563,0.40698634394049077,0.5477876957726546
25651,LOF,0.016137889715178884,0.2748185443702167,0.7090435659146045
25652,LOF,0.028855073097890878,0.26213218843057756,0.7090127384715316
25653,LOF,0.07008480430024486,0.3976657764545106,0.5322494192452445
25654,LOF,0.02311291753734125,0.20094888336195008,0.7759381991007087
25655,LOF,0.20892553757414978,0.3780265893993052,0.41304787302654505
25656,LOF,0.294831418614088,0.04879435695157279,0.6563742244343392
25657,LOF,0.08039788403307019,0.05869422709258452,0.8609078888743453
25658,LOF,0.3695220849247641,0.05087738320158716,0.5796005318736487
25659,Neutral,0.5278407820369401,0.07339135262739581,0.3987678653356642
25660,LOF,0.02505336324488549,0.0747392321835609,0.9002074045715536
25661,LOF,0.09940902297792359,0.052590764638357705,0.8480002123837188
25662,LOF,0.033048379955724815,0.030895825192643424,0.9360557948516317
25663,LOF,0.040396651518392675,0.044557714796651715,0.9150456336849556
25664,LOF,0.1321212069528872,0.051327846705107726,0.8165509463420051
25665,LOF,0.05072678238551494,0.02995108866196489,0.9193221289525202
25666,LOF,0.08968829197737185,0.0672318208674183,0.84307988715521
25667,LOF,0.06880195723328708,0.03748535515294191,0.893712687613771
25668,LOF,0.03687171169298424,0.04453128360953947,0.9185970046974763
25669,LOF,0.03599803709289899,0.051762488843735424,0.9122394740633656
25670,LOF,0.13816937302861862,0.046878305841700475,0.814952321129681
25671,LOF,0.10003477429243852,0.03028574260838166,0.8696794830991798
25672,LOF,0.05158233840613878,0.04204506319830865,0.9063725983955525
25673,LOF,0.08273063957981659,0.038396004615402386,0.8788733558047811
25674,LOF,0.06992658671170743,0.050605311962576775,0.8794681013257158
25675,LOF,0.11918490067078963,0.045791134342920106,0.8350239649862902
25676,LOF,0.018454126963440037,0.04824431385870003,0.93330155917786
25677,LOF,0.025759242085119066,0.061352752851682055,0.9128880050631989
25678,LOF,0.1816552214912524,0.05745380193680185,0.7608909765719458
25679,LOF,0.1324594196258512,0.07961570092619248,0.7879248794479564
25680,LOF,0.029927962363665243,0.10229417746598028,0.8677778601703545
25681,LOF,0.04959285054357267,0.09546777392554795,0.8549393755308794
25682,LOF,0.1431547647831532,0.059768067435129336,0.7970771677817174
25683,LOF,0.12219329939788101,0.08155571784431084,0.796250982757808
25684,LOF,0.04283185461129673,0.060326118843916345,0.8968420265447871
25685,LOF,0.13403504099263405,0.04677197038572981,0.8191929886216361
25686,LOF,0.06544226165199102,0.08796700174683167,0.8465907366011773
25687,LOF,0.09864470075782712,0.07901280161724333,0.8223424976249295
25688,LOF,0.29846089621601946,0.036038669677561155,0.6655004341064195
25689,LOF,0.21306875177092527,0.04293487531059148,0.7439963729184833
25690,LOF,0.3621903871465065,0.03204873367135836,0.6057608791821352
25691,Neutral,0.7096323328083068,0.022530438790674467,0.26783722840101865
25692,LOF,0.2876378407456799,0.010496623722546058,0.701865535531774
25693,LOF,0.047556770829302895,0.46981323056732327,0.4826299986033739
25694,LOF,0.12111540950355003,0.021951189450132334,0.8569334010463178
25695,LOF,0.12132409936165346,0.01932769239682384,0.8593482082415226
25696,LOF,0.12388547675473048,0.011256689343821829,0.8648578339014477
25697,LOF,0.13259353513204336,0.0247811123575249,0.8426253525104317
25698,LOF,0.352562128908739,0.23273808110360056,0.41469978998766044
25699,LOF,0.41054415183478554,0.04316357537886674,0.5462922727863477
25700,LOF,0.0524222022554389,0.008999636295816208,0.9385781614487448
25701,LOF,0.15041838546276162,0.054420882109749116,0.7951607324274893
25702,GOF,0.15535804971320735,0.5695763624495841,0.2750655878372086
25703,LOF,0.017955326723305756,0.16166507684581471,0.8203795964308797
25704,LOF,0.04893267632226877,0.11547077616844072,0.8355965475092906
25705,LOF,0.05760294372195243,0.17723953320577623,0.7651575230722715
25706,LOF,0.0970708616088102,0.3559439147873824,0.5469852236038074
25707,LOF,0.09253769053451959,0.2623804351932183,0.645081874272262
25708,LOF,0.02859426360378222,0.2549812807028082,0.7164244556934096
25709,LOF,0.058539752258592655,0.04261762585485494,0.8988426218865523
25710,LOF,0.01153628230711767,0.12608495249530155,0.8623787651975807
25711,LOF,0.01821976506745893,0.09193810045147562,0.8898421344810654
25712,LOF,0.013128818239936873,0.16894162499878485,0.8179295567612783
25713,LOF,0.018094920619094113,0.08055664565404609,0.9013484337268598
25714,LOF,0.0690236680440632,0.07625956879403221,0.8547167631619046
25715,LOF,0.009960337595097124,0.13951707452663448,0.8505225878782685
25716,LOF,0.014285418011515163,0.11635611270301606,0.8693584692854688
25717,LOF,0.01252180280040956,0.07881857920078571,0.9086596179988047
25718,LOF,0.011217303970764647,0.10309998072039499,0.8856827153088404
25719,LOF,0.017580537299207166,0.0842073538945657,0.8982121088062271
25720,LOF,0.020686120764307713,0.06876670704350263,0.9105471721921896
25721,LOF,0.015378853862931318,0.0989399817792803,0.8856811643577884
25722,LOF,0.013415599978461512,0.1162892715495517,0.8702951284719868
25723,LOF,0.021868397661308492,0.045825603408820595,0.9323059989298709
25724,LOF,0.02283141916550302,0.08159013993553113,0.8955784408989659
25725,LOF,0.011551169241952288,0.06921009122584548,0.9192387395322023
25726,LOF,0.014100562556946434,0.09548740876152072,0.8904120286815329
25727,LOF,0.012903975492736777,0.08179057241120863,0.9053054520960547
25728,LOF,0.009325222741290034,0.10696294272952077,0.8837118345291893
25729,LOF,0.00970030305486704,0.10191004469593813,0.8883896522491949
25730,LOF,0.012988770449789886,0.07784123398334114,0.909169995566869
25731,LOF,0.021169535150068648,0.10873335714490065,0.8700971077050307
25732,LOF,0.014638381095453606,0.08933367145649736,0.8960279474480489
25733,LOF,0.015334108188801862,0.07483689272694803,0.9098289990842501
25734,LOF,0.013284909418354285,0.12016753138545691,0.8665475591961889
25735,LOF,0.01268524293482653,0.08248986553881116,0.9048248915263623
25736,LOF,0.013603963583815463,0.11812141491266512,0.8682746215035194
25737,LOF,0.01994933142286205,0.08830838250168509,0.8917422860754528
25738,LOF,0.012815367728567069,0.12042378559966864,0.8667608466717643
25739,LOF,0.019360698582572784,0.08430739667498972,0.8963319047424375
25740,LOF,0.02615860511110052,0.0985286292322792,0.8753127656566202
25741,LOF,0.013979751590208358,0.10740975420383832,0.8786104942059534
25742,LOF,0.11177043644750845,0.07872865798807076,0.8095009055644208
25743,LOF,0.0356128678839239,0.027611965236996716,0.9367751668790794
25744,Neutral,0.6164742718002696,0.19928463718360048,0.18424109101613007
25745,LOF,0.08235207300968361,0.06819613839669966,0.8494517885936168
25746,LOF,0.037804010387684495,0.08043958900703899,0.8817564006052766
25747,LOF,0.023388668320948387,0.039863283682220516,0.9367480479968311
25748,LOF,0.09878754891682047,0.054901818110466266,0.8463106329727133
25749,LOF,0.026023002436896796,0.07561696514319285,0.8983600324199102
25750,LOF,0.08338583235424048,0.08046659992818045,0.8361475677175791
25751,LOF,0.0898134138948704,0.05489603805241993,0.8552905480527097
25752,GOF,0.11089719482127884,0.6449792253411265,0.24412357983759472
25753,LOF,0.019766627709485198,0.2729082285355956,0.7073251437549193
25754,GOF,0.010505762085710782,0.7640268349316764,0.2254674029826127
25755,LOF,0.022656302402185753,0.3740968907202644,0.60324680687755
25756,LOF,0.04279744887631618,0.3585264875923162,0.5986760635313676
25757,GOF,0.01391634932669163,0.8417968599316057,0.1442867907417027
25758,GOF,0.028672814708102713,0.831695137141056,0.13963204815084124
25759,GOF,0.012226310200402555,0.5360702059152953,0.4517034838843022
25760,LOF,0.013485368833198182,0.2314597475517714,0.7550548836150305
25761,GOF,0.2852951268377021,0.6191384121429887,0.09556646101930923
25762,LOF,0.03751189263504587,0.2540891185365133,0.7083989888284409
25763,LOF,0.013723460171152306,0.1975118286919564,0.7887647111368912
25764,GOF,0.07332103755186928,0.6344434815160835,0.29223548093204715
25765,GOF,0.04781336455033817,0.7433849604950764,0.2088016749545855
25766,GOF,0.06138619429937808,0.7932610556252534,0.14535275007536852
25767,GOF,0.16457890462865252,0.43923313688464627,0.39618795848670113
25768,LOF,0.09400461412978886,0.06827785538749762,0.8377175304827135
25769,LOF,0.06532744943864621,0.06431767432236302,0.8703548762389908
25770,LOF,0.28577338954517406,0.08130712681957213,0.6329194836352539
25771,LOF,0.04268003718345014,0.045499095379738536,0.9118208674368112
25772,LOF,0.016861860777197285,0.034184783085330066,0.9489533561374727
25773,LOF,0.04578362966854005,0.07795010816756717,0.8762662621638928
25774,LOF,0.027545075731242073,0.07208521473508658,0.9003697095336712
25775,LOF,0.04404537206941828,0.044169880087779244,0.9117847478428024
25776,LOF,0.07173372493753336,0.025061125176947557,0.903205149885519
25777,LOF,0.3207780809235494,0.04805766633016899,0.6311642527462816
25778,LOF,0.06629854559799496,0.044715579809393974,0.8889858745926111
25779,GOF,0.357740615512698,0.600776471355134,0.041482913132168064
25780,GOF,0.2810926549517879,0.6433036416628674,0.0756037033853448
25781,GOF,0.12413282686567739,0.7650388715906885,0.11082830154363416
25782,GOF,0.18513563370781635,0.746826358204779,0.06803800808740457
25783,GOF,0.025702078083378987,0.6458201216847754,0.32847780023184553
25784,GOF,0.4718981633998514,0.489086882411161,0.03901495418898766
25785,GOF,0.4305178433317245,0.5308456620543697,0.038636494613905795
25786,GOF,0.024636244448454782,0.7422075871631979,0.23315616838834738
25787,Neutral,0.625738971496592,0.3489686845631073,0.025292343940300707
25788,LOF,0.04715520461305599,0.10569956704219326,0.8471452283447508
25789,GOF,0.19442862188147017,0.6610971867863816,0.1444741913321483
25790,GOF,0.2030729797456091,0.6836031519016863,0.11332386835270453
25791,GOF,0.14772532423136253,0.6615117087781928,0.19076296699044457
25792,GOF,0.33513083475105826,0.5301132686740694,0.13475589657487244
25793,GOF,0.24316871318276617,0.5654366968379143,0.19139458997931955
25794,GOF,0.2751438259008795,0.5597249554471356,0.1651312186519848
25795,GOF,0.0697601087957748,0.7095670773690377,0.2206728138351876
25796,Neutral,0.519266042125733,0.3988118338657849,0.08192212400848214
25797,GOF,0.07905355296230004,0.5596535446633649,0.3612929023743349
25798,GOF,0.008433387793994723,0.5044705470463837,0.4870960651596216
25799,LOF,0.006717730969269757,0.41265003803661643,0.5806322309941138
25800,GOF,0.029076282957344508,0.6058369003063663,0.3650868167362892
25801,GOF,0.20210325843840166,0.675638583558562,0.12225815800303631
25802,GOF,0.06927960756252703,0.6985338979831166,0.2321864944543564
25803,GOF,0.03465612745567104,0.5784036260761665,0.3869402464681625
25804,LOF,0.033980088972997334,0.48298294741216014,0.4830369636148425
25805,GOF,0.09714897477617451,0.6037907932789209,0.29906023194490455
25806,GOF,0.09596356253815735,0.5861592482928295,0.3178771891690131
25807,GOF,0.020020347633169795,0.6211776597411096,0.3588019926257206
25808,GOF,0.07781771609629692,0.6369807075700732,0.28520157633362997
25809,GOF,0.017670940443960555,0.5710546861613571,0.4112743733946823
25810,GOF,0.01681450036527852,0.6217750524687293,0.36141044716599213
25811,GOF,0.4108246272608807,0.4978074956529542,0.0913678770861651
25812,GOF,0.028921232319194034,0.6236673264027204,0.34741144127808554
25813,Neutral,0.5029630152253809,0.4050233146565105,0.09201367011810854
25814,GOF,0.11431901824322503,0.654060703060311,0.23162027869646404
25815,GOF,0.1765952867455832,0.6428414697884308,0.18056324346598585
25816,GOF,0.021906300718994368,0.7139584220238686,0.26413527725713687
25817,GOF,0.22248059309928464,0.6467249944683447,0.13079441243237064
25818,GOF,0.04890775196032394,0.6778049410243984,0.27328730701527765
25819,GOF,0.3395494435139175,0.52614123590377,0.13430932058231249
25820,GOF,0.18298514902810806,0.622183230312769,0.19483162065912288
25821,GOF,0.05766773757600572,0.6861100098353525,0.25622225258864173
25822,GOF,0.20081046359887267,0.5991794592436549,0.20001007715747246
25823,GOF,0.030326666880937457,0.5299941722379837,0.4396791608810787
25824,GOF,0.08261923283135036,0.6269452424412996,0.2904355247273501
25825,GOF,0.03269227386964942,0.6173838272496566,0.3499238988806941
25826,GOF,0.014868593861420549,0.5893960086630416,0.3957353974755379
25827,GOF,0.024128381106892395,0.6152038255968532,0.3606677932962545
25828,GOF,0.013025998011291945,0.5224071566778791,0.46456684531082904
25829,GOF,0.0055963757452406416,0.5650184191748133,0.42938520507994593
25830,LOF,0.03081803781127316,0.28183024104855425,0.6873517211401726
25831,GOF,0.24060661662907767,0.6518592900625064,0.10753409330841601
25832,GOF,0.029338725311931768,0.7137391906691353,0.256922084018933
25833,GOF,0.10578930833113145,0.7445005546243456,0.14971013704452285
25834,GOF,0.03076984327008844,0.7412818127900994,0.2279483439398122
25835,GOF,0.062466298856018884,0.7824474353549068,0.1550862657890743
25836,GOF,0.029725488507432223,0.6997216580309437,0.2705528534616241
25837,GOF,0.027518922504324275,0.6089289219570722,0.3635521555386036
25838,GOF,0.08950119992667675,0.7820286133497735,0.12847018672354985
25839,GOF,0.2959385925571384,0.5740447955562987,0.1300166118865629
25840,GOF,0.24271636935553778,0.6246334778164747,0.13265015282798748
25841,GOF,0.2230462754315952,0.6603187338263617,0.1166349907420431
25842,GOF,0.1327600355789612,0.743640215337206,0.12359974908383278
25843,GOF,0.19748611250750644,0.7180162856879158,0.08449760180457783
25844,GOF,0.059417579633005015,0.7266412879514069,0.21394113241558807
25845,GOF,0.01643808369128364,0.5211575530225142,0.4624043632862022
25846,GOF,0.1162660559905839,0.7380852970499021,0.14564864695951393
25847,GOF,0.08619787245889822,0.814713670710005,0.09908845683109675
25848,GOF,0.033871507064546405,0.7178861842332375,0.24824230870221617
25849,GOF,0.010028694374005723,0.6123083779367667,0.3776629276892275
25850,GOF,0.01957309921176436,0.6666227216933543,0.3138041790948813
25851,GOF,0.01567717394460143,0.543831179517099,0.4404916465382994
25852,GOF,0.16452475768284117,0.5605571352329566,0.2749181070842023
25853,GOF,0.3269492487909692,0.5973505824907586,0.07570016871827218
25854,GOF,0.021492054490089167,0.623664231998368,0.35484371351154287
25855,GOF,0.030892692919654026,0.5652852122515227,0.4038220948288232
25856,GOF,0.2183658021349864,0.5582621086493365,0.22337208921567708
25857,GOF,0.03447961594977056,0.5247391327665389,0.4407812512836905
25858,GOF,0.01981006473586836,0.5462940280277198,0.43389590723641186
25859,GOF,0.00997971203880557,0.52158581136187,0.4684344765993244
25860,GOF,0.3502099478390051,0.5731563184682197,0.07663373369277514
25861,GOF,0.3934855910200423,0.5320032141281816,0.07451119485177614
25862,GOF,0.07980532427632557,0.7937886505900468,0.1264060251336278
25863,GOF,0.08081859285632918,0.7957559169103405,0.1234254902333303
25864,GOF,0.17626518134798236,0.7578823636984927,0.06585245495352497
25865,GOF,0.0772968711066468,0.8102874328720622,0.112415696021291
25866,GOF,0.0490706644336137,0.7973464069302751,0.15358292863611106
25867,GOF,0.07557128716688358,0.8219092305808837,0.10251948225223272
25868,GOF,0.22493489188867385,0.6814489036504088,0.09361620446091735
25869,Neutral,0.7015529648685107,0.252858303824929,0.04558873130656032
25870,GOF,0.28721418308421826,0.40124120163011845,0.31154461528566324
25871,GOF,0.20958685060891816,0.6711740094125023,0.1192391399785795
25872,GOF,0.0731111665662752,0.659599902551601,0.2672889308821238
25873,GOF,0.10111745282048894,0.7112822639754408,0.1876002832040703
25874,LOF,0.013576425548125267,0.11762848108229496,0.8687950933695798
25875,LOF,0.10239953009788526,0.04798491156657591,0.8496155583355388
25876,LOF,0.03499269206715938,0.03200298109662757,0.933004326836213
25877,Neutral,0.512824874601971,0.04713443637930107,0.4400406890187279
25878,LOF,0.2259339859618892,0.09902020483987477,0.675045809198236
25879,LOF,0.09329887241173826,0.09982348776871039,0.8068776398195514
25880,LOF,0.04023608217425881,0.015279422886497493,0.9444844949392437
25881,LOF,0.16484639727248293,0.12491197931786437,0.7102416234096528
25882,LOF,0.05960430754003638,0.018192573214534193,0.9222031192454294
25883,LOF,0.06470793001471882,0.0199754452821911,0.91531662470309
25884,LOF,0.0318281651398093,0.03012474168064487,0.9380470931795457
25885,LOF,0.0625766287031279,0.012293548290747183,0.925129823006125
25886,LOF,0.2479650276566604,0.0389180594721909,0.7131169128711488
25887,LOF,0.1449715798111483,0.07191793022591014,0.7831104899629416
25888,LOF,0.06467573088154734,0.05821154880975205,0.8771127203087007
25889,LOF,0.03923509007200949,0.021722327767509056,0.9390425821604815
25890,LOF,0.05006948775958832,0.1501029668323616,0.7998275454080501
25891,LOF,0.03941054961033278,0.05417857811671003,0.9064108722729572
25892,LOF,0.07821229396796808,0.02397837335251995,0.8978093326795119
25893,LOF,0.24345620037527488,0.018301195381345278,0.7382426042433797
25894,LOF,0.1684941043549686,0.010902125434384801,0.8206037702106466
25895,LOF,0.19582365750145483,0.021657304490443376,0.7825190380081019
25896,LOF,0.0482025878380807,0.022174693286725344,0.929622718875194
25897,LOF,0.2605353625981602,0.01225163968014694,0.7272129977216929
25898,Neutral,0.7169654433584228,0.009854639906349752,0.2731799167352274
25899,LOF,0.2039453745053448,0.024210329175391322,0.7718442963192639
25900,LOF,0.46241037592897666,0.012657108444409381,0.5249325156266139
25901,LOF,0.05019435197633555,0.011146520114778083,0.9386591279088864
25902,LOF,0.16032164258527612,0.01339291144993098,0.8262854459647929
25903,Neutral,0.576042711806113,0.03175100802968663,0.39220628016420045
25904,LOF,0.31614060361739676,0.041062996257115326,0.6427964001254879
25905,LOF,0.026035852339920174,0.3237660819056428,0.650198065754437
25906,LOF,0.029432293584845913,0.07278820761532502,0.8977794987998291
25907,LOF,0.014763591708575148,0.32740987369638436,0.6578265345950405
25908,LOF,0.0108623246911201,0.25555240904121784,0.733585266267662
25909,LOF,0.012370591629627222,0.1283916754278592,0.8592377329425135
25910,LOF,0.0470838956854544,0.1433162131658172,0.8095998911487283
25911,LOF,0.18535871677286775,0.030398241347561243,0.7842430418795711
25912,LOF,0.04238494707197815,0.05159457863379298,0.9060204742942288
25913,LOF,0.32618803476900293,0.025204662725308802,0.6486073025056882
25914,LOF,0.021025779909267486,0.04785562365099921,0.9311185964397334
25915,Neutral,0.5983534333364066,0.13580556293236543,0.2658410037312281
25916,LOF,0.08531234798533475,0.1742293065166244,0.7404583454980407
25917,LOF,0.07097214256480372,0.037335439307119696,0.8916924181280766
25918,LOF,0.02354002761074344,0.029932842154795154,0.9465271302344613
25919,LOF,0.019958741611680708,0.030524560405168013,0.9495166979831513
25920,GOF,0.10427358692166136,0.5416673136825502,0.35405909939578845
25921,LOF,0.02559834972041545,0.04104624835627033,0.9333554019233141
25922,LOF,0.034201206597431706,0.028711567663573447,0.9370872257389949
25923,LOF,0.4705905960569554,0.035936287230755225,0.49347311671228933
25924,LOF,0.03587815812949243,0.049033494267248824,0.9150883476032586
25925,LOF,0.07019152821060358,0.040131259815993775,0.8896772119734027
25926,LOF,0.0497698615996943,0.03586605135423979,0.9143640870460659
25927,LOF,0.05657447387042785,0.15208889809604637,0.7913366280335258
25928,LOF,0.017889139068223908,0.055653771673568456,0.9264570892582076
25929,Neutral,0.5897532160947214,0.03827647940286584,0.3719703045024127
25930,LOF,0.07391827966802485,0.031325254912317135,0.8947564654196581
25931,LOF,0.0250209070848348,0.03629204276638964,0.9386870501487755
25932,LOF,0.028316563864079,0.029269316662281202,0.9424141194736398
25933,LOF,0.038144699067206723,0.018646688027393825,0.9432086129053994
25934,LOF,0.024807420857635477,0.02237123718454398,0.9528213419578205
25935,LOF,0.06265528982675701,0.049686773136581,0.8876579370366621
25936,LOF,0.04354306394995152,0.024349173936911914,0.9321077621131366
25937,LOF,0.02695286455284952,0.04442916337900575,0.9286179720681447
25938,LOF,0.06428869100858259,0.0522167022845269,0.8834946067068906
25939,LOF,0.041126251153933514,0.02125464092546988,0.9376191079205966
25940,LOF,0.032487266791162685,0.33980414029763834,0.627708592911199
25941,LOF,0.1992883458180655,0.09431125284174739,0.706400401340187
25942,LOF,0.01308015763597223,0.032449652144898346,0.9544701902191294
25943,LOF,0.3023671925474703,0.056355081991416194,0.6412777254611135
25944,Neutral,0.49712174537882237,0.0211567329759113,0.4817215216452662
25945,LOF,0.0716858558002097,0.019929575015183113,0.9083845691846073
25946,LOF,0.03030775238593958,0.10825473111592822,0.8614375164981323
25947,LOF,0.11915998457024647,0.16497616514753635,0.7158638502822172
25948,LOF,0.3771038124951805,0.008216399310205206,0.6146797881946142
25949,LOF,0.12389717676664048,0.03562907222866572,0.8404737510046937
25950,GOF,0.328274760223279,0.3406304588029541,0.3310947809737669
25951,LOF,0.2001743978325702,0.24304533529330385,0.556780266874126
25952,LOF,0.047109976682510595,0.43352492458575603,0.5193650987317333
25953,LOF,0.15109182730819978,0.1121234052580731,0.7367847674337271
25954,LOF,0.38762553714272185,0.18948520171659547,0.4228892611406828
25955,LOF,0.07048128092710548,0.07413604445537969,0.8553826746175148
25956,LOF,0.15783365328931084,0.1226797314334184,0.7194866152772709
25957,LOF,0.03509711550044571,0.029438919533154015,0.9354639649664002
25958,LOF,0.0546801992855051,0.027936656276214125,0.9173831444382808
25959,LOF,0.07103235711317497,0.34232010988392025,0.5866475330029047
25960,LOF,0.015786971758273087,0.052865578427571516,0.9313474498141554
25961,LOF,0.040448420224285755,0.028428951010399498,0.9311226287653148
25962,LOF,0.05285068981805841,0.023758953009096615,0.9233903571728449
25963,LOF,0.041275320171137046,0.1944604736453807,0.7642642061834823
25964,LOF,0.03382982098245886,0.15059622766154201,0.8155739513559991
25965,LOF,0.4173553470887595,0.065279512184498,0.5173651407267426
25966,Neutral,0.5030424979356302,0.17071996860044314,0.3262375334639268
25967,LOF,0.016797710244324866,0.11196294547420577,0.8712393442814693
25968,LOF,0.037989691073719266,0.34933218490616397,0.6126781240201168
25969,LOF,0.0386709251495051,0.05896322841775887,0.902365846432736
25970,LOF,0.05684168520627696,0.05999493137445622,0.8831633834192668
25971,LOF,0.06997553887521397,0.018809033848871958,0.9112154272759142
25972,LOF,0.0676567886290939,0.028729205548981708,0.9036140058219243
25973,LOF,0.07847295671709988,0.01157658787173386,0.9099504554111663
25974,LOF,0.18798823212041316,0.015725836302661618,0.7962859315769252
25975,LOF,0.046242780737448586,0.0314802869426833,0.9222769323198682
25976,LOF,0.04073906397256584,0.017782887284896447,0.9414780487425376
25977,LOF,0.15337231129866985,0.09239685409635422,0.7542308346049759
25978,LOF,0.1476476382240199,0.09279768348326983,0.7595546782927103
25979,LOF,0.13779115752277346,0.09365073702857861,0.7685581054486478
25980,LOF,0.2265118560226274,0.11469297316637125,0.6587951708110014
25981,LOF,0.25968376614736544,0.11241935693171448,0.62789687692092
25982,LOF,0.4006255091670778,0.07489224157174612,0.5244822492611761
25983,LOF,0.3816544166678871,0.09002485984899683,0.5283207234831161
25984,LOF,0.04576808237405934,0.05086945472000043,0.9033624629059402
25985,LOF,0.038309601657462604,0.28441827708583417,0.6772721212567033
25986,LOF,0.04302429388582934,0.31923639837598783,0.6377393077381828
25987,LOF,0.08545685938970732,0.07203471054926674,0.8425084300610259
25988,LOF,0.14990465062614325,0.0537479857738403,0.7963473636000165
25989,LOF,0.03239383244372505,0.12289083690578807,0.844715330650487
25990,LOF,0.03913391325381225,0.1547993890531207,0.806066697693067
25991,LOF,0.12862986576194013,0.23702773876241642,0.6343423954756434
25992,LOF,0.3237722804195407,0.13954469572234243,0.5366830238581168
25993,LOF,0.023062913047466327,0.06685142562821254,0.9100856613243211
25994,LOF,0.018135576458061107,0.0789601724802854,0.9029042510616534
25995,LOF,0.024107570138261973,0.17753952540456,0.7983529044571781
25996,GOF,0.3363391588397251,0.3934844324660309,0.270176408694244
25997,LOF,0.08795502033047876,0.35233625982241207,0.5597087198471091
25998,Neutral,0.5252451056246439,0.02810417107383108,0.44665072330152505
25999,LOF,0.09652210940213922,0.09605175236297289,0.807426138234888
26000,LOF,0.13738575907321254,0.043405423682109506,0.8192088172446779
26001,LOF,0.18995670361492573,0.046115811903038005,0.7639274844820364
26002,LOF,0.114999720634388,0.041774529703427286,0.8432257496621847
26003,GOF,0.009919310583513028,0.5878615625639688,0.40221912685251815
26004,GOF,0.02183405759895981,0.6709979600608139,0.30716798234022624
26005,LOF,0.006326527552720603,0.4345394827918617,0.5591339896554176
26006,Neutral,0.5218008689970598,0.23596464027327244,0.24223449072966785
26007,GOF,0.020660523636196516,0.5082888808260666,0.471050595537737
26008,GOF,0.01832124324266101,0.6003175530056044,0.3813612037517344
26009,GOF,0.021125513165919797,0.6849507528751964,0.2939237339588839
26010,GOF,0.02115791989959872,0.6180943884862323,0.360747691614169
26011,LOF,0.006475164530094771,0.4201165650487698,0.5734082704211353
26012,GOF,0.011450764985568029,0.5563336703366396,0.43221556467779243
26013,GOF,0.018439585626460187,0.6043529543225377,0.37720746005100203
26014,LOF,0.04025459226471495,0.11550438165651998,0.8442410260787651
26015,LOF,0.17012189342523368,0.01603354989060906,0.8138445566841573
26016,LOF,0.18555186784749012,0.06746990824507142,0.7469782239074385
26017,LOF,0.2110901980989117,0.10678652767659531,0.682123274224493
26018,LOF,0.07538700017328065,0.043553078760036994,0.8810599210666824
26019,LOF,0.0722942338636588,0.03417211269903205,0.8935336534373091
26020,LOF,0.060941795357115906,0.10658403475829012,0.8324741698845939
26021,LOF,0.04220071961499563,0.11345894823933024,0.844340332145674
26022,LOF,0.010699746189257488,0.04407743474249612,0.9452228190682463
26023,LOF,0.06343053051271509,0.027121552148581262,0.9094479173387037
26024,LOF,0.03247129191306446,0.12283050214584634,0.8446982059410892
26025,LOF,0.15099918375764215,0.09331241513021919,0.7556884011121386
26026,LOF,0.31404073777261365,0.030178044770835598,0.6557812174565508
26027,LOF,0.05764664534243719,0.02072309263515935,0.9216302620224035
26028,LOF,0.16468871108136912,0.06492103580580884,0.770390253112822
26029,LOF,0.06419166769545213,0.15496163317771194,0.7808466991268359
26030,LOF,0.021638187677776286,0.037323970016940135,0.9410378423052836
26031,LOF,0.02590585066919892,0.1085910871346921,0.865503062196109
26032,LOF,0.06643703694716299,0.05257566394620165,0.8809872991066353
26033,LOF,0.08703963138647412,0.05075277433572172,0.862207594277804
26034,LOF,0.042105194515637406,0.1309436664378261,0.8269511390465365
26035,LOF,0.025062077086770006,0.1302417359616415,0.8446961869515884
26036,LOF,0.03491351449241935,0.1488885762732868,0.8161979092342939
26037,LOF,0.0209545125693216,0.10053423218546378,0.8785112552452146
26038,LOF,0.06285443636775971,0.054018990953412165,0.8831265726788282
26039,LOF,0.0470216496970109,0.12601608123887043,0.8269622690641186
26040,LOF,0.21605666739555407,0.10041889543267321,0.6835244371717727
26041,LOF,0.02105166670830574,0.09838833056685804,0.8805600027248363
26042,LOF,0.019509048768091494,0.08979308832350741,0.890697862908401
26043,LOF,0.0635656272937384,0.06281484516879607,0.8736195275374655
26044,LOF,0.01890327770550818,0.048437280175721784,0.93265944211877
26045,LOF,0.07416071230784069,0.08769561069675039,0.8381436769954089
26046,LOF,0.058724079282407575,0.05290686703772673,0.8883690536798657
26047,LOF,0.07521001239219123,0.05539546609140478,0.8693945215164041
26048,LOF,0.04766899861823846,0.03211843242349563,0.920212568958266
26049,Neutral,0.9659038593440906,0.0058885964134831005,0.028207544242426205
26050,Neutral,0.9504419725347218,0.00714116704300929,0.042416860422268755
26051,LOF,0.04544584014595196,0.2857526514519391,0.6688015084021088
26052,LOF,0.05247701396201589,0.331924010259232,0.6155989757787521
26053,LOF,0.06744914416939081,0.14390231485595198,0.7886485409746572
26054,LOF,0.04826157843223596,0.01661688363387623,0.9351215379338877
26055,LOF,0.06481734998545288,0.014984018923879803,0.9201986310906674
26056,LOF,0.05484407428849529,0.01668852354047153,0.9284674021710332
26057,LOF,0.03174105160280401,0.011952153360154386,0.9563067950370415
26058,LOF,0.03255775392484793,0.009711963842978386,0.9577302822321736
26059,LOF,0.2685694325857559,0.021611824857364223,0.7098187425568798
26060,LOF,0.04394851283178962,0.17367089784552434,0.782380589322686
26061,LOF,0.017325218519818796,0.012868694652090343,0.9698060868280909
26062,LOF,0.009981106008994857,0.01902932087536447,0.9709895731156407
26063,LOF,0.019568098374530347,0.010643180834089874,0.9697887207913798
26064,LOF,0.018854805514368772,0.027994015545385373,0.9531511789402458
26065,LOF,0.02400880696726948,0.011084507174168203,0.9649066858585623
26066,LOF,0.01955012548952877,0.010575511894657602,0.9698743626158135
26067,LOF,0.027979565311720276,0.008164162655092603,0.9638562720331871
26068,LOF,0.04320728054545954,0.02890868982672693,0.9278840296278136
26069,LOF,0.25758873586979636,0.018536995778143103,0.7238742683520606
26070,LOF,0.40708931651710206,0.015044075380934397,0.5778666081019636
26071,LOF,0.01928600448809639,0.011212687518710155,0.9695013079931935
26072,LOF,0.017175091899606875,0.018949364367360413,0.9638755437330326
26073,LOF,0.019416935971861574,0.010959814844166516,0.9696232491839719
26074,Neutral,0.9129573575024452,0.0055535665932965085,0.08148907590425822
26075,LOF,0.044793596302924385,0.013909248398424568,0.9412971552986511
26076,LOF,0.03649020896973035,0.008595646464861332,0.9549141445654084
26077,LOF,0.009440123102233541,0.01479385091837014,0.9757660259793964
26078,LOF,0.013113990603018107,0.012428864254452773,0.9744571451425291
26079,LOF,0.06200377141589376,0.015827425200116717,0.9221688033839895
26080,LOF,0.06117454538121583,0.01583759851818413,0.9229878561006001
26081,LOF,0.0357207190907901,0.006594874062092055,0.9576844068471179
26082,LOF,0.011964358332908662,0.015006830152130198,0.9730288115149611
26083,LOF,0.17900872070934024,0.013578713237929882,0.8074125660527299
26084,LOF,0.04175285714788525,0.011973667792361017,0.9462734750597538
26085,LOF,0.03769343196356505,0.011524802562444827,0.9507817654739901
26086,LOF,0.01952240829567873,0.0115146909677531,0.9689629007365682
26087,LOF,0.02317675110212449,0.00878361766319032,0.9680396312346852
26088,LOF,0.015545399092179661,0.027706691743715983,0.9567479091641042
26089,LOF,0.039190942823733976,0.021466712907597014,0.9393423442686689
26090,LOF,0.03943082454103563,0.01753589569445808,0.9430332797645063
26091,LOF,0.03212926326665656,0.00619163821924535,0.9616790985140979
26092,LOF,0.02217272643550441,0.007796722032044611,0.9700305515324509
26093,LOF,0.03284406575631841,0.005941221061455115,0.9612147131822266
26094,LOF,0.0339343807217624,0.005784905728442176,0.9602807135497954
26095,LOF,0.036826421513054694,0.013360578286702007,0.9498130002002433
26096,LOF,0.016047671586611214,0.012011328278168936,0.9719410001352198
26097,LOF,0.011266057284332835,0.038258292618894914,0.9504756500967723
26098,LOF,0.07998732355262933,0.011045916117909596,0.9089667603294611
26099,LOF,0.020364897327874137,0.011960244387894572,0.9676748582842313
26100,LOF,0.023071648240388973,0.011649581029826064,0.965278770729785
26101,LOF,0.04361671070816178,0.01633381789201384,0.9400494713998243
26102,LOF,0.02021632138968723,0.012246856139539814,0.9675368224707729
26103,Neutral,0.8809445833761714,0.01721122836824956,0.10184418825557898
26104,LOF,0.07726945154222284,0.023338347328424346,0.8993922011293528
26105,LOF,0.20295454351784575,0.28378301277582296,0.5132624437063312
26106,LOF,0.1597271049319255,0.11929380947628375,0.7209790855917908
26107,LOF,0.2441973627009106,0.08201394270174334,0.6737886945973461
26108,LOF,0.20485962471863464,0.09077670120946314,0.7043636740719021
26109,LOF,0.09034891131555549,0.06377182484517223,0.8458792638392724
26110,LOF,0.220701140999856,0.007149602679230533,0.7721492563209135
26111,Neutral,0.4940385134764643,0.02636431711021618,0.4795971694133196
26112,LOF,0.03316756768576918,0.007317604465797198,0.9595148278484336
26113,LOF,0.06993753053457392,0.016454221882026564,0.9136082475833994
26114,LOF,0.026168766919424567,0.029464297892569605,0.9443669351880057
26115,LOF,0.09121258591510596,0.051443615910119804,0.8573437981747744
26116,LOF,0.05829689464878581,0.05772481596586603,0.8839782893853483
26117,LOF,0.45664304470431977,0.04161957129620759,0.5017373839994727
26118,LOF,0.031265742493713576,0.022340269643744817,0.9463939878625416
26119,LOF,0.023038511205488704,0.03595621127078431,0.9410052775237271
26120,LOF,0.02418560201026748,0.018951819950503903,0.9568625780392286
26121,LOF,0.03875999834063299,0.08840025659747887,0.8728397450618882
26122,LOF,0.0419172067319483,0.03964331197283606,0.9184394812952156
