feature0,prediction,LoGoFunc_Neutral,LoGoFunc_GOF,LoGoFunc_LOF
25546,Neutral,0.5310638531021455,0.1772000265975654,0.29173612030028895
25547,Neutral,0.4420684694174162,0.2264160729889912,0.3315154575935926
25548,LOF,0.3419992336702875,0.217251343947521,0.44074942238219145
25549,LOF,0.32242951601444647,0.22393278265492414,0.45363770133062936
25550,LOF,0.29556379077757117,0.28045714140090383,0.42397906782152506
25551,LOF,0.22375845457982646,0.28180292254182265,0.4944386228783509
25552,LOF,0.19469092262454563,0.2610966880247339,0.5442123893507205
25553,Neutral,0.7067095749543325,0.1323357126214904,0.1609547124241772
25554,LOF,0.2522606280267784,0.2180870428355952,0.5296523291376264
25555,LOF,0.17351551281728192,0.22897413069896957,0.5975103564837485
25556,LOF,0.31370952324725027,0.20808094364993293,0.47820953310281666
25557,LOF,0.19527857526232067,0.22496643971614486,0.5797549850215346
25558,LOF,0.25567744597777303,0.2913663074990757,0.45295624652315136
25559,LOF,0.30020121606216993,0.055426220983588556,0.6443725629542415
25560,LOF,0.03775745476363653,0.27003926864514827,0.6922032765912153
25561,LOF,0.026833379448736348,0.3579820799584376,0.615184540592826
25562,LOF,0.0388031538546154,0.12359652803448985,0.8376003181108947
25563,LOF,0.010024658517324637,0.2034250607946715,0.7865502806880039
25564,LOF,0.06513525270477295,0.057292027720990894,0.8775727195742361
25565,LOF,0.15631895321027384,0.13338370531971952,0.7102973414700066
25566,GOF,0.04376550127493229,0.6426150709495178,0.3136194277755501
25567,LOF,0.04781813143459915,0.029003630914711864,0.9231782376506891
25568,LOF,0.051048335874950584,0.0382246741804055,0.9107269899446438
25569,LOF,0.0616030952864043,0.027330573085016054,0.9110663316285796
25570,LOF,0.062079273729292686,0.03257321903793697,0.9053475072327702
25571,LOF,0.060153067350059014,0.02952341479201242,0.9103235178579286
25572,LOF,0.07174149588412375,0.014759353476143041,0.9134991506397332
25573,LOF,0.07466263342519908,0.060065833561287155,0.8652715330135137
25574,LOF,0.11715081659982257,0.08502048208340339,0.7978287013167741
25575,LOF,0.06338395769062741,0.0338238713641355,0.9027921709452371
25576,LOF,0.030731572368151636,0.03636596366324203,0.9329024639686063
25577,LOF,0.04392373075094348,0.017518378382953156,0.9385578908661034
25578,LOF,0.2611182902721239,0.07283946893072615,0.66604224079715
25579,LOF,0.25418838061667065,0.07071662008217192,0.6750949993011575
25580,LOF,0.06207057124722726,0.027376886189427487,0.9105525425633453
25581,LOF,0.03228785483305013,0.06570393193730843,0.9020082132296415
25582,LOF,0.03228785483305013,0.06570393193730843,0.9020082132296415
25583,LOF,0.05876312246099892,0.03319229572861549,0.9080445818103855
25584,Neutral,0.7269632286181129,0.01715882418286149,0.2558779471990256
25585,LOF,0.037286027884387014,0.02228413264813134,0.9404298394674816
25586,LOF,0.0630898451965766,0.026190467991426755,0.9107196868119967
25587,LOF,0.060857189059770736,0.029589436117531415,0.9095533748226977
25588,LOF,0.059408702588798136,0.023591708815001063,0.9169995885962008
25589,Neutral,0.6892891470650402,0.0382112244968578,0.2724996284381019
25590,LOF,0.07490299345551918,0.028513940617594446,0.8965830659268863
25591,LOF,0.10618951848763478,0.01942344354055249,0.8743870379718127
25592,LOF,0.20594988023876715,0.07993894993394385,0.7141111698272891
25593,LOF,0.1634925921726582,0.18225899112336605,0.6542484167039757
25594,LOF,0.029160109424240997,0.0873100755198811,0.8835298150558779
25595,LOF,0.037465651753371645,0.06189270540031313,0.9006416428463152
25596,LOF,0.13375355306187295,0.025490130305828723,0.8407563166322983
25597,LOF,0.11135464671926501,0.01766403166818992,0.870981321612545
25598,LOF,0.040209813578964956,0.0802981298894364,0.8794920565315986
25599,GOF,0.02714991710366014,0.5891854608242997,0.38366462207204016
25600,GOF,0.16108452233820036,0.5190403609074087,0.31987511675439084
25601,LOF,0.05922230382017934,0.23711160005921067,0.70366609612061
25602,LOF,0.08291821997851753,0.02446191847094059,0.892619861550542
25603,LOF,0.07681176330054595,0.0323598988734183,0.8908283378260358
25604,LOF,0.11623357941344084,0.07775335163299123,0.8060130689535678
25605,LOF,0.17734241443764379,0.07336056947266228,0.7492970160896939
25606,Neutral,0.5726084081829703,0.08570132661420468,0.341690265202825
25607,LOF,0.06144956175168712,0.10967276906667792,0.828877669181635
25608,LOF,0.053921612234371016,0.17293592045670259,0.7731424673089263
25609,GOF,0.10651906228264353,0.7063527618127737,0.18712817590458286
25610,LOF,0.028635249804011765,0.07667381313861112,0.8946909370573772
25611,LOF,0.029579989315512898,0.07383942750718653,0.8965805831773005
25612,LOF,0.05614472030052727,0.08044045012470111,0.8634148295747716
25613,LOF,0.04790454490720649,0.09347966058011997,0.8586157945126734
25614,LOF,0.03845065694825016,0.12079874441686449,0.8407505986348852
25615,LOF,0.05199632648690374,0.134243335905323,0.8137603376077731
25616,LOF,0.026814220403829133,0.1111220790103173,0.8620637005858535
25617,LOF,0.02595896771849456,0.12611256470352197,0.8479284675779835
25618,LOF,0.1593155661530959,0.3955563539151304,0.4451280799317737
25619,LOF,0.034824653462807956,0.23580089267425755,0.7293744538629345
25620,LOF,0.02720878193394011,0.11599277678196349,0.8567984412840964
25621,LOF,0.0665734516181364,0.12278528487810315,0.8106412635037604
25622,LOF,0.06383607087020446,0.1120961816925968,0.8240677474371987
25623,LOF,0.07529944223964619,0.07804530504249357,0.8466552527178602
25624,LOF,0.03442448471484306,0.17529513502630173,0.7902803802588553
25625,LOF,0.04485669713971438,0.09088336407708307,0.8642599387832026
25626,LOF,0.0319984092578129,0.0707725780281466,0.8972290127140404
25627,Neutral,0.8394360101547093,0.05304827527231132,0.1075157145729796
25628,LOF,0.12056021596798382,0.11621967936935607,0.76322010466266
25629,LOF,0.030567865828150426,0.11219480272940426,0.8572373314424453
25630,LOF,0.3137902343677595,0.06561553505473772,0.6205942305775027
25631,LOF,0.32509466656883623,0.09276707651989477,0.582138256911269
25632,LOF,0.026719436330393812,0.06692565466518975,0.9063549090044164
25633,LOF,0.14191874139505403,0.0967885232669909,0.761292735337955
25634,LOF,0.048289151225427554,0.050774901606279746,0.9009359471682927
25635,LOF,0.040565561730383934,0.06147476161578471,0.8979596766538314
25636,GOF,0.025162932561365314,0.5627005918384198,0.412136475600215
25637,GOF,0.0236706109925954,0.5579155673967356,0.41841382161066887
25638,GOF,0.009415143215662385,0.6555783327727065,0.33500652401163095
25639,LOF,0.022989841753402622,0.409160581404635,0.5678495768419624
25640,Neutral,0.8092090780667945,0.15198835041702813,0.03880257151617732
25641,LOF,0.05380159150674527,0.45217259575490804,0.49402581273834656
25642,LOF,0.052873778986170655,0.3111181560277825,0.6360080649860468
25643,GOF,0.32933462298409055,0.3447719921545195,0.32589338486139
25644,LOF,0.013889720652307168,0.2589838558680062,0.7271264234796866
25645,LOF,0.011877130594134654,0.28517702422493946,0.7029458451809258
25646,LOF,0.02299609754188886,0.1982242175683168,0.7787796848897943
25647,LOF,0.016418085389483583,0.11487941207609381,0.8687025025344225
25648,LOF,0.024744547244537854,0.1552487711988854,0.8200066815565766
25649,LOF,0.013189281025124254,0.07577955434967988,0.9110311646251958
25650,LOF,0.05746579796202353,0.22580760433547498,0.7167265977025014
25651,LOF,0.014410918344403355,0.12260705340423474,0.8629820282513619
25652,LOF,0.010790275389339923,0.2809800746733349,0.7082296499373252
25653,LOF,0.035391462113466374,0.3023297287336808,0.6622788091528528
25654,LOF,0.00966141749734748,0.26621979972611187,0.7241187827765406
25655,LOF,0.09797333384891828,0.30782515684900674,0.594201509302075
25656,LOF,0.12236898286089706,0.2799653311893095,0.5976656859497933
25657,LOF,0.0325854454441569,0.3998080676153205,0.5676064869405225
25658,GOF,0.0989099852617239,0.4823818536293574,0.4187081611089188
25659,GOF,0.17864208843922935,0.6006937605724215,0.22066415098834913
25660,LOF,0.042755755671481155,0.22908055808802555,0.7281636862404934
25661,LOF,0.032561226990584245,0.24601165428185318,0.7214271187275626
25662,LOF,0.02762613279650848,0.08961101132790333,0.8827628558755881
25663,LOF,0.03041869772078358,0.0651493588791594,0.904431943400057
25664,LOF,0.06460229972213268,0.11968753720578722,0.8157101630720802
25665,LOF,0.03012800118022576,0.056885746562894766,0.9129862522568795
25666,LOF,0.05983652306151407,0.07972309822271074,0.8604403787157752
25667,LOF,0.0280881074189676,0.12993351700114084,0.8419783755798915
25668,LOF,0.03143774716480661,0.14148475559604012,0.8270774972391532
25669,LOF,0.02645562718201991,0.14974592780017706,0.823798445017803
25670,LOF,0.0867315561607687,0.08563262094248175,0.8276358228967496
25671,LOF,0.03268356459409546,0.058937342794470875,0.9083790926114337
25672,LOF,0.021686001883569395,0.10605630189012699,0.8722576962263036
25673,LOF,0.06320441099764829,0.07023611448629477,0.8665594745160569
25674,LOF,0.0530413730005037,0.09692415893134772,0.8500344680681485
25675,LOF,0.046740813995422036,0.08159014253796112,0.8716690434666169
25676,LOF,0.027827551581234466,0.0937492094538372,0.8784232389649284
25677,LOF,0.03629014331083376,0.15871751050922342,0.8049923461799428
25678,LOF,0.0756496451980027,0.10139737732045905,0.8229529774815382
25679,LOF,0.09514737568308526,0.10538376143073669,0.799468862886178
25680,LOF,0.04647857576849912,0.1955095830566612,0.7580118411748397
25681,LOF,0.04609687143381357,0.21161728439758476,0.7422858441686017
25682,LOF,0.0305861823774284,0.1128837987997056,0.8565300188228661
25683,LOF,0.08406867759835199,0.060479940904082305,0.8554513814975657
25684,LOF,0.02837604939234857,0.1288149526828408,0.8428089979248106
25685,LOF,0.03860039000308133,0.3893254903265484,0.5720741196703704
25686,LOF,0.02930198291085378,0.39658953923601253,0.5741084778531337
25687,GOF,0.05748821517104212,0.5234075031918879,0.4191042816370699
25688,LOF,0.3389669276258324,0.05388604518607373,0.6071470271880938
25689,LOF,0.15932264548466804,0.050987019903549695,0.7896903346117823
25690,LOF,0.2232858061494778,0.06053138765837037,0.7161828061921519
25691,Neutral,0.6832608667850659,0.06837070187841902,0.2483684313365151
25692,LOF,0.21743658986035877,0.011873261821308228,0.770690148318333
25693,GOF,0.06998430980531015,0.6295022917584606,0.30051339843622926
25694,LOF,0.11432378674277877,0.023784835742324213,0.8618913775148971
25695,LOF,0.09299404955917447,0.01805142453460659,0.888954525906219
25696,LOF,0.10618774596473647,0.025251939684050616,0.8685603143512128
25697,LOF,0.07138556377532057,0.15505892867871762,0.7735555075459619
25698,LOF,0.23811551910418527,0.24935126589376166,0.5125332150020531
25699,GOF,0.24793749228931367,0.4388991379254784,0.3131633697852079
25700,LOF,0.04295556106500724,0.069686856711085,0.8873575822239078
25701,LOF,0.20929644157031185,0.19946698026695467,0.5912365781627335
25702,GOF,0.21863070135741824,0.6746148400548694,0.10675445858771228
25703,LOF,0.025261363162914323,0.3187039232482522,0.6560347135888335
25704,LOF,0.03465079756792572,0.4033400289379523,0.5620091734941219
25705,LOF,0.03275504862032424,0.4055587492268365,0.5616862021528394
25706,GOF,0.10452693456004546,0.5762944066665423,0.31917865877341234
25707,GOF,0.08385581204931149,0.5436568530748989,0.37248733487578967
25708,GOF,0.03222350146639826,0.6012244454420309,0.36655205309157074
25709,LOF,0.024375960679625688,0.3860368944849852,0.5895871448353891
25710,LOF,0.015801714400006238,0.18983913033751912,0.7943591552624747
25711,LOF,0.02538929339833931,0.4075071640413529,0.5671035425603077
25712,LOF,0.015386454781343385,0.283172961421842,0.7014405837968146
25713,LOF,0.025898695674662884,0.4045424328350106,0.5695588714903266
25714,LOF,0.03286735713285858,0.3966297271747794,0.570502915692362
25715,LOF,0.02670962658213391,0.42545599166412057,0.5478343817537455
25716,LOF,0.01422519662894153,0.18474877696891145,0.8010260264021469
25717,LOF,0.01604230143676849,0.14209071568026307,0.8418669828829684
25718,LOF,0.020787606082301905,0.25655099248714885,0.7226614014305492
25719,LOF,0.02464277663781187,0.4126501159458593,0.5627071074163288
25720,LOF,0.027739837984393494,0.3222642245472566,0.6499959374683498
25721,LOF,0.024507293280926455,0.38795399774204653,0.5875387089770271
25722,LOF,0.024920847370228347,0.37988475104853164,0.5951944015812399
25723,LOF,0.024851226736258912,0.4204634597902172,0.5546853134735238
25724,GOF,0.06252969496209704,0.4690066574197097,0.46846364761819326
25725,LOF,0.024570990414362497,0.39387482914825056,0.5815541804373868
25726,LOF,0.02459872992505623,0.4200187613690763,0.5553825087058675
25727,LOF,0.02427260865896007,0.4285444466275814,0.5471829447134585
25728,LOF,0.02403343999933222,0.42985221479912966,0.5461143452015381
25729,LOF,0.024359691767839947,0.42051896286101303,0.555121345371147
25730,LOF,0.024421980601888157,0.4218890233576565,0.5536889960404553
25731,LOF,0.012732733045177563,0.20734617276276976,0.7799210941920527
25732,LOF,0.02213748974655818,0.21482336387894763,0.7630391463744941
25733,LOF,0.020203189135967303,0.2487616485886485,0.7310351622753841
25734,LOF,0.01899573890825487,0.21589397955069356,0.7651102815410514
25735,LOF,0.020724830800396884,0.26931154487669084,0.7099636243229123
25736,LOF,0.020132405891633048,0.2617680395859478,0.7180995545224192
25737,LOF,0.024692476751722623,0.3987965557613045,0.576510967486973
25738,LOF,0.024572549450086325,0.4105976152914564,0.5648298352584573
25739,LOF,0.025079878328457036,0.40023808287606727,0.5746820387954756
25740,LOF,0.03335631412834431,0.3517298626146938,0.6149138232569619
25741,LOF,0.032272626368594785,0.3693891557487478,0.5983382178826575
25742,LOF,0.03491420930786785,0.33788041950653896,0.6272053711855933
25743,LOF,0.031165612040157144,0.05765723470149692,0.911177153258346
25744,Neutral,0.576321639439208,0.1780189497157,0.24565941084509202
25745,LOF,0.05045004618639411,0.11156844816172098,0.8379815056518849
25746,LOF,0.02508905847655129,0.1579178832936394,0.8169930582298093
25747,LOF,0.02604100725102874,0.0962933279301023,0.8776656648188691
25748,LOF,0.15809453975035428,0.11291216509716445,0.7289932951524812
25749,LOF,0.02092590070373045,0.13404813434084803,0.8450259649554216
25750,LOF,0.026274751184244056,0.11999270065238746,0.8537325481633686
25751,LOF,0.03464277767449906,0.34900608919898063,0.6163511331265203
25752,GOF,0.049837339268041986,0.719995360420383,0.23016730031157515
25753,LOF,0.014944883469034937,0.41145432665322407,0.573600789877741
25754,GOF,0.017491966675838695,0.7423476148853809,0.2401604184387803
25755,LOF,0.02385076225271263,0.3294834542023235,0.646665783544964
25756,GOF,0.03176877381881895,0.5314158950618532,0.4368153311193279
25757,GOF,0.015692545391186103,0.8178936909096771,0.16641376369913685
25758,GOF,0.021068688284510778,0.8517361087117469,0.1271952030037423
25759,GOF,0.01735752223609773,0.7200037623313671,0.2626387154325352
25760,LOF,0.019650336356999455,0.3905499175692481,0.5897997460737524
25761,GOF,0.1942939109241336,0.7173856748435748,0.08832041423229178
25762,LOF,0.03561156858301351,0.4424651321187554,0.5219232992982311
25763,LOF,0.022758286003142954,0.2855702880587033,0.6916714259381538
25764,GOF,0.06451144981398071,0.8244912545953901,0.11099729559062922
25765,GOF,0.019218199341984994,0.815815945997076,0.16496585466093894
25766,GOF,0.0591294158589958,0.8271121875154622,0.11375839662554191
25767,GOF,0.05734434806302446,0.8611957663096887,0.08145988562728666
25768,LOF,0.041802830812513035,0.21390098664555715,0.7442961825419299
25769,LOF,0.022978548678480985,0.2728722269574775,0.7041492243640416
25770,LOF,0.29704272614501226,0.08500319300768067,0.6179540808473072
25771,LOF,0.050218609836317395,0.046489520940242925,0.9032918692234396
25772,LOF,0.027767068259489498,0.15573462964475043,0.8164983020957601
25773,LOF,0.04993656059636708,0.0475776130982273,0.9024858263054056
25774,LOF,0.018591948184233625,0.16923468342585568,0.8121733683899106
25775,LOF,0.06451628119345781,0.04780668553430807,0.8876770332722341
25776,LOF,0.03318838167306756,0.09539005453567999,0.8714215637912526
25777,LOF,0.3284013028732272,0.06664373537579102,0.6049549617509817
25778,LOF,0.02618724779895589,0.20810873712325803,0.7657040150777861
25779,GOF,0.4266712053146511,0.5105838829828095,0.06274491170253937
25780,Neutral,0.47244238739814953,0.44717224317494636,0.08038536942690419
25781,GOF,0.17167715332535743,0.7161505626172912,0.11217228405735144
25782,GOF,0.23865857037368124,0.6743092720977247,0.08703215752859408
25783,GOF,0.026078845316047143,0.7984794822371925,0.17544167244676037
25784,Neutral,0.6459379725377988,0.3139113193839369,0.04015070807826445
25785,Neutral,0.6878442461837972,0.20931517327412702,0.10284058054207572
25786,GOF,0.020216621021753693,0.7869664368036405,0.19281694217460574
25787,Neutral,0.8480731972958289,0.10197060478043059,0.04995619792374065
25788,LOF,0.02875855431995943,0.05282104752515059,0.9184203981548901
25789,GOF,0.18375633067379948,0.5949541128213971,0.22128955650480336
25790,GOF,0.14282811083205324,0.6802298912607777,0.17694199790716908
25791,GOF,0.1395643922459675,0.516046658093249,0.3443889496607836
25792,Neutral,0.3985640347522721,0.3444531356114784,0.25698282963624963
25793,GOF,0.1739522080643698,0.45158890392858886,0.3744588880070414
25794,GOF,0.20769008085047258,0.5568881228949552,0.23542179625457224
25795,GOF,0.0603083896611623,0.6861958341673604,0.2534957761714773
25796,Neutral,0.529968991954986,0.2922803703095706,0.1777506377354434
25797,GOF,0.08902064293074786,0.5882202254801621,0.32275913158909
25798,GOF,0.012943340233307187,0.5767452515391978,0.4103114082274949
25799,GOF,0.011767847234643525,0.5580115225001517,0.4302206302652048
25800,GOF,0.05001951511670369,0.7512454544043867,0.1987350304789095
25801,GOF,0.18032877870498934,0.6866702613949061,0.1330009599001045
25802,GOF,0.06900490665106768,0.655080677404698,0.27591441594423427
25803,GOF,0.054235761952234986,0.632807556661435,0.3129566813863299
25804,GOF,0.03843280366994336,0.6210638653289828,0.34050333100107383
25805,GOF,0.10441871622449897,0.6758352954135245,0.2197459883619764
25806,GOF,0.11968259490605943,0.6178502235318686,0.2624671815620719
25807,GOF,0.019253508093339523,0.6108119343235197,0.3699345575831408
25808,GOF,0.09231576588013782,0.5559071980273355,0.3517770360925266
25809,GOF,0.01745481996915071,0.5105576200729557,0.47198755995789365
25810,GOF,0.020025197331177896,0.538676873539985,0.4412979291288372
25811,Neutral,0.6030073934410604,0.321465581773823,0.07552702478511665
25812,GOF,0.048421816521228,0.5231837940002123,0.42839438947855973
25813,Neutral,0.73081295841097,0.12086617136310604,0.1483208702259239
25814,GOF,0.2727895026055146,0.4700157753953105,0.257194721999175
25815,GOF,0.41857357531790745,0.422527991501762,0.15889843318033053
25816,GOF,0.02427788159699718,0.615992436836728,0.35972968156627483
25817,GOF,0.2274653680632548,0.6131159490265916,0.15941868291015357
25818,GOF,0.044163043264572814,0.54972658719237,0.40611036954305724
25819,GOF,0.31670309140371083,0.48429428134445074,0.19900262725183832
25820,GOF,0.18324784640348513,0.5464202017557477,0.27033195184076714
25821,GOF,0.05740758736001158,0.6544314130968162,0.2881609995431723
25822,GOF,0.21021247823904984,0.5110409466593089,0.27874657510164125
25823,GOF,0.04002775411012105,0.6257037096002241,0.3342685362896548
25824,GOF,0.10632763351339326,0.4633344679536342,0.4303378985329726
25825,GOF,0.039648254968784456,0.4874835137061795,0.4728682313250361
25826,GOF,0.013056077742061703,0.574055601991163,0.4128883202667753
25827,GOF,0.02131118514496476,0.6680048935530856,0.3106839213019497
25828,GOF,0.013914807870688993,0.6019734360218354,0.3841117561074756
25829,GOF,0.00884447103324387,0.5469095351367671,0.4442459938299891
25830,LOF,0.07166970231944508,0.08854355455656225,0.8397867431239926
25831,GOF,0.11664659281368939,0.7301898137211416,0.15316359346516914
25832,GOF,0.03644048528667371,0.7141606061847584,0.24939890852856783
25833,GOF,0.13720259069523869,0.680022700178504,0.18277470912625723
25834,GOF,0.05038928169710999,0.7111257482615732,0.23848497004131686
25835,GOF,0.12362517029923532,0.6502615336112727,0.22611329608949204
25836,GOF,0.050102291138026465,0.669681838719587,0.28021587014238664
25837,GOF,0.030170299149749513,0.55116769722555,0.4186620036247005
25838,GOF,0.11430960539989937,0.6744069427990345,0.21128345180106617
25839,GOF,0.37810388489185354,0.39364458884561526,0.2282515262625313
25840,GOF,0.1985986008665041,0.5756825962407887,0.22571880289270718
25841,GOF,0.2501246203532939,0.5233966962384947,0.22647868340821128
25842,GOF,0.3144595546821486,0.4034256975197649,0.2821147477980864
25843,GOF,0.251463157152746,0.5812333187590345,0.16730352408821947
25844,GOF,0.12123690975736234,0.4398216682751117,0.4389414219675259
25845,GOF,0.022246201463670907,0.5712428778822295,0.4065109206540996
25846,GOF,0.08995289793438169,0.6785535566045188,0.23149354546109965
25847,GOF,0.16369317674360057,0.6202828763251542,0.21602394693124521
25848,GOF,0.049260332458637285,0.579044321900377,0.3716953456409857
25849,GOF,0.01176022276459254,0.5867522686141391,0.40148750862126836
25850,GOF,0.02631483032351817,0.6731346366411403,0.3005505330353415
25851,GOF,0.018890599465832405,0.6025773822867581,0.3785320182474095
25852,GOF,0.12600564599124392,0.5435338430859554,0.33046051092280054
25853,GOF,0.33120042463384786,0.4715303696181023,0.19726920574804996
25854,GOF,0.012516311137651615,0.6393254341429635,0.3481582547193849
25855,LOF,0.04550056697771925,0.4364942456263843,0.5180051873958965
25856,GOF,0.2528183368575179,0.44390155263811304,0.303280110504369
25857,GOF,0.036848547110072676,0.49885796860652487,0.46429348428340234
25858,GOF,0.019775654693225543,0.6735210568353709,0.3067032884714036
25859,GOF,0.010988505844699785,0.6674235305490002,0.32158796360630004
25860,GOF,0.3602659798700901,0.4151172310433929,0.2246167890865171
25861,GOF,0.25004681080998203,0.6555450804848126,0.09440810870520526
25862,GOF,0.08634848025688267,0.7502359539742854,0.16341556576883196
25863,GOF,0.10197705378512113,0.713927064016837,0.18409588219804193
25864,GOF,0.20953294683278206,0.6790611711477929,0.11140588201942506
25865,GOF,0.08907576213385732,0.8070969436579756,0.10382729420816714
25866,GOF,0.08052054464834545,0.7823525631190028,0.13712689223265184
25867,GOF,0.10060713469411495,0.7941308949539142,0.1052619703519707
25868,GOF,0.21623568961937387,0.5840277706404235,0.1997365397402027
25869,Neutral,0.7275684267231298,0.20746906192191827,0.06496251135495186
25870,LOF,0.12030535664805565,0.06607182204799837,0.8136228213039459
25871,GOF,0.08226471883336113,0.5621098440773252,0.35562543708931366
25872,GOF,0.10416960671853352,0.5235203898249087,0.3723100034565578
25873,GOF,0.13422709832999435,0.6304541706864671,0.23531873098353845
25874,LOF,0.03045028055926944,0.05135096129462556,0.918198758146105
25875,LOF,0.0631228076993583,0.25903940718997326,0.6778377851106685
25876,LOF,0.022923293367065577,0.1153713270161095,0.8617053796168249
25877,Neutral,0.38397907290022065,0.2348149996522698,0.38120592744750953
25878,LOF,0.1701086263689619,0.4128710056855763,0.41702036794546166
25879,LOF,0.0784962311195816,0.40077307741403084,0.5207306914663875
25880,LOF,0.02783849074716906,0.0969906902323975,0.8751708190204335
25881,LOF,0.39892033180734715,0.12614966981319115,0.47492999837946165
25882,LOF,0.0940765738697212,0.019466739826507748,0.8864566863037711
25883,LOF,0.07442940708570994,0.04491969737801797,0.8806508955362721
25884,LOF,0.07225905080133099,0.04633835676763669,0.8814025924310323
25885,LOF,0.09245569875425431,0.024911955814504623,0.882632345431241
25886,LOF,0.22731338212644445,0.1297318771214901,0.6429547407520655
25887,LOF,0.4006794811965472,0.09655107898919396,0.5027694398142588
25888,LOF,0.16236013804079577,0.07764186223678549,0.7599979997224188
25889,LOF,0.07986826204860166,0.04978200597774808,0.8703497319736502
25890,LOF,0.0538212122043591,0.08496452964022878,0.8612142581554121
25891,LOF,0.05588200286953552,0.03319758816113248,0.910920408969332
25892,LOF,0.09569166425193365,0.05072481517356181,0.8535835205745045
25893,LOF,0.32382326282329715,0.04407225093549662,0.6321044862412063
25894,LOF,0.14326881623546636,0.014448160012143715,0.8422830237523898
25895,LOF,0.17376373753667085,0.014105415049197337,0.8121308474141319
25896,LOF,0.050020284542876416,0.0172972074029335,0.9326825080541902
25897,LOF,0.17542585361504126,0.049056869221332615,0.7755172771636261
25898,Neutral,0.6370793539853303,0.02678673245800994,0.3361339135566596
25899,LOF,0.2132760890284389,0.15392306911469525,0.6328008418568659
25900,Neutral,0.8018168061456465,0.03297905056383571,0.16520414329051772
25901,LOF,0.0787023714323682,0.029376085925443166,0.8919215426421887
25902,LOF,0.12506931714991867,0.025752222062898077,0.8491784607871832
25903,Neutral,0.5562612679885159,0.07224843549726871,0.37149029651421533
25904,LOF,0.2747836808629751,0.07981590271091261,0.6454004164261122
25905,LOF,0.014672079476621504,0.40816211756189147,0.577165802961487
25906,LOF,0.025329429260942383,0.05890110846213565,0.9157694622769219
25907,LOF,0.012028928961439204,0.2939158054831234,0.6940552655554374
25908,LOF,0.016945888446422953,0.1761642626168475,0.8068898489367295
25909,LOF,0.026776572227760493,0.14751742661573644,0.8257060011565032
25910,GOF,0.01139914969525255,0.5159137452896375,0.47268710501511
25911,LOF,0.07325717559221946,0.03089624359944008,0.8958465808083405
25912,LOF,0.033767960317108214,0.07600413931606072,0.8902279003668312
25913,LOF,0.20899236328845905,0.03104327128001605,0.7599643654315249
25914,LOF,0.053149017544809773,0.17919333835785942,0.7676576440973308
25915,Neutral,0.49375976554496287,0.3440956788800913,0.16214455557494592
25916,GOF,0.041169331595260386,0.6991005379313591,0.2597301304733805
25917,LOF,0.030391223458246443,0.12372402461463301,0.8458847519271206
25918,LOF,0.04844024896591449,0.07927387360755106,0.8722858774265345
25919,LOF,0.049927310616395534,0.05376312260764406,0.8963095667759604
25920,GOF,0.2644523164416166,0.6077690542433416,0.12777862931504183
25921,LOF,0.05487576814688005,0.06456804388244454,0.8805561879706755
25922,LOF,0.04810710582635065,0.04886751327040403,0.9030253809032455
25923,LOF,0.22862051498890876,0.1306237551533188,0.6407557298577724
25924,LOF,0.07011622514604988,0.025248240160190033,0.90463553469376
25925,LOF,0.05405211942895929,0.05171793791835848,0.8942299426526823
25926,LOF,0.03615621160570751,0.040660960354716336,0.9231828280395762
25927,LOF,0.10087132154117309,0.12341043106879038,0.7757182473900366
25928,LOF,0.044664960043977894,0.030569109651273005,0.9247659303047491
25929,LOF,0.34795281312808884,0.11967123958214128,0.5323759472897699
25930,LOF,0.07414713518311794,0.04248763731206479,0.8833652275048173
25931,LOF,0.04775684018269049,0.02206497798969656,0.9301781818276129
25932,LOF,0.08009020344413315,0.029215828360341863,0.8906939681955249
25933,LOF,0.08247956062530656,0.02576693248330429,0.8917535068913892
25934,LOF,0.07728663007236111,0.03822327050768304,0.8844900994199558
25935,LOF,0.039790036043550865,0.048571147013832444,0.9116388169426167
25936,LOF,0.08473061054033465,0.025119440375157523,0.8901499490845077
25937,LOF,0.05655139577527374,0.03820471840543653,0.9052438858192897
25938,LOF,0.05319123747152195,0.10383442486893808,0.8429743376595401
25939,LOF,0.06530226064515376,0.04366750498519351,0.8910302343696528
25940,GOF,0.024879081178133478,0.5637972304929473,0.4113236883289193
25941,LOF,0.18464877412121797,0.05133857514733316,0.7640126507314488
25942,LOF,0.033087739193100735,0.010443400099415412,0.9564688607074839
25943,LOF,0.45459089275682996,0.03818500297741308,0.507224104265757
25944,Neutral,0.5085106833504579,0.027232536460507783,0.46425678018903427
25945,LOF,0.18085093074289135,0.14174081368669558,0.6774082555704132
25946,LOF,0.018959638016843892,0.25078737938051976,0.7302529826026363
25947,LOF,0.08501080914191413,0.13423975253947804,0.7807494383186079
25948,LOF,0.39581244225115414,0.007937178022713435,0.5962503797261325
25949,LOF,0.14511102681938617,0.01322575097264909,0.8416632222079646
25950,GOF,0.24079730653772907,0.48350101066920775,0.275701682793063
25951,LOF,0.18300581789161993,0.25146289114626896,0.5655312909621111
25952,GOF,0.04047963511978576,0.517359074932152,0.44216128994806225
25953,LOF,0.14207366787626632,0.3497681705176255,0.5081581616061082
25954,Neutral,0.48862219020816033,0.3638401263022016,0.14753768348963794
25955,LOF,0.04788040170311365,0.1829805653059144,0.7691390329909719
25956,LOF,0.14185826153696549,0.11881797705555477,0.7393237614074797
25957,LOF,0.034761279565345166,0.03984834876702116,0.9253903716676336
25958,LOF,0.0806469743698186,0.03902471722822344,0.8803283084019581
25959,LOF,0.14954788137123495,0.41706430451662846,0.4333878141121366
25960,LOF,0.027566855682496443,0.0859750498280595,0.8864580944894441
25961,LOF,0.07048595871029696,0.08901717162361933,0.8404968696660837
25962,LOF,0.052024119148520315,0.07376278527863181,0.8742130955728478
25963,LOF,0.037128563559858746,0.15851506615181654,0.8043563702883246
25964,LOF,0.07220459248967687,0.13297982120298446,0.7948155863073386
25965,Neutral,0.50948286401753,0.10165453620240304,0.388862599780067
25966,LOF,0.19745097064871747,0.3363651890471973,0.4661838403040854
25967,LOF,0.024269547131961434,0.15180759839714883,0.8239228544708899
25968,LOF,0.054668193904912024,0.33977583149128654,0.6055559746038015
25969,LOF,0.019276779610118994,0.07162872319215856,0.9090944971977224
25970,LOF,0.043367784632137606,0.03266346406332377,0.9239687513045387
25971,LOF,0.08830176297652381,0.04922809409551647,0.8624701429279596
25972,LOF,0.11666676919390866,0.052253907463484336,0.831079323342607
25973,LOF,0.14182740735817437,0.012441236522391036,0.8457313561194346
25974,LOF,0.3380524211011921,0.04838065497074241,0.6135669239280654
25975,LOF,0.07332199365036987,0.03910028127729873,0.8875777250723313
25976,LOF,0.03365653396845035,0.07728199682781067,0.8890614692037389
25977,LOF,0.03413667312177716,0.271111939453942,0.6947513874242808
25978,LOF,0.28467085779715845,0.10242681642649591,0.6129023257763455
25979,LOF,0.23185602163211744,0.14016728210678403,0.6279766962610985
25980,LOF,0.28062869863077816,0.17662628297243094,0.5427450183967909
25981,LOF,0.28062869863077816,0.17662628297243094,0.5427450183967909
25982,Neutral,0.4955557885424561,0.09657407358349679,0.40787013787404713
25983,Neutral,0.5305555065337154,0.09426523800956454,0.37517925545672004
25984,LOF,0.03389433269637041,0.26684593799506784,0.6992597293085617
25985,LOF,0.020365802802032984,0.4897320577990521,0.48990213939891497
25986,GOF,0.03397543345503513,0.5204879707134819,0.44553659583148303
25987,LOF,0.0642498121547382,0.1300328254371701,0.8057173624080918
25988,LOF,0.030258075676109827,0.267304522383513,0.7024374019403772
25989,LOF,0.024785862727920417,0.26773840602283433,0.7074757312492452
25990,LOF,0.03079573971622653,0.17924614672385128,0.7899581135599222
25991,LOF,0.1810882867361622,0.30376377058274256,0.5151479426810952
25992,LOF,0.28724889413640003,0.23031517513498068,0.48243593072861934
25993,LOF,0.03938466550955512,0.08643220007428165,0.8741831344161632
25994,LOF,0.03887657282585395,0.08734936118294255,0.8737740659912034
25995,LOF,0.04039226625173443,0.11677362155883715,0.8428341121894285
25996,LOF,0.13641913138110978,0.3046938650635169,0.5588870035553734
25997,GOF,0.0686738853527203,0.4825849537073382,0.44874116093994143
25998,LOF,0.4646701529720277,0.015473757072631182,0.5198560899553412
25999,LOF,0.14222800106088668,0.41078713026796077,0.4469848686711525
26000,LOF,0.07309898983484496,0.023118487745086822,0.9037825224200683
26001,LOF,0.12159781289558289,0.09101521170967135,0.7873869753947457
26002,LOF,0.08489118061486702,0.048365633123422555,0.8667431862617104
26003,GOF,0.013409281246789454,0.6983257769416265,0.2882649418115841
26004,GOF,0.04327802660064104,0.7702877571599887,0.1864342162393703
26005,GOF,0.016105974594863556,0.538424454644884,0.4454695707602525
26006,Neutral,0.5282528574590029,0.2888338487838042,0.1829132937571929
26007,GOF,0.021760976361871784,0.6875856634515708,0.2906533601865575
26008,GOF,0.021695016813491213,0.658407989939911,0.31989699324659776
26009,GOF,0.04446548786769934,0.668785453354503,0.2867490587777976
26010,GOF,0.013588417533316622,0.8295747606056035,0.15683682186107994
26011,GOF,0.009593393419538713,0.6170802836175775,0.37332632296288387
26012,GOF,0.017928244323290855,0.5713423417850667,0.41072941389164236
26013,GOF,0.012445501302847259,0.7275031580553606,0.26005134064179214
26014,LOF,0.05590735847340203,0.11858584145392045,0.8255068000726775
26015,LOF,0.19478020516415692,0.010434223887897165,0.7947855709479459
26016,LOF,0.3412145287177935,0.046586430509687464,0.6121990407725191
26017,LOF,0.2898090820823307,0.06227594900041028,0.647914968917259
26018,LOF,0.07483796290505594,0.05484931831466094,0.870312718780283
26019,LOF,0.08070251167009192,0.026784682272767504,0.8925128060571405
26020,LOF,0.11586938930168617,0.06832348683172185,0.8158071238665919
26021,LOF,0.10936555910201715,0.08783648120153477,0.8027979596964482
26022,LOF,0.025490517194710155,0.03052163155460524,0.9439878512506845
26023,LOF,0.16049850087252704,0.037851327210375964,0.801650171917097
26024,LOF,0.040889231271366386,0.12068005906360574,0.838430709665028
26025,LOF,0.2743131418496201,0.1393973875011746,0.5862894706492052
26026,LOF,0.46701502135409456,0.031029702808127488,0.501955275837778
26027,LOF,0.08756870043532534,0.02257736861767407,0.8898539309470006
26028,LOF,0.20040599235133416,0.12305384267046394,0.676540164978202
26029,LOF,0.06247115755758807,0.39659761683762323,0.5409312256047887
26030,LOF,0.02614858202124372,0.09668709730894125,0.877164320669815
26031,LOF,0.01636874856671115,0.31298787628605623,0.6706433751472326
26032,LOF,0.044173693798447565,0.1864489978903811,0.7693773083111713
26033,LOF,0.11707150324885103,0.40942145226529053,0.4735070444858584
26034,LOF,0.027652790347433655,0.23726179176078116,0.7350854178917852
26035,LOF,0.024523959315769565,0.2933999126535653,0.6820761280306652
26036,LOF,0.03285341168046308,0.24264301273395356,0.7245035755855833
26037,LOF,0.019335323561625414,0.21768362662974608,0.7629810498086285
26038,LOF,0.04384707996506208,0.1737778661689057,0.7823750538660322
26039,LOF,0.04266601229720848,0.27105059790494834,0.6862833897978432
26040,GOF,0.19360797958631673,0.5698593048668273,0.23653271554685598
26041,LOF,0.022950613984883635,0.21352448607591273,0.7635248999392037
26042,LOF,0.023188831512205427,0.19025614154756293,0.7865550269402316
26043,LOF,0.041196784669236576,0.23340217794601695,0.7254010373847466
26044,LOF,0.02716476437983799,0.16323475800506895,0.8096004776150931
26045,LOF,0.054873457272268666,0.27495058274721385,0.6701759599805175
26046,LOF,0.04696103014018284,0.2580605547694407,0.6949784150903765
26047,LOF,0.0574310867647873,0.23789191235802584,0.7046770008771868
26048,LOF,0.06774777427641848,0.16535286222259565,0.7668993635009859
26049,Neutral,0.9140690536382738,0.044412415930867866,0.041518530430858215
26050,Neutral,0.8935482277914054,0.0520811392518228,0.054370632956771796
26051,GOF,0.024915962293338766,0.6405424942901579,0.33454154341650344
26052,GOF,0.023470367918399907,0.4939637125627913,0.48256591951880873
26053,LOF,0.04913112744809046,0.2984529241403187,0.6524159484115909
26054,LOF,0.060969847493371546,0.0366477462896683,0.9023824062169602
26055,LOF,0.049758137794663655,0.02719456123429833,0.9230473009710379
26056,LOF,0.04059383812248914,0.031241745594968805,0.9281644162825421
26057,LOF,0.06232700057701411,0.09301080293880493,0.844662196484181
26058,LOF,0.06281618281662395,0.07708982023184183,0.8600939969515343
26059,LOF,0.3949855940561358,0.06508917735407072,0.5399252285897934
26060,LOF,0.05434332780133307,0.3254607096770893,0.6201959625215776
26061,LOF,0.03608513499217866,0.08071088480519699,0.8832039802026244
26062,LOF,0.027820296755366222,0.041467333406467015,0.9307123698381669
26063,LOF,0.06875345194842378,0.06357820052714755,0.8676683475244286
26064,LOF,0.03883989295568115,0.04138721544178608,0.9197728916025328
26065,LOF,0.07091183420726863,0.04633720834154073,0.8827509574511907
26066,LOF,0.07444085969065686,0.06257097441521114,0.862988165894132
26067,LOF,0.0757484560193083,0.05493066575884516,0.8693208782218466
26068,LOF,0.05134975236782684,0.06262200732996732,0.8860282403022057
26069,LOF,0.33658160993228375,0.0421827798387241,0.6212356102289922
26070,Neutral,0.5649321607402312,0.028824648722610424,0.40624319053715824
26071,LOF,0.06219939461672401,0.07170258068411675,0.8660980246991593
26072,LOF,0.046279438206538896,0.08670499943201947,0.8670155623614416
26073,LOF,0.07122966845765077,0.033596284328768204,0.8951740472135811
26074,Neutral,0.9603664830581691,0.012160108457788407,0.027473408484042332
26075,LOF,0.031156492856731634,0.03808141292762322,0.9307620942156453
26076,LOF,0.07296928371709688,0.04954385146449495,0.8774868648184081
26077,LOF,0.025150630026812712,0.08580688211591983,0.8890424878572675
26078,LOF,0.025754557960206318,0.06311955827039571,0.9111258837693981
26079,LOF,0.05116037458214738,0.03703996666011559,0.911799658757737
26080,LOF,0.05116037458214738,0.03703996666011559,0.911799658757737
26081,LOF,0.07306062075592387,0.06278551194114648,0.8641538673029295
26082,LOF,0.03658099631100073,0.03846662168703909,0.9249523820019602
26083,LOF,0.07128478957566005,0.05353774960485556,0.8751774608194844
26084,LOF,0.0627559945866337,0.07607248280300612,0.8611715226103602
26085,LOF,0.0627559945866337,0.07607248280300612,0.8611715226103602
26086,LOF,0.06637724466613762,0.08410841255004824,0.8495143427838142
26087,LOF,0.06751867680161623,0.06068744035274317,0.8717938828456407
26088,LOF,0.03719526573780518,0.15215146285655998,0.8106532714056349
26089,LOF,0.04468853648327548,0.03249322753641984,0.9228182359803047
26090,LOF,0.03988948571373922,0.02764135894421825,0.9324691553420426
26091,LOF,0.07900653614745606,0.03215645975693696,0.888837004095607
26092,LOF,0.06975450719070884,0.07522174902079623,0.855023743788495
26093,LOF,0.076670042851576,0.03112957363092866,0.8922003835174953
26094,LOF,0.07829059856779957,0.029095567405238523,0.8926138340269618
26095,LOF,0.07311204789089562,0.043260740085488886,0.8836272120236155
26096,LOF,0.03901715989566861,0.03135364570320366,0.9296291944011277
26097,LOF,0.021856451232927048,0.10429340394931041,0.8738501448177626
26098,LOF,0.05304565844178491,0.024228267366219712,0.9227260741919953
26099,LOF,0.07917159563425938,0.06955175118765906,0.8512766531780817
26100,LOF,0.07917159563425938,0.06955175118765906,0.8512766531780817
26101,LOF,0.06252912495494173,0.1383100637794627,0.7991608112655955
26102,LOF,0.06469650687559816,0.07038428855333387,0.864919204571068
26103,Neutral,0.7740396742436255,0.08948968397952894,0.13647064177684556
26104,LOF,0.039297889808013915,0.0584762151352729,0.9022258950567132
26105,LOF,0.18286007416350003,0.0763990862643873,0.7407408395721126
26106,LOF,0.17353738108695171,0.032712677598025056,0.7937499413150232
26107,LOF,0.28457822710840486,0.0436658391264333,0.671755933765162
26108,LOF,0.15508879073082188,0.06438964111664343,0.7805215681525347
26109,LOF,0.06992780398221118,0.08878608988945023,0.8412861061283385
26110,LOF,0.2870956641352759,0.026662004397888073,0.686242331466836
26111,LOF,0.3364809885736173,0.13217773816735195,0.5313412732590307
26112,LOF,0.0869557585045908,0.027166739372139568,0.8858775021232697
26113,LOF,0.0877175534089192,0.08410731948714668,0.8281751271039341
26114,LOF,0.03615674434973369,0.023269900744005822,0.9405733549062605
26115,LOF,0.17479153631624822,0.0452429895635709,0.7799654741201809
26116,LOF,0.0950660957238112,0.05097300084930655,0.8539609034268824
26117,LOF,0.29098510022091334,0.1716297346010522,0.5373851651780345
26118,LOF,0.06732792560260928,0.03015553690309743,0.9025165374942932
26119,LOF,0.04063947323814381,0.13252011846795855,0.8268404082938977
26120,LOF,0.060385710846372884,0.0440392354964364,0.8955750536571908
26121,LOF,0.07216982073260048,0.11101777328604866,0.8168124059813509
26122,LOF,0.08958697305821355,0.13688549132461475,0.7735275356171717
26123,LOF,0.0706670439003861,0.18156471768865334,0.7477682384109606
