feature0,prediction,LoGoFunc_Neutral,LoGoFunc_GOF,LoGoFunc_LOF
25546,Neutral,0.6232099417038596,0.0671719967456258,0.3096180615505148
25547,Neutral,0.4782092096408,0.11970081862195676,0.4020899717372432
25548,Neutral,0.4842541045684035,0.09725522077328948,0.4184906746583069
25549,LOF,0.42376175071287625,0.10061771198975829,0.4756205372973654
25550,LOF,0.33442671988368733,0.12831796655664277,0.5372553135596699
25551,LOF,0.2840347434581519,0.1402991749725676,0.5756660815692806
25552,LOF,0.2636535520939628,0.1419909422514502,0.594355505654587
25553,Neutral,0.7889848374790042,0.052674781601795034,0.15834038091920075
25554,LOF,0.3034504153071624,0.1312365072528432,0.5653130774399944
25555,LOF,0.26397852437791886,0.12088679204965391,0.6151346835724272
25556,LOF,0.43530121055109194,0.11448162660722311,0.45021716284168495
25557,LOF,0.26007711073916595,0.13059344967728534,0.6093294395835488
25558,LOF,0.3091259276800229,0.12696984968131003,0.563904222638667
25559,LOF,0.2709106281202158,0.09039439330818444,0.6386949785715998
25560,LOF,0.1288462788619867,0.13708351534659557,0.7340702057914178
25561,LOF,0.14093897550436088,0.17309069828901533,0.6859703262066238
25562,LOF,0.05544985283381868,0.10355753139991992,0.8409926157662614
25563,LOF,0.016354306204896956,0.1601148054965293,0.8235308882985737
25564,LOF,0.12306655835311082,0.13041663160789405,0.7465168100389951
25565,LOF,0.19685786585941778,0.12410847732154966,0.6790336568190326
25566,GOF,0.06220479228909941,0.6739553254912103,0.26383988221969024
25567,LOF,0.039115283500259966,0.166882234456421,0.7940024820433189
25568,LOF,0.05788625201773003,0.08753040021856506,0.8545833477637048
25569,LOF,0.06102541044878313,0.08363567370259203,0.8553389158486248
25570,LOF,0.030533756149569397,0.13091000804529374,0.8385562358051369
25571,LOF,0.029224147922444016,0.14040319073768603,0.83037266133987
25572,LOF,0.06201955015423606,0.15614645973277566,0.7818339901129883
25573,LOF,0.058909690678437834,0.11571144088678542,0.8253788684347768
25574,LOF,0.06004789014014185,0.21965974543027253,0.7202923644295856
25575,LOF,0.024535079952802668,0.1328899499718579,0.8425749700753395
25576,LOF,0.029251213647712798,0.18821467875352052,0.7825341075987667
25577,LOF,0.03240855561011039,0.1496762438663649,0.8179152005235246
25578,LOF,0.30002098025005547,0.10586156169190843,0.5941174580580361
25579,LOF,0.18358393884966173,0.1059894710160639,0.7104265901342743
25580,LOF,0.021721140803242205,0.09359987758540878,0.884678981611349
25581,LOF,0.0501324068218608,0.0876370212231994,0.8622305719549398
25582,LOF,0.05004326028522478,0.08478788805713638,0.8651688516576387
25583,LOF,0.02509914610341092,0.10782398653987611,0.867076867356713
25584,Neutral,0.7000120778349043,0.14162814544619065,0.158359776718905
25585,LOF,0.02132732414924572,0.1739654366897095,0.8047072391610447
25586,LOF,0.018337691894137798,0.09520175525485529,0.886460552851007
25587,LOF,0.018487948739519873,0.08626662719910864,0.8952454240613715
25588,LOF,0.021615449586180443,0.09926855409744399,0.8791159963163756
25589,Neutral,0.518505036493805,0.2482473612074385,0.23324760229875643
25590,LOF,0.04633390111853435,0.1505560979273754,0.8031100009540902
25591,LOF,0.085066232933489,0.07250714218287779,0.8424266248836333
25592,LOF,0.05728227673038106,0.177838390217534,0.764879333052085
25593,LOF,0.12208552113493765,0.3071851247153377,0.5707293541497246
25594,LOF,0.05116632706545275,0.06405020312080209,0.884783469813745
25595,LOF,0.04875703196305027,0.04228910375092372,0.908953864286026
25596,LOF,0.11031057522501904,0.024057373459967,0.865632051315014
25597,LOF,0.08952332991755968,0.029515460924544042,0.8809612091578962
25598,LOF,0.04934338596986457,0.04838789651686844,0.902268717513267
25599,LOF,0.024046028733942477,0.4136847872599612,0.5622691840060962
25600,LOF,0.21305010152835785,0.3874874775371473,0.39946242093449486
25601,LOF,0.04436138054346131,0.3153283503832516,0.640310269073287
25602,LOF,0.030300989533370543,0.06832032775913419,0.9013786827074953
25603,LOF,0.036236272190444764,0.04136664896248299,0.9223970788470721
25604,LOF,0.041159598762697105,0.08712145525640427,0.8717189459808986
25605,LOF,0.031420414058448844,0.17970528999609428,0.788874295945457
25606,LOF,0.4096765249396204,0.1314413531241235,0.458882121936256
25607,LOF,0.028516222674828236,0.18532184633896004,0.7861619309862118
25608,LOF,0.040977958539256835,0.0981756055011882,0.8608464359595549
25609,GOF,0.11445496996786608,0.5076706252838472,0.37787440474828676
25610,LOF,0.0155217975135112,0.04975952578048266,0.9347186767060061
25611,LOF,0.013334654257477381,0.05729356145270059,0.9293717842898221
25612,LOF,0.048267471907246735,0.06093196307450968,0.8908005650182436
25613,LOF,0.047337308626719386,0.05920436269796463,0.893458328675316
25614,LOF,0.02320691030261356,0.04520250656983648,0.9315905831275499
25615,LOF,0.045305815556679924,0.06407348729964525,0.8906206971436749
25616,LOF,0.05286300580585646,0.04819791781895941,0.8989390763751842
25617,LOF,0.0406755338574204,0.05755729521577908,0.9017671709268005
25618,LOF,0.046902794552260735,0.07269691869859835,0.8804002867491408
25619,LOF,0.01314241419546725,0.055561982046558545,0.9312956037579742
25620,LOF,0.05918966014215097,0.06344995252475033,0.8773603873330986
25621,LOF,0.06370486686046023,0.053490343259563054,0.8828047898799768
25622,LOF,0.06737752657635382,0.06282483716186398,0.8697976362617822
25623,LOF,0.06994166778913768,0.04100300353084319,0.8890553286800191
25624,LOF,0.01890665535124002,0.0482047609606045,0.9328885836881554
25625,LOF,0.06363809341673489,0.059932986157490424,0.8764289204257748
25626,LOF,0.05109730421657395,0.05556600070226985,0.8933366950811561
25627,Neutral,0.8818691988829044,0.020637180677967718,0.09749362043912788
25628,LOF,0.15038893849973836,0.05249312869686189,0.7971179328033998
25629,LOF,0.06848273027540581,0.04190691052368716,0.8896103592009069
25630,LOF,0.2583866381927582,0.055961661770633525,0.6856517000366082
25631,Neutral,0.5548799260151115,0.05779658406502795,0.3873234899198606
25632,LOF,0.026511880262786097,0.07164910678993298,0.901839012947281
25633,LOF,0.19505359955813587,0.038828550885566,0.7661178495562981
25634,LOF,0.03989331143519778,0.07556621327553538,0.8845404752892668
25635,LOF,0.03658325958286679,0.038296038938986914,0.9251207014781464
25636,LOF,0.03653911329536616,0.45349466392245086,0.509966222782183
25637,LOF,0.05888046130258249,0.4686414486072803,0.4724780900901373
25638,LOF,0.027238644632824983,0.3793350163980308,0.5934263389691442
25639,LOF,0.030143856347695477,0.4170795546053495,0.552776589046955
25640,Neutral,0.8303747136186731,0.12035510948794609,0.0492701768933809
25641,LOF,0.0797388939991248,0.45935306241932844,0.46090804358154686
25642,LOF,0.07609576095181483,0.17038981737593376,0.7535144216722515
25643,LOF,0.24382523102210057,0.13185755936037727,0.624317209617522
25644,GOF,0.014305832359479924,0.49813639637921975,0.48755777126130045
25645,LOF,0.016700721013891844,0.4841954543416767,0.4991038246444315
25646,LOF,0.04572043614036673,0.30589104943268214,0.6483885144269511
25647,LOF,0.01769119514859926,0.24433287400477602,0.7379759308466248
25648,LOF,0.020585354963945025,0.2810935007873267,0.6983211442487283
25649,LOF,0.012465760513144767,0.22155674230188835,0.7659774971849668
25650,LOF,0.033295159629227675,0.45004580818037637,0.5166590321903959
25651,LOF,0.012186906019686845,0.2734726816382767,0.7143404123420365
25652,LOF,0.020172178385874324,0.27260393577749714,0.7072238858366285
25653,LOF,0.052677950682404086,0.4535343060565502,0.4937877432610457
25654,LOF,0.013869523972962374,0.2136130837567109,0.7725173922703268
25655,GOF,0.17478099975863057,0.449652254083448,0.3755667461579215
25656,LOF,0.30302879406227373,0.15899331536442982,0.5379778905732965
25657,LOF,0.05054678824135286,0.12466977571363713,0.82478343604501
25658,LOF,0.29496277512588653,0.13711026716131403,0.5679269577127996
25659,Neutral,0.45089787445559304,0.14033127337714982,0.40877085216725706
25660,LOF,0.02315593950024983,0.10284338236983753,0.8740006781299126
25661,LOF,0.09689860118068462,0.05976983693630673,0.8433315618830087
25662,LOF,0.035524082749650104,0.03193549158399128,0.9325404256663585
25663,LOF,0.04308396550617507,0.0459730697520605,0.9109429647417645
25664,LOF,0.13945197435849027,0.06770443102436197,0.7928435946171478
25665,LOF,0.06416922989760823,0.026954527255376275,0.9088762428470154
25666,LOF,0.10030242081586688,0.06778941928318497,0.8319081599009482
25667,LOF,0.07762939227945118,0.0456615886163838,0.8767090191041651
25668,LOF,0.03865241267478517,0.05312730898821417,0.9082202783370006
25669,LOF,0.03295534826840265,0.050006199861665365,0.917038451869932
25670,LOF,0.15300749147604506,0.06328093221597349,0.7837115763079815
25671,LOF,0.12308576733596244,0.036814067477868265,0.8401001651861694
25672,LOF,0.0524359500599599,0.03986973952826676,0.9076943104117733
25673,LOF,0.08491061312269775,0.052743159241348245,0.862346227635954
25674,LOF,0.07287803013701963,0.06291895146899017,0.8642030183939903
25675,LOF,0.11763345615327778,0.06656486478181056,0.8158016790649116
25676,LOF,0.019226970510154942,0.05564158984307291,0.9251314396467721
25677,LOF,0.025955000491364483,0.06856475755640169,0.9054802419522338
25678,LOF,0.20634259654870452,0.07590697604757063,0.7177504274037249
25679,LOF,0.1200194957409463,0.07134784080711527,0.8086326634519384
25680,LOF,0.033662480732418815,0.11482460105432442,0.8515129182132568
25681,LOF,0.050321169312475406,0.10619172341787393,0.8434871072696506
25682,LOF,0.13980111306664916,0.08005494117259615,0.7801439457607549
25683,LOF,0.11590512876100396,0.08325078040342225,0.8008440908355738
25684,LOF,0.04006577144561405,0.07135260603117427,0.8885816225232116
25685,LOF,0.1415031499873274,0.0754157608486069,0.7830810891640656
25686,LOF,0.09157639096424036,0.1021466581804368,0.8062769508553229
25687,LOF,0.11890964379701165,0.1128001312501953,0.7682902249527931
25688,LOF,0.42990889737748167,0.04870453286206118,0.521386569760457
25689,LOF,0.27808741745820575,0.05464918006139475,0.6672634024803995
25690,LOF,0.32094927327073425,0.035893176327957174,0.6431575504013086
25691,Neutral,0.6990691262223419,0.030406655514237994,0.2705242182634202
25692,LOF,0.3599882627829494,0.012377839822570413,0.6276338973944801
25693,LOF,0.03637069320575466,0.40531275020005086,0.5583165565941944
25694,LOF,0.12345778180502252,0.022303510451922685,0.8542387077430547
25695,LOF,0.1238436673296028,0.017550004695544602,0.8586063279748526
25696,LOF,0.14438556683801035,0.012404348244259036,0.8432100849177306
25697,LOF,0.08291842414414748,0.054511381194360824,0.8625701946614918
25698,LOF,0.3336287798034642,0.17134948889946564,0.49502173129707006
25699,Neutral,0.521669653411868,0.029985354106669766,0.44834499248146237
25700,LOF,0.09853110154510696,0.008489298745616599,0.8929795997092763
25701,LOF,0.18968991389870324,0.03586030025545401,0.7744497858458427
25702,GOF,0.19009258025430445,0.6012590307072527,0.2086483890384428
25703,LOF,0.01697588215087128,0.13387506322867904,0.8491490546204498
25704,LOF,0.03880684735375845,0.11082833516548672,0.8503648174807549
25705,LOF,0.04497012601544735,0.13812559838932273,0.8169042755952298
25706,LOF,0.15177194433310345,0.38849169146222867,0.459736364204668
25707,LOF,0.09598653101620491,0.3512272701010949,0.5527861988827002
25708,LOF,0.04883702935185486,0.30319266755113394,0.6479703030970113
25709,LOF,0.06622988260077091,0.04614521539965928,0.8876249019995699
25710,LOF,0.01222455880323251,0.12702744233024388,0.8607479988665236
25711,LOF,0.022181632272536573,0.08700074529603409,0.8908176224314294
25712,LOF,0.014624283940123012,0.1553401652241641,0.8300355508357129
25713,LOF,0.01998778516263337,0.09003736237614243,0.8899748524612243
25714,LOF,0.07684259651432843,0.07094152603119375,0.8522158774544779
25715,LOF,0.012557735664687217,0.12690235373175118,0.8605399106035615
25716,LOF,0.011995886929906385,0.09665238267749149,0.8913517303926021
25717,LOF,0.015020980283936907,0.06876543158943607,0.916213588126627
25718,LOF,0.011918396264002882,0.07977943511901929,0.9083021686169778
25719,LOF,0.021840861220702983,0.07507466861298259,0.9030844701663145
25720,LOF,0.024866956562538817,0.06569393034403595,0.9094391130934252
25721,LOF,0.014416510111821266,0.11574650377673458,0.8698369861114441
25722,LOF,0.01467568691986179,0.10516070870806882,0.8801636043720694
25723,LOF,0.024483430277475633,0.04783235745028239,0.9276842122722421
25724,LOF,0.03267515976855551,0.07723819048605043,0.8900866497453942
25725,LOF,0.012545606602729076,0.07294089324531343,0.9145135001519575
25726,LOF,0.016275167954216567,0.11155500941192852,0.872169822633855
25727,LOF,0.012666440528983592,0.08088471596068755,0.9064488435103288
25728,LOF,0.01066426563785537,0.1004059938821213,0.8889297404800233
25729,LOF,0.011158412722639401,0.09370515398423933,0.8951364332931213
25730,LOF,0.014241724262255772,0.09530204706493392,0.8904562286728104
25731,LOF,0.022598248092319115,0.08448495582622731,0.8929167960814536
25732,LOF,0.014687869086294781,0.07272779774740376,0.9125843331663015
25733,LOF,0.01824220495743918,0.06187287236431246,0.9198849226782485
25734,LOF,0.0113901537221807,0.10438646191636604,0.8842233843614532
25735,LOF,0.012649946254000788,0.07974249561928037,0.9076075581267189
25736,LOF,0.013803705577870118,0.09139894382798336,0.8947973505941466
25737,LOF,0.01258104439505324,0.08385890841741336,0.9035600471875334
25738,LOF,0.012942197281755748,0.09744047209962796,0.8896173306186163
25739,LOF,0.021990997466689356,0.07011979399285892,0.9078892085404517
25740,LOF,0.031650729643501505,0.10098834829279275,0.8673609220637056
25741,LOF,0.016961653181710244,0.10003336112024448,0.8830049856980452
25742,LOF,0.11708725438710613,0.06632908767738926,0.8165836579355046
25743,LOF,0.03588557030302794,0.061988951793056045,0.902125477903916
25744,Neutral,0.5741425850357766,0.23192844762478398,0.19392896733943943
25745,LOF,0.059710588068562796,0.07918935951456706,0.8611000524168703
25746,LOF,0.03963231447696863,0.10873266638177666,0.8516350191412546
25747,LOF,0.019378867500280034,0.07198073507264026,0.9086403974270797
25748,LOF,0.10777410647603324,0.12471906415750707,0.7675068293664598
25749,LOF,0.02516570358355949,0.09953837910263692,0.8752959173138035
25750,LOF,0.06792711864340532,0.10330633112717108,0.8287665502294236
25751,LOF,0.0886427732184526,0.1092103034710411,0.8021469233105064
25752,GOF,0.10774532260100765,0.6702714492140952,0.22198322818489713
25753,LOF,0.023446884272478045,0.2932511811090884,0.6833019346184336
25754,GOF,0.01564081939364993,0.7991481760596,0.1852110045467501
25755,LOF,0.026893963750406435,0.397148417477416,0.5759576187721777
25756,LOF,0.05029069817268743,0.3560353465908497,0.5936739552364628
25757,GOF,0.021468514771772435,0.8562542487953302,0.12227723643289737
25758,GOF,0.036621817772952966,0.7937124895984105,0.16966569262863657
25759,GOF,0.012560900199764235,0.6273699227184641,0.36006917708177166
25760,LOF,0.014860221130990935,0.26955922188300036,0.7155805569860086
25761,GOF,0.29778679101241223,0.6134163335400614,0.08879687544752637
25762,LOF,0.04644531768538425,0.2694161652156784,0.6841385170989374
25763,LOF,0.014648119883923092,0.19989459796882095,0.7854572821472559
25764,GOF,0.08309608095467684,0.6298024100189358,0.28710150902638737
25765,GOF,0.03922350452206396,0.747020353627225,0.21375614185071115
25766,GOF,0.06770401974781709,0.7721377324422992,0.16015824780988352
25767,GOF,0.15470407740827583,0.5759029101659379,0.2693930124257864
25768,LOF,0.09969418326684423,0.0634666634804677,0.8368391532526881
25769,LOF,0.05067443939906265,0.07243659513368962,0.8768889654672476
25770,LOF,0.3031997966135333,0.12213171246709704,0.5746684909193698
25771,LOF,0.046473782489144494,0.05996260040897363,0.8935636171018818
25772,LOF,0.01756181817223263,0.05608704922797953,0.9263511325997879
25773,LOF,0.05697497837826005,0.10021061059080451,0.8428144110309354
25774,LOF,0.025934865205014077,0.10479794273968582,0.8692671920553
25775,LOF,0.05188079046962468,0.05426593807372543,0.8938532714566498
25776,LOF,0.0684892810025233,0.034838383129665224,0.8966723358678115
25777,LOF,0.34546906416048456,0.09004032357120811,0.5644906122683073
25778,LOF,0.0666387786016628,0.05427941890861466,0.8790818024897225
25779,GOF,0.389927797836779,0.5606972023845291,0.04937499977869187
25780,GOF,0.3452222956112394,0.5688253558351954,0.08595234855356526
25781,GOF,0.1355605691195895,0.7498424858018519,0.11459694507855868
25782,GOF,0.18788776553920367,0.7163164773839971,0.09579575707679919
25783,GOF,0.02200932156039369,0.6172520912753322,0.3607385871642741
25784,Neutral,0.5257532311836184,0.42680576956865274,0.04744099924772887
25785,Neutral,0.5197092512337971,0.434982815804772,0.04530793296143101
25786,GOF,0.033280517259824,0.7581054765684334,0.20861400617174267
25787,Neutral,0.6948155212138041,0.2760553698330638,0.029129108953132272
25788,LOF,0.053762052695090976,0.0827902757979997,0.8634476715069094
25789,GOF,0.21604734052355937,0.6352918391025864,0.14866082037385436
25790,GOF,0.22440361368486986,0.6847310892447704,0.0908652970703596
25791,GOF,0.14255479322079648,0.6830523357055784,0.17439287107362508
25792,GOF,0.36184958856035904,0.5063298452038375,0.13182056623580343
25793,GOF,0.27094017169052625,0.5038127640539871,0.2252470642554866
25794,GOF,0.32549116690929164,0.49383566587083566,0.18067316721987267
25795,GOF,0.08013798763275284,0.6660065047472591,0.2538555076199881
25796,Neutral,0.5388909322812581,0.3633549865354712,0.09775408118327072
25797,GOF,0.09156827661202901,0.5592722381295379,0.349159485258433
25798,GOF,0.00846454689370151,0.5535585663423065,0.43797688676399205
25799,LOF,0.007114159932677514,0.43509198851247377,0.5577938515548486
25800,GOF,0.03774686164451723,0.6092172597536267,0.35303587860185603
25801,GOF,0.2485218673963304,0.642753390514173,0.10872474208949663
25802,GOF,0.06781012371592147,0.6931538569028867,0.2390360193811919
25803,GOF,0.03727128537997663,0.5784205521203041,0.3843081624997192
25804,GOF,0.0360357949859702,0.5199385431339079,0.444025661880122
25805,GOF,0.12921249848314484,0.5754393131716974,0.29534818834515775
25806,GOF,0.13419085708394995,0.5790153828417862,0.2867937600742639
25807,GOF,0.020134349126123094,0.618506600879113,0.361359049994764
25808,GOF,0.09384246453420787,0.597180598681236,0.3089769367845562
25809,GOF,0.021111858397370696,0.6170394428171867,0.3618486987854426
25810,GOF,0.021142918876289777,0.6151651158840395,0.36369196523967073
25811,Neutral,0.4643190469196079,0.4596224581412173,0.07605849493917476
25812,GOF,0.036817930620357944,0.6231215788633102,0.3400604905163319
25813,Neutral,0.5638763783477496,0.32274497399415725,0.11337864765809316
25814,GOF,0.12940468514036962,0.6466453104762787,0.22395000438335164
25815,GOF,0.204569051555586,0.5843550421173024,0.21107590632711154
25816,GOF,0.021802464283510313,0.6740538165876274,0.30414371912886234
25817,GOF,0.2461477620106597,0.6061765803080931,0.14767565768124724
25818,GOF,0.05258177154508527,0.5772635410206235,0.3701546874342912
25819,GOF,0.3777848844108749,0.4641548363011917,0.15806027928793345
25820,GOF,0.1824863479846559,0.6034058425780892,0.21410780943725483
25821,GOF,0.054964115883807146,0.6692759692578514,0.2757599148583415
25822,GOF,0.2463443269289244,0.5174823522927273,0.23617332077834818
25823,GOF,0.03354996422447352,0.5189683050524172,0.4474817307231094
25824,GOF,0.06983563190167368,0.5493346304237606,0.38082973767456574
25825,GOF,0.028962189214568907,0.5435239998150672,0.42751381097036395
25826,GOF,0.010920582614911004,0.5361668067356091,0.4529126106494798
25827,GOF,0.020978946461469524,0.5920750483841525,0.386946005154378
25828,GOF,0.013945581780055675,0.5177291633948675,0.4683252548250769
25829,GOF,0.006407157348483872,0.5476935784398137,0.4458992642117024
25830,LOF,0.03640000767214045,0.2782926524467408,0.6853073398811188
25831,GOF,0.19091957088275166,0.6653042373119022,0.1437761918053462
25832,GOF,0.029473156397994617,0.6897174468365568,0.2808093967654486
25833,GOF,0.11815368055282319,0.6957531268630679,0.1860931925841089
25834,GOF,0.032534478172519005,0.6915598293643272,0.2759056924631538
25835,GOF,0.08738415392043478,0.6993767314145344,0.21323911466503082
25836,GOF,0.04310706179257712,0.6509758076308284,0.3059171305765944
25837,GOF,0.021251106301603616,0.5673160711350806,0.41143282256331576
25838,GOF,0.07244751570037133,0.7508520004908439,0.17670048380878486
25839,GOF,0.27106231562432787,0.5808571953764432,0.1480804889992288
25840,GOF,0.2496518454716313,0.5841260541822861,0.16622210034608242
25841,GOF,0.22725417601039255,0.5944727217531776,0.17827310223642986
25842,GOF,0.1788659779293765,0.6631885469149853,0.15794547515563814
25843,GOF,0.21499826904124772,0.6614536014923166,0.12354812946643573
25844,GOF,0.059702686729259775,0.6612767396214041,0.27902057364933613
25845,GOF,0.012705485371264098,0.5010121319109001,0.48628238271783586
25846,GOF,0.10428817163507038,0.7060249248939732,0.18968690347095654
25847,GOF,0.11444126910146475,0.7537369803352582,0.13182175056327705
25848,GOF,0.038603561031620194,0.6808602996770525,0.28053613929132726
25849,GOF,0.010305038303374604,0.5753473505766346,0.41434761111999086
25850,GOF,0.020099944403978522,0.6621514564075384,0.317748599188483
25851,GOF,0.01582216695888202,0.5658790798625097,0.4182987531786082
25852,GOF,0.18033704911752224,0.53374376925485,0.2859191816276278
25853,GOF,0.3697881333120436,0.5392429594229582,0.09096890726499822
25854,GOF,0.019189693954547206,0.6231990665797151,0.3576112394657377
25855,GOF,0.03552099522837471,0.5633591145525577,0.4011198902190676
25856,GOF,0.21908642747966878,0.5125785834778829,0.2683349890424484
25857,GOF,0.03434102376994231,0.4849805041859621,0.4806784720440955
25858,GOF,0.01791636254864927,0.5417369067507355,0.4403467307006152
25859,GOF,0.010467320588315393,0.5227817154977918,0.46675096391389276
25860,GOF,0.3854065723090521,0.5185273294087436,0.09606609828220426
25861,GOF,0.4028557314688557,0.5167671654090611,0.08037710312208315
25862,GOF,0.10087678761056504,0.7521060811414862,0.14701713124794868
25863,GOF,0.10442802636073158,0.7529647603430196,0.14260721329624873
25864,GOF,0.21747903485734826,0.7017243861613451,0.08079657898130657
25865,GOF,0.09531677645288417,0.782286167362707,0.1223970561844089
25866,GOF,0.0714031165616202,0.7796009065740279,0.14899597686435193
25867,GOF,0.09633799345765282,0.7959462623022764,0.10771574424007091
25868,GOF,0.27749546973130756,0.6170966415655588,0.10540788870313371
25869,Neutral,0.7066531724137458,0.24716628263167462,0.04618054495457943
25870,LOF,0.32513178506302665,0.25656709913561027,0.4183011158013631
25871,GOF,0.2004167866702335,0.6329552995351838,0.16662791379458267
25872,GOF,0.09859344246119013,0.6298598490410084,0.2715467084978015
25873,GOF,0.16586706202173973,0.61376674521495,0.22036619276331038
25874,LOF,0.018559754928623197,0.10539382310435352,0.8760464219670234
25875,LOF,0.10370865807920723,0.035534169675138956,0.8607571722456538
25876,LOF,0.034978156365762965,0.04028780321501359,0.9247340404192235
25877,Neutral,0.5167089897935229,0.03818526582106514,0.445105744385412
25878,LOF,0.24239982845909142,0.06435412272764121,0.6932460488132673
25879,LOF,0.09732163801845295,0.06932231012877842,0.8333560518527687
25880,LOF,0.02228236242588796,0.02156206089204033,0.9561555766820719
25881,LOF,0.1863009812084854,0.10679909923373128,0.7068999195577834
25882,LOF,0.07161710143724606,0.015723530837854136,0.9126593677248999
25883,LOF,0.08680140710310619,0.01788406676367279,0.895314526133221
25884,LOF,0.04024691021790239,0.03137403715443076,0.928379052627667
25885,LOF,0.06460589497127699,0.010024742384579394,0.9253693626441436
25886,LOF,0.33254594301183693,0.02780920741302855,0.6396448495751345
25887,LOF,0.16492665659827827,0.06378249996787634,0.7712908434338455
25888,LOF,0.07697700725554961,0.05614714024014389,0.8668758525043065
25889,LOF,0.052592473746723684,0.02120299188206027,0.926204534371216
25890,LOF,0.049487436917703784,0.11506453245115637,0.8354480306311398
25891,LOF,0.04168129289768281,0.05129297531352221,0.907025731788795
25892,LOF,0.09926303500795051,0.01588691985467001,0.8848500451373795
25893,LOF,0.27335086521557195,0.012142367671961037,0.7145067671124671
25894,LOF,0.17772107450128982,0.007025563444180889,0.8152533620545294
25895,LOF,0.2088362199625974,0.014911059280526766,0.7762527207568759
25896,LOF,0.055447828339418005,0.016042096436879837,0.9285100752237022
25897,LOF,0.25363140304126247,0.01056285511020234,0.7358057418485351
25898,Neutral,0.7277552268943848,0.0069778400156914125,0.26526693308992383
25899,LOF,0.26440320765024944,0.020478020894098545,0.715118771455652
25900,LOF,0.44800959421236747,0.01402530627923938,0.5379650995083931
25901,LOF,0.06137786186894375,0.008874330837946937,0.9297478072931094
25902,LOF,0.18813334512748103,0.008854546565790525,0.8030121083067284
25903,Neutral,0.5223553211659321,0.025130430945298914,0.45251424788876904
25904,LOF,0.3115201043231685,0.03315344865678197,0.6553264470200495
25905,LOF,0.026251625031854187,0.30605788214411866,0.6676904928240271
25906,LOF,0.024271661801557317,0.0638349815247204,0.9118933566737224
25907,LOF,0.014569867015294814,0.3168461754690119,0.6685839575156933
25908,LOF,0.010474738592791771,0.23125851928789307,0.7582667421193151
25909,LOF,0.013551484037480906,0.13169969899628625,0.8547488169662328
25910,LOF,0.04789937627419054,0.12146838406535478,0.8306322396604546
25911,LOF,0.13956556339413212,0.03979817496028089,0.8206362616455871
25912,LOF,0.042617276653413055,0.052931575203872754,0.9044511481427143
25913,LOF,0.30136515295909877,0.03190612625302406,0.6667287207878771
25914,LOF,0.022247419876696706,0.11503505930509293,0.8627175208182105
25915,Neutral,0.40388896775306027,0.3612106446035398,0.23490038764339993
25916,LOF,0.05508275626486322,0.3803849682549774,0.5645322754801594
25917,LOF,0.05663724585422695,0.07223968215407617,0.8711230719916968
25918,LOF,0.032329803018998265,0.07073660965254176,0.89693358732846
25919,LOF,0.025263570375903675,0.07287517184446243,0.9018612577796339
25920,GOF,0.09806237438911533,0.5392812010607403,0.3626564245501444
25921,LOF,0.030351057537545748,0.020187361101317827,0.9494615813611365
25922,LOF,0.041372535845714424,0.01327801104085922,0.9453494531134263
25923,LOF,0.44853085003554094,0.015534153293215341,0.5359349966712438
25924,LOF,0.040966988711426844,0.02895857528523643,0.9300744360033368
25925,LOF,0.0798991607459803,0.020750611841227465,0.8993502274127922
25926,LOF,0.05287877133346194,0.015242671784796477,0.9318785568817416
25927,LOF,0.07351445023336564,0.061006207626053355,0.865479342140581
25928,LOF,0.022488454258252584,0.029749699300620852,0.9477618464411266
25929,Neutral,0.5791088023570691,0.01714259047511601,0.40374860716781485
25930,LOF,0.06857996084784933,0.013302272295221141,0.9181177668569295
25931,LOF,0.03175279444459688,0.01686864479835888,0.9513785607570443
25932,LOF,0.03092309191452017,0.015533319905974162,0.9535435881795056
25933,LOF,0.04338475108496689,0.009950003637649713,0.9466652452773833
25934,LOF,0.027730744197986684,0.012189201831886548,0.9600800539701266
25935,LOF,0.06674762658897858,0.024748207109561358,0.9085041663014601
25936,LOF,0.054570421915271713,0.015328852564226997,0.9301007255205012
25937,LOF,0.02872196440750755,0.025000135559404398,0.946277900033088
25938,LOF,0.0682752856936269,0.027931910528809577,0.9037928037775634
25939,LOF,0.045313755399083874,0.010588355272456015,0.9440978893284602
25940,LOF,0.030629723590728825,0.31355193579466084,0.6558183406146103
25941,LOF,0.1952450633456923,0.08352930191203693,0.7212256347422709
25942,LOF,0.017366531307551652,0.040647859732253024,0.9419856089601953
25943,LOF,0.2693143445086249,0.06739547468752237,0.6632901808038527
25944,LOF,0.46604548138302376,0.03585420431962863,0.49810031429734747
25945,LOF,0.07838147835853373,0.025298853507344583,0.8963196681341217
25946,LOF,0.032219471168012714,0.10141039207836891,0.8663701367536184
25947,LOF,0.1139980427074208,0.1778525090122092,0.7081494482803701
25948,LOF,0.4314347384699828,0.014398607982483517,0.5541666535475337
25949,LOF,0.09459533893642039,0.0640387234405864,0.8413659376229932
25950,GOF,0.2838647112114635,0.4532756134309026,0.2628596753576338
25951,LOF,0.22505877451711243,0.2488986953797768,0.5260425301031109
25952,LOF,0.0419810976175306,0.44711898245959364,0.5108999199228758
25953,LOF,0.12589730720757383,0.1278228548458098,0.7462798379466165
25954,Neutral,0.4088470238643433,0.2184603046033322,0.3726926715323245
25955,LOF,0.06543743197012743,0.10342402701382218,0.8311385410160504
25956,LOF,0.18538589893583668,0.08338554220655078,0.7312285588576126
25957,LOF,0.04085835921073477,0.03269813280154573,0.9264435079877195
25958,LOF,0.06351913404661638,0.02775835949554617,0.9087225064578374
25959,LOF,0.07180075899830726,0.3269255322512297,0.6012737087504629
25960,LOF,0.019896538012781396,0.05465979468864151,0.9254436672985771
25961,LOF,0.052513536343104045,0.032275808901027554,0.9152106547558684
25962,LOF,0.051356226609519,0.03584797734764448,0.9127957960428366
25963,LOF,0.05266880776391924,0.18457429445700105,0.7627568977790798
25964,LOF,0.03642632519987448,0.14260163450011024,0.8209720403000154
25965,LOF,0.4049496380700289,0.07975940753098065,0.5152909543989904
25966,LOF,0.40250271780232794,0.17389648645916125,0.4236007957385108
25967,LOF,0.011821655205890538,0.09009006110156183,0.8980882836925477
25968,GOF,0.03465477418313344,0.4998074172647757,0.465537808552091
25969,LOF,0.02618185730737878,0.05823746883804274,0.9155806738545785
25970,LOF,0.06002538491750121,0.05823048999618079,0.8817441250863179
25971,LOF,0.0800559482760659,0.01611805290260405,0.9038259988213301
25972,LOF,0.0881643030241627,0.022158780804527146,0.8896769161713102
25973,LOF,0.10145177692764319,0.005688105666817186,0.8928601174055396
25974,LOF,0.2241893680428905,0.014234258618286061,0.7615763733388234
25975,LOF,0.062220000457165275,0.019790189587322704,0.917989809955512
25976,LOF,0.05079973733515793,0.012045821258813406,0.9371544414060287
25977,LOF,0.1602056540366617,0.08784815978191558,0.7519461861814226
25978,LOF,0.14174266886802078,0.05242257430627967,0.8058347568256995
25979,LOF,0.13983543055505424,0.05419896280001257,0.8059656066449331
25980,LOF,0.18902774294999294,0.06723850202199584,0.7437337550280113
25981,LOF,0.21936834743972344,0.06553866603475444,0.7150929865255221
25982,LOF,0.4057562049434937,0.04619169306435271,0.5480521019921536
25983,LOF,0.40095963699046006,0.0435838323993846,0.5554565306101553
25984,LOF,0.054334259218965134,0.053617788627559275,0.8920479521534755
25985,LOF,0.02642005864261328,0.24558176845077714,0.7279981729066095
25986,LOF,0.03821428181459376,0.2517041199277493,0.7100815982576569
25987,LOF,0.07869821498479093,0.07761911243267847,0.8436826725825306
25988,LOF,0.13096698982983124,0.06956789290683477,0.799465117263334
25989,LOF,0.03061575708010754,0.11462096712484848,0.854763275795044
25990,LOF,0.03863171189613914,0.142893710778711,0.8184745773251498
25991,LOF,0.1971436351468411,0.2801936249785623,0.5226627398745965
25992,LOF,0.34368450242076015,0.17128711286805479,0.4850283847111851
25993,LOF,0.023373015626907984,0.08953869312209053,0.8870882912510014
25994,LOF,0.0162790191359591,0.11351163290716997,0.8702093479568709
25995,LOF,0.024715652951528767,0.2157855057598817,0.7594988412885896
25996,GOF,0.28845382354520105,0.49080937582627066,0.22073680062852827
25997,GOF,0.10792881930487126,0.5194867996675513,0.3725843810275775
25998,Neutral,0.5387240252517206,0.021630361185920058,0.4396456135623595
25999,LOF,0.15096530893990612,0.10396254824952925,0.7450721428105646
26000,LOF,0.1771187422144247,0.027809095996524483,0.7950721617890508
26001,LOF,0.19681264531231532,0.033001769274762005,0.7701855854129226
26002,LOF,0.14762060640166846,0.02912823974215148,0.8232511538561801
26003,GOF,0.012153041422178964,0.5807379849254455,0.40710897365237547
26004,GOF,0.02818302960492786,0.6478529548671536,0.3239640155279184
26005,LOF,0.01031697246146676,0.46264466993451264,0.5270383576040206
26006,Neutral,0.5490352720379096,0.22069749647644496,0.23026723148564535
26007,GOF,0.02270686833466254,0.5229872333898765,0.4543058982754609
26008,GOF,0.021314912548107787,0.5466810661063894,0.4320040213455027
26009,GOF,0.02588363046715113,0.5747880993943247,0.39932827013852407
26010,GOF,0.03223288855807998,0.5936846707057096,0.3740824407362104
26011,LOF,0.009050740684543626,0.44044034444002744,0.5505089148754289
26012,GOF,0.01841263333793078,0.5220498297277268,0.45953753693434235
26013,GOF,0.021065228273939654,0.5881202320497926,0.3908145396762678
26014,LOF,0.040291020302848334,0.12226142929209714,0.8374475504050546
26015,LOF,0.26021994843461094,0.011239550639283207,0.7285405009261059
26016,LOF,0.24287114817251063,0.050916795123446226,0.7062120567040432
26017,LOF,0.2291172981531878,0.08152659825117967,0.6893561035956326
26018,LOF,0.10749926821166352,0.048382033395908665,0.8441186983924278
26019,LOF,0.10151190133708808,0.03648381208002588,0.862004286582886
26020,LOF,0.06468468674172456,0.11005952563187167,0.8252557876264037
26021,LOF,0.05302564818607684,0.13270916570256472,0.8142651861113583
26022,LOF,0.012026686900191656,0.050832642083736515,0.9371406710160718
26023,LOF,0.12519281438937613,0.027501330048742435,0.8473058555618814
26024,LOF,0.03231467185785059,0.13645046256757154,0.8312348655745778
26025,LOF,0.1773938331288401,0.11248901632797763,0.7101171505431823
26026,LOF,0.34234362808915453,0.029087670861114523,0.628568701049731
26027,LOF,0.09666788963033898,0.02283348041703587,0.8804986299526252
26028,LOF,0.1632139765967243,0.07547648661735418,0.7613095367859215
26029,LOF,0.07182979190441935,0.15599165695760867,0.7721785511379721
26030,LOF,0.026724607690940143,0.04831994394717632,0.9249554483618836
26031,LOF,0.03021012204110029,0.12771884227297786,0.8420710356859219
26032,LOF,0.06756183880244605,0.04976547244585464,0.8826726887516992
26033,LOF,0.12528446488374187,0.05521726724330014,0.819498267872958
26034,LOF,0.048812607586443374,0.13052981954937665,0.8206575728641801
26035,LOF,0.029390464988563278,0.11987593624488486,0.8507335987665519
26036,LOF,0.041929930527386736,0.1405834119728265,0.8174866574997868
26037,LOF,0.02495955970683242,0.10415810798391303,0.8708823323092546
26038,LOF,0.06426987762751436,0.04674569373165086,0.8889844286408348
26039,LOF,0.05749438242122657,0.1259863642313876,0.8165192533473858
26040,LOF,0.207502007983213,0.0850207791908005,0.7074772128259864
26041,LOF,0.026026589788474646,0.09204700852110285,0.8819264016904225
26042,LOF,0.02486482150099711,0.09346409903891138,0.8816710794600915
26043,LOF,0.06393113171069402,0.05733471010230945,0.8787341581869964
26044,LOF,0.021838785105436766,0.05806219327230097,0.9200990216222623
26045,LOF,0.07931285564569744,0.0864752807835682,0.8342118635707343
26046,LOF,0.06682298052690673,0.05817711958288819,0.874999899890205
26047,LOF,0.09471113692580689,0.06507997814360236,0.8402088849305908
26048,LOF,0.05455169939959056,0.04262868579651808,0.9028196148038913
26049,Neutral,0.9555670012178302,0.006524961629887948,0.037908037152281825
26050,Neutral,0.9385005600405808,0.0078065868415025915,0.05369285311791649
26051,LOF,0.04597792177041178,0.28723709945955417,0.6667849787700341
26052,LOF,0.0680769823065658,0.2972781320336669,0.6346448856597674
26053,LOF,0.06291092747880662,0.13659672359970831,0.800492348921485
26054,LOF,0.05975502694705378,0.022568505966088483,0.9176764670868577
26055,LOF,0.07655007533694859,0.01629877416150797,0.9071511505015434
26056,LOF,0.061756309340236716,0.018209325057056046,0.9200343656027072
26057,LOF,0.0326961262974877,0.01114958242439727,0.9561542912781151
26058,LOF,0.03339317823946806,0.009576474245055333,0.9570303475154766
26059,LOF,0.2920062530654071,0.027628819899398093,0.6803649270351948
26060,LOF,0.027947611192186965,0.16900756101150502,0.803044827796308
26061,LOF,0.018500856225908392,0.010862858632291259,0.9706362851418004
26062,LOF,0.011226086568358728,0.017752149881298206,0.9710217635503431
26063,LOF,0.023172026880413508,0.012373201603712698,0.9644547715158738
26064,LOF,0.025277360259009615,0.017960291232878026,0.9567623485081123
26065,LOF,0.02623717667771166,0.012469215040452637,0.9612936082818357
26066,LOF,0.02189189772753938,0.011569227568073388,0.9665388747043872
26067,LOF,0.02882831401952687,0.008034340992560606,0.9631373449879125
26068,LOF,0.051848864681620824,0.035182298559489025,0.9129688367588901
26069,LOF,0.26191036505008924,0.02032941226738572,0.7177602226825249
26070,LOF,0.4167494977808474,0.015072123230199052,0.5681783789889535
26071,LOF,0.02450336047066651,0.012532742987951134,0.9629638965413824
26072,LOF,0.02244897606146352,0.017015033889937005,0.9605359900485994
26073,LOF,0.025894361153778016,0.010928578325204396,0.9631770605210177
26074,Neutral,0.9177107099495748,0.006306208401328735,0.07598308164909638
26075,LOF,0.047550617883035114,0.014694504537207019,0.9377548775797578
26076,LOF,0.044336834596779236,0.008927477815247026,0.9467356875879739
26077,LOF,0.00945649126588156,0.016861502734251185,0.9736820059998672
26078,LOF,0.014742739422103874,0.011495802058547786,0.9737614585193484
26079,LOF,0.06356300776960214,0.018674698489929246,0.9177622937404686
26080,LOF,0.06238716128191564,0.018691292426543153,0.9189215462915412
26081,LOF,0.03841934169198564,0.006618947858426954,0.9549617104495874
26082,LOF,0.017263766928143645,0.016149473419323532,0.9665867596525328
26083,LOF,0.13144954490371835,0.013242838597120719,0.855307616499161
26084,LOF,0.028028433382608815,0.012338415832985387,0.9596331507844059
26085,LOF,0.02385978170386557,0.011780243772586097,0.9643599745235483
26086,LOF,0.02529577802751865,0.011559790805772787,0.9631444311667086
26087,LOF,0.02674763592901526,0.008390799767656207,0.9648615643033285
26088,LOF,0.016167640620115078,0.024667279359542996,0.9591650800203421
26089,LOF,0.04789241633884229,0.025023387227222776,0.9270841964339348
26090,LOF,0.04639046882078238,0.019630143983687245,0.9339793871955304
26091,LOF,0.04062423383036403,0.006662133565046698,0.9527136326045893
26092,LOF,0.027384528948420934,0.008738420867869695,0.9638770501837094
26093,LOF,0.04146584124833458,0.006937945398369662,0.9515962133532957
26094,LOF,0.04381044337620868,0.007532472708229108,0.9486570839155622
26095,LOF,0.049335077069254156,0.01479020177294105,0.9358747211578048
26096,LOF,0.02133748917232106,0.011651486296034727,0.9670110245316442
26097,LOF,0.01137740760384796,0.03980866407736544,0.9488139283187866
26098,LOF,0.07262692451818448,0.012915933627639355,0.9144571418541763
26099,LOF,0.02540317125777807,0.013706680455517062,0.9608901482867049
26100,LOF,0.027558673726802863,0.013047538450011976,0.9593937878231851
26101,LOF,0.05767854320390103,0.013496654262052009,0.928824802534047
26102,LOF,0.026795785763815607,0.013595386005633937,0.9596088282305505
26103,Neutral,0.8867237733712631,0.020502800452061522,0.09277342617667542
26104,LOF,0.08089663198887158,0.03422048347615753,0.8848828845349709
26105,LOF,0.24683627978643552,0.24375924427966394,0.5094044759339006
26106,LOF,0.19703398650318468,0.10987810027086355,0.6930879132259518
26107,LOF,0.23836235322607646,0.08412854347340859,0.677509103300515
26108,LOF,0.2442247394286779,0.12164379997414192,0.6341314605971803
26109,LOF,0.08702257074808543,0.12195049212557632,0.7910269371263382
26110,LOF,0.2534955539515497,0.006579347159598234,0.739925098888852
26111,LOF,0.46103691172116235,0.019338962427377832,0.5196241258514598
26112,LOF,0.03357325141989709,0.007106925288601659,0.9593198232915013
26113,LOF,0.05510872950533083,0.014099576440667783,0.9307916940540014
26114,LOF,0.033454553128389686,0.022780059081014634,0.9437653877905957
26115,LOF,0.0919836060800164,0.054507576517581514,0.8535088174024021
26116,LOF,0.07234092619465285,0.053426106172817914,0.8742329676325291
26117,LOF,0.42345822587863113,0.06403667946802659,0.5125050946533423
26118,LOF,0.03811781566787563,0.033316926878788324,0.9285652574533361
26119,LOF,0.023397807525951938,0.04760585808583923,0.9289963343882087
26120,LOF,0.030521150137931108,0.03045689304398007,0.9390219568180889
26121,LOF,0.05714038517228347,0.09505267282164906,0.8478069420060674
