feature0,prediction,LoGoFunc_Neutral,LoGoFunc_GOF,LoGoFunc_LOF
25546,Neutral,0.6101700672504743,0.05079778044364433,0.3390321523058814
25547,Neutral,0.46895654934903336,0.08813367504935926,0.4429097756016073
25548,Neutral,0.5024215736543798,0.07265334203536948,0.42492508431025067
25549,LOF,0.4338683663457666,0.07368246186988328,0.49244917178435016
25550,LOF,0.34595169620331145,0.10295163484179123,0.5510966689548973
25551,LOF,0.31568009775202105,0.11338931171531157,0.5709305905326674
25552,LOF,0.267396719775702,0.11587800868190905,0.616725271542389
25553,Neutral,0.7982710016624622,0.041966486326927316,0.1597625120106104
25554,LOF,0.30329628671580816,0.10617658044445777,0.5905271328397341
25555,LOF,0.2581186322510952,0.10029788581892925,0.6415834819299756
25556,LOF,0.44627158356434055,0.08728864989643718,0.4664397665392223
25557,LOF,0.24637496497073688,0.10403432720115965,0.6495907078281035
25558,LOF,0.29496714364192206,0.10146181828337406,0.6035710380747039
25559,LOF,0.2962370576523675,0.13337585586751483,0.5703870864801177
25560,LOF,0.17072702269474294,0.13377500783618185,0.6954979694690752
25561,LOF,0.15884257075617575,0.14554253325045158,0.6956148959933727
25562,LOF,0.06900082014417007,0.08653282866331613,0.8444663511925138
25563,LOF,0.02563426968898483,0.16103237530358158,0.8133333550074336
25564,LOF,0.20516561786869889,0.1580174376399989,0.6368169444913023
25565,LOF,0.21475994207545532,0.152241821042958,0.6329982368815867
25566,GOF,0.10412734282006045,0.6346928449584711,0.26117981222146847
25567,LOF,0.03935607249192418,0.20758698100237688,0.753056946505699
25568,LOF,0.05876674655035509,0.09764441882255259,0.8435888346270923
25569,LOF,0.06076571949466338,0.0988876510928415,0.840346629412495
25570,LOF,0.027372883236060554,0.11566458568697154,0.856962531076968
25571,LOF,0.02636610326743842,0.12140065453638656,0.8522332421961749
25572,LOF,0.05955474677303284,0.14437393859633782,0.7960713146306294
25573,LOF,0.05758335892477629,0.10830778169663828,0.8341088593785855
25574,LOF,0.05699418413109416,0.2639333915004388,0.679072424368467
25575,LOF,0.022263661281622597,0.13213580133407296,0.8456005373843044
25576,LOF,0.028808957036498495,0.1769990086817268,0.7941920342817747
25577,LOF,0.02936827919909368,0.1396469037348465,0.8309848170660598
25578,LOF,0.32850541139042866,0.11567888235278771,0.5558157062567836
25579,LOF,0.14992374993797739,0.12051042844994755,0.7295658216120751
25580,LOF,0.019221736743633956,0.09917051086945501,0.881607752386911
25581,LOF,0.05460331064631847,0.08784806482794869,0.8575486245257329
25582,LOF,0.05430260644786425,0.08651240265042613,0.8591849909017096
25583,LOF,0.021502291256959075,0.1018706313948994,0.8766270773481415
25584,Neutral,0.6788062374434306,0.15496479258932794,0.16622896996724154
25585,LOF,0.02466201376496143,0.1801954797488911,0.7951425064861475
25586,LOF,0.016498032558521055,0.08695476826124918,0.8965471991802297
25587,LOF,0.015851349722173367,0.07547882843957093,0.9086698218382557
25588,LOF,0.01886047365248041,0.08326490219387458,0.8978746241536452
25589,Neutral,0.4818060755341726,0.2764413742949466,0.2417525501708809
25590,LOF,0.044933693017885634,0.14394894571604336,0.811117361266071
25591,LOF,0.09556629533771663,0.07666411642065446,0.8277695882416288
25592,LOF,0.055208797279421205,0.16653854195885434,0.7782526607617244
25593,LOF,0.12522373910328155,0.3255084207352496,0.5492678401614688
25594,LOF,0.05251300880739339,0.07863630672996245,0.8688506844626442
25595,LOF,0.05141605064186785,0.05695081292733076,0.8916331364308014
25596,LOF,0.10858149298031856,0.02453930012618601,0.8668792068934954
25597,LOF,0.0828292503116213,0.03310943182211315,0.8840613178662656
25598,LOF,0.05316573292468203,0.05589551460539576,0.8909387524699223
25599,LOF,0.019350871854753964,0.4790821430855722,0.5015669850596738
25600,GOF,0.15542832320036074,0.49834654950461715,0.3462251272950222
25601,LOF,0.03522519450100197,0.3840057251353373,0.5807690803636608
25602,LOF,0.03422876630374876,0.06420742548198749,0.9015638082142637
25603,LOF,0.035152815920857165,0.03636421676585601,0.9284829673132868
25604,LOF,0.035076374326481405,0.07943086370762122,0.8854927619658974
25605,LOF,0.03769172639237008,0.21215092317897302,0.7501573504286569
25606,LOF,0.42655144648395893,0.12369633547079513,0.44975221804524596
25607,LOF,0.026240966871928388,0.17771617251954713,0.7960428606085244
25608,LOF,0.036806379720299605,0.07045621168633999,0.8927374085933604
25609,GOF,0.15123058492745792,0.5223495899058352,0.32641982516670687
25610,LOF,0.017658380277685636,0.02952463865094862,0.9528169810713658
25611,LOF,0.014491506613938783,0.03406658441118839,0.9514419089748728
25612,LOF,0.051270410379051085,0.049766962353196845,0.8989626272677521
25613,LOF,0.048636123959727794,0.049787330361777765,0.9015765456784944
25614,LOF,0.02379212110944825,0.02700707748339598,0.9492008014071557
25615,LOF,0.04133723263023317,0.04887898790810661,0.9097837794616602
25616,LOF,0.05134620345607239,0.030269877596759406,0.9183839189471683
25617,LOF,0.04355808368694373,0.0418828508099134,0.9145590655031429
25618,LOF,0.05021621937762779,0.03751607270583738,0.9122677079165348
25619,LOF,0.014055376412558915,0.03482331521703424,0.951121308370407
25620,LOF,0.0637727318480635,0.04731185176754533,0.8889154163843912
25621,LOF,0.055788427188257196,0.04325926153610945,0.9009523112756332
25622,LOF,0.06301379714873596,0.04008905083099374,0.8968971520202703
25623,LOF,0.07283815091552731,0.033812924618856696,0.8933489244656159
25624,LOF,0.01988509442527103,0.03511060025562002,0.9450043053191091
25625,LOF,0.06083264052109219,0.04385188300875756,0.8953154764701502
25626,LOF,0.04807208208041384,0.04819860865149933,0.9037293092680868
25627,Neutral,0.8905623507591769,0.01977996878335574,0.08965768045746747
25628,LOF,0.15927157154701532,0.0654581734408474,0.7752702550121373
25629,LOF,0.06914931435201449,0.05542392872970472,0.8754267569182808
25630,LOF,0.2677298001200807,0.07841669552421679,0.6538535043557026
25631,Neutral,0.5511356421669356,0.07423540825924933,0.37462894957381504
25632,LOF,0.024699905849926478,0.0650011950651276,0.910298899084946
25633,LOF,0.14931298877364016,0.04012284432632734,0.8105641669000325
25634,LOF,0.032496673627166336,0.09453965903945734,0.8729636673333764
25635,LOF,0.035491582258641824,0.04055499136894104,0.9239534263724171
25636,LOF,0.032915347452407484,0.46334718934137553,0.503737463206217
25637,GOF,0.06546758938377784,0.4988270602130481,0.43570535040317415
25638,LOF,0.030600837728216722,0.3736004621143072,0.595798700157476
25639,LOF,0.029234641153076103,0.3869647975258644,0.5838005613210595
25640,Neutral,0.7694248208948017,0.1783158432448426,0.05225933586035575
25641,GOF,0.06977147966950616,0.5132199886742628,0.41700853165623114
25642,LOF,0.0510039399203579,0.21413752146998657,0.7348585386096556
25643,LOF,0.19163884326898933,0.17317733397054463,0.635183822760466
25644,LOF,0.024962681402086562,0.4847745936851132,0.49026272491280015
25645,LOF,0.029443540720128555,0.41721611193522085,0.5533403473446505
25646,LOF,0.06355478577889176,0.352169929891419,0.5842752843296893
25647,LOF,0.031126459393027325,0.29562170666119947,0.6732518339457731
25648,LOF,0.04252002625115262,0.28440561325221114,0.6730743604966363
25649,LOF,0.01801953462667669,0.2552526982430183,0.7267277671303051
25650,LOF,0.04883546088626402,0.42479776494514265,0.5263667741685933
25651,LOF,0.0188364701535682,0.3075549419508864,0.6736085878955453
25652,LOF,0.03775730990774672,0.2931215000885815,0.6691211900036718
25653,LOF,0.08549858153805717,0.4271282464415394,0.48737317202040353
25654,LOF,0.029161925940301488,0.26605530237555985,0.7047827716841386
25655,GOF,0.22780044179381956,0.42162761049971387,0.3505719477064666
25656,LOF,0.37145533653945717,0.07245278792042353,0.5560918755401194
25657,LOF,0.06682169331417132,0.07083823413167793,0.8623400725541508
25658,LOF,0.36471226645578486,0.07119919864144522,0.5640885349027699
25659,Neutral,0.5467775702377143,0.10137986783042692,0.35184256193185875
25660,LOF,0.022638090327264854,0.08360119252858775,0.8937607171441474
25661,LOF,0.09814111573562563,0.061485248617125766,0.8403736356472485
25662,LOF,0.03616444570746948,0.0356429540848161,0.9281926002077143
25663,LOF,0.04576164284526621,0.04899842589154593,0.9052399312631878
25664,LOF,0.1515692868730158,0.0661420036698785,0.7822887094571057
25665,LOF,0.05695563392478974,0.031594710282548455,0.9114496557926618
25666,LOF,0.0957432617262262,0.07735780293239834,0.8268989353413755
25667,LOF,0.07736939103983102,0.03971305053446197,0.8829175584257068
25668,LOF,0.03904967365693558,0.048299864772781774,0.9126504615702827
25669,LOF,0.03371529245471372,0.04946609762208095,0.9168186099232053
25670,LOF,0.15251622119224587,0.059298271365411055,0.7881855074423432
25671,LOF,0.11874403975049334,0.036352306165135705,0.844903654084371
25672,LOF,0.053966841738386256,0.044973323899589704,0.901059834362024
25673,LOF,0.08344907567290746,0.051859493361771425,0.8646914309653212
25674,LOF,0.07194778174103963,0.06227743908898935,0.865774779169971
25675,LOF,0.13239572514385756,0.06570089305675639,0.8019033817993861
25676,LOF,0.019321596247904808,0.05739331254661537,0.9232850912054797
25677,LOF,0.027689637046672867,0.07202991806177915,0.900280444891548
25678,LOF,0.1928381470347169,0.06257504283402096,0.7445868101312622
25679,LOF,0.12704218935395106,0.07887282037361262,0.7940849902724364
25680,LOF,0.0338299186284242,0.11403539822267908,0.8521346831488967
25681,LOF,0.05538063771380805,0.10431691507978906,0.8403024472064029
25682,LOF,0.1508235733516659,0.07169328986786881,0.7774831367804652
25683,LOF,0.1131000577070083,0.09209109514619768,0.794808847146794
25684,LOF,0.046026158196808796,0.07273086069409673,0.8812429811090944
25685,LOF,0.14090567940450058,0.05415240401968602,0.8049419165758134
25686,LOF,0.08124549423623706,0.08814233642001111,0.8306121693437517
25687,LOF,0.13313593148278363,0.09355924027149247,0.7733048282457239
25688,LOF,0.35784101534371127,0.033650703597118005,0.6085082810591707
25689,LOF,0.26677736231470983,0.0348776873697813,0.6983449503155088
25690,LOF,0.34313415027569694,0.029194562794719936,0.6276712869295831
25691,Neutral,0.7138278391343336,0.024447787831283506,0.2617243730343829
25692,LOF,0.3575467736299332,0.00963848181032671,0.6328147445597401
25693,LOF,0.048440498934679055,0.375539460540846,0.576020040524475
25694,LOF,0.1189845965133022,0.014255075452621018,0.8667603280340767
25695,LOF,0.11664858865015583,0.012685002437547919,0.8706664089122962
25696,LOF,0.14747145962432096,0.008297283200692762,0.8442312571749864
25697,LOF,0.08298894461859589,0.03824616766404694,0.8787648877173572
25698,LOF,0.34241254249605824,0.1674377181538575,0.4901497393500843
25699,LOF,0.46016371557592717,0.04203303932977012,0.4978032450943028
25700,LOF,0.07381675752956836,0.00868732039082329,0.9174959220796083
25701,LOF,0.16184445574277503,0.05378509500877891,0.7843704492484461
25702,GOF,0.18152180592004075,0.5749474371444214,0.2435307569355379
25703,LOF,0.01524067777073703,0.14838933082602404,0.8363699914032389
25704,LOF,0.04110430701578826,0.10178310122569305,0.8571125917585186
25705,LOF,0.05116277004814775,0.16411860674094325,0.7847186232109091
25706,GOF,0.10521101973597773,0.45458727063966403,0.44020170962435823
25707,LOF,0.09809181883145117,0.40295594177544275,0.49895223939310607
25708,LOF,0.029974928097646906,0.35044757781407593,0.6195774940882772
25709,LOF,0.06521903278580096,0.04730578773835271,0.8874751794758463
25710,LOF,0.012253460884377551,0.1529639177602772,0.8347826213553453
25711,LOF,0.01950470920320209,0.10444006227544417,0.8760552285213538
25712,LOF,0.014060867923542924,0.19440752812974185,0.7915316039467152
25713,LOF,0.019051363223541947,0.0925371656032978,0.8884114711731602
25714,LOF,0.07715002543555861,0.08903565327255904,0.8338143212918824
25715,LOF,0.011453768426494105,0.1569570462168843,0.8315891853566216
25716,LOF,0.013814245485868917,0.12131723215336226,0.8648685223607687
25717,LOF,0.013006952669158647,0.0850939132849881,0.9018991340458533
25718,LOF,0.012429107603962106,0.11376927823439587,0.873801614161642
25719,LOF,0.018613495673213135,0.08663917793436905,0.8947473263924178
25720,LOF,0.02427534972937547,0.08255217679918513,0.8931724734714395
25721,LOF,0.014983319688438055,0.13069883542499172,0.8543178448865701
25722,LOF,0.014055093111677852,0.14320438165745958,0.8427405252308625
25723,LOF,0.022779572768209827,0.05129389235874078,0.9259265348730494
25724,LOF,0.03122644007051747,0.0940414649888781,0.8747320949406043
25725,LOF,0.011695979837490841,0.07327108827441874,0.9150329318880904
25726,LOF,0.015277843010108027,0.12226069526675791,0.862461461723134
25727,LOF,0.012934179447889388,0.09217067596352685,0.8948951445885837
25728,LOF,0.009860859300832298,0.13289611079296865,0.8572430299061992
25729,LOF,0.010313319985837333,0.1325546499667964,0.8571320300473663
25730,LOF,0.014063753661154229,0.09774654140756474,0.888189704931281
25731,LOF,0.020786928455780417,0.11057622784965455,0.868636843694565
25732,LOF,0.01416967225514853,0.0920276998482604,0.893802627896591
25733,LOF,0.01611042297262578,0.07883481168970373,0.9050547653376705
25734,LOF,0.012457702084092507,0.12257800769977983,0.8649642902161278
25735,LOF,0.01325671438581724,0.09178330197712486,0.8949599836370578
25736,LOF,0.014397157903488542,0.1096559259169499,0.8759469161795617
25737,LOF,0.011914511252903395,0.09186391127894127,0.8962215774681553
25738,LOF,0.012120294088440335,0.11349116983451314,0.8743885360770466
25739,LOF,0.021279312885607773,0.08614568731910095,0.8925749997952912
25740,LOF,0.02453238266356835,0.1266272964429056,0.848840320893526
25741,LOF,0.014475240928813377,0.1293235550126357,0.8562012040585509
25742,LOF,0.12362624233240307,0.09335110462502913,0.7830226530425678
25743,LOF,0.03530391373757573,0.038119479496877794,0.9265766067655464
25744,Neutral,0.5728309216544326,0.20341707913850404,0.22375199920706343
25745,LOF,0.07117313103557621,0.060542189614757796,0.868284679349666
25746,LOF,0.04324585151176041,0.07437313517386221,0.8823810133143773
25747,LOF,0.02168403775370198,0.057767596346355365,0.9205483658999427
25748,LOF,0.09547195430297474,0.08858399056933607,0.8159440551276892
25749,LOF,0.025778870579020636,0.07267349391854991,0.9015476355024294
25750,LOF,0.09497754587898989,0.07707279924968051,0.8279496548713295
25751,LOF,0.09690455922218473,0.0936852011405398,0.8094102396372754
25752,GOF,0.10910403630462684,0.654987047220359,0.2359089164750142
25753,LOF,0.019778778651310544,0.25476004210762443,0.725461179241065
25754,GOF,0.012005847068314222,0.7875683343034777,0.200425818628208
25755,LOF,0.020968589038348275,0.3510765857034015,0.6279548252582501
25756,LOF,0.04483829614359595,0.32485984820180447,0.6303018556545996
25757,GOF,0.015150019664919613,0.8396516597266237,0.14519832060845667
25758,GOF,0.027165890427912755,0.8181148591003218,0.1547192504717653
25759,GOF,0.010611881397087113,0.57575118286481,0.413636935738103
25760,LOF,0.011808861003164285,0.23149077577631938,0.7567003632205164
25761,GOF,0.2699098243083686,0.6393089208527063,0.09078125483892509
25762,LOF,0.038769736292844706,0.25169808929310294,0.7095321744140524
25763,LOF,0.013852483157284608,0.18922441184468067,0.7969231049980348
25764,GOF,0.06493887560414284,0.6412693547146475,0.29379176968120974
25765,GOF,0.0388634151540708,0.7481152859389639,0.2130212989069654
25766,GOF,0.0712926186452309,0.7512229644540762,0.17748441690069283
25767,GOF,0.13999943069317192,0.5533016398315737,0.30669892947525434
25768,LOF,0.11206023514972431,0.06598863040504027,0.8219511344452355
25769,LOF,0.055091059442141495,0.06022166651240216,0.8846872740454563
25770,LOF,0.31577897515055775,0.09782498684577301,0.5863960380036692
25771,LOF,0.042361483426634955,0.05067079757907875,0.9069677189942864
25772,LOF,0.01888019347098011,0.04093783769491417,0.9401819688341057
25773,LOF,0.04753516623438983,0.10048299543902904,0.8519818383265811
25774,LOF,0.02889127828568108,0.08037035475394591,0.890738366960373
25775,LOF,0.05007702973878202,0.046314786523926524,0.9036081837372916
25776,LOF,0.07750307597890162,0.02383616054015303,0.8986607634809455
25777,LOF,0.3831300818086405,0.061439143749522196,0.5554307744418373
25778,LOF,0.06867987815300619,0.04797148740875649,0.8833486344382373
25779,GOF,0.36618423838559405,0.5916301681053009,0.04218559350910505
25780,GOF,0.2978532095734266,0.6360129134817446,0.06613387694482888
25781,GOF,0.11640828930056343,0.7732219967559724,0.11036971394346436
25782,GOF,0.19513932522979427,0.7241922999398365,0.08066837483036929
25783,GOF,0.023434074126644742,0.6313013344857615,0.3452645913875936
25784,Neutral,0.4887101923019731,0.471303803236137,0.039986004461889914
25785,GOF,0.4332517667358488,0.527784403597061,0.03896382966709022
25786,GOF,0.02613291700714976,0.7389764662509923,0.23489061674185782
25787,Neutral,0.6055902791802563,0.3716478975857309,0.02276182323401275
25788,LOF,0.05365529369630727,0.11197208444414702,0.8343726218595456
25789,GOF,0.21236923251669584,0.6618350683514154,0.12579569913188893
25790,GOF,0.23034363424567272,0.6725254230417069,0.09713094271262025
25791,GOF,0.19156302334038802,0.6660802965135098,0.14235668014610237
25792,GOF,0.39005035731209364,0.5030046222231349,0.10694502046477142
25793,GOF,0.24598415154954775,0.5441889724455027,0.20982687600494962
25794,GOF,0.32400415632101104,0.497936408333144,0.17805943534584487
25795,GOF,0.09029710757854845,0.6804724032624198,0.22923048915903182
25796,Neutral,0.5495494384148846,0.3769776454818205,0.07347291610329496
25797,GOF,0.07922672309606356,0.5418143557282893,0.3789589211756471
25798,GOF,0.009750557988057051,0.5056998875883517,0.4845495544235913
25799,LOF,0.007615314388768498,0.39602672641272285,0.5963579591985086
25800,GOF,0.03210991961102806,0.5959718502218319,0.37191823016714026
25801,GOF,0.20218397318621725,0.6585797064025087,0.13923632041127404
25802,GOF,0.07175211265566249,0.6831760791794114,0.24507180816492616
25803,GOF,0.03305955553561424,0.5787957740162109,0.38814467044817497
25804,GOF,0.030004452438036133,0.49539083588140703,0.4746047116805569
25805,GOF,0.0885025537701761,0.6003301934265196,0.3111672528033043
25806,GOF,0.09535671851274657,0.5998738617203917,0.3047694197668618
25807,GOF,0.017525936637403663,0.6146297927871139,0.3678442705754824
25808,GOF,0.07611367459546436,0.6440664832850717,0.279819842119464
25809,GOF,0.0209192176564032,0.5938100372872308,0.385270745056366
25810,GOF,0.01868601850540457,0.6246332930658344,0.356680688428761
25811,GOF,0.4385455351660414,0.48373916513369625,0.07771529970026225
25812,GOF,0.03362762007095188,0.6247102132337211,0.3416621666953269
25813,Neutral,0.4871710200680479,0.4215733797235955,0.09125560020835667
25814,GOF,0.1136522923619677,0.6731451384931639,0.2132025691448683
25815,GOF,0.19129763220875196,0.6193118938128032,0.18939047397844486
25816,GOF,0.02161330720631616,0.6771106133497394,0.30127607944394447
25817,GOF,0.22818049509711583,0.6463101729433314,0.1255093319595528
25818,GOF,0.05010497262851332,0.6147827530080989,0.3351122743633878
25819,GOF,0.36737413149267667,0.4899814620808534,0.1426444064264698
25820,GOF,0.16989135090743468,0.5999856436366281,0.23012300545593728
25821,GOF,0.06179894072616153,0.6477650863066109,0.29043597296722756
25822,GOF,0.1963867864038086,0.5548417217634382,0.24877149183275332
25823,GOF,0.034670002896147106,0.5079811784981857,0.45734881860566723
25824,GOF,0.07738424135818513,0.5512182610350415,0.3713974976067734
25825,GOF,0.033827054364189826,0.5462813710449017,0.4198915745909085
25826,GOF,0.0136143062604164,0.5208056167721219,0.46558007696746184
25827,GOF,0.023337534008242216,0.5951641931916537,0.38149827280010423
25828,GOF,0.014401694585757062,0.5184495982527767,0.46714870716146634
25829,GOF,0.0064671325825488915,0.5617274878073862,0.43180537961006493
25830,LOF,0.033866068041818846,0.30147895699922694,0.6646549749589541
25831,GOF,0.206611384530904,0.6802372956558662,0.11315131981322984
25832,GOF,0.030021953073850034,0.663933673487112,0.30604437343903795
25833,GOF,0.12153165727656995,0.6922451275005461,0.18622321522288407
25834,GOF,0.035193645328249895,0.6654446166694973,0.29936173800225285
25835,GOF,0.08112688958472547,0.7407108095757148,0.17816230083955975
25836,GOF,0.03551884096390134,0.6665755488977695,0.29790561013832934
25837,GOF,0.02854611431775713,0.5645666139573222,0.4068872717249206
25838,GOF,0.09230341997744457,0.7406667615119658,0.16702981851058968
25839,GOF,0.2875191507390533,0.5625145272361826,0.14996632202476412
25840,GOF,0.216634552593953,0.6414606731280736,0.1419047742779733
25841,GOF,0.23724023355052512,0.6271218284752212,0.13563793797425364
25842,GOF,0.17806481993516415,0.6765660140581721,0.14536916600666386
25843,GOF,0.2674923222789697,0.6384637534624854,0.09404392425854478
25844,GOF,0.06502809949725766,0.6912859489481629,0.24368595155457945
25845,LOF,0.016425602457025214,0.46170692561895393,0.5218674719240208
25846,GOF,0.12338908723753626,0.7289358545831417,0.14767505817932203
25847,GOF,0.10972492011692087,0.7778586982043619,0.11241638167871723
25848,GOF,0.03427509293956227,0.6805681589061102,0.2851567481543274
25849,GOF,0.011110206461900527,0.5714699065822848,0.41741988695581467
25850,GOF,0.02183134889054229,0.6232533717221354,0.35491527938732237
25851,GOF,0.0165575348619853,0.5150069730068273,0.46843549213118746
25852,GOF,0.1648616023452452,0.5540213572983159,0.28111704035643886
25853,GOF,0.3448406542244882,0.5814673759739651,0.07369196980154671
25854,GOF,0.022037597361350247,0.6154748301070256,0.36248757253162417
25855,GOF,0.037197218965314985,0.5423554241702241,0.42044735686446094
25856,GOF,0.22746549916183656,0.5571200750546242,0.2154144257835392
25857,GOF,0.03595502526804367,0.4976321787396535,0.46641279599230284
25858,GOF,0.017609620538432055,0.5293997510576978,0.4529906284038701
25859,GOF,0.01058741116757478,0.5199044153471858,0.46950817348523943
25860,GOF,0.34840932399698227,0.5698866197728611,0.08170405623015647
25861,GOF,0.42373085152379486,0.5000701619257298,0.07619898655047523
25862,GOF,0.08209248134835179,0.7802346735860545,0.13767284506559363
25863,GOF,0.08819657597928854,0.7829044666248276,0.12889895739588392
25864,GOF,0.18678061085420491,0.7356017754446714,0.07761761370112358
25865,GOF,0.08631642467951024,0.8014295750835884,0.11225400023690145
25866,GOF,0.0661823595421768,0.7992372521580062,0.134580388299817
25867,GOF,0.09113283174627888,0.8096598924318166,0.09920727582190449
25868,GOF,0.25840457960815677,0.6417090511242528,0.0998863692675906
25869,Neutral,0.6778354321594292,0.28604582129461603,0.03611874654595484
25870,GOF,0.2933474701363903,0.3674608493523534,0.33919168051125625
25871,GOF,0.21310985729766752,0.6348270377051765,0.1520631049971561
25872,GOF,0.06861345011696773,0.6606253396384144,0.2707612102446179
25873,GOF,0.11328539870922921,0.7005067671404687,0.1862078341503022
25874,LOF,0.01765783376791999,0.12322280719029502,0.859119359041785
25875,LOF,0.098345040151228,0.03431400270574315,0.867340957143029
25876,LOF,0.03705695634635898,0.03966770548814745,0.9232753381654935
25877,Neutral,0.5610859266065223,0.039883638870463464,0.39903043452301407
25878,LOF,0.23008310583010252,0.07350804074307672,0.6964088534268208
25879,LOF,0.1023450479506942,0.0853150910123387,0.8123398610369672
25880,LOF,0.022970005732755372,0.018804327547152014,0.9582256667200925
25881,LOF,0.17304102441425004,0.11766830341860599,0.7092906721671439
25882,LOF,0.06308722068320989,0.013984085939069659,0.9229286933777204
25883,LOF,0.0832020166382052,0.01843863701157403,0.8983593463502207
25884,LOF,0.03205804182445754,0.031162010209708133,0.9367799479658342
25885,LOF,0.06572989836497078,0.011246991993706597,0.9230231096413227
25886,LOF,0.2759496523102944,0.0321122594324852,0.6919380882572204
25887,LOF,0.15328273290338537,0.06924761797708252,0.7774696491195322
25888,LOF,0.07374511062644828,0.06239466279343843,0.8638602265801133
25889,LOF,0.042881303257709925,0.01931494148098264,0.9378037552613074
25890,LOF,0.05574777843023348,0.1535135171824766,0.7907387043872899
25891,LOF,0.04247863847808003,0.053896903585767035,0.903624457936153
25892,LOF,0.0898033932580215,0.02063602739621604,0.8895605793457625
25893,LOF,0.2189533498923132,0.018372922222286165,0.7626737278854007
25894,LOF,0.1707374177234196,0.010748427137884842,0.8185141551386955
25895,LOF,0.198505228192461,0.01808674836787831,0.7834080234396607
25896,LOF,0.050105358017918135,0.02729985913350112,0.9225947828485807
25897,LOF,0.2424312560327834,0.011326359700053537,0.746242384267163
25898,Neutral,0.7033437568808377,0.009356934639867634,0.28729930847929475
25899,LOF,0.2085050016924353,0.023409644141327016,0.7680853541662377
25900,LOF,0.4373601083368885,0.017199270675400384,0.5454406209877111
25901,LOF,0.04611618574824109,0.013114798461550059,0.940769015790209
25902,LOF,0.14808295087729068,0.013502962857105227,0.8384140862656041
25903,Neutral,0.5364545300681102,0.024121238731710563,0.43942423120017937
25904,LOF,0.2558164348519853,0.05241841318959334,0.6917651519584214
25905,LOF,0.022568836235404177,0.3214978494751691,0.6559333142894268
25906,LOF,0.027632551677728136,0.062038260483037844,0.910329187839234
25907,LOF,0.012927751166282931,0.34752465296777973,0.6395475958659372
25908,LOF,0.009962112458490923,0.25083854074237616,0.7391993467991329
25909,LOF,0.013935374817352101,0.12084479311929273,0.8652198320633552
25910,LOF,0.05697343096920323,0.1361937386923686,0.8068328303384282
25911,LOF,0.1791742087404932,0.025835546512661654,0.7949902447468452
25912,LOF,0.044759925731250885,0.04353602425008456,0.9117040500186645
25913,LOF,0.2934146342451732,0.02378825945574413,0.6827971062990826
25914,LOF,0.02117294505299647,0.09542979613007527,0.8833972588169282
25915,Neutral,0.5227484660337114,0.24851903175913123,0.22873250220715743
25916,LOF,0.07497948152168231,0.3235755826471141,0.6014449358312036
25917,LOF,0.06301645230794842,0.07196316947175166,0.8650203782202999
25918,LOF,0.028787134811865792,0.05948090319499767,0.9117319619931364
25919,LOF,0.023837991722237002,0.06696198481820188,0.9092000234595611
25920,GOF,0.10641832331424186,0.5499796381446534,0.34360203854110466
25921,LOF,0.024206066642178867,0.02842439894447579,0.9473695344133454
25922,LOF,0.032810409780340284,0.020421234641759534,0.9467683555779001
25923,LOF,0.4150482998842823,0.022876155596818857,0.5620755445188989
25924,LOF,0.03620348974320971,0.03912114631311381,0.9246753639436764
25925,LOF,0.0709591507981123,0.028351818583600148,0.9006890306182876
25926,LOF,0.05223552942019125,0.02385808093800826,0.9239063896418006
25927,LOF,0.056369797201824376,0.09709251551539547,0.8465376872827801
25928,LOF,0.018541235086848892,0.040146608789426046,0.941312156123725
25929,Neutral,0.5188715870574584,0.025125391600590363,0.4560030213419512
25930,LOF,0.05383027540423302,0.02203343791024818,0.9241362866855187
25931,LOF,0.025472756928179057,0.024925890734658736,0.9496013523371623
25932,LOF,0.028528466243550283,0.02167008338863774,0.9498014503678118
25933,LOF,0.039629116389558725,0.014857845211735861,0.9455130383987055
25934,LOF,0.02598244015448805,0.018600717214774593,0.9554168426307373
25935,LOF,0.0639549045482448,0.03433762522954491,0.9017074702222104
25936,LOF,0.048793559423606456,0.020086334105866157,0.9311201064705273
25937,LOF,0.02575728004116282,0.03127148066648745,0.9429712392923497
25938,LOF,0.0675507771631927,0.035862128538846655,0.8965870942979606
25939,LOF,0.042957074978713504,0.014496756975375436,0.9425461680459112
25940,LOF,0.029112388294001215,0.40526235701511254,0.5656252546908863
25941,LOF,0.19867105787937686,0.09352059921179523,0.7078083429088279
25942,LOF,0.01578830420879668,0.03233121610877726,0.9518804796824261
25943,LOF,0.32336187628650487,0.06241705252967009,0.6142210711838251
25944,LOF,0.4825631406558383,0.025750512216689763,0.491686347127472
25945,LOF,0.06833072737975986,0.022283545140694413,0.9093857274795457
25946,LOF,0.025499583873624554,0.12625833843569054,0.8482420776906849
25947,LOF,0.10438469101272496,0.2292070683050427,0.6664082406822324
25948,LOF,0.4158861209945213,0.010014504007142605,0.574099374998336
25949,LOF,0.09030431193061386,0.04689202662009102,0.8628036614492951
25950,GOF,0.27618969218793155,0.38560511675321907,0.3382051910588493
25951,LOF,0.2095648529078655,0.2225136144730635,0.567921532619071
25952,LOF,0.045498455038848,0.4268932485178683,0.5276082964432837
25953,LOF,0.14174493197807775,0.09430603363938857,0.7639490343825336
25954,Neutral,0.43895094706221205,0.16103622709958815,0.40001282583819975
25955,LOF,0.05654340104415923,0.07612685856006388,0.8673297403957768
25956,LOF,0.15248462448064987,0.11201683856858796,0.7354985369507622
25957,LOF,0.038165489791761105,0.03400487909368217,0.9278296311145569
25958,LOF,0.06111531762265725,0.030812174851946206,0.9080725075253966
25959,LOF,0.08064904141671007,0.35506994630729327,0.5642810122759966
25960,LOF,0.017711765701260464,0.05815119785843299,0.9241370364403065
25961,LOF,0.049386094278749584,0.03406678099093013,0.9165471247303203
25962,LOF,0.059503983711762035,0.030122470699474133,0.9103735455887639
25963,LOF,0.05656285178091291,0.1727271164370025,0.7707100317820846
25964,LOF,0.04096795616950755,0.15373889523153136,0.8052931485989612
25965,LOF,0.4551143585100953,0.08246290834101655,0.46242273314888827
25966,Neutral,0.4895501070109823,0.09334713643416505,0.41710275655485274
25967,LOF,0.012368904212872992,0.05881064252913408,0.9288204532579929
25968,LOF,0.026678377208221922,0.437035235211577,0.5362863875802011
25969,LOF,0.026117553119504262,0.049056108999388656,0.9248263378811071
25970,LOF,0.060612075619636455,0.05624483589773873,0.8831430884826248
25971,LOF,0.07682142284106144,0.01621922006723002,0.9069593570917085
25972,LOF,0.07840061521442941,0.020188153322389796,0.9014112314631808
25973,LOF,0.07319639492493799,0.010039460632519804,0.9167641444425422
25974,LOF,0.1959943287469598,0.01665527345744749,0.7873503977955927
25975,LOF,0.047279576769725024,0.03201317819224589,0.920707245038029
25976,LOF,0.041501991825377914,0.017882383229926895,0.9406156249446951
25977,LOF,0.15194386713891667,0.10493028798880673,0.7431258448722766
25978,LOF,0.14601393685021927,0.0787129308939459,0.7752731322558348
25979,LOF,0.1399314369007097,0.08209887562813498,0.7779696874711555
25980,LOF,0.21886811683467564,0.10451958383409554,0.6766122993312289
25981,LOF,0.25411239699894095,0.10092743572747127,0.6449601672735877
25982,LOF,0.4188810452003956,0.060758921572862085,0.5203600332267423
25983,LOF,0.4097414750474425,0.06549723830534204,0.5247612866472154
25984,LOF,0.054226549194268794,0.04311744679754125,0.90265600400819
25985,LOF,0.03256785498653541,0.2189297416240384,0.7485024033894262
25986,LOF,0.03997222000046458,0.25722530161418394,0.7028024783853516
25987,LOF,0.08236671001480923,0.0660018414276467,0.8516314485575441
25988,LOF,0.14872084032753813,0.04898008575706828,0.8022990739153936
25989,LOF,0.029729152893243897,0.10040995337881568,0.8698608937279405
25990,LOF,0.04226276958998307,0.12385388516802288,0.833883345241994
25991,LOF,0.15116907214480693,0.2988240132656266,0.5500069145895664
25992,LOF,0.32697743891783504,0.15782506771365126,0.5151974933685137
25993,LOF,0.024173154818345286,0.08536629258345105,0.8904605525982038
25994,LOF,0.017837242848185646,0.13014985808005242,0.8520128990717619
25995,LOF,0.027222147262656215,0.2405912866082624,0.7321865661290815
25996,GOF,0.30254309194725365,0.450533465185896,0.2469234428668503
25997,LOF,0.0756871135273243,0.4499019004557478,0.4744109860169279
25998,Neutral,0.5547947460885335,0.016611810178289388,0.428593443733177
25999,LOF,0.12459593676251166,0.12026812132797898,0.7551359419095093
26000,LOF,0.17809648058599475,0.03878422519236888,0.7831192942216364
26001,LOF,0.20399067211052482,0.032122665941623,0.7638866619478522
26002,LOF,0.14869180899613288,0.03887503822692979,0.8124331527769373
26003,GOF,0.010308732729959604,0.5303280751002443,0.45936319216979615
26004,GOF,0.020764275153683384,0.6078157511893949,0.37141997365692175
26005,LOF,0.008123351835579629,0.4079455348904201,0.5839311132740003
26006,Neutral,0.5140659689443232,0.22239331530580353,0.26354071574987326
26007,GOF,0.022768330014018557,0.5127823848084657,0.4644492851775156
26008,GOF,0.017239647911818225,0.5997119513713995,0.38304840071678226
26009,GOF,0.020456524136748335,0.6105550945846073,0.3689883812786445
26010,GOF,0.026106934010364083,0.6005635986171303,0.3733294673725056
26011,LOF,0.007475147161517045,0.4245453705038225,0.5679794823346604
26012,GOF,0.012656283858612564,0.5387267745629616,0.4486169415784259
26013,GOF,0.01846318850908653,0.5818179364713242,0.3997188750195892
26014,LOF,0.04508860303992006,0.1098337047623906,0.8450776921976892
26015,LOF,0.20264967105233594,0.008858997445502637,0.7884913315021614
26016,LOF,0.21603449303348055,0.05134790292524972,0.7326176040412696
26017,LOF,0.23426932132664863,0.08700032577225614,0.6787303529010953
26018,LOF,0.0926021726705066,0.029113580638577028,0.8782842466909164
26019,LOF,0.08780886967411412,0.021838871895590348,0.8903522584302955
26020,LOF,0.06831050640590332,0.10820816516370595,0.8234813284303907
26021,LOF,0.042870652026746135,0.11338818854788554,0.8437411594253683
26022,LOF,0.010544592000843777,0.03184114521829592,0.9576142627808604
26023,LOF,0.10891797741447908,0.01881224044558234,0.8722697821399386
26024,LOF,0.030065072650627907,0.11462576718884372,0.8553091601605284
26025,LOF,0.16174390662958266,0.10347665402943655,0.7347794393409808
26026,LOF,0.34039871409542904,0.02767090554000158,0.6319303803645693
26027,LOF,0.0840528292278319,0.013606030443969148,0.902341140328199
26028,LOF,0.16014383920130743,0.06428133941090808,0.7755748213877844
26029,LOF,0.08753781896719647,0.1958923910127368,0.7165697900200667
26030,LOF,0.025714989948358073,0.06971594741082508,0.9045690626408169
26031,LOF,0.03388798030333233,0.13275519913682265,0.8333568205598451
26032,LOF,0.07158171956676951,0.0797990449284767,0.8486192355047538
26033,LOF,0.13176377969437306,0.10100898344546257,0.7672272368601644
26034,LOF,0.052261346191448114,0.15553809644112507,0.7922005573674267
26035,LOF,0.032305022916776255,0.14061514891966825,0.8270798281635554
26036,LOF,0.04618545539622883,0.17143113590094208,0.7823834087028291
26037,LOF,0.02575079020814068,0.11048253716135642,0.863766672630503
26038,LOF,0.06641198859634816,0.08421165601421166,0.8493763553894401
26039,LOF,0.0570595105241383,0.14089628496651987,0.8020442045093419
26040,LOF,0.21047230618178728,0.14792771461623477,0.641599979201978
26041,LOF,0.026220841021206063,0.10875359330337112,0.8650255656754228
26042,LOF,0.025058844281735656,0.09926463728483965,0.8756765184334248
26043,LOF,0.06673605727207167,0.10260942225822181,0.8306545204697066
26044,LOF,0.022503502150397113,0.08221569036701044,0.8952808074825924
26045,LOF,0.08139305311501731,0.09665116422071036,0.8219557826642724
26046,LOF,0.06797505005615538,0.10095018762658088,0.8310747623172636
26047,LOF,0.09575057229267474,0.10893509735907222,0.7953143303482532
26048,LOF,0.056910523389823026,0.05128336075783358,0.8918061158523434
26049,Neutral,0.9624224583229566,0.008559639389626748,0.02901790228741661
26050,Neutral,0.9473507296365994,0.010840654064009313,0.04180861629939131
26051,LOF,0.054050255711700766,0.3173665282758384,0.6285832160124608
26052,LOF,0.0717181097115732,0.35318345676361423,0.5750984335248126
26053,LOF,0.048277690529602235,0.1372943328464475,0.8144279766239503
26054,LOF,0.05627645387434497,0.015488670229772511,0.9282348758958825
26055,LOF,0.08147183114002149,0.013380882625767863,0.9051472862342106
26056,LOF,0.06674598278845176,0.014565071420671113,0.9186889457908771
26057,LOF,0.02929038143808303,0.010885702952926802,0.9598239156089902
26058,LOF,0.030596758589266086,0.008441099736265126,0.9609621416744687
26059,LOF,0.29778472448921234,0.022026455767864887,0.6801888197429228
26060,LOF,0.04058974240767937,0.16590115355930674,0.7935091040330139
26061,LOF,0.017635898314908305,0.009206558328362431,0.9731575433567292
26062,LOF,0.011153148971857587,0.015888339893328208,0.9729585111348141
26063,LOF,0.022495057517479575,0.011057878845685761,0.9664470636368347
26064,LOF,0.02099162872590557,0.019065778553438103,0.9599425927206563
26065,LOF,0.024476769555895415,0.009956490992764327,0.9655667394513402
26066,LOF,0.020638907136243202,0.010034912211713291,0.9693261806520435
26067,LOF,0.02938194649111517,0.008209569839559987,0.9624084836693249
26068,LOF,0.04676447172590797,0.02588094282063666,0.9273545854534555
26069,LOF,0.2636194835294997,0.016848956746221715,0.7195315597242786
26070,LOF,0.39632968149505987,0.014237353854719522,0.5894329646502207
26071,LOF,0.024494756839154475,0.01115882821082424,0.9643464149500214
26072,LOF,0.02250598872861295,0.01425498862039575,0.9632390226509912
26073,LOF,0.025009464251809586,0.009550302044974495,0.9654402337032159
26074,Neutral,0.9126867303930669,0.00497632328970321,0.08233694631722972
26075,LOF,0.04449397115219514,0.01338175839055501,0.9421242704572498
26076,LOF,0.048510651498254224,0.00791095111173865,0.9435783973900073
26077,LOF,0.01096546358153745,0.017325309144578815,0.9717092272738836
26078,LOF,0.01384407317525908,0.00994526426103653,0.9762106625637045
26079,LOF,0.061334515348058206,0.015591080295725429,0.9230744043562165
26080,LOF,0.060747617419711554,0.015567409029613712,0.9236849735506748
26081,LOF,0.03524528854290705,0.005769059220024346,0.9589856522370686
26082,LOF,0.014949698538818246,0.0147533955310203,0.9702969059301614
26083,LOF,0.13604374752538884,0.011728116109158462,0.8522281363654526
26084,LOF,0.028690783801725392,0.01093370472399036,0.9603755114742843
26085,LOF,0.024669791761114796,0.010373447388748588,0.9649567608501366
26086,LOF,0.023936984435642225,0.010159873767762586,0.9659031417965951
26087,LOF,0.028515243958997495,0.007574668486364551,0.963910087554638
26088,LOF,0.0166845593597071,0.024765483535732886,0.95854995710456
26089,LOF,0.045628368769032424,0.020045898691307722,0.9343257325396598
26090,LOF,0.044178829620423195,0.015803845733210843,0.940017324646366
26091,LOF,0.0391811723857617,0.0056940468526998165,0.9551247807615384
26092,LOF,0.02752919517536384,0.007218556196990408,0.9652522486276457
26093,LOF,0.04319120724759479,0.005326470349716776,0.9514823224026885
26094,LOF,0.04268032046411941,0.005860896322157786,0.9514587832137228
26095,LOF,0.04414252859342371,0.010988023165465217,0.9448694482411111
26096,LOF,0.016915345722806265,0.011009573376339702,0.972075080900854
26097,LOF,0.012068687511480151,0.036384593567867544,0.9515467189206522
26098,LOF,0.0708480026563495,0.009660880253082694,0.9194911170905679
26099,LOF,0.024969779505478417,0.010744154206806448,0.9642860662877152
26100,LOF,0.02732621678288507,0.010525036920691799,0.9621487462964232
26101,LOF,0.058172514062730336,0.012284203507461702,0.9295432824298079
26102,LOF,0.025226274286584187,0.012040130779307557,0.9627335949341084
26103,Neutral,0.8850842591621746,0.016761224243089814,0.0981545165947357
26104,LOF,0.07810983493324801,0.020669440056014905,0.901220725010737
26105,LOF,0.19254041668126357,0.3376945391378158,0.46976504418092074
26106,LOF,0.23130046577704838,0.1367442635685876,0.631955270654364
26107,LOF,0.2319947536536631,0.09674336333453673,0.6712618830118002
26108,LOF,0.24477370107221716,0.14588740741767198,0.6093388915101109
26109,LOF,0.11233929899271805,0.0792353269015854,0.8084253741056965
26110,LOF,0.26767514863672703,0.007525763707520945,0.724799087655752
26111,LOF,0.4830419895949643,0.015924474218858474,0.5010335361861772
26112,LOF,0.03335486082205567,0.008077952779563533,0.9585671863983807
26113,LOF,0.052580770690766616,0.014757517699956217,0.9326617116092772
26114,LOF,0.029691021149762832,0.01994201508145392,0.9503669637687832
26115,LOF,0.11188505765887755,0.03890121291965776,0.8492137294214646
26116,LOF,0.06976795357842809,0.037347770060257295,0.8928842763613146
26117,LOF,0.44906043998013134,0.04933808541001701,0.5016014746098517
26118,LOF,0.03798525409537448,0.02673478648676006,0.9352799594178656
26119,LOF,0.024118187714077595,0.036670317586968065,0.9392114946989543
26120,LOF,0.030036934151250718,0.021629716279393175,0.9483333495693562
26121,LOF,0.04148856122723544,0.07668516952681032,0.8818262692459542
