feature0,prediction,LoGoFunc_Neutral,LoGoFunc_GOF,LoGoFunc_LOF
25546,Neutral,0.6773767718695708,0.0561462497279529,0.2664769784024763
25547,Neutral,0.5131212940079983,0.10030442732513443,0.3865742786668672
25548,Neutral,0.5182775133142369,0.08426151361172293,0.3974609730740402
25549,LOF,0.4312302520942835,0.08563402683431165,0.48313572107140484
25550,LOF,0.3725466127175852,0.12189760059581417,0.5055557866866006
25551,LOF,0.32220721204668734,0.12964479102537327,0.5481479969279394
25552,LOF,0.2614480760370176,0.12510667989939028,0.6134452440635921
25553,Neutral,0.8179465357030445,0.04339970032727206,0.13865376396968335
25554,LOF,0.2997052148408026,0.11413768500456342,0.586157100154634
25555,LOF,0.24898001269835948,0.10954556797040425,0.6414744193312363
25556,Neutral,0.4602058398292182,0.09465315696646928,0.44514100320431266
25557,LOF,0.23679914244185474,0.1136061502716482,0.6495947072864972
25558,LOF,0.2979790060621305,0.11362391946787102,0.5883970744699984
25559,LOF,0.18801264685676816,0.13071494805763298,0.6812724050855989
25560,LOF,0.14914355115251562,0.09612660961243892,0.7547298392350454
25561,LOF,0.15120042089226396,0.11743549418796605,0.73136408491977
25562,LOF,0.07370348764459753,0.07427393410538423,0.8520225782500181
25563,LOF,0.02190651784472417,0.11947512957659664,0.8586183525786792
25564,LOF,0.22012906587895223,0.11215638874773366,0.6677145453733141
25565,LOF,0.22154860080862546,0.1282527118182268,0.6501986873731477
25566,GOF,0.09373177275892251,0.6964237022897233,0.20984452495135414
25567,LOF,0.03810642179648921,0.12466871927676072,0.8372248589267501
25568,LOF,0.058975992947872403,0.07052311343682231,0.8705008936153054
25569,LOF,0.058007265163912886,0.07144774351032669,0.8705449913257604
25570,LOF,0.026802856678959635,0.100530381620048,0.8726667617009924
25571,LOF,0.025913360945122654,0.10119990206887507,0.8728867369860023
25572,LOF,0.06042979753881143,0.11577903010677172,0.8237911723544169
25573,LOF,0.053836213305786716,0.08824286286399967,0.8579209238302137
25574,LOF,0.056843240712776195,0.1779541686634114,0.7652025906238125
25575,LOF,0.02265795208237323,0.12100376629278096,0.8563382816248457
25576,LOF,0.03207888600688124,0.15233011655227097,0.8155909974408477
25577,LOF,0.028073586673583992,0.10924506941805462,0.8626813439083615
25578,LOF,0.28908567320789214,0.07868335680157171,0.6322309699905362
25579,LOF,0.12792487884055992,0.08625740199932742,0.7858177191601128
25580,LOF,0.01908936902467731,0.07594106943424656,0.9049695615410762
25581,LOF,0.054272190784563155,0.06666317102417794,0.879064638191259
25582,LOF,0.05414541110946218,0.06608334198386367,0.8797712469066741
25583,LOF,0.019845897998397803,0.0800985864124823,0.9000555155891199
25584,Neutral,0.6618240650044566,0.10229069131225675,0.23588524368328664
25585,LOF,0.032077254152925117,0.126776186805178,0.8411465590418968
25586,LOF,0.017061456849230598,0.07051470690526603,0.9124238362455034
25587,LOF,0.016974220573892532,0.06408398362527681,0.9189417958008306
25588,LOF,0.019609079488464007,0.07286619603646961,0.9075247244750664
25589,Neutral,0.49323751348864386,0.1921499793748407,0.31461250713651545
25590,LOF,0.04919672016278179,0.10717837796871088,0.8436249018685072
25591,LOF,0.09242792488652199,0.0572057434570364,0.8503663316564416
25592,LOF,0.05260159913624215,0.13148919492127265,0.8159092059424852
25593,LOF,0.1311751705717183,0.24961068113989518,0.6192141482883866
25594,LOF,0.0455286231622831,0.11419284363888285,0.8402785331988339
25595,LOF,0.045728988919375005,0.08274742095512798,0.871523590125497
25596,LOF,0.10492340907231874,0.048735032254419094,0.8463415586732622
25597,LOF,0.08424610470883252,0.065335788027255,0.8504181072639124
25598,LOF,0.04653004719616167,0.08828704733691216,0.8651829054669261
25599,GOF,0.019907430661214205,0.5428622590867277,0.43723031025205816
25600,GOF,0.15794942644137724,0.5185161421402451,0.3235344314183778
25601,LOF,0.0405713314968807,0.39318907149241333,0.566239597010706
25602,LOF,0.03569795912456899,0.048974326289437174,0.9153277145859938
25603,LOF,0.037054651321366185,0.027617214597676562,0.9353281340809573
25604,LOF,0.036112258449691015,0.05336486311324387,0.910522878437065
25605,LOF,0.04472550159304582,0.16502572225954404,0.7902487761474102
25606,LOF,0.4274121090300053,0.09583953603126837,0.4767483549387263
25607,LOF,0.025562422637217343,0.1558401257581486,0.8185974516046342
25608,LOF,0.03682040406048049,0.06397849018474161,0.899201105754778
25609,GOF,0.15610733560160783,0.528106780431574,0.31578588396681817
25610,LOF,0.01526269418241799,0.02883782695043431,0.9558994788671477
25611,LOF,0.014964463703903504,0.031752394945945624,0.9532831413501509
25612,LOF,0.04910296740569061,0.037256630725512864,0.9136404018687965
25613,LOF,0.046520391033021725,0.03850378986189335,0.914975819105085
25614,LOF,0.022350278069651643,0.028832188895000693,0.9488175330353477
25615,LOF,0.0451603436981456,0.03602333531237392,0.9188163209894805
25616,LOF,0.049344793043870655,0.026195083160778378,0.924460123795351
25617,LOF,0.04435284939220714,0.034379090464704214,0.9212680601430886
25618,LOF,0.04909292069219373,0.0345571885474832,0.916349890760323
25619,LOF,0.014696295314438614,0.03061131266249351,0.9546923920230679
25620,LOF,0.06338229375112542,0.037845723338808195,0.8987719829100663
25621,LOF,0.049996908857290294,0.02885726847712729,0.9211458226655824
25622,LOF,0.06121005589556876,0.03135158462431973,0.9074383594801114
25623,LOF,0.07651110119114211,0.02760577035312393,0.8958831284557339
25624,LOF,0.019081073670256816,0.03732880926765733,0.9435901170620858
25625,LOF,0.06444427268298952,0.03940642024823302,0.8961493070687775
25626,LOF,0.04674158225914704,0.03762688984677112,0.9156315278940818
25627,Neutral,0.8964283115049829,0.022613200735055725,0.08095848775996127
25628,LOF,0.1344056520070418,0.06493190924256803,0.8006624387503901
25629,LOF,0.0623048208181394,0.04361091108511041,0.8940842680967502
25630,LOF,0.2726194861138168,0.0759343454432898,0.6514461684428934
25631,Neutral,0.5234758654887677,0.07083067344079323,0.405693461070439
25632,LOF,0.030616157682848838,0.0535067581912734,0.9158770841258778
25633,LOF,0.21175400106558295,0.03445612243704962,0.7537898764973675
25634,LOF,0.03524350169087868,0.06975938547735024,0.894997112831771
25635,LOF,0.038733738314110096,0.04113137550051725,0.9201348861853728
25636,GOF,0.03933475492801723,0.49151783439861996,0.46914741067336285
25637,LOF,0.07837300964667966,0.4463017071140466,0.4753252832392737
25638,LOF,0.04242123261925694,0.27118022025304966,0.6863985471276934
25639,LOF,0.03974803000621771,0.3258641431133273,0.634387826880455
25640,Neutral,0.811915334419748,0.14192307800935677,0.04616158757089518
25641,LOF,0.04677560634208808,0.41926363263604505,0.5339607610218668
25642,LOF,0.04030927812467181,0.14937510794768663,0.8103156139276416
25643,LOF,0.1964053298905113,0.1815883932161124,0.6220062768933763
25644,LOF,0.0204964142629612,0.45740665857196416,0.5220969271650747
25645,LOF,0.019492367059474446,0.42454338424364013,0.5559642486968854
25646,LOF,0.052899842388331335,0.33333235635918185,0.6137678012524869
25647,LOF,0.021237395295512742,0.24835277998985936,0.7304098247146279
25648,LOF,0.027834124593424773,0.24461036570486952,0.7275555097017057
25649,LOF,0.01545312703271064,0.24394498293914704,0.7406018900281423
25650,LOF,0.0556461089627881,0.39815301051557966,0.5462008805216323
25651,LOF,0.01696227434014705,0.265968975287184,0.7170687503726689
25652,LOF,0.029948093464231818,0.25671547773620873,0.7133364287995594
25653,LOF,0.08094879670019353,0.3744695627972279,0.5445816405025786
25654,LOF,0.022167111267725883,0.20616833013451324,0.771664558597761
25655,LOF,0.2366612072886272,0.35860613305462613,0.4047326596567466
25656,LOF,0.30576213094916316,0.04336112197315693,0.6508767470776798
25657,LOF,0.0834725519095445,0.05150233314189592,0.8650251149485596
25658,LOF,0.37699491885367087,0.053553124156624124,0.5694519569897051
25659,Neutral,0.5494778992201622,0.0773749587508065,0.3731471420290312
25660,LOF,0.025263190236358476,0.07958376158539884,0.8951530481782426
25661,LOF,0.09567766941425043,0.056462958625192745,0.8478593719605567
25662,LOF,0.030607126169487884,0.030738937240997948,0.9386539365895141
25663,LOF,0.03792283507102759,0.042748721052117605,0.9193284438768548
25664,LOF,0.1323217735135315,0.05355294918623659,0.8141252773002319
25665,LOF,0.05271123970951588,0.030344858434783285,0.916943901855701
25666,LOF,0.0842368912818392,0.06752792814923719,0.8482351805689236
25667,LOF,0.06830457133016853,0.04370841118095245,0.8879870174888791
25668,LOF,0.03622746174044072,0.043889224953410404,0.9198833133061489
25669,LOF,0.03445400902275375,0.053040039055124895,0.9125059519221214
25670,LOF,0.13694197157217158,0.03910176749090868,0.8239562609369198
25671,LOF,0.09386296213498135,0.03058057282062892,0.8755564650443897
25672,LOF,0.05400777284551901,0.039742649299730294,0.9062495778547508
25673,LOF,0.07843562058670529,0.03787837650952741,0.8836860029037674
25674,LOF,0.06848415355141153,0.04780049601061624,0.8837153504379722
25675,LOF,0.11291158978978694,0.04486971707451902,0.842218693135694
25676,LOF,0.018519442026164356,0.04954322883545033,0.9319373291383853
25677,LOF,0.026583596025869145,0.06502344688515738,0.9083929570889735
25678,LOF,0.18744329699190085,0.05259004702143475,0.7599666559866645
25679,LOF,0.12726240565225855,0.06945034815402672,0.8032872461937147
25680,LOF,0.030270836364664776,0.10394490755790559,0.8657842560774295
25681,LOF,0.049735891007763364,0.09617660503940063,0.854087503952836
25682,LOF,0.14606036962934787,0.05913975926442274,0.7947998711062294
25683,LOF,0.12007080031076431,0.07233576987277429,0.8075934298164614
25684,LOF,0.042650260288969545,0.06163236170366909,0.8957173780073613
25685,LOF,0.12673922973432256,0.04678119832270834,0.8264795719429691
25686,LOF,0.06997844040488274,0.08491777357837296,0.8451037860167443
25687,LOF,0.1104775579451299,0.080723708065445,0.8087987339894251
25688,LOF,0.3062095745757099,0.03627036163130151,0.6575200637929887
25689,LOF,0.22551628982715777,0.04502326761310635,0.7294604425597359
25690,LOF,0.3486915169574077,0.037891839879854686,0.6134166431627377
25691,Neutral,0.6879164757149471,0.03652530100655582,0.2755582232784972
25692,LOF,0.2963951891627821,0.011070857602850993,0.692533953234367
25693,GOF,0.04019517921470331,0.4926937013064489,0.46711111947884776
25694,LOF,0.12605254286451473,0.022214703688065718,0.8517327534474195
25695,LOF,0.1237290373521278,0.017647930139988097,0.8586230325078841
25696,LOF,0.12766512885859582,0.010232308048517602,0.8621025630928865
25697,LOF,0.11856933146768374,0.02694632059935791,0.8544843479329585
25698,LOF,0.34134090129162065,0.258078867105756,0.4005802316026233
25699,LOF,0.40572980286412574,0.04588212096477739,0.5483880761710969
25700,LOF,0.05110049246046738,0.010349196757251343,0.9385503107822812
25701,LOF,0.14489113109306173,0.05738727042998058,0.7977215984769577
25702,GOF,0.18647442735207287,0.516267263998453,0.29725830864947406
25703,LOF,0.017281549207462076,0.14640656716608808,0.8363118836264499
25704,LOF,0.0508918209864336,0.11105417187288524,0.8380540071406812
25705,LOF,0.05684617442513173,0.17789401733653717,0.7652598082383311
25706,LOF,0.08908496611481301,0.34165824414186424,0.5692567897433228
25707,LOF,0.09052662520738254,0.2653170537318756,0.6441563210607419
25708,LOF,0.029449778438556482,0.2551683775547682,0.7153818440066755
25709,LOF,0.054611372793198686,0.04035189704789499,0.9050367301589063
25710,LOF,0.011566765797904725,0.1261514402414752,0.86228179396062
25711,LOF,0.0187987124281873,0.08102141035584454,0.9001798772159681
25712,LOF,0.013354919640127706,0.1764589550444416,0.8101861253154308
25713,LOF,0.01722076574995676,0.07429930552408369,0.9084799287259596
25714,LOF,0.06989703927910937,0.07432998384905101,0.8557729768718396
25715,LOF,0.010357262806704945,0.13230260498787572,0.8573401322054194
25716,LOF,0.013385772301171772,0.11323306848758918,0.8733811592112392
25717,LOF,0.012546322363895123,0.07501614409111396,0.9124375335449909
25718,LOF,0.011496088534345817,0.10110977377002545,0.8873941376956287
25719,LOF,0.017554966395483068,0.07264291880623162,0.9098021147982852
25720,LOF,0.02083552792367397,0.06379332019791413,0.9153711518784119
25721,LOF,0.015794196729773405,0.10585543785002863,0.8783503654201981
25722,LOF,0.01304070304582508,0.12179427409199894,0.8651650228621759
25723,LOF,0.021266359934822295,0.04426633358020248,0.9344673064849752
25724,LOF,0.024775462132239464,0.0785242681949546,0.896700269672806
25725,LOF,0.011479163269263732,0.0671918180375142,0.9213290186932221
25726,LOF,0.013446228745856277,0.095007407522078,0.8915463637320657
25727,LOF,0.01234475568866576,0.07577764358961524,0.9118776007217191
25728,LOF,0.009644049863738706,0.09970232164045074,0.8906536284958106
25729,LOF,0.009814380839418201,0.10172712296394384,0.8884584961966379
25730,LOF,0.013006780827053368,0.07865522125461986,0.9083379979183268
25731,LOF,0.02130287315785832,0.10803259396520119,0.8706645328769405
25732,LOF,0.014108016048756193,0.08358533885676597,0.9023066450944778
25733,LOF,0.01607372330910804,0.07388395093512419,0.9100423257557678
25734,LOF,0.0123167307164248,0.1260737262851516,0.8616095429984236
25735,LOF,0.013255977002197319,0.07578406771828212,0.9109599552795205
25736,LOF,0.01357659270481016,0.10184415259154084,0.8845792547036491
25737,LOF,0.02036674842088258,0.07844533498015316,0.9011879165989642
25738,LOF,0.013124219410231118,0.10579849946005143,0.8810772811297174
25739,LOF,0.02002414070559852,0.07652267006559405,0.9034531892288075
25740,LOF,0.02590513528780517,0.09365303345432517,0.8804418312578697
25741,LOF,0.014537610888320063,0.09979733187529506,0.8856650572363849
25742,LOF,0.11412624006407447,0.0730104319768161,0.8128633279591095
25743,LOF,0.03564617810972076,0.03136555426345402,0.9329882676268252
25744,Neutral,0.5374909372026089,0.22515833536865154,0.23735072742873953
25745,LOF,0.08025777025894602,0.0649646749322184,0.8547775548088355
25746,LOF,0.04413003157411693,0.07237446654528742,0.8834955018805957
25747,LOF,0.022952764240971497,0.03802168449990982,0.9390255512591188
25748,LOF,0.10649940599195938,0.05375272414015836,0.8397478698678823
25749,LOF,0.026719789431298015,0.07107921814645361,0.9022009924222484
25750,LOF,0.08597145529986695,0.07321791375552464,0.8408106309446084
25751,LOF,0.09534868535603162,0.05669183597752274,0.8479594786664457
25752,GOF,0.11280036986637884,0.6805474669612285,0.20665216317239268
25753,LOF,0.019553706082452445,0.27186236068977543,0.7085839332277721
25754,GOF,0.011066378555367615,0.7759131718665779,0.21302044957805455
25755,LOF,0.024331917701105182,0.37155961699148427,0.6041084653074105
25756,LOF,0.039390087533164954,0.34968981352121464,0.6109200989456204
25757,GOF,0.014875900593636892,0.8345768653506497,0.1505472340557134
25758,GOF,0.02887699114729443,0.8237353164907669,0.14738769236193858
25759,GOF,0.011877535528487453,0.5316233135344568,0.45649915093705584
25760,LOF,0.012684354562458056,0.23111374927449727,0.7562018961630447
25761,GOF,0.2783179304287729,0.6157863147321901,0.10589575483903683
25762,LOF,0.03433048223192389,0.2575313692527651,0.708138148515311
25763,LOF,0.013240585134082574,0.21042018238317164,0.7763392324827457
25764,GOF,0.07613579710239199,0.6227748724195119,0.30108933047809605
25765,GOF,0.04168586429058748,0.7420488076715986,0.2162653280378139
25766,GOF,0.06482002859534995,0.7700386902328736,0.16514128117177634
25767,GOF,0.16887593882539775,0.4404134761565892,0.390710585018013
25768,LOF,0.09266675867305404,0.0641168357295873,0.8432164055973586
25769,LOF,0.06751321738951048,0.05989858156842281,0.8725882010420668
25770,LOF,0.2844233773066071,0.08285647532155889,0.632720147371834
25771,LOF,0.039997349672312145,0.044126483112033536,0.9158761672156543
25772,LOF,0.016064242695097295,0.033252937156958096,0.9506828201479447
25773,LOF,0.0443638851697879,0.07622131084288099,0.8794148039873312
25774,LOF,0.02750025337569478,0.07319409803076737,0.8993056485935379
25775,LOF,0.04671663459756986,0.04352908692204789,0.9097542784803822
25776,LOF,0.07229374841894427,0.025083637640321274,0.9026226139407344
25777,LOF,0.3335640001631995,0.04806694292483373,0.6183690569119669
25778,LOF,0.06254517961911504,0.04823218437466336,0.8892226360062216
25779,GOF,0.3768234883228216,0.5749082270300093,0.04826828464716902
25780,GOF,0.29295672008532775,0.6327967428725108,0.07424653704216143
25781,GOF,0.13757942642834398,0.7712572829182969,0.0911632906533592
25782,GOF,0.21505559179358688,0.7177468853257258,0.06719752288068717
25783,GOF,0.028052525518261293,0.6442727708107505,0.3276747036709882
25784,Neutral,0.4864565380483346,0.47444662367923746,0.039096838272427964
25785,GOF,0.3811864011188631,0.5775107313025887,0.04130286757854829
25786,GOF,0.024776933815636424,0.7757491765318674,0.19947388965249627
25787,Neutral,0.6475420547161486,0.32684117187422457,0.025616773409626887
25788,LOF,0.04507141202511081,0.1087099751312879,0.8462186128436013
25789,GOF,0.20888314715285966,0.6419204921511331,0.14919636069600722
25790,GOF,0.2243539917268166,0.6735943576648343,0.10205165060834889
25791,GOF,0.14982051054945583,0.6781597156896849,0.1720197737608592
25792,GOF,0.3295120275434552,0.5423700116407606,0.12811796081578417
25793,GOF,0.2622137945895078,0.5463963423333653,0.1913898630771269
25794,GOF,0.3156067826681053,0.50584308603331,0.17855013129858474
25795,GOF,0.08855320949971882,0.6819572399603221,0.2294895505399591
25796,Neutral,0.5336669581904354,0.37826587009505575,0.0880671717145089
25797,GOF,0.09772205806972023,0.527345753487101,0.3749321884431787
25798,GOF,0.00928477809091942,0.5079843800421534,0.48273084186692716
25799,LOF,0.006867402899425367,0.40135099858153195,0.5917815985190427
25800,GOF,0.03423712072173578,0.583846315492626,0.3819165637856382
25801,GOF,0.18551194256290737,0.6724251970233677,0.14206286041372507
25802,GOF,0.07421947853592693,0.6949123921428367,0.2308681293212363
25803,GOF,0.03489839775417527,0.5443806232712589,0.4207209789745658
25804,LOF,0.031918053460541114,0.4702923527412988,0.49778959379816
25805,GOF,0.09135783435997756,0.6243956856089444,0.2842464800310781
25806,GOF,0.08651586663005943,0.5968441808251581,0.3166399525447824
25807,GOF,0.019743084593544003,0.6329133438003288,0.3473435716061273
25808,GOF,0.08083505468612677,0.6384975191732939,0.28066742614057927
25809,GOF,0.016683418699948837,0.5641856396825525,0.4191309416174987
25810,GOF,0.015394193895065725,0.5977561779035533,0.3868496282013809
25811,Neutral,0.45681102009818564,0.4559655105063534,0.08722346939546084
25812,GOF,0.028459926139680146,0.5990065656496082,0.37253350821071174
25813,Neutral,0.5206088716311122,0.369488947628998,0.10990218073988975
25814,GOF,0.11190455359125011,0.6313011332469319,0.25679431316181794
25815,GOF,0.20617354791643477,0.5851672868673404,0.2086591652162248
25816,GOF,0.023117967065382827,0.7069570603218458,0.2699249726127713
25817,GOF,0.25816010430406183,0.599210234900367,0.1426296607955712
25818,GOF,0.04873971435635941,0.6727909667704064,0.27846931887323423
25819,GOF,0.36683304122418836,0.479136678033365,0.15403028074244665
25820,GOF,0.18932949484272144,0.5852526723499041,0.22541783280737454
25821,GOF,0.057100182070627906,0.6456763313408637,0.2972234865885086
25822,GOF,0.20779633424011731,0.5620470744904842,0.23015659126939852
25823,GOF,0.03249070888473493,0.525912679768685,0.44159661134657996
25824,GOF,0.0873632218139821,0.5867539655758629,0.32588281261015506
25825,GOF,0.03739043663379145,0.5859592044386518,0.3766503589275568
25826,GOF,0.015261803928030396,0.5733975407031948,0.41134065536877473
25827,GOF,0.024604395273599967,0.603947299440962,0.371448305285438
25828,GOF,0.013247615399444506,0.5343926045847525,0.45235978001580307
25829,GOF,0.005563895458586303,0.5582577995242146,0.4361783050171991
25830,LOF,0.03131026993410967,0.2946626625658589,0.6740270675000315
25831,GOF,0.24802355090034842,0.6250690376741733,0.1269074114254782
25832,GOF,0.029114010421563596,0.6840831342521856,0.2868028553262509
25833,GOF,0.12319517479846806,0.7108431046740158,0.165961720527516
25834,GOF,0.03027275571004396,0.6944585689971969,0.27526867529275917
25835,GOF,0.06767738478554453,0.7379518979294781,0.1943707172849773
25836,GOF,0.03178555258873102,0.6541332477603983,0.31408119965087083
25837,GOF,0.026636336744221167,0.6208456963930207,0.35251796686275805
25838,GOF,0.09633788713743142,0.7673156172214188,0.13634649564114978
25839,GOF,0.31016853382834925,0.5351137150073396,0.1547177511643111
25840,GOF,0.2840740962749182,0.5775527211073618,0.13837318261772014
25841,GOF,0.27247180969867085,0.592800970117901,0.13472722018342817
25842,GOF,0.15201627940883797,0.7179390523175859,0.1300446682735761
25843,GOF,0.21677704328335828,0.6949198366049523,0.08830312011168943
25844,GOF,0.065332725721608,0.7283246149143953,0.20634265936399684
25845,GOF,0.015092695041446525,0.5235894070189163,0.46131789793963707
25846,GOF,0.12920316167941553,0.7354458706187703,0.13535096770181426
25847,GOF,0.10438809224854846,0.7987950792418285,0.09681682850962303
25848,GOF,0.03351927615223643,0.7134715146121912,0.25300920923557235
25849,GOF,0.010234757402240072,0.6205862121172541,0.369179030480506
25850,GOF,0.019930607228121636,0.6634156659575072,0.3166537268143711
25851,GOF,0.015682462882939265,0.5492987576866651,0.4350187794303956
25852,GOF,0.17279937515771956,0.5489972792451431,0.2782033455971373
25853,GOF,0.3477900241131865,0.5654797185276986,0.08673025735911492
25854,GOF,0.02295236897263892,0.6177640916071271,0.35928353942023405
25855,GOF,0.031077646303228876,0.5622593150799962,0.4066630386167749
25856,GOF,0.2301683738641992,0.5533422452074555,0.21648938092834533
25857,GOF,0.036437735126675704,0.5098501314562917,0.45371213341703254
25858,GOF,0.018902030176518446,0.5253472698282109,0.4557506999952706
25859,GOF,0.010133639565425576,0.5006550834746649,0.48921127695990957
25860,GOF,0.3407477589445275,0.5757850271724759,0.08346721388299659
25861,GOF,0.4420848642713431,0.48258161864789134,0.07533351708076547
25862,GOF,0.0747505677102994,0.7722096962193936,0.15303973607030696
25863,GOF,0.07778724235207914,0.7707260080596889,0.15148674958823197
25864,GOF,0.20257707290030827,0.7280899094555372,0.06933301764415463
25865,GOF,0.08049593148359808,0.8054474766939668,0.11405659182243531
25866,GOF,0.05430221189200959,0.7940166785958713,0.15168110951211897
25867,GOF,0.08106583564168209,0.8194416205468034,0.09949254381151451
25868,GOF,0.24654667793888743,0.6494350060296957,0.10401831603141681
25869,Neutral,0.7096006103353036,0.24684288937380397,0.04355650029089245
25870,GOF,0.2849618018397508,0.40257221434366613,0.3124659838165831
25871,GOF,0.2455357754550741,0.6252279349834561,0.12923628956146999
25872,GOF,0.07333343890477555,0.6719407374264285,0.254725823668796
25873,GOF,0.10899011505944174,0.6959031877543809,0.19510669718617732
25874,LOF,0.014131942115919298,0.11979529466885486,0.8660727632152259
25875,LOF,0.09428972488636682,0.04395936142200783,0.8617509136916253
25876,LOF,0.0330972620884986,0.029584149046226214,0.9373185888652752
25877,Neutral,0.481807780713466,0.0402572386659199,0.47793498062061407
25878,LOF,0.21681560139848827,0.08880433644888366,0.694380062152628
25879,LOF,0.0887682208413671,0.09558016817295296,0.8156516109856801
25880,LOF,0.039135144322394455,0.014164644931402336,0.9467002107462031
25881,LOF,0.14413431082949252,0.1449481803036751,0.7109175088668325
25882,LOF,0.06142775551026445,0.017013656593322532,0.9215585878964131
25883,LOF,0.06272350196988587,0.02018422904224147,0.9170922689878725
25884,LOF,0.029909601804941503,0.029242223034669473,0.9408481751603891
25885,LOF,0.058098877376491935,0.011560896624215224,0.9303402259992928
25886,LOF,0.24324881290334166,0.0410806493950396,0.7156705377016188
25887,LOF,0.14187101052915221,0.07126493450750136,0.7868640549633464
25888,LOF,0.06262839169626169,0.06821310664767233,0.869158501656066
25889,LOF,0.03744598848313483,0.02040981016355805,0.9421442013533071
25890,LOF,0.04812713827964435,0.15550178860468747,0.7963710731156681
25891,LOF,0.03870339722396989,0.05478908488796522,0.9065075178880648
25892,LOF,0.07393882715204579,0.02620188707734902,0.8998592857706053
25893,LOF,0.23063324610902974,0.0215472745871685,0.7478194793038018
25894,LOF,0.17519053003874355,0.014408268401398383,0.8104012015598582
25895,LOF,0.19138272209434806,0.023918454020903996,0.7846988238847479
25896,LOF,0.04960208666091324,0.0241781724934826,0.9262197408456041
25897,LOF,0.25141849919326265,0.016385174674490268,0.7321963261322472
25898,Neutral,0.696859401929323,0.011092167599223811,0.29204843047145307
25899,LOF,0.19525698331737745,0.023874689939758473,0.780868326742864
25900,LOF,0.4669857041874833,0.013684652614607417,0.5193296431979093
25901,LOF,0.04571130917276721,0.012394344195113392,0.9418943466321194
25902,LOF,0.13998339627274067,0.01614726629087721,0.8438693374363821
25903,Neutral,0.5760065057038106,0.03127103977283349,0.3927224545233559
25904,LOF,0.2988589839662862,0.04714828315972437,0.6539927328739895
25905,LOF,0.023465027227250704,0.33827945057430003,0.6382555221984492
25906,LOF,0.02941995373622689,0.0910988959924687,0.8794811502713045
25907,LOF,0.014705620922724774,0.3359500758590684,0.6493443032182069
25908,LOF,0.009996248248539364,0.26239318715839755,0.7276105645930632
25909,LOF,0.012160782973604508,0.13649141955451932,0.8513477974718762
25910,LOF,0.048159819916968,0.1438220359309919,0.8080181441520401
25911,LOF,0.19420469270013163,0.023424711109731673,0.7823705961901367
25912,LOF,0.04713365185005775,0.044283209645657115,0.9085831385042852
25913,LOF,0.3378411166908012,0.02195344772984075,0.640205435579358
25914,LOF,0.01983348359417919,0.04888648521023608,0.9312800311955849
25915,Neutral,0.5684841396594643,0.1281621027877517,0.3033537575527839
25916,LOF,0.0842953617141945,0.19667959512989983,0.7190250431559058
25917,LOF,0.06375562632282168,0.0348928956808477,0.9013514779963306
25918,LOF,0.022065021622879565,0.027837103018917692,0.9500978753582029
25919,LOF,0.01991186978086521,0.030745389220869685,0.9493427409982652
25920,GOF,0.10480542669316506,0.4959310882715476,0.3992634850352873
25921,LOF,0.02549055299141693,0.03713664299939151,0.9373728040091915
25922,LOF,0.0353569389535244,0.02993233240450045,0.9347107286419751
25923,Neutral,0.5044164940470549,0.034723745863538935,0.46085976008940627
25924,LOF,0.03864244382119266,0.04367045835907111,0.9176870978197361
25925,LOF,0.07624224908938003,0.03869280251925922,0.8850649483913607
25926,LOF,0.051216177827246405,0.032254837143795505,0.9165289850289581
25927,LOF,0.059052347332691386,0.14836739758189924,0.7925802550854093
25928,LOF,0.01942385222951435,0.05369640064632165,0.926879747124164
25929,Neutral,0.618748786888865,0.03712013550745485,0.34413107760368006
25930,LOF,0.07385352222255194,0.031612049869889136,0.8945344279075589
25931,LOF,0.026164134097624324,0.03730916306126296,0.9365267028411127
25932,LOF,0.027679875961500972,0.028953599418492112,0.9433665246200068
25933,LOF,0.036501030844852796,0.01839300924324981,0.9451059599118973
25934,LOF,0.02386959636270717,0.020807157027859978,0.9553232466094328
25935,LOF,0.06535364066320763,0.049788558350941925,0.8848578009858504
25936,LOF,0.041631370901392684,0.0239186543464656,0.9344499747521416
25937,LOF,0.02917119103778017,0.03386786603675835,0.9369609429254614
25938,LOF,0.06641385487662399,0.051248644464626215,0.8823375006587498
25939,LOF,0.040906759069360726,0.019859700520690172,0.939233540409949
25940,LOF,0.03631570012006034,0.3408703143018953,0.6228139855780445
25941,LOF,0.17643231033830534,0.09224515276696925,0.7313225368947255
25942,LOF,0.013004578019515663,0.03353699363243601,0.9534584283480483
25943,LOF,0.30939606776322537,0.05635811283938607,0.6342458193973886
25944,Neutral,0.5067294356389954,0.01957219491566511,0.47369836944533955
25945,LOF,0.0726553606870677,0.01789576326295575,0.9094488760499766
25946,LOF,0.034019762661306886,0.11188774425746668,0.8540924930812265
25947,LOF,0.10946874348857828,0.19137976782842844,0.6991514886829933
25948,LOF,0.3681282843271017,0.008201438344668764,0.6236702773282295
25949,LOF,0.12402947630949317,0.036330889178671014,0.8396396345118358
25950,Neutral,0.3577172031919368,0.32710544586229284,0.31517735094577026
25951,LOF,0.19634803125566305,0.301121804857343,0.5025301638869939
25952,GOF,0.04672529980035077,0.4879097463694749,0.46536495383017434
25953,LOF,0.1603865932607285,0.1055553302865116,0.73405807645276
25954,Neutral,0.44022969184233074,0.179633752263492,0.38013655589417733
25955,LOF,0.0701392394454911,0.07694184661881055,0.8529189139356983
25956,LOF,0.15551773224077658,0.11743116764970572,0.7270511001095177
25957,LOF,0.03788020972915403,0.029102262840289328,0.9330175274305565
25958,LOF,0.05541713364147878,0.02723219213242121,0.9173506742261
25959,LOF,0.07673272620618639,0.3380322844690909,0.5852349893247227
25960,LOF,0.015257276586780952,0.054161968632101515,0.9305807547811176
25961,LOF,0.04267347811155973,0.027165654714011153,0.9301608671744291
25962,LOF,0.058270391082914194,0.032451756668347105,0.9092778522487387
25963,LOF,0.046109079045495605,0.19875650832582206,0.7551344126286823
25964,LOF,0.031305138843384823,0.1639809396384425,0.8047139215181727
25965,LOF,0.4388892181876938,0.056625405989578756,0.5044853758227276
25966,Neutral,0.5234174675438501,0.18445273086590408,0.2921298015902459
25967,LOF,0.017324824575361813,0.10110085852893196,0.8815743168957062
25968,LOF,0.030594665373231796,0.39119652769808455,0.5782088069286837
25969,LOF,0.03747587240700408,0.06536391611265811,0.8971602114803378
25970,LOF,0.05387277433402426,0.06280832073870354,0.8833189049272722
25971,LOF,0.06283414117325097,0.021442938493986367,0.9157229203327627
25972,LOF,0.06476128967318043,0.03205735021809698,0.9031813601087226
25973,LOF,0.07156155885140025,0.010532962000236831,0.9179054791483628
25974,LOF,0.1901763641058292,0.016541774907625716,0.793281860986545
25975,LOF,0.04380898260675516,0.027963786530937312,0.9282272308623076
25976,LOF,0.04249612971328192,0.01719383707731852,0.9403100332093994
25977,LOF,0.15537473081624195,0.08307973317986597,0.7615455360038921
25978,LOF,0.14304135076555138,0.09880184504192645,0.7581568041925222
25979,LOF,0.13003889189166962,0.10271644696629,0.7672446611420404
25980,LOF,0.21576749472785245,0.12235314626993284,0.6618793590022146
25981,LOF,0.24832279349791694,0.12166715745655023,0.6300100490455328
25982,LOF,0.41500795535820256,0.08287640236648058,0.5021156422753169
25983,LOF,0.3964443765301102,0.09352726797612952,0.5100283554937601
25984,LOF,0.04845084164676309,0.04369879198677432,0.9078503663664627
25985,LOF,0.03888148777576898,0.2770069945725762,0.6841115176516549
25986,LOF,0.047407478761117866,0.32639566928148905,0.626196851957393
25987,LOF,0.09071545357081247,0.06991327790868815,0.8393712685204995
25988,LOF,0.1645577160393846,0.05909935519563229,0.7763429287649831
25989,LOF,0.03577588857567659,0.11729696295571844,0.8469271484686051
25990,LOF,0.03955811604749691,0.17378601936894042,0.7866558645835626
25991,LOF,0.12797344689651538,0.24715178957931153,0.624874763524173
25992,LOF,0.2880840406461702,0.15659879478019345,0.5553171645736363
25993,LOF,0.020480836741502577,0.08032543241179158,0.899193730846706
25994,LOF,0.017029671148305905,0.08309462785512355,0.8998757009965705
25995,LOF,0.021145971718330412,0.1744560369624116,0.8043979913192579
25996,GOF,0.31662602029385795,0.4048121095578415,0.2785618701483005
25997,LOF,0.08508450984395527,0.38516324463393836,0.5297522455221063
25998,Neutral,0.5059339453148086,0.029733099756505208,0.4643329549286862
25999,LOF,0.09265322393737216,0.09154255088007003,0.8158042251825578
26000,LOF,0.1466208117664891,0.045253816898730884,0.80812537133478
26001,LOF,0.2030206377262264,0.050876638946677086,0.7461027233270966
26002,LOF,0.1098343363654643,0.04296946048293945,0.8471962031515963
26003,GOF,0.01121894510299642,0.6172865182474936,0.37149453664950993
26004,GOF,0.023216766970309558,0.6923081354031364,0.28447509762655393
26005,LOF,0.007185283043228608,0.44551803172385157,0.5472966852329199
26006,Neutral,0.523442896294892,0.24399803862470515,0.23255906508040286
26007,GOF,0.02138319836168269,0.5146035016677537,0.4640132999705635
26008,GOF,0.0179688387578502,0.6208240327636373,0.36120712847851244
26009,GOF,0.021936120673053106,0.6917410414773857,0.2863228378495612
26010,GOF,0.023527599118889044,0.649018289297045,0.32745411158406584
26011,LOF,0.00658024273818562,0.41478347069010135,0.5786362865717131
26012,GOF,0.012774800177794358,0.5432692067807278,0.4439559930414778
26013,GOF,0.019044403961270818,0.6013631021901155,0.3795924938486137
26014,LOF,0.04049968269644979,0.11815689203276261,0.8413434252707875
26015,LOF,0.14202872127727062,0.015636645571294443,0.8423346331514349
26016,LOF,0.17548325132017648,0.06579322257649473,0.7587235261033287
26017,LOF,0.2012043786212982,0.0996925983414371,0.6991030230372648
26018,LOF,0.07131322328345648,0.039860386256960506,0.8888263904595831
26019,LOF,0.06879506333229579,0.032681797135201036,0.8985231395325033
26020,LOF,0.06480617894040851,0.10749850078487547,0.8276953202747162
26021,LOF,0.04197127796753458,0.11168491121902782,0.8463438108134376
26022,LOF,0.010678086598310727,0.04330905971481338,0.9460128536868759
26023,LOF,0.06614139208913897,0.025976295674630556,0.9078823122362305
26024,LOF,0.028258442700307296,0.11328891543036984,0.8584526418693229
26025,LOF,0.14886769417159196,0.09792902662217685,0.7532032792062312
26026,LOF,0.3025648366577534,0.031456314297982665,0.665978849044264
26027,LOF,0.05510692635607247,0.0202820109183378,0.9246110627255898
26028,LOF,0.16572306355690694,0.06029538194351318,0.77398155449958
26029,LOF,0.06334783681620891,0.1497978779925033,0.7868542851912879
26030,LOF,0.021772537691489315,0.03428721980133738,0.9439402425071733
26031,LOF,0.024913891088423637,0.10833465597884523,0.8667514529327311
26032,LOF,0.06309411796900732,0.0485279649073568,0.8883779171236359
26033,LOF,0.08852816571061117,0.047937872612774546,0.8635339616766143
26034,LOF,0.039486106432381145,0.1304105394731295,0.8301033540944893
26035,LOF,0.024087158379005717,0.12511922840725934,0.8507936132137349
26036,LOF,0.034253649732964075,0.14243391276488457,0.8233124375021513
26037,LOF,0.02037654320078079,0.10249983007028933,0.87712362672893
26038,LOF,0.05983645131970108,0.05037221225647729,0.8897913364238217
26039,LOF,0.046806853359921706,0.12344004762951374,0.8297530990105645
26040,LOF,0.19907968350141766,0.09125096740733042,0.7096693490912519
26041,LOF,0.021179515933531852,0.09759210162738861,0.8812283824390796
26042,LOF,0.01948556656085355,0.09292453497681091,0.8875898984623356
26043,LOF,0.06123593229421333,0.05790725820435112,0.8808568095014355
26044,LOF,0.01913446823796063,0.04725564852245124,0.9336098832395883
26045,LOF,0.06713644497888799,0.0900312032435184,0.8428323517775936
26046,LOF,0.05697420450751259,0.04900040652838795,0.8940253889640996
26047,LOF,0.07374919033420428,0.05017000732999254,0.8760808023358031
26048,LOF,0.04503314221490637,0.0329568672494379,0.9220099905356557
26049,Neutral,0.9649728219877394,0.0053579269343100285,0.029669251077950685
26050,Neutral,0.9518787746870672,0.006560002144531468,0.041561223168401266
26051,LOF,0.05154714842689362,0.2693735316682742,0.6790793199048322
26052,LOF,0.06886078097879621,0.29487959042579065,0.6362596285954131
26053,LOF,0.0625520112664608,0.14269961387789779,0.7947483748556414
26054,LOF,0.04909936747605522,0.016451007290763077,0.9344496252331818
26055,LOF,0.0671796550317072,0.01657167640153331,0.9162486685667595
26056,LOF,0.057191492562827004,0.018332277807248862,0.9244762296299242
26057,LOF,0.03028795221834022,0.011906118664552844,0.9578059291171069
26058,LOF,0.03135177469174649,0.009635015397777155,0.9590132099104762
26059,LOF,0.26479261868793486,0.021063110180661582,0.7141442711314036
26060,LOF,0.046653691422487785,0.16623218510068655,0.7871141234768255
26061,LOF,0.016437149696675972,0.012615580816813698,0.9709472694865104
26062,LOF,0.01016267807434275,0.018763546353023804,0.9710737755726334
26063,LOF,0.019665394515984917,0.009967577004799466,0.9703670284792157
26064,LOF,0.020670881594541644,0.022613361050741354,0.956715757354717
26065,LOF,0.02565477710659673,0.010516495647956271,0.963828727245447
26066,LOF,0.02052002317993689,0.010592881354254874,0.9688870954658082
26067,LOF,0.027484336655581088,0.008652052245569974,0.963863611098849
26068,LOF,0.04182347864133902,0.02673973064167834,0.9314367907169826
26069,LOF,0.26074298834026005,0.01790049544808269,0.7213565162116573
26070,LOF,0.3992657662796881,0.01544550560736586,0.5852887281129461
26071,LOF,0.020423508061107362,0.01155171223900837,0.9680247796998842
26072,LOF,0.017859753303779247,0.022140017234867165,0.9600002294613537
26073,LOF,0.019633948142928806,0.013360440563718856,0.9670056112933524
26074,Neutral,0.9146598838791444,0.005673335492570864,0.0796667806282847
26075,LOF,0.04386243367537796,0.012380308090216804,0.9437572582344051
26076,LOF,0.03578710031939354,0.008359628852973075,0.9558532708276333
26077,LOF,0.009436767966400328,0.01239802998561928,0.9781652020479803
26078,LOF,0.014620295431604506,0.010511525169565003,0.9748681793988305
26079,LOF,0.060643445711973616,0.014747953861914322,0.924608600426112
26080,LOF,0.05942078847286376,0.014790108637139386,0.9257891028899969
26081,LOF,0.035808109031647675,0.006384735814587525,0.9578071551537647
26082,LOF,0.012792237151226495,0.013080712443895217,0.9741270504048782
26083,LOF,0.1783756754176284,0.014250189450433689,0.807374135131938
26084,LOF,0.044421076673931456,0.011535866439377464,0.9440430568866911
26085,LOF,0.04058316092438973,0.01108911159031717,0.9483277274852931
26086,LOF,0.02046724906571517,0.010723852262621373,0.9688088986716634
26087,LOF,0.02259915662464924,0.008191912881522954,0.9692089304938278
26088,LOF,0.01656951356981134,0.023106161612998034,0.9603243248171905
26089,LOF,0.04038214532678457,0.01981645608559545,0.93980139858762
26090,LOF,0.04029800706547377,0.015685043759657083,0.9440169491748691
26091,LOF,0.031263741905215754,0.006034351784436822,0.9627019063103474
26092,LOF,0.02236901318879827,0.0078052214252749144,0.9698257653859267
26093,LOF,0.033071245167038056,0.005691805929322186,0.9612369489036399
26094,LOF,0.031865858589396896,0.006029557091443069,0.96210458431916
26095,LOF,0.03631358473566227,0.013491435546520403,0.9501949797178174
26096,LOF,0.015854918096947418,0.010467474752093925,0.9736776071509585
26097,LOF,0.011444056752004213,0.03778857345906937,0.9507673697889264
26098,LOF,0.08103779853315433,0.011487294056544913,0.9074749074103007
26099,LOF,0.020749875271910443,0.011880990494370075,0.9673691342337196
26100,LOF,0.022702155012379745,0.01168828011892073,0.9656095648686994
26101,LOF,0.04573390146711093,0.016739986909270838,0.9375261116236182
26102,LOF,0.019928550407545848,0.014034869213836282,0.9660365803786178
26103,Neutral,0.876076450370735,0.017972534393637652,0.10595101523562737
26104,LOF,0.07915336042223789,0.022160306556465413,0.8986863330212966
26105,LOF,0.1999236051866649,0.29105923044141424,0.5090171643719208
26106,LOF,0.16579099581930187,0.14079280277903383,0.6934162014016644
26107,LOF,0.21527603922227959,0.08814232894416081,0.6965816318335597
26108,LOF,0.230189951988096,0.09878566683115651,0.6710243811807475
26109,LOF,0.0953158936932305,0.05678958599713611,0.8478945203096333
26110,LOF,0.23299471786916534,0.006747212618015175,0.7602580695128196
26111,Neutral,0.5068517118322946,0.02138357551933872,0.4717647126483667
26112,LOF,0.033064015527324325,0.0063180114187364874,0.9606179730539391
26113,LOF,0.060797420033185404,0.015228440323258808,0.9239741396435558
26114,LOF,0.02512438118790505,0.026587325838407012,0.9482882929736879
26115,LOF,0.08674115131016767,0.057159264085836194,0.8560995846039962
26116,LOF,0.06069502767406766,0.0577555272854018,0.8815494450405306
26117,LOF,0.4641591970055295,0.03961214986251385,0.4962286531319568
26118,LOF,0.0343836764690572,0.02177463286311963,0.9438416906678232
26119,LOF,0.022725117404791086,0.03391264152923546,0.9433622410659734
26120,LOF,0.024783170277214356,0.016936020115729193,0.9582808096070563
26121,LOF,0.041138553478219195,0.09034237470078975,0.8685190718209911
