feature0,prediction,LoGoFunc_Neutral,LoGoFunc_GOF,LoGoFunc_LOF
25546,Neutral,0.6650260346362511,0.05411146429741636,0.28086250106633265
25547,Neutral,0.48774831194880497,0.09822934745903648,0.41402234059215853
25548,Neutral,0.49898999952803624,0.0782072727755184,0.42280272769644534
25549,LOF,0.4198501690052516,0.07860865966609942,0.5015411713286491
25550,LOF,0.3696189243463438,0.11541640897486916,0.514964666678787
25551,LOF,0.3048340666693154,0.13067887025355446,0.5644870630771301
25552,LOF,0.2443974657519474,0.12109985817351698,0.6345026760745356
25553,Neutral,0.8111851597269177,0.04370626689901895,0.14510857337406352
25554,LOF,0.2858813936189555,0.11414364214958918,0.5999749642314554
25555,LOF,0.23775617139006033,0.10954125010674218,0.6527025785031975
25556,LOF,0.4505306595155664,0.09711091531425668,0.4523584251701768
25557,LOF,0.22820635279546037,0.11052410609939585,0.6612695411051437
25558,LOF,0.28855425369307985,0.11141860437426339,0.6000271419326568
25559,LOF,0.17350991258082013,0.12702179228506402,0.6994682951341158
25560,LOF,0.14758530497458724,0.10113359342092973,0.751281101604483
25561,LOF,0.1451122409532021,0.1305967887551863,0.7242909702916115
25562,LOF,0.07004526974158172,0.07820870656016353,0.8517460236982547
25563,LOF,0.021975401385909806,0.11063087297599948,0.8673937256380907
25564,LOF,0.23715325280727823,0.1086862367253219,0.6541605104673999
25565,LOF,0.2290255869233875,0.12601801084254652,0.644956402234066
25566,GOF,0.09656489847898674,0.6954944660369764,0.20794063548403685
25567,LOF,0.03860220806090297,0.11284574478218548,0.8485520471569116
25568,LOF,0.059648764129650415,0.06298901807892794,0.8773622177914217
25569,LOF,0.05793226242301004,0.06460889060583672,0.8774588469711532
25570,LOF,0.027449059960683166,0.08465781139012304,0.8878931286491938
25571,LOF,0.026754236460498834,0.08752383403065599,0.8857219295088451
25572,LOF,0.06460802047080225,0.10604861450974495,0.8293433650194528
25573,LOF,0.056627361396848645,0.07791654084671126,0.8654560977564401
25574,LOF,0.05180551698319227,0.17208842305421845,0.7761060599625893
25575,LOF,0.022671248432092967,0.10589684569167558,0.8714319058762313
25576,LOF,0.037349594699544804,0.13566304293370637,0.8269873623667489
25577,LOF,0.0313313344216897,0.10004539612315122,0.868623269455159
25578,LOF,0.2903632200993844,0.07440136458277029,0.6352354153178453
25579,LOF,0.12983325270030235,0.07905094630049361,0.7911158009992041
25580,LOF,0.019186253338982023,0.06897172160836318,0.9118420250526549
25581,LOF,0.05653024010610421,0.06123909576661282,0.8822306641272829
25582,LOF,0.05640773240006348,0.05964064716558799,0.8839516204343485
25583,LOF,0.020658942741990923,0.06992544637864166,0.9094156108793674
25584,Neutral,0.6530482755528945,0.10487708468767677,0.24207463975942875
25585,LOF,0.03312218260220626,0.11518297399756694,0.8516948434002268
25586,LOF,0.018881724282911155,0.06067303266309094,0.9204452430539978
25587,LOF,0.017960285197479334,0.052766417026097856,0.9292732977764229
25588,LOF,0.020639451861435225,0.06159110811555589,0.917769440023009
25589,Neutral,0.4823534563974562,0.19947072734956162,0.3181758162529822
25590,LOF,0.049283640978924244,0.09610537143867656,0.8546109875823992
25591,LOF,0.09078992676504259,0.0520975878804654,0.857112485354492
25592,LOF,0.05524779772696646,0.1171957813057029,0.8275564209673307
25593,LOF,0.13312821373778747,0.23693769444550267,0.6299340918167098
25594,LOF,0.0467189849106617,0.1045705377265582,0.8487104773627802
25595,LOF,0.04319978382539362,0.08014173410491503,0.8766584820696914
25596,LOF,0.10263110352400001,0.041881126731860716,0.8554877697441393
25597,LOF,0.08378441525077784,0.05189472104300822,0.864320863706214
25598,LOF,0.04570251488032459,0.08117828294485203,0.8731192021748234
25599,GOF,0.01988549969244438,0.5250124084860303,0.4551020918215254
25600,GOF,0.16985074450547552,0.4973883713743697,0.3327608841201548
25601,LOF,0.04140621767633421,0.378345690700917,0.5802480916227488
25602,LOF,0.03439362722001035,0.049806454570560814,0.9157999182094287
25603,LOF,0.03685755574757307,0.02689885988353724,0.9362435843688898
25604,LOF,0.035387328780791656,0.05533658266141926,0.9092760885577891
25605,LOF,0.03977187167383308,0.15894766760625695,0.80128046071991
25606,LOF,0.4406176372437991,0.08610737256953684,0.473274990186664
25607,LOF,0.026215082377774927,0.15714472134967072,0.8166401962725542
25608,LOF,0.03534455072394923,0.0707007888535995,0.8939546604224513
25609,GOF,0.15105031919483924,0.5454419967203633,0.3035076840847975
25610,LOF,0.016309292029728997,0.028154217974934684,0.9555364899953365
25611,LOF,0.01537924461976268,0.030791762373475202,0.953828993006762
25612,LOF,0.04517699893457776,0.03809467523224017,0.9167283258331821
25613,LOF,0.043224223852869996,0.0376266598384158,0.9191491163087143
25614,LOF,0.022319202742073684,0.029159919936395277,0.948520877321531
25615,LOF,0.044578362174322275,0.03605967333589774,0.91936196448978
25616,LOF,0.04761314106107581,0.026901469125662304,0.9254853898132618
25617,LOF,0.043054334842897675,0.034980567206902444,0.9219650979501999
25618,LOF,0.052371863612094796,0.03388708340867886,0.9137410529792263
25619,LOF,0.01504384422750973,0.03241123285365077,0.9525449229188395
25620,LOF,0.06166174759906362,0.03858195736247182,0.8997562950384647
25621,LOF,0.051941043886219604,0.02989374044704649,0.9181652156667338
25622,LOF,0.05852444035558881,0.031002901346767798,0.9104726582976435
25623,LOF,0.0745128158224279,0.02719758954961309,0.8982895946279591
25624,LOF,0.018695521964053167,0.03775944127639414,0.9435450367595528
25625,LOF,0.06395639882566088,0.04199158000854271,0.8940520211657963
25626,LOF,0.04425873345716453,0.03988924690891799,0.9158520196339174
25627,Neutral,0.8921888644182052,0.02228846730627332,0.08552266827552142
25628,LOF,0.13466928945407852,0.06250753689851032,0.8028231736474112
25629,LOF,0.059749273502317034,0.04369092639016031,0.8965598001075226
25630,LOF,0.2542634375572828,0.07982449065490402,0.6659120717878133
25631,Neutral,0.5160013325264048,0.06777993854689318,0.416218728926702
25632,LOF,0.02599602061402611,0.05782793102012272,0.9161760483658511
25633,LOF,0.19119824932694257,0.035127201256505515,0.7736745494165518
25634,LOF,0.0316941942654671,0.07634650474213721,0.8919593009923956
25635,LOF,0.03892565227223843,0.0427706185696828,0.9183037291580787
25636,GOF,0.03945642569687548,0.4833943686835302,0.47714920561959434
25637,LOF,0.07294725364088794,0.4551866045293294,0.4718661418297828
25638,LOF,0.04145096147917342,0.2864261113266928,0.6721229271941337
25639,LOF,0.03711993505861091,0.3182004374341078,0.6446796275072814
25640,Neutral,0.8115843326666511,0.14558201827527925,0.04283364905806957
25641,LOF,0.0544545455142078,0.4501792420158511,0.4953662124699411
25642,LOF,0.041213349188193804,0.1467095580468703,0.8120770927649359
25643,LOF,0.19220201006629303,0.1619357460221775,0.6458622439115295
25644,LOF,0.022528401459272304,0.478209280741426,0.4992623177993018
25645,LOF,0.0208099278824499,0.43714112936900185,0.5420489427485482
25646,LOF,0.04766675930834084,0.3506625946898571,0.601670646001802
25647,LOF,0.021061282527303465,0.25592201335893827,0.7230167041137582
25648,LOF,0.028192232586171196,0.2528063714067788,0.7190013960070499
25649,LOF,0.015567012964010174,0.24881030323273945,0.7356226838032505
25650,LOF,0.04902964118715181,0.4007948053871971,0.5501755534256512
25651,LOF,0.016827339269698968,0.26541601138696047,0.7177566493433407
25652,LOF,0.029842317518870176,0.2651956892115012,0.7049619932696287
25653,LOF,0.07713161200941379,0.38171833774341735,0.5411500502471689
25654,LOF,0.024340990912497324,0.19984697518221814,0.7758120339052845
25655,LOF,0.2363781116483568,0.360361551443026,0.40326033690861735
25656,LOF,0.3018261685071034,0.04152390932573454,0.6566499221671621
25657,LOF,0.07947028872122465,0.04675619729137939,0.873773513987396
25658,LOF,0.3783497277748602,0.04493721391417708,0.5767130583109628
25659,Neutral,0.5452291169608254,0.06269324134146566,0.39207764169770887
25660,LOF,0.025268797383878258,0.07736231368238337,0.8973688889337383
25661,LOF,0.09494803725476476,0.056274824725011274,0.848777138020224
25662,LOF,0.031158125300795335,0.0312868707233207,0.9375550039758839
25663,LOF,0.03894479612671434,0.045085673653571925,0.9159695302197138
25664,LOF,0.13801166237421458,0.051510327040604986,0.8104780105851804
25665,LOF,0.05217519035734316,0.031370790165984895,0.9164540194766719
25666,LOF,0.08718812383947962,0.07012549631849764,0.8426863798420228
25667,LOF,0.063107490516417,0.04383852435223692,0.893053985131346
25668,LOF,0.0369661692238577,0.043833401890271864,0.9192004288858705
25669,LOF,0.033351787823295766,0.0517255722098001,0.914922639966904
25670,LOF,0.13266062784056054,0.04125049657176945,0.8260888755876701
25671,LOF,0.09091177590712407,0.029302979519735924,0.8797852445731399
25672,LOF,0.05280885168777622,0.038484360202211486,0.9087067881100124
25673,LOF,0.08089869588952221,0.036751451472088026,0.8823498526383897
25674,LOF,0.07008808225652383,0.04613389146939906,0.8837780262740771
25675,LOF,0.1218726695964857,0.04511440193121643,0.8330129284722979
25676,LOF,0.018449584903047662,0.046793927490597874,0.9347564876063543
25677,LOF,0.025983792097980775,0.06128210176260295,0.9127341061394163
25678,LOF,0.17705216080638422,0.05696726489942487,0.7659805742941909
25679,LOF,0.12607547932042884,0.07165950779321824,0.802265012886353
25680,LOF,0.031007136920308098,0.1050436854548764,0.8639491776248155
25681,LOF,0.05071522089505296,0.0972392348541706,0.8520455442507765
25682,LOF,0.14172093762663251,0.0600846484659025,0.798194413907465
25683,LOF,0.12219447186515474,0.0746437124698365,0.8031618156650087
25684,LOF,0.042255214920428164,0.06158478982672385,0.896159995252848
25685,LOF,0.12492310764770824,0.044743839180225585,0.8303330531720661
25686,LOF,0.07236064760553701,0.0897584972199686,0.8378808551744944
25687,LOF,0.12548612510238225,0.07716710857922611,0.7973467663183916
25688,LOF,0.2988274034856841,0.04164431559892252,0.6595282809153935
25689,LOF,0.21024390123164402,0.047422700333835714,0.7423333984345202
25690,LOF,0.3388053996864447,0.03442451391585464,0.6267700863977008
25691,Neutral,0.6807220413515092,0.035862769645509884,0.28341518900298085
25692,LOF,0.28133556395792586,0.011206630977576114,0.707457805064498
25693,LOF,0.04548974990517249,0.4595756726530072,0.49493457744182046
25694,LOF,0.12694433766589636,0.022437625283182727,0.850618037050921
25695,LOF,0.1276005056117641,0.017384920895528115,0.8550145734927078
25696,LOF,0.1134517327347424,0.010329245884497304,0.8762190213807602
25697,LOF,0.11844055400845709,0.02677479032536616,0.8547846556661768
25698,LOF,0.3275603530893531,0.2537450776185524,0.4186945692920945
25699,LOF,0.41881735214302884,0.043464968520576054,0.537717679336395
25700,LOF,0.04716089189483314,0.011372488333709315,0.9414666197714574
25701,LOF,0.15753135654704,0.060919637907777636,0.7815490055451823
25702,GOF,0.1939947328520206,0.5282820009839924,0.27772326616398707
25703,LOF,0.0158038956273451,0.15271545034187559,0.8314806540307794
25704,LOF,0.05161030822369945,0.10732483689888735,0.8410648548774133
25705,LOF,0.05853630522442057,0.19206390840951354,0.7493997863660659
25706,LOF,0.10322986221325509,0.348121739122374,0.5486483986643709
25707,LOF,0.09561076338784552,0.26855401225797315,0.6358352243541814
25708,LOF,0.03283454187602928,0.2582924209849097,0.708873037139061
25709,LOF,0.05620273259689755,0.0402781161985972,0.9035191512045052
25710,LOF,0.011654825297114972,0.13601288054064914,0.8523322941622358
25711,LOF,0.01781024937553382,0.09143167675319035,0.8907580738712758
25712,LOF,0.013427060915937846,0.18960190784497824,0.796971031239084
25713,LOF,0.017733216348490056,0.07934432948632646,0.9029224541651836
25714,LOF,0.06951254318627835,0.07441642138719837,0.8560710354265233
25715,LOF,0.01003346500331027,0.13205042187142998,0.8579161131252598
25716,LOF,0.01291826624734651,0.12450806058662045,0.8625736731660331
25717,LOF,0.013237039678454429,0.08332387364267498,0.9034390866788706
25718,LOF,0.010835210653820022,0.11008261416487299,0.879082175181307
25719,LOF,0.017801888463926715,0.07781154904103263,0.9043865624950407
25720,LOF,0.020205173950243203,0.07188631393880245,0.9079085121109544
25721,LOF,0.01552391047588826,0.10443670909111952,0.8800393804329921
25722,LOF,0.012997795319141877,0.12427153865944039,0.8627306660214177
25723,LOF,0.020848193184714696,0.045367356556169185,0.9337844502591162
25724,LOF,0.023090950267956923,0.08158842320032501,0.8953206265317181
25725,LOF,0.011251304385564683,0.06749895209802538,0.9212497435164099
25726,LOF,0.013995353376446673,0.10171137439504097,0.8842932722285124
25727,LOF,0.012101421706519209,0.07997392986019225,0.9079246484332885
25728,LOF,0.009143718892943438,0.11040088428973999,0.8804553968173165
25729,LOF,0.00941796852727404,0.10940988924411733,0.8811721422286087
25730,LOF,0.013039645116324085,0.08404851359701669,0.9029118412866591
25731,LOF,0.020355915253667027,0.12089549971861147,0.8587485850277214
25732,LOF,0.01446582363688681,0.08539383844620226,0.900140337916911
25733,LOF,0.015798973488522675,0.07137285568076378,0.9128281708307135
25734,LOF,0.012614909967483883,0.13436429821348703,0.8530207918190291
25735,LOF,0.012887677622185968,0.07974187553509038,0.9073704468427236
25736,LOF,0.013071474118605987,0.1089417596085506,0.8779867662728433
25737,LOF,0.019172786128065788,0.08088922709521629,0.899937986776718
25738,LOF,0.012403690019229998,0.11339257390502389,0.8742037360757461
25739,LOF,0.018679813667581743,0.08159275129314478,0.8997274350392735
25740,LOF,0.025134860752208825,0.09617218425085192,0.8786929549969393
25741,LOF,0.014340399529137968,0.09900756754067078,0.8866520329301913
25742,LOF,0.11163628185056561,0.07571929606444389,0.8126444220849904
25743,LOF,0.03690559086936251,0.03170413351583342,0.9313902756148041
25744,Neutral,0.5763811076157115,0.21655721648487353,0.20706167589941496
25745,LOF,0.08708335368910727,0.06710356248279095,0.8458130838281017
25746,LOF,0.04402454015591473,0.07509754485671925,0.880877914987366
25747,LOF,0.023826141661401738,0.03794976429887385,0.9382240940397243
25748,LOF,0.11733810998789805,0.05045037139327603,0.8322115186188258
25749,LOF,0.029696254201753522,0.0736359775771089,0.8966677682211376
25750,LOF,0.08839407157133009,0.07314046055932256,0.8384654678693473
25751,LOF,0.09282201132799664,0.05651026804035807,0.8506677206316453
25752,GOF,0.10398409818152773,0.6804965406289616,0.2155193611895106
25753,LOF,0.019371288676503205,0.272303094041167,0.7083256172823298
25754,GOF,0.010346908258278987,0.7900054802043525,0.19964761153736874
25755,LOF,0.023274249627502734,0.4063202054707928,0.5704055449017045
25756,LOF,0.037198027744927635,0.3762458230321853,0.5865561492228871
25757,GOF,0.013821215841599321,0.8385196357598742,0.14765914839852642
25758,GOF,0.027293997603705673,0.8261777359114306,0.14652826648486372
25759,GOF,0.010884501925772146,0.5365826636173121,0.45253283445691567
25760,LOF,0.012958185767900997,0.24226068771695258,0.7447811265151465
25761,GOF,0.2904455296805115,0.6132037515444122,0.09635071877507628
25762,LOF,0.03613086356475563,0.2663948189058273,0.697474317529417
25763,LOF,0.012809012737141919,0.2112307811092963,0.7759602061535619
25764,GOF,0.06565112453927746,0.6383038202465625,0.2960450552141599
25765,GOF,0.04201159580381949,0.7461742960413621,0.2118141081548184
25766,GOF,0.05902284586289318,0.7818498592970416,0.15912729484006524
25767,GOF,0.18248692453314105,0.43247829875025934,0.38503477671659964
25768,LOF,0.08607618861542042,0.061758155066779896,0.8521656563177997
25769,LOF,0.06556838718972088,0.06155858706190184,0.8728730257483772
25770,LOF,0.2809249796144739,0.07857570311758315,0.640499317267943
25771,LOF,0.042094341751104436,0.04540938897296859,0.912496269275927
25772,LOF,0.01610432803380262,0.03424692529295849,0.9496487466732388
25773,LOF,0.046327227765033244,0.08555778664080571,0.8681149855941611
25774,LOF,0.028211133110479625,0.07758230262324883,0.8942065642662717
25775,LOF,0.04647986491866086,0.05191799621115385,0.9016021388701851
25776,LOF,0.06948661008833971,0.026963412126536423,0.9035499777851238
25777,LOF,0.33563306719161,0.05462437712598702,0.609742555682403
25778,LOF,0.058979781081078986,0.052010643092603434,0.8890095758263176
25779,GOF,0.36083939014478267,0.5927096365113862,0.046450973343831164
25780,GOF,0.287082645636357,0.63765385956692,0.07526349479672295
25781,GOF,0.1430851463276127,0.7470851293691076,0.10982972430327971
25782,GOF,0.20809445874692442,0.7243945695786487,0.06751097167442692
25783,GOF,0.028093172393781927,0.6292843415306044,0.3426224860756136
25784,Neutral,0.5011193846611435,0.4601854652708684,0.03869515006798813
25785,GOF,0.3926865363422012,0.5670265284348169,0.040286935222981796
25786,GOF,0.024796731640556947,0.7828094807004341,0.19239378765900894
25787,Neutral,0.661767497207586,0.31319718151588327,0.025035321276530676
25788,LOF,0.048218798121707276,0.103534818852358,0.8482463830259347
25789,GOF,0.21745887048553827,0.6474952018063355,0.13504592770812632
25790,GOF,0.2068107898929935,0.6938348037368561,0.0993544063701503
25791,GOF,0.1283859402238858,0.6946441997548598,0.17696986002125437
25792,GOF,0.307170479465314,0.5563809947251592,0.1364485258095267
25793,GOF,0.24615834812542897,0.5756366935223626,0.17820495835220848
25794,GOF,0.2951974572142042,0.5281394595536638,0.17666308323213203
25795,GOF,0.07369061340844316,0.6972602598365301,0.2290491267550267
25796,Neutral,0.5240318463453059,0.38469300783837146,0.0912751458163227
25797,GOF,0.09645293209163733,0.5438796058089312,0.3596674620994314
25798,GOF,0.00982300122617747,0.5009771965856024,0.48919980218822023
25799,LOF,0.006797217720751726,0.3942593562215586,0.5989434260576897
25800,GOF,0.032578197858549506,0.5781984096042305,0.38922339253722
25801,GOF,0.1733174712497598,0.6874848670285618,0.13919766172167838
25802,GOF,0.07198622334267951,0.7040932416502824,0.22392053500703793
25803,GOF,0.034253461263822955,0.5606586593175908,0.40508787941858626
25804,LOF,0.032136143147275455,0.47360770548893083,0.4942561513637937
25805,GOF,0.10805633665778798,0.5974346341938505,0.29450902914836163
25806,GOF,0.09217281277811624,0.594396075978836,0.31343111124304773
25807,GOF,0.019129129105278104,0.6264770803606211,0.3543937905341008
25808,GOF,0.08334618444408272,0.6236389545744315,0.2930148609814857
25809,GOF,0.01660532541188722,0.5679207577293073,0.4154739168588055
25810,GOF,0.016048159014370005,0.5990293351885522,0.38492250579707776
25811,GOF,0.4434846156056198,0.47814886869446965,0.07836651569991064
25812,GOF,0.028186539191175072,0.620612482208463,0.3512009786003618
25813,Neutral,0.5240774904569995,0.38309963995508733,0.09282286958791312
25814,GOF,0.11600493808219825,0.652268126650451,0.2317269352673508
25815,GOF,0.20180173209378516,0.5995534456040064,0.19864482230220837
25816,GOF,0.023454819984235993,0.7190367700730091,0.2575084099427548
25817,GOF,0.2597287050167026,0.6188290361757237,0.12144225880757374
25818,GOF,0.051208437900885556,0.6845517979385375,0.264239764160577
25819,GOF,0.3564837083749376,0.5004885097341912,0.1430277818908712
25820,GOF,0.1757748879559523,0.6099394598011268,0.2142856522429209
25821,GOF,0.05778771609817332,0.6619350945581056,0.2802771893437211
25822,GOF,0.19033289089859093,0.6105550208605341,0.19911208824087495
25823,GOF,0.03358069250256632,0.5219467341877735,0.4444725733096601
25824,GOF,0.08837685124268009,0.6092314484951661,0.30239170026215384
25825,GOF,0.03708626249616108,0.6080147261993544,0.3548990113044846
25826,GOF,0.016173528355477022,0.583822342591027,0.4000041290534959
25827,GOF,0.0246736196576053,0.6134364515905643,0.36188992875183046
25828,GOF,0.013500028275118089,0.5434122800302575,0.4430876916946243
25829,GOF,0.005741852088140115,0.5759802058981003,0.41827794201375956
25830,LOF,0.035520966020882686,0.27474728502559753,0.6897317489535197
25831,GOF,0.24674488968082317,0.6413537706364256,0.11190133968275122
25832,GOF,0.029282313536964363,0.7213604295934323,0.24935725686960328
25833,GOF,0.10238890613981542,0.7416462253057647,0.1559648685544199
25834,GOF,0.0295690931121384,0.7376616451467951,0.23276926174106638
25835,GOF,0.06091823834927047,0.780761260653455,0.1583205009972746
25836,GOF,0.028448204828430246,0.6957487186087504,0.27580307656281927
25837,GOF,0.02611412241782942,0.6097563283321881,0.36412954924998253
25838,GOF,0.08345067354439512,0.7792335381679535,0.13731578828765145
25839,GOF,0.2915884591855115,0.5645176128399035,0.14389392797458495
25840,GOF,0.2533374967877326,0.6088879096777581,0.1377745935345093
25841,GOF,0.23600848102989702,0.6281889670623552,0.13580255190774776
25842,GOF,0.14497600021510218,0.742008156363282,0.11301584342161577
25843,GOF,0.20459137883435116,0.7157273137569885,0.07968130740866027
25844,GOF,0.060866511843213955,0.7571875084409525,0.18194597971583346
25845,GOF,0.016009686160343494,0.5429705780702602,0.44101973576939635
25846,GOF,0.12634046233330895,0.7484727277502837,0.1251868099164072
25847,GOF,0.09732749608602757,0.8097584252756508,0.09291407863832168
25848,GOF,0.03702682065869818,0.7428794054091528,0.22009377393214907
25849,GOF,0.010753510361455741,0.6277644830215958,0.36148200661694846
25850,GOF,0.0198641741669028,0.6938838567573196,0.28625196907577766
25851,GOF,0.01618727119826916,0.5630814767782114,0.42073125202351946
25852,GOF,0.17192488705911638,0.5611796825063735,0.2668954304345102
25853,GOF,0.35164365987520924,0.5704662531936896,0.07789008693110115
25854,GOF,0.02207368144704787,0.6200447206776801,0.35788159787527196
25855,GOF,0.032912213598391124,0.5634533183815952,0.4036344680200138
25856,GOF,0.22929523167892799,0.5551941876686519,0.21551058065242018
25857,GOF,0.03840938907855668,0.5094062200112118,0.45218439091023155
25858,GOF,0.02077650760623412,0.5237310879319472,0.45549240446181866
25859,GOF,0.010659877897506461,0.503236250296142,0.48610387180635145
25860,GOF,0.36140184233781597,0.5615135935518704,0.07708456411031367
25861,GOF,0.42850981651986203,0.5038352362249734,0.06765494725516465
25862,GOF,0.07372807984599379,0.7936999314414437,0.1325719887125624
25863,GOF,0.07616785453042975,0.799497448845481,0.12433469662408918
25864,GOF,0.2077052468459119,0.7297407664715319,0.06255398668255618
25865,GOF,0.08766798448744008,0.8076688854922072,0.10466313002035274
25866,GOF,0.054435934773973176,0.7975833125961973,0.1479807526298296
25867,GOF,0.07958447374336508,0.824447626797804,0.09596789945883076
25868,GOF,0.25528923507226003,0.6501244682889984,0.09458629663874167
25869,Neutral,0.7272261758365053,0.23207422935545124,0.04069959480804345
25870,GOF,0.2692483540065845,0.41571278793795696,0.3150388580554585
25871,GOF,0.21639373747450713,0.6531132276089068,0.13049303491658618
25872,GOF,0.06992614722145067,0.6745163520332678,0.25555750074528155
25873,GOF,0.10362965549570323,0.7115572711591986,0.18481307334509806
25874,LOF,0.013306268588895704,0.11596978853360583,0.8707239428774985
25875,LOF,0.10274966505531738,0.04473814859908761,0.852512186345595
25876,LOF,0.03535472080195498,0.03076797032188839,0.9338773088761566
25877,Neutral,0.4906591799688873,0.04037446537454685,0.4689663546565658
25878,LOF,0.21465426998666998,0.09257621814995488,0.6927695118633751
25879,LOF,0.09008656815457249,0.09455805119147657,0.815355380653951
25880,LOF,0.04139823679381325,0.014646894408230643,0.9439548687979562
25881,LOF,0.16412812646141495,0.10821558866568884,0.7276562848728964
25882,LOF,0.06423881433541198,0.014672062645891321,0.9210891230186967
25883,LOF,0.06441324872813317,0.018569286225704397,0.9170174650461624
25884,LOF,0.030878344401726657,0.026665810059538428,0.942455845538735
25885,LOF,0.060484239573925486,0.010542082845701753,0.9289736775803727
25886,LOF,0.2607105251128534,0.03615222459266194,0.7031372502944847
25887,LOF,0.14358779464323773,0.06184880391614654,0.7945634014406158
25888,LOF,0.06111371683559803,0.05605490892895597,0.882831374235446
25889,LOF,0.039197871103334885,0.01887966719201015,0.9419224617046551
25890,LOF,0.05078579218168865,0.1352774334415045,0.8139367743768069
25891,LOF,0.03835494864136636,0.05522093229959071,0.9064241190590429
25892,LOF,0.0790516887666521,0.02395051559285682,0.8969977956404911
25893,LOF,0.2604828977436481,0.018838477377517624,0.7206786248788344
25894,LOF,0.17078089901660337,0.013193903216384523,0.8160251977670121
25895,LOF,0.19054860169853682,0.02226639586361979,0.7871850024378433
25896,LOF,0.04872957913490001,0.022166500230646688,0.9291039206344534
25897,LOF,0.26444106259255706,0.013848911742934537,0.7217100256645084
25898,Neutral,0.7105389443011891,0.010660585669616066,0.27880047002919484
25899,LOF,0.21264975963846425,0.02199338837527667,0.765356851986259
25900,LOF,0.47889138866849307,0.011440754065171923,0.509667857266335
25901,LOF,0.05383645177383578,0.012026063002398862,0.9341374852237653
25902,LOF,0.16056952014219386,0.014757338224178459,0.8246731416336276
25903,Neutral,0.577458037521069,0.028509911053576212,0.3940320514253548
25904,LOF,0.3102356849497737,0.04358337459707798,0.6461809404531483
25905,LOF,0.02607913935135769,0.32350601132133866,0.6504148493273036
25906,LOF,0.0284516327675151,0.08520884343433895,0.8863395237981461
25907,LOF,0.014207960294000078,0.3172163735723043,0.6685756661336957
25908,LOF,0.010075628011804148,0.24123265150562673,0.7486917204825693
25909,LOF,0.01274225069053825,0.12769576175962144,0.8595619875498403
25910,LOF,0.050008527718636724,0.14215106324380686,0.8078404090375564
25911,LOF,0.17800326650657985,0.02757470540903853,0.7944220280843817
25912,LOF,0.042962528870464416,0.04907789023425402,0.9079595808952816
25913,LOF,0.35212642631774044,0.021825896765557528,0.626047676916702
25914,LOF,0.020293390767187388,0.04652138182027583,0.9331852274125367
25915,Neutral,0.596894467593842,0.14385271098397126,0.25925282142218675
25916,LOF,0.0927825511178274,0.21388972124378852,0.6933277276383841
25917,LOF,0.06308411990340047,0.036525762521896904,0.9003901175747027
25918,LOF,0.02253967974021372,0.029150846391603882,0.9483094738681824
25919,LOF,0.019982594288271583,0.03205671503041123,0.947960690681317
25920,GOF,0.11105420512123078,0.49668652458730433,0.39225927029146496
25921,LOF,0.025217388963886964,0.03310350057088807,0.941679110465225
25922,LOF,0.03449249666555521,0.025661578059153856,0.939845925275291
25923,Neutral,0.484166747108613,0.035334553827967866,0.4804986990634191
25924,LOF,0.03775523725012984,0.03917967225172838,0.9230650904981418
25925,LOF,0.07279094776380045,0.03930466275701212,0.8879043894791874
25926,LOF,0.05114030970399346,0.03417340645250633,0.9146862838435003
25927,LOF,0.05895928565875955,0.14800515458326102,0.7930355597579795
25928,LOF,0.018122353939962522,0.052772626817964984,0.9291050192420726
25929,Neutral,0.605375966416033,0.03730529651341791,0.3573187370705491
25930,LOF,0.076232772320033,0.031810915718042,0.891956311961925
25931,LOF,0.024749696641963147,0.03292181990304531,0.9423284834549915
25932,LOF,0.030746000284955263,0.028031763664828308,0.9412222360502165
25933,LOF,0.041646338372622736,0.017693501469762184,0.9406601601576151
25934,LOF,0.026699406173931226,0.019976906091452022,0.9533236877346168
25935,LOF,0.06246440517953469,0.04982484876113441,0.8877107460593308
25936,LOF,0.04736121796364597,0.023098205732195416,0.9295405763041586
25937,LOF,0.02650957368927446,0.038215762403180926,0.9352746639075445
25938,LOF,0.06470518552819865,0.0542372783439988,0.8810575361278025
25939,LOF,0.04501827147823539,0.020148792003696327,0.9348329365180683
25940,LOF,0.036378509898910706,0.3291980810613501,0.634423409039739
25941,LOF,0.1689905131274383,0.09409295011311619,0.7369165367594455
25942,LOF,0.012485595736500474,0.036100626310409875,0.9514137779530897
25943,LOF,0.3054295190163994,0.054136954431546896,0.6404335265520535
25944,Neutral,0.5007303070243234,0.022396894805600545,0.47687279817007605
25945,LOF,0.0744103891868283,0.01811848313208479,0.907471127681087
25946,LOF,0.03328714675617387,0.11524633615484624,0.8514665170889799
25947,LOF,0.11087796364899771,0.177442732241746,0.7116793041092563
25948,LOF,0.36177607419944596,0.008905763044055347,0.6293181627564987
25949,LOF,0.12446715783677241,0.040025256307486386,0.8355075858557411
25950,GOF,0.3293210456834094,0.3389426338241872,0.3317363204924033
25951,LOF,0.19901979086407778,0.2962360850417274,0.5047441240941949
25952,GOF,0.04413484268537424,0.5015886885217989,0.45427646879282685
25953,LOF,0.1522741049062578,0.11159710331006213,0.7361287917836801
25954,Neutral,0.4228408553647181,0.198681845987262,0.37847729864801993
25955,LOF,0.05906325718709194,0.07928527176938696,0.861651471043521
25956,LOF,0.1612577759738233,0.1187382738871839,0.7200039501389929
25957,LOF,0.03614247828326346,0.030662182654898673,0.9331953390618379
25958,LOF,0.05530581374398919,0.027970635542658672,0.9167235507133521
25959,LOF,0.07083067915666141,0.3497299895117207,0.5794393313316178
25960,LOF,0.014765099586079189,0.05262526708475768,0.932609633329163
25961,LOF,0.0402375134415077,0.026923178554509326,0.9328393080039828
25962,LOF,0.059815615566804405,0.034959396512378074,0.9052249879208176
25963,LOF,0.04756719531248283,0.20482892448113243,0.7476038802063848
25964,LOF,0.0328454284574495,0.15677676371949875,0.8103778078230518
25965,LOF,0.4325668489483166,0.0600894280804814,0.507343722971202
25966,Neutral,0.528983753788549,0.15180968473315815,0.3192065614782928
25967,LOF,0.018221119567401946,0.1041947937489819,0.8775840866836162
25968,LOF,0.033837312869168815,0.37788653293836477,0.5882761541924664
25969,LOF,0.03453803257028413,0.06542640488219277,0.9000355625475231
25970,LOF,0.05074886637604241,0.06238992945847146,0.8868612041654862
25971,LOF,0.0626619524623642,0.024255193626577073,0.9130828539110588
25972,LOF,0.06564777796991728,0.033557277793112725,0.9007949442369699
25973,LOF,0.07097558858551259,0.010599186090883736,0.9184252253236038
25974,LOF,0.18868431522412668,0.014859719914588019,0.7964559648612853
25975,LOF,0.043208445103840996,0.028453215996808324,0.9283383388993508
25976,LOF,0.04186302092490267,0.015219923026882031,0.9429170560482154
25977,LOF,0.1500349361732849,0.09089965901500295,0.7590654048117121
25978,LOF,0.14740688432208926,0.09995976426144908,0.7526333514164617
25979,LOF,0.1313768127393624,0.10691487964355173,0.7617083076170859
25980,LOF,0.2214198727305049,0.12617040577639996,0.6524097214930951
25981,LOF,0.2526799053915235,0.12385866859092143,0.623461426017555
25982,LOF,0.417788014545316,0.08567461016048208,0.496537375294202
25983,LOF,0.4039429658063399,0.09317361741166051,0.5028834167819995
25984,LOF,0.042320602568707226,0.04980165064817127,0.9078777467831215
25985,LOF,0.04062707255683146,0.2802249587943538,0.6791479686488148
25986,LOF,0.042947766251133196,0.3198050765866063,0.6372471571622604
25987,LOF,0.08070935422225695,0.06276537807850079,0.8565252676992422
25988,LOF,0.15547179413485696,0.06509307715745874,0.7794351287076843
25989,LOF,0.03220457193875475,0.12213052648818312,0.8456649015730621
25990,LOF,0.037726297532073814,0.1642329346705634,0.7980407677973629
25991,LOF,0.13867177913806158,0.24699057278423361,0.6143376480777049
25992,LOF,0.30778878244572494,0.15525819463938145,0.5369530229148937
25993,LOF,0.02464183962735682,0.07142124935557799,0.9039369110170652
25994,LOF,0.01931402447340423,0.07147466405187217,0.9092113114747237
25995,LOF,0.02598765196914877,0.1549448602639013,0.8190674877669498
25996,GOF,0.30571852468263155,0.3904890324579062,0.30379244285946216
25997,LOF,0.09197578767142871,0.3827871938030783,0.5252370185254929
25998,Neutral,0.5177538991513244,0.026262072281021717,0.4559840285676538
25999,LOF,0.09373743781083904,0.09195511646731766,0.8143074457218433
26000,LOF,0.1313411507797367,0.04451830689874165,0.8241405423215217
26001,LOF,0.20362155858200998,0.04983724903251379,0.7465411923854762
26002,LOF,0.11859359868812719,0.04577351616235797,0.8356328851495148
26003,GOF,0.011013193462536389,0.5818918576608132,0.40709494887665026
26004,GOF,0.021667460975625524,0.671984970125151,0.3063475688992235
26005,LOF,0.007017581374272004,0.4281657487611396,0.5648166698645884
26006,Neutral,0.5282258499947201,0.2330994020788699,0.23867474792640997
26007,GOF,0.023079993002205597,0.49549866792646463,0.48142133907132983
26008,GOF,0.017188150337387395,0.5864546054116907,0.39635724425092195
26009,GOF,0.019562825679349274,0.6735923509754849,0.30684482334516594
26010,GOF,0.021248926657846324,0.6199056856981888,0.3588453876439649
26011,LOF,0.0068241085686018745,0.41370100485221506,0.5794748865791831
26012,GOF,0.011949853880134437,0.5313347834652307,0.4567153626546349
26013,GOF,0.017505099594645312,0.5968222566601853,0.3856726437451693
26014,LOF,0.04064978048925867,0.11489301199279667,0.8444572075179447
26015,LOF,0.1427433704239969,0.017170541549635897,0.8400860880263672
26016,LOF,0.1841163292688602,0.06372025162788035,0.7521634191032595
26017,LOF,0.20435909960395202,0.09119890098386754,0.7044419994121804
26018,LOF,0.074529000472651,0.04383771950813518,0.8816332800192138
26019,LOF,0.07137827772143931,0.035424788310213534,0.8931969339683472
26020,LOF,0.06371557511079069,0.11513582575112336,0.8211485991380859
26021,LOF,0.044232849191631826,0.11384480268409942,0.8419223481242688
26022,LOF,0.010844609020974139,0.04125630366244169,0.9478990873165842
26023,LOF,0.06640745109383785,0.027758501406908116,0.905834047499254
26024,LOF,0.030169247587622086,0.11613164259863931,0.8536991098137386
26025,LOF,0.14588836632077706,0.09739486465426067,0.7567167690249622
26026,LOF,0.303685908596694,0.03021232977868744,0.6661017616246186
26027,LOF,0.05772012818291145,0.021744646858435367,0.9205352249586531
26028,LOF,0.1683623898297184,0.07263286090511782,0.7590047492651638
26029,LOF,0.06816630132875598,0.1470787938114816,0.7847549048597625
26030,LOF,0.023178140739031763,0.03197544475447994,0.9448464145064883
26031,LOF,0.026213520380855292,0.10607188569159952,0.8677145939275451
26032,LOF,0.06800378276032226,0.05119453629419073,0.8808016809454869
26033,LOF,0.08837296055254262,0.04876826621257797,0.8628587732348795
26034,LOF,0.04430741147885799,0.12523663658065864,0.8304559519404834
26035,LOF,0.02600560526823922,0.11642323490995324,0.8575711598218076
26036,LOF,0.03741535545847752,0.13335763885895338,0.829227005682569
26037,LOF,0.02085642973474314,0.09586812601759598,0.8832754442476608
26038,LOF,0.06473747207161538,0.0529802060010049,0.8822823219273798
26039,LOF,0.05067381443227376,0.11872726929767347,0.8305989162700528
26040,LOF,0.20837190268971892,0.09697688809494126,0.69465120921534
26041,LOF,0.022508810344732712,0.09061456681798084,0.8868766228372865
26042,LOF,0.020233687348503702,0.08458262312099281,0.8951836895305035
26043,LOF,0.06573905716230302,0.060329552842973456,0.8739313899947236
26044,LOF,0.01976822778873325,0.039897903224391074,0.9403338689868758
26045,LOF,0.07566336240301974,0.08351142897681028,0.84082520862017
26046,LOF,0.0604622577019403,0.04991236093050555,0.8896253813675541
26047,LOF,0.0803482924416978,0.051914092561184004,0.8677376149971182
26048,LOF,0.046494714492738246,0.029061227816861317,0.9244440576904004
26049,Neutral,0.9687431857327732,0.00494342429851336,0.02631338996871362
26050,Neutral,0.9538598322460179,0.006071405437678184,0.04006876231630402
26051,LOF,0.05415560186024485,0.26006751882459955,0.6857768793151557
26052,LOF,0.0649556444952518,0.28933829494985225,0.645706060554896
26053,LOF,0.0666445693649496,0.12837726816142606,0.8049781624736243
26054,LOF,0.04778448724114211,0.016972195810666075,0.9352433169481918
26055,LOF,0.06260568597035897,0.015399451661720593,0.9219948623679205
26056,LOF,0.054578567625623554,0.017308032779707626,0.9281133995946688
26057,LOF,0.02999508785506238,0.011422198086866356,0.9585827140580712
26058,LOF,0.030610381971279955,0.009345278861536476,0.9600443391671836
26059,LOF,0.2719100023854951,0.01848881900516728,0.7096011786093376
26060,LOF,0.042815634721065324,0.17982950212415094,0.7773548631547837
26061,LOF,0.016823656838517918,0.012399693778501447,0.9707766493829807
26062,LOF,0.010120887699626819,0.01762126425278228,0.9722578480475909
26063,LOF,0.019651964057192065,0.010105981295934112,0.9702420546468737
26064,LOF,0.01948663662129888,0.02460681932010059,0.9559065440586006
26065,LOF,0.025345637728940284,0.010355684061531409,0.9642986782095284
26066,LOF,0.019905518064145852,0.010016504743623065,0.970077977192231
26067,LOF,0.02588434965926203,0.008237732426071773,0.9658779179146663
26068,LOF,0.04261580091947871,0.027958047588731695,0.9294261514917895
26069,LOF,0.26254901578598094,0.01801037703788549,0.7194406071761335
26070,LOF,0.3976681791920032,0.015065293819154117,0.5872665269888427
26071,LOF,0.020422671770751757,0.010499709549643875,0.9690776186796044
26072,LOF,0.01840678366488472,0.021297068652094953,0.9602961476830204
26073,LOF,0.019818838619701455,0.01326154351351865,0.9669196178667799
26074,Neutral,0.9103456073535204,0.0055462151660912486,0.08410817748038826
26075,LOF,0.04522837561394293,0.013760475485694455,0.9410111489003625
26076,LOF,0.036454903818576405,0.008417120966866686,0.955127975214557
26077,LOF,0.008934749294207492,0.013411503367760197,0.9776537473380322
26078,LOF,0.014888690471412171,0.012180376023372564,0.9729309335052152
26079,LOF,0.0625836519534812,0.015942602180729768,0.921473745865789
26080,LOF,0.06211580526334786,0.015950558830598215,0.9219336359060539
26081,LOF,0.03397045124613485,0.0062651611834199745,0.9597643875704452
26082,LOF,0.01325732356444295,0.014424203077361536,0.9723184733581954
26083,LOF,0.17321805307194046,0.013879917907276941,0.8129020290207826
26084,LOF,0.04336256135556332,0.01131636959123262,0.9453210690532041
26085,LOF,0.037911138402078354,0.010713703757053269,0.9513751578408683
26086,LOF,0.020880181450966876,0.010334961433436393,0.9687848571155968
26087,LOF,0.02338304596321413,0.008164654528417104,0.9684522995083689
26088,LOF,0.01685180653769394,0.022956275178557643,0.9601919182837484
26089,LOF,0.040786190371965875,0.02129615310760817,0.9379176565204259
26090,LOF,0.04054485768506541,0.0169764066976676,0.9424787356172669
26091,LOF,0.032208167590464305,0.006219294801709105,0.9615725376078266
26092,LOF,0.02117407532630115,0.007438696008930097,0.9713872286647688
26093,LOF,0.03289261870307927,0.005845234286735959,0.9612621470101848
26094,LOF,0.03243697032835409,0.006109380149657322,0.9614536495219885
26095,LOF,0.03966971627010241,0.013487457104909503,0.9468428266249881
26096,LOF,0.016336720731769592,0.011534915786317506,0.9721283634819128
26097,LOF,0.011799366171261042,0.03697384651323907,0.9512267873154999
26098,LOF,0.07708992583905558,0.011455927521866487,0.911454146639078
26099,LOF,0.02070154990150978,0.011316711513955548,0.9679817385845346
26100,LOF,0.022746033570112224,0.011066073705909108,0.9661878927239786
26101,LOF,0.04539701745407671,0.015563876905198839,0.9390391056407245
26102,LOF,0.01973922497814049,0.013358369516435624,0.966902405505424
26103,Neutral,0.8813949472561409,0.017821075451454792,0.10078397729240433
26104,LOF,0.07572990214819134,0.022550250080636873,0.9017198477711719
26105,LOF,0.19955808364484962,0.26488209430373844,0.535559822051412
26106,LOF,0.1648224912404144,0.12523580287915714,0.7099417058804285
26107,LOF,0.2296917306272933,0.08385084015797205,0.6864574292147346
26108,LOF,0.22268105973858865,0.08805041526385746,0.689268524997554
26109,LOF,0.07891289890486852,0.06184106232932198,0.8592460387658095
26110,LOF,0.19469669466126227,0.007437838698930965,0.7978654666398067
26111,Neutral,0.4955208569297568,0.023754108960892983,0.4807250341093501
26112,LOF,0.03466135892267373,0.007459560245357461,0.9578790808319689
26113,LOF,0.06357091618352004,0.01612780048047876,0.9203012833360014
26114,LOF,0.02195656781213966,0.026766451301862136,0.9512769808859983
26115,LOF,0.08688272225817222,0.049131500297545504,0.8639857774442822
26116,LOF,0.054047921009196406,0.057874429138516925,0.8880776498522867
26117,LOF,0.4424847465803001,0.041543907618008094,0.5159713458016918
26118,LOF,0.031219371832563066,0.02383905551842559,0.9449415726490114
26119,LOF,0.022774104181965203,0.03506984453704923,0.9421560512809856
26120,LOF,0.02352276463445278,0.019433581331310568,0.9570436540342367
26121,LOF,0.038576038474940226,0.08359594309476388,0.8778280184302959
