feature0,prediction,LoGoFunc_Neutral,LoGoFunc_GOF,LoGoFunc_LOF
25546,Neutral,0.6223397068247797,0.0645401892481101,0.31312010392711015
25547,Neutral,0.5144324993457041,0.10328120558161855,0.38228629507267736
25548,Neutral,0.5132106001663628,0.08664559121056042,0.4001438086230768
25549,LOF,0.4373417197996991,0.08629408676205025,0.47636419343825076
25550,LOF,0.39333226092337914,0.10459586018887651,0.5020718788877444
25551,LOF,0.3263942379015227,0.11900101670440102,0.5546047453940762
25552,LOF,0.2980565946049687,0.12259705177740732,0.5793463536176239
25553,Neutral,0.7864398526775865,0.05329526302611234,0.16026488429630112
25554,LOF,0.3329959951110876,0.11427509041231915,0.5527289144765932
25555,LOF,0.2898030784440687,0.10800227160556226,0.6021946499503691
25556,Neutral,0.4823917119876655,0.0995028207737325,0.418105467238602
25557,LOF,0.2817793836545569,0.11508733878574376,0.6031332775596995
25558,LOF,0.33860077578149006,0.111426067538474,0.5499731566800359
25559,LOF,0.24586688365621792,0.061121237949532566,0.6930118783942495
25560,LOF,0.08254833405726861,0.15656666960573346,0.7608849963369979
25561,LOF,0.09744067198101651,0.2237498195552325,0.678809508463751
25562,LOF,0.039562374691052574,0.10856460505677083,0.8518730202521767
25563,LOF,0.00991104990326673,0.17946221163659665,0.8106267384601367
25564,LOF,0.07860493800470797,0.13167579523156403,0.789719266763728
25565,LOF,0.17174388443318958,0.1572923260839954,0.6709637894828151
25566,GOF,0.06253972954752267,0.6495774615305231,0.2878828089219542
25567,LOF,0.03719609396021272,0.15986192003564145,0.8029419860041458
25568,LOF,0.05745856539602722,0.09310704258144058,0.8494343920225322
25569,LOF,0.05860402118412762,0.08764762164034513,0.8537483571755273
25570,LOF,0.02887689785932041,0.12512553002308394,0.8459975721175956
25571,LOF,0.025603117903792827,0.127906844511642,0.8464900375845652
25572,LOF,0.060105937446006154,0.1716642799309883,0.7682297826230056
25573,LOF,0.05713357826152448,0.12801154051810518,0.8148548812203704
25574,LOF,0.06406544009959365,0.23442111169239438,0.7015134482080119
25575,LOF,0.024220798078068442,0.13261262671929996,0.8431665752026316
25576,LOF,0.028255634315035465,0.19516348408553652,0.776580881599428
25577,LOF,0.032367757463969755,0.15070156945939545,0.8169306730766347
25578,LOF,0.2852797062181227,0.1093376101210063,0.605382683660871
25579,LOF,0.18695837905000132,0.10411227295223957,0.7089293479977591
25580,LOF,0.022300553848348642,0.09576200303116197,0.8819374431204894
25581,LOF,0.04905484329373773,0.0920317470970445,0.8589134096092178
25582,LOF,0.04867805953988951,0.09070193692231518,0.8606200035377953
25583,LOF,0.02724168926160684,0.10642530103090594,0.8663330097074872
25584,Neutral,0.7168152399984793,0.1243657986651565,0.15881896133636417
25585,LOF,0.020373676338843145,0.17959796183703222,0.8000283618241246
25586,LOF,0.017849048345408684,0.09704045591073741,0.8851104957438539
25587,LOF,0.018091516911053422,0.08874471882935814,0.8931637642595884
25588,LOF,0.022430238569884593,0.08336584470752645,0.894203916722589
25589,Neutral,0.5196653889821495,0.2327002895284166,0.2476343214894339
25590,LOF,0.04799248383056292,0.14022526753553893,0.8117822486338981
25591,LOF,0.07647258299905339,0.07885691269101147,0.8446705043099351
25592,LOF,0.05950265910975027,0.16015982133682113,0.7803375195534284
25593,LOF,0.10970297797159263,0.2990448417571079,0.5912521802712994
25594,LOF,0.05042213088951961,0.0622428077811726,0.8873350613293078
25595,LOF,0.053980310264901944,0.038066746815390254,0.9079529429197079
25596,LOF,0.12183279131409655,0.019809671695182513,0.8583575369907209
25597,LOF,0.08414283188108107,0.025610355615553478,0.8902468125033656
25598,LOF,0.05345460482468965,0.038206712922220415,0.90833868225309
25599,LOF,0.02216344872747587,0.3316895992499113,0.6461469520226129
25600,LOF,0.1614049263945269,0.37981552438935073,0.45877954921612235
25601,LOF,0.03656035573332774,0.303131830062021,0.6603078142046512
25602,LOF,0.025172310422334337,0.08424107802619503,0.8905866115514707
25603,LOF,0.03571968554900224,0.0661385007690799,0.8981418136819178
25604,LOF,0.04299532628234727,0.10804089141299913,0.8489637823046536
25605,LOF,0.03296295745832601,0.19046157243496167,0.7765754701067124
25606,Neutral,0.42997343102695956,0.15777377410872315,0.41225279486431726
25607,LOF,0.025792300118034298,0.24078521242799772,0.733422487453968
25608,LOF,0.03519892750082197,0.13245235605006583,0.8323487164491121
25609,GOF,0.13613500033649092,0.4714117670016869,0.3924532326618221
25610,LOF,0.01755796408259701,0.056966152258383855,0.9254758836590192
25611,LOF,0.01503662995036918,0.06151660957314989,0.9234467604764809
25612,LOF,0.05500765430216214,0.06748648444729465,0.8775058612505433
25613,LOF,0.0476759439148618,0.06744411828887,0.8848799377962683
25614,LOF,0.02769545149620532,0.052480533258420684,0.9198240152453739
25615,LOF,0.04772448683193933,0.06484136154090217,0.8874341516271584
25616,LOF,0.06181772623102921,0.060555340379040035,0.8776269333899307
25617,LOF,0.04770516388680045,0.06464929173011888,0.8876455443830807
25618,LOF,0.05831835534328377,0.08646463045215728,0.855217014204559
25619,LOF,0.014088142134110995,0.06467567261395174,0.9212361852519373
25620,LOF,0.06076734581078907,0.07275513846031223,0.8664775157288986
25621,LOF,0.06533049092202477,0.061492369053676096,0.8731771400242992
25622,LOF,0.06740828949063893,0.06770740218939796,0.8648843083199631
25623,LOF,0.06799518949914556,0.048111985465103646,0.8838928250357508
25624,LOF,0.02310126781003042,0.05674511004796826,0.9201536221420014
25625,LOF,0.06780936911481573,0.06039356447895369,0.8717970664062304
25626,LOF,0.05234575245123164,0.06690175579908596,0.8807524917496824
25627,Neutral,0.8823463078784295,0.027712142289256173,0.0899415498323142
25628,LOF,0.16279280667512433,0.06693538897201907,0.7702718043528567
25629,LOF,0.061348206239459496,0.07210432421505962,0.866547469545481
25630,LOF,0.2535052776768822,0.08374275554222828,0.6627519667808895
25631,Neutral,0.526970428561612,0.0703344765536224,0.40269509488476574
25632,LOF,0.03135222078178013,0.08286418763018336,0.8857835915880365
25633,LOF,0.21685309479395284,0.06190379769642462,0.7212431075096224
25634,LOF,0.04279375421467517,0.10220455753148112,0.8550016882538437
25635,LOF,0.03865309899323641,0.047545609810757006,0.9138012911960066
25636,GOF,0.0312635153828706,0.5694481009444469,0.3992883836726826
25637,GOF,0.05162154593164984,0.5694534111537246,0.3789250429146256
25638,LOF,0.034908246715729806,0.4734541104854072,0.49163764279886296
25639,LOF,0.02781017892816647,0.47453012187449733,0.4976596991973361
25640,Neutral,0.8547786176055608,0.09027077230606202,0.05495061008837712
25641,GOF,0.09632617780968454,0.46051254939860586,0.44316127279170947
25642,LOF,0.07720550666163879,0.1902568795724986,0.7325376137658627
25643,LOF,0.2787434808703501,0.1512185213702064,0.5700379977594435
25644,GOF,0.010364280569569154,0.63033245190723,0.35930326752320085
25645,GOF,0.011784473744107484,0.604680902508091,0.3835346237478015
25646,LOF,0.02870173395638229,0.42651723689468457,0.5447810291489331
25647,LOF,0.012149057441803123,0.34488618527774656,0.6429647572804503
25648,LOF,0.015500670269458791,0.40571886205218044,0.5787804676783609
25649,LOF,0.009121046821142058,0.3085386118766872,0.6823403413021708
25650,GOF,0.02306507588230041,0.6058859059183088,0.3710490181993908
25651,LOF,0.008742283045030778,0.4198357182790133,0.571421998675956
25652,LOF,0.013939788200578451,0.41957811842002224,0.5664820933793993
25653,GOF,0.03985633464829959,0.6165339755464165,0.3436096898052839
25654,LOF,0.010546688821855344,0.2952259198399464,0.6942273913381982
25655,GOF,0.13631101297050616,0.6108170260370226,0.2528719609924712
25656,LOF,0.35245388258742516,0.1623283792318832,0.48521773818069164
25657,LOF,0.05170544563410515,0.12572968431456322,0.8225648700513315
25658,LOF,0.34025699422667555,0.17749107997434438,0.4822519257989799
25659,Neutral,0.48265420627052363,0.17373542107214426,0.343610372657332
25660,LOF,0.023076720772427426,0.1251406508345526,0.85178262839302
25661,LOF,0.08874042628619276,0.06831431113257704,0.8429452625812301
25662,LOF,0.03189376225222416,0.03647253436544865,0.9316337033823272
25663,LOF,0.03536030819788806,0.04284104279549298,0.9217986490066189
25664,LOF,0.12606229723400467,0.07669822175743866,0.7972394810085566
25665,LOF,0.05882848796313924,0.0343979751485347,0.9067735368883261
25666,LOF,0.0932516257525932,0.07793364032810914,0.8288147339192977
25667,LOF,0.07107597077318994,0.043050440074366605,0.8858735891524434
25668,LOF,0.03498983943883071,0.05503275411828222,0.909977406442887
25669,LOF,0.029640743884552904,0.051471927714792365,0.9188873284006548
25670,LOF,0.13131769794462897,0.051405756512874,0.817276545542497
25671,LOF,0.10316606773428973,0.039822854918941795,0.8570110773467686
25672,LOF,0.048596181553334866,0.05120096748891105,0.900202850957754
25673,LOF,0.09126844931038426,0.04847350935039078,0.8602580413392249
25674,LOF,0.07958721997290157,0.060571504273402674,0.8598412757536958
25675,LOF,0.1080573850692179,0.07384904284780795,0.8180935720829742
25676,LOF,0.01776310048664054,0.06322649072956832,0.919010408783791
25677,LOF,0.02213115740262341,0.07552005015667769,0.9023487924406989
25678,LOF,0.20583416466946428,0.08886094348857826,0.7053048918419575
25679,LOF,0.12037081984833332,0.09285410531501308,0.7867750748366535
25680,LOF,0.030902683670790722,0.1274090417319118,0.8416882745972976
25681,LOF,0.04556414130895671,0.12621401144339892,0.8282218472476445
25682,LOF,0.1315578606103391,0.08659857303994424,0.7818435663497166
25683,LOF,0.11141078812630865,0.10300331177116029,0.785585900102531
25684,LOF,0.03650258678826937,0.07075357426580704,0.8927438389459236
25685,LOF,0.10194484984850126,0.07118305275007089,0.8268720974014278
25686,LOF,0.07322704125224834,0.10587307024158109,0.8208998885061707
25687,LOF,0.1218075488765111,0.11546838164579433,0.7627240694776947
25688,LOF,0.41441605437692136,0.05174937174193887,0.5338345738811398
25689,LOF,0.2904819622331469,0.06327557954428255,0.6462424582225705
25690,LOF,0.31979392834337067,0.039556547626335946,0.6406495240302934
25691,Neutral,0.7074743456549414,0.037793721990155064,0.2547319323549036
25692,LOF,0.3560008349467926,0.013934817498365726,0.6300643475548418
25693,LOF,0.04253921659136917,0.41036170519488474,0.547099078213746
25694,LOF,0.11928678230407168,0.020950622695290945,0.8597625950006373
25695,LOF,0.11325875260737737,0.011867244896704354,0.8748740024959183
25696,LOF,0.1311441102115651,0.013110305751153909,0.855745584037281
25697,LOF,0.06535987707848286,0.11312555388360117,0.821514569037916
25698,LOF,0.27607642638194235,0.2237669568420499,0.5001566167760078
25699,LOF,0.44132325723265925,0.03755624060129601,0.5211205021660448
25700,LOF,0.07157992300445665,0.011280194635662131,0.9171398823598813
25701,LOF,0.15819794685904653,0.035252405671759676,0.8065496474691938
25702,GOF,0.14528690378893064,0.6541943180205316,0.20051877819053768
25703,LOF,0.015235057265342614,0.15177455715358734,0.8329903855810701
25704,LOF,0.038600943634325306,0.15392787827251544,0.8074711780931593
25705,LOF,0.03639807343222876,0.10168947776934008,0.8619124487984312
25706,LOF,0.11628754959946654,0.3282652916848711,0.5554471587156624
25707,LOF,0.07952425579770296,0.25696836342888024,0.6635073807734169
25708,LOF,0.04246991774157923,0.27644118110050897,0.6810889011579119
25709,LOF,0.06323885310623067,0.03423481508480248,0.9025263318089669
25710,LOF,0.012729241359524579,0.12236955885478921,0.8649011997856862
25711,LOF,0.018448312335311915,0.07864588398543239,0.9029058036792558
25712,LOF,0.01548553542684017,0.16517081237202894,0.8193436522011309
25713,LOF,0.016999057676565323,0.07916540194437566,0.9038355403790591
25714,LOF,0.06769928844702688,0.06237017151632316,0.8699305400366498
25715,LOF,0.011097047187051729,0.11329859048540741,0.8756043623275408
25716,LOF,0.011506540114937115,0.08993753656797747,0.8985559233170853
25717,LOF,0.014733891916281473,0.07813064813662544,0.9071354599470931
25718,LOF,0.010628712477713392,0.07639642660658813,0.9129748609156983
25719,LOF,0.020204089933517976,0.07288823411505856,0.9069076759514234
25720,LOF,0.024200263316944564,0.05648468770754394,0.9193150489755115
25721,LOF,0.01270840185716518,0.09609437170246268,0.891197226440372
25722,LOF,0.01327256477704031,0.07105125756816004,0.9156761776547997
25723,LOF,0.022556456796458627,0.039938879983123635,0.9375046632204177
25724,LOF,0.031633041231248694,0.06838454989381984,0.8999824088749314
25725,LOF,0.010880700628594983,0.0647448514862469,0.9243744478851582
25726,LOF,0.014487788658179086,0.08660644297643952,0.8989057683653814
25727,LOF,0.012195499780579879,0.06700742495820139,0.9207970752612188
25728,LOF,0.009536805330767248,0.07742524511018165,0.9130379495590512
25729,LOF,0.009744674191352345,0.07925069739918643,0.9110046284094612
25730,LOF,0.012781628404436564,0.08015265762710481,0.9070657139684587
25731,LOF,0.021644463575220107,0.06742198243489297,0.910933553989887
25732,LOF,0.01197780028714006,0.04543487437657542,0.9425873253362845
25733,LOF,0.016655388061843333,0.045376845120381246,0.9379677668177754
25734,LOF,0.011804691609858243,0.10884619945806913,0.8793491089320725
25735,LOF,0.010860894934236635,0.053737720929024076,0.9354013841367392
25736,LOF,0.011371098915234221,0.05803974587999538,0.9305891552047704
25737,LOF,0.01132747170881439,0.07724859771402262,0.911423930577163
25738,LOF,0.010942639262430519,0.0753986444632739,0.9136587162742955
25739,LOF,0.01957334655139995,0.05951452674846909,0.920912126700131
25740,LOF,0.02589148865082987,0.08748649418307095,0.8866220171660992
25741,LOF,0.014554828708913864,0.08814480621677086,0.8973003650743153
25742,LOF,0.11590703563877475,0.062033078671294026,0.8220598856899313
25743,LOF,0.04007850701200557,0.046608084895120715,0.9133134080928736
25744,Neutral,0.6527369705632013,0.19437704826554159,0.15288598117125712
25745,LOF,0.06902694698595617,0.061095875412756524,0.8698771776012872
25746,LOF,0.04069067784700808,0.07906135628478579,0.8802479658682061
25747,LOF,0.024731577557343575,0.08306385909232045,0.8922045633503359
25748,LOF,0.12731406183120234,0.12506806380856578,0.747617874360232
25749,LOF,0.02682887281984508,0.07738265223522212,0.8957884749449327
25750,LOF,0.0702385988748752,0.08503819277666606,0.8447232083484587
25751,LOF,0.09946544211780801,0.12578740965458177,0.7747471482276101
25752,GOF,0.109641981662027,0.6577037335464853,0.2326542847914878
25753,LOF,0.02813299808280646,0.32013224079226277,0.6517347611249308
25754,GOF,0.015250911954596944,0.8181101949953403,0.16663889305006274
25755,LOF,0.028592809717687795,0.39325135426017216,0.57815583602214
25756,LOF,0.05566876994096557,0.4053082239706918,0.5390230060883425
25757,GOF,0.02151525879893314,0.8830135809362676,0.09547116026479911
25758,GOF,0.028627425820231884,0.8357997434851002,0.13557283069466786
25759,GOF,0.012108158224699427,0.6582511555640788,0.32964068621122183
25760,LOF,0.018361410583390067,0.3514746362008322,0.6301639532157778
25761,GOF,0.27048915271733154,0.6568115535200171,0.0726992937626513
25762,LOF,0.04860253211086805,0.338311578881322,0.6130858890078099
25763,LOF,0.016091459099885578,0.23636502557157582,0.7475435153285386
25764,GOF,0.07221487481923357,0.6896006350428674,0.23818449013789908
25765,GOF,0.03241452043150713,0.7882368169977976,0.17934866257069534
25766,GOF,0.06864434270420226,0.8315503163634406,0.09980534093235721
25767,GOF,0.1471843808679884,0.5349670869908137,0.31784853214119785
25768,LOF,0.09831340144814908,0.058378108170253,0.8433084903815979
25769,LOF,0.04589774773017227,0.06412859881485662,0.889973653454971
25770,LOF,0.28924984980039875,0.11528250777189417,0.595467642427707
25771,LOF,0.050615801244206206,0.05931137746552865,0.8900728212902651
25772,LOF,0.016429277325090204,0.05324491025946916,0.9303258124154407
25773,LOF,0.054924988680199766,0.07840055335386097,0.8666744579659391
25774,LOF,0.02707654096542289,0.11576438511778504,0.857159073916792
25775,LOF,0.052683411004491906,0.06047859207736892,0.8868379969181392
25776,LOF,0.05867993932387288,0.03872911631124269,0.9025909443648845
25777,LOF,0.3532762824268165,0.09198242576191838,0.5547412918112651
25778,LOF,0.05985604165582416,0.05855665381436432,0.8815873045298115
25779,GOF,0.38219477118345846,0.5643210716357847,0.053484157180756775
25780,GOF,0.33952843387968834,0.5791892100821117,0.08128235603819997
25781,GOF,0.1083654939195868,0.7694784948776945,0.12215601120271863
25782,GOF,0.17091287271431022,0.7370811751257472,0.09200595215994253
25783,GOF,0.02389887360514201,0.6361796031311797,0.33992152326367825
25784,Neutral,0.5197147836565448,0.440565726979298,0.039719489364157215
25785,Neutral,0.4783734957417403,0.4736629276797027,0.047963576578557064
25786,GOF,0.032638174901485455,0.7534091566256432,0.21395266847287137
25787,Neutral,0.6799468164315496,0.29128973653879825,0.028763447029652098
25788,LOF,0.05554468257036848,0.07763183807725021,0.8668234793523814
25789,GOF,0.2026794056514319,0.6165551110200954,0.18076548332847261
25790,GOF,0.26556083028616534,0.632637705112982,0.10180146460085261
25791,GOF,0.1326118143399595,0.6892818017719435,0.178106383888097
25792,GOF,0.3415004364271837,0.5245628687418927,0.13393669483092357
25793,GOF,0.2563066732952985,0.4846201432575048,0.25907318344719665
25794,GOF,0.2996019534544244,0.4872453506263311,0.21315269591924446
25795,GOF,0.06683580000729725,0.6536811244294569,0.279483075563246
25796,Neutral,0.5192311748349822,0.40137909537736816,0.07938972978764983
25797,GOF,0.07707999537220647,0.5496174804388404,0.3733025241889531
25798,LOF,0.009911168388154904,0.48658714914475754,0.5035016824670876
25799,LOF,0.007367479315854018,0.4230544455022305,0.5695780751819156
25800,GOF,0.035219280621960704,0.5889214215625349,0.37585929781550437
25801,GOF,0.2332885291362298,0.6570112519061843,0.10970021895758605
25802,GOF,0.06226560560591359,0.6660969966469765,0.2716373977471098
25803,GOF,0.04164544370579329,0.5615110064300455,0.39684354986416126
25804,GOF,0.0393420972163243,0.5014368568635705,0.45922104592010526
25805,GOF,0.12112589777662598,0.5686611803438585,0.3102129218795155
25806,GOF,0.13657366583097352,0.5675782168747074,0.2958481172943189
25807,GOF,0.022146020918782833,0.6044463776532395,0.37340760142797774
25808,GOF,0.11483288757778161,0.5559545083733816,0.32921260404883684
25809,GOF,0.02092636979631522,0.6062672464685909,0.37280638373509384
25810,GOF,0.020963676992149488,0.6163090386872085,0.362727284320642
25811,Neutral,0.5018678215546392,0.4284883832260292,0.06964379521933162
25812,GOF,0.0433799544902461,0.6108745148553641,0.34574553065438973
25813,Neutral,0.5735246339541497,0.3229042026128275,0.10357116343302285
25814,GOF,0.14077457862877443,0.6322026405227135,0.22702278084851224
25815,GOF,0.24794824641219226,0.5529090129605788,0.19914274062722884
25816,GOF,0.02416316438231245,0.6623380262706213,0.3134988093470663
25817,GOF,0.24731142354375185,0.6191003317576607,0.13358824469858754
25818,GOF,0.050134899437863846,0.543746831132801,0.4061182694293352
25819,GOF,0.3935646416034936,0.4398910888825102,0.16654426951399615
25820,GOF,0.22999747560394967,0.5575615743018124,0.21244095009423808
25821,GOF,0.07506310659295379,0.6376422913054938,0.2872946021015524
25822,GOF,0.28417933335849405,0.4867052099186775,0.22911545672282846
25823,LOF,0.036160216297828694,0.475472655279246,0.4883671284229254
25824,GOF,0.09007500448196971,0.5010427605255906,0.4088822349924397
25825,GOF,0.03582613763664479,0.515432703726898,0.4487411586364572
25826,LOF,0.012733053807476701,0.48435606407754667,0.5029108821149766
25827,GOF,0.02277992312442936,0.5533704792583055,0.42384959761726515
25828,LOF,0.01582174226426652,0.4842885457461876,0.49988971198954585
25829,GOF,0.0071144166513610625,0.5182007092314412,0.4746848741171976
25830,LOF,0.0422253185406375,0.24319662302754877,0.7145780584318137
25831,GOF,0.17499603913493214,0.6830276308248672,0.1419763300402007
25832,GOF,0.03396597647728073,0.686733242598842,0.2793007809238772
25833,GOF,0.11417011146236702,0.6928991269491644,0.1929307615884686
25834,GOF,0.037873873536995666,0.686325254157465,0.27580087230553935
25835,GOF,0.09074191285232024,0.6786021108890906,0.23065597625858913
25836,GOF,0.043962127277938266,0.6423975715334671,0.3136403011885946
25837,GOF,0.02088331271669374,0.5326248814748687,0.4464918058084374
25838,GOF,0.07239424023007533,0.7315354827241124,0.19607027704581237
25839,GOF,0.30019649096057993,0.5522498516817724,0.14755365735764756
25840,GOF,0.20411534017954241,0.5883003531781625,0.20758430664229502
25841,GOF,0.20697777250823568,0.581721667654579,0.2113005598371853
25842,GOF,0.15681851830392704,0.6664580139372821,0.1767234677587909
25843,GOF,0.20590546228251386,0.6611076331232826,0.13298690459420362
25844,GOF,0.050618437448205815,0.672062957954312,0.27731860459748214
25845,GOF,0.012889020613047907,0.5078779960738815,0.4792329833130706
25846,GOF,0.09716169929659305,0.7032437747780519,0.19959452592535504
25847,GOF,0.11002409674350601,0.7547173256043491,0.13525857765214483
25848,GOF,0.03358925998596258,0.6491316841815498,0.31727905583248767
25849,GOF,0.009747391636687567,0.5416730382018243,0.44857957016148814
25850,GOF,0.022659230770351396,0.6056811716036024,0.37165959762604617
25851,GOF,0.01703707124611261,0.5058279776053869,0.4771349511485005
25852,GOF,0.15868091856827082,0.5486092617010314,0.2927098197306978
25853,GOF,0.33278526344012277,0.5827549937325404,0.08445974282733698
25854,GOF,0.018299060241424563,0.5803428280662735,0.4013581116923019
25855,GOF,0.03747218602676103,0.5653430911649757,0.3971847228082633
25856,GOF,0.2093318636759176,0.547129737325064,0.24353839899901839
25857,LOF,0.03363296519939349,0.4769439236555166,0.48942311114509
25858,GOF,0.018655382783186087,0.570202145489547,0.411142471727267
25859,GOF,0.010852160828825943,0.5539808181312306,0.4351670210399435
25860,GOF,0.36483569261373533,0.5429113861101735,0.09225292127609118
25861,GOF,0.38111988892305076,0.536904166651329,0.08197594442562026
25862,GOF,0.07329481487146033,0.778532687321273,0.14817249780726674
25863,GOF,0.07928158633419402,0.7839288851982934,0.13678952846751252
25864,GOF,0.18749215997320418,0.7269299811409833,0.08557785888581249
25865,GOF,0.07765739747094134,0.7706273347423268,0.1517152677867319
25866,GOF,0.055510046071284,0.8017407589897291,0.14274919493898694
25867,GOF,0.07960192714609621,0.7990340115272542,0.12136406132664951
25868,GOF,0.25877245749639305,0.6310010202489196,0.11022652225468733
25869,Neutral,0.6989023023514226,0.25590011635922677,0.045197581289350655
25870,LOF,0.32981752593389496,0.23516570590695152,0.43501676815915347
25871,GOF,0.22501533469352422,0.6025869219480544,0.1723977433584214
25872,GOF,0.08256644139951948,0.5931451795255579,0.32428837907492264
25873,GOF,0.16307004435819572,0.5856163770527285,0.2513135785890759
25874,LOF,0.022795402947712286,0.09732870207003534,0.8798758949822523
25875,LOF,0.09084501770470593,0.06116559449178342,0.8479893878035106
25876,LOF,0.02911019340107628,0.040786723159800586,0.9301030834391231
25877,Neutral,0.5579451183503902,0.06903364266682052,0.3730212389827893
25878,LOF,0.24581590981744567,0.11794994880538473,0.6362341413771696
25879,LOF,0.09720076468819602,0.12062236745564679,0.7821768678561573
25880,LOF,0.02400629964191883,0.021729565723675254,0.954264134634406
25881,LOF,0.19835484552265173,0.18422841794844552,0.6174167365289027
25882,LOF,0.08330151579531497,0.018928519405883477,0.8977699647988014
25883,LOF,0.08307441288668274,0.03291037080715499,0.8840152163061623
25884,LOF,0.046855284368360624,0.04671729861133216,0.9064274170203073
25885,LOF,0.07658179569977415,0.015473082266984992,0.9079451220332408
25886,LOF,0.3514141851699535,0.05817866358231465,0.5904071512477318
25887,LOF,0.1900438308039884,0.1171686930545734,0.6927874761414382
25888,LOF,0.07523973803379082,0.09227425228840164,0.8324860096778075
25889,LOF,0.05884187206041282,0.032587243388236806,0.9085708845513503
25890,LOF,0.049010489416132084,0.1469831571223929,0.8040063534614751
25891,LOF,0.041980756278293514,0.06022499294790546,0.897794250773801
25892,LOF,0.09893294799982297,0.023465839758697187,0.8776012122414799
25893,LOF,0.2947291379127501,0.016497749995434553,0.6887731120918154
25894,LOF,0.17185524260756013,0.008780768281572765,0.8193639891108672
25895,LOF,0.18607894788819018,0.020273327327219766,0.79364772478459
25896,LOF,0.04738329428246747,0.022745817445543968,0.9298708882719885
25897,LOF,0.23992347128034314,0.013866454049455934,0.7462100746702008
25898,Neutral,0.7104364842366307,0.00973382296889249,0.2798296927944768
25899,LOF,0.26295180047376315,0.028372178408034507,0.7086760211182024
25900,LOF,0.44840991016359244,0.015154567467039741,0.5364355223693679
25901,LOF,0.05420920046438703,0.0124437653889333,0.9333470341466796
25902,LOF,0.18425302599850868,0.010835673949464986,0.8049113000520264
25903,Neutral,0.5168186152873435,0.029734619851853265,0.4534467648608034
25904,LOF,0.2731497406799955,0.04996325467645588,0.6768870046435487
25905,LOF,0.029151055309925268,0.30446858858556425,0.6663803561045104
25906,LOF,0.022421962999516327,0.061460352178653116,0.9161176848218306
25907,LOF,0.015107833188728296,0.33707307220915456,0.6478190946021172
25908,LOF,0.012552074202303842,0.20772121344480904,0.7797267123528872
25909,LOF,0.01462570478276158,0.13925534594384328,0.8461189492733951
25910,LOF,0.04677273256909032,0.12785626960059723,0.8253709978303125
25911,LOF,0.1285045470383,0.033293943255858625,0.8382015097058415
25912,LOF,0.04205363209155159,0.05404394304893725,0.9039024248595111
25913,LOF,0.27916020389556223,0.025908576100105014,0.6949312200043328
25914,LOF,0.025737145477431698,0.1095757044300186,0.8646871500925498
25915,Neutral,0.44399913213727954,0.24473510553118485,0.31126576233153563
25916,LOF,0.07059572995163614,0.2703516886066611,0.6590525814417028
25917,LOF,0.0663228243232567,0.06600501947222648,0.8676721562045168
25918,LOF,0.03334210170672171,0.06814303383901811,0.8985148644542602
25919,LOF,0.027638040966326695,0.07247004054092696,0.8998919184927463
25920,GOF,0.08115262190047093,0.5007374349393993,0.4181099431601299
25921,LOF,0.029595839934828446,0.020782379865301414,0.9496217801998701
25922,LOF,0.04174651930437475,0.013382023722177182,0.9448714569734481
25923,LOF,0.37730006506761365,0.016626309435311175,0.6060736254970752
25924,LOF,0.04199754536491379,0.02529703592357919,0.932705418711507
25925,LOF,0.06834993424880777,0.023524897183903104,0.9081251685672892
25926,LOF,0.047593476233244406,0.01775675569247549,0.9346497680742801
25927,LOF,0.06816622775791559,0.058955098157978614,0.8728786740841058
25928,LOF,0.02368921444515353,0.024566434405281504,0.951744351149565
25929,Neutral,0.5082438541774187,0.01840764945023946,0.4733484963723419
25930,LOF,0.054149721766992794,0.012474810238514041,0.9333754679944931
25931,LOF,0.031021033172444125,0.01766575530398757,0.9513132115235683
25932,LOF,0.02719180582655985,0.015244558790062177,0.9575636353833779
25933,LOF,0.03634342306695064,0.009777244222106615,0.9538793327109427
25934,LOF,0.02298949667499734,0.011128343710821343,0.9658821596141814
25935,LOF,0.06291901570054947,0.029694538598245668,0.9073864457012049
25936,LOF,0.0452868550863498,0.0146430740148651,0.9400700708987851
25937,LOF,0.030629204226573427,0.021732052652845685,0.9476387431205809
25938,LOF,0.06209772298268641,0.030767838313501657,0.9071344387038118
25939,LOF,0.03662176784856232,0.009053426435212696,0.954324805716225
25940,LOF,0.026250820733353452,0.3529456908078895,0.6208034884587571
25941,LOF,0.18051228807166586,0.07697653915196152,0.7425111727763726
25942,LOF,0.0186750326467372,0.03965895011946482,0.941666017233798
25943,LOF,0.33224899329929675,0.05943290286654433,0.608318103834159
25944,Neutral,0.48794594857101775,0.03127770568732758,0.48077634574165484
25945,LOF,0.08153385385955457,0.0201643472255513,0.898301798914894
25946,LOF,0.029724631005162386,0.1578651355129212,0.8124102334819165
25947,LOF,0.12937473179984085,0.18325170210288827,0.6873735660972708
25948,LOF,0.4824872487315843,0.014004650548900028,0.5035081007195157
25949,LOF,0.11446041420156829,0.060696353038457475,0.8248432327599742
25950,GOF,0.266479731411049,0.4143344064305866,0.3191858621583645
25951,LOF,0.2575616824008769,0.20553001485054592,0.5369083027485771
25952,LOF,0.05347543933710693,0.45493023180186665,0.49159432886102644
25953,LOF,0.12148463640730499,0.10984702200692538,0.7686683415857696
25954,Neutral,0.40197817448935375,0.20845540649670247,0.3895664190139438
25955,LOF,0.05832322407134511,0.09613864303864622,0.8455381328900086
25956,LOF,0.2005112318909003,0.06985440937173912,0.7296343587373607
25957,LOF,0.04252580448181751,0.027869934612992614,0.9296042609051898
25958,LOF,0.053407410804538924,0.02536247065146921,0.9212301185439917
25959,LOF,0.07923694870095065,0.2715156469478534,0.649247404351196
25960,LOF,0.023573193672880324,0.050089267324967116,0.9263375390021527
25961,LOF,0.0474924664188696,0.03121135560304456,0.9212961779780858
25962,LOF,0.06476633746979518,0.03209332908337719,0.9031403334468276
25963,LOF,0.050769542747859886,0.1712148553185571,0.778015601933583
25964,LOF,0.034522351205415594,0.129804071021011,0.8356735777735734
25965,LOF,0.40463319656262303,0.08623079757827243,0.5091360058591046
25966,Neutral,0.4335625545241462,0.1498244501031162,0.4166129953727375
25967,LOF,0.013060593697669608,0.07001146898273647,0.916927937319594
25968,LOF,0.037663110623213016,0.44094437731107844,0.5213925120657086
25969,LOF,0.021871748407680507,0.05217681810655049,0.925951433485769
25970,LOF,0.05316385975713516,0.05828603236568808,0.8885501078771767
25971,LOF,0.06863779568735526,0.0180923664080115,0.9132698379046332
25972,LOF,0.07723197040508681,0.02345852971123006,0.8993094998836832
25973,LOF,0.08300695366887635,0.009229295555170146,0.9077637507759534
25974,LOF,0.21508572144684132,0.022677952570673787,0.762236325982485
25975,LOF,0.041588258750386076,0.036452726657572855,0.9219590145920411
25976,LOF,0.03518610961590882,0.018879357492960186,0.945934532891131
25977,LOF,0.1432802067771507,0.09950453487433841,0.757215258348511
25978,LOF,0.10469277015242238,0.09089334328247703,0.8044138865651006
25979,LOF,0.10955645956151099,0.08390891072977788,0.8065346297087113
25980,LOF,0.12146540158502879,0.1256489271858491,0.7528856712291221
25981,LOF,0.15157936898031021,0.12138101958345947,0.7270396114362302
25982,LOF,0.3429684039650212,0.07300451385619905,0.5840270821787797
25983,LOF,0.3456354555462157,0.07183380988847299,0.5825307345653112
25984,LOF,0.05330930468950162,0.07165433467398229,0.875036360636516
25985,LOF,0.02555839199648954,0.2611250789774122,0.7133165290260982
25986,LOF,0.032195082120076754,0.2614302917549177,0.7063746261250055
25987,LOF,0.08072402895802913,0.08452564169515471,0.8347503293468161
25988,LOF,0.12372744800495215,0.07013120794232112,0.8061413440527266
25989,LOF,0.02898256003132742,0.11708547901390312,0.8539319609547694
25990,LOF,0.037171662327186814,0.1422767572620088,0.8205515804108044
25991,GOF,0.1699925399339997,0.4649837872763083,0.36502367278969206
25992,Neutral,0.3599436314749592,0.2828446505135303,0.35721171801151047
25993,LOF,0.02512519234535118,0.08754938277042779,0.8873254248842212
25994,LOF,0.017938919024374753,0.14248890408412349,0.8395721768915019
25995,LOF,0.027079195346491378,0.20660256811095848,0.7663182365425502
25996,GOF,0.23514902142447458,0.6029457329268809,0.16190524564864456
25997,GOF,0.09961795308244378,0.5921411991680201,0.30824084774953614
25998,Neutral,0.5681275015688462,0.016471338194069124,0.4154011602370848
25999,LOF,0.11513875748111878,0.16006808835275652,0.7247931541661248
26000,LOF,0.15919230847123478,0.025976447494786163,0.814831244033979
26001,LOF,0.18046623066226888,0.029571623674929187,0.7899621456628019
26002,LOF,0.156558107552645,0.029980873502488466,0.8134610189448666
26003,GOF,0.009604699264016189,0.6717848202796125,0.3186104804563714
26004,GOF,0.023715917828385436,0.7354272867696318,0.2408567954019829
26005,GOF,0.008367309063370852,0.5553521889500923,0.43628050198653695
26006,Neutral,0.5115522322665282,0.2962324396185728,0.19221532811489886
26007,GOF,0.016546281959416854,0.5985193347731771,0.3849343832674061
26008,GOF,0.01790764086037861,0.6237097620281447,0.35838259711147674
26009,GOF,0.02267982125720414,0.6625395619250337,0.31478061681776204
26010,GOF,0.023861776747355283,0.7079781016012826,0.2681601216513621
26011,GOF,0.008114313742068242,0.5338939760472209,0.45799171021071083
26012,GOF,0.015126502006599553,0.6302670215690019,0.3546064764243985
26013,GOF,0.014807959724698108,0.6814708797817433,0.3037211604935587
26014,LOF,0.051697736877252036,0.17212874121503607,0.7761735219077119
26015,LOF,0.16312998557320774,0.009781672286994787,0.8270883421397975
26016,LOF,0.19590151145426513,0.04941753603720442,0.7546809525085304
26017,LOF,0.1565858655992888,0.08388152865755062,0.7595326057431606
26018,LOF,0.0602374167591925,0.04605293855485347,0.8937096446859539
26019,LOF,0.05848589547624712,0.03254852636247534,0.9089655781612775
26020,LOF,0.04601063645044677,0.12066159069445626,0.833327772855097
26021,LOF,0.03650655520034406,0.14094260093463182,0.8225508438650242
26022,LOF,0.009174787148125425,0.05537264530660915,0.9354525675452654
26023,LOF,0.08253971464546987,0.028385348421121125,0.889074936933409
26024,LOF,0.021089259019077714,0.1231890893039604,0.8557216516769618
26025,LOF,0.1292503531343778,0.11463873714240264,0.7561109097232196
26026,LOF,0.28196824664463643,0.023496303139660363,0.6945354502157032
26027,LOF,0.059752673731433864,0.023214598967126483,0.9170327273014396
26028,LOF,0.15017243031881683,0.10277320433253746,0.7470543653486457
26029,LOF,0.07935755961411946,0.15353106350128692,0.7671113768845936
26030,LOF,0.027734677027951186,0.05114462462784601,0.9211206983442027
26031,LOF,0.03335492989117443,0.1264730542362376,0.840172015872588
26032,LOF,0.07444165034113102,0.052273004468421695,0.8732853451904472
26033,LOF,0.12094170508581935,0.05973336861970042,0.8193249262944803
26034,LOF,0.05004824573334573,0.13496099546085152,0.8149907588058027
26035,LOF,0.033382081909674836,0.1200430645489321,0.8465748535413932
26036,LOF,0.04931491135736814,0.1397458694239961,0.8109392192186358
26037,LOF,0.028548870419960126,0.10343411038244839,0.8680170191975913
26038,LOF,0.0716940689079132,0.05146919505040244,0.8768367360416844
26039,LOF,0.06560820157524945,0.12799077763187455,0.8064010207928759
26040,LOF,0.21480203558251482,0.10171666647415192,0.6834812979433332
26041,LOF,0.028553628222080227,0.09150799756644099,0.8799383742114788
26042,LOF,0.027886793848590156,0.09480116048420477,0.8773120456672051
26043,LOF,0.07027062647331364,0.06445470863415882,0.8652746648925276
26044,LOF,0.023198000884684756,0.06243260214507244,0.9143693969702428
26045,LOF,0.08097152519056286,0.08915405743385688,0.8298744173755802
26046,LOF,0.07425860764738858,0.0681021752018673,0.8576392171507441
26047,LOF,0.10178598091114939,0.07968198482515355,0.8185320342636969
26048,LOF,0.05100348683218468,0.055448247355527835,0.8935482658122875
26049,Neutral,0.9550550450768945,0.007794089300488248,0.03715086562261716
26050,Neutral,0.9328920109668721,0.009080633592002329,0.0580273554411255
26051,LOF,0.05377699957559136,0.3600026151574894,0.5862203852669192
26052,LOF,0.0748029799665858,0.3655687445626978,0.5596282754707164
26053,LOF,0.06121835584227819,0.15014834125108958,0.7886333029066322
26054,LOF,0.0567985617537245,0.04099286900940823,0.9022085692368673
26055,LOF,0.07154256347760293,0.030026168171835864,0.8984312683505613
26056,LOF,0.06116323429232737,0.0362116871997683,0.9026250785079043
26057,LOF,0.031148587503765646,0.016627439259735352,0.952223973236499
26058,LOF,0.03141361187361919,0.014919020158778691,0.9536673679676022
26059,LOF,0.2803201238978358,0.0517955395843572,0.6678843365178071
26060,LOF,0.030455040957522782,0.21276938509066454,0.7567755739518127
26061,LOF,0.020126783422591835,0.019068676555462283,0.9608045400219459
26062,LOF,0.01223906696667792,0.028044266070716226,0.9597166669626059
26063,LOF,0.021363270365722758,0.015977114075676487,0.9626596155586007
26064,LOF,0.026259683089872546,0.025528681581933974,0.9482116353281935
26065,LOF,0.0245512266829832,0.019897599360734188,0.9555511739562828
26066,LOF,0.019879220612603825,0.01642005042039276,0.9637007289670035
26067,LOF,0.024651923946527914,0.01303290089032047,0.9623151751631516
26068,LOF,0.048687548761323286,0.0599084990863273,0.8914039521523495
26069,LOF,0.2715152877791525,0.03860229567368877,0.6898824165471587
26070,LOF,0.439534726816606,0.0248895334009757,0.5355757397824183
26071,LOF,0.021713267058492552,0.02032391875239758,0.9579628141891099
26072,LOF,0.02666561789919973,0.02781951226932929,0.9455148698314709
26073,LOF,0.022948097286890425,0.015132654080818422,0.9619192486322911
26074,Neutral,0.9127726655640195,0.00817540042564598,0.07905193401033443
26075,LOF,0.04264136013137565,0.024732214562337068,0.9326264253062874
26076,LOF,0.04350675267979067,0.014151312163446584,0.9423419351567627
26077,LOF,0.009721172042453189,0.031651921066394376,0.9586269068911525
26078,LOF,0.01476176869645577,0.0201063812749497,0.9651318500285945
26079,LOF,0.056362019227820706,0.03101509673022343,0.9126228840419559
26080,LOF,0.055375453977729756,0.031045746155827874,0.9135787998664424
26081,LOF,0.035031602885917744,0.011107656004160835,0.9538607411099215
26082,LOF,0.020991403891860598,0.027963238694269928,0.9510453574138694
26083,LOF,0.13051616038270578,0.019918335739639255,0.849565503877655
26084,LOF,0.026872320625866062,0.024519978287245503,0.9486077010868884
26085,LOF,0.02220262957917195,0.022649877060853408,0.9551474933599747
26086,LOF,0.023979043635987553,0.016481951397008216,0.9595390049670043
26087,LOF,0.024516880750514943,0.012506706113624672,0.9629764131358605
26088,LOF,0.01864677333613094,0.03539133413762057,0.9459618925262485
26089,LOF,0.04533876101144085,0.04288032901922033,0.9117809099693388
26090,LOF,0.04425548334690893,0.03325171031338973,0.9224928063397013
26091,LOF,0.03878350342438925,0.01016153652962862,0.9510549600459821
26092,LOF,0.026640964836055336,0.013861666570815535,0.9594973685931292
26093,LOF,0.03584842235236425,0.01015905797859631,0.9539925196690394
26094,LOF,0.043228912237812056,0.010416844662414234,0.9463542430997737
26095,LOF,0.05393328625718872,0.023049783707728908,0.9230169300350823
26096,LOF,0.02275894271627974,0.01785269092018546,0.9593883663635348
26097,LOF,0.010542975268718386,0.0629127737392777,0.926544250992004
26098,LOF,0.07341780216116776,0.02311938653384893,0.9034628113049833
26099,LOF,0.024744493244852797,0.021700094328628888,0.9535554124265183
26100,LOF,0.026378941996073952,0.020359607059065657,0.9532614509448604
26101,LOF,0.05691762347550104,0.02215569085395648,0.9209266856705426
26102,LOF,0.025286381779227977,0.017241477516848378,0.9574721407039237
26103,Neutral,0.8890253037742748,0.03234904997612802,0.07862564624959728
26104,LOF,0.06649741816768541,0.05719171067579557,0.8763108711565192
26105,LOF,0.21795885684108768,0.24823736453003853,0.5338037786288738
26106,LOF,0.19169701893830698,0.14425328954402433,0.6640496915176686
26107,LOF,0.24150386296255758,0.11497390446679724,0.6435222325706451
26108,LOF,0.2383985871248749,0.1695438936543648,0.5920575192207602
26109,LOF,0.06856889268340582,0.14323439104884347,0.7881967162677507
26110,LOF,0.2400736360626027,0.006534260832535815,0.7533921031048614
26111,LOF,0.4522727151649062,0.01733154408015099,0.5303957407549429
26112,LOF,0.03583795547516753,0.007584990912200803,0.9565770536126317
26113,LOF,0.05358531738820339,0.0134762636635139,0.9329384189482828
26114,LOF,0.02130333312675545,0.01944732177745634,0.9592493450957882
26115,LOF,0.08147430970219659,0.0390934579813756,0.8794322323164279
26116,LOF,0.05418529360875957,0.02872293316166897,0.9170917732295714
26117,LOF,0.3935449361243525,0.05163913474568464,0.5548159291299628
26118,LOF,0.04039234705115842,0.034700217260001734,0.9249074356888397
26119,LOF,0.023771141878838834,0.03864941387649873,0.9375794442446624
26120,LOF,0.03032435763172282,0.023677013057109,0.9459986293111682
26121,LOF,0.05448023712830208,0.07570874800132742,0.8698110148703706
26122,LOF,0.05274170966569778,0.03541212630398592,0.9118461640303162
