feature0,prediction,LoGoFunc_Neutral,LoGoFunc_GOF,LoGoFunc_LOF
25546,Neutral,0.5784170383446062,0.1171856750678842,0.3043972865875096
25547,Neutral,0.45206497400862167,0.14911175189318185,0.39882327409819657
25548,LOF,0.3164180758642512,0.15907118788324573,0.5245107362525031
25549,LOF,0.30550658030385036,0.15616963861793506,0.5383237810782147
25550,LOF,0.3595649765044896,0.07458028379183627,0.5658547397036742
25551,LOF,0.28447381255515136,0.09170015801691087,0.6238260294279379
25552,LOF,0.23368125561539288,0.09999719361268435,0.6663215507719228
25553,Neutral,0.7942424369896904,0.057397604220365085,0.14835995878994448
25554,LOF,0.2791273587966674,0.06517850846455045,0.6556941327387822
25555,LOF,0.20729812780384158,0.08593673944381777,0.7067651327523407
25556,LOF,0.3584322788773642,0.051358166829991655,0.5902095542926442
25557,LOF,0.2105478480051326,0.10388743071135977,0.6855647212835076
25558,LOF,0.2576479142548128,0.11282687246206814,0.6295252132831191
25559,LOF,0.27131980466474365,0.025170890992860705,0.7035093043423956
25560,LOF,0.040461059163426856,0.2567479750719696,0.7027909657646035
25561,LOF,0.0411044416341336,0.20622005974747187,0.7526754986183946
25562,LOF,0.03260547348793991,0.22325694481680483,0.7441375816952552
25563,LOF,0.018181079620264953,0.1349641147226505,0.8468548056570845
25564,LOF,0.0724297437073046,0.07249876339133525,0.8550714929013601
25565,LOF,0.35228024398535535,0.10927545830461743,0.5384442977100272
25566,GOF,0.04651957361049715,0.6321719459096737,0.3213084804798291
25567,LOF,0.0275500775303541,0.14132152533820916,0.8311283971314367
25568,LOF,0.05978757206788007,0.06688987022614404,0.8733225577059759
25569,LOF,0.06804369315647602,0.08001759681868179,0.8519387100248421
25570,LOF,0.0537738710618502,0.12969058746055787,0.8165355414775919
25571,LOF,0.0537738710618502,0.12969058746055787,0.8165355414775919
25572,LOF,0.06428755239036352,0.0941800719525572,0.8415323756570794
25573,LOF,0.14339247729274368,0.13469573424523704,0.7219117884620192
25574,GOF,0.223501575427573,0.6656893809005174,0.1108090436719096
25575,LOF,0.0537738710618502,0.12969058746055787,0.8165355414775919
25576,LOF,0.02289222108724937,0.18850249877900657,0.7886052801337441
25577,LOF,0.027426309486012285,0.10942687588867443,0.8631468146253132
25578,LOF,0.11339640194114366,0.3471997596213454,0.5394038384375109
25579,LOF,0.09928897082906939,0.31418928639141097,0.5865217427795196
25580,LOF,0.0537738710618502,0.12969058746055787,0.8165355414775919
25581,LOF,0.061025634889135934,0.07803367685448152,0.8609406882563825
25582,LOF,0.061025634889135934,0.07803367685448152,0.8609406882563825
25583,LOF,0.0537738710618502,0.12969058746055787,0.8165355414775919
25584,Neutral,0.7407579022788036,0.024278521278791834,0.23496357644240465
25585,LOF,0.03579512921125662,0.12156733053139394,0.8426375402573495
25586,LOF,0.0537738710618502,0.12969058746055787,0.8165355414775919
25587,LOF,0.0537738710618502,0.12969058746055787,0.8165355414775919
25588,LOF,0.0537738710618502,0.12969058746055787,0.8165355414775919
25589,Neutral,0.6694539887413277,0.1850870979326313,0.14545891332604086
25590,LOF,0.06874766596548942,0.1288981080675174,0.8023542259669932
25591,LOF,0.09986340905027935,0.07914981201831256,0.8209867789314081
25592,GOF,0.29927521374289445,0.4022495526977069,0.2984752335593986
25593,GOF,0.13624041434861017,0.599648297231301,0.2641112884200889
25594,LOF,0.05573877580462416,0.0894916261856924,0.8547695980096834
25595,LOF,0.06067234418087751,0.0753618385637904,0.8639658172553321
25596,LOF,0.14031729509553884,0.02605883382171875,0.8336238710827425
25597,LOF,0.13230761708831992,0.021638183263507794,0.8460541996481723
25598,LOF,0.04778686556213647,0.06389038646132675,0.8883227479765368
25599,LOF,0.025307717093554494,0.3281099577186937,0.6465823251877517
25600,GOF,0.10366854109787364,0.4482213436215646,0.4481101152805618
25601,LOF,0.04296490059465697,0.4076561956746645,0.5493789037306785
25602,LOF,0.08073994767510587,0.06245413146662116,0.8568059208582729
25603,LOF,0.08982905426493067,0.08138961937293543,0.8287813263621339
25604,LOF,0.08548317842052175,0.1956648136906805,0.7188520078887977
25605,LOF,0.15817672657520773,0.22343077307719128,0.618392500347601
25606,Neutral,0.5723727454678251,0.09730822648546113,0.33031902804671365
25607,LOF,0.049793488810633356,0.21343991013148172,0.7367666010578849
25608,LOF,0.046480705703417974,0.1459450269315724,0.8075742673650096
25609,GOF,0.12042224444473122,0.5970908967897492,0.2824868587655194
25610,LOF,0.04446091787912971,0.13126602886992714,0.8242730532509431
25611,LOF,0.04446091787912971,0.13126602886992714,0.8242730532509431
25612,LOF,0.08037949417991107,0.029855513788713678,0.8897649920313753
25613,LOF,0.10825218375256836,0.032058654469797006,0.8596891617776347
25614,LOF,0.04446091787912971,0.13126602886992714,0.8242730532509431
25615,LOF,0.07001616589902317,0.11063621781318587,0.819347616287791
25616,LOF,0.04446091787912971,0.13126602886992714,0.8242730532509431
25617,LOF,0.04446091787912971,0.13126602886992714,0.8242730532509431
25618,LOF,0.11418553259203987,0.36499830370942854,0.5208161636985316
25619,LOF,0.04446091787912971,0.13126602886992714,0.8242730532509431
25620,LOF,0.04446091787912971,0.13126602886992714,0.8242730532509431
25621,LOF,0.07831798972933432,0.08533536944050585,0.8363466408301597
25622,LOF,0.080523302855036,0.06662396523559815,0.8528527319093658
25623,LOF,0.09330112702652409,0.06039320993165986,0.846305663041816
25624,LOF,0.04446091787912971,0.13126602886992714,0.8242730532509431
25625,LOF,0.08037520109382607,0.03902284369338645,0.8806019552127875
25626,LOF,0.0523187143455112,0.03869047897693144,0.9089908066775573
25627,Neutral,0.8394076244784467,0.05384145664977612,0.10675091887177719
25628,LOF,0.12901613457323238,0.20818456992696757,0.6627992954998
25629,LOF,0.03975339740060029,0.15430281031689738,0.8059437922825022
25630,LOF,0.34021811120897166,0.1003234790848191,0.5594584097062092
25631,LOF,0.35529105717408055,0.18639727533946043,0.45831166748645913
25632,LOF,0.014659856004171195,0.28589110093913017,0.6994490430566986
25633,LOF,0.0371508459599307,0.2344847076940727,0.7283644463459966
25634,LOF,0.048029108710304046,0.09816154190961669,0.8538093493800792
25635,LOF,0.0371508459599307,0.2344847076940727,0.7283644463459966
25636,GOF,0.02343990605096977,0.6944467811088112,0.282113312840219
25637,GOF,0.018872071073353064,0.6493169956715112,0.3318109332551358
25638,GOF,0.010740258136269956,0.6977271166973134,0.29153262516641665
25639,GOF,0.025550309640422323,0.522055431232481,0.45239425912709674
25640,Neutral,0.7939041569444727,0.1464063224739434,0.0596895205815839
25641,GOF,0.04553807751265339,0.6426584653983132,0.31180345708903345
25642,LOF,0.06455506506020935,0.2707413570902576,0.664703577849533
25643,LOF,0.2491237616583989,0.309711954228356,0.441164284113245
25644,LOF,0.016917116568422035,0.4538683704262829,0.529214513005295
25645,GOF,0.01293071486478681,0.5218819409883358,0.4651873441468773
25646,GOF,0.018986604225204096,0.5869426391059085,0.39407075666888747
25647,LOF,0.014354060448654815,0.3571058537343418,0.6285400858170034
25648,LOF,0.022596975994037836,0.28750811690832007,0.689894907097642
25649,LOF,0.012124125364071599,0.1950846711147042,0.7927912035212242
25650,LOF,0.05240919603477031,0.39281850764625004,0.5547722963189796
25651,LOF,0.015888359757001733,0.30675136819642196,0.6773602720465762
25652,LOF,0.011458358115915415,0.4719139468990143,0.5166276949850703
25653,LOF,0.0379835041971456,0.47462845171310486,0.4873880440897494
25654,LOF,0.010456690388049777,0.45623336498597683,0.5333099446259734
25655,GOF,0.061345452420435306,0.6571451535152677,0.2815093940642971
25656,LOF,0.17627420259360288,0.3930558632603427,0.43066993414605453
25657,LOF,0.040922193491289845,0.2300357898849759,0.7290420166237342
25658,LOF,0.09660541311642747,0.309544942594684,0.5938496442888885
25659,Neutral,0.5692081646170406,0.25277890482456083,0.17801293055839862
25660,LOF,0.040459053248301735,0.13657502697567397,0.8229659197760243
25661,LOF,0.040459053248301735,0.13657502697567397,0.8229659197760243
25662,LOF,0.040459053248301735,0.13657502697567397,0.8229659197760243
25663,LOF,0.040459053248301735,0.13657502697567397,0.8229659197760243
25664,LOF,0.07943048135566856,0.09762459822873873,0.8229449204155926
25665,LOF,0.053974313691173136,0.04204933498918264,0.9039763513196442
25666,LOF,0.07214266541651619,0.10947942404926914,0.8183779105342146
25667,LOF,0.040459053248301735,0.13657502697567397,0.8229659197760243
25668,LOF,0.040459053248301735,0.13657502697567397,0.8229659197760243
25669,LOF,0.040459053248301735,0.13657502697567397,0.8229659197760243
25670,LOF,0.09770151119518936,0.0884933256672026,0.8138051631376081
25671,LOF,0.040459053248301735,0.13657502697567397,0.8229659197760243
25672,LOF,0.04972710264503736,0.037767562688829096,0.9125053346661336
25673,LOF,0.07451279219582968,0.0491947796683235,0.8762924281358467
25674,LOF,0.06765260719692394,0.055463117946045616,0.8768842748570305
25675,LOF,0.06892614874697026,0.0565053726437721,0.8745684786092577
25676,LOF,0.040459053248301735,0.13657502697567397,0.8229659197760243
25677,LOF,0.040459053248301735,0.13657502697567397,0.8229659197760243
25678,LOF,0.1049294556468778,0.04183320250257781,0.8532373418505445
25679,LOF,0.1223210325401659,0.05654471666812789,0.8211342507917062
25680,LOF,0.040459053248301735,0.13657502697567397,0.8229659197760243
25681,LOF,0.040459053248301735,0.13657502697567397,0.8229659197760243
25682,LOF,0.040459053248301735,0.13657502697567397,0.8229659197760243
25683,LOF,0.09088405101296483,0.04427602653516499,0.8648399224518702
25684,LOF,0.040459053248301735,0.13657502697567397,0.8229659197760243
25685,LOF,0.03176545871482095,0.35622166024184293,0.6120128810433362
25686,GOF,0.021267301719126417,0.5141904516500163,0.46454224663085725
25687,GOF,0.02951527638786736,0.7596219583340166,0.21086276527811604
25688,LOF,0.31059442830863415,0.24919817958490487,0.4402073921064611
25689,LOF,0.10894199940511086,0.23562242754379836,0.6554355730510909
25690,LOF,0.18876249528203853,0.20812423060806598,0.6031132741098956
25691,Neutral,0.6336004355274578,0.05777845757551942,0.3086211068970227
25692,LOF,0.14849670519189223,0.025246279187235838,0.826257015620872
25693,GOF,0.09567731594817179,0.6000118667987661,0.30431081725306214
25694,LOF,0.13995766248620284,0.0364247309400299,0.8236176065737671
25695,LOF,0.10315250213475372,0.04807377765943733,0.8487737202058089
25696,LOF,0.09295865409214701,0.060091983274781394,0.8469493626330716
25697,LOF,0.08530286301369537,0.18015439424031968,0.734542742745985
25698,LOF,0.1511957150809071,0.18651141879601704,0.6622928661230758
25699,GOF,0.10243456257083788,0.7343507708910177,0.16321466653814426
25700,LOF,0.03825372652340985,0.2767657006017806,0.6849805728748095
25701,GOF,0.0991952339481726,0.712207079091977,0.1885976869598504
25702,GOF,0.2806244719777902,0.42030850231712275,0.299067025705087
25703,LOF,0.03377475652336799,0.1212898371321616,0.8449354063444704
25704,LOF,0.05172735760111026,0.17366891042432245,0.7746037319745672
25705,LOF,0.02908370510416828,0.34662777645173665,0.624288518444095
25706,GOF,0.11777060490737526,0.5107304440615709,0.37149895103105396
25707,LOF,0.13370585109566455,0.4260071943923243,0.44028695451201116
25708,LOF,0.048617465878262385,0.3153080554340753,0.6360744786876623
25709,LOF,0.02908370510416828,0.34662777645173665,0.624288518444095
25710,LOF,0.019772900122683092,0.1698125004204794,0.8104145994568375
25711,LOF,0.02908370510416828,0.34662777645173665,0.624288518444095
25712,LOF,0.023133355731238387,0.19002929716604144,0.7868373471027201
25713,LOF,0.02908370510416828,0.34662777645173665,0.624288518444095
25714,LOF,0.02908370510416828,0.34662777645173665,0.624288518444095
25715,LOF,0.02908370510416828,0.34662777645173665,0.624288518444095
25716,LOF,0.016559856942645595,0.17092048598141973,0.8125196570759348
25717,LOF,0.018538393093299264,0.1973250193651482,0.7841365875415526
25718,LOF,0.02908370510416828,0.34662777645173665,0.624288518444095
25719,LOF,0.02908370510416828,0.34662777645173665,0.624288518444095
25720,LOF,0.02908370510416828,0.34662777645173665,0.624288518444095
25721,LOF,0.02908370510416828,0.34662777645173665,0.624288518444095
25722,LOF,0.02908370510416828,0.34662777645173665,0.624288518444095
25723,LOF,0.02908370510416828,0.34662777645173665,0.624288518444095
25724,LOF,0.09492951324023302,0.36217276129999015,0.5428977254597769
25725,LOF,0.02908370510416828,0.34662777645173665,0.624288518444095
25726,LOF,0.02908370510416828,0.34662777645173665,0.624288518444095
25727,LOF,0.02908370510416828,0.34662777645173665,0.624288518444095
25728,LOF,0.02908370510416828,0.34662777645173665,0.624288518444095
25729,LOF,0.02908370510416828,0.34662777645173665,0.624288518444095
25730,LOF,0.02908370510416828,0.34662777645173665,0.624288518444095
25731,LOF,0.016365275868268775,0.3172157212600187,0.6664190028717126
25732,LOF,0.02908370510416828,0.34662777645173665,0.624288518444095
25733,LOF,0.02908370510416828,0.34662777645173665,0.624288518444095
25734,LOF,0.022939212393188115,0.1568487548685707,0.8202120327382411
25735,LOF,0.02908370510416828,0.34662777645173665,0.624288518444095
25736,LOF,0.02908370510416828,0.34662777645173665,0.624288518444095
25737,LOF,0.02908370510416828,0.34662777645173665,0.624288518444095
25738,LOF,0.02908370510416828,0.34662777645173665,0.624288518444095
25739,LOF,0.02908370510416828,0.34662777645173665,0.624288518444095
25740,LOF,0.02908370510416828,0.34662777645173665,0.624288518444095
25741,LOF,0.02908370510416828,0.34662777645173665,0.624288518444095
25742,LOF,0.02908370510416828,0.34662777645173665,0.624288518444095
25743,LOF,0.0274645920755421,0.0830320880511012,0.8895033198733566
25744,Neutral,0.5827027723786123,0.12864483527354023,0.2886523923478475
25745,LOF,0.03396588546910489,0.19992947751943377,0.7661046370114614
25746,LOF,0.026086963121196446,0.1921194632950253,0.7817935735837783
25747,LOF,0.039423614524748275,0.22149263754089632,0.7390837479343555
25748,LOF,0.07283588221320511,0.32068013184757144,0.6064839859392234
25749,LOF,0.020090353072115427,0.3016686951006583,0.6782409518272263
25750,LOF,0.023088526430849923,0.21692894193519918,0.7599825316339508
25751,LOF,0.039423614524748275,0.22149263754089632,0.7390837479343555
25752,GOF,0.06232333374895957,0.7775972089914088,0.16007945725963163
25753,LOF,0.022888631071039573,0.2202627242344357,0.7568486446945247
25754,GOF,0.026569940571952198,0.7879644282268595,0.1854656312011883
25755,LOF,0.030880649850389186,0.18667202686878082,0.7824473232808299
25756,LOF,0.04184523685835226,0.3186015000312303,0.6395532631104175
25757,GOF,0.022876529086946897,0.7903565266429676,0.18676694427008542
25758,GOF,0.03426159747778126,0.7051838169943427,0.26055458552787614
25759,GOF,0.021454157797233746,0.6242254027836006,0.35432043941916547
25760,LOF,0.02870408049877616,0.18933921312863522,0.7819567063725886
25761,GOF,0.31242319808513147,0.5252000203563607,0.16237678155850782
25762,LOF,0.05177239713393204,0.17777045785564627,0.7704571450104217
25763,LOF,0.024303085040807235,0.20479015321388405,0.7709067617453087
25764,GOF,0.08870049448570681,0.7798257760860254,0.1314737294282679
25765,GOF,0.025443969325245588,0.7181007394723036,0.2564552912024509
25766,GOF,0.07668566452877294,0.7421964959367392,0.18111783953448776
25767,GOF,0.0923612028189702,0.641623386642018,0.26601541053901184
25768,LOF,0.052080043542694854,0.191800341349928,0.7561196151073772
25769,LOF,0.0312192565807545,0.47290938461858817,0.49587135880065747
25770,Neutral,0.7248568238452974,0.12200196766493278,0.15314120848976992
25771,LOF,0.051754704441913046,0.2955729761402181,0.6526723194178689
25772,LOF,0.0312192565807545,0.47290938461858817,0.49587135880065747
25773,LOF,0.052397669785191274,0.27591342618320375,0.671688904031605
25774,LOF,0.02775849790305768,0.207154398802992,0.7650871032939502
25775,LOF,0.07676351070169853,0.1764764387920112,0.7467600505062902
25776,LOF,0.0312192565807545,0.47290938461858817,0.49587135880065747
25777,LOF,0.2167191882946699,0.27735082843355674,0.5059299832717734
25778,LOF,0.0312192565807545,0.47290938461858817,0.49587135880065747
25779,Neutral,0.5490606749924781,0.2560537975537281,0.1948855274537938
25780,Neutral,0.5489557493745524,0.3078719995954505,0.143172251029997
25781,GOF,0.29952124676313585,0.5125963140990916,0.1878824391377726
25782,GOF,0.2846715758611373,0.4844598015419377,0.23086862259692503
25783,LOF,0.03370842660732494,0.43057367305362076,0.5357179003390543
25784,Neutral,0.712582182414149,0.20045519500643813,0.08696262257941297
25785,Neutral,0.6675851290411933,0.17807725586251844,0.15433761509628832
25786,GOF,0.03146621462051084,0.6511612903936436,0.3173724949858456
25787,Neutral,0.8614456867326619,0.08319574962016871,0.0553585636471694
25788,LOF,0.041555900519481145,0.14876511376222665,0.8096789857182923
25789,GOF,0.18309984947674635,0.6213443516444345,0.19555579887881916
25790,GOF,0.26460514632679427,0.543481346361594,0.1919135073116117
25791,GOF,0.1514972270944741,0.48114949498250514,0.36735327792302064
25792,Neutral,0.45601220811506366,0.3056714719052246,0.23831631997971184
25793,Neutral,0.4770198057008366,0.3958956579970414,0.12708453630212194
25794,GOF,0.22747856705448502,0.59230781597987,0.18021361696564484
25795,GOF,0.060111334838654516,0.7439939461346672,0.1958947190266783
25796,Neutral,0.5668399374984674,0.18903668481370664,0.24412337768782588
25797,GOF,0.08771392981279966,0.471742612956699,0.4405434572305013
25798,GOF,0.015438250317220688,0.4926014899778928,0.49196025970488644
25799,LOF,0.01782315410191549,0.38198662093754815,0.6001902249605364
25800,GOF,0.063865017189043,0.6288224221553009,0.30731256065565615
25801,GOF,0.3331900876071569,0.48278065973944057,0.18402925265340236
25802,GOF,0.08372307520398498,0.6633927572045206,0.2528841675914943
25803,GOF,0.0927195965515128,0.5868164217417596,0.3204639817067274
25804,GOF,0.05085202551343021,0.5136570726105227,0.4354909018760469
25805,GOF,0.11364059758767459,0.6877709266548265,0.19858847575749886
25806,GOF,0.14858672609907017,0.5688392898700902,0.28257398403083955
25807,GOF,0.023653457686734165,0.5441221292275512,0.4322244130857147
25808,GOF,0.09789803225030222,0.6394730218956565,0.2626289458540413
25809,LOF,0.01756475034258488,0.48045235487804144,0.5019828947793736
25810,GOF,0.02057561927246619,0.5622525314019288,0.417171849325605
25811,Neutral,0.5877681519493889,0.2971049187863975,0.11512692926421347
25812,GOF,0.06059809689212593,0.4836876403179217,0.45571426278995225
25813,Neutral,0.678866570018657,0.20261118329880257,0.11852224668254037
25814,GOF,0.1612357677059948,0.6545289182205353,0.18423531407346988
25815,GOF,0.2680590916275724,0.591975419441902,0.13996548893052563
25816,GOF,0.030031440731338364,0.7429357504760226,0.22703280879263904
25817,GOF,0.1297016834370772,0.700224209558242,0.17007410700468073
25818,GOF,0.06765440640974336,0.491708535450368,0.44063705813988874
25819,Neutral,0.4051861050172572,0.37452557765811967,0.2202883173246231
25820,GOF,0.2003528970465219,0.48266414605661184,0.3169829568968663
25821,GOF,0.05484241548787966,0.5949496385669824,0.3502079459451381
25822,GOF,0.29928133766900733,0.45687129389315023,0.24384736843784235
25823,GOF,0.04014331360170182,0.6447437726258305,0.3151129137724677
25824,LOF,0.09728422529393,0.41192781443752235,0.49078796026854765
25825,LOF,0.03411392006503606,0.40379830733638417,0.5620877725985799
25826,GOF,0.011313556790501136,0.528042154222022,0.4606442889874768
25827,GOF,0.022221715837115394,0.6906928272686534,0.28708545689423115
25828,GOF,0.016312244580169194,0.5894689795524378,0.39421877586739307
25829,LOF,0.010526986237360621,0.407627426868843,0.5818455868937964
25830,LOF,0.10135043583762343,0.39042179047182796,0.5082277736905486
25831,GOF,0.16805077730471663,0.7269192118898881,0.10503001080539538
25832,GOF,0.04176733804513209,0.7024424795707033,0.2557901823841646
25833,GOF,0.13604439470811644,0.673204674112482,0.1907509311794018
25834,GOF,0.055313960980057905,0.6731408355240849,0.27154520349585715
25835,GOF,0.1685409839113082,0.6344068576183511,0.1970521584703406
25836,GOF,0.07479398572439089,0.6467521567692545,0.27845385750635454
25837,GOF,0.03704401264107291,0.5477053800916812,0.4152506072672458
25838,GOF,0.14163555202645534,0.6422760437654923,0.21608840420805236
25839,GOF,0.4242359765006289,0.44448426178191053,0.13127976171746075
25840,GOF,0.18003848533339364,0.656046146279068,0.16391536838753837
25841,GOF,0.21426783509040218,0.6150451688830728,0.17068699602652515
25842,Neutral,0.43619607804626714,0.32960074160791486,0.23420318034581802
25843,GOF,0.32680383586917355,0.4758808981512654,0.19731526597956103
25844,GOF,0.10524719312464301,0.5107825615225896,0.3839702453527674
25845,GOF,0.02645789274305571,0.5356228532922465,0.4379192539646977
25846,GOF,0.10735405249800217,0.7288377453823526,0.16380820211964517
25847,GOF,0.25656189753278974,0.6008413030826785,0.1425967993845318
25848,GOF,0.0892345237206197,0.7274572558012855,0.18330822047809472
25849,GOF,0.015438747284928687,0.6305504798106962,0.354010772904375
25850,GOF,0.03234197078671413,0.7022455092715234,0.2654125199417626
25851,GOF,0.020171329545889276,0.5719632226111624,0.40786544784294826
25852,GOF,0.25723609063411035,0.5863119946272585,0.1564519147386311
25853,Neutral,0.4036184383888696,0.3909708575572051,0.20541070405392534
25854,GOF,0.017143784871453915,0.5113619192171477,0.4714942959113983
25855,LOF,0.04695809626061412,0.34239643609634335,0.6106454676430425
25856,Neutral,0.3635549505556414,0.3374242390692417,0.2990208103751169
25857,GOF,0.0492560142437233,0.4890953541252111,0.46164863163106556
25858,GOF,0.03236511619339708,0.6376822487809637,0.32995263502563926
25859,GOF,0.013999654314162273,0.564194119308994,0.42180622637684373
25860,GOF,0.42482596129406003,0.45053354605325496,0.12464049265268501
25861,GOF,0.33160409377706407,0.5652387744174081,0.10315713180552782
25862,GOF,0.180306024440914,0.6143028131365437,0.20539116242254227
25863,GOF,0.20584679326178068,0.5550246483244894,0.23912855841373007
25864,Neutral,0.4370649138323311,0.39753562446665747,0.16539946170101152
25865,GOF,0.11398919617158094,0.7567161191938462,0.12929468463457292
25866,GOF,0.1208032070615838,0.5899366257052157,0.2892601672332006
25867,GOF,0.13477178822987446,0.6819762678933329,0.18325194387679264
25868,GOF,0.23990246628209688,0.5570111015686676,0.20308643214923552
25869,Neutral,0.8197656925531949,0.1316087786250922,0.048625528821712796
25870,GOF,0.24332070711533066,0.40334465843992046,0.35333463444474883
25871,GOF,0.146959110372306,0.6228495026985028,0.23019138692919117
25872,GOF,0.24207858148311293,0.46030594172625794,0.2976154767906291
25873,GOF,0.20225688688523644,0.5672068532615847,0.23053625985317885
25874,LOF,0.041555900519481145,0.14876511376222665,0.8096789857182923
25875,LOF,0.10759221727448869,0.38951796517720294,0.5028898175483084
25876,LOF,0.027697703800958907,0.3017132264090478,0.6705890697899932
25877,GOF,0.31298861035612485,0.3516855536296042,0.3353258360142709
25878,GOF,0.1255648183655161,0.6176010300513127,0.25683415158317124
25879,GOF,0.07380582215180254,0.6123158955143434,0.3138782823338541
25880,LOF,0.034800259800851586,0.16613665678269776,0.7990630834164506
25881,LOF,0.34986168886332253,0.2824589684045372,0.36767934273214026
25882,LOF,0.09524076996189042,0.06172946872737962,0.8430297613107299
25883,LOF,0.052997002142949536,0.12324148834269547,0.823761509514355
25884,LOF,0.0655692973638887,0.1695387086449197,0.7648919939911916
25885,LOF,0.07949241083841821,0.07136572660284378,0.849141862558738
25886,LOF,0.07601798142223093,0.33438751472838024,0.5895945038493887
25887,LOF,0.3210943439091762,0.2092451369721872,0.4696605191186365
25888,LOF,0.21838162523495536,0.1905009732068423,0.5911174015582022
25889,LOF,0.08489691478850632,0.09784939287125718,0.8172536923402366
25890,LOF,0.04928484120490434,0.3139355626671796,0.6367795961279161
25891,LOF,0.043311164560281536,0.166770648369619,0.7899181870700994
25892,LOF,0.0872977502247376,0.15015015847524693,0.7625520913000154
25893,LOF,0.2643635548544375,0.1764634603972222,0.5591729847483403
25894,LOF,0.12360409445663013,0.15621798993514194,0.720177915608228
25895,LOF,0.1511643481874143,0.10564213715914894,0.7431935146534367
25896,LOF,0.06973104828628607,0.04687924237396559,0.8833897093397483
25897,LOF,0.24441947053087115,0.11525583959702704,0.6403246898721018
25898,Neutral,0.6015202349237317,0.14180511960428444,0.2566746454719837
25899,LOF,0.09878537620937614,0.3080237628409988,0.593190860949625
25900,Neutral,0.918538395360934,0.016073755034008586,0.06538784960505757
25901,LOF,0.06757913934062323,0.11398330854801912,0.8184375521113576
25902,LOF,0.0846656893363793,0.059719176653100184,0.8556151340105206
25903,Neutral,0.43629411271358526,0.1959511311361378,0.36775475615027686
25904,LOF,0.20791821620860232,0.2203727470979037,0.571709036693494
25905,GOF,0.01514576163527633,0.5754110802040066,0.40944315816071714
25906,LOF,0.02229065873399841,0.10132465083113174,0.8763846904348698
25907,LOF,0.01398545460997852,0.40904741878673345,0.5769671266032881
25908,LOF,0.01939658280793,0.269282100244989,0.7113213169470811
25909,LOF,0.04267209313127473,0.1143311370339751,0.8429967698347502
25910,LOF,0.02216984477568391,0.32588945026857646,0.6519407049557396
25911,LOF,0.06691730649239627,0.047355223148938405,0.8857274703586654
25912,LOF,0.03395685384667388,0.12379665231149402,0.8422464938418321
25913,LOF,0.18431346473965574,0.11287634958357363,0.7028101856767707
25914,LOF,0.05270344634934269,0.14844390455416542,0.7988526490964919
25915,GOF,0.33252297515532403,0.5255601618233979,0.14191686302127798
25916,GOF,0.04186103651961037,0.6866114582040352,0.2715275052763544
25917,LOF,0.04331328528366365,0.08316544668019137,0.8735212680361449
25918,LOF,0.05270344634934269,0.14844390455416542,0.7988526490964919
25919,LOF,0.05270344634934269,0.14844390455416542,0.7988526490964919
25920,GOF,0.17822955627412101,0.6389345715255645,0.18283587220031441
25921,LOF,0.024847719634765935,0.35462227424214515,0.620530006123089
25922,LOF,0.024007354052629035,0.36884404443161467,0.6071486015157562
25923,LOF,0.07699732798500983,0.3351336795481256,0.5878689924668646
25924,LOF,0.03641320262473473,0.1922715071960577,0.7713152901792075
25925,LOF,0.034944766891389686,0.16919687037934356,0.7958583627292667
25926,LOF,0.03298380183547942,0.135377182152299,0.8316390160122216
25927,GOF,0.054981252016511314,0.4810361100015563,0.46398263798193234
25928,LOF,0.02384766862961679,0.19033251539868568,0.7858198159716975
25929,LOF,0.19244518611463848,0.322685299733534,0.48486951415182744
25930,LOF,0.052997002142949536,0.12324148834269547,0.823761509514355
25931,LOF,0.02914161099461852,0.12826371864993155,0.8425946703554499
25932,LOF,0.052997002142949536,0.12324148834269547,0.823761509514355
25933,LOF,0.052997002142949536,0.12324148834269547,0.823761509514355
25934,LOF,0.052997002142949536,0.12324148834269547,0.823761509514355
25935,LOF,0.03446460051227218,0.14950752832290348,0.8160278711648243
25936,LOF,0.052997002142949536,0.12324148834269547,0.823761509514355
25937,LOF,0.0354377777256135,0.13472160603941752,0.8298406162349691
25938,LOF,0.04962327577153617,0.1969208417714752,0.7534558824569886
25939,LOF,0.052997002142949536,0.12324148834269547,0.823761509514355
25940,GOF,0.01513183440134505,0.73509085507167,0.2497773105269848
25941,LOF,0.19633394847326352,0.22804122910582103,0.5756248224209154
25942,LOF,0.029908814174556975,0.05373824165464198,0.9163529441708009
25943,LOF,0.2827494674433489,0.057494188923444,0.6597563436332071
25944,LOF,0.3987046168930334,0.07253542345811981,0.5287599596488468
25945,LOF,0.1899687175303546,0.17235608439701633,0.6376751980726291
25946,LOF,0.023129887168459217,0.04916886841383654,0.9277012444177042
25947,LOF,0.06662489613993999,0.32503846227085187,0.6083366415892081
25948,LOF,0.3398113899965353,0.022776269580585175,0.6374123404228795
25949,LOF,0.09292842376162165,0.06910969822233011,0.8379618780160482
25950,LOF,0.3599996458035659,0.1669268443480409,0.4730735098483931
25951,GOF,0.15428147747292534,0.6307371222072099,0.21498140031986476
25952,GOF,0.04412518743944708,0.5081633076349242,0.4477115049256286
25953,GOF,0.15599792519990946,0.5396692797171341,0.3043327950829566
25954,GOF,0.412827179994268,0.471012745842791,0.11616007416294086
25955,LOF,0.06988101966171746,0.19657911975254025,0.7335398605857423
25956,LOF,0.09435839818695392,0.31809186060402417,0.5875497412090218
25957,LOF,0.04979752780395545,0.15243394950692982,0.7977685226891147
25958,LOF,0.0905391704137775,0.05894361230078584,0.8505172172854366
25959,LOF,0.12890058693742484,0.22020217198523795,0.6508972410773373
25960,LOF,0.03488399648929965,0.12648461761202381,0.8386313858986766
25961,LOF,0.0905391704137775,0.05894361230078584,0.8505172172854366
25962,LOF,0.040757229736729274,0.17375155546273946,0.7854912148005312
25963,LOF,0.0373367750425564,0.4049636924997942,0.5576995324576494
25964,LOF,0.052997002142949536,0.12324148834269547,0.823761509514355
25965,Neutral,0.7016164635227211,0.10536364181717772,0.19301989466010117
25966,LOF,0.07541929031110915,0.45992725707397336,0.4646534526149176
25967,LOF,0.02222441221855579,0.4430861554816489,0.5346894322997952
25968,GOF,0.07812061020384006,0.6941627933542815,0.22771659644187836
25969,LOF,0.029400243068783388,0.10739518692870437,0.8632045700025122
25970,LOF,0.031974393988743924,0.08692801266931212,0.8810975933419438
25971,LOF,0.07923351405207005,0.06837704417810261,0.8523894417698274
25972,LOF,0.07923351405207005,0.06837704417810261,0.8523894417698274
25973,LOF,0.1164243065445367,0.08502965737480679,0.7985460360806564
25974,Neutral,0.660895986241224,0.14989706656330573,0.18920694719547024
25975,LOF,0.07234611856675366,0.1289455587147898,0.7987083227184566
25976,LOF,0.029429174181140254,0.16504483195274924,0.8055259938661105
25977,LOF,0.029329842351361487,0.4122663735726352,0.5584037840760033
25978,LOF,0.27181001787830517,0.06670624276441636,0.6614837393572786
25979,LOF,0.22644167057808814,0.07465280706736958,0.6989055223545422
25980,LOF,0.21700837499757605,0.19414458343331487,0.588847041569109
25981,LOF,0.21700837499757605,0.19414458343331487,0.588847041569109
25982,LOF,0.4254953030307586,0.05441127675434291,0.5200934202148985
25983,Neutral,0.5176924590579353,0.0815012385351175,0.4008063024069472
25984,LOF,0.038328798165130226,0.2791768927828236,0.6824943090520462
25985,GOF,0.022178333046705634,0.6710055193460558,0.30681614760723874
25986,GOF,0.04009914580974701,0.6788823530078064,0.2810185011824467
25987,LOF,0.07952833846960096,0.23339345963606212,0.6870782018943369
25988,LOF,0.038328798165130226,0.2791768927828236,0.6824943090520462
25989,LOF,0.038328798165130226,0.2791768927828236,0.6824943090520462
25990,LOF,0.038328798165130226,0.2791768927828236,0.6824943090520462
25991,GOF,0.25333052649114673,0.4105561877288166,0.33611328578003674
25992,Neutral,0.4129501127174727,0.26853372539593706,0.3185161618865904
25993,LOF,0.05172735760111026,0.17366891042432245,0.7746037319745672
25994,LOF,0.05172735760111026,0.17366891042432245,0.7746037319745672
25995,LOF,0.05172735760111026,0.17366891042432245,0.7746037319745672
25996,LOF,0.11807075251339279,0.4031114687807619,0.47881777870584524
25997,GOF,0.12754959767622562,0.6372475208070251,0.23520288151674926
25998,Neutral,0.5183174694684445,0.05070751726472875,0.4309750132668268
25999,GOF,0.1911690020605232,0.4826428346770065,0.32618816326247024
26000,LOF,0.06931238673760072,0.14872216700827828,0.781965446254121
26001,GOF,0.07728654846538985,0.4777897403098017,0.4449237112248084
26002,LOF,0.05305441566153263,0.2902615382537413,0.6566840460847261
26003,GOF,0.010277514592512783,0.6733540796773373,0.3163684057301499
26004,GOF,0.01666807675763949,0.6603506580818396,0.322981265160521
26005,GOF,0.010212740579030868,0.6189390573019327,0.3708482021190365
26006,Neutral,0.5165109739775559,0.24686223483056063,0.23662679119188343
26007,GOF,0.01829551078723225,0.7239301973985274,0.2577742918142405
26008,GOF,0.016400564745697257,0.6159435732998862,0.36765586195441663
26009,GOF,0.03294907819113291,0.7507789472403616,0.21627197456850558
26010,GOF,0.014769350734899375,0.7567092847904586,0.22852136447464205
26011,GOF,0.010385810301900748,0.6502377456149318,0.3393764440831676
26012,GOF,0.015491625297838386,0.7095330035321203,0.2749753711700412
26013,GOF,0.012920545212986492,0.7203017919596333,0.2667776628273803
26014,LOF,0.05630163002192601,0.28341653613924006,0.6602818338388339
26015,LOF,0.1808933230187525,0.04339629645018449,0.7757103805310629
26016,LOF,0.3274664773681234,0.14350908322189312,0.5290244394099834
26017,LOF,0.23817010301800104,0.21315785054790828,0.5486720464340906
26018,LOF,0.09307760964216448,0.05632289338704779,0.8505994969707876
26019,LOF,0.09307760964216448,0.05632289338704779,0.8505994969707876
26020,LOF,0.10788211484329646,0.3401670817027346,0.5519508034539689
26021,LOF,0.07649931772007323,0.44028178149223535,0.4832189007876913
26022,LOF,0.024068063896027742,0.13025700097141987,0.8456749351325524
26023,LOF,0.1968614816505424,0.16050114034989194,0.6426373779995657
26024,LOF,0.040968751212737534,0.24485572866953717,0.7141755201177253
26025,LOF,0.2888552842816314,0.16232594730369235,0.5488187684146763
26026,Neutral,0.4998540857201983,0.036956815474336206,0.46318909880546544
26027,LOF,0.09307760964216448,0.05632289338704779,0.8505994969707876
26028,LOF,0.3312318119866336,0.08314703074204033,0.585621157271326
26029,GOF,0.04662891658013835,0.5615294663244806,0.39184161709538107
26030,LOF,0.027304694839824683,0.08832911338027899,0.8843661917798963
26031,LOF,0.01747351408607147,0.33532362200378846,0.6472028639101399
26032,LOF,0.05528523768507541,0.15013535845904685,0.7945794038558778
26033,LOF,0.1871721854765007,0.35163308056466347,0.4611947339588359
26034,LOF,0.023643262907598318,0.3062947506932388,0.6700619863991629
26035,LOF,0.02008363449373131,0.3811600155356322,0.5987563499706364
26036,LOF,0.02236514393104502,0.30913837193162325,0.6684964841373318
26037,LOF,0.015261327666276506,0.2587192776982918,0.7260193946354317
26038,LOF,0.05528523768507541,0.15013535845904685,0.7945794038558778
26039,LOF,0.03514931912311831,0.32961243346731006,0.6352382474095717
26040,GOF,0.2621207979788076,0.5283917464467192,0.2094874555744733
26041,LOF,0.015793732967800515,0.22974956377352468,0.7544567032586748
26042,LOF,0.014484592751853403,0.2510651981689702,0.7344502090791765
26043,LOF,0.05528523768507541,0.15013535845904685,0.7945794038558778
26044,LOF,0.028958544151940095,0.1359242395622792,0.8351172162857806
26045,LOF,0.04201676432038707,0.29252384156094524,0.6654593941186677
26046,LOF,0.05528523768507541,0.15013535845904685,0.7945794038558778
26047,LOF,0.05528523768507541,0.15013535845904685,0.7945794038558778
26048,LOF,0.06434470473232416,0.1233909143919522,0.8122643808757236
26049,Neutral,0.9057913419152077,0.04423932159673975,0.049969336488052345
26050,Neutral,0.8917720987712406,0.04718551076398618,0.06104239046477321
26051,GOF,0.01930986373424714,0.7194655513904944,0.2612245848752584
26052,GOF,0.01896765990630814,0.7613330062401351,0.2196993338535566
26053,LOF,0.06339884302466088,0.15832767363187078,0.7782734833434684
26054,LOF,0.0681460652415398,0.04400434569311487,0.8878495890653453
26055,LOF,0.08223665094330888,0.03755983268493244,0.8802035163717588
26056,LOF,0.057619952036376224,0.04045000037897008,0.9019300475846537
26057,LOF,0.07823411916371303,0.11590805893928884,0.8058578218969982
26058,LOF,0.07823411916371303,0.11590805893928884,0.8058578218969982
26059,Neutral,0.6778173304383316,0.07461962685892037,0.247563042702748
26060,GOF,0.2801396736490709,0.4152832082409338,0.3045771181099954
26061,LOF,0.04615073785951403,0.04465536214136914,0.9091938999991168
26062,LOF,0.03424415789228281,0.036837557866117164,0.9289182842416
26063,LOF,0.07823411916371303,0.11590805893928884,0.8058578218969982
26064,LOF,0.04698304256619556,0.028555617882318602,0.9244613395514858
26065,LOF,0.07823411916371303,0.11590805893928884,0.8058578218969982
26066,LOF,0.07823411916371303,0.11590805893928884,0.8058578218969982
26067,LOF,0.07823411916371303,0.11590805893928884,0.8058578218969982
26068,LOF,0.08427021938997746,0.031351361777533865,0.8843784188324887
26069,LOF,0.2739431781984088,0.04395698785066356,0.6820998339509275
26070,Neutral,0.6394360690872433,0.02388919675499742,0.3366747341577594
26071,LOF,0.07823411916371303,0.11590805893928884,0.8058578218969982
26072,LOF,0.03237549034389869,0.0709120020182259,0.8967125076378755
26073,LOF,0.07823411916371303,0.11590805893928884,0.8058578218969982
26074,Neutral,0.9401157064689861,0.01978140660047063,0.04010288693054332
26075,LOF,0.07270133278346895,0.06268351756560915,0.8646151496509218
26076,LOF,0.07823411916371303,0.11590805893928884,0.8058578218969982
26077,LOF,0.035277424492120395,0.09198558423619639,0.8727369912716832
26078,LOF,0.03154007360035698,0.07050262438356912,0.8979573020160739
26079,LOF,0.059055862428841435,0.0408454542742396,0.9000986832969189
26080,LOF,0.059055862428841435,0.0408454542742396,0.9000986832969189
26081,LOF,0.07823411916371303,0.11590805893928884,0.8058578218969982
26082,LOF,0.032741509112481214,0.04273014828476316,0.9245283426027556
26083,LOF,0.07823411916371303,0.11590805893928884,0.8058578218969982
26084,LOF,0.07823411916371303,0.11590805893928884,0.8058578218969982
26085,LOF,0.07823411916371303,0.11590805893928884,0.8058578218969982
26086,LOF,0.07823411916371303,0.11590805893928884,0.8058578218969982
26087,LOF,0.07823411916371303,0.11590805893928884,0.8058578218969982
26088,LOF,0.03939620302727834,0.08111349456819357,0.8794903024045282
26089,LOF,0.06886773659673892,0.028642829702063864,0.9024894337011973
26090,LOF,0.06159658455194109,0.026314676956282094,0.9120887384917769
26091,LOF,0.07823411916371303,0.11590805893928884,0.8058578218969982
26092,LOF,0.07823411916371303,0.11590805893928884,0.8058578218969982
26093,LOF,0.07823411916371303,0.11590805893928884,0.8058578218969982
26094,LOF,0.07823411916371303,0.11590805893928884,0.8058578218969982
26095,LOF,0.08165930023903516,0.04139397517556199,0.8769467245854028
26096,LOF,0.04417968015448682,0.03565821859478737,0.9201621012507258
26097,LOF,0.03503060377226504,0.06195000687847995,0.903019389349255
26098,LOF,0.06437104978690673,0.022863073798682916,0.9127658764144103
26099,LOF,0.07823411916371303,0.11590805893928884,0.8058578218969982
26100,LOF,0.07823411916371303,0.11590805893928884,0.8058578218969982
26101,LOF,0.07823411916371303,0.11590805893928884,0.8058578218969982
26102,LOF,0.07823411916371303,0.11590805893928884,0.8058578218969982
26103,Neutral,0.7307155717139583,0.0952867391384142,0.1739976891476275
26104,LOF,0.05759375877791127,0.0371893494548783,0.9052168917672104
26105,GOF,0.09291759061096498,0.47643718013976444,0.43064522924927057
26106,LOF,0.13151098267981434,0.21035935238681105,0.6581296649333747
26107,LOF,0.19106738953888167,0.21057523854323715,0.5983573719178813
26108,LOF,0.0728580171475347,0.4135769343759617,0.5135650484765036
26109,LOF,0.08041362121087033,0.07638890428514274,0.843197474503987
26110,LOF,0.2895792560475321,0.025945710700346715,0.6844750332521212
26111,LOF,0.2631221720418196,0.3265410036005862,0.4103368243575942
26112,LOF,0.09338426511011878,0.056652434924330884,0.8499632999655503
26113,LOF,0.09338426511011878,0.056652434924330884,0.8499632999655503
26114,LOF,0.03984438369572525,0.027826373609777192,0.9323292426944976
26115,LOF,0.11156368376205884,0.05771585052519116,0.83072046571275
26116,LOF,0.0724297437073046,0.07249876339133525,0.8550714929013601
26117,LOF,0.14214941524950137,0.19009316916336105,0.6677574155871375
26118,LOF,0.077781577972071,0.08050919691003472,0.8417092251178941
26119,LOF,0.035839377878501534,0.22357966487521275,0.7405809572462858
26120,LOF,0.077781577972071,0.08050919691003472,0.8417092251178941
26121,LOF,0.06024774063347825,0.19342880830433917,0.7463234510621826
26122,LOF,0.07149440269181602,0.21164600848404264,0.7168595888241412
26123,LOF,0.06633984962796302,0.20915992829869998,0.7245002220733371
26124,LOF,0.03489981567815094,0.27211368475514713,0.692986499566702
