feature0,prediction,LoGoFunc_Neutral,LoGoFunc_GOF,LoGoFunc_LOF
25546,Neutral,0.6420412446429618,0.06302869986464607,0.29493005549239215
25547,Neutral,0.49956905748511393,0.10690133514629557,0.3935296073685905
25548,Neutral,0.4928973425431703,0.09346772821722889,0.41363492923960077
25549,LOF,0.4250590932386331,0.09496882077324097,0.4799720859881259
25550,LOF,0.35599928256059316,0.12649936473201462,0.5175013527073922
25551,LOF,0.3106375956348342,0.13979642958631291,0.5495659747788529
25552,LOF,0.2846819218547527,0.13614855611920612,0.5791695220260412
25553,Neutral,0.7934532132983034,0.05211992162077435,0.1544268650809222
25554,LOF,0.3192374114383,0.1261774765903128,0.5545851119713872
25555,LOF,0.27332816426516504,0.11871808227770539,0.6079537534571295
25556,Neutral,0.45391576428844743,0.10651145062298141,0.4395727850885711
25557,LOF,0.26908407990082245,0.12374296868130186,0.6071729514178758
25558,LOF,0.316679153482663,0.1184247369331795,0.5648961095841575
25559,LOF,0.2315102013360008,0.13101508426413716,0.6374747143998621
25560,LOF,0.13112221061495913,0.11785776931146698,0.7510200200735738
25561,LOF,0.13578785384601005,0.16073516295840937,0.7034769831955806
25562,LOF,0.05200592674619734,0.0862718671632377,0.861722206090565
25563,LOF,0.016420795721683024,0.13969730231350325,0.8438819019648137
25564,LOF,0.1192825292080542,0.09745309139390759,0.7832643793980382
25565,LOF,0.200907203770648,0.1483722689792432,0.6507205272501088
25566,GOF,0.06391039843914631,0.6576654860972329,0.27842411546362095
25567,LOF,0.03662610467919333,0.1699730731440472,0.7934008221767593
25568,LOF,0.05933986112022543,0.09419335238691233,0.8464667864928621
25569,LOF,0.06344617814010961,0.08359595269424147,0.852957869165649
25570,LOF,0.029775842049191776,0.1324778874052023,0.8377462705456059
25571,LOF,0.027357491562567386,0.13642727575463784,0.8362152326827947
25572,LOF,0.06578735034828449,0.1427154529407874,0.7914971967109281
25573,LOF,0.061206900606522285,0.1157199783736797,0.823073121019798
25574,LOF,0.06187025872379865,0.2268384022465553,0.7112913390296461
25575,LOF,0.023763169505182424,0.13675357994750373,0.8394832505473138
25576,LOF,0.027632783944277907,0.18202315502235716,0.790344061033365
25577,LOF,0.033436973399202555,0.14439227491855786,0.8221707516822395
25578,LOF,0.2883693126811127,0.11760561922678758,0.5940250680920998
25579,LOF,0.17874702335478007,0.11554160164114831,0.7057113750040717
25580,LOF,0.02225341172430385,0.09721657292023704,0.880530015355459
25581,LOF,0.04881695682059403,0.08567126301516988,0.865511780164236
25582,LOF,0.04857921330086917,0.08361241953993856,0.8678083671591922
25583,LOF,0.025570156189972517,0.11508520656460057,0.8593446372454269
25584,Neutral,0.7040108038632846,0.13549080909376085,0.16049838704295438
25585,LOF,0.020330848385666844,0.18297271510253785,0.7966964365117952
25586,LOF,0.018271750902446343,0.10414069580534319,0.8775875532922105
25587,LOF,0.01881769782464528,0.0864283977777773,0.8947539043975774
25588,LOF,0.022633054716492754,0.0993748898997841,0.8779920553837232
25589,Neutral,0.5126522969049676,0.2514408738024439,0.23590682929258835
25590,LOF,0.04642894905438439,0.14809446336167212,0.8054765875839436
25591,LOF,0.08771685408942227,0.07814632950239579,0.8341368164081818
25592,LOF,0.059660871987677694,0.16737172518797178,0.7729674028243506
25593,LOF,0.11094845561984565,0.29907009552966973,0.5899814488504848
25594,LOF,0.05057108208105274,0.06806931404548856,0.8813596038734587
25595,LOF,0.04903999692913522,0.043508037638126086,0.9074519654327386
25596,LOF,0.12081669891432655,0.022860366737632535,0.856322934348041
25597,LOF,0.0860205995344883,0.030462362744423266,0.8835170377210884
25598,LOF,0.05109322313506219,0.051091833609454476,0.8978149432554833
25599,LOF,0.02294160871129342,0.4162839628212591,0.5607744284674474
25600,GOF,0.18846775398315574,0.4205367024276129,0.39099554358923133
25601,LOF,0.040159784730671326,0.3348465597500881,0.6249936555192406
25602,LOF,0.03181015683057246,0.07795980426292208,0.8902300389065054
25603,LOF,0.039518658318819545,0.051145690429831,0.9093356512513495
25604,LOF,0.04109929625545223,0.08574392489206843,0.8731567788524793
25605,LOF,0.031126912443694647,0.19599710984088495,0.7728759777154205
25606,LOF,0.3900681432844212,0.14074253142499177,0.469189325290587
25607,LOF,0.027143947199808564,0.20320033083169067,0.7696557219685007
25608,LOF,0.04134963786479336,0.10866842003226894,0.8499819421029378
25609,GOF,0.15253052558771943,0.48298049949847444,0.36448897491380616
25610,LOF,0.015339301927759622,0.05065996867866474,0.9340007293935756
25611,LOF,0.013375892752830148,0.059046085807015716,0.9275780214401541
25612,LOF,0.04584139086751725,0.06060702561051923,0.8935515835219635
25613,LOF,0.04586170511605894,0.061118964338989244,0.8930193305449519
25614,LOF,0.024127551045616143,0.046424048145890455,0.9294484008084933
25615,LOF,0.04262417683814882,0.05933824646685672,0.8980375766949945
25616,LOF,0.049423249109411815,0.051440401015504206,0.8991363498750838
25617,LOF,0.04065152334693163,0.06209534455815837,0.8972531320949099
25618,LOF,0.050202510126080145,0.07530138436629917,0.8744961055076207
25619,LOF,0.013154924407018494,0.05778501264443967,0.9290600629485418
25620,LOF,0.0576326665731761,0.06410363448294963,0.8782636989438742
25621,LOF,0.061886476828223895,0.05344202119611664,0.8846715019756594
25622,LOF,0.06366823209660755,0.0643813650635581,0.8719504028398345
25623,LOF,0.06434094024660257,0.044183912399836045,0.8914751473535614
25624,LOF,0.019651813747906633,0.05182586716218268,0.9285223190899106
25625,LOF,0.05956007488786534,0.05833760768388092,0.8821023174282537
25626,LOF,0.04711407773350909,0.05615641034851116,0.8967295119179797
25627,Neutral,0.8883199748997048,0.0192962515541832,0.09238377354611205
25628,LOF,0.1587284200689745,0.05346003309490872,0.7878115468361168
25629,LOF,0.06839732844077502,0.041630560505874395,0.8899721110533506
25630,LOF,0.2686859525220998,0.06094302110212288,0.6703710263757773
25631,Neutral,0.5678846098825514,0.052485480623813904,0.37962990949363484
25632,LOF,0.02448104225916541,0.07687888558484658,0.898640072155988
25633,LOF,0.1914163967204019,0.050544475665843025,0.758039127613755
25634,LOF,0.03780815603443084,0.09406570238856071,0.8681261415770084
25635,LOF,0.03726130711281547,0.04785838608753618,0.9148803067996484
25636,LOF,0.03706887976656366,0.46916833529949525,0.49376278493394116
25637,GOF,0.04876146619844006,0.47965752196223727,0.4715810118393228
25638,LOF,0.02868614985164675,0.37113526499765265,0.6001785851507007
25639,LOF,0.03095046066121126,0.4264823277233068,0.542567211615482
25640,Neutral,0.8457135068582804,0.1007150269481886,0.05357146619353089
25641,LOF,0.08848956430891323,0.4415219145321966,0.46998852115889017
25642,LOF,0.06961370003363711,0.18517790578534618,0.7452083941810167
25643,LOF,0.2504344554439086,0.13876918535295016,0.6107963592031412
25644,LOF,0.01363932726578262,0.491297485318587,0.4950631874156305
25645,LOF,0.017945348885131055,0.4551646761473592,0.5268899749675097
25646,LOF,0.04990338164177765,0.29741586858238905,0.6526807497758333
25647,LOF,0.018630152356846088,0.23045158169520955,0.7509182659479443
25648,LOF,0.019179372691952353,0.2814659035835272,0.6993547237245205
25649,LOF,0.011287057117029379,0.20876043985131532,0.7799525030316554
25650,LOF,0.031976719604616344,0.4386659945753225,0.5293572858200611
25651,LOF,0.012409921431277436,0.2786742521825564,0.7089158263861662
25652,LOF,0.021015274638410998,0.28149480008344874,0.6974899252781404
25653,LOF,0.05192326179072396,0.44842714781597404,0.49964959039330203
25654,LOF,0.014049254750652744,0.2085194155719188,0.7774313296774285
25655,GOF,0.1530412164426375,0.4673138691176076,0.37964491443975495
25656,LOF,0.30912174186387414,0.11474530009113308,0.5761329580449929
25657,LOF,0.050217088297817354,0.11521161886920402,0.8345712928329787
25658,LOF,0.31244343203772995,0.12824144599527845,0.5593151219669915
25659,LOF,0.41511595305657073,0.1375103690352412,0.44737367790818794
25660,LOF,0.024211839499650348,0.10930658327554323,0.8664815772248063
25661,LOF,0.09177797198070985,0.06813414878468654,0.8400878792346036
25662,LOF,0.036089655288914294,0.036874731558114465,0.9270356131529712
25663,LOF,0.04277960145674979,0.04969121757228862,0.9075291809709616
25664,LOF,0.13435368209259244,0.0742789037053467,0.7913674142020609
25665,LOF,0.05955942994729523,0.028498415917875664,0.911942154134829
25666,LOF,0.10017328054318655,0.07210404411559197,0.8277226753412215
25667,LOF,0.07324275737698663,0.05290941738428643,0.873847825238727
25668,LOF,0.03936237630721932,0.05902574351319311,0.9016118801795875
25669,LOF,0.03245551576636273,0.05768721804515324,0.9098572661884841
25670,LOF,0.13011317905929315,0.06433792253706157,0.8055488984036453
25671,LOF,0.11713649250676453,0.04363641253887712,0.8392270949543583
25672,LOF,0.04737531126121481,0.04215044136862677,0.9104742473701584
25673,LOF,0.09075820621225462,0.04878951148792387,0.8604522822998216
25674,LOF,0.07354115546161302,0.060468752655721686,0.8659900918826653
25675,LOF,0.11215833990704566,0.07175944368712199,0.8160822164058323
25676,LOF,0.02035338589082797,0.060304244390358426,0.9193423697188137
25677,LOF,0.02496281248348303,0.07523236092353724,0.8998048265929798
25678,LOF,0.17781326265033867,0.0938250098341196,0.7283617275155416
25679,LOF,0.11788947563600945,0.08989003062913614,0.7922204937348544
25680,LOF,0.03501388647182775,0.1289373499575422,0.8360487635706301
25681,LOF,0.05169983035284334,0.12258461045920213,0.8257155591879545
25682,LOF,0.13733063869210174,0.08845638778456628,0.774212973523332
25683,LOF,0.11494183855970705,0.09608333549164921,0.7889748259486438
25684,LOF,0.041898743146766206,0.07617308451341923,0.8819281723398145
25685,LOF,0.1323774884255778,0.07849043048711528,0.7891320810873069
25686,LOF,0.0803823658768891,0.11590352899822892,0.803714105124882
25687,LOF,0.12658577570648322,0.11765843697977402,0.7557557873137427
25688,LOF,0.4293822021405796,0.04405424100167384,0.5265635568577466
25689,LOF,0.3066636885949571,0.04550461212816918,0.6478316992768737
25690,LOF,0.36731742001926254,0.029979972911495133,0.6027026070692424
25691,Neutral,0.713732957579665,0.030919279809059133,0.25534776261127584
25692,LOF,0.3644397605058072,0.012770322959921584,0.6227899165342712
25693,LOF,0.0420338369579126,0.40786336508634297,0.5501027979557445
25694,LOF,0.12250885474554292,0.018267112092910202,0.8592240331615468
25695,LOF,0.12261845436237645,0.01590974191090561,0.8614718037267179
25696,LOF,0.12060687694947339,0.012513639476272835,0.8668794835742538
25697,LOF,0.08866155654445522,0.07302090533033803,0.8383175381252067
25698,LOF,0.2944385467355128,0.18120519003162927,0.5243562632328579
25699,Neutral,0.5281612879947748,0.032006937717997,0.4398317742872282
25700,LOF,0.0921403919288656,0.008037286851332544,0.8998223212198018
25701,LOF,0.19972793025326688,0.040026595099502495,0.7602454746472307
25702,GOF,0.17685296849247248,0.6377787503506172,0.18536828115691037
25703,LOF,0.015550673131380434,0.16160843832101465,0.822840888547605
25704,LOF,0.039507257372399344,0.14372901840222724,0.8167637242253735
25705,LOF,0.045825876571517765,0.12149558588244634,0.8326785375460359
25706,LOF,0.13174640984191371,0.35695038543244223,0.5113032047256441
25707,LOF,0.08436584641178248,0.31567482763039684,0.5999593259578206
25708,LOF,0.04347701269504773,0.2977102204083727,0.6588127668965796
25709,LOF,0.07277518204951988,0.03828907360065826,0.8889357443498219
25710,LOF,0.012945097383748995,0.10859463977502853,0.8784602628412224
25711,LOF,0.02252517224538481,0.07259207863407394,0.9048827491205412
25712,LOF,0.015792998853226527,0.14359342176075904,0.8406135793860144
25713,LOF,0.02086284124348274,0.07314902937085985,0.9059881293856575
25714,LOF,0.07858738354843565,0.05506667886813671,0.8663459375834276
25715,LOF,0.012699970454092747,0.10350826027893803,0.8837917692669691
25716,LOF,0.010652553375318102,0.09257653700508706,0.8967709096195948
25717,LOF,0.015119334983359206,0.06550812485647348,0.9193725401601672
25718,LOF,0.01239833386290079,0.0663345585498442,0.9212671075872549
25719,LOF,0.02273996703206253,0.059274708047391156,0.9179853249205464
25720,LOF,0.02750453556989413,0.05142582366139346,0.9210696407687123
25721,LOF,0.014859619721928374,0.09628494695612111,0.8888554333219505
25722,LOF,0.015668130799113642,0.08679316316894352,0.8975387060319427
25723,LOF,0.027293697322489218,0.03775774950454967,0.9349485531729611
25724,LOF,0.034529335758614645,0.06133111003960382,0.9041395542017815
25725,LOF,0.013337446524484957,0.05714028092661627,0.9295222725488989
25726,LOF,0.017204102905610953,0.08337068028284851,0.8994252168115406
25727,LOF,0.014005299731119228,0.062381166447925046,0.9236135338209557
25728,LOF,0.011087238687669839,0.0789604293913456,0.9099523319209847
25729,LOF,0.011554639923726935,0.07731408614500254,0.9111312739312706
25730,LOF,0.014824646305813203,0.07603853137565203,0.9091368223185348
25731,LOF,0.021359568315236607,0.07831979660056644,0.9003206350841969
25732,LOF,0.014534088443214912,0.05780817749029728,0.9276577340664878
25733,LOF,0.018810305290301935,0.05121317866175248,0.9299765160479456
25734,LOF,0.012250776755607422,0.09009281734446942,0.8976564058999232
25735,LOF,0.013238982429741643,0.06328541805782693,0.9234755995124314
25736,LOF,0.01390929252008601,0.08274713486622351,0.9033435726136904
25737,LOF,0.012835102362219016,0.07551727243319527,0.9116476252045856
25738,LOF,0.012773164166185786,0.08514863561734382,0.9020782002164704
25739,LOF,0.02287612320130518,0.060681895090189265,0.9164419817085055
25740,LOF,0.030529800829653713,0.0940085882517527,0.8754616109185935
25741,LOF,0.017492273033909524,0.0826107840306054,0.899896942935485
25742,LOF,0.11980105971308849,0.055893482030136436,0.8243054582567751
25743,LOF,0.031752948857007766,0.07588684097852864,0.8923602101644635
25744,Neutral,0.5927364657419106,0.2654080598158303,0.14185547444225893
25745,LOF,0.05647173946792358,0.10107483147921906,0.8424534290528574
25746,LOF,0.036360326174698365,0.14026897965154667,0.823370694173755
25747,LOF,0.020783787566987122,0.10241044423597057,0.8768057681970424
25748,LOF,0.10714830608013441,0.16627324878021507,0.7265784451396505
25749,LOF,0.021909889663971813,0.12052320454389172,0.8575669057921366
25750,LOF,0.06650075969035936,0.12496365555581691,0.8085355847538238
25751,LOF,0.07882788619012819,0.1621010050360396,0.7590711087738322
25752,GOF,0.11469640830606233,0.6358213440309345,0.24948224766300314
25753,LOF,0.025967040315103537,0.30068951516992076,0.6733434445149757
25754,GOF,0.013927782417485416,0.8006983239256342,0.18537389365688028
25755,LOF,0.029216220115411435,0.3793874611254958,0.5913963187590927
25756,LOF,0.0510658828488871,0.33671885811218744,0.6122152590389254
25757,GOF,0.01908889484000881,0.8708373102194158,0.11007379494057543
25758,GOF,0.031616167546594506,0.8022592315854988,0.16612460086790656
25759,GOF,0.011319767085389185,0.6332421856840634,0.35543804723054734
25760,LOF,0.01607573040735394,0.2862838210271646,0.6976404485654815
25761,GOF,0.26748653757834323,0.641458140824714,0.09105532159694278
25762,LOF,0.047755943596496514,0.2677190149213967,0.6845250414821068
25763,LOF,0.016742779575262493,0.21301275657815338,0.7702444638465842
25764,GOF,0.08708309336985415,0.6640408194484533,0.24887608718169255
25765,GOF,0.03959390892055632,0.759612289484034,0.2007938015954095
25766,GOF,0.07156659420417073,0.7752079433435908,0.1532254624522385
25767,GOF,0.1430319501508174,0.5823131474045373,0.27465490244464524
25768,LOF,0.10478413717717824,0.060103964355738684,0.835111898467083
25769,LOF,0.04953408135039501,0.07231859949656869,0.8781473191530362
25770,LOF,0.31363551467418127,0.12417407749928525,0.5621904078265335
25771,LOF,0.04980079443016071,0.054414747999985504,0.8957844575698537
25772,LOF,0.019149117655078297,0.05417006085199687,0.9266808214929249
25773,LOF,0.05133149285485211,0.09579503017116306,0.852873476973985
25774,LOF,0.02580634507650128,0.10764857938288999,0.8665450755406088
25775,LOF,0.056271155864711715,0.058836027051330606,0.8848928170839577
25776,LOF,0.06771752316849143,0.03358167333896635,0.8987008034925421
25777,LOF,0.3354733305280924,0.09402223855855427,0.5705044309133535
25778,LOF,0.06932171448635288,0.050440404365241054,0.8802378811484061
25779,GOF,0.40080589395697,0.5485061781366429,0.05068792790638699
25780,GOF,0.342995059044769,0.566946913313568,0.09005802764166311
25781,GOF,0.13088816951403237,0.7566801585103432,0.11243167197562447
25782,GOF,0.17976707458940236,0.7245634614856964,0.09566946392490128
25783,GOF,0.02348587342574227,0.6227073335721995,0.3538067930020581
25784,Neutral,0.5204541711073505,0.4304321503302512,0.04911367856239833
25785,Neutral,0.4955711416157699,0.4578203352017266,0.04660852318250348
25786,GOF,0.02636778685365139,0.7355538787197088,0.2380783344266398
25787,Neutral,0.6849100789431671,0.2846313432272997,0.030458577829533134
25788,LOF,0.04962539213796045,0.07956787017785356,0.870806737684186
25789,GOF,0.20556401218045425,0.6339437670107375,0.16049222080880823
25790,GOF,0.24722728660757876,0.6497085816057238,0.10306413178669746
25791,GOF,0.13565759534168184,0.6864828452451746,0.1778595594131436
25792,GOF,0.34489450927994525,0.5197205415129856,0.13538494920706923
25793,GOF,0.2727520517990984,0.5027640512498213,0.22448389695108037
25794,GOF,0.32171183775015266,0.4538518538812591,0.22443630836858824
25795,GOF,0.0661063751277625,0.6352218835523215,0.2986717413199159
25796,Neutral,0.5469735654299891,0.36742899868130313,0.08559743588870777
25797,GOF,0.08405115007708004,0.57242237791481,0.3435264720081099
25798,GOF,0.008917697138002716,0.5075192338376509,0.4835630690243465
25799,LOF,0.007158703082898008,0.4184340325198753,0.5744072643972266
25800,GOF,0.030871637100433974,0.5947374740093115,0.3743908888902545
25801,GOF,0.22632225060193106,0.6546508908867448,0.11902685851132408
25802,GOF,0.060697238530384154,0.6900567333032142,0.24924602816640162
25803,GOF,0.036824286419069686,0.5796753623835575,0.38350035119737275
25804,GOF,0.03822696884774007,0.5042018957483195,0.45757113540394034
25805,GOF,0.11314726346743081,0.5649238298841821,0.321928906648387
25806,GOF,0.12381973756052417,0.5701058680824758,0.3060743943570001
25807,GOF,0.020995435895097586,0.6279977431921007,0.35100682091280166
25808,GOF,0.09973072306251253,0.607715327231275,0.2925539497062124
25809,GOF,0.01991292797018444,0.6267406334934169,0.3533464385363986
25810,GOF,0.01906836012997497,0.6257744447444433,0.35515719512558175
25811,Neutral,0.5045310326145891,0.4175419924971143,0.07792697488829661
25812,GOF,0.038855075174353874,0.6118035315056337,0.34934139332001235
25813,Neutral,0.5668344005301935,0.3122647283574706,0.12090087111233588
25814,GOF,0.12499982177903438,0.6314333625730297,0.2435668156479359
25815,GOF,0.21102465431011305,0.5773631581598305,0.21161218753005653
25816,GOF,0.02328144029176368,0.6461801200186613,0.33053843968957514
25817,GOF,0.24409696320726415,0.6019911247951728,0.1539119119975631
25818,GOF,0.05548192906324874,0.5526265226925758,0.39189154824417544
25819,GOF,0.3939023710131337,0.4146301650790006,0.19146746390786568
25820,GOF,0.17979258092461053,0.554496893192691,0.2657105258826985
25821,GOF,0.057820818285896816,0.6115385152660711,0.3306406664480321
25822,GOF,0.21919445691643227,0.4958074555413362,0.28499808754223144
25823,LOF,0.03253390913309254,0.47828037827577197,0.48918571259113547
25824,GOF,0.07754845945765142,0.5105490322696926,0.411902508272656
25825,GOF,0.028942534075948115,0.5127460931781492,0.45831137274590256
25826,GOF,0.011645241579073543,0.4988839105374434,0.489470847883483
25827,GOF,0.02243011200153085,0.5733625206969639,0.40420736730150525
25828,LOF,0.013478163297939669,0.47748099548739603,0.5090408412146643
25829,GOF,0.0063767341170936276,0.5253673673163883,0.46825589856651795
25830,LOF,0.03722706923937003,0.2757766433377613,0.6869962874228687
25831,GOF,0.19051565586171068,0.6556385106877156,0.15384583345057365
25832,GOF,0.03130520307542009,0.6502372608159427,0.3184575361086373
25833,GOF,0.12604451554746315,0.6702317773574342,0.2037237070951026
25834,GOF,0.0368581302174147,0.6515589894645708,0.3115828803180143
25835,GOF,0.08433857004061512,0.6684691024219961,0.2471923275373889
25836,GOF,0.04125284459195909,0.621477782101249,0.3372693733067917
25837,GOF,0.023106048148853225,0.5014679735948209,0.47542597825632593
25838,GOF,0.07304263867881618,0.7187589732830978,0.20819838803808607
25839,GOF,0.2863708705657464,0.5570160637322068,0.15661306570204694
25840,GOF,0.23601408746210883,0.5802636987180415,0.18372221381984974
25841,GOF,0.2327171674951702,0.5717924427616914,0.19549038974313837
25842,GOF,0.2028193381327909,0.6344290870437495,0.1627515748234596
25843,GOF,0.22626698710218532,0.6455136563696469,0.12821935652816774
25844,GOF,0.05453045363536727,0.6358309152658679,0.3096386310987649
25845,LOF,0.013910545447788086,0.4614179049510033,0.5246715496012085
25846,GOF,0.11408537695856226,0.6915665489612014,0.19434807408023627
25847,GOF,0.1257608843325491,0.7235669179054143,0.15067219776203664
25848,GOF,0.03284833208768911,0.6503670792591233,0.31678458865318754
25849,GOF,0.010286965630764146,0.5406644040785813,0.44904863029065456
25850,GOF,0.022244251836435865,0.6380534119772893,0.33970233618627493
25851,GOF,0.016793800414348973,0.5323121412495294,0.4508940583361216
25852,GOF,0.18539770722947532,0.557490086017842,0.25711220675268265
25853,GOF,0.3392257742659057,0.5731807320425545,0.08759349369153978
25854,GOF,0.02055726007292963,0.5890968813264468,0.3903458586006236
25855,GOF,0.03182893378197539,0.536078535164748,0.4320925310532766
25856,GOF,0.22237333838519738,0.4859067275200011,0.29171993409480146
25857,LOF,0.031975391493698664,0.45491732118131356,0.5131072873249879
25858,GOF,0.0169543733328464,0.5147636913756704,0.4682819352914832
25859,GOF,0.010341632350900503,0.49727150057360614,0.49238686707549323
25860,GOF,0.3711150682737898,0.5316277160782646,0.09725721564794554
25861,GOF,0.4168010900919389,0.4971826626591219,0.08601624724893932
25862,GOF,0.08420222488181534,0.7558095556274244,0.1599882194907603
25863,GOF,0.08718491798208995,0.752853706641022,0.15996137537688798
25864,GOF,0.21430062982139472,0.7037360742415001,0.08196329593710516
25865,GOF,0.0877014546686534,0.7799719861385148,0.13232655919283187
25866,GOF,0.05920229584301585,0.77298171733779,0.16781598681919416
25867,GOF,0.08685707333549511,0.7959473759964837,0.11719555066802131
25868,GOF,0.2760749709382958,0.6059149171006007,0.11801011196110348
25869,Neutral,0.705312291597537,0.24984367100619617,0.04484403739626674
25870,LOF,0.3220633883407643,0.2588603096408855,0.41907630201835017
25871,GOF,0.20291242312503255,0.600408190063797,0.19667938681117045
25872,GOF,0.08392611573417452,0.6251075843686624,0.290966299897163
25873,GOF,0.1322594031043049,0.6198023252095824,0.2479382716861126
25874,LOF,0.019985427475289357,0.10808109971676604,0.8719334728079445
25875,LOF,0.09902825461106692,0.03455736312909443,0.8664143822598387
25876,LOF,0.035968837749899354,0.036326513170778646,0.927704649079322
25877,Neutral,0.5269384112904609,0.03762285952588917,0.43543872918364984
25878,LOF,0.23242143152782202,0.07133587194041645,0.6962426965317615
25879,LOF,0.10093244356676184,0.07028013381779495,0.8287874226154432
25880,LOF,0.02620617095535964,0.020307370090801802,0.9534864589538385
25881,LOF,0.17879022458752122,0.13460619751508787,0.6866035778973909
25882,LOF,0.06936342986825406,0.02109426128642246,0.9095423088453235
25883,LOF,0.08085751428903445,0.025713525322987558,0.893428960387978
25884,LOF,0.03768280557839666,0.04005462436776727,0.922262570053836
25885,LOF,0.06354612294345212,0.013955505645320242,0.9224983714112276
25886,LOF,0.33326188122573563,0.046787070536603616,0.6199510482376608
25887,LOF,0.16238343590327065,0.08341204765660107,0.7542045164401283
25888,LOF,0.07000503424940503,0.07193039415496189,0.8580645715956332
25889,LOF,0.04993667841537264,0.028974504056683646,0.9210888175279437
25890,LOF,0.045238126868970996,0.14756687571381225,0.8071949974172168
25891,LOF,0.03687515521576655,0.07838064418571072,0.8847442005985228
25892,LOF,0.10266594655445728,0.01586298492390033,0.8814710685216423
25893,LOF,0.29549585624994307,0.011748106804042478,0.6927560369460144
25894,LOF,0.18674383991831708,0.006538208590906267,0.8067179514907767
25895,LOF,0.20061850314641996,0.015957744107786297,0.7834237527457937
25896,LOF,0.05483933590226714,0.013718923748268773,0.9314417403494641
25897,LOF,0.2769889780001248,0.009731923291726995,0.7132790987081482
25898,Neutral,0.7392982641565544,0.007179379393129039,0.2535223564503166
25899,LOF,0.271714403808686,0.019778864179408776,0.7085067320119053
25900,LOF,0.4493955654755333,0.014231002652666077,0.5363734318718006
25901,LOF,0.0644899386897129,0.008374034432256473,0.9271360268780305
25902,LOF,0.20661531031857489,0.008815749745005172,0.78456893993642
25903,Neutral,0.5472677589743921,0.024142275353375053,0.42858996567223295
25904,LOF,0.31902503887571765,0.030399739212549487,0.6505752219117329
25905,LOF,0.02410020349244306,0.27531233238778385,0.700587464119773
25906,LOF,0.02399134237678798,0.05837894899575094,0.9176297086274612
25907,LOF,0.016124559452695936,0.3015469566257081,0.682328483921596
25908,LOF,0.011596621130401455,0.21072984501783815,0.7776735338517603
25909,LOF,0.014520252155812154,0.10906021177412324,0.8764195360700646
25910,LOF,0.048243970277875595,0.09931577153095812,0.8524402581911663
25911,LOF,0.1264736839834678,0.049948322864514824,0.8235779931520173
25912,LOF,0.03757320705705644,0.06603646401347818,0.8963903289294654
25913,LOF,0.2835652655566703,0.029455377311153434,0.6869793571321763
25914,LOF,0.021584667932388456,0.12125901426916816,0.8571563177984434
25915,Neutral,0.40053185384395573,0.32632767017825,0.27314047597779434
25916,LOF,0.059335559288708185,0.36166050308032066,0.5790039376309712
25917,LOF,0.057552692113477695,0.07126453735124685,0.8711827705352755
25918,LOF,0.02894600117491384,0.07349691864820827,0.897557080176878
25919,LOF,0.023911306568277453,0.07519842480170764,0.9008902686300149
25920,GOF,0.08505007156120292,0.5629777781207094,0.35197215031808765
25921,LOF,0.03162530705223401,0.017330188177685744,0.9510445047700803
25922,LOF,0.0453729968633575,0.010991892742173364,0.9436351103944692
25923,LOF,0.4385607410248404,0.013615488288479322,0.5478237706866802
25924,LOF,0.0441681375321071,0.02627651706992139,0.9295553453979715
25925,LOF,0.07836074874726605,0.01908810173207394,0.9025511495206601
25926,LOF,0.05222630893642675,0.01421109628016076,0.9335625947834125
25927,LOF,0.07279063199675702,0.06582878587912898,0.8613805821241141
25928,LOF,0.023925125363023048,0.027251760972754783,0.9488231136642221
25929,Neutral,0.5741471849782347,0.015176297648941761,0.41067651737282346
25930,LOF,0.0652113032809498,0.011795496299662526,0.9229932004193876
25931,LOF,0.03460756529402589,0.015212686430829065,0.950179748275145
25932,LOF,0.03178915307117147,0.012642819363815708,0.9555680275650127
25933,LOF,0.045073010460450244,0.008590536636761141,0.9463364529027887
25934,LOF,0.02781475213462065,0.010290174374805759,0.9618950734905736
25935,LOF,0.07137415579484,0.022552631455489115,0.906073212749671
25936,LOF,0.05544894152242008,0.012817661765583735,0.9317333967119962
25937,LOF,0.03115714867786602,0.021295510093775675,0.9475473412283584
25938,LOF,0.06858559073543817,0.025306408091927534,0.9061080011726343
25939,LOF,0.04402716999714031,0.009053818243586578,0.9469190117592732
25940,LOF,0.030467564058984372,0.3543519401477806,0.615180495793235
25941,LOF,0.19244506696675578,0.08815482382210679,0.7194001092111374
25942,LOF,0.01626661667988327,0.03616871699869285,0.947564666321424
25943,LOF,0.2933336127558113,0.05888985226191068,0.6477765349822778
25944,LOF,0.47590508405078535,0.0358382162928093,0.48825669965640534
25945,LOF,0.08179657328411123,0.024159763821156102,0.8940436628947327
25946,LOF,0.02879949126286037,0.10571081958713147,0.8654896891500081
25947,LOF,0.1236144626699164,0.19735056286206726,0.6790349744680163
25948,LOF,0.4001788154365022,0.016602239531631483,0.5832189450318663
25949,LOF,0.09523470125993383,0.0819826861824309,0.8227826125576352
25950,GOF,0.29685250025675813,0.4139970680769156,0.2891504316663262
25951,LOF,0.25734146514750383,0.2393419201215347,0.5033166147309615
25952,LOF,0.04939178383190489,0.4377561794254784,0.5128520367426167
25953,LOF,0.13367011461846864,0.11283020999654322,0.7534996753849881
25954,Neutral,0.4570733089686223,0.1822731990099487,0.36065349202142893
25955,LOF,0.061044253235323066,0.08424677369634048,0.8547089730683365
25956,LOF,0.21701666074772363,0.08243200606552874,0.7005513331867477
25957,LOF,0.03898880606108166,0.03650629145583192,0.9245049024830865
25958,LOF,0.059749242513512144,0.02697333507852476,0.9132774224079632
25959,LOF,0.06480519141724947,0.31621434739920107,0.6189804611835494
25960,LOF,0.019251131312757658,0.056330598483391864,0.9244182702038506
25961,LOF,0.04984284183343903,0.03345274518716072,0.9167044129794003
25962,LOF,0.05729688495789535,0.03631331014390638,0.9063898048981983
25963,LOF,0.04957392413392795,0.1914738924132836,0.7589521834527884
25964,LOF,0.036460059519193046,0.14879772925811613,0.8147422112226907
25965,LOF,0.4235419400241844,0.07839355526472509,0.4980645047110905
25966,LOF,0.3901932206250382,0.1956829538288738,0.41412382554608795
25967,LOF,0.012043187277135478,0.0906929044399525,0.897263908282912
25968,GOF,0.03503839931938685,0.5232015193551879,0.4417600813254252
25969,LOF,0.02330989178327957,0.07264436005557674,0.9040457481611437
25970,LOF,0.05834461104422127,0.06443799817959811,0.8772173907761807
25971,LOF,0.07828872971324817,0.016024985725405835,0.905686284561346
25972,LOF,0.0855541778172027,0.02303769530368648,0.8914081268791109
25973,LOF,0.10413862886942253,0.005028112723226455,0.8908332584073511
25974,LOF,0.23050101479101542,0.013138714817630672,0.7563602703913539
25975,LOF,0.05830488336005364,0.01832714461406082,0.9233679720258856
25976,LOF,0.05139046848345283,0.01105260210216211,0.937556929414385
25977,LOF,0.14863683413865966,0.0828228055079495,0.7685403603533909
25978,LOF,0.145873942013653,0.04405557165440385,0.8100704863319431
25979,LOF,0.13939278518805898,0.04365258918400193,0.8169546256279391
25980,LOF,0.18707557002186057,0.05640261294830683,0.7565218170298327
25981,LOF,0.22069553732756064,0.054708087617992326,0.724596375054447
25982,LOF,0.40392788791054585,0.03953461512757502,0.556537496961879
25983,LOF,0.3925880433505477,0.040058767601683844,0.5673531890477685
25984,LOF,0.057316234258366454,0.07048261263063826,0.8722011531109953
25985,LOF,0.026313631737312458,0.2870238224830322,0.6866625457796554
25986,LOF,0.039622474308051006,0.3082023949958134,0.6521751306961355
25987,LOF,0.07799578546738421,0.10556207872920771,0.8164421358034081
25988,LOF,0.13228652075182748,0.08300711521813342,0.7847063640300391
25989,LOF,0.03163322988445348,0.15659349049558838,0.811773279619958
25990,LOF,0.04016410584465282,0.1799136859473711,0.7799222082079761
25991,LOF,0.21547776329560944,0.29165708440115323,0.49286515230323724
25992,LOF,0.38355288985381186,0.18155469837720736,0.43489241176898064
25993,LOF,0.02276000723716283,0.08670231597711822,0.8905376767857188
25994,LOF,0.016361921706202962,0.12209143437487772,0.8615466439189192
25995,LOF,0.024500303996885967,0.2297823496404318,0.7457173463626823
25996,GOF,0.24889682767132051,0.524200756914613,0.22690241541406656
25997,GOF,0.101373038620742,0.5115870597822243,0.3870399015970337
25998,Neutral,0.5300268783537768,0.01759950619473774,0.45237361545148547
25999,LOF,0.14411391212295843,0.10499593477061255,0.750890153106429
26000,LOF,0.15280111163079785,0.030011302035768697,0.8171875863334334
26001,LOF,0.1878517451815641,0.033919974847928934,0.778228279970507
26002,LOF,0.1502634315124514,0.02977668523993523,0.8199598832476134
26003,GOF,0.011324309257107723,0.5759037920803806,0.41277189866251174
26004,GOF,0.028733768262706773,0.6366004901106701,0.3346657416266231
26005,LOF,0.008899210320669728,0.45407214258362605,0.5370286470957042
26006,Neutral,0.5252568112141293,0.22759063349576364,0.2471525552901071
26007,GOF,0.02026165103967767,0.5024492893637369,0.4772890595965854
26008,GOF,0.020309931291835174,0.5253833449776203,0.45430672373054454
26009,GOF,0.026850626196720895,0.5645518139738976,0.40859755982938156
26010,GOF,0.028583010720366633,0.5866683198615671,0.38474866941806635
26011,LOF,0.008134123122243715,0.4477674886546965,0.5440983882230598
26012,GOF,0.01761380887535544,0.534638164410526,0.44774802671411856
26013,GOF,0.020696483511789994,0.5885714091633747,0.3907321073248353
26014,LOF,0.046371198314832475,0.13264593961355378,0.8209828620716138
26015,LOF,0.22796782575577207,0.012648671689420268,0.7593835025548077
26016,LOF,0.2621008040991058,0.05528051897361196,0.6826186769272823
26017,LOF,0.23232782433131322,0.09603576012812357,0.6716364155405632
26018,LOF,0.10718731348126341,0.05568877430214006,0.8371239122165964
26019,LOF,0.1000075448516421,0.041093487621753064,0.8588989675266049
26020,LOF,0.06746608579866673,0.121042705155596,0.8114912090457373
26021,LOF,0.05343663895267076,0.144265032025323,0.8022983290220062
26022,LOF,0.012620610138603069,0.06276139962316306,0.9246179902382339
26023,LOF,0.12751817106128652,0.029719799130814992,0.8427620298078985
26024,LOF,0.032048419345632975,0.14028224671769782,0.8276693339366693
26025,LOF,0.14901527356577624,0.1147269016100894,0.7362578248241345
26026,LOF,0.3254237499228049,0.025422329358163027,0.6491539207190321
26027,LOF,0.09599712125618516,0.0241695476130475,0.8798333311307673
26028,LOF,0.15397248081832618,0.09879251280273457,0.7472350063789392
26029,LOF,0.06807784238745583,0.17248054890467984,0.7594416087078643
26030,LOF,0.024505164031960364,0.05734201869189655,0.9181528172761432
26031,LOF,0.02837061013315119,0.13890672041214328,0.8327226694547055
26032,LOF,0.06611548063696965,0.056067372415635745,0.8778171469473945
26033,LOF,0.12278778142553412,0.06256703644757727,0.8146451821268886
26034,LOF,0.044604508811904565,0.1426170415941271,0.8127784495939684
26035,LOF,0.028069647443331475,0.13051734471124865,0.84141300784542
26036,LOF,0.04562818438525051,0.1571796472694765,0.7971921683452731
26037,LOF,0.021989912718382437,0.1136800150769158,0.8643300722047018
26038,LOF,0.062483213859427275,0.05287209282619515,0.8846446933143777
26039,LOF,0.055075315060359294,0.13955334253226181,0.805371342407379
26040,LOF,0.20014948728157633,0.10547710587040918,0.6943734068480145
26041,LOF,0.023008136983282152,0.09914597039558798,0.8778458926211298
26042,LOF,0.022390879066243877,0.10084980205043678,0.8767593188833194
26043,LOF,0.061767678745367025,0.06797625185808345,0.8702560693965495
26044,LOF,0.01980103709962938,0.06514673630455983,0.9150522265958108
26045,LOF,0.0724978014667739,0.08930478293450039,0.8381974155987257
26046,LOF,0.06424130877860587,0.06910587197795255,0.8666528192434416
26047,LOF,0.09112806862362381,0.07720154378653736,0.8316703875898388
26048,LOF,0.04813887392794659,0.050289505928169435,0.901571620143884
26049,Neutral,0.9570187475668773,0.006835425101239621,0.03614582733188309
26050,Neutral,0.9371860739579891,0.00831519402001469,0.05449873202199594
26051,LOF,0.04323610277473623,0.2592407648171874,0.6975231324080764
26052,LOF,0.06544756154532276,0.25230095690195764,0.6822514815527195
26053,LOF,0.055553677464155675,0.12364273909954293,0.8208035834363014
26054,LOF,0.05887336862288608,0.02334400762817896,0.917782623748935
26055,LOF,0.07223093976230978,0.01750809460751715,0.9102609656301731
26056,LOF,0.06029126085111662,0.019561219315843287,0.9201475198330401
26057,LOF,0.03335422756614921,0.011834870426213584,0.9548109020076372
26058,LOF,0.034105139158292316,0.010145491423381635,0.955749369418326
26059,LOF,0.2894489074414275,0.03206366382062217,0.6784874287379504
26060,LOF,0.034487189996271046,0.16715128676913124,0.7983615232345976
26061,LOF,0.020388332709101235,0.011208078637861545,0.9684035886530372
26062,LOF,0.011864440044003357,0.01664077977894892,0.9714947801770478
26063,LOF,0.0227620368101709,0.01308767858432423,0.9641502846055048
26064,LOF,0.024749297544778243,0.017466840677852445,0.9577838617773694
26065,LOF,0.025654588633364794,0.012635991149450736,0.9617094202171844
26066,LOF,0.021638300942901485,0.011051466283389861,0.9673102327737086
26067,LOF,0.028188433738943516,0.008126209135712506,0.963685357125344
26068,LOF,0.04888522628596449,0.0339172487551299,0.9171975249589056
26069,LOF,0.29217637390983087,0.021289379089017735,0.6865342470011514
26070,LOF,0.4194355028994325,0.01652344893500651,0.564041048165561
26071,LOF,0.025279481269799734,0.01337175608939428,0.961348762640806
26072,LOF,0.02414405905509975,0.01582769269040335,0.9600282482544968
26073,LOF,0.026420247204174227,0.012569619576732404,0.9610101332190935
26074,Neutral,0.915076797967757,0.006164459646979747,0.07875874238526315
26075,LOF,0.048687328603837995,0.01506904232616296,0.936243629069999
26076,LOF,0.04483974459878499,0.009141714695645432,0.9460185407055697
26077,LOF,0.009763686757431113,0.016393164737889425,0.9738431485046793
26078,LOF,0.014971334449921945,0.011619773554598471,0.9734088919954795
26079,LOF,0.060489676217163856,0.01802372899385636,0.9214865947889799
26080,LOF,0.05951084105529291,0.018053245173295443,0.9224359137714117
26081,LOF,0.03917576801257001,0.007245097243213671,0.9535791347442163
26082,LOF,0.018104834853927956,0.017154783746751584,0.9647403813993205
26083,LOF,0.13018218206088536,0.014334078635995982,0.8554837393031186
26084,LOF,0.027986165415733604,0.012793818965023563,0.9592200156192429
26085,LOF,0.02356155541931327,0.012323789647974249,0.9641146549327125
26086,LOF,0.02526052700034374,0.011344227608632693,0.9633952453910235
26087,LOF,0.026875577111421457,0.008437504066662327,0.9646869188219162
26088,LOF,0.018220608276970862,0.02261180487516975,0.9591675868478593
26089,LOF,0.04751802545865079,0.025511661495422607,0.9269703130459266
26090,LOF,0.045585350889138426,0.020104496650490807,0.9343101524603707
26091,LOF,0.040998274613500925,0.007086431620629148,0.9519152937658698
26092,LOF,0.02820499109316795,0.008992396604474994,0.962802612302357
26093,LOF,0.04000571497869518,0.007124855313295949,0.9528694297080089
26094,LOF,0.04406966261663987,0.007630885079009356,0.9482994523043508
26095,LOF,0.056829433199348876,0.015706430766966005,0.9274641360336852
26096,LOF,0.022806037495690934,0.011995827123859038,0.9651981353804501
26097,LOF,0.011161871490058374,0.03835338070232497,0.9504847478076166
26098,LOF,0.0715604785364826,0.012431815135383797,0.9160077063281337
26099,LOF,0.02557247762285741,0.014898076941377632,0.959529445435765
26100,LOF,0.027925452888046442,0.01438474919769202,0.9576897979142616
26101,LOF,0.060027457887789716,0.015197184304127144,0.9247753578080831
26102,LOF,0.02747764267131847,0.015289918254972073,0.9572324390737095
26103,Neutral,0.8883637385575753,0.023214582410615355,0.08842167903180932
26104,LOF,0.07128717581031217,0.0329476833748583,0.8957651408148295
26105,LOF,0.22332395386302328,0.28441799008105123,0.4922580560559253
26106,LOF,0.16911838220664224,0.15066887955485933,0.6802127382384985
26107,LOF,0.2469668155694498,0.10368128134737203,0.6493519030831783
26108,LOF,0.2541560350901088,0.12167197293462206,0.6241719919752691
26109,LOF,0.09380345717171411,0.10166158366027615,0.8045349591680098
26110,LOF,0.2278071633588349,0.008597448868000682,0.7635953877731644
26111,LOF,0.44893965685299014,0.02129395818269983,0.52976638496431
26112,LOF,0.03168131464012029,0.008773424785379394,0.9595452605745003
26113,LOF,0.05255540516078054,0.016984930375361834,0.9304596644638576
26114,LOF,0.027378567427903518,0.02091040869995645,0.95171102387214
26115,LOF,0.09560449567377317,0.04788615873405385,0.8565093455921731
26116,LOF,0.06952331465269988,0.047646538954371674,0.8828301463929283
26117,LOF,0.4147259714819059,0.04984511612030234,0.5354289123977918
26118,LOF,0.04158559946202526,0.025267798009750857,0.9331466025282238
26119,LOF,0.024406038570156902,0.038968580970988875,0.9366253804588544
26120,LOF,0.03208555367137832,0.02284410853882926,0.9450703377897925
26121,LOF,0.05381954908369021,0.08185952723472675,0.864320923681583
