feature0,prediction,LoGoFunc_Neutral,LoGoFunc_GOF,LoGoFunc_LOF
25546,Neutral,0.6737130451238346,0.05598223527191448,0.2703047196042509
25547,Neutral,0.49414957852556257,0.09822504096458691,0.40762538050985064
25548,Neutral,0.5055951209102189,0.08070255998781656,0.41370231910196464
25549,LOF,0.41165434506601606,0.08402497559685689,0.5043206793371271
25550,LOF,0.33718381249380225,0.12457173961123147,0.5382444478949663
25551,LOF,0.29341024902830776,0.1333861158397231,0.5732036351319691
25552,LOF,0.2367140109494187,0.12670647316452505,0.6365795158860562
25553,Neutral,0.8167835341728911,0.041986383141176344,0.14123008268593262
25554,LOF,0.2791669093525759,0.1179147612716395,0.6029183293757847
25555,LOF,0.23488273247578798,0.11102917241580516,0.6540880951084069
25556,LOF,0.42178653791909604,0.10042741787004734,0.4777860442108566
25557,LOF,0.22285659716222597,0.11709630680130322,0.6600470960364708
25558,LOF,0.2911601978599689,0.11490242788824818,0.593937374251783
25559,LOF,0.18638172762485342,0.12436874207605461,0.689249530299092
25560,LOF,0.16236261665733107,0.09793974597819252,0.7396976373644764
25561,LOF,0.14845754514908324,0.11957038790693385,0.7319720669439829
25562,LOF,0.07152068835235856,0.0772706631741614,0.8512086484734801
25563,LOF,0.0217316356217709,0.11492842124990399,0.8633399431283251
25564,LOF,0.21669852385471686,0.10960839034004251,0.6736930858052408
25565,LOF,0.24463804776206968,0.12509683897962262,0.6302651132583078
25566,GOF,0.09563822822977726,0.6980977364474372,0.2062640353227856
25567,LOF,0.03683746436349341,0.12239347362018356,0.8407690620163231
25568,LOF,0.05924860669346259,0.06623307924130577,0.8745183140652315
25569,LOF,0.0576679471989558,0.06807736875724037,0.8742546840438038
25570,LOF,0.028368658525545543,0.09153570868810253,0.8800956327863518
25571,LOF,0.027002752230936226,0.09513752268761595,0.8778597250814478
25572,LOF,0.06771087256628358,0.11493254746674388,0.8173565799669725
25573,LOF,0.060431373190928374,0.0792833100313474,0.8602853167777242
25574,LOF,0.05705680834201399,0.1747169436654208,0.7682262479925652
25575,LOF,0.023323239442513563,0.11497505046364725,0.8617017100938392
25576,LOF,0.03546961376209184,0.1472186626906502,0.8173117235472579
25577,LOF,0.032215041567633905,0.11069911769012564,0.8570858407422405
25578,LOF,0.2894647944323146,0.07649459398190267,0.6340406115857827
25579,LOF,0.12918312509617105,0.08349397989981915,0.7873228950040098
25580,LOF,0.01915973780176859,0.07500469443361658,0.9058355677646148
25581,LOF,0.05532103129992006,0.06298255118131972,0.8816964175187602
25582,LOF,0.05539408046039876,0.06219999776837732,0.8824059217712239
25583,LOF,0.020954272201254592,0.07663799853868145,0.902407729260064
25584,Neutral,0.6470288118958154,0.09408035029623135,0.2588908378079532
25585,LOF,0.033306307299170085,0.11915587428198483,0.847537818418845
25586,LOF,0.018795948520979325,0.06657914427219375,0.914624907206827
25587,LOF,0.01798579038298951,0.05839284225353314,0.9236213673634774
25588,LOF,0.021330999160239023,0.06841244972085472,0.9102565511189061
25589,Neutral,0.5030025928086512,0.19286042798630088,0.3041369792050479
25590,LOF,0.052405535023491136,0.09762632021810846,0.8499681447584003
25591,LOF,0.09916484302295688,0.05487404982959831,0.8459611071474447
25592,LOF,0.053708237849292656,0.13098706973629307,0.8153046924144143
25593,LOF,0.1375257361565729,0.2410117999154861,0.621462463927941
25594,LOF,0.04575851748278132,0.11479112861956957,0.8394503538976491
25595,LOF,0.04652003846373136,0.08231094820767354,0.8711690133285951
25596,LOF,0.11213952965801885,0.047995023830026434,0.8398654465119546
25597,LOF,0.0808985153462773,0.060049374289313555,0.8590521103644091
25598,LOF,0.04582623114306769,0.08695282083735631,0.867220948019576
25599,GOF,0.020514323511890174,0.52037434711503,0.45911132937307997
25600,GOF,0.1781354741237562,0.4971281868707998,0.324736339005444
25601,LOF,0.042121170599655006,0.3920203497229052,0.5658584796774399
25602,LOF,0.03414702569616152,0.05205485602175099,0.9137981182820876
25603,LOF,0.0384303616808283,0.02816082715329365,0.933408811165878
25604,LOF,0.03800838927677247,0.05424042365852063,0.9077511870647069
25605,LOF,0.04078582297290285,0.18434802775281378,0.7748661492742834
25606,LOF,0.4225748549701484,0.09949819325425939,0.47792695177559225
25607,LOF,0.02449156092856162,0.16401815876682724,0.8114902803046111
25608,LOF,0.03526032830853988,0.07529240844161371,0.8894472632498465
25609,GOF,0.1550885653096505,0.5215598839336597,0.32335155075668987
25610,LOF,0.015291242767523349,0.028772814902198615,0.9559359423302781
25611,LOF,0.014739689472646327,0.03460465784421384,0.9506556526831398
25612,LOF,0.050267143383301564,0.03924612005402619,0.9104867365626722
25613,LOF,0.046182709783036645,0.03865809842130836,0.915159191795655
25614,LOF,0.021978419576252024,0.027438151395902333,0.9505834290278455
25615,LOF,0.04284752843409976,0.035783028629577746,0.9213694429363225
25616,LOF,0.04575584951815965,0.026495531842394844,0.9277486186394455
25617,LOF,0.04186975406492534,0.03770550907467613,0.9204247368603986
25618,LOF,0.04975078065962392,0.033847639716512244,0.9164015796238637
25619,LOF,0.014813654659070837,0.0301264311303227,0.9550599142106065
25620,LOF,0.06019159852788995,0.04001980777359934,0.8997885936985107
25621,LOF,0.04757180261936715,0.03392873305961871,0.918499464321014
25622,LOF,0.06002270057498337,0.03090196191012185,0.9090753375148948
25623,LOF,0.07129469531700756,0.027758764980635148,0.9009465397023573
25624,LOF,0.01816234764935912,0.0386095602305633,0.9432280921200776
25625,LOF,0.06301223387774459,0.04104321314831789,0.8959445529739376
25626,LOF,0.0476765492376954,0.037044203274934524,0.91527924748737
25627,Neutral,0.8857110276937127,0.023756604931628695,0.0905323673746587
25628,LOF,0.14132017774229172,0.06352835074388646,0.7951514715138217
25629,LOF,0.05381057689625974,0.04749555608053905,0.8986938670232011
25630,LOF,0.2601614954811363,0.0793414970428949,0.6604970074759687
25631,Neutral,0.5215015476945566,0.0671586572033408,0.4113397951021026
25632,LOF,0.02842081822473238,0.06454623242027877,0.9070329493549889
25633,LOF,0.1974737149050629,0.035603644404609426,0.7669226406903277
25634,LOF,0.033611675682627774,0.0748898296999029,0.8914984946174693
25635,LOF,0.03992110117474146,0.04195033048220617,0.9181285683430525
25636,LOF,0.04060605963548408,0.4697375050756792,0.4896564352888369
25637,GOF,0.07388637478441612,0.46382248866812703,0.46229113654745685
25638,LOF,0.044956007306258164,0.2841170235511626,0.6709269691425792
25639,LOF,0.03567432752313785,0.31783598614588765,0.6464896863309745
25640,Neutral,0.8086812400816109,0.14728224541018667,0.04403651450820241
25641,LOF,0.048753295053536955,0.46925458355221755,0.48199212139424547
25642,LOF,0.042780439134182134,0.1648696513269384,0.7923499095388794
25643,LOF,0.22387576428874315,0.15876455354613409,0.6173596821651228
25644,LOF,0.022286525349298845,0.45199803220031426,0.5257154424503869
25645,LOF,0.021709422204080942,0.4085367501473586,0.5697538276485604
25646,LOF,0.050110308491653835,0.3349474689434573,0.6149422225648888
25647,LOF,0.021959932591305707,0.2577269777268787,0.7203130896818156
25648,LOF,0.03143902309375547,0.23440737086716087,0.7341536060390836
25649,LOF,0.01651511182040322,0.228225198536957,0.7552596896426399
25650,LOF,0.05764010786660436,0.4048726195375039,0.5374872725958918
25651,LOF,0.01802949373123631,0.2500399848822756,0.7319305213864882
25652,LOF,0.028752421905638027,0.26160361328960835,0.7096439648047536
25653,LOF,0.08042849663813456,0.38361840311928824,0.5359531002425773
25654,LOF,0.0240627265881271,0.18807667395908323,0.7878605994527896
25655,LOF,0.22199654231782867,0.37687192329600483,0.40113153438616655
25656,LOF,0.2949154435256965,0.04834498443288983,0.6567395720414136
25657,LOF,0.0758110685037569,0.05838985424246727,0.8657990772537758
25658,LOF,0.3913411591141049,0.04713071379650027,0.5615281270893949
25659,Neutral,0.5287866269691192,0.07061957035588816,0.40059380267499267
25660,LOF,0.025648445229420117,0.07499362253600328,0.8993579322345766
25661,LOF,0.09966696565857643,0.055095023513756364,0.8452380108276671
25662,LOF,0.03118142982150534,0.029731276861975086,0.9390872933165195
25663,LOF,0.04134929520770261,0.0433064435218427,0.9153442612704547
25664,LOF,0.1325196258034224,0.05112137425281102,0.8163589999437666
25665,LOF,0.049640092721113645,0.02967964485814735,0.920680262420739
25666,LOF,0.08849051259163702,0.06936910025584203,0.8421403871525209
25667,LOF,0.06487848721330441,0.04048185602298307,0.8946396567637125
25668,LOF,0.03816338602107504,0.04034140156363067,0.9214952124152944
25669,LOF,0.03638159313337344,0.04827925483306021,0.9153391520335664
25670,LOF,0.13476662310283713,0.040989990474655666,0.8242433864225072
25671,LOF,0.09130522365054565,0.02911054682282405,0.8795842295266303
25672,LOF,0.0513402955387381,0.040600169048203266,0.9080595354130586
25673,LOF,0.08043946243738721,0.0385738560877201,0.8809866814748927
25674,LOF,0.07013161418242206,0.05001869394425251,0.8798496918733255
25675,LOF,0.11863841936227133,0.044679633856936976,0.8366819467807917
25676,LOF,0.018437292698070786,0.04484801744265147,0.9367146898592779
25677,LOF,0.026406635594760273,0.05979403095502416,0.9137993334502156
25678,LOF,0.1733301184566766,0.05324341273565857,0.7734264688076649
25679,LOF,0.117397372824845,0.06835760708036447,0.8142450200947905
25680,LOF,0.029943470767741977,0.10491527818481167,0.8651412510474464
25681,LOF,0.04777601067664931,0.09764045449705294,0.8545835348262978
25682,LOF,0.1396437182278831,0.05754008962018725,0.8028161921519296
25683,LOF,0.12096825195329129,0.0685377627638077,0.810493985282901
25684,LOF,0.042411047316730885,0.060918230825438145,0.8966707218578309
25685,LOF,0.12991672300682494,0.051379897045848215,0.8187033799473269
25686,LOF,0.06523625643907331,0.09049664526952458,0.8442670982914021
25687,LOF,0.11603183542448843,0.08221610516122985,0.8017520594142817
25688,LOF,0.28547987926794255,0.03851251859798261,0.6760076021340748
25689,LOF,0.21418837683978031,0.04596966212618881,0.7398419610340309
25690,LOF,0.3490968816428075,0.036059897092060235,0.6148432212651322
25691,Neutral,0.6930527134006335,0.0335182928554031,0.27342899374396346
25692,LOF,0.2880428634836856,0.011285277393726572,0.7006718591225878
25693,LOF,0.043507859023282705,0.46677049021069794,0.48972165076601937
25694,LOF,0.12246352252978228,0.022418403679752952,0.8551180737904648
25695,LOF,0.12104926410956376,0.018635396527660282,0.8603153393627759
25696,LOF,0.11497368990895376,0.010678167259485838,0.8743481428315605
25697,LOF,0.1261101945305902,0.026313627609406077,0.8475761778600038
25698,LOF,0.3293954282986343,0.2715001689126997,0.39910440278866605
25699,LOF,0.4007667223776551,0.04137513548599401,0.557858142136351
25700,LOF,0.051847017384054575,0.010779760426357343,0.9373732221895881
25701,LOF,0.16369491543641873,0.05397505242608036,0.7823300321375009
25702,GOF,0.18560120684369638,0.5275418490157586,0.286856944140545
25703,LOF,0.01619639759196701,0.15265632556547754,0.8311472768425555
25704,LOF,0.051946648147383076,0.11066212013630689,0.83739123171631
25705,LOF,0.05603614301367729,0.20423579604856004,0.7397280609377626
25706,LOF,0.09724109215119608,0.32527711760716815,0.5774817902416357
25707,LOF,0.0891207627790575,0.2671859074782913,0.6436933297426511
25708,LOF,0.03295675725924853,0.24391435938888556,0.7231288833518659
25709,LOF,0.054268989007277266,0.041051122315851264,0.9046798886768714
25710,LOF,0.011564586523539495,0.13261240320465237,0.8558230102718082
25711,LOF,0.019015659560994144,0.09320240026661515,0.8877819401723906
25712,LOF,0.013990624418230475,0.17688865428083897,0.8091207213009306
25713,LOF,0.01844866607483912,0.07824940461096598,0.903301929314195
25714,LOF,0.06867255846857803,0.08142389980774722,0.8499035417236747
25715,LOF,0.010243359789133967,0.14470564629668498,0.845050993914181
25716,LOF,0.013035742877036778,0.11585491873728092,0.8711093383856823
25717,LOF,0.013051738149853614,0.07989243891221809,0.9070558229379284
25718,LOF,0.011997285934248923,0.10007100132209688,0.8879317127436542
25719,LOF,0.01840582734710613,0.0784497604246138,0.9031444122282801
25720,LOF,0.02186655999133726,0.07142866995494383,0.906704770053719
25721,LOF,0.015375742005459787,0.10847599382850087,0.8761482641660394
25722,LOF,0.01317859958166379,0.12552213644691673,0.8612992639714195
25723,LOF,0.02216712226199309,0.04454893727355453,0.9332839404644525
25724,LOF,0.022655154455608062,0.08286930175538626,0.8944755437890057
25725,LOF,0.01141639032676962,0.06946172837828776,0.9191218812949425
25726,LOF,0.014389062065462069,0.09908565028111148,0.8865252876534264
25727,LOF,0.013021198442336552,0.07978390582362112,0.9071948957340422
25728,LOF,0.009575801834707435,0.10507225634292512,0.8853519418223674
25729,LOF,0.00981011723279327,0.1055602474023647,0.884629635364842
25730,LOF,0.01325334984970221,0.07595538387827697,0.9107912662720208
25731,LOF,0.02233146124589308,0.10795444379644792,0.869714094957659
25732,LOF,0.01442361272952474,0.0800795044116017,0.9054968828588734
25733,LOF,0.016367650724028886,0.06803303595417787,0.9155993133217933
25734,LOF,0.01358378073395801,0.1223883821734875,0.8640278370925545
25735,LOF,0.012947568671608555,0.07917166430993591,0.9078807670184555
25736,LOF,0.0134183853352061,0.10364254923877682,0.8829390654260172
25737,LOF,0.01954049211187331,0.08236966601026859,0.898089841877858
25738,LOF,0.013091416604691195,0.1127420234802023,0.8741665599151065
25739,LOF,0.01993202895005617,0.07765530810969933,0.9024126629402444
25740,LOF,0.026436658579526772,0.0959982110856446,0.8775651303348286
25741,LOF,0.015221882647030779,0.10295139207496778,0.8818267252780014
25742,LOF,0.11377073845311787,0.08011776499099964,0.8061114965558824
25743,LOF,0.03704322266596271,0.029620211641409846,0.9333365656926275
25744,Neutral,0.5815338092934705,0.2114218872689839,0.20704430343754557
25745,LOF,0.09003276603747663,0.056808699164212495,0.8531585347983109
25746,LOF,0.045067336285722445,0.06964039445816718,0.8852922692561104
25747,LOF,0.023745831251799826,0.033468300368890196,0.94278586837931
25748,LOF,0.1194820103442739,0.04990383507501757,0.8306141545807086
25749,LOF,0.027702977194458644,0.06758583109191671,0.9047111917136246
25750,LOF,0.09118986348629127,0.06915678085634026,0.8396533556573685
25751,LOF,0.09506508019293337,0.05446012693164055,0.850474792875426
25752,GOF,0.10127270585879332,0.6674628237159491,0.23126447042525752
25753,LOF,0.02045693034638636,0.2539267797850403,0.7256162898685733
25754,GOF,0.010186585256345576,0.7586759212980214,0.23113749344563306
25755,LOF,0.025420945683553912,0.35603485394907314,0.618544200367373
25756,LOF,0.03782364465712043,0.3613970347994694,0.6007793205434103
25757,GOF,0.013471879908304146,0.8245465153083086,0.16198160478338738
25758,GOF,0.02983739932824626,0.8033540902421115,0.16680851042964237
25759,GOF,0.011774316587754324,0.5249183438733434,0.4633073395389023
25760,LOF,0.013392786891630334,0.21500425234526072,0.771602960763109
25761,GOF,0.29637134936932646,0.5893545960234177,0.11427405460725588
25762,LOF,0.0352971868999707,0.2673705148068853,0.697332298293144
25763,LOF,0.013946902973530467,0.1904854286788541,0.7955676683476154
25764,GOF,0.07522906000372508,0.6301331733411886,0.2946377666550865
25765,GOF,0.04521185949178998,0.7243512357414081,0.23043690476680176
25766,GOF,0.060311387131675664,0.7748137398972688,0.16487487297105566
25767,GOF,0.18142219727765083,0.45102188039340735,0.36755592232894185
25768,LOF,0.09309947398107794,0.06266987999818457,0.8442306460207375
25769,LOF,0.0646240262633271,0.05955520418008237,0.8758207695565906
25770,LOF,0.28161080483904055,0.0787005824479126,0.6396886127130469
25771,LOF,0.04142695299119407,0.041495525249965796,0.9170775217588402
25772,LOF,0.01696521918439567,0.030590974045193543,0.9524438067704107
25773,LOF,0.043021442871983714,0.07680057549035749,0.8801779816376587
25774,LOF,0.02681686296653766,0.07035330895262946,0.9028298280808328
25775,LOF,0.04484246718196659,0.043849466508900176,0.9113080663091332
25776,LOF,0.07222264718038011,0.02344892663124923,0.9043284261883706
25777,LOF,0.3415370975410044,0.045370972051929685,0.6130919304070659
25778,LOF,0.06208920807553678,0.04553485879952879,0.8923759331249344
25779,GOF,0.37722827211635834,0.5806037289701388,0.04216799891350298
25780,GOF,0.30405759730290827,0.6324959083458673,0.06344649435122443
25781,GOF,0.1462281309314599,0.7553660332688183,0.09840583579972165
25782,GOF,0.19682568208529383,0.7387515289715901,0.06442278894311614
25783,GOF,0.0305766502041005,0.6438627758483033,0.32556057394759624
25784,Neutral,0.49095540314488423,0.47057643290652906,0.038468163948586695
25785,GOF,0.4025308355016556,0.5600312188701724,0.03743794562817219
25786,GOF,0.02661934751542357,0.7757460322042723,0.19763462028030399
25787,Neutral,0.6566815911038828,0.3187926593138854,0.024525749582231686
25788,LOF,0.04108497999002446,0.09987349522952046,0.8590415247804551
25789,GOF,0.20820410222927432,0.647049185864959,0.1447467119057667
25790,GOF,0.1933143444467832,0.6940015892750475,0.11268406627816936
25791,GOF,0.15480891915454684,0.6619973205881466,0.18319376025730644
25792,GOF,0.32509495415478895,0.5429746342656531,0.131930411579558
25793,GOF,0.2537104082322972,0.5367534264757755,0.20953616529192737
25794,GOF,0.32418513940693056,0.5148094095507473,0.1610054510423222
25795,GOF,0.08107297859751429,0.6899653855380461,0.2289616358644397
25796,Neutral,0.5491285520603546,0.3666746823089304,0.08419676563071496
25797,GOF,0.10163642850897417,0.531662024462859,0.3667015470281669
25798,LOF,0.009590278339483664,0.4932490491937175,0.4971606724667989
25799,LOF,0.006787839996045267,0.3799713986943842,0.6132407613095706
25800,GOF,0.031110149363745232,0.5984660557451971,0.3704237948910578
25801,GOF,0.17303477548952512,0.7055748848057942,0.12139033970468066
25802,GOF,0.07983334605255282,0.6932388737074402,0.22692778024000707
25803,GOF,0.03524140040039797,0.5732514500493985,0.39150714955020344
25804,LOF,0.03146750713582385,0.47437308652172894,0.4941594063424473
25805,GOF,0.10419139637855585,0.5894355027717683,0.30637310084967584
25806,GOF,0.09782651348424128,0.5884606881549795,0.31371279836077925
25807,GOF,0.021831744571593426,0.625708747725673,0.35245950770273354
25808,GOF,0.08932250262404023,0.6316942066798061,0.2789832906961536
25809,GOF,0.01844941853257071,0.5594724576951198,0.42207812377230947
25810,GOF,0.017389890276947442,0.6025339275403753,0.3800761821826773
25811,GOF,0.44886081582292364,0.4680679477113735,0.08307123646570289
25812,GOF,0.03112422494084976,0.6126682628940892,0.3562075121650611
25813,Neutral,0.5200126068910568,0.3804949948764313,0.09949239823251191
25814,GOF,0.11832455270356564,0.6409496912028841,0.2407257560935502
25815,GOF,0.19354499295055252,0.6196242982657486,0.1868307087836989
25816,GOF,0.02341166610441903,0.7054227328245644,0.2711656010710165
25817,GOF,0.2510783839869289,0.6095725363367507,0.13934907967632038
25818,GOF,0.051610463301599456,0.6351451206454857,0.3132444160529148
25819,GOF,0.36715244065912084,0.4958586969363602,0.13698886240451896
25820,GOF,0.18901382781743836,0.5922490248978367,0.2187371472847248
25821,GOF,0.06184574115853471,0.6543794348528169,0.2837748239886483
25822,GOF,0.23255290100550646,0.5496177157940089,0.21782938320048462
25823,GOF,0.0355128682681726,0.5208085393895125,0.4436785923423149
25824,GOF,0.09539173460916343,0.5803388291188663,0.32426943627197025
25825,GOF,0.039836704430710315,0.5765418811617689,0.38362141440752084
25826,GOF,0.01661899473933489,0.555749848344238,0.42763115691642717
25827,GOF,0.024397813856616078,0.5954846288147044,0.38011755732867947
25828,GOF,0.013972696540619264,0.5250295689906522,0.46099773446872855
25829,GOF,0.0061386870749303045,0.5480213329554637,0.44583997996960584
25830,LOF,0.03378309663716405,0.28613908568908386,0.6800778176737521
25831,GOF,0.23250500350736455,0.6514677680549101,0.11602722843772528
25832,GOF,0.028093730110252447,0.7256716380102856,0.24623463187946193
25833,GOF,0.10690341868576879,0.743211711003601,0.14988487031063022
25834,GOF,0.030160867843664122,0.7441960276365255,0.22564310451981043
25835,GOF,0.05835827942505432,0.7782616822491745,0.163380038325771
25836,GOF,0.028053441798299158,0.691208257390037,0.2807383008116638
25837,GOF,0.026009451635635207,0.6208217548025328,0.3531687935618321
25838,GOF,0.08947764219140462,0.7725964092404404,0.13792594856815493
25839,GOF,0.3018546792007007,0.5554358598242058,0.14270946097509354
25840,GOF,0.25275584776520965,0.6051389987600291,0.14210515347476133
25841,GOF,0.24856590861357603,0.6091278222409905,0.14230626914543348
25842,GOF,0.1359076630792422,0.7345873138190049,0.12950502310175294
25843,GOF,0.2039118932056975,0.7062651908866289,0.08982291590767368
25844,GOF,0.05919372127122582,0.7537960443731151,0.18701023435565922
25845,GOF,0.015493920513500627,0.5222873146100032,0.46221876487649616
25846,GOF,0.12079535624484096,0.7462724107089415,0.13293223304621754
25847,GOF,0.08995261771763016,0.8078357532524841,0.10221162902988555
25848,GOF,0.03578839514555619,0.7077297444256381,0.25648186042880566
25849,GOF,0.01021645728754118,0.609720875741738,0.3800626669707207
25850,GOF,0.020072555994212257,0.6587576955162135,0.32116974848957425
25851,GOF,0.016223988590368145,0.5508916993125332,0.4328843120970986
25852,GOF,0.15508118243383573,0.5590348584939469,0.28588395907221753
25853,GOF,0.3291108345535412,0.5884179040508012,0.08247126139565768
25854,GOF,0.022085488823446082,0.620353230442367,0.357561280734187
25855,GOF,0.0350806161426101,0.5442224868274387,0.4206968970299512
25856,GOF,0.23480292661990002,0.5385455453354459,0.2266515280446541
25857,GOF,0.03771424934038846,0.4978887983648673,0.46439695229474415
25858,GOF,0.0216343373888943,0.506998415755101,0.4713672468560046
25859,LOF,0.01129844393877317,0.475061044951521,0.5136405111097059
25860,GOF,0.3712563814786395,0.5458655350571316,0.08287808346422884
25861,GOF,0.44282217833407606,0.4781803996532119,0.0789974220127121
25862,GOF,0.0804841534436386,0.7759711175627343,0.14354472899362702
25863,GOF,0.08797652317468853,0.772399330572426,0.13962414625288536
25864,GOF,0.21000688014288704,0.7186047858159058,0.07138833404120708
25865,GOF,0.08870665657578215,0.7987829867681653,0.11251035665605248
25866,GOF,0.0556043101270403,0.7844739099689952,0.15992177990396436
25867,GOF,0.08283480331102337,0.8136093430976171,0.10355585359135937
25868,GOF,0.27700449262393323,0.6153649256197558,0.10763058175631109
25869,Neutral,0.7220498830420992,0.23234610296536148,0.04560401399253924
25870,GOF,0.2658447269450815,0.3933096148913763,0.3408456581635422
25871,GOF,0.21381525656214403,0.6340482250952668,0.152136518342589
25872,GOF,0.07745810326783917,0.6411864220947624,0.28135547463739846
25873,GOF,0.10766906559657394,0.6806286574180956,0.21170227698533037
25874,LOF,0.01397363887693792,0.10529231160758179,0.8807340495154802
25875,LOF,0.08517549754359553,0.04948747313575292,0.8653370293206516
25876,LOF,0.03316497031215809,0.02841413401341166,0.9384208956744303
25877,Neutral,0.5038050337309727,0.04111955983091904,0.45507540643810823
25878,LOF,0.21145306773774433,0.09691668360022376,0.6916302486620319
25879,LOF,0.08678670867411284,0.09415542104725477,0.8190578702786324
25880,LOF,0.04089015483890487,0.014044699378675524,0.9450651457824197
25881,LOF,0.1695024984622072,0.12342717019241085,0.7070703313453819
25882,LOF,0.06308137861393452,0.016886120039449722,0.9200325013466157
25883,LOF,0.06625826042541941,0.02164221855922274,0.9120995210153577
25884,LOF,0.03136572689340603,0.030542556310174385,0.9380917167964196
25885,LOF,0.0636346999196808,0.01196177006395126,0.924403530016368
25886,LOF,0.2644854217535479,0.04179428756897995,0.6937202906774723
25887,LOF,0.15068223724933358,0.06472575978020796,0.7845920029704585
25888,LOF,0.06420759624512436,0.05843921659030687,0.8773531871645689
25889,LOF,0.04003278795060012,0.02257737830733673,0.9373898337420632
25890,LOF,0.053423071133307284,0.15154099466114934,0.7950359342055433
25891,LOF,0.039866388528047664,0.05483049200604659,0.9053031194659057
25892,LOF,0.0796800298775658,0.025522691352068378,0.8947972787703657
25893,LOF,0.23496853933894013,0.022008444456430368,0.7430230162046295
25894,LOF,0.17306819709561436,0.013927477753427153,0.8130043251509584
25895,LOF,0.18645133969999314,0.025152244632748493,0.7883964156672584
25896,LOF,0.047749671338472056,0.022575721139710497,0.9296746075218175
25897,LOF,0.2599340748908262,0.016839528137595806,0.7232263969715779
25898,Neutral,0.7009474724051363,0.011944360049190281,0.2871081675456734
25899,LOF,0.21008232346409064,0.023107902505853824,0.7668097740300556
25900,LOF,0.45196037984619136,0.0116930442170819,0.5363465759367269
25901,LOF,0.05056320494770842,0.011698429273699924,0.9377383657785916
25902,LOF,0.16395163426186188,0.01526840634244431,0.8207799593956938
25903,Neutral,0.5755338405598133,0.03282077034723031,0.39164538909295654
25904,LOF,0.30553021479799863,0.043025061386408575,0.6514447238155928
25905,LOF,0.025267600201256707,0.3415994777595502,0.6331329220391931
25906,LOF,0.029650919795260508,0.09452777743706224,0.8758213027676772
25907,LOF,0.013511388041218033,0.3293242958222457,0.6571643161365364
25908,LOF,0.009703163080384512,0.25820214705432715,0.7320946898652884
25909,LOF,0.012445172888787154,0.13759767206624024,0.8499571550449726
25910,LOF,0.052611787943021154,0.14359654281440076,0.803791669242578
25911,LOF,0.18433026428727373,0.02858226510154736,0.7870874706111789
25912,LOF,0.04779156284825418,0.05243280988205941,0.8997756272696864
25913,LOF,0.3549575469351252,0.02082627843710674,0.624216174627768
25914,LOF,0.022580809436448416,0.04536169389513269,0.9320574966684189
25915,Neutral,0.5994955391067545,0.1393231996058172,0.26118126128742836
25916,LOF,0.08667861275818187,0.19623364809131413,0.717087739150504
25917,LOF,0.06905405123586725,0.034266798796156774,0.8966791499679759
25918,LOF,0.023625419133293076,0.02675875788314567,0.9496158229835612
25919,LOF,0.021124544784980614,0.028168625206380627,0.9507068300086388
25920,GOF,0.11832762101288141,0.5044966273841177,0.3771757516030009
25921,LOF,0.027466339184183612,0.03363944767366161,0.9388942131421548
25922,LOF,0.03663175179365057,0.02559958597232654,0.937768662234023
25923,Neutral,0.49923509609005023,0.03330863938919729,0.46745626452075245
25924,LOF,0.039583765127405565,0.04382298660452645,0.916593248268068
25925,LOF,0.07999874654773026,0.03633155213409576,0.8836697013181739
25926,LOF,0.05379624058198121,0.03330218723697151,0.9129015721810473
25927,LOF,0.057487938063547614,0.15543758137376204,0.7870744805626905
25928,LOF,0.019717203363047723,0.056402625898519645,0.9238801707384325
25929,Neutral,0.6250383287427943,0.03519921344947746,0.3397624578077282
25930,LOF,0.07522020245243626,0.0299679293473059,0.8948118682002578
25931,LOF,0.02815815291444815,0.035745782208248776,0.9360960648773031
25932,LOF,0.02971055659924044,0.027005858986670538,0.9432835844140891
25933,LOF,0.04136740071867078,0.016926076927356114,0.9417065223539732
25934,LOF,0.025714055827891543,0.018833140587299783,0.9554528035848086
25935,LOF,0.06645582595979845,0.047425058713637114,0.8861191153265645
25936,LOF,0.04630428728240725,0.022758794529330162,0.9309369181882627
25937,LOF,0.029190901818138115,0.03548448037481441,0.9353246178070476
25938,LOF,0.07013211285049739,0.049347484582394754,0.8805204025671078
25939,LOF,0.044782130668723136,0.01818443875486355,0.9370334305764133
25940,LOF,0.037784658725554594,0.3432366602976609,0.6189786809767844
25941,LOF,0.17774826890614379,0.09056808571735527,0.7316836453765009
25942,LOF,0.013962949746538665,0.03314256880559297,0.9528944814478683
25943,LOF,0.31256064702866465,0.05604671175995222,0.6313926412113832
25944,Neutral,0.5080888288876941,0.021565975816814027,0.4703451952954918
25945,LOF,0.08067518652769733,0.018922830497776082,0.9004019829745266
25946,LOF,0.030451719524921858,0.10972248202999896,0.8598257984450791
25947,LOF,0.11664226607400134,0.16427861996751505,0.7190791139584836
25948,LOF,0.35639251788390086,0.00822724713795446,0.6353802349781446
25949,LOF,0.1313141479276384,0.037249852545169757,0.8314359995271918
25950,Neutral,0.3552074124571175,0.3251620526996148,0.3196305348432677
25951,LOF,0.18524271952876187,0.285721819189555,0.5290354612816831
25952,LOF,0.0478472873510605,0.4625183913673854,0.4896343212815541
25953,LOF,0.16366522530596736,0.10316064303812356,0.7331741316559091
25954,Neutral,0.4217581469843591,0.17602984113905296,0.402212011876588
25955,LOF,0.0676180886247297,0.08047510561438306,0.8519068057608872
25956,LOF,0.1704856162715634,0.11524832627528482,0.7142660574531517
25957,LOF,0.034464592614847266,0.028823352033894113,0.9367120553512586
25958,LOF,0.05709656779226722,0.025841880534238183,0.9170615516734947
25959,LOF,0.06439587698592557,0.31283359722168463,0.6227705257923898
25960,LOF,0.01623996883982332,0.04796805509867292,0.9357919760615037
25961,LOF,0.04152866032572696,0.025967427556151963,0.9325039121181211
25962,LOF,0.06004733519814677,0.030217153971386107,0.9097355108304671
25963,LOF,0.044878253297311425,0.2013827065664554,0.7537390401362332
25964,LOF,0.03474550551535212,0.14736493146396232,0.8178895630206856
25965,LOF,0.4438039953400919,0.062140647619572845,0.4940553570403351
25966,Neutral,0.5326670424412216,0.16115501247243905,0.3061779450863393
25967,LOF,0.01714720579279201,0.10315841419006525,0.8796943800171427
25968,LOF,0.03560297286991106,0.37577253514743725,0.5886244919826517
25969,LOF,0.03329182034280014,0.0623660864056272,0.9043420932515727
25970,LOF,0.055980047706384116,0.05718684975850094,0.8868331025351149
25971,LOF,0.06581159546814574,0.021328655486136397,0.912859749045718
25972,LOF,0.07000451907827761,0.032564773299528234,0.8974307076221941
25973,LOF,0.07289645723766203,0.010468848497492736,0.9166346942648453
25974,LOF,0.19483857600259655,0.015065103416518358,0.7900963205808851
25975,LOF,0.04507672178768198,0.029192958760351325,0.9257303194519666
25976,LOF,0.04230302727191719,0.017737286922240886,0.939959685805842
25977,LOF,0.14916885115985365,0.08972935816960302,0.7611017906705433
25978,LOF,0.15061110098920655,0.10520235590241304,0.7441865431083804
25979,LOF,0.1362272514828177,0.1095932186542724,0.7541795298629099
25980,LOF,0.22443174895138907,0.1219055382727248,0.6536627127758861
25981,LOF,0.252177595846916,0.12041564942130878,0.6274067547317751
25982,LOF,0.40951300451061523,0.08192723091361906,0.5085597645757658
25983,LOF,0.3853297101432435,0.08842190565343659,0.5262483842033199
25984,LOF,0.049560306343437464,0.04845373006560199,0.9019859635909606
25985,LOF,0.03600111545223393,0.28173911407133084,0.6822597704764352
25986,LOF,0.0461593591764673,0.32401435378725213,0.6298262870362806
25987,LOF,0.08235996759743353,0.073450311318738,0.8441897210838285
25988,LOF,0.16449474463106992,0.06267405545134798,0.772831199917582
25989,LOF,0.03750528878440663,0.11832958234876084,0.8441651288668326
25990,LOF,0.038995896790130206,0.17216687788033136,0.7888372253295384
25991,LOF,0.12618499066772854,0.21388514604064712,0.6599298632916244
25992,LOF,0.30148081202972793,0.13130604314551267,0.5672131448247595
25993,LOF,0.022858175898043696,0.07659229461511712,0.9005495294868392
25994,LOF,0.017870659883399267,0.07888887258709505,0.9032404675295057
25995,LOF,0.023972089830511023,0.16800001933789394,0.808027890831595
25996,GOF,0.33310678849568803,0.3543341047344077,0.3125591067699043
25997,LOF,0.08212310590831921,0.35302575167295996,0.5648511424187208
25998,Neutral,0.5085726185553847,0.030080707580506204,0.46134667386410905
25999,LOF,0.09094859978401751,0.08884167144510323,0.8202097287708793
26000,LOF,0.13090527456775872,0.0423045059218621,0.8267902195103791
26001,LOF,0.1972616703806242,0.04829255175360528,0.7544457778657705
26002,LOF,0.12309784049806617,0.04000227227531569,0.8368998872266182
26003,GOF,0.010991813642107362,0.5943286222082145,0.3946795641496781
26004,GOF,0.02172682709255075,0.6862332927709488,0.29203988013650045
26005,LOF,0.006816010326797374,0.45000987950915716,0.5431741101640455
26006,Neutral,0.5413430764111166,0.2138522297204582,0.2448046938684252
26007,GOF,0.02223512691717379,0.5188790498900039,0.4588858231928223
26008,GOF,0.017483943399078772,0.6165098895300183,0.3660061670709029
26009,GOF,0.01997344662185128,0.6870810656890566,0.292945487689092
26010,GOF,0.022121154141208285,0.6270156042523745,0.35086324160641713
26011,LOF,0.007070087838382761,0.4277166238149701,0.5652132883466471
26012,GOF,0.01233595771346562,0.5592694140638123,0.428394628222722
26013,GOF,0.017913128691111148,0.6189098144842389,0.36317705682464996
26014,LOF,0.04411682119896523,0.10737769650772061,0.8485054822933142
26015,LOF,0.14115105959770635,0.01636898427546479,0.8424799561268288
26016,LOF,0.18731115087941996,0.05983561266735066,0.7528532364532293
26017,LOF,0.20511117686846125,0.09441079522196225,0.7004780279095765
26018,LOF,0.08128904971813287,0.04273550956757438,0.8759754407142927
26019,LOF,0.07758659065182072,0.034607385004380445,0.8878060243437988
26020,LOF,0.0641017720560938,0.10226650464568726,0.8336317232982189
26021,LOF,0.045218165698291866,0.11165403739902897,0.8431277969026791
26022,LOF,0.010868519200591028,0.04258068928414684,0.9465507915152622
26023,LOF,0.06918194230767473,0.026820651131975237,0.90399740656035
26024,LOF,0.02995407234491006,0.10614796754858795,0.863897960106502
26025,LOF,0.1481859989995373,0.09239289790681408,0.7594211030936486
26026,LOF,0.30622302700753296,0.02980708995173688,0.6639698830407301
26027,LOF,0.06121120237488555,0.020843957728733712,0.9179448398963808
26028,LOF,0.15800888216162245,0.06377078097838014,0.7782203368599973
26029,LOF,0.07268136007358796,0.14862690655617108,0.7786917333702409
26030,LOF,0.022439767310261715,0.034628727157207745,0.9429315055325305
26031,LOF,0.026628776244762974,0.10556976295125507,0.8678014608039819
26032,LOF,0.06673916298725653,0.05127492244715206,0.8819859145655914
26033,LOF,0.08996405163808309,0.0513231500712859,0.8587127982906311
26034,LOF,0.0457946293021042,0.125817629485312,0.8283877412125839
26035,LOF,0.02701079969041819,0.12041166728287603,0.8525775330267057
26036,LOF,0.039384008814399844,0.13864643822433553,0.8219695529612646
26037,LOF,0.022144838654324466,0.10036094878917146,0.8774942125565041
26038,LOF,0.06308147267541349,0.05363143104586147,0.8832870962787249
26039,LOF,0.05260046010274054,0.11970462701978893,0.8276949128774704
26040,LOF,0.20594814892764574,0.09888051416950358,0.6951713369028506
26041,LOF,0.02187782649907039,0.09132816606675644,0.8867940074341731
26042,LOF,0.02069293044956605,0.08573833928158966,0.8935687302688443
26043,LOF,0.06405050565054651,0.06336127163061485,0.8725882227188386
26044,LOF,0.019225709762113827,0.04363447650238332,0.9371398137355028
26045,LOF,0.07650877675804157,0.07753815938765671,0.8459530638543017
26046,LOF,0.058100810581061306,0.05084676872757391,0.8910524206913648
26047,LOF,0.08040309848278965,0.05176726342608044,0.8678296380911299
26048,LOF,0.04816939006114927,0.027362073814619577,0.9244685361242311
26049,Neutral,0.9682241671920179,0.005194832659233391,0.026581000148748753
26050,Neutral,0.9530431710224728,0.006494387989836359,0.040462440987690806
26051,LOF,0.046217538960590616,0.25368636749000867,0.7000960935494007
26052,LOF,0.061939687850945654,0.3020372725911297,0.6360230395579247
26053,LOF,0.059287779984564595,0.15477021592544316,0.7859420040899923
26054,LOF,0.047676148627770504,0.017389018361065375,0.9349348330111642
26055,LOF,0.06455009624410223,0.016321318717218012,0.9191285850386798
26056,LOF,0.05581883987695684,0.018131995087287196,0.9260491650357561
26057,LOF,0.030020166126101196,0.01226214882601462,0.9577176850478842
26058,LOF,0.031107477312051303,0.010015401082138687,0.95887712160581
26059,LOF,0.2680733916505283,0.021173344387873105,0.7107532639615987
26060,LOF,0.044586797540101746,0.17145123248960098,0.7839619699702972
26061,LOF,0.01802880823079004,0.013325792940042389,0.9686453988291676
26062,LOF,0.010106113585728375,0.01810915320924507,0.9717847332050266
26063,LOF,0.020346439309238087,0.010250801079636272,0.9694027596111258
26064,LOF,0.022242706917893325,0.025438903629442268,0.9523183894526643
26065,LOF,0.026134339158491643,0.011244693912412378,0.962620966929096
26066,LOF,0.01972652540933241,0.010793991904646782,0.9694794826860209
26067,LOF,0.027598008313298204,0.008641019493441243,0.9637609721932606
26068,LOF,0.04310434325753589,0.030015107063744606,0.9268805496787196
26069,LOF,0.2716335581586402,0.019193855527237035,0.7091725863141228
26070,LOF,0.41425873885353853,0.015836125159684442,0.5699051359867771
26071,LOF,0.01942515381921993,0.012086691384727365,0.9684881547960527
26072,LOF,0.019347406457018445,0.023092266167202377,0.9575603273757792
26073,LOF,0.019996942912932258,0.014164114086005338,0.9658389430010625
26074,Neutral,0.9167344484279408,0.0058529330870611225,0.0774126184849979
26075,LOF,0.04488197769282222,0.01430303504125215,0.9408149872659256
26076,LOF,0.03742393775842251,0.008917549134550867,0.9536585131070265
26077,LOF,0.009884625750642891,0.014435056884495003,0.975680317364862
26078,LOF,0.014782396961090339,0.013812907620650468,0.9714046954182592
26079,LOF,0.06095235374541375,0.016684518616547225,0.922363127638039
26080,LOF,0.05995461008833351,0.016726056718006737,0.9233193331936598
26081,LOF,0.03628315067973569,0.006751606742263175,0.9569652425780011
26082,LOF,0.013139674494478193,0.014992237707335163,0.9718680877981867
26083,LOF,0.18625271401594623,0.01431545754800197,0.7994318284360518
26084,LOF,0.044922135856219556,0.012098921225670132,0.9429789429181102
26085,LOF,0.03927603168520431,0.011691730824269053,0.9490322374905266
26086,LOF,0.02079063046631459,0.011783258019692976,0.9674261115139924
26087,LOF,0.022576788244299074,0.009111055177707451,0.9683121565779935
26088,LOF,0.017132249582837867,0.024807636990361117,0.958060113426801
26089,LOF,0.03960750803926522,0.021892538926285645,0.9384999530344491
26090,LOF,0.03965905361893686,0.017723515241501352,0.9426174311395618
26091,LOF,0.032472226117654636,0.006814688965293776,0.9607130849170515
26092,LOF,0.02232651325208643,0.008315976551429474,0.9693575101964841
26093,LOF,0.032810355004771634,0.006119420747680849,0.9610702242475476
26094,LOF,0.03406226709004914,0.006316975887975308,0.9596207570219757
26095,LOF,0.03833150331209374,0.014727179236283723,0.9469413174516226
26096,LOF,0.01661591412364947,0.01218461204133238,0.9711994738350181
26097,LOF,0.012441091383302542,0.03782269843473701,0.9497362101819605
26098,LOF,0.07649203325492701,0.011841684344436658,0.9116662824006363
26099,LOF,0.020529275409819157,0.012015178999702815,0.967455545590478
26100,LOF,0.022727485156207358,0.011550355955963904,0.9657221588878289
26101,LOF,0.04420075540127368,0.017376786324920467,0.9384224582738059
26102,LOF,0.020327807119287656,0.013629876169699812,0.9660423167110126
26103,Neutral,0.8810026623858028,0.018575190109636566,0.10042214750456062
26104,LOF,0.07325548568747663,0.023209829687582215,0.9035346846249411
26105,LOF,0.21719369207305775,0.2695045984096591,0.513301709517283
26106,LOF,0.15926422283700323,0.14121383572296883,0.699521941440028
26107,LOF,0.22676727343843384,0.08573990696410105,0.6874928195974651
26108,LOF,0.23969088536327712,0.09055857841025314,0.6697505362264699
26109,LOF,0.07960581097631668,0.06264988000754675,0.8577443090161365
26110,LOF,0.20159605858074822,0.006404509526548065,0.7919994318927037
26111,Neutral,0.518467332411938,0.02492927690684219,0.4566033906812198
26112,LOF,0.03521157645260516,0.006662376375206234,0.9581260471721885
26113,LOF,0.06174465887112799,0.014676944174425516,0.9235783969544465
26114,LOF,0.024636580158777215,0.03179072593858338,0.9435726939026394
26115,LOF,0.08967034026558399,0.05471951887415876,0.8556101408602573
26116,LOF,0.0641014699890044,0.06353359701073596,0.8723649330002597
26117,LOF,0.44820145526788413,0.043848965277748675,0.5079495794543671
26118,LOF,0.03291201362092949,0.022957511225110826,0.9441304751539595
26119,LOF,0.022991293595170995,0.03147564238220574,0.9455330640226232
26120,LOF,0.025393708699076263,0.019234557953764667,0.9553717333471591
26121,LOF,0.04192513237733091,0.0821118972300028,0.8759629703926664
