feature0,prediction,LoGoFunc_Neutral,LoGoFunc_GOF,LoGoFunc_LOF
25546,Neutral,0.6340229059976175,0.06022911891764559,0.30574797508473683
25547,Neutral,0.5001379161148227,0.10349051472101042,0.39637156916416677
25548,Neutral,0.523221961797322,0.09143076574994054,0.3853472724527375
25549,Neutral,0.46669746924581207,0.09035896494296053,0.44294356581122735
25550,LOF,0.4124540338370682,0.0988055796281211,0.48874038653481067
25551,LOF,0.35518982356669715,0.10678616289798015,0.5380240135353227
25552,LOF,0.3260664456887051,0.11851256921088753,0.5554209851004074
25553,Neutral,0.7930071361842781,0.05348780097746265,0.1535050628382592
25554,LOF,0.3507981799993023,0.10726001112522954,0.5419418088754682
25555,LOF,0.30661731436554807,0.11075276030170683,0.582629925332745
25556,Neutral,0.47164146344749636,0.1013912308447488,0.4269673057077547
25557,LOF,0.29162284276986783,0.10820732683000535,0.600169830400127
25558,LOF,0.3471496935501038,0.10202877483266855,0.5508215316172277
25559,LOF,0.2146845663212208,0.06700412882502794,0.7183113048537513
25560,LOF,0.10162738542452668,0.14766651834427433,0.750706096231199
25561,LOF,0.10701717050903231,0.21263716905414695,0.6803456604368208
25562,LOF,0.03962656886920836,0.11355980589620049,0.8468136252345912
25563,LOF,0.008314265271098364,0.17895008664311896,0.8127356480857827
25564,LOF,0.083038408349644,0.12246949057313712,0.7944921010772189
25565,LOF,0.18995806562178172,0.16888290042305842,0.6411590339551598
25566,GOF,0.05904886122068893,0.6927296701405063,0.24822146863880482
25567,LOF,0.04857330445043705,0.16015889570431707,0.791267799845246
25568,LOF,0.06277269000096501,0.09645724366232679,0.8407700663367081
25569,LOF,0.061844739655556646,0.08985248490255834,0.8483027754418849
25570,LOF,0.027914520810767143,0.13074281789527747,0.8413426612939554
25571,LOF,0.02699612928869523,0.13716278703665624,0.8358410836746486
25572,LOF,0.05670163524610465,0.18907000425051343,0.7542283605033819
25573,LOF,0.06292509047539666,0.12491862794072471,0.8121562815838785
25574,LOF,0.0759079856757558,0.25357097538075385,0.6705210389434904
25575,LOF,0.024393556520370934,0.16553224571014677,0.8100741977694823
25576,LOF,0.024974473982763833,0.22410067680954796,0.7509248492076883
25577,LOF,0.02955894852861364,0.17071457982660665,0.7997264716447796
25578,LOF,0.3209560547222022,0.09633308288275176,0.582710862395046
25579,LOF,0.23087661867484738,0.09674162366736502,0.6723817576577875
25580,LOF,0.023900141577610227,0.09058142410955321,0.8855184343128366
25581,LOF,0.050818288056359386,0.10239130148339827,0.8467904104602423
25582,LOF,0.05035812365953365,0.09921495765751112,0.8504269186829553
25583,LOF,0.030771238281818363,0.11001740660757636,0.8592113551106053
25584,Neutral,0.7053684324165519,0.12929801937787827,0.16533354820556986
25585,LOF,0.02118579732903189,0.19143567479644485,0.7873785278745232
25586,LOF,0.020607318006715263,0.11858942659624522,0.8608032553970395
25587,LOF,0.020740859042634705,0.10257896446308121,0.8766801764942841
25588,LOF,0.024672542596013904,0.09604476186343373,0.8792826955405524
25589,Neutral,0.5515225483408601,0.24415785504366916,0.20431959661547083
25590,LOF,0.05328375861741731,0.1401050472063947,0.8066111941761881
25591,LOF,0.08191688645154495,0.09014441964761322,0.8279386939008417
25592,LOF,0.0716872358712959,0.16775072099486374,0.7605620431338403
25593,LOF,0.11855856368847335,0.3080560163637983,0.5733854199477283
25594,LOF,0.05599041311756061,0.034773743328023514,0.9092358435544159
25595,LOF,0.06011335580650123,0.020505350780756385,0.9193812934127424
25596,LOF,0.123312717144742,0.01568933069543235,0.8609979521598257
25597,LOF,0.09366543276450542,0.015205906456016218,0.8911286607794784
25598,LOF,0.05182513462523497,0.023470268606336057,0.924704596768429
25599,LOF,0.025891518480747045,0.39699065988974425,0.5771178216295086
25600,LOF,0.17172352720334166,0.3843091476310598,0.44396732516559856
25601,LOF,0.051054282725850074,0.30274931397217725,0.6461964033019727
25602,LOF,0.03239904179543323,0.07793495713647458,0.8896660010680921
25603,LOF,0.048319618944662225,0.07619308350384454,0.8754872975514932
25604,LOF,0.04358823070641511,0.14699039159123792,0.809421377702347
25605,LOF,0.039819430269368745,0.21489178553764876,0.7452887841929825
25606,Neutral,0.42368586535616626,0.24851993047773724,0.32779420416609645
25607,LOF,0.029523721539999426,0.2677427662165248,0.7027335122434758
25608,LOF,0.0446344187767654,0.12929549603827092,0.8260700851849637
25609,GOF,0.15557355619549065,0.6057832550281546,0.23864318877635474
25610,LOF,0.019503034331693106,0.05638118806973584,0.9241157775985711
25611,LOF,0.014047708033354813,0.05754543068002917,0.9284068612866161
25612,LOF,0.04737142027597022,0.06652439354322218,0.8861041861808076
25613,LOF,0.04763060342993647,0.06098093388710309,0.8913884626829605
25614,LOF,0.02468716140715327,0.04907656283653125,0.9262362757563155
25615,LOF,0.0462563568241114,0.05373534904689023,0.9000082941289983
25616,LOF,0.06756696014386063,0.058139830104462546,0.8742932097516768
25617,LOF,0.04977569512592522,0.06297325832473394,0.8872510465493408
25618,LOF,0.05078582816034734,0.09211019710438699,0.8571039747352658
25619,LOF,0.014764066099955647,0.07374337689663729,0.911492557003407
25620,LOF,0.05712531489983734,0.05837601720440224,0.8844986678957605
25621,LOF,0.06780625106259107,0.04771159908087794,0.8844821498565311
25622,LOF,0.07916933050200425,0.06041582519725868,0.8604148443007371
25623,LOF,0.06447253070243852,0.05683158010312139,0.87869588919444
25624,LOF,0.022063986180644528,0.056757252483916956,0.9211787613354385
25625,LOF,0.06440267063181644,0.05740653506812062,0.8781907943000629
25626,LOF,0.05108857655281995,0.05259536734878201,0.8963160560983982
25627,Neutral,0.8763465225004263,0.02205942333963622,0.10159405415993734
25628,LOF,0.1614717321832742,0.07094734021007063,0.7675809276066551
25629,LOF,0.06348937313591355,0.06607534414375467,0.8704352827203318
25630,LOF,0.2738158588890727,0.08021108954781636,0.6459730515631109
25631,Neutral,0.5524428492053879,0.056090230707393836,0.3914669200872183
25632,LOF,0.029696011557838388,0.1272426361880739,0.8430613522540877
25633,LOF,0.22337766510387463,0.07789503553638934,0.698727299359736
25634,LOF,0.04483165564878163,0.1330048421565659,0.8221635021946524
25635,LOF,0.03734340273768482,0.06271973595875059,0.8999368613035647
25636,GOF,0.03639873782352917,0.5790209896882149,0.3845802724882559
25637,GOF,0.04449217439192636,0.5561366432817383,0.39937118232633534
25638,LOF,0.025163190529343096,0.4809055234999628,0.49393128597069413
25639,LOF,0.03012061244053971,0.4657790972995503,0.50410029025991
25640,Neutral,0.8491699771946488,0.08752559918102092,0.06330442362433024
25641,LOF,0.09829051747842941,0.4284548699140579,0.4732546126075126
25642,LOF,0.09394578492472337,0.17555634184910768,0.7304978732261689
25643,LOF,0.3565345261557468,0.08968899829838733,0.5537764755458658
25644,GOF,0.009857662011521827,0.6421110187568164,0.34803131923166175
25645,GOF,0.010112917467639435,0.5941192075887857,0.3957678749435749
25646,LOF,0.02243228875635466,0.3976422906422981,0.5799254206013472
25647,LOF,0.010238001496428365,0.28321939032927157,0.7065426081743
25648,LOF,0.01135679083781571,0.3892371893796656,0.5994060197825187
25649,LOF,0.0076303937408220765,0.2852499161453783,0.7071196901137996
25650,GOF,0.026224979441094278,0.6079421353291996,0.36583288522970614
25651,LOF,0.009966160010725273,0.39124315511115837,0.5987906848781164
25652,LOF,0.01309007606943937,0.42094466813447196,0.5659652557960886
25653,GOF,0.042252107572399486,0.5913610649936277,0.3663868274339728
25654,LOF,0.011127289630422556,0.28852049060754387,0.7003522197620335
25655,GOF,0.11096339655213101,0.601066106371455,0.2879704970764141
25656,LOF,0.2829244424400829,0.09496874759542705,0.62210680996449
25657,LOF,0.036935366009635574,0.10038891317873945,0.862675720811625
25658,LOF,0.29596751243451386,0.13851743793104812,0.5655150496344381
25659,Neutral,0.4934768812060012,0.14108117627061764,0.3654419425233812
25660,LOF,0.02289283897809515,0.09715329574309003,0.8799538652788149
25661,LOF,0.06417763076288445,0.0643010424336869,0.8715213268034286
25662,LOF,0.027971872640841677,0.03576836267326713,0.9362597646858912
25663,LOF,0.030841096792796605,0.03367688398761288,0.9354820192195905
25664,LOF,0.1056281047473962,0.05084637209402417,0.8435255231585796
25665,LOF,0.06425280902062885,0.030091119301407572,0.9056560716779635
25666,LOF,0.0737004936484819,0.0438004671325892,0.8824990392189289
25667,LOF,0.06370301961535094,0.04027540551577569,0.8960215748688733
25668,LOF,0.029318181300385156,0.050225997793337945,0.920455820906277
25669,LOF,0.021870033926573575,0.04625032871793633,0.9318796373554902
25670,LOF,0.11087439675617512,0.03938921584055487,0.8497363874032701
25671,LOF,0.09863108210142446,0.03499470718811822,0.8663742107104573
25672,LOF,0.05268028112580452,0.04616802038864076,0.9011516984855547
25673,LOF,0.08475635119578094,0.036524528157211314,0.8787191206470076
25674,LOF,0.0836504889300595,0.04835867920846133,0.8679908318614792
25675,LOF,0.08129262361424967,0.06095132584609363,0.8577560505396566
25676,LOF,0.017125444984786967,0.05559789533716905,0.927276659678044
25677,LOF,0.01641433899733981,0.07721947296132049,0.9063661880413396
25678,LOF,0.16763543962875013,0.09666887271027255,0.7356956876609774
25679,LOF,0.10873323695669454,0.08865109837053099,0.8026156646727745
25680,LOF,0.0264577012996577,0.1248129876930245,0.8487293110073177
25681,LOF,0.042968074633286696,0.11157797132951157,0.8454539540372017
25682,LOF,0.11715792824541102,0.06688718919443962,0.8159548825601494
25683,LOF,0.10124486698633618,0.07224247699905112,0.8265126560146127
25684,LOF,0.029123625752836207,0.05376804895040521,0.9171083252967587
25685,LOF,0.12787417656700983,0.08554371924401798,0.7865821041889722
25686,LOF,0.07312727198877185,0.117200855745512,0.8096718722657161
25687,LOF,0.12027875890824757,0.12003151516673223,0.7596897259250202
25688,LOF,0.4279739031386256,0.03409865065898854,0.5379274462023859
25689,LOF,0.2595680861638076,0.04558133353716356,0.6948505802990289
25690,LOF,0.3650836737139745,0.029708843501064144,0.6052074827849614
25691,Neutral,0.6968483961179972,0.030449386888130876,0.272702216993872
25692,LOF,0.3404880116010811,0.013230088859770723,0.646281899539148
25693,GOF,0.036288052110901414,0.5036461932147042,0.4600657546743945
25694,LOF,0.11456671286195637,0.019890620277061736,0.8655426668609818
25695,LOF,0.1042427932632146,0.009653382129543493,0.8861038246072419
25696,LOF,0.1063242646865872,0.01329874137619608,0.8803769939372167
25697,LOF,0.0585473855274701,0.0745823022503179,0.866870312222212
25698,LOF,0.2436719343088176,0.28686860390086777,0.46945946179031456
25699,LOF,0.44622292580644185,0.024023751488293946,0.5297533227052642
25700,LOF,0.06288863931220678,0.008288938360464303,0.9288224223273289
25701,LOF,0.17016326066944437,0.03142679436624258,0.7984099449643131
25702,GOF,0.20986935125606018,0.6384826090831822,0.15164803966075766
25703,LOF,0.01729312813070132,0.16978974515777748,0.8129171267115212
25704,LOF,0.035062235816827866,0.1569889997104974,0.8079487644726748
25705,LOF,0.04418623607682413,0.07648922178379264,0.8793245421393833
25706,LOF,0.10435237670051965,0.41190753747544356,0.4837400858240367
25707,LOF,0.07884087986009139,0.3598332348147613,0.5613258853251474
25708,LOF,0.03787093227626368,0.31761910178805247,0.644509965935684
25709,LOF,0.0822933893806283,0.03303840955150748,0.8846682010678641
25710,LOF,0.014667210421593734,0.12280898966751824,0.8625237999108879
25711,LOF,0.02145751827259473,0.07108141543164603,0.9074610662957593
25712,LOF,0.01774121415292415,0.15457321976540084,0.827685566081675
25713,LOF,0.01783117246256581,0.06752566309798226,0.9146431644394519
25714,LOF,0.08367798126635162,0.04970259564607741,0.866619423087571
25715,LOF,0.010946492363857606,0.10527780320052516,0.8837757044356174
25716,LOF,0.010427406487635064,0.09864689349979706,0.8909257000125679
25717,LOF,0.017383662036549362,0.056529104416442245,0.9260872335470084
25718,LOF,0.011169398618593177,0.04588708625612088,0.942943515125286
25719,LOF,0.02219829399402404,0.06403227580980757,0.9137694301961685
25720,LOF,0.028285535252876776,0.041811599341903906,0.9299028654052194
25721,LOF,0.010918220132920885,0.059346767170466636,0.9297350126966125
25722,LOF,0.012400222623345438,0.05092043539616795,0.9366793419804865
25723,LOF,0.02645047078415087,0.03406230159295377,0.9394872276228954
25724,LOF,0.03043786979173678,0.07131055997560451,0.8982515702326587
25725,LOF,0.011153606872710548,0.06694489995224837,0.921901493175041
25726,LOF,0.016843843367491396,0.0764458457324786,0.9067103109000301
25727,LOF,0.013559124283323213,0.05170786697903077,0.9347330087376461
25728,LOF,0.01007199558494412,0.07161952227503254,0.9183084821400234
25729,LOF,0.01023939944836789,0.07020112116314267,0.9195594793884894
25730,LOF,0.013710427949815166,0.06880928056827469,0.9174802914819101
25731,LOF,0.0213349394574699,0.08383239468243102,0.894832665860099
25732,LOF,0.012836232297440419,0.04554396565161011,0.9416198020509494
25733,LOF,0.014790811144025992,0.055612116367973294,0.9295970724880008
25734,LOF,0.012915313278627693,0.11390324952268384,0.8731814371986886
25735,LOF,0.011045954621856442,0.05584924347378412,0.9331048019043594
25736,LOF,0.012209578799325634,0.0608124611316633,0.9269779600690111
25737,LOF,0.011845236164679692,0.09391243984366174,0.8942423239916586
25738,LOF,0.011986175679990855,0.09603951989478118,0.891974304425228
25739,LOF,0.020942443255197712,0.0648329067851006,0.9142246499597017
25740,LOF,0.03003153550810337,0.11721908295247009,0.8527493815394265
25741,LOF,0.015368289403027492,0.09542632099882442,0.8892053895981481
25742,LOF,0.13277237638188089,0.07131836599358601,0.7959092576245332
25743,LOF,0.042097317186390294,0.05717295924405415,0.9007297235695556
25744,Neutral,0.6632843739049737,0.2145995488757791,0.12211607721924729
25745,LOF,0.056198625339619966,0.07459877040577421,0.8692026042546059
25746,LOF,0.040765692981035176,0.11027013193809806,0.8489641750808669
25747,LOF,0.017832923437326016,0.11838923763694122,0.8637778389257329
25748,LOF,0.11600853823191531,0.18937598924833282,0.6946154725197519
25749,LOF,0.02773817137874452,0.10489782182933734,0.867364006791918
25750,LOF,0.06533624485537122,0.11562915616363297,0.8190345989809958
25751,LOF,0.1150571049337053,0.14514742340626247,0.7397954716600322
25752,GOF,0.1324536654439593,0.6381462024401262,0.2294001321159145
25753,LOF,0.03335632567984531,0.38532188151226,0.5813217928078946
25754,GOF,0.01720641613525451,0.7849034008203167,0.1978901830444288
25755,LOF,0.032925659812524245,0.3612993002389258,0.60577503994855
25756,LOF,0.06373098928867414,0.42731115530665803,0.5089578554046678
25757,GOF,0.018048539817840825,0.8746428450953962,0.10730861508676279
25758,GOF,0.026357890927551263,0.8020750151419751,0.17156709393047362
25759,GOF,0.010781345089456749,0.6681812195451937,0.32103743536534946
25760,LOF,0.017919898502177633,0.37181720911250765,0.6102628923853148
25761,GOF,0.25759388686363227,0.6485941433419059,0.09381196979446177
25762,LOF,0.055563364688554114,0.34723719569329303,0.5971994396181529
25763,LOF,0.016828493802870405,0.24460762835330993,0.7385638778438196
25764,GOF,0.06140078134732839,0.7055817814311987,0.23301743722147297
25765,GOF,0.03278754926478227,0.7678762540797883,0.19933619665542937
25766,GOF,0.07874542495721025,0.7331296289613811,0.18812494608140878
25767,LOF,0.1568368047048286,0.36345391821378714,0.4797092770813842
25768,LOF,0.12268654337199619,0.03617794096609324,0.8411355156619106
25769,LOF,0.05487860130314552,0.06271151415698514,0.8824098845398692
25770,LOF,0.32429342958532986,0.10992432645170079,0.5657822439629693
25771,LOF,0.06862283081571886,0.05329904377205907,0.8780781254122222
25772,LOF,0.019801902838908935,0.04771505391099638,0.9324830432500946
25773,LOF,0.0664487389236993,0.05834809798773401,0.8752031630885666
25774,LOF,0.029965129617661828,0.11761508436120886,0.8524197860211292
25775,LOF,0.06906346130114671,0.05759977759524865,0.8733367611036046
25776,LOF,0.07869803327896786,0.03201039945824432,0.8892915672627878
25777,LOF,0.3478572283546946,0.09253736323409266,0.5596054084112128
25778,LOF,0.07636019353070585,0.046398501655700176,0.8772413048135939
25779,GOF,0.41343432285688747,0.5425069382292663,0.04405873891384619
25780,GOF,0.33128898328898904,0.5868400285567367,0.08187098815427439
25781,GOF,0.13842313664004624,0.7547960183036468,0.10678084505630704
25782,GOF,0.2155207704372582,0.6985906736379519,0.08588855592478987
25783,GOF,0.0284850188982127,0.6635003788703374,0.3080146022314499
25784,Neutral,0.5365798045126092,0.42613059307747797,0.037289602409912755
25785,Neutral,0.5274604916717276,0.41401419513351617,0.05852531319475617
25786,GOF,0.042209176213336225,0.7138763497996644,0.24391447398699928
25787,Neutral,0.6846560124384852,0.2827149233693221,0.03262906419219264
25788,LOF,0.059796660294148166,0.0804092082138987,0.8597941314919532
25789,GOF,0.2147703574594255,0.6368618411090775,0.14836780143149705
25790,GOF,0.28465695533719737,0.6151962028354728,0.10014684182732975
25791,GOF,0.1569494318051984,0.6356196993406119,0.2074308688541897
25792,GOF,0.3619876174403366,0.4822373682961307,0.15577501426353263
25793,GOF,0.271979337465166,0.4664796882032765,0.2615409743315575
25794,GOF,0.3112089758142063,0.4440628820265971,0.24472814215919653
25795,GOF,0.053952046901843326,0.6611040520331133,0.28494390106504336
25796,Neutral,0.5146052605953818,0.4054802245021268,0.0799145149024914
25797,GOF,0.08923586108204623,0.5061030714069288,0.40466106751102504
25798,LOF,0.011781839519988279,0.4852893124244122,0.5029288480555995
25799,LOF,0.009039429367626105,0.42441933598549964,0.5665412346468743
25800,GOF,0.04673606945504905,0.5969132118568695,0.35635071868808144
25801,GOF,0.2719365637058485,0.62316275996575,0.1049006763284015
25802,GOF,0.08516740563899926,0.6085586914406022,0.3062739029203986
25803,GOF,0.053214751030506345,0.5143857949138959,0.4323994540555977
25804,LOF,0.046746347153470084,0.4464113045716985,0.5068423482748314
25805,GOF,0.13802006987331328,0.5258085951471487,0.3361713349795379
25806,GOF,0.13788245827920845,0.5591176773184833,0.3029998644023083
25807,GOF,0.021703079171466712,0.5650997640679567,0.4131971567605766
25808,GOF,0.1268644201782493,0.4942698737424696,0.3788657060792811
25809,GOF,0.021586956814712815,0.557423512532089,0.4209895306531981
25810,GOF,0.023401630613927634,0.5618661225677231,0.41473224681834925
25811,Neutral,0.49016823825490374,0.4287638096221007,0.08106795212299556
25812,GOF,0.0358356356345122,0.5907586308493796,0.3734057335161082
25813,Neutral,0.5538940506501532,0.32279253079659376,0.12331341855325309
25814,GOF,0.12448153159178087,0.6114921640634823,0.2640263043447368
25815,GOF,0.24515772337166253,0.547573353169601,0.20726892345873654
25816,GOF,0.0206079783967213,0.6783042273015933,0.30108779430168536
25817,GOF,0.18786787557396928,0.6820011678351963,0.13013095659083437
25818,GOF,0.041317906824133804,0.5204479306606603,0.4382341625152059
25819,GOF,0.37674903842172475,0.45778205730812555,0.16546890427014954
25820,GOF,0.22692846643354328,0.5508857455550227,0.222185788011434
25821,GOF,0.06073673463455315,0.638670039639966,0.30059322572548075
25822,GOF,0.23959337333522074,0.4933691894974546,0.26703743716732475
25823,LOF,0.03310962314083585,0.4455464201529425,0.5213439567062216
25824,GOF,0.07981420821694328,0.4843429141538008,0.4358428776292559
25825,GOF,0.03190750420859087,0.4915794617293148,0.4765130340620943
25826,LOF,0.011341949828715316,0.46438959507006145,0.5242684551012233
25827,GOF,0.01937328721961051,0.538638131074618,0.4419885817057715
25828,LOF,0.011547852154173532,0.4503758625942517,0.5380762852515748
25829,GOF,0.006114531951282694,0.5193347508739102,0.4745507171748072
25830,LOF,0.039253999435688976,0.24751245015960927,0.7132335504047017
25831,GOF,0.1486374644609138,0.6988284724780282,0.15253406306105807
25832,GOF,0.031083422713660096,0.6580233340390357,0.31089324324730416
25833,GOF,0.11257087085317423,0.6591542926186514,0.22827483652817437
25834,GOF,0.0350163759928985,0.6510426522915902,0.31394097171551133
25835,GOF,0.07992374986322977,0.6088222161829474,0.31125403395382273
25836,GOF,0.046426081266661284,0.6289028071737001,0.32467111155963857
25837,GOF,0.0200787200091561,0.49863973169794185,0.481281548292902
25838,GOF,0.07559506682679078,0.7041305420987042,0.22027439107450497
25839,GOF,0.30864232643083456,0.51528644667715,0.17607122689201543
25840,GOF,0.22941332036870768,0.5525431529461517,0.2180435266851406
25841,GOF,0.23872737390067644,0.5534027567711043,0.2078698693282193
25842,GOF,0.16587405165926522,0.6277278880403216,0.20639806030041302
25843,GOF,0.2074826017337107,0.6361316312304166,0.15638576703587265
25844,GOF,0.05137623223539553,0.6208374985249797,0.32778626923962473
25845,LOF,0.012702410890078368,0.46000203099866116,0.5272955581112605
25846,GOF,0.09788627026817544,0.6833471574158093,0.2187665723160153
25847,GOF,0.12240503341522606,0.718071666373275,0.1595233002114989
25848,GOF,0.03415848360321085,0.6187179641240836,0.3471235522727054
25849,GOF,0.010378791252858708,0.5161625605798678,0.4734586481672736
25850,GOF,0.024453609966374277,0.5726383282815006,0.4029080617521251
25851,LOF,0.019567103169659684,0.47511906426229705,0.5053138325680433
25852,GOF,0.13475119965812166,0.5487783836551311,0.31647041668674725
25853,GOF,0.3183482995628128,0.5952708921786619,0.08638080825852526
25854,GOF,0.016415941222099176,0.6395043868350858,0.34407967194281486
25855,GOF,0.038492819085968154,0.5695572625675273,0.39194991834650456
25856,GOF,0.23231152883422673,0.5423106309894904,0.2253778401762829
25857,GOF,0.03291169622813883,0.4985861088904004,0.4685021948814607
25858,GOF,0.019241965130796287,0.5479878414405325,0.4327701934286714
25859,GOF,0.009602986819887138,0.537996475407181,0.4524005377729319
25860,GOF,0.3231614451933403,0.5648438471530172,0.11199470765364257
25861,GOF,0.3507800371900458,0.5579182381234924,0.0913017246864618
25862,GOF,0.085333824264956,0.7575816973664165,0.1570844783686274
25863,GOF,0.09078364083499432,0.7647580216423542,0.14445833752265144
25864,GOF,0.19442795532344131,0.7107052612380503,0.09486678343850834
25865,GOF,0.08223643944159507,0.7613850870914477,0.15637847346695724
25866,GOF,0.0591128468625746,0.7787083068523587,0.16217884628506674
25867,GOF,0.08117419649357933,0.7863720081880364,0.1324537953183843
25868,GOF,0.2294033762933291,0.6238756441900409,0.14672097951663013
25869,Neutral,0.6678051819884802,0.2865882316659592,0.04560658634556054
25870,LOF,0.3150907719597174,0.2244838893637471,0.46042533867653557
25871,GOF,0.2385321249955567,0.6059239009085696,0.15554397409587364
25872,GOF,0.10543923466671282,0.5888778972203006,0.30568286811298656
25873,GOF,0.1874819099257979,0.5775110260643578,0.2350070640098443
25874,LOF,0.02222202311985105,0.08304099078037915,0.8947369860997698
25875,LOF,0.0891584649753672,0.060892486513899356,0.8499490485107334
25876,LOF,0.023121930721721466,0.06284755794515841,0.9140305113331202
25877,Neutral,0.4932509552477856,0.06852652310738634,0.43822252164482806
25878,LOF,0.2178414235041529,0.11665797997432896,0.6655005965215182
25879,LOF,0.09909114154646409,0.1393122413636006,0.7615966170899353
25880,LOF,0.02247413851926046,0.025728168614367743,0.9517976928663718
25881,LOF,0.17520399444657458,0.2169705695452407,0.6078254360081847
25882,LOF,0.07710988689112847,0.01794996060922432,0.9049401524996473
25883,LOF,0.08269312908459261,0.04066865500792953,0.8766382159074778
25884,LOF,0.04119496631093714,0.04691936641724992,0.9118856672718129
25885,LOF,0.05518957994099533,0.022771273029638227,0.9220391470293664
25886,LOF,0.3834686150099204,0.08977564103657767,0.5267557439535019
25887,LOF,0.16756250858844474,0.12368235402013698,0.7087551373914183
25888,LOF,0.06797675196038942,0.11833525066542391,0.8136879973741866
25889,LOF,0.0455738771920931,0.03692405134340945,0.9175020714644974
25890,LOF,0.05484185941737052,0.1774467227611088,0.7677114178215207
25891,LOF,0.0542066475206974,0.06597646177990875,0.879816890699394
25892,LOF,0.10832394537821567,0.02019584863854235,0.8714802059832419
25893,LOF,0.296309754934407,0.0142673325501485,0.6894229125154445
25894,LOF,0.17466244721844687,0.00752720313014442,0.8178103496514088
25895,LOF,0.21429332763967632,0.017532639309328822,0.768174033050995
25896,LOF,0.047588814282951,0.017504951584132632,0.9349062341329163
25897,LOF,0.24859732525037972,0.012659666412861259,0.7387430083367589
25898,Neutral,0.7453888942319422,0.009210652237112055,0.24540045353094572
25899,LOF,0.30025312760797873,0.02713090461722007,0.6726159677748013
25900,Neutral,0.5097035294200913,0.013993058779009193,0.4763034118008995
25901,LOF,0.055930196294983865,0.009381490738054096,0.9346883129669621
25902,LOF,0.19630067899622214,0.008236321262353668,0.7954629997414242
25903,Neutral,0.5761629391006389,0.02532886512888691,0.39850819577047414
25904,LOF,0.2533308169601355,0.03069056526530073,0.7159786177745638
25905,LOF,0.026174447718010432,0.3226729133333141,0.6511526389486755
25906,LOF,0.027123370462183098,0.07072895655645176,0.9021476729813651
25907,LOF,0.01414861695287186,0.3356855356275952,0.650165847419533
25908,LOF,0.012136761375558447,0.22834168389040058,0.759521554734041
25909,LOF,0.014485148940437792,0.15250216961711316,0.8330126814424491
25910,LOF,0.052963714016963155,0.13460833481475057,0.8124279511682863
25911,LOF,0.11550954694296377,0.04580461549195215,0.8386858375650842
25912,LOF,0.036256356373252134,0.07404082939718953,0.8897028142295584
25913,LOF,0.26825267931252234,0.032071318972551784,0.6996760017149258
25914,LOF,0.027582696304104218,0.10752476460061126,0.8648925390952845
25915,Neutral,0.42599910777269034,0.18688989048472818,0.38711100174258145
25916,LOF,0.07145830068789427,0.22072009029454873,0.707821609017557
25917,LOF,0.06274043269612606,0.04924794838261252,0.8880116189212615
25918,LOF,0.03402479818536944,0.06259246529412915,0.9033827365205013
25919,LOF,0.02952155976809952,0.0679428612941168,0.9025355789377837
25920,GOF,0.1089331466435858,0.560159376904689,0.33090747645172525
25921,LOF,0.0343123503328684,0.037024282537910735,0.9286633671292208
25922,LOF,0.04795532037465816,0.023887081988291314,0.9281575976370505
25923,LOF,0.4148154800351264,0.022012414501679744,0.5631721054631939
25924,LOF,0.042002250702265015,0.03315168821244699,0.9248460610852879
25925,LOF,0.0742072014251499,0.03695301977106174,0.8888397788037884
25926,LOF,0.05319036290357388,0.02512166862856869,0.9216879684678575
25927,LOF,0.0854243770489029,0.06036632360745126,0.8542092993436459
25928,LOF,0.02611993209285298,0.027317087994432367,0.9465629799127148
25929,Neutral,0.5452121670654224,0.025635557968973988,0.4291522749656035
25930,LOF,0.0693695788416144,0.01830887297466073,0.9123215481837249
25931,LOF,0.03282310098886036,0.024072240452103124,0.9431046585590366
25932,LOF,0.03199794635252321,0.019851107025182505,0.9481509466222942
25933,LOF,0.04137090237171068,0.012781769038885692,0.9458473285894036
25934,LOF,0.027356151756247782,0.015450506250589174,0.9571933419931631
25935,LOF,0.06985046347356702,0.034201045544863126,0.8959484909815698
25936,LOF,0.04821776987156285,0.021071767738185566,0.9307104623902516
25937,LOF,0.035606003593023156,0.026687571088686992,0.93770642531829
25938,LOF,0.07052339704154197,0.03676420273617837,0.8927124002222797
25939,LOF,0.043251314896069135,0.014728717679068653,0.9420199674248623
25940,LOF,0.02409664799108978,0.4044274685139068,0.5714758834950034
25941,LOF,0.14102064869010988,0.09076899774934795,0.7682103535605421
25942,LOF,0.013012550266678632,0.03790300238533049,0.9490844473479909
25943,LOF,0.30333228756727515,0.08127033266909327,0.6153973797636316
25944,Neutral,0.5053805678834234,0.04588330483893171,0.44873612727764495
25945,LOF,0.0640241745740133,0.03069120687609714,0.9052846185498895
25946,LOF,0.03701466138659175,0.13698759310384515,0.8259977455095632
25947,LOF,0.11257193102444751,0.2018159896257498,0.6856120793498026
25948,LOF,0.3997926171403829,0.018175114383167185,0.5820322684764498
25949,LOF,0.09495683669879665,0.07166137108530175,0.8333817922159015
25950,GOF,0.23174084091731703,0.48151666580086183,0.28674249328182105
25951,LOF,0.3263544855250932,0.2536694091004124,0.41997610537449437
25952,GOF,0.050834323431551115,0.5266905820767417,0.4224750944917071
25953,LOF,0.14034603516494717,0.11357024461264165,0.7460837202224111
25954,LOF,0.35039547265789467,0.2855778942707861,0.36402663307131927
25955,LOF,0.06057940306312598,0.08326876466776685,0.8561518322691071
25956,LOF,0.20727852464715113,0.05747571291161642,0.7352457624412324
25957,LOF,0.053175603652928026,0.027339745384416816,0.9194846509626552
25958,LOF,0.06325810217714332,0.03488155057944426,0.9018603472434124
25959,LOF,0.06430109695864479,0.4239808643515815,0.5117180386897737
25960,LOF,0.022730955791303877,0.05979639345228586,0.9174726507564102
25961,LOF,0.05131257764840813,0.04435571126361084,0.904331711087981
25962,LOF,0.06936429677746926,0.03857344356758492,0.8920622596549458
25963,LOF,0.057080898724623574,0.18962688677403447,0.753292214501342
25964,LOF,0.039046762590167566,0.15953520021492987,0.8014180371949025
25965,LOF,0.45256017888106914,0.08272128043196074,0.46471854068697016
25966,Neutral,0.3487495625634368,0.33378933259802324,0.31746110483853995
25967,LOF,0.01441688888471434,0.12252951440353274,0.863053596711753
25968,LOF,0.04226244253124488,0.4233123195942793,0.5344252378744758
25969,LOF,0.026372795005092126,0.0651236787020731,0.9085035262928348
25970,LOF,0.0637295949361492,0.054981497625286445,0.8812889074385643
25971,LOF,0.08931123087558847,0.025026557769917343,0.8856622113544942
25972,LOF,0.08298019442058412,0.035858900078443716,0.8811609055009721
25973,LOF,0.08761034918461653,0.011208372069954366,0.9011812787454292
25974,LOF,0.24735305711460026,0.01967403852601724,0.7329729043593824
25975,LOF,0.05150381764447367,0.03203871288905223,0.9164574694664741
25976,LOF,0.040174385460864326,0.027789013464049057,0.9320366010750867
25977,LOF,0.1400038757229742,0.1345673154045479,0.725428808872478
25978,LOF,0.11464953914513645,0.1274861948616342,0.7578642659932294
25979,LOF,0.11545688068900832,0.1145043875384081,0.7700387317725836
25980,LOF,0.14729002568466812,0.1764190677563214,0.6762909065590105
25981,LOF,0.17932791220220012,0.17124929703458544,0.6494227907632145
25982,LOF,0.34402367038825726,0.11853343880101916,0.5374428908107235
25983,LOF,0.34336530551525435,0.11026444042006592,0.5463702540646798
25984,LOF,0.057826154049376174,0.09540603987833177,0.8467678060722921
25985,LOF,0.01941650017831388,0.3348476245370616,0.6457358752846246
25986,LOF,0.026448580456464463,0.31565371047460833,0.6578977090689272
25987,LOF,0.08222451553234905,0.12003257138237915,0.7977429130852717
25988,LOF,0.12262190220315065,0.08725329081547295,0.7901248069813763
25989,LOF,0.02628090319992591,0.14927888626161667,0.8244402105384574
25990,LOF,0.03783331077889952,0.12449176276107955,0.8376749264600208
25991,GOF,0.13803939629426157,0.4854724391806813,0.3764881645250572
25992,LOF,0.304832036757797,0.3037534609964699,0.39141450224573304
25993,LOF,0.023862352713751932,0.12291078589191011,0.8532268613943379
25994,LOF,0.016041940378292627,0.1514181390546367,0.8325399205670706
25995,LOF,0.02501923847433796,0.1851513718275636,0.7898293896980985
25996,GOF,0.1707315297069297,0.5909091778256488,0.23835929246742155
25997,GOF,0.05972453666795001,0.588951041997703,0.35132442133434705
25998,Neutral,0.577145290559111,0.027399621293498058,0.39545508814739094
25999,LOF,0.13088558070431242,0.1328206869722042,0.7362937323234834
26000,LOF,0.13360156461326175,0.025021620145016903,0.8413768152417215
26001,LOF,0.1953401677716302,0.028823762414548783,0.775836069813821
26002,LOF,0.15341118298765666,0.026745023418800987,0.8198437935935423
26003,GOF,0.010679598855315426,0.6774356347285905,0.3118847664160941
26004,GOF,0.026162053341197946,0.7292764812767764,0.24456146538202564
26005,GOF,0.009662135264395385,0.5908733935650317,0.399464471170573
26006,Neutral,0.5167702008505711,0.3080408940794031,0.1751889050700257
26007,GOF,0.018414474807570864,0.6308553945406742,0.35073013065175496
26008,GOF,0.023648848414740322,0.6330446136571066,0.34330653792815297
26009,GOF,0.03032402483163789,0.7037646798076259,0.2659112953607362
26010,GOF,0.02500050245878473,0.7760321155067624,0.19896738203445283
26011,GOF,0.00967726588050771,0.5407780431303272,0.44954469098916505
26012,GOF,0.02252113415027114,0.6357633112584734,0.34171555459125535
26013,GOF,0.019767524114405893,0.7041658747119898,0.2760666011736044
26014,LOF,0.040957046932823545,0.20757081450222636,0.75147213856495
26015,LOF,0.15558930963787243,0.010211321626979904,0.8341993687351478
26016,LOF,0.275031701960383,0.04400675713717326,0.6809615409024437
26017,LOF,0.16910174371965742,0.08874760269069429,0.7421506535896483
26018,LOF,0.07986774870341853,0.02912595574883779,0.8910062955477436
26019,LOF,0.08065496622245201,0.02272466330497402,0.8966203704725739
26020,LOF,0.05480900734235327,0.11835910170997117,0.8268318909476755
26021,LOF,0.0559179160315146,0.14581464359339275,0.7982674403750927
26022,LOF,0.010043172642186484,0.06254482119616091,0.9274120061616526
26023,LOF,0.10848140324225805,0.020459753322232693,0.8710588434355092
26024,LOF,0.02996444383158465,0.12300148649956717,0.8470340696688481
26025,LOF,0.13399471416524228,0.10431270516228272,0.7616925806724751
26026,LOF,0.32468193360786873,0.014703891839404164,0.6606141745527272
26027,LOF,0.07687497877889245,0.015707306139181674,0.9074177150819259
26028,LOF,0.17754358971839107,0.09794990530623575,0.7245065049753732
26029,LOF,0.11058705244710915,0.16780994096415316,0.7216030065887377
26030,LOF,0.03487189037850103,0.06756999535825359,0.8975581142632453
26031,LOF,0.04182923359625392,0.14175327130020754,0.8164174951035387
26032,LOF,0.08425438274344027,0.0581467809226543,0.8575988363339054
26033,LOF,0.13994229448311812,0.06444114761601101,0.7956165579008708
26034,LOF,0.06447659533789755,0.13198930764122602,0.8035340970208764
26035,LOF,0.04029576605492983,0.1142581318764201,0.8454461020686501
26036,LOF,0.06316952033437316,0.14254278727694972,0.7942876923886771
26037,LOF,0.03325939250584656,0.10465574168088199,0.8620848658132715
26038,LOF,0.0784989661957316,0.05212694286267817,0.8693740909415902
26039,LOF,0.08541201991147893,0.12014351211406672,0.7944444679744544
26040,LOF,0.2335045568467335,0.08373825072209343,0.682757192431173
26041,LOF,0.03234431215054724,0.0997865139801194,0.8678691738693333
26042,LOF,0.03298826978963491,0.10075978396582329,0.8662519462445418
26043,LOF,0.07662203566557008,0.06622122811955893,0.857156736214871
26044,LOF,0.03319034162191304,0.0740206125764816,0.8927890458016053
26045,LOF,0.10410192388988135,0.08626479661784889,0.8096332794922698
26046,LOF,0.08056107960842221,0.06944745886497501,0.8499914615266027
26047,LOF,0.11796761897385817,0.0790080185593912,0.8030243624667507
26048,LOF,0.0634733859913094,0.05877155649456356,0.8777550575141271
26049,Neutral,0.9550582224010784,0.009945923970034758,0.034995853628886825
26050,Neutral,0.9365241804429043,0.010852699749673539,0.05262311980742221
26051,GOF,0.04781732712957333,0.49156172211284394,0.4606209507575828
26052,GOF,0.057202059215719636,0.5278694549528884,0.414928485831392
26053,LOF,0.058429468211040024,0.21418414138278855,0.7273863904061715
26054,LOF,0.06392586774990738,0.04017899929816352,0.8958951329519291
26055,LOF,0.0763098492456881,0.027844700945980023,0.8958454498083319
26056,LOF,0.06720551425469906,0.03666568808430278,0.8961287976609982
26057,LOF,0.03461470635111248,0.0185835406817303,0.9468017529671571
26058,LOF,0.034933243011433746,0.016438544519307565,0.9486282124692587
26059,LOF,0.32347594874847685,0.049752141511868436,0.6267719097396547
26060,LOF,0.027890202339285294,0.3234663351344966,0.6486434625262182
26061,LOF,0.020136132064682594,0.026664562394876808,0.9531993055404406
26062,LOF,0.012498270457717394,0.041072448776465285,0.9464292807658173
26063,LOF,0.022925402376977967,0.019089473297438837,0.9579851243255832
26064,LOF,0.02735233003502429,0.02275946994898471,0.9498882000159911
26065,LOF,0.026491943772457695,0.02162950717822676,0.9518785490493156
26066,LOF,0.02182142116374963,0.020466728718182784,0.9577118501180675
26067,LOF,0.02713332190556011,0.015825669624213716,0.9570410084702261
26068,LOF,0.05226053824846034,0.05397176262432392,0.8937676991272158
26069,LOF,0.30346143544032195,0.040189325052814626,0.6563492395068634
26070,LOF,0.44088600580369625,0.023382745241830472,0.5357312489544733
26071,LOF,0.023960358681473833,0.024614216602769513,0.9514254247157568
26072,LOF,0.028369815337040735,0.038784708876974265,0.932845475785985
26073,LOF,0.025830118462332075,0.019101221272599115,0.9550686602650688
26074,Neutral,0.9374949987688747,0.00703430095949689,0.05547070027162853
26075,LOF,0.047021405749020195,0.02818798314586598,0.9247906111051138
26076,LOF,0.044630723573318286,0.015420520456074746,0.939948755970607
26077,LOF,0.009761918090160275,0.04249809883402271,0.9477399830758171
26078,LOF,0.016446894434743252,0.023916462498675767,0.9596366430665809
26079,LOF,0.0535282486915313,0.031807597666172166,0.9146641536422965
26080,LOF,0.05354089080984639,0.0318151098755727,0.9146439993145808
26081,LOF,0.03827664324024015,0.012357946657360497,0.9493654101023994
26082,LOF,0.020018920161948846,0.038876413077603686,0.9411046667604476
26083,LOF,0.1567384717028079,0.020649206390785418,0.8226123219064067
26084,LOF,0.027038242877774385,0.031044519913946706,0.9419172372082789
26085,LOF,0.02285255444603773,0.02827186469009794,0.9488755808638644
26086,LOF,0.023322358079233177,0.02303571811016936,0.9536419238105975
26087,LOF,0.025459010533864117,0.015364953046310123,0.9591760364198256
26088,LOF,0.021077824083409826,0.03822738369420876,0.9406947922223815
26089,LOF,0.051588176507481806,0.036498508218347964,0.9119133152741702
26090,LOF,0.050096804762909806,0.029741877039344604,0.9201613181977455
26091,LOF,0.042601161233790805,0.010600045242551813,0.9467987935236575
26092,LOF,0.029927258616043388,0.017084467427966796,0.9529882739559898
26093,LOF,0.04361895415976389,0.010579597165856446,0.9458014486743798
26094,LOF,0.04921079072850964,0.009795358152157652,0.9409938511193328
26095,LOF,0.06252465325034554,0.030207681190049507,0.907267665559605
26096,LOF,0.01880337513457997,0.022847781940471705,0.9583488429249483
26097,LOF,0.011206181161989572,0.08119146324121944,0.9076023555967909
26098,LOF,0.0726146702613244,0.024584717859278724,0.9028006118793968
26099,LOF,0.026429013006338216,0.028032757378932398,0.9455382296147293
26100,LOF,0.028222589852850526,0.026176541833366984,0.9456008683137825
26101,LOF,0.06263635316924956,0.023795257653881977,0.9135683891768684
26102,LOF,0.029348538326264495,0.020630012740672055,0.9500214489330635
26103,Neutral,0.8937778776200747,0.03204905830441941,0.07417306407550603
26104,LOF,0.07486716128773448,0.0467288380561465,0.878404000656119
26105,LOF,0.21051732440230422,0.29009628189511055,0.4993863937025852
26106,LOF,0.16579664117579634,0.16865320688841187,0.6655501519357918
26107,LOF,0.23284454280729622,0.12939400597578854,0.6377614512169152
26108,LOF,0.23675660969502332,0.18200812348198173,0.5812352668229949
26109,LOF,0.05693087196889739,0.14522982811430477,0.7978392999167978
26110,LOF,0.21846203308375906,0.011073754888570065,0.7704642120276708
26111,LOF,0.4614329978677453,0.021564018456205213,0.5170029836760496
26112,LOF,0.037631932802595226,0.010972328809775094,0.9513957383876297
26113,LOF,0.054832443872082144,0.01881757357740588,0.926349982550512
26114,LOF,0.01911050413856367,0.03085214553016278,0.9500373503312735
26115,LOF,0.0963453563577371,0.04724241454017714,0.8564122291020857
26116,LOF,0.04832202906671948,0.054825953365459625,0.8968520175678208
26117,LOF,0.362496145334497,0.08012763738072505,0.557376217284778
26118,LOF,0.03656626697381621,0.0493793048312734,0.9140544281949103
26119,LOF,0.02262417906259129,0.057744534764812595,0.9196312861725962
26120,LOF,0.029375457452656614,0.03199971170095423,0.9386248308463891
26121,LOF,0.06460537103578896,0.10373411813713954,0.8316605108270715
26122,LOF,0.06775970719750792,0.04670049157660608,0.8855398012258859
