feature0,prediction,LoGoFunc_Neutral,LoGoFunc_GOF,LoGoFunc_LOF
25546,Neutral,0.6213409703318322,0.05639011742995392,0.32226891223821374
25547,Neutral,0.46960306103405947,0.08780165714990235,0.44259528181603824
25548,Neutral,0.4948921449407858,0.07101919894324232,0.43408865611597197
25549,LOF,0.4171446486982995,0.07046452635618368,0.5123908249455169
25550,LOF,0.34414974552053385,0.10413427202543311,0.551715982454033
25551,LOF,0.2978523699899425,0.11061124057167308,0.5915363894383844
25552,LOF,0.2631238179695584,0.10839462440008041,0.6284815576303612
25553,Neutral,0.7990506316084534,0.04437034770640357,0.15657902068514304
25554,LOF,0.30412663342344964,0.09897454294353111,0.5968988236330193
25555,LOF,0.260246909433247,0.09369734001933265,0.6460557505474204
25556,LOF,0.45213047188064265,0.08828021281098053,0.4595893153083769
25557,LOF,0.24237480665799038,0.09780554625401075,0.6598196470879988
25558,LOF,0.29674774095868717,0.09618713264010745,0.6070651264012055
25559,LOF,0.22915359262332577,0.13550104210688438,0.6353453652697899
25560,LOF,0.17526989743835203,0.10446818156148875,0.7202619210001593
25561,LOF,0.15235831228039498,0.12180712367557019,0.7258345640440348
25562,LOF,0.07704592711124876,0.07894807688710052,0.8440059960016507
25563,LOF,0.026090550733591886,0.1351894862615813,0.8387199630048268
25564,LOF,0.22137111090785644,0.12711364490924532,0.6515152441828983
25565,LOF,0.21456550298694826,0.1506292950084032,0.6348052020046486
25566,GOF,0.09366110473427569,0.7042604366240218,0.2020784586417025
25567,LOF,0.04217688574663323,0.1496423385921681,0.8081807756611987
25568,LOF,0.06832992653435672,0.07365099707528414,0.8580190763903591
25569,LOF,0.06411168062294298,0.07403056838708194,0.8618577509899751
25570,LOF,0.029945523190434968,0.10449826928209188,0.8655562075274733
25571,LOF,0.028636817679010714,0.10781579914527553,0.8635473831757138
25572,LOF,0.059744962248522375,0.12411548259079315,0.8161395551606845
25573,LOF,0.06081014650974924,0.0932954248691743,0.8458944286210766
25574,LOF,0.05925736584079406,0.20782094189227976,0.7329216922669262
25575,LOF,0.02465170148045012,0.1208602903212597,0.8544880081982902
25576,LOF,0.030318814476138062,0.15727812472970282,0.812403060794159
25577,LOF,0.030701066478191735,0.1231919496770223,0.846106983844786
25578,LOF,0.315998144383699,0.08532338276503212,0.5986784728512689
25579,LOF,0.1409254105768051,0.0909273481391134,0.7681472412840815
25580,LOF,0.022468707088063693,0.08078065637133454,0.8967506365406018
25581,LOF,0.05944494937906471,0.06996813070508896,0.8705869199158464
25582,LOF,0.059388336147683254,0.06811776348160209,0.8724939003707147
25583,LOF,0.025781951617503015,0.07901022268463243,0.8952078256978645
25584,Neutral,0.6939233502087397,0.10364421281829986,0.20243243697296046
25585,LOF,0.027238517347957444,0.13873230035423917,0.8340291822978033
25586,LOF,0.01988342678444959,0.06935087234173976,0.9107657008738107
25587,LOF,0.019515177008278456,0.06307987852128957,0.9174049444704321
25588,LOF,0.02418042299924683,0.06772014041435181,0.9080994365864012
25589,Neutral,0.5068915456668984,0.2077389574896618,0.28536949684343976
25590,LOF,0.049924582426489186,0.12474320531599979,0.825332212257511
25591,LOF,0.1008277646117049,0.060080414998250994,0.8390918203900442
25592,LOF,0.05920376638724435,0.13921978763438136,0.8015764459783742
25593,LOF,0.13698094967505756,0.25218407751948296,0.6108349728054595
25594,LOF,0.05922623155986476,0.10390436319070526,0.83686940524943
25595,LOF,0.05442796169075193,0.0735555041463612,0.8720165341628868
25596,LOF,0.11165194501835486,0.03953739134548862,0.8488106636361564
25597,LOF,0.08833713851526324,0.04860072793857688,0.8630621335461599
25598,LOF,0.05618269136287669,0.07708865689645075,0.8667286517406725
25599,LOF,0.022734618599664528,0.47262392258031977,0.5046414588200158
25600,GOF,0.18353476015222037,0.5068141552878134,0.30965108455996626
25601,LOF,0.04423005142406885,0.39887777025156373,0.5568921783243673
25602,LOF,0.034301757655720605,0.06280230856280536,0.9028959337814739
25603,LOF,0.03365585371339431,0.03439266749012901,0.9319514787964767
25604,LOF,0.03409806791435973,0.07884637825906891,0.8870555538265714
25605,LOF,0.0313387637667718,0.19571684602642195,0.7729443902068063
25606,LOF,0.4032746605064726,0.1191668852210517,0.47755845427247556
25607,LOF,0.022698592652456953,0.19481927892978676,0.7824821284177562
25608,LOF,0.03526321314811609,0.0700668143028795,0.8946699725490044
25609,GOF,0.15124302114454696,0.5284821144590642,0.3202748643963889
25610,LOF,0.016525675252276644,0.03198538686558928,0.951488937882134
25611,LOF,0.013739088262126735,0.03646568489910982,0.9497952268387635
25612,LOF,0.04921487803381129,0.04512659411596806,0.9056585278502206
25613,LOF,0.04661092210273249,0.04538951298057258,0.907999564916695
25614,LOF,0.02195576831544447,0.029405465880070966,0.9486387658044846
25615,LOF,0.04001136571648171,0.04873144088319394,0.9112571934003243
25616,LOF,0.0517735270925581,0.03222107502243904,0.9160053978850029
25617,LOF,0.04396964633137077,0.04122752249816698,0.9148028311704623
25618,LOF,0.047354995191675235,0.041013598943982675,0.911631405864342
25619,LOF,0.013573037173303389,0.03707504189994491,0.9493519209267518
25620,LOF,0.06490752381563708,0.047851091738327904,0.8872413844460352
25621,LOF,0.051545594247227135,0.03690124704870774,0.9115531587040652
25622,LOF,0.06098460875245231,0.03716546500633582,0.9018499262412119
25623,LOF,0.069266802892569,0.031620911997629425,0.8991122851098016
25624,LOF,0.019097790852098197,0.038499084018988446,0.9424031251289134
25625,LOF,0.0600338999676801,0.044360849483826105,0.8956052505484938
25626,LOF,0.047612529045270885,0.04289489441334452,0.9094925765413846
25627,Neutral,0.8951800104369022,0.01901257099460976,0.08580741856848796
25628,LOF,0.13563116572265072,0.058303383673607344,0.806065450603742
25629,LOF,0.06747291003602111,0.04260544362543543,0.8899216463385435
25630,LOF,0.3116806474947461,0.0736382571196898,0.614681095385564
25631,Neutral,0.5513473230461107,0.057982147771702665,0.39067052918218664
25632,LOF,0.027069454008104833,0.0659741552063316,0.9069563907855636
25633,LOF,0.168471695273039,0.0363813599927759,0.7951469447341851
25634,LOF,0.03386339185617205,0.07753555536023658,0.8886010527835914
25635,LOF,0.04070460340967831,0.04210233274694021,0.9171930638433814
25636,LOF,0.03165753923443287,0.4044862634913026,0.5638561972742645
25637,LOF,0.07541841493015189,0.4174163198850574,0.5071652651847907
25638,LOF,0.027808664789526583,0.3311526165876622,0.6410387186228113
25639,LOF,0.02923797036215191,0.34981194979064767,0.6209500798472004
25640,Neutral,0.8081409703478545,0.14479878252640727,0.047060247125738225
25641,GOF,0.06073991299827192,0.5151608702879298,0.4240992167137983
25642,LOF,0.04530926411615901,0.17770026181226695,0.7769904740715741
25643,LOF,0.18594093531067243,0.14259697047291245,0.6714620942164151
25644,LOF,0.02104491973607254,0.44179384616770806,0.5371612340962194
25645,LOF,0.025314255375976456,0.38851365284319367,0.58617209178083
25646,LOF,0.05169757521963305,0.3170763963843599,0.631226028396007
25647,LOF,0.025690462426853012,0.2574573166873958,0.7168522208857513
25648,LOF,0.03432147996826686,0.24042770890937232,0.7252508111223608
25649,LOF,0.017950866411988266,0.22070611962245984,0.7613430139655519
25650,LOF,0.052698892644901886,0.3928663206141162,0.554434786740982
25651,LOF,0.01785996808198768,0.2621038949499051,0.7200361369681072
25652,LOF,0.03520842417104367,0.26457215545589097,0.7002194203730653
25653,LOF,0.09423452748883361,0.39869225568928257,0.5070732168218838
25654,LOF,0.026455880844635852,0.22294903162206325,0.7505950875333008
25655,LOF,0.22753435883764725,0.37803501664950706,0.3944306245128457
25656,LOF,0.3364484045726419,0.05509722646777909,0.6084543689595789
25657,LOF,0.06064729358305758,0.05474633005011403,0.8846063763668284
25658,LOF,0.33499527256040185,0.05907437841316142,0.6059303490264367
25659,Neutral,0.5178097239974563,0.08612573706571516,0.3960645389368285
25660,LOF,0.02177430396484015,0.08453893419931903,0.8936867618358407
25661,LOF,0.09513852367659313,0.06143622181151897,0.8434252545118879
25662,LOF,0.03779094755916865,0.03380268545211056,0.9284063669887207
25663,LOF,0.049754545649302845,0.046562683009301234,0.9036827713413959
25664,LOF,0.13309522089706577,0.06458385942176183,0.8023209196811724
25665,LOF,0.05574092710512148,0.030921497059904098,0.9133375758349744
25666,LOF,0.08972830505944315,0.0764049795679598,0.833866715372597
25667,LOF,0.0791425340396737,0.038802701720552446,0.8820547642397739
25668,LOF,0.03966744081124277,0.04865165038169918,0.9116809088070581
25669,LOF,0.03448940493006731,0.05179594774909247,0.9137146473208403
25670,LOF,0.13687907181418257,0.06303277722521687,0.8000881509606006
25671,LOF,0.11584216349107089,0.034437014453154204,0.8497208220557749
25672,LOF,0.05400130670357413,0.04213536157411301,0.9038633317223129
25673,LOF,0.07745366567912365,0.047768523402439776,0.8747778109184365
25674,LOF,0.06549727370633478,0.05696842649611839,0.8775342997975468
25675,LOF,0.12247415630936147,0.05437143315306863,0.8231544105375699
25676,LOF,0.019533584982455443,0.05254109651497511,0.9279253185025694
25677,LOF,0.026607266235264455,0.07400105729068329,0.8993916764740523
25678,LOF,0.22485057086050056,0.06084749759010631,0.7143019315493931
25679,LOF,0.1205709896679146,0.07850603592716544,0.80092297440492
25680,LOF,0.03429365121117272,0.12000881841041106,0.8456975303784163
25681,LOF,0.056441476845851386,0.11484501107659005,0.8287135120775586
25682,LOF,0.14581368577031953,0.0777390357996573,0.7764472784300231
25683,LOF,0.11836632713944409,0.09012708823153404,0.7915065846290219
25684,LOF,0.05045928352363403,0.07719983011202865,0.8723408863643374
25685,LOF,0.13233016285780116,0.053808019847602105,0.8138618172945967
25686,LOF,0.07096677361339084,0.08331476723410328,0.8457184591525059
25687,LOF,0.11052665319505328,0.09364624250751474,0.795827104297432
25688,LOF,0.30345251319764405,0.03657146884333584,0.6599760179590202
25689,LOF,0.237667718720429,0.04148161037940293,0.7208506709001681
25690,LOF,0.3120403175206206,0.03240468512684904,0.6555549973525304
25691,Neutral,0.6812059651481821,0.025465735246494342,0.2933282996053235
25692,LOF,0.31866683295730824,0.011338314430271865,0.6699948526124199
25693,LOF,0.04642651598491592,0.4265752556026659,0.5269982284124183
25694,LOF,0.10304142292551181,0.01717403170397106,0.8797845453705171
25695,LOF,0.10159583459122891,0.016511951684622068,0.881892213724149
25696,LOF,0.11738639717182027,0.008690102152836795,0.8739235006753429
25697,LOF,0.08538432625420754,0.03150436508214917,0.8831113086636432
25698,LOF,0.36174303892022475,0.1812650969085846,0.45699186417119075
25699,LOF,0.4522901722704211,0.03647513170578825,0.5112346960237906
25700,LOF,0.07154399212735038,0.008725805325037549,0.919730202547612
25701,LOF,0.1530284098325596,0.04715569115965472,0.7998158990077857
25702,GOF,0.1710817199205049,0.5545190416686842,0.27439923841081093
25703,LOF,0.016053839402738607,0.1482277865135652,0.8357183740836963
25704,LOF,0.04504968812161709,0.10120118356693546,0.8537491283114476
25705,LOF,0.06118641910713034,0.15737542361673645,0.7814381572761332
25706,LOF,0.10279989429180471,0.39814717198163035,0.49905293372656495
25707,LOF,0.09763551858871339,0.3217802323571611,0.5805842490541256
25708,LOF,0.030603316667168177,0.27938714633023376,0.6900095370025982
25709,LOF,0.07307889625907957,0.04107133178313991,0.8858497719577805
25710,LOF,0.011427932183465097,0.14681217399486782,0.8417598938216672
25711,LOF,0.02192538362033969,0.09813705458553251,0.8799375617941279
25712,LOF,0.014212263211824885,0.17606237389587245,0.8097253628923027
25713,LOF,0.021464942137020115,0.08200097408178703,0.8965340837811929
25714,LOF,0.08654805384295965,0.07706568945999995,0.8363862566970404
25715,LOF,0.012397807565701068,0.1363094865263256,0.8512927059079732
25716,LOF,0.014093899983998947,0.11749244169272688,0.8684136583232742
25717,LOF,0.01229381739682305,0.08133342281105525,0.9063727597921216
25718,LOF,0.013473657635662486,0.10062220005157217,0.8859041423127654
25719,LOF,0.020522205240803917,0.07688021834927754,0.9025975764099187
25720,LOF,0.027326132092805936,0.06600821031469845,0.9066656575924957
25721,LOF,0.01620350648791135,0.11262193683803225,0.8711745566740565
25722,LOF,0.01538474073316851,0.12477981773169267,0.8598354415351389
25723,LOF,0.026709142468963356,0.040796773504318005,0.9324940840267187
25724,LOF,0.034462343333848365,0.08832464214410508,0.8772130145220465
25725,LOF,0.012957963226759734,0.06723344162000941,0.9198085951532309
25726,LOF,0.016905551802547047,0.09741387252160225,0.8856805756758507
25727,LOF,0.014227682110472574,0.07314762988950456,0.9126246880000228
25728,LOF,0.010644720873305969,0.12340997061522287,0.8659453085114712
25729,LOF,0.011161354083858988,0.11641886280513773,0.8724197831110033
25730,LOF,0.015334955043262134,0.08924487336830496,0.8954201715884329
25731,LOF,0.020559153937365817,0.11884851551734277,0.8605923305452914
25732,LOF,0.01576801160751343,0.08096063262618951,0.903271355766297
25733,LOF,0.017879634092354556,0.07226346623129297,0.9098568996763524
25734,LOF,0.011849625196449158,0.12139942961942622,0.8667509451841247
25735,LOF,0.015047325647660332,0.08597252736161745,0.8989801469907222
25736,LOF,0.015994854755642246,0.10665790716441023,0.8773472380799475
25737,LOF,0.013279688177545563,0.08384474567584217,0.9028755661466122
25738,LOF,0.013623772557228412,0.10611770593852023,0.8802585215042514
25739,LOF,0.023569899707434068,0.08037844296835991,0.8960516573242059
25740,LOF,0.028447311268000673,0.11225505249787214,0.8592976362341272
25741,LOF,0.016108673995312146,0.11548850322705256,0.8684028227776353
25742,LOF,0.12592041739999757,0.08439300097992833,0.7896865816200741
25743,LOF,0.03130746425921467,0.03401837252263629,0.9346741632181491
25744,Neutral,0.5930603167571864,0.16696269226755686,0.23997699097525685
25745,LOF,0.07777141694772076,0.07258154117347178,0.8496470418788075
25746,LOF,0.04052094525784807,0.08775820234143197,0.8717208524007198
25747,LOF,0.02359116912397199,0.04627252668961825,0.9301363041864098
25748,LOF,0.08905083324589631,0.06976549178402723,0.8411836749700764
25749,LOF,0.024772370703191732,0.08931379138723952,0.8859138379095687
25750,LOF,0.08101675811344594,0.08323004059935886,0.8357532012871952
25751,LOF,0.09268220001490694,0.07809788242495463,0.8292199175601385
25752,GOF,0.11754672649194513,0.650251838016465,0.23220143549158984
25753,LOF,0.019931363358603228,0.26993973919534414,0.7101288974460527
25754,GOF,0.011243733884441222,0.7780302511810142,0.21072601493454463
25755,LOF,0.02151095220672912,0.39431288359995403,0.5841761641933169
25756,LOF,0.04303361902147859,0.3705599789964596,0.5864064019820618
25757,GOF,0.014043564246549466,0.8232585436092476,0.16269789214420302
25758,GOF,0.028803981191884986,0.8086120197236266,0.1625839990844885
25759,GOF,0.010715906006826679,0.5529477051549955,0.4363363888381779
25760,LOF,0.011723012500992334,0.2619139265140024,0.7263630609850054
25761,GOF,0.2926389981148417,0.6123747061996024,0.09498629568555596
25762,LOF,0.03790072890413444,0.26218226526826444,0.6999170058276011
25763,LOF,0.013398568929932199,0.20342312053704345,0.7831783105330242
25764,GOF,0.07478945771313401,0.6190602991408211,0.3061502431460449
25765,GOF,0.03864483095245972,0.7384596163917726,0.22289555265576783
25766,GOF,0.06864711571287477,0.7365279725785899,0.1948249117085354
25767,GOF,0.14450310101107625,0.5546805026456165,0.30081639634330726
25768,LOF,0.11507380530748315,0.07329719160393004,0.8116290030885869
25769,LOF,0.05984040498951657,0.05797979411449512,0.8821798008959882
25770,LOF,0.33338214141751626,0.09161302359624844,0.5750048349862353
25771,LOF,0.041390251639741096,0.0485224133336958,0.9100873350265631
25772,LOF,0.01923487391307575,0.03540423700501091,0.9453608890819133
25773,LOF,0.04966866158122975,0.09536386090569472,0.8549674775130754
25774,LOF,0.029243603714876408,0.07218626974336137,0.8985701265417623
25775,LOF,0.05037308417953436,0.046294818587846814,0.9033320972326188
25776,LOF,0.07910063690606563,0.02362503726188506,0.8972743258320494
25777,LOF,0.3606397751314649,0.05395373851241733,0.5854064863561178
25778,LOF,0.07231420337973522,0.04337366800582095,0.8843121286144437
25779,GOF,0.37081302449297243,0.5821393654507601,0.04704761005626741
25780,GOF,0.3092159394183456,0.6171572202969349,0.07362684028471955
25781,GOF,0.1453198629511076,0.7442609159513809,0.11041922109751151
25782,GOF,0.20955545221119454,0.717772571285279,0.0726719765035266
25783,GOF,0.024318182885250925,0.5925900397535036,0.3830917773612455
25784,Neutral,0.5255732966521115,0.43508311749472056,0.039343585853167995
25785,Neutral,0.48703544239175034,0.47153007756730964,0.0414344800409401
25786,GOF,0.028340261319712023,0.7333494848924921,0.23831025378779597
25787,Neutral,0.6490935765129874,0.3243832645055232,0.026523158981489558
25788,LOF,0.06575873764433875,0.09865062019942662,0.8355906421562346
25789,GOF,0.24485549725477426,0.6088311286238048,0.14631337412142084
25790,GOF,0.23920357595492794,0.645130229431596,0.11566619461347603
25791,GOF,0.20742081852755803,0.6275055091680806,0.16507367230436137
25792,GOF,0.39713154317889193,0.48186952892050683,0.12099892790060114
25793,GOF,0.24951940212579157,0.5306775422694366,0.2198030556047718
25794,GOF,0.30082618770532765,0.5100644205826863,0.18910939171198607
25795,GOF,0.08931170459475211,0.6434758066072777,0.2672124887979702
25796,Neutral,0.5846043075163531,0.32952614389510965,0.08586954858853721
25797,GOF,0.08818660575853784,0.5023061437451688,0.4095072504962934
25798,LOF,0.009313894373765313,0.4753488520159619,0.5153372536102728
25799,LOF,0.007555844934730532,0.34502480658360535,0.6474193484816642
25800,GOF,0.03277286396975647,0.5298148133533777,0.4374123226768659
25801,GOF,0.22498093391796917,0.614877713035573,0.16014135304645777
25802,GOF,0.08149290313897911,0.642286446784399,0.27622065007662194
25803,GOF,0.03766247321050431,0.5374291923378391,0.42490833445165643
25804,LOF,0.03329337138971988,0.446538078227309,0.520168550382971
25805,GOF,0.1048094463339883,0.5528064654842991,0.34238408818171245
25806,GOF,0.09639865760501842,0.5612956291199466,0.342305713275035
25807,GOF,0.020398406739837095,0.5720346926894987,0.40756690057066414
25808,GOF,0.08191835661430612,0.5841884455805885,0.33389319780510546
25809,GOF,0.01891709119467618,0.5305012010258575,0.45058170777946627
25810,GOF,0.01745124058774438,0.5684740989378537,0.414074660474402
25811,Neutral,0.4737782592287316,0.44436875848044555,0.08185298229082288
25812,GOF,0.035488389012308004,0.6117827060595962,0.3527289049280957
25813,Neutral,0.5220022157058897,0.3656334812116826,0.11236430308242767
25814,GOF,0.1284878944337893,0.6138276388830346,0.25768446668317607
25815,GOF,0.18954359230157222,0.6033993593110646,0.20705704838736322
25816,GOF,0.022778622623331184,0.6812691694770453,0.29595220789962345
25817,GOF,0.2482747329234352,0.6202959028553023,0.13142936422126253
25818,GOF,0.05524926667187401,0.594343751566249,0.35040698176187696
25819,GOF,0.32968465259018537,0.5019263366521985,0.16838901075761603
25820,GOF,0.17664842988159415,0.5859867849746399,0.23736478514376602
25821,GOF,0.06183563687750104,0.6353529633395567,0.30281139978294225
25822,GOF,0.20040726635441997,0.5554258909617935,0.24416684268378663
25823,GOF,0.036400397980903526,0.49886376070610666,0.4647358413129898
25824,GOF,0.09387772261761047,0.5597311539431794,0.3463911234392101
25825,GOF,0.03804239797808235,0.5553329155672759,0.4066246864546417
25826,GOF,0.015378184855709487,0.5428123199962872,0.44180949514800333
25827,GOF,0.02216842140164106,0.5874517158726661,0.3903798627256929
25828,GOF,0.012651667794600283,0.4969563450619281,0.4903919871434717
25829,GOF,0.00576540504660519,0.5305455527299607,0.46368904222343416
25830,LOF,0.03440263537470112,0.2751787878114573,0.6904185768138414
25831,GOF,0.22867256313543938,0.632624209473701,0.13870322739085952
25832,GOF,0.033690699163347944,0.6737197874466797,0.29258951338997236
25833,GOF,0.12305284369476077,0.7069489013933513,0.16999825491188783
25834,GOF,0.03624713887991357,0.6807109297266721,0.28304193139341427
25835,GOF,0.07925538009734802,0.7294978189483499,0.1912468009543021
25836,GOF,0.03699229789602775,0.6470428732150935,0.31596482888887883
25837,GOF,0.024888847667536605,0.5362934556730224,0.43881769665944087
25838,GOF,0.09081793810905861,0.7354105228575814,0.17377153903335996
25839,GOF,0.2861397273734628,0.5499667264038648,0.1638935462226725
25840,GOF,0.23032710640667478,0.599553848568108,0.17011904502521713
25841,GOF,0.23078844021439673,0.6119975439459157,0.15721401583968758
25842,GOF,0.17082209358357575,0.684975440802118,0.1442024656143061
25843,GOF,0.2330845395461254,0.660478562254212,0.10643689819966261
25844,GOF,0.06661115394665136,0.6632818430821313,0.2701070029712174
25845,LOF,0.017364092019756642,0.43268515896188664,0.5499507490183566
25846,GOF,0.13312344113468497,0.7014724969378433,0.16540406192747167
25847,GOF,0.11453077858253423,0.7695211968133958,0.11594802460406999
25848,GOF,0.04123946217819984,0.6633073225689196,0.2954532152528807
25849,GOF,0.011994930035971779,0.5467264490096282,0.44127862095440007
25850,GOF,0.02320066968087204,0.6052398801461196,0.3715594501730084
25851,LOF,0.018402432431872985,0.48576893590585596,0.4958286316622709
25852,GOF,0.1899949324404726,0.5171281880036276,0.2928768795558998
25853,GOF,0.3282609207276593,0.5983412930258682,0.07339778624647246
25854,GOF,0.02525556979336776,0.5858241706529131,0.38892025955371906
25855,GOF,0.037197042673008995,0.5222129799419787,0.4405899773850123
25856,GOF,0.2138356087681656,0.5309310954786765,0.255233295753158
25857,LOF,0.03988259399523287,0.47254862573710177,0.4875687802676653
25858,GOF,0.02195933144921179,0.5174682548061637,0.46057241374462454
25859,LOF,0.011028372226263083,0.4857408627074531,0.5032307650662838
25860,GOF,0.3589055724247996,0.5582929678896842,0.08280145968551622
25861,GOF,0.43573667053681114,0.48920393150403524,0.07505939795915367
25862,GOF,0.10195885569583495,0.7419657455984507,0.1560753987057144
25863,GOF,0.09184866866370837,0.7448034411310114,0.16334789020528034
25864,GOF,0.19983274980465734,0.7152596345983232,0.08490761559701956
25865,GOF,0.09640106423106849,0.7725356337035315,0.13106330206539998
25866,GOF,0.06688331562560759,0.7450891158000953,0.18802756857429703
25867,GOF,0.08903990757837835,0.7964425114204075,0.11451758100121434
25868,GOF,0.2652588999494898,0.6339934443827053,0.10074765566780483
25869,Neutral,0.7202074799633211,0.24067506377332062,0.039117456263358184
25870,LOF,0.30837843467691795,0.32473281481883287,0.3668887505042492
25871,GOF,0.23663779243082766,0.5930562068529401,0.17030600071623228
25872,GOF,0.08161829632782569,0.6280672933556242,0.29031441031655014
25873,GOF,0.12554355799797845,0.669366301402329,0.20509014059969247
25874,LOF,0.019816565928149326,0.11240247567602049,0.8677809583958302
25875,LOF,0.08578499280177723,0.03876649174079569,0.875448515457427
25876,LOF,0.03521799297846071,0.028328070941296444,0.9364539360802429
25877,LOF,0.45629621092515155,0.04455709841592888,0.4991466906589194
25878,LOF,0.20183082388311047,0.08114729292476593,0.7170218831921236
25879,LOF,0.08044973903597455,0.08331430332012522,0.8362359576439001
25880,LOF,0.026170043497203612,0.014591706833224364,0.959238249669572
25881,LOF,0.17495493645148663,0.12412452195779912,0.7009205415907142
25882,LOF,0.061139902253352904,0.017910627534060638,0.9209494702125864
25883,LOF,0.07649071927645827,0.01988167265272514,0.9036276080708165
25884,LOF,0.033222701722803685,0.03263024726008789,0.9341470510171085
25885,LOF,0.0674430462077868,0.01274120966444079,0.9198157441277723
25886,LOF,0.24681374027491415,0.03771383296630342,0.7154724267587824
25887,LOF,0.16662131065127406,0.06951727159999341,0.7638614177487326
25888,LOF,0.06908697735204972,0.057214481940396314,0.873698540707554
25889,LOF,0.04409888364252104,0.021992994879513214,0.9339081214779659
25890,LOF,0.05156986085972907,0.14246130218005537,0.8059688369602156
25891,LOF,0.0403479234831578,0.05496807319727868,0.9046840033195634
25892,LOF,0.094862312612216,0.022730076763967766,0.8824076106238162
25893,LOF,0.2598402891670442,0.020524902129514133,0.7196348087034417
25894,LOF,0.17508962526270394,0.012396756720121901,0.8125136180171741
25895,LOF,0.20137359696533727,0.021670311055045074,0.7769560919796176
25896,LOF,0.05178171781641695,0.02276640872814563,0.9254518734554376
25897,LOF,0.2659612953189093,0.012551211660435203,0.7214874930206554
25898,Neutral,0.7072243181923715,0.009769111244964473,0.2830065705626641
25899,LOF,0.2105393139742759,0.02231799267546371,0.7671426933502604
25900,LOF,0.4558320928564835,0.014734100742051311,0.5294338064014652
25901,LOF,0.054119826783542525,0.014242678319131025,0.9316374948973265
25902,LOF,0.17414975047430792,0.01327924550765738,0.8125710040180346
25903,Neutral,0.5779819489958736,0.031349118373412865,0.3906689326307135
25904,LOF,0.2813958204255324,0.05129808569247657,0.6673060938819911
25905,LOF,0.02549849827082045,0.3466507560090752,0.6278507457201042
25906,LOF,0.033522187882268094,0.07478008416935883,0.8916977279483731
25907,LOF,0.01470826854036142,0.3350369284525071,0.6502548030071315
25908,LOF,0.010787797367038849,0.25722853765867293,0.7319836649742882
25909,LOF,0.012976168079264189,0.1387905035228266,0.8482333283979092
25910,LOF,0.043952271229795004,0.15335951377171586,0.8026882149984891
25911,LOF,0.16415387065849352,0.01956287979150965,0.8162832495499968
25912,LOF,0.04547778040236001,0.042508533343479024,0.912013686254161
25913,LOF,0.29701635563037015,0.019232537774322732,0.6837511065953071
25914,LOF,0.01970573335894735,0.05845168256712394,0.9218425840739286
25915,Neutral,0.5583098128289337,0.1910600356871601,0.2506301514839063
25916,LOF,0.08909178277109854,0.21891012584903152,0.69199809137987
25917,LOF,0.058649175041060965,0.044735383021994896,0.8966154419369441
25918,LOF,0.02310420589205584,0.03837011056843243,0.9385256835395116
25919,LOF,0.02070542471547994,0.04430037064572527,0.9349942046387948
25920,GOF,0.10178154410585624,0.5525284044839521,0.3456900514101917
25921,LOF,0.025289554730295552,0.030248465187064526,0.9444619800826399
25922,LOF,0.03419601720843314,0.02164914576944769,0.9441548370221191
25923,LOF,0.43196396631656236,0.02605116158126793,0.5419848721021696
25924,LOF,0.03670237636885067,0.036335101748231485,0.9269625218829178
25925,LOF,0.07240817355238664,0.029793501749724054,0.8977983246978892
25926,LOF,0.05386456488789478,0.02495171538221312,0.9211837197298922
25927,LOF,0.06704225368593868,0.11140953332964072,0.8215482129844206
25928,LOF,0.019584156197484423,0.03922640415449956,0.9411894396480162
25929,Neutral,0.5608719106619843,0.02853746787668718,0.4105906214613285
25930,LOF,0.05582234708004451,0.023446621372496198,0.9207310315474594
25931,LOF,0.025008904983927695,0.022791650717760698,0.9521994442983117
25932,LOF,0.02950735748990313,0.020081679480659354,0.9504109630294375
25933,LOF,0.040326870897383744,0.015057245747171816,0.9446158833554443
25934,LOF,0.02705732684156732,0.017207398489810708,0.955735274668622
25935,LOF,0.06256321242028814,0.03632868092615891,0.9011081066535529
25936,LOF,0.048542638239641354,0.020669492787774007,0.9307878689725847
25937,LOF,0.02665081371179671,0.032207437559808205,0.9411417487283952
25938,LOF,0.06275041793463128,0.0385837269048338,0.898665855160535
25939,LOF,0.04658824496259237,0.015507420250264201,0.9379043347871435
25940,LOF,0.02974234266952854,0.418796897646687,0.5514607596837845
25941,LOF,0.17537495072529669,0.10956576916220165,0.7150592801125016
25942,LOF,0.013642672503720308,0.0355119115838602,0.9508454159124194
25943,LOF,0.32121419341857804,0.05996182708716256,0.6188239794942595
25944,Neutral,0.4907904146289757,0.025447147220132003,0.4837624381508923
25945,LOF,0.06375531624313589,0.02244739187376095,0.9137972918831032
25946,LOF,0.027326736893346196,0.10485452138288034,0.8678187417237735
25947,LOF,0.10029087542571238,0.22360503872571713,0.6761040858485705
25948,LOF,0.39666881150939465,0.0074334518168526495,0.5958977366737527
25949,LOF,0.10571678620732562,0.02774517373564754,0.866538040057027
25950,GOF,0.2886542830124692,0.37225040460141273,0.33909531238611806
25951,LOF,0.22973157420825566,0.2291864001915266,0.5410820256002178
25952,LOF,0.04506357600922754,0.4386582625304367,0.5162781614603358
25953,LOF,0.14896192562342908,0.09088721812073425,0.7601508562558367
25954,Neutral,0.4604117845596303,0.17209191336602708,0.3674963020743427
25955,LOF,0.060875071120704345,0.07108501634764067,0.8680399125316549
25956,LOF,0.14813781643003449,0.10958980963045982,0.7422723739395056
25957,LOF,0.03840583148164094,0.029452136733138325,0.9321420317852208
25958,LOF,0.05864618924441686,0.030703002052170556,0.9106508087034126
25959,LOF,0.07342830001156428,0.3595000338623442,0.5670716661260916
25960,LOF,0.016527416368834934,0.055962252133239146,0.9275103314979259
25961,LOF,0.050477497861501415,0.03278425347474918,0.9167382486637494
25962,LOF,0.06384100003527358,0.028103514077087107,0.9080554858876393
25963,LOF,0.050362812528814666,0.17923882384631792,0.7703983636248675
25964,LOF,0.03457119524938114,0.1683065676173796,0.7971222371332393
25965,Neutral,0.4717884996809891,0.06761686604715346,0.46059463427185743
25966,Neutral,0.5104955613393128,0.1784986855216934,0.3110057531389937
25967,LOF,0.015504046954495594,0.11194170602023927,0.8725542470252651
25968,LOF,0.027563339940833913,0.43548516325520065,0.5369514968039655
25969,LOF,0.02625831816695683,0.06722433324102453,0.9065173485920186
25970,LOF,0.058532736960405805,0.06459592813100237,0.8768713349085919
25971,LOF,0.0779056934084643,0.01838933757402918,0.9037049690175065
25972,LOF,0.07554275508015994,0.026519751046677403,0.8979374938731626
25973,LOF,0.06538292431080112,0.010035040576103348,0.9245820351130956
25974,LOF,0.20377330110253028,0.015691867731097212,0.7805348311663725
25975,LOF,0.0425363461690678,0.030743406671972045,0.9267202471589602
25976,LOF,0.041071426754003215,0.017012660610928047,0.9419159126350687
25977,LOF,0.14468141677305796,0.08290002417928856,0.7724185590476536
25978,LOF,0.13826498473365742,0.05494215880921812,0.8067928564571245
25979,LOF,0.12940252142296546,0.05631998924594391,0.8142774893310907
25980,LOF,0.20457998289630516,0.0732258293095816,0.7221941877941133
25981,LOF,0.23545046704731282,0.07127759333913732,0.6932719396135499
25982,LOF,0.3761681048399865,0.04523989336675246,0.5785920017932611
25983,LOF,0.40352299406194203,0.04958756515538584,0.5468894407826721
25984,LOF,0.053748605496753206,0.049676753343880095,0.8965746411593667
25985,LOF,0.040140410203961197,0.2424928141608371,0.7173667756352017
25986,LOF,0.04490600718934504,0.29014912386296365,0.6649448689476913
25987,LOF,0.0751818177265016,0.0725048214966282,0.8523133607768703
25988,LOF,0.15103758092220593,0.05581609208718353,0.7931463269906105
25989,LOF,0.031072375979057286,0.10305372501898645,0.8658738990019563
25990,LOF,0.04288374224301994,0.1194517521176911,0.8376645056392891
25991,LOF,0.13813038954056794,0.29395420404804035,0.5679154064113917
25992,LOF,0.2861898193054116,0.18529951144005039,0.528510669254538
25993,LOF,0.023206064337961897,0.07666426693231233,0.9001296687297259
25994,LOF,0.01783917435337537,0.1083849426698613,0.8737758829767633
25995,LOF,0.025493819436642064,0.22669123153768403,0.747814949025674
25996,GOF,0.2930956938195656,0.44916245647512665,0.25774184970530784
25997,LOF,0.08136312878965665,0.45245642169203554,0.4661804495183077
25998,Neutral,0.5298582220178456,0.022105506914828023,0.44803627106732646
25999,LOF,0.10785496781663007,0.08365743259330653,0.8084875995900634
26000,LOF,0.15245123268507524,0.04858260522086144,0.7989661620940632
26001,LOF,0.19847652282099804,0.0475843837934514,0.7539390933855505
26002,LOF,0.15146140794132992,0.04794026048934513,0.8005983315693249
26003,GOF,0.010816616618322075,0.59284386463476,0.3963395187469179
26004,GOF,0.01976967180199602,0.6715513946605196,0.30867893353748427
26005,LOF,0.007713057152910888,0.46801525668163313,0.524271686165456
26006,Neutral,0.540487464991227,0.2563184994195866,0.20319403558918636
26007,GOF,0.02305083068319856,0.5393577622810876,0.43759140703571386
26008,GOF,0.01630527370277088,0.6188494774683182,0.3648452488289109
26009,GOF,0.019741106267653175,0.6832181633795463,0.2970407303528005
26010,GOF,0.023435699106359533,0.655189583561514,0.3213747173321264
26011,LOF,0.006540567773724767,0.44369086663896506,0.5497685655873102
26012,GOF,0.012775552377516087,0.5598483052719536,0.4273761423505303
26013,GOF,0.01685172969995216,0.6249045668746803,0.3582437034253674
26014,LOF,0.046858375700909755,0.11142366905836289,0.8417179552407273
26015,LOF,0.16952030418518185,0.009304297045854806,0.8211753987689634
26016,LOF,0.23048131397335037,0.05049001452222186,0.7190286715044277
26017,LOF,0.24992908779637604,0.08452036686513319,0.6655505453384907
26018,LOF,0.09242353614943868,0.025243817420533072,0.8823326464300283
26019,LOF,0.08806938255876112,0.02057026722151864,0.8913603502197202
26020,LOF,0.07750720371702464,0.09737471687322073,0.8251180794097547
26021,LOF,0.047471507488756955,0.1042385851489245,0.8482899073623185
26022,LOF,0.012004759289157627,0.032544695878208206,0.955450544832634
26023,LOF,0.09830811782731955,0.018397776927946315,0.8832941052447341
26024,LOF,0.033487492507709785,0.12081431837525995,0.8456981891170303
26025,LOF,0.1730510428312724,0.07621326036176447,0.7507356968069632
26026,LOF,0.3444470113821766,0.023914743604063052,0.6316382450137603
26027,LOF,0.08025088674267268,0.014410428425152074,0.9053386848321753
26028,LOF,0.17297939001599116,0.06804494855538629,0.7589756614286226
26029,LOF,0.07054136272060377,0.22385141769777425,0.705607219581622
26030,LOF,0.02392721511810866,0.06903129773815683,0.9070414871437344
26031,LOF,0.027757349451693475,0.16235037849508013,0.8098922720532263
26032,LOF,0.06336454830317974,0.07790514311953056,0.8587303085772898
26033,LOF,0.11137356752535288,0.09713197999270366,0.7914944524819435
26034,LOF,0.043018274519289475,0.1921815013037271,0.7648002241769835
26035,LOF,0.026618217469254947,0.17719509608071454,0.7961866864500304
26036,LOF,0.03763220476023231,0.20460734429395427,0.7577604509458135
26037,LOF,0.02255649228026948,0.13944005663701187,0.8380034510827188
26038,LOF,0.059469867262607,0.08043182191668585,0.8600983108207072
26039,LOF,0.04937486667116175,0.17847894883059273,0.7721461844982456
26040,LOF,0.17970754711876125,0.14506533683587744,0.6752271160453612
26041,LOF,0.02264090774767085,0.12328288466097591,0.8540762075913533
26042,LOF,0.021036817995577002,0.11855600236381743,0.8604071796406055
26043,LOF,0.059689423979253094,0.09122869830228235,0.8490818777184647
26044,LOF,0.020296872228362243,0.08326468909681517,0.8964384386748225
26045,LOF,0.07344098663292532,0.11223777584558911,0.8143212375214856
26046,LOF,0.060556539077597976,0.09114086690921049,0.8483025940131915
26047,LOF,0.08370011243978866,0.09635597760391151,0.8199439099562998
26048,LOF,0.056197196085813444,0.04362264727679461,0.9001801566373919
26049,Neutral,0.9626489513092592,0.007956921691881736,0.029394126998859182
26050,Neutral,0.9449759951055152,0.010444719304298973,0.04457928559018574
26051,LOF,0.05286375829554006,0.27142578626425096,0.6757104554402089
26052,LOF,0.06868365517674703,0.3045060700578027,0.6268102747654503
26053,LOF,0.054985802935096376,0.11923685864227826,0.8257773384226254
26054,LOF,0.05239290731560325,0.017028770951349474,0.9305783217330473
26055,LOF,0.07300947438754787,0.013886692877497431,0.9131038327349548
26056,LOF,0.06148802214836856,0.015716143028009215,0.9227958348236223
26057,LOF,0.028312953499031367,0.011979334517540687,0.9597077119834279
26058,LOF,0.02908676945167684,0.009993222251874469,0.9609200082964487
26059,LOF,0.3122089023361024,0.01972575127908102,0.6680653463848166
26060,LOF,0.03752485503198858,0.1822146889126757,0.7802604560553357
26061,LOF,0.017658331721673675,0.01060486961430445,0.9717367986640219
26062,LOF,0.010780381682069483,0.01761083086986041,0.9716087874480701
26063,LOF,0.022128492657430388,0.011791066771093916,0.9660804405714756
26064,LOF,0.020577205762188987,0.02097447412348071,0.9584483201143303
26065,LOF,0.02449946585624672,0.010816149788377949,0.9646843843553754
26066,LOF,0.02121726549014493,0.01160222562409973,0.9671805088857554
26067,LOF,0.02832526375380716,0.009046008678627244,0.9626287275675656
26068,LOF,0.045497230512017144,0.02626000626443515,0.9282427632235476
26069,LOF,0.25743274825136997,0.017901725153462913,0.7246655265951671
26070,LOF,0.3689196344394172,0.015279786680261344,0.6158005788803215
26071,LOF,0.023310769647841772,0.012462593340674665,0.9642266370114836
26072,LOF,0.021859080365345833,0.015871136465530403,0.9622697831691238
26073,LOF,0.024068544797212932,0.011162681637289087,0.9647687735654981
26074,Neutral,0.9065544490500316,0.005352369090839257,0.08809318185912926
26075,LOF,0.04628744556784995,0.014192962437917553,0.9395195919942324
26076,LOF,0.0470570720810458,0.00922807825749369,0.9437148496614605
26077,LOF,0.009921798633475209,0.017767092025920837,0.9723111093406039
26078,LOF,0.013965692556633064,0.011788300038607449,0.9742460074047595
26079,LOF,0.06048769725876427,0.015422733688977664,0.924089569052258
26080,LOF,0.05928408950444976,0.015438481304647238,0.925277429190903
26081,LOF,0.04147414744275895,0.006459414510658679,0.9520664380465823
26082,LOF,0.01366043217128194,0.015235686480331655,0.9711038813483865
26083,LOF,0.1281882620139205,0.013038082941992794,0.8587736550440868
26084,LOF,0.028793769701609514,0.011847198723347151,0.9593590315750434
26085,LOF,0.024865138668220002,0.011291996136340255,0.9638428651954397
26086,LOF,0.023578013514557808,0.011686773496439271,0.964735212989003
26087,LOF,0.02807807597332211,0.008332646692956117,0.9635892773337218
26088,LOF,0.014335283189572619,0.024435581428023597,0.9612291353824038
26089,LOF,0.043825679662928926,0.02159032093258738,0.9345839994044837
26090,LOF,0.04347235296656476,0.016957006004670355,0.9395706410287649
26091,LOF,0.04039432414603968,0.006323790118869471,0.9532818857350909
26092,LOF,0.02645701181600781,0.008355470105669272,0.9651875180783228
26093,LOF,0.04027240433910055,0.0060183983762319045,0.9537091972846676
26094,LOF,0.0441398860931746,0.006548151064784963,0.9493119628420404
26095,LOF,0.04167513433805083,0.013558809812608125,0.944766055849341
26096,LOF,0.017526389943126504,0.013459019888521011,0.9690145901683526
26097,LOF,0.011161554990962051,0.03432593182603576,0.9545125131830022
26098,LOF,0.07665925431678716,0.009865364686515648,0.9134753809966972
26099,LOF,0.02507424719299065,0.012032179402666049,0.9628935734043432
26100,LOF,0.027723113405574373,0.011604362755807094,0.9606725238386186
26101,LOF,0.05944622049089713,0.01454011823399486,0.926013661275108
26102,LOF,0.024201939925956595,0.013324137113144119,0.9624739229608993
26103,Neutral,0.8845891432197183,0.01755576409376864,0.097855092686513
26104,LOF,0.08129830622510477,0.022097396588180475,0.8966042971867147
26105,LOF,0.20685276018635448,0.2910426666063611,0.5021045732072844
26106,LOF,0.19529200533711363,0.12179656976070394,0.6829114249021824
26107,LOF,0.2200779524854607,0.08777295110188726,0.692149096412652
26108,LOF,0.2648345427396095,0.1111881540009853,0.6239773032594051
26109,LOF,0.08311149997418275,0.05968574916327063,0.8572027508625465
26110,LOF,0.23606132629102347,0.00850774820427162,0.7554309255047049
26111,Neutral,0.503029564147598,0.02260407975486878,0.47436635609753325
26112,LOF,0.035594972857155786,0.008202179508816198,0.956202847634028
26113,LOF,0.056644278262916264,0.017050041971977212,0.9263056797651065
26114,LOF,0.026969525146570267,0.024859217324210238,0.9481712575292195
26115,LOF,0.0883956520095954,0.049854765454899114,0.8617495825355055
26116,LOF,0.06557078077811541,0.05562208042118845,0.878807138800696
26117,LOF,0.42462916604162365,0.04066387829930621,0.5347069556590701
26118,LOF,0.035347573091374415,0.026597548530792443,0.9380548783778331
26119,LOF,0.02133576169772234,0.03592225709589529,0.9427419812063824
26120,LOF,0.02855960420968046,0.022790069154931352,0.9486503266353881
26121,LOF,0.04220981357245938,0.07734179015742787,0.8804483962701128
