feature0,prediction,LoGoFunc_Neutral,LoGoFunc_GOF,LoGoFunc_LOF
25546,Neutral,0.548644289115012,0.16071981901299992,0.29063589187198813
25547,Neutral,0.43692405803583106,0.21355443786577827,0.3495215040983908
25548,LOF,0.37374342200652033,0.22210026460191765,0.4041563133915621
25549,LOF,0.3334465407889372,0.2240625330576976,0.44249092615336516
25550,LOF,0.32834544039160124,0.22426976398612763,0.4473847956222711
25551,LOF,0.25052848446694553,0.2161111455112459,0.5333603700218085
25552,LOF,0.23708101181523022,0.23973160401332547,0.5231873841714443
25553,Neutral,0.7307143189619049,0.12089917754232923,0.14838650349576585
25554,LOF,0.26888750027324326,0.18848135199406874,0.5426311477326881
25555,LOF,0.2246475623032533,0.18425471168616644,0.5910977260105803
25556,Neutral,0.4120154129135596,0.17709338128068783,0.4108912058057526
25557,LOF,0.2017114790928103,0.2157721862707052,0.5825163346364846
25558,LOF,0.25073091305365586,0.22332311490564877,0.5259459720406954
25559,LOF,0.2359590936492313,0.05881785627326476,0.705223050077504
25560,LOF,0.06374448577218851,0.19343241871362496,0.7428230955141866
25561,LOF,0.04571285710374799,0.3358283021781962,0.6184588407180558
25562,LOF,0.03360230869964154,0.10922669696682598,0.8571709943335325
25563,LOF,0.006635844652361073,0.2207685399006436,0.7725956154469954
25564,LOF,0.06246533104623266,0.06114149699386289,0.8763931719599044
25565,LOF,0.1634245444367178,0.15275725640129534,0.6838181991619868
25566,GOF,0.07134863951534105,0.6808131053282511,0.2478382551564078
25567,LOF,0.04005736542551408,0.09545847025286067,0.8644841643216252
25568,LOF,0.07508722114382686,0.07477798600615376,0.8501347928500194
25569,LOF,0.07411218597476453,0.06556992476517798,0.8603178892600574
25570,LOF,0.025012662167822615,0.0980325297042224,0.876954808127955
25571,LOF,0.02495008127238333,0.09321963419602429,0.8818302845315924
25572,LOF,0.04563250809526984,0.08643043523787586,0.8679370566668544
25573,LOF,0.08179327716711747,0.10565740607305836,0.8125493167598241
25574,LOF,0.10693559236323957,0.21667850612178094,0.6763859015149795
25575,LOF,0.024552254284044322,0.1000771385865727,0.8753706071293829
25576,LOF,0.024468044556269934,0.11164057188930107,0.863891383554429
25577,LOF,0.030816823196755223,0.08614809953881007,0.8830350772644346
25578,LOF,0.2921080377134906,0.08318721279660982,0.6247047494898995
25579,LOF,0.2928917705191148,0.0809948313948656,0.6261133980860196
25580,LOF,0.028659647585954462,0.083560450640844,0.8877799017732015
25581,LOF,0.04421094911997803,0.10815849169130298,0.847630559188719
25582,LOF,0.04421094911997803,0.10815849169130298,0.847630559188719
25583,LOF,0.03025134136866713,0.09015109999610944,0.8795975586352234
25584,Neutral,0.777996527270706,0.05722142719350326,0.16478204553579084
25585,LOF,0.024624217251763437,0.08855167519918204,0.8868241075490546
25586,LOF,0.025184347169112678,0.095432435715768,0.8793832171151194
25587,LOF,0.025962513680624213,0.10170285473358452,0.8723346315857914
25588,LOF,0.030551346323772613,0.07424259002073792,0.8952060636554894
25589,Neutral,0.6547250396419798,0.1354012696722029,0.2098736906858173
25590,LOF,0.06791693502282418,0.0849780420674743,0.8471050229097015
25591,LOF,0.1290461169403405,0.05474513382772164,0.8162087492319379
25592,LOF,0.09490191386628594,0.153028878072088,0.752069208061626
25593,LOF,0.14343603666111068,0.3048591831536155,0.5517047801852738
25594,LOF,0.04967591241168903,0.06398517928202246,0.8863389083062885
25595,LOF,0.062480163599819734,0.036601016780493066,0.9009188196196872
25596,LOF,0.14002987769249517,0.01774039629878652,0.8422297260087184
25597,LOF,0.11097383627084433,0.008765784168775975,0.8802603795603797
25598,LOF,0.06000744577197306,0.0384504514830495,0.9015421027449775
25599,GOF,0.027697526590363928,0.5756371123412148,0.39666536106842126
25600,GOF,0.17826779646865554,0.5341981307438096,0.28753407278753496
25601,LOF,0.05098554674249254,0.3632910858450373,0.5857233674124701
25602,LOF,0.04538350668260688,0.0488720557758361,0.9057444375415571
25603,LOF,0.07417428889883379,0.03520050869547908,0.8906252024056872
25604,LOF,0.08214056681059267,0.08328910523642302,0.8345703279529844
25605,LOF,0.10153460403920478,0.1291658917604566,0.7692995042003385
25606,Neutral,0.5852487146630904,0.12745126395966944,0.2873000213772401
25607,LOF,0.045391868191390725,0.14113014997359544,0.8134779818350139
25608,LOF,0.05857520210989668,0.12373139601242851,0.8176934018776748
25609,GOF,0.15097725979130064,0.5995498817021722,0.24947285850652726
25610,LOF,0.014181214221431333,0.10076470983633003,0.8850540759422385
25611,LOF,0.013593524056187835,0.09852815890429605,0.8878783170395163
25612,LOF,0.058594136375238366,0.08372114108969021,0.8576847225350714
25613,LOF,0.05427435106843453,0.08994375238640744,0.8557818965451581
25614,LOF,0.021508358470285992,0.10043967347403113,0.8780519680556829
25615,LOF,0.0522088496370434,0.10686439192046916,0.8409267584424875
25616,LOF,0.05319316934601779,0.0896181322914291,0.8571886983625532
25617,LOF,0.05431881874998188,0.09105893831408579,0.8546222429359324
25618,LOF,0.04583235228924301,0.3793071887200943,0.5748604589906627
25619,LOF,0.012330710075054952,0.20908271606251663,0.7785865738624285
25620,LOF,0.0485591399457926,0.09148564401157734,0.85995521604263
25621,LOF,0.0714742187701472,0.09688474711159911,0.8316410341182536
25622,LOF,0.07973756543161727,0.09091639190978124,0.8293460426586013
25623,LOF,0.06165292752597629,0.07433932958194647,0.8640077428920773
25624,LOF,0.020814543223652022,0.12495649920686487,0.8542289575694831
25625,LOF,0.053350250313943214,0.07658312863228184,0.8700666210537751
25626,LOF,0.03567639940035349,0.06702356506495244,0.897300035534694
25627,Neutral,0.8753684846721498,0.03748340790570421,0.08714810742214611
25628,LOF,0.16280758342078494,0.09106087976742308,0.746131536811792
25629,LOF,0.07161229059775867,0.0819897784336978,0.8463979309685434
25630,LOF,0.2406356896263193,0.07422448944384948,0.6851398209298312
25631,LOF,0.46576974986029607,0.06483614244910475,0.4693941076905993
25632,LOF,0.024548313906440005,0.038853571851499014,0.936598114242061
25633,LOF,0.28197251303966103,0.01796004588656992,0.7000674410737692
25634,LOF,0.054616128790707916,0.03337710737539819,0.9120067638338939
25635,LOF,0.035261585704900844,0.020363159079823313,0.944375255215276
25636,GOF,0.02698348983214071,0.6927421579210588,0.2802743522468004
25637,GOF,0.03217228112754446,0.5347929782434687,0.4330347406289869
25638,GOF,0.018630000740240547,0.6305445148680748,0.3508254843916846
25639,LOF,0.024700407537058513,0.44503174215639774,0.5302678503065438
25640,Neutral,0.8393624410857979,0.13551081757664138,0.02512674133756064
25641,LOF,0.12238203753978517,0.3108909950215828,0.5667269674386319
25642,LOF,0.1155818085521332,0.21942796455527125,0.6649902268925956
25643,LOF,0.35753989662152025,0.19785532951612134,0.4446047738623585
25644,GOF,0.007550980267741499,0.5182882541027539,0.47416076562950465
25645,LOF,0.011031520043083548,0.44922101236272993,0.5397474675941866
25646,LOF,0.016366753797950367,0.29413203032796326,0.6895012158740864
25647,LOF,0.010220613583088515,0.22080336912915632,0.7689760172877551
25648,LOF,0.013452843975509296,0.2801746402928962,0.7063725157315945
25649,LOF,0.008425626505981585,0.15292824166825775,0.8386461318257605
25650,LOF,0.023321199474300877,0.43808522653557497,0.5385935739901242
25651,LOF,0.008237323641805733,0.23815926051756858,0.7536034158406256
25652,LOF,0.005945248308296566,0.41506464919599284,0.5789901024957106
25653,GOF,0.019594236353115607,0.5078817824072676,0.47252398123961686
25654,LOF,0.006381194292629132,0.374514694380155,0.6191041113272159
25655,GOF,0.060421828853114846,0.6589989378788249,0.2805792332680603
25656,GOF,0.2032519793015842,0.40795187293034246,0.3887961477680733
25657,LOF,0.02540588992458836,0.41450642372328383,0.5600876863521279
25658,GOF,0.14779348655057084,0.4732205779194184,0.3789859355300107
25659,GOF,0.20612856982533354,0.5819442128003652,0.2119272173743012
25660,LOF,0.014574948224654176,0.3262255026008247,0.6591995491745211
25661,LOF,0.04828921011570167,0.22949579912797577,0.7222149907563226
25662,LOF,0.01987845951780899,0.1347265201785363,0.8453950203036547
25663,LOF,0.018963742811300307,0.11259950876559484,0.8684367484231049
25664,LOF,0.06387857549476367,0.20776164326504198,0.7283597812401943
25665,LOF,0.03551732692463659,0.10687280396577598,0.8576098691095874
25666,LOF,0.05327974126755674,0.14534678606942864,0.8013734726630145
25667,LOF,0.05132428715151423,0.16469278943550397,0.7839829234129817
25668,LOF,0.01770308837180167,0.1790427406937906,0.8032541709344078
25669,LOF,0.016851226884091245,0.18381299856400588,0.7993357745519029
25670,LOF,0.08684137853108044,0.11943571062269241,0.7937229108462271
25671,LOF,0.07408951912988494,0.10307721361275063,0.8228332672573644
25672,LOF,0.03173979362471231,0.17635634999882624,0.7919038563764613
25673,LOF,0.06530108714869161,0.12052881259332753,0.8141701002579808
25674,LOF,0.058440266391525726,0.1486543001115684,0.7929054334969059
25675,LOF,0.05051952020799471,0.1814926489343264,0.767987830857679
25676,LOF,0.014785228834915547,0.1645100193912954,0.8207047517737891
25677,LOF,0.013799771910940076,0.23036406277968238,0.7558361653093776
25678,LOF,0.12936657141496,0.21630963607229492,0.6543237925127452
25679,LOF,0.09768150814366536,0.1986148661587174,0.7037036256976174
25680,LOF,0.014624445868507733,0.307936768082242,0.6774387860492503
25681,LOF,0.02354390220291149,0.27707258799663903,0.6993835098004494
25682,LOF,0.05718669838775108,0.1702011114649138,0.7726121901473352
25683,LOF,0.058578081038593,0.15643918825621542,0.7849827307051914
25684,LOF,0.019375227167617654,0.18132208281638768,0.7993026900159946
25685,LOF,0.09012284388987557,0.19708409075143088,0.7127930653586936
25686,LOF,0.043027995310511186,0.32771111320205226,0.6292608914874366
25687,LOF,0.0673774096484648,0.35970257310345266,0.5729200172480825
25688,LOF,0.4286340469557685,0.03763836491289105,0.5337275881313405
25689,LOF,0.2185187344634765,0.03970619779482998,0.7417750677416934
25690,LOF,0.3174733641126093,0.0328902119410596,0.6496364239463311
25691,Neutral,0.7081785362225796,0.03774087982341854,0.2540805839540018
25692,LOF,0.35814455052191096,0.013627311767319567,0.6282281377107696
25693,LOF,0.0982147406709094,0.3412955096967983,0.5604897496322923
25694,LOF,0.09251848930530225,0.025643818723971257,0.8818376919707265
25695,LOF,0.09813503091079478,0.01765568399972345,0.8842092850894817
25696,LOF,0.09333408818536466,0.029825438364012233,0.8768404734506231
25697,LOF,0.05417830781255764,0.1316744539284403,0.814147238259002
25698,LOF,0.32365098250901664,0.15066247456592324,0.5256865429250601
25699,LOF,0.3486557151458976,0.21975502223340326,0.4315892626206992
25700,LOF,0.07452645364364012,0.028204854148545143,0.8972686922078147
25701,LOF,0.17681618042428374,0.10829129001136363,0.7148925295643527
25702,GOF,0.15397413483306793,0.7146316346140542,0.1313942305528779
25703,LOF,0.012935342579264814,0.3137590167989317,0.6733056406218034
25704,LOF,0.018614103780701902,0.2476703602714201,0.733715535947878
25705,LOF,0.02195816071363072,0.1947921198951243,0.7832497193912451
25706,GOF,0.12246621784311729,0.5316078924881708,0.3459258896687119
25707,GOF,0.09093715432875278,0.5076718035930962,0.4013910420781511
25708,GOF,0.043596912541768736,0.5791004386699072,0.37730264878832415
25709,LOF,0.061912454215618105,0.12648012239468528,0.8116074233896965
25710,LOF,0.016859569331615767,0.18620914810040803,0.7969312825679763
25711,LOF,0.016853682467591804,0.1756673713754917,0.8074789461569165
25712,LOF,0.014939939008427211,0.230593352547661,0.7544667084439118
25713,LOF,0.018564656663342945,0.17827157359510723,0.8031637697415498
25714,LOF,0.06455533894872223,0.18889465204152242,0.7465500090097553
25715,LOF,0.012316605312146423,0.24188942262228183,0.7457939720655717
25716,LOF,0.012726362893659514,0.1490285962691412,0.8382450408371992
25717,LOF,0.01596279631384737,0.10251515610055328,0.8815220475855993
25718,LOF,0.012243579247689653,0.13334848822313364,0.8544079325291767
25719,LOF,0.018678530093307322,0.19190591631882195,0.7894155535878707
25720,LOF,0.023737197383066396,0.11080251483789717,0.8654602877790364
25721,LOF,0.011652237074368089,0.2191832338683453,0.7691645290572866
25722,LOF,0.012951432995488324,0.21324074550571812,0.7738078214987937
25723,LOF,0.02132145442498445,0.1595304372786696,0.819148108296346
25724,LOF,0.04415103806671014,0.37275828887583967,0.5830906730574502
25725,LOF,0.011765700139188007,0.21132062611614824,0.7769136737446637
25726,LOF,0.012476307492500258,0.21599462370962874,0.771529068797871
25727,LOF,0.01481493841453217,0.19640151496668654,0.7887835466187813
25728,LOF,0.011647479439804502,0.23754447045126373,0.7508080501089318
25729,LOF,0.012139560356565533,0.24532382480528156,0.742536614838153
25730,LOF,0.012908323405065583,0.238304494646707,0.7487871819482274
25731,LOF,0.014218934411101001,0.15137430897016751,0.8344067566187315
25732,LOF,0.012810688297637391,0.11475398606508908,0.8724353256372736
25733,LOF,0.011878083201113493,0.13428541167807148,0.853836505120815
25734,LOF,0.015849882995048924,0.17896383013407866,0.8051862868708723
25735,LOF,0.012143433978899916,0.14609478561612663,0.8417617804049734
25736,LOF,0.011487219572452537,0.15330908500914384,0.8352036954184036
25737,LOF,0.01288430185865595,0.1903939796860342,0.7967217184553099
25738,LOF,0.013233097918291751,0.21703892671778707,0.7697279753639212
25739,LOF,0.01803186788493042,0.17441639972478049,0.807551732390289
25740,LOF,0.03125147397510426,0.2152459590248146,0.7535025670000812
25741,LOF,0.016137695725550138,0.23384262147386747,0.7500196828005824
25742,LOF,0.09078742208028491,0.14480517628945436,0.7644074016302609
25743,LOF,0.026464313247788484,0.05551170276860322,0.9180239839836084
25744,Neutral,0.5597589615767062,0.289737079416024,0.15050395900726968
25745,LOF,0.040411046077933825,0.16389862522117013,0.7956903287008961
25746,LOF,0.023593160372597274,0.2215193228315258,0.7548875167958768
25747,LOF,0.01327098211065106,0.1697409229410004,0.8169880949483486
25748,LOF,0.07178307932749116,0.26732702530666796,0.660889895365841
25749,LOF,0.01491448966433354,0.2062076278300193,0.7788778825056472
25750,LOF,0.03446175449417994,0.18986285519173407,0.775675390314086
25751,LOF,0.0884180946126338,0.2626431782302368,0.6489387271571294
25752,GOF,0.08843882445448203,0.7302908509815991,0.18127032456391903
25753,LOF,0.01989296861326161,0.425848289477456,0.5542587419092825
25754,GOF,0.01975649787654743,0.7577888075582159,0.22245469456523673
25755,LOF,0.025559193949875735,0.37733081895207343,0.5971099870980509
25756,GOF,0.03185080641227386,0.531398917253036,0.43675027633469016
25757,GOF,0.014080301507207507,0.8710148293973357,0.11490486909545679
25758,GOF,0.02680247824088435,0.8464441642469538,0.12675335751216193
25759,GOF,0.015432007991474985,0.7228504422047367,0.2617175498037884
25760,LOF,0.016993326818361257,0.41766917559851935,0.5653374975831195
25761,GOF,0.20556098601657785,0.7264755225010062,0.06796349148241591
25762,LOF,0.038261911034664246,0.46211949466793284,0.4996185942974028
25763,LOF,0.015301109203915154,0.3186757446094473,0.6660231461866375
25764,GOF,0.06863929054754997,0.7931687522721371,0.13819195718031277
25765,GOF,0.033544418898588134,0.8218553574193236,0.14460022368208833
25766,GOF,0.05984068379824596,0.850364326385087,0.0897949898166671
25767,GOF,0.07849380558961482,0.6757623879873436,0.24574380642304158
25768,LOF,0.07359421161792991,0.09346735738566271,0.8329384309964074
25769,LOF,0.05455553522285416,0.07324653032342414,0.8721979344537216
25770,LOF,0.3162619710627084,0.06384030460345202,0.6198977243338395
25771,LOF,0.06293053394920282,0.032188733496017745,0.9048807325547794
25772,LOF,0.017652761772956063,0.058977727693395814,0.923369510533648
25773,LOF,0.066078945624149,0.028285338810566756,0.9056357155652842
25774,LOF,0.03322492470217574,0.09771468930016783,0.8690603859976564
25775,LOF,0.08062057168730127,0.024747076445404293,0.8946323518672945
25776,LOF,0.06891100438011441,0.03238864168601928,0.8987003539338663
25777,Neutral,0.4878419123630347,0.03513090680652686,0.47702718083043855
25778,LOF,0.05839521731865567,0.0565792002003893,0.8850255824809551
25779,Neutral,0.5493333426169932,0.3057146428801129,0.14495201450289405
25780,Neutral,0.48442068529622306,0.2802454470846986,0.2353338676190783
25781,GOF,0.20178292861766792,0.4898893288021044,0.30832774258022755
25782,GOF,0.3091960678554365,0.4199146333665094,0.27088929877805407
25783,GOF,0.03671037652412251,0.5100931067371128,0.45319651673876454
25784,Neutral,0.6959010597858357,0.17283387920812715,0.13126506100603713
25785,Neutral,0.6973506039387173,0.11089745364591905,0.1917519424153637
25786,LOF,0.034520973387929345,0.48108596998830633,0.48439305662376425
25787,Neutral,0.8368034145450823,0.06171462593070265,0.10148195952421499
25788,LOF,0.07059475065809408,0.026518347745266665,0.9028869015966393
25789,LOF,0.32656083849105483,0.33249469794097747,0.3409444635679677
25790,LOF,0.31673352720562226,0.3351397149798109,0.3481267578145668
25791,LOF,0.22972357865597395,0.29742753453675824,0.47284888680726767
25792,Neutral,0.47670613085947483,0.17135599170610197,0.3519378774344231
25793,LOF,0.2951703466653054,0.19340769969612456,0.5114219536385701
25794,Neutral,0.41543283587518487,0.23627226392106485,0.3482949002037503
25795,LOF,0.09666449079361558,0.3977644868576098,0.5055710223487746
25796,Neutral,0.6343094786843267,0.1516525738600351,0.21403794745563806
25797,LOF,0.109944708622243,0.2752745309089317,0.6147807604688251
25798,LOF,0.014654928627662584,0.3069143049750316,0.6784307663973058
25799,LOF,0.01390065779634003,0.283370063265285,0.7027292789383749
25800,LOF,0.056461494798275474,0.37767714822029497,0.5658613569814296
25801,GOF,0.3080299491002736,0.36105945473653756,0.33091059616318885
25802,LOF,0.07287048127417692,0.40873577558242347,0.5183937431433996
25803,LOF,0.05317106761639939,0.33500518771767135,0.6118237446659294
25804,LOF,0.047852621740173976,0.3479265432483102,0.6042208350115158
25805,LOF,0.12936145448076838,0.3768102888487159,0.49382825667051583
25806,LOF,0.14872271504636658,0.3402833568722558,0.5109939280813777
25807,LOF,0.02465818864460397,0.34282029354379284,0.6325215178116032
25808,LOF,0.13350434597769234,0.30887659301062614,0.5576190610116815
25809,LOF,0.028977065147095436,0.2891964886932825,0.6818264461596221
25810,LOF,0.035618500463248756,0.284733694757233,0.6796478047795182
25811,Neutral,0.670559580321271,0.1656968072201351,0.16374361245859378
25812,LOF,0.05721768618578428,0.32646393178448124,0.6163183820297344
25813,Neutral,0.6677656249540888,0.08172619086635631,0.25050818417955484
25814,LOF,0.2140791787523884,0.30879317231552617,0.47712764893208554
25815,Neutral,0.37899318416671773,0.2538303368828127,0.3671764789504696
25816,LOF,0.026589507027203647,0.34984991780257474,0.6235605751702217
25817,GOF,0.32034449559300976,0.3866445419165222,0.29301096249046815
25818,LOF,0.046774054814376326,0.2750625164663881,0.6781634287192356
25819,Neutral,0.4365388616473301,0.22858033492586205,0.3348808034268079
25820,LOF,0.2522395745579486,0.29927831412036887,0.44848211132168264
25821,LOF,0.09091766694116953,0.366193984984525,0.5428883480743055
25822,LOF,0.3025014261546349,0.2620660211112695,0.4354325527340956
25823,LOF,0.05207987658004531,0.33803743764528926,0.6098826857746655
25824,LOF,0.12609084321197145,0.25376431712029346,0.6201448396677351
25825,LOF,0.05232793834947182,0.2691306352206774,0.6785414264298507
25826,LOF,0.016543803298043353,0.29064169933160056,0.692814497370356
25827,LOF,0.028401114876392585,0.38762322129962057,0.5839756638239869
25828,LOF,0.019639605080527422,0.3216380080204644,0.6587223868990081
25829,LOF,0.010916456221435595,0.3304820525820584,0.6586014911965059
25830,LOF,0.03952340874619077,0.050735478390476256,0.909741112863333
25831,GOF,0.2665240377867357,0.42760293822394685,0.30587302398931754
25832,LOF,0.04254922636764644,0.39172112098246986,0.5657296526498836
25833,LOF,0.15153719277267658,0.385931351497977,0.46253145572934656
25834,LOF,0.05561834522260666,0.39201571419298464,0.5523659405844087
25835,LOF,0.170691322290814,0.34117548375314116,0.48813319395604476
25836,LOF,0.07041162963239417,0.38580396284999724,0.5437844075176086
25837,LOF,0.03895465085642372,0.3085703784908781,0.6524749706526982
25838,LOF,0.15549060580123278,0.40285701379710254,0.44165238040166477
25839,Neutral,0.47582100619858586,0.21650575857696872,0.3076732352244454
25840,Neutral,0.3721866604826117,0.3007102525529965,0.32710308696439183
25841,Neutral,0.39938629212830623,0.26783568924144946,0.3327780186302443
25842,LOF,0.26855360825023045,0.2828186870543685,0.44862770469540103
25843,GOF,0.3061739303451418,0.3748084826945254,0.3190175869603327
25844,LOF,0.10644414868621871,0.28859008801686264,0.6049657632969186
25845,LOF,0.02280126849483843,0.3532024374278544,0.6239962940773071
25846,LOF,0.17873705113801536,0.36799226191827256,0.4532706869437122
25847,LOF,0.18502537072748038,0.39051672223864026,0.4244579070338795
25848,LOF,0.05305037676290325,0.3221924009436308,0.6247572222934661
25849,LOF,0.014903076594437584,0.31842327431343537,0.666673649092127
25850,LOF,0.03368566029917385,0.3669433610730409,0.5993709786277852
25851,LOF,0.026509103395867248,0.35443085597517177,0.6190600406289609
25852,LOF,0.17914675942102587,0.308920630343915,0.5119326102350592
25853,Neutral,0.4434106695347584,0.29573432446808884,0.2608550059971527
25854,LOF,0.03076957389828794,0.4563341705675327,0.5128962555341793
25855,LOF,0.06896478351073139,0.31508944169380027,0.6159457747954683
25856,LOF,0.2973994218852132,0.2903806957620871,0.41221988235269963
25857,LOF,0.0555182684100051,0.3354416111631001,0.6090401204268948
25858,LOF,0.030954988638972104,0.4392924967309428,0.529752514630085
25859,LOF,0.01603053145436874,0.44740229751657035,0.5365671710290609
25860,Neutral,0.4263199024223239,0.276698446724886,0.2969816508527899
25861,Neutral,0.4452933426545761,0.36783691903127425,0.18686973831414969
25862,GOF,0.10713878479079571,0.47452008966093157,0.4183411255482727
25863,GOF,0.11065018107871959,0.48250661029432984,0.40684320862695056
25864,GOF,0.2718994514994917,0.4609933730321411,0.26710717546836715
25865,GOF,0.12589548284550958,0.5399050782156601,0.3341994389388303
25866,GOF,0.10286392760689168,0.5570779395696622,0.34005813282344605
25867,GOF,0.13229374568361182,0.6002259197418568,0.2674803345745314
25868,GOF,0.2950416860940148,0.35619568095877724,0.34876263294720794
25869,Neutral,0.7796381548224646,0.1257285771821471,0.09463326799538822
25870,LOF,0.28888127800428265,0.027134641793654723,0.6839840802020626
25871,LOF,0.22926845264125756,0.290454046211379,0.48027750114736334
25872,LOF,0.10629150963522198,0.25558866333977576,0.6381198270250021
25873,LOF,0.18014947207703308,0.2461770039638596,0.5736735239591073
25874,LOF,0.02738991599692511,0.03126773446308049,0.9413423495399945
25875,LOF,0.028918760200137377,0.2963722812109033,0.6747089585889593
25876,LOF,0.020766821917865178,0.09845556528987931,0.8807776127922555
25877,LOF,0.3189112085776053,0.23078140762845012,0.45030738379394464
25878,LOF,0.10850378910677455,0.3607044963109449,0.5307917145822806
25879,LOF,0.048967758042083795,0.3829129126639578,0.5681193292939583
25880,LOF,0.019924289593471815,0.046974214705267775,0.9331014957012603
25881,LOF,0.38692737946053735,0.12263016452303098,0.4904424560164315
25882,LOF,0.07683575906281254,0.021341990699274675,0.9018222502379127
25883,LOF,0.09617770047730052,0.023954581487200404,0.8798677180354991
25884,LOF,0.06482524674801882,0.03935283594382876,0.8958219173081523
25885,LOF,0.07742922507715366,0.025581355088534836,0.8969894198343115
25886,LOF,0.23811404432113525,0.05607958919323818,0.7058063664856266
25887,LOF,0.3254634325291058,0.10016039938333922,0.574376168087555
25888,LOF,0.1508335479968962,0.042953404809828344,0.8062130471932754
25889,LOF,0.058254814234377145,0.03451265117883164,0.9072325345867912
25890,LOF,0.05964118045032555,0.10043053285643039,0.839928286693244
25891,LOF,0.05873585307611081,0.055710684392283355,0.8855534625316058
25892,LOF,0.11285890071462468,0.03873200115926277,0.8484090981261125
25893,LOF,0.35305081642392744,0.02866555208528523,0.6182836314907874
25894,LOF,0.19875831764179466,0.016159642151859364,0.7850820402063461
25895,LOF,0.2561551398136214,0.015946198820239375,0.7278986613661392
25896,LOF,0.053351958962955526,0.025887164237179745,0.9207608767998647
25897,LOF,0.2518198797558546,0.032783098848057614,0.7153970213960879
25898,Neutral,0.751698203057496,0.018948582399715582,0.22935321454278826
25899,LOF,0.22865395369439523,0.0962165292127132,0.6751295170928916
25900,Neutral,0.6167271896134485,0.022415874856290624,0.3608569355302609
25901,LOF,0.05595095743535026,0.022114724840578873,0.9219343177240708
25902,LOF,0.2245931788934036,0.016124751332134292,0.7592820697744621
25903,Neutral,0.5761205240063301,0.05343558249454594,0.37044389349912393
25904,LOF,0.3453422650340808,0.05262415194549921,0.6020335830204199
25905,GOF,0.03329020839716054,0.4959195019702544,0.4707902896325849
25906,LOF,0.02572132756114279,0.07565357073130985,0.8986251017075473
25907,LOF,0.011145917281657699,0.38975425877098263,0.5990998239473597
25908,LOF,0.016521153201569296,0.24443159761220778,0.739047249186223
25909,LOF,0.01910968741744974,0.2541741941103071,0.7267161184722432
25910,LOF,0.02793214636457163,0.3966122925814645,0.5754555610539638
25911,LOF,0.05887550416126291,0.04108972541421241,0.9000347704245246
25912,LOF,0.027754014916442443,0.0892691329065591,0.8829768521769985
25913,LOF,0.21422571952717828,0.02376022098586235,0.7620140594869594
25914,LOF,0.021741433967752646,0.18096411792887868,0.7972944481033688
25915,GOF,0.38571777286538267,0.44095233909122733,0.17332988804339003
25916,GOF,0.026135694758763563,0.6298782660747271,0.3439860391665093
25917,LOF,0.0327261860500784,0.09878388180231919,0.8684899321476024
25918,LOF,0.02539756672941109,0.09022856880083738,0.8843738644697516
25919,LOF,0.02480648242913039,0.08357276203029171,0.8916207555405778
25920,GOF,0.1502736594202272,0.47971750406405866,0.3700088365157141
25921,LOF,0.041667732369935845,0.02808285433836744,0.9302494132916966
25922,LOF,0.052936713188298505,0.016908959598294415,0.9301543272134072
25923,LOF,0.38925454409522603,0.037576106166215,0.5731693497385589
25924,LOF,0.0440431192987224,0.02330655226321596,0.9326503284380617
25925,LOF,0.08186066797382058,0.04474976187515263,0.8733895701510268
25926,LOF,0.06437354240322889,0.028314271499966053,0.9073121860968051
25927,LOF,0.07917340295337329,0.11051649576184826,0.8103101012847785
25928,LOF,0.026675408749834546,0.018289977796546862,0.9550346134536185
25929,Neutral,0.5064973694263998,0.03511032136963711,0.4583923092039632
25930,LOF,0.09524297534197428,0.02140563023821988,0.8833513944198059
25931,LOF,0.0342476636788104,0.01352162942906985,0.9522307068921197
25932,LOF,0.036158353571326456,0.015371038949392351,0.9484706074792812
25933,LOF,0.044750901661135274,0.012721619573664134,0.9425274787652005
25934,LOF,0.030782308684843055,0.018580514434858295,0.9506371768802986
25935,LOF,0.0778348590175216,0.03536861471144167,0.8867965262710368
25936,LOF,0.047168402829762125,0.014885712504975529,0.9379458846652624
25937,LOF,0.03969362215328596,0.025196898022806388,0.9351094798239076
25938,LOF,0.07681273551480478,0.05110674942115023,0.8720805150640449
25939,LOF,0.037615134846116,0.017826200778814534,0.9445586643750695
25940,GOF,0.030353526583677237,0.5687535555395843,0.40089291787673853
25941,LOF,0.25254494513776715,0.019181909529385845,0.728273145332847
25942,LOF,0.023645054296970835,0.008379196970115745,0.9679757487329134
25943,LOF,0.40787075490221314,0.01553796898521095,0.5765912761125759
25944,Neutral,0.5263466102754701,0.008867410404168923,0.4647859793203609
25945,LOF,0.09462127918310484,0.02706475952943281,0.8783139612874624
25946,LOF,0.03224606868569588,0.2322415528997546,0.7355123784145495
25947,LOF,0.11265676179488776,0.3012970864556292,0.586046151749483
25948,LOF,0.38756815674357686,0.00798842513771473,0.6044434181187084
25949,LOF,0.11527435870294332,0.015658147658494468,0.8690674936385622
25950,GOF,0.15262025334901916,0.5080345511662978,0.339345195484683
25951,LOF,0.22033769369065917,0.2239144579701701,0.5557478483391708
25952,GOF,0.06164249378341367,0.47208203963191436,0.46627546658467206
25953,LOF,0.16195040827319226,0.23713940147629567,0.6009101902505121
25954,Neutral,0.4380550923535901,0.35868098359925227,0.2032639240471577
25955,LOF,0.05649085006845926,0.1618654145210315,0.7816437354105092
25956,LOF,0.22678937820965522,0.05844431304520121,0.7147663087451436
25957,LOF,0.05239342093804048,0.02420980102655639,0.9233967780354031
25958,LOF,0.08861800408760007,0.025580977370993036,0.8858010185414069
25959,LOF,0.16101399685040815,0.28790973633954764,0.5510762668100442
25960,LOF,0.037614468677267796,0.05518204771043099,0.9072034836123012
25961,LOF,0.09412422554360109,0.04223702405719859,0.8636387503992005
25962,LOF,0.06160184413430733,0.04213346364388859,0.896264692221804
25963,LOF,0.063186240157147,0.148062184160444,0.788751575682409
25964,LOF,0.03159724144502815,0.25045029951946357,0.7179524590355082
25965,Neutral,0.49850288916756014,0.057463218637234505,0.44403389219520534
25966,GOF,0.24714021089266314,0.4206574380559602,0.33220235105137663
25967,LOF,0.012748783426463513,0.21144105379081213,0.7758101627827244
25968,LOF,0.08773992966428791,0.3972383894182566,0.5150216809174555
25969,LOF,0.02224608858151189,0.05630687300845973,0.9214470384100283
25970,LOF,0.04813113928194308,0.0325257238033547,0.9193431369147023
25971,LOF,0.08653398378397271,0.021567292212841475,0.8918987240031858
25972,LOF,0.07327950887807243,0.02761638765959116,0.8991041034623365
25973,LOF,0.10944535957889326,0.012181906560688929,0.8783727338604177
25974,LOF,0.3775641745372833,0.020356812845818084,0.6020790126168987
25975,LOF,0.04551749948275048,0.03183190952415618,0.9226505909930934
25976,LOF,0.04243013719431557,0.03029753303457261,0.9272723297711117
25977,LOF,0.09798302597545724,0.17134169149710227,0.7306752825274404
25978,LOF,0.16797585729592474,0.11179586665342413,0.7202282760506511
25979,LOF,0.15750142923588084,0.08785679935539724,0.7546417714087218
25980,LOF,0.18631337912483767,0.14761130343320042,0.6660753174419618
25981,LOF,0.18631337912483767,0.14761130343320042,0.6660753174419618
25982,LOF,0.36495988777709976,0.08760694740746972,0.5474331648154306
25983,LOF,0.3670187723408034,0.10543072726352193,0.5275505003956747
25984,LOF,0.03254531076579537,0.12813076956827735,0.8393239196659273
25985,LOF,0.024532838739600625,0.2982585661543263,0.6772085951060731
25986,LOF,0.030014258292559375,0.36664635036690624,0.6033393913405344
25987,LOF,0.09415390063533591,0.07450655317833882,0.8313395461863253
25988,LOF,0.05845013072245185,0.1279435952726394,0.8136062740049088
25989,LOF,0.0222128147891905,0.17997736025637034,0.7978098249544391
25990,LOF,0.02998478584127395,0.145505856182696,0.8245093579760301
25991,LOF,0.17020574839912028,0.26456053887475933,0.5652337127261203
25992,LOF,0.3130902261441568,0.2318740570133988,0.45503571684244437
25993,LOF,0.025926717418673667,0.12144304514107497,0.8526302374402513
25994,LOF,0.014649948154376997,0.1611555022731763,0.8241945495724466
25995,LOF,0.02220219524309379,0.15435946161754446,0.8234383431393618
25996,GOF,0.10293853730391209,0.4798626411568208,0.41719882153926724
25997,GOF,0.041701794836392955,0.5256986419394118,0.4325995632241952
25998,LOF,0.3826618388710592,0.010803587823800554,0.6065345733051403
25999,LOF,0.13929254987238934,0.3746280248525639,0.4860794252750467
26000,LOF,0.060616375353621244,0.03775318684633449,0.9016304378000444
26001,LOF,0.13575091764070535,0.06887024329678124,0.7953788390625135
26002,LOF,0.08201966065931153,0.06805874440313754,0.8499215949375509
26003,GOF,0.007315653545471502,0.762264911143294,0.2304194353112345
26004,GOF,0.018846561732712867,0.8057593310448509,0.1753941072224363
26005,GOF,0.008363388805126484,0.5871617298852131,0.40447488130966053
26006,Neutral,0.44015283541628014,0.43248554153445246,0.12736162304926735
26007,GOF,0.013064029381387099,0.726171343579935,0.2607646270386779
26008,GOF,0.011353838121292698,0.7651532967359037,0.2234928651428035
26009,GOF,0.02328797911960879,0.8320728348465107,0.14463918603388035
26010,GOF,0.012935638669531811,0.8761764935179503,0.1108878678125179
26011,GOF,0.007076124242883821,0.5507561525346949,0.44216772322242126
26012,GOF,0.011952838786416722,0.698541389360395,0.2895057718531883
26013,GOF,0.009431103846608134,0.769808828945847,0.22076006720754493
26014,LOF,0.04846104614176891,0.10777093806466963,0.8437680157935614
26015,LOF,0.1849352747210961,0.008489778675259308,0.8065749466036446
26016,LOF,0.27344269737589866,0.033186490647044264,0.6933708119770571
26017,LOF,0.2068037032315356,0.05005414864599777,0.7431421481224667
26018,LOF,0.08233431182089614,0.018661757263749468,0.8990039309153544
26019,LOF,0.08298027031494505,0.011815279723226699,0.9052044499618283
26020,LOF,0.09344632715527583,0.04608498545137151,0.8604686873933526
26021,LOF,0.08097252501486654,0.055484701670502824,0.8635427733146306
26022,LOF,0.016514403768454353,0.029629070184182475,0.9538565260473633
26023,LOF,0.1752285648741663,0.013488303295950363,0.8112831318298833
26024,LOF,0.03992960748192786,0.05467421974851685,0.9053961727695552
26025,LOF,0.26774216393678085,0.04660444627373478,0.6856533897894844
26026,LOF,0.48347138692695163,0.010720415472031864,0.5058081976010165
26027,LOF,0.08437182296007263,0.010471606663728395,0.905156570376199
26028,LOF,0.2365946862821489,0.06644343850667794,0.6969618752111731
26029,LOF,0.12040074228626343,0.17315995475212317,0.7064393029616135
26030,LOF,0.038722534300052486,0.04055367359513306,0.9207237921048145
26031,LOF,0.030082318133881406,0.1790031623215904,0.7909145195445283
26032,LOF,0.1083103852469068,0.03987544098126279,0.8518141737718304
26033,LOF,0.2791858763004529,0.04928651970670225,0.6715276039928448
26034,LOF,0.050464749490069065,0.14457278989946404,0.804962460610467
26035,LOF,0.038782703911707114,0.16450381913654158,0.7967134769517512
26036,LOF,0.053698347621876946,0.14721368837389348,0.7990879640042295
26037,LOF,0.03087257658083214,0.1356021732719894,0.8335252501471785
26038,LOF,0.10699591184147507,0.03764290344032751,0.8553611847181974
26039,LOF,0.07076867721323889,0.15259167516699024,0.7766396476197709
26040,LOF,0.4424745751116708,0.07404031850027952,0.48348510638804976
26041,LOF,0.030837297038002243,0.13355263374377602,0.8356100692182217
26042,LOF,0.032838882721531036,0.117022488701654,0.850138628576815
26043,LOF,0.1058971341033237,0.04854516675327395,0.8455576991434024
26044,LOF,0.03862227972018969,0.05075976413164197,0.9106179561481683
26045,LOF,0.09557942584030979,0.10620589020246754,0.7982146839572227
26046,LOF,0.11777687747227347,0.05191561234691095,0.8303075101808155
26047,LOF,0.12840376688695415,0.05099531198019687,0.820600921132849
26048,LOF,0.0917528744385113,0.04160783071644351,0.8666392948450452
26049,Neutral,0.9347469492880252,0.011210424183446678,0.054042626528527996
26050,Neutral,0.91126563980879,0.01206210866575817,0.07667225152545196
26051,GOF,0.054825982655285876,0.5371464945689748,0.40802752277573934
26052,GOF,0.04539329972179718,0.5423185174219262,0.4122881828562767
26053,LOF,0.04703257590433643,0.3031648547315424,0.6498025693641211
26054,LOF,0.06039776880664288,0.07287101376194705,0.86673121743141
26055,LOF,0.07037961813661013,0.06642179534575503,0.8631985865176348
26056,LOF,0.055146637801206315,0.0788361900711674,0.8660171721276262
26057,LOF,0.027630487894240077,0.05728637673044422,0.9150831353753157
26058,LOF,0.027602925971870643,0.05131515325419031,0.9210819207739391
26059,LOF,0.38601577763932376,0.09158890717794034,0.5223953151827359
26060,LOF,0.034423251181967165,0.44138463003683137,0.5241921187812015
26061,LOF,0.0230140049842191,0.09838288314642939,0.8786031118693515
26062,LOF,0.018253329004354175,0.07129297917924914,0.9104536918163967
26063,LOF,0.023916748539312006,0.05767862157133287,0.9184046298893552
26064,LOF,0.029519245479281527,0.07294313887234011,0.8975376156483783
26065,LOF,0.026392244618506273,0.04676674950567139,0.9268410058758223
26066,LOF,0.02139896371226306,0.066241030002672,0.912360006285065
26067,LOF,0.023116153703791425,0.049785564197044795,0.9270982820991637
26068,LOF,0.0523024215544165,0.09241945606722675,0.8552781223783568
26069,LOF,0.3840450606478104,0.06685397994896489,0.5491009594032247
26070,Neutral,0.5862914136216838,0.03983642771787694,0.37387215866043927
26071,LOF,0.02362375503247705,0.06570192731909164,0.9106743176484312
26072,LOF,0.028272793298073074,0.11210636351259566,0.8596208431893314
26073,LOF,0.026836084075003198,0.04437457784336279,0.928789338081634
26074,Neutral,0.8898725656255108,0.017137562141636215,0.09298987223285321
26075,LOF,0.045042818352366475,0.07437812336413556,0.8805790582834979
26076,LOF,0.03681174387716805,0.04219038414350688,0.9209978719793251
26077,LOF,0.013284727937693506,0.11314151104108343,0.873573761021223
26078,LOF,0.017773911414181862,0.07393995796917581,0.9082861306166423
26079,LOF,0.05094365557936251,0.08183678660401192,0.8672195578166255
26080,LOF,0.05094365557936251,0.08183678660401192,0.8672195578166255
26081,LOF,0.031475202103601975,0.040181958547926236,0.9283428393484718
26082,LOF,0.027811857533129748,0.05178933669862832,0.9203988057682418
26083,LOF,0.07002176969373448,0.06790653940203194,0.8620716909042336
26084,LOF,0.022400650762013734,0.06697627964591317,0.9106230695920731
26085,LOF,0.022400650762013734,0.06697627964591317,0.9106230695920731
26086,LOF,0.023524067209768885,0.07591097891262824,0.9005649538776029
26087,LOF,0.024790707258870694,0.06072726625362131,0.9144820264875081
26088,LOF,0.025555779137277065,0.1361750845379192,0.8382691363248036
26089,LOF,0.04782604053928894,0.06162514321701374,0.8905488162436973
26090,LOF,0.04418196185150499,0.05435967571581075,0.9014583624326843
26091,LOF,0.03871985387676652,0.030493050494207356,0.9307870956290262
26092,LOF,0.026686756403087708,0.05032752571870925,0.922985717878203
26093,LOF,0.03858781506881839,0.031155948262352254,0.9302562366688293
26094,LOF,0.042455197584434994,0.02690632082189566,0.9306384815936694
26095,LOF,0.06025472506960113,0.06905501380762497,0.8706902611227738
26096,LOF,0.022578409717904983,0.06304781656385802,0.9143737737182369
26097,LOF,0.013414562679579689,0.16133183710347707,0.8252536002169432
26098,LOF,0.058027891252515,0.06193445420226757,0.8800376545452174
26099,LOF,0.02388310615351991,0.0983320490222057,0.8777848448242743
26100,LOF,0.02388310615351991,0.0983320490222057,0.8777848448242743
26101,LOF,0.048128890649884674,0.08329843605465229,0.868572673295463
26102,LOF,0.024767934116094015,0.0673981799990582,0.9078338858848478
26103,Neutral,0.8025050409131236,0.09303517960331152,0.10445977948356493
26104,LOF,0.044053861820260595,0.11623858382909923,0.8397075543506403
26105,LOF,0.3179993555790564,0.06294325717950913,0.6190573872414344
26106,LOF,0.17698877287607942,0.03540509413048295,0.7876061329934376
26107,LOF,0.27744924624540473,0.04864273129964783,0.6739080224549474
26108,LOF,0.1798751941413294,0.04796158480932528,0.7721632210493454
26109,LOF,0.05113309208822761,0.1855317465618858,0.7633351613498867
26110,LOF,0.23410772966734786,0.045885530684743166,0.7200067396479088
26111,LOF,0.4201890356910776,0.048391512246837076,0.5314194520620853
26112,LOF,0.039430714982414995,0.03956811052782738,0.9210011744897575
26113,LOF,0.053643306011120426,0.10521127304253225,0.8411454209463473
26114,LOF,0.032085035357867824,0.024080198035727855,0.9438347666064042
26115,LOF,0.15874055006566393,0.0472964125788088,0.7939630373555272
26116,LOF,0.10087749446403081,0.03530192683766192,0.8638205786983073
26117,LOF,0.2645421802923422,0.20568861847809705,0.5297692012295607
26118,LOF,0.041944379260741516,0.03740959041225034,0.9206460303270081
26119,LOF,0.02773773289620573,0.1404879962061377,0.8317742708976567
26120,LOF,0.03487607025039327,0.0601130024210876,0.9050109273285191
26121,LOF,0.058409140796867993,0.13500033890496677,0.8065905202981652
26122,LOF,0.0751155248832232,0.1429035675547522,0.7819809075620247
