feature0,prediction,LoGoFunc_Neutral,LoGoFunc_GOF,LoGoFunc_LOF
25546,Neutral,0.605089007516572,0.05896249424677043,0.33594849823665746
25547,Neutral,0.4888156084587556,0.09864280360092002,0.4125415879403243
25548,Neutral,0.493368761996744,0.08181596303000963,0.42481527497324634
25549,LOF,0.4197226682579265,0.08571134856947939,0.49456598317259415
25550,LOF,0.33442356885221014,0.10967992178311409,0.5558965093646757
25551,LOF,0.29315245276642177,0.12252191167635691,0.5843256355572214
25552,LOF,0.2609781107179064,0.12357902785252141,0.6154428614295722
25553,Neutral,0.7882807455324824,0.04766016909436561,0.16405908537315214
25554,LOF,0.30980834412084,0.11204900205242727,0.5781426538267327
25555,LOF,0.2598578198776945,0.11027686787467986,0.6298653122476257
25556,Neutral,0.4561364151053142,0.09297354318467745,0.4508900417100083
25557,LOF,0.24787817508335075,0.11418095792449107,0.6379408669921582
25558,LOF,0.3029670386922224,0.10863919588398567,0.588393765423792
25559,LOF,0.2760352517771513,0.1230363818864599,0.6009283663363888
25560,LOF,0.17566597396030145,0.11889319063012752,0.7054408354095709
25561,LOF,0.16074821240676623,0.14038165978698885,0.6988701278062449
25562,LOF,0.07122726964937166,0.08337277698498254,0.8453999533656457
25563,LOF,0.02550654351538139,0.14151165401215407,0.8329818024724644
25564,LOF,0.20633585032345378,0.13901809674301258,0.6546460529335336
25565,LOF,0.21344029193153974,0.13030044265053622,0.656259265417924
25566,GOF,0.08919736926507293,0.6695001900900059,0.2413024406449211
25567,LOF,0.04333571809955295,0.1834709367201229,0.7731933451803241
25568,LOF,0.057738645935378294,0.10523860253888481,0.8370227515257368
25569,LOF,0.05661643003523282,0.10674854924529331,0.8366350207194738
25570,LOF,0.02624688390113786,0.12246962464416908,0.8512834914546932
25571,LOF,0.02551116816380017,0.1310694872912633,0.8434193445449366
25572,LOF,0.0598580222718347,0.15682332738082533,0.7833186503473399
25573,LOF,0.06522839242659381,0.12266216655029197,0.8121094410231142
25574,LOF,0.0635577452455431,0.22616090204550932,0.7102813527089477
25575,LOF,0.021425642018627816,0.15148777810520675,0.8270865798761655
25576,LOF,0.026146803048245806,0.1930698304429119,0.7807833665088424
25577,LOF,0.03103784489122596,0.1423513286415518,0.8266108264672222
25578,LOF,0.2957149239308715,0.12453448357455567,0.5797505924945727
25579,LOF,0.14115913224476861,0.1289027475517198,0.7299381202035117
25580,LOF,0.01867670691442299,0.10462018324246453,0.8767031098431125
25581,LOF,0.05239911353201388,0.09618082695143468,0.8514200595165514
25582,LOF,0.05232627649540666,0.09431600857512537,0.853357714929468
25583,LOF,0.0201886435167199,0.10799635887212179,0.8718149976111583
25584,Neutral,0.6990271216405415,0.1367993880360705,0.16417349032338815
25585,LOF,0.022553391040891796,0.1942043532102479,0.7832422557488603
25586,LOF,0.016180822949585647,0.09594026840855321,0.8878789086418611
25587,LOF,0.015888881211377704,0.08692258637037237,0.89718853241825
25588,LOF,0.018875912541357183,0.09341087928938259,0.8877132081692601
25589,Neutral,0.4816441517346194,0.22675718696952538,0.2915986612958554
25590,LOF,0.04489045627998484,0.1507601653052863,0.8043493784147288
25591,LOF,0.0930397538804859,0.08516747439153072,0.8217927717279834
25592,LOF,0.050123524775369833,0.1790056481752363,0.7708708270493939
25593,LOF,0.11815660403277262,0.27589956511403196,0.6059438308531954
25594,LOF,0.050776292897326,0.06907596049434188,0.8801477466083322
25595,LOF,0.048066398169325814,0.05107403119968532,0.9008595706309888
25596,LOF,0.1039212169128907,0.022892844274579844,0.8731859388125296
25597,LOF,0.07774574391435453,0.030014740066786512,0.892239516018859
25598,LOF,0.050074946992228045,0.05123125930036269,0.8986937937074093
25599,LOF,0.019890625279657678,0.4561941606891899,0.5239152140311525
25600,GOF,0.1554542869736496,0.5091215091295499,0.33542420389680044
25601,LOF,0.03503638554415653,0.37482358492331186,0.5901400295325316
25602,LOF,0.0330347879955346,0.06220163321763288,0.9047635787868324
25603,LOF,0.03730861759545229,0.03515917518909427,0.9275322072154534
25604,LOF,0.03392910010539341,0.07850843979136263,0.8875624601032439
25605,LOF,0.03363373500192723,0.1981788822241207,0.7681873827739522
25606,LOF,0.42990807378986484,0.12009029226522286,0.45000163394491244
25607,LOF,0.028726901091773508,0.17320398036829518,0.7980691185399313
25608,LOF,0.03739009317301389,0.08213127521334285,0.8804786316136433
25609,GOF,0.13470467379367773,0.5171422725029596,0.34815305370336264
25610,LOF,0.017191613026931406,0.031158901075525117,0.9516494858975435
25611,LOF,0.014585617558535434,0.030983861165158076,0.9544305212763065
25612,LOF,0.050176822382986645,0.048621171856728373,0.9012020057602849
25613,LOF,0.0496766452938196,0.04710467705888378,0.9032186776472967
25614,LOF,0.024900068083976698,0.02794730820834332,0.9471526237076799
25615,LOF,0.04507497857761321,0.03852911765890416,0.9163959037634826
25616,LOF,0.05255220589546927,0.028669147796538164,0.9187786463079924
25617,LOF,0.04536804764512236,0.03367105859465546,0.9209608937602222
25618,LOF,0.048672494501978185,0.039594082037809106,0.9117334234602127
25619,LOF,0.013861946870830793,0.03562650999638064,0.9505115431327885
25620,LOF,0.06474518579470924,0.04001854037854731,0.8952362738267435
25621,LOF,0.06044898590398227,0.03486661104580552,0.9046844030502122
25622,LOF,0.06485545872081325,0.035762173086906296,0.8993823681922805
25623,LOF,0.07206949920831703,0.029523067356733036,0.8984074334349499
25624,LOF,0.02000449199051302,0.037130242866734796,0.9428652651427522
25625,LOF,0.0626742215407835,0.03482320295670458,0.9025025755025119
25626,LOF,0.05095114752854951,0.04582323439547264,0.9032256180759778
25627,Neutral,0.8925727448176198,0.021150324365022784,0.08627693081735738
25628,LOF,0.16433371631967955,0.0649526553436707,0.7707136283366498
25629,LOF,0.06669237424870585,0.05476873463773107,0.8785388911135631
25630,LOF,0.2619336158853139,0.07074228441885609,0.6673240996958301
25631,Neutral,0.544857402503436,0.07225165687523231,0.38289094062133183
25632,LOF,0.02571875561802118,0.06266829825633709,0.9116129461256418
25633,LOF,0.1641164324974545,0.04432014189497398,0.7915634256075715
25634,LOF,0.03318660275254235,0.09570984149325087,0.8711035557542068
25635,LOF,0.03603632633674309,0.04785823786021065,0.9161054358030463
25636,LOF,0.031249677795947235,0.401265021040552,0.5674853011635007
25637,GOF,0.07946739267277875,0.4882745772247159,0.43225803010250535
25638,LOF,0.02931183660156133,0.3645229026528095,0.6061652607456292
25639,LOF,0.031016995306212627,0.36056529190696546,0.6084177127868219
25640,Neutral,0.7910576834221761,0.15925613053151322,0.04968618604631076
25641,GOF,0.06966961856284416,0.5358670965579522,0.39446328487920373
25642,LOF,0.04873280976090257,0.2031279094345471,0.7481392808045504
25643,LOF,0.21189544855925085,0.17907978979237932,0.6090247616483698
25644,LOF,0.025151510068866945,0.4689696951453405,0.5058787947857926
25645,LOF,0.02791554296361413,0.44284478749988837,0.5292396695364975
25646,LOF,0.06383760526694622,0.34659930032088343,0.5895630944121704
25647,LOF,0.03394166570941845,0.2768655088395815,0.689192825451
25648,LOF,0.03728816847177328,0.27444878951424184,0.6882630420139848
25649,LOF,0.018720793523930572,0.2549602020153183,0.7263190044607511
25650,LOF,0.0495904493089199,0.4414003705774611,0.5090091801136191
25651,LOF,0.020331438748380868,0.3056464259732075,0.6740221352784117
25652,LOF,0.039883333577063806,0.2796922524694935,0.6804244139534428
25653,GOF,0.09928336103677975,0.4644278466577864,0.43628879230543377
25654,LOF,0.026664551509850823,0.24839515506837787,0.7249402934217712
25655,GOF,0.2211385177645547,0.4481696446182011,0.3306918376172442
25656,LOF,0.3647710044202676,0.07828280302937698,0.5569461925503554
25657,LOF,0.06134583297616034,0.07898031480231184,0.8596738522215278
25658,LOF,0.36639037981631833,0.09004799083001169,0.5435616293536699
25659,Neutral,0.5465736891004426,0.11064006367863014,0.3427862472209272
25660,LOF,0.022070357892215682,0.08638284097011875,0.8915468011376655
25661,LOF,0.09522405948114462,0.06310506726632156,0.8416708732525338
25662,LOF,0.037102003381251414,0.0320000716719845,0.930897924946764
25663,LOF,0.04866405440814072,0.03994386895723533,0.911392076634624
25664,LOF,0.13732377558440223,0.058415902960632066,0.8042603214549657
25665,LOF,0.05503371524381805,0.030898515679642642,0.9140677690765392
25666,LOF,0.09462195112204126,0.05980917127082934,0.8455688776071295
25667,LOF,0.07534951340034451,0.03745794060885175,0.8871925459908038
25668,LOF,0.03903716475037118,0.04659164321256256,0.9143711920370663
25669,LOF,0.03225080252179021,0.048449611241792825,0.9192995862364168
25670,LOF,0.14963131541455812,0.04759430540405133,0.8027743791813905
25671,LOF,0.12348427030937788,0.03234460318976688,0.8441711265008552
25672,LOF,0.05257413767975298,0.04486551787000568,0.9025603444502414
25673,LOF,0.07771444522255946,0.0470552805103936,0.8752302742670469
25674,LOF,0.06659615167595562,0.05493193684775626,0.8784719114762882
25675,LOF,0.11766107710436628,0.05240839021530584,0.8299305326803279
25676,LOF,0.020005777285690116,0.05006108317724418,0.9299331395370657
25677,LOF,0.024809213486085894,0.07038297006137453,0.9048078164525396
25678,LOF,0.19947811061850096,0.06415016501750306,0.7363717243639959
25679,LOF,0.11466881801642773,0.08139255218019827,0.8039386298033739
25680,LOF,0.03556501203926725,0.11551481020312036,0.8489201777576123
25681,LOF,0.05537636088639904,0.10830794496422805,0.8363156941493729
25682,LOF,0.1492327970171453,0.06869568719760985,0.7820715157852448
25683,LOF,0.11710538510725979,0.08154367960977443,0.8013509352829657
25684,LOF,0.04382898683908765,0.06742576097607623,0.8887452521848362
25685,LOF,0.13342394398581886,0.06286678479598644,0.8037092712181947
25686,LOF,0.07742334437603482,0.09257835882945702,0.8299982967945082
25687,LOF,0.12552365119624828,0.10055647309315127,0.7739198757106005
25688,LOF,0.36816443478843247,0.03402063298666539,0.5978149322249021
25689,LOF,0.2608703629385171,0.03762031076899539,0.7015093262924875
25690,LOF,0.35036762003872995,0.03294258791500812,0.6166897920462621
25691,Neutral,0.7273842782256282,0.022190657141446697,0.2504250646329251
25692,LOF,0.347081793446186,0.011694996254829297,0.6412232102989847
25693,LOF,0.048379977092781946,0.4248771590851573,0.5267428638220608
25694,LOF,0.1267380840250916,0.0138024708181713,0.859459445156737
25695,LOF,0.12029811472355435,0.013430781794953738,0.8662711034814918
25696,LOF,0.1375518689008332,0.009248227629057089,0.8531999034701098
25697,LOF,0.08021684306532105,0.04423686455222605,0.8755462923824529
25698,LOF,0.372314189443482,0.16318923864782284,0.4644965719086952
25699,Neutral,0.4792920030098829,0.046249276408510474,0.4744587205816067
25700,LOF,0.07313811355452954,0.009456522158077376,0.917405364287393
25701,LOF,0.17558229266098382,0.04971018859455366,0.7747075187444625
25702,GOF,0.19102837590489913,0.5608060027533853,0.24816562134171558
25703,LOF,0.016124845285661372,0.15182892337179835,0.8320462313425403
25704,LOF,0.03995704626067539,0.11125812148036435,0.8487848322589602
25705,LOF,0.055787311992891116,0.15652041316805074,0.7876922748390581
25706,LOF,0.10230219791125197,0.41076363964942675,0.4869341624393213
25707,LOF,0.08231001854135998,0.3724922978015991,0.5451976836570409
25708,LOF,0.034586759622915034,0.35928878450981694,0.606124455867268
25709,LOF,0.0675480626659218,0.048224938439912615,0.8842269988941657
25710,LOF,0.012353967718674025,0.1750460547259973,0.8125999775553286
25711,LOF,0.021224681471437808,0.09035749508717278,0.8884178234413894
25712,LOF,0.014604097736853066,0.19306556168462247,0.7923303405785244
25713,LOF,0.019900244746876756,0.08435004280350472,0.8957497124496185
25714,LOF,0.08166664741834855,0.0923149072451939,0.8260184453364575
25715,LOF,0.011335403626498987,0.14711750510711386,0.8415470912663872
25716,LOF,0.011232461332789285,0.12263997756076134,0.8661275611064493
25717,LOF,0.01434905355123471,0.08782261558305433,0.8978283308657109
25718,LOF,0.011363240835830271,0.10518124072718749,0.8834555184369823
25719,LOF,0.019059566030003024,0.08553086823471424,0.8954095657352827
25720,LOF,0.02526909118428304,0.07183595164607456,0.9028949571696423
25721,LOF,0.013449038517969436,0.12908612800221464,0.8574648334798158
25722,LOF,0.014911352496085285,0.1378747248772352,0.8472139226266795
25723,LOF,0.023721918154011895,0.051221197103755424,0.9250568847422326
25724,LOF,0.031693729359204836,0.08658641066843344,0.8817198599723618
25725,LOF,0.0115645802734251,0.079029150154064,0.9094062695725108
25726,LOF,0.015989216719067046,0.11233706696385651,0.8716737163170765
25727,LOF,0.012062026314051495,0.08597953761625785,0.9019584360696905
25728,LOF,0.010204917333884353,0.12251825561327032,0.8672768270528454
25729,LOF,0.010563493164961295,0.12242395958749264,0.8670125472475461
25730,LOF,0.014035932434504048,0.10584289553247463,0.8801211720330214
25731,LOF,0.01645512537105175,0.11921749933698063,0.8643273752919676
25732,LOF,0.014520273316269214,0.09225123184130338,0.8932284948424274
25733,LOF,0.015419994406960773,0.08183358789925828,0.902746417693781
25734,LOF,0.010634112305968845,0.12940135653865006,0.8599645311553812
25735,LOF,0.012215196430626681,0.09162643967857388,0.8961583638907994
25736,LOF,0.013134466433193387,0.10304658338466778,0.8838189501821389
25737,LOF,0.012254133081144845,0.08501691954816513,0.9027289473706899
25738,LOF,0.012264968929485143,0.12232623070601158,0.8654088003645033
25739,LOF,0.022877702509445555,0.08747050539362124,0.8896517920969332
25740,LOF,0.025631327646014716,0.12794055617412228,0.8464281161798629
25741,LOF,0.01542671662971034,0.1313515880704345,0.853221695299855
25742,LOF,0.12933882986241027,0.09263001109987919,0.7780311590377106
25743,LOF,0.038885337033248785,0.03933569567080026,0.921778967295951
25744,Neutral,0.5671003920998803,0.2308790043572434,0.2020206035428764
25745,LOF,0.0671938672549882,0.06723913748797344,0.8655669952570385
25746,LOF,0.04524138352367052,0.08390597618950515,0.8708526402868244
25747,LOF,0.02166656515741578,0.057305349519772314,0.921028085322812
25748,LOF,0.09469929897919921,0.08629803628496027,0.8190026647358405
25749,LOF,0.026354016915507275,0.07979322074038993,0.8938527623441027
25750,LOF,0.08172974465318054,0.08878506046954919,0.8294851948772701
25751,LOF,0.09132989675011227,0.10001506775434181,0.808655035495546
25752,GOF,0.12114906401710587,0.6293429468402848,0.24950798914260927
25753,LOF,0.02290552191134207,0.28167989524427745,0.6954145828443806
25754,GOF,0.013307789594966599,0.7877725519695054,0.198919658435528
25755,LOF,0.02680407388281562,0.3892036219574061,0.5839923041597782
25756,LOF,0.04608570166063834,0.362374507642868,0.5915397906964937
25757,GOF,0.016093402776008955,0.8330191154437611,0.15088748178022998
25758,GOF,0.02566070942376689,0.8076540840895267,0.1666852064867065
25759,GOF,0.011157199718934878,0.5955378954083007,0.3933049048727644
25760,LOF,0.012950561634623804,0.2654228676164279,0.7216265707489482
25761,GOF,0.29686129730737737,0.6050450701904573,0.09809363250216536
25762,LOF,0.04157611123085758,0.26317864944442754,0.6952452393247149
25763,LOF,0.016154412537429674,0.19581320520369364,0.7880323822588767
25764,GOF,0.07910692393709771,0.6306228468948598,0.2902702291680424
25765,GOF,0.03429923471561272,0.7361105486815975,0.22959021660278975
25766,GOF,0.06638113823255026,0.7286410206329885,0.20497784113446113
25767,GOF,0.13885611187699934,0.5705192352814864,0.29062465284151434
25768,LOF,0.1077606009828679,0.06556967375124807,0.826669725265884
25769,LOF,0.05594311230687491,0.059940060743643865,0.8841168269494811
25770,LOF,0.32754806496109523,0.09662443646054765,0.5758274985783571
25771,LOF,0.040472515566128055,0.048041653516010904,0.9114858309178611
25772,LOF,0.019143485860558286,0.040034130504749584,0.9408223836346921
25773,LOF,0.04381877496459077,0.0941846391152617,0.8619965859201475
25774,LOF,0.0295178112090243,0.07488454475020691,0.8955976440407688
25775,LOF,0.046906041568328866,0.04286320137247234,0.9102307570591988
25776,LOF,0.07364121254985177,0.025196386460448417,0.9011624009896997
25777,LOF,0.37317238673126696,0.05731643064304202,0.569511182625691
25778,LOF,0.0697050859970381,0.047071124034948,0.8832237899680139
25779,GOF,0.3455835604061633,0.6101468417079197,0.044269597885916924
25780,GOF,0.3184598581939012,0.6125700082297285,0.06897013357637037
25781,GOF,0.1281676643005278,0.7704427444868278,0.10138959121264438
25782,GOF,0.20085423916150646,0.7135331830942069,0.08561257774428671
25783,GOF,0.022454910301348788,0.6619622067992944,0.31558288289935693
25784,GOF,0.47951472868055334,0.47979799310065097,0.04068727821879571
25785,GOF,0.4494520187466967,0.5064332917333738,0.044114689519929494
25786,GOF,0.023018076149874136,0.7593480948551204,0.21763382899500536
25787,Neutral,0.6483313229455249,0.3249486161432489,0.026720060911226213
25788,LOF,0.05481512980210377,0.10505411706586336,0.8401307531320329
25789,GOF,0.2104261111874185,0.653414513793783,0.1361593750187985
25790,GOF,0.2034446456119498,0.6867131489982061,0.10984220538984424
25791,GOF,0.16304548472560093,0.6716492567896544,0.1653052584847448
25792,GOF,0.3551999517427244,0.5160748233046422,0.12872522495263344
25793,GOF,0.22244385898752497,0.5385415473010666,0.23901459371140832
25794,GOF,0.2719581587928937,0.5424641062701706,0.1855777349369358
25795,GOF,0.08090496309140623,0.6611830146701381,0.2579120222384557
25796,Neutral,0.5392962910891029,0.36938915323917776,0.0913145556717194
25797,GOF,0.08891520121245439,0.5273049831390199,0.3837798156485258
25798,GOF,0.009746497902958078,0.5105240217753658,0.4797294803216761
25799,LOF,0.008049015650422936,0.40204732644842966,0.5899036579011474
25800,GOF,0.03216307926420818,0.5855771166795393,0.3822598040562526
25801,GOF,0.19816576948423364,0.6659736591989112,0.13586057131685514
25802,GOF,0.06049652123011682,0.6806407411621306,0.2588627376077525
25803,GOF,0.03704422878809444,0.5751628509389789,0.38779292027292667
25804,GOF,0.03259545495682528,0.5055810973717009,0.4618234476714739
25805,GOF,0.09039428002184029,0.5850952640268017,0.324510455951358
25806,GOF,0.10054007408997133,0.6027313925863194,0.29672853332370935
25807,GOF,0.018424728359305316,0.6076477109043666,0.37392756073632805
25808,GOF,0.08351699868311524,0.6194814168618721,0.2970015844550127
25809,GOF,0.01993226477490883,0.6113370733191834,0.3687306619059077
25810,GOF,0.017784795227394734,0.6309711078287396,0.35124409694386555
25811,GOF,0.4631106831761502,0.4632359854406541,0.07365333138319571
25812,GOF,0.03889578276496205,0.6280048199709625,0.3330993972640754
25813,Neutral,0.5109737410856833,0.38790178296200123,0.10112447595231543
25814,GOF,0.12250946471143698,0.6613957670308137,0.2160947682577494
25815,GOF,0.18416131041711803,0.6336943474577986,0.18214434212508332
25816,GOF,0.021247871201915715,0.6820079540150922,0.29674417478299214
25817,GOF,0.2131576300917073,0.6590246521179637,0.12781771779032902
25818,GOF,0.05648442178081003,0.6159017717864211,0.3276138064327689
25819,GOF,0.3383561986096294,0.515244951825335,0.14639884956503563
25820,GOF,0.15578367325018336,0.6204176755277804,0.22379865122203627
25821,GOF,0.05522574772734078,0.6620617434710384,0.28271250880162063
25822,GOF,0.18609732453940186,0.5857414349460826,0.2281612405145157
25823,GOF,0.02979229911080249,0.5028186512586347,0.4673890496305629
25824,GOF,0.07582662181190354,0.563375580093,0.36079779809509643
25825,GOF,0.03117575456941961,0.5414202069236909,0.4274040385068895
25826,GOF,0.011302780901570018,0.5264710478509023,0.4622261712475276
25827,GOF,0.02395504021682815,0.590753064457292,0.3852918953258799
25828,GOF,0.014201040071552175,0.5150725080480859,0.470726451880362
25829,GOF,0.006986366597339104,0.5652326795818406,0.4277809538208202
25830,LOF,0.03426715432758365,0.31919433633452304,0.6465385093378934
25831,GOF,0.22176057515016398,0.6545592806943544,0.12368014415548155
25832,GOF,0.027814977729601214,0.6581222194675613,0.31406280280283744
25833,GOF,0.1147391909472944,0.6859503655531531,0.19931044349955243
25834,GOF,0.03716234882492843,0.6716161059722283,0.2912215452028433
25835,GOF,0.07651100829743625,0.7290771215991908,0.1944118701033728
25836,GOF,0.037475183899261896,0.6618665431079674,0.3006582729927706
25837,GOF,0.02486845816978244,0.5334042940724997,0.4417272477577179
25838,GOF,0.08717065973066755,0.7288151084068363,0.1840142318624962
25839,GOF,0.30225332376901975,0.544307446461916,0.15343922976906427
25840,GOF,0.23715283368865403,0.6097426309689695,0.1531045353423763
25841,GOF,0.2553997220302789,0.6071542886676329,0.13744598930208832
25842,GOF,0.1915215846709198,0.6625097935276965,0.14596862180138373
25843,GOF,0.2571590228974655,0.6387149555109386,0.10412602159159584
25844,GOF,0.06923151033400687,0.6649832944309266,0.26578519523506655
25845,LOF,0.016200626923732572,0.4735550790227917,0.5102442940534757
25846,GOF,0.13639962652447543,0.6990980847811794,0.16450228869434522
25847,GOF,0.11148340700869055,0.7634264229809349,0.1250901700103745
25848,GOF,0.03888216343756699,0.6638351797455687,0.2972826568168644
25849,GOF,0.011691158869167759,0.5548608091989249,0.43344803193190734
25850,GOF,0.023500090928802213,0.6401106157589064,0.33638929331229134
25851,GOF,0.01774294548277434,0.5410576124422953,0.44119944207493034
25852,GOF,0.17813416494169806,0.5622403793208405,0.2596254557374615
25853,GOF,0.35957090636914574,0.5769869323497963,0.0634421612810579
25854,GOF,0.021143485648042887,0.607178899201041,0.3716776151509162
25855,GOF,0.03549966014924331,0.5733538121334381,0.3911465277173186
25856,GOF,0.2339647197644413,0.5493997270976884,0.21663555313787028
25857,GOF,0.033280336271423336,0.4897496653167573,0.4769699984118194
25858,GOF,0.01746097187641136,0.5396978418817875,0.4428411862418012
25859,GOF,0.009578875238887775,0.5223216875337592,0.46809943722735303
25860,GOF,0.3608090416218378,0.5582660994109906,0.08092485896717157
25861,GOF,0.41532127890390713,0.5060768524288058,0.07860186866728697
25862,GOF,0.09425768442544666,0.752738317323207,0.15300399825134636
25863,GOF,0.09221408458288802,0.7615344165842365,0.14625149883287547
25864,GOF,0.20471263961073385,0.7091087078386317,0.08617865255063438
25865,GOF,0.09988477953912171,0.7754217153281114,0.12469350513276696
25866,GOF,0.07197918685157206,0.7840519583888037,0.1439688547596241
25867,GOF,0.09412756938394223,0.7963809933768902,0.10949143723916759
25868,GOF,0.25907652103397716,0.6428089989927226,0.09811447997330022
25869,Neutral,0.7052922080359637,0.2570146904470233,0.037693101517013154
25870,GOF,0.3003621809727926,0.38799518008281775,0.3116426389443896
25871,GOF,0.20803510775214273,0.624726039328123,0.1672388529197342
25872,GOF,0.07500601283861782,0.6459560407126732,0.2790379464487089
25873,GOF,0.13962225830081645,0.6729774981170219,0.18740024358216165
25874,LOF,0.01907198304123856,0.11309856400662137,0.8678294529521401
25875,LOF,0.10126210339316472,0.03475966838739185,0.8639782282194435
25876,LOF,0.03956963395954181,0.039778951736889875,0.9206514143035683
25877,Neutral,0.5328634160056902,0.03976190316208284,0.427374680832227
25878,LOF,0.2591383029713872,0.06896503912852871,0.6718966579000841
25879,LOF,0.10093330981256417,0.08065956471856993,0.818407125468866
25880,LOF,0.023168396419916783,0.019651187864183954,0.9571804157158993
25881,LOF,0.1804643097677522,0.0921675101405382,0.7273681800917097
25882,LOF,0.06641410627021994,0.016794166474356182,0.9167917272554239
25883,LOF,0.07956941716485026,0.017840952527552825,0.9025896303075969
25884,LOF,0.034592715312438044,0.02804846880097859,0.9373588158865832
25885,LOF,0.0712917839370926,0.010371291025936638,0.9183369250369707
25886,LOF,0.26261659816253374,0.03364911772274233,0.7037342841147239
25887,LOF,0.15620677939260252,0.05540874313813353,0.788384477469264
25888,LOF,0.07233294298465812,0.0511750438248957,0.8764920131904462
25889,LOF,0.04714492883593778,0.019275565323451274,0.9335795058406109
25890,LOF,0.058726586284994414,0.12182284802939748,0.8194505656856081
25891,LOF,0.04039977279762896,0.049162409134739134,0.9104378180676318
25892,LOF,0.08785226585778252,0.02123169985970761,0.8909160342825099
25893,LOF,0.2273296575045778,0.018125208539983322,0.7545451339554389
25894,LOF,0.18404018868250327,0.011140323703884894,0.8048194876136118
25895,LOF,0.21090225943837515,0.019118199559583028,0.7699795410020418
25896,LOF,0.04799596296533417,0.03020640652323512,0.9217976305114306
25897,LOF,0.24830800380165746,0.011120669081853062,0.7405713271164895
25898,Neutral,0.6797695908300497,0.009301109589701219,0.310929299580249
25899,LOF,0.20241075906955489,0.02804211658782822,0.7695471243426169
25900,LOF,0.41929180168264457,0.017301442096652377,0.563406756220703
25901,LOF,0.04642557601312622,0.015269400244095304,0.9383050237427784
25902,LOF,0.16058040147673297,0.013949435265552106,0.8254701632577149
25903,Neutral,0.5120906384390891,0.024141118170787262,0.4637682433901238
25904,LOF,0.25905928867389405,0.061461098106934973,0.6794796132191709
25905,LOF,0.02550092741165103,0.29459404748795637,0.6799050251003925
25906,LOF,0.025948799310206744,0.06077278466229477,0.9132784160274986
25907,LOF,0.013999260796957576,0.3026380294528047,0.6833627097502378
25908,LOF,0.010666344544546737,0.2277612176080477,0.7615724378474055
25909,LOF,0.014315059595942184,0.13323053121873718,0.8524544091853206
25910,LOF,0.050102396174417745,0.12126872357173123,0.8286288802538511
25911,LOF,0.17400244008825783,0.026707288015881,0.7992902718958612
25912,LOF,0.04307319085038381,0.04575012917033173,0.9111766799792845
25913,LOF,0.3141867614956806,0.021746631175471286,0.6640666073288481
25914,LOF,0.02069409052148228,0.08857756391116331,0.8907283455673545
25915,Neutral,0.48468503789073797,0.25555844145193585,0.25975652065732613
25916,LOF,0.0680902231013019,0.3238130253001122,0.6080967515985859
25917,LOF,0.06655473494270792,0.0663544555928351,0.8670908094644569
25918,LOF,0.028044177754909545,0.053120432932589425,0.918835389312501
25919,LOF,0.023070172905178443,0.058661926215742316,0.9182679008790793
25920,GOF,0.09274950620364196,0.49154754467903056,0.4157029491173275
25921,LOF,0.025055839938637074,0.034202887537143616,0.9407412725242194
25922,LOF,0.03426339025284323,0.023817009432477183,0.9419196003146796
25923,LOF,0.4116454354945007,0.02425529182433454,0.5640992726811647
25924,LOF,0.03686871758726517,0.03970521682783446,0.9234260655849005
25925,LOF,0.07300038258893891,0.031245311961340484,0.8957543054497206
25926,LOF,0.05109958303465956,0.02571134429209125,0.9231890726732491
25927,LOF,0.06735697074926372,0.09645110366822023,0.8361919255825161
25928,LOF,0.019208608506065632,0.04147243253390693,0.9393189589600275
25929,Neutral,0.5326770886576615,0.02614291270260858,0.44117999863973006
25930,LOF,0.05602630626570321,0.022512678165225668,0.9214610155690711
25931,LOF,0.024992257042407554,0.023977308117603877,0.9510304348399885
25932,LOF,0.027775577287890818,0.02251895887048448,0.9497054638416247
25933,LOF,0.038705838838031546,0.015596351106377663,0.9456978100555907
25934,LOF,0.025400716989990448,0.018603906977063725,0.9559953760329458
25935,LOF,0.06698812720088407,0.03680817156779521,0.8962037012313206
25936,LOF,0.046613084037305345,0.020921804604387716,0.932465111358307
25937,LOF,0.029138737359107367,0.030773337776611943,0.9400879248642806
25938,LOF,0.07034642144195967,0.03706913543712516,0.8925844431209151
25939,LOF,0.039379125138224634,0.01575518082537059,0.9448656940364049
25940,LOF,0.03212625514589526,0.39241085029081485,0.5754628945632899
25941,LOF,0.19889684232620986,0.08473938230662803,0.7163637753671621
25942,LOF,0.016795734478299785,0.03462007852932549,0.9485841869923747
25943,LOF,0.3010522215645752,0.04515995230781672,0.6537878261276082
25944,Neutral,0.5218630858470493,0.02265401296748846,0.45548290118546225
25945,LOF,0.06526153000216879,0.024047025423403538,0.9106914445744277
25946,LOF,0.02738205324786946,0.1200238395931707,0.8525941071589598
25947,LOF,0.11588846206573608,0.21893178743710076,0.665179750497163
25948,LOF,0.4091879740268597,0.010837500012701302,0.579974525960439
25949,LOF,0.10328327317662532,0.044575998185549505,0.8521407286378252
25950,GOF,0.2608573989884076,0.4260831604167713,0.31305944059482116
25951,LOF,0.20589486820891603,0.2416050280728424,0.5525001037182417
25952,LOF,0.04763353029502915,0.4252602220169015,0.5271062476880694
25953,LOF,0.138684025930799,0.1184849480105172,0.7428310260586838
25954,Neutral,0.43543149008819354,0.19117205175639024,0.37339645815541617
25955,LOF,0.050411731814372286,0.08655522567050707,0.8630330425151207
25956,LOF,0.17184955634887827,0.13864132559924777,0.6895091180518739
25957,LOF,0.039137528262674984,0.03267567751159825,0.9281867942257268
25958,LOF,0.06028985129314944,0.030284234769943304,0.9094259139369072
25959,LOF,0.06977803828538588,0.39971882094424094,0.5305031407703732
25960,LOF,0.019526862601971888,0.05648697958277341,0.9239861578152548
25961,LOF,0.05220082232301965,0.032481727816353764,0.9153174498606266
25962,LOF,0.07282555437773428,0.025959071887133887,0.9012153737351318
25963,LOF,0.055013199948321836,0.16521259090963453,0.7797742091420437
25964,LOF,0.03729558914768677,0.15388195131095558,0.8088224595413577
25965,LOF,0.42297439368317746,0.08034172806255861,0.496683878254264
25966,Neutral,0.479507786514097,0.09245719846479086,0.4280350150211121
25967,LOF,0.014177439899528146,0.05458947475526472,0.9312330853452071
25968,LOF,0.025834274546615958,0.4771675744814284,0.4969981509719556
25969,LOF,0.024244133044954933,0.052349005253037394,0.9234068617020076
25970,LOF,0.0594274637766512,0.05762225872187562,0.8829502775014731
25971,LOF,0.0795692221151267,0.01583418786365272,0.9045965900212206
25972,LOF,0.07938409887101461,0.020186669916616082,0.9004292312123694
25973,LOF,0.07869652424747295,0.011309702570951412,0.9099937731815756
25974,LOF,0.2139103436536677,0.015782184796041508,0.7703074715502908
25975,LOF,0.047809032705835815,0.038870225581336786,0.9133207417128273
25976,LOF,0.04545441277194312,0.015883228908887263,0.9386623583191697
25977,LOF,0.14544507835235193,0.09878493202305712,0.755769989624591
25978,LOF,0.1471542298352126,0.06891861967860641,0.783927150486181
25979,LOF,0.13138540177034674,0.0728124232520553,0.7958021749775979
25980,LOF,0.20732499618700928,0.09570347816194218,0.6969715256510485
25981,LOF,0.24081254413364755,0.09304425768299224,0.6661431981833601
25982,LOF,0.4323319323558834,0.05700691846620913,0.5106611491779074
25983,LOF,0.42639851904715015,0.06487161932976221,0.5087298616230876
25984,LOF,0.050331174701621136,0.045638385662924844,0.9040304396354539
25985,LOF,0.031378150227809314,0.23230571619105736,0.7363161335811335
25986,LOF,0.038327608950884114,0.2589405688263068,0.7027318222228092
25987,LOF,0.0843386009749544,0.06386269214490088,0.8517987068801447
25988,LOF,0.14225174411714384,0.04415042947012238,0.8135978264127338
25989,LOF,0.03132036950739762,0.08694433326748403,0.8817352972251183
25990,LOF,0.04007556423620423,0.11496556861399074,0.8449588671498051
25991,LOF,0.14436326931816654,0.2918115831073767,0.5638251475744567
25992,LOF,0.32144290968704586,0.15812274565402187,0.5204343446589322
25993,LOF,0.02389212975341661,0.09115796948234159,0.8849499007642417
25994,LOF,0.016929075896686054,0.12222214934184564,0.8608487747614684
25995,LOF,0.026591013759218237,0.2523686148568039,0.7210403713839778
25996,GOF,0.2946538195009051,0.44800769837007687,0.25733848212901794
25997,LOF,0.08340072502780765,0.45576746726577333,0.46083180770641907
25998,Neutral,0.5277188663708076,0.016612039775531873,0.4556690938536606
25999,LOF,0.10440646286460621,0.10750544517694204,0.7880880919584518
26000,LOF,0.19637404642914252,0.0373558090464022,0.7662701445244553
26001,LOF,0.2165818414441173,0.03259711647631892,0.7508210420795637
26002,LOF,0.17658019199376837,0.0421281977961869,0.7812916102100447
26003,GOF,0.011127927679684721,0.5590431964864091,0.4298288758339063
26004,GOF,0.020355757423902554,0.6105354435412269,0.3691087990348704
26005,LOF,0.008556993708128588,0.42191299422123385,0.5695300120706376
26006,Neutral,0.5074902985593854,0.21399808500373313,0.2785116164368814
26007,GOF,0.021335355784026976,0.4973054605113981,0.48135918370457503
26008,GOF,0.019395746682905314,0.5585748246756165,0.42202942864147824
26009,GOF,0.024748657400280094,0.6068169020975067,0.36843444050221313
26010,GOF,0.02631959636247063,0.6141607263937404,0.35951967724378897
26011,LOF,0.007991630498809873,0.4283212656059337,0.5636871038952564
26012,GOF,0.014284879765207127,0.5621201781404374,0.42359494209435544
26013,GOF,0.020845689440385503,0.581127525498263,0.3980267850613516
26014,LOF,0.04707228718850782,0.12471834532424377,0.8282093674872485
26015,LOF,0.19719160526247795,0.009787166587339453,0.7930212281501826
26016,LOF,0.2014435461124808,0.04883736287628846,0.7497190910112307
26017,LOF,0.21788537509178912,0.07782261950477978,0.7042920054034311
26018,LOF,0.09265471220821621,0.02883592194217722,0.8785093658496066
26019,LOF,0.08789098763322718,0.021642175710973783,0.8904668366557991
26020,LOF,0.06838495987498425,0.08817051256712442,0.8434445275578913
26021,LOF,0.04343996984904703,0.10845956245777211,0.8481004676931809
26022,LOF,0.011627101041847636,0.03617283265266394,0.9522000663054884
26023,LOF,0.11010309677318972,0.019633736813717682,0.8702631664130926
26024,LOF,0.030262356264403233,0.10746550369942708,0.8622721400361697
26025,LOF,0.14481271321014863,0.08074774946460181,0.7744395373252495
26026,LOF,0.308143854835526,0.026617797992254354,0.6652383471722197
26027,LOF,0.08379248174698044,0.014365150010790561,0.9018423682422291
26028,LOF,0.16204046490270713,0.06397443813092445,0.7739850969663684
26029,LOF,0.0747629962368801,0.21589556608902946,0.7093414376740904
26030,LOF,0.028581352324687368,0.08319589955629282,0.8882227481190198
26031,LOF,0.03341540103979578,0.1613958473402151,0.805188751619989
26032,LOF,0.06900511963534836,0.10000138200786934,0.8309934983567824
26033,LOF,0.1205196870638673,0.12669610278374926,0.7527842101523834
26034,LOF,0.052131719534479835,0.16727414851603256,0.7805941319494876
26035,LOF,0.028887375570082963,0.16014265357515595,0.8109699708547611
26036,LOF,0.043012259133828806,0.18815247498010196,0.7688352658860692
26037,LOF,0.024867210106793235,0.12722952780978594,0.8479032620834209
26038,LOF,0.06371402221863424,0.10523827823720935,0.8310476995441565
26039,LOF,0.05708868939263985,0.17158728185864616,0.771324028748714
26040,LOF,0.20085109452092825,0.18665952981400535,0.6124893756650664
26041,LOF,0.025292611729966465,0.12725104097899273,0.8474563472910408
26042,LOF,0.024457848781522448,0.11522174335543332,0.8603204078630441
26043,LOF,0.06328605009919151,0.1227709861279174,0.8139429637728912
26044,LOF,0.022785962354984698,0.09710381305201742,0.8801102245929978
26045,LOF,0.08320627843386853,0.12112852448264798,0.7956651970834835
26046,LOF,0.06376681630897325,0.12084634978348131,0.8153868339075455
26047,LOF,0.09153560638354326,0.1298066335253422,0.7786577600911146
26048,LOF,0.0569664498810842,0.056763984873301684,0.8862695652456142
26049,Neutral,0.9620509237929641,0.010238309975224315,0.027710766231811512
26050,Neutral,0.9482812180829789,0.013834479326723128,0.03788430259029785
26051,LOF,0.05083210464450924,0.29162764569473826,0.6575402496607524
26052,LOF,0.07028977874849,0.33191522414973856,0.5977949971017714
26053,LOF,0.05877432531418734,0.16363090525745674,0.7775947694283559
26054,LOF,0.060332476253697,0.016909415733662815,0.9227581080126402
26055,LOF,0.07802885086470193,0.013233181352364917,0.9087379677829331
26056,LOF,0.0651884458447304,0.014755660483430183,0.9200558936718395
26057,LOF,0.030948311151459983,0.010839610736655278,0.9582120781118848
26058,LOF,0.03206281095887147,0.008650843215386683,0.9592863458257418
26059,LOF,0.31049049423759245,0.021079333030581945,0.6684301727318257
26060,LOF,0.031741922234180896,0.17305422103263043,0.7952038567331887
26061,LOF,0.020392214020260122,0.009613793762798266,0.9699939922169416
26062,LOF,0.01170180237547296,0.016059587619379156,0.972238610005148
26063,LOF,0.022595861878742945,0.010863686266084409,0.9665404518551726
26064,LOF,0.024812726969454007,0.01712669236950928,0.9580605806610366
26065,LOF,0.02574020789969087,0.009692833701959957,0.9645669583983492
26066,LOF,0.021703008420797344,0.009791205038275233,0.9685057865409273
26067,LOF,0.029443025009198216,0.007872653201910098,0.9626843217888917
26068,LOF,0.04965929322991651,0.029577643816764518,0.9207630629533189
26069,LOF,0.27355251274333964,0.017852244465965644,0.7085952427906947
26070,LOF,0.41385768004722695,0.014559530038313007,0.5715827899144601
26071,LOF,0.024437415222141632,0.011151409642980012,0.9644111751348784
26072,LOF,0.02755318077590282,0.015471821178759235,0.9569749980453378
26073,LOF,0.02568007691546346,0.009663191538358675,0.9646567315461778
26074,Neutral,0.9149410906874909,0.005427007895977707,0.07963190141653137
26075,LOF,0.04597519917489232,0.01407519403360208,0.9399496067915057
26076,LOF,0.04716012217930144,0.007923344170194453,0.9449165336505041
26077,LOF,0.011044241936986011,0.015171608095120302,0.9737841499678938
26078,LOF,0.016681732642098258,0.00899010438525521,0.9743281629726465
26079,LOF,0.06311200218258108,0.016772599621184454,0.9201153981962344
26080,LOF,0.06242549820753734,0.016748418954657455,0.9208260828378052
26081,LOF,0.0382242840300737,0.00557111250584144,0.9562046034640848
26082,LOF,0.015929509883406343,0.01453611809926697,0.9695343720173268
26083,LOF,0.13398546657113972,0.011716818133789346,0.8542977152950709
26084,LOF,0.02857506404338285,0.010857523505356908,0.9605674124512601
26085,LOF,0.024575193768135408,0.010457250139497361,0.9649675560923672
26086,LOF,0.024504912354801633,0.009993435323160521,0.9655016523220379
26087,LOF,0.027874338718133718,0.007204687549323262,0.964920973732543
26088,LOF,0.017669238429524736,0.026264173148546018,0.9560665884219293
26089,LOF,0.04571222594897187,0.022639083325414613,0.9316486907256135
26090,LOF,0.044798697347341924,0.01722819685549295,0.9379731057971651
26091,LOF,0.040558603415697767,0.005582457293465987,0.9538589392908362
26092,LOF,0.02821303752821012,0.007262937610421863,0.9645240248613681
26093,LOF,0.041509275514135635,0.005457870453872775,0.9530328540319914
26094,LOF,0.04706308629308243,0.005920905644322265,0.9470160080625953
26095,LOF,0.050555421700776745,0.012217570535753234,0.93722700776347
26096,LOF,0.019311668338262956,0.010174581579965916,0.9705137500817712
26097,LOF,0.01314847347136326,0.033371045531077975,0.9534804809975588
26098,LOF,0.08168726744891211,0.010194505372458116,0.9081182271786297
26099,LOF,0.02552486830439545,0.012101149581171585,0.962373982114433
26100,LOF,0.02752212023598355,0.01180223131040585,0.9606756484536105
26101,LOF,0.06052380749965711,0.01095629273214306,0.9285198997681998
26102,LOF,0.02541402418577431,0.012863380333171326,0.9617225954810543
26103,Neutral,0.8903295877120746,0.016533947473680196,0.09313646481424516
26104,LOF,0.08736736013858377,0.022948547973597726,0.8896840918878186
26105,LOF,0.19255086705669724,0.2873028293356215,0.5201463036076813
26106,LOF,0.19579540260043007,0.1215290545708626,0.6826755428287072
26107,LOF,0.22894761674294528,0.0936057907986635,0.6774465924583913
26108,LOF,0.2667447080407014,0.12159462104791983,0.6116606709113789
26109,LOF,0.11779833198346225,0.08378081337306083,0.7984208546434769
26110,LOF,0.23009429042187146,0.007108958754449791,0.7627967508236788
26111,LOF,0.4771201584078423,0.0170085709073253,0.5058712706848324
26112,LOF,0.030784703379095855,0.007033612945506445,0.9621816836753977
26113,LOF,0.051448603207866365,0.015056859036744832,0.9334945377553889
26114,LOF,0.030126213814832967,0.020115135942050506,0.9497586502431165
26115,LOF,0.09406664300777681,0.04706592892363639,0.8588674280685867
26116,LOF,0.07249050587821264,0.03960107178087485,0.8879084223409126
26117,LOF,0.4372028970031289,0.03759700125778985,0.5252001017390813
26118,LOF,0.037443844224470765,0.019844096878756323,0.9427120588967729
26119,LOF,0.022675218709951803,0.028632779880934465,0.9486920014091138
26120,LOF,0.029887397557916015,0.01935483883443686,0.9507577636076472
26121,LOF,0.05048873796559611,0.06940413771077902,0.8801071243236249
