feature0,prediction,LoGoFunc_Neutral,LoGoFunc_GOF,LoGoFunc_LOF
25546,Neutral,0.6047008970585541,0.06007654087209482,0.3352225620693512
25547,Neutral,0.4556359574471333,0.10141145861703775,0.442952583935829
25548,Neutral,0.4655694260289178,0.08595972602739459,0.4484708479436875
25549,LOF,0.40100244954148667,0.08372100769369785,0.5152765427648155
25550,LOF,0.3182619585146139,0.11215749827441009,0.569580543210976
25551,LOF,0.2802435920633747,0.12089962621836502,0.5988567817182602
25552,LOF,0.24832911507612368,0.11970813363062752,0.6319627512932489
25553,Neutral,0.7943446847903992,0.044814501231694594,0.16084081397790623
25554,LOF,0.28895501667504453,0.10836393790481323,0.6026810454201421
25555,LOF,0.24660092858978994,0.10174225174947686,0.6516568196607332
25556,LOF,0.42357674649067434,0.09480239254960396,0.4816208609597216
25557,LOF,0.23381578843721681,0.10762392703230375,0.6585602845304794
25558,LOF,0.28675261178944267,0.10399732778381894,0.6092500604267383
25559,LOF,0.2242903308280775,0.11866441545241933,0.6570452537195031
25560,LOF,0.1934112070039668,0.10948476418616165,0.6971040288098714
25561,LOF,0.18610272752995047,0.12676882303631476,0.6871284494337347
25562,LOF,0.0704593154709147,0.08208574278941914,0.8474549417396662
25563,LOF,0.02313663503369755,0.14962639318006193,0.8272369717862404
25564,LOF,0.21494904726817582,0.11889355439289673,0.6661573983389275
25565,LOF,0.2205961214401051,0.14000526655346937,0.6393986120064256
25566,GOF,0.08895998156901101,0.7232283110594957,0.18781170737149327
25567,LOF,0.04252042985070757,0.13195700947757813,0.8255225606717143
25568,LOF,0.06525567718055253,0.07606583212881905,0.8586784906906283
25569,LOF,0.06440144193397301,0.08021895701809799,0.855379601047929
25570,LOF,0.02947283337566163,0.11199237936804188,0.8585347872562965
25571,LOF,0.027978644526315252,0.11024191609199804,0.8617794393816867
25572,LOF,0.061119190802469366,0.12263531360830623,0.8162454955892244
25573,LOF,0.05855286386630188,0.09287492543748607,0.848572210696212
25574,LOF,0.0659362789099943,0.1862049634725126,0.7478587576174932
25575,LOF,0.024212751376506983,0.12295135446205578,0.8528358941614372
25576,LOF,0.03161206617316633,0.1597808176866955,0.8086071161401382
25577,LOF,0.032809663352234404,0.126001077802985,0.8411892588447807
25578,LOF,0.31463478034076936,0.08826738048007439,0.5970978391791563
25579,LOF,0.1461159029860467,0.09385113704243314,0.7600329599715201
25580,LOF,0.021981344184638263,0.08542744624350374,0.8925912095718579
25581,LOF,0.060779222968662706,0.07460267853101572,0.8646180985003216
25582,LOF,0.06042562457407828,0.07293410308749146,0.8666402723384303
25583,LOF,0.024529732283224127,0.08421460808921358,0.8912556596275623
25584,Neutral,0.721530627448851,0.10282919916868691,0.17564017338246218
25585,LOF,0.029690967907837856,0.150118566115559,0.8201904659766031
25586,LOF,0.019303203817133716,0.07439240714401714,0.9063043890388491
25587,LOF,0.01872507980918193,0.06592694795682494,0.915347972233993
25588,LOF,0.022138895906884466,0.07347576327444233,0.9043853408186733
25589,Neutral,0.5439238162160142,0.1869588988051426,0.2691172849788433
25590,LOF,0.05156157231518034,0.12628104590423372,0.822157381780586
25591,LOF,0.10274583765508129,0.062403799608335794,0.834850362736583
25592,LOF,0.05954227976144774,0.14594462506781772,0.7945130951707345
25593,LOF,0.15238446282507706,0.24778458139495052,0.5998309557799724
25594,LOF,0.052414479701132305,0.07942112798028036,0.8681643923185873
25595,LOF,0.049790276302352415,0.05767269531465667,0.8925370283829909
25596,LOF,0.10040558288822837,0.03036430125842773,0.8692301158533439
25597,LOF,0.08155662949451162,0.04065503909017048,0.8777883314153178
25598,LOF,0.051090354360216514,0.05907323263592262,0.8898364130038608
25599,LOF,0.01975006127433599,0.48791444186736654,0.49233549685829747
25600,GOF,0.17070748128383914,0.5184776321283545,0.3108148865878063
25601,LOF,0.03719707842711918,0.412017362230076,0.5507855593428047
25602,LOF,0.030534958785791478,0.05990539060906217,0.9095596506051463
25603,LOF,0.03623194133981553,0.031151280407652013,0.9326167782525325
25604,LOF,0.03554152597022692,0.0747279836483243,0.8897304903814489
25605,LOF,0.033797236621678134,0.1937312754695524,0.7724714879087695
25606,Neutral,0.4470034787408777,0.11165711428243878,0.44133940697668345
25607,LOF,0.026021279901893443,0.16666514814709568,0.8073135719510107
25608,LOF,0.03357298167172874,0.07683932503105305,0.8895876932972182
25609,GOF,0.13188324545056684,0.5198776416959685,0.34823911285346465
25610,LOF,0.015968936703392094,0.03520305792476919,0.9488280053718386
25611,LOF,0.01327402069015775,0.03931371477252494,0.9474122645373172
25612,LOF,0.04730408121001309,0.05491648868284269,0.8977794301071442
25613,LOF,0.04479720498773549,0.05432296554027149,0.900879829471993
25614,LOF,0.021492281576169753,0.03135890040551795,0.9471488180183123
25615,LOF,0.040767597089748656,0.05349419747348006,0.9057382054367713
25616,LOF,0.048585165850011436,0.0361233102752212,0.9152915238747674
25617,LOF,0.04068032044694562,0.050447920660121576,0.9088717588929328
25618,LOF,0.051195286555997956,0.04336949091829707,0.9054352225257051
25619,LOF,0.01351523662748649,0.04024159275253704,0.9462431706199765
25620,LOF,0.058392369368869185,0.0552750716177279,0.8863325590134029
25621,LOF,0.05433083150250554,0.043800924092016726,0.9018682444054776
25622,LOF,0.06223156118913058,0.040171311946813275,0.897597126864056
25623,LOF,0.06891311587981062,0.035611076043838646,0.8954758080763507
25624,LOF,0.018288755914100376,0.04065252320014703,0.9410587208857525
25625,LOF,0.05933819274398699,0.04969866550609411,0.890963141749919
25626,LOF,0.04625278100109363,0.052274984299664796,0.9014722346992414
25627,Neutral,0.8952165391412412,0.01956507453448973,0.085218386324269
25628,LOF,0.1544262431431995,0.056957452187349905,0.7886163046694505
25629,LOF,0.07692567997471926,0.04878616467343017,0.8742881553518504
25630,LOF,0.26959946916196287,0.06873188295052646,0.6616686478875106
25631,Neutral,0.5565475066203379,0.06087578711679143,0.3825767062628706
25632,LOF,0.025268723985294537,0.06124891348901645,0.9134823625256889
25633,LOF,0.15708545119978062,0.03656985413735171,0.8063446946628677
25634,LOF,0.03510046630580154,0.07541050142854003,0.8894890322656583
25635,LOF,0.03662481864836736,0.0382913304096042,0.9250838509420284
25636,LOF,0.03215198269657733,0.4321900974124166,0.535657919891006
25637,GOF,0.07992551732262085,0.4648771210625503,0.45519736161482893
25638,LOF,0.03452979510259853,0.36439574050007145,0.6010744643973299
25639,LOF,0.03528074381063157,0.3872979874071045,0.5774212687822639
25640,Neutral,0.7440166020660809,0.21277082872358,0.043212569210339107
25641,LOF,0.07078409723699022,0.44596590180588996,0.4832500009571198
25642,LOF,0.044126235530271965,0.1710154465434333,0.7848583179262948
25643,LOF,0.20534845703284427,0.15413120118991672,0.6405203417772389
25644,LOF,0.025931520175338202,0.4293455794659556,0.5447229003587062
25645,LOF,0.030587975186587207,0.37975064107381834,0.5896613837395945
25646,LOF,0.07271491372589274,0.31947816753904734,0.6078069187350599
25647,LOF,0.031835304993477045,0.2500437361281882,0.7181209588783348
25648,LOF,0.043906537726271296,0.23628205023414497,0.7198114120395837
25649,LOF,0.02058761415134712,0.22438202903033944,0.7550303568183133
25650,LOF,0.05953880608290748,0.3640136342013933,0.5764475597156993
25651,LOF,0.020302542536388912,0.26285495141568277,0.7168425060479284
25652,LOF,0.038616454692729806,0.2471150617640176,0.7142684835432527
25653,LOF,0.1014770023464708,0.36247011579408656,0.5360528818594428
25654,LOF,0.03055178395377871,0.22055678296625264,0.7488914330799686
25655,LOF,0.2693772633017299,0.3583850950624676,0.3722376416358026
25656,LOF,0.34555058465659916,0.05065830708524904,0.6037911082581517
25657,LOF,0.06392556083599052,0.0516220324046206,0.8844524067593889
25658,LOF,0.35303841870567193,0.04827144807576273,0.5986901332185653
25659,Neutral,0.5131682242251077,0.07333373282896057,0.4134980429459317
25660,LOF,0.021624107537289515,0.08275252083542488,0.8956233716272857
25661,LOF,0.09632277406124573,0.0623647912981922,0.841312434640562
25662,LOF,0.034592827008579255,0.03456370464522939,0.9308434683461912
25663,LOF,0.04644619613126651,0.049540637084163716,0.9040131667845698
25664,LOF,0.13660447201951453,0.06518827301867054,0.798207254961815
25665,LOF,0.05531137627466643,0.03570145097201439,0.9089871727533191
25666,LOF,0.09062910297288512,0.07133204248411561,0.8380388545429993
25667,LOF,0.07287515909944199,0.039106912249072416,0.8880179286514857
25668,LOF,0.037430021515834924,0.04967117280418124,0.9128988056799839
25669,LOF,0.03344509899676141,0.051566164407887256,0.9149887365953513
25670,LOF,0.13938076206772343,0.06131036726350227,0.7993088706687742
25671,LOF,0.11506151849004215,0.03687319569041982,0.848065285819538
25672,LOF,0.05353003180421946,0.047286626408661964,0.8991833417871186
25673,LOF,0.08102688472602192,0.04874612496585587,0.8702269903081223
25674,LOF,0.0701529553994952,0.056809760783151655,0.8730372838173532
25675,LOF,0.1212601804754929,0.054494633848141745,0.8242451856763653
25676,LOF,0.019474662596916853,0.056892460455144955,0.9236328769479382
25677,LOF,0.025004804198054644,0.07353392237750173,0.9014612734244435
25678,LOF,0.22868157374967416,0.061683935333887344,0.7096344909164385
25679,LOF,0.12050683968789257,0.08996471449478456,0.7895284458173228
25680,LOF,0.034437930043273224,0.12061465971985642,0.8449474102368703
25681,LOF,0.053244906431220894,0.11724712186322524,0.8295079717055538
25682,LOF,0.15529700424553186,0.07873752565605646,0.7659654700984118
25683,LOF,0.11510770425093579,0.10546635953132284,0.7794259362177414
25684,LOF,0.044488679623936996,0.07779656679836813,0.8777147535776949
25685,LOF,0.14917832818570798,0.054948603442128235,0.7958730683721639
25686,LOF,0.09249681424257375,0.08521923272363274,0.8222839530337934
25687,LOF,0.12377161031963722,0.09060292218701128,0.7856254674933515
25688,LOF,0.30982888153011534,0.03692903209201406,0.6532420863778705
25689,LOF,0.2411527380482162,0.03864715211337056,0.7202001098384132
25690,LOF,0.33680615539874725,0.031267475965122714,0.6319263686361299
25691,Neutral,0.699831408461619,0.024138218185572116,0.27603037335280894
25692,LOF,0.32588686299904973,0.01069878056705825,0.6634143564338921
25693,LOF,0.05150709097831239,0.38985933652144344,0.5586335725002441
25694,LOF,0.1188288331569984,0.017293069411380813,0.8638780974316208
25695,LOF,0.10891549872852072,0.01704179001425521,0.8740427112572241
25696,LOF,0.13937100331141053,0.010459828278026669,0.8501691684105628
25697,LOF,0.09110381765387432,0.029287985474480256,0.8796081968716455
25698,LOF,0.35033499251943284,0.16916719066093946,0.48049781681962755
25699,LOF,0.46443785935843496,0.030815165869871115,0.504746974771694
25700,LOF,0.07186584810208553,0.007997242020938296,0.920136909876976
25701,LOF,0.1471973652893268,0.04321983230459116,0.809582802406082
25702,GOF,0.13961182998082755,0.6159011501717968,0.24448701984737578
25703,LOF,0.015231867143330883,0.16648877388583866,0.8182793589708305
25704,LOF,0.03990232969695151,0.10775415995440024,0.8523435103486482
25705,LOF,0.05322468950866667,0.1609842620786415,0.7857910484126919
25706,GOF,0.10053564997352275,0.46269834768111306,0.43676600234536417
25707,LOF,0.09045194124287835,0.39120509587235586,0.5183429628847658
25708,LOF,0.03168359734034127,0.34289209696334144,0.6254243056963172
25709,LOF,0.07232050367172954,0.04537937546758629,0.8823001208606842
25710,LOF,0.011537485050303928,0.1680964485723077,0.8203660663773884
25711,LOF,0.020209517223632383,0.10784294161166103,0.8719475411647066
25712,LOF,0.013695334102796424,0.1945694584478001,0.7917352074494035
25713,LOF,0.01967664204947773,0.08882248409968241,0.8915008738508399
25714,LOF,0.08067358775122246,0.09017742853502927,0.8291489837137482
25715,LOF,0.012043366371009676,0.1467590972589595,0.8411975363700308
25716,LOF,0.013602574843145834,0.12962376510311194,0.8567736600537422
25717,LOF,0.012277583854295204,0.08626667263922806,0.9014557435064768
25718,LOF,0.013251049204314566,0.10161111694496013,0.8851378338507252
25719,LOF,0.01957991021415325,0.08935551809630987,0.8910645716895368
25720,LOF,0.02555167824667244,0.0750386393301246,0.899409682423203
25721,LOF,0.01629609402167486,0.12192970962942914,0.861774196348896
25722,LOF,0.015549351766051486,0.1394821192015023,0.8449685290324461
25723,LOF,0.0242056889511146,0.04463018220899555,0.9311641288398899
25724,LOF,0.032942268303204465,0.10221238569350649,0.8648453460032891
25725,LOF,0.012596364795448504,0.07561103310601512,0.9117926020985365
25726,LOF,0.016312519469687387,0.11555382722174849,0.8681336533085641
25727,LOF,0.01383775901710505,0.08234745387046633,0.9038147871124287
25728,LOF,0.010340408977439049,0.13168439315110392,0.857975197871457
25729,LOF,0.010934970825942797,0.12576920411309578,0.8632958250609615
25730,LOF,0.01436787671368395,0.09279011837796265,0.8928420049083535
25731,LOF,0.02005790457806206,0.12664588968635476,0.8532962057355833
25732,LOF,0.015610309733462217,0.08547567723867598,0.8989140130278617
25733,LOF,0.0172034959314779,0.08077701943550936,0.9020194846330127
25734,LOF,0.012173528363888596,0.1400307201255508,0.8477957515105606
25735,LOF,0.014859048542971532,0.09188404495208417,0.8932569065049443
25736,LOF,0.01595284410597828,0.11174092652131101,0.8723062293727106
25737,LOF,0.0125691626372726,0.08985606848195858,0.8975747688807689
25738,LOF,0.012664335977340305,0.1183943322860626,0.868941331736597
25739,LOF,0.021530929911165012,0.08733405502501126,0.8911350150638236
25740,LOF,0.026888614298095123,0.12025645887428517,0.8528549268276198
25741,LOF,0.01589805997389191,0.1257942463102547,0.8583076937158535
25742,LOF,0.13117852430039734,0.0897560180011109,0.7790654576984918
25743,LOF,0.03640049350806823,0.042047953637939804,0.921551552853992
25744,Neutral,0.575532546354236,0.18390328771204614,0.2405641659337179
25745,LOF,0.07940591533423375,0.067233883426087,0.8533602012396792
25746,LOF,0.039970791889085956,0.0803521481280599,0.8796770599828541
25747,LOF,0.02144188096591064,0.05948990560434054,0.9190682134297488
25748,LOF,0.09074106024393974,0.07983703627852336,0.8294219034775369
25749,LOF,0.02638205906931104,0.07926869588387365,0.8943492450468153
25750,LOF,0.08434832801731476,0.08337396069816325,0.832277711284522
25751,LOF,0.09543323089476581,0.09521203975456682,0.8093547293506673
25752,GOF,0.1255940190200307,0.6162297122265872,0.2581762687533821
25753,LOF,0.01966758291893667,0.2658091367276895,0.7145232803533739
25754,GOF,0.012287666442076878,0.7719381272350915,0.21577420632283167
25755,LOF,0.020886890211321396,0.38632740455704206,0.5927857052316365
25756,LOF,0.04113660660105639,0.34396971408985255,0.614893679309091
25757,GOF,0.013975232756185105,0.813641337297157,0.17238342994665795
25758,GOF,0.02921635630747931,0.7925285216650784,0.17825512202744237
25759,GOF,0.011046178204262194,0.545380915807867,0.4435729059878709
25760,LOF,0.011556725459263631,0.263793357224079,0.7246499173166575
25761,GOF,0.27346718031965017,0.6269112808917119,0.09962153878863794
25762,LOF,0.034621671935277036,0.25537869285304593,0.709999635211677
25763,LOF,0.013901800360902015,0.19499282387906589,0.7911053757600321
25764,GOF,0.07279443805289045,0.6134201924121465,0.3137853695349631
25765,GOF,0.0402896407739004,0.7168943244668223,0.24281603475927716
25766,GOF,0.06816813416984432,0.7384476589518014,0.1933842068783542
25767,GOF,0.14854257378507635,0.5617818294955689,0.2896755967193547
25768,LOF,0.10964891898153087,0.07294639857054502,0.817404682447924
25769,LOF,0.06125905896908774,0.05786114303749271,0.8808797979934195
25770,LOF,0.317824839622435,0.08729018257442224,0.5948849778031428
25771,LOF,0.041899364353298205,0.04946335702242297,0.9086372786242788
25772,LOF,0.01964257402075658,0.0380515168137598,0.9423059091654836
25773,LOF,0.045948679370747814,0.09626363563036859,0.8577876849988836
25774,LOF,0.029272901769215928,0.07226662970489199,0.8984604685258922
25775,LOF,0.05160521038171729,0.04961598992569058,0.8987787996925922
25776,LOF,0.08391936894041212,0.024872452458915655,0.8912081786006721
25777,LOF,0.38062144121544805,0.0522224765981024,0.5671560821864496
25778,LOF,0.07900685509785386,0.04498641541530299,0.8760067294868431
25779,GOF,0.37687657451439693,0.5819654477362346,0.041157977749368475
25780,GOF,0.31260053696389456,0.6220568407377527,0.06534262229835279
25781,GOF,0.13777277845962835,0.7561782378950064,0.10604898364536536
25782,GOF,0.2077111828860049,0.7143726401729333,0.0779161769410618
25783,GOF,0.020816083686720555,0.6409632336640417,0.33822068264923755
25784,Neutral,0.5035809217538051,0.45536092256179955,0.04105815568439526
25785,GOF,0.4564793612561799,0.5063040623966926,0.037216576347127474
25786,GOF,0.025723375134912872,0.7474259837898609,0.22685064107522612
25787,Neutral,0.6184266144709901,0.35867191597362363,0.022901469555386328
25788,LOF,0.054737506564767405,0.11508590359026762,0.8301765898449649
25789,GOF,0.20174519075174452,0.6723945235839967,0.12586028566425872
25790,GOF,0.22106445136494215,0.6791155858943327,0.09981996274072508
25791,GOF,0.17183427292272047,0.674872659025032,0.15329306805224754
25792,GOF,0.3639610193315669,0.5145816579005564,0.12145732276787678
25793,GOF,0.23148597744628605,0.570390133336619,0.19812388921709492
25794,GOF,0.27572577302167556,0.5521700307334695,0.1721041962448549
25795,GOF,0.08187300556265019,0.7064873532940246,0.2116396411433252
25796,Neutral,0.5498097885691704,0.37718379459618634,0.07300641683464319
25797,GOF,0.08316518135984266,0.5564479709889497,0.3603868476512076
25798,GOF,0.009344551724651411,0.5187034277018413,0.4719520205735072
25799,LOF,0.007807004097706322,0.395175036769415,0.5970179591328787
25800,GOF,0.03461683779271425,0.6027430596187514,0.36264010258853435
25801,GOF,0.2241313334626807,0.6436322685419487,0.13223639799537074
25802,GOF,0.07713272294377398,0.6966314902164471,0.22623578683977888
25803,GOF,0.0354268598393911,0.5949457535816933,0.3696273865789155
25804,GOF,0.030488366084391493,0.5081073212844336,0.46140431263117504
25805,GOF,0.09299191992512357,0.6006254402856632,0.30638263978921315
25806,GOF,0.10062661883558724,0.6110632900174318,0.288310091146981
25807,GOF,0.01885346843676521,0.6212520473886514,0.3598944841745834
25808,GOF,0.08208669741924625,0.637091596504709,0.2808217060760448
25809,GOF,0.02065961854944726,0.6156810247795683,0.3636593566709845
25810,GOF,0.018917846948067408,0.6410312333985448,0.34005091965338774
25811,GOF,0.45601827130606226,0.47402859136630193,0.06995313732763596
25812,GOF,0.03250657931138231,0.6637757230510319,0.3037176976375857
25813,Neutral,0.5007710654496227,0.40685031150152723,0.09237862304885008
25814,GOF,0.12297954381610561,0.6741488907335846,0.2028715654503098
25815,GOF,0.1865753917139933,0.6393545599309577,0.174070048355049
25816,GOF,0.022956804951801336,0.713952240923952,0.26309095412424666
25817,GOF,0.21784872717942264,0.6656078957105059,0.11654337711007136
25818,GOF,0.05220264888424662,0.6656190617022908,0.2821782894134625
25819,GOF,0.3369967449949991,0.5285300314298033,0.13447322357519753
25820,GOF,0.17487395018823515,0.644272716275291,0.18085333353647373
25821,GOF,0.05814850723207541,0.7059654113559843,0.23588608141194023
25822,GOF,0.19807989358921563,0.5993523099170799,0.20256779649370446
25823,GOF,0.036010132820464884,0.5452789985392116,0.4187108686403235
25824,GOF,0.09005435835919465,0.612004844831285,0.2979407968095204
25825,GOF,0.04060686415561576,0.611724144110559,0.3476689917338253
25826,GOF,0.01513755278166974,0.5854214108530603,0.39944103636527006
25827,GOF,0.023265949739364022,0.6218183954314002,0.35491565482923576
25828,GOF,0.013012657047478683,0.541640088400031,0.4453472545524903
25829,GOF,0.006172756030247135,0.5860810925982681,0.4077461513714848
25830,LOF,0.031599964810220794,0.33475047347366277,0.6336495617161165
25831,GOF,0.23160143400225663,0.6597367667031451,0.10866179929459831
25832,GOF,0.0342652898490416,0.7103624771977511,0.2553722329532074
25833,GOF,0.11863159294967858,0.7267323137441983,0.15463609330612302
25834,GOF,0.036364018108003555,0.7111962157641779,0.2524397661278185
25835,GOF,0.07522067499734585,0.7621541444362873,0.16262518056636688
25836,GOF,0.03906781037103127,0.7073956920691838,0.25353649755978486
25837,GOF,0.027294159504520105,0.5936448508610632,0.3790609896344167
25838,GOF,0.09625837939246056,0.7795480892849344,0.12419353132260502
25839,GOF,0.3120524840849674,0.5610898993932627,0.12685761652177002
25840,GOF,0.2549715250133627,0.6163777973861523,0.128650677600485
25841,GOF,0.2575137551148916,0.6164721256145769,0.12601411927053138
25842,GOF,0.17411170951367141,0.6936264318951156,0.13226185859121298
25843,GOF,0.24597973421087901,0.6654278531922297,0.0885924125968913
25844,GOF,0.06679778998068721,0.700463403876289,0.23273880614302372
25845,LOF,0.016921358282639912,0.4875402325174494,0.4955384091999107
25846,GOF,0.13226637903452598,0.7273592662643399,0.1403743547011341
25847,GOF,0.11679856588905678,0.7766536968961206,0.10654773721482265
25848,GOF,0.04099450217702979,0.7048369441989295,0.2541685536240408
25849,GOF,0.01214547811201683,0.5935701737144987,0.39428434817348434
25850,GOF,0.021750060444480183,0.684461904681582,0.2937880348739379
25851,GOF,0.018415230024439944,0.5604881691377609,0.4210966008377992
25852,GOF,0.1671842110487142,0.5742724336716731,0.25854335527961264
25853,GOF,0.3499728612821484,0.5878572787858422,0.06216985993200948
25854,GOF,0.022527940239788748,0.6381879983352643,0.339284061424947
25855,GOF,0.03802982860271846,0.5875571429899936,0.37441302840728785
25856,GOF,0.23865258150891294,0.570463042117269,0.19088437637381814
25857,GOF,0.03667884276024852,0.5254383415715406,0.4378828156682108
25858,GOF,0.019418196935076366,0.5626355977550793,0.41794620530984433
25859,GOF,0.010228744412221566,0.5426269980327602,0.44714425755501813
25860,GOF,0.36143077051397227,0.5703163792300907,0.06825285025593716
25861,GOF,0.42081621463218205,0.5089772564094259,0.07020652895839195
25862,GOF,0.08606645524153751,0.7860545709368407,0.12787897382162178
25863,GOF,0.0864796411854936,0.7868084392822361,0.12671191953227046
25864,GOF,0.2013183677708557,0.7226457072081922,0.07603592502095212
25865,GOF,0.08509298781869842,0.7983183114114809,0.11658870076982064
25866,GOF,0.06615536660574499,0.7971556790311812,0.1366889543630738
25867,GOF,0.08813925593062087,0.8152861075067319,0.0965746365626472
25868,GOF,0.26709244219142586,0.6424391527228864,0.09046840508568765
25869,Neutral,0.6936402443319125,0.27244311165615365,0.03391664401193383
25870,GOF,0.2844551395288062,0.3964005473965642,0.3191443130746296
25871,GOF,0.21543433355194447,0.6347795041135071,0.1497861623345484
25872,GOF,0.07736685331879802,0.6804884843400123,0.2421446623411897
25873,GOF,0.12185060583393813,0.7071503592232312,0.17099903494283064
25874,LOF,0.016315958420552053,0.12179652191751536,0.8618875196619326
25875,LOF,0.10624569728895462,0.03064809210246715,0.8631062106085782
25876,LOF,0.03705991356039211,0.029499627686383978,0.9334404587532239
25877,Neutral,0.48382891629031305,0.04209274743386116,0.47407833627582574
25878,LOF,0.21778378221529263,0.06824807481624406,0.7139681429684634
25879,LOF,0.1032937556328943,0.06670802896079349,0.8299982154063121
25880,LOF,0.024390738526294038,0.014588039436784711,0.9610212220369213
25881,LOF,0.16458910572710847,0.10908657940209322,0.7263243148707983
25882,LOF,0.06143879774041574,0.015531321426359514,0.9230298808332248
25883,LOF,0.08079155968207459,0.01808744515411518,0.9011209951638102
25884,LOF,0.031314493352012876,0.02887430006445873,0.9398112065835283
25885,LOF,0.05660387973339815,0.011371739993697196,0.9320243802729047
25886,LOF,0.25536016012542456,0.034001209197387784,0.7106386306771877
25887,LOF,0.1535567265365942,0.06709152203735715,0.7793517514260485
25888,LOF,0.07895073058030588,0.0576919039307421,0.8633573654889519
25889,LOF,0.04237202375725963,0.020973942650113275,0.9366540335926271
25890,LOF,0.05364924036424656,0.14620934044960152,0.8001414191861519
25891,LOF,0.0403228564947366,0.05819342058605131,0.9014837229192121
25892,LOF,0.09006124104460818,0.021449860817929104,0.8884888981374628
25893,LOF,0.2207010041502959,0.020231138539210734,0.7590678573104934
25894,LOF,0.1728796025885896,0.011957940726492294,0.8151624566849182
25895,LOF,0.2053140026165338,0.020260994826144456,0.7744250025573217
25896,LOF,0.04871685773228774,0.023136691230476503,0.9281464510372358
25897,LOF,0.2744428267963076,0.012261790824588024,0.7132953823791044
25898,Neutral,0.6790581469275851,0.00985954835014133,0.31108230472227355
25899,LOF,0.20006730458080102,0.020038895847392935,0.779893799571806
25900,LOF,0.42973528822604207,0.014325401119252908,0.5559393106547051
25901,LOF,0.043547276804197135,0.011446617133874772,0.9450061060619281
25902,LOF,0.16114218582062154,0.012370920361277429,0.826486893818101
25903,Neutral,0.5469330711650249,0.027618940864645062,0.4254479879703299
25904,LOF,0.2701797450256577,0.04415403393764373,0.6856662210366986
25905,LOF,0.027147933536135226,0.3366784641400284,0.6361736023238365
25906,LOF,0.034090639160051624,0.0881830322272372,0.8777263286127112
25907,LOF,0.015926785611241785,0.367766711251686,0.6163065031370721
25908,LOF,0.011221384311236664,0.2705683008301573,0.718210314858606
25909,LOF,0.01430119418936374,0.1468251874467898,0.8388736183638464
25910,LOF,0.04775598881698248,0.13427192745385497,0.8179720837291625
25911,LOF,0.16759951795223724,0.019084117315058515,0.8133163647327043
25912,LOF,0.05237900024617446,0.03332662866820721,0.9142943710856183
25913,LOF,0.3129463651212498,0.017144342821594227,0.669909292057156
25914,LOF,0.02134913282140454,0.07898795946768952,0.8996629077109058
25915,Neutral,0.5286817584897305,0.24789694976688323,0.2234212917433863
25916,LOF,0.08558525528775675,0.30526829313651743,0.6091464515757258
25917,LOF,0.06994933096997225,0.05932201098855263,0.8707286580414751
25918,LOF,0.025681065699293775,0.052118349456770116,0.9222005848439362
25919,LOF,0.02347182934259139,0.059303145257737014,0.9172250253996717
25920,GOF,0.10803715958659359,0.5141657880973822,0.37779705231602423
25921,LOF,0.021279033088113006,0.031187377640879293,0.9475335892710077
25922,LOF,0.031227047700209426,0.022156919790430312,0.9466160325093603
25923,LOF,0.41597658351659356,0.026211140464675174,0.5578122760187313
25924,LOF,0.03322420428831738,0.03838900178318976,0.9283867939284928
25925,LOF,0.06788569000823692,0.03191561165073216,0.900198698341031
25926,LOF,0.04979255949505793,0.027694064315510414,0.9225133761894315
25927,LOF,0.057678990084418465,0.0905073202688345,0.851813689646747
25928,LOF,0.017259293168853555,0.043442184162142516,0.9392985226690039
25929,Neutral,0.5354093313704633,0.028569783985005655,0.43602088464453104
25930,LOF,0.049389803338510174,0.02437091691720944,0.9262392797442804
25931,LOF,0.022796830635615658,0.025156295048783223,0.952046874315601
25932,LOF,0.024541627244772206,0.021644799999925315,0.9538135727553025
25933,LOF,0.03329108404590771,0.015037671182486353,0.9516712447716059
25934,LOF,0.02309685568173287,0.018965571572964385,0.9579375727453028
25935,LOF,0.05753484042729522,0.039119041506634054,0.9033461180660707
25936,LOF,0.04339455456052498,0.0189736200170272,0.9376318254224478
25937,LOF,0.025481300902104983,0.03495069962273753,0.9395679994751575
25938,LOF,0.06027564353701702,0.041540993343472395,0.8981833631195105
25939,LOF,0.038141706199573154,0.01616136918825542,0.9456969246121715
25940,LOF,0.027050133502649388,0.39711108255807714,0.5758387839392735
25941,LOF,0.1751617246261813,0.09145789792026623,0.7333803774535524
25942,LOF,0.015291711074801843,0.03661915190860484,0.9480891370165934
25943,LOF,0.29322616567999443,0.05691226425928819,0.6498615700607175
25944,Neutral,0.491585589058453,0.02297689050940709,0.4854375204321398
25945,LOF,0.0659264322805053,0.023386299231976142,0.9106872684875185
25946,LOF,0.026427058712212806,0.13183157981113855,0.8417413614766486
25947,LOF,0.10939103183862567,0.2387370925754528,0.6518718755859215
25948,LOF,0.39746662366769814,0.009845681624073482,0.5926876947082284
25949,LOF,0.1100850529590574,0.03564410289033119,0.8542708441506114
25950,GOF,0.2999217276974809,0.4005691909770435,0.2995090813254756
25951,LOF,0.20661207073409915,0.23343712641798267,0.5599508028479182
25952,LOF,0.043892977048526585,0.4517655537847092,0.5043414691667644
25953,LOF,0.14276053884258394,0.09719722977794935,0.7600422313794667
25954,Neutral,0.4700202792545959,0.15453456721045475,0.3754451535349493
25955,LOF,0.05955563547069449,0.08296126948041893,0.8574830950488865
25956,LOF,0.1771857986352987,0.12636654279189563,0.6964476585728056
25957,LOF,0.037440272136720874,0.037009272984367306,0.9255504548789117
25958,LOF,0.06042180299156497,0.03076174195260399,0.9088164550558311
25959,LOF,0.07196202419584166,0.420203906152214,0.5078340696519444
25960,LOF,0.01755773041237457,0.053874913245078766,0.9285673563425466
25961,LOF,0.049830369811087426,0.03297382250575166,0.917195807683161
25962,LOF,0.06164974545012464,0.03134962883683588,0.9070006257130395
25963,LOF,0.046265474991331865,0.16953775497638332,0.7841967700322847
25964,LOF,0.039829791678523144,0.16273355359016145,0.7974366547313154
25965,Neutral,0.47246077573957274,0.07702178934382599,0.4505174349166013
25966,Neutral,0.5065527150486744,0.15933335643264193,0.33411392851868377
25967,LOF,0.01333874079385251,0.0916856018060132,0.8949756574001344
25968,LOF,0.029134631826030846,0.4133226325884795,0.5575427355854896
25969,LOF,0.029120966174642448,0.05157968666326326,0.9192993471620944
25970,LOF,0.0582907768677994,0.06044514955106796,0.8812640735811327
25971,LOF,0.07583572463198171,0.018193989383328054,0.9059702859846903
25972,LOF,0.07197880884726059,0.023879881404206982,0.9041413097485324
25973,LOF,0.07010314640961766,0.010978108890694343,0.9189187446996879
25974,LOF,0.1977375509198249,0.021275237441897802,0.7809872116382773
25975,LOF,0.04199882119602017,0.035041124200676954,0.9229600546033029
25976,LOF,0.038975301320243544,0.020409123057736435,0.94061557562202
25977,LOF,0.1572809157282159,0.1042240559164849,0.7384950283552992
25978,LOF,0.15014164490476414,0.05547323988089836,0.7943851152143375
25979,LOF,0.1397278398153547,0.059182715272370914,0.8010894449122745
25980,LOF,0.22406675597256143,0.06916874166686968,0.7067645023605689
25981,LOF,0.25829948094304467,0.0674643882169777,0.6742361308399777
25982,LOF,0.40923699792718676,0.05088850006401719,0.539874502008796
25983,LOF,0.39060823015334395,0.056796345943391474,0.5525954239032647
25984,LOF,0.05281610721660169,0.041396734304040526,0.9057871584793578
25985,LOF,0.03596996055565914,0.22407934666290208,0.7399506927814387
25986,LOF,0.04233696613934112,0.27234729875069863,0.6853157351099602
25987,LOF,0.08399458176400583,0.06886073148052668,0.8471446867554675
25988,LOF,0.15173166099596624,0.049069315133361824,0.799199023870672
25989,LOF,0.030617999254012332,0.09095284828660564,0.8784291524593819
25990,LOF,0.04252525406956863,0.10936290251724547,0.8481118434131859
25991,LOF,0.13895041251006615,0.3117934344497102,0.5492561530402237
25992,LOF,0.3115019383408715,0.1736765872803506,0.5148214743787779
25993,LOF,0.024348719650828993,0.08068765276477827,0.8949636275843926
25994,LOF,0.018712084774644564,0.11912347960269161,0.8621644356226638
25995,LOF,0.02726469560668211,0.23499542276542248,0.7377398816278954
25996,GOF,0.32366218609023356,0.4469312993072817,0.22940651460248473
25997,LOF,0.08907124254307007,0.4234411610940884,0.4874875963628416
25998,Neutral,0.533629329124174,0.02365121547791121,0.44271945539791463
25999,LOF,0.10279143774569612,0.1190416235266401,0.7781669387276637
26000,LOF,0.1695285375421583,0.052631239574061045,0.7778402228837806
26001,LOF,0.18165894759381707,0.05531668969226141,0.7630243627139216
26002,LOF,0.14887379553482674,0.051301826808215635,0.7998243776569575
26003,GOF,0.010045564440799718,0.5845828241110071,0.40537161144819317
26004,GOF,0.019260793510175796,0.6695557294210809,0.3111834770687433
26005,LOF,0.007467576899516489,0.4542831745509612,0.5382492485495223
26006,Neutral,0.5273806101795168,0.2544789716008013,0.21814041821968208
26007,GOF,0.020682511094953577,0.5463248676599723,0.4329926212450741
26008,GOF,0.014522408821173435,0.6328925620268779,0.3525850291519486
26009,GOF,0.021188748313949388,0.6807888150917965,0.29802243659425415
26010,GOF,0.023405388853320264,0.6682460706426009,0.30834854050407895
26011,LOF,0.007070635733111808,0.47956105880340616,0.513368305463482
26012,GOF,0.012983474502696163,0.5776640860828057,0.40935243941449806
26013,GOF,0.01844759493903899,0.6331073477648154,0.34844505729614567
26014,LOF,0.04500013026185774,0.10986922598019996,0.8451306437579423
26015,LOF,0.16969092703885186,0.008215518259947967,0.8220935547012003
26016,LOF,0.207518382229741,0.044739022176332986,0.747742595593926
26017,LOF,0.22604951495272854,0.06811136591691201,0.7058391191303595
26018,LOF,0.08653370853468267,0.02282274590899584,0.8906435455563215
26019,LOF,0.08234101210537836,0.018000320284146318,0.8996586676104753
26020,LOF,0.0735644014647691,0.08274767795902195,0.843687920576209
26021,LOF,0.04489789114020689,0.08875840151513231,0.8663437073446608
26022,LOF,0.010727350007029398,0.0323290557506719,0.9569435942422988
26023,LOF,0.10700777342905812,0.01586625367215044,0.8771259728987915
26024,LOF,0.0349729983920226,0.0988824894684195,0.8661445121395579
26025,LOF,0.1601292047572845,0.07797663125718587,0.7618941639855296
26026,LOF,0.33291352398920615,0.02381241574877079,0.6432740602620229
26027,LOF,0.07833083581119363,0.012537450069510604,0.9091317141192958
26028,LOF,0.16701084854930065,0.06444992026915314,0.7685392311815463
26029,LOF,0.07252209426304476,0.19204398570622996,0.7354339200307253
26030,LOF,0.02529445686855242,0.06585835981986014,0.9088471833115873
26031,LOF,0.028390611144786353,0.14200248405534538,0.8296069047998682
26032,LOF,0.06652046020615944,0.08022274285320084,0.8532567969406398
26033,LOF,0.11932169633413695,0.09715033435855513,0.7835279693073078
26034,LOF,0.04520140533723011,0.17056453617382636,0.7842340584889436
26035,LOF,0.027571650330986394,0.1613051865764624,0.8111231630925512
26036,LOF,0.04029803675973554,0.17807897683545182,0.7816229864048125
26037,LOF,0.023575934042541127,0.13697190253777455,0.8394521634196843
26038,LOF,0.06264572175016675,0.08434215022660725,0.8530121280232259
26039,LOF,0.04902561214905285,0.16717965968008425,0.7837947281708629
26040,LOF,0.18364370259588475,0.1410595442599412,0.675296753144174
26041,LOF,0.025107878847092355,0.12706114930560433,0.8478309718473033
26042,LOF,0.022620739319490477,0.12319969388322523,0.8541795667972844
26043,LOF,0.063114498768717,0.09629348961958067,0.8405920116117024
26044,LOF,0.021507541563707606,0.0872531818001245,0.8912392766361679
26045,LOF,0.07104545719005226,0.11360751499945312,0.8153470278104945
26046,LOF,0.06418000221833499,0.09530914347465154,0.8405108543070136
26047,LOF,0.08718960372024996,0.09748726621509005,0.8153231300646601
26048,LOF,0.04882602763666697,0.04997079429595878,0.9012031780673743
26049,Neutral,0.9602299162488033,0.008198097492055117,0.03157198625914152
26050,Neutral,0.9452679853341888,0.0106497140340711,0.04408230063174013
26051,LOF,0.04817717789332271,0.2793367956503804,0.672486026456297
26052,LOF,0.062079320374148275,0.3241330605979719,0.6137876190278797
26053,LOF,0.05065336696831146,0.1438410805618949,0.8055055524697937
26054,LOF,0.05913868279742291,0.015638979629504245,0.9252223375730729
26055,LOF,0.0802008181617909,0.012949050485045133,0.906850131353164
26056,LOF,0.06707420124249475,0.01426093599480973,0.9186648627626955
26057,LOF,0.028758501314300407,0.01162083563661847,0.9596206630490811
26058,LOF,0.029669406392753585,0.009077513734189989,0.9612530798730564
26059,LOF,0.319978975476057,0.018868722509157863,0.6611523020147851
26060,LOF,0.0408272109527894,0.1558228061131835,0.8033499829340272
26061,LOF,0.017610983128717537,0.009950898333933152,0.9724381185373493
26062,LOF,0.010707431336018185,0.01750883669944447,0.9717837319645373
26063,LOF,0.02325438250991572,0.01111084226320058,0.9656347752268838
26064,LOF,0.024789873446381866,0.019796227966441034,0.9554138985871771
26065,LOF,0.025264223487137936,0.009671176677208484,0.9650645998356536
26066,LOF,0.020878681137433037,0.010540648701153335,0.9685806701614136
26067,LOF,0.03004491551248194,0.007950963879265442,0.9620041206082527
26068,LOF,0.04803129716962105,0.027875504017585973,0.924093198812793
26069,LOF,0.27346329443574396,0.016436898239838207,0.7100998073244178
26070,LOF,0.41284384317152223,0.014779330876018883,0.572376825952459
26071,LOF,0.024360843572099476,0.01106592878802019,0.9645732276398804
26072,LOF,0.024294004159619822,0.015137490269593986,0.9605685055707863
26073,LOF,0.02513137606996906,0.010242492605085082,0.9646261313249459
26074,Neutral,0.9039963414923394,0.005173789199488703,0.09082986930817184
26075,LOF,0.04644825291330992,0.013820944572783595,0.9397308025139065
26076,LOF,0.04674698206745115,0.008031727579174773,0.9452212903533741
26077,LOF,0.010586250600425716,0.01830431278832519,0.9711094366112492
26078,LOF,0.013764427429070056,0.010781075880749816,0.9754544966901801
26079,LOF,0.0640815038936434,0.01557684255388752,0.920341653552469
26080,LOF,0.0630675585183989,0.015607839853871324,0.9213246016277297
26081,LOF,0.03605769121437163,0.005801238942824059,0.9581410698428043
26082,LOF,0.014410986374304753,0.014627639928071439,0.9709613736976238
26083,LOF,0.13302074824946972,0.011689318201798093,0.8552899335487323
26084,LOF,0.029379462237078543,0.011649483055846514,0.9589710547070749
26085,LOF,0.024644406946252147,0.010980594096426164,0.9643749989573216
26086,LOF,0.023585862110644482,0.010585643658268414,0.965828494231087
26087,LOF,0.02890586818053833,0.007785155839731572,0.9633089759797301
26088,LOF,0.017349875577815463,0.02270952407352783,0.9599406003486568
26089,LOF,0.04703094959536831,0.020817016280255292,0.9321520341243763
26090,LOF,0.04577103736466305,0.015714909980838968,0.9385140526544979
26091,LOF,0.040633708118418994,0.005580550773336335,0.9537857411082448
26092,LOF,0.02750577824711867,0.0077362429277307975,0.9647579788251505
26093,LOF,0.04247782368835243,0.0053981505604466405,0.952124025751201
26094,LOF,0.04299881404510711,0.005752594558470082,0.9512485913964228
26095,LOF,0.04725606441724591,0.011750005889599962,0.940993929693154
26096,LOF,0.018703925082378208,0.011825365918753696,0.969470708998868
26097,LOF,0.011830351627588682,0.03278244165839321,0.9553872067140181
26098,LOF,0.07494260102625377,0.009618655548200773,0.9154387434255454
26099,LOF,0.025123266792700914,0.011194611060417053,0.9636821221468821
26100,LOF,0.02750742189198839,0.010943916710676967,0.9615486613973346
26101,LOF,0.05883814403282498,0.013654013761714053,0.927507842205461
26102,LOF,0.024730764752360176,0.01180149262354465,0.9634677426240951
26103,Neutral,0.8915861666520096,0.0163732532463177,0.0920405801016728
26104,LOF,0.08497162949201546,0.020932419547072645,0.8940959509609119
26105,LOF,0.20900724478856963,0.3069553765544607,0.4840373786569696
26106,LOF,0.20011138107870835,0.13273034013329368,0.6671582787879979
26107,LOF,0.2429397692618192,0.0914443982493867,0.6656158324887941
26108,LOF,0.2637623136635371,0.11194236139461564,0.6242953249418473
26109,LOF,0.09674600270999141,0.05888529851932891,0.8443686987706797
26110,LOF,0.2327403039928042,0.00809190249304361,0.7591677935141522
26111,Neutral,0.4992745518246261,0.022005030457793368,0.4787204177175806
26112,LOF,0.0334782135112714,0.007167237047991048,0.9593545494407375
26113,LOF,0.05195300542144243,0.014962642386761201,0.9330843521917963
26114,LOF,0.027380763032127983,0.020358536581344622,0.9522607003865273
26115,LOF,0.09315905149984924,0.03675915164582906,0.8700817968543216
26116,LOF,0.0652751110072262,0.03742175752078204,0.8973031314719918
26117,LOF,0.4402069725816344,0.04335158172040556,0.5164414456979601
26118,LOF,0.03451182062823202,0.02392033678797526,0.9415678425837928
26119,LOF,0.02200667123079426,0.033500393459655504,0.9444929353095501
26120,LOF,0.030060519135354884,0.021851439968098144,0.948088040896547
26121,LOF,0.03851560369938748,0.07706826043270504,0.8844161358679075
