feature0,prediction,LoGoFunc_Neutral,LoGoFunc_GOF,LoGoFunc_LOF
25546,Neutral,0.6280275138458862,0.053093469766768576,0.31887901638734517
25547,Neutral,0.48959932797529054,0.09477128887149551,0.4156293831532139
25548,Neutral,0.4865802986233966,0.07584146993931729,0.43757823143728614
25549,LOF,0.4279454733786217,0.07668978373562554,0.49536474288575283
25550,LOF,0.35451831478687934,0.11314473104233379,0.5323369541707869
25551,LOF,0.314935719748362,0.12459049592580174,0.5604737843258364
25552,LOF,0.2772272773754389,0.12406435468403952,0.5987083679405216
25553,Neutral,0.7949504930041071,0.04320662942910514,0.1618428775667879
25554,LOF,0.3213242072956984,0.10573129825639646,0.5729444944479052
25555,LOF,0.27385347378662944,0.10142534839879837,0.6247211778145723
25556,LOF,0.4523351885257898,0.08636312860143601,0.4613016828727741
25557,LOF,0.2597036770310703,0.10857044963816154,0.6317258733307682
25558,LOF,0.3169702705668896,0.10416987877074196,0.5788598506623684
25559,LOF,0.2649495910685004,0.12242808576355008,0.6126223231679495
25560,LOF,0.15727297442129504,0.11548817781751679,0.7272388477611882
25561,LOF,0.15142828308943862,0.13006247247041325,0.7185092444401481
25562,LOF,0.07032350853388727,0.0884082033782722,0.8412682880878405
25563,LOF,0.022859544350014777,0.1552011935852273,0.8219392620647579
25564,LOF,0.19757489687677104,0.15284451067521335,0.6495805924480156
25565,LOF,0.22962837587730273,0.12248604143398022,0.647885582688717
25566,GOF,0.10439239997689363,0.6504212629208026,0.2451863371023038
25567,LOF,0.03907010997698415,0.20504884023687853,0.7558810497861373
25568,LOF,0.061044733825226974,0.1009042159518378,0.8380510502229351
25569,LOF,0.0596669245757991,0.10219644454349557,0.8381366308807052
25570,LOF,0.026628934233099272,0.11929517444725274,0.854075891319648
25571,LOF,0.026115915818042266,0.12338956492282373,0.850494519259134
25572,LOF,0.0629043285543822,0.1395660816073671,0.7975295898382506
25573,LOF,0.0656360765076379,0.11816567058214539,0.8161982529102169
25574,LOF,0.06565041006057891,0.2419508779729877,0.6923987119664334
25575,LOF,0.021732948501779294,0.13969197652267068,0.8385750749755501
25576,LOF,0.030148073015728326,0.1721439800855525,0.7977079468987192
25577,LOF,0.03173664037468964,0.13542673844086683,0.8328366211844435
25578,LOF,0.29463213682485034,0.12023013893193792,0.5851377242432118
25579,LOF,0.1262293125000651,0.12569001046980383,0.7480806770301311
25580,LOF,0.019219131878848637,0.10386448640329672,0.8769163817178547
25581,LOF,0.05589008981496635,0.09421972144218956,0.8498901887428442
25582,LOF,0.05585884876362564,0.09233635819906662,0.8518047930373078
25583,LOF,0.021384817387037312,0.10645964344898193,0.8721555391639807
25584,Neutral,0.7046447869168057,0.13032649074488578,0.1650287223383086
25585,LOF,0.027046384290443887,0.18084759237883866,0.7921060233307174
25586,LOF,0.01658668552268823,0.09396171453646805,0.8894515999408438
25587,LOF,0.015991544674030085,0.08225498312976019,0.9017534721962097
25588,LOF,0.01914719263842535,0.08798870245206897,0.8928641049095057
25589,Neutral,0.47259937370173366,0.2442505737165394,0.28315005258172693
25590,LOF,0.04424599433297427,0.14734220371306947,0.8084118019539562
25591,LOF,0.09802067698226873,0.0835607323375753,0.8184185906801559
25592,LOF,0.050959902548195594,0.18281548156986024,0.766224615881944
25593,LOF,0.1389484651158433,0.2924425541161553,0.5686089807680014
25594,LOF,0.05269626587805531,0.07076844272645413,0.8765352913954906
25595,LOF,0.05201157267197157,0.054035161924899086,0.8939532654031294
25596,LOF,0.10511313594870846,0.023848255060458314,0.8710386089908333
25597,LOF,0.08244036070391894,0.03147186665091121,0.8860877726451698
25598,LOF,0.05216956233896996,0.052762522051669265,0.8950679156093607
25599,LOF,0.019139288950528684,0.4608910326842739,0.5199696783651975
25600,GOF,0.15629414237525624,0.48459593378061966,0.3591099238441241
25601,LOF,0.033285033841783156,0.38493362929392705,0.5817813368642898
25602,LOF,0.03834687740464852,0.056551022978011754,0.9051020996173398
25603,LOF,0.032156406096363804,0.03479222743463933,0.933051366468997
25604,LOF,0.037248671364420255,0.06982465644775407,0.8929266721878257
25605,LOF,0.0382535520148343,0.1913825885319809,0.7703638594531849
25606,LOF,0.4270033465202518,0.1118144290214856,0.46118222445826246
25607,LOF,0.02685646690453919,0.1617275486816083,0.8114159844138525
25608,LOF,0.034981295236905935,0.0743982481364534,0.8906204566266407
25609,GOF,0.13986021444918914,0.5105760306133694,0.3495637549374414
25610,LOF,0.017327346288839248,0.028964201932571508,0.9537084517785892
25611,LOF,0.014276458368662781,0.03352447056662938,0.9521990710647079
25612,LOF,0.05037526440891686,0.04710174011170037,0.9025229954793828
25613,LOF,0.0484065949027769,0.046389205700278276,0.9052041993969449
25614,LOF,0.02215260857630273,0.025707517015928254,0.952139874407769
25615,LOF,0.04099386797091251,0.04363606906484947,0.915370062964238
25616,LOF,0.0535690997295593,0.02858421208473438,0.9178466881857064
25617,LOF,0.04394043177040286,0.03782563085362706,0.91823393737597
25618,LOF,0.05342471515742687,0.03702722046733675,0.9095480643752364
25619,LOF,0.014077420174656652,0.033025815605663374,0.9528967642196801
25620,LOF,0.06314459546388601,0.04319337545521286,0.8936620290809011
25621,LOF,0.05663924705589062,0.03817104822189755,0.9051897047222118
25622,LOF,0.0625011511626482,0.03381826018818259,0.9036805886491692
25623,LOF,0.07156146252523059,0.027406475701952496,0.9010320617728168
25624,LOF,0.019326289984410876,0.03325750245780443,0.9474162075577848
25625,LOF,0.05936842048389681,0.039913449408567336,0.9007181301075358
25626,LOF,0.04931138854999204,0.043715762386100324,0.9069728490639077
25627,Neutral,0.8928231173798413,0.01940145042253298,0.08777543219762579
25628,LOF,0.14596720176004047,0.06377793947707663,0.7902548587628829
25629,LOF,0.06777840734653211,0.05438809117253935,0.8778335014809286
25630,LOF,0.28688706980716466,0.07607109809424323,0.6370418320985921
25631,Neutral,0.5448134889423859,0.06471679918659579,0.39046971187101814
25632,LOF,0.027677505080103297,0.06407044429351268,0.908252050626384
25633,LOF,0.1604833639706249,0.04831868912893247,0.7911979469004427
25634,LOF,0.03532696879587977,0.10621719452881036,0.8584558366753099
25635,LOF,0.03726115529617474,0.05221606126804999,0.9105227834357752
25636,LOF,0.029199560100627457,0.43908169346178655,0.531718746437586
25637,GOF,0.06686750401724513,0.49044989659237526,0.44268259939037957
25638,LOF,0.024831699840012492,0.36080845495564134,0.6143598452043462
25639,LOF,0.027444405824886886,0.3895996653915573,0.5829559287835557
25640,Neutral,0.7473782137799924,0.20539319431776382,0.04722859190224385
25641,GOF,0.061843665098909276,0.5238058495156829,0.41435048538540786
25642,LOF,0.047359800114964705,0.1971798855507362,0.755460314334299
25643,LOF,0.1706212440124018,0.17348996568957759,0.6558887902980205
25644,GOF,0.027442272470631936,0.5095007944904684,0.4630569330388996
25645,LOF,0.03057546266230239,0.42981494868102427,0.5396095886566734
25646,LOF,0.07387151923727027,0.3563805600633531,0.5697479206993766
25647,LOF,0.034780289913225834,0.27939385291980684,0.6858258571669673
25648,LOF,0.04500582129497257,0.28825433312100135,0.6667398455840261
25649,LOF,0.019557657796733515,0.2510766679548317,0.7293656742484347
25650,LOF,0.060607079833340974,0.43545428346764115,0.503938636699018
25651,LOF,0.02187967757805054,0.2979763515029712,0.6801439709189783
25652,LOF,0.04389066613031055,0.2926295124359757,0.6634798214337138
25653,LOF,0.10173486459655408,0.4487817063720149,0.449483429031431
25654,LOF,0.03212830816378628,0.27991208236057247,0.6879596094756413
25655,GOF,0.249034324589727,0.4252373430383347,0.3257283323719384
25656,LOF,0.35165724844607793,0.08753277195105184,0.5608099796028703
25657,LOF,0.059480065460216884,0.08517341863443856,0.8553465159053446
25658,LOF,0.38890863055208635,0.07540590420527647,0.5356854652426372
25659,Neutral,0.5417775161647576,0.10921549338313488,0.34900699045210754
25660,LOF,0.02190717629651819,0.08340749255575533,0.8946853311477264
25661,LOF,0.10015513144830067,0.05925565848160989,0.8405892100700894
25662,LOF,0.03530930589997355,0.03323892188081482,0.9314517722192116
25663,LOF,0.0433708347247757,0.046596923076372726,0.9100322421988516
25664,LOF,0.14307698974439753,0.059869650759938435,0.7970533594956641
25665,LOF,0.05309173725014665,0.032090392286530135,0.9148178704633232
25666,LOF,0.0995235652800474,0.06562149578681298,0.8348549389331396
25667,LOF,0.07585195984082967,0.036479902351376936,0.8876681378077934
25668,LOF,0.03712781606953158,0.04636380017166995,0.9165083837587985
25669,LOF,0.031387959842662315,0.04690310495281754,0.92170893520452
25670,LOF,0.15084710111338737,0.0538299413284446,0.7953229575581681
25671,LOF,0.11625783419987885,0.03521926347799502,0.8485229023221261
25672,LOF,0.05467823199300098,0.042885272343512075,0.9024364956634869
25673,LOF,0.08321437010535807,0.04889060145696457,0.8678950284376774
25674,LOF,0.07374135445851172,0.05906483186350086,0.8671938136779874
25675,LOF,0.12798030593568582,0.054447410842176636,0.8175722832221375
25676,LOF,0.01891292190438784,0.056642544537089556,0.9244445335585226
25677,LOF,0.02607773808160299,0.06654164497964744,0.9073806169387495
25678,LOF,0.1988735539949021,0.062125328962873386,0.7390011170422245
25679,LOF,0.12717796878034002,0.07725030191380128,0.7955717293058587
25680,LOF,0.032798922061896336,0.112167248475006,0.8550338294630976
25681,LOF,0.05086130955611196,0.10377721435984019,0.8453614760840479
25682,LOF,0.1457970866238374,0.06909088259650659,0.7851120307796559
25683,LOF,0.12661195586064777,0.0864175324624452,0.786970511676907
25684,LOF,0.042067992709248686,0.07478917250878742,0.8831428347819639
25685,LOF,0.1314926037038406,0.05783756588748162,0.8106698304086777
25686,LOF,0.07854369193893217,0.09547738737997924,0.8259789206810886
25687,LOF,0.11727673200968382,0.09930926754066709,0.7834140004496492
25688,LOF,0.3544706068032644,0.03337677925870638,0.6121526139380291
25689,LOF,0.2694683674470584,0.03745548233806355,0.693076150214878
25690,LOF,0.33883433172344934,0.03140925397910056,0.6297564142974501
25691,Neutral,0.7195995773096365,0.02427498341630093,0.25612543927406245
25692,LOF,0.3574752208865659,0.010683875136832093,0.631840903976602
25693,LOF,0.051797172727458214,0.3878504573611889,0.560352369911353
25694,LOF,0.12428199037515557,0.013732110050644324,0.8619858995742
25695,LOF,0.11619730929443924,0.012661452528277183,0.8711412381772836
25696,LOF,0.12098850350456726,0.008665523776835802,0.8703459727185969
25697,LOF,0.08900860874544826,0.04242646829985182,0.8685649229546999
25698,LOF,0.3474952247067609,0.16780135937018348,0.48470341592305566
25699,LOF,0.43265611163925366,0.0382357304331308,0.5291081579276156
25700,LOF,0.07640504854935336,0.009337355641315537,0.9142575958093312
25701,LOF,0.1528178519080726,0.04825102181172836,0.798931126280199
25702,GOF,0.17237394306594758,0.605961240307879,0.2216648166261735
25703,LOF,0.015421260106720782,0.1490673162258936,0.8355114236673856
25704,LOF,0.041194467317734865,0.09900001868426866,0.8598055139979964
25705,LOF,0.051203597204868376,0.1582972754417511,0.7904991273533805
25706,GOF,0.09727563582552641,0.4616087825452367,0.44111558162923686
25707,LOF,0.09176907293865474,0.3868263907969025,0.5214045362644427
25708,LOF,0.03222074445659323,0.3504206834721373,0.6173585720712695
25709,LOF,0.06675881781321139,0.04541138479308209,0.8878297973937064
25710,LOF,0.012010391345020221,0.15166465490776268,0.8363249537472172
25711,LOF,0.019767520921903564,0.09552274670102112,0.8847097323770754
25712,LOF,0.014915960376458951,0.17635143476682855,0.8087326048567125
25713,LOF,0.019403566844008558,0.08410238579989213,0.8964940473560993
25714,LOF,0.08007360184553843,0.08536802731945199,0.8345583708350096
25715,LOF,0.011855585761571724,0.15345258867091544,0.8346918255675128
25716,LOF,0.013362034473140647,0.11410623369904457,0.8725317318278148
25717,LOF,0.01315923725884427,0.08200217896814375,0.9048385837730119
25718,LOF,0.013352811178933053,0.10627856382567892,0.880368624995388
25719,LOF,0.01969807825209573,0.08514832900790052,0.8951535927400038
25720,LOF,0.02454691820833339,0.07454824985980918,0.9009048319318573
25721,LOF,0.015824028221009524,0.1280517870054132,0.8561241847735772
25722,LOF,0.014689116896578943,0.1415863377127977,0.8437245453906235
25723,LOF,0.022336144452810187,0.047905850488627125,0.9297580050585628
25724,LOF,0.03146364901355735,0.09577695503717759,0.8727593959492651
25725,LOF,0.012160987782966806,0.07080537843942755,0.9170336337776057
25726,LOF,0.01606253364263037,0.11831213719935212,0.8656253291580175
25727,LOF,0.01347343289981481,0.08582671093773821,0.9006998561624471
25728,LOF,0.01042880614167911,0.1257043655956595,0.8638668282626613
25729,LOF,0.010667115253055857,0.1289388463351162,0.8603940384118278
25730,LOF,0.014771643442166494,0.09048552807485259,0.8947428284829809
25731,LOF,0.020971190398879975,0.10950718240908039,0.8695216271920396
25732,LOF,0.01474495764112792,0.09254774725937095,0.8927072950995011
25733,LOF,0.01583788760837193,0.08007285349077412,0.9040892589008539
25734,LOF,0.012952472775944685,0.12129296630052415,0.8657545609235312
25735,LOF,0.01427847700541862,0.09221232125731166,0.8935092017372697
25736,LOF,0.015548763876455872,0.10722675395852502,0.877224482165019
25737,LOF,0.012378969159964061,0.09307983761153708,0.8945411932284988
25738,LOF,0.01300994520786787,0.1097106018986279,0.8772794528935043
25739,LOF,0.021616894511784238,0.0817674877536513,0.8966156177345646
25740,LOF,0.0268480549940535,0.11847431337003414,0.8546776316359124
25741,LOF,0.014921016399875758,0.11939032230186311,0.8656886612982612
25742,LOF,0.12927681070910832,0.08942406724097447,0.7812991220499171
25743,LOF,0.034388093892918685,0.034883570575025724,0.9307283355320557
25744,Neutral,0.5831290330832894,0.21185270537096448,0.2050182615457461
25745,LOF,0.07604878137798346,0.07189962880329347,0.8520515898187231
25746,LOF,0.04630403530709687,0.0877548579651028,0.8659411067278004
25747,LOF,0.020053371799750887,0.053139948485837744,0.9268066797144113
25748,LOF,0.0883415171932813,0.08151345319494756,0.8301450296117712
25749,LOF,0.02653521193389343,0.08575681097162986,0.8877079770944767
25750,LOF,0.0920351377655849,0.08331379022880289,0.8246510720056123
25751,LOF,0.08696765356815046,0.0951014612063112,0.8179308852255385
25752,GOF,0.12100385648910508,0.6380506772473973,0.2409454662634976
25753,LOF,0.01933353906866753,0.27969263137179695,0.7009738295595356
25754,GOF,0.012469601517382635,0.785480603681569,0.20204979480104826
25755,LOF,0.022736609286399145,0.36779953609635324,0.6094638546172476
25756,LOF,0.0460225736540939,0.3704628717795651,0.583514554566341
25757,GOF,0.016246979562973787,0.8317032713102599,0.15204974912676636
25758,GOF,0.032191427823964634,0.802211867863123,0.16559670431291232
25759,GOF,0.011422729324759564,0.551949472697284,0.4366277979779565
25760,LOF,0.011887144201273403,0.2616608257601146,0.7264520300386119
25761,GOF,0.28305080930423354,0.6213979290868127,0.0955512616089538
25762,LOF,0.04130451436058434,0.26566768997585816,0.6930277956635575
25763,LOF,0.014327941448639032,0.19637357766983093,0.7892984808815301
25764,GOF,0.08279568912887891,0.6116439971651042,0.305560313706017
25765,GOF,0.041359347318517925,0.7326124725911798,0.2260281800903023
25766,GOF,0.06548490897466112,0.7479085679183914,0.18660652310694748
25767,GOF,0.16148626469002422,0.5631236596811757,0.2753900756288001
25768,LOF,0.10911453412042878,0.06923212449672664,0.8216533413828447
25769,LOF,0.062373124158117736,0.05726910442031653,0.8803577714215657
25770,LOF,0.33689138144482883,0.08744189044607885,0.5756667281090924
25771,LOF,0.0436667786646401,0.04186172189882519,0.9144714994365346
25772,LOF,0.01952193090607218,0.0390884346699945,0.9413896344239332
25773,LOF,0.04589464619296143,0.09341699674988387,0.8606883570571546
25774,LOF,0.031087199219880825,0.07182077006419309,0.8970920307159261
25775,LOF,0.0492974589586471,0.04177300914395009,0.9089295318974027
25776,LOF,0.08334042312512278,0.023770493051715698,0.8928890838231616
25777,LOF,0.3758394792636953,0.05415178242561444,0.5700087383106902
25778,LOF,0.0751725853095153,0.047079909438007966,0.8777475052524767
25779,GOF,0.36438540618795384,0.5928018263200816,0.04281276749196437
25780,GOF,0.3268410470829072,0.6066099943334429,0.06654895858364998
25781,GOF,0.12438664502092033,0.7725612498397517,0.10305210513932789
25782,GOF,0.20216561670734123,0.7225750949407107,0.07525928835194802
25783,GOF,0.022827703877923048,0.6158147673467003,0.36135752877537664
25784,Neutral,0.49348480917426124,0.4684310157151191,0.038084175110619616
25785,GOF,0.4613489405511661,0.5005966798928312,0.03805437955600262
25786,GOF,0.025599912237182214,0.7506141893698206,0.22378589839299715
25787,Neutral,0.6178993163338152,0.3592205919637337,0.022880091702451172
25788,LOF,0.054468017716948154,0.13051424468093892,0.8150177376021129
25789,GOF,0.20268190119733887,0.6720312172726579,0.12528688153000336
25790,GOF,0.2099294404328566,0.6812164455996966,0.10885411396744672
25791,GOF,0.17466053431744996,0.666677584852417,0.15866188083013316
25792,GOF,0.3684927710182289,0.5053623772696486,0.1261448517121225
25793,GOF,0.2292866911248198,0.5485692806632539,0.22214402821192633
25794,GOF,0.31496095550101905,0.5112600675271083,0.17377897697187275
25795,GOF,0.06885676174523118,0.6807148672455074,0.25042837100926124
25796,Neutral,0.5576754959201824,0.36701220711459787,0.07531229696521974
25797,GOF,0.07941450162067426,0.5326488638357976,0.3879366345435282
25798,GOF,0.009155879331453669,0.4982656855887425,0.49257843507980387
25799,LOF,0.007062042965400043,0.3976080589429395,0.5953298980916605
25800,GOF,0.028817007060247785,0.5798590239897712,0.39132396894998106
25801,GOF,0.20594539515493077,0.6551938515184685,0.13886075332660083
25802,GOF,0.07160826057215201,0.6705139949546044,0.25787774447324346
25803,GOF,0.03119028459115853,0.5710269153222152,0.3977828000866264
25804,LOF,0.029924584173195025,0.4775526531165887,0.4925227627102163
25805,GOF,0.08638355274072121,0.5837068600557028,0.3299095872035759
25806,GOF,0.09533099469366554,0.5909773624917107,0.3136916428146238
25807,GOF,0.01881950816481966,0.6127483985414449,0.36843209329373544
25808,GOF,0.07400735082600464,0.6312883785496469,0.2947042706243484
25809,GOF,0.01937575604405997,0.5846365556412232,0.395987688314717
25810,GOF,0.01748465767015409,0.6240371699048438,0.3584781724250022
25811,Neutral,0.4747514509964154,0.4586389500913285,0.06660959891225614
25812,GOF,0.03267346264266796,0.6379810004996682,0.32934553685766377
25813,Neutral,0.500368144737585,0.4100857021751495,0.08954615308726556
25814,GOF,0.11244459380938725,0.6690593254614341,0.21849608072917856
25815,GOF,0.17891104064252072,0.6379991102114607,0.18308984914601856
25816,GOF,0.022253374676341912,0.6857540783514139,0.29199254697224414
25817,GOF,0.21750770421742555,0.6628255150853378,0.11966678069723656
25818,GOF,0.053103536905031674,0.6080558829014269,0.3388405801935414
25819,GOF,0.3735250536524953,0.48177624836786703,0.14469869797963766
25820,GOF,0.18343447401658766,0.5900248557322257,0.22654067025118663
25821,GOF,0.06823956725258737,0.6446949907555211,0.28706544199189155
25822,GOF,0.2168253812198772,0.5399047497338418,0.24326986904628103
25823,GOF,0.032309505592981354,0.4947248642968806,0.47296563011013804
25824,GOF,0.09316148549820473,0.5390327604132072,0.367805754088588
25825,GOF,0.03484169018881453,0.5337988289660061,0.4313594808451794
25826,GOF,0.013536479499807168,0.5130653930020771,0.4733981274981157
25827,GOF,0.021221920579736757,0.5798064641810178,0.3989716152392454
25828,GOF,0.013016499634941326,0.5139806968146059,0.4730028035504528
25829,GOF,0.006171839720582976,0.5512835190264243,0.4425446412529927
25830,LOF,0.032970486863579514,0.31594452340478313,0.6510849897316374
25831,GOF,0.18182389103104513,0.6783938903963224,0.13978221857263248
25832,GOF,0.030536338583379997,0.6386368421507796,0.3308268192658404
25833,GOF,0.121693121434958,0.6755391818984109,0.20276769666663103
25834,GOF,0.03684005084844685,0.659798978791368,0.30336097036018517
25835,GOF,0.08114568439328444,0.7209980787521962,0.19785623685451928
25836,GOF,0.03801091404182206,0.6655246994335277,0.29646438652465024
25837,GOF,0.0322138363442895,0.5522674991516938,0.4155186645040167
25838,GOF,0.0910694161514912,0.7374453996094598,0.17148518423904904
25839,GOF,0.25395275679797824,0.5765588285397977,0.169488414662224
25840,GOF,0.19834650942515722,0.6542814084935222,0.1473720820813205
25841,GOF,0.21680585029849522,0.6457874442272359,0.13740670547426895
25842,GOF,0.16581130691644314,0.6785405396020955,0.15564815348146133
25843,GOF,0.23589371051021493,0.6590127076183692,0.10509358187141585
25844,GOF,0.06400303331637866,0.6903116222080098,0.24568534447561155
25845,LOF,0.016531803582846158,0.47207173984077816,0.5113964565763757
25846,GOF,0.10613454625558529,0.717047610222838,0.17681784352157665
25847,GOF,0.11501019409772416,0.7653186821802828,0.11967112372199318
25848,GOF,0.03420692549980943,0.6627357974708235,0.3030572770293671
25849,GOF,0.011051286754902533,0.556729196245594,0.43221951699950334
25850,GOF,0.02193042483897283,0.6395558773107138,0.33851369785031327
25851,GOF,0.016101092921555912,0.5284006887952567,0.4554982182831873
25852,GOF,0.14504435627058432,0.5911949956245922,0.2637606481048235
25853,GOF,0.33910540286124463,0.5849990231223948,0.07589557401636056
25854,GOF,0.02126628350903646,0.603539866195694,0.37519385029526964
25855,GOF,0.03906889633293826,0.5410169947663492,0.4199141089007124
25856,GOF,0.2310572600549903,0.5632183326548089,0.2057244072902006
25857,GOF,0.03797538534543573,0.50460962474606,0.4574149899085043
25858,GOF,0.017219461827154007,0.5222987272307178,0.4604818109421282
25859,GOF,0.010054433943216524,0.5034480176667159,0.48649754839006754
25860,GOF,0.3429419447730642,0.5708968867146542,0.08616116851228148
25861,GOF,0.40816657172778636,0.5212425244362632,0.0705909038359505
25862,GOF,0.0813158288080635,0.7798271125355185,0.1388570586564179
25863,GOF,0.08773232455928398,0.7790471743080923,0.13322050113262363
25864,GOF,0.17803489986610171,0.7425211268933904,0.07944397324050786
25865,GOF,0.07901285862813628,0.8055133600125074,0.11547378135935636
25866,GOF,0.0637131883732474,0.7955614753830507,0.14072533624370215
25867,GOF,0.07706719024706243,0.8173893643757464,0.10554344537719122
25868,GOF,0.26141136616555855,0.6432648671009604,0.09532376673348114
25869,Neutral,0.6703615479480233,0.2934953480171147,0.036143104034861935
25870,GOF,0.3089455531239847,0.36440649026997873,0.32664795660603657
25871,GOF,0.19679683426554512,0.6454786754308706,0.15772449030358435
25872,GOF,0.06584572538579646,0.6399203214361677,0.29423395317803575
25873,GOF,0.10754359725025239,0.6802437531144347,0.21221264963531292
25874,LOF,0.015980923311350557,0.1489584148170451,0.8350606618716044
25875,LOF,0.09612972433595568,0.03307290232036994,0.8707973733436744
25876,LOF,0.034680531049128875,0.03856816805844888,0.9267513008924222
25877,Neutral,0.534008227565284,0.04246118646134225,0.4235305859733737
25878,LOF,0.2351400490221214,0.07748879753095066,0.6873711534469279
25879,LOF,0.09266329407372892,0.08033131756278165,0.8270053883634895
25880,LOF,0.02252735937931993,0.017973841176095094,0.9594987994445849
25881,LOF,0.16916177827960552,0.10194986824693048,0.7288883534734639
25882,LOF,0.06890001769070556,0.01459648164262949,0.9165035006666651
25883,LOF,0.08055032310537967,0.019014793327318282,0.9004348835673021
25884,LOF,0.033189701134367505,0.031202454598949162,0.9356078442666833
25885,LOF,0.06298943691826468,0.010980534508175438,0.9260300285735599
25886,LOF,0.24183060810264487,0.034921037966410454,0.7232483539309447
25887,LOF,0.1603808445229819,0.05999737672677114,0.7796217787502469
25888,LOF,0.06468846281614023,0.05514105178250303,0.8801704854013567
25889,LOF,0.04244023832868665,0.019816257855106725,0.9377435038162065
25890,LOF,0.05135868738818416,0.15862288270170632,0.7900184299101095
25891,LOF,0.039473737017946355,0.054706762425656155,0.9058195005563975
25892,LOF,0.08572420158708605,0.019238729109604495,0.8950370693033094
25893,LOF,0.21251998476958572,0.018694358480516097,0.7687856567498983
25894,LOF,0.1718782002719985,0.010839498405249741,0.8172823013227518
25895,LOF,0.20847401982815986,0.016442138669696193,0.7750838415021439
25896,LOF,0.0491485005842631,0.031236726746070784,0.9196147726696661
25897,LOF,0.244371131416957,0.010690533249061013,0.744938335333982
25898,Neutral,0.6931646337722318,0.009305295886494444,0.2975300703412736
25899,LOF,0.1955172718059786,0.029274033742592753,0.7752086944514286
25900,LOF,0.42647035605793476,0.016476624566631078,0.5570530193754343
25901,LOF,0.046947979483512134,0.015614167609258605,0.9374378529072294
25902,LOF,0.15747479531032388,0.015867641873122326,0.8266575628165539
25903,Neutral,0.5290639711313077,0.02854510303386808,0.4423909258348243
25904,LOF,0.27700494369804124,0.06484654241810514,0.6581485138838535
25905,LOF,0.022257544336009284,0.31896240548259036,0.6587800501814003
25906,LOF,0.026672409265538467,0.06398119533302368,0.9093463954014379
25907,LOF,0.012619341384563987,0.31959798276804324,0.6677826758473927
25908,LOF,0.009719784447754976,0.23582718330148292,0.7544530322507622
25909,LOF,0.01411554912584831,0.1298249450446556,0.8560595058294961
25910,LOF,0.051937870693590425,0.13108969077875499,0.8169724385276546
25911,LOF,0.16767301610154653,0.024976620893829547,0.8073503630046239
25912,LOF,0.042189851243989794,0.0422931240967446,0.9155170246592657
25913,LOF,0.2737404491153206,0.020790500023999042,0.7054690508606803
25914,LOF,0.02179144796192902,0.07258561462740996,0.9056229374106611
25915,Neutral,0.5117672066299775,0.2533745305023227,0.2348582628676998
25916,LOF,0.06905399035360592,0.28734796524303136,0.6435980444033627
25917,LOF,0.0647738155006739,0.05757422104005373,0.8776519634592723
25918,LOF,0.02670827168778579,0.04637586830390668,0.9269158600083075
25919,LOF,0.022724673829430136,0.05122438801717782,0.9260509381533921
25920,GOF,0.08513320742345767,0.5700022254852322,0.34486456709131014
25921,LOF,0.023686374932878673,0.03037487749389046,0.9459387475732308
25922,LOF,0.03287223429393234,0.021781020089863816,0.9453467456162039
25923,LOF,0.40269125053059984,0.023531393347527865,0.5737773561218723
25924,LOF,0.03733177865679286,0.03769293792136487,0.9249752834218423
25925,LOF,0.07014708703832716,0.02731600255591819,0.9025369104057547
25926,LOF,0.05175133841792467,0.02414985198963568,0.9240988095924397
25927,LOF,0.06342951149042683,0.08889326166197957,0.8476772268475935
25928,LOF,0.019084551150284266,0.04167531514058778,0.9392401337091278
25929,Neutral,0.5160235496721751,0.025476687550787917,0.458499762777037
25930,LOF,0.05495565764216063,0.02202067863094215,0.9230236637268971
25931,LOF,0.02535448422229822,0.024075140215902437,0.9505703755617992
25932,LOF,0.028001659911439106,0.022597581187309073,0.9494007589012519
25933,LOF,0.037614085944654485,0.015336664457283988,0.9470492495980616
25934,LOF,0.025070405239254332,0.018622664608532045,0.9563069301522136
25935,LOF,0.06071222139526265,0.034068914642614474,0.9052188639621229
25936,LOF,0.045542264111203275,0.02021642248430985,0.9342413134044868
25937,LOF,0.02784197619799374,0.030928441386358897,0.9412295824156475
25938,LOF,0.06336665153088841,0.03532353658800333,0.9013098118811083
25939,LOF,0.04246535209868517,0.015908191787737194,0.9416264561135778
25940,LOF,0.03108627359768412,0.39200990188738993,0.576903824514926
25941,LOF,0.18890417678534813,0.08874944928004663,0.7223463739346052
25942,LOF,0.015104331280489706,0.03997635487378762,0.9449193138457226
25943,LOF,0.31447444114058365,0.06564342575509134,0.619882133104325
25944,Neutral,0.4960088317894608,0.026420973515375618,0.4775701946951635
25945,LOF,0.06475576296372772,0.02541654303661163,0.9098276939996607
25946,LOF,0.02447657472048156,0.13018309822654878,0.8453403270529697
25947,LOF,0.10517580644581385,0.23339101788199368,0.6614331756721925
25948,LOF,0.4181977211177984,0.010697250987457002,0.5711050278947446
25949,LOF,0.09801135289740628,0.04171872270161734,0.8602699244009764
25950,LOF,0.29803823247518707,0.3450030299558901,0.3569587375689228
25951,LOF,0.2314346263522827,0.2005094501352581,0.5680559235124593
25952,LOF,0.04620484308810691,0.40748242361353887,0.5463127332983542
25953,LOF,0.15079942819527284,0.0943562218763432,0.754844349928384
25954,Neutral,0.44700191905042924,0.14920375528541663,0.4037943256641542
25955,LOF,0.064364505421994,0.06932375951599097,0.866311735062015
25956,LOF,0.17916617091546308,0.10944541485703081,0.7113884142275062
25957,LOF,0.034360852716978335,0.0351187078904771,0.9305204393925445
25958,LOF,0.06120197557189232,0.030609666619802703,0.908188357808305
25959,LOF,0.06955628918973895,0.3819525171083816,0.5484911937018795
25960,LOF,0.017431885822260726,0.05476488017860408,0.9278032339991352
25961,LOF,0.05011801908229713,0.034320985842073076,0.9155609950756298
25962,LOF,0.06414421383395788,0.025776001827568392,0.9100797843384737
25963,LOF,0.04954918385967072,0.16503713948973883,0.7854136766505905
25964,LOF,0.03916842279159642,0.17387209359729536,0.7869594836111081
25965,Neutral,0.470805837446276,0.08088897338129232,0.44830518917243173
25966,Neutral,0.47934795325477103,0.08415327744472374,0.4364987693005052
25967,LOF,0.013553632712231489,0.05302050067442372,0.9334258666133448
25968,LOF,0.02684466323588788,0.42393322990626847,0.5492221068578437
25969,LOF,0.025714221939621192,0.05902445917165626,0.9152613188887225
25970,LOF,0.06384607613249542,0.05709174749369101,0.8790621763738137
25971,LOF,0.07321406421120172,0.016123545720169812,0.9106623900686286
25972,LOF,0.07392736116261985,0.021871142227248074,0.904201496610132
25973,LOF,0.07537448894678031,0.011170268040249932,0.9134552430129698
25974,LOF,0.20273006320499085,0.016935863383613994,0.7803340734113953
25975,LOF,0.04741043005896886,0.03394987907430019,0.9186396908667309
25976,LOF,0.04458305250686542,0.017249955428118056,0.9381669920650165
25977,LOF,0.14601389931190903,0.10887749686505996,0.745108603823031
25978,LOF,0.15479684501419816,0.08140334834331546,0.7637998066424865
25979,LOF,0.14154944152872623,0.08858750857753692,0.7698630498937369
25980,LOF,0.21006596421143608,0.1099575651282709,0.6799764706602929
25981,LOF,0.24118613697381971,0.10820334364364567,0.6506105193825346
25982,LOF,0.41448282706661344,0.06516019329434283,0.5203569796390437
25983,LOF,0.3916140660580815,0.0722140184275223,0.5361719155143961
25984,LOF,0.0518409054649608,0.04272634808687243,0.9054327464481668
25985,LOF,0.03487833645989203,0.2185019857830265,0.7466196777570814
25986,LOF,0.03940485241449254,0.2692307929144577,0.6913643546710497
25987,LOF,0.08031545071355636,0.067254120052826,0.8524304292336176
25988,LOF,0.1476422665664018,0.04824736448292769,0.8041103689506705
25989,LOF,0.030881028900415317,0.0944987686682432,0.8746202024313415
25990,LOF,0.04297580110845675,0.11184063098156886,0.8451835679099744
25991,LOF,0.14568039585227718,0.2925018939691222,0.5618177101786007
25992,LOF,0.32480720979004885,0.15260290851952485,0.5225898816904263
25993,LOF,0.023519217827210996,0.08676480843087932,0.8897159737419097
25994,LOF,0.017678427604728975,0.13034121832832157,0.8519803540669496
25995,LOF,0.026251559782481424,0.2608331723912239,0.7129152678262947
25996,GOF,0.2963562831892038,0.46543055096139396,0.2382131658494022
25997,LOF,0.07715700404801586,0.4491319096995374,0.47371108625244673
25998,Neutral,0.5458311514874308,0.01805671974030767,0.4361121287722616
25999,LOF,0.11183700873254798,0.11209217868717211,0.77607081258028
26000,LOF,0.1747915689923415,0.04853943063113831,0.7766690003765203
26001,LOF,0.2005290403557299,0.03737897715540078,0.7620919824888692
26002,LOF,0.1454351438366553,0.04893422580261674,0.8056306303607279
26003,GOF,0.009647038768443432,0.5277360435490814,0.4626169176824751
26004,GOF,0.01860563184709992,0.6054574173940045,0.37593695075889566
26005,LOF,0.00807959329668722,0.40776979706341426,0.5841506096398985
26006,Neutral,0.539346257399058,0.1918412298592147,0.2688125127417273
26007,GOF,0.02268977283062803,0.5117530288732328,0.46555719829613923
26008,GOF,0.018947838244423816,0.5888453741736601,0.3922067875819161
26009,GOF,0.020907318392781555,0.6193031554278926,0.35978952617932586
26010,GOF,0.02456779634785079,0.5894705619617582,0.38596164169039104
26011,LOF,0.007178726606073376,0.4195089637362898,0.5733123096576368
26012,GOF,0.0135509724851227,0.5340932854255456,0.4523557420893317
26013,GOF,0.01734123520477974,0.5826039938830068,0.4000547709122135
26014,LOF,0.04723221434078814,0.10948121017379697,0.8432865754854149
26015,LOF,0.18573559623699695,0.009402981865109914,0.804861421897893
26016,LOF,0.19173774349890194,0.04610189530366724,0.7621603611974308
26017,LOF,0.2078785180647189,0.07890261702461439,0.7132188649106667
26018,LOF,0.08736071172363712,0.030172469200497553,0.8824668190758653
26019,LOF,0.08374593710261599,0.022843320030135582,0.8934107428672483
26020,LOF,0.06963393040337575,0.10094954954913801,0.8294165200474863
26021,LOF,0.03786563498428726,0.11019176296421235,0.8519426020515004
26022,LOF,0.010901528398774223,0.03648478407319124,0.9526136875280345
26023,LOF,0.10228787955675696,0.021048470118143092,0.8766636503251
26024,LOF,0.03402970094871098,0.11395249869805381,0.8520178003532353
26025,LOF,0.16194944690549895,0.083604494265836,0.754446058828665
26026,LOF,0.29617936959562663,0.02784283298103916,0.6759777974233342
26027,LOF,0.07825313825674823,0.0156748849935309,0.906071976749721
26028,LOF,0.16837896301458688,0.06795483101437123,0.7636662059710418
26029,LOF,0.07647188011989184,0.21432541104579017,0.7092027088343179
26030,LOF,0.025647997688516447,0.07703242605573024,0.8973195762557532
26031,LOF,0.027400673166054573,0.15119327743013258,0.8214060494038129
26032,LOF,0.07080403499258069,0.0838137946917678,0.8453821703156515
26033,LOF,0.12039152472374214,0.10467402121830477,0.7749344540579531
26034,LOF,0.04778899625475315,0.17187909340876417,0.7803319103364826
26035,LOF,0.02758820520200393,0.15137714698273183,0.8210346478152643
26036,LOF,0.04130071200929488,0.18117008287319103,0.7775292051175141
26037,LOF,0.023236425770811482,0.12521865865662332,0.8515449155725652
26038,LOF,0.06524568718528871,0.08783878069081469,0.8469155321238965
26039,LOF,0.05083134540358071,0.16347178876804538,0.785696865828374
26040,LOF,0.2061074144789302,0.13412788240337095,0.6597647031176989
26041,LOF,0.023219203182840646,0.11888295415423374,0.8578978426629257
26042,LOF,0.02172207746084972,0.1094971542227484,0.8687807683164018
26043,LOF,0.0650492386712795,0.10336722129211352,0.831583540036607
26044,LOF,0.02052051588652679,0.09210935569510639,0.8873701284183668
26045,LOF,0.06843216699112491,0.10765346181157964,0.8239143711972955
26046,LOF,0.06658569119571425,0.10159654622628377,0.8318177625780019
26047,LOF,0.091790472689255,0.10745766575225585,0.8007518615584891
26048,LOF,0.04811489605363229,0.05539906685285128,0.8964860370935165
26049,Neutral,0.961370560312967,0.009708790974568681,0.02892064871246441
26050,Neutral,0.9462457511110045,0.012988518002954938,0.04076573088604065
26051,LOF,0.04316200655800932,0.2881595166545984,0.6686784767873922
26052,LOF,0.06773582015843926,0.3153650083040092,0.6168991715375515
26053,LOF,0.046697763465620365,0.16569173972586482,0.7876104968085147
26054,LOF,0.05454744208288792,0.01765362437351704,0.927798933543595
26055,LOF,0.07608494494495423,0.014255342678159368,0.9096597123768865
26056,LOF,0.06213808079945016,0.01589451241974889,0.921967406780801
26057,LOF,0.02976137227628304,0.011749919265926053,0.9584887084577908
26058,LOF,0.03105746454107296,0.009140115137291235,0.9598024203216358
26059,LOF,0.30717735927352646,0.01993367830126458,0.6728889624252089
26060,LOF,0.037001494915461806,0.1807303925771835,0.7822681125073547
26061,LOF,0.019375399457977907,0.00979138754104021,0.9708332130009818
26062,LOF,0.011270842695667837,0.01643749676664067,0.9722916605376914
26063,LOF,0.023110086543165362,0.011226101669346514,0.9656638117874882
26064,LOF,0.023669547370939906,0.017770916233868946,0.9585595363951912
26065,LOF,0.024927641651272522,0.009776156203099351,0.9652962021456281
26066,LOF,0.021438452529635815,0.010684337440158901,0.9678772100302053
26067,LOF,0.028173838302123413,0.00807714709630988,0.9637490146015667
26068,LOF,0.047332727505345035,0.03048492045369484,0.9221823520409602
26069,LOF,0.258569430156025,0.01818753096263828,0.7232430388813367
26070,LOF,0.41823452157798846,0.014849831824814804,0.5669156465971968
26071,LOF,0.02527518324998828,0.01165501334415577,0.9630698034058559
26072,LOF,0.021484212111086465,0.015117439584222918,0.9633983483046907
26073,LOF,0.0254953381207472,0.010282259441792542,0.9642224024374602
26074,Neutral,0.9052231599670892,0.00520672799096366,0.08957011204194691
26075,LOF,0.04631183598144311,0.01443544501832127,0.9392527190002357
26076,LOF,0.0475546492985124,0.008018621436514807,0.9444267292649727
26077,LOF,0.011384463277235588,0.017320987252526312,0.9712945494702382
26078,LOF,0.014328706166925416,0.010047886492432498,0.975623407340642
26079,LOF,0.06033059664585448,0.016297479163950187,0.9233719241901953
26080,LOF,0.059700251481713366,0.01633531459971892,0.9239644339185678
26081,LOF,0.03557993838461078,0.005942573361227838,0.9584774882541613
26082,LOF,0.014662713193321656,0.015145973192249522,0.9701913136144289
26083,LOF,0.1332004953775593,0.011985782310253512,0.8548137223121872
26084,LOF,0.03130508824540677,0.011656127873957261,0.957038783880636
26085,LOF,0.02660678041152516,0.010787761606501186,0.9626054579819737
26086,LOF,0.024634556265083332,0.010467277918813142,0.9648981658161035
26087,LOF,0.028844489873227463,0.007549376266239767,0.9636061338605327
26088,LOF,0.016428805569402478,0.026155354603532046,0.9574158398270655
26089,LOF,0.0459916549184459,0.022767005387681127,0.931241339693873
26090,LOF,0.044631259612603495,0.017917431493905657,0.9374513088934909
26091,LOF,0.038498401275090535,0.005801815695664482,0.955699783029245
26092,LOF,0.027491670837432026,0.00775533095990963,0.9647529982026585
26093,LOF,0.039614844868791174,0.005741469897847028,0.9546436852333618
26094,LOF,0.041154184092265615,0.0061136440482968245,0.9527321718594376
26095,LOF,0.04597171056381783,0.01129611518955308,0.942732174246629
26096,LOF,0.01781494338395654,0.010977706267363522,0.97120735034868
26097,LOF,0.012934459881045668,0.03870445113382557,0.9483610889851287
26098,LOF,0.07518914036642067,0.009816158109304293,0.914994701524275
26099,LOF,0.0261661541885014,0.011639194773362907,0.9621946510381357
26100,LOF,0.028645491894737515,0.011261374811423319,0.9600931332938393
26101,LOF,0.05741426562012709,0.013305234102189246,0.9292805002776837
26102,LOF,0.024892559395283446,0.012958702679875462,0.9621487379248411
26103,Neutral,0.8896910992127071,0.017206904069517786,0.0931019967177753
26104,LOF,0.08537293819543584,0.023674552426330982,0.8909525093782331
26105,LOF,0.2141767063764774,0.30791706859300544,0.4779062250305172
26106,LOF,0.22783882619221418,0.1259706787087181,0.6461904950990677
26107,LOF,0.23443826317966626,0.09479599410603357,0.6707657427143001
26108,LOF,0.2645632971312064,0.1316693628216353,0.6037673400471583
26109,LOF,0.10229614818307706,0.0752948461951441,0.8224090056217789
26110,LOF,0.24747252653290128,0.008108446106805493,0.7444190273602933
26111,LOF,0.4834611092850266,0.015948863063989134,0.5005900276509843
26112,LOF,0.03231411422619469,0.00805253442312944,0.9596333513506758
26113,LOF,0.0484909785172535,0.0165123198624275,0.9349967016203191
26114,LOF,0.028725279334631617,0.021012032006764884,0.9502626886586035
26115,LOF,0.10013009357590974,0.04285490312020801,0.8570150033038823
26116,LOF,0.06907559279589823,0.03948961326295155,0.8914347939411502
26117,LOF,0.4423222447215078,0.04315082364766891,0.5145269316308233
26118,LOF,0.03719696882981835,0.023427131655530935,0.9393758995146507
26119,LOF,0.026128805774685404,0.04711670378812197,0.9267544904371926
26120,LOF,0.030567446696170855,0.020448876724976733,0.9489836765788523
26121,LOF,0.0446078909988537,0.07395121163132048,0.8814408973698258
26122,LOF,0.05129550764566824,0.04463802226975544,0.9040664700845763
