feature0,prediction,LoGoFunc_Neutral,LoGoFunc_GOF,LoGoFunc_LOF
25546,Neutral,0.6165761818531678,0.10269122513869007,0.28073259300814224
25547,Neutral,0.4962639014195656,0.14469135469399858,0.3590447438864358
25548,LOF,0.38111331363433354,0.15180301766522397,0.46708366870044243
25549,LOF,0.35868200917579873,0.1559880297008706,0.48532996112333066
25550,LOF,0.41967173565744526,0.10823789080212597,0.47209037354042876
25551,LOF,0.3244174639674234,0.1270002371805865,0.5485822988519901
25552,LOF,0.25813486371302174,0.1405149004960107,0.6013502357909676
25553,Neutral,0.8127397937944089,0.04941419314707115,0.13784601305852012
25554,LOF,0.3320268237154855,0.09390434855907623,0.5740688277254382
25555,LOF,0.23993994758830364,0.11289283879213483,0.6471672136195615
25556,LOF,0.3917402080971519,0.0666984231654062,0.5415613687374419
25557,LOF,0.24535884092763316,0.12384748799520602,0.6307936710771609
25558,LOF,0.3156971501584228,0.14426070553745812,0.5400421443041191
25559,LOF,0.3056457984050085,0.035717255058286004,0.6586369465367055
25560,LOF,0.027274255257289673,0.4230368682288902,0.5496888765138201
25561,LOF,0.029340612009854498,0.3911151690946777,0.5795442188954678
25562,LOF,0.025456883243111388,0.2597906718671169,0.7147524448897717
25563,LOF,0.009977840675729842,0.21050955135116442,0.7795126079731057
25564,LOF,0.06613149719798145,0.061297719971106564,0.872570782830912
25565,LOF,0.1520414801913149,0.21396484351918524,0.6339936762894999
25566,GOF,0.043777404637606404,0.6487963880621722,0.30742620730022147
25567,LOF,0.0457351565602267,0.02822833794122853,0.9260365054985449
25568,LOF,0.043472962548964135,0.03358104001104181,0.9229459974399941
25569,LOF,0.06925922129583337,0.028957029662928326,0.9017837490412383
25570,LOF,0.07378545246873172,0.03708538765972119,0.8891291598715472
25571,LOF,0.07378545246873172,0.03708538765972119,0.8891291598715472
25572,LOF,0.09295276836327042,0.02897682921462829,0.8780704024221013
25573,LOF,0.09833340128442983,0.06582320088321565,0.8358433978323545
25574,LOF,0.25200465716336756,0.18851549350217955,0.5594798493344528
25575,LOF,0.07378545246873172,0.03708538765972119,0.8891291598715472
25576,LOF,0.03677998972090859,0.0433743699156791,0.9198456403634123
25577,LOF,0.04518934899735024,0.028641801787222188,0.9261688492154276
25578,LOF,0.2127901766058172,0.06532947634905405,0.7218803470451288
25579,LOF,0.20813111321199085,0.061890824313171076,0.7299780624748381
25580,LOF,0.07378545246873172,0.03708538765972119,0.8891291598715472
25581,LOF,0.04539493154056066,0.05431114224645071,0.9002939262129885
25582,LOF,0.04539493154056066,0.05431114224645071,0.9002939262129885
25583,LOF,0.07378545246873172,0.03708538765972119,0.8891291598715472
25584,Neutral,0.7122118010082747,0.010214350811129353,0.2775738481805959
25585,LOF,0.047580317984427974,0.0313015321850899,0.9211181498304822
25586,LOF,0.07378545246873172,0.03708538765972119,0.8891291598715472
25587,LOF,0.07378545246873172,0.03708538765972119,0.8891291598715472
25588,LOF,0.07378545246873172,0.03708538765972119,0.8891291598715472
25589,Neutral,0.7118202845250435,0.0382202087596154,0.2499595067153411
25590,LOF,0.08816583403178535,0.027296621837306044,0.8845375441309087
25591,LOF,0.21033181410738547,0.015402301463402709,0.7742658844292118
25592,LOF,0.3475018951595674,0.0661437883566331,0.5863543164837995
25593,LOF,0.24115690338325488,0.1309590891462661,0.6278840074704791
25594,LOF,0.03187270749306429,0.060781578320199536,0.9073457141867362
25595,LOF,0.034848051066254326,0.03326979795639295,0.9318821509773527
25596,LOF,0.135352528623173,0.016862855749896207,0.8477846156269307
25597,LOF,0.1361414087910591,0.013539324654062199,0.8503192665548788
25598,LOF,0.03176344130348776,0.04379907839578061,0.9244374803007316
25599,GOF,0.02214003377338094,0.5238925538944355,0.45396741233218363
25600,GOF,0.09724303744277896,0.6085441932605905,0.29421276929663054
25601,LOF,0.04958429389925083,0.38081349036629875,0.5696022157344505
25602,LOF,0.10128678038154604,0.026926863541877608,0.8717863560765763
25603,LOF,0.08259127348929066,0.05059680907346617,0.8668119174372433
25604,LOF,0.09568674834640892,0.13519909502334837,0.7691141566302426
25605,LOF,0.2010726763780679,0.09122479885131753,0.7077025247706146
25606,Neutral,0.5963916967614908,0.045998213415941826,0.35761008982256726
25607,LOF,0.05585047818090347,0.1085655006132656,0.8355840212058309
25608,LOF,0.03686842688405067,0.24568079831126516,0.7174507748046842
25609,GOF,0.09647391809433882,0.7441084611458455,0.15941762075981575
25610,LOF,0.04377966955778586,0.15945158905571474,0.7967687413864993
25611,LOF,0.04377966955778586,0.15945158905571474,0.7967687413864993
25612,LOF,0.03083721835672647,0.07425523533723022,0.8949075463060433
25613,LOF,0.03460487725633174,0.08894448943343136,0.8764506333102369
25614,LOF,0.04377966955778586,0.15945158905571474,0.7967687413864993
25615,LOF,0.05253899760650786,0.14509753989925223,0.80236346249424
25616,LOF,0.04377966955778586,0.15945158905571474,0.7967687413864993
25617,LOF,0.04377966955778586,0.15945158905571474,0.7967687413864993
25618,LOF,0.1124465074500623,0.381714878170836,0.5058386143791017
25619,LOF,0.04377966955778586,0.15945158905571474,0.7967687413864993
25620,LOF,0.04377966955778586,0.15945158905571474,0.7967687413864993
25621,LOF,0.07640168820179849,0.10415628216298722,0.8194420296352143
25622,LOF,0.07362662747836037,0.0986923351587769,0.8276810373628628
25623,LOF,0.08684772774763737,0.05760431048760588,0.8555479617647568
25624,LOF,0.04377966955778586,0.15945158905571474,0.7967687413864993
25625,LOF,0.07079549994268158,0.05359725269964358,0.8756072473576749
25626,LOF,0.025102276457989254,0.060918263323278134,0.9139794602187327
25627,Neutral,0.8396155865028483,0.05618369913606017,0.10420071436109159
25628,LOF,0.10842177887496682,0.19821645417728256,0.6933617669477506
25629,LOF,0.030433142859524344,0.15613324381280022,0.8134336133276754
25630,LOF,0.27906395226272773,0.1411541718275176,0.5797818759097546
25631,LOF,0.31944087468406385,0.1840967748045664,0.4964623505113698
25632,LOF,0.0256095967449618,0.0715604710281035,0.9028299322269348
25633,LOF,0.05588999140692682,0.08236354975349,0.8617464588395831
25634,LOF,0.047502999358428465,0.04663818572474858,0.9058588149168229
25635,LOF,0.05588999140692682,0.08236354975349,0.8617464588395831
25636,GOF,0.021297870964163974,0.6995945660792705,0.27910756295656547
25637,GOF,0.01787096907376917,0.6569800218349343,0.32514900909129657
25638,GOF,0.011716973021637989,0.6772518578910015,0.31103116908736045
25639,GOF,0.025009442044490685,0.5680534437397168,0.40693711421579265
25640,Neutral,0.7540706283139065,0.1964790634379381,0.049450308248155474
25641,GOF,0.045930581866623,0.6328486546982351,0.32122076343514183
25642,LOF,0.05624799981443796,0.4401327221595534,0.5036192780260087
25643,LOF,0.2698401966244524,0.300303235739081,0.42985656763646646
25644,LOF,0.014010885375574815,0.37930751383872424,0.606681600785701
25645,LOF,0.011214864642115302,0.4609458600398968,0.5278392753179878
25646,GOF,0.018894316612770894,0.5414719009784121,0.4396337824088169
25647,LOF,0.011821917941962372,0.3379036329237975,0.6502744491342402
25648,LOF,0.01649395386018256,0.3023370155376084,0.681169030602209
25649,LOF,0.01043644653748057,0.20634173627129482,0.7832218171912247
25650,LOF,0.048239702688171876,0.4005486348171143,0.5512116624947139
25651,LOF,0.013478712816949383,0.3170016087126883,0.6695196784703622
25652,LOF,0.010743129019809837,0.4141480625802449,0.5751088083999453
25653,LOF,0.03379468524221822,0.400673080015528,0.5655322347422538
25654,LOF,0.009239703585594965,0.3985584688886968,0.5922018275257083
25655,GOF,0.06850657997495695,0.6560106859927183,0.27548273403232476
25656,GOF,0.18780390211403214,0.49320001521384926,0.3189960826721185
25657,LOF,0.03868195344711933,0.3986513755656021,0.5626666709872785
25658,GOF,0.06915103075677076,0.587154574356889,0.34369439488634024
25659,GOF,0.18604418424881844,0.6575882619247307,0.1563675538264508
25660,LOF,0.03911205641928527,0.1779365083717974,0.7829514352089173
25661,LOF,0.03911205641928527,0.1779365083717974,0.7829514352089173
25662,LOF,0.03911205641928527,0.1779365083717974,0.7829514352089173
25663,LOF,0.03911205641928527,0.1779365083717974,0.7829514352089173
25664,LOF,0.06821516532472144,0.14448304433874384,0.7873017903365347
25665,LOF,0.030273163982261247,0.06298357276668526,0.9067432632510535
25666,LOF,0.06660514218619012,0.13267880224887982,0.80071605556493
25667,LOF,0.03911205641928527,0.1779365083717974,0.7829514352089173
25668,LOF,0.03911205641928527,0.1779365083717974,0.7829514352089173
25669,LOF,0.03911205641928527,0.1779365083717974,0.7829514352089173
25670,LOF,0.08533178754168556,0.09816089684041125,0.8165073156179032
25671,LOF,0.03911205641928527,0.1779365083717974,0.7829514352089173
25672,LOF,0.021170278806879824,0.10038887799302695,0.8784408432000933
25673,LOF,0.06164194451891064,0.09410411089246665,0.8442539445886227
25674,LOF,0.05657114215679847,0.09038725582478573,0.8530416020184157
25675,LOF,0.06543079057015491,0.07529435535896152,0.8592748540708834
25676,LOF,0.03911205641928527,0.1779365083717974,0.7829514352089173
25677,LOF,0.03911205641928527,0.1779365083717974,0.7829514352089173
25678,LOF,0.07979292932167924,0.06134917934615778,0.858857891332163
25679,LOF,0.13058715286576092,0.05842267902650692,0.8109901681077322
25680,LOF,0.03911205641928527,0.1779365083717974,0.7829514352089173
25681,LOF,0.03911205641928527,0.1779365083717974,0.7829514352089173
25682,LOF,0.03911205641928527,0.1779365083717974,0.7829514352089173
25683,LOF,0.10565395408648375,0.04523013844869563,0.8491159074648206
25684,LOF,0.03911205641928527,0.1779365083717974,0.7829514352089173
25685,LOF,0.04435471944985788,0.3529098304601247,0.6027354500900175
25686,LOF,0.023708851463380306,0.485049575410861,0.4912415731257586
25687,GOF,0.03230549177019766,0.7455640814023418,0.22213042682746048
25688,LOF,0.42266553104003673,0.06875894086149638,0.5085755280984668
25689,LOF,0.17519586070938106,0.0713182673118291,0.7534858719787898
25690,LOF,0.24302366167512218,0.09998209330258409,0.6569942450222936
25691,Neutral,0.6868877155927847,0.06484077460756865,0.24827150979964666
25692,LOF,0.15384388493257733,0.018846791701119966,0.8273093233663027
25693,GOF,0.07046808937366753,0.5529668752668125,0.3765650353595199
25694,LOF,0.15358210538111824,0.019734660176527016,0.8266832344423547
25695,LOF,0.12430886234113082,0.021813816592335788,0.8538773210665334
25696,LOF,0.1338915431850205,0.023347935126452172,0.8427605216885273
25697,LOF,0.09474680297471935,0.18349225465880345,0.7217609423664771
25698,LOF,0.16624547250671304,0.4119961977918605,0.42175832970142635
25699,GOF,0.24320801278067303,0.45109276330553505,0.30569922391379195
25700,LOF,0.056158674342190705,0.0804149268451765,0.8634263988126327
25701,LOF,0.1749766713020052,0.3296322458044457,0.49539108289354905
25702,GOF,0.1444887628547497,0.7782889712785663,0.0772222658666839
25703,LOF,0.03011871712220859,0.42917136648543913,0.5407099163923522
25704,LOF,0.03128721751366281,0.4478471556683505,0.5208656268179866
25705,LOF,0.02742265050605564,0.3909512899160032,0.5816260595779411
25706,GOF,0.09943199328052078,0.6376910833615803,0.2628769233578991
25707,GOF,0.10534774822326544,0.5570034919348693,0.3376487598418652
25708,LOF,0.03854901913210395,0.45179349394801466,0.5096574869198813
25709,LOF,0.02742265050605564,0.3909512899160032,0.5816260595779411
25710,LOF,0.017133846407274143,0.1779018674598514,0.8049642861328744
25711,LOF,0.02742265050605564,0.3909512899160032,0.5816260595779411
25712,LOF,0.020949670730123195,0.2025736112253018,0.7764767180445751
25713,LOF,0.02742265050605564,0.3909512899160032,0.5816260595779411
25714,LOF,0.02742265050605564,0.3909512899160032,0.5816260595779411
25715,LOF,0.02742265050605564,0.3909512899160032,0.5816260595779411
25716,LOF,0.014953421412155379,0.10742114997379396,0.8776254286140507
25717,LOF,0.015646624466757058,0.16413697756142054,0.8202163979718224
25718,LOF,0.02742265050605564,0.3909512899160032,0.5816260595779411
25719,LOF,0.02742265050605564,0.3909512899160032,0.5816260595779411
25720,LOF,0.02742265050605564,0.3909512899160032,0.5816260595779411
25721,LOF,0.02742265050605564,0.3909512899160032,0.5816260595779411
25722,LOF,0.02742265050605564,0.3909512899160032,0.5816260595779411
25723,LOF,0.02742265050605564,0.3909512899160032,0.5816260595779411
25724,LOF,0.09548529021675047,0.3947618706543018,0.5097528391289478
25725,LOF,0.02742265050605564,0.3909512899160032,0.5816260595779411
25726,LOF,0.02742265050605564,0.3909512899160032,0.5816260595779411
25727,LOF,0.02742265050605564,0.3909512899160032,0.5816260595779411
25728,LOF,0.02742265050605564,0.3909512899160032,0.5816260595779411
25729,LOF,0.02742265050605564,0.3909512899160032,0.5816260595779411
25730,LOF,0.02742265050605564,0.3909512899160032,0.5816260595779411
25731,LOF,0.015123665364847992,0.2823819982040181,0.7024943364311339
25732,LOF,0.02742265050605564,0.3909512899160032,0.5816260595779411
25733,LOF,0.02742265050605564,0.3909512899160032,0.5816260595779411
25734,LOF,0.020332547298768763,0.17496027502287184,0.8047071776783593
25735,LOF,0.02742265050605564,0.3909512899160032,0.5816260595779411
25736,LOF,0.02742265050605564,0.3909512899160032,0.5816260595779411
25737,LOF,0.02742265050605564,0.3909512899160032,0.5816260595779411
25738,LOF,0.02742265050605564,0.3909512899160032,0.5816260595779411
25739,LOF,0.02742265050605564,0.3909512899160032,0.5816260595779411
25740,LOF,0.02742265050605564,0.3909512899160032,0.5816260595779411
25741,LOF,0.02742265050605564,0.3909512899160032,0.5816260595779411
25742,LOF,0.02742265050605564,0.3909512899160032,0.5816260595779411
25743,LOF,0.02678988327568853,0.12386038172724566,0.8493497349970659
25744,Neutral,0.608740755738781,0.19462369341183455,0.1966355508493844
25745,LOF,0.02945286413308507,0.21041839965685713,0.7601287362100578
25746,LOF,0.022351840193738218,0.19159742640555202,0.7860507334007096
25747,LOF,0.03751106013127815,0.21343187889803072,0.749057060970691
25748,LOF,0.10844902519435644,0.3088886034437088,0.5826623713619348
25749,LOF,0.019763379053237416,0.31831911068891383,0.6619175102578487
25750,LOF,0.02207416912356384,0.2396023013129844,0.7383235295634517
25751,LOF,0.03751106013127815,0.21343187889803072,0.749057060970691
25752,GOF,0.0397663529639714,0.8459430926376285,0.11429055439840008
25753,GOF,0.018830269478547212,0.5427743375070873,0.43839539301436553
25754,GOF,0.020971689990511477,0.8465980650266061,0.13243024498288236
25755,LOF,0.02678865633404062,0.3963455166633578,0.5768658270026015
25756,GOF,0.029568496423489018,0.5756985655363995,0.3947329380401115
25757,GOF,0.0175711038809663,0.8483832501028029,0.13404564601623087
25758,GOF,0.02598442621469863,0.831728853870825,0.1422867199144765
25759,GOF,0.01833152999821869,0.7124193263023105,0.26924914369947067
25760,LOF,0.02383531667218028,0.4157723141290994,0.5603923691987204
25761,GOF,0.27514388318696636,0.6182721778552783,0.10658393895775538
25762,LOF,0.03164175113067655,0.44829269343443107,0.5200655554348924
25763,LOF,0.02156499307853773,0.43736883751168976,0.5410661694097726
25764,GOF,0.05161539691976393,0.8075529767434063,0.14083162633682964
25765,GOF,0.02097425714332488,0.8274527391434054,0.1515730037132697
25766,GOF,0.06886327393299216,0.7793514260915881,0.15178529997541956
25767,GOF,0.09915907365858267,0.7509092887034112,0.1499316376380061
25768,LOF,0.03904993543516402,0.2957645286918896,0.6651855358729465
25769,LOF,0.03560499115120853,0.2902855519113103,0.6741094569374811
25770,LOF,0.27199143945916676,0.10423734076023497,0.6237712197805982
25771,LOF,0.06545535514769765,0.07419488046671863,0.8603497643855836
25772,LOF,0.03560499115120853,0.2902855519113103,0.6741094569374811
25773,LOF,0.06521670583947083,0.07074809203793117,0.8640352021225979
25774,LOF,0.01991183753956227,0.1240714184622731,0.8560167439981646
25775,LOF,0.07257716958538622,0.07048008968507777,0.856942740729536
25776,LOF,0.03560499115120853,0.2902855519113103,0.6741094569374811
25777,LOF,0.28485490235554206,0.06705818930150112,0.6480869083429568
25778,LOF,0.03560499115120853,0.2902855519113103,0.6741094569374811
25779,GOF,0.4006758378519031,0.47535689192361863,0.12396727022447829
25780,Neutral,0.46721647476726785,0.4345766044075693,0.09820692082516277
25781,GOF,0.22895054905353357,0.6392710332018526,0.13177841774461377
25782,GOF,0.21892958741097066,0.6074882995580919,0.17358211303093737
25783,GOF,0.028031928608794398,0.5154238751111045,0.45654419628010107
25784,Neutral,0.6649978988418973,0.2718901400073662,0.0631119611507365
25785,Neutral,0.6334811633477775,0.23631134216830701,0.13020749448391553
25786,GOF,0.020048867990250196,0.7556211064712182,0.22433002553853168
25787,Neutral,0.8612238688622632,0.0925861733759333,0.04618995776180355
25788,LOF,0.039109996863694194,0.1059188611189682,0.8549711420173375
25789,GOF,0.16375779735119336,0.6761946695063176,0.1600475331424891
25790,GOF,0.18093792420638805,0.6694008617262345,0.14966121406737748
25791,GOF,0.11231931728154337,0.6367701993216546,0.25091048339680194
25792,GOF,0.3284353498068069,0.500030650587149,0.17153399960604412
25793,GOF,0.3404921953495937,0.5457254346186413,0.11378237003176507
25794,GOF,0.22526383257932053,0.6061026806975249,0.16863348672315454
25795,GOF,0.07343397404126376,0.7793977300141692,0.14716829594456698
25796,Neutral,0.546737859648933,0.27497793118082836,0.17828420917023868
25797,GOF,0.10049313715063728,0.50048391019475,0.3990229526546127
25798,GOF,0.014854999907599665,0.526894384076699,0.45825061601570144
25799,LOF,0.014891615589499254,0.4903099995665823,0.4947983848439184
25800,GOF,0.07211889162656265,0.6882194252753485,0.2396616830980888
25801,GOF,0.2507959588422303,0.6073967085901354,0.1418073325676342
25802,GOF,0.08137313331204997,0.6925350778300596,0.2260917888578904
25803,GOF,0.08762729244234764,0.6327160414193169,0.2796566661383355
25804,GOF,0.05234434516582081,0.5477581915361118,0.39989746329806736
25805,GOF,0.12062695805859389,0.7246087777983267,0.1547642641430795
25806,GOF,0.16318633816588646,0.5845408788947668,0.2522727829393468
25807,GOF,0.02102072575099883,0.5951379359095514,0.3838413383394497
25808,GOF,0.0891966938686583,0.7039284714672764,0.20687483466406523
25809,GOF,0.017000074419903213,0.5183480978323463,0.46465182774775055
25810,GOF,0.019829434209057212,0.6196454747077381,0.3605250910832047
25811,Neutral,0.562857572442221,0.33871385729572356,0.0984285702620554
25812,GOF,0.056386710360916775,0.5610453217781088,0.3825679678609744
25813,Neutral,0.669777810839565,0.22292434761884158,0.1072978415415935
25814,GOF,0.1423955448029392,0.7001478789189749,0.15745657627808593
25815,GOF,0.27118405433446435,0.600113009240093,0.1287029364254427
25816,GOF,0.02702322276894469,0.7979224424848218,0.17505433474623347
25817,GOF,0.16705796285624475,0.6962430837330575,0.1366989534106976
25818,GOF,0.06871226970258923,0.5287553633856843,0.4025323669117265
25819,GOF,0.39766223883742113,0.4122335766193815,0.19010418454319736
25820,GOF,0.2038609642304167,0.4859314042336697,0.3102076315359135
25821,GOF,0.05528805149207725,0.6153243806603921,0.3293875678475307
25822,GOF,0.28302635949095956,0.47907672576789934,0.23789691474114125
25823,GOF,0.04789203219147218,0.5992360767579024,0.35287189105062544
25824,LOF,0.10719457933956306,0.42304568407992593,0.46975973658051096
25825,LOF,0.04058816836489416,0.43855687101863655,0.5208549606164693
25826,GOF,0.012274865258238381,0.5224746208446241,0.4652505138971375
25827,GOF,0.024710476125498926,0.6916802350204231,0.2836092888540778
25828,GOF,0.01658275162954369,0.6029106845930838,0.38050656377737246
25829,LOF,0.010467413948758707,0.43009028531458793,0.5594423007366534
25830,LOF,0.09399275670807264,0.31838355746492003,0.5876236858270074
25831,GOF,0.13112587580700008,0.7707973386298318,0.09807678556316816
25832,GOF,0.03993027130669721,0.7295589690740505,0.2305107596192523
25833,GOF,0.1411983173360383,0.696249252839248,0.16255242982471374
25834,GOF,0.05565200907961652,0.7148974437060853,0.22945054721429817
25835,GOF,0.15189238127016505,0.6807422347117371,0.16736538401809783
25836,GOF,0.06721209394629289,0.6773251050543307,0.25546280099937646
25837,GOF,0.03491487092598849,0.5655099418432598,0.39957518723075175
25838,GOF,0.1533241636828318,0.6644397303587221,0.1822361059584462
25839,Neutral,0.45523571235770227,0.41614858529039067,0.12861570235190706
25840,GOF,0.17249340564401824,0.6785025899133744,0.14900400444260745
25841,GOF,0.19811384982522223,0.6430060858053877,0.1588800643693901
25842,GOF,0.40017862189392295,0.41953193224809365,0.18028944585798337
25843,GOF,0.3048884916803756,0.5570502662981462,0.13806124202147815
25844,GOF,0.1082684560211128,0.5125506123084236,0.3791809316704636
25845,GOF,0.024184999743104764,0.5417733521299057,0.43404164812698953
25846,GOF,0.09578146904958115,0.7637776311426014,0.14044089980781735
25847,GOF,0.20485611815013927,0.6783098933787366,0.11683398847112404
25848,GOF,0.0883907701650581,0.736074204398295,0.17553502543664704
25849,GOF,0.015420068148684598,0.6569301456315508,0.3276497862197646
25850,GOF,0.02493709322311246,0.7750147597074327,0.2000481470694549
25851,GOF,0.017073303246067918,0.6453905906694493,0.3375361060844827
25852,GOF,0.10317824200171115,0.65026287627533,0.2465588817229588
25853,GOF,0.34433947364260326,0.49019858199678307,0.16546194436061368
25854,GOF,0.014595186191204772,0.5922589569735206,0.3931458568352747
25855,LOF,0.051051260252285194,0.37101268738107296,0.5779360523666419
25856,GOF,0.32692040427866126,0.38347733986661436,0.2896022558547243
25857,GOF,0.05445857061848292,0.5616826362624149,0.3838587931191022
25858,GOF,0.03133142888883721,0.6674539579423077,0.3012146131688551
25859,GOF,0.01446809140786503,0.5658846494661132,0.4196472591260218
25860,GOF,0.4086336680140094,0.4316498474464557,0.15971648453953477
25861,GOF,0.2898626647880359,0.602544309963413,0.10759302524855105
25862,GOF,0.15864788276829667,0.6272505337280874,0.21410158350361594
25863,GOF,0.1689304191321025,0.6247538143794218,0.2063157664884757
25864,GOF,0.36612246453321107,0.4745931621799885,0.1592843732868004
25865,GOF,0.109342649332858,0.765684907286677,0.12497244338046502
25866,GOF,0.11362887993565858,0.6290119348106599,0.25735918525368157
25867,GOF,0.1242349080947417,0.7273532738128781,0.1484118180923801
25868,GOF,0.2165369701832417,0.5759788474023464,0.2074841824144119
25869,Neutral,0.8484876306869699,0.0979257021179298,0.053586667195100406
25870,LOF,0.23101446500298467,0.32790516748898285,0.4410803675080325
25871,GOF,0.09716926671540325,0.6615650521593462,0.24126568112525054
25872,GOF,0.22276607966189288,0.48780052631979715,0.28943339401831003
25873,GOF,0.18128972010781325,0.5865522557375028,0.2321580241546841
25874,LOF,0.039109996863694194,0.1059188611189682,0.8549711420173375
25875,LOF,0.10796179350610964,0.39100059705471074,0.5010376094391796
25876,LOF,0.024092207883717333,0.17911804913214352,0.7967897429841392
25877,Neutral,0.3854451512133032,0.2635206833444901,0.3510341654422068
25878,GOF,0.1468928837051794,0.5601602701848406,0.29294684610998006
25879,GOF,0.07825168813021577,0.5798611203923336,0.3418871914774507
25880,LOF,0.04172780197993255,0.1298004507672751,0.8284717472527924
25881,LOF,0.41409445194788475,0.16832771249420544,0.4175778355579097
25882,LOF,0.12442152905885821,0.04916323429917889,0.8264152366419629
25883,LOF,0.07401357609641164,0.09276089489617975,0.8332255290074086
25884,LOF,0.08948835296694194,0.11227666297764675,0.7982349840554114
25885,LOF,0.11030455477230912,0.054307437741434345,0.8353880074862565
25886,LOF,0.18604788966419794,0.21591842522517585,0.5980336851106262
25887,LOF,0.3781137974743012,0.12352500147542607,0.4983612010502727
25888,LOF,0.19829773941463,0.12106679178951638,0.6806354687958537
25889,LOF,0.11669070729828461,0.07110746066436702,0.8122018320373484
25890,LOF,0.06040391971785725,0.0861572179157195,0.8534388623664232
25891,LOF,0.06439249576577771,0.03537778435713315,0.9002297198770892
25892,LOF,0.09688004374635555,0.04040078710791219,0.8627191691457323
25893,LOF,0.3053913331319713,0.03676412443831057,0.6578445424297181
25894,LOF,0.17262333794923362,0.032290275121360096,0.7950863869294064
25895,LOF,0.1674641609177373,0.026492158882527966,0.8060436801997346
25896,LOF,0.051660316986436416,0.02056014110903691,0.9277795419045267
25897,LOF,0.16717651765866867,0.03451532256212237,0.798308159779209
25898,Neutral,0.6614300826062463,0.04870334873881742,0.2898665686549364
25899,LOF,0.19560837690285032,0.1063185669869742,0.6980730561101754
25900,Neutral,0.6865104251372246,0.024851104386775357,0.2886384704760001
25901,LOF,0.07938824754064164,0.045668430414592065,0.8749433220447663
25902,LOF,0.11571250944198253,0.015421557931290197,0.8688659326267272
25903,Neutral,0.5260024196981323,0.04927503542104432,0.4247225448808233
25904,LOF,0.23758383564924432,0.09233047556255097,0.6700856887882046
25905,LOF,0.01810183686746934,0.3726018122848794,0.6092963508476513
25906,LOF,0.02709659437148296,0.07350947937946348,0.8993939262490536
25907,LOF,0.014362599888737466,0.3181747899443136,0.6674626101669489
25908,LOF,0.021058079480066723,0.2151913026899477,0.7637506178299855
25909,LOF,0.03779921856192666,0.14844855379138333,0.81375222764669
25910,LOF,0.016905498871302084,0.4821081077775045,0.5009863933511933
25911,LOF,0.15675984596430428,0.022596622692040887,0.820643531343655
25912,LOF,0.03824855266280081,0.10278312464269457,0.8589683226945046
25913,LOF,0.2236476016467901,0.03300285888350182,0.743349539469708
25914,LOF,0.05968728298818538,0.1511373549124814,0.7891753620993333
25915,Neutral,0.43814496479925247,0.4230195473479792,0.13883548785276825
25916,GOF,0.039830484886721876,0.6951423045875966,0.26502721052568146
25917,LOF,0.025799790326825545,0.11003101805186948,0.8641691916213049
25918,LOF,0.05968728298818538,0.1511373549124814,0.7891753620993333
25919,LOF,0.05968728298818538,0.1511373549124814,0.7891753620993333
25920,GOF,0.2244316552029656,0.6017766003015608,0.17379174449547374
25921,LOF,0.03321796535545594,0.25177580995766474,0.7150062246868792
25922,LOF,0.03309604574365148,0.23504756475442012,0.7318563895019283
25923,LOF,0.18277343223649833,0.2171984382029326,0.6000281295605691
25924,LOF,0.047378293545674036,0.07878555185665087,0.8738361545976752
25925,LOF,0.03215881311700435,0.07504456787112705,0.8927966190118686
25926,LOF,0.031763145557187095,0.05442745555544794,0.9138093988873651
25927,LOF,0.07822715924477393,0.23812001653881615,0.6836528242164099
25928,LOF,0.028955073379632427,0.0786353316493811,0.8924095949709865
25929,LOF,0.3053187337976759,0.20748717213091775,0.4871940940714063
25930,LOF,0.07401357609641164,0.09276089489617975,0.8332255290074086
25931,LOF,0.034629277790553484,0.050765044513590186,0.9146056776958564
25932,LOF,0.07401357609641164,0.09276089489617975,0.8332255290074086
25933,LOF,0.07401357609641164,0.09276089489617975,0.8332255290074086
25934,LOF,0.07401357609641164,0.09276089489617975,0.8332255290074086
25935,LOF,0.030604381758288002,0.07155541371061397,0.897840204531098
25936,LOF,0.07401357609641164,0.09276089489617975,0.8332255290074086
25937,LOF,0.06598302528108531,0.05916752973548225,0.8748494449834324
25938,LOF,0.05233051887889008,0.13123472545671164,0.8164347556643983
25939,LOF,0.07401357609641164,0.09276089489617975,0.8332255290074086
25940,GOF,0.01646050895679484,0.7091138051309674,0.2744256859122377
25941,LOF,0.24092694750020138,0.06340726539033945,0.6956657871094591
25942,LOF,0.03417608037938283,0.01510282788340155,0.9507210917372158
25943,LOF,0.3328801867670455,0.029420850302038056,0.6376989629309165
25944,LOF,0.473269756677778,0.021208913008476795,0.5055213303137451
25945,LOF,0.20939789742886059,0.06349151392640426,0.7271105886447352
25946,LOF,0.01983722286304576,0.05674465286425775,0.9234181242726965
25947,LOF,0.06642559739041852,0.3742433262280062,0.5593310763815752
25948,LOF,0.3664035022002644,0.013521480683794246,0.6200750171159414
25949,LOF,0.10790840583954117,0.024004257570738492,0.8680873365897204
25950,LOF,0.39576527948528367,0.20711120671709418,0.3971235137976222
25951,GOF,0.22589056219505063,0.4007493185492866,0.3733601192556628
25952,GOF,0.060708220851692196,0.4907867847086334,0.44850499443967434
25953,GOF,0.1541583762544351,0.49277204185443807,0.3530695818911269
25954,Neutral,0.5044314081814752,0.3932992915732576,0.10226930024526708
25955,LOF,0.06369923294326693,0.2908296215884482,0.6454711454682849
25956,LOF,0.12544038096209836,0.15766876337915656,0.716890855658745
25957,LOF,0.05151229628407959,0.06136659968054113,0.8871211040353792
25958,LOF,0.08852617577074073,0.039157602430390875,0.8723162217988685
25959,LOF,0.1345932031549237,0.2890633952691334,0.5763434015759429
25960,LOF,0.03393929316199523,0.11098633210066138,0.8550743747373434
25961,LOF,0.08852617577074073,0.039157602430390875,0.8723162217988685
25962,LOF,0.037867679621414164,0.16447395374196389,0.7976583666366219
25963,LOF,0.04554751137048565,0.24922631343085563,0.7052261751986588
25964,LOF,0.04407489671125094,0.14456857338303417,0.8113565299057148
25965,Neutral,0.4885044766853746,0.13332199004879697,0.3781735332658285
25966,LOF,0.10621715526028558,0.3841581303938065,0.509624714345908
25967,LOF,0.02247120037621024,0.42505132193575734,0.5524774776880323
25968,GOF,0.03830549757156415,0.5860269520156144,0.37566755041282146
25969,LOF,0.034103016087675436,0.057533143590162546,0.9083638403221619
25970,LOF,0.04942865524572031,0.021836392228608302,0.9287349525256715
25971,LOF,0.08640919841470515,0.036704776717552026,0.8768860248677428
25972,LOF,0.08640919841470515,0.036704776717552026,0.8768860248677428
25973,LOF,0.13774058626886762,0.018246418845146883,0.8440129948859854
25974,Neutral,0.5264669763019465,0.061675352880537646,0.41185767081751595
25975,LOF,0.08133132148329549,0.07807742070198226,0.8405912578147222
25976,LOF,0.03381854561726108,0.026848899719821163,0.9393325546629178
25977,LOF,0.03121177953914499,0.34519769577344267,0.6235905246874123
25978,LOF,0.3089391479794978,0.11424830390852282,0.5768125481119795
25979,LOF,0.24794072361076105,0.11616065121379572,0.6358986251754432
25980,LOF,0.23792928635130833,0.13104560480302402,0.6310251088456678
25981,LOF,0.23792928635130833,0.13104560480302402,0.6310251088456678
25982,Neutral,0.47242159232421005,0.07073491179958125,0.4568434958762087
25983,Neutral,0.5654230100506394,0.0868780181981886,0.347698971751172
25984,LOF,0.03501802682110168,0.23505322830606618,0.729928744872832
25985,LOF,0.02672511042498299,0.4728722144741145,0.5004026751009025
25986,LOF,0.0637790423402086,0.45850941457178296,0.47771154308800856
25987,LOF,0.11932900310153555,0.12459274106084478,0.7560782558376196
25988,LOF,0.03501802682110168,0.23505322830606618,0.729928744872832
25989,LOF,0.03501802682110168,0.23505322830606618,0.729928744872832
25990,LOF,0.03501802682110168,0.23505322830606618,0.729928744872832
25991,GOF,0.22852374624750071,0.431095504935813,0.3403807488166863
25992,GOF,0.39455650877670273,0.39638397254848085,0.2090595186748164
25993,LOF,0.04739522541855919,0.1451550850818307,0.8074496894996102
25994,LOF,0.04739522541855919,0.1451550850818307,0.8074496894996102
25995,LOF,0.04739522541855919,0.1451550850818307,0.8074496894996102
25996,LOF,0.10803056941592123,0.43762168332407536,0.4543477472600035
25997,GOF,0.07510330161587354,0.5728795332206533,0.35201716516347326
25998,Neutral,0.5177271768770194,0.015366250813077794,0.46690657230990285
25999,LOF,0.22783864937894696,0.32034989760242233,0.45181145301863057
26000,LOF,0.09172505368453095,0.03859287544165979,0.8696820708738093
26001,LOF,0.11714684119979016,0.14548332246230747,0.7373698363379023
26002,LOF,0.06317280972089594,0.10072269530820523,0.8361044949708989
26003,GOF,0.009481457469921325,0.6554500711669573,0.33506847136312123
26004,GOF,0.017832888475059712,0.7086632139051555,0.27350389761978483
26005,GOF,0.010148887749381233,0.5697190574357431,0.42013205481487564
26006,Neutral,0.5455378860830746,0.2615569808855772,0.19290513303134812
26007,GOF,0.018037446841493495,0.7630346187863745,0.21892793437213218
26008,GOF,0.01354488419663266,0.6654977330573896,0.32095738274597774
26009,GOF,0.0323401087004822,0.7947487603003526,0.1729111309991651
26010,GOF,0.01230725658313383,0.8190643350615072,0.16862840835535894
26011,GOF,0.00952231029598114,0.650608022671957,0.33986966703206173
26012,GOF,0.015908580674250966,0.7133540904217825,0.27073732890396646
26013,GOF,0.011260059907171615,0.7541360651215202,0.23460387497130825
26014,LOF,0.04555497739734073,0.33185344102815445,0.6225915815745049
26015,LOF,0.20252861695906432,0.011244067787800549,0.786227315253135
26016,LOF,0.39751259486072243,0.05348716795409547,0.5490002371851821
26017,LOF,0.3264239298768858,0.04219761048383827,0.631378459639276
26018,LOF,0.0944662577193247,0.02979863494764193,0.8757351073330334
26019,LOF,0.0944662577193247,0.02979863494764193,0.8757351073330334
26020,LOF,0.14183680112638067,0.10975796361647014,0.7484052352571492
26021,LOF,0.11463202558923422,0.1324721540861902,0.7528958203245756
26022,LOF,0.030424073660541263,0.04016301881435677,0.9294129075251021
26023,LOF,0.22261147113442292,0.0616911078380238,0.7156974210275532
26024,LOF,0.06859647407337711,0.09978451211222054,0.8316190138144024
26025,LOF,0.31275288279309393,0.12039307980808248,0.5668540373988236
26026,Neutral,0.5548590695430716,0.018619621315489436,0.426521309141439
26027,LOF,0.0944662577193247,0.02979863494764193,0.8757351073330334
26028,LOF,0.2259383088194639,0.09579504190878282,0.6782666492717533
26029,LOF,0.06699804512670081,0.46217162733458206,0.4708303275387172
26030,LOF,0.031608768996624306,0.12129430079453235,0.8470969302088434
26031,LOF,0.018440007254846607,0.31474532577459974,0.6668146669705536
26032,LOF,0.04410886268689831,0.1968893243431376,0.7590018129699642
26033,GOF,0.1795362383032256,0.47307987153910075,0.3473838901576736
26034,LOF,0.026772256395799717,0.2538610880961836,0.7193666555080167
26035,LOF,0.02056368151575356,0.3217442318977631,0.6576920865864834
26036,LOF,0.024374315932345698,0.2463850329758848,0.7292406510917695
26037,LOF,0.016293381676812987,0.21117271456019726,0.7725339037629897
26038,LOF,0.04410886268689831,0.1968893243431376,0.7590018129699642
26039,LOF,0.0401223660806218,0.2784805761282138,0.6813970577911644
26040,GOF,0.2221346437477149,0.6023624315508473,0.17550292470143783
26041,LOF,0.017342210499288455,0.19167249550089577,0.7909852939998158
26042,LOF,0.01595522755678884,0.1959718652435468,0.7880729071996643
26043,LOF,0.04410886268689831,0.1968893243431376,0.7590018129699642
26044,LOF,0.03133317995962647,0.1607497240333497,0.8079170960070239
26045,LOF,0.049020558855971,0.277611525870935,0.673367915273094
26046,LOF,0.04410886268689831,0.1968893243431376,0.7590018129699642
26047,LOF,0.04410886268689831,0.1968893243431376,0.7590018129699642
26048,LOF,0.08285620702695062,0.16198765520061006,0.7551561377724393
26049,Neutral,0.9071086166751572,0.04923498156411744,0.04365640176072534
26050,Neutral,0.8927100973909288,0.053640906371353735,0.05364899623771746
26051,GOF,0.019131472106638035,0.762699699679044,0.21816882821431802
26052,GOF,0.02364010216991649,0.7747213695260753,0.20163852830400839
26053,LOF,0.042698640174701256,0.47147451329291273,0.48582684653238617
26054,LOF,0.049359090609967585,0.03770335050264154,0.9129375588873909
26055,LOF,0.06136055568337212,0.019156088895971264,0.9194833554206566
26056,LOF,0.043877915335969624,0.032370212330004186,0.9237518723340261
26057,LOF,0.07919614375890173,0.0887554996059349,0.8320483566351634
26058,LOF,0.07919614375890173,0.0887554996059349,0.8320483566351634
26059,LOF,0.3077664240210087,0.10038515828965969,0.5918484176893317
26060,LOF,0.10041048119929678,0.31107276985479865,0.5885167489459046
26061,LOF,0.03782376928707548,0.03661281441899133,0.9255634162939332
26062,LOF,0.026325401432414634,0.03066648557568664,0.9430081129918988
26063,LOF,0.07919614375890173,0.0887554996059349,0.8320483566351634
26064,LOF,0.04136319617042492,0.0254984648074551,0.93313833902212
26065,LOF,0.07919614375890173,0.0887554996059349,0.8320483566351634
26066,LOF,0.07919614375890173,0.0887554996059349,0.8320483566351634
26067,LOF,0.07919614375890173,0.0887554996059349,0.8320483566351634
26068,LOF,0.04410550822820879,0.05622873031352802,0.8996657614582632
26069,LOF,0.43054835432552585,0.02740417121253033,0.5420474744619439
26070,Neutral,0.6980462537456419,0.009798836151789258,0.2921549101025689
26071,LOF,0.07919614375890173,0.0887554996059349,0.8320483566351634
26072,LOF,0.03399366556096575,0.067982975433167,0.8980233590058673
26073,LOF,0.07919614375890173,0.0887554996059349,0.8320483566351634
26074,Neutral,0.9568676547963963,0.009402813274008446,0.03372953192959529
26075,LOF,0.039455808904876634,0.03422001020779837,0.9263241808873249
26076,LOF,0.07919614375890173,0.0887554996059349,0.8320483566351634
26077,LOF,0.025267714376029742,0.09021027256974137,0.884522013054229
26078,LOF,0.027301897776390787,0.05158242781747155,0.9211156744061377
26079,LOF,0.042660058847171174,0.040767784095130086,0.9165721570576988
26080,LOF,0.042660058847171174,0.040767784095130086,0.9165721570576988
26081,LOF,0.07919614375890173,0.0887554996059349,0.8320483566351634
26082,LOF,0.04771645317409366,0.032547711086436386,0.9197358357394699
26083,LOF,0.07919614375890173,0.0887554996059349,0.8320483566351634
26084,LOF,0.07919614375890173,0.0887554996059349,0.8320483566351634
26085,LOF,0.07919614375890173,0.0887554996059349,0.8320483566351634
26086,LOF,0.07919614375890173,0.0887554996059349,0.8320483566351634
26087,LOF,0.07919614375890173,0.0887554996059349,0.8320483566351634
26088,LOF,0.04238700554921254,0.08406011607827861,0.8735528783725088
26089,LOF,0.05042822396311632,0.028530783261024,0.9210409927758597
26090,LOF,0.04435423683275955,0.024162898628573806,0.9314828645386667
26091,LOF,0.07919614375890173,0.0887554996059349,0.8320483566351634
26092,LOF,0.07919614375890173,0.0887554996059349,0.8320483566351634
26093,LOF,0.07919614375890173,0.0887554996059349,0.8320483566351634
26094,LOF,0.07919614375890173,0.0887554996059349,0.8320483566351634
26095,LOF,0.07886524380617971,0.0386254882516691,0.8825092679421512
26096,LOF,0.041276593913344616,0.02596656641636967,0.9327568396702858
26097,LOF,0.026698586438817448,0.05487912832560085,0.9184222852355818
26098,LOF,0.03961199156661288,0.02154711690848135,0.9388408915249057
26099,LOF,0.07919614375890173,0.0887554996059349,0.8320483566351634
26100,LOF,0.07919614375890173,0.0887554996059349,0.8320483566351634
26101,LOF,0.07919614375890173,0.0887554996059349,0.8320483566351634
26102,LOF,0.07919614375890173,0.0887554996059349,0.8320483566351634
26103,Neutral,0.7477820200101337,0.06670565125474479,0.18551232873512147
26104,LOF,0.028497841537847332,0.057661926343753105,0.9138402321183995
26105,LOF,0.1996627893901512,0.07919561010885033,0.7211416005009985
26106,LOF,0.18654695079508332,0.05490958055855603,0.7585434686463607
26107,LOF,0.26145687339084744,0.051082249672627054,0.6874608769365255
26108,LOF,0.1554248603533099,0.05506545904818514,0.789509680598505
26109,LOF,0.07910555704172928,0.13608164099683748,0.7848128019614333
26110,LOF,0.28083644554154746,0.02220774604872577,0.6969558084097267
26111,LOF,0.3328241927998668,0.23690464389262963,0.43027116330750365
26112,LOF,0.09171583027037199,0.05094019677802876,0.8573439729515993
26113,LOF,0.09171583027037199,0.05094019677802876,0.8573439729515993
26114,LOF,0.04952594904733712,0.009797766260775905,0.940676284691887
26115,LOF,0.1489480700440002,0.01912323592350956,0.8319286940324903
26116,LOF,0.08095549309857128,0.033763408595129676,0.8852810983062991
26117,LOF,0.17405015954056965,0.19884065812948887,0.6271091823299415
26118,LOF,0.062270017932422914,0.07764786154421774,0.8600821205233593
26119,LOF,0.027209243689511848,0.29343131091455654,0.6793594453959317
26120,LOF,0.062270017932422914,0.07764786154421774,0.8600821205233593
26121,LOF,0.0442265073010567,0.2865598214278679,0.6692136712710753
26122,LOF,0.06157961757788616,0.279189816872436,0.6592305655496778
26123,LOF,0.04865145543157856,0.3133589568165101,0.6379895877519113
26124,LOF,0.03112908540753697,0.3093529503152954,0.6595179642771676
