feature0,prediction,LoGoFunc_Neutral,LoGoFunc_GOF,LoGoFunc_LOF
25546,Neutral,0.6158833555065247,0.11203587262071256,0.2720807718727627
25547,Neutral,0.493502930764463,0.16920901682673292,0.33728805240880416
25548,LOF,0.34298544232850725,0.18397897764530866,0.4730355800261842
25549,LOF,0.3417706371063477,0.17855093495974533,0.4796784279339069
25550,LOF,0.38997134328995364,0.11901286715534634,0.4910157895547001
25551,LOF,0.290793303571422,0.15354569846776506,0.5556609979608129
25552,LOF,0.2524505986751828,0.17565435822980607,0.571895043095011
25553,Neutral,0.8093810561060211,0.061076430871261925,0.12954251302271697
25554,LOF,0.2916906956845518,0.12829862589327534,0.5800106784221729
25555,LOF,0.21708692562372334,0.1566094151752975,0.6263036592009791
25556,LOF,0.3777466262762396,0.0829130790472799,0.5393402946764806
25557,LOF,0.22776925441306134,0.16396766944134009,0.6082630761455986
25558,LOF,0.2886910220848525,0.1493063960613781,0.5620025818537694
25559,LOF,0.26285754999464955,0.072142082603644,0.6650003674017064
25560,LOF,0.030330199006717243,0.39498564428634403,0.5746841567069386
25561,LOF,0.03070653404062588,0.3583412757584448,0.6109521902009293
25562,LOF,0.02981236217101065,0.22567767209053655,0.7445099657384529
25563,LOF,0.017192630780089327,0.1635602889393256,0.819247080280585
25564,LOF,0.06774144998300544,0.05803508616454096,0.8742234638524535
25565,LOF,0.3198601047063134,0.18803951424363083,0.49210038105005566
25566,GOF,0.035407629939339866,0.6866171406510947,0.2779752294095654
25567,LOF,0.04462990696138814,0.02201882151233901,0.9333512715262727
25568,LOF,0.08149881813288117,0.017129474294388693,0.9013717075727302
25569,LOF,0.09984836852306327,0.020138444952946886,0.8800131865239897
25570,LOF,0.07542880484081592,0.0330320039596283,0.8915391911995558
25571,LOF,0.07542880484081592,0.0330320039596283,0.8915391911995558
25572,LOF,0.08380391991768836,0.023432806150451457,0.8927632739318603
25573,LOF,0.17593810730568538,0.04022934464169079,0.7838325480526238
25574,Neutral,0.4501894644666347,0.13992705626683655,0.40988347926652874
25575,LOF,0.07542880484081592,0.0330320039596283,0.8915391911995558
25576,LOF,0.03743862598546381,0.03235784013777008,0.9302035338767662
25577,LOF,0.043410062799651115,0.02202337177627324,0.9345665654240757
25578,LOF,0.16451562497106445,0.06486615150649346,0.7706182235224421
25579,LOF,0.1543474384619855,0.05919051597092119,0.7864620455670933
25580,LOF,0.07542880484081592,0.0330320039596283,0.8915391911995558
25581,LOF,0.08073567589447814,0.02048085162352538,0.8987834724819965
25582,LOF,0.08073567589447814,0.02048085162352538,0.8987834724819965
25583,LOF,0.07542880484081592,0.0330320039596283,0.8915391911995558
25584,Neutral,0.6994122317472448,0.010322159736127592,0.2902656085166277
25585,LOF,0.05329176799605629,0.03518610784609154,0.9115221241578522
25586,LOF,0.07542880484081592,0.0330320039596283,0.8915391911995558
25587,LOF,0.07542880484081592,0.0330320039596283,0.8915391911995558
25588,LOF,0.07542880484081592,0.0330320039596283,0.8915391911995558
25589,Neutral,0.710027521095882,0.04749221844843768,0.24248026045568027
25590,LOF,0.09109454594417382,0.02911454360139129,0.8797909104544348
25591,LOF,0.11664388409041979,0.019033844720756223,0.8643222711888241
25592,LOF,0.3528887376728106,0.059810163189811374,0.587301099137378
25593,LOF,0.2674995942969575,0.11804067830870649,0.614459727394336
25594,LOF,0.05498429694453782,0.0580002589165142,0.887015444138948
25595,LOF,0.05434403606139238,0.060625402558266206,0.8850305613803414
25596,LOF,0.12785764241132921,0.023530693104492444,0.8486116644841784
25597,LOF,0.13534507641458918,0.01502421869463856,0.8496307048907723
25598,LOF,0.044221820906066855,0.04839122894715409,0.9073869501467791
25599,LOF,0.0224899375463199,0.48667512753780445,0.4908349349158756
25600,GOF,0.09880452166766508,0.5757955308727786,0.32539994745955625
25601,GOF,0.036910653504609654,0.5462772498285374,0.41681209666685287
25602,LOF,0.08811623093719483,0.029340928767620424,0.8825428402951847
25603,LOF,0.08472736204121278,0.049727123171656465,0.8655455147871308
25604,LOF,0.08274286980166098,0.14843216354501243,0.7688249666533266
25605,LOF,0.17906254509418923,0.11344069383336049,0.7074967610724503
25606,Neutral,0.57718968735381,0.057885249936548686,0.3649250627096413
25607,LOF,0.05216568089459632,0.12837750318635383,0.81945681591905
25608,LOF,0.042809047500446014,0.21940900844499545,0.7377819440545585
25609,GOF,0.1031893720173531,0.725247933123368,0.17156269485927883
25610,LOF,0.04362043667144381,0.16208209917947378,0.7942974641490823
25611,LOF,0.04362043667144381,0.16208209917947378,0.7942974641490823
25612,LOF,0.07220103986651538,0.04822553751291798,0.8795734226205667
25613,LOF,0.09498209115148025,0.04582821644157005,0.8591896924069498
25614,LOF,0.04362043667144381,0.16208209917947378,0.7942974641490823
25615,LOF,0.05708070379623641,0.12232768960972301,0.8205916065940406
25616,LOF,0.04362043667144381,0.16208209917947378,0.7942974641490823
25617,LOF,0.04362043667144381,0.16208209917947378,0.7942974641490823
25618,LOF,0.12136897489882027,0.3878611713575257,0.4907698537436541
25619,LOF,0.04362043667144381,0.16208209917947378,0.7942974641490823
25620,LOF,0.04362043667144381,0.16208209917947378,0.7942974641490823
25621,LOF,0.07199825505363608,0.1088830857198048,0.8191186592265591
25622,LOF,0.0721099309491606,0.09888763612316409,0.8290024329276753
25623,LOF,0.08810590862545233,0.06450126804202777,0.8473928233325199
25624,LOF,0.04362043667144381,0.16208209917947378,0.7942974641490823
25625,LOF,0.07308949585298741,0.05473419353945286,0.8721763106075597
25626,LOF,0.04748948942741115,0.06229453668159978,0.8902159738909892
25627,Neutral,0.8219418755661025,0.06692974308684682,0.11112838134705075
25628,LOF,0.11157438894009714,0.20744383907394479,0.680981771985958
25629,LOF,0.03868915203135624,0.1602243683000196,0.8010864796686241
25630,LOF,0.2877525103115624,0.14422287465876,0.5680246150296776
25631,LOF,0.30330257830086543,0.17493305618799024,0.5217643655111444
25632,LOF,0.028571637563041822,0.08873448859710506,0.8826938738398531
25633,LOF,0.05747652123846998,0.07133787453797168,0.8711856042235583
25634,LOF,0.07535061988857272,0.026843243182568945,0.8978061369288584
25635,LOF,0.05747652123846998,0.07133787453797168,0.8711856042235583
25636,GOF,0.02138154648102115,0.6975606286490774,0.2810578248699014
25637,GOF,0.01580135153879499,0.6903955975970684,0.2938030508641367
25638,GOF,0.009800715036501628,0.6801871167317531,0.31001216823174527
25639,GOF,0.022176158846145735,0.5743655646926955,0.4034582764611588
25640,Neutral,0.7378360520879634,0.21249646940557873,0.049667478506457835
25641,GOF,0.038437576788335225,0.7432751901492576,0.2182872330624073
25642,GOF,0.047329434710984324,0.49458577535009945,0.4580847899389161
25643,LOF,0.21597912109913717,0.3706245105025106,0.4133963683983523
25644,LOF,0.01714358581540779,0.32999219652791717,0.6528642176566751
25645,LOF,0.01299039661270268,0.4361073939408428,0.5509022094464545
25646,GOF,0.020400649149318394,0.49107152554181566,0.48852782530886585
25647,LOF,0.014133466127619048,0.26862279489006463,0.7172437389823164
25648,LOF,0.020550162506948275,0.24017257427200073,0.739277263221051
25649,LOF,0.01186978718477406,0.16304724976549537,0.8250829630497306
25650,LOF,0.0568991873832716,0.29834549731935256,0.6447553152973758
25651,LOF,0.015263056400706836,0.26415966051052336,0.7205772830887698
25652,LOF,0.011907078962733898,0.3812823295626373,0.6068105914746289
25653,LOF,0.041441990424681906,0.36935348383239347,0.5892045257429246
25654,LOF,0.010689269852190163,0.3791975839385455,0.6101131462092643
25655,GOF,0.07657751931898843,0.5708013212115801,0.35262115946943146
25656,GOF,0.1802009108923018,0.4942170274093259,0.3255820616983723
25657,LOF,0.03766085323305828,0.4013047466812937,0.561034400085648
25658,GOF,0.06841332153692026,0.5451979783467414,0.3863887001163382
25659,GOF,0.41160502593726556,0.48120089335166355,0.10719408071107098
25660,LOF,0.03896680739202736,0.1779066237432323,0.7831265688647402
25661,LOF,0.03896680739202736,0.1779066237432323,0.7831265688647402
25662,LOF,0.03896680739202736,0.1779066237432323,0.7831265688647402
25663,LOF,0.03896680739202736,0.1779066237432323,0.7831265688647402
25664,LOF,0.06953965748261885,0.11245759767367584,0.8180027448437053
25665,LOF,0.04860799896171777,0.06323855511353484,0.8881534459247474
25666,LOF,0.06158807687083131,0.1283118312100177,0.810100091919151
25667,LOF,0.03896680739202736,0.1779066237432323,0.7831265688647402
25668,LOF,0.03896680739202736,0.1779066237432323,0.7831265688647402
25669,LOF,0.03896680739202736,0.1779066237432323,0.7831265688647402
25670,LOF,0.08435938587493128,0.0973550732404661,0.8182855408846027
25671,LOF,0.03896680739202736,0.1779066237432323,0.7831265688647402
25672,LOF,0.04276119571857451,0.06968926122724478,0.8875495430541807
25673,LOF,0.06116353687783974,0.0828397496706552,0.855996713451505
25674,LOF,0.05561001806008887,0.08936693273412516,0.8550230492057859
25675,LOF,0.05731310036731316,0.08032048581969065,0.8623664138129962
25676,LOF,0.03896680739202736,0.1779066237432323,0.7831265688647402
25677,LOF,0.03896680739202736,0.1779066237432323,0.7831265688647402
25678,LOF,0.08071922806059233,0.06873992687709392,0.8505408450623138
25679,LOF,0.10589883941068905,0.06396606086550029,0.8301350997238107
25680,LOF,0.03896680739202736,0.1779066237432323,0.7831265688647402
25681,LOF,0.03896680739202736,0.1779066237432323,0.7831265688647402
25682,LOF,0.03896680739202736,0.1779066237432323,0.7831265688647402
25683,LOF,0.0785927817449215,0.05237059357277027,0.8690366246823084
25684,LOF,0.03896680739202736,0.1779066237432323,0.7831265688647402
25685,LOF,0.03705343980235099,0.387476055370996,0.5754705048266531
25686,GOF,0.02203294435169042,0.500986577603756,0.47698047804455357
25687,GOF,0.02688191441850749,0.7787143739978317,0.19440371158366085
25688,LOF,0.3833599000261452,0.06710438592314431,0.5495357140507104
25689,LOF,0.1676828207005304,0.06676176123066786,0.7655554180688018
25690,LOF,0.27128630224894695,0.06602220934861312,0.66269148840244
25691,Neutral,0.6905711001835053,0.037195200659772096,0.27223369915672263
25692,LOF,0.18714400205119308,0.014326236480566051,0.7985297614682408
25693,GOF,0.10745448881302491,0.6095669251754453,0.28297858601152975
25694,LOF,0.13575577772810773,0.029365944414760557,0.8348782778571318
25695,LOF,0.10770408240930571,0.04276786776691347,0.8495280498237807
25696,LOF,0.09946102297890556,0.04269290158207416,0.8578460754390203
25697,LOF,0.0864134197253829,0.15481386506240202,0.7587727152122151
25698,GOF,0.14810987661769873,0.46244085638097343,0.3894492670013277
25699,LOF,0.23300998057148126,0.34915636392569516,0.41783365550282364
25700,LOF,0.05917050707887244,0.0690649168760003,0.8717645760451272
25701,LOF,0.19422653478597782,0.27977398283378185,0.5259994823802404
25702,GOF,0.16530609338663288,0.743240416697118,0.09145348991624906
25703,LOF,0.027945513679411085,0.4246599799096334,0.5473945064109554
25704,LOF,0.030207681706691768,0.4395059144637295,0.5302864038295787
25705,LOF,0.026303287716053458,0.40009875430351904,0.5735979579804276
25706,GOF,0.09972768692665035,0.5846728757543442,0.3155994373190053
25707,GOF,0.11281809037855722,0.5090034642846717,0.37817844533677103
25708,LOF,0.04379123428304708,0.40564679343334215,0.5505619722836107
25709,LOF,0.026303287716053458,0.40009875430351904,0.5735979579804276
25710,LOF,0.01676207452130618,0.21304968988227116,0.7701882355964227
25711,LOF,0.026303287716053458,0.40009875430351904,0.5735979579804276
25712,LOF,0.01899591487119563,0.24272652185255594,0.7382775632762484
25713,LOF,0.026303287716053458,0.40009875430351904,0.5735979579804276
25714,LOF,0.026303287716053458,0.40009875430351904,0.5735979579804276
25715,LOF,0.026303287716053458,0.40009875430351904,0.5735979579804276
25716,LOF,0.014377910371978681,0.15887240075740203,0.8267496888706193
25717,LOF,0.01567490229165038,0.19267039961399887,0.7916546980943509
25718,LOF,0.026303287716053458,0.40009875430351904,0.5735979579804276
25719,LOF,0.026303287716053458,0.40009875430351904,0.5735979579804276
25720,LOF,0.026303287716053458,0.40009875430351904,0.5735979579804276
25721,LOF,0.026303287716053458,0.40009875430351904,0.5735979579804276
25722,LOF,0.026303287716053458,0.40009875430351904,0.5735979579804276
25723,LOF,0.026303287716053458,0.40009875430351904,0.5735979579804276
25724,LOF,0.09419690826622538,0.3781713908011487,0.5276317009326259
25725,LOF,0.026303287716053458,0.40009875430351904,0.5735979579804276
25726,LOF,0.026303287716053458,0.40009875430351904,0.5735979579804276
25727,LOF,0.026303287716053458,0.40009875430351904,0.5735979579804276
25728,LOF,0.026303287716053458,0.40009875430351904,0.5735979579804276
25729,LOF,0.026303287716053458,0.40009875430351904,0.5735979579804276
25730,LOF,0.026303287716053458,0.40009875430351904,0.5735979579804276
25731,LOF,0.013762351911979293,0.3487145507911537,0.637523097296867
25732,LOF,0.026303287716053458,0.40009875430351904,0.5735979579804276
25733,LOF,0.026303287716053458,0.40009875430351904,0.5735979579804276
25734,LOF,0.018476579784762925,0.1995690164398348,0.7819544037754024
25735,LOF,0.026303287716053458,0.40009875430351904,0.5735979579804276
25736,LOF,0.026303287716053458,0.40009875430351904,0.5735979579804276
25737,LOF,0.026303287716053458,0.40009875430351904,0.5735979579804276
25738,LOF,0.026303287716053458,0.40009875430351904,0.5735979579804276
25739,LOF,0.026303287716053458,0.40009875430351904,0.5735979579804276
25740,LOF,0.026303287716053458,0.40009875430351904,0.5735979579804276
25741,LOF,0.026303287716053458,0.40009875430351904,0.5735979579804276
25742,LOF,0.026303287716053458,0.40009875430351904,0.5735979579804276
25743,LOF,0.02886670522280975,0.09169333857913066,0.8794399561980596
25744,Neutral,0.5812556441634724,0.16858857238580227,0.25015578345072526
25745,LOF,0.0341233101358791,0.18389543142828413,0.7819812584358368
25746,LOF,0.02539340586602997,0.17310109011146255,0.8015055040225075
25747,LOF,0.03787182256181123,0.20699449949011267,0.7551336779480762
25748,LOF,0.08329814403877972,0.29993259367810876,0.6167692622831116
25749,LOF,0.020512876911014957,0.2809909761706488,0.6984961469183363
25750,LOF,0.023744151248872674,0.20158765351305802,0.7746681952380693
25751,LOF,0.03787182256181123,0.20699449949011267,0.7551336779480762
25752,GOF,0.05107255187833803,0.8508503361946188,0.0980771119270433
25753,GOF,0.018235749563714543,0.5145150556978361,0.4672491947384494
25754,GOF,0.020911057427174758,0.8660804578610601,0.11300848471176501
25755,LOF,0.02509984848768953,0.4066407556676974,0.568259395844613
25756,GOF,0.03477742542412543,0.5852379284250618,0.3799846461508126
25757,GOF,0.017898376362071235,0.8625418777650804,0.11955974587284833
25758,GOF,0.027661790055844557,0.80429178873028,0.16804642121387556
25759,GOF,0.01784920158623644,0.7135247787230088,0.26862601969075484
25760,LOF,0.021625690243387497,0.4254932549591526,0.5528810547974599
25761,GOF,0.2736335628825209,0.6299274019242947,0.09643903519318456
25762,LOF,0.04191079446919897,0.4506421302194046,0.5074470753113963
25763,LOF,0.020176296070455776,0.4372206391774134,0.5426030647521308
25764,GOF,0.06011880890406751,0.8571732379884247,0.08270795310750777
25765,GOF,0.02153609073719424,0.8242800065347983,0.1541839027280075
25766,GOF,0.0681534478011893,0.8157842040390189,0.11606234815979177
25767,GOF,0.0864499602407958,0.7655016617441824,0.14804837801502174
25768,LOF,0.03842763355897763,0.29258769965259335,0.668984666788429
25769,LOF,0.03602516149402734,0.2868485511450083,0.6771262873609644
25770,Neutral,0.6848561042180491,0.07911842593693624,0.23602546984501466
25771,LOF,0.05390144447928077,0.1445807820459296,0.8015177734747896
25772,LOF,0.03602516149402734,0.2868485511450083,0.6771262873609644
25773,LOF,0.05757791267282951,0.140715103202619,0.8017069841245515
25774,LOF,0.027354611836822574,0.14159572930882244,0.8310496588543549
25775,LOF,0.06777771125767912,0.10228348418304892,0.8299388045592719
25776,LOF,0.03602516149402734,0.2868485511450083,0.6771262873609644
25777,LOF,0.19709328884833066,0.1601987677809956,0.6427079433706738
25778,LOF,0.03602516149402734,0.2868485511450083,0.6771262873609644
25779,Neutral,0.4273434618863568,0.4150217575366511,0.15763478057699215
25780,Neutral,0.48991361013205614,0.38248735142417856,0.12759903844376536
25781,GOF,0.2812637034254064,0.5435343161514383,0.17520198042315524
25782,GOF,0.24161399852130486,0.5479684162391247,0.2104175852395704
25783,LOF,0.032208864716889954,0.4258101578140113,0.5419809774690987
25784,Neutral,0.6877957585756111,0.22128433405558243,0.09091990736880641
25785,Neutral,0.6588665865405932,0.1820342310792986,0.1590991823801082
25786,GOF,0.023915804136588708,0.6932597918044221,0.28282440405898923
25787,Neutral,0.8699919455496071,0.0768994725784201,0.05310858187197277
25788,LOF,0.03860525724727655,0.10675457006983241,0.8546401726828909
25789,GOF,0.13976601488028434,0.6993672611798184,0.16086672393989726
25790,GOF,0.2046640011113111,0.6053964648133369,0.18993953407535208
25791,GOF,0.12139126346899734,0.5344650820174375,0.34414365451356516
25792,GOF,0.376173147586564,0.40132826249958503,0.22249858991385105
25793,GOF,0.4163660070583229,0.46210264050106775,0.12153135244060952
25794,GOF,0.22613805178061883,0.5793177978791285,0.19454415034025252
25795,GOF,0.05823704410365726,0.7724170881538948,0.16934586774244798
25796,Neutral,0.5368742463517546,0.23287869894909874,0.23024705469914664
25797,GOF,0.08032794829432519,0.47917860784719984,0.44049344385847494
25798,LOF,0.014473569776153479,0.49067011080276635,0.49485631942108016
25799,LOF,0.01544780288327019,0.44120907635218026,0.5433431207645496
25800,GOF,0.0679051874989012,0.6259739985015145,0.3061208139995843
25801,GOF,0.2753894292575418,0.5656420192091363,0.15896855153332196
25802,GOF,0.07473793823894721,0.675436619182987,0.24982544257806572
25803,GOF,0.0844368664070386,0.576156441843712,0.33940669174924937
25804,GOF,0.04847990837753611,0.5030173170445218,0.44850277457794213
25805,GOF,0.10162134089412865,0.7138856833402584,0.18449297576561294
25806,GOF,0.12527729282066963,0.5749478515507467,0.29977485562858375
25807,GOF,0.019718329174260626,0.6059306076266946,0.37435106319904476
25808,GOF,0.07323248191168187,0.7080305202883436,0.21873699779997463
25809,LOF,0.01588954072712203,0.491350004211089,0.492760455061789
25810,GOF,0.018464891549970615,0.5814715355121601,0.40006357293786926
25811,Neutral,0.5506697122606055,0.33317756290006834,0.11615272483932612
25812,GOF,0.055689170210072365,0.5026811872443523,0.44162964254557524
25813,Neutral,0.6896165008868976,0.19663270580601486,0.11375079330708765
25814,GOF,0.14245697162223311,0.6641233395225721,0.19341968885519487
25815,GOF,0.26540898582263495,0.5880568127211032,0.14653420145626192
25816,GOF,0.025546785254576383,0.775399420813763,0.19905379393166073
25817,GOF,0.13972045009746017,0.6984137558553954,0.16186579404714435
25818,GOF,0.06162789196754011,0.5025547379491615,0.43581737008329835
25819,GOF,0.3745104829287485,0.4264842172609924,0.19900529981025902
25820,GOF,0.18763551352092814,0.4433594203215969,0.36900506615747497
25821,GOF,0.05398885348004521,0.5956252680643214,0.3503858784556334
25822,GOF,0.25810701119978713,0.525012085566408,0.21688090323380485
25823,GOF,0.044099060473671056,0.5527049344792494,0.40319600504707953
25824,LOF,0.09085220042428085,0.40279999214460144,0.5063478074311177
25825,LOF,0.032147859009525374,0.3990635643871005,0.5687885766033741
25826,LOF,0.011241435375953752,0.4834872273938073,0.505271337230239
25827,GOF,0.01945240333278544,0.6786650445481297,0.3018825521190848
25828,GOF,0.014282663794401148,0.5885298259453585,0.3971875102602403
25829,LOF,0.010301875673218672,0.3856699522515333,0.6040281720752481
25830,LOF,0.09837303899591263,0.3084115817028169,0.5932153793012704
25831,GOF,0.12473700697701746,0.7744654161016246,0.10079757692135802
25832,GOF,0.039343416790187644,0.6844205500654346,0.2762360331443779
25833,GOF,0.13690944810965877,0.6658848501170587,0.19720570177328248
25834,GOF,0.05228222068548801,0.6749402596472664,0.2727775196672456
25835,GOF,0.14606984245085486,0.646956164524143,0.2069739930250023
25836,GOF,0.06470342017249318,0.6469789844557206,0.28831759537178625
25837,GOF,0.03225867907887622,0.5475977980747179,0.420143522846406
25838,GOF,0.13853614641786063,0.6461644435646792,0.21529941001746028
25839,GOF,0.405962022760274,0.45351835519489003,0.14051962204483606
25840,GOF,0.14807987880099846,0.6954407151833957,0.15647940601560595
25841,GOF,0.1792927636096529,0.6488982219638945,0.17180901442645283
25842,Neutral,0.39561010684154163,0.37913302007243516,0.22525687308602324
25843,GOF,0.30506973426183137,0.5063749523085488,0.18855531342961987
25844,LOF,0.09916501820339342,0.4468469888378781,0.4539879929587285
25845,GOF,0.02584681036901496,0.505907603017372,0.468245586613613
25846,GOF,0.08239898556773036,0.7711523988433946,0.14644861558887493
25847,GOF,0.24390340137680455,0.6180623994259634,0.13803419919723203
25848,GOF,0.08833650300090515,0.6804769878618314,0.23118650913726357
25849,GOF,0.01507416225163628,0.5935328656959185,0.39139297205244516
25850,GOF,0.027598142131817806,0.7238502206553438,0.24855163721283835
25851,GOF,0.018070239003471357,0.5652854806156464,0.4166442803808823
25852,GOF,0.20688607440993864,0.6284530734843136,0.16466085210574782
25853,GOF,0.34343916214723785,0.43407739639310544,0.22248344145965668
25854,GOF,0.016229331204824875,0.5381920280422735,0.4455786407529017
25855,LOF,0.04493672787254679,0.32262272464267683,0.6324405474847765
25856,GOF,0.3338480945372252,0.3762593144015491,0.28989259106122583
25857,GOF,0.04879673899736193,0.5301659368951376,0.4210373241075005
25858,GOF,0.029904261791759472,0.6658208880455734,0.3042748501626672
25859,GOF,0.014054027006100579,0.5241593722073696,0.4617866007865298
25860,GOF,0.39791394131302044,0.45789249403126553,0.14419356465571403
25861,GOF,0.2445055000939269,0.6544999634712052,0.10099453643486782
25862,GOF,0.17870033647041428,0.6137095725591468,0.20759009097043882
25863,GOF,0.1815199045200394,0.5999000476998967,0.21858004778006396
25864,GOF,0.3845456139350925,0.43203453653958773,0.1834198495253198
25865,GOF,0.10664339578493873,0.7641543725634858,0.12920223165157538
25866,GOF,0.11595725097886206,0.5986769535990489,0.2853657954220891
25867,GOF,0.12699199875067632,0.7247228812315011,0.14828512001782265
25868,GOF,0.2148926125238911,0.5810528946427533,0.20405449283335556
25869,Neutral,0.8431591822597714,0.1056132641004216,0.05122755363980715
25870,LOF,0.23808646587817137,0.31113280639749147,0.4507807277243371
25871,GOF,0.09699784820913257,0.7018689141340424,0.2011332376568251
25872,GOF,0.22638331227341327,0.4912435991919302,0.2823730885346565
25873,GOF,0.17955510798473287,0.6129429105558741,0.20750198145939303
25874,LOF,0.03860525724727655,0.10675457006983241,0.8546401726828909
25875,LOF,0.11380504127088459,0.38053171184411716,0.5056632468849983
25876,LOF,0.02420421615516069,0.21642467222226702,0.7593711116225723
25877,Neutral,0.3804712204948463,0.2561481567841502,0.36338062272100347
25878,GOF,0.15002765298702384,0.5316834357147394,0.31828891129823667
25879,GOF,0.08221939116322055,0.5530280963729705,0.364752512463809
25880,LOF,0.04332285019074811,0.11771274707625745,0.8389644027329944
25881,LOF,0.3778304625071791,0.1967002888187608,0.4254692486740601
25882,LOF,0.11438810402301876,0.050768720968490395,0.8348431750084908
25883,LOF,0.07388211583600487,0.09334460628631762,0.8327732778776774
25884,LOF,0.07397390543509239,0.11766528568929673,0.8083608088756109
25885,LOF,0.09721940791444574,0.0637542181356386,0.8390263739499156
25886,LOF,0.13860386364257887,0.23053904580943546,0.6308570905479856
25887,LOF,0.36772223453101227,0.13820998142717975,0.4940677840418079
25888,LOF,0.2865121238734311,0.11796762750486377,0.595520248621705
25889,LOF,0.09473782252948593,0.07839972473225908,0.8268624527382551
25890,LOF,0.0739712342850926,0.09166014875973835,0.8343686169551691
25891,LOF,0.05973921314734388,0.0485722839255482,0.891688502927108
25892,LOF,0.09946446772887885,0.05333622694780971,0.8471993053233116
25893,LOF,0.311016244718102,0.049178089793798556,0.6398056654880994
25894,LOF,0.14922475638965357,0.04225630051133261,0.8085189430990137
25895,LOF,0.1619303440934862,0.02978454170468207,0.8082851142018318
25896,LOF,0.08200091528760982,0.017458509225056013,0.9005405754873341
25897,LOF,0.3048281184627256,0.039747211811967935,0.6554246697253064
25898,Neutral,0.6553712146440386,0.08305002888036433,0.26157875647559703
25899,LOF,0.13598501979654867,0.11727070722230425,0.7467442729811471
25900,Neutral,0.9184345982509634,0.010962051581615166,0.07060335016742138
25901,LOF,0.07983277663740818,0.04635050829956399,0.8738167150630278
25902,LOF,0.08725375163832644,0.02651126042823395,0.8862349879334397
25903,Neutral,0.49377927384662657,0.07152547266024913,0.43469525349312427
25904,LOF,0.2330330365840069,0.09512902974049006,0.6718379336755032
25905,LOF,0.01406026867468022,0.46357449530425804,0.5223652360210618
25906,LOF,0.023491215772006115,0.09368009125865062,0.8828286929693433
25907,LOF,0.012584045466564322,0.36138732762700204,0.6260286269064337
25908,LOF,0.018562203286466506,0.2607720718912711,0.7206657248222623
25909,LOF,0.03840167787233612,0.1426371543807674,0.8189611677468965
25910,LOF,0.02192052682520275,0.39061802206654467,0.5874614511082525
25911,LOF,0.07442040547835431,0.023809522886908435,0.9017700716347372
25912,LOF,0.043741711536709506,0.07783083958200354,0.878427448881287
25913,LOF,0.21841191861970455,0.027922419332299355,0.7536656620479961
25914,LOF,0.0589045133990342,0.15477455873767385,0.7863209278632919
25915,GOF,0.4153104086340994,0.4203384285035983,0.16435116286230234
25916,GOF,0.041791014777227284,0.6879512955566993,0.2702576896660732
25917,LOF,0.04558267651225813,0.08810937605383551,0.8663079474339063
25918,LOF,0.0589045133990342,0.15477455873767385,0.7863209278632919
25919,LOF,0.0589045133990342,0.15477455873767385,0.7863209278632919
25920,GOF,0.17720985825168892,0.6819940318136388,0.14079610993467237
25921,LOF,0.032398389901329226,0.2590818499051649,0.7085197601935058
25922,LOF,0.03142119185829376,0.2512608360684181,0.7173179720732882
25923,LOF,0.13738107127989682,0.23189576490536448,0.6307231638147387
25924,LOF,0.04728928176836527,0.10776176006608111,0.8449489581655536
25925,LOF,0.05170101893593162,0.10322348950212328,0.8450754915619452
25926,LOF,0.04553668652275315,0.08836335873784132,0.8660999547394056
25927,LOF,0.07908153328958585,0.26776555842279337,0.6531529082876207
25928,LOF,0.030546373172198486,0.10112405139119027,0.8683295754366112
25929,LOF,0.2841605824879155,0.21823453846291246,0.49760487904917217
25930,LOF,0.07388211583600487,0.09334460628631762,0.8327732778776774
25931,LOF,0.03546750109491925,0.07471331157973381,0.8898191873253468
25932,LOF,0.07388211583600487,0.09334460628631762,0.8327732778776774
25933,LOF,0.07388211583600487,0.09334460628631762,0.8327732778776774
25934,LOF,0.07388211583600487,0.09334460628631762,0.8327732778776774
25935,LOF,0.048930018052969815,0.09334149124429975,0.8577284907027304
25936,LOF,0.07388211583600487,0.09334460628631762,0.8327732778776774
25937,LOF,0.045640281388268505,0.08940456441073907,0.8649551542009924
25938,LOF,0.07439982188134618,0.11631811278781229,0.8092820653308415
25939,LOF,0.07388211583600487,0.09334460628631762,0.8327732778776774
25940,GOF,0.014234005484015037,0.7182189497498143,0.2675470447661707
25941,LOF,0.24282573988971348,0.04298922794578134,0.7141850321645052
25942,LOF,0.03834626626800114,0.02078132686306467,0.9408724068689341
25943,LOF,0.3058629082000188,0.030509934459995464,0.6636271573399858
25944,LOF,0.43462300797847586,0.025245462403100955,0.5401315296184231
25945,LOF,0.21685790030064997,0.061173069285919805,0.7219690304134303
25946,LOF,0.01883172974657846,0.05886453703829268,0.9223037332151288
25947,GOF,0.05456018098675648,0.49315018136546124,0.45228963764778213
25948,LOF,0.3685970408047524,0.012693914607696723,0.6187090445875508
25949,LOF,0.10455820319321081,0.02483156268031862,0.8706102341264707
25950,LOF,0.36733519555509053,0.19115159978044932,0.44151320466446026
25951,GOF,0.17515436664843517,0.50127675383646,0.3235688795151048
25952,LOF,0.05087930295806097,0.45486010592365134,0.4942605911182875
25953,GOF,0.13198188325488497,0.4615458448761137,0.4064722718690013
25954,Neutral,0.45931261553010194,0.4162900245542124,0.12439735991568568
25955,LOF,0.060749078197478365,0.3076223285055941,0.6316285932969276
25956,LOF,0.12001388104126132,0.18706907984949844,0.6929170391092403
25957,LOF,0.04691639209812789,0.0716760407828924,0.8814075671189796
25958,LOF,0.09104140555416895,0.03761250825884254,0.8713460861869885
25959,LOF,0.11686180342085489,0.28027141663575805,0.6028667799433871
25960,LOF,0.03339558860329239,0.10060012251315693,0.8660042888835507
25961,LOF,0.09104140555416895,0.03761250825884254,0.8713460861869885
25962,LOF,0.03441340283932907,0.18902259463854276,0.7765640025221281
25963,LOF,0.04554030263025524,0.2528042620062525,0.7016554353634923
25964,LOF,0.04249939957035849,0.14715512878663844,0.8103454716430031
25965,Neutral,0.6811068286615529,0.09929146401368963,0.21960170732475742
25966,LOF,0.08326483036542925,0.37877713477046815,0.5379580348641025
25967,LOF,0.020859286355118658,0.39004834289741036,0.589092370747471
25968,GOF,0.0634808617490905,0.672750055400344,0.2637690828505655
25969,LOF,0.029041806320086638,0.06464363245498121,0.9063145612249321
25970,LOF,0.044215943269422325,0.04366309703154376,0.912120959699034
25971,LOF,0.08873261946775102,0.03393320288439931,0.8773341776478497
25972,LOF,0.08873261946775102,0.03393320288439931,0.8773341776478497
25973,LOF,0.12544775640445857,0.03224282260540214,0.8423094209901394
25974,Neutral,0.7334334722874509,0.051480361100616184,0.21508616661193283
25975,LOF,0.0844358558578607,0.07312535217233682,0.8424387919698024
25976,LOF,0.03668354913610838,0.039384468001165324,0.9239319828627264
25977,LOF,0.02748936295705578,0.38067083149078246,0.5918398055521619
25978,LOF,0.28199667927171224,0.11417163697651667,0.603831683751771
25979,LOF,0.24077150204799563,0.11013447432698605,0.6490940236250182
25980,LOF,0.24726168455598563,0.12282371056517052,0.6299146048788438
25981,LOF,0.24726168455598563,0.12282371056517052,0.6299146048788438
25982,LOF,0.4578220342279596,0.06759967201302249,0.4745782937590179
25983,Neutral,0.5438370001532278,0.08573225828451228,0.37043074156226
25984,LOF,0.03525307190891962,0.23942139668906057,0.7253255314020198
25985,GOF,0.02511624962494194,0.5259637943583958,0.44891995601666224
25986,GOF,0.04817132447847172,0.5565211343093972,0.39530754121213113
25987,LOF,0.0824107477426271,0.160156312688396,0.757432939568977
25988,LOF,0.03525307190891962,0.23942139668906057,0.7253255314020198
25989,LOF,0.03525307190891962,0.23942139668906057,0.7253255314020198
25990,LOF,0.03525307190891962,0.23942139668906057,0.7253255314020198
25991,LOF,0.2697593712377892,0.347389812633602,0.3828508161286089
25992,Neutral,0.4083589948452812,0.33009880899770927,0.2615421961570096
25993,LOF,0.04737917042964117,0.1492151047539535,0.8034057248164053
25994,LOF,0.04737917042964117,0.1492151047539535,0.8034057248164053
25995,LOF,0.04737917042964117,0.1492151047539535,0.8034057248164053
25996,LOF,0.1256006596202176,0.35296136421207946,0.5214379761677029
25997,GOF,0.09441558973265779,0.6107377372960406,0.29484667297130157
25998,Neutral,0.5280135587329027,0.02374654488256738,0.44823989638452993
25999,LOF,0.21800678591993933,0.29777783601906654,0.4842153780609941
26000,LOF,0.07637297672784382,0.035301505500251906,0.8883255177719043
26001,LOF,0.10199806054740174,0.14016892835809014,0.7578330110945081
26002,LOF,0.06253957727954527,0.10141657565733916,0.8360438470631155
26003,GOF,0.010207623280034854,0.5900766610191926,0.3997157157007724
26004,GOF,0.01817501689646436,0.6611939473547876,0.32063103574874785
26005,GOF,0.01047219900265686,0.5502565842271283,0.43927121677021475
26006,Neutral,0.5317553253886566,0.22074118756646882,0.24750348704487476
26007,GOF,0.019910616472547823,0.6865240055295153,0.29356537799793686
26008,GOF,0.01636745449546206,0.5886414821495294,0.3949910633550086
26009,GOF,0.03402145676677857,0.7317851699095828,0.23419337332363863
26010,GOF,0.013568823958831598,0.7727497075776929,0.21368146846347547
26011,GOF,0.010605092452151988,0.6066607965954361,0.3827341109524119
26012,GOF,0.01789002926637073,0.659493441043823,0.3226165296898064
26013,GOF,0.011559335617774134,0.7235943571746859,0.2648463072075401
26014,LOF,0.044204510400125845,0.38543857155063366,0.5703569180492405
26015,LOF,0.2115243773721605,0.02327709826898351,0.765198524358856
26016,LOF,0.3686700742332245,0.06057872023687655,0.570751205529899
26017,LOF,0.3156241107682011,0.05750433829519779,0.6268715509366011
26018,LOF,0.09706584701091694,0.02508832047179882,0.8778458325172843
26019,LOF,0.09706584701091694,0.02508832047179882,0.8778458325172843
26020,LOF,0.14253772201371326,0.11870654616090544,0.7387557318253813
26021,LOF,0.11477963851231512,0.1306086636862176,0.7546116978014672
26022,LOF,0.02984743050008632,0.0362829204410264,0.9338696490588873
26023,LOF,0.21542707255692195,0.048755259472456076,0.735817667970622
26024,LOF,0.05908514944360353,0.11442595648927406,0.8264888940671224
26025,LOF,0.33144856109966114,0.09496337062033736,0.5735880682800015
26026,Neutral,0.540157571089073,0.016097814940118502,0.44374461397080844
26027,LOF,0.09706584701091694,0.02508832047179882,0.8778458325172843
26028,LOF,0.33027099620273587,0.0724136932414409,0.5973153105558232
26029,GOF,0.047142686879633765,0.6415812158480109,0.3112760972723553
26030,LOF,0.02454145752424086,0.15308947166275982,0.8223690708129994
26031,LOF,0.015979662748190484,0.36927034203456954,0.61474999521724
26032,LOF,0.04341655103970959,0.19261087805279906,0.7639725709074914
26033,GOF,0.1787724142032859,0.46690768454393566,0.35431990125277835
26034,LOF,0.021415733633161016,0.3116943651471851,0.6668899012196537
26035,LOF,0.01841066684489226,0.4089060746921428,0.5726832584629649
26036,LOF,0.021121838395921248,0.3169361356603248,0.661942025943754
26037,LOF,0.014313925860896252,0.2507040461809997,0.734982027958104
26038,LOF,0.04341655103970959,0.19261087805279906,0.7639725709074914
26039,LOF,0.034265587489975345,0.33478935873836607,0.6309450537716587
26040,GOF,0.23742961445959873,0.5910567002212122,0.17151368531918915
26041,LOF,0.015083749696369459,0.23124313099032387,0.7536731193133067
26042,LOF,0.01378827227296012,0.23990217192192134,0.7463095558051185
26043,LOF,0.04341655103970959,0.19261087805279906,0.7639725709074914
26044,LOF,0.02503561483307195,0.21136198631319872,0.7636023988537295
26045,LOF,0.04217127530072892,0.31190811109460725,0.6459206136046638
26046,LOF,0.04341655103970959,0.19261087805279906,0.7639725709074914
26047,LOF,0.04341655103970959,0.19261087805279906,0.7639725709074914
26048,LOF,0.06597734418653912,0.17709576770331056,0.7569268881101503
26049,Neutral,0.9081342394736465,0.04453416761760221,0.04733159290875121
26050,Neutral,0.8923978297111117,0.04637337637203356,0.061228793916854755
26051,GOF,0.019230695728589074,0.7248677578404665,0.25590154643094426
26052,GOF,0.02139978825299953,0.7801456836075419,0.19845452813945846
26053,LOF,0.039840919395883884,0.4492585534085681,0.510900527195548
26054,LOF,0.06736168614178337,0.05091785379577202,0.8817204600624446
26055,LOF,0.07868462762120546,0.03941676171050936,0.8818986106682851
26056,LOF,0.05665345333201349,0.047678963483883244,0.8956675831841032
26057,LOF,0.0834818549901645,0.08502296493957026,0.8314951800702652
26058,LOF,0.0834818549901645,0.08502296493957026,0.8314951800702652
26059,Neutral,0.6888424190991915,0.07275620536699778,0.23840137553381063
26060,GOF,0.2969087520952184,0.366521717638229,0.3365695302665526
26061,LOF,0.04020455802943558,0.039857155020341185,0.9199382869502233
26062,LOF,0.028225482282878144,0.03439522639937276,0.937379291317749
26063,LOF,0.0834818549901645,0.08502296493957026,0.8314951800702652
26064,LOF,0.037674058562326945,0.029526811006324344,0.9327991304313488
26065,LOF,0.0834818549901645,0.08502296493957026,0.8314951800702652
26066,LOF,0.0834818549901645,0.08502296493957026,0.8314951800702652
26067,LOF,0.0834818549901645,0.08502296493957026,0.8314951800702652
26068,LOF,0.08389490747823604,0.03564112124248313,0.8804639712792808
26069,LOF,0.29408068638238904,0.055191570421052015,0.6507277431965589
26070,Neutral,0.6513280835227934,0.02450103903224907,0.32417087744495765
26071,LOF,0.0834818549901645,0.08502296493957026,0.8314951800702652
26072,LOF,0.0261268587803716,0.06570473846564379,0.9081684027539847
26073,LOF,0.0834818549901645,0.08502296493957026,0.8314951800702652
26074,Neutral,0.9397884444732173,0.02102278053104544,0.03918877499573731
26075,LOF,0.06995826996723947,0.05314155061522944,0.8769001794175311
26076,LOF,0.0834818549901645,0.08502296493957026,0.8314951800702652
26077,LOF,0.02776493342568555,0.08057356654071117,0.8916615000336032
26078,LOF,0.025247652085879056,0.0558643105714284,0.9188880373426926
26079,LOF,0.058096187200685524,0.041288652077016076,0.9006151607222984
26080,LOF,0.058096187200685524,0.041288652077016076,0.9006151607222984
26081,LOF,0.0834818549901645,0.08502296493957026,0.8314951800702652
26082,LOF,0.028702773277494282,0.038499107952484006,0.9327981187700217
26083,LOF,0.0834818549901645,0.08502296493957026,0.8314951800702652
26084,LOF,0.0834818549901645,0.08502296493957026,0.8314951800702652
26085,LOF,0.0834818549901645,0.08502296493957026,0.8314951800702652
26086,LOF,0.0834818549901645,0.08502296493957026,0.8314951800702652
26087,LOF,0.0834818549901645,0.08502296493957026,0.8314951800702652
26088,LOF,0.03197429522487736,0.07745866796911939,0.8905670368060032
26089,LOF,0.07040932473546394,0.03548607989731257,0.8941045953672234
26090,LOF,0.06133157316064755,0.03218005515306256,0.9064883716862899
26091,LOF,0.0834818549901645,0.08502296493957026,0.8314951800702652
26092,LOF,0.0834818549901645,0.08502296493957026,0.8314951800702652
26093,LOF,0.0834818549901645,0.08502296493957026,0.8314951800702652
26094,LOF,0.0834818549901645,0.08502296493957026,0.8314951800702652
26095,LOF,0.07491854418957562,0.04540828100720807,0.8796731748032163
26096,LOF,0.03922481775543283,0.030748563300862435,0.9300266189437049
26097,LOF,0.029317291762812944,0.05367716735049647,0.9170055408866905
26098,LOF,0.0643307392134527,0.0257279160922113,0.909941344694336
26099,LOF,0.0834818549901645,0.08502296493957026,0.8314951800702652
26100,LOF,0.0834818549901645,0.08502296493957026,0.8314951800702652
26101,LOF,0.0834818549901645,0.08502296493957026,0.8314951800702652
26102,LOF,0.0834818549901645,0.08502296493957026,0.8314951800702652
26103,Neutral,0.7524973790518812,0.06536735830769154,0.18213526264042723
26104,LOF,0.05548673191975985,0.04423406650311974,0.9002792015771204
26105,LOF,0.17002184976059254,0.0831642179793064,0.7468139322601012
26106,LOF,0.17998934093459887,0.06390333066172792,0.7561073284036731
26107,LOF,0.2402116046528044,0.057178959551655736,0.7026094357955398
26108,LOF,0.12282574552606493,0.06924344956731084,0.8079308049066242
26109,LOF,0.07486720565125222,0.11891818513517226,0.8062146092135755
26110,LOF,0.2849322386797567,0.0222582921193363,0.692809469200907
26111,LOF,0.2904152939553571,0.2333882672044395,0.47619643884020335
26112,LOF,0.09448923782814041,0.04890049229352505,0.8566102698783346
26113,LOF,0.09448923782814041,0.04890049229352505,0.8566102698783346
26114,LOF,0.04723813366910661,0.01315768988721685,0.9396041764436764
26115,LOF,0.14990929725422877,0.022015204508022048,0.8280754982377491
26116,LOF,0.08155453060633717,0.02763359535224395,0.8908118740414189
26117,LOF,0.13358339618737938,0.21701855110917131,0.6493980527034493
26118,LOF,0.06285825178034121,0.07976678604144882,0.85737496217821
26119,LOF,0.0305785267487516,0.28507663518849075,0.6843448380627577
26120,LOF,0.06285825178034121,0.07976678604144882,0.85737496217821
26121,LOF,0.046559362786645964,0.27735921500096894,0.676081422212385
26122,LOF,0.06388238315437608,0.25720770758696093,0.6789099092586629
26123,LOF,0.051722062879404854,0.2967440770938658,0.6515338600267293
