feature0,prediction,LoGoFunc_Neutral,LoGoFunc_GOF,LoGoFunc_LOF
25546,Neutral,0.6153005100796246,0.05495520802728875,0.32974428189308674
25547,Neutral,0.4947261419957094,0.09253731482260899,0.41273654318168146
25548,Neutral,0.4797965206619209,0.07950615165393116,0.44069732768414793
25549,LOF,0.4206764782198488,0.07855564984906312,0.5007678719310881
25550,LOF,0.33748008004703334,0.10743399577686191,0.5550859241761047
25551,LOF,0.3021629149060915,0.11486397935379913,0.5829731057401093
25552,LOF,0.26531514014051816,0.11391052440592016,0.6207743354535616
25553,Neutral,0.8095655056450083,0.04164613308700288,0.1487883612679888
25554,LOF,0.30387388004120724,0.10144725633053239,0.5946788636282604
25555,LOF,0.2556826990151368,0.09841612533673558,0.6459011756481277
25556,LOF,0.4294003621897012,0.09374475291020669,0.47685488490009215
25557,LOF,0.24656840452041048,0.10298654549208368,0.650445049987506
25558,LOF,0.30347113219154226,0.10051239903569281,0.5960164687727648
25559,LOF,0.2749403817683872,0.15068571868859607,0.5743738995430168
25560,LOF,0.17633942963330698,0.11025709312154458,0.7134034772451484
25561,LOF,0.16412031603040111,0.12662724603286027,0.7092524379367385
25562,LOF,0.0735991009364488,0.08699366618384341,0.8394072328797079
25563,LOF,0.024212159635956885,0.14433092472203887,0.8314569156420042
25564,LOF,0.1947464378125829,0.12963931468279938,0.6756142475046177
25565,LOF,0.19973135280656695,0.15251415851142977,0.6477544886820034
25566,GOF,0.08908122830001823,0.7312357144382676,0.1796830572617142
25567,LOF,0.03671926464956295,0.15749669887236403,0.805784036478073
25568,LOF,0.06853831179159697,0.07639858326910884,0.8550631049392942
25569,LOF,0.0676516633076402,0.07984731481548514,0.8525010218768747
25570,LOF,0.029168306733183363,0.10710323144213413,0.8637284618246824
25571,LOF,0.02891631580390966,0.11414042495420704,0.8569432592418833
25572,LOF,0.060384004068300655,0.1270922581048412,0.812523737826858
25573,LOF,0.0668463364770498,0.09518309709584828,0.837970566427102
25574,LOF,0.0672228230489018,0.19625207373807102,0.7365251032130271
25575,LOF,0.02538551146513248,0.12289614617984816,0.8517183423550194
25576,LOF,0.028513158009068874,0.15997128601634536,0.8115155559745859
25577,LOF,0.030068278474018738,0.12143545436658797,0.8484962671593934
25578,LOF,0.31184011229800085,0.08516764016340318,0.602992247538596
25579,LOF,0.14176112158508425,0.0936658547224735,0.7645730236924422
25580,LOF,0.022505838956669938,0.08509192133746722,0.8924022397058629
25581,LOF,0.06035716652496493,0.07250844315955035,0.8671343903154848
25582,LOF,0.06045041489894441,0.07133995280498158,0.8682096322960741
25583,LOF,0.024528280375387148,0.08204096063414587,0.893430758990467
25584,Neutral,0.7148723167176237,0.10776272489326788,0.17736495838910835
25585,LOF,0.028406747969999296,0.1450828302198938,0.826510421810107
25586,LOF,0.019574990771318197,0.07419185562018614,0.9062331536084958
25587,LOF,0.01901864492959133,0.06571393183072037,0.9152674232396883
25588,LOF,0.023488747056558963,0.071172223052288,0.905339029891153
25589,Neutral,0.5367611838962764,0.19632575717696318,0.2669130589267605
25590,LOF,0.05109563270522277,0.12307454705580739,0.8258298202389699
25591,LOF,0.10508133659529438,0.06107147135078879,0.8338471920539169
25592,LOF,0.05851594531023926,0.1487266518725659,0.7927574028171949
25593,LOF,0.14800696403257194,0.25408153210099926,0.5979115038664289
25594,LOF,0.05244916025622289,0.09844489898992387,0.8491059407538533
25595,LOF,0.04868729023375655,0.07099459929938623,0.8803181104668573
25596,LOF,0.10584986829760903,0.03921739669672014,0.8549327350056708
25597,LOF,0.08145807502310315,0.04992269956496334,0.8686192254119336
25598,LOF,0.04956131987833501,0.0748729257825713,0.8755657543390937
25599,GOF,0.019433445035533046,0.513202264039679,0.467364290924788
25600,GOF,0.1625521217254417,0.5311126093344357,0.30633526894012253
25601,LOF,0.03811074621766246,0.42811426070250536,0.5337749930798322
25602,LOF,0.03782899508750377,0.07111928751140299,0.8910517174010932
25603,LOF,0.03500418201693499,0.03451077348511601,0.9304850444979489
25604,LOF,0.03496437498538351,0.07786964434337382,0.8871659806712427
25605,LOF,0.03363410296125291,0.20334875696010538,0.7630171400786419
25606,LOF,0.4064674418204598,0.12724712747336797,0.46628543070617223
25607,LOF,0.024745946598869577,0.1808332062866436,0.7944208471144869
25608,LOF,0.034256906144057755,0.07421782987864013,0.891525263977302
25609,GOF,0.14088443403411666,0.5232630931597082,0.33585247280617514
25610,LOF,0.01701580130274054,0.028559209092012622,0.9544249896052469
25611,LOF,0.014211467307665425,0.034686791571528805,0.9511017411208058
25612,LOF,0.050176518911390695,0.04635789548476237,0.9034655856038469
25613,LOF,0.046003944917829526,0.046080499973150196,0.9079155551090202
25614,LOF,0.0218006002646785,0.02729057691062368,0.9509088228246978
25615,LOF,0.04070400738923933,0.04513835269454653,0.9141576399162141
25616,LOF,0.04867975906004808,0.031764706054505695,0.9195555348854462
25617,LOF,0.04198726344588704,0.04269766068547809,0.9153150758686349
25618,LOF,0.04499145396864848,0.03795771304569783,0.9170508329856537
25619,LOF,0.013619688957726361,0.034532754885042254,0.9518475561572315
25620,LOF,0.05932950940546495,0.047495364345011705,0.8931751262495233
25621,LOF,0.0531859669047548,0.03845833497415039,0.9083556981210948
25622,LOF,0.06331807040024878,0.03785641573579815,0.898825513863953
25623,LOF,0.07187622473685414,0.028330257256406997,0.8997935180067389
25624,LOF,0.01860498272606798,0.03639408447058239,0.9450009328033497
25625,LOF,0.06124296325918788,0.042386086825000106,0.896370949915812
25626,LOF,0.048409763122656255,0.044251287437635234,0.9073389494397086
25627,Neutral,0.9037359155614662,0.016181994299267505,0.08008209013926626
25628,LOF,0.15477786983483166,0.05153160873707009,0.7936905214280984
25629,LOF,0.06622150010605696,0.04075161980972787,0.8930268800842152
25630,LOF,0.324836239340991,0.06263726052850392,0.6125265001305051
25631,Neutral,0.5913214292097333,0.05691461390380809,0.35176395688645856
25632,LOF,0.03025161257208033,0.06729206905206919,0.9024563183758504
25633,LOF,0.18118845837473985,0.0380501199805045,0.7807614216447556
25634,LOF,0.037327314852942925,0.08406835507210712,0.8786043300749501
25635,LOF,0.04130751590442512,0.04203124009551528,0.9166612440000595
25636,GOF,0.03164886424082886,0.49155146333982136,0.4767996724193499
25637,GOF,0.07105669994985372,0.5381359618862435,0.3908073381639027
25638,LOF,0.0274465491920764,0.4004400084031466,0.572113442404777
25639,LOF,0.02806257769877972,0.4039759320295702,0.5679614902716501
25640,Neutral,0.7636698563971194,0.18805390037156644,0.048276243231314256
25641,LOF,0.06526086778842088,0.44258887994522117,0.49215025226635795
25642,LOF,0.04572528595048393,0.16333640475066763,0.7909383092988483
25643,LOF,0.1786916273514559,0.13384322324738915,0.6874651494011549
25644,LOF,0.021937309535565462,0.4209635087611112,0.5570991817033233
25645,LOF,0.025336304430291667,0.3626860717331975,0.6119776238365108
25646,LOF,0.055282750771763145,0.306857401546103,0.6378598476821339
25647,LOF,0.02750212823045094,0.24974948066900224,0.7227483911005468
25648,LOF,0.03794862476686226,0.23548548980662243,0.7265658854265153
25649,LOF,0.01943107960890371,0.2201870258188585,0.7603818945722378
25650,LOF,0.05385223320469044,0.3646116293526731,0.5815361374426364
25651,LOF,0.01880559130030068,0.2603145467928042,0.7208798619068951
25652,LOF,0.03674730657746866,0.2389794507365499,0.7242732426859816
25653,LOF,0.09453462413512749,0.36839053617822515,0.5370748396866474
25654,LOF,0.028332327964366303,0.22126626841782998,0.7504014036178036
25655,LOF,0.21725028537853538,0.34554173037005176,0.4372079842514127
25656,LOF,0.3517337384896896,0.05012551561205748,0.598140745898253
25657,LOF,0.06892068946735287,0.053110386246007404,0.8779689242866396
25658,LOF,0.33604178380884,0.054807703018422395,0.6091505131727376
25659,Neutral,0.5340652711155417,0.07208564790362637,0.39384908098083193
25660,LOF,0.020648698434817755,0.08616254478288166,0.8931887567823005
25661,LOF,0.09466039459193938,0.06227505752668485,0.8430645478813759
25662,LOF,0.03441917974841271,0.03703445364253869,0.9285463666090485
25663,LOF,0.04591174072875976,0.04797526409888321,0.906112995172357
25664,LOF,0.1401117315232619,0.06539497743971229,0.7944932910370258
25665,LOF,0.05731137156217482,0.03195664761482971,0.9107319808229956
25666,LOF,0.0872667463402915,0.07628556312447789,0.8364476905352307
25667,LOF,0.07415076606716225,0.04085380773353409,0.8849954261993037
25668,LOF,0.03864717533947782,0.050188651140339643,0.9111641735201825
25669,LOF,0.033925294852832244,0.05300041607997315,0.9130742890671947
25670,LOF,0.14110399538958027,0.05367382293253457,0.8052221816778853
25671,LOF,0.11497817373309573,0.03766943388909386,0.8473523923778103
25672,LOF,0.05483150183261837,0.04230665644033863,0.902861841727043
25673,LOF,0.07910309692898272,0.05254610391009661,0.8683507991609206
25674,LOF,0.06795855814121547,0.06142839945142512,0.8706130424073594
25675,LOF,0.1154020489431645,0.06282380363721883,0.8217741474196167
25676,LOF,0.019107960843611892,0.05817861520593814,0.92271342395045
25677,LOF,0.026103606576922855,0.07472844860211582,0.8991679448209614
25678,LOF,0.22005159751750702,0.06876958270540298,0.7111788197770901
25679,LOF,0.12367055018982456,0.08210152509461555,0.7942279247155598
25680,LOF,0.03464972369511757,0.1228808004289154,0.842469475875967
25681,LOF,0.05827597664127334,0.11176563192800365,0.829958391430723
25682,LOF,0.1559660763209615,0.07821830359665602,0.7658156200823826
25683,LOF,0.12011156384183692,0.09999014598622849,0.7798982901719346
25684,LOF,0.04306620064213208,0.08070871479099313,0.8762250845668749
25685,LOF,0.13900267981105371,0.051427993534835945,0.8095693266541104
25686,LOF,0.08764288748573251,0.0775421614134721,0.8348149511007954
25687,LOF,0.12569648108644504,0.079915698523781,0.7943878203897741
25688,LOF,0.3083814481878765,0.03706091389424693,0.6545576379178766
25689,LOF,0.24476686586114418,0.03969751091861401,0.7155356232202418
25690,LOF,0.32973907321988816,0.02928248395949917,0.6409784428206127
25691,Neutral,0.6928326280344284,0.024108367887988882,0.2830590040775828
25692,LOF,0.3461544495877293,0.011052138889690798,0.64279341152258
25693,LOF,0.051043779833385164,0.38277430060474055,0.5661819195618744
25694,LOF,0.1091677654521279,0.02027744328595403,0.870554791261918
25695,LOF,0.10724412529437005,0.019419932050005386,0.8733359426556245
25696,LOF,0.12959961546611562,0.010854812655429398,0.859545571878455
25697,LOF,0.08986429124463445,0.03217951932742491,0.8779561894279406
25698,LOF,0.3488351226779199,0.16657902828552976,0.4845858490365504
25699,LOF,0.4281772055731082,0.0362399271693508,0.535582867257541
25700,LOF,0.07812146457005133,0.009030187886513098,0.9128483475434356
25701,LOF,0.16164648108029198,0.04607702818411399,0.792276490735594
25702,GOF,0.15659616126528442,0.6118133665043711,0.23159047223034443
25703,LOF,0.01842660254415709,0.1696874418755168,0.8118859555803261
25704,LOF,0.04695255467365021,0.11320548701062098,0.8398419583157288
25705,LOF,0.05494333038969289,0.16244340868931303,0.782613260920994
25706,LOF,0.09183439061708497,0.436916693208461,0.471248916174454
25707,LOF,0.09400509861656978,0.3831368747572582,0.522858026626172
25708,LOF,0.03081259292871154,0.3270858906898722,0.6421015163814162
25709,LOF,0.07413679599889603,0.04383278961562493,0.882030414385479
25710,LOF,0.011537619197577134,0.16450895846027003,0.8239534223421527
25711,LOF,0.019480737775034725,0.10885321490065812,0.8716660473243072
25712,LOF,0.013994872169424289,0.1926313345423415,0.7933737932882342
25713,LOF,0.02001415492863861,0.08836361263909877,0.8916222324322626
25714,LOF,0.07910315472228092,0.0895210343306521,0.831375810947067
25715,LOF,0.012374147098346859,0.15266253964817314,0.8349633132534799
25716,LOF,0.014151817160960664,0.11992631678806084,0.8659218660509785
25717,LOF,0.011651115685761385,0.08784697441314024,0.9005019099010984
25718,LOF,0.013369908708697196,0.11147119424000067,0.8751588970513021
25719,LOF,0.019491258871734893,0.08993812744032656,0.8905706136879387
25720,LOF,0.0245979506304035,0.07575312983306251,0.899648919536534
25721,LOF,0.015800658200049462,0.13040300193477558,0.8537963398651749
25722,LOF,0.014816973958256393,0.14539603196604364,0.8397869940757
25723,LOF,0.025046149520524183,0.045975904211146945,0.9289779462683289
25724,LOF,0.033234435403706936,0.09899391442674421,0.8677716501695488
25725,LOF,0.01254972070422851,0.07139403228852355,0.916056247007248
25726,LOF,0.0169089172701418,0.11511165790443001,0.8679794248254282
25727,LOF,0.014228688681472819,0.08319986780067415,0.902571443517853
25728,LOF,0.010438038808112646,0.1349499055659613,0.8546120556259261
25729,LOF,0.010905941944625639,0.13214732218670455,0.8569467358686699
25730,LOF,0.015094587402741192,0.092900423227165,0.8920049893700939
25731,LOF,0.01934871659930736,0.11472161079469578,0.8659296726059968
25732,LOF,0.015550866009111855,0.08709018633894931,0.8973589476519389
25733,LOF,0.017652372594490272,0.0736244982078992,0.9087231291976106
25734,LOF,0.012813380527876124,0.1291091139036094,0.8580775055685145
25735,LOF,0.014339789226254169,0.09010661351602749,0.8955535972577183
25736,LOF,0.01540923106649394,0.1130002238488224,0.8715905450846836
25737,LOF,0.012856991473525602,0.08392273605772187,0.9032202724687525
25738,LOF,0.012957972938417934,0.11723274382797982,0.8698092832336022
25739,LOF,0.021573760455955812,0.08282834529340309,0.8955978942506412
25740,LOF,0.02832193455988492,0.1183649650806777,0.8533131003594374
25741,LOF,0.016334667074584926,0.1213355467773616,0.8623297861480536
25742,LOF,0.1366799712602694,0.08828708747130011,0.7750329412684305
25743,LOF,0.03355564104898002,0.04266818056558942,0.9237761783854306
25744,Neutral,0.5696560087796761,0.2056692381814195,0.22467475303890438
25745,LOF,0.07578018747758498,0.06820801963215736,0.8560117928902576
25746,LOF,0.04035679773321666,0.08275903753080927,0.8768841647359741
25747,LOF,0.02260241329040899,0.058668086591282885,0.918729500118308
25748,LOF,0.08500482613105706,0.08450969966708566,0.8304854742018573
25749,LOF,0.0255283492859132,0.08202268779105093,0.8924489629230358
25750,LOF,0.07940483895354511,0.08820989427978315,0.8323852667666717
25751,LOF,0.0898139576730366,0.09921474139110294,0.8109713009358605
25752,GOF,0.12563605951947876,0.6544326701653861,0.21993127031513515
25753,LOF,0.01962685083521588,0.28454302314600377,0.6958301260187804
25754,GOF,0.011757567843886721,0.7969885539409018,0.1912538782152113
25755,LOF,0.022652801587083313,0.41462953477423126,0.5627176636386855
25756,LOF,0.04341121185592736,0.38174405405658024,0.5748447340874924
25757,GOF,0.012898164466512485,0.8350379520285189,0.15206388350496863
25758,GOF,0.02975187290272329,0.804327675434479,0.1659204516627978
25759,GOF,0.01137479731756435,0.5687629829650186,0.419862219717417
25760,LOF,0.011802340942934133,0.2662064318924726,0.7219912271645933
25761,GOF,0.252581683716176,0.6622886693500943,0.08512964693372961
25762,LOF,0.03640996148720519,0.2753780765332821,0.6882119619795127
25763,LOF,0.013637897187085291,0.20793100910733164,0.778431093705583
25764,GOF,0.07932903278808077,0.6233462548160775,0.2973247123958416
25765,GOF,0.03780316391825305,0.7579854426830497,0.20421139339869734
25766,GOF,0.058194472630031545,0.7639671683830221,0.17783835898694628
25767,GOF,0.15377049178886598,0.5810438556622263,0.26518565254890775
25768,LOF,0.11828261508835339,0.07112413826387286,0.8105932466477739
25769,LOF,0.06231053603022042,0.06310130902406175,0.874588154945718
25770,LOF,0.3191093346073501,0.08970116998155027,0.5911894954110997
25771,LOF,0.041979669544875114,0.047307435416582944,0.9107128950385419
25772,LOF,0.019633245781969937,0.0376965383491655,0.9426702158688646
25773,LOF,0.04981744426986914,0.09551773223558638,0.8546648234945445
25774,LOF,0.02899472843848458,0.07307938523317332,0.8979258863283421
25775,LOF,0.049265334814912784,0.047464657059444006,0.9032700081256433
25776,LOF,0.08138946976222283,0.02415133973239513,0.8944591905053821
25777,LOF,0.3783857619945194,0.0570833748393931,0.5645308631660875
25778,LOF,0.07853621242582966,0.04703901408615244,0.874424773488018
25779,GOF,0.37471013126623276,0.5791301097460458,0.04615975898772136
25780,GOF,0.3107444115636648,0.6171353825400743,0.07212020589626097
25781,GOF,0.14950916499407355,0.7444226139403552,0.10606822106557112
25782,GOF,0.22175651258205697,0.7048644102937136,0.0733790771242294
25783,GOF,0.022229984984457052,0.622642441931745,0.35512757308379794
25784,Neutral,0.5084654997378438,0.44748175531819856,0.04405274494395764
25785,GOF,0.47281940865072913,0.4856520190278341,0.04152857232143675
25786,GOF,0.027573047946056205,0.7423426882229789,0.23008426383096486
25787,Neutral,0.6359541389710808,0.3390934473605334,0.02495241366838581
25788,LOF,0.060495286360907764,0.1179766030091758,0.8215281106299164
25789,GOF,0.21685947606472253,0.6611622948835968,0.12197822905168061
25790,GOF,0.22022599681302596,0.679095091746324,0.10067891144065011
25791,GOF,0.1826449795914486,0.6671608196761624,0.15019420073238898
25792,GOF,0.37615831546507134,0.5101936193572777,0.11364806517765098
25793,GOF,0.22700310440195742,0.5624570509428334,0.2105398446552091
25794,GOF,0.2719350056781248,0.5492479346246254,0.1788170596972498
25795,GOF,0.08351527688766643,0.6865176333723527,0.22996708973998084
25796,Neutral,0.5681719454645467,0.3564833131200099,0.07534474141544346
25797,GOF,0.08522966139457408,0.5613749559018114,0.3533953827036145
25798,GOF,0.008840419979792253,0.5116642023284894,0.47949537769171835
25799,LOF,0.007006956256276555,0.38732628719523654,0.6056667565484869
25800,GOF,0.0321130782856533,0.5912856638467129,0.37660125786763377
25801,GOF,0.2265440522068874,0.6420357921562763,0.1314201556368364
25802,GOF,0.07876886103838888,0.688322067639916,0.23290907132169508
25803,GOF,0.03504505058730118,0.5948739147733338,0.3700810346393649
25804,GOF,0.031572913204969494,0.4980064094881487,0.47042067730688175
25805,GOF,0.09832890135904383,0.5993340422639761,0.30233705637698
25806,GOF,0.10070770930863958,0.6096049111560303,0.2896873795353301
25807,GOF,0.018618955323885494,0.6273150671116644,0.35406597756445
25808,GOF,0.08335607029216663,0.6320211293674557,0.28462280034037757
25809,GOF,0.01930647510831036,0.6050390472592955,0.3756544776323943
25810,GOF,0.01707880139892673,0.6358530189640733,0.34706817963700004
25811,GOF,0.4552155195030557,0.4618222280307167,0.08296225246622764
25812,GOF,0.03133093321536722,0.6424467660453328,0.3262223007393001
25813,Neutral,0.5126916087072749,0.3952392594664016,0.09206913182632354
25814,GOF,0.12549121711719124,0.6664730889418929,0.2080356939409159
25815,GOF,0.19084060442418135,0.6413483632457307,0.16781103233008782
25816,GOF,0.02163377901978784,0.7094245440491449,0.26894167693106724
25817,GOF,0.2311784978576375,0.6558302995935941,0.11299120254876847
25818,GOF,0.04805856630075074,0.6472989114407373,0.304642522258512
25819,GOF,0.34285630713009035,0.5143990161988312,0.14274467667107843
25820,GOF,0.17320404900989042,0.6207831344744684,0.20601281651564116
25821,GOF,0.053877469199559026,0.6781294903600601,0.2679930404403809
25822,GOF,0.19707946364438625,0.594453182677229,0.20846735367838476
25823,GOF,0.032825846326894406,0.5268114847293788,0.4403626689437268
25824,GOF,0.08575960861675075,0.5923292965124163,0.3219110948708329
25825,GOF,0.034616658127577186,0.5812117241443412,0.3841716177280816
25826,GOF,0.013733720050319387,0.5484593302551641,0.4378069496945164
25827,GOF,0.022692793122509342,0.6027704747967997,0.37453673208069094
25828,GOF,0.012608027508886701,0.5178733181559774,0.4695186543351359
25829,GOF,0.0057783719087036636,0.5819738941370809,0.4122477339542153
25830,LOF,0.03307344766259101,0.3257283787899861,0.6411981735474229
25831,GOF,0.23958959081457637,0.6287126221432405,0.13169778704218316
25832,GOF,0.03338130964559754,0.6659239088579324,0.30069478149646994
25833,GOF,0.12123056640016486,0.6963293926044906,0.18244004099534453
25834,GOF,0.036003521210385456,0.6742081258966792,0.28978835289293525
25835,GOF,0.0759748329758343,0.734832686560305,0.1891924804638606
25836,GOF,0.037361413643471134,0.6777406945138492,0.2848978918426797
25837,GOF,0.025358745886027535,0.573992192363138,0.4006490617508345
25838,GOF,0.08938489123688151,0.7660262310523941,0.14458887771072443
25839,GOF,0.29776896043583095,0.5660956369761799,0.136135402587989
25840,GOF,0.22425408947397,0.6031046985215115,0.17264121200451849
25841,GOF,0.22574860991336082,0.6171365071092942,0.15711488297734497
25842,GOF,0.18198994653991532,0.6837975845440583,0.13421246891602642
25843,GOF,0.23959547063386827,0.6628845195584394,0.09752000980769229
25844,GOF,0.06861954032974683,0.7049492632344283,0.2264311964358248
25845,LOF,0.015926546526416036,0.4616452331126646,0.5224282203609194
25846,GOF,0.14532352297291776,0.6986194037936468,0.15605707323343532
25847,GOF,0.10589903778165333,0.783188753599966,0.1109122086183807
25848,GOF,0.04251170607397655,0.6938729516612023,0.26361534226482125
25849,GOF,0.01193472819753858,0.580431769648432,0.40763350215402927
25850,GOF,0.021693800022036597,0.673754610355482,0.30455158962248136
25851,GOF,0.01850397962898548,0.5552728442369551,0.4262231761340593
25852,GOF,0.170735708049971,0.5676909282720977,0.2615733636779313
25853,GOF,0.3547933596103479,0.574587470472564,0.07061916991708816
25854,GOF,0.022187401696525746,0.6131056973858818,0.36470690091759245
25855,GOF,0.03574824321163757,0.5747882623171078,0.3894634944712548
25856,GOF,0.2396466625367731,0.5567824364976491,0.2035709009655778
25857,GOF,0.034616342442419325,0.4923410175630975,0.47304263999448304
25858,GOF,0.021685883247479564,0.5543522984077001,0.4239618183448203
25859,GOF,0.010995958234846564,0.5274224481027088,0.46158159366244467
25860,GOF,0.3575081114530238,0.568197482597777,0.07429440594919923
25861,GOF,0.4271998055483885,0.493275954997874,0.07952423945373742
25862,GOF,0.09182293358416568,0.7785687916793622,0.12960827473647205
25863,GOF,0.09144241526966504,0.7771369279252229,0.13142065680511195
25864,GOF,0.20101019381804722,0.7223310263284846,0.07665877985346828
25865,GOF,0.08795557458849211,0.7946918390521943,0.11735258635931348
25866,GOF,0.06774745488823253,0.7866379936886598,0.14561455142310772
25867,GOF,0.08777782165679657,0.8033789819332942,0.10884319640990928
25868,GOF,0.24485192481371873,0.6489944819113523,0.10615359327492908
25869,Neutral,0.7075015249588383,0.2553406923017438,0.0371577827394179
25870,GOF,0.27614673946031776,0.38416771647109343,0.3396855440685887
25871,GOF,0.2222338366176065,0.6124362768554752,0.16532988652691824
25872,GOF,0.07589690907340081,0.652877421068655,0.2712256698579443
25873,GOF,0.11531998748380926,0.6917285415853093,0.19295147093088152
25874,LOF,0.016416457017939937,0.13587074920812514,0.8477127937739349
25875,LOF,0.11059400954575524,0.02707278095698505,0.8623332094972598
25876,LOF,0.0334608962722504,0.02896694680789207,0.9375721569198575
25877,Neutral,0.49171914722446375,0.03471133055414584,0.4735695222213904
25878,LOF,0.2163969424952578,0.05958844368235263,0.7240146138223895
25879,LOF,0.10849224888853468,0.0585505473599772,0.8329572037514882
25880,LOF,0.02382729244379217,0.013871499193915249,0.9623012083622926
25881,LOF,0.1645327091158268,0.09920283936866733,0.7362644515155059
25882,LOF,0.06219106388885011,0.016214360919214174,0.9215945751919357
25883,LOF,0.08180803490089344,0.019326570841567046,0.8988653942575395
25884,LOF,0.0319602646407715,0.029884985265844884,0.9381547500933837
25885,LOF,0.062119346331460594,0.012426954165137765,0.9254536995034016
25886,LOF,0.25975289912718885,0.03426757685296323,0.7059795240198479
25887,LOF,0.15474801990404075,0.058792563248506916,0.7864594168474524
25888,LOF,0.07733309078371488,0.051668746374678,0.8709981628416071
25889,LOF,0.043274609514696465,0.02067361618542108,0.9360517742998825
25890,LOF,0.04509291712224863,0.15899746445720286,0.7959096184205485
25891,LOF,0.04007543130841496,0.058934695188320424,0.9009898735032646
25892,LOF,0.09590103009899703,0.021731178995203156,0.8823677909057999
25893,LOF,0.23799201747635362,0.018627836147469438,0.7433801463761769
25894,LOF,0.18430692104372884,0.010536489069704745,0.8051565898865665
25895,LOF,0.20115535559825432,0.019903454135685502,0.7789411902660601
25896,LOF,0.04679342927681544,0.020568299524848645,0.932638271198336
25897,LOF,0.2775015779407661,0.011039059263927292,0.7114593627953065
25898,Neutral,0.6944798901328791,0.009201359684125318,0.2963187501829954
25899,LOF,0.18634202378634132,0.019855627301215466,0.7938023489124432
25900,LOF,0.40921771042354577,0.014216266342860091,0.5765660232335942
25901,LOF,0.046328848457607465,0.01151097996425582,0.9421601715781367
25902,LOF,0.16283494043521732,0.011610661996640763,0.825554397568142
25903,Neutral,0.5795457460769907,0.025938331256737356,0.3945159226662718
25904,LOF,0.2386584661401386,0.04502145069495911,0.7163200831649023
25905,LOF,0.02372191779239584,0.3778493031346303,0.5984287790729739
25906,LOF,0.03314760249708944,0.09172158926173984,0.8751308082411706
25907,LOF,0.015310464667188299,0.3787025421564963,0.6059869931763154
25908,LOF,0.010271596225319311,0.2847500514887208,0.70497835228596
25909,LOF,0.013863844198084377,0.15704981922801028,0.8290863365739054
25910,LOF,0.04708336640201985,0.13697172840640148,0.8159449051915786
25911,LOF,0.17419344797468217,0.019817069915806947,0.8059894821095109
25912,LOF,0.04975890013299884,0.03536589910998076,0.9148752007570204
25913,LOF,0.3037509898251631,0.016949707792566267,0.6792993023822705
25914,LOF,0.01976381712765099,0.07458612451276508,0.9056500583595839
25915,Neutral,0.54610549245422,0.21722655736650875,0.23666795017927117
25916,LOF,0.09259014163234415,0.24640563173510757,0.6610042266325483
25917,LOF,0.06846444577520171,0.055360545858477,0.8761750083663213
25918,LOF,0.024033900952521805,0.04860998072962989,0.9273561183178484
25919,LOF,0.021880382069281487,0.05492852492254756,0.9231910930081709
25920,GOF,0.09346540605922579,0.5267695689336529,0.37976502500712134
25921,LOF,0.021652916689870134,0.030093493767037023,0.9482535895430928
25922,LOF,0.03020687550396376,0.022667805102399095,0.9471253193936372
25923,LOF,0.4012340636393366,0.02663702738310254,0.5721289089775607
25924,LOF,0.03715498447695748,0.03794248211646122,0.9249025334065814
25925,LOF,0.06155137336757438,0.0320561505245769,0.9063924761078488
25926,LOF,0.04530630772236879,0.027420965294526124,0.927272726983105
25927,LOF,0.06318567364499564,0.09104785844583561,0.8457664679091688
25928,LOF,0.017455346695525276,0.044021470229058134,0.9385231830754166
25929,Neutral,0.5309210458252183,0.02886261311521949,0.44021634105956226
25930,LOF,0.04797664531224672,0.025900946925090325,0.9261224077626629
25931,LOF,0.023863578905149486,0.02529564929261328,0.9508407718022373
25932,LOF,0.024057025505122894,0.022730199525492094,0.953212774969385
25933,LOF,0.033468118097233795,0.016002696333840345,0.9505291855689258
25934,LOF,0.022963949253118673,0.01974879578711061,0.9572872549597707
25935,LOF,0.05274422468227496,0.03897428544633536,0.9082814898713897
25936,LOF,0.041506213533007964,0.020544819660705503,0.9379489668062865
25937,LOF,0.024130463166643617,0.03247631466708696,0.9433932221662693
25938,LOF,0.053749275893651915,0.04504402549996903,0.9012066986063791
25939,LOF,0.039511433213624055,0.016335309070863283,0.9441532577155127
25940,LOF,0.027074610453851615,0.40116303800138187,0.5717623515447665
25941,LOF,0.18887446414878253,0.09753879702295366,0.7135867388282638
25942,LOF,0.014994529349312643,0.035653925723740175,0.9493515449269473
25943,LOF,0.32033094432244097,0.05954418069955457,0.6201248749780044
25944,Neutral,0.5154619515856756,0.026146347618294777,0.45839170079602953
25945,LOF,0.06368335681467495,0.023099413231594385,0.9132172299537308
25946,LOF,0.02726584678732982,0.1336307053680455,0.8391034478446247
25947,LOF,0.10655751158392214,0.24006291720546685,0.653379571210611
25948,LOF,0.42170311574809105,0.008476446975192195,0.5698204372767167
25949,LOF,0.11021208007000516,0.03149878324520374,0.8582891366847911
25950,GOF,0.2867978247518472,0.38710491840974715,0.32609725683840574
25951,LOF,0.2311041321585426,0.20781937507176837,0.5610764927696891
25952,LOF,0.04429455240602532,0.41278854459721126,0.5429169029967634
25953,LOF,0.12547733243743736,0.09342562678324627,0.7810970407793163
25954,Neutral,0.4414756284977763,0.16324122831579338,0.3952831431864304
25955,LOF,0.06249268961331115,0.07833903183944997,0.8591682785472389
25956,LOF,0.16842070413639745,0.11439541360629624,0.7171838822573063
25957,LOF,0.03564808986342924,0.03265149141863894,0.9317004187179319
25958,LOF,0.060358674551749474,0.031347325803136115,0.9082939996451144
25959,LOF,0.06641716130321237,0.41925276901146163,0.514330069685326
25960,LOF,0.01762850193493022,0.05424517104508437,0.9281263270199854
25961,LOF,0.04960154910503789,0.0331564174245678,0.9172420334703942
25962,LOF,0.06085321563985748,0.026987041765224477,0.9121597425949179
25963,LOF,0.050317647059589944,0.18382741657179957,0.7658549363686105
25964,LOF,0.03855855250512373,0.16276314608320905,0.7986783014116672
25965,LOF,0.45174989601711507,0.08278739023996445,0.4654627137429206
25966,Neutral,0.5018373610076128,0.16906946129539827,0.329093177696989
25967,LOF,0.013198729489988166,0.10407349691937212,0.8827277735906397
25968,LOF,0.03171556197355398,0.4291046549182385,0.5391797831082075
25969,LOF,0.02867725983003937,0.06226851860304642,0.9090542215669142
25970,LOF,0.05765961172448292,0.06270786657404263,0.8796325217014744
25971,LOF,0.07184422658699842,0.017416416364602096,0.9107393570483996
25972,LOF,0.07294111859809928,0.024956990103158744,0.9021018912987419
25973,LOF,0.07419049808913024,0.0111584315347438,0.9146510703761259
25974,LOF,0.22314914304427114,0.018984869238911788,0.757865987716817
25975,LOF,0.0439057564216547,0.037408697015663524,0.9186855465626818
25976,LOF,0.04153649032635447,0.01800911492223553,0.9404543947514099
25977,LOF,0.14685726300414018,0.10013913034593129,0.7530036066499285
25978,LOF,0.1447916062826679,0.059675824332981915,0.7955325693843502
25979,LOF,0.13960839992085178,0.06185558567677756,0.7985360144023707
25980,LOF,0.22268084798686502,0.07754994473356946,0.6997692072795655
25981,LOF,0.25968037758780826,0.075388808292106,0.6649308141200857
25982,LOF,0.40082013324746985,0.05158389233446913,0.547595974418061
25983,LOF,0.40441127461405174,0.05828166357526779,0.5373070618106804
25984,LOF,0.053459352034292355,0.043523291967113756,0.903017355998594
25985,LOF,0.03353285903021347,0.21344940030476398,0.7530177406650225
25986,LOF,0.03905864180761428,0.26137581205343263,0.6995655461389529
25987,LOF,0.08161821445534724,0.06382568592475737,0.8545560996198953
25988,LOF,0.15272721054631846,0.048468211098329765,0.7988045783553518
25989,LOF,0.030899226342102678,0.09048547748988571,0.8786152961680116
25990,LOF,0.041521913383687596,0.10781435024858037,0.850663736367732
25991,LOF,0.13130035030933632,0.3192556207949535,0.5494440288957101
25992,LOF,0.33642576390247086,0.16463770300559546,0.4989365330919336
25993,LOF,0.023399314678019048,0.08241066937311924,0.8941900159488617
25994,LOF,0.017470248207525376,0.11493009342361406,0.8675996583688605
25995,LOF,0.02570774019726508,0.22813283169664253,0.7461594281060925
25996,GOF,0.30272939988397546,0.47584769055032344,0.22142290956570115
25997,LOF,0.08396900760909791,0.44798824157073514,0.46804275082016683
25998,Neutral,0.531274524537828,0.022056320910008996,0.4466691545521631
25999,LOF,0.11129460209060994,0.11093576481806078,0.7777696330913293
26000,LOF,0.1687043145692321,0.05630717262735139,0.7749885128034165
26001,LOF,0.17963485071750654,0.05788022558698983,0.7624849236955037
26002,LOF,0.13467127352162103,0.05282025659420836,0.8125084698841706
26003,GOF,0.00958716123916861,0.6258144516065454,0.3645983871542861
26004,GOF,0.018217040907393425,0.6729359591628465,0.3088469999297601
26005,LOF,0.007351587551899176,0.47874830538395097,0.5139001070641499
26006,Neutral,0.5201172207031354,0.28122182019394526,0.19866095910291925
26007,GOF,0.018929311873483613,0.5893159233754405,0.39175476475107596
26008,GOF,0.01414008471483005,0.6734468729135387,0.3124130423716313
26009,GOF,0.019183650715107553,0.6905258210950058,0.2902905281898866
26010,GOF,0.02166169056614461,0.6831363729835178,0.2952019364503376
26011,GOF,0.0059842623014916985,0.5034978817575317,0.4905178559409765
26012,GOF,0.011723063161929802,0.6155150474318433,0.37276188940622695
26013,GOF,0.01618349972519665,0.6535435797805305,0.3302729204942728
26014,LOF,0.04525054832013101,0.08998942644586394,0.8647600252340051
26015,LOF,0.1906421179085652,0.00827566761855718,0.8010822144728775
26016,LOF,0.21810582162719513,0.0439650928977694,0.7379290854750356
26017,LOF,0.25110471933253975,0.07146224025892607,0.677433040408534
26018,LOF,0.08583395946855235,0.021882900577558203,0.8922831399538894
26019,LOF,0.08311650219286072,0.01755998582515038,0.899323511981989
26020,LOF,0.0699548152913307,0.08366571092477836,0.846379473783891
26021,LOF,0.048034706636053116,0.08882502998589302,0.8631402633780538
26022,LOF,0.01089651954447694,0.029668028684263895,0.9594354517712592
26023,LOF,0.1054337782641277,0.015542006354266922,0.8790242153816055
26024,LOF,0.03306851083652705,0.09596090211350014,0.8709705870499729
26025,LOF,0.15393032214087035,0.0691008600897823,0.7769688177693473
26026,LOF,0.3293565934904125,0.02492419578827,0.6457192107213174
26027,LOF,0.07808628854046482,0.011925286428385768,0.9099884250311493
26028,LOF,0.17125942229577115,0.061946681597204026,0.7667938961070249
26029,LOF,0.06468971518211453,0.20846218952820048,0.726848095289685
26030,LOF,0.023878017519983242,0.06259958534653293,0.9135223971334837
26031,LOF,0.024891226640283187,0.14841829639013723,0.8266904769695795
26032,LOF,0.06469745725554867,0.0739038124575624,0.8613987302868891
26033,LOF,0.11994623527424436,0.08644998995473249,0.7936037747710232
26034,LOF,0.0414801126701855,0.1762480157909712,0.7822718715388433
26035,LOF,0.024239261455631798,0.1620723928355515,0.8136883457088167
26036,LOF,0.036555876525133105,0.19323214805211147,0.7702119754227554
26037,LOF,0.020698411288177728,0.1322256404297007,0.8470759482821215
26038,LOF,0.059995807242323576,0.07564534383336165,0.8643588489243148
26039,LOF,0.0457783441598099,0.16649885549760976,0.7877228003425804
26040,LOF,0.19714330837063174,0.14667285502902466,0.6561838366003435
26041,LOF,0.021700199068113244,0.12768275040193752,0.8506170505299493
26042,LOF,0.02012628111717983,0.12141902632617346,0.8584546925566466
26043,LOF,0.06013121666462627,0.08738942310168094,0.8524793602336929
26044,LOF,0.020701214805058567,0.08119195867067619,0.8981068265242653
26045,LOF,0.06782809470738985,0.11516026790891268,0.8170116373836974
26046,LOF,0.061346333642077734,0.085897616315799,0.8527560500421232
26047,LOF,0.08390264646212514,0.08977541477264325,0.8263219387652316
26048,LOF,0.05024094643534231,0.0488150264044388,0.9009440271602188
26049,Neutral,0.9609254914739414,0.007835730766263415,0.031238777759795198
26050,Neutral,0.9461983520877969,0.009768107291445597,0.0440335406207576
26051,LOF,0.05466497645797057,0.258963623902853,0.6863713996391764
26052,LOF,0.08727500016137493,0.30355802002866356,0.6091669798099616
26053,LOF,0.050875476768375595,0.15239927469328315,0.7967252485383411
26054,LOF,0.05528766743930372,0.017094178330061535,0.9276181542306349
26055,LOF,0.07731907669638258,0.01461020213448707,0.9080707211691303
26056,LOF,0.06396233208095503,0.016210896423985034,0.91982677149506
26057,LOF,0.02983595872534313,0.011108790532157336,0.9590552507424996
26058,LOF,0.030868503540926705,0.009135716181155405,0.9599957802779179
26059,LOF,0.2845542798077874,0.021780739007300147,0.6936649811849124
26060,LOF,0.03718623642842696,0.15970395592495598,0.8031098076466171
26061,LOF,0.019006916982080107,0.010060079193901728,0.970933003824018
26062,LOF,0.011044619136640465,0.016835616102887318,0.9721197647604721
26063,LOF,0.022891147115096634,0.010816266512696357,0.9662925863722069
26064,LOF,0.022454432672327978,0.019029601098666946,0.9585159662290051
26065,LOF,0.024920222267763626,0.009707799859185602,0.9653719778730508
26066,LOF,0.022121524998654322,0.010439867912275585,0.96743860708907
26067,LOF,0.028808016576482416,0.00835404586797382,0.9628379375555437
26068,LOF,0.04563160241741349,0.02869237471240496,0.9256760228701816
26069,LOF,0.2616361217451065,0.01954534763289615,0.7188185306219974
26070,LOF,0.39091677451412365,0.01637165268232599,0.5927115728035504
26071,LOF,0.023882002631973712,0.01143148775988086,0.9646865096081455
26072,LOF,0.022073299428115707,0.015634095476175523,0.9622926050957088
26073,LOF,0.025056454886195654,0.010254300720601723,0.9646892443932027
26074,Neutral,0.9110414939434437,0.005287857138220055,0.08367064891833625
26075,LOF,0.04443918301489913,0.014611915722867755,0.9409489012622332
26076,LOF,0.0471935817705955,0.008729539005925237,0.9440768792234792
26077,LOF,0.010773009130473875,0.01714698352075662,0.9720800073487694
26078,LOF,0.013820332181932894,0.011159846159352657,0.9750198216587144
26079,LOF,0.05906557556357749,0.01714174230899014,0.9237926821274324
26080,LOF,0.05769409957463546,0.017178631425828178,0.9251272689995363
26081,LOF,0.03769848172726262,0.006197830470248657,0.9561036878024887
26082,LOF,0.013587151319490207,0.015576310365678482,0.9708365383148313
26083,LOF,0.13447763075586944,0.012861651692706966,0.8526607175514236
26084,LOF,0.02951499396260528,0.011479599684626222,0.9590054063527684
26085,LOF,0.025651664435500383,0.010963409304742204,0.9633849262597575
26086,LOF,0.024790169604745498,0.01087647506580107,0.9643333553294535
26087,LOF,0.028815491698209152,0.007928173412427011,0.9632563348893639
26088,LOF,0.016099072750429728,0.023523002956774678,0.9603779242927956
26089,LOF,0.04488020739694468,0.021676475739359415,0.933443316863696
26090,LOF,0.04398057152565278,0.01748365332377693,0.9385357751505703
26091,LOF,0.04056257931522442,0.005857354674689017,0.9535800660100866
26092,LOF,0.026620793385835517,0.008027984826595827,0.9653512217875686
26093,LOF,0.04038401399404521,0.005863845301482687,0.953752140704472
26094,LOF,0.04369737359469185,0.006049664568478104,0.9502529618368301
26095,LOF,0.04500233689187192,0.012229224485218492,0.9427684386229095
26096,LOF,0.01901609875161603,0.01223203301061114,0.9687518682377728
26097,LOF,0.012477972878327057,0.03499975821268588,0.9525222689089871
26098,LOF,0.07568085718582683,0.010269451796783846,0.9140496910173893
26099,LOF,0.025908403977009213,0.011682997167084787,0.962408598855906
26100,LOF,0.028635702091354458,0.011423335405974752,0.9599409625026707
26101,LOF,0.05851396387589647,0.014833871750636654,0.9266521643734669
26102,LOF,0.02431640198630613,0.012395104579499508,0.9632884934341943
26103,Neutral,0.8877836782608203,0.017641786292793404,0.09457453544638633
26104,LOF,0.07777930149670255,0.02436823927728233,0.8978524592260151
26105,LOF,0.2142298905870918,0.3299352793103083,0.4558348301025998
26106,LOF,0.20890975198228878,0.13685493619455402,0.6542353118231571
26107,LOF,0.23923375483823286,0.10101523488335593,0.6597510102784112
26108,LOF,0.2504469607772413,0.1188179338402347,0.630735105382524
26109,LOF,0.09630877538333062,0.05957608126843485,0.8441151433482346
26110,LOF,0.25796947942945764,0.008323727920808809,0.7337067926497335
26111,Neutral,0.49306037104783473,0.02263426813441047,0.4843053608177548
26112,LOF,0.034451333604697265,0.007844142107968629,0.9577045242873342
26113,LOF,0.05284247423909914,0.01708268747437169,0.9300748382865291
26114,LOF,0.025536969859483345,0.022846092970942228,0.9516169371695745
26115,LOF,0.08733726983974034,0.045270388279104325,0.8673923418811554
26116,LOF,0.06002685651053741,0.04914546004423682,0.8908276834452258
26117,LOF,0.43131053328851615,0.0438651700633871,0.5248242966480968
26118,LOF,0.0365223788056894,0.026622718807263548,0.936854902387047
26119,LOF,0.024023799283612243,0.03305983684809592,0.9429163638682919
26120,LOF,0.02981647368296307,0.021704701717118174,0.9484788245999188
26121,LOF,0.042097261357862396,0.08004198347707824,0.8778607551650595
26122,LOF,0.045589956936171835,0.033108882624628994,0.9213011604391992
