feature0,prediction,LoGoFunc_Neutral,LoGoFunc_GOF,LoGoFunc_LOF
25546,Neutral,0.5823096589787626,0.10658503774300572,0.31110530327823166
25547,Neutral,0.44900541756029716,0.1476079464347148,0.40338663600498803
25548,LOF,0.3503695556286629,0.1928492888417335,0.4567811555296035
25549,LOF,0.31647065739089664,0.24348052242260196,0.4400488201865013
25550,LOF,0.30678046602584025,0.06830786149620482,0.624911672477955
25551,LOF,0.24230465882387897,0.10298765881275501,0.6547076823633661
25552,LOF,0.24168155021520385,0.0739020554409891,0.6844163943438071
25553,Neutral,0.7898657743334146,0.07388174150567954,0.13625248416090566
25554,LOF,0.25077315933095434,0.06449591782479054,0.6847309228442551
25555,LOF,0.25692285126670544,0.06402805087593641,0.679049097857358
25556,LOF,0.39062092016582767,0.050402922545583914,0.5589761572885884
25557,LOF,0.272558242129111,0.08508269826544548,0.6423590596054436
25558,LOF,0.27014234591916597,0.08846688096901775,0.6413907731118162
25559,LOF,0.3115276749847542,0.0426925609096545,0.6457797641055912
25560,LOF,0.04728781645520395,0.40271622153087544,0.5499959620139205
25561,LOF,0.04539032193881883,0.4053510553302259,0.5492586227309553
25562,LOF,0.038358353515189236,0.2474242637595932,0.7142173827252176
25563,LOF,0.024003249997970356,0.32548274824043477,0.6505140017615948
25564,LOF,0.05308991599763123,0.175601354850651,0.7713087291517177
25565,LOF,0.2898082016743648,0.09824082493314913,0.6119509733924862
25566,GOF,0.0900847390627625,0.7589074374114063,0.1510078235258311
25567,LOF,0.031913790748223515,0.09514172032743533,0.8729444889243412
25568,LOF,0.06773830407197748,0.046370886250452555,0.88589080967757
25569,LOF,0.058799418859577,0.0618512648657234,0.8793493162746996
25570,LOF,0.05308991599763123,0.175601354850651,0.7713087291517177
25571,LOF,0.05308991599763123,0.175601354850651,0.7713087291517177
25572,LOF,0.05145843493672603,0.15295568789185712,0.7955858771714168
25573,LOF,0.19402807052457288,0.23634444790741188,0.5696274815680152
25574,GOF,0.12619627759853977,0.7347276080226929,0.1390761143787674
25575,LOF,0.05308991599763123,0.175601354850651,0.7713087291517177
25576,LOF,0.020313955382810004,0.21649193899844807,0.7631941056187419
25577,LOF,0.023740998050146418,0.10639387731795007,0.8698651246319036
25578,LOF,0.09697235327134654,0.34031494708990256,0.5627126996387509
25579,LOF,0.08454032042431839,0.32327820194933143,0.5921814776263503
25580,LOF,0.05308991599763123,0.175601354850651,0.7713087291517177
25581,LOF,0.06633952469901083,0.06302973907840621,0.8706307362225829
25582,LOF,0.06633952469901083,0.06302973907840621,0.8706307362225829
25583,LOF,0.05308991599763123,0.175601354850651,0.7713087291517177
25584,Neutral,0.7601274179279489,0.02870902717767943,0.2111635548943716
25585,LOF,0.03618963995754641,0.14423732621710986,0.8195730338253436
25586,LOF,0.05308991599763123,0.175601354850651,0.7713087291517177
25587,LOF,0.05308991599763123,0.175601354850651,0.7713087291517177
25588,LOF,0.05308991599763123,0.175601354850651,0.7713087291517177
25589,Neutral,0.4993872956785919,0.32617411432439924,0.17443858999700873
25590,LOF,0.05319842149622813,0.1789334821026333,0.7678680964011386
25591,LOF,0.07597381338153858,0.062036493542578876,0.8619896930758825
25592,GOF,0.21720638728937533,0.4890405296257901,0.2937530830848346
25593,GOF,0.07418868266905312,0.6739393797426226,0.2518719375883242
25594,LOF,0.04851485225381836,0.16245405008437977,0.7890310976618018
25595,LOF,0.05248759370258279,0.12642840438334235,0.8210840019140749
25596,LOF,0.1248867209017198,0.04437682735690833,0.8307364517413719
25597,LOF,0.12724841345103513,0.05507594814053943,0.8176756384084254
25598,LOF,0.04406510270397279,0.11491038515412644,0.8410245121419009
25599,GOF,0.014444744065196323,0.5968256520911677,0.3887296038436361
25600,GOF,0.10935806483917566,0.6941067001455773,0.1965352350152471
25601,GOF,0.023390952418465418,0.6095900912782463,0.36701895630328846
25602,LOF,0.08938963054163869,0.10779284243264962,0.8028175270257116
25603,LOF,0.05308991599763123,0.175601354850651,0.7713087291517177
25604,LOF,0.10550340354588653,0.17746323346860188,0.7170333629855115
25605,LOF,0.2096666137808858,0.25797984671708873,0.5323535395020255
25606,Neutral,0.6290156130013743,0.08542858068832108,0.2855558063103044
25607,LOF,0.048114754220942156,0.18251780493535452,0.7693674408437033
25608,LOF,0.044910468821683744,0.13574413804915403,0.8193453931291623
25609,GOF,0.056884701388813075,0.8119396450191388,0.13117565359204814
25610,LOF,0.05308991599763123,0.175601354850651,0.7713087291517177
25611,LOF,0.05308991599763123,0.175601354850651,0.7713087291517177
25612,LOF,0.08847126525169163,0.039756348240024345,0.8717723865082839
25613,LOF,0.1004744624552522,0.03550421811808048,0.8640213194266673
25614,LOF,0.05308991599763123,0.175601354850651,0.7713087291517177
25615,LOF,0.0743942728951137,0.10307410039663192,0.8225316267082543
25616,LOF,0.05308991599763123,0.175601354850651,0.7713087291517177
25617,LOF,0.05308991599763123,0.175601354850651,0.7713087291517177
25618,GOF,0.11117860659729797,0.45467682152585326,0.4341445718768488
25619,LOF,0.05308991599763123,0.175601354850651,0.7713087291517177
25620,LOF,0.05308991599763123,0.175601354850651,0.7713087291517177
25621,LOF,0.07136537306096578,0.12288334731087451,0.8057512796281597
25622,LOF,0.07328837726833468,0.1125008982574693,0.814210724474196
25623,LOF,0.10016940686939226,0.05386957771291997,0.8459610154176878
25624,LOF,0.05308991599763123,0.175601354850651,0.7713087291517177
25625,LOF,0.08752517637188877,0.04519035442587817,0.8672844692022331
25626,LOF,0.06709523230328154,0.043605360592175575,0.8892994071045429
25627,Neutral,0.829088132093752,0.08472036179078987,0.086191506115458
25628,LOF,0.11855178390535163,0.33118131329358164,0.5502669028010668
25629,LOF,0.050714853055463804,0.1521879525723895,0.7970971943721467
25630,Neutral,0.43699177573408543,0.14652530763523858,0.41648291663067594
25631,LOF,0.29524238813806963,0.29969321739303273,0.40506439446889764
25632,LOF,0.022485898780962407,0.13019518700306207,0.8473189142159755
25633,LOF,0.05308991599763123,0.175601354850651,0.7713087291517177
25634,LOF,0.07426732535918898,0.04486133457378002,0.880871340067031
25635,LOF,0.05308991599763123,0.175601354850651,0.7713087291517177
25636,GOF,0.02083190964151426,0.7037453422440716,0.27542274811441414
25637,GOF,0.01901455673204089,0.7495899623942512,0.23139548087370776
25638,GOF,0.010338652023179238,0.7424244960263735,0.24723685195044726
25639,GOF,0.020979494499639373,0.7173230582526193,0.2616974472477413
25640,Neutral,0.7206608276344867,0.16629933759704044,0.11303983476847278
25641,GOF,0.08070986162420817,0.7426396672271389,0.17665047114865304
25642,LOF,0.09583358862237652,0.29161239162001745,0.612554019757606
25643,LOF,0.2728764957277102,0.2355629495784849,0.4915605546938049
25644,GOF,0.019684113094998616,0.4966995668657692,0.4836163200392322
25645,GOF,0.01687417320965275,0.6117312121565899,0.37139461463375734
25646,GOF,0.03352470750038337,0.4884485695877927,0.47802672291182385
25647,LOF,0.015747527297704417,0.4142886554823211,0.5699638172199745
25648,LOF,0.015596313275023773,0.4363583107048304,0.5480453760201458
25649,LOF,0.014822548694602368,0.21659116676325757,0.7685862845421401
25650,LOF,0.04330184541032313,0.4593944239308676,0.49730373065880945
25651,LOF,0.02097381477289668,0.32588382690573725,0.6531423583213661
25652,GOF,0.014294002918707653,0.543841917898655,0.44186407918263737
25653,GOF,0.04804691982708627,0.6628826416210041,0.28907043855190956
25654,GOF,0.012011479530515822,0.576223655041631,0.4117648654278531
25655,GOF,0.0420861549977824,0.7057187533126131,0.25219509168960447
25656,LOF,0.15241271589620684,0.28332063442044525,0.5642666496833479
25657,LOF,0.04782926238717243,0.09237026333805365,0.8598004742747739
25658,LOF,0.08129673959167535,0.31870255832138966,0.600000702086935
25659,GOF,0.3747267146220991,0.4202702378214715,0.20500304755642945
25660,LOF,0.05308991599763123,0.175601354850651,0.7713087291517177
25661,LOF,0.05308991599763123,0.175601354850651,0.7713087291517177
25662,LOF,0.05308991599763123,0.175601354850651,0.7713087291517177
25663,LOF,0.05308991599763123,0.175601354850651,0.7713087291517177
25664,LOF,0.07538869739543148,0.1707783565504592,0.7538329460541093
25665,LOF,0.06595518388998897,0.09471040723467569,0.8393344088753354
25666,LOF,0.07773930299525526,0.14565755879060316,0.7766031382141416
25667,LOF,0.05308991599763123,0.175601354850651,0.7713087291517177
25668,LOF,0.05308991599763123,0.175601354850651,0.7713087291517177
25669,LOF,0.05308991599763123,0.175601354850651,0.7713087291517177
25670,LOF,0.09972306012880702,0.09121143912265074,0.8090655007485423
25671,LOF,0.05308991599763123,0.175601354850651,0.7713087291517177
25672,LOF,0.056852011376880514,0.07249405192189212,0.8706539367012274
25673,LOF,0.07002188434938632,0.1394004251620204,0.7905776904885933
25674,LOF,0.059936300827861104,0.1610336476571402,0.7790300515149988
25675,LOF,0.06894209886151212,0.10067748984310307,0.8303804112953849
25676,LOF,0.05308991599763123,0.175601354850651,0.7713087291517177
25677,LOF,0.05308991599763123,0.175601354850651,0.7713087291517177
25678,LOF,0.09219825398269006,0.045617601072955816,0.8621841449443541
25679,LOF,0.13122258039816675,0.04859286952524867,0.8201845500765845
25680,LOF,0.05308991599763123,0.175601354850651,0.7713087291517177
25681,LOF,0.05308991599763123,0.175601354850651,0.7713087291517177
25682,LOF,0.05308991599763123,0.175601354850651,0.7713087291517177
25683,LOF,0.0963874625562403,0.04112502026667874,0.8624875171770808
25684,LOF,0.05308991599763123,0.175601354850651,0.7713087291517177
25685,LOF,0.049762002946122645,0.20842588729672382,0.7418121097571534
25686,LOF,0.02412194695809879,0.3163079332074727,0.6595701198344285
25687,GOF,0.03362230254829062,0.5272752844487966,0.43910241300291275
25688,LOF,0.22880529098870844,0.3349920670478914,0.43620264196340014
25689,LOF,0.11074537709558421,0.30724808145482013,0.5820065414495956
25690,LOF,0.1476231497008949,0.33192989139743806,0.520446958901667
25691,Neutral,0.6624578526352101,0.2035318904417543,0.13401025692303556
25692,LOF,0.17060556960327705,0.050170218121235115,0.7792242122754879
25693,GOF,0.05068051515928143,0.7722023891601465,0.17711709568057205
25694,LOF,0.21845322314073945,0.03700262525317689,0.7445441516060837
25695,LOF,0.13424358597503977,0.08172798184467447,0.7840284321802858
25696,LOF,0.09398716170024296,0.08597953054183553,0.8200333077579216
25697,LOF,0.08551882265778513,0.1771165446718196,0.7373646326703953
25698,LOF,0.0667164735455743,0.257249237463088,0.6760342889913378
25699,GOF,0.10435694689743337,0.5283736639280995,0.36726938917446716
25700,LOF,0.05308991599763123,0.175601354850651,0.7713087291517177
25701,GOF,0.07555766809497982,0.71093841327162,0.2135039186334002
25702,Neutral,0.3927633512802267,0.3060072380465111,0.30122941067326214
25703,LOF,0.03252833897869144,0.12016694225835946,0.8473047187629491
25704,LOF,0.05308991599763123,0.175601354850651,0.7713087291517177
25705,LOF,0.05308991599763123,0.175601354850651,0.7713087291517177
25706,GOF,0.09273186325861962,0.6233894938160175,0.28387864292536297
25707,GOF,0.07183462800082263,0.5337644737744007,0.3944008982247767
25708,LOF,0.027477578373895365,0.36353980297200705,0.6089826186540975
25709,LOF,0.05308991599763123,0.175601354850651,0.7713087291517177
25710,LOF,0.02132089544358842,0.33419033314373264,0.644488771412679
25711,LOF,0.05308991599763123,0.175601354850651,0.7713087291517177
25712,LOF,0.025432567707716625,0.30852784866895716,0.6660395836233262
25713,LOF,0.05308991599763123,0.175601354850651,0.7713087291517177
25714,LOF,0.05308991599763123,0.175601354850651,0.7713087291517177
25715,LOF,0.05308991599763123,0.175601354850651,0.7713087291517177
25716,LOF,0.0212244005354972,0.1263400066630402,0.8524355928014625
25717,LOF,0.018000785908564295,0.3894181957302021,0.5925810183612337
25718,LOF,0.05308991599763123,0.175601354850651,0.7713087291517177
25719,LOF,0.05308991599763123,0.175601354850651,0.7713087291517177
25720,LOF,0.05308991599763123,0.175601354850651,0.7713087291517177
25721,LOF,0.05308991599763123,0.175601354850651,0.7713087291517177
25722,LOF,0.05308991599763123,0.175601354850651,0.7713087291517177
25723,LOF,0.05308991599763123,0.175601354850651,0.7713087291517177
25724,LOF,0.15241271589620684,0.28332063442044525,0.5642666496833479
25725,LOF,0.05308991599763123,0.175601354850651,0.7713087291517177
25726,LOF,0.05308991599763123,0.175601354850651,0.7713087291517177
25727,LOF,0.05308991599763123,0.175601354850651,0.7713087291517177
25728,LOF,0.05308991599763123,0.175601354850651,0.7713087291517177
25729,LOF,0.05308991599763123,0.175601354850651,0.7713087291517177
25730,LOF,0.05308991599763123,0.175601354850651,0.7713087291517177
25731,LOF,0.022164462004399033,0.3530287399029408,0.6248067980926603
25732,LOF,0.05308991599763123,0.175601354850651,0.7713087291517177
25733,LOF,0.05308991599763123,0.175601354850651,0.7713087291517177
25734,LOF,0.028765479880701376,0.24516650581399574,0.7260680143053029
25735,LOF,0.05308991599763123,0.175601354850651,0.7713087291517177
25736,LOF,0.05308991599763123,0.175601354850651,0.7713087291517177
25737,LOF,0.05308991599763123,0.175601354850651,0.7713087291517177
25738,LOF,0.05308991599763123,0.175601354850651,0.7713087291517177
25739,LOF,0.05308991599763123,0.175601354850651,0.7713087291517177
25740,LOF,0.05308991599763123,0.175601354850651,0.7713087291517177
25741,LOF,0.05308991599763123,0.175601354850651,0.7713087291517177
25742,LOF,0.05308991599763123,0.175601354850651,0.7713087291517177
25743,LOF,0.024955394091937182,0.13414473493746537,0.8408998709705975
25744,Neutral,0.5123441451292622,0.14738459643189103,0.34027125843884676
25745,LOF,0.022423975829855544,0.4243988927846423,0.5531771313855022
25746,LOF,0.017260146406770288,0.41717580786819475,0.5655640457250349
25747,LOF,0.05308991599763123,0.175601354850651,0.7713087291517177
25748,LOF,0.08454032042431839,0.32327820194933143,0.5921814776263503
25749,LOF,0.020005954928594992,0.47680402178371073,0.5031900232876942
25750,LOF,0.018775450150304254,0.46161375801304677,0.5196107918366489
25751,LOF,0.05308991599763123,0.175601354850651,0.7713087291517177
25752,GOF,0.04407684211113605,0.7163412591252466,0.2395818987636173
25753,LOF,0.023898477632858916,0.21865166117587287,0.7574498611912682
25754,GOF,0.023044169363466028,0.8193034060042432,0.15765242463229087
25755,LOF,0.029463524541479286,0.22986199221890674,0.7406744832396139
25756,LOF,0.04225827736608264,0.3428721417054787,0.6148695809284387
25757,GOF,0.017309214918919413,0.8349989679072518,0.1476918171738288
25758,GOF,0.02549638965790371,0.7645459573071697,0.20995765303492664
25759,GOF,0.0174560535251169,0.5985510402451945,0.3839929062296886
25760,LOF,0.028910880154669277,0.32273417372303603,0.6483549461222947
25761,GOF,0.22183373269853685,0.6012581026663246,0.1769081646351386
25762,LOF,0.06268624699502406,0.1398101189020161,0.7975036341029599
25763,LOF,0.022838320899937432,0.21023139300948004,0.7669302860905824
25764,GOF,0.040061332376663775,0.8289758888724972,0.13096277875083906
25765,GOF,0.020750425673773238,0.6948081840966189,0.28444139022960785
25766,GOF,0.05918102086944093,0.7349816223119991,0.20583735681855989
25767,GOF,0.060263101934593624,0.7198783993782826,0.21985849868712376
25768,LOF,0.05308991599763123,0.175601354850651,0.7713087291517177
25769,LOF,0.05308991599763123,0.175601354850651,0.7713087291517177
25770,Neutral,0.6571700187032479,0.07239552469965899,0.27043445659709303
25771,LOF,0.0872063983694667,0.07702411719393257,0.8357694844366007
25772,LOF,0.05308991599763123,0.175601354850651,0.7713087291517177
25773,LOF,0.08621525112794198,0.15487893325761112,0.7589058156144468
25774,LOF,0.03972256939664408,0.10506017373856988,0.8552172568647861
25775,LOF,0.09209924260344354,0.09577533528032611,0.8121254221162303
25776,LOF,0.05308991599763123,0.175601354850651,0.7713087291517177
25777,LOF,0.17422375834767315,0.11220350378708187,0.713572737865245
25778,LOF,0.05308991599763123,0.175601354850651,0.7713087291517177
25779,GOF,0.39154866483277406,0.42417769506506564,0.18427364010216035
25780,Neutral,0.4442511653106817,0.40467815961646886,0.15107067507284938
25781,GOF,0.2646961284520434,0.5985188608794251,0.13678501066853158
25782,GOF,0.22640048440731628,0.5729126960161535,0.20068681957653028
25783,GOF,0.04595967245854563,0.684077334691444,0.2699629928500104
25784,Neutral,0.565616679658573,0.3268973590659236,0.10748596127550329
25785,Neutral,0.6196259100576685,0.2629603769429789,0.11741371299935242
25786,GOF,0.060033743971550445,0.771557552583159,0.1684087034452906
25787,Neutral,0.7747916537030365,0.1534607569778178,0.07174758931914582
25788,LOF,0.05308991599763123,0.175601354850651,0.7713087291517177
25789,GOF,0.16068811551261966,0.7106863189578667,0.12862556552951365
25790,GOF,0.20423919340052538,0.5810121283009065,0.21474867829856814
25791,GOF,0.1251581648764097,0.6883219157825247,0.1865199193410657
25792,GOF,0.24154625250045236,0.5670531158378722,0.19140063166167548
25793,Neutral,0.44892537919448,0.40319124422518166,0.14788337658033826
25794,GOF,0.16778637267552013,0.6522552398903646,0.1799583874341153
25795,GOF,0.05608524505673461,0.7492462180681434,0.19466853687512217
25796,GOF,0.3790015540036076,0.38418104084298527,0.23681740515340716
25797,GOF,0.13768064450956546,0.48793555738599953,0.374383798104435
25798,GOF,0.024205825847782,0.6634255371295982,0.3123686370226198
25799,GOF,0.02655952545582458,0.5254173206508617,0.4480231538933139
25800,GOF,0.06520712158860488,0.6993121890856088,0.23548068932578634
25801,GOF,0.19961837197696541,0.6183280343444261,0.18205359367860857
25802,GOF,0.119761786232486,0.6872648313136761,0.19297338245383786
25803,GOF,0.12834608614834428,0.6369925420971432,0.23466137175451252
25804,GOF,0.07731855134675694,0.6612511650870139,0.2614302835662292
25805,GOF,0.12440010368102446,0.7727012144739411,0.10289868184503437
25806,GOF,0.20704435720132597,0.6296407834967229,0.16331485930195108
25807,GOF,0.030415985863303463,0.6619742299892853,0.3076097841474111
25808,GOF,0.1405917035002357,0.7444865502827094,0.11492174621705485
25809,GOF,0.03342598736760706,0.6297839074041888,0.33679010522820413
25810,GOF,0.03596972985055632,0.742622291849595,0.2214079782998485
25811,Neutral,0.4655800868002161,0.3403605520607842,0.19405936113899971
25812,GOF,0.07557637279635115,0.7058630101479175,0.2185606170557312
25813,Neutral,0.5592490169370522,0.299117062918113,0.14163392014483475
25814,GOF,0.1026367308747558,0.7492252878368064,0.14813798128843764
25815,GOF,0.2166031664364758,0.5627770811126305,0.22061975245089366
25816,GOF,0.03314340307507587,0.7625825953569549,0.2042740015679691
25817,GOF,0.1645071689226562,0.6099759796465778,0.22551685143076594
25818,GOF,0.057370587733030456,0.6286217053392075,0.31400770692776214
25819,GOF,0.31919595611577706,0.42630116345220687,0.254502880432016
25820,GOF,0.15466734172173507,0.6156078851203075,0.22972477315795728
25821,GOF,0.05227932445792879,0.7468391351955443,0.2008815403465267
25822,GOF,0.22701421719861903,0.5921689906335381,0.18081679216784288
25823,GOF,0.05400397896339635,0.7137323997091097,0.23226362132749404
25824,GOF,0.07492609734645167,0.5207207341181964,0.40435316853535197
25825,GOF,0.04363380442631369,0.5482418335705063,0.40812436200318003
25826,GOF,0.016441872460146112,0.5937578337678419,0.38980029377201203
25827,GOF,0.03436508262451557,0.6784387664740795,0.28719615090140477
25828,GOF,0.027019023818781657,0.5847056553697585,0.3882753208114598
25829,GOF,0.016670226019632334,0.6163816950114307,0.36694807896893705
25830,GOF,0.11117860659729797,0.45467682152585326,0.4341445718768488
25831,GOF,0.20688406492941622,0.5716401941157059,0.22147574095487788
25832,GOF,0.04295702866879206,0.7318560001813929,0.22518697114981517
25833,GOF,0.11675481339490909,0.6613446369058316,0.22190054969925926
25834,GOF,0.04050608392735794,0.7439341580584774,0.21555975801416455
25835,GOF,0.14350952279552173,0.6114550044833811,0.2450354727210971
25836,GOF,0.04509321069833697,0.7801468790092716,0.1747599102923914
25837,GOF,0.028546961422925777,0.6884418905460468,0.28301114803102756
25838,GOF,0.12968527129606497,0.7302257251891242,0.14008900351481068
25839,GOF,0.2951011930728003,0.4983154770494865,0.20658332987771316
25840,GOF,0.18100744035907282,0.4800650863976718,0.3389274732432554
25841,GOF,0.22668985557219212,0.4438222854842364,0.3294878589435716
25842,GOF,0.18198459360228258,0.6308336846069726,0.18718172179074474
25843,GOF,0.22041806266676278,0.5384323315736691,0.24114960575956815
25844,GOF,0.07777898630560763,0.7306163142370542,0.19160469945733824
25845,GOF,0.020598525198026175,0.6168010456510499,0.36260042915092394
25846,GOF,0.1491877498376974,0.5731979589748561,0.2776142911874464
25847,GOF,0.08457120415841372,0.7995661226918863,0.11586267314969997
25848,GOF,0.06713560155441914,0.764892689772317,0.16797170867326394
25849,GOF,0.01973447640773651,0.7353469044444753,0.24491861914778812
25850,GOF,0.026004265724276356,0.7622015443418579,0.21179418993386567
25851,GOF,0.018580716251435016,0.733501889624928,0.24791739412363697
25852,GOF,0.26949932249150516,0.45316451993765416,0.2773361575708406
25853,GOF,0.23967719677756077,0.656763260491376,0.1035595427310631
25854,GOF,0.015515469068390268,0.7311619033117643,0.2533226276198455
25855,GOF,0.06297834674753601,0.4705446373399759,0.4664770159124881
25856,GOF,0.3351203842389077,0.37124222627185766,0.2936373894892347
25857,GOF,0.06826438838044369,0.6592921690349645,0.2724434425845919
25858,GOF,0.022271761743373884,0.7233668119657964,0.2543614262908298
25859,GOF,0.015751702546189482,0.677556999170662,0.3066912982831484
25860,GOF,0.3709475295555316,0.465793454174104,0.1632590162703643
25861,GOF,0.35353633250373984,0.47870250522560964,0.1677611622706505
25862,GOF,0.1036559097188831,0.7340737839071048,0.1622703063740121
25863,GOF,0.11941736548510395,0.6536125356716709,0.22697009884322503
25864,GOF,0.24072384060993784,0.521798704786988,0.23747745460307415
25865,GOF,0.09443381729195433,0.7502247028200395,0.15534147988800615
25866,GOF,0.09891334795233604,0.7305297699383011,0.17055688210936282
25867,GOF,0.12565944469568782,0.7540367120540804,0.12030384325023177
25868,GOF,0.17901542637991716,0.6281962346280897,0.19278833899199305
25869,Neutral,0.751865194396981,0.1805982786792735,0.0675365269237455
25870,GOF,0.21720638728937533,0.4890405296257901,0.2937530830848346
25871,GOF,0.052958540546891156,0.739513341559528,0.20752811789358097
25872,GOF,0.11989660345708357,0.6691566354143895,0.21094676112852687
25873,GOF,0.14406622504696345,0.5960533815506197,0.2598803934024169
25874,LOF,0.05308991599763123,0.175601354850651,0.7713087291517177
25875,GOF,0.04527227531632907,0.5231468090328917,0.4315809156507793
25876,LOF,0.032746761233863546,0.32645784538004113,0.6407953933860953
25877,GOF,0.3401234830210044,0.3995532284680743,0.2603232885109214
25878,GOF,0.0632076667230466,0.728619320166231,0.20817301311072248
25879,GOF,0.030190801529512784,0.7629803035629508,0.20682889490753642
25880,LOF,0.05308991599763123,0.175601354850651,0.7713087291517177
25881,GOF,0.28867794847020617,0.46231147318094845,0.24901057834884532
25882,LOF,0.08336537002908596,0.11871196409530273,0.7979226658756114
25883,LOF,0.05308991599763123,0.175601354850651,0.7713087291517177
25884,LOF,0.07394934095554026,0.20209028329616546,0.7239603757482943
25885,LOF,0.07480710290843932,0.0966733955606361,0.8285195015309246
25886,LOF,0.08454032042431839,0.32327820194933143,0.5921814776263503
25887,GOF,0.19572222708476353,0.42161822983329633,0.3826595430819402
25888,LOF,0.1761628587144173,0.24370569485732313,0.5801314464282595
25889,LOF,0.09591043051724867,0.10235021135843607,0.8017393581243152
25890,LOF,0.06253871660801623,0.20568458729093833,0.7317766961010455
25891,LOF,0.03874933884920804,0.12403627935625039,0.8372143817945417
25892,LOF,0.08351409690249004,0.20075279965207155,0.7157331034454384
25893,LOF,0.15750428634678795,0.18428753966860012,0.6582081739846118
25894,LOF,0.0910181409676293,0.16186429797407018,0.7471175610583005
25895,LOF,0.11356998003431519,0.12105626073741753,0.7653737592282673
25896,LOF,0.07542357772815787,0.08732754802386457,0.8372488742479774
25897,LOF,0.19252593315643646,0.13485149585766787,0.6726225709858957
25898,Neutral,0.5000456513471203,0.1334246704642243,0.36652967818865545
25899,LOF,0.09697235327134654,0.34031494708990256,0.5627126996387509
25900,Neutral,0.9225154985072669,0.014236893508896701,0.06324760798383633
25901,LOF,0.05308991599763123,0.175601354850651,0.7713087291517177
25902,LOF,0.08978100046523904,0.13987964770678005,0.7703393518279809
25903,LOF,0.3616225739074507,0.22365598623937416,0.4147214398531751
25904,LOF,0.17428124469192746,0.32008556079661443,0.505633194511458
25905,GOF,0.01650265265210537,0.6786713751774236,0.30482597217047097
25906,LOF,0.023308120037595418,0.08494007220913385,0.8917518077532707
25907,LOF,0.01232581085548673,0.4713748129517028,0.5162993761928104
25908,LOF,0.01692697589846589,0.3948054593950895,0.5882675647064447
25909,LOF,0.05308991599763123,0.175601354850651,0.7713087291517177
25910,LOF,0.025674274605390856,0.3208557865654637,0.6534699388291455
25911,LOF,0.05481260850913032,0.152022461940687,0.7931649295501826
25912,LOF,0.024378129112484884,0.2216182074155881,0.754003663471927
25913,LOF,0.08252791189443198,0.36785555057209207,0.5496165375334761
25914,LOF,0.05308991599763123,0.175601354850651,0.7713087291517177
25915,GOF,0.2715770119895393,0.600723271892129,0.12769971611833172
25916,GOF,0.04263923270263886,0.6435016706764087,0.3138590966209523
25917,LOF,0.0542046732846552,0.052181920060917625,0.8936134066544271
25918,LOF,0.05308991599763123,0.175601354850651,0.7713087291517177
25919,LOF,0.05308991599763123,0.175601354850651,0.7713087291517177
25920,GOF,0.050693183132965544,0.7942768021906034,0.15503001467643113
25921,LOF,0.031279569161033784,0.4040396424904143,0.564680788348552
25922,LOF,0.02763116842754415,0.42994011991570436,0.5424287116567515
25923,LOF,0.0876072602363439,0.31881088922264894,0.5935818505410071
25924,LOF,0.03997079965372459,0.14910400122877387,0.8109251991175015
25925,LOF,0.04038807943290579,0.18000263717497658,0.7796092833921177
25926,LOF,0.038444872805232004,0.12816192325225628,0.8333932039425117
25927,GOF,0.03347175272504594,0.6071091239653227,0.3594191233096312
25928,LOF,0.02301018810461497,0.16841948719985086,0.8085703246955342
25929,LOF,0.2797049495552553,0.29185900791957864,0.42843604252516604
25930,LOF,0.05308991599763123,0.175601354850651,0.7713087291517177
25931,LOF,0.026402724888341948,0.13372334626566912,0.839873928845989
25932,LOF,0.05308991599763123,0.175601354850651,0.7713087291517177
25933,LOF,0.05308991599763123,0.175601354850651,0.7713087291517177
25934,LOF,0.05308991599763123,0.175601354850651,0.7713087291517177
25935,LOF,0.04148032541943221,0.11666660489342334,0.8418530696871445
25936,LOF,0.05308991599763123,0.175601354850651,0.7713087291517177
25937,LOF,0.036238884530811935,0.18145716636963183,0.7823039490995563
25938,LOF,0.0676910266083415,0.14153630803704145,0.7907726653546171
25939,LOF,0.05308991599763123,0.175601354850651,0.7713087291517177
25940,GOF,0.019002261832807378,0.6244051863508909,0.35659255181630156
25941,LOF,0.18732441478426257,0.23742838461892396,0.5752472005968134
25942,LOF,0.025981108398961894,0.12295114342793399,0.8510677481731042
25943,LOF,0.4053306064574338,0.14536382481755403,0.44930556872501215
25944,Neutral,0.45309279793438956,0.11864250035720993,0.4282647017084004
25945,GOF,0.11117860659729797,0.45467682152585326,0.4341445718768488
25946,LOF,0.022765108141968575,0.05792595420984259,0.9193089376481889
25947,GOF,0.07628141208580859,0.5007711232652573,0.4229474646489341
25948,LOF,0.4067938630346004,0.028382916019369847,0.5648232209460298
25949,LOF,0.0750330852482404,0.16072215593960176,0.7642447588121578
25950,LOF,0.2834465574145403,0.2785534341530883,0.43800000843237136
25951,LOF,0.11656063093781081,0.37595932045644304,0.5074800486057461
25952,LOF,0.036672829446661004,0.3471537939778904,0.6161733765754486
25953,GOF,0.10994069982267568,0.610803103792303,0.27925619638502136
25954,GOF,0.25415951178527524,0.6086179106492942,0.1372225775654306
25955,LOF,0.04933107554378474,0.23795413724623454,0.7127147872099807
25956,LOF,0.0739952069339054,0.23720926007442186,0.6887955329916726
25957,LOF,0.07781456394737728,0.0733777105318271,0.8488077255207956
25958,LOF,0.05308991599763123,0.175601354850651,0.7713087291517177
25959,GOF,0.0681328179601559,0.6091665617802463,0.3227006202595978
25960,LOF,0.0349253701472499,0.17673048308246941,0.7883441467702806
25961,LOF,0.05308991599763123,0.175601354850651,0.7713087291517177
25962,LOF,0.05048568031283096,0.16239091672715128,0.7871234029600178
25963,GOF,0.02462848428437866,0.5573152563483269,0.4180562593672944
25964,LOF,0.05308991599763123,0.175601354850651,0.7713087291517177
25965,Neutral,0.6860769704059243,0.1119720493896162,0.20195098020445956
25966,LOF,0.09697235327134654,0.34031494708990256,0.5627126996387509
25967,LOF,0.026412530043696442,0.35791719670793154,0.615670273248372
25968,GOF,0.09763811446133094,0.5991345697523673,0.3032273157863017
25969,LOF,0.03364436465727385,0.12912611523345555,0.8372295201092705
25970,LOF,0.02829963173413429,0.16349745995336543,0.8082029083125002
25971,LOF,0.05308991599763123,0.175601354850651,0.7713087291517177
25972,LOF,0.05308991599763123,0.175601354850651,0.7713087291517177
25973,LOF,0.10194066595468657,0.08787889758754736,0.810180436457766
25974,Neutral,0.5902526485411806,0.28978147670951504,0.11996587474930426
25975,LOF,0.05308991599763123,0.175601354850651,0.7713087291517177
25976,LOF,0.025402025931518572,0.152682110577881,0.8219158634906004
25977,LOF,0.033556154919459735,0.2976347471091062,0.6688090979714341
25978,LOF,0.22076290247976288,0.10687640897157089,0.6723606885486663
25979,LOF,0.22443251493621863,0.09863627138199708,0.6769312136817843
25980,LOF,0.15701475298227835,0.3713373755540547,0.4716478714636668
25981,LOF,0.15701475298227835,0.3713373755540547,0.4716478714636668
25982,LOF,0.4478965119928885,0.058289769770992046,0.49381371823611964
25983,Neutral,0.6306462033291415,0.1006653600514067,0.2686884366194518
25984,LOF,0.05308991599763123,0.175601354850651,0.7713087291517177
25985,GOF,0.02040711852528366,0.7159563235343014,0.26363655794041485
25986,GOF,0.026471148034355574,0.7091923125619272,0.2643365394037174
25987,LOF,0.08933612171813768,0.123367553042368,0.7872963252394943
25988,LOF,0.05308991599763123,0.175601354850651,0.7713087291517177
25989,LOF,0.05308991599763123,0.175601354850651,0.7713087291517177
25990,LOF,0.05308991599763123,0.175601354850651,0.7713087291517177
25991,GOF,0.19243194474405095,0.5783297586236861,0.22923829663226297
25992,Neutral,0.3855099798745121,0.3156062752834301,0.2988837448420578
25993,LOF,0.05308991599763123,0.175601354850651,0.7713087291517177
25994,LOF,0.05308991599763123,0.175601354850651,0.7713087291517177
25995,LOF,0.05308991599763123,0.175601354850651,0.7713087291517177
25996,GOF,0.12226877119185062,0.46489375522008064,0.41283747358806866
25997,GOF,0.11195116196741889,0.6228177795530943,0.2652310584794868
25998,LOF,0.37718227458039627,0.17530754882903063,0.4475101765905731
25999,GOF,0.2834959236881117,0.5296471539444133,0.1868569223674751
26000,LOF,0.06989158800906978,0.08888099603111707,0.8412274159598131
26001,LOF,0.10389485959454281,0.4159782603971245,0.4801268800083327
26002,LOF,0.053153444020970185,0.18123775559066255,0.7656088003883673
26003,GOF,0.02138492912897533,0.6295952696790456,0.3490198011919791
26004,GOF,0.03665493702429606,0.6892821055655524,0.2740629574101516
26005,GOF,0.017174974447245715,0.6044476597202789,0.37837736583247544
26006,Neutral,0.5262080971902611,0.3274402586685343,0.14635164414120458
26007,GOF,0.04144567137695298,0.6838435787277903,0.2747107498952566
26008,GOF,0.025439417047784373,0.6231036146379665,0.351456968314249
26009,GOF,0.035931586711081154,0.77989236192294,0.18417605136597878
26010,GOF,0.017914830272944753,0.7111381352275087,0.27094703449954666
26011,GOF,0.014550592791680441,0.6064712713040856,0.3789781359042339
26012,GOF,0.019277270981364232,0.7164554705306949,0.2642672584879408
26013,GOF,0.014780937258429315,0.7096649433403417,0.27555411940122904
26014,LOF,0.06848237380651287,0.18941470783939557,0.7421029183540916
26015,LOF,0.21151220583511762,0.06182973556307788,0.7266580586018045
26016,LOF,0.3413273711167323,0.17328435113719765,0.48538827774607024
26017,LOF,0.3229878282696289,0.29527057884921526,0.38174159288115583
26018,LOF,0.05308991599763123,0.175601354850651,0.7713087291517177
26019,LOF,0.05308991599763123,0.175601354850651,0.7713087291517177
26020,GOF,0.06325011518753056,0.5298804108867162,0.40686947392575323
26021,GOF,0.06432573772137622,0.708343533978576,0.22733072830004783
26022,LOF,0.02706234766744842,0.2672645705897928,0.7056730817427588
26023,LOF,0.15241271589620684,0.28332063442044525,0.5642666496833479
26024,LOF,0.03638619495883275,0.45372646970384484,0.5098873353373223
26025,LOF,0.18845984099776225,0.3651247186046131,0.44641544039762476
26026,Neutral,0.5681760936095728,0.05208548073274581,0.3797384256576814
26027,LOF,0.05308991599763123,0.175601354850651,0.7713087291517177
26028,LOF,0.306525349257838,0.07734556692356076,0.6161290838186013
26029,GOF,0.03931244810860933,0.7027580848235194,0.2579294670678712
26030,LOF,0.020882070054721116,0.11654498532874183,0.862572944616537
26031,GOF,0.016508972062628625,0.5095633823262998,0.4739276456110716
26032,LOF,0.05308991599763123,0.175601354850651,0.7713087291517177
26033,LOF,0.15241271589620684,0.28332063442044525,0.5642666496833479
26034,LOF,0.02323187395315708,0.40684847670885016,0.5699196493379927
26035,GOF,0.017701505804825567,0.5456107009675095,0.43668779322766493
26036,LOF,0.01682399114859711,0.38483556414497655,0.5983404447064264
26037,LOF,0.0125760796191522,0.3828044164898909,0.604619503890957
26038,LOF,0.05308991599763123,0.175601354850651,0.7713087291517177
26039,GOF,0.027445038421577563,0.5481561547309852,0.42439880684743725
26040,GOF,0.23102767764937152,0.5558386133787372,0.21313370897189135
26041,LOF,0.015501666675072679,0.2972767880131968,0.6872215453117306
26042,LOF,0.012726017960341254,0.3840801403365495,0.6031938417031092
26043,LOF,0.05308991599763123,0.175601354850651,0.7713087291517177
26044,LOF,0.023944854008581578,0.16742550157140126,0.8086296444200171
26045,LOF,0.05488664950333027,0.42580313849528456,0.5193102120013852
26046,LOF,0.05308991599763123,0.175601354850651,0.7713087291517177
26047,LOF,0.05308991599763123,0.175601354850651,0.7713087291517177
26048,LOF,0.06364397265980908,0.16080021718976692,0.775555810150424
26049,Neutral,0.9163106770932361,0.0353275829880452,0.04836173991871875
26050,Neutral,0.8927012826364846,0.041580137578855175,0.0657185797846602
26051,GOF,0.030300806730852482,0.6982325849310199,0.2714666083381275
26052,GOF,0.036078834064378534,0.7218141088131733,0.2421070571224482
26053,LOF,0.04083130790235963,0.20031510780922443,0.7588535842884159
26054,LOF,0.05485835108702964,0.19670764645951805,0.7484340024534524
26055,LOF,0.07017245159003908,0.06988707558424373,0.8599404728257172
26056,LOF,0.04374917270993564,0.14827362659936705,0.8079772006906972
26057,LOF,0.05308991599763123,0.175601354850651,0.7713087291517177
26058,LOF,0.05308991599763123,0.175601354850651,0.7713087291517177
26059,Neutral,0.5839614551001282,0.13973878709669268,0.2762997578031791
26060,GOF,0.2558134895585337,0.5199463176836476,0.22424019275781865
26061,LOF,0.039889679853498984,0.08114019732803644,0.8789701228184646
26062,LOF,0.028345455897361555,0.06830305175172863,0.9033514923509098
26063,LOF,0.05308991599763123,0.175601354850651,0.7713087291517177
26064,LOF,0.03322234322871328,0.06887321587776835,0.8979044408935184
26065,LOF,0.05308991599763123,0.175601354850651,0.7713087291517177
26066,LOF,0.05308991599763123,0.175601354850651,0.7713087291517177
26067,LOF,0.05308991599763123,0.175601354850651,0.7713087291517177
26068,LOF,0.056868836898907586,0.07863127280907813,0.8644998902920144
26069,LOF,0.2557793458612354,0.1245231965916673,0.6196974575470974
26070,Neutral,0.5854387975132446,0.031872961191190645,0.38268824129556483
26071,LOF,0.05308991599763123,0.175601354850651,0.7713087291517177
26072,LOF,0.025400508809308563,0.1587692551858895,0.815830236004802
26073,LOF,0.05308991599763123,0.175601354850651,0.7713087291517177
26074,Neutral,0.9194309403183548,0.030028071346576517,0.050540988335068704
26075,LOF,0.05392113277397086,0.1575835407257945,0.7884953265002347
26076,LOF,0.05308991599763123,0.175601354850651,0.7713087291517177
26077,LOF,0.023244021238789662,0.3045226920331268,0.6722332867280836
26078,LOF,0.019460373520659928,0.28610877109501326,0.6944308553843268
26079,LOF,0.054831370843349186,0.13023794084726617,0.8149306883093846
26080,LOF,0.054831370843349186,0.13023794084726617,0.8149306883093846
26081,LOF,0.05308991599763123,0.175601354850651,0.7713087291517177
26082,LOF,0.031336585803676875,0.08097229430144089,0.8876911198948823
26083,LOF,0.05308991599763123,0.175601354850651,0.7713087291517177
26084,LOF,0.05308991599763123,0.175601354850651,0.7713087291517177
26085,LOF,0.05308991599763123,0.175601354850651,0.7713087291517177
26086,LOF,0.05308991599763123,0.175601354850651,0.7713087291517177
26087,LOF,0.05308991599763123,0.175601354850651,0.7713087291517177
26088,LOF,0.032427362643868585,0.1824801516376311,0.7850924857185002
26089,LOF,0.06485436115886917,0.08666578952591858,0.8484798493152123
26090,LOF,0.050481584642432756,0.07986118784165216,0.869657227515915
26091,LOF,0.05308991599763123,0.175601354850651,0.7713087291517177
26092,LOF,0.05308991599763123,0.175601354850651,0.7713087291517177
26093,LOF,0.05308991599763123,0.175601354850651,0.7713087291517177
26094,LOF,0.05308991599763123,0.175601354850651,0.7713087291517177
26095,LOF,0.11258883574283918,0.11045681987524573,0.7769543443819151
26096,LOF,0.03492423081701124,0.07821062850781339,0.8868651406751754
26097,LOF,0.025354807596334645,0.18264809135906196,0.7919971010446034
26098,LOF,0.06561087179270261,0.048299698327527125,0.8860894298797704
26099,LOF,0.05308991599763123,0.175601354850651,0.7713087291517177
26100,LOF,0.05308991599763123,0.175601354850651,0.7713087291517177
26101,LOF,0.05308991599763123,0.175601354850651,0.7713087291517177
26102,LOF,0.05308991599763123,0.175601354850651,0.7713087291517177
26103,Neutral,0.6622316539016375,0.17006451666749248,0.16770382943086995
26104,LOF,0.047233283592529846,0.09293330108198984,0.8598334153254804
26105,LOF,0.14419004574169292,0.35887442916398005,0.49693552509432715
26106,LOF,0.09825371069289852,0.14643179199892295,0.7553144973081785
26107,LOF,0.1377347050142753,0.17205349033862652,0.6902118046470982
26108,LOF,0.08182791349802175,0.3461870937885101,0.5719849927134681
26109,LOF,0.06695762320558946,0.11238249135954931,0.8206598854348612
26110,LOF,0.3231352152608303,0.03812037120889081,0.6387444135302789
26111,GOF,0.1597375354166234,0.5755148065035388,0.26474765807983786
26112,LOF,0.05308991599763123,0.175601354850651,0.7713087291517177
26113,LOF,0.05308991599763123,0.175601354850651,0.7713087291517177
26114,LOF,0.036213531229233556,0.06078292319267848,0.9030035455780879
26115,LOF,0.12302746543080696,0.06693512936069693,0.8100374052084961
26116,LOF,0.05308991599763123,0.175601354850651,0.7713087291517177
26117,LOF,0.09697235327134654,0.34031494708990256,0.5627126996387509
26118,LOF,0.05308991599763123,0.175601354850651,0.7713087291517177
26119,LOF,0.03254051057138323,0.2085584420043834,0.7589010474242334
26120,LOF,0.05308991599763123,0.175601354850651,0.7713087291517177
26121,LOF,0.06698548299357966,0.1955701825223104,0.73744433448411
26122,LOF,0.07323684385429076,0.2381001410649741,0.6886630150807352
26123,LOF,0.06167384743319251,0.21640764973744395,0.7219185028293635
26124,LOF,0.03758991685712279,0.22675493466906863,0.7356551484738086
26125,LOF,0.11517355063873681,0.21397585096764624,0.6708505983936169
26126,LOF,0.06515971835514327,0.18779278841276126,0.7470474932320954
26127,LOF,0.09403263365465278,0.20864849448491388,0.6973188718604334
