feature0,prediction,LoGoFunc_Neutral,LoGoFunc_GOF,LoGoFunc_LOF
25546,Neutral,0.677055229473145,0.061845963379453014,0.261098807147402
25547,Neutral,0.5047120434452315,0.10322127419315508,0.3920666823616135
25548,Neutral,0.4949478891556016,0.08630552205535447,0.4187465887890439
25549,LOF,0.4194412179140828,0.08882623347726404,0.4917325486086532
25550,LOF,0.35996669908254936,0.13003400002532362,0.509999300892127
25551,LOF,0.30555405486425913,0.13729792067079669,0.5571480244649442
25552,LOF,0.2489011759839979,0.12981302465845865,0.6212857993575435
25553,Neutral,0.8153750053545433,0.044744881755632154,0.13988011288982455
25554,LOF,0.28824609828993103,0.11995415514031049,0.5917997465697585
25555,LOF,0.24394102297193396,0.11648981672990767,0.6395691602981584
25556,LOF,0.4485752732955102,0.10140030470004538,0.4500244220044443
25557,LOF,0.22739166734327487,0.11918416638718092,0.6534241662695441
25558,LOF,0.28751667396173725,0.11696690794426824,0.5955164180939945
25559,LOF,0.18609986068782086,0.13621881733399893,0.6776813219781802
25560,LOF,0.16004836498273148,0.09725152461752204,0.7427001103997464
25561,LOF,0.151872333832649,0.11642433680683172,0.7317033293605193
25562,LOF,0.07073539666582532,0.07559397336289388,0.8536706299712807
25563,LOF,0.023141039621561783,0.11558512073152956,0.8612738396469087
25564,LOF,0.22333238625744034,0.1043131013081204,0.6723545124344392
25565,LOF,0.23159428910848806,0.12019119830228478,0.6482145125892271
25566,GOF,0.09997254654971234,0.6956837416699475,0.2043437117803403
25567,LOF,0.03599575998694505,0.11944777678642034,0.8445564632266346
25568,LOF,0.062092373459908624,0.07355974572897866,0.8643478808111127
25569,LOF,0.059849328355021665,0.07624741371631351,0.8639032579286648
25570,LOF,0.026032575031895707,0.10302772205527523,0.8709397029128291
25571,LOF,0.025459394099449965,0.10644060848490268,0.8680999974156475
25572,LOF,0.059911345230552776,0.12542579971769582,0.8146628550517514
25573,LOF,0.053461768054027727,0.08997021840027074,0.8565680135457016
25574,LOF,0.05244422586559842,0.17195888246915972,0.7755968916652418
25575,LOF,0.022220768132615237,0.12533119613579943,0.8524480357315853
25576,LOF,0.03367974950145292,0.16507926638027737,0.8012409841182697
25577,LOF,0.027812826158341474,0.11900088219210203,0.8531862916495565
25578,LOF,0.2846370895043186,0.08458225694475179,0.6307806535509296
25579,LOF,0.12832621899895366,0.0902084280351176,0.7814653529659289
25580,LOF,0.019337250290745102,0.07986451850659469,0.9007982312026602
25581,LOF,0.05458026538672043,0.0712423093089082,0.8741774253043714
25582,LOF,0.05446976767802919,0.07017209827123602,0.8753581340507348
25583,LOF,0.019897695759821935,0.0848314504066961,0.8952708538334819
25584,Neutral,0.6563342016943223,0.10841832449496312,0.23524747381071442
25585,LOF,0.037972670876220145,0.11905219956723642,0.8429751295565434
25586,LOF,0.018561950058783843,0.07192916243202967,0.9095088875091865
25587,LOF,0.017319719268198086,0.06472718085686387,0.917953099874938
25588,LOF,0.019972551120736575,0.07491666079964837,0.905110788079615
25589,Neutral,0.48474368747405705,0.20426087516516606,0.310995437360777
25590,LOF,0.04763970258582188,0.11385947882363832,0.8385008185905399
25591,LOF,0.09268635735928618,0.06280995140286201,0.8445036912378519
25592,LOF,0.05543142760503181,0.14275845949631297,0.8018101128986552
25593,LOF,0.1367838190249865,0.2596713419902178,0.6035448389847957
25594,LOF,0.052184197403500075,0.10764922181917616,0.8401665807773239
25595,LOF,0.04990744902725367,0.07679754894652076,0.8732950020262255
25596,LOF,0.10533521080991666,0.04591432603498856,0.8487504631550948
25597,LOF,0.08986439881516915,0.05937309571835393,0.8507625054664769
25598,LOF,0.051614755113092645,0.08046033663028945,0.8679249082566179
25599,GOF,0.021620361267656995,0.5234469673989136,0.45493267133342935
25600,GOF,0.17883790243968384,0.508683716710842,0.3124783808494741
25601,LOF,0.044559694771248486,0.38984148792623846,0.5655988173025129
25602,LOF,0.03184742966788795,0.05721341019419257,0.9109391601379195
25603,LOF,0.03628558092215861,0.029238934963309957,0.9344754841145315
25604,LOF,0.0361343261300838,0.05952492355450423,0.9043407503154121
25605,LOF,0.04317114880435572,0.18314460142251693,0.7736842497731274
25606,LOF,0.4377944524140921,0.09743763204727203,0.4647679155386359
25607,LOF,0.025618942865073827,0.17148594624800256,0.8028951108869237
25608,LOF,0.03610733602171453,0.06979225322242737,0.894100410755858
25609,GOF,0.16572742253783943,0.5424994324092344,0.29177314505292606
25610,LOF,0.015903532388879517,0.025535555422035307,0.9585609121890852
25611,LOF,0.01535758259034846,0.028808454608364408,0.9558339628012872
25612,LOF,0.05031738478207352,0.03516091849163071,0.9145216967262957
25613,LOF,0.04755849954135629,0.03607423167082621,0.9163672687878176
25614,LOF,0.023154544595789243,0.025102549254417215,0.9517429061497936
25615,LOF,0.04293192948114118,0.03327476749378739,0.9237933030250715
25616,LOF,0.04934057416300354,0.0246368710696752,0.9260225547673212
25617,LOF,0.04496988111980513,0.032091823706129785,0.922938295174065
25618,LOF,0.05076396274418896,0.0290834561588866,0.9201525810969244
25619,LOF,0.01555186687377383,0.027683706075596993,0.9567644270506293
25620,LOF,0.05922436394111285,0.03499647175384968,0.9057791643050374
25621,LOF,0.05156810601145244,0.030390957733298724,0.9180409362552487
25622,LOF,0.06158092504869612,0.030099463097089524,0.9083196118542143
25623,LOF,0.0750591726737239,0.025944708241965587,0.8989961190843104
25624,LOF,0.018977602067339144,0.034926980609999304,0.9460954173226616
25625,LOF,0.06548459740759072,0.03715603264408314,0.8973593699483262
25626,LOF,0.047425115348315734,0.03501323844880205,0.9175616462028823
25627,Neutral,0.8901197026095838,0.022348552329707474,0.08753174506070868
25628,LOF,0.1329120419520314,0.06393137512818327,0.8031565829197853
25629,LOF,0.06358302954751438,0.04447064339501438,0.8919463270574712
25630,LOF,0.2646255456901283,0.07841759992127632,0.6569568543885953
25631,Neutral,0.5211007213638985,0.0678719209018894,0.41102735773421223
25632,LOF,0.02727685159724375,0.05674865660921886,0.9159744917935373
25633,LOF,0.19983609124118845,0.03486371727139916,0.7653001914874125
25634,LOF,0.03337958452609809,0.08358226309477575,0.8830381523791262
25635,LOF,0.03925765958859991,0.042184016516543965,0.9185583238948561
25636,LOF,0.03826592432943901,0.4642386773645236,0.49749539830603723
25637,LOF,0.06992543451332178,0.45620295513861037,0.4738716103480678
25638,LOF,0.04970186512065195,0.2886429553171043,0.6616551795622436
25639,LOF,0.03512815285289509,0.3305221346002348,0.6343497125468702
25640,Neutral,0.8084689806005879,0.1506758293155986,0.040855190083813504
25641,LOF,0.049139655480470244,0.44019467014414115,0.5106656743753886
25642,LOF,0.04457950978902684,0.145392908117025,0.8100275820939482
25643,LOF,0.21443407745109844,0.15679028199524317,0.6287756405536585
25644,LOF,0.0208899317396581,0.47514246624873296,0.503967602011609
25645,LOF,0.019216809514390414,0.4251195438728833,0.5556636466127263
25646,LOF,0.052325462251616356,0.3332416145151343,0.6144329232332494
25647,LOF,0.024322791780414726,0.25133063689877005,0.7243465713208151
25648,LOF,0.027625035401334756,0.2437375530197825,0.7286374115788828
25649,LOF,0.015498299545130668,0.23429251790103744,0.7502091825538318
25650,LOF,0.053747924778007786,0.40260797132504855,0.5436441038969436
25651,LOF,0.015506674403678642,0.25669181508188693,0.7278015105144344
25652,LOF,0.03185427317586284,0.2577136710386558,0.7104320557854813
25653,LOF,0.07712511068363374,0.38937487432744367,0.5335000149889226
25654,LOF,0.024050954093588678,0.20205403004051126,0.7738950158659001
25655,LOF,0.23443818304083727,0.3528662942375189,0.41269552272164384
25656,LOF,0.28714991761355607,0.04422492565863507,0.6686251567278088
25657,LOF,0.07424491965767081,0.05097606677215786,0.8747790135701714
25658,LOF,0.3624346325309495,0.04994232809972024,0.5876230393693304
25659,Neutral,0.5120002957431973,0.0702280813713666,0.4177716228854362
25660,LOF,0.02584738443666237,0.07432072870255273,0.899831886860785
25661,LOF,0.1041870734353252,0.05236447172316018,0.8434484548415146
25662,LOF,0.03306057560893071,0.028929991822221408,0.9380094325688477
25663,LOF,0.04205705168036033,0.04175585969410682,0.9161870886255328
25664,LOF,0.14216205147387342,0.04721071221365823,0.8106272363124684
25665,LOF,0.05400463864325907,0.028741771015646723,0.9172535903410941
25666,LOF,0.08956050035035065,0.07058614863403145,0.8398533510156179
25667,LOF,0.06882210119195331,0.04178345306357661,0.8893944457444701
25668,LOF,0.03861822840018262,0.03947455735687577,0.9219072142429416
25669,LOF,0.0366865480818955,0.04704974181795367,0.9162637101001507
25670,LOF,0.14029533950022602,0.03804311073987326,0.8216615497599007
25671,LOF,0.097275958679238,0.028161724522267333,0.8745623167984947
25672,LOF,0.05673758902883177,0.03835473924449368,0.9049076717266745
25673,LOF,0.08121532877770848,0.03527790457610892,0.8835067666461827
25674,LOF,0.06831949874711357,0.04518698576789814,0.8864935154849882
25675,LOF,0.1214452407066566,0.042005250480132,0.8365495088132114
25676,LOF,0.0187101784523913,0.04513393983799499,0.9361558817096137
25677,LOF,0.026490269163433788,0.06033951747853726,0.913170213358029
25678,LOF,0.18111465617638434,0.05372670573430086,0.7651586380893148
25679,LOF,0.12550718115564752,0.06552137335696959,0.808971445487383
25680,LOF,0.03203111737793761,0.10418255380977605,0.8637863288122863
25681,LOF,0.05159173218499924,0.09403432181409534,0.8543739460009054
25682,LOF,0.15050732791190644,0.06025985169204774,0.7892328203960457
25683,LOF,0.12704886203246274,0.07128808252824027,0.801663055439297
25684,LOF,0.042017258512563826,0.060635638234432195,0.897347103253004
25685,LOF,0.1218663174400773,0.05394647728136643,0.8241872052785564
25686,LOF,0.06871478583538954,0.09034479094164795,0.8409404232229625
25687,LOF,0.10085264354574536,0.0836265105835467,0.815520845870708
25688,LOF,0.28892256396815846,0.03346478907663518,0.6776126469552064
25689,LOF,0.2137981426326254,0.04000318349286633,0.7461986738745083
25690,LOF,0.3370224607755339,0.03145490324677135,0.6315226359776948
25691,Neutral,0.6761731726765933,0.029493713591563574,0.294333113731843
25692,LOF,0.27799685640101124,0.00890805977377244,0.7130950838252164
25693,LOF,0.04287272499641766,0.47587913942277804,0.4812481355808045
25694,LOF,0.12642807096304864,0.02106395440458216,0.8525079746323692
25695,LOF,0.1194587049614012,0.01843502544860152,0.8621062695899973
25696,LOF,0.12375182490825906,0.00960369652185338,0.8666444785698876
25697,LOF,0.11488837555534703,0.0254162705783527,0.8596953538663004
25698,LOF,0.33487342156796435,0.25083995672918596,0.41428662170284963
25699,LOF,0.4332869662976914,0.043258024717462214,0.5234550089848464
25700,LOF,0.046965186405452754,0.010998154295495529,0.9420366592990517
25701,LOF,0.16343359978705896,0.05973742558609985,0.7768289746268413
25702,GOF,0.1926487061155369,0.5537797383301508,0.2535715555543124
25703,LOF,0.01671671142189652,0.15229087146801257,0.8309924171100909
25704,LOF,0.05399238029265919,0.11690226949088085,0.82910535021646
25705,LOF,0.05715481131590773,0.18137088506560228,0.76147430361849
25706,LOF,0.08942694869432427,0.3546894888373995,0.5558835624682763
25707,LOF,0.09168642857408998,0.2777693145737166,0.6305442568521934
25708,LOF,0.030016518440518457,0.27083613621802305,0.6991473453414586
25709,LOF,0.05923846171214764,0.04089023010865872,0.8998713081791936
25710,LOF,0.011069948829469104,0.1294546136097573,0.8594754375607736
25711,LOF,0.018144673721734988,0.09124711438420598,0.8906082118940591
25712,LOF,0.013476454161042812,0.1744789793696639,0.8120445664692933
25713,LOF,0.01892377996245589,0.08040028857338043,0.9006759314641638
25714,LOF,0.0695966006312372,0.07555392539766966,0.8548494739710932
25715,LOF,0.010448769182579915,0.13565250971729584,0.8538987211001243
25716,LOF,0.014630190632414351,0.1044324199129904,0.8809373894545952
25717,LOF,0.013387976318903053,0.0794831429015896,0.9071288807795073
25718,LOF,0.011980676482419576,0.10729681019914412,0.8807225133184362
25719,LOF,0.017914880010671205,0.08105813035769009,0.9010269896316387
25720,LOF,0.02159555127176151,0.07176136743704604,0.9066430812911924
25721,LOF,0.016127613142861996,0.10670953756035081,0.8771628492967872
25722,LOF,0.013178597656494028,0.1186884788915594,0.8681329234519466
25723,LOF,0.02163556797034293,0.04437876666039196,0.9339856653692651
25724,LOF,0.02435841736656281,0.08385846348050972,0.8917831191529274
25725,LOF,0.01161068166141893,0.0712880788635501,0.917101239475031
25726,LOF,0.014319679292840703,0.09971843803842415,0.8859618826687351
25727,LOF,0.01314705301605209,0.08197608449030885,0.9048768624936391
25728,LOF,0.00962924886173345,0.10631487442472015,0.8840558767135464
25729,LOF,0.010190461883914656,0.10560827602468299,0.8842012620914024
25730,LOF,0.013782730402706674,0.08149963660811456,0.9047176329891788
25731,LOF,0.021906420646598698,0.10380090340424944,0.8742926759491518
25732,LOF,0.015129782531012437,0.08326543784257408,0.9016047796264135
25733,LOF,0.016682762754004165,0.07247549203792951,0.9108417452080664
25734,LOF,0.013259321673830394,0.1226442670684155,0.8640964112577542
25735,LOF,0.01339339405212116,0.08020864002108646,0.9063979659267923
25736,LOF,0.01425141359659969,0.10217439670035222,0.8835741897030481
25737,LOF,0.021555265872888467,0.08140099035879628,0.8970437437683153
25738,LOF,0.012966608869996411,0.11088410680515406,0.8761492843248496
25739,LOF,0.020234991133859254,0.07930831790811961,0.900456690958021
25740,LOF,0.02568347805396256,0.09512079732955825,0.8791957246164792
25741,LOF,0.015213629184185768,0.10087885852965331,0.8839075122861609
25742,LOF,0.11616285485930256,0.07706430107555934,0.8067728440651382
25743,LOF,0.038525330044583216,0.032157728491765236,0.9293169414636516
25744,Neutral,0.5588533328897654,0.23222735962171806,0.2089193074885166
25745,LOF,0.0804418718689646,0.06236127161403383,0.8571968565170015
25746,LOF,0.04188580061037484,0.07044913532658452,0.8876650640630406
25747,LOF,0.023852932953340233,0.037533425952295835,0.9386136410943641
25748,LOF,0.11139074733403626,0.05475514836494781,0.8338541043010159
25749,LOF,0.026700524654935696,0.06588193968000877,0.9074175356650556
25750,LOF,0.08342631561091368,0.07075459783674401,0.8458190865523424
25751,LOF,0.09082476158880484,0.056499754010331756,0.8526754844008635
25752,GOF,0.10458759845216108,0.6715876318632389,0.22382476968459997
25753,LOF,0.018449746228742223,0.2805915173502936,0.7009587364209642
25754,GOF,0.009811968476092706,0.7630529067130437,0.22713512481086354
25755,LOF,0.021675676584047825,0.39699207674867565,0.5813322466672766
25756,LOF,0.039941175290417234,0.35918066925725384,0.6008781554523289
25757,GOF,0.013960040590490797,0.8399814065302241,0.14605855287928513
25758,GOF,0.02841005554154681,0.817695747322961,0.15389419713549207
25759,GOF,0.011224190824179862,0.5349341482880671,0.453841660887753
25760,LOF,0.012179725704200964,0.2336704379683762,0.7541498363274228
25761,GOF,0.28582645646387683,0.5987046727630225,0.1154688707731006
25762,LOF,0.035020195130771384,0.26123815984812343,0.7037416450211053
25763,LOF,0.012300616587713007,0.2081415730250809,0.7795578103872062
25764,GOF,0.07037030240008457,0.6199383878989363,0.3096913097009791
25765,GOF,0.0384488060037749,0.750127618251014,0.2114235757452111
25766,GOF,0.06721148073751576,0.7679377708064495,0.1648507484560348
25767,GOF,0.17940243362032685,0.43098016822724927,0.38961739815242385
25768,LOF,0.09056913385123756,0.06111960990015646,0.848311256248606
25769,LOF,0.06404239594731675,0.058047201672867185,0.8779104023798162
25770,LOF,0.2855975358153205,0.07859463501672082,0.6358078291679586
25771,LOF,0.040611731765117405,0.038199724910719074,0.9211885433241634
25772,LOF,0.016362228754795385,0.030262722052688835,0.9533750491925158
25773,LOF,0.044701522058710856,0.07475787495103586,0.8805406029902532
25774,LOF,0.027892258595924254,0.07435595358594098,0.8977517878181348
25775,LOF,0.0459604115928501,0.042519762587950184,0.9115198258191997
25776,LOF,0.06771179985984749,0.02323523715674534,0.9090529629834072
25777,LOF,0.3273025740931569,0.04981755658714945,0.6228798693196937
25778,LOF,0.05962038514404078,0.04449638586911062,0.8958832289868486
25779,GOF,0.36442492534774446,0.5914038629468227,0.04417121170543298
25780,GOF,0.31480022353832193,0.615526467710888,0.06967330875078992
25781,GOF,0.16327279832298425,0.735633519528455,0.10109368214856082
25782,GOF,0.22061406755210658,0.7103628253113583,0.06902310713653508
25783,GOF,0.02904981806098671,0.6489251492530779,0.3220250326859354
25784,Neutral,0.4994089691157331,0.45955576782251606,0.04103526306175077
25785,GOF,0.37359828138208306,0.5816410691924488,0.04476064942546816
25786,GOF,0.024554012496636336,0.754340111814627,0.22110587568873677
25787,Neutral,0.6484358347785483,0.3253321776265758,0.026231987594876018
25788,LOF,0.046835401853945684,0.09921267661996602,0.8539519215260882
25789,GOF,0.19598243108804173,0.6473271265072749,0.15669044240468336
25790,GOF,0.1915200693752399,0.696336404873844,0.11214352575091598
25791,GOF,0.13991205053101302,0.6750544968077103,0.18503345266127663
25792,GOF,0.31987007812129387,0.5420817776277206,0.13804814425098558
25793,GOF,0.24599818839176185,0.5758066019421291,0.17819520966610913
25794,GOF,0.2935100232883948,0.5233838368961844,0.1831061398154207
25795,GOF,0.0780893518470045,0.6962900851803291,0.2256205629726665
25796,Neutral,0.5545408140997314,0.36546325031214,0.07999593558812848
25797,GOF,0.09625223815053095,0.5538487887148871,0.3498989731345819
25798,GOF,0.00944403934871395,0.5079287251040855,0.4826272355472006
25799,LOF,0.006993748069787869,0.3990912105680562,0.593915041362156
25800,GOF,0.03446453817569457,0.5822494285118032,0.3832860333125022
25801,GOF,0.19650086457889598,0.684861956853019,0.11863717856808512
25802,GOF,0.07429478181217652,0.7178695692804742,0.2078356489073492
25803,GOF,0.03638883916861669,0.5721807594972476,0.3914304013341357
25804,GOF,0.034176472149996605,0.5019790261012488,0.4638445017487545
25805,GOF,0.1027021998879182,0.6277849638004064,0.2695128363116755
25806,GOF,0.08879898918173972,0.5970504107952432,0.314150600023017
25807,GOF,0.018995006150906484,0.6446841091599356,0.33632088468915794
25808,GOF,0.08271193719010744,0.6484143308112084,0.2688737319986842
25809,GOF,0.016651231006545114,0.5736824344900842,0.4096663345033707
25810,GOF,0.01609340824560252,0.6111028065140568,0.37280378524034075
25811,GOF,0.4404787589201598,0.47256907173979645,0.08695216934004367
25812,GOF,0.030165963513345412,0.6339586111948378,0.33587542529181674
25813,Neutral,0.5122537876676649,0.38598011110414204,0.10176610122819303
25814,GOF,0.11246757967980972,0.6447831050109095,0.2427493153092807
25815,GOF,0.19883660382283455,0.5938774498258437,0.20728594635132166
25816,GOF,0.025151928653174522,0.7305529725393392,0.24429509880748632
25817,GOF,0.25964197092391317,0.6026075706652346,0.13775045841085218
25818,GOF,0.056301974379472354,0.6804224039191119,0.26327562170141566
25819,GOF,0.3541378270163814,0.505133652848935,0.14072852013468368
25820,GOF,0.16884989571938977,0.6134322557092114,0.21771784857139873
25821,GOF,0.05882192245959581,0.6697880642191895,0.27139001332121465
25822,GOF,0.19349427592325755,0.5922957237845617,0.21421000029218065
25823,GOF,0.03311315062918372,0.5332071822118933,0.433679667158923
25824,GOF,0.08892930574494358,0.6084056774103678,0.30266501684468866
25825,GOF,0.037168703937934144,0.6083158061720398,0.35451548989002596
25826,GOF,0.015740127743197392,0.5835360541849145,0.40072381807188806
25827,GOF,0.0264125921027676,0.6087990792252332,0.3647883286719992
25828,GOF,0.014633729082739284,0.5448961873572187,0.4404700835600421
25829,GOF,0.005312218253482812,0.5716327846313716,0.4230549971151455
25830,LOF,0.03257534704064266,0.2787106479197012,0.6887140050396562
25831,GOF,0.22925329988347645,0.644063010323719,0.1266836897928046
25832,GOF,0.029374192743443165,0.7116748827964989,0.2589509244600579
25833,GOF,0.11331065521109732,0.7210276755380427,0.16566166925086012
25834,GOF,0.029774364091039496,0.7184972703942052,0.25172836551475536
25835,GOF,0.06214527084919668,0.7573327565841748,0.18052197256662855
25836,GOF,0.03013739843586488,0.6771293252376795,0.29273327632645574
25837,GOF,0.02528724413356304,0.6243100527151898,0.350402703151247
25838,GOF,0.08784891248580007,0.7687809474803501,0.14337014003384968
25839,GOF,0.2814777926368453,0.5577980152391777,0.16072419212397696
25840,GOF,0.24589302694778903,0.6116669358500052,0.14244003720220577
25841,GOF,0.23293458357946825,0.6270488737194264,0.14001654270110533
25842,GOF,0.14137152980149428,0.7317651706916897,0.12686329950681602
25843,GOF,0.19107496694956552,0.71835905980534,0.09056597324509448
25844,GOF,0.06149211953991373,0.7404479172476293,0.198059963212457
25845,GOF,0.015524208030198255,0.5361550350226044,0.44832075694719736
25846,GOF,0.12348217357262276,0.7466086612962884,0.12990916513108872
25847,GOF,0.08860498437228828,0.8106171185700407,0.10077789705767112
25848,GOF,0.034931647945886816,0.7321631125020273,0.23290523955208592
25849,GOF,0.009838214318154017,0.6260602935248858,0.36410149215696025
25850,GOF,0.018333196139920932,0.6668201148145383,0.3148466890455408
25851,GOF,0.015280361477430263,0.5536917571754064,0.4310278813471633
25852,GOF,0.161760835551901,0.5509094936600761,0.2873296707880228
25853,GOF,0.33614744330661384,0.5809123882254144,0.08294016846797184
25854,GOF,0.023923825420625506,0.6236346621002469,0.3524415124791276
25855,GOF,0.03308424662920168,0.5628891150523625,0.4040266383184358
25856,GOF,0.22847214688060574,0.5503841845367679,0.22114366858262643
25857,GOF,0.03709356915266258,0.5118500174899268,0.4510564133574106
25858,GOF,0.022494399671802407,0.535462712586129,0.4420428877420685
25859,GOF,0.01054159812068648,0.5127505746459878,0.4767078272333256
25860,GOF,0.33947857326873204,0.575746916982499,0.084774509748769
25861,GOF,0.43556885695653036,0.49489588881280705,0.06953525423066252
25862,GOF,0.08173062724373611,0.7774148568776856,0.14085451587857814
25863,GOF,0.0816263674182951,0.7809316265406293,0.1374420060410757
25864,GOF,0.19819678529052306,0.7372502726845914,0.0645529420248855
25865,GOF,0.08540093563599778,0.8084502957538776,0.10614876861012461
25866,GOF,0.06031153748621844,0.7892031778295034,0.15048528468427808
25867,GOF,0.0865571997275562,0.81337351187233,0.10006928840011367
25868,GOF,0.2548794559120164,0.6431951213180309,0.10192542276995274
25869,Neutral,0.7145368573509908,0.24098007089306128,0.04448307175594784
25870,GOF,0.30625135772099904,0.3794548657149757,0.31429377656402524
25871,GOF,0.22914041949836145,0.6382081028530917,0.1326514776485469
25872,GOF,0.08102717287260129,0.6802599752935513,0.23871285183384736
25873,GOF,0.11072867074093866,0.692678434411778,0.19659289484728343
25874,LOF,0.013955525061558597,0.1107467097929844,0.8752977651454569
25875,LOF,0.09277093915875127,0.0398542533765623,0.8673748074646864
25876,LOF,0.03377531561846106,0.03178561678346839,0.9344390675980706
25877,Neutral,0.5012870360062429,0.03550608331215692,0.46320688068160026
25878,LOF,0.23906297339024934,0.08245505848487374,0.6784819681248769
25879,LOF,0.09343171309093148,0.08196233581537311,0.8246059510936955
25880,LOF,0.04207047084364089,0.014126871623887366,0.9438026575324717
25881,LOF,0.15843778855826884,0.12174092964613403,0.7198212817955971
25882,LOF,0.06192967575139761,0.017482950485414202,0.9205873737631882
25883,LOF,0.06620335613331187,0.019005812785650448,0.9147908310810376
25884,LOF,0.030776371430871263,0.031743914518850815,0.9374797140502781
25885,LOF,0.059458592028485094,0.01160870382774309,0.9289327041437717
25886,LOF,0.26741025755560277,0.03583528526272649,0.6967544571816707
25887,LOF,0.14346880472862142,0.07306321935702416,0.7834679759143544
25888,LOF,0.06431713062957455,0.06187211215748918,0.8738107572129362
25889,LOF,0.039504016071049565,0.02199206897814843,0.938503914950802
25890,LOF,0.053238460401245004,0.14587145013775474,0.8008900894610002
25891,LOF,0.03834390704171133,0.05582338684688462,0.9058327061114041
25892,LOF,0.08142620922005196,0.02465129444469938,0.8939224963352487
25893,LOF,0.22666720959449901,0.0202691702169196,0.7530636201885814
25894,LOF,0.17101686768501273,0.013477420886831019,0.8155057114281563
25895,LOF,0.1949098588692206,0.023818053056670466,0.781272088074109
25896,LOF,0.04941376710858739,0.02519665845660469,0.925389574434808
25897,LOF,0.2690292429788301,0.01463343589439772,0.7163373211267722
25898,Neutral,0.6891881875528607,0.011554123341836885,0.2992576891053024
25899,LOF,0.20804261723551293,0.02356453048795013,0.7683928522765371
25900,LOF,0.4664632668244303,0.014060242195756337,0.5194764909798134
25901,LOF,0.04920318522578661,0.012364916596203396,0.9384318981780101
25902,LOF,0.1536904826515044,0.015334000675994169,0.8309755166725014
25903,Neutral,0.5733466626470392,0.030516580611374716,0.39613675674158616
25904,LOF,0.30288607670363377,0.048282908501505926,0.6488310147948603
25905,LOF,0.023653618537780124,0.34628452005895705,0.6300618614032628
25906,LOF,0.0324185388184206,0.08861728676245594,0.8789641744191233
25907,LOF,0.013887774156125786,0.32750133012064436,0.65861089572323
25908,LOF,0.009536316829421496,0.26811949456702966,0.7223441886035488
25909,LOF,0.01309977298062126,0.12501185563315215,0.8618883713862266
25910,LOF,0.05011092438412837,0.1426555975165949,0.8072334780992767
25911,LOF,0.17659866017176634,0.026148611642870086,0.7972527281853636
25912,LOF,0.042661556073653746,0.04968500794848943,0.9076534359778569
25913,LOF,0.3406243968398972,0.02198806483885225,0.6373875383212506
25914,LOF,0.020892085359032562,0.0479086820653662,0.9311992325756013
25915,Neutral,0.5885328768377645,0.1374344508004824,0.2740326723617531
25916,LOF,0.08940231375137189,0.19252702121595464,0.7180706650326734
25917,LOF,0.06686083608871818,0.03648106395246921,0.8966580999588126
25918,LOF,0.022948023618054224,0.02863306103733914,0.9484189153446065
25919,LOF,0.020218896786999688,0.03093468540986263,0.9488464178031377
25920,GOF,0.11777113564465884,0.5053432428608763,0.376885621494465
25921,LOF,0.025534508669168284,0.030896238411801683,0.94356925291903
25922,LOF,0.03413532398141078,0.023299627192548647,0.9425650488260406
25923,LOF,0.4798770639949375,0.02943094841280566,0.49069198759225685
25924,LOF,0.037848058065904334,0.03905207427880817,0.9230998676552875
25925,LOF,0.07492532785900625,0.03264289729903575,0.8924317748419579
25926,LOF,0.05352642607554695,0.029598276290471782,0.9168752976339813
25927,LOF,0.058770741120357836,0.1327911816714242,0.808438077208218
25928,LOF,0.01911333315052842,0.04708110346001076,0.9338055633894607
25929,Neutral,0.600525179930103,0.03150094417332334,0.3679738758965737
25930,LOF,0.07513612613994929,0.026014580738238324,0.8988492931218125
25931,LOF,0.025605568066661828,0.032392168100935884,0.9420022638324024
25932,LOF,0.029363701890369753,0.02402167055679878,0.9466146275528314
25933,LOF,0.03903773112256794,0.015835110123611395,0.9451271587538207
25934,LOF,0.026071478546441915,0.017053181306147604,0.9568753401474104
25935,LOF,0.06549914157507813,0.04184864647391107,0.8926522119510109
25936,LOF,0.04553047009762002,0.019586730621158923,0.9348827992812211
25937,LOF,0.026527953963032154,0.03065798676065198,0.9428140592763159
25938,LOF,0.06689266266312303,0.04364070199397972,0.8894666353428973
25939,LOF,0.04393856697056685,0.017003755480543094,0.93905767754889
25940,LOF,0.03671644154398071,0.35078075096190353,0.6125028074941158
25941,LOF,0.18691317823305884,0.087778829968913,0.7253079917980282
25942,LOF,0.012163814341545178,0.03652442341859319,0.9513117622398617
25943,LOF,0.3310041233839524,0.05448971298876296,0.6145061636272846
25944,Neutral,0.494215852837269,0.02082025365281644,0.48496389350991453
25945,LOF,0.07415767521612411,0.018946211491561265,0.9068961132923147
25946,LOF,0.032937938049171694,0.09631108104757609,0.8707509809032521
25947,LOF,0.10304183549444157,0.16700311015426703,0.7299550543512915
25948,LOF,0.37587282477825135,0.008329276044892234,0.6157978991768565
25949,LOF,0.12052000102084272,0.03627370907466809,0.8432062899044892
25950,GOF,0.3289832240094434,0.33852911491566196,0.3324876610748947
25951,LOF,0.19322342671049314,0.27968967949170626,0.5270868937978006
25952,GOF,0.047025373639932054,0.49055681829086584,0.46241780806920213
25953,LOF,0.1533796682134472,0.10476222884311051,0.7418581029434422
25954,Neutral,0.4160401374519701,0.19557204912305795,0.388387813424972
25955,LOF,0.06398343606502811,0.07344310265769749,0.8625734612772743
25956,LOF,0.1558339620187659,0.11453660889919459,0.7296294290820395
25957,LOF,0.0367599829753668,0.03077383058452311,0.93246618644011
25958,LOF,0.05374060578858349,0.025808831785930998,0.9204505624254856
25959,LOF,0.06860056320768049,0.3220953889621045,0.609304047830215
25960,LOF,0.014996558608088788,0.05029559559277304,0.9347078457991382
25961,LOF,0.04091310922902948,0.026400420857480195,0.9326864699134902
25962,LOF,0.05526423856282866,0.03307634570967248,0.9116594157274988
25963,LOF,0.04000761905745905,0.19733468023207693,0.7626577007104641
25964,LOF,0.02916703402202247,0.15174272565773095,0.8190902403202467
25965,LOF,0.4454498194669716,0.058347444862476415,0.4962027356705519
25966,Neutral,0.5135074544787617,0.17183102348041807,0.31466152204082026
25967,LOF,0.016700080088980072,0.10954816030883407,0.8737517596021859
25968,LOF,0.031126857533364534,0.3820907049853872,0.5867824374812483
25969,LOF,0.032830553392638524,0.06535952648548296,0.9018099201218785
25970,LOF,0.05385949253334863,0.061110574969660145,0.8850299324969911
25971,LOF,0.061285060914380116,0.022053104024744936,0.9166618350608751
25972,LOF,0.06179684726257866,0.032514457273024565,0.9056886954643968
25973,LOF,0.07160214526228054,0.009342585775656366,0.919055268962063
25974,LOF,0.19048184688494646,0.014837638650771147,0.7946805144642825
25975,LOF,0.04479394894052449,0.02638168445715349,0.9288243666023219
25976,LOF,0.04230784790104018,0.015565009960869335,0.9421271421380905
25977,LOF,0.15060997510439017,0.0898838780139451,0.7595061468816647
25978,LOF,0.1526147315674908,0.09314523406340748,0.7542400343691017
25979,LOF,0.14031112333509285,0.09532597876426377,0.7643628979006434
25980,LOF,0.22106808327461472,0.11664396515651548,0.6622879515688699
25981,LOF,0.2512263052050756,0.11598168231047308,0.6327920124844514
25982,LOF,0.41572007575703784,0.07779384749042828,0.5064860767525339
25983,LOF,0.39005529093365415,0.08439792199093098,0.5255467870754149
25984,LOF,0.05072525186119529,0.04617728271831341,0.9030974654204913
25985,LOF,0.0412511609864001,0.2743223568694857,0.6844264821441142
25986,LOF,0.05367229087306473,0.3247920401241549,0.6215356690027803
25987,LOF,0.08740670192213858,0.06943974181046107,0.8431535562674003
25988,LOF,0.1629764712348119,0.06266121857243288,0.7743623101927553
25989,LOF,0.035343171817120385,0.11688163700966789,0.8477751911732117
25990,LOF,0.039104578772258126,0.16383040446662894,0.797065016761113
25991,LOF,0.1250184633856033,0.2372605665623177,0.637720970052079
25992,LOF,0.2848048541727471,0.15334104200286416,0.5618541038243887
25993,LOF,0.02238761664783719,0.0782340081036872,0.8993783752484755
25994,LOF,0.017550571402478798,0.07742492895731724,0.9050244996402039
25995,LOF,0.023363810811889787,0.16555709501169386,0.8110790941764164
25996,GOF,0.3107612323244091,0.38515602518030717,0.3040827424952837
25997,LOF,0.08006133500405446,0.380921282277332,0.5390173827186135
25998,Neutral,0.506047702503704,0.027936067625628173,0.46601622987066793
25999,LOF,0.09096282394404959,0.0983854872310089,0.8106516888249414
26000,LOF,0.13157209547267126,0.042759897478218414,0.8256680070491104
26001,LOF,0.19663507506382763,0.04868586198822967,0.7546790629479427
26002,LOF,0.10987666474962679,0.04028851070819965,0.8498348245421736
26003,GOF,0.012148363124758773,0.5944824522715991,0.393369184603642
26004,GOF,0.02579157231344636,0.7010401463914481,0.27316828129510556
26005,LOF,0.007403597717232705,0.4383513658590388,0.5542450364237285
26006,Neutral,0.5366191442064472,0.23667519798185227,0.2267056578117006
26007,GOF,0.022588631280867418,0.5091472481859839,0.46826412053314853
26008,GOF,0.018297938769927836,0.6250186273027214,0.35668343392735075
26009,GOF,0.022149682272684348,0.700553290495703,0.27729702723161276
26010,GOF,0.024516031201450114,0.6560255910954625,0.31945837770308727
26011,LOF,0.006746136375330889,0.40358228952043684,0.5896715741042322
26012,GOF,0.013281005369402498,0.5537311561350614,0.4329878384955361
26013,GOF,0.019544666532493545,0.6197380106278964,0.3607173228396101
26014,LOF,0.040652553308122244,0.10775976651450185,0.851587680177376
26015,LOF,0.15297935342418334,0.01644457233909563,0.830576074236721
26016,LOF,0.18616330440685958,0.055238075114758325,0.7585986204783821
26017,LOF,0.20551708723821105,0.08138574637499697,0.7130971663867921
26018,LOF,0.07663223024722146,0.04172140250526893,0.8816463672475097
26019,LOF,0.07159712873989689,0.033046714498226326,0.8953561567618767
26020,LOF,0.06366982015540691,0.09240306923473555,0.8439271106098575
26021,LOF,0.04503041055622059,0.09177298667263997,0.8631966027711394
26022,LOF,0.01070648875527553,0.039827051403043365,0.949466459841681
26023,LOF,0.06531692181442757,0.02569575238770166,0.9089873257978708
26024,LOF,0.030212937689955987,0.10078910199856474,0.8689979603114792
26025,LOF,0.13863918292470956,0.08552345897632177,0.7758373580989686
26026,LOF,0.3102214575741804,0.027280684720811358,0.6624978577050082
26027,LOF,0.05794374028246807,0.01986493351774573,0.922191326199786
26028,LOF,0.164216513348126,0.06167856711484703,0.774104919537027
26029,LOF,0.06265880558471178,0.14275081006669024,0.7945903843485979
26030,LOF,0.02203855934849423,0.032396425196096895,0.9455650154554088
26031,LOF,0.024643886596981007,0.10147608350376902,0.8738800298992501
26032,LOF,0.0685579494429476,0.04866715807884469,0.8827748924782078
26033,LOF,0.09366370679765992,0.04856460914393659,0.8577716840584035
26034,LOF,0.040926500264507816,0.1294830835273577,0.8295904162081345
26035,LOF,0.0253182310412825,0.12041051439478323,0.8542712545639343
26036,LOF,0.03708513092342104,0.134875868474953,0.8280390006016259
26037,LOF,0.02127206504495665,0.09581588657701846,0.882912048378025
26038,LOF,0.06500279422716533,0.051011591503680315,0.8839856142691545
26039,LOF,0.047567514963794987,0.12284412603876413,0.8295883589974408
26040,LOF,0.21545421918407912,0.09034958798004887,0.6941961928358721
26041,LOF,0.022600590961792576,0.08966588281286093,0.8877335262253464
26042,LOF,0.020418257900351493,0.08542189949069458,0.894159842608954
26043,LOF,0.06577162767427108,0.05875525518071925,0.8754731171450097
26044,LOF,0.01895995347802238,0.04449300603910952,0.9365470404828682
26045,LOF,0.06757647333668124,0.07987368626393611,0.8525498403993825
26046,LOF,0.061409014247507256,0.049714769494934745,0.888876216257558
26047,LOF,0.08095026305554792,0.051848984286791265,0.8672007526576608
26048,LOF,0.04441845915105113,0.032639206732226214,0.9229423341167227
26049,Neutral,0.9668798810780009,0.005616686473877452,0.027503432448121704
26050,Neutral,0.9508352087533671,0.007000034507303214,0.04216475673932978
26051,LOF,0.04930310592826945,0.2399027139511173,0.7107941801206132
26052,LOF,0.06608278361919849,0.2665440912317379,0.6673731251490637
26053,LOF,0.06487737066487492,0.1435396269959463,0.7915830023391788
26054,LOF,0.04954435005852556,0.018507828736949096,0.9319478212045254
26055,LOF,0.06362785347800032,0.017529143335042158,0.9188430031869576
26056,LOF,0.05626148062422324,0.01996188386189428,0.9237766355138824
26057,LOF,0.03227863365886234,0.01317440581331829,0.9545469605278194
26058,LOF,0.03282803852065041,0.010814637616404832,0.9563573238629448
26059,LOF,0.26698136881330825,0.02170070600140985,0.7113179251852819
26060,LOF,0.04389404488209104,0.16695795323702606,0.789148001880883
26061,LOF,0.01582582219568758,0.01313689392670304,0.9710372838776093
26062,LOF,0.009847260383177927,0.019253831337734076,0.970898908279088
26063,LOF,0.020714162765061123,0.010577882721938594,0.9687079545130003
26064,LOF,0.0182332657193937,0.025704603907747845,0.9560621303728585
26065,LOF,0.024721145305164307,0.011200605812911104,0.9640782488819246
26066,LOF,0.02056531526776275,0.010895636778185511,0.9685390479540518
26067,LOF,0.029145508554181482,0.009257061309429049,0.9615974301363894
26068,LOF,0.04236045411988056,0.029093900051737648,0.9285456458283818
26069,LOF,0.2547898060141972,0.01931898539365944,0.7258912085921433
26070,LOF,0.3866217171992315,0.016933298268650143,0.5964449845321184
26071,LOF,0.019867877553439266,0.011971181773506702,0.968160940673054
26072,LOF,0.01685654999192439,0.02386683866942357,0.959276611338652
26073,LOF,0.019705631667144372,0.01499703610043596,0.9652973322324195
26074,Neutral,0.9107249289857469,0.006020867019329468,0.08325420399492366
26075,LOF,0.04537402476960314,0.014263495412090857,0.940362479818306
26076,LOF,0.03708690678889226,0.009329519277594343,0.9535835739335135
26077,LOF,0.009333075897189088,0.013902247790497408,0.9767646763123136
26078,LOF,0.014182808479700156,0.013272745401502034,0.9725444461187979
26079,LOF,0.06090966108662174,0.016402598129993014,0.9226877407833852
26080,LOF,0.059672362712631606,0.016463363263862295,0.9238642740235061
26081,LOF,0.03717607575114861,0.006702450113958703,0.9561214741348927
26082,LOF,0.012626199408369456,0.015258490670361816,0.9721153099212687
26083,LOF,0.17599958247927094,0.014848374649548933,0.8091520428711803
26084,LOF,0.04567880357516858,0.012834907911255135,0.9414862885135762
26085,LOF,0.04071621948339701,0.012425588064208527,0.9468581924523944
26086,LOF,0.020781779510838563,0.012310844962644523,0.966907375526517
26087,LOF,0.0235237752631363,0.00920853875825561,0.9672676859786081
26088,LOF,0.015612667667271487,0.024454810033430717,0.9599325222992978
26089,LOF,0.040133120825871664,0.023433227589626925,0.9364336515845014
26090,LOF,0.03977247246174665,0.01832131204561254,0.9419062154926408
26091,LOF,0.032317948146698645,0.00655829378034523,0.961123758072956
26092,LOF,0.023025979220048794,0.008007627635795015,0.9689663931441562
26093,LOF,0.03400495788969191,0.00631299358494206,0.959682048525366
26094,LOF,0.03380433114079863,0.006103234730321129,0.9600924341288803
26095,LOF,0.0390764776842698,0.014443843906850485,0.9464796784088797
26096,LOF,0.017690874184696247,0.011667471926134218,0.9706416538891696
26097,LOF,0.011773508825056692,0.042958544996785336,0.9452679461781579
26098,LOF,0.07980931478486442,0.012495206384245705,0.9076954788308899
26099,LOF,0.02053521763793172,0.01254144972085918,0.966923332641209
26100,LOF,0.022327941194724657,0.012303565766398879,0.9653684930388765
26101,LOF,0.04539813490442709,0.018470349091137688,0.9361315160044353
26102,LOF,0.02035720799942665,0.014900811748094005,0.9647419802524794
26103,Neutral,0.8717399535179702,0.01980461926042362,0.10845542722160618
26104,LOF,0.07803925822777993,0.02358197147678622,0.8983787702954338
26105,LOF,0.2007371048124038,0.2616788492408367,0.5375840459467596
26106,LOF,0.1528641787336827,0.12893836753634158,0.7181974537299757
26107,LOF,0.23689511872331345,0.0852997418995542,0.6778051393771323
26108,LOF,0.23914725824185096,0.09025121096548205,0.670601530792667
26109,LOF,0.07399018984431945,0.05918307870308391,0.8668267314525966
26110,LOF,0.23009011722752548,0.006918917987462327,0.7629909647850122
26111,Neutral,0.5136845116206183,0.02357752255692748,0.46273796582245424
26112,LOF,0.03367347488748001,0.006725618866230066,0.9596009062462898
26113,LOF,0.0637587816937659,0.016016833995544662,0.9202243843106893
26114,LOF,0.023563031135212402,0.030127894691731598,0.946309074173056
26115,LOF,0.08443799940610504,0.049487103569695566,0.8660748970241994
26116,LOF,0.06200055500728947,0.05760546657542097,0.8803939784172896
26117,LOF,0.45647229149870594,0.04206211055582051,0.5014655979454735
26118,LOF,0.03268123741491217,0.022581796235905723,0.944736966349182
26119,LOF,0.023390443087569834,0.03055294861621783,0.9460566082962124
26120,LOF,0.02569590937456974,0.01784712872271963,0.9564569619027106
26121,LOF,0.03907653128400048,0.08589552927829766,0.8750279394377017
26122,LOF,0.04132804517033121,0.03469668188990615,0.9239752729397627
