feature0,prediction,LoGoFunc_Neutral,LoGoFunc_GOF,LoGoFunc_LOF
25546,Neutral,0.6113096991820618,0.05170650403182755,0.33698379678611057
25547,Neutral,0.4938595788133439,0.0827957060564525,0.42334471513020366
25548,Neutral,0.49927010781000397,0.06510574346381917,0.4356241487261768
25549,LOF,0.4268231972398673,0.06546021997205495,0.5077165827880777
25550,LOF,0.343880116703855,0.10292345875958533,0.5531964245365597
25551,LOF,0.3117692807611679,0.11891375730673893,0.5693169619320931
25552,LOF,0.2781548486344734,0.1189925988851758,0.6028525524803507
25553,Neutral,0.7801652830565969,0.04690900576928689,0.1729257111741163
25554,LOF,0.30987735176573616,0.11009214768904525,0.5800305005452187
25555,LOF,0.2703339484566625,0.09822728697054348,0.6314387645727941
25556,LOF,0.44442550011851106,0.08347489131268915,0.4720996085687998
25557,LOF,0.25506801698225035,0.10967059065619313,0.6352613923615565
25558,LOF,0.30390556704969796,0.10398958459065492,0.5921048483596472
25559,LOF,0.29307683522739547,0.1600719754001431,0.5468511893724614
25560,LOF,0.18457250835236266,0.09618528601292996,0.7192422056347074
25561,LOF,0.16919220612336533,0.11829293094077598,0.7125148629358586
25562,LOF,0.08211075745419263,0.07675361724335315,0.8411356253024541
25563,LOF,0.03483875483284887,0.11107189380691612,0.8540893513602349
25564,LOF,0.21258157893996468,0.09770821271576138,0.6897102083442739
25565,LOF,0.21250191514289252,0.14970940752210246,0.637788677335005
25566,GOF,0.07761916910865377,0.6616658524897584,0.26071497840158786
25567,LOF,0.044136500763071934,0.18977354039540245,0.7660899588415256
25568,LOF,0.06462498499787572,0.111858421211539,0.8235165937905853
25569,LOF,0.058106121282381906,0.11447852091392845,0.8274153578036897
25570,LOF,0.027822909430725514,0.1364803687141022,0.8356967218551723
25571,LOF,0.026848477793041416,0.14508632995262988,0.8280651922543287
25572,LOF,0.06401304563024998,0.1617253921279769,0.7742615622417731
25573,LOF,0.056996519886420176,0.12985016223744067,0.8131533178761391
25574,LOF,0.0556924431504404,0.25780833216593063,0.686499224683629
25575,LOF,0.022487834884604284,0.1509421045753049,0.8265700605400909
25576,LOF,0.029812713045972095,0.20816186947857307,0.7620254174754549
25577,LOF,0.03237522959839133,0.15325139480260014,0.8143733755990086
25578,LOF,0.2835308762772717,0.13688943278004168,0.5795796909426867
25579,LOF,0.1846626093282031,0.13331073922976003,0.6820266514420369
25580,LOF,0.0197899717831604,0.1088998247879386,0.871310203428901
25581,LOF,0.051582342004429696,0.10313524360576555,0.8452824143898048
25582,LOF,0.05136376277031678,0.1011526692780224,0.8474835679516608
25583,LOF,0.02240315159808837,0.12060322482831926,0.8569936235735924
25584,Neutral,0.68352881375657,0.15194206784419503,0.16452911839923487
25585,LOF,0.02112459314339675,0.19384980266299334,0.7850256041936099
25586,LOF,0.01669788108157576,0.10230487472861413,0.8809972441898101
25587,LOF,0.016860114420734113,0.09611529680852925,0.8870245887707366
25588,LOF,0.01986730257115217,0.10781960875004944,0.8723130886787984
25589,Neutral,0.4923954829909934,0.2646008037968834,0.2430037132121231
25590,LOF,0.049912256625754575,0.16855459229512199,0.7815331510791234
25591,LOF,0.08790154179432837,0.0914307864983424,0.8206676717073292
25592,LOF,0.054951357672748995,0.20836487489813296,0.7366837674291181
25593,LOF,0.11496871144879792,0.3279121262813987,0.5571191622698034
25594,LOF,0.048450314488223664,0.0924399066381548,0.8591097788736215
25595,LOF,0.05174499392041974,0.06464338945898752,0.8836116166205926
25596,LOF,0.10359285564889059,0.03209200290607167,0.8643151414450378
25597,LOF,0.08173126113905914,0.042980348889293064,0.8752883899716478
25598,LOF,0.04576384442101775,0.06683749117456937,0.887398664404413
25599,LOF,0.02040301701742815,0.4431275742160462,0.5364694087665257
25600,GOF,0.1601748286312977,0.4668042586089742,0.37302091275972815
25601,LOF,0.03894888093350857,0.36082919804851915,0.6002219210179723
25602,LOF,0.03032407785447574,0.05927431857004653,0.9104016035754777
25603,LOF,0.033956674949346885,0.034942806638318266,0.9311005184123349
25604,LOF,0.03646844896871378,0.07771654057737064,0.8858150104539156
25605,LOF,0.03649838854699521,0.1695278933283226,0.7939737181246823
25606,LOF,0.4007278794921952,0.12209698437877041,0.4771751361290344
25607,LOF,0.031095868331231128,0.1690342335230675,0.7998698981457013
25608,LOF,0.04003057277228365,0.09552674844364645,0.8644426787840699
25609,GOF,0.14343431803556198,0.5353129582009448,0.3212527237634933
25610,LOF,0.014468572699899913,0.04224744271820858,0.9432839845818914
25611,LOF,0.012070015850769248,0.046741015659841796,0.941188968489389
25612,LOF,0.04446387847815686,0.07201656139687733,0.8835195601249658
25613,LOF,0.04381921489134953,0.0657135653299499,0.8904672197787006
25614,LOF,0.020897368018329154,0.038221155644940344,0.9408814763367305
25615,LOF,0.04251270109321016,0.0636853915814963,0.8938019073252936
25616,LOF,0.04611696783993633,0.042559601344921094,0.9113234308151426
25617,LOF,0.03819165793364786,0.05197108038004206,0.9098372616863101
25618,LOF,0.04027080862898599,0.05706316774407063,0.9026660236269434
25619,LOF,0.011950022378790972,0.05399256037825129,0.9340574172429577
25620,LOF,0.053180262775705284,0.06066813482587574,0.886151602398419
25621,LOF,0.05524887006064315,0.05220787738080491,0.8925432525585519
25622,LOF,0.0629006940181068,0.05050746954439005,0.8865918364375031
25623,LOF,0.06665368493471938,0.04476614587635906,0.8885801691889216
25624,LOF,0.01652319515841924,0.052192326291334974,0.9312844785502458
25625,LOF,0.05791126167707778,0.048657496501627505,0.8934312418212947
25626,LOF,0.04494814371952137,0.06315735600655763,0.8918945002739209
25627,Neutral,0.8842156474945486,0.02372124887876093,0.09206310362669047
25628,LOF,0.16279635744950435,0.06682005234798805,0.7703835902025077
25629,LOF,0.06396985287016893,0.05947951799880698,0.876550629131024
25630,LOF,0.2989290919242631,0.07513437319836067,0.6259365348773762
25631,Neutral,0.5273087539275297,0.06788804603094939,0.4048032000415209
25632,LOF,0.02834046525045908,0.07388451949040162,0.8977750152591393
25633,LOF,0.21365936723704118,0.045685331568795305,0.7406553011941635
25634,LOF,0.03468901378168812,0.09672333710086567,0.8685876491174461
25635,LOF,0.037104259058748715,0.047987971851376,0.9149077690898753
25636,LOF,0.035052620756250305,0.4491729363676572,0.5157744428760925
25637,GOF,0.06396990492986614,0.5120628350996209,0.4239672599705129
25638,LOF,0.035663153016285205,0.37337798803469624,0.5909588589490186
25639,LOF,0.029833854461176208,0.4011661677165629,0.5689999778222609
25640,Neutral,0.8350273242070589,0.11540086418435595,0.04957181160858531
25641,GOF,0.08711738056554676,0.4589214650820893,0.4539611543523639
25642,LOF,0.06626604026724121,0.16613210401531325,0.7676018557174455
25643,LOF,0.19392914677068399,0.11145945594812581,0.6946113972811901
25644,LOF,0.02668366759644129,0.47811890036803845,0.4951974320355202
25645,LOF,0.031182283086650574,0.4311541554257393,0.5376635614876102
25646,LOF,0.07118573115632489,0.34225140473770366,0.5865628641059715
25647,LOF,0.03248668615360917,0.2815649899618825,0.6859483238845083
25648,LOF,0.03453118683850355,0.28865532355842827,0.6768134896030682
25649,LOF,0.01832405572826633,0.2550398785057235,0.7266360657660101
25650,LOF,0.0575475634868258,0.44179773549349755,0.5006547010196767
25651,LOF,0.020482878613753853,0.30180257425326323,0.6777145471329828
25652,LOF,0.03700062114419294,0.307683330212983,0.6553160486428241
25653,GOF,0.10110938512248459,0.4571086000201507,0.44178201485736474
25654,LOF,0.022497443780884915,0.25641200065433795,0.7210905555647772
25655,GOF,0.2525438407562827,0.44353728671573384,0.3039188725279833
25656,LOF,0.3792835701997344,0.0909834811075425,0.5297329486927231
25657,LOF,0.06180554908129841,0.08730085328622066,0.850893597632481
25658,LOF,0.37260853493227847,0.09666459998975094,0.5307268650779706
25659,Neutral,0.5160374658437008,0.12054711397819672,0.36341542017810236
25660,LOF,0.021866292693333234,0.094050805408231,0.8840829018984357
25661,LOF,0.09553003438470092,0.06100908455161841,0.8434608810636806
25662,LOF,0.0331496760936668,0.03488932805571242,0.9319609958506208
25663,LOF,0.04151849305502153,0.04560902779205434,0.912872479152924
25664,LOF,0.13579041754881277,0.06327858545814583,0.8009309969930414
25665,LOF,0.05830435885499057,0.03325821260555121,0.9084374285394582
25666,LOF,0.094335883855626,0.0681881406521675,0.8374759754922064
25667,LOF,0.0746498037568963,0.03921167123576275,0.8861385250073409
25668,LOF,0.036702478495350556,0.04860803766002938,0.91468948384462
25669,LOF,0.02982596386143234,0.04472849096291313,0.9254455451756545
25670,LOF,0.15201841177295344,0.055044705524162935,0.7929368827028836
25671,LOF,0.11690033004628898,0.03473000006884606,0.848369669884865
25672,LOF,0.051756093167130084,0.04702211316049754,0.9012217936723724
25673,LOF,0.0798323329651269,0.05163359848968057,0.8685340685451924
25674,LOF,0.06911274874543581,0.060746848430301426,0.8701404028242627
25675,LOF,0.11584185381068507,0.06481409663698588,0.8193440495523291
25676,LOF,0.018550968697881406,0.0536261492000381,0.9278228821020805
25677,LOF,0.024024599562909858,0.07033957319516322,0.9056358272419268
25678,LOF,0.20720131476104534,0.07094097407702726,0.7218577111619273
25679,LOF,0.12486922188695697,0.0741062439859164,0.8010245341271266
25680,LOF,0.03144891894659671,0.12209067154251056,0.8464604095108927
25681,LOF,0.04663478729279327,0.10926357731302798,0.8441016353941788
25682,LOF,0.13992360409395183,0.07543201706032923,0.7846443788457189
25683,LOF,0.12186700488594579,0.08428921962269495,0.7938437754913593
25684,LOF,0.041072696640078614,0.06843075291388362,0.8904965504460378
25685,LOF,0.129619490807444,0.06844524296732452,0.8019352662252316
25686,LOF,0.07260519756874369,0.11366976173911371,0.8137250406921425
25687,LOF,0.1184909536900242,0.11494741807911234,0.7665616282308634
25688,LOF,0.34608854091049013,0.04762946604200902,0.6062819930475009
25689,LOF,0.27763960125148535,0.05216626218749934,0.6701941365610153
25690,LOF,0.3514900747166082,0.039872849280656736,0.6086370760027351
25691,Neutral,0.7206501583759162,0.034198765252115265,0.24515107637196862
25692,LOF,0.357483238518607,0.01468718695816205,0.627829574523231
25693,LOF,0.04882691581021051,0.4119504602726745,0.539222623917115
25694,LOF,0.11822114555837099,0.020425269538042065,0.8613535849035869
25695,LOF,0.11841892225929547,0.016510423450169856,0.8650706542905345
25696,LOF,0.12342027938756674,0.011387658219982593,0.8651920623924507
25697,LOF,0.0804460816617599,0.053622742574123874,0.8659311757641163
25698,LOF,0.3517917085135397,0.16037948426625517,0.4878288072202051
25699,Neutral,0.5426519592155445,0.04476004159200817,0.4125879991924472
25700,LOF,0.07751315135430147,0.009913959885044028,0.9125728887606546
25701,LOF,0.2027295363398304,0.057263193306523276,0.7400072703536464
25702,GOF,0.16726989924547098,0.5845970470136505,0.24813305374087866
25703,LOF,0.015466888734081368,0.14998165188696053,0.8345514593789581
25704,LOF,0.0365537359186995,0.10771658128843378,0.8557296827928668
25705,LOF,0.05165276345252198,0.1595435145422826,0.7888037220051953
25706,LOF,0.10714578522316541,0.4251083704986318,0.4677458442782027
25707,LOF,0.08619487967237026,0.3642295559529201,0.5495755643747097
25708,LOF,0.035821623058378285,0.3269900974157808,0.637188279525841
25709,LOF,0.06975954106060091,0.04719629771798835,0.8830441612214107
25710,LOF,0.011620709366781596,0.16726810840991527,0.8211111822233031
25711,LOF,0.02143258092663674,0.08682731365520917,0.8917401054181541
25712,LOF,0.014607200171856566,0.2126674140187819,0.7727253858093616
25713,LOF,0.018792078954801596,0.08732957670519403,0.8938783443400043
25714,LOF,0.07589895138933123,0.08295760371517817,0.8411434448954905
25715,LOF,0.01166119865737879,0.14681909659781162,0.8415197047448096
25716,LOF,0.011480801847300536,0.10037500916834453,0.8881441889843549
25717,LOF,0.015015951884249416,0.07478828434337247,0.9101957637723782
25718,LOF,0.011511579951533835,0.0951587935976923,0.893329626450774
25719,LOF,0.020070765924223046,0.08164342411139507,0.8982858099643818
25720,LOF,0.024297520795440515,0.07590955019993409,0.8997929290046254
25721,LOF,0.013762904787615278,0.11771038437724861,0.8685267108351361
25722,LOF,0.0141542481311088,0.12727269602552355,0.8585730558433676
25723,LOF,0.023927945267391837,0.051703761913205866,0.9243682928194022
25724,LOF,0.033370949866038564,0.09058516613692282,0.8760438839970386
25725,LOF,0.01179190059265602,0.08593933718495848,0.9022687622223855
25726,LOF,0.01575889024731036,0.12159125283148284,0.8626498569212069
25727,LOF,0.012244323198318247,0.08973339998047566,0.8980222768212061
25728,LOF,0.010320618257407174,0.11339538297755773,0.8762839987650352
25729,LOF,0.010500805207316615,0.11401129454584531,0.8754879002468381
25730,LOF,0.013883718255957108,0.09380385394143945,0.8923124278026036
25731,LOF,0.01954364677647148,0.10388770097317321,0.8765686522503554
25732,LOF,0.01423766537890541,0.08228148596551185,0.9034808486555826
25733,LOF,0.015957111813406095,0.08162975281822266,0.9024131353683712
25734,LOF,0.010106308864974173,0.12602666185790398,0.8638670292771218
25735,LOF,0.011940781352393988,0.08481299760338304,0.903246221044223
25736,LOF,0.013141287687933068,0.09882945548203839,0.8880292568300285
25737,LOF,0.012388076459712662,0.08414297863685043,0.9034689449034369
25738,LOF,0.011913450264780339,0.11880555085668977,0.8692809988785299
25739,LOF,0.021046600610469618,0.08638714534291253,0.8925662540466179
25740,LOF,0.026886032451691123,0.1330764399430463,0.8400375276052626
25741,LOF,0.01511464562350511,0.12353283000628525,0.8613525243702097
25742,LOF,0.13137537587159032,0.086480704910681,0.7821439192177287
25743,LOF,0.037531481274802235,0.06426006383470995,0.8982084548904878
25744,Neutral,0.5484640939950131,0.27175759158594026,0.17977831441904665
25745,LOF,0.05718582045807058,0.08624923734555648,0.8565649421963729
25746,LOF,0.0399402163152054,0.11020255825684759,0.8498572254279471
25747,LOF,0.018147651504496463,0.08235264321018408,0.8994997052853194
25748,LOF,0.1058815976361433,0.12781570567799197,0.7663026966858647
25749,LOF,0.026683708418051198,0.10287729210166409,0.8704389994802848
25750,LOF,0.07531475003092993,0.10829359196430112,0.8163916580047689
25751,LOF,0.07830020755130704,0.15170038590518112,0.7699994065435118
25752,GOF,0.12435361380685632,0.6205106976210222,0.25513568857212143
25753,LOF,0.0226019115496268,0.2851998942493558,0.6921981942010174
25754,GOF,0.014333595474371867,0.7980565205805843,0.18760988394504374
25755,LOF,0.026211457690984992,0.4084483571078015,0.5653401852012137
25756,LOF,0.04979786111845118,0.36634714690904385,0.583854991972505
25757,GOF,0.019041670292629598,0.8492800471929579,0.1316782825144126
25758,GOF,0.030355185368230585,0.807077965291079,0.16256684934069052
25759,GOF,0.011649707153533704,0.6047607535967069,0.38358953924975936
25760,LOF,0.014687409425427197,0.28173589405029437,0.7035766965242783
25761,GOF,0.29429618901792115,0.607784640974053,0.09791917000802584
25762,LOF,0.04520677886006591,0.26923330711241195,0.685559914027522
25763,LOF,0.01625290237679417,0.22238633814359615,0.7613607594796097
25764,GOF,0.09005123237932366,0.6524602104958478,0.25748855712482854
25765,GOF,0.03522858970884498,0.7291143168502081,0.23565709344094696
25766,GOF,0.08045196531965733,0.7388433279891655,0.18070470669117727
25767,GOF,0.1420493832578419,0.548015983717038,0.30993463302512014
25768,LOF,0.10374564608045427,0.05179160896396293,0.8444627449555827
25769,LOF,0.05976725835891019,0.05949367734179079,0.880739064299299
25770,LOF,0.3066016955028603,0.09454868818803154,0.5988496163091082
25771,LOF,0.047012131299761964,0.043910683103562456,0.9090771855966756
25772,LOF,0.018968561552050487,0.045470944455905486,0.935560493992044
25773,LOF,0.04679619724428627,0.08349723471342863,0.8697065680422851
25774,LOF,0.028589926369017277,0.0858633433011916,0.885546730329791
25775,LOF,0.048375840565902224,0.049478473786085234,0.9021456856480126
25776,LOF,0.0770157348047235,0.027299958688435003,0.8956843065068416
25777,LOF,0.3783323825571018,0.05857973577663166,0.5630878816662666
25778,LOF,0.07783706178507487,0.0471071831169795,0.8750557550979456
25779,GOF,0.3753751944944382,0.5866918831993008,0.037932922306261045
25780,GOF,0.35470535720762275,0.581131977728672,0.06416266506370531
25781,GOF,0.1211737099562918,0.7839893543806175,0.0948369356630907
25782,GOF,0.18898587941871103,0.7337231687234074,0.07729095185788157
25783,GOF,0.021364628438640686,0.636904591570855,0.34173077999050433
25784,Neutral,0.4942242054452869,0.4659313180698468,0.0398444764848664
25785,Neutral,0.4848797400824331,0.48381717695613674,0.031303082961430195
25786,GOF,0.02867043284124802,0.7898880724139202,0.18144149474483168
25787,Neutral,0.6497707556805452,0.3284191742315627,0.021810070087892163
25788,LOF,0.0547331981422748,0.11098939257931303,0.8342774092784121
25789,GOF,0.22794581924491752,0.6524109193167094,0.11964326143837317
25790,GOF,0.21139064489510206,0.694227181812474,0.09438217329242397
25791,GOF,0.14362803414422579,0.7170081469835822,0.13936381887219204
25792,GOF,0.3536615130151977,0.543292774623572,0.1030457123612303
25793,GOF,0.24897261626627176,0.5631892887424974,0.18783809499123086
25794,GOF,0.3174512228137543,0.5424259061006081,0.14012287108563765
25795,GOF,0.07635537530766379,0.6835409920783642,0.24010363261397202
25796,Neutral,0.5565699383823768,0.371639426864242,0.07179063475338132
25797,GOF,0.09949526796323503,0.5330051795155336,0.3674995525212313
25798,GOF,0.008740305248265625,0.5335682359444512,0.4576914588072832
25799,LOF,0.007132123429440322,0.4259010210957997,0.56696685547476
25800,GOF,0.034881009187319345,0.6059330803563558,0.3591859104563248
25801,GOF,0.22460600066425956,0.664099093705334,0.11129490563040641
25802,GOF,0.05234527618177984,0.7101820193096672,0.23747270450855298
25803,GOF,0.03464651166078849,0.589292558557414,0.3760609297817975
25804,GOF,0.03310710457767085,0.5240356278209145,0.44285726760141475
25805,GOF,0.09414978619625049,0.615635233494728,0.2902149803090213
25806,GOF,0.11086499400864103,0.6179458413785723,0.2711891646127865
25807,GOF,0.019030525214245603,0.6184551766074253,0.36251429817832903
25808,GOF,0.0903571837253284,0.6285928231352592,0.2810499931394125
25809,GOF,0.02100521295732101,0.6134442596561492,0.36555052738652993
25810,GOF,0.019863824055688675,0.6297488229988545,0.3503873529454569
25811,Neutral,0.4803961528704021,0.452856361113376,0.066747486016222
25812,GOF,0.033226957193872045,0.6432903697385678,0.32348267306756
25813,Neutral,0.5372042179568429,0.3584774712986663,0.10431831074449077
25814,GOF,0.12644677831877296,0.6457129196829053,0.22784030199832161
25815,GOF,0.21098879389377748,0.5929210719868307,0.19609013411939186
25816,GOF,0.020489002774000533,0.6818397869936075,0.29767121023239207
25817,GOF,0.2550096537723504,0.6143966225095817,0.13059372371806788
25818,GOF,0.05813866578627827,0.6138979189830773,0.3279634152306445
25819,GOF,0.38753201143971694,0.47568425631440975,0.13678373224587334
25820,GOF,0.17425451009659024,0.6022532353595964,0.22349225454381338
25821,GOF,0.05707585998518527,0.6658926118340082,0.27703152818080656
25822,GOF,0.24254821414693867,0.5296370755901659,0.22781471026289538
25823,GOF,0.032471595268759375,0.5192993561777904,0.44822904855345014
25824,GOF,0.07879651142354661,0.5671822651217934,0.35402122345466
25825,GOF,0.0309566065290813,0.5513513610299217,0.4176920324409971
25826,GOF,0.011499584728077009,0.5361916978004193,0.45230871747150364
25827,GOF,0.02298119235776906,0.5843439920889466,0.39267481555328426
25828,GOF,0.014464531759374271,0.5224327791663942,0.46310268907423147
25829,GOF,0.006537577133389368,0.5746057978925903,0.41885662497402043
25830,LOF,0.0374855868769629,0.3298566812413831,0.6326577318816539
25831,GOF,0.2084324273780738,0.6634872142584667,0.12808035836345957
25832,GOF,0.031422919121269696,0.6923496966271573,0.276227384251573
25833,GOF,0.13287799393476457,0.6981571419792454,0.16896486408598996
25834,GOF,0.03978590158171456,0.7012876746877815,0.25892642373050384
25835,GOF,0.08644750788614168,0.735360881025217,0.17819161108864134
25836,GOF,0.04837240071007383,0.682368470035455,0.2692591292544712
25837,GOF,0.02639232360404185,0.5580727770279557,0.4155348993680026
25838,GOF,0.08469946588774517,0.7362886929120748,0.17901184120018007
25839,GOF,0.30552564946271926,0.5569741211795848,0.137500229357696
25840,GOF,0.2568768322404181,0.6038461539071601,0.1392770138524219
25841,GOF,0.2591885959721888,0.5902394011187333,0.15057200290907796
25842,GOF,0.21673662917915157,0.6444800478589335,0.13878332296191484
25843,GOF,0.27382922151533656,0.6330400431691092,0.09313073531555423
25844,GOF,0.06778181689074601,0.700044719661818,0.232173463447436
25845,GOF,0.015998707834019986,0.5030334021489989,0.4809678900169811
25846,GOF,0.11902644248942541,0.7245263784079459,0.15644717910262868
25847,GOF,0.1305086059944829,0.7688815157507238,0.10060987825479323
25848,GOF,0.037914546476053426,0.6948484910578795,0.267236962466067
25849,GOF,0.011021382485879359,0.5891750666700366,0.39980355084408403
25850,GOF,0.02211690350336307,0.6786628950625472,0.2992202014340899
25851,GOF,0.01653098581595424,0.5760722736139378,0.40739674057010805
25852,GOF,0.16282712178057027,0.5629275087431421,0.2742453694762876
25853,GOF,0.3662052490592684,0.5753776724109649,0.05841707852976674
25854,GOF,0.02035454171757002,0.6605109521759277,0.31913450610650224
25855,GOF,0.03515072829629841,0.5963557723122803,0.3684934993914213
25856,GOF,0.24839496364762642,0.5419897482235795,0.2096152881287941
25857,GOF,0.034361240464057675,0.5125890525083717,0.4530497070275706
25858,GOF,0.016739687162768347,0.5642776208813115,0.41898269195592014
25859,GOF,0.009601160603482421,0.5482980494654787,0.4421007899310389
25860,GOF,0.3782935113439109,0.5508006980473054,0.07090579060878363
25861,GOF,0.42175767673904774,0.5064269199551086,0.07181540330584363
25862,GOF,0.09717864721121992,0.7555354997144027,0.1472858530743774
25863,GOF,0.09422803990105336,0.7609493247585188,0.14482263534042777
25864,GOF,0.20278651783323476,0.7062502967636631,0.09096318540310204
25865,GOF,0.08328240218492422,0.7884186282769275,0.1282989695381482
25866,GOF,0.06271795984134722,0.7956825387228841,0.14159950143576858
25867,GOF,0.09036333769011229,0.8046496230123247,0.10498703929756288
25868,GOF,0.27940584508531924,0.6236229020708112,0.0969712528438696
25869,Neutral,0.6781867756933149,0.28542937121845385,0.0363838530882313
25870,GOF,0.3205305785881258,0.36803083389172936,0.3114385875201449
25871,GOF,0.17852495171685379,0.6692910841215443,0.15218396416160193
25872,GOF,0.08709471061582445,0.6682798604753443,0.24462542890883138
25873,GOF,0.13702921748871835,0.6830562494586939,0.17991453305258767
25874,LOF,0.018410977561540125,0.1228623071645615,0.8587267152738984
25875,LOF,0.09481807418698066,0.03730749121836984,0.8678744345946496
25876,LOF,0.03705111136604838,0.0467766369548623,0.9161722516790892
25877,Neutral,0.5265058555334495,0.04310901891289331,0.4303851255536571
25878,LOF,0.21624058608727878,0.07692410694403251,0.7068353069686888
25879,LOF,0.0852322627984658,0.08094168553860581,0.8338260516629283
25880,LOF,0.023111347734501932,0.019663880370211714,0.9572247718952863
25881,LOF,0.18930939912298084,0.095429079821938,0.7152615210550811
25882,LOF,0.0699379244187701,0.01443878563158872,0.915623289949641
25883,LOF,0.0899114437757128,0.016249415705439446,0.8938391405188477
25884,LOF,0.03895620640225922,0.02682519245413509,0.9342186011436058
25885,LOF,0.0733216600413449,0.012631877795791098,0.9140464621628641
25886,LOF,0.34729787961070724,0.027172066856277075,0.6255300535330157
25887,LOF,0.15930507857651283,0.05585820378684257,0.7848367176366446
25888,LOF,0.07343394178997853,0.05129580389825609,0.8752702543117654
25889,LOF,0.051561861173263515,0.015931437078622164,0.9325067017481143
25890,LOF,0.055578769746787784,0.13485807849203552,0.8095631517611768
25891,LOF,0.046508310431639,0.04965352693996185,0.9038381626283991
25892,LOF,0.09419702060834186,0.022896334900333448,0.8829066444913246
25893,LOF,0.2547022032140749,0.017192203620934262,0.7281055931649909
25894,LOF,0.19444761270786506,0.010199974887590875,0.795352412404544
25895,LOF,0.22746455399864773,0.019177098860816408,0.753358347140536
25896,LOF,0.05047091036496724,0.01972889038222261,0.9298001992528101
25897,LOF,0.26896376867193317,0.012062998033039563,0.7189732332950273
25898,Neutral,0.7054612343968166,0.009202228208905597,0.2853365373942778
25899,LOF,0.2329056652391952,0.023521550139576262,0.7435727846212286
25900,LOF,0.44145529144179957,0.015607544006294006,0.5429371645519065
25901,LOF,0.05791143225183011,0.011940966630405926,0.930147601117764
25902,LOF,0.1784260443093198,0.011772338902980451,0.8098016167876997
25903,Neutral,0.5284527458233009,0.0313889152737174,0.4401583389029816
25904,LOF,0.2856475878660546,0.042588904684370536,0.6717635074495748
25905,LOF,0.02538761473507277,0.29647564307430957,0.6781367421906176
25906,LOF,0.01999182086636815,0.070975306635752,0.9090328724978799
25907,LOF,0.014506880310559682,0.30649310239226946,0.6790000172971709
25908,LOF,0.009834802987929983,0.22368629135402776,0.7664789056580422
25909,LOF,0.012860740628899598,0.13804542764911068,0.8490938317219897
25910,LOF,0.05264401091501843,0.12870736320405696,0.8186486258809247
25911,LOF,0.1676055948795865,0.0318209636136025,0.800573441506811
25912,LOF,0.04464816346381482,0.04750090346773278,0.9078509330684524
25913,LOF,0.30416455280264887,0.02570214583853517,0.6701333013588159
25914,LOF,0.01849438634898115,0.1275031065528012,0.8540025070982177
25915,Neutral,0.4206910973720246,0.3756050861328028,0.2037038164951725
25916,LOF,0.053808253589064166,0.4389083867984623,0.5072833596124735
25917,LOF,0.056202402452547005,0.09039053076979522,0.8534070667776578
25918,LOF,0.027178261442192393,0.07892501298330329,0.8938967255745043
25919,LOF,0.021555879974700994,0.08040306290310432,0.8980410571221946
25920,GOF,0.10080888870931383,0.476934697844317,0.4222564134463691
25921,LOF,0.027102679434200062,0.03047429837804701,0.942423022187753
25922,LOF,0.03840783608587117,0.019656236215564157,0.9419359276985646
25923,LOF,0.41197010201505313,0.024764992143662817,0.5632649058412841
25924,LOF,0.03537991539846023,0.04220125045463699,0.9224188341469027
25925,LOF,0.06653801953724522,0.029660955695609455,0.9038010247671453
25926,LOF,0.05057115561085408,0.023801933560178054,0.9256269108289679
25927,LOF,0.07402071228651608,0.07983405883852425,0.8461452288749597
25928,LOF,0.02130525761464859,0.04156380092464134,0.9371309414607101
25929,Neutral,0.5454635836583268,0.027156354842994057,0.4273800614986791
25930,LOF,0.05705907604571584,0.02199386201931546,0.9209470619349686
25931,LOF,0.02867318013609037,0.02388427839286624,0.9474425414710433
25932,LOF,0.027568361455516457,0.02072550034707066,0.9517061381974129
25933,LOF,0.04087206861924509,0.01456773300518567,0.9445601983755693
25934,LOF,0.02469558327858616,0.018434818967198546,0.9568695977542152
25935,LOF,0.05980050833147112,0.03644770639369172,0.9037517852748371
25936,LOF,0.04645553162844923,0.024014486946404165,0.9295299814251466
25937,LOF,0.02962553980436005,0.032279076057557504,0.9380953841380825
25938,LOF,0.06263366856566585,0.03756483439380777,0.8998014970405264
25939,LOF,0.040302819051240696,0.014570984765450738,0.9451261961833085
25940,LOF,0.0316835573311402,0.39971508165251024,0.5686013610163496
25941,LOF,0.20067055815656015,0.08910101773773677,0.7102284241057031
25942,LOF,0.01850666313742845,0.02772947222178734,0.9537638646407842
25943,LOF,0.3366011333584778,0.0508205488698629,0.6125783177716592
25944,LOF,0.48613331334127485,0.02391993767749581,0.48994674898122925
25945,LOF,0.07260720159941532,0.02209014441010454,0.9053026539904803
25946,LOF,0.02613715019387484,0.14744511324176515,0.8264177365643601
25947,LOF,0.12084388308036617,0.21324971662079134,0.6659064002988424
25948,LOF,0.4176271162873226,0.009818268018371457,0.5725546156943059
25949,LOF,0.09674047354578925,0.04287527567791002,0.8603842507763007
25950,GOF,0.27204120165816315,0.41657572663016595,0.31138307171167084
25951,LOF,0.2475696786420787,0.2333240765233896,0.5191062448345317
25952,LOF,0.047402634292893604,0.43216337345314626,0.52043399225396
25953,LOF,0.1321404385233736,0.10735843780196033,0.760501123674666
25954,Neutral,0.4255133891992386,0.18852114619617424,0.38596546460458714
25955,LOF,0.06360044563414709,0.07849294958166494,0.857906604784188
25956,LOF,0.1981351183532387,0.10711372658679696,0.6947511550599643
25957,LOF,0.03780454821372888,0.03638411322545833,0.9258113385608128
25958,LOF,0.06685324794467697,0.026621097730864806,0.9065256543244583
25959,LOF,0.0736609483776777,0.35634143512663197,0.5699976164956904
25960,LOF,0.020029658037145823,0.05380415637380732,0.926166185589047
25961,LOF,0.054331702599473855,0.027774994513844645,0.9178933028866816
25962,LOF,0.04937008535249341,0.03268763466528593,0.9179422799822208
25963,LOF,0.04261449430166013,0.1961585875538473,0.7612269181444926
25964,LOF,0.03998355496948784,0.14497675351255104,0.8150396915179611
25965,LOF,0.44743481771681204,0.08748572328506028,0.46507945899812764
25966,Neutral,0.4489613343275027,0.11820651418284878,0.4328321514896485
25967,LOF,0.012666183120917154,0.07291635446556341,0.9144174624135195
25968,LOF,0.031119077098485454,0.47412862284295354,0.494752300058561
25969,LOF,0.02551173899888743,0.06052782198681317,0.9139604390142994
25970,LOF,0.05968205675391482,0.05355071025354795,0.8867672329925372
25971,LOF,0.07928061112706017,0.01552997431292462,0.9051894145600152
25972,LOF,0.08021372029818387,0.019957691364482687,0.8998285883373336
25973,LOF,0.09142371278477682,0.007886187348204428,0.9006900998670188
25974,LOF,0.19969110692011802,0.016285192413046223,0.7840237006668357
25975,LOF,0.0533811017538076,0.027800044520678212,0.9188188537255143
25976,LOF,0.04804156482621517,0.014336343121835536,0.9376220920519492
25977,LOF,0.15106027972458608,0.09100082971367751,0.7579388905617365
25978,LOF,0.1468766002132057,0.05442435932921021,0.7986990404575841
25979,LOF,0.1365043038438875,0.05694089434343511,0.8065548018126774
25980,LOF,0.2180768045545569,0.07311876586390638,0.7088044295815367
25981,LOF,0.25265142069303237,0.0706088475328286,0.676739731774139
25982,LOF,0.4135402444215614,0.04730731212039643,0.5391524434580423
25983,LOF,0.3914737324810219,0.049527587631822835,0.5589986798871553
25984,LOF,0.05400839306972483,0.05084133326147994,0.8951502736687953
25985,LOF,0.02825510457979633,0.2394763641485479,0.7322685312716558
25986,LOF,0.04255216054781527,0.25998599945067713,0.6974618400015076
25987,LOF,0.07984534212644709,0.06350620108974497,0.856648456783808
25988,LOF,0.14495740276866168,0.05355103216679913,0.8014915650645391
25989,LOF,0.029581384171186394,0.09735597409381765,0.8730626417349959
25990,LOF,0.0361120675393244,0.12763283331229844,0.8362550991483771
25991,LOF,0.19465848708039138,0.2916708986365709,0.5136706142830377
25992,LOF,0.388628227275879,0.15787877527535882,0.45349299744876215
25993,LOF,0.024130783598642857,0.07384642639229087,0.9020227900090663
25994,LOF,0.01784900682468936,0.10185198528252791,0.8802990078927827
25995,LOF,0.026207226450541313,0.18040929392227567,0.793383479627183
25996,GOF,0.3217762449216564,0.43933918768614677,0.2388845673921968
25997,GOF,0.10653236211229908,0.4701739329052053,0.4232937049824955
25998,Neutral,0.5587015277621789,0.024898058038323463,0.4164004141994977
25999,LOF,0.11108129797453434,0.12308732292432716,0.7658313791011385
26000,LOF,0.17076351484748345,0.030665053232498494,0.798571431920018
26001,LOF,0.19417555212660426,0.031653221754699326,0.7741712261186965
26002,LOF,0.11863648679116448,0.033339820409886395,0.8480236927989491
26003,GOF,0.01164334995202599,0.5479391707221825,0.4404174793257915
26004,GOF,0.023690160684025102,0.6090327043571975,0.3672771349587774
26005,LOF,0.00902806425100676,0.42370922917906867,0.5672627065699245
26006,Neutral,0.5121181316998893,0.20671194493867062,0.2811699233614401
26007,GOF,0.0261951996023471,0.5148107962534813,0.4589940041441716
26008,GOF,0.020639634197390885,0.5577986949176652,0.42156167088494395
26009,GOF,0.0256017266262664,0.5952058710625703,0.3791924023111633
26010,GOF,0.02952238200822727,0.5815608242844924,0.38891679370728033
26011,LOF,0.008186675451396818,0.4213126315245103,0.5705006930240929
26012,GOF,0.016573312125984986,0.518909640548776,0.464517047325239
26013,GOF,0.02066626744700854,0.5676658553329648,0.4116678772200268
26014,LOF,0.037288733152342594,0.14685777139798387,0.8158534954496736
26015,LOF,0.23294725431343813,0.007733371029319733,0.7593193746572422
26016,LOF,0.23306205512592318,0.03574497073073635,0.7311929741433404
26017,LOF,0.23644005564646783,0.06281905011935397,0.7007408942341783
26018,LOF,0.10217457026560761,0.03169982801177639,0.8661256017226161
26019,LOF,0.09778192684424286,0.025054045280168174,0.877164027875589
26020,LOF,0.07108595320121223,0.09269238236721089,0.8362216644315769
26021,LOF,0.047681859754858745,0.10118639280205416,0.8511317474430871
26022,LOF,0.011423361373510398,0.04052804839756869,0.9480485902289209
26023,LOF,0.1218715776778904,0.02091408459894886,0.8572143377231608
26024,LOF,0.030062374543917292,0.10788988977160376,0.8620477356844789
26025,LOF,0.17175189405692046,0.08482052348142363,0.743427582461656
26026,LOF,0.33246604952300557,0.02018835497386678,0.6473455955031276
26027,LOF,0.09495515692451727,0.014244454220804004,0.8908003888546787
26028,LOF,0.16084587255288002,0.07298252425219044,0.7661716031949296
26029,LOF,0.08327964467436381,0.18648187004530026,0.7302384852803359
26030,LOF,0.027900096670275328,0.05742708278304563,0.914672820546679
26031,LOF,0.033926584048454694,0.1381500491718243,0.827923366779721
26032,LOF,0.07260151373327095,0.06581696276484511,0.8615815235018839
26033,LOF,0.12320016411825935,0.08392508719131958,0.7928747486904211
26034,LOF,0.05434134850337115,0.15447303594335215,0.7911856155532767
26035,LOF,0.03200285644229397,0.14637587757185258,0.8216212659858534
26036,LOF,0.04613157641652787,0.17381902684938624,0.7800493967340859
26037,LOF,0.02615369831324938,0.1181441965264193,0.8557021051603312
26038,LOF,0.0665739983863403,0.06902289176000984,0.8644031098536498
26039,LOF,0.06183894068261764,0.15096319943745218,0.7871978598799303
26040,LOF,0.20315348517069745,0.15036045994948186,0.6464860548798207
26041,LOF,0.02687529598599541,0.11177232784565565,0.861352376168349
26042,LOF,0.026771897673590464,0.10816065204087977,0.8650674502855298
26043,LOF,0.06529745517033665,0.08421964508055806,0.8504828997491053
26044,LOF,0.023558463189559776,0.07339789366066365,0.9030436431497766
26045,LOF,0.078290771675933,0.0966719773546205,0.8250372509694465
26046,LOF,0.06694556286151268,0.0821052527807377,0.8509491843577496
26047,LOF,0.09277836082506004,0.08830394956230288,0.8189176896126371
26048,LOF,0.05179771387183612,0.04923750433356813,0.8989647817945958
26049,Neutral,0.9580368277377665,0.0075570486040168324,0.03440612365821644
26050,Neutral,0.9436161661457788,0.009416163953676998,0.046967669900544115
26051,LOF,0.04534070003165935,0.32309180558642914,0.6315674943819115
26052,LOF,0.06633480757219576,0.36162691455952667,0.5720382778682775
26053,LOF,0.06705398609560531,0.1118820753312117,0.821063938573183
26054,LOF,0.05873377186276276,0.018805793847699256,0.9224604342895381
26055,LOF,0.07258198983186098,0.015406599477536618,0.9120114106906023
26056,LOF,0.05998794309408411,0.017047657443148772,0.922964399462767
26057,LOF,0.03252000089671735,0.01144056379708604,0.9560394353061966
26058,LOF,0.03369212303389784,0.00904276565580396,0.9572651113102981
26059,LOF,0.30186591630309895,0.020800709362906834,0.6773333743339941
26060,LOF,0.030296156209944934,0.16203517440082502,0.80766866938923
26061,LOF,0.018251273433530772,0.011348575869165265,0.970400150697304
26062,LOF,0.011241769296477837,0.020790704681413235,0.9679675260221089
26063,LOF,0.02415804639990945,0.012752042130026746,0.9630899114700637
26064,LOF,0.024158806911901778,0.019465475573374063,0.9563757175147243
26065,LOF,0.02661302425806622,0.012264606348691353,0.9611223693932424
26066,LOF,0.021983890391815974,0.011704415632127707,0.9663116939760563
26067,LOF,0.029525374274781625,0.00892038689073468,0.9615542388344838
26068,LOF,0.049480678664898504,0.03341056854875412,0.9171087527863473
26069,LOF,0.25159471404752515,0.02030238700014646,0.7281028989523284
26070,LOF,0.37816730541456844,0.014968041616793491,0.606864652968638
26071,LOF,0.02506118542633903,0.013418838006941101,0.9615199765667198
26072,LOF,0.02258145872777785,0.019210168701829202,0.958208372570393
26073,LOF,0.025803087100931783,0.011602382905099736,0.9625945299939686
26074,Neutral,0.9034784446278102,0.005639036182920917,0.09088251918926886
26075,LOF,0.046369540036504286,0.01587429917263025,0.9377561607908655
26076,LOF,0.0464870670748894,0.009094894359494766,0.9444180385656158
26077,LOF,0.008929823246757835,0.020684844750992193,0.97038533200225
26078,LOF,0.013912324016524343,0.012296132418145046,0.9737915435653305
26079,LOF,0.06418752344847231,0.01839604721136594,0.9174164293401617
26080,LOF,0.062457101800302534,0.018494101810347295,0.9190487963893501
26081,LOF,0.04018537241970085,0.006239085615674966,0.9535755419646241
26082,LOF,0.01696977330336777,0.01512505548397654,0.9679051712126556
26083,LOF,0.1397135464381798,0.012280807230756537,0.8480056463310637
26084,LOF,0.027783742987916086,0.01254967538454216,0.9596665816275417
26085,LOF,0.024002498296501616,0.011877314759888713,0.9641201869436098
26086,LOF,0.02514211196317545,0.01234820624074896,0.9625096817960755
26087,LOF,0.028141066201672813,0.008353232776917125,0.9635057010214101
26088,LOF,0.015719143198454927,0.026380213313243313,0.9579006434883018
26089,LOF,0.04645556660464363,0.02340041971092002,0.9301440136844363
26090,LOF,0.04420036730839571,0.01832261383682691,0.9374770188547774
26091,LOF,0.03931435590414531,0.006128928585539751,0.954556715510315
26092,LOF,0.028256103695366803,0.008445491399037573,0.9632984049055956
26093,LOF,0.040942250195162594,0.006087598822938325,0.9529701509818991
26094,LOF,0.04426084931021049,0.0065464001774919196,0.9491927505122976
26095,LOF,0.04466116129032265,0.013976463419102537,0.9413623752905749
26096,LOF,0.022202659216909452,0.011413645178586227,0.9663836956045044
26097,LOF,0.011622801844240362,0.03279574027423966,0.95558145788152
26098,LOF,0.07329194881621325,0.010809095411429749,0.9158989557723569
26099,LOF,0.02555548317900522,0.012734758493399332,0.9617097583275954
26100,LOF,0.028030099032328205,0.011988608571535666,0.9599812923961363
26101,LOF,0.05681249338154445,0.0120777343871398,0.9311097722313157
26102,LOF,0.026681936857623836,0.013900309108049727,0.9594177540343265
26103,Neutral,0.8886865792217097,0.01752118235435299,0.09379223842393725
26104,LOF,0.08123560330503835,0.02692344343369136,0.8918409532612702
26105,LOF,0.20757751104460428,0.2590100804010675,0.5334124085543283
26106,LOF,0.20665730014313557,0.1123828225286242,0.6809598773282401
26107,LOF,0.23092878147180898,0.08429061921890185,0.6847805993092891
26108,LOF,0.2303522861599352,0.12602488281379637,0.6436228310262685
26109,LOF,0.11582367657626096,0.08303317242205611,0.801143151001683
26110,LOF,0.2673970031807527,0.00641235828575718,0.7261906385334902
26111,Neutral,0.5143557821153301,0.015277553023223357,0.47036666486144657
26112,LOF,0.03467204125426336,0.007842706173696532,0.9574852525720402
26113,LOF,0.056778225132975216,0.01394085707775314,0.9292809177892716
26114,LOF,0.0296538209329267,0.028255145299868792,0.9420910337672045
26115,LOF,0.09440841671532897,0.06814313870621526,0.8374484445784558
26116,LOF,0.067783955847944,0.05497408380469251,0.8772419603473635
26117,LOF,0.4135248538765693,0.051099477411119774,0.535375668712311
26118,LOF,0.03554669233460595,0.028600642775217025,0.9358526648901769
26119,LOF,0.021961999070336035,0.03995498757416407,0.9380830133554998
26120,LOF,0.028138309065136462,0.027213051043092868,0.9446486398917707
26121,LOF,0.04610517765035869,0.09477469817417704,0.8591201241754644
26122,LOF,0.03564038125078095,0.04473531599469962,0.9196243027545195
