feature0,prediction,LoGoFunc_Neutral,LoGoFunc_GOF,LoGoFunc_LOF
25546,Neutral,0.6141677064630865,0.053983747115143504,0.33184854642177
25547,Neutral,0.4826367341223446,0.08962090018759668,0.4277423656900588
25548,Neutral,0.4903692477050343,0.0700933670963357,0.43953738519862984
25549,LOF,0.42869359620835357,0.07013743478881444,0.501168969002832
25550,LOF,0.3296203676117376,0.10392564443508844,0.5664539879531739
25551,LOF,0.3063696617605085,0.11412559370322117,0.5795047445362703
25552,LOF,0.2626606754256218,0.11892344659069275,0.6184158779836856
25553,Neutral,0.7893454674163778,0.041609444768929166,0.16904508781469318
25554,LOF,0.3025088611542417,0.10818576277945612,0.5893053760663023
25555,LOF,0.26083229940977304,0.09955547835102876,0.6396122222391981
25556,LOF,0.4345164062656595,0.0869841478550989,0.47849944587924165
25557,LOF,0.25497659466010825,0.10655134159448763,0.638472063745404
25558,LOF,0.30411389431062275,0.10264926355662814,0.5932368421327492
25559,LOF,0.2992151760468876,0.13834219982966706,0.5624426241234454
25560,LOF,0.18384452241314475,0.09670327141150976,0.7194522061753456
25561,LOF,0.17215726673309645,0.12333682920214162,0.704505904064762
25562,LOF,0.07831704138741005,0.07522299539335475,0.8464599632192352
25563,LOF,0.031708659911747775,0.11714139627965338,0.8511499438085988
25564,LOF,0.20817290378564113,0.10287794392869373,0.6889491522856651
25565,LOF,0.21685216830889123,0.14557205073183768,0.637575780959271
25566,GOF,0.07833201388922799,0.6888747409680457,0.2327932451427263
25567,LOF,0.04112745515031038,0.19126443021096842,0.7676081146387211
25568,LOF,0.060647264013788005,0.11052506989219847,0.8288276660940135
25569,LOF,0.05950232232576686,0.104661784629669,0.8358358930445641
25570,LOF,0.026158061520639035,0.1345847290981127,0.8392572093812481
25571,LOF,0.025837220229350366,0.13515427991689558,0.839008499853754
25572,LOF,0.059934021291512166,0.16135563078927365,0.7787103479192141
25573,LOF,0.06084547952165432,0.12519872010451716,0.8139558003738284
25574,LOF,0.061410916576101926,0.24945819609173178,0.6891308873321663
25575,LOF,0.02171010206427045,0.14632158879324833,0.8319683091424811
25576,LOF,0.024451191716135384,0.19942520289891796,0.7761236053849467
25577,LOF,0.028383667242304005,0.14637626922566055,0.8252400635320355
25578,LOF,0.2947211252799777,0.12653387989035025,0.5787449948296721
25579,LOF,0.18056159331426586,0.12510006120393827,0.694338345481796
25580,LOF,0.018645949377998215,0.112181551327337,0.8691724992946648
25581,LOF,0.052299262565124745,0.09920014175612951,0.8485005956787457
25582,LOF,0.05218515585171233,0.09692174191778749,0.8508931022305003
25583,LOF,0.022214588150209467,0.1169534858232853,0.8608319260265053
25584,Neutral,0.6888145861081576,0.1417079662378692,0.16947744765397324
25585,LOF,0.020862226490473073,0.18787470322937022,0.7912630702801566
25586,LOF,0.016420808016998106,0.09397257963745576,0.8896066123455462
25587,LOF,0.016472558260268708,0.08616474875702887,0.8973626929827023
25588,LOF,0.019550052682477528,0.10133446080765368,0.8791154865098687
25589,Neutral,0.49026187660121745,0.25629022174934324,0.2534479016494393
25590,LOF,0.04647544912001261,0.16986694894355633,0.7836576019364311
25591,LOF,0.08730957659666928,0.0881039717765542,0.8245864516267766
25592,LOF,0.05204099258636218,0.20083454047217858,0.7471244669414593
25593,LOF,0.11684494996653366,0.3249945892611761,0.5581604607722903
25594,LOF,0.04590311425137492,0.10105158301701508,0.8530453027316101
25595,LOF,0.04519679379419666,0.06910123985787775,0.8857019663479255
25596,LOF,0.1106480051719502,0.03173647199040548,0.8576155228376443
25597,LOF,0.08212467567516914,0.04399173572980106,0.8738835885950298
25598,LOF,0.04441581683907959,0.07342298267929917,0.8821612004816213
25599,LOF,0.02268163302865424,0.407431782020403,0.5698865849509429
25600,GOF,0.18357796112613925,0.433105486879355,0.3833165519945058
25601,LOF,0.039452001426141574,0.3412604766235861,0.6192875219502724
25602,LOF,0.03282437275395648,0.06384718705040117,0.9033284401956424
25603,LOF,0.036116359804917376,0.03787252903558317,0.9260111111594995
25604,LOF,0.036957640046527546,0.0862629120596427,0.8767794478938298
25605,LOF,0.03548963082919555,0.19906837913744294,0.7654419900333614
25606,LOF,0.3897791574395929,0.13142678910391395,0.47879405345649323
25607,LOF,0.027422064401627394,0.17947708433952486,0.7931008512588479
25608,LOF,0.04055310596482524,0.08816703114973978,0.871279862885435
25609,GOF,0.14663905261482724,0.5275649434570553,0.32579600392811753
25610,LOF,0.014240898756713031,0.038457931146976855,0.9473011700963101
25611,LOF,0.012258777818711965,0.042318012503971165,0.9454232096773167
25612,LOF,0.04230601463684456,0.06562546562503589,0.8920685197381195
25613,LOF,0.04232911802647984,0.06533104492583389,0.8923398370476864
25614,LOF,0.019769331687273874,0.03809073490704013,0.942139933405686
25615,LOF,0.040360689802833444,0.056367290394602636,0.9032720198025639
25616,LOF,0.047209817772427,0.03912283270020545,0.9136673495273675
25617,LOF,0.038562588627034336,0.04887874903223879,0.9125586623407268
25618,LOF,0.040294769531959124,0.054792892457942104,0.9049123380100988
25619,LOF,0.011720741163498144,0.05152262212807425,0.9367566367084277
25620,LOF,0.05468496030326637,0.05701270350157336,0.8883023361951602
25621,LOF,0.05553714043721554,0.0471832042627021,0.8972796553000824
25622,LOF,0.06112609924554909,0.04913559970063397,0.889738301053817
25623,LOF,0.06531893939140142,0.04422023185003214,0.8904608287585665
25624,LOF,0.015896119380476362,0.049855303868535664,0.934248576750988
25625,LOF,0.05725753761745299,0.04511927488901965,0.8976231874935273
25626,LOF,0.04148283324163717,0.058695008068973355,0.8998221586893895
25627,Neutral,0.8799837434809714,0.023360650625156326,0.09665560589387219
25628,LOF,0.14664725238156953,0.06844112868862709,0.7849116189298034
25629,LOF,0.061292021999444474,0.053105338567228315,0.8856026394333273
25630,LOF,0.24931812267763753,0.08395739419109588,0.6667244831312665
25631,Neutral,0.5258708550615308,0.07322948283865391,0.4008996620998153
25632,LOF,0.026372146495766607,0.07227458989150219,0.9013532636127312
25633,LOF,0.18297697834044466,0.04346021765077561,0.7735628040087797
25634,LOF,0.033942219872363746,0.09884817023423927,0.8672096098933969
25635,LOF,0.03287198474065151,0.04454481386051511,0.9225832013988333
25636,LOF,0.03296596958775202,0.4658509820254163,0.5011830483868317
25637,GOF,0.06238957946443478,0.5206142706719652,0.4169961498636
25638,LOF,0.02937934340805385,0.3845140362669229,0.5861066203250233
25639,LOF,0.028558348742452017,0.41457805806397274,0.5568635931935753
25640,Neutral,0.8228769618772502,0.12521609161214015,0.05190694651060959
25641,GOF,0.08991813079620095,0.46445521173175347,0.4456266574720456
25642,LOF,0.06519078880991465,0.16507498943855237,0.7697342217515329
25643,LOF,0.21453574549409785,0.123598479102259,0.6618657754036431
25644,LOF,0.026902189933303823,0.4817031987510456,0.4913946113156506
25645,LOF,0.031929115411528264,0.424612327410455,0.5434585571780168
25646,LOF,0.07164408251670101,0.3227754851705214,0.6055804323127775
25647,LOF,0.03195244852339184,0.26446291099592667,0.7035846404806815
25648,LOF,0.036354704449809636,0.25785142782268683,0.7057938677275036
25649,LOF,0.021050140355513402,0.23349903043470097,0.7454508292097856
25650,LOF,0.06105865590002074,0.42923767760646936,0.50970366649351
25651,LOF,0.02276668954488081,0.2779632899608211,0.699270020494298
25652,LOF,0.03550344314331619,0.26991521261248047,0.6945813442442034
25653,GOF,0.10253101403504909,0.4511635745907094,0.4463054113742415
25654,LOF,0.024891895012918205,0.24595867604391267,0.7291494289431691
25655,GOF,0.2605880180368346,0.4168063198651315,0.3226056620980339
25656,LOF,0.3663655947540537,0.09861738207050422,0.5350170231754421
25657,LOF,0.06386840669757501,0.08557691299310625,0.8505546803093187
25658,LOF,0.36408967052381774,0.0930679816625287,0.5428423478136535
25659,Neutral,0.5360269822697676,0.11157101332960512,0.3524020044006273
25660,LOF,0.023617875307872183,0.09324226508393442,0.8831398596081934
25661,LOF,0.09627813559535577,0.06328256601012672,0.8404392983945176
25662,LOF,0.034634332003773284,0.036317809752742174,0.9290478582434845
25663,LOF,0.04187961535473561,0.04821025755125725,0.9099101270940072
25664,LOF,0.13503274691316347,0.06408220756871222,0.8008850455181242
25665,LOF,0.055995306925260356,0.03107501858484067,0.9129296744898989
25666,LOF,0.08998284687289078,0.06450019384717358,0.8455169592799356
25667,LOF,0.07587694626186325,0.042223901948134905,0.8818991517900019
25668,LOF,0.03639897403905193,0.05107942236550264,0.9125216035954453
25669,LOF,0.03075701511434182,0.04675721007461927,0.922485774811039
25670,LOF,0.15195850679270578,0.060510681190508016,0.7875308120167861
25671,LOF,0.12071726297492487,0.03542512312042965,0.8438576139046455
25672,LOF,0.050497903923696436,0.04375722277993306,0.9057448732963705
25673,LOF,0.07641105331750604,0.050635226693119,0.872953719989375
25674,LOF,0.0659484104864787,0.06093239413056607,0.8731191953829552
25675,LOF,0.11514795401265938,0.06298415231693542,0.8218678936704052
25676,LOF,0.019065434702240286,0.05341145541360432,0.9275231098841553
25677,LOF,0.024259288417088045,0.07181552341753064,0.9039251881653814
25678,LOF,0.20648547197471823,0.07651101126932142,0.7170035167559603
25679,LOF,0.1236216970921193,0.08235448710964612,0.7940238157982347
25680,LOF,0.03189719488299057,0.11617257989904758,0.8519302252179619
25681,LOF,0.046939146521073415,0.10992956400992013,0.8431312894690064
25682,LOF,0.14713159633724665,0.07341134100972053,0.7794570626530328
25683,LOF,0.1264029964003655,0.08750280489170761,0.7860941987079269
25684,LOF,0.04126180682369724,0.0684443934265488,0.890293799749754
25685,LOF,0.12636451530987458,0.07173184265874634,0.8019036420313791
25686,LOF,0.09148176535307119,0.0960145583834707,0.8125036762634581
25687,LOF,0.1237077183008813,0.10611412486445068,0.7701781568346681
25688,LOF,0.34881396711598905,0.04680157392644063,0.6043844589575702
25689,LOF,0.2763245501431922,0.054556348004232265,0.6691191018525756
25690,LOF,0.34855666054806794,0.041946451271126825,0.6094968881808053
25691,Neutral,0.7198243915880852,0.0381082635838523,0.2420673448280626
25692,LOF,0.3703174842928535,0.013216998902499982,0.6164655168046466
25693,LOF,0.04639468742732008,0.43333529451978364,0.5202700180528963
25694,LOF,0.11966359304179729,0.018056710766591197,0.8622796961916116
25695,LOF,0.11951535759007653,0.016465469584811075,0.8640191728251124
25696,LOF,0.1331829896548015,0.011168919448970261,0.8556480908962282
25697,LOF,0.08738831034454289,0.053278807789618694,0.8593328818658384
25698,LOF,0.31959796669493573,0.1650950527362167,0.5153069805688476
25699,Neutral,0.561422704069006,0.04107072577585387,0.39750657015514007
25700,LOF,0.08000604888431333,0.009375696493129438,0.9106182546225573
25701,LOF,0.18426568181246042,0.042421386608885406,0.7733129315786542
25702,GOF,0.1646297733215704,0.5880507391596324,0.24731948751879723
25703,LOF,0.016417410252619953,0.14889736442857954,0.8346852253188005
25704,LOF,0.03804726140615684,0.1033156323564939,0.8586371062373493
25705,LOF,0.052843979734013086,0.15128292107029603,0.7958730991956908
25706,GOF,0.0941660218645554,0.4561434361650334,0.44969054197041125
25707,LOF,0.08244150476455096,0.39299543249363467,0.5245630627418144
25708,LOF,0.032768610188301676,0.37979794699622427,0.587433442815474
25709,LOF,0.06570457717606316,0.04506088672691346,0.8892345360970234
25710,LOF,0.012369850631877765,0.15576310303278923,0.831867046335333
25711,LOF,0.021017195441045074,0.07850866604181231,0.9004741385171428
25712,LOF,0.01566360997597346,0.19205937298250025,0.7922770170415262
25713,LOF,0.01865345952375521,0.07940892403876332,0.9019376164374815
25714,LOF,0.07391037217779027,0.07716709149290987,0.8489225363292998
25715,LOF,0.011415173870200357,0.1335270842705937,0.855057741859206
25716,LOF,0.012169296386538325,0.10637322381194125,0.8814574798015206
25717,LOF,0.016828251316184224,0.072256694124283,0.9109150545595329
25718,LOF,0.011545250166698039,0.09037634435976416,0.8980784054735378
25719,LOF,0.020691534201617054,0.0775106002390134,0.9017978655593696
25720,LOF,0.02436207936129616,0.07107049894584105,0.9045674216928627
25721,LOF,0.013732485588674,0.11314183711381504,0.873125677297511
25722,LOF,0.01429826403082108,0.11838493363841879,0.8673168023307603
25723,LOF,0.02299787591537621,0.04982365530112115,0.9271784687835026
25724,LOF,0.03488378534406298,0.0898290499666982,0.8752871646892388
25725,LOF,0.011339398815262096,0.07922859988134946,0.9094320013033885
25726,LOF,0.015974444432891546,0.11596969896366296,0.8680558566034455
25727,LOF,0.011972125568519081,0.08433626978580165,0.9036916046456793
25728,LOF,0.010134696774604698,0.10914401496053627,0.8807212882648591
25729,LOF,0.010214878555984547,0.1087431391327163,0.8810419823112992
25730,LOF,0.014003604355566163,0.0867459904255199,0.8992504052189139
25731,LOF,0.020234857498333095,0.09740288560470219,0.8823622568969648
25732,LOF,0.013656111126121091,0.07248965247599923,0.9138542363978797
25733,LOF,0.015941685709865313,0.07168111530847693,0.9123771989816578
25734,LOF,0.010446898438766684,0.11922443992362161,0.8703286616376117
25735,LOF,0.01168798667829383,0.08046307521924534,0.9078489381024608
25736,LOF,0.012916861398249367,0.09478433342519813,0.8922988051765526
25737,LOF,0.012276551182148626,0.07101520573581376,0.9167082430820377
25738,LOF,0.011674372450376584,0.10673474967785442,0.8815908778717689
25739,LOF,0.020013624256933198,0.07851340541972715,0.9014729703233397
25740,LOF,0.026435833966981574,0.12270505208945844,0.85085911394356
25741,LOF,0.01468632048379009,0.12280630732435416,0.8625073721918557
25742,LOF,0.1334358829060653,0.08470601131293715,0.7818581057809977
25743,LOF,0.03577750479275313,0.05675456084795517,0.9074679343592916
25744,Neutral,0.5255473730142853,0.28722514499090585,0.18722748199480888
25745,LOF,0.05955250896820203,0.08646349448369953,0.8539839965480985
25746,LOF,0.041171741866989776,0.11189168269877914,0.8469365754342312
25747,LOF,0.018264659649343044,0.07708389586504605,0.904651444485611
25748,LOF,0.10770937426221071,0.11659614505227185,0.7756944806855174
25749,LOF,0.02413978751982608,0.09961273652485686,0.876247475955317
25750,LOF,0.07436853435602028,0.09793817181218985,0.8276932938317899
25751,LOF,0.07738116220769843,0.141529527810805,0.7810893099814966
25752,GOF,0.11776188830881655,0.6325781659767971,0.24965994571438627
25753,LOF,0.025470148824212856,0.27884449616179086,0.6956853550139963
25754,GOF,0.012961624316976195,0.7841364158260481,0.20290195985697576
25755,LOF,0.027390152343219457,0.39311267475748707,0.5794971728992935
25756,LOF,0.05080760652521377,0.3623152795801922,0.586877113894594
25757,GOF,0.019179194234705554,0.8352906802363365,0.14553012552895805
25758,GOF,0.031891421080677676,0.7858930245577515,0.18221555436157078
25759,GOF,0.011826007436830764,0.6008935957088901,0.3872803968542791
25760,LOF,0.01420601499560265,0.2986099204499907,0.6871840645544067
25761,GOF,0.26250647460429977,0.6462196393541267,0.09127388604157348
25762,LOF,0.047355657961993834,0.26407640464711346,0.6885679373908926
25763,LOF,0.015392413688816471,0.2269476997773952,0.7576598865337882
25764,GOF,0.09601986040362129,0.6394828721047596,0.264497267491619
25765,GOF,0.03706993230009,0.7293868183022172,0.2335432493976927
25766,GOF,0.07423546035459741,0.7562306827094556,0.1695338569359469
25767,GOF,0.13406274513782113,0.5413009925950596,0.32463626226711934
25768,LOF,0.10814335013244548,0.05642107542896846,0.835435574438586
25769,LOF,0.05804902300480061,0.06706042308265242,0.8748905539125469
25770,LOF,0.32629015344565476,0.11508381225988268,0.5586260342944626
25771,LOF,0.04814428981865307,0.05268591882656545,0.8991697913547815
25772,LOF,0.01838951584719904,0.048496239489916756,0.9331142446628842
25773,LOF,0.045902632235895253,0.09795371748741821,0.8561436502766865
25774,LOF,0.026863232753817058,0.09107641106335608,0.8820603561828269
25775,LOF,0.047062607785731486,0.05813171481139656,0.894805677402872
25776,LOF,0.07735223789845638,0.028774218824180124,0.8938735432773635
25777,LOF,0.3197645424390923,0.07070325513416112,0.6095322024267464
25778,LOF,0.07503342416134141,0.04979688867966878,0.8751696871589898
25779,GOF,0.35445516576481767,0.6063706045553157,0.039174229679866654
25780,GOF,0.33357775222960984,0.5974940707822017,0.06892817698818827
25781,GOF,0.1419468615714738,0.7579244871473069,0.10012865128121924
25782,GOF,0.20473744648811606,0.7160696724442135,0.07919288106767036
25783,GOF,0.02174150072421315,0.6706705183601825,0.3075879809156043
25784,GOF,0.4784603552837733,0.4827833501743191,0.038756294541907516
25785,GOF,0.475059245960237,0.49166632545804606,0.03327442858171683
25786,GOF,0.028967775626721187,0.7578133247095098,0.21321889966376892
25787,Neutral,0.6515349923523118,0.3270186571593488,0.02144635048833937
25788,LOF,0.05541782818790097,0.10473835670237182,0.8398438151097272
25789,GOF,0.2260418396159669,0.6470588485520402,0.1268993118319929
25790,GOF,0.21756730379860703,0.6901103828190943,0.09232231338229852
25791,GOF,0.1783294549319099,0.6893246921214029,0.1323458529466872
25792,GOF,0.370014852370261,0.5321386860493189,0.09784646158042005
25793,GOF,0.24323240702464266,0.5578906894998609,0.19887690347549652
25794,GOF,0.3194086997071056,0.5353844338486637,0.14520686644423064
25795,GOF,0.08476038879161811,0.685998033107863,0.229241578100519
25796,Neutral,0.5531037219808072,0.37392178104177076,0.0729744969774221
25797,GOF,0.09363658060089258,0.5622417620852994,0.34412165731380806
25798,GOF,0.0093690910862932,0.5200047045615903,0.47062620435211655
25799,LOF,0.008058632491317266,0.43800958322497335,0.5539317842837094
25800,GOF,0.037602095766380225,0.6349839009642313,0.3274140032693884
25801,GOF,0.2159144421953276,0.6899147239932292,0.09417083381144328
25802,GOF,0.06112155331699019,0.714461304449349,0.2244171422336609
25803,GOF,0.042932790377470664,0.6023405990774868,0.3547266105450425
25804,GOF,0.03768669610096483,0.5434375312597817,0.4188757726392535
25805,GOF,0.10584593622081626,0.618080453370445,0.2760736104087388
25806,GOF,0.12155543323857514,0.6171881574181064,0.26125640934331845
25807,GOF,0.020335813357742986,0.6293994239336342,0.35026476270862267
25808,GOF,0.09967875238027242,0.6349129184655333,0.26540832915419427
25809,GOF,0.02113662353028519,0.6073855265518363,0.3714778499178785
25810,GOF,0.020260992042216385,0.6252294909882982,0.3545095169694855
25811,Neutral,0.46818658276762093,0.4660184389370074,0.06579497829537172
25812,GOF,0.03713231709080579,0.6539842536183667,0.30888342929082757
25813,Neutral,0.5053152554559516,0.3998184583955434,0.09486628614850505
25814,GOF,0.13704287962202377,0.6494886914378238,0.2134684289401524
25815,GOF,0.20233785138806304,0.6324586945416875,0.16520345407024942
25816,GOF,0.022593959442362425,0.697089096957221,0.2803169436004166
25817,GOF,0.24948585525626915,0.6293702199086697,0.12114392483506112
25818,GOF,0.05966630712189318,0.6305964267544225,0.3097372661236844
25819,GOF,0.38949624101669134,0.4827811423687651,0.1277226166145436
25820,GOF,0.17824506286434605,0.6287551003466582,0.1929998367889958
25821,GOF,0.060938092042231,0.6922189882837857,0.24684291967398342
25822,GOF,0.22317266995557908,0.5601033108059971,0.21672401923842388
25823,GOF,0.03512560053807035,0.5296064326257507,0.435267966836179
25824,GOF,0.08224698495281384,0.5817072215899328,0.3360457934572534
25825,GOF,0.03364906677739481,0.5641502204976987,0.40220071272490643
25826,GOF,0.011903620134279163,0.5389320350664186,0.4491643447993021
25827,GOF,0.025050396691718158,0.6009055022044131,0.3740441011038687
25828,GOF,0.015160377560939922,0.5250655660492539,0.4597740563898062
25829,GOF,0.007031819778965309,0.5738496231154765,0.4191185571055582
25830,LOF,0.037255287007476705,0.3219586700279098,0.6407860429646135
25831,GOF,0.21133175944861504,0.6625998523004308,0.12606838825095407
25832,GOF,0.03204382521793572,0.6921592013215652,0.27579697346049914
25833,GOF,0.13159219665594787,0.7137592496888887,0.15464855365516345
25834,GOF,0.04013370639329967,0.7102198496140326,0.24964644399266783
25835,GOF,0.08697584765702641,0.7558100000954249,0.1572141522475486
25836,GOF,0.04591520224142998,0.6911481360112249,0.26293666174734504
25837,GOF,0.027472463804323718,0.5537497348099735,0.4187778013857027
25838,GOF,0.09824412007715572,0.7423887701727627,0.15936710975008153
25839,GOF,0.2979106065167247,0.5801230195194659,0.12196637396380945
25840,GOF,0.2463114363532631,0.5997828530371527,0.1539057106095842
25841,GOF,0.2732150139691206,0.5769396585044645,0.1498453275264149
25842,GOF,0.21689831224811484,0.6600182099113104,0.1230834778405747
25843,GOF,0.27507746729110694,0.6420140545675207,0.0829084781413724
25844,GOF,0.07501111578682165,0.7097838997654842,0.21520498444769434
25845,GOF,0.01673643162307616,0.5257872279545912,0.4574763404223326
25846,GOF,0.13730807123896638,0.7165148677315415,0.14617706102949204
25847,GOF,0.12374889304101604,0.7721342900150571,0.10411681694392692
25848,GOF,0.03770301453830524,0.6934563803234522,0.2688406051382425
25849,GOF,0.012000744926885227,0.579063254040985,0.4089360010321298
25850,GOF,0.023319695346735333,0.6701912807504261,0.3064890239028385
25851,GOF,0.018804652406163212,0.5568793180767532,0.42431602951708347
25852,GOF,0.17944990913808456,0.5723977574741549,0.24815233338776058
25853,GOF,0.3806001595588204,0.5653311439976504,0.054068696443529386
25854,GOF,0.021499086558975353,0.6497860120576916,0.3287149013833331
25855,GOF,0.037746006126308324,0.6064398052330301,0.3558141886406616
25856,GOF,0.22607253422116422,0.5768741058234338,0.197053359955402
25857,GOF,0.03416753117194059,0.5218053284631556,0.44402714036490365
25858,GOF,0.018208537456646325,0.5887452480145358,0.3930462145288178
25859,GOF,0.01028853478599344,0.5587611623956887,0.4309503028183178
25860,GOF,0.34438280216368333,0.585379915411977,0.07023728242433973
25861,GOF,0.4048830147669951,0.5257295300124357,0.06938745522056926
25862,GOF,0.09171459898114016,0.7642741786240612,0.14401122239479877
25863,GOF,0.08992838229655004,0.7738517734350968,0.13621984426835307
25864,GOF,0.20599829513416712,0.7164312912652115,0.07757041360062149
25865,GOF,0.09027155462544927,0.8070356265730793,0.10269281880147144
25866,GOF,0.07154897625241849,0.7974190690247321,0.13103195472284931
25867,GOF,0.09862919378367281,0.807115895561041,0.09425491065528627
25868,GOF,0.248539883667405,0.6632944142044919,0.08816570212810332
25869,Neutral,0.6720140255673474,0.29132966118398235,0.03665631324867033
25870,GOF,0.29324327069484013,0.3780209760540626,0.3287357532510972
25871,GOF,0.20307577281712677,0.6538439514165313,0.14308027576634197
25872,GOF,0.08512922763616212,0.6428835199171399,0.271987252446698
25873,GOF,0.1479063469855578,0.6561891008378952,0.19590455217654704
25874,LOF,0.01957173243819747,0.1146930918325829,0.8657351757292195
25875,LOF,0.10194982731915986,0.041259988907496284,0.8567901837733438
25876,LOF,0.03807013263435297,0.04962001547412466,0.9123098518915224
25877,Neutral,0.5064536370175923,0.04627735980130533,0.4472690031811024
25878,LOF,0.21211551904976222,0.07997320976833756,0.7079112711819002
25879,LOF,0.08684544874292396,0.08425663309895323,0.8288979181581227
25880,LOF,0.02385247349854861,0.022043993098498176,0.9541035334029532
25881,LOF,0.1847495775410776,0.09505545504900462,0.7201949674099177
25882,LOF,0.06205274929889113,0.01607713289919182,0.921870117801917
25883,LOF,0.08076106318983611,0.017494965416602677,0.9017439713935612
25884,LOF,0.03541745332542771,0.02643946847201489,0.9381430782025574
25885,LOF,0.06505255622041486,0.011431320503271157,0.923516123276314
25886,LOF,0.3403236751077968,0.027317095456236656,0.6323592294359666
25887,LOF,0.1461757524077667,0.05554107379324103,0.7982831737989923
25888,LOF,0.06496609121766525,0.05249948740906196,0.8825344213732729
25889,LOF,0.049105633656978086,0.01643271341222176,0.9344616529308002
25890,LOF,0.04869067229647697,0.12090054715721067,0.8304087805463124
25891,LOF,0.049023821037386346,0.0512892289820186,0.8996869499805951
25892,LOF,0.0923234416881618,0.023844687789111044,0.8838318705227272
25893,LOF,0.24983613472972258,0.019804298839658865,0.7303595664306186
25894,LOF,0.19111222384156207,0.010976017539664477,0.7979117586187735
25895,LOF,0.20945746461971312,0.02147879640178784,0.7690637389784991
25896,LOF,0.046864037857636126,0.019535711064163085,0.9336002510782008
25897,LOF,0.2596434816445704,0.012872174240167055,0.7274843441152625
25898,Neutral,0.7014104119453745,0.010220710579955293,0.28836887747467027
25899,LOF,0.2307939706049564,0.021101028442380803,0.7481050009526629
25900,LOF,0.45963014667430874,0.015406189744355042,0.5249636635813362
25901,LOF,0.0517141038097455,0.011026328840449132,0.9372595673498054
25902,LOF,0.15035724972741435,0.012142403349699274,0.8375003469228863
25903,Neutral,0.5349375607924903,0.035238644920822855,0.4298237942866869
25904,LOF,0.2765166179963925,0.045203530676761285,0.6782798513268462
25905,LOF,0.025307364687033953,0.2967643093143962,0.6779283259985699
25906,LOF,0.021650504204015895,0.06933051780068895,0.9090189779952951
25907,LOF,0.01524085354883788,0.32006288454767046,0.6646962619034916
25908,LOF,0.010449753857776961,0.23433897735110862,0.7552112687911143
25909,LOF,0.012730706082472162,0.12939776615869678,0.8578715277588311
25910,LOF,0.053038350403245046,0.12620247066911794,0.820759178927637
25911,LOF,0.18094772767410025,0.031573059804163736,0.787479212521736
25912,LOF,0.04503870149014754,0.04870389271370757,0.9062574057961448
25913,LOF,0.2960929536074401,0.023888241484652004,0.6800188049079079
25914,LOF,0.018843334423450746,0.12674405392360397,0.8544126116529452
25915,Neutral,0.43862199018915765,0.3615767220414735,0.1998012877693688
25916,LOF,0.06614323060669537,0.3847656372764309,0.5490911321168738
25917,LOF,0.054764897424031914,0.08559950425670289,0.8596355983192652
25918,LOF,0.02603635784570285,0.0794966654666495,0.8944669766876477
25919,LOF,0.022104572676369665,0.08339861483059063,0.8944968124930396
25920,GOF,0.09715241204274808,0.5255817679276125,0.37726582002963943
25921,LOF,0.024946280718318996,0.033217753366817565,0.9418359659148634
25922,LOF,0.034940268143454294,0.02089854135711445,0.9441611904994313
25923,LOF,0.4141399039188453,0.024380413775645746,0.5614796823055089
25924,LOF,0.034794551227837534,0.044745401405319754,0.9204600473668426
25925,LOF,0.06411457708708061,0.03136109359997907,0.9045243293129404
25926,LOF,0.04693284586878375,0.024637501052567214,0.928429653078649
25927,LOF,0.07014361544385155,0.07759955144788594,0.8522568331082625
25928,LOF,0.020459326450116,0.04244521682658725,0.9370954567232967
25929,Neutral,0.5388778641553899,0.026545146513349983,0.4345769893312602
25930,LOF,0.05325861073154996,0.022073621470513668,0.9246677677979362
25931,LOF,0.027379238345925372,0.02494730034090134,0.9476734613131733
25932,LOF,0.02607459887053233,0.02255194281688404,0.9513734583125837
25933,LOF,0.036616718131817695,0.015696201861240117,0.9476870800069422
25934,LOF,0.02326150077181296,0.019131562038058193,0.9576069371901289
25935,LOF,0.05695912642745609,0.0350509334133237,0.9079899401592202
25936,LOF,0.0454176468048112,0.025078908743903457,0.9295034444512854
25937,LOF,0.02805305336679509,0.03244949149483125,0.9394974551383736
25938,LOF,0.060158551023892934,0.03669935212938466,0.9031420968467225
25939,LOF,0.03749855654951673,0.014541422908026999,0.9479600205424563
25940,LOF,0.03309387298030168,0.39843406579613067,0.5684720612235676
25941,LOF,0.189716766516698,0.08484293453274232,0.7254402989505597
25942,LOF,0.016484423193036248,0.031083509597970047,0.9524320672089938
25943,LOF,0.3294616720977045,0.053091007404306806,0.6174473204979887
25944,Neutral,0.49594094973468117,0.024289113342780284,0.4797699369225386
25945,LOF,0.0677418629423056,0.022271426258648058,0.9099867107990464
25946,LOF,0.02542284639078471,0.1351502400815417,0.8394269135276737
25947,LOF,0.1129230069835467,0.20891047157827133,0.6781665214381819
25948,LOF,0.43916060572332877,0.010293004987011122,0.5505463892896602
25949,LOF,0.0982614917649358,0.04774210463530383,0.8539964035997604
25950,GOF,0.2611133689681099,0.4135045116338905,0.32538211939799955
25951,LOF,0.2532338863737303,0.23675583153655996,0.5100102820897098
25952,LOF,0.045514737863587826,0.44951813567535553,0.5049671264610566
25953,LOF,0.13177387580222139,0.11154903150645515,0.7566770926913234
25954,Neutral,0.42733816322392976,0.18845373374595661,0.38420810303011366
25955,LOF,0.0623128097648993,0.08554838830872125,0.8521388019263794
25956,LOF,0.16938415052813133,0.11651860651457557,0.714097242957293
25957,LOF,0.03646806208976414,0.03589289291367614,0.9276390449965597
25958,LOF,0.06331707459788255,0.025016312801642404,0.9116666126004751
25959,LOF,0.07580835866931446,0.37984576475287635,0.5443458765778092
25960,LOF,0.020084843696932378,0.0514142239105304,0.9285009323925372
25961,LOF,0.05243533818684311,0.027026983759846673,0.9205376780533103
25962,LOF,0.048775466528403845,0.02796493507908639,0.9232595983925097
25963,LOF,0.046895940483204834,0.17557430494221635,0.7775297545745788
25964,LOF,0.037137515373863984,0.14240286106751537,0.8204596235586206
25965,LOF,0.42747092445164026,0.08504190217300286,0.48748717337535674
25966,LOF,0.4456339915957066,0.10530168977840687,0.44906431862588647
25967,LOF,0.013164415576280347,0.06061376454657298,0.9262218198771467
25968,LOF,0.031736825601944435,0.4701074165415007,0.4981557578565548
25969,LOF,0.02626277026350935,0.062045398128182355,0.9116918316083082
25970,LOF,0.06330126475581214,0.05083421263639232,0.8858645226077955
25971,LOF,0.07627028936435915,0.015198653697609706,0.908531056938031
25972,LOF,0.07615839555989262,0.018228778460640537,0.9056128259794668
25973,LOF,0.08844388310338264,0.007809672311424309,0.903746444585193
25974,LOF,0.22049199978084247,0.01599389659683605,0.7635141036223215
25975,LOF,0.05406723454016544,0.027478412123483325,0.9184543533363513
25976,LOF,0.05046377628516438,0.013481984773133655,0.936054238941702
25977,LOF,0.1698609370045389,0.08617824306881293,0.7439608199266482
25978,LOF,0.15729501084676845,0.0469952222499088,0.7957097669033227
25979,LOF,0.14475873725481367,0.04954445433694629,0.8056968084082401
25980,LOF,0.21108766607553323,0.06753895706785767,0.7213733768566091
25981,LOF,0.24505959303808766,0.06479247416113737,0.690147932800775
25982,LOF,0.4191006800226326,0.04072684701832715,0.5401724729590403
25983,LOF,0.4148959952620197,0.04782016085930765,0.5372838438786726
25984,LOF,0.05268808231493633,0.04891757331848677,0.898394344366577
25985,LOF,0.02666968397529683,0.23372978818224097,0.7396005278424622
25986,LOF,0.03814998506911142,0.2720640701140269,0.6897859448168617
25987,LOF,0.08449981183827224,0.06498290786499793,0.8505172802967298
25988,LOF,0.1457686029293086,0.051656404963133964,0.8025749921075575
25989,LOF,0.029643935179628555,0.09106023359843851,0.879295831221933
25990,LOF,0.037752627066218666,0.12399620438665297,0.8382511685471283
25991,LOF,0.16873333432235205,0.2761048226421766,0.5551618430354713
25992,LOF,0.36967297265765314,0.15545304711878377,0.4748739802235631
25993,LOF,0.024741831569146163,0.07377092218901048,0.9014872462418433
25994,LOF,0.018962671682412887,0.10745351651282975,0.8735838118047573
25995,LOF,0.02803616124548809,0.17221014436440596,0.7997536943901059
25996,GOF,0.30155974551216996,0.43312133889184895,0.26531891559598114
25997,GOF,0.0957885044336411,0.4639979307910955,0.4402135647752633
25998,Neutral,0.531143782584037,0.02489243969993342,0.4439637777160296
25999,LOF,0.11192853480625857,0.12373518571449008,0.7643362794792512
26000,LOF,0.18344580766793858,0.03008715160651632,0.786467040725545
26001,LOF,0.18970197175898207,0.03212813486198857,0.7781698933790293
26002,LOF,0.1151839757533279,0.03137369851258122,0.853442325734091
26003,GOF,0.011133675385881166,0.5507058369142364,0.4381604876998825
26004,GOF,0.023327490295312694,0.6245023086341949,0.35217020107049235
26005,LOF,0.008434261101073648,0.41478454460330133,0.576781194295625
26006,Neutral,0.5028828196128986,0.21536314791532885,0.2817540324717726
26007,GOF,0.024688284666080352,0.4918113679129436,0.483500347420976
26008,GOF,0.01881131636616799,0.5593613025354482,0.42182738109838375
26009,GOF,0.025205227606934527,0.5929164390854377,0.38187833330762777
26010,GOF,0.029420507614475816,0.5635779088585001,0.40700158352702404
26011,LOF,0.008017736550601416,0.4149926581534409,0.5769896052959577
26012,GOF,0.01755140766730719,0.5335254602274144,0.4489231321052784
26013,GOF,0.021584542830923287,0.5927870411299524,0.3856284160391243
26014,LOF,0.03971264722347532,0.1477424699734442,0.8125448828030803
26015,LOF,0.2486510317153218,0.008234685334240207,0.7431142829504379
26016,LOF,0.23663499256785825,0.04576567774904298,0.7175993296830987
26017,LOF,0.25412005202422633,0.06960610105171217,0.6762738469240615
26018,LOF,0.10606236241879666,0.0313036583570337,0.8626339792241696
26019,LOF,0.10115936060530673,0.024274181122820447,0.8745664582718728
26020,LOF,0.06880128483304647,0.10296863181378961,0.828230083353164
26021,LOF,0.044661478240275956,0.11437574811650152,0.8409627736432225
26022,LOF,0.011459439341391285,0.04268320257822981,0.945857358080379
26023,LOF,0.13666179358106714,0.020357107193841283,0.8429810992250915
26024,LOF,0.029015611495277222,0.11891929395160858,0.8520650945531142
26025,LOF,0.16412141491037321,0.07440281637311079,0.7614757687165159
26026,LOF,0.34084021664454256,0.020223247944155243,0.6389365354113022
26027,LOF,0.09801530590002172,0.01474090320856093,0.8872437908914174
26028,LOF,0.15928828136110024,0.07397396874448313,0.7667377498944167
26029,LOF,0.08824244143621049,0.21467074962774232,0.6970868089360472
26030,LOF,0.030513161566103456,0.06772955438994409,0.9017572840439525
26031,LOF,0.033867282269161685,0.14911025359880611,0.8170224641320323
26032,LOF,0.07367767033878606,0.07098109675001206,0.8553412329112018
26033,LOF,0.14220849697457022,0.08901232903715621,0.7687791739882734
26034,LOF,0.051590213716615166,0.16263713831879797,0.7857726479645869
26035,LOF,0.030783792580967365,0.1605721425706398,0.8086440648483929
26036,LOF,0.04574866528869721,0.18714758872688067,0.7671037459844221
26037,LOF,0.026381645453407026,0.1237213664329347,0.8498969881136582
26038,LOF,0.06726169016350961,0.07420444882496782,0.8585338610115225
26039,LOF,0.05930310000058719,0.16258148171581965,0.7781154182835932
26040,LOF,0.2276670390477092,0.14726631235675036,0.6250666485955404
26041,LOF,0.02719985929027881,0.11971555527308325,0.8530845854366379
26042,LOF,0.026337297560564903,0.11383322611976343,0.8598294763196718
26043,LOF,0.06685983771041101,0.08900888167642593,0.844131280613163
26044,LOF,0.023262454034171032,0.08155074718699964,0.8951867987788292
26045,LOF,0.0765056411721153,0.11120335878559678,0.8122910000422879
26046,LOF,0.06829927938517338,0.08792193376073884,0.8437787868540878
26047,LOF,0.09299118203869018,0.09542467762987986,0.8115841403314299
26048,LOF,0.055652556199013985,0.05597076018293222,0.8883766836180539
26049,Neutral,0.958640700682804,0.009247131747595035,0.03211216756960105
26050,Neutral,0.9407677534515805,0.011674308767170372,0.04755793778124917
26051,LOF,0.04429256315762035,0.34515119826349433,0.6105562385788853
26052,LOF,0.061624732968141194,0.3542079633590125,0.5841673036728464
26053,LOF,0.05862856528032587,0.1126430179467122,0.828728416772962
26054,LOF,0.05861507841048021,0.017956397508039575,0.9234285240814802
26055,LOF,0.0798788250867285,0.014963618395178522,0.9051575565180929
26056,LOF,0.06308141146298003,0.01594268973007058,0.9209758988069494
26057,LOF,0.032420712978142655,0.010448295984859187,0.9571309910369981
26058,LOF,0.03377372909273733,0.00826692440502165,0.957959346502241
26059,LOF,0.30216379844529223,0.022127998395146516,0.6757082031595613
26060,LOF,0.041045867673660516,0.16857347774091597,0.7903806545854236
26061,LOF,0.017459817532275653,0.010366414224271666,0.9721737682434527
26062,LOF,0.01124609213475115,0.017974119404475616,0.9707797884607733
26063,LOF,0.023814070008075443,0.011325825339206175,0.9648601046527184
26064,LOF,0.02355430051070581,0.01877240183248393,0.9576732976568103
26065,LOF,0.025853299305526073,0.010542016538349575,0.9636046841561243
26066,LOF,0.022206666335813117,0.010162023509121348,0.9676313101550656
26067,LOF,0.0289681512690095,0.00827814332685725,0.9627537054041333
26068,LOF,0.052245463455924866,0.032069762279749954,0.9156847742643252
26069,LOF,0.25262971598568695,0.019465885767912704,0.7279043982464004
26070,LOF,0.40238319963417135,0.015154284919007294,0.5824625154468214
26071,LOF,0.025485883759760398,0.011620176367581295,0.9628939398726583
26072,LOF,0.02230778156530506,0.017845241728512772,0.9598469767061821
26073,LOF,0.026723678870121666,0.010174724832821268,0.963101596297057
26074,Neutral,0.9069556235274798,0.005159757037840911,0.08788461943467929
26075,LOF,0.047622321902822846,0.014681309681016634,0.9376963684161606
26076,LOF,0.04783632887417038,0.008149587109297762,0.9440140840165318
26077,LOF,0.00942357115396647,0.018348401684748356,0.9722280271612852
26078,LOF,0.015481222783342352,0.009821382220871882,0.9746973949957858
26079,LOF,0.06341821847485253,0.016461931473579768,0.9201198500515676
26080,LOF,0.062210856089168966,0.016518771299075,0.921270372611756
26081,LOF,0.04106019681970949,0.005586372205636977,0.9533534309746536
26082,LOF,0.01815942462376033,0.01442103717892951,0.9674195381973101
26083,LOF,0.13628825730785377,0.01139258864098953,0.8523191540511567
26084,LOF,0.02970383269188305,0.011452637934754008,0.9588435293733629
26085,LOF,0.024585135438133673,0.01081643866037735,0.964598425901489
26086,LOF,0.02648931801669898,0.010906521914581344,0.9626041600687197
26087,LOF,0.02950023036496597,0.007687378146043648,0.9628123914889904
26088,LOF,0.016683937522086568,0.024870142936725945,0.9584459195411875
26089,LOF,0.04885416667222621,0.024034061715904803,0.927111771611869
26090,LOF,0.04647448129599739,0.018132505314272653,0.9353930133897299
26091,LOF,0.04071849115823693,0.005417426658098859,0.9538640821836643
26092,LOF,0.02855564718056077,0.007384293473694305,0.964060059345745
26093,LOF,0.04124094685000046,0.005624392357045085,0.9531346607929544
26094,LOF,0.045179792009749864,0.005941711350429723,0.9488784966398205
26095,LOF,0.049865414192174704,0.012842657987839113,0.9372919278199862
26096,LOF,0.021640333079897944,0.010214826484527137,0.9681448404355749
26097,LOF,0.012654297634741806,0.035677153921579566,0.9516685484436785
26098,LOF,0.07921424645688512,0.009637501502899652,0.9111482520402153
26099,LOF,0.02582949246001788,0.011585415873331562,0.9625850916666505
26100,LOF,0.02780707139879379,0.011074599299347012,0.9611183293018593
26101,LOF,0.05627874724872747,0.010670583833588028,0.9330506689176845
26102,LOF,0.02759144346182034,0.012422625591499002,0.9599859309466806
26103,Neutral,0.891345660489759,0.016922548829932337,0.09173179068030861
26104,LOF,0.08549536749464344,0.024514899439722435,0.8899897330656341
26105,LOF,0.2010700069813784,0.279268802953687,0.5196611900649346
26106,LOF,0.2016314852451507,0.12135341752762749,0.6770150972272218
26107,LOF,0.2341866429001611,0.08201433362423259,0.6837990234756063
26108,LOF,0.2264938172002244,0.13123505276153552,0.64227113003824
26109,LOF,0.10012129716057998,0.08511404424164902,0.8147646585977709
26110,LOF,0.2741177897034029,0.007068265165050199,0.718813945131547
26111,Neutral,0.500453307748273,0.018152460764011953,0.481394231487715
26112,LOF,0.03164521944500925,0.008510147130980023,0.9598446334240106
26113,LOF,0.04970193105977911,0.015882339097755722,0.9344157298424652
26114,LOF,0.02833776032929591,0.03150080411466496,0.9401614355560391
26115,LOF,0.0943546374166654,0.07198763409351314,0.8336577284898214
26116,LOF,0.06664471508521144,0.06013553608668316,0.8732197488281055
26117,LOF,0.42835554822213756,0.053727319203525685,0.5179171325743367
26118,LOF,0.03778308992672432,0.028525019889963418,0.9336918901833122
26119,LOF,0.022344966495970127,0.03772695342225582,0.939928080081774
26120,LOF,0.029718606625581127,0.0268879123590779,0.943393481015341
26121,LOF,0.048494733091503525,0.09586528316282102,0.8556399837456755
26122,LOF,0.04486719274961809,0.042485166286472115,0.9126476409639098
