feature0,prediction,LoGoFunc_Neutral,LoGoFunc_GOF,LoGoFunc_LOF
25546,Neutral,0.6017147429611692,0.15392767137675376,0.24435758566207705
25547,Neutral,0.4780281980944338,0.21612730081970047,0.3058445010858657
25548,LOF,0.3709273719152552,0.23271572660853662,0.39635690147620817
25549,LOF,0.34219532704400557,0.22575773109829006,0.4320469418577044
25550,LOF,0.30379410923915023,0.24020456636903587,0.4560013243918139
25551,LOF,0.2373209823421723,0.2386704310634636,0.5240085865943641
25552,LOF,0.22419680761167207,0.26000457994730714,0.5157986124410208
25553,Neutral,0.762887991519738,0.11502090294570931,0.1220911055345528
25554,LOF,0.2466465442166544,0.2220812582481273,0.5312721975352183
25555,LOF,0.19611803059417973,0.21723833909100168,0.5866436303148186
25556,LOF,0.37224321912417874,0.20445661784351007,0.4233001630323111
25557,LOF,0.2015388375350396,0.21729240917267667,0.5811687532922837
25558,LOF,0.2522127983076264,0.23710994295860108,0.5106772587337726
25559,LOF,0.24347319645788892,0.05414291005550656,0.7023838934866046
25560,LOF,0.07048353676540935,0.1875760158017954,0.7419404474327952
25561,LOF,0.05158277178973828,0.30334278651743535,0.6450744416928264
25562,LOF,0.03744843369619194,0.11388205990802804,0.84866950639578
25563,LOF,0.008204581612383929,0.2136516808039667,0.7781437375836494
25564,LOF,0.06331421128344326,0.0592306925064721,0.8774550962100847
25565,LOF,0.1758820866763605,0.12978274474624737,0.6943351685773922
25566,GOF,0.07295722803559569,0.6317230605768961,0.29531971138750823
25567,LOF,0.036756650311862746,0.07782588239011448,0.8854174672980227
25568,LOF,0.07205947251992144,0.061058440344260556,0.866882087135818
25569,LOF,0.07596822095027252,0.054509565600910026,0.8695222134488174
25570,LOF,0.024378754424037346,0.08786818672896526,0.8877530588469974
25571,LOF,0.024329758829034015,0.08030310572539703,0.8953671354455689
25572,LOF,0.04205999159769647,0.07252733312256965,0.885412675279734
25573,LOF,0.07914114717519401,0.09563282208694023,0.8252260307378657
25574,LOF,0.09958151400968498,0.21052430779231165,0.6898941781980034
25575,LOF,0.024341138770761002,0.08861519815054067,0.8870436630786983
25576,LOF,0.019515963354845074,0.11189238431646435,0.8685916523286905
25577,LOF,0.02414730276279805,0.07810966777448297,0.897743029462719
25578,LOF,0.30783327228465457,0.07972125551672227,0.6124454721986232
25579,LOF,0.30708008127667175,0.07679800657718934,0.6161219121461389
25580,LOF,0.02861772460396644,0.07442168285689948,0.8969605925391342
25581,LOF,0.04798087581042487,0.1028426253036458,0.8491764988859293
25582,LOF,0.04798087581042487,0.1028426253036458,0.8491764988859293
25583,LOF,0.029806350240475867,0.07978860700870628,0.8904050427508178
25584,Neutral,0.7991514774935818,0.05015422435785461,0.1506942981485634
25585,LOF,0.025395893980406894,0.0690452852176649,0.9055588208019281
25586,LOF,0.024992004412361983,0.0831622012768538,0.8918457943107841
25587,LOF,0.025946638796590434,0.08432788904575086,0.8897254721576587
25588,LOF,0.03129696798899069,0.062499035100034205,0.906203996910975
25589,Neutral,0.6542641631108408,0.13541381507409164,0.21032202181506768
25590,LOF,0.06579599430569584,0.07942239084435213,0.854781614849952
25591,LOF,0.13166210515204188,0.05136150918006652,0.8169763856678915
25592,LOF,0.10154815025343934,0.14931185448406575,0.749139995262495
25593,LOF,0.12712823937709308,0.3362535277665037,0.5366182328564033
25594,LOF,0.04332233002030094,0.0541354415278928,0.9025422284518062
25595,LOF,0.053483147948777954,0.03699087993365863,0.9095259721175635
25596,LOF,0.14135251479585978,0.018437816256649173,0.8402096689474909
25597,LOF,0.09474450878542712,0.007454456852528595,0.8978010343620443
25598,LOF,0.05330237181234389,0.03674434807223996,0.9099532801154162
25599,GOF,0.031407503275068555,0.562011389969114,0.40658110675581727
25600,GOF,0.20420377474945134,0.4353777320388008,0.36041849321174774
25601,LOF,0.06069919002661932,0.3141884351963418,0.6251123747770388
25602,LOF,0.057252247864478994,0.062016192126324976,0.880731560009196
25603,LOF,0.07590150026312904,0.048757220491026446,0.8753412792458445
25604,LOF,0.07678367798475556,0.13475534482887258,0.788460977186372
25605,LOF,0.11156850105486907,0.16794831645860775,0.7204831824865233
25606,Neutral,0.6259570900844714,0.17495426343769424,0.19908864647783422
25607,LOF,0.04962253035329989,0.1485920441320324,0.8017854255146677
25608,LOF,0.0582604771711031,0.10156189639514594,0.8401776264337509
25609,GOF,0.14936738063393604,0.5572242264431417,0.2934083929229223
25610,LOF,0.013765487156497816,0.11791258723174212,0.8683219256117601
25611,LOF,0.013430123879388278,0.11338636741690723,0.8731835087037044
25612,LOF,0.05949390337702843,0.1010571914405744,0.8394489051823971
25613,LOF,0.05032033391232444,0.1140338104959297,0.8356458555917458
25614,LOF,0.02164966127804607,0.12022381941522768,0.8581265193067262
25615,LOF,0.04396730798732959,0.12774416858796594,0.8282885234247045
25616,LOF,0.0513329919580083,0.10833701724633073,0.840329990795661
25617,LOF,0.05113401380179215,0.11623931096103485,0.832626675237173
25618,LOF,0.04385966831048676,0.42792502871937577,0.5282153029701375
25619,LOF,0.011943278945350482,0.24220931693953834,0.7458474041151111
25620,LOF,0.04696727447391339,0.11133956921426928,0.8416931563118173
25621,LOF,0.0760202053427829,0.11002359932456393,0.8139561953326531
25622,LOF,0.08025184778326455,0.10822998071065774,0.8115181715060776
25623,LOF,0.062137597563188374,0.07315849983185553,0.8647039026049561
25624,LOF,0.02106073773536073,0.14541355060311686,0.8335257116615225
25625,LOF,0.055845778686968724,0.08018528629343241,0.8639689350195989
25626,LOF,0.03543583502150508,0.08588682672081911,0.8786773382576758
25627,Neutral,0.8641152742175746,0.04598332119875955,0.08990140458366568
25628,LOF,0.17088043830032537,0.11127785726935303,0.7178417044303216
25629,LOF,0.06595468093410628,0.08552007010979154,0.8485252489561022
25630,LOF,0.2204152676778549,0.08286620172963058,0.6967185305925145
25631,LOF,0.43816630635919906,0.06827929873038859,0.4935543949104123
25632,LOF,0.023815267947685695,0.03798145187672133,0.9382032801755931
25633,LOF,0.30060588075528544,0.01861372045434933,0.6807803987903652
25634,LOF,0.06017582626839199,0.031743833627769044,0.908080340103839
25635,LOF,0.036461643900632,0.019049609848548952,0.9444887462508191
25636,GOF,0.028116896835472107,0.6739998729712453,0.29788323019328267
25637,GOF,0.02661245312519902,0.5411806170762369,0.43220692979856407
25638,GOF,0.0166458883429163,0.6606351761758975,0.32271893548118613
25639,LOF,0.020866058099106542,0.4585084477301631,0.5206254941707305
25640,Neutral,0.8754187791028974,0.08584349306781541,0.03873772782928732
25641,LOF,0.121488589063531,0.2689344781976733,0.6095769327387958
25642,LOF,0.1190103095284307,0.16417090042734223,0.716818790044227
25643,LOF,0.32735314291828377,0.2269313636299908,0.44571549345172545
25644,GOF,0.008086486640805069,0.5312363592312167,0.46067715412797816
25645,LOF,0.01121137467573373,0.46361379580844575,0.5251748295158205
25646,LOF,0.013760444390308615,0.2987032835552578,0.6875362720544336
25647,LOF,0.009838273563955956,0.21001657334071538,0.7801451530953286
25648,LOF,0.012223712010352194,0.26934426672035966,0.7184320212692882
25649,LOF,0.008067522650832725,0.1578684192517329,0.8340640580974343
25650,LOF,0.02706057515548853,0.4424053668489924,0.530534057995519
25651,LOF,0.009233115737606531,0.23980379635023946,0.7509630879121539
25652,LOF,0.006592540310637318,0.4064753161232894,0.5869321435660732
25653,LOF,0.02127993614318408,0.47140526057888055,0.5073148032779354
25654,LOF,0.007399863581233274,0.36017672774016396,0.6324234086786029
25655,GOF,0.07920980582237457,0.6312151282508731,0.2895750659267523
25656,LOF,0.21279518287490867,0.3562392975878744,0.43096551953721685
25657,LOF,0.028026044555641606,0.38042380736078146,0.591550148083577
25658,LOF,0.1523985459540539,0.41448356374773576,0.43311789029821046
25659,GOF,0.2297193777666996,0.5216782099200858,0.24860241231321456
25660,LOF,0.015630626559890837,0.2990801954684805,0.6852891779716286
25661,LOF,0.04916654917013552,0.2021033689159786,0.7487300819138859
25662,LOF,0.021338791641090808,0.11536215163277275,0.8632990567261364
25663,LOF,0.02015916558084491,0.09539212978700434,0.8844487046321506
25664,LOF,0.057765507181778294,0.18540632469606433,0.7568281681221574
25665,LOF,0.03741038392284443,0.11640113329729412,0.8461884827798616
25666,LOF,0.05365798562534952,0.16510857685688615,0.7812334375177643
25667,LOF,0.051027920714350916,0.14850170855401656,0.8004703707316325
25668,LOF,0.018888218840150434,0.15720255244541115,0.8239092287144383
25669,LOF,0.018069496639622897,0.16385946521230577,0.8180710381480714
25670,LOF,0.08881949008067834,0.12346348254074843,0.7877170273785733
25671,LOF,0.08064955838395316,0.08962336296173767,0.8297270786543091
25672,LOF,0.03050036523260354,0.18669988252952785,0.7827997522378687
25673,LOF,0.06627333701493952,0.12932481603690343,0.8044018469481571
25674,LOF,0.05551742550688254,0.16440579598018012,0.7800767785129374
25675,LOF,0.04572241692965858,0.17723911817082508,0.7770384648995162
25676,LOF,0.01560824062077518,0.14439163592421508,0.8400001234550097
25677,LOF,0.014467117626105063,0.20791586619952537,0.7776170161743695
25678,LOF,0.1418320191634083,0.16292178852538033,0.6952461923112113
25679,LOF,0.09544077596259626,0.14461559897484583,0.7599436250625579
25680,LOF,0.015868590967093896,0.2762279963494249,0.7079034126834812
25681,LOF,0.025922332261188973,0.25024685692434717,0.7238308108144639
25682,LOF,0.05873121589613227,0.14465351470605298,0.7966152693978148
25683,LOF,0.06622902929270381,0.11821155207647552,0.8155594186308207
25684,LOF,0.020871461011230056,0.15597641912295604,0.8231521198658138
25685,LOF,0.08242413970346966,0.22665200607904096,0.6909238542174894
25686,LOF,0.044142942083661235,0.32030276524965573,0.6355542926666831
25687,LOF,0.06935487877071768,0.36418987129655833,0.566455249932724
25688,LOF,0.4040267863354427,0.03868556455336442,0.5572876491111929
25689,LOF,0.22553547731470097,0.037783315849209013,0.7366812068360901
25690,LOF,0.3463072793255744,0.03407702891261459,0.6196156917618111
25691,Neutral,0.7243916894551758,0.04060071874635279,0.23500759179847133
25692,LOF,0.3697884565866189,0.013700946336033745,0.6165105970773473
25693,GOF,0.07632926655918428,0.5198734403243793,0.40379729311643653
25694,LOF,0.0995078482559572,0.02529513911278535,0.8751970126312575
25695,LOF,0.09474588194947278,0.016467584055261855,0.8887865339952654
25696,LOF,0.09691247675233135,0.030468191196471886,0.8726193320511967
25697,LOF,0.05060906434782861,0.23727786200480244,0.712113073647369
25698,LOF,0.3152381650920882,0.19242440472819833,0.49233743017971343
25699,LOF,0.3539888938649173,0.2044934161796665,0.4415176899554163
25700,LOF,0.0691350942633483,0.04108795986991886,0.889776945866733
25701,LOF,0.171028497284731,0.14183952551512033,0.6871319772001487
25702,GOF,0.13225534366307395,0.7630940312996003,0.10465062503732571
25703,LOF,0.011944724186904235,0.360157644135405,0.6278976316776907
25704,LOF,0.017288725597149352,0.28734451184319554,0.695366762559655
25705,LOF,0.025817887511447177,0.1589777817897884,0.8152043306987643
25706,GOF,0.14440647644604024,0.4414070282694809,0.4141864952844788
25707,LOF,0.10038689011586821,0.4371497692378245,0.4624633406463072
25708,GOF,0.044107913252229985,0.5205520615270532,0.4353400252207167
25709,LOF,0.06854284732991252,0.10042397777173459,0.8310331748983528
25710,LOF,0.01536732648645201,0.16943768157337535,0.8151949919401726
25711,LOF,0.01988387543292808,0.13830710464289242,0.8418090199241794
25712,LOF,0.014801817117325053,0.19435601506963662,0.7908421678130384
25713,LOF,0.02174210017318241,0.1402589895687129,0.8379989102581047
25714,LOF,0.0708129884947209,0.15207175877829152,0.7771152527269876
25715,LOF,0.014312304460557274,0.19736512634800124,0.7883225691914414
25716,LOF,0.012555141689293923,0.13546141094884506,0.851983447361861
25717,LOF,0.01614751031428586,0.08681458887836782,0.8970379008073464
25718,LOF,0.013876900474356135,0.10440918861873469,0.8817139109069092
25719,LOF,0.021585542117052076,0.15016160654492916,0.8282528513380187
25720,LOF,0.0267430683027973,0.08533395620671433,0.8879229754904884
25721,LOF,0.013649445585009514,0.17696303350763043,0.80938752090736
25722,LOF,0.014781817093107651,0.17165596204287636,0.8135622208640159
25723,LOF,0.024880719492624596,0.12464695198340851,0.8504723285239668
25724,LOF,0.053038099792160155,0.2969292262890431,0.6500326739187967
25725,LOF,0.013687182461466092,0.17149038547280068,0.8148224320657332
25726,LOF,0.014614738398340021,0.17091553035271123,0.8144697312489488
25727,LOF,0.0171249247790777,0.15740400154501102,0.8254710736759112
25728,LOF,0.013639718088519156,0.1923905587391794,0.7939697231723014
25729,LOF,0.014289762345218589,0.19694207259969984,0.7887681650550815
25730,LOF,0.01480151512087791,0.1950218763195879,0.7901766085595341
25731,LOF,0.01191844709244808,0.12004728922712488,0.868034263680427
25732,LOF,0.014441801057141095,0.08527234169204734,0.9002858572508116
25733,LOF,0.013527497716468861,0.10107827565965272,0.8853942266238786
25734,LOF,0.013913641809784922,0.1558478703871947,0.8302384878030203
25735,LOF,0.013818386079315414,0.11055164017077897,0.8756299737499056
25736,LOF,0.013052731193201897,0.12237046935286602,0.864576799453932
25737,LOF,0.014844166734514061,0.15263276740093276,0.8325230658645532
25738,LOF,0.015152975009070856,0.17163097306286865,0.8132160519280605
25739,LOF,0.021262791347419943,0.13333269206932885,0.8454045165832511
25740,LOF,0.037017885551601785,0.17216711054731176,0.7908150039010865
25741,LOF,0.01904283192778346,0.1911745149694197,0.7897826531027968
25742,LOF,0.10179728017262318,0.11498048883038124,0.7832222309969956
25743,LOF,0.02441825133189115,0.05600605261967713,0.9195756960484318
25744,Neutral,0.5745426631023977,0.223978141728809,0.20147919516879345
25745,LOF,0.03851672836720737,0.1320107761956375,0.8294724954371551
25746,LOF,0.023285268593469917,0.1914442291405917,0.7852705022659383
25747,LOF,0.014378368234121435,0.134487212957184,0.8511344188086947
25748,LOF,0.08012645648296636,0.22392974558448597,0.6959437979325477
25749,LOF,0.015230851903038337,0.22060830643274787,0.7641608416642139
25750,LOF,0.0307329827752421,0.175877909918591,0.793389107306167
25751,LOF,0.09740868516946885,0.20900257010455603,0.693588744725975
25752,GOF,0.08170141561928021,0.7285191107922165,0.18977947358850322
25753,LOF,0.016610440833763767,0.4238997720024604,0.5594897871637758
25754,GOF,0.017453212716671176,0.7432767811723342,0.23927000611099458
25755,LOF,0.021504255806543346,0.3603788095563129,0.6181169346371438
25756,GOF,0.029431592414068394,0.5632971793639303,0.4072712282220013
25757,GOF,0.015370690869388883,0.8506275080303044,0.1340018011003066
25758,GOF,0.02715188514831214,0.841389129652295,0.1314589851993929
25759,GOF,0.015093992934602656,0.697183338740353,0.2877226683250444
25760,LOF,0.016966440322176347,0.43679677829441843,0.5462367813834051
25761,GOF,0.20299805938269305,0.728370220258305,0.0686317203590019
25762,GOF,0.03624243409606096,0.4940698071295337,0.4696877587744052
25763,LOF,0.011019410652393941,0.33328059723819975,0.6556999921094062
25764,GOF,0.06291733300450594,0.8082642153548402,0.12881845164065392
25765,GOF,0.02784706274892441,0.8157626210351859,0.15639031621588959
25766,GOF,0.0693218156002393,0.8303113843160096,0.10036680008375116
25767,GOF,0.08214607143014153,0.6954239942842396,0.2224299342856188
25768,LOF,0.07456722144481111,0.11475903760925187,0.8106737409459371
25769,LOF,0.05199762791124441,0.06641111199831261,0.8815912600904431
25770,LOF,0.3194493000141517,0.06182203424694206,0.6187286657389062
25771,LOF,0.05923122133757131,0.036529972594043815,0.9042388060683848
25772,LOF,0.01659654753560677,0.0530942406351251,0.9303092118292682
25773,LOF,0.06102024388668034,0.02955395651593738,0.9094257995973822
25774,LOF,0.0327314889990622,0.09264634143539464,0.8746221695655432
25775,LOF,0.08056147702729845,0.025336125614107655,0.8941023973585939
25776,LOF,0.06512003800320756,0.029901071151177315,0.9049788908456151
25777,LOF,0.45294331977860885,0.031054736507260497,0.5160019437141307
25778,LOF,0.05530661100018605,0.05189843173978939,0.8927949572600247
25779,Neutral,0.5255968311420448,0.3293407804052215,0.1450623884527337
25780,Neutral,0.46805495020986965,0.3105294078010269,0.22141564198910352
25781,GOF,0.1794528157787485,0.506604034311872,0.31394314990937944
25782,GOF,0.26491389567569873,0.44730403080831205,0.2877820735159893
25783,GOF,0.028098314036630313,0.5623514550741534,0.40955023088921627
25784,Neutral,0.7043059924183934,0.17523676515275155,0.12045724242885511
25785,Neutral,0.6836537972181269,0.09465052808235311,0.22169567469951992
25786,GOF,0.02757699385074435,0.5244289121538732,0.4479940939953825
25787,Neutral,0.8351002656346923,0.05361180557465401,0.11128792879065376
25788,LOF,0.06939014866695736,0.026018927432240862,0.9045909239008019
25789,GOF,0.30944791187631565,0.3500049604270809,0.3405471276966034
25790,GOF,0.2926761048603047,0.3546949971366399,0.3526288980030553
25791,LOF,0.21295896108777182,0.28505132632899793,0.5019897125832302
25792,Neutral,0.451946887863134,0.16533498396874446,0.3827181281681217
25793,LOF,0.25282376390823696,0.2068530294806111,0.540323206611152
25794,Neutral,0.4139897439040581,0.245369021550832,0.3406412345451099
25795,LOF,0.09257101776029457,0.43965661187060995,0.4677723703690954
25796,Neutral,0.6200923285654426,0.13784724577556137,0.24206042565899608
25797,LOF,0.10784994497207054,0.2602332509536518,0.6319168040742776
25798,LOF,0.016673607722365903,0.3142305419645783,0.6690958503130559
25799,LOF,0.015321552933817614,0.2955069790762743,0.6891714679899081
25800,LOF,0.05889493122929844,0.3858839455235239,0.5552211232471778
25801,GOF,0.31288543518054784,0.3597852779508614,0.3273292868685907
25802,LOF,0.0733644296157507,0.40578067686005675,0.5208548935241925
25803,LOF,0.056375100663084925,0.3424895083111832,0.601135391025732
25804,LOF,0.049418770063268155,0.37583087484269134,0.5747503550940404
25805,LOF,0.1295019358821041,0.38918437938337297,0.48131368473452274
25806,LOF,0.15374480652148212,0.3560227861534195,0.4902324073250983
25807,LOF,0.024700795470579885,0.38831111359563497,0.586988090933785
25808,LOF,0.12175650765169503,0.3407115814057267,0.5375319109425782
25809,LOF,0.024819789009876816,0.3353050806036221,0.6398751303865011
25810,LOF,0.02996457152316534,0.334473305278934,0.6355621231979007
25811,Neutral,0.6625131533212647,0.18614153234284422,0.15134531433589105
25812,LOF,0.0472391222111501,0.32194886882737045,0.6308120089614794
25813,Neutral,0.6721685909624197,0.07067524003048195,0.2571561690070984
25814,LOF,0.19585192518607974,0.31458566951365513,0.48956240530026524
25815,Neutral,0.3718018490959362,0.2564324379077673,0.3717657129962965
25816,LOF,0.01821175103575143,0.3426596242186525,0.6391286247455961
25817,GOF,0.2930974534214712,0.3949911597651524,0.3119113868133764
25818,LOF,0.049850093742461424,0.298691024252007,0.6514588820055316
25819,Neutral,0.4591542577654384,0.2276879417589579,0.3131578004756038
25820,LOF,0.2914288459599345,0.3211343815777021,0.38743677246236335
25821,LOF,0.09623460268324824,0.41479879919909696,0.4889665981176548
25822,LOF,0.34668583951679993,0.27026020997790917,0.38305395050529084
25823,LOF,0.05573050964074037,0.40768423537801035,0.5365852549812493
25824,LOF,0.13631260290094982,0.28131135606809493,0.5823760410309552
25825,LOF,0.05371457971254861,0.31570500049246,0.6305804197949915
25826,LOF,0.017396665168336423,0.3396642199034773,0.6429391149281863
25827,LOF,0.028805825125169535,0.43413191635455434,0.5370622585202761
25828,LOF,0.019400175459242906,0.3728383040409738,0.6077615204997833
25829,LOF,0.01104319186202144,0.37586332142988976,0.6130934867080887
25830,LOF,0.042608459770804144,0.053584849752869805,0.9038066904763261
25831,GOF,0.2399464706330108,0.4875949059307219,0.27245862343626726
25832,LOF,0.042119803317514706,0.44816592763163526,0.5097142690508499
25833,GOF,0.15129417222625413,0.44707439376740515,0.4016314340063406
25834,LOF,0.05553350568820969,0.457267015663833,0.4871994786479572
25835,LOF,0.15972379839078366,0.3889354456160431,0.4513407559931733
25836,LOF,0.06995002527158975,0.4359609827464384,0.4940889919819719
25837,LOF,0.03669183413034342,0.35870366428082123,0.6046045015888354
25838,GOF,0.14611808191805478,0.45310454729822147,0.4007773707837237
25839,Neutral,0.4450682474484918,0.24597757125377043,0.30895418129773783
25840,Neutral,0.3472616706649196,0.32497168286358974,0.3277666464714907
25841,Neutral,0.3969936638566927,0.27503322018863957,0.32797311595466777
25842,LOF,0.2883509777229406,0.28650189848964763,0.42514712378741176
25843,GOF,0.3194023280630425,0.3671537982138919,0.3134438737230657
25844,LOF,0.1123362568520652,0.30174900275071803,0.5859147403972167
25845,LOF,0.022941782139013142,0.38960066826155804,0.5874575495994289
25846,LOF,0.17536077855793206,0.40563230321925614,0.4190069182228118
25847,GOF,0.1843057943109453,0.4414905929636528,0.37420361272540204
25848,LOF,0.05136969479907448,0.3676820160912734,0.5809482891096522
25849,LOF,0.014747927504213467,0.36618300205881255,0.619069070436974
25850,LOF,0.031651085653470946,0.4074011944917431,0.5609477198547859
25851,LOF,0.02642499448262883,0.4010140785042375,0.5725609270131337
25852,LOF,0.17197812011850827,0.31598848914154004,0.5120333907399517
25853,Neutral,0.4312882089676945,0.31113474071867575,0.2575770503136298
25854,LOF,0.03370480920163167,0.4665000319736965,0.4997951588246719
25855,LOF,0.058837428064539884,0.328171672486171,0.6129908994492891
25856,LOF,0.3080852683359529,0.30619603710185683,0.38571869456219027
25857,LOF,0.0498626185313475,0.3458314154757849,0.6043059659928677
25858,LOF,0.02915819445572344,0.48122794521300977,0.48961386033126664
25859,LOF,0.013200793340368826,0.49020402553968423,0.49659518111994705
25860,Neutral,0.44349718480879524,0.26560419153913944,0.2908986236520654
25861,GOF,0.39975743018064586,0.419799480753187,0.18044308906616713
25862,GOF,0.08633951039044915,0.5003998654433974,0.4132606241661535
25863,GOF,0.08258606785062082,0.5413664720064313,0.37604746014294793
25864,GOF,0.20590932236029932,0.5232064667746986,0.270884210865002
25865,GOF,0.0954908533280067,0.5967979707575534,0.3077111759144398
25866,GOF,0.0824786203771332,0.6235938708763907,0.2939275087464761
25867,GOF,0.10605457005159025,0.654752636443515,0.2391927935048947
25868,GOF,0.2567960862989114,0.3915335669717823,0.3516703467293063
25869,Neutral,0.7898892926784897,0.11636338138061632,0.09374732594089397
25870,LOF,0.29812114829260966,0.02816869423824852,0.6737101574691419
25871,LOF,0.19745321711171465,0.3493304645574721,0.4532163183308133
25872,LOF,0.100847869928458,0.28002561582128815,0.6191265142502539
25873,LOF,0.18703888324546764,0.2711608710968784,0.541800245657654
25874,LOF,0.028369983933916248,0.03106712423913957,0.9405628918269441
25875,LOF,0.03442461621332173,0.27376381956487356,0.6918115642218047
25876,LOF,0.02357966030935781,0.09240897357917535,0.8840113661114669
25877,LOF,0.34879930879380555,0.20763588143189404,0.44356480977430046
25878,LOF,0.11022519116976186,0.35521760108942846,0.5345572077408096
25879,LOF,0.04515595383810889,0.35460135646030927,0.6002426897015819
25880,LOF,0.020839215095628246,0.038921916153904224,0.9402388687504676
25881,LOF,0.4115772512940348,0.1216611812177294,0.4667615674882357
25882,LOF,0.0916782315779246,0.019787773563382804,0.8885339948586926
25883,LOF,0.09320701840639577,0.025381868980986495,0.8814111126126178
25884,LOF,0.06085565041698768,0.04137378289793136,0.8977705666850809
25885,LOF,0.08068136228421398,0.025579189781309797,0.8937394479344762
25886,LOF,0.24498188006934168,0.06128093689894355,0.6937371830317148
25887,LOF,0.3389882806513981,0.100316247855933,0.5606954714926689
25888,LOF,0.15927314999770442,0.04611389454134874,0.7946129554609468
25889,LOF,0.06290006312734364,0.03629044205421388,0.9008094948184424
25890,LOF,0.0712727871944154,0.10043829334590286,0.8282889194596819
25891,LOF,0.06699973907641349,0.06306170837288444,0.8699385525507021
25892,LOF,0.10148462261438955,0.045152943141846265,0.8533624342437643
25893,LOF,0.31507653159316223,0.03317398791521822,0.6517494804916195
25894,LOF,0.16806845741113832,0.016623242706392947,0.8153082998824688
25895,LOF,0.2183518392768929,0.015369555307871692,0.7662786054152355
25896,LOF,0.044013172986380515,0.026225643084722305,0.9297611839288972
25897,LOF,0.21705257512562912,0.03572397642074812,0.7472234484536228
25898,Neutral,0.7509463530932261,0.023714677434007445,0.22533896947276638
25899,LOF,0.21028905138406453,0.13585461599342638,0.6538563326225091
25900,Neutral,0.6039977496515434,0.032722137693252495,0.36328011265520405
25901,LOF,0.054477206443083584,0.026811198313552526,0.918711595243364
25902,LOF,0.17896404117103115,0.021359292053671628,0.7996766667752973
25903,Neutral,0.5398686468194406,0.071399997243874,0.3887313559366855
25904,LOF,0.33907751164225475,0.07147843491729944,0.5894440534404458
25905,LOF,0.0338848478714754,0.40420855102168485,0.5619066011068398
25906,LOF,0.028429876530317692,0.06632120345779717,0.9052489200118851
25907,LOF,0.014013631354891663,0.3425734301307043,0.6434129385144041
25908,LOF,0.01968268638721551,0.19413571787425607,0.7861815957385285
25909,LOF,0.020427523852898914,0.203029172088869,0.7765433040582321
25910,LOF,0.033418788696128264,0.3154642727575848,0.6511169385462869
25911,LOF,0.07398345910675172,0.03436267265189625,0.8916538682413521
25912,LOF,0.03597169942247821,0.08483845881734908,0.8791898417601727
25913,LOF,0.23277535836869145,0.01998226659464044,0.7472423750366681
25914,LOF,0.021531996566447942,0.18937802170580362,0.7890899817277484
25915,GOF,0.4091084562702139,0.41531805782978304,0.175573485900003
25916,GOF,0.024970587437794296,0.6303560545490078,0.34467335801319793
25917,LOF,0.03325703759006886,0.10614551376006873,0.8605974486498625
25918,LOF,0.02534408521284887,0.10114840087123535,0.8735075139159157
25919,LOF,0.025207524736812804,0.08852789978670904,0.8862645754764782
25920,GOF,0.18393449615255417,0.48528000011746086,0.330785503729985
25921,LOF,0.03200657236505909,0.029146387016792688,0.9388470406181482
25922,LOF,0.04349705117851895,0.016824427017192625,0.9396785218042883
25923,LOF,0.3761151822774016,0.032265822296462264,0.591618995426136
25924,LOF,0.03822108038229185,0.020975217349875532,0.9408037022678325
25925,LOF,0.07713233207035723,0.03752896850847241,0.8853386994211704
25926,LOF,0.05765026712506889,0.025853696328869843,0.9164960365460614
25927,LOF,0.06999102057040424,0.10729251252399216,0.8227164669056036
25928,LOF,0.023828901645089613,0.018871911824427972,0.9572991865304824
25929,LOF,0.4821729533435345,0.030282504291661502,0.48754454236480405
25930,LOF,0.0925695008022711,0.018953694025842897,0.8884768051718859
25931,LOF,0.0319291671928554,0.012641857561595986,0.9554289752455487
25932,LOF,0.03634791836880156,0.014445307685116001,0.9492067739460824
25933,LOF,0.04769551251178354,0.011605025937604874,0.9406994615506116
25934,LOF,0.03153324752467701,0.01765208001478042,0.9508146724605425
25935,LOF,0.08299703987141181,0.02871041985067962,0.8882925402779085
25936,LOF,0.04862475120510722,0.013752507334047221,0.9376227414608457
25937,LOF,0.03296901301207001,0.02664142540354839,0.9403895615843816
25938,LOF,0.07293113036073914,0.051491739349808316,0.8755771302894525
25939,LOF,0.03859090473530111,0.016203021419384275,0.9452060738453146
25940,GOF,0.023079917751876285,0.5046733222695896,0.47224675997853416
25941,LOF,0.2305071038463864,0.018211306594781092,0.7512815895588326
25942,LOF,0.02350443525027137,0.008635526668573205,0.9678600380811555
25943,LOF,0.41317340044779494,0.016448591177446518,0.5703780083747586
25944,Neutral,0.532974095072335,0.0092279468818315,0.45779795804583356
25945,LOF,0.0964217647106029,0.026265457871224595,0.8773127774181725
25946,LOF,0.03450492969885978,0.23137206764442433,0.7341230026567159
25947,LOF,0.10609724367843854,0.2708273543382613,0.6230754019833001
25948,LOF,0.36882892650812676,0.005901807559587681,0.6252692659322856
25949,LOF,0.1225417390909961,0.011643887720289762,0.8658143731887141
25950,GOF,0.12101953567874733,0.6195541252066102,0.25942633911464247
25951,LOF,0.17121455064518212,0.2796123527311036,0.5491730966237143
25952,GOF,0.0281813844352493,0.6244770556920234,0.3473415598727274
25953,LOF,0.14253246205604012,0.3363683097753911,0.5210992281685687
25954,GOF,0.2884674998833771,0.5425368714818721,0.16899562863475076
25955,LOF,0.04539054723531979,0.22350591294781316,0.731103539816867
25956,LOF,0.21414069640044725,0.047206338216907937,0.7386529653826447
25957,LOF,0.04834154618161502,0.024564441231647652,0.9270940125867374
25958,LOF,0.07843207996812006,0.024488370543688964,0.8970795494881909
25959,LOF,0.1806047104022138,0.31724221127797436,0.5021530783198118
25960,LOF,0.02798214039282314,0.055576140158937117,0.9164417194482397
25961,LOF,0.08203632297245719,0.041478250539563326,0.8764854264879794
25962,LOF,0.06929401373373409,0.03786284110225595,0.89284314516401
25963,LOF,0.06963793329649506,0.13801039336415657,0.7923516733393483
25964,LOF,0.02796805948504072,0.3480488540764765,0.6239830864384828
25965,LOF,0.4550263026935105,0.04949077995112708,0.49548291735536254
25966,GOF,0.25049138434299034,0.4187055750633222,0.33080304059368754
25967,LOF,0.012281385991247225,0.2211622604330875,0.7665563535756652
25968,GOF,0.06198573181883032,0.5122870787615672,0.4257271894196024
25969,LOF,0.014843058104183364,0.11106286901859294,0.8740940728772236
25970,LOF,0.046497088847916555,0.033569180507359915,0.9199337306447235
25971,LOF,0.08732628817145455,0.022100615908720152,0.8905730959198254
25972,LOF,0.07506898217610623,0.02711940156536811,0.8978116162585257
25973,LOF,0.09295172923508613,0.016797696014045467,0.8902505747508683
25974,LOF,0.3382513921209117,0.034928583747020236,0.626820024132068
25975,LOF,0.04434761249411596,0.045238069839910494,0.9104143176659736
25976,LOF,0.04067610336008756,0.04594189622627845,0.913382000413634
25977,LOF,0.07911855913779599,0.18828024070857832,0.7326012001536257
25978,LOF,0.20653986266498545,0.09782137623166276,0.6956387611033519
25979,LOF,0.16964999743146847,0.1010278672424638,0.7293221353260677
25980,LOF,0.20050292901526717,0.17071887927302493,0.6287781917117079
25981,LOF,0.20050292901526717,0.17071887927302493,0.6287781917117079
25982,LOF,0.3971416179631991,0.08154693976897899,0.5213114422678219
25983,LOF,0.3930854191110139,0.09373207257499096,0.5131825083139951
25984,LOF,0.02962973112449323,0.17164937037749595,0.7987208984980108
25985,LOF,0.02014479324030535,0.36467181844602964,0.6151833883136649
25986,LOF,0.03200233120675704,0.38171732208800435,0.5862803467052387
25987,LOF,0.10644322391048229,0.08850560442448292,0.8050511716650347
25988,LOF,0.05272701096286475,0.19706875726860903,0.7502042317685262
25989,LOF,0.019410119336937,0.2206926599062117,0.7598972207568512
25990,LOF,0.027174943220010985,0.17744318069330395,0.7953818760866851
25991,LOF,0.12010646989538779,0.25351533081087285,0.6263781992937395
25992,LOF,0.2646093936094841,0.260620109750045,0.4747704966404709
25993,LOF,0.025648676371011786,0.07887116827176346,0.8954801553572247
25994,LOF,0.014693978679649972,0.09810968103041212,0.8871963402899379
25995,LOF,0.022143692147899782,0.10014605405451853,0.8777102537975817
25996,LOF,0.0900221997654805,0.334365086787327,0.5756127134471926
25997,LOF,0.04230448769244936,0.4138547812997638,0.543840731007787
25998,LOF,0.4249356509504993,0.011473467091765692,0.563590881957735
25999,LOF,0.1413392546045106,0.3451477374923106,0.5135130079031788
26000,LOF,0.061273170179298224,0.050200961171122806,0.888525868649579
26001,LOF,0.12121447097344143,0.07331570138184315,0.8054698276447155
26002,LOF,0.07860009490091344,0.08574700375040716,0.8356529013486794
26003,GOF,0.009050897702039833,0.6646982471067318,0.32625085519122843
26004,GOF,0.02391188135358055,0.7055571202338109,0.27053099841260847
26005,LOF,0.009688776191072277,0.4777657415604583,0.5125454822484693
26006,Neutral,0.4964459562011186,0.3059829530359489,0.1975710907629324
26007,GOF,0.01544489128684664,0.5957440347384519,0.38881107397470144
26008,GOF,0.011518574952358637,0.6225356121960155,0.3659458128516258
26009,GOF,0.025330301434677287,0.7234143590809408,0.2512553394843819
26010,GOF,0.012315487789981113,0.8125696902889882,0.17511482192103067
26011,GOF,0.007308427369532599,0.5039110431598673,0.4887805294706
26012,GOF,0.014026413260108436,0.5801781789765303,0.4057954077633612
26013,GOF,0.009823477665533563,0.6772017695497168,0.31297475278474973
26014,LOF,0.04082403738408544,0.11153191762664451,0.84764404498927
26015,LOF,0.21827877387075323,0.006873153742576329,0.7748480723866704
26016,LOF,0.30651507144127343,0.027747251678120703,0.6657376768806059
26017,LOF,0.2508801391010416,0.041425587392471444,0.707694273506487
26018,LOF,0.08718077320196549,0.01913688922215953,0.893682337575875
26019,LOF,0.08874605327458855,0.011826943393155143,0.8994270033322563
26020,LOF,0.0895053268498331,0.04590010181993861,0.8645945713302282
26021,LOF,0.08021491803154052,0.055052578092094365,0.8647325038763651
26022,LOF,0.01915934973659756,0.030190996971595784,0.9506496532918065
26023,LOF,0.18290259181100962,0.013895888579427055,0.8032015196095633
26024,LOF,0.036667782974094495,0.06454182762936478,0.8987903893965408
26025,LOF,0.2775253183377305,0.054711591364882343,0.6677630902973872
26026,LOF,0.491743613836698,0.013349590913863403,0.49490679524943865
26027,LOF,0.09089919413676875,0.010735073671276199,0.898365732191955
26028,LOF,0.28517606248466304,0.053127937750842964,0.661695999764494
26029,LOF,0.09857558825731924,0.19553163565227016,0.7058927760904107
26030,LOF,0.03344602298932448,0.044939455978234406,0.9216145210324411
26031,LOF,0.024015760993873494,0.1844979735809692,0.7914862654251573
26032,LOF,0.11667033439690866,0.050947150229849913,0.8323825153732415
26033,LOF,0.28011976911695063,0.08060009588143371,0.6392801350016156
26034,LOF,0.051397152426024266,0.13483226695853484,0.8137705806154409
26035,LOF,0.036325639698715606,0.16878870648695207,0.7948856538143323
26036,LOF,0.054796538836523474,0.14752504182318052,0.797678419340296
26037,LOF,0.028670766131565016,0.1237522575118,0.847576976356635
26038,LOF,0.11383039328157712,0.04881429580853676,0.837355310909886
26039,LOF,0.0622123346242411,0.16170658278916883,0.77608108258659
26040,Neutral,0.44644595430772205,0.1221852759459818,0.4313687697462961
26041,LOF,0.02782190073513218,0.1255877183854039,0.8465903808794638
26042,LOF,0.029115739013491525,0.1173670057371669,0.8535172552493415
26043,LOF,0.11117622410251207,0.062391534338502606,0.8264322415589852
26044,LOF,0.03008467199100394,0.054705113353374024,0.9152102146556221
26045,LOF,0.07808697627001976,0.13666059242085857,0.7852524313091217
26046,LOF,0.12190847899762035,0.07150521136171716,0.8065863096406626
26047,LOF,0.1337455871513333,0.06834643658177911,0.7979079762668876
26048,LOF,0.07689704797327594,0.05504283329316062,0.8680601187335635
26049,Neutral,0.9301772513924316,0.01231484108370524,0.05750790752386318
26050,Neutral,0.9031064388454904,0.013666931928875227,0.08322662922563435
26051,GOF,0.042492930781902104,0.5550534917852831,0.40245357743281485
26052,GOF,0.027737492279294642,0.5485405809705716,0.4237219267501339
26053,LOF,0.05575893715804245,0.30964129293290343,0.6345997699090541
26054,LOF,0.05577183272133891,0.07053086565685004,0.8736973016218111
26055,LOF,0.06231549962346115,0.05185821718626258,0.8858262831902763
26056,LOF,0.05089830904297334,0.05990110428594056,0.889200586671086
26057,LOF,0.029145642331786157,0.05829425254152706,0.9125601051266867
26058,LOF,0.029176672414867984,0.04967409110008526,0.9211492364850467
26059,LOF,0.3572264174804392,0.0815782057914247,0.561195376728136
26060,LOF,0.03435024719797765,0.39045758211111103,0.5751921706909113
26061,LOF,0.022113754604403887,0.08159876636128276,0.8962874790343133
26062,LOF,0.01556159534238824,0.06661410317106742,0.9178243014865443
26063,LOF,0.024754033898434797,0.053790421540545585,0.9214555445610196
26064,LOF,0.025568847691804605,0.07208222099829503,0.9023489313099005
26065,LOF,0.028527933175535657,0.04305777838969677,0.9284142884347675
26066,LOF,0.022678392496658283,0.06232753992039182,0.91499406758295
26067,LOF,0.024915956057196195,0.047001105149825646,0.9280829387929782
26068,LOF,0.05292305510965976,0.08824740290725944,0.8588295419830807
26069,LOF,0.3753323514010446,0.051826126597484645,0.5728415220014709
26070,Neutral,0.6056355922118571,0.03246975272405115,0.3618946550640917
26071,LOF,0.024057756515334042,0.06193781712685663,0.9140044263578093
26072,LOF,0.02647572926956799,0.0969040635259171,0.876620207204515
26073,LOF,0.028019710995731455,0.04130671193597465,0.9306735770682939
26074,Neutral,0.8907485945261905,0.015031583930171306,0.09421982154363834
26075,LOF,0.036329026267437635,0.060564694347526205,0.9031062793850363
26076,LOF,0.03937884337263804,0.04012892725550246,0.9204922293718596
26077,LOF,0.013301097565306357,0.09634536730735548,0.8903535351273382
26078,LOF,0.01802491568486707,0.07536800529279175,0.9066070790223413
26079,LOF,0.05321938302731322,0.06658806775352767,0.8801925492191592
26080,LOF,0.05321938302731322,0.06658806775352767,0.8801925492191592
26081,LOF,0.034606069988219204,0.037840265270626366,0.9275536647411545
26082,LOF,0.022569552011642305,0.05468091589393781,0.9227495320944198
26083,LOF,0.07072898799818929,0.06488835660918803,0.8643826553926228
26084,LOF,0.023169650146199434,0.0625616699981395,0.9142686798556612
26085,LOF,0.023169650146199434,0.0625616699981395,0.9142686798556612
26086,LOF,0.024871349491072114,0.07047836195887122,0.9046502885500566
26087,LOF,0.02599048132563829,0.05595238488555958,0.9180571337888022
26088,LOF,0.02649978982712971,0.13330904101798446,0.8401911691548858
26089,LOF,0.050057329419494506,0.0529529988659875,0.896989671714518
26090,LOF,0.04612161522142563,0.04663790653394755,0.9072404782446267
26091,LOF,0.04267575918418852,0.027951539146373147,0.9293727016694383
26092,LOF,0.028306402832280385,0.047382786752608694,0.924310810415111
26093,LOF,0.04163316498793519,0.029323440219011707,0.9290433947930531
26094,LOF,0.04867671520669934,0.024839343433624272,0.9264839413596765
26095,LOF,0.05426556643921915,0.07273900411013022,0.8729954294506506
26096,LOF,0.024093542202528757,0.04654714202312477,0.9293593157743464
26097,LOF,0.011374284856089663,0.15591475977900654,0.8327109553649037
26098,LOF,0.05314408263584165,0.050110495990652676,0.8967454213735057
26099,LOF,0.025001555150040083,0.10154954210723476,0.8734489027427252
26100,LOF,0.025001555150040083,0.10154954210723476,0.8734489027427252
26101,LOF,0.05186184255599451,0.08235939916470623,0.8657787582792994
26102,LOF,0.025349797211311923,0.06500140671510579,0.9096487960735823
26103,Neutral,0.7970690889562676,0.09427307206673757,0.1086578389769948
26104,LOF,0.04053231821232803,0.10385077907120362,0.8556169027164684
26105,LOF,0.3097869051723173,0.07184158628623384,0.618371508541449
26106,LOF,0.19783066545370284,0.04557975750255115,0.7565895770437461
26107,LOF,0.271768794370463,0.05961596721562754,0.6686152384139095
26108,LOF,0.1846691539063715,0.06030119201279986,0.7550296540808286
26109,LOF,0.04915864577515555,0.1719177723023085,0.7789235819225361
26110,LOF,0.26710085256905663,0.04692244480076751,0.6859767026301758
26111,LOF,0.39405737558941034,0.07246485542787501,0.5334777689827146
26112,LOF,0.03862564892123406,0.045867621042405236,0.9155067300363607
26113,LOF,0.05167646700102253,0.11509696210078559,0.833226570898192
26114,LOF,0.03216847790628821,0.024522287143926576,0.9433092349497851
26115,LOF,0.17466384017194175,0.05109232423898047,0.7742438355890778
26116,LOF,0.08909055699471698,0.05144445710396994,0.859464985901313
26117,LOF,0.30120156613334553,0.15301672649299275,0.5457817073736617
26118,LOF,0.043071867456639025,0.036304962006582446,0.9206231705367786
26119,LOF,0.036264359389811575,0.12135821885427416,0.8423774217559143
26120,LOF,0.03614096192584627,0.06039774392898572,0.903461294145168
26121,LOF,0.0699886857543564,0.11716262807190209,0.8128486861737414
26122,LOF,0.08706911006087947,0.10882104981363497,0.8041098401254855
