feature0,prediction,LoGoFunc_Neutral,LoGoFunc_GOF,LoGoFunc_LOF
25546,Neutral,0.6099654575626879,0.05446998308122577,0.33556455935608626
25547,Neutral,0.4705505925680679,0.08904658433561123,0.4404028230963209
25548,Neutral,0.47247691341989967,0.07207148860144696,0.4554515979786534
25549,LOF,0.39364017108034705,0.07303650480543795,0.533323324114215
25550,LOF,0.35852815476615674,0.09984833389477189,0.5416235113390714
25551,LOF,0.3062478643745304,0.11386807952272143,0.5798840561027482
25552,LOF,0.2661207836893058,0.11589915309111906,0.6179800632195752
25553,Neutral,0.8003803783515658,0.04296325247864128,0.15665636916979286
25554,LOF,0.3064066203365448,0.10197781238136013,0.591615567282095
25555,LOF,0.2601834068456227,0.09650080691668063,0.6433157862376967
25556,LOF,0.4315302968388271,0.08403248771062487,0.4844372154505482
25557,LOF,0.25756372546230466,0.1012873269120947,0.6411489476256006
25558,LOF,0.3104821971800448,0.09777538647326968,0.5917424163466853
25559,LOF,0.26893410140155555,0.14993452402402574,0.5811313745744188
25560,LOF,0.18326564563614767,0.0975692751124646,0.7191650792513877
25561,LOF,0.17843868208150912,0.11835528940639285,0.7032060285120981
25562,LOF,0.0862089320824493,0.0734725187978005,0.8403185491197501
25563,LOF,0.032035802765137615,0.11539737538878202,0.8525668218460803
25564,LOF,0.21172056365316058,0.10141788937645266,0.6868615469703867
25565,LOF,0.21570149120801732,0.12450157749083912,0.6597969313011436
25566,GOF,0.0802614255724945,0.6424663188874137,0.2772722555400918
25567,LOF,0.048052429944905585,0.1829681402691724,0.768979429785922
25568,LOF,0.06741441779007853,0.1044000588437263,0.8281855233661951
25569,LOF,0.057965775906279965,0.10296745839674683,0.8390667656969732
25570,LOF,0.02668955772087985,0.13389986108220844,0.8394105811969118
25571,LOF,0.026030568597093785,0.1459985411735979,0.8279708902293084
25572,LOF,0.06203843581165742,0.16505811499964326,0.7729034491886994
25573,LOF,0.05477953379165075,0.12465873636248384,0.8205617298458654
25574,LOF,0.05866282112432583,0.2495082093779711,0.6918289694977031
25575,LOF,0.02211594953525622,0.1532629278002978,0.824621122664446
25576,LOF,0.02865748516551083,0.20216433093366937,0.7691781839008198
25577,LOF,0.03164348578159484,0.14630647092434126,0.8220500432940638
25578,LOF,0.2977199705555968,0.12527165916308966,0.5770083702813136
25579,LOF,0.13048833059652826,0.13039647111917377,0.739115198284298
25580,LOF,0.020221277737968075,0.10483160368327275,0.8749471185787593
25581,LOF,0.04892641090481429,0.09911188105889349,0.8519617080362923
25582,LOF,0.048814224530337555,0.09709308516017809,0.8540926903094844
25583,LOF,0.021893921841679306,0.11544915286085747,0.8626569252974633
25584,Neutral,0.6834491686273297,0.14683076846289186,0.16972006290977834
25585,LOF,0.022949285851898885,0.18248998149006837,0.7945607326580327
25586,LOF,0.016750013917172665,0.09843024113332582,0.8848197449495014
25587,LOF,0.016390457683294953,0.0888689857615617,0.8947405565551433
25588,LOF,0.020143741294681747,0.09836929922745297,0.8814869594778653
25589,Neutral,0.4783557282014532,0.2548035072782927,0.26684076452025424
25590,LOF,0.04725164055661747,0.15795909499166438,0.7947892644517182
25591,LOF,0.08870099721122032,0.08236668264366848,0.8289323201451112
25592,LOF,0.053091297411173306,0.19705323685884557,0.7498554657299812
25593,LOF,0.10829038974269715,0.31483860619361437,0.5768710040636885
25594,LOF,0.04537771377902958,0.1037365668177533,0.8508857194032172
25595,LOF,0.04379385956326128,0.07140175038312223,0.8848043900536164
25596,LOF,0.09564914641212797,0.033340552498228225,0.8710103010896438
25597,LOF,0.07695816682125094,0.04469481147766451,0.8783470217010846
25598,LOF,0.04347425053790387,0.07701567066465834,0.8795100787974378
25599,LOF,0.021605837811004912,0.43739145085817205,0.541002711330823
25600,GOF,0.1634307824815505,0.4659202359808232,0.37064898153762615
25601,LOF,0.04262815769354885,0.3462504238983023,0.6111214184081488
25602,LOF,0.03464210183456227,0.06299713463327404,0.9023607635321637
25603,LOF,0.0326480161814963,0.042377510232122655,0.9249744735863811
25604,LOF,0.03734566681662354,0.08603481714388636,0.8766195160394901
25605,LOF,0.0361852854618661,0.2005371965369829,0.763277518001151
25606,LOF,0.3902326844500121,0.12510160464765427,0.4846657109023336
25607,LOF,0.02904387531793664,0.18734123237225714,0.7836148923098062
25608,LOF,0.039959891412258766,0.0999973428389963,0.8600427657487449
25609,GOF,0.15111997241141878,0.5126469079616511,0.33623311962693014
25610,LOF,0.014995653521044186,0.042509876226822764,0.9424944702521332
25611,LOF,0.012936488312546221,0.04322830983545816,0.9438352018519957
25612,LOF,0.04150647242196314,0.06638807034272033,0.8921054572353165
25613,LOF,0.039882082704160424,0.06128194136481372,0.8988359759310258
25614,LOF,0.021811748028138053,0.03858160614690048,0.9396066458249613
25615,LOF,0.04314957862356861,0.0646364842145894,0.8922139371618419
25616,LOF,0.047608906357103055,0.04047862867710212,0.9119124649657948
25617,LOF,0.04263748896479492,0.052301231577551545,0.9050612794576535
25618,LOF,0.04431346158972652,0.05709977667069741,0.8985867617395761
25619,LOF,0.012542882800699918,0.050017283307756066,0.9374398338915441
25620,LOF,0.05895620159620033,0.058259686005189076,0.8827841123986107
25621,LOF,0.05751444376810748,0.05445030601079175,0.8880352502211007
25622,LOF,0.06286087161269592,0.05373928108410249,0.8833998473032015
25623,LOF,0.06760861866092428,0.04901451608163864,0.883376865257437
25624,LOF,0.017464497888558365,0.05166685851157669,0.9308686435998649
25625,LOF,0.059091070875196126,0.05573676072823717,0.8851721683965668
25626,LOF,0.04461068704639464,0.060189845143415854,0.8951994678101894
25627,Neutral,0.8972303799058164,0.02364232588751276,0.07912729420667089
25628,LOF,0.15858518047029405,0.06574214045607918,0.7756726790736269
25629,LOF,0.06992571473399227,0.053300995496135456,0.8767732897698722
25630,LOF,0.26752919938845027,0.07688929915914464,0.6555815014524051
25631,Neutral,0.5392966817665231,0.07397023658386047,0.38673308164961645
25632,LOF,0.025127067313671442,0.07763803378541015,0.8972348989009185
25633,LOF,0.1414611941707083,0.04451207245007237,0.8140267333792193
25634,LOF,0.0332885044094813,0.09736882945217369,0.869342666138345
25635,LOF,0.03287597867347552,0.047108842252932485,0.920015179073592
25636,LOF,0.03481526235725834,0.4289559940801043,0.5362287435626374
25637,GOF,0.07338793003080055,0.5139810753006802,0.4126309946685193
25638,LOF,0.031470069069054564,0.38270297142970683,0.5858269595012386
25639,LOF,0.027696702801152,0.40271028613866694,0.569593011060181
25640,Neutral,0.8308701819156723,0.12052483796108533,0.048604980123242485
25641,GOF,0.07971231735077389,0.5027199477912897,0.4175677348579364
25642,LOF,0.06039568834796247,0.19794162649690766,0.7416626851551299
25643,LOF,0.21060943351739086,0.11338912428807335,0.6760014421945358
25644,GOF,0.026622050288923574,0.48949750807670483,0.4838804416343716
25645,LOF,0.02887441245835047,0.4544982054771081,0.5166273820645414
25646,LOF,0.0692450939161786,0.3347306207321292,0.5960242853516923
25647,LOF,0.02990995732183908,0.30930632205173375,0.6607837206264271
25648,LOF,0.033548290542146864,0.28284137988539454,0.6836103295724585
25649,LOF,0.018796188142883963,0.25216322592049756,0.7290405859366185
25650,LOF,0.05827685560603306,0.4178091129923555,0.5239140314016115
25651,LOF,0.019701359714359167,0.3116947145701015,0.6686039257155394
25652,LOF,0.034115438456594614,0.2913112115587835,0.6745733499846219
25653,LOF,0.0901511623767395,0.4337818247568498,0.47606701286641073
25654,LOF,0.02274379845672048,0.23686215223118834,0.7403940493120912
25655,GOF,0.22383930008754208,0.42309277817127094,0.35306792174118684
25656,LOF,0.37337060330530664,0.08796940933108345,0.53865998736361
25657,LOF,0.0670615409712725,0.08708334273035223,0.8458551162983753
25658,LOF,0.38196993997576334,0.08573824013069584,0.5322918198935408
25659,Neutral,0.5186716976213426,0.1313346632066437,0.3499936391720138
25660,LOF,0.02124575258614111,0.09306089111463643,0.8856933562992225
25661,LOF,0.09835511822370178,0.05645372699959049,0.8451911547767077
25662,LOF,0.03379759756236473,0.031454923839573316,0.9347474785980618
25663,LOF,0.04260950249786724,0.04312047381059226,0.9142700236915405
25664,LOF,0.135232098226906,0.07060491904322255,0.7941629827298715
25665,LOF,0.05768698584929437,0.030090754302791595,0.9122222598479142
25666,LOF,0.09472497926692121,0.06391247303364969,0.8413625476994291
25667,LOF,0.07248003565465731,0.03938024846523633,0.8881397158801064
25668,LOF,0.037441379679477055,0.050214620831597216,0.9123439994889257
25669,LOF,0.03153642223182018,0.04483114545331748,0.9236324323148624
25670,LOF,0.14330991961930697,0.05263894315519169,0.8040511372255014
25671,LOF,0.11466079055150542,0.03240181872546109,0.8529373907230335
25672,LOF,0.05050186162930641,0.04238645596426607,0.9071116824064276
25673,LOF,0.07521575224285144,0.04815057734492084,0.8766336704122277
25674,LOF,0.0658873943962146,0.056709436131780436,0.8774031694720049
25675,LOF,0.10801595990949753,0.06134068729915336,0.830643352791349
25676,LOF,0.019579824237410826,0.0506108646803904,0.9298093110821987
25677,LOF,0.025945436577427896,0.06687072557918526,0.907183837843387
25678,LOF,0.1979150234113564,0.06163411870044406,0.7404508578881995
25679,LOF,0.11654365083664357,0.08071785548051413,0.8027384936828422
25680,LOF,0.03529534908151297,0.113210013203516,0.851494637714971
25681,LOF,0.05077069885978371,0.10595758582471955,0.8432717153154967
25682,LOF,0.14062887338982102,0.07004850961270442,0.7893226169974746
25683,LOF,0.11654205322549938,0.08897993220040849,0.7944780145740922
25684,LOF,0.040068310528898705,0.0621020495231729,0.8978296399479283
25685,LOF,0.11922241694471954,0.06620226885233438,0.8145753142029462
25686,LOF,0.08086852508903282,0.0969460635459773,0.8221854113649899
25687,LOF,0.13617794762782304,0.1060402048528259,0.757781847519351
25688,LOF,0.35222284283669325,0.05077302326203635,0.5970041339012704
25689,LOF,0.2900288912446604,0.0515320593298017,0.6584390494255379
25690,LOF,0.361405418938838,0.04040105466731762,0.5981935263938445
25691,Neutral,0.7229870967023023,0.03561614730424688,0.24139675599345087
25692,LOF,0.34934703451263954,0.01199422706753972,0.6386587384198208
25693,LOF,0.0481913791011522,0.42353649177342584,0.528272129125422
25694,LOF,0.11503467359268128,0.015319196966146078,0.8696461294411726
25695,LOF,0.11262782014739148,0.01453120204748701,0.8728409778051215
25696,LOF,0.13000635011866465,0.012009310997994498,0.8579843388833408
25697,LOF,0.08698023536084089,0.05627042678094384,0.8567493378582152
25698,LOF,0.3403331093610463,0.14466977551413457,0.5149971151248192
25699,LOF,0.474413176863961,0.050600500977100955,0.47498632215893805
25700,LOF,0.07545527312099488,0.009861135398541757,0.9146835914804634
25701,LOF,0.18148816292675954,0.05872702586285395,0.7597848112103865
25702,GOF,0.1702524374866079,0.6045993258861051,0.225148236627287
25703,LOF,0.015954007956436932,0.1732457468846201,0.810800245158943
25704,LOF,0.035334460464852904,0.1263527421504198,0.8383127973847273
25705,LOF,0.05627726023736458,0.15004117129585798,0.7936815684667775
25706,LOF,0.10335098541504385,0.37951066510676423,0.5171383494781919
25707,LOF,0.10716445975912904,0.343253213238302,0.5495823270025689
25708,LOF,0.040386921863314336,0.3252028325013447,0.634410245635341
25709,LOF,0.06950437707836232,0.04403867738138572,0.886456945540252
25710,LOF,0.012187202473368967,0.1605430052345634,0.8272697922920678
25711,LOF,0.021133919584060076,0.08772974828618814,0.8911363321297517
25712,LOF,0.014252271009124172,0.20346698620475479,0.7822807427861211
25713,LOF,0.019502284246032283,0.08307781762669761,0.89741989812727
25714,LOF,0.08126248571489557,0.08052865299247158,0.8382088612926328
25715,LOF,0.012293367128719939,0.136441107133201,0.851265525738079
25716,LOF,0.012405793540707546,0.11308938308394939,0.874504823375343
25717,LOF,0.01482878665699019,0.07748965833309777,0.9076815550099121
25718,LOF,0.012068288013052734,0.09632397821394077,0.8916077337730065
25719,LOF,0.019508876906251298,0.08044323213974137,0.9000478909540073
25720,LOF,0.02512903143009423,0.06822539284753212,0.9066455757223737
25721,LOF,0.013769304072217678,0.12231409146163287,0.8639166044661495
25722,LOF,0.01417879261057928,0.12883019098201687,0.8569910164074038
25723,LOF,0.02370439727755713,0.04882192308545784,0.927473679636985
25724,LOF,0.03480462665757086,0.0815391006866603,0.8836562726557687
25725,LOF,0.012025617435815886,0.07551449039442568,0.9124598921697585
25726,LOF,0.0160721744457069,0.10733676520655425,0.8765910603477389
25727,LOF,0.012514695561884876,0.08149934892178662,0.9059859555163285
25728,LOF,0.010651689878649747,0.1104878666577789,0.8788604434635713
25729,LOF,0.010788392618224295,0.10990898781191087,0.8793026195698648
25730,LOF,0.013924977701717972,0.09570023219124912,0.8903747901070329
25731,LOF,0.018410969428877027,0.11431590100547798,0.8672731295656451
25732,LOF,0.014455849152661134,0.08078035115859589,0.904763799688743
25733,LOF,0.01637784530082271,0.07142485906266188,0.9121972956365153
25734,LOF,0.010655125717639605,0.12570526877001542,0.863639605512345
25735,LOF,0.012571850321254397,0.08194234217238504,0.9054858075063605
25736,LOF,0.013539861080767036,0.10387260300910671,0.8825875359101263
25737,LOF,0.013141494952112889,0.07510748051150143,0.9117510245363858
25738,LOF,0.012210489958294622,0.10940182480041376,0.8783876852412916
25739,LOF,0.02121128423276048,0.08300481770150886,0.8957838980657307
25740,LOF,0.029752445268457363,0.1226178030680067,0.8476297516635359
25741,LOF,0.016769127030546636,0.12340658515756625,0.8598242878118871
25742,LOF,0.1383516009782205,0.08175922408166258,0.7798891749401169
25743,LOF,0.03723608543771623,0.055224693548355394,0.9075392210139284
25744,Neutral,0.5507052712410786,0.2716844550476222,0.17761027371129928
25745,LOF,0.06161522126128554,0.09697210098606984,0.8414126777526445
25746,LOF,0.04238108152620194,0.12137371598205608,0.8362452024917421
25747,LOF,0.018989322247018534,0.08927943883930299,0.8917312389136784
25748,LOF,0.08792859889052157,0.12667617748594193,0.7853952236235365
25749,LOF,0.027000332852466596,0.1145115686031725,0.8584880985443609
25750,LOF,0.07561610719048377,0.10580968855152495,0.8185742042579913
25751,LOF,0.07675867981291778,0.15481039276323724,0.768430927423845
25752,GOF,0.11179038229550814,0.6362356826965915,0.2519739350079003
25753,LOF,0.021809549396006808,0.2799469872685667,0.6982434633354265
25754,GOF,0.012710515911965686,0.7931227593452587,0.19416672474277563
25755,LOF,0.023554859660316278,0.3880873986875521,0.5883577416521317
25756,LOF,0.050024719623923346,0.34539848473815216,0.6045767956379245
25757,GOF,0.01676746098521078,0.8270129735609929,0.1562195654537964
25758,GOF,0.031824740107189164,0.7879650724648922,0.18021018742791875
25759,GOF,0.011308769607595779,0.5936108646123253,0.39508036578007905
25760,LOF,0.01314062975831561,0.26935773253770046,0.7175016377039839
25761,GOF,0.3003071600389918,0.5920856366347655,0.10760720332624263
25762,LOF,0.046954165445837415,0.26268834060919,0.6903574939449726
25763,LOF,0.014267612472153895,0.20473023698341422,0.7810021505444319
25764,GOF,0.0821976175500341,0.6392645238906652,0.2785378585593006
25765,GOF,0.033609198765664317,0.718461067815101,0.24792973341923474
25766,GOF,0.07413802546071016,0.714867578951734,0.21099439558755576
25767,GOF,0.15181553082115173,0.5533856990594219,0.29479877011942623
25768,LOF,0.1105332692013616,0.061529550342801866,0.8279371804558365
25769,LOF,0.061874629115529184,0.06727407712311322,0.8708512937613576
25770,LOF,0.3325289409931887,0.10941357560898818,0.5580574833978231
25771,LOF,0.046612516049137555,0.05316026570114942,0.900227218249713
25772,LOF,0.01872911081835744,0.04602057244353529,0.9352503167381073
25773,LOF,0.0473882080310703,0.0977989274312576,0.8548128645376721
25774,LOF,0.02801577677819722,0.08825147409562002,0.8837327491261827
25775,LOF,0.04974977425811078,0.049902065136641346,0.9003481606052478
25776,LOF,0.08012493010407602,0.026540978388953255,0.8933340915069706
25777,LOF,0.3328014560118058,0.06693951148144894,0.6002590325067453
25778,LOF,0.07568248271992388,0.05209521822994545,0.8722222990501306
25779,GOF,0.35908445555380764,0.600412473007126,0.04050307143906647
25780,GOF,0.33581056577065105,0.5967586725227957,0.06743076170655321
25781,GOF,0.14045345580882526,0.7589667478002755,0.10057979639089916
25782,GOF,0.21823810957373485,0.7047092553588978,0.07705263506736737
25783,GOF,0.020780525241319795,0.638870782858899,0.34034869189978134
25784,Neutral,0.4921162379343439,0.4650765242027781,0.042807237862878024
25785,GOF,0.481345365215507,0.48403484814639586,0.03461978663809698
25786,GOF,0.027014596948315654,0.7671617250312838,0.20582367802040064
25787,Neutral,0.6441842091246642,0.33445379501447864,0.021361995860857016
25788,LOF,0.06282745083199875,0.1087191937926312,0.8284533553753701
25789,GOF,0.22229215419515017,0.6553726388852472,0.12233520691960267
25790,GOF,0.22824384413139898,0.6780959323191785,0.09366022354942258
25791,GOF,0.18590838962165995,0.6674888405022271,0.14660276987611293
25792,GOF,0.37831009835719304,0.5110714318929285,0.11061846974987853
25793,GOF,0.23717588509579665,0.5470444716863827,0.2157796432178207
25794,GOF,0.3273620204471995,0.5156646541010732,0.15697332545172737
25795,GOF,0.08421552995344384,0.6601609760348914,0.25562349401166484
25796,Neutral,0.5628642279856544,0.3645727816321019,0.07256299038224377
25797,GOF,0.0886212389909421,0.537736866846988,0.37364189416207
25798,GOF,0.00930556822681962,0.5064192622060704,0.48427516956711003
25799,LOF,0.007280630816208835,0.4236409341383773,0.5690784350454139
25800,GOF,0.03430652019885027,0.6089904909312841,0.35670298886986573
25801,GOF,0.2266992936059459,0.6559040397125198,0.11739666668153423
25802,GOF,0.06119961379727535,0.690596676300685,0.24820370990203958
25803,GOF,0.039364510547969606,0.567974030952076,0.3926614584999544
25804,GOF,0.03541248978170592,0.5101223762670979,0.4544651339511962
25805,GOF,0.10775892642431002,0.6028905574062394,0.2893505161694506
25806,GOF,0.11144400410349728,0.6037751860399363,0.28478080985656634
25807,GOF,0.020975223452791174,0.6247356740144575,0.3542891025327514
25808,GOF,0.09582964093353115,0.6285081607866901,0.27566219827977884
25809,GOF,0.01974974753410259,0.5901906370292358,0.3900596154366616
25810,GOF,0.01912321646632349,0.6109961578588479,0.3698806256748288
25811,GOF,0.4655058624072587,0.4733975342042187,0.06109660338852254
25812,GOF,0.03820498026948649,0.6546997881202127,0.30709523161030083
25813,Neutral,0.5084554756907042,0.3995787991301334,0.09196572517916254
25814,GOF,0.1236381817070768,0.6646819529973836,0.21167986529553962
25815,GOF,0.19162632867577115,0.6326967227719998,0.17567694855222898
25816,GOF,0.021168942934737436,0.6874807096742191,0.29135034739104343
25817,GOF,0.22752411396671704,0.6553909527428855,0.11708493329039764
25818,GOF,0.05844832395060511,0.6369452645516291,0.30460641149776574
25819,GOF,0.36558228383124697,0.49321852524667587,0.14119919092207717
25820,GOF,0.16071257899097036,0.6106989685179259,0.22858845249110368
25821,GOF,0.055130600786336886,0.6761530669180165,0.26871633229564656
25822,GOF,0.19849264793758364,0.5744514559498851,0.22705589611253119
25823,GOF,0.030733343523243487,0.5184428513087094,0.4508238051680471
25824,GOF,0.07802743023444114,0.5667371959619,0.3552353738036588
25825,GOF,0.031088242742027275,0.5539009018863529,0.41501085537161986
25826,GOF,0.010723983734446834,0.5298276810978321,0.45944833516772116
25827,GOF,0.022558604743363644,0.5767531061709095,0.4006882890857269
25828,GOF,0.013637189116218014,0.5181437382710408,0.46821907261274137
25829,GOF,0.006831206799882349,0.5662386939686794,0.42693009923143826
25830,LOF,0.040554789362542906,0.3236837630468755,0.6357614475905816
25831,GOF,0.20688053333076026,0.6654940272222286,0.1276254394470111
25832,GOF,0.0319419345658825,0.6738681640439872,0.2941899013901302
25833,GOF,0.13292351406239217,0.6929582479902854,0.17411823794732237
25834,GOF,0.042584155160229994,0.689800912739059,0.26761493210071113
25835,GOF,0.09545874100116605,0.7349477693228831,0.16959348967595084
25836,GOF,0.04310084554438588,0.6801944718119103,0.27670468264370385
25837,GOF,0.026943826357890863,0.5353518804495632,0.43770429319254595
25838,GOF,0.092423720460294,0.7339862936582038,0.17358998588150215
25839,GOF,0.30117036670126734,0.5573011445346892,0.1415284887640435
25840,GOF,0.24946554276620264,0.601003435681999,0.14953102155179845
25841,GOF,0.2616402751555379,0.5857275307780061,0.15263219406645606
25842,GOF,0.19471613828542084,0.6836125463844513,0.1216713153301278
25843,GOF,0.2452164917370503,0.6574765614478734,0.09730694681507633
25844,GOF,0.06512313874142095,0.6971683417119733,0.23770851954660582
25845,GOF,0.015194672828929121,0.4934822164505276,0.4913231107205433
25846,GOF,0.12607168751786457,0.7106791043352457,0.16324920814688967
25847,GOF,0.12234230834423546,0.777805794941719,0.09985189671404555
25848,GOF,0.0397611806220197,0.6870855488690055,0.2731532705089747
25849,GOF,0.01138670988881732,0.5676629918928947,0.4209502982182881
25850,GOF,0.02091569992563706,0.6666224891300483,0.3124618109443147
25851,GOF,0.015963654914053976,0.564024182110343,0.4200121629756031
25852,GOF,0.17393904906326085,0.5721301527518254,0.25393079818491365
25853,GOF,0.37186242770813255,0.5613321267083875,0.06680544558347996
25854,GOF,0.020790906015664155,0.6256225304291935,0.3535865635551424
25855,GOF,0.03425670441718083,0.556495216711176,0.40924807887164316
25856,GOF,0.2314354912134808,0.5389700181915172,0.22959449059500192
25857,GOF,0.034521351218211455,0.48917787563472276,0.4763007731470658
25858,GOF,0.01709437987674431,0.5427208829446749,0.4401847371785808
25859,GOF,0.009443031254234095,0.5254123814568322,0.46514458728893376
25860,GOF,0.369773028329651,0.546904114310274,0.08332285736007511
25861,GOF,0.42742712511898323,0.5006604470751419,0.0719124278058748
25862,GOF,0.10209477599985399,0.7695735844036,0.12833163959654603
25863,GOF,0.09637376357631161,0.7773278582568954,0.1262983781667931
25864,GOF,0.20498282695484848,0.720197337365665,0.07481983567948655
25865,GOF,0.08628930405464287,0.8023180022769826,0.1113926936683745
25866,GOF,0.06676183490107912,0.7993817944470084,0.1338563706519126
25867,GOF,0.08880096711532406,0.816429656249096,0.09476937663557974
25868,GOF,0.27165940932617977,0.6408713025849043,0.08746928808891594
25869,Neutral,0.6945514113194059,0.2693060788971904,0.0361425097834037
25870,GOF,0.3418431650862055,0.34704557297070465,0.31111126194308986
25871,GOF,0.21015848220946784,0.6184842393479014,0.17135727844263088
25872,GOF,0.09128339073721821,0.6525872286238388,0.256129380638943
25873,GOF,0.15548288993587359,0.6436934842088036,0.20082362585532293
25874,LOF,0.01919618041632904,0.11915082542152419,0.8616529941621468
25875,LOF,0.10054745384320417,0.03407339434034022,0.8653791518164556
25876,LOF,0.03597333039688877,0.04663848219538852,0.9173881874077228
25877,Neutral,0.5114639999099325,0.042713380651870504,0.445822619438197
25878,LOF,0.2267298461577572,0.06686639093926872,0.7064037629029741
25879,LOF,0.09566741378282957,0.084507222406518,0.8198253638106523
25880,LOF,0.02306253991507171,0.021972221785600144,0.9549652382993282
25881,LOF,0.18300199105570808,0.09640491273209617,0.7205930962121958
25882,LOF,0.06847628239883415,0.014115346448224217,0.9174083711529416
25883,LOF,0.0809561727299562,0.01800289199953974,0.9010409352705041
25884,LOF,0.03759657104623255,0.027374091500586582,0.935029337453181
25885,LOF,0.07035575329077506,0.010286002116064508,0.9193582445931604
25886,LOF,0.2771733810031244,0.031395945566993516,0.6914306734298821
25887,LOF,0.1656510000924284,0.05653143851854685,0.7778175613890248
25888,LOF,0.07348963305811179,0.04983961670073709,0.8766707502411512
25889,LOF,0.05062578780956839,0.018386074426872658,0.930988137763559
25890,LOF,0.06128433495492036,0.12391579649645121,0.8147998685486285
25891,LOF,0.044318487100312665,0.05033900056970087,0.9053425123299864
25892,LOF,0.09603550511837562,0.02480242404674898,0.8791620708348753
25893,LOF,0.26600281165005407,0.018334132445011215,0.7156630559049346
25894,LOF,0.18669162988529095,0.011505707875394967,0.8018026622393141
25895,LOF,0.21071421619437872,0.020854212102679764,0.7684315717029416
25896,LOF,0.04566979674496058,0.0212602377641346,0.9330699654909048
25897,LOF,0.24104366633310872,0.013669489862211146,0.74528684380468
25898,Neutral,0.7035640239028899,0.011132716820932049,0.2853032592761781
25899,LOF,0.1965960301003483,0.021734977376515505,0.7816689925231362
25900,LOF,0.45668796461515127,0.0166300892191575,0.5266819461656913
25901,LOF,0.04898689528860774,0.01137287833188532,0.939640226379507
25902,LOF,0.14926355462016672,0.011887816085234251,0.838848629294599
25903,Neutral,0.5256746095733037,0.03365404046208657,0.4406713499646097
25904,LOF,0.2777648379983271,0.04678573358326976,0.6754494284184032
25905,LOF,0.023224293303943967,0.3048708975189524,0.6719048091771035
25906,LOF,0.021480348938451497,0.07002084168046141,0.9084988093810871
25907,LOF,0.013895890185236764,0.32379263033547534,0.6623114794792878
25908,LOF,0.010667812017514468,0.24214752331114814,0.7471846646713374
25909,LOF,0.013066287050233428,0.13655994744567387,0.8503737655040927
25910,LOF,0.04837307942361237,0.13149730228157067,0.8201296182948169
25911,LOF,0.16109588598822394,0.02973108972733258,0.8091730242844434
25912,LOF,0.04722724829655613,0.04473575722621864,0.9080369944772251
25913,LOF,0.32595724154776345,0.02050595474080951,0.653536803711427
25914,LOF,0.018422128438063744,0.12328274679496587,0.8582951247669705
25915,Neutral,0.46058332859527545,0.31766064745097,0.2217560239537545
25916,LOF,0.057451583249160325,0.3707038006111063,0.5718446161397335
25917,LOF,0.06373744316572313,0.08425583742368144,0.8520067194105954
25918,LOF,0.02469206484037965,0.07713595346903337,0.898171981690587
25919,LOF,0.020561708574824093,0.08297472793160376,0.896463563493572
25920,GOF,0.0880400836081803,0.511018842341775,0.4009410740500447
25921,LOF,0.027814919797351796,0.033948920041568,0.9382361601610801
25922,LOF,0.0376145778541261,0.024617056198387496,0.9377683659474864
25923,LOF,0.43223334304585126,0.02728046743894581,0.5404861895152029
25924,LOF,0.03911823572695858,0.043765186554320795,0.9171165777187206
25925,LOF,0.06757704976418355,0.03598062343588693,0.8964423267999294
25926,LOF,0.050215236413929956,0.028628916234809773,0.9211558473512602
25927,LOF,0.06736463613489782,0.09547835106696147,0.8371570127981408
25928,LOF,0.022935429556276136,0.04389211068157487,0.933172459762149
25929,Neutral,0.548091370413878,0.030139443059950703,0.42176918652617124
25930,LOF,0.05996587587289636,0.025909719528762264,0.9141244045983414
25931,LOF,0.034492661920225244,0.023586507065133797,0.941920831014641
25932,LOF,0.028956805837293573,0.02358632353420708,0.9474568706284994
25933,LOF,0.03940731330074397,0.015794598808175478,0.9447980878910806
25934,LOF,0.025938403192345548,0.020026124841408442,0.954035471966246
25935,LOF,0.06095757561244371,0.0434746025022959,0.8955678218852604
25936,LOF,0.04849457955542749,0.024153130866357793,0.9273522895782147
25937,LOF,0.03248808686115584,0.03414455391907905,0.933367359219765
25938,LOF,0.06431931101166614,0.04047887553773144,0.8952018134506025
25939,LOF,0.04036343674941795,0.014279073620201367,0.9453574896303807
25940,LOF,0.03591251611337088,0.40542986383297797,0.5586576200536512
25941,LOF,0.18740057774573374,0.09826221459494003,0.7143372076593262
25942,LOF,0.018277184196196585,0.031140486094804794,0.9505823297089987
25943,LOF,0.3138974342713828,0.051654186937157794,0.6344483787914593
25944,Neutral,0.4892293696826448,0.023817225427713164,0.4869534048896421
25945,LOF,0.0732791051146608,0.023048739728079762,0.9036721551572595
25946,LOF,0.02724158447027631,0.1302810609765928,0.8424773545531308
25947,LOF,0.10714157980090984,0.1945478400785111,0.6983105801205791
25948,LOF,0.417227075494289,0.012483436729906039,0.5702894877758049
25949,LOF,0.10424002718894464,0.05201251094447227,0.8437474618665831
25950,GOF,0.23864495020445733,0.4358693214226466,0.3254857283728961
25951,LOF,0.223032997973977,0.24938815300112516,0.5275788490248979
25952,LOF,0.03930590831243677,0.4657522198820635,0.49494187180549976
25953,LOF,0.11528520735466749,0.12122354447785612,0.7634912481674763
25954,Neutral,0.39943324041770645,0.21871239464600042,0.38185436493629316
25955,LOF,0.054764705356655376,0.08012901707992752,0.8651062775634171
25956,LOF,0.17434595870669098,0.11313679470658386,0.7125172465867252
25957,LOF,0.03668045445747615,0.03514531490107428,0.9281742306414495
25958,LOF,0.061321422392598905,0.023775940282432385,0.9149026373249687
25959,LOF,0.0794752077590152,0.3557938505767165,0.5647309416642683
25960,LOF,0.020248683404560038,0.04633715997629905,0.9334141566191408
25961,LOF,0.05155237682435105,0.02588838309447025,0.9225592400811786
25962,LOF,0.056240923855320694,0.03292892920749396,0.9108301469371853
25963,LOF,0.04399474961534593,0.1860576594287259,0.7699475909559281
25964,LOF,0.039526049646194356,0.14812604399428211,0.8123479063595235
25965,LOF,0.4381053959368146,0.08241624904733857,0.4794783550158469
25966,Neutral,0.491595869409015,0.10022751362989717,0.40817661696108776
25967,LOF,0.012730837513379369,0.05748429306622444,0.9297848694203962
25968,LOF,0.02931928171673632,0.4667304832644142,0.5039502350188495
25969,LOF,0.02353783577635723,0.057804136944223074,0.9186580272794196
25970,LOF,0.054945165528588184,0.05856074314871552,0.8864940913226963
25971,LOF,0.07205794243471043,0.01484837367576819,0.9130936838895213
25972,LOF,0.07661736909762425,0.018891541949817264,0.9044910889525585
25973,LOF,0.08312579966662498,0.008477175311154845,0.9083970250222201
25974,LOF,0.21269087667212036,0.018023906730720147,0.7692852165971595
25975,LOF,0.050845982369275636,0.02905589897815168,0.9200981186525727
25976,LOF,0.04457002992034429,0.014779835905195373,0.9406501341744603
25977,LOF,0.1480633825111685,0.09186899504208955,0.760067622446742
25978,LOF,0.15894230594961767,0.050826259683424274,0.790231434366958
25979,LOF,0.1469573982074674,0.05380460038496473,0.7992380014075678
25980,LOF,0.21542583507268456,0.07091698692353203,0.7136571780037834
25981,LOF,0.24732096637724088,0.06872044589197088,0.6839585877307883
25982,LOF,0.4177795670811359,0.04638169662283805,0.5358387362960262
25983,LOF,0.3908655576793192,0.048887529059743334,0.5602469132609375
25984,LOF,0.05096577078496699,0.044320015883813124,0.9047142133312199
25985,LOF,0.03036606689550501,0.21104162984290828,0.7585923032615867
25986,LOF,0.04095752493266486,0.24731228787976703,0.7117301871875682
25987,LOF,0.0835265734637772,0.06756875714828026,0.8489046693879425
25988,LOF,0.139019335849631,0.05074155199274444,0.8102391121576246
25989,LOF,0.029745611140861827,0.09472706450514738,0.8755273243539907
25990,LOF,0.037099970052485026,0.12216782984024716,0.8407322001072679
25991,LOF,0.17194191318123564,0.2773444239047241,0.5507136629140403
25992,LOF,0.3518576031429393,0.14564679952353043,0.5024955973335302
25993,LOF,0.02480096483884965,0.06546768892381861,0.9097313462373317
25994,LOF,0.018190501460689727,0.09487416855185407,0.8869353299874563
25995,LOF,0.027076521925432005,0.17111753919920186,0.8018059388753661
25996,GOF,0.346227186345295,0.3928395347693456,0.26093327888535933
25997,LOF,0.09840607415244194,0.42369667993732557,0.47789724591023247
25998,Neutral,0.5088420459106582,0.03065693963848789,0.46050101445085395
25999,LOF,0.10750039798419293,0.14055214818517883,0.7519474538306282
26000,LOF,0.139736955926707,0.029323384428425945,0.830939659644867
26001,LOF,0.1852646285227494,0.032116350495232794,0.7826190209820177
26002,LOF,0.12452890477951073,0.03218955458575316,0.843281540634736
26003,GOF,0.011707268965246705,0.5534573818811669,0.43483534915358635
26004,GOF,0.019942822484539983,0.6001571356260019,0.37990004188945803
26005,LOF,0.008976237150379424,0.42537154153894186,0.5656522213106787
26006,Neutral,0.531537306300145,0.1918685360001791,0.27659415769967594
26007,GOF,0.02209010135466315,0.512680684844675,0.46522921380066184
26008,GOF,0.020142301027513916,0.5511011069934586,0.4287565919790275
26009,GOF,0.023456105517547947,0.5974751464579788,0.3790687480244732
26010,GOF,0.027166227030400773,0.5880989854625049,0.38473478750709433
26011,LOF,0.00793843632435182,0.4237525457308089,0.5683090179448392
26012,GOF,0.01677557047631264,0.5373870202188016,0.44583740930488586
26013,GOF,0.022459625410803315,0.5687316431877903,0.40880873140140644
26014,LOF,0.04006127512818325,0.14159770894856305,0.8183410159232537
26015,LOF,0.23094793562160779,0.00922952691950294,0.7598225374588892
26016,LOF,0.237419621823408,0.03941114721556562,0.7231692309610263
26017,LOF,0.2520317919609882,0.06605933630560688,0.681908871733405
26018,LOF,0.10089978057034155,0.03194892358519188,0.8671512958444666
26019,LOF,0.09490926025066865,0.025062943708663563,0.8800277960406678
26020,LOF,0.07567490042951577,0.09199472319184744,0.8323303763786367
26021,LOF,0.04616949931462524,0.11007438365210769,0.843756117033267
26022,LOF,0.011047811394770374,0.045093306082013236,0.9438588825232165
26023,LOF,0.1190471627705547,0.020515444959401066,0.8604373922700441
26024,LOF,0.02794003000283168,0.11013925885000009,0.8619207111471683
26025,LOF,0.16596823650006373,0.10092721830663634,0.7331045451932999
26026,LOF,0.3307233886630175,0.025033297653259283,0.6442433136837232
26027,LOF,0.08980483240915564,0.01528273596522764,0.8949124316256168
26028,LOF,0.15511861280660452,0.06346816637626185,0.7814132208171336
26029,LOF,0.07888345741974598,0.18326481803733607,0.7378517245429179
26030,LOF,0.02740146052064699,0.05850771975702798,0.914090819722325
26031,LOF,0.03234736388226345,0.1428501002601387,0.8248025358575979
26032,LOF,0.07321754651046855,0.0686565234689725,0.858125930020559
26033,LOF,0.13119793707803443,0.08342437142594158,0.7853776914960239
26034,LOF,0.053329702122957096,0.15124224946144582,0.795428048415597
26035,LOF,0.03021677469371293,0.1437282951891291,0.826054930117158
26036,LOF,0.04615807822109738,0.16870944015183273,0.78513248162707
26037,LOF,0.024749968624346464,0.11500441228363054,0.8602456190920229
26038,LOF,0.06783679003002911,0.07072247888828323,0.8614407310816877
26039,LOF,0.06462300935266993,0.147252202119432,0.7881247885278981
26040,LOF,0.20808725305570705,0.1415177646909582,0.6503949822533348
26041,LOF,0.02564787399863186,0.11215425640482306,0.8621978695965451
26042,LOF,0.02616267668268808,0.10191188160546598,0.871925441711846
26043,LOF,0.0674426689660665,0.08230537346190711,0.8502519575720263
26044,LOF,0.02272463885507344,0.07143650827803533,0.9058388528668913
26045,LOF,0.08136924421134452,0.1019223697307366,0.8167083860579188
26046,LOF,0.06834254211801663,0.08070523747030964,0.8509522204116736
26047,LOF,0.0944985449496387,0.08694228340527216,0.8185591716450891
26048,LOF,0.055565926969897636,0.045443084224277015,0.8989909888058254
26049,Neutral,0.9580534306662813,0.008085192815951117,0.033861376517767536
26050,Neutral,0.9429608011703453,0.010314953306089336,0.04672424552356537
26051,LOF,0.04441571140644356,0.2992573889621774,0.656326899631379
26052,LOF,0.06918148461589047,0.304605227164453,0.6262132882196565
26053,LOF,0.05261050627023133,0.14059607732857674,0.8067934164011921
26054,LOF,0.05867743368904446,0.01763333336460015,0.9236892329463555
26055,LOF,0.07499289979031504,0.014802523774156726,0.9102045764355283
26056,LOF,0.06176791650717929,0.016101308350165214,0.9221307751426555
26057,LOF,0.03102867146965842,0.010891179679959843,0.9580801488503816
26058,LOF,0.03189195602840266,0.008371059681865781,0.9597369842897315
26059,LOF,0.3261581741082442,0.025834959515147877,0.6480068663766079
26060,LOF,0.03239498352257002,0.17098347910453116,0.7966215373728988
26061,LOF,0.017692088313422172,0.0101358706262616,0.9721720410603162
26062,LOF,0.011479285196180671,0.01769635932189668,0.9708243554819227
26063,LOF,0.023170915409955837,0.011734904496898763,0.9650941800931454
26064,LOF,0.02355507690386392,0.02114398531873316,0.955300937777403
26065,LOF,0.0264036700519857,0.01031735696334853,0.9632789729846658
26066,LOF,0.022758501418771684,0.010713719245986247,0.9665277793352421
26067,LOF,0.028506628325607214,0.007958060509361715,0.9635353111650311
26068,LOF,0.047728724472347,0.03151219089077117,0.9207590846368818
26069,LOF,0.25044169778963726,0.017978309726219197,0.7315799924841436
26070,LOF,0.3774561797209128,0.014272242059862182,0.6082715782192251
26071,LOF,0.02428157006557354,0.011961089590703943,0.9637573403437226
26072,LOF,0.022351863982237728,0.015568520458813719,0.9620796155589486
26073,LOF,0.02576442470633194,0.009693772204046963,0.9645418030896211
26074,Neutral,0.9110635760346388,0.005241771278412953,0.08369465268694812
26075,LOF,0.0451936047258426,0.014732411112135524,0.9400739841620218
26076,LOF,0.04531887040327141,0.007878105229665745,0.9468030243670629
26077,LOF,0.009647513471266068,0.017429890664496975,0.972922595864237
26078,LOF,0.01354017062156006,0.009355332155292946,0.977104497223147
26079,LOF,0.06040543121162953,0.016467878563623327,0.9231266902247472
26080,LOF,0.05930202187209485,0.016494206319916757,0.9242037718079884
26081,LOF,0.03673982676637926,0.0053504217387109615,0.9579097514949098
26082,LOF,0.017545159391198228,0.013766703408603087,0.9686881372001988
26083,LOF,0.1321158116133479,0.01124873242870437,0.8566354559579478
26084,LOF,0.030246018129080024,0.010680572816706884,0.959073409054213
26085,LOF,0.025620825790352467,0.01006664923843121,0.9643125249712163
26086,LOF,0.02570784583778781,0.011165657459441935,0.9631264967027703
26087,LOF,0.02773459833158287,0.007376782837159373,0.9648886188312579
26088,LOF,0.016940966122392025,0.022321120931429805,0.9607379129461783
26089,LOF,0.04430378333826483,0.02192473521083256,0.9337714814509027
26090,LOF,0.042976886236261835,0.017246010618844287,0.9397771031448939
26091,LOF,0.03833477475958961,0.005291256787151221,0.9563739684532593
26092,LOF,0.02740937373333836,0.007101514651356223,0.9654891116153055
26093,LOF,0.04025932842040913,0.005068932524016957,0.9546717390555739
26094,LOF,0.04405760386948899,0.005950016274078901,0.949992379856432
26095,LOF,0.045109023796993344,0.012458419823401243,0.9424325563796055
26096,LOF,0.021214960532262333,0.009797633299776922,0.9689874061679608
26097,LOF,0.012248373542226429,0.03311026751345257,0.9546413589443209
26098,LOF,0.07070379208127836,0.009692483725974031,0.9196037241927477
26099,LOF,0.02562671965438694,0.01114971979193613,0.963223560553677
26100,LOF,0.02732712119018071,0.010814932745158915,0.9618579460646605
26101,LOF,0.05764150260805129,0.010308569683912874,0.9320499277080359
26102,LOF,0.026445830944953896,0.013285496089518534,0.9602686729655275
26103,Neutral,0.8918847484974288,0.016395864917543367,0.09171938658502773
26104,LOF,0.08150639330122236,0.025753362001389418,0.8927402446973882
26105,LOF,0.20910879829210893,0.2638355885226945,0.5270556131851966
26106,LOF,0.2052685519934679,0.11329460280416477,0.6814368452023674
26107,LOF,0.25576910173437784,0.07432396865171355,0.6699069296139086
26108,LOF,0.23454160776659969,0.1264530705244733,0.639005321708927
26109,LOF,0.1190812132190755,0.06771266484157104,0.8132061219393535
26110,LOF,0.25389228153084364,0.007570411718431613,0.7385373067507247
26111,Neutral,0.5240241604329057,0.01706813919832346,0.4589077003687708
26112,LOF,0.03408399172354097,0.008511300380453609,0.9574047078960053
26113,LOF,0.05233884864886366,0.014921547929538625,0.9327396034215977
26114,LOF,0.031393157574602155,0.02400936824061786,0.94459747418478
26115,LOF,0.1012041889801486,0.05459295984717517,0.8442028511726762
26116,LOF,0.06907922982006869,0.052288171482075804,0.8786325986978556
26117,LOF,0.4442478483451052,0.04726257184961809,0.5084895798052766
26118,LOF,0.03396930586022395,0.02423086846700043,0.9417998256727756
26119,LOF,0.022176188196170465,0.035912185733701835,0.9419116260701277
26120,LOF,0.028109193478455405,0.025188114980071036,0.9467026915414735
26121,LOF,0.04744678426398616,0.08248179311055719,0.8700714226254567
26122,LOF,0.03922770239097305,0.03960704714869454,0.9211652504603325
