feature0,prediction,LoGoFunc_Neutral,LoGoFunc_GOF,LoGoFunc_LOF
25546,Neutral,0.6018508117759863,0.08824117676914951,0.3099080114548643
25547,Neutral,0.500689978159594,0.12766710947849777,0.3716429123619081
25548,LOF,0.43392565262285765,0.13117255267404224,0.43490179470310014
25549,LOF,0.40199465082364416,0.1282177057567856,0.46978764341957013
25550,LOF,0.38382362012601506,0.1280521161596526,0.4881242637143323
25551,LOF,0.29586981753691366,0.1292700570239345,0.5748601254391519
25552,LOF,0.27583434715441685,0.1590806788827811,0.565084973962802
25553,Neutral,0.7543472828906337,0.06848390352426788,0.1771688135850985
25554,LOF,0.30512538051969496,0.12866053289082968,0.5662140865894754
25555,LOF,0.2547583961530327,0.13247068884068688,0.6127709150062803
25556,LOF,0.42214245934858413,0.12111843323134408,0.4567391074200719
25557,LOF,0.2379540308491856,0.13596489302678785,0.6260810761240265
25558,LOF,0.2908193464402613,0.13232290117858858,0.5768577523811501
25559,LOF,0.3014071515143709,0.06724467563237095,0.6313481728532582
25560,LOF,0.08094174477954211,0.13206877081275054,0.7869894844077074
25561,LOF,0.05920795955684275,0.24294694111721135,0.697845099325946
25562,LOF,0.040098493984039606,0.09830156550132207,0.8615999405146383
25563,LOF,0.0077630673410169675,0.22077020329929684,0.7714667293596863
25564,LOF,0.059323857841070624,0.042120994316058674,0.8985551478428707
25565,LOF,0.17814223810166085,0.18761680116824128,0.6342409607300978
25566,GOF,0.06581397404943741,0.7171318740478094,0.2170541519027532
25567,LOF,0.047629083700572,0.11129404825492865,0.8410768680444993
25568,LOF,0.0786764854011583,0.08405098986740353,0.8372725247314382
25569,LOF,0.07398572342626022,0.07685180744837777,0.849162469125362
25570,LOF,0.03031624167244394,0.0994512595706398,0.8702324987569162
25571,LOF,0.030405513524499304,0.09450412194767036,0.8750903645278303
25572,LOF,0.06317010546604929,0.10299661596029232,0.8338332785736583
25573,LOF,0.09413179541751561,0.11134339322782195,0.7945248113546626
25574,LOF,0.11739767405793754,0.22468257368655886,0.6579197522555036
25575,LOF,0.025329701256092328,0.100464793330152,0.8742055054137557
25576,LOF,0.025351187048677323,0.14294128181520818,0.8317075311361145
25577,LOF,0.031585215718430086,0.10741306881633221,0.8610017154652377
25578,LOF,0.2947112491620637,0.08568716589082996,0.6196015849471063
25579,LOF,0.29639780705722485,0.08412206933639269,0.6194801236063825
25580,LOF,0.029210688661331252,0.0886891349910584,0.8821001763476103
25581,LOF,0.048386627624496206,0.11538375277845325,0.8362296195970506
25582,LOF,0.048386627624496206,0.11538375277845325,0.8362296195970506
25583,LOF,0.03890658950288379,0.10145170047035848,0.8596417100267578
25584,Neutral,0.770463059943357,0.06713425054829664,0.16240268950834635
25585,LOF,0.028659415073479324,0.10382817088484618,0.8675124140416745
25586,LOF,0.025457890706733564,0.10171794996365974,0.8728241593296068
25587,LOF,0.025678403946497376,0.10441515832007328,0.8699064377334293
25588,LOF,0.030291919862884584,0.07826611431357867,0.8914419658235367
25589,Neutral,0.6535229953066215,0.14429929718931947,0.2021777075040591
25590,LOF,0.06658910358544322,0.10330547265371458,0.8301054237608422
25591,LOF,0.11834699232864727,0.07098988573526246,0.8106631219360902
25592,LOF,0.0998571997069054,0.15313133972581308,0.7470114605672816
25593,LOF,0.16069868040894095,0.28913855291143004,0.5501627666796289
25594,LOF,0.04778467596166058,0.051685603173822973,0.9005297208645164
25595,LOF,0.06018676567864063,0.03138533499822782,0.9084278993231315
25596,LOF,0.15433414504490378,0.01539691804427238,0.8302689369108237
25597,LOF,0.1121237132789698,0.00860941306028159,0.8792668736607485
25598,LOF,0.052816669688455706,0.03004198507374974,0.9171413452377946
25599,GOF,0.026311476967091373,0.5764941567237531,0.39719436630915544
25600,GOF,0.20428102748643062,0.4094324673644573,0.3862865051491121
25601,LOF,0.03869552941387184,0.3619231839086111,0.5993812866775171
25602,LOF,0.035687909795786274,0.0508615456183859,0.9134505445858278
25603,LOF,0.07022750664949799,0.04437079177714373,0.8854017015733584
25604,LOF,0.07208246285804425,0.10128493670608779,0.826632600435868
25605,LOF,0.08740161723861462,0.15561610386920532,0.7569822788921801
25606,Neutral,0.5017988666982682,0.19314997873682416,0.30505115456490767
25607,LOF,0.0421306989147862,0.1446056631918359,0.8132636378933777
25608,LOF,0.05974955433915258,0.09926613666561553,0.8409843089952319
25609,GOF,0.16037223038949783,0.5884038334003574,0.25122393621014477
25610,LOF,0.022633313118233665,0.06167020402724339,0.9156964828545229
25611,LOF,0.016613023530965953,0.06027380415106802,0.923113172317966
25612,LOF,0.08894879466378353,0.06399356414815198,0.8470576411880645
25613,LOF,0.08722440762717705,0.0638592783906714,0.8489163139821515
25614,LOF,0.026020885783059153,0.06088391179787618,0.9130952024190647
25615,LOF,0.07121728321172248,0.07567040840573705,0.8531123083825405
25616,LOF,0.08584102501175689,0.06050472388921745,0.8536542510990256
25617,LOF,0.060682858417569555,0.07722679236467896,0.8620903492177514
25618,LOF,0.07716201725832388,0.15646957435997172,0.7663684083817044
25619,LOF,0.015509513434860093,0.1043113003486837,0.8801791862164563
25620,LOF,0.052745946613274544,0.06003054434320156,0.8872235090435239
25621,LOF,0.09586223358253171,0.07820319251122475,0.8259345739062435
25622,LOF,0.10110579367712064,0.0818118147156745,0.817082391607205
25623,LOF,0.08970033630991736,0.05550687556811053,0.8547927881219721
25624,LOF,0.02427914944426592,0.06745626089730677,0.9082645896584273
25625,LOF,0.07101348689495394,0.05556742096888444,0.8734190921361616
25626,LOF,0.05337285592950207,0.04862683165930139,0.8980003124111965
25627,Neutral,0.8827528480916833,0.028482598145989513,0.0887645537623272
25628,LOF,0.1733898065936675,0.07246155438012353,0.754148639026209
25629,LOF,0.06725893191332645,0.06190711598845063,0.8708339520982229
25630,LOF,0.25056817840107254,0.060771237392985636,0.6886605842059419
25631,LOF,0.47294674387423036,0.049976165207661044,0.4770770909181087
25632,LOF,0.02333150385362825,0.0636831727040173,0.9129853234423544
25633,LOF,0.2884770121521677,0.023266575063925796,0.6882564127839065
25634,LOF,0.049483778742980045,0.03849208770151182,0.9120241335555082
25635,LOF,0.03325668211099266,0.029666525125289455,0.9370767927637178
25636,GOF,0.030177720049603764,0.5291869090849532,0.4406353708654431
25637,LOF,0.031168497155165797,0.436064603846921,0.5327668989979132
25638,GOF,0.018403030143442963,0.5039854533046658,0.47761151655189127
25639,LOF,0.022321268203286383,0.3803489926197533,0.5973297391769603
25640,Neutral,0.8693102539041471,0.09752970233777872,0.0331600437580742
25641,LOF,0.11886071497708273,0.2734459434977535,0.6076933415251639
25642,LOF,0.1344996189335818,0.18672308969051848,0.6787772913758997
25643,LOF,0.39919256994444097,0.19342243199795764,0.4073849980576015
25644,GOF,0.008688008874732785,0.6545350060209919,0.3367769851042753
25645,GOF,0.01157349345962453,0.6094548675372593,0.37897163900311615
25646,LOF,0.019078393035454094,0.4431254136334058,0.53779619333114
25647,LOF,0.01062732804768433,0.3608637905303247,0.628508881421991
25648,LOF,0.013435277915491897,0.37121759022731465,0.6153471318571935
25649,LOF,0.008728814196211186,0.24368328792992466,0.7475878978738643
25650,GOF,0.028036027603206594,0.5487260715486815,0.42323790084811197
25651,LOF,0.008486517221361012,0.3702200909431623,0.6212933918354766
25652,GOF,0.007314823309948616,0.5029273500935523,0.48975782659649914
25653,GOF,0.024478973371335866,0.6184373839981211,0.35708364263054304
25654,LOF,0.006971422670891794,0.46065609647609757,0.5323724808530106
25655,GOF,0.06821538544714212,0.7322041910201549,0.19958042353270303
25656,LOF,0.21043359933376377,0.30956770734528893,0.47999869332094747
25657,LOF,0.02707651145129975,0.29936062230608784,0.6735628662426123
25658,LOF,0.17062608611406072,0.28803051447328293,0.5413433994126563
25659,GOF,0.25725886616938864,0.42995809246330347,0.31278304136730795
25660,LOF,0.023333587481431366,0.25211941904783486,0.7245469934707337
25661,LOF,0.050364523887138926,0.1792341508636123,0.7704013252492489
25662,LOF,0.019749600415050344,0.1233868897843507,0.856863509800599
25663,LOF,0.022191051764197993,0.1067615975837495,0.8710473506520525
25664,LOF,0.06314582156808098,0.19873199262984734,0.7381221858020717
25665,LOF,0.04147553482396394,0.08606064399802123,0.8724638211780147
25666,LOF,0.05303342950322764,0.13454718249044104,0.8124193880063313
25667,LOF,0.05114572626887113,0.13550313055032823,0.8133511431808007
25668,LOF,0.017227211582350892,0.15050145836021858,0.8322713300574306
25669,LOF,0.0165035975756862,0.1531993632839088,0.830297039140405
25670,LOF,0.0976706837309417,0.11462668513809704,0.7877026311309613
25671,LOF,0.07282852235397475,0.09990517180821751,0.8272663058378078
25672,LOF,0.03666097840014053,0.14287926739381607,0.8204597542060434
25673,LOF,0.06367141502375864,0.14606289533272734,0.7902656896435141
25674,LOF,0.05581734012019594,0.18239786366114236,0.7617847962186618
25675,LOF,0.05450116937597192,0.19007882895139502,0.7554200016726331
25676,LOF,0.01460397276534596,0.15363631338532388,0.8317597138493302
25677,LOF,0.014115470353489047,0.19405151978418786,0.791833009862323
25678,LOF,0.13896034890203868,0.1896319101216844,0.6714077409762769
25679,LOF,0.10097848375025634,0.16664228502649397,0.7323792312232497
25680,LOF,0.015020304168997703,0.2574440777415187,0.7275356180894835
25681,LOF,0.023955737177770373,0.23852637543755445,0.7375178873846753
25682,LOF,0.06225514784320712,0.14053294691228022,0.7972119052445127
25683,LOF,0.05613034924335696,0.14946319740745104,0.794406453349192
25684,LOF,0.019409804272703713,0.15421177782381548,0.8263784179034808
25685,LOF,0.10254462922882097,0.16751699689852712,0.7299383738726519
25686,LOF,0.05703834097782201,0.2485338892569928,0.6944277697651852
25687,LOF,0.09588453366585067,0.2370978247900629,0.6670176415440864
25688,LOF,0.4224526427564245,0.0236286564811386,0.5539187007624369
25689,LOF,0.24437446658355325,0.024700338368706044,0.7309251950477408
25690,LOF,0.32908129628908056,0.02200195622867128,0.6489167474822481
25691,Neutral,0.7190183516957895,0.023567293991651483,0.25741435431255894
25692,LOF,0.38309959119575415,0.007498882497927219,0.6094015263063187
25693,LOF,0.08415945015320453,0.3878151172470214,0.5280254325997741
25694,LOF,0.0948253101186993,0.0217459254919225,0.8834287643893782
25695,LOF,0.10035449123125956,0.015119716935870997,0.8845257918328694
25696,LOF,0.08725646547294147,0.025032129993355214,0.8877114045337033
25697,LOF,0.052292575698851436,0.06221635132667675,0.8854910729744718
25698,LOF,0.28571420108564377,0.17788050908943207,0.5364052898249241
25699,LOF,0.35098367475335707,0.19114003882404793,0.45787628642259487
25700,LOF,0.06652517380884443,0.028881904081199894,0.9045929221099557
25701,LOF,0.16624113271301666,0.10087221027519629,0.7328866570117869
25702,GOF,0.14111869038903582,0.753540508067474,0.10534080154349018
25703,LOF,0.013805010346816398,0.312109882711344,0.6740851069418397
25704,LOF,0.020560953050005947,0.2575982523301139,0.7218407946198803
25705,LOF,0.019824331542217855,0.21557149934976075,0.7646041691080214
25706,GOF,0.0891804627907853,0.5414362202744943,0.3693833169347203
25707,GOF,0.07143401458565478,0.4984996302559319,0.4300663551584133
25708,GOF,0.033897639066125564,0.5674183110152213,0.398684049918653
25709,LOF,0.06012362297336663,0.13962674759681087,0.8002496294298225
25710,LOF,0.013681809241047926,0.2633707449610573,0.7229474457978948
25711,LOF,0.014952487571859229,0.19291955355182516,0.7921279588763156
25712,LOF,0.011859023322042098,0.3304770382393952,0.6576639384385626
25713,LOF,0.01652390079670234,0.18685371175110627,0.7966223874521915
25714,LOF,0.06312179052798798,0.19665228841836233,0.7402259210536498
25715,LOF,0.010511550595742939,0.2636963435993508,0.7257921058049063
25716,LOF,0.011095438874524669,0.23704285735880207,0.7518617037666732
25717,LOF,0.012986292939059204,0.17995105848015167,0.8070626485807891
25718,LOF,0.010805045945707316,0.1509906510132802,0.8382043030410125
25719,LOF,0.025746745809124595,0.21449269238453328,0.7597605618063422
25720,LOF,0.03115569641657813,0.12270235825738221,0.8461419453260397
25721,LOF,0.010571075827338227,0.23663588612867592,0.7527930380439858
25722,LOF,0.011187118915656115,0.2207530811283454,0.7680597999559984
25723,LOF,0.020028790852964256,0.17664842406038853,0.8033227850866471
25724,LOF,0.035138469996504856,0.380384463069257,0.5844770669342382
25725,LOF,0.010289504262761697,0.2162858210692567,0.7734246746679816
25726,LOF,0.011230100592091528,0.23059598083668942,0.7581739185712191
25727,LOF,0.012489339720715096,0.22608374439553672,0.7614269158837481
25728,LOF,0.00980238678270454,0.2756929053961939,0.7145047078211016
25729,LOF,0.010300844349148,0.26923628293728513,0.7204628727135669
25730,LOF,0.010816460232953283,0.2780136251231567,0.71116991464389
25731,LOF,0.011920667026449536,0.25021072872812883,0.7378686042454218
25732,LOF,0.011123745366760132,0.13514227205963908,0.8537339825736008
25733,LOF,0.016482941357369354,0.1545743721372988,0.828942686505332
25734,LOF,0.013794160006057715,0.2752683487373149,0.7109374912566274
25735,LOF,0.010392832133606481,0.16292657715612796,0.8266805907102656
25736,LOF,0.010705812309050086,0.17757274359388664,0.8117214440970634
25737,LOF,0.01198322271666407,0.1970789842490964,0.7909377930342395
25738,LOF,0.011422652283294992,0.2432777527455206,0.7452995949711844
25739,LOF,0.01674555410822588,0.18646121774582156,0.7967932281459527
25740,LOF,0.029306622054078545,0.2291022920084816,0.7415910859374399
25741,LOF,0.013897911376608927,0.2616645002240023,0.7244375883993888
25742,LOF,0.1167316085098644,0.14799011586992125,0.7352782756202143
25743,LOF,0.03993621121489539,0.021983291973135758,0.9380804968119687
25744,Neutral,0.6738588082744404,0.10304344831455202,0.22309774341100744
25745,LOF,0.055301483171639985,0.05724110414756757,0.8874574126807925
25746,LOF,0.03271266604187799,0.08614465361128461,0.8811426803468374
25747,LOF,0.018234660618471656,0.05986732570565401,0.9218980136758743
25748,LOF,0.12187616979142787,0.10761180977714445,0.7705120204314277
25749,LOF,0.024613666651764243,0.08773331188395316,0.8876530214642827
25750,LOF,0.05192822370527366,0.08188626170616721,0.8661855145885592
25751,LOF,0.10521940754603068,0.0784398751079474,0.8163407173460219
25752,GOF,0.09276948640999984,0.6909723351329234,0.2162581784570768
25753,LOF,0.027129527067512166,0.3639814513274882,0.6088890216049996
25754,GOF,0.0258651899263876,0.7215348085674558,0.25260000150615664
25755,LOF,0.030474602633192984,0.3070271465625955,0.6624982508042115
25756,LOF,0.04320427085024662,0.4749505324136928,0.48184519673606063
25757,GOF,0.02018635442278348,0.8451487675512788,0.13466487802593763
25758,GOF,0.028922131771708517,0.8253254600007881,0.1457524082275033
25759,GOF,0.017848113421472578,0.7188386335447825,0.2633132530337448
25760,LOF,0.020794463657289,0.36273226711582446,0.6164732692268865
25761,GOF,0.23786441031610162,0.6829189583008926,0.07921663138300584
25762,LOF,0.04721200317774255,0.42630173120790166,0.5264862656143559
25763,LOF,0.018490064570209713,0.25479017318133745,0.7267197622484528
25764,GOF,0.07545849073794804,0.7646917935769211,0.15984971568513082
25765,GOF,0.03646810660301539,0.7858658225041982,0.17766607089278624
25766,GOF,0.07114235329114113,0.8090246431115897,0.11983300359726909
25767,GOF,0.08039841618048596,0.6391078031604418,0.28049378065907227
25768,LOF,0.08366606396638734,0.05793322431564141,0.8584007117179714
25769,LOF,0.050392718832371786,0.0670293406968066,0.8825779404708216
25770,LOF,0.28921293758177596,0.06128010599874636,0.6495069564194776
25771,LOF,0.05955141404959572,0.03620014377929426,0.90424844217111
25772,LOF,0.015321409247875513,0.0573792635962394,0.9272993271558851
25773,LOF,0.05622743846627064,0.034981239561372834,0.9087913219723566
25774,LOF,0.031766655079239786,0.087813248734585,0.8804200961861753
25775,LOF,0.07245869496982776,0.0273566509512633,0.9001846540789089
25776,LOF,0.0667278795294973,0.034681485279066726,0.8985906351914359
25777,LOF,0.4763054048879022,0.03208683270444914,0.4916077624076487
25778,LOF,0.05477936629230399,0.05607972089543667,0.8891409128122594
25779,GOF,0.4322003565043277,0.46717030183418473,0.1006293416614877
25780,GOF,0.38941573765104914,0.4486419557777006,0.1619423065712502
25781,GOF,0.11564885034153914,0.6505159494287314,0.23383520022972948
25782,GOF,0.21499713140836083,0.5728917530635463,0.2121111155280929
25783,GOF,0.025036113840471032,0.6671466312613092,0.3078172548982197
25784,Neutral,0.6319153237250157,0.26619263920088,0.10189203707410442
25785,Neutral,0.6037130219215693,0.24611562173606297,0.15017135634236772
25786,GOF,0.025396511781188607,0.658447557745216,0.31615593047359536
25787,Neutral,0.7956124288316024,0.12250167057290151,0.08188590059549605
25788,LOF,0.05278944798699424,0.051002287499440545,0.8962082645135653
25789,GOF,0.2371364353251087,0.5005620373711165,0.2623015273037748
25790,GOF,0.23542404198864733,0.4806873492255206,0.2838886087858322
25791,GOF,0.1484899749577587,0.49750932494610306,0.35400070009613815
25792,GOF,0.3561910966083929,0.3598023255948097,0.28400657779679744
25793,LOF,0.20937321335262032,0.352174636570058,0.4384521500773217
25794,GOF,0.2954288601428001,0.4330940270753063,0.27147711278189357
25795,GOF,0.06415338280858056,0.5203330943132969,0.4155135228781226
25796,Neutral,0.5608404607176397,0.2721902588839181,0.1669692803984422
25797,LOF,0.07723671400722487,0.3984108357294351,0.5243524502633401
25798,LOF,0.010976860365007146,0.4129536007887276,0.5760695388462652
25799,LOF,0.00991293930590915,0.4165138184547307,0.5735732422393601
25800,GOF,0.036753395363016556,0.5337634905049793,0.4294831141320041
25801,GOF,0.22124958465573186,0.5645840537039967,0.21416636164027147
25802,GOF,0.05438670510964087,0.5306979872117769,0.41491530767858226
25803,LOF,0.03964779561150989,0.4663779682930904,0.49397423609539975
25804,GOF,0.034581899377472324,0.4868040628442664,0.47861403777826134
25805,GOF,0.07496352313169903,0.5130259925144924,0.41201048435380844
25806,GOF,0.11281731669536241,0.48166786828201286,0.4055148150226247
25807,LOF,0.020808703940617908,0.4770787429388503,0.5021125531205319
25808,LOF,0.07761469412814995,0.45745760806936453,0.46492769780248566
25809,LOF,0.017612936030543373,0.41768336572659215,0.5647036982428645
25810,LOF,0.020640366911683836,0.4217638536552816,0.5575957794330345
25811,Neutral,0.5629032675337228,0.3253769555553157,0.11171977691096156
25812,LOF,0.03924281804193103,0.44128320439759605,0.519473977560473
25813,Neutral,0.6241600016634916,0.16398761363280664,0.21185238470370166
25814,GOF,0.126497950964304,0.5129656803304063,0.36053636870528977
25815,GOF,0.28298630883558523,0.44758031535197745,0.26943337581243726
25816,GOF,0.01854579706107317,0.500945600838587,0.4805086021003398
25817,GOF,0.20783385494703274,0.5732657853153433,0.218900359737624
25818,LOF,0.030734708073697173,0.4049230156499806,0.5643422762763222
25819,Neutral,0.35609566258537984,0.33416410298844973,0.3097402344261704
25820,GOF,0.17200229956921875,0.45290067514606536,0.3750970252847159
25821,GOF,0.05425334226201852,0.5117521896139362,0.43399446812404524
25822,GOF,0.23519819739105016,0.4385182846710226,0.3262835179379272
25823,GOF,0.0362005708596054,0.4863583332700751,0.47744109587031935
25824,LOF,0.1025021679138055,0.38577623421892193,0.5117215978672727
25825,LOF,0.03562296300390102,0.40358947315266835,0.5607875638434306
25826,LOF,0.01238221620147768,0.4077598732326208,0.5798579105659015
25827,LOF,0.0229689540801314,0.4735217653610284,0.5035092805588401
25828,LOF,0.015274669794936023,0.4284817000296257,0.5562436301754383
25829,LOF,0.008213946528322722,0.45233926708831,0.5394467863833673
25830,LOF,0.028927192514344557,0.10794483888204832,0.8631279686036071
25831,GOF,0.18646386657315114,0.5755044351883825,0.23803169823846623
25832,GOF,0.035599001816422594,0.5198884176283955,0.4445125805551819
25833,GOF,0.1128565118424424,0.5338771383967906,0.3532663497607669
25834,GOF,0.044685212040407846,0.5190200291524173,0.4362947588071748
25835,GOF,0.1098678777295377,0.5053740730983407,0.3847580491721215
25836,GOF,0.04615348642503381,0.5295853534747161,0.42426116010025006
25837,LOF,0.02593476462393073,0.45069272595915477,0.5233725094169146
25838,GOF,0.09395813918120868,0.5663170078858899,0.33972485293290144
25839,GOF,0.33861811071824716,0.374723298330872,0.28665859095088086
25840,GOF,0.25160560801967496,0.4626396045030554,0.2857547874772695
25841,GOF,0.29073094508382014,0.4123601300519024,0.29690892486427745
25842,GOF,0.16239250574579742,0.4629625911360487,0.37464490311815385
25843,GOF,0.20411188675665898,0.5416142558000762,0.2542738574432648
25844,LOF,0.06283503595256935,0.44448189453192716,0.4926830695155035
25845,LOF,0.01475558531771081,0.4745556605061401,0.5106887541761491
25846,GOF,0.11145161429103687,0.5133970658029803,0.3751513199059829
25847,GOF,0.11352093265526661,0.5696434761997226,0.3168355911450109
25848,GOF,0.0413615676458531,0.4827112589727262,0.4759271733814208
25849,LOF,0.012615725537962091,0.4485334214092497,0.5388508530527882
25850,GOF,0.022243906890455203,0.48978759543471295,0.48796849767483186
25851,LOF,0.016998200338086456,0.4715074243782414,0.5114943752836723
25852,LOF,0.1388463815710391,0.4297374769979997,0.4314161414309612
25853,GOF,0.34059909720855824,0.45483280313985947,0.20456809965158237
25854,GOF,0.020923908873255206,0.5600939727316153,0.4189821183951295
25855,LOF,0.04703260212036601,0.43281198363407414,0.5201554142455599
25856,GOF,0.23663948762209988,0.4384337395793361,0.32492677279856386
25857,LOF,0.04221342719557807,0.424846903091136,0.5329396697132859
25858,GOF,0.0209450189827341,0.5424613858956192,0.4365935951216466
25859,GOF,0.011062170351489441,0.5497279122953262,0.43920991735318443
25860,GOF,0.3319145941990971,0.4313122197030598,0.23677318609784317
25861,GOF,0.31907202127858214,0.5384032742515114,0.14252470446990653
25862,GOF,0.062107768048970564,0.613955044098952,0.32393718785207753
25863,GOF,0.0674859811850061,0.6547348438835968,0.277779174931397
25864,GOF,0.14479792489556068,0.6474598045295825,0.2077422705748569
25865,GOF,0.07423102982355224,0.6623569092824384,0.26341206089400937
25866,GOF,0.061183830524156144,0.6845756749472481,0.2542404945285957
25867,GOF,0.07660544612049486,0.7095615954622952,0.21383295841721006
25868,GOF,0.22421061412159796,0.486740052379983,0.28904933349841905
25869,Neutral,0.7121842553264738,0.20015115301205977,0.08766459166146645
25870,LOF,0.2468224210346291,0.062249684272252186,0.6909278946931188
25871,GOF,0.17147409987010917,0.502485196289823,0.3260407038400677
25872,LOF,0.06978857990266803,0.4124949279018621,0.5177164921954699
25873,LOF,0.12256495879025973,0.4337406797717402,0.44369436143800006
25874,LOF,0.018684693173379938,0.06162135396476155,0.9196939528618584
25875,LOF,0.04042526019980614,0.21164239699155502,0.7479323428086387
25876,LOF,0.02671662553115601,0.051277993588628466,0.9220053808802154
25877,LOF,0.35914778731627894,0.16574231500942754,0.4751098976742935
25878,LOF,0.13962063920066065,0.25239571390706617,0.6079836468922732
25879,LOF,0.06357876433057834,0.28582367597410585,0.6505975596953157
25880,LOF,0.023510568118788967,0.03174344813466594,0.944745983746545
25881,LOF,0.32156294659308693,0.1551283889744707,0.5233086644324423
25882,LOF,0.06433295883003591,0.024235584997603817,0.9114314561723603
25883,LOF,0.09253011571452685,0.020451761620881716,0.8870181226645915
25884,LOF,0.05106293441233143,0.04178840458467144,0.9071486610029971
25885,LOF,0.06337356418282042,0.026370211078822117,0.9102562247383574
25886,LOF,0.23532154927130824,0.05146126140042525,0.7132171893282665
25887,LOF,0.284357717674304,0.1251255308083092,0.5905167515173867
25888,LOF,0.11730926106959384,0.05290093092173972,0.8297898080086665
25889,LOF,0.048168263616389394,0.038290709263811694,0.9135410271197989
25890,LOF,0.07165407181596821,0.09221955018260385,0.8361263780014281
25891,LOF,0.05926308962091148,0.05458215088944992,0.8861547594896385
25892,LOF,0.09579952127288249,0.031448885621687205,0.8727515931054304
25893,LOF,0.33729461068494937,0.02264667275147118,0.6400587165635794
25894,LOF,0.1841926118463997,0.013363501351178,0.8024438868024223
25895,LOF,0.24304681428963093,0.012092564684524703,0.7448606210258443
25896,LOF,0.051673082027166174,0.022804032040905902,0.9255228859319279
25897,LOF,0.23458382865449987,0.02641317506102464,0.7390029962844754
25898,Neutral,0.7563515576583689,0.015417019731493856,0.22823142261013718
25899,LOF,0.23848813092363058,0.05655465254923841,0.7049572165271311
25900,Neutral,0.5476536531682752,0.02040739461892674,0.4319389522127981
25901,LOF,0.0522110697347704,0.017119534575834844,0.9306693956893947
25902,LOF,0.21090412691880164,0.014525602974807442,0.7745702701063909
25903,Neutral,0.5901750750178848,0.03830797582547003,0.371516949156645
25904,LOF,0.3482109017447496,0.040569087451987104,0.6112200108032633
25905,GOF,0.0363171862385499,0.5143928211349292,0.4492899926265208
25906,LOF,0.02615975693835884,0.09296065036308362,0.8808795926985574
25907,LOF,0.015092774841969255,0.4809544319859436,0.5039527931720871
25908,LOF,0.016975752651444003,0.316655843987615,0.666368403360941
25909,LOF,0.018964701192309304,0.1722367787396503,0.8087985200680403
25910,LOF,0.022890754670511448,0.4010317350129367,0.5760775103165517
25911,LOF,0.06331571976216424,0.043084527524308094,0.8935997527135278
25912,LOF,0.03083663470244064,0.08434371911847886,0.8848196461790805
25913,LOF,0.2192127276852265,0.023269353496323555,0.75751791881845
25914,LOF,0.02578248508044891,0.06726745707327599,0.9069500578462751
25915,Neutral,0.45273513923939235,0.28436666446949277,0.26289819629111494
25916,LOF,0.04565852394751171,0.4110581414536042,0.5432833345988841
25917,LOF,0.052745842671861526,0.05064454848060479,0.8966096088475337
25918,LOF,0.02969725202937833,0.043857920545119694,0.926444827425502
25919,LOF,0.02866558840985704,0.04349275434321565,0.9278416572469272
25920,GOF,0.12792528016512267,0.5410533086786051,0.33102141115627226
25921,LOF,0.04087723587326019,0.01944754202812633,0.9396752220986134
25922,LOF,0.05193048153573662,0.012709003969644587,0.9353605144946188
25923,LOF,0.397061765391798,0.03119260949291086,0.5717456251152911
25924,LOF,0.04501791074322777,0.018188414396054776,0.9367936748607174
25925,LOF,0.08338061840010198,0.03491230414365007,0.8817070774562479
25926,LOF,0.06385836743758615,0.021332146775296875,0.9148094857871171
25927,LOF,0.08779809697748064,0.06831950063729586,0.8438824023852234
25928,LOF,0.026724259876574955,0.013663550484067498,0.9596121896393576
25929,Neutral,0.4925716072701828,0.029756021293816184,0.47767237143600094
25930,LOF,0.08410465765846971,0.019508788310246515,0.8963865540312836
25931,LOF,0.03394174394360455,0.009851373165557533,0.9562068828908379
25932,LOF,0.0326352307027104,0.011525673446645604,0.955839095850644
25933,LOF,0.04064087885008387,0.009790255096805872,0.9495688660531102
25934,LOF,0.029638295953945015,0.012982818870936276,0.9573788851751188
25935,LOF,0.08507944194424942,0.02756742645767041,0.8873531315980802
25936,LOF,0.044387658169869115,0.010811938537805078,0.9448004032923258
25937,LOF,0.03807398893291578,0.017196828871925824,0.9447291821951584
25938,LOF,0.0757116202787632,0.0434564040125026,0.8808319757087342
25939,LOF,0.035095360986401175,0.01400255213749346,0.9509020868761054
25940,GOF,0.026536350602683844,0.5463492536567013,0.4271143957406147
25941,LOF,0.22313974952538987,0.04248642709711177,0.7343738233774983
25942,LOF,0.02017700050912829,0.02259823475925136,0.9572247647316203
25943,LOF,0.37562630899430605,0.033272821790122094,0.5911008692155718
25944,Neutral,0.5114639456772182,0.021592243655191773,0.46694381066758994
25945,LOF,0.07589630883072697,0.04457249925504943,0.8795311919142237
25946,LOF,0.0261324990094056,0.22827323044631287,0.7455942705442815
25947,LOF,0.12396880212700315,0.22458671920581214,0.6514444786671848
25948,LOF,0.40346560899173833,0.020145913116342156,0.5763884778919195
25949,LOF,0.10323621742719624,0.05238825322207553,0.8443755293507281
25950,GOF,0.15656611418235838,0.426285706345948,0.41714817947169364
25951,LOF,0.21546476877720136,0.19170927924013925,0.5928259519826594
25952,LOF,0.0445715007059699,0.4059004551532364,0.5495280441407937
25953,LOF,0.13664294295975554,0.16600060293871383,0.6973564541015306
25954,Neutral,0.4381355429989752,0.2989163039784062,0.26294815302261865
25955,LOF,0.04548658027644411,0.13865580235147867,0.8158576173720773
25956,LOF,0.21203795016412053,0.08241836737796884,0.7055436824579107
25957,LOF,0.04050130824526243,0.030003071956847843,0.9294956197978897
25958,LOF,0.07736731759884845,0.03928880956507209,0.8833438728360794
25959,LOF,0.10395774688137148,0.4346959194770892,0.4613463336415394
25960,LOF,0.03313545469792493,0.07513358370236876,0.8917309615997062
25961,LOF,0.08245157016719143,0.054406618471423696,0.8631418113613848
25962,LOF,0.05050812512618105,0.05166242459451982,0.8978294502792991
25963,LOF,0.05404675415270344,0.18079747780713543,0.7651557680401612
25964,LOF,0.02904683691181463,0.22617376896956431,0.744779394118621
25965,Neutral,0.5430090179691981,0.054788681524729765,0.4022023005060721
25966,GOF,0.2784772750968869,0.4510723425758901,0.270450382327223
25967,LOF,0.011733887503880892,0.17667409088314295,0.8115920216129763
25968,LOF,0.06302690824301828,0.35682129295301246,0.5801517988039694
25969,LOF,0.022293219502510047,0.055316311371351595,0.9223904691261384
25970,LOF,0.054519402364752764,0.037690939648368456,0.9077896579868787
25971,LOF,0.08475992267888821,0.020388108431736444,0.8948519688893755
25972,LOF,0.08030776204366925,0.026578658739030304,0.8931135792173004
25973,LOF,0.0896819662180139,0.01988319110423307,0.890434842677753
25974,LOF,0.40851651585325494,0.031816938424287275,0.5596665457224578
25975,LOF,0.0418696044947881,0.052424735925724185,0.9057056595794878
25976,LOF,0.03684707742408059,0.031960530172819954,0.9311923924030995
25977,LOF,0.12141050821115607,0.14380579551751418,0.7347836962713297
25978,LOF,0.18531199961476263,0.12022920715131895,0.6944587932339185
25979,LOF,0.1698456099302422,0.09485843211882371,0.735295957950934
25980,LOF,0.2012019028273569,0.1826616552260308,0.6161364419466123
25981,LOF,0.2012019028273569,0.1826616552260308,0.6161364419466123
25982,LOF,0.3674203800364252,0.10167099640547357,0.5309086235581012
25983,LOF,0.3771212077238273,0.11726692611989964,0.5056118661562731
25984,LOF,0.03356403310180166,0.06914714250951866,0.8972888243886796
25985,LOF,0.022529249684486843,0.3248473620714309,0.6526233882440823
25986,LOF,0.026737507548473854,0.3606662822469772,0.6125962102045489
25987,LOF,0.08488755801777881,0.06247576672004769,0.8526366752621735
25988,LOF,0.06351329568975855,0.07010777707203958,0.8663789272382018
25989,LOF,0.02278583675143517,0.1423840270203819,0.8348301362281829
25990,LOF,0.03182830132781979,0.14207928518321944,0.8260924134889608
25991,LOF,0.209973462908482,0.3005444677180109,0.48948206937350713
25992,LOF,0.35974780411601603,0.19261416590668098,0.447638029977303
25993,LOF,0.03423102312038302,0.09507054424926238,0.8706984326303546
25994,LOF,0.02127592974208198,0.1374699381449487,0.8412541321129694
25995,LOF,0.030632534943223294,0.11177885910132795,0.8575886059554487
25996,GOF,0.1528807370632003,0.49663922706910274,0.350480035867697
25997,GOF,0.06212120236496322,0.47270311954943955,0.4651756780855973
25998,LOF,0.47495518202555154,0.014715345972582849,0.5103294720018655
25999,LOF,0.16232391607727553,0.3399928782788091,0.4976832056439155
26000,LOF,0.053850617592520224,0.034581603080899366,0.9115677793265803
26001,LOF,0.14379524635916105,0.04888447546993346,0.8073202781709055
26002,LOF,0.07934500078621352,0.06431941990847752,0.856335579305309
26003,GOF,0.007321851216399386,0.8318771898463766,0.16080095893722418
26004,GOF,0.015312041638735844,0.8623953989086531,0.12229255945261107
26005,GOF,0.009300458199070674,0.7205426697408015,0.27015687206012795
26006,GOF,0.37528210549526264,0.5470900386133721,0.0776278558913652
26007,GOF,0.013898929177692233,0.8471065537025212,0.1389945171197867
26008,GOF,0.011312591715579062,0.8420933958304033,0.14659401245401762
26009,GOF,0.018379257210345765,0.8758079661456623,0.10581277664399183
26010,GOF,0.014384826245055124,0.884936973993423,0.10067819976152183
26011,GOF,0.007912210895144173,0.7194467293696456,0.27264105973521024
26012,GOF,0.011898576025796562,0.8435975547678992,0.14450386920630418
26013,GOF,0.00909069905782413,0.8545321580181129,0.13637714292406303
26014,LOF,0.046077300034246094,0.11415879918277842,0.8397639007829755
26015,LOF,0.21892975555053978,0.008796297002635371,0.7722739474468249
26016,LOF,0.33901052495164835,0.030243428265353117,0.6307460467829985
26017,LOF,0.2323255226295069,0.04874508705313066,0.7189293903173625
26018,LOF,0.07994014553557033,0.023653506573273326,0.8964063478911563
26019,LOF,0.08096468553203932,0.0156549515933178,0.9033803628746429
26020,LOF,0.10794624119067582,0.04150378689203012,0.8505499719172941
26021,LOF,0.10169920556949083,0.052306788437426636,0.8459940059930825
26022,LOF,0.019084266500496057,0.026370731328136707,0.9545450021713674
26023,LOF,0.17701167513015323,0.01798981507294638,0.8049985097969004
26024,LOF,0.047813738246025625,0.060241723468487385,0.891944538285487
26025,LOF,0.2664105929772048,0.04960605435981618,0.6839833526629789
26026,LOF,0.48007997582786693,0.011731869643594536,0.5081881545285385
26027,LOF,0.08453964754390435,0.01150283604262347,0.9039575164134721
26028,LOF,0.22497680324859262,0.11530923161749988,0.6597139651339076
26029,LOF,0.1600942297091412,0.19067601400463563,0.6492297562862231
26030,LOF,0.04522319214478061,0.04692131606274167,0.9078554917924777
26031,LOF,0.04221914435762082,0.16472948302193774,0.7930513726204413
26032,LOF,0.0837463309446633,0.04635975316809516,0.8698939158872415
26033,LOF,0.22879180079065203,0.06486363044664775,0.7063445687627002
26034,LOF,0.07030922864224372,0.1368791701434741,0.7928116012142822
26035,LOF,0.05291310634620114,0.15453853172378157,0.7925483619300172
26036,LOF,0.07337930791477035,0.1364818287805451,0.7901388633046845
26037,LOF,0.04218530470496584,0.11474418763632718,0.8430705076587068
26038,LOF,0.08347931082934751,0.0443058100606732,0.8722148791099793
26039,LOF,0.09568327024403005,0.14326881476312528,0.7610479149928446
26040,LOF,0.4039280303675282,0.09299138110059739,0.5030805885318743
26041,LOF,0.04237244453274225,0.11595509478946887,0.8416724606777889
26042,LOF,0.042082785224826245,0.10374272916197169,0.8541744856132021
26043,LOF,0.08429213018229613,0.05958943728625361,0.8561184325314503
26044,LOF,0.040452993046171594,0.06495122280295663,0.8945957841508718
26045,LOF,0.11872809103664132,0.10521225415887553,0.7760596548044831
26046,LOF,0.09348146608556729,0.06616299278943973,0.840355541124993
26047,LOF,0.12863926087449742,0.06277600032923568,0.8085847387962669
26048,LOF,0.08670421640838702,0.04774871036128986,0.8655470732303232
26049,Neutral,0.9382921737447428,0.010729220711253365,0.05097860554400368
26050,Neutral,0.9145921248742863,0.012133702304499864,0.07327417282121372
26051,GOF,0.04657078785456177,0.5569385309175706,0.39649068122786757
26052,GOF,0.03925335266476713,0.6319945552453958,0.3287520920898371
26053,LOF,0.04802433036824726,0.3533602303302235,0.5986154393015292
26054,LOF,0.05887897005534225,0.05557380442871787,0.8855472255159399
26055,LOF,0.06363503615773065,0.057557986540531084,0.8788069773017382
26056,LOF,0.05063136975350454,0.06772426713628911,0.8816443631102063
26057,LOF,0.0276556884276831,0.05382442288502018,0.9185198886872966
26058,LOF,0.02761316347969826,0.05110387931474343,0.9212829572055583
26059,LOF,0.3359646723009299,0.08633298989580619,0.5777023378032639
26060,LOF,0.03066635172689255,0.374303309952355,0.5950303383207525
26061,LOF,0.019263247020457386,0.07898143676466023,0.9017553162148825
26062,LOF,0.015464682403040443,0.062252170902426324,0.9222831466945334
26063,LOF,0.023137598960562573,0.05435018853052577,0.9225122125089118
26064,LOF,0.02489996230628501,0.059147070026586784,0.9159529676671283
26065,LOF,0.026445814575208997,0.05084449633299877,0.9227096890917922
26066,LOF,0.02019705456445313,0.06017821780714072,0.9196247276284061
26067,LOF,0.022262456797603962,0.049541229764595275,0.9281963134378008
26068,LOF,0.046647344919846886,0.07277466111105649,0.8805779939690968
26069,LOF,0.36655846141724646,0.054454782592125946,0.5789867559906277
26070,Neutral,0.5638068749342207,0.03008713921390004,0.4061059858518792
26071,LOF,0.022402185595132938,0.06961278896823746,0.9079850254366295
26072,LOF,0.0249851918649168,0.094750473585249,0.8802643345498341
26073,LOF,0.025291816553320207,0.048118956831464534,0.9265892266152154
26074,Neutral,0.8965614521254228,0.014261112395071773,0.08917743547950541
26075,LOF,0.041840813701475806,0.05263240054270173,0.9055267857558226
26076,LOF,0.03507558751531073,0.04275786144087216,0.9221665510438171
26077,LOF,0.010844282442565082,0.0952725559115254,0.8938831616459094
26078,LOF,0.015271156349310049,0.0631236965230201,0.9216051471276698
26079,LOF,0.04697483000181625,0.05523860245070255,0.8977865675474813
26080,LOF,0.04697483000181625,0.05523860245070255,0.8977865675474813
26081,LOF,0.031137630728490556,0.039987810910873195,0.9288745583606361
26082,LOF,0.0231101920415749,0.049228741545614824,0.9276610664128103
26083,LOF,0.09485132634352393,0.049663398652263324,0.8554852750042128
26084,LOF,0.027445073917062312,0.06367988382087873,0.908875042262059
26085,LOF,0.02160051578948031,0.060410748297837324,0.9179887359126825
26086,LOF,0.02259979925871252,0.06304046644663465,0.9143597342946528
26087,LOF,0.024415169579215086,0.05650615806983645,0.9190786723509485
26088,LOF,0.024489558476856636,0.09473054893964644,0.880779892583497
26089,LOF,0.044379069164975825,0.047711511844929944,0.9079094189900943
26090,LOF,0.04161484718070902,0.04293928327746372,0.9154458695418273
26091,LOF,0.0400216937174944,0.032997339647865005,0.9269809666346407
26092,LOF,0.026393801860763354,0.04743551796847869,0.926170680170758
26093,LOF,0.037016391082728355,0.03226530060490933,0.9307183083123622
26094,LOF,0.04339945058484695,0.026333048639749244,0.9302675007754038
26095,LOF,0.05043675242752554,0.06908659413607304,0.8804766534364014
26096,LOF,0.019856890576758785,0.05179824556089373,0.9283448638623474
26097,LOF,0.011701840466357982,0.1262948294051191,0.8620033301285228
26098,LOF,0.05603515641396282,0.044809565886393045,0.8991552776996442
26099,LOF,0.02285846359243906,0.08918727953425881,0.8879542568733021
26100,LOF,0.02285846359243906,0.08918727953425881,0.8879542568733021
26101,LOF,0.061594878192488094,0.06907739331490433,0.8693277284926076
26102,LOF,0.023589659787074595,0.06609387097981509,0.9103164692331104
26103,Neutral,0.8112087621429721,0.07491776304283966,0.11387347481418823
26104,LOF,0.04264043841749799,0.09237291235848978,0.8649866492240121
26105,LOF,0.31705581354881573,0.09524807523436311,0.5876961112168212
26106,LOF,0.17340896921133336,0.06476029330284383,0.7618307374858228
26107,LOF,0.26250571311305426,0.07716231081966442,0.6603319760672813
26108,LOF,0.1793534847631735,0.06583809059196886,0.7548084246448576
26109,LOF,0.07012332422962715,0.11058885466211839,0.8192878211082545
26110,LOF,0.27614452077533025,0.029827954023307617,0.6940275252013621
26111,LOF,0.4557370576318147,0.029409768075320284,0.5148531742928649
26112,LOF,0.04502200781598527,0.022710786308003116,0.9322672058760116
26113,LOF,0.05511135389690475,0.0453848851764477,0.8995037609266475
26114,LOF,0.029191599028031322,0.028304182040815095,0.9425042189311537
26115,LOF,0.16276989090408472,0.05538693536497001,0.7818431737309453
26116,LOF,0.0860582718061171,0.0546802672206456,0.8592614609732373
26117,LOF,0.2218630567330792,0.18970609440036854,0.5884308488665522
26118,LOF,0.032726925060266365,0.07469412686045428,0.8925789480792793
26119,LOF,0.022774442790235615,0.22590297551759536,0.7513225816921689
26120,LOF,0.02882661380160309,0.09103242170378115,0.8801409644946157
26121,LOF,0.04931591234706319,0.21883869512012333,0.7318453925328136
26122,LOF,0.06524304738215819,0.22522653101737322,0.7095304216004685
