feature0,prediction,LoGoFunc_Neutral,LoGoFunc_GOF,LoGoFunc_LOF
25546,Neutral,0.6303534874230114,0.061702302778460706,0.3079442097985278
25547,Neutral,0.48190590896882396,0.10997738339832815,0.408116707632848
25548,Neutral,0.4894753994323582,0.09194463376456248,0.41857996680307935
25549,LOF,0.4158212206904833,0.0942617543718189,0.4899170249376979
25550,LOF,0.3659766791516174,0.11979089426831997,0.5142324265800626
25551,LOF,0.31357199512912687,0.12919910883447433,0.5572288960363988
25552,LOF,0.2641861949240939,0.12471431262292168,0.6110994924529844
25553,Neutral,0.8142288462660815,0.04719162731774134,0.13857952641617713
25554,LOF,0.30648253167220446,0.11564563651919095,0.5778718318086047
25555,LOF,0.2590692302009306,0.10791503019913318,0.6330157395999363
25556,LOF,0.44569742102320686,0.10725557264324985,0.44704700633354316
25557,LOF,0.24295752089191958,0.11372470549098687,0.6433177736170935
25558,LOF,0.3146353715699253,0.11276598813144068,0.572598640298634
25559,LOF,0.19328518317134127,0.14681637905657938,0.6598984377720793
25560,LOF,0.1612463282812538,0.10753212529118245,0.7312215464275637
25561,LOF,0.1553359237962014,0.11883785336887295,0.7258262228349257
25562,LOF,0.07375721167046422,0.08264191353940005,0.8436008747901358
25563,LOF,0.019509886513281435,0.1453002994248966,0.835189814061822
25564,LOF,0.22974924004601613,0.12371417493610241,0.6465365850178815
25565,LOF,0.2059130164631768,0.13022013487640952,0.6638668486604137
25566,GOF,0.0927233141161087,0.6972352230522346,0.21004146283165673
25567,LOF,0.040611835437844246,0.12479915357210442,0.8345890109900512
25568,LOF,0.06552240478848918,0.0700922215298724,0.8643853736816385
25569,LOF,0.06442479922283242,0.07160594992784952,0.863969250849318
25570,LOF,0.02666339869867492,0.10064867522577547,0.8726879260755497
25571,LOF,0.02601470113199165,0.10721159331218395,0.8667737055558243
25572,LOF,0.06259598626975635,0.11409511687846488,0.8233088968517789
25573,LOF,0.05731946723468198,0.08445149876735575,0.8582290339979624
25574,LOF,0.055186273029027004,0.181333227584433,0.76348049938654
25575,LOF,0.022395484460518436,0.11958683124416566,0.8580176842953159
25576,LOF,0.03251254642085261,0.1495379342520305,0.8179495193271168
25577,LOF,0.030112292011950113,0.10796157315896124,0.8619261348290886
25578,LOF,0.30466256056591917,0.0806080731872413,0.6147293662468396
25579,LOF,0.14834440959368883,0.08422737357853219,0.7674282168277791
25580,LOF,0.019420358428296616,0.079471067183537,0.9011085743881664
25581,LOF,0.05763295451650231,0.06749109892451394,0.8748759465589837
25582,LOF,0.05762881881315668,0.06615693953429246,0.8762142416525508
25583,LOF,0.019969046773209913,0.08402937711000716,0.8960015761167829
25584,Neutral,0.6702487010292315,0.10848376334566343,0.22126753562510498
25585,LOF,0.02997848464680974,0.1154302976879784,0.8545912176652118
25586,LOF,0.017868962353497473,0.06390523736803494,0.9182258002784677
25587,LOF,0.01730751863639081,0.05984597038321091,0.9228465109803983
25588,LOF,0.02003715755206205,0.06971473823265906,0.910248104215279
25589,Neutral,0.5075142072091243,0.18808015076620882,0.30440564202466686
25590,LOF,0.05132587680160534,0.10618045522060028,0.8424936679777943
25591,LOF,0.10255529435877525,0.056497567457166914,0.8409471381840579
25592,LOF,0.055358933205808064,0.12733392949344605,0.8173071373007459
25593,LOF,0.12615646466735522,0.24569588199961132,0.6281476533330335
25594,LOF,0.05330953945886027,0.11302426247563935,0.8336661980655005
25595,LOF,0.04792591408810751,0.0826316761616058,0.8694424097502867
25596,LOF,0.1097435156007462,0.050484891891271574,0.8397715925079822
25597,LOF,0.08200520091216973,0.05220391610748841,0.8657908829803418
25598,LOF,0.04938964671394869,0.08384300904720378,0.8667673442388475
25599,GOF,0.02148934914166351,0.5233391475297572,0.45517150332857936
25600,GOF,0.16373214528339666,0.5300985176734755,0.3061693370431279
25601,LOF,0.04062746317922697,0.4179992214469401,0.5413733153738328
25602,LOF,0.03280123474919509,0.06396375753194226,0.9032350077188628
25603,LOF,0.036053021087693385,0.029806432679234787,0.9341405462330719
25604,LOF,0.037668796418127086,0.06700885987854541,0.8953223437033275
25605,LOF,0.03918132162225506,0.1822188699229917,0.7785998084547532
25606,LOF,0.4414489261195575,0.08893398486822839,0.46961708901221405
25607,LOF,0.02448177056661517,0.18614564876925743,0.7893725806641273
25608,LOF,0.035006146686378026,0.07767147926822345,0.8873223740453986
25609,GOF,0.1604271688871904,0.5190880406356104,0.3204847904771992
25610,LOF,0.014370172255589663,0.029590536687878477,0.956039291056532
25611,LOF,0.013997342709830074,0.03535218436792293,0.950650472922247
25612,LOF,0.045995214107789645,0.045036235840865996,0.9089685500513445
25613,LOF,0.04473669360342193,0.046877423414003715,0.9083858829825744
25614,LOF,0.020586993913182125,0.027309433305971617,0.9521035727808463
25615,LOF,0.04351518900884276,0.043605433256322955,0.9128793777348343
25616,LOF,0.04443268771735989,0.029925730380672845,0.9256415819019672
25617,LOF,0.04062006476809864,0.03875599838773022,0.9206239368441711
25618,LOF,0.05118101721331838,0.04057159522551407,0.9082473875611675
25619,LOF,0.014156920295877503,0.03488329297109572,0.9509597867330268
25620,LOF,0.05800648208161249,0.04616924566901708,0.8958242722493703
25621,LOF,0.04999849947252866,0.034177119119200544,0.9158243814082708
25622,LOF,0.06102227761602981,0.03365419234038864,0.9053235300435815
25623,LOF,0.06824689788091452,0.029104562385152244,0.9026485397339331
25624,LOF,0.01704011278282459,0.0372642719787052,0.9456956152384701
25625,LOF,0.06266505203482048,0.041312457441082306,0.8960224905240972
25626,LOF,0.044040103451397195,0.04474077184279861,0.9112191247058041
25627,Neutral,0.8870502842387828,0.02059062752659936,0.09235908823461782
25628,LOF,0.13218948546573217,0.058812188464068015,0.8089983260701998
25629,LOF,0.06371705567374936,0.04117880141135827,0.8951041429148924
25630,LOF,0.25793952445807283,0.07269827140503095,0.6693622041368962
25631,Neutral,0.5483387545466809,0.061726955465377494,0.3899342899879416
25632,LOF,0.025740483412845155,0.06816009124519366,0.9060994253419612
25633,LOF,0.20749357296120605,0.035732255214442545,0.7567741718243514
25634,LOF,0.0346743338380355,0.08379318864846588,0.8815324775134986
25635,LOF,0.03436611160451905,0.04365477700300626,0.9219791113924747
25636,LOF,0.036532042911739906,0.45944492226312506,0.504023034825135
25637,GOF,0.07782006176331173,0.49314498939059354,0.4290349488460946
25638,LOF,0.035045809221457426,0.29622660820547,0.6687275825730725
25639,LOF,0.036243043993692804,0.3469333258923934,0.6168236301139137
25640,Neutral,0.8019242985808711,0.15693590351507886,0.04113979790404991
25641,LOF,0.0618642732692682,0.44291048450450193,0.4952252422262297
25642,LOF,0.045193682671752416,0.15215116116108762,0.80265515616716
25643,LOF,0.20581109942634435,0.16107297605715826,0.6331159245164975
25644,LOF,0.02316818548750524,0.4645404238642298,0.512291390648265
25645,LOF,0.022449525943469103,0.4074545252177981,0.5700959488387327
25646,LOF,0.050334824726147635,0.3250455796908762,0.6246195955829762
25647,LOF,0.024050350227883984,0.2497704772991226,0.7261791724729934
25648,LOF,0.032050648693314907,0.23152513725316437,0.7364242140535208
25649,LOF,0.016218871057049073,0.2352566197935776,0.7485245091493733
25650,LOF,0.0552789652882654,0.40703022257873306,0.5376908121330015
25651,LOF,0.016041135416503118,0.2600447525637198,0.7239141120197771
25652,LOF,0.03332230191548792,0.25062007787345997,0.716057620211052
25653,LOF,0.0892117305026364,0.4078206079797865,0.5029676615175771
25654,LOF,0.024118548310153577,0.1924322982619199,0.7834491534279264
25655,LOF,0.22614255182315812,0.3709025234912512,0.40295492468559074
25656,LOF,0.28910705994192815,0.04760783442260659,0.6632851056354653
25657,LOF,0.07904603343787221,0.05493084793765016,0.8660231186244776
25658,LOF,0.41157735488462666,0.056400928774405286,0.5320217163409681
25659,Neutral,0.5611579367397426,0.07346502357020981,0.3653770396900476
25660,LOF,0.025757660424199098,0.08069399040361872,0.8935483491721822
25661,LOF,0.10133641842744953,0.05309224070519716,0.8455713408673533
25662,LOF,0.033319780469517946,0.029436034294710454,0.9372441852357717
25663,LOF,0.04029742494389054,0.04168721767505942,0.9180153573810501
25664,LOF,0.1355606471964091,0.05349843195169042,0.8109409208519005
25665,LOF,0.05397264581391747,0.028904274176382857,0.9171230800096997
25666,LOF,0.08403963095088764,0.06972365125531765,0.8462367177937947
25667,LOF,0.06905001067266045,0.03296431691976135,0.8979856724075781
25668,LOF,0.037303269664210006,0.04437287844165663,0.9183238518941332
25669,LOF,0.033947707782089484,0.04939835425529388,0.9166539379626167
25670,LOF,0.13087259545595342,0.04795908135044128,0.8211683231936054
25671,LOF,0.09872724341586102,0.029127329946745998,0.872145426637393
25672,LOF,0.052503978592681425,0.04047686333555988,0.9070191580717586
25673,LOF,0.080029352170683,0.03975785144119637,0.8802127963881206
25674,LOF,0.06860413823441984,0.052228546863293895,0.8791673149022862
25675,LOF,0.11488390613235018,0.04905754255406457,0.8360585513135853
25676,LOF,0.017943133314107962,0.048753461607607435,0.9333034050782847
25677,LOF,0.027158934628789676,0.06475028302335005,0.9080907823478603
25678,LOF,0.18392394825608183,0.05636436512555886,0.7597116866183594
25679,LOF,0.12070747445615877,0.07844327052829898,0.8008492550155422
25680,LOF,0.031530008793545776,0.10618103253360221,0.8622889586728519
25681,LOF,0.05073113083394479,0.09513833583602374,0.8541305333300315
25682,LOF,0.1440783555518796,0.06058264889568412,0.7953389955524363
25683,LOF,0.12274726336030582,0.08732598689362597,0.7899267497460681
25684,LOF,0.04419969523774213,0.06188931497521046,0.8939109897870475
25685,LOF,0.14029900049303365,0.045324884095194404,0.8143761154117719
25686,LOF,0.06866440111567515,0.08630194118895054,0.8450336576953742
25687,LOF,0.1094542307155149,0.08597355552181896,0.8045722137626661
25688,LOF,0.3064322428439997,0.03802495798585583,0.6555427991701445
25689,LOF,0.23381323934584175,0.04363765429144276,0.7225491063627155
25690,LOF,0.35996788365323973,0.030136685898307224,0.609895430448453
25691,Neutral,0.7047981311925735,0.023070185789947933,0.27213168301747864
25692,LOF,0.31506065148865464,0.011551386688582188,0.6733879618227632
25693,LOF,0.04265496049681923,0.46605135330645975,0.49129368619672115
25694,LOF,0.12372888096477723,0.02020579828486889,0.8560653207503539
25695,LOF,0.11309323224974847,0.019097409117097286,0.8678093586331542
25696,LOF,0.10751590446423999,0.010843730584216048,0.881640364951544
25697,LOF,0.1120854120898439,0.033181752419457665,0.8547328354906985
25698,LOF,0.32544320696500256,0.2134524592028413,0.46110433383215627
25699,LOF,0.42304205306417203,0.04105585160360635,0.5359020953322217
25700,LOF,0.05535396308675121,0.008197666360982007,0.9364483705522668
25701,LOF,0.16306215824011194,0.047653067045264896,0.7892847747146232
25702,GOF,0.18315220348092953,0.534320924185633,0.2825268723334375
25703,LOF,0.01726848261775105,0.16706952841728828,0.8156619889649607
25704,LOF,0.048717821935970684,0.12136588843689466,0.8299162896271346
25705,LOF,0.05848904014981566,0.19676022119117012,0.7447507386590143
25706,LOF,0.09392888554065068,0.35746983616635153,0.5486012782929978
25707,LOF,0.09024555734721246,0.28264015865696646,0.627114283995821
25708,LOF,0.033369865218935015,0.25164516735133674,0.7149849674297283
25709,LOF,0.057345700384100605,0.04246660810606156,0.9001876915098378
25710,LOF,0.01213321844181476,0.14665804971669968,0.8412087318414857
25711,LOF,0.01837737980097247,0.09382266716164524,0.8877999530373822
25712,LOF,0.013789173905006452,0.19849864590208396,0.7877121801929096
25713,LOF,0.01763433640377577,0.0826044090089086,0.8997612545873157
25714,LOF,0.06703633743219305,0.07920042985846669,0.8537632327093403
25715,LOF,0.010393247633023083,0.14230428233181164,0.8473024700351653
25716,LOF,0.015599296485239486,0.12189163176715999,0.8625090717476005
25717,LOF,0.013988724316572812,0.0821421441198513,0.9038691315635758
25718,LOF,0.01213139405870743,0.10156685160732758,0.886301754333965
25719,LOF,0.018546855437653793,0.0794813352289189,0.9019718093334272
25720,LOF,0.021770602200861685,0.06759497581901341,0.9106344219801248
25721,LOF,0.015816086651447615,0.10430971244711951,0.8798742009014329
25722,LOF,0.012893413848432072,0.1267945223428916,0.8603120638086763
25723,LOF,0.02141490556775412,0.04527807053258621,0.9333070238996597
25724,LOF,0.02273026156222824,0.08770277525414827,0.8895669631836235
25725,LOF,0.011637846580446044,0.07133871238707859,0.9170234410324754
25726,LOF,0.013941200868731055,0.09759712348622646,0.8884616756450425
25727,LOF,0.012858968704641378,0.07458034592324521,0.9125606853721134
25728,LOF,0.009443466117113476,0.11281387657101331,0.8777426573118732
25729,LOF,0.00962894215395006,0.11091888560549323,0.8794521722405567
25730,LOF,0.012674867063683107,0.08342520064100467,0.9038999322953122
25731,LOF,0.020702949469921544,0.11692429858235635,0.8623727519477221
25732,LOF,0.013871383648402215,0.08611911801844556,0.9000094983331522
25733,LOF,0.015342628250988626,0.07384822415889061,0.9108091475901208
25734,LOF,0.012897478277009525,0.1314248456634046,0.8556776760595858
25735,LOF,0.013314257291775926,0.08933117939223012,0.8973545633159941
25736,LOF,0.013434095953439628,0.11487527731252035,0.87169062673404
25737,LOF,0.020612089053842805,0.08577182955077042,0.8936160813953866
25738,LOF,0.0132943837330895,0.11126600437887477,0.8754396118880357
25739,LOF,0.020599506015323503,0.0841360853912614,0.895264408593415
25740,LOF,0.026695773070222684,0.10780293520084401,0.8655012917289333
25741,LOF,0.014983071274696827,0.11334524894230252,0.8716716797830006
25742,LOF,0.11301561740507789,0.0818344137700486,0.8051499688248734
25743,LOF,0.035822177952166585,0.026239926100949464,0.9379378959468839
25744,Neutral,0.6022595373407361,0.19959938722789375,0.19814107543137013
25745,LOF,0.08262925191462724,0.07116845222931181,0.8462022958560609
25746,LOF,0.041309669558133096,0.0806403883208278,0.8780499421210392
25747,LOF,0.02423588604281812,0.03853064189632313,0.9372334720608587
25748,LOF,0.1189960267618098,0.05682949979207218,0.824174473446118
25749,LOF,0.027437085423972954,0.07303064782225153,0.8995322667537756
25750,LOF,0.08419841850793258,0.08378438625139618,0.8320171952406712
25751,LOF,0.09276876549940728,0.058680702456930446,0.8485505320436623
25752,GOF,0.11947900590849729,0.6733396160383484,0.20718137805315423
25753,LOF,0.01942628435411967,0.3061531811982366,0.6744205344476437
25754,GOF,0.01091036061025065,0.7687250463997286,0.22036459299002062
25755,LOF,0.022487156586600932,0.40747783722109077,0.5700350061923083
25756,LOF,0.04038453337869096,0.40214476573792285,0.5574707008833862
25757,GOF,0.013782000657588845,0.8429200912344595,0.1432979081079517
25758,GOF,0.030412566729723298,0.8449179387888966,0.12466949448137989
25759,GOF,0.012074816912830981,0.5552730873387413,0.43265209574842767
25760,LOF,0.012835694423579996,0.25181505645603525,0.7353492491203848
25761,GOF,0.2726016073668008,0.6311883515115558,0.09621004112164336
25762,LOF,0.035598188838000935,0.28694624746970976,0.6774555636922893
25763,LOF,0.01408863509062561,0.21205320726087354,0.7738581576485007
25764,GOF,0.06764847481121682,0.6422161779573646,0.29013534723141854
25765,GOF,0.03991244708099108,0.7876519703971447,0.17243558252186425
25766,GOF,0.06300143656010802,0.77348693286359,0.16351163057630183
25767,GOF,0.17796599048688555,0.4356626747152744,0.3863713347978399
25768,LOF,0.09204485666627725,0.05923398777529845,0.8487211555584243
25769,LOF,0.06291221829507875,0.06611124576663321,0.870976535938288
25770,LOF,0.2772528023124804,0.09314706009718188,0.6296001375903377
25771,LOF,0.03737055896022868,0.04934906507751807,0.9132803759622533
25772,LOF,0.01611982157017971,0.03602965517626135,0.9478505232535589
25773,LOF,0.046527636698188435,0.08546048653857508,0.8680118767632364
25774,LOF,0.026545615351215045,0.07866712972651695,0.8947872549222681
25775,LOF,0.046340044232421926,0.044363544496521204,0.9092964112710569
25776,LOF,0.07170301697195515,0.028029415067052546,0.9002675679609924
25777,LOF,0.35617757904961855,0.053407327147283225,0.5904150938030982
25778,LOF,0.06367468145127253,0.0508616487664215,0.8854636697823061
25779,GOF,0.4093174573338628,0.5527860830217273,0.03789645964440997
25780,GOF,0.3107380623807254,0.614403015845143,0.07485892177413166
25781,GOF,0.1430747619082959,0.7521389474130009,0.10478629067870311
25782,GOF,0.21223513989764753,0.7216801498202428,0.06608471028210974
25783,GOF,0.02890544695969929,0.6628841228862511,0.30821043015404964
25784,Neutral,0.4935065506861152,0.4679415387756359,0.038551910538249
25785,GOF,0.43845516799216805,0.5263943061081826,0.03515052589964926
25786,GOF,0.030898384524655587,0.7681506427923475,0.20095097268299705
25787,Neutral,0.6338231374068783,0.3438313510299494,0.022345511563172226
25788,LOF,0.04733624877882336,0.11221386835070551,0.8404498828704712
25789,GOF,0.195385383180681,0.6808444087114918,0.12377020810782732
25790,GOF,0.2265182210238463,0.6738130783143363,0.09966870066181724
25791,GOF,0.16889753932500756,0.6621330578317766,0.16896940284321582
25792,GOF,0.34600060836921437,0.524884184986201,0.12911520664458445
25793,GOF,0.24433288349182797,0.5641369800193321,0.19153013648883996
25794,GOF,0.2825452373298908,0.5596014245473445,0.15785333812276459
25795,GOF,0.07241607290786864,0.7005878705885855,0.2269960565035458
25796,Neutral,0.54928401573987,0.3757779404791177,0.07493804378101232
25797,GOF,0.09210427926765115,0.5831027247948706,0.32479299593747835
25798,GOF,0.00929506459302979,0.5358760013015158,0.45482893410545433
25799,LOF,0.007146204226376751,0.4222962590254379,0.5705575367481853
25800,GOF,0.033712053581176495,0.620497458916128,0.34579048750269553
25801,GOF,0.21156530151505848,0.668213974622361,0.12022072386258051
25802,GOF,0.09125155998649973,0.6851603399952995,0.22358810001820092
25803,GOF,0.03930214057976749,0.5807561252134594,0.379941734206773
25804,GOF,0.034454524951020055,0.5025310523814628,0.46301442266751713
25805,GOF,0.1098079330748617,0.5914493180212474,0.29874274890389085
25806,GOF,0.10784724776989715,0.5755680865221684,0.31658466570793453
25807,GOF,0.019805427044925935,0.6393541268276888,0.34084044612738545
25808,GOF,0.08799613127121102,0.6393395890522547,0.2726642796765344
25809,GOF,0.017734805515417965,0.6127921979977804,0.3694729964868016
25810,GOF,0.016999033466761085,0.6439322425070929,0.3390687240261461
25811,GOF,0.4637784204436729,0.46608546653987754,0.0701361130164496
25812,GOF,0.029767720911623694,0.6505116534736071,0.3197206256147692
25813,Neutral,0.4847853315955466,0.4152470326688003,0.09996763573565305
25814,GOF,0.12444978433940024,0.6494400981828673,0.22611011747773252
25815,GOF,0.2054942381326599,0.6262909705879385,0.16821479127940178
25816,GOF,0.022593997507667777,0.7270859128355246,0.25032008965680774
25817,GOF,0.25369336299865924,0.6329235636550049,0.11338307334633577
25818,GOF,0.052569168026693265,0.6817269713702488,0.2657038606030578
25819,GOF,0.37131059828261415,0.49669691192594667,0.1319924897914391
25820,GOF,0.20784662631565468,0.6089855262430296,0.18316784744131576
25821,GOF,0.062465716592221346,0.6894584730087183,0.24807581039906032
25822,GOF,0.2166884010561221,0.5669058888806824,0.21640571006319542
25823,GOF,0.03508407696205587,0.5409617253855638,0.4239541976523804
25824,GOF,0.08926764268908836,0.6363556597682689,0.27437669754264277
25825,GOF,0.03927792176692493,0.6291371618789793,0.33158491635409587
25826,GOF,0.016169201163583755,0.620540764042933,0.3632900347934832
25827,GOF,0.022859597764700014,0.6196619085542938,0.35747849368100637
25828,GOF,0.01355657481360689,0.5442057236031533,0.4422377015832399
25829,GOF,0.005576506124630842,0.5862476837291513,0.40817581014621795
25830,LOF,0.03494991144778204,0.2989572304231224,0.6660928581290956
25831,GOF,0.2348186557001083,0.6653036224966434,0.09987772180324832
25832,GOF,0.03318532158891072,0.7521754715577211,0.21463920685336807
25833,GOF,0.11621607368171494,0.749779884835311,0.134004041482974
25834,GOF,0.03107359382474935,0.7591813403366221,0.20974506583862845
25835,GOF,0.07221999277811096,0.783201376815258,0.1445786304066308
25836,GOF,0.03392422370052094,0.7193953685760808,0.24668040772339836
25837,GOF,0.03369998330459818,0.6317371505771426,0.3345628661182592
25838,GOF,0.10550245752663859,0.7714239040365503,0.12307363843681113
25839,GOF,0.3100866475111236,0.57420632729592,0.11570702519295634
25840,GOF,0.294125688770748,0.579425331063506,0.12644898016574602
25841,GOF,0.26158301637101694,0.6206796553340563,0.11773732829492668
25842,GOF,0.15934515232338958,0.7270972719084454,0.11355757576816504
25843,GOF,0.2339228033178919,0.6852950800593233,0.0807821166227847
25844,GOF,0.06711598834355889,0.7284843739858496,0.20439963767059144
25845,GOF,0.016989896151315926,0.5296126009763482,0.4533975028723358
25846,GOF,0.13948469561656815,0.7332868648242535,0.12722843955917834
25847,GOF,0.10758237465822415,0.7933531211195236,0.09906450422225224
25848,GOF,0.038911307774339925,0.7348984159027057,0.2261902763229545
25849,GOF,0.010759253466208363,0.6267018544371138,0.3625388920966779
25850,GOF,0.019797762387505663,0.6696605453120402,0.31054169230045403
25851,GOF,0.01560818108681987,0.5466700998298581,0.4377217190833219
25852,GOF,0.1703890305130489,0.5657571097476898,0.26385385973926134
25853,GOF,0.37154385656126476,0.5641992209651,0.06425692247363515
25854,GOF,0.022028597030225545,0.6522700565634793,0.3257013464062951
25855,GOF,0.03486873116822667,0.5848111876403,0.3803200811914733
25856,GOF,0.24650142547094492,0.5441649896581153,0.20933358487093973
25857,GOF,0.03675644969480831,0.5282867298232736,0.434956820481918
25858,GOF,0.02000609496414884,0.5580131612869325,0.4219807437489187
25859,GOF,0.010500860150557453,0.5351026104842254,0.4543965293652173
25860,GOF,0.37158194157314955,0.5534936786664354,0.0749243797604151
25861,GOF,0.4359087187980107,0.5049748539747416,0.059116427227247643
25862,GOF,0.08503416810024672,0.7897321000067432,0.12523373189301004
25863,GOF,0.0867703587065921,0.7818865560836548,0.13134308520975302
25864,GOF,0.212745340912898,0.7160260438026067,0.07122861528449523
25865,GOF,0.09525673070033454,0.8004037280166204,0.10433954128304505
25866,GOF,0.061720417289619606,0.7877178536028169,0.15056172910756344
25867,GOF,0.08540246460599481,0.8109011270635048,0.10369640833050028
25868,GOF,0.24807014963983015,0.6620048854621083,0.08992496489806155
25869,Neutral,0.6894860050899884,0.2702569252593911,0.04025706965062059
25870,GOF,0.26662664092933497,0.445904745808519,0.28746861326214596
25871,GOF,0.22364034866490382,0.6684167945111988,0.10794285682389737
25872,GOF,0.08667969327032993,0.6689163985466311,0.24440390818303895
25873,GOF,0.12254766820985553,0.6985632057733054,0.1788891260168391
25874,LOF,0.014835021097515765,0.11459411118794949,0.8705708677145347
25875,LOF,0.09423730797657447,0.04179808402029914,0.8639646080031265
25876,LOF,0.03473482329555878,0.02639846034694682,0.9388667163574944
25877,Neutral,0.5456167163271539,0.03900289072632027,0.41538039294652573
25878,LOF,0.2339814643410574,0.09213790052837459,0.673880635130568
25879,LOF,0.09244426856793636,0.09106486332822611,0.8164908681038375
25880,LOF,0.04312107589005846,0.011974622448817673,0.9449043016611238
25881,LOF,0.16548251091365004,0.11123581337940987,0.7232816757069401
25882,LOF,0.06252047385348959,0.015600579764190206,0.9218789463823202
25883,LOF,0.06642503938107781,0.01941699278019622,0.914157967838726
25884,LOF,0.03113605214823134,0.028044973935192,0.9408189739165765
25885,LOF,0.058188616500723725,0.010785505452301159,0.9310258780469751
25886,LOF,0.2829265130972647,0.03660452459676481,0.6804689623059704
25887,LOF,0.14912499009667868,0.0569993113864447,0.7938756985168767
25888,LOF,0.06544661430184917,0.05514835824526211,0.8794050274528886
25889,LOF,0.038820296398688225,0.020403489396081703,0.94077621420523
25890,LOF,0.0468236658622872,0.14591522182197453,0.8072611123157383
25891,LOF,0.03822993034048885,0.05343120052889598,0.9083388691306151
25892,LOF,0.08277119456211386,0.021994665575032428,0.8952341398628537
25893,LOF,0.24629229991673712,0.02113003931850296,0.7325776607647599
25894,LOF,0.17834548757676755,0.011448868428878677,0.8102056439943538
25895,LOF,0.19622115597774467,0.02278760531739492,0.7809912387048603
25896,LOF,0.05179802576815765,0.020193740320003123,0.9280082339118393
25897,LOF,0.25232354624538045,0.01214580421272838,0.7355306495418912
25898,Neutral,0.6851697218197023,0.0103689317400768,0.30446134644022094
25899,LOF,0.23658175354252856,0.019818765198754217,0.7435994812587173
25900,LOF,0.4478824080692831,0.012732895667454636,0.5393846962632622
25901,LOF,0.05170519733696403,0.011296512525960986,0.936998290137075
25902,LOF,0.1456733065915805,0.014076639377645568,0.8402500540307739
25903,Neutral,0.5658878114029896,0.028819161074935578,0.40529302752207486
25904,LOF,0.30729406353933714,0.03840691293822136,0.6542990235224415
25905,LOF,0.024791455560073415,0.330593330647998,0.6446152137919287
25906,LOF,0.03227399574658567,0.07692398763146667,0.8908020166219477
25907,LOF,0.01402526880181378,0.3483825176093353,0.637592213588851
25908,LOF,0.010076628538305344,0.26133782431045494,0.7285855471512397
25909,LOF,0.012493602681887827,0.1335880444366282,0.853918352881484
25910,LOF,0.048858941281218225,0.13968891907631825,0.8114521396424635
25911,LOF,0.1686623419165232,0.031239677269461894,0.8000979808140148
25912,LOF,0.04727207991108327,0.051775431109382056,0.9009524889795346
25913,LOF,0.34618655912620555,0.02444985710753779,0.6293635837662566
25914,LOF,0.019043245337471246,0.060603759237822206,0.9203529954247065
25915,Neutral,0.5779695808356642,0.1428095372214467,0.27922088194288913
25916,LOF,0.07955551189045906,0.17259384072456552,0.7478506473849755
25917,LOF,0.05963308826541732,0.04365724084292069,0.896709670891662
25918,LOF,0.02097351065901323,0.03546576368500972,0.943560725655977
25919,LOF,0.01840300836338203,0.03684423088060098,0.944752760756017
25920,GOF,0.10968746834558113,0.5671724294808537,0.32314010217356515
25921,LOF,0.023796012260688705,0.03847320527880434,0.937730782460507
25922,LOF,0.03027611473977561,0.028837375708037086,0.9408865095521874
25923,LOF,0.45788917583298094,0.03952027997278758,0.5025905441942315
25924,LOF,0.036808882776307415,0.0477349294955156,0.915456187728177
25925,LOF,0.065858354175734,0.043688041176156364,0.8904536046481097
25926,LOF,0.04830276721977126,0.038262322381799385,0.9134349103984294
25927,LOF,0.050292271084113424,0.138583068456339,0.8111246604595477
25928,LOF,0.0167506807958242,0.05678660865810993,0.9264627105460659
25929,Neutral,0.5676661929682726,0.042779717024263,0.38955409000746444
25930,LOF,0.06958739156562209,0.03508250301985034,0.8953301054145275
25931,LOF,0.022828266825935327,0.03211263796931595,0.9450590952047486
25932,LOF,0.0281338298401354,0.029072976651904565,0.9427931935079601
25933,LOF,0.03756514483353719,0.019359411880611938,0.9430754432858509
25934,LOF,0.023435850254775188,0.020186562177734776,0.95637758756749
25935,LOF,0.05888268552109785,0.05529579556412014,0.8858215189147821
25936,LOF,0.042823405266124215,0.02359465467918366,0.9335819400546921
25937,LOF,0.024565896738481748,0.03799107637733431,0.937443026884184
25938,LOF,0.059467096933494466,0.055216371088958764,0.8853165319775468
25939,LOF,0.040931978177485076,0.021469098232558187,0.9375989235899567
25940,LOF,0.033471320301158465,0.3313584558259677,0.6351702238728739
25941,LOF,0.18111964739303446,0.10924402176221493,0.7096363308447505
25942,LOF,0.0129554547188395,0.03661608293870417,0.9504284623424564
25943,LOF,0.28571914885069905,0.053769432986125125,0.6605114181631758
25944,LOF,0.4836293098904286,0.0215407629146047,0.4948299271949667
25945,LOF,0.0733290573648464,0.02148412668321014,0.9051868159519434
25946,LOF,0.03216099107146473,0.12969256677981358,0.8381464421487217
25947,LOF,0.10659708587622845,0.16466466974498112,0.7287382443787905
25948,LOF,0.3773262061828723,0.00818185744537497,0.6144919363717527
25949,LOF,0.11767965263780815,0.03637837418925242,0.8459419731729394
25950,LOF,0.33247259963473963,0.33039923676747585,0.3371281635977846
25951,LOF,0.22910078920430618,0.271165646967188,0.4997335638285058
25952,LOF,0.04643398858600082,0.4281062648821179,0.5254597465318813
25953,LOF,0.15009566046829206,0.10629616311000842,0.7436081764216995
25954,LOF,0.403173047111007,0.1589972383354873,0.43782971455350567
25955,LOF,0.051902816031105796,0.07730116041194027,0.8707960235569538
25956,LOF,0.16779716629192934,0.1081745223621852,0.7240283113458855
25957,LOF,0.03626505850952648,0.02921099760741942,0.9345239438830542
25958,LOF,0.054706854987510316,0.026647585993759326,0.9186455590187304
25959,LOF,0.06919640521799589,0.3375499821109737,0.5932536126710304
25960,LOF,0.015444852155480191,0.05116531610211732,0.9333898317424025
25961,LOF,0.040470884107879045,0.026112600598624473,0.9334165152934966
25962,LOF,0.04786786611573641,0.022228907055086032,0.9299032268291775
25963,LOF,0.05021495958565664,0.18345388979360533,0.766331150620738
25964,LOF,0.03396611836049055,0.1470733141288032,0.8189605675107062
25965,LOF,0.4325497603023202,0.0615514256242635,0.5058988140734163
25966,Neutral,0.521484151729116,0.15213848465095597,0.32637736361992803
25967,LOF,0.017246062585743637,0.10442695304756366,0.8783269843666927
25968,LOF,0.03489458264422049,0.40161012587957196,0.5634952914762075
25969,LOF,0.035411800738752164,0.05829219783744334,0.9062960014238046
25970,LOF,0.05776370159029008,0.06772774829294091,0.8745085501167691
25971,LOF,0.06735110687337553,0.020599044398799605,0.9120498487278249
25972,LOF,0.06891664731996781,0.03242163200220839,0.8986617206778238
25973,LOF,0.07704851397054761,0.009619615894632847,0.9133318701348195
25974,LOF,0.21319522203941194,0.01557609542859805,0.7712286825319901
25975,LOF,0.04702916577239176,0.02459105120718176,0.9283797830204265
25976,LOF,0.04450551317212649,0.01499890528433072,0.9404955815435428
25977,LOF,0.14559334799714108,0.0851875546108258,0.769219097392033
25978,LOF,0.15004084179507768,0.07513264519922029,0.7748265130057019
25979,LOF,0.13603562396096763,0.07667586395107776,0.7872885120879546
25980,LOF,0.24270401211209314,0.1045664492543275,0.6527295386335794
25981,LOF,0.27543883130433916,0.10155140950982898,0.6230097591858318
25982,LOF,0.4141827112119045,0.06954121830279364,0.5162760704853019
25983,LOF,0.4034660496435114,0.07714312571904403,0.5193908246374446
25984,LOF,0.04903056565678984,0.043438614160358,0.907530820182852
25985,LOF,0.03475353429499022,0.2783341113742702,0.6869123543307396
25986,LOF,0.03925900300531456,0.33095644525693924,0.6297845517377462
25987,LOF,0.08899931584161287,0.06617742555299677,0.8448232586053903
25988,LOF,0.1584161468976557,0.055771957440648924,0.7858118956616954
25989,LOF,0.03414756218410421,0.11553392600831273,0.8503185118075831
25990,LOF,0.04051585049788371,0.15646177395111466,0.8030223755510016
25991,LOF,0.11961573751270164,0.24372513034341356,0.6366591321438848
25992,LOF,0.2964832533377123,0.1491379344556699,0.5543788122066179
25993,LOF,0.021677963564597554,0.06964034071466314,0.9086816957207393
25994,LOF,0.016975713338705924,0.08568822656557565,0.8973360600957184
25995,LOF,0.022040797842520395,0.17061306769102735,0.8073461344664522
25996,GOF,0.31942421600594234,0.38040572814083606,0.3001700558532216
25997,LOF,0.09750390387604782,0.3466288970976496,0.5558671990263027
25998,Neutral,0.506265538699729,0.023931635217413982,0.46980282608285706
25999,LOF,0.10409934264198031,0.0978946104005833,0.7980060469574364
26000,LOF,0.14478912483868292,0.0504486668667085,0.8047622082946086
26001,LOF,0.1974715948759426,0.053541512177052324,0.7489868929470052
26002,LOF,0.12219263098551439,0.04652145571074581,0.8312859133037398
26003,GOF,0.010913407313577735,0.5793852336738154,0.4097013590126068
26004,GOF,0.022594466552512852,0.6820767343418982,0.29532879910558896
26005,LOF,0.00643586362072968,0.44331829876202267,0.5502458376172477
26006,Neutral,0.5111343333129803,0.256197520991961,0.23266814569505875
26007,GOF,0.018791869975083277,0.5159739923183635,0.4652341377065532
26008,GOF,0.01743378768045675,0.5945257196699479,0.3880404926495954
26009,GOF,0.01983019815762901,0.6699817470638202,0.31018805477855077
26010,GOF,0.022192029999460006,0.6353794919371084,0.3424284780634316
26011,LOF,0.0068355945453124674,0.41374260289353143,0.5794218025611562
26012,GOF,0.01277721245142152,0.529730465885472,0.45749232166310655
26013,GOF,0.019228865006607677,0.5979493534159802,0.38282178157741215
26014,LOF,0.040496158010867124,0.11469066955756572,0.8448131724315672
26015,LOF,0.1866578744245613,0.01677963339971158,0.796562492175727
26016,LOF,0.21089072981368337,0.06205064251578607,0.7270586276705306
26017,LOF,0.24109827059663913,0.09146018362105707,0.6674415457823039
26018,LOF,0.0805634525347716,0.03826344018011507,0.8811731072851133
26019,LOF,0.07633034399564494,0.03088087221946504,0.8927887837848901
26020,LOF,0.07590832945368946,0.11575577659695326,0.8083358939493573
26021,LOF,0.05065633230378224,0.10850927390664153,0.8408343937895764
26022,LOF,0.01146369433060624,0.04490699213293992,0.9436293135364539
26023,LOF,0.06702000818935104,0.02506550427544427,0.9079144875352047
26024,LOF,0.032078294494681456,0.11670485584893789,0.8512168496563807
26025,LOF,0.16573911370964275,0.10732265668718417,0.726938229603173
26026,LOF,0.35349801208126497,0.03243312872405325,0.6140688591946818
26027,LOF,0.06073580132411012,0.020067187958409085,0.9191970107174807
26028,LOF,0.16510747479039975,0.06840244936736992,0.7664900758422303
26029,LOF,0.0704757162471643,0.1727006094497145,0.7568236743031211
26030,LOF,0.022737664843308233,0.042809324028140486,0.9344530111285512
26031,LOF,0.02623533153726203,0.1263459157630156,0.8474187526997223
26032,LOF,0.062484381724411654,0.07467342736235658,0.8628421909132318
26033,LOF,0.08039547208148383,0.07259493672702463,0.8470095911914916
26034,LOF,0.04202150895219174,0.14661372620716864,0.8113647648406396
26035,LOF,0.025572150911550868,0.1403946614832639,0.8340331876051853
26036,LOF,0.03702917032848014,0.15985332749329015,0.8031175021782297
26037,LOF,0.0205274329137472,0.11554282371946885,0.8639297433667841
26038,LOF,0.05912641886911525,0.07781861818596958,0.8630549629449152
26039,LOF,0.048139149302699094,0.14327762734249555,0.8085832233548053
26040,LOF,0.19599165519196698,0.11696574458842869,0.6870426002196044
26041,LOF,0.021322140100940013,0.10328224349040817,0.8753956164086518
26042,LOF,0.019803711098970514,0.09902426043431282,0.8811720284667167
26043,LOF,0.059964291889028645,0.09021031580392841,0.849825392307043
26044,LOF,0.018885045463869186,0.05502471736863244,0.9260902371674983
26045,LOF,0.0659087760376796,0.09532991888211206,0.8387613050802083
26046,LOF,0.054056297254615554,0.07351277986109682,0.8724309228842876
26047,LOF,0.0737653555298282,0.0770399010456954,0.8491947434244764
26048,LOF,0.040260654844348515,0.03994091407705547,0.919798431078596
26049,Neutral,0.9673834371888066,0.00657660525265211,0.026039957558541202
26050,Neutral,0.955680914035914,0.008446738653707339,0.03587234731037867
26051,LOF,0.04528070656404505,0.262096083968676,0.692623209467279
26052,LOF,0.06322319074718051,0.2897921241197658,0.6469846851330537
26053,LOF,0.055120087095905115,0.13393218352002692,0.8109477293840679
26054,LOF,0.051131982369163526,0.016950577553243997,0.9319174400775925
26055,LOF,0.06688386015011029,0.01547633222825076,0.9176398076216389
26056,LOF,0.058015581423049384,0.01660458979457296,0.9253798287823776
26057,LOF,0.028620824724118935,0.010777419034112156,0.9606017562417688
26058,LOF,0.029365840671842443,0.009030592774813499,0.961603566553344
26059,LOF,0.28973508523625613,0.022430527833066077,0.6878343869306778
26060,LOF,0.04214771968072464,0.17137312647611302,0.7864791538431624
26061,LOF,0.017832661070874608,0.010572230880709656,0.9715951080484156
26062,LOF,0.010393499515271992,0.015503881600081293,0.9741026188846467
26063,LOF,0.01974444807695923,0.01014559738240122,0.9701099545406396
26064,LOF,0.019626852244168876,0.02291759135507995,0.9574555564007513
26065,LOF,0.025283025635287195,0.010817264146000602,0.9638997102187122
26066,LOF,0.0202150253064477,0.010218842312538268,0.9695661323810141
26067,LOF,0.02665227928581465,0.008377316834465116,0.9649704038797201
26068,LOF,0.04411655643209817,0.028380730738982295,0.9275027128289195
26069,LOF,0.2664259485749454,0.017488548909531564,0.7160855025155232
26070,LOF,0.40475719614155503,0.0146867665010125,0.5805560373574324
26071,LOF,0.019544730852217845,0.011015683453009833,0.9694395856947723
26072,LOF,0.016900148794412262,0.0173534139374152,0.9657464372681726
26073,LOF,0.019727791566456064,0.010060430666311307,0.9702117777672326
26074,Neutral,0.9130499599055325,0.005782604036551255,0.08116743605791628
26075,LOF,0.045277644865931096,0.01430147232708077,0.9404208828069881
26076,LOF,0.03889691305572993,0.008821342624679464,0.9522817443195906
26077,LOF,0.009319286726211316,0.013591231110047005,0.9770894821637417
26078,LOF,0.01447049310516438,0.009957838376819392,0.9755716685180162
26079,LOF,0.05996125761990348,0.01622142817827319,0.9238173142018233
26080,LOF,0.05899809753785525,0.016236453586493563,0.9247654488756513
26081,LOF,0.03346596555659759,0.006443316517313364,0.9600907179260891
26082,LOF,0.0123507647079003,0.014433304354307128,0.9732159309377926
26083,LOF,0.17020655573060128,0.013635126823740977,0.8161583174456578
26084,LOF,0.03899281031060891,0.010115784764605923,0.9508914049247852
26085,LOF,0.03428523954714902,0.009708688846260454,0.9560060716065905
26086,LOF,0.019042571469106557,0.009796872848879958,0.9711605556820134
26087,LOF,0.02219322482556736,0.007636951844154225,0.9701698233302783
26088,LOF,0.015155866015772373,0.020053885101457863,0.9647902488827698
26089,LOF,0.04195979480738601,0.02011435063275906,0.937925854559855
26090,LOF,0.04163881706759305,0.016344777241406778,0.9420164056910002
26091,LOF,0.030913651819119977,0.005791230586307333,0.9632951175945726
26092,LOF,0.02203697112634195,0.007452764442103923,0.9705102644315542
26093,LOF,0.03311294500959138,0.00582075344754835,0.9610663015428603
26094,LOF,0.036791815919381674,0.00547130656672614,0.9577368775138921
26095,LOF,0.03834915603760078,0.012264835049226777,0.9493860089131725
26096,LOF,0.01669491545759254,0.010728103556360627,0.9725769809860468
26097,LOF,0.012139475793195405,0.03152144812620643,0.9563390760805982
26098,LOF,0.07369949435947504,0.01072165230429264,0.9155788533362322
26099,LOF,0.019689914479098677,0.011939776726887862,0.9683703087940134
26100,LOF,0.02141087966545478,0.011724004503859738,0.9668651158306855
26101,LOF,0.04624209594863172,0.013895090499436647,0.9398628135519316
26102,LOF,0.019354023588747007,0.011484443894564916,0.9691615325166881
26103,Neutral,0.8808137516222858,0.017915364921325807,0.10127088345638835
26104,LOF,0.07644501726947513,0.02369314079004565,0.8998618419404791
26105,LOF,0.18834397809927647,0.24726301169187956,0.564393010208844
26106,LOF,0.17839025331395655,0.12649744262393048,0.6951123040621129
26107,LOF,0.2146827603052023,0.08096648789094908,0.7043507518038487
26108,LOF,0.20172541755271597,0.09284504140797877,0.7054295410393053
26109,LOF,0.08959062551712259,0.05196589251478359,0.8584434819680937
26110,LOF,0.21853211979326526,0.007966196129942609,0.7735016840767922
26111,Neutral,0.5361289031277335,0.02993411250676339,0.4339369843655031
26112,LOF,0.029433254613815487,0.007856718941376666,0.9627100264448079
26113,LOF,0.05933722955308684,0.017720082278827647,0.9229426881680856
26114,LOF,0.024265775876897037,0.026782685700476504,0.9489515384226266
26115,LOF,0.08929111446694371,0.04852096134107634,0.8621879241919799
26116,LOF,0.061188142136446196,0.055097589135164396,0.8837142687283895
26117,LOF,0.4309807263276048,0.03998908728437117,0.529030186388024
26118,LOF,0.032966314450172125,0.02482254187229888,0.9422111436775289
26119,LOF,0.024336975940523836,0.033165614678717814,0.9424974093807584
26120,LOF,0.0257253495993078,0.018882616129799457,0.9553920342708928
26121,LOF,0.044342691545738416,0.08211930092495746,0.8735380075293042
26122,LOF,0.04275652789932877,0.03381061931294163,0.9234328527877297
