feature0,prediction,LoGoFunc_Neutral,LoGoFunc_GOF,LoGoFunc_LOF
25546,Neutral,0.6206517662710078,0.05873391075675032,0.320614322972242
25547,Neutral,0.46588794417015306,0.10151501230791966,0.43259704352192724
25548,Neutral,0.4755771047337167,0.08451596951629757,0.4399069257499856
25549,LOF,0.4027950619154864,0.0861415579739835,0.5110633801105301
25550,LOF,0.35065048573684937,0.10735102915976472,0.5419984851033859
25551,LOF,0.28944337314171653,0.11438855777712682,0.5961680690811566
25552,LOF,0.2547327487802762,0.11498842586519176,0.6302788253545321
25553,Neutral,0.7971084613774356,0.04275397304915246,0.160137565573412
25554,LOF,0.2936108680479323,0.10319493359195285,0.6031941983601148
25555,LOF,0.25032702836449305,0.10062476074405823,0.6490482108914487
25556,LOF,0.41609278540261213,0.09373223209404394,0.490174982503344
25557,LOF,0.2296246380561069,0.1076912164221883,0.6626841455217048
25558,LOF,0.28537638223217654,0.10562678818222812,0.6089968295855953
25559,LOF,0.1737399064279462,0.11317602377754682,0.713084069794507
25560,LOF,0.17506623291037413,0.1012291487476328,0.7237046183419931
25561,LOF,0.15896315672921382,0.124528619394644,0.7165082238761422
25562,LOF,0.07927604839793335,0.07907308521144733,0.8416508663906194
25563,LOF,0.023600066169625483,0.13783453917085275,0.8385653946595217
25564,LOF,0.24230666627589734,0.13230319166456106,0.6253901420595416
25565,LOF,0.2045755789760912,0.15305495489955465,0.6423694661243542
25566,GOF,0.10019633975354347,0.7238670846440587,0.17593657560239778
25567,LOF,0.04063250667761505,0.1299501441475461,0.8294173491748389
25568,LOF,0.06094446093472895,0.07440971876367138,0.8646458203015998
25569,LOF,0.05700099037623468,0.07547946498584072,0.8675195446379246
25570,LOF,0.025525798410532125,0.10174318504747074,0.8727310165419971
25571,LOF,0.024190426394091358,0.10388578090141888,0.8719237927044898
25572,LOF,0.055936327621247825,0.1239606142424196,0.8201030581363326
25573,LOF,0.059375669844229984,0.09108847165287441,0.8495358585028956
25574,LOF,0.05808401400369878,0.1916960300297714,0.7502199559665299
25575,LOF,0.022647190660619904,0.11966985991501511,0.857682949424365
25576,LOF,0.029819949912761955,0.15369151647537801,0.81648853361186
25577,LOF,0.0307132041643968,0.12554603537818923,0.843740760457414
25578,LOF,0.2963042210652296,0.07894452872333015,0.6247512502114403
25579,LOF,0.12790691049580385,0.08606912900682079,0.7860239604973754
25580,LOF,0.020177354130289187,0.0830216616620037,0.8968009842077072
25581,LOF,0.05498260038198125,0.06696461778636074,0.878052781831658
25582,LOF,0.054882314816932946,0.06566983388507255,0.8794478512979945
25583,LOF,0.021943246337259453,0.08293207847034365,0.8951246751923969
25584,Neutral,0.6862065424332885,0.10534812104012028,0.20844533652659122
25585,LOF,0.026126517868893164,0.13584522332182253,0.8380282588092842
25586,LOF,0.01746446025528371,0.07504031398501539,0.9074952257597009
25587,LOF,0.017586672346236003,0.06570827826220357,0.9167050493915604
25588,LOF,0.021356038965387174,0.0731050501305737,0.9055389109040392
25589,Neutral,0.504908381025151,0.19492556804878847,0.3001660509260606
25590,LOF,0.0474967754553663,0.11680600828142956,0.8356972162632041
25591,LOF,0.09701700368642621,0.05521997387429103,0.8477630224392827
25592,LOF,0.057645001029245406,0.1372580849684592,0.8050969140022953
25593,LOF,0.15660479720915862,0.23362384389287444,0.609771358897967
25594,LOF,0.05611207272110577,0.115880941662854,0.8280069856160404
25595,LOF,0.054431781591867026,0.08259262544896379,0.8629755929591691
25596,LOF,0.11557634948466106,0.047018455001313186,0.8374051955140258
25597,LOF,0.08939621919402824,0.05769338374184071,0.852910397064131
25598,LOF,0.05278645352013284,0.08548481924103217,0.861728727238835
25599,LOF,0.02214254379637475,0.4743593976888398,0.5034980585147854
25600,GOF,0.1806660816988247,0.48807790152891717,0.33125601677225813
25601,LOF,0.04094493726826911,0.4172838372865769,0.541771225445154
25602,LOF,0.02934399469624031,0.0686633599683595,0.9019926453354002
25603,LOF,0.028285444347307127,0.03743019827255611,0.9342843573801368
25604,LOF,0.03408523461594737,0.08033198411273325,0.8855827812713193
25605,LOF,0.030964887251614365,0.20384905532213982,0.7651860574262457
25606,LOF,0.40066128070725054,0.11859767943465574,0.4807410398580938
25607,LOF,0.023834385368312557,0.18175099153878005,0.7944146230929073
25608,LOF,0.0367270101770237,0.07408844800983581,0.8891845418131404
25609,GOF,0.15633542913069462,0.5276317603500513,0.31603281051925414
25610,LOF,0.015673267625742636,0.03010176647142655,0.9542249659028309
25611,LOF,0.013396906758666016,0.03495033092580837,0.9516527623155256
25612,LOF,0.04697639374579463,0.047152441187561824,0.9058711650666436
25613,LOF,0.04488465448131748,0.04521929858574308,0.9098960469329395
25614,LOF,0.020573828599136024,0.02753458701238514,0.9518915843884788
25615,LOF,0.04175966225802307,0.04589612914278236,0.9123442085991945
25616,LOF,0.04798941352753406,0.03096590946499625,0.9210446770074697
25617,LOF,0.03971746383985439,0.04480461849493213,0.9154779176652135
25618,LOF,0.05256762961335693,0.03905556383491907,0.9083768065517239
25619,LOF,0.012811679837227767,0.03501868091149484,0.9521696392512775
25620,LOF,0.06228523135336684,0.0485225635026228,0.8891922051440104
25621,LOF,0.0521542547751051,0.035836958212896196,0.9120087870119986
25622,LOF,0.06137290930015005,0.03414746359463916,0.9044796271052109
25623,LOF,0.07196211242128749,0.030862725535653543,0.897175162043059
25624,LOF,0.017905699981542542,0.035820682587693,0.9462736174307644
25625,LOF,0.06006056142742271,0.03933562369179241,0.9006038148807849
25626,LOF,0.04839386093935338,0.04351445205048518,0.9080916870101615
25627,Neutral,0.8896053122607699,0.02061897864172939,0.08977570909750068
25628,LOF,0.13725431496276871,0.06051032213460688,0.8022353629026244
25629,LOF,0.0639689524005896,0.04978880287173891,0.8862422447276714
25630,LOF,0.2848954331114425,0.0835295650060893,0.6315750018824682
25631,Neutral,0.5488288946179144,0.06385461930731667,0.38731648607476893
25632,LOF,0.026325628293074985,0.062431610366396766,0.9112427613405283
25633,LOF,0.1858003607373987,0.03812778297902876,0.7760718562835724
25634,LOF,0.0315528062688766,0.08115411117911846,0.8872930825520049
25635,LOF,0.03369001257977034,0.04592575772725707,0.9203842296929725
25636,LOF,0.035834976379219126,0.398843106704205,0.565321916916576
25637,LOF,0.07191081671624215,0.4140925328310127,0.5139966504527451
25638,LOF,0.030223202340704566,0.3108385172655049,0.6589382803937905
25639,LOF,0.03127997501569991,0.35822084372250723,0.6104991812617929
25640,Neutral,0.7960435261987482,0.1584054079973894,0.045551065803862555
25641,GOF,0.06406918859444259,0.489173455484241,0.4467573559213164
25642,LOF,0.04533351525527878,0.16827953268044185,0.7863869520642793
25643,LOF,0.23271235764316459,0.1607508271122897,0.6065368152445457
25644,LOF,0.0214171375387342,0.4107514093035133,0.5678314531577525
25645,LOF,0.02298587598417846,0.35144850470615274,0.6255656193096689
25646,LOF,0.05480457705780465,0.2817242528255318,0.6634711701166636
25647,LOF,0.023320463894420808,0.23015539114917166,0.7465241449564075
25648,LOF,0.03228824195522086,0.2187125831787346,0.7489991748660446
25649,LOF,0.016916296304447916,0.2167442002647331,0.7663395034308189
25650,LOF,0.05294727590516834,0.3816698954420128,0.5653828286528189
25651,LOF,0.01725684174753508,0.24042716964669988,0.7423159886057651
25652,LOF,0.03480697491911245,0.22491119054688047,0.740281834534007
25653,LOF,0.07621036894820375,0.3798454388015015,0.5439441922502947
25654,LOF,0.025511762931791256,0.18538703203660042,0.7891012050316084
25655,LOF,0.2151866398990622,0.34816220330021225,0.4366511568007256
25656,LOF,0.22368860017512032,0.05407273485685135,0.7222386649680284
25657,LOF,0.059555458818657224,0.05940395590504775,0.881040585276295
25658,LOF,0.3263595966240028,0.06539790788652489,0.6082424954894722
25659,Neutral,0.5177016028931524,0.0860454712376167,0.396252925869231
25660,LOF,0.02147397906661474,0.07888320904691808,0.8996428118864671
25661,LOF,0.09305773235113148,0.05676615559852888,0.8501761120503396
25662,LOF,0.03274102243488318,0.031852485100263485,0.9354064924648533
25663,LOF,0.03974826299972908,0.045917667223888306,0.9143340697763825
25664,LOF,0.1328368821631475,0.0675546098165644,0.7996085080202882
25665,LOF,0.05266606753992409,0.031682737506244486,0.9156511949538314
25666,LOF,0.08828331467703115,0.07872926097777982,0.832987424345189
25667,LOF,0.06387552144306823,0.038978932411978175,0.8971455461449537
25668,LOF,0.03655401098925293,0.047832457080320245,0.9156135319304268
25669,LOF,0.03195614977959766,0.04922090918529873,0.9188229410351036
25670,LOF,0.14127500122350525,0.06755345482470448,0.7911715439517902
25671,LOF,0.10062670041193776,0.03354030881471494,0.8658329907733474
25672,LOF,0.04956853664460011,0.044098034906240625,0.9063334284491592
25673,LOF,0.07735227563884486,0.048904633612869196,0.8737430907482858
25674,LOF,0.06840059710218387,0.05792679617093364,0.8736726067268826
25675,LOF,0.12154066307525821,0.054310200259862954,0.8241491366648789
25676,LOF,0.0176086101484115,0.05075407760009028,0.9316373122514983
25677,LOF,0.023417101826420372,0.06636826996174218,0.9102146282118375
25678,LOF,0.17700007504983165,0.06126078165856417,0.7617391432916042
25679,LOF,0.11785728675315242,0.07931826153396326,0.8028244517128844
25680,LOF,0.032112823052060056,0.10625828687091374,0.8616288900770263
25681,LOF,0.05161123050302555,0.10122981777026431,0.8471589517267101
25682,LOF,0.1289320484508253,0.06677429292696872,0.804293658622206
25683,LOF,0.10878430778118962,0.08486157844970367,0.8063541137691068
25684,LOF,0.041024757615658866,0.06888454072675836,0.8900907016575828
25685,LOF,0.12909562745499595,0.04882645584718457,0.8220779166978195
25686,LOF,0.0771251609861845,0.08760391452246175,0.8352709244913538
25687,LOF,0.11688614229199455,0.09898580143068261,0.7841280562773227
25688,LOF,0.3085035128662213,0.04019571187180264,0.6513007752619762
25689,LOF,0.24079109471848525,0.03916910609102376,0.720039799190491
25690,LOF,0.3159458651628093,0.032689245283519595,0.6513648895536711
25691,Neutral,0.6749569758186809,0.025585168090843907,0.29945785609047515
25692,LOF,0.29708626092255913,0.012037202714041321,0.6908765363633995
25693,LOF,0.049630334246615795,0.4310632537822467,0.5193064119711375
25694,LOF,0.11800868319230691,0.014749879553765435,0.8672414372539277
25695,LOF,0.11573657747538475,0.014422166164418005,0.8698412563601972
25696,LOF,0.10751978223501969,0.00864298453113896,0.8838372332338413
25697,LOF,0.12027860363814619,0.041652828980187816,0.8380685673816659
25698,LOF,0.352858981337763,0.18534699540342156,0.46179402325881547
25699,LOF,0.435306791525626,0.03894702495479772,0.5257461835195762
25700,LOF,0.061623634244962394,0.009527371757881768,0.9288489939971557
25701,LOF,0.1532860134681276,0.05198016937440124,0.7947338171574713
25702,GOF,0.1749778573549328,0.5610992605761655,0.26392288206890163
25703,LOF,0.017889126741127914,0.1660131429299767,0.8160977303288953
25704,LOF,0.04670243943898752,0.11947814824062138,0.8338194123203913
25705,LOF,0.06464788442241788,0.19769552560969011,0.7376565899678921
25706,LOF,0.10566263242168318,0.39114312892895026,0.5031942386493665
25707,LOF,0.08498619639882869,0.3212956641551763,0.5937181394459949
25708,LOF,0.027151611219075382,0.2857489459550562,0.6870994428258683
25709,LOF,0.06282268176971759,0.0413951996995529,0.8957821185307296
25710,LOF,0.011342151926315554,0.1528398089871387,0.8358180390865457
25711,LOF,0.018320234971437928,0.09431667269789058,0.8873630923306715
25712,LOF,0.014060158647937837,0.1837318434347511,0.802207997917311
25713,LOF,0.018588401724499166,0.07749724873761701,0.9039143495378837
25714,LOF,0.06894733021424879,0.0769656550214227,0.8540870147643285
25715,LOF,0.010964614467295757,0.13818586010727424,0.8508495254254299
25716,LOF,0.014196905808135558,0.11841012396362922,0.8673929702282351
25717,LOF,0.01307839137026492,0.07902000249751248,0.9079016061322226
25718,LOF,0.012383007574549165,0.09574433824400665,0.8918726541814441
25719,LOF,0.01775441723599711,0.07756174054726987,0.9046838422167331
25720,LOF,0.022547396751818934,0.06838956227446333,0.9090630409737176
25721,LOF,0.015025213300725199,0.10412719352897545,0.8808475931702994
25722,LOF,0.014131602821604113,0.12040273273198972,0.8654656644464062
25723,LOF,0.022758960428145382,0.03978092652353186,0.9374601130483227
25724,LOF,0.023063898256175944,0.08070995100781375,0.8962261507360103
25725,LOF,0.011488118348853427,0.06532624898692156,0.9231856326642249
25726,LOF,0.015297256321870144,0.09409672409323291,0.8906060195848969
25727,LOF,0.012838157965563675,0.07413892843721424,0.9130229135972221
25728,LOF,0.009712369649628688,0.1169978593031211,0.8732897710472501
25729,LOF,0.010047971676086401,0.1132759235480242,0.8766761047758893
25730,LOF,0.01357298837649581,0.08016700814194253,0.9062600034815615
25731,LOF,0.021315845921898315,0.12006666698822373,0.8586174870898781
25732,LOF,0.01432207665840506,0.07836649832021238,0.9073114250213825
25733,LOF,0.015224589119008017,0.0717306385409516,0.9130447723400403
25734,LOF,0.012917530924600584,0.12218090497292619,0.8649015641024732
25735,LOF,0.013536373046267352,0.08435674847780898,0.9021068784759236
25736,LOF,0.014504275869354762,0.10604816599356272,0.8794475581370824
25737,LOF,0.021027111114527836,0.08780618999787408,0.8911666988875981
25738,LOF,0.011762411924826749,0.11042957292519913,0.8778080151499742
25739,LOF,0.019992195048483506,0.07689562381442903,0.9031121811370875
25740,LOF,0.02731380309550311,0.113067402700812,0.8596187942036848
25741,LOF,0.0158954586780084,0.11458419836612968,0.869520342955862
25742,LOF,0.11354770412606095,0.0829609533008338,0.8034913425731053
25743,LOF,0.02876847356490778,0.03881291047088004,0.9324186159642123
25744,Neutral,0.5617655437655746,0.18859167083974937,0.24964278539467605
25745,LOF,0.07303333011403537,0.07121111732766065,0.855755552558304
25746,LOF,0.039530742021901384,0.08762531834098947,0.8728439396371092
25747,LOF,0.021773267617158663,0.0477560579543986,0.9304706744284428
25748,LOF,0.09062120762842613,0.06991567834654047,0.8394631140250335
25749,LOF,0.026313490128528735,0.07768940549399395,0.8959971043774774
25750,LOF,0.08439013436626842,0.07742616581334243,0.8381836998203891
25751,LOF,0.08455684186590663,0.07541469884325028,0.8400284592908431
25752,GOF,0.13109294653813394,0.6386959451752295,0.2302111082866364
25753,LOF,0.01815165580847443,0.27613838547153485,0.7057099587199906
25754,GOF,0.011180093618148612,0.7829397550314767,0.20588015135037457
25755,LOF,0.022393322276390487,0.391524765591918,0.5860819121316915
25756,LOF,0.04230171812486177,0.3610984990420825,0.5965997828330557
25757,GOF,0.014409542223937229,0.8589562277865911,0.1266342299894717
25758,GOF,0.028725539424262973,0.8273643239673526,0.14391013660838453
25759,GOF,0.01095511417888431,0.5599487185564699,0.4290961672646458
25760,LOF,0.012856184357553918,0.24308418236456428,0.7440596332778819
25761,GOF,0.2808858680771583,0.6170196504807237,0.10209448144211787
25762,LOF,0.035899094403166375,0.259657390955406,0.7044435146414276
25763,LOF,0.01348182319692586,0.1891126635025002,0.797405513300574
25764,GOF,0.08165341597754734,0.6035965724547222,0.3147500115677305
25765,GOF,0.036296691632482184,0.744473979640791,0.2192293287267268
25766,GOF,0.06834267184207127,0.721303260793832,0.21035406736409681
25767,GOF,0.13076865492725,0.557381552205926,0.31184979286682396
25768,LOF,0.09845524718938171,0.06261405382008838,0.83893069899053
25769,LOF,0.06782344743776843,0.06618319303173192,0.8659933595304996
25770,LOF,0.3159055740306771,0.0856114586356073,0.5984829673337156
25771,LOF,0.04068589713415798,0.04737849940626608,0.9119356034595759
25772,LOF,0.016668892681133068,0.03627218795412398,0.9470589193647428
25773,LOF,0.047954434245716764,0.09080132716447196,0.8612442385898114
25774,LOF,0.029265019319718266,0.07139141518536822,0.8993435654949136
25775,LOF,0.05179749416193884,0.046429438073071,0.9017730677649901
25776,LOF,0.06904686438477561,0.02390541930364247,0.9070477163115819
25777,LOF,0.37570844974018075,0.05079410427256571,0.5734974459872535
25778,LOF,0.06913120132395592,0.0435882010099664,0.8872805976660777
25779,GOF,0.36678438650311074,0.5849042016142738,0.04831141188261541
25780,GOF,0.31193226789769807,0.6151821239669657,0.07288560813533627
25781,GOF,0.13349861178516534,0.7635886200226655,0.10291276819216923
25782,GOF,0.19444719637380428,0.7357490221425611,0.0698037814836346
25783,GOF,0.024056906796647633,0.6370454599412667,0.33889763326208566
25784,Neutral,0.5099473719747684,0.451384332641373,0.03866829538385861
25785,GOF,0.4513052203070141,0.513381505848937,0.035313273844048816
25786,GOF,0.026850841799514757,0.7562392687255008,0.2169098894749843
25787,Neutral,0.6258518526535707,0.3474270700445188,0.026721077301910475
25788,LOF,0.05327968434930072,0.10646247790880432,0.8402578377418949
25789,GOF,0.22095831880015543,0.6476493187150167,0.13139236248482777
25790,GOF,0.2120739237568951,0.6792687504112958,0.10865732583180918
25791,GOF,0.17807664503394682,0.6666145466863771,0.15530880827967602
25792,GOF,0.3850879323626449,0.5043534682798333,0.11055859935752185
25793,GOF,0.247735756276095,0.5487374355664033,0.2035268081575017
25794,GOF,0.31808218538650335,0.512588893007445,0.16932892160605165
25795,GOF,0.08183225951698304,0.6761536138919494,0.24201412659106752
25796,Neutral,0.5662896035255994,0.35938599658396553,0.07432439989043516
25797,GOF,0.10310438131213483,0.5458445292450617,0.35105108944280344
25798,LOF,0.009941549860081363,0.49348702757288293,0.4965714225670358
25799,LOF,0.007441407131513252,0.3629154942364374,0.6296430986320494
25800,GOF,0.03592780161016329,0.5758840622124242,0.38818813617741255
25801,GOF,0.21471050922392845,0.6542715653340635,0.131017925442008
25802,GOF,0.07403058253426888,0.6701659866553734,0.25580343081035767
25803,GOF,0.0348482199734234,0.5507977101506266,0.41435406987595
25804,LOF,0.03013082522130651,0.47137032789519756,0.498498846883496
25805,GOF,0.0945936655843792,0.5674430215252293,0.3379633128903916
25806,GOF,0.10190657970508137,0.5855679687884875,0.31252545150643124
25807,GOF,0.019117950733652734,0.607627196776122,0.3732548524902253
25808,GOF,0.08147204570254449,0.6320550941723118,0.2864728601251437
25809,GOF,0.018485140059811007,0.580790345752463,0.400724514187726
25810,GOF,0.016805143696930376,0.615265658417946,0.3679291978851236
25811,Neutral,0.4739093488461861,0.4521443696662941,0.07394628148751987
25812,GOF,0.03378918283230787,0.6347889150128048,0.33142190215488737
25813,Neutral,0.5142250822895353,0.3987608597171602,0.08701405799330451
25814,GOF,0.12248207075432721,0.646434957556848,0.2310829716888248
25815,GOF,0.19808254393485464,0.6214066015351043,0.1805108545300411
25816,GOF,0.021194086782911434,0.6932008095448614,0.28560510367222725
25817,GOF,0.23342076373438866,0.6439050836793754,0.1226741525862359
25818,GOF,0.05796026114240971,0.6435371887914251,0.2985025500661654
25819,GOF,0.3673386599030016,0.49831794392438844,0.13434339617261
25820,GOF,0.2049911266827905,0.5881873840930065,0.206821489224203
25821,GOF,0.06603280660367547,0.6697094198800008,0.26425777351632374
25822,GOF,0.22825980896979162,0.5602990594809064,0.2114411315493019
25823,GOF,0.03665311810086465,0.5358195917289095,0.42752729017022584
25824,GOF,0.10167142505439875,0.5948993284192597,0.3034292465263414
25825,GOF,0.03962814631738097,0.5947509987115558,0.36562085497106317
25826,GOF,0.01587203220134958,0.574309969271439,0.4098179985272114
25827,GOF,0.02344841860675694,0.596559340683885,0.3799922407093581
25828,GOF,0.01397723429209795,0.5322038193485019,0.4538189463594002
25829,GOF,0.006181530656690635,0.5697646981519413,0.4240537711913681
25830,LOF,0.03694507786461576,0.2956319655620587,0.6674229565733256
25831,GOF,0.2356121836294712,0.6472613185030777,0.11712649786745115
25832,GOF,0.03772632239522465,0.680618820126053,0.28165485747872226
25833,GOF,0.12946231224935906,0.7084294705060803,0.16210821724456057
25834,GOF,0.038135308005639884,0.6948581311097687,0.2670065608845915
25835,GOF,0.08693829957005106,0.7439738500966419,0.16908785033330723
25836,GOF,0.04234932463126619,0.672927940579041,0.2847227347896928
25837,GOF,0.031301269135004556,0.591960541726861,0.37673818913813456
25838,GOF,0.10285036761625133,0.7553744335723297,0.1417751988114189
25839,GOF,0.3205056074479728,0.5528163032103803,0.12667808934164693
25840,GOF,0.25745308555811663,0.6090281566380391,0.13351875780384417
25841,GOF,0.23815870565346722,0.6296172338220309,0.13222406052450195
25842,GOF,0.17846160277392534,0.699948926453781,0.12158947077229364
25843,GOF,0.2469341916181385,0.6652073535890204,0.08785845479284114
25844,GOF,0.06907725299890712,0.7056473343772781,0.22527541262381484
25845,LOF,0.01724237801148484,0.4840520416266928,0.4987055803618224
25846,GOF,0.12868372846177123,0.7328972090531064,0.1384190624851223
25847,GOF,0.11877906772767564,0.7811650747197287,0.10005585755259551
25848,GOF,0.0442147973601369,0.7003986163369025,0.2553865863029606
25849,GOF,0.012216740809183533,0.5974160127293232,0.39036724646149334
25850,GOF,0.024444390303717735,0.6435089625668384,0.3320466471294438
25851,GOF,0.019696769497534825,0.5304539943928068,0.4498492361096583
25852,GOF,0.19238943077196588,0.5467683111196452,0.26084225810838896
25853,GOF,0.34890658555446563,0.5781376538239229,0.0729557606216114
25854,GOF,0.024641693181628392,0.6315909188669854,0.3437673879513863
25855,GOF,0.03859749884413635,0.5831262259465015,0.3782762752093621
25856,GOF,0.23594993598179528,0.5588623888571749,0.20518767516102984
25857,GOF,0.039113007685003594,0.518016429410011,0.44287056290498533
25858,GOF,0.02152946638443396,0.5643588811243941,0.41411165249117193
25859,GOF,0.010227616991157911,0.5240606358614167,0.4657117471474253
25860,GOF,0.3697964697486384,0.5481608136157068,0.0820427166356548
25861,GOF,0.4300725698041294,0.4991795437844113,0.07074788641145933
25862,GOF,0.10144797251951719,0.7634191992996843,0.13513282818079841
25863,GOF,0.0922095266477955,0.7648261803412681,0.14296429301093627
25864,GOF,0.20492532665327143,0.722834055104536,0.07224061824219248
25865,GOF,0.10515435882522398,0.7867016415801305,0.10814399959464563
25866,GOF,0.06342476909641656,0.7781382403325671,0.15843699057101626
25867,GOF,0.08912274683665132,0.8103496065909234,0.10052764657242523
25868,GOF,0.282755823968521,0.6227439062060461,0.09450026982543284
25869,Neutral,0.7060666658610723,0.2541573930402008,0.03977594109872685
25870,GOF,0.29730899505844016,0.37682341179182666,0.3258675931497331
25871,GOF,0.22206044618697227,0.6247779593336801,0.1531615944793476
25872,GOF,0.08789162911503291,0.6536495672174132,0.25845880366755397
25873,GOF,0.12308850793658697,0.6720507604518964,0.2048607316115167
25874,LOF,0.015473832637047808,0.11316579067907244,0.8713603766838798
25875,LOF,0.09288877240838218,0.038821578537192404,0.8682896490544254
25876,LOF,0.03923757178025409,0.02511826266228301,0.935644165557463
25877,LOF,0.46801306291386113,0.043248367889008696,0.48873856919713027
25878,LOF,0.22397581693158575,0.07974564734349397,0.6962785357249204
25879,LOF,0.09255814476531139,0.07704998894492805,0.8303918662897606
25880,LOF,0.040063526520791065,0.014554857295293027,0.9453816161839159
25881,LOF,0.16168601799963137,0.13384038597241774,0.7044735960279509
25882,LOF,0.06239705060515877,0.015866864394592818,0.9217360850002483
25883,LOF,0.06602000025864788,0.018253059141953354,0.9157269405993987
25884,LOF,0.02928160673449669,0.029052023330719202,0.941666369934784
25885,LOF,0.05850205907774684,0.011765091302144077,0.9297328496201092
25886,LOF,0.24604582080387566,0.03860273386104372,0.7153514453350807
25887,LOF,0.15371100781970784,0.07074557625697153,0.7755434159233207
25888,LOF,0.06796907045176459,0.062267972777669545,0.8697629567705658
25889,LOF,0.03813594568003209,0.020827948697753042,0.9410361056222148
25890,LOF,0.046606001918191066,0.12969696606464706,0.8236970320171618
25891,LOF,0.03660648275340723,0.05151171114973654,0.9118818060968561
25892,LOF,0.0926478026221983,0.02536243517370388,0.8819897622040977
25893,LOF,0.24563828112970781,0.024182452564139652,0.7301792663061525
25894,LOF,0.17747513984965516,0.012546738033241822,0.809978122117103
25895,LOF,0.21099241468572308,0.023117419456270723,0.7658901658580063
25896,LOF,0.05020741460016134,0.02403652526959262,0.925756060130246
25897,LOF,0.2561901494456456,0.013639915132154928,0.7301699354221994
25898,Neutral,0.7116039903479738,0.011396032219567594,0.2769999774324586
25899,LOF,0.20787655373338484,0.022899051115014064,0.7692243951516011
25900,LOF,0.47278230913879077,0.01644209431526444,0.5107755965459448
25901,LOF,0.06204324742613925,0.01370070634036731,0.9242560462334933
25902,LOF,0.1801283529767221,0.015489248951239147,0.8043823980720387
25903,Neutral,0.5805790720623443,0.03233546703215972,0.38708546090549595
25904,LOF,0.3194854119268249,0.04971737818337231,0.6307972098898028
25905,LOF,0.024326299659038195,0.31260193917719065,0.6630717611637712
25906,LOF,0.03249048149246038,0.07323516876003142,0.8942743497475083
25907,LOF,0.014746956366826765,0.3178827111731538,0.6673703324600194
25908,LOF,0.009639149692777895,0.24140320947066554,0.7489576408365566
25909,LOF,0.012287004360240087,0.1237662688606185,0.8639467267791414
25910,LOF,0.048727583331023984,0.14125962977560821,0.8100127868933679
25911,LOF,0.17987002567352534,0.021073546280902817,0.7990564280455719
25912,LOF,0.05220774414555355,0.043906811311502515,0.9038854445429438
25913,LOF,0.3303076890565618,0.020193549593848347,0.6494987613495898
25914,LOF,0.020274219949859635,0.06836505526781497,0.9113607247823254
25915,Neutral,0.6117821490076134,0.17178230169156283,0.21643554930082373
25916,LOF,0.1067039821889259,0.22900002641332845,0.6642959913977458
25917,LOF,0.06207881558683075,0.04773967234379879,0.8901815120693705
25918,LOF,0.021884515416101744,0.04313401421197145,0.9349814703719268
25919,LOF,0.01991652846731415,0.04625340249864227,0.9338300690340436
25920,GOF,0.10051945413189806,0.5511637642014708,0.3483167816666311
25921,LOF,0.02391603983802642,0.025765406524679353,0.9503185536372943
25922,LOF,0.033983615458423856,0.020061593899320846,0.9459547906422554
25923,LOF,0.440884427684626,0.025220789609790777,0.5338947827055832
25924,LOF,0.03850141569494027,0.03667393338226468,0.9248246509227951
25925,LOF,0.06600421924239686,0.030710281811221818,0.9032854989463814
25926,LOF,0.04802391686551949,0.026347570207430594,0.9256285129270498
25927,LOF,0.0593606927619176,0.10106111292743622,0.8395781943106462
25928,LOF,0.01814428150761503,0.03752390701951977,0.9443318114728653
25929,Neutral,0.55209218061095,0.027140129171846508,0.4207676902172035
25930,LOF,0.06684452679872104,0.023801700175326703,0.9093537730259523
25931,LOF,0.024475590060481067,0.022247963545679334,0.9532764463938395
25932,LOF,0.02750201211713302,0.01958658480078956,0.9529114030820774
25933,LOF,0.03643264139398424,0.014465037133861458,0.9491023214721543
25934,LOF,0.023982839595294975,0.01562496157081385,0.9603921988338912
25935,LOF,0.060718763886192996,0.037017075602679285,0.9022641605111277
25936,LOF,0.04342897974536734,0.01830122123328614,0.9382697990213467
25937,LOF,0.02706308748012953,0.0292754130687337,0.9436614994511368
25938,LOF,0.06226507069520681,0.038973101074521045,0.8987618282302723
25939,LOF,0.038888856514303065,0.01477217813234141,0.9463389653533555
25940,LOF,0.026472729817023564,0.3974980960496425,0.5760291741333339
25941,LOF,0.17216404902590285,0.11199450367340152,0.7158414473006955
25942,LOF,0.014557192486000452,0.03572821201668338,0.9497145954973162
25943,LOF,0.3011249287599803,0.06021084357561661,0.638664227664403
25944,Neutral,0.4983184726033256,0.02297427303604409,0.4787072543606303
25945,LOF,0.07357644793021503,0.024298575332436,0.9021249767373489
25946,LOF,0.03209260643251047,0.10747628438630426,0.8604311091811854
25947,LOF,0.10848452603241558,0.21114241989982802,0.6803730540677564
25948,LOF,0.3735972624417767,0.007516354449962928,0.6188863831082604
25949,LOF,0.13299483910844043,0.038250752766257674,0.8287544081253019
25950,GOF,0.26957794910149363,0.401212318912313,0.32920973198619347
25951,LOF,0.17420666465606965,0.2713959131414129,0.5543974222025174
25952,LOF,0.045135379156638775,0.4519507814443278,0.5029138393990333
25953,LOF,0.13947477962321614,0.11300358347177102,0.7475216369050128
25954,Neutral,0.4621353666234035,0.18110252614354247,0.35676210723305385
25955,LOF,0.052496333727562725,0.08748224486370383,0.8600214214087334
25956,LOF,0.16262407517389935,0.11894405256573586,0.7184318722603649
25957,LOF,0.03998589974609505,0.030001025128296697,0.9300130751256083
25958,LOF,0.057960759822102026,0.029813254818576006,0.9122259853593219
25959,LOF,0.05880863517222781,0.3685132821593232,0.572678082668449
25960,LOF,0.016519734000413105,0.05236209932192362,0.9311181666776632
25961,LOF,0.04381916450667478,0.029762638711915673,0.9264181967814096
25962,LOF,0.05330071356052369,0.025010744102055574,0.9216885423374207
25963,LOF,0.04737982074450679,0.18550950556816465,0.7671106736873285
25964,LOF,0.03745462843944698,0.14746577729844795,0.815079594262105
25965,Neutral,0.46698233491168784,0.06683642579816482,0.46618123929014743
25966,Neutral,0.5475528847729104,0.15867468737272322,0.29377242785436636
25967,LOF,0.01720465967538968,0.09264867212872412,0.8901466681958862
25968,LOF,0.03003328197340136,0.42797868885796275,0.5419880291686359
25969,LOF,0.025040196689468643,0.06516401411444661,0.9097957891960848
25970,LOF,0.06280645959930443,0.06081367013289621,0.8763798702677994
25971,LOF,0.06583599694309583,0.01787589163089686,0.9162881114260072
25972,LOF,0.06670818483116299,0.02743524725255104,0.905856567916286
25973,LOF,0.0697262417122501,0.011067432576989224,0.9192063257107607
25974,LOF,0.21580360331633253,0.019147683386115975,0.7650487132975515
25975,LOF,0.040506441785769974,0.029260122799459984,0.9302334354147701
25976,LOF,0.04212790879050559,0.016705346242514303,0.94116674496698
25977,LOF,0.1567287275989408,0.08515180748992034,0.7581194649111389
25978,LOF,0.14094669018473416,0.061541674905525215,0.7975116349097406
25979,LOF,0.13119799520886513,0.06579398787841291,0.803008016912722
25980,LOF,0.21871094783652933,0.07422483588606664,0.707064216277404
25981,LOF,0.2495587969314149,0.07224838175172756,0.6781928213168577
25982,LOF,0.3871521983234622,0.04973258293602877,0.5631152187405091
25983,LOF,0.3807554388079559,0.05747700102901082,0.5617675601630332
25984,LOF,0.04879134036830935,0.043615534700924836,0.9075931249307658
25985,LOF,0.04056348788320571,0.2593767636100286,0.7000597485067658
25986,LOF,0.045090187196551536,0.28461034470063007,0.6702994681028184
25987,LOF,0.08112996001271432,0.05845443692603992,0.8604156030612459
25988,LOF,0.1598674045174195,0.05760660557559075,0.7825259899069898
25989,LOF,0.03365041436248032,0.11962202449339204,0.8467275611441276
25990,LOF,0.04724921289153407,0.1446372139881693,0.8081135731202966
25991,LOF,0.13396616421870008,0.3252377838413314,0.5407960519399685
25992,LOF,0.308882826913048,0.19341169007061207,0.49770548301633993
25993,LOF,0.021521191978029385,0.08177957822209406,0.8966992297998765
25994,LOF,0.016231563820336824,0.10455164588484707,0.8792167902948161
25995,LOF,0.02270617050158585,0.21865891483657623,0.7586349146618379
25996,GOF,0.2924879248904477,0.48937611046155305,0.2181359646479991
25997,LOF,0.08070748921185017,0.44324042667383784,0.47605208411431194
25998,Neutral,0.5278720538251969,0.02170639601491921,0.4504215501598838
25999,LOF,0.10796245338833285,0.10664601051768663,0.7853915360939806
26000,LOF,0.14271729834661145,0.045365062659369196,0.8119176389940193
26001,LOF,0.19616209536354695,0.049036442849847955,0.754801461786605
26002,LOF,0.13144892290286225,0.045913510999388576,0.8226375660977491
26003,GOF,0.010348554391283862,0.6026714019864733,0.38698004362224275
26004,GOF,0.01921962042156754,0.6781529546505993,0.3026274249278332
26005,LOF,0.006778072435072859,0.46219740496108763,0.5310245226038395
26006,Neutral,0.5223943583996241,0.2585626592709222,0.2190429823294537
26007,GOF,0.021359613312817955,0.5282800378439534,0.4503603488432286
26008,GOF,0.01620834787587541,0.6038027322153239,0.3799889199088007
26009,GOF,0.019276255797066495,0.6690281821838453,0.31169556201908827
26010,GOF,0.021753205600954287,0.6548780190111476,0.323368775387898
26011,LOF,0.006517176525328547,0.44305196501027194,0.5504308584643995
26012,GOF,0.01279443896731709,0.5395999532571643,0.4476056077755186
26013,GOF,0.01954003366939023,0.6170333522910705,0.36342661403953935
26014,LOF,0.04150802845787522,0.11436526093778593,0.8441267106043387
26015,LOF,0.16444280598502792,0.01584176031368603,0.8197154337012862
26016,LOF,0.2235924771089064,0.06229931424026074,0.7141082086508329
26017,LOF,0.2551040302965281,0.1007228414070911,0.6441731282963808
26018,LOF,0.09302750492210193,0.03778892205221522,0.8691835730256829
26019,LOF,0.08949698144877044,0.03081420058158551,0.879688817969644
26020,LOF,0.07647460658335875,0.12221971729926022,0.801305676117381
26021,LOF,0.04892649934067109,0.12286192728716581,0.8282115733721631
26022,LOF,0.011476306552518977,0.04349359373543698,0.9450300997120441
26023,LOF,0.07651496279354407,0.0223681821126223,0.9011168550938337
26024,LOF,0.03472049045668093,0.12404782679625234,0.8412316827470667
26025,LOF,0.16163998066581767,0.09095450524273814,0.7474055140914442
26026,LOF,0.3503588449239473,0.030537373169180076,0.6191037819068725
26027,LOF,0.07090074914348062,0.017121305892971835,0.9119779449635476
26028,LOF,0.18386971635779503,0.06354621620486403,0.7525840674373411
26029,LOF,0.07885473126511522,0.20412680659413637,0.7170184621407484
26030,LOF,0.02345638611323296,0.06084699059756667,0.9156966232892003
26031,LOF,0.026642936679592687,0.1455177848748329,0.8278392784455745
26032,LOF,0.0719023434043997,0.09761371086386067,0.8304839457317396
26033,LOF,0.08931246648569206,0.09409996919044955,0.8165875643238583
26034,LOF,0.0409194293235075,0.17302885042937213,0.7860517202471204
26035,LOF,0.02640071153729685,0.16201099601428365,0.8115882924484195
26036,LOF,0.03833136761945387,0.19016331470379777,0.7715053176767483
26037,LOF,0.021226118172291863,0.13020810478841685,0.8485657770392913
26038,LOF,0.06594073226153932,0.10056485801893345,0.8334944097195272
26039,LOF,0.04976791590562903,0.16012735101365744,0.7901047330807135
26040,LOF,0.20512724213157255,0.15415083383643058,0.6407219240319969
26041,LOF,0.022207189751984983,0.11916091695301509,0.858631893295
26042,LOF,0.019981376163819006,0.1149363442177721,0.8650822796184089
26043,LOF,0.06634155646924003,0.11794116017242379,0.8157172833583363
26044,LOF,0.01944412007748493,0.0739867760813193,0.9065691038411959
26045,LOF,0.07160536031959333,0.10486372481439554,0.8235309148660112
26046,LOF,0.05974507333547966,0.09191876207750083,0.8483361645870195
26047,LOF,0.07874805507325205,0.09809740740050933,0.8231545375262387
26048,LOF,0.04860642977633444,0.0467311850570301,0.9046623851666356
26049,Neutral,0.9681066405164158,0.008247729052492605,0.023645630431091455
26050,Neutral,0.9545647234003073,0.010672511624263695,0.0347627649754289
26051,LOF,0.056127144659841706,0.26883551168169223,0.6750373436584661
26052,LOF,0.08710168535748448,0.32889764362623336,0.5840006710162822
26053,LOF,0.05695272206742217,0.11883688005935375,0.824210397873224
26054,LOF,0.05200009434238116,0.018103197066802208,0.9298967085908166
26055,LOF,0.07206820316691841,0.015578064756798907,0.9123537320762828
26056,LOF,0.06085697566228846,0.017340159617407494,0.9218028647203039
26057,LOF,0.031076655956481784,0.012651705178487262,0.9562716388650311
26058,LOF,0.03199928682109338,0.010070178915770965,0.9579305342631356
26059,LOF,0.2916305712271036,0.021809933166192688,0.6865594956067038
26060,LOF,0.034799396107108985,0.1810570403617991,0.7841435635310919
26061,LOF,0.018289229295725986,0.009888247179676951,0.9718225235245971
26062,LOF,0.010894227552216236,0.01565751389311511,0.9734482585546687
26063,LOF,0.021352032884277228,0.012103257367891532,0.9665447097478312
26064,LOF,0.023703491882496333,0.0194703548449709,0.9568261532725327
26065,LOF,0.026330521109280042,0.011227594189941065,0.962441884700779
26066,LOF,0.021515534786535465,0.012128144147138717,0.9663563210663259
26067,LOF,0.02695385914044869,0.00894936761310349,0.9640967732464478
26068,LOF,0.04592015605050731,0.030051516416251808,0.9240283275332409
26069,LOF,0.2644783647142351,0.019334923837007658,0.7161867114487573
26070,LOF,0.3817000834836009,0.018089303358997003,0.600210613157402
26071,LOF,0.021657179835625394,0.012268105532147636,0.966074714632227
26072,LOF,0.023961572618431286,0.01429828412626335,0.9617401432553053
26073,LOF,0.021951439973499676,0.010432951108089086,0.9676156089184113
26074,Neutral,0.9014520385651145,0.005657988253240863,0.09288997318164471
26075,LOF,0.04434174707481779,0.015092810104413953,0.9405654428207683
26076,LOF,0.040143640157878316,0.009787744597404434,0.9500686152447172
26077,LOF,0.010327390120607701,0.015550259403706777,0.9741223504756855
26078,LOF,0.013700704539019913,0.010748722162390699,0.9755505732985894
26079,LOF,0.05850984597567581,0.017941750653183406,0.9235484033711407
26080,LOF,0.05770514504115882,0.01795450653870382,0.9243403484201372
26081,LOF,0.03416109625796733,0.006484784278632025,0.9593541194634005
26082,LOF,0.01372026624134447,0.015062437656222774,0.9712172961024328
26083,LOF,0.1772055065373564,0.014052194375839383,0.8087422990868043
26084,LOF,0.04400114919924618,0.01206314554850231,0.9439357052522516
26085,LOF,0.03999680530773701,0.01146092845949135,0.9485422662327716
26086,LOF,0.020737402580591917,0.011639100051807953,0.9676234973676001
26087,LOF,0.025241214278085462,0.008107904560560018,0.9666508811613546
26088,LOF,0.015808404005316155,0.021945400337999202,0.9622461956566847
26089,LOF,0.04379840217793933,0.022203918422496294,0.9339976793995644
26090,LOF,0.04334094248329253,0.017927816665288785,0.9387312408514187
26091,LOF,0.034539796426228,0.006262342570142651,0.9591978610036292
26092,LOF,0.022886718235082357,0.008116677104425589,0.9689966046604921
26093,LOF,0.03390957643408666,0.006166996718394077,0.9599234268475193
26094,LOF,0.03710101458847882,0.0062938405098712106,0.95660514490165
26095,LOF,0.04216062425418928,0.013104733789753223,0.9447346419560576
26096,LOF,0.019722406585893765,0.012680808325993354,0.9675967850881129
26097,LOF,0.0116161147819556,0.03261219278816577,0.9557716924298786
26098,LOF,0.07223569571693735,0.01084270724609852,0.9169215970369641
26099,LOF,0.022264305507847165,0.012137438717848092,0.9655982557743047
26100,LOF,0.024583141613091893,0.0119382748290295,0.9634785835578785
26101,LOF,0.05199932881128211,0.014773752039276054,0.9332269191494418
26102,LOF,0.021262935661757427,0.01318124213662595,0.9655558222016167
26103,Neutral,0.8837462395335782,0.018439720747514033,0.0978140397189077
26104,LOF,0.08143762003961931,0.024581408490541353,0.8939809714698395
26105,LOF,0.21098699403753257,0.266766705560678,0.5222463004017894
26106,LOF,0.20058632679506325,0.11182316433540809,0.6875905088695287
26107,LOF,0.20803639878033284,0.07826297978014027,0.713700621439527
26108,LOF,0.2949475197101697,0.09625158265648742,0.6088008976333429
26109,LOF,0.09290913349175697,0.05287568506657014,0.8542151814416729
26110,LOF,0.21168948409505434,0.007944733052318801,0.7803657828526269
26111,Neutral,0.5197201938738458,0.02160169156662803,0.4586781145595261
26112,LOF,0.03431389678136589,0.0075789216435062055,0.958107181575128
26113,LOF,0.07143151762985096,0.018129275099011882,0.9104392072711373
26114,LOF,0.025681294755176276,0.028603552747508903,0.945715152497315
26115,LOF,0.08828639482763366,0.05872013320327875,0.8529934719690876
26116,LOF,0.0631536905539172,0.07070331210287442,0.8661429973432083
26117,LOF,0.44610497066845245,0.039473026430491005,0.5144220029010566
26118,LOF,0.03343164902374547,0.024359392317116268,0.9422089586591382
26119,LOF,0.021353201895643843,0.033530095061734135,0.945116703042622
26120,LOF,0.02802589850024358,0.020920066309232693,0.9510540351905238
26121,LOF,0.03827381931991181,0.08588360521365787,0.8758425754664302
26122,LOF,0.04094955625627809,0.035013388934952136,0.9240370548087699
