feature0,prediction,LoGoFunc_Neutral,LoGoFunc_GOF,LoGoFunc_LOF
25546,Neutral,0.6358248960322949,0.05701187693981609,0.3071632270278892
25547,Neutral,0.47961979991493453,0.10462791224970484,0.41575228783536067
25548,Neutral,0.4874268022926741,0.08866381004588567,0.4239093876614403
25549,LOF,0.42378448460207296,0.08597065242406352,0.49024486297386355
25550,LOF,0.35010123256954295,0.11102696642719749,0.5388718010032595
25551,LOF,0.31633525553912717,0.11972220666716432,0.5639425377937085
25552,LOF,0.2723449772396497,0.11754016964056602,0.6101148531197843
25553,Neutral,0.7992181398799453,0.042148189201103664,0.15863367091895106
25554,LOF,0.3083055087962504,0.10475144896678111,0.5869430422369686
25555,LOF,0.26524186375096437,0.09957490439789408,0.6351832318511416
25556,Neutral,0.4515068232784265,0.09742558676360036,0.4510675899579732
25557,LOF,0.2521887015403959,0.10340984356065384,0.6444014548989503
25558,LOF,0.3162485390419387,0.10046206083105023,0.583289400127011
25559,LOF,0.3050339267596455,0.12587497364406083,0.5690910995962937
25560,LOF,0.19649325293734296,0.10284321318371864,0.7006635338789384
25561,LOF,0.18093763116610595,0.1166582229595315,0.7024041458743625
25562,LOF,0.078380782343197,0.0749583703645966,0.8466608472922064
25563,LOF,0.027392858997264142,0.13392121331903611,0.8386859276836998
25564,LOF,0.21555693471383758,0.10988843219974964,0.6745546330864127
25565,LOF,0.19186479034136691,0.1475794629966117,0.6605557466620213
25566,GOF,0.09585335042163699,0.698643042780432,0.20550360679793095
25567,LOF,0.04112570162829229,0.1449331043586403,0.8139411940130674
25568,LOF,0.06615940784282973,0.07499286695264687,0.8588477252045235
25569,LOF,0.062969161331779,0.07790367125211196,0.859127167416109
25570,LOF,0.02954410798136455,0.10354279302602862,0.8669130989926067
25571,LOF,0.02943740840825084,0.1053035244813401,0.8652590671104091
25572,LOF,0.06545593081058053,0.1293445131829992,0.8051995560064202
25573,LOF,0.06363601273984465,0.09682330809027806,0.8395406791698773
25574,LOF,0.06038802557974718,0.20964704719941052,0.7299649272208423
25575,LOF,0.024602746523383515,0.12079080084104506,0.8546064526355713
25576,LOF,0.0319169050480106,0.1581475964647916,0.8099354984871977
25577,LOF,0.034591775802676576,0.12729273811808942,0.838115486079234
25578,LOF,0.30994280069138935,0.0882576828270019,0.6017995164816087
25579,LOF,0.1290397873638158,0.0971183290403288,0.7738418835958555
25580,LOF,0.02206229565842767,0.08469577844769331,0.893241925893879
25581,LOF,0.05704855070502486,0.07321784389152189,0.8697336054034533
25582,LOF,0.05674700245118647,0.07123740376795389,0.8720155937808597
25583,LOF,0.023779348853965477,0.08303900765925645,0.8931816434867781
25584,Neutral,0.6793681225068919,0.11503250186268277,0.20559937563042535
25585,LOF,0.027680683373895478,0.14435605227260256,0.827963264353502
25586,LOF,0.018911506675030283,0.07295535951201969,0.90813313381295
25587,LOF,0.018537130745122032,0.06546937652074493,0.915993492734133
25588,LOF,0.021867246243734546,0.07116759924850738,0.9069651545077579
25589,Neutral,0.5213856650317855,0.1991565309046821,0.27945780406353243
25590,LOF,0.047023522515638495,0.12227717266068,0.8306993048236815
25591,LOF,0.10056262821418446,0.05894520999461115,0.8404921617912045
25592,LOF,0.05841484704190356,0.13744341150333128,0.8041417414547652
25593,LOF,0.14363444194389383,0.2476113344825864,0.6087542235735198
25594,LOF,0.05350064875900325,0.11190617836413326,0.8345931728768634
25595,LOF,0.05237362072835703,0.07949538821789615,0.8681309910537468
25596,LOF,0.10891707679671712,0.044954209453972875,0.84612871374931
25597,LOF,0.09222840000589287,0.056730168939353495,0.8510414310547536
25598,LOF,0.050812377833612,0.0857024145747564,0.8634852075916316
25599,LOF,0.02090474653849039,0.4804040323783267,0.4986912210831831
25600,GOF,0.18601717547714733,0.5166784486266106,0.29730437589624203
25601,LOF,0.04586447783526373,0.4184413558721123,0.535694166292624
25602,LOF,0.03361164262744079,0.06840261687644007,0.8979857404961192
25603,LOF,0.03203713840103835,0.03797558619368219,0.9299872754052794
25604,LOF,0.032210650047351345,0.07239241352191612,0.8953969364307325
25605,LOF,0.03452239942967507,0.1925920291181956,0.7728855714521294
25606,LOF,0.406641600316302,0.1157399719045347,0.4776184277791633
25607,LOF,0.02511228584692159,0.18551256326933505,0.7893751508837432
25608,LOF,0.02912135061777073,0.0737832576720338,0.8970953917101956
25609,GOF,0.15383750280518746,0.5361305512549026,0.31003194593990985
25610,LOF,0.018020705295259752,0.03001104377087939,0.951968250933861
25611,LOF,0.01463586602772636,0.03371814423064203,0.9516459897416316
25612,LOF,0.057659588191195967,0.04601153732094586,0.8963288744878581
25613,LOF,0.05084240971728407,0.0471620710271615,0.9019955192555543
25614,LOF,0.023808199576016695,0.028297221973204025,0.9478945784507793
25615,LOF,0.045097361253524086,0.04893020798835523,0.9059724307581206
25616,LOF,0.05393115170195656,0.030596498726772486,0.9154723495712709
25617,LOF,0.04399641125757073,0.0424221763156611,0.9135814124267682
25618,LOF,0.05414452002089894,0.037606087542602494,0.9082493924364985
25619,LOF,0.013893698185528047,0.036534900254898056,0.9495714015595739
25620,LOF,0.06680319852111875,0.04727231427691283,0.8859244872019684
25621,LOF,0.053735223232155654,0.04130853495675842,0.9049562418110859
25622,LOF,0.06432731586742668,0.03572618708367341,0.8999464970489
25623,LOF,0.07606154453725246,0.028913507305709216,0.8950249481570383
25624,LOF,0.02051264602093591,0.036824170364286514,0.9426631836147776
25625,LOF,0.06305660845198602,0.040712905426703534,0.8962304861213104
25626,LOF,0.05046941467811557,0.0445464338122109,0.9049841515096735
25627,Neutral,0.8928915700184012,0.020401453632603858,0.0867069763489948
25628,LOF,0.12936569623757302,0.05999374416072273,0.8106405596017042
25629,LOF,0.07022453089418619,0.04604871470790135,0.8837267543979125
25630,LOF,0.28523327748288607,0.07909437301007383,0.6356723495070401
25631,Neutral,0.5625229711404645,0.06534386802089628,0.3721331608386393
25632,LOF,0.02565442749215058,0.05944003999276785,0.9149055325150816
25633,LOF,0.15428718383564313,0.03734201738918418,0.8083707987751726
25634,LOF,0.031763378950327305,0.07721688100187599,0.8910197400477967
25635,LOF,0.03633766625728595,0.04216949633353007,0.9214928374091841
25636,LOF,0.036589324774482596,0.42501368661142896,0.5383969886140884
25637,LOF,0.08147589477448608,0.4491793125728521,0.4693447926526619
25638,LOF,0.03229639273826418,0.3320252997969438,0.635678307464792
25639,LOF,0.03228001217217673,0.3549835018071808,0.6127364860206426
25640,Neutral,0.8109749108692823,0.1477390911073303,0.04128599802338735
25641,GOF,0.06123067602369554,0.503090755701572,0.4356785682747324
25642,LOF,0.04476295666346751,0.17455401983496527,0.7806830235015672
25643,LOF,0.16750643478760915,0.13842398649722745,0.6940695787151635
25644,LOF,0.021141524680509154,0.43348163411451507,0.5453768412049759
25645,LOF,0.024563621311740908,0.3702124584805136,0.6052239202077454
25646,LOF,0.05818684761412156,0.2978677763421004,0.643945376043778
25647,LOF,0.026710221048878352,0.24910225232977276,0.7241875266213489
25648,LOF,0.03565084240941671,0.22676697872306234,0.7375821788675211
25649,LOF,0.01753285357318977,0.21730068852298773,0.7651664579038224
25650,LOF,0.052276462353543655,0.3925809107077127,0.5551426269387436
25651,LOF,0.017412182985291843,0.2481682635337707,0.7344195534809375
25652,LOF,0.034905030811920965,0.24263589563964236,0.7224590735484367
25653,LOF,0.09348343588467689,0.3808310129943552,0.525685551120968
25654,LOF,0.025681758576268292,0.21523481958231544,0.7590834218414162
25655,LOF,0.22638858018393265,0.3675818828786931,0.40602953693737426
25656,LOF,0.3323838434938693,0.05436275746173076,0.6132533990443999
25657,LOF,0.06633756257866197,0.05268818037569277,0.8809742570456451
25658,LOF,0.3506349332973724,0.05272574260480302,0.5966393240978246
25659,Neutral,0.5418685438223523,0.07558651107572853,0.3825449451019192
25660,LOF,0.022095277103151865,0.07986809015253324,0.8980366327443149
25661,LOF,0.10003600080923396,0.058025121039645994,0.84193887815112
25662,LOF,0.03558180249772356,0.03381479026834754,0.9306034072339288
25663,LOF,0.050917656007900575,0.04859568067641769,0.9004866633156818
25664,LOF,0.14595255222416392,0.06008154955681138,0.7939658982190247
25665,LOF,0.05270928986729515,0.031785571212860096,0.9155051389198448
25666,LOF,0.10002561217055356,0.0711222358576942,0.8288521519717521
25667,LOF,0.07795111319819885,0.0387266961124589,0.8833221906893423
25668,LOF,0.03985885169035171,0.04918555111613563,0.9109555971935127
25669,LOF,0.03645985845521551,0.05095965297015459,0.9125804885746299
25670,LOF,0.1620958069312599,0.057559323641565664,0.7803448694271744
25671,LOF,0.11816190862614018,0.03616984125956141,0.8456682501142985
25672,LOF,0.050971994553446726,0.043235515824084025,0.9057924896224693
25673,LOF,0.07426365735772493,0.048214590212944664,0.8775217524293304
25674,LOF,0.0669514803520137,0.056598068282067704,0.8764504513659185
25675,LOF,0.11870874781280476,0.053843620996818185,0.827447631190377
25676,LOF,0.019440856642294644,0.05439699636164306,0.9261621469960623
25677,LOF,0.02698930479338785,0.0719100814646441,0.9011006137419679
25678,LOF,0.20681357967272895,0.058169017938472206,0.7350174023887989
25679,LOF,0.1250194669452871,0.06954303417918364,0.8054374988755292
25680,LOF,0.03304471199222337,0.11403450810718732,0.8529207799005893
25681,LOF,0.054448649891139435,0.1114134565674683,0.8341378935413921
25682,LOF,0.15516088163783986,0.07396420552710159,0.7708749128350587
25683,LOF,0.12094858636730242,0.08218675559330088,0.7968646580393968
25684,LOF,0.0481931072109838,0.07308388158837234,0.8787230112006439
25685,LOF,0.12274449063636447,0.05263243284927395,0.8246230765143616
25686,LOF,0.07600893900456607,0.08957382613394535,0.8344172348614887
25687,LOF,0.13226521612997694,0.0904047322536292,0.7773300516163939
25688,LOF,0.3182035101100336,0.03237500412987188,0.6494214857600944
25689,LOF,0.2527114001918178,0.03587419331119985,0.7114144064969824
25690,LOF,0.33418034920872086,0.027511621997773232,0.6383080287935058
25691,Neutral,0.6915353281448704,0.02248633413553144,0.28597833771959813
25692,LOF,0.3813601418750879,0.009614654817985907,0.6090252033069262
25693,LOF,0.04587272293180448,0.4390026005209047,0.5151246765472909
25694,LOF,0.11049566963490244,0.014381933527839343,0.8751223968372582
25695,LOF,0.10926061469281122,0.014307213491754652,0.8764321718154341
25696,LOF,0.10236736007180462,0.00837491001442814,0.8892577299137673
25697,LOF,0.08283568540444722,0.030224769575199508,0.8869395450203533
25698,LOF,0.34667885439784646,0.18523719924901524,0.4680839463531382
25699,LOF,0.41112160783105955,0.03772395289099645,0.5511544392779439
25700,LOF,0.07110103895132931,0.008043085465568003,0.9208558755831027
25701,LOF,0.13924746514499609,0.05028435140742585,0.8104681834475781
25702,GOF,0.18989424633234395,0.5332733357207522,0.27683241794690394
25703,LOF,0.016131237036348032,0.16116231111742266,0.8227064518462293
25704,LOF,0.04281954998191758,0.10826502746231902,0.8489154225557635
25705,LOF,0.05479213955639648,0.15783883756282927,0.7873690228807743
25706,LOF,0.10319715173021629,0.4145987042761422,0.4822041439936415
25707,LOF,0.08486660140309156,0.33200931020268726,0.5831240883942213
25708,LOF,0.02967006965428719,0.3023141486910025,0.6680157816547103
25709,LOF,0.07248353938075142,0.04115312803469215,0.8863633325845564
25710,LOF,0.011542683404631498,0.14007808542584657,0.848379231169522
25711,LOF,0.020276272718147925,0.09462052420528436,0.8851032030765678
25712,LOF,0.014726733349598082,0.17470075361150583,0.8105725130388961
25713,LOF,0.019987809293411787,0.08081034429974389,0.8992018464068443
25714,LOF,0.07932005765761731,0.08019993685430292,0.8404800054880798
25715,LOF,0.012069924645362136,0.1445941924775027,0.8433358828771351
25716,LOF,0.01345246501142051,0.12032220518881,0.8662253297997694
25717,LOF,0.011771979564182121,0.0811424419109809,0.907085578524837
25718,LOF,0.013111956311015409,0.098902015088405,0.8879860286005795
25719,LOF,0.02010789526465714,0.08052438348820389,0.8993677212471389
25720,LOF,0.024727263616425407,0.068129099702716,0.9071436366808585
25721,LOF,0.016060350380138276,0.11728504543879707,0.8666546041810645
25722,LOF,0.015126235599304672,0.13059933852030425,0.8542744258803912
25723,LOF,0.02473227694341134,0.04117448858494649,0.9340932344716423
25724,LOF,0.03345733938236977,0.09114490785860486,0.8753977527590253
25725,LOF,0.012719192235557444,0.06826058301884493,0.9190202247455976
25726,LOF,0.01677484679673694,0.10230046393418171,0.8809246892690813
25727,LOF,0.013968705522507105,0.07218543125741336,0.9138458632200795
25728,LOF,0.010681029041488639,0.1160476318713868,0.8732713390871245
25729,LOF,0.010923225411119276,0.11321838805166798,0.8758583865372127
25730,LOF,0.014939368930572875,0.08347321793456955,0.9015874131348577
25731,LOF,0.019902814261729882,0.1177082312864032,0.862388954451867
25732,LOF,0.015672067415940127,0.08579345533552506,0.8985344772485347
25733,LOF,0.017632568707625803,0.07024543289585732,0.9121219983965169
25734,LOF,0.011725222214375495,0.11917707906616651,0.869097698719458
25735,LOF,0.014280860668971648,0.08587531132704311,0.8998438280039852
25736,LOF,0.016112379087695694,0.11057923155846561,0.8733083893538386
25737,LOF,0.012748365421230416,0.08196262292756654,0.9052890116512031
25738,LOF,0.01326434987095332,0.10797560883089066,0.878760041298156
25739,LOF,0.02255731187815309,0.07958374475579101,0.897858943366056
25740,LOF,0.028737107017695353,0.10880913276624117,0.8624537602160633
25741,LOF,0.015247094015834996,0.116734057307108,0.868018848677057
25742,LOF,0.12405939541518833,0.08198566034461684,0.7939549442401949
25743,LOF,0.03336764635176189,0.03317245106174061,0.9334599025864974
25744,Neutral,0.581806233576266,0.1799862294720889,0.23820753695164518
25745,LOF,0.0784962386144716,0.06746262143508189,0.8540411399504466
25746,LOF,0.04127998080214018,0.08533034071730382,0.873389678480556
25747,LOF,0.023288302713661797,0.049483988831610155,0.9272277084547281
25748,LOF,0.09719225183239218,0.06865702694858798,0.8341507212190199
25749,LOF,0.024517407387580185,0.07597360950812675,0.899508983104293
25750,LOF,0.08729095249974556,0.08404109482009904,0.8286679526801555
25751,LOF,0.0925606979884475,0.07182357723543902,0.8356157247761135
25752,GOF,0.105682435470585,0.6631225186041383,0.2311950459252767
25753,LOF,0.018860016479366793,0.2980337414018968,0.6831062421187364
25754,GOF,0.010559572113174116,0.7936150973262648,0.19582533056056123
25755,LOF,0.02178328713788915,0.4097964995330028,0.5684202133291081
25756,LOF,0.042725663921839845,0.39424662479706685,0.5630277112810932
25757,GOF,0.013432358855969436,0.8448656923696178,0.14170194877441256
25758,GOF,0.028137115169822802,0.8214987765372715,0.1503641082929057
25759,GOF,0.010115292651311981,0.5944172312265572,0.3954674761221308
25760,LOF,0.01127839691960605,0.26435668569527204,0.724364917385122
25761,GOF,0.252205522193535,0.6541134121829507,0.0936810656235143
25762,LOF,0.03623641573343377,0.2933742023478365,0.6703893819187298
25763,LOF,0.013168144907359755,0.21241247966641585,0.7744193754262243
25764,GOF,0.07568386493085046,0.6462552898506898,0.27806084521845964
25765,GOF,0.03820314716428976,0.7671983266954843,0.19459852614022588
25766,GOF,0.06450466574102301,0.7558490267553281,0.17964630750364888
25767,GOF,0.14109358952447335,0.58162064445473,0.2772857660207966
25768,LOF,0.11040490158945271,0.07824042438392495,0.8113546740266223
25769,LOF,0.0603196330667946,0.06219743021169592,0.8774829367215093
25770,LOF,0.32787237446890843,0.08986451073764604,0.5822631147934455
25771,LOF,0.03839162119847966,0.04705172673261419,0.9145566520689061
25772,LOF,0.018512845073523087,0.03699759341739848,0.9444895615090785
25773,LOF,0.04865052867196537,0.09196281305192923,0.8593866582761054
25774,LOF,0.02859052109094776,0.06811650468495214,0.9032929742241
25775,LOF,0.04916944751069125,0.04539241752802854,0.9054381349612802
25776,LOF,0.08145569752324759,0.024708187000932965,0.8938361154758194
25777,LOF,0.358848188329117,0.04901433092800285,0.5921374807428801
25778,LOF,0.0736121788409555,0.045857832938766795,0.8805299882202777
25779,GOF,0.38640831459518843,0.5708618796615029,0.04272980574330869
25780,GOF,0.3080978108626165,0.6193490066691496,0.07255318246823399
25781,GOF,0.14584390918191628,0.7508337316607151,0.10332235915736859
25782,GOF,0.23517501970457638,0.692696396346397,0.07212858394902658
25783,GOF,0.02372267597804341,0.6107226773580762,0.36555464666388054
25784,Neutral,0.5304502650046702,0.433129984968074,0.03641975002725573
25785,GOF,0.468256850466153,0.4958067289955578,0.035936420538289146
25786,GOF,0.02832187066905574,0.7617932513352514,0.20988487799569264
25787,Neutral,0.642865027994577,0.33062160236385435,0.02651336964156863
25788,LOF,0.05467496325170809,0.10653901848881343,0.8387860182594785
25789,GOF,0.24317891948637266,0.6303298560803064,0.1264912244333209
25790,GOF,0.2439964056611933,0.6601297346729204,0.09587385966588638
25791,GOF,0.18080986087030118,0.6596489379215812,0.15954120120811757
25792,GOF,0.38033760366755903,0.5058339181116516,0.11382847822078947
25793,GOF,0.24427112969006326,0.5547626384082592,0.20096623190167753
25794,GOF,0.30728388652442695,0.5044985998512106,0.18821751362436248
25795,GOF,0.09562841923042055,0.6743039437578787,0.23006763701170074
25796,Neutral,0.5746698776755913,0.3431064837067657,0.08222363861764291
25797,GOF,0.09475774609326364,0.5290542440512506,0.3761880098554857
25798,LOF,0.009149015012303766,0.4796343470397647,0.5112166379479316
25799,LOF,0.0070946077757976156,0.3558334565291512,0.6370719356950512
25800,GOF,0.03266280495469302,0.5612358071791836,0.40610138786612326
25801,GOF,0.2141385455155096,0.6483021225974442,0.1375593318870462
25802,GOF,0.08343922458042302,0.6661924545772928,0.25036832084228405
25803,GOF,0.03734669049947011,0.5596266831895542,0.40302662631097574
25804,LOF,0.03161004409742433,0.4552081891897532,0.5131817667128225
25805,GOF,0.10456085989751046,0.5772650051981346,0.31817413490435487
25806,GOF,0.10527346036570201,0.5708883918644511,0.32383814776984676
25807,GOF,0.021512291060489398,0.6119291922207457,0.36655851671876477
25808,GOF,0.0873788098507749,0.6221173875967454,0.2905038025524797
25809,GOF,0.019183953613446467,0.558622300977914,0.42219374540863963
25810,GOF,0.01786819020845694,0.602324258339435,0.3798075514521079
25811,Neutral,0.470971195389591,0.45539940398814727,0.07362940062226193
25812,GOF,0.03485590576940487,0.6328888718176549,0.3322552224129404
25813,Neutral,0.5008337737872872,0.398539202630645,0.1006270235820677
25814,GOF,0.12717035895971648,0.6330267029447374,0.23980293809554604
25815,GOF,0.20612925526449152,0.6221354396855963,0.17173530504991216
25816,GOF,0.02216685558845027,0.7143141182430113,0.26351902616853834
25817,GOF,0.2552750770845968,0.6191624836094345,0.12556243930596878
25818,GOF,0.056118121393754584,0.64264693958306,0.3012349390231855
25819,GOF,0.37408785582081744,0.49422599786818777,0.13168614631099473
25820,GOF,0.1837634713298841,0.6120338300181905,0.20420269865192547
25821,GOF,0.05987230845504557,0.6694359095939156,0.27069178195103893
25822,GOF,0.20819924292828854,0.5757035954319057,0.21609716163980572
25823,GOF,0.03553296308222264,0.5149024986889845,0.44956453822879283
25824,GOF,0.08979111930664792,0.5826643628497009,0.3275445178436512
25825,GOF,0.03746390254345328,0.579000860401537,0.3835352370550097
25826,GOF,0.014430553832433959,0.5507935484614125,0.4347758977061536
25827,GOF,0.025840002022237827,0.578143974543723,0.3960160234340392
25828,GOF,0.014978441229287565,0.5176889005045612,0.4673326582661513
25829,GOF,0.006505460290188153,0.5772292694418428,0.4162652702679689
25830,LOF,0.03305740688558312,0.29687520383951943,0.6700673892748975
25831,GOF,0.24817159737175376,0.642870293534315,0.10895810909393124
25832,GOF,0.036382490223325265,0.6901100790326093,0.27350743074406536
25833,GOF,0.12851177799235372,0.7082416757686277,0.1632465462390186
25834,GOF,0.0406833842317716,0.6904035783502595,0.26891303741796896
25835,GOF,0.08704947715311445,0.7384031001217816,0.174547422725104
25836,GOF,0.041835054663260304,0.6678355399871093,0.29032940534963025
25837,GOF,0.02810772236449061,0.569375350399263,0.40251692723624644
25838,GOF,0.09484863599002957,0.7528508782831861,0.15230048572678453
25839,GOF,0.3260124510155515,0.5458553255638132,0.1281322234206353
25840,GOF,0.25822849611060583,0.6077286934603182,0.13404281042907604
25841,GOF,0.2354397006319647,0.6392700550785037,0.1252902442895316
25842,GOF,0.1944816238814859,0.6858159175666879,0.11970245855182611
25843,GOF,0.27051150040616223,0.642193041453865,0.08729545813997279
25844,GOF,0.06996839634668273,0.7060371227668626,0.22399448088645457
25845,LOF,0.01759269129219218,0.4670081431683037,0.5153991655395042
25846,GOF,0.13983715149649312,0.7244844361752414,0.1356784123282655
25847,GOF,0.13163002378626346,0.7597838173356555,0.10858615887808112
25848,GOF,0.04218292396847242,0.7055848459702094,0.2522322300613182
25849,GOF,0.012529965929309194,0.5842556688425934,0.4032143652280974
25850,GOF,0.023695568600068058,0.6358708932560394,0.3404335381438926
25851,GOF,0.019302802009235655,0.5170270761992987,0.46367012179146566
25852,GOF,0.18164812513782622,0.5456354497580126,0.2727164251041612
25853,GOF,0.3773435144903462,0.5505755843268185,0.07208090118283522
25854,GOF,0.026123962278024583,0.6131068848009609,0.36076915292101447
25855,GOF,0.042266850914962066,0.5412229357650343,0.4165102133200036
25856,GOF,0.2557085570913794,0.5282454966376764,0.21604594627094414
25857,GOF,0.04110836855921333,0.4851118557509379,0.47377977568984886
25858,GOF,0.019533150989635737,0.5223465896883487,0.4581202593220156
25859,LOF,0.010246259774937658,0.4824307987987199,0.5073229414263424
25860,GOF,0.36537423518284795,0.5405420482871883,0.0940837165299637
25861,GOF,0.4539780856035947,0.4835795733650825,0.06244234103132275
25862,GOF,0.09431838633397574,0.7637182346669409,0.1419633789990833
25863,GOF,0.09214039104364233,0.761045100456997,0.14681450849936062
25864,GOF,0.23353528578439306,0.6929209877798106,0.07354372643579629
25865,GOF,0.10555107198531907,0.7774997775112841,0.11694915050339685
25866,GOF,0.07050617679753882,0.7630756396273568,0.16641818357510432
25867,GOF,0.09814651902908753,0.7910024575206747,0.11085102345023778
25868,GOF,0.27281983299772566,0.6270602891824804,0.10011987781979398
25869,Neutral,0.7135504355447484,0.24792763853426017,0.038521925920991386
25870,GOF,0.2885085946423938,0.36723440363434684,0.34425700172325924
25871,GOF,0.25826074599697235,0.5972861407694412,0.1444531132335864
25872,GOF,0.08142404743702551,0.6607785693899486,0.257797383173026
25873,GOF,0.12430804925585115,0.6803081065161486,0.1953838442280004
25874,LOF,0.016916377155546742,0.11883774351177355,0.8642458793326797
25875,LOF,0.1030789792890468,0.03880416414779263,0.8581168565631606
25876,LOF,0.03659746609643364,0.029556894633956537,0.9338456392696097
25877,Neutral,0.5086126045608725,0.043742787730724604,0.44764460770840286
25878,LOF,0.21668685687151423,0.08377174533173645,0.6995413977967493
25879,LOF,0.10348756154809527,0.08348262020097455,0.8130298182509301
25880,LOF,0.024453833159498672,0.014578230980783684,0.9609679358597175
25881,LOF,0.1836497865539292,0.1110161006711581,0.7053341127749126
25882,LOF,0.06306068673442,0.017418065944298903,0.9195212473212812
25883,LOF,0.07758644346446114,0.021252458239509647,0.9011610982960292
25884,LOF,0.03217341358587804,0.03095495284081018,0.9368716335733117
25885,LOF,0.06523233650144356,0.012876128333102923,0.9218915351654535
25886,LOF,0.24705272412259058,0.03888427096677035,0.714063004910639
25887,LOF,0.17262904790413167,0.06331842051677447,0.7640525315790938
25888,LOF,0.07213118415491299,0.053199816773042634,0.8746689990720444
25889,LOF,0.04135178839170714,0.022916298239444143,0.9357319133688489
25890,LOF,0.0491507348535563,0.14696816488721312,0.8038811002592307
25891,LOF,0.04008433654964332,0.06007802050606358,0.899837642944293
25892,LOF,0.09373076160224812,0.021997443496954566,0.8842717949007972
25893,LOF,0.2558406313524104,0.020697011429625784,0.7234623572179638
25894,LOF,0.17538051140530797,0.011318784152388036,0.813300704442304
25895,LOF,0.2064700783962138,0.020931395934865142,0.772598525668921
25896,LOF,0.04892652615452926,0.0230423490983496,0.9280311247471211
25897,LOF,0.2908728358423642,0.012190290921838218,0.6969368732357977
25898,Neutral,0.7295790919999957,0.009742762418875839,0.26067814558112856
25899,LOF,0.21215069406806986,0.023296025820992803,0.7645532801109374
25900,LOF,0.46823615557371756,0.01578057250097067,0.5159832719253118
25901,LOF,0.04896684178692387,0.013058115790756752,0.9379750424223193
25902,LOF,0.16856715772353922,0.015282252358994861,0.8161505899174658
25903,Neutral,0.6097899114830433,0.03161432032716354,0.35859576818979316
25904,LOF,0.28753169873920376,0.048211069995279396,0.664257231265517
25905,LOF,0.02351442393628252,0.34293172306347663,0.6335538530002408
25906,LOF,0.028088409328061986,0.08074692295685762,0.8911646677150804
25907,LOF,0.013884015838653414,0.3569396071387706,0.6291763770225761
25908,LOF,0.00986909686713919,0.27407604923432033,0.7160548538985405
25909,LOF,0.01343160631829977,0.13305107819269893,0.8535173154890012
25910,LOF,0.04807262016681943,0.13623094739114722,0.8156964324420333
25911,LOF,0.17535641853255876,0.01936430982398739,0.8052792716434538
25912,LOF,0.04436267926921885,0.04134835266416708,0.9142889680666141
25913,LOF,0.3250603506062786,0.017451176919147486,0.6574884724745739
25914,LOF,0.020906027753083027,0.061774684680168904,0.9173192875667481
25915,Neutral,0.5770199181815607,0.1765610035828204,0.24641907823561884
25916,LOF,0.09389914816698802,0.21938267301447129,0.6867181788185407
25917,LOF,0.06377467402972806,0.04610882526325537,0.8901165007070165
25918,LOF,0.02582195834796744,0.03878460209806224,0.9353934395539704
25919,LOF,0.021892887529022985,0.04265185981801292,0.935455252652964
25920,GOF,0.10428208853801803,0.5552309641708809,0.34048694729110107
25921,LOF,0.023957941037173698,0.028255746517474114,0.9477863124453523
25922,LOF,0.03425224265562341,0.021546466147226207,0.9442012911971505
25923,LOF,0.44826855449206754,0.023052283585104964,0.5286791619228275
25924,LOF,0.03658192371356192,0.03435937753212135,0.9290586987543167
25925,LOF,0.06919473309923255,0.030158129064488774,0.9006471378362786
25926,LOF,0.05131885306418043,0.024113263007042886,0.9245678839287766
25927,LOF,0.06011494462103105,0.10401584637675926,0.8358692090022097
25928,LOF,0.018774546805060764,0.03890631630641679,0.9423191368885223
25929,Neutral,0.5606744818377205,0.025028384645178127,0.4142971335171014
25930,LOF,0.0536619514731247,0.021517590232384576,0.9248204582944907
25931,LOF,0.02476194796962708,0.02214703079177378,0.9530910212385992
25932,LOF,0.02887897888566037,0.018607125596651133,0.9525138955176885
25933,LOF,0.039478609846978166,0.014219227849227366,0.9463021623037945
25934,LOF,0.026399981563927664,0.016346564038625305,0.9572534543974471
25935,LOF,0.06321237980518227,0.03691212684065426,0.8998754933541635
25936,LOF,0.048965098411463986,0.01800036763014079,0.9330345339583952
25937,LOF,0.026834058578968405,0.02973428898849845,0.9434316524325331
25938,LOF,0.06507590098965679,0.03795565460236118,0.8969684444079821
25939,LOF,0.04486569272825321,0.014020379066676419,0.9411139282050704
25940,LOF,0.027436895664028526,0.39082947868459667,0.5817336256513748
25941,LOF,0.17076140581335944,0.11315780120596704,0.7160807929806736
25942,LOF,0.013897842178632564,0.03855410380819322,0.9475480540131742
25943,LOF,0.29512094750797335,0.06084834593782447,0.6440307065542022
25944,Neutral,0.49061003969404215,0.025018606827010195,0.48437135347894783
25945,LOF,0.0656887031804182,0.023447465684647655,0.9108638311349341
25946,LOF,0.03021972462026919,0.09307443218203709,0.8767058431976938
25947,LOF,0.1056722078204883,0.2335361662744063,0.6607916259051054
25948,LOF,0.43184089132836856,0.006684552164152647,0.5614745565074788
25949,LOF,0.11143131906130932,0.03140670032566488,0.8571619806130258
25950,GOF,0.3084781927040789,0.3605674869655088,0.3309543203304123
25951,LOF,0.21628783815860728,0.23407781166102146,0.5496343501803712
25952,LOF,0.04497647378939587,0.4213364799145795,0.5336870462960246
25953,LOF,0.15585971099130208,0.09983082013748205,0.7443094688712159
25954,Neutral,0.4369948546294915,0.17166276325070354,0.391342382119805
25955,LOF,0.059299487050239505,0.08173489237529027,0.8589656205744703
25956,LOF,0.16444179392633054,0.1071388328167905,0.728419373256879
25957,LOF,0.036112028717159864,0.028214075044014877,0.9356738962388252
25958,LOF,0.059052998714511085,0.02932384256081588,0.911623158724673
25959,LOF,0.06365632002388118,0.35631101352678307,0.5800326664493357
25960,LOF,0.015938750517488002,0.05027817737387943,0.9337830721086324
25961,LOF,0.04843711491014865,0.030605436957143493,0.920957448132708
25962,LOF,0.05396924047046428,0.029847221526330733,0.9161835380032048
25963,LOF,0.045989783060031424,0.20216178670915416,0.7518484302308145
25964,LOF,0.03828093400390369,0.14514660837649962,0.8165724576195966
25965,LOF,0.45821811188731193,0.07353260731046904,0.46824928080221906
25966,Neutral,0.5251082987901433,0.15653310637063395,0.3183585948392228
25967,LOF,0.01632655477230837,0.10128653083985992,0.8823869143878317
25968,LOF,0.030520990926705596,0.42573720636374374,0.5437418027095507
25969,LOF,0.024277410376734403,0.06551237228735268,0.910210217335913
25970,LOF,0.06289552307637752,0.06374276952136908,0.8733617074022533
25971,LOF,0.072165506667514,0.018839643357554555,0.9089948499749315
25972,LOF,0.0714812563271224,0.026785716910261707,0.9017330267626159
25973,LOF,0.06865628375772179,0.01022650379026948,0.9211172124520087
25974,LOF,0.21799958586381607,0.017032191622682474,0.7649682225135014
25975,LOF,0.04160193542714751,0.029657189172862985,0.9287408753999895
25976,LOF,0.042498261465935216,0.01716441112899726,0.9403373274050675
25977,LOF,0.14399052764118583,0.08354172671075917,0.772467745648055
25978,LOF,0.13138998203221205,0.057564638631669364,0.8110453793361185
25979,LOF,0.12403973800781404,0.059685139494786266,0.8162751224973996
25980,LOF,0.19275871365793484,0.07580357394064202,0.7314377124014231
25981,LOF,0.22105319614161278,0.07431047486969264,0.7046363289886947
25982,LOF,0.3809232104187481,0.05160216949355729,0.5674746200876946
25983,LOF,0.36644008667951083,0.061099873974188805,0.5724600393463004
25984,LOF,0.05295795547200941,0.04485168935828352,0.902190355169707
25985,LOF,0.03588324550098212,0.2558267293373195,0.7082900251616984
25986,LOF,0.04605670502713953,0.27656326780613427,0.6773800271667262
25987,LOF,0.07638692085596134,0.06018099039218664,0.863432088751852
25988,LOF,0.13846367172785176,0.04841490821981198,0.8131214200523363
25989,LOF,0.029225193412307733,0.08951369189201056,0.8812611146956818
25990,LOF,0.03985220309730638,0.10918162980048772,0.8509661671022059
25991,LOF,0.10916100522207248,0.3171950233708321,0.5736439714070953
25992,LOF,0.2737105012261154,0.1822104322565304,0.5440790665173542
25993,LOF,0.023924121479095634,0.0739235818447574,0.9021522966761469
25994,LOF,0.017540481890888197,0.10793337503366018,0.8745261430754515
25995,LOF,0.02421874498975718,0.22867992641339838,0.7471013285968444
25996,GOF,0.2755434229707659,0.47370390192553197,0.250752675103702
25997,LOF,0.07051649603552931,0.4623033349158413,0.46718016904862925
25998,Neutral,0.5210228934546624,0.023827704684079007,0.4551494018612586
25999,LOF,0.10750387882281708,0.09108612925323259,0.8014099919239502
26000,LOF,0.16289079677686458,0.04855143206727736,0.788557771155858
26001,LOF,0.20427300510394117,0.04502466697967971,0.750702327916379
26002,LOF,0.14168587719490552,0.04672940943729382,0.8115847133678007
26003,GOF,0.010880659613243759,0.5809434450654465,0.4081758953213099
26004,GOF,0.021641033954972102,0.6802813649703614,0.2980776010746665
26005,LOF,0.0076224328825907845,0.46350346149507055,0.5288741056223387
26006,Neutral,0.523750510217286,0.25881429685357266,0.2174351929291414
26007,GOF,0.020947746226052555,0.5279487114553026,0.4511035423186449
26008,GOF,0.016913611226987507,0.6418387019929531,0.34124768678005946
26009,GOF,0.022825140678196663,0.7005674613457826,0.27660739797602063
26010,GOF,0.024376483259822647,0.6643183128182507,0.3113052039219266
26011,LOF,0.006511723046495424,0.4473134100871357,0.5461748668663688
26012,GOF,0.012957929281394453,0.5680001361784207,0.4190419345401848
26013,GOF,0.020181820745775784,0.6279064953185227,0.3519116839357015
26014,LOF,0.0416648009631588,0.10277032494604252,0.8555648740907986
26015,LOF,0.2012890109570549,0.009184621286956712,0.7895263677559884
26016,LOF,0.2111458626002083,0.05051065175406805,0.7383434856457236
26017,LOF,0.2708851555455924,0.08834273690327332,0.6407721075511342
26018,LOF,0.08574599189607263,0.02969069402525962,0.8845633140786677
26019,LOF,0.08129889951304328,0.02370917561039956,0.8949919248765572
26020,LOF,0.07499936395350107,0.10471024086418244,0.8202903951823165
26021,LOF,0.051400179327652964,0.10252950079646997,0.8460703198758771
26022,LOF,0.011232838383228552,0.037295437649239656,0.9514717239675319
26023,LOF,0.0972801355843785,0.020287444799727578,0.8824324196158939
26024,LOF,0.03480642014061879,0.10677355253999547,0.8584200273193857
26025,LOF,0.16546868794801114,0.07479388785272256,0.7597374241992663
26026,LOF,0.31828280923312946,0.024013562522142446,0.6577036282447282
26027,LOF,0.07667128548846816,0.015609660209262988,0.9077190543022688
26028,LOF,0.17510715261247398,0.06561908796390763,0.7592737594236184
26029,LOF,0.07873640636176515,0.20682156539886729,0.7144420282393675
26030,LOF,0.02340218620304925,0.05928627216837371,0.917311541628577
26031,LOF,0.02749336849991354,0.1525329914439614,0.819973640056125
26032,LOF,0.06276979909611738,0.07031554767757732,0.8669146532263052
26033,LOF,0.11499405928215721,0.08883822528589556,0.7961677154319473
26034,LOF,0.04470325817464113,0.17558460521855468,0.7797121366068043
26035,LOF,0.02700213986491541,0.16753410724679005,0.8054637528882945
26036,LOF,0.03951629200032689,0.1900490330595787,0.7704346749400945
26037,LOF,0.022478561770151027,0.13456586622825795,0.842955572001591
26038,LOF,0.05816361402654494,0.07320433481056825,0.8686320511628868
26039,LOF,0.053622205604195526,0.1653064982999909,0.7810712960958135
26040,LOF,0.18465032644722754,0.15203107317806666,0.6633186003747058
26041,LOF,0.022804566861343342,0.12362456520349224,0.8535708679351643
26042,LOF,0.021322031822931662,0.11688274230579851,0.8617952258712698
26043,LOF,0.05872308954644349,0.08564539944740608,0.8556315110061504
26044,LOF,0.019702062780513306,0.07607281075154272,0.904225126467944
26045,LOF,0.07227991868276523,0.11055618114557655,0.8171639001716582
26046,LOF,0.059542369719411146,0.0860295392850982,0.8544280909954908
26047,LOF,0.07959127196786409,0.0910188214503524,0.8293899065817835
26048,LOF,0.050673837130050546,0.045497793723188296,0.9038283691467611
26049,Neutral,0.9627008480803624,0.00855845365445359,0.028740698265183957
26050,Neutral,0.9489676294492136,0.010754221068406962,0.040278149482379386
26051,LOF,0.060041604999705435,0.25196742963439095,0.6879909653659035
26052,LOF,0.06673170742342628,0.3107892715654691,0.6224790210111045
26053,LOF,0.06223374447667127,0.12080665526655016,0.8169596002567785
26054,LOF,0.050751122559790744,0.015459247346228859,0.9337896300939803
26055,LOF,0.071338690948382,0.013642235276962204,0.9150190737746557
26056,LOF,0.06024286932447767,0.01523184597803126,0.9245252846974912
26057,LOF,0.027748397590101358,0.011806767482767213,0.9604448349271314
26058,LOF,0.028230191235743173,0.009810882110803571,0.9619589266534532
26059,LOF,0.29155808117845283,0.020991599304181364,0.6874503195173658
26060,LOF,0.037491636159308436,0.17647240363150518,0.7860359602091864
26061,LOF,0.01833465971163582,0.010853375191467247,0.9708119650968969
26062,LOF,0.010114885475310779,0.016849879435736615,0.9730352350889525
26063,LOF,0.022523204447336687,0.012252752272052162,0.9652240432806111
26064,LOF,0.021304134970834235,0.023856418321550457,0.9548394467076154
26065,LOF,0.023607629504573003,0.010376039403639938,0.9660163310917871
26066,LOF,0.021080190683509966,0.011338913087402262,0.9675808962290878
26067,LOF,0.028499133088693743,0.009178683181445157,0.9623221837298612
26068,LOF,0.04335306811690263,0.025784711487944142,0.9308622203951532
26069,LOF,0.24746472858840507,0.01726791104313202,0.735267360368463
26070,LOF,0.3856499802949199,0.014362688619562934,0.5999873310855172
26071,LOF,0.02297878644087383,0.012145504854151353,0.964875708704975
26072,LOF,0.019825836061812735,0.015761428226302058,0.9644127357118852
26073,LOF,0.023549065815727632,0.010563286125764066,0.9658876480585084
26074,Neutral,0.9071586450190429,0.0056116686041111355,0.08722968637684606
26075,LOF,0.04340822074205605,0.014257429493213854,0.9423343497647302
26076,LOF,0.04546476824503631,0.009336259363391431,0.9451989723915722
26077,LOF,0.00946982017369827,0.017034179758869634,0.973496000067432
26078,LOF,0.012812467724320811,0.012149977982039827,0.9750375542936393
26079,LOF,0.058498729696008805,0.0155125739287485,0.9259886963752428
26080,LOF,0.057209134384598695,0.015540428740790617,0.9272504368746107
26081,LOF,0.03795605048937206,0.006519150351481576,0.9555247991591463
26082,LOF,0.013896385651490747,0.016126289286633656,0.9699773250618755
26083,LOF,0.12695898478582057,0.01263289592697538,0.8604081192872041
26084,LOF,0.028886737568455282,0.011753523809181496,0.9593597386223632
26085,LOF,0.024220678022032163,0.01122852268827875,0.964550799289689
26086,LOF,0.02315541704659799,0.011899697072236188,0.9649448858811658
26087,LOF,0.02886121623089377,0.00818870221515242,0.9629500815539539
26088,LOF,0.015234159854156288,0.02365128992721394,0.9611145502186299
26089,LOF,0.04205628995168404,0.020765351301085186,0.9371783587472307
26090,LOF,0.04186727165176962,0.016665415798572208,0.9414673125496581
26091,LOF,0.03996139052371726,0.006164401319178234,0.9538742081571044
26092,LOF,0.025742892893423595,0.007972022112733306,0.9662850849938431
26093,LOF,0.03888832631595179,0.0061736461030599266,0.9549380275809883
26094,LOF,0.042434144937973345,0.0065643372940045385,0.951001517768022
26095,LOF,0.043949236235041426,0.013069237176694594,0.942981526588264
26096,LOF,0.018101900831687348,0.013399454278597855,0.9684986448897148
26097,LOF,0.011225299537016323,0.03385417028227662,0.9549205301807071
26098,LOF,0.07058559508050392,0.009842236555328641,0.9195721683641674
26099,LOF,0.024260305121436003,0.01187679265778252,0.9638629022207814
26100,LOF,0.026824866735654512,0.011683848374851436,0.9614912848894941
26101,LOF,0.05623098823128341,0.014833630001772416,0.9289353817669442
26102,LOF,0.02450450972694537,0.013298008682655403,0.9621974815903992
26103,Neutral,0.8833451144729494,0.017319099010623475,0.09933578651642702
26104,LOF,0.07791141793438833,0.021134555985960427,0.9009540260796511
26105,LOF,0.21492281828299056,0.2908361507574747,0.4942410309595347
26106,LOF,0.1962747082083213,0.11364580293587567,0.6900794888558031
26107,LOF,0.2093886973821403,0.08306009713325638,0.7075512054846034
26108,LOF,0.27733127365619653,0.10837538640851904,0.6142933399352843
26109,LOF,0.10932741652734057,0.05619492312498379,0.8344776603476756
26110,LOF,0.2927875740544214,0.008207129631957712,0.699005296313621
26111,LOF,0.4789019355863109,0.024457339473604317,0.4966407249400849
26112,LOF,0.036325977284702736,0.00827177135213893,0.9554022513631585
26113,LOF,0.061688462971911634,0.01888930479307355,0.919422232235015
26114,LOF,0.026511840115626004,0.025182087828349572,0.9483060720560244
26115,LOF,0.08758032111851219,0.05456771225187465,0.8578519666296132
26116,LOF,0.059373405902268646,0.05383962146629543,0.8867869726314359
26117,LOF,0.4374337076896854,0.042167991442463644,0.520398300867851
26118,LOF,0.03552543711459111,0.0266805670502165,0.9377939958351923
26119,LOF,0.02108860729633159,0.0349205942069009,0.9439907984967675
26120,LOF,0.030052280370760312,0.023234284667252927,0.9467134349619867
26121,LOF,0.03490167382836103,0.08139041726763609,0.883707908904003
26122,LOF,0.03734274439434288,0.039757168239866233,0.9229000873657909
