feature0,prediction,LoGoFunc_Neutral,LoGoFunc_GOF,LoGoFunc_LOF
25546,Neutral,0.6270747070324799,0.05245653401996173,0.32046875894755844
25547,Neutral,0.5095882249563741,0.08738471433182946,0.4030270607117964
25548,Neutral,0.49569170771651194,0.07424386434448234,0.4300644279390056
25549,LOF,0.42951482352480924,0.07845479008813756,0.4920303863870531
25550,LOF,0.3531795388382124,0.10646318397004165,0.540357277191746
25551,LOF,0.2966959461695944,0.12363135631761778,0.5796726975127878
25552,LOF,0.27066617037697827,0.12286558121719383,0.6064682484058279
25553,Neutral,0.7940745920873086,0.046000210461771225,0.15992519745092018
25554,LOF,0.31157682040627543,0.11088452475551075,0.5775386548382138
25555,LOF,0.2698275608210538,0.10228866494661193,0.6278837742323342
25556,Neutral,0.4536940413759927,0.0935707109519516,0.4527352476720557
25557,LOF,0.267366874339832,0.10976666428624256,0.6228664613739254
25558,LOF,0.31933307662102556,0.10435763300256137,0.5763092903764131
25559,LOF,0.24408593551684535,0.15374415605929076,0.6021699084238639
25560,LOF,0.13147072874209956,0.1163538827279907,0.7521753885299097
25561,LOF,0.1365363886111296,0.14947641364998548,0.7139871977388849
25562,LOF,0.0521774631810513,0.08841717077840669,0.8594053660405421
25563,LOF,0.015647468690648758,0.1285836025480351,0.8557689287613162
25564,LOF,0.12759835585786233,0.10322365357376043,0.7691779905683772
25565,LOF,0.20992944406396438,0.1327775504941378,0.6572930054418978
25566,GOF,0.07005057203008866,0.6520255389945164,0.27792388897539494
25567,LOF,0.04041911359035477,0.18125317035171848,0.7783277160579267
25568,LOF,0.05940922701663576,0.10305966236705605,0.8375311106163082
25569,LOF,0.06137954970661971,0.09263404142874479,0.8459864088646356
25570,LOF,0.029014869645373382,0.13634117958210842,0.8346439507725183
25571,LOF,0.028095643951917677,0.14300549940900573,0.8288988566390766
25572,LOF,0.06611937058195186,0.15994757597986117,0.7739330534381871
25573,LOF,0.06440451760505522,0.12276359147680564,0.8128318909181391
25574,LOF,0.06052183904994746,0.2458270698318611,0.6936510911181915
25575,LOF,0.02471590874907377,0.14980651651004212,0.8254775747408841
25576,LOF,0.030133104248602886,0.19947721961655165,0.7703896761348454
25577,LOF,0.033922650632146355,0.14411337518357328,0.8219639741842802
25578,LOF,0.28319240133711143,0.12273790246221963,0.5940696962006689
25579,LOF,0.17883852989262866,0.1185049799313209,0.7026564901760504
25580,LOF,0.02120841740987945,0.10227690123913603,0.8765146813509845
25581,LOF,0.05080216266662968,0.09834574484087337,0.8508520924924969
25582,LOF,0.05077309042047941,0.09477789473450907,0.8544490148450115
25583,LOF,0.023691258702851714,0.11371925005903806,0.8625894912381101
25584,Neutral,0.680490787232557,0.1481522981505151,0.1713569146169279
25585,LOF,0.02196790910509216,0.1807314031483473,0.7973006877465606
25586,LOF,0.017393080408008056,0.09884837941235401,0.883758540179638
25587,LOF,0.01754443370763276,0.08799962836039808,0.8944559379319691
25588,LOF,0.020607260083228884,0.10343181259849848,0.8759609273182726
25589,Neutral,0.5146461302150441,0.2747543904586437,0.21059947932631234
25590,LOF,0.047521296804313426,0.15704018346309664,0.7954385197325899
25591,LOF,0.08540543167869817,0.08398311553143434,0.8306114527898675
25592,LOF,0.05653390929617845,0.20382338513416157,0.73964270556966
25593,LOF,0.12281949432933437,0.35972626476779845,0.5174542409028672
25594,LOF,0.04793844824424436,0.10036310938987444,0.8516984423658812
25595,LOF,0.04794392144410167,0.0669464169722593,0.8851096615836391
25596,LOF,0.10016238615225471,0.035142649836674235,0.864694964011071
25597,LOF,0.07791091814875872,0.043608180390969906,0.8784809014602714
25598,LOF,0.04957382682074038,0.0693309748503566,0.881095198328903
25599,LOF,0.02550785669756162,0.4195786242692253,0.5549135190332132
25600,GOF,0.20627401331165035,0.4033115471662036,0.39041443952214605
25601,LOF,0.04382667919045289,0.3286939397265973,0.6274793810829498
25602,LOF,0.03347635527119943,0.06713250587897891,0.8993911388498216
25603,LOF,0.037849295210462694,0.04559966298885883,0.9165510418006786
25604,LOF,0.03969886420073535,0.08287086308482705,0.8774302727144375
25605,LOF,0.035905760515726505,0.18406034225093196,0.7800338972333416
25606,LOF,0.4126417214524676,0.13961617488858852,0.4477421036589438
25607,LOF,0.02687324155445687,0.17779446393891754,0.7953322945066257
25608,LOF,0.038655401900997984,0.1051353241420543,0.8562092739569478
25609,GOF,0.11569693293928066,0.558800254744141,0.32550281231657835
25610,LOF,0.01515392959889768,0.047055015900715216,0.9377910545003872
25611,LOF,0.013159736509253622,0.049145569577404444,0.9376946939133418
25612,LOF,0.046520417197733505,0.07015984871343986,0.8833197340888266
25613,LOF,0.043393532715556515,0.0652664069131557,0.8913400603712878
25614,LOF,0.02065095626237264,0.04267659938004351,0.9366724443575838
25615,LOF,0.04326114641928846,0.06488959391123113,0.8918492596694804
25616,LOF,0.04447896463108603,0.04790328179353838,0.9076177535753757
25617,LOF,0.03855512311503618,0.054961907347389115,0.9064829695375747
25618,LOF,0.042037998326001594,0.06493108388792257,0.8930309177860759
25619,LOF,0.01235934370662309,0.05510255571248481,0.9325381005808921
25620,LOF,0.052789932877529214,0.06366390812782526,0.8835461589946455
25621,LOF,0.05756767726266006,0.062287532410326064,0.8801447903270139
25622,LOF,0.06205340629839156,0.0707893556151855,0.867157238086423
25623,LOF,0.06187639684843347,0.05405253237540629,0.8840710707761603
25624,LOF,0.01682563097920586,0.05783197105483149,0.9253423979659626
25625,LOF,0.05639276637608989,0.06369776602132364,0.8799094676025865
25626,LOF,0.04408987912237343,0.060907584241899945,0.8950025366357267
25627,Neutral,0.885153398461084,0.021850841397911314,0.09299576014100479
25628,LOF,0.15267653173113374,0.06075368797630555,0.7865697802925606
25629,LOF,0.06214614063132247,0.04899896094934698,0.8888548984193305
25630,LOF,0.2518143939998137,0.0673558561075629,0.6808297498926235
25631,Neutral,0.5647527275365516,0.06418015263745075,0.3710671198259977
25632,LOF,0.024936923356007966,0.07932458258001573,0.8957384940639763
25633,LOF,0.2086803706090086,0.041881516881537115,0.7494381125094542
25634,LOF,0.0347186349055056,0.09577330315161584,0.8695080619428784
25635,LOF,0.03240606192993803,0.04153693689613847,0.9260570011739235
25636,LOF,0.03954879489977666,0.4598870644893137,0.5005641406109096
25637,GOF,0.06491132093577875,0.5240103334301944,0.41107834563402673
25638,LOF,0.029527325246816685,0.4013739787857786,0.5690986959674047
25639,LOF,0.03309107927831244,0.44343139877105286,0.5234775219506347
25640,Neutral,0.8493336372825954,0.09838529809544658,0.05228106462195799
25641,LOF,0.08479771103874523,0.43323283302105675,0.48196945594019797
25642,LOF,0.07295649414016857,0.1588766494629645,0.7681668563968669
25643,LOF,0.23172838578915483,0.13129651386466984,0.6369751003461754
25644,GOF,0.013025803190560717,0.5210996251111004,0.46587457169833885
25645,LOF,0.017559942880083196,0.4686307969975115,0.5138092601224054
25646,LOF,0.04333946709616269,0.3344693812008048,0.6221911517030325
25647,LOF,0.01747464902654416,0.25864578227779556,0.7238795686956603
25648,LOF,0.020022708547713687,0.28571171253167355,0.6942655789206128
25649,LOF,0.012147182404346915,0.22707683527903377,0.7607759823166192
25650,LOF,0.032739437275902984,0.43575267942949225,0.5315078832946049
25651,LOF,0.012899969774033845,0.2712653621081101,0.7158346681178561
25652,LOF,0.022927590786705462,0.27416674523125684,0.7029056639820376
25653,LOF,0.0521070363252861,0.4376742184029799,0.510218745271734
25654,LOF,0.014096254651755048,0.20710877481326528,0.7787949705349796
25655,GOF,0.1603188402730551,0.4681058630040526,0.37157529672289236
25656,LOF,0.33930889095466765,0.09245268244230753,0.5682384266030248
25657,LOF,0.053577951203849755,0.09820620145802908,0.8482158473381213
25658,LOF,0.2938810854056668,0.1078923090600798,0.5982266055342534
25659,Neutral,0.4424325621163781,0.1254749494546509,0.432092488428971
25660,LOF,0.022644546265721596,0.09897465176304676,0.8783808019712317
25661,LOF,0.09233946102691433,0.06289658477530827,0.8447639541977773
25662,LOF,0.034533463670989084,0.0350638159069152,0.9304027204220958
25663,LOF,0.04181260002533369,0.0467806091841321,0.9114067907905342
25664,LOF,0.13265073186037243,0.06964040027045186,0.7977088678691757
25665,LOF,0.06269804930307002,0.02910283338170033,0.9081991173152295
25666,LOF,0.09700248681956715,0.0638641938120422,0.8391333193683908
25667,LOF,0.07597135506343673,0.04212372350159343,0.8819049214349699
25668,LOF,0.03739631056543563,0.05022092794513262,0.9123827614894318
25669,LOF,0.031455850930538216,0.045275741030742854,0.9232684080387189
25670,LOF,0.1459181131890301,0.06292958538248906,0.7911523014284808
25671,LOF,0.11838061256008452,0.037202494704792095,0.8444168927351233
25672,LOF,0.055837276233790374,0.042198146288828994,0.9019645774773806
25673,LOF,0.08196518865553705,0.051623122758048534,0.8664116885864144
25674,LOF,0.07328265204299876,0.06345755986198293,0.8632597880950182
25675,LOF,0.11006504094380327,0.07070037257625648,0.8192345864799402
25676,LOF,0.019424821215712887,0.05633424459347781,0.9242409341908093
25677,LOF,0.024879641406368707,0.06668062100251967,0.9084397375911115
25678,LOF,0.20887910192613338,0.0769171048392268,0.7142037932346399
25679,LOF,0.12535098767419356,0.08636674221815678,0.7882822701076497
25680,LOF,0.03234182617321967,0.11280458103582149,0.8548535927909588
25681,LOF,0.04771307080326841,0.10457189578366072,0.8477150334130709
25682,LOF,0.14045237389974566,0.07797116016106066,0.7815764659391937
25683,LOF,0.11614775085307728,0.0984202746014809,0.7854319745454418
25684,LOF,0.03999124103484617,0.07187288903171428,0.8881358699334396
25685,LOF,0.1306979664188182,0.07164467554684625,0.7976573580343355
25686,LOF,0.07815015021638744,0.10585365495269826,0.8159961948309142
25687,LOF,0.11802961429718657,0.10511647723689005,0.7768539084659234
25688,LOF,0.40745570809068016,0.04313091705461685,0.549413374854703
25689,LOF,0.26384315334234454,0.055155152425212364,0.6810016942324432
25690,LOF,0.31222749229731145,0.04210007368642706,0.6456724340162615
25691,Neutral,0.7038856037352691,0.035589542651205626,0.26052485361352523
25692,LOF,0.35697174725578007,0.012466321182229683,0.6305619315619903
25693,LOF,0.04145847860323031,0.4163503223753806,0.542191199021389
25694,LOF,0.12862001972639503,0.01717674178412173,0.8542032384894832
25695,LOF,0.12626221842145266,0.015282629146532029,0.8584551524320154
25696,LOF,0.13390045785408877,0.009442391518840562,0.8566571506270707
25697,LOF,0.0934980127935078,0.050678301621535755,0.8558236855849565
25698,LOF,0.3299297827037377,0.16546227845368794,0.5046079388425744
25699,Neutral,0.5381618015364815,0.04656588923166356,0.41527230923185493
25700,LOF,0.07778106380373621,0.010818489987419348,0.9114004462088444
25701,LOF,0.17389342351129083,0.050092707697488366,0.7760138687912208
25702,GOF,0.1732873598163988,0.5872620746466652,0.23945056553693594
25703,LOF,0.016555088368918818,0.1338198218159471,0.8496250898151342
25704,LOF,0.03895813687830587,0.0948794807133726,0.8661623824083216
25705,LOF,0.0504844786791,0.13329242183943943,0.8162230994814607
25706,LOF,0.13283753835207385,0.42748016440403014,0.43968229724389596
25707,LOF,0.08833745860485821,0.36316730671377284,0.548495234681369
25708,LOF,0.041822830350225604,0.3308111086648446,0.6273660609849299
25709,LOF,0.0673200578751256,0.04078889528280824,0.8918910468420661
25710,LOF,0.013481364995716864,0.132622441324467,0.8538961936798162
25711,LOF,0.022072759572561062,0.07384461206124388,0.904082628366195
25712,LOF,0.015632058274058783,0.16965002093838316,0.814717920787558
25713,LOF,0.019563026831486627,0.07539322215849267,0.9050437510100208
25714,LOF,0.07894500434578337,0.06935656927183237,0.8516984263823842
25715,LOF,0.011888957416607698,0.11791152084454083,0.8701995217388515
25716,LOF,0.011636120747458437,0.10537094563577187,0.8829929336167697
25717,LOF,0.01486033704163651,0.06610836499794434,0.9190312979604192
25718,LOF,0.011837282954614033,0.08085347603943747,0.9073092410059486
25719,LOF,0.020123013174834836,0.07122751216989395,0.9086494746552711
25720,LOF,0.0251632675057047,0.06308666346127409,0.9117500690330212
25721,LOF,0.013410756910332812,0.10460703606437849,0.8819822070252886
25722,LOF,0.013941936368786462,0.10835611578302926,0.8777019478481842
25723,LOF,0.02391320266229323,0.0433100790830767,0.93277671825463
25724,LOF,0.032733819129397844,0.07402699886532864,0.8932391820052735
25725,LOF,0.01187763078054747,0.07008499351244753,0.918037375707005
25726,LOF,0.016842162822328224,0.10402328248748104,0.8791345546901909
25727,LOF,0.012598625526936188,0.07599666589278782,0.9114047085802759
25728,LOF,0.010178301108209907,0.09999446385742736,0.8898272350343627
25729,LOF,0.010607120381391215,0.09618397661199189,0.8932089030066168
25730,LOF,0.013807749621161169,0.08332583884751744,0.9028664115313214
25731,LOF,0.02090730831320969,0.0889831669093092,0.8901095247774812
25732,LOF,0.013784511879011654,0.0708274656982472,0.9153880224227411
25733,LOF,0.01562568551598368,0.06721521995613232,0.917159094527884
25734,LOF,0.011654558393828139,0.11885353578440327,0.8694919058217686
25735,LOF,0.01177265695456288,0.07529867176966372,0.9129286712757734
25736,LOF,0.012982421745208039,0.09229566653685514,0.8947219117179369
25737,LOF,0.012144321939795352,0.07285424601105932,0.9150014320491453
25738,LOF,0.011926863550354936,0.09601382349207288,0.8920593129575722
25739,LOF,0.021567845082423057,0.07067468842448577,0.9077574664930912
25740,LOF,0.02936607489108461,0.11058495130664736,0.8600489738022681
25741,LOF,0.015271793766139897,0.10582026799057748,0.8789079382432827
25742,LOF,0.1262659928976423,0.07016735969742895,0.8035666474049287
25743,LOF,0.03493107640582797,0.0635163281978396,0.9015525953963324
25744,Neutral,0.5783942155196143,0.24518008036464908,0.1764257041157366
25745,LOF,0.06688469148878406,0.09657970911070826,0.8365355994005077
25746,LOF,0.03966357621751133,0.133006296511412,0.8273301272710766
25747,LOF,0.018811530177976297,0.08704460556277568,0.894143864259248
25748,LOF,0.10759117651384156,0.1390665970090413,0.7533422264771172
25749,LOF,0.025174141613371136,0.11276679874758788,0.862059059639041
25750,LOF,0.0721177115566049,0.11303078121081145,0.8148515072325837
25751,LOF,0.08206059785966455,0.1516115138214221,0.7663278883189133
25752,GOF,0.10720192573781022,0.6466072322775447,0.2461908419846451
25753,LOF,0.02606235341839585,0.2811004759742167,0.6928371706073874
25754,GOF,0.015031172820504311,0.8035729492193718,0.18139587796012382
25755,LOF,0.028927608710866328,0.3910063259504572,0.5800660653386766
25756,LOF,0.05081933259731488,0.3532585950480663,0.5959220723546189
25757,GOF,0.019578081935334248,0.8520395271157516,0.12838239094891424
25758,GOF,0.034312624217663706,0.7806274297771619,0.1850599460051743
25759,GOF,0.012702285219522134,0.5812036335497328,0.406094081230745
25760,LOF,0.015659623464603693,0.2798324143069053,0.704507962228491
25761,GOF,0.29208278793690157,0.6186895258413233,0.08922768622177511
25762,LOF,0.048887269556920646,0.26268505175029405,0.6884276786927853
25763,LOF,0.016546623928267244,0.20926765293575775,0.7741857231359751
25764,GOF,0.08822734790136828,0.6180489601471095,0.2937236919515223
25765,GOF,0.04071891084622444,0.7313302839468697,0.22795080520690572
25766,GOF,0.0705990001413469,0.7534299180377868,0.1759710818208664
25767,GOF,0.15170646155600823,0.5593337995088263,0.2889597389351654
25768,LOF,0.1074344659798814,0.05588601924622025,0.8366795147738983
25769,LOF,0.053304016346547585,0.07002730211238054,0.8766686815410719
25770,LOF,0.3111835381188126,0.11556955878339714,0.5732469030977903
25771,LOF,0.04616707329338627,0.059836478715534235,0.8939964479910795
25772,LOF,0.018705290254986212,0.05383789044292243,0.9274568193020913
25773,LOF,0.051264963592188864,0.10256566395035173,0.8461693724574593
25774,LOF,0.02947174856701405,0.09384068749390961,0.8766875639390763
25775,LOF,0.052711516983254596,0.06061955790420695,0.8866689251125385
25776,LOF,0.07368531397508347,0.0322514879866561,0.8940631980382605
25777,LOF,0.354580169489382,0.0810621085794902,0.5643577219311279
25778,LOF,0.0733581505524455,0.05399136007150875,0.8726504893760457
25779,GOF,0.37270150190430457,0.5779271432742914,0.049371354821404104
25780,GOF,0.355341018294062,0.5691818994491461,0.07547708225679187
25781,GOF,0.13837514649391516,0.7585203734501633,0.10310448005592163
25782,GOF,0.20317575359172654,0.7058013415654462,0.09102290484282732
25783,GOF,0.023088916394870686,0.6447558497740379,0.33215523383109147
25784,Neutral,0.5036202132564412,0.4530957462621601,0.043284040481398695
25785,Neutral,0.5114224780833797,0.4522926205045677,0.03628490141205262
25786,GOF,0.03405803568254939,0.7677746999931799,0.19816726432427068
25787,Neutral,0.6748299305466599,0.3009265787812291,0.02424349067211103
25788,LOF,0.05920099040878463,0.09587216655219472,0.8449268430390205
25789,GOF,0.2300269176298902,0.6252058315732185,0.14476725079689123
25790,GOF,0.2353546963777737,0.6672733733186839,0.09737193030354244
25791,GOF,0.14827323701220418,0.6893483406375784,0.16237842235021732
25792,GOF,0.36431616038106235,0.5139876913123331,0.12169614830660458
25793,GOF,0.2926023171509893,0.4947878543174007,0.21260982853161003
25794,GOF,0.3186788979775397,0.4967347965181205,0.18458630550433988
25795,GOF,0.0816318666558583,0.6645294528121869,0.25383868053195485
25796,Neutral,0.5564490437250641,0.3540831780662446,0.08946777820869133
25797,GOF,0.09509120380635352,0.5413259574731806,0.3635828387204659
25798,GOF,0.008627259771876731,0.5262278929120268,0.4651448473160965
25799,LOF,0.007435957034148567,0.4359157187080221,0.5566483242578294
25800,GOF,0.03656920891750632,0.6121467671409743,0.35128402394151936
25801,GOF,0.2403207138611879,0.6557337413034691,0.10394554483534314
25802,GOF,0.06802048878831789,0.70374011696406,0.22823939424762202
25803,GOF,0.039217098645667706,0.5778739709753381,0.38290893037899415
25804,GOF,0.040031879860842154,0.5129778781090745,0.4469902420300833
25805,GOF,0.11699695413537109,0.576999184366941,0.3060038614976879
25806,GOF,0.13101347524158782,0.5813721283929654,0.2876143963654468
25807,GOF,0.02120047963638776,0.5964259880807626,0.3823735322828497
25808,GOF,0.1042907393572058,0.5989985563110375,0.2967107043317568
25809,GOF,0.020487795907125635,0.6090264004518231,0.3704858036410512
25810,GOF,0.021154250217197655,0.608512685627576,0.3703330641552262
25811,Neutral,0.4681685312627017,0.4567708886476266,0.07506058008967176
25812,GOF,0.037896563493479786,0.6178282861387322,0.344275150367788
25813,Neutral,0.535036119310112,0.3549907077194898,0.10997317297039821
25814,GOF,0.13059599740117797,0.651743572931132,0.21766042966769
25815,GOF,0.19582691133418728,0.6087017816999071,0.1954713069659057
25816,GOF,0.022248127459060477,0.6570170467611193,0.3207348257798202
25817,GOF,0.23236229727209967,0.6251937986115755,0.14244390411632477
25818,GOF,0.049620285869252205,0.5854973278898846,0.36488238624086317
25819,GOF,0.37709128688578947,0.44759229034565806,0.1753164227685525
25820,GOF,0.174739238674305,0.5898235925305738,0.23543716879512108
25821,GOF,0.055993406920347655,0.6510009314781295,0.2930056616015229
25822,GOF,0.23893177810938537,0.5018576229136161,0.2592105989769985
25823,LOF,0.03275981888433837,0.480382716377217,0.4868574647384446
25824,GOF,0.07568344764584838,0.5218144961497606,0.402502056204391
25825,GOF,0.029917581048740243,0.5211429629550459,0.4489394559962139
25826,GOF,0.011504701249793399,0.5086733121936039,0.47982198655660274
25827,GOF,0.020694951436377503,0.5765172060626765,0.402787842500946
25828,GOF,0.013597353651227441,0.4982517344117668,0.4881509119370058
25829,GOF,0.006631058986438229,0.5585088465294334,0.4348600944841284
25830,LOF,0.039071950683414985,0.2505227644923743,0.7104052848242107
25831,GOF,0.17977979311118872,0.6832107373034911,0.1370094695853202
25832,GOF,0.03343766109310522,0.6791225349384028,0.287439803968492
25833,GOF,0.13044283069774776,0.6765507369226639,0.1930064323795885
25834,GOF,0.03678279918946792,0.6700762077042144,0.2931409931063176
25835,GOF,0.08624306945072954,0.695595254337948,0.21816167621132246
25836,GOF,0.04801147885312339,0.6432216277407975,0.30876689340607905
25837,GOF,0.022925861739909695,0.5270818230804828,0.4499923151796075
25838,GOF,0.07992656738527895,0.7282730107729863,0.19180042184173463
25839,GOF,0.2620875432809542,0.5825141366109673,0.1553983201080784
25840,GOF,0.22483631781953578,0.6074702594891844,0.16769342269127982
25841,GOF,0.21666416648823264,0.6104356629192934,0.172900170592474
25842,GOF,0.17858582876194745,0.6653129979318473,0.15610117330620518
25843,GOF,0.2244060733484312,0.6622775564794797,0.11331637017208909
25844,GOF,0.058876052606573616,0.6593431139710723,0.2817808334223541
25845,GOF,0.013961659776407724,0.5093153625444321,0.47672297767916005
25846,GOF,0.10351255457921603,0.7128673839646997,0.18362006145608425
25847,GOF,0.10822753617782992,0.7637546442261471,0.12801781959602312
25848,GOF,0.03528496926261191,0.6812944874766302,0.2834205432607579
25849,GOF,0.010371880800805445,0.563437748287443,0.4261903709117515
25850,GOF,0.022136320294658816,0.6469705018463351,0.3308931778590061
25851,GOF,0.016579039347910603,0.5523051777641375,0.43111578288795194
25852,GOF,0.17046129349582365,0.5723095530620375,0.2572291534421389
25853,GOF,0.35930122492438343,0.5586780971279525,0.08202067794766416
25854,GOF,0.020444094261141965,0.6150844283484326,0.3644714773904255
25855,GOF,0.03635383209532972,0.5850236610396288,0.3786225068650415
25856,GOF,0.22682457862374153,0.5497735346404746,0.22340188673578387
25857,GOF,0.036407815678342864,0.5051730581576487,0.4584191261640085
25858,GOF,0.0178107178077754,0.5569578854081378,0.4252313967840868
25859,GOF,0.010800168933879346,0.5490970198293315,0.4401028112367891
25860,GOF,0.3768076103735259,0.5459193029413738,0.07727308668510033
25861,GOF,0.40528668124816214,0.5162617379880675,0.0784515807637704
25862,GOF,0.09773273280421993,0.7494904196908707,0.15277684750490936
25863,GOF,0.1067370860295174,0.7460638676919779,0.14719904627850464
25864,GOF,0.2131776071839833,0.701860430440978,0.08496196237503859
25865,GOF,0.0840942463452487,0.7957037226444267,0.12020203101032459
25866,GOF,0.06646579083907453,0.7881168557672553,0.14541735339367015
25867,GOF,0.09777846643626038,0.8001493969380857,0.10207213662565397
25868,GOF,0.26910392918329773,0.6352364021992293,0.09565966861747306
25869,Neutral,0.6948926144855841,0.26357425316766875,0.04153313234674702
25870,LOF,0.28112137417514904,0.3038778850183417,0.4150007408065093
25871,GOF,0.23115380254757892,0.5943455549706451,0.17450064248177596
25872,GOF,0.10085371289702308,0.5970582051407126,0.30208808196226433
25873,GOF,0.17513049797567504,0.5950577659934193,0.2298117360309057
25874,LOF,0.019101596567431045,0.11003533664965477,0.8708630667829143
25875,LOF,0.11086085423219218,0.03736024112677813,0.8517789046410296
25876,LOF,0.03939441730489281,0.042081168325804184,0.918524414369303
25877,Neutral,0.5355450810609311,0.03651255133622101,0.42794236760284793
25878,LOF,0.255016297997926,0.06896458312388389,0.6760191188781901
25879,LOF,0.10101014408031626,0.06995124994446665,0.8290386059752171
25880,LOF,0.023953599497543297,0.021820023651001358,0.9542263768514554
25881,LOF,0.1920391732471018,0.09560175490856503,0.7123590718443332
25882,LOF,0.07304416381647434,0.013998892909253342,0.9129569432742722
25883,LOF,0.08630176911983062,0.01604808767970182,0.8976501432004675
25884,LOF,0.038625389222106066,0.02800581387850065,0.9333687968993932
25885,LOF,0.07590102384529214,0.010192498704434928,0.9139064774502729
25886,LOF,0.33630760266802945,0.029266293294372976,0.6344261040375977
25887,LOF,0.17888023541029358,0.05567495315217961,0.7654448114375267
25888,LOF,0.07260338442397317,0.049031717202938516,0.8783648983730883
25889,LOF,0.05075326399097907,0.0178070280154453,0.9314397079935756
25890,LOF,0.049315407995120006,0.1314864058000713,0.8191981862048088
25891,LOF,0.038396319972294556,0.04833728291507871,0.9132663971126267
25892,LOF,0.10261239664584157,0.019722005013481026,0.8776655983406773
25893,LOF,0.27655953608462225,0.01567258776982945,0.7077678761455484
25894,LOF,0.18899343842067548,0.00920474603399732,0.8018018155453273
25895,LOF,0.214071517651603,0.018171220197094863,0.7677572621513022
25896,LOF,0.046751518292405425,0.019398247717901364,0.9338502339896931
25897,LOF,0.25400477853782194,0.012288385092047117,0.7337068363701309
25898,Neutral,0.720433334927104,0.009296294546136168,0.2702703705267598
25899,LOF,0.2462969066117616,0.02360860189514478,0.7300944914930936
25900,LOF,0.46518903040555143,0.015861874422446173,0.5189490951720024
25901,LOF,0.05410825452039321,0.010449463908383298,0.9354422815712234
25902,LOF,0.18878113726900325,0.010107338524092438,0.8011115242069043
25903,Neutral,0.5270422792556863,0.027472349509228035,0.4454853712350857
25904,LOF,0.28796123899755327,0.04400213423113829,0.6680366267713085
25905,LOF,0.023337256639800154,0.31912588415433923,0.6575368592058606
25906,LOF,0.02566068663882392,0.06760600877627525,0.9067333045849008
25907,LOF,0.014711937581142899,0.3307117280533566,0.6545763343655004
25908,LOF,0.011109711443701277,0.22424574090829355,0.7646445476480053
25909,LOF,0.013528382059876701,0.12605438032296246,0.8604172376171609
25910,LOF,0.047076166980351886,0.12405323913972047,0.8288705938799276
25911,LOF,0.15005242352503334,0.03055610693947606,0.8193914695354907
25912,LOF,0.04284805414192005,0.04592675184841903,0.911225194009661
25913,LOF,0.3115220895271434,0.02378204738856113,0.6646958630842955
25914,LOF,0.020045913106587748,0.1293504525491694,0.8506036343442429
25915,GOF,0.3848260932669785,0.39669915124886956,0.21847475548415188
25916,LOF,0.06260465127865601,0.42054707533385133,0.5168482733874926
25917,LOF,0.06180672233306711,0.08174040362101742,0.8564528740459155
25918,LOF,0.03047935469472431,0.08249805331516666,0.887022591990109
25919,LOF,0.023596855711622296,0.08634906406415935,0.8900540802242184
25920,GOF,0.09830905276793152,0.551331337915377,0.3503596093166914
25921,LOF,0.025257115729128764,0.0236689339856435,0.9510739502852278
25922,LOF,0.035294682329790945,0.01651794546261047,0.9481873722075986
25923,LOF,0.4155944669950912,0.02262299059481153,0.5617825424100972
25924,LOF,0.03773940442429638,0.033393641065533705,0.92886695451017
25925,LOF,0.06485672659431753,0.02841164407349918,0.9067316293321832
25926,LOF,0.04850747403252323,0.02128590660026908,0.9302066193672076
25927,LOF,0.07404749574368008,0.07461980074715377,0.8513327035091661
25928,LOF,0.020952130653512927,0.03381558773592513,0.9452322816105619
25929,Neutral,0.5504079580130256,0.025013320954442298,0.4245787210325321
25930,LOF,0.05814983689045362,0.019494383987503583,0.9223557791220429
25931,LOF,0.030681887658209273,0.019802686266358838,0.9495154260754318
25932,LOF,0.02850712568214748,0.019323484250544046,0.9521693900673085
25933,LOF,0.04037529675182437,0.013091463299100383,0.9465332399490753
25934,LOF,0.025512606497038112,0.015399137257035152,0.9590882562459269
25935,LOF,0.061740733029673,0.033302381771704054,0.9049568851986229
25936,LOF,0.05082552420527165,0.020323710653548162,0.9288507651411803
25937,LOF,0.028000829822271013,0.027181535810092448,0.9448176343676365
25938,LOF,0.06088760907048489,0.03427448749204448,0.9048379034374707
25939,LOF,0.039949708550842296,0.011902884668174771,0.948147406780983
25940,LOF,0.03565576888691933,0.3309281998882278,0.6334160312248528
25941,LOF,0.1802288016437447,0.08729932853106329,0.732471869825192
25942,LOF,0.01824289478431634,0.03496712541261645,0.9467899798030672
25943,LOF,0.3040346016885691,0.05836054447459982,0.6376048538368311
25944,LOF,0.48539631469140176,0.029117642686326727,0.4854860426222714
25945,LOF,0.07015257900115111,0.0209046719917595,0.9089427490070894
25946,LOF,0.031208565905692424,0.1256173921597534,0.8431740419345541
25947,LOF,0.12156050942507517,0.20135973006991534,0.6770797605050096
25948,LOF,0.4348856015420123,0.010932682836356197,0.5541817156216315
25949,LOF,0.11566069277514393,0.0440824714658247,0.8402568357590313
25950,GOF,0.2737739066592488,0.43435507258711686,0.2918710207536344
25951,LOF,0.23225394991011156,0.22514830908056468,0.5425977410093237
25952,LOF,0.04810027071681445,0.46045910804737217,0.4914406212358132
25953,LOF,0.1428968383188801,0.1200516800472395,0.7370514816338803
25954,Neutral,0.4146296497285389,0.20238427627427874,0.38298607399718243
25955,LOF,0.06912957296843249,0.09041428933349294,0.8404561376980746
25956,LOF,0.21215420627112247,0.08126240228812658,0.7065833914407509
25957,LOF,0.037387708364480084,0.034235713602041806,0.9283765780334781
25958,LOF,0.06080214822293346,0.02520195661866751,0.9139958951583991
25959,LOF,0.05774207576075705,0.32196599316967756,0.6202919310695654
25960,LOF,0.019312979212125003,0.05035810617463555,0.9303289146132394
25961,LOF,0.049722805874102674,0.02831128798520108,0.9219659061406962
25962,LOF,0.05479556741744588,0.03373031955856212,0.911474113023992
25963,LOF,0.046323915790017246,0.1870027963421612,0.7666732878678216
25964,LOF,0.03479795145872836,0.14854034252235698,0.8166617060189146
25965,LOF,0.437219674021945,0.07794021642033995,0.48484010955771506
25966,Neutral,0.4447058557889723,0.11503047983124738,0.4402636643797804
25967,LOF,0.013149177700471432,0.06779944220728881,0.9190513800922396
25968,LOF,0.03415830415292355,0.4825679619559907,0.48327373389108585
25969,LOF,0.02364506869002426,0.05717784406759288,0.9191770872423829
25970,LOF,0.06431964421898205,0.056141130349979064,0.8795392254310389
25971,LOF,0.07991749180254579,0.013387147274281244,0.906695360923173
25972,LOF,0.08258221240811547,0.017676073815931764,0.8997417137759528
25973,LOF,0.0981085459886485,0.0069972470062572645,0.8948942070050943
25974,LOF,0.20821271973757038,0.01828319649941728,0.7735040837630123
25975,LOF,0.05575244026814433,0.028105761469768835,0.9161417982620869
25976,LOF,0.047033952058007124,0.014632881889970901,0.9383331660520219
25977,LOF,0.1609170613548789,0.09142163963425963,0.7476612990108615
25978,LOF,0.13757737517193117,0.046227146393803334,0.8161954784342654
25979,LOF,0.13203314862573337,0.05158450288912585,0.8163823484851407
25980,LOF,0.1889864307495603,0.05868584078334847,0.7523277284670913
25981,LOF,0.2222232111042162,0.05742400174754301,0.7203527871482407
25982,LOF,0.3997907565248653,0.04212582853733167,0.558083414937803
25983,LOF,0.37752487019985465,0.04108463111934629,0.5813904986807992
25984,LOF,0.05757577088904981,0.051459061939247444,0.8909651671717027
25985,LOF,0.026563882697650518,0.23097749779234128,0.7424586195100081
25986,LOF,0.0412712485995887,0.24992681530837235,0.708801936092039
25987,LOF,0.08166432396530329,0.06606222615934777,0.852273449875349
25988,LOF,0.13671668570141757,0.05331433206060659,0.8099689822379759
25989,LOF,0.031218605835029882,0.09706530484272546,0.8717160893222446
25990,LOF,0.038116583992845295,0.12211492865822095,0.8397684873489338
25991,LOF,0.20907635757170023,0.2745902262377343,0.5163334161905655
25992,LOF,0.36069132278646354,0.15149214878491024,0.4878165284286262
25993,LOF,0.0254303118896191,0.06245037833779918,0.9121193097725817
25994,LOF,0.01943559987216854,0.09424026405546225,0.8863241360723692
25995,LOF,0.02900134455476504,0.1672191065304374,0.8037795489147975
25996,GOF,0.29187916657305607,0.46764145537473006,0.24047937805221387
25997,GOF,0.10740503094229376,0.4868748788757232,0.40572009018198313
25998,Neutral,0.5331548789885786,0.026061968057774627,0.4407831529536467
25999,LOF,0.1247630566877909,0.10766365541488294,0.7675732878973262
26000,LOF,0.15540413698502778,0.028692400853554147,0.815903462161418
26001,LOF,0.19730935774493216,0.03226522000904938,0.7704254222460185
26002,LOF,0.13358006737446562,0.03257823723111092,0.8338416953944234
26003,GOF,0.011758350117350188,0.5623489337023574,0.4258927161802925
26004,GOF,0.02811225277563032,0.6494293755111912,0.32245837171317854
26005,LOF,0.010374842758873388,0.43286643588456525,0.5567587213565615
26006,Neutral,0.54053231279823,0.21748204984691824,0.24198563735485176
26007,GOF,0.023629280369156017,0.5040596213740507,0.47231109825679324
26008,GOF,0.022350643389814635,0.5494097281217332,0.4282396284884523
26009,GOF,0.02685938116028198,0.5975204704177607,0.37562014842195723
26010,GOF,0.02889186085126967,0.6190552078107923,0.3520529313379381
26011,LOF,0.008222544059851039,0.43261912129925134,0.5591583346408976
26012,GOF,0.017612640129734847,0.543977494947194,0.4384098649230711
26013,GOF,0.020637700835711544,0.5934799235308815,0.3858823756334069
26014,LOF,0.040901042393644275,0.15013501888067304,0.8089639387256826
26015,LOF,0.24240903642657505,0.00786706338112276,0.7497239001923023
26016,LOF,0.2610109762243071,0.04266737143958179,0.6963216523361111
26017,LOF,0.24284872538317281,0.06055070772660545,0.6966005668902218
26018,LOF,0.1024232003353241,0.03358701647087594,0.8639897831938
26019,LOF,0.09649786516044921,0.025499529884943833,0.8780026049546069
26020,LOF,0.06512230867639035,0.09845191275042263,0.836425778573187
26021,LOF,0.05370745864137429,0.10692478826650098,0.8393677530921249
26022,LOF,0.012090591674593466,0.03561819189353678,0.9522912164318699
26023,LOF,0.12684885573137109,0.020802713893870128,0.8523484303747588
26024,LOF,0.028818037707355925,0.11413818060535814,0.8570437816872859
26025,LOF,0.16841009434615128,0.08522444727109349,0.7463654583827553
26026,LOF,0.32192745714103255,0.019817596401154585,0.6582549464578129
26027,LOF,0.09356989936132934,0.014496284319141656,0.8919338163195291
26028,LOF,0.1515891575060774,0.06567520071714548,0.7827356417767771
26029,LOF,0.06426461931202895,0.19869475631331196,0.737040624374659
26030,LOF,0.022368524913061617,0.06547212958631476,0.9121593455006237
26031,LOF,0.026673252063499416,0.15208546877869267,0.821241279157808
26032,LOF,0.06742174363585468,0.06947249588216273,0.8631057604819825
26033,LOF,0.12168259901438389,0.0903964536978552,0.787920947287761
26034,LOF,0.04225182426751675,0.16441404137825683,0.7933341343542264
26035,LOF,0.025473972601233623,0.1486337369049219,0.8258922904938444
26036,LOF,0.038750930322570286,0.17921466006360304,0.7820344096138266
26037,LOF,0.02173048457287101,0.12624768232543096,0.8520218331016981
26038,LOF,0.06127079884400505,0.07280896129962765,0.8659202398563673
26039,LOF,0.0499027651881186,0.15746294033364427,0.7926342944782371
26040,LOF,0.2103660998587103,0.1346446450190894,0.6549892551222003
26041,LOF,0.02267900862442704,0.11581871362459993,0.8615022777509731
26042,LOF,0.021635896221670024,0.11407876849206457,0.8642853352862654
26043,LOF,0.060262806825603726,0.08855201649729119,0.851185176677105
26044,LOF,0.01970978295229558,0.08418119925277896,0.8961090177949254
26045,LOF,0.06516127269177524,0.11436577629255384,0.820472951015671
26046,LOF,0.06180757072433033,0.08635191739835849,0.8518405118773112
26047,LOF,0.08739612000619626,0.09014014663810566,0.8224637333556981
26048,LOF,0.05000033359719031,0.05977025147135638,0.8902294149314534
26049,Neutral,0.9568923876208457,0.008936862287282925,0.034170750091871364
26050,Neutral,0.9411599737379588,0.011354756529135212,0.04748526973290604
26051,LOF,0.04331378719533242,0.265225086799548,0.6914611260051196
26052,LOF,0.06455586361285243,0.30533797093333875,0.6301061654538089
26053,LOF,0.054932314379331354,0.146034137736738,0.7990335478839307
26054,LOF,0.05868877261417153,0.019611262139758456,0.92169996524607
26055,LOF,0.07558325504108823,0.01567453758116008,0.9087422073777517
26056,LOF,0.06021984457717699,0.01735502062536431,0.9224251347974588
26057,LOF,0.03163336274532808,0.010604730374326255,0.9577619068803457
26058,LOF,0.03302493337685548,0.008399130665826255,0.9585759359573183
26059,LOF,0.28902079463275615,0.02464970712379655,0.6863294982434474
26060,LOF,0.027017642087391942,0.17966531220402368,0.7933170457085843
26061,LOF,0.02077909299380454,0.010729334111724106,0.9684915728944713
26062,LOF,0.012859549216469552,0.01734671275018575,0.9697937380333447
26063,LOF,0.02265800571711871,0.012281915266534868,0.9650600790163464
26064,LOF,0.025587621735558414,0.019772439537845053,0.9546399387265965
26065,LOF,0.025852589510140404,0.010563921415933136,0.9635834890739265
26066,LOF,0.022434638718142583,0.01109676423485316,0.9664685970470044
26067,LOF,0.02827990321645441,0.008237791674073361,0.9634823051094722
26068,LOF,0.047805442194660666,0.03176930118377819,0.9204252566215612
26069,LOF,0.27251989065571447,0.018620843252888628,0.7088592660913969
26070,LOF,0.41867079224640724,0.013228005405869206,0.5681012023477234
26071,LOF,0.024028846695827912,0.011681829059960862,0.9642893242442113
26072,LOF,0.023095308851003332,0.018718370582278532,0.958186320566718
26073,LOF,0.026126609311875743,0.010801627937817975,0.9630717627503063
26074,Neutral,0.915492810925914,0.006091761811705238,0.07841542726238078
26075,LOF,0.04671867419644177,0.014721248162481135,0.9385600776410771
26076,LOF,0.0443687856801648,0.008733194822399584,0.9468980194974357
26077,LOF,0.01050036796540997,0.01974348423084926,0.9697561478037409
26078,LOF,0.014974341361881223,0.011761302341869723,0.9732643562962491
26079,LOF,0.06068120477950428,0.017930893776347052,0.9213879014441487
26080,LOF,0.059595822156349905,0.017954501956505328,0.9224496758871449
26081,LOF,0.036356119414678215,0.006094971222501276,0.9575489093628204
26082,LOF,0.017654546403638692,0.016803289309678313,0.9655421642866829
26083,LOF,0.1380614758355699,0.011749142193569746,0.8501893819708604
26084,LOF,0.02827040311534195,0.011899109953568427,0.9598304869310896
26085,LOF,0.023724159019361004,0.011231186693514313,0.9650446542871246
26086,LOF,0.02449425732354427,0.010826676731919574,0.9646790659445361
26087,LOF,0.028386579343801687,0.007546252456987846,0.9640671681992103
26088,LOF,0.017530897517213644,0.023852038732639153,0.9586170637501472
26089,LOF,0.04619919432061186,0.024415423684306912,0.9293853819950814
26090,LOF,0.04452204305006551,0.01857688544373908,0.9369010715061954
26091,LOF,0.03914202448056212,0.006086416236799386,0.9547715592826385
26092,LOF,0.02654018610600704,0.007527137705014591,0.9659326761889784
26093,LOF,0.041997633894894866,0.0058924982939701715,0.9521098678111348
26094,LOF,0.04437390962165836,0.0068128199126354805,0.9488132704657062
26095,LOF,0.04685135692994542,0.013128105413566573,0.9400205376564881
26096,LOF,0.02082927701999918,0.011528206373487712,0.967642516606513
26097,LOF,0.011862069409933548,0.03839486937264434,0.949743061217422
26098,LOF,0.06870676002972803,0.011281972188170878,0.920011267782101
26099,LOF,0.025243258386218412,0.011706433639809588,0.963050307973972
26100,LOF,0.026871697789374396,0.011290563532884506,0.9618377386777411
26101,LOF,0.05628104840499152,0.010842589121624207,0.9328763624733842
26102,LOF,0.02608320706693659,0.013032709637316954,0.9608840832957466
26103,Neutral,0.8904391446721378,0.017636865153299364,0.09192399017456285
26104,LOF,0.08413147870993262,0.029260491007201656,0.8866080302828658
26105,LOF,0.22742097780453416,0.28407813440775687,0.488500887787709
26106,LOF,0.18340041428945794,0.12953524164337826,0.6870643440671638
26107,LOF,0.2549942844476244,0.08963761869585274,0.6553680968565229
26108,LOF,0.24740017485437898,0.1343960765239048,0.6182037486217162
26109,LOF,0.10246791039435046,0.09218356891152073,0.8053485206941289
26110,LOF,0.2617399201086987,0.006299867710966765,0.7319602121803346
26111,LOF,0.4561014784911762,0.01579330061585374,0.52810522089297
26112,LOF,0.03399075046387398,0.007656717909170048,0.958352531626956
26113,LOF,0.055185650923478075,0.01302852296933606,0.9317858261071859
26114,LOF,0.028596518267821787,0.026886485678007017,0.9445169960541713
26115,LOF,0.08755488309960771,0.07425916087833172,0.8381859560220605
26116,LOF,0.06699147597802432,0.058761284434680976,0.8742472395872948
26117,LOF,0.44223502120137115,0.05716190662534358,0.5006030721732853
26118,LOF,0.0389636863143976,0.03032895865685766,0.9307073550287447
26119,LOF,0.02182340953514949,0.04226778808651487,0.9359088023783357
26120,LOF,0.03135342971138446,0.029578671831332573,0.939067898457283
26121,LOF,0.05126668287681964,0.10296997663775506,0.8457633404854252
26122,LOF,0.0456861762591827,0.05035591300389456,0.9039579107369228
