feature0,prediction,LoGoFunc_Neutral,LoGoFunc_GOF,LoGoFunc_LOF
25546,Neutral,0.6341913365309007,0.0691290938429297,0.2966795696261697
25547,Neutral,0.5023749710011219,0.1148308319055643,0.38279419709331375
25548,Neutral,0.49385101197091896,0.09656177525914501,0.4095872127699361
25549,LOF,0.4284344087738593,0.09890233930605827,0.4726632519200824
25550,LOF,0.3513331299968725,0.140867003418411,0.5077998665847165
25551,LOF,0.3154849962557086,0.14448005529785435,0.5400349484464372
25552,LOF,0.26630018520433646,0.1405636030980205,0.5931362116976431
25553,Neutral,0.8123900610880298,0.05062049371487891,0.13698944519709122
25554,LOF,0.30447713017029404,0.1305560939081216,0.5649667759215843
25555,LOF,0.2562536235456636,0.12591025198300998,0.6178361244713264
25556,Neutral,0.4530817756907154,0.10640189206518832,0.44051633224409636
25557,LOF,0.2444312623246247,0.130350665679894,0.6252180719954812
25558,LOF,0.31267882328984653,0.1266342247932305,0.560686951916923
25559,LOF,0.18348835072767491,0.13623569935216548,0.6802759499201596
25560,LOF,0.15868264794548076,0.10649382003587925,0.73482353201864
25561,LOF,0.15141450663958952,0.11214275478760448,0.7364427385728061
25562,LOF,0.08035583454817072,0.07577861739832266,0.8438655480535067
25563,LOF,0.021372824671088878,0.13623748707228045,0.8423896882566307
25564,LOF,0.23608455993392152,0.10447372628271902,0.6594417137833595
25565,LOF,0.19902289054213657,0.1587726731479372,0.6422044363099263
25566,GOF,0.10224662446620705,0.7045958863742076,0.19315748915958542
25567,LOF,0.03656184634495698,0.11674778679114389,0.8466903668638992
25568,LOF,0.0598202519403114,0.06265450540918242,0.8775252426505061
25569,LOF,0.0590261524876489,0.0621789295771671,0.8787949179351839
25570,LOF,0.026762249838836356,0.08344123587443782,0.8897965142867259
25571,LOF,0.027245385985256297,0.09029773017464601,0.8824568838400976
25572,LOF,0.06063132215572114,0.09905114271416775,0.8403175351301112
25573,LOF,0.05611908346651303,0.07482222631965253,0.8690586902138345
25574,LOF,0.05544994769502836,0.18719465192829485,0.7573554003766767
25575,LOF,0.023065140915854297,0.09727996461371682,0.8796548944704289
25576,LOF,0.03278400473021299,0.12934393818048046,0.8378720570893065
25577,LOF,0.030114275433522335,0.0902564676900328,0.8796292568764449
25578,LOF,0.2885396060886752,0.06803808077707027,0.6434223131342546
25579,LOF,0.13093560007007377,0.07361003714403257,0.7954543627858937
25580,LOF,0.01988505575965341,0.06683175562390835,0.9132831886164383
25581,LOF,0.05501357805664786,0.05927487730635147,0.8857115446370006
25582,LOF,0.05505064248709177,0.057511842421098386,0.8874375150918098
25583,LOF,0.020196521671203917,0.06998968661272448,0.9098137917160716
25584,Neutral,0.6667989067715292,0.09824001166183534,0.23496108156663562
25585,LOF,0.029847497510166618,0.10410823939413213,0.8660442630957013
25586,LOF,0.01770647964773759,0.05505124744652514,0.9272422729057372
25587,LOF,0.01782807521882777,0.050537864408316736,0.9316340603728556
25588,LOF,0.021226426739519542,0.05915134026668756,0.919622232993793
25589,Neutral,0.4990673517072092,0.19729484774959702,0.30363780054319367
25590,LOF,0.04857664724555337,0.09430966613517251,0.8571136866192741
25591,LOF,0.10097272895620962,0.04658106695695761,0.8524462040868328
25592,LOF,0.05915156109954344,0.10956277319899048,0.831285665701466
25593,LOF,0.13224734250984257,0.25156721583079317,0.6161854416593643
25594,LOF,0.0509799640454265,0.10947861588095928,0.8395414200736142
25595,LOF,0.047632934060246865,0.07850645402204677,0.8738606119177064
25596,LOF,0.10307331930261046,0.0464033540402524,0.8505233266571371
25597,LOF,0.08127739666621141,0.04860621389195703,0.8701163894418315
25598,LOF,0.05036545461698375,0.07833713245357643,0.8712974129294397
25599,GOF,0.020505198059307,0.5465244551342207,0.4329703468064724
25600,GOF,0.1647103173681759,0.5329775706694887,0.3023121119623355
25601,LOF,0.03869738087061097,0.4216888245267579,0.5396137946026311
25602,LOF,0.0320350347715946,0.07700139121236449,0.8909635740160409
25603,LOF,0.027785869031411756,0.04172475391706897,0.9304893770515194
25604,LOF,0.0322074744856592,0.07785984450281169,0.889932681011529
25605,LOF,0.03356916163218151,0.22275480031756015,0.7436760380502584
25606,LOF,0.41588450721253856,0.1260117485451382,0.45810374424232325
25607,LOF,0.022155678925284337,0.19861191016934432,0.7792324109053713
25608,LOF,0.034300125975781734,0.0731206766007848,0.8925791974234335
25609,GOF,0.15884475065704712,0.5163794822545719,0.324775767088381
25610,LOF,0.01418812045021324,0.02900289770428502,0.9568089818455018
25611,LOF,0.013165639617952508,0.03336004166248057,0.953474318719567
25612,LOF,0.04643910463547266,0.04251145765738251,0.9110494377071447
25613,LOF,0.043669230275844545,0.04353121317729561,0.9127995565468598
25614,LOF,0.01924158898573267,0.027029677738679384,0.9537287332755879
25615,LOF,0.04135506452182354,0.038329245637188356,0.9203156898409881
25616,LOF,0.042781090312648686,0.031432850902810706,0.9257860587845407
25617,LOF,0.038718558054371174,0.0385137562007562,0.9227676857448726
25618,LOF,0.05043555262854373,0.03659490431486761,0.9129695430565886
25619,LOF,0.014501638936159642,0.034137509295075655,0.9513608517687647
25620,LOF,0.05784320462319097,0.045384445656049544,0.8967723497207595
25621,LOF,0.05060186878422717,0.036528301109644334,0.9128698301061285
25622,LOF,0.05909750464656367,0.03138102808912442,0.9095214672643118
25623,LOF,0.06760444123250124,0.026716770155820073,0.9056787886116788
25624,LOF,0.016244060778713522,0.03561701574542091,0.9481389234758655
25625,LOF,0.06489702787155859,0.03694290763549135,0.8981600644929502
25626,LOF,0.04515105515602086,0.04061497206250706,0.9142339727814721
25627,Neutral,0.8903306232565105,0.019544151672355493,0.09012522507113412
25628,LOF,0.1256816356916238,0.06105122309472978,0.8132671412136465
25629,LOF,0.06084959906363465,0.03769116504961886,0.9014592358867464
25630,LOF,0.2778996741843643,0.07508080178951868,0.647019524026117
25631,Neutral,0.5489661128813071,0.05673234212630131,0.39430154499239156
25632,LOF,0.030836615185919368,0.05696730101062639,0.9121960838034543
25633,LOF,0.20312570319624237,0.03222606806086885,0.7646482287428887
25634,LOF,0.034541474991561474,0.06901394212525008,0.8964445828831885
25635,LOF,0.03637956321616572,0.03984524118477315,0.9237751955990612
25636,LOF,0.03430685735725065,0.476275801255241,0.4894173413875084
25637,GOF,0.06945447759504736,0.5029330239077701,0.42761249849718247
25638,LOF,0.03014435321122944,0.3186101627089668,0.6512454840798038
25639,LOF,0.02819919862811293,0.372784891640204,0.599015909731683
25640,Neutral,0.8280447100326697,0.12793891872204655,0.04401637124528394
25641,LOF,0.05812089373337709,0.4438953914026637,0.4979837148639592
25642,LOF,0.04293235260845354,0.1442993907729671,0.8127682566185794
25643,LOF,0.2332561025362512,0.15549732712464104,0.6112465703391077
25644,LOF,0.022212102954100827,0.46638079899289064,0.5114070980530084
25645,LOF,0.021380163205161576,0.4170764265088641,0.5615434102859743
25646,LOF,0.04885103695475203,0.35481483662734187,0.5963341264179062
25647,LOF,0.02369497123790926,0.2568522819620596,0.7194527468000311
25648,LOF,0.03432049975369909,0.24710242566058205,0.718577074585719
25649,LOF,0.01651655202062445,0.25493873980523435,0.7285447081741413
25650,LOF,0.05286829881563897,0.4259023793667632,0.5212293218175978
25651,LOF,0.01633957331269755,0.28157275821928257,0.7020876684680198
25652,LOF,0.029608340567303507,0.28726143523458947,0.683130224198107
25653,LOF,0.0780621696418273,0.4246398167419061,0.4972980136162665
25654,LOF,0.023903198818962846,0.2022628593135489,0.7738339418674882
25655,GOF,0.2246211547127837,0.40890101995678474,0.36647782533043166
25656,LOF,0.27408826648452694,0.05652298311035611,0.669388750405117
25657,LOF,0.07229495383605883,0.061217090398874414,0.8664879557650668
25658,LOF,0.3909031171427045,0.060953936320440404,0.5481429465368551
25659,Neutral,0.5193103285578001,0.08893424001242907,0.39175543142977076
25660,LOF,0.02555184493008415,0.08715800303699422,0.8872901520329215
25661,LOF,0.09184498978897873,0.06160548208963166,0.8465495281213896
25662,LOF,0.03311490869406673,0.03415797081401664,0.9327271204919166
25663,LOF,0.03759278358850591,0.04832137265831922,0.9140858437531749
25664,LOF,0.13831145082645804,0.0596771526244938,0.8020113965490483
25665,LOF,0.05583562235743334,0.03291788736415127,0.9112464902784154
25666,LOF,0.0922247561185425,0.0750382277474176,0.8327370161340398
25667,LOF,0.06561637677879077,0.03931543076920321,0.895068192452006
25668,LOF,0.03352385252488261,0.051083131124307395,0.91539301635081
25669,LOF,0.030230384724065085,0.058183230454226006,0.911586384821709
25670,LOF,0.14644497021704223,0.051987487215395964,0.8015675425675618
25671,LOF,0.0962855572817421,0.03349635101222936,0.8702180917060286
25672,LOF,0.054371829642110896,0.042804622937221225,0.9028235474206678
25673,LOF,0.08758410052519086,0.041592409131470956,0.8708234903433382
25674,LOF,0.07507164299681642,0.05333623096028435,0.8715921260428993
25675,LOF,0.1260368204851161,0.049199172501706155,0.8247640070131778
25676,LOF,0.017341514462079467,0.051105713716221586,0.931552771821699
25677,LOF,0.02464244893311903,0.07029318576275016,0.9050643653041309
25678,LOF,0.18873806896432624,0.06076571369963966,0.7504962173360341
25679,LOF,0.11852398885675162,0.08098172857578474,0.8004942825674636
25680,LOF,0.029378344741490318,0.11789159297312016,0.8527300622853896
25681,LOF,0.0456812017938175,0.10772730467272873,0.8465914935334538
25682,LOF,0.130756727940459,0.06976219998648232,0.7994810720730587
25683,LOF,0.11687713469100379,0.09306682220153874,0.7900560431074575
25684,LOF,0.04004138358942517,0.07294984777860544,0.8870087686319694
25685,LOF,0.12984991949498007,0.05137064846589823,0.8187794320391217
25686,LOF,0.06851172272395688,0.08738419850499149,0.8441040787710516
25687,LOF,0.10778835438577307,0.08802206749731664,0.8041895781169103
25688,LOF,0.3081263836214922,0.033029308875071405,0.6588443075034365
25689,LOF,0.24255021923448974,0.03642223178149847,0.7210275489840118
25690,LOF,0.37563176607412013,0.02810554377691581,0.5962626901489639
25691,Neutral,0.7139724908424427,0.020707881148693603,0.26531962800886355
25692,LOF,0.3057243420612716,0.011499356827238532,0.6827763011114898
25693,LOF,0.04835113390675674,0.436836355838897,0.5148125102543463
25694,LOF,0.12728830126389534,0.01813894787125742,0.8545727508648473
25695,LOF,0.12130620614148056,0.01801784372310874,0.8606759501354108
25696,LOF,0.10043182112349298,0.009756015588149312,0.8898121632883578
25697,LOF,0.13689347343022853,0.03142123095825569,0.8316852956115158
25698,LOF,0.34271237618318945,0.23969723563730727,0.4175903881795033
25699,LOF,0.45329028410037114,0.0384409121416545,0.5082688037579742
25700,LOF,0.06008710644276398,0.006775093568868249,0.9331377999883678
25701,LOF,0.15469242951472922,0.05332683438534095,0.7919807360999298
25702,GOF,0.16538233126811183,0.5644335179215663,0.270184150810322
25703,LOF,0.016162426059218624,0.1715352299210791,0.8123023440197024
25704,LOF,0.04426690014138392,0.11901916577710223,0.836713934081514
25705,LOF,0.05994348753910713,0.1939172590172854,0.7461392534436074
25706,LOF,0.10169455274996256,0.3768724399632798,0.5214330072867577
25707,LOF,0.08209746591943756,0.2870873445703305,0.630815189510232
25708,LOF,0.030905737725965127,0.2505073495936824,0.7185869126803525
25709,LOF,0.0602786312226736,0.04056552540908081,0.8991558433682456
25710,LOF,0.012682212822952581,0.13758463566413187,0.8497331515129156
25711,LOF,0.019891007288215128,0.09475673838986477,0.8853522543219201
25712,LOF,0.013417651866915676,0.1905877353919434,0.795994612741141
25713,LOF,0.018627835670727438,0.08621372272367651,0.8951584416055961
25714,LOF,0.07427223467040969,0.08454602591475849,0.8411817394148318
25715,LOF,0.010691093802695877,0.14383541241482536,0.8454734937824788
25716,LOF,0.014091425607264868,0.11394496816577465,0.8719636062269605
25717,LOF,0.012799866859012236,0.07512514329170077,0.912074989849287
25718,LOF,0.012135468604070013,0.09694709726944764,0.8909174341264824
25719,LOF,0.020462206140666395,0.07597580246446665,0.9035619913948669
25720,LOF,0.021796372098848184,0.06857188383192692,0.909631744069225
25721,LOF,0.015640355192524807,0.10277760113975128,0.881582043667724
25722,LOF,0.013067466282357469,0.12279665274898122,0.8641358809686612
25723,LOF,0.022601537651006313,0.04406623727044285,0.933332225078551
25724,LOF,0.02312897656914223,0.07696999423883354,0.8999010291920242
25725,LOF,0.01232962814284012,0.06812428765992998,0.9195460841972299
25726,LOF,0.015137710077344355,0.09461631675154529,0.8902459731711104
25727,LOF,0.013402598928420424,0.07522820201406256,0.9113691990575169
25728,LOF,0.010008076505308553,0.10840279831381686,0.8815891251808746
25729,LOF,0.01027491857334177,0.10560550373674826,0.88411957768991
25730,LOF,0.013624325684830652,0.08184570634513424,0.904529967970035
25731,LOF,0.020407150853958254,0.1075509274384804,0.8720419217075615
25732,LOF,0.014325558319274307,0.07927671999877844,0.9063977216819472
25733,LOF,0.015787966726718523,0.06962758347956428,0.9145844497937172
25734,LOF,0.012396410061407678,0.12142133246642552,0.8661822574721667
25735,LOF,0.013968848630946957,0.08292028100677791,0.9031108703622751
25736,LOF,0.014219104670136463,0.10404045288229083,0.8817404424475727
25737,LOF,0.02191776340532534,0.08387046948667344,0.8942117671080012
25738,LOF,0.013264389525956861,0.10676481850410316,0.8799707919699401
25739,LOF,0.020769665161764546,0.08745056939886454,0.891779765439371
25740,LOF,0.02740305638739839,0.10440307717551428,0.8681938664370873
25741,LOF,0.01519088185550924,0.10956320723483996,0.8752459109096508
25742,LOF,0.11528447674503609,0.08368084934981064,0.8010346739051533
25743,LOF,0.03458306886284821,0.033033376688770516,0.9323835544483812
25744,Neutral,0.5783526311198406,0.22485466694357412,0.19679270193658543
25745,LOF,0.08447138456904281,0.07645564618026945,0.8390729692506878
25746,LOF,0.040842697950503264,0.09044901625886065,0.868708285790636
25747,LOF,0.02351313756620649,0.04311703765376263,0.9333698247800309
25748,LOF,0.10072656611926212,0.06897760536986669,0.8302958285108712
25749,LOF,0.02553398541734855,0.08263832052278837,0.8918276940598631
25750,LOF,0.080844966445377,0.08316114464942048,0.8359938889052024
25751,LOF,0.08744348725439242,0.0648999347111714,0.8476565780344362
25752,GOF,0.11512774260459141,0.657897704176662,0.22697455321874643
25753,LOF,0.01926803659322101,0.28189561984565603,0.6988363435611229
25754,GOF,0.011357263311668631,0.7761214968538295,0.21252123983450202
25755,LOF,0.021584233068744293,0.37328627218488336,0.6051294947463723
25756,LOF,0.04125938825174818,0.3850514647902465,0.5736891469580053
25757,GOF,0.015037733819755535,0.8408629280408378,0.1440993381394066
25758,GOF,0.028221067969255373,0.839478125645137,0.13230080638560762
25759,GOF,0.01099539789464222,0.5574488803486787,0.4315557217566791
25760,LOF,0.011910771534313412,0.23811167495527774,0.7499775535104088
25761,GOF,0.26763978650270953,0.6331191698465369,0.09924104365075347
25762,LOF,0.036218092919232905,0.26998662135433055,0.6937952857264366
25763,LOF,0.012993692406334264,0.19755193606435226,0.7894543715293135
25764,GOF,0.0862576662238923,0.6260468418478602,0.2876954919282475
25765,GOF,0.03807713534582876,0.770074260847023,0.19184860380714808
25766,GOF,0.05652363763082858,0.7710507141035653,0.17242564826560602
25767,GOF,0.156925228954335,0.4755493840583417,0.36752538698732345
25768,LOF,0.09787995071391972,0.06707637850589247,0.8350436707801878
25769,LOF,0.07006618007310052,0.06680619408228095,0.8631276258446186
25770,LOF,0.2749930322537546,0.08751951994254711,0.6374874478036984
25771,LOF,0.041298363103875184,0.044868000428845846,0.913833636467279
25772,LOF,0.01670240562444875,0.03331432407503377,0.9499832703005175
25773,LOF,0.04766110305255701,0.07136561407519858,0.8809732828722445
25774,LOF,0.030166246637907658,0.07563931633419489,0.8941944370278975
25775,LOF,0.04690018566417697,0.04171696603638817,0.9113828482994347
25776,LOF,0.06920617125777509,0.026884693301553193,0.9039091354406718
25777,LOF,0.34127089603959054,0.050750764461473724,0.6079783394989359
25778,LOF,0.06840942452429556,0.04985782931681748,0.881732746158887
25779,GOF,0.3638381696110958,0.5987016871127584,0.037460143276145844
25780,GOF,0.29857667222301604,0.6343911952034861,0.06703213257349774
25781,GOF,0.14339907618769188,0.7600385584585917,0.09656236535371653
25782,GOF,0.19859447790345142,0.7332136965726832,0.06819182552386537
25783,GOF,0.030196899767332017,0.6554027694784996,0.31440033075416834
25784,GOF,0.4827473170507908,0.4828735066430099,0.034379176306199195
25785,GOF,0.4440282795215236,0.5218273827175041,0.034144337760972365
25786,GOF,0.02738681156318508,0.7788730954900659,0.19374009294674907
25787,Neutral,0.6387868198485812,0.33971564217254246,0.02149753797887629
25788,LOF,0.04370641615376539,0.11541711935318795,0.8408764644930466
25789,GOF,0.2061055390991908,0.6831661086976436,0.1107283522031656
25790,GOF,0.23364436377527398,0.6688984009388754,0.0974572352858506
25791,GOF,0.1682998497968523,0.6802168774855796,0.15148327271756815
25792,GOF,0.3435502575226891,0.5422953511917737,0.11415439128553714
25793,GOF,0.24880296481553163,0.566076336347622,0.18512069883684637
25794,GOF,0.3031932029844634,0.5394352881872869,0.15737150882824966
25795,GOF,0.07623903220079145,0.7165206544074095,0.2072403133917989
25796,Neutral,0.5399375140443402,0.3890865708623815,0.07097591509327834
25797,GOF,0.0896980178379334,0.5708727141028813,0.33942926805918533
25798,GOF,0.008919181669500337,0.5242719798099035,0.4668088385205963
25799,LOF,0.007148770683480634,0.4061091266979932,0.5867421026185261
25800,GOF,0.030547175982985442,0.6221524541291387,0.347300369887876
25801,GOF,0.1888589523557574,0.6865905007597559,0.12455054688448665
25802,GOF,0.07443466527035597,0.7146549494101024,0.21091038531954165
25803,GOF,0.03248953865976476,0.5894270811857342,0.37808338015450094
25804,GOF,0.03139429783549555,0.48486897808341745,0.4837367240810871
25805,GOF,0.10754127567329728,0.609576256406305,0.28288246792039784
25806,GOF,0.10514896269339752,0.6088126326925665,0.286038404614036
25807,GOF,0.02029761483300047,0.6442887375285206,0.3354136476384789
25808,GOF,0.08780082229464072,0.6626532786983801,0.24954589900697927
25809,GOF,0.017351577787396398,0.6169153262069033,0.3657330960057003
25810,GOF,0.01620574400805723,0.6428229043519301,0.3409713516400126
25811,GOF,0.4384440287465061,0.4818297119509655,0.07972625930252836
25812,GOF,0.03030388034806244,0.6664107989709669,0.3032853206809706
25813,Neutral,0.5030516976389839,0.41493978717005225,0.08200851519096378
25814,GOF,0.10437353465190898,0.6836978524245864,0.21192861292350465
25815,GOF,0.17613460977655532,0.6599563435393643,0.16390904668408035
25816,GOF,0.022239002955158012,0.7304057197433386,0.2473552773015034
25817,GOF,0.2167641653570863,0.6717090877405487,0.11152674690236487
25818,GOF,0.05722847222798306,0.6861306932321826,0.25664083453983444
25819,GOF,0.3773389594022693,0.5009731187695333,0.12168792182819736
25820,GOF,0.19274033850284214,0.6239399352146026,0.18331972628255536
25821,GOF,0.061628031070563055,0.7004283986904793,0.23794357023895762
25822,GOF,0.21896475894171963,0.5727758375269842,0.2082594035312962
25823,GOF,0.03419873922060287,0.5494842975878191,0.4163169631915779
25824,GOF,0.1034519087899358,0.6200153121372687,0.2765327790727956
25825,GOF,0.0398486535654011,0.6316053087994289,0.32854603763517004
25826,GOF,0.017059520864949693,0.6077404606402426,0.3752000184948077
25827,GOF,0.02504773034236344,0.6181166038874842,0.35683566577015235
25828,GOF,0.013322194534725456,0.5320335748638568,0.4546442306014177
25829,GOF,0.005707101640636648,0.5883053095306373,0.40598758882872604
25830,LOF,0.03299867236490297,0.3059851170334649,0.6610162106016321
25831,GOF,0.18920765307415421,0.700962901245377,0.10982944568046872
25832,GOF,0.033565963095700715,0.7610749280744185,0.20535910882988093
25833,GOF,0.11202033477122587,0.7569003256886516,0.13107933954012246
25834,GOF,0.03250185002641606,0.7707475661583018,0.19675058381528218
25835,GOF,0.0686376909421238,0.7911671699016766,0.14019513915619972
25836,GOF,0.03377666493186684,0.7288342707273171,0.23738906434081603
25837,GOF,0.029833445572368878,0.6353057517936477,0.33486080263398343
25838,GOF,0.09758023400761763,0.780637572491563,0.12178219350081941
25839,GOF,0.2711667099073434,0.6113879156431195,0.11744537444953715
25840,GOF,0.2323533360148731,0.64083548648866,0.12681117749646684
25841,GOF,0.2199662193641746,0.6689515746882896,0.11108220594753579
25842,GOF,0.14373595830182154,0.7500325574602293,0.10623148423794923
25843,GOF,0.20649069838383516,0.7145388090684622,0.07897049254770265
25844,GOF,0.06335514476403889,0.754444918593011,0.18219993664295017
25845,GOF,0.017197755654380642,0.5274972071828907,0.45530503716272863
25846,GOF,0.11609062257467147,0.7557693045957314,0.12814007282959705
25847,GOF,0.09668139412418436,0.8072936068269605,0.09602499904885525
25848,GOF,0.03862155340307152,0.7385634968359635,0.22281494976096503
25849,GOF,0.010897541611440255,0.6367713574577873,0.35233110093077236
25850,GOF,0.022249402059397586,0.6937076778516077,0.2840429200889947
25851,GOF,0.016481820542166063,0.568349722000349,0.41516845745748493
25852,GOF,0.15169652326619382,0.5692190142578885,0.2790844624759177
25853,GOF,0.3456971303965292,0.5780685104574507,0.07623435914602013
25854,GOF,0.023269590331240007,0.6623242346522094,0.31440617501655066
25855,GOF,0.03357211091309299,0.5981598094026109,0.368268079684296
25856,GOF,0.2413697688780482,0.5559288715456467,0.20270135957630497
25857,GOF,0.036830573884229625,0.5214992888913972,0.4416701372243732
25858,GOF,0.022082945242802285,0.5718476838576211,0.40606937089957656
25859,GOF,0.010456663739528546,0.5303295391744575,0.4592137970860141
25860,GOF,0.361048912562588,0.5631882385471143,0.07576284889029784
25861,GOF,0.40225218926419765,0.5283789379321985,0.0693688728036038
25862,GOF,0.07870299770729726,0.804547455886551,0.11674954640615173
25863,GOF,0.0753995220084056,0.8007124446715269,0.12388803332006741
25864,GOF,0.1839135650111326,0.7559793388980084,0.06010709609085913
25865,GOF,0.08157832794865107,0.8197102849092505,0.09871138714209843
25866,GOF,0.054348781055852204,0.8149299500219533,0.13072126892219446
25867,GOF,0.07881325314004675,0.8230220325572069,0.09816471430274637
25868,GOF,0.2418923511520336,0.6651693525471899,0.09293829630077657
25869,Neutral,0.6866309623922504,0.2732253357337064,0.04014370187404315
25870,GOF,0.2648218850422274,0.454592511473326,0.2805856034844466
25871,GOF,0.2108906302285025,0.6726483234180144,0.11646104635348305
25872,GOF,0.06944111149493745,0.6658897415296561,0.26466914697540644
25873,GOF,0.10172562616305604,0.7139969021262793,0.1842774717106646
25874,LOF,0.013582159304079066,0.12223996650995823,0.8641778741859626
25875,LOF,0.08826912909010146,0.04738631241087094,0.8643445584990277
25876,LOF,0.03449307622724029,0.035476403700839106,0.9300305200719207
25877,Neutral,0.5134047318101467,0.049363510677995326,0.4372317575118581
25878,LOF,0.22558029392188614,0.1065826683035546,0.6678370377745594
25879,LOF,0.0929428392926907,0.10303687431018872,0.8040202863971205
25880,LOF,0.0438234849962121,0.016460796649660273,0.9397157183541276
25881,LOF,0.20066816141579388,0.13070244426732683,0.6686293943168793
25882,LOF,0.06377807936958428,0.01735591691616818,0.9188660037142475
25883,LOF,0.06855620498418333,0.018806249431651403,0.9126375455841653
25884,LOF,0.032045828295807134,0.028378343462324856,0.939575828241868
25885,LOF,0.058833678977369235,0.010965283200210304,0.9302010378224205
25886,LOF,0.2616485049179846,0.03693651649619654,0.7014149785858188
25887,LOF,0.16164675369056095,0.06370713340088302,0.7746461129085561
25888,LOF,0.06813329859629216,0.06089343831242706,0.8709732630912808
25889,LOF,0.0413210904661316,0.020483139245888436,0.9381957702879798
25890,LOF,0.049136556294329635,0.16762558512529513,0.7832378585803753
25891,LOF,0.04154052312822281,0.047164686637846835,0.9112947902339303
25892,LOF,0.07783737863350315,0.021012939677549435,0.9011496816889475
25893,LOF,0.23731132735299343,0.019107942902513515,0.7435807297444932
25894,LOF,0.15485559326518417,0.01143463429255626,0.8337097724422595
25895,LOF,0.1788423296480064,0.021561320501323644,0.7995963498506701
25896,LOF,0.04861667537182324,0.01911297967148349,0.9322703449566933
25897,LOF,0.25270219329971605,0.012409700191966508,0.7348881065083175
25898,Neutral,0.6988178843204124,0.010050563083063796,0.2911315525965238
25899,LOF,0.20557751596328994,0.018447460741751374,0.7759750232949587
25900,LOF,0.44970885984304154,0.012168596544665341,0.5381225436122932
25901,LOF,0.050933743564029105,0.011066490834416564,0.9379997656015542
25902,LOF,0.1691558575032622,0.013588652722535614,0.8172554897742021
25903,Neutral,0.547244843438207,0.02944529260500664,0.42330986395678627
25904,LOF,0.3275582443898183,0.03499982425384012,0.6374419313563415
25905,LOF,0.025715348091847667,0.3091201810802319,0.6651644708279204
25906,LOF,0.0319937326601784,0.07573245040258837,0.8922738169372332
25907,LOF,0.014285759742152584,0.32552254038107153,0.6601916998767758
25908,LOF,0.010445969793768469,0.23431586693585404,0.7552381632703775
25909,LOF,0.012653213483999573,0.12431609744711253,0.8630306890688878
25910,LOF,0.04942672177584656,0.1475994773627537,0.8029738008613997
25911,LOF,0.17209630347389288,0.029986917167801216,0.797916779358306
25912,LOF,0.05271860729945048,0.0490828907263469,0.8981985019742026
25913,LOF,0.33390936933939314,0.022587067946766952,0.6435035627138399
25914,LOF,0.019361955484147233,0.05683293891214659,0.9238051056037062
25915,Neutral,0.5716234411123586,0.1397728489697218,0.2886037099179196
25916,LOF,0.08621452093658388,0.1802713735439854,0.7335141055194307
25917,LOF,0.06381471083608205,0.04156036102315702,0.8946249281407609
25918,LOF,0.020259414310473477,0.033715298042357324,0.9460252876471692
25919,LOF,0.018695111578898246,0.03506601537326643,0.9462388730478354
25920,GOF,0.12300513785376227,0.542291281487464,0.3347035806587737
25921,LOF,0.0252020967376812,0.038079718735141564,0.9367181845271773
25922,LOF,0.033653359104073896,0.02701777095674117,0.939328869939185
25923,LOF,0.4378675449741103,0.0364604805862093,0.5256719744396804
25924,LOF,0.03936324947690181,0.046486643990579966,0.9141501065325183
25925,LOF,0.06857215920376449,0.04007615250315901,0.8913516882930765
25926,LOF,0.04937572715000144,0.034469603433559974,0.9161546694164385
25927,LOF,0.05770635032893683,0.12826695771282748,0.8140266919582357
25928,LOF,0.018226361460552183,0.04969421068780143,0.9320794278516463
25929,Neutral,0.5699420358781292,0.03990984959708856,0.3901481145247821
25930,LOF,0.06810525390820174,0.03229109085711507,0.8996036552346832
25931,LOF,0.024344244149032995,0.0332264431532736,0.9424293126976934
25932,LOF,0.02837094136362293,0.028289160620162148,0.9433398980162149
25933,LOF,0.03749392086201067,0.017958913060118927,0.9445471660778704
25934,LOF,0.023972636449108155,0.019750795835160668,0.9562765677157311
25935,LOF,0.06006837338632577,0.05214596572665449,0.8877856608870197
25936,LOF,0.04250473527538581,0.023936163813348583,0.9335591009112656
25937,LOF,0.02837444237617366,0.03528828670054084,0.9363372709232854
25938,LOF,0.06121908960631533,0.05131255946286583,0.8874683509308189
25939,LOF,0.038728101237669114,0.02094767115773393,0.9403242276045969
25940,LOF,0.030953468887904165,0.3422810507338718,0.626765480378224
25941,LOF,0.19217142483945823,0.11772519383559733,0.6901033813249445
25942,LOF,0.01351505483038347,0.03376305661869605,0.9527218885509204
25943,LOF,0.3126283166554532,0.05163055287935622,0.6357411304651907
25944,Neutral,0.5084507968760397,0.021834746461408195,0.469714456662552
25945,LOF,0.07215548877116902,0.021218103726269196,0.9066264075025616
25946,LOF,0.0322351182212598,0.122734372817723,0.8450305089610172
25947,LOF,0.11726367095996215,0.18043810840054808,0.7022982206394898
25948,LOF,0.3591787014799561,0.008330961737242149,0.6324903367828016
25949,LOF,0.13225548216672176,0.0317144986867788,0.8360300191464995
25950,LOF,0.32790941179313426,0.3214060899366656,0.35068449827020026
25951,LOF,0.18866988343098942,0.2517354539599763,0.5595946626090343
25952,LOF,0.04678656637808506,0.41189105549720895,0.541322378124706
25953,LOF,0.17168857376118174,0.09973725756929999,0.7285741686695183
25954,Neutral,0.4467528919238119,0.16985610676224816,0.38339100131394
25955,LOF,0.05602317361913106,0.07439072246850792,0.869586103912361
25956,LOF,0.16798488009852358,0.10435234537927533,0.7276627745222011
25957,LOF,0.03521812826294694,0.0333696445439731,0.9314122271930799
25958,LOF,0.0550428052482696,0.030083022122884513,0.9148741726288458
25959,LOF,0.0668719043974158,0.3336672841615141,0.59946081144107
25960,LOF,0.014880663622237257,0.05296584865739773,0.932153487720365
25961,LOF,0.04119196060493546,0.03077536174957092,0.9280326776454936
25962,LOF,0.05259947960305269,0.023749757806027033,0.9236507625909203
25963,LOF,0.047088349381499396,0.20936930835156112,0.7435423422669395
25964,LOF,0.03135569504633856,0.15020622892700036,0.8184380760266611
25965,LOF,0.462996667420439,0.056208087314672396,0.4807952452648885
25966,Neutral,0.5127730831036056,0.1552400290552102,0.33198688784118424
25967,LOF,0.017744722312908967,0.09256544531610918,0.889689832370982
25968,LOF,0.03964555586733172,0.3890568547514049,0.5712975893812634
25969,LOF,0.03780248650312705,0.06343084266285882,0.8987666708340142
25970,LOF,0.06616157445695592,0.061982816139927996,0.871855609403116
25971,LOF,0.07082892195256152,0.02127755877313594,0.9078935192743026
25972,LOF,0.0645991749479156,0.03305389009558713,0.9023469349564972
25973,LOF,0.07283450290502161,0.008916365331511902,0.9182491317634665
25974,LOF,0.18115416953104108,0.014917617453757128,0.8039282130152018
25975,LOF,0.04584919443246785,0.02354145840889766,0.9306093471586344
25976,LOF,0.0419483720464344,0.01481297149210333,0.9432386564614623
25977,LOF,0.14436491644504354,0.09368100725359184,0.7619540763013647
25978,LOF,0.1429238731743532,0.08159860570918227,0.7754775211164646
25979,LOF,0.13790034309255966,0.07896084007805432,0.7831388168293859
25980,LOF,0.23738879279271377,0.09687423892983578,0.6657369682774504
25981,LOF,0.2728072828153879,0.09462897489972448,0.6325637422848875
25982,LOF,0.4143049151945359,0.0622840482606624,0.5234110365448018
25983,LOF,0.3952803551304659,0.06730489012216408,0.5374147547473701
25984,LOF,0.04798304837595737,0.04635676754320139,0.9056601840808414
25985,LOF,0.036745391561703714,0.29386199186780193,0.6693926165704943
25986,LOF,0.046709611738117204,0.34361541267249557,0.6096749755893872
25987,LOF,0.08724584171236527,0.06819041473099717,0.8445637435566375
25988,LOF,0.1496585975007622,0.05902859543962475,0.7913128070596129
25989,LOF,0.03461903515701796,0.1146862531167634,0.8506947117262187
25990,LOF,0.0419639605111133,0.16367395345941427,0.7943620860294724
25991,LOF,0.1379291773763025,0.24702919762372988,0.6150416249999675
25992,LOF,0.31883036498521083,0.14786486080081687,0.5333047742139723
25993,LOF,0.022632763911500917,0.07530553250053656,0.9020617035879626
25994,LOF,0.017710975393566933,0.09524364095437834,0.8870453836520547
25995,LOF,0.022830124110030024,0.19543461005767335,0.7817352658322967
25996,GOF,0.29882994176512534,0.4224783292642461,0.2786917289706285
25997,LOF,0.0869282771328152,0.37890183323499177,0.534169889632193
25998,Neutral,0.5305101775387037,0.025510774321768678,0.4439790481395275
25999,LOF,0.09766240085089474,0.08495414085152256,0.8173834582975826
26000,LOF,0.13421409664889478,0.04803350077367413,0.8177524025774311
26001,LOF,0.19086384723922498,0.055192342459676746,0.7539438103010982
26002,LOF,0.12869823217299367,0.04891861892866668,0.8223831488983396
26003,GOF,0.009523297583464301,0.5645039749627233,0.4259727274538124
26004,GOF,0.01965518650886546,0.6518659891776949,0.3284788243134396
26005,LOF,0.006143584611566342,0.4439879797615275,0.5498684356269061
26006,Neutral,0.5002470871579049,0.2556605026320979,0.24409241020999733
26007,GOF,0.01937692812285586,0.5192530670625383,0.4613700048146059
26008,GOF,0.017108289574009176,0.5924533881631987,0.3904383222627922
26009,GOF,0.019974950317107835,0.6708690182142995,0.30915603146859266
26010,GOF,0.020119101161545402,0.6196730821065315,0.360207816731923
26011,LOF,0.006184476518105677,0.4217128058081679,0.5721027176737264
26012,GOF,0.012220937242707406,0.5332033007938639,0.4545757619634287
26013,GOF,0.017034068666522125,0.5956021509940113,0.3873637803394666
26014,LOF,0.046900109355569465,0.113285939291566,0.8398139513528645
26015,LOF,0.15432928989453887,0.015574426505977047,0.8300962835994841
26016,LOF,0.21408649911066566,0.06826392183912772,0.7176495790502067
26017,LOF,0.2276659271998483,0.10815748693491618,0.6641765858652355
26018,LOF,0.08122381784863573,0.03869476811005328,0.880081414041311
26019,LOF,0.07736566077903469,0.031094293832971055,0.8915400453879943
26020,LOF,0.07453840027553685,0.128427514993582,0.7970340847308812
26021,LOF,0.04868735655335962,0.12316168301853196,0.8281509604281083
26022,LOF,0.01102500886017111,0.04126184316726676,0.947713147972562
26023,LOF,0.06741523812694374,0.023727357271245694,0.9088574046018106
26024,LOF,0.03170146584315111,0.13078719702272196,0.8375113371341268
26025,LOF,0.14880466017721233,0.10855748354479951,0.7426378562779881
26026,LOF,0.324848040894731,0.032913762965893864,0.6422381961393752
26027,LOF,0.06373323271919083,0.01877837015171628,0.9174883971290929
26028,LOF,0.18036552866076788,0.056107751755567224,0.7635267195836649
26029,LOF,0.06443383033864251,0.1761788846115686,0.759387285049789
26030,LOF,0.020233697517568327,0.05104565799894812,0.9287206444834836
26031,LOF,0.024021142051604244,0.1278770174652324,0.8481018404831634
26032,LOF,0.062336948153888495,0.0830593620189715,0.85460368982714
26033,LOF,0.07644136764751391,0.08353309701494302,0.8400255353375431
26034,LOF,0.04146438962859058,0.14779601902670186,0.8107395913447076
26035,LOF,0.022967128712778145,0.1410569950951047,0.8359758761921171
26036,LOF,0.035294891069389434,0.16375462533749166,0.8009504835931189
26037,LOF,0.020106493724927288,0.1147381345693429,0.8651553717057298
26038,LOF,0.05866364520920037,0.08448294479802436,0.8568534099927753
26039,LOF,0.04773161938382635,0.1412492874850524,0.8110190931311213
26040,LOF,0.2005064818788461,0.12689613716118506,0.6725973809599688
26041,LOF,0.020071250910076558,0.10856093537535137,0.8713678137145722
26042,LOF,0.01878819187919714,0.10028891400139527,0.8809228941194076
26043,LOF,0.05955893874210713,0.0961592727448116,0.8442817885130812
26044,LOF,0.017312792533651825,0.06614612164564698,0.9165410858207012
26045,LOF,0.06377820392573258,0.10093331042283485,0.8352884856514325
26046,LOF,0.05428433676629768,0.08070715210869496,0.8650085111250073
26047,LOF,0.07297843540901787,0.08280007725373954,0.8442214873372426
26048,LOF,0.04260934586779192,0.04563807378897637,0.9117525803432317
26049,Neutral,0.9652829474506724,0.007635712928362028,0.027081339620965723
26050,Neutral,0.9509715358411606,0.009894004444024865,0.03913445971481441
26051,LOF,0.0507474535010669,0.2659119185601755,0.6833406279387576
26052,LOF,0.0660830036095481,0.28769760408463413,0.6462193923058178
26053,LOF,0.04773358152742893,0.12434026198907543,0.8279261564834955
26054,LOF,0.05360935263736927,0.017557776409379423,0.9288328709532513
26055,LOF,0.07044817962226568,0.015805430700595622,0.9137463896771387
26056,LOF,0.06108869885101536,0.01740489960205197,0.9215064015469326
26057,LOF,0.030820688682369164,0.01225549782158091,0.95692381349605
26058,LOF,0.03221150355641718,0.010155969783350195,0.9576325266602327
26059,LOF,0.27053749406209177,0.020946820053531694,0.7085156858843765
26060,LOF,0.039346177223852044,0.17403474465764515,0.7866190781185028
26061,LOF,0.01879419809888364,0.011131838358450075,0.9700739635426663
26062,LOF,0.011000300823462409,0.016727895917926054,0.9722718032586115
26063,LOF,0.020653842809864344,0.011142323721204658,0.9682038334689309
26064,LOF,0.02242367278357374,0.020688628478889772,0.9568876987375365
26065,LOF,0.02640143323907084,0.012493719181236942,0.9611048475796923
26066,LOF,0.02138255870116401,0.011095353562242208,0.9675220877365939
26067,LOF,0.027721470937605176,0.00895593965956247,0.9633225894028324
26068,LOF,0.04552566864574847,0.027534948070880087,0.9269393832833714
26069,LOF,0.2652405636807207,0.018974462747293357,0.715784973571986
26070,LOF,0.421594538888351,0.016084165347198857,0.5623212957644501
26071,LOF,0.02074958055528955,0.012060133358674053,0.9671902860860363
26072,LOF,0.019246000430992775,0.017443002194597455,0.9633109973744098
26073,LOF,0.020425210250259108,0.011345761269773297,0.9682290284799676
26074,Neutral,0.9181763005209629,0.005811234241519045,0.07601246523751805
26075,LOF,0.045650312559032166,0.014511358680816424,0.9398383287601514
26076,LOF,0.038928457648845866,0.009176555494608786,0.9518949868565453
26077,LOF,0.00928321705604653,0.014601904995318988,0.9761148779486346
26078,LOF,0.014221101805658337,0.010531052999360834,0.9752478451949808
26079,LOF,0.06527619220076113,0.016776310447082745,0.9179474973521562
26080,LOF,0.06384520209517924,0.01681429359212462,0.9193405043126962
26081,LOF,0.03596568344115761,0.006897545038547218,0.9571367715202952
26082,LOF,0.013556064975585888,0.015086465697283965,0.9713574693271301
26083,LOF,0.18960834741904123,0.014438889956013869,0.795952762624945
26084,LOF,0.04249733528287909,0.01143219291428019,0.9460704718028408
26085,LOF,0.03805833223501944,0.010924873128082567,0.9510167946368979
26086,LOF,0.02038770339260744,0.01082678444209872,0.9687855121652938
26087,LOF,0.02365290638576729,0.008156892558979332,0.9681902010552534
26088,LOF,0.01558320192631328,0.019659869908992374,0.9647569281646943
26089,LOF,0.04466973809218751,0.021993424024691566,0.9333368378831209
26090,LOF,0.044172512527072126,0.01726692701672882,0.9385605604561991
26091,LOF,0.0320707674313609,0.006328154756960409,0.9616010778116787
26092,LOF,0.023085532917597858,0.008086516373166961,0.9688279507092352
26093,LOF,0.036125250692514904,0.006257352720114288,0.9576173965873708
26094,LOF,0.03494656698003725,0.0062740338528840854,0.9587793991670785
26095,LOF,0.040569193044060856,0.013804165136275661,0.9456266418196634
26096,LOF,0.017800308127458572,0.011008567561354472,0.9711911243111869
26097,LOF,0.01208145157561884,0.032249400115546445,0.9556691483088348
26098,LOF,0.08605735553777158,0.01125248364238535,0.902690160819843
26099,LOF,0.020460789334968955,0.012312993112991099,0.96722621755204
26100,LOF,0.022536008431223713,0.011949026863783067,0.9655149647049932
26101,LOF,0.046477706619561535,0.014924253961170619,0.9385980394192678
26102,LOF,0.020480073128354984,0.012683769137991236,0.9668361577336538
26103,Neutral,0.883386764126915,0.01954290157054463,0.09707033430254028
26104,LOF,0.08360106855848655,0.022753996759748322,0.8936449346817651
26105,LOF,0.22834061877659204,0.25761035614372574,0.5140490250796822
26106,LOF,0.18449047417242395,0.13623116410029754,0.6792783617272785
26107,LOF,0.2382633194966881,0.08093967049188341,0.6807970100114284
26108,LOF,0.24195602438640854,0.10059458105990508,0.6574493945536863
26109,LOF,0.09848807811822949,0.05602497364220134,0.8454869482395692
26110,LOF,0.20867432441852687,0.007874296672924304,0.7834513789085488
26111,Neutral,0.4983942538249893,0.027434708851036986,0.47417103732397375
26112,LOF,0.031047080427413023,0.007561298071430725,0.9613916215011562
26113,LOF,0.05951567391942838,0.017818403033961094,0.9226659230466107
26114,LOF,0.02271746920903217,0.030820659176885246,0.9464618716140827
26115,LOF,0.08096332666099422,0.059363236604165315,0.8596734367348404
26116,LOF,0.05976835755299503,0.06533763916640567,0.8748940032805993
26117,LOF,0.43769497333330576,0.0454731723249419,0.5168318543417524
26118,LOF,0.03201553721737838,0.027024318956285192,0.9409601438263364
26119,LOF,0.023375176344410973,0.035352100802156075,0.941272722853433
26120,LOF,0.026203859564092984,0.01987447978958084,0.9539216606463262
26121,LOF,0.046441841349667154,0.09015924081134996,0.8633989178389828
26122,LOF,0.046980619748353804,0.03732307932775949,0.9156963009238868
