feature0,prediction,LoGoFunc_Neutral,LoGoFunc_GOF,LoGoFunc_LOF
25546,Neutral,0.6348114662358741,0.06371911003312043,0.3014694237310053
25547,Neutral,0.5038195060641933,0.10743431302723254,0.3887461809085741
25548,Neutral,0.48938889795419777,0.09399718540951434,0.41661391663628783
25549,LOF,0.42525263385400236,0.09743852274065218,0.4773088434053456
25550,LOF,0.35747253649559474,0.12867316917893473,0.5138542943254705
25551,LOF,0.311983382675561,0.13853177524302276,0.5494848420814162
25552,LOF,0.27083444252449324,0.14436642602276736,0.5847991314527394
25553,Neutral,0.7926828138684086,0.051081894141235686,0.1562352919903557
25554,LOF,0.3108524391925282,0.13503939884631816,0.5541081619611535
25555,LOF,0.2652292511846819,0.1273471654900669,0.6074235833252511
25556,LOF,0.43765458946829255,0.10903478785105081,0.4533106226806567
25557,LOF,0.25988445498268087,0.13409228235820572,0.6060232626591134
25558,LOF,0.3153584390818415,0.1287703452167915,0.555871215701367
25559,LOF,0.2300172177734827,0.09262172993263337,0.677361052293884
25560,LOF,0.10326226539171945,0.1517624233983732,0.7449753112099073
25561,LOF,0.10541199693774507,0.20616683667685035,0.6884211663854046
25562,LOF,0.044143059779474476,0.11052273778041401,0.8453342024401116
25563,LOF,0.013273291221111164,0.1943609659758884,0.7923657428030004
25564,LOF,0.10222698193791609,0.1378047130155614,0.7599683050465226
25565,LOF,0.19026914924625302,0.14972050152337765,0.6600103492303693
25566,GOF,0.06184061368214891,0.6273628597441075,0.3107965265737437
25567,LOF,0.03679333467643487,0.1598874104382702,0.8033192548852949
25568,LOF,0.05725863519730554,0.08723004001466587,0.8555113247880286
25569,LOF,0.06464090886475087,0.08490429831238887,0.8504547928228602
25570,LOF,0.027973209952280007,0.11619979931646886,0.8558269907312511
25571,LOF,0.025530680064169285,0.11867182404711624,0.8557974958887146
25572,LOF,0.06405667872096277,0.14417030780089743,0.7917730134781399
25573,LOF,0.05815328404810002,0.11408063185326671,0.8277660840986332
25574,LOF,0.05609939779900259,0.23114298300325578,0.7127576191977416
25575,LOF,0.022981847777852275,0.1291960307130587,0.847822121509089
25576,LOF,0.026359607176843127,0.17651340675207827,0.7971269860710787
25577,LOF,0.031042462880682457,0.13885715549235061,0.830100381626967
25578,LOF,0.29093584367508957,0.10792973871608463,0.6011344176088259
25579,LOF,0.18759461506225433,0.105426130610913,0.7069792543268326
25580,LOF,0.021612543286909883,0.08844469854184732,0.8899427581712428
25581,LOF,0.04766837743820109,0.0835166262313433,0.8688149963304556
25582,LOF,0.04747990470333255,0.08138970559421553,0.8711303897024519
25583,LOF,0.026391325147913713,0.10164168996595313,0.8719669848861332
25584,Neutral,0.7060696967597297,0.15520583624495368,0.13872446699531663
25585,LOF,0.02145431385374386,0.17380370676160914,0.804741979384647
25586,LOF,0.018070116220160602,0.09505260433792057,0.8868772794419189
25587,LOF,0.0184689434205109,0.08005032969575986,0.9014807268837293
25588,LOF,0.02217169120842406,0.0852399326655238,0.8925883761260521
25589,Neutral,0.5019513972755077,0.27371483605397706,0.2243337666705151
25590,LOF,0.04767392023971283,0.13157862653205626,0.8207474532282308
25591,LOF,0.07879272442125625,0.07685755797907026,0.8443497175996734
25592,LOF,0.05663099086928911,0.16520576874962936,0.7781632403810815
25593,LOF,0.10270293638038935,0.28366924665270826,0.6136278169669024
25594,LOF,0.058836374583571396,0.06030601164426197,0.8808576137721665
25595,LOF,0.06184364990969043,0.0367332806857136,0.901423069404596
25596,LOF,0.1281636718767782,0.021334429544061246,0.8505018985791606
25597,LOF,0.08891911883920336,0.026672185697960156,0.8844086954628365
25598,LOF,0.052559302532540944,0.04034613550238448,0.9070945619650747
25599,LOF,0.02342698416682963,0.3582145380039319,0.6183584778292385
25600,LOF,0.18190218166470765,0.39471726657758743,0.423380551757705
25601,LOF,0.04291087007798314,0.301624387655039,0.6554647422669778
25602,LOF,0.026485345048301055,0.08080538401588029,0.8927092709358186
25603,LOF,0.0353323065074464,0.0604938083042478,0.9041738851883059
25604,LOF,0.03648887271711124,0.11258647211195526,0.8509246551709335
25605,LOF,0.02877010511306636,0.21537829572221548,0.7558515991647181
25606,LOF,0.37280163405045214,0.16565738388217072,0.4615409820673772
25607,LOF,0.027342779511040718,0.2322167577293966,0.7404404627595628
25608,LOF,0.037612733742557004,0.11826075086533554,0.8441265153921076
25609,GOF,0.12108417112936021,0.4690882736569227,0.4098275552137171
25610,LOF,0.01448088753092158,0.0538619375003026,0.9316571749687758
25611,LOF,0.012892210257743321,0.06535689609636107,0.9217508936458956
25612,LOF,0.046326118491390074,0.05835250150549109,0.8953213800031189
25613,LOF,0.04275845935068844,0.059213288516909914,0.8980282521324017
25614,LOF,0.022011925653645428,0.049925218952580765,0.9280628553937739
25615,LOF,0.04145702009283373,0.061123458627268305,0.8974195212798981
25616,LOF,0.052986671399183345,0.05648296100776227,0.8905303675930544
25617,LOF,0.03898698680013099,0.06587576683388234,0.8951372463659867
25618,LOF,0.04918807005854159,0.08534185580590671,0.8654700741355518
25619,LOF,0.012451806877343836,0.06410221919472624,0.92344597392793
25620,LOF,0.05043560022029944,0.07074398365409292,0.8788204161256076
25621,LOF,0.059067697398899936,0.0520677272003777,0.8888645754007224
25622,LOF,0.06665198702870066,0.06510966033622527,0.868238352635074
25623,LOF,0.05816829164811168,0.043597035758232226,0.8982346725936561
25624,LOF,0.019581372907683248,0.05785677085060855,0.9225618562417082
25625,LOF,0.05861653209484566,0.06003417256587441,0.8813492953392799
25626,LOF,0.044404119754673226,0.057040011886575114,0.8985558683587517
25627,Neutral,0.8850590289525647,0.023351475084382876,0.09158949596305245
25628,LOF,0.14718676360450617,0.05579724735484143,0.7970159890406524
25629,LOF,0.06527007958379372,0.04563721004352151,0.8890927103726847
25630,LOF,0.2744945487854167,0.06758400303411835,0.6579214481804649
25631,Neutral,0.5485949083462967,0.058592604640642615,0.39281248701306065
25632,LOF,0.029669887297841556,0.0754302525930977,0.8948998601090608
25633,LOF,0.22654011088856688,0.04376195925880141,0.7296979298526317
25634,LOF,0.04471459552592976,0.09011696731553524,0.865168437158535
25635,LOF,0.040338786403011,0.040595354123748054,0.919065859473241
25636,GOF,0.03894185539492732,0.4871454589573564,0.4739126856477163
25637,GOF,0.05766726560690395,0.48766945307773785,0.45466328131535816
25638,LOF,0.0360661864822973,0.4377056368820806,0.526228176635622
25639,LOF,0.03192350414821901,0.4544660556732345,0.5136104401785465
25640,Neutral,0.8616182200800593,0.08208517571107429,0.05629660420886642
25641,LOF,0.0933627355437058,0.3947376819114142,0.51189958254488
25642,LOF,0.06758229541040045,0.16307308901579057,0.769344615573809
25643,LOF,0.20619782679619855,0.1327611296389311,0.6610410435648704
25644,GOF,0.009673554654637003,0.5974099893375941,0.39291645600776887
25645,GOF,0.011725928348242294,0.5759285829093854,0.4123454887423723
25646,LOF,0.038627522560379,0.40418373821997805,0.557188739219643
25647,LOF,0.013005216879548722,0.31878064307826093,0.6682141400421904
25648,LOF,0.013126057241391298,0.3901428473710718,0.596731095387537
25649,LOF,0.00810397616199897,0.3065517849381324,0.6853442388998685
25650,GOF,0.021650781918842708,0.5771119531576175,0.40123726492353967
25651,LOF,0.008547120031600294,0.4029888070107934,0.5884640729576064
25652,LOF,0.015215188558807057,0.40227071370926515,0.5825140977319279
25653,GOF,0.03715439017088889,0.5702030889779865,0.3926425208511245
25654,LOF,0.010353820352237557,0.2788039457620589,0.7108422338857036
25655,GOF,0.10840553189188155,0.580772472621596,0.3108219954865225
25656,LOF,0.33490629761199614,0.11152327500135555,0.5535704273866483
25657,LOF,0.0549895059017898,0.11725656257905735,0.8277539315191529
25658,LOF,0.37516483087705993,0.15362797739486586,0.4712071917280743
25659,Neutral,0.496772629539222,0.15322084787092646,0.35000652258985143
25660,LOF,0.024365804172361775,0.11651988125593048,0.8591143145717078
25661,LOF,0.08536351181307524,0.0737875331508493,0.8408489550360755
25662,LOF,0.034028380037208435,0.03629087507072273,0.9296807448920689
25663,LOF,0.038625968520492826,0.044543459648160796,0.9168305718313463
25664,LOF,0.13338491805336214,0.07242363084810663,0.7941914510985312
25665,LOF,0.05855650033989216,0.030254065038300693,0.9111894346218072
25666,LOF,0.0948658802707041,0.07091428563770018,0.8342198340915958
25667,LOF,0.07394446053396223,0.054183597228885744,0.871871942237152
25668,LOF,0.03693153504406439,0.06050785146521135,0.9025606134907241
25669,LOF,0.02998814154392492,0.0602882644452689,0.9097235940108062
25670,LOF,0.13365578139829903,0.06616437803000746,0.8001798405716936
25671,LOF,0.10620498594280765,0.04396437094532968,0.8498306431118627
25672,LOF,0.04988988024805664,0.04411681238237309,0.9059933073695703
25673,LOF,0.09374728374733547,0.04754905581975123,0.8587036604329132
25674,LOF,0.07601527216171614,0.061984475701400615,0.8620002521368831
25675,LOF,0.11140527230421236,0.07540972014768714,0.8131850075481005
25676,LOF,0.01852473512504663,0.06066921146601961,0.9208060534089338
25677,LOF,0.02289526127940173,0.07770301856753138,0.8994017201530669
25678,LOF,0.20528670712695948,0.09640244653394223,0.6983108463390983
25679,LOF,0.11825866419318207,0.08712627458584851,0.7946150612209695
25680,LOF,0.030588426595490475,0.12998474849484637,0.8394268249096631
25681,LOF,0.04642071485351023,0.12395581617584792,0.8296234689706419
25682,LOF,0.13205726960633368,0.09283363699299668,0.7751090934006697
25683,LOF,0.11649921824083292,0.09905538820595317,0.784445393553214
25684,LOF,0.036325910083903463,0.07705255639585186,0.8866215335202446
25685,LOF,0.11396801773405828,0.07092800742009178,0.81510397484585
25686,LOF,0.07287716724523041,0.11887552704103568,0.8082473057137339
25687,LOF,0.12040877736746959,0.12139950581148956,0.7581917168210408
25688,LOF,0.4158213877720039,0.042992578298731564,0.5411860339292646
25689,LOF,0.3065636507422345,0.04341585333046286,0.6500204959273026
25690,LOF,0.31843904808851975,0.02737846777801007,0.6541824841334701
25691,Neutral,0.7144601363333363,0.028640457255792402,0.25689940641087133
25692,LOF,0.3739669151527659,0.010529939002398143,0.615503145844836
25693,LOF,0.036942004828417606,0.4229553863461404,0.540102608825442
25694,LOF,0.1225030472613932,0.02173409966620917,0.8557628530723977
25695,LOF,0.11515311192318334,0.01546822313908288,0.8693786649377337
25696,LOF,0.12555651025442188,0.017493488365340263,0.8569500013802379
25697,LOF,0.07104694931144985,0.11204317744842043,0.8169098732401296
25698,LOF,0.31785192536356616,0.18437676120320984,0.49777131343322395
25699,LOF,0.454016224296663,0.03411609085813524,0.5118676848452017
25700,LOF,0.0834112565344908,0.01175900949214581,0.9048297339733633
25701,LOF,0.1851693259366169,0.0527306410365096,0.7621000330268736
25702,GOF,0.1780562008095222,0.6330690866192666,0.18887471257121113
25703,LOF,0.018919386926375105,0.16635603750307693,0.8147245755705479
25704,LOF,0.03849858200248389,0.15114805685794322,0.8103533611395728
25705,LOF,0.03704668588022684,0.09039613872557312,0.8725571753942
25706,LOF,0.14781950910629152,0.30964123719864134,0.5425392536950672
25707,LOF,0.10164040987824322,0.23526846848834254,0.6630911216334143
25708,LOF,0.04328532295231726,0.22648861515321517,0.7302260618944676
25709,LOF,0.05995833509350788,0.02884919354117116,0.911192471365321
25710,LOF,0.014303352334196889,0.09638000591854361,0.8893166417472596
25711,LOF,0.01997363901223467,0.0622798298818843,0.917746531105881
25712,LOF,0.016970260412200615,0.1397411505165341,0.8432885890712652
25713,LOF,0.01855924288572349,0.06616839524654071,0.9152723618677359
25714,LOF,0.07198744040245877,0.045757227387012704,0.8822553322105285
25715,LOF,0.012165126794225403,0.09530866863865928,0.8925262045671153
25716,LOF,0.013675863926836833,0.08675364747859164,0.8995704885945716
25717,LOF,0.016636221042045898,0.06061313247823238,0.9227506464797218
25718,LOF,0.011552565523550195,0.055928992972236,0.9325184415042139
25719,LOF,0.022338811948953635,0.0527616755165528,0.9248995125344935
25720,LOF,0.024632819344102604,0.044007822276975236,0.931359358378922
25721,LOF,0.013545949898168732,0.07773574542814421,0.9087183046736871
25722,LOF,0.0142537704616014,0.06868159590076224,0.9170646336376364
25723,LOF,0.023952296102295437,0.030621365356685967,0.9454263385410185
25724,LOF,0.03326018798316736,0.05010113211195674,0.916638679904876
25725,LOF,0.011906866729745757,0.04853219774113961,0.9395609355291146
25726,LOF,0.015878207579946665,0.06891596917502725,0.9152058232450261
25727,LOF,0.01278641417581848,0.05224610212516886,0.9349674836990126
25728,LOF,0.010318284835372416,0.06411744874239748,0.92556426642223
25729,LOF,0.010624077853573097,0.06564988631977091,0.9237260358266561
25730,LOF,0.0137692924329463,0.063753643288844,0.9224770642782097
25731,LOF,0.02276813210597227,0.06970799313459566,0.907523874759432
25732,LOF,0.013820241152654426,0.04112904354433737,0.9450507153030082
25733,LOF,0.01785140439449728,0.04423204144361231,0.9379165541618903
25734,LOF,0.012802359206045479,0.08319810626043372,0.9039995345335208
25735,LOF,0.011955289728567704,0.05575946669840705,0.9322852435730252
25736,LOF,0.012481479721358591,0.0693809445059757,0.9181375757726657
25737,LOF,0.01223141275739109,0.06236571159102718,0.9254028756515816
25738,LOF,0.011686370346168106,0.0666588060177036,0.9216548236361283
25739,LOF,0.021258710385827263,0.05201147355683432,0.9267298160573384
25740,LOF,0.026654835942107907,0.07622835976279194,0.8971168042951001
25741,LOF,0.01519077982603835,0.07316628250038708,0.9116429376735746
25742,LOF,0.1028814672436987,0.050286085200648666,0.8468324475556527
25743,LOF,0.03766323470366846,0.06765235078573308,0.8946844145105984
25744,Neutral,0.5723713941302682,0.2564177656934561,0.17121084017627572
25745,LOF,0.06703421493989105,0.08419712220763638,0.8487686628524725
25746,LOF,0.04465411102555575,0.11133161282263873,0.8440142761518055
25747,LOF,0.02294578722798092,0.09676158371674161,0.8802926290552775
25748,LOF,0.12579731063630686,0.1552426688091814,0.7189600205545118
25749,LOF,0.029790626884945805,0.10704416471486526,0.8631652084001891
25750,LOF,0.06880204594510367,0.11464802782746196,0.8165499262274344
25751,LOF,0.0881532629485096,0.16669981000064787,0.7451469270508425
25752,GOF,0.11506545399208962,0.6385426364201751,0.24639190958773524
25753,LOF,0.02675108128515231,0.28930493198028456,0.6839439867345631
25754,GOF,0.014268278659754824,0.8104214624031953,0.17531025893704974
25755,LOF,0.02676006980627879,0.37462087830155494,0.5986190518921662
25756,LOF,0.05165923766814493,0.35173972274807874,0.5966010395837764
25757,GOF,0.0225262081326513,0.8658276289361441,0.11164616293120462
25758,GOF,0.031111528077654018,0.7896664070691791,0.179222064853167
25759,GOF,0.011804024248524832,0.6306325918712077,0.35756338388026754
25760,LOF,0.016109128337118264,0.2890818687014298,0.6948090029614519
25761,GOF,0.2803284770866484,0.6344642486940542,0.08520727421929737
25762,LOF,0.04453074909878146,0.2726524207020027,0.6828168301992159
25763,LOF,0.015377294105190363,0.206095692792657,0.7785270131021526
25764,GOF,0.07789570269480336,0.6619937349094774,0.2601105623957192
25765,GOF,0.03298376100639226,0.7469186824819557,0.22009755651165194
25766,GOF,0.08264415986806038,0.7885584749439882,0.12879736518795148
25767,GOF,0.1680293552706601,0.5211315400403794,0.31083910468896053
25768,LOF,0.10643152098978194,0.059837987971019545,0.8337304910391984
25769,LOF,0.04499202020017134,0.0809647374402359,0.8740432423595927
25770,LOF,0.3375533624441056,0.11364803953890612,0.5487985980169883
25771,LOF,0.04732343847024927,0.05582992917403946,0.8968466323557113
25772,LOF,0.01758766200367892,0.0522509393658854,0.9301613986304357
25773,LOF,0.05615098598629448,0.0878076584484287,0.8560413555652769
25774,LOF,0.026579266152950413,0.10747391657917935,0.8659468172678704
25775,LOF,0.06557701271864093,0.05568920535643443,0.8787337819249247
25776,LOF,0.06230795784818553,0.031971528548176205,0.9057205136036381
25777,LOF,0.3490676090298062,0.09233985444905783,0.558592536521136
25778,LOF,0.059647790982062486,0.0502246738530624,0.8901275351648752
25779,GOF,0.3966889551608595,0.5455713566336962,0.05773968820544445
25780,GOF,0.3388677652299033,0.5649994718121994,0.0961327629578973
25781,GOF,0.12293989995845016,0.7556209708045754,0.12143912923697449
25782,GOF,0.20465616819462445,0.7017446652509425,0.09359916655443302
25783,GOF,0.022575916047841746,0.6236728370272564,0.3537512469249018
25784,Neutral,0.5276286462593944,0.4270603296157247,0.045311024124880764
25785,Neutral,0.49499464213679056,0.45037091442056687,0.054634443442642594
25786,GOF,0.028810310154046358,0.740317237388747,0.23087245245720667
25787,Neutral,0.6871808474414933,0.2790796099322257,0.03373954262628093
25788,LOF,0.05907692269450608,0.08379069634482886,0.8571323809606651
25789,GOF,0.1995570455467747,0.6304987007481795,0.16994425370504587
25790,GOF,0.251205855928317,0.6345129128095197,0.11428123126216327
25791,GOF,0.14177428429208488,0.6841515833707863,0.17407413233712876
25792,GOF,0.3534100111954575,0.5148215445016282,0.13176844430291426
25793,GOF,0.2439183930326341,0.4933425901237795,0.2627390168435865
25794,GOF,0.33480641311805015,0.455278843486725,0.2099147433952249
25795,GOF,0.07010109740731381,0.6668515144591797,0.26304738813350653
25796,Neutral,0.52400646780398,0.38840602005342945,0.08758751214259052
25797,GOF,0.09546169193701023,0.5356577398475039,0.368880568215486
25798,GOF,0.009668931590429045,0.4968595666273587,0.49347150178221233
25799,LOF,0.00737058203344581,0.4086006301301595,0.5840287878363947
25800,GOF,0.037561657232156764,0.5640265327319808,0.3984118100358625
25801,GOF,0.2258481414683843,0.6525025442712549,0.12164931426036074
25802,GOF,0.06117161153988438,0.666973646228297,0.27185474223181855
25803,GOF,0.03798169033216944,0.5505677299057882,0.4114505797620424
25804,GOF,0.03671200061608813,0.48864593975768483,0.474642059626227
25805,GOF,0.1318951563526312,0.5524653716595825,0.3156394719877863
25806,GOF,0.138906065248073,0.5523329627518272,0.3087609720000999
25807,GOF,0.025342847842666574,0.606183981841565,0.36847317031576843
25808,GOF,0.10829911406814022,0.5916493679285311,0.30005151800332863
25809,GOF,0.018378197886986476,0.6028552849041808,0.3787665172088328
25810,GOF,0.018645289435069018,0.6076376575504074,0.3737170530145234
25811,Neutral,0.5110812009235477,0.4096525114883793,0.07926628758807301
25812,GOF,0.03756959990913766,0.6067680600314734,0.3556623400593888
25813,Neutral,0.5665628040126424,0.3107838994073083,0.12265329658004946
25814,GOF,0.14131895065796232,0.62932365552332,0.22935739381871764
25815,GOF,0.23078562197200964,0.5594926370667211,0.20972174096126933
25816,GOF,0.023258195980192648,0.6430339282707168,0.33370787574909055
25817,GOF,0.26162817611667055,0.5977470717515778,0.14062475213175166
25818,GOF,0.05976031500871625,0.551632106858321,0.3886075781329627
25819,GOF,0.3916046570836175,0.4255302227769864,0.1828651201393961
25820,GOF,0.2267888654713747,0.545674446509606,0.22753668801901938
25821,GOF,0.06412687799248351,0.6439452555110962,0.29192786649642044
25822,GOF,0.2374157803259137,0.5019279095855876,0.26065631008849854
25823,LOF,0.03497796276763442,0.48242694385143303,0.48259509338093254
25824,GOF,0.09224778593455303,0.5060775499707404,0.4016746640947066
25825,GOF,0.033507872960055814,0.5124650992985234,0.4540270277414208
25826,GOF,0.013144981576479068,0.5067145118192381,0.48014050660428276
25827,GOF,0.026181203020514104,0.5750219825028426,0.3987968144766433
25828,LOF,0.016691914943150418,0.48154748932479935,0.5017605957320503
25829,GOF,0.006557209777868586,0.5118340923996828,0.4816086978224487
25830,LOF,0.04448063698991765,0.27988846065247314,0.6756309023576093
25831,GOF,0.19104152183802864,0.6709675383224899,0.13799093983948144
25832,GOF,0.034105735052863885,0.6354384806620242,0.33045578428511196
25833,GOF,0.14607295127307882,0.6498078804742167,0.20411916825270446
25834,GOF,0.03963056134642272,0.6418857848802592,0.3184836537733181
25835,GOF,0.08916600324556397,0.6499524052852892,0.2608815914691468
25836,GOF,0.04749636373225529,0.5962080348258212,0.3562956014419235
25837,GOF,0.02175781589444493,0.49642806778552245,0.4818141163200327
25838,GOF,0.077527818214904,0.6960573764242708,0.22641480536082514
25839,GOF,0.302959981445851,0.5181803838569361,0.17885963469721286
25840,GOF,0.2151725684547765,0.5654547294884699,0.21937270205675366
25841,GOF,0.23255934271755516,0.567778540569966,0.19966211671247894
25842,GOF,0.18261426925400218,0.6262052975540167,0.19118043319198116
25843,GOF,0.20974163413663374,0.6379074143494204,0.1523509515139459
25844,GOF,0.05843770013124295,0.6050672087867847,0.3364950910819724
25845,LOF,0.013748504405062815,0.4394470472897146,0.5468044483052226
25846,GOF,0.10565622366258538,0.6965935546863582,0.1977502216510564
25847,GOF,0.12295642577129036,0.7052777928929965,0.17176578133571316
25848,GOF,0.033970338605248604,0.6307498475811018,0.3352798138136495
25849,GOF,0.00976298735713834,0.5235250926818342,0.4667119199610273
25850,GOF,0.023887018290096273,0.6178582698934298,0.35825471181647395
25851,GOF,0.016464377780674524,0.5185095805577328,0.4650260416615928
25852,GOF,0.18771602762564796,0.5245906517621169,0.2876933206122352
25853,GOF,0.35137433269858315,0.5548752932343622,0.09375037406705457
25854,GOF,0.01943024134168597,0.5827239051896903,0.39784585346862367
25855,GOF,0.03880966961964025,0.5524339942757232,0.40875633610463663
25856,GOF,0.25266365493824283,0.5087733155757763,0.23856302948598082
25857,LOF,0.037140618940587636,0.4644972706973013,0.498362110362111
25858,GOF,0.017755096194109164,0.5372977160233889,0.4449471877825019
25859,GOF,0.010280464394149093,0.5203732320647931,0.4693463035410578
25860,GOF,0.381177153486633,0.5217541217933549,0.09706872472001205
25861,GOF,0.401524716918543,0.5188628416527582,0.07961244142869874
25862,GOF,0.08757769560801304,0.7444321890073399,0.16799011538464695
25863,GOF,0.09028158381865681,0.7459388562921803,0.163779559889163
25864,GOF,0.20942271511170904,0.7011593563173002,0.08941792857099068
25865,GOF,0.09336295814835156,0.7648502338485188,0.14178680800312957
25866,GOF,0.05992013490040214,0.7710650833676508,0.16901478173194714
25867,GOF,0.08298997056720991,0.7834274198119427,0.13358260962084742
25868,GOF,0.2866708980953038,0.5864680870842915,0.1268610148204047
25869,Neutral,0.7074493946554258,0.2413602582270253,0.05119034711754899
25870,LOF,0.34071660363906536,0.24999493068549902,0.40928846567543553
25871,GOF,0.21778432614058688,0.5953917816636376,0.18682389219577555
25872,GOF,0.08772185045718744,0.602880342758137,0.30939780678467554
25873,GOF,0.15721058645785757,0.6038964747404277,0.23889293880171458
25874,LOF,0.023309627394533145,0.10995956622286968,0.866730806382597
25875,LOF,0.08197288077238321,0.05069479596789487,0.867332323259722
25876,LOF,0.029951009237939637,0.05198937951475147,0.918059611247309
25877,Neutral,0.5292637079189423,0.056814764197647014,0.41392152788341063
25878,LOF,0.23407547399199471,0.09655020839211233,0.6693743176158928
25879,LOF,0.0908678256673965,0.09587591061597181,0.8132562637166317
25880,LOF,0.023743225888161218,0.026755081549213626,0.9495016925626251
25881,LOF,0.1859782795662301,0.14556764984374249,0.6684540705900274
25882,LOF,0.06941020974613113,0.01830008787168529,0.9122897023821835
25883,LOF,0.0781894658911814,0.02525386582415983,0.8965566682846587
25884,LOF,0.04107586160395397,0.03910809408527817,0.9198160443107679
25885,LOF,0.06873654207066275,0.015187928574278062,0.9160755293550592
25886,LOF,0.3322894951074795,0.045025131421270105,0.6226853734712504
25887,LOF,0.18675502505279817,0.0801397860817893,0.7331051888654125
25888,LOF,0.07104971165717748,0.06916092450772734,0.8597893638350952
25889,LOF,0.054267786685550254,0.027303710733870716,0.9184285025805791
25890,LOF,0.04830096250226311,0.12457306472939683,0.82712597276834
25891,LOF,0.03532517195751138,0.06624315601892206,0.8984316720235666
25892,LOF,0.10864792869554492,0.02215124717447983,0.8692008241299751
25893,LOF,0.28050990001360293,0.017139952466385635,0.7023501475200115
25894,LOF,0.1783402041842115,0.00937909910770143,0.8122806967080871
25895,LOF,0.20374148986043833,0.021223253584318123,0.7750352565552436
25896,LOF,0.04671581057424998,0.020026010804491456,0.9332581786212586
25897,LOF,0.25018225711122527,0.013917975115340613,0.735899767773434
25898,Neutral,0.7234021343116958,0.009579355702592118,0.26701850998571214
25899,LOF,0.24357169054391117,0.024643734681882835,0.7317845747742061
25900,LOF,0.4345595440475735,0.016000042000353005,0.5494404139520734
25901,LOF,0.058158966814518355,0.012024444846599043,0.9298165883388826
25902,LOF,0.17566452143154768,0.010687838321246982,0.8136476402472054
25903,Neutral,0.5068155603342785,0.028004424324220286,0.4651800153415011
25904,LOF,0.278745048702536,0.04899447000475291,0.6722604812927111
25905,LOF,0.028025232487970436,0.29488431859705955,0.6770904489149701
25906,LOF,0.022699891840045686,0.059685064032368486,0.9176150441275859
25907,LOF,0.015908052789603923,0.3050232540530093,0.6790686931573867
25908,LOF,0.010602156590594844,0.21024151742762653,0.7791563259817786
25909,LOF,0.013908959979041067,0.12051223312187272,0.8655788068990863
25910,LOF,0.043500004826770015,0.10202174575743263,0.8544782494157973
25911,LOF,0.139238758991407,0.035555413116540875,0.8252058278920521
25912,LOF,0.042886138522426585,0.04882652897882325,0.9082873324987503
25913,LOF,0.2853340897639984,0.021739194387931936,0.6929267158480696
25914,LOF,0.024939336947638745,0.11110112274579563,0.8639595403065657
25915,Neutral,0.4424962625087753,0.257628700315753,0.29987503717547176
25916,LOF,0.07348942368490709,0.28234377569409586,0.6441668006209971
25917,LOF,0.06792051855569702,0.05280882784371482,0.8792706536005881
25918,LOF,0.03217147407598696,0.05679889120337827,0.9110296347206348
25919,LOF,0.02658178643584493,0.0644335093379371,0.9089847042262179
25920,GOF,0.07969763383081559,0.5077576613645547,0.4125447048046298
25921,LOF,0.03192936052266284,0.019131310919534208,0.9489393285578028
25922,LOF,0.042625472616908314,0.012393314301788028,0.9449812130813036
25923,LOF,0.3834163699347721,0.017055473734371843,0.599528156330856
25924,LOF,0.041115891343608504,0.0295418310361521,0.9293422776202394
25925,LOF,0.06816970641212754,0.023433036299827337,0.9083972572880451
25926,LOF,0.04709580336906099,0.01747488190786473,0.9354293147230742
25927,LOF,0.06813815910568195,0.05487760234268819,0.8769842385516298
25928,LOF,0.02441687420021481,0.024966131697288858,0.9506169941024963
25929,Neutral,0.5090400579764659,0.018309630644736584,0.4726503113787975
25930,LOF,0.05283837855498483,0.01431681744203144,0.9328448040029836
25931,LOF,0.03348606883416306,0.017946650891285994,0.9485672802745508
25932,LOF,0.027455204744567804,0.015488039629476265,0.9570567556259559
25933,LOF,0.03774043644247869,0.00933529458034008,0.9529242689771812
25934,LOF,0.023532549460087933,0.011008940949631608,0.9654585095902805
25935,LOF,0.06361634047334455,0.028326327657360446,0.9080573318692949
25936,LOF,0.04612670314636601,0.013320721079429968,0.9405525757742039
25937,LOF,0.030590208966331498,0.023802403073635216,0.9456073879600333
25938,LOF,0.06320168891992246,0.030366424122228498,0.906431886957849
25939,LOF,0.03763867294539191,0.009511385534903402,0.9528499415197047
25940,LOF,0.026401209279117314,0.3616359337231951,0.6119628569976877
25941,LOF,0.15802992727743523,0.10137146647349528,0.7405986062490695
25942,LOF,0.01724476590308479,0.034705495933584886,0.9480497381633304
25943,LOF,0.3273076437983704,0.05505219380069735,0.6176401624009322
25944,Neutral,0.4873694115069039,0.030949405308951922,0.4816811831841441
25945,LOF,0.07867188796857892,0.02523971269902141,0.8960883993323997
25946,LOF,0.026597860127066133,0.12902725640027685,0.844374883472657
25947,LOF,0.1236924479643143,0.1899048654264556,0.6864026866092301
25948,LOF,0.42692952744539764,0.020746681194430194,0.5523237913601721
25949,LOF,0.09338890940620298,0.07636828554081454,0.8302428050529825
25950,GOF,0.30533220400193584,0.3954052657215985,0.2992625302764656
25951,LOF,0.24527420498454672,0.22758442314772206,0.5271413718677311
25952,LOF,0.05975105733592722,0.4561399819754628,0.48410896068860987
25953,LOF,0.16135276361425155,0.10885380984570192,0.7297934265400465
25954,Neutral,0.42661938524283116,0.1854955415542809,0.38788507320288784
25955,LOF,0.06001464436524556,0.0875860784263372,0.8523992772084171
25956,LOF,0.17210168102828766,0.08326907777793587,0.7446292411937765
25957,LOF,0.038506576616195706,0.03129503979631491,0.9301983835874894
25958,LOF,0.05224591286041046,0.03192089176824326,0.9158331953713463
25959,LOF,0.06424102201981303,0.3193312695602563,0.6164277084199307
25960,LOF,0.021490776977545343,0.06335324698896788,0.9151559760334868
25961,LOF,0.04593537182293941,0.03930693982853408,0.9147576883485264
25962,LOF,0.06171167566611854,0.037385072732820206,0.9009032516010612
25963,LOF,0.04830785664974344,0.1858258217196706,0.7658663216305859
25964,LOF,0.031352106409666625,0.15016084288401083,0.8184870507063225
25965,LOF,0.45573078408928963,0.07519767098499833,0.469071544925712
25966,LOF,0.4159304336071643,0.16503344439705508,0.41903612199578066
25967,LOF,0.012358961848188976,0.07301610131714766,0.9146249368346634
25968,LOF,0.03413496288371198,0.4723005504948749,0.493564486621413
25969,LOF,0.024193991587997385,0.06145252302001772,0.9143534853919849
25970,LOF,0.05971416121730147,0.0657533264082477,0.874532512374451
25971,LOF,0.0728799655320516,0.01711375450762926,0.9100062799603191
25972,LOF,0.082156127226604,0.025949673212643028,0.8918941995607529
25973,LOF,0.09659074881336265,0.00631863289670139,0.897090618289936
25974,LOF,0.23857092180101955,0.017088903124500825,0.7443401750744797
25975,LOF,0.05175976825098029,0.024938818219924802,0.9233014135290949
25976,LOF,0.04893551130235648,0.01552358511352313,0.9355409035841203
25977,LOF,0.1409314642084811,0.09651366757036572,0.762554868221153
25978,LOF,0.11116189387631846,0.066192244882603,0.8226458612410786
25979,LOF,0.11130629275878579,0.05956803770532385,0.8291256695358903
25980,LOF,0.13160516889646093,0.08164512451169438,0.7867497065918446
25981,LOF,0.16420063912995495,0.08006064147152633,0.7557387193985188
25982,LOF,0.3498836186031182,0.05131261179846666,0.5988037695984152
25983,LOF,0.3466580555464902,0.049684708588647736,0.6036572358648621
25984,LOF,0.04937754644972297,0.07800057684265778,0.8726218767076193
25985,LOF,0.02293946119486569,0.2831525195383411,0.6939080192667931
25986,LOF,0.033562607005882344,0.2980451734727321,0.6683922195213856
25987,LOF,0.07745927801024284,0.08663601977180826,0.8359047022179489
25988,LOF,0.12071824637560215,0.07100401274954649,0.8082777408748513
25989,LOF,0.02760199950823326,0.14914206968697175,0.823255930804795
25990,LOF,0.03347076341659677,0.17843559488165708,0.788093641701746
25991,GOF,0.20232348489063942,0.4028679386166478,0.3948085764927127
25992,LOF,0.37244530187694047,0.2364956301009208,0.39105906802213863
25993,LOF,0.023605768997793233,0.0798884290259214,0.8965058019762854
25994,LOF,0.016425972575078444,0.12324531489642032,0.8603287125285012
25995,LOF,0.025046795480017963,0.20711751115654523,0.7678356933634368
25996,GOF,0.25019377524743597,0.5769120487782338,0.17289417597433035
25997,GOF,0.09850366099581642,0.580627420415007,0.32086891858917643
25998,Neutral,0.5260411533703887,0.013336397116950194,0.46062244951266096
25999,LOF,0.11186486445099961,0.17208989322225504,0.7160452423267453
26000,LOF,0.1744269879843544,0.032316649197889916,0.7932563628177557
26001,LOF,0.19171198371191978,0.03882082846230175,0.7694671878257784
26002,LOF,0.15592248058076386,0.03527284085883323,0.808804678560403
26003,GOF,0.008049508639993565,0.6417968663353455,0.35015362502466085
26004,GOF,0.021178527472143216,0.7027197617561172,0.2761017107717395
26005,GOF,0.007959415849426678,0.540938592215438,0.4511019919351353
26006,Neutral,0.4922992776083448,0.2864438522697448,0.22125687012191028
26007,GOF,0.015779496656674552,0.5842785795444587,0.3999419237988668
26008,GOF,0.019179546615647136,0.642047577326355,0.3387728760579979
26009,GOF,0.021564632984511244,0.6521039181834734,0.32633144883201537
26010,GOF,0.025682503021727126,0.6628346531487185,0.3114828438295545
26011,GOF,0.007863470980251972,0.5400286855794684,0.4521078434402796
26012,GOF,0.015480962661339455,0.6233205327202122,0.3611985046184485
26013,GOF,0.01849273514154073,0.6631796116053542,0.318327653253105
26014,LOF,0.049603082006502736,0.16513426224301442,0.7852626557504828
26015,LOF,0.21156108843525173,0.01216019834004711,0.7762787132247011
26016,LOF,0.2375103533259023,0.05090401704150634,0.7115856296325913
26017,LOF,0.20101909930808434,0.07851275677173161,0.720468143920184
26018,LOF,0.08775632628644425,0.049925032526946925,0.8623186411866088
26019,LOF,0.08262985540781267,0.03744356716368156,0.8799265774285057
26020,LOF,0.05857862566168059,0.11953697459361687,0.8218843997447025
26021,LOF,0.05217184466225759,0.1317699851391649,0.8160581701985775
26022,LOF,0.012142582744823811,0.06553280838503013,0.9223246088701461
26023,LOF,0.11099321138009616,0.034274337448318995,0.8547324511715848
26024,LOF,0.02989505458034463,0.11215088756217655,0.8579540578574788
26025,LOF,0.1479391291878576,0.12205393766827176,0.7300069331438707
26026,LOF,0.3001520399455601,0.029479397150290066,0.6703685629041499
26027,LOF,0.0819444716584259,0.026975407802376016,0.8910801205391982
26028,LOF,0.13939959212598116,0.11400797102117748,0.7465924368528415
26029,LOF,0.08181395941513274,0.12336736256314786,0.7948186780217193
26030,LOF,0.027856072251146856,0.04642477054252563,0.9257191572063275
26031,LOF,0.03306012857457728,0.10426117243727968,0.862678698988143
26032,LOF,0.07455628919346408,0.051056629450005046,0.8743870813565309
26033,LOF,0.12317850746355252,0.058496686063960024,0.8183248064724874
26034,LOF,0.04575097014207266,0.10918423300598847,0.8450647968519389
26035,LOF,0.032398145414046405,0.09792633698544077,0.8696755176005128
26036,LOF,0.048199352563994255,0.11575414750690233,0.8360464999291035
26037,LOF,0.027328581010068718,0.08435335805848979,0.8883180609314415
26038,LOF,0.07060852925598675,0.05049930872706495,0.8788921620169482
26039,LOF,0.06540476942553872,0.10641039022086891,0.8281848403535923
26040,LOF,0.22871254551576742,0.09287420918452116,0.6784132452997114
26041,LOF,0.027236779188861814,0.07940640746392708,0.8933568133472111
26042,LOF,0.026627530394624125,0.07825704051604726,0.8951154290893285
26043,LOF,0.0688843759420982,0.06478666437174115,0.8663289596861606
26044,LOF,0.02370004591038058,0.059967547504833185,0.9163324065847862
26045,LOF,0.07817619239225683,0.07765297013824123,0.8441708374695018
26046,LOF,0.07234676879658454,0.06783554790992352,0.8598176832934918
26047,LOF,0.10397363012207014,0.07712673342453043,0.8188996364533994
26048,LOF,0.05100667611118082,0.05030584412486922,0.8986874797639499
26049,Neutral,0.9542254692265602,0.006666239573873784,0.0391082911995661
26050,Neutral,0.9347475431798865,0.008239356534806647,0.05701310028530696
26051,LOF,0.048622071145995496,0.3195723916405337,0.6318055372134708
26052,LOF,0.0759577765084302,0.319660038484315,0.6043821850072548
26053,LOF,0.05636192777700718,0.1557989318747232,0.7878391403482696
26054,LOF,0.0584865929375244,0.03421434917143784,0.9072990578910377
26055,LOF,0.07370700780657449,0.02423306552834182,0.9020599266650837
26056,LOF,0.0584604355038078,0.027365581984033813,0.9141739825121583
26057,LOF,0.03028123153572272,0.014017348636802672,0.9557014198274747
26058,LOF,0.030726895429772094,0.01243223668294997,0.9568408678872778
26059,LOF,0.2883278533870133,0.044147290086586514,0.6675248565264001
26060,LOF,0.028604676219821847,0.2171872810900567,0.7542080426901215
26061,LOF,0.019202655523318082,0.01740579474265179,0.9633915497340301
26062,LOF,0.011230402065150684,0.027444706376791177,0.9613248915580581
26063,LOF,0.021642951463169472,0.01573665360232566,0.962620394934505
26064,LOF,0.026391928818675286,0.0278362524029837,0.945771818778341
26065,LOF,0.02511302718268518,0.016228561524363316,0.9586584112929516
26066,LOF,0.020674850442021064,0.015190793361941497,0.9641343561960374
26067,LOF,0.025751950962707406,0.01088516167523424,0.9633628873620582
26068,LOF,0.047103528163980626,0.048784607195702295,0.904111864640317
26069,LOF,0.2479483762078818,0.03210729584059007,0.7199443279515281
26070,LOF,0.42176328476826125,0.021987231624423845,0.556249483607315
26071,LOF,0.022115541486858917,0.015984423733282647,0.9619000347798583
26072,LOF,0.02236477319416631,0.02419211636699193,0.9534431104388418
26073,LOF,0.023950849360076142,0.015898133942991357,0.9601510166969325
26074,Neutral,0.9161524023116985,0.007912467737389304,0.07593512995091217
26075,LOF,0.04285165481094322,0.019637424856674576,0.9375109203323823
26076,LOF,0.04536854262323983,0.011827726085942366,0.9428037312908177
26077,LOF,0.009612547097561881,0.025211582168354164,0.965175870734084
26078,LOF,0.014137366620252669,0.01733159335791689,0.9685310400218304
26079,LOF,0.052072270440546645,0.024980917530277483,0.9229468120291758
26080,LOF,0.051095060007112184,0.02505969407298697,0.9238452459199008
26081,LOF,0.03450743525727572,0.009426245279022933,0.9560663194637014
26082,LOF,0.018359886235978548,0.02847457959570038,0.9531655341683212
26083,LOF,0.1294417177817836,0.019057680225336122,0.8515006019928802
26084,LOF,0.027357337925949174,0.018480827090277093,0.9541618349837737
26085,LOF,0.022628213391736,0.017683990919178466,0.9596877956890856
26086,LOF,0.025563855459443757,0.015388806630586924,0.9590473379099692
26087,LOF,0.024409113152617064,0.010444260418383753,0.9651466264289992
26088,LOF,0.018342951010211852,0.031632905464383604,0.9500241435254045
26089,LOF,0.0452248085308595,0.03454843503051209,0.9202267564386285
26090,LOF,0.0430383840171972,0.026094696583992577,0.9308669193988103
26091,LOF,0.03893963162740236,0.008578173822244232,0.9524821945503533
26092,LOF,0.02641563586320491,0.01154048276349627,0.9620438813732988
26093,LOF,0.03644085116941822,0.00889767437494386,0.954661474455638
26094,LOF,0.04015527567159056,0.009145226147599664,0.9506994981808097
26095,LOF,0.05187101253774919,0.022430644222003204,0.9256983432402477
26096,LOF,0.020851555966085494,0.02045875406253872,0.9586896899713757
26097,LOF,0.01026295745142156,0.060819598691020424,0.9289174438575579
26098,LOF,0.06991159516376087,0.015483200202574125,0.9146052046336649
26099,LOF,0.023989250154922755,0.01969216704244132,0.9563185828026358
26100,LOF,0.025421377361924957,0.019005984425878825,0.9555726382121962
26101,LOF,0.054824372719238755,0.019605767491643784,0.9255698597891175
26102,LOF,0.025168223090117642,0.01897662188274197,0.9558551550271405
26103,Neutral,0.8822615270441326,0.02832964249736562,0.0894088304585017
26104,LOF,0.06484044396620546,0.04516839322614524,0.8899911628076493
26105,LOF,0.22420987086676172,0.24258812810673003,0.5332020010265083
26106,LOF,0.19455128929674007,0.14732657494716506,0.6581221357560949
26107,LOF,0.27394260356530875,0.08697407976956052,0.6390833166651307
26108,LOF,0.25897651609805167,0.12387589833892515,0.6171475855630232
26109,LOF,0.07919769334099633,0.13384054758379801,0.7869617590752056
26110,LOF,0.23495770450395825,0.009294970640645894,0.7557473248553959
26111,LOF,0.45281774100638245,0.022619544429540152,0.5245627145640774
26112,LOF,0.03265383871408946,0.01073004656752514,0.9566161147183854
26113,LOF,0.05176884499473452,0.021993967087034823,0.9262371879182305
26114,LOF,0.02163006647589704,0.025383619220492575,0.9529863143036104
26115,LOF,0.09104765925994102,0.05373081569526541,0.8552215250447937
26116,LOF,0.059930721674282934,0.04364753476657428,0.8964217435591428
26117,LOF,0.407462291672797,0.05316765577858175,0.5393700525486211
26118,LOF,0.04272544621338991,0.02972963076190695,0.9275449230247033
26119,LOF,0.023781427423509274,0.0342473108623963,0.9419712617140945
26120,LOF,0.03127777786219608,0.026349726289522,0.942372495848282
26121,LOF,0.05836741185908769,0.07948645468464252,0.8621461334562698
26122,LOF,0.05336213968441521,0.035404739682168965,0.9112331206334158
