feature0,prediction,LoGoFunc_Neutral,LoGoFunc_GOF,LoGoFunc_LOF
25546,Neutral,0.599092784486725,0.16523989063274258,0.23566732488053244
25547,Neutral,0.46865065829763825,0.24882300012337363,0.28252634157898804
25548,Neutral,0.38874129450838035,0.2457167103738112,0.3655419951178084
25549,LOF,0.3637919751108926,0.24154249116953036,0.394665533719577
25550,LOF,0.3409958004580368,0.2700421951793706,0.3889620043625926
25551,LOF,0.24470543448481552,0.2745976979999991,0.4806968675151853
25552,LOF,0.22994345725006507,0.3080208596366696,0.46203568311326537
25553,Neutral,0.7528997057020078,0.12801347816974193,0.11908681612825019
25554,LOF,0.273290109771045,0.2663054953356109,0.46040439489334395
25555,LOF,0.19712628423807393,0.27628601629087984,0.5265876994710461
25556,LOF,0.36538299605038815,0.24524514912663184,0.38937185482298003
25557,LOF,0.2140599621817061,0.26033498833666385,0.52560504948163
25558,LOF,0.25947987858122384,0.3067623804038244,0.4337577410149516
25559,LOF,0.34518245477708903,0.06110233021387664,0.5937152150090343
25560,LOF,0.039306239144308155,0.22042941626576085,0.740264344589931
25561,LOF,0.02939523290402103,0.3622574252128664,0.6083473418831126
25562,LOF,0.038616075625114675,0.11682115548625417,0.8445627688886312
25563,LOF,0.010187277223856296,0.20510128217124154,0.784711440604902
25564,LOF,0.05157320594877688,0.06492332047734203,0.883503473573881
25565,LOF,0.1636365099215798,0.14352744282699506,0.6928360472514251
25566,GOF,0.05352755121705528,0.7060855691850654,0.2403868795978793
25567,LOF,0.03901592075273048,0.05667700445161707,0.9043070747956524
25568,LOF,0.05861988580209282,0.042020803303200904,0.8993593108947063
25569,LOF,0.06681246082607835,0.0433579583571586,0.8898295808167631
25570,LOF,0.05970066196814048,0.04446647644359172,0.8958328615882678
25571,LOF,0.05698761361403339,0.04354050649891309,0.8994718798870536
25572,LOF,0.07205179418042373,0.03990405349766959,0.8880441523219066
25573,LOF,0.07226411563428112,0.09005456603892874,0.8376813183267903
25574,LOF,0.10539385285324625,0.17099053749150628,0.7236156096552475
25575,LOF,0.060304236328435054,0.04435522013234017,0.8953405435392248
25576,LOF,0.030195645649955177,0.078658316324473,0.8911460380255718
25577,LOF,0.039888221532542574,0.04991142865647011,0.9102003498109874
25578,LOF,0.2665053754460325,0.062125079581741745,0.6713695449722258
25579,LOF,0.2645943718738299,0.060419030856051756,0.6749865972701183
25580,LOF,0.060064936278836495,0.04517760944996425,0.8947574542711992
25581,LOF,0.04000571334259922,0.07010100586836733,0.8898932807890334
25582,LOF,0.04000571334259922,0.07010100586836733,0.8898932807890334
25583,LOF,0.05723401921307783,0.04575216526006844,0.8970138155268537
25584,Neutral,0.7552848393099675,0.03685269097956807,0.20786246971046443
25585,LOF,0.03433928433469137,0.04470671354687824,0.9209540021184303
25586,LOF,0.05873434897758943,0.04234610399265904,0.8989195470297516
25587,LOF,0.05497172337164954,0.04690628686602031,0.8981219897623303
25588,LOF,0.05454116669065194,0.0412240517680697,0.9042347815412782
25589,Neutral,0.6984322752854252,0.076649399550175,0.22491832516439977
25590,LOF,0.07235741047443013,0.05589427971873665,0.8717483098068333
25591,LOF,0.12831626539928845,0.030558194005659844,0.8411255405950516
25592,LOF,0.21488006795975476,0.0779309734385049,0.7071889586017404
25593,LOF,0.1455612540626871,0.26216241112191535,0.5922763348153975
25594,LOF,0.03979543462149173,0.08226265457199684,0.8779419108065115
25595,LOF,0.05983065184482826,0.06144296707921793,0.8787263810759537
25596,LOF,0.13625180509250265,0.029199493071901853,0.8345487018355955
25597,LOF,0.10500593798338377,0.010687250554973323,0.884306811461643
25598,LOF,0.0543291878918582,0.06481740159410011,0.8808534105140418
25599,GOF,0.023402464974940387,0.6245700768218947,0.35202745820316494
25600,GOF,0.13709679855821214,0.5577653331510369,0.30513786829075096
25601,LOF,0.056587341547373396,0.34494806113586846,0.5984645973167582
25602,LOF,0.04673076096531291,0.058576193162803686,0.8946930458718835
25603,LOF,0.057475911434790306,0.05006443587895904,0.8924596526862506
25604,LOF,0.07116218832525502,0.1315708599474104,0.7972669517273346
25605,LOF,0.1392315075463393,0.13426094741312491,0.7265075450405357
25606,Neutral,0.577294351951701,0.16027864618917714,0.2624270018591219
25607,LOF,0.058194214774174406,0.1501195820931248,0.7916862031327007
25608,LOF,0.049880151163073434,0.11168828695672073,0.838431561880206
25609,GOF,0.09802303982137421,0.6428062517436228,0.259170708435003
25610,LOF,0.024573594325273018,0.0860770519801545,0.8893493536945725
25611,LOF,0.025477036207067857,0.0836034395831442,0.890919524209788
25612,LOF,0.05909824251247914,0.06914452879800742,0.8717572286895134
25613,LOF,0.047444017219343555,0.07288009701817522,0.8796758857624812
25614,LOF,0.03199562382284079,0.11655828308565061,0.8514460930915086
25615,LOF,0.05306034573852834,0.0859752494555867,0.8609644048058851
25616,LOF,0.024724792931980807,0.111476749706543,0.8637984573614762
25617,LOF,0.024744396855929107,0.11887455566480581,0.856381047479265
25618,LOF,0.12598436044393835,0.3289999582942948,0.5450156812617669
25619,LOF,0.027510223518447532,0.19174688292061026,0.7807428935609423
25620,LOF,0.023622153002464483,0.11567393230618539,0.8607039146913501
25621,LOF,0.07261204096990434,0.09842246633295654,0.8289654926971392
25622,LOF,0.061126311658649776,0.11577089613904715,0.8231027922023031
25623,LOF,0.06701241758631607,0.07575210461291293,0.8572354778007709
25624,LOF,0.027025680541012384,0.15539638113980594,0.8175779383191817
25625,LOF,0.040959459498443984,0.0774880740722481,0.881552466429308
25626,LOF,0.03156858127208911,0.06723069298334314,0.9012007257445677
25627,Neutral,0.8768062060282569,0.037528807193609334,0.0856649867781339
25628,LOF,0.13983165658423283,0.11712776516145632,0.7430405782543108
25629,LOF,0.06090949233262366,0.08051271876931448,0.8585777888980618
25630,LOF,0.34416573002317946,0.07259597738242364,0.5832382925943967
25631,LOF,0.3904247000083278,0.07227030654918738,0.5373049934424848
25632,LOF,0.026635761214504113,0.0708525743793754,0.9025116644061205
25633,LOF,0.1735463052093967,0.05648886367103876,0.7699648311195646
25634,LOF,0.044789768364179236,0.04178384146113355,0.9134263901746872
25635,LOF,0.04270726342559119,0.052523013745202934,0.9047697228292059
25636,GOF,0.021289673130264128,0.7231753419725234,0.2555349848972123
25637,GOF,0.026692018520072625,0.60567879831207,0.36762918316785725
25638,GOF,0.011631177987893194,0.7011572136841316,0.2872116083279751
25639,LOF,0.01999407211919664,0.4898830149050044,0.49012291297579885
25640,Neutral,0.885315440415677,0.0740432846474599,0.04064127493686317
25641,LOF,0.07513305832130197,0.323595914865121,0.601271026813577
25642,LOF,0.06908644042484188,0.22276670395424752,0.7081468556209105
25643,LOF,0.37746222266754487,0.24055077177805445,0.3819870055544006
25644,LOF,0.014760152235589241,0.2951669441612783,0.6900729036031323
25645,LOF,0.012518536583564053,0.31852223206799546,0.6689592313484405
25646,LOF,0.01923098435426939,0.20687235005314292,0.7738966655925877
25647,LOF,0.014489502548901884,0.13514123336121625,0.8503692640898819
25648,LOF,0.01936168716654613,0.18222215628617702,0.7984161565472769
25649,LOF,0.012440338905555516,0.09336098858104591,0.8941986725133986
25650,LOF,0.05086445170056875,0.2628604725162643,0.6862750757831668
25651,LOF,0.013596326513451691,0.14729315773481888,0.8391105157517295
25652,LOF,0.010793343079938685,0.3074730299214015,0.6817336269986598
25653,LOF,0.0347112964350917,0.33226019792596084,0.6330285056389474
25654,LOF,0.00998783270568499,0.27418837962146747,0.7158237876728477
25655,GOF,0.08997294332446526,0.4793829648990943,0.4306440917764403
25656,LOF,0.09404625882318816,0.41135462601145767,0.49459911516535415
25657,LOF,0.02902874811754879,0.41241062225376707,0.5585606296286841
25658,LOF,0.09508014469746352,0.42328517104891206,0.4816346842536244
25659,GOF,0.19296284558734877,0.5104740082113648,0.29656314620128643
25660,LOF,0.039616559387713114,0.21566252082782733,0.7447209197844595
25661,LOF,0.03349087232060809,0.20563007444759274,0.7608790532317992
25662,LOF,0.030190682295443916,0.11979859855822399,0.8500107191463321
25663,LOF,0.03482853146956164,0.0988669046849489,0.8663045638454895
25664,LOF,0.05994924113658294,0.18016313430279418,0.7598876245606229
25665,LOF,0.035677384297752544,0.09349834213940146,0.8708242735628461
25666,LOF,0.054278093421131456,0.1425673625398794,0.8031545440389892
25667,LOF,0.03316701118027551,0.1381119807042356,0.8287210081154889
25668,LOF,0.03551546143757503,0.1423120830406531,0.8221724555217719
25669,LOF,0.03074242018586022,0.1447969370774108,0.824460642736729
25670,LOF,0.08446809120057945,0.14857401874876386,0.7669578900506567
25671,LOF,0.033455679383692545,0.10496356117013214,0.8615807594461754
25672,LOF,0.026763173956984406,0.1698391661018857,0.8033976599411298
25673,LOF,0.059806883175670844,0.14771257294522405,0.7924805438791052
25674,LOF,0.052581932459835355,0.18286815065996462,0.7645499168802
25675,LOF,0.048464233811233236,0.17252444236302505,0.7790113238257418
25676,LOF,0.030769673354509853,0.12090839299651203,0.848321933648978
25677,LOF,0.03979819193094471,0.1606899952112926,0.7995118128577626
25678,LOF,0.06836732270886839,0.15466401259455115,0.7769686646965804
25679,LOF,0.0812905122979782,0.15803699054639214,0.7606724971556296
25680,LOF,0.042801435467669194,0.18262777255582585,0.7745707919765049
25681,LOF,0.04205046587027983,0.2044652337180431,0.753484300411677
25682,LOF,0.03290641026070035,0.14425529597340464,0.8228382937658949
25683,LOF,0.07058419024151807,0.12607708229649778,0.8033387274619841
25684,LOF,0.030876500189832616,0.14509345400244145,0.8240300458077259
25685,LOF,0.06107949064638689,0.2629667587811889,0.6759537505724242
25686,LOF,0.05524799673966823,0.37583084452743426,0.5689211587328975
25687,LOF,0.07426559479488941,0.4111178840238641,0.5146165211812465
25688,LOF,0.37995670755814903,0.06141327197972649,0.5586300204621244
25689,LOF,0.18683538232779365,0.059153639200059116,0.7540109784721472
25690,LOF,0.27257524903155506,0.05776772328670031,0.6696570276817445
25691,Neutral,0.6878746142368997,0.06624110763558211,0.2458842781275182
25692,LOF,0.2215108788493874,0.022718782427377075,0.7557703387232356
25693,GOF,0.08097406623340399,0.5723504205574943,0.3466755132091017
25694,LOF,0.10510188486559743,0.01940459047400509,0.8754935246603975
25695,LOF,0.08151476119154862,0.012962274321500633,0.9055229644869507
25696,LOF,0.11729806488907292,0.021886549894531038,0.860815385216396
25697,LOF,0.05579339967660869,0.13116603090492748,0.8130405694184638
25698,LOF,0.2938470180727601,0.19846546732800627,0.5076875145992336
25699,LOF,0.3710275597863786,0.21889527307503615,0.4100771671385852
25700,LOF,0.04479899811096576,0.036041807591119794,0.9191591942979145
25701,LOF,0.2634282434012394,0.12440000780451965,0.6121717487942411
25702,GOF,0.25799262229140674,0.6599916304693815,0.08201574723921183
25703,LOF,0.02665225228363169,0.36416495473791927,0.6091827929784491
25704,LOF,0.05433230935170934,0.27281120098177075,0.67285648966652
25705,LOF,0.03507350254980454,0.16302856678806327,0.8018979306621321
25706,LOF,0.18823458392433215,0.38821758380059723,0.4235478322750706
25707,LOF,0.13217799912691097,0.4308641313832276,0.4369578694898613
25708,GOF,0.06604321590599325,0.4900582942637325,0.4438984898302743
25709,LOF,0.027712938166680443,0.13961338319862326,0.8326736786346962
25710,LOF,0.017129611662884715,0.14621602601844153,0.8366543623186737
25711,LOF,0.028823379277507315,0.15773963895035842,0.8134369817721343
25712,LOF,0.017867720204874576,0.1892975234900821,0.7928347563050433
25713,LOF,0.029801456160018898,0.1578916031496132,0.8123069406903679
25714,LOF,0.0353064417499883,0.17370878243814947,0.7909847758118622
25715,LOF,0.03066851476397604,0.1680947446000293,0.8012367406359947
25716,LOF,0.015231580028014896,0.14177262058985776,0.8429957993821273
25717,LOF,0.017325342774513138,0.09487895394052066,0.8877957032849662
25718,LOF,0.02481452111057196,0.09376023670077549,0.8814252421886527
25719,LOF,0.027965142322848628,0.1584432174741231,0.8135916402030282
25720,LOF,0.03240053226534961,0.10619206574754807,0.8614074019871024
25721,LOF,0.02800924141139978,0.14144281400725758,0.8305479445813427
25722,LOF,0.02798289942411458,0.14621499872481952,0.8258021018510658
25723,LOF,0.028235475290627202,0.1589586036342703,0.8128059210751024
25724,LOF,0.08735360261532024,0.23586389573345878,0.676782501651221
25725,LOF,0.027820326901139183,0.13959512806594984,0.832584545032911
25726,LOF,0.027891651010104893,0.16945470860995962,0.8026536403799356
25727,LOF,0.02804763954051312,0.15838015701805297,0.813572203441434
25728,LOF,0.02781686497581968,0.15828980336889006,0.8138933316552903
25729,LOF,0.02769852738166536,0.16957688735069354,0.8027245852676411
25730,LOF,0.028072197226390035,0.1597204157950796,0.8122073869785305
25731,LOF,0.015325306339950297,0.13444514796784335,0.8502295456922063
25732,LOF,0.026811812761914904,0.0750003619557677,0.8981878252823174
25733,LOF,0.023327098624080386,0.09467357089393152,0.881999330481988
25734,LOF,0.019468366407148104,0.16713549227213004,0.8133961413207219
25735,LOF,0.024232992814892832,0.09531271166832062,0.8804542955167866
25736,LOF,0.023915755002851976,0.09530764803397332,0.8807765969631748
25737,LOF,0.02784172158899068,0.14378657325454106,0.8283717051564683
25738,LOF,0.02803281386424022,0.15824159957571568,0.8137255865600441
25739,LOF,0.028283465648450752,0.16231887131127481,0.8093976630402744
25740,LOF,0.03556952117791372,0.15453654663979952,0.8098939321822867
25741,LOF,0.03498453485079632,0.16573189551154957,0.7992835696376542
25742,LOF,0.036215291110025874,0.14178022089969033,0.8220044879902838
25743,LOF,0.020968147354312232,0.062051192765203794,0.9169806598804839
25744,Neutral,0.41084352292235543,0.2701578685990663,0.31899860847857814
25745,LOF,0.030291394547893803,0.12990869724226325,0.8397999082098428
25746,LOF,0.017273583999131342,0.18748542478143093,0.7952409912194377
25747,LOF,0.021916400229451072,0.14860481803179237,0.8294787817387564
25748,LOF,0.1140775222434334,0.19293100867889215,0.6929914690776745
25749,LOF,0.016520925503622587,0.2075417835414098,0.7759372909549676
25750,LOF,0.017978065387447464,0.16817093936959193,0.8138509952429607
25751,LOF,0.028349335578528655,0.3339068322640726,0.6377438321573988
25752,GOF,0.054165533102326906,0.7847181192291262,0.16111634766854682
25753,LOF,0.01158793226501312,0.47876598020311073,0.5096460875318761
25754,GOF,0.016008888508762312,0.8004500859423117,0.18354102554892604
25755,LOF,0.01840823340986733,0.35859435800621287,0.6229974085839198
25756,GOF,0.024516414559154567,0.5834672742122736,0.39201631122857183
25757,GOF,0.01458528379165332,0.8777291972891506,0.10768551891919602
25758,GOF,0.02376502428454275,0.8590957026684694,0.11713927304698793
25759,GOF,0.014882814056069817,0.7477936195150823,0.23732356642884797
25760,GOF,0.017507862436188612,0.4973593125162714,0.48513282504754013
25761,GOF,0.18973946453293794,0.7530576738436746,0.057202861623387405
25762,LOF,0.032044935188860035,0.4825587606095684,0.4853963042015716
25763,LOF,0.01677979864516573,0.36409317398238916,0.6191270273724451
25764,GOF,0.061233039760122634,0.8323565591411303,0.10641040109874711
25765,GOF,0.01666875534176429,0.8403261050187971,0.14300513963943853
25766,GOF,0.06505848013581006,0.8658863541872541,0.06905516567693575
25767,GOF,0.0967366991566425,0.693627135055249,0.20963616578810865
25768,LOF,0.0687360215641629,0.09134570706296977,0.8399182713728673
25769,LOF,0.024487023787115866,0.12218777389099302,0.8533252023218911
25770,LOF,0.35640115598244326,0.07817272170962641,0.5654261223079303
25771,LOF,0.04963387190072263,0.05106937004092435,0.899296758058353
25772,LOF,0.027373349472448558,0.07496185518280217,0.8976647953447493
25773,LOF,0.04690557604552252,0.049700714339875364,0.9033937096146022
25774,LOF,0.02212750696215331,0.13190501052878262,0.8459674825090641
25775,LOF,0.06761972421730432,0.03337804802715985,0.8990022277555357
25776,LOF,0.030402195079615595,0.05366740853073461,0.9159303963896497
25777,LOF,0.3644951900167906,0.04793550578090792,0.5875693042023015
25778,LOF,0.02671711986817024,0.09301309942765532,0.8802697807041745
25779,GOF,0.39802734860853944,0.5152222670656401,0.08675038432582044
25780,Neutral,0.48017437761502396,0.38826428820632775,0.13156133417864815
25781,GOF,0.15335839917713845,0.6626960290230927,0.183945571799769
25782,GOF,0.24489119997253805,0.5867044853100641,0.16840431471739778
25783,GOF,0.0241411346046571,0.6866812529405746,0.2891776124547682
25784,Neutral,0.6447967262256685,0.27514113695906334,0.08006213681526825
25785,Neutral,0.6980429022240577,0.14129135468874826,0.160665743087194
25786,GOF,0.020516464621767348,0.6386821873543335,0.3408013480238993
25787,Neutral,0.8376960512394139,0.06635485399451774,0.0959490947660684
25788,LOF,0.027669470250321137,0.05297420378058299,0.9193563259690958
25789,GOF,0.14279950608668532,0.5314832079961204,0.3257172859171943
25790,GOF,0.13468138129939175,0.48608739848057286,0.3792312202200354
25791,LOF,0.10065368813327018,0.39262523735185995,0.5067210745148699
25792,LOF,0.3386857209504803,0.272997272018172,0.38831700703134775
25793,LOF,0.1731991316397112,0.3828844235874947,0.44391644477279407
25794,LOF,0.17940699817873962,0.40090658162268267,0.41968642019857766
25795,GOF,0.061461894486970085,0.6095398250653454,0.3289982804476844
25796,Neutral,0.5471525969681125,0.2468048370984451,0.2060425659334425
25797,LOF,0.09299306082536674,0.39440040071211235,0.5126065384625209
25798,LOF,0.012693517589233852,0.44705713659135343,0.5402493458194126
25799,LOF,0.011626330072350075,0.40454490352247996,0.5838287664051701
25800,GOF,0.04453546823456424,0.5587050869490175,0.3967594448164181
25801,GOF,0.18346330466250751,0.5947135690951799,0.22182312624231254
25802,GOF,0.06606980399703728,0.5567095348356472,0.3772206611673155
25803,LOF,0.05254344272209767,0.472224150758442,0.4752324065194603
25804,GOF,0.03592492363691129,0.501299620546081,0.46277545581700774
25805,GOF,0.10685209233366132,0.5166724394490979,0.37647546821724076
25806,GOF,0.11738226635501095,0.4677367277734422,0.4148810058715468
25807,LOF,0.01855091944043676,0.48969962757276886,0.49174945298679423
25808,LOF,0.08585378538155669,0.4455667306598056,0.46857948395863763
25809,LOF,0.015204991714205609,0.41324359811852357,0.5715514101672708
25810,LOF,0.01818422030152461,0.4260876040973556,0.5557281756011198
25811,Neutral,0.5318116917352096,0.30380876990279226,0.16437953836199806
25812,LOF,0.04212414997372422,0.4467180850817303,0.5111577649445455
25813,Neutral,0.6462392730861226,0.08536418765391152,0.2683965392599658
25814,GOF,0.18634917011324528,0.4327251889847251,0.3809256409020296
25815,GOF,0.33485312672368545,0.3651751074533477,0.2999717658229668
25816,LOF,0.022552113268017877,0.47599346530631303,0.5014544214256691
25817,GOF,0.1935849096079266,0.5601894999257943,0.24622559046627918
25818,LOF,0.04402443059235656,0.36492844768164867,0.5910471217259948
25819,Neutral,0.35117718622430927,0.3484480912408037,0.300374722534887
25820,GOF,0.19792902398011414,0.40509084438795295,0.3969801316319328
25821,GOF,0.05810318429363899,0.5144556837623069,0.4274411319440541
25822,LOF,0.22391522542714185,0.37630891626857554,0.3997758583042827
25823,GOF,0.04292325528989744,0.48579178414970814,0.4712849605603943
25824,LOF,0.08949934278976455,0.35923066245547924,0.5512699947547561
25825,LOF,0.038794293158038125,0.36504802444781054,0.5961576823941513
25826,LOF,0.01271580206436277,0.4033014821461998,0.5839827157894374
25827,GOF,0.019208157640995625,0.5297054565070848,0.4510863858519196
25828,LOF,0.013740453547776926,0.4467491231503874,0.5395104233018357
25829,LOF,0.008992252239174046,0.4237700539528248,0.5672376938080012
25830,LOF,0.067444757613692,0.08763744025600162,0.8449178021303064
25831,GOF,0.17893517199031153,0.5788619962280915,0.24220283178159693
25832,GOF,0.05142689900084056,0.5481121142514792,0.4004609867476802
25833,GOF,0.1958175857993066,0.49562992080303253,0.3085524933976608
25834,GOF,0.07127156770988351,0.5284750750501799,0.4002533572399366
25835,GOF,0.17173530912315255,0.4681085409410112,0.3601561499358363
25836,GOF,0.07430579541766612,0.4888456499690034,0.4368485546133304
25837,LOF,0.040524089879506946,0.3931619829037635,0.5663139272167296
25838,GOF,0.16534508256426753,0.45227175740610054,0.3823831600296319
25839,Neutral,0.45781661772297844,0.24135434703084988,0.30082903524617166
25840,GOF,0.2614773191616166,0.37862773767153063,0.35989494316685283
25841,LOF,0.30984631843590155,0.32424813466016544,0.365905546903933
25842,LOF,0.3329660728238028,0.29132843494102456,0.37570549223517263
25843,GOF,0.3226753539176715,0.40235876317063113,0.27496588291169743
25844,LOF,0.14909381503006794,0.29093556584686614,0.5599706191230659
25845,LOF,0.02720015131636733,0.41378721635563326,0.5590126323279994
25846,GOF,0.12354262358475261,0.5180455645080928,0.3584118119071546
25847,GOF,0.20810295826337674,0.4516072163167577,0.34028982541986563
25848,LOF,0.048374027770392965,0.41769773099859325,0.5339282412310138
25849,LOF,0.013581540934644944,0.40786546163375387,0.5785529974316012
25850,GOF,0.029633959022517288,0.5213479864758126,0.4490180545016701
25851,LOF,0.022981395289870844,0.4876427146934524,0.4893758900166768
25852,LOF,0.11828670834168081,0.4116884932724003,0.470024798385919
25853,GOF,0.34159508578856373,0.397908781288948,0.26049613292248813
25854,GOF,0.013954538076889306,0.5348478387210203,0.45119762320209034
25855,LOF,0.04477827990887897,0.34423087687099285,0.6109908432201282
25856,LOF,0.2794186860396534,0.3146160362524292,0.40596527770791735
25857,LOF,0.03506203477604178,0.38225280792416955,0.5826851572997888
25858,GOF,0.02119624572741151,0.5106483402063036,0.46815541406628497
25859,GOF,0.011607125814505806,0.5256209980229196,0.46277187616257454
25860,Neutral,0.38557941668209234,0.30345586178343104,0.3109647215344767
25861,GOF,0.2688026901384751,0.5990599177167188,0.13213739214480613
25862,GOF,0.08492356702783858,0.5906173869561392,0.3244590460160223
25863,GOF,0.10059714736641148,0.5898787080871882,0.30952414454640026
25864,GOF,0.1943647802505959,0.5888718504053596,0.21676336934404447
25865,GOF,0.07744118382215692,0.6746047164759824,0.2479540997018605
25866,GOF,0.07986704122496999,0.6468573018373465,0.2732756569376836
25867,GOF,0.10489071188408029,0.7079565788614535,0.18715270925446628
25868,GOF,0.22320932116389278,0.4833583378011617,0.29343234103494553
25869,Neutral,0.762317845862554,0.15084265735528382,0.08683949678216209
25870,LOF,0.10927533702004005,0.06822257275545336,0.8225020902245067
25871,GOF,0.07109592273070793,0.5088905087516009,0.42001356851769106
25872,LOF,0.10314723423064653,0.36882708850895,0.5280256772604035
25873,GOF,0.1633479417140094,0.418636406314573,0.41801565197141755
25874,LOF,0.03105707763633206,0.05849648928424812,0.9104464330794199
25875,LOF,0.052344659189856056,0.2464772950888971,0.7011780457212469
25876,LOF,0.02114359175718476,0.11854136541663818,0.860315042826177
25877,LOF,0.37797794026533515,0.22779413280315133,0.39422792693151354
25878,LOF,0.16036577162839682,0.3443248677262017,0.4953093606454015
25879,LOF,0.07317193988777429,0.4105544702325332,0.5162735898796925
25880,LOF,0.030221005437497877,0.04591056448481784,0.9238684300776843
25881,LOF,0.3777453169635728,0.16540513223228848,0.4568495508041386
25882,LOF,0.09962326839566227,0.01636162600466173,0.8840151055996761
25883,LOF,0.08878724733595063,0.0407629039576383,0.8704498487064111
25884,LOF,0.06799008652169429,0.05766631473276799,0.8743435987455377
25885,LOF,0.09474932733980779,0.02714104782318643,0.8781096248370057
25886,LOF,0.24455314547262139,0.09459879926031664,0.660848055267062
25887,LOF,0.34221960310412297,0.1204264608469489,0.5373539360489281
25888,LOF,0.16152517902691402,0.06306504405235265,0.7754097769207333
25889,LOF,0.07334073024311707,0.049124512140561176,0.8775347576163216
25890,LOF,0.058316568811021506,0.10646869236419643,0.8352147388247821
25891,LOF,0.061006172796286395,0.04522459521586045,0.8937692319878532
25892,LOF,0.09212438847871611,0.04259956028091896,0.865276051240365
25893,LOF,0.35873693348508046,0.023473741907037438,0.6177893246078822
25894,LOF,0.15471862423067406,0.012589824810078386,0.8326915509592475
25895,LOF,0.16845974373308115,0.013621294407772487,0.8179189618591465
25896,LOF,0.04359656428697142,0.01552549507893994,0.9408779406340887
25897,LOF,0.20223561338569326,0.02950894292832563,0.7682554436859812
25898,Neutral,0.6898048015743922,0.019409809479112618,0.2907853889464953
25899,LOF,0.22048148225632797,0.09940019458230823,0.6801183231613639
25900,Neutral,0.8251600980222108,0.02736995175039225,0.14746995022739706
25901,LOF,0.07135259313448022,0.022614906190732424,0.9060325006747872
25902,LOF,0.10997082784437903,0.015465200053630588,0.8745639721019903
25903,Neutral,0.6018060854694187,0.04528070555066561,0.3529132089799156
25904,LOF,0.3271845118995156,0.05610306908733263,0.6167124190131518
25905,LOF,0.015483977346496043,0.43853505723425035,0.5459809654192537
25906,LOF,0.022329092838772043,0.09457818833695494,0.883092718824273
25907,LOF,0.010066546210944681,0.3241967747040725,0.6657366790849828
25908,LOF,0.01651055048870166,0.17281013931373246,0.8106793101975659
25909,LOF,0.029748557301828377,0.2246246180742134,0.7456268246239581
25910,LOF,0.024148070477196974,0.2921378206564588,0.6837141088663442
25911,LOF,0.07907893747294266,0.030763712259328262,0.890157350267729
25912,LOF,0.03612897105415475,0.09191324489484609,0.8719577840509992
25913,LOF,0.20863414006371553,0.02578793568395075,0.7655779242523338
25914,LOF,0.04208163916490205,0.1798610107509727,0.7780573500841252
25915,Neutral,0.4346380723375491,0.4248828962801615,0.14047903138228934
25916,GOF,0.036724402786717465,0.6184682238566708,0.3448073733566117
25917,LOF,0.033363720671328874,0.11589806083638356,0.8507382184922876
25918,LOF,0.04189637733384163,0.09989418356397227,0.8582094391021862
25919,LOF,0.04319434350623998,0.07676854999521568,0.8800371064985444
25920,GOF,0.226435618229282,0.4716872851887222,0.30187709658199596
25921,LOF,0.051211109812198986,0.041619276184581354,0.9071696140032196
25922,LOF,0.04352990306758804,0.03189938874941007,0.9245707081830019
25923,LOF,0.3247454171698931,0.040689413298398015,0.6345651695317089
25924,LOF,0.0698036677340701,0.024780806990262676,0.9054155252756673
25925,LOF,0.07317748718949184,0.03993703331206946,0.8868854794984387
25926,LOF,0.04554259330572791,0.029592051127782938,0.9248653555664892
25927,LOF,0.09570507770999263,0.11402075415438771,0.7902741681356196
25928,LOF,0.04336509982154932,0.023368898866294268,0.9332660013121564
25929,LOF,0.4322024162695169,0.036886035634832115,0.530911548095651
25930,LOF,0.08428111342894479,0.023914896989975183,0.8918039895810801
25931,LOF,0.04337697282790871,0.015848966610053018,0.9407740605620383
25932,LOF,0.08202109197107584,0.014971325014328298,0.9030075830145958
25933,LOF,0.08505006641876914,0.014101551689895957,0.900848381891335
25934,LOF,0.08172749324335389,0.01783593879103065,0.9004365679656153
25935,LOF,0.055969751218660886,0.03333237846755846,0.9106978703137806
25936,LOF,0.08404269229793995,0.014084472240966617,0.9018728354610933
25937,LOF,0.05350088483369354,0.028143996706902187,0.9183551184594042
25938,LOF,0.06818947163807369,0.056977117667399504,0.8748334106945269
25939,LOF,0.06921107698235016,0.020238765971769986,0.9105501570458798
25940,GOF,0.025631502952233532,0.5331926922419484,0.44117580480581803
25941,LOF,0.16311224990078957,0.03140848790173548,0.8054792621974749
25942,LOF,0.03360403282064051,0.010771861636199014,0.9556241055431605
25943,LOF,0.46873076147689546,0.025021468161054997,0.5062477703620496
25944,Neutral,0.5248246327563973,0.013635180441816804,0.4615401868017857
25945,LOF,0.2244384698177049,0.0452388591953849,0.7303226709869102
25946,LOF,0.01857007361081444,0.2301582761066351,0.7512716502825505
25947,LOF,0.060544291554878595,0.3889507561460744,0.550504952299047
25948,LOF,0.37076905556871403,0.009860297272641993,0.6193706471586439
25949,LOF,0.11171252772228829,0.017070823810472015,0.8712166484672397
25950,GOF,0.18767020866810508,0.5562431076411221,0.2560866836907728
25951,LOF,0.16813676035062747,0.38879952477810464,0.4430637148712679
25952,GOF,0.04508332675521008,0.6856406183857887,0.26927605485900125
25953,LOF,0.11833555047036166,0.4267906006471593,0.45487384888247917
25954,GOF,0.43766776029527005,0.46058528674313143,0.10174695296159858
25955,LOF,0.04196406178944833,0.30952754690603007,0.6485083913045215
25956,LOF,0.13574121160857228,0.0763411228310951,0.7879176655603326
25957,LOF,0.03149818885910818,0.027668356939725795,0.940833454201166
25958,LOF,0.0717322838222109,0.027297442912168818,0.9009702732656203
25959,LOF,0.16530248597697186,0.3146414356433542,0.520056078379674
25960,LOF,0.025525813532640062,0.06620504185515165,0.9082691446122083
25961,LOF,0.0709079316878043,0.05066247031759205,0.8784295979946036
25962,LOF,0.07752085525187564,0.025724420699308994,0.8967547240488154
25963,LOF,0.050678593296689195,0.11245967447841797,0.8368617322248928
25964,LOF,0.0556279702002608,0.2614844802100954,0.6828875495896437
25965,Neutral,0.49344970080024675,0.03994962087337261,0.46660067832638064
25966,GOF,0.23041323666104632,0.39803541149514593,0.3715513518438077
25967,LOF,0.017535859631271397,0.21346252733046303,0.7690016130382656
25968,LOF,0.04486652046082411,0.4089709091521075,0.5461625703870685
25969,LOF,0.012649122236292663,0.087243951648116,0.9001069261155914
25970,LOF,0.044031161951940526,0.046546156061882636,0.9094226819861769
25971,LOF,0.07553954051916462,0.03157921106126953,0.892881248419566
25972,LOF,0.09164283338031004,0.03599777776483601,0.8723593888548539
25973,LOF,0.1136371576704762,0.01477244577797674,0.8715903965515471
25974,LOF,0.3496553230105485,0.03267358068439962,0.6176710963050519
25975,LOF,0.0673636013776556,0.03336097545995931,0.8992754231623852
25976,LOF,0.029244690052240827,0.04860586452659249,0.9221494454211666
25977,LOF,0.04396857255371245,0.18927209782187648,0.7667593296244111
25978,LOF,0.20651830798190407,0.08620500377496733,0.7072766882431287
25979,LOF,0.1744702585957478,0.10020939460744534,0.7253203467968068
25980,LOF,0.1954803337471429,0.18220520205505855,0.6223144641977985
25981,LOF,0.1954803337471429,0.18220520205505855,0.6223144641977985
25982,LOF,0.37686650077034883,0.07908693700398527,0.5440465622256659
25983,LOF,0.38179536641277756,0.09532129292950006,0.5228833406577225
25984,LOF,0.038419840951234255,0.2559409673401984,0.7056391917085674
25985,LOF,0.02469915261111136,0.4410552905948546,0.534245556794034
25986,LOF,0.03558074514400974,0.41441073322097743,0.5500085216350128
25987,LOF,0.07690125862164138,0.10501747466591198,0.8180812667124465
25988,LOF,0.03153560289422943,0.2778104209816087,0.6906539761241619
25989,LOF,0.02523664790816637,0.30072990760967566,0.6740334444821579
25990,LOF,0.02941511299767999,0.2617338321059289,0.7088510548963911
25991,LOF,0.18477203369218684,0.1873787736675231,0.62784919264029
25992,LOF,0.3278840400439309,0.18668219336088077,0.48543376659518833
25993,LOF,0.035864631151713136,0.06376138473090816,0.9003739841173787
25994,LOF,0.03704552587762776,0.0640116488751412,0.8989428252472311
25995,LOF,0.03655638344692284,0.07871144237785944,0.8847321741752177
25996,LOF,0.1164762460809003,0.25872357238518967,0.62480018153391
25997,LOF,0.06518035785889605,0.3606297651105006,0.5741898770306034
25998,LOF,0.44630441816108646,0.014842341361039948,0.5388532404778736
25999,LOF,0.13479942073329765,0.33512311202869577,0.5300774672380065
26000,LOF,0.061099609354654916,0.028425529997472162,0.9104748606478729
26001,LOF,0.11361068544681381,0.07024191394148602,0.8161474006117002
26002,LOF,0.08174585890489994,0.05501859672229332,0.8632355443728066
26003,GOF,0.013545250050814407,0.668215318344408,0.3182394316047777
26004,GOF,0.05917802121188725,0.6859702238743024,0.25485175491381024
26005,GOF,0.017837003904552038,0.49487935367817937,0.48728364241726874
26006,Neutral,0.5981495356731013,0.21561590742864326,0.18623455689825555
26007,GOF,0.033481398884977406,0.6839899268871352,0.2825286742278875
26008,GOF,0.020008431383010786,0.6273211325639423,0.3526704360530469
26009,GOF,0.04725111563778604,0.6977671037200569,0.2549817806421569
26010,GOF,0.014011227416362685,0.8272781226263972,0.15871064995724027
26011,GOF,0.01087743881452899,0.5540824677501396,0.4350400934353314
26012,GOF,0.021203935763329636,0.5538994060882799,0.42489665814839045
26013,GOF,0.013723546935949658,0.6768967086521455,0.30937974441190486
26014,LOF,0.027134583135269143,0.2530360572872077,0.7198293595775233
26015,LOF,0.2540477535758809,0.008487508041128463,0.7374647383829905
26016,LOF,0.35619099186662934,0.04010162366602251,0.6037073844673482
26017,LOF,0.31852058920761894,0.06447697570315328,0.6170024350892278
26018,LOF,0.08099399963316704,0.03283086148441077,0.886175138882422
26019,LOF,0.0836014209917274,0.020116128191969142,0.8962824508163035
26020,LOF,0.09943354647421793,0.06251700926575882,0.8380494442600233
26021,LOF,0.09880221043760162,0.08706448857921437,0.814133300983184
26022,LOF,0.025457812675948592,0.033226297138693336,0.941315890185358
26023,LOF,0.2059150649238656,0.023359103771574123,0.7707258313045603
26024,LOF,0.04557973816965867,0.11385898872915756,0.8405612731011838
26025,LOF,0.3923632577357531,0.0820640163742289,0.5255727258900181
26026,Neutral,0.5637466604518778,0.016488946380107165,0.4197643931680149
26027,LOF,0.09037821136563688,0.01778192473635211,0.8918398638980111
26028,LOF,0.2756778284711147,0.06291739636965658,0.6614047751592287
26029,LOF,0.0762116663024723,0.26588740763971525,0.6579009260578125
26030,LOF,0.026852708007434854,0.06637292266881153,0.9067743693237535
26031,LOF,0.015757463535337406,0.2244821625613392,0.7597603739033234
26032,LOF,0.06639278478344449,0.12991480193691315,0.8036924132796422
26033,LOF,0.2202665536324918,0.22797162498167764,0.5517618213858305
26034,LOF,0.034622071955873766,0.17090248722268006,0.794475440821446
26035,LOF,0.025548840518429778,0.19588206323625093,0.7785690962453193
26036,LOF,0.03816139713262783,0.1757259752049148,0.7861126276624573
26037,LOF,0.018918324413268815,0.13961179914879768,0.8414698764379336
26038,LOF,0.06574869447444712,0.12424802434135727,0.8100032811841955
26039,LOF,0.04890474153996918,0.1940510698182565,0.7570441886417744
26040,GOF,0.36496808708801814,0.37235039660578534,0.2626815163061965
26041,LOF,0.020965259712244017,0.15743185152977182,0.821602888757984
26042,LOF,0.023401386405253823,0.12747844685591253,0.8491201667388336
26043,LOF,0.062308581946173794,0.16864746976468648,0.7690439482891398
26044,LOF,0.028042954733839446,0.11107928010115152,0.860877765165009
26045,LOF,0.07489056229816239,0.17738103162536617,0.7477284060764715
26046,LOF,0.07716015508009358,0.18134963081603608,0.7414902141038704
26047,LOF,0.0869888832005564,0.1631156517515148,0.7498954650479289
26048,LOF,0.10913275352687438,0.07514609967127918,0.8157211468018464
26049,Neutral,0.9356840060836882,0.02134087000023611,0.042975123916075594
26050,Neutral,0.9143054307544103,0.025274811342923392,0.060419757902666404
26051,GOF,0.03048414144545352,0.5252997207905202,0.4442161377640262
26052,LOF,0.024083389041237475,0.4513420999908582,0.5245745109679043
26053,LOF,0.03600586473146911,0.3524836504308594,0.6115104848376715
26054,LOF,0.07407852585101533,0.07105242441797963,0.8548690497310051
26055,LOF,0.05821589912731369,0.05651973318778148,0.8852643676849049
26056,LOF,0.04632869531881784,0.06402899282342857,0.8896423118577537
26057,LOF,0.07086198832600224,0.06499619374847461,0.8641418179255232
26058,LOF,0.07096767067933779,0.055699377338795215,0.8733329519818669
26059,Neutral,0.4823911894280658,0.1052435210721506,0.41236528949978357
26060,LOF,0.0741565262799309,0.31859098641064476,0.6072524873094244
26061,LOF,0.03159450056414274,0.06235292158501539,0.9060525778508418
26062,LOF,0.022998208972500246,0.04787067829825661,0.9291311127292432
26063,LOF,0.07350088946722666,0.04611848915851426,0.8803806213742592
26064,LOF,0.035328097199145564,0.06345521761863832,0.9012166851822161
26065,LOF,0.07186996902582125,0.03700273774706244,0.8911272932271164
26066,LOF,0.07642288355900466,0.04364802998697867,0.8799290864540167
26067,LOF,0.07978626138446045,0.03977659349805156,0.880437145117488
26068,LOF,0.05844129179744676,0.08916163673306747,0.8523970714694857
26069,LOF,0.4114766244251891,0.07514206818881056,0.5133813073860003
26070,Neutral,0.646068092413744,0.04499556583844869,0.30893634174780726
26071,LOF,0.06858398694548193,0.05135142013240863,0.8800645929221094
26072,LOF,0.03574133304977306,0.10163992936250187,0.8626187375877252
26073,LOF,0.0747054701856504,0.03202840360272132,0.8932661262116282
26074,Neutral,0.9629820395399791,0.016155341859732244,0.020862618600288638
26075,LOF,0.03650439088720778,0.06132446206322407,0.9021711470495682
26076,LOF,0.07821679200686094,0.04038875603694349,0.8813944519561955
26077,LOF,0.02240078999194724,0.08239138561490539,0.8952078243931474
26078,LOF,0.02114135915782136,0.0624761202778013,0.9163825205643773
26079,LOF,0.05899500242858392,0.06894845063245927,0.8720565469389567
26080,LOF,0.05899500242858392,0.06894845063245927,0.8720565469389567
26081,LOF,0.07738422245378523,0.043281732772926206,0.8793340447732886
26082,LOF,0.034946676731608166,0.04665894989737998,0.9183943733710119
26083,LOF,0.0708988957762578,0.06573184728569186,0.8633692569380503
26084,LOF,0.06510903387180407,0.045973003128474,0.8889179629997219
26085,LOF,0.06510903387180407,0.045973003128474,0.8889179629997219
26086,LOF,0.06670260521330633,0.05234132327151248,0.8809560715151811
26087,LOF,0.06572517883119113,0.044290939018580465,0.8899838821502285
26088,LOF,0.03501846116346268,0.14392129406907786,0.8210602447674594
26089,LOF,0.0510977056212406,0.053446856188081,0.8954554381906784
26090,LOF,0.04573771385321629,0.04738166503853234,0.9068806211082514
26091,LOF,0.07629727798497295,0.029678899659600726,0.8940238223554263
26092,LOF,0.07506166042957255,0.0472330304154509,0.8777053091549766
26093,LOF,0.07806882418519982,0.028575362867876798,0.8933558129469235
26094,LOF,0.07929037783189145,0.02838651212040713,0.8923231100477014
26095,LOF,0.059965000313375434,0.06294094576959357,0.8770940539170311
26096,LOF,0.035025289150797424,0.04066757569747503,0.9243071351517276
26097,LOF,0.01905152645452556,0.1284017194704174,0.852546754075057
26098,LOF,0.06151213959241372,0.03744546554563902,0.9010423948619473
26099,LOF,0.07415593254136316,0.06431911594381706,0.8615249515148197
26100,LOF,0.07415593254136316,0.06431911594381706,0.8615249515148197
26101,LOF,0.06254135441274587,0.09990329594009771,0.8375553496471565
26102,LOF,0.07104516593447555,0.05588139276767611,0.8730734412978484
26103,Neutral,0.793105529005269,0.09708011925138521,0.10981435174334576
26104,LOF,0.04635120087257095,0.10654219179501401,0.847106607332415
26105,LOF,0.1990636204966835,0.08874282472254069,0.7121935547807758
26106,LOF,0.17053614997899066,0.037498333652970006,0.7919655163680392
26107,LOF,0.28378146285187683,0.048843787659729146,0.667374749488394
26108,LOF,0.17116314999550017,0.04864296978800941,0.7801938802164904
26109,LOF,0.07525809270043121,0.08914474645408625,0.8355971608454826
26110,LOF,0.356116781451913,0.03969726923360762,0.6041859493144794
26111,LOF,0.36007809785661493,0.09729328461713789,0.5426286175262471
26112,LOF,0.08412785216417004,0.03560112200107611,0.8802710258347539
26113,LOF,0.10776296142057092,0.08520971883489607,0.8070273197445329
26114,LOF,0.03435234155223154,0.03426498905557438,0.9313826693921939
26115,LOF,0.19072641666797768,0.07278255096358695,0.7364910323684353
26116,LOF,0.07650511192539065,0.12308958450551975,0.8004053035690897
26117,LOF,0.26344811839036447,0.21535431739537528,0.5211975642142602
26118,LOF,0.05580240060649401,0.04059193495714468,0.9036056644363613
26119,LOF,0.04036239569470767,0.10955814162067809,0.8500794626846142
26120,LOF,0.05096022491853922,0.06525334040625959,0.8837864346752011
26121,LOF,0.0695023186794241,0.10347200985081459,0.8270256714697614
26122,LOF,0.08033460024887022,0.11029392799118531,0.8093714717599444
