feature0,prediction,LoGoFunc_Neutral,LoGoFunc_GOF,LoGoFunc_LOF
25546,Neutral,0.6824682763203089,0.05399095229665961,0.26354077138303156
25547,Neutral,0.5261868553586588,0.09045865458037458,0.3833544900609666
25548,Neutral,0.5243761410560368,0.08079122439523236,0.39483263454873085
25549,LOF,0.45437410245566234,0.08325431356339709,0.4623715839809406
25550,LOF,0.3796450602125081,0.13018533274507513,0.49016960704241685
25551,LOF,0.32109200164512347,0.14421993013387188,0.5346880682210046
25552,LOF,0.26617058598953025,0.13603262195095503,0.5977967920595147
25553,Neutral,0.8226577117449587,0.042567676045018654,0.1347746122100226
25554,LOF,0.31019554952687306,0.1266755300579082,0.5631289204152188
25555,LOF,0.26031448713866745,0.11919654283764781,0.6204889700236849
25556,Neutral,0.4552693371384796,0.10429673476638168,0.44043392809513876
25557,LOF,0.2483952018175143,0.12323372394725003,0.6283710742352356
25558,LOF,0.31140801438029453,0.12242076344417206,0.5661712221755335
25559,LOF,0.19165939115784383,0.13835329866134932,0.6699873101808068
25560,LOF,0.15273869735359336,0.09558713255180018,0.7516741700946064
25561,LOF,0.1445770220643705,0.11913722711762269,0.7362857508180068
25562,LOF,0.07192314091181433,0.07632787887004076,0.8517489802181449
25563,LOF,0.020540452339232632,0.11085434697749302,0.8686052006832743
25564,LOF,0.21670653648453927,0.11675157337131997,0.6665418901441407
25565,LOF,0.23418236393565,0.1370404769590745,0.6287771591052755
25566,GOF,0.09103510386443882,0.7023370356556475,0.20662786047991363
25567,LOF,0.038192268709387106,0.12613014326927047,0.8356775880213424
25568,LOF,0.059712882355183294,0.07164411455745506,0.8686430030873616
25569,LOF,0.05723921387578866,0.0739005341364084,0.868860251987803
25570,LOF,0.026177415637637175,0.10015992260577192,0.8736626617565909
25571,LOF,0.026735694161449428,0.10137793932424863,0.871886366514302
25572,LOF,0.06251260001037323,0.12174984566428602,0.8157375543253407
25573,LOF,0.05544221390752573,0.08751866178239599,0.8570391243100782
25574,LOF,0.051592081091423735,0.18300371756728262,0.7654042013412937
25575,LOF,0.02194521530699626,0.12475900489478062,0.8532957797982232
25576,LOF,0.03222151479637801,0.1589226976724779,0.8088557875311441
25577,LOF,0.029235058598398322,0.11276178798458551,0.8580031534170163
25578,LOF,0.2778325018768583,0.07937089365545877,0.6427966044676828
25579,LOF,0.12727177976803347,0.08442787241384894,0.7883003478181175
25580,LOF,0.01906066029121087,0.07800915569584373,0.9029301840129454
25581,LOF,0.0547419499798077,0.06715715656667186,0.8781008934535205
25582,LOF,0.05458493139265945,0.0662980070290119,0.8791170615783286
25583,LOF,0.01951837265236048,0.07797135505096682,0.9025102722966728
25584,Neutral,0.6607226045124222,0.11393249453741025,0.22534490095016765
25585,LOF,0.03336131759561128,0.12605802383473447,0.8405806585696544
25586,LOF,0.01761492641362827,0.06862264961861762,0.9137624239677542
25587,LOF,0.0170159816485883,0.061816207511660816,0.9211678108397509
25588,LOF,0.020032303145213717,0.06951599646769421,0.9104517003870921
25589,Neutral,0.498971580148212,0.2054364986495035,0.29559192120228456
25590,LOF,0.047318257987651775,0.10682827568000837,0.8458534663323399
25591,LOF,0.09751583250551529,0.05761495136827383,0.8448692161262108
25592,LOF,0.054373916870943916,0.13751771813073976,0.8081083649983164
25593,LOF,0.13368233718294434,0.27229595142050583,0.5940217113965498
25594,LOF,0.05034663334518116,0.10585011940396943,0.8438032472508494
25595,LOF,0.04647636611091162,0.07640383653113783,0.8771197973579505
25596,LOF,0.10509836320417353,0.04435513936038101,0.8505464974354454
25597,LOF,0.08382621196695934,0.05494561930804382,0.8612281687249969
25598,LOF,0.049285824645159015,0.07939478529232863,0.8713193900625122
25599,GOF,0.02227567019359408,0.5387377057594415,0.4389866240469644
25600,GOF,0.17251171949652172,0.5115405156190888,0.3159477648843895
25601,LOF,0.042010397496512995,0.40109598189197687,0.5568936206115102
25602,LOF,0.034040872006651846,0.05140447742453633,0.9145546505688118
25603,LOF,0.038423068409349996,0.025701862516447755,0.9358750690742024
25604,LOF,0.03820902555939364,0.049867168483273806,0.9119238059573325
25605,LOF,0.04120773284742969,0.1759268083314472,0.7828654588211231
25606,LOF,0.43467263865678796,0.09532330462626061,0.47000405671695145
25607,LOF,0.02608794912227039,0.1756905690787307,0.7982214817989989
25608,LOF,0.034751550749164216,0.07102295288285103,0.8942254963679849
25609,GOF,0.15408690083160145,0.5347977145779338,0.3111153845904647
25610,LOF,0.015482068690448401,0.027134370271267083,0.9573835610382845
25611,LOF,0.014675169463687262,0.031356236978358314,0.9539685935579544
25612,LOF,0.0494050811052737,0.03846163938558253,0.9121332795091439
25613,LOF,0.04559527341959724,0.03732436715195051,0.9170803594284523
25614,LOF,0.022661161550554827,0.02800444925706762,0.9493343891923776
25615,LOF,0.044581743911464425,0.03425264730209188,0.9211656087864437
25616,LOF,0.04608978858860209,0.02703060341052091,0.926879608000877
25617,LOF,0.043788315674227654,0.03411036448972482,0.9221013198360476
25618,LOF,0.051822903498677644,0.0329103982318368,0.9152666982694857
25619,LOF,0.014930365930496282,0.029211074613574972,0.9558585594559287
25620,LOF,0.06002300784837038,0.03907859939623383,0.9008983927553958
25621,LOF,0.04928249204413595,0.030496313429052825,0.9202211945268113
25622,LOF,0.06069757866397164,0.0312593907915074,0.9080430305445211
25623,LOF,0.07226861585106392,0.02803682372362204,0.899694560425314
25624,LOF,0.018542367735136324,0.03800841306045313,0.9434492192044106
25625,LOF,0.06321568987337613,0.03982005058855187,0.896964259538072
25626,LOF,0.04799695284963024,0.036336824665345165,0.9156662224850246
25627,Neutral,0.891036098908579,0.023164514374842012,0.08579938671657895
25628,LOF,0.12939964154565628,0.06017346984911678,0.8104268886052269
25629,LOF,0.058990982561622864,0.04604833968326027,0.8949606777551169
25630,LOF,0.2529779162975808,0.07263733816015674,0.6743847455422625
25631,Neutral,0.5232285144402491,0.06432397580560197,0.4124475097541489
25632,LOF,0.025101902131465997,0.0566716338801268,0.9182264639884071
25633,LOF,0.20253988693523559,0.0334647421699495,0.7639953708948148
25634,LOF,0.03319035259442983,0.07364014646011209,0.893169500945458
25635,LOF,0.04051456990540317,0.041286068489341646,0.9181993616052552
25636,LOF,0.03635348786722331,0.4628582102205915,0.5007883019121852
25637,GOF,0.07139114603379265,0.46489004658041416,0.46371880738579313
25638,LOF,0.0491837392406623,0.28951794707181433,0.6612983136875235
25639,LOF,0.034720959430722176,0.3042333660832232,0.6610456744860547
25640,Neutral,0.8180532481236518,0.1443652912814389,0.03758146059490931
25641,LOF,0.04703734193569773,0.45109502789181277,0.5018676301724895
25642,LOF,0.04633860750830069,0.14488655793888172,0.8087748345528176
25643,LOF,0.2070546221176906,0.15735581056113312,0.6355895673211762
25644,LOF,0.02213837997604192,0.48589486516172814,0.49196675486223007
25645,LOF,0.02057170193042045,0.4600853953108305,0.5193429027587492
25646,LOF,0.05138123356498239,0.3645601348236182,0.5840586316113994
25647,LOF,0.024603779959571342,0.2717042167162331,0.7036920033241956
25648,LOF,0.02906990379520221,0.2633783375309772,0.7075517586738206
25649,LOF,0.015392005829287353,0.25346448028030416,0.7311435138904084
25650,LOF,0.0549607736994004,0.42874786182777214,0.5162913644728274
25651,LOF,0.016314701994424818,0.2697862277156236,0.7138990702899516
25652,LOF,0.030254661245794862,0.2681620293862141,0.7015833093679911
25653,LOF,0.08188391136491906,0.3964123461370961,0.5217037424979848
25654,LOF,0.025048173366865326,0.2103457329716576,0.7646060936614771
25655,LOF,0.23409732793037594,0.38012896249223194,0.3857737095773921
25656,LOF,0.30173520359909634,0.0436565399298734,0.6546082564710302
25657,LOF,0.07576904314914254,0.049344783695695706,0.8748861731551618
25658,LOF,0.3714376238242285,0.049635201093802005,0.5789271750819694
25659,Neutral,0.5224084254728386,0.06736429203939956,0.41022728248776186
25660,LOF,0.0247948204144644,0.07950358174943865,0.8957015978360969
25661,LOF,0.08908390213847765,0.056843957047813504,0.8540721408137087
25662,LOF,0.030919740241767246,0.03239845715458703,0.9366818026036458
25663,LOF,0.04012804986231156,0.04577897283534784,0.9140929773023406
25664,LOF,0.1336145917464017,0.053244843943921843,0.8131405643096764
25665,LOF,0.052111794265176474,0.02986314814613624,0.9180250575886872
25666,LOF,0.08328409212989844,0.07427485547814068,0.8424410523919609
25667,LOF,0.06728060675964892,0.043791122887015144,0.8889282703533359
25668,LOF,0.0383776278766828,0.042037178515422616,0.9195851936078946
25669,LOF,0.03352954888678971,0.05097720604112935,0.9154932450720809
25670,LOF,0.13578071988788668,0.04326426613610194,0.8209550139760113
25671,LOF,0.09215909812591572,0.030298482505334654,0.8775424193687498
25672,LOF,0.055251155734532514,0.0401934409957486,0.9045554032697188
25673,LOF,0.07739345460441671,0.036942054720584684,0.8856644906749986
25674,LOF,0.06519265054364128,0.045724535228578146,0.8890828142277806
25675,LOF,0.10927636658290214,0.0483497106509306,0.8423739227661672
25676,LOF,0.01805881498723329,0.05019835528098952,0.9317428297317771
25677,LOF,0.02520924702241306,0.06388658633183289,0.910904166645754
25678,LOF,0.17007605203137743,0.05741526770932026,0.7725086802593023
25679,LOF,0.12353374697039263,0.0742317382889109,0.8022345147406964
25680,LOF,0.030152588076812207,0.10858499391019938,0.8612624180129885
25681,LOF,0.047691297693455564,0.10142806296713183,0.8508806393394126
25682,LOF,0.1401742351221134,0.059922188852985475,0.7999035760249011
25683,LOF,0.1188420896114511,0.07599838993580203,0.8051595204527469
25684,LOF,0.04221647632837527,0.06273107458112435,0.8950524490905004
25685,LOF,0.13869391294497302,0.04621653176125168,0.8150895552937754
25686,LOF,0.07228387565919453,0.09177797776350614,0.8359381465772993
25687,LOF,0.11784538182589951,0.08387321163634083,0.7982814065377596
25688,LOF,0.2908330342958846,0.039969720637524575,0.6691972450665908
25689,LOF,0.22489925870524474,0.04620829364085916,0.7288924476538962
25690,LOF,0.3473455302915895,0.034960696294635295,0.6176937734137752
25691,Neutral,0.6805822357123775,0.03492185364836021,0.28449591063926216
25692,LOF,0.2945579348190156,0.010553212698512775,0.6948888524824717
25693,GOF,0.04704837230286765,0.47918707175998604,0.47376455593714634
25694,LOF,0.12681454430408323,0.021270231435853486,0.8519152242600634
25695,LOF,0.12603374738522952,0.017985497748187515,0.855980754866583
25696,LOF,0.12288262005675536,0.010110038836079156,0.8670073411071654
25697,LOF,0.11731593611721315,0.026628426210913405,0.8560556376718734
25698,LOF,0.3132856873791275,0.25823095849916083,0.4284833541217117
25699,LOF,0.4261157912714445,0.045141850700536716,0.5287423580280188
25700,LOF,0.04958189603957705,0.010950732621197817,0.9394673713392251
25701,LOF,0.14657703842959785,0.05867611990229518,0.7947468416681069
25702,GOF,0.18119457912524478,0.5392766838450558,0.27952873702969944
25703,LOF,0.01609006672993209,0.1529967804987178,0.8309131527713501
25704,LOF,0.048080036946875404,0.1078719122671353,0.8440480507859893
25705,LOF,0.06209432902918538,0.17995988566747376,0.7579457853033409
25706,LOF,0.09478248666448348,0.35994576308727533,0.5452717502482413
25707,LOF,0.08872074295061219,0.2759609372005884,0.6353183198487994
25708,LOF,0.028197855307926834,0.2690502502766707,0.7027518944154025
25709,LOF,0.0580255929889133,0.04008405004573666,0.90189035696535
25710,LOF,0.011520807893458138,0.12595432147022853,0.8625248706363133
25711,LOF,0.019487513619811585,0.08833582331156777,0.8921766630686205
25712,LOF,0.013646992946283524,0.16856176882929744,0.8177912382244191
25713,LOF,0.01919739915781294,0.0772676229578242,0.9035349778843629
25714,LOF,0.07086737297172824,0.07451313667658192,0.8546194903516898
25715,LOF,0.010519972999559098,0.13375326111515604,0.8557267658852848
25716,LOF,0.014024970042072826,0.10745919634797253,0.8785158336099547
25717,LOF,0.013155876333582204,0.07686599644444717,0.9099781272219707
25718,LOF,0.011868300120228104,0.10545905051225243,0.8826726493675194
25719,LOF,0.018121623032175023,0.08146489843629567,0.9004134785315293
25720,LOF,0.022453156992511745,0.06700868617810314,0.9105381568293851
25721,LOF,0.01636060112865642,0.09988362941662614,0.8837557694547175
25722,LOF,0.013398727555417949,0.1153433967702016,0.8712578756743805
25723,LOF,0.023247418724502703,0.04665103326964489,0.9301015480058523
25724,LOF,0.023548798955117158,0.0821538904306626,0.8942973106142204
25725,LOF,0.011449855329466836,0.071296132519582,0.9172540121509513
25726,LOF,0.01422275971723998,0.10121762318291745,0.8845596170998427
25727,LOF,0.013083698843190184,0.08008044058623451,0.9068358605705753
25728,LOF,0.009467132995093892,0.1035057066044085,0.8870271604004976
25729,LOF,0.009866367037845896,0.10430473250409604,0.885828900458058
25730,LOF,0.013738791470734622,0.08025090849903543,0.9060103000302301
25731,LOF,0.021470946457371378,0.10712308154031071,0.8714059720023178
25732,LOF,0.014670328306022563,0.08281942038956208,0.9025102513044154
25733,LOF,0.015605959906344086,0.06974231523687209,0.9146517248567837
25734,LOF,0.01298813100578032,0.11750087526049688,0.8695109937337229
25735,LOF,0.01430738532736872,0.0754826468258774,0.9102099678467539
25736,LOF,0.014439650404122014,0.10177682039042708,0.883783529205451
25737,LOF,0.021132187451353854,0.07893622253311358,0.8999315900155325
25738,LOF,0.012984573514446622,0.11067389466069126,0.8763415318248621
25739,LOF,0.02019431532637181,0.07905677466836364,0.9007489100052645
25740,LOF,0.027576313916001342,0.09286985362554642,0.8795538324584522
25741,LOF,0.015079398290693768,0.10099953019104445,0.8839210715182618
25742,LOF,0.11789061308670061,0.0765800906670288,0.8055292962462707
25743,LOF,0.0334674426472105,0.03380835457122124,0.9327242027815683
25744,Neutral,0.5651832863186298,0.21443818575324478,0.2203785279281254
25745,LOF,0.07913628402681488,0.06253538352076464,0.8583283324524205
25746,LOF,0.039116790210268426,0.07464742842971069,0.8862357813600209
25747,LOF,0.022358446670465975,0.03939963404358136,0.9382419192859527
25748,LOF,0.10431780471912269,0.05902422298559767,0.8366579722952795
25749,LOF,0.02638471957181815,0.0728877012540581,0.9007275791741238
25750,LOF,0.08076757230959052,0.07456304926329678,0.8446693784271126
25751,LOF,0.09463873357648644,0.05782347725645569,0.8475377891670578
25752,GOF,0.10125965867104733,0.6679000803038356,0.23084026102511698
25753,LOF,0.019929566024201203,0.25626160897938305,0.7238088249964159
25754,GOF,0.010570724965626834,0.7751858556390698,0.2142434193953032
25755,LOF,0.02166643645018859,0.38277674354851454,0.595556820001297
25756,LOF,0.043087116940710254,0.34684208865714905,0.6100707944021406
25757,GOF,0.014345494638167925,0.840411328190077,0.14524317717175508
25758,GOF,0.03267721450204465,0.8289731529240174,0.13834963257393793
25759,GOF,0.012547907484766937,0.5410504112575693,0.4464016812576639
25760,LOF,0.012860439419561586,0.2178912016575379,0.7692483589229006
25761,GOF,0.2954828927199728,0.5920830009827429,0.1124341062972843
25762,LOF,0.03936171792200604,0.24608162375714884,0.714556658320845
25763,LOF,0.013099803514851446,0.19073406924976655,0.796166127235382
25764,GOF,0.07634396137715177,0.6302852569759334,0.2933707816469148
25765,GOF,0.04620160059253837,0.7449561940517562,0.20884220535570555
25766,GOF,0.06387889196799199,0.7661896843319765,0.1699314237000314
25767,GOF,0.18316139290226993,0.4349374545556298,0.3819011525421002
25768,LOF,0.09279734813336045,0.06755784576799037,0.8396448060986492
25769,LOF,0.06461420519861019,0.05776907383047416,0.8776167209709157
25770,LOF,0.2877209210907593,0.07612195029920193,0.6361571286100388
25771,LOF,0.0402518885407643,0.04259191815403052,0.9171561933052053
25772,LOF,0.016240543988099803,0.0306151386664483,0.9531443173454519
25773,LOF,0.04609596266213344,0.07453390435130186,0.8793701329865647
25774,LOF,0.027723397464783348,0.07173616930868301,0.9005404332265337
25775,LOF,0.0461565275727547,0.04472573722708502,0.9091177352001601
25776,LOF,0.06997394312860897,0.02414330744198117,0.9058827494294098
25777,LOF,0.313331895443859,0.04637317997139312,0.6402949245847479
25778,LOF,0.06016393986294108,0.04654503036058899,0.8932910297764699
25779,GOF,0.3492489215352121,0.6059778202431471,0.04477325822164105
25780,GOF,0.2847142608199906,0.6418183476806096,0.07346739149939971
25781,GOF,0.1302348928592786,0.7567067775027012,0.11305832963802023
25782,GOF,0.1888292157713906,0.734584544584104,0.07658623964450523
25783,GOF,0.025279861627475725,0.6414931810561327,0.3332269573163914
25784,GOF,0.47231127641457143,0.48417101049087313,0.0435177130945555
25785,GOF,0.37445961401636135,0.5823629246054913,0.04317746137814737
25786,GOF,0.02779953119444255,0.7748115897344768,0.19738887907108071
25787,Neutral,0.6375176064558115,0.3369104886748597,0.025571904869328876
25788,LOF,0.0467767766507219,0.10367246567721614,0.8495507576720621
25789,GOF,0.17903941588799993,0.6578581054862845,0.1631024786257155
25790,GOF,0.18346140950888046,0.7039465149446533,0.11259207554646629
25791,GOF,0.1300451319949877,0.6824957421663851,0.18745912583862714
25792,GOF,0.29339675246194313,0.5627536560518869,0.14384959148617008
25793,GOF,0.23969823493274467,0.5755514372267149,0.1847503278405405
25794,GOF,0.29949023472672365,0.5235664365725208,0.17694332870075563
25795,GOF,0.07408726346309082,0.7104530658367457,0.21545967070016342
25796,Neutral,0.5216076507750427,0.3900409076385789,0.08835144158637838
25797,GOF,0.0891456698682788,0.5296684561008789,0.38118587403084225
25798,GOF,0.00879913585115631,0.5102569354390054,0.48094392870983826
25799,LOF,0.006741013429096714,0.3969821779339433,0.59627680863696
25800,GOF,0.03155362700081832,0.5896203117975809,0.3788260612016007
25801,GOF,0.17847262138754855,0.6939725392078762,0.12755483940457532
25802,GOF,0.0738461250918039,0.7116811816974484,0.21447269321074755
25803,GOF,0.03600395301715189,0.5693745725946485,0.3946214743881995
25804,LOF,0.03433216776160273,0.478382792333634,0.48728503990476335
25805,GOF,0.08865898537011359,0.6249917822531079,0.2863492323767785
25806,GOF,0.08855941790632221,0.6013250657623085,0.31011551633136936
25807,GOF,0.019530593940500652,0.6268972716360911,0.3535721344234083
25808,GOF,0.07449904570489309,0.6315075645949236,0.2939933897001833
25809,GOF,0.016700913197514124,0.5831992877117427,0.4000997990907432
25810,GOF,0.01539985714307547,0.6003382151741637,0.3842619276827607
25811,GOF,0.42893726396231197,0.4832825434763887,0.08778019256129921
25812,GOF,0.028375868005471407,0.6049643015910424,0.3666598304034861
25813,Neutral,0.4950038187437525,0.3910596700043639,0.11393651125188367
25814,GOF,0.10133907233989102,0.6381769224253714,0.2604840052347376
25815,GOF,0.1851965344758118,0.596024173202318,0.2187792923218701
25816,GOF,0.022021672785622386,0.7045856885171154,0.2733926386972621
25817,GOF,0.23623930378611127,0.6237771649954413,0.13998353121844742
25818,GOF,0.0490246713515899,0.6694667449736896,0.2815085836747204
25819,GOF,0.36828398290863107,0.48508534064807934,0.14663067644328948
25820,GOF,0.183798813153315,0.5878820977136006,0.22831908913308435
25821,GOF,0.060280622428914736,0.6636207218188593,0.27609865575222586
25822,GOF,0.2008408014498032,0.5702521187024281,0.2289070798477687
25823,GOF,0.03393263150336117,0.5222396191665425,0.44382774933009644
25824,GOF,0.0907136202372904,0.6094832497998904,0.29980312996281916
25825,GOF,0.038011718163528344,0.6082153606041061,0.35377292123236553
25826,GOF,0.015987870994140646,0.5804633896428123,0.40354873936304697
25827,GOF,0.023614404513018637,0.6020240675822117,0.37436152790476973
25828,GOF,0.013263348054751522,0.5276333073591959,0.4591033445860527
25829,GOF,0.005508377191504619,0.5643307791481553,0.43016084366033996
25830,LOF,0.03182962920249255,0.28312972166870776,0.6850406491287997
25831,GOF,0.2108817005279225,0.6572918603271409,0.1318264391449366
25832,GOF,0.027479844164737213,0.6963876250865028,0.27613253074876
25833,GOF,0.10452780474683752,0.7160307387030566,0.17944145655010593
25834,GOF,0.027983529103206523,0.7078100349212584,0.2642064359755351
25835,GOF,0.05658818374389606,0.7552880591546591,0.1881237571014449
25836,GOF,0.028322510684738598,0.6692266381176925,0.302450851197569
25837,GOF,0.025364794231592384,0.6119762769112489,0.36265892885715884
25838,GOF,0.08723642637441249,0.7569928740084858,0.1557706996171016
25839,GOF,0.28008845120426995,0.5525164721937654,0.16739507660196473
25840,GOF,0.23491983071266803,0.6140459324099505,0.15103423687738135
25841,GOF,0.23783445429497066,0.6258927374125244,0.13627280829250504
25842,GOF,0.1313028788673577,0.7362900102680956,0.13240711086454665
25843,GOF,0.20812122478473513,0.6995570009396537,0.09232177427561125
25844,GOF,0.05573231998246033,0.7393361371979106,0.20493154281962914
25845,GOF,0.014649695938233762,0.5224370444044094,0.4629132596573568
25846,GOF,0.12163635727191335,0.7424374322753312,0.13592621045275544
25847,GOF,0.08774940449178767,0.8038877964158151,0.10836279909239734
25848,GOF,0.034918369117158184,0.7057408908801137,0.2593407400027282
25849,GOF,0.01066952588771755,0.6126244256817532,0.3767060484305293
25850,GOF,0.018950228497402088,0.6420988779794168,0.3389508935231811
25851,GOF,0.014693762654270524,0.5416215985727483,0.44368463877298125
25852,GOF,0.14784859066996983,0.5638269652922592,0.28832444403777097
25853,GOF,0.3131939045435401,0.6016893929120003,0.08511670254445947
25854,GOF,0.020001918158123504,0.6023832045394469,0.37761487730242965
25855,GOF,0.032336904982947834,0.5593386835939637,0.40832441142308845
25856,GOF,0.20913063451242808,0.55602642766377,0.2348429378238019
25857,GOF,0.03671850476086958,0.5071033653620743,0.4561781298770561
25858,GOF,0.01913431830276527,0.5111157743405726,0.4697499073566621
25859,LOF,0.010224669329014273,0.4902253933192123,0.4995499373517735
25860,GOF,0.316479746331489,0.5944264271629082,0.08909382650560278
25861,GOF,0.4116321014887541,0.5052410035045403,0.08312689500670564
25862,GOF,0.07847748037884676,0.7670844998960126,0.15443801972514054
25863,GOF,0.07482043699291416,0.779016835126616,0.1461627278804698
25864,GOF,0.1755367755819511,0.7526419169426894,0.07182130747535939
25865,GOF,0.07357789920046919,0.8036045898721834,0.12281751092734747
25866,GOF,0.053338292705786924,0.791468775324985,0.15519293196922807
25867,GOF,0.07478360696276752,0.8228486337052288,0.10236775933200357
25868,GOF,0.22103425638212507,0.668414631577765,0.11055111204010995
25869,Neutral,0.7058989186857982,0.251142580428233,0.04295850088596874
25870,GOF,0.27244444753816977,0.40893491285593636,0.3186206396058938
25871,GOF,0.22133496429583818,0.6474934300078823,0.1311716056962795
25872,GOF,0.07895143760490263,0.6659365473463721,0.25511201504872527
25873,GOF,0.10455387090896022,0.6976225388044043,0.19782359028663535
25874,LOF,0.014331645334557877,0.1190177946575413,0.8666505600079009
25875,LOF,0.09510947416941694,0.04439987533685798,0.8604906504937251
25876,LOF,0.03193706790805936,0.0291099447753605,0.9389529873165803
25877,Neutral,0.5006610355797796,0.04125768854008161,0.4580812758801388
25878,LOF,0.22834848542133293,0.09911137536577293,0.6725401392128941
25879,LOF,0.08705573222927325,0.09458268111495009,0.8183615866557766
25880,LOF,0.04118240726113975,0.014427919046784551,0.9443896736920756
25881,LOF,0.1660409187107906,0.12911480940290715,0.7048442718863022
25882,LOF,0.06066263731504334,0.01621662847488116,0.9231207342100756
25883,LOF,0.06590728899350742,0.019191064644932455,0.9149016463615601
25884,LOF,0.03125242231354494,0.029100228292074766,0.9396473493943803
25885,LOF,0.05658996924072019,0.012199488476772234,0.9312105422825077
25886,LOF,0.26085272220992556,0.03704904512554917,0.7020982326645254
25887,LOF,0.15192515479100926,0.0683462424986344,0.7797286027103565
25888,LOF,0.06369637224910436,0.05902014084470841,0.8772834869061872
25889,LOF,0.03960526356980214,0.0213802476817742,0.9390144887484236
25890,LOF,0.05088565066141421,0.14208877612551837,0.8070255732130673
25891,LOF,0.040002615717979216,0.05185696211649116,0.9081404221655296
25892,LOF,0.07879583646674503,0.02266979238939876,0.8985343711438563
25893,LOF,0.24712826830723572,0.01909820299027093,0.7337735287024933
25894,LOF,0.17323693413067834,0.012925119234257366,0.8138379466350643
25895,LOF,0.20226595088186605,0.020667793822447184,0.7770662552956867
25896,LOF,0.0482963668885629,0.021359191203676433,0.9303444419077606
25897,LOF,0.25730159519189744,0.014741155403341697,0.7279572494047608
25898,Neutral,0.6900671025732292,0.010013676729132259,0.29991922069763854
25899,LOF,0.20338131581849855,0.02009330231734891,0.7765253818641524
25900,LOF,0.4740197138726701,0.011312003799555026,0.5146682823277748
25901,LOF,0.046282580405672145,0.010840415249282562,0.9428770043450452
25902,LOF,0.1579784474140029,0.013106579574425112,0.828914973011572
25903,Neutral,0.5764625038883716,0.026634263029618643,0.3969032330820097
25904,LOF,0.29562097580942087,0.038103707668119546,0.6662753165224596
25905,LOF,0.023310306264153754,0.3290030980143581,0.647686595721488
25906,LOF,0.028425140729952694,0.08794993559968638,0.883624923670361
25907,LOF,0.01265597574347522,0.30444276530157655,0.6829012589549482
25908,LOF,0.008923763480788308,0.25753544768507197,0.7335407888341396
25909,LOF,0.011539892615590951,0.14535681738016054,0.8431032900042486
25910,LOF,0.04904741424403442,0.14341063005446852,0.807541955701497
25911,LOF,0.19196133009286553,0.025447046363351718,0.7825916235437829
25912,LOF,0.045142726017309225,0.04589345016920029,0.9089638238134906
25913,LOF,0.3622232012441488,0.022594987318455374,0.6151818114373959
25914,LOF,0.021208866792657675,0.05261479516034671,0.9261763380469956
25915,Neutral,0.5919838871059897,0.1409208195516966,0.26709529334231363
25916,LOF,0.08297382723111217,0.20002076372442365,0.7170054090444642
25917,LOF,0.07147853914033157,0.037732223910649294,0.8907892369490192
25918,LOF,0.02436499935642628,0.029951155149262262,0.9456838454943114
25919,LOF,0.019984783970050938,0.032700407234880956,0.9473148087950681
25920,GOF,0.09985919281286941,0.5093267663250909,0.3908140408620396
25921,LOF,0.024379343156161335,0.03478878623756566,0.9408318706062729
25922,LOF,0.03436952771506252,0.026137716670621782,0.9394927556143157
25923,Neutral,0.4861037666144066,0.03252141175454846,0.48137482163104495
25924,LOF,0.036548878394603995,0.0410683365943034,0.9223827850110926
25925,LOF,0.07148924271291439,0.03899413057881014,0.8895166267082755
25926,LOF,0.051611010219537984,0.03360671025532691,0.9147822795251351
25927,LOF,0.05796387665939336,0.14664270176057714,0.7953934215800295
25928,LOF,0.01857088178114247,0.05342466543358166,0.9280044527852759
25929,Neutral,0.6049705302642869,0.034491273855387784,0.3605381958803253
25930,LOF,0.0741080967097684,0.02941873236695535,0.8964731709232763
25931,LOF,0.024373673258143342,0.032842466927496636,0.94278385981436
25932,LOF,0.028477417127338357,0.026947405295197704,0.944575177577464
25933,LOF,0.03980796212201407,0.01721325941672487,0.942978778461261
25934,LOF,0.025146196592604298,0.018775030233877922,0.9560787731735177
25935,LOF,0.0639432780597519,0.048978171005389905,0.8870785509348582
25936,LOF,0.04292695960086184,0.023861128025922457,0.9332119123732157
25937,LOF,0.027347184305362503,0.03403684495454162,0.938615970740096
25938,LOF,0.06545914248034539,0.05006256849680373,0.884478289022851
25939,LOF,0.04200832835946432,0.01851827727301604,0.9394733943675195
25940,LOF,0.034884605780347466,0.33590824940551717,0.6292071448141354
25941,LOF,0.18633315109291615,0.0994512647171146,0.7142155841899692
25942,LOF,0.012854533853100281,0.033740114299802365,0.9534053518470973
25943,LOF,0.31428014298252366,0.054865957800782766,0.6308538992166935
25944,Neutral,0.5041483460213824,0.022024067373770485,0.47382758660484714
25945,LOF,0.0727373406360943,0.01740264169585426,0.9098600176680514
25946,LOF,0.03019070404791753,0.11393056839781991,0.8558787275542625
25947,LOF,0.10407274534503479,0.1831246233444073,0.712802631310558
25948,LOF,0.35830093794506646,0.00939984621991252,0.632299215835021
25949,LOF,0.1240212391963906,0.039897029911766295,0.8360817308918431
25950,Neutral,0.3502170015421667,0.3399630368379118,0.30981996161992154
25951,LOF,0.18098128551038747,0.27983381864091816,0.5391848958486944
25952,GOF,0.05126784049342774,0.47924727257015726,0.4694848869364149
25953,LOF,0.1509105737729823,0.11209290320475183,0.7369965230222659
25954,Neutral,0.40925724786204204,0.20794083129852367,0.3828019208394344
25955,LOF,0.0647624006956782,0.08193577436211437,0.8533018249422074
25956,LOF,0.15191431981835735,0.12572236257686903,0.7223633176047736
25957,LOF,0.032879994156398515,0.03243598244863561,0.9346840233949659
25958,LOF,0.055811112495357015,0.029219611161285002,0.9149692763433579
25959,LOF,0.07154609253072315,0.32613846082918224,0.6023154466400945
25960,LOF,0.014627563437582114,0.058266737991848755,0.9271056985705691
25961,LOF,0.041121653126847096,0.027832383071337997,0.9310459638018149
25962,LOF,0.05240710349500596,0.0336558847788809,0.9139370117261132
25963,LOF,0.045563063778869435,0.20423079493328106,0.7502061412878496
25964,LOF,0.033470664894300665,0.15507986506136928,0.8114494700443301
25965,LOF,0.4612033873313189,0.06208078272767163,0.47671582994100953
25966,Neutral,0.5199140859995612,0.1544789674907531,0.3256069465096857
25967,LOF,0.01606574506445594,0.10809505910560897,0.8758391958299352
25968,LOF,0.03410674135621668,0.3746747431056131,0.5912185155381703
25969,LOF,0.034123650793409864,0.06838186267140418,0.8974944865351859
25970,LOF,0.05164353740200249,0.061909982322155686,0.8864464802758417
25971,LOF,0.06512904989002913,0.024055018480726442,0.9108159316292443
25972,LOF,0.06264753268273808,0.03418666831543453,0.9031657990018274
25973,LOF,0.07154193970511731,0.009963414926479577,0.9184946453684031
25974,LOF,0.19053086134674216,0.015575665730141307,0.7938934729231164
25975,LOF,0.04420402196245362,0.027692582071760265,0.9281033959657861
25976,LOF,0.041181771067731146,0.016856311223745674,0.9419619177085233
25977,LOF,0.14224258375405946,0.09101004480497063,0.7667473714409698
25978,LOF,0.15011250956189232,0.09466486871458885,0.755222621723519
25979,LOF,0.13386122778358894,0.09807588359635501,0.768062888620056
25980,LOF,0.21326800757761538,0.12675369173997186,0.6599783006824128
25981,LOF,0.24535045875843128,0.12418765725603068,0.630461883985538
25982,LOF,0.408838585262865,0.07553117908910267,0.5156302356480323
25983,LOF,0.3883729555807336,0.08218216662120179,0.5294448777980646
25984,LOF,0.048408573414681355,0.05020173714684885,0.9013896894384698
25985,LOF,0.03994836634877696,0.2696713535747919,0.6903802800764312
25986,LOF,0.046689418245153456,0.31882470984080397,0.6344858719140426
25987,LOF,0.08388309502313802,0.06827360910100891,0.8478432958758532
25988,LOF,0.15770390882329136,0.06553083982477001,0.7767652513519387
25989,LOF,0.03392263984365368,0.12265855126782689,0.8434188088885194
25990,LOF,0.03748485310068459,0.17671278650914538,0.7858023603901702
25991,LOF,0.12937126376979513,0.25204986035445354,0.6185788758757514
25992,LOF,0.29647454922459715,0.1569023006905581,0.5466231500848447
25993,LOF,0.023098932023341623,0.07680436079707416,0.9000967071795842
25994,LOF,0.017681897044269843,0.08055060135728632,0.901767501598444
25995,LOF,0.023536232797074414,0.16512820539796227,0.8113355618049634
25996,GOF,0.3136553247372429,0.3930421265595355,0.2933025487032216
25997,LOF,0.08571231334534161,0.38937262504013237,0.524915061614526
25998,Neutral,0.5064865628987467,0.02699259098929538,0.4665208461119579
25999,LOF,0.10044599604397489,0.10225333882897192,0.7973006651270532
26000,LOF,0.1390128917856637,0.0437364810394824,0.8172506271748539
26001,LOF,0.2104717427246831,0.04642785124227723,0.7431004060330396
26002,LOF,0.1118363078363822,0.03920546001314674,0.8489582321504711
26003,GOF,0.010943091638081225,0.5691730003096349,0.4198839080522839
26004,GOF,0.024350260342508583,0.6764380392861309,0.2992117003713605
26005,LOF,0.007220098578583678,0.42628670737873575,0.5664931940426805
26006,Neutral,0.5344115745466371,0.23025565869856557,0.2353327667547974
26007,GOF,0.023857491124182943,0.5195224656481803,0.4566200432276369
26008,GOF,0.01923227772319637,0.6146187655534202,0.36614895672338343
26009,GOF,0.022547088493047433,0.6831810295967433,0.29427188191020925
26010,GOF,0.026081859970444907,0.6297847875627506,0.34413335246680443
26011,LOF,0.007017279982347154,0.40483521102284065,0.5881475089948122
26012,GOF,0.013816189899573103,0.5387940716625612,0.4473897384378657
26013,GOF,0.020439224427236745,0.5961888418957665,0.3833719336769968
26014,LOF,0.042046557935715496,0.10155951136377243,0.8563939307005121
26015,LOF,0.14171435682502145,0.018492011696423703,0.8397936314785549
26016,LOF,0.18600032480686116,0.06690428951296172,0.7470953856801772
26017,LOF,0.20650210692536963,0.09836024133344401,0.6951376517411864
26018,LOF,0.07222377742200317,0.04285042111487333,0.8849258014631235
26019,LOF,0.06840131017041158,0.03427475481720985,0.8973239350123786
26020,LOF,0.06650628334023445,0.10225385580288673,0.8312398608568788
26021,LOF,0.04297334138405953,0.10562470618468556,0.8514019524312549
26022,LOF,0.010899129370440788,0.04175546591483887,0.9473454047147204
26023,LOF,0.06230933092009942,0.025272559079538792,0.9124181100003619
26024,LOF,0.029178889002477258,0.10829580751856879,0.8625253034789541
26025,LOF,0.13577478290987938,0.10446216396134855,0.7597630531287722
26026,LOF,0.3172709978794369,0.02650895754019645,0.6562200445803666
26027,LOF,0.054654430705708974,0.01952259848739659,0.9258229708068945
26028,LOF,0.1674000741373869,0.06132650403367294,0.7712734218289402
26029,LOF,0.07231598161174252,0.15192054531905297,0.7757634730692046
26030,LOF,0.02290838162784527,0.03487911106300847,0.9422125073091463
26031,LOF,0.02641782017076509,0.1097448098500117,0.8638373699792232
26032,LOF,0.06588393983245196,0.05483219768021179,0.8792838624873364
26033,LOF,0.09020262077887412,0.052742473896308595,0.8570549053248173
26034,LOF,0.042585450135328905,0.13104190091489878,0.8263726489497722
26035,LOF,0.025866438635234516,0.12546438251732844,0.848669178847437
26036,LOF,0.03863469087294697,0.13844931323096338,0.8229159958960898
26037,LOF,0.02113607170359205,0.10281576308440836,0.8760481652119996
26038,LOF,0.0625731634617233,0.05586957861548362,0.8815572579227932
26039,LOF,0.050511689682712156,0.12652402735631127,0.8229642829609766
26040,LOF,0.20761570047100275,0.09928677450583938,0.6930975250231578
26041,LOF,0.022330127912365594,0.0968054711821654,0.880864400905469
26042,LOF,0.020664331959225093,0.09068607454519662,0.8886495934955784
26043,LOF,0.06330012838432761,0.06325444405222538,0.873445427563447
26044,LOF,0.01930311991888168,0.0433251584849755,0.9373717215961428
26045,LOF,0.07457311590653869,0.08597723473089322,0.839449649362568
26046,LOF,0.058919812103333566,0.05226857556611809,0.8888116123305484
26047,LOF,0.07894437588424628,0.05457482870133071,0.8664807954144229
26048,LOF,0.04840341058041313,0.02939164457226389,0.9222049448473231
26049,Neutral,0.9660796566146265,0.005137996290811623,0.028782347094561834
26050,Neutral,0.9530604044550761,0.006588335215340627,0.04035126032958332
26051,LOF,0.05155728685371525,0.27004855143304707,0.6783941617132376
26052,LOF,0.06484936727427783,0.3093570712008409,0.6257935615248814
26053,LOF,0.06316560255716733,0.13982145567573134,0.7970129417671015
26054,LOF,0.04605217245299314,0.01767992037820782,0.936267907168799
26055,LOF,0.06270676825980567,0.01645123423109054,0.9208419975091038
26056,LOF,0.05381266191211066,0.018529307079370595,0.9276580310085188
26057,LOF,0.031052339296618804,0.012246809661403926,0.9567008510419773
26058,LOF,0.031917359174540416,0.010165672037421941,0.9579169687880376
26059,LOF,0.27177270248482416,0.020237207328753854,0.7079900901864219
26060,LOF,0.04123438189967783,0.17524723581997426,0.783518382280348
26061,LOF,0.015119822893770745,0.012835159160470136,0.9720450179457591
26062,LOF,0.009235361955118617,0.017849023603081545,0.9729156144417999
26063,LOF,0.01961134573527986,0.010192661753458242,0.970195992511262
26064,LOF,0.019029723245107686,0.023888206615425105,0.9570820701394672
26065,LOF,0.02465523076846355,0.01117871558029438,0.9641660536512421
26066,LOF,0.019269351752707733,0.010565694145989903,0.9701649541013023
26067,LOF,0.027924844947315588,0.00896947725809939,0.963105677794585
26068,LOF,0.04232219555458079,0.02878197066359595,0.9288958337818232
26069,LOF,0.2489309370836107,0.01909502523046297,0.7319740376859263
26070,LOF,0.37877733102037203,0.016424185003264223,0.6047984839763637
26071,LOF,0.019332590982767704,0.011491437238725677,0.9691759717785066
26072,LOF,0.016521172847869067,0.023745104726065447,0.9597337224260655
26073,LOF,0.018221301699492428,0.013834988385575318,0.9679437099149324
26074,Neutral,0.9183849345217514,0.005716501028744934,0.07589856444950369
26075,LOF,0.04348110267659838,0.013868606976880759,0.9426502903465208
26076,LOF,0.034951108043419665,0.008978083091877455,0.9560708088647027
26077,LOF,0.008900187824909015,0.01371518158900189,0.9773846305860892
26078,LOF,0.014045008593592818,0.012015142024222842,0.9739398493821844
26079,LOF,0.0612078265286432,0.016820389257742055,0.9219717842136147
26080,LOF,0.060072255305806205,0.016911068658470852,0.9230166760357229
26081,LOF,0.03385276472830361,0.006849106881196666,0.9592981283904998
26082,LOF,0.012659867652519525,0.01530447208244325,0.9720356602650371
26083,LOF,0.17946313653474302,0.014261845288444258,0.8062750181768127
26084,LOF,0.0421104385715696,0.012782474797465566,0.9451070866309648
26085,LOF,0.03714579804667399,0.012239321301138762,0.9506148806521872
26086,LOF,0.019502314828916525,0.011183394865158035,0.9693142903059255
26087,LOF,0.022074850876550606,0.008560783067199563,0.9693643660562498
26088,LOF,0.013922677413896658,0.024232263879018973,0.9618450587070843
26089,LOF,0.03935145510524383,0.021348926182033604,0.9392996187127226
26090,LOF,0.03956344319196289,0.017311874308978556,0.9431246824990586
26091,LOF,0.031220306148268533,0.0066147041915413955,0.9621649896601902
26092,LOF,0.020993988520687665,0.00816653010697833,0.970839481372334
26093,LOF,0.032575622420929165,0.006171675903648904,0.961252701675422
26094,LOF,0.03283188814067505,0.00623549509250054,0.9609326167668245
26095,LOF,0.03525542288054105,0.014717770273964696,0.9500268068454943
26096,LOF,0.015593155612645503,0.01197915463718034,0.9724276897501741
26097,LOF,0.01086969743320152,0.03743331611325172,0.9516969864535467
26098,LOF,0.07624798623207694,0.012749914318282608,0.9110020994496405
26099,LOF,0.01994981006023155,0.012494485862097062,0.9675557040776714
26100,LOF,0.022102160681704206,0.012210183205132024,0.9656876561131639
26101,LOF,0.04428677030292878,0.0167238258517179,0.9389894038453533
26102,LOF,0.019621189316388475,0.013936545799921388,0.9664422648836901
26103,Neutral,0.8815678109914034,0.01813133155821492,0.10030085745038156
26104,LOF,0.07103903120575868,0.024412020435188083,0.9045489483590532
26105,LOF,0.2086996762301585,0.2891596581503517,0.5021406656194898
26106,LOF,0.18447843743255707,0.13720289530008437,0.6783186672673586
26107,LOF,0.2457383032105108,0.08789910023325244,0.6663625965562366
26108,LOF,0.23328868763114075,0.09832107544162133,0.668390236927238
26109,LOF,0.08456357857212048,0.059927504185603324,0.8555089172422762
26110,LOF,0.20765175361308846,0.007382021456924002,0.7849662249299876
26111,Neutral,0.5143708062704541,0.024946052346832014,0.46068314138271393
26112,LOF,0.03419190320967944,0.007566280170607929,0.9582418166197125
26113,LOF,0.06199711568308706,0.01707416037870026,0.9209287239382127
26114,LOF,0.025073679764902015,0.028610506953083762,0.9463158132820142
26115,LOF,0.08963087282962405,0.047812534571777955,0.8625565925985981
26116,LOF,0.06356000242660599,0.05836546570549929,0.8780745318678946
26117,LOF,0.4504499725950682,0.04224360201672637,0.5073064253882054
26118,LOF,0.03302522964015874,0.023281778877488526,0.9436929914823527
26119,LOF,0.023635926042154812,0.03404710693281854,0.9423169670250265
26120,LOF,0.025687252119250353,0.018167803222218608,0.9561449446585311
26121,LOF,0.04376534704095784,0.08959039338802013,0.866644259571022
