feature0,prediction,LoGoFunc_Neutral,LoGoFunc_GOF,LoGoFunc_LOF
25546,Neutral,0.6659442701249246,0.05349654907453151,0.28055918080054393
25547,Neutral,0.5098393425813678,0.09520638331595968,0.39495427410267253
25548,Neutral,0.5081233964520074,0.08105077744674995,0.41082582610124263
25549,LOF,0.4456783792258583,0.082034301683837,0.47228731909030475
25550,LOF,0.37884370550222224,0.1246040234100626,0.4965522710877152
25551,LOF,0.32395974196003763,0.13803213051814464,0.5380081275218178
25552,LOF,0.2565134667498469,0.13377604603641885,0.6097104872137343
25553,Neutral,0.8206489603485824,0.0442156608940827,0.13513537875733492
25554,LOF,0.3091609832871063,0.12195633802805088,0.5688826786848429
25555,LOF,0.25100934116230045,0.11637463867100414,0.6326160201666953
25556,Neutral,0.4636856944814377,0.10035083102123725,0.435963474497325
25557,LOF,0.24269416241311667,0.12168870204112588,0.6356171355457574
25558,LOF,0.31310113407378304,0.11992866789086015,0.5669701980353569
25559,LOF,0.19613731500441622,0.11885715037401438,0.6850055346215694
25560,LOF,0.15580935086662834,0.0980111859653303,0.7461794631680414
25561,LOF,0.15832313232669756,0.11828506440917723,0.7233918032641252
25562,LOF,0.07015009026873013,0.07278904207021968,0.8570608676610502
25563,LOF,0.02310664503515726,0.10276406529062596,0.8741292896742168
25564,LOF,0.21357583422948576,0.10955010664850061,0.6768740591220136
25565,LOF,0.23371588357526554,0.13334871080270677,0.6329354056220277
25566,GOF,0.09746817822871819,0.6947607254640528,0.20777109630722898
25567,LOF,0.03501964179170064,0.11425288925294756,0.8507274689553518
25568,LOF,0.058558827733831406,0.06674940874359134,0.8746917635225772
25569,LOF,0.05722435611184765,0.06814030744021789,0.8746353364479345
25570,LOF,0.028755841297428992,0.09503647151329049,0.8762076871892805
25571,LOF,0.027669313796193876,0.09621880468606238,0.8761118815177438
25572,LOF,0.06506224404102931,0.11154293079208283,0.8233948251668879
25573,LOF,0.05535082804365296,0.0834796171378909,0.8611695548184561
25574,LOF,0.05218941002118625,0.17728063990659165,0.7705299500722221
25575,LOF,0.023185179336749656,0.11525422457513064,0.8615605960881197
25576,LOF,0.035568997674818484,0.14418939579835097,0.8202416065268305
25577,LOF,0.031616179663837174,0.10205389798292085,0.8663299223532419
25578,LOF,0.2974385619716581,0.07600450261394519,0.6265569354143968
25579,LOF,0.12326802094456389,0.08261745653307949,0.7941145225223567
25580,LOF,0.01887336445787772,0.07405373085724866,0.9070729046848736
25581,LOF,0.05647917098946014,0.06303263461587987,0.88048819439466
25582,LOF,0.056527564400012206,0.061780825235459406,0.8816916103645284
25583,LOF,0.021131144433580495,0.07619077277659822,0.9026780827898213
25584,Neutral,0.6673345755648955,0.10209171531005917,0.23057370912504538
25585,LOF,0.03419474115439675,0.11504518261519432,0.850760076230409
25586,LOF,0.017847161879644816,0.06544611236596996,0.9167067257543853
25587,LOF,0.017126941343277118,0.05824394777288356,0.9246291108838393
25588,LOF,0.020176090785117236,0.06684613866552054,0.9129777705493621
25589,Neutral,0.4990302296014606,0.19441793498839768,0.30655183541014186
25590,LOF,0.048732393602475124,0.0977216144415566,0.8535459919559683
25591,LOF,0.09863450501950818,0.055839920741116496,0.8455255742393752
25592,LOF,0.055218341524764854,0.12323448036154405,0.8215471781136912
25593,LOF,0.13664782342746953,0.24531729457360418,0.6180348819989262
25594,LOF,0.04542594172364382,0.09863074918669212,0.8559433090896641
25595,LOF,0.04298273242388217,0.07753741079465423,0.8794798567814637
25596,LOF,0.09606998675479601,0.04388785757228048,0.8600421556729234
25597,LOF,0.08018806096031594,0.057091398209111445,0.8627205408305725
25598,LOF,0.04728325941605195,0.07538616184124487,0.8773305787427033
25599,GOF,0.020710518644631543,0.5187210415058795,0.46056843984948886
25600,GOF,0.17995036257436206,0.5152643465375089,0.304785290888129
25601,LOF,0.0413116527658257,0.39848486405894973,0.5602034831752246
25602,LOF,0.03131604609743334,0.05022598523964047,0.9184579686629263
25603,LOF,0.03633718945397472,0.029186827813597913,0.9344759827324273
25604,LOF,0.03478944374604059,0.04988122370879713,0.9153293325451622
25605,LOF,0.04244427685338426,0.16698592965035788,0.7905697934962579
25606,LOF,0.43057361440383285,0.09227677711687612,0.477149608479291
25607,LOF,0.025095846028469263,0.15976250904353517,0.8151416449279956
25608,LOF,0.03714803467489479,0.07411776680926507,0.8887341985158402
25609,GOF,0.15317290902167546,0.5423863290920407,0.30444076188628383
25610,LOF,0.01569631882728982,0.025221933767342653,0.9590817474053676
25611,LOF,0.015377613133482397,0.028805308551277678,0.95581707831524
25612,LOF,0.04624771022293042,0.0355003075411895,0.9182519822358801
25613,LOF,0.04534426742095572,0.03722578154381513,0.9174299510352291
25614,LOF,0.022952150725419493,0.024806790274033482,0.9522410590005471
25615,LOF,0.045105469740227215,0.03291189600995805,0.9219826342498146
25616,LOF,0.04688562412975306,0.025092968890208307,0.9280214069800385
25617,LOF,0.0436209912666932,0.03246164855240491,0.9239173601809019
25618,LOF,0.05226927642861612,0.03230733527750406,0.9154233882938799
25619,LOF,0.015542883523428622,0.028345597123231533,0.9561115193533398
25620,LOF,0.05958767251953896,0.03581242970130674,0.9045998977791544
25621,LOF,0.05155785943615799,0.028598072283635086,0.9198440682802069
25622,LOF,0.05854052346340741,0.03000811942614164,0.9114513571104509
25623,LOF,0.07329010799792687,0.027517963183949112,0.8991919288181239
25624,LOF,0.019257266935055566,0.03307902306193498,0.9476637100030093
25625,LOF,0.06264917010027958,0.03692547065956247,0.900425359240158
25626,LOF,0.04376030538227411,0.03529924480270381,0.920940449815022
25627,Neutral,0.8891371236623076,0.02144079577506706,0.0894220805626253
25628,LOF,0.13499952714903296,0.06112077081964099,0.803879702031326
25629,LOF,0.060678160158946615,0.04514208968767042,0.894179750153383
25630,LOF,0.26341468089016684,0.07256780261617743,0.6640175164936557
25631,Neutral,0.5173134250142202,0.06141606227167544,0.42127051271410454
25632,LOF,0.029690681897216763,0.0583390856946379,0.9119702324081453
25633,LOF,0.195616224680047,0.034290841859545534,0.7700929334604074
25634,LOF,0.034681542019907176,0.08147027166286853,0.8838481863172243
25635,LOF,0.04257081671264603,0.04142370798486133,0.9160054753024927
25636,GOF,0.03489479193708095,0.5010609845900926,0.4640442234728264
25637,LOF,0.06503782436816843,0.4643351174155347,0.4706270582162969
25638,LOF,0.03962569980261723,0.28844471183572346,0.6719295883616594
25639,LOF,0.03255483188406738,0.3395867759705912,0.6278583921453413
25640,Neutral,0.8245555983600867,0.12958346591496545,0.04586093572494774
25641,LOF,0.0531450694450016,0.43692411297474826,0.5099308175802502
25642,LOF,0.04281071960084231,0.1502724495331747,0.806916830865983
25643,LOF,0.20007849234037084,0.1707899981832269,0.6291315094764022
25644,LOF,0.01924310581954647,0.4575207968458261,0.5232360973346275
25645,LOF,0.018833727184635607,0.42900246531021113,0.5521638075051533
25646,LOF,0.05103881315345413,0.3362936788100158,0.6126675080365299
25647,LOF,0.020563261929604965,0.2519893190730618,0.7274474189973332
25648,LOF,0.0269397319506324,0.25612118907459397,0.7169390789747736
25649,LOF,0.014691274113414907,0.2428412996760654,0.7424674262105198
25650,LOF,0.04859409955006892,0.39483392702160647,0.5565719734283247
25651,LOF,0.01543841391396859,0.26778032936500357,0.7167812567210279
25652,LOF,0.026152524510919126,0.2623329714859164,0.7115145040031645
25653,LOF,0.07124293855956765,0.38732138527701804,0.5414356761634143
25654,LOF,0.02290502276723972,0.19576220333592628,0.781332773896834
25655,LOF,0.21894550165919843,0.3576470025739721,0.42340749576682957
25656,LOF,0.28680505603896606,0.0432654954209211,0.6699294485401129
25657,LOF,0.07909866827692628,0.05368892758761576,0.8672124041354579
25658,LOF,0.3822900689583911,0.050096643896348714,0.56761328714526
25659,Neutral,0.5456250455751439,0.07118907965552236,0.3831858747693337
25660,LOF,0.026198759065048982,0.07878181436015441,0.8950194265747966
25661,LOF,0.09387960623206744,0.05782720486231598,0.8482931889056167
25662,LOF,0.03197707870603031,0.030642675852127977,0.9373802454418417
25663,LOF,0.039628124158797254,0.0473732503053784,0.9129986255358244
25664,LOF,0.1337335434011153,0.05459552699166288,0.8116709296072218
25665,LOF,0.0548623356354852,0.029152941206443628,0.9159847231580711
25666,LOF,0.09197475179927346,0.07641884585601916,0.8316064023447075
25667,LOF,0.062000364512473045,0.0454073023230398,0.8925923331644872
25668,LOF,0.037899582543840134,0.04511773409934055,0.9169826833568193
25669,LOF,0.03335191292259517,0.05351802422615742,0.9131300628512474
25670,LOF,0.14124534856363904,0.0448098500902642,0.8139448013460967
25671,LOF,0.08842101641238251,0.030813320168439892,0.8807656634191775
25672,LOF,0.05501395396729334,0.038275974271224776,0.9067100717614819
25673,LOF,0.0805822321118793,0.036274148936525155,0.8831436189515955
25674,LOF,0.06868379894383206,0.04675946085110637,0.8845567402050616
25675,LOF,0.11339239100054568,0.0457730876606056,0.8408345213388486
25676,LOF,0.018695434458224008,0.047683803202481084,0.9336207623392949
25677,LOF,0.026803094664104393,0.0648770049141693,0.9083199004217264
25678,LOF,0.1771611904404339,0.053150709100352474,0.7696881004592137
25679,LOF,0.1291874579630491,0.06766967200872932,0.8031428700282216
25680,LOF,0.03036500699729893,0.10430859152547754,0.8653264014772235
25681,LOF,0.048381015934231886,0.09566582124190279,0.8559531628238652
25682,LOF,0.14524932721819897,0.057423932013905096,0.7973267407678959
25683,LOF,0.12493857551027554,0.0720776961683067,0.8029837283214178
25684,LOF,0.043133759299881086,0.06242412710177176,0.8944421135983471
25685,LOF,0.13037788184098564,0.04758735691512867,0.8220347612438856
25686,LOF,0.0789364300293211,0.08948110722242904,0.8315824627482498
25687,LOF,0.11108026613692348,0.07973933080705564,0.8091804030560208
25688,LOF,0.3030212195729135,0.038187145283854855,0.6587916351432316
25689,LOF,0.2224546930206607,0.047289174937468904,0.7302561320418705
25690,LOF,0.3522713368899537,0.035241740429842607,0.6124869226802037
25691,Neutral,0.6782470554292724,0.03518302430914358,0.2865699202615839
25692,LOF,0.30949439356935066,0.010001540368576834,0.6805040660620725
25693,LOF,0.045738732604191264,0.43433727438762787,0.5199239930081809
25694,LOF,0.1269632204078156,0.022845225844262986,0.8501915537479214
25695,LOF,0.12207582051968272,0.01839959838338805,0.8595245810969293
25696,LOF,0.12421533799993348,0.010020176978670595,0.8657644850213958
25697,LOF,0.12602145888681246,0.028189906830828265,0.8457886342823593
25698,LOF,0.33587375300767736,0.2720439380290009,0.3920823089633218
25699,LOF,0.44912971265531465,0.043557602172868096,0.5073126851718173
25700,LOF,0.04965339935682128,0.010957293369078846,0.9393893072741
25701,LOF,0.15913971412942687,0.06219914337421038,0.7786611424963628
25702,GOF,0.18018775894626615,0.5418275918803197,0.2779846491734142
25703,LOF,0.016024943199059043,0.15809470128664307,0.8258803555142978
25704,LOF,0.04819168724111714,0.11563370651573178,0.8361746062431511
25705,LOF,0.05916773071176012,0.17477903216012147,0.7660532371281183
25706,LOF,0.08627075708989908,0.3512284837665013,0.5625007591435998
25707,LOF,0.08771197789593561,0.28088593018505364,0.6314020919190109
25708,LOF,0.029013351942152852,0.2619670573104171,0.70901959074743
25709,LOF,0.05611064514302597,0.04399339449735597,0.899895960359618
25710,LOF,0.011274658788171181,0.13534322194457665,0.8533821192672522
25711,LOF,0.01915009272556991,0.09599042295745745,0.8848594843169726
25712,LOF,0.012787533725498812,0.17351917006936993,0.8136932962051313
25713,LOF,0.018612088189205206,0.07632554287595275,0.9050623689348422
25714,LOF,0.07073986872788218,0.07670969775732063,0.8525504335147972
25715,LOF,0.010589745030027364,0.13168779089081875,0.8577224640791538
25716,LOF,0.014123463879260039,0.11160016233220266,0.8742763737885374
25717,LOF,0.012648321589794087,0.0815947159258695,0.9057569624843365
25718,LOF,0.01169699137044202,0.10608614994731354,0.8822168586822444
25719,LOF,0.01901344459393881,0.08438057984541399,0.8966059755606471
25720,LOF,0.02224290403644122,0.07651204923314053,0.9012450467304183
25721,LOF,0.015777337248155755,0.10368169797653892,0.8805409647753054
25722,LOF,0.013377458779800296,0.11971438761070859,0.866908153609491
25723,LOF,0.022557256661626595,0.048140448623217216,0.9293022947151561
25724,LOF,0.0242628915763136,0.08591011670340769,0.8898269917202788
25725,LOF,0.011699966679040578,0.07367304844897381,0.9146269848719857
25726,LOF,0.014024798623132965,0.10591982837336764,0.8800553730034993
25727,LOF,0.013184607010475979,0.08550472147618705,0.901310671513337
25728,LOF,0.00972105280465612,0.11210085120553323,0.8781780959898107
25729,LOF,0.01013756701668325,0.10987388232620868,0.879988550657108
25730,LOF,0.013491772535057331,0.08176372438644244,0.9047445030785002
25731,LOF,0.02097995086656235,0.11144052091265008,0.8675795282207875
25732,LOF,0.015090388906081003,0.08357529961523977,0.9013343114786793
25733,LOF,0.016404743026606446,0.07577918005699615,0.9078160769163974
25734,LOF,0.012737010752600387,0.12958356543805094,0.8576794238093487
25735,LOF,0.013456998644646685,0.08114995235044017,0.9053930490049131
25736,LOF,0.014143034301748725,0.10412346583666034,0.8817334998615909
25737,LOF,0.020801303072956325,0.08368942617201565,0.8955092707550281
25738,LOF,0.013341418442523368,0.1152142721548655,0.8714443094026111
25739,LOF,0.02005882821282591,0.08328150461875578,0.8966596671684184
25740,LOF,0.026769515512715343,0.09130864880282247,0.8819218356844623
25741,LOF,0.014828156274891738,0.09858932976745263,0.8865825139576556
25742,LOF,0.11401363753182615,0.07647059395744447,0.8095157685107294
25743,LOF,0.03539514101682325,0.032741188389885184,0.9318636705932916
25744,Neutral,0.5730148731574553,0.20527349447790041,0.22171163236464422
25745,LOF,0.09353047637250653,0.06214878942293719,0.8443207342045563
25746,LOF,0.043957855734382524,0.07100059944950492,0.8850415448161125
25747,LOF,0.02349475620416533,0.040072944797915094,0.9364322989979197
25748,LOF,0.11186227288059752,0.05587032673434544,0.832267400385057
25749,LOF,0.025344001276499276,0.07005017787433493,0.9046058208491659
25750,LOF,0.08146608598147456,0.0715059083919327,0.8470280056265928
25751,LOF,0.09824229782769282,0.05617629163649259,0.8455814105358146
25752,GOF,0.10899455838596459,0.6566058291202722,0.23439961249376326
25753,LOF,0.017469363966174437,0.25856641312941353,0.7239642229044121
25754,GOF,0.009825478269181393,0.7608355665307293,0.22933895520008934
25755,LOF,0.02146479864925464,0.3853351019526836,0.5932000993980617
25756,LOF,0.038283614524061885,0.3566369561762573,0.6050794292996808
25757,GOF,0.013048827927825402,0.8408551096058615,0.14609606246631293
25758,GOF,0.030646480668705033,0.8188905619839314,0.15046295734736365
25759,GOF,0.011568341797039819,0.5209354436352799,0.4674962145676803
25760,LOF,0.013241898115689734,0.2229566998480605,0.7638014020362498
25761,GOF,0.26828840942695764,0.6065824534623854,0.12512913711065698
25762,LOF,0.03312262692456945,0.2561748654921451,0.7107025075832855
25763,LOF,0.013646264017853115,0.19446921453446164,0.7918845214476853
25764,GOF,0.08067699456376555,0.6137040374204211,0.3056189680158134
25765,GOF,0.04151821611949991,0.7412071902094021,0.21727459367109808
25766,GOF,0.05567836981072408,0.7744509830143577,0.1698706471749183
25767,GOF,0.1753734214509658,0.434174604180915,0.39045197436811924
25768,LOF,0.08597561189749127,0.06730911828090355,0.8467152698216052
25769,LOF,0.06031015974685681,0.06211501767906492,0.8775748225740783
25770,LOF,0.2724445081799601,0.08620041605797989,0.64135507576206
25771,LOF,0.03867823135716399,0.044046408786055986,0.91727535985678
25772,LOF,0.01631987937350851,0.033509349568564085,0.9501707710579274
25773,LOF,0.043677926716543476,0.07745652529555273,0.8788655479879038
25774,LOF,0.027934425730930804,0.07276647128692447,0.8992991029821448
25775,LOF,0.0436279343212822,0.04401123894356551,0.9123608267351524
25776,LOF,0.06952180389627961,0.02564846010417629,0.9048297359995441
25777,LOF,0.3255775204531125,0.05280469900901347,0.6216177805378741
25778,LOF,0.05860518434621005,0.047853707585776374,0.8935411080680136
25779,GOF,0.3737495946183004,0.5806749065019314,0.04557549887976819
25780,GOF,0.3138861900756138,0.6147318496040004,0.0713819603203859
25781,GOF,0.1368663718063343,0.7559355795818252,0.10719804861184047
25782,GOF,0.1822910660845695,0.7439591954339169,0.07374973848151371
25783,GOF,0.029306500675199798,0.6212604718073412,0.349433027517459
25784,Neutral,0.4833766253337041,0.4740602442096336,0.04256313045666225
25785,GOF,0.3748651635040403,0.5829184739361102,0.042216362559849556
25786,GOF,0.0258135978945868,0.7611193774147252,0.21306702469068806
25787,Neutral,0.65178698970934,0.32416563372310897,0.02404737656755106
25788,LOF,0.046712903852707925,0.09927831365782161,0.8540087824894705
25789,GOF,0.1853089210603548,0.6465649815890064,0.16812609735063885
25790,GOF,0.19542754357789924,0.7013163118177924,0.10325614460430835
25791,GOF,0.13631666785389837,0.6908994099767612,0.1727839221693403
25792,GOF,0.29883950083265143,0.5705781145857642,0.13058238458158442
25793,GOF,0.23997320366594174,0.5675032179773196,0.19252357835673864
25794,GOF,0.3055190005818293,0.5133815223412489,0.1810994770769218
25795,GOF,0.08260843599343938,0.6854036854066268,0.23198787859993392
25796,Neutral,0.5350427919330257,0.3841455793228308,0.08081162874414342
25797,GOF,0.09529241403389263,0.5347009851363373,0.37000660082976994
25798,GOF,0.00922138029187264,0.5091183100532687,0.48166030965485873
25799,LOF,0.006841657046116039,0.38872418546943177,0.6044341574844522
25800,GOF,0.03300974482804933,0.5619459586911572,0.40504429648079354
25801,GOF,0.17780625429282185,0.6962460728873958,0.1259476728197823
25802,GOF,0.09250351704541941,0.6951101421822742,0.2123863407723064
25803,GOF,0.0406680332575564,0.564874148689835,0.3944578180526087
25804,LOF,0.03675321807179084,0.46932132712648356,0.4939254548017255
25805,GOF,0.10519319627318317,0.615941101377446,0.27886570234937086
25806,GOF,0.11226076698108546,0.5868922885279478,0.30084694449096683
25807,GOF,0.021235572618102085,0.6376478265612542,0.3411166008206437
25808,GOF,0.08596306111093138,0.6503490748565472,0.26368786403252137
25809,GOF,0.020637387477432496,0.578720566950997,0.40064204557157046
25810,GOF,0.0188792784812329,0.6162385208518829,0.36488220066688415
25811,GOF,0.44177720730115144,0.47803080286168964,0.08019198983715888
25812,GOF,0.03262595157573912,0.6114641011082502,0.3559099473160108
25813,Neutral,0.5089780207391322,0.3835713160030542,0.10745066325781351
25814,GOF,0.11029025060636365,0.6379652012744661,0.2517445481191703
25815,GOF,0.20241685879306814,0.5985840618927459,0.19899907931418598
25816,GOF,0.023896659454771787,0.7138938734257717,0.2622094671194564
25817,GOF,0.2455129485160275,0.6003606465406063,0.1541264049433663
25818,GOF,0.051495430744407926,0.6803737896185716,0.2681307796370204
25819,GOF,0.3673796536016829,0.4761972569512254,0.15642308944709168
25820,GOF,0.18152952316184093,0.598443145982313,0.22002733085584616
25821,GOF,0.06020141133705948,0.661084711764739,0.27871387689820154
25822,GOF,0.21962258378951463,0.5682264200738243,0.2121509961366612
25823,GOF,0.03477767368921964,0.5114531428849763,0.45376918342580413
25824,GOF,0.09350927250853404,0.6089459802531847,0.29754474723828134
25825,GOF,0.04239590211307602,0.6069189363925586,0.3506851614943653
25826,GOF,0.01592221269633722,0.5899772911035913,0.3941004962000715
25827,GOF,0.02374947392996376,0.6158877943231515,0.3603627317468847
25828,GOF,0.01341484552082624,0.5330982672767116,0.4534868872024622
25829,GOF,0.0057247796858059564,0.5711689488366132,0.4231062714775808
25830,LOF,0.0328166148756356,0.2641709580032796,0.7030124271210847
25831,GOF,0.24416564020569653,0.627707331982917,0.1281270278113866
25832,GOF,0.031138843448902713,0.6882920532472345,0.2805691033038628
25833,GOF,0.11412832376335974,0.7166675088633051,0.16920416737333513
25834,GOF,0.03180137610724322,0.7120056313641889,0.2561929925285679
25835,GOF,0.06796045502366888,0.7610593377178654,0.17098020725846583
25836,GOF,0.03282883830005373,0.6763619817553636,0.2908091799445826
25837,GOF,0.027200658296017807,0.6063533919358443,0.3664459497681378
25838,GOF,0.09047310387369496,0.7670738557452174,0.1424530403810877
25839,GOF,0.28975390857032957,0.5559137061080294,0.15433238532164112
25840,GOF,0.2531477345231731,0.5961307045213221,0.1507215609555049
25841,GOF,0.24244406114670383,0.6125006891214803,0.145055249731816
25842,GOF,0.13337554627908277,0.7426957490008002,0.12392870472011708
25843,GOF,0.19349848323421495,0.7170188189069578,0.08948269785882723
25844,GOF,0.06014112740214184,0.7410584110674943,0.19880046153036385
25845,GOF,0.015102105826688389,0.5230730800780599,0.4618248140952517
25846,GOF,0.1275153656835262,0.74977901981017,0.12270561450630375
25847,GOF,0.09310699997090308,0.8092054483659727,0.09768755166312414
25848,GOF,0.03359130419148618,0.7138339207950539,0.25257477501346
25849,GOF,0.010450666511970672,0.6195478240571299,0.3700015094308994
25850,GOF,0.01938975714991558,0.6724421609970478,0.30816808185303673
25851,GOF,0.01576326526582849,0.5535922500247882,0.4306444847093834
25852,GOF,0.16556493484954696,0.5593022048807285,0.27513286026972456
25853,GOF,0.35149306308410044,0.5597539685178131,0.08875296839808633
25854,GOF,0.02143963148819153,0.6143237473232986,0.3642366211885098
25855,GOF,0.03302986289873865,0.559212397204484,0.40775773989677727
25856,GOF,0.21676615941498678,0.5629122127766548,0.22032162780835834
25857,GOF,0.038391603391334274,0.5058433765893832,0.45576502001928254
25858,GOF,0.02031942721633618,0.5235365793452873,0.4561439934383766
25859,GOF,0.010537930651462123,0.4952262113052952,0.49423585804324277
25860,GOF,0.3440081963715276,0.5692630866268376,0.08672871700163488
25861,GOF,0.4104230335847147,0.5088051970584486,0.08077176935683664
25862,GOF,0.07669689254817537,0.7763582404197121,0.14694486703211265
25863,GOF,0.0776067543187828,0.7824259259175165,0.1399673197637006
25864,GOF,0.18942066242461306,0.7416590964994701,0.06892024107591693
25865,GOF,0.08168017752299256,0.8102855046996027,0.1080343177774049
25866,GOF,0.05637709644195932,0.7881187502616599,0.15550415329638073
25867,GOF,0.07862826781151468,0.8163394420311034,0.10503229015738187
25868,GOF,0.24286412531453883,0.6453110967723863,0.11182477791307491
25869,Neutral,0.7214392943617955,0.23267429166254663,0.04588641397565794
25870,GOF,0.2836876519120416,0.40905764567495767,0.3072547024130006
25871,GOF,0.22351261563540628,0.6429436465375802,0.13354373782701348
25872,GOF,0.0756170423892902,0.6632852173316445,0.2610977402790653
25873,GOF,0.109228143655356,0.701967531249351,0.18880432509529305
25874,LOF,0.014806393958715004,0.10944419456483881,0.8757494114764462
25875,LOF,0.08590376177904799,0.03901640904145495,0.875079829179497
25876,LOF,0.03425298263245547,0.026841747942852327,0.9389052694246922
25877,Neutral,0.5021250102652283,0.037660658778250075,0.46021433095652176
25878,LOF,0.22763252435963338,0.08057435189140272,0.6917931237489638
25879,LOF,0.09059342059092439,0.07941896323963996,0.8299876161694356
25880,LOF,0.04279229759279212,0.013919149232215199,0.9432885531749926
25881,LOF,0.15688165108229263,0.10656179111829951,0.7365565577994079
25882,LOF,0.06151553687791731,0.01666215511094785,0.921822308011135
25883,LOF,0.061063067787884784,0.019008019111771492,0.9199289131003436
25884,LOF,0.03089357004304676,0.029351070877810064,0.9397553590791432
25885,LOF,0.061723156600501435,0.01189255424650586,0.9263842891529926
25886,LOF,0.2491256487324163,0.040725173213591356,0.7101491780539924
25887,LOF,0.1439556444170294,0.06623947801797761,0.789804877564993
25888,LOF,0.06127706103229327,0.055212555417350415,0.8835103835503563
25889,LOF,0.03898533714686986,0.020804239530750505,0.9402104233223796
25890,LOF,0.05307349534303032,0.1471376202165143,0.7997888844404555
25891,LOF,0.040776330855153406,0.05306525858941845,0.9061584105554281
25892,LOF,0.07739712202433895,0.025859333581933163,0.8967435443937279
25893,LOF,0.2429335774008553,0.021691933476092027,0.7353744891230527
25894,LOF,0.1723177391724105,0.013386281509644927,0.8142959793179446
25895,LOF,0.19835291053520213,0.02406201118749671,0.7775850782773012
25896,LOF,0.051652216244076496,0.023877874401625476,0.9244699093542981
25897,LOF,0.2735618806664769,0.014877467300031753,0.7115606520334914
25898,Neutral,0.6962228452976175,0.01101886715392443,0.292758287548458
25899,LOF,0.20966428207176824,0.023748488415124384,0.7665872295131073
25900,LOF,0.4829509147848792,0.013081845340930787,0.5039672398741901
25901,LOF,0.04569450410093327,0.012200471246049265,0.9421050246530175
25902,LOF,0.16250903128226665,0.014501982320521538,0.8229889863972117
25903,Neutral,0.596503511153345,0.030709840050282513,0.37278664879637263
25904,LOF,0.3124399426884881,0.045165503473035405,0.6423945538384765
25905,LOF,0.023032808264494227,0.34371654117093514,0.6332506505645707
25906,LOF,0.030824142713916276,0.08688993783345525,0.8822859194526285
25907,LOF,0.013705413082312046,0.3221299162621455,0.6641646706555423
25908,LOF,0.01012762527907398,0.2589433304358041,0.730929044285122
25909,LOF,0.01271025634184419,0.13644583451545947,0.8508439091426964
25910,LOF,0.0501271547308439,0.13986598512438586,0.8100068601447702
25911,LOF,0.19667122494420416,0.027114443268859763,0.7762143317869361
25912,LOF,0.04766494347467842,0.0442381307147043,0.9080969258106172
25913,LOF,0.3493990426896544,0.02222861014335901,0.6283723471669865
25914,LOF,0.02102924332813848,0.046401252731533754,0.9325695039403278
25915,Neutral,0.594588478723635,0.12877885240395093,0.27663266887241406
25916,LOF,0.08976389496912865,0.1869561566733854,0.723279948357486
25917,LOF,0.065842459392548,0.031877488769046294,0.9022800518384057
25918,LOF,0.02457502721162754,0.027569256647876315,0.947855716140496
25919,LOF,0.02061864705163141,0.028212613429141064,0.9511687395192275
25920,GOF,0.1167894606524072,0.5137008848644992,0.3695096544830935
25921,LOF,0.028178078113553478,0.03240703515480764,0.9394148867316388
25922,LOF,0.036181660151675926,0.023156053112160374,0.9406622867361636
25923,Neutral,0.4982775504695053,0.03332557296060811,0.46839687656988666
25924,LOF,0.03690765009741745,0.03687827674862336,0.9262140731539592
25925,LOF,0.07736851327829414,0.03649539006107706,0.8861360966606289
25926,LOF,0.0545697381209955,0.031781921850478005,0.9136483400285265
25927,LOF,0.06098259739207256,0.15508662058591055,0.7839307820220169
25928,LOF,0.0193060733449411,0.05158888511168635,0.9291050415433726
25929,Neutral,0.619488262716403,0.03587879188444676,0.34463294539915024
25930,LOF,0.07362790754161458,0.028576290659800663,0.8977958017985848
25931,LOF,0.02728835802339101,0.030683900342294772,0.9420277416343142
25932,LOF,0.029530606351896374,0.025334407797796183,0.9451349858503074
25933,LOF,0.03939775067934929,0.016600829357309083,0.9440014199633416
25934,LOF,0.02518760495869702,0.01849608474426007,0.9563163102970429
25935,LOF,0.0668036481850572,0.04751071433951066,0.8856856374754322
25936,LOF,0.04268313871908034,0.02253849040106361,0.934778370879856
25937,LOF,0.028173077900631005,0.03095325623737711,0.9408736658619918
25938,LOF,0.06653229836485948,0.04940679618340413,0.8840609054517365
25939,LOF,0.04302807725513209,0.01772325424009423,0.9392486685047736
25940,LOF,0.03387414802174184,0.3395369252888399,0.6265889266894182
25941,LOF,0.19114560379160428,0.09634676581522952,0.7125076303931663
25942,LOF,0.01386619999361311,0.035947698992018384,0.9501861010143685
25943,LOF,0.30456999684190145,0.05847507050389721,0.6369549326542012
25944,Neutral,0.49358947501947836,0.022376849224991596,0.48403367575553014
25945,LOF,0.07346300045193765,0.019071764541604013,0.9074652350064583
25946,LOF,0.0314415471506279,0.1120152144919166,0.8565432383574556
25947,LOF,0.11162372565745146,0.1695963530656623,0.7187799212768862
25948,LOF,0.3745363885884905,0.007952373721477309,0.6175112376900322
25949,LOF,0.11502373022938726,0.03872849886467665,0.846247770905936
25950,Neutral,0.3508504569327858,0.3391860689402912,0.30996347412692293
25951,LOF,0.19168152227262567,0.2952800082706482,0.513038469456726
25952,GOF,0.043505522290670215,0.49673245656719334,0.45976202114213643
25953,LOF,0.16591922875284362,0.11573490136421992,0.7183458698829365
25954,Neutral,0.4235640349778307,0.208149589028803,0.3682863759933663
25955,LOF,0.06001083165712295,0.07716592335701514,0.8628232449858618
25956,LOF,0.15543778752994378,0.11907090722420545,0.7254913052458508
25957,LOF,0.03548820565438149,0.030193163420268527,0.93431863092535
25958,LOF,0.05299829469085627,0.02706504198297437,0.9199366633261693
25959,LOF,0.07559467881485249,0.31570103205811667,0.6087042891270308
25960,LOF,0.014966414433171897,0.053852599824864,0.9311809857419642
25961,LOF,0.03984749309671355,0.026686583957516316,0.9334659229457702
25962,LOF,0.059754631235804136,0.030539781506680966,0.9097055872575149
25963,LOF,0.04667058490142816,0.19591763567027862,0.7574117794282932
25964,LOF,0.0303823588131754,0.15500135690547556,0.814616284281349
25965,Neutral,0.47549921664912975,0.057050268389876764,0.4674505149609935
25966,Neutral,0.5334435405478214,0.1741671533031127,0.2923893061490659
25967,LOF,0.017717023198613114,0.09907623869831884,0.8832067381030679
25968,LOF,0.03315341980553837,0.3765510759972582,0.5902955041972036
25969,LOF,0.033479430849579675,0.06422444318691697,0.9022961259635034
25970,LOF,0.05728625392864908,0.057668783662452885,0.885044962408898
25971,LOF,0.06442618441223612,0.0199468473925312,0.9156269681952326
25972,LOF,0.06565678530763101,0.031463080321198864,0.9028801343711702
25973,LOF,0.06875216933295647,0.011043480194850288,0.9202043504721932
25974,LOF,0.18173946965119991,0.0154892710372849,0.8027712593115152
25975,LOF,0.04247698278779447,0.02880448910129619,0.9287185281109093
25976,LOF,0.040954459893789305,0.016282320052292267,0.9427632200539185
25977,LOF,0.14594617828423687,0.0785710654230756,0.7754827562926877
25978,LOF,0.14203948343039138,0.10741708371028617,0.7505434328593225
25979,LOF,0.13192685160826734,0.10789575220074736,0.7601773961909852
25980,LOF,0.2289765426873477,0.12899439259862658,0.6420290647140257
25981,LOF,0.2576849654194381,0.12872390619707988,0.6135911283834822
25982,LOF,0.39560993188769594,0.09252949161397418,0.5118605764983299
25983,LOF,0.3722971092540526,0.10265909019227805,0.5250438005536693
25984,LOF,0.04591083736940837,0.05108956962759017,0.9029995930030015
25985,LOF,0.03847016484280285,0.2734367405656566,0.6880930945915406
25986,LOF,0.04585173562188669,0.3126371671502178,0.6415110972278956
25987,LOF,0.08149732508258783,0.06791980040456107,0.8505828745128511
25988,LOF,0.16121958232335457,0.0655431607362152,0.7732372569404303
25989,LOF,0.03649344785082506,0.13133809312965333,0.8321684590195215
25990,LOF,0.03812877478254702,0.1866504662084092,0.7752207590090437
25991,LOF,0.12579111009218252,0.2566777990976484,0.6175310908101691
25992,LOF,0.32250477298564373,0.14935989454029844,0.528135332474058
25993,LOF,0.02374518060944101,0.07901528580615623,0.8972395335844028
25994,LOF,0.018769598016730508,0.08713602348134451,0.894094378501925
25995,LOF,0.025067040896156505,0.16858730787870788,0.8063456512251357
25996,GOF,0.33739969182580853,0.4021300553717614,0.2604702528024301
25997,LOF,0.08881484538758956,0.38076110559387627,0.5304240490185341
25998,Neutral,0.5080839182774344,0.027130318496214497,0.4647857632263511
25999,LOF,0.10140483761538098,0.09195005259414846,0.8066451097904704
26000,LOF,0.12778861244647755,0.046389748414857594,0.8258216391386648
26001,LOF,0.20272005774176707,0.048846161105941664,0.7484337811522913
26002,LOF,0.11478071538027745,0.040919466107611976,0.8442998185121104
26003,GOF,0.010528705492978664,0.5912429045027431,0.3982283900042783
26004,GOF,0.020698975695681448,0.6943853014520882,0.2849157228522304
26005,LOF,0.006421438706879315,0.45749182306740394,0.5360867382257167
26006,Neutral,0.5274711393243476,0.2555091270158354,0.21701973365981708
26007,GOF,0.021490680019348212,0.5307061965512547,0.44780312342939715
26008,GOF,0.01731429296508856,0.6299640342183236,0.3527216728165878
26009,GOF,0.019647358845934125,0.6935448157427054,0.2868078254113605
26010,GOF,0.023720936438824537,0.6551764365888714,0.321102626972304
26011,LOF,0.006430210249714037,0.4290227784165292,0.5645470113337568
26012,GOF,0.012889598894141482,0.5662719889038231,0.4208384122020354
26013,GOF,0.01924917571375639,0.6204180637133898,0.3603327605728538
26014,LOF,0.04078035035774088,0.10913121667006498,0.850088432972194
26015,LOF,0.15300804840673843,0.016149022409188394,0.8308429291840732
26016,LOF,0.19019965498035316,0.057833585157381046,0.7519667598622657
26017,LOF,0.20681414527310868,0.08904793881332651,0.7041379159135648
26018,LOF,0.0776250228031102,0.04049803287687527,0.8818769443200145
26019,LOF,0.0732340526823647,0.03165771899230165,0.8951082283253338
26020,LOF,0.06531195172032274,0.09693000547386456,0.8377580428058128
26021,LOF,0.04871174449110036,0.10128825113639774,0.850000004372502
26022,LOF,0.011485682446952824,0.04240351840461471,0.9461107991484324
26023,LOF,0.06456873556217992,0.024717071573678757,0.9107141928641413
26024,LOF,0.029973443807763615,0.10905714245561077,0.8609694137366257
26025,LOF,0.15292208660048848,0.09284238192185237,0.7542355314776591
26026,LOF,0.32300950901140696,0.02708204025795005,0.6499084507306431
26027,LOF,0.057037862106199474,0.019138043017016267,0.9238240948767842
26028,LOF,0.17337831632225695,0.061582063214857055,0.765039620462886
26029,LOF,0.07220957652566763,0.14265905093730807,0.7851313725370243
26030,LOF,0.020455288778787505,0.03609825005782416,0.9434464611633884
26031,LOF,0.02648498543225607,0.10036598739746631,0.8731490271702776
26032,LOF,0.06162887074535082,0.054408716421611505,0.8839624128330377
26033,LOF,0.08501898675994725,0.05545791695746562,0.8595230962825872
26034,LOF,0.04562163467035081,0.11954045364243827,0.8348379116872109
26035,LOF,0.026923185501473636,0.11193015780532954,0.8611466566931968
26036,LOF,0.040714202088913125,0.13169832700096631,0.8275874709101205
26037,LOF,0.022100901193296236,0.09306246884671578,0.884836629959988
26038,LOF,0.05866788729740434,0.05729189777191417,0.8840402149306814
26039,LOF,0.053253095611730805,0.11384784784312212,0.832899056545147
26040,LOF,0.19541557531182122,0.10116113044468109,0.7034232942434977
26041,LOF,0.022809676298145093,0.08702593051553925,0.8901643931863157
26042,LOF,0.02064271411515103,0.08101131456876544,0.8983459713160835
26043,LOF,0.05981286178039337,0.06487049909824415,0.8753166391213625
26044,LOF,0.018981372406247123,0.04804649834327807,0.9329721292504749
26045,LOF,0.0733083759732251,0.07715422190829394,0.8495374021184809
26046,LOF,0.057206722905440203,0.054616150073608656,0.8881771270209512
26047,LOF,0.07640775022733702,0.056112295622564506,0.8674799541500986
26048,LOF,0.04468801638768657,0.03148831320432487,0.9238236704079885
26049,Neutral,0.9674118318037794,0.005709062043211743,0.026879106153008907
26050,Neutral,0.9512107352664053,0.007002857203352176,0.04178640753024256
26051,LOF,0.05205395265135912,0.25492201827871735,0.6930240290699234
26052,LOF,0.0659200760919721,0.28931460545030885,0.644765318457719
26053,LOF,0.061040605203009565,0.1345472080566217,0.8044121867403686
26054,LOF,0.04979044185896042,0.0172319109551938,0.9329776471858459
26055,LOF,0.06978340911094504,0.016273241348461726,0.9139433495405932
26056,LOF,0.05724894882631918,0.018877711407782646,0.9238733397658981
26057,LOF,0.032886318729807074,0.011379636640027111,0.9557340446301659
26058,LOF,0.033374239826466104,0.00932891126495825,0.9572968489085756
26059,LOF,0.2765812768079882,0.02079670286101228,0.7026220203309995
26060,LOF,0.04257882498684793,0.16345520808952652,0.7939659669236255
26061,LOF,0.01715023666481908,0.011846590718238794,0.9710031726169421
26062,LOF,0.010580514207444713,0.017355390553003468,0.9720640952395518
26063,LOF,0.020285304940751946,0.009720914034848304,0.9699937810243997
26064,LOF,0.020170377536250804,0.02294605004992313,0.956883572413826
26065,LOF,0.02597933936856578,0.010189469570169632,0.9638311910612647
26066,LOF,0.02063251822034987,0.010270577952958949,0.9690969038266912
26067,LOF,0.028636004287843693,0.008055992065014856,0.9633080036471415
26068,LOF,0.042077647379073047,0.028273664130620397,0.9296486884903066
26069,LOF,0.2542851177155292,0.02011217743141967,0.725602704853051
26070,LOF,0.4132013625342048,0.016411757657460894,0.5703868798083342
26071,LOF,0.021147682506669114,0.010879853827215612,0.9679724636661152
26072,LOF,0.018594333869948052,0.02266256845843855,0.9587430976716134
26073,LOF,0.01987001820021375,0.013129179698788894,0.9670008021009974
26074,Neutral,0.9192201061245608,0.006035002902948013,0.07474489097249115
26075,LOF,0.04615217884783084,0.013546811465892214,0.940301009686277
26076,LOF,0.037307167390487304,0.008080017705786301,0.9546128149037265
26077,LOF,0.009753206092136103,0.012567429131974516,0.9776793647758893
26078,LOF,0.014600620752837632,0.011683918283120437,0.9737154609640419
26079,LOF,0.06107703600046411,0.016425879740760485,0.9224970842587754
26080,LOF,0.06070454520716183,0.016453107206053183,0.922842347586785
26081,LOF,0.03505135961209182,0.00633368006830904,0.9586149603195993
26082,LOF,0.013373618942631846,0.013585427331105415,0.9730409537262629
26083,LOF,0.1724690193024832,0.014051402074008899,0.813479578623508
26084,LOF,0.04512086103783264,0.010849983157444829,0.9440291558047226
26085,LOF,0.04070964515775944,0.010406950989426168,0.9488834038528144
26086,LOF,0.02131758720856557,0.010751571598452914,0.9679308411929816
26087,LOF,0.02347968485038499,0.0083764819762245,0.9681438331733905
26088,LOF,0.0170811450490679,0.024159297775447768,0.9587595571754843
26089,LOF,0.04012928471165745,0.022360947426974528,0.9375097678613681
26090,LOF,0.04035371968762976,0.017518243952263375,0.9421280363601069
26091,LOF,0.0317911582874117,0.00621118204242685,0.9619976596701616
26092,LOF,0.023495535091024474,0.007614120934701161,0.9688903439742744
26093,LOF,0.033040057216734676,0.00549109285628672,0.9614688499269786
26094,LOF,0.034912621046216945,0.005985631374426829,0.9591017475793563
26095,LOF,0.03913818831625488,0.014160049221145336,0.9467017624625996
26096,LOF,0.01693066971151572,0.011536995390939128,0.9715323348975452
26097,LOF,0.012182651617622565,0.037711991404157624,0.9501053569782197
26098,LOF,0.0795657720350318,0.012071040094014537,0.9083631878709537
26099,LOF,0.020911995487297982,0.011856930358835458,0.9672310741538667
26100,LOF,0.022895114948557803,0.01134204911443232,0.96576283593701
26101,LOF,0.04678012125336118,0.017516633316697786,0.9357032454299411
26102,LOF,0.020507618279034245,0.013803930935471038,0.9656884507854947
26103,Neutral,0.8779221424305129,0.01824858329277186,0.10382927427671543
26104,LOF,0.07981819889893947,0.022753928151325813,0.8974278729497347
26105,LOF,0.21348612462943953,0.2736653592887744,0.512848516081786
26106,LOF,0.1589457928748853,0.12621418687512978,0.7148400202499849
26107,LOF,0.22919736629550608,0.08253731315247417,0.6882653205520197
26108,LOF,0.24020166181895505,0.09306040525468871,0.6667379329263562
26109,LOF,0.09019837905385002,0.05918287134985237,0.8506187495962977
26110,LOF,0.2274752150697668,0.007236444955735615,0.7652883399744976
26111,Neutral,0.5215795309340057,0.02519648205822969,0.4532239870077647
26112,LOF,0.03358862186568999,0.0072222932130748515,0.9591890849212351
26113,LOF,0.0632352103327397,0.016941230058597816,0.9198235596086625
26114,LOF,0.024067317709784507,0.038284675351323974,0.9376480069388916
26115,LOF,0.07980627694940859,0.06845008690967706,0.8517436361409144
26116,LOF,0.06002918744831868,0.07065440197323909,0.8693164105784422
26117,LOF,0.45380371530609,0.03990776030271318,0.5062885243911968
26118,LOF,0.03290462702474586,0.022729423590674112,0.9443659493845802
26119,LOF,0.022446072581046923,0.03369297125036207,0.9438609561685911
26120,LOF,0.02506911892069855,0.01770519967791804,0.9572256814013835
26121,LOF,0.03813296430344194,0.07837504382927533,0.8834919918672827
