feature0,prediction,LoGoFunc_Neutral,LoGoFunc_GOF,LoGoFunc_LOF
25546,Neutral,0.5373087004446719,0.1819706349875768,0.28072066456775124
25547,Neutral,0.4336664473932385,0.2405271430116425,0.32580640959511903
25548,LOF,0.337989378037397,0.22246301663567897,0.43954760532692405
25549,LOF,0.3029251875466576,0.23074895279645793,0.46632585965688444
25550,LOF,0.287858662503724,0.30623543950423143,0.4059058979920445
25551,LOF,0.23368506981461182,0.30704347299215673,0.4592714571932313
25552,LOF,0.20178698786227553,0.2888250787452883,0.5093879333924362
25553,Neutral,0.7249862061757414,0.12472782781214665,0.15028596601211192
25554,LOF,0.25431897632764977,0.23025777333233963,0.5154232503400106
25555,LOF,0.17914094911271658,0.24046832349094893,0.5803907273963346
25556,LOF,0.3342615042512394,0.20644047089086764,0.45929802485789295
25557,LOF,0.201321716100272,0.23599079224816508,0.562687491651563
25558,LOF,0.2591619428306243,0.2957933212757909,0.4450447358935848
25559,LOF,0.3015714486958205,0.05991771420856493,0.6385108370956145
25560,LOF,0.0371230771446031,0.299353287970456,0.6635236348849408
25561,LOF,0.02687220004379984,0.3555587216363325,0.6175690783198676
25562,LOF,0.036676431808752734,0.1238512617455955,0.8394723064456517
25563,LOF,0.010260758946427867,0.21242142904385522,0.777317812009717
25564,LOF,0.06393043836471825,0.06058121634033234,0.8754883452949495
25565,LOF,0.1570649177566862,0.15034702220607604,0.6925880600372377
25566,GOF,0.041345268406562885,0.6336316448415755,0.3250230867518616
25567,LOF,0.04730276653534614,0.029136522562896935,0.9235607109017571
25568,LOF,0.05331372324394729,0.03601305156745782,0.9106732251885948
25569,LOF,0.059644968210899534,0.03130366315220617,0.9090513686368943
25570,LOF,0.06188068565069442,0.0330545215611538,0.9050647927881518
25571,LOF,0.05855296676938976,0.02945127228925868,0.9119957609413516
25572,LOF,0.07657279612790525,0.01836484008966826,0.9050623637824265
25573,LOF,0.07352623038906786,0.055998024348363644,0.8704757452625685
25574,LOF,0.1264713316419092,0.0889419054491275,0.7845867629089632
25575,LOF,0.06317199970669185,0.03371876142387025,0.903109238869438
25576,LOF,0.03421537225638406,0.029448243751816358,0.9363363839917996
25577,LOF,0.04618542963224023,0.021900383015385917,0.931914187352374
25578,LOF,0.2630276780754307,0.07090390656698661,0.6660684153575827
25579,LOF,0.2529237608781731,0.0678328409450109,0.679243398176816
25580,LOF,0.06308013432322933,0.028731655175539498,0.9081882105012312
25581,LOF,0.03599580652136622,0.06593541800628201,0.8980687754723518
25582,LOF,0.03599580652136622,0.06593541800628201,0.8980687754723518
25583,LOF,0.05857296013355725,0.034112884306327716,0.9073141555601151
25584,Neutral,0.721464489261849,0.012238597218254864,0.2662969135198961
25585,LOF,0.03767799985577536,0.026772870301897473,0.9355491298423272
25586,LOF,0.061644604135875525,0.0258674083038684,0.9124879875602562
25587,LOF,0.05909146792061039,0.02853026107382437,0.9123782710055652
25588,LOF,0.057968200491544525,0.024124940207102496,0.917906859301353
25589,Neutral,0.7291881537293377,0.02894813822178342,0.24186370804887886
25590,LOF,0.07686382681273957,0.03775010778425868,0.8853860654030018
25591,LOF,0.12095891816703985,0.018464656630387162,0.860576425202573
25592,LOF,0.20510035827134135,0.07183087437694538,0.7230687673517133
25593,LOF,0.1889676099662297,0.19298286741616713,0.6180495226176032
25594,LOF,0.027146823944726027,0.08390036124093991,0.8889528148143341
25595,LOF,0.0366590921234339,0.05636669383953198,0.9069742140370342
25596,LOF,0.1202237815971525,0.02162005545877701,0.8581561629440705
25597,LOF,0.1148677495118564,0.01505346723921837,0.8700787832489252
25598,LOF,0.039096407867877055,0.08002758291579067,0.8808760092163324
25599,GOF,0.024983696258150386,0.6171125201112538,0.35790378363059583
25600,GOF,0.15087436198742415,0.5400595493078559,0.30906608870471985
25601,LOF,0.05604564969882824,0.2655521063530864,0.6784022439480853
25602,LOF,0.11226021270650689,0.021437770058234894,0.8663020172352582
25603,LOF,0.07513818599467985,0.033067517455553024,0.891794296549767
25604,LOF,0.11070693023990497,0.07524306258468592,0.8140500071754091
25605,LOF,0.17392969498029118,0.08152065883979794,0.7445496461799109
25606,Neutral,0.5532843246207636,0.09028649753286686,0.3564291778463695
25607,LOF,0.060836481669810025,0.09823292194498179,0.8409305963852082
25608,LOF,0.04545125493209462,0.16327876878708575,0.7912699762808196
25609,GOF,0.11124999063114588,0.6932131918218575,0.1955368175469966
25610,LOF,0.029087882531834707,0.07430676425952948,0.8966053532086358
25611,LOF,0.029938914657590535,0.07203806766294482,0.8980230176794647
25612,LOF,0.04637079452916464,0.0740275231094879,0.8796016823613475
25613,LOF,0.040597072920905204,0.07911262813148719,0.8802902989476076
25614,LOF,0.03872324393530965,0.12113493814855343,0.840141817916137
25615,LOF,0.04487030486381381,0.14026164492540313,0.814868050210783
25616,LOF,0.02759210393723122,0.10878099437588579,0.8636269016868829
25617,LOF,0.02674069989428314,0.12418794906408924,0.8490713510416277
25618,LOF,0.15767102663972254,0.4044238125606622,0.43790516079961533
25619,LOF,0.034290632660142005,0.24584256228012816,0.7198668050597298
25620,LOF,0.027347184016690562,0.11653822988183586,0.8561145861014736
25621,LOF,0.07170932765488239,0.13132105073043193,0.7969696216146858
25622,LOF,0.06756085774643389,0.1329546062847231,0.7994845359688431
25623,LOF,0.08075965007380279,0.07285935202659131,0.8463809978996059
25624,LOF,0.03448928077774567,0.17313406787399666,0.7923766513482577
25625,LOF,0.05133474734409417,0.09540702954087923,0.8532582231150266
25626,LOF,0.0321520127335177,0.08167297688360695,0.8861750103828753
25627,Neutral,0.8374434177764213,0.051073824477873384,0.11148275774570529
25628,LOF,0.11909731680715356,0.11171534059301096,0.7691873425998355
25629,LOF,0.026510774227255396,0.12489136557752377,0.8485978601952208
25630,LOF,0.28665099981401493,0.05584682625526309,0.657502173930722
25631,LOF,0.32349084357240293,0.08653363006947482,0.5899755263581222
25632,LOF,0.023103439738259356,0.06768282378154229,0.9092137364801984
25633,LOF,0.14903404077429946,0.09513916305155155,0.7558267961741489
25634,LOF,0.04093504447957097,0.05212059254466288,0.9069443629757661
25635,LOF,0.03888171356724937,0.061763927973529364,0.8993543584592212
25636,GOF,0.021732045580493683,0.5805765204549042,0.39769143396460216
25637,GOF,0.02174585496398391,0.5510506204123284,0.42720352462368766
25638,GOF,0.009248419895633263,0.6342936847755893,0.35645789532877736
25639,LOF,0.023990481153763225,0.36641261326738067,0.6095969055788562
25640,Neutral,0.8075510227923948,0.15357985687746006,0.03886912033014501
25641,LOF,0.0468042272093947,0.4735824599474003,0.4796133128432049
25642,LOF,0.04526146774267192,0.3014012099425335,0.6533373223147946
25643,Neutral,0.34975914248136464,0.33086663582347686,0.31937422169515844
25644,LOF,0.015217254441080857,0.25701016892303463,0.7277725766358846
25645,LOF,0.012514802642212303,0.2426919909007434,0.7447932064570444
25646,LOF,0.02485696637889797,0.1986014057857673,0.7765416278353348
25647,LOF,0.0166057403080307,0.11068505716020463,0.8727092025317646
25648,LOF,0.02442713614016619,0.14866577606565964,0.8269070877941742
25649,LOF,0.012279761549878265,0.08321640651922224,0.9045038319308996
25650,LOF,0.06238600474014556,0.20575342963978657,0.7318605656200677
25651,LOF,0.014773727392391975,0.11034866423855298,0.874877608369055
25652,LOF,0.011555897842203995,0.24851002306132658,0.7399340790964695
25653,LOF,0.03782346892729309,0.2826255537881525,0.6795509772845544
25654,LOF,0.010404154853531846,0.23847836129951192,0.7511174838469562
25655,LOF,0.0927764214024246,0.2948986782064077,0.6123249003911678
25656,LOF,0.12034080610164233,0.29159198087693367,0.5880672130214241
25657,LOF,0.03566043572854786,0.3829516448884205,0.5813879193830317
25658,LOF,0.11411703749605251,0.4092348603683433,0.4766481021356044
25659,GOF,0.19657930424921793,0.556912634730938,0.24650806101984415
25660,LOF,0.04093327506815528,0.2308058017014131,0.7282609232304316
25661,LOF,0.03221793251788084,0.24636765385195308,0.721414413630166
25662,LOF,0.027334449072532952,0.08511455541618472,0.8875509955112822
25663,LOF,0.030136375952432466,0.06227017511630098,0.9075934489312665
25664,LOF,0.0667166354402082,0.1761941328562093,0.7570892317035824
25665,LOF,0.032658410519752705,0.06113972500922563,0.9062018644710217
25666,LOF,0.05722862574622412,0.11687424587341058,0.8258971283803652
25667,LOF,0.02822160768442322,0.12382498225100677,0.8479534100645699
25668,LOF,0.03143945793383737,0.1371898845604528,0.8313706575057098
25669,LOF,0.026341468738235424,0.14898691086463434,0.8246716203971303
25670,LOF,0.09950318488264331,0.0973455160663507,0.8031512990510059
25671,LOF,0.0325422076174433,0.05741528742989091,0.9100425049526657
25672,LOF,0.024104569072439148,0.10095734823573144,0.8749380826918295
25673,LOF,0.06426721373643558,0.09814543052024008,0.8375873557433242
25674,LOF,0.05828628912543626,0.09977504447459529,0.8419386663999684
25675,LOF,0.05087852832071751,0.09163795030950612,0.8574835213697762
25676,LOF,0.027696660056427267,0.08820905786402218,0.8840942820795504
25677,LOF,0.03593259505647135,0.161625195449942,0.8024422094935867
25678,LOF,0.08132850240955314,0.11081209595307585,0.8078594016373709
25679,LOF,0.0994851488771996,0.0824211280262077,0.8180937230965927
25680,LOF,0.04504266998112011,0.1920613187011736,0.7628960113177062
25681,LOF,0.044041497014995275,0.21120651446000538,0.7447519885249994
25682,LOF,0.03049738408513551,0.11346967485349879,0.8560329410613656
25683,LOF,0.08987627830184448,0.048866664492486764,0.8612570572056688
25684,LOF,0.02855358720312831,0.12266662731707136,0.8487797854798003
25685,LOF,0.042961432375788415,0.3784331985324103,0.5786053690918013
25686,LOF,0.03189992370228027,0.3942669024488457,0.573833173848874
25687,GOF,0.049433151438072795,0.5088751061336825,0.44169174242824466
25688,LOF,0.3260897288823878,0.056835699297263224,0.6170745718203491
25689,LOF,0.14495781537683194,0.048618807410792754,0.8064233772123752
25690,LOF,0.2158440621610715,0.05886167964431227,0.7252942581946162
25691,Neutral,0.6811989071381859,0.07043259438904169,0.24836849847277248
25692,LOF,0.20205597173996237,0.011945945757505107,0.7859980825025327
25693,GOF,0.07149292827317687,0.6315781869622993,0.2969288847645238
25694,LOF,0.11262646472960348,0.026256047905934457,0.8611174873644621
25695,LOF,0.08743931289230747,0.01794222706141012,0.8946184600462824
25696,LOF,0.12595258131852494,0.025340625578413968,0.8487067931030611
25697,LOF,0.0701438408663842,0.17319914754825488,0.7566570115853608
25698,LOF,0.23452718578701692,0.24509416345407362,0.5203786507589094
25699,GOF,0.2875590032473958,0.3728423803400072,0.3395986164125969
25700,LOF,0.042064157602094324,0.06636132074157218,0.8915745216563336
25701,LOF,0.17557967298137492,0.21632818864057596,0.6080921383780491
25702,GOF,0.2159621991142792,0.6741814386502636,0.10985636223545714
25703,LOF,0.027157280224568765,0.3134389473862476,0.6594037723891836
25704,LOF,0.03549844872159042,0.3886131698307099,0.5758883814476996
25705,LOF,0.03202532120600568,0.40907706487183076,0.5588976139221635
25706,GOF,0.11060890117396144,0.6561547662778979,0.23323633254814052
25707,GOF,0.09001060647760865,0.573739452978975,0.33624994054341645
25708,GOF,0.03806588290290767,0.6132746223394359,0.3486594947576564
25709,LOF,0.024285325914000885,0.38081562425021664,0.5948990498357823
25710,LOF,0.015856597369808243,0.2077674166745866,0.7763759859556052
25711,LOF,0.025250560281226155,0.405844666021009,0.5689047736977648
25712,LOF,0.014500454652224338,0.317924162324781,0.6675753830229947
25713,LOF,0.025890044548322336,0.4026423274866222,0.5714676279650553
25714,LOF,0.03186017745394858,0.40191984794580704,0.5662199746002444
25715,LOF,0.026714642733668238,0.42934127074918715,0.5439440865171445
25716,LOF,0.013985013750203916,0.18399678226789773,0.8020182039818984
25717,LOF,0.014692527068186596,0.15857167358088223,0.8267357993509312
25718,LOF,0.02094728475536618,0.25495315742878183,0.724099557815852
25719,LOF,0.024499804764290894,0.41803701103588253,0.5574631841998265
25720,LOF,0.027415537205597456,0.32385058201629785,0.6487338807781047
25721,LOF,0.024396109642011304,0.3838925237025208,0.5917113666554679
25722,LOF,0.024760908725285462,0.3808674932509084,0.5943715980238061
25723,LOF,0.024703669810377915,0.4202027443731694,0.5550935858164527
25724,GOF,0.05911733814952949,0.4821887913012999,0.4586938705491707
25725,LOF,0.02418193692969092,0.392425808564944,0.583392254505365
25726,LOF,0.024179257291697773,0.4225939085743335,0.5532268341339687
25727,LOF,0.024342859985226846,0.4277899822221793,0.5478671577925939
25728,LOF,0.02408947935426723,0.4291130894143807,0.5467974312313522
25729,LOF,0.02407799855164245,0.42275877018007674,0.5531632312682809
25730,LOF,0.024407337163731252,0.4228786723122778,0.5527139905239908
25731,LOF,0.013160703294418796,0.21953683428926932,0.7673024624163118
25732,LOF,0.022290969559836327,0.21384752940626542,0.7638615010338983
25733,LOF,0.020394624843195635,0.24071557126707957,0.7388898038897249
25734,LOF,0.018059314517570597,0.24786431654503446,0.7340763689373949
25735,LOF,0.020870559184922942,0.2687621338543295,0.7103673069607476
25736,LOF,0.02007286482127071,0.2632751292714781,0.7166520059072512
25737,LOF,0.024377067459680095,0.3997768902251471,0.5758460423151728
25738,LOF,0.024490641966075376,0.41452147268407413,0.5609878853498506
25739,LOF,0.0247298700165281,0.4050789130219077,0.5701912169615642
25740,LOF,0.03253549448059608,0.35258465066797023,0.6148798548514337
25741,LOF,0.03171074611839393,0.37331088111477395,0.5949783727668321
25742,LOF,0.03323218972955563,0.3381823453801442,0.6285854648903002
25743,LOF,0.032653389710667856,0.039896952002175974,0.9274496582871562
25744,Neutral,0.5912111431485654,0.15315202646202705,0.25563683038940765
25745,LOF,0.04890671968644396,0.09488001431970738,0.8562132659938486
25746,LOF,0.02603105211791525,0.1458771719840913,0.8280917758979934
25747,LOF,0.0265863317440338,0.08920559022574989,0.8842080780302163
25748,LOF,0.15855823172632724,0.10850434079958904,0.7329374274740837
25749,LOF,0.021643984805338027,0.12295448456579317,0.8554015306288688
25750,LOF,0.02729103643571088,0.1259099617070646,0.8467990018572246
25751,LOF,0.0349897974397314,0.34685422246839487,0.6181559800918738
25752,GOF,0.04661258923970795,0.7145098411649446,0.2388775695953474
25753,LOF,0.013977201792832001,0.41560473265780257,0.5704180655493655
25754,GOF,0.018208563635357042,0.7450874735768305,0.23670396278781247
25755,LOF,0.024271029504769854,0.3251310184911728,0.6505979520040575
25756,GOF,0.029834522139380187,0.5345747586088697,0.4355907192517501
25757,GOF,0.015304610648907058,0.8002296250332029,0.18446576431789002
25758,GOF,0.022124896428583746,0.8437094942650286,0.13416560930638755
25759,GOF,0.017280692658155197,0.6924899180074571,0.2902293893343876
25760,LOF,0.020238808151178515,0.40351770073362003,0.5762434911152013
25761,GOF,0.1831606696065495,0.7375040025557,0.07933532783775059
25762,LOF,0.03408180133168083,0.4549159596775001,0.5110022389908191
25763,LOF,0.020801617733958683,0.3019765308123989,0.6772218514536424
25764,GOF,0.06553229099819799,0.8093679869219762,0.12509972207982578
25765,GOF,0.018439465660319974,0.8409685402103174,0.1405919941293627
25766,GOF,0.056741106903549256,0.8372898766383154,0.10596901645813528
25767,GOF,0.055685336122234794,0.863324236695718,0.08099042718204709
25768,LOF,0.042076877619081625,0.21632812409651225,0.7415949982844061
25769,LOF,0.02347510699288686,0.26832534090027754,0.7081995521068355
25770,LOF,0.3035986692551608,0.08111705255993386,0.6152842781849053
25771,LOF,0.05274296878612861,0.04137487698976098,0.9058821542241104
25772,LOF,0.027371642976470937,0.1573775161238314,0.8152508408996977
25773,LOF,0.05151514247722459,0.04280600688860921,0.9056788506341663
25774,LOF,0.018157471775828143,0.16428110239982807,0.8175614258243439
25775,LOF,0.06817088001037334,0.04291109075781138,0.8889180292318153
25776,LOF,0.03345105003027166,0.10030429033052543,0.8662446596392029
25777,LOF,0.33622058863660964,0.06415822341356717,0.5996211879498232
25778,LOF,0.02598018435852631,0.21068957180590375,0.7633302438355699
25779,GOF,0.38464716837299096,0.5576231025335194,0.05772972909348961
25780,Neutral,0.4611923504677562,0.44937631892876234,0.08943133060348156
25781,GOF,0.19731494880124856,0.6753728697287101,0.12731218147004128
25782,GOF,0.20885731339526176,0.7009317584289019,0.09021092817583638
25783,GOF,0.025217177569493404,0.7835101016698341,0.19127272076067253
25784,Neutral,0.6127727404711462,0.3431372919032994,0.044089967625554505
25785,Neutral,0.6639213047215565,0.2371835459378461,0.09889514934059747
25786,GOF,0.01935566787568839,0.7819371485187108,0.19870718360560083
25787,Neutral,0.8391466100499503,0.11458233342053611,0.04627105652951369
25788,LOF,0.028593748153592193,0.0516212628910164,0.9197849889553914
25789,GOF,0.2030792874395983,0.5904190994661598,0.20650161309424195
25790,GOF,0.15146916007666972,0.6743064689358876,0.17422437098744253
25791,GOF,0.1534729931459725,0.5233744832775592,0.3231525235764683
25792,Neutral,0.41137849426599743,0.3564871165058077,0.2321343892281948
25793,GOF,0.19005733334316507,0.47194383317773786,0.33799883347909704
25794,GOF,0.21816286643405633,0.5137360803124175,0.26810105325352623
25795,GOF,0.05904399588287723,0.6899875512410789,0.2509684528760438
25796,Neutral,0.5128417600981762,0.27724421907837893,0.20991402082344482
25797,GOF,0.08315239015484739,0.5994406231185531,0.31740698672659956
25798,GOF,0.012312794219803877,0.5611551742704604,0.42653203150973584
25799,GOF,0.011852477047074648,0.5278289919916572,0.4603185309612682
25800,GOF,0.047691296910516046,0.768151863589762,0.18415683949972203
25801,GOF,0.2103178291582958,0.6443535262155753,0.1453286446261288
25802,GOF,0.07138434971100939,0.6310083611923105,0.2976072890966801
25803,GOF,0.05281311971572521,0.6114874219830968,0.3356994583011781
25804,GOF,0.03900633954570741,0.58316662811879,0.3778270323355025
25805,GOF,0.09432277778921191,0.6911136119703803,0.21456361024040782
25806,GOF,0.10752672064641615,0.5978206729578033,0.29465260639578056
25807,GOF,0.018113003338943418,0.5966582093660382,0.38522878729501836
25808,GOF,0.08286962641102798,0.6079287374406227,0.3092016361483493
25809,GOF,0.017920138414929673,0.5096292530416023,0.47245060854346804
25810,GOF,0.01989876895140378,0.5435119179198151,0.43658931312878113
25811,Neutral,0.5577961846730325,0.37169800483468796,0.07050581049227955
25812,LOF,0.05079928459033023,0.45151838809691147,0.49768232731275824
25813,Neutral,0.7027428442028597,0.1310988735717987,0.16615828222534157
25814,GOF,0.25882075770427393,0.5033538009972542,0.23782544129847183
25815,GOF,0.38946726661969827,0.45138361625379253,0.15914911712650928
25816,GOF,0.023378181760393593,0.5883214680042078,0.38830035023539866
25817,GOF,0.18546046119591691,0.645920272791997,0.1686192660120859
25818,GOF,0.047040967935105336,0.5289083879991128,0.42405064406578186
25819,GOF,0.33896629175967974,0.44529753064740596,0.21573617759291433
25820,GOF,0.19194596195603916,0.5149690863325546,0.2930849517114063
25821,GOF,0.056918891881263166,0.6190559818448147,0.32402512627392216
25822,GOF,0.20579290665349298,0.5243126690632586,0.2698944242832485
25823,GOF,0.040820964949954415,0.603206630999133,0.3559724040509125
25824,GOF,0.10437060020269676,0.4933798026311749,0.40224959716612824
25825,GOF,0.03924890591659344,0.5082126227655036,0.4525384713179029
25826,GOF,0.011980412586636924,0.6066773937976215,0.3813421936157417
25827,GOF,0.02046880069887368,0.6680585805055429,0.3114726187955834
25828,GOF,0.012331598780594373,0.6295601383611383,0.35810826285826725
25829,GOF,0.00868321476594667,0.5359315117702301,0.4553852734638232
25830,LOF,0.0705922920645397,0.09178694698119709,0.8376207609542632
25831,GOF,0.10562142137529275,0.7442255506875717,0.1501530279371355
25832,GOF,0.03635872580237525,0.7090384872160743,0.2546027869815504
25833,GOF,0.14111185816499253,0.6589186278112604,0.19996951402374705
25834,GOF,0.051522772555090586,0.7029202522706408,0.2455569751742687
25835,GOF,0.10411120417253732,0.6917744461811027,0.20411434964635994
25836,GOF,0.048441723924248066,0.6602101018758995,0.29134817419985254
25837,GOF,0.028317387437249895,0.5581533112343592,0.4135293013283909
25838,GOF,0.11955921580937774,0.6531287619458088,0.22731202224481342
25839,GOF,0.31746149891482994,0.4502771355329367,0.23226136555223348
25840,GOF,0.17462207109728697,0.5816084257359933,0.24376950316671983
25841,GOF,0.20345179992267376,0.5514717804636665,0.24507641961365972
25842,GOF,0.29290926640368453,0.4372360625693405,0.2698546710269751
25843,GOF,0.26975602077914623,0.5456316192108938,0.18461236000996012
25844,GOF,0.1131768103908289,0.46406574733403755,0.4227574422751335
25845,GOF,0.022218069379508598,0.5434264691300017,0.4343554614904896
25846,GOF,0.09272730842304673,0.6921656401916501,0.21510705138530326
25847,GOF,0.13755273218023997,0.6818465659561597,0.18060070186360044
25848,GOF,0.04683280306136635,0.5729176069815086,0.38024958995712504
25849,GOF,0.011439217615055218,0.5774811568323864,0.41107962555255834
25850,GOF,0.024253210077807043,0.6849118561147389,0.29083493380745407
25851,GOF,0.017326075042266922,0.6097176742882146,0.3729562506695185
25852,GOF,0.09995623447042751,0.549209622055255,0.35083414347431746
25853,GOF,0.3086490922350853,0.5041032536591097,0.18724765410580488
25854,GOF,0.012320271505258079,0.6183962972142875,0.36928343128045454
25855,GOF,0.04259692275113445,0.49397829671725624,0.46342478053160924
25856,GOF,0.25587970237340996,0.46738486345959135,0.2767354341669986
25857,GOF,0.03419586008199621,0.5534737356543119,0.41233040426369194
25858,GOF,0.01955178034148736,0.7202027085087619,0.26024551114975064
25859,GOF,0.010630797673393885,0.6604188093480761,0.32895039297853
25860,GOF,0.3390632551884516,0.4919973364605228,0.16893940835102564
25861,GOF,0.2044745130696564,0.7032903537573952,0.09223513317294842
25862,GOF,0.08829490773061732,0.7467158162165297,0.16498927605285302
25863,GOF,0.09561412308309997,0.7319271716545341,0.17245870526236587
25864,GOF,0.22046353113548575,0.6739504354593432,0.1055860334051711
25865,GOF,0.09849621880490565,0.8005527044287498,0.10095107676634452
25866,GOF,0.09504892193117427,0.77560901799962,0.12934206006920565
25867,GOF,0.12124626668949176,0.7772412961982004,0.10151243711230776
25868,GOF,0.19767280479057098,0.6318547345443739,0.17047246066505511
25869,Neutral,0.7320044162971492,0.2056221261392379,0.06237345756361281
25870,LOF,0.12210571315165336,0.06756550088001059,0.810328785968336
25871,GOF,0.08893232136257322,0.5870072053369139,0.3240604733005129
25872,GOF,0.11443718388632916,0.4861061976688307,0.39945661844484015
25873,GOF,0.16139959432678272,0.5707501586943191,0.26785024697889814
25874,LOF,0.03075238527833096,0.04969918481906628,0.9195484299026028
25875,LOF,0.06701158481554048,0.2312064977639468,0.7017819174205127
25876,LOF,0.024529073944435913,0.12200599696233824,0.8534649290932259
25877,Neutral,0.4108337725115638,0.19570722805233293,0.3934589994361033
25878,LOF,0.18463658583533116,0.36542491756833967,0.44993849659632923
25879,LOF,0.08957131750413454,0.36034371964279227,0.5500849628530732
25880,LOF,0.027742344509837254,0.0918334508727412,0.8804242046174215
25881,LOF,0.3727971350161946,0.12496221790569839,0.502240647078107
25882,LOF,0.08713263557981545,0.02491895715804199,0.8879484072621426
25883,LOF,0.07152758308440026,0.046049989975046016,0.8824224269405537
25884,LOF,0.07835507201271132,0.04565112971839796,0.8759937982688908
25885,LOF,0.0935962292844122,0.02825939170388392,0.8781443790117038
25886,LOF,0.22674198265681558,0.1432708584924578,0.6299871588507266
25887,LOF,0.3884337160097792,0.08892124653403694,0.5226450374561838
25888,LOF,0.1683487520947257,0.07251987360506038,0.7591313743002139
25889,LOF,0.08462032818063536,0.04958318146348696,0.8657964903558777
25890,LOF,0.05424309196564582,0.10225439256240532,0.8435025154719488
25891,LOF,0.05900425818098034,0.026699586086544158,0.9142961557324754
25892,LOF,0.09845328880190024,0.0583563136616871,0.8431903975364127
25893,LOF,0.33140030375064944,0.04719425321297912,0.6214054430363715
25894,LOF,0.14867880564755542,0.016625169284162092,0.8346960250682826
25895,LOF,0.1779623309508039,0.01597799139182061,0.8060596776573754
25896,LOF,0.05102770989467654,0.01791000000184567,0.9310622901034777
25897,LOF,0.177572054792968,0.04426198948072975,0.7781659557263023
25898,Neutral,0.6597495695953325,0.0297429724161367,0.3105074579885308
25899,LOF,0.21943117560653505,0.15425547338227932,0.6263133510111856
25900,Neutral,0.7940004223259489,0.03908343799506672,0.16691613967898425
25901,LOF,0.07542050549818771,0.03015217754854139,0.8944273169532709
25902,LOF,0.12047517613978118,0.03332518818269066,0.8461996356775282
25903,Neutral,0.5656071668147866,0.07217933444411925,0.36221349874109415
25904,LOF,0.278630185448568,0.07850085243603894,0.642868962115393
25905,LOF,0.014108589267756969,0.3922395130451716,0.5936518976870714
25906,LOF,0.02427641690015132,0.05750789181957751,0.9182156912802711
25907,LOF,0.011873552606519044,0.3200405739769785,0.6680858734165026
25908,LOF,0.015506380229960868,0.19717643030954157,0.7873171894604976
25909,LOF,0.027249525129848687,0.14660939074457435,0.826141084125577
25910,LOF,0.012560348836968997,0.4929651182544759,0.4944745329085551
25911,LOF,0.08010369211811365,0.030667382125728695,0.8892289257561576
25912,LOF,0.032642828117554985,0.08133856416031104,0.886018607722134
25913,LOF,0.19520897230480105,0.026424117225460474,0.7783669104697385
25914,LOF,0.053573004533006424,0.17603130644644496,0.7703956890205486
25915,Neutral,0.5004676443327437,0.3572717280773777,0.1422606275898786
25916,GOF,0.0437679692630109,0.696034200626779,0.26019783011021
25917,LOF,0.031081818845554506,0.11620170556307172,0.8527164755913739
25918,LOF,0.049998730480152874,0.08650252627726736,0.8634987432425798
25919,LOF,0.05220027071347107,0.055831413533907935,0.8919683157526209
25920,GOF,0.2271854335132094,0.6469756267058453,0.12583893978094532
25921,LOF,0.057041932226889594,0.07938569155475561,0.8635723762183549
25922,LOF,0.04792314579979674,0.0643542698077155,0.8877225843924877
25923,LOF,0.22882341175296503,0.14514576014381594,0.6260308281032191
25924,LOF,0.06546774798888946,0.022592390426858486,0.911939861584252
25925,LOF,0.05373989283737993,0.05777033234484818,0.888489774817772
25926,LOF,0.03721195884873634,0.04126189981540995,0.9215261413358538
25927,LOF,0.09797060075541975,0.106258691384899,0.7957707078596813
25928,LOF,0.04380991899446496,0.028555809637255094,0.9276342713682799
25929,LOF,0.3475936951669676,0.13245144388841093,0.5199548609446215
25930,LOF,0.07151367653473188,0.04391031378256147,0.8845760096827067
25931,LOF,0.04577847612253669,0.021897781804546764,0.9323237420729166
25932,LOF,0.07870058771214834,0.03039620872482035,0.8909032035630312
25933,LOF,0.08245508439181609,0.026801856346128958,0.890743059262055
25934,LOF,0.07501619983573608,0.03957950161664646,0.8854042985476174
25935,LOF,0.03894087407704751,0.052537165389843404,0.9085219605331091
25936,LOF,0.0826166961395453,0.026166554843679947,0.8912167490167747
25937,LOF,0.057422003821263896,0.041567558184349124,0.901010437994387
25938,LOF,0.05240939452932913,0.12448775028217826,0.8231028551884926
25939,LOF,0.06303284425700295,0.045820902658121616,0.8911462530848754
25940,GOF,0.026635000033925795,0.5659164838419054,0.40744851612416894
25941,LOF,0.18533817425302732,0.04685865866773902,0.7678031670792337
25942,LOF,0.03527568617965706,0.008730519713103742,0.9559937941072392
25943,LOF,0.41952316699021325,0.034695741302705765,0.545781091707081
25944,Neutral,0.48911990526493687,0.028681862324506823,0.48219823241055626
25945,LOF,0.1804476250478104,0.14568425382661987,0.6738681211255698
25946,LOF,0.017024116259353853,0.21955812827713075,0.7634177554635153
25947,LOF,0.0816763224631829,0.17945678222478087,0.7388668953120362
25948,LOF,0.40764643526580857,0.007987456912814717,0.5843661078213767
25949,LOF,0.14832716484584266,0.01451949977889439,0.837153335375263
25950,GOF,0.2711325198595931,0.438873530417378,0.289993949723029
25951,LOF,0.19123193620426587,0.3016874244329491,0.507080639362785
25952,GOF,0.03981548921180381,0.5664657630344085,0.3937187477537877
25953,LOF,0.13225070970938704,0.35201318477637666,0.5157361055142363
25954,Neutral,0.5134805378210575,0.3383868872238146,0.14813257495512783
25955,LOF,0.04731028606653358,0.1996624445844588,0.7530272693490077
25956,LOF,0.1335119854714561,0.17516281968984243,0.6913251948387016
25957,LOF,0.03128277757622652,0.0372913388565962,0.9314258835671773
25958,LOF,0.07807379515524437,0.03761993759443022,0.8843062672503255
25959,LOF,0.1416650034449334,0.38208032402258507,0.4762546725324816
25960,LOF,0.027971642844501016,0.09313310262383866,0.8788952545316603
25961,LOF,0.06809164376906207,0.09269758623013227,0.8392107700008058
25962,LOF,0.044940622352642165,0.08353091588833907,0.8715284617590188
25963,LOF,0.0358558640332082,0.18690072630884602,0.7772434096579458
25964,LOF,0.07043526239528529,0.12755950855669054,0.8020052290480242
25965,Neutral,0.5124860203503657,0.09112094647376183,0.3963930331758725
25966,LOF,0.1973056235593624,0.34270705765418474,0.4599873187864528
25967,LOF,0.026798661980874713,0.1325234705691489,0.8406778674499765
25968,LOF,0.0563338287606647,0.38317231085206127,0.5604938603872741
25969,LOF,0.021791453955458628,0.06656456901232839,0.9116439770322131
25970,LOF,0.04101564508158971,0.04297727821588351,0.9160070767025268
25971,LOF,0.08651435435153933,0.04678256617582772,0.8667030794726329
25972,LOF,0.1165831012340873,0.04932651653850849,0.8340903822274042
25973,LOF,0.12934822381812433,0.013187117531702628,0.8574646586501731
25974,LOF,0.3508454275877759,0.04912246726440145,0.6000321051478226
25975,LOF,0.07184411125341654,0.03866376681719882,0.8894921219293845
25976,LOF,0.03230088834039367,0.07377963242559218,0.8939194792340142
25977,LOF,0.03256500868473895,0.27596038596891637,0.6914746053463448
25978,LOF,0.2540290880915905,0.1039108934738686,0.6420600184345409
25979,LOF,0.22112459646341193,0.1435454004227018,0.6353300031138863
25980,LOF,0.2769371286560679,0.1763236186326414,0.5467392527112908
25981,LOF,0.2769371286560679,0.1763236186326414,0.5467392527112908
25982,Neutral,0.476283387232239,0.09442588732562442,0.4292907254421365
25983,Neutral,0.5270354970613162,0.11272504808419456,0.36023945485448916
25984,LOF,0.03397685864362746,0.2703974090395169,0.6956257323168556
25985,LOF,0.023076616813391952,0.4856068594321651,0.4913165237544428
25986,GOF,0.033825452809184975,0.5241715829692255,0.44200296422158947
25987,LOF,0.08186036675217966,0.11039906252580153,0.8077405707220189
25988,LOF,0.030190942241953955,0.2754573278993996,0.6943517298586465
25989,LOF,0.025318682640890686,0.2793706725025435,0.6953106448565658
25990,LOF,0.03170294586865005,0.18529029010321005,0.7830067640281398
25991,LOF,0.22505084914714782,0.2973526860569172,0.47759646479593487
25992,LOF,0.316868692297816,0.2126446540894288,0.4704866536127552
25993,LOF,0.03993089612611527,0.08495666275587559,0.875112441118009
25994,LOF,0.039529394664323717,0.08724759220253667,0.8732230131331395
25995,LOF,0.04110166751025174,0.11400887102091173,0.8448894614688365
25996,LOF,0.15691080036323804,0.3515380784964287,0.4915511211403332
25997,GOF,0.0748216017846089,0.46861530662806283,0.4565630915873282
25998,LOF,0.4863356411784623,0.013513651982191595,0.5001507068393461
25999,LOF,0.14163295140650423,0.3378290017505007,0.5205380468429951
26000,LOF,0.08573162845221045,0.017938903324306435,0.8963294682234833
26001,LOF,0.12576901142504757,0.0908704928869327,0.7833604956880197
26002,LOF,0.08393038813269942,0.049060624065087106,0.8670089878022134
26003,GOF,0.011658195222361913,0.6811116605711378,0.30723014420650024
26004,GOF,0.038672986631454055,0.7499885265936831,0.21133848677486278
26005,GOF,0.014372641627447882,0.5400369783927506,0.4455903799798016
26006,Neutral,0.48101059144823916,0.32623909359004066,0.19275031496172024
26007,GOF,0.017622997295244466,0.6600747800455584,0.32230222265919717
26008,GOF,0.01771217733102635,0.6196232729710692,0.3626645496979045
26009,GOF,0.04004783885872089,0.6223392825481755,0.33761287859310357
26010,GOF,0.011615460788323564,0.841215094083284,0.14716944512839245
26011,GOF,0.009190781525395927,0.5973047625850205,0.39350445588958366
26012,GOF,0.016219454857838867,0.5513855910825738,0.43239495405958744
26013,GOF,0.012499638123935371,0.7190808161468699,0.2684195457291948
26014,LOF,0.05276897030529038,0.1532955723045165,0.7939354573901932
26015,LOF,0.2201869783666762,0.011989927435625792,0.7678230941976981
26016,LOF,0.3367484979833535,0.06330969228587752,0.5999418097307689
26017,LOF,0.2651771388797636,0.07069576001328334,0.6641271011069532
26018,LOF,0.07248422740504595,0.05809160353151548,0.8694241690634386
26019,LOF,0.07777367855112773,0.026261692940650016,0.8959646285082223
26020,LOF,0.10176047100793767,0.08319538866751161,0.8150441403245507
26021,LOF,0.09946827673063477,0.10183539349014352,0.7986963297792217
26022,LOF,0.024895145827168397,0.029614339549035616,0.9454905146237961
26023,LOF,0.15933574625224645,0.03602673128842652,0.804637522459327
26024,LOF,0.042407412633708404,0.12703424020701898,0.8305583471592727
26025,LOF,0.2768544084696472,0.13195547774248365,0.5911901137878692
26026,LOF,0.4857224235914026,0.027777991601426754,0.48649958480717065
26027,LOF,0.0843764552350687,0.02169757677452539,0.8939259679904059
26028,LOF,0.2058677668622955,0.12985494669527275,0.6642772864424318
26029,LOF,0.060112369412329426,0.39698563267118436,0.5429019979164862
26030,LOF,0.02442881907854014,0.12607977850780666,0.8494914024136531
26031,LOF,0.01669310750408038,0.3199063285389526,0.663400563956967
26032,LOF,0.044314833644606484,0.18929766890040658,0.7663874974549868
26033,LOF,0.11503342058250465,0.41216157297176786,0.47280500644572737
26034,LOF,0.027328728821718967,0.23799575054942423,0.7346755206288569
26035,LOF,0.02446236679250809,0.31164443089260563,0.6638932023148861
26036,LOF,0.03128622542323681,0.2445127948130392,0.724200979763724
26037,LOF,0.019565915987444338,0.21278158490601012,0.7676524991065455
26038,LOF,0.04417486580938591,0.17342819202830465,0.7823969421623095
26039,LOF,0.041630861062029824,0.2680111076714809,0.6903580312664892
26040,GOF,0.2077593634987956,0.5506377418384253,0.24160289466277915
26041,LOF,0.02385088666332594,0.21101756422957668,0.7651315491070974
26042,LOF,0.023035145438868213,0.20377989917263897,0.7731849553884927
26043,LOF,0.04195175990740756,0.22717492290226923,0.7308733171903232
26044,LOF,0.025923077487586474,0.1979205442971606,0.776156378215253
26045,LOF,0.05745996629213383,0.272860834350366,0.6696791993575002
26046,LOF,0.04765449594034936,0.25808183821784486,0.6942636658418059
26047,LOF,0.057190448534792215,0.23447433150606112,0.7083352199591466
26048,LOF,0.07262092809812146,0.14101287013628305,0.7863662017655954
26049,Neutral,0.9092143508367954,0.05174083366476268,0.03904481549844202
26050,Neutral,0.8770707105502633,0.06419819712039121,0.05873109232934531
26051,GOF,0.022539731562502177,0.567040027922827,0.4104202405146708
26052,GOF,0.022990656624356565,0.5140747217598787,0.46293462161576476
26053,LOF,0.05522249639042889,0.28731486445744986,0.6574626391521212
26054,LOF,0.0615453356823013,0.038746853442599476,0.8997078108750992
26055,LOF,0.05448017411818427,0.027440159389333627,0.9180796664924821
26056,LOF,0.042057516937986386,0.032982637024621,0.9249598460373926
26057,LOF,0.06290068240697687,0.1000764531975391,0.8370228643954841
26058,LOF,0.06349173654477008,0.08098710119166613,0.8555211622635639
26059,LOF,0.4130285760998242,0.0657330339121523,0.5212383899880235
26060,LOF,0.04996006816623808,0.3460897840561147,0.6039501477776473
26061,LOF,0.036920987987389436,0.08397109956819382,0.8791079124444167
26062,LOF,0.028636097961333904,0.0399758955511925,0.9313880064874737
26063,LOF,0.06908810615047019,0.06546380079678242,0.8654480930527474
26064,LOF,0.04211752680091964,0.03257806308641303,0.9253044101126674
26065,LOF,0.06960566267922846,0.04696314045489108,0.8834311968658805
26066,LOF,0.07395075640918998,0.06107037595525726,0.8649788676355527
26067,LOF,0.07477411937476267,0.055796743456885796,0.8694291371683515
26068,LOF,0.05285579565993943,0.060829634332124786,0.8863145700079359
26069,LOF,0.3394767258499798,0.0384205507428786,0.6221027234071417
26070,Neutral,0.5434649962031106,0.02331149487994595,0.4332235089169435
26071,LOF,0.06250429155794614,0.0724049781648894,0.8650907302771645
26072,LOF,0.04682131983860115,0.08158289888371846,0.8715957812776804
26073,LOF,0.07352699354559754,0.034161513452393114,0.8923114930020094
26074,Neutral,0.9576656177836808,0.01158223409630436,0.030752148120014706
26075,LOF,0.029655261931984377,0.041024606616649924,0.9293201314513658
26076,LOF,0.07341216844734769,0.0490615080465712,0.8775263235060811
26077,LOF,0.026013060359946043,0.09035129493314002,0.883635644706914
26078,LOF,0.02671592402367741,0.061225381808162255,0.9120586941681603
26079,LOF,0.052918333539092595,0.038261791491086605,0.9088198749698208
26080,LOF,0.052918333539092595,0.038261791491086605,0.9088198749698208
26081,LOF,0.0724568286542065,0.06436255814363515,0.8631806132021584
26082,LOF,0.03790688259848228,0.040101998173155004,0.9219911192283629
26083,LOF,0.06980824913515742,0.05057321961327023,0.8796185312515724
26084,LOF,0.06147863781733485,0.07731257599943532,0.8612087861832299
26085,LOF,0.06147863781733485,0.07731257599943532,0.8612087861832299
26086,LOF,0.06444923374284943,0.08489891508679702,0.8506518511703536
26087,LOF,0.06561901161106087,0.060763936206506095,0.873617052182433
26088,LOF,0.03967108829240867,0.15743717526932408,0.8028917364382672
26089,LOF,0.044460193480644915,0.03267459930490028,0.9228652072144549
26090,LOF,0.0398574383623857,0.028406137433442585,0.9317364242041718
26091,LOF,0.07792310905167169,0.03297658860713869,0.8891003023411898
26092,LOF,0.07045532721520943,0.07968587036905106,0.8498588024157395
26093,LOF,0.07732441026808386,0.03202479957223138,0.8906507901596847
26094,LOF,0.07891198302031296,0.029251425627761098,0.891836591351926
26095,LOF,0.06963690652951786,0.029153994019335373,0.9012090994511468
26096,LOF,0.042056136053107644,0.028990776707666966,0.9289530872392254
26097,LOF,0.022431838462976188,0.10457651565697985,0.872991645880044
26098,LOF,0.051667798706597656,0.02749684914332754,0.9208353521500748
26099,LOF,0.07845344670017619,0.06762978010112104,0.8539167731987028
26100,LOF,0.07845344670017619,0.06762978010112104,0.8539167731987028
26101,LOF,0.062009789547120595,0.13803243732179052,0.7999577731310888
26102,LOF,0.06524162069632145,0.06571283019466977,0.8690455491090088
26103,Neutral,0.773088985441726,0.09037947297634188,0.1365315415819322
26104,LOF,0.038857350107700514,0.05726405840401638,0.9038785914882831
26105,LOF,0.17553096932674023,0.09733681702237651,0.7271322136508832
26106,LOF,0.15500991848803025,0.04025712822425717,0.8047329532877125
26107,LOF,0.2887394243533582,0.03483814714557711,0.6764224285010647
26108,LOF,0.1593830760132141,0.07886474877435268,0.7617521752124332
26109,LOF,0.08825541034026617,0.0865771138245688,0.825167475835165
26110,LOF,0.29548123647497193,0.02939600617982814,0.6751227573452
26111,LOF,0.34953313512040346,0.1274528139891197,0.5230140508904769
26112,LOF,0.08432002734841074,0.027620032522573362,0.888059940129016
26113,LOF,0.0877268752231643,0.0810879805187412,0.8311851442580944
26114,LOF,0.03770457856006951,0.026517403437364202,0.9357780180025663
26115,LOF,0.18654011412499477,0.05302045527728715,0.760439430597718
26116,LOF,0.08992533490443819,0.053980482328564824,0.856094182766997
26117,LOF,0.28899021130735514,0.17899657250797116,0.5320132161846737
26118,LOF,0.06806320849302454,0.02999329181498395,0.9019434996919915
26119,LOF,0.03941021811755659,0.1282054161131778,0.8323843657692657
26120,LOF,0.06043373041074253,0.04225699207656347,0.8973092775126941
26121,LOF,0.06819133279803383,0.10346237353289178,0.8283462936690743
26122,LOF,0.08645631084732737,0.1427531758506148,0.7707905133020577
26123,LOF,0.07036322851731656,0.17561499530664976,0.7540217761760336
