feature0,prediction,LoGoFunc_Neutral,LoGoFunc_GOF,LoGoFunc_LOF
25546,Neutral,0.49531768181331304,0.21127511047651096,0.29340720771017603
25547,Neutral,0.41273858912595696,0.2511983269777792,0.33606308389626377
25548,LOF,0.29686440205846804,0.2658336690288551,0.4373019289126769
25549,LOF,0.2875080136320682,0.2666007259206148,0.445891260447317
25550,LOF,0.28662554830639253,0.2624655621080099,0.4509088895855976
25551,LOF,0.22852552416924646,0.28306402074079373,0.48841045508995995
25552,LOF,0.20655992213154484,0.2403508934054891,0.5530891844629661
25553,Neutral,0.703059306884956,0.133475083729214,0.1634656093858301
25554,LOF,0.2615519678197577,0.1951398447560189,0.5433081874242234
25555,LOF,0.19637783151606614,0.20985586828112945,0.5937663002028044
25556,LOF,0.33225764773310074,0.1798141534475587,0.4879281988193405
25557,LOF,0.19742447383246614,0.21847460845883834,0.5841009177086955
25558,LOF,0.23701997165043476,0.29671039893378265,0.4662696294157825
25559,LOF,0.30768059912399504,0.059954045615209575,0.6323653552607954
25560,LOF,0.04156461098627227,0.34716194810769974,0.611273440906028
25561,LOF,0.02837625949000073,0.3676224297224425,0.6040013107875568
25562,LOF,0.028684989624561178,0.1562016105078117,0.8151133998676272
25563,LOF,0.007165449513722283,0.22572631783795566,0.767108232648322
25564,LOF,0.06479296645341744,0.0568485900276217,0.878358443518961
25565,LOF,0.1429841472872463,0.19574990669455491,0.6612659460181988
25566,GOF,0.04960015617767488,0.5874819395120633,0.36291790431026183
25567,LOF,0.03684360132737926,0.018474912114604607,0.9446814865580162
25568,LOF,0.037709786447973036,0.03356994503206669,0.9287202685199603
25569,LOF,0.05836787451800081,0.02691981857037438,0.9147123069116248
25570,LOF,0.06515811115581843,0.03165653473455898,0.9031853541096226
25571,LOF,0.06242446695100004,0.028423420614941835,0.9091521124340581
25572,LOF,0.09167878891483959,0.024527880241673492,0.8837933308434869
25573,LOF,0.07420103279449997,0.054481601801477916,0.8713173654040223
25574,LOF,0.1770017692111264,0.12457522192756337,0.6984230088613101
25575,LOF,0.06736663306119915,0.03563122115381128,0.8970021457849895
25576,LOF,0.03813125285799499,0.04116551183687643,0.9207032353051285
25577,LOF,0.04956822061786015,0.026748378174096515,0.9236834012080434
25578,LOF,0.2666076433860415,0.06595307029186262,0.6674392863220958
25579,LOF,0.2578456330233936,0.06341552974763674,0.6787388372289697
25580,LOF,0.06720207801066064,0.02676509311275362,0.9060328288765858
25581,LOF,0.03451683197643245,0.050932647815866164,0.9145505202077014
25582,LOF,0.03451683197643245,0.050932647815866164,0.9145505202077014
25583,LOF,0.06335543645537703,0.03188025055681123,0.9047643129878118
25584,Neutral,0.7497967216250621,0.011631447660748135,0.2385718307141897
25585,LOF,0.051901742043481816,0.03785015112771712,0.910248106828801
25586,LOF,0.06569919831578724,0.026307400784350395,0.9079934008998625
25587,LOF,0.06191172433919047,0.02879875159477513,0.9092895240660345
25588,LOF,0.060587698088670684,0.024028254842168615,0.9153840470691605
25589,Neutral,0.7274749214761298,0.047616940640975595,0.22490813788289454
25590,LOF,0.08230309950449824,0.027988388148571963,0.8897085123469297
25591,LOF,0.10124640767907833,0.016167000684013198,0.8825865916369086
25592,LOF,0.20308060653010965,0.07358973506480082,0.7233296584050896
25593,LOF,0.26378273116140255,0.2314126292868066,0.5048046395517909
25594,LOF,0.024239867723371444,0.06704164198161432,0.9087184902950143
25595,LOF,0.03087405813787447,0.05565898794547736,0.9134669539166482
25596,LOF,0.14082313499477916,0.028628937718335665,0.8305479272868852
25597,LOF,0.1643677158534435,0.011527017067586385,0.82410526707897
25598,LOF,0.03507322515541422,0.05645242479502475,0.9084743500495611
25599,GOF,0.02137642223782047,0.6425620753250679,0.3360615024371115
25600,GOF,0.11421313855138748,0.5898588054756886,0.295928055972924
25601,LOF,0.04688144697493636,0.3849266632308648,0.5681918897941989
25602,LOF,0.12269663013775799,0.01784962595200079,0.8594537439102411
25603,LOF,0.07293594005723249,0.03389918804831703,0.8931648718944505
25604,LOF,0.10389980248386137,0.11428982849862282,0.7818103690175157
25605,LOF,0.2301444430913292,0.05704998177835874,0.7128055751303121
25606,Neutral,0.6082119670169489,0.047881971857457885,0.34390606112559313
25607,LOF,0.06399975909104187,0.06907361676039488,0.8669266241485631
25608,LOF,0.0486032045855689,0.13166373557764682,0.8197330598367842
25609,GOF,0.10542831949740672,0.6857126270305056,0.20885905347208772
25610,LOF,0.0298280368917062,0.0696880277996989,0.9004839353085949
25611,LOF,0.031205772563461662,0.0679047196342603,0.9008895078022781
25612,LOF,0.05027830278184808,0.064878927946964,0.8848427692711879
25613,LOF,0.04305747897202085,0.0826913597285818,0.8742511612993974
25614,LOF,0.040109888612787796,0.11770251682781123,0.842187594559401
25615,LOF,0.05595843254475486,0.08757278765246973,0.8564687798027754
25616,LOF,0.028846894172674362,0.1020132184711949,0.8691398873561308
25617,LOF,0.027094510805816433,0.11815600404700723,0.8547494851471763
25618,LOF,0.1659121181834022,0.4119978626532838,0.42209001916331396
25619,LOF,0.03446837205439429,0.2414247515558796,0.7241068763897262
25620,LOF,0.0275331286457199,0.11069130261251597,0.8617755687417641
25621,LOF,0.09336179147196985,0.05680868527986644,0.8498295232481636
25622,LOF,0.07371080495193362,0.08344334296552904,0.8428458520825374
25623,LOF,0.08942178990586912,0.053368910648983886,0.8572092994451469
25624,LOF,0.03453497231569037,0.16611460402860545,0.7993504236557042
25625,LOF,0.07169294899502687,0.07230682046974429,0.8560002305352289
25626,LOF,0.03627600682347337,0.06367779837863906,0.9000461947978876
25627,Neutral,0.8317811059603482,0.04940198688250265,0.11881690715714918
25628,LOF,0.1234786654597489,0.1352895420732369,0.7412317924670142
25629,LOF,0.027487992376664386,0.149291296174226,0.8232207114491096
25630,LOF,0.32724737609102617,0.07913095993167528,0.5936216639772987
25631,LOF,0.36145776517909844,0.1220096232362107,0.5165326115846908
25632,LOF,0.022053590142698243,0.08378730318200735,0.8941591066752944
25633,LOF,0.1480744162482727,0.08765179055258324,0.764273793199144
25634,LOF,0.034339732985032505,0.042164299168578695,0.9234959678463889
25635,LOF,0.04205601879612914,0.0539548980055305,0.9039890831983405
25636,GOF,0.02189116329545641,0.5606016804834415,0.41750715622110224
25637,GOF,0.019774916096521853,0.5483956472460113,0.43182943665746676
25638,GOF,0.010231845545693083,0.6048484239369027,0.3849197305174041
25639,LOF,0.028429809896206002,0.43390110003719273,0.5376690900666014
25640,Neutral,0.8239116768156364,0.13240194028941882,0.04368638289494489
25641,GOF,0.06569790240585781,0.4743391076941145,0.45996298990002765
25642,LOF,0.05236674728090274,0.36548136872747616,0.5821518839916211
25643,Neutral,0.3375866648878236,0.33137741962133166,0.3310359154908447
25644,LOF,0.015461301989775881,0.37969423208235853,0.6048444659278656
25645,LOF,0.013499119887152522,0.344553675460576,0.6419472046522715
25646,LOF,0.030297750731574234,0.33815659242101886,0.6315456568474069
25647,LOF,0.015542792821287696,0.21556448151077784,0.7688927256679344
25648,LOF,0.018681806263951026,0.302465751470155,0.678852442265894
25649,LOF,0.012443901769136484,0.15398240268603383,0.8335736955448296
25650,LOF,0.04598383288626573,0.3332807705456041,0.6207353965681301
25651,LOF,0.01605229290666941,0.17413789758193324,0.8098098095113974
25652,LOF,0.012418029825388319,0.25507603566603965,0.7325059345085719
25653,LOF,0.036568670699693294,0.2812711968785274,0.6821601324217793
25654,LOF,0.00977772160186932,0.32003539093720385,0.6701868874609268
25655,LOF,0.08854408564917594,0.3357212703888703,0.5757346439619538
25656,LOF,0.11097506214226453,0.2880449418035465,0.600979996054189
25657,LOF,0.04691861147465011,0.3808911933686145,0.5721901951567354
25658,GOF,0.1018432274093884,0.4676861827787509,0.43047058981186076
25659,GOF,0.22783179777137239,0.5404692255411588,0.23169897668746878
25660,LOF,0.04078063310740345,0.2434250964770925,0.715794270415504
25661,LOF,0.031011829636724313,0.26303749403184484,0.7059506763314308
25662,LOF,0.02725369713194634,0.08741047088398096,0.8853358319840726
25663,LOF,0.0310740228632599,0.06447458163480432,0.9044513955019359
25664,LOF,0.07504671989636955,0.09797604483617062,0.8269772352674598
25665,LOF,0.029777476976989178,0.0541695788192296,0.9160529442037814
25666,LOF,0.0703794519893389,0.07847681918245074,0.8511437288282103
25667,LOF,0.02801211084913988,0.13482978421087702,0.8371581049399831
25668,LOF,0.03198826486913847,0.15033205129457458,0.8176796838362869
25669,LOF,0.026006743751299168,0.1591628831525,0.8148303730962009
25670,LOF,0.12019227688760287,0.05794123089065087,0.8218664922217462
25671,LOF,0.033370296570939505,0.06154451290133594,0.9050851905277246
25672,LOF,0.02227781530691435,0.09221843563267755,0.885503749060408
25673,LOF,0.07887645970767726,0.05748411927327503,0.8636394210190478
25674,LOF,0.06867150807938352,0.05505280900061494,0.8762756829200016
25675,LOF,0.07721225393070087,0.04009902658198039,0.8826887194873186
25676,LOF,0.02775749006525899,0.08934636641362592,0.8828961435211151
25677,LOF,0.0357520952151966,0.174161980767694,0.7900859240171094
25678,LOF,0.0755254254226807,0.12733663540651374,0.7971379391708057
25679,LOF,0.1258288202325797,0.09767232334342221,0.776498856423998
25680,LOF,0.0470515210919648,0.19975783179438,0.7531906471136552
25681,LOF,0.045641843988161526,0.21949729536759954,0.734860860644239
25682,LOF,0.03030051488624773,0.11577724675647655,0.8539222383572757
25683,LOF,0.1154431610377308,0.0492190296049688,0.8353378093573004
25684,LOF,0.028499573615081302,0.12579629273331425,0.8457041336516044
25685,GOF,0.044115922689357365,0.4904904115512329,0.46539366575940966
25686,LOF,0.02881629847830386,0.47996497702064933,0.49121872450104687
25687,GOF,0.0330549987365782,0.6525824823478451,0.31436251891557665
25688,LOF,0.42990940381336284,0.03803787190357326,0.5320527242830639
25689,LOF,0.19782683597607117,0.04435908951011112,0.7578140745138177
25690,LOF,0.26809690988205426,0.056228939134940356,0.6756741509830053
25691,Neutral,0.6808251517843621,0.056654965347631835,0.262519882868006
25692,LOF,0.18766131497158695,0.011525621909616101,0.800813063118797
25693,GOF,0.06751869125528062,0.68576589204509,0.24671541669962946
25694,LOF,0.12836936438242125,0.03228729127771398,0.8393433443398649
25695,LOF,0.11533546510963388,0.021035560273503666,0.8636289746168625
25696,LOF,0.1200840352149752,0.04064633193388841,0.8392696328511365
25697,LOF,0.06991796895777172,0.16950056947967052,0.7605814615625578
25698,LOF,0.2269255837161925,0.2611288190598336,0.5119455972239739
25699,GOF,0.21353723238604405,0.4708508110422652,0.3156119565716906
25700,LOF,0.045651833285502645,0.06534929448272776,0.8889988722317695
25701,LOF,0.18762260388991508,0.29147573115904934,0.5209016649510355
25702,GOF,0.19832708712734204,0.7038428778281668,0.09783003504449128
25703,LOF,0.032202507845159815,0.3853434803483591,0.5824540118064812
25704,LOF,0.03462562952680572,0.3887164468251549,0.5766579236480394
25705,LOF,0.030931987930613785,0.4124274137608815,0.5566405983085048
25706,GOF,0.10242812625762063,0.6582708967561184,0.23930097698626107
25707,GOF,0.09745646993838193,0.5069649621175352,0.3955785679440829
25708,LOF,0.03712447582587659,0.44853354461595013,0.5143419795581733
25709,LOF,0.022611888055632415,0.3903460521269876,0.58704205981738
25710,LOF,0.017398272533472845,0.2391971046781246,0.7434046227884026
25711,LOF,0.023638426394877256,0.4102441543199904,0.5661174192851324
25712,LOF,0.020847242986200932,0.25763304183424124,0.7215197151795577
25713,LOF,0.02411969864684041,0.4082859924563298,0.5675943088968298
25714,LOF,0.030404579592211396,0.4049938008934425,0.5646016195143462
25715,LOF,0.02488512330565449,0.432913416110808,0.5422014605835375
25716,LOF,0.017220611722151193,0.10258338503685478,0.880196003240994
25717,LOF,0.017646662147107754,0.11037248407311938,0.8719808537797727
25718,LOF,0.01984115137201099,0.25883896286378394,0.721319885764205
25719,LOF,0.022819297023939214,0.42774261652235124,0.5494380864537095
25720,LOF,0.02580502833289059,0.3310320738117611,0.6431628978553483
25721,LOF,0.022727325060202763,0.3945281821830648,0.5827444927567325
25722,LOF,0.022980916797997072,0.3931953970089439,0.583823686193059
25723,LOF,0.023004806028906432,0.42978848936724673,0.5472067046038469
25724,GOF,0.049464101190444296,0.486289073438931,0.4642468253706247
25725,LOF,0.022562400400129017,0.4010084412280304,0.5764291583718405
25726,LOF,0.022439612803787336,0.4365521440726339,0.5410082431235788
25727,LOF,0.02260510310809658,0.4385666923937372,0.5388282044981663
25728,LOF,0.022405448719343857,0.43944595901102507,0.5381485922696311
25729,LOF,0.02230255995462037,0.4372512410880887,0.540446198957291
25730,LOF,0.02270914688544414,0.434821023374973,0.5424698297395828
25731,LOF,0.01793308194929149,0.14496402534677813,0.8371028927039303
25732,LOF,0.021699470231968068,0.21322305359977609,0.7650774761682559
25733,LOF,0.01937153764849339,0.24522394663731326,0.7354045157141934
25734,LOF,0.020733914911138473,0.20965205969790726,0.7696140253909542
25735,LOF,0.01992435281889524,0.27067686927203866,0.7093987779090661
25736,LOF,0.019102043388532153,0.2646740668632537,0.716223889748214
25737,LOF,0.02264228550688106,0.4090472198057261,0.5683104946873927
25738,LOF,0.022818088913468294,0.4227378102745186,0.5544441008120131
25739,LOF,0.022673672133678338,0.41646870968114097,0.5608576181851808
25740,LOF,0.032105334155943334,0.35577302262198707,0.6121216432220696
25741,LOF,0.030272444248018556,0.3779607060979432,0.5917668496540383
25742,LOF,0.03332308497180624,0.33911310001971445,0.6275638150084794
25743,LOF,0.03554886789339185,0.05583610757403488,0.9086150245325733
25744,Neutral,0.5339525019337759,0.20662848404972267,0.2594190140165014
25745,LOF,0.032660550864113944,0.15911470132249148,0.8082247478133946
25746,LOF,0.021009115951315684,0.20017203404041356,0.7788188500082709
25747,LOF,0.028158136156409535,0.08639508091924028,0.8854467829243502
25748,LOF,0.15573609973671165,0.10522818165793038,0.739035718605358
25749,LOF,0.023272216089679762,0.25113974859310984,0.7255880353172105
25750,LOF,0.024411682734385806,0.21420546680460784,0.7613828504610063
25751,LOF,0.034514660991016424,0.34622550550322917,0.6192598335057544
25752,GOF,0.04851269946725638,0.6967985197919271,0.25468878074081663
25753,LOF,0.014014117948331146,0.4469476825288516,0.5390381995228174
25754,GOF,0.018335453710022265,0.7761948746376619,0.20546967165231594
25755,LOF,0.020789368178470442,0.3549410771529889,0.6242695546685407
25756,GOF,0.028960650759980874,0.485613725657949,0.48542562358207014
25757,GOF,0.015588469751802177,0.7788798309259958,0.20553169932220214
25758,GOF,0.025647985853991775,0.8210821748835265,0.15326983926248158
25759,GOF,0.015621863239470419,0.7094283625636062,0.2749497741969235
25760,LOF,0.020443918365637984,0.39971224004951694,0.579843841584845
25761,GOF,0.21106575333022334,0.7125566763495734,0.07637757032020333
25762,LOF,0.033284718647847336,0.43630906352405696,0.5304062178280957
25763,LOF,0.0208495001893737,0.31685143209530037,0.662299067715326
25764,GOF,0.060830589916659794,0.7854939537233069,0.15367545636003335
25765,GOF,0.021193591502980183,0.8144030513820515,0.1644033571149684
25766,GOF,0.06979472693179514,0.7991234481209026,0.13108182494730208
25767,GOF,0.07046998899586934,0.8510109598008091,0.07851905120332155
25768,LOF,0.038731086735811875,0.22907515191348563,0.7321937613507026
25769,LOF,0.024067409513632627,0.26499669964828443,0.710935890838083
25770,LOF,0.3093918321230368,0.12521032568792356,0.5653978421890398
25771,LOF,0.07027862525071298,0.03546491701075737,0.8942564577385297
25772,LOF,0.02852708023389261,0.15385454240058669,0.8176183773655207
25773,LOF,0.0737126389246386,0.06500245277735046,0.861284908298011
25774,LOF,0.01893954135133264,0.18822220973716006,0.7928382489115072
25775,LOF,0.08074598392710262,0.03600228046529709,0.8832517356076003
25776,LOF,0.03493773215895567,0.10106454760607061,0.8639977202349738
25777,LOF,0.29925297203727025,0.06913662833501599,0.6316103996277137
25778,LOF,0.027029826694894434,0.2064534053103072,0.7665167679947984
25779,GOF,0.42245616530100855,0.5060513922760299,0.0714924424229615
25780,Neutral,0.4865079980668928,0.3595257641045245,0.1539662378285827
25781,GOF,0.18088613377253407,0.6631508148927074,0.15596305133475846
25782,GOF,0.19075480695441574,0.7067601654588294,0.10248502758675486
25783,GOF,0.03277581022993643,0.7055158883730606,0.2617083013970031
25784,Neutral,0.6788721913684739,0.2695697508005697,0.05155805783095643
25785,Neutral,0.6435118282818272,0.2265151541589088,0.12997301755926402
25786,GOF,0.020774576767098877,0.8075646640123066,0.1716607592205945
25787,Neutral,0.8598640399775892,0.09283260716342465,0.04730335285898608
25788,LOF,0.02880370239572785,0.04765681464566552,0.9235394829586066
25789,GOF,0.16373195138705393,0.6477375171221124,0.18853053149083365
25790,GOF,0.19886695759937367,0.5807504512968743,0.22038259110375205
25791,LOF,0.13475730022637228,0.40461107286009984,0.4606316269135279
25792,Neutral,0.36636127966273313,0.29875609357078875,0.3348826267664781
25793,GOF,0.3514261507313801,0.5500308955887033,0.0985429536799166
25794,GOF,0.22929999327049377,0.44867639102238166,0.3220236157071247
25795,GOF,0.05719176420569187,0.6391602491252459,0.30364798666906223
25796,Neutral,0.45767969172028633,0.2740060221342927,0.2683142861454209
25797,GOF,0.09729468230275741,0.47778476658392943,0.42492055111331317
25798,GOF,0.015443068838356746,0.5011611131737298,0.4833958179879134
25799,LOF,0.01397316623546554,0.4611885910800762,0.5248382426844582
25800,GOF,0.05773258177845165,0.6837338782231713,0.25853353999837697
25801,GOF,0.2710818654798988,0.5909665314566049,0.13795160306349616
25802,GOF,0.08668167404731934,0.6139737522338178,0.29934457371886297
25803,GOF,0.09109047935619823,0.6545013728235705,0.2544081478202314
25804,GOF,0.04544691702147191,0.5953075671355192,0.35924551584300896
25805,GOF,0.11940445929409436,0.7206561938436084,0.15993934686229733
25806,GOF,0.15517499573850949,0.6012718193800076,0.2435531848814829
25807,GOF,0.021481945067908858,0.6551762233933087,0.32334183153878243
25808,GOF,0.08606563201478333,0.6800759098691327,0.23385845811608388
25809,GOF,0.01785793020526474,0.49888923518698025,0.4832528346077549
25810,GOF,0.020754103137239268,0.5485811680017353,0.4306647288610255
25811,Neutral,0.5277732449163403,0.38813094318568175,0.084095811897978
25812,GOF,0.05433080922913409,0.5974768088617044,0.3481923819091615
25813,Neutral,0.6482162961827106,0.19752363293360914,0.15426007088368013
25814,GOF,0.15750384905594864,0.63867588476082,0.20382026618323126
25815,GOF,0.24447073554344037,0.6012945858591149,0.15423467859744477
25816,GOF,0.026989548728490645,0.8347551535207287,0.1382552977507807
25817,GOF,0.14277293067227043,0.6819420621655627,0.1752850071621668
25818,GOF,0.07101937071856307,0.5816500192250237,0.34733061005641325
25819,GOF,0.3462502946452063,0.47565025541597017,0.17809944993882354
25820,GOF,0.19550667673044356,0.5324543189119927,0.27203900435756373
25821,GOF,0.057381227033108405,0.6167779643260284,0.3258408086408632
25822,GOF,0.23990086756912787,0.5135761539542452,0.246522978476627
25823,GOF,0.049424478804548214,0.6024342498859372,0.3481412713095146
25824,LOF,0.11530052920399472,0.43012876544454437,0.45457070535146094
25825,LOF,0.043672649537689553,0.4353577728919938,0.5209695775703167
25826,GOF,0.014390600706835817,0.6123836919837491,0.373225707309415
25827,GOF,0.023127011952303062,0.6796320687646423,0.2972409192830547
25828,GOF,0.01714710764315773,0.6636933093856616,0.31915958297118063
25829,GOF,0.010356542244522624,0.49636947551336524,0.49327398224211216
25830,LOF,0.07350797659635339,0.08505618830807239,0.8414358350955743
25831,GOF,0.10938452461991917,0.7707595753698041,0.1198559000102767
25832,GOF,0.04138274720890481,0.7205498513252239,0.23806740146587146
25833,GOF,0.14623128542794983,0.6931027898850187,0.16066592468703145
25834,GOF,0.05768641172007612,0.7380792250366945,0.20423436324322938
25835,GOF,0.1224140782716493,0.7138605147020733,0.16372540702627741
25836,GOF,0.05737929847326825,0.7427960866727779,0.19982461485395386
25837,GOF,0.02946292503406547,0.6209419233199829,0.3495951516459517
25838,GOF,0.13112544172661744,0.6856528187950802,0.1832217394783023
25839,GOF,0.3388415749336369,0.5040921047418693,0.15706632032449375
25840,GOF,0.15280187782662247,0.6529528510986161,0.19424527107476147
25841,GOF,0.17263758110527921,0.625127794933069,0.20223462396165182
25842,GOF,0.3921876130714592,0.42380523643767626,0.18400715049086458
25843,GOF,0.31855025840840406,0.5325938462807076,0.14885589531088825
25844,GOF,0.12858826762495323,0.4869677749420374,0.38444395743300946
25845,GOF,0.027855457099410254,0.5770911737050309,0.39505336919555895
25846,GOF,0.0804693420547225,0.7263285437185973,0.19320211422668013
25847,GOF,0.18525605292647784,0.683336299342097,0.13140764773142502
25848,GOF,0.08992738771553975,0.6979573798564523,0.21211523242800798
25849,GOF,0.01636695222953369,0.6250267208158949,0.3586063269545714
25850,GOF,0.026665943151309147,0.7447492284141666,0.2285848284345243
25851,GOF,0.01829320260884451,0.6377322271090953,0.3439745702820602
25852,GOF,0.10641427436840573,0.5937281372611578,0.2998575883704364
25853,GOF,0.31427255026125195,0.5492625212235503,0.13646492851519776
25854,GOF,0.015400692301711007,0.6151993707953085,0.3693999369029804
25855,LOF,0.052261003213359844,0.426666152107343,0.5210728446792972
25856,GOF,0.28162103553444434,0.4532783269874714,0.26510063747808427
25857,GOF,0.05526479486848934,0.543968002927816,0.40076720220369455
25858,GOF,0.027565067628125554,0.7127144437896852,0.25972048858218927
25859,GOF,0.014110678652693465,0.6492145532791528,0.3366747680681536
25860,GOF,0.35481328670334716,0.4918002430420534,0.1533864702545996
25861,GOF,0.19580217711296374,0.7117508480138558,0.09244697487318036
25862,GOF,0.13709438595489548,0.7115906405662915,0.1513149734788129
25863,GOF,0.1438739522209036,0.7075143709468991,0.1486116768321974
25864,GOF,0.2438671265628285,0.6393717826571953,0.11676109077997628
25865,GOF,0.08595422396647456,0.7851413780942147,0.12890439793931083
25866,GOF,0.09838158557626732,0.7296277282545406,0.1719906861691922
25867,GOF,0.11935880915418132,0.7568518388003628,0.12378935204545577
25868,GOF,0.20118796461620228,0.6113520196249423,0.1874600157588554
25869,Neutral,0.7400973075201357,0.1969453197354246,0.06295737274443965
25870,LOF,0.12468555495592795,0.0614431605161333,0.8138712845279389
25871,GOF,0.09878985033609564,0.5700087632896823,0.3312013863742221
25872,GOF,0.2168671480828317,0.49363923400789894,0.28949361790926936
25873,GOF,0.19384035687035744,0.5801171800301269,0.22604246309951562
25874,LOF,0.03244536821886338,0.04699401553816134,0.9205606162429752
25875,LOF,0.09938291928967731,0.29286746520546064,0.6077496155048622
25876,LOF,0.027746039912393255,0.11013743559572586,0.8621165244918809
25877,Neutral,0.4051863014565179,0.2232836088277287,0.3715300897157533
25878,GOF,0.15459277015044148,0.4399654552306026,0.4054417746189559
25879,LOF,0.08056000679580474,0.4194076767438637,0.5000323164603316
25880,LOF,0.029185930947766944,0.08447246003797829,0.8863416090142547
25881,LOF,0.35908799297660104,0.15029233657190436,0.4906196704514947
25882,LOF,0.10041748160062913,0.035339317852914665,0.8642432005464561
25883,LOF,0.07009287724119072,0.04136866615565234,0.888538456603157
25884,LOF,0.08230502933780127,0.04357191874350899,0.8741230519186897
25885,LOF,0.09795444392341558,0.03130228769672653,0.8707432683798579
25886,LOF,0.21996456324033792,0.13173202069466752,0.6483034160649945
25887,LOF,0.36304392632886684,0.10978822283856075,0.5271678508325724
25888,LOF,0.17439387224151115,0.09817917881513515,0.7274269489433537
25889,LOF,0.09392969343343176,0.037864197216982386,0.8682061093495859
25890,LOF,0.05948137581942686,0.0986091383005148,0.8419094858800584
25891,LOF,0.070443449870033,0.03385882126946657,0.8956977288605004
25892,LOF,0.09460577494127984,0.04963957398873208,0.8557546510699882
25893,LOF,0.3036955518996606,0.048440818502056976,0.6478636295982825
25894,LOF,0.14994738738672247,0.022456033918837038,0.8275965786944405
25895,LOF,0.1653238210543492,0.018659688818770812,0.8160164901268799
25896,LOF,0.04008666463260497,0.019456100806904946,0.94045723456049
25897,LOF,0.18549942194295305,0.039642087767356136,0.7748584902896908
25898,Neutral,0.6614886971420407,0.04341731635232038,0.295093986505639
25899,LOF,0.2214531842593825,0.15998591063497436,0.618560905105643
25900,Neutral,0.7813097530960267,0.03378469271332339,0.18490555419065005
25901,LOF,0.07523181225771022,0.03693697945612018,0.8878312082861696
25902,LOF,0.10903154864773036,0.020774747674649544,0.8701937036776201
25903,Neutral,0.5481465328798345,0.06554025646750058,0.38631321065266494
25904,LOF,0.2866130291619614,0.07773137187578197,0.6356555989622568
25905,LOF,0.01992196212430172,0.3793696191163927,0.6007084187593055
25906,LOF,0.028484333483372728,0.04464223106148848,0.9268734354551389
25907,LOF,0.012555992970719153,0.30381442621040744,0.6836295808188734
25908,LOF,0.01741521530682844,0.19854074908625077,0.7840440356069208
25909,LOF,0.027160102975366134,0.13320752405464517,0.8396323729699886
25910,GOF,0.013560912123925095,0.6140326669147974,0.37240642096127746
25911,LOF,0.09122344354849517,0.02783713207560432,0.8809394243759004
25912,LOF,0.03499409573956893,0.07899736816084035,0.8860085360995906
25913,LOF,0.2221755671752148,0.024117765730549728,0.7537066670942355
25914,LOF,0.05143923355719432,0.17914050838584714,0.7694202580569586
25915,Neutral,0.48250834151512706,0.36475677041024845,0.1527348880746246
25916,GOF,0.040708908640244935,0.708871519118424,0.25041957224133105
25917,LOF,0.03277245005500487,0.11712306173446146,0.8501044882105337
25918,LOF,0.05192634468150946,0.08628837670946142,0.8617852786090291
25919,LOF,0.05412055135666491,0.05614115656787362,0.8897382920754615
25920,GOF,0.21997743461595085,0.6275260130224402,0.152496552361609
25921,LOF,0.05750534557206372,0.053546751015712206,0.8889479034122241
25922,LOF,0.05543372971052274,0.047152527352540705,0.8974137429369367
25923,LOF,0.22316440505358764,0.13278094612952787,0.6440546488168845
25924,LOF,0.06466584489255083,0.022145571089651057,0.9131885840177982
25925,LOF,0.049772650692807695,0.04348083975673544,0.9067465095504569
25926,LOF,0.04046295673553802,0.03945901317556733,0.9200780300888945
25927,LOF,0.09592547346997052,0.13461303543577935,0.7694614910942501
25928,LOF,0.04409352495799878,0.02057021809351828,0.935336256948483
25929,LOF,0.33944133962654055,0.12467219746346014,0.5358864629099992
25930,LOF,0.07091863778186,0.038820882915999444,0.8902604793021406
25931,LOF,0.044102373483127844,0.018395464039461067,0.937502162477411
25932,LOF,0.0831350554014299,0.029509799749537675,0.8873551448490324
25933,LOF,0.08757295638208153,0.025745123794774626,0.8866819198231439
25934,LOF,0.07827431108961494,0.03908716180289429,0.8826385271074907
25935,LOF,0.03362737869853202,0.04849303481758455,0.9178795864838833
25936,LOF,0.08870132296722756,0.025052336412813642,0.8862463406199588
25937,LOF,0.06583436380483851,0.03950987794055136,0.8946557582546102
25938,LOF,0.0506385657899881,0.10138266675040719,0.8479787674596048
25939,LOF,0.06556121866972972,0.04275940108099733,0.891679380249273
25940,GOF,0.024453873751287193,0.5882142937673696,0.3873318324813431
25941,LOF,0.21147709088917757,0.05566421577709928,0.7328586933337232
25942,LOF,0.0338465869287042,0.013452750871908527,0.9527006621993873
25943,LOF,0.3873190132846958,0.03208269508147332,0.5805982916338308
25944,LOF,0.4809797505552714,0.025878797228089206,0.4931414522166395
25945,LOF,0.19543446545725573,0.14900571979322436,0.6555598147495199
25946,LOF,0.016337876468307776,0.14297218660528077,0.8406899369264115
25947,LOF,0.07893106714647485,0.29767519950538945,0.6233937333481357
25948,LOF,0.4268382118013423,0.009359869900168807,0.5638019182984889
25949,LOF,0.14211983819039464,0.014344219624590178,0.8435359421850152
25950,Neutral,0.4360748563169302,0.2924478475271541,0.2714772961559158
25951,LOF,0.23433726367242913,0.30799868631331306,0.45766405001425786
25952,GOF,0.047205978624317066,0.651442460243689,0.301351561131994
25953,LOF,0.1432995708129087,0.3598826990823933,0.49681773010469793
25954,Neutral,0.4604351009947579,0.410771568029647,0.1287933309755952
25955,LOF,0.06279222788542499,0.32088767686635067,0.6163200952482243
25956,LOF,0.1299346749088458,0.17009119783252702,0.6999741272586272
25957,LOF,0.042357605737294135,0.030458339228785287,0.9271840550339204
25958,LOF,0.0779172738959055,0.03617248324700406,0.8859102428570904
25959,LOF,0.09730702836357023,0.28628260127524,0.6164103703611898
25960,LOF,0.02762810853186692,0.07022568918158494,0.9021462022865482
25961,LOF,0.06782078784306174,0.08927443381225476,0.8429047783446836
25962,LOF,0.04572230671667917,0.09013109167011514,0.8641466016132057
25963,LOF,0.04162034278903406,0.18404031486135014,0.7743393423496159
25964,LOF,0.07417777104933936,0.12759038599165906,0.7982318429590015
25965,Neutral,0.5372996258681774,0.09934597278008737,0.3633544013517352
25966,LOF,0.19377230997586087,0.3278988274739075,0.4783288625502316
25967,LOF,0.02740458022403765,0.16442011628580952,0.8081753034901529
25968,LOF,0.05743550227594124,0.43438943085727505,0.5081750668667837
25969,LOF,0.02285843156040282,0.09729120764436032,0.8798503607952369
25970,LOF,0.050403339992683954,0.04587467558985556,0.9037219844174604
25971,LOF,0.08721991940111552,0.05525659674723493,0.8575234838516496
25972,LOF,0.11485589775510996,0.05327803126734872,0.8318660709775414
25973,LOF,0.14165891162918745,0.011045237639783012,0.8472958507310295
25974,Neutral,0.4794432899455796,0.045940776449580216,0.47461593360484033
25975,LOF,0.07121612211210437,0.04121667218320404,0.8875672057046916
25976,LOF,0.032397867864663345,0.03346881865627713,0.9341333134790595
25977,LOF,0.031650676376727034,0.4049267557650527,0.5634225678582203
25978,LOF,0.252434785764935,0.11151826049445009,0.6360469537406149
25979,LOF,0.19383896435261758,0.12518090040934135,0.680980135238041
25980,LOF,0.27283475476169644,0.1619564816631718,0.5652087635751317
25981,LOF,0.27283475476169644,0.1619564816631718,0.5652087635751317
25982,LOF,0.44216362617559357,0.06327522044556566,0.49456115337884077
25983,Neutral,0.512294388033514,0.08070668877511315,0.4069989231913728
25984,LOF,0.03342645541727182,0.28591254420429674,0.6806610003784314
25985,LOF,0.030119894636495722,0.4082619911264555,0.5616181142370488
25986,GOF,0.04955238610122009,0.6009190718705029,0.3495285420282771
25987,LOF,0.13250000107267526,0.12810473796718153,0.7393952609601432
25988,LOF,0.029562095244604694,0.2862491566896933,0.684188748065702
25989,LOF,0.024278793155407923,0.27799984276839834,0.6977213640761937
25990,LOF,0.030496134442162325,0.19757420722959318,0.7719296583282446
25991,LOF,0.23744008479184023,0.2112310059145417,0.5513289092936181
25992,LOF,0.33810939474064666,0.2427092635807138,0.4191813416786394
25993,LOF,0.037558391499034754,0.08332410736747631,0.879117501133489
25994,LOF,0.038110666980304686,0.08553445965005503,0.8763548733696402
25995,LOF,0.03824294915447863,0.11453049528076002,0.8472265555647615
25996,LOF,0.1591623619743636,0.36309752776939075,0.4777401102562457
25997,GOF,0.09673813528366589,0.48177032627569194,0.4214915384406421
25998,Neutral,0.5080352526072174,0.019145723936567032,0.47281902345621546
25999,LOF,0.14880761647019153,0.4226628521489842,0.4285295313808243
26000,LOF,0.1067943488142714,0.025861552766389944,0.8673440984193386
26001,LOF,0.1323095884382691,0.09133845711159606,0.7763519544501348
26002,LOF,0.08392493629159817,0.05759334365678521,0.8584817200516167
26003,GOF,0.008786335058721438,0.7245270816140179,0.26668658332726064
26004,GOF,0.022247086261841503,0.7638157993778236,0.21393711436033488
26005,GOF,0.009962355906074546,0.5521837573480698,0.43785388674585574
26006,Neutral,0.41502806171949014,0.406796360033954,0.178175578246556
26007,GOF,0.0173766400507017,0.7569338904749043,0.22568946947439383
26008,GOF,0.014995221287664362,0.6457470432877164,0.33925773542461923
26009,GOF,0.037012323346159726,0.7351010418808139,0.22788663477302648
26010,GOF,0.013949885669043904,0.8500979085239675,0.1359522058069885
26011,GOF,0.009049790898649773,0.5521434686803197,0.43880674042103046
26012,GOF,0.015796547263702634,0.5356822247761198,0.44852122796017757
26013,GOF,0.01145180915719469,0.6883467652082095,0.30020142563459584
26014,LOF,0.041540181836517275,0.18511991661875304,0.7733399015447296
26015,LOF,0.23201313283373076,0.013217485641640261,0.754769381524629
26016,LOF,0.34063331196526225,0.06262458898096311,0.5967420990537746
26017,LOF,0.27466681562417544,0.05792620397659295,0.6674069803992315
26018,LOF,0.07310458877092221,0.05374162296823618,0.8731537882608416
26019,LOF,0.07750249267137929,0.025521244876437293,0.8969762624521835
26020,LOF,0.11286128210140765,0.11925260799270376,0.7678861099058886
26021,LOF,0.09648989491661394,0.12124052961457582,0.7822695754688104
26022,LOF,0.025086561408385683,0.028260655830377544,0.9466527827612367
26023,LOF,0.1404975713818797,0.039287465580099906,0.8202149630380203
26024,LOF,0.045960858427946547,0.13647399881029137,0.8175651427617621
26025,LOF,0.23387075543079489,0.08514735340550493,0.6809818911637001
26026,LOF,0.43118036128298937,0.012009322548677589,0.556810316168333
26027,LOF,0.08269269369892374,0.02084760501152164,0.8964597012895547
26028,LOF,0.22254908729074738,0.08391402331689403,0.6935368893923586
26029,GOF,0.04490832008792275,0.5179396410649252,0.4371520388471521
26030,LOF,0.020744270598779906,0.14365541265773626,0.8356003167434838
26031,LOF,0.014809891119301762,0.454622823516623,0.5305672853640753
26032,LOF,0.04191184903095365,0.19258710446630412,0.7655010465027422
26033,LOF,0.10272642537433656,0.4450268587104699,0.4522467159151935
26034,LOF,0.023052647670791952,0.33466342073991023,0.6422839315892978
26035,LOF,0.018558898142894877,0.41452885657670047,0.5669122452804046
26036,LOF,0.021476717977921646,0.31963732939727985,0.6588859526247984
26037,LOF,0.014697013316519014,0.30459981900769467,0.6807031676757863
26038,LOF,0.04125107047308883,0.174395699195627,0.7843532303312841
26039,LOF,0.036793944110248326,0.39855106426926634,0.5646549916204854
26040,GOF,0.18801741359129515,0.5756241208586207,0.23635846555008405
26041,LOF,0.01617225389658111,0.29414241254343815,0.6896853335599807
26042,LOF,0.01586482243244805,0.29501862723305494,0.689116550334497
26043,LOF,0.038738944958620375,0.23315371245634856,0.7281073425850312
26044,LOF,0.019347892884387388,0.23627678017776912,0.7443753269378434
26045,LOF,0.05077309180026732,0.3884175986577164,0.5608093095420164
26046,LOF,0.0443583808237651,0.2592545460858206,0.6963870730904143
26047,LOF,0.05479691112872832,0.23730593941065267,0.707897149460619
26048,LOF,0.07526877294220105,0.1920074902394396,0.7327237368183593
26049,Neutral,0.9141264635641252,0.047090595536979155,0.0387829408988956
26050,Neutral,0.8983786184482289,0.049637947849450574,0.05198343370232069
26051,GOF,0.025411387267007868,0.6044373662158247,0.37015124651716735
26052,GOF,0.023852978349382704,0.6139214248343431,0.36222559681627414
26053,LOF,0.04831301140054138,0.45959804173978897,0.4920889468596696
26054,LOF,0.06102364505769412,0.034037377851023294,0.9049389770912826
26055,LOF,0.066408740113015,0.02318618139842512,0.9104050784885598
26056,LOF,0.04946733829104232,0.03443100574163738,0.9161016559673204
26057,LOF,0.06468133796743511,0.08366557812748536,0.8516530839050794
26058,LOF,0.06532721952912636,0.07058242993450918,0.8640903505363644
26059,LOF,0.4142785586352176,0.06731334895415109,0.5184080924106313
26060,LOF,0.07141124836576503,0.3245419761139224,0.6040467755203126
26061,LOF,0.04326501841987743,0.03293373743897323,0.9238012441411493
26062,LOF,0.029530229705874895,0.02088552920532612,0.9495842410887989
26063,LOF,0.06984441384857717,0.055088648052226095,0.8750669380991967
26064,LOF,0.052393001605073666,0.01457467415584947,0.9330323242390769
26065,LOF,0.06985611169945434,0.04194973057174664,0.8881941577287991
26066,LOF,0.07602670612753397,0.05711026350189354,0.8668630303705726
26067,LOF,0.07660067867973011,0.052465920014215524,0.8709334013060543
26068,LOF,0.05046753855069442,0.05321776694481544,0.8963146945044901
26069,LOF,0.25915053786024755,0.02799192104169391,0.7128575410980585
26070,LOF,0.453838988425242,0.01204879398487975,0.5341122175898783
26071,LOF,0.06548593745821485,0.06010065366876448,0.8744134088730207
26072,LOF,0.045655868947323985,0.03512816411824989,0.9192159669344262
26073,LOF,0.07474514402963302,0.03136362610513038,0.8938912298652366
26074,Neutral,0.9601846965505492,0.007721834416915876,0.03209346903253495
26075,LOF,0.034910788847131544,0.03213906880375763,0.9329501423491109
26076,LOF,0.07454662672966936,0.04445169463641789,0.8810016786339127
26077,LOF,0.02976675962603706,0.047272857231303735,0.9229603831426592
26078,LOF,0.03057777208133264,0.04325950812377728,0.9261627197948901
26079,LOF,0.0529589896897545,0.03408042978622258,0.912960580524023
26080,LOF,0.0529589896897545,0.03408042978622258,0.912960580524023
26081,LOF,0.07399234860540098,0.06082151306116582,0.8651861383334333
26082,LOF,0.04607501623810873,0.03057236122406946,0.9233526225378218
26083,LOF,0.06879446764822633,0.04780648624241505,0.8833990461093586
26084,LOF,0.062399402409747236,0.06601543751509821,0.8715851600751545
26085,LOF,0.062399402409747236,0.06601543751509821,0.8715851600751545
26086,LOF,0.06466907422516564,0.07765206551755179,0.8576788602572826
26087,LOF,0.06551744610025949,0.057128120237110336,0.8773544336626301
26088,LOF,0.04424584440902224,0.06899780789723976,0.886756347693738
26089,LOF,0.04347425212662487,0.03395618710977466,0.9225695607636004
26090,LOF,0.03897765384335294,0.029586311546425777,0.9314360346102213
26091,LOF,0.08018318471867877,0.0309769855788442,0.888839829702477
26092,LOF,0.07209357224030931,0.0705985364882508,0.8573078912714398
26093,LOF,0.07989861974933117,0.029378444327322614,0.8907229359233462
26094,LOF,0.08061040498151567,0.027676143951458166,0.8917134510670262
26095,LOF,0.06835404461092354,0.0296058296245258,0.9020401257645506
26096,LOF,0.04371618672030879,0.03011460784165044,0.9261692054380408
26097,LOF,0.024124308895677425,0.06423078808070712,0.9116449030236153
26098,LOF,0.05201549674182146,0.024262333581752556,0.9237221696764261
26099,LOF,0.07749789026063343,0.06334225499928911,0.8591598547400775
26100,LOF,0.07749789026063343,0.06334225499928911,0.8591598547400775
26101,LOF,0.06271614899081138,0.13179032548630865,0.80549352552288
26102,LOF,0.06722809788958632,0.061068862788365895,0.8717030393220477
26103,Neutral,0.785366042544504,0.08023362217218236,0.13440033528331352
26104,LOF,0.03731233766656858,0.04910335269770691,0.9135843096357245
26105,LOF,0.22940250020776076,0.090302678749037,0.6802948210432023
26106,LOF,0.18136065577242805,0.05422508115636649,0.7644142630712055
26107,LOF,0.2891968378283942,0.03893458850740765,0.6718685736641982
26108,LOF,0.1419234227670992,0.0616847806630638,0.7963917965698369
26109,LOF,0.08868736070134098,0.09254327971450015,0.8187693595841588
26110,LOF,0.32103507810207793,0.03088318077238479,0.6480817411255374
26111,LOF,0.35748053257656753,0.1266747886765224,0.5158446787469101
26112,LOF,0.09119272107301163,0.02658835219069743,0.882218926736291
26113,LOF,0.09180469288755305,0.07981208414647842,0.8283832229659686
26114,LOF,0.03838535811920103,0.015151635714054732,0.9464630061667442
26115,LOF,0.13699127717176013,0.049840978167330824,0.8131677446609091
26116,LOF,0.09353820134582697,0.04797380808450302,0.85848799056967
26117,LOF,0.2792999752038357,0.17877214056337767,0.5419278842327866
26118,LOF,0.06803285395068834,0.030014414010740974,0.9019527320385707
26119,LOF,0.043265577156130705,0.1548209413994895,0.8019134814443797
26120,LOF,0.06083370768576937,0.043626122017186054,0.8955401702970446
26121,LOF,0.0704271632765754,0.13412493827464952,0.7954478984487751
26122,LOF,0.08595204059344516,0.16660452054815453,0.7474434388584003
26123,LOF,0.06861130079221488,0.2083259171090164,0.7230627820987688
