feature0,prediction,LoGoFunc_Neutral,LoGoFunc_GOF,LoGoFunc_LOF
25546,Neutral,0.6239154118885071,0.052779842291189843,0.32330474582030305
25547,Neutral,0.4973334380250617,0.0896342619964218,0.41303229997851637
25548,Neutral,0.5053960461353185,0.07950605483182127,0.41509789903286026
25549,LOF,0.4381504243577927,0.07767827184498563,0.4841713037972215
25550,LOF,0.3464150751876446,0.1172212981896167,0.5363636266227387
25551,LOF,0.31065797912067616,0.12551381817842283,0.563828202700901
25552,LOF,0.2792108748893361,0.12984715151271536,0.5909419735979485
25553,Neutral,0.798374741996722,0.046149179694944115,0.15547607830833388
25554,LOF,0.3207180625072946,0.11796522180283868,0.5613167156898666
25555,LOF,0.2768394562453743,0.11311417712284236,0.6100463666317834
25556,LOF,0.44914999486209967,0.09465378218375221,0.4561962229541481
25557,LOF,0.2651959212557457,0.11716940517685014,0.6176346735674041
25558,LOF,0.319216391433881,0.11470367442413398,0.5660799341419851
25559,LOF,0.27452344729098926,0.1311529464904264,0.5943236062185843
25560,LOF,0.17327523326247632,0.11787298586091355,0.70885178087661
25561,LOF,0.17386442278735226,0.13957684456388006,0.6865587326487678
25562,LOF,0.0703034740883076,0.09153409820572259,0.8381624277059699
25563,LOF,0.026904222106366074,0.15337202497452276,0.8197237529191111
25564,LOF,0.20105706734060647,0.13348273845480685,0.6654601942045866
25565,LOF,0.20954507033562564,0.13554894998421002,0.6549059796801644
25566,GOF,0.09203441492487469,0.6455090834611362,0.26245650161398903
25567,LOF,0.04282268686227439,0.19872730889040188,0.7584500042473237
25568,LOF,0.06409650902534123,0.1082954194824547,0.8276080714922042
25569,LOF,0.05722765962406278,0.10698068186179606,0.8357916585141413
25570,LOF,0.02523936274127445,0.12892040333840882,0.8458402339203167
25571,LOF,0.023254463009415933,0.13672596515710758,0.8400195718334764
25572,LOF,0.06166486345345751,0.15734886525002403,0.7809862712965183
25573,LOF,0.05894110908061833,0.1330358674155959,0.8080230235037857
25574,LOF,0.05827072126443742,0.2641303514420174,0.6775989272935451
25575,LOF,0.02094225160664128,0.155014628606223,0.8240431197871357
25576,LOF,0.028309160898749953,0.1937536049485239,0.7779372341527262
25577,LOF,0.033413830168100345,0.14896032463848974,0.8176258451934099
25578,LOF,0.3099743168924103,0.12358282630801289,0.5664428567995768
25579,LOF,0.14263923330059122,0.13140834726595185,0.7259524194334569
25580,LOF,0.01867443419795144,0.10760049580296002,0.8737250699990886
25581,LOF,0.053513372608127906,0.09919930177921463,0.8472873256126574
25582,LOF,0.05309206548443236,0.09740202605524162,0.849505908460326
25583,LOF,0.020190355421940972,0.11620084904289392,0.8636087955351652
25584,Neutral,0.6774142161710207,0.14637599480960384,0.1762097890193756
25585,LOF,0.02142989967004213,0.1930091275371982,0.7855609727927596
25586,LOF,0.016258402696931677,0.10083141808379918,0.8829101792192691
25587,LOF,0.015654854004523034,0.0880569939782456,0.8962881520172314
25588,LOF,0.018926217712624403,0.10022503150582222,0.8808487507815534
25589,Neutral,0.47278180486692245,0.25083547236039105,0.2763827227726865
25590,LOF,0.052180040341403305,0.15627524916956814,0.7915447104890285
25591,LOF,0.09445299124401352,0.08833514069862267,0.8172118680573638
25592,LOF,0.0573254036570672,0.1842120274745832,0.7584625688683495
25593,LOF,0.11160214542882366,0.3145137827696823,0.573884071801494
25594,LOF,0.046086799868433434,0.07152596450970304,0.8823872356218635
25595,LOF,0.04518274225591642,0.04985213930691078,0.9049651184371729
25596,LOF,0.09295038265797818,0.02428070446472677,0.882768912877295
25597,LOF,0.08517471509272154,0.029914852202997763,0.8849104327042807
25598,LOF,0.04538630881851854,0.05488844768169927,0.8997252434997822
25599,LOF,0.018607300346501453,0.4830122724143849,0.49838042723911363
25600,GOF,0.13344486030452243,0.5259880445193499,0.34056709517612765
25601,LOF,0.030644390345063936,0.3741940122802132,0.5951615973747229
25602,LOF,0.03301457511442387,0.06426286903708811,0.9027225558484879
25603,LOF,0.033834748340341475,0.03544333991351177,0.9307219117461467
25604,LOF,0.036002838518482336,0.08930786764866666,0.874689293832851
25605,LOF,0.03311715253279966,0.21043525102929597,0.7564475964379044
25606,LOF,0.414250992149921,0.12524637552351084,0.4605026323265682
25607,LOF,0.029259033139213464,0.18857175922769742,0.7821692076330891
25608,LOF,0.03868553486801228,0.07262887159443993,0.8886855935375477
25609,GOF,0.14199288519303138,0.527400547755568,0.3306065670514006
25610,LOF,0.01784883155846961,0.02798855544454504,0.9541626129969855
25611,LOF,0.014894539337838481,0.029150979748982488,0.955954480913179
25612,LOF,0.050062400299228475,0.04473273521262285,0.9052048644881486
25613,LOF,0.04897822807057594,0.0457564638636378,0.9052653080657862
25614,LOF,0.02559298830438011,0.025254121235670682,0.9491528904599491
25615,LOF,0.04863029875932454,0.038647218337884676,0.9127224829027907
25616,LOF,0.054444708454959446,0.027023623342496493,0.9185316682025442
25617,LOF,0.04679500678753283,0.03204879896447257,0.9211561942479947
25618,LOF,0.04944397527814698,0.035660615096211434,0.9148954096256416
25619,LOF,0.014784979935183525,0.033354762244589456,0.9518602578202271
25620,LOF,0.06836528544084607,0.03838006305424135,0.8932546515049127
25621,LOF,0.06389665516741858,0.039290633047970785,0.8968127117846107
25622,LOF,0.06916978941011755,0.03742491942784466,0.8934052911620377
25623,LOF,0.07573879832187438,0.02774400383649047,0.8965171978416351
25624,LOF,0.020936934882442387,0.03320010982247076,0.9458629552950869
25625,LOF,0.06736722195977114,0.03488199749246908,0.8977507805477598
25626,LOF,0.05287529874079893,0.04253906406734304,0.904585637191858
25627,Neutral,0.8905226687795785,0.01963607601620295,0.08984125520421837
25628,LOF,0.15227689487851792,0.05519525983702334,0.7925278452844587
25629,LOF,0.057538917489912376,0.05440684996275459,0.888054232547333
25630,LOF,0.281928681064955,0.07521585981484653,0.6428554591201985
25631,Neutral,0.5547759726213325,0.07118015452734701,0.37404387285132046
25632,LOF,0.023648974620294375,0.06320563967265845,0.9131453857070472
25633,LOF,0.15816420715825263,0.03898930528963953,0.8028464875521079
25634,LOF,0.03444571580516755,0.08718689937285004,0.8783673848219824
25635,LOF,0.03671079931925195,0.04112366252761432,0.9221655381531338
25636,LOF,0.03490900514899947,0.4306357894664093,0.5344552053845912
25637,GOF,0.06892616548268674,0.5094047415029136,0.4216690930143996
25638,LOF,0.03004118506746829,0.35087743556571066,0.6190813793668212
25639,LOF,0.030594871185764108,0.365382829412494,0.6040222994017419
25640,Neutral,0.7820858708909296,0.1680877213557952,0.049826407753275175
25641,GOF,0.07338219897544074,0.5523159196250148,0.37430188139954446
25642,LOF,0.05563068332965747,0.21701789902766297,0.7273514176426795
25643,LOF,0.19031882076223042,0.17824720793996063,0.631433971297809
25644,LOF,0.029955285518931653,0.4720543743262805,0.4979903401547879
25645,LOF,0.03050993108521553,0.4441866097272215,0.5253034591875629
25646,LOF,0.07127558632574427,0.3430371638617507,0.5856872498125051
25647,LOF,0.031641451886361915,0.28943334830356127,0.6789251998100768
25648,LOF,0.03786089276331897,0.2854269620214822,0.6767121452151988
25649,LOF,0.020315458675718403,0.24356243268375724,0.7361221086405244
25650,LOF,0.05591915383031574,0.4402092220266434,0.5038716241430408
25651,LOF,0.022341827264064956,0.29802344780981305,0.679634724926122
25652,LOF,0.036662683605379526,0.27467166095828127,0.6886656554363392
25653,LOF,0.08508471393642791,0.4553332210302736,0.4595820650332984
25654,LOF,0.024034590759243458,0.25689635909033,0.7190690501504265
25655,GOF,0.2345485707615357,0.4259954620273685,0.33945596721109583
25656,LOF,0.3595873946212185,0.07183260696774627,0.5685799984110351
25657,LOF,0.06498531673407865,0.06977294647420233,0.865241736791719
25658,LOF,0.3907451250730073,0.07708320894448137,0.5321716659825114
25659,Neutral,0.5223092759959798,0.09979682875789223,0.377893895246128
25660,LOF,0.02161379277618403,0.08799618346354879,0.8903900237602671
25661,LOF,0.09914717536902651,0.06310978807559789,0.8377430365553757
25662,LOF,0.03572163960417167,0.03478932679142745,0.9294890336044009
25663,LOF,0.04603485884491159,0.042587804494691156,0.9113773366603973
25664,LOF,0.14140194605416018,0.06502675717445737,0.7935712967713825
25665,LOF,0.06187681626955994,0.030476869596172525,0.9076463141342674
25666,LOF,0.10176973514916562,0.06447396883353508,0.8337562960172993
25667,LOF,0.07554885340373439,0.038379061487171316,0.8860720851090943
25668,LOF,0.038409124694832125,0.048451651744906676,0.9131392235602612
25669,LOF,0.033569285679770675,0.048692353464630765,0.9177383608555986
25670,LOF,0.13977464431537331,0.05299909987303578,0.8072262558115909
25671,LOF,0.118138123331697,0.034529517922607354,0.8473323587456957
25672,LOF,0.054599902288689814,0.045063648536459555,0.9003364491748507
25673,LOF,0.08139421784695353,0.04963222764899989,0.8689735545040466
25674,LOF,0.06861277575345509,0.059426279299737685,0.8719609449468072
25675,LOF,0.11492458858392576,0.05823475887940513,0.826840652536669
25676,LOF,0.019427716790998015,0.0550016020638266,0.9255706811451753
25677,LOF,0.02487082705435918,0.07361154041225916,0.9015176325333817
25678,LOF,0.21741272539777412,0.06659582149611966,0.7159914531061062
25679,LOF,0.12253901028142604,0.07548229506762325,0.8019786946509507
25680,LOF,0.034857439485057366,0.11972062182346148,0.8454219386914812
25681,LOF,0.051520424645327176,0.11146888326713975,0.837010692087533
25682,LOF,0.15655378525829358,0.0739410771631211,0.7695051375785854
25683,LOF,0.1173884125291469,0.08652500402954791,0.7960865834413052
25684,LOF,0.044449368992697254,0.06826371639498084,0.8872869146123218
25685,LOF,0.12861570918317464,0.057771323491309576,0.8136129673255157
25686,LOF,0.09050268463208745,0.08964371894430087,0.8198535964236117
25687,LOF,0.12871613660425182,0.09530638510219651,0.7759774782935516
25688,LOF,0.34239452579447455,0.041814886594171055,0.6157905876113544
25689,LOF,0.26291033949310916,0.040863393893535535,0.6962262666133553
25690,LOF,0.35505028095275576,0.035088829397376016,0.6098608896498683
25691,Neutral,0.7262009614947346,0.026901991069438264,0.24689704743582727
25692,LOF,0.36329017900190264,0.010919650417572375,0.625790170580525
25693,LOF,0.04638563361763527,0.4132228904921414,0.5403914758902233
25694,LOF,0.1203046795341128,0.017299073948943287,0.862396246516944
25695,LOF,0.11988786172106368,0.01501110048118257,0.8651010377977537
25696,LOF,0.12620940163958264,0.010709216158317743,0.8630813822020997
25697,LOF,0.08281872398631387,0.039064119439816844,0.8781171565738692
25698,LOF,0.3284382123018984,0.16440792661708475,0.5071538610810168
25699,Neutral,0.49657900568095903,0.040845923915443005,0.46257507040359797
25700,LOF,0.06997530189793108,0.008823042851468715,0.9212016552506002
25701,LOF,0.18759421442117288,0.04514341581820666,0.7672623697606206
25702,GOF,0.18114679052798308,0.5984633787550302,0.2203898307169867
25703,LOF,0.015458088064480445,0.15340510648314712,0.8311368054523723
25704,LOF,0.04113460814604493,0.10787095296285845,0.8509944388910966
25705,LOF,0.05379099148767758,0.15706418899844954,0.7891448195138729
25706,LOF,0.10854897209980342,0.428270191658615,0.4631808362415816
25707,LOF,0.09217519969645056,0.374987845517065,0.5328369547864845
25708,LOF,0.03525231105996104,0.33992800767197034,0.6248196812680685
25709,LOF,0.06801813849787326,0.044948672614992524,0.8870331888871342
25710,LOF,0.011192879857800684,0.1835766734507835,0.8052304466914157
25711,LOF,0.020697518482521892,0.0917990438287369,0.8875034376887413
25712,LOF,0.014240511624635925,0.19461962355440182,0.7911398648209622
25713,LOF,0.019760563814327003,0.08557578038284357,0.8946636558028295
25714,LOF,0.08222034704527245,0.08996621734531948,0.827813435609408
25715,LOF,0.01210492566294314,0.1497708249031875,0.8381242494338694
25716,LOF,0.011488224114690295,0.12271894878143637,0.8657928271038733
25717,LOF,0.015109798495079573,0.07997409173581768,0.9049161097691029
25718,LOF,0.01190412579169565,0.10273384161435492,0.8853620325939494
25719,LOF,0.018776931185716595,0.08508756572422543,0.8961355030900581
25720,LOF,0.025470473512594117,0.07079992875003045,0.9037295977373755
25721,LOF,0.014078561348666875,0.12098176626702889,0.8649396723843041
25722,LOF,0.01479907999949367,0.1356950031181233,0.849505916882383
25723,LOF,0.023702365381259367,0.05025104710593076,0.9260465875128099
25724,LOF,0.033438325827913576,0.08794405391472193,0.8786176202573646
25725,LOF,0.01199620247720582,0.07739177904475782,0.9106120184780364
25726,LOF,0.016814936661563622,0.11260776769125604,0.8705772956471803
25727,LOF,0.012514692348182454,0.08456862538498638,0.9029166822668313
25728,LOF,0.010341841884007991,0.12154565026274063,0.8681125078532514
25729,LOF,0.010555231300077223,0.12389727075435686,0.865547497945566
25730,LOF,0.014335230031286974,0.100433879314758,0.8852308906539549
25731,LOF,0.01881297311426539,0.11522243995193172,0.865964586933803
25732,LOF,0.015115266111754034,0.08727219904092393,0.8976125348473222
25733,LOF,0.015634632464068068,0.08084814362084891,0.9035172239150829
25734,LOF,0.01057711008256306,0.13508899753177564,0.8543338923856613
25735,LOF,0.011993135231491293,0.09491744467898398,0.8930894200895247
25736,LOF,0.013457756905846167,0.11300759365512718,0.8735346494390267
25737,LOF,0.012241679070509822,0.09165159596457843,0.8961067249649118
25738,LOF,0.01220694039416176,0.12571587717369348,0.8620771824321448
25739,LOF,0.021239754733448107,0.08686398804316509,0.8918962572233868
25740,LOF,0.027328287144056954,0.13090919369338522,0.8417625191625578
25741,LOF,0.015478399678497205,0.13255197072402863,0.8519696295974742
25742,LOF,0.13568617537544583,0.09578923422226504,0.7685245904022892
25743,LOF,0.03500257496407459,0.042573673568224814,0.9224237514677005
25744,Neutral,0.5728704818064763,0.22631318249152407,0.2008163357019996
25745,LOF,0.06298601709401967,0.06978568221883481,0.8672283006871456
25746,LOF,0.04237891617204252,0.08450443588626194,0.8731166479416956
25747,LOF,0.02076533378014058,0.059594176122199916,0.9196404900976595
25748,LOF,0.08782776364952996,0.08868421052696591,0.8234880258235041
25749,LOF,0.026788465409114913,0.07899942734640915,0.894212107244476
25750,LOF,0.081978032074169,0.08627591404674795,0.831746053879083
25751,LOF,0.09269419045188419,0.10133163449499638,0.8059741750531193
25752,GOF,0.11173828848394207,0.6392553295383949,0.249006381977663
25753,LOF,0.020517311532939297,0.26986116008894706,0.7096215283781137
25754,GOF,0.014045119876132262,0.7916575400714266,0.1942973400524412
25755,LOF,0.02338773221502124,0.37527913086262443,0.6013331369223545
25756,LOF,0.04624020845088746,0.3596995286625092,0.5940602628866033
25757,GOF,0.016978752454231926,0.830135431051378,0.15288581649439018
25758,GOF,0.029241578701101334,0.7854315107425395,0.18532691055635933
25759,GOF,0.011337559142967434,0.5733838492355215,0.41527859162151104
25760,LOF,0.01317988057927792,0.26158043056429464,0.7252396888564274
25761,GOF,0.26573857374468157,0.634779914915309,0.09948151134000936
25762,LOF,0.04185967568633408,0.2679596060362911,0.6901807182773748
25763,LOF,0.014430443487345158,0.19839399449904038,0.7871755620136145
25764,GOF,0.0768320900914777,0.6087423604543355,0.3144255494541869
25765,GOF,0.03444868208423549,0.7393190618827149,0.2262322560330497
25766,GOF,0.06744404528704318,0.7593142341196885,0.17324172059326845
25767,GOF,0.16357182896408792,0.5510848356302764,0.28534333540563567
25768,LOF,0.10696965309415196,0.06863740682113616,0.824392940084712
25769,LOF,0.05810470815063106,0.06351163826331668,0.8783836535860523
25770,LOF,0.3230145008096432,0.10065450260920628,0.5763309965811505
25771,LOF,0.04592288642457098,0.05104122276197327,0.9030358908134558
25772,LOF,0.01928956062047225,0.039909646030322245,0.9408007933492055
25773,LOF,0.04762442526118256,0.09040899328267964,0.8619665814561378
25774,LOF,0.028353626780265605,0.07951575013212793,0.8921306230876064
25775,LOF,0.04496894242087503,0.04602964325027431,0.9090014143288506
25776,LOF,0.07946879805227633,0.02319018556214097,0.8973410163855827
25777,LOF,0.36265567641375,0.0631038520197992,0.5742404715664507
25778,LOF,0.07228891231661538,0.04587759766648717,0.8818334900168974
25779,GOF,0.35743127418379766,0.5969030871534245,0.045665638662777765
25780,GOF,0.34205666796917844,0.5815701821059036,0.07637314992491806
25781,GOF,0.13444754001440176,0.7566959663582521,0.10885649362734615
25782,GOF,0.19984166160774325,0.7102125646106547,0.08994577378160203
25783,GOF,0.02067025529789839,0.624351662305541,0.3549780823965607
25784,Neutral,0.4862689583967455,0.4741625620002745,0.039568479602980086
25785,GOF,0.4682617411381422,0.4879710288008313,0.04376723006102635
25786,GOF,0.026644935538987544,0.7470369547204094,0.22631810974060296
25787,Neutral,0.6521728507646838,0.3230488153307863,0.024778333904529885
25788,LOF,0.05799430778101388,0.10313933026586154,0.8388663619531246
25789,GOF,0.21203374580290216,0.6476407490314146,0.14032550516568337
25790,GOF,0.2023942421184723,0.6968165949211954,0.10078916296033237
25791,GOF,0.16463899031845808,0.6723423353573041,0.1630186743242377
25792,GOF,0.3594024783612761,0.5179877409478807,0.12260978069084336
25793,GOF,0.24348193002130536,0.5274781817033196,0.22903988827537514
25794,GOF,0.3025303903296089,0.5254734034609008,0.17199620620949038
25795,GOF,0.07939402728280873,0.6639809616539821,0.2566250110632092
25796,Neutral,0.5413943266584814,0.371170826261561,0.08743484707995765
25797,GOF,0.07845111691687719,0.5374764495433855,0.3840724335397374
25798,GOF,0.009161099978349038,0.5088923792912943,0.4819465207303567
25799,LOF,0.0076910924426040125,0.40689597932215654,0.5854129282352394
25800,GOF,0.03248240900565836,0.5948692338367877,0.37264835715755384
25801,GOF,0.21201995656566505,0.6576285676150204,0.13035147581931458
25802,GOF,0.06432885262681153,0.6770000666367056,0.2586710807364829
25803,GOF,0.03677279989717567,0.5533323330456835,0.40989486705714095
25804,LOF,0.03163285563371051,0.4787353757394058,0.4896317686268837
25805,GOF,0.09119436717766441,0.5737473409812939,0.33505829184104174
25806,GOF,0.10133085975308831,0.5737036604338019,0.32496547981310975
25807,GOF,0.017658579922144906,0.6007421598725141,0.3815992602053409
25808,GOF,0.08518969505910454,0.600491570111321,0.31431873482957434
25809,GOF,0.0195212038969581,0.6025907520261632,0.37788804407687876
25810,GOF,0.018616286710663517,0.6189435603646635,0.3624401529246731
25811,GOF,0.4512077991697406,0.4727617552220005,0.07603044560825886
25812,GOF,0.03416448725339621,0.6225247401027363,0.3433107726438675
25813,Neutral,0.49130992884391206,0.3987817379796086,0.10990833317647943
25814,GOF,0.11455467166846432,0.6489626048656225,0.23648272346591315
25815,GOF,0.17762811150311086,0.6117079171672668,0.21066397132962247
25816,GOF,0.020247697721529106,0.6806816955921751,0.2990706066862958
25817,GOF,0.20428684328646107,0.6593173542473119,0.13639580246622696
25818,GOF,0.05082233589381843,0.6254017378923751,0.3237759262138065
25819,GOF,0.3453199053340914,0.5035491514842323,0.15113094318167627
25820,GOF,0.16231305520835967,0.6107592467471279,0.2269276980445124
25821,GOF,0.054520969829336234,0.6629308089664431,0.2825482212042207
25822,GOF,0.18815415943977457,0.5668651852199992,0.24498065534022628
25823,GOF,0.026781585728391653,0.5087174500245326,0.4645009642470757
25824,GOF,0.07262272159783591,0.5657689982129164,0.3616082801892477
25825,GOF,0.028670005630334068,0.5537565055379663,0.41757348883169965
25826,GOF,0.010679163813688042,0.5238432339352034,0.4654776022511085
25827,GOF,0.02172509801968864,0.5904843960582898,0.38779050592202147
25828,GOF,0.01158128647679045,0.498028093625801,0.49039061989740856
25829,GOF,0.006656747190324642,0.5691754985449031,0.42416775426477227
25830,LOF,0.03224434565626039,0.3054054866634868,0.6623501676802528
25831,GOF,0.19343815348396015,0.6750562052095314,0.1315056413065085
25832,GOF,0.030651864482020976,0.6575189253891472,0.31182921012883186
25833,GOF,0.11914611967892945,0.6870477439413455,0.19380613637972502
25834,GOF,0.0390457894895588,0.6690037688321134,0.2919504416783277
25835,GOF,0.08134557388854376,0.7270919762735364,0.19156244983791998
25836,GOF,0.04004284091843232,0.6591484690901757,0.30080868999139215
25837,GOF,0.026612158459970687,0.5437250982647099,0.42966274327531934
25838,GOF,0.0897165991206373,0.7313213408255099,0.17896206005385287
25839,GOF,0.2973757168323865,0.5564275265035724,0.14619675666404106
25840,GOF,0.21759487870948754,0.6202479915196402,0.16215712977087227
25841,GOF,0.24391611492419213,0.610786727237157,0.1452971578386509
25842,GOF,0.18347233759290954,0.6696565208515313,0.14687114155555916
25843,GOF,0.23521392193801524,0.6614673266325415,0.10331875142944316
25844,GOF,0.06687812466807166,0.6824559475784562,0.25066592775347213
25845,LOF,0.01519124304094718,0.470066444109742,0.5147423128493108
25846,GOF,0.12337031019108254,0.6987755937721004,0.1778540960368171
25847,GOF,0.117837681468534,0.7547730305876802,0.1273892879437859
25848,GOF,0.037187903072852566,0.6790807481752643,0.28373134875188316
25849,GOF,0.010885639236567064,0.5573258655654545,0.43178849519797846
25850,GOF,0.02075918040499547,0.6288818963029127,0.35035892329209184
25851,GOF,0.0161012951590146,0.5199950307778685,0.4639036740631169
25852,GOF,0.1618323836280994,0.5561332144536026,0.2820344019182979
25853,GOF,0.3389545307145208,0.5882952047488128,0.07275026453666644
25854,GOF,0.02064212309228249,0.6129211293515583,0.3664367475561592
25855,GOF,0.03534666479918798,0.5756925419010402,0.38896079329977173
25856,GOF,0.22167946008081837,0.5474801291142806,0.23084041080490109
25857,GOF,0.03224383180455125,0.4956461117938231,0.47211005640162573
25858,GOF,0.017583569735598104,0.5433215385320761,0.43909489173232585
25859,GOF,0.009971645141874465,0.5317918738874634,0.45823648097066205
25860,GOF,0.34649043472436614,0.5643270345355914,0.08918253074004245
25861,GOF,0.40731320443844965,0.510261940556025,0.0824248550055253
25862,GOF,0.089473990814785,0.7608008904698883,0.1497251187153267
25863,GOF,0.0870524034338931,0.7722362389897902,0.14071135757631678
25864,GOF,0.17498065895377926,0.7339630003951102,0.09105634065111048
25865,GOF,0.08906849029746841,0.7815688299032227,0.1293626797993089
25866,GOF,0.06347739708713782,0.7937862800910069,0.14273632282185517
25867,GOF,0.08301831053547053,0.8073249550334027,0.10965673443112661
25868,GOF,0.2503490990549111,0.6471856773708335,0.10246522357425537
25869,Neutral,0.6867265007653847,0.2723323683741321,0.040941130860483184
25870,GOF,0.28890290278892117,0.37895316207643787,0.332143935134641
25871,GOF,0.21572094163991584,0.6239725036098115,0.16030655475027256
25872,GOF,0.07832125471919789,0.6526331383545015,0.2690456069263006
25873,GOF,0.1400586882241315,0.6568882076888795,0.20305310408698898
25874,LOF,0.017627675852387965,0.10780449281470576,0.8745678313329063
25875,LOF,0.10569368204015311,0.03491862318642018,0.8593876947734268
25876,LOF,0.03718150517546255,0.04181860357901698,0.9209998912455205
25877,Neutral,0.5278404380122369,0.04152899025221296,0.43063057173555014
25878,LOF,0.24714478090091072,0.06643151032485332,0.686423708774236
25879,LOF,0.09375867151971799,0.0814190714605913,0.8248222570196908
25880,LOF,0.023223418885868534,0.01897007331370638,0.9578065078004251
25881,LOF,0.19322806004019813,0.10032939573072404,0.7064425442290778
25882,LOF,0.06708704569328365,0.01676253992489096,0.9161504143818253
25883,LOF,0.08913003748731803,0.017793329828825352,0.8930766326838566
25884,LOF,0.03834280398017459,0.027452508555359467,0.9342046874644659
25885,LOF,0.07379763018048072,0.01151025117304332,0.9146921186464759
25886,LOF,0.27485579872173327,0.03327096695186048,0.6918732343264062
25887,LOF,0.1619157237107369,0.061905671809853485,0.7761786044794097
25888,LOF,0.06678045831890458,0.05578341510852583,0.8774361265725696
25889,LOF,0.050949516286909,0.018779709849663113,0.9302707738634279
25890,LOF,0.059081964287386234,0.11723224697702742,0.8236857887355863
25891,LOF,0.042600389426466496,0.04556028101371294,0.9118393295598205
25892,LOF,0.08448911241280872,0.021051995897462476,0.8944588916897288
25893,LOF,0.23270570091035606,0.017799586112424198,0.7494947129772197
25894,LOF,0.16632618197310545,0.010711832996279159,0.8229619850306154
25895,LOF,0.20380047149069397,0.01814659375818588,0.7780529347511203
25896,LOF,0.04874693600497382,0.027613872549253946,0.9236391914457722
25897,LOF,0.23410130763271916,0.012318000414501125,0.7535806919527797
25898,Neutral,0.6911121308599101,0.009296065117094568,0.2995918040229953
25899,LOF,0.2000102857904682,0.026011604788776118,0.7739781094207557
25900,LOF,0.42721505832586404,0.017562136684576134,0.5552228049895599
25901,LOF,0.04675788401576664,0.01364003939333779,0.9396020765908956
25902,LOF,0.1573224484272628,0.013686744015816212,0.8289908075569209
25903,Neutral,0.5109310013932062,0.0263506297647919,0.4627183688420019
25904,LOF,0.27130505087015483,0.05478173827049197,0.6739132108593532
25905,LOF,0.0248432544702239,0.3042905883525214,0.6708661571772547
25906,LOF,0.027433370190729976,0.06916166616929899,0.903404963639971
25907,LOF,0.013455215632094066,0.3106932598666734,0.6758515245012325
25908,LOF,0.010797300968695965,0.23610630092558096,0.753096398105723
25909,LOF,0.013599091680935805,0.13707282207663196,0.8493280862424323
25910,LOF,0.05143288793475852,0.1342983641530058,0.8142687479122356
25911,LOF,0.1500837062869897,0.0256589603690587,0.8242573333439516
25912,LOF,0.03854732780500613,0.04347835061208044,0.9179743215829135
25913,LOF,0.29799319016005643,0.022015742272928983,0.6799910675670147
25914,LOF,0.019879804765364842,0.09028108102245598,0.8898391142121791
25915,Neutral,0.5094144018440638,0.25311853372177034,0.23746706443416588
25916,LOF,0.06871613967180776,0.31438478035677997,0.6168990799714122
25917,LOF,0.07039020440324648,0.06047830545608737,0.869131490140666
25918,LOF,0.025895902314226095,0.05359410714818965,0.9205099905375842
25919,LOF,0.02222523350561983,0.05927767535222803,0.9184970911421521
25920,GOF,0.09108478687413332,0.5071494029152915,0.40176581021057506
25921,LOF,0.02995144503098058,0.028418052628606628,0.9416305023404128
25922,LOF,0.040882557974817504,0.020063980596880387,0.9390534614283021
25923,LOF,0.41719883048694517,0.023734758074013824,0.5590664114390409
25924,LOF,0.0386096915328964,0.0385791601587859,0.9228111483083178
25925,LOF,0.071118987577641,0.031164139524602456,0.8977168728977566
25926,LOF,0.05445124846445737,0.02575752207853372,0.919791229457009
25927,LOF,0.07857133570939749,0.08196771229646287,0.8394609519941397
25928,LOF,0.023496679565770052,0.03589824792682303,0.9406050725074069
25929,Neutral,0.5285768107032883,0.026360865503123214,0.4450623237935885
25930,LOF,0.056929485097183756,0.022138673057135322,0.9209318418456809
25931,LOF,0.03211869732801785,0.022696303928722544,0.9451849987432597
25932,LOF,0.027888025127115853,0.02001848842318305,0.9520934864497012
25933,LOF,0.03905608492480498,0.014174557675674092,0.946769357399521
25934,LOF,0.025391984543985554,0.016913768251452507,0.957694247204562
25935,LOF,0.06272969221189258,0.036047263291715224,0.9012230444963921
25936,LOF,0.045324905169114194,0.018358641083689186,0.9363164537471967
25937,LOF,0.030255518729825657,0.02845107470004525,0.941293406570129
25938,LOF,0.06694863605822286,0.03787889830589467,0.8951724656358825
25939,LOF,0.03955603038315693,0.013609554120807719,0.9468344154960353
25940,LOF,0.036831243073784006,0.3910918175969345,0.5720769393292815
25941,LOF,0.17373752073455168,0.08905397379542625,0.737208505470022
25942,LOF,0.01737828421472841,0.033907698272540594,0.9487140175127309
25943,LOF,0.30933339279306726,0.050887802521525555,0.6397788046854072
25944,LOF,0.4828713717730108,0.02585656394725723,0.491272064279732
25945,LOF,0.06452429307844681,0.023878569001632658,0.9115971379199205
25946,LOF,0.029880871464275642,0.10507028879300516,0.8650488397427192
25947,LOF,0.10752582366792873,0.21504994311844974,0.6774242332136214
25948,LOF,0.41692739256470357,0.013748702068650724,0.5693239053666457
25949,LOF,0.09606397263581024,0.047221222681914025,0.8567148046822758
25950,GOF,0.26218519998744705,0.4349494080009731,0.30286539201157997
25951,LOF,0.23366944443178303,0.2206079839364474,0.5457225716317696
25952,LOF,0.04941034026828783,0.4215288098278788,0.5290608499038333
25953,LOF,0.13367434317661264,0.10175849306018743,0.7645671637632
25954,Neutral,0.43528328980508096,0.17853076949935182,0.38618594069556716
25955,LOF,0.05526226955013752,0.07595211377990657,0.8687856166699558
25956,LOF,0.16145481142638105,0.12311216233247367,0.7154330262411454
25957,LOF,0.03832342193922668,0.03700114468698387,0.9246754333737895
25958,LOF,0.06321291369587398,0.03200705206675286,0.9047800342373732
25959,LOF,0.06604469322004766,0.38532007817482755,0.5486352286051248
25960,LOF,0.01860736553085985,0.05783054154965589,0.9235620929194842
25961,LOF,0.0521540935930269,0.03503385439454282,0.9128120520124302
25962,LOF,0.0695755943148212,0.029410976175410775,0.901013429509768
25963,LOF,0.0495158314131202,0.1732728619492462,0.7772113066376336
25964,LOF,0.038956574075666224,0.1452503612961769,0.8157930646281568
25965,LOF,0.44470482914915244,0.08576920349830157,0.469525967352546
25966,Neutral,0.472294483976505,0.09808933029051792,0.42961618573297716
25967,LOF,0.012106736430423821,0.06732821961435495,0.9205650439552211
25968,LOF,0.029878154632204057,0.46395059017258783,0.5061712551952081
25969,LOF,0.026497704627394897,0.05189891884150923,0.9216033765310958
25970,LOF,0.060411817138365846,0.059264410681066235,0.8803237721805679
25971,LOF,0.0753760412280577,0.01569027232546462,0.9089336864464777
25972,LOF,0.07865750881903259,0.019852591901128657,0.9014898992798388
25973,LOF,0.08112161300606321,0.010373781210761041,0.9085046057831758
25974,LOF,0.20519353541064714,0.015741448133945648,0.7790650164554072
25975,LOF,0.051689312851244076,0.034389858194603655,0.9139208289541523
25976,LOF,0.04762506376857584,0.016595750108059068,0.935779186123365
25977,LOF,0.15495992809138912,0.08949353820322266,0.7555465337053883
25978,LOF,0.14970989811910398,0.07476562952465406,0.775524472356242
25979,LOF,0.13397231305414511,0.07639120782677469,0.7896364791190802
25980,LOF,0.20821026828954345,0.09868683616373415,0.6931028955467224
25981,LOF,0.24489506050662233,0.09577952363851122,0.6593254158548665
25982,LOF,0.42170959037532696,0.05536221384289456,0.5229281957817785
25983,LOF,0.3984710288857749,0.06007028036901364,0.5414586907452116
25984,LOF,0.052532249424783864,0.048624834371619505,0.8988429162035966
25985,LOF,0.031097939437907084,0.22041982274550093,0.7484822378165921
25986,LOF,0.0445174141779823,0.2664948846773896,0.6889877011446282
25987,LOF,0.09157492561567629,0.06183138977384388,0.8465936846104799
25988,LOF,0.14347356741320183,0.047309942237639256,0.8092164903491588
25989,LOF,0.030928048505107074,0.09348573759945898,0.875586213895434
25990,LOF,0.03716741604730562,0.12493569763492961,0.8378968863177647
25991,LOF,0.15287675179141846,0.27727286090175035,0.5698503873068312
25992,LOF,0.3524255281902266,0.14218277450846822,0.5053916973013052
25993,LOF,0.02201105165956422,0.1007801562350598,0.8772087921053761
25994,LOF,0.01607419406096786,0.13102018536303778,0.8529056205759945
25995,LOF,0.024843935665725552,0.23573350601572876,0.7394225583185456
25996,GOF,0.292520782852675,0.4437168110156995,0.2637624061316254
25997,LOF,0.08266573079836785,0.4546812502004044,0.46265301900122774
25998,Neutral,0.5228889870213098,0.01771878689217322,0.4593922260865169
25999,LOF,0.10683690907685209,0.12659669624447328,0.7665663946786746
26000,LOF,0.187734641659413,0.03707921453245768,0.7751861438081293
26001,LOF,0.19103835988515694,0.030253444083520296,0.7787081960313228
26002,LOF,0.17768821161953136,0.04025709387192567,0.782054694508543
26003,GOF,0.011397844464661697,0.5643161113409296,0.4242860441944087
26004,GOF,0.022174700998078497,0.6159869632580349,0.3618383357438865
26005,LOF,0.008667024730397885,0.40838359326682877,0.5829493820027734
26006,Neutral,0.5346413613901376,0.20794857801676092,0.2574100605931014
26007,GOF,0.02333195247951698,0.505250135590577,0.4714179119299061
26008,GOF,0.020243724373714467,0.5599626678865182,0.4197936077397675
26009,GOF,0.022521080238266062,0.5975230649252989,0.3799558548364349
26010,GOF,0.029483820750094602,0.6022890922551516,0.3682270869947538
26011,LOF,0.007474067009413503,0.42827302947381896,0.5642529035167676
26012,GOF,0.015006362684509033,0.5373213693713706,0.4476722679441204
26013,GOF,0.022465157744513513,0.5953522765065608,0.3821825657489256
26014,LOF,0.044803871981219934,0.11680429462904324,0.8383918333897368
26015,LOF,0.20419968948332726,0.00944387881612978,0.7863564317005429
26016,LOF,0.21167868534800882,0.04537274389701296,0.7429485707549782
26017,LOF,0.22404799915038867,0.07630184230744515,0.6996501585421661
26018,LOF,0.09210837909626833,0.028932478976973066,0.8789591419267586
26019,LOF,0.08888342868493602,0.02208369109664293,0.889032880218421
26020,LOF,0.0658932230451752,0.09742751921246327,0.8366792577423615
26021,LOF,0.04293622447341191,0.10597833512653436,0.8510854404000537
26022,LOF,0.010635709457803628,0.03722699556862642,0.9521372949735699
26023,LOF,0.10536232656308232,0.019380424740067154,0.8752572486968505
26024,LOF,0.025355910784718105,0.11098869666500476,0.8636553925502771
26025,LOF,0.14918997252039107,0.0918328480448227,0.7589771794347863
26026,LOF,0.33521898285430146,0.02433599801113645,0.6404450191345621
26027,LOF,0.08170349598642403,0.01425845689271922,0.9040380471208567
26028,LOF,0.14317091541951343,0.06843484268448703,0.7883942418959995
26029,LOF,0.07730059372637686,0.2289751245760751,0.6937242816975481
26030,LOF,0.02660261406850059,0.07847554002946631,0.894921845902033
26031,LOF,0.032332337803787116,0.16815347450808057,0.7995141876881323
26032,LOF,0.07157832838456024,0.09268284478753967,0.8357388268279
26033,LOF,0.12378874189638954,0.11935471032924633,0.7568565477743641
26034,LOF,0.05062073377671382,0.1798282545174386,0.7695510117058475
26035,LOF,0.03086096122914637,0.1677997634653554,0.8013392753054982
26036,LOF,0.04427388245349618,0.1953753678616421,0.7603507496848618
26037,LOF,0.024881691061103155,0.1342014403457939,0.8409168685931029
26038,LOF,0.06575055422590992,0.09892187550067126,0.835327570273419
26039,LOF,0.059435629553703836,0.17283626139592895,0.7677281090503673
26040,LOF,0.2050718028221848,0.1831285136827513,0.611799683495064
26041,LOF,0.024773810054751436,0.12617486938583605,0.8490513205594125
26042,LOF,0.02462867348611436,0.12006096505931191,0.8553103614545738
26043,LOF,0.06621857334432157,0.11713832635772692,0.8166431002979514
26044,LOF,0.02307625683344866,0.09308800971684164,0.8838357334497097
26045,LOF,0.07611353578006955,0.11396820118150536,0.8099182630384252
26046,LOF,0.067263278167632,0.11443554583774264,0.8183011759946254
26047,LOF,0.09356474425204113,0.12261146035675276,0.7838237953912062
26048,LOF,0.05641495377220597,0.05738973591786455,0.8861953103099296
26049,Neutral,0.9619926882381825,0.009221009742451507,0.02878630201936599
26050,Neutral,0.9495897591675291,0.011790938258550546,0.03861930257392032
26051,LOF,0.043348154156127645,0.31705034275339533,0.639601503090477
26052,LOF,0.06813783615793541,0.347007975604063,0.5848541882380016
26053,LOF,0.058918298411949795,0.14868203038690186,0.7923996712011483
26054,LOF,0.057148707232576965,0.01669995789206262,0.9261513348753604
26055,LOF,0.073961966471446,0.013759452914240303,0.9122785806143137
26056,LOF,0.062656751637748,0.015190544197076276,0.9221527041651756
26057,LOF,0.03207533204290671,0.010845913616568566,0.9570787543405247
26058,LOF,0.03265620864323288,0.008758495866124807,0.9585852954906424
26059,LOF,0.29412024596694697,0.022214883716697865,0.6836648703163551
26060,LOF,0.03140285344812492,0.17501844455665083,0.7935787019952242
26061,LOF,0.01919826983416382,0.010899755385475676,0.9699019747803606
26062,LOF,0.01189666425008119,0.01617174772154134,0.9719315880283774
26063,LOF,0.023923408580835828,0.011365954258066451,0.9647106371610976
26064,LOF,0.026431533776127617,0.016687927659280875,0.9568805385645915
26065,LOF,0.026511267294888653,0.009805305436812902,0.9636834272682984
26066,LOF,0.022154180367517685,0.010554215270132552,0.9672916043623497
26067,LOF,0.0308307970183365,0.00812690263479035,0.9610423003468731
26068,LOF,0.05135378653325504,0.02930709447510333,0.9193391189916417
26069,LOF,0.2773130647353063,0.017376147059899778,0.7053107882047939
26070,LOF,0.399602537122197,0.01487661552897128,0.5855208473488318
26071,LOF,0.024660214084737175,0.011325753384387145,0.9640140325308757
26072,LOF,0.024773187404102802,0.017097720975307814,0.9581290916205895
26073,LOF,0.025992631662912814,0.009831610744980136,0.964175757592107
26074,Neutral,0.9054652270092459,0.005248157715851892,0.08928661527490235
26075,LOF,0.046339375578505516,0.013584909701285336,0.9400757147202092
26076,LOF,0.04763493283942767,0.008032355919383683,0.9443327112411887
26077,LOF,0.00996894777456153,0.017419097658328365,0.9726119545671101
26078,LOF,0.013706376205406028,0.010595376973840822,0.9756982468207532
26079,LOF,0.06242365565474299,0.016620804659979456,0.9209555396852775
26080,LOF,0.06143902994352548,0.016676409694433993,0.9218845603620405
26081,LOF,0.03919602897152678,0.005866018601789713,0.9549379524266834
26082,LOF,0.017977585974813554,0.014911980618444285,0.9671104334067421
26083,LOF,0.14113636559018153,0.011829852778707668,0.8470337816311108
26084,LOF,0.028224209141713086,0.011168258923995755,0.9606075319342912
26085,LOF,0.024328574697782726,0.01071089867890425,0.9649605266233131
26086,LOF,0.02454618585372669,0.010460062538484,0.9649937516077893
26087,LOF,0.030106135365037336,0.007629482481656558,0.962264382153306
26088,LOF,0.016885753924517556,0.02590525367827354,0.9572089923972088
26089,LOF,0.04641974346536036,0.02207088436065599,0.9315093721739837
26090,LOF,0.04494392941740839,0.01742607952170843,0.9376299910608832
26091,LOF,0.041289110296637316,0.005698656060107173,0.9530122336432556
26092,LOF,0.028397857258878525,0.00756167538795036,0.9640404673531712
26093,LOF,0.041479894551564436,0.00549754013028099,0.9530225653181545
26094,LOF,0.045529978361767094,0.0062144802011106495,0.9482555414371222
26095,LOF,0.04328347769420778,0.012888262560045282,0.9438282597457468
26096,LOF,0.020776216260077588,0.010754365052471637,0.9684694186874507
26097,LOF,0.012889110373801539,0.03371840405866344,0.9533924855675351
26098,LOF,0.07393292936425482,0.010432025766859757,0.9156350448688854
26099,LOF,0.02568485131054937,0.01230235070606607,0.9620127979833845
26100,LOF,0.027917022961868366,0.011685829393117702,0.9603971476450139
26101,LOF,0.058389752611782454,0.011503254020256874,0.9301069933679605
26102,LOF,0.026762721298068986,0.01297451632431545,0.9602627623776157
26103,Neutral,0.8858936889541228,0.01697124850744474,0.09713506253843239
26104,LOF,0.07786596721710269,0.02338774241363029,0.8987462903692669
26105,LOF,0.2093525671320472,0.28341429830525144,0.5072331345627014
26106,LOF,0.23205351959105394,0.12174211898307284,0.6462043614258732
26107,LOF,0.2638332888651588,0.08371418360548546,0.6524525275293557
26108,LOF,0.26324862681031197,0.12490059978936686,0.611850773400321
26109,LOF,0.1084454505161125,0.07674549463551347,0.814809054848374
26110,LOF,0.23733873492045338,0.007562018463512069,0.7550992466160344
26111,LOF,0.48869234087486074,0.017827002840413796,0.4934806562847254
26112,LOF,0.03177795332173596,0.007514403932572418,0.9607076427456915
26113,LOF,0.050732404924813915,0.015172902198041646,0.9340946928771444
26114,LOF,0.030306895187853452,0.018750191198643767,0.9509429136135028
26115,LOF,0.1004269636448925,0.04058594374917206,0.8589870926059354
26116,LOF,0.07030486613921048,0.04082069237928695,0.8888744414815025
26117,LOF,0.45089824993074534,0.0466287266468427,0.502473023422412
26118,LOF,0.037383198044468886,0.02503779802432764,0.9375790039312034
26119,LOF,0.0216993521186686,0.03814151395251938,0.940159133928812
26120,LOF,0.030962624647351868,0.02336651076751416,0.945670864585134
26121,LOF,0.05375510439737587,0.08294281680028792,0.8633020788023362
26122,LOF,0.04119159576154431,0.04280680618531104,0.9160015980531447
