feature0,prediction,LoGoFunc_Neutral,LoGoFunc_GOF,LoGoFunc_LOF
25546,Neutral,0.6394865344582985,0.05388261285677387,0.3066308526849275
25547,Neutral,0.5263100272945069,0.08348044519809653,0.39020952750739657
25548,Neutral,0.5109747305134023,0.07508792456348232,0.41393734492311546
25549,LOF,0.45664699425480887,0.07357056446203865,0.4697824412831525
25550,LOF,0.41042676511437287,0.0893707659476775,0.5002024689379496
25551,LOF,0.34141833764349544,0.10190117222647561,0.556680490130029
25552,LOF,0.31030398822091604,0.10855547676121709,0.5811405350178669
25553,Neutral,0.7952516186351182,0.04916692043944605,0.15558146092543593
25554,LOF,0.34740712876512453,0.09853226888666713,0.5540606023482083
25555,LOF,0.2986049537999806,0.09209200354678732,0.6093030426532321
25556,Neutral,0.5014911500057606,0.0887218570063862,0.40978699298785315
25557,LOF,0.2931437037240861,0.0949484109870627,0.6119078852888512
25558,LOF,0.350661513379724,0.0927964220222231,0.5565420645980529
25559,LOF,0.23136405561309745,0.05323343912835053,0.715402505258552
25560,LOF,0.09980976913369494,0.15432978535732364,0.7458604455089815
25561,LOF,0.10743469031701976,0.209986856931683,0.6825784527512972
25562,LOF,0.04102363155995114,0.12625944606824727,0.8327169223718016
25563,LOF,0.01005041443630793,0.17103094541898392,0.818918640144708
25564,LOF,0.08528516156393529,0.12407088818352627,0.7906439502525384
25565,LOF,0.19340225459932045,0.1691806074192179,0.6374171379814617
25566,GOF,0.05837434263167492,0.6554517744981206,0.28617388287020445
25567,LOF,0.044684544855160845,0.1662738691730726,0.7890415859717665
25568,LOF,0.06254093976143486,0.09608622479605843,0.8413728354425067
25569,LOF,0.06312324807071709,0.08568525299597876,0.8511914989333041
25570,LOF,0.026397640389826036,0.12617606455230035,0.8474262950578736
25571,LOF,0.025532405006943513,0.12921292266361054,0.845254672329446
25572,LOF,0.054476738148645405,0.18111680961326887,0.7644064522380858
25573,LOF,0.062876084833745,0.1177898640561983,0.8193340511100567
25574,LOF,0.06603359695317318,0.219522730930182,0.7144436721166448
25575,LOF,0.023485674568790863,0.14586753459970853,0.8306467908315006
25576,LOF,0.02480094316219126,0.2151115639598693,0.7600874928779394
25577,LOF,0.029370243597493236,0.17149087576362226,0.7991388806388845
25578,LOF,0.3079977865756844,0.09353233522451568,0.5984698781997999
25579,LOF,0.21616959230061727,0.09573812722962194,0.6880922804697608
25580,LOF,0.023408316417042715,0.0905690590366593,0.886022624546298
25581,LOF,0.0521407363803225,0.09240960322305869,0.8554496603966187
25582,LOF,0.05152793378108202,0.08992650197481637,0.8585455642441017
25583,LOF,0.02951907347742665,0.10851685015229867,0.8619640763702746
25584,Neutral,0.7211745228153871,0.11037227081992505,0.16845320636468786
25585,LOF,0.02168637999324686,0.1882289001296837,0.7900847198770694
25586,LOF,0.020742638899046133,0.10242063608455776,0.8768367250163962
25587,LOF,0.02041880835632291,0.08904764767675392,0.8905335439669232
25588,LOF,0.02414593925046977,0.08877096329109196,0.8870830974584383
25589,Neutral,0.5100924213793637,0.24712601182338348,0.24278156679725282
25590,LOF,0.05232085341732185,0.1354325204819225,0.8122466261007557
25591,LOF,0.07813786620901243,0.08528124783878047,0.8365808859522071
25592,LOF,0.06769450365230087,0.16610445005417535,0.7662010462935238
25593,LOF,0.09866124320973865,0.3005067524921821,0.6008320042980791
25594,LOF,0.05185609805181725,0.04525179236035059,0.9028921095878323
25595,LOF,0.054164942006060084,0.026034635635193242,0.9198004223587466
25596,LOF,0.1318257468406367,0.01768282566630189,0.8504914274930613
25597,LOF,0.09036914881017774,0.023186294688071943,0.8864445565017504
25598,LOF,0.04768508129064848,0.028734057982477086,0.9235808607268744
25599,LOF,0.027745567026849084,0.33529677663308083,0.6369576563400702
25600,LOF,0.2045187201138603,0.33131062499100095,0.46417065489513887
25601,LOF,0.04669348520251105,0.26053316580524616,0.6927733489922427
25602,LOF,0.03075875895109951,0.07522583343572017,0.8940154076131803
25603,LOF,0.05299708530243505,0.0677006551520457,0.8793022595455192
25604,LOF,0.04936737351295844,0.13534339243307741,0.8152892340539641
25605,LOF,0.0377459398539254,0.21309002664592808,0.7491640335001466
25606,Neutral,0.44263830566439155,0.21678167448592628,0.3405800198496822
25607,LOF,0.03022367320025009,0.24567785059227024,0.7240984762074796
25608,LOF,0.037065751972153616,0.13943679828680344,0.8234974497410429
25609,GOF,0.15356205200974876,0.5199460645029614,0.3264918834872898
25610,LOF,0.017579587567905786,0.061610871361806305,0.9208095410702879
25611,LOF,0.013140101232090565,0.05967732575518307,0.9271825730127263
25612,LOF,0.04779082941654467,0.07045354505125655,0.8817556255321989
25613,LOF,0.044265029857917824,0.07091356831783,0.8848214018242523
25614,LOF,0.023743946476524683,0.05174982118834064,0.9245062323351347
25615,LOF,0.046266906955321624,0.05180038460376051,0.901932708440918
25616,LOF,0.06437272629695583,0.061965231705810954,0.8736620419972332
25617,LOF,0.04702530541188389,0.06418132878198746,0.8887933658061286
25618,LOF,0.04559813303173708,0.09243591432887471,0.8619659526393881
25619,LOF,0.014549676041712827,0.07702154830305535,0.9084287756552318
25620,LOF,0.05173754227230366,0.06649744520133381,0.8817650125263626
25621,LOF,0.06261291129717197,0.04467803938425459,0.8927090493185733
25622,LOF,0.07942038810768731,0.05472703851416959,0.8658525733781431
25623,LOF,0.06665252215031951,0.04486703659027715,0.8884804412594034
25624,LOF,0.021459565965274912,0.06165515245210109,0.9168852815826241
25625,LOF,0.0648864210592869,0.0542787306413626,0.8808348482993504
25626,LOF,0.051474269193053035,0.058909778905170934,0.8896159519017761
25627,Neutral,0.880627429916474,0.025390017687327307,0.09398255239619882
25628,LOF,0.17025834473100657,0.06954745496716802,0.7601942003018254
25629,LOF,0.07433810787049826,0.078160829189844,0.8475010629396577
25630,LOF,0.28168490659151496,0.07947367390150215,0.6388414195069829
25631,Neutral,0.552899097931796,0.06511408118497572,0.38198682088322816
25632,LOF,0.030872297379224808,0.08618034309767529,0.8829473595230999
25633,LOF,0.21464367181001057,0.0728022602818964,0.712554067908093
25634,LOF,0.04357141136700363,0.12605707175449307,0.8303715168785032
25635,LOF,0.03862410421170842,0.058326394944489726,0.9030495008438019
25636,GOF,0.03330777657177492,0.5396443629402461,0.42704786048797905
25637,GOF,0.05307228753721178,0.5021342143074476,0.4447934981553405
25638,LOF,0.027515650544484956,0.4795002665116093,0.4929840829439057
25639,LOF,0.03237530602556923,0.4481761483256404,0.5194485456487904
25640,Neutral,0.856512749136427,0.08408866456625551,0.05939858629731742
25641,LOF,0.10905209558695068,0.42177153285564134,0.4691763715574081
25642,LOF,0.08449399863353474,0.16598118663541123,0.749524814731054
25643,LOF,0.3427054257451152,0.1087458524207525,0.5485487218341323
25644,GOF,0.010294137089085078,0.6449122471140621,0.34479361579685275
25645,GOF,0.011660465473482184,0.605825764397214,0.3825137701293037
25646,LOF,0.02664979351797021,0.4418959259725112,0.5314542805095186
25647,LOF,0.011830483763524016,0.34501260351272345,0.6431569127237526
25648,LOF,0.012495331637702172,0.4248304445700783,0.5626742237922195
25649,LOF,0.00866209062601936,0.34095852003077587,0.6503793893432048
25650,GOF,0.025269477966958356,0.5981842625279626,0.3765462595050789
25651,LOF,0.010585122040083885,0.41168063636638547,0.5777342415935306
25652,LOF,0.012904162711515548,0.45322135275320635,0.5338744845352781
25653,GOF,0.039970629037706186,0.6151678553090144,0.34486151565327944
25654,LOF,0.012053967520962182,0.3290767394907788,0.6588692929882589
25655,GOF,0.11233096793287231,0.6267975862581151,0.2608714458090126
25656,LOF,0.3094144080793364,0.13268625183303323,0.5578993400876304
25657,LOF,0.044114882943900854,0.12398626121981485,0.8318988558362843
25658,LOF,0.2822020671569709,0.17606032831886378,0.5417376045241653
25659,Neutral,0.4778019971076953,0.17413490020522976,0.34806310268707485
25660,LOF,0.023170599212553347,0.10520266853439576,0.871626732253051
25661,LOF,0.07000989339180885,0.07353942834158586,0.8564506782666053
25662,LOF,0.029139571066600426,0.03929296499140183,0.9315674639419976
25663,LOF,0.032789481429846105,0.03602827809745265,0.9311822404727014
25664,LOF,0.11054086509513934,0.06186233795736299,0.8275967969474975
25665,LOF,0.06418625802303111,0.02757283219507456,0.9082409097818944
25666,LOF,0.07668493264485496,0.05374627734423711,0.8695687900109079
25667,LOF,0.06746650739308471,0.03876343986441769,0.8937700527424977
25668,LOF,0.03127498134126595,0.05266030160055061,0.9160647170581835
25669,LOF,0.023378008712190822,0.051843077786451926,0.9247789135013573
25670,LOF,0.1212027515683575,0.039312446806478024,0.8394848016251646
25671,LOF,0.09979146746947212,0.038298538893438004,0.8619099936370899
25672,LOF,0.052704741149057426,0.04463488495591413,0.9026603738950284
25673,LOF,0.09526950821489731,0.040897201226773476,0.8638332905583291
25674,LOF,0.09521719646485338,0.052002675309128825,0.8527801282260177
25675,LOF,0.09164773947713573,0.062171602167532335,0.846180658355332
25676,LOF,0.017718262881437734,0.05823619910776822,0.9240455380107941
25677,LOF,0.017529432607937035,0.08690181366507918,0.8955687537269836
25678,LOF,0.16005646058834744,0.10295924609994198,0.7369842933117106
25679,LOF,0.11366936534903328,0.08354771845225803,0.8027829161987087
25680,LOF,0.027877437845204696,0.13289512628332986,0.8392274358714653
25681,LOF,0.04456035514406955,0.11980761236072014,0.8356320324952103
25682,LOF,0.1174583354584392,0.08125210910452364,0.8012895554370372
25683,LOF,0.10356897744734575,0.08788856813009373,0.8085424544225605
25684,LOF,0.02925642492438585,0.06823227556556258,0.9025112995100516
25685,LOF,0.1185534761616821,0.08215693822998875,0.7992895856083291
25686,LOF,0.07840327003145348,0.1095122192991524,0.8120845106693941
25687,LOF,0.12979480351004843,0.11272224123696771,0.7574829552529839
25688,LOF,0.4101802124249485,0.0329054362343399,0.5569143513407115
25689,LOF,0.2763173085189029,0.042197079992207544,0.6814856114888895
25690,LOF,0.3428094797296543,0.028588869769372624,0.628601650500973
25691,Neutral,0.712022397463694,0.028922976268113958,0.25905462626819203
25692,LOF,0.35822717772485446,0.014389923131001663,0.6273828991441439
25693,GOF,0.040762457491537445,0.4949395325288525,0.4642980099796101
25694,LOF,0.12034641412377066,0.01596179792656737,0.863691787949662
25695,LOF,0.10044748105928263,0.011081058777591609,0.8884714601631257
25696,LOF,0.11340143698427861,0.013683284420254791,0.8729152785954666
25697,LOF,0.06434426112830562,0.1327481691148947,0.8029075697567998
25698,LOF,0.2704884483890806,0.27873653298061607,0.4507750186303034
25699,LOF,0.4546444471387164,0.04198474945455798,0.5033708034067256
25700,LOF,0.06841404975472895,0.012818909269045756,0.9187670409762253
25701,LOF,0.17161386470064469,0.03701959699119416,0.7913665383081612
25702,GOF,0.19803208684436693,0.6152747334551928,0.18669317970044036
25703,LOF,0.016959508024047706,0.1464442485080556,0.8365962434678966
25704,LOF,0.033860069086272496,0.13182294476922143,0.834316986144506
25705,LOF,0.04342147542395773,0.07702033210570881,0.8795581924703335
25706,LOF,0.11372162197576996,0.43778424116463943,0.44849413685959055
25707,LOF,0.08126251373656257,0.3568021674493489,0.5619353188140885
25708,LOF,0.039320338474860744,0.3666610753134947,0.5940185862116446
25709,LOF,0.07321114826023484,0.031709291300148296,0.8950795604396168
25710,LOF,0.01442506320717554,0.1273486579529156,0.8582262788399089
25711,LOF,0.0209935910970627,0.07104449312427724,0.90796191577866
25712,LOF,0.01733907605390779,0.14497360313616733,0.8376873208099248
25713,LOF,0.017560648683614705,0.06237504093357419,0.9200643103828112
25714,LOF,0.07644987732460364,0.04854601752712609,0.8750041051482704
25715,LOF,0.011203881968914807,0.0947171802851366,0.8940789377459486
25716,LOF,0.011844130513889092,0.08273329322016974,0.9054225762659411
25717,LOF,0.017573797377773207,0.05865733710724702,0.9237688655149797
25718,LOF,0.0116683768799347,0.043487627079965674,0.9448439960400996
25719,LOF,0.02288012562436121,0.06010124220957366,0.9170186321660652
25720,LOF,0.02643603118969309,0.039559533767147076,0.9340044350431598
25721,LOF,0.011367435907301163,0.05609861410707566,0.9325339499856232
25722,LOF,0.013140222183506684,0.04875385153866849,0.9381059262778247
25723,LOF,0.02500552773056645,0.03381642497231828,0.9411780472971153
25724,LOF,0.031086949774678047,0.06022314728372899,0.9086899029415929
25725,LOF,0.01157070483800581,0.05570930459658615,0.9327199905654081
25726,LOF,0.017158207313045834,0.06400835895120577,0.9188334337357483
25727,LOF,0.013435899169459954,0.04978498594203049,0.9367791148885095
25728,LOF,0.010369934832269058,0.0665566214992823,0.9230734436684487
25729,LOF,0.010559697911440792,0.06501531864174923,0.92442498344681
25730,LOF,0.014130179350158395,0.06712061238686824,0.9187492082629733
25731,LOF,0.020270634690275544,0.07737192622912736,0.9023574390805971
25732,LOF,0.01330688863482238,0.04249401130471823,0.9441991000604593
25733,LOF,0.01591904060140074,0.05013767190687344,0.9339432874917257
25734,LOF,0.012993633864079274,0.1031653102994896,0.8838410558364311
25735,LOF,0.011252535899760286,0.047500540868214466,0.9412469232320252
25736,LOF,0.01247591078321695,0.05166960249917099,0.935854486717612
25737,LOF,0.012253815735261303,0.07897221853990517,0.9087739657248335
25738,LOF,0.011966535353184723,0.08759287049236028,0.900440594154455
25739,LOF,0.02098308242587552,0.06310897907046562,0.9159079385036589
25740,LOF,0.02910159817190893,0.1095914458065366,0.8613069560215545
25741,LOF,0.014577668698625482,0.09068963010063376,0.8947327012007407
25742,LOF,0.1261569821260833,0.06638489570473372,0.8074581221691829
25743,LOF,0.04862593005195346,0.05840767968987591,0.8929663902581707
25744,Neutral,0.6082571391399216,0.22090129301526593,0.17084156784481233
25745,LOF,0.06045575374902744,0.08073115411666909,0.8588130921343035
25746,LOF,0.045342328791738815,0.10691111182103065,0.8477465593872306
25747,LOF,0.019110226349542115,0.10130368919025885,0.879586084460199
25748,LOF,0.14012053991145942,0.1576679781213259,0.7022114819672147
25749,LOF,0.029937859129622484,0.09470555754076038,0.8753565833296171
25750,LOF,0.07286878955652022,0.10679685179357085,0.820334358649909
25751,LOF,0.1207517677990595,0.13486252277725952,0.744385709423681
25752,GOF,0.10951702177999752,0.6222379708563174,0.2682450073636851
25753,LOF,0.029679443305830007,0.3787502610418966,0.5915702956522735
25754,GOF,0.018279924151858643,0.7885457156118315,0.1931743602363098
25755,LOF,0.03200769593821386,0.3823268338879384,0.5856654701738477
25756,LOF,0.06223229459711771,0.4220122758382096,0.5157554295646727
25757,GOF,0.020488602296411536,0.878778158833506,0.10073323887008241
25758,GOF,0.026058306197361724,0.8129211492779072,0.16102054452473108
25759,GOF,0.01155061256550392,0.65582284625433,0.33262654118016616
25760,LOF,0.017941617493470306,0.3948822164979639,0.5871761660085657
25761,GOF,0.2655149008389407,0.6492229368606395,0.08526216230041973
25762,LOF,0.05319489042218929,0.3691562082923674,0.5776489012854433
25763,LOF,0.016382824606034067,0.27937967442917805,0.7042375009647879
25764,GOF,0.07415353142922838,0.6976086144385679,0.22823785413220368
25765,GOF,0.032601351668215164,0.7742022798603136,0.1931963684714712
25766,GOF,0.07495309668990383,0.7888924774696385,0.1361544258404577
25767,LOF,0.14453969022728227,0.41840389079162305,0.4370564189810948
25768,LOF,0.11707376857531984,0.03651535302201458,0.8464108784026656
25769,LOF,0.05494509271300328,0.06868852809876778,0.8763663791882289
25770,LOF,0.3222074900043463,0.11677622508033571,0.5610162849153181
25771,LOF,0.06758008571019206,0.051223012799173274,0.8811969014906347
25772,LOF,0.019136155822624012,0.05554249491682166,0.9253213492605543
25773,LOF,0.0683588095998418,0.08280351856373519,0.848837671836423
25774,LOF,0.03055169331003821,0.12542090217211851,0.8440274045178433
25775,LOF,0.07096420258460588,0.06189078612250684,0.8671450112928872
25776,LOF,0.07539993735851358,0.038245148264584534,0.8863549143769018
25777,LOF,0.3647777038577205,0.10873787190594236,0.5264844242363371
25778,LOF,0.07546249578403744,0.05137319984190892,0.8731643043740536
25779,GOF,0.43241440987501617,0.5262080920586059,0.04137749806637805
25780,GOF,0.36144695039897656,0.5579210233234123,0.08063202627761118
25781,GOF,0.11316906395491134,0.7678196755391852,0.1190112605059035
25782,GOF,0.1879689445609048,0.7377638922770948,0.07426716316200027
25783,GOF,0.025872810941985933,0.684754012909862,0.28937317614815194
25784,Neutral,0.5306223645519,0.42741173200526167,0.04196590344283822
25785,Neutral,0.5341519411483521,0.4159412575813664,0.04990680127028154
25786,GOF,0.03320872026104164,0.7324500535219112,0.23434122621704725
25787,Neutral,0.6948298718359276,0.27706041927678293,0.028109708887289555
25788,LOF,0.059059303971681916,0.0876469568460466,0.8532937391822715
25789,GOF,0.21438854049962833,0.6241248032294668,0.16148665627090486
25790,GOF,0.2769588589286729,0.6200085871694251,0.10303255390190211
25791,GOF,0.15805881696761512,0.6621559285566011,0.17978525447578386
25792,GOF,0.3673977429332555,0.4980313973048148,0.13457085976192967
25793,GOF,0.2970742262197537,0.4364640765619419,0.26646169721830437
25794,GOF,0.31656688050828485,0.45369789078874195,0.2297352287029732
25795,GOF,0.06894336627260327,0.6797557655736178,0.25130086815377894
25796,Neutral,0.5374027996234823,0.37782746580406235,0.08476973457245551
25797,GOF,0.0813666566103278,0.5385390218019847,0.3800943215876875
25798,GOF,0.010503203625912559,0.5047696398113793,0.4847271565627081
25799,LOF,0.008206025190583766,0.4409594724480999,0.5508345023613164
25800,GOF,0.04087113586487249,0.6181411387517466,0.340987725383381
25801,GOF,0.26149998329815227,0.6301140355695267,0.108385981132321
25802,GOF,0.07614655097220951,0.6528632408677959,0.2709902081599946
25803,GOF,0.045922741707603076,0.5530758978105743,0.40100136048182267
25804,GOF,0.037028704686599946,0.48600899358001864,0.4769623017333813
25805,GOF,0.12231963232162865,0.5866567532526464,0.291023614425725
25806,GOF,0.14219355915276566,0.5794762430182664,0.278330197828968
25807,GOF,0.019849668106296674,0.6099248465878316,0.3702254853058716
25808,GOF,0.11477861552631637,0.5675958064581152,0.3176255780155685
25809,GOF,0.019606832269692266,0.6158149280841776,0.36457823964613
25810,GOF,0.021146482394266298,0.6232131991072687,0.35564031849846506
25811,Neutral,0.499860088562888,0.42998981618084475,0.07015009525626717
25812,GOF,0.038534641728334526,0.590874971313075,0.3705903869585904
25813,Neutral,0.5827256758011443,0.30146713167349587,0.11580719252535993
25814,GOF,0.11999705456856892,0.651364975421062,0.22863797001036906
25815,GOF,0.24753360974774535,0.5466880094753468,0.20577838077690783
25816,GOF,0.019849245264618773,0.6927585161980349,0.28739223853734625
25817,GOF,0.20269401854909821,0.669731172840126,0.127574808610776
25818,GOF,0.04402920032768002,0.559279525255116,0.39669127441720403
25819,GOF,0.3788186862189401,0.45959499727247144,0.16158631650858854
25820,GOF,0.2026256850352417,0.5967154120912821,0.20065890287347626
25821,GOF,0.05815821767330748,0.6797635391578641,0.26207824316882844
25822,GOF,0.25158397060883964,0.5118743003215662,0.23654172906959425
25823,LOF,0.03208789829016145,0.47808938217686064,0.489822719532978
25824,GOF,0.08540596702815173,0.5050879764234871,0.4095060565483612
25825,GOF,0.031384943243856794,0.5122796990475503,0.4563353577085928
25826,LOF,0.010947885680607,0.4856584035476949,0.5033937107716981
25827,GOF,0.02077556392700592,0.5729287890640065,0.40629564700898757
25828,GOF,0.012816788338726551,0.5046768318234128,0.4825063798378606
25829,GOF,0.00623776793305399,0.5116842493913696,0.48207798267557644
25830,LOF,0.03962093731416241,0.28463274388774673,0.6757463187980908
25831,GOF,0.15639689920996985,0.7080017012082949,0.13560139958173534
25832,GOF,0.03190397126069383,0.6652290417646922,0.30286698697461395
25833,GOF,0.11848704653919889,0.6692193742651191,0.21229357919568195
25834,GOF,0.03744288499244672,0.6548805622752407,0.3076765527323126
25835,GOF,0.08903512859605645,0.6478271086334721,0.2631377627704714
25836,GOF,0.044744775111188954,0.6281077165469673,0.3271475083418438
25837,GOF,0.0245693530670218,0.4996073788616774,0.4758232680713009
25838,GOF,0.08870028616321998,0.6883341524611195,0.2229655613756604
25839,GOF,0.32901282294235956,0.5137180904248865,0.1572690866327539
25840,GOF,0.2264425760490868,0.5778809698629892,0.1956764540879239
25841,GOF,0.24683630930292308,0.5636059668113302,0.18955772388574668
25842,GOF,0.17094368616773373,0.6235970737783075,0.2054592400539588
25843,GOF,0.22431501754970679,0.6320183273824866,0.14366665506780665
25844,GOF,0.060956363491782885,0.6132208729925571,0.3258227635156599
25845,LOF,0.012840356881202582,0.46116557585566403,0.5259940672631335
25846,GOF,0.09095537735376245,0.7346133284985926,0.17443129414764488
25847,GOF,0.13855292987025494,0.6926433838713291,0.168803686258416
25848,GOF,0.035885750893424426,0.6446202582576499,0.3194939908489255
25849,GOF,0.010586541875461245,0.5457192644630208,0.44369419366151785
25850,GOF,0.023883708906712396,0.5696183180346417,0.406497973058646
25851,GOF,0.019485585762266895,0.490460055495797,0.49005435874193604
25852,GOF,0.1511691884029002,0.5451288677211918,0.30370194387590804
25853,GOF,0.35121538253302625,0.5472679043461637,0.10151671312081015
25854,GOF,0.016404879147009395,0.6386396141940143,0.34495550665897645
25855,GOF,0.03951429151617724,0.6148370280007677,0.3456486804830549
25856,GOF,0.2596961189776091,0.5405602952091761,0.19974358581321466
25857,GOF,0.03607950785581002,0.5322142339907893,0.4317062581534007
25858,GOF,0.018020398223734805,0.5950241465289746,0.3869554552472905
25859,GOF,0.009408352022839687,0.5861264065598567,0.4044652414173035
25860,GOF,0.3748068950928751,0.5319815716412748,0.0932115332658501
25861,GOF,0.3729490361661511,0.5402392260264807,0.08681173780736813
25862,GOF,0.08986243760784024,0.7675834107362284,0.14255415165593127
25863,GOF,0.08883125931801852,0.7775947553697184,0.133573985312263
25864,GOF,0.18891672705849666,0.728751376266498,0.08233189667500546
25865,GOF,0.07785315254637933,0.7834889570913799,0.13865789036224074
25866,GOF,0.06717838585314122,0.7882796757955252,0.1445419383513336
25867,GOF,0.09031562945085013,0.7844998630235619,0.125184507525588
25868,GOF,0.2802497197612183,0.6037826981058089,0.11596758213297283
25869,Neutral,0.6924424284212474,0.2663510401023238,0.04120653147642876
25870,LOF,0.31803062356460265,0.27309596518733165,0.4088734112480658
25871,GOF,0.22730838168087075,0.6043246048664387,0.16836701345269053
25872,GOF,0.09290160111768304,0.5944655697124173,0.31263282916989976
25873,GOF,0.16202833286443205,0.6159077889102521,0.22206387822531576
25874,LOF,0.022305281335551257,0.09534609962467325,0.8823486190397755
25875,LOF,0.07588366811435261,0.06097121522893648,0.8631451166567109
25876,LOF,0.022879597516546453,0.05836685816467943,0.9187535443187742
25877,Neutral,0.4968224307722465,0.05861273898770343,0.44456483024005006
25878,LOF,0.19972533878361848,0.1035511015440896,0.6967235596722919
25879,LOF,0.0939394551134459,0.10999980528356712,0.7960607396029871
25880,LOF,0.02337035852010101,0.022982843744953137,0.953646797734946
25881,LOF,0.21456513850071823,0.19371924407485389,0.5917156174244279
25882,LOF,0.09152029181895326,0.025095884727312827,0.8833838234537339
25883,LOF,0.09146262828877107,0.035796361547025465,0.8727410101642036
25884,LOF,0.04822848294044015,0.04720268968366616,0.9045688273758937
25885,LOF,0.07468514234874819,0.016069598031090024,0.9092452596201619
25886,LOF,0.4284744210253692,0.08089679415451595,0.4906287848201148
25887,LOF,0.18666397257877093,0.1275042470413781,0.685831780379851
25888,LOF,0.06705352786433368,0.10641115693436483,0.8265353152013015
25889,LOF,0.04893532370062817,0.03884799303455823,0.9122166832648136
25890,LOF,0.054604615188815514,0.1739154179164803,0.7714799668947042
25891,LOF,0.04532028991343818,0.08889472836101668,0.8657849817255452
25892,LOF,0.11914762215584009,0.021292403315364528,0.8595599745287954
25893,LOF,0.31739176153499654,0.01486193794746913,0.6677463005175344
25894,LOF,0.17540600440725357,0.009973631347473135,0.8146203642452734
25895,LOF,0.2320233857853844,0.01924353200580062,0.7487330822088151
25896,LOF,0.05435378741499552,0.02756918670434382,0.9180770258806606
25897,LOF,0.24790238696129513,0.01577206472351013,0.7363255483151947
25898,Neutral,0.724782576712761,0.011099855892414155,0.2641175673948249
25899,LOF,0.344803616333298,0.0370369133468579,0.6181594703198442
25900,LOF,0.46462888440650923,0.01818076579983854,0.5171903497936522
25901,LOF,0.07207922544392419,0.014679302734597159,0.9132414718214785
25902,LOF,0.20101579729731295,0.012162000449897806,0.7868222022527892
25903,Neutral,0.5721627329530258,0.027139356724620402,0.40069791032235375
25904,LOF,0.29367882215717356,0.05290225098058315,0.6534189268622432
25905,LOF,0.022663805307691073,0.3191227535410239,0.6582134411512851
25906,LOF,0.024984630218993543,0.07418204647952607,0.9008333233014805
25907,LOF,0.012797468814544638,0.33573719052455736,0.651465340660898
25908,LOF,0.011454894108708353,0.23817172733216155,0.75037337855913
25909,LOF,0.012983228584365417,0.16940457993720315,0.8176121914784314
25910,LOF,0.05504837334173134,0.1237369439616112,0.8212146826966575
25911,LOF,0.11125106999747303,0.03988542068729206,0.8488635093152349
25912,LOF,0.030380525053087342,0.07140002433518286,0.8982194506117297
25913,LOF,0.24712828914829488,0.025530944826544687,0.7273407660251604
25914,LOF,0.025646193467586943,0.14368436797166043,0.8306694385607527
25915,Neutral,0.443368073122572,0.23242526343021924,0.3242066634472088
25916,LOF,0.06553112957327992,0.26957074595935404,0.664898124467366
25917,LOF,0.07339973769060441,0.06623450502734783,0.8603657572820478
25918,LOF,0.03319902262563849,0.08421113774085791,0.8825898396335035
25919,LOF,0.027160140691582353,0.09191899146492999,0.8809208678434877
25920,GOF,0.10019107341815682,0.5068567854172908,0.39295214116455224
25921,LOF,0.03390688425135508,0.02844482746109535,0.9376482882875495
25922,LOF,0.04527673462913485,0.01926352792122786,0.9354597374496373
25923,LOF,0.4130788974247483,0.016085665412907648,0.5708354371623441
25924,LOF,0.039272542260271694,0.03022382435342589,0.9305036333863024
25925,LOF,0.07438348761448506,0.02768852722689759,0.8979279851586173
25926,LOF,0.05427133410488276,0.01735933941893184,0.9283693264761853
25927,LOF,0.0722171484755952,0.0475124885100204,0.8802703630143844
25928,LOF,0.025156687483491837,0.02254927966301048,0.9522940328534978
25929,Neutral,0.5335465616374792,0.01863176585153694,0.447821672510984
25930,LOF,0.07010982241755169,0.01338488066258808,0.9165052969198602
25931,LOF,0.03314930622761358,0.019990587204845287,0.946860106567541
25932,LOF,0.031642426765287376,0.01478568687078739,0.9535718863639252
25933,LOF,0.042158566006033044,0.010227346884876514,0.9476140871090906
25934,LOF,0.0279776918744609,0.011994464596535196,0.9600278435290038
25935,LOF,0.06933282527752724,0.02845246191112492,0.9022147128113479
25936,LOF,0.05036774149284106,0.014252787943853531,0.9353794705633054
25937,LOF,0.03517551147126023,0.02131171630393244,0.9435127722248072
25938,LOF,0.0694295190965072,0.03282562733146129,0.8977448535720314
25939,LOF,0.04489850788438571,0.010799450146297542,0.9443020419693169
25940,LOF,0.024841689472124753,0.3893697345449242,0.5857885759829511
25941,LOF,0.14172841127837216,0.09487901092835105,0.7633925777932768
25942,LOF,0.01347712600567362,0.03413344221960508,0.9523894317747212
25943,LOF,0.3318019584874307,0.07443343783169755,0.5937646036808718
25944,Neutral,0.5025032420041206,0.041895587665966204,0.45560117032991315
25945,LOF,0.05841801534785306,0.027004613477631067,0.9145773711745159
25946,LOF,0.03704837158676653,0.13543261583562494,0.8275190125776085
25947,LOF,0.12003561175377929,0.20422748814942054,0.6757369000968002
25948,LOF,0.41548297765717684,0.01516135868170986,0.5693556636611133
25949,LOF,0.09235958415759378,0.06649397635632658,0.8411464394860797
25950,GOF,0.24359352692586303,0.5164006375786733,0.24000583549546362
25951,LOF,0.282313807903951,0.21056057913865533,0.5071256129573937
25952,GOF,0.0526465896275198,0.48579692111295797,0.46155648925952225
25953,LOF,0.1564664750516217,0.1153740049442968,0.7281595200040816
25954,LOF,0.34117891943735323,0.25284662782619355,0.40597445273645316
25955,LOF,0.05931922393491149,0.09181259937627263,0.8488681766888159
25956,LOF,0.20543233588811705,0.05401468298359793,0.740552981128285
25957,LOF,0.05172884945822018,0.022837350406272248,0.9254338001355075
25958,LOF,0.057806514901406744,0.030979479070171786,0.9112140060284214
25959,LOF,0.056094341350773236,0.33761999934355524,0.6062856593056716
25960,LOF,0.01972334289978715,0.05268772747687704,0.9275889296233358
25961,LOF,0.047853348847568394,0.03825903959871559,0.913887611553716
25962,LOF,0.06181142627583599,0.04578877047468846,0.8923998032494754
25963,LOF,0.05085931389901613,0.18924699367179185,0.7598936924291919
25964,LOF,0.036092725019296244,0.15930250673699284,0.804604768243711
25965,LOF,0.4313575299029547,0.08761582183231041,0.4810266482647349
25966,LOF,0.4036254127831337,0.18901792285937352,0.4073566643574928
25967,LOF,0.014283151477993744,0.0852321817264188,0.9004846667955875
25968,LOF,0.035832433369953086,0.43358781201612817,0.5305797546139188
25969,LOF,0.02136580219396359,0.0667762727524843,0.911857925053552
25970,LOF,0.060626143691800555,0.06886737296722852,0.8705064833409709
25971,LOF,0.08076307082148944,0.028028660916650378,0.8912082682618602
25972,LOF,0.08480439994801903,0.03823179680046543,0.8769638032515156
25973,LOF,0.07982740757640172,0.012637921502232937,0.9075346709213654
25974,LOF,0.25586719812617176,0.021024170618175228,0.7231086312556531
25975,LOF,0.051106512852016214,0.03994475405797901,0.9089487330900047
25976,LOF,0.035779000142359,0.0256778601353232,0.9385431397223178
25977,LOF,0.1430882119679958,0.09354933414169493,0.7633624538903092
25978,LOF,0.11864340803845147,0.09157337980212175,0.7897832121594268
25979,LOF,0.12000468470198197,0.08563577068645072,0.7943595446115673
25980,LOF,0.14705836388682866,0.11267902774433519,0.7402626083688362
25981,LOF,0.18087928754278892,0.10866064421680197,0.710460068240409
25982,LOF,0.37805251504978676,0.07528462632720052,0.5466628586230127
25983,LOF,0.3633017756419806,0.06748006834713521,0.5692181560108842
25984,LOF,0.05864770703495215,0.0916817917997984,0.8496705011652496
25985,LOF,0.023092043076415797,0.31453373999427847,0.6623742169293056
25986,LOF,0.026929388580792024,0.3332884154608984,0.6397821959583097
25987,LOF,0.09834731305929696,0.11422338163812581,0.7874293053025773
25988,LOF,0.12368722562087726,0.08988611493891602,0.7864266594402066
25989,LOF,0.029102758124434476,0.17234239025581327,0.7985548516197524
25990,LOF,0.04097572068665497,0.1422084937604358,0.8168157855529093
25991,GOF,0.11094716706355362,0.5115151078367371,0.3775377250997093
25992,LOF,0.27288691649927355,0.3417465584696829,0.3853665250310437
25993,LOF,0.02289118413211454,0.1264090812139414,0.850699734653944
25994,LOF,0.015181843655992334,0.15058790739104355,0.834230248952964
25995,LOF,0.02443823414778284,0.1959630673670448,0.7795986984851723
25996,GOF,0.16856041351747597,0.6069003283298499,0.22453925815267406
25997,GOF,0.06345057588656151,0.5940519457866836,0.34249747832675487
25998,Neutral,0.5733473704889164,0.018422027540959927,0.40823060197012373
25999,LOF,0.13876557974722328,0.16675583589645157,0.6944785843563251
26000,LOF,0.13278965756938163,0.0409958846234144,0.826214457807204
26001,LOF,0.1849485240327004,0.03949949808083441,0.7755519778864652
26002,LOF,0.1706735728157027,0.04718408945949025,0.7821423377248071
26003,GOF,0.010451682557483945,0.6764871970769336,0.3130611203655824
26004,GOF,0.025121558046872865,0.7178046139324881,0.25707382802063905
26005,GOF,0.010135260977244084,0.5653629288043742,0.4245018102183816
26006,Neutral,0.5195849171218282,0.29120125591981305,0.18921382695835876
26007,GOF,0.02004774789798851,0.5951025074699098,0.3848497446321018
26008,GOF,0.02173549831309274,0.6357556979808129,0.3425088037060943
26009,GOF,0.028930714877089467,0.6901816007568635,0.28088768436604705
26010,GOF,0.024806571994692588,0.7505809598970996,0.22461246810820792
26011,GOF,0.010120511305219005,0.5336680581569508,0.45621143053783014
26012,GOF,0.020191542901677316,0.6433636757645522,0.3364447813337706
26013,GOF,0.01886659056192308,0.7074586276712154,0.27367478176686144
26014,LOF,0.04018666319103199,0.18487287567472405,0.774940461134244
26015,LOF,0.1638717886738713,0.010599036941806222,0.8255291743843224
26016,LOF,0.2415923231276982,0.046196847542458605,0.7122108293298433
26017,LOF,0.16843095211899436,0.09330524363104856,0.7382638042499571
26018,LOF,0.07443626024636259,0.03603480034283426,0.8895289394108032
26019,LOF,0.07468955592475754,0.027087983257179097,0.8982224608180635
26020,LOF,0.05741534003120548,0.126715123836288,0.8158695361325065
26021,LOF,0.04920086008391589,0.15431374168081313,0.7964853982352711
26022,LOF,0.01013238608920372,0.06469585895582748,0.9251717549549688
26023,LOF,0.10230983424531846,0.024935415481615847,0.8727547502730657
26024,LOF,0.031869173390127827,0.12965880424991344,0.8384720223599588
26025,LOF,0.12886450329047594,0.0991109710312495,0.7720245256782746
26026,LOF,0.31818179699466115,0.020385603849147095,0.6614325991561917
26027,LOF,0.07398878248044945,0.019937958027572523,0.906073259491978
26028,LOF,0.16937128766046483,0.08939944470002155,0.7412292676395136
26029,LOF,0.10810429738358117,0.144712574470064,0.7471831281463548
26030,LOF,0.0326506589373728,0.05327760143339254,0.9140717396292347
26031,LOF,0.04108452962884331,0.1158103546319589,0.8431051157391979
26032,LOF,0.08387763629854855,0.04385039593274099,0.8722719677687104
26033,LOF,0.13101752913691184,0.05038004372913036,0.8186024271339578
26034,LOF,0.05974464229240489,0.11609348691123805,0.8241618707963572
26035,LOF,0.0384537201872814,0.10121348546745802,0.8603327943452607
26036,LOF,0.056638492872684326,0.12371938284598268,0.8196421242813331
26037,LOF,0.032955007347750746,0.089911335002001,0.8771336576502482
26038,LOF,0.07905987011103431,0.03987370021157381,0.8810664296773918
26039,LOF,0.07883214434499548,0.11098260078461873,0.8101852548703857
26040,LOF,0.2312069732454061,0.07887690450495116,0.6899161222496427
26041,LOF,0.03195458112587201,0.0885305106968095,0.8795149081773184
26042,LOF,0.031850733494683495,0.08923501262767546,0.878914253877641
26043,LOF,0.07593788081373702,0.05494377598236475,0.8691183432038981
26044,LOF,0.02735635952054624,0.06925267148007361,0.9033909689993801
26045,LOF,0.09082395966217331,0.08679218559039245,0.8223838547474343
26046,LOF,0.07970738123673314,0.05938605014373982,0.8609065686195271
26047,LOF,0.11849749790493305,0.06814033473164716,0.8133621673634198
26048,LOF,0.05126725393250041,0.061413678911178445,0.887319067156321
26049,Neutral,0.9540954089544922,0.006923157616817448,0.03898143342869018
26050,Neutral,0.9368692018023117,0.00789063578675109,0.05524016241093717
26051,GOF,0.050002941105473334,0.4750714514743078,0.47492560742021894
26052,LOF,0.07289973473980377,0.4632701464798278,0.4638301187803684
26053,LOF,0.06464858336305325,0.18900869714816548,0.7463427194887813
26054,LOF,0.05633386619616706,0.04355294723043847,0.9001131865733945
26055,LOF,0.07286118015055966,0.027215174777649547,0.8999236450717908
26056,LOF,0.06548572849149088,0.03432222291847235,0.9001920485900369
26057,LOF,0.032143963548771214,0.01961607949440071,0.9482399569568281
26058,LOF,0.03238350924444406,0.017357649628489565,0.9502588411270664
26059,LOF,0.2570424928839662,0.04523957903850355,0.6977179280775302
26060,LOF,0.027593645843932348,0.2917750555856799,0.6806312985703877
26061,LOF,0.01959159102660567,0.02468645819128855,0.9557219507821058
26062,LOF,0.012242845408599084,0.03692477467824587,0.9508323799131551
26063,LOF,0.021694070430237054,0.019885755194609743,0.9584201743751533
26064,LOF,0.024941218161766067,0.023079934784253048,0.951978847053981
26065,LOF,0.024971109572496344,0.022745689379913767,0.9522832010475899
26066,LOF,0.021547159277132875,0.01963013083853226,0.9588227098843349
26067,LOF,0.02712656069750617,0.01692392073368724,0.9559495185688067
26068,LOF,0.048404037580463466,0.058119989139221784,0.8934759732803147
26069,LOF,0.2580125815339939,0.03393710609760094,0.7080503123684051
26070,LOF,0.37615114439696096,0.021261199699112856,0.6025876559039263
26071,LOF,0.022095815688984676,0.024094661059946745,0.9538095232510685
26072,LOF,0.023437520821281782,0.030665778483653705,0.9458967006950646
26073,LOF,0.023256859624270133,0.020300694943832912,0.9564424454318969
26074,Neutral,0.920472763307661,0.007450934036415042,0.07207630265592392
26075,LOF,0.04423140991213463,0.027653693675943954,0.9281148964119215
26076,LOF,0.04064696415357199,0.017097226368969518,0.9422558094774585
26077,LOF,0.009372899464515428,0.03952116291000763,0.951105937625477
26078,LOF,0.01516972340979943,0.021846449426266644,0.9629838271639339
26079,LOF,0.053380047172264786,0.02994777856865716,0.9166721742590781
26080,LOF,0.053380047172264786,0.02994777856865716,0.9166721742590781
26081,LOF,0.03593744050804105,0.013354180941218544,0.9507083785507405
26082,LOF,0.020311375132774617,0.03350600836711093,0.9461826165001144
26083,LOF,0.1485998394073053,0.020881662809907626,0.830518497782787
26084,LOF,0.025722383528270772,0.03262143032176903,0.9416561861499603
26085,LOF,0.022545022613190743,0.030108249322963104,0.9473467280638462
26086,LOF,0.02202610585848775,0.023637149043167396,0.9543367450983449
26087,LOF,0.023813152169313782,0.016264062344217192,0.9599227854864689
26088,LOF,0.019413980982608617,0.04017990292571428,0.9404061160916772
26089,LOF,0.0493871233434219,0.036529027387948595,0.9140838492686295
26090,LOF,0.0478482909922972,0.029384244386445064,0.9227674646212577
26091,LOF,0.039488501727144576,0.011543948042271702,0.9489675502305837
26092,LOF,0.026869029482484853,0.017747243769378578,0.9553837267481365
26093,LOF,0.04087728420584174,0.011317087984589901,0.9478056278095685
26094,LOF,0.045575294960901194,0.01083901024929114,0.9435856947898076
26095,LOF,0.05514949785669796,0.0267039359143051,0.9181465662289969
26096,LOF,0.019128411982021906,0.022137076085657913,0.9587345119323201
26097,LOF,0.011068253542996535,0.07429903588775946,0.914632710569244
26098,LOF,0.0716606239901081,0.02590497442705725,0.9024344015828346
26099,LOF,0.024909757257440917,0.02839155533211059,0.9466986874104486
26100,LOF,0.026735337138994453,0.026759137971220617,0.946505524889785
26101,LOF,0.05701135343979725,0.026264638059324396,0.9167240085008783
26102,LOF,0.02644563889939369,0.021975719461700703,0.9515786416389056
26103,Neutral,0.88776890040363,0.03018599674186949,0.0820451028545007
26104,LOF,0.06862974196858823,0.05576591222605234,0.8756043458053594
26105,LOF,0.18784779221012127,0.26418005514778947,0.5479721526420892
26106,LOF,0.17428217837111643,0.12869525413758157,0.6970225674913021
26107,LOF,0.23387605980851436,0.1174000844748055,0.6487238557166801
26108,LOF,0.24405829241177157,0.13774783618839814,0.6181938713998304
26109,LOF,0.0662914325987173,0.1577749475099791,0.7759336198913035
26110,LOF,0.2428065874952541,0.008305649299862501,0.7488877632048834
26111,LOF,0.47951278835634575,0.016021877738373335,0.5044653339052808
26112,LOF,0.036142870198500994,0.008355644916305879,0.9555014848851933
26113,LOF,0.05371174829611633,0.014499651341554225,0.9317886003623295
26114,LOF,0.0175729000125084,0.01991399869986732,0.9625131012876242
26115,LOF,0.08037911215944414,0.02757244318179417,0.8920484446587617
26116,LOF,0.046459806646776465,0.030837580860498703,0.9227026124927249
26117,LOF,0.3857452817246479,0.05754838413655416,0.556706334138798
26118,LOF,0.037714503277690686,0.038158200685006936,0.9241272960373024
26119,LOF,0.023096903449389403,0.04867965005578864,0.928223446494822
26120,LOF,0.0311487965847863,0.027299668780660338,0.9415515346345533
26121,LOF,0.06563773771419651,0.09708363340947072,0.8372786288763328
26122,LOF,0.05846460451188713,0.041538216396234534,0.8999971790918784
