feature0,prediction,LoGoFunc_Neutral,LoGoFunc_GOF,LoGoFunc_LOF
25546,Neutral,0.6293715265143799,0.05819338577206723,0.31243508771355283
25547,Neutral,0.48360204640233395,0.09846632331529707,0.41793163028236896
25548,Neutral,0.48993062099883966,0.07956853187610526,0.43050084712505504
25549,LOF,0.41792334908145534,0.08058075560685464,0.50149589531169
25550,LOF,0.34676902101129675,0.11887014682369733,0.5343608321650059
25551,LOF,0.3107634641433576,0.12544349397261115,0.5637930418840312
25552,LOF,0.2611632841644036,0.1215048956745471,0.6173318201610494
25553,Neutral,0.8113377801929624,0.04580152867785784,0.14286069112917965
25554,LOF,0.3050887718779849,0.11273700319000293,0.5821742249320123
25555,LOF,0.2555966351918294,0.10777997574027992,0.6366233890678906
25556,Neutral,0.4701787726763757,0.09651531510923367,0.43330591221439063
25557,LOF,0.23922651947611595,0.11378633976181539,0.6469871407620688
25558,LOF,0.3019156272403154,0.10959317560421672,0.5884911971554679
25559,LOF,0.19131805855609213,0.14521651874678582,0.663465422697122
25560,LOF,0.1659468586779876,0.08561088741269332,0.7484422539093191
25561,LOF,0.1513328307992243,0.09858306324087462,0.750084105959901
25562,LOF,0.07471030796137537,0.06871272535826468,0.85657696668036
25563,LOF,0.02119968919899614,0.12897468684194247,0.8498256239590614
25564,LOF,0.21082596914983623,0.11795517349260468,0.6712188573575592
25565,LOF,0.22263498934640194,0.13751160519847236,0.6398534054551258
25566,GOF,0.09822615610199442,0.7120163178822443,0.18975752601576126
25567,LOF,0.038452305332681944,0.11700534576347381,0.8445423489038444
25568,LOF,0.06205137671008003,0.06977007417500507,0.868178549114915
25569,LOF,0.059176332237306194,0.07055417846793749,0.8702694892947563
25570,LOF,0.026324655014695972,0.10046564377164474,0.8732097012136594
25571,LOF,0.02608601575473564,0.10574337417425735,0.8681706100710069
25572,LOF,0.06148815585060616,0.11864339982205485,0.819868444327339
25573,LOF,0.05459556829062299,0.08076274053921761,0.8646416911701594
25574,LOF,0.05551630029129496,0.17138821382943387,0.7730954858792712
25575,LOF,0.02223896007030773,0.11123483857927727,0.8665262013504149
25576,LOF,0.034619953505400154,0.1455832970049301,0.8197967494896699
25577,LOF,0.028587583737037837,0.1055662992338538,0.8658461170291083
25578,LOF,0.2893737033392222,0.07886189655229063,0.6317644001084872
25579,LOF,0.1349540263265131,0.08389051774327531,0.7811554559302116
25580,LOF,0.018517170020538487,0.07524401697363783,0.9062388130058237
25581,LOF,0.05477332785702871,0.06724273420912244,0.8779839379338488
25582,LOF,0.05486641841121108,0.06560546155576998,0.8795281200330188
25583,LOF,0.020386502665577493,0.0791649382795202,0.9004485590549023
25584,Neutral,0.674320281638745,0.09948250208560001,0.22619721627565495
25585,LOF,0.02882535116629292,0.12140017648832353,0.8497744723453835
25586,LOF,0.017395505159667608,0.06597822533269646,0.9166262695076358
25587,LOF,0.01690922673368628,0.060267612643901645,0.9228231606224122
25588,LOF,0.01945091047334881,0.06886995049931705,0.911679139027334
25589,Neutral,0.5180251984953658,0.1869923033189919,0.2949824981856423
25590,LOF,0.04725837534586924,0.1069753385401332,0.8457662861139976
25591,LOF,0.09683261399278534,0.053886585531637506,0.8492808004755771
25592,LOF,0.053225518406231166,0.12718362870460725,0.8195908528891614
25593,LOF,0.13531786096579754,0.2387521608496428,0.6259299781845595
25594,LOF,0.05001756787608343,0.11130288461478564,0.8386795475091309
25595,LOF,0.04807400363958671,0.08034092340362575,0.8715850729567876
25596,LOF,0.10930373877831318,0.049764089592258316,0.8409321716294285
25597,LOF,0.0812998476296506,0.050109844547025474,0.8685903078233239
25598,LOF,0.05516002592139311,0.08065617710742853,0.8641837969711783
25599,GOF,0.020071658280115322,0.5654221323553634,0.4145062093645212
25600,GOF,0.1677345051550222,0.5378758523969916,0.2943896424479862
25601,LOF,0.03940280919103689,0.4213827194255,0.5392144713834631
25602,LOF,0.030430387132542824,0.0709001748155499,0.8986694380519074
25603,LOF,0.027150820585837003,0.03801150020215943,0.9348376792120037
25604,LOF,0.032667924494719294,0.07603291819946338,0.8912991573058173
25605,LOF,0.0363615251549293,0.21372269794736576,0.7499157768977049
25606,LOF,0.3849377119951485,0.1303019630366828,0.4847603249681688
25607,LOF,0.02293294828678285,0.20509343038245026,0.771973621330767
25608,LOF,0.034460499491008184,0.06882188935349348,0.8967176111554984
25609,GOF,0.1527112151425647,0.5163259606838744,0.33096282417356104
25610,LOF,0.014231494935104205,0.02713777563679262,0.9586307294281032
25611,LOF,0.013770898588416791,0.03192623388352645,0.9543028675280568
25612,LOF,0.044671573595178565,0.040013631784995375,0.915314794619826
25613,LOF,0.04285107563962923,0.04188196414362023,0.9152669602167505
25614,LOF,0.019949513562369285,0.025670702944895152,0.9543797834927357
25615,LOF,0.041954866568027833,0.03575636622903774,0.9222887672029343
25616,LOF,0.044964473913706116,0.02816986432201026,0.9268656617642836
25617,LOF,0.04097336036255935,0.03586887092056345,0.9231577687168772
25618,LOF,0.05165281713897306,0.03746969960838066,0.9108774832526464
25619,LOF,0.014601473458376294,0.03238263287226741,0.9530158936693562
25620,LOF,0.061562516264213094,0.04186076916284685,0.8965767145729401
25621,LOF,0.048981967364150863,0.03397567038546564,0.9170423622503835
25622,LOF,0.0586661063752176,0.0310488349741565,0.9102850586506258
25623,LOF,0.06330322373642379,0.025835460315104995,0.9108613159484711
25624,LOF,0.017243091736905077,0.033833321527886775,0.9489235867352082
25625,LOF,0.06367633983369997,0.035975904667523345,0.9003477554987767
25626,LOF,0.043921246942155816,0.03980630452721452,0.9162724485306296
25627,Neutral,0.8928224696937279,0.020305024003327805,0.08687250630294409
25628,LOF,0.13092125892018597,0.05868691592674758,0.8103918251530664
25629,LOF,0.06240377960409051,0.04266029795197083,0.8949359224439387
25630,LOF,0.29680753807898375,0.07331588045131664,0.6298765814696996
25631,Neutral,0.5776400832546006,0.058719826209127746,0.3636400905362716
25632,LOF,0.029010578772077435,0.059604113040406005,0.9113853081875165
25633,LOF,0.2069487643001237,0.030347549276693062,0.7627036864231833
25634,LOF,0.033963819907013,0.07309718112061335,0.8929389989723737
25635,LOF,0.035855251919016985,0.03679126241196788,0.9273534856690152
25636,LOF,0.033092458362308085,0.44722878872173305,0.5196787529159589
25637,GOF,0.07255282839554121,0.5003794560031817,0.42706771560127715
25638,LOF,0.03320907505295248,0.3106938235778029,0.6560971013692447
25639,LOF,0.031366107978939316,0.35516288508809807,0.6134710069329626
25640,Neutral,0.8250276216577382,0.1316732378882389,0.04329914045402285
25641,LOF,0.06211274728752499,0.39411436837528707,0.543772884337188
25642,LOF,0.04266554688443544,0.1355582455202173,0.8217762075953472
25643,LOF,0.21457257588081893,0.13405722280068091,0.6513702013185001
25644,LOF,0.021241583098920273,0.4882775654389707,0.490480851462109
25645,LOF,0.02146444778616692,0.42505928350837874,0.5534762687054544
25646,LOF,0.05648922958746475,0.3355779383676711,0.6079328320448641
25647,LOF,0.023374525383728906,0.2841280190649117,0.6924974555513594
25648,LOF,0.03200108147345028,0.2426186349273791,0.7253802835991707
25649,LOF,0.015802480667295424,0.24700886690753476,0.7371886524251698
25650,LOF,0.050207429998475904,0.42375606543545635,0.5260365045660677
25651,LOF,0.01651859501654543,0.2849357702152137,0.6985456347682408
25652,LOF,0.03229136653003564,0.2756787885173324,0.692029844952632
25653,LOF,0.07897889720832199,0.4369488557612414,0.48407224703043666
25654,LOF,0.023707536962507488,0.2062784545403885,0.770014008497104
25655,GOF,0.22181046192558726,0.41550243364261724,0.3626871044317954
25656,LOF,0.2762093243933331,0.05610468105606173,0.6676859945506051
25657,LOF,0.07400357165273151,0.06064054362780572,0.8653558847194628
25658,LOF,0.38597688119863827,0.061592587180627795,0.552430531620734
25659,Neutral,0.5479456003112698,0.08238078274768929,0.3696736169410409
25660,LOF,0.025612158260959958,0.08719828697700328,0.8871895547620369
25661,LOF,0.08875398256750057,0.05946150511829749,0.851784512314202
25662,LOF,0.030826546861672327,0.03351333523922711,0.9356601178991006
25663,LOF,0.038407548255987446,0.04447593949123669,0.9171165122527758
25664,LOF,0.13189982874782358,0.05361907025171755,0.8144811010004589
25665,LOF,0.05310505797703685,0.031508931168723116,0.9153860108542401
25666,LOF,0.08313821386781203,0.07077248877518685,0.8460892973570011
25667,LOF,0.06393733156887377,0.03722248193420318,0.898840186496923
25668,LOF,0.035475794688739536,0.04894455195287569,0.9155796533583848
25669,LOF,0.032068120296340624,0.05345308071438656,0.9144787989892728
25670,LOF,0.1375821505443558,0.048706698174860896,0.8137111512807833
25671,LOF,0.09532438722177573,0.032257011794227554,0.8724186009839968
25672,LOF,0.05196547588277698,0.041353483882954956,0.9066810402342682
25673,LOF,0.0802068999315857,0.03807846195305718,0.8817146381153572
25674,LOF,0.06750561598678011,0.04824955239368098,0.8842448316195388
25675,LOF,0.11216362457439234,0.051455368911767024,0.8363810065138406
25676,LOF,0.016975850868836528,0.05030958971246702,0.9327145594186964
25677,LOF,0.024758059213900827,0.0695484297683428,0.9056935110177564
25678,LOF,0.18948353986656247,0.06052389759873159,0.749992562534706
25679,LOF,0.11695516653702152,0.08814142423747444,0.7949034092255041
25680,LOF,0.029879552379251186,0.11161407808446107,0.8585063695362877
25681,LOF,0.04631889537475589,0.10510411627226149,0.8485769883529826
25682,LOF,0.1325221825297578,0.07060199199625886,0.7968758254739834
25683,LOF,0.1197201883955911,0.08737476775585191,0.7929050438485571
25684,LOF,0.04061209806085356,0.0705122631847836,0.8888756387543628
25685,LOF,0.14233144742705417,0.04547609176282753,0.8121924608101183
25686,LOF,0.06959610061029188,0.08953470161983312,0.840869197769875
25687,LOF,0.1364167439128856,0.08623919357086862,0.7773440625162458
25688,LOF,0.31796146564007893,0.035034669998036484,0.6470038643618846
25689,LOF,0.2413771322098844,0.03920521575625671,0.7194176520338589
25690,LOF,0.36868463331711326,0.030300271445981863,0.6010150952369049
25691,Neutral,0.7007880112157794,0.023267445137383134,0.2759445436468375
25692,LOF,0.2982634892384398,0.011357432294785837,0.6903790784667743
25693,LOF,0.04942693940586964,0.45699260104722583,0.4935804595469046
25694,LOF,0.12604292039285067,0.019468003036383272,0.8544890765707661
25695,LOF,0.12469568191684256,0.014946341682067923,0.8603579764010895
25696,LOF,0.11915926629754213,0.009492463738749918,0.871348269963708
25697,LOF,0.12582556608955994,0.03317586804577453,0.8409985658646656
25698,LOF,0.35447445733835664,0.2185691285639658,0.4269564140976775
25699,LOF,0.46353135751991364,0.03874743663238678,0.4977212058476996
25700,LOF,0.05215150913333816,0.008054190502531583,0.9397943003641303
25701,LOF,0.14411658056295754,0.04968860800537152,0.8061948114316709
25702,GOF,0.16236866852654508,0.5934679858133284,0.24416334566012654
25703,LOF,0.016789434766267104,0.17769259265300494,0.805517972580728
25704,LOF,0.04669261584684809,0.13482062731988478,0.8184867568332671
25705,LOF,0.05756600370145006,0.20424060535707672,0.7381933909414732
25706,LOF,0.09994817637115255,0.3433331466264074,0.55671867700244
25707,LOF,0.09158237780150112,0.2849932445815424,0.6234243776169565
25708,LOF,0.030289998877341354,0.24814017486033593,0.7215698262623228
25709,LOF,0.0570748290303282,0.04164040320831129,0.9012847677613605
25710,LOF,0.011426360603427955,0.13321923773021013,0.8553544016663618
25711,LOF,0.0179802627919481,0.09662473226466312,0.8853950049433889
25712,LOF,0.012916253471247956,0.18784792618814133,0.7992358203406107
25713,LOF,0.018123020316824386,0.08239641015061379,0.899480569532562
25714,LOF,0.06976176318562902,0.08094924297448777,0.8492889938398832
25715,LOF,0.010318989587745131,0.14544587246976406,0.8442351379424908
25716,LOF,0.014443850481390153,0.10774806487364,0.87780808464497
25717,LOF,0.012935053228243764,0.07340864496041334,0.9136563018113428
25718,LOF,0.012056006636521503,0.09737248913362508,0.8905715042298534
25719,LOF,0.019223103580521983,0.07160246211535053,0.9091744343041276
25720,LOF,0.02063417784074484,0.06981986005562218,0.9095459621036329
25721,LOF,0.015521557209417492,0.10814879466457285,0.8763296481260096
25722,LOF,0.013050586751260942,0.12187642107007529,0.8650729921786638
25723,LOF,0.021579789943441813,0.0438552104250139,0.9345649996315443
25724,LOF,0.020914708458352242,0.07495769619858245,0.9041275953430652
25725,LOF,0.0118469367797048,0.06436744024695848,0.9237856229733367
25726,LOF,0.014060517103884828,0.08839601527055783,0.8975434676255574
25727,LOF,0.012974523426930128,0.0728045704807392,0.9142209060923306
25728,LOF,0.009500328461484249,0.10453114550241266,0.8859685260361032
25729,LOF,0.00962101471653338,0.10227917687835564,0.888099808405111
25730,LOF,0.012835736861444397,0.08030297047140994,0.9068612926671458
25731,LOF,0.020935003130442508,0.10235065020107456,0.8767143466684829
25732,LOF,0.013986430471983924,0.08003226454818597,0.9059813049798301
25733,LOF,0.01571869190824333,0.0704016665641926,0.9138796415275641
25734,LOF,0.013604987847228987,0.11528206953383585,0.8711129426189352
25735,LOF,0.013500380982262337,0.08142794451501735,0.9050716745027203
25736,LOF,0.0136329551919343,0.10692381484310191,0.8794432299649638
25737,LOF,0.02010195824124582,0.08355322849001907,0.896344813268735
25738,LOF,0.012865316603732099,0.10411103701385455,0.8830236463824133
25739,LOF,0.019018606334014934,0.08656864422003963,0.8944127494459454
25740,LOF,0.02685662494047067,0.1013263924751513,0.871816982584378
25741,LOF,0.015042077970860547,0.10600957326022159,0.8789483487689178
25742,LOF,0.12120538992910239,0.07917875459735596,0.7996158554735417
25743,LOF,0.033356319366704995,0.033781609524746424,0.9328620711085486
25744,Neutral,0.601863966340705,0.2077671785628856,0.19036885509640927
25745,LOF,0.08967229479660206,0.07615780841788082,0.8341698967855171
25746,LOF,0.043806000996389434,0.08755161271303954,0.868642386290571
25747,LOF,0.022995370320026878,0.04732137789563386,0.9296832517843393
25748,LOF,0.10624585802340752,0.06757268084318958,0.826181461133403
25749,LOF,0.026978289712364267,0.08457464018825499,0.8884470700993806
25750,LOF,0.09454059943704242,0.08841810352408329,0.8170412970388742
25751,LOF,0.0944052581538075,0.06406321586655299,0.8415315259796396
25752,GOF,0.1010544962888272,0.6761626030685427,0.22278290064263
25753,LOF,0.021132099411894197,0.2667946131992689,0.7120732873888369
25754,GOF,0.010475493838337402,0.7632703041487467,0.22625420201291574
25755,LOF,0.024773169675827135,0.36531019928486425,0.6099166310393087
25756,LOF,0.041207126451906884,0.3655307794990942,0.593262094048999
25757,GOF,0.014659336376374297,0.833838972758514,0.15150169086511164
25758,GOF,0.031568325489886764,0.8185847521196977,0.14984692239041547
25759,GOF,0.01158220421419106,0.5494333418502324,0.43898445393557645
25760,LOF,0.011990961553220667,0.23465385937471825,0.7533551790720612
25761,GOF,0.24777846072160095,0.6464371410297277,0.10578439824867135
25762,LOF,0.03756580929692758,0.2639898106000601,0.6984443801030124
25763,LOF,0.013316037469441818,0.20482666500885152,0.7818572975217067
25764,GOF,0.07386463967583558,0.6280142064864258,0.2981211538377386
25765,GOF,0.04039674166150782,0.7546108073574239,0.2049924509810683
25766,GOF,0.05136865276063711,0.7749786238340877,0.17365272340527527
25767,GOF,0.17681520747273086,0.42661627181258915,0.39656852071468
25768,LOF,0.090957632420061,0.06381759044274612,0.8452247771371929
25769,LOF,0.06680859034969616,0.06669103151357486,0.8665003781367291
25770,LOF,0.28447547105898663,0.07808153178672012,0.6374429971542933
25771,LOF,0.039422161209947494,0.04594228858271184,0.9146355502073407
25772,LOF,0.016181446786814616,0.03368923332777846,0.9501293198854068
25773,LOF,0.04903549955270372,0.07905992340361233,0.8719045770436841
25774,LOF,0.029374999239341084,0.07398034532936189,0.8966446554312971
25775,LOF,0.04607914695341566,0.04047760811901639,0.9134432449275679
25776,LOF,0.07528757953647727,0.026810894473379285,0.8979015259901435
25777,LOF,0.34455291532015275,0.04795328959078338,0.6074937950890639
25778,LOF,0.06811269151359964,0.05079091146655795,0.8810963970198424
25779,GOF,0.3661689384501873,0.5940652519372122,0.03976580961260067
25780,GOF,0.31306104643738025,0.6190026435085063,0.06793631005411342
25781,GOF,0.1341970818492579,0.7690608652473198,0.09674205290342246
25782,GOF,0.20245941849889978,0.7346862293457945,0.06285435215530576
25783,GOF,0.029693091977139645,0.662416277963151,0.30789063005970946
25784,Neutral,0.4931063535271049,0.47178607139574463,0.03510757507715053
25785,GOF,0.43263516673285995,0.5312226128852265,0.036142220381913434
25786,GOF,0.030030756948698025,0.7844105553105449,0.185558687740757
25787,Neutral,0.6276990097120385,0.348977401109756,0.023323589178205362
25788,LOF,0.047034583908395745,0.10835448676756507,0.8446109293240393
25789,GOF,0.19812137259722892,0.6865818413071407,0.11529678609563036
25790,GOF,0.21935759157453003,0.6879109880511101,0.09273142037436002
25791,GOF,0.15688794037377107,0.6740087737731306,0.16910328585309828
25792,GOF,0.3416378083325194,0.5316005140388437,0.1267616776286369
25793,GOF,0.2603573617221362,0.565364514466901,0.17427812381096294
25794,GOF,0.2859480542619971,0.5645192448702507,0.14953270086775222
25795,GOF,0.07627169236714804,0.6819169403088545,0.24181136732399744
25796,Neutral,0.5244771931501291,0.40689594634341253,0.06862686050645833
25797,GOF,0.08847449138620823,0.5462586254055731,0.36526688320821865
25798,GOF,0.00972845600072976,0.5188469750353426,0.4714245689639276
25799,LOF,0.007022480586712531,0.4173118373115189,0.5756656821017686
25800,GOF,0.034192847382834395,0.6233556082162811,0.34245154440088443
25801,GOF,0.20048610453111598,0.6853629765111036,0.11415091895778046
25802,GOF,0.07431775200824402,0.6952008296195554,0.23048141837220065
25803,GOF,0.036898235876433205,0.5938722371773789,0.3692295269461879
25804,GOF,0.0344638986919204,0.4919629290880367,0.473573172220043
25805,GOF,0.09084760732360704,0.6069807111280063,0.3021716815483867
25806,GOF,0.09160207210373988,0.5983974323480022,0.31000049554825776
25807,GOF,0.020274404871778715,0.6439930564487462,0.33573253867947506
25808,GOF,0.08060645722965028,0.653487722768844,0.2659058200015057
25809,GOF,0.01879563411564509,0.6149504562831152,0.3662539096012398
25810,GOF,0.016838260188424808,0.65113113165642,0.33203060815515517
25811,GOF,0.4216317293568831,0.5090458593269469,0.06932241131617001
25812,GOF,0.02620343426185861,0.6480103860810099,0.32578617965713136
25813,Neutral,0.48021198145367117,0.4431358042016081,0.0766522143447209
25814,GOF,0.10454342321317987,0.6846813341443359,0.21077524264248412
25815,GOF,0.1901062764812695,0.6376018030913073,0.17229192042742322
25816,GOF,0.022036341417384756,0.7313323090981904,0.24663134948442486
25817,GOF,0.22236330817526972,0.6629182177228118,0.11471847410191839
25818,GOF,0.05672226577407547,0.678269413823639,0.2650083204022855
25819,GOF,0.32984124286149147,0.5490270970050166,0.12113166013349193
25820,GOF,0.18650970005616502,0.6166086622192981,0.19688163772453676
25821,GOF,0.0593952036616838,0.6848329508565111,0.2557718454818051
25822,GOF,0.2251347443615761,0.5804525083718268,0.19441274726659713
25823,GOF,0.03437276498648659,0.5532716887295954,0.4123555462839179
25824,GOF,0.10009344547194607,0.6252240232406839,0.27468253128737
25825,GOF,0.036904881055099426,0.6287434803811914,0.33435163856370925
25826,GOF,0.017217394986085908,0.6056156335557263,0.3771669714581878
25827,GOF,0.025536007681770334,0.6240114528079093,0.35045253951032057
25828,GOF,0.013985465023195316,0.5573962059440585,0.42861832903274627
25829,GOF,0.005642706402136183,0.5840919588247911,0.41026533477307275
25830,LOF,0.037007722813272165,0.3049075033544988,0.6580847738322291
25831,GOF,0.18924685635943556,0.6937466665868042,0.11700647705376041
25832,GOF,0.030571789255786106,0.7316820192510946,0.23774619149311935
25833,GOF,0.1128397742006796,0.7422079081417412,0.14495231765757918
25834,GOF,0.03057041321131479,0.7395210542844366,0.22990853250424856
25835,GOF,0.0676156810893666,0.7738654840088249,0.1585188349018084
25836,GOF,0.03310582779423251,0.7171769690572513,0.2497172031485161
25837,GOF,0.025742676833239022,0.6358211391276789,0.33843618403908216
25838,GOF,0.08830834875131237,0.7841115850129351,0.12758006623575252
25839,GOF,0.26674096406789005,0.6104710455092897,0.12278799042282036
25840,GOF,0.23215004084457416,0.6226049119991857,0.1452450471562402
25841,GOF,0.22944208038716055,0.6306644883091442,0.13989343130369525
25842,GOF,0.1493648573023059,0.7338094410934742,0.11682570160421983
25843,GOF,0.19569459208163725,0.722624921481674,0.08168048643668864
25844,GOF,0.06410655420879743,0.7367789782765746,0.19911446751462805
25845,GOF,0.015926769886474994,0.5307575160834594,0.45331571403006543
25846,GOF,0.12205485257616976,0.7192975284790845,0.15864761894474577
25847,GOF,0.10240752198767167,0.8008042313680904,0.09678824664423795
25848,GOF,0.040932014434385135,0.7150701439824215,0.24399784158319335
25849,GOF,0.011178698323101045,0.6082886428787907,0.3805326587981083
25850,GOF,0.020245304835276468,0.6699196498318029,0.30983504533292067
25851,GOF,0.01573365581870103,0.5570849021899997,0.42718144199129915
25852,GOF,0.15621631217810852,0.5845967187687879,0.2591869690531034
25853,GOF,0.3306494262135207,0.6004772955087356,0.06887327827774359
25854,GOF,0.02202119252390868,0.6380651489841925,0.3399136584918988
25855,GOF,0.033288872889026606,0.5773284944342668,0.3893826326767066
25856,GOF,0.23363005085981034,0.5644583901914925,0.20191155894869725
25857,GOF,0.035587297003857994,0.5302322622048576,0.43418044079128437
25858,GOF,0.021495498718477907,0.5590778204873414,0.41942668079418055
25859,GOF,0.010483057850046815,0.5204675039921599,0.4690494381577933
25860,GOF,0.3570429793594124,0.5651416548020102,0.07781536583857739
25861,GOF,0.4172853226825836,0.5105452041777313,0.07216947313968505
25862,GOF,0.07492076072897567,0.802225629051005,0.12285361022001927
25863,GOF,0.07509565241584448,0.7969386138112602,0.12796573377289527
25864,GOF,0.1788382315532126,0.7495469352970842,0.0716148331497032
25865,GOF,0.07927560231131622,0.8091334577231635,0.11159093996552029
25866,GOF,0.057338539269357246,0.7934817862352104,0.14917967449543237
25867,GOF,0.08160019737336362,0.8245715190761497,0.09382828355048657
25868,GOF,0.24005480038935173,0.6703212703548492,0.08962392925579905
25869,Neutral,0.6939457795394159,0.2631663230401094,0.042887897420474656
25870,GOF,0.301867473239585,0.4178004575478498,0.28033206921256526
25871,GOF,0.21136474432252225,0.6692835266058729,0.11935172907160495
25872,GOF,0.08702933171432382,0.6682567948188659,0.24471387346681028
25873,GOF,0.11135370945076782,0.6961490794019259,0.19249721114730625
25874,LOF,0.014197899931197681,0.1151765467342189,0.8706255533345835
25875,LOF,0.10048693801794825,0.04930368089474853,0.8502093810873032
25876,LOF,0.03373470640518571,0.029946202259520716,0.9363190913352937
25877,Neutral,0.5158842734083957,0.04904182015748326,0.43507390643412097
25878,LOF,0.23739640471538365,0.09838843551960792,0.6642151597650083
25879,LOF,0.08672668508464748,0.10092687335585972,0.8123464415594929
25880,LOF,0.04088455628696587,0.01568310768093383,0.9434323360321002
25881,LOF,0.18012948488083724,0.12015976939801729,0.6997107457211456
25882,LOF,0.06022122414533908,0.01664681253855982,0.923131963316101
25883,LOF,0.06657943802766905,0.0183543635118093,0.9150661984605216
25884,LOF,0.03104797229312247,0.02912253496370824,0.9398294927431694
25885,LOF,0.05959555139106561,0.012340263254155865,0.9280641853547785
25886,LOF,0.2586522897904497,0.03575495442246752,0.7055927557870828
25887,LOF,0.14913424380334978,0.0652066938317768,0.7856590623648734
25888,LOF,0.06578055293813058,0.06088751270709753,0.8733319343547717
25889,LOF,0.03931948001870717,0.020773788450600045,0.9399067315306927
25890,LOF,0.048699418621068774,0.14808448213094808,0.8032160992479831
25891,LOF,0.04176674512576167,0.04892077022670292,0.9093124846475353
25892,LOF,0.08621088769274561,0.022895998770196806,0.8908931135370575
25893,LOF,0.24875687522676412,0.021546687362658325,0.7296964374105775
25894,LOF,0.16880297258001262,0.012178128572866001,0.8190188988471214
25895,LOF,0.19489937912563293,0.023406171059556544,0.7816944498148105
25896,LOF,0.0499698520147511,0.01977137804946419,0.9302587699357848
25897,LOF,0.2565602711844027,0.01327874601410518,0.7301609828014921
25898,Neutral,0.6984907781899816,0.010649137901613981,0.2908600839084044
25899,LOF,0.223382494748124,0.02124745682086011,0.755370048431016
25900,LOF,0.4667235603279892,0.012744224203674067,0.5205322154683367
25901,LOF,0.05021634994639005,0.011711036440571252,0.9380726136130387
25902,LOF,0.15919135348921043,0.015767412869752185,0.8250412336410374
25903,Neutral,0.574756105587598,0.030056971522781372,0.3951869228896206
25904,LOF,0.3262897136492385,0.04050638728011405,0.6332038990706474
25905,LOF,0.02475123437909763,0.3112357869747024,0.6640129786461999
25906,LOF,0.031584371091469006,0.08263832432278279,0.8857773045857483
25907,LOF,0.014040124152220258,0.31213355434098916,0.6738263215067906
25908,LOF,0.010007448645241699,0.2414856393544245,0.7485069120003338
25909,LOF,0.012887197603586331,0.13212045167007874,0.8549923507263351
25910,LOF,0.049501926372560505,0.15340106269637074,0.7970970109310688
25911,LOF,0.18235502749395896,0.03379036018197288,0.7838546123240682
25912,LOF,0.044995329781265185,0.06021158061842276,0.894793089600312
25913,LOF,0.33043173002056336,0.026493253531925845,0.6430750164475107
25914,LOF,0.020049322573985055,0.05675796448383138,0.9231927129421835
25915,Neutral,0.591831259746411,0.12512736655456203,0.283041373699027
25916,LOF,0.0826558590575881,0.18968734685026237,0.7276567940921496
25917,LOF,0.06250174807996717,0.040320017472516824,0.8971782344475161
25918,LOF,0.02049881909117947,0.03230526953088775,0.9471959113779328
25919,LOF,0.018093525702511624,0.03276970751808078,0.9491367667794075
25920,GOF,0.10917693322365853,0.5296603039694135,0.361162762806928
25921,LOF,0.023443798232996003,0.039026182690203456,0.9375300190768006
25922,LOF,0.031062323381621147,0.026995345640813285,0.9419423309775655
25923,LOF,0.46304440539397856,0.03753869232920879,0.4994169022768128
25924,LOF,0.0348394048258335,0.05064601798021176,0.9145145771939547
25925,LOF,0.06970671307805507,0.040749044277107294,0.8895442426448377
25926,LOF,0.05226741853464777,0.03697581663291205,0.9107567648324402
25927,LOF,0.05400885859601019,0.14322382184582047,0.8027673195581694
25928,LOF,0.016810260486623048,0.055643595256315646,0.9275461442570612
25929,Neutral,0.5760234596618418,0.03962368066987223,0.3843528596682861
25930,LOF,0.06901477608900965,0.03345483127925178,0.8975303926317385
25931,LOF,0.023324860117088706,0.033414799451262106,0.9432603404316493
25932,LOF,0.026831938243015163,0.030996933137269263,0.9421711286197155
25933,LOF,0.03687593699978208,0.021058759552923804,0.942065303447294
25934,LOF,0.02292233621308528,0.022284709503180834,0.954792954283734
25935,LOF,0.06334315859089476,0.05126426471306571,0.8853925766960395
25936,LOF,0.04221194115578006,0.02595862767796392,0.931829431166256
25937,LOF,0.02708953437303191,0.03882902685268839,0.9340814387742797
25938,LOF,0.06682815497284919,0.05193316561090693,0.8812386794162439
25939,LOF,0.03758515271325682,0.022594267590487136,0.939820579696256
25940,LOF,0.02940719268586332,0.34803572605997446,0.6225570812541622
25941,LOF,0.18840355775693873,0.10010896454093164,0.7114874777021296
25942,LOF,0.0138339457507848,0.03430489335010625,0.951861160899109
25943,LOF,0.3012201674592233,0.04561765516756277,0.653162177373214
25944,Neutral,0.49732373625358045,0.02098948057294996,0.4816867831734695
25945,LOF,0.07759738031090498,0.021021118263068482,0.9013815014260265
25946,LOF,0.03307338855448981,0.11783296106470571,0.8490936503808044
25947,LOF,0.11143739844182493,0.15864547811229457,0.7299171234458806
25948,LOF,0.3660285875277533,0.00841543345715046,0.6255559790150962
25949,LOF,0.1302490329145532,0.03696995883211329,0.8327810082533336
25950,GOF,0.32167430936245417,0.36128219555068286,0.31704349508686297
25951,LOF,0.20283777911661918,0.2722698919311282,0.5248923289522526
25952,LOF,0.04626284640598794,0.43311187970409826,0.5206252738899139
25953,LOF,0.1608084314693204,0.11330263124472821,0.7258889372859515
25954,Neutral,0.42801004866678216,0.17797713156730313,0.39401281976591485
25955,LOF,0.04712932999585324,0.0822843800192613,0.8705862899848855
25956,LOF,0.1809666104050828,0.10584932683626887,0.7131840627586483
25957,LOF,0.040819097768012236,0.030811786628151837,0.928369115603836
25958,LOF,0.05650040487902416,0.03039131896425561,0.9131082761567202
25959,LOF,0.06279125077206246,0.3849044027630082,0.5523043464649294
25960,LOF,0.015449436571872624,0.052951198713513184,0.9315993647146142
25961,LOF,0.044256141147178386,0.029354446625833634,0.9263894122269879
25962,LOF,0.054320628136534904,0.022346704967362775,0.9233326668961024
25963,LOF,0.043060476909616535,0.19098135493208798,0.7659581681582955
25964,LOF,0.03369665930108969,0.15501035791589327,0.8112929827830171
25965,LOF,0.428386917996818,0.058006765033484765,0.5136063169696973
25966,Neutral,0.5342240782897506,0.15032253063249457,0.3154533910777549
25967,LOF,0.017302837826759808,0.09622055017109564,0.8864766120021446
25968,LOF,0.037900144683231045,0.3993816984059496,0.5627181569108194
25969,LOF,0.037208811512334086,0.06398290668336094,0.8988082818043048
25970,LOF,0.060589479434084,0.060057023120153256,0.8793534974457626
25971,LOF,0.06538065218669097,0.023481128989806983,0.9111382188235021
25972,LOF,0.06576038976564023,0.03467547260532278,0.8995641376290371
25973,LOF,0.08221622163652943,0.009066581006844703,0.9087171973566258
25974,LOF,0.19998210691316198,0.013878316202020449,0.7861395768848176
25975,LOF,0.05013462211455925,0.02472101364944613,0.9251443642359947
25976,LOF,0.04179408964064057,0.013776033673232076,0.9444298766861273
25977,LOF,0.14248864753813337,0.0942884227636211,0.7632229296982457
25978,LOF,0.15666697043695366,0.08076561848305122,0.7625674110799951
25979,LOF,0.13992756092683184,0.07887085418847718,0.7812015848846909
25980,LOF,0.24455999513608473,0.09467353419191991,0.6607664706719953
25981,LOF,0.2735921479571804,0.09300178113810707,0.6334060709047126
25982,LOF,0.43216919668181175,0.062323535130540446,0.5055072681876478
25983,LOF,0.40956286518021723,0.07288393697025836,0.5175531978495245
25984,LOF,0.04775307626857296,0.045265650060397726,0.9069812736710293
25985,LOF,0.038958752676626386,0.2895405389896586,0.671500708333715
25986,LOF,0.04769945900936451,0.3196153013735147,0.6326852396171208
25987,LOF,0.08228459747973153,0.06943084734012153,0.8482845551801469
25988,LOF,0.15211284886493298,0.05794195372187518,0.7899451974131918
25989,LOF,0.034471435948534405,0.11000878573849111,0.8555197783129743
25990,LOF,0.04220702023437294,0.1653113095195245,0.7924816702461026
25991,LOF,0.1265429729687574,0.2277066110572822,0.6457504159739603
25992,LOF,0.31378860640237205,0.12955472261810946,0.5566566709795184
25993,LOF,0.024376054959765293,0.06584228742874192,0.9097816576114927
25994,LOF,0.018647407891531374,0.0772250425845923,0.9041275495238763
25995,LOF,0.024360725821613544,0.17683973964270935,0.7987995345356771
25996,GOF,0.30886062037105416,0.3862883542965812,0.3048510253323647
25997,LOF,0.08545552651363833,0.3445749735314797,0.5699694999548819
25998,Neutral,0.5359171624977775,0.026070603299521565,0.4380122342027009
25999,LOF,0.10869378276755269,0.07652105404919025,0.8147851631832571
26000,LOF,0.1452382810717553,0.053387856072243986,0.8013738628560007
26001,LOF,0.1982618809241966,0.04865903057264311,0.7530790885031603
26002,LOF,0.1265989430025024,0.04475394442378371,0.8286471125737138
26003,GOF,0.011078427732767957,0.5738142682931694,0.41510730397406265
26004,GOF,0.022357347377244884,0.6563608880749702,0.32128176454778495
26005,LOF,0.006752714427746754,0.43520298669210383,0.5580442988801493
26006,Neutral,0.5042606756317082,0.2381141425709229,0.2576251817973689
26007,GOF,0.021704259076751463,0.5103034175472072,0.46799232337604124
26008,GOF,0.018961135674134127,0.594756857713609,0.3862820066122569
26009,GOF,0.02092438113018099,0.6734570838919541,0.30561853497786495
26010,GOF,0.026195746571755905,0.6100886539383207,0.36371559948992344
26011,LOF,0.007125672204812388,0.41695444612534277,0.5759198816698449
26012,GOF,0.015392172735550689,0.536410414101611,0.4481974131628384
26013,GOF,0.019833972145130913,0.5901684047318182,0.38999762312305075
26014,LOF,0.04659680028945481,0.09521308003542073,0.8581901196751245
26015,LOF,0.1658007374099219,0.016646927242448272,0.8175523353476298
26016,LOF,0.19911693237811207,0.060648963907228945,0.740234103714659
26017,LOF,0.2211068135706183,0.09355336649363502,0.6853398199357467
26018,LOF,0.08180058894759258,0.03655638108757521,0.8816430299648321
26019,LOF,0.0777538895533276,0.02980800373383885,0.8924381067128336
26020,LOF,0.06681229846291566,0.10542953459542816,0.8277581669416562
26021,LOF,0.047849244151263494,0.10285327486511198,0.8492974809836246
26022,LOF,0.010601828590931688,0.03725702471203901,0.9521411466970292
26023,LOF,0.06389073055230968,0.023006617680775925,0.9131026517669144
26024,LOF,0.03120148891504743,0.11891203892092045,0.8498864721640322
26025,LOF,0.14798411915549464,0.10422206466014342,0.7477938161843619
26026,LOF,0.334183516996261,0.029705732837980038,0.6361107501657589
26027,LOF,0.06179086966826175,0.017920127250579756,0.9202890030811585
26028,LOF,0.17506687241798133,0.06611107723486327,0.7588220503471554
26029,LOF,0.07679860164974785,0.17512360177616276,0.7480777965740895
26030,LOF,0.022506071965236452,0.047700568934912854,0.9297933590998506
26031,LOF,0.027327872891370883,0.1285681588838845,0.8441039682247446
26032,LOF,0.06039172694561006,0.07755426889340525,0.8620540041609848
26033,LOF,0.07525178382418989,0.07557571132635567,0.8491725048494545
26034,LOF,0.042367230981698444,0.1541230919525928,0.8035096770657086
26035,LOF,0.025043285393617783,0.14233219148588314,0.8326245231204991
26036,LOF,0.03707355584128263,0.15997033538159164,0.8029561087771258
26037,LOF,0.021206011452168785,0.11717078885710383,0.8616231996907274
26038,LOF,0.05696526033447312,0.07972423227340414,0.8633105073921228
26039,LOF,0.05153197960436576,0.143939739773372,0.8045282806222622
26040,LOF,0.19134027971435458,0.13017491689371552,0.6784848033919298
26041,LOF,0.021756432835664037,0.10631282066601648,0.8719307464983195
26042,LOF,0.02025822541445019,0.10153443126598928,0.8782073433195605
26043,LOF,0.056508012076058704,0.09144028659474414,0.8520517013291972
26044,LOF,0.018726683254963305,0.06238155601071458,0.9188917607343221
26045,LOF,0.06738389924155032,0.0996192844774849,0.8329968162809647
26046,LOF,0.05271174995228659,0.07551449071348847,0.8717737593342249
26047,LOF,0.07067721372499668,0.07999009875079573,0.8493326875242075
26048,LOF,0.04496765116245149,0.04349899881916563,0.9115333500183829
26049,Neutral,0.9672772066452662,0.007063539135943653,0.025659254218790152
26050,Neutral,0.9518327027498923,0.009367889245330163,0.03879940800477746
26051,LOF,0.04574068318924974,0.2592891140694975,0.6949702027412527
26052,LOF,0.06592425919836953,0.29733707063048614,0.6367386701711443
26053,LOF,0.06130812714988204,0.14260689346807823,0.7960849793820398
26054,LOF,0.05380269938251616,0.016661938802904376,0.9295353618145794
26055,LOF,0.07134580176383995,0.015283146052421027,0.9133710521837392
26056,LOF,0.06204953119310919,0.01717545533042871,0.9207750134764622
26057,LOF,0.0315208387204167,0.011580293673026439,0.9568988676065568
26058,LOF,0.03243856775886091,0.009529524222133016,0.9580319080190061
26059,LOF,0.2837180543266964,0.020374688755358875,0.6959072569179447
26060,LOF,0.04186164457836371,0.17481534468616652,0.7833230107354697
26061,LOF,0.017221407474362085,0.011489555570717973,0.9712890369549201
26062,LOF,0.009955231162166874,0.018341491239057105,0.971703277598776
26063,LOF,0.02139306288385037,0.010884156125466669,0.9677227809906829
26064,LOF,0.02197353790907021,0.022068354033831825,0.955958108057098
26065,LOF,0.02644245432196354,0.012368803510776079,0.9611887421672604
26066,LOF,0.021129735662274825,0.01115128607781128,0.967718978259914
26067,LOF,0.029341375309448196,0.009159650206489523,0.9614989744840622
26068,LOF,0.04751273410207815,0.027843963000021545,0.9246433028979002
26069,LOF,0.2618967442984105,0.018575696413039074,0.7195275592885505
26070,LOF,0.40695416829402714,0.015299235160466518,0.5777465965455064
26071,LOF,0.020701902647231856,0.012591494013070147,0.9667066033396979
26072,LOF,0.019761741491663962,0.018091676162907164,0.9621465823454288
26073,LOF,0.021735476428075336,0.011429528587180061,0.9668349949847446
26074,Neutral,0.9117068260330444,0.005604201657341534,0.08268897230961413
26075,LOF,0.046410697654825195,0.013758297744912891,0.9398310046002618
26076,LOF,0.040277407688339546,0.00926845646764522,0.9504541358440154
26077,LOF,0.00948115435475289,0.014625777555540051,0.9758930680897071
26078,LOF,0.014655005368465958,0.011063168960531465,0.9742818256710025
26079,LOF,0.06399750502180455,0.015638478341363057,0.9203640166368325
26080,LOF,0.0629661193434404,0.01567618901921442,0.9213576916373453
26081,LOF,0.037320918851099984,0.007055229833329878,0.9556238513155703
26082,LOF,0.01309551381657574,0.015665427692039012,0.9712390584913853
26083,LOF,0.19783774243488478,0.014281846251250403,0.7878804113138649
26084,LOF,0.04350007143073066,0.0115808828082339,0.9449190457610355
26085,LOF,0.03878876942424321,0.011058384450847503,0.9501528461249092
26086,LOF,0.02118496705160189,0.011161602537606216,0.9676534304107919
26087,LOF,0.02427673966951954,0.008098532713242622,0.967624727617238
26088,LOF,0.015242530770848875,0.020826035129862787,0.9639314340992884
26089,LOF,0.04321496030587788,0.0210707550067074,0.9357142846874148
26090,LOF,0.042910686085429806,0.017384899289378107,0.9397044146251922
26091,LOF,0.03230672260646984,0.006421282963922418,0.9612719944296079
26092,LOF,0.022951877321880643,0.008244043767434933,0.9688040789106843
26093,LOF,0.03498316465073172,0.00587737447221724,0.9591394608770509
26094,LOF,0.037949481830159414,0.005957372944729714,0.9560931452251108
26095,LOF,0.042274344754813425,0.013782147586845104,0.9439435076583416
26096,LOF,0.017104170567132343,0.011648898905937921,0.9712469305269297
26097,LOF,0.012112232224861675,0.0325916644794485,0.9552961032956898
26098,LOF,0.08440613682884765,0.011320415233601602,0.9042734479375508
26099,LOF,0.021479679778264017,0.012931823073017606,0.9655884971487183
26100,LOF,0.02359584605014235,0.012501530208940344,0.9639026237409172
26101,LOF,0.04580000541838744,0.015352798105370777,0.9388471964762418
26102,LOF,0.021568390102027175,0.012212834378325706,0.9662187755196472
26103,Neutral,0.8814337655787505,0.018477276712339327,0.1000889577089101
26104,LOF,0.08307184252752609,0.023930593727017994,0.8929975637454559
26105,LOF,0.21378739749151188,0.2411969772837104,0.5450156252247778
26106,LOF,0.17362110132529862,0.11320002471275259,0.7131788739619488
26107,LOF,0.2211182578423484,0.07217181665244367,0.706709925505208
26108,LOF,0.22825293094574392,0.08561093572885602,0.6861361333254
26109,LOF,0.088700929394498,0.057069978616152886,0.854229091989349
26110,LOF,0.21983489094626077,0.007804134593747809,0.7723609744599914
26111,Neutral,0.5234173168913634,0.029365409350104326,0.44721727375853226
26112,LOF,0.031881761994154406,0.007958665704891541,0.9601595723009541
26113,LOF,0.061298390993929586,0.016637030988550062,0.9220645780175203
26114,LOF,0.0243687454550631,0.02943017120835606,0.9462010833365808
26115,LOF,0.07932410617328292,0.05493350244298233,0.8657423913837347
26116,LOF,0.06379027361958214,0.060818609391673426,0.8753911169887445
26117,LOF,0.42844188579256687,0.0440446896871225,0.5275134245203106
26118,LOF,0.032467721272916354,0.02563724205399976,0.9418950366730838
26119,LOF,0.02395612436621445,0.03478243470865464,0.9412614409251309
26120,LOF,0.02506797691398763,0.020512608342458737,0.9544194147435536
26121,LOF,0.04036439033036464,0.08914952090007182,0.8704860887695636
