feature0,prediction,LoGoFunc_Neutral,LoGoFunc_GOF,LoGoFunc_LOF
25546,Neutral,0.6311258861810664,0.05549976143705485,0.31337435238187883
25547,Neutral,0.512137230416281,0.09408001473083258,0.3937827548528865
25548,Neutral,0.49717894554134906,0.08632879568954224,0.4164922587691086
25549,LOF,0.43898266576831135,0.08385415750971638,0.4771631767219722
25550,LOF,0.36683591240308566,0.10410397157030232,0.529060116026612
25551,LOF,0.31970829933517414,0.11358169549367207,0.5667100051711539
25552,LOF,0.280238164868933,0.11531193119467834,0.6044499039363886
25553,Neutral,0.7958377333235478,0.04848544105316529,0.15567682562328675
25554,LOF,0.3170286189737869,0.10792555984776091,0.5750458211784522
25555,LOF,0.27580660961096315,0.09841584289558718,0.6257775474934496
25556,Neutral,0.45613245200252056,0.0916565456988945,0.4522110022985849
25557,LOF,0.2708508335438351,0.10374561071957175,0.6254035557365931
25558,LOF,0.33753187593898065,0.1010085025462475,0.5614596215147718
25559,LOF,0.25358073385617874,0.07046843866000428,0.675950827483817
25560,LOF,0.10838475846058786,0.15729668551287018,0.7343185560265421
25561,LOF,0.13847265316786678,0.19340418931040057,0.6681231575217327
25562,LOF,0.045299302239045575,0.11029980970066278,0.8444008880602917
25563,LOF,0.013734302177846647,0.16947424799628322,0.8167914498258702
25564,LOF,0.09511316052894866,0.123652089078622,0.7812347503924293
25565,LOF,0.17550619650327912,0.1407982714102105,0.6836955320865105
25566,GOF,0.05941823523173302,0.6748003887781233,0.2657813759901437
25567,LOF,0.034896771424495855,0.14580091126602418,0.81930231730948
25568,LOF,0.05313328875537567,0.08806311268397801,0.8588035985606463
25569,LOF,0.05952019441933404,0.08203870903528683,0.858441096545379
25570,LOF,0.027959768301016385,0.12392137459808447,0.8481188571008991
25571,LOF,0.0246047836021096,0.1312639817645891,0.8441312346333014
25572,LOF,0.062402841331051444,0.16399093466009826,0.7736062240088504
25573,LOF,0.06266268406207307,0.10644897196716341,0.8308883439707635
25574,LOF,0.06093601939980482,0.22135305050868917,0.717710930091506
25575,LOF,0.023774442299370348,0.1370780739896832,0.8391474837109464
25576,LOF,0.02722047591832395,0.1908106632807269,0.7819688608009492
25577,LOF,0.03319889500572153,0.15167131761093194,0.8151297873833464
25578,LOF,0.28920444650990457,0.10627746728334761,0.6045180862067477
25579,LOF,0.18479348148424407,0.10275704767237616,0.7124494708433798
25580,LOF,0.020927914957731563,0.08936009138275673,0.8897119936595117
25581,LOF,0.04544841683842186,0.08936260153041917,0.8651889816311591
25582,LOF,0.04509253276798341,0.08665411431163311,0.8682533529203834
25583,LOF,0.025676329857688317,0.10266821070601077,0.871655459436301
25584,Neutral,0.7166599439603817,0.13506526789195267,0.14827478814766556
25585,LOF,0.020810804631817073,0.18974581597899057,0.7894433793891923
25586,LOF,0.01716970836890883,0.09284079925713559,0.8899894923739556
25587,LOF,0.01700599596606474,0.08321990108148104,0.8997741029524542
25588,LOF,0.020835705442960803,0.08176363138051883,0.8974006631765202
25589,Neutral,0.5199053811386587,0.23790292693230314,0.24219169192903825
25590,LOF,0.04705930676189718,0.1286325348639242,0.8243081583741786
25591,LOF,0.07199445035287624,0.0744360600398093,0.8535694896073144
25592,LOF,0.059066255665136916,0.15903273596095194,0.7819010083739112
25593,LOF,0.11378350013887539,0.28867176558184027,0.5975447342792843
25594,LOF,0.056335600410518355,0.06685798021784575,0.8768064193716357
25595,LOF,0.057888209442897465,0.03929338044392416,0.9028184101131783
25596,LOF,0.1160168212082904,0.025050560954591322,0.8589326178371184
25597,LOF,0.08517982263977045,0.02946991173701638,0.8853502656232132
25598,LOF,0.05523687581995914,0.045440596330015154,0.8993225278500258
25599,LOF,0.021023114263946745,0.36902982603602125,0.6099470597000319
25600,LOF,0.14586856832405792,0.4210920286188385,0.4330394030571037
25601,LOF,0.037280063055328584,0.330810180273293,0.6319097566713785
25602,LOF,0.02755096253644709,0.08123960897116808,0.8912094284923848
25603,LOF,0.038578711466832546,0.060257964486672456,0.901163324046495
25604,LOF,0.039872305133713676,0.10738962723218028,0.8527380676341061
25605,LOF,0.03206469979949832,0.1926659190732109,0.7752693811272907
25606,LOF,0.40800051918230956,0.1653385991452879,0.4266608816724025
25607,LOF,0.025010878707157746,0.23157233610650288,0.7434167851863394
25608,LOF,0.03568465211387056,0.13908922168103696,0.8252261262050925
25609,GOF,0.15243348698880746,0.47670701162059104,0.37085950139060136
25610,LOF,0.015141196356617497,0.06083515584285952,0.924023647800523
25611,LOF,0.013038066855565744,0.0647647250611012,0.9221972080833332
25612,LOF,0.04415803480445695,0.0707767972855666,0.8850651679099765
25613,LOF,0.04322076408985597,0.07451097719077357,0.8822682587193704
25614,LOF,0.022732915106871344,0.05338942643319032,0.9238776584599383
25615,LOF,0.04211585913804957,0.06468393292539389,0.8932002079365566
25616,LOF,0.054430302290563906,0.06172375711007646,0.8838459405993595
25617,LOF,0.043157968403980396,0.06731015107291134,0.8895318805231084
25618,LOF,0.0493243334380471,0.09102669887000461,0.8596489676919482
25619,LOF,0.01258997329653573,0.07127433986838594,0.9161356868350783
25620,LOF,0.054640083351786106,0.07028442026992701,0.875075496378287
25621,LOF,0.057377501500031305,0.06166283056319755,0.880959667936771
25622,LOF,0.06216216911106499,0.06808518802017942,0.8697526428687556
25623,LOF,0.058598798734926724,0.04318967165457003,0.8982115296105032
25624,LOF,0.019594244204632807,0.060185347495577315,0.9202204082997899
25625,LOF,0.061604045881947754,0.06202614355810315,0.8763698105599491
25626,LOF,0.04707100265369201,0.06645816740258587,0.8864708299437222
25627,Neutral,0.8916775623772666,0.02429598934553096,0.08402644827720225
25628,LOF,0.14712905791967548,0.061681379511537876,0.7911895625687866
25629,LOF,0.060707251415327186,0.05566760317594034,0.8836251454087325
25630,LOF,0.2501711044541386,0.07498883055398675,0.6748400649918747
25631,Neutral,0.5263072886228349,0.06596678090358342,0.4077259304735817
25632,LOF,0.030077889780526678,0.07811544888030013,0.8918066613391733
25633,LOF,0.20801543125351446,0.05619887526382524,0.7357856934826602
25634,LOF,0.040316470503329545,0.09572694404123966,0.8639565854554307
25635,LOF,0.03736896514070956,0.04337334992804149,0.9192576849312489
25636,GOF,0.03450240516512481,0.568893440899157,0.3966041539357181
25637,GOF,0.05732572904692992,0.5735334923969073,0.36914077855616284
25638,GOF,0.032531002598867036,0.4925570795448344,0.47491191785629844
25639,LOF,0.03243083502810652,0.4739410159099685,0.4936281490619248
25640,Neutral,0.854566798290826,0.08417041766239756,0.061262784046776375
25641,LOF,0.08112229106718895,0.43645482198523033,0.48242288694758073
25642,LOF,0.06839454194046785,0.17137167843650417,0.7602337796230281
25643,LOF,0.25275563905581344,0.11753150792462011,0.6297128530195665
25644,GOF,0.00949686944814875,0.6322945584657914,0.3582085720860598
25645,GOF,0.010497462036593621,0.6179031687367313,0.3715993692266751
25646,LOF,0.02614076407281671,0.44538762910994656,0.5284716068172367
25647,LOF,0.011839394545202093,0.3505882819746733,0.6375723234801247
25648,LOF,0.013706329027891333,0.42732334940962047,0.5589703215624882
25649,LOF,0.008323220691665894,0.3343696360211182,0.657307143287216
25650,GOF,0.020331825392076425,0.5932675933295628,0.3864005812783608
25651,LOF,0.008228328132107046,0.4180775482423137,0.5736941236255793
25652,LOF,0.013265597969519916,0.4457915018213692,0.540942900209111
25653,GOF,0.04341938549456027,0.6042158856380598,0.35236472886737985
25654,LOF,0.010531091624571677,0.33431097893566514,0.6551579294397633
25655,GOF,0.12253665167131093,0.6222482198551832,0.2552151284735059
25656,LOF,0.33359810585020394,0.13090177439891523,0.5355001197508809
25657,LOF,0.054452541178765725,0.11656122635780349,0.8289862324634308
25658,LOF,0.3346121163484164,0.1551165244609118,0.5102713591906718
25659,Neutral,0.4458348521174477,0.1613494305520182,0.3928157173305341
25660,LOF,0.022426657588002216,0.11909790754995292,0.8584754348620449
25661,LOF,0.08872289435871983,0.0684388818433228,0.8428382237979575
25662,LOF,0.03159593631725894,0.03668357351953796,0.931720490163203
25663,LOF,0.036338626206696055,0.041319445219927746,0.9223419285733763
25664,LOF,0.1277362710487898,0.07777185100942242,0.7944918779417879
25665,LOF,0.058070890988496396,0.03271534285467242,0.9092137661568311
25666,LOF,0.09418868105498436,0.07938917722507981,0.8264221417199359
25667,LOF,0.07574851273948963,0.041924663336796536,0.8823268239237139
25668,LOF,0.03486809270577091,0.052721666677838785,0.9124102406163902
25669,LOF,0.02890506077627775,0.05126676825906352,0.9198281709646587
25670,LOF,0.1332665593293558,0.05319667874802839,0.8135367619226159
25671,LOF,0.10514134181928263,0.04130578123397307,0.8535528769467443
25672,LOF,0.0496964818791976,0.04890692126374786,0.9013965968570544
25673,LOF,0.08673325160602154,0.04812537512618181,0.8651413732677967
25674,LOF,0.07541506329218536,0.0588138943736944,0.8657710423341202
25675,LOF,0.107382705682565,0.07478556261130677,0.8178317317061282
25676,LOF,0.01771444449887756,0.058951097970997506,0.9233344575301249
25677,LOF,0.02133903818610834,0.07280374696446577,0.9058572148494259
25678,LOF,0.19371370521734674,0.08645744327725874,0.7198288515053946
25679,LOF,0.12178112966428345,0.09074804997389274,0.7874708203618238
25680,LOF,0.029816799798155744,0.12170550060645335,0.8484776995953909
25681,LOF,0.045595661487402774,0.11823848794095537,0.8361658505716418
25682,LOF,0.12626000677958446,0.08197429436332508,0.7917656988570905
25683,LOF,0.11494578257482368,0.1028657583134851,0.7821884591116911
25684,LOF,0.03601883917059638,0.06953248802051509,0.8944486728088885
25685,LOF,0.1108470213641668,0.07095089878040965,0.8182020798554236
25686,LOF,0.07105028990294865,0.111558249543086,0.8173914605539653
25687,LOF,0.11755444252634978,0.11542712862529173,0.7670184288483584
25688,LOF,0.4147029212340713,0.041758173600360105,0.5435389051655686
25689,LOF,0.2735118542611856,0.04927756847808432,0.67721057726073
25690,LOF,0.3206673912210016,0.03169765623129518,0.6476349525477033
25691,Neutral,0.6945252393988238,0.028457873395899443,0.2770168872052767
25692,LOF,0.3641230631457196,0.011645779663036962,0.6242311571912434
25693,LOF,0.043233483212766856,0.4032575780450078,0.5535089387422254
25694,LOF,0.12469248159516994,0.02019644432756126,0.8551110740772688
25695,LOF,0.11218660169511324,0.01067743164765931,0.8771359666572275
25696,LOF,0.13870684950077114,0.011843159671586037,0.8494499908276428
25697,LOF,0.06624623483321042,0.12527280345213693,0.8084809617146526
25698,LOF,0.27706938047669943,0.22754875012253464,0.4953818694007658
25699,LOF,0.45855308878451945,0.04429252187590428,0.4971543893395762
25700,LOF,0.08158728140271937,0.012856541614292036,0.9055561769829885
25701,LOF,0.17896292355590357,0.0555576912739202,0.7654793851701761
25702,GOF,0.16326610835907035,0.654026440756909,0.18270745088402074
25703,LOF,0.01504650212577565,0.17011702165303627,0.814836476221188
25704,LOF,0.03624372156606788,0.1514525698428686,0.8123037085910636
25705,LOF,0.035511774030492806,0.10410148644812042,0.8603867395213868
25706,LOF,0.13715812842402672,0.34023924438849273,0.5226026271874805
25707,LOF,0.08695030286344244,0.2709948037923232,0.6420548933442344
25708,LOF,0.04220295814026109,0.25451867489655666,0.7032783669631824
25709,LOF,0.0635369348587219,0.03354759336054377,0.9029154717807344
25710,LOF,0.01418724251447449,0.11627901227931611,0.8695337452062094
25711,LOF,0.018749322990232502,0.08025215508027833,0.9009985219294891
25712,LOF,0.016321639897374146,0.15754151161047264,0.8261368484921532
25713,LOF,0.018050373971163717,0.07213003980552284,0.9098195862233135
25714,LOF,0.06917327979797419,0.05984615871676383,0.870980561485262
25715,LOF,0.011623501208044182,0.10590167777190992,0.8824748210200458
25716,LOF,0.01211410074124015,0.09064837222832299,0.8972375270304369
25717,LOF,0.016641077020398277,0.07286644684969894,0.9104924761299028
25718,LOF,0.010937468829249127,0.07242846020647642,0.9166340709642744
25719,LOF,0.020163813007603937,0.06790464557746377,0.9119315414149323
25720,LOF,0.024149277271433442,0.053396844904360155,0.9224538778242064
25721,LOF,0.012847325161607094,0.10071964988794804,0.8864330249504448
25722,LOF,0.013747217477062102,0.07184089226819909,0.9144118902547388
25723,LOF,0.022934237407317332,0.038420537145161755,0.938645225447521
25724,LOF,0.03224683163294914,0.07003684894742013,0.8977163194196306
25725,LOF,0.011074747997398233,0.06192044755974939,0.9270048044428524
25726,LOF,0.014840001899902934,0.08641517853069423,0.8987448195694029
25727,LOF,0.012111792648390227,0.06629960856521372,0.9215885987863961
25728,LOF,0.010033914751390134,0.07716775909596202,0.9127983261526478
25729,LOF,0.010330905716871841,0.07783375103348976,0.9118353432496383
25730,LOF,0.013324279551782047,0.07774453040554738,0.9089311900426705
25731,LOF,0.022257193955874537,0.07096172571152407,0.9067810803326014
25732,LOF,0.013271696105963312,0.04710822357692243,0.9396200803171143
25733,LOF,0.01670206031515452,0.04377629545046877,0.9395216442343768
25734,LOF,0.012828616333000213,0.09962628333390584,0.8875451003330941
25735,LOF,0.01143830180255051,0.05339206330696974,0.9351696348904797
25736,LOF,0.012286574394411243,0.06355720959047141,0.9241562160151173
25737,LOF,0.011537171105961934,0.07137813598714152,0.9170846929068965
25738,LOF,0.011574011110965503,0.07341104772516104,0.9150149411638734
25739,LOF,0.019817899484365877,0.05836523622075864,0.9218168642948754
25740,LOF,0.026344673342536103,0.08370554030310481,0.8899497863543591
25741,LOF,0.01454997921610479,0.08798154444539572,0.8974684763384996
25742,LOF,0.10621396289597666,0.06098793550108178,0.8327981016029415
25743,LOF,0.03760736035967395,0.05223899065090051,0.9101536489894255
25744,Neutral,0.6394498432599586,0.2112105411721774,0.14933961556786393
25745,LOF,0.06335056688155347,0.07355193204847398,0.8630975010699725
25746,LOF,0.04185427102653986,0.09646062103875347,0.8616851079347067
25747,LOF,0.02503825410218912,0.0852079734535414,0.8897537724442695
25748,LOF,0.1364518423899338,0.13392615530444646,0.7296220023056197
25749,LOF,0.027420308365833326,0.08967681663849883,0.8829028749956679
25750,LOF,0.06918018624840883,0.10317022098331453,0.8276495927682768
25751,LOF,0.11032027171556132,0.13906603667842501,0.7506136916060137
25752,GOF,0.10360421470453682,0.6407360134580671,0.2556597718373961
25753,LOF,0.025490581289408343,0.31189143402365205,0.6626179846869396
25754,GOF,0.015710703937844957,0.8092561682358738,0.17503312782628141
25755,LOF,0.02750520595706336,0.37201090632929307,0.6004838877136436
25756,LOF,0.04860742716485918,0.3870209219588453,0.5643716508762955
25757,GOF,0.02113509820312727,0.8617522343142331,0.11711266748263956
25758,GOF,0.026784625984091065,0.7966742875483244,0.17654108646758448
25759,GOF,0.010843548978392622,0.623926515103848,0.36522993591775943
25760,LOF,0.016307408479045812,0.3136247644478061,0.6700678270731482
25761,GOF,0.25906952509815506,0.6653016744527808,0.07562880044906414
25762,LOF,0.041366199142088826,0.31604998106961496,0.6425838197882963
25763,LOF,0.01600540067382051,0.21981296688474333,0.7641816324414361
25764,GOF,0.07046917023343154,0.6622571970741833,0.2672736326923853
25765,GOF,0.0347257693953576,0.7705222373544643,0.194751993250178
25766,GOF,0.06098597384661402,0.8097159837317015,0.12929804242168438
25767,GOF,0.14384921688054458,0.5207876851787976,0.33536309794065766
25768,LOF,0.10562111693827059,0.05694269242206055,0.8374361906396688
25769,LOF,0.048864598742907016,0.05733824584761563,0.8937971554094772
25770,LOF,0.3129793906858399,0.09649011290868469,0.5905304964054754
25771,LOF,0.05344632111659286,0.05728347537598501,0.8892702035074221
25772,LOF,0.018657671918007695,0.04523883925913848,0.9361034888228539
25773,LOF,0.05360807113958696,0.07391736108822722,0.8724745677721858
25774,LOF,0.029686117120643767,0.10229566031148958,0.8680182225678668
25775,LOF,0.05801802832077607,0.053953685808697194,0.8880282858705268
25776,LOF,0.06413604999796055,0.03233058461911608,0.9035333653829234
25777,LOF,0.34934553694966625,0.08342511410756803,0.5672293489427657
25778,LOF,0.06370357002130504,0.051020528814269106,0.8852759011644259
25779,GOF,0.3857412506079412,0.5651961379148989,0.049062611477159956
25780,GOF,0.33570590526150196,0.5911957764462222,0.07309831829227588
25781,GOF,0.1142732326765801,0.7770115598364004,0.10871520748701952
25782,GOF,0.1674511356147262,0.754653648040445,0.07789521634482882
25783,GOF,0.02260975010776662,0.6779095748386339,0.29948067505359954
25784,Neutral,0.5100060771032962,0.45000520462223,0.03998871827447382
25785,Neutral,0.48366091097207375,0.4750722625690605,0.041266826458865806
25786,GOF,0.03447655557035212,0.7797394525178327,0.1857839919118151
25787,Neutral,0.6591626645909568,0.31530623008074915,0.02553110532829402
25788,LOF,0.05545645637911343,0.09616263816808995,0.8483809054527967
25789,GOF,0.1886456236748324,0.6762283553241043,0.1351260210010633
25790,GOF,0.2527143901180276,0.6485566356305571,0.09872897425141532
25791,GOF,0.1503406905614112,0.6959770898743709,0.15368221956421785
25792,GOF,0.3575424101066102,0.530721987197747,0.11173560269564278
25793,GOF,0.23412984484993687,0.5289125129143898,0.23695764223567337
25794,GOF,0.2901599810747042,0.5194657033374365,0.19037431558785944
25795,GOF,0.06983010664680549,0.6645084553855891,0.2656614379676056
25796,Neutral,0.5054124243406984,0.4192537451037127,0.07533383055558884
25797,GOF,0.08233292514513961,0.5591257440130004,0.35854133084185996
25798,GOF,0.00909785153722484,0.5410153678986127,0.4498867805641624
25799,LOF,0.007271779367829794,0.4611476718051236,0.5315805488270466
25800,GOF,0.03688692896258461,0.6096327084901374,0.35348036254727794
25801,GOF,0.23194886662481545,0.6688696904231304,0.09918144295205424
25802,GOF,0.06349046015423641,0.6978428920482923,0.2386666477974713
25803,GOF,0.039739468745078554,0.5960548811938486,0.3642056500610728
25804,GOF,0.03471770668060947,0.5281980832011435,0.43708421011824716
25805,GOF,0.12729574600865282,0.6055825738116446,0.2671216801797025
25806,GOF,0.1337675775445603,0.6027258867816121,0.26350653567382765
25807,GOF,0.019724909351478557,0.6476261066501812,0.3326489839983403
25808,GOF,0.11131390273716138,0.593562851033418,0.29512324622942065
25809,GOF,0.0204854588935342,0.6404804176894172,0.33903412341704864
25810,GOF,0.02059433096728531,0.6439186701564829,0.3354869988762318
25811,Neutral,0.5103450713783306,0.42404237718849364,0.06561255143317572
25812,GOF,0.04223799472582939,0.636659457145608,0.32110254812856254
25813,Neutral,0.5758781620904546,0.3257026774828536,0.0984191604266918
25814,GOF,0.13983523536135622,0.6589978613121971,0.2011669033264467
25815,GOF,0.26317964933002086,0.5577730180522721,0.1790473326177071
25816,GOF,0.022699783583579318,0.6848561664338546,0.2924440499825662
25817,GOF,0.23865141798520853,0.631682337344981,0.12966624466981044
25818,GOF,0.047597866034831904,0.571178068990841,0.38122406497432715
25819,GOF,0.3611539617581099,0.4816748959426719,0.1571711422992182
25820,GOF,0.2261023181618481,0.5682541691477431,0.20564351269040884
25821,GOF,0.07139087670367966,0.6521152451451855,0.2764938781511348
25822,GOF,0.2601751698776736,0.510648376427896,0.22917645369443043
25823,GOF,0.034921366013237774,0.5225560872576408,0.4425225467291215
25824,GOF,0.0933612050259803,0.5438596943937923,0.36277910058022744
25825,GOF,0.03469545732761809,0.5557213861919614,0.40958315648042043
25826,GOF,0.013816954753581355,0.5315203250335012,0.45466272021291754
25827,GOF,0.025913304973906048,0.5921734153183434,0.38191327970775063
25828,GOF,0.016089646163859068,0.5075080343673308,0.4764023194688101
25829,GOF,0.006965635141502655,0.5566538429704985,0.4363805218879989
25830,LOF,0.04349266986779812,0.28783749723928476,0.6686698328929171
25831,GOF,0.18683359501506866,0.676038991183915,0.13712741380101634
25832,GOF,0.033342578294127824,0.6851236475023684,0.28153377420350373
25833,GOF,0.12680417781810155,0.6889945794337831,0.18420124274811547
25834,GOF,0.03979997028610171,0.681433307431353,0.2787667222825454
25835,GOF,0.10324631158787155,0.6868390490640643,0.20991463934806404
25836,GOF,0.04412481822198427,0.6621580713544439,0.29371711042357174
25837,GOF,0.024348598285384365,0.537717997271704,0.4379334044429116
25838,GOF,0.08010012042660433,0.7174914378333461,0.2024084417400495
25839,GOF,0.2859866936473165,0.5573332642450788,0.1566800421076047
25840,GOF,0.23408550136643416,0.5750791334626605,0.1908353651709053
25841,GOF,0.22465111229157986,0.5861592922914385,0.18918959541698163
25842,GOF,0.18640624714482187,0.6520703210796267,0.1615234317755514
25843,GOF,0.21447168119133117,0.658498007557713,0.1270303112509557
25844,GOF,0.05903885347599354,0.6706598296517825,0.27030131687222386
25845,GOF,0.013770176089956976,0.5226756803935517,0.4635541435164913
25846,GOF,0.10321800027218118,0.7219014643422715,0.17488053538554738
25847,GOF,0.11491264272157047,0.7494253940356852,0.13566196324274443
25848,GOF,0.03673956554371663,0.6735799832829867,0.28968045117329655
25849,GOF,0.010231477293903954,0.5691394926815218,0.4206290300245742
25850,GOF,0.02134951424213777,0.6349953070070332,0.3436551787508289
25851,GOF,0.016558049666436973,0.5338823867319064,0.4495595636016567
25852,GOF,0.1585433759479795,0.5553498986002169,0.2861067254518036
25853,GOF,0.333377038129656,0.5843003032130031,0.08232265865734094
25854,GOF,0.018423788671157987,0.605756759280832,0.3758194520480102
25855,GOF,0.040834573789353644,0.5705755212614758,0.3885899049491704
25856,GOF,0.23816921014294984,0.5452283014705998,0.2166024883864504
25857,LOF,0.03792914247636647,0.47838399435414175,0.48368686316949183
25858,GOF,0.018632258648736588,0.5837605918846802,0.3976071494665832
25859,GOF,0.010642029838997051,0.5599093819316623,0.4294485882293406
25860,GOF,0.3817093086602038,0.5265392776884708,0.09175141365132543
25861,GOF,0.3693769627859707,0.547452774017519,0.08317026319651037
25862,GOF,0.07885759552380808,0.787907337171699,0.1332350673044929
25863,GOF,0.08276546904574263,0.7928563438993425,0.12437818705491491
25864,GOF,0.18697074983328843,0.7337864119334597,0.07924283823325183
25865,GOF,0.07802044182756417,0.7778275681996368,0.14415198997279893
25866,GOF,0.061157908499328555,0.8041874124099332,0.1346546790907383
25867,GOF,0.08071575080950255,0.8107263291128002,0.10855792007769713
25868,GOF,0.25784502514244345,0.6397070427582641,0.10244793209929241
25869,Neutral,0.6855359192201638,0.2725313878787908,0.04193269290104539
25870,LOF,0.3239795517477676,0.2777486134365697,0.39827183481566264
25871,GOF,0.20829628089681684,0.636680584720242,0.1550231343829411
25872,GOF,0.09043807049169916,0.6218344315785934,0.2877274979297074
25873,GOF,0.17046595092717215,0.6139723452178125,0.21556170385501525
25874,LOF,0.022622613899549924,0.11966232331821124,0.8577150627822387
25875,LOF,0.08487243153260476,0.06076808611813821,0.8543594823492571
25876,LOF,0.030121842927478895,0.04881227647705596,0.9210658805954651
25877,Neutral,0.5431670830035972,0.07281409385298591,0.384018823143417
25878,LOF,0.23632941843128116,0.1260949094950558,0.6375756720736631
25879,LOF,0.09753643524280015,0.11884127309206444,0.7836222916651355
25880,LOF,0.024484101954975357,0.025092302903306014,0.9504235951417186
25881,LOF,0.17089285651220365,0.18514317029746563,0.6439639731903307
25882,LOF,0.07687760873612123,0.02118422917130173,0.901938162092577
25883,LOF,0.07947097030812153,0.028624373643067844,0.8919046560488106
25884,LOF,0.043564841152967784,0.04058818814734086,0.9158469706996912
25885,LOF,0.06621877122072103,0.017089545842179695,0.9166916829370994
25886,LOF,0.36873979494977743,0.05152983017575832,0.5797303748744641
25887,LOF,0.16717679569628469,0.1132231841473563,0.7196000201563589
25888,LOF,0.07130431575266283,0.08946209883399904,0.8392335854133381
25889,LOF,0.05396273219823433,0.026719612914629477,0.9193176548871361
25890,LOF,0.04903817011778792,0.14058358545515337,0.8103782444270587
25891,LOF,0.03962382765217522,0.058846020647510607,0.9015301517003141
25892,LOF,0.10394699169754879,0.028740462793382358,0.8673125455090689
25893,LOF,0.26580264742131404,0.021805974422488328,0.7123913781561976
25894,LOF,0.18090271977941386,0.01154193625845113,0.8075553439621351
25895,LOF,0.20504821445744023,0.025349237083260666,0.769602548459299
25896,LOF,0.050088230134371185,0.027984699501127218,0.9219270703645016
25897,LOF,0.2328813596066182,0.018134552709248,0.7489840876841337
25898,Neutral,0.718188100124892,0.01351504933120141,0.26829685054390656
25899,LOF,0.25977036146186155,0.03713951097722083,0.7030901275609176
25900,LOF,0.4576357398198262,0.01645337456006109,0.5259108856201128
25901,LOF,0.05758067789552355,0.015095103775138492,0.927324218329338
25902,LOF,0.1773930681846286,0.013569017061671044,0.8090379147537005
25903,Neutral,0.5111944964438374,0.036830917266509396,0.4519745862896532
25904,LOF,0.2884822459360636,0.06294410924649256,0.648573644817444
25905,LOF,0.02768798891945102,0.2989250022872097,0.6733870087933392
25906,LOF,0.023764690528935428,0.06905162270581723,0.9071836867652474
25907,LOF,0.013954828946473152,0.3210923083067144,0.6649528627468124
25908,LOF,0.01219448396308675,0.2113599896988091,0.776445526338104
25909,LOF,0.014150906030692481,0.14426338101100872,0.8415857129582989
25910,LOF,0.044477125058458494,0.10629084128123142,0.84923203366031
25911,LOF,0.14215895557205233,0.028084820255841254,0.8297562241721065
25912,LOF,0.04097260891156158,0.04754947570728261,0.9114779153811559
25913,LOF,0.26775769850973336,0.02306183421563262,0.709180467274634
25914,LOF,0.02368778995737479,0.11114356966337557,0.8651686403792497
25915,Neutral,0.4418613704222095,0.2735623386579344,0.28457629091985615
25916,LOF,0.06610515060963375,0.2900270697704272,0.643867779619939
25917,LOF,0.06077034522477095,0.062291511604609696,0.8769381431706195
25918,LOF,0.032023373202169615,0.07141817477032343,0.896558452027507
25919,LOF,0.026194269999050404,0.07300790255023855,0.900797827450711
25920,GOF,0.08242728817118021,0.4915413989751737,0.426031312853646
25921,LOF,0.03250485332813792,0.01856027578001956,0.9489348708918426
25922,LOF,0.04286817672735527,0.012996896834664559,0.9441349264379801
25923,LOF,0.39562250713844915,0.01547267359936727,0.5889048192621835
25924,LOF,0.04012167631671392,0.023986823166925568,0.9358915005163605
25925,LOF,0.070179718582113,0.02369447352364866,0.9061258078942382
25926,LOF,0.04968741160265606,0.017468606763296386,0.9328439816340476
25927,LOF,0.07250008759315943,0.05036316913744338,0.8771367432693973
25928,LOF,0.02397706845575481,0.02412662815336618,0.951896303390879
25929,Neutral,0.5084569104613254,0.016795685836374166,0.47474740370230045
25930,LOF,0.05821669325793321,0.012238998497275801,0.929544308244791
25931,LOF,0.032542607349258255,0.01707827532659631,0.9503791173241455
25932,LOF,0.027346420057145035,0.013915782423753402,0.9587377975191017
25933,LOF,0.03743834712783607,0.008678474538901982,0.953883178333262
25934,LOF,0.023852816272082356,0.009623887881346585,0.9665232958465712
25935,LOF,0.06384825678550198,0.029250781579181425,0.9069009616353166
25936,LOF,0.046477800759487806,0.012464545003707382,0.9410576542368049
25937,LOF,0.028491380819413624,0.021625103746693988,0.9498835154338923
25938,LOF,0.0657017073061842,0.031193142192107774,0.9031051505017081
25939,LOF,0.0378209346918829,0.008304846172395216,0.953874219135722
25940,LOF,0.024550598452484643,0.3646186553013433,0.6108307462461721
25941,LOF,0.1773051564098067,0.07993470304457218,0.7427601405456212
25942,LOF,0.017712563831731833,0.03297327039706152,0.9493141657712066
25943,LOF,0.33363963870614705,0.051213937623106956,0.6151464236707461
25944,Neutral,0.4907935917178728,0.03070135788125446,0.4785050504008727
25945,LOF,0.08107463424361236,0.02166025303122679,0.8972651127251609
25946,LOF,0.026110340794794944,0.144663800868668,0.8292258583365372
25947,LOF,0.12287947727872194,0.20086301903257298,0.6762575036887052
25948,LOF,0.4719495137375467,0.01738383865610169,0.5106666476063516
25949,LOF,0.10723008046034183,0.07291749453170915,0.8198524250079491
25950,GOF,0.28118379833738444,0.4337817026763791,0.2850344989862365
25951,LOF,0.25676822804622673,0.21397777323412204,0.5292539987196513
25952,GOF,0.05270145120253177,0.4755965287479872,0.4717020200494811
25953,LOF,0.13497463318241854,0.1221270327306746,0.7428983340869069
25954,Neutral,0.40850373893112957,0.20986208583655597,0.38163417523231447
25955,LOF,0.06229903948694247,0.09243303370393273,0.8452679268091249
25956,LOF,0.17620039421155162,0.0934054668730077,0.7303941389154408
25957,LOF,0.04163661839856165,0.03083654057227291,0.9275268410291655
25958,LOF,0.056985384588510095,0.029177279195000776,0.9138373362164892
25959,LOF,0.06561297987253123,0.32918701703864267,0.605200003088826
25960,LOF,0.023796844509625124,0.061689580801864784,0.9145135746885101
25961,LOF,0.048888981812468355,0.03587293507865238,0.9152380831088792
25962,LOF,0.06181573573445237,0.031165933239828827,0.9070183310257188
25963,LOF,0.05087915055442154,0.16258884759626496,0.7865320018493135
25964,LOF,0.033160894431392966,0.13103252670830876,0.8358065788602983
25965,LOF,0.4345315225970592,0.0881407831070995,0.47732769429584126
25966,Neutral,0.44448651988250915,0.16500329346532802,0.3905101866521628
25967,LOF,0.01267691717159238,0.07815611525348252,0.9091669675749251
25968,LOF,0.03398948830476396,0.46227412783070304,0.503736383864533
25969,LOF,0.019839887466321388,0.05918519713941486,0.9209749153942638
25970,LOF,0.05356743393508612,0.0657895466921483,0.8806430193727656
25971,LOF,0.06839513170358251,0.01910378268087597,0.9125010856155417
25972,LOF,0.07662505134214276,0.029321516650021886,0.8940534320078353
25973,LOF,0.09170660248118517,0.009412358498784138,0.8988810390200306
25974,LOF,0.23764507510000815,0.023408764124275564,0.7389461607757164
25975,LOF,0.04883197449450786,0.03074541272519084,0.9204226127803014
25976,LOF,0.047316751684494084,0.020388662343684,0.932294585971822
25977,LOF,0.1412235132607189,0.09780923044144528,0.7609672562978358
25978,LOF,0.10522095345262701,0.07244439495450798,0.822334651592865
25979,LOF,0.10757552500738665,0.0703166331772205,0.8221078418153929
25980,LOF,0.12984887014741983,0.10713356105449308,0.7630175687980871
25981,LOF,0.15973701487264852,0.10428352789302309,0.7359794572343283
25982,LOF,0.3336926722716584,0.06101124349731912,0.6052960842310225
25983,LOF,0.33536069810310637,0.061612734511116124,0.6030265673857774
25984,LOF,0.04934265556630193,0.0812834324173997,0.8693739120162983
25985,LOF,0.02329324991350443,0.2770277122202328,0.6996790378662628
25986,LOF,0.035877729421647034,0.28254829415413685,0.6815739764242161
25987,LOF,0.07597339607782048,0.09754151682722209,0.8264850870949575
25988,LOF,0.11837814500676597,0.08006123232829154,0.8015606226649425
25989,LOF,0.027310372004414496,0.13900655930126873,0.8336830686943167
25990,LOF,0.03440186841830909,0.17167310935331076,0.79392502222838
25991,GOF,0.1628150385958515,0.4689965677879134,0.3681883936162351
25992,Neutral,0.3702581610930957,0.2747427945677716,0.35499904433913276
25993,LOF,0.02454941863170624,0.0856513592380334,0.8897992221302604
25994,LOF,0.01680477947904172,0.15531880957254635,0.827876410948412
25995,LOF,0.026138194747850854,0.20597550916718452,0.7678862960849645
25996,GOF,0.24878055971844085,0.5892388445318739,0.1619805957496852
25997,GOF,0.10378447215507303,0.5748886469513582,0.32132688089356876
25998,Neutral,0.539209489584444,0.012751325741311235,0.44803918467424475
25999,LOF,0.12052096165966733,0.15073443349215349,0.7287446048481793
26000,LOF,0.16740768659351754,0.0391776637858233,0.7934146496206592
26001,LOF,0.19486341242929286,0.039377379997522936,0.7657592075731843
26002,LOF,0.16988904192992724,0.037961362913812774,0.7921495951562599
26003,GOF,0.008436223635327084,0.6425965038158349,0.348967272548838
26004,GOF,0.019847368530922154,0.7154121129394618,0.26474051852961605
26005,GOF,0.008150107763435301,0.5485930331687888,0.4432568590677759
26006,Neutral,0.4890165386738326,0.29998281614147615,0.2110006451846912
26007,GOF,0.016035209767071592,0.5912734259138764,0.392691364319052
26008,GOF,0.01732225120382478,0.6130261034328803,0.3696516453632949
26009,GOF,0.02319070326104149,0.6489185929686204,0.3278907037703381
26010,GOF,0.02228514551221517,0.6905871107058975,0.2871277437818874
26011,GOF,0.0074149348789373385,0.5210981564525364,0.47148690866852627
26012,GOF,0.013632112202366927,0.613063822812328,0.3733040649853051
26013,GOF,0.014877056954609804,0.6674659964669925,0.3176569465783977
26014,LOF,0.042417141220898624,0.18786510857071234,0.769717750208389
26015,LOF,0.2098767601407366,0.01403933805959446,0.7760839017996689
26016,LOF,0.20735802157731534,0.06326780824844735,0.7293741701742373
26017,LOF,0.16983649270902124,0.10677057956742328,0.7233929277235555
26018,LOF,0.0750167565682727,0.061077358235834676,0.8639058851958925
26019,LOF,0.07125670270085176,0.042557094748420225,0.886186202550728
26020,LOF,0.04967361139223539,0.13396462585650076,0.8163617627512638
26021,LOF,0.04468283875999876,0.15917229639632052,0.7961448648436806
26022,LOF,0.011377567112630427,0.06398676357558673,0.9246356693117829
26023,LOF,0.10095660982758319,0.04021866585923526,0.8588247243131816
26024,LOF,0.026890193104071987,0.13122827340112342,0.8418815334948047
26025,LOF,0.13317782379069923,0.1409471263106147,0.725875049898686
26026,LOF,0.28714284993428973,0.03187535769693003,0.6809817923687802
26027,LOF,0.0718403940546139,0.03148263966999663,0.8966769662753894
26028,LOF,0.15831396487256214,0.09486551141866391,0.7468205237087738
26029,LOF,0.07758350058389271,0.1421670600258997,0.7802494393902075
26030,LOF,0.028921614448567973,0.055379181429337114,0.915699204122095
26031,LOF,0.033555981060894954,0.11598285460938962,0.8504611643297154
26032,LOF,0.07188030228448401,0.06793896742833819,0.8601807302871779
26033,LOF,0.11877752203326451,0.07763179427669262,0.8035906836900428
26034,LOF,0.048774446128565116,0.12628840168992517,0.8249371521815096
26035,LOF,0.0347443300843229,0.10760266318478318,0.857653006730894
26036,LOF,0.046823961379606344,0.13284433885694377,0.82033169976345
26037,LOF,0.029590976461781656,0.09379011841037593,0.8766189051278425
26038,LOF,0.06855503448991337,0.06594968198811867,0.865495283521968
26039,LOF,0.06678363793729043,0.11793091554477998,0.8152854465179296
26040,LOF,0.20212264469484748,0.10954894802462636,0.6883284072805262
26041,LOF,0.02862053646251063,0.08608936905483146,0.8852900944826579
26042,LOF,0.02784804854127918,0.08663629627085946,0.8855156551878614
26043,LOF,0.06808544911973521,0.08320622096132894,0.8487083299189359
26044,LOF,0.024758505487286735,0.06843131973705728,0.906810174775656
26045,LOF,0.08671286662943326,0.08299222862294398,0.8302949047476227
26046,LOF,0.07130729497432543,0.0872409754536074,0.8414517295720673
26047,LOF,0.09858419497863587,0.09930851643892463,0.8021072885824394
26048,LOF,0.05100922339041119,0.05715155870520342,0.8918392179043855
26049,Neutral,0.9505611855410749,0.008430167230994934,0.041008647227930205
26050,Neutral,0.9286523050484023,0.009836420167329527,0.06151127478426818
26051,LOF,0.048150503134641115,0.33392108703858947,0.6179284098267694
26052,LOF,0.07460035680248753,0.30327912438661664,0.6221205188108958
26053,LOF,0.055019344853603484,0.1514729587411174,0.7935076964052791
26054,LOF,0.06288415748155808,0.03680624576066836,0.9003095967577736
26055,LOF,0.07828415999313229,0.024925259380587518,0.8967905806262803
26056,LOF,0.0666157077617673,0.031473774553350625,0.901910517684882
26057,LOF,0.031134592971227386,0.016715441666231245,0.9521499653625413
26058,LOF,0.03181270497917381,0.014978214614618911,0.9532090804062073
26059,LOF,0.2811644051369164,0.04533221170601656,0.673503383157067
26060,LOF,0.033201109126551345,0.22926639040475197,0.7375325004686967
26061,LOF,0.018781739042367965,0.018609218075711236,0.9626090428819208
26062,LOF,0.012235055081028437,0.026614393665475997,0.9611505512534956
26063,LOF,0.02174332839068126,0.015681795618007126,0.9625748759913115
26064,LOF,0.024321501395306564,0.02559797358973269,0.9500805250149608
26065,LOF,0.025077722943038352,0.019830365763628583,0.955091911293333
26066,LOF,0.020455639655842375,0.015706038676014396,0.9638383216681431
26067,LOF,0.025541299204145617,0.012686105145924052,0.9617725956499303
26068,LOF,0.05185423209168169,0.055254953945804895,0.8928908139625135
26069,LOF,0.2565602700462115,0.03353308197342577,0.7099066479803627
26070,LOF,0.38554345955187314,0.02227940494708634,0.5921771355010405
26071,LOF,0.021579582194427287,0.019499597148691452,0.9589208206568812
26072,LOF,0.024618976117686944,0.02843676216586574,0.9469442617164473
26073,LOF,0.023449475904573865,0.01511846435934476,0.9614320597360815
26074,Neutral,0.9085000758115177,0.0077737430459679365,0.08372618114251433
26075,LOF,0.04459920561011119,0.02210692178456861,0.9332938726053203
26076,LOF,0.04495629404137607,0.013316931009696538,0.9417267749489274
26077,LOF,0.010241166702706597,0.03248250636988997,0.9572763269274034
26078,LOF,0.01493059486227504,0.018572051609246465,0.9664973535284785
26079,LOF,0.05800902407501971,0.029376748331790204,0.9126142275931901
26080,LOF,0.05666453238393096,0.0293699092271225,0.9139655583889466
26081,LOF,0.03632116411990641,0.010714137563766879,0.9529646983163267
26082,LOF,0.019937526369034887,0.027976524528594986,0.9520859491023701
26083,LOF,0.13339323434024172,0.019663728414981072,0.8469430372447772
26084,LOF,0.0255845074566365,0.024263037740779942,0.9501524548025835
26085,LOF,0.021791498445197205,0.02243366020894756,0.9557748413458552
26086,LOF,0.024608694969040588,0.015281698048541173,0.9601096069824183
26087,LOF,0.02514063828000639,0.012015563393508559,0.9628437983264851
26088,LOF,0.018471432894934293,0.03214963027327896,0.9493789368317866
26089,LOF,0.04802480910306903,0.03762670082560738,0.9143484900713237
26090,LOF,0.04671372294328761,0.030433328575479302,0.9228529484812331
26091,LOF,0.03993102869184962,0.010009651080264288,0.9500593202278862
26092,LOF,0.026164847640937513,0.012891699134599885,0.9609434532244626
26093,LOF,0.03722016525519388,0.009514392646886362,0.9532654420979199
26094,LOF,0.04462088870026165,0.009944678181208975,0.9454344331185295
26095,LOF,0.053630348198127425,0.024343489316136186,0.9220261624857363
26096,LOF,0.021950211921638204,0.01739556909467688,0.960654218983685
26097,LOF,0.010658793982509414,0.05885027963995413,0.9304909263775365
26098,LOF,0.07947728148101127,0.021276449576312098,0.8992462689426766
26099,LOF,0.024646011691525433,0.0215002810130525,0.9538537072954221
26100,LOF,0.026216653037021736,0.020216408377938224,0.9535669385850402
26101,LOF,0.05641717263565841,0.02059312297595169,0.9229897043883898
26102,LOF,0.02516942086562928,0.01773855372755878,0.9570920254068118
26103,Neutral,0.8865987914877286,0.03165499471170841,0.08174621380056288
26104,LOF,0.07153974662648206,0.05654218335489149,0.8719180700186265
26105,LOF,0.2268595732553886,0.2376105733080695,0.5355298534365419
26106,LOF,0.17339764525487011,0.1346865747033276,0.6919157800418024
26107,LOF,0.26408678684451614,0.10031436195045917,0.6355988512050247
26108,LOF,0.23251441928892894,0.14216527723057135,0.6253203034804997
26109,LOF,0.08903923593924191,0.13799741763630835,0.7729633464244497
26110,LOF,0.26087872716285304,0.00806673262927142,0.7310545402078756
26111,LOF,0.46322259770380547,0.02134454741618443,0.5154328548800102
26112,LOF,0.03539771175985646,0.008355910684802337,0.9562463775553414
26113,LOF,0.05426951068567912,0.014605181075254632,0.9311253082390663
26114,LOF,0.020127754316666708,0.01737694383305724,0.9624953018502761
26115,LOF,0.08302233628400318,0.037524496776149746,0.8794531669398471
26116,LOF,0.05287642118102958,0.028287674399126727,0.9188359044198438
26117,LOF,0.4003192972231441,0.05326617942785203,0.5464145233490039
26118,LOF,0.043511725018476444,0.030533837876113485,0.92595443710541
26119,LOF,0.023682752298557125,0.04000263946791198,0.9363146082335309
26120,LOF,0.030907186703291102,0.022358239451709373,0.9467345738449996
26121,LOF,0.0579114264406021,0.072925228361715,0.8691633451976829
26122,LOF,0.047863566980643986,0.03600199092557251,0.9161344420937835
