feature0,prediction,LoGoFunc_Neutral,LoGoFunc_GOF,LoGoFunc_LOF
25546,Neutral,0.5819318355840959,0.0501209977238879,0.3679471666920161
25547,Neutral,0.4770452695164662,0.07596459154783237,0.44699013893570133
25548,Neutral,0.4790883988501884,0.07112057763573598,0.4497910235140756
25549,LOF,0.42064523551471805,0.07286877898954472,0.5064859854957372
25550,LOF,0.3564595104865155,0.09068954582348222,0.5528509436900023
25551,LOF,0.2961659169729594,0.09276643783060555,0.611067645196435
25552,LOF,0.2779840247268001,0.09994660075393624,0.6220693745192637
25553,Neutral,0.7709896481090964,0.051969036355994855,0.17704131553490873
25554,LOF,0.30972480213324094,0.08460699532415517,0.6056682025426039
25555,LOF,0.25875013394665475,0.08509429735327975,0.6561555687000655
25556,LOF,0.42432300310641013,0.07915827683232451,0.4965187200612653
25557,LOF,0.24767924700987898,0.08949695838941257,0.6628237946007085
25558,LOF,0.3051058601495119,0.08393863909616078,0.6109555007543274
25559,LOF,0.2830750993225419,0.03254630917164035,0.6843785915058178
25560,LOF,0.12195452879150438,0.12852077317733485,0.7495246980311607
25561,LOF,0.09974557515701954,0.18505558351953538,0.7151988413234451
25562,LOF,0.039752044301263154,0.08199846998608583,0.878249485712651
25563,LOF,0.007118552194984291,0.17970742665564327,0.8131740211493725
25564,LOF,0.0730498527946149,0.09591793880977886,0.8310322083956062
25565,LOF,0.20115508175160193,0.19023207163837716,0.6086128466100209
25566,GOF,0.0862962067335133,0.7707846790912998,0.14291911417518688
25567,LOF,0.05230741766511521,0.12589156273807442,0.8218010195968103
25568,LOF,0.06491922095791834,0.09784756944848517,0.8372332095935965
25569,LOF,0.06356958882144745,0.08939804639566296,0.8470323647828896
25570,LOF,0.028528960777522466,0.1195542195568244,0.8519168196656531
25571,LOF,0.028189324582810846,0.12586239749939562,0.8459482779177935
25572,LOF,0.057848240627134416,0.17865408876546385,0.7634976706074018
25573,LOF,0.06764920425352822,0.12482522381316355,0.8075255719333081
25574,LOF,0.1034067113000377,0.2067370862070893,0.6898562024928729
25575,LOF,0.026236797665047842,0.14155067086370382,0.8322125314712484
25576,LOF,0.02851440333953816,0.23649024648593192,0.73499535017453
25577,LOF,0.031614917658013074,0.16511401288075628,0.8032710694612307
25578,LOF,0.29855151459083695,0.0842311875535776,0.6172172978555853
25579,LOF,0.20793927959598232,0.08415617025485264,0.7079045501491651
25580,LOF,0.02518798298167209,0.07913319878349502,0.895678818234833
25581,LOF,0.043751595900281326,0.10386363363724525,0.8523847704624734
25582,LOF,0.043751595900281326,0.10386363363724525,0.8523847704624734
25583,LOF,0.035331570998937266,0.08597321987118961,0.8786952091298732
25584,Neutral,0.7263841797223858,0.1045749322033942,0.16904088807422005
25585,LOF,0.02790025557123945,0.18738208235034468,0.7847176620784159
25586,LOF,0.023764640239167602,0.09899717643060835,0.8772381833302241
25587,LOF,0.022564187093888112,0.1065042250613923,0.8709315878447195
25588,LOF,0.027728066111359206,0.07928394559778101,0.8929879882908599
25589,Neutral,0.6077045448259607,0.16898129641029266,0.22331415876374652
25590,LOF,0.06294498318485744,0.12753683166224838,0.8095181851528943
25591,LOF,0.1059006760769048,0.08195538579752314,0.8121439381255721
25592,LOF,0.08468426946656063,0.1604026946953597,0.7549130358380797
25593,LOF,0.1436853976049934,0.294241636907801,0.5620729654872055
25594,LOF,0.037908281713580294,0.07953820313139727,0.8825535151550224
25595,LOF,0.04452373935072718,0.032888868298857565,0.9225873923504152
25596,LOF,0.11436418711537048,0.020441687331968453,0.8651941255526611
25597,LOF,0.0869118194139886,0.020861559420101757,0.8922266211659097
25598,LOF,0.045234843886150976,0.033617435588760666,0.9211477205250883
25599,LOF,0.02258023921384088,0.40772959126591524,0.5696901695202439
25600,LOF,0.1410994654973515,0.39075327279618355,0.46814726170646503
25601,LOF,0.04274532650012224,0.2938814993414441,0.6633731741584338
25602,LOF,0.03279001259027106,0.0826422032179692,0.8845677841917597
25603,LOF,0.06502777585608975,0.07811981658147565,0.8568524075624346
25604,LOF,0.05740657141022597,0.13175737570932747,0.8108360528804466
25605,LOF,0.05795107820800852,0.15699973645992474,0.7850491853320667
25606,Neutral,0.426359907668439,0.2726528393113244,0.30098725302023666
25607,LOF,0.036234993360549285,0.23036298042819628,0.7334020262112545
25608,LOF,0.0520894084012454,0.10368441258879374,0.8442261790099608
25609,GOF,0.18863215155862684,0.5688538886874819,0.24251395975389128
25610,LOF,0.022447061502844694,0.07050858860666402,0.9070443498904913
25611,LOF,0.015398575861504888,0.07270674583017223,0.9118946783083229
25612,LOF,0.06971126688243029,0.08501377551930034,0.8452749575982693
25613,LOF,0.0618132319944081,0.08779826419564823,0.8503885038099437
25614,LOF,0.025664080446680084,0.07493643429303493,0.899399485260285
25615,LOF,0.06775743684776013,0.06410625037487394,0.868136312777366
25616,LOF,0.07076214004581544,0.08229238877484402,0.8469454711793405
25617,LOF,0.05449584566710116,0.09114689344288919,0.8543572608900096
25618,LOF,0.05956437333077436,0.15685348517985526,0.7835821414893706
25619,LOF,0.01442083334877186,0.12402388413245827,0.8615552825187699
25620,LOF,0.04939784497645575,0.09289275722210914,0.8577093978014352
25621,LOF,0.08594309280540027,0.08347164220731315,0.8305852649872866
25622,LOF,0.09293326071537232,0.09306287490052072,0.814003864384107
25623,LOF,0.07694513324880402,0.06676858692513672,0.8562862798260592
25624,LOF,0.02337929596634348,0.07066337717033885,0.9059573268633176
25625,LOF,0.07479182082779394,0.07502724266469915,0.8501809365075068
25626,LOF,0.0605188178203541,0.07993729139339785,0.859543890786248
25627,Neutral,0.8687113971560939,0.03381584508818563,0.09747275775572038
25628,LOF,0.1769001513441916,0.07588632543200168,0.7472135232238067
25629,LOF,0.05661972914126506,0.09721169409762773,0.8461685767611072
25630,LOF,0.2747478947053687,0.10348961168915463,0.6217624936054766
25631,Neutral,0.5026073468723575,0.06715277359049104,0.4302398795371514
25632,LOF,0.026065489313834428,0.10616119661682243,0.8677733140693431
25633,LOF,0.16981027510756383,0.061231366481207555,0.7689583584112286
25634,LOF,0.04196319513264146,0.08057221532180214,0.8774645895455565
25635,LOF,0.03161560155690957,0.043990968791409166,0.9243934296516813
25636,GOF,0.03249820385623957,0.48909643926270047,0.4784053568810599
25637,LOF,0.029745037592336432,0.4665979358402632,0.5036570265674003
25638,LOF,0.02084372973511243,0.41195549890955546,0.5672007713553321
25639,LOF,0.02844941215971773,0.356392342878875,0.6151582449614073
25640,Neutral,0.797386840220045,0.1702843414396762,0.032328818340278696
25641,LOF,0.12735339215579702,0.36550113710533366,0.5071454707388693
25642,LOF,0.13022404522645592,0.2377470210955255,0.6320289336780186
25643,LOF,0.3974415760889052,0.09671517591867358,0.5058432479924213
25644,GOF,0.007604577486600841,0.6654201758151354,0.32697524669826383
25645,GOF,0.009241443662188018,0.6393331905772962,0.3514253657605157
25646,LOF,0.016017925012809787,0.4343589611257394,0.5496231138614509
25647,LOF,0.008639663863450841,0.35550586644223864,0.6358544696943105
25648,LOF,0.013028556721793594,0.3986051282411587,0.5883663150370476
25649,LOF,0.008522351845150376,0.28591790321570254,0.7055597449391471
25650,GOF,0.026215237250342537,0.5915071196935792,0.3822776430560782
25651,LOF,0.009503505210729473,0.4246071431915242,0.5658893515977463
25652,GOF,0.007406371635745494,0.543781983894718,0.4488116444695364
25653,GOF,0.02549819470091991,0.723480177147747,0.251021628151333
25654,LOF,0.010058911520891705,0.4486676494836489,0.5412734389954593
25655,GOF,0.07181374907851931,0.7356888292104404,0.19249742171104015
25656,LOF,0.23413158899740227,0.13111144825451873,0.6347569627480789
25657,LOF,0.031063982430660345,0.14802214864140362,0.8209138689279359
25658,LOF,0.2218759685138369,0.19719998335510927,0.5809240481310539
25659,LOF,0.30350770381284115,0.30362951145676526,0.39286278473039365
25660,LOF,0.022813244670009544,0.1566089510731324,0.820577804256858
25661,LOF,0.06294703808612497,0.10812317506657648,0.8289297868472986
25662,LOF,0.025962847865776528,0.06321091663211843,0.910826235502105
25663,LOF,0.029647347430264554,0.057219270467033255,0.9131333821027021
25664,LOF,0.09069163468300588,0.12042153005098095,0.7888868352660132
25665,LOF,0.04302709594935689,0.05395227049960205,0.903020633551041
25666,LOF,0.06636301653267832,0.08972149949744092,0.8439154839698807
25667,LOF,0.05394611143942126,0.06899575289136678,0.877058135669212
25668,LOF,0.027158148003405217,0.09138877276814912,0.8814530792284457
25669,LOF,0.018369904480456316,0.0769583137029324,0.9046717818166112
25670,LOF,0.11334338141640396,0.08699949785144515,0.7996571207321509
25671,LOF,0.0747093763043236,0.06390220564288737,0.861388418052789
25672,LOF,0.03673807050446393,0.08804059532441795,0.8752213341711181
25673,LOF,0.06956285485215538,0.07403342579975543,0.8564037193480891
25674,LOF,0.0655088538807812,0.09302459707736989,0.8414665490418489
25675,LOF,0.06282334191035238,0.1110689311745189,0.8261077269151288
25676,LOF,0.01483809563257864,0.1003187954127533,0.884843108954668
25677,LOF,0.01440900356932966,0.12536522454877674,0.8602257718818936
25678,LOF,0.1758918924648929,0.13074255609135926,0.6933655514437478
25679,LOF,0.10920167554278305,0.13167163228203735,0.7591266921751796
25680,LOF,0.019540156318555348,0.17117047085608278,0.8092893728253618
25681,LOF,0.031740073069243355,0.15747824749382155,0.810781679436935
25682,LOF,0.09296891241526298,0.11488600092437525,0.7921450866603618
25683,LOF,0.08804118002231977,0.13314927443513572,0.7788095455425444
25684,LOF,0.021848408623024257,0.1019563714809677,0.876195219896008
25685,LOF,0.10859857102804436,0.13710141941937698,0.7543000095525786
25686,LOF,0.05229520513781249,0.28443138173385857,0.6632734131283289
25687,LOF,0.0935713062868577,0.2665163616612156,0.6399123320519267
25688,LOF,0.43236851058593223,0.023843157082018333,0.5437883323320494
25689,LOF,0.25677073168936054,0.029650377832211108,0.7135788904784284
25690,LOF,0.34751745156383057,0.02371323020295432,0.6287693182332152
25691,Neutral,0.7380174897299658,0.023461406222311312,0.23852110404772287
25692,LOF,0.34590535038803094,0.012602199685902891,0.6414924499260661
25693,LOF,0.05040550566939948,0.4331647844603198,0.5164297098702808
25694,LOF,0.1070118420476719,0.01776822541633392,0.8752199325359942
25695,LOF,0.10440492903107294,0.010547059124200406,0.8850480118447266
25696,LOF,0.11064684473782473,0.02406154706912261,0.8652916081930526
25697,LOF,0.040755279962168815,0.07740886262288975,0.8818358574149413
25698,LOF,0.28354724557438155,0.16445132208871655,0.552001432336902
25699,LOF,0.4120085927228948,0.06385197220528584,0.5241394350718194
25700,LOF,0.05656382021010341,0.012857344301780147,0.9305788354881164
25701,LOF,0.14867994747490018,0.05117341002441282,0.800146642500687
25702,GOF,0.2314093802618237,0.6575859430405467,0.1110046766976295
25703,LOF,0.020533356327002063,0.22852002274730662,0.7509466209256913
25704,LOF,0.035652400274186966,0.16790545020985045,0.7964421495159627
25705,LOF,0.03298575772008185,0.08274177079980963,0.8842724714801085
25706,GOF,0.11550105618505808,0.44511960356396896,0.439379340250973
25707,LOF,0.10699034724552015,0.3071577539876,0.5858518987668798
25708,LOF,0.04637496197821797,0.37226033369935696,0.581364704322425
25709,LOF,0.06839061296656862,0.04639975270786795,0.8852096343255634
25710,LOF,0.018981225617648447,0.15387868847620156,0.82714008590615
25711,LOF,0.019720641206608363,0.0835322996728204,0.8967470591205712
25712,LOF,0.018773168796692812,0.19398022270348658,0.7872466084998205
25713,LOF,0.01829330584572589,0.07056926409289778,0.9111374300613764
25714,LOF,0.07508495599802995,0.05959471323724837,0.8653203307647217
25715,LOF,0.01166083896672218,0.1283041415228952,0.8600350195103825
25716,LOF,0.014251778504579251,0.12700987892645482,0.858738342568966
25717,LOF,0.01897067567336708,0.07565185562629476,0.9053774687003382
25718,LOF,0.011108882206908557,0.05221591926638158,0.9366751985267099
25719,LOF,0.024352080609463644,0.09334516645701794,0.8823027529335185
25720,LOF,0.030286699535044436,0.047879303115085155,0.9218339973498704
25721,LOF,0.011372607459139157,0.09043290158401572,0.8981944909568451
25722,LOF,0.01336708992437294,0.07445941308573442,0.9121734969898927
25723,LOF,0.02397107122893366,0.049801115433121323,0.926227813337945
25724,LOF,0.03534617312398786,0.09583678072327914,0.868817046152733
25725,LOF,0.011176206278246321,0.08493768278376546,0.9038861109379882
25726,LOF,0.016703989143851745,0.1289749003341173,0.8543211105220311
25727,LOF,0.01397217054116625,0.07549798367209633,0.9105298457867373
25728,LOF,0.01082433898558518,0.10297025771747316,0.8862054032969416
25729,LOF,0.011173528975581824,0.1009916826494902,0.887834788374928
25730,LOF,0.01477449921429794,0.1022476248315687,0.8829778759541334
25731,LOF,0.022956227623453233,0.12819501413601508,0.8488487582405316
25732,LOF,0.014374573972277191,0.0476062572122926,0.9380191688154301
25733,LOF,0.015672526024188144,0.06314550610669577,0.921181967869116
25734,LOF,0.014802031292786752,0.15279893272708192,0.8323990359801314
25735,LOF,0.010937828121453169,0.06230835364025692,0.9267538182382898
25736,LOF,0.012227419116982191,0.061250371748118024,0.9265222091348998
25737,LOF,0.013428909778312847,0.09956579313717737,0.8870052970845097
25738,LOF,0.012209545790770842,0.08652635339819399,0.901264100811035
25739,LOF,0.02018518336228793,0.07657385402808652,0.9032409626096255
25740,LOF,0.029897184453458337,0.094040955218873,0.8760618603276688
25741,LOF,0.014215826895700917,0.10219690727225565,0.8835872658320435
25742,LOF,0.10664496772676793,0.07097887419850377,0.8223761580747282
25743,LOF,0.04656315390108961,0.048702210050351004,0.9047346360485595
25744,Neutral,0.631380336587977,0.20548288013228477,0.1631367832797381
25745,LOF,0.06859664690808401,0.06615208271944042,0.8652512703724757
25746,LOF,0.04059827166899814,0.09515427823174503,0.8642474500992569
25747,LOF,0.014412417747456876,0.14771036718676986,0.8378772150657733
25748,LOF,0.07424066574371195,0.20149154525351898,0.724267789002769
25749,LOF,0.028524386719336665,0.09258866767701532,0.878886945603648
25750,LOF,0.06997547671833182,0.10477481023214538,0.8252497130495228
25751,LOF,0.08762764309891764,0.16513468087955288,0.7472376760215295
25752,GOF,0.1397761546222555,0.6505821270299423,0.20964171834780196
25753,LOF,0.03891182010979509,0.3969832987571286,0.5641048811330762
25754,GOF,0.02583498217700703,0.7635146317220687,0.21065038610092435
25755,LOF,0.044692402044163554,0.34225051232638287,0.6130570856294536
25756,LOF,0.07781047466365358,0.4542192356219968,0.4679702897143495
25757,GOF,0.02453985147223648,0.8332706218503652,0.14218952667739818
25758,GOF,0.03518780174874699,0.815736566663362,0.149075631587891
25759,GOF,0.018367215591686314,0.7014667814759687,0.28016600293234484
25760,LOF,0.024760636419598653,0.4400596285297946,0.5351797350506067
25761,GOF,0.2947162718349663,0.6230419809605432,0.0822417472044905
25762,LOF,0.05824504843476633,0.4364269054016363,0.5053280461635974
25763,LOF,0.020985525324193854,0.36403252839149836,0.6149819462843078
25764,GOF,0.08103459161929963,0.7310953294708752,0.18787007890982516
25765,GOF,0.041624064699703825,0.7863940329775936,0.1719819023227026
25766,GOF,0.11282455140599468,0.7461249728149116,0.14105047577909374
25767,GOF,0.10931910426264767,0.5184016433624887,0.3722792523748637
25768,LOF,0.09201407484464143,0.03684776567115522,0.8711381594842034
25769,LOF,0.04671953078485676,0.09402375453605842,0.8592567146790848
25770,LOF,0.3950135918375556,0.09176820918752189,0.5132181989749225
25771,LOF,0.06949980566344623,0.04837239642713926,0.8821277979094145
25772,LOF,0.01787420747574031,0.0683621702292383,0.9137636222950215
25773,LOF,0.07229497528532658,0.048091633498459324,0.8796133912162142
25774,LOF,0.024159454534604705,0.15574234267277293,0.8200982027926224
25775,LOF,0.0819407185221024,0.042587638564638104,0.8754716429132594
25776,LOF,0.06536607055453696,0.0420441817393246,0.8925897477061384
25777,Neutral,0.5129946136003363,0.09655034737400911,0.3904550390256547
25778,LOF,0.06026096721678249,0.0621511824492875,0.87758785033393
25779,GOF,0.43906996784201946,0.4878916742872443,0.07303835787073638
25780,GOF,0.38066049289274373,0.4848472785536379,0.13449222855361848
25781,GOF,0.12324142286243844,0.6855608416568983,0.19119773548066327
25782,GOF,0.18721667331680644,0.6631838168787001,0.14959950980449357
25783,GOF,0.024176086659127738,0.6561703445093651,0.3196535688315072
25784,Neutral,0.5565736855262717,0.36249917496737183,0.0809271395063564
25785,Neutral,0.5423178095175785,0.3617555468460663,0.0959266436363553
25786,GOF,0.028715455598023014,0.6637508073432852,0.3075337370586918
25787,Neutral,0.7413785520283546,0.2052157428132222,0.05340570515842312
25788,LOF,0.0465090997919158,0.06607992662154322,0.887410973586541
25789,GOF,0.226538726758302,0.602020296617642,0.17144097662405594
25790,GOF,0.27852691705467725,0.5290316552648288,0.192441427680494
25791,GOF,0.14994566946513305,0.5252765578756246,0.3247777726592425
25792,GOF,0.3667656794175568,0.3669420216596813,0.2662922989227619
25793,LOF,0.2581803920371269,0.346968281277979,0.39485132668489414
25794,GOF,0.33101728195759883,0.41124962458152137,0.2577330934608799
25795,GOF,0.06633729761398628,0.5890829619274952,0.3445797404585186
25796,Neutral,0.5258615330005605,0.343948667786916,0.13018979921252338
25797,GOF,0.08539563624008943,0.47547311223495603,0.4391312515249546
25798,GOF,0.0129482544255394,0.5143347773381883,0.4727169682362723
25799,LOF,0.011311540174866042,0.4567151151543307,0.5319733446708033
25800,GOF,0.03879164315234458,0.5766922075019321,0.3845161493457234
25801,GOF,0.24361107719621727,0.5773762863293314,0.17901263647445134
25802,GOF,0.07240826735295913,0.5687463833493214,0.35884534929771955
25803,GOF,0.05654151296949706,0.4798769500649507,0.4635815369655522
25804,LOF,0.04399752638486314,0.4426619488073429,0.513340524807794
25805,GOF,0.10846603003518102,0.47979710452787644,0.4117368654369425
25806,GOF,0.15202847253853435,0.4992041211210673,0.34876740634039827
25807,GOF,0.022577670489173658,0.5165263573821031,0.46089597212872324
25808,GOF,0.10786697379079395,0.4801908193321614,0.41194220687704464
25809,GOF,0.022697319653670226,0.49885121317218056,0.47845146717414905
25810,GOF,0.02472743968286624,0.49631211583207757,0.4789604444850562
25811,Neutral,0.5102313841604748,0.396446810888316,0.09332180495120919
25812,GOF,0.04412932479025257,0.5354510392322496,0.42041963597749776
25813,Neutral,0.6156456339868666,0.22782801881298217,0.15652634720015118
25814,GOF,0.1497594911666304,0.5422493142877868,0.30799119454558277
25815,GOF,0.32565208951772157,0.4687020399841929,0.20564587049808555
25816,GOF,0.021728597862980925,0.5773812958885548,0.4008901062484643
25817,GOF,0.23012846005739568,0.6125422564905985,0.157329283452006
25818,GOF,0.04049281065537537,0.5178522132746672,0.4416549760699575
25819,Neutral,0.4104357873969692,0.38885911796837314,0.20070509463465763
25820,GOF,0.19538277957271755,0.5184722184107508,0.28614500201653165
25821,GOF,0.06559395313602515,0.6056342939290518,0.328771752934923
25822,GOF,0.27294737597459773,0.4652748327427276,0.26177779128267475
25823,LOF,0.04249270001824537,0.46708521326366514,0.49042208671808935
25824,GOF,0.0925696143731542,0.4653672097765888,0.442063175850257
25825,GOF,0.036201438050812176,0.48773927265111716,0.47605928929807056
25826,LOF,0.013700065099603361,0.47819499678234956,0.5081049381180471
25827,GOF,0.022917325436156648,0.5020884382108414,0.4749942363530019
25828,LOF,0.01750315915300084,0.4328265998913063,0.549670240955693
25829,GOF,0.009632981906470038,0.5088567348834201,0.4815102832101098
25830,LOF,0.03175176632725531,0.22013558842262346,0.7481126452501212
25831,GOF,0.16037536399378488,0.6470028429611502,0.19262179304506494
25832,GOF,0.04435507352766248,0.6414006182823659,0.3142443081899716
25833,GOF,0.13913275911299325,0.6122951479149005,0.24857209297210625
25834,GOF,0.053287436993867926,0.6379118636743553,0.3088006993317768
25835,GOF,0.11618489981512872,0.5429676724383892,0.34084742774648213
25836,GOF,0.06745600506451006,0.6059161605389448,0.32662783439654514
25837,LOF,0.03382306685415856,0.4778007643106255,0.48837616883521595
25838,GOF,0.11740919026007979,0.6386083533822335,0.24398245635768662
25839,GOF,0.3210297267114109,0.44636864847803503,0.23260162481055394
25840,GOF,0.24351631684579064,0.4829143695081418,0.27356931364606746
25841,GOF,0.30539161869331066,0.4652003176656392,0.22940806364105018
25842,GOF,0.19117932698386628,0.5477935870000359,0.2610270860160979
25843,GOF,0.26783285026811815,0.5561684117813709,0.175998737950511
25844,GOF,0.07506016041001813,0.57049982815557,0.3544400114344119
25845,GOF,0.01881402296288685,0.4933728210801009,0.4878131559570122
25846,GOF,0.11081521601652398,0.6307109132934657,0.2584738706900102
25847,GOF,0.12880196245274186,0.6188951812606152,0.25230285628664306
25848,GOF,0.05192584395500024,0.5738464160071296,0.37422774003787024
25849,GOF,0.016624499246608533,0.5032256987200491,0.48014980203334245
25850,GOF,0.030767619809963526,0.5455344315778745,0.42369794861216203
25851,LOF,0.028543885865221462,0.4684141018448632,0.5030420122899153
25852,GOF,0.1567994853148481,0.4620193181422419,0.38118119654290994
25853,GOF,0.36846012437475784,0.5076731326794087,0.12386674294583341
25854,GOF,0.023294191780460168,0.6750181354135882,0.30168767280595155
25855,GOF,0.04903308569354432,0.5548533518886156,0.3961135624178401
25856,GOF,0.2547950295568761,0.48543627803397504,0.25976869240914896
25857,GOF,0.041533113073681446,0.5071709995027216,0.45129588742359694
25858,GOF,0.02073225841291846,0.5774377580845828,0.40182998350249877
25859,GOF,0.011608466107660803,0.5804515033052742,0.407940030587065
25860,GOF,0.32795366846329915,0.5248834202061576,0.14716291133054313
25861,GOF,0.3263690596377134,0.5515694970633391,0.12206144329894744
25862,GOF,0.0650751706846164,0.7318015170936796,0.2031233122217041
25863,GOF,0.07220294597406884,0.740093352097277,0.1877037019286542
25864,GOF,0.13281533980668517,0.7036577636817122,0.16352689651160277
25865,GOF,0.06535504510359032,0.7121080457432488,0.22253690915316093
25866,GOF,0.058241462965655924,0.7647416733069644,0.17701686372737965
25867,GOF,0.0727401337103512,0.7767099218725297,0.1505499444171191
25868,GOF,0.20583356393175709,0.6141626201306505,0.18000381593759238
25869,Neutral,0.6763752142181315,0.2549026574154881,0.06872212836638031
25870,LOF,0.22789644933914077,0.21907268816054706,0.5530308625003122
25871,GOF,0.1797364683109921,0.595917591002528,0.22434594068647992
25872,GOF,0.06922956405605832,0.5469543783276191,0.3838160576163226
25873,GOF,0.14141879157198797,0.5126665841036535,0.3459146243243586
25874,LOF,0.01934518724649692,0.07085800943467019,0.9097968033188328
25875,LOF,0.046680576578688494,0.17653498646011961,0.7767844369611919
25876,LOF,0.022189072298008514,0.09394975399928215,0.8838611737027093
25877,LOF,0.3797173489471474,0.1988748792516994,0.4214077718011532
25878,LOF,0.13168047350801226,0.2731997729865724,0.5951197535054153
25879,LOF,0.07932605409318488,0.29217632211459915,0.628497623792216
25880,LOF,0.021354274171065647,0.04689723178269178,0.9317484940462425
25881,LOF,0.20496119914467975,0.10862015089985823,0.686418649955462
25882,LOF,0.0612411323597736,0.019653979070786563,0.9191048885694398
25883,LOF,0.0847898482748332,0.032297067776146604,0.8829130839490201
25884,LOF,0.03831077633906889,0.04013737989544618,0.921551843765485
25885,LOF,0.06064155144074786,0.021137759792180116,0.918220688767072
25886,LOF,0.318911952030092,0.08108569530857107,0.6000023526613368
25887,LOF,0.20041800916365374,0.11777570542752062,0.6818062854088256
25888,LOF,0.08235767019308142,0.06886774393706957,0.848774585869849
25889,LOF,0.036822235316976426,0.043563899991443424,0.9196138646915801
25890,LOF,0.07628533309551323,0.10115294588411554,0.8225617210203713
25891,LOF,0.06606673425601405,0.05351863469687078,0.8804146310471151
25892,LOF,0.10067195339450528,0.034144325758324136,0.8651837208471705
25893,LOF,0.33022223146996826,0.024650605175347742,0.645127163354684
25894,LOF,0.18604627860336748,0.009727371762868996,0.8042263496337636
25895,LOF,0.245378602390564,0.01740600198916444,0.7372153956202715
25896,LOF,0.04987561605461225,0.01949382354943106,0.9306305603959566
25897,LOF,0.25885012994113665,0.02504617129277603,0.7161036987660873
25898,Neutral,0.7907128997355944,0.016328761792934066,0.19295833847147145
25899,LOF,0.20735048628582786,0.053698094694730025,0.7389514190194422
25900,Neutral,0.633803741633225,0.012641528664755815,0.3535547297020194
25901,LOF,0.04674552034549438,0.011891625637419025,0.9413628540170865
25902,LOF,0.18544407985017983,0.013051525812526946,0.8015043943372933
25903,Neutral,0.6421817178437952,0.05012518004939347,0.3076931021068113
25904,LOF,0.2698661062756627,0.032383000605816274,0.6977508931185211
25905,LOF,0.03766155793556448,0.36201803894791695,0.6003204031165186
25906,LOF,0.02947236687389956,0.058033215306661515,0.912494417819439
25907,LOF,0.014447299859375358,0.3647084673118512,0.6208442328287733
25908,LOF,0.017017954253997762,0.23164344752382401,0.7513385982221782
25909,LOF,0.017511863821839703,0.11500320501481523,0.867484931163345
25910,LOF,0.02354800813507741,0.419379030348621,0.5570729615163016
25911,LOF,0.05829093794951629,0.05676826455529644,0.8849407974951873
25912,LOF,0.028921114586392065,0.09660572644257281,0.8744731589710351
25913,LOF,0.2370085376264325,0.031305460289242235,0.7316860020843252
25914,LOF,0.022593343497986147,0.10375692951750119,0.8736497269845127
25915,Neutral,0.4183602639580107,0.35733331310097205,0.2243064229410172
25916,GOF,0.033372666238913766,0.49127561278528553,0.4753517209758007
25917,LOF,0.04507389277059213,0.06689898593568366,0.8880271212937242
25918,LOF,0.027776448540508022,0.058575434616075776,0.9136481168434161
25919,LOF,0.024887571884483126,0.06410309799762154,0.9110093301178953
25920,GOF,0.11813826974585577,0.4918069397311315,0.39005479052301284
25921,LOF,0.02984694897585188,0.025104312355535455,0.9450487386686126
25922,LOF,0.040472705780320715,0.018376508611438747,0.9411507856082405
25923,LOF,0.39085071013211337,0.023808697991413948,0.5853405918764726
25924,LOF,0.0427310171636169,0.02573054317688113,0.9315384396595019
25925,LOF,0.07158956980943543,0.03215397497136269,0.8962564552192019
25926,LOF,0.05578372834363824,0.020261121210258637,0.9239551504461032
25927,LOF,0.06906928912994696,0.05036648249286539,0.8805642283771876
25928,LOF,0.023003606041525224,0.01938464201420791,0.957611751944267
25929,Neutral,0.535147669663767,0.030244491735978995,0.4346078386002541
25930,LOF,0.06699218001632294,0.017539012453320676,0.9154688075303564
25931,LOF,0.02795931953671431,0.016510163123259775,0.955530517340026
25932,LOF,0.02795994278087896,0.016452483229337612,0.9555875739897834
25933,LOF,0.038061121785263885,0.01067460298858996,0.9512642752261462
25934,LOF,0.026027653418789796,0.015914232014417478,0.9580581145667927
25935,LOF,0.0683276678295395,0.031171345405492434,0.9005009867649681
25936,LOF,0.043205162847462376,0.018541812852213575,0.938253024300324
25937,LOF,0.03514301188174311,0.020119091312368463,0.9447378968058885
25938,LOF,0.06433564419886409,0.038305218668178494,0.8973591371329575
25939,LOF,0.04087403186479949,0.01086562817668471,0.9482603399585159
25940,LOF,0.029807193409699374,0.44473000573565785,0.5254628008546428
25941,LOF,0.17807938100869267,0.04512047857595421,0.7768001404153532
25942,LOF,0.015807866192860544,0.01574837465290265,0.9684437591542367
25943,LOF,0.33977885164198063,0.03138631424390511,0.6288348341141142
25944,LOF,0.47582779849251916,0.018005237467442224,0.5061669640400387
25945,LOF,0.06606976237497779,0.01987958896890903,0.9140506486561132
25946,LOF,0.042334909810714194,0.15607112879191853,0.8015939613973673
25947,LOF,0.1612503834948879,0.1720804858250279,0.666669130680084
25948,LOF,0.4394381195670347,0.016702965536923235,0.5438589148960421
25949,LOF,0.12362391547367248,0.04749605162663529,0.8288800328996921
25950,GOF,0.21938664342404315,0.4615457128064343,0.31906764376952257
25951,LOF,0.2551563737564793,0.10449039968592794,0.6403532265575929
25952,LOF,0.05591041020326369,0.444179316773634,0.49991027302310237
25953,LOF,0.14577418915489737,0.09486157933586417,0.7593642315092384
25954,Neutral,0.4226986897837347,0.21848916008544436,0.358812150130821
25955,LOF,0.06576596952221155,0.10652140149439851,0.8277126289833899
25956,LOF,0.2288720061067191,0.0533601093208561,0.7177678845724248
25957,LOF,0.04428063603147278,0.01792465795130243,0.9377947060172248
25958,LOF,0.06535668351205427,0.02590436957047738,0.9087389469174684
25959,LOF,0.10720681144433006,0.28550310848721094,0.6072900800684591
25960,LOF,0.02503570879121314,0.05288172371921467,0.9220825674895723
25961,LOF,0.05573939862772536,0.037813631344207545,0.906446970028067
25962,LOF,0.04868600714314102,0.041491427097893545,0.9098225657589654
25963,LOF,0.05327661538336948,0.1483895886254158,0.7983337959912147
25964,LOF,0.03594425488189641,0.1525531459186676,0.811502599199436
25965,Neutral,0.49848364294080383,0.06319116211488494,0.4383251949443112
25966,GOF,0.3000660657822046,0.3552524900093578,0.3446814442084375
25967,LOF,0.013870209216224332,0.12020018768631154,0.8659296030974641
25968,LOF,0.062220512058101515,0.36018622019981195,0.5775932677420865
25969,LOF,0.024228532866978764,0.0496441774587779,0.9261272896742434
25970,LOF,0.062415906741467755,0.06705213738799763,0.8705319558705346
25971,LOF,0.08900086712122972,0.02429357394561151,0.8867055589331588
25972,LOF,0.09442911260698261,0.0245338862978044,0.881037001095213
25973,LOF,0.08223667351602194,0.010715756995605811,0.9070475694883722
25974,LOF,0.31496630050289015,0.02967267271392286,0.655361026783187
25975,LOF,0.048360038749088334,0.028380110340258988,0.9232598509106527
25976,LOF,0.03460564467693241,0.02013358627045544,0.9452607690526121
25977,LOF,0.1296528049437458,0.09588131438111333,0.7744658806751408
25978,LOF,0.18945513918496398,0.09446221077262588,0.7160826500424101
25979,LOF,0.17757115917122973,0.08006406846065617,0.7423647723681142
25980,LOF,0.2064896110571746,0.19258073413114088,0.6009296548116846
25981,LOF,0.24558124089791558,0.17845754748629547,0.575961211615789
25982,Neutral,0.45747665975183566,0.09895152816120999,0.44357181208695445
25983,LOF,0.4269474969171993,0.08513136802926889,0.4879211350535319
25984,LOF,0.04708645982780766,0.07255921934199859,0.8803543208301937
25985,LOF,0.02303791930923883,0.22308948046317997,0.7538726002275812
25986,LOF,0.031291385327960025,0.23795799198892773,0.7307506226831123
25987,LOF,0.10059412078841777,0.05307115445669445,0.8463347247548877
25988,LOF,0.10411927404151788,0.0553783927492054,0.8405023332092767
25989,LOF,0.025599414744456664,0.07699482780607203,0.8974057574494713
25990,LOF,0.0343835186122071,0.06543348946140187,0.9001829919263911
25991,LOF,0.2140290870016765,0.28700307622250615,0.49896783677581735
25992,LOF,0.38707956131259785,0.19263518386081058,0.42028525482659157
25993,LOF,0.031463459274524264,0.0637270355858669,0.9048095051396089
25994,LOF,0.020209188376647452,0.08869669808119025,0.8910941135421624
25995,LOF,0.03536900808620164,0.07888863203187539,0.885742359881923
25996,GOF,0.24188529362464448,0.43106189656548394,0.3270528098098716
25997,LOF,0.09907446698599356,0.42174057591575503,0.4791849570982514
25998,Neutral,0.5054028042882233,0.03590196914836848,0.4586952265634082
25999,LOF,0.09858839551363659,0.18218794689206463,0.7192236575942987
26000,LOF,0.08279571631023569,0.038199039831699595,0.8790052438580648
26001,LOF,0.1938338611321807,0.052186438099454766,0.7539797007683646
26002,LOF,0.10968390722369382,0.0492439111441009,0.8410721816322053
26003,GOF,0.01362073617845351,0.7237010723152072,0.2626781915063392
26004,GOF,0.0313840171793716,0.7206727942481181,0.24794318857251024
26005,GOF,0.013780559955491012,0.5466011731574802,0.4396182668870287
26006,Neutral,0.5571520405120047,0.3050838607099568,0.1377640987780384
26007,GOF,0.02508986650910529,0.6523922297291179,0.32251790376177686
26008,GOF,0.02390370011520959,0.6353320575710172,0.3407642423137733
26009,GOF,0.04299262373964351,0.719772835755526,0.2372345405048304
26010,GOF,0.030097743869455476,0.7563792150255465,0.21352304110499812
26011,GOF,0.014452180093969081,0.5121770158229936,0.4733708040830373
26012,GOF,0.02774028306463339,0.6207166356398548,0.3515430812955118
26013,GOF,0.017464354614350468,0.7306680191324205,0.251867626253229
26014,LOF,0.03830920268271113,0.14890297393928628,0.8127878233780026
26015,LOF,0.2515994680867818,0.005650052149733537,0.7427504797634846
26016,LOF,0.33989674318847973,0.02694354282491776,0.6331597139866026
26017,LOF,0.22414268419723635,0.04722642019231286,0.7286308956104508
26018,LOF,0.10585532083176324,0.021356866473546593,0.8727878126946901
26019,LOF,0.10239231266225232,0.013362372269024125,0.8842453150687236
26020,LOF,0.08479000633198426,0.0528661630559238,0.862343830612092
26021,LOF,0.07961826624282177,0.06038055414914891,0.8600011796080292
26022,LOF,0.01470921639726429,0.02828420135643679,0.9570065822462989
26023,LOF,0.170774695076223,0.012493219962174493,0.8167320849616025
26024,LOF,0.03971315808114028,0.05712394438473634,0.9031628975341234
26025,LOF,0.1867724384951101,0.039239589947533654,0.7739879715573563
26026,LOF,0.3581958056690342,0.007668192910673838,0.634136001420292
26027,LOF,0.10575695879468908,0.008961245526951975,0.8852817956783591
26028,LOF,0.23523937984132756,0.07262711727191248,0.69213350288676
26029,LOF,0.1114121791900952,0.12783381252607787,0.7607540082838268
26030,LOF,0.0374143471858654,0.02633338869793251,0.9362522641162021
26031,LOF,0.04111845115692082,0.09264303520431434,0.8662385136387648
26032,LOF,0.07870262692014307,0.01892445837693767,0.9023729147029192
26033,LOF,0.1335488094389211,0.020092131093819642,0.8463590594672592
26034,LOF,0.06819994491365013,0.08982827456108168,0.8419717805252682
26035,LOF,0.046622515058440235,0.07550694616317577,0.8778705387783841
26036,LOF,0.06456073392622362,0.08986471537992763,0.8455745506938488
26037,LOF,0.04014988922756682,0.07284170693154432,0.887008403840889
26038,LOF,0.07862214360711678,0.018608712831961954,0.9027691435609213
26039,LOF,0.09105978419481747,0.08478473128633389,0.8241554845188486
26040,LOF,0.2472453778139808,0.058660636338004134,0.6940939858480151
26041,LOF,0.039834663220366696,0.07024655451382418,0.8899187822658092
26042,LOF,0.03973208790895927,0.0695342894802756,0.890733622610765
26043,LOF,0.07798089822230315,0.02652156740762286,0.895497534370074
26044,LOF,0.03805432842291778,0.034945442570430627,0.9270002290066515
26045,LOF,0.12025701896142181,0.05718296393026951,0.8225600171083086
26046,LOF,0.08648935379581371,0.028105261456720473,0.8854053847474658
26047,LOF,0.11611617216439939,0.03544843003116437,0.8484353978044361
26048,LOF,0.05818649560367136,0.030944653998112907,0.9108688503982157
26049,Neutral,0.9456840883905924,0.005100062442447081,0.04921584916696073
26050,Neutral,0.9208046163070464,0.005231972102339093,0.07396341159061448
26051,GOF,0.04059307885541625,0.5192061210580458,0.4402008000865381
26052,GOF,0.03890131129372407,0.6752274591822257,0.28587122952405014
26053,LOF,0.06980994983159873,0.3472630797670393,0.582926970401362
26054,LOF,0.05592318526361906,0.05860767663962826,0.8854691380967527
26055,LOF,0.05797068467498705,0.053464946695278966,0.888564368629734
26056,LOF,0.05181546529895226,0.06392794947929745,0.8842565852217503
26057,LOF,0.026398438487781745,0.0271809953706029,0.9464205661416154
26058,LOF,0.026149579948921167,0.02261187409054242,0.9512385459605364
26059,LOF,0.3207305312421961,0.06803270956327469,0.6112367591945292
26060,LOF,0.03806022937320035,0.24434644221036877,0.717593328416431
26061,LOF,0.01944873086825656,0.05210385641511608,0.9284474127166273
26062,LOF,0.015202523414061458,0.05333437953935505,0.9314630970465834
26063,LOF,0.02292691318251851,0.02807899941069683,0.9489940874067846
26064,LOF,0.026661853161929622,0.03252262140018773,0.9408155254378826
26065,LOF,0.02651995352244737,0.028125452406675903,0.9453545940708767
26066,LOF,0.020475953431916858,0.03404329440811662,0.9454807521599665
26067,LOF,0.02277902742763432,0.022351717437489125,0.9548692551348765
26068,LOF,0.05240389055134829,0.06415636561313989,0.8834397438355118
26069,LOF,0.39953119691164146,0.05715686038756664,0.5433119427007919
26070,Neutral,0.6119829312569199,0.02918697182585096,0.35883009691722906
26071,LOF,0.022816007586321078,0.03349039461702412,0.9436935977966548
26072,LOF,0.025469592331758415,0.05805770656702919,0.9164727011012124
26073,LOF,0.02501119244382333,0.026709217024155185,0.9482795905320214
26074,Neutral,0.8730731928009523,0.012626845097836157,0.11429996210121168
26075,LOF,0.04345326888215862,0.051379962649645644,0.9051667684681957
26076,LOF,0.04229974347686379,0.02066147975725359,0.9370387767658827
26077,LOF,0.010422174416697723,0.0670910343642302,0.922486791219072
26078,LOF,0.013954942384066821,0.04182415063376841,0.9442209069821648
26079,LOF,0.04920572674556215,0.05079825229177046,0.8999960209626674
26080,LOF,0.04920572674556215,0.05079825229177046,0.8999960209626674
26081,LOF,0.029731142581494438,0.017732996787352635,0.9525358606311529
26082,LOF,0.023027402748099418,0.05227562022490621,0.9246969770269944
26083,LOF,0.12582770581633054,0.027324180545472594,0.8468481136381968
26084,LOF,0.026663175270374668,0.04096498045505896,0.9323718442745664
26085,LOF,0.02180192059118262,0.03580386674082479,0.9423942126679926
26086,LOF,0.02197101917958816,0.04048044546676951,0.9375485353536425
26087,LOF,0.024698831939541827,0.02903099177717913,0.946270176283279
26088,LOF,0.024748869334430542,0.06812156269994196,0.9071295679656275
26089,LOF,0.04652321130049192,0.0512061167632906,0.9022706719362175
26090,LOF,0.04399580924221008,0.046591874264690185,0.9094123164930997
26091,LOF,0.036939090640935035,0.017058271841261657,0.9460026375178033
26092,LOF,0.027452090101748473,0.022389751105054038,0.9501581587931975
26093,LOF,0.03873480858785091,0.014465810463685357,0.9467993809484637
26094,LOF,0.04170013024891994,0.013624924639211566,0.9446749451118686
26095,LOF,0.04130022027554039,0.039672669325128404,0.9190271103993313
26096,LOF,0.018814166986695507,0.035962812002231066,0.9452230210110734
26097,LOF,0.012424924763199514,0.10549903176876814,0.8820760434680324
26098,LOF,0.059374205525280284,0.03724593042610372,0.903379864048616
26099,LOF,0.023099111780775717,0.0406585992759301,0.9362422889432942
26100,LOF,0.023658083859022332,0.03737819077134278,0.9389637253696349
26101,LOF,0.05617195860663191,0.03843488045573091,0.9053931609376372
26102,LOF,0.02518224619786384,0.02732007287226676,0.9474976809298693
26103,Neutral,0.8684307198828863,0.04955621701721195,0.08201306309990164
26104,LOF,0.04776158936022136,0.0891918429133639,0.8630465677264147
26105,LOF,0.2946932387144486,0.225843295609015,0.47946346567653647
26106,LOF,0.1561413463649981,0.11084844112504612,0.7330102125099558
26107,LOF,0.2701417443591307,0.10819669043199556,0.6216615652088737
26108,LOF,0.20040411801962718,0.11628116052672847,0.6833147214536444
26109,LOF,0.0746227799043406,0.10657196708076055,0.8188052530148988
26110,LOF,0.2925286724803714,0.044300766547323484,0.663170560972305
26111,LOF,0.46346139022493016,0.04106249044969374,0.4954761193253762
26112,LOF,0.04084131667981884,0.025616300674120865,0.9335423826460604
26113,LOF,0.05534173088808207,0.06095088873749879,0.8837073803744192
26114,LOF,0.023648881109847364,0.027864984281310696,0.9484861346088418
26115,LOF,0.11662456637622443,0.05014040124035497,0.8332350323834206
26116,LOF,0.061081554252023794,0.04369070494895208,0.8952277407990241
26117,LOF,0.24506617099056746,0.110523139014144,0.6444106899952885
26118,LOF,0.03761960729597123,0.049475146341094636,0.912905246362934
26119,LOF,0.023679924777592495,0.07118640236849408,0.9051336728539134
26120,LOF,0.02871479626943395,0.04515857874361634,0.9261266249869498
26121,LOF,0.05092626347259789,0.10498239321281644,0.8440913433145856
26122,LOF,0.06229868794710227,0.052432835780911104,0.8852684762719866
