feature0,prediction,LoGoFunc_Neutral,LoGoFunc_GOF,LoGoFunc_LOF
25546,LOF,0.395084346288075,0.1669078892540086,0.43800776445791645
25547,Neutral,0.5462105987523456,0.18062895232667447,0.27316044892098
25548,LOF,0.332650028359873,0.1950970946054052,0.4722528770347217
25549,LOF,0.3182686858552436,0.18527099690433374,0.4964603172404228
25550,LOF,0.22064671301673117,0.26350040756750365,0.5158528794157652
25551,LOF,0.17851885553763563,0.2802573462744458,0.5412237981879185
25552,LOF,0.166003704016263,0.3207259087818266,0.5132703872019103
25553,Neutral,0.6793050682201357,0.16303770956876984,0.1576572222110944
25554,LOF,0.1760884606157791,0.2501560655110699,0.5737554738731511
25555,LOF,0.1760884606157791,0.2501560655110699,0.5737554738731511
25556,LOF,0.4070262655619158,0.17976604520464745,0.41320768923343687
25557,LOF,0.17695752238537948,0.28221761662391154,0.5408248609907089
25558,LOF,0.177113758811846,0.2841936653152102,0.5386925758729438
25559,LOF,0.25353140977095273,0.10802288869684204,0.6384457015322051
25560,GOF,0.0721107196956922,0.501983204226169,0.4259060760781388
25561,LOF,0.05331191443545937,0.45445854657993323,0.4922295389846075
25562,LOF,0.05315590745526656,0.26064885259277737,0.686195239951956
25563,LOF,0.03710568289055807,0.14086594595079832,0.8220283711586436
25564,LOF,0.055315113640963136,0.17289099952282294,0.771793886836214
25565,GOF,0.19040428364490497,0.5358225751971109,0.2737731411579842
25566,GOF,0.10106416432332534,0.6658788752638696,0.2330569604128051
25567,LOF,0.037670729286699574,0.20066951504777647,0.761659755665524
25568,LOF,0.06978489568182387,0.12425343332398114,0.805961670994195
25569,LOF,0.05295466808607079,0.2003476823498113,0.746697649564118
25570,LOF,0.055315113640963136,0.17289099952282294,0.771793886836214
25571,LOF,0.055315113640963136,0.17289099952282294,0.771793886836214
25572,LOF,0.06411862125659915,0.220423642924402,0.7154577358189989
25573,LOF,0.05883727062864743,0.20284579911934417,0.7383169302520085
25574,GOF,0.05877150944731257,0.6988616473604928,0.2423668431921945
25575,LOF,0.055315113640963136,0.17289099952282294,0.771793886836214
25576,LOF,0.030467996486387948,0.1493036923356039,0.8202283111780081
25577,LOF,0.02962063927350979,0.1791772496259941,0.7912021111004962
25578,LOF,0.08943416484402536,0.3090706987799356,0.6014951363760389
25579,LOF,0.0770077897923044,0.2898394243949659,0.6331527858127298
25580,LOF,0.055315113640963136,0.17289099952282294,0.771793886836214
25581,LOF,0.06459989647352009,0.28212093468450744,0.6532791688419725
25582,LOF,0.06459989647352009,0.28212093468450744,0.6532791688419725
25583,LOF,0.055315113640963136,0.17289099952282294,0.771793886836214
25584,Neutral,0.641007184768705,0.11056190433087512,0.24843091090041983
25585,LOF,0.027767207772291504,0.15750857015203754,0.8147242220756709
25586,LOF,0.055315113640963136,0.17289099952282294,0.771793886836214
25587,LOF,0.055315113640963136,0.17289099952282294,0.771793886836214
25588,LOF,0.055315113640963136,0.17289099952282294,0.771793886836214
25589,GOF,0.29219194561903367,0.47778241504309243,0.23002563933787396
25590,LOF,0.059601636577338836,0.20285377879418418,0.7375445846284769
25591,LOF,0.06324728569766293,0.14561036011969278,0.7911423541826443
25592,GOF,0.2270795424630642,0.4717261222704505,0.30119433526648537
25593,GOF,0.059565548789564396,0.702245540812284,0.23818891039815165
25594,LOF,0.06862622723045515,0.13526417340829386,0.7961095993612509
25595,LOF,0.08058378000386389,0.12347454170973649,0.7959416782863997
25596,LOF,0.09948581051547728,0.10925218583160738,0.7912620036529153
25597,LOF,0.10761743188140149,0.09260581035600876,0.7997767577625897
25598,LOF,0.06214370328251028,0.1252362106448241,0.8126200860726657
25599,GOF,0.03646001019282297,0.6067964936210392,0.35674349618613793
25600,GOF,0.0660221561018547,0.6088383756857426,0.3251394682124026
25601,GOF,0.028501914895836075,0.5242702470954955,0.4472278380086684
25602,LOF,0.05731330840703271,0.1552633215463995,0.7874233700465677
25603,LOF,0.055315113640963136,0.17289099952282294,0.771793886836214
25604,LOF,0.06762473762181542,0.28815488473258444,0.6442203776456
25605,GOF,0.16913934423817115,0.5792335030234035,0.2516271527384254
25606,Neutral,0.5968689528618484,0.21805593047464136,0.18507511666351026
25607,GOF,0.03509929877474823,0.5136338624239324,0.45126683880131946
25608,LOF,0.058250475470893674,0.14850911700782113,0.7932404075212852
25609,GOF,0.11006849712163391,0.652510072370157,0.23742143050820905
25610,LOF,0.055315113640963136,0.17289099952282294,0.771793886836214
25611,LOF,0.055315113640963136,0.17289099952282294,0.771793886836214
25612,LOF,0.07748988009572881,0.11349759563365043,0.8090125242706206
25613,LOF,0.08462454924085949,0.12121636543672498,0.7941590853224154
25614,LOF,0.055315113640963136,0.17289099952282294,0.771793886836214
25615,LOF,0.06831784052259728,0.2419047071710372,0.6897774523063656
25616,LOF,0.055315113640963136,0.17289099952282294,0.771793886836214
25617,LOF,0.055315113640963136,0.17289099952282294,0.771793886836214
25618,GOF,0.11355509848911154,0.44582446384272645,0.44062043766816195
25619,LOF,0.055315113640963136,0.17289099952282294,0.771793886836214
25620,LOF,0.055315113640963136,0.17289099952282294,0.771793886836214
25621,LOF,0.08122062000299365,0.14092050949160775,0.7778588705053985
25622,LOF,0.08376925259519956,0.1378508105920737,0.7783799368127267
25623,LOF,0.09680122797513695,0.10080907940668733,0.8023896926181758
25624,LOF,0.055315113640963136,0.17289099952282294,0.771793886836214
25625,LOF,0.09895619070904398,0.11483062248638892,0.7862131868045672
25626,LOF,0.0660365567719336,0.11135730992745153,0.8226061333006148
25627,Neutral,0.7086122741159816,0.17500548034157787,0.11638224554244057
25628,GOF,0.032460709750492193,0.5017880053694823,0.4657512848800255
25629,LOF,0.04892095061460325,0.2529693453287321,0.6981097040566646
25630,GOF,0.19035554518901338,0.6282251965643594,0.18141925824662722
25631,GOF,0.13008583152833603,0.673998109428955,0.19591605904270906
25632,LOF,0.031191868699830993,0.13732087688318678,0.8314872544169821
25633,LOF,0.055315113640963136,0.17289099952282294,0.771793886836214
25634,LOF,0.054051722323357004,0.22451696869000845,0.7214313089866345
25635,LOF,0.055315113640963136,0.17289099952282294,0.771793886836214
25636,GOF,0.03198576869672332,0.5228442512085677,0.4451699800947089
25637,GOF,0.030171052715760375,0.5594046885871434,0.41042425869709626
25638,GOF,0.029238833932521652,0.5295601639742934,0.4412010020931849
25639,GOF,0.028343894690806407,0.5499228087303807,0.4217332965788129
25640,Neutral,0.6553904114807093,0.2568594025090717,0.08775018601021904
25641,GOF,0.053134090204419684,0.5190908767168998,0.42777503307868053
25642,LOF,0.03528105785999748,0.33229006154584523,0.6324288805941572
25643,LOF,0.2927656673143101,0.2365741915988242,0.47066014108686577
25644,GOF,0.05537199829204833,0.5079576626699902,0.43667033903796143
25645,GOF,0.0635981679724228,0.6027382511729182,0.333663580854659
25646,GOF,0.09603849057109533,0.6107544186192725,0.2932070908096323
25647,LOF,0.038778712932224006,0.3668325026350299,0.5943887844327461
25648,GOF,0.033563069320118814,0.5123095648124635,0.45412736586741775
25649,LOF,0.038355072823262455,0.22793883425627506,0.7337060929204625
25650,GOF,0.09665870283646139,0.6579975561979259,0.2453437409656127
25651,GOF,0.04936967304769469,0.5820599745582961,0.3685703523940094
25652,GOF,0.07752395383853866,0.5561578330599071,0.36631821310155416
25653,GOF,0.2505141119819087,0.521858101082838,0.22762778693525318
25654,LOF,0.04094012857180162,0.35193492434976986,0.6071249470784285
25655,GOF,0.1524252490121145,0.5630463240003921,0.2845284269874934
25656,LOF,0.14735644928313904,0.21784351112872125,0.6348000395881398
25657,LOF,0.054869485078017026,0.1636712646142517,0.7814592503077313
25658,GOF,0.06259783111234217,0.6018220222712701,0.33558014661638774
25659,GOF,0.16313239879020702,0.628491047839005,0.208376553370788
25660,LOF,0.055315113640963136,0.17289099952282294,0.771793886836214
25661,LOF,0.055315113640963136,0.17289099952282294,0.771793886836214
25662,LOF,0.055315113640963136,0.17289099952282294,0.771793886836214
25663,LOF,0.055315113640963136,0.17289099952282294,0.771793886836214
25664,LOF,0.07823683518422969,0.1999717268933754,0.721791437922395
25665,LOF,0.06450389678299691,0.15845573124976656,0.7770403719672365
25666,LOF,0.07952001769462153,0.19725310503472568,0.7232268772706528
25667,LOF,0.055315113640963136,0.17289099952282294,0.771793886836214
25668,LOF,0.055315113640963136,0.17289099952282294,0.771793886836214
25669,LOF,0.055315113640963136,0.17289099952282294,0.771793886836214
25670,LOF,0.0953420698846606,0.10896906100386519,0.7956888691114742
25671,LOF,0.055315113640963136,0.17289099952282294,0.771793886836214
25672,LOF,0.05899388896257475,0.16740893638097606,0.7735971746564493
25673,LOF,0.0783725729139493,0.17427621850381478,0.7473512085822359
25674,LOF,0.06727093872603292,0.26276719185205977,0.6699618694219073
25675,LOF,0.08044401149741376,0.1587249560090291,0.7608310324935571
25676,LOF,0.055315113640963136,0.17289099952282294,0.771793886836214
25677,LOF,0.055315113640963136,0.17289099952282294,0.771793886836214
25678,LOF,0.061462003395421676,0.15663952770500233,0.781898468899576
25679,LOF,0.1170014814550579,0.08378854111981918,0.7992099774251229
25680,LOF,0.055315113640963136,0.17289099952282294,0.771793886836214
25681,LOF,0.055315113640963136,0.17289099952282294,0.771793886836214
25682,LOF,0.055315113640963136,0.17289099952282294,0.771793886836214
25683,LOF,0.09845436644112761,0.09323425089461125,0.8083113826642611
25684,LOF,0.055315113640963136,0.17289099952282294,0.771793886836214
25685,LOF,0.06401526454021216,0.21556328440031133,0.7204214510594764
25686,LOF,0.05251380478266029,0.4510355606579552,0.49645063455938443
25687,GOF,0.048975845764972284,0.5914029790241381,0.35962117521088977
25688,GOF,0.1008294278080138,0.6585761203176105,0.2405944518743757
25689,GOF,0.053275612611837254,0.5875908753328448,0.3591335120553179
25690,GOF,0.08478196406938968,0.5829917015428252,0.3322263343877852
25691,Neutral,0.41666063491938293,0.41162156646194603,0.17171779861867117
25692,LOF,0.10528814960248299,0.11147172231967392,0.783240128077843
25693,GOF,0.062601558811838,0.6421032837286056,0.29529515745955637
25694,LOF,0.11741266670177279,0.09803862183500264,0.7845487114632246
25695,LOF,0.11361096793927157,0.0960083748598001,0.7903806572009282
25696,LOF,0.06706832839556856,0.20972976319536443,0.723201908409067
25697,LOF,0.06587678315321356,0.18329781701322814,0.7508253998335583
25698,LOF,0.07478423542221425,0.4437542011280547,0.4814615634497309
25699,GOF,0.09357991704032265,0.5520906862576938,0.3543293967019837
25700,LOF,0.055315113640963136,0.17289099952282294,0.771793886836214
25701,GOF,0.07338342846640772,0.6096191511636775,0.3169974203699148
25702,GOF,0.12320995962027596,0.6079843968063282,0.26880564357339576
25703,LOF,0.03341447271276044,0.15094683426754563,0.815638693019694
25704,LOF,0.055315113640963136,0.17289099952282294,0.771793886836214
25705,LOF,0.055315113640963136,0.17289099952282294,0.771793886836214
25706,GOF,0.07052095469779389,0.7209677247696796,0.2085113205325264
25707,GOF,0.10266578457394411,0.6412393201650913,0.2560948952609645
25708,GOF,0.042137358865583355,0.5655438608576647,0.39231878027675193
25709,LOF,0.055315113640963136,0.17289099952282294,0.771793886836214
25710,LOF,0.02401915339272401,0.16385504084000027,0.8121258057672758
25711,LOF,0.055315113640963136,0.17289099952282294,0.771793886836214
25712,LOF,0.032581701049237966,0.1680566010269787,0.7993616979237833
25713,LOF,0.055315113640963136,0.17289099952282294,0.771793886836214
25714,LOF,0.055315113640963136,0.17289099952282294,0.771793886836214
25715,LOF,0.055315113640963136,0.17289099952282294,0.771793886836214
25716,LOF,0.024121135661490274,0.20665267507170448,0.7692261892668053
25717,LOF,0.02144713289503172,0.20417221764291574,0.7743806494620525
25718,LOF,0.055315113640963136,0.17289099952282294,0.771793886836214
25719,LOF,0.055315113640963136,0.17289099952282294,0.771793886836214
25720,LOF,0.055315113640963136,0.17289099952282294,0.771793886836214
25721,LOF,0.055315113640963136,0.17289099952282294,0.771793886836214
25722,LOF,0.055315113640963136,0.17289099952282294,0.771793886836214
25723,LOF,0.055315113640963136,0.17289099952282294,0.771793886836214
25724,LOF,0.14735644928313904,0.21784351112872125,0.6348000395881398
25725,LOF,0.055315113640963136,0.17289099952282294,0.771793886836214
25726,LOF,0.055315113640963136,0.17289099952282294,0.771793886836214
25727,LOF,0.055315113640963136,0.17289099952282294,0.771793886836214
25728,LOF,0.055315113640963136,0.17289099952282294,0.771793886836214
25729,LOF,0.055315113640963136,0.17289099952282294,0.771793886836214
25730,LOF,0.055315113640963136,0.17289099952282294,0.771793886836214
25731,LOF,0.02800207568172103,0.1528139575860484,0.8191839667322305
25732,LOF,0.055315113640963136,0.17289099952282294,0.771793886836214
25733,LOF,0.055315113640963136,0.17289099952282294,0.771793886836214
25734,LOF,0.028267586525576052,0.17635764195923148,0.7953747715151924
25735,LOF,0.055315113640963136,0.17289099952282294,0.771793886836214
25736,LOF,0.055315113640963136,0.17289099952282294,0.771793886836214
25737,LOF,0.055315113640963136,0.17289099952282294,0.771793886836214
25738,LOF,0.055315113640963136,0.17289099952282294,0.771793886836214
25739,LOF,0.055315113640963136,0.17289099952282294,0.771793886836214
25740,LOF,0.055315113640963136,0.17289099952282294,0.771793886836214
25741,LOF,0.055315113640963136,0.17289099952282294,0.771793886836214
25742,LOF,0.055315113640963136,0.17289099952282294,0.771793886836214
25743,LOF,0.027169183758420902,0.16358743053915173,0.8092433857024274
25744,GOF,0.2172514510027537,0.4654112604026148,0.31733728859463145
25745,GOF,0.05950667058841859,0.5838514529515754,0.35664187646000606
25746,GOF,0.03742155094692387,0.5772993376745388,0.3852791113785374
25747,LOF,0.055315113640963136,0.17289099952282294,0.771793886836214
25748,LOF,0.0770077897923044,0.2898394243949659,0.6331527858127298
25749,GOF,0.03774087016559151,0.6366137216013085,0.32564540823310006
25750,GOF,0.04162246225091999,0.5892878942481498,0.36908964350093015
25751,LOF,0.055315113640963136,0.17289099952282294,0.771793886836214
25752,GOF,0.19417623817599514,0.5472232598935373,0.25860050193046763
25753,LOF,0.023043997028866014,0.21702640836423473,0.7599295946068992
25754,GOF,0.06423815633830553,0.6257070802663641,0.3100547633953304
25755,LOF,0.026330445266809686,0.1751136752330419,0.7985558795001484
25756,LOF,0.050081878306651194,0.27804330405485,0.6718748176384988
25757,GOF,0.03741289357866422,0.6489506885158206,0.3136364179055151
25758,GOF,0.06211961977271134,0.6391932619526307,0.2986871182746579
25759,GOF,0.03543558765764517,0.48984273997581357,0.4747216723665412
25760,LOF,0.024089364674932775,0.17787368936557574,0.7980369459594915
25761,GOF,0.3026737221034342,0.5624113576474801,0.1349149202490858
25762,LOF,0.05452167439621787,0.24236483654038093,0.7031134890634012
25763,LOF,0.01953489582736829,0.21516284599149466,0.7653022581811371
25764,GOF,0.0659445580487227,0.7454774811843131,0.18857796076696418
25765,GOF,0.07159186912332931,0.5815086992595393,0.3468994316171313
25766,GOF,0.09908304052608663,0.49002187183109175,0.41089508764282157
25767,GOF,0.1067577489940879,0.5825654730707355,0.3106767779351767
25768,LOF,0.055315113640963136,0.17289099952282294,0.771793886836214
25769,LOF,0.055315113640963136,0.17289099952282294,0.771793886836214
25770,Neutral,0.5152020529898388,0.10617507442967598,0.37862287258048527
25771,LOF,0.08188715660291956,0.16756868282856513,0.7505441605685154
25772,LOF,0.055315113640963136,0.17289099952282294,0.771793886836214
25773,LOF,0.08581961723760215,0.15294476360123216,0.7612356191611658
25774,LOF,0.05807327677595141,0.17307675086800767,0.768849972356041
25775,LOF,0.07779116403100318,0.18460594918431272,0.7376028867846841
25776,LOF,0.055315113640963136,0.17289099952282294,0.771793886836214
25777,LOF,0.2506242088909831,0.1133310531218592,0.6360447379871577
25778,LOF,0.055315113640963136,0.17289099952282294,0.771793886836214
25779,Neutral,0.47006495748533594,0.20614774475382816,0.32378729776083587
25780,Neutral,0.5148793776668639,0.25179612567775683,0.23332449665537924
25781,GOF,0.2526604506145143,0.5428132840100198,0.20452626537546584
25782,GOF,0.1927268151950444,0.5697116776562713,0.2375615071486844
25783,GOF,0.16732050651143487,0.46976608489435634,0.3629134085942089
25784,Neutral,0.43245376031891514,0.3726710458734375,0.19487519380764737
25785,Neutral,0.5608268876800704,0.2751681149422513,0.1640049973776782
25786,GOF,0.07947984202842442,0.48123972002866594,0.4392804379429096
25787,Neutral,0.6951063741148062,0.19421014592840385,0.11068347995678977
25788,LOF,0.055315113640963136,0.17289099952282294,0.771793886836214
25789,GOF,0.3071347912451214,0.38995781564761767,0.3029073931072609
25790,GOF,0.23521152669202464,0.5159405012125627,0.24884797209541276
25791,GOF,0.1886230400094775,0.5272380211030702,0.2841389388874524
25792,GOF,0.22627911202980727,0.5309986741493298,0.242722213820863
25793,GOF,0.41285424896122336,0.41496411799601934,0.17218163304275733
25794,GOF,0.3041408580187812,0.5051399654588892,0.19071917652232967
25795,GOF,0.14012139160457943,0.6681876673852859,0.19169094101013473
25796,Neutral,0.5966645427353672,0.1951155141290383,0.20821994313559455
25797,GOF,0.30377623865954645,0.46904425899621016,0.2271795023442434
25798,GOF,0.057817279908623,0.7004981938093916,0.24168452628198525
25799,GOF,0.035006123332314676,0.6492456324799984,0.31574824418768693
25800,GOF,0.1416160288295437,0.5642944720107183,0.29408949915973814
25801,GOF,0.21051213643060102,0.5266685964919031,0.26281926707749587
25802,GOF,0.2035708274204425,0.5363851679792195,0.260044004600338
25803,GOF,0.1880684523558198,0.5666438379964532,0.24528770964772703
25804,GOF,0.13132746806710335,0.7070327759105185,0.1616397560223781
25805,GOF,0.1347510502929801,0.5985137287005727,0.26673522100644714
25806,GOF,0.25180635547778424,0.4742696597184619,0.2739239848037539
25807,GOF,0.0798481393657316,0.6445952485464224,0.27555661208784604
25808,GOF,0.21969438114125,0.5646385481327442,0.21566707072600586
25809,GOF,0.0685214605567992,0.5393677222789333,0.39211081716426754
25810,GOF,0.0742049998868017,0.6091327038093551,0.3166622963038432
25811,GOF,0.2879502459730517,0.5461618605405125,0.16588789348643582
25812,GOF,0.26404662866845297,0.5106882755108829,0.22526509582066406
25813,Neutral,0.5865483905063649,0.24316653777059274,0.17028507172304228
25814,GOF,0.19009863692566414,0.5671044691120926,0.24279689396224327
25815,Neutral,0.37799372094732225,0.37273631351394293,0.24926996553873482
25816,GOF,0.10138635510736356,0.5706578694018585,0.327955775490778
25817,GOF,0.25468848673914807,0.5147572279036423,0.2305542853572097
25818,GOF,0.13963427731549385,0.6702660793696309,0.1900996433148752
25819,Neutral,0.4448577293493049,0.33108367720911264,0.2240585934415824
25820,GOF,0.3298237334950878,0.41747929923502836,0.2526969672698839
25821,GOF,0.2127717106848637,0.5724483106909554,0.21477997862418094
25822,Neutral,0.4745211706354348,0.32360505885190044,0.20187377051266484
25823,GOF,0.1425519412243741,0.661540654247641,0.1959074045279849
25824,GOF,0.22645751847810933,0.560495523783058,0.2130469577388327
25825,GOF,0.1451418890265694,0.6294177169980687,0.22544039397536178
25826,GOF,0.06267118180125919,0.6597580272227271,0.2775707909760136
25827,GOF,0.08350066982340633,0.5903941057921195,0.3261052243844743
25828,LOF,0.06806633804006945,0.4642096725890425,0.46772398937088816
25829,GOF,0.03749788275967444,0.5625079834578647,0.39999413378246085
25830,GOF,0.11355509848911154,0.44582446384272645,0.44062043766816195
25831,GOF,0.16329273177976844,0.6516484411215416,0.18505882709868995
25832,GOF,0.06439373280272341,0.6163174157764273,0.3192888514208491
25833,GOF,0.1427394326394765,0.6141562997394102,0.24310426762111337
25834,GOF,0.06211961977271134,0.6391932619526307,0.2986871182746579
25835,GOF,0.16379647887044993,0.5654324936274608,0.2707710275020892
25836,GOF,0.07302727549195782,0.664264805307779,0.26270791920026326
25837,GOF,0.07192848212359197,0.5868110015551719,0.3412605163212362
25838,GOF,0.1976896200178496,0.5468982017274115,0.25541217825473894
25839,GOF,0.27431123217926495,0.42641709779355014,0.29927167002718497
25840,GOF,0.16025906827697622,0.6001670083305889,0.2395739233924349
25841,GOF,0.20489841785860155,0.5458354545521236,0.24926612758927497
25842,GOF,0.20317576665213874,0.5396577032577096,0.2571665300901517
25843,GOF,0.2905639965039237,0.47275269778331097,0.2366833057127653
25844,GOF,0.1364426685411623,0.6219320874718798,0.24162524398695798
25845,GOF,0.039311507320785165,0.6562184461917988,0.30447004648741605
25846,GOF,0.12442886471365376,0.6937345077292492,0.18183662755709712
25847,GOF,0.11990600745845278,0.6178933606631812,0.2622006318783659
25848,GOF,0.17159641537600506,0.5751803073353662,0.25322327728862876
25849,GOF,0.0654808861227248,0.5811864581976548,0.3533326556796204
25850,GOF,0.07791094901454468,0.49019500316173664,0.4318940478237188
25851,LOF,0.08028875550759909,0.44242138353644883,0.477289860955952
25852,GOF,0.18619070229769377,0.6445277332051706,0.16928156449713555
25853,GOF,0.3715880447162416,0.43113492317497665,0.1972770321087817
25854,GOF,0.03879953493977417,0.6923600997026955,0.2688403653575302
25855,GOF,0.1912035607250019,0.5619965530299739,0.24679988624502427
25856,Neutral,0.41909070494585987,0.32905220088043563,0.25185709417370444
25857,GOF,0.18552516580885156,0.5566482240385238,0.2578266101526247
25858,GOF,0.070955940868407,0.66930393564488,0.25974012348671305
25859,GOF,0.045209275294773546,0.6099203855922359,0.3448703391129906
25860,Neutral,0.40822959740208836,0.3405337623268409,0.25123664027107084
25861,GOF,0.23037196353690137,0.5355668231841282,0.23406121327897042
25862,GOF,0.16563026564755073,0.6096486113294489,0.2247211230230002
25863,GOF,0.2052169042351225,0.553535174051154,0.24124792171372345
25864,GOF,0.13521532095482897,0.5699210404409235,0.2948636386042475
25865,GOF,0.15067145289539802,0.5692893662306137,0.28003918087398844
25866,GOF,0.18079171214706852,0.6039627664719756,0.21524552138095582
25867,GOF,0.13926824416424877,0.5938760102060348,0.2668557456297164
25868,GOF,0.36651545883394104,0.43601086521362215,0.1974736759524369
25869,Neutral,0.726531423802343,0.171051098271875,0.10241747792578196
25870,GOF,0.2270795424630642,0.4717261222704505,0.30119433526648537
25871,GOF,0.07474679750644331,0.5745174396025947,0.35073576289096203
25872,GOF,0.16462411700493684,0.6027992609746421,0.23257662202042106
25873,GOF,0.18821565916348665,0.5595254090639022,0.2522589317726111
25874,LOF,0.055315113640963136,0.17289099952282294,0.771793886836214
25875,GOF,0.060820770989883685,0.6604036414801526,0.2787755875299637
25876,LOF,0.03387035338013901,0.19345303108403344,0.7726766155358276
25877,GOF,0.3119295428868818,0.4620021000588921,0.22606835705422604
25878,GOF,0.12334892312740857,0.6171902921807806,0.2594607846918109
25879,GOF,0.03755531837746225,0.5145726469260521,0.4478720346964856
25880,LOF,0.055315113640963136,0.17289099952282294,0.771793886836214
25881,GOF,0.0948793873369684,0.682853345322879,0.22226726734015248
25882,LOF,0.07427301053178319,0.20983696245059652,0.7158900270176203
25883,LOF,0.055315113640963136,0.17289099952282294,0.771793886836214
25884,LOF,0.07140828420225964,0.23344642528938592,0.6951452905083545
25885,LOF,0.07824398452337547,0.1935654969934653,0.7281905184831593
25886,LOF,0.0770077897923044,0.2898394243949659,0.6331527858127298
25887,GOF,0.03947195649318937,0.5832470634048089,0.3772809801020018
25888,GOF,0.0645608001767997,0.6177992474764221,0.3176399523467782
25889,LOF,0.08903517129485136,0.13257166828024664,0.778393160424902
25890,GOF,0.04071356401519979,0.4808113361907769,0.4784750997940235
25891,LOF,0.06252229961419974,0.1915508029739579,0.7459268974118424
25892,LOF,0.032471747430634745,0.4543040602738375,0.5132241922955277
25893,GOF,0.042102351746917094,0.6867222807142429,0.27117536753884003
25894,LOF,0.0296567913279584,0.4780138436806262,0.49232936499141544
25895,GOF,0.03333810899815839,0.5283307270603805,0.43833116394146115
25896,LOF,0.06459989647352009,0.28212093468450744,0.6532791688419725
25897,GOF,0.03962505242005185,0.6502834167803486,0.31009153079959956
25898,GOF,0.25907137357315285,0.4018535226613779,0.33907510376546923
25899,LOF,0.08943416484402536,0.3090706987799356,0.6014951363760389
25900,Neutral,0.9136533855994043,0.02918203774508257,0.05716457665551296
25901,LOF,0.055315113640963136,0.17289099952282294,0.771793886836214
25902,LOF,0.08763227480770794,0.18079703065906946,0.7315706945332225
25903,GOF,0.08002046090528397,0.4674482094918928,0.4525313296028233
25904,LOF,0.17634468254479999,0.3288971954919812,0.4947581219632187
25905,GOF,0.060062004697022144,0.6309358466111807,0.3090021486917971
25906,LOF,0.024428598730297995,0.17140312978106395,0.8041682714886381
25907,GOF,0.03166199535515633,0.5112967929435656,0.4570412117012781
25908,LOF,0.03258216601670451,0.451009732004845,0.5164081019784504
25909,LOF,0.055315113640963136,0.17289099952282294,0.771793886836214
25910,GOF,0.03025428365970283,0.5625821512984586,0.40716356504183865
25911,LOF,0.07924035256027674,0.1336055077726539,0.7871541396670694
25912,LOF,0.05700291945576071,0.18225494752787041,0.7607421330163688
25913,GOF,0.04321807534767741,0.5141406459566161,0.44264127869570646
25914,LOF,0.055315113640963136,0.17289099952282294,0.771793886836214
25915,Neutral,0.3473121016911418,0.347093286093978,0.3055946122148801
25916,GOF,0.030836910256489897,0.5623047940224296,0.4068582957210805
25917,LOF,0.05629660213301734,0.155302306768967,0.7884010910980156
25918,LOF,0.055315113640963136,0.17289099952282294,0.771793886836214
25919,LOF,0.055315113640963136,0.17289099952282294,0.771793886836214
25920,GOF,0.10527038105007597,0.6931949719528765,0.20153464699704748
25921,LOF,0.036611881322220714,0.18237776996937866,0.7810103487084006
25922,LOF,0.03691334886471495,0.18069476269942822,0.7823918884358569
25923,LOF,0.0782116306267763,0.2898795076821181,0.6319088616911056
25924,LOF,0.04652243078759967,0.14868431972506524,0.8047932494873351
25925,LOF,0.055631540307682116,0.182461263051787,0.7619071966405309
25926,LOF,0.05899388896257475,0.16740893638097606,0.7735971746564493
25927,GOF,0.02823533644086502,0.5443197125515202,0.42744495100761476
25928,LOF,0.022783879902481093,0.16776675883368627,0.8094493612638327
25929,LOF,0.28267799729346205,0.22930709436628133,0.4880149083402568
25930,LOF,0.055315113640963136,0.17289099952282294,0.771793886836214
25931,LOF,0.027135467478291583,0.16343455150800312,0.8094299810137052
25932,LOF,0.055315113640963136,0.17289099952282294,0.771793886836214
25933,LOF,0.055315113640963136,0.17289099952282294,0.771793886836214
25934,LOF,0.055315113640963136,0.17289099952282294,0.771793886836214
25935,LOF,0.06237939840092282,0.13518450944987956,0.8024360921491975
25936,LOF,0.055315113640963136,0.17289099952282294,0.771793886836214
25937,LOF,0.03243255574098481,0.15369935326283402,0.8138680909961812
25938,LOF,0.07239652786440952,0.09754537479843567,0.8300580973371547
25939,LOF,0.055315113640963136,0.17289099952282294,0.771793886836214
25940,LOF,0.031117210625047256,0.35657783824752237,0.6123049511274303
25941,GOF,0.09144669873812358,0.5623274381037775,0.3462258631580989
25942,LOF,0.028863071825409144,0.1594649666404317,0.8116719615341592
25943,GOF,0.17990714282527426,0.5333290576134428,0.2867637995612829
25944,GOF,0.1875225034275265,0.5283442609066347,0.2841332356658388
25945,GOF,0.11355509848911154,0.44582446384272645,0.44062043766816195
25946,LOF,0.02426131169545727,0.20717629842326032,0.7685623898812824
25947,GOF,0.08780223993792748,0.5134740335294553,0.3987237265326173
25948,LOF,0.2705247657948491,0.10617614809828667,0.6232990861068642
25949,LOF,0.07376490399241355,0.17412688758814854,0.7521082084194379
25950,GOF,0.2005933171639467,0.48250768092727153,0.31689900190878173
25951,GOF,0.06453281385993576,0.5454348897053366,0.39003229643472764
25952,LOF,0.02863251723606795,0.4778225414489195,0.49354494131501253
25953,GOF,0.038219162775907166,0.6229474990568726,0.3388333381672201
25954,GOF,0.162293730416245,0.5844517770151115,0.2532544925686434
25955,GOF,0.037683693416886224,0.6476486997412728,0.31466760684184086
25956,GOF,0.037467097585492506,0.652738958820066,0.30979394359444157
25957,LOF,0.05136868958657632,0.20002094335399873,0.748610367059425
25958,LOF,0.055315113640963136,0.17289099952282294,0.771793886836214
25959,GOF,0.0371918546833283,0.6480921149630736,0.31471603035359813
25960,LOF,0.026656289723851548,0.17789675084072298,0.7954469594354254
25961,LOF,0.055315113640963136,0.17289099952282294,0.771793886836214
25962,LOF,0.08206152922190542,0.1076186183440532,0.8103198524340415
25963,GOF,0.03134382937557281,0.5443049073712367,0.42435126325319045
25964,LOF,0.055315113640963136,0.17289099952282294,0.771793886836214
25965,Neutral,0.4604929195214416,0.3624435789843903,0.17706350149416825
25966,LOF,0.08943416484402536,0.3090706987799356,0.6014951363760389
25967,LOF,0.024243180625822033,0.16121571488524788,0.8145411044889301
25968,GOF,0.040138127413047564,0.6839351708605876,0.2759267017263648
25969,LOF,0.03340719716634824,0.12760374623819248,0.8389890565954593
25970,LOF,0.03407215923278608,0.16427802313888978,0.8016498176283242
25971,LOF,0.055315113640963136,0.17289099952282294,0.771793886836214
25972,LOF,0.055315113640963136,0.17289099952282294,0.771793886836214
25973,LOF,0.0755505969905779,0.16678264566052753,0.7576667573488945
25974,Neutral,0.5410611176329326,0.1980124777205027,0.2609264046465647
25975,LOF,0.055315113640963136,0.17289099952282294,0.771793886836214
25976,LOF,0.023217198823101498,0.1805333319834697,0.7962494691934288
25977,LOF,0.04288432569977587,0.39663333119827854,0.5604823431019456
25978,LOF,0.1569922579335823,0.34691630704313303,0.4960914350232846
25979,LOF,0.16846398296101944,0.2887599391089223,0.5427760779300582
25980,LOF,0.16881863750472628,0.34047761720188563,0.4907037452933881
25981,LOF,0.16881863750472628,0.34047761720188563,0.4907037452933881
25982,LOF,0.32634058027590573,0.17365850821733553,0.5000009115067587
25983,Neutral,0.6008295173662078,0.12592086584969325,0.27324961678409887
25984,LOF,0.055315113640963136,0.17289099952282294,0.771793886836214
25985,GOF,0.05668475516588837,0.6505363195713317,0.2927789252627798
25986,GOF,0.07278268288411736,0.6678006659002546,0.25941665121562807
25987,LOF,0.05600464073792537,0.30000487157471556,0.643990487687359
25988,LOF,0.055315113640963136,0.17289099952282294,0.771793886836214
25989,LOF,0.055315113640963136,0.17289099952282294,0.771793886836214
25990,LOF,0.055315113640963136,0.17289099952282294,0.771793886836214
25991,GOF,0.1420402218722769,0.6336952437911078,0.2242645343366154
25992,GOF,0.0808642721398383,0.569934502772775,0.3492012250873866
25993,LOF,0.055315113640963136,0.17289099952282294,0.771793886836214
25994,LOF,0.055315113640963136,0.17289099952282294,0.771793886836214
25995,LOF,0.055315113640963136,0.17289099952282294,0.771793886836214
25996,GOF,0.16024315847556092,0.5838229367368679,0.2559339047875713
25997,GOF,0.0795751724756194,0.7216265716503241,0.19879825587405656
25998,GOF,0.13169202821767712,0.6225112755899859,0.24579669619233704
25999,Neutral,0.40128942653623895,0.3754510135380116,0.22325955992574953
26000,LOF,0.06093579134254974,0.16897805002007865,0.7700861586373716
26001,LOF,0.03962583053837188,0.47882733986792136,0.4815468295937067
26002,LOF,0.06689217971518158,0.16810165009221165,0.7650061701926069
26003,LOF,0.04859420017514594,0.44858514738686067,0.5028206524379933
26004,GOF,0.08535876563107173,0.631502252140111,0.2831389822288173
26005,GOF,0.03364265050993531,0.5016618715737712,0.4646954779162935
26006,Neutral,0.5560181276268592,0.22659620272161002,0.2173856696515307
26007,GOF,0.08003798464498768,0.6157495033981457,0.3042125119568666
26008,GOF,0.06117326066512795,0.5781284075692923,0.3606983317655797
26009,GOF,0.0857269996480234,0.7140296665266016,0.2002433338253749
26010,GOF,0.049940606744110244,0.6320595157675892,0.31799987748830044
26011,GOF,0.03338613447210355,0.4976587429259932,0.4689551226019033
26012,GOF,0.041215607187157124,0.6352087331318169,0.3235756596810259
26013,LOF,0.039552192234678825,0.4159007483215616,0.5445470594437596
26014,LOF,0.07338665756642908,0.14755511204406768,0.7790582303895032
26015,LOF,0.11868732422438891,0.1347455136574808,0.7465671621181302
26016,GOF,0.21934341494308252,0.5168752433117848,0.26378134174513274
26017,GOF,0.16306899714108639,0.5972736957454466,0.23965730711346706
26018,LOF,0.055315113640963136,0.17289099952282294,0.771793886836214
26019,LOF,0.055315113640963136,0.17289099952282294,0.771793886836214
26020,GOF,0.03158411567284216,0.5488533408852195,0.4195625434419382
26021,GOF,0.04409536885089393,0.5729185383388368,0.38298609281026935
26022,LOF,0.022434975381865955,0.1928602681411087,0.7847047564770253
26023,LOF,0.14735644928313904,0.21784351112872125,0.6348000395881398
26024,GOF,0.03879388183687174,0.6078539185541881,0.3533521996089401
26025,GOF,0.21861943139970452,0.5404226923279417,0.24095787627235377
26026,Neutral,0.5943259315350313,0.21137823969946468,0.19429582876550405
26027,LOF,0.055315113640963136,0.17289099952282294,0.771793886836214
26028,GOF,0.247381296836534,0.4249041287134321,0.327714574450034
26029,GOF,0.07268907215170058,0.6666509572192165,0.26065997062908297
26030,LOF,0.02126509920557458,0.19992678934919025,0.7788081114452352
26031,GOF,0.04763292118902455,0.6443308829247787,0.30803619588619674
26032,LOF,0.055315113640963136,0.17289099952282294,0.771793886836214
26033,LOF,0.14735644928313904,0.21784351112872125,0.6348000395881398
26034,GOF,0.06105617194747921,0.6420593556751397,0.29688447237738097
26035,GOF,0.04287637571104787,0.6090776004560469,0.3480460238329052
26036,LOF,0.032881827994767784,0.4300224880561624,0.5370956839490698
26037,GOF,0.03217700997290727,0.5321181767926982,0.4357048132343946
26038,LOF,0.055315113640963136,0.17289099952282294,0.771793886836214
26039,GOF,0.14129629023151138,0.6093126037482844,0.24939110602020412
26040,GOF,0.17307630259770151,0.5906040198269351,0.2363196775753635
26041,LOF,0.03274228190067401,0.4299912135288292,0.5372665045704969
26042,GOF,0.028881368324747077,0.5559193993545393,0.4151992323207137
26043,LOF,0.055315113640963136,0.17289099952282294,0.771793886836214
26044,LOF,0.0255943671223026,0.17889158304981237,0.7955140498278851
26045,GOF,0.21145207722226933,0.5376106459723967,0.25093727680533395
26046,LOF,0.055315113640963136,0.17289099952282294,0.771793886836214
26047,LOF,0.055315113640963136,0.17289099952282294,0.771793886836214
26048,LOF,0.06736492049753838,0.1736425965250889,0.7589924829773728
26049,Neutral,0.9254904228894071,0.037300577727150966,0.037208999383442014
26050,Neutral,0.8972647814345871,0.030964503362084183,0.0717707152033288
26051,LOF,0.05810786484772301,0.45685105529301356,0.4850410798592634
26052,GOF,0.04897360648341387,0.5866496310787035,0.3643767624378826
26053,LOF,0.03380850652655122,0.19884281047830016,0.7673486829951487
26054,LOF,0.06943299739511942,0.10318351986670014,0.8273834827381804
26055,LOF,0.06887476376988318,0.12968223710234084,0.801442999127776
26056,LOF,0.06314420854477636,0.1684688551000916,0.768386936355132
26057,LOF,0.055315113640963136,0.17289099952282294,0.771793886836214
26058,LOF,0.055315113640963136,0.17289099952282294,0.771793886836214
26059,Neutral,0.5911918917063271,0.14413313384137125,0.2646749744523015
26060,GOF,0.11006849712163391,0.652510072370157,0.23742143050820905
26061,LOF,0.031216621371419548,0.20467276163940545,0.764110616989175
26062,LOF,0.023903648602144244,0.17660813329394157,0.7994882181039142
26063,LOF,0.055315113640963136,0.17289099952282294,0.771793886836214
26064,LOF,0.02346491146165743,0.2470440872470765,0.7294910012912661
26065,LOF,0.055315113640963136,0.17289099952282294,0.771793886836214
26066,LOF,0.055315113640963136,0.17289099952282294,0.771793886836214
26067,LOF,0.055315113640963136,0.17289099952282294,0.771793886836214
26068,LOF,0.056687447717299895,0.15708816337994844,0.7862243889027516
26069,LOF,0.29481665502454135,0.16386961792221777,0.5413137270532409
26070,Neutral,0.5679416262313494,0.09590590390003145,0.3361524698686192
26071,LOF,0.055315113640963136,0.17289099952282294,0.771793886836214
26072,LOF,0.026277666049285008,0.17190713085411963,0.8018152030965954
26073,LOF,0.055315113640963136,0.17289099952282294,0.771793886836214
26074,Neutral,0.9019754376006426,0.03993158894907301,0.05809297345028426
26075,LOF,0.06336891488689993,0.1639430815784999,0.7726880035346001
26076,LOF,0.055315113640963136,0.17289099952282294,0.771793886836214
26077,LOF,0.02924409016765605,0.19721020470295775,0.7735457051293861
26078,LOF,0.022847712353295177,0.2025821529710394,0.7745701346756655
26079,LOF,0.06149034347471626,0.1391012612805885,0.7994083952446952
26080,LOF,0.06149034347471626,0.1391012612805885,0.7994083952446952
26081,LOF,0.055315113640963136,0.17289099952282294,0.771793886836214
26082,LOF,0.02936472160610322,0.17594338409892823,0.7946918942949686
26083,LOF,0.055315113640963136,0.17289099952282294,0.771793886836214
26084,LOF,0.055315113640963136,0.17289099952282294,0.771793886836214
26085,LOF,0.055315113640963136,0.17289099952282294,0.771793886836214
26086,LOF,0.055315113640963136,0.17289099952282294,0.771793886836214
26087,LOF,0.055315113640963136,0.17289099952282294,0.771793886836214
26088,LOF,0.03635926632308883,0.16653156051229834,0.7971091731646128
26089,LOF,0.07477143504433209,0.14509076709445728,0.7801377978612106
26090,LOF,0.06397617513410128,0.16045675639394666,0.7755670684719521
26091,LOF,0.055315113640963136,0.17289099952282294,0.771793886836214
26092,LOF,0.055315113640963136,0.17289099952282294,0.771793886836214
26093,LOF,0.055315113640963136,0.17289099952282294,0.771793886836214
26094,LOF,0.055315113640963136,0.17289099952282294,0.771793886836214
26095,LOF,0.03698057698313038,0.15023222172581124,0.8127872012910583
26096,LOF,0.03639814738767336,0.15075563458346883,0.8128462180288578
26097,LOF,0.02732768114123582,0.2269826312005042,0.7456896876582599
26098,LOF,0.06193987828588362,0.13624551823643294,0.8018146034776835
26099,LOF,0.055315113640963136,0.17289099952282294,0.771793886836214
26100,LOF,0.055315113640963136,0.17289099952282294,0.771793886836214
26101,LOF,0.055315113640963136,0.17289099952282294,0.771793886836214
26102,LOF,0.055315113640963136,0.17289099952282294,0.771793886836214
26103,Neutral,0.645810679336619,0.17214470028988543,0.18204462037349556
26104,LOF,0.06686378649934198,0.11134439484077105,0.8217918186598869
26105,GOF,0.0802371045153529,0.5665535519427587,0.3532093435418885
26106,LOF,0.047505719408431735,0.36910724069073036,0.5833870399008378
26107,GOF,0.0483949179610133,0.49292219804341747,0.4586828839955693
26108,GOF,0.04296731605695705,0.555031015243544,0.4020016686994989
26109,LOF,0.058942291706134374,0.15779880712964053,0.7832589011642251
26110,LOF,0.18346320160753377,0.15126829732889668,0.6652685010635695
26111,GOF,0.1038978518161818,0.6093760461024027,0.28672610208141547
26112,LOF,0.055315113640963136,0.17289099952282294,0.771793886836214
26113,LOF,0.055315113640963136,0.17289099952282294,0.771793886836214
26114,LOF,0.03699008082702549,0.16666389254979355,0.796346026623181
26115,GOF,0.04622093341367089,0.5767297916711119,0.3770492749152173
26116,LOF,0.055315113640963136,0.17289099952282294,0.771793886836214
26117,LOF,0.08943416484402536,0.3090706987799356,0.6014951363760389
26118,LOF,0.055315113640963136,0.17289099952282294,0.771793886836214
26119,LOF,0.03063971951648533,0.3561080699611495,0.6132522105223651
26120,LOF,0.055315113640963136,0.17289099952282294,0.771793886836214
26121,GOF,0.04200986580102401,0.5706978939540805,0.38729224024489545
26122,GOF,0.04008446022457586,0.6528875987907359,0.30702794098468833
26123,GOF,0.03387219514530066,0.6923855710066802,0.27374223384801916
26124,LOF,0.03652536859884724,0.312726083996455,0.6507485474046978
26125,GOF,0.05265316987976018,0.536696445245277,0.4106503848749628
