feature0,prediction,LoGoFunc_Neutral,LoGoFunc_GOF,LoGoFunc_LOF
25546,Neutral,0.627652332356573,0.056013541288493014,0.3163341263549339
25547,Neutral,0.5195628173158147,0.08825039014736431,0.39218679253682104
25548,Neutral,0.5426909967244696,0.0748080338698323,0.3825009694056981
25549,Neutral,0.4828294409172159,0.07853403183800942,0.43863652724477464
25550,LOF,0.39723911108180465,0.0951259855404425,0.5076349033777529
25551,LOF,0.3655897330502856,0.09980850344784135,0.5346017635018729
25552,LOF,0.3282435000878802,0.11126739590274243,0.5604891040093773
25553,Neutral,0.7905918137133927,0.05187131760970505,0.15753686867690223
25554,LOF,0.35521419550208694,0.10269823898979392,0.5420875655081191
25555,LOF,0.3129000143875387,0.10539176424822426,0.581708221364237
25556,Neutral,0.49305744539310203,0.09080712607813698,0.41613542852876106
25557,LOF,0.2973468446430678,0.10190145727408995,0.6007516980828422
25558,LOF,0.36296225402595345,0.09261208372178846,0.5444256622522581
25559,LOF,0.2495156583695202,0.054837949905183155,0.6956463917252966
25560,LOF,0.0957425862610377,0.13588288957496913,0.7683745241639932
25561,LOF,0.10876963164504273,0.18885156680694623,0.702378801548011
25562,LOF,0.035428774720007196,0.09173682213074283,0.87283440314925
25563,LOF,0.008728429184631112,0.1545655471623346,0.8367060236530344
25564,LOF,0.08673073933158094,0.09913970099800072,0.8141295596704184
25565,LOF,0.16447555838868405,0.14754784313963837,0.6879765984716776
25566,GOF,0.06144313659818875,0.695373696818313,0.24318316658349828
25567,LOF,0.05258994311807091,0.15794379588830695,0.7894662609936222
25568,LOF,0.062089972068525436,0.09693896058747385,0.8409710673440006
25569,LOF,0.06367938808581705,0.09295176966209856,0.8433688422520844
25570,LOF,0.027203949382319677,0.13949174196067993,0.8333043086570003
25571,LOF,0.026011470794620864,0.14358976854262676,0.8303987606627524
25572,LOF,0.055772937991776655,0.19770922112577305,0.7465178408824502
25573,LOF,0.06451335834441961,0.12567918447832863,0.8098074571772518
25574,LOF,0.07112883867797055,0.22888263567751058,0.6999885256445189
25575,LOF,0.024197027668274012,0.16627925388222362,0.8095237184495023
25576,LOF,0.02410912974140086,0.23734692351754968,0.7385439467410495
25577,LOF,0.02891289397410151,0.19253563018267017,0.7785514758432284
25578,LOF,0.31848094739058347,0.09593114772398444,0.5855879048854321
25579,LOF,0.2191382517862281,0.09888873617875761,0.6819730120350144
25580,LOF,0.023582988219587063,0.09253979006363182,0.8838772217167811
25581,LOF,0.04944821452329437,0.10505231204402858,0.845499473432677
25582,LOF,0.04883328680884644,0.10171840011536752,0.849448313075786
25583,LOF,0.0295231754366807,0.10929242094496881,0.8611844036183506
25584,Neutral,0.7245371996424363,0.11512495991381655,0.16033784044374716
25585,LOF,0.02298055371732053,0.198466157404796,0.7785532888778836
25586,LOF,0.02093244986619322,0.1251977054765903,0.8538698446572165
25587,LOF,0.02104352793000514,0.10655062371897905,0.8724058483510158
25588,LOF,0.02499498831838773,0.09669096293775425,0.8783140487438581
25589,Neutral,0.5729482080984029,0.19398569402739643,0.23306609787420068
25590,LOF,0.052442049712797506,0.14577978869350022,0.8017781615937023
25591,LOF,0.08243366847800115,0.09440002957306617,0.8231663019489328
25592,LOF,0.07403929579719029,0.16984693980039592,0.7561137644024138
25593,LOF,0.11741262788376129,0.27844852674860304,0.6041388453676357
25594,LOF,0.05876011164549981,0.03435455062730243,0.9068853377271978
25595,LOF,0.06411713728795394,0.021684500101453855,0.9141983626105922
25596,LOF,0.11998678644845248,0.014967365623499625,0.8650458479280478
25597,LOF,0.0870065084719081,0.016277717083660083,0.8967157744444317
25598,LOF,0.054902268161541486,0.02241851228341601,0.9226792195550425
25599,LOF,0.02535353814305326,0.3652104885477814,0.6094359733091653
25600,LOF,0.18174546240745632,0.3714848623292624,0.4467696752632812
25601,LOF,0.04442066475658545,0.30506413120792186,0.6505152040354927
25602,LOF,0.03411370059482597,0.07652943645409119,0.889356862951083
25603,LOF,0.04357347928301902,0.08219886817378387,0.8742276525431971
25604,LOF,0.04780760051286826,0.13782917942823864,0.8143632200588931
25605,LOF,0.03854749533240995,0.2411275296162905,0.7203249750512996
25606,Neutral,0.38061068501209583,0.28706372716409206,0.33232558782381216
25607,LOF,0.029707466276581173,0.289478060372513,0.6808144733509058
25608,LOF,0.04309844844546772,0.11589250602278078,0.8410090455317515
25609,GOF,0.15548380761139294,0.5898750371309319,0.25464115525767506
25610,LOF,0.017730418474591853,0.06089459515244753,0.9213749863729606
25611,LOF,0.012790561875884529,0.0634060274047691,0.9238034107193465
25612,LOF,0.046137646080018975,0.07418624088326493,0.879676113036716
25613,LOF,0.04684208195955956,0.06954233623728429,0.8836155818031561
25614,LOF,0.02241746679971217,0.05354358731180067,0.9240389458884872
25615,LOF,0.04210420271368091,0.062276316809761284,0.8956194804765578
25616,LOF,0.06050948476308004,0.06476795000157819,0.8747225652353418
25617,LOF,0.04544346699992101,0.07135545767985937,0.8832010753202196
25618,LOF,0.04788613092317245,0.09655159659087058,0.855562272485957
25619,LOF,0.013934803819165549,0.07577305915113947,0.9102921370296949
25620,LOF,0.05355652974811262,0.06501073533910895,0.8814327349127784
25621,LOF,0.05957060837011565,0.06033545186869755,0.8800939397611868
25622,LOF,0.0737973138308786,0.0772035156640853,0.848999170505036
25623,LOF,0.059227455068634846,0.0688687040210301,0.8719038409103351
25624,LOF,0.02033214299695002,0.06331452587488787,0.9163533311281621
25625,LOF,0.0577515508766072,0.06768342134834565,0.8745650277750471
25626,LOF,0.04906602403275949,0.061818366712455414,0.8891156092547849
25627,Neutral,0.8870970090743192,0.025217140977964774,0.08768584994771586
25628,LOF,0.16781930761312128,0.07026703035041175,0.761913662036467
25629,LOF,0.06291638655018238,0.07088583956002507,0.8661977738897927
25630,LOF,0.276832163209674,0.08215944638612262,0.6410083904042033
25631,Neutral,0.5528766942750027,0.06362692960514385,0.3834963761198533
25632,LOF,0.03194965445580591,0.15974696546376857,0.8083033800804256
25633,LOF,0.241097934690837,0.08376424124981595,0.6751378240593471
25634,LOF,0.044121879268521014,0.15290843255389464,0.8029696881775843
25635,LOF,0.03873928420875437,0.07062723600677062,0.8906334797844749
25636,GOF,0.03194688968361134,0.534406714756271,0.4336463955601176
25637,GOF,0.047866784921638046,0.5195012035469356,0.43263201153142633
25638,LOF,0.02334982108537472,0.45627743623866984,0.5203727426759555
25639,LOF,0.03394177130661209,0.451064738722928,0.5149934899704599
25640,Neutral,0.8430597010480464,0.09200439399459215,0.06493590495736147
25641,LOF,0.10126458456672077,0.41160451172348667,0.4871309037097927
25642,LOF,0.09128683792337186,0.18773342583583771,0.7209797362407905
25643,LOF,0.28186422476356343,0.10000074905489072,0.6181350261815458
25644,GOF,0.009620218229503173,0.6172364740481543,0.3731433077223425
25645,GOF,0.010647895474237383,0.5685909810123578,0.42076112351340483
25646,LOF,0.02397216510710552,0.3901412916503181,0.5858865432425764
25647,LOF,0.009772016464736933,0.2839534952261421,0.706274488309121
25648,LOF,0.010945353079449379,0.3755332043344525,0.6135214425860981
25649,LOF,0.008188892644806758,0.27068073163434225,0.721130375720851
25650,GOF,0.023916335607759114,0.5929032370264361,0.38318042736580477
25651,LOF,0.009799325676517895,0.4011032283514087,0.5890974459720734
25652,LOF,0.012886393699212986,0.42109641985091134,0.5660171864498758
25653,GOF,0.03814761207816029,0.573733327680769,0.3881190602410707
25654,LOF,0.011693694837199639,0.2881587013789519,0.7001476037838485
25655,GOF,0.0974902665639064,0.5938063221247744,0.3087034113113192
25656,LOF,0.27251042752118554,0.08469627485641869,0.6427932976223958
25657,LOF,0.03414962071097463,0.08841309190364811,0.8774372873853772
25658,LOF,0.2984298374818454,0.1210556479692928,0.5805145145488618
25659,Neutral,0.4505733394302575,0.13301315605352396,0.4164135045162185
25660,LOF,0.022399550754111392,0.10353603574817866,0.8740644134977099
25661,LOF,0.0718892079563636,0.06893322709528577,0.8591775649483506
25662,LOF,0.027918134706374144,0.03747613950366474,0.9346057257899612
25663,LOF,0.029748888767098084,0.03571548211310714,0.9345356291197947
25664,LOF,0.09930119678762615,0.05921573517007407,0.8414830680422998
25665,LOF,0.06466948434404583,0.030921216277572737,0.9044092993783813
25666,LOF,0.06721835395028455,0.05423769657417846,0.878543949475537
25667,LOF,0.06852779022020213,0.041062646648999945,0.8904095631307979
25668,LOF,0.029626589085222473,0.052260939248735844,0.9181124716660417
25669,LOF,0.023038321222911322,0.04823732487821477,0.9287243538988739
25670,LOF,0.11955385977786565,0.04452779044025006,0.8359183497818843
25671,LOF,0.10029835272463301,0.03881937052488509,0.8608822767504819
25672,LOF,0.053004615614107096,0.04883906610043598,0.8981563182854568
25673,LOF,0.08749920094638734,0.042424949102111136,0.8700758499515014
25674,LOF,0.08448138839177768,0.05613656914908008,0.8593820424591423
25675,LOF,0.07332572641840665,0.0738902385778239,0.8527840350037694
25676,LOF,0.017587813182161578,0.05771863480652439,0.924693552011314
25677,LOF,0.01724293849090982,0.08500948365424264,0.8977475778548476
25678,LOF,0.1495354704801152,0.11059104206176859,0.7398734874581162
25679,LOF,0.10355680728415817,0.11012056531145538,0.7863226274043865
25680,LOF,0.02509856942499184,0.13466731032580576,0.8402341202492025
25681,LOF,0.04115337316280412,0.11793519577063508,0.8409114310665609
25682,LOF,0.12406486812908989,0.07014188977307272,0.8057932420978373
25683,LOF,0.0977388420535689,0.09281124949849642,0.8094499084479346
25684,LOF,0.028247159399732606,0.05991063749092671,0.9118422031093407
25685,LOF,0.12284080240031697,0.07902805356343082,0.7981311440362523
25686,LOF,0.08495338376789441,0.11065830613549961,0.8043883100966059
25687,LOF,0.12255544760840349,0.10945256471822455,0.767991987673372
25688,LOF,0.4170695551079639,0.03184176816382289,0.5510886767282133
25689,LOF,0.28524408336116075,0.04311353849116805,0.6716423781476711
25690,LOF,0.35403154941340975,0.027931796179579176,0.618036654407011
25691,Neutral,0.7008941952593182,0.027436176984693396,0.2716696277559884
25692,LOF,0.3878171352320257,0.011833367791717815,0.6003494969762565
25693,LOF,0.0370166464092311,0.46369592584418856,0.49928742774658025
25694,LOF,0.1115356487929505,0.017775372188874858,0.8706889790181745
25695,LOF,0.10046587744343173,0.008300264073832974,0.8912338584827352
25696,LOF,0.10409259754561458,0.01183025552942643,0.884077146924959
25697,LOF,0.05600077694953884,0.08028081565824367,0.8637184073922175
25698,LOF,0.2404015349815055,0.23456453418946796,0.5250339308290266
25699,LOF,0.41098931769757624,0.026572817637149707,0.562437864665274
25700,LOF,0.06239959102010316,0.00929575785957201,0.9283046511203248
25701,LOF,0.1788659348288279,0.028264028383832393,0.7928700367873396
25702,GOF,0.1901937404601784,0.6489440593223503,0.16086220021747136
25703,LOF,0.01697819406678936,0.18399488796568494,0.7990269179675257
25704,LOF,0.034775900066445806,0.15378341173947951,0.8114406881940747
25705,LOF,0.042117039971303234,0.07716360108427008,0.8807193589444265
25706,LOF,0.11881856499080129,0.4014928223798048,0.4796886126293937
25707,LOF,0.08596347853397676,0.36853405545643764,0.5455024660095856
25708,LOF,0.03840988949908777,0.3187133056189434,0.6428768048819687
25709,LOF,0.08196935746435922,0.0338901326443736,0.8841405098912671
25710,LOF,0.016394903641322105,0.12255015875598561,0.8610549376026922
25711,LOF,0.02198226973850216,0.07060027461140989,0.907417455650088
25712,LOF,0.01775403196539023,0.16587414925536215,0.8163718187792477
25713,LOF,0.018375682929484168,0.06682567502247584,0.91479864204804
25714,LOF,0.08441755110279776,0.04930357491200939,0.8662788739851928
25715,LOF,0.011427553169202066,0.10724664624904635,0.8813258005817515
25716,LOF,0.011268284796850155,0.09762523671519341,0.8911064784879565
25717,LOF,0.017471105979052673,0.05804493894375221,0.924483955077195
25718,LOF,0.011646985028373023,0.04626993205128759,0.9420830829203394
25719,LOF,0.021845574723476466,0.06343145139075937,0.9147229738857642
25720,LOF,0.02715825393179369,0.04334914827712492,0.9294925977910813
25721,LOF,0.011570885240100321,0.057071815258177346,0.9313572995017223
25722,LOF,0.01329910663198172,0.04925900210472735,0.9374418912632909
25723,LOF,0.026757192534255892,0.03281149135397428,0.9404313161117698
25724,LOF,0.03397190467313655,0.06629557951352676,0.8997325158133367
25725,LOF,0.011399668417954579,0.06373187400605737,0.9248684575759881
25726,LOF,0.017065899737988947,0.07172671164687161,0.9112073886151394
25727,LOF,0.013939705643811832,0.04763622513471894,0.9384240692214693
25728,LOF,0.010635524521551018,0.06950950139380419,0.9198549740846448
25729,LOF,0.010851519747349115,0.06821415177340114,0.9209343284792498
25730,LOF,0.014270355559335706,0.06863716992830643,0.917092474512358
25731,LOF,0.02119010999352924,0.0868418670542703,0.8919680229522005
25732,LOF,0.012912761901655705,0.04780205194966368,0.9392851861486807
25733,LOF,0.0139956428614751,0.056507581847278075,0.9294967752912467
25734,LOF,0.013124559070840643,0.11206380557331913,0.8748116353558402
25735,LOF,0.011136558930283374,0.05742199829768972,0.931441442772027
25736,LOF,0.012560509904379744,0.0609198098291097,0.9265196802665105
25737,LOF,0.012640696490686385,0.0920218807492398,0.8953374227600739
25738,LOF,0.012374912846913147,0.09406070137156679,0.8935643857815201
25739,LOF,0.0217666052804461,0.06303022883275379,0.9152031658868001
25740,LOF,0.0317960767458166,0.10359245328006454,0.8646114699741189
25741,LOF,0.015912586959862966,0.09146771508719466,0.8926196979529424
25742,LOF,0.13194736316070968,0.06782002839339046,0.8002326084458999
25743,LOF,0.04599529862369304,0.06290860606677856,0.8910960953095285
25744,Neutral,0.6567571434931648,0.2323117738298923,0.11093108267694278
25745,LOF,0.06434872832763576,0.08286979422982414,0.8527814774425401
25746,LOF,0.048232260114968256,0.1157795561087773,0.8359881837762545
25747,LOF,0.01806081378448611,0.12654957813931725,0.8553896080761967
25748,LOF,0.12306865507323024,0.20475590420029455,0.6721754407264753
25749,LOF,0.031433412960731495,0.11830858786885934,0.8502579991704092
25750,LOF,0.07867929083980582,0.12433597135145491,0.7969847378087392
25751,LOF,0.11583239762789398,0.15376915695778762,0.7303984454143184
25752,GOF,0.12237438598918467,0.6516599918520863,0.22596562215872903
25753,LOF,0.030398250403007983,0.3845660168194767,0.5850357327775153
25754,GOF,0.01962399616203126,0.7823865734294695,0.1979894304084992
25755,LOF,0.0316874599900523,0.36709595972560677,0.601216580284341
25756,LOF,0.06011305406294136,0.43590887888905205,0.5039780670480065
25757,GOF,0.02040707182053548,0.8803970564956216,0.09919587168384296
25758,GOF,0.02740164465041418,0.8094588778059602,0.16313947754362568
25759,GOF,0.011577442885572956,0.6758072021959917,0.3126153549184355
25760,LOF,0.020175806303165716,0.3910951366299127,0.5887290570669217
25761,GOF,0.2751489453097594,0.6303778706853737,0.09447318400486679
25762,LOF,0.05148554350192718,0.34636226141713405,0.6021521950809388
25763,LOF,0.017539516807279214,0.2668599743308418,0.7156005088618791
25764,GOF,0.07073828859732295,0.699603568165075,0.22965814323760217
25765,GOF,0.038656913208127745,0.7678604529161043,0.193482633875768
25766,GOF,0.08273707413768477,0.7551713373065215,0.1620915885557936
25767,LOF,0.18109344978077718,0.39043792675720873,0.4284686234620141
25768,LOF,0.12299646175834236,0.03629542318539333,0.8407081150562642
25769,LOF,0.05544306546138577,0.06266904006303531,0.8818878944755789
25770,LOF,0.3109982011003754,0.10863530602140485,0.5803664928782197
25771,LOF,0.06033219788525506,0.05425226076855994,0.8854155413461849
25772,LOF,0.018410131427479815,0.047402428227109404,0.9341874403454108
25773,LOF,0.060600164189011825,0.05836205640569632,0.8810377794052919
25774,LOF,0.028292499612471232,0.1239159899420475,0.8477915104454812
25775,LOF,0.061753149745573,0.05898203724662575,0.8792648130078012
25776,LOF,0.07493635331126873,0.03354094694849845,0.8915226997402329
25777,LOF,0.3292919000387734,0.100346907785937,0.5703611921752897
25778,LOF,0.07090422211167156,0.04626403673248711,0.8828317411558414
25779,GOF,0.42962875307458853,0.5188980423148738,0.051473204610537726
25780,GOF,0.3459175146498311,0.5428014081860179,0.11128107716415102
25781,GOF,0.11899762896161524,0.7320780635972004,0.1489243074411844
25782,GOF,0.21120812039959588,0.6708453743523266,0.11794650524807761
25783,GOF,0.025898148524265162,0.6109440789502572,0.36315777252547765
25784,Neutral,0.5623061044183782,0.38707714775117624,0.05061674783044555
25785,Neutral,0.5502194832573083,0.37590596587115904,0.07387455087153265
25786,GOF,0.034723610013554944,0.6669772015361762,0.29829918845026876
25787,Neutral,0.7281234901494146,0.23233672421311502,0.03953978563747029
25788,LOF,0.06055049044647289,0.06015507828563441,0.8792944312678926
25789,GOF,0.20693417338899936,0.6088495326637929,0.18421629394720773
25790,GOF,0.27565090744108195,0.5918589508759476,0.13249014168297044
25791,GOF,0.15375234135990784,0.6084212961774831,0.23782636246260908
25792,GOF,0.38236496847951784,0.4437620160109866,0.17387301550949563
25793,GOF,0.31185670017432077,0.39518721660503964,0.29295608322063965
25794,GOF,0.3291407692216745,0.41091662472702634,0.2599426060512992
25795,GOF,0.05514788326881631,0.613424406878776,0.33142770985240777
25796,Neutral,0.5583310729353281,0.3462796258834851,0.09538930118118673
25797,LOF,0.08859367336007228,0.44902791745074006,0.46237840918918766
25798,LOF,0.011456319708686035,0.46828192982013067,0.5202617504711833
25799,LOF,0.009297612362335715,0.4043434505184911,0.5863589371191732
25800,GOF,0.05160787013815614,0.5597204830727683,0.3886716467890756
25801,GOF,0.27859837090159817,0.5851704329346219,0.13623119616378
25802,GOF,0.08178713796485843,0.580922673980277,0.3372901880548646
25803,GOF,0.04690985002446185,0.4954480726190248,0.4576420773565133
25804,LOF,0.04225674813273563,0.4251946719590188,0.5325485799082457
25805,GOF,0.14259831376521404,0.48350272691043145,0.37389895932435446
25806,GOF,0.15501216887145056,0.4937993673977266,0.351188463730823
25807,GOF,0.0206954212351768,0.5476210006259724,0.4316835781388508
25808,GOF,0.12233168129343118,0.45358194620623676,0.42408637250033204
25809,GOF,0.018900730566344594,0.5418273678302951,0.4392719016033603
25810,GOF,0.020273370566824378,0.5413323891168499,0.43839424031632584
25811,Neutral,0.5119216598136409,0.40928234617729625,0.07879599400906293
25812,GOF,0.03952890901493828,0.5681640298026266,0.3923070611824352
25813,Neutral,0.5771129344326953,0.2823866259421216,0.14050043962518313
25814,GOF,0.12314260503110419,0.581304735364749,0.29555265960414695
25815,GOF,0.2513769315130046,0.5221249403394761,0.22649812814751924
25816,GOF,0.019537822066485924,0.6428767655462124,0.3375854123873016
25817,GOF,0.2165895479774361,0.6430257789283819,0.140384673094182
25818,GOF,0.0419470260897397,0.5059231905263716,0.45212978338388876
25819,Neutral,0.41034627570573123,0.39979421871932136,0.18985950557494746
25820,GOF,0.21125048642690217,0.5397803527479332,0.2489691608251646
25821,GOF,0.05430878224587615,0.636119716440877,0.3095715013132469
25822,GOF,0.25985152604991013,0.46528528688322573,0.27486318706686425
25823,LOF,0.031097139495276288,0.43590935749296955,0.5329935030117542
25824,GOF,0.07694046975068262,0.47391339091467,0.44914613933464725
25825,LOF,0.029393818315947885,0.4791435303585591,0.491462651325493
25826,LOF,0.010294167595680312,0.4562381018155714,0.5334677305887483
25827,GOF,0.01898871743784591,0.5178287643460349,0.4631825182161193
25828,LOF,0.012709348754752343,0.4423263400157229,0.5449643112295248
25829,GOF,0.005993694667394595,0.5122773518436563,0.4817289534889492
25830,LOF,0.040969874358463866,0.22062453389501893,0.7384055917465172
25831,GOF,0.14111442199147883,0.6894151409517981,0.16947043705672296
25832,GOF,0.03305128312071128,0.6329820633276406,0.3339666535516482
25833,GOF,0.1255971430729524,0.6237663353361927,0.2506365215908548
25834,GOF,0.03857729331195222,0.6209976401580759,0.34042506652997184
25835,GOF,0.09727532450300538,0.566870027114068,0.3358546483829266
25836,GOF,0.04797116431385076,0.5956222606058822,0.35640657508026696
25837,LOF,0.022189983998381617,0.4754347312032105,0.5023752847984079
25838,GOF,0.08773126891089097,0.6642373398134722,0.24803139127563678
25839,GOF,0.29750754611670693,0.4805182106226112,0.22197424326068182
25840,GOF,0.23149067170520485,0.5183233100648545,0.2501860182299406
25841,GOF,0.237666178993223,0.5137943815454141,0.24853943946136278
25842,GOF,0.18348650785470286,0.5654058027018377,0.25110768944345946
25843,GOF,0.24069690688995868,0.5842243620313083,0.17507873107873292
25844,GOF,0.058435025265134,0.5894358082358625,0.3521291664990034
25845,LOF,0.013164018328763172,0.43316350066147147,0.5536724810097654
25846,GOF,0.08969697020293432,0.6723547744831622,0.23794825531390343
25847,GOF,0.14535936000657346,0.653556092298721,0.2010845476947057
25848,GOF,0.03572707452148927,0.6192211329997862,0.3450517924787245
25849,GOF,0.010685907187900735,0.5139674827566535,0.4753466100554457
25850,GOF,0.02403001395144756,0.5483567899872558,0.4276131960612966
25851,LOF,0.0199521786859344,0.4505226619140375,0.5295251594000282
25852,GOF,0.13463940624028947,0.5304754461914536,0.33488514756825694
25853,GOF,0.33283947800114744,0.5619788295310262,0.10518169246782642
25854,GOF,0.017096818054189965,0.6415393198311731,0.34136386211463704
25855,GOF,0.041733878257167165,0.5668107402521241,0.39145538149070885
25856,GOF,0.2556084514111277,0.5134324064415788,0.2309591421472935
25857,GOF,0.03405588340150337,0.4888721575906237,0.47707195900787297
25858,GOF,0.017340198759553352,0.5551131545312736,0.42754664670917303
25859,GOF,0.009546521106072282,0.541581253846523,0.44887222504740476
25860,GOF,0.3540952665060387,0.5217573594039289,0.12414737409003242
25861,GOF,0.3580847836298758,0.5436789643944989,0.09823625197562533
25862,GOF,0.0884977386533092,0.7509356521232218,0.16056660922346908
25863,GOF,0.08929737754014555,0.7645703664029414,0.14613225605691288
25864,GOF,0.1976837139263544,0.6962663785325062,0.10604990754113956
25865,GOF,0.0754724808386354,0.7442881232938602,0.18023939586750443
25866,GOF,0.06316078012238042,0.7755488433291887,0.16129037654843084
25867,GOF,0.08374767688855614,0.7661334005654189,0.15011892254602496
25868,GOF,0.267334498609091,0.5856706007994872,0.14699490059142192
25869,Neutral,0.7059317296867309,0.2447709406907691,0.04929732962250003
25870,LOF,0.28828152272271773,0.20092618376335178,0.5107922935139304
25871,GOF,0.24512719149435092,0.5753620679009117,0.17951074060473735
25872,GOF,0.09633289817544802,0.5812079172550968,0.3224591845694551
25873,GOF,0.17076218773262514,0.5538527416174229,0.275385070649952
25874,LOF,0.02204712072895652,0.06202740594718881,0.9159254733238548
25875,LOF,0.08350582238487961,0.05496428806657728,0.861529889548543
25876,LOF,0.024851953209747604,0.06137252302974875,0.9137755237605035
25877,Neutral,0.5036817134646706,0.05856282282654258,0.43775546370878693
25878,LOF,0.2178556581117465,0.10510315921875646,0.677041182669497
25879,LOF,0.09538755719805037,0.12597161600104395,0.7786408268009056
25880,LOF,0.021568580171280622,0.02736894130610055,0.9510624785226187
25881,LOF,0.19082889670854494,0.24486680668126334,0.5643042966101917
25882,LOF,0.07723300419947739,0.02026955188454062,0.902497443915982
25883,LOF,0.08874579107618173,0.04621377587703412,0.8650404330467841
25884,LOF,0.04271346869821029,0.054230390449847704,0.9030561408519421
25885,LOF,0.05500444033139145,0.03081842550902763,0.914177134159581
25886,LOF,0.3871357579259357,0.09502229085708147,0.5178419512169828
25887,LOF,0.1778770253220535,0.13774923446033815,0.6843737402176084
25888,LOF,0.06779023717741384,0.13061357043758554,0.8015961923850006
25889,LOF,0.045489934345783176,0.04306907936600536,0.9114409862882115
25890,LOF,0.06125717558824319,0.1694793340222331,0.7692634903895238
25891,LOF,0.052959137589877935,0.0709323795033736,0.8761084829067485
25892,LOF,0.1034327565282706,0.0220988782288625,0.874468365242867
25893,LOF,0.2920878944401741,0.01441260419927163,0.6934995013605543
25894,LOF,0.16735851823337958,0.007878372819649456,0.8247631089469709
25895,LOF,0.20866504598344726,0.018372341372096895,0.772962612644456
25896,LOF,0.04871090321476288,0.018853779577165383,0.9324353172080717
25897,LOF,0.23084517866856846,0.01307179961078556,0.756083021720646
25898,Neutral,0.7386947611190393,0.009340803333927368,0.25196443554703324
25899,LOF,0.30389112584737443,0.030053190397870484,0.6660556837547551
25900,LOF,0.4903405754948659,0.012721066600607405,0.49693835790452656
25901,LOF,0.054524501333593885,0.010750498937715267,0.9347249997286908
25902,LOF,0.16655203534823584,0.008229617312535971,0.8252183473392283
25903,Neutral,0.5724621018697071,0.022925801457562078,0.40461209667273085
25904,LOF,0.2547549041522087,0.03502793898104954,0.7102171568667418
25905,LOF,0.026550197835124776,0.2945741069243524,0.6788756952405228
25906,LOF,0.027003958616604085,0.07609244708914316,0.8969035942942528
25907,LOF,0.01458603536252437,0.29385392303552665,0.691560041601949
25908,LOF,0.012740626313756432,0.2062862475013018,0.7809731261849417
25909,LOF,0.014457067338739221,0.15701391654159105,0.8285290161196697
25910,LOF,0.05738311276751074,0.14543412007046136,0.7971827671620278
25911,LOF,0.11729698550359956,0.05336721809826031,0.8293357963981401
25912,LOF,0.034811216695644534,0.09326837920168317,0.8719204041026722
25913,LOF,0.27585381447441143,0.033298658214406585,0.690847527311182
25914,LOF,0.0263230513365513,0.12655437256817587,0.8471225760952728
25915,Neutral,0.4102165506482455,0.22347664340103005,0.36630680595072435
25916,LOF,0.06454814724875779,0.2480469528656916,0.6874048998855506
25917,LOF,0.06381222119875724,0.05343614009532917,0.8827516387059137
25918,LOF,0.03503817704955826,0.07485445390510985,0.8901073690453319
25919,LOF,0.028059776185812336,0.08372174047360754,0.8882184833405802
25920,GOF,0.09568599024651284,0.5837599508869604,0.3205540588665267
25921,LOF,0.037332334665776915,0.03400523428473965,0.9286624310494834
25922,LOF,0.05139091006612426,0.022379148698457984,0.9262299412354178
25923,LOF,0.4159768426181771,0.01970434845310861,0.5643188089287143
25924,LOF,0.0422451442428615,0.028981872025289044,0.9287729837318494
25925,LOF,0.07647772081081716,0.03440394038472609,0.8891183388044567
25926,LOF,0.05608231528575944,0.020525114392544022,0.9233925703216964
25927,LOF,0.08238121181269352,0.0553546072032778,0.8622641809840286
25928,LOF,0.02767862814632519,0.025929189360737844,0.9463921824929371
25929,Neutral,0.5534657371242572,0.022426487303014563,0.4241077755727282
25930,LOF,0.07120290242004454,0.016014031596182424,0.912783065983773
25931,LOF,0.03720699162849668,0.020957916732046084,0.9418350916394573
25932,LOF,0.03181596976927277,0.016421747200333056,0.9517622830303941
25933,LOF,0.040356068899559804,0.011244941772949027,0.9483989893274911
25934,LOF,0.02718703622927327,0.013018322891311706,0.9597946408794149
25935,LOF,0.07268039711097418,0.03215702524083305,0.8951625776481927
25936,LOF,0.049014224300562854,0.017434616683668823,0.9335511590157684
25937,LOF,0.038400955644175186,0.025625271077096123,0.9359737732787288
25938,LOF,0.07285391266184306,0.03508713530987738,0.8920589520282795
25939,LOF,0.04416403782592174,0.012203779283877914,0.9436321828902003
25940,LOF,0.023405705150174583,0.4014262830712225,0.5751680117786028
25941,LOF,0.132016247686564,0.09357236056805293,0.7744113917453831
25942,LOF,0.013855187125043203,0.04372090181913331,0.9424239110558235
25943,LOF,0.2964007710333159,0.09162157805354076,0.6119776509131433
25944,Neutral,0.5175972793282423,0.047193763103603875,0.4352089575681538
25945,LOF,0.06568884531358883,0.032731371972638215,0.901579782713773
25946,LOF,0.037033664061278775,0.13813610828295295,0.8248302276557683
25947,LOF,0.11713234617721875,0.16289886198955433,0.7199687918332269
25948,LOF,0.4326773268584452,0.013955833478204765,0.55336683966335
25949,LOF,0.08446666209901471,0.07471472231898145,0.8408186155820039
25950,GOF,0.23513299802663012,0.46794673542350257,0.2969202665498673
25951,LOF,0.29474892362678395,0.20811826211706114,0.4971328142561549
25952,GOF,0.045344636370094046,0.5220683014907074,0.4325870621391985
25953,LOF,0.16924839830127475,0.10781645027238346,0.7229351514263418
25954,LOF,0.34282898164492914,0.2431689336256702,0.41400208472940064
25955,LOF,0.06196138010286847,0.07873454864417931,0.8593040712529523
25956,LOF,0.1831975463558857,0.05796747105556251,0.7588349825885519
25957,LOF,0.05001125546865133,0.024086873412999813,0.9259018711183489
25958,LOF,0.058224363190287974,0.03232373199054274,0.9094519048191693
25959,LOF,0.06755653779103063,0.4174099304516012,0.5150335317573681
25960,LOF,0.023662965829421293,0.05356319654068087,0.922773837629898
25961,LOF,0.049227456432390966,0.03999826628815151,0.9107742772794575
25962,LOF,0.060962817310429344,0.03745576193600391,0.9015814207535668
25963,LOF,0.05878886595592938,0.17789717629750934,0.7633139577465612
25964,LOF,0.035198006346458026,0.18209933481100243,0.7827026588425396
25965,Neutral,0.47060148682361874,0.08233761511391509,0.4470608980624663
25966,Neutral,0.3794993898758244,0.3227408495812845,0.297759760542891
25967,LOF,0.01610391544022617,0.1125227016004254,0.8713733829593484
25968,LOF,0.036802342569399016,0.4267926354144557,0.5364050220161453
25969,LOF,0.026962871290766837,0.0640144114157736,0.9090227172934595
25970,LOF,0.05961649738939994,0.058245967373599404,0.8821375352370007
25971,LOF,0.08739326189217672,0.02892162536401714,0.883685112743806
25972,LOF,0.08656366954283908,0.043270517490823786,0.8701658129663372
25973,LOF,0.07740305772513249,0.011147655083597633,0.9114492871912698
25974,LOF,0.26160046649770485,0.020180150729385667,0.7182193827729095
25975,LOF,0.051152981236495074,0.03262438609293851,0.9162226326705665
25976,LOF,0.04244307035058652,0.02518310763496746,0.932373822014446
25977,LOF,0.13565805948029694,0.114217188912607,0.7501247516070961
25978,LOF,0.1185987616386883,0.12529616259267357,0.7561050757686381
25979,LOF,0.11505075744621528,0.11142096132849473,0.77352828122529
25980,LOF,0.14689772904088572,0.178126295348799,0.6749759756103153
25981,LOF,0.1802674222742694,0.17243032163754105,0.6473022560881895
25982,LOF,0.38622019542732094,0.09784478772016388,0.5159350168525152
25983,LOF,0.3699869693279774,0.09302737680650942,0.5369856538655131
25984,LOF,0.05365425398365819,0.0977693654641942,0.8485763805521475
25985,LOF,0.019610581114221617,0.33418497715209255,0.6462044417336857
25986,LOF,0.025707343523513383,0.308845179499683,0.6654474769768036
25987,LOF,0.0838346862655009,0.11220181470318354,0.8039634990313155
25988,LOF,0.123324424052923,0.0938042490431139,0.782871326903963
25989,LOF,0.02534240080005934,0.15925559570467468,0.8154020034952659
25990,LOF,0.036394550661907894,0.13544818622022922,0.828157263117863
25991,GOF,0.1267355475054816,0.448383586403886,0.42488086609063247
25992,LOF,0.3035593884616185,0.30603759748378934,0.39040301405459205
25993,LOF,0.02391778495067591,0.11618550561027961,0.8598967094390445
25994,LOF,0.016062441925419387,0.14103968600174732,0.8428978720728332
25995,LOF,0.026464706893703078,0.17102602151628102,0.802509271590016
25996,GOF,0.16407534588475908,0.5850609541163119,0.25086369999892916
25997,GOF,0.06679877554072279,0.5697831913098269,0.3634180331494503
25998,Neutral,0.5807496226123525,0.0226767924037414,0.3965735849839061
25999,LOF,0.15457511146870143,0.1423255329337141,0.7030993555975845
26000,LOF,0.10805055130784305,0.03472796163140136,0.8572214870607556
26001,LOF,0.17800708931203604,0.036367199148889306,0.7856257115390746
26002,LOF,0.12287456223182404,0.03822117950115281,0.8389042582670231
26003,GOF,0.009911296127466081,0.6998239481917332,0.29026475568080073
26004,GOF,0.023687187823653044,0.7230987778968639,0.25321403427948297
26005,GOF,0.009693055602094824,0.602195974004556,0.388110970393349
26006,Neutral,0.5034390391115487,0.3322827296015791,0.1642782312868721
26007,GOF,0.018408670032055128,0.6511450883032707,0.3304462416646742
26008,GOF,0.02346115507299756,0.6551700887126698,0.3213687562143327
26009,GOF,0.03105042844262278,0.7120499027792135,0.25689966877816367
26010,GOF,0.022139381928677652,0.7837031140997871,0.19415750397153528
26011,GOF,0.009345452272280577,0.5687105067795332,0.4219440409481863
26012,GOF,0.02149135424954352,0.651995672149965,0.3265129736004915
26013,GOF,0.020799662318344805,0.7317452919610634,0.2474550457205918
26014,LOF,0.03736923668590049,0.2302600116994998,0.7323707516145996
26015,LOF,0.210593250480964,0.009204782442090277,0.7802019670769458
26016,LOF,0.26692595301080224,0.04475183560161701,0.6883222113875807
26017,LOF,0.1933107187471197,0.09078637730452951,0.7159029039483508
26018,LOF,0.08090087635068717,0.028204162846320265,0.8908949608029926
26019,LOF,0.07940952458910734,0.02165722393340976,0.8989332514774829
26020,LOF,0.052049054182537836,0.12174302104564992,0.8262079247718122
26021,LOF,0.055166441343019124,0.15121436020190504,0.7936191984550759
26022,LOF,0.009584539777527093,0.07269762564100735,0.9177178345814655
26023,LOF,0.10448136571165537,0.02053353115111496,0.8749851031372297
26024,LOF,0.03257258306084564,0.12549643293045382,0.8419309840087006
26025,LOF,0.13138560223278697,0.08914815203792495,0.7794662457292881
26026,LOF,0.31452742286546925,0.016363494908563925,0.6691090822259668
26027,LOF,0.0751016260353978,0.015448966504669048,0.9094494074599332
26028,LOF,0.1731389902670998,0.10056848802100145,0.7262925217118987
26029,LOF,0.10667213627548144,0.14512482208557048,0.748203041638948
26030,LOF,0.034775873955790466,0.06371461658458002,0.9015095094596296
26031,LOF,0.04177215712449427,0.12109774786342468,0.8371300950120811
26032,LOF,0.08065403824974958,0.06407873435492514,0.8552672273953253
26033,LOF,0.13158827664802597,0.0719244753820586,0.7964872479699154
26034,LOF,0.061371821808430545,0.11451790645646658,0.8241102717351029
26035,LOF,0.04110707285274976,0.104210512467537,0.8546824146797133
26036,LOF,0.061969207936201955,0.12662781308743493,0.8114029789763632
26037,LOF,0.034794049830675244,0.09662929392215482,0.8685766562471698
26038,LOF,0.07607381682392529,0.05767237934118491,0.8662538038348898
26039,LOF,0.08406443999330176,0.10479943028752219,0.811136129719176
26040,LOF,0.22709651807621756,0.09196801868502302,0.6809354632387594
26041,LOF,0.03278069153439171,0.09249258017635578,0.8747267282892525
26042,LOF,0.03376060365491976,0.09232811355489937,0.8739112827901808
26043,LOF,0.07411657461857372,0.07579996380622603,0.8500834615752003
26044,LOF,0.03257497738200346,0.06812628182068553,0.8992987407973111
26045,LOF,0.10331943236063186,0.08180798443504096,0.8148725832043272
26046,LOF,0.07766123777280672,0.07859916533909782,0.8437395968880955
26047,LOF,0.10881647577665944,0.0909238647711645,0.800259659452176
26048,LOF,0.0584342234427055,0.05795597226825451,0.88360980428904
26049,Neutral,0.951222336752302,0.009440358333889074,0.03933730491380902
26050,Neutral,0.9330744976401354,0.010972680830498184,0.05595282152936658
26051,GOF,0.04182673934039566,0.4965473871741929,0.46162587348541145
26052,GOF,0.061809835778544264,0.5278214449300362,0.41036871929141955
26053,LOF,0.06258793336948114,0.21465370598933226,0.7227583606411866
26054,LOF,0.0639887019138776,0.04524109455763702,0.8907702035284853
26055,LOF,0.07973433356844027,0.03503948919870247,0.8852261772328572
26056,LOF,0.06961402254516631,0.04198887867309697,0.8883970987817367
26057,LOF,0.03224013919914061,0.02038138043071257,0.9473784803701469
26058,LOF,0.03257779347190914,0.018540520486546707,0.9488816860415441
26059,LOF,0.28450007229572627,0.05647104973760138,0.6590288779666723
26060,LOF,0.02636718119376375,0.3502591377147219,0.6233736810915144
26061,LOF,0.020161810064873577,0.02728486281039273,0.9525533271247336
26062,LOF,0.012131279235707847,0.042639312568408555,0.9452294081958836
26063,LOF,0.022429215994653535,0.020698041977865494,0.9568727420274811
26064,LOF,0.027409600031359654,0.025960351515868188,0.9466300484527721
26065,LOF,0.026690466512799327,0.024948875358748675,0.9483606581284519
26066,LOF,0.020684853851444834,0.023955909695663895,0.9553592364528913
26067,LOF,0.026477094417051452,0.017862673218754933,0.9556602323641936
26068,LOF,0.04915570990616792,0.06257685030469014,0.8882674397891419
26069,LOF,0.2746822004455028,0.044155325500241524,0.6811624740542558
26070,LOF,0.41170138828498914,0.029731204124458205,0.5585674075905526
26071,LOF,0.022453479486442236,0.02708681934768918,0.9504597011658686
26072,LOF,0.027325450105098615,0.03873545331347648,0.9339390965814249
26073,LOF,0.023513039272595807,0.02150834666068649,0.9549786140667176
26074,Neutral,0.9332493544115897,0.008391720105010006,0.058358925483400236
26075,LOF,0.04522724536054855,0.033530519064621726,0.9212422355748298
26076,LOF,0.044085495371280606,0.01764206562045883,0.9382724390082606
26077,LOF,0.00982089997107278,0.0438521897959576,0.9463269102329697
26078,LOF,0.01604361373724951,0.024361437969208075,0.9595949482935425
26079,LOF,0.052966341467624384,0.036458390158572725,0.9105752683738029
26080,LOF,0.052964886706472744,0.03648485456716027,0.9105502587263671
26081,LOF,0.03614199453118774,0.014038499050397392,0.9498195064184148
26082,LOF,0.019924806948028013,0.039618091670280596,0.9404571013816914
26083,LOF,0.14142710543857528,0.024962096070165425,0.8336107984912592
26084,LOF,0.025411909878491852,0.0354709787091039,0.9391171114124043
26085,LOF,0.022649056654916924,0.032932168085045406,0.9444187752600376
26086,LOF,0.02318848245959965,0.02625784643385679,0.9505536711065437
26087,LOF,0.025243204322759942,0.017577609336282524,0.9571791863409576
26088,LOF,0.023218911317371596,0.039568884534779074,0.9372122041478493
26089,LOF,0.051965393405290265,0.04175979220074915,0.9062748143939606
26090,LOF,0.04998936058875587,0.034017303961045506,0.9159933354501987
26091,LOF,0.03925808577171094,0.012218932738757612,0.9485229814895314
26092,LOF,0.02876380837422423,0.018677170022178294,0.9525590216035975
26093,LOF,0.04221089249471231,0.012081646714712202,0.9457074607905755
26094,LOF,0.047518598987959036,0.01084477631973975,0.9416366246923011
26095,LOF,0.060130460846730134,0.03407563076747432,0.9057939083857955
26096,LOF,0.01805380257111106,0.02501019469669009,0.9569360027321989
26097,LOF,0.011273868030121863,0.08760851063908662,0.9011176213307917
26098,LOF,0.0724039699554458,0.03121315863863802,0.8963828714059162
26099,LOF,0.025504003798010554,0.03231764888762162,0.9421783473143678
26100,LOF,0.027395280568453508,0.0298225131227175,0.942782206308829
26101,LOF,0.05679604814659856,0.028266017795347275,0.9149379340580541
26102,LOF,0.027067481266206544,0.022929450968420254,0.9500030677653732
26103,Neutral,0.880524340561179,0.03890181681399908,0.08057384262482184
26104,LOF,0.0699989761936301,0.05864915487543583,0.871351868930934
26105,LOF,0.2002054349155926,0.31073504017777914,0.48905952490662835
26106,LOF,0.18449083149599732,0.1498955159131461,0.6656136525908566
26107,LOF,0.24245220056015754,0.12743456287271845,0.6301132365671239
26108,LOF,0.2465370060017163,0.16868455633240623,0.5847784376658774
26109,LOF,0.05538222279574711,0.15661242696839725,0.7880053502358556
26110,LOF,0.26773830484803046,0.009093755078349034,0.7231679400736204
26111,LOF,0.46389684701044887,0.018859199168259465,0.5172439538212916
26112,LOF,0.03855978671768964,0.010062992576507496,0.9513772207058029
26113,LOF,0.05766789074890532,0.01608078141057795,0.9262513278405167
26114,LOF,0.019672924068179467,0.03210145144406035,0.9482256244877602
26115,LOF,0.08953780715050391,0.04744140519527331,0.8630207876542227
26116,LOF,0.04836634077986378,0.05791389320861932,0.8937197660115169
26117,LOF,0.3644827645502735,0.07033370333912466,0.5651835321106018
26118,LOF,0.03732850374394954,0.04335620037241634,0.9193152958836341
26119,LOF,0.02206233032050495,0.05788976603019202,0.9200479036493031
26120,LOF,0.028962300243733,0.028478116079099867,0.9425595836771671
26121,LOF,0.06344928841213522,0.10587477926439115,0.8306759323234736
26122,LOF,0.060116484564754165,0.04901300709239279,0.8908705083428531
