feature0,prediction,LoGoFunc_Neutral,LoGoFunc_GOF,LoGoFunc_LOF
25546,Neutral,0.6751063435301596,0.05397454738666721,0.27091910908317307
25547,Neutral,0.49975777196600146,0.10279404257528352,0.39744818545871496
25548,Neutral,0.5059324323555483,0.08878338376687654,0.4052841838775751
25549,LOF,0.4163068414793831,0.09056978002475702,0.49312337849585985
25550,LOF,0.37712056792972726,0.11842508061565131,0.5044543514546214
25551,LOF,0.31787835339930065,0.12913691187450757,0.5529847347261918
25552,LOF,0.25715481050480116,0.13108297694276708,0.6117622125524318
25553,Neutral,0.8183152482678843,0.044813282869054845,0.1368714688630609
25554,LOF,0.30012174464357366,0.12195419613269434,0.5779240592237319
25555,LOF,0.25049888799872777,0.11516142584652228,0.6343396861547499
25556,Neutral,0.4526633639344676,0.10188058910520893,0.4454560469603234
25557,LOF,0.2404247011281913,0.11827881070194189,0.6412964881698667
25558,LOF,0.30355778972720726,0.11590314453301229,0.5805390657397804
25559,LOF,0.1877914247483203,0.1318200300551725,0.6803885451965073
25560,LOF,0.16467275718621485,0.09546089043544292,0.7398663523783423
25561,LOF,0.16901905656569974,0.10826723776262441,0.7227137056716758
25562,LOF,0.07549778471274102,0.07478700608232892,0.84971520920493
25563,LOF,0.020735867898060773,0.13063583734798934,0.8486282947539499
25564,LOF,0.23518684471248777,0.11826570924286146,0.6465474460446508
25565,LOF,0.1979750554001604,0.14688106177610388,0.6551438828237357
25566,GOF,0.09920330479027552,0.7041858801394861,0.19661081507023823
25567,LOF,0.0408291987120373,0.12522407747285502,0.8339467238151077
25568,LOF,0.064901818078873,0.06976859463117101,0.8653295872899559
25569,LOF,0.059407045580570375,0.06977909572080256,0.8708138586986272
25570,LOF,0.02871087849631259,0.100762237580496,0.8705268839231913
25571,LOF,0.02756354247755094,0.10369440001584758,0.8687420575066016
25572,LOF,0.06321023271433063,0.11259952082113475,0.8241902464645346
25573,LOF,0.06193053655137025,0.08418946020764802,0.8538800032409817
25574,LOF,0.056333935631246404,0.18007001497445763,0.763596049394296
25575,LOF,0.022821431992737586,0.11781051670894135,0.8593680512983212
25576,LOF,0.036808948693946644,0.14741874267259375,0.8157723086334597
25577,LOF,0.03083698345712698,0.11055816754170397,0.8586048490011691
25578,LOF,0.29523284736896593,0.0776913271434527,0.6270758254875813
25579,LOF,0.13325866414951112,0.0831847094604202,0.7835566263900687
25580,LOF,0.020256098207056983,0.0766322844762799,0.9031116173166632
25581,LOF,0.055298272401038656,0.0664993621136911,0.8782023654852702
25582,LOF,0.05522657050260893,0.06589167095737344,0.8788817585400175
25583,LOF,0.02059958951413153,0.07904524724391469,0.9003551632419537
25584,Neutral,0.6679851977477435,0.10049623620420328,0.2315185660480531
25585,LOF,0.02711971294530336,0.11674501203660165,0.856135275018095
25586,LOF,0.017867130279856477,0.06306028330083824,0.9190725864193053
25587,LOF,0.017630950624579696,0.05722039375704502,0.9251486556183753
25588,LOF,0.02079577308315519,0.06804481182203434,0.9111594150948105
25589,Neutral,0.5112186330555896,0.19543190135330388,0.2933494655911066
25590,LOF,0.047531565140603804,0.10398903098292928,0.848479403876467
25591,LOF,0.09888544949130446,0.055334018679754814,0.8457805318289408
25592,LOF,0.05419628871030986,0.12694772386719422,0.8188559874224959
25593,LOF,0.13829454635925612,0.2431876681421658,0.6185177854985782
25594,LOF,0.050891729941300826,0.11100356478517404,0.8381047052735251
25595,LOF,0.049078062248232766,0.07985403496391917,0.8710679027878481
25596,LOF,0.1133155655862597,0.04757495109153955,0.8391094833222008
25597,LOF,0.08122145180610275,0.04974643982169978,0.8690321083721975
25598,LOF,0.05202180900908634,0.08089993585999848,0.8670782551309151
25599,GOF,0.020579636260420996,0.5193679109179805,0.46005245282159857
25600,GOF,0.1644658881981561,0.5081221245733585,0.3274119872284853
25601,LOF,0.03753641338912801,0.40225224636016566,0.5602113402507063
25602,LOF,0.032019790819913095,0.05087072732804159,0.9171094818520454
25603,LOF,0.03455169393117403,0.02643816722105335,0.9390101388477725
25604,LOF,0.03976932748342082,0.05641667663728845,0.9038139958792907
25605,LOF,0.04160144088115108,0.18017434201195767,0.7782242171068913
25606,LOF,0.4323775531612605,0.08814082654712974,0.4794816202916098
25607,LOF,0.02507627352010583,0.16259762356687565,0.8123261029130184
25608,LOF,0.03340655938747808,0.0773388863276192,0.8892545542849027
25609,GOF,0.15916955873298047,0.5585451907315044,0.2822852505355151
25610,LOF,0.015405558706036748,0.02663339879055885,0.9579610425034045
25611,LOF,0.014543352682223778,0.03306776445739775,0.9523888828603786
25612,LOF,0.0471987624220871,0.042449407639342844,0.91035182993857
25613,LOF,0.04457767014351057,0.04184243770233378,0.9135798921541558
25614,LOF,0.021039053921366443,0.024601191266753926,0.9543597548118797
25615,LOF,0.04633869614029044,0.03748305093139955,0.91617825292831
25616,LOF,0.04506051939892151,0.028013872956691593,0.926925607644387
25617,LOF,0.041277209583893526,0.03564115016977917,0.9230816402463273
25618,LOF,0.05064876991095003,0.035333201371825315,0.9140180287172248
25619,LOF,0.01558363434983175,0.030938908924617276,0.953477456725551
25620,LOF,0.06069535039677566,0.04175761770113424,0.8975470319020902
25621,LOF,0.05391762891828955,0.03482684737356571,0.9112555237081448
25622,LOF,0.060456289076916386,0.031383869902924896,0.9081598410201587
25623,LOF,0.07617850918116598,0.026463214468775555,0.8973582763500585
25624,LOF,0.018004100307627453,0.03296611405933444,0.9490297856330382
25625,LOF,0.06525295246962166,0.03819150210812646,0.8965555454222519
25626,LOF,0.04462154290944894,0.0382031018615492,0.9171753552290018
25627,Neutral,0.8936050610687691,0.02161598556068127,0.08477895337054957
25628,LOF,0.12739523380280426,0.06542440282759021,0.8071803633696055
25629,LOF,0.06186533238082841,0.044914195857474734,0.8932204717616969
25630,LOF,0.2798932755935813,0.07856913914258962,0.6415375852638291
25631,Neutral,0.5449019208649605,0.06448560949728148,0.3906124696377581
25632,LOF,0.02702155979785718,0.061675098753608645,0.9113033414485342
25633,LOF,0.1950473323227736,0.0336738737381777,0.7712787939390487
25634,LOF,0.03358304651979843,0.07460184135231136,0.8918151121278902
25635,LOF,0.0392089741850896,0.03929991362245159,0.9214911121924588
25636,LOF,0.03419272461006414,0.4705645640135738,0.495242711376362
25637,GOF,0.05966538377592191,0.5203203956793427,0.4200142205447354
25638,LOF,0.030417446174792754,0.31928964352536876,0.6502929102998384
25639,LOF,0.03132451274065497,0.37692917863897574,0.5917463086203694
25640,Neutral,0.8280135593935767,0.12881497744223624,0.043171463164187136
25641,LOF,0.05032894239971028,0.435525824471604,0.5141452331286858
25642,LOF,0.04503942129852315,0.14392367392775401,0.8110369047737229
25643,LOF,0.22565845899845108,0.14205050776768316,0.6322910332338657
25644,LOF,0.0214997791329986,0.4703383502775467,0.5081618705894547
25645,LOF,0.022718861408410857,0.4058397546395975,0.5714413839519917
25646,LOF,0.060452953092357396,0.32089394014871586,0.6186531067589268
25647,LOF,0.02868567005294736,0.24533326885214607,0.7259810610949065
25648,LOF,0.03466974225057358,0.23211347188107384,0.7332167858683526
25649,LOF,0.016238699595535293,0.22904963216462218,0.7547116682398426
25650,LOF,0.05463510242828888,0.41673973272675885,0.5286251648449523
25651,LOF,0.016351183182476522,0.26389365368340745,0.719755163134116
25652,LOF,0.03103499745947319,0.2613544043019847,0.7076105982385421
25653,LOF,0.08374821391473421,0.405789516609252,0.5104622694760138
25654,LOF,0.025713594639696913,0.1981717025375067,0.7761147028227964
25655,GOF,0.24889214265513937,0.38210439875895,0.36900345858591055
25656,LOF,0.2777868683516652,0.04691159169389132,0.6753015399544435
25657,LOF,0.07390534404861011,0.055811285859449326,0.8702833700919406
25658,LOF,0.39603617399851754,0.060224031303442775,0.5437397946980397
25659,Neutral,0.5264357367377929,0.076622858422019,0.39694140484018803
25660,LOF,0.02735013588879982,0.077701282942756,0.8949485811684442
25661,LOF,0.09189894351183789,0.058736092180698765,0.8493649643074632
25662,LOF,0.033815504096086586,0.03125088840507452,0.9349336074988389
25663,LOF,0.04020096551002657,0.04248626147442423,0.9173127730155491
25664,LOF,0.13474629504613178,0.05238936810157918,0.8128643368522891
25665,LOF,0.0554434221955856,0.030930523950470624,0.9136260538539439
25666,LOF,0.0856839872677041,0.0685290136044724,0.8457869991278235
25667,LOF,0.06621907073469449,0.03569248537854042,0.8980884438867651
25668,LOF,0.03824598845097852,0.04824769390083208,0.9135063176481893
25669,LOF,0.03365124992279504,0.05457077750805261,0.9117779725691523
25670,LOF,0.13746152279868679,0.045766878973583086,0.81677159822773
25671,LOF,0.09654249807705968,0.031995295624615075,0.8714622062983252
25672,LOF,0.05404997948219469,0.04259089537068295,0.9033591251471222
25673,LOF,0.07939105033788435,0.04024512098107491,0.8803638286810407
25674,LOF,0.07094416473604137,0.04830465975459367,0.880751175509365
25675,LOF,0.11385466247964342,0.05112318447536881,0.8350221530449878
25676,LOF,0.018349267508359666,0.048791979161982746,0.9328587533296576
25677,LOF,0.02551086094466705,0.06877089870304613,0.9057182403522869
25678,LOF,0.18189688753949887,0.05737017946639421,0.7607329329941069
25679,LOF,0.13337625653966023,0.07326709118498535,0.7933566522753545
25680,LOF,0.0329950958794903,0.10948965923721676,0.857515244883293
25681,LOF,0.0508293311616817,0.09846496403329587,0.8507057048050224
25682,LOF,0.13900876665088643,0.06877985342055856,0.792211379928555
25683,LOF,0.11816207131857735,0.08922110271172573,0.792616825969697
25684,LOF,0.04171534851274617,0.06390468400242781,0.8943799674848261
25685,LOF,0.13432390859367827,0.05502186891196336,0.8106542224943584
25686,LOF,0.07486389971704048,0.0927528705229314,0.8323832297600282
25687,LOF,0.1153996647223078,0.09098242879155757,0.7936179064861346
25688,LOF,0.3210627235940224,0.03656765518864058,0.6423696212173371
25689,LOF,0.21783639325769028,0.04262258124712568,0.739541025495184
25690,LOF,0.36388961630261785,0.032892238416371684,0.6032181452810105
25691,Neutral,0.7094319337289161,0.023673007218677548,0.26689505905240635
25692,LOF,0.2969001834064789,0.010738035341080197,0.692361781252441
25693,GOF,0.051765749166584926,0.49441664753227105,0.45381760330114396
25694,LOF,0.11493574006510637,0.018101170325890637,0.8669630896090029
25695,LOF,0.11682949313168804,0.01609224944292336,0.8670782574253886
25696,LOF,0.11044913039943408,0.009320917891154126,0.8802299517094119
25697,LOF,0.11793805515496507,0.030405958675935,0.8516559861690999
25698,LOF,0.32659043002658944,0.25052248808912075,0.42288708188428986
25699,LOF,0.41181912111717245,0.03750527442310163,0.550675604459726
25700,LOF,0.051364189823900924,0.007707272939046463,0.9409285372370526
25701,LOF,0.15108100837417462,0.043694702951844196,0.8052242886739811
25702,GOF,0.1727085455440827,0.5562022840276936,0.2710891704282237
25703,LOF,0.017210637326971274,0.16564676030667141,0.8171426023663573
25704,LOF,0.049636335784140714,0.12932116634474825,0.821042497871111
25705,LOF,0.059993894457644664,0.18947447891325597,0.7505316266290993
25706,LOF,0.08566540555354925,0.3714883413824409,0.5428462530640098
25707,LOF,0.08773192404222141,0.2960899702060882,0.6161781057516904
25708,LOF,0.02838044161772259,0.2720662511145109,0.6995533072677664
25709,LOF,0.05793698145834528,0.04227951136989174,0.899783507171763
25710,LOF,0.011278268733696781,0.14169365137400475,0.8470280798922984
25711,LOF,0.018395573448543454,0.09824175574189123,0.8833626708095654
25712,LOF,0.01333966193680784,0.18105785854481785,0.8056024795183743
25713,LOF,0.017953789358733208,0.07874632517781897,0.9032998854634479
25714,LOF,0.06849898941846928,0.0786321960706978,0.852868814510833
25715,LOF,0.010247917414257008,0.15029012909467188,0.8394619534910711
25716,LOF,0.013906798463573948,0.1112485318723258,0.8748446696641003
25717,LOF,0.014028564824827353,0.07789139637736818,0.9080800387978044
25718,LOF,0.011743028327703384,0.10214631333760549,0.886110658334691
25719,LOF,0.018950562018942213,0.07529262737515242,0.9057568106059055
25720,LOF,0.021492008172526278,0.07124412966049334,0.9072638621669803
25721,LOF,0.015698600880996585,0.10451699711888757,0.8797844020001159
25722,LOF,0.012975259552761995,0.12466481282717753,0.8623599276200605
25723,LOF,0.02189684947128889,0.0442783554989095,0.9338247950298015
25724,LOF,0.02373199781375667,0.07859445601626906,0.8976735461699742
25725,LOF,0.011928499354159941,0.06636698931121236,0.9217045113346277
25726,LOF,0.014934035639083857,0.09260335780944988,0.8924626065514661
25727,LOF,0.013321246894524767,0.07024452732858215,0.9164342257768932
25728,LOF,0.009907977875719455,0.10990307723173975,0.8801889448925407
25729,LOF,0.010102672858548763,0.10796816254758679,0.8819291645938644
25730,LOF,0.013585428009607912,0.08526357489576813,0.9011509970946239
25731,LOF,0.02031418836534993,0.11056309752019475,0.8691227141144553
25732,LOF,0.01444654102290309,0.087086767363298,0.898466691613799
25733,LOF,0.016052291447844654,0.07577719460820441,0.908170513943951
25734,LOF,0.012793655351248979,0.1245054668818068,0.8627008777669443
25735,LOF,0.013185003807745042,0.09110368989574018,0.8957113062965149
25736,LOF,0.013246624112040282,0.11578489664154089,0.8709684792464187
25737,LOF,0.020570640464230384,0.08486454697499056,0.8945648125607791
25738,LOF,0.013152044753845252,0.1069126274691702,0.8799353277769846
25739,LOF,0.019183245895592865,0.08754193549663819,0.893274818607769
25740,LOF,0.026962358280026966,0.10284479764928128,0.8701928440706916
25741,LOF,0.014863997571669675,0.10657161225752826,0.878564390170802
25742,LOF,0.11519817374560329,0.0830017447185075,0.8018000815358892
25743,LOF,0.0337139349000619,0.032831205432613,0.9334548596673251
25744,Neutral,0.5989498836164392,0.19685282920035554,0.20419728718320534
25745,LOF,0.08256334438096029,0.08173043845797158,0.8357062171610681
25746,LOF,0.043436665679314077,0.09486761733135989,0.861695716989326
25747,LOF,0.022495936515171233,0.04719231834854022,0.9303117451362886
25748,LOF,0.09927881383102523,0.06918387328490111,0.8315373128840736
25749,LOF,0.026171898827404984,0.09119339628141693,0.8826347048911781
25750,LOF,0.08574140261704706,0.08766945482379351,0.8265891425591595
25751,LOF,0.08798434930999252,0.06721898024820432,0.8447966704418032
25752,GOF,0.09423929992224239,0.6728030388462463,0.23295766123151138
25753,LOF,0.02055315713756776,0.2777815246489733,0.7016653182134589
25754,GOF,0.010832986123164681,0.7605479924630923,0.2286190214137429
25755,LOF,0.024008510984629305,0.38270654990263453,0.5932849391127362
25756,LOF,0.04350020322763546,0.39506236772034625,0.5614374290520182
25757,GOF,0.013680427244938663,0.831698516277808,0.15462105647725338
25758,GOF,0.025799941013870946,0.8273170688597871,0.1468829901263419
25759,GOF,0.010968344349754168,0.5362775192086048,0.452754136441641
25760,LOF,0.012536968753356043,0.24684098739073754,0.7406220438559064
25761,GOF,0.2677042248667429,0.6407191821253528,0.09157659300790427
25762,LOF,0.036155503980928795,0.28738852134888554,0.6764559746701856
25763,LOF,0.014096030536316941,0.2084942258604089,0.7774097436032741
25764,GOF,0.07946668764093318,0.6218611285010367,0.29867218385803007
25765,GOF,0.04027690831639263,0.768966726318292,0.19075636536531534
25766,GOF,0.06268561518199268,0.7794331874859777,0.15788119733202977
25767,GOF,0.17844971747324648,0.41578587579677617,0.4057644067299773
25768,LOF,0.09675651002317807,0.06552916892339332,0.8377143210534286
25769,LOF,0.06559937654214427,0.07306788567065826,0.8613327377871974
25770,LOF,0.30099496956547445,0.08222316210555945,0.6167818683289661
25771,LOF,0.037889228752697866,0.0479664518082788,0.9141443194390234
25772,LOF,0.017452388532643817,0.03611746805471674,0.9464301434126393
25773,LOF,0.050793712976061056,0.08147713909426782,0.867729147929671
25774,LOF,0.027542132714689135,0.07456861105381885,0.897889256231492
25775,LOF,0.045568813348943346,0.04655921485755127,0.9078719717935053
25776,LOF,0.07013384392159806,0.028189616993864464,0.9016765390845375
25777,LOF,0.35749972584690365,0.053283232836751564,0.5892170413163448
25778,LOF,0.06818354200400509,0.05275247943622046,0.8790639785597745
25779,GOF,0.3841326669656765,0.5781830511810838,0.03768428185323968
25780,GOF,0.3202356166619407,0.6145934993004191,0.06517088403764022
25781,GOF,0.1396986307447219,0.7524148211878667,0.10788654806741142
25782,GOF,0.19860819956261339,0.7382737744259811,0.06311802601140548
25783,GOF,0.03038947401349545,0.6253108919342459,0.3442996340522586
25784,Neutral,0.49825188025254763,0.4685138569282962,0.033234262819156195
25785,GOF,0.4436423693486847,0.5199880223803208,0.03636960827099447
25786,GOF,0.02756595962296194,0.757805135869754,0.21462890450728409
25787,Neutral,0.6499574120295564,0.328309823181824,0.021732764788619643
25788,LOF,0.044526103201584094,0.09867052979030705,0.8568033670081089
25789,GOF,0.20225463484501996,0.6625750898387325,0.13517027531624753
25790,GOF,0.22539662019557277,0.6712328494799836,0.1033705303244436
25791,GOF,0.15225978960631686,0.6716581172901924,0.1760820931034907
25792,GOF,0.34065491465905917,0.5298954849083731,0.12944960043256762
25793,GOF,0.26339783578911846,0.5303071715603104,0.20629499265057105
25794,GOF,0.2907704632622356,0.5309106417770374,0.17831889496072703
25795,GOF,0.07456571138131518,0.6847730181739717,0.24066127044471303
25796,Neutral,0.5375578858122808,0.39034148012612857,0.07210063406159067
25797,GOF,0.09988052448011543,0.5596177801924144,0.34050169532747016
25798,GOF,0.009135558420019166,0.5112725985148411,0.4795918430651398
25799,LOF,0.007200387704086951,0.3931286518548011,0.599670960441112
25800,GOF,0.03363481356680961,0.5940616752851119,0.37230351114807847
25801,GOF,0.20268755255349946,0.6789847657216005,0.11832768172489994
25802,GOF,0.0842301648958241,0.6925120066757684,0.22325782842840752
25803,GOF,0.036741663816428675,0.5708855764667122,0.39237275971685903
25804,LOF,0.03590040176732429,0.4776724459214169,0.48642715231125894
25805,GOF,0.1100618851512231,0.5753304432364349,0.31460767161234193
25806,GOF,0.10847466442461234,0.5639824722913058,0.32754286328408183
25807,GOF,0.020393725244508446,0.6243113612930956,0.355294913462396
25808,GOF,0.08928455762288669,0.6145192971090627,0.2961961452680505
25809,GOF,0.018399450044897615,0.5736220402820726,0.4079785096730296
25810,GOF,0.01796169285316837,0.6142703659203854,0.3677679412264463
25811,GOF,0.44418348071952846,0.4797923826676173,0.07602413661285422
25812,GOF,0.030444359535188304,0.6371099239508454,0.3324457165139662
25813,Neutral,0.5019665566699034,0.4119666286745614,0.08606681465553526
25814,GOF,0.11737193207176676,0.6604117605372026,0.22221630739103052
25815,GOF,0.20259978900104794,0.6360359101152623,0.16136430088368978
25816,GOF,0.021504533670804165,0.716813427058909,0.2616820392702866
25817,GOF,0.25182038190456124,0.6290139556575767,0.11916566243786213
25818,GOF,0.05087990858324359,0.6696695322609295,0.27945055915582684
25819,GOF,0.37141908683920316,0.5100001752604846,0.11858073790031229
25820,GOF,0.1933115644147488,0.6142038646593947,0.19248457092585647
25821,GOF,0.06035286489440296,0.6913706306538049,0.24827650445179217
25822,GOF,0.2168664244269817,0.5853520774483175,0.1977814981247009
25823,GOF,0.03307245859177822,0.5312199900972002,0.4357075513110217
25824,GOF,0.09195526121213336,0.6182092197681991,0.2898355190196676
25825,GOF,0.03790032765196304,0.6162016107659751,0.3458980615820619
25826,GOF,0.015440854170451004,0.5958904043143598,0.38866874151518915
25827,GOF,0.026276539612398078,0.6018605426889261,0.3718629176986759
25828,GOF,0.014044122780770446,0.5276244496862468,0.4583314275329827
25829,GOF,0.005576315168816377,0.5620723062130738,0.4323513786181098
25830,LOF,0.035454558916444216,0.27401312808349787,0.6905323130000579
25831,GOF,0.2341868909767952,0.6551778037933159,0.11063530522988876
25832,GOF,0.032712086169587345,0.740340280061479,0.22694763376893357
25833,GOF,0.12292303082861518,0.7421951587015568,0.13488181046982803
25834,GOF,0.03394691685672566,0.7646115043482992,0.2014415787949752
25835,GOF,0.07051384728068064,0.7836235258686757,0.14586262685064375
25836,GOF,0.032036073327145725,0.7069323772120858,0.26103154946076834
25837,GOF,0.028399559491731393,0.6152930531921,0.35630738731616857
25838,GOF,0.10435040440138782,0.7723960938885424,0.12325350171006981
25839,GOF,0.2837326533669388,0.5907414602767794,0.12552588635628176
25840,GOF,0.2791343189058545,0.5877575362986699,0.13310814479547567
25841,GOF,0.275398085794028,0.5987868508482186,0.12581506335775328
25842,GOF,0.14331319555816238,0.7343853482029695,0.12230145623886807
25843,GOF,0.2206104549931656,0.6994651987474935,0.07992434625934099
25844,GOF,0.06784825200372585,0.7354199281576587,0.19673181983861548
25845,GOF,0.017055073543636178,0.5035719148349146,0.4793730116214493
25846,GOF,0.13863319340030744,0.7271862772598794,0.13418052933981303
25847,GOF,0.10830046872761938,0.7909931315695926,0.10070639970278804
25848,GOF,0.03804051073714186,0.7203378784282686,0.24162161083458963
25849,GOF,0.011361720322329107,0.5971948051023039,0.3914434745753669
25850,GOF,0.020643383227145626,0.6415573458615464,0.33779927091130796
25851,GOF,0.01624393672448566,0.529580756160398,0.4541753071151164
25852,GOF,0.16821234996120032,0.5497993972683599,0.28198825277043976
25853,GOF,0.358999695392008,0.56946238085169,0.07153792375630204
25854,GOF,0.022767309430594965,0.6067042033497282,0.3705284872196769
25855,GOF,0.03780699665602029,0.5658686238103272,0.39632437953365257
25856,GOF,0.2408260739348612,0.5517914617214592,0.20738246434367963
25857,GOF,0.03961769385591234,0.5063627008037753,0.4540196053403124
25858,GOF,0.021479557443114305,0.5390364535225092,0.4394839890343765
25859,GOF,0.010753859227913233,0.5097868107833552,0.47945932998873164
25860,GOF,0.36208842271910535,0.561073173623901,0.07683840365699358
25861,GOF,0.43364995276648616,0.5032474853960657,0.06310256183744804
25862,GOF,0.08325657349762,0.7811105775212367,0.13563284898114333
25863,GOF,0.08262065924215423,0.7904255156850554,0.12695382507279043
25864,GOF,0.21272899271430662,0.726055180254315,0.06121582703137854
25865,GOF,0.09353598139314248,0.7931773727083664,0.1132866458984912
25866,GOF,0.06260045495476499,0.7938533966525908,0.14354614839264426
25867,GOF,0.08655051107695066,0.8175993867979968,0.09585010212505254
25868,GOF,0.2517487911940398,0.6476815073473329,0.1005697014586273
25869,Neutral,0.7100328227505298,0.25141928758858134,0.03854788966088888
25870,GOF,0.28374591766990015,0.4131915481418848,0.303062534188215
25871,GOF,0.19650831213732675,0.677986921764967,0.12550476609770622
25872,GOF,0.07066513701868557,0.6740400603221797,0.25529480265913485
25873,GOF,0.09928794844466454,0.7190556148863516,0.1816564366689837
25874,LOF,0.014880950835629032,0.10341458477788344,0.8817044643864875
25875,LOF,0.0910246169540779,0.047245091660721966,0.8617302913852002
25876,LOF,0.035221045241594605,0.030367696873122987,0.9344112578852823
25877,Neutral,0.5350638150067771,0.039825269104446795,0.42511091588877603
25878,LOF,0.2433461273600993,0.08943436813289782,0.6672195045070028
25879,LOF,0.08979595307640979,0.08943650608208785,0.8207675408415024
25880,LOF,0.03901551938355552,0.013889094578944891,0.9470953860374997
25881,LOF,0.17906482142509342,0.12579959142114952,0.6951355871537571
25882,LOF,0.06457302242139865,0.016570515226553145,0.9188564623520482
25883,LOF,0.06590335770294133,0.01902834901702252,0.9150682932800361
25884,LOF,0.03259936851419838,0.02911251654220795,0.9382881149435935
25885,LOF,0.06270952874279367,0.010830955689076912,0.9264595155681294
25886,LOF,0.2605841266828626,0.038565756121122605,0.7008501171960148
25887,LOF,0.15709333846903534,0.060468135351562036,0.7824385261794026
25888,LOF,0.06855809649359706,0.05749738235735142,0.8739445211490516
25889,LOF,0.042404340325407595,0.019529207740230103,0.9380664519343623
25890,LOF,0.04993181672841894,0.1521476495339444,0.7979205337376367
25891,LOF,0.03852007256515206,0.05570163810584413,0.9057782893290038
25892,LOF,0.0808156056461132,0.021289258571615958,0.8978951357822709
25893,LOF,0.25041412703392363,0.019889192735407218,0.7296966802306692
25894,LOF,0.17113200265845735,0.011135739197993716,0.8177322581435489
25895,LOF,0.18521465729748698,0.02287321874236026,0.7919121239601528
25896,LOF,0.04846762138126791,0.021854186837268315,0.9296781917814638
25897,LOF,0.29488938700751177,0.012577894309279995,0.6925327186832083
25898,Neutral,0.7188241143317058,0.010282846200740076,0.27089303946755433
25899,LOF,0.21649895891105247,0.021397986297935313,0.7621030547910121
25900,LOF,0.4575018884842698,0.012945981848340626,0.5295521296673895
25901,LOF,0.05198396105427779,0.011423775070087934,0.9365922638756342
25902,LOF,0.1501265404395026,0.013961194864834927,0.8359122646956624
25903,Neutral,0.5809162016171325,0.028877135382719507,0.3902066630001479
25904,LOF,0.3259972199691332,0.0409923665906595,0.6330104134402073
25905,LOF,0.026601863313104983,0.32580690520090755,0.6475912314859874
25906,LOF,0.035961808214940376,0.07042789345587158,0.8936102983291881
25907,LOF,0.013891368008204468,0.33513213321455315,0.6509764987772424
25908,LOF,0.010115088988628937,0.2559954344544098,0.7338894765569612
25909,LOF,0.012969379038066131,0.11866226628094885,0.868368354680985
25910,LOF,0.04937981018954783,0.14045433170847985,0.8101658581019722
25911,LOF,0.18616074607935595,0.034908055787734475,0.7789311981329096
25912,LOF,0.04406412557939836,0.06511195165282814,0.8908239227677734
25913,LOF,0.34000712332994526,0.026758487651223916,0.6332343890188309
25914,LOF,0.020532241533543712,0.05784333876659426,0.9216244196998621
25915,Neutral,0.5647999915959964,0.14552171698389196,0.2896782914201116
25916,LOF,0.08023400228332982,0.18849380657839207,0.7312721911382781
25917,LOF,0.058401122855369816,0.04558465565575512,0.8960142214888751
25918,LOF,0.021733654333402932,0.03502916841010134,0.9432371772564956
25919,LOF,0.019558561732491632,0.03531068691982444,0.945130751347684
25920,GOF,0.10765768338830164,0.5236508191988918,0.36869149741280655
25921,LOF,0.024813467436941038,0.03889964380901411,0.9362868887540448
25922,LOF,0.030974900009563006,0.028603718004438238,0.9404213819859988
25923,LOF,0.45645428879706407,0.04005566690277066,0.5034900443001652
25924,LOF,0.035037354900831624,0.04663078544601921,0.9183318596531492
25925,LOF,0.06615203649615499,0.04272162601710945,0.8911263374867356
25926,LOF,0.04816095757841616,0.03793124895822744,0.9139077934633564
25927,LOF,0.056762008718276524,0.12941240250517408,0.8138255887765493
25928,LOF,0.01741722438152696,0.055651193860594424,0.9269315817578786
25929,Neutral,0.579064743854468,0.042246009417672155,0.3786892467278598
25930,LOF,0.0675111139247165,0.03438976791148329,0.8980991181638002
25931,LOF,0.02314809982874666,0.03267438093960092,0.9441775192316524
25932,LOF,0.026597911051693665,0.028070820608710786,0.9453312683395955
25933,LOF,0.03643957096717748,0.019895155415239386,0.9436652736175832
25934,LOF,0.023593260333292784,0.021189866113488984,0.9552168735532183
25935,LOF,0.057617189023803125,0.051671080386881306,0.8907117305893156
25936,LOF,0.04190590222077211,0.024063712194623603,0.9340303855846044
25937,LOF,0.02566594191174081,0.03783547773724338,0.9364985803510157
25938,LOF,0.06036502288182685,0.05491537615895211,0.8847196009592211
25939,LOF,0.037881254505339725,0.021774005159216826,0.9403447403354435
25940,LOF,0.031854141005638756,0.33403661179294525,0.634109247201416
25941,LOF,0.18534958623647704,0.09901722102397575,0.7156331927395473
25942,LOF,0.013318661146460364,0.0332637077266886,0.9534176311268511
25943,LOF,0.30414419387493347,0.04940418789739513,0.6464516182276713
25944,LOF,0.4885083187400063,0.021511927923446163,0.48997975333654753
25945,LOF,0.0744021849190571,0.021478742145194598,0.9041190729357483
25946,LOF,0.03187607261918178,0.12416683012538457,0.8439570972554338
25947,LOF,0.12073170137792649,0.16214660752634608,0.7171216910957274
25948,LOF,0.35423668577593204,0.008763650392759715,0.6369996638313082
25949,LOF,0.1340664001130085,0.03482177827257608,0.8311118216144154
25950,GOF,0.32386055279680404,0.3708794510683567,0.30525999613483934
25951,LOF,0.19053028998877572,0.2709504850439854,0.5385192249672389
25952,LOF,0.04428490411441354,0.44214805880840236,0.5135670370771841
25953,LOF,0.16901590274452497,0.12178834467088304,0.709195752584592
25954,Neutral,0.4257775347764412,0.17895885063451514,0.39526361458904363
25955,LOF,0.05086666877759989,0.0853055763508902,0.8638277548715099
25956,LOF,0.15601835696462146,0.10893905266045094,0.7350425903749276
25957,LOF,0.038086737479800806,0.028291559212443366,0.9336217033077558
25958,LOF,0.05296345686140774,0.026859259421787938,0.9201772837168043
25959,LOF,0.06989260398823306,0.34915724964174244,0.5809501463700244
25960,LOF,0.016050806915246008,0.050183583397358705,0.9337656096873953
25961,LOF,0.04051071939490122,0.026770386911838993,0.9327188936932597
25962,LOF,0.059275915006895566,0.02055452630731057,0.920169558685794
25963,LOF,0.0476311705490436,0.18921690396441415,0.7631519254865423
25964,LOF,0.03384179734804475,0.151105717939532,0.8150524847124232
25965,LOF,0.4185388703601866,0.0644761325793904,0.5169849970604229
25966,Neutral,0.5192397436461013,0.16850265986861052,0.31225759648528817
25967,LOF,0.016578817254129807,0.10111060512642861,0.8823105776194415
25968,LOF,0.0380103770421188,0.39355047557388345,0.5684391473839978
25969,LOF,0.03567579419848707,0.06069053816319463,0.9036336676383183
25970,LOF,0.06022664993962445,0.05558816458520124,0.8841851854751744
25971,LOF,0.06636161902909876,0.020450331464567255,0.913188049506334
25972,LOF,0.06624020417697234,0.030945142248554085,0.9028146535744735
25973,LOF,0.08141381142276828,0.008887991935077588,0.9096981966421541
25974,LOF,0.20765826001522492,0.014821441168726917,0.7775202988160482
25975,LOF,0.04613301271648191,0.02457565078540691,0.9292913364981111
25976,LOF,0.048977962027329666,0.015725335784891076,0.9352967021877793
25977,LOF,0.15431963683360025,0.0904654326669978,0.755214930499402
25978,LOF,0.15520591566576158,0.07737535344994595,0.7674187308842924
25979,LOF,0.14259213059985756,0.07793247587109539,0.779475393529047
25980,LOF,0.22380292569797675,0.08995958844622606,0.6862374858557971
25981,LOF,0.2545024442611496,0.08857784897489263,0.6569197067639578
25982,LOF,0.410735708262078,0.07462893985669973,0.5146353518812223
25983,LOF,0.38738732888156563,0.08241643660028634,0.530196234518148
25984,LOF,0.04673452155146417,0.04880844129436089,0.904457037154175
25985,LOF,0.0356471281649776,0.2932404586487267,0.6711124131862957
25986,LOF,0.04584542449837767,0.3599406298905034,0.594213945611119
25987,LOF,0.08368102463273995,0.07236765849735557,0.8439513168699045
25988,LOF,0.15002773620147428,0.05780551150483956,0.792166752293686
25989,LOF,0.03415934562262236,0.12127848008105727,0.8445621742963203
25990,LOF,0.04116155662216618,0.16955494095762644,0.7892835024202074
25991,LOF,0.1355652430275539,0.2323162935106775,0.6321184634617687
25992,LOF,0.30231613359430237,0.14078885737153524,0.5568950090341624
25993,LOF,0.023296788664020792,0.06974250501304764,0.9069607063229316
25994,LOF,0.018805754542598925,0.08512963440558848,0.8960646110518126
25995,LOF,0.022716331765022087,0.19949263447311727,0.7777910337618607
25996,GOF,0.3301130125274244,0.36091815519350917,0.3089688322790665
25997,LOF,0.08431379494465731,0.3385168626204337,0.577169342434909
25998,Neutral,0.5065660324163287,0.02610084034061195,0.46733312724305937
25999,LOF,0.10586119735079476,0.10171700014955425,0.7924218024996509
26000,LOF,0.14428389162277178,0.04689297453251533,0.8088231338447128
26001,LOF,0.2096794816231251,0.05540719821074052,0.7349133201661344
26002,LOF,0.1219237219877867,0.04543068935827508,0.8326455886539381
26003,GOF,0.011534860276096997,0.5854531328003886,0.4030120069235146
26004,GOF,0.024384005612943068,0.6700516429366735,0.3055643514503835
26005,LOF,0.006829502532103968,0.44926048543617425,0.5439100120317218
26006,Neutral,0.4863834639969168,0.27691647090222765,0.23670006510085564
26007,GOF,0.021476323273040884,0.5158874976244665,0.46263617910249266
26008,GOF,0.018980232125581354,0.6022494867763701,0.37877028109804844
26009,GOF,0.020540403621156333,0.6621633654682688,0.3172962309105749
26010,GOF,0.025706579627836283,0.6274662593709789,0.34682716100118477
26011,LOF,0.0072346707937492125,0.43075348994246765,0.5620118392637832
26012,GOF,0.013868886435948347,0.5338893435652361,0.4522417699988155
26013,GOF,0.019361945683316957,0.6108333828795617,0.3698046714371215
26014,LOF,0.04546578822487756,0.11040453134727268,0.8441296804278499
26015,LOF,0.1557131998475951,0.015155930020350528,0.8291308701320543
26016,LOF,0.1921560402302326,0.05464631295704192,0.7531976468127255
26017,LOF,0.22726123581341667,0.08839786045382984,0.6843409037327535
26018,LOF,0.08148024418755158,0.035524741636872914,0.8829950141755756
26019,LOF,0.07796490721011307,0.028138102877996143,0.8938969899118908
26020,LOF,0.06673894566433296,0.09749883476930409,0.835762219566363
26021,LOF,0.04693629695542076,0.1040758829219106,0.8489878201226686
26022,LOF,0.011141827039880387,0.03732696274765147,0.9515312102124681
26023,LOF,0.06948638635441501,0.022347869304607845,0.9081657443409772
26024,LOF,0.03096343622981383,0.10898684827571492,0.8600497154944712
26025,LOF,0.14681106136907066,0.09367174298505904,0.7595171956458702
26026,LOF,0.33012784813152857,0.02868213474176617,0.6411900171267052
26027,LOF,0.06254835290590324,0.017570494725140984,0.9198811523689557
26028,LOF,0.15951800638543895,0.06066587308791236,0.7798161205266487
26029,LOF,0.0605815414161098,0.18006391196875077,0.7593545466151395
26030,LOF,0.021050554050562175,0.04763820566000623,0.9313112402894316
26031,LOF,0.02375629191754844,0.12847484688688365,0.8477688611955678
26032,LOF,0.06303306205042965,0.07736239360334625,0.8596045443462241
26033,LOF,0.08459943953031096,0.07495502499605514,0.8404455354736339
26034,LOF,0.03933335433624817,0.1509091691097333,0.8097574765540185
26035,LOF,0.02308982021944847,0.1484204646347219,0.8284897151458297
26036,LOF,0.03495247728647116,0.16358660516133994,0.8014609175521888
26037,LOF,0.01912895388782332,0.11999363357440297,0.8608774125377737
26038,LOF,0.05931679569728119,0.07905146696936803,0.8616317373333509
26039,LOF,0.046351854283213895,0.1450022851412902,0.8086458605754958
26040,LOF,0.1934458974929703,0.13087875970425394,0.6756753428027756
26041,LOF,0.01979234883486403,0.1116862885690969,0.8685213625960392
26042,LOF,0.0183308288142546,0.10341521611738111,0.8782539550683643
26043,LOF,0.06009943542879019,0.09121782960707103,0.8486827349641388
26044,LOF,0.01818777993123176,0.06273247088958626,0.919079749179182
26045,LOF,0.06609204880926153,0.1014551171539482,0.8324528340367903
26046,LOF,0.0562180125488159,0.07541234810608986,0.8683696393450943
26047,LOF,0.07337421721992654,0.0782190688919163,0.848406713888157
26048,LOF,0.04355333217580459,0.039296077271887185,0.9171505905523083
26049,Neutral,0.9662469702384849,0.0069038434498577645,0.026849186311657124
26050,Neutral,0.9515372853532917,0.008909423012092741,0.039553291634615545
26051,LOF,0.04223534568696583,0.25554438547934066,0.7022202688336935
26052,LOF,0.06716286166796184,0.282838862742553,0.6499982755894852
26053,LOF,0.05201455112964051,0.15893268197605637,0.7890527668943031
26054,LOF,0.04902631983832049,0.01683358939390038,0.9341400907677792
26055,LOF,0.07066546528143293,0.014755514432622328,0.9145790202859448
26056,LOF,0.06017742471193725,0.016911970870966114,0.9229106044170965
26057,LOF,0.031126380489141327,0.011123499505727228,0.9577501200051315
26058,LOF,0.031850754099116925,0.009161846341168423,0.9589873995597147
26059,LOF,0.2760791154274586,0.020542870783593566,0.7033780137889479
26060,LOF,0.04057293872039035,0.17497908156567415,0.7844479797139354
26061,LOF,0.016638208762736372,0.011029627958846525,0.972332163278417
26062,LOF,0.010595310306233119,0.01650632219008939,0.9728983675036774
26063,LOF,0.01979758286855138,0.010748749227443942,0.9694536679040046
26064,LOF,0.02041076504313638,0.021957120392060506,0.9576321145648031
26065,LOF,0.025353775307936793,0.0108815348996383,0.963764689792425
26066,LOF,0.020996255720230082,0.010631832863938505,0.9683719114158315
26067,LOF,0.026275080702043194,0.007970134586682253,0.9657547847112746
26068,LOF,0.04426595664519125,0.02876348456755221,0.9269705587872565
26069,LOF,0.2830052982957334,0.018584578768712792,0.6984101229355538
26070,LOF,0.416797149505388,0.014806688154050592,0.5683961623405615
26071,LOF,0.019190789079603882,0.011257915733646044,0.9695512951867501
26072,LOF,0.018203670010187672,0.01753522147007272,0.9642611085197396
26073,LOF,0.019736025741355735,0.010573784897024964,0.9696901893616193
26074,Neutral,0.9097140188594461,0.005687636614683285,0.08459834452587066
26075,LOF,0.04500637646041848,0.013647717621848703,0.9413459059177329
26076,LOF,0.03526127358143045,0.00843223190292524,0.9563064945156443
26077,LOF,0.009513925099399785,0.01360074769593954,0.9768853272046607
26078,LOF,0.014877138690146547,0.009213734948192852,0.9759091263616606
26079,LOF,0.06211804049973805,0.01605049185209528,0.9218314676481666
26080,LOF,0.061337985538248124,0.016091928514319558,0.9225700859474323
26081,LOF,0.03622633900881014,0.006964710579945444,0.9568089504112445
26082,LOF,0.013456562106110952,0.015437831940448616,0.9711056059534403
26083,LOF,0.17803889462295128,0.014161510322730964,0.8077995950543178
26084,LOF,0.03877008300011716,0.010856025078356958,0.9503738919215258
26085,LOF,0.034477228011599685,0.010435207624247187,0.9550875643641531
26086,LOF,0.019529818265760307,0.009684141677398539,0.9707860400568412
26087,LOF,0.023643886280638324,0.006997457775805158,0.9693586559435565
26088,LOF,0.01511178627630522,0.02070258296507732,0.9641856307586174
26089,LOF,0.04155692486886624,0.021263884808803167,0.9371791903223307
26090,LOF,0.04164639254603025,0.017463548903732144,0.9408900585502377
26091,LOF,0.03147370929111884,0.006030755207247372,0.9624955355016338
26092,LOF,0.021812001784790012,0.007983221789933697,0.9702047764252764
26093,LOF,0.03181257085430838,0.006297527384985177,0.9618899017607065
26094,LOF,0.03691021354436893,0.005514023353996713,0.9575757631016343
26095,LOF,0.040354297455386684,0.013657385117913748,0.9459883174266995
26096,LOF,0.01632678344219743,0.01152031804530819,0.9721528985124943
26097,LOF,0.012505421344023339,0.033488016102130896,0.9540065625538457
26098,LOF,0.07872743314210838,0.011292634200849642,0.909979932657042
26099,LOF,0.020425576180933477,0.012129237143546375,0.9674451866755202
26100,LOF,0.02223462412411736,0.011481780341375833,0.9662835955345068
26101,LOF,0.044197562511113224,0.014471300867127626,0.9413311366217592
26102,LOF,0.02033816923630652,0.011622668655731852,0.9680391621079617
26103,Neutral,0.8804894584169264,0.018647957958344053,0.10086258362472961
26104,LOF,0.07628774010720266,0.02383073145919548,0.8998815284336018
26105,LOF,0.18300492815431868,0.26435324024776036,0.5526418315979209
26106,LOF,0.17149998546068215,0.1223839267038787,0.7061160878354391
26107,LOF,0.23021822917231516,0.08386257220068914,0.6859191986269957
26108,LOF,0.23727324738881325,0.10208040049204703,0.6606463521191398
26109,LOF,0.08432433688765727,0.05226155840674349,0.8634141047055992
26110,LOF,0.1954370705247266,0.0077899578678115354,0.7967729716074619
26111,Neutral,0.5088447261893316,0.03141455599584097,0.45974071781482734
26112,LOF,0.03363673165966172,0.0073331398735238295,0.9590301284668143
26113,LOF,0.06319677364954632,0.017024160630094574,0.9197790657203592
26114,LOF,0.02574981621931772,0.029763717128867592,0.9444864666518147
26115,LOF,0.0873723698023017,0.05097651884837059,0.8616511113493277
26116,LOF,0.05963911765728427,0.061750388746033974,0.8786104935966818
26117,LOF,0.44675732325034256,0.04174449856379679,0.5114981781858606
26118,LOF,0.032859425459517685,0.024079290334710367,0.9430612842057718
26119,LOF,0.02399004797194423,0.0414642309439529,0.9345457210841027
26120,LOF,0.02460346416690269,0.017267714329511376,0.9581288215035859
26121,LOF,0.043016704121709805,0.07876984711145155,0.8782134487668387
