feature0,prediction,LoGoFunc_Neutral,LoGoFunc_GOF,LoGoFunc_LOF
25546,Neutral,0.6245201793646382,0.13509253672124505,0.2403872839141168
25547,Neutral,0.5252710825148654,0.19842548386164297,0.2763034336234917
25548,Neutral,0.4254768908970925,0.2059979126561669,0.3685251964467406
25549,LOF,0.39483900783562415,0.2030817172987154,0.4020792748656605
25550,LOF,0.3434969843570283,0.22840682793639094,0.4280961877065807
25551,LOF,0.2452747194112683,0.22818468293130573,0.526540597657426
25552,LOF,0.23119945874709505,0.25125133430464897,0.517549206948256
25553,Neutral,0.773122689567246,0.10553515466688647,0.12134215576586753
25554,LOF,0.27336292458609845,0.2125079828272178,0.5141290925866837
25555,LOF,0.20452939909221177,0.21930984876426649,0.5761607521435218
25556,LOF,0.3934596963988249,0.20802386226431918,0.39851644133685593
25557,LOF,0.21765305617791952,0.21478478434283443,0.567562159479246
25558,LOF,0.2791042500414501,0.2582546910917852,0.46264105886676465
25559,LOF,0.31994563918459246,0.05436216280532242,0.6256921980100852
25560,LOF,0.036181072343636864,0.23770232404792066,0.7261166036084425
25561,LOF,0.026733853269095824,0.3993428455825055,0.5739233011483986
25562,LOF,0.03911403609975693,0.14373426804092615,0.8171516958593168
25563,LOF,0.008728142333686266,0.26166402308308956,0.7296078345832243
25564,LOF,0.06057149152481767,0.09231134256189433,0.847117165913288
25565,LOF,0.17116780133126167,0.11830076965215429,0.7105314290165841
25566,GOF,0.07445092682378834,0.7073410281260337,0.218208045050178
25567,LOF,0.03849004308212107,0.06786459300798538,0.8936453639098935
25568,LOF,0.05710390609592471,0.05987785213944584,0.8830182417646295
25569,LOF,0.06545211360536203,0.05732863443957174,0.8772192519550663
25570,LOF,0.04995964016250797,0.06734391971848498,0.882696440119007
25571,LOF,0.04874620510858656,0.06523776391876307,0.8860160309726505
25572,LOF,0.06461456090445146,0.05499312565092164,0.880392313444627
25573,LOF,0.0732792360074894,0.11022261278245644,0.8164981512100541
25574,LOF,0.09225452713382132,0.2519760948684665,0.6557693779977122
25575,LOF,0.050669315858498785,0.06767870221506855,0.8816519819264327
25576,LOF,0.026457413372825617,0.10902727751220098,0.8645153091149734
25577,LOF,0.03500595234693807,0.06463571310335238,0.9003583345497095
25578,LOF,0.2949468366046842,0.08727441761274186,0.617778745782574
25579,LOF,0.2910945081974138,0.0830151412597739,0.6258903505428124
25580,LOF,0.05300847339535952,0.060828494388392676,0.8861630322162478
25581,LOF,0.04178062816904266,0.10211324804114444,0.8561061237898129
25582,LOF,0.04178062816904266,0.10211324804114444,0.8561061237898129
25583,LOF,0.049944814876928305,0.06729960454077168,0.8827555805823
25584,Neutral,0.7957802302050487,0.048479925005801304,0.15573984478915004
25585,LOF,0.030897210027529286,0.06580105904188709,0.9033017309305836
25586,LOF,0.05032214027697536,0.05797244823671726,0.8917054114863073
25587,LOF,0.049509706264959416,0.06028605713529544,0.890204236599745
25588,LOF,0.048935624061216335,0.054622936573828766,0.896441439364955
25589,Neutral,0.7195211428299525,0.10546652361612853,0.17501233355391896
25590,LOF,0.06822004182958681,0.07857487537734674,0.8532050827930664
25591,LOF,0.13532877923870934,0.04180046888531491,0.8228707518759758
25592,LOF,0.20439650731108416,0.10783462883658482,0.687768863852331
25593,LOF,0.14800613332576112,0.35211709943066327,0.4998767672435757
25594,LOF,0.041199723489504916,0.0727851957060457,0.8860150808044494
25595,LOF,0.05503411935070098,0.05396584317015395,0.891000037479145
25596,LOF,0.13034276883569618,0.02370016148511198,0.8459570696791919
25597,LOF,0.09448515187421792,0.009365788619590013,0.8961490595061922
25598,LOF,0.05488321945909919,0.05303417292534276,0.892082607615558
25599,GOF,0.029240380442831317,0.5852513915288193,0.3855082280283492
25600,GOF,0.17520905645873597,0.4696896991589595,0.3551012443823046
25601,LOF,0.05995206113996812,0.3103097752470227,0.6297381636130093
25602,LOF,0.04447659344292771,0.05101832135644292,0.9045050852006294
25603,LOF,0.060080217992354155,0.04156614876247055,0.8983536332451754
25604,LOF,0.07110855977769875,0.10081732163301371,0.8280741185892876
25605,LOF,0.1266416394532487,0.1280508851069631,0.7453074754397881
25606,Neutral,0.5516110961189993,0.15386526770608608,0.2945236361749146
25607,LOF,0.05345899119724727,0.15290052580833652,0.7936404829944163
25608,LOF,0.049251890798304186,0.1402993436869593,0.8104487655147364
25609,GOF,0.09076717368478612,0.6422413236582019,0.2669915026570119
25610,LOF,0.022968317816750662,0.12618503382836738,0.850846648354882
25611,LOF,0.023803381479750932,0.12425798495994247,0.8519386335603066
25612,LOF,0.054342011346371975,0.10071345390007384,0.8449445347535542
25613,LOF,0.045547570630088484,0.10659909181123041,0.8478533375586812
25614,LOF,0.030319501943950507,0.18083093325120533,0.7888495648048441
25615,LOF,0.04556057059764559,0.11778133359172523,0.8366580958106291
25616,LOF,0.023105812708954336,0.1676079194878976,0.8092862678031482
25617,LOF,0.02299042565431733,0.17800513910994498,0.7990044352357378
25618,GOF,0.1346484621987387,0.44393315131823563,0.4214183864830256
25619,LOF,0.027210253519684507,0.263031820066157,0.7097579264141585
25620,LOF,0.022376597547196626,0.1722178594727891,0.8054055429800143
25621,LOF,0.0643160346925139,0.11297515158652224,0.8227088137209638
25622,LOF,0.053826476792132066,0.1361278914789577,0.8100456317289102
25623,LOF,0.06419241280214628,0.08157305888583592,0.8542345283120178
25624,LOF,0.02651348534333321,0.21609461936351892,0.7573918952931479
25625,LOF,0.04039411544069534,0.10514344496874227,0.8544624395905625
25626,LOF,0.030317019860281742,0.09949940185223181,0.8701835782874865
25627,Neutral,0.8738405838624285,0.04326205912275944,0.08289735701481198
25628,LOF,0.14787054072543143,0.11860319906826222,0.7335262602063063
25629,LOF,0.06182893210083202,0.09841013818936523,0.8397609297098029
25630,LOF,0.34294072281046695,0.0736680493262343,0.5833912278632988
25631,LOF,0.3898059560525259,0.0787945157283471,0.531399528219127
25632,LOF,0.026475721470600903,0.048883563625782965,0.9246407149036162
25633,LOF,0.17933411872677354,0.03799000104734876,0.7826758802258778
25634,LOF,0.053521659073613344,0.03546776030227639,0.9110105806241102
25635,LOF,0.043273774537715234,0.030291792309944925,0.92643443315234
25636,GOF,0.019549715276692078,0.6776444465875431,0.3028058381357649
25637,GOF,0.024272194369207127,0.5746708327744174,0.4010569728563755
25638,GOF,0.011039616901619106,0.6369394367307768,0.3520209463676042
25639,LOF,0.018145165281813848,0.45144130182120645,0.5304135328969797
25640,Neutral,0.8836274503668976,0.07745303934953737,0.03891951028356504
25641,LOF,0.08164998912711965,0.37558820789040476,0.5427618029824756
25642,LOF,0.07877939221586708,0.23594494210558245,0.6852756656785505
25643,Neutral,0.36937711571528964,0.2655823787013417,0.36504050558336865
25644,LOF,0.013366840167871513,0.4189872937660899,0.5676458660660385
25645,LOF,0.012065802284255056,0.4237499875843559,0.564184210131389
25646,LOF,0.021132652274597617,0.2788847763310245,0.6999825713943778
25647,LOF,0.013717021944572272,0.19374833693458846,0.7925346411208393
25648,LOF,0.018301451178741088,0.23627286086021335,0.7454256879610456
25649,LOF,0.011586671694641872,0.1208833615098035,0.8675299667955546
25650,LOF,0.05155717954223422,0.37076527058133896,0.5776775498764267
25651,LOF,0.01308683163500767,0.2204513660095699,0.7664618023554224
25652,LOF,0.01004636796191334,0.3873732215726738,0.6025804104654128
25653,LOF,0.03457806234365252,0.41640200417241335,0.5490199334839341
25654,LOF,0.008788693219915988,0.3547116396928838,0.6364996670872002
25655,GOF,0.09338983964212243,0.5774582231378528,0.3291519372200247
25656,LOF,0.08438943603705257,0.4491459446407613,0.466464619322186
25657,LOF,0.025529237321552215,0.4464059794966994,0.5280647831817483
25658,GOF,0.09703928175943283,0.4551861041854092,0.44777461405515795
25659,GOF,0.17903550605784221,0.5128614347527166,0.3081030591894412
25660,LOF,0.036016098338624,0.29294336347632,0.6710405381850559
25661,LOF,0.030246751739570938,0.26634107826739095,0.7034121699930381
25662,LOF,0.026689345038886224,0.16053579513121807,0.8127748598298956
25663,LOF,0.029618139997431056,0.1332379573126979,0.837143902689871
25664,LOF,0.05471093781011511,0.22838681214633066,0.7169022500435543
25665,LOF,0.03448173954657783,0.11390120122936293,0.8516170592240593
25666,LOF,0.050145738720586475,0.18394686900255378,0.7659073922768597
25667,LOF,0.02823851474424813,0.18424520323607332,0.7875162820196785
25668,LOF,0.03052871912127709,0.19157693953688476,0.7778943413418382
25669,LOF,0.026928987474020755,0.19788612301206007,0.7751848895139192
25670,LOF,0.07609730130127672,0.18082859167991797,0.7430741070188053
25671,LOF,0.029199753091139268,0.13803518658583563,0.8327650603230251
25672,LOF,0.02697310856935475,0.1845849036913694,0.7884419877392759
25673,LOF,0.05436406787205584,0.17418201601202585,0.7714539161159183
25674,LOF,0.04711981829916436,0.21264623075278805,0.7402339509480477
25675,LOF,0.04465722543050738,0.22290424810817286,0.7324385264613199
25676,LOF,0.027052346916589965,0.1601823732897634,0.8127652797936467
25677,LOF,0.03554426382670661,0.2054994724694974,0.758956263703796
25678,LOF,0.07164275420204029,0.15409612288928656,0.7742611229086732
25679,LOF,0.08170998862335226,0.15748107355073834,0.7608089378259093
25680,LOF,0.03675820557478302,0.26191909642234285,0.7013226980028742
25681,LOF,0.03683094482314327,0.2834097015153024,0.6797593536615543
25682,LOF,0.02800789870633537,0.20375279971176757,0.7682393015818969
25683,LOF,0.06875232676313746,0.13288083298112488,0.7983668402557377
25684,LOF,0.0265679600753147,0.19748799751698135,0.775944042407704
25685,LOF,0.07740960225087623,0.19440301794738932,0.7281873798017345
25686,LOF,0.060811409505080107,0.2927753706639035,0.6464132198310163
25687,LOF,0.09676538759965835,0.31265319405219133,0.5905814183481504
25688,LOF,0.34931687879503875,0.04797186794159028,0.6027112532633709
25689,LOF,0.19182255263566575,0.046171247327788156,0.762006200036546
25690,LOF,0.2693001467906091,0.04873229828198071,0.6819675549274102
25691,Neutral,0.6844640727438087,0.051834498326380554,0.26370142892981063
25692,LOF,0.22761242230991993,0.023538074759219183,0.7488495029308608
25693,GOF,0.09137164527434229,0.4684922995065021,0.44013605521915555
25694,LOF,0.10314651214420877,0.02508641491298392,0.8717670729428073
25695,LOF,0.08227070641512825,0.01978519904492526,0.8979440945399465
25696,LOF,0.1024521968956073,0.032088023339045396,0.8654597797653472
25697,LOF,0.04642387575599551,0.22973815681791956,0.7238379674260849
25698,LOF,0.2826259747000871,0.1928717980776057,0.5245022272223072
25699,LOF,0.34125373153383937,0.25494900021862527,0.4037972682475353
25700,LOF,0.03930976721401733,0.04872804070166954,0.9119621920843132
25701,LOF,0.22101837981453032,0.1370228457650042,0.6419587744204655
25702,GOF,0.23691243688651017,0.6608155165952556,0.10227204651823422
25703,LOF,0.022368557364803362,0.33532090050693003,0.6423105421282665
25704,LOF,0.044387870898684394,0.28341487530189446,0.6721972537994211
25705,LOF,0.03159100512765057,0.21532589662172003,0.7530830982506295
25706,GOF,0.17005600216401312,0.43265376248430526,0.39729023535168156
25707,GOF,0.10648130892989134,0.4630869233726101,0.4304317676974986
25708,GOF,0.04821417852615154,0.5344692566356021,0.4173165648382465
25709,LOF,0.026281746705231143,0.1660280970218346,0.8076901562729343
25710,LOF,0.014587256765301001,0.1568347214881769,0.8285780217465221
25711,LOF,0.026791817824401824,0.19686642650464842,0.7763417556709499
25712,LOF,0.015731250793546588,0.21323073625355796,0.7710380129528954
25713,LOF,0.027268685430453254,0.19882681869197494,0.7739044958775719
25714,LOF,0.03213672690909898,0.22442188675312774,0.7434413863377732
25715,LOF,0.027895587023576595,0.21158189619387233,0.760522516782551
25716,LOF,0.01256011286506165,0.15107041773055369,0.8363694694043847
25717,LOF,0.01493578688445137,0.10990391927287753,0.8751602938426711
25718,LOF,0.022310252647625626,0.11769675256590013,0.8599929947864742
25719,LOF,0.026605688661772927,0.18909815511666228,0.7842961562215648
25720,LOF,0.028673150801368872,0.1309239013073501,0.840402947891281
25721,LOF,0.026563319639233997,0.16961791261757342,0.8038187677431925
25722,LOF,0.02662966112127843,0.17078697763900352,0.802583361239718
25723,LOF,0.026321243119163177,0.19646296638363242,0.7772157904972044
25724,LOF,0.08435704533567816,0.2738968813775343,0.6417460732867876
25725,LOF,0.02606668901061899,0.16742640211664422,0.8065069088727369
25726,LOF,0.026751385618759838,0.19943143838905694,0.7738171759921832
25727,LOF,0.02651376108183856,0.19496332780192613,0.7785229111162353
25728,LOF,0.026128865241859388,0.19511727476629784,0.7787538599918429
25729,LOF,0.026664646306265267,0.19966512230227976,0.773670231391455
25730,LOF,0.026493431023112,0.19516778914872332,0.7783387798281647
25731,LOF,0.012810106187122257,0.14752652130471894,0.8396633725081587
25732,LOF,0.023446822984890817,0.09710548609914614,0.8794476909159631
25733,LOF,0.021679664985962504,0.11421575508023121,0.8641045799338063
25734,LOF,0.016806202946578072,0.17759398033692778,0.8055998167164942
25735,LOF,0.022243943435784966,0.11649789833245477,0.8612581582317603
25736,LOF,0.021843018456456937,0.11991145535096172,0.8582455261925813
25737,LOF,0.026117444335960575,0.17027418344745845,0.8036083722165809
25738,LOF,0.02655258743557073,0.19186619101708655,0.7815812215473427
25739,LOF,0.026729380017148325,0.19542174235168078,0.7778488776311709
25740,LOF,0.032369459540591186,0.20557610061476408,0.7620544398446447
25741,LOF,0.03212455968740859,0.21511481727853649,0.7527606230340549
25742,LOF,0.031971337578343695,0.19635197393659454,0.7716766884850618
25743,LOF,0.01914296424178483,0.067557387892244,0.9132996478659712
25744,Neutral,0.4151459294382638,0.33384756769878554,0.2510065028629506
25745,LOF,0.026986054003154236,0.1751237884966474,0.7978901575001983
25746,LOF,0.01634903802807513,0.23564710950305712,0.7480038524688678
25747,LOF,0.021426865816890437,0.1859500189114936,0.7926231152716161
25748,LOF,0.1148077607160967,0.2600693667381247,0.6251228725457787
25749,LOF,0.014891492152614809,0.24047051282304227,0.7446379950243429
25750,LOF,0.015998181174554867,0.22103874605458282,0.7629630727708624
25751,LOF,0.027433073224308904,0.3832497254003191,0.589317201375372
25752,GOF,0.0632611115296213,0.7417900186083929,0.19494886986198584
25753,LOF,0.012139578368594897,0.4544598957456032,0.533400525885802
25754,GOF,0.017116830889430758,0.7549331322273845,0.22795003688318477
25755,LOF,0.018557932741643673,0.3627723724762394,0.618669694782117
25756,GOF,0.026886279559477456,0.561586984655682,0.41152673578484045
25757,GOF,0.017109606661040777,0.8413356891125469,0.1415547042264124
25758,GOF,0.02791352736072445,0.8219730000168276,0.15011347262244792
25759,GOF,0.015911478430962026,0.7152664158652269,0.26882210570381115
25760,LOF,0.016633388504601273,0.4558419699908598,0.5275246415045389
25761,GOF,0.2277325846667535,0.704634477172474,0.06763293816077247
25762,GOF,0.03204208297455287,0.490060395460827,0.4778975215646201
25763,LOF,0.01584467328834192,0.3230951131860768,0.6610602135255813
25764,GOF,0.0680077667051491,0.7973997118362364,0.13459252145861447
25765,GOF,0.019762395761272138,0.8030336627421878,0.1772039414965401
25766,GOF,0.07843240994950398,0.8327588193048673,0.08880877074562883
25767,GOF,0.08588079917548734,0.7818927535242335,0.1322264473002793
25768,LOF,0.05491452951394907,0.13837450346827404,0.806710967017777
25769,LOF,0.02820614776880832,0.07047989923479898,0.9013139529963927
25770,LOF,0.4205411705520248,0.06029767739876338,0.5191611520492119
25771,LOF,0.0584905906020932,0.03506812145648926,0.9064412879414175
25772,LOF,0.029645211595990713,0.0479992709097052,0.9223555174943041
25773,LOF,0.05720252370563847,0.02608021972510757,0.916717256569254
25774,LOF,0.032868538292763705,0.07634355302322164,0.8907879086840146
25775,LOF,0.07285613159652632,0.02050949019779801,0.9066343782056757
25776,LOF,0.032590766831618885,0.035576770741384184,0.9318324624269969
25777,LOF,0.4108251771267298,0.028806032652702,0.5603687902205682
25778,LOF,0.029279551375403928,0.05816091957326271,0.9125595290513334
25779,Neutral,0.5060927943980829,0.3741077546334519,0.11979945096846537
25780,Neutral,0.5495521324262453,0.2912037050588154,0.15924416251493928
25781,GOF,0.2245004318565739,0.5290431701531284,0.24645639799029762
25782,GOF,0.33499951003874096,0.4408949688217297,0.22410552113952947
25783,GOF,0.04265807079147608,0.5664045974648307,0.3909373317436932
25784,Neutral,0.7252816905913295,0.17462875169785091,0.10008955771081948
25785,Neutral,0.7410857727301425,0.07841457367534313,0.18049965359451434
25786,GOF,0.040967161103719306,0.48457630934947016,0.47445652954681045
25787,Neutral,0.8528993421838805,0.04441558625865016,0.10268507155746924
25788,LOF,0.03134497459936708,0.038183826362106474,0.9304711990385265
25789,GOF,0.27165715117038836,0.3756681263548093,0.35267472247480225
25790,LOF,0.25687644021527445,0.3635750683192117,0.3795484914655138
25791,LOF,0.18195078726799147,0.3107384260020372,0.5073107867299713
25792,Neutral,0.42078866641002444,0.20656588396329215,0.37264544962668344
25793,LOF,0.2938988966975133,0.2607872635565685,0.4453138397459181
25794,LOF,0.28404937391794594,0.29457216747258624,0.4213784586094678
25795,GOF,0.10627529796961885,0.5281880755101721,0.36553662652020913
25796,Neutral,0.6330342367821361,0.1428851085364219,0.22408065468144206
25797,LOF,0.13234094719794864,0.3048848690402415,0.5627741837618099
25798,LOF,0.020791758770100612,0.34543552899282143,0.633772712237078
25799,LOF,0.018238778848073664,0.3268958193940432,0.6548654017578831
25800,LOF,0.07121993830202084,0.44537709055261837,0.48340297114536085
25801,GOF,0.27391366102927106,0.4693379593023108,0.2567483796684181
25802,LOF,0.11602865630311135,0.418995176091572,0.46497616760531657
25803,LOF,0.08088261057058319,0.39038906198941375,0.5287283274400031
25804,LOF,0.06801310863652492,0.3833448360382114,0.5486420553252637
25805,LOF,0.19915537583051002,0.390349270214903,0.41049535395458686
25806,LOF,0.18790008814823383,0.3522280806555038,0.45987183119626224
25807,LOF,0.03373693915462527,0.4071695735816467,0.5590934872637281
25808,LOF,0.1523954402623546,0.3223938485363357,0.5252107112013097
25809,LOF,0.02835951956981861,0.3325274766046152,0.6391130038255664
25810,LOF,0.03227799334551501,0.35301860955535846,0.6147033970991266
25811,Neutral,0.6222393222124958,0.2153865334995694,0.16237414428793484
25812,LOF,0.07061928826159923,0.3077228230381641,0.6216578887002366
25813,Neutral,0.7104994450173596,0.046969119189472275,0.2425314357931681
25814,LOF,0.31040552149185296,0.2330162805337601,0.456578197974387
25815,Neutral,0.4741345119225112,0.19737179205916128,0.3284936960183274
25816,LOF,0.04277474462571525,0.34222239311877645,0.6150028622555083
25817,GOF,0.33389475099444654,0.33768360548537535,0.328421643520178
25818,LOF,0.0722294049162701,0.3365380674322517,0.5912325276514782
25819,Neutral,0.43762085684321567,0.2741587115932916,0.28822043156349264
25820,LOF,0.2697687926421811,0.3328289044225583,0.3974023029352607
25821,LOF,0.09648824785377728,0.451170253863389,0.45234149828283365
25822,LOF,0.3141194737190559,0.3164010275538345,0.3694794987271096
25823,LOF,0.06961654611235267,0.4407571317727305,0.4896263221149168
25824,LOF,0.1461991816855575,0.30976657293588206,0.5440342453785605
25825,LOF,0.062174651275445685,0.3403073442239055,0.5975180045006488
25826,LOF,0.01904100828624814,0.3730897238992328,0.607869267814519
25827,LOF,0.0280131514129761,0.4774395022233417,0.4945473463636822
25828,LOF,0.019646064647568493,0.4003149229448987,0.5800390124075328
25829,LOF,0.013950413384959335,0.40505945884585187,0.5809901277691888
25830,LOF,0.07420300096286679,0.05427312045508586,0.8715238785820473
25831,GOF,0.22939801014958555,0.4997756661096618,0.2708263237407528
25832,GOF,0.06794207501207467,0.4968507255634,0.4352071994245253
25833,GOF,0.2363845238873066,0.4295941424070673,0.3340213337056261
25834,GOF,0.09206184115292347,0.47049455751657543,0.43744360133050103
25835,GOF,0.2176029920900663,0.39702721952384307,0.38536978838609065
25836,LOF,0.09462947927059115,0.4334539188561113,0.47191660187329765
25837,LOF,0.05107514733952984,0.3746835110018177,0.5742413416586525
25838,GOF,0.19933301833902634,0.40525542286548205,0.39541155879549156
25839,Neutral,0.4732929218577629,0.2135513345660556,0.31315574357618153
25840,LOF,0.3097881080589229,0.31410807517197487,0.3761038167691024
25841,LOF,0.3479579900633479,0.2797229300804438,0.3723190798562083
25842,Neutral,0.37430651736629184,0.2614684107296982,0.3642250719040101
25843,Neutral,0.3600339630072256,0.3509185714297196,0.28904746556305483
25844,LOF,0.17370699891396849,0.28950156030665497,0.5367914407793766
25845,LOF,0.03384694514547174,0.3852254078415014,0.5809276470130269
25846,GOF,0.17150609138860787,0.45376299063563047,0.3747309179757617
25847,GOF,0.26381012361006456,0.39459219203546914,0.34159768435446636
25848,LOF,0.07689600060551158,0.3465835105521844,0.576520488842304
25849,LOF,0.02150441054605814,0.3466530629138011,0.6318425265401408
25850,LOF,0.04846287827730982,0.4247171882031747,0.5268199335195155
25851,LOF,0.036748771827775105,0.38870241057291227,0.5745488175993126
25852,LOF,0.16636462316081835,0.33674877545683113,0.4968866013823504
25853,Neutral,0.4343244642086442,0.28997820414643605,0.2756973316449198
25854,LOF,0.022205145565534306,0.45516824318749155,0.5226266112469742
25855,LOF,0.07139236567954708,0.28419358663905475,0.6444140476813982
25856,LOF,0.35155568452546593,0.25485248431828916,0.39359183115624496
25857,LOF,0.058702255518223924,0.3178646000407413,0.6234331444410347
25858,LOF,0.03491317857880362,0.4574254803115189,0.5076613411096774
25859,LOF,0.0182726561613887,0.46303204755640953,0.5186952962822017
25860,Neutral,0.49012189977871473,0.22576085327454465,0.2841172469467406
25861,GOF,0.3920541732188068,0.4509293487759376,0.1570164780052557
25862,GOF,0.12275330693728445,0.46976997002862214,0.4074767230340933
25863,GOF,0.13369265884476528,0.49627063221919687,0.3700367089360379
25864,GOF,0.27813169098379736,0.4501365575573061,0.2717317514588965
25865,GOF,0.12842110623193834,0.554035163400175,0.3175437303678866
25866,GOF,0.12001833173475991,0.5582179261653345,0.3217637420999056
25867,GOF,0.15187352199954704,0.5958085424219624,0.2523179355784908
25868,LOF,0.3101631812421465,0.34233051532719433,0.34750630343065914
25869,Neutral,0.7957174298546071,0.10769561366823577,0.09658695647715712
25870,LOF,0.12780150969737736,0.0433712528360642,0.8288272374665584
25871,LOF,0.12567885935459697,0.42282011181901397,0.4515010288263891
25872,LOF,0.14976646815895406,0.3040893790440963,0.5461441527969496
25873,LOF,0.22495514271055067,0.3114844744570716,0.46356038283237766
25874,LOF,0.03479222046024367,0.042409731602708466,0.9227980479370478
25875,LOF,0.06408144859742461,0.17935037671719684,0.7565681746853786
25876,LOF,0.024045232959932317,0.058457148865301393,0.9174976181747663
25877,LOF,0.38312288719117216,0.16091542040616616,0.4559616924026617
25878,LOF,0.17363238150236293,0.23999614411877865,0.5863714743788584
25879,LOF,0.0830753769158277,0.28101981887448296,0.6359048042096893
25880,LOF,0.03059754475752059,0.028595459226769114,0.9408069960157103
25881,LOF,0.40159137500030184,0.13240790011003134,0.4660007248896668
25882,LOF,0.10784096045205624,0.015801780090616935,0.8763572594573268
25883,LOF,0.09416810940136058,0.029322095876797412,0.876509794721842
25884,LOF,0.07030818423851122,0.04292468100520507,0.8867671347562838
25885,LOF,0.10050884584842919,0.022631342301631822,0.8768598118499391
25886,LOF,0.23271557687294198,0.06778711575220193,0.6994973073748562
25887,LOF,0.3520066535686034,0.11192574632908706,0.5360676001023096
25888,LOF,0.15722986986642282,0.055188691868657304,0.7875814382649198
25889,LOF,0.079599628362041,0.04164049153661048,0.8787598801013485
25890,LOF,0.06342330302980949,0.13460016941074404,0.8019765275594465
25891,LOF,0.06466245323911306,0.0696039699434707,0.8657335768174161
25892,LOF,0.09954831869516458,0.05651351610032448,0.8439381652045109
25893,LOF,0.35975952474177847,0.03379186782399415,0.6064486074342275
25894,LOF,0.14760706981871397,0.02048241051565612,0.8319105196656299
25895,LOF,0.1677033440000615,0.020987729099177097,0.8113089269007613
25896,LOF,0.04238672621396958,0.030823941069779988,0.9267893327162505
25897,LOF,0.2222441039073636,0.042432542482593524,0.7353233536100429
25898,Neutral,0.6910633569588773,0.03122670884593076,0.2777099341951918
25899,LOF,0.22951468272602418,0.1992697906079137,0.5712155266660622
25900,Neutral,0.8264894776229812,0.035321519695184926,0.13818900268183398
25901,LOF,0.08994271759777928,0.04746019095553511,0.8625970914466856
25902,LOF,0.1094813206924352,0.029874799904748606,0.8606438794028162
25903,Neutral,0.5921581145145979,0.0703581077515748,0.3374837777338273
25904,LOF,0.32672520794933424,0.09803656543915792,0.5752382266115079
25905,LOF,0.02055860616015257,0.3850782311294869,0.5943631627103605
25906,LOF,0.02072123688036734,0.08117988429344505,0.8980988788261877
25907,LOF,0.015154112621802971,0.3060382891063268,0.6788075982718702
25908,LOF,0.019956994266188136,0.18540065650486967,0.7946423492289422
25909,LOF,0.03270405733467026,0.1737329517534751,0.7935629909118547
25910,LOF,0.021485343066315235,0.3201523862162906,0.6583622707173941
25911,LOF,0.08512314342254927,0.024576649774454357,0.8903002068029964
25912,LOF,0.03894808540277384,0.057280679178316744,0.9037712354189094
25913,LOF,0.20939639641408395,0.019649539179051174,0.7709540644068649
25914,LOF,0.05422773416740942,0.1862576714047897,0.7595145944278009
25915,Neutral,0.4585525504736582,0.39655248848883645,0.14489496103750538
25916,GOF,0.03842359835395012,0.6162230288709138,0.345353372775136
25917,LOF,0.0306080648802472,0.11518940205575637,0.8542025330639964
25918,LOF,0.05627347880224463,0.11255861481129743,0.8311679063864579
25919,LOF,0.057930212308694495,0.08638182769426608,0.8556879599970394
25920,GOF,0.1864756550439745,0.48644934468913853,0.3270750002668869
25921,LOF,0.04028315435469938,0.030338878825311052,0.9293779668199895
25922,LOF,0.0375728605124749,0.021967698787667054,0.9404594406998581
25923,LOF,0.35884771442994273,0.03597923638463115,0.6051730491854261
25924,LOF,0.05872994698816977,0.015895244639532454,0.9253748083722977
25925,LOF,0.07809981145498215,0.03328012338939402,0.8886200651556238
25926,LOF,0.05047048833814578,0.02553340879768982,0.9239961028641643
25927,LOF,0.08980063962543502,0.10401135667869411,0.8061880036958708
25928,LOF,0.03383180652585926,0.016510092152877697,0.9496581013212629
25929,LOF,0.4696751707939288,0.03309134921539116,0.4972334799906802
25930,LOF,0.0810375822346054,0.02135955273054524,0.8976028650348494
25931,LOF,0.037957111995077814,0.015287907311361766,0.9467549806935603
25932,LOF,0.06937183189376138,0.013769015678017162,0.9168591524282215
25933,LOF,0.07199196179896857,0.013133522196173182,0.9148745160048581
25934,LOF,0.06855598361534691,0.016549345145248986,0.914894671239404
25935,LOF,0.06536251109411274,0.028667999954565357,0.905969488951322
25936,LOF,0.07106986697353213,0.012582177563314355,0.9163479554631535
25937,LOF,0.05296006647416061,0.02145887131464539,0.925581062211194
25938,LOF,0.07650119764955299,0.0514136758551606,0.8720851264952865
25939,LOF,0.0621884433046805,0.01961723267879606,0.9181943240165235
25940,GOF,0.025208799299205734,0.5574669019191586,0.4173242987816356
25941,LOF,0.1384072083573763,0.021827536160962745,0.8397652554816609
25942,LOF,0.03210838262157317,0.00812496671397127,0.9597666506644557
25943,LOF,0.43437701609598445,0.01767534412825252,0.5479476397757631
25944,Neutral,0.5007841055643033,0.009680988890033616,0.48953490554566315
25945,LOF,0.1830522809139924,0.025290258855763813,0.7916574602302437
25946,LOF,0.020209911812189816,0.2530734761134545,0.7267166120743557
25947,LOF,0.0730589994205424,0.23083296292724106,0.6961080376522165
25948,LOF,0.34175545819778097,0.010022110998782616,0.6482224308034364
25949,LOF,0.1134233589240514,0.019975568350450057,0.8666010727254986
25950,GOF,0.19707767013422572,0.5733966132276836,0.22952571663809054
25951,LOF,0.1633005580626093,0.4088283565652089,0.42787108537218177
25952,GOF,0.044305049452692806,0.6564979233749108,0.29919702717239643
25953,LOF,0.11372368195563377,0.4273134859391838,0.45896283210518246
25954,Neutral,0.44248898417914834,0.44178320299085694,0.11572781282999468
25955,LOF,0.04407781470276078,0.2555958229424113,0.7003263623548279
25956,LOF,0.13844158060599326,0.07634332965747247,0.7852150897365343
25957,LOF,0.0372435366584134,0.03131115968339977,0.9314453036581868
25958,LOF,0.07233207019151872,0.02637926940026343,0.9012886604082179
25959,LOF,0.1887146394057098,0.28475231491872854,0.5265330456755616
25960,LOF,0.028938838082065422,0.0617334641835754,0.9093276977343592
25961,LOF,0.06974194583814754,0.04470637716199671,0.8855516769998557
25962,LOF,0.08742924866796876,0.033671429222762624,0.8788993221092686
25963,LOF,0.05189143176940017,0.1396865419324813,0.8084220262981185
25964,LOF,0.06170930953726191,0.3036293013592063,0.6346613891035319
25965,Neutral,0.4751918233054613,0.05112959215473932,0.4736785845397994
25966,GOF,0.2149416247259569,0.40897545961416043,0.37608291565988267
25967,LOF,0.015209684530609877,0.17943712881741722,0.8053531866519729
25968,GOF,0.040682195757033836,0.4900384214447722,0.4692793827981938
25969,LOF,0.012626524360557617,0.09318279080220736,0.894190684837235
25970,LOF,0.04463994907062591,0.03812660085609662,0.9172334500732775
25971,LOF,0.08407164837008761,0.03192732926034577,0.8840010223695665
25972,LOF,0.10214471057216146,0.03577930943023168,0.8620759799976069
25973,LOF,0.1271779714031988,0.018358608386210833,0.8544634202105904
25974,LOF,0.36922933570402744,0.040618462882280534,0.590152201413692
25975,LOF,0.09345539384443921,0.03997624462875565,0.8665683615268052
25976,LOF,0.030214270705319513,0.06671994074176006,0.9030657885529203
25977,LOF,0.04202651850060536,0.2266793108775779,0.7312941706218168
25978,LOF,0.2326513644242285,0.09681497027647108,0.6705336652993005
25979,LOF,0.19001698471565284,0.09802444282332226,0.7119585724610249
25980,LOF,0.1981591420310785,0.17773853232236153,0.6241023256465599
25981,LOF,0.1981591420310785,0.17773853232236153,0.6241023256465599
25982,LOF,0.4004745325937771,0.07665607592411111,0.5228693914821119
25983,LOF,0.40178010985471996,0.08728480087937186,0.5109350892659081
25984,LOF,0.031034601655207484,0.2365993323334429,0.7323660660113495
25985,LOF,0.021149782515483967,0.3690208265171132,0.6098293909674029
25986,LOF,0.032147619579530676,0.36988542749329106,0.5979669529271783
25987,LOF,0.06417687625552909,0.09204981784967366,0.8437733058947973
25988,LOF,0.027171268699996306,0.25481238688830754,0.7180163444116962
25989,LOF,0.022179374583678378,0.2443508582853786,0.7334697671309429
25990,LOF,0.02570991820328566,0.20313506282154842,0.771155018975166
25991,LOF,0.16028967601697808,0.24637941809531533,0.5933309058877065
25992,LOF,0.28918196992646245,0.2628871302288264,0.4479308998447111
25993,LOF,0.030654009604742096,0.0811337505759469,0.888212239819311
25994,LOF,0.03128851015356905,0.08246137124929868,0.8862501185971323
25995,LOF,0.030877125022460903,0.10260293997089752,0.8665199350066417
25996,LOF,0.09743235373198515,0.33781513144611924,0.5647525148218957
25997,LOF,0.05672934629005089,0.4219856699569829,0.5212849837529662
25998,LOF,0.44432358877527856,0.01236634276048404,0.5433100684642375
25999,LOF,0.13276832133455793,0.34205061327634495,0.5251810653890971
26000,LOF,0.06868791369381948,0.03983524307463174,0.8914768432315487
26001,LOF,0.11475314553370894,0.07515241698479212,0.810094437481499
26002,LOF,0.08191439254346945,0.08491655682063913,0.8331690506358914
26003,GOF,0.014352637851041225,0.7089120263847531,0.2767353357642057
26004,GOF,0.06131540897293983,0.7225110160713268,0.21617357495573347
26005,GOF,0.01762056444633798,0.511524797678567,0.47085463787509496
26006,Neutral,0.5685259129749792,0.24544004074823453,0.18603404627678616
26007,GOF,0.03872513168698319,0.6615104431855209,0.2997644251274959
26008,GOF,0.019674145709297874,0.6143656245910329,0.3659602296996691
26009,GOF,0.04071575528057896,0.6710354201453395,0.28824882457408146
26010,GOF,0.014844568356156005,0.8303280009741709,0.15482743066967314
26011,GOF,0.010111359840798325,0.5616555441276453,0.4282330960315564
26012,GOF,0.020557172441857,0.5623291469756861,0.41711368058245696
26013,GOF,0.011787965437504998,0.6495153735751974,0.33869666098729756
26014,LOF,0.029952966256245543,0.17351961909296548,0.796527414650789
26015,LOF,0.20615448262889108,0.008023338729763867,0.7858221786413451
26016,LOF,0.3610262366567786,0.031276437494845634,0.6076973258483757
26017,LOF,0.30355551049250806,0.05118463518062046,0.6452598543268715
26018,LOF,0.08430985038845214,0.02414020015068508,0.8915499494608627
26019,LOF,0.08979335959330725,0.015075031395129146,0.8951316090115635
26020,LOF,0.09675261556791613,0.0565364228164159,0.846710961615668
26021,LOF,0.0946515261942015,0.07739868185731011,0.8279497919484885
26022,LOF,0.024135984654525124,0.03230538498971169,0.9435586303557633
26023,LOF,0.21373860582950513,0.01759656011588944,0.7686648340546054
26024,LOF,0.04301592727975522,0.08752296218985427,0.8694611105303905
26025,LOF,0.3773878683229286,0.06234287082499414,0.5602692608520774
26026,Neutral,0.5422618471509757,0.012994268755995868,0.44474388409302845
26027,LOF,0.09635729327587951,0.013924618842964904,0.8897180878811556
26028,LOF,0.27200788433133444,0.058642020393719956,0.6693500952749456
26029,LOF,0.0837048514578423,0.21015331413254293,0.7061418344096148
26030,LOF,0.031997119898277186,0.04295599312735224,0.9250468869743705
26031,LOF,0.019573302408621044,0.17778267630458242,0.8026440212867966
26032,LOF,0.1044348131369024,0.062414568319041026,0.8331506185440565
26033,LOF,0.2564134126133914,0.09960716501625923,0.6439794223703493
26034,LOF,0.04165000719789314,0.1365440937636214,0.8218058990384854
26035,LOF,0.029577162170700038,0.16400913033383419,0.8064137074954658
26036,LOF,0.04362157722999907,0.1434371048492573,0.8129413179207436
26037,LOF,0.020965605414885728,0.12677662854350696,0.8522577660416073
26038,LOF,0.10034566966450112,0.06093241440884312,0.8387219159266557
26039,LOF,0.05807905485732818,0.15554561163788735,0.7863753335047844
26040,Neutral,0.4502644648417038,0.16401250017088648,0.3857230349874097
26041,LOF,0.02598771665165012,0.13926005388569684,0.834752229462653
26042,LOF,0.02655114732712348,0.11730365543410655,0.8561451972387699
26043,LOF,0.09954031697357797,0.0848815596057162,0.8155781234207058
26044,LOF,0.03547028070305365,0.0644159378718479,0.9001137814250986
26045,LOF,0.07221678130061876,0.13751822021704496,0.7902649984823362
26046,LOF,0.12348983421783981,0.08932949197875718,0.7871806738034031
26047,LOF,0.1376536030227007,0.08668715339781315,0.7756592435794862
26048,LOF,0.10507787123586446,0.0540068448795526,0.840915283884583
26049,Neutral,0.9248383785492859,0.01351132116444387,0.061650300286270325
26050,Neutral,0.8947111580636953,0.014474951489777522,0.09081389044652721
26051,GOF,0.03835036068762148,0.6282413866218359,0.3334082526905426
26052,GOF,0.030066001708255213,0.5585029330470911,0.41143106524465367
26053,LOF,0.04787449091637463,0.39697409303395254,0.5551514160496728
26054,LOF,0.06682755920724591,0.0667663917124639,0.8664060490802901
26055,LOF,0.05376015181587513,0.046355199577840296,0.8998846486062846
26056,LOF,0.04373102471576036,0.05267748259025233,0.9035914926939873
26057,LOF,0.05805959380455313,0.05115179649588075,0.8907886096995661
26058,LOF,0.05801225433395788,0.04337359348245326,0.8986141521835889
26059,Neutral,0.5047957135218035,0.08810434345624327,0.4070999430219531
26060,LOF,0.05552159022953549,0.35328805822639897,0.5911903515440655
26061,LOF,0.030357084182773077,0.06368420640248519,0.9059587094147417
26062,LOF,0.02218642852750923,0.04477890001851135,0.9330346714539793
26063,LOF,0.05992986860700191,0.03966856543481472,0.9004015659581833
26064,LOF,0.034731837247498204,0.05601288576661027,0.9092552769858915
26065,LOF,0.05846245088860486,0.03348040993732524,0.9080571391740699
26066,LOF,0.06125976579112775,0.037938486957139056,0.9008017472517332
26067,LOF,0.06245347995201399,0.03384561160070624,0.9037009084472797
26068,LOF,0.05392420964090461,0.08851032609082368,0.8575654642682717
26069,LOF,0.4273849526345386,0.05649462527775906,0.5161204220877023
26070,Neutral,0.6539590184325339,0.03956587660085631,0.3064751049666098
26071,LOF,0.05695310814766681,0.042887217443197775,0.9001596744091354
26072,LOF,0.03598327008855906,0.09472743046372174,0.8692892994477192
26073,LOF,0.06093990213042996,0.027360107166512798,0.9116999907030572
26074,Neutral,0.9649547742268333,0.013710898441167577,0.021334327331999105
26075,LOF,0.03492651479186226,0.0553077267812469,0.9097657584268909
26076,LOF,0.06183936141479276,0.03453947054341247,0.9036211680417947
26077,LOF,0.022431456567007024,0.07753494676776106,0.9000335966652319
26078,LOF,0.020896150670136088,0.05763435813043057,0.9214694911994334
26079,LOF,0.05563565217814558,0.06204642969317341,0.8823179181286809
26080,LOF,0.05563565217814558,0.06204642969317341,0.8823179181286809
26081,LOF,0.06234706280949128,0.03695201950844065,0.9007009176820681
26082,LOF,0.03488267146849438,0.0397731572887398,0.9253441712427659
26083,LOF,0.06225191535689684,0.059188200138019995,0.8785598845050832
26084,LOF,0.05474038570629012,0.0400792263513098,0.9051803879424001
26085,LOF,0.05474038570629012,0.0400792263513098,0.9051803879424001
26086,LOF,0.05588529240439961,0.04742432486487375,0.8966903827307268
26087,LOF,0.05577746077740843,0.04143931910365138,0.9027832201189401
26088,LOF,0.03559994215625012,0.13379906095824007,0.8306009968855097
26089,LOF,0.047717882437441614,0.04605635479694536,0.906225762765613
26090,LOF,0.043319851059413265,0.03974783370408772,0.9169323152364991
26091,LOF,0.062461468715711455,0.026224799997453113,0.9113137312868356
26092,LOF,0.060769656439524054,0.0395063707977528,0.8997239727627231
26093,LOF,0.06301862331045811,0.025384902255958956,0.9115964744335829
26094,LOF,0.06410748899087845,0.025411957718522,0.9104805532905996
26095,LOF,0.061304023168104536,0.06307610808672685,0.8756198687451685
26096,LOF,0.03475891164981545,0.036310184572196584,0.9289309037779879
26097,LOF,0.01843968105499946,0.11976521342518019,0.8617951055198203
26098,LOF,0.05598295917325056,0.0366820549807475,0.907334985846002
26099,LOF,0.0628267552343866,0.06274324033022238,0.874430004435391
26100,LOF,0.0628267552343866,0.06274324033022238,0.874430004435391
26101,LOF,0.05483629736018434,0.09910487690933352,0.8460588257304822
26102,LOF,0.058088201653374444,0.04963911974776254,0.892272678598863
26103,Neutral,0.7980317736552743,0.08245704172257094,0.11951118462215468
26104,LOF,0.04332482029509658,0.09996136314924597,0.8567138165556574
26105,LOF,0.21335858183398598,0.08581757115261546,0.7008238470133986
26106,LOF,0.1694657840346149,0.045390077391352,0.7851441385740331
26107,LOF,0.3083756683004496,0.06556973465923975,0.6260545970403106
26108,LOF,0.18430637513829742,0.06624591797584459,0.7494477068858579
26109,LOF,0.0686441916859218,0.0969705641351589,0.8343852441789193
26110,LOF,0.3219573924990853,0.03723804450781449,0.6408045629931003
26111,LOF,0.3489105031009056,0.09574355413239552,0.5553459427666989
26112,LOF,0.07788288931509561,0.032728325940194036,0.8893887847447103
26113,LOF,0.0990724560272251,0.09088356706932887,0.8100439769034461
26114,LOF,0.032059557442576346,0.026077172804208047,0.9418632697532155
26115,LOF,0.17869799230279856,0.05616183014201378,0.7651401775551877
26116,LOF,0.07722058662347644,0.06295494212999854,0.8598244712465251
26117,LOF,0.26107804687172464,0.20238249534073738,0.536539457787538
26118,LOF,0.05913552892805503,0.039092704909439085,0.9017717661625059
26119,LOF,0.03971595250991138,0.12374669624104868,0.8365373512490399
26120,LOF,0.0537028305234653,0.06231769606249341,0.8839794734140413
26121,LOF,0.07011708923675285,0.11335386486877112,0.816529045894476
26122,LOF,0.07874633869714841,0.1256216912125068,0.7956319700903448
