feature0,prediction,LoGoFunc_Neutral,LoGoFunc_GOF,LoGoFunc_LOF
25546,Neutral,0.6697914530807009,0.05438990012284271,0.27581864679645635
25547,Neutral,0.5163576660254793,0.09622639220340992,0.3874159417711107
25548,Neutral,0.5285914057467136,0.08198701776000335,0.3894215764932832
25549,LOF,0.43625379123547287,0.08485431794976414,0.4788918908147631
25550,LOF,0.3673104358181901,0.127765342321772,0.5049242218600378
25551,LOF,0.30808288930046646,0.1421864891783129,0.5497306215212207
25552,LOF,0.2529161833734406,0.13088558115710963,0.6161982354694497
25553,Neutral,0.8192485258982578,0.04416806673653774,0.13658340736520447
25554,LOF,0.2935910682855509,0.12212385472239808,0.5842850769920509
25555,LOF,0.24445171713235625,0.1141315011849667,0.641416781682677
25556,LOF,0.4459149079323971,0.10178517904974044,0.4522999130178623
25557,LOF,0.2250913410882835,0.11663668127100958,0.658271977640707
25558,LOF,0.2851425610797901,0.12366903493637857,0.5911884039838314
25559,LOF,0.19290232429198326,0.11611849228339224,0.6909791834246245
25560,LOF,0.15461012778369082,0.09499738417896429,0.7503924880373448
25561,LOF,0.14802475928550932,0.11877850550437206,0.7331967352101186
25562,LOF,0.068083078245701,0.0727007436642141,0.8592161780900849
25563,LOF,0.021074191898879376,0.11738342723012227,0.8615423808709984
25564,LOF,0.20733523646171317,0.1095477183487418,0.683117045189545
25565,LOF,0.24334232218673757,0.11716160101292893,0.6394960768003336
25566,GOF,0.10221316314581662,0.6965199442705963,0.20126689258358715
25567,LOF,0.03526371558377788,0.12561069501951558,0.8391255893967065
25568,LOF,0.05828571371529593,0.06887359692911389,0.8728406893555901
25569,LOF,0.056047376701409864,0.07125805548928846,0.8726945678093017
25570,LOF,0.02751052953606515,0.09747408244820589,0.875015388015729
25571,LOF,0.02656503291820208,0.09882590480732117,0.8746090622744769
25572,LOF,0.060471349127185395,0.1183273254077234,0.8212013254650913
25573,LOF,0.05400791768360114,0.08685575690816147,0.8591363254082374
25574,LOF,0.05589551410851745,0.17302012829582503,0.7710843575956574
25575,LOF,0.021902520907208515,0.11628956139392078,0.8618079176988707
25576,LOF,0.03212601924704421,0.15405715769896905,0.8138168230539867
25577,LOF,0.03007948212311877,0.10708322710201874,0.8628372907748625
25578,LOF,0.29822097486909155,0.07995829735660083,0.6218207277743075
25579,LOF,0.13091490455355642,0.08589656582886711,0.7831885296175765
25580,LOF,0.019424693156390754,0.07490281026544855,0.9056724965781606
25581,LOF,0.05297254109051212,0.06646986535439389,0.8805575935550939
25582,LOF,0.05276547388814274,0.06573878619732712,0.8814957399145302
25583,LOF,0.019930750035402855,0.07673546624007044,0.9033337837245268
25584,Neutral,0.662825333759003,0.09956241202238697,0.23761225421861015
25585,LOF,0.03375115507317214,0.11977016452473994,0.8464786804020881
25586,LOF,0.018068562563040118,0.06503667496214037,0.9168947624748195
25587,LOF,0.017082986991989416,0.05795996722891377,0.9249570457790969
25588,LOF,0.020266254571881775,0.06792887277334458,0.9118048726547737
25589,Neutral,0.4926730408510581,0.1986518933305248,0.308675065818417
25590,LOF,0.045778043573778494,0.10428845520200092,0.8499335012242205
25591,LOF,0.08825019329599634,0.056597534311358784,0.855152272392645
25592,LOF,0.053203237753189164,0.13443961549453237,0.8123571467522785
25593,LOF,0.13017302220795163,0.25283143162915134,0.616995546162897
25594,LOF,0.048535561913500044,0.10842822228081003,0.8430362158056899
25595,LOF,0.045968798032767176,0.07487354994184298,0.8791576520253898
25596,LOF,0.09725136125097976,0.04453560264027491,0.8582130361087452
25597,LOF,0.08092777913623359,0.054452024560757754,0.8646201963030086
25598,LOF,0.04969023579758657,0.08101898358125774,0.8692907806211556
25599,GOF,0.02000470287345899,0.5160436357912295,0.46395166133531157
25600,GOF,0.17444251615540723,0.5167771456251883,0.3087803382194046
25601,LOF,0.04084197440912529,0.38886546009774814,0.5702925654931266
25602,LOF,0.03610080820545704,0.04668504761929431,0.9172141441752486
25603,LOF,0.037441934709522,0.02563270856404473,0.9369253567264332
25604,LOF,0.03823294140243576,0.05135594016170137,0.9104111184358629
25605,LOF,0.04576062777493787,0.16392920485737986,0.7903101673676823
25606,LOF,0.44399571288770845,0.09506871793807688,0.4609355691742148
25607,LOF,0.02641203518470865,0.16320355038742748,0.8103844144278639
25608,LOF,0.03374337819627233,0.08066686188975321,0.8855897599139744
25609,GOF,0.1460890626754229,0.5301116964919231,0.323799240832654
25610,LOF,0.016160166761458074,0.025092350057912362,0.9587474831806296
25611,LOF,0.015428582584664535,0.02786787798277965,0.9567035394325557
25612,LOF,0.05009515202452366,0.03832685407612762,0.9115779938993488
25613,LOF,0.04571853107223792,0.03958097342802266,0.9147004954997393
25614,LOF,0.02192942994052654,0.024495301626370803,0.9535752684331027
25615,LOF,0.043523680027184396,0.033551044993208316,0.9229252749796073
25616,LOF,0.0461153800950362,0.024278311609240825,0.929606308295723
25617,LOF,0.04419610637151349,0.032243464436703916,0.9235604291917826
25618,LOF,0.05168612767053817,0.03041982011545845,0.9178940522140034
25619,LOF,0.014680675891402694,0.026973477483954355,0.958345846624643
25620,LOF,0.06399400184314602,0.035385399181851684,0.9006205989750022
25621,LOF,0.05355559602924923,0.02973929102028749,0.9167051129504633
25622,LOF,0.06462156941985904,0.02913166382605615,0.9062467667540848
25623,LOF,0.07454712732549501,0.026228877737638847,0.8992239949368662
25624,LOF,0.01905790104642836,0.03288431557594476,0.9480577833776269
25625,LOF,0.06868672886434812,0.041563482721957166,0.8897497884136947
25626,LOF,0.047599561878135264,0.03652030742679924,0.9158801306950655
25627,Neutral,0.8946583102627428,0.020823737608076414,0.08451795212918083
25628,LOF,0.13033634183712334,0.06212579990696075,0.807537858255916
25629,LOF,0.059881243091070395,0.04439310721951784,0.8957256496894117
25630,LOF,0.2603656755974988,0.07572866358466562,0.6639056608178355
25631,Neutral,0.5184974708811764,0.06623646256920053,0.4152660665496231
25632,LOF,0.02735205874484667,0.056401951089182716,0.9162459901659706
25633,LOF,0.19907903883957284,0.03517257748748986,0.7657483836729374
25634,LOF,0.03276087350522964,0.08188451074427917,0.8853546157504912
25635,LOF,0.038212048572304556,0.04163359776880333,0.9201543536588921
25636,LOF,0.03986028581006815,0.47164755804274094,0.4884921561471909
25637,LOF,0.07027097225755985,0.4432285668641488,0.4865004608782912
25638,LOF,0.04196649869956909,0.2923576447715894,0.6656758565288414
25639,LOF,0.03363403543378691,0.31102090993478,0.6553450546314331
25640,Neutral,0.8241560531732841,0.12866264770907082,0.04718129911764508
25641,LOF,0.057070363619222755,0.466444898336276,0.4764847380445013
25642,LOF,0.04175839050564001,0.1385430454449875,0.8196985640493725
25643,LOF,0.19849685833637265,0.16013595825006433,0.641367183413563
25644,LOF,0.02105606100027092,0.46881316608316276,0.5101307729165663
25645,LOF,0.019605636226709626,0.42773174691437577,0.5526626168589147
25646,LOF,0.0521274548924294,0.32792234343645543,0.6199502016711151
25647,LOF,0.02135302893177267,0.24703917683001297,0.7316077942382142
25648,LOF,0.02869719082375045,0.2541754765536472,0.7171273326226024
25649,LOF,0.014981329916029464,0.2417673243610349,0.7432513457229357
25650,LOF,0.051600041731099285,0.40077328543446067,0.54762667283444
25651,LOF,0.01670611111258775,0.26940735525670206,0.7138865336307101
25652,LOF,0.02967160840479139,0.2686216077056389,0.7017067838895696
25653,LOF,0.07999964396528372,0.39512596729726207,0.5248743887374542
25654,LOF,0.024241448428515493,0.20417494943771067,0.7715836021337739
25655,LOF,0.22319044785258937,0.36551872373375677,0.41129082841365394
25656,LOF,0.269759108907119,0.044236071721378785,0.6860048193715022
25657,LOF,0.0748709964603621,0.05072646427036397,0.8744025392692738
25658,LOF,0.36398348894425514,0.052944647245575856,0.5830718638101691
25659,Neutral,0.5365474186526603,0.07146499252393797,0.3919875888234018
25660,LOF,0.024835690409971488,0.0732314523189349,0.9019328572710936
25661,LOF,0.09093680263173697,0.0537844649251195,0.8552787324431435
25662,LOF,0.031357022458929906,0.028362826139920777,0.9402801514011494
25663,LOF,0.03879240401375861,0.0400364003148636,0.9211711956713778
25664,LOF,0.1314823759213466,0.04898897456120596,0.8195286495174475
25665,LOF,0.053005147326440794,0.02720563683696661,0.9197892158365926
25666,LOF,0.08151219637512955,0.07057100300003881,0.8479168006248317
25667,LOF,0.06552239356629122,0.0416287098565633,0.8928488965771455
25668,LOF,0.036640663858671034,0.040584109820966004,0.922775226320363
25669,LOF,0.033061632885028565,0.049663168453615555,0.9172751986613559
25670,LOF,0.13142176982918777,0.03724522189163651,0.8313330082791757
25671,LOF,0.09560520875669799,0.027514817647131578,0.8768799735961704
25672,LOF,0.05313370788171248,0.038641370688625824,0.9082249214296617
25673,LOF,0.07853714439326248,0.035437783595672775,0.8860250720110646
25674,LOF,0.06754194606207735,0.04477968117005605,0.8876783727678667
25675,LOF,0.1164961860263161,0.04361646265689202,0.8398873513167918
25676,LOF,0.018592610376907667,0.046298279992617895,0.9351091096304744
25677,LOF,0.026314712908915842,0.05859496447422477,0.9150903226168594
25678,LOF,0.18306144900893037,0.05242067310529375,0.764517877885776
25679,LOF,0.11714995212638196,0.06936887962557883,0.8134811682480392
25680,LOF,0.029968979391327286,0.09885455474495844,0.8711764658637142
25681,LOF,0.04667740269782853,0.09275934065413464,0.8605632566480368
25682,LOF,0.1366061833483749,0.05548135657126285,0.8079124600803622
25683,LOF,0.1136152778231464,0.0726684869200618,0.8137162352567918
25684,LOF,0.04237750120295834,0.05794954636952655,0.8996729524275151
25685,LOF,0.12505568506467632,0.04783810147228796,0.8271062134630356
25686,LOF,0.07605421356395105,0.08997831139037618,0.8339674750456727
25687,LOF,0.11881264936780431,0.07891941857133006,0.8022679320608656
25688,LOF,0.29289714526829497,0.03186543174139319,0.6752374229903119
25689,LOF,0.21938640115840968,0.04025224782628232,0.740361351015308
25690,LOF,0.3534575978822571,0.033224605076562296,0.6133177970411806
25691,Neutral,0.6963466745206084,0.03143693083594432,0.2722163946434473
25692,LOF,0.30233322010751196,0.00959474304431845,0.6880720368481696
25693,GOF,0.04948711604310628,0.47865057301145697,0.4718623109454368
25694,LOF,0.1274567467171937,0.02468609090853831,0.847857162374268
25695,LOF,0.12352831633528154,0.01974717778122035,0.8567245058834981
25696,LOF,0.12185711035203965,0.01113096423873561,0.8670119254092248
25697,LOF,0.12290779100688395,0.02865341260946321,0.8484387963836528
25698,LOF,0.33980662116733784,0.2528932673574546,0.40730011147520756
25699,LOF,0.41050693187327025,0.04842968733377298,0.5410633807929567
25700,LOF,0.04607582357001823,0.0125210919416558,0.9414030844883259
25701,LOF,0.1605378968556272,0.05906292084744628,0.7803991822969265
25702,GOF,0.19065637133988556,0.5370919128041899,0.27225171585592467
25703,LOF,0.016847833768249696,0.16523778209773796,0.8179143841340123
25704,LOF,0.05061563909730451,0.10759694704597365,0.8417874138567217
25705,LOF,0.06128836556528611,0.18420791436079936,0.7545037200739145
25706,LOF,0.09322000071143688,0.37628132010553234,0.5304986791830308
25707,LOF,0.0887087100895669,0.2974456383617444,0.6138456515486888
25708,LOF,0.03076336394991289,0.27523831050486247,0.6939983255452247
25709,LOF,0.05636338891593678,0.038315110707795336,0.9053215003762678
25710,LOF,0.012200139379534045,0.12921341689183954,0.8585864437286265
25711,LOF,0.01805878376323083,0.08790264401028677,0.8940385722264824
25712,LOF,0.013663666655531542,0.17183644988313188,0.8144998834613366
25713,LOF,0.01758118287577582,0.07407172952169092,0.9083470876025332
25714,LOF,0.06618395429804795,0.0729825218825817,0.8608335238193704
25715,LOF,0.009923774498308799,0.13761696626846742,0.8524592592332237
25716,LOF,0.01398887481260014,0.1136563061488692,0.8723548190385305
25717,LOF,0.012307049323303888,0.07679818139778576,0.9108947692789103
25718,LOF,0.011362058851831124,0.09956412508154594,0.889073816066623
25719,LOF,0.017451187850273425,0.07622635449296594,0.9063224576567606
25720,LOF,0.020663159553307425,0.06647886212047194,0.9128579783262207
25721,LOF,0.015589285382207885,0.099977670461672,0.8844330441561201
25722,LOF,0.012958139155507588,0.11712114435165255,0.8699207164928398
25723,LOF,0.021361701165155855,0.04359116639647691,0.9350471324383672
25724,LOF,0.021695245776164405,0.07784562301702988,0.9004591312068057
25725,LOF,0.011065182858227659,0.06681383165274128,0.922120985489031
25726,LOF,0.013816860112668373,0.0987353244684392,0.8874478154188925
25727,LOF,0.012450454536655197,0.07926242947915696,0.9082871159841879
25728,LOF,0.009408441842400453,0.09865611664771035,0.8919354415098891
25729,LOF,0.009595181475924235,0.10406214213998796,0.8863426763840878
25730,LOF,0.013089159173067392,0.07640922483568359,0.9105016159912491
25731,LOF,0.020768573795275806,0.11119613003082211,0.8680352961739022
25732,LOF,0.014488141209476545,0.07980759104678191,0.9057042677437415
25733,LOF,0.01592683462672669,0.0687770105902098,0.9152961547830635
25734,LOF,0.012898342364084991,0.1344654860695976,0.8526361715663174
25735,LOF,0.013556392307922391,0.07311463089698211,0.9133289767950956
25736,LOF,0.01393854392515773,0.09525613050794872,0.8908053255668935
25737,LOF,0.020907094970407453,0.07489313526251076,0.9041997697670817
25738,LOF,0.012901107787934256,0.10510743591116929,0.8819914563008965
25739,LOF,0.01919952238641409,0.07520053681191338,0.9055999408016726
25740,LOF,0.025999645653151028,0.09037211786658096,0.8836282364802681
25741,LOF,0.014317962638486554,0.09682920192762161,0.8888528354338918
25742,LOF,0.10969894735235634,0.07124686204678111,0.8190541906008626
25743,LOF,0.03749838771283864,0.032126561322156605,0.9303750509650047
25744,Neutral,0.5693417107111797,0.21346188494998805,0.21719640433883233
25745,LOF,0.08497003526337484,0.062474316180050726,0.8525556485565745
25746,LOF,0.041558010485462926,0.06974828626860304,0.8886937032459341
25747,LOF,0.022832017983321344,0.038722020164304656,0.9384459618523739
25748,LOF,0.10907286296996824,0.05634677329584749,0.8345803637341843
25749,LOF,0.02683390964276424,0.07001578818749223,0.9031503021697436
25750,LOF,0.08502947368504044,0.07868621401864917,0.8362843122963105
25751,LOF,0.09656992397312145,0.05604540236947626,0.8473846736574023
25752,GOF,0.10551526386997988,0.6945707141013763,0.19991402202864383
25753,LOF,0.02042291891584813,0.2626066366770601,0.7169704444070918
25754,GOF,0.010452518758998034,0.7736803072941378,0.21586717394686403
25755,LOF,0.022534747182499367,0.37952967549966404,0.5979355773178366
25756,LOF,0.04045235837944906,0.35146964325372904,0.6080779983668219
25757,GOF,0.014891591819806918,0.8354395258705475,0.1496688823096457
25758,GOF,0.02944937357278043,0.8192667015887962,0.15128392483842343
25759,GOF,0.012106412771727231,0.5305683568399446,0.4573252303883282
25760,LOF,0.012429313973263256,0.22238310125188762,0.7651875847748492
25761,GOF,0.2684247512378923,0.619603313851692,0.11197193491041568
25762,LOF,0.03674426378000677,0.25828147955894204,0.7049742566610512
25763,LOF,0.013597203832190102,0.19461592358459828,0.7917868725832117
25764,GOF,0.07979078629390811,0.6241655193865128,0.2960436943195791
25765,GOF,0.04564468293958832,0.7430595914226666,0.2112957256377449
25766,GOF,0.06462117370426271,0.7717489766004567,0.16362984969528052
25767,GOF,0.16841867441532124,0.43413042488939013,0.3974509006952886
25768,LOF,0.08883516852873942,0.06903401604189383,0.8421308154293667
25769,LOF,0.06519640900233745,0.06044601516784621,0.8743575758298164
25770,LOF,0.2797493115256888,0.08550412153439237,0.6347465669399189
25771,LOF,0.0385976378444555,0.03953714530846159,0.921865216847083
25772,LOF,0.016392786719303446,0.030749922860787537,0.9528572904199091
25773,LOF,0.04411794633651943,0.07391928885405472,0.8819627648094259
25774,LOF,0.02698159010034966,0.07602478547271253,0.8969936244269379
25775,LOF,0.044273774089053725,0.043350759360345194,0.9123754665506012
25776,LOF,0.0753082066711526,0.0236871574470708,0.9010046358817767
25777,LOF,0.3215429673595605,0.051868153857505664,0.6265888787829339
25778,LOF,0.061103419736322655,0.045764523840668744,0.8931320564230085
25779,GOF,0.36021680170084863,0.5968478741125143,0.042935324186636974
25780,GOF,0.30321101103552867,0.6259835909729539,0.07080539799151744
25781,GOF,0.13285253340789638,0.7641280198889395,0.10301944670316412
25782,GOF,0.18655684673067147,0.7415483718685212,0.07189478140080746
25783,GOF,0.028711524564386345,0.652532694042343,0.3187557813932705
25784,GOF,0.47446519521132796,0.4815299136930927,0.044004891095579216
25785,GOF,0.3815214811269166,0.5809957453705396,0.03748277350254393
25786,GOF,0.026150147460946987,0.7609022654840856,0.21294758705496739
25787,Neutral,0.6456519175397373,0.33028844547264097,0.024059636987621733
25788,LOF,0.051532830851479416,0.10244738692657787,0.8460197822219426
25789,GOF,0.19079345930631583,0.6533475944942091,0.15585894619947513
25790,GOF,0.1849084361028295,0.7133839320192502,0.10170763187792028
25791,GOF,0.14012277799026648,0.682830536738432,0.17704668527130138
25792,GOF,0.30441619063747394,0.5629691256020197,0.13261468376050636
25793,GOF,0.2394252123378378,0.5608677482396173,0.19970703942254484
25794,GOF,0.3093516969171968,0.5056347380166305,0.18501356506617272
25795,GOF,0.08144907934513661,0.6903160053649979,0.22823491528986548
25796,Neutral,0.5330522265801607,0.39567721013099,0.0712705632888494
25797,GOF,0.08996782398638759,0.5422172291519717,0.3678149468616406
25798,GOF,0.009064520114440007,0.5080067682954733,0.4829287115900866
25799,LOF,0.0067710052834716455,0.3995062191694664,0.5937227755470619
25800,GOF,0.030315828001425044,0.5872444804192742,0.3824396915793006
25801,GOF,0.16771950728264726,0.702841362101575,0.1294391306157777
25802,GOF,0.07599899969075864,0.7100793967147585,0.2139216035944829
25803,GOF,0.03563940578862582,0.5748157659515859,0.3895448282597883
25804,LOF,0.03122154321121407,0.47971376294712925,0.48906469384165674
25805,GOF,0.0949330603918907,0.5956674253265158,0.3093995142815935
25806,GOF,0.08784652737823677,0.5956616387339876,0.3164918338877756
25807,GOF,0.020056024476618146,0.6422719742038326,0.3376720013195493
25808,GOF,0.07492466217947204,0.6380615517766413,0.28701378604388667
25809,GOF,0.01635517074637374,0.5794292155838304,0.40421561366979575
25810,GOF,0.01516051469002346,0.6154820618368432,0.3693574234731333
25811,GOF,0.42926018518539866,0.48558883038346173,0.08515098443113973
25812,GOF,0.029524081283223088,0.6383990788801093,0.33207683983666747
25813,Neutral,0.5008159599121237,0.39595518744240227,0.10322885264547395
25814,GOF,0.09617834961794806,0.6634542464353735,0.24036740394667855
25815,GOF,0.17647815307219297,0.6261510521975017,0.1973707947303054
25816,GOF,0.02455569951170761,0.7327107476000136,0.24273355288827875
25817,GOF,0.21858633711482114,0.6384444772505246,0.14296918563465433
25818,GOF,0.05069339386133554,0.6766319545330038,0.2726746516056607
25819,GOF,0.34684674674725674,0.4937444718937492,0.15940878135899408
25820,GOF,0.16925643328192558,0.6096812693253265,0.22106229739274796
25821,GOF,0.053759846544770985,0.6731803492347598,0.2730598042204692
25822,GOF,0.20510609491897255,0.5843175087050715,0.21057639637595582
25823,GOF,0.03176352161197405,0.540302246463947,0.42793423192407903
25824,GOF,0.08450147873374701,0.624807573552534,0.290690947713719
25825,GOF,0.03561119987460003,0.627770081899866,0.33661871822553385
25826,GOF,0.014472304476580534,0.5927584344272226,0.392769261096197
25827,GOF,0.024416867803769237,0.6133284382019228,0.362254693994308
25828,GOF,0.013364594472484009,0.5458783841352155,0.4407570213923005
25829,GOF,0.005709583974209622,0.5789469549292799,0.4153434610965105
25830,LOF,0.03273152039118035,0.2871760737901119,0.6800924058187077
25831,GOF,0.21545318636231373,0.6681299272138213,0.11641688642386498
25832,GOF,0.027713082284375152,0.715090793141437,0.257196124574188
25833,GOF,0.10351950065235221,0.7305135150726082,0.16596698427503945
25834,GOF,0.027513227762890127,0.724456317561406,0.24803045467570384
25835,GOF,0.05972024856067146,0.764423544926665,0.1758562065126635
25836,GOF,0.031070882090410114,0.6786912310065343,0.2902378869030556
25837,GOF,0.025829494161416992,0.6330188926295501,0.34115161320903287
25838,GOF,0.07834491836639325,0.7847507199699059,0.13690436166370085
25839,GOF,0.2648798095077387,0.5765167420640555,0.1586034484282059
25840,GOF,0.2241789950026376,0.631194521294684,0.1446264837026784
25841,GOF,0.21689911719460303,0.648563382192467,0.13453750061293007
25842,GOF,0.12230657694517429,0.7613249657901987,0.11636845726462702
25843,GOF,0.177155292414921,0.7349816707522298,0.08786303683284931
25844,GOF,0.053895512040735886,0.7483442074802688,0.19776028047899538
25845,GOF,0.01428123383847766,0.5456581196977403,0.4400606464637821
25846,GOF,0.1050203856023386,0.7581772403851985,0.13680237401246295
25847,GOF,0.08938477165765711,0.8145208267584121,0.0960944015839308
25848,GOF,0.032087610249111276,0.7325151204823954,0.23539726926849336
25849,GOF,0.009916976964126797,0.6350556675296529,0.3550273555062202
25850,GOF,0.017937185929153544,0.669322405122972,0.31274040894787447
25851,GOF,0.014450733133470747,0.5623852561489312,0.4231640107175982
25852,GOF,0.14949513043060986,0.5664943340606089,0.2840105355087812
25853,GOF,0.3215380473977106,0.5977069532345007,0.08075499936778871
25854,GOF,0.020560035288172712,0.6157652957764846,0.36367466893534267
25855,GOF,0.029807026181613426,0.5721406701403414,0.3980523036780451
25856,GOF,0.22131706135337736,0.5569825647119423,0.22170037393468028
25857,GOF,0.03506157215191945,0.5208486368084161,0.44408979103966445
25858,GOF,0.01815012954088557,0.5289050113054116,0.4529448591537029
25859,GOF,0.009929762315216016,0.5021156924018552,0.48795454528292886
25860,GOF,0.33146897837481887,0.5842259933708318,0.08430502825434925
25861,GOF,0.4095683629526703,0.5164387471490102,0.07399288989831956
25862,GOF,0.0700727666696586,0.7836098889684645,0.14631734436187685
25863,GOF,0.07355113407137967,0.7876515585576577,0.13879730737096266
25864,GOF,0.18296127131731496,0.7470521603593818,0.06998656832330324
25865,GOF,0.06990261473682788,0.815777322221054,0.11432006304211804
25866,GOF,0.053496042112553745,0.7864386446778585,0.16006531320958767
25867,GOF,0.07982928505240852,0.8135172450327458,0.10665346991484566
25868,GOF,0.25112844171037946,0.6463282506112225,0.10254330767839807
25869,Neutral,0.7187880154052249,0.23747975604158944,0.0437322285531856
25870,GOF,0.2867322013789573,0.39855257535816224,0.31471522326288054
25871,GOF,0.23108965408479457,0.6427489717906372,0.12616137412456824
25872,GOF,0.06794536230737756,0.6661121462385062,0.26594249145411625
25873,GOF,0.10497583877472488,0.7105322992097561,0.18449186201551904
25874,LOF,0.014135192764240679,0.11441133676121287,0.8714534704745465
25875,LOF,0.08862696078259232,0.0461576229762752,0.8652154162411324
25876,LOF,0.03506448429152578,0.02792408942586348,0.9370114262826108
25877,Neutral,0.4976571789433903,0.041745763128142564,0.46059705792846706
25878,LOF,0.21494966745133282,0.10218711803910639,0.6828632145095607
25879,LOF,0.08580898711437618,0.09516163854470686,0.819029374340917
25880,LOF,0.04000995904944373,0.013869214756027412,0.9461208261945289
25881,LOF,0.1550559880694446,0.13819127589252847,0.7067527360380269
25882,LOF,0.05976546426678658,0.01804136129286865,0.9221931744403448
25883,LOF,0.06031529690305465,0.019882616737624356,0.9198020863593209
25884,LOF,0.030722627950002045,0.030048410180389163,0.9392289618696089
25885,LOF,0.06038683534767656,0.011817475847092139,0.9277956888052313
25886,LOF,0.2656876951853177,0.03977938806704463,0.6945329167476376
25887,LOF,0.1461000266180685,0.07334995213990414,0.7805500212420273
25888,LOF,0.062272857796132355,0.06448365057650064,0.873243491627367
25889,LOF,0.03841117420391161,0.020863835217465893,0.9407249905786226
25890,LOF,0.058774343272317404,0.14292768435701128,0.7982979723706713
25891,LOF,0.03663570527616559,0.05558902066334982,0.9077752740604846
25892,LOF,0.0781744255341772,0.025846122193380804,0.895979452272442
25893,LOF,0.23067391877193266,0.021549086642438174,0.7477769945856292
25894,LOF,0.1676080806061661,0.014027388113640986,0.8183645312801928
25895,LOF,0.18989329031675448,0.022758875437083534,0.787347834246162
25896,LOF,0.049817505512288196,0.022738249614139252,0.9274442448735726
25897,LOF,0.242100292615637,0.01607993240816061,0.7418197749762023
25898,Neutral,0.7040398844511411,0.010841380308732131,0.2851187352401268
25899,LOF,0.21092692220864373,0.02254135628548335,0.766531721505873
25900,LOF,0.4820267909946808,0.011932209172706307,0.5060409998326129
25901,LOF,0.04868813571536506,0.012438735393912355,0.9388731288907225
25902,LOF,0.1475362205521248,0.014849362307359053,0.8376144171405162
25903,Neutral,0.5821455375816738,0.03107808547865513,0.38677637693967104
25904,LOF,0.30882536574079406,0.04258934775178693,0.648585286507419
25905,LOF,0.024247405752751788,0.32486919532546593,0.6508833989217824
25906,LOF,0.02802313238038039,0.09691904832416975,0.8750578192954499
25907,LOF,0.013656420688710508,0.3116200632594113,0.6747235160518782
25908,LOF,0.009603871378961642,0.24877609110770404,0.7416200375133344
25909,LOF,0.012282415027854807,0.1415306352462359,0.8461869497259094
25910,LOF,0.04844244625347848,0.13684085727248227,0.8147166964740392
25911,LOF,0.18153832525489852,0.024217499621391556,0.7942441751237098
25912,LOF,0.04469343466089498,0.04359214122657419,0.9117144241125308
25913,LOF,0.3507204039120912,0.021805763404290347,0.6274738326836186
25914,LOF,0.02222538301377727,0.048351753064738066,0.9294228639214847
25915,Neutral,0.6007790757701017,0.1256414089872778,0.27357951524262053
25916,LOF,0.0931363248715434,0.19830941282323641,0.7085542623052202
25917,LOF,0.06029766092280202,0.0359408405533141,0.9037614985238839
25918,LOF,0.02335845486820596,0.02720950775020137,0.9494320373815925
25919,LOF,0.0211942349492898,0.030704346098704555,0.9481014189520056
25920,GOF,0.11059534656096967,0.4758401270299987,0.41356452640903163
25921,LOF,0.02767621164872311,0.03763305000104611,0.9346907383502309
25922,LOF,0.03572716233803661,0.02781270185788533,0.9364601358040782
25923,Neutral,0.48439218613043394,0.03737529984294746,0.47823251402661865
25924,LOF,0.03765895041942944,0.04409400547519532,0.9182470441053752
25925,LOF,0.07111318638814246,0.04210875741001569,0.8867780562018418
25926,LOF,0.051569938550985996,0.03674753704800329,0.9116825244010108
25927,LOF,0.06501218632624996,0.14050997522258235,0.7944778384511676
25928,LOF,0.019473387342764097,0.05493396769873142,0.9255926449585046
25929,Neutral,0.6094224050170111,0.03931370573490198,0.35126388924808705
25930,LOF,0.07600237232129092,0.03236606189693545,0.8916315657817736
25931,LOF,0.02659912919555189,0.038490749795101725,0.9349101210093463
25932,LOF,0.030009248990945925,0.029233140596696874,0.9407576104123572
25933,LOF,0.03895910705414769,0.018891275220438816,0.9421496177254136
25934,LOF,0.025286754893523486,0.02225786441864728,0.9524553806878292
25935,LOF,0.06352918877251906,0.05172595593370097,0.8847448552937801
25936,LOF,0.04642377589281991,0.024864288370207512,0.9287119357369726
25937,LOF,0.028362779788384078,0.037858155556489075,0.9337790646551268
25938,LOF,0.06616517245977485,0.05636640415553891,0.8774684233846861
25939,LOF,0.045168872202169426,0.01992636154931569,0.9349047662485149
25940,LOF,0.0345746270600583,0.3400793330811173,0.6253460398588243
25941,LOF,0.1758360503417194,0.09263891748677158,0.7315250321715089
25942,LOF,0.012773859582628763,0.03677534438624147,0.9504507960311298
25943,LOF,0.33467451516528035,0.05583879808048296,0.6094866867542367
25944,Neutral,0.5020045970565641,0.020555312525337457,0.47744009041809843
25945,LOF,0.07139138715723115,0.01897228844216532,0.9096363244006036
25946,LOF,0.03265333436548703,0.1156350121558931,0.8517116534786199
25947,LOF,0.11026671734976369,0.16895975959437076,0.7207735230558655
25948,LOF,0.37233698751386773,0.007703892634566029,0.6199591198515663
25949,LOF,0.12335592930015685,0.034556905790024434,0.8420871649098186
25950,GOF,0.3382571743388522,0.3424134675816751,0.3193293580794728
25951,LOF,0.19315064227052847,0.28370981798235123,0.5231395397471204
25952,GOF,0.044196967139104,0.4838536692623892,0.47194936359850675
25953,LOF,0.15252807131043145,0.11540728858659317,0.7320646401029755
25954,Neutral,0.4314522603057234,0.1936349304918681,0.3749128092024084
25955,LOF,0.06607768700201853,0.08303298179284424,0.8508893312051371
25956,LOF,0.1609677527291542,0.12198434532041272,0.717047901950433
25957,LOF,0.03731671749852736,0.03278346492374167,0.9298998175777309
25958,LOF,0.05130170919454151,0.02877650212531778,0.9199217886801407
25959,LOF,0.07280548497849376,0.3586864735749752,0.568508041446531
25960,LOF,0.014349671150561386,0.055359141901716785,0.9302911869477217
25961,LOF,0.038514926819217525,0.028664112273773402,0.9328209609070091
25962,LOF,0.061766697742720054,0.03323032075508376,0.905002981502196
25963,LOF,0.04136015115466232,0.19487464092948908,0.7637652079158486
25964,LOF,0.032837866257908174,0.1571021604948752,0.8100599732472166
25965,LOF,0.4513473227256485,0.05039366307197535,0.49825901420237617
25966,Neutral,0.5087623803870077,0.16710896616221757,0.3241286534507748
25967,LOF,0.018331779631808855,0.10093404244392494,0.8807341779242662
25968,LOF,0.032219743745110635,0.3628303401181995,0.6049499161366899
25969,LOF,0.03368242576831415,0.06777180942191521,0.8985457648097707
25970,LOF,0.05465710856072195,0.05900336528156428,0.8863395261577137
25971,LOF,0.06356830072489839,0.021825598745465545,0.9146061005296361
25972,LOF,0.06261128753458699,0.03239319195200288,0.9049955205134101
25973,LOF,0.06882416584493505,0.00957844077553777,0.9215973933795272
25974,LOF,0.18698335162159913,0.016212640331460786,0.7968040080469402
25975,LOF,0.04287747976380859,0.025831015040495654,0.9312915051956958
25976,LOF,0.03967717875920381,0.016666864429924107,0.9436559568108721
25977,LOF,0.14572436346028805,0.09218488309977525,0.7620907534399367
25978,LOF,0.1427017504882583,0.10552676506670161,0.7517714844450402
25979,LOF,0.1321996146576151,0.10624388153904002,0.7615565038033449
25980,LOF,0.21230596436926616,0.1359322894104107,0.6517617462203232
25981,LOF,0.24501962034994504,0.132819520443304,0.6221608592067509
25982,LOF,0.3983981548536205,0.09270287430088288,0.5088989708454966
25983,LOF,0.3869186105475522,0.1009393750758349,0.512142014376613
25984,LOF,0.04810941199046014,0.050819538139275706,0.9010710498702641
25985,LOF,0.037397747789037185,0.286605577637334,0.6759966745736289
25986,LOF,0.044755833909368936,0.32213739553453574,0.6331067705560953
25987,LOF,0.08093016436676297,0.0738313250265641,0.845238510606673
25988,LOF,0.14796955231758777,0.06973799961672038,0.7822924480656919
25989,LOF,0.038267054011772446,0.1263365940640386,0.8353963519241889
25990,LOF,0.03936113776616236,0.1717264970014504,0.7889123652323873
25991,LOF,0.1430190535013184,0.24580679978462833,0.6111741467140533
25992,LOF,0.3146991828637087,0.14903891769473449,0.5362618994415569
25993,LOF,0.023488218867810405,0.0788708950321346,0.897640886100055
25994,LOF,0.018391304829306645,0.07982363152728703,0.9017850636434063
25995,LOF,0.024675488737512175,0.16048583895048701,0.8148386723120008
25996,GOF,0.3353017901377424,0.3737239959861258,0.29097421387613176
25997,LOF,0.0927770431540801,0.3743715998920862,0.5328513569538337
25998,Neutral,0.5261202781060054,0.02602334247077078,0.4478563794232238
25999,LOF,0.09341700016126137,0.10897705375395286,0.7976059460847857
26000,LOF,0.1291897650840357,0.04243945600048579,0.8283707789154784
26001,LOF,0.21796017432212436,0.0531217622403653,0.7289180634375103
26002,LOF,0.11099781650131278,0.042395875974322476,0.8466063075243647
26003,GOF,0.011318484848299448,0.5795589863354141,0.40912252881628636
26004,GOF,0.022456035269124024,0.6955954168093107,0.28194854792156526
26005,LOF,0.006895904051789939,0.42938380682824573,0.5637202891199643
26006,Neutral,0.5507768990611774,0.22185306171663388,0.22737003922218874
26007,GOF,0.021718520381405235,0.5121061254983771,0.46617535412021766
26008,GOF,0.017553477890521783,0.598011464259829,0.3844350578496494
26009,GOF,0.019832593217968156,0.6761084455614569,0.304058961220575
26010,GOF,0.02231885281933397,0.642744780661175,0.33493636651949105
26011,LOF,0.00655442824030866,0.4084632116467905,0.584982360112901
26012,GOF,0.012895808631959098,0.5419569825668582,0.44514720880118264
26013,GOF,0.019667707289293436,0.6033416964472006,0.376990596263506
26014,LOF,0.04064737355565008,0.1143958945467408,0.8449567318976091
26015,LOF,0.15106700148987062,0.016760413831142823,0.8321725846789866
26016,LOF,0.19223408224672323,0.06320148403779206,0.7445644337154846
26017,LOF,0.20082872919883485,0.10374257519418335,0.6954286956069817
26018,LOF,0.0757510579083133,0.04118917792314943,0.8830597641685373
26019,LOF,0.0717516528787581,0.03341660143200993,0.894831745689232
26020,LOF,0.06703831577625868,0.11425167532235556,0.8187100089013858
26021,LOF,0.04740186010827846,0.1200307124100309,0.8325674274816905
26022,LOF,0.010994247027542385,0.04130867340210694,0.9476970795703508
26023,LOF,0.0646881827841031,0.025794547629531064,0.9095172695863659
26024,LOF,0.029530397177800375,0.12131859981331584,0.8491510030088838
26025,LOF,0.1620870555991029,0.10466046514163656,0.7332524792592605
26026,LOF,0.3293989499805155,0.029675433703143808,0.6409256163163407
26027,LOF,0.05583618986106739,0.019908252848421876,0.9242555572905107
26028,LOF,0.16600098784792636,0.06564153496639051,0.7683574771856831
26029,LOF,0.06984876201087684,0.15010752020055876,0.7800437177885644
26030,LOF,0.022785227283220355,0.03443432397471047,0.9427804487420692
26031,LOF,0.02662751258288098,0.1075586962616727,0.8658137911554462
26032,LOF,0.06468041966138878,0.047316539584457196,0.888003040754154
26033,LOF,0.0897604712526866,0.046975974753311604,0.8632635539940019
26034,LOF,0.043308499632208126,0.12807897963101972,0.828612520736772
26035,LOF,0.027125676518818878,0.11857767056616561,0.8542966529150154
26036,LOF,0.04005823893937957,0.14115594479520388,0.8187858162654166
26037,LOF,0.021793886810950402,0.09740886770761845,0.8807972454814312
26038,LOF,0.061432902329565324,0.04965496229076933,0.8889121353796653
26039,LOF,0.0513585478622499,0.11853999626981221,0.8301014558679378
26040,LOF,0.2159607040870584,0.09642138043077048,0.6876179154821712
26041,LOF,0.02252659934146409,0.08945490671112334,0.8880184939474125
26042,LOF,0.020982534357480823,0.08487686741920279,0.8941405982233164
26043,LOF,0.06258755041761362,0.0559058002491942,0.8815066493331921
26044,LOF,0.019406934572579537,0.04339083966565858,0.9372022257617619
26045,LOF,0.07489039660242108,0.07781338526266211,0.8472962181349167
26046,LOF,0.05687974875749066,0.04788197345193621,0.8952382777905732
26047,LOF,0.0756329493387046,0.049885191650989785,0.8744818590103055
26048,LOF,0.04396053650186139,0.029122933433064914,0.9269165300650736
26049,Neutral,0.9691777771878712,0.00493525022630242,0.025886972585826392
26050,Neutral,0.9546310830874806,0.006126216588500362,0.03924270032401908
26051,LOF,0.04946883399354934,0.2774977886880793,0.6730333773183714
26052,LOF,0.06560491043435153,0.3407831346824966,0.5936119548831518
26053,LOF,0.06606830973883134,0.13618286652112813,0.7977488237400405
26054,LOF,0.049743682012658004,0.01864924674293296,0.9316070712444091
26055,LOF,0.06796964185280585,0.017407543928383232,0.914622814218811
26056,LOF,0.05800375883303586,0.01921092561363973,0.9227853155533244
26057,LOF,0.03271521827543833,0.012748900772134805,0.9545358809524268
26058,LOF,0.03348071474919536,0.010200045645253548,0.9563192396055511
26059,LOF,0.27501542245081156,0.02435967685557476,0.7006249006936137
26060,LOF,0.044790534975747184,0.18316433213039152,0.7720451328938612
26061,LOF,0.016851014183096473,0.012800987562506786,0.9703479982543967
26062,LOF,0.010409919442675051,0.018915362363603274,0.9706747181937216
26063,LOF,0.02004904522362403,0.010999530411984605,0.9689514243643915
26064,LOF,0.020145197550072665,0.026860675911315284,0.9529941265386119
26065,LOF,0.026333100662281336,0.011745576943860813,0.961921322393858
26066,LOF,0.020354464778020796,0.011269483594099974,0.9683760516278793
26067,LOF,0.027086225483083322,0.009128463026292779,0.963785311490624
26068,LOF,0.04353643769599118,0.03076326393232328,0.9257002983716855
26069,LOF,0.2561079055828637,0.020317991139186913,0.7235741032779494
26070,LOF,0.39684786477721706,0.01746694680350678,0.5856851884192761
26071,LOF,0.01977631325215944,0.012129278707278443,0.9680944080405621
26072,LOF,0.017255998610447975,0.025363079316181477,0.9573809220733706
26073,LOF,0.019310768820576422,0.01540158096752139,0.9652876502119021
26074,Neutral,0.9137731648126627,0.00623237189662289,0.07999446329071425
26075,LOF,0.046002674056909894,0.015031401716537683,0.9389659242265523
26076,LOF,0.03599398375600957,0.008664769654710797,0.9553412465892795
26077,LOF,0.009346858620548218,0.014476419816583987,0.9761767215628677
26078,LOF,0.014584667721794708,0.012559978918791707,0.9728553533594135
26079,LOF,0.06293926858947406,0.017820332994053525,0.9192403984164724
26080,LOF,0.06175338557259698,0.01784288524658569,0.9204037291808174
26081,LOF,0.0344579866529572,0.0068527050156008,0.958689308331442
26082,LOF,0.013120046745726692,0.015243697525420706,0.9716362557288525
26083,LOF,0.17091513285926535,0.015003506372825626,0.814081360767909
26084,LOF,0.042383156014506575,0.012656638809207765,0.9449602051762858
26085,LOF,0.03808866281911437,0.011889535199660718,0.9500218019812249
26086,LOF,0.020817462089624098,0.011730758197721215,0.9674517797126546
26087,LOF,0.024055128457353643,0.009437047925765045,0.9665078236168814
26088,LOF,0.015476340656518001,0.02541025411365699,0.9591134052298249
26089,LOF,0.04067994703532616,0.021892960107303187,0.9374270928573707
26090,LOF,0.04056895287573841,0.018020342146873026,0.9414107049773885
26091,LOF,0.032534251604017676,0.006833533537363749,0.9606322148586185
26092,LOF,0.021491732927072536,0.008101774833455047,0.9704064922394723
26093,LOF,0.033185309240227744,0.006109919851759365,0.960704770908013
26094,LOF,0.03399218650917481,0.006349411412390832,0.9596584020784343
26095,LOF,0.038777560196533195,0.015751019763693166,0.9454714200397737
26096,LOF,0.016395322909333366,0.01173801970042195,0.9718666573902447
26097,LOF,0.011936035792015375,0.037962712950110306,0.9501012512578744
26098,LOF,0.0796266446294605,0.013178348230308506,0.907195007140231
26099,LOF,0.020765136088397085,0.012862416478747946,0.9663724474328549
26100,LOF,0.02326554796122159,0.01232070964567422,0.9644137423931043
26101,LOF,0.04380733426837603,0.018099150938322938,0.938093514793301
26102,LOF,0.020522881123167847,0.015655327123711572,0.9638217917531205
26103,Neutral,0.8785928906836549,0.01930907145407106,0.10209803786227412
26104,LOF,0.07785021594889006,0.02503682277721319,0.8971129612738967
26105,LOF,0.21359622637781203,0.27173795940206164,0.5146658142201264
26106,LOF,0.16258628446077106,0.1333841628055196,0.7040295527337093
26107,LOF,0.2286017396428436,0.08259890675324306,0.6887993536039133
26108,LOF,0.24305284828435972,0.0970277746831171,0.6599193770325232
26109,LOF,0.08242155795832064,0.06272430983932359,0.8548541322023558
26110,LOF,0.21398370542620485,0.006572402883418826,0.7794438916903763
26111,Neutral,0.5136473129270647,0.022800769598642055,0.4635519174742933
26112,LOF,0.03329483202098446,0.006678904608792938,0.9600262633702227
26113,LOF,0.06654363739787299,0.015040037688053114,0.918416324914074
26114,LOF,0.024507575125996186,0.0267471045165894,0.9487453203574145
26115,LOF,0.09269278589414011,0.04856449054713894,0.858742723558721
26116,LOF,0.062337806832766324,0.059529278074982275,0.8781329150922514
26117,LOF,0.44295757613618025,0.04199534393772931,0.5150470799260904
26118,LOF,0.0342890163119708,0.02311445515550248,0.9425965285325267
26119,LOF,0.02450477185119995,0.03244762453405343,0.9430476036147466
26120,LOF,0.02537162639414255,0.018563981926500793,0.9560643916793568
26121,LOF,0.0411365523556877,0.08328283938643782,0.8755806082578745
