feature0,prediction,LoGoFunc_Neutral,LoGoFunc_GOF,LoGoFunc_LOF
25546,Neutral,0.615181046051967,0.06668860141681207,0.31813035253122085
25547,Neutral,0.48241664377050913,0.10766267155437724,0.40992068467511367
25548,Neutral,0.4808332797361962,0.08654694842548633,0.43261977183831757
25549,LOF,0.422510232203767,0.08569545139312414,0.491794316403109
25550,LOF,0.3648746762148307,0.13530523608261386,0.49982008770255554
25551,LOF,0.31681717908765533,0.141648672602961,0.5415341483093837
25552,LOF,0.2633288753543107,0.13650667973017136,0.6001644449155179
25553,Neutral,0.8120128605551638,0.04730780940952496,0.14067933003531136
25554,LOF,0.30979093160897225,0.12680632189751384,0.5634027464935139
25555,LOF,0.25226779545676326,0.12363848488722477,0.624093719656012
25556,Neutral,0.4553559100143859,0.10648611258829925,0.4381579773973149
25557,LOF,0.2415403043069084,0.12385775008816118,0.6346019456049306
25558,LOF,0.3166146056330201,0.12215442228506569,0.5612309720819142
25559,LOF,0.17848341051162045,0.13510523701203112,0.6864113524763484
25560,LOF,0.15039851526279982,0.10930414588054466,0.7402973388566556
25561,LOF,0.14911089849985065,0.12279218492260142,0.7280969165775479
25562,LOF,0.07498187746022755,0.08539835957564981,0.8396197629641227
25563,LOF,0.020216526394874642,0.145454201425303,0.8343292721798223
25564,LOF,0.22829120899395247,0.13148757205759057,0.6402212189484571
25565,LOF,0.19504718115285347,0.14470259409588337,0.6602502247512632
25566,GOF,0.08913586474049563,0.7237757206942179,0.18708841456528635
25567,LOF,0.03703201916005599,0.12394315397391918,0.8390248268660249
25568,LOF,0.05974963203347901,0.06486786470645343,0.8753825032600676
25569,LOF,0.06102033646489672,0.06725291582419932,0.8717267477109041
25570,LOF,0.027551917453338987,0.08889546259638254,0.8835526199502785
25571,LOF,0.027237598860678326,0.0943291261132585,0.8784332750260633
25572,LOF,0.060128813955752675,0.10398410918146118,0.8358870768627861
25573,LOF,0.060961102724588406,0.08244530792226644,0.8565935893531452
25574,LOF,0.05563963152470286,0.1905038654486949,0.7538565030266022
25575,LOF,0.023313982182630887,0.10573183668938844,0.8709541811279806
25576,LOF,0.033025778873380665,0.14044581707222278,0.8265284040543966
25577,LOF,0.02913489783296608,0.10541389875194274,0.8654512034150913
25578,LOF,0.303061251985268,0.07501520350904907,0.6219235445056829
25579,LOF,0.13864271664485098,0.07923256499087171,0.7821247183642772
25580,LOF,0.019801455819436865,0.07048694963458307,0.9097115945459799
25581,LOF,0.054242863814912806,0.06307022490036117,0.882686911284726
25582,LOF,0.05425552515257006,0.06135097320026321,0.8843935016471667
25583,LOF,0.020336085110266005,0.07480718825323514,0.9048567266364989
25584,Neutral,0.6707020880198855,0.10542919141660126,0.22386872056351328
25585,LOF,0.030007830826797168,0.11017945237517282,0.85981271679803
25586,LOF,0.019140116169277344,0.06057103735748433,0.9202888464732384
25587,LOF,0.01826638008093038,0.056249681519146506,0.9254839383999232
25588,LOF,0.020829294198114988,0.06538024176707484,0.9137904640348102
25589,Neutral,0.5136255346862358,0.20631210065601377,0.2800623646577505
25590,LOF,0.051743946084559886,0.10116946737305822,0.8470865865423819
25591,LOF,0.1006969851830162,0.053681627273583464,0.8456213875434004
25592,LOF,0.05469487482032188,0.11831058334064723,0.8269945418390309
25593,LOF,0.13978503126777198,0.2667661673213582,0.5934488014108699
25594,LOF,0.04740877373402637,0.10647765381541115,0.8461135724505626
25595,LOF,0.045276129542742564,0.07984519660632781,0.8748786738509297
25596,LOF,0.10712503331255571,0.04492783478211627,0.847947131905328
25597,LOF,0.08489131827275606,0.05503546103941606,0.860073220687828
25598,LOF,0.04880390130064316,0.08236734367731767,0.8688287550220392
25599,GOF,0.020500115450645107,0.502800451155183,0.4766994333941719
25600,GOF,0.17182654875665,0.48105766609333733,0.34711578515001273
25601,LOF,0.038230109060464194,0.4035305031800449,0.5582393877594908
25602,LOF,0.0337169487811725,0.059836124155797255,0.9064469270630303
25603,LOF,0.033973381907350414,0.03241430987282924,0.9336123082198202
25604,LOF,0.0378623510663722,0.06529752133065374,0.896840127602974
25605,LOF,0.03945059073144971,0.1816077638505347,0.7789416454180156
25606,LOF,0.4352572363700339,0.10032562541160851,0.46441713821835756
25607,LOF,0.024740248922242122,0.18777628003393573,0.7874834710438221
25608,LOF,0.0352485180136444,0.08309594826476958,0.8816555337215861
25609,GOF,0.1623419438499932,0.5477966352989191,0.2898614208510876
25610,LOF,0.014582446128054823,0.02883915106754942,0.9565784028043957
25611,LOF,0.014000648773393652,0.034866913619621236,0.9511324376069852
25612,LOF,0.04548009976198112,0.04175162072833288,0.9127682795096861
25613,LOF,0.04439296493722256,0.04244355640692011,0.9131634786558573
25614,LOF,0.02052136646213296,0.027042926615960004,0.9524357069219069
25615,LOF,0.04479301830346356,0.03874568733031536,0.916461294366221
25616,LOF,0.044767116258266626,0.02977916886142134,0.925453714880312
25617,LOF,0.042560342563158333,0.03880106072607757,0.9186385967107642
25618,LOF,0.05249756825281761,0.03874598074752455,0.9087564509996578
25619,LOF,0.014356436155500292,0.033343491060164376,0.9523000727843354
25620,LOF,0.06514201999656942,0.046204152811863713,0.8886538271915669
25621,LOF,0.052086103079362026,0.035443865269731666,0.9124700316509062
25622,LOF,0.05964431317242708,0.03198529231868546,0.9083703945088873
25623,LOF,0.07412618766920957,0.029653273754485118,0.8962205385763052
25624,LOF,0.017143858460340174,0.034826910032407406,0.9480292315072524
25625,LOF,0.06305029265544422,0.03770836664670737,0.8992413406978483
25626,LOF,0.04548514878776905,0.04100506685027855,0.9135097843619524
25627,Neutral,0.8912806113553052,0.01939326254328478,0.08932612610140986
25628,LOF,0.12977702695444077,0.059404240903356324,0.8108187321422028
25629,LOF,0.06543929623664212,0.03921883028611011,0.8953418734772477
25630,LOF,0.27517597346526174,0.07487357403049871,0.6499504525042396
25631,Neutral,0.5597304348495967,0.058645173488132425,0.3816243916622709
25632,LOF,0.028180328981102818,0.058214373717270465,0.9136052973016267
25633,LOF,0.21349155011145307,0.03155388714387981,0.754954562744667
25634,LOF,0.03369200592122408,0.07383493908991458,0.8924730549888613
25635,LOF,0.03718804402872954,0.04113620117407724,0.9216757547971931
25636,LOF,0.03672458641615774,0.4694789184497111,0.49379649513413115
25637,GOF,0.06795711754268739,0.4873048676478013,0.44473801480951136
25638,LOF,0.032274890499696514,0.3068845798904072,0.6608405296098963
25639,LOF,0.030569418053516855,0.3528762568907365,0.6165543250557467
25640,Neutral,0.7856966970939733,0.1699211885288735,0.0443821143771532
25641,LOF,0.05638418938135033,0.424684958890678,0.5189308517279717
25642,LOF,0.03765640472873045,0.15544966505568683,0.8068939302155826
25643,LOF,0.20149944151499513,0.1529747205127089,0.6455258379722959
25644,LOF,0.02222473069296481,0.4513315204700814,0.5264437488369538
25645,LOF,0.021974822342744848,0.40198299069973653,0.5760421869575186
25646,LOF,0.050683195755045936,0.31728453477703833,0.6320322694679158
25647,LOF,0.02446471982282895,0.25231728597348063,0.7232179942036905
25648,LOF,0.031257785410761345,0.24263357550087736,0.7261086390883612
25649,LOF,0.015658283526679667,0.244326333817403,0.7400153826559173
25650,LOF,0.05446041808827064,0.41965451984288266,0.5258850620688468
25651,LOF,0.01605333185303827,0.2607890940053753,0.7231575741415864
25652,LOF,0.027301097848949157,0.25914699202230995,0.7135519101287409
25653,LOF,0.07938807485354098,0.3947316760549336,0.5258802490915254
25654,LOF,0.024386034622790365,0.1928679631058064,0.7827460022714032
25655,LOF,0.22652543536048828,0.37165883548438455,0.40181572915512714
25656,LOF,0.2867882372475657,0.05634385402620789,0.6568679087262264
25657,LOF,0.0738754061626893,0.06004342590518803,0.8660811679321225
25658,LOF,0.3759291306472117,0.05663364309933082,0.5674372262534575
25659,Neutral,0.5358025511934963,0.07892463322739482,0.3852728155791089
25660,LOF,0.026938283711629783,0.08496115778666087,0.8881005585017093
25661,LOF,0.09726729819102646,0.059837948995966346,0.8428947528130072
25662,LOF,0.03340374737627329,0.03111219189366297,0.9354840607300638
25663,LOF,0.04250208509481813,0.04641233960142674,0.9110855753037551
25664,LOF,0.13976719075667285,0.054887248379964705,0.8053455608633625
25665,LOF,0.05753815222785034,0.029645272436102363,0.9128165753360473
25666,LOF,0.08686168559215642,0.06420209688922031,0.8489362175186232
25667,LOF,0.06917970417555153,0.035544561397813264,0.8952757344266352
25668,LOF,0.03769770149133105,0.048207379315002276,0.9140949191936667
25669,LOF,0.03344265118998519,0.05598994860261956,0.9105674002073951
25670,LOF,0.13644331951503202,0.04848793408222124,0.8150687464027468
25671,LOF,0.10184533466024775,0.03177546225636499,0.8663792030833873
25672,LOF,0.05582862895848461,0.0389116918459092,0.9052596791956062
25673,LOF,0.07982058584488456,0.039998748829691746,0.8801806653254236
25674,LOF,0.06960764256867329,0.04889665965168218,0.8814956977796445
25675,LOF,0.1150872919546752,0.04717228946641359,0.8377404185789112
25676,LOF,0.018183546300469443,0.04944898831167564,0.9323674653878549
25677,LOF,0.025756679562880302,0.07128439702382168,0.902958923413298
25678,LOF,0.1802312343191142,0.05322962130731834,0.7665391443735674
25679,LOF,0.12401145550574509,0.07072062258880907,0.8052679219054458
25680,LOF,0.031281167068065004,0.11448517273992884,0.8542336601920061
25681,LOF,0.0475719432795371,0.10320502111030003,0.8492230356101629
25682,LOF,0.13883045218794443,0.07087520392051959,0.790294343891536
25683,LOF,0.12229938739834723,0.08473879013991845,0.7929618224617343
25684,LOF,0.04437407650110138,0.072190676062869,0.8834352474360296
25685,LOF,0.136920443653341,0.047844203447948284,0.8152353528987106
25686,LOF,0.0677854594811084,0.09649339763821221,0.8357211428806793
25687,LOF,0.12100909476291559,0.09191649869095672,0.7870744065461277
25688,LOF,0.3103796647102861,0.03419341882319736,0.6554269164665165
25689,LOF,0.2217483921298186,0.04240686371276601,0.7358447441574154
25690,LOF,0.37991880180004756,0.028296094163662563,0.5917851040362899
25691,Neutral,0.7064924675514421,0.020892850924876843,0.27261468152368107
25692,LOF,0.2801394839847406,0.009624291248516003,0.7102362247667434
25693,LOF,0.049967104770634194,0.4431634695330053,0.5068694256963605
25694,LOF,0.11571697217856151,0.017150694385278147,0.8671323334361604
25695,LOF,0.11265789243852156,0.016703757963230797,0.8706383495982477
25696,LOF,0.10492445009960151,0.00924000629984606,0.8858355436005524
25697,LOF,0.11645166297294172,0.03302568612365138,0.850522650903407
25698,LOF,0.3314827310424758,0.23097681767286551,0.4375404512846587
25699,LOF,0.4175855302342321,0.036544681979846595,0.5458697877859213
25700,LOF,0.05290955033806371,0.007593810488602892,0.9394966391733334
25701,LOF,0.1517177255837374,0.05341230623100556,0.7948699681852571
25702,GOF,0.19555764635394574,0.5361350151157017,0.26830733853035255
25703,LOF,0.01658714734312217,0.1648642500463757,0.8185486026105021
25704,LOF,0.04856859522312355,0.12545594143380603,0.8259754633430704
25705,LOF,0.05917215874448496,0.18914316069049283,0.7516846805650221
25706,LOF,0.09725701344132494,0.36500688262616804,0.537736103932507
25707,LOF,0.08819821867498089,0.30503137993423546,0.6067704013907838
25708,LOF,0.03120092971080757,0.25521252179151205,0.7135865484976803
25709,LOF,0.05728879673427962,0.03925499955963509,0.9034562037060854
25710,LOF,0.011764419117102591,0.13148860202339302,0.8567469788595043
25711,LOF,0.019537490244680877,0.09228441282985746,0.8881780969254616
25712,LOF,0.014257595101257283,0.1751622248539882,0.8105801800447546
25713,LOF,0.018466262251317027,0.08058041541774237,0.9009533223309405
25714,LOF,0.06947640788019833,0.07667191504865915,0.8538516770711425
25715,LOF,0.010742132128165613,0.13508200293983494,0.8541758649319995
25716,LOF,0.013364909571997513,0.11151676835973712,0.8751183220682653
25717,LOF,0.013399071175019374,0.07703275782115535,0.9095681710038254
25718,LOF,0.012271645392728786,0.09594050503314126,0.89178784957413
25719,LOF,0.019400587631455,0.07285248133030726,0.9077469310382377
25720,LOF,0.021438961537027398,0.06890573594195913,0.9096553025210135
25721,LOF,0.01603978403067379,0.09828608826122778,0.8856741277080983
25722,LOF,0.013333052596134659,0.11986197273596148,0.8668049746679038
25723,LOF,0.0225415737297961,0.04279514414953847,0.9346632821206654
25724,LOF,0.022456945528641244,0.07731282285373663,0.9002302316176222
25725,LOF,0.012325406728103196,0.0644969701266945,0.9231776231452024
25726,LOF,0.014821616741169136,0.09365386965143153,0.8915245136073995
25727,LOF,0.013621911342411842,0.07047666645319775,0.9159014222043903
25728,LOF,0.01014242005634901,0.10346273677086533,0.8863948431727856
25729,LOF,0.010551602856436476,0.10262768221862849,0.8868207149249351
25730,LOF,0.01364834677548837,0.0796370915647996,0.906714561659712
25731,LOF,0.01935889071306983,0.10639956197054048,0.8742415473163896
25732,LOF,0.01451582363590746,0.08279865450088116,0.9026855218632114
25733,LOF,0.016478450380532916,0.06746157199463258,0.9160599776248345
25734,LOF,0.013125461265733728,0.1170172701412959,0.8698572685929704
25735,LOF,0.013496137170432786,0.08222139241391543,0.9042824704156518
25736,LOF,0.013809724431308129,0.09983562374547955,0.8863546518232123
25737,LOF,0.020576512331077892,0.08283956466884271,0.8965839230000794
25738,LOF,0.013174718673899998,0.10460513930010516,0.8822201420259947
25739,LOF,0.01962552362995548,0.0850282727662154,0.8953462036038291
25740,LOF,0.02687809240115477,0.10314744624418001,0.8699744613546652
25741,LOF,0.015545489206204315,0.1066976660488926,0.8777568447449031
25742,LOF,0.11394286739845194,0.08086741651096852,0.8051897160905797
25743,LOF,0.03148339509134454,0.02847697132760555,0.9400396335810498
25744,Neutral,0.5910977480439711,0.20639076682948868,0.20251148512654032
25745,LOF,0.0785352110315793,0.07357866485075436,0.8478861241176663
25746,LOF,0.03827637256610658,0.08023615709491139,0.8814874703389821
25747,LOF,0.02163220957894212,0.042931325822668315,0.9354364645983896
25748,LOF,0.10014591035994838,0.067254937396207,0.8325991522438446
25749,LOF,0.02510554908137808,0.08009073892038417,0.8948037119982377
25750,LOF,0.08385624075041896,0.08707559532329574,0.8290681639262854
25751,LOF,0.0929808498035925,0.06341338788716859,0.8436057623092389
25752,GOF,0.1072867917019272,0.6724267522993214,0.22028645599875143
25753,LOF,0.020703633158188618,0.29505290849582716,0.6842434583459841
25754,GOF,0.01084519873663488,0.7813849631534246,0.20776983810994049
25755,LOF,0.02298239017156502,0.37769546819445926,0.5993221416339758
25756,LOF,0.04073386079434419,0.3688873321163084,0.5903788070893473
25757,GOF,0.01408975570122627,0.8511742448418299,0.13473599945694387
25758,GOF,0.025696362450151108,0.8263163858247957,0.14798725172505298
25759,GOF,0.011235704267083261,0.5400801793988842,0.44868411633403255
25760,LOF,0.0121011527251888,0.2345116635535601,0.7533871837212511
25761,GOF,0.2789311087893685,0.6348879289549879,0.08618096225564346
25762,LOF,0.03553421251328511,0.25467174518386126,0.7097940423028536
25763,LOF,0.013713097106561226,0.20101373437576525,0.7852731685176736
25764,GOF,0.07355331678460299,0.6248834157033715,0.30156326751202567
25765,GOF,0.03989284341737594,0.7679132494205473,0.1921939071620766
25766,GOF,0.06044743412303227,0.7746436183620481,0.16490894751491963
25767,GOF,0.1768507221106829,0.42320488247311244,0.3999443954162047
25768,LOF,0.0943068785740655,0.06750192502766232,0.8381911963982722
25769,LOF,0.06746280514932582,0.06777683070203679,0.8647603641486373
25770,LOF,0.2847261930922838,0.08319690134224765,0.6320769055654685
25771,LOF,0.040659151359146606,0.04643405412611574,0.9129067945147376
25772,LOF,0.016277210744122538,0.03446453319132718,0.9492582560645503
25773,LOF,0.045748163970087484,0.09104532802081271,0.8632065080090999
25774,LOF,0.028301828980916495,0.07623513726367295,0.8954630337554105
25775,LOF,0.04425775120188972,0.04263059854637013,0.9131116502517402
25776,LOF,0.06771888940592151,0.02713555548022681,0.9051455551138516
25777,LOF,0.3381355431353795,0.05009262760643672,0.6117718292581839
25778,LOF,0.06802220660306402,0.049446309760060925,0.8825314836368751
25779,GOF,0.36212008355629816,0.5955147688438357,0.04236514759986623
25780,GOF,0.30406158682068174,0.6283564150119983,0.06758199816732
25781,GOF,0.14196452494118988,0.7536790210060091,0.10435645405280092
25782,GOF,0.20658895228524193,0.7296266380550279,0.06378440965973013
25783,GOF,0.03122263072862828,0.6633761345836285,0.3054012346877433
25784,GOF,0.47774103645347754,0.48469015273618277,0.037568810810339616
25785,GOF,0.4334564151930848,0.5256125275041361,0.040931057302778996
25786,GOF,0.027637905244014927,0.7570162200742274,0.21534587468175767
25787,Neutral,0.6333473607863677,0.34149573112662873,0.025156908087003677
25788,LOF,0.05129042791573077,0.10364818789481435,0.8450613841894548
25789,GOF,0.21661422148607262,0.6539733775038942,0.12941240101003337
25790,GOF,0.2022189540058953,0.6949420418664131,0.10283900412769156
25791,GOF,0.16514213263228006,0.6753473322842992,0.1595105350834207
25792,GOF,0.3514326974327621,0.5293539709222063,0.11921333164503163
25793,GOF,0.23363752565465137,0.5603177783311963,0.20604469601415243
25794,GOF,0.2913934297845215,0.5423204373388593,0.16628613287661936
25795,GOF,0.08754788802161206,0.7107414017310423,0.20171071024734566
25796,Neutral,0.5315282653292404,0.40037491659198293,0.0680968180787766
25797,GOF,0.10094873142957017,0.5560269638143721,0.3430243047560578
25798,GOF,0.009548858153247249,0.5237029287278784,0.4667482131188744
25799,LOF,0.007515772754288702,0.41388359150754855,0.5786006357381628
25800,GOF,0.03646049618153641,0.6099049272692937,0.3536345765491698
25801,GOF,0.20753888318317598,0.669519818441079,0.12294129837574506
25802,GOF,0.0819841579033195,0.6806765003010876,0.23733934179559293
25803,GOF,0.039296206521548326,0.5828189222245649,0.3778848712538869
25804,GOF,0.03532852585018494,0.5107745187467762,0.45389695540303887
25805,GOF,0.10771240008689623,0.6074555076876951,0.2848320922254086
25806,GOF,0.10424105248072847,0.583904333523814,0.3118546139954575
25807,GOF,0.02079238612899145,0.6519718085142645,0.3272358053567442
25808,GOF,0.09384453640450187,0.6501485581257954,0.2560069054697028
25809,GOF,0.019149953948378748,0.6007525732778869,0.3800974727737343
25810,GOF,0.01730691890875739,0.6388031280570228,0.34388995303421976
25811,GOF,0.43175396841660574,0.49037669307318205,0.0778693385102123
25812,GOF,0.031120624756438283,0.6464772963365942,0.3224020789069675
25813,Neutral,0.49745164745157316,0.4111856884162365,0.0913626641321903
25814,GOF,0.11599262101938758,0.6610507037802532,0.22295667520035928
25815,GOF,0.196838733194188,0.6309772634583174,0.17218400334749462
25816,GOF,0.02150647256890069,0.7289022704781838,0.24959125695291542
25817,GOF,0.22617857910893857,0.6544102841110858,0.11941113677997556
25818,GOF,0.053070738595663684,0.6741003449962415,0.27282891640809487
25819,GOF,0.3611082653292624,0.5146802057244517,0.12421152894628594
25820,GOF,0.19278007599399508,0.6095150541577962,0.19770486984820873
25821,GOF,0.06524877920093591,0.6892937162239847,0.2454575045750793
25822,GOF,0.229994066888003,0.5663847594057349,0.20362117370626215
25823,GOF,0.03282856294326791,0.5394664903461335,0.4277049467105986
25824,GOF,0.09381053101182849,0.6103448747040832,0.2958445942840883
25825,GOF,0.03570446231214692,0.6093962241536012,0.354899313534252
25826,GOF,0.014943611094064228,0.5790246249937783,0.40603176391215745
25827,GOF,0.020983790275001767,0.5824863611082186,0.3965298486167797
25828,GOF,0.011647903283399015,0.520314892431879,0.46803720428472184
25829,GOF,0.0052721373971655865,0.5662312012100101,0.42849666139282416
25830,LOF,0.032952088677744705,0.27790846978324635,0.6891394415390089
25831,GOF,0.22302186238646834,0.6585740177653151,0.11840411984821647
25832,GOF,0.031609263486037875,0.7321926220221622,0.23619811449180003
25833,GOF,0.11025994318654417,0.7461823081141745,0.14355774869928117
25834,GOF,0.030588211356158364,0.7552089063686674,0.2142028822751742
25835,GOF,0.06584885360436787,0.7792115168384419,0.15493962955719023
25836,GOF,0.03346910308135578,0.7240603337467184,0.24247056317192575
25837,GOF,0.02492746906500326,0.6232448897749973,0.3518276411599994
25838,GOF,0.08734360670600255,0.782935918202181,0.12972047509181633
25839,GOF,0.2921986057894086,0.5857161539342504,0.12208524027634111
25840,GOF,0.23534623784688483,0.6234305779629635,0.14122318419015165
25841,GOF,0.2354974451419248,0.6336542219416262,0.13084833291644907
25842,GOF,0.14769350103070902,0.7244052778110746,0.12790122115821645
25843,GOF,0.19510395581663081,0.7114048363176577,0.09349120786571148
25844,GOF,0.06250500059168876,0.7206033301818511,0.21689166922646025
25845,GOF,0.016825485651860185,0.5275261410958408,0.45564837325229895
25846,GOF,0.13667076659569433,0.7256277261045845,0.1377015072997212
25847,GOF,0.09159679473055674,0.7948339370385606,0.11356926823088255
25848,GOF,0.03625499624714711,0.7079551685752155,0.2557898351776376
25849,GOF,0.010338140278212433,0.6049143031462252,0.38474755657556237
25850,GOF,0.018561115156653082,0.6624034948215126,0.31903539002183434
25851,GOF,0.01521980823196183,0.5589180707959666,0.42586212097207177
25852,GOF,0.16413266294316728,0.5708494645688915,0.2650178724879413
25853,GOF,0.33724084899856305,0.5870893517719801,0.07566979922945698
25854,GOF,0.02070687513438366,0.6266816751541017,0.35261144971151465
25855,GOF,0.03544865611977542,0.5585905249727826,0.40596081890744196
25856,GOF,0.23388341748491098,0.5606616191365931,0.20545496337849595
25857,GOF,0.03744263043664442,0.5163087846264337,0.44624858493692193
25858,GOF,0.021434254276497727,0.5631495327956185,0.41541621292788383
25859,GOF,0.010371791018847767,0.5291100928699222,0.46051811611123
25860,GOF,0.3460787500814877,0.5766356949587127,0.07728555495979961
25861,GOF,0.39635235344145886,0.5369702727037462,0.0666773738547949
25862,GOF,0.0834978371563886,0.783694205117945,0.13280795772566645
25863,GOF,0.08198318675954096,0.7847318519259845,0.13328496131447454
25864,GOF,0.21272706717825018,0.720743826487171,0.06652910633457892
25865,GOF,0.0927357693268412,0.7972790916472757,0.10998513902588314
25866,GOF,0.05621882469754941,0.7828295303023626,0.160951645000088
25867,GOF,0.08516792399085779,0.8166006677283646,0.09823140828077759
25868,GOF,0.23408223981260165,0.6597089720741048,0.10620878811329354
25869,Neutral,0.6943828921907671,0.26248015798485796,0.04313694982437491
25870,GOF,0.26833218732293596,0.4225904288666098,0.30907738381045424
25871,GOF,0.22176364375459365,0.6554971365559624,0.12273921968944392
25872,GOF,0.07782376601269696,0.6564576505310856,0.2657185834562174
25873,GOF,0.10974844876481672,0.6940261150534824,0.19622543618170077
25874,LOF,0.014490827106055641,0.11282771460169855,0.8726814582922457
25875,LOF,0.09754055531853664,0.05337991754957947,0.849079527131884
25876,LOF,0.03413064216166266,0.03433008615257339,0.931539271685764
25877,Neutral,0.5273773168201171,0.05092124812358562,0.4217014350562972
25878,LOF,0.24012184468847902,0.11873040069198387,0.6411477546195371
25879,LOF,0.09938163736735524,0.1098455985504686,0.7907727640821761
25880,LOF,0.039703592656338174,0.015582644253516466,0.9447137630901453
25881,LOF,0.16465808243566618,0.11858166470448764,0.7167602528598462
25882,LOF,0.06772089826038491,0.016091865158598513,0.9161872365810166
25883,LOF,0.0687453325982554,0.018543423738901894,0.9127112436628427
25884,LOF,0.032401467690767516,0.029665853700857406,0.937932678608375
25885,LOF,0.06035249869763797,0.010981173345474072,0.9286663279568879
25886,LOF,0.27769384163456445,0.03570567487241942,0.6866004834930161
25887,LOF,0.1715280301713327,0.06575160245867129,0.762720367369996
25888,LOF,0.07066871341433496,0.06149110782472952,0.8678401787609354
25889,LOF,0.03774508014069241,0.020677038790174986,0.9415778810691326
25890,LOF,0.04898549001658295,0.15348406620000116,0.7975304437834159
25891,LOF,0.04258684249660846,0.05520521289127962,0.9022079446121118
25892,LOF,0.07607520059211258,0.020454629841783048,0.9034701695661043
25893,LOF,0.24376159616734064,0.019375909383102335,0.7368624944495571
25894,LOF,0.162150493638339,0.011069985608655467,0.8267795207530055
25895,LOF,0.17345571483543984,0.022923394818163374,0.8036208903463967
25896,LOF,0.05091303275001578,0.021229592551193176,0.9278573746987911
25897,LOF,0.2688511165486615,0.012365916400946924,0.7187829670503917
25898,Neutral,0.7198571202705012,0.009653182453929515,0.2704896972755693
25899,LOF,0.20860752156369364,0.022824328365845043,0.7685681500704614
25900,LOF,0.4467963496376388,0.01336180663860719,0.5398418437237539
25901,LOF,0.0492654107591556,0.01192374155217456,0.9388108476886698
25902,LOF,0.14343963706115204,0.015441751529890408,0.8411186114089576
25903,Neutral,0.6001755888337327,0.02877492125158088,0.3710494899146865
25904,LOF,0.3047697563892988,0.04000015339716015,0.655230090213541
25905,LOF,0.025955252542176243,0.32610074758677726,0.6479439998710466
25906,LOF,0.03033838469313324,0.07594343745041471,0.893718177856452
25907,LOF,0.014501545952479182,0.3484718727185468,0.637026581328974
25908,LOF,0.010462628492847235,0.2724125016294731,0.7171248698776796
25909,LOF,0.013329321902275449,0.13544246014152517,0.8512282179561994
25910,LOF,0.04786642973592158,0.13992148573488414,0.8122120845291942
25911,LOF,0.17595300632759991,0.03349237281880928,0.790554620853591
25912,LOF,0.04528312214036297,0.06602200885940981,0.8886948690002272
25913,LOF,0.33441889106919864,0.02950263085158208,0.6360784780792192
25914,LOF,0.02104744091483534,0.055814785763470674,0.9231377733216939
25915,Neutral,0.5697204484601771,0.14042871988738642,0.28985083165243647
25916,LOF,0.08927756608926055,0.18512211067233558,0.7256003232384038
25917,LOF,0.05845194893253121,0.043976427399287386,0.8975716236681814
25918,LOF,0.02186399968409329,0.03330479505796287,0.9448312052579438
25919,LOF,0.019170477104888613,0.036101734915268954,0.9447277879798425
25920,GOF,0.11132579647746793,0.5544193364549702,0.3342548670675619
25921,LOF,0.024956024102600255,0.04077815040941367,0.9342658254879861
25922,LOF,0.03330158592224377,0.031383038611714174,0.935315375466042
25923,LOF,0.46025037329512136,0.04327738271665414,0.4964722439882246
25924,LOF,0.03665950444826873,0.048472873264914264,0.9148676222868171
25925,LOF,0.07145034342227304,0.047719183670099016,0.880830472907628
25926,LOF,0.04917280646729343,0.04248887988149181,0.9083383136512148
25927,LOF,0.05648317100133353,0.14790741413199168,0.7956094148666748
25928,LOF,0.017411824008232758,0.052177949449199346,0.9304102265425679
25929,Neutral,0.586633402805865,0.04496461561488794,0.3684019815792469
25930,LOF,0.06794058060055218,0.03669719382106111,0.8953622255783866
25931,LOF,0.023106624265997976,0.03286431882266097,0.944029056911341
25932,LOF,0.027313510956919654,0.02983245508188454,0.9428540339611959
25933,LOF,0.038632446107883085,0.021810246234309903,0.939557307657807
25934,LOF,0.02327072313129126,0.022697122727865646,0.9540321541408431
25935,LOF,0.061808769741788054,0.06112011688369861,0.8770711133745134
25936,LOF,0.042137511522489894,0.02676269506174018,0.9310997934157699
25937,LOF,0.024785002588086514,0.040756810662537536,0.9344581867493759
25938,LOF,0.06373723401414368,0.061449757469246115,0.8748130085166103
25939,LOF,0.04153726365160778,0.022793892834901196,0.9356688435134911
25940,LOF,0.03573568281588955,0.3371807673129781,0.6270835498711324
25941,LOF,0.17619026757999093,0.10454153030567462,0.7192682021143344
25942,LOF,0.012854491820878968,0.03252352307094731,0.9546219851081736
25943,LOF,0.30148608087697665,0.051295142126098765,0.6472187769969245
25944,Neutral,0.5002753479363728,0.02333716898992907,0.47638748307369794
25945,LOF,0.07625555295517528,0.020453818161636165,0.9032906288831886
25946,LOF,0.035588055135531906,0.11697960317493798,0.8474323416895301
25947,LOF,0.1162995800280431,0.16421020656921867,0.7194902134027381
25948,LOF,0.3593564173760545,0.00869821983449791,0.6319453627894476
25949,LOF,0.13073648046537437,0.035925784080281985,0.8333377354543438
25950,Neutral,0.34711609462861126,0.32917758061990227,0.3237063247514866
25951,LOF,0.18740468714986494,0.2528553724663054,0.5597399403838296
25952,LOF,0.04752851356425452,0.41103070247874524,0.5414407839570002
25953,LOF,0.1447719654372483,0.10763147897825788,0.7475965555844939
25954,Neutral,0.4236425411561025,0.15942086851874243,0.41693659032515507
25955,LOF,0.05153544818595978,0.07402621729719251,0.8744383345168477
25956,LOF,0.17105969522250164,0.10886533789328956,0.7200749668842088
25957,LOF,0.03939131073747667,0.031534101537556085,0.9290745877249673
25958,LOF,0.052307010714245004,0.027084212201996017,0.920608777083759
25959,LOF,0.06489562230831593,0.3223238833212424,0.6127804943704416
25960,LOF,0.01568473128013564,0.05342759096516197,0.9308876777547025
25961,LOF,0.040783599040961856,0.025718173841786342,0.9334982271172518
25962,LOF,0.056519300926747215,0.02076423879779527,0.9227164602754574
25963,LOF,0.04905707777947658,0.187993642204777,0.7629492800157465
25964,LOF,0.03411838910386754,0.14415706634123954,0.821724544554893
25965,LOF,0.41185649192550267,0.06834154529587289,0.5198019627786244
25966,Neutral,0.49743441731938287,0.17932712450285265,0.3232384581777644
25967,LOF,0.01659585534177485,0.11956289743404706,0.8638412472241781
25968,LOF,0.034922521580398984,0.39837434749093076,0.5667031309286702
25969,LOF,0.03297737827400946,0.0656923962573048,0.9013302254686858
25970,LOF,0.05872950485281999,0.06279971470558458,0.8784707804415954
25971,LOF,0.07119189793339506,0.020462190307453287,0.9083459117591517
25972,LOF,0.06991322223326593,0.03156033086898341,0.8985264468977505
25973,LOF,0.07361426701556921,0.009597916075079293,0.9167878169093514
25974,LOF,0.19312770034117632,0.015612623398440807,0.791259676260383
25975,LOF,0.044759342419166695,0.02680837687470467,0.9284322807061286
25976,LOF,0.04118959400017366,0.015608377126534805,0.9432020288732915
25977,LOF,0.14903631276799678,0.08095704736015993,0.7700066398718431
25978,LOF,0.15571501833011142,0.07679848935505257,0.7674864923148361
25979,LOF,0.14402205373329105,0.07607975781046061,0.7798981884562484
25980,LOF,0.24921750229694828,0.09852508509928552,0.6522574126037662
25981,LOF,0.27980565310866845,0.09695853470532148,0.6232358121860101
25982,LOF,0.4287250866161513,0.05790628972204246,0.5133686236618064
25983,LOF,0.39741472057232347,0.06375434414802145,0.5388309352796551
25984,LOF,0.048006257123567105,0.0490745520215344,0.9029191908548985
25985,LOF,0.03566902245253903,0.2820598586043395,0.6822711189431213
25986,LOF,0.041879411942433366,0.33533449059263537,0.6227860974649313
25987,LOF,0.08923808060409882,0.07261010654026887,0.8381518128556322
25988,LOF,0.1573332599157613,0.05862004409705174,0.784046695987187
25989,LOF,0.03857798245351474,0.11816108649931277,0.8432609310471725
25990,LOF,0.042098272774702024,0.16928823469732693,0.7886134925279711
25991,LOF,0.14345847398697417,0.21767614638146315,0.6388653796315628
25992,LOF,0.31078679908485735,0.12815734450047633,0.5610558564146663
25993,LOF,0.02149542927227215,0.06983205598682467,0.9086725147409033
25994,LOF,0.016941062347919377,0.08219711738105581,0.9008618202710248
25995,LOF,0.022521056310385444,0.17736593461589034,0.8001130090737243
25996,GOF,0.3013885028002315,0.3793102061414736,0.31930129105829497
25997,LOF,0.08161873890898962,0.3406964880919229,0.5776847729990876
25998,Neutral,0.5342183915929342,0.024325925708755854,0.4414556826983099
25999,LOF,0.10725093972298952,0.0925090773627794,0.8002399829142312
26000,LOF,0.13897822632935833,0.048147510086948224,0.8128742635836935
26001,LOF,0.210229165575525,0.05251139748703464,0.7372594369374403
26002,LOF,0.13235646239577972,0.04485889058932267,0.8227846470148976
26003,GOF,0.01079905319945107,0.5913734758422298,0.3978274709583193
26004,GOF,0.022724157434184947,0.694328444401518,0.282947398164297
26005,LOF,0.006291562875174831,0.4463274869531012,0.547380950171724
26006,Neutral,0.5014621749780869,0.2509995983021525,0.24753822671976058
26007,GOF,0.020469600817916187,0.534068844688392,0.44546155449369185
26008,GOF,0.017183755070465087,0.606802084861545,0.37601416006798993
26009,GOF,0.019946349623439528,0.6675490453145169,0.3125046050620436
26010,GOF,0.02257125226595096,0.6378238526032551,0.3396048951307939
26011,LOF,0.0064303116661611525,0.4455128214185179,0.548056866915321
26012,GOF,0.012680324080618035,0.5449774123863399,0.44234226353304196
26013,GOF,0.019124001075171086,0.5996761557625132,0.3811998431623157
26014,LOF,0.04551593023863471,0.10820429521786619,0.846279774543499
26015,LOF,0.1553919180822871,0.015062374510039722,0.8295457074076731
26016,LOF,0.21049614888380905,0.05722915415052655,0.7322746969656644
26017,LOF,0.22779277093525302,0.08890911185837895,0.6832981172063681
26018,LOF,0.08022214948063829,0.03149536200019039,0.8882824885191714
26019,LOF,0.07580241842724798,0.026071118650381288,0.8981264629223707
26020,LOF,0.07618109907327489,0.1024353262851536,0.8213835746415715
26021,LOF,0.048607797196112676,0.10639562382970734,0.8449965789741799
26022,LOF,0.011508410816368636,0.03733755852537644,0.9511540306582549
26023,LOF,0.06758837650360211,0.022030557492610552,0.9103810660037872
26024,LOF,0.030088733380304714,0.11461831975135393,0.8552929468683413
26025,LOF,0.1507683590462335,0.08716646098726423,0.7620651799665022
26026,LOF,0.34649572716825566,0.0302192865575528,0.6232849862741915
26027,LOF,0.06061097087815997,0.017098188251310334,0.9222908408705297
26028,LOF,0.16108489344588495,0.0674684897974852,0.7714466167566298
26029,LOF,0.06601674515509041,0.1848862079448549,0.7490970469000546
26030,LOF,0.021710278481202296,0.04745377444621736,0.9308359470725803
26031,LOF,0.026565993722088208,0.13026183901864488,0.8431721672592668
26032,LOF,0.06517598299272022,0.08495041143538305,0.8498736055718967
26033,LOF,0.08117758607730001,0.08695022108127373,0.8318721928414262
26034,LOF,0.039887290699589496,0.15435845745003673,0.8057542518503737
26035,LOF,0.024954998673161744,0.1469054773803107,0.8281395239465275
26036,LOF,0.03778348918368031,0.1681331512330374,0.7940833595832822
26037,LOF,0.020956825556799702,0.11545470372249747,0.8635884707207028
26038,LOF,0.0613110306141147,0.0868625451336743,0.8518264242522109
26039,LOF,0.0477496124034819,0.14637246139798898,0.805877926198529
26040,LOF,0.19049116978620753,0.1355061836469277,0.6740026465668647
26041,LOF,0.021597613568919566,0.10897226709657515,0.8694301193345053
26042,LOF,0.020503431684549916,0.09840246953483747,0.8810940987806126
26043,LOF,0.06138480258674678,0.09897228098040034,0.8396429164328528
26044,LOF,0.01862936610183565,0.06030861307212117,0.9210620208260432
26045,LOF,0.06624524038583399,0.09185581504345917,0.8418989445707068
26046,LOF,0.05742021119056954,0.08110675652833413,0.8614730322810964
26047,LOF,0.07341521745214212,0.08334083031607635,0.8432439522317815
26048,LOF,0.046890875757491055,0.040430533020752564,0.9126785912217564
26049,Neutral,0.9679033678217974,0.006440164932414293,0.025656467245788284
26050,Neutral,0.9539573719074186,0.008595710523761561,0.037446917568819856
26051,LOF,0.047199460915984134,0.26538896871044537,0.6874115703735705
26052,LOF,0.06561844847541563,0.30728877787263414,0.6270927736519502
26053,LOF,0.05324593374587075,0.13211737904770116,0.8146366872064281
26054,LOF,0.05067479360408887,0.01684565761682141,0.9324795487790898
26055,LOF,0.0662302668957073,0.014469574266048677,0.919300158838244
26056,LOF,0.057302667084535214,0.01626578062938724,0.9264315522860774
26057,LOF,0.029064586430601117,0.011497059248229972,0.959438354321169
26058,LOF,0.029798884270841812,0.009524167142101147,0.960676948587057
26059,LOF,0.26794298768161134,0.020162606544422642,0.711894405773966
26060,LOF,0.04080484141930591,0.17804309776841304,0.7811520608122811
26061,LOF,0.017728750053957337,0.012376259252826014,0.9698949906932167
26062,LOF,0.010562571312556824,0.018437184748510457,0.9710002439389327
26063,LOF,0.01912747170690872,0.011282106752238851,0.9695904215408525
26064,LOF,0.02243730764569163,0.022629983290577027,0.9549327090637313
26065,LOF,0.02418442460912209,0.012658536091122973,0.9631570392997549
26066,LOF,0.019216308745273566,0.012273357019378817,0.9685103342353476
26067,LOF,0.02535091801164239,0.009128292885470218,0.9655207891028873
26068,LOF,0.04327917545995807,0.027920341003132034,0.9288004835369099
26069,LOF,0.2768561387882222,0.017355550592847407,0.7057883106189304
26070,LOF,0.4131811240767797,0.015828953384949038,0.5709899225382713
26071,LOF,0.01941052510774976,0.011823567311782038,0.9687659075804681
26072,LOF,0.01954562538471203,0.01842611025757739,0.9620282643577105
26073,LOF,0.019006188930484197,0.011883788885156121,0.9691100221843597
26074,Neutral,0.9040566073278313,0.005702011735909747,0.0902413809362589
26075,LOF,0.045352371291472245,0.01382299618912851,0.9408246325193992
26076,LOF,0.03636080771720044,0.008947880294949426,0.9546913119878501
26077,LOF,0.009506144387607099,0.015563549355207556,0.9749303062571854
26078,LOF,0.015280128803412056,0.010954287761986006,0.9737655834346018
26079,LOF,0.0574525770255859,0.015703480721812095,0.9268439422526019
26080,LOF,0.05690223594149535,0.015712574412944626,0.9273851896455602
26081,LOF,0.03341233309667683,0.006634078637845206,0.959953588265478
26082,LOF,0.013548955117855595,0.015349716612473476,0.971101328269671
26083,LOF,0.16995108199418538,0.014983168201296096,0.8150657498045186
26084,LOF,0.03778840926324569,0.0110539748303956,0.9511576159063587
26085,LOF,0.0338630544027294,0.010514212143143402,0.9556227334541273
26086,LOF,0.019624828959371746,0.011634213872790735,0.9687409571678375
26087,LOF,0.022885213027078518,0.008338627616698383,0.9687761593562231
26088,LOF,0.015558494718455551,0.022717505884744724,0.9617239993967996
26089,LOF,0.04213277843212537,0.020439062248753012,0.9374281593191215
26090,LOF,0.041951641557549775,0.016466540726181825,0.9415818177162684
26091,LOF,0.03100486278925483,0.006086639204766191,0.962908498005979
26092,LOF,0.02139560930852535,0.008219886771147036,0.9703845039203276
26093,LOF,0.03221836975308661,0.006662560240386459,0.961119070006527
26094,LOF,0.03474204410991922,0.0063046900935198906,0.9589532657965609
26095,LOF,0.03994739365604387,0.013731918287756039,0.9463206880562001
26096,LOF,0.017064003138152654,0.011791059940428759,0.9711449369214187
26097,LOF,0.012129643440895477,0.0367214191955414,0.9511489373635631
26098,LOF,0.08070285585264537,0.010928313353023121,0.9083688307943315
26099,LOF,0.01975749394145248,0.012337433527151102,0.9679050725313965
26100,LOF,0.021463570886863865,0.011788675628468543,0.9667477534846676
26101,LOF,0.044054842038411604,0.015098163371545606,0.9408469945900428
26102,LOF,0.019351846172865478,0.012473652958501013,0.9681745008686335
26103,Neutral,0.878105648427057,0.0183492893546113,0.1035450622183317
26104,LOF,0.07763333435613878,0.023528014475625185,0.898838651168236
26105,LOF,0.19495658248516506,0.26491613447375106,0.5401272830410839
26106,LOF,0.17073889256299019,0.12572471664159354,0.7035363907954163
26107,LOF,0.21580645824704947,0.0817486735166168,0.7024448682363337
26108,LOF,0.23431996473552652,0.09556584302708228,0.6701141922373912
26109,LOF,0.09986804637244069,0.058547998354728306,0.841583955272831
26110,LOF,0.19004616602092822,0.007638302653470482,0.8023155313256013
26111,Neutral,0.5052028021852868,0.028677794275667114,0.4661194035390461
26112,LOF,0.030113853416399345,0.007495923370155037,0.9623902232134456
26113,LOF,0.05777409199943115,0.017436627121160352,0.9247892808794085
26114,LOF,0.025680306931691002,0.030607482501654588,0.9437122105666543
26115,LOF,0.0871885466509937,0.06217895803379944,0.8506324953152069
26116,LOF,0.06384839875826027,0.060470520455683865,0.8756810807860558
26117,LOF,0.44808106623875094,0.043775696271949514,0.5081432374892996
26118,LOF,0.03396194957334274,0.02713121179197258,0.9389068386346847
26119,LOF,0.024724872864327323,0.03385592542615052,0.9414192017095221
26120,LOF,0.024799401665076035,0.020708957234077525,0.9544916411008464
26121,LOF,0.042495071238038945,0.0828880578774544,0.8746168708845066
