feature0,prediction,LoGoFunc_Neutral,LoGoFunc_GOF,LoGoFunc_LOF
25546,Neutral,0.6246659085256344,0.06563514135500069,0.3096989501193649
25547,Neutral,0.5097619829115402,0.0985868422911356,0.39165117479732425
25548,Neutral,0.49751080066776254,0.0870843978527276,0.4154048014795099
25549,LOF,0.4285967609151833,0.08943900394227114,0.48196423514254566
25550,LOF,0.3695484809039006,0.10439517598315909,0.5260563431129404
25551,LOF,0.3065452044984237,0.12159998926558713,0.5718548062359892
25552,LOF,0.28638266327330936,0.12717171328489904,0.5864456234417916
25553,Neutral,0.7875494539823523,0.05655682412914547,0.15589372188850217
25554,LOF,0.3191648122856022,0.11816224709322272,0.5626729406211751
25555,LOF,0.28116665040587113,0.11149838267169698,0.6073349669224318
25556,LOF,0.4437361728409323,0.09975754457577038,0.4565062825832972
25557,LOF,0.2800994301405977,0.1147898613698908,0.6051107084895115
25558,LOF,0.33108278997178126,0.11056454877092994,0.5583526612572889
25559,LOF,0.2395807803580952,0.058352276254809,0.7020669433870957
25560,LOF,0.08551125414769566,0.1565640654007648,0.7579246804515396
25561,LOF,0.10028441552025895,0.20182367866460238,0.6978919058151387
25562,LOF,0.03726962366763758,0.11634485336861916,0.8463855229637433
25563,LOF,0.010564779649023876,0.17262730365549814,0.816807916695478
25564,LOF,0.08248462379829362,0.1400043201126363,0.7775110560890701
25565,LOF,0.17286558691469148,0.126775408670372,0.7003590044149365
25566,GOF,0.061352441117045735,0.6430762078210593,0.29557135106189497
25567,LOF,0.03800842549260457,0.15528081234680682,0.8067107621605886
25568,LOF,0.057440129764407634,0.0867001770414894,0.855859693194103
25569,LOF,0.06196605274663176,0.0846052083666051,0.8534287388867631
25570,LOF,0.029306665018089866,0.12881731872981964,0.8418760162520905
25571,LOF,0.02572701015486667,0.129382423090198,0.8448905667549353
25572,LOF,0.05760109582451851,0.1646665796619949,0.7777323245134866
25573,LOF,0.06566409575487532,0.1124090904751256,0.8219268137699991
25574,LOF,0.06469952730223322,0.23300569803024315,0.7022947746675235
25575,LOF,0.02449849773595916,0.14376048345038736,0.8317410188136535
25576,LOF,0.029416657084556097,0.19458430525930018,0.7759990376561436
25577,LOF,0.034217164199669935,0.14289499086792307,0.8228878449324071
25578,LOF,0.27906605837687914,0.10729842477725247,0.6136355168458683
25579,LOF,0.18260866829644987,0.1022682482888214,0.7151230834147286
25580,LOF,0.02166105694871461,0.09707832577598063,0.8812606172753048
25581,LOF,0.04904011841660222,0.09090431656118908,0.8600555650222087
25582,LOF,0.048569522982833686,0.08844419891620682,0.8629862781009595
25583,LOF,0.02634809386317866,0.09301496567160301,0.8806369404652183
25584,Neutral,0.7065101984443606,0.1271306532097473,0.16635914834589205
25585,LOF,0.021334728803193637,0.1820768879971587,0.7965883831996476
25586,LOF,0.018261252388194267,0.0968258486103355,0.8849128990014702
25587,LOF,0.017947754535249244,0.09025330344017121,0.8917989420245795
25588,LOF,0.02212896640774176,0.08478674432883072,0.8930842892634276
25589,Neutral,0.4892817597045272,0.26272421194840284,0.24799402834707004
25590,LOF,0.048997787670681366,0.12923237365276347,0.8217698386765551
25591,LOF,0.07873342347807083,0.07654072729941645,0.8447258492225128
25592,LOF,0.05660963700367552,0.1635249033359404,0.779865459660384
25593,LOF,0.10216239843971638,0.3109129526025108,0.5869246489577729
25594,LOF,0.05183918364873521,0.0578551683242936,0.8903056480269711
25595,LOF,0.05472688353748252,0.03457132032725353,0.9107017961352639
25596,LOF,0.1173645910158336,0.02101033866843603,0.8616250703157303
25597,LOF,0.09027739718555594,0.024032180124285513,0.8856904226901585
25598,LOF,0.050668930937400825,0.03728325465713959,0.9120478144054596
25599,LOF,0.021031699488829946,0.3674907279657811,0.6114775725453889
25600,GOF,0.15176881686771027,0.4269500392975646,0.4212811438347251
25601,LOF,0.03917053319389759,0.30070518048348,0.6601242863226224
25602,LOF,0.02971988725834109,0.06779516445758739,0.9024849482840716
25603,LOF,0.03951079999771551,0.06324185800277919,0.8972473419995053
25604,LOF,0.04021899067914265,0.11760647295827979,0.8421745363625776
25605,LOF,0.032890446414806034,0.20146593485159212,0.7656436187336019
25606,LOF,0.4144803921399644,0.15119381461703513,0.4343257932430004
25607,LOF,0.027345688666226026,0.24263473503176766,0.7300195763020063
25608,LOF,0.038405635987027474,0.1492968666365348,0.8122974973764377
25609,GOF,0.12443931690360457,0.5128621905055327,0.36269849259086273
25610,LOF,0.017077179329201837,0.057848982254002104,0.9250738384167959
25611,LOF,0.01400730984907322,0.0649364042867505,0.9210562858641763
25612,LOF,0.05232097060662722,0.06372992756924131,0.8839491018241313
25613,LOF,0.048397716275026176,0.06766961938837461,0.8839326643365993
25614,LOF,0.025912800588205793,0.05223052281424157,0.9218566765975527
25615,LOF,0.04052307804678421,0.05832223136734622,0.9011546905858696
25616,LOF,0.059283891412795685,0.06393676296444435,0.8767793456227599
25617,LOF,0.045892495602074916,0.0658138059978353,0.8882936984000898
25618,LOF,0.052353770746941634,0.09148430494733312,0.8561619243057251
25619,LOF,0.013337011666536551,0.06626227755484795,0.9204007107786154
25620,LOF,0.05818296796287539,0.07576012638128107,0.8660569056558435
25621,LOF,0.062499135032269115,0.06099391169057655,0.8765069532771542
25622,LOF,0.06657574441370845,0.06558928102418193,0.8678349745621097
25623,LOF,0.06547377155237875,0.04652358623736747,0.8880026422102538
25624,LOF,0.020661825400286996,0.06211854824443024,0.9172196263552826
25625,LOF,0.06757690068116023,0.06114142986033737,0.8712816694585025
25626,LOF,0.051538215713693096,0.06362283470585203,0.8848389495804548
25627,Neutral,0.8825345207682392,0.02669546900622172,0.09077001022553909
25628,LOF,0.16534851204526274,0.06824210737768292,0.7664093805770544
25629,LOF,0.06575744352600606,0.07167796560892617,0.8625645908650678
25630,LOF,0.2446219225304993,0.08589147088720246,0.6694866065822982
25631,Neutral,0.5331082775231811,0.07394616280793972,0.3929455596688791
25632,LOF,0.03102921104566621,0.08231728703413065,0.8866535019202032
25633,LOF,0.21681066370691895,0.05693994023285255,0.7262493960602285
25634,LOF,0.04415835155774938,0.10465036484691093,0.8511912835953398
25635,LOF,0.037063658012061955,0.04966570369480378,0.9132706382931343
25636,GOF,0.0304602744305701,0.5930101757888737,0.37652954978055614
25637,GOF,0.046551123760026736,0.5622569948637685,0.39119188137620475
25638,GOF,0.0311154491242913,0.5130446982482552,0.4558398526274536
25639,GOF,0.031254102908773215,0.5121456801286806,0.4566002169625462
25640,Neutral,0.8622406334545093,0.079680876011801,0.05807849053368967
25641,LOF,0.09018772611648962,0.44165828941187957,0.46815398447163087
25642,LOF,0.0761859098856293,0.1826609486723838,0.7411531414419867
25643,LOF,0.278555333369503,0.15088249713297175,0.5705621694975253
25644,GOF,0.010035070564840001,0.6140828104573955,0.37588211897776447
25645,GOF,0.01101863618697881,0.5989410913402358,0.3900402724727854
25646,LOF,0.027106962065651757,0.44252816333889505,0.5303648745954531
25647,LOF,0.012275179067902103,0.34378428495519403,0.6439405359769039
25648,LOF,0.014457845704474509,0.42439348667742377,0.5611486676181017
25649,LOF,0.008943923684248943,0.31307045179235826,0.6779856245233927
25650,GOF,0.021836112530678367,0.5850860607846772,0.39307782668464447
25651,LOF,0.008923736644451155,0.42016722020897207,0.5709090431465768
25652,LOF,0.013925319811437086,0.4178505728909338,0.5682241072976291
25653,GOF,0.038061335269827135,0.5896205466304584,0.37231811809971455
25654,LOF,0.010684863560111738,0.30909512445735776,0.6802200119825305
25655,GOF,0.12731936874008956,0.6297794138767736,0.24290121738313672
25656,LOF,0.32248125363972724,0.17726989144490254,0.5002488549153702
25657,LOF,0.05234609437522883,0.11944373369100036,0.8282101719337708
25658,LOF,0.3190484306972198,0.17386343306444918,0.507088136238331
25659,Neutral,0.4716091933131185,0.17921309240901057,0.349177714277871
25660,LOF,0.022672832841883532,0.12096473631669445,0.8563624308414219
25661,LOF,0.08919367439754611,0.06846739239100294,0.8423389332114509
25662,LOF,0.03268659355660168,0.0375235900232044,0.9297898164201939
25663,LOF,0.03830150961201528,0.042832524076772786,0.9188659663112119
25664,LOF,0.13130648932965266,0.07563293840829045,0.7930605722620568
25665,LOF,0.06037468756288929,0.03478314327210134,0.9048421691650094
25666,LOF,0.09798377346114144,0.07435439597773053,0.827661830561128
25667,LOF,0.07613197226118294,0.039141892219191995,0.8847261355196251
25668,LOF,0.03444872490835891,0.05092888954002084,0.9146223855516202
25669,LOF,0.028691973264271226,0.048609645352676326,0.9226983813830524
25670,LOF,0.1266772532768195,0.04818255427383216,0.8251401924493483
25671,LOF,0.10707878243981203,0.04219999209438913,0.8507212254657989
25672,LOF,0.051416684315404734,0.04978482664537159,0.8987984890392237
25673,LOF,0.0900223742905796,0.05355027493816794,0.8564273507712525
25674,LOF,0.07705639917735523,0.07149068010382753,0.8514529207188173
25675,LOF,0.10849623928407263,0.07836915956110271,0.8131346011548247
25676,LOF,0.018067233578488075,0.05912359341995927,0.9228091730015527
25677,LOF,0.02282573186102756,0.07643832916020322,0.9007359389787692
25678,LOF,0.19464779223691553,0.08958101455169352,0.7157711932113909
25679,LOF,0.11936425101935913,0.09761991345500479,0.7830158355256361
25680,LOF,0.031552725982287276,0.12617638312596965,0.842270890891743
25681,LOF,0.04720468971365862,0.12104791465870203,0.8317473956276394
25682,LOF,0.13148043670654153,0.0854413887085673,0.7830781745848913
25683,LOF,0.11421214927039143,0.10048650093180853,0.7853013497978
25684,LOF,0.03742399046726315,0.07322353922061399,0.8893524703121228
25685,LOF,0.11456801943482928,0.07280667280728105,0.8126253077578897
25686,LOF,0.07612516107129083,0.1144132897063514,0.8094615492223578
25687,LOF,0.11555628754743004,0.1168245360122724,0.7676191764402975
25688,LOF,0.4140326419715161,0.046149811035180545,0.5398175469933033
25689,LOF,0.3064594860337652,0.0551798977599021,0.6383606162063327
25690,LOF,0.3410363733480287,0.03624633932945862,0.6227172873225126
25691,Neutral,0.6999247311288935,0.03377350009564654,0.26630176877546
25692,LOF,0.3683177349851705,0.01295285663735095,0.6187294083774785
25693,LOF,0.03727497414826317,0.440222653950745,0.5225023719009918
25694,LOF,0.11205339686917867,0.018465712584766987,0.8694808905460543
25695,LOF,0.10485522437699742,0.012247902637036063,0.8828968729859666
25696,LOF,0.13162195874413363,0.014608902726381564,0.8537691385294849
25697,LOF,0.06991226695047403,0.10767489887268665,0.8224128341768393
25698,LOF,0.3125189672030071,0.20044515615104955,0.4870358766459433
25699,LOF,0.38862154075608346,0.03615078271009962,0.5752276765338169
25700,LOF,0.07154060304544611,0.010916141352712547,0.9175432556018414
25701,LOF,0.1543509869012842,0.03596856016799317,0.8096804529307225
25702,GOF,0.15617288597174178,0.6719317182470266,0.17189539578123164
25703,LOF,0.017555999569323653,0.15933052945688325,0.823113470973793
25704,LOF,0.03885055810465883,0.1654947025713287,0.7956547393240124
25705,LOF,0.035776326941550605,0.11071155417276402,0.8535121188856853
25706,LOF,0.11345398278863844,0.37739460025692484,0.5091514169544368
25707,LOF,0.08220792992000744,0.3017177353812072,0.6160743346987853
25708,LOF,0.04185428860408055,0.2810177363154949,0.6771279750804245
25709,LOF,0.06311864194459704,0.03315959761337336,0.9037217604420297
25710,LOF,0.013113418165600188,0.11963490797480184,0.867251673859598
25711,LOF,0.018031383170962575,0.08466815032184986,0.8973004665071876
25712,LOF,0.015653721695276564,0.16661682151582538,0.8177294567888981
25713,LOF,0.016714930981180577,0.0808183100828494,0.90246675893597
25714,LOF,0.06534785995975266,0.06334040948392107,0.8713117305563263
25715,LOF,0.010865550927998688,0.12348559294991854,0.8656488561220829
25716,LOF,0.013409811687729577,0.10119047187516056,0.8853997164371099
25717,LOF,0.016845140463218704,0.08566453413573648,0.8974903254010449
25718,LOF,0.010180200465364435,0.08102375491712262,0.9087960446175128
25719,LOF,0.01842966632560937,0.07120732706813086,0.9103630066062598
25720,LOF,0.02278565540738914,0.059453005589860955,0.9177613390027498
25721,LOF,0.012722728101234832,0.09594984278804895,0.8913274291107162
25722,LOF,0.01275656190109861,0.07094530470169405,0.9162981333972073
25723,LOF,0.02240558564398253,0.039538149382710976,0.9380562649733065
25724,LOF,0.02855271722817498,0.07240324443594927,0.8990440383358758
25725,LOF,0.010846195011186091,0.06814420479118066,0.9210096001976331
25726,LOF,0.014244416395849259,0.09297550870123901,0.8927800749029117
25727,LOF,0.011608928133934165,0.06856333665256616,0.9198277352134997
25728,LOF,0.009322850779385158,0.08043381203440117,0.9102433371862138
25729,LOF,0.009641795531323487,0.08199356743953126,0.9083646370291453
25730,LOF,0.012536483095342226,0.0818850093904281,0.9055785075142296
25731,LOF,0.021957503775403932,0.07764054181039155,0.9004019544142046
25732,LOF,0.012018895288438875,0.04604643046782317,0.941934674243738
25733,LOF,0.016303790760350878,0.04923563686476644,0.9344605723748826
25734,LOF,0.012470264611251924,0.10612781903180048,0.8814019163569476
25735,LOF,0.010897557774089725,0.056778510368043496,0.9323239318578669
25736,LOF,0.011590236350143846,0.05843417340358928,0.929975590246267
25737,LOF,0.010989308580963775,0.07949521046117004,0.909515480957866
25738,LOF,0.010751896852260735,0.07998928002901394,0.9092588231187254
25739,LOF,0.018793659779090175,0.06050267799187664,0.9207036622290332
25740,LOF,0.02493290203720562,0.0859699369792586,0.8890971609835358
25741,LOF,0.014381807589235988,0.08855979800834414,0.8970583944024199
25742,LOF,0.10902898649300183,0.0639890536824027,0.8269819598245954
25743,LOF,0.038728105438922654,0.04155504937750728,0.9197168451835701
25744,Neutral,0.6529450376370425,0.19866969674147383,0.14838526562148371
25745,LOF,0.06554178880899666,0.0613840676006885,0.8730741435903149
25746,LOF,0.04160800527268264,0.08225116174793878,0.8761408329793786
25747,LOF,0.026999160326930276,0.06941480306428124,0.9035860366087886
25748,LOF,0.13667995539118913,0.11528473958362134,0.7480353050251896
25749,LOF,0.02928712867724611,0.07946655721721689,0.8912463141055369
25750,LOF,0.06852965461278326,0.09086941988312162,0.8406009255040952
25751,LOF,0.10412940039803982,0.11694528791289185,0.7789253116890684
25752,GOF,0.10436772382974621,0.6611200105945335,0.23451226557572039
25753,LOF,0.02658856368558528,0.35575657459816523,0.6176548617162496
25754,GOF,0.015160809449247893,0.8296705196327779,0.15516867091797407
25755,LOF,0.02790243089573784,0.4154296812778687,0.5566678878263934
25756,LOF,0.05452028475515704,0.39608651349827356,0.5493932017465695
25757,GOF,0.01989371743120519,0.8786313830711161,0.10147489949767857
25758,GOF,0.025143937484406114,0.8337722639369138,0.14108379857868011
25759,GOF,0.011370085022610863,0.6408297974259685,0.34780011755142065
25760,LOF,0.016248832276131196,0.3519187100896193,0.6318324576342496
25761,GOF,0.2866398679401061,0.6368431249089932,0.0765170071509006
25762,LOF,0.04418313629037926,0.34978481841776266,0.6060320452918581
25763,LOF,0.015410716436674915,0.2491423305883693,0.7354469529749559
25764,GOF,0.06598299926256254,0.7163056534232174,0.2177113473142201
25765,GOF,0.03220672207156659,0.7929366010151025,0.1748566769133309
25766,GOF,0.06625221567197215,0.8152893036953376,0.11845848063269017
25767,GOF,0.1439917324068402,0.5405959936787155,0.3154122739144444
25768,LOF,0.10120265760307645,0.05699884070934128,0.8417985016875822
25769,LOF,0.046705735258045104,0.06258570392899565,0.8907085608129593
25770,LOF,0.3062490924340768,0.10677297432787629,0.586977933238047
25771,LOF,0.0495780784634016,0.05905015866316946,0.8913717628734289
25772,LOF,0.0178322421290882,0.049856667181187926,0.932311090689724
25773,LOF,0.05531222613004287,0.08436665215615871,0.8603211217137984
25774,LOF,0.02897913056809281,0.11876961701876486,0.8522512524131423
25775,LOF,0.05370675308494066,0.07648442335184576,0.8698088235632135
25776,LOF,0.061431548628820484,0.03661418485760829,0.9019542665135712
25777,LOF,0.33406112494086293,0.08865916717527882,0.5772797078838582
25778,LOF,0.06151566972267745,0.05445417399507626,0.8840301562822462
25779,GOF,0.4060128341675551,0.5399586533675208,0.054028512464923996
25780,GOF,0.3511951655166594,0.565387347167681,0.08341748731565958
25781,GOF,0.13769669296841003,0.7522139044319345,0.11008940259965559
25782,GOF,0.2062271291324719,0.715123770318257,0.07864910054927107
25783,GOF,0.026405992918347,0.6125781770571938,0.3610158300244591
25784,Neutral,0.5349630523029587,0.42608595024814117,0.03895099744889996
25785,Neutral,0.47929634563284673,0.4733882677235097,0.04731538664364352
25786,GOF,0.03917994845817706,0.733405273376614,0.227414778165209
25787,Neutral,0.6791889268650957,0.291217627076123,0.0295934460587814
25788,LOF,0.0585668732985294,0.08268088176418137,0.8587522449372892
25789,GOF,0.22004160539441894,0.6165867814024498,0.1633716132031313
25790,GOF,0.2993149388414527,0.6106462039259115,0.0900388572326357
25791,GOF,0.15659162179833438,0.6643542350018787,0.17905414319978688
25792,GOF,0.37411623329072513,0.4956402107041453,0.13024355600512946
25793,GOF,0.26229191107913036,0.4738694497519884,0.26383863916888123
25794,GOF,0.3077257751602435,0.47755902187743005,0.21471520296232646
25795,GOF,0.06785727442178961,0.6572519654500351,0.2748907601281753
25796,Neutral,0.5193561161841392,0.39495604464149847,0.08568783917436237
25797,GOF,0.08639514854401864,0.5376541006504014,0.3759507508055799
25798,GOF,0.010488687398904298,0.49587437170729226,0.4936369408938034
25799,LOF,0.007863495408328576,0.42690477556255174,0.5652317290291197
25800,GOF,0.037193775200017154,0.6148113649502271,0.3479948598497558
25801,GOF,0.25569123606484484,0.6455525458454825,0.09875621808967262
25802,GOF,0.07769024547080249,0.6494495055240194,0.2728602490051782
25803,GOF,0.04831741007823744,0.5442890037447012,0.4073935861770613
25804,GOF,0.042654380745483875,0.48866333109932947,0.46868228815518675
25805,GOF,0.15949988041418423,0.5735064887512187,0.26699363083459704
25806,GOF,0.16888046051267155,0.5612115860173467,0.2699079534699817
25807,GOF,0.022470652777857113,0.6208380790346952,0.35669126818744756
25808,GOF,0.14257352469462875,0.5732813093612618,0.28414516594410955
25809,GOF,0.022091780770391492,0.608834508777546,0.3690737104520626
25810,GOF,0.022453885401406207,0.5981346564466785,0.3794114581519152
25811,Neutral,0.5311230457441566,0.4033914759528101,0.06548547830303329
25812,GOF,0.04582703766365417,0.6037319427257424,0.3504410196106035
25813,Neutral,0.5819191678558572,0.31633036919588486,0.101750462948258
25814,GOF,0.14892868217266403,0.6210462415216739,0.2300250763056621
25815,GOF,0.25782679870001507,0.5580957080552584,0.18407749324472647
25816,GOF,0.0219937758289124,0.6696594963186129,0.3083467278524747
25817,GOF,0.25610772417957706,0.6144630713052982,0.12942920451512466
25818,GOF,0.058270810766134724,0.5523407650070595,0.3893884242268057
25819,GOF,0.4063988347132889,0.4411885394568713,0.15241262582983972
25820,GOF,0.25547137662379066,0.5492464154632807,0.19528220791292872
25821,GOF,0.07874446301316815,0.6513583465934452,0.2698971903933867
25822,GOF,0.29162581704531987,0.4850317288709525,0.22334245408372755
25823,GOF,0.045621423158434725,0.48343615548406504,0.47094242135750025
25824,GOF,0.08992678854866636,0.4667096786595368,0.4433635327917968
25825,GOF,0.038989066166716234,0.48250701339368407,0.47850392043959966
25826,LOF,0.01334452174374541,0.4703432232511649,0.5163122550050897
25827,GOF,0.02340126225722026,0.5166121399832545,0.45998659775952533
25828,LOF,0.015869045966053867,0.43244358407609,0.551687369957856
25829,LOF,0.0072594876315777955,0.49504067380290667,0.49769983856551553
25830,LOF,0.04282597138213122,0.28025523584429557,0.6769187927735733
25831,GOF,0.2069492393807455,0.6636141760458755,0.129436584573379
25832,GOF,0.03478443559481109,0.672641400728684,0.29257416367650485
25833,GOF,0.12701263868768672,0.6729555790385555,0.20003178227375773
25834,GOF,0.04113628451297786,0.6716527466109543,0.2872109688760678
25835,GOF,0.09635457983608729,0.6773284397893259,0.22631698037458683
25836,GOF,0.044894301906290596,0.6233497882794252,0.3317559098142842
25837,GOF,0.024845679802092156,0.5167930814401135,0.4583612387577944
25838,GOF,0.08065850021951217,0.7076883391386998,0.21165316064178805
25839,GOF,0.33018228251954773,0.5154684869403926,0.1543492305400597
25840,GOF,0.2719483405754983,0.525668476186796,0.20238318323770565
25841,GOF,0.24309475978641487,0.547799185046073,0.20910605516751224
25842,GOF,0.20766086368428086,0.6232400277690708,0.16909910854664836
25843,GOF,0.2453821972943838,0.6170436763748608,0.13757412633075544
25844,GOF,0.06101317511292472,0.630565377583744,0.3084214473033313
25845,LOF,0.01464786629194365,0.4677735807368516,0.5175785529712047
25846,GOF,0.1136723143296961,0.6840817746533254,0.20224591101697847
25847,GOF,0.13603502856368252,0.715198944305713,0.14876602713060458
25848,GOF,0.03430512313621511,0.6268958328291315,0.3387990440346533
25849,GOF,0.011018502871169905,0.5206554231092896,0.4683260740195405
25850,GOF,0.02354023863032992,0.5979488590133194,0.3785109023563507
25851,GOF,0.019524538453819074,0.5012410468798392,0.4792344146663417
25852,GOF,0.17917884784681976,0.5446687813654786,0.2761523707877016
25853,GOF,0.3671881330691119,0.5483679624703076,0.0844439044605804
25854,GOF,0.021305664660763928,0.5895831312318246,0.38911120410741146
25855,GOF,0.03724824470200574,0.5647925259425991,0.39795922935539507
25856,GOF,0.23013005432587536,0.5351164252110651,0.2347535204630597
25857,LOF,0.034453527368730814,0.4819856660336223,0.4835608065976469
25858,GOF,0.022262504520302526,0.5442334702248032,0.4335040252548941
25859,GOF,0.012581239575655533,0.5323331483113177,0.45508561211302667
25860,GOF,0.38871750812893524,0.5167425204164681,0.09453997145459674
25861,GOF,0.3939946611218972,0.514409567999374,0.09159577087872886
25862,GOF,0.08274092276483494,0.7681903497904221,0.14906872744474284
25863,GOF,0.08310579818721325,0.7730413168342924,0.14385288497849436
25864,GOF,0.22355337993217794,0.6959388186537798,0.08050780141404228
25865,GOF,0.08687373504252889,0.766619450041678,0.14650681491579315
25866,GOF,0.06497618075686336,0.7914519112177756,0.1435719080253611
25867,GOF,0.09068597189078907,0.7900461567616519,0.119267871347559
25868,GOF,0.26762508868623586,0.6131647430733871,0.11921016824037696
25869,Neutral,0.7050357895366027,0.2495489173304083,0.04541529313298894
25870,LOF,0.3208482961470228,0.2462613371472648,0.43289036670571246
25871,GOF,0.243186800019214,0.5893786732212866,0.16743452675949946
25872,GOF,0.083779121627366,0.5965354929058508,0.3196853854667831
25873,GOF,0.16390680882014194,0.5849256751018146,0.25116751607804344
25874,LOF,0.022757371403842947,0.09279470434491426,0.8844479242512427
25875,LOF,0.08057994040409962,0.05911541592315178,0.8603046436727486
25876,LOF,0.02955781317098435,0.04214942587536098,0.9282927609536546
25877,Neutral,0.547423987410807,0.06899075162192214,0.38358526096727097
25878,LOF,0.2287399854153903,0.11775851508521558,0.6535014994993941
25879,LOF,0.09043534122097015,0.1250143249781591,0.7845503338008708
25880,LOF,0.023270972644504295,0.01988036537304125,0.9568486619824546
25881,LOF,0.17028678050147467,0.18908344399125612,0.6406297755072692
25882,LOF,0.08575207550582088,0.02190614887879609,0.8923417756153831
25883,LOF,0.07936187815459625,0.033523695285740236,0.8871144265596637
25884,LOF,0.043326595314875614,0.047279819714417,0.9093935849707074
25885,LOF,0.06905224710837776,0.01319695646106958,0.9177507964305526
25886,LOF,0.3597439910272426,0.059320102828403526,0.5809359061443539
25887,LOF,0.17107928726647817,0.13157531571295203,0.6973453970205699
25888,LOF,0.06851887050544155,0.10616438211523475,0.8253167473793237
25889,LOF,0.05332591209469829,0.03194230036887016,0.9147317875364315
25890,LOF,0.05366046010480212,0.1287207334299877,0.8176188064652101
25891,LOF,0.041778637047450905,0.05680595240169967,0.9014154105508494
25892,LOF,0.10558572448905496,0.020530412488897146,0.8738838630220479
25893,LOF,0.284920219096458,0.015490348110659387,0.6995894327928827
25894,LOF,0.17624937046195194,0.00905604797351713,0.814694581564531
25895,LOF,0.20751099237912965,0.01847951326119042,0.7740094943596799
25896,LOF,0.05138724122866294,0.02395262682172521,0.9246601319496118
25897,LOF,0.2374322396278123,0.014317900824990784,0.748249859547197
25898,Neutral,0.7150091911815304,0.009304287015331493,0.27568652180313796
25899,LOF,0.2441155150824311,0.030863659502284035,0.7250208254152849
25900,LOF,0.4619696201088139,0.01371977567267746,0.5243106042185086
25901,LOF,0.053387594036397826,0.011425057989634816,0.9351873479739673
25902,LOF,0.20143694986874164,0.010866076349826522,0.7876969737814319
25903,Neutral,0.534531739561892,0.026832697039030635,0.43863556339907717
25904,LOF,0.2829376377417804,0.04584941133352404,0.6712129509246957
25905,LOF,0.029756509926204325,0.30455330276708703,0.6656901873067086
25906,LOF,0.026054611488787772,0.06187362487825544,0.9120717636329568
25907,LOF,0.014992549046830703,0.3110789245900957,0.6739285263630737
25908,LOF,0.012311186729938957,0.2173581929276861,0.7703306203423749
25909,LOF,0.014307802904691344,0.15214044408179891,0.8335517530135098
25910,LOF,0.04708426257384785,0.11773197334331524,0.835183764082837
25911,LOF,0.12530970671048355,0.03285779936810095,0.8418324939214156
25912,LOF,0.03737637798774374,0.05370939593741693,0.9089142260748393
25913,LOF,0.2669987772120935,0.02590955659991582,0.7070916661879907
25914,LOF,0.024204575984834085,0.1242983727598816,0.8514970512552842
25915,Neutral,0.3996948911763673,0.2912067442833792,0.3090983645402534
25916,LOF,0.06874023892634694,0.2990989961420434,0.6321607649316097
25917,LOF,0.072018565261318,0.06656938118173603,0.861412053556946
25918,LOF,0.0321341304675475,0.07545226487322175,0.8924136046592308
25919,LOF,0.026955597106083886,0.08070660188138985,0.8923378010125261
25920,GOF,0.07955126174264858,0.5199612505860897,0.40048748767126185
25921,LOF,0.032995300313768815,0.021790662530823648,0.9452140371554075
25922,LOF,0.044608796778059116,0.013537225947621256,0.9418539772743196
25923,LOF,0.3791819933986192,0.016639303437909942,0.6041787031634709
25924,LOF,0.04173999861798762,0.021929988274745373,0.936330013107267
25925,LOF,0.06759550840343452,0.02384064010672809,0.9085638514898373
25926,LOF,0.0484164044344391,0.017520368380583753,0.9340632271849773
25927,LOF,0.06985798268226782,0.04607427595720284,0.8840677413605292
25928,LOF,0.025250420260089907,0.019980253277375674,0.9547693264625344
25929,Neutral,0.5092558792176416,0.01800661968890655,0.4727375010934519
25930,LOF,0.05609030600066933,0.012356741849969263,0.9315529521493614
25931,LOF,0.032986809991596665,0.016061517350166657,0.9509516726582365
25932,LOF,0.028929181472894687,0.014646293007782994,0.9564245255193223
25933,LOF,0.037312965381211934,0.009733651879715222,0.9529533827390727
25934,LOF,0.02502545888191553,0.011235024918773654,0.9637395161993109
25935,LOF,0.06283517584172311,0.02962632180307187,0.9075385023552051
25936,LOF,0.047548651882741114,0.013299021466340334,0.9391523266509185
25937,LOF,0.03187468967958555,0.01882429240473731,0.9493010179156771
25938,LOF,0.06239249150212563,0.03051436014169661,0.9070931483561778
25939,LOF,0.0385569845977736,0.009129027335574032,0.9523139880666525
25940,LOF,0.02448165472149548,0.37940925419586535,0.5961090910826392
25941,LOF,0.176137143469634,0.08682061405625963,0.7370422424741063
25942,LOF,0.018561711004101828,0.03297054051589511,0.948467748480003
25943,LOF,0.33321172792678494,0.05677768788727205,0.610010584185943
25944,Neutral,0.5136711605832146,0.03518847728700749,0.45114036212977787
25945,LOF,0.08007648510357371,0.021231745300022156,0.8986917695964041
25946,LOF,0.028062007103063363,0.13487048202516017,0.8370675108717766
25947,LOF,0.13769360717950074,0.21260951007427709,0.6496968827462222
25948,LOF,0.4656914706951576,0.014832365443191218,0.5194761638616513
25949,LOF,0.12178028395926586,0.06262201028194589,0.8155977057587883
25950,GOF,0.25625627232610504,0.44453211612495924,0.2992116115489357
25951,LOF,0.23768579132413617,0.18959196835332512,0.5727222403225387
25952,LOF,0.052739798367764004,0.43049051839814245,0.5167696832340936
25953,LOF,0.12246442362474036,0.10114732844389178,0.7763882479313678
25954,LOF,0.3914233075059807,0.2147572399326624,0.3938194525613569
25955,LOF,0.0472425897923665,0.0888206274702321,0.8639367827374015
25956,LOF,0.19449360914532343,0.07748002761001388,0.7280263632446627
25957,LOF,0.04672840509640293,0.02913261241585835,0.9241389824877387
25958,LOF,0.053067804471028886,0.03154961543121323,0.9153825800977579
25959,LOF,0.07565387686241767,0.28658257706573187,0.6377635460718504
25960,LOF,0.02193796051146987,0.05608380514338978,0.9219782343451403
25961,LOF,0.04652180818779572,0.03895550176974629,0.9145226900424581
25962,LOF,0.06421572087515685,0.028935426870122828,0.9068488522547205
25963,LOF,0.05106290101404522,0.1680283132050495,0.7809087857809053
25964,LOF,0.03337940700030261,0.12476531287660132,0.8418552801230961
25965,LOF,0.39581357268616574,0.09052855576612494,0.5136578715477093
25966,Neutral,0.45215503655273803,0.17376226126860245,0.3740827021786596
25967,LOF,0.013903506914549666,0.07603050559888311,0.9100659874865673
25968,LOF,0.035123844304835686,0.44384182467482913,0.5210343310203353
25969,LOF,0.02197979353091063,0.05713685582377253,0.9208833506453168
25970,LOF,0.0548782668642733,0.055312100878020624,0.8898096322577062
25971,LOF,0.07202955081521357,0.02104701276027968,0.9069234364245068
25972,LOF,0.07550116231357386,0.02700544793457321,0.8974933897518529
25973,LOF,0.08665876690304032,0.010767308510254118,0.9025739245867056
25974,LOF,0.23881443801134702,0.021778461666748797,0.7394071003219042
25975,LOF,0.04207303179948719,0.03400390015560207,0.9239230680449108
25976,LOF,0.03988998953487439,0.020177217972277495,0.9399327924928481
25977,LOF,0.13081890956723335,0.09636139325526574,0.7728196971775008
25978,LOF,0.10302155940698283,0.09743117087506001,0.7995472697179572
25979,LOF,0.10756022440656263,0.08856869847173644,0.8038710771217009
25980,LOF,0.12659575081038285,0.127175488256811,0.746228760932806
25981,LOF,0.15648566688026888,0.12350278316984337,0.7200115499498878
25982,LOF,0.32536363501390725,0.06962350814478781,0.6050128568413049
25983,LOF,0.32396501375409187,0.07137242238980063,0.6046625638561075
25984,LOF,0.057132660821538034,0.0788513668305917,0.8640159723478704
25985,LOF,0.022273581245075138,0.28531189507176014,0.6924145236831647
25986,LOF,0.03539529290172785,0.285264378572496,0.6793403285257761
25987,LOF,0.07797204699332055,0.09330141603184403,0.8287265369748353
25988,LOF,0.12394250654465011,0.08325198494608257,0.7928055085092675
25989,LOF,0.02947715178072263,0.14315981647716117,0.8273630317421162
25990,LOF,0.04056107379169849,0.13378585430152176,0.8256530719067797
25991,GOF,0.19275568910420968,0.4404765162270808,0.36676779466870957
25992,Neutral,0.377058290665515,0.2535271180471127,0.3694145912873723
25993,LOF,0.024764182223356513,0.08631301237815094,0.8889228053984926
25994,LOF,0.017694406684494318,0.11646780197822809,0.8658377913372776
25995,LOF,0.02679349864820945,0.17791561501224462,0.7952908863395459
25996,GOF,0.23148929419245065,0.6076928615200441,0.16081784428750515
25997,GOF,0.09670290043552901,0.5863882347837855,0.31690886478068553
25998,Neutral,0.5665852518457343,0.014769844680897504,0.41864490347336825
25999,LOF,0.11165528248484975,0.14925244049880032,0.7390922770163499
26000,LOF,0.16259401218849306,0.02821371325767334,0.8091922745538336
26001,LOF,0.1741173633566035,0.032859259530705835,0.7930233771126906
26002,LOF,0.16166074968649582,0.03036491591916855,0.8079743343943357
26003,GOF,0.008191039366266509,0.6457679464632364,0.34604101417049704
26004,GOF,0.024376754345742487,0.6988900972087216,0.27673314844553587
26005,GOF,0.008094267169720793,0.5170769977750065,0.4748287350552728
26006,Neutral,0.5108842363688499,0.2738408038781156,0.21527495975303446
26007,GOF,0.015673088791782593,0.5850619940363007,0.3992649171719167
26008,GOF,0.017574516281036946,0.5967941381008458,0.38563134561811735
26009,GOF,0.023951001277989433,0.6475245318336109,0.3285244668883997
26010,GOF,0.025000972840845074,0.7126847439949324,0.2623142831642225
26011,GOF,0.0076220803035660385,0.5261270884238324,0.4662508312726016
26012,GOF,0.014300547023043961,0.6407139805168584,0.3449854724600977
26013,GOF,0.017707208614815135,0.6570785318389433,0.3252142595462415
26014,LOF,0.05094485727135843,0.1458705126959033,0.8031846300327382
26015,LOF,0.16855934469458997,0.010917193821343136,0.8205234614840669
26016,LOF,0.18346376449466847,0.05672258418745417,0.7598136513178773
26017,LOF,0.14906687572387223,0.09380323945042686,0.757129884825701
26018,LOF,0.06190833808336408,0.0499825446487802,0.8881091172678556
26019,LOF,0.05942776781708387,0.03527238395070309,0.9052998482322131
26020,LOF,0.04348196552774558,0.13032922498306984,0.8261888094891846
26021,LOF,0.03806124607818571,0.14638462921036827,0.8155541247114461
26022,LOF,0.009410200183362097,0.05681087872842286,0.9337789210882151
26023,LOF,0.08387600048026587,0.029987590897760145,0.8861364086219741
26024,LOF,0.021549496298426157,0.12038932876387981,0.8580611749376941
26025,LOF,0.13013396900165475,0.1216728619213809,0.7481931690769644
26026,LOF,0.2727973805683334,0.021886852567207477,0.7053157668644591
26027,LOF,0.06060917743689844,0.024432029813368818,0.9149587927497327
26028,LOF,0.147044086200197,0.10202049181966745,0.7509354219801356
26029,LOF,0.0793357076733477,0.14813018251526533,0.7725341098113869
26030,LOF,0.032315812887307734,0.05356649218309258,0.9141176949295996
26031,LOF,0.03703419494332978,0.11658440608246853,0.8463813989742017
26032,LOF,0.07547388484623196,0.048227726255594704,0.8762983888981734
26033,LOF,0.1202088815728906,0.05399257325514772,0.8257985451719617
26034,LOF,0.051374296777408096,0.12132317741032715,0.8273025258122647
26035,LOF,0.037975924439038404,0.10403550123164265,0.8579885743293189
26036,LOF,0.05382424054022788,0.12967127635162973,0.8165044831081425
26037,LOF,0.03124336053933856,0.0885330432692938,0.8802235961913677
26038,LOF,0.07234446850999261,0.04674030442057217,0.8809152270694351
26039,LOF,0.06844181584084054,0.11603476229408677,0.8155234218650728
26040,LOF,0.20825202560602368,0.08301140957660928,0.7087365648173671
26041,LOF,0.0319092005980848,0.08310700397373509,0.8849837954281802
26042,LOF,0.03150756221133891,0.08691685867723024,0.8815755791114308
26043,LOF,0.07053904690099178,0.060252572600187244,0.8692083804988209
26044,LOF,0.025521712875195536,0.06831688799840702,0.9061613991263975
26045,LOF,0.08312495396468844,0.07909782481340864,0.8377772212219029
26046,LOF,0.07441405794827849,0.06260900300818259,0.862976939043539
26047,LOF,0.11045793839293065,0.07151014811882506,0.8180319134882443
26048,LOF,0.04942995660210186,0.054531907944100205,0.8960381354537978
26049,Neutral,0.9524496282354441,0.007670819497965285,0.03987955226659054
26050,Neutral,0.9308832223172203,0.008714477220492001,0.06040230046228778
26051,LOF,0.04416074531162732,0.38095973221257473,0.574879522475798
26052,LOF,0.06750911128784666,0.40792148322662103,0.5245694054855324
26053,LOF,0.06740256985394134,0.15526052012722885,0.7773369100188298
26054,LOF,0.06111692850856567,0.04098878370570331,0.8978942877857311
26055,LOF,0.07888676370498296,0.028254825245496207,0.8928584110495207
26056,LOF,0.06693468636817003,0.03481027116806521,0.8982550424637648
26057,LOF,0.030663267183859304,0.017203372434760895,0.9521333603813797
26058,LOF,0.0308173186484851,0.015554745063831026,0.9536279362876839
26059,LOF,0.28427845116157097,0.053180118905529636,0.6625414299328993
26060,LOF,0.030222666876009958,0.2682033462385872,0.7015739868854027
26061,LOF,0.01903982883190229,0.01845622784827134,0.9625039433198264
26062,LOF,0.01199692285529958,0.026109540649823588,0.961893536494877
26063,LOF,0.022825680278609446,0.015548938522557142,0.9616253811988333
26064,LOF,0.026238918625780257,0.02130365471010974,0.95245742666411
26065,LOF,0.0255562937415526,0.020469829580580946,0.9539738766778665
26066,LOF,0.021172753164878648,0.017885905131895467,0.960941341703226
26067,LOF,0.02643584741660076,0.013563437765992883,0.9600007148174063
26068,LOF,0.049988837583988,0.06122312883052114,0.8887880335854907
26069,LOF,0.27815291811026516,0.038449384167900065,0.6833976977218347
26070,LOF,0.41271731374089354,0.02499643266845279,0.5622862535906538
26071,LOF,0.022662949309413975,0.02053682427492618,0.9568002264156599
26072,LOF,0.024605755699697147,0.028288304903146686,0.9471059393971563
26073,LOF,0.024839899508686484,0.01710601381143439,0.9580540866798792
26074,Neutral,0.9075935971922349,0.008228101434628595,0.08417830137313657
26075,LOF,0.04700186461471925,0.025585953182067824,0.9274121822032129
26076,LOF,0.04339266580107361,0.01575679329692692,0.9408505409019994
26077,LOF,0.0101291613318525,0.029276569666494067,0.9605942690016533
26078,LOF,0.01572462440980756,0.019887760957201597,0.9643876146329907
26079,LOF,0.05945636132667006,0.033117809715281686,0.9074258289580482
26080,LOF,0.05813533891543588,0.033215448254023054,0.908649212830541
26081,LOF,0.03607841750811527,0.01192051662598043,0.9520010658659043
26082,LOF,0.019609268408722062,0.027678010268229008,0.952712721323049
26083,LOF,0.13160885935845468,0.02065486501630192,0.8477362756252435
26084,LOF,0.027677942075498806,0.025687909264647774,0.9466341486598535
26085,LOF,0.022243768125391555,0.024309367290982476,0.9534468645836259
26086,LOF,0.024711744038150463,0.018404234254529542,0.95688402170732
26087,LOF,0.025502545770340494,0.01354294793032447,0.960954506299335
26088,LOF,0.018568278828436535,0.03326352816371862,0.9481681930078447
26089,LOF,0.04772332091981043,0.0425268875739122,0.9097497915062773
26090,LOF,0.04641323807352622,0.032657430886645814,0.9209293310398279
26091,LOF,0.04064169249759679,0.011216680840333225,0.94814162666207
26092,LOF,0.026425276516451688,0.013789394629954755,0.9597853288535935
26093,LOF,0.03703418883457697,0.010398444305988791,0.9525673668594343
26094,LOF,0.04274313927012529,0.011205621828179628,0.9460512389016952
26095,LOF,0.06128378622627263,0.022840576936382098,0.9158756368373453
26096,LOF,0.024472353696398896,0.0182440531065924,0.9572835931970086
26097,LOF,0.010610393986039263,0.06608233604709793,0.9233072699668629
26098,LOF,0.07885358571941009,0.023710355042137587,0.8974360592384523
26099,LOF,0.025195151716803234,0.02371302421692025,0.9510918240662765
26100,LOF,0.026748519661808662,0.021955166509723054,0.9512963138284684
26101,LOF,0.05803150351996653,0.02246840810703589,0.9195000883729977
26102,LOF,0.026271383816971007,0.018242362148552856,0.9554862540344761
26103,Neutral,0.8885131701349781,0.03357513325388804,0.07791169661113384
26104,LOF,0.07320776939006388,0.0600130571981912,0.8667791734117449
26105,LOF,0.20986048253573014,0.2379234002907972,0.5522161171734726
26106,LOF,0.17908021310836614,0.13112939380625946,0.6897903930853745
26107,LOF,0.23965265960476273,0.11154399848550671,0.6488033419097305
26108,LOF,0.22769547635440707,0.15854802227252424,0.6137565013730687
26109,LOF,0.07596394010666573,0.11005365880465803,0.8139824010886763
26110,LOF,0.2523965414415856,0.007632284466744912,0.7399711740916696
26111,LOF,0.45430545310691967,0.017142500674508437,0.5285520462185719
26112,LOF,0.035905122641745,0.007780918516040076,0.9563139588422149
26113,LOF,0.05647161506265456,0.013301069188143121,0.9302273157492024
26114,LOF,0.02126009529856195,0.018785839840332486,0.9599540648611056
26115,LOF,0.08386083892314054,0.03906370702962269,0.8770754540472366
26116,LOF,0.05502732380341037,0.029844744335390652,0.915127931861199
26117,LOF,0.3845956847604825,0.06009785900966877,0.5553064562298488
26118,LOF,0.037628169316240925,0.03556321578339608,0.926808614900363
26119,LOF,0.026191435210239523,0.044944331704055936,0.9288642330857044
26120,LOF,0.0298559095899633,0.026868265800115265,0.9432758246099215
26121,LOF,0.057502513265263316,0.08612540664865993,0.8563720800860767
26122,LOF,0.053300838253072656,0.04348909351199094,0.9032100682349364
