feature0,prediction,LoGoFunc_Neutral,LoGoFunc_GOF,LoGoFunc_LOF
25546,Neutral,0.6663697901023288,0.06031216880186999,0.27331804109580127
25547,Neutral,0.5183400634946285,0.10826286018127662,0.37339707632409486
25548,Neutral,0.5072611605898459,0.09202458680568688,0.400714252604467
25549,LOF,0.42765398315173947,0.09178419166773998,0.48056182518052065
25550,LOF,0.36069253880527496,0.1335064899727028,0.5058009712220222
25551,LOF,0.304341203912184,0.14420950742601088,0.5514492886618051
25552,LOF,0.2540259229737003,0.13765327138382422,0.6083208056424754
25553,Neutral,0.8151564617836282,0.04810199079528493,0.13674154742108682
25554,LOF,0.2967302507274015,0.12559251556124781,0.5776772337113507
25555,LOF,0.24495361896180246,0.12307220849329098,0.6319741725449065
25556,Neutral,0.46157507279765103,0.10903189006181321,0.42939303714053584
25557,LOF,0.23776125778100096,0.12605518412056618,0.6361835580984329
25558,LOF,0.3012923451570285,0.12276699428357589,0.5759406605593955
25559,LOF,0.19336651751857672,0.14787659486258098,0.6587568876188423
25560,LOF,0.15991514346548447,0.09026683701722013,0.7498180195172954
25561,LOF,0.16103532075955226,0.10109153272341455,0.7378731465170333
25562,LOF,0.07394221289485257,0.07156293791776905,0.8544948491873784
25563,LOF,0.02267325274761032,0.10821064516687909,0.8691161020855107
25564,LOF,0.20215911777094878,0.10140128145587045,0.6964396007731808
25565,LOF,0.21281459214611836,0.15037829578288966,0.6368071120709919
25566,GOF,0.09279393509428314,0.6924904576912508,0.21471560721446603
25567,LOF,0.03862692336202467,0.12502211356288911,0.8363509630750862
25568,LOF,0.06046615009470747,0.0634799056404197,0.8760539442648727
25569,LOF,0.06029835336687596,0.06495757698763843,0.8747440696454857
25570,LOF,0.027015521225078522,0.09386959187786803,0.8791148868970533
25571,LOF,0.02620372313418304,0.09808074245525682,0.87571553441056
25572,LOF,0.06400563469403246,0.11289703433664626,0.8230973309693213
25573,LOF,0.05918367654059605,0.07850806621142954,0.8623082572479743
25574,LOF,0.04989468268385721,0.17566161624624652,0.7744437010698962
25575,LOF,0.02264074409913238,0.1105791433169479,0.8667801125839198
25576,LOF,0.033055492936918035,0.14293545158384266,0.8240090554792393
25577,LOF,0.029616585487180574,0.10224836295115938,0.86813505156166
25578,LOF,0.31369898489275366,0.06709682353175409,0.6192041915754922
25579,LOF,0.1344349929969096,0.07471566845837072,0.7908493385447197
25580,LOF,0.01915051512136905,0.07569416762005504,0.905155317258576
25581,LOF,0.05497622488892976,0.061400806899557514,0.8836229682115128
25582,LOF,0.05504074801124144,0.05989826903451699,0.8850609829542416
25583,LOF,0.021309506675434367,0.07642780215854454,0.9022626911660211
25584,Neutral,0.6704556830587546,0.0984227993183557,0.23112151762288982
25585,LOF,0.02666139139490815,0.11795347072099258,0.8553851378840992
25586,LOF,0.018141648286252976,0.06653648601126294,0.9153218657024841
25587,LOF,0.01720153697071714,0.05892530956931575,0.9238731534599672
25588,LOF,0.020489454990329975,0.06723097191515251,0.9122795730945175
25589,Neutral,0.5130857273188463,0.19401473887278872,0.29289953380836503
25590,LOF,0.04865800591407156,0.10093861051273535,0.8504033835731931
25591,LOF,0.09584611434841425,0.05224707978113632,0.8519068058704495
25592,LOF,0.05820881426628036,0.1190041376837968,0.8227870480499229
25593,LOF,0.1340981520642365,0.23836958934525648,0.627532258590507
25594,LOF,0.049989759667686304,0.11256992246792345,0.8374403178643902
25595,LOF,0.051814916212809516,0.07998598928843638,0.8681990944987542
25596,LOF,0.11108656260673706,0.04428445846810152,0.8446289789251614
25597,LOF,0.08851876308831853,0.053168352032854506,0.8583128848788268
25598,LOF,0.052517738105204735,0.08001714981893294,0.8674651120758623
25599,GOF,0.019728950532593423,0.5303501300156975,0.44992091945170903
25600,GOF,0.16313296266613048,0.5059114192535016,0.33095561808036794
25601,LOF,0.03867139300724357,0.39032567409223495,0.5710029329005214
25602,LOF,0.034206532280005544,0.04935009452632339,0.9164433731936711
25603,LOF,0.034190949236662764,0.026441902177173245,0.939367148586164
25604,LOF,0.0379416825158436,0.05810580196246185,0.9039525155216945
25605,LOF,0.04390098870230443,0.17117193473321732,0.7849270765644782
25606,LOF,0.435534259376891,0.09692697642752682,0.4675387641955821
25607,LOF,0.02436967666494557,0.17302246003482605,0.8026078633002284
25608,LOF,0.03290139230808762,0.07585813214364531,0.891240475548267
25609,GOF,0.1556556826587699,0.5344417412928305,0.30990257604839966
25610,LOF,0.01575577959896674,0.026924710323828045,0.9573195100772053
25611,LOF,0.016088637575735032,0.032106720133898335,0.9518046422903665
25612,LOF,0.05156211412315707,0.03967309131524091,0.9087647945616021
25613,LOF,0.04919938663069731,0.04069541916975474,0.910105194199548
25614,LOF,0.023474143947461532,0.024324225947973847,0.9522016301045647
25615,LOF,0.04616317777534365,0.033494292342129126,0.9203425298825273
25616,LOF,0.051565565392516464,0.02515957749424833,0.9232748571132351
25617,LOF,0.0459279861855147,0.03322769639887318,0.9208443174156121
25618,LOF,0.0537658314979097,0.031416602120419926,0.9148175663816703
25619,LOF,0.015894737313208448,0.029249081858226156,0.9548561808285655
25620,LOF,0.067021261462339,0.03719420144913513,0.8957845370885258
25621,LOF,0.051286985834667745,0.03263710818557676,0.9160759059797554
25622,LOF,0.05839039198703484,0.031312467453894766,0.9102971405590704
25623,LOF,0.07029366066667371,0.028484177428035846,0.9012221619052904
25624,LOF,0.019724739045711818,0.032087699471275544,0.9481875614830126
25625,LOF,0.0681635944685478,0.038407414650183144,0.893428990881269
25626,LOF,0.045950062473349394,0.03962326851690511,0.9144266690097455
25627,Neutral,0.890739551002076,0.02053260454520659,0.08872784445271739
25628,LOF,0.13940475964507465,0.05990282673719287,0.8006924136177326
25629,LOF,0.06272957776758384,0.04175119530851099,0.8955192269239052
25630,LOF,0.2753714398004289,0.07462018614947254,0.6500083740500986
25631,Neutral,0.5577086372552426,0.057198493727441936,0.38509286901731543
25632,LOF,0.02956521455158287,0.0641912053333215,0.9062435801150958
25633,LOF,0.20613935270586684,0.03698023380114572,0.7568804134929875
25634,LOF,0.03447672975184596,0.07963578385068755,0.8858874863974665
25635,LOF,0.03996714652113069,0.04677026707993362,0.9132625863989358
25636,LOF,0.03655742425669408,0.45448200353824464,0.5089605722050613
25637,LOF,0.05968653422342726,0.4584812279773133,0.48183223779925954
25638,LOF,0.032785217457728236,0.28233027324558646,0.6848845092966853
25639,LOF,0.03483836856921047,0.346020681901228,0.6191409495295616
25640,Neutral,0.8207114264325724,0.13694981420735738,0.04233875936007016
25641,LOF,0.0542061278162144,0.4451892573353614,0.5006046148484242
25642,LOF,0.03863171429585671,0.15319097114610733,0.808177314558036
25643,LOF,0.2077159574405386,0.166803973613693,0.6254800689457684
25644,LOF,0.021095570269452375,0.4784751664606062,0.5004292632699414
25645,LOF,0.020900976344876546,0.4269013149605808,0.5521977086945427
25646,LOF,0.05308247973247993,0.3323713955939508,0.6145461246735693
25647,LOF,0.023376762202076285,0.25908959886754407,0.7175336389303796
25648,LOF,0.029768197900836343,0.24939624682898429,0.7208355552701793
25649,LOF,0.015937952356211864,0.24188366346507809,0.7421783841787101
25650,LOF,0.05287850516139166,0.42912539952491274,0.5179960953136957
25651,LOF,0.01567555169372264,0.2810625168397622,0.7032619314665152
25652,LOF,0.030892257396280653,0.26745582015193836,0.701651922451781
25653,LOF,0.08261437006952292,0.4074227726804476,0.5099628572500294
25654,LOF,0.024443788168414943,0.21399311516543956,0.7615630966661455
25655,LOF,0.2284103734052909,0.3853128935778002,0.38627673301690896
25656,LOF,0.2728563478656211,0.04423305429630104,0.6829105978380778
25657,LOF,0.08009108965547494,0.04982423075614612,0.870084679588379
25658,LOF,0.39582952649262504,0.044736238560267066,0.5594342349471079
25659,Neutral,0.5225184337007261,0.06579217024252072,0.41168939605675325
25660,LOF,0.026152627842223698,0.08214556963628387,0.8917018025214924
25661,LOF,0.09127909176474219,0.05757664628997807,0.8511442619452797
25662,LOF,0.03316561515555241,0.03453726883257875,0.9322971160118688
25663,LOF,0.03894977651650837,0.045961664969226955,0.9150885585142647
25664,LOF,0.15029373366165888,0.05499412728268687,0.7947121390556543
25665,LOF,0.056028381100875185,0.03157056328110451,0.9124010556180202
25666,LOF,0.09420804942504332,0.07195072505682638,0.8338412255181302
25667,LOF,0.06732673501352396,0.043255128426216295,0.8894181365602598
25668,LOF,0.036257928533624875,0.04915387383375919,0.9145881976326159
25669,LOF,0.03410540004319043,0.05732633104027884,0.9085682689165308
25670,LOF,0.1428051632665642,0.05194871362721642,0.8052461231062193
25671,LOF,0.09660291137653945,0.03391310807372277,0.8694839805497377
25672,LOF,0.05234272267851075,0.042516648181463605,0.9051406291400257
25673,LOF,0.08164128061886824,0.0408076976768095,0.8775510217043223
25674,LOF,0.06852013748294497,0.05076385125967779,0.8807160112573773
25675,LOF,0.11793022425950472,0.04597100227165858,0.8360987734688368
25676,LOF,0.01780288304865907,0.05092981545085261,0.9312673015004884
25677,LOF,0.02516363757368089,0.06809457946383872,0.9067417829624803
25678,LOF,0.18662541875497524,0.05981341817830983,0.753561163066715
25679,LOF,0.12966293291112027,0.07683635095097854,0.7935007161379012
25680,LOF,0.031502584586043665,0.10777194548418474,0.8607254699297716
25681,LOF,0.04977907768659309,0.09799358454299217,0.8522273377704148
25682,LOF,0.1365980704567894,0.06290075896464828,0.8005011705785622
25683,LOF,0.12269562762159696,0.08373105288332781,0.7935733194950753
25684,LOF,0.04082147450706119,0.06606535033713956,0.8931131751557991
25685,LOF,0.12963507032614932,0.04672543964541798,0.8236394900284326
25686,LOF,0.0767071842137472,0.09488258762865287,0.8284102281575999
25687,LOF,0.12807664129891863,0.08625869996477223,0.7856646587363091
25688,LOF,0.3166583793410938,0.03532116961307622,0.64802045104583
25689,LOF,0.23196095516204737,0.047346158199835335,0.7206928866381173
25690,LOF,0.36881010714884,0.03354993184868621,0.5976399610024737
25691,Neutral,0.6930151461660896,0.0257860932043927,0.28119876062951765
25692,LOF,0.29182454524439316,0.010567772377323611,0.6976076823782832
25693,LOF,0.04336879259081191,0.44819388298315177,0.5084373244260363
25694,LOF,0.11963307452836876,0.02042659252926859,0.8599403329423627
25695,LOF,0.11644155707822511,0.019725178362401972,0.8638332645593728
25696,LOF,0.1161450953828697,0.010508638545116057,0.8733462660720143
25697,LOF,0.13669902510480914,0.025986143220877094,0.8373148316743138
25698,LOF,0.331155649326442,0.23249085647035087,0.4363534942032072
25699,LOF,0.396182153277984,0.0418768083111527,0.5619410384108633
25700,LOF,0.05101561135772142,0.008183732127205056,0.9408006565150735
25701,LOF,0.15729840912102244,0.049307628618920726,0.7933939622600568
25702,GOF,0.1727440868125025,0.5624067180958553,0.26484919509164223
25703,LOF,0.016338416910599684,0.17085093809099566,0.8128106449984046
25704,LOF,0.048678456938939296,0.12388241114886114,0.8274391319121996
25705,LOF,0.05277565320218198,0.19184184810697302,0.755382498690845
25706,LOF,0.10374651064052857,0.32390030294368893,0.5723531864157825
25707,LOF,0.10130008076186281,0.27451772819134596,0.6241821910467913
25708,LOF,0.030845043039230365,0.26760386640206535,0.7015510905587042
25709,LOF,0.057610437844192876,0.04343074942497054,0.8989588127308366
25710,LOF,0.012100255191211497,0.13821850802079463,0.8496812367879939
25711,LOF,0.018616625111265626,0.09820143690002187,0.8831819379887125
25712,LOF,0.014265044038204224,0.17962237752628132,0.8061125784355145
25713,LOF,0.01804187855383496,0.08346656157357156,0.8984915598725934
25714,LOF,0.06625298773270671,0.0812259457821687,0.8525210664851246
25715,LOF,0.010153850371104316,0.15037841089146317,0.8394677387374326
25716,LOF,0.0151950605957648,0.11525890578499173,0.8695460336192435
25717,LOF,0.01355177537920904,0.08665354516270492,0.8997946794580861
25718,LOF,0.011817063876594909,0.10941613740969275,0.8787667987137124
25719,LOF,0.018633587081660363,0.08591188744812185,0.8954545254702179
25720,LOF,0.021324691259066633,0.07578922471938347,0.9028860840215499
25721,LOF,0.015096653501784752,0.10952311304766418,0.8753802334505512
25722,LOF,0.012303226120879298,0.12829048672632432,0.8594062871527963
25723,LOF,0.021361356847246604,0.046257635614997794,0.9323810075377557
25724,LOF,0.02149795683642234,0.08348166517443457,0.895020377989143
25725,LOF,0.011694843068677609,0.07101593991098079,0.9172892170203416
25726,LOF,0.014278575389096505,0.09893327776095519,0.8867881468499482
25727,LOF,0.013168297197682921,0.08244526715260507,0.9043864356497121
25728,LOF,0.009512534777630288,0.10919667214820658,0.881290793074163
25729,LOF,0.009770284812355767,0.1116381804098865,0.8785915347777576
25730,LOF,0.012806503919811559,0.08362861474942483,0.9035648813307636
25731,LOF,0.020425085021566917,0.11861094457184547,0.8609639704065877
25732,LOF,0.014632035305277794,0.09260488637331629,0.892763078321406
25733,LOF,0.016250640842954016,0.07658954078245658,0.9071598183745893
25734,LOF,0.013893277901039237,0.1354393346122944,0.8506673874866664
25735,LOF,0.0132673890518544,0.08762440963491866,0.8991082013132269
25736,LOF,0.01362454164330676,0.12591902126451132,0.8604564370921819
25737,LOF,0.022005948153178252,0.0890549782941119,0.88893907355271
25738,LOF,0.012697098863002626,0.12384514911500982,0.8634577520219876
25739,LOF,0.019454744178414696,0.09202858448849631,0.8885166713330891
25740,LOF,0.02530817866005337,0.10545576928727744,0.8692360520526691
25741,LOF,0.014414372457470246,0.11159682897546715,0.8739887985670626
25742,LOF,0.11098322014931061,0.08294084225431302,0.8060759375963763
25743,LOF,0.03555984999787178,0.026827834287421623,0.9376123157147066
25744,Neutral,0.6045504220555091,0.19484074156384745,0.20060883638064347
25745,LOF,0.08481370351228545,0.06234853333475424,0.8528377631529603
25746,LOF,0.043417550049911914,0.070681328774746,0.885901121175342
25747,LOF,0.021318891252565007,0.0354508211904493,0.9432302875569857
25748,LOF,0.11110520778386206,0.04902662837154025,0.8398681638445977
25749,LOF,0.027900694122171554,0.07049067581246041,0.901608630065368
25750,LOF,0.08900101900763494,0.0723073550425324,0.8386916259498326
25751,LOF,0.08712871989290916,0.05156821263522415,0.8613030674718667
25752,GOF,0.1125119908145712,0.6431306643287733,0.2443573448566555
25753,LOF,0.021018189034920823,0.2675502647003865,0.7114315462646927
25754,GOF,0.01036810546774461,0.7698869184464804,0.219744976085775
25755,LOF,0.02421661471851127,0.3684617156437363,0.6073216696377525
25756,LOF,0.038946858042555155,0.36257481742284636,0.5984783245345985
25757,GOF,0.014822552612347056,0.8409448713749806,0.14423257601267234
25758,GOF,0.027281149688626084,0.8212216584341335,0.15149719187724034
25759,GOF,0.011421036551699622,0.5387030784513426,0.4498758849969578
25760,LOF,0.01273211944770033,0.2338562308077319,0.7534116497445679
25761,GOF,0.24926263609718277,0.6296743706125498,0.12106299329026751
25762,LOF,0.037391357346888296,0.25841019041649854,0.7041984522366131
25763,LOF,0.014983888183365827,0.18973139460676794,0.7952847172098663
25764,GOF,0.06569670257468124,0.6112432089323955,0.32306008849292317
25765,GOF,0.042942826300459126,0.7560022916561392,0.20105488204340158
25766,GOF,0.058175686020887636,0.7545188290701126,0.18730548490899976
25767,GOF,0.16162478447628278,0.44581465380925894,0.39256056171445824
25768,LOF,0.0917976002454222,0.06253435703992308,0.8456680427146548
25769,LOF,0.06633692922398872,0.06626835541190056,0.8673947153641108
25770,LOF,0.2779287594779869,0.08806523741536484,0.6340060031066482
25771,LOF,0.04054327376472046,0.04605431299575161,0.913402413239528
25772,LOF,0.0167281078729241,0.033168162051857825,0.9501037300752181
25773,LOF,0.048595136388789296,0.09031329447461121,0.8610915691365995
25774,LOF,0.02724023374100543,0.07940008303091844,0.8933596832280762
25775,LOF,0.04487315546976212,0.045633340698186184,0.9094935038320517
25776,LOF,0.07073879700936331,0.026208206097534083,0.9030529968931026
25777,LOF,0.32026150774250195,0.05179191199473241,0.6279465802627656
25778,LOF,0.06591252307451087,0.05056184161934972,0.8835256353061395
25779,GOF,0.3691245180150595,0.5935984246460598,0.0372770573388806
25780,GOF,0.300254055525944,0.6352630249610506,0.06448291951300542
25781,GOF,0.16655576705551808,0.7403145350209437,0.09312969792353819
25782,GOF,0.2183438594319407,0.7198687296728914,0.06178741089516783
25783,GOF,0.033409322623250914,0.6501144734579095,0.31647620391883946
25784,GOF,0.4790911662912813,0.48394253373449353,0.03696629997422516
25785,GOF,0.4296375022691954,0.5349035473609497,0.03545895036985501
25786,GOF,0.02807331972172378,0.7651915903014344,0.2067350899768418
25787,Neutral,0.6243218083072891,0.3539183947056723,0.021759796987038546
25788,LOF,0.049476897670752834,0.11027171653052828,0.8402513857987189
25789,GOF,0.20787336992525257,0.666208139309036,0.1259184907657114
25790,GOF,0.23388668488807246,0.6758022003510336,0.09031111476089403
25791,GOF,0.17625336520133103,0.6769270764077928,0.1468195583908762
25792,GOF,0.33501577875290367,0.5555593428670784,0.10942487838001796
25793,GOF,0.24514817118104879,0.550925746577708,0.20392608224124328
25794,GOF,0.3174430406875454,0.5395727491646574,0.1429842101477972
25795,GOF,0.08874064335137442,0.6888563497386987,0.2224030069099268
25796,Neutral,0.528722284048208,0.3990049060534442,0.07227280989834785
25797,GOF,0.08737744661339776,0.5847565364266123,0.3278660169599899
25798,GOF,0.009120484624793701,0.5255960781491684,0.46528343722603777
25799,LOF,0.007468732219365164,0.3975646936565543,0.5949665741240806
25800,GOF,0.035846523203030285,0.6026213471794596,0.36153212961751025
25801,GOF,0.20034309167891873,0.6799643941657628,0.11969251415531837
25802,GOF,0.08206845032087619,0.703514679384606,0.2144168702945178
25803,GOF,0.03980747642523837,0.6020255247188414,0.3581669988559203
25804,GOF,0.03574569350795021,0.4941443980802562,0.47010990841179356
25805,GOF,0.11606947036285162,0.5966447194045317,0.2872858102326168
25806,GOF,0.1042014434575907,0.5993772173102705,0.29642133923213887
25807,GOF,0.021959317533773882,0.6536434341788233,0.32439724828740274
25808,GOF,0.09036697802740906,0.6524543733457089,0.2571786486268822
25809,GOF,0.019078697254602546,0.5899016603323562,0.39101964241304105
25810,GOF,0.0182324723200743,0.6298055651742688,0.351961962505657
25811,GOF,0.4274136742004263,0.49782052200391214,0.07476580379566149
25812,GOF,0.03227933433585594,0.6530100424238484,0.3147106232402956
25813,Neutral,0.5025431603560875,0.4145515347955944,0.08290530484831808
25814,GOF,0.12070733122318678,0.6760926662646021,0.20320000251221118
25815,GOF,0.19317786183032468,0.6539554398256028,0.15286669834407257
25816,GOF,0.023811303265302047,0.7370744585988814,0.23911423813581661
25817,GOF,0.23362415726995664,0.6502643361651825,0.11611150656486094
25818,GOF,0.05867599515162616,0.6785290363755562,0.2627949684728177
25819,GOF,0.3516591592631352,0.5258997185986927,0.12244112213817225
25820,GOF,0.20166246094833654,0.6118978393698582,0.18643969968180527
25821,GOF,0.06433900109685578,0.6915206761251841,0.24414032277796024
25822,GOF,0.2125016672547415,0.5852911508491204,0.20220718189613815
25823,GOF,0.03756644462991731,0.5462940013811873,0.4161395539888954
25824,GOF,0.0909113310755614,0.6405933177779445,0.2684953511464941
25825,GOF,0.03928862262647552,0.639612541752846,0.32109883562067854
25826,GOF,0.01741705531029813,0.6228012449841637,0.3597816997055381
25827,GOF,0.024842283465416726,0.6052041666252687,0.3699535499093146
25828,GOF,0.013607342878541553,0.5351302579251597,0.4512623991962987
25829,GOF,0.005595727594722621,0.5926777729364584,0.401726499468819
25830,LOF,0.037537519763630206,0.302109894550369,0.6603525856860009
25831,GOF,0.23975589789991925,0.6583320485316329,0.10191205356844789
25832,GOF,0.032417044624155684,0.7283667125192876,0.23921624285655657
25833,GOF,0.1209736940945257,0.7304646796942492,0.148561626211225
25834,GOF,0.03128062575024587,0.7439607702717778,0.2247586039779764
25835,GOF,0.0696708734226034,0.7748949035025298,0.15543422307486682
25836,GOF,0.03448163408031359,0.7070839861765355,0.25843437974315103
25837,GOF,0.029270478397228357,0.61703279609581,0.3536967255069617
25838,GOF,0.10160071344036481,0.7698091908055602,0.1285900957540751
25839,GOF,0.27343217901205513,0.5974273323631936,0.12914048862475128
25840,GOF,0.24946580834443186,0.6297192042361504,0.12081498741941779
25841,GOF,0.232050888243563,0.6436486963148581,0.12430041544157883
25842,GOF,0.15153331558896416,0.7435612691987641,0.10490541521227167
25843,GOF,0.21038893393670863,0.7065906566367364,0.08302040942655509
25844,GOF,0.0652804374553291,0.7394179422676588,0.19530162027701212
25845,GOF,0.01577714705737707,0.5081014452778554,0.4761214076647675
25846,GOF,0.14443269081913074,0.7157271020750573,0.139840207105812
25847,GOF,0.10203076529926812,0.8004653303901055,0.09750390431062646
25848,GOF,0.03697895160847609,0.7380179643138326,0.2250030840776913
25849,GOF,0.011051930158652717,0.6362816468830542,0.352666422958293
25850,GOF,0.019208210009093542,0.6744421654562097,0.3063496245346968
25851,GOF,0.015131052619721235,0.5372677586444146,0.44760118873586424
25852,GOF,0.15415615450963435,0.5692956203415765,0.2765482251487892
25853,GOF,0.33256489925369304,0.5982998998533342,0.06913520089297273
25854,GOF,0.02209156152294978,0.6480427531373543,0.3298656853396959
25855,GOF,0.036969225240905956,0.5980572974095018,0.36497347734959235
25856,GOF,0.244025802219666,0.5671686299989127,0.18880556778142124
25857,GOF,0.03958838797767451,0.547438810905816,0.4129728011165094
25858,GOF,0.01967549538066933,0.5526413952539468,0.4276831093653837
25859,GOF,0.010003162868230997,0.5260911623582624,0.4639056747735066
25860,GOF,0.34901518095464945,0.5782838258669435,0.07270099317840706
25861,GOF,0.40796394252387036,0.5228416257614152,0.06919443171471447
25862,GOF,0.08457362378546501,0.7932284749513827,0.12219790126315234
25863,GOF,0.08076371385805746,0.7946270842459237,0.12460920189601891
25864,GOF,0.20617261085103306,0.7269470723896546,0.06688031675931232
25865,GOF,0.0959279700483478,0.8004825919052705,0.10358943804638165
25866,GOF,0.06054800735130916,0.7927730492521514,0.14667894339653947
25867,GOF,0.08693195428461514,0.8133474722088468,0.09972057350653814
25868,GOF,0.22184359447804275,0.6875480030427397,0.09060840247921761
25869,Neutral,0.6985882720725777,0.2624397417940269,0.038971986133395475
25870,GOF,0.28351225082573467,0.4328757353171237,0.2836120138571417
25871,GOF,0.20443993976450597,0.673917765094861,0.12164229514063316
25872,GOF,0.07688712901743137,0.6593161289492849,0.26379674203328374
25873,GOF,0.10452761662572832,0.7059193724713327,0.18955301090293905
25874,LOF,0.014385692750434154,0.12495734006309923,0.8606569671864667
25875,LOF,0.08893027650207573,0.041962391081391194,0.8691073324165332
25876,LOF,0.0335974686652971,0.027947092458404398,0.9384554388762985
25877,Neutral,0.5081558792275199,0.039744941701635304,0.4520991790708447
25878,LOF,0.22033606438038736,0.08677750265261344,0.6928864329669993
25879,LOF,0.08944915367866096,0.08284916884656765,0.8277016774747714
25880,LOF,0.042305531658329946,0.015001238629161768,0.9426932297125084
25881,LOF,0.15336973928150277,0.12125063920580638,0.725379621512691
25882,LOF,0.06088731242106242,0.015428998067458797,0.9236836895114788
25883,LOF,0.06612018956807167,0.017979081826824308,0.915900728605104
25884,LOF,0.029245550867292126,0.025585528765039563,0.9451689203676683
25885,LOF,0.05710628573916664,0.009988275197571221,0.9329054390632622
25886,LOF,0.2470045869328546,0.03585345930896903,0.7171419537581765
25887,LOF,0.14031496461926166,0.062274392253238546,0.7974106431274997
25888,LOF,0.06014980532257885,0.05815513434186741,0.8816950603355537
25889,LOF,0.039537373710120734,0.017098598059122498,0.9433640282307567
25890,LOF,0.04909948921197404,0.1490764812982213,0.8018240294898047
25891,LOF,0.04102693984917641,0.049015805935747565,0.909957254215076
25892,LOF,0.07917673280173158,0.021455300613861406,0.899367966584407
25893,LOF,0.2534743870732112,0.019028967915450345,0.7274966450113385
25894,LOF,0.18472755554497639,0.00980804460261466,0.8054643998524089
25895,LOF,0.1973014149331377,0.021336335689539788,0.7813622493773225
25896,LOF,0.04970233993244064,0.020748349058961814,0.9295493110085976
25897,LOF,0.2890346472393843,0.01142862693141322,0.6995367258292025
25898,Neutral,0.7265474054119176,0.0093662807472452,0.2640863138408371
25899,LOF,0.22975055489629778,0.024824263607575944,0.7454251814961264
25900,LOF,0.4633284854676871,0.011787182965180545,0.5248843315671323
25901,LOF,0.04595360134096331,0.011215418411896902,0.9428309802471398
25902,LOF,0.1473653829624063,0.01409945160130925,0.8385351654362844
25903,Neutral,0.5884331540114924,0.02928691594773488,0.3822799300407727
25904,LOF,0.3155855954221117,0.04214237856719163,0.6422720260106966
25905,LOF,0.025291405068643948,0.35460606408498446,0.6201025308463716
25906,LOF,0.03282266482381481,0.07812887323994676,0.8890484619362384
25907,LOF,0.012937433043279004,0.35195552610343045,0.6351070408532905
25908,LOF,0.009895906417754412,0.2749814121043083,0.7151226814779373
25909,LOF,0.012443638125201809,0.13527353098002626,0.8522828308947719
25910,LOF,0.04453839984596047,0.15643806244127817,0.7990235377127612
25911,LOF,0.1825237332907518,0.029895871015176066,0.7875803956940721
25912,LOF,0.0440011813875703,0.06226444328910739,0.8937343753233222
25913,LOF,0.3529204127855109,0.02511561608377057,0.6219639711307186
25914,LOF,0.020761025867467205,0.04828919964610417,0.9309497744864286
25915,Neutral,0.5873601248807983,0.14840380823731128,0.26423606688189033
25916,LOF,0.08396087964462201,0.16889255316556537,0.7471465671898126
25917,LOF,0.06604641357003817,0.037402627452349665,0.8965509589776123
25918,LOF,0.021585479344279335,0.029702034177736824,0.9487124864779839
25919,LOF,0.01950157932771896,0.031859467195219544,0.9486389534770615
25920,GOF,0.10118977967962894,0.515457090427735,0.38335312989263604
25921,LOF,0.023297605533707532,0.03785298562227686,0.9388494088440156
25922,LOF,0.034151487444602745,0.02695108707307505,0.9388974254823221
25923,LOF,0.48302046258602394,0.03386217531204584,0.4831173621019302
25924,LOF,0.036109561234396986,0.04530586896552177,0.9185845698000812
25925,LOF,0.06831773987951929,0.04093805498215763,0.890744205138323
25926,LOF,0.0510048259071149,0.03513480251699774,0.9138603715758874
25927,LOF,0.05685841960635895,0.1251844375701606,0.8179571428234805
25928,LOF,0.01734812131868848,0.049961005083939726,0.9326908735973718
25929,Neutral,0.5975556807283918,0.03614032782594644,0.3663039914456617
25930,LOF,0.07443161013952322,0.03043149996317878,0.895136889897298
25931,LOF,0.022463226656538045,0.032261947757046494,0.9452748255864154
25932,LOF,0.028898297684560714,0.027867708739403422,0.943233993576036
25933,LOF,0.03952261967009566,0.017951255008691255,0.9425261253212132
25934,LOF,0.024828489706478687,0.020330804970341503,0.9548407053231798
25935,LOF,0.06075083752585625,0.05062933765057507,0.8886198248235687
25936,LOF,0.04441419747910447,0.022563948159907993,0.9330218543609875
25937,LOF,0.025966155864071146,0.0371087468373443,0.9369250972985845
25938,LOF,0.06414938023957535,0.05418521602585795,0.8816654037345667
25939,LOF,0.041728111189865184,0.01986978853772391,0.9384021002724109
25940,LOF,0.03052503287875117,0.32879531759422537,0.6406796495270235
25941,LOF,0.1862869655033557,0.08566388677208796,0.7280491477245564
25942,LOF,0.01358034731227065,0.03307594577070552,0.9533437069170239
25943,LOF,0.3320359101589451,0.054314598103711594,0.6136494917373433
25944,Neutral,0.5048547019515106,0.022470543875741402,0.47267475417274796
25945,LOF,0.07601833207370841,0.020229216421578333,0.9037524515047133
25946,LOF,0.03155498411459502,0.1053280308132466,0.8631169850721584
25947,LOF,0.12144303520577558,0.16806454676531815,0.7104924180289063
25948,LOF,0.3627771078427321,0.008625790241093646,0.6285971019161744
25949,LOF,0.11733917217269217,0.040355781975870954,0.842305045851437
25950,Neutral,0.3428643745475448,0.3372340596312624,0.3199015658211929
25951,LOF,0.19851762898308548,0.256920021203697,0.5445623498132175
25952,LOF,0.04587070876301618,0.45784265124420126,0.4962866399927825
25953,LOF,0.1430474330024102,0.11350847510843744,0.7434440918891524
25954,LOF,0.3967166716489699,0.18754010696901466,0.41574322138201536
25955,LOF,0.0594988169986358,0.07878526585866544,0.8617159171426989
25956,LOF,0.16912399931539085,0.11285668642001663,0.7180193142645925
25957,LOF,0.03824425246090476,0.026886170529684256,0.9348695770094111
25958,LOF,0.05357075686954604,0.026396632667814963,0.920032610462639
25959,LOF,0.06950244457565452,0.3273136588069605,0.6031838966173851
25960,LOF,0.015314913558353028,0.04726211735635147,0.9374229690852954
25961,LOF,0.04068809580947173,0.024991539709005958,0.9343203644815222
25962,LOF,0.05560918965142666,0.02300812774420389,0.9213826826043694
25963,LOF,0.04976965622570026,0.20616263448167502,0.7440677092926248
25964,LOF,0.02855727538507919,0.16368970920083548,0.8077530154140854
25965,LOF,0.41354036685069806,0.06716745839766308,0.5192921747516389
25966,Neutral,0.49645687775887803,0.1737021988068549,0.32984092343426713
25967,LOF,0.017158110991555817,0.1003976920435619,0.8824441969648824
25968,LOF,0.03407783092705093,0.387224725225221,0.578697443847728
25969,LOF,0.036375156422822554,0.06657378089386315,0.8970510626833142
25970,LOF,0.05928555641671328,0.05857427561623203,0.8821401679670547
25971,LOF,0.06713140268410937,0.019091089559979547,0.913777507755911
25972,LOF,0.06646980072907539,0.02753471757496768,0.9059954816959569
25973,LOF,0.07311609152362505,0.010610261792453654,0.9162736466839214
25974,LOF,0.19170216828661021,0.015005933248710274,0.7932918984646795
25975,LOF,0.04477986445798569,0.03033117326235782,0.9248889622796564
25976,LOF,0.04156059253082362,0.01638043677461137,0.942058970694565
25977,LOF,0.14850226717722148,0.09216922155033197,0.7593285112724466
25978,LOF,0.14575049316892766,0.09544288761024199,0.7588066192208305
25979,LOF,0.13442541312174025,0.09569562913330422,0.7698789577449556
25980,LOF,0.21628127577487974,0.1204576959512419,0.6632610282738783
25981,LOF,0.24810679922528286,0.11975704299913736,0.6321361577755797
25982,LOF,0.417472864510815,0.08092107372471069,0.5016060617644742
25983,LOF,0.4016174148211292,0.0903597376236265,0.5080228475552443
25984,LOF,0.04554712219222565,0.0502035713957307,0.9042493064120437
25985,LOF,0.034701783536773056,0.29076879267933137,0.6745294237838956
25986,LOF,0.040704806886941114,0.3312435392875962,0.6280516538254626
25987,LOF,0.07834015769836646,0.06899913672422203,0.8526607055774115
25988,LOF,0.14628295487574616,0.062242275443162694,0.7914747696810911
25989,LOF,0.03569458660818896,0.1251370150923285,0.8391683982994825
25990,LOF,0.04050962249281582,0.1602393539628573,0.799251023544327
25991,LOF,0.13453552463441068,0.22068711586584194,0.6447773594997473
25992,LOF,0.31267995010832417,0.12458497005202736,0.5627350798396485
25993,LOF,0.02198011149496265,0.07007415119625521,0.907945737308782
25994,LOF,0.01698119865088687,0.08561874014957642,0.8974000611995366
25995,LOF,0.02401910685981997,0.18280100934756294,0.7931798837926172
25996,GOF,0.3298931925939132,0.35205267732889683,0.31805413007718997
25997,LOF,0.09469363206696627,0.31683759054577737,0.5884687773872564
25998,Neutral,0.5305240333768633,0.02522681486193213,0.4442491517612046
25999,LOF,0.09342828251395996,0.093194160897074,0.813377556588966
26000,LOF,0.14551415115507957,0.043806743875325904,0.8106791049695946
26001,LOF,0.20503282303438142,0.04956951994641255,0.745397657019206
26002,LOF,0.12456012370737331,0.04442159729538074,0.8310182789972459
26003,GOF,0.011020206991629904,0.5755928455401763,0.4133869474681938
26004,GOF,0.024364920922536507,0.6828948312042271,0.2927402478732363
26005,LOF,0.006278954081562083,0.4409824696611964,0.5527385762572415
26006,Neutral,0.503055477196406,0.25199436883444065,0.24495015396915337
26007,GOF,0.02099704290595028,0.511244606986816,0.46775835010723377
26008,GOF,0.017817487104166065,0.5857378496993051,0.3964446631965289
26009,GOF,0.021676476446113396,0.6675099165667656,0.310813606987121
26010,GOF,0.023960608172616058,0.6230310816986704,0.3530083101287136
26011,LOF,0.007448285867371339,0.416459519664347,0.5760921944682816
26012,GOF,0.013767071113522857,0.5314107405538756,0.45482218833260146
26013,GOF,0.01907935383862676,0.594145696493767,0.38677494966760617
26014,LOF,0.041117263165229324,0.11450245665488339,0.8443802801798872
26015,LOF,0.1666873638755792,0.015063662593321252,0.8182489735310995
26016,LOF,0.18560137671289176,0.058768507432516624,0.7556301158545917
26017,LOF,0.21959933200524157,0.08901507852372488,0.6913855894710335
26018,LOF,0.07520011017610198,0.038786427855672254,0.8860134619682257
26019,LOF,0.07147622425259238,0.0313719733701592,0.8971518023772483
26020,LOF,0.06707454742265848,0.1054603718943983,0.8274650806829433
26021,LOF,0.0436144799051492,0.1108726370601383,0.8455128830347125
26022,LOF,0.010523380812998112,0.04257062238944303,0.9469059967975588
26023,LOF,0.06326402325525148,0.02554558683549942,0.911190389909249
26024,LOF,0.029536942569273607,0.11435980308050137,0.8561032543502252
26025,LOF,0.15080338350847755,0.09082162486222896,0.7583749916292936
26026,LOF,0.3235871195726748,0.02681922733948543,0.6495936530878397
26027,LOF,0.058408682556443284,0.020188823049638083,0.9214024943939186
26028,LOF,0.1703554964097464,0.06387085211349383,0.7657736514767598
26029,LOF,0.07563564540983114,0.1470638611562232,0.7773004934339457
26030,LOF,0.023459627376432955,0.0343480657970265,0.9421923068265404
26031,LOF,0.02772328050957867,0.10507683857806344,0.8671998809123579
26032,LOF,0.06774261536976948,0.05445148182334139,0.8778059028068892
26033,LOF,0.08513385982868578,0.05255054798178665,0.8623155921895275
26034,LOF,0.04587113726491173,0.12646132225406467,0.8276675404810236
26035,LOF,0.027493482123677887,0.12114365117512996,0.8513628667011922
26036,LOF,0.04148650159923528,0.133571368633894,0.8249421297668708
26037,LOF,0.02237231476700478,0.09724187899510017,0.880385806237895
26038,LOF,0.06309131400292393,0.05605473133735522,0.8808539546597209
26039,LOF,0.051591052356558184,0.1144676108843132,0.8339413367591286
26040,LOF,0.21523778012296862,0.09688248915773956,0.6878797307192918
26041,LOF,0.02341440243369409,0.08934890363397749,0.8872366939323285
26042,LOF,0.021152703892208784,0.0862835362569461,0.892563759850845
26043,LOF,0.06444570071289897,0.06490678546775329,0.8706475138193478
26044,LOF,0.01989369463097873,0.04359408883867017,0.936512216530351
26045,LOF,0.07171455739256782,0.08252273684555031,0.8457627057618818
26046,LOF,0.0593389881969562,0.05330969780636072,0.887351313996683
26047,LOF,0.0786074310001961,0.055483435849130375,0.8659091331506734
26048,LOF,0.045173168097397846,0.03250573400346866,0.9223210978991335
26049,Neutral,0.9660906619010726,0.005872342209224042,0.028036995889703212
26050,Neutral,0.9485131433885973,0.00715364359990952,0.04433321301149328
26051,LOF,0.04901666463560019,0.283931341911711,0.6670519934526888
26052,LOF,0.06717546774271142,0.32471646794038334,0.6081080643169051
26053,LOF,0.056396044221136823,0.16249965440766848,0.7811043013711947
26054,LOF,0.049621956386247945,0.0177875829866647,0.9325904606270874
26055,LOF,0.07218818349291975,0.015235149657771889,0.9125766668493083
26056,LOF,0.058883100750373854,0.017168544573004683,0.9239483546766214
26057,LOF,0.030544160199312095,0.011559838642119303,0.9578960011585687
26058,LOF,0.031566961643769716,0.00953859689981289,0.9588944414564173
26059,LOF,0.2689248367263503,0.02170275417618205,0.7093724090974676
26060,LOF,0.046070739955434814,0.1756639834300036,0.7782652766145616
26061,LOF,0.017341923449485843,0.012529013912850747,0.9701290626376634
26062,LOF,0.010574057200058275,0.01774069216689035,0.9716852506330513
26063,LOF,0.019696437073809952,0.010753460387750725,0.9695501025384393
26064,LOF,0.01925738881275948,0.026374890381752288,0.9543677208054883
26065,LOF,0.02436021822966929,0.010812289949859001,0.9648274918204718
26066,LOF,0.02019307197735205,0.010541673725627669,0.9692652542970202
26067,LOF,0.02622609662756294,0.008362555927994014,0.9654113474444431
26068,LOF,0.04415224359258834,0.029037780555386368,0.9268099758520252
26069,LOF,0.25026498384936824,0.01763890721564935,0.7320961089349823
26070,LOF,0.40801004919915557,0.01510411862772779,0.5768858321731167
26071,LOF,0.019539069486036054,0.011124355705019351,0.9693365748089446
26072,LOF,0.019060144543704215,0.018207028891531564,0.9627328265647643
26073,LOF,0.0194156352368323,0.011121035946322843,0.9694633288168448
26074,Neutral,0.9095190465120015,0.005408475758320882,0.08507247772967756
26075,LOF,0.04420298063413377,0.014166651029630448,0.9416303683362358
26076,LOF,0.035535157325959424,0.008603586852679099,0.9558612558213615
26077,LOF,0.00982269593530521,0.013642040788835465,0.9765352632758594
26078,LOF,0.01371025970639184,0.012414290326545223,0.973875449967063
26079,LOF,0.05963646343202238,0.017173364645981806,0.9231901719219959
26080,LOF,0.05891084969487774,0.01719719361598092,0.9238919566891414
26081,LOF,0.03366627422205061,0.006244966243232951,0.9600887595347164
26082,LOF,0.013581905101791487,0.0149871281856162,0.9714309667125922
26083,LOF,0.17948905025426817,0.014315103857800174,0.8061958458879316
26084,LOF,0.043972115623148,0.011521141289866883,0.9445067430869851
26085,LOF,0.04001218259798545,0.011134266904897024,0.9488535504971174
26086,LOF,0.019540701192953227,0.01162664058545164,0.968832658221595
26087,LOF,0.023607398691020746,0.00833881562767893,0.9680537856813003
26088,LOF,0.016219937644562726,0.023667458707094913,0.9601126036483424
26089,LOF,0.04328194818411246,0.02128704794458233,0.9354310038713052
26090,LOF,0.042336542453692824,0.017214487783520742,0.9404489697627864
26091,LOF,0.030920411467091045,0.005998588212702812,0.9630810003202062
26092,LOF,0.02179438373186865,0.007629200966116909,0.9705764153020144
26093,LOF,0.03217527665039593,0.005928500275042417,0.9618962230745617
26094,LOF,0.03419946199109155,0.005918808631307293,0.9598817293776012
26095,LOF,0.039302955677269956,0.013923205176856596,0.9467738391458735
26096,LOF,0.017047728650280765,0.011917590078283344,0.9710346812714359
26097,LOF,0.012227140468149322,0.038185873181162934,0.9495869863506877
26098,LOF,0.07647317747134966,0.012378086444484297,0.911148736084166
26099,LOF,0.019854815844029296,0.012153998228303027,0.9679911859276678
26100,LOF,0.021647042720414292,0.011573680564460627,0.9667792767151251
26101,LOF,0.044227245888320464,0.015616982721689905,0.9401557713899895
26102,LOF,0.020318040177104316,0.012050915204907803,0.9676310446179879
26103,Neutral,0.8780790428066685,0.018222277739194413,0.10369867945413687
26104,LOF,0.07395677764502988,0.024300611487138815,0.9017426108678314
26105,LOF,0.19166230940873588,0.29421964582274396,0.5141180447685202
26106,LOF,0.18923692713486195,0.11723784842057453,0.6935252244445635
26107,LOF,0.22502250566482015,0.08940943062122414,0.6855680637139557
26108,LOF,0.21389097006344415,0.09952176696450263,0.6865872629720533
26109,LOF,0.08481532088581718,0.05686941929037311,0.8583152598238096
26110,LOF,0.21272199372375208,0.0074315784413392415,0.7798464278349088
26111,Neutral,0.5188721656077863,0.0260453075054537,0.45508252688676
26112,LOF,0.03157353457486612,0.007399887550572496,0.9610265778745615
26113,LOF,0.06349432219574334,0.017686687163493604,0.9188189906407631
26114,LOF,0.023854388075579006,0.03192535873363258,0.9442202531907884
26115,LOF,0.08621264277985322,0.05396664253306673,0.8598207146870801
26116,LOF,0.05634723885545258,0.06236612229618818,0.8812866388483593
26117,LOF,0.4560474656041102,0.038547007381871425,0.5054055270140184
26118,LOF,0.033151453214022616,0.02355656879547848,0.9432919779904989
26119,LOF,0.024185480314547113,0.03853209235820044,0.9372824273272525
26120,LOF,0.024569331732695165,0.018196057812374794,0.95723461045493
26121,LOF,0.0408234477769018,0.07828759597417692,0.8808889562489213
26122,LOF,0.04396895628986978,0.038961671727099974,0.9170693719830303
