feature0,prediction,LoGoFunc_Neutral,LoGoFunc_GOF,LoGoFunc_LOF
25546,Neutral,0.6293918527359059,0.05287117823568316,0.3177369690284109
25547,Neutral,0.518514701199117,0.07873199586077423,0.40275330294010886
25548,Neutral,0.5062959898631896,0.07053079398972732,0.4231732161470831
25549,LOF,0.45561578056154095,0.06907725553033917,0.47530696390811994
25550,LOF,0.380366232353862,0.09777559137091313,0.5218581762752248
25551,LOF,0.32607168947111453,0.10729187560742823,0.5666364349214572
25552,LOF,0.2888850887202062,0.1114451651769685,0.5996697461028253
25553,Neutral,0.7894533587096071,0.046490067999951715,0.1640565732904412
25554,LOF,0.3284945365439273,0.10011343672317193,0.5713920267329007
25555,LOF,0.28600912833988434,0.09527892406912511,0.6187119475909906
25556,Neutral,0.4687728259885347,0.08526461350105065,0.4459625605104148
25557,LOF,0.2856882011281931,0.0999896001373532,0.6143221987344537
25558,LOF,0.34283835232874066,0.09631693689895593,0.5608447107723034
25559,LOF,0.29046733850979295,0.06624097381430342,0.6432916876759037
25560,LOF,0.10891913757049626,0.12072582044644536,0.7703550419830584
25561,LOF,0.11687182651629527,0.1926809610997656,0.690447212383939
25562,LOF,0.041718987291022316,0.09670516830787283,0.8615758444011048
25563,LOF,0.013870758232089792,0.1542104609477125,0.8319187808201978
25564,LOF,0.09853280739164917,0.09806946645207143,0.8033977261562794
25565,LOF,0.17967045507895574,0.14947416446415251,0.6708553804568917
25566,GOF,0.06325191395936441,0.6335986759138176,0.303149410126818
25567,LOF,0.036759058183868216,0.15387218854668847,0.8093687532694432
25568,LOF,0.05687084073038671,0.08141351871582378,0.8617156405537895
25569,LOF,0.06583862855656883,0.0749232665931341,0.8592381048502971
25570,LOF,0.028953936200018456,0.11073300754818147,0.8603130562518001
25571,LOF,0.026110647238168527,0.11780640523480244,0.856082947527029
25572,LOF,0.0733910025924764,0.15400222395392144,0.7726067734536021
25573,LOF,0.05930529989393283,0.1066991764898631,0.8339955236162041
25574,LOF,0.06331121448742011,0.2027283536480655,0.7339604318645144
25575,LOF,0.023475467006438298,0.1364786516313006,0.8400458813622611
25576,LOF,0.028216987958310992,0.19699808758905699,0.774784924452632
25577,LOF,0.03454099187756701,0.14418804913581304,0.8212709589866198
25578,LOF,0.30004747850094793,0.09514239391230428,0.6048101275867479
25579,LOF,0.2012932451356572,0.09268484472901552,0.7060219101353273
25580,LOF,0.022700300152839952,0.08164004974700892,0.8956596501001511
25581,LOF,0.04980552610809445,0.08140393016059462,0.8687905437313108
25582,LOF,0.049334609860991724,0.0790850999519493,0.8715802901870588
25583,LOF,0.02557691137318688,0.0960928172089009,0.8783302714179121
25584,Neutral,0.7005293367557308,0.13558638591447525,0.16388427732979408
25585,LOF,0.02151889825549828,0.18342995824036193,0.7950511435041399
25586,LOF,0.01768560367047014,0.09438923839652628,0.8879251579330035
25587,LOF,0.018402889597648842,0.07907946828611867,0.9025176421162324
25588,LOF,0.021595638955441105,0.08128476302396485,0.897119598020594
25589,Neutral,0.5132970856398055,0.25307078619889267,0.23363212816130177
25590,LOF,0.048153240053818686,0.13854478642812507,0.8133019735180562
25591,LOF,0.08495044927071402,0.06605636060586895,0.848993190123417
25592,LOF,0.05787853182833637,0.16559288833855768,0.776528579833106
25593,LOF,0.12051351774942717,0.2784798529475828,0.6010066293029901
25594,LOF,0.05793366941003381,0.06820750488920266,0.8738588257007635
25595,LOF,0.06142371077036654,0.04293969789284478,0.8956365913367886
25596,LOF,0.12490270841117622,0.026725964286137244,0.8483713273026866
25597,LOF,0.08705211054640903,0.028702354200328805,0.8842455352532622
25598,LOF,0.0531147246275573,0.04805502622162508,0.8988302491508177
25599,LOF,0.022968077156382216,0.3699988402367082,0.6070330826069097
25600,LOF,0.17101247821028628,0.3720237263024113,0.4569637954873023
25601,LOF,0.04086687655143446,0.2950108263220094,0.6641222971265561
25602,LOF,0.026060560755670596,0.07810283003460002,0.8958366092097294
25603,LOF,0.0326469085029719,0.06113629549806607,0.9062167959989621
25604,LOF,0.03792289072399282,0.10267180287953534,0.859405306396472
25605,LOF,0.032088926459967894,0.20197379244986177,0.7659372810901703
25606,LOF,0.3727718492903833,0.16457562045084895,0.4626525302587676
25607,LOF,0.026111064737391252,0.21646624887922378,0.757422686383385
25608,LOF,0.034162565994384116,0.12603117091566998,0.8398062630899459
25609,GOF,0.1305249498561948,0.49593352736948454,0.37354152277432073
25610,LOF,0.015071014664653085,0.05597351602030215,0.9289554693150448
25611,LOF,0.013074801935263338,0.0676512062736339,0.9192739917911027
25612,LOF,0.044190820031653276,0.07489001347905534,0.8809191664892914
25613,LOF,0.04277805046927687,0.07472085020532361,0.8825010993253996
25614,LOF,0.02208230184150807,0.05316473785325291,0.9247529603052391
25615,LOF,0.038342184988166876,0.07045365204688764,0.8912041629649455
25616,LOF,0.05428840305928534,0.061399218017190726,0.884312378923524
25617,LOF,0.038581462234666644,0.07161580475216496,0.8898027330131685
25618,LOF,0.05074805662121776,0.08890490450043692,0.8603470388783453
25619,LOF,0.012477641700338068,0.06680224978972416,0.9207201085099378
25620,LOF,0.05351254393345499,0.07433278314642869,0.8721546729201164
25621,LOF,0.06002352854639861,0.06443732766210165,0.8755391437914997
25622,LOF,0.058538219077732566,0.07623336853387287,0.8652284123883945
25623,LOF,0.05716564552123489,0.04877906455081198,0.8940552899279531
25624,LOF,0.01902898352559854,0.05994208971191907,0.9210289267624824
25625,LOF,0.054351140767205854,0.06657421905214124,0.879074640180653
25626,LOF,0.043584671656676593,0.07131175654739834,0.885103571795925
25627,Neutral,0.8864943008304451,0.02429587592563735,0.08920982324391757
25628,LOF,0.15180248540809746,0.05851468080554858,0.789682833786354
25629,LOF,0.06218461293326839,0.06171541599423822,0.8760999710724935
25630,LOF,0.2901484344532483,0.06874673533781121,0.6411048302089406
25631,Neutral,0.5414974792737727,0.06808194687546622,0.39042057385076107
25632,LOF,0.027271700340813682,0.07382900970336902,0.8988992899558172
25633,LOF,0.2138743770068059,0.0420508490324346,0.7440747739607595
25634,LOF,0.0434698363506302,0.08391904397010788,0.872611119679262
25635,LOF,0.03585366432525413,0.03723614189744304,0.9269101937773029
25636,GOF,0.03455732510931364,0.5085009646803534,0.456941710210333
25637,GOF,0.04939232630166961,0.5201357034979308,0.43047197020039957
25638,LOF,0.033539337184977945,0.4242642449727612,0.5421964178422608
25639,LOF,0.03051973316242046,0.46266623180028005,0.5068140350372995
25640,Neutral,0.8560821142861701,0.0844241091236518,0.05949377659017814
25641,LOF,0.09199378121030066,0.3950373727666389,0.5129688460230604
25642,LOF,0.06772692589569268,0.16025767823863668,0.7720153958656706
25643,LOF,0.18585318779621615,0.1489778662241718,0.665168945979612
25644,GOF,0.00950796345896998,0.6212175625168158,0.3692744740242143
25645,GOF,0.011972456460477362,0.5911546561123213,0.39687288742720134
25646,LOF,0.03481033263322877,0.4003713588216804,0.5648183085450909
25647,LOF,0.012279162794520982,0.31726717291715223,0.6704536642883268
25648,LOF,0.013968758210663703,0.40559511619972083,0.5804361255896154
25649,LOF,0.008680944649546532,0.30712750222377344,0.68419155312668
25650,GOF,0.021970266348330558,0.5994423655404385,0.37858736811123095
25651,LOF,0.008870762511825949,0.409506766339359,0.5816224711488149
25652,LOF,0.014522642159084049,0.4156615199994086,0.5698158378415074
25653,GOF,0.042592501747840295,0.6091739222261741,0.34823357602598565
25654,LOF,0.01027408145992916,0.3243153355299557,0.6654105830101152
25655,GOF,0.12825369644009507,0.6177049018335572,0.25404140172634787
25656,LOF,0.35984824712449826,0.11575124155185934,0.5244005113236424
25657,LOF,0.051772866617102495,0.11812121898588403,0.8301059143970135
25658,LOF,0.3557805440924335,0.160462445635967,0.48375701027159956
25659,Neutral,0.4979705388787225,0.1403951963154022,0.3616342648058753
25660,LOF,0.022606361495943153,0.12291594693276123,0.8544776915712956
25661,LOF,0.08187024445966717,0.07485810916065319,0.8432716463796797
25662,LOF,0.03103029585889751,0.03621766875855041,0.932752035382552
25663,LOF,0.03583291185752372,0.04742993839946972,0.9167371497430066
25664,LOF,0.13259247682267644,0.07193294934004454,0.7954745738372789
25665,LOF,0.06013776843024637,0.03303127354809998,0.9068309580216536
25666,LOF,0.09587791921124046,0.07621489317481628,0.8279071876139433
25667,LOF,0.06859734642485034,0.05698866656135698,0.8744139870137926
25668,LOF,0.03261185906230367,0.0634781455651102,0.9039099953725862
25669,LOF,0.02662700230137814,0.06397639703432376,0.9093966006642982
25670,LOF,0.13509118504505618,0.06919957721248027,0.7957092377424636
25671,LOF,0.09868869157591591,0.04487776296379646,0.8564335454602876
25672,LOF,0.04985884036342925,0.04979349873691002,0.9003476608996608
25673,LOF,0.08250094453873459,0.05266847200451281,0.8648305834567527
25674,LOF,0.06921378220465466,0.06600895696240894,0.8647772608329364
25675,LOF,0.11152282299294097,0.0732595664842167,0.8152176105228424
25676,LOF,0.017581105983960676,0.05880732839220295,0.9236115656238364
25677,LOF,0.021266149542434234,0.07837923306195414,0.9003546173956115
25678,LOF,0.18129133218684182,0.09386927241038377,0.7248393954027744
25679,LOF,0.1133180232858233,0.09111464099884733,0.7955673357153293
25680,LOF,0.028725483723339766,0.12766694286662947,0.8436075734100308
25681,LOF,0.04256109604979425,0.11903591463390593,0.8384029893162998
25682,LOF,0.12031025920533267,0.09161042882374504,0.7880793119709223
25683,LOF,0.11522130774284262,0.09972590937009489,0.7850527828870626
25684,LOF,0.03355911177846162,0.07993000574470945,0.886510882476829
25685,LOF,0.12569106500724034,0.07095096899355786,0.8033579659992018
25686,LOF,0.07406952328833157,0.11972804891148008,0.8062024278001884
25687,LOF,0.11556562831632032,0.12609382332475802,0.7583405483589217
25688,LOF,0.41920409427317984,0.04962908734683298,0.5311668183799872
25689,LOF,0.3132920254426631,0.04612389272037617,0.6405840818369608
25690,LOF,0.3454672114571932,0.034872748648494434,0.6196600398943123
25691,Neutral,0.7084260722798867,0.03350834039321281,0.25806558732690055
25692,LOF,0.39568778961537066,0.011681035498166261,0.5926311748864631
25693,LOF,0.04403536939681552,0.4256240671042033,0.5303405634989812
25694,LOF,0.11913093550310966,0.017453310709511335,0.8634157537873789
25695,LOF,0.11523902876329234,0.013392166428234074,0.8713688048084737
25696,LOF,0.13630874107451182,0.011765576366861263,0.8519256825586269
25697,LOF,0.0629188632071831,0.17296697344392475,0.7641141633488922
25698,LOF,0.30523471671965335,0.22157616784959763,0.4731891154307491
25699,LOF,0.47723175188527994,0.039188861658270305,0.4835793864564497
25700,LOF,0.08217867393526528,0.01356499852220263,0.904256327542532
25701,LOF,0.2012518171469153,0.05649220503561181,0.7422559778174728
25702,GOF,0.1808633661344829,0.6093318232378406,0.20980481062767636
25703,LOF,0.016659518596151734,0.14731314679851418,0.8360273346053341
25704,LOF,0.035618276694874565,0.15070610666598971,0.8136756166391358
25705,LOF,0.038492288598838596,0.0897027316893799,0.8718049797117815
25706,LOF,0.15099914627381833,0.32748236958504473,0.521518484141137
25707,LOF,0.09878815554025197,0.25780100397908945,0.6434108404806586
25708,LOF,0.04662442561193549,0.23735657932926008,0.7160189950588045
25709,LOF,0.058549803668384186,0.03043215086000044,0.9110180454716154
25710,LOF,0.012665025573486421,0.10443243300836244,0.882902541418151
25711,LOF,0.01881738069121738,0.0651580146626242,0.9160246046461583
25712,LOF,0.016359231042144897,0.14365131491952313,0.839989454038332
25713,LOF,0.01720578188006441,0.06946803358674365,0.9133261845331919
25714,LOF,0.07189916796703294,0.04965202955991124,0.8784488024730558
25715,LOF,0.011573576525094383,0.09337934748368643,0.8950470759912192
25716,LOF,0.012082640639702831,0.08356271139827555,0.9043546479620216
25717,LOF,0.015455924542207863,0.06513408411180037,0.9194099913459919
25718,LOF,0.011215192800723727,0.06260738805820296,0.9261774191410733
25719,LOF,0.02076128437331553,0.05700425317575203,0.9222344624509325
25720,LOF,0.02311371637565905,0.04831012785831713,0.9285761557660238
25721,LOF,0.013262791580847061,0.08060672643750831,0.9061304819816447
25722,LOF,0.013942073640041018,0.07579038129505443,0.9102675450649045
25723,LOF,0.023100614584725575,0.034234233780456105,0.9426651516348183
25724,LOF,0.03295824854944074,0.05652309655059573,0.9105186548999635
25725,LOF,0.011512138671088771,0.052743593821009,0.9357442675079022
25726,LOF,0.015219575265927985,0.07189735764889806,0.912883067085174
25727,LOF,0.012330266930571017,0.05708556174208942,0.9305841713273397
25728,LOF,0.009747930534130474,0.0706473419725102,0.9196047274933593
25729,LOF,0.010076563479803093,0.06917839747899437,0.9207450390412025
25730,LOF,0.013231049645935801,0.06958615975757178,0.9171827905964923
25731,LOF,0.02202473959413698,0.07588526632393497,0.902089994081928
25732,LOF,0.013435152078281424,0.04580688006567686,0.9407579678560417
25733,LOF,0.01716677090434482,0.04717680153409564,0.9356564275615596
25734,LOF,0.012229762654200236,0.09042015450425771,0.897350082841542
25735,LOF,0.011416911476641436,0.05668704044108945,0.9318960480822691
25736,LOF,0.01209351925481336,0.07194764733114706,0.9159588334140397
25737,LOF,0.011587489043957538,0.06521064139127458,0.9232018695647678
25738,LOF,0.011240727907377705,0.0694359591886932,0.9193233129039291
25739,LOF,0.019496486342046544,0.05534910402418339,0.9251544096337699
25740,LOF,0.02551721092677933,0.07858929190202436,0.8958934971711964
25741,LOF,0.01570319523548413,0.07411719098131425,0.9101796137832016
25742,LOF,0.11625702457812989,0.053195763990739296,0.8305472114311307
25743,LOF,0.040981928412956635,0.05999490376829461,0.8990231678187488
25744,Neutral,0.5946400772200167,0.24349953649706899,0.16186038628291446
25745,LOF,0.06347465775165609,0.08265865208465834,0.8538666901636855
25746,LOF,0.04189010460109459,0.10316706890044804,0.8549428264984573
25747,LOF,0.022298841131377936,0.08056220577984533,0.8971389530887767
25748,LOF,0.1322248457255134,0.13349170846226105,0.7342834458122255
25749,LOF,0.02855287084300843,0.09739337334841298,0.8740537558085787
25750,LOF,0.07717926440076728,0.10092454938700927,0.8218961862122234
25751,LOF,0.0967972927292569,0.15125083783936194,0.7519518694313811
25752,GOF,0.0983476950219005,0.6578742129987238,0.24377809197937572
25753,LOF,0.028137062650787192,0.29665051000599085,0.6752124273432221
25754,GOF,0.01567654430456303,0.7981491334021797,0.18617432229325714
25755,LOF,0.030375283062179282,0.37066053974704316,0.5989641771907775
25756,LOF,0.05201863863445687,0.3596998915002297,0.5882814698653134
25757,GOF,0.019100748548991773,0.8583065745138129,0.1225926769371954
25758,GOF,0.026238190194976228,0.8037976767831122,0.16996413302191166
25759,GOF,0.012141718181434112,0.6263041906921076,0.36155409112645837
25760,LOF,0.016491177557867054,0.2948662150456679,0.688642607396465
25761,GOF,0.28752923091449767,0.6306747211237802,0.08179604796172217
25762,LOF,0.04551059664747756,0.29780411164574694,0.6566852917067755
25763,LOF,0.016120360402160416,0.21144325915852957,0.7724363804393101
25764,GOF,0.07954249527796232,0.6695968783256926,0.2508606263963451
25765,GOF,0.03538415811147245,0.7555292766441049,0.20908656524442276
25766,GOF,0.07072923212861336,0.7700604250680328,0.15921034280335386
25767,GOF,0.14443754765803204,0.5706673132230096,0.2848951391189584
25768,LOF,0.09892940216968939,0.06507919097877157,0.835991406851539
25769,LOF,0.0454662195735847,0.08800897731824582,0.8665248031081696
25770,LOF,0.31840072392901325,0.1111312642752364,0.5704680117957504
25771,LOF,0.05020594083767885,0.06267089956122106,0.8871231596011002
25772,LOF,0.017170706748475543,0.056414434750366296,0.9264148585011582
25773,LOF,0.05396194993617984,0.10173609053748238,0.8443019595263377
25774,LOF,0.028313873653886105,0.12320102463225618,0.8484851017138577
25775,LOF,0.05665046996612914,0.05919493692348812,0.8841545931103826
25776,LOF,0.066746052286903,0.03368141195217337,0.8995725357609236
25777,LOF,0.32176634289770606,0.09459850652655113,0.5836351505757428
25778,LOF,0.061383831077203466,0.05534336226489701,0.8832728066578995
25779,GOF,0.41537472908565737,0.5343123540129266,0.050312916901416094
25780,GOF,0.3788078207883286,0.5464939208154695,0.07469825839620176
25781,GOF,0.13748524877716023,0.7534333116362585,0.10908143958658123
25782,GOF,0.22062152390917503,0.6933392144535556,0.08603926163726933
25783,GOF,0.025198013979385238,0.6342943729807989,0.3405076130398158
25784,Neutral,0.5455307048430359,0.407599545660547,0.046869749496417104
25785,Neutral,0.5028512879642593,0.45201372134022205,0.0451349906955186
25786,GOF,0.03586300912546241,0.7537694424920404,0.2103675483824973
25787,Neutral,0.6963300606413529,0.27349799676317854,0.030171942595468466
25788,LOF,0.06107519750401449,0.07819259250715747,0.860732209988828
25789,GOF,0.21825017884765752,0.6202179051057342,0.16153191604660827
25790,GOF,0.2665548675696597,0.6360449107983883,0.09740022163195204
25791,GOF,0.16519981557830615,0.67443505452503,0.1603651298966637
25792,GOF,0.3899378434734603,0.4933355891493684,0.11672656737717123
25793,GOF,0.29590272105270804,0.48449800854124014,0.21959927040605182
25794,GOF,0.33985234965015104,0.45161954283913175,0.20852810751071726
25795,GOF,0.07042902991375767,0.6425494775437242,0.28702149254251813
25796,Neutral,0.5222317783492298,0.3951796054294813,0.08258861622128881
25797,GOF,0.0952662776982084,0.53018625361444,0.3745474686873516
25798,GOF,0.010930738386025646,0.5152760395542296,0.4737932220597448
25799,LOF,0.008417771064975996,0.40695592816462745,0.5846263007703966
25800,GOF,0.04393737746465651,0.5748785913252457,0.3811840312100979
25801,GOF,0.2453226943456035,0.6498685404928611,0.10480876516153537
25802,GOF,0.0689372850312576,0.6867246124977033,0.2443381024710391
25803,GOF,0.047582623916228445,0.5848419800865858,0.36757539599718575
25804,GOF,0.04193566126445379,0.5144108025518662,0.44365353618368003
25805,GOF,0.1414877256162354,0.5893610252452585,0.26915124913850613
25806,GOF,0.15217924997336457,0.5850423635318072,0.26277838649482826
25807,GOF,0.023533111408911317,0.6387400064638306,0.33772688212725815
25808,GOF,0.11896437951311686,0.5909790755356787,0.29005654495120436
25809,GOF,0.022601103981639333,0.6524282797899219,0.3249706162284387
25810,GOF,0.022145971621932402,0.6469400641561338,0.3309139642219337
25811,Neutral,0.5221260866008652,0.4066993301213517,0.07117458327778305
25812,GOF,0.042552555112206215,0.6159801747722412,0.34146727011555256
25813,Neutral,0.5892080104295654,0.30325569962205545,0.10753628994837919
25814,GOF,0.15238932405373345,0.6132501077570712,0.23436056818919532
25815,GOF,0.2672277653327919,0.5296397873140093,0.20313244735319883
25816,GOF,0.021600183280707733,0.6688244792379875,0.3095753374813047
25817,GOF,0.26847626105637074,0.5910519436614081,0.14047179528222115
25818,GOF,0.05089839390882265,0.5493179015165499,0.39978370457462736
25819,GOF,0.4129361982325733,0.4324044965457546,0.1546593052216722
25820,GOF,0.2266211660567824,0.5680520289984934,0.2053268049447242
25821,GOF,0.06927424941791954,0.667465037383679,0.26326071319840144
25822,GOF,0.2464819076833828,0.5148503285033689,0.23866776381324825
25823,GOF,0.037659412594084965,0.5061676343870366,0.45617295301887845
25824,GOF,0.08960454479755747,0.5244245007897197,0.3859709544127229
25825,GOF,0.036054307332723384,0.5385696871728066,0.42537600549447
25826,GOF,0.013685889061740135,0.5150603218572152,0.4712537890810446
25827,GOF,0.026044219604677194,0.5560630562478804,0.41789272414744233
25828,LOF,0.01875790733951818,0.48138101317798626,0.49986107948249553
25829,GOF,0.0072977138613970795,0.5304820773342794,0.46222020880432346
25830,LOF,0.046220790225310546,0.2735292352521903,0.6802499745224992
25831,GOF,0.22469817951086618,0.6460523536166299,0.1292494668725038
25832,GOF,0.039767142946355416,0.6530109276890039,0.3072219293646406
25833,GOF,0.1442210446750691,0.654961777506891,0.20081717781803998
25834,GOF,0.0470457344861729,0.6517652780532013,0.3011889874606259
25835,GOF,0.11039083201204819,0.6447605856994468,0.244848582288505
25836,GOF,0.052730639190745894,0.6135518093217418,0.3337175514875123
25837,GOF,0.023996637198420396,0.49863649256631143,0.4773668702352682
25838,GOF,0.09289328908685725,0.6902679886668136,0.2168387222463292
25839,GOF,0.3392170520748696,0.49219873118433344,0.16858421674079707
25840,GOF,0.25405567222711767,0.5428053478088445,0.20313897996403782
25841,GOF,0.24476834235076966,0.5405455360173348,0.21468612163189554
25842,GOF,0.2084594356211184,0.6113604758052475,0.18018008857363405
25843,GOF,0.25840558012188,0.6020867792047461,0.13950764067337398
25844,GOF,0.06872495266656603,0.6076427530647451,0.3236322942686889
25845,LOF,0.015244166536625676,0.4481104006854936,0.5366454327778807
25846,GOF,0.12258744125719113,0.6722145440407393,0.20519801470206955
25847,GOF,0.1338116216968718,0.711199359116706,0.1549890191864223
25848,GOF,0.0376601200908566,0.6299102211549445,0.3324296587541989
25849,GOF,0.011383489888269824,0.5328917519188069,0.45572475819292324
25850,GOF,0.024599589414126696,0.6099642191479748,0.3654361914378984
25851,GOF,0.01897856733728759,0.5078158224223918,0.4732056102403207
25852,GOF,0.17801694279021443,0.5169748303534392,0.3050082268563464
25853,GOF,0.3671251129793785,0.5565542018099635,0.07632068521065799
25854,GOF,0.022512916887728857,0.5985005267659609,0.3789865563463102
25855,GOF,0.04341963058709094,0.5469460136423561,0.40963435577055307
25856,GOF,0.254395326146769,0.4955592261723303,0.2500454476809007
25857,LOF,0.03856532146973548,0.45192350730044667,0.5095111712298179
25858,GOF,0.020807547081818648,0.5329954359421085,0.44619701697607295
25859,GOF,0.011979573475025089,0.5132306912921506,0.4747897352328242
25860,GOF,0.41410881449800974,0.4899933752349858,0.09589781026700436
25861,GOF,0.43244725089024094,0.4835256326936545,0.08402711641610461
25862,GOF,0.09335166580196126,0.7523538421393569,0.15429449205868181
25863,GOF,0.10284015375002029,0.7541936773023389,0.14296616894764083
25864,GOF,0.249149179029894,0.6745931697588239,0.07625765121128222
25865,GOF,0.10387837197739497,0.7450140944233135,0.15110753359929166
25866,GOF,0.08777774712749156,0.7758818270833088,0.13634042578919972
25867,GOF,0.11072994367464414,0.7753632157506959,0.11390684057465988
25868,GOF,0.3312165180500186,0.552417928913011,0.11636555303697044
25869,Neutral,0.7336595955522012,0.22230723476470782,0.044033169683091074
25870,LOF,0.34358392562933737,0.244868300109504,0.4115477742611586
25871,GOF,0.26888370806865397,0.5796697814797142,0.15144651045163204
25872,GOF,0.09739976492118393,0.6193002936642594,0.28329994141455667
25873,GOF,0.17757056223129347,0.6223014695526248,0.20012796821608186
25874,LOF,0.023663484970149567,0.10222103762878712,0.8741154774010633
25875,LOF,0.0849017532370568,0.05719429349510333,0.8579039532678399
25876,LOF,0.031094687137557475,0.05007535112575245,0.9188299617366901
25877,Neutral,0.5290315079999738,0.07074043162887078,0.4002280603711555
25878,LOF,0.22427669929461816,0.12326563893222227,0.6524576617731596
25879,LOF,0.08096952805319431,0.12233567526950347,0.7966947966773023
25880,LOF,0.023953314484800217,0.028192082899248797,0.947854602615951
25881,LOF,0.17577272286673876,0.1639908739219434,0.6602364032113178
25882,LOF,0.06673214297480336,0.02446363315728144,0.9088042238679153
25883,LOF,0.0711310868177063,0.030671808473622216,0.8981971047086714
25884,LOF,0.040139581006017284,0.04664982548033574,0.913210593513647
25885,LOF,0.06646692874424137,0.017636261986042498,0.9158968092697162
25886,LOF,0.3208592490481374,0.055500740465472174,0.6236400104863904
25887,LOF,0.16194381263054913,0.1039256639236727,0.7341305234457782
25888,LOF,0.06958766688913498,0.0875558816903038,0.8428564514205612
25889,LOF,0.04822208345186944,0.032384023894241346,0.9193938926538893
25890,LOF,0.04673423840396895,0.12929129630159203,0.823974465294439
25891,LOF,0.04079232024317089,0.06597680102162666,0.8932308787352023
25892,LOF,0.11205412610423052,0.020773026318877435,0.8671728475768921
25893,LOF,0.29167546162277114,0.01572262781896196,0.6926019105582669
25894,LOF,0.1836815947116736,0.00947224495757785,0.8068461603307484
25895,LOF,0.2073867890600965,0.022000900099513575,0.77061231084039
25896,LOF,0.050033064784233264,0.02508610069734251,0.9248808345184242
25897,LOF,0.23691255366588235,0.014374708533665062,0.7487127378004527
25898,Neutral,0.7310089812992807,0.010660667719366175,0.25833035098135326
25899,LOF,0.28284799246309766,0.03172845287996567,0.6854235546569367
25900,LOF,0.45814759385180914,0.01509972294275946,0.5267526832054313
25901,LOF,0.05392921015839423,0.01482167841221936,0.9312491114293864
25902,LOF,0.15964361460908233,0.012396520745824298,0.8279598646450934
25903,Neutral,0.5021611046061855,0.031556329608741295,0.4662825657850733
25904,LOF,0.27157673095585794,0.0626726547025207,0.6657506143416214
25905,LOF,0.025459065106197096,0.28013332961138154,0.6944076052824213
25906,LOF,0.022875131448953038,0.05963047885960568,0.9174943896914413
25907,LOF,0.014389650676992223,0.30935706149155207,0.6762532878314557
25908,LOF,0.011796592201579357,0.21107203747953368,0.777131370318887
25909,LOF,0.014075227008684773,0.1336286460282467,0.8522961269630686
25910,LOF,0.04336603082465903,0.11298300461136442,0.8436509645639765
25911,LOF,0.148942238041828,0.024995942857406778,0.8260618191007651
25912,LOF,0.038534766725509845,0.04616958608574208,0.915295647188748
25913,LOF,0.2930774619267143,0.018929476020984583,0.6879930620523012
25914,LOF,0.02384168075376022,0.11761048207337016,0.8585478371728696
25915,Neutral,0.45205366951724757,0.25949292362207876,0.28845340686067367
25916,LOF,0.06634168540145055,0.2885435595722748,0.6451147550262746
25917,LOF,0.06757539945984074,0.06234878869596932,0.8700758118441899
25918,LOF,0.035176803241593904,0.06083738525045305,0.903985811507953
25919,LOF,0.02645754075463106,0.06624522803419898,0.90729723121117
25920,GOF,0.07525627564849334,0.5319332784010294,0.3928104459504772
25921,LOF,0.03348924317856884,0.018881252801227006,0.9476295040202041
25922,LOF,0.043010037236385606,0.013524763886598727,0.9434651988770156
25923,LOF,0.3872942719830868,0.016978517394448403,0.5957272106224649
25924,LOF,0.040229971808702095,0.030248797125835485,0.9295212310654625
25925,LOF,0.06716982693281566,0.0248444391938596,0.9079857338733247
25926,LOF,0.047713487743875675,0.01756944615204113,0.9347170661040832
25927,LOF,0.06914455497273288,0.06350967225009249,0.8673457727771747
25928,LOF,0.024003379881961624,0.028695556605142915,0.9473010635128954
25929,Neutral,0.526467404100711,0.018682184079414268,0.4548504118198746
25930,LOF,0.05535147145954056,0.013825544767899562,0.9308229837725599
25931,LOF,0.03385907020799015,0.01917848544012583,0.946962444351884
25932,LOF,0.027267272820823737,0.016128058787185387,0.9566046683919908
25933,LOF,0.03625614839595894,0.009519217355127722,0.9542246342489134
25934,LOF,0.023304988063259053,0.011469876455552135,0.9652251354811887
25935,LOF,0.06621450245734967,0.03065329718545751,0.9031322003571928
25936,LOF,0.04473625656618718,0.012361823605531942,0.942901919828281
25937,LOF,0.028205586231410486,0.024289533995215076,0.9475048797733744
25938,LOF,0.06164293726278356,0.03149731509127674,0.9068597476459398
25939,LOF,0.03677864431900006,0.010327101341638854,0.952894254339361
25940,LOF,0.027792137227648533,0.3660742757653192,0.6061335870070322
25941,LOF,0.18411932418067478,0.08343020645071896,0.7324504693686062
25942,LOF,0.01864919867095318,0.03571376406594586,0.9456370372631009
25943,LOF,0.3195618760312191,0.05741580417703184,0.623022319791749
25944,LOF,0.4785717948717034,0.03187296820185715,0.4895552369264393
25945,LOF,0.08097450650989763,0.02495733915530561,0.8940681543347967
25946,LOF,0.031168873712052538,0.12135177248039437,0.847479353807553
25947,LOF,0.1283623932120955,0.17737726784317603,0.6942603389447284
25948,LOF,0.45958460394642175,0.016661884222465,0.5237535118311133
25949,LOF,0.08999869571613786,0.07639573168146878,0.8336055726023934
25950,GOF,0.2696789007082123,0.4059649853944139,0.32435611389737384
25951,LOF,0.21907143936973345,0.24079930357262302,0.5401292570576436
25952,LOF,0.050771550725564996,0.44630223066241165,0.5029262186120234
25953,LOF,0.15569908132059068,0.10589888559799691,0.7384020330814124
25954,Neutral,0.4313818818518647,0.1842445816503398,0.38437353649779543
25955,LOF,0.06819549161038074,0.08090346649883073,0.8509010418907885
25956,LOF,0.20881237567181246,0.06851590971549323,0.7226717146126943
25957,LOF,0.03905767154706998,0.026032563565598993,0.934909764887331
25958,LOF,0.059240716897761975,0.030769810466185304,0.9099894726360528
25959,LOF,0.0690185133417559,0.3183729026859326,0.6126085839723115
25960,LOF,0.022381147797442522,0.06499402382893635,0.9126248283736212
25961,LOF,0.05070263098176539,0.03902683925387099,0.9102705297643636
25962,LOF,0.05817404139329651,0.02771934257600385,0.9141066160306995
25963,LOF,0.04879310813308254,0.16027543440159067,0.7909314574653268
25964,LOF,0.03087499181411224,0.14144972804296296,0.8276752801429249
25965,LOF,0.4421757553283755,0.0770611338062385,0.48076311086538615
25966,Neutral,0.43217655666079,0.1901417553472025,0.37768168799200763
25967,LOF,0.011945250135466755,0.08856831942155687,0.8994864304429765
25968,GOF,0.034769495800317234,0.4953011981157076,0.46992930608397515
25969,LOF,0.01975692857869517,0.0633384313840175,0.9169046400372873
25970,LOF,0.059131255313320835,0.067711863886467,0.8731568808002121
25971,LOF,0.06833403319489646,0.017082099918662337,0.9145838668864412
25972,LOF,0.07971902345424955,0.027279561817582138,0.8930014147281682
25973,LOF,0.08578961484221198,0.008733579603060664,0.9054768055547273
25974,LOF,0.23185614987670491,0.021774464340149038,0.746369385783146
25975,LOF,0.049011561486492175,0.032836610858218825,0.9181518276552889
25976,LOF,0.050726191056564535,0.01965857072321057,0.9296152382202248
25977,LOF,0.14330257610183375,0.08992714199454561,0.7667702819036206
25978,LOF,0.113093193620634,0.0710328277707345,0.8158739786086315
25979,LOF,0.11261112544836983,0.0666368710734064,0.8207520034782239
25980,LOF,0.13526813854422487,0.10003940113329102,0.7646924603224842
25981,LOF,0.1676606778802579,0.09708143658676682,0.7352578855329753
25982,LOF,0.36580570571280296,0.05496399686970635,0.5792302974174908
25983,LOF,0.3421928350493364,0.0517150868272993,0.6060920781233643
25984,LOF,0.04727462199420099,0.07856311485170712,0.874162263154092
25985,LOF,0.023423359848704473,0.2680980325979364,0.708478607553359
25986,LOF,0.030309579404652297,0.29708014790042514,0.6726102726949226
25987,LOF,0.07766587753715455,0.07902926032719991,0.8433048621356455
25988,LOF,0.11733477855608779,0.07563556744688325,0.807029653997029
25989,LOF,0.027076155572572664,0.15208155175742333,0.820842292670004
25990,LOF,0.03459803955180468,0.17575072691223761,0.7896512335359577
25991,LOF,0.18191201376635624,0.40401286534450376,0.41407512088914006
25992,Neutral,0.3791108082420557,0.2503215675245203,0.37056762423342404
25993,LOF,0.025558606563277873,0.09115286782336572,0.8832885256133564
25994,LOF,0.018199109363191687,0.1306209549275987,0.8511799357092096
25995,LOF,0.02702347044403713,0.2185196303075552,0.7544568992484078
25996,GOF,0.25545061112890616,0.5813805818310176,0.16316880704007614
25997,GOF,0.10217842163593095,0.590093029421863,0.30772854894220597
25998,Neutral,0.5264669648993908,0.015647005952536958,0.4578860291480721
25999,LOF,0.12017253909703118,0.14411189207375197,0.7357155688292167
26000,LOF,0.16674969413201413,0.03412327374933183,0.7991270321186541
26001,LOF,0.18750668481299088,0.04109895035527029,0.7713943648317388
26002,LOF,0.14066277035488714,0.038124855012528054,0.8212123746325848
26003,GOF,0.008065873687451928,0.6555063202792587,0.3364278060332895
26004,GOF,0.023827829646179546,0.7164404846956142,0.2597316856582063
26005,GOF,0.00781654666350703,0.539188502226124,0.45299495111036897
26006,Neutral,0.4566149573816905,0.3183479277127936,0.22503711490551587
26007,GOF,0.015124078916321176,0.5827600351918591,0.40211588589181957
26008,GOF,0.014977023708389119,0.6290292777179156,0.3559936985736951
26009,GOF,0.02105344424270719,0.6476611132461688,0.33128544251112396
26010,GOF,0.02607995444385086,0.6629845599847691,0.31093548557138007
26011,GOF,0.007087539300341464,0.5354720684598725,0.4574403922397861
26012,GOF,0.01418044261641317,0.6138575303456291,0.3719620270379578
26013,GOF,0.014829960612491186,0.6653201450321358,0.3198498943553731
26014,LOF,0.04383885180654565,0.15919270116928813,0.7969684470241664
26015,LOF,0.26020004825136683,0.015607369688615072,0.7241925820600181
26016,LOF,0.2463643738114598,0.07243172698188445,0.6812038992066558
26017,LOF,0.19574223016143164,0.11665561280976448,0.6876021570288039
26018,LOF,0.08499324439367671,0.06745584752469298,0.8475509080816304
26019,LOF,0.08041045652782684,0.048293305186634154,0.8712962382855389
26020,LOF,0.055914459797195,0.14176050657580913,0.8023250336269958
26021,LOF,0.04852866420545035,0.16071435979000706,0.7907569760045426
26022,LOF,0.011966008265518314,0.06896280712105968,0.919071184613422
26023,LOF,0.11367052894854882,0.043666580542486934,0.8426628905089644
26024,LOF,0.029390057262705167,0.14689665859602125,0.8237132841412735
26025,LOF,0.1432087219175532,0.1277285661781811,0.7290627119042657
26026,LOF,0.29777950796671926,0.03599173176446953,0.6662287602688113
26027,LOF,0.08047767031980083,0.035624892986474165,0.883897436693725
26028,LOF,0.15593725677972797,0.08570710516545393,0.7583556380548181
26029,LOF,0.08529367673243968,0.13714795010465122,0.7775583731629091
26030,LOF,0.028035822750977643,0.05552947265933849,0.9164347045896838
26031,LOF,0.034048772156384556,0.11683137324638132,0.849119854597234
26032,LOF,0.07617112623998998,0.059249627659103125,0.8645792461009069
26033,LOF,0.12698721233005061,0.0686597952794553,0.8043529923904941
26034,LOF,0.05201471238126297,0.12145766813112661,0.8265276194876104
26035,LOF,0.03497252167789161,0.10377575952429084,0.8612517187978175
26036,LOF,0.05012104976543324,0.13071545179363894,0.8191634984409278
26037,LOF,0.02891149262871643,0.09122326262555419,0.8798652447457294
26038,LOF,0.07279370710705431,0.05802533774077704,0.8691809551521688
26039,LOF,0.07298967279080243,0.11505844763398707,0.8119518795752105
26040,LOF,0.2219619960681428,0.0962497056359592,0.681788298295898
26041,LOF,0.02887333314947547,0.08589325007646977,0.8852334167740546
26042,LOF,0.02845392541311977,0.08749487459411955,0.8840511999927607
26043,LOF,0.07164476748196807,0.07215277012552611,0.8562024623925057
26044,LOF,0.024712300874115606,0.06702557718433352,0.908262121941551
26045,LOF,0.08600062284326514,0.08470515785672525,0.8292942193000097
26046,LOF,0.07505824125694804,0.07436633601182373,0.8505754227312282
26047,LOF,0.11062838038976708,0.08373179449100102,0.805639825119232
26048,LOF,0.05281225076471938,0.05431839527157909,0.8928693539637014
26049,Neutral,0.953734534814415,0.007493643372059418,0.03877182181352577
26050,Neutral,0.9312292708863628,0.008038117118810917,0.06073261199482634
26051,LOF,0.05503840222800906,0.32279310953474327,0.6221684882372477
26052,LOF,0.08737785720613524,0.3231564581765156,0.5894656846173492
26053,LOF,0.06343769423131342,0.16624225611047452,0.770320049658212
26054,LOF,0.05855883493274845,0.03515171372127998,0.9062894513459716
26055,LOF,0.078466369773518,0.024283555334514283,0.8972500748919676
26056,LOF,0.06487770489723925,0.02949955433521079,0.90562274076755
26057,LOF,0.030483457519260806,0.014691234510630462,0.9548253079701087
26058,LOF,0.03097760000245807,0.013206540641875864,0.9558158593556662
26059,LOF,0.2858173522126376,0.046172265575608995,0.6680103822117534
26060,LOF,0.0304303516702165,0.28598079265118836,0.6835888556785952
26061,LOF,0.020368077086406217,0.015433014874449013,0.9641989080391448
26062,LOF,0.01233067445606181,0.022615625967377352,0.9650536995765607
26063,LOF,0.02130556754741675,0.015452862615491413,0.9632415698370917
26064,LOF,0.025504801549297244,0.024492774785098276,0.9500024236656046
26065,LOF,0.025083383193530488,0.0159247564487216,0.958991860357748
26066,LOF,0.02052609431733368,0.0148996198583622,0.9645742858243042
26067,LOF,0.025537441717417775,0.010690359564728868,0.9637721987178535
26068,LOF,0.048343270156462725,0.0520472470246745,0.8996094828188629
26069,LOF,0.26071436819638466,0.03610820099303233,0.703177430810583
26070,LOF,0.410777760647266,0.023284889811096894,0.5659373495416371
26071,LOF,0.022531987616469813,0.015685535871421664,0.9617824765121086
26072,LOF,0.025327314598169646,0.02040662273570235,0.954266062666128
26073,LOF,0.024747935932748558,0.015367835372110191,0.9598842286951412
26074,Neutral,0.9011705957068237,0.007764794074675319,0.09106461021850104
26075,LOF,0.04410948264816868,0.021827004653310694,0.9340635126985206
26076,LOF,0.046345697247605185,0.01171562351178726,0.9419386792406075
26077,LOF,0.01007705621242191,0.02334232937123945,0.9665806144163386
26078,LOF,0.0152213921797653,0.015235210832444083,0.9695433969877907
26079,LOF,0.05583329083327368,0.026684416073471134,0.9174822930932552
26080,LOF,0.055038852055511234,0.02670640031490523,0.9182547476295836
26081,LOF,0.034600385747927107,0.009967980288562594,0.9554316339635102
26082,LOF,0.020113707145208565,0.02291853095662418,0.9569677618981672
26083,LOF,0.13382978539701654,0.01945871316718121,0.8467115014358022
26084,LOF,0.028054357226912185,0.018059434647324544,0.9538862081257632
26085,LOF,0.022514838175461932,0.01679775206632067,0.9606874097582175
26086,LOF,0.02578222644856431,0.014366600428119127,0.9598511731233166
26087,LOF,0.02547045965404673,0.010284342469844922,0.9642451978761084
26088,LOF,0.018507727694574972,0.02872991810705319,0.9527623541983719
26089,LOF,0.04566605228306642,0.03582606112163472,0.9185078865952988
26090,LOF,0.044509212919601526,0.028544627863583482,0.9269461592168149
26091,LOF,0.04062642571026535,0.009082441724687761,0.9502911325650468
26092,LOF,0.02587382885206363,0.011615376292970138,0.9625107948549662
26093,LOF,0.03704510609941092,0.008538025112850487,0.9544168687877387
26094,LOF,0.04072886900198418,0.009433977459429171,0.9498371535385866
26095,LOF,0.05776902692590994,0.0232558004835589,0.9189751725905312
26096,LOF,0.02029408354685055,0.017421922146404447,0.9622839943067449
26097,LOF,0.010100310896537758,0.052003214710314105,0.9378964743931482
26098,LOF,0.07889640365730262,0.01946305636854248,0.9016405399741549
26099,LOF,0.02411875148414026,0.01894258480227204,0.9569386637135877
26100,LOF,0.025813276895567203,0.0176727411745465,0.9565139819298862
26101,LOF,0.05537098596844369,0.018809432346645213,0.9258195816849111
26102,LOF,0.026019897840415376,0.01913393706840695,0.9548461650911776
26103,Neutral,0.8857190866400764,0.030981003389052665,0.08329990997087107
26104,LOF,0.06545630903703029,0.05062306377231672,0.883920627190653
26105,LOF,0.22230983391339784,0.2658484826021033,0.5118416834844988
26106,LOF,0.17586612577499117,0.15335934938405757,0.6707745248409512
26107,LOF,0.23245927866387478,0.0999741541686832,0.6675665671674421
26108,LOF,0.25072919668246524,0.11931172137653714,0.6299590819409975
26109,LOF,0.0869408354166684,0.14809361669862184,0.7649655478847098
26110,LOF,0.2814505271367141,0.008098389745953454,0.7104510831173324
26111,LOF,0.45285729769610283,0.02200175826524934,0.525140944038648
26112,LOF,0.036077609072638316,0.008002965745430883,0.9559194251819308
26113,LOF,0.05189705865073543,0.017603684434541175,0.9304992569147233
26114,LOF,0.0213931152964127,0.015915823255133674,0.9626910614484536
26115,LOF,0.08470982659196982,0.03959480249835477,0.8756953709096754
26116,LOF,0.054334787102861916,0.02591045887265504,0.919754754024483
26117,LOF,0.39560605485393174,0.05760495292189879,0.5467889922241694
26118,LOF,0.0403375484614786,0.027762373011245095,0.9319000785272764
26119,LOF,0.024972946804226067,0.036263243806690715,0.9387638093890832
26120,LOF,0.031388900567803926,0.02499807371910273,0.9436130257130934
26121,LOF,0.06202372378151703,0.07687752795789239,0.8610987482605906
26122,LOF,0.05311115934304364,0.03640985060999841,0.9104789900469579
