feature0,prediction,LoGoFunc_Neutral,LoGoFunc_GOF,LoGoFunc_LOF
25546,Neutral,0.5161826732307959,0.1909218204547291,0.29289550631447503
25547,Neutral,0.43748327182228164,0.23370932248485696,0.32880740569286143
25548,LOF,0.32615868036615364,0.22445610327440393,0.4493852163594424
25549,LOF,0.30899724739974466,0.23044631347633066,0.46055643912392474
25550,LOF,0.27832210056944223,0.2929711084559425,0.42870679097461534
25551,LOF,0.22512118434421474,0.2908436999804407,0.48403511567534446
25552,LOF,0.20831705103948514,0.29116844459894786,0.5005145043615671
25553,Neutral,0.7217925558031456,0.1237180776665927,0.15448936653026166
25554,LOF,0.2685375662517538,0.2246820551578461,0.5067803785904001
25555,LOF,0.1858387356389236,0.24707025884835238,0.5670910055127241
25556,LOF,0.3227168768463044,0.21140727566228162,0.46587584749141386
25557,LOF,0.20887919064739496,0.24151007736299523,0.5496107319896099
25558,LOF,0.2677423351833412,0.295873639689774,0.43638402512688496
25559,LOF,0.2871801133262631,0.07174248792269042,0.6410773987510465
25560,LOF,0.040018235612601864,0.33277049839196354,0.6272112659954346
25561,LOF,0.02646831557378476,0.3861924100199174,0.5873392744062979
25562,LOF,0.037053382826256,0.12409930748352711,0.8388473096902169
25563,LOF,0.009447434336232598,0.21343219384532283,0.7771203718184446
25564,LOF,0.06410114471662912,0.058964814224235815,0.8769340410591352
25565,LOF,0.17176094914786738,0.13249209332718567,0.6957469575249469
25566,GOF,0.04028562830483813,0.659814713624668,0.2998996580704939
25567,LOF,0.04516052607308915,0.02784014317886481,0.9269993307480461
25568,LOF,0.050407875202193815,0.04194279983368422,0.9076493249641219
25569,LOF,0.05940845134713791,0.031144770845349386,0.9094467778075128
25570,LOF,0.06345670526956697,0.033182361256857536,0.9033609334735755
25571,LOF,0.06069155406656701,0.029878027230517513,0.9094304187029154
25572,LOF,0.07217603039135345,0.018597113386120762,0.9092268562225257
25573,LOF,0.07521158910212493,0.06237614450403251,0.8624122663938425
25574,LOF,0.1424409291095367,0.1001831368351361,0.7573759340553271
25575,LOF,0.06455230749322777,0.03420947576363404,0.9012382167431382
25576,LOF,0.03255659033530599,0.031315888335611615,0.9361275213290824
25577,LOF,0.040966156022104266,0.02307324211887139,0.9359606018590244
25578,LOF,0.2563006862440196,0.07017455459737465,0.6735247591586058
25579,LOF,0.2495925390217186,0.06792627185061655,0.6824811891276649
25580,LOF,0.06386487013744095,0.027421383831269956,0.9087137460312891
25581,LOF,0.034606745982820104,0.06871138472859906,0.8966818692885808
25582,LOF,0.034606745982820104,0.06871138472859906,0.8966818692885808
25583,LOF,0.058696434689247096,0.033093887913025255,0.9082096773977276
25584,Neutral,0.7482207516595782,0.010605254201280154,0.2411739941391416
25585,LOF,0.03711676178805004,0.026639374088702476,0.9362438641232476
25586,LOF,0.06421074363033477,0.02585536199104611,0.9099338943786192
25587,LOF,0.060858908370065384,0.028499861919673335,0.9106412297102612
25588,LOF,0.05952011743723777,0.023043175573609583,0.9174367069891527
25589,Neutral,0.7390510077793434,0.028632407824110806,0.23231658439654576
25590,LOF,0.07497699442270857,0.038329039760091436,0.8866939658172
25591,LOF,0.1167899411662949,0.01849064177260337,0.8647194170611018
25592,LOF,0.2037490433207485,0.06799721193398713,0.7282537447452643
25593,LOF,0.21446941866445188,0.16884123928626785,0.6166893420492803
25594,LOF,0.028336766739808207,0.07843476426860134,0.8932284689915904
25595,LOF,0.03890034239160591,0.054591756315911816,0.9065079012924824
25596,LOF,0.12485354594943174,0.019452636145452475,0.8556938179051157
25597,LOF,0.1217704313452719,0.01566047997433193,0.8625690886803961
25598,LOF,0.04006147368071408,0.07971393388157495,0.8802245924377109
25599,GOF,0.022265070647219214,0.6048809383108771,0.3728539910419037
25600,GOF,0.11113797810776521,0.5563879937405949,0.33247402815163996
25601,LOF,0.05315876505257847,0.25469785970310194,0.6921433752443196
25602,LOF,0.10563322147942503,0.01853102373493513,0.8758357547856398
25603,LOF,0.07595556357746114,0.03176840819711796,0.892276028225421
25604,LOF,0.11134474448692178,0.07751118024010198,0.8111440752729763
25605,LOF,0.18381752068593413,0.07421193810522281,0.741970541208843
25606,Neutral,0.5819501304669668,0.08785116777432503,0.33019870175870825
25607,LOF,0.054483914576229975,0.09234329159438116,0.8531727938293889
25608,LOF,0.04445958826443698,0.1466802865867527,0.8088601251488103
25609,GOF,0.11617235357829508,0.6903391256208385,0.19348852080086631
25610,LOF,0.028440959300755055,0.07247454315152341,0.8990844975477215
25611,LOF,0.02930261814748238,0.07090133331580638,0.8997960485367111
25612,LOF,0.04816493936201102,0.06956967414956244,0.8822653864884265
25613,LOF,0.04400582740585818,0.0724999507996892,0.8834942217944527
25614,LOF,0.03872815623294261,0.11967011867953527,0.8416017250875221
25615,LOF,0.048999991411269914,0.13983207826434535,0.8111679303243848
25616,LOF,0.02687090740600376,0.10638561170380686,0.8667434808901893
25617,LOF,0.025947895740655993,0.12249221995527476,0.8515598843040693
25618,LOF,0.16093669602529875,0.39673960110488943,0.4423237028698118
25619,LOF,0.0339447064260307,0.23602845433785336,0.7300268392361159
25620,LOF,0.026904048596500967,0.11102299021359156,0.8620729611899075
25621,LOF,0.07579428863892179,0.13231459731836342,0.7918911140427148
25622,LOF,0.06082067561985633,0.13456159352500574,0.8046177308551379
25623,LOF,0.08130061175113419,0.0739244237753681,0.8447749644734976
25624,LOF,0.03354584338793711,0.17335175558054416,0.7931024010315189
25625,LOF,0.05319250817449512,0.09066469319369867,0.8561427986318062
25626,LOF,0.03436096878524091,0.0721575528797979,0.8934814783349613
25627,Neutral,0.8411248847166284,0.04754868797627651,0.11132642730709512
25628,LOF,0.12879456337134185,0.11587902722748099,0.7553264094011772
25629,LOF,0.027179353421662885,0.13416665043435888,0.8386539961439783
25630,LOF,0.3096446525101712,0.05788474904330688,0.632470598446522
25631,LOF,0.32777034868169047,0.09151241299817049,0.5807172383201391
25632,LOF,0.024840660508534892,0.063404914218209,0.9117544252732561
25633,LOF,0.14250766574315224,0.10012460702269871,0.7573677272341491
25634,LOF,0.04063804831158081,0.053269504031831304,0.9060924476565878
25635,LOF,0.04015068724873744,0.060753137210116596,0.899096175541146
25636,GOF,0.021007465178256465,0.5701610711409801,0.4088314636807634
25637,GOF,0.019815847757872044,0.5600207546083529,0.420163397633775
25638,GOF,0.009271245420118339,0.6311788862161926,0.359549868363689
25639,LOF,0.024339680843817626,0.3814470174111021,0.5942133017450802
25640,Neutral,0.8103547452595221,0.14902494088229332,0.04062031385818459
25641,LOF,0.05552059282160448,0.42167747097815,0.5228019362002455
25642,LOF,0.047921577560688204,0.32097484935881715,0.6311035730804947
25643,GOF,0.34142583137238663,0.3460336272199381,0.3125405414076754
25644,LOF,0.014323826515366556,0.28685000088514406,0.6988261725994894
25645,LOF,0.013276264939936562,0.2658854669052034,0.7208382681548601
25646,LOF,0.02611696748955212,0.1739761989812595,0.7999068335291885
25647,LOF,0.014799605727544438,0.11684894406556472,0.8683514502068908
25648,LOF,0.022035279006876893,0.16471585174445622,0.8132488692486669
25649,LOF,0.012272264918426257,0.09135088878666558,0.8963768462949082
25650,LOF,0.05530681402771643,0.21592849496244917,0.7287646910098344
25651,LOF,0.01535391996508322,0.10852009728549186,0.876125982749425
25652,LOF,0.012024351449501583,0.2468735644424417,0.7411020841080567
25653,LOF,0.04225322045876794,0.27537924285879994,0.6823675366824321
25654,LOF,0.010096462123877053,0.2397826256917438,0.7501209121843792
25655,LOF,0.09393202183373842,0.29097249609155484,0.6150954820747068
25656,LOF,0.1186393818060229,0.28739305844021285,0.5939675597537643
25657,LOF,0.034502831639051365,0.38323771982829913,0.5822594485326497
25658,GOF,0.10313862236817531,0.470918653704446,0.4259427239273786
25659,GOF,0.22087761735109998,0.5335970144106936,0.24552536823820642
25660,LOF,0.04180573171467581,0.22380313049335554,0.7343911377919687
25661,LOF,0.03175229902905879,0.24545958071257945,0.7227881202583617
25662,LOF,0.026903828985996393,0.08522917254184884,0.8878669984721548
25663,LOF,0.029657416925067154,0.06287886886831263,0.9074637142066202
25664,LOF,0.06129502608140906,0.18490495914413052,0.7538000147744605
25665,LOF,0.03352298302641232,0.06151570300275247,0.9049613139708352
25666,LOF,0.05711354625892581,0.12078659928703646,0.8220998544540378
25667,LOF,0.02758507322622287,0.12482043055556563,0.8475944962182115
25668,LOF,0.030741162785295928,0.14138327788250926,0.8278755593321948
25669,LOF,0.025850929685378273,0.15125481148501935,0.8228942588296024
25670,LOF,0.09523829119175005,0.10478616303537865,0.7999755457728712
25671,LOF,0.03215158571628404,0.05672596494430927,0.9111224493394066
25672,LOF,0.024055709216396142,0.09938382881590845,0.8765604619676953
25673,LOF,0.060843406007820566,0.11029640264935502,0.8288601913428244
25674,LOF,0.0534843772880811,0.11246909308885339,0.8340465296230656
25675,LOF,0.0526882263486555,0.10062015385676669,0.8466916197945779
25676,LOF,0.027165059454961664,0.09010271343582262,0.8827322271092158
25677,LOF,0.036050894943712324,0.1569512349047287,0.806997870151559
25678,LOF,0.0804474111846682,0.10972328217587378,0.8098293066394581
25679,LOF,0.10220347182042361,0.0902788375622028,0.8075176906173737
25680,LOF,0.045679083998653204,0.19091160249838474,0.763409313502962
25681,LOF,0.04521568140698397,0.20735647127283657,0.7474278473201795
25682,LOF,0.029269179455310185,0.11666027867403858,0.8540705418706511
25683,LOF,0.09141499564636238,0.051909353475630624,0.856675650878007
25684,LOF,0.027554278881267547,0.12363694475530117,0.8488087763634312
25685,LOF,0.03663534185281896,0.4290322856198713,0.5343323725273097
25686,LOF,0.02684365711705527,0.43195096243129155,0.5412053804516532
25687,GOF,0.04912637689564975,0.5426744760808131,0.40819914702353716
25688,LOF,0.34976348108157407,0.05107470312332251,0.5991618157951035
25689,LOF,0.1539220744714953,0.04546364971850499,0.8006142758099997
25690,LOF,0.21455316015631795,0.06993044702592995,0.715516392817752
25691,Neutral,0.656096064839579,0.07272973577680321,0.2711741993836177
25692,LOF,0.18549882722702904,0.01453679117810064,0.7999643815948703
25693,GOF,0.06675009192557618,0.6328710928192003,0.3003788152552235
25694,LOF,0.11430099159143688,0.024632867140924015,0.861066141267639
25695,LOF,0.09259843379944584,0.016242066459771304,0.8911594997407829
25696,LOF,0.1038260784729914,0.03357447791971867,0.8625994436072898
25697,LOF,0.07757223817966219,0.1530009751208663,0.7694267866994715
25698,LOF,0.24912880150702893,0.22767052189478645,0.5232006765981847
25699,GOF,0.26997826968620964,0.3682880684162636,0.36173366189752676
25700,LOF,0.042895948601988504,0.06691117511828017,0.8901928762797313
25701,LOF,0.16897337464864748,0.2110118896328462,0.6200147357185063
25702,GOF,0.21667121586675747,0.6726034693908772,0.11072531474236544
25703,LOF,0.03045089072320175,0.323852388624704,0.6456967206520943
25704,LOF,0.03517291729522742,0.3863728112791822,0.5784542714255902
25705,LOF,0.03249683700935533,0.4102829915061847,0.55722017148446
25706,GOF,0.09947682437220974,0.6408705448241688,0.2596526308036215
25707,GOF,0.08155225662063484,0.5726724114973272,0.34577533188203796
25708,GOF,0.035949380770728935,0.5917518589088874,0.3722987603203837
25709,LOF,0.02447374060282129,0.38631449020672926,0.5892117691904494
25710,LOF,0.013805503593775253,0.216950041528611,0.7692444548776137
25711,LOF,0.025262123989935666,0.4075367008098347,0.5672011752002297
25712,LOF,0.015031953907948724,0.3085740884435942,0.676393957648457
25713,LOF,0.025794181611177,0.40409955210106097,0.570106266287762
25714,LOF,0.032094928215587494,0.4032106908441295,0.564694380940283
25715,LOF,0.026592329662180513,0.42766340391405255,0.5457442664237669
25716,LOF,0.014624860153823442,0.1741887240729983,0.8111864157731782
25717,LOF,0.013532215232577166,0.160272775895784,0.8261950088716388
25718,LOF,0.02068180611031908,0.255503591568194,0.723814602321487
25719,LOF,0.024302859739833687,0.41939142367557664,0.5563057165845897
25720,LOF,0.027576037415390015,0.3232865949043819,0.6491373676802282
25721,LOF,0.02469603504111693,0.387146765903086,0.5881571990557971
25722,LOF,0.024787604839649282,0.3847600877370542,0.5904523074232965
25723,LOF,0.02472225366640235,0.42150061919896614,0.5537771271346315
25724,GOF,0.06076212569077186,0.4774277355974583,0.4618101387117698
25725,LOF,0.024504829703680533,0.39177624549969586,0.5837189247966237
25726,LOF,0.024403854638683737,0.4245722245400243,0.5510239208212919
25727,LOF,0.024280120874912412,0.4297086873988974,0.5460111917261903
25728,LOF,0.024019214853557982,0.43197394273337253,0.5440068424130694
25729,LOF,0.024273552711017853,0.42447226399503923,0.5512541832939429
25730,LOF,0.024288523984013745,0.4248327329367159,0.5508787430792703
25731,LOF,0.014256259802493973,0.20003781926440228,0.7857059209331038
25732,LOF,0.022059297980042275,0.21323545102899716,0.7647052509909605
25733,LOF,0.02013612305746287,0.24232096550253696,0.7375429114400003
25734,LOF,0.015936320489852763,0.2620265796946994,0.7220370998154477
25735,LOF,0.020707818001791226,0.2648883508291213,0.7144038311690875
25736,LOF,0.019878891299781133,0.261725324381821,0.7183957843183979
25737,LOF,0.024503007975090026,0.39883133827897926,0.5766656537459307
25738,LOF,0.024317354383492498,0.41609845213805874,0.5595841934784488
25739,LOF,0.02472714676260663,0.4044480827112089,0.5708247705261844
25740,LOF,0.03321471299998822,0.3529732510449777,0.6138120359550341
25741,LOF,0.03222018263875668,0.37539087855718506,0.5923889388040582
25742,LOF,0.03435381066097777,0.3378136316191349,0.6278325577198873
25743,LOF,0.03219539029914102,0.04181832151683014,0.9259862881840288
25744,Neutral,0.5823076796221821,0.15546073510390368,0.26223158527391427
25745,LOF,0.04676261454581949,0.0974856033261791,0.8557517821280014
25746,LOF,0.024070520002288324,0.14524735637988434,0.8306821236178273
25747,LOF,0.026209950831621923,0.09489895178981994,0.8788910973785581
25748,LOF,0.1516542276209729,0.12199497641354078,0.7263507959654865
25749,LOF,0.02284979839729589,0.12510517207060118,0.8520450295321029
25750,LOF,0.029907033854847404,0.1251494416581594,0.8449435244869932
25751,LOF,0.034102111993704276,0.35500530381340756,0.6108925841928883
25752,GOF,0.04727481791713817,0.7220235010624259,0.23070168102043595
25753,LOF,0.013379718318957508,0.4375026045940249,0.5491176770870176
25754,GOF,0.016208651788316042,0.7441499600830971,0.23964138812858699
25755,LOF,0.022083953383357516,0.3331937624545177,0.6447222841621247
25756,GOF,0.03097945240535355,0.5200570912284518,0.4489634563661946
25757,GOF,0.013964667566075282,0.8067618310006006,0.17927350143332416
25758,GOF,0.023143709323134747,0.8355170762349403,0.1413392144419248
25759,GOF,0.015146121539169662,0.7119470445379746,0.27290683392285553
25760,LOF,0.020968049062300223,0.4108849040313824,0.5681470469063175
25761,GOF,0.18182681654098995,0.7368800502379298,0.0812931332210801
25762,LOF,0.03529564108079503,0.46480898382506514,0.49989537509413984
25763,LOF,0.02224554947709413,0.3168730112007828,0.6608814393221232
25764,GOF,0.05809510492382804,0.8154870820891489,0.12641781298702323
25765,GOF,0.019283526144516706,0.8384483190838322,0.14226815477165097
25766,GOF,0.056322129318689754,0.8295443957764885,0.11413347490482173
25767,GOF,0.0625984382550329,0.853058872650324,0.0843426890946431
25768,LOF,0.04123052558622179,0.20598988790134132,0.7527795865124369
25769,LOF,0.023334119438033724,0.26840062736586884,0.7082652531960976
25770,LOF,0.3136077386364261,0.08761401843653771,0.5987782429270362
25771,LOF,0.05565795643743034,0.03880654622294617,0.9055354973396235
25772,LOF,0.02777705610583149,0.16032589011257217,0.8118970537815964
25773,LOF,0.05323223220067665,0.044782841531560216,0.901984926267763
25774,LOF,0.018523884840050596,0.17047046159422324,0.8110056535657261
25775,LOF,0.07061158454359824,0.04237685812918769,0.887011557327214
25776,LOF,0.033471663451804745,0.09936116989486526,0.86716716665333
25777,LOF,0.3284051044960536,0.07311349901964843,0.598481396484298
25778,LOF,0.02619485625045759,0.21031473098201786,0.7634904127675245
25779,GOF,0.3959141504949341,0.5467580312456854,0.05732781825938053
25780,GOF,0.430438051002904,0.47477047424714475,0.09479147474995128
25781,GOF,0.1611356718953354,0.7156740239730994,0.1231903041315652
25782,GOF,0.21186566210982263,0.6877792563108678,0.10035508157930965
25783,GOF,0.027670378939122123,0.7765604818638051,0.1957691391970729
25784,Neutral,0.6041503686493295,0.3522426995047401,0.04360693184593047
25785,Neutral,0.670443369471233,0.23204690526389218,0.09750972526487488
25786,GOF,0.019213674210581247,0.7726856020907437,0.2081007236986751
25787,Neutral,0.8379205142103915,0.11048813401451843,0.05159135177509023
25788,LOF,0.027909901161578012,0.051998770441985656,0.9200913283964363
25789,GOF,0.20410496647035237,0.6231436713532313,0.17275136217641618
25790,GOF,0.14254085956718252,0.6945146042969738,0.16294453613584375
25791,GOF,0.13084828925723874,0.5577650115739372,0.311386699168824
25792,GOF,0.38171929153310924,0.39207506470517434,0.22620564376171645
25793,GOF,0.1836172839891102,0.47341071845958643,0.34297199755130325
25794,GOF,0.22888436758903366,0.5150036258903171,0.25611200652064925
25795,GOF,0.05615112071473742,0.7270970740220462,0.2167518052632165
25796,Neutral,0.49311336177775206,0.29003329716176346,0.21685334106048448
25797,GOF,0.08719650214601127,0.5920598057417416,0.32074369211224724
25798,GOF,0.013626764375421022,0.5778314941946524,0.4085417414299265
25799,GOF,0.012441828754287272,0.5284471427081328,0.45911102853757985
25800,GOF,0.05120601429754083,0.7684185552463401,0.18037543045611906
25801,GOF,0.21538260823174046,0.6470465721113136,0.13757081965694598
25802,GOF,0.07953426227359643,0.640167323370954,0.2802984143554497
25803,GOF,0.06149151004113175,0.6446848497873094,0.29382364017155893
25804,GOF,0.0425858050844228,0.6223686379826308,0.33504555693294646
25805,GOF,0.10767613557719906,0.7077011678233271,0.18462269659947392
25806,GOF,0.12191628460258,0.6350371220405635,0.2430465933568565
25807,GOF,0.019130298946562947,0.6270522695011319,0.3538174315523051
25808,GOF,0.08166954411488535,0.6455848333051188,0.27274562257999585
25809,GOF,0.01849627821562059,0.5340390313954455,0.44746469038893383
25810,GOF,0.021938826503471107,0.58083891126623,0.397222262230299
25811,Neutral,0.5621138954106328,0.36766782287027494,0.07021828171909227
25812,LOF,0.05944129688084739,0.459918670827022,0.4806400322921308
25813,Neutral,0.7245364300401678,0.11805391619231106,0.15740965376752117
25814,GOF,0.22262133588990232,0.5266961546117259,0.2506825094983717
25815,GOF,0.3551339735161394,0.47337821910527894,0.1714878073785818
25816,GOF,0.024902334896972897,0.5744896739915497,0.40060799111147744
25817,GOF,0.15712672286543075,0.6848020694509833,0.15807120768358587
25818,GOF,0.046747503117111386,0.5370279714445664,0.4162245254383221
25819,GOF,0.31452829616374434,0.4746267576447768,0.21084494619147892
25820,GOF,0.17954372851735556,0.5416589200086934,0.278797351473951
25821,GOF,0.05670433771358964,0.6355227501853342,0.3077729121010761
25822,GOF,0.18956545728869234,0.5414229549275704,0.2690115877837373
25823,GOF,0.04616552221612661,0.6242155900047218,0.3296188877791516
25824,GOF,0.097133697500812,0.49981872934229127,0.40304757315689665
25825,GOF,0.04158181833782207,0.5135556777416275,0.4448625039205504
25826,GOF,0.013598609452676894,0.6276739551369819,0.35872743541034136
25827,GOF,0.019456593826707475,0.6695419779654804,0.3110014282078122
25828,GOF,0.013627304604008362,0.64519439751697,0.3411782978790216
25829,GOF,0.009824495952300685,0.532616997383799,0.4575585066639003
25830,LOF,0.06987898866736299,0.09379512221387318,0.8363258891187638
25831,GOF,0.11490356973196693,0.7509456196438768,0.1341508106241561
25832,GOF,0.036772682505871714,0.7089366238952298,0.25429069359889833
25833,GOF,0.1410612384642769,0.6681763150601834,0.19076244647553964
25834,GOF,0.05467515916028965,0.703767087760486,0.24155775307922442
25835,GOF,0.09919767398915788,0.7161032449853466,0.18469908102549554
25836,GOF,0.05192590743085232,0.6671530853618196,0.28092100720732804
25837,GOF,0.024928132750657136,0.5822019777204084,0.39286988952893453
25838,GOF,0.1125849733906071,0.677027812188927,0.21038721442046585
25839,GOF,0.333065719595071,0.4622676102936367,0.20466667011129236
25840,GOF,0.16951902645402853,0.6275997752838028,0.20288119826216877
25841,GOF,0.2080268407421448,0.5818678616593782,0.21010529759847701
25842,GOF,0.3134187771219907,0.44782037892422527,0.238760843953784
25843,GOF,0.2671185736601838,0.5714749059909634,0.1614065203488528
25844,GOF,0.11172730876516747,0.47338604959014646,0.41488664164468614
25845,GOF,0.022554302208091712,0.5684476693705409,0.40899802842136734
25846,GOF,0.07989529887548859,0.721726541190238,0.19837815993427324
25847,GOF,0.14779982658034846,0.6734207176859925,0.1787794557336591
25848,GOF,0.04954880610177953,0.5678596058525243,0.3825915880456962
25849,GOF,0.01233227925729366,0.5806561901198924,0.4070115306228138
25850,GOF,0.02398412588539756,0.6795781899883618,0.29643768412624055
25851,GOF,0.01767504607089062,0.6070855437199885,0.3752394102091209
25852,GOF,0.10570207931626925,0.5325578383415851,0.3617400823421457
25853,GOF,0.3118411239536978,0.5250487761213101,0.1631100999249922
25854,GOF,0.012272789182893774,0.6681903293048503,0.3195368815122558
25855,GOF,0.046963743586748805,0.5110191524574242,0.44201710395582694
25856,GOF,0.25202544093379964,0.469762819100845,0.2782117399653553
25857,GOF,0.0390518575418054,0.5596783230148051,0.40126981944338946
25858,GOF,0.020036705059143095,0.7213228363001379,0.25864045864071905
25859,GOF,0.011677623618263001,0.6794777633185033,0.3088446130632337
25860,GOF,0.3304275946475903,0.5061445659616947,0.16342783939071492
25861,GOF,0.21196094115592534,0.7007346406712414,0.08730441817283324
25862,GOF,0.1009373436678847,0.7317212460249861,0.16734141030712923
25863,GOF,0.11587674823202522,0.7254395823809877,0.15868366938698703
25864,GOF,0.21992050075215702,0.6805640723767817,0.09951542687106116
25865,GOF,0.08925635270879759,0.8127033576106597,0.09804028968054276
25866,GOF,0.08497897108465473,0.7890045039921426,0.12601652492320245
25867,GOF,0.11295530906911418,0.7875418448725495,0.0995028460583362
25868,GOF,0.17210262886695124,0.6484547678939926,0.17944260323905617
25869,Neutral,0.7294159033250972,0.2079189780743182,0.06266511860058464
25870,LOF,0.1186935408499595,0.06551477038345348,0.815791688766587
25871,GOF,0.09564036082939645,0.5873324142105679,0.3170272249600356
25872,GOF,0.12400205772303143,0.4750748162004127,0.40092312607655584
25873,GOF,0.15972919751826886,0.6081534949751386,0.23211730750659249
25874,LOF,0.029507645844958737,0.05072097828191733,0.919771375873124
25875,LOF,0.06500932331628262,0.18765519982068368,0.7473354768630336
25876,LOF,0.024729846585240935,0.11818598392502991,0.8570841694897291
25877,LOF,0.39064431688512,0.21574627633770768,0.3936094067771723
25878,LOF,0.1610540519668731,0.401412636421138,0.43753331161198883
25879,LOF,0.08497085960544325,0.37611046630371336,0.5389186740908434
25880,LOF,0.027810626596583503,0.09692077983638218,0.8752685935670343
25881,LOF,0.38566595556662653,0.12825538613933393,0.4860786582940394
25882,LOF,0.08455357227613,0.023631524555710392,0.8918149031681597
25883,LOF,0.07226302004548099,0.04667710429847333,0.8810598756560457
25884,LOF,0.07646383989483854,0.04056508735189214,0.8829710727532692
25885,LOF,0.09247119421269859,0.025882516470845524,0.8816462893164559
25886,LOF,0.2180969588829409,0.14028232581110012,0.641620715305959
25887,LOF,0.3972387437180896,0.09419358074888598,0.5085676755330244
25888,LOF,0.16965341748006615,0.07624203792564356,0.7541045445942903
25889,LOF,0.0803820617497976,0.044388333847691766,0.8752296044025107
25890,LOF,0.05683738836713426,0.09280857025733996,0.8503540413755258
25891,LOF,0.060933686698454344,0.02794562422542159,0.9111206890761241
25892,LOF,0.09330599862237939,0.06639607925195748,0.8402979221256631
25893,LOF,0.31600171821824746,0.056060571787682326,0.6279377099940703
25894,LOF,0.15002793720621443,0.016234316942232787,0.8337377458515527
25895,LOF,0.16685112495409157,0.014713285570967712,0.8184355894749408
25896,LOF,0.04865434780447293,0.018632269766192273,0.9327133824293348
25897,LOF,0.17222299782651057,0.050957822124555976,0.7768191800489335
25898,Neutral,0.6264475848187876,0.03293284539415942,0.3406195697870531
25899,LOF,0.21212738297899864,0.1550332395333694,0.632839377487632
25900,Neutral,0.8127174872041893,0.03793326587912388,0.14934924691668675
25901,LOF,0.07846117068332678,0.031580084954539324,0.8899587443621338
25902,LOF,0.1172394593627395,0.037955486339577155,0.8448050542976833
25903,Neutral,0.5458038970175597,0.092015809287815,0.3621802936946254
25904,LOF,0.27718830864501154,0.07875200466865366,0.6440596866863348
25905,LOF,0.014856867729342527,0.4048908556034344,0.580252276667223
25906,LOF,0.02608718156850548,0.06459846000440875,0.9093143584270859
25907,LOF,0.010974837636968458,0.33797625674181786,0.6510489056212136
25908,LOF,0.01611705176367185,0.21556662608977992,0.7683163221465482
25909,LOF,0.026895764526363528,0.1437351238792999,0.8293691115943366
25910,GOF,0.012315904769432149,0.502097463559513,0.4855866316710549
25911,LOF,0.07621828531449153,0.035955741252637556,0.887825973432871
25912,LOF,0.034853672648462286,0.0747598826553534,0.8903864446961843
25913,LOF,0.20140746709058327,0.023201046708531785,0.7753914862008848
25914,LOF,0.05326690166326578,0.17658593390461105,0.7701471644321232
25915,Neutral,0.5213012661547851,0.33723538194274943,0.14146335190246548
25916,GOF,0.0464271784874092,0.7275223672182436,0.22605045429434725
25917,LOF,0.030152519469089804,0.11526698065663274,0.8545804998742774
25918,LOF,0.049743576484472626,0.08429376105105241,0.865962662464475
25919,LOF,0.052307827682579494,0.05359246774876272,0.8940997045686577
25920,GOF,0.23486250917036364,0.6460266988395145,0.11911079199012198
25921,LOF,0.055113394300690254,0.0725492112035202,0.8723373944957896
25922,LOF,0.04915828132346327,0.05991344411183066,0.8909282745647061
25923,LOF,0.21967946562242177,0.1411891619714344,0.6391313724061439
25924,LOF,0.06379573635837367,0.023471421424819377,0.912732842216807
25925,LOF,0.05311997213651019,0.060688359228621855,0.886191668634868
25926,LOF,0.03600239525779508,0.0461566082764265,0.9178409964657784
25927,LOF,0.09317353330276024,0.0974418016936444,0.8093846650035953
25928,LOF,0.044368149200251894,0.028499267919044367,0.9271325828807038
25929,LOF,0.34683921892530567,0.12684900411986502,0.5263117769548293
25930,LOF,0.07136194294689555,0.043256679921792905,0.8853813771313115
25931,LOF,0.046049652792056125,0.022619197437177718,0.9313311497707663
25932,LOF,0.08151220389213741,0.031615752943978385,0.8868720431638843
25933,LOF,0.08434752800242273,0.0266601795868075,0.8889922924107697
25934,LOF,0.07804178871808096,0.04075697554530551,0.8812012357366136
25935,LOF,0.0384089114029972,0.052974274447298755,0.9086168141497041
25936,LOF,0.08522142396152671,0.025736419325016337,0.8890421567134569
25937,LOF,0.056838212345707566,0.03561316282426079,0.9075486248300317
25938,LOF,0.05207856708744576,0.10516585546259118,0.8427555774499631
25939,LOF,0.06453601215402244,0.045795244283896565,0.8896687435620809
25940,GOF,0.02390535855233736,0.5662065037009874,0.40988813774667543
25941,LOF,0.1867931960802935,0.052028860854262046,0.7611779430654445
25942,LOF,0.031128108454722844,0.00895130195365463,0.9599205895916224
25943,LOF,0.40304911668484217,0.03353654211639298,0.563414341198765
25944,Neutral,0.5050399168039928,0.028802106072095716,0.4661579771239115
25945,LOF,0.1880996944052238,0.13687049404386065,0.6750298115509156
25946,LOF,0.01657028886996801,0.22851067741881503,0.7549190337112169
25947,LOF,0.07878211526930036,0.1760166320908125,0.7452012526398872
25948,LOF,0.41119967895547943,0.008300378461598715,0.5804999425829219
25949,LOF,0.1461807243629877,0.014155107745275328,0.8396641678917369
25950,GOF,0.30682739559830896,0.4268982592811931,0.26627434512049797
25951,LOF,0.20053731928559615,0.30579388673612246,0.49366879397828145
25952,GOF,0.04535745270149145,0.5930266632060475,0.36161588409246104
25953,LOF,0.12781772409619951,0.37472488594143094,0.4974573899623695
25954,Neutral,0.47121903220627903,0.3702795826511837,0.15850138514253725
25955,LOF,0.05313123427416611,0.20837621007129353,0.7384925556545403
25956,LOF,0.120540605727299,0.1770615921601864,0.7023978021125146
25957,LOF,0.03358116535658942,0.03420853900520944,0.9322102956382012
25958,LOF,0.07858237330995385,0.03717737075350762,0.8842402559365384
25959,LOF,0.14161607771492865,0.37844036592004116,0.4799435563650303
25960,LOF,0.031235999985987768,0.08794315519052627,0.8808208448234859
25961,LOF,0.06820797396406092,0.08502972755825246,0.8467622984776866
25962,LOF,0.049055831536996386,0.08606566656477714,0.8648785018982265
25963,LOF,0.036959618543198396,0.18051129400752747,0.7825290874492741
25964,LOF,0.07340280072334786,0.1312691037477865,0.7953280955288655
25965,Neutral,0.48961920005807147,0.08811035301888023,0.4222704469230484
25966,LOF,0.19296003853321134,0.34859989333903973,0.4584400681277488
25967,LOF,0.023689530625781385,0.16292610149351133,0.8133843678807072
25968,LOF,0.05741357953459435,0.385179035426379,0.5574073850390266
25969,LOF,0.022092448023516384,0.06948709726211413,0.9084204547143695
25970,LOF,0.040152691378601876,0.05306219094344472,0.9067851176779534
25971,LOF,0.08735746678424985,0.05545816117844624,0.8571843720373039
25972,LOF,0.11644399412351415,0.05670283697351705,0.8268531689029689
25973,LOF,0.14366922215538983,0.012875356559112948,0.8434554212854971
25974,LOF,0.35896581042626335,0.05648699461758297,0.5845471949561536
25975,LOF,0.07118686898593472,0.041018541374803874,0.8877945896392615
25976,LOF,0.03692104249295607,0.07899275166665927,0.8840862058403848
25977,LOF,0.03296119700286087,0.2711163078698176,0.6959224951273215
25978,LOF,0.24329793916155423,0.10719584080636396,0.6495062200320818
25979,LOF,0.214086398537903,0.15337721285325254,0.6325363886088444
25980,LOF,0.28214857646082864,0.17198496210173597,0.5458664614374354
25981,LOF,0.28214857646082864,0.17198496210173597,0.5458664614374354
25982,Neutral,0.47482585139392225,0.09011927210517286,0.4350548765009049
25983,Neutral,0.521273285007693,0.11007048074968163,0.3686562342426254
25984,LOF,0.03427035350773028,0.2601893548361286,0.7055402916561412
25985,LOF,0.022433093245839218,0.4690880437711083,0.5084788629830524
25986,GOF,0.03579505073512038,0.4948155184622775,0.4693894308026022
25987,LOF,0.08381661603109673,0.11839504459298772,0.7977883393759156
25988,LOF,0.030161894640389687,0.26777482626003024,0.70206327909958
25989,LOF,0.024536610952350022,0.2759393978290811,0.6995239912185689
25990,LOF,0.030737754493343133,0.19587916187132415,0.7733830836353328
25991,LOF,0.23818224055738077,0.27771162269289,0.48410613674972935
25992,LOF,0.34801415574166017,0.2089838126546451,0.4430020316036948
25993,LOF,0.038380492443762834,0.08303552602392532,0.8785839815323118
25994,LOF,0.03821882476749847,0.08574042245253448,0.8760407527799671
25995,LOF,0.03915102129942752,0.1102467589809594,0.850602219719613
25996,LOF,0.1465283945374526,0.38103755881096674,0.4724340466515805
25997,GOF,0.08726016731309459,0.4787875831962689,0.43395224949063654
25998,LOF,0.48637277842059995,0.012021202685476436,0.5016060188939236
25999,LOF,0.15213068817038566,0.32194412441040254,0.5259251874192117
26000,LOF,0.08218376402943563,0.02206907751218591,0.8957471584583784
26001,LOF,0.12599334416291408,0.07149754745193077,0.8025091083851552
26002,LOF,0.07949408774169987,0.04744817198304771,0.8730577402752525
26003,GOF,0.011211203642660365,0.6793560049600725,0.30943279139726704
26004,GOF,0.034042895888743874,0.737688564021832,0.22826854008942413
26005,GOF,0.01033174950708569,0.5207981510813585,0.46887009941155583
26006,Neutral,0.4792629137009032,0.3632845129155772,0.1574525733835196
26007,GOF,0.017458355682610293,0.6620136013827671,0.32052804293462256
26008,GOF,0.018797956682788504,0.6204506356103218,0.36075140770688957
26009,GOF,0.040182781367849994,0.6611476636464116,0.29866955498573833
26010,GOF,0.011477818189326973,0.8495321563301642,0.1389900254805088
26011,GOF,0.008893536778007862,0.591613786870548,0.39949267635144414
26012,GOF,0.01666867296229956,0.576400064974915,0.4069312620627853
26013,GOF,0.011986246061949916,0.7078652797646681,0.280148474173382
26014,LOF,0.04545794820198166,0.14584600773623763,0.8086960440617806
26015,LOF,0.211907735598242,0.012258847827103727,0.7758334165746542
26016,LOF,0.36129117240381364,0.046582523915912465,0.5921263036802739
26017,LOF,0.30548890679851914,0.05340711764337159,0.6411039755581093
26018,LOF,0.07338350992013253,0.05561392851231391,0.8710025615675535
26019,LOF,0.07864296678969063,0.026345957945032823,0.8950110752652766
26020,LOF,0.10346941636917871,0.06959880146156303,0.8269317821692583
26021,LOF,0.10920213661405467,0.0894031672428022,0.8013946961431432
26022,LOF,0.02555471221412835,0.026442771331131158,0.9480025164547405
26023,LOF,0.1609832813028312,0.03835787031138042,0.8006588483857884
26024,LOF,0.04450199107705497,0.1132207108617346,0.8422772980612104
26025,LOF,0.25572529061867,0.14533357285257853,0.5989411365287515
26026,LOF,0.4684720406789136,0.0314974431622603,0.5000305161588261
26027,LOF,0.08541215962765435,0.022321046138753003,0.8922667942335928
26028,LOF,0.1786666630617605,0.13958625354315304,0.6817470833950865
26029,LOF,0.054600634690418835,0.3868254747691278,0.5585738905404534
26030,LOF,0.023957710095298766,0.13332650403044136,0.8427157858742598
26031,LOF,0.014992208803333613,0.31590724650122043,0.669100544695446
26032,LOF,0.043893685452068225,0.1849238212389782,0.7711824933089536
26033,LOF,0.11396044407433618,0.434817375240445,0.4512221806852188
26034,LOF,0.024803888849988093,0.2352587263053439,0.7399373848446681
26035,LOF,0.021682522082291975,0.29662361929988657,0.6816938586178215
26036,LOF,0.027141828967139982,0.2404220961824522,0.7324360748504078
26037,LOF,0.017689937917311112,0.21617843704293951,0.7661316250397494
26038,LOF,0.04345284890501562,0.16575581278755633,0.7907913383074281
26039,LOF,0.04282576101007724,0.2700121212614179,0.6871621177285048
26040,GOF,0.19320898480684132,0.5783822607118776,0.22840875448128117
26041,LOF,0.02081099636149745,0.2167196948111343,0.7624693088273683
26042,LOF,0.019512033510237975,0.20511806854877085,0.7753698979409911
26043,LOF,0.04112406020209978,0.21859372940149316,0.7402822103964071
26044,LOF,0.024968689268903187,0.22015059617558175,0.7548807145555151
26045,LOF,0.055972307690943114,0.2821501944318255,0.6618774978772314
26046,LOF,0.04661735750490981,0.2569678696413458,0.6964147728537444
26047,LOF,0.05818722310821488,0.23249136967117953,0.7093214072206055
26048,LOF,0.08227850456845195,0.13963102928302373,0.7780904661485242
26049,Neutral,0.9073963019966247,0.052486848866806816,0.040116849136568454
26050,Neutral,0.8827161575553539,0.06152047341333123,0.0557633690313149
26051,GOF,0.026856295095858296,0.5713705741484719,0.4017731307556699
26052,GOF,0.025494174371689198,0.5657406874543108,0.40876513817399995
26053,LOF,0.05181603681262792,0.32366856512832387,0.6245153980590482
26054,LOF,0.060983313134354906,0.03783925469798158,0.9011774321676634
26055,LOF,0.051157856598864834,0.028374841481451054,0.9204673019196841
26056,LOF,0.040417039261422046,0.03391195757241222,0.9256710031661657
26057,LOF,0.06457093583048291,0.08977186375805457,0.8456572004114625
26058,LOF,0.06526352204578273,0.07478856235270759,0.8599479156015097
26059,LOF,0.40290681389172395,0.07267488864454102,0.5244182974637351
26060,LOF,0.04876431377720799,0.33979821339074523,0.6114374728320467
26061,LOF,0.037537602832233286,0.08005617031274259,0.8824062268550241
26062,LOF,0.026485138286124865,0.04122813252153322,0.9322867291923419
26063,LOF,0.0709250600198777,0.06123565454656292,0.8678392854335594
26064,LOF,0.04331085899617847,0.034913196613256384,0.9217759443905652
26065,LOF,0.0721224342245273,0.04606353207138876,0.881814033704084
26066,LOF,0.07461905610449603,0.061190989148904654,0.8641899547465994
26067,LOF,0.07756892392798875,0.05442284810053428,0.8680082279714769
26068,LOF,0.054087344244377764,0.058603384513720116,0.8873092712419022
26069,LOF,0.3250708809173803,0.0382163656432002,0.6367127534394195
26070,Neutral,0.544941118371369,0.023087597612773587,0.4319712840158574
26071,LOF,0.06355187983991814,0.07023953085103375,0.8662085893090482
26072,LOF,0.04625852570367272,0.0734042179758425,0.8803372563204847
26073,LOF,0.07412284133518046,0.031798696734028346,0.8940784619307913
26074,Neutral,0.9557921197570777,0.011580633870813407,0.03262724637210901
26075,LOF,0.03076056190855117,0.044126650570416884,0.925112787521032
26076,LOF,0.0762721982512901,0.04780400123382183,0.8759238005148879
26077,LOF,0.02522334547091546,0.08768348138458125,0.8870931731445034
26078,LOF,0.02360735898216617,0.06627775694963936,0.9101148840681945
26079,LOF,0.05134159314179672,0.039210346971798,0.9094480598864053
26080,LOF,0.05134159314179672,0.039210346971798,0.9094480598864053
26081,LOF,0.07442112507810497,0.06484499692368899,0.860733877998206
26082,LOF,0.03818164074187039,0.045137804069017594,0.9166805551891121
26083,LOF,0.07166687261758245,0.05077824417975439,0.8775548832026632
26084,LOF,0.06326248090812396,0.07292075267650656,0.8638167664153695
26085,LOF,0.06326248090812396,0.07292075267650656,0.8638167664153695
26086,LOF,0.066844301099189,0.08461027886322381,0.8485454200375872
26087,LOF,0.06759108180334246,0.061019958861412094,0.8713889593352454
26088,LOF,0.04054492966456708,0.15297876616272005,0.8064763041727129
26089,LOF,0.04578032330646918,0.03515439220359981,0.9190652844899311
26090,LOF,0.04044518875727966,0.03050672773738566,0.9290480835053346
26091,LOF,0.07898516076796287,0.030838117552896765,0.8901767216791403
26092,LOF,0.07287867735729625,0.07551660989907133,0.8516047127436325
26093,LOF,0.07887474985298892,0.03017056687334667,0.8909546832736644
26094,LOF,0.08039935905583277,0.02790135778495386,0.8916992831592134
26095,LOF,0.07308076096305258,0.02827992218300004,0.8986393168539473
26096,LOF,0.04149360585146557,0.02907813677080302,0.9294282573777315
26097,LOF,0.020205901707030377,0.09473806611831875,0.885056032174651
26098,LOF,0.05421266335654306,0.024890123917235246,0.9208972127262217
26099,LOF,0.07997208807763488,0.06601519938144654,0.8540127125409185
26100,LOF,0.07997208807763488,0.06601519938144654,0.8540127125409185
26101,LOF,0.06236093118476836,0.1412528790466605,0.7963861897685712
26102,LOF,0.06808444911189286,0.06695671788908009,0.864958832999027
26103,Neutral,0.7796384185954613,0.08673145281222759,0.1336301285923112
26104,LOF,0.0404381004308475,0.05686643897207791,0.9026954605970746
26105,LOF,0.1737539140713689,0.09422900041705644,0.7320170855115746
26106,LOF,0.16183827770185158,0.04259738851136502,0.7955643337867834
26107,LOF,0.2944193233572628,0.03658366901912327,0.668997007623614
26108,LOF,0.1574100109327665,0.0631881400571788,0.7794018490100548
26109,LOF,0.08534829616060573,0.0825573916697465,0.8320943121696479
26110,LOF,0.2901998879174238,0.03328807083907123,0.6765120412435051
26111,LOF,0.33806867486260306,0.12332609116440069,0.5386052339729963
26112,LOF,0.09021599355957123,0.026476496051802897,0.8833075103886258
26113,LOF,0.09001571908344577,0.07927379908256325,0.830710481833991
26114,LOF,0.03847302763874875,0.025068156652572005,0.9364588157086793
26115,LOF,0.2128820705120593,0.04863410671649906,0.7384838227714418
26116,LOF,0.09096444535039441,0.05022060971458097,0.8588149449350246
26117,LOF,0.2833013955097042,0.17625356795842684,0.5404450365318689
26118,LOF,0.06623247425856015,0.028830625905803146,0.9049368998356367
26119,LOF,0.03802280325388145,0.1320998090211067,0.829877387725012
26120,LOF,0.059890175241624925,0.04224452754457603,0.897865297213799
26121,LOF,0.06815290384721559,0.11165180295430417,0.8201952931984803
26122,LOF,0.07787463375687173,0.15531873251078887,0.7668066337323395
26123,LOF,0.06410322664836478,0.18922236357361918,0.746674409778016
