feature0,prediction,LoGoFunc_Neutral,LoGoFunc_GOF,LoGoFunc_LOF
25546,Neutral,0.5996012591465705,0.050703848144103086,0.34969489270932647
25547,Neutral,0.5130280790509834,0.0719722496156824,0.4149996713333342
25548,Neutral,0.5314566006154848,0.07062493009068828,0.39791846929382685
25549,Neutral,0.4699954385492516,0.07021347418111894,0.4597910872696296
25550,LOF,0.37019092768085254,0.09154563843773882,0.5382634338814086
25551,LOF,0.3109478019715836,0.09409384957641034,0.594958348452006
25552,LOF,0.28240582225295907,0.10322275929123995,0.6143714184558009
25553,Neutral,0.769430959698648,0.05406259319061291,0.17650644711073915
25554,LOF,0.2977832480995162,0.08946625120749603,0.6127505006929878
25555,LOF,0.2484632652057171,0.09370093167061726,0.6578358031236656
25556,LOF,0.4399976320389868,0.08425873884766881,0.47574362911334445
25557,LOF,0.22993370495822937,0.09217603751303097,0.6778902575287397
25558,LOF,0.2865064862790784,0.09019716640002585,0.6232963473208958
25559,LOF,0.27589358051915874,0.03609439880201526,0.688012020678826
25560,LOF,0.10995330246155331,0.12049665045966061,0.769550047078786
25561,LOF,0.09662453746014481,0.1836169413027158,0.7197585212371395
25562,LOF,0.04046310095151727,0.06641703122167196,0.8931198678268109
25563,LOF,0.00851690770878102,0.15527251219620639,0.8362105800950126
25564,LOF,0.07576691037670177,0.09113548518400388,0.8330976044392943
25565,LOF,0.19848506345347264,0.12835220670338085,0.6731627298431466
25566,GOF,0.07054435502942627,0.7947097400706211,0.1347459048999525
25567,LOF,0.05789419964206059,0.15794212128805185,0.7841636790698876
25568,LOF,0.05979169669983696,0.11384896712866688,0.826359336171496
25569,LOF,0.06310665227119547,0.1062353831760521,0.8306579645527524
25570,LOF,0.028737832177867264,0.14068367464021772,0.830578493181915
25571,LOF,0.028301075485009285,0.14901996418213348,0.8226789603328571
25572,LOF,0.06357501506434961,0.22528844630009293,0.7111365386355575
25573,LOF,0.07323793826278008,0.14651750706947092,0.780244554667749
25574,LOF,0.0934708096363346,0.24444409458830832,0.662085095775357
25575,LOF,0.027391346625026975,0.16051777598916506,0.812090877385808
25576,LOF,0.02831423208958388,0.27572720215956953,0.6959585657508466
25577,LOF,0.031245522142923806,0.20508339568086018,0.7636710821762159
25578,LOF,0.29406073704834873,0.09099602635370717,0.6149432365979441
25579,LOF,0.20293478333182333,0.09397072352882815,0.7030944931393486
25580,LOF,0.026881430965380048,0.09132830774565051,0.8817902612889694
25581,LOF,0.04056484583494133,0.1304711786065812,0.8289639755584776
25582,LOF,0.04028633799636516,0.12676931228378518,0.8329443497198495
25583,LOF,0.036152155435241536,0.1006694034569484,0.86317844110781
25584,Neutral,0.7264412913016971,0.12031535200970568,0.1532433566885972
25585,LOF,0.027685969271656508,0.20675504051328583,0.7655589902150577
25586,LOF,0.025021774123082985,0.11428992979561138,0.8606882960813056
25587,LOF,0.02434273499163678,0.11641281754621459,0.8592444474621487
25588,LOF,0.029609121963272932,0.08992343447896531,0.8804674435577619
25589,Neutral,0.6026737683451727,0.19917379832755813,0.19815243332726906
25590,LOF,0.06456434860084825,0.15430464039037314,0.7811310110087785
25591,LOF,0.09989436180499206,0.09956606842211266,0.8005395697728953
25592,LOF,0.09232733958491958,0.18806320522435283,0.7196094551907276
25593,LOF,0.14991901797899637,0.337177064802741,0.5129039172182627
25594,LOF,0.04133810406387602,0.0667783333448855,0.8918835625912385
25595,LOF,0.044306100441096015,0.030042862649792834,0.9256510369091112
25596,LOF,0.11355949681987276,0.01835426801493669,0.8680862351651906
25597,LOF,0.0893960079472242,0.02143666854104311,0.8891673235117327
25598,LOF,0.04685417724627746,0.03186199849702592,0.9212838242566965
25599,LOF,0.025773061309911395,0.4130837904365519,0.5611431482535366
25600,LOF,0.16578251281924478,0.3809149776431703,0.45330250953758483
25601,LOF,0.04514839524921395,0.325307281376483,0.629544323374303
25602,LOF,0.029568731986201108,0.08582495084827499,0.8846063171655238
25603,LOF,0.05907933776266961,0.07263966676658286,0.8682809954707476
25604,LOF,0.06416406233950299,0.15361055889018121,0.7822253787703158
25605,LOF,0.059399701045394535,0.17256987462510906,0.7680304243294963
25606,Neutral,0.4533166318471396,0.27719270193060797,0.26949066622225243
25607,LOF,0.035680703493776764,0.23140951034509538,0.7329097861611278
25608,LOF,0.05042867156571053,0.09951675274685044,0.850054575687439
25609,GOF,0.198611725893559,0.5397551818245417,0.26163309228189924
25610,LOF,0.024788590115123188,0.08769717226087562,0.8875142376240013
25611,LOF,0.016571460779648217,0.09314202993056375,0.890286509289788
25612,LOF,0.06893038984416051,0.11165383086344231,0.8194157792923971
25613,LOF,0.05942592215389139,0.12298370948615069,0.8175903683599579
25614,LOF,0.029152659376913557,0.09068004505455511,0.8801672955685312
25615,LOF,0.06396105220355132,0.08854173483337886,0.8474972129630698
25616,LOF,0.07623275142235342,0.09996067442170996,0.8238065741559366
25617,LOF,0.05963381103982252,0.10962181287525734,0.8307443760849201
25618,LOF,0.06386331840303386,0.18937133342721404,0.7467653481697522
25619,LOF,0.015847714951944418,0.1432997203340736,0.8408525647139818
25620,LOF,0.05466015108847012,0.11462725616731566,0.8307125927442143
25621,LOF,0.09349217261043738,0.0905977984587123,0.8159100289308504
25622,LOF,0.09647279271927534,0.11698894535920927,0.7865382619215154
25623,LOF,0.07951081357024785,0.09294326068626584,0.8275459257434863
25624,LOF,0.025450032795341495,0.08337392301423674,0.8911760441904217
25625,LOF,0.07672666031865728,0.10443391456346866,0.818839425117874
25626,LOF,0.0643848005107833,0.10975392563122012,0.8258612738579966
25627,Neutral,0.874120682064391,0.03009370101747267,0.09578561691813647
25628,LOF,0.17404375825492832,0.06455526572706272,0.761400976018009
25629,LOF,0.061992957711227564,0.07783068832248403,0.8601763539662883
25630,LOF,0.29110800914937435,0.08523183041602156,0.623660160434604
25631,Neutral,0.5023641585087396,0.06166691843418765,0.4359689230570727
25632,LOF,0.028721205080250778,0.13511089368546117,0.8361679012342881
25633,LOF,0.19798249388758724,0.08060910064391318,0.7214084054684996
25634,LOF,0.04080420761983183,0.12217761496555335,0.8370181774146149
25635,LOF,0.03195564865839478,0.05944631695136246,0.9085980343902428
25636,GOF,0.033870875447110226,0.5369388011499252,0.4291903234029646
25637,GOF,0.03350664831968379,0.5044651108343637,0.4620282408459525
25638,LOF,0.022238335221262534,0.44277772153904865,0.5349839432396888
25639,LOF,0.030966041491720327,0.4106183906576471,0.5584155678506325
25640,Neutral,0.7802910688975591,0.16612072596850783,0.05358820513393309
25641,LOF,0.126041344242542,0.4228214844824673,0.4511371712749906
25642,LOF,0.13993520578597196,0.27300596293469526,0.5870588312793327
25643,LOF,0.4246971246356439,0.1103495200037829,0.4649533553605732
25644,GOF,0.008675617678625975,0.703542759768465,0.28778162255290884
25645,GOF,0.010044345579913726,0.658676269566617,0.3312793848534693
25646,LOF,0.01563931295735163,0.42908703582829955,0.5552736512143489
25647,LOF,0.008831324793876338,0.33972075221733833,0.6514479229887853
25648,LOF,0.013163719537119329,0.3922624793774472,0.5945738010854335
25649,LOF,0.008575494586710395,0.2748378076812568,0.7165866977320329
25650,GOF,0.03088552382119702,0.5850465722113938,0.3840679039674092
25651,LOF,0.009955760846774547,0.41164786786565655,0.5783963712875689
25652,LOF,0.008549636330072288,0.47345599299403124,0.5179943706758964
25653,GOF,0.031356700793197065,0.6717416632844755,0.2969016359223275
25654,LOF,0.010490695038285642,0.3832535730289274,0.6062557319327869
25655,GOF,0.09472327456201955,0.687772225653874,0.21750449978410635
25656,LOF,0.1944604681365911,0.10755995305911746,0.6979795788042915
25657,LOF,0.03053049895978883,0.10487964259019172,0.8645898584500195
25658,LOF,0.1969799188919381,0.1662071819396383,0.6368128991684237
25659,LOF,0.3039992235472401,0.2163484599242641,0.4796523165284958
25660,LOF,0.022046744373119747,0.1393137982769492,0.8386394573499311
25661,LOF,0.061537179214540605,0.09309765571012615,0.8453651650753333
25662,LOF,0.025602085597170487,0.05183800560096714,0.9225599088018624
25663,LOF,0.029961732390393306,0.047769793960481,0.9222684736491257
25664,LOF,0.09489579828715414,0.08281319472017931,0.8222910069926666
25665,LOF,0.04399439579270152,0.04602163998255461,0.9099839642247438
25666,LOF,0.07061775147059918,0.06620713916177556,0.8631751093676253
25667,LOF,0.05157962310770524,0.05714510433990682,0.891275272552388
25668,LOF,0.027015680298463934,0.07489001740071152,0.8980943023008247
25669,LOF,0.018357938808446893,0.0657403898740573,0.9159016713174959
25670,LOF,0.11747363950342464,0.054969036249542094,0.8275573242470333
25671,LOF,0.07718215091789923,0.051340679656925806,0.871477169425175
25672,LOF,0.03737566106548748,0.07415228662572804,0.8884720523087845
25673,LOF,0.07988690995880021,0.052521409848311974,0.8675916801928878
25674,LOF,0.07375116187257183,0.07259039039207509,0.853658447735353
25675,LOF,0.06748794494213967,0.08300912056356649,0.8495029344942938
25676,LOF,0.015203602104497428,0.08255447022077732,0.9022419276747252
25677,LOF,0.014343673531310813,0.10655126624177985,0.8791050602269093
25678,LOF,0.14663860773620113,0.10417352739279523,0.7491878648710036
25679,LOF,0.10996010449298516,0.111157083056446,0.7788828124505689
25680,LOF,0.01960177864508082,0.15607385606529572,0.8243243652896234
25681,LOF,0.030702698990654347,0.14086848561355933,0.8284288153957863
25682,LOF,0.09075127755042858,0.0979695508287414,0.8112791716208301
25683,LOF,0.09163394999097516,0.10878690299165165,0.7995791470173732
25684,LOF,0.02184908193887979,0.0874760326388591,0.890674885422261
25685,LOF,0.1036258120044586,0.12228303645701676,0.7740911515385247
25686,LOF,0.04998292355312641,0.2475242721444869,0.7024928043023867
25687,LOF,0.09996011905523303,0.22200691646066437,0.6780329644841027
25688,LOF,0.4356450152988946,0.02361456842112746,0.540740416279978
25689,LOF,0.23863969693911855,0.03062117076148918,0.7307391322993922
25690,LOF,0.3445794642119422,0.018825087256346042,0.6365954485317117
25691,Neutral,0.7497657817895599,0.01817222392389469,0.23206199428654542
25692,LOF,0.32381935853357735,0.010580064225530034,0.6656005772408926
25693,LOF,0.042352731126496214,0.4649969471306533,0.49265032174285056
25694,LOF,0.10696560108866672,0.026467893089568026,0.8665665058217652
25695,LOF,0.1078598954165386,0.010042123800502543,0.8820979807829589
25696,LOF,0.0975397850056673,0.026890216700251712,0.875569998294081
25697,LOF,0.0481916850698105,0.08116983328288498,0.8706384816473046
25698,LOF,0.2895810008787063,0.19473048994899467,0.515688509172299
25699,LOF,0.31962803013783725,0.059369072363828275,0.6210028974983345
25700,LOF,0.05431196971603926,0.013873134018426563,0.9318148962655342
25701,LOF,0.15919095513782555,0.04754910582777182,0.7932599390344027
25702,GOF,0.2291938974345589,0.6400696245955365,0.13073647796990454
25703,LOF,0.01855095474756502,0.20338186782535264,0.7780671774270823
25704,LOF,0.03496901730311195,0.18260094826928117,0.7824300344276068
25705,LOF,0.031151347929548108,0.08601313572098442,0.8828355163494673
25706,GOF,0.11481074939719493,0.4975204236777597,0.3876688269250453
25707,LOF,0.10847166950348928,0.34651674205220945,0.5450115884443013
25708,LOF,0.0380590241132311,0.408542397435413,0.553398578451356
25709,LOF,0.06607637854777541,0.05142468883252555,0.882498932619699
25710,LOF,0.01778342612856272,0.18361159641659885,0.7986049774548384
25711,LOF,0.018699290819506265,0.09316643292924047,0.8881342762512532
25712,LOF,0.01672147464111563,0.2291343323764489,0.7541441929824354
25713,LOF,0.017328608741917054,0.07663680253790707,0.906034588720176
25714,LOF,0.06930243538655988,0.06866041243135038,0.8620371521820898
25715,LOF,0.011380338484780546,0.1307734167136376,0.8578462448015818
25716,LOF,0.013757099528653569,0.14210249994909874,0.8441404005222478
25717,LOF,0.019184244854473457,0.09464363194300188,0.8861721232025247
25718,LOF,0.010825140248202253,0.059602724407827844,0.9295721353439699
25719,LOF,0.02354001914320549,0.10170924776759004,0.8747507330892044
25720,LOF,0.029310913317733396,0.053991021177849347,0.9166980655044173
25721,LOF,0.01123244111818668,0.09998635010176196,0.8887812087800513
25722,LOF,0.012978451932778669,0.08170866438854608,0.9053128836786754
25723,LOF,0.02428132194626985,0.05715819928666514,0.9185604787670649
25724,LOF,0.03491446627869394,0.11008479514702,0.855000738574286
25725,LOF,0.01086417551265119,0.09774840235503977,0.8913874221323089
25726,LOF,0.017054432346148157,0.1487242285099242,0.8342213391439276
25727,LOF,0.013972527652678136,0.08213884194701589,0.9038886304003059
25728,LOF,0.010561424140949668,0.11233619813260934,0.8771023777264411
25729,LOF,0.010824568733229052,0.11067880313602728,0.8784966281307437
25730,LOF,0.014643232835439442,0.10756144091674133,0.8777953262478192
25731,LOF,0.019876313136529777,0.16293826668740022,0.8171854201760701
25732,LOF,0.014309976212878661,0.054734439038343435,0.9309555847487778
25733,LOF,0.01509959340318261,0.0734696359597495,0.9114307706370678
25734,LOF,0.013218982707207217,0.1825505377763702,0.8042304795164226
25735,LOF,0.010606918224593413,0.07252708917583539,0.9168659925995711
25736,LOF,0.01216052788796904,0.07131382016545759,0.9165256519465733
25737,LOF,0.013359972857623125,0.10104982947586802,0.8855901976665089
25738,LOF,0.011879563110430227,0.0980772349778867,0.8900432019116832
25739,LOF,0.018875263087865204,0.08594368990457246,0.8951810470075623
25740,LOF,0.02922835584309017,0.10293990173460768,0.8678317424223021
25741,LOF,0.014313597675087516,0.109220293806746,0.8764661085181664
25742,LOF,0.10145133405855876,0.079990504370713,0.8185581615707281
25743,LOF,0.04618699714358671,0.06639908623577297,0.8874139166206403
25744,Neutral,0.6148964408806491,0.2434475843965956,0.14165597472275537
25745,LOF,0.06632223299215653,0.07439122377593717,0.8592865432319062
25746,LOF,0.04123289201399757,0.11724384567500624,0.8415232623109962
25747,LOF,0.018406418352363656,0.15081232802376796,0.8307812536238683
25748,LOF,0.09489464217174388,0.189851043487631,0.7152543143406251
25749,LOF,0.027678415499310303,0.1059874010639859,0.8663341834367037
25750,LOF,0.06378613564293864,0.10421284601293028,0.8320010183441311
25751,LOF,0.11750183062886153,0.18158170124752374,0.7009164681236147
25752,GOF,0.13258618781067305,0.6701933177728329,0.19722049441649406
25753,LOF,0.03620989742510489,0.4038146430620832,0.5599754595128119
25754,GOF,0.027549884074656503,0.7804746965682453,0.19197541935709805
25755,LOF,0.03715915805750637,0.352400385444616,0.6104404564978776
25756,LOF,0.06564622988473369,0.44660070235898397,0.4877530677562822
25757,GOF,0.023234933554263152,0.8544568828410383,0.12230818360469846
25758,GOF,0.03387783153437332,0.8207421291217851,0.14538003934384158
25759,GOF,0.018879025102999526,0.7079951210361269,0.27312585386087346
25760,LOF,0.021026757087331843,0.4136906478011585,0.5652825951115097
25761,GOF,0.3134818856721945,0.6030740004970344,0.08344411383077102
25762,LOF,0.05884072596029003,0.41780386181709506,0.523355412222615
25763,LOF,0.019744984245252936,0.3409839995502196,0.6392710162045275
25764,GOF,0.07099062802074686,0.7437004532599996,0.18530891871925348
25765,GOF,0.0429160674152909,0.7837456331013318,0.1733382994833772
25766,GOF,0.09810497543799576,0.7439768703129299,0.15791815424907427
25767,GOF,0.12045624725506289,0.5433644631402758,0.33617928960466137
25768,LOF,0.09738051246974673,0.03893045455014763,0.8636890329801057
25769,LOF,0.0457381977968231,0.07117564634759552,0.8830861558555814
25770,LOF,0.41669717460377287,0.09071843701350862,0.4925843883827184
25771,LOF,0.07140833284553157,0.045103116160105254,0.8834885509943631
25772,LOF,0.017868203452531695,0.049799380811269334,0.9323324157361991
25773,LOF,0.07790239451360455,0.044382898030514234,0.8777147074558813
25774,LOF,0.02644731851480034,0.13175206552436386,0.8418006159608359
25775,LOF,0.08624250205069797,0.04090778213244812,0.872849715816854
25776,LOF,0.06663256119435615,0.031398870645090775,0.901968568160553
25777,Neutral,0.5344802786974727,0.07940212100380444,0.3861176002987229
25778,LOF,0.05718888840390453,0.0471878454669801,0.8956232661291155
25779,GOF,0.4167250119875822,0.5248830045369558,0.05839198347546203
25780,GOF,0.36823319379198705,0.5355669814665984,0.09619982474141449
25781,GOF,0.11142507707618886,0.7457320612853973,0.1428428616384141
25782,GOF,0.17251059106986846,0.7059490223381696,0.12154038659196187
25783,GOF,0.02275325278417946,0.6618812928086706,0.3153654544071499
25784,Neutral,0.5371387169902233,0.40070713073350767,0.062154152276269005
25785,Neutral,0.5268434617673223,0.38974457111262406,0.08341196712005355
25786,GOF,0.027643714182226203,0.7001075587796556,0.27224872703811825
25787,Neutral,0.708417194720986,0.24415882560348365,0.0474239796755303
25788,LOF,0.05488095682586439,0.07563997448608914,0.8694790686880465
25789,GOF,0.21115525706111632,0.6462518790810159,0.14259286385786782
25790,GOF,0.26559969725206706,0.5752164669297415,0.15918383581819143
25791,GOF,0.13300545110424197,0.6059294198258232,0.2610651290699349
25792,GOF,0.34447683129599355,0.4559264131998513,0.19959675550415507
25793,GOF,0.251987893231008,0.44792734435825676,0.3000847624107353
25794,GOF,0.3269011527913422,0.46453527850029164,0.20856356870836634
25795,GOF,0.07573558068331612,0.6144856299975521,0.3097787893191319
25796,Neutral,0.5014114892272395,0.38512056380607457,0.11346794696668587
25797,GOF,0.0853597854613435,0.5182827598352148,0.3963574547034418
25798,GOF,0.012105799509786165,0.5686853795536078,0.4192088209366061
25799,LOF,0.00986956253216177,0.47721194026569386,0.5129184972021444
25800,GOF,0.03897152224324182,0.6355342205801179,0.32549425717664027
25801,GOF,0.22362282485028231,0.639190526279825,0.13718664886989262
25802,GOF,0.07281434172260844,0.6458254966197347,0.2813601616576569
25803,GOF,0.05337132969625786,0.5636341713269685,0.3829944989767738
25804,GOF,0.042313728874815465,0.49146913282815136,0.46621713829703315
25805,GOF,0.0981375728228688,0.533537762310498,0.36832466486663323
25806,GOF,0.13781714165545278,0.5641954053178106,0.2979874530267366
25807,GOF,0.02393842407822879,0.5813866985760411,0.39467487734573026
25808,GOF,0.11257009293661047,0.5322529125356876,0.35517699452770196
25809,GOF,0.02302828376076499,0.5506857054118732,0.4262860108273619
25810,GOF,0.02348105997692713,0.5435034114937362,0.4330155285293367
25811,GOF,0.4575357735405403,0.46395576921599085,0.07850845724346883
25812,GOF,0.04448017642428984,0.6210857038939289,0.33443411968178116
25813,Neutral,0.5869363147164299,0.27040873806826776,0.1426549472153023
25814,GOF,0.14431632703830544,0.5777905381204215,0.27789313484127315
25815,GOF,0.2798539882508809,0.5377748163535612,0.18237119539555782
25816,GOF,0.021649570073129704,0.6474895508259874,0.3308608791008829
25817,GOF,0.1985392150140115,0.6483324038181395,0.15312838116784905
25818,GOF,0.04223411054657677,0.5883689630166791,0.3693969264367441
25819,GOF,0.3611266918782075,0.4562981723196391,0.18257513580215337
25820,GOF,0.1927045114772394,0.572079726174005,0.23521576234875557
25821,GOF,0.06441209692944985,0.6547483478523227,0.2808395552182275
25822,GOF,0.24882696151838704,0.5127613124839742,0.23841172599763874
25823,GOF,0.040232320109646766,0.5132037851522403,0.4465638947381129
25824,GOF,0.09000966545667721,0.49728579853919314,0.4127045360041297
25825,GOF,0.03455644966743369,0.5221125254352206,0.4433310248973458
25826,GOF,0.012791540722489458,0.5128385678402362,0.47436989143727437
25827,GOF,0.020792990178119822,0.5434712475643051,0.435735762257575
25828,LOF,0.015348796484405292,0.47847208350468834,0.5061791200109063
25829,GOF,0.009056009049782664,0.5508368890503427,0.44010710189987473
25830,LOF,0.037443056811395405,0.2644916605976713,0.6980652825909331
25831,GOF,0.1308197143802957,0.7100253031054679,0.15915498251423654
25832,GOF,0.039910176404191325,0.6859924564845704,0.2740973671112383
25833,GOF,0.12032160237144462,0.6756285723167061,0.2040498253118492
25834,GOF,0.04900038702068893,0.6869774947592174,0.26402211822009375
25835,GOF,0.09873978647587575,0.6134101975494088,0.2878500159747153
25836,GOF,0.05165800631072713,0.6638161924487492,0.2845258012405237
25837,GOF,0.0267577363066839,0.525662650950182,0.447579612743134
25838,GOF,0.09175459115720448,0.6893194195081684,0.21892598933462712
25839,GOF,0.2789750850221009,0.5046072012981956,0.21641771367970355
25840,GOF,0.19557198931454717,0.5819536666830997,0.22247434400235322
25841,GOF,0.24597086028478102,0.5491459543194152,0.20488318539580389
25842,GOF,0.158200350135078,0.6195734282752946,0.2222262215896275
25843,GOF,0.2177361542564393,0.6203970035884963,0.16186684215506442
25844,GOF,0.06538660783690986,0.6406906591397495,0.2939227330233406
25845,GOF,0.01578341430776987,0.5114198637187682,0.47279672197346195
25846,GOF,0.08787952082757322,0.695307428966771,0.21681305020565583
25847,GOF,0.11623024611768318,0.6828606287805205,0.20090912510179623
25848,GOF,0.05147490047843889,0.6439197650129541,0.3046053345086069
25849,GOF,0.01562420198575631,0.5587610349274758,0.425614763086768
25850,GOF,0.029543353732740314,0.6246091771432217,0.345847469124038
25851,GOF,0.025320629412928196,0.5222827284107678,0.45239664217630393
25852,GOF,0.13500012141412912,0.5164061763951879,0.348593702190683
25853,GOF,0.3361400812982134,0.5509376737007475,0.11292224500103903
25854,GOF,0.021829738368828032,0.6939251047062164,0.28424515692495556
25855,GOF,0.04734178099937216,0.5990004320561807,0.3536577869444472
25856,GOF,0.2312280868273468,0.5619400766199164,0.2068318365527368
25857,GOF,0.042887451401112046,0.5406429721305507,0.4164695764683373
25858,GOF,0.019463719930859238,0.6289695923532793,0.35156668771586136
25859,GOF,0.01133216038353777,0.6224694025490041,0.3661984370674583
25860,GOF,0.3058925331208898,0.5772662100282617,0.11684125685084848
25861,GOF,0.3206868441418395,0.5787661492445332,0.10054700661362734
25862,GOF,0.062436924321010175,0.7760228130302292,0.16154026264876056
25863,GOF,0.07033044026018263,0.7723665651420849,0.15730299459773248
25864,GOF,0.13380633177890613,0.7417556238235901,0.12443804439750386
25865,GOF,0.07377099946702328,0.7498113107286779,0.17641768980429887
25866,GOF,0.060623128950626874,0.7926539205539086,0.14672295049546455
25867,GOF,0.06737606588866034,0.7984810174349265,0.1341429166764132
25868,GOF,0.21517875192545344,0.6320396221245026,0.15278162595004394
25869,Neutral,0.6640652244433186,0.2707354668583924,0.06519930869828905
25870,LOF,0.2423833642207389,0.2724605259844832,0.4851561097947778
25871,GOF,0.16970220933799957,0.6601874341091987,0.1701103565528017
25872,GOF,0.0793924870736924,0.6032579150211358,0.3173495979051718
25873,GOF,0.13540456017967298,0.6048377219586196,0.2597577178617073
25874,LOF,0.022347443969631467,0.08217561836082055,0.895476937669548
25875,LOF,0.04364483594564949,0.1871845893621661,0.7691705746921843
25876,LOF,0.020254742071658272,0.10844716448490503,0.8712980934434368
25877,LOF,0.35995436124818164,0.204215316963791,0.4358303217880273
25878,LOF,0.11832460793821384,0.2799946497096417,0.6016807423521444
25879,LOF,0.0618701718698354,0.28982695962718746,0.6483028685029772
25880,LOF,0.021091232876771775,0.0470892818893653,0.931819485233863
25881,LOF,0.20743561339125102,0.15033372627615288,0.6422306603325961
25882,LOF,0.07959291071937093,0.018420352405148742,0.9019867368754804
25883,LOF,0.08851580638384555,0.03310335709386406,0.8783808365222904
25884,LOF,0.048457335192388595,0.035520466466691804,0.9160221983409196
25885,LOF,0.06562023141612988,0.021380197211115146,0.9129995713727551
25886,LOF,0.36383001135922327,0.08213415902039357,0.5540358296203831
25887,LOF,0.2156050377973653,0.14732363032678303,0.6370713318758516
25888,LOF,0.07831171216132508,0.08704923871683727,0.8346390491218375
25889,LOF,0.038787889418558145,0.04169400319332926,0.9195181073881125
25890,LOF,0.06799628669202809,0.11416368703411793,0.817840026273854
25891,LOF,0.07114556362232426,0.05503037735754495,0.8738240590201309
25892,LOF,0.10254482360454702,0.03843148089825086,0.8590236954972021
25893,LOF,0.33324325147911116,0.029721561607078364,0.6370351869138104
25894,LOF,0.18867508322618917,0.011168993531032588,0.8001559232427782
25895,LOF,0.24347543093751128,0.020941750394337738,0.735582818668151
25896,LOF,0.04728379026382188,0.023962568642124354,0.9287536410940537
25897,LOF,0.2569867523808297,0.03254161467479149,0.7104716329443789
25898,Neutral,0.8051379801960951,0.021421308887569587,0.17344071091633534
25899,LOF,0.2218862001556076,0.07334744971320488,0.7047663501311876
25900,Neutral,0.6514596321368056,0.016188024212248363,0.332352343650946
25901,LOF,0.044804935671218,0.016167553131468327,0.9390275111973138
25902,LOF,0.18420547968424963,0.02051391030650965,0.7952806100092407
25903,Neutral,0.6196595496767587,0.06962813676355413,0.3107123135596872
25904,LOF,0.27532402429153213,0.04818327755848131,0.6764926981499866
25905,LOF,0.03919319676773037,0.35789815375261247,0.6029086494796572
25906,LOF,0.025375637291399578,0.06870459411755991,0.9059197685910405
25907,LOF,0.012304367521994153,0.40549523330711423,0.5822003991708916
25908,LOF,0.015007945664229024,0.2638698128748574,0.7211222414609136
25909,LOF,0.01792482182350828,0.11250748231734277,0.869567695859149
25910,LOF,0.023752294539201982,0.43041131363301516,0.5458363918277829
25911,LOF,0.06034813252382998,0.060477343363937314,0.8791745241122327
25912,LOF,0.026610362833963855,0.1274395124591045,0.8459501247069316
25913,LOF,0.22037430215576773,0.04345952899212309,0.7361661688521092
25914,LOF,0.021494888519098847,0.08939238917147457,0.8891127223094265
25915,Neutral,0.41278437457330436,0.2844986591708431,0.3027169662558526
25916,LOF,0.02927411525242636,0.43770801255030833,0.5330178721972654
25917,LOF,0.04494875311661595,0.05665653062271523,0.8983947162606688
25918,LOF,0.026725906509145924,0.04978162245063519,0.9234924710402188
25919,LOF,0.02446305783880503,0.05645799614979388,0.919078946011401
25920,GOF,0.1252565593541124,0.50820010445169,0.3665433361941976
25921,LOF,0.031580841715380094,0.027137484898836977,0.941281673385783
25922,LOF,0.04368267971556031,0.020669681957915555,0.9356476383265242
25923,LOF,0.39135646651002803,0.028472479120983066,0.580171054368989
25924,LOF,0.04369262676447762,0.02735806249955368,0.9289493107359686
25925,LOF,0.06881326995939185,0.03865113802668969,0.8925355920139185
25926,LOF,0.05108162945341255,0.02554244265183003,0.9233759278947573
25927,LOF,0.06801422487727235,0.05237035024171024,0.8796154248810174
25928,LOF,0.02461911195259755,0.021667469425647186,0.9537134186217552
25929,Neutral,0.5509162353186831,0.03604209258702819,0.4130416720942887
25930,LOF,0.06651402746850017,0.02013428368143725,0.9133516888500625
25931,LOF,0.03222017055073322,0.018443355956202723,0.9493364734930639
25932,LOF,0.02967194931535107,0.01896816487979747,0.9513598858048514
25933,LOF,0.040415816211368326,0.012007259875126727,0.947576923913505
25934,LOF,0.027871325541901148,0.01772913105139775,0.9543995434067011
25935,LOF,0.06576350259499845,0.03967626241940458,0.894560234985597
25936,LOF,0.04714230906203611,0.020481523093553663,0.9323761678444101
25937,LOF,0.03488381832860017,0.02385407032516561,0.9412621113462343
25938,LOF,0.06007580633795839,0.050307387880831514,0.8896168057812102
25939,LOF,0.043861465781173434,0.012754904601960002,0.9433836296168665
25940,GOF,0.025494340723595372,0.494534531986962,0.4799711272894426
25941,LOF,0.1745585099629026,0.059397100674404325,0.7660443893626931
25942,LOF,0.01698364198700597,0.02810069248923192,0.9549156655237622
25943,LOF,0.4008429555115479,0.049291763667960106,0.549865280820492
25944,LOF,0.4785892904028412,0.02913633521793958,0.4922743743792193
25945,LOF,0.08131114398178807,0.024944802029146357,0.8937440539890655
25946,LOF,0.03945959027303199,0.11271669029200047,0.8478237194349676
25947,LOF,0.16262342121221354,0.20325843947066002,0.6341181393171264
25948,LOF,0.3910782280834242,0.013590531788753026,0.5953312401278228
25949,LOF,0.13051645446070897,0.0422536356051811,0.8272299099341099
25950,GOF,0.2524245141498806,0.4524363959758875,0.295139089874232
25951,LOF,0.23749383036118982,0.13162598791484004,0.6308801817239702
25952,LOF,0.052307845761946074,0.3886712716777739,0.55902088256028
25953,LOF,0.14923258799469583,0.09721313476854702,0.7535542772367572
25954,Neutral,0.3778982735499761,0.24525264565295227,0.3768490807970716
25955,LOF,0.07480609707151734,0.09859186441163785,0.8266020385168449
25956,LOF,0.24703377688321693,0.03451715059419146,0.7184490725225917
25957,LOF,0.048823732195826086,0.014155687841611518,0.9370205799625624
25958,LOF,0.06327525786549526,0.027168539129536522,0.9095562030049682
25959,LOF,0.11956225882150769,0.31407862803900355,0.5663591131394888
25960,LOF,0.02758332967797167,0.057295285774984786,0.9151213845470435
25961,LOF,0.05383001544937481,0.038009946852842445,0.9081600376977828
25962,LOF,0.057349168406167966,0.039753723083965034,0.902897108509867
25963,LOF,0.06357098060641955,0.14171914673915983,0.7947098726544206
25964,LOF,0.03618510100118882,0.14732068563486084,0.8164942133639503
25965,Neutral,0.5165150973061271,0.055020598272816926,0.42846430442105593
25966,LOF,0.2796313423347287,0.35883447904640514,0.3615341786188662
25967,LOF,0.01290152154503471,0.14411030422208976,0.8429881742328755
25968,LOF,0.044025126394282174,0.44615354023716663,0.5098213333685512
25969,LOF,0.021819303601074543,0.0661854323381159,0.9119952640608094
25970,LOF,0.06664651028524017,0.045256410193293066,0.8880970795214667
25971,LOF,0.08339804020483457,0.02141142386296735,0.895190535932198
25972,LOF,0.08415236106814353,0.02325665407327157,0.8925909848585849
25973,LOF,0.0865243410713832,0.011497054023735145,0.9019786049048816
25974,LOF,0.32633640460351826,0.03352677611865615,0.6401368192778256
25975,LOF,0.04950707384343854,0.031634935538527545,0.9188579906180339
25976,LOF,0.031511439938532525,0.0257933097725722,0.9426952502888953
25977,LOF,0.12170807097956046,0.10654874114632777,0.7717431878741119
25978,LOF,0.17128832749018313,0.08900215555292583,0.739709516956891
25979,LOF,0.16091850924535572,0.07630379712914097,0.7627776936255033
25980,LOF,0.20568040130359133,0.1834297165502311,0.6108898821461776
25981,LOF,0.2449854604492206,0.1728687344097375,0.582145805141042
25982,LOF,0.4422611849641832,0.08976117672064908,0.46797763831516764
25983,LOF,0.42509457705637316,0.07765208165914655,0.4972533412844803
25984,LOF,0.04541009793936459,0.07733633620189515,0.8772535658587403
25985,LOF,0.020757889040407002,0.2705424524049371,0.708699658554656
25986,LOF,0.027109140199570277,0.27653533127004803,0.6963555285303817
25987,LOF,0.08714679864423662,0.06720122424539386,0.8456519771103694
25988,LOF,0.10288824731075003,0.06078303942290203,0.836328713266348
25989,LOF,0.023823889987797612,0.08914177829262343,0.887034331719579
25990,LOF,0.03311300689091531,0.0806750934947386,0.8862118996143461
25991,LOF,0.21835187621248706,0.32039178305789595,0.46125634072961713
25992,LOF,0.4005443950609146,0.18405294032301553,0.41540266461606995
25993,LOF,0.0324795382140007,0.06954349271987302,0.8979769690661263
25994,LOF,0.02104417586067423,0.09567032049452386,0.883285503644802
25995,LOF,0.03637080104060067,0.0868800319241824,0.876749167035217
25996,GOF,0.28078096352581605,0.41080091949013303,0.3084181169840509
25997,GOF,0.1047716237567515,0.453802025992742,0.44142635025050647
25998,Neutral,0.5020260327505852,0.04028446136304329,0.4576895058863715
25999,LOF,0.11594828787422162,0.1153478182228431,0.7687038939029353
26000,LOF,0.07547621613640056,0.027252632661608392,0.8972711512019911
26001,LOF,0.17990284107184354,0.03887747315323477,0.7812196857749216
26002,LOF,0.10231792205037261,0.038159736365701254,0.859522341583926
26003,GOF,0.013083216304140914,0.6475781826302507,0.33933860106560837
26004,GOF,0.030303880790129342,0.6791507085041426,0.2905454107057281
26005,GOF,0.013513363431653214,0.5168418767211566,0.46964475984719023
26006,Neutral,0.5506635873642484,0.27037537651876636,0.17896103611698527
26007,GOF,0.025828252019704092,0.6037134869711449,0.3704582610091509
26008,GOF,0.02043161634811038,0.589143492006159,0.3904248916457306
26009,GOF,0.03858301329052824,0.671854954192088,0.28956203251738377
26010,GOF,0.023924174043816585,0.6926202393942421,0.2834555865619413
26011,LOF,0.011625693452904201,0.48771115265104364,0.5006631538960521
26012,GOF,0.022474148193480314,0.5515103389231452,0.4260155128833745
26013,GOF,0.016635733746882236,0.7005576977871231,0.28280656846599467
26014,LOF,0.05447708701778906,0.1440720478609379,0.801450865121273
26015,LOF,0.19691991108172294,0.009827911240408025,0.793252177677869
26016,LOF,0.32010674800052685,0.0401634083134641,0.6397298436860092
26017,LOF,0.20133610471549077,0.060685908796591075,0.7379779864879182
26018,LOF,0.10456490980826563,0.035476134098075825,0.8599589560936585
26019,LOF,0.1006438912917951,0.021593788431895897,0.877762320276309
26020,LOF,0.07955832529971518,0.06970459828314154,0.8507370764171434
26021,LOF,0.07075515594126629,0.07763606896755429,0.8516087750911795
26022,LOF,0.013268412065932877,0.047359359567271775,0.9393722283667955
26023,LOF,0.1526558071017876,0.020588634572932918,0.8267555583252795
26024,LOF,0.0395957010534818,0.0670455851996187,0.8933587137468995
26025,LOF,0.18881011204271742,0.059857124489705725,0.7513327634675769
26026,LOF,0.3681504216510495,0.01109326684481336,0.6207563115041372
26027,LOF,0.10423821727927815,0.01394758646708109,0.8818141962536407
26028,LOF,0.22883349697784716,0.07877808050604536,0.6923884225161074
26029,LOF,0.1133376623150734,0.14009015403150052,0.746572183653426
26030,LOF,0.032235372989640666,0.03213452631297034,0.9356301006973889
26031,LOF,0.037255875273992246,0.1052164200285283,0.8575277046974795
26032,LOF,0.10300004138606583,0.020018689154925356,0.8769812694590088
26033,LOF,0.14754500729838355,0.021145522104816093,0.8313094705968005
26034,LOF,0.0626996203308875,0.09830744134822346,0.8389929383208891
26035,LOF,0.042227693355332926,0.08481132615215103,0.8729609804925159
26036,LOF,0.059574777643667136,0.10458290224480926,0.8358423201115237
26037,LOF,0.03632831452889508,0.0814171199377407,0.8822545655333641
26038,LOF,0.10204118395829469,0.019618401157869083,0.8783404148838362
26039,LOF,0.08875937839997029,0.08979765651316768,0.8214429650868621
26040,LOF,0.28300567946126054,0.06023689082869332,0.6567574297100461
26041,LOF,0.035264896004275514,0.0783316881458461,0.8864034158498783
26042,LOF,0.03581590177191971,0.07895590564383882,0.8852281925842415
26043,LOF,0.09915060042976839,0.027698698628129452,0.8731507009421022
26044,LOF,0.03734836134098431,0.03757216525681667,0.925079473402199
26045,LOF,0.11215785428254875,0.06477909955059992,0.8230630461668513
26046,LOF,0.1124624600627637,0.02861191806027339,0.8589256218769629
26047,LOF,0.14134699661566813,0.03576493454287284,0.8228880688414589
26048,LOF,0.06104459668842681,0.031535578482714176,0.907419824828859
26049,Neutral,0.9446479294873849,0.005509045995760664,0.04984302451685439
26050,Neutral,0.9245992799930887,0.005755725664687783,0.0696449943422236
26051,GOF,0.0434454764577933,0.5026623250298952,0.4538921985123115
26052,GOF,0.040100242693375046,0.5993929075178475,0.3605068497887775
26053,LOF,0.051086949093551305,0.4226604431786919,0.5262526077277568
26054,LOF,0.05507365603002342,0.06972362638885299,0.8752027175811234
26055,LOF,0.0663430788165642,0.06199984152284357,0.8716570796605922
26056,LOF,0.057604171394903744,0.07749503699168822,0.864900791613408
26057,LOF,0.02905718021464392,0.026518202528451443,0.9444246172569046
26058,LOF,0.029110706819589015,0.022801421829021205,0.9480878713513897
26059,LOF,0.3845985499368128,0.07141422430623988,0.5439872257569474
26060,LOF,0.03558957622821004,0.27745821189580044,0.6869522118759895
26061,LOF,0.019919378447126854,0.05700856198892496,0.9230720595639481
26062,LOF,0.014466243911370769,0.05874146212011981,0.9267922939685095
26063,LOF,0.02330317559729609,0.02602421050437933,0.9506726138983246
26064,LOF,0.02328684767700204,0.036035504856812395,0.9406776474661857
26065,LOF,0.02785280050414752,0.027328089594390315,0.9448191099014622
26066,LOF,0.021373940657399837,0.033308671612120165,0.9453173877304799
26067,LOF,0.02370215199670481,0.021721532961186417,0.9545763150421088
26068,LOF,0.05099677246727258,0.06941056258524388,0.8795926649474834
26069,LOF,0.40661310045894,0.056519579987691956,0.536867319553368
26070,Neutral,0.6344694537990698,0.02587832021471683,0.33965222598621336
26071,LOF,0.023241094373358633,0.033576568918984015,0.9431823367076573
26072,LOF,0.0243381682982061,0.06888307371476421,0.9067787579870298
26073,LOF,0.025340310329233222,0.02637322751405092,0.9482864621567159
26074,Neutral,0.8745140431275459,0.012334106399039126,0.1131518504734151
26075,LOF,0.04054181381681327,0.05441669782769796,0.9050414883554888
26076,LOF,0.04233143928893036,0.02019786529349826,0.9374706954175713
26077,LOF,0.010826703499039424,0.06453599767759252,0.9246372988233681
26078,LOF,0.01418130577436252,0.0473865675598375,0.9384321266658
26079,LOF,0.050168870150297196,0.048769770910972995,0.9010613589387299
26080,LOF,0.050168870150297196,0.048769770910972995,0.9010613589387299
26081,LOF,0.031241327297384425,0.018169115793025728,0.9505895569095899
26082,LOF,0.022290269695011217,0.0540064764789727,0.923703253826016
26083,LOF,0.13144966963836477,0.029963501658163513,0.8385868287034718
26084,LOF,0.02611174495806847,0.03978162979333761,0.9341066252485939
26085,LOF,0.021978831135612307,0.033623172265713167,0.9443979965986745
26086,LOF,0.02246202929022033,0.03664206157591783,0.9408959091338619
26087,LOF,0.025097363712032143,0.026329159866466112,0.9485734764215017
26088,LOF,0.026710419292606907,0.07088691746454495,0.902402663242848
26089,LOF,0.04623819978772317,0.06981670463638158,0.8839450955758953
26090,LOF,0.043344893692452965,0.057475485485372416,0.8991796208221746
26091,LOF,0.03862451610638027,0.016614442082303213,0.9447610418113166
26092,LOF,0.029278089845585137,0.02211332360428609,0.9486085865501287
26093,LOF,0.04158498593893233,0.014645805916439103,0.9437692081446286
26094,LOF,0.04352498203159141,0.014404673155087503,0.9420703448133211
26095,LOF,0.040121248030695375,0.045156266894181965,0.9147224850751227
26096,LOF,0.018119540690354347,0.042233635807761134,0.9396468235018844
26097,LOF,0.012459194799951851,0.12225464882831921,0.8652861563717289
26098,LOF,0.06024296688493377,0.04558174310420237,0.8941752900108637
26099,LOF,0.024659481435324444,0.04184286862399023,0.9334976499406852
26100,LOF,0.02572884421804574,0.03750087338215839,0.9367702823997959
26101,LOF,0.05628508632208335,0.04048298031036439,0.9032319333675521
26102,LOF,0.025723054302853463,0.027611853810673694,0.9466650918864727
26103,Neutral,0.8737384045032338,0.05058219405917861,0.07567940143758763
26104,LOF,0.050734793033194885,0.0952762955623494,0.8539889114044558
26105,LOF,0.302275059735249,0.19201437426297502,0.505710566001776
26106,LOF,0.15856073750434746,0.13691337317121227,0.7045258893244403
26107,LOF,0.27789213722313727,0.12157395784753196,0.6005339049293308
26108,LOF,0.19222794927278936,0.13633716309902358,0.671434887628187
26109,LOF,0.06584298962638756,0.1279838929425194,0.8061731174310931
26110,LOF,0.254505129598394,0.027501316892576722,0.7179935535090293
26111,LOF,0.44394783830594997,0.043847050068590555,0.5122051116254596
26112,LOF,0.038626117609221376,0.0257534812462684,0.9356204011445103
26113,LOF,0.05371220171798041,0.061719274810146524,0.8845685234718732
26114,LOF,0.021242972595757078,0.031364969963588396,0.9473920574406545
26115,LOF,0.12159860353130798,0.06124021174767671,0.8171611847210153
26116,LOF,0.055038346525887745,0.05609498431817997,0.8888666691559323
26117,LOF,0.3341947025155744,0.11792645875894166,0.5478788387254839
26118,LOF,0.044458664010796706,0.05226973514676382,0.9032716008424395
26119,LOF,0.026037165106826257,0.0741188204864086,0.8998440144067651
26120,LOF,0.03626480221379085,0.04702164610789805,0.916713551678311
26121,LOF,0.05384282759675854,0.12206797708951204,0.8240891953137294
26122,LOF,0.06511166854146438,0.06059869064431021,0.8742896408142253
