feature0,prediction,LoGoFunc_Neutral,LoGoFunc_GOF,LoGoFunc_LOF
25546,Neutral,0.5848819290073721,0.1211470897746382,0.29397098121798965
25547,Neutral,0.4679110597149089,0.18896487426445308,0.34312406602063816
25548,LOF,0.3610808609443322,0.19390277423263597,0.44501636482303175
25549,LOF,0.361459701056991,0.18071912331148257,0.45782117563152647
25550,LOF,0.33378041716446344,0.0750943261670844,0.5911252566684521
25551,LOF,0.2688100298192626,0.08532192556444768,0.6458680446162899
25552,LOF,0.26614155093121605,0.09141832126988707,0.6424401277988969
25553,Neutral,0.7873717458299235,0.060660170398924566,0.15196808377115195
25554,LOF,0.2525881628638916,0.07709338001884689,0.6703184571172616
25555,LOF,0.23754138276431996,0.08373831503883714,0.6787203021968429
25556,LOF,0.3789807954500288,0.06126938156856073,0.5597498229814105
25557,LOF,0.2472904434399022,0.10907667914028123,0.6436328774198166
25558,LOF,0.2389282817279883,0.13618435436631593,0.6248873639056959
25559,LOF,0.3011170928028519,0.025551824323970213,0.6733310828731779
25560,LOF,0.04406628315060539,0.2475274402761223,0.7084062765732724
25561,LOF,0.050577679885556046,0.18926004943932848,0.7601622706751154
25562,LOF,0.03269210654655205,0.22992833086019518,0.7373795625932528
25563,LOF,0.01710638506950427,0.13957102715333264,0.8433225877771631
25564,LOF,0.07091085577241174,0.07471916489929603,0.8543699793282922
25565,LOF,0.34432920990243093,0.12595208764758145,0.5297187024499875
25566,GOF,0.04730496333808078,0.6454596354201528,0.3072354012417664
25567,LOF,0.025937120125977577,0.1530606771454611,0.8210022027285614
25568,LOF,0.056621025823743246,0.06872626938043404,0.8746527047958228
25569,LOF,0.06776310492475929,0.07627409861964923,0.8559627964555915
25570,LOF,0.051614548495156044,0.12897885786121893,0.8194065936436251
25571,LOF,0.051614548495156044,0.12897885786121893,0.8194065936436251
25572,LOF,0.06617276340512936,0.08780941588519425,0.8460178207096763
25573,LOF,0.16042719339652775,0.13264708310903695,0.7069257234944353
25574,GOF,0.1842650885693026,0.7023025079376052,0.11343240349309233
25575,LOF,0.051614548495156044,0.12897885786121893,0.8194065936436251
25576,LOF,0.024463537710349075,0.17142087444596985,0.8041155878436812
25577,LOF,0.02764654185601814,0.10894578911730948,0.8634076690266724
25578,LOF,0.11065803218658925,0.35697354921026253,0.5323684186031482
25579,LOF,0.09688784931538583,0.32347833635868745,0.5796338143259268
25580,LOF,0.051614548495156044,0.12897885786121893,0.8194065936436251
25581,LOF,0.060863411465950146,0.07113465617451883,0.868001932359531
25582,LOF,0.060863411465950146,0.07113465617451883,0.868001932359531
25583,LOF,0.051614548495156044,0.12897885786121893,0.8194065936436251
25584,Neutral,0.7156626466553335,0.028089704014369585,0.256247649330297
25585,LOF,0.0325551095754091,0.12470672912908412,0.8427381612955067
25586,LOF,0.051614548495156044,0.12897885786121893,0.8194065936436251
25587,LOF,0.051614548495156044,0.12897885786121893,0.8194065936436251
25588,LOF,0.051614548495156044,0.12897885786121893,0.8194065936436251
25589,Neutral,0.6533854714388583,0.19781343512009517,0.1488010934410465
25590,LOF,0.06611564879594142,0.12897446401812268,0.8049098871859358
25591,LOF,0.10083338825584508,0.07588712426971624,0.8232794874744386
25592,GOF,0.28759235824741713,0.41147621852843663,0.3009314232241463
25593,GOF,0.11098687539599411,0.6241693617207723,0.2648437628832337
25594,LOF,0.05370696912059197,0.08959658243100957,0.8566964484483985
25595,LOF,0.05912512236170365,0.07818200598492327,0.862692871653373
25596,LOF,0.1426894119589041,0.027044038333832936,0.830266549707263
25597,LOF,0.12935142643415523,0.021091016198307246,0.8495575573675376
25598,LOF,0.050247734523582034,0.058806839264069044,0.890945426212349
25599,LOF,0.021529282009244696,0.4102054313019479,0.5682652866888074
25600,GOF,0.09727551330119433,0.4859629948718824,0.4167614918269233
25601,GOF,0.036561050417109116,0.5259605922096506,0.4374783573732402
25602,LOF,0.07958255311531247,0.06446532317494896,0.8559521237097386
25603,LOF,0.0888215715870886,0.08072243379795356,0.8304559946149579
25604,LOF,0.08722198228803137,0.20595182052198918,0.7068261971899794
25605,LOF,0.15361270830443852,0.21298945539020003,0.6333978363053614
25606,Neutral,0.5786115366623263,0.0847130768705211,0.33667538646715256
25607,LOF,0.056224924946382704,0.21737421229349896,0.7264008627601184
25608,LOF,0.04700333863982521,0.1360841085621519,0.8169125527980229
25609,GOF,0.0906206440074797,0.6950183733543884,0.214360982638132
25610,LOF,0.04499692025690166,0.12804627410514158,0.8269568056379567
25611,LOF,0.04499692025690166,0.12804627410514158,0.8269568056379567
25612,LOF,0.09092849327580335,0.030745672839606594,0.87832583388459
25613,LOF,0.11775199448102516,0.03237479168852826,0.8498732138304466
25614,LOF,0.04499692025690166,0.12804627410514158,0.8269568056379567
25615,LOF,0.07899277267094994,0.10506099944996423,0.8159462278790858
25616,LOF,0.04499692025690166,0.12804627410514158,0.8269568056379567
25617,LOF,0.04499692025690166,0.12804627410514158,0.8269568056379567
25618,LOF,0.11606976320519953,0.36127809115316817,0.5226521456416323
25619,LOF,0.04499692025690166,0.12804627410514158,0.8269568056379567
25620,LOF,0.04499692025690166,0.12804627410514158,0.8269568056379567
25621,LOF,0.08963432804452819,0.08391884296497759,0.8264468289904943
25622,LOF,0.09032148610355582,0.06199735157161607,0.8476811623248282
25623,LOF,0.10356841040441703,0.0601252194981535,0.8363063700974295
25624,LOF,0.04499692025690166,0.12804627410514158,0.8269568056379567
25625,LOF,0.09105718132332016,0.034762286495989676,0.8741805321806901
25626,LOF,0.05874113918064389,0.036238683758218586,0.9050201770611375
25627,Neutral,0.8414615937554991,0.059412322292593994,0.09912608395190671
25628,LOF,0.125378446924646,0.27666227611406796,0.597959276961286
25629,LOF,0.042382991983139204,0.15223332851030724,0.8053836795065534
25630,LOF,0.40081399984312316,0.0957174719738042,0.5034685281830727
25631,LOF,0.35339225175219074,0.1637831604260611,0.4828245878217482
25632,LOF,0.0156711319080663,0.24743006500892625,0.7368988030830075
25633,LOF,0.03681945081916959,0.2354471075236703,0.7277334416571601
25634,LOF,0.049711151664858615,0.09363224643054567,0.8566566019045957
25635,LOF,0.03681945081916959,0.2354471075236703,0.7277334416571601
25636,GOF,0.020578186943258924,0.6153079785440311,0.36411383451270984
25637,GOF,0.014802720075336985,0.7886969027760182,0.1965003771486448
25638,GOF,0.010142126698313561,0.6738764512358703,0.31598142206581625
25639,GOF,0.020090239669391136,0.6776389742670861,0.3022707860635228
25640,Neutral,0.7528400644199554,0.16342136007235963,0.08373857550768496
25641,GOF,0.03896095871604974,0.7526893698065453,0.2083496714774049
25642,LOF,0.05278795867580252,0.3916671702387886,0.5555448710854088
25643,LOF,0.2558858689757726,0.30894074839875313,0.43517338262547434
25644,GOF,0.013351766992033285,0.49346227128715653,0.4931859617208102
25645,GOF,0.011684637111192862,0.5470929067509699,0.44122245613783717
25646,GOF,0.015819873102647777,0.6017552265554847,0.38242490034186744
25647,LOF,0.012002798116884901,0.3917457216839999,0.5962514801991152
25648,LOF,0.01722426261212561,0.3376839300412681,0.6450918073466062
25649,LOF,0.011095877677766033,0.21539380192169857,0.7735103204005355
25650,LOF,0.044077369153088,0.4168449685741713,0.5390776622727407
25651,LOF,0.013067219687252725,0.35617229396726713,0.6307604863454802
25652,LOF,0.00997674947723018,0.47845367863977134,0.5115695718829986
25653,GOF,0.03579663704499571,0.4983804197466808,0.4658229432083236
25654,GOF,0.00889751567943934,0.4977988232426536,0.4933036610779072
25655,GOF,0.040579562871996835,0.6924060965522815,0.26701434057572165
25656,LOF,0.1796388008820217,0.38251931220410085,0.43784188691387743
25657,LOF,0.042401538924260455,0.2378270364333562,0.7197714246423833
25658,LOF,0.0918032123474367,0.3400642576935667,0.5681325299589967
25659,Neutral,0.5443843368387188,0.26731173148430193,0.18830393167697926
25660,LOF,0.0400605263913859,0.1365162288429479,0.8234232447656661
25661,LOF,0.0400605263913859,0.1365162288429479,0.8234232447656661
25662,LOF,0.0400605263913859,0.1365162288429479,0.8234232447656661
25663,LOF,0.0400605263913859,0.1365162288429479,0.8234232447656661
25664,LOF,0.08356476931644756,0.09766753096827627,0.8187676997152762
25665,LOF,0.056652554205235545,0.04328602936763406,0.9000614164271303
25666,LOF,0.07302722857658363,0.11720770894752407,0.8097650624758922
25667,LOF,0.0400605263913859,0.1365162288429479,0.8234232447656661
25668,LOF,0.0400605263913859,0.1365162288429479,0.8234232447656661
25669,LOF,0.0400605263913859,0.1365162288429479,0.8234232447656661
25670,LOF,0.1001183942329135,0.09010997485447461,0.809771630912612
25671,LOF,0.0400605263913859,0.1365162288429479,0.8234232447656661
25672,LOF,0.05513686349880984,0.0379280921096251,0.9069350443915651
25673,LOF,0.08561870453766039,0.045679721393658786,0.8687015740686809
25674,LOF,0.07751236062097323,0.05080622068385972,0.871681418695167
25675,LOF,0.07434500017094357,0.056562357364740745,0.8690926424643156
25676,LOF,0.0400605263913859,0.1365162288429479,0.8234232447656661
25677,LOF,0.0400605263913859,0.1365162288429479,0.8234232447656661
25678,LOF,0.11566443978998132,0.03819832852376979,0.8461372316862489
25679,LOF,0.12667003107592606,0.05256867061688054,0.8207612983071934
25680,LOF,0.0400605263913859,0.1365162288429479,0.8234232447656661
25681,LOF,0.0400605263913859,0.1365162288429479,0.8234232447656661
25682,LOF,0.0400605263913859,0.1365162288429479,0.8234232447656661
25683,LOF,0.09668945234805248,0.040624615094160606,0.8626859325577869
25684,LOF,0.0400605263913859,0.1365162288429479,0.8234232447656661
25685,LOF,0.030987356479496072,0.3577405792908051,0.6112720642296988
25686,GOF,0.02120977379336121,0.49849996522653156,0.4802902609801072
25687,GOF,0.02243511697903607,0.7643564396805722,0.21320844334039182
25688,LOF,0.28479378612740464,0.3428929349369261,0.3723132789356693
25689,LOF,0.12765437023016746,0.2714216337455934,0.6009239960242392
25690,LOF,0.2036701728998114,0.2306950463142875,0.5656347807859011
25691,Neutral,0.6777520933571606,0.09192401396788955,0.23032389267494993
25692,LOF,0.1757826806657443,0.024195318882014077,0.8000220004522417
25693,GOF,0.14069747110280115,0.5707242298242721,0.28857829907292687
25694,LOF,0.1320806645609883,0.03886641327921226,0.8290529221597994
25695,LOF,0.10788342981855695,0.05205256888703176,0.8400640012944113
25696,LOF,0.10465419231843102,0.06618593861109429,0.8291598690704748
25697,LOF,0.09550944664357121,0.16157933077957898,0.7429112225768498
25698,LOF,0.1567904303000418,0.1560698516162885,0.6871397180836697
25699,GOF,0.10837813297436416,0.6752519001175016,0.21636996690813434
25700,LOF,0.037732242465913765,0.27475841917854044,0.6875093383555457
25701,GOF,0.09360633193087321,0.7753019670960848,0.13109170097304196
25702,GOF,0.35007624302318646,0.35343021955917087,0.2964935374176428
25703,LOF,0.03601159981903252,0.12012376131880347,0.843864638862164
25704,LOF,0.04976013640249497,0.16770586363037007,0.782533999967135
25705,LOF,0.02893214844303729,0.3474677330886591,0.6236001184683037
25706,GOF,0.10100730522527888,0.5232309327806223,0.3757617619940989
25707,LOF,0.0997344733029007,0.44731669836113347,0.4529488283359659
25708,LOF,0.03673729056037972,0.3415290819219564,0.6217336275176638
25709,LOF,0.02893214844303729,0.3474677330886591,0.6236001184683037
25710,LOF,0.020431001259400873,0.17322078942474242,0.8063482093158568
25711,LOF,0.02893214844303729,0.3474677330886591,0.6236001184683037
25712,LOF,0.023431633082220283,0.19445076962708205,0.7821175972906977
25713,LOF,0.02893214844303729,0.3474677330886591,0.6236001184683037
25714,LOF,0.02893214844303729,0.3474677330886591,0.6236001184683037
25715,LOF,0.02893214844303729,0.3474677330886591,0.6236001184683037
25716,LOF,0.017237722554645594,0.16212086592177638,0.820641411523578
25717,LOF,0.01947436547535852,0.18478017976689776,0.7957454547577436
25718,LOF,0.02893214844303729,0.3474677330886591,0.6236001184683037
25719,LOF,0.02893214844303729,0.3474677330886591,0.6236001184683037
25720,LOF,0.02893214844303729,0.3474677330886591,0.6236001184683037
25721,LOF,0.02893214844303729,0.3474677330886591,0.6236001184683037
25722,LOF,0.02893214844303729,0.3474677330886591,0.6236001184683037
25723,LOF,0.02893214844303729,0.3474677330886591,0.6236001184683037
25724,LOF,0.0989400374848695,0.34782111457997045,0.5532388479351601
25725,LOF,0.02893214844303729,0.3474677330886591,0.6236001184683037
25726,LOF,0.02893214844303729,0.3474677330886591,0.6236001184683037
25727,LOF,0.02893214844303729,0.3474677330886591,0.6236001184683037
25728,LOF,0.02893214844303729,0.3474677330886591,0.6236001184683037
25729,LOF,0.02893214844303729,0.3474677330886591,0.6236001184683037
25730,LOF,0.02893214844303729,0.3474677330886591,0.6236001184683037
25731,LOF,0.017747441005000704,0.3210258847733493,0.6612266742216499
25732,LOF,0.02893214844303729,0.3474677330886591,0.6236001184683037
25733,LOF,0.02893214844303729,0.3474677330886591,0.6236001184683037
25734,LOF,0.023864950149679053,0.15787928361115666,0.8182557662391643
25735,LOF,0.02893214844303729,0.3474677330886591,0.6236001184683037
25736,LOF,0.02893214844303729,0.3474677330886591,0.6236001184683037
25737,LOF,0.02893214844303729,0.3474677330886591,0.6236001184683037
25738,LOF,0.02893214844303729,0.3474677330886591,0.6236001184683037
25739,LOF,0.02893214844303729,0.3474677330886591,0.6236001184683037
25740,LOF,0.02893214844303729,0.3474677330886591,0.6236001184683037
25741,LOF,0.02893214844303729,0.3474677330886591,0.6236001184683037
25742,LOF,0.02893214844303729,0.3474677330886591,0.6236001184683037
25743,LOF,0.029716785117469165,0.08511645670139185,0.8851667581811391
25744,Neutral,0.5638460210742635,0.15682074004907048,0.279333238876666
25745,LOF,0.033475132026678324,0.20381711898252775,0.762707748990794
25746,LOF,0.025648156068350646,0.19819305382528574,0.7761587901063637
25747,LOF,0.03893333902295491,0.22080204323332545,0.7402646177437197
25748,LOF,0.07165092418646858,0.31777881942906283,0.6105702563844685
25749,LOF,0.01899994273680593,0.33786808239657046,0.6431319748666237
25750,LOF,0.02162400487305683,0.2377135445539245,0.7406624505730187
25751,LOF,0.03893333902295491,0.22080204323332545,0.7402646177437197
25752,GOF,0.058019837285378684,0.7880798600512926,0.15390030266332863
25753,LOF,0.023214656037325025,0.21782136008069874,0.7589639838819762
25754,GOF,0.025181261337102225,0.7960803853912922,0.17873835327160548
25755,LOF,0.030983078519909106,0.1872404874509104,0.7817764340291805
25756,LOF,0.04395101552952289,0.31772959549466534,0.6383193889758118
25757,GOF,0.01986240674558606,0.8063968087521988,0.17374078450221528
25758,GOF,0.030229917354542182,0.7160724475153613,0.25369763513009663
25759,GOF,0.01984376547199942,0.6050778556662887,0.3750783788617118
25760,LOF,0.02725953531571793,0.1894466609222072,0.7832938037620748
25761,GOF,0.1806031106131433,0.6541733859713963,0.16522350341546035
25762,LOF,0.05298620185054535,0.1688214838566515,0.7781923142928032
25763,LOF,0.024502549751037602,0.19664106279833,0.7788563874506323
25764,GOF,0.06644627143877013,0.7957165020747182,0.1378372264865116
25765,GOF,0.022138197178831375,0.7393839012546287,0.23847790156653983
25766,GOF,0.05157684706212702,0.7995068250602332,0.14891632787763973
25767,GOF,0.10427585002463821,0.611545627419877,0.2841785225554848
25768,LOF,0.05036036246615103,0.19294537172991105,0.756694265803938
25769,LOF,0.03137635902844913,0.48064437058977877,0.487979270381772
25770,Neutral,0.7447549558966118,0.1093838419000955,0.14586120220329266
25771,LOF,0.05894256406376355,0.28518275081102135,0.6558746851252152
25772,LOF,0.03137635902844913,0.48064437058977877,0.487979270381772
25773,LOF,0.06149740345528649,0.260036918531155,0.6784656780135585
25774,LOF,0.029009383311880455,0.20192876435244467,0.7690618523356749
25775,LOF,0.0849604672193471,0.17948041474089252,0.7355591180397603
25776,LOF,0.03137635902844913,0.48064437058977877,0.487979270381772
25777,LOF,0.2108871586084764,0.2679682834727211,0.5211445579188024
25778,LOF,0.03137635902844913,0.48064437058977877,0.487979270381772
25779,Neutral,0.5449501845824156,0.27156623144383973,0.18348358397374473
25780,Neutral,0.5964590861115554,0.27935046783210665,0.12419044605633804
25781,GOF,0.3671061550613339,0.4710016649905452,0.16189217994812088
25782,GOF,0.33966884790428553,0.4376909358521073,0.22264021624360725
25783,LOF,0.054683130497025854,0.4702223977903629,0.4750944717126113
25784,Neutral,0.7385209748246134,0.18142116808932607,0.08005785708606059
25785,Neutral,0.7224747075293207,0.14313656172171327,0.13438873074896607
25786,GOF,0.051012334705187665,0.6320155136831993,0.3169721516116131
25787,Neutral,0.872077765261091,0.07435527374592071,0.05356696099298819
25788,LOF,0.04165522622196384,0.15086140021444727,0.8074833735635889
25789,GOF,0.26836775558464543,0.5379869935526462,0.19364525086270828
25790,GOF,0.36175227030971163,0.46642582256834547,0.17182190712194279
25791,GOF,0.22922852700975307,0.4700940713968142,0.3006774015934327
25792,Neutral,0.5132263695985996,0.2888922520010802,0.1978813784003203
25793,Neutral,0.5964131822474755,0.2764309504204184,0.12715586733210607
25794,GOF,0.3284821432005842,0.5191500723286794,0.1523677844707365
25795,GOF,0.07502937498951102,0.7143851295582437,0.21058549545224534
25796,Neutral,0.5803591844025101,0.181416818360361,0.23822399723712886
25797,LOF,0.12309662704504648,0.41197276539551353,0.46493060755944
25798,GOF,0.01970279769281792,0.5053201590808455,0.47497704322633655
25799,LOF,0.0236680197329994,0.3714206918315686,0.6049112884354321
25800,GOF,0.11308293929844102,0.572098221008788,0.3148188396927709
25801,GOF,0.34348278191461823,0.49676004408330204,0.15975717400207967
25802,GOF,0.1256879624702517,0.6452496421960995,0.22906239533364886
25803,GOF,0.14644292131107214,0.591924769765745,0.26163230892318284
25804,GOF,0.07266513346056143,0.4941386364899501,0.43319623004948843
25805,GOF,0.1721245942827016,0.6282259580300279,0.19964944768727047
25806,GOF,0.2195519815969131,0.5195377236293645,0.2609102947737225
25807,GOF,0.03098639219393148,0.5989186142383466,0.3700949935677219
25808,GOF,0.12812385108958924,0.6306753812751069,0.24120076763530382
25809,LOF,0.030469398503140916,0.4551407007155245,0.5143899007813345
25810,GOF,0.03743518299812402,0.5408549994631995,0.42170981753867653
25811,Neutral,0.5971967981726023,0.27739408126455317,0.12540912056284453
25812,GOF,0.08841009971263493,0.5267841513721665,0.3848057489151986
25813,Neutral,0.7249008689174435,0.16828757026590316,0.10681156081665341
25814,GOF,0.2958931147585252,0.5104209574161207,0.19368592782535407
25815,GOF,0.4150589399756468,0.4337338510654832,0.15120720895887005
25816,GOF,0.04124991487296548,0.7054115188373553,0.2533385662896793
25817,GOF,0.22115894227663532,0.5861189499665047,0.19272210775685986
25818,GOF,0.1106547987931479,0.480804504142963,0.4085406970638891
25819,Neutral,0.5240576428752944,0.2704154985081814,0.20552685861652398
25820,GOF,0.3059385481059553,0.39183380483882546,0.30222764705521926
25821,GOF,0.09320923848880536,0.5436565737281197,0.363134187783075
25822,Neutral,0.4437183030268351,0.33487393604558957,0.22140776092757547
25823,GOF,0.05979872256079845,0.6205818585962471,0.3196194188429544
25824,LOF,0.17946520476125588,0.3204273768654106,0.5001074183733335
25825,LOF,0.05404925129090496,0.3408347748890069,0.6051159738200882
25826,LOF,0.01501300783047761,0.4825783545697165,0.5024086375998059
25827,GOF,0.0365973247993558,0.6521530455733363,0.31124962962730796
25828,GOF,0.027489401046981974,0.5395237112556797,0.4329868876973384
25829,LOF,0.015579399731923748,0.4262022577195705,0.5582183425485058
25830,LOF,0.10237956034679757,0.39283141510556563,0.5047890245476369
25831,GOF,0.15098742409020027,0.7166786840417465,0.13233389186805325
25832,GOF,0.0458296988436247,0.7113213649010831,0.24284893625529225
25833,GOF,0.15424404779473222,0.6639595819125983,0.1817963702926695
25834,GOF,0.05556429848620127,0.7034018828218775,0.24103381869192134
25835,GOF,0.19826696666649682,0.5996936623033718,0.20203937103013123
25836,GOF,0.08096861512501649,0.6779954760517002,0.2410359088232833
25837,GOF,0.0406576929074331,0.5559033873726864,0.4034389197198805
25838,GOF,0.18701658809259275,0.6195343020305523,0.19344910987685512
25839,GOF,0.35151595161115107,0.4830735441245631,0.1654105042642859
25840,GOF,0.1559034676149758,0.6226056616802969,0.22149087070472737
25841,GOF,0.2183429299768035,0.5771966799498297,0.20446039007336678
25842,GOF,0.37385134532002307,0.39792931190460756,0.2282193427753694
25843,GOF,0.3117171545580152,0.5029204446984413,0.18536240074354338
25844,GOF,0.11372782886252523,0.5478938831713054,0.3383782879661694
25845,GOF,0.029394900157521307,0.5765596752371325,0.3940454246053462
25846,GOF,0.09995252703358902,0.7106936110542538,0.18935386191215717
25847,GOF,0.24668193671082783,0.623925027559329,0.12939303572984312
25848,GOF,0.13591958662422707,0.6907494408524925,0.17333097252328056
25849,GOF,0.02024678706575188,0.649696934867474,0.3300562780667741
25850,GOF,0.03883974859059576,0.659634995512138,0.3015252558972663
25851,GOF,0.026136234345439456,0.5392146833183372,0.43464908233622335
25852,GOF,0.24072948774201106,0.566081299741381,0.19318921251660812
25853,Neutral,0.46008694760088714,0.34463786778242783,0.19527518461668494
25854,GOF,0.025253936290837435,0.49993733937928864,0.47480872432987403
25855,LOF,0.0788750997112602,0.29238085993489166,0.6287440403538482
25856,Neutral,0.4128951510711027,0.3051113737586825,0.28199347517021484
25857,LOF,0.08027418572066275,0.43891084478528347,0.4808149694940538
25858,GOF,0.05227181471426821,0.6274833867638142,0.32024479852191745
25859,GOF,0.01968901024111653,0.5627092743437948,0.4176017154150886
25860,Neutral,0.4711124385247058,0.40715823856919503,0.12172932290609911
25861,GOF,0.35624907889451246,0.5197405180096027,0.12401040309588468
25862,GOF,0.23480036759499426,0.5936537535742805,0.1715458788307252
25863,GOF,0.25992019627156243,0.5284748938643514,0.21160490986408617
25864,Neutral,0.4753050219210406,0.34547367934065987,0.1792212987382996
25865,GOF,0.1543260047862316,0.7150769292607767,0.13059706595299164
25866,GOF,0.1671028477437655,0.5870851823123111,0.24581196994392335
25867,GOF,0.16335677624420705,0.6891897394049462,0.1474534843508466
25868,GOF,0.29574815892644607,0.5259601658441452,0.17829167522940867
25869,Neutral,0.8321618725530253,0.11913502584406128,0.04870310160291343
25870,GOF,0.23627077954592854,0.4106983561237503,0.3530308643303212
25871,GOF,0.13165650057537848,0.6415910393248018,0.22675246009981972
25872,GOF,0.2677616491493228,0.4778873639622301,0.2543509868884472
25873,GOF,0.24037161776542132,0.5405818044137362,0.21904657782084255
25874,LOF,0.04165522622196384,0.15086140021444727,0.8074833735635889
25875,GOF,0.0618942861621287,0.4750316860088543,0.463074027829017
25876,LOF,0.02880255147493999,0.30363649087264943,0.6675609576524105
25877,GOF,0.3059052871483269,0.38635316776339584,0.3077415450882772
25878,GOF,0.0822544032352625,0.6831018682102968,0.23464372855444063
25879,GOF,0.04291973538393321,0.6706230737101587,0.28645719090590815
25880,LOF,0.03566501174609954,0.16583358619136776,0.7985014020625326
25881,LOF,0.35317149979887913,0.24912232598673473,0.3977061742143862
25882,LOF,0.09110948820932108,0.06701281514508058,0.8418776966455984
25883,LOF,0.05217312922536217,0.12007436885024453,0.8277525019243933
25884,LOF,0.06320773198616607,0.16514667729427318,0.7716455907195608
25885,LOF,0.07474756643791232,0.07190082120666369,0.8533516123554239
25886,LOF,0.07589315291272561,0.343737656757402,0.5803691903298724
25887,LOF,0.3171822632954998,0.21130613326129094,0.47151160344320936
25888,LOF,0.1976184744753867,0.16331382439413686,0.6390677011304764
25889,LOF,0.08145196723725295,0.10280770332280088,0.8157403294399461
25890,LOF,0.04708795268391512,0.286509708180555,0.6664023391355299
25891,LOF,0.04096445254747187,0.16796736022004236,0.7910681872324858
25892,LOF,0.07818297324227226,0.135768162357446,0.7860488644002818
25893,LOF,0.24592847099109338,0.20556647662082156,0.548505052388085
25894,LOF,0.11018818289042963,0.1499548420486109,0.7398569750609595
25895,LOF,0.12211614808918232,0.10227260693241758,0.7756112449784001
25896,LOF,0.07047046648550062,0.046255850293060286,0.8832736832214391
25897,LOF,0.2059891153121091,0.13387268944430605,0.660138195243585
25898,Neutral,0.541239818577447,0.14680536333749858,0.3119548180850544
25899,LOF,0.09159013638242303,0.32415992840356955,0.5842499352140075
25900,Neutral,0.9181424755599629,0.01859007118853851,0.06326745325149855
25901,LOF,0.06322341966988147,0.11912563934800556,0.817650940982113
25902,LOF,0.07958369314356356,0.06687139764967569,0.8535449092067607
25903,Neutral,0.44032610771695196,0.20944154967448483,0.3502323426085632
25904,LOF,0.21039783656405806,0.23201860034248944,0.5575835630934525
25905,GOF,0.014117798330804135,0.6657059740585735,0.32017622761062237
25906,LOF,0.02248238767892665,0.10274666770189678,0.8747709446191767
25907,LOF,0.011891294984169777,0.44705560499976016,0.54105310001607
25908,LOF,0.018077445561160563,0.2623378359750067,0.7195847184638327
25909,LOF,0.04348255652024135,0.11035770369204743,0.8461597397877112
25910,LOF,0.02143465131094187,0.35843577405827143,0.6201295746307868
25911,LOF,0.06796676980087475,0.04736134556158496,0.8846718846375403
25912,LOF,0.03470544473245159,0.12971314278481838,0.83558141248273
25913,LOF,0.1896527562097612,0.12030870941248734,0.6900385343777515
25914,LOF,0.05017977951755557,0.15197037408540676,0.7978498463970376
25915,GOF,0.3701229451659536,0.4824328709101942,0.14744418392385208
25916,GOF,0.043053966390361284,0.6542160150720928,0.30273001853754605
25917,LOF,0.046206741575046326,0.08786668832245888,0.8659265701024949
25918,LOF,0.05017977951755557,0.15197037408540676,0.7978498463970376
25919,LOF,0.05017977951755557,0.15197037408540676,0.7978498463970376
25920,GOF,0.07865434206160175,0.7562689141442128,0.16507674379418544
25921,LOF,0.02630807072476386,0.38307850616904543,0.5906134231061907
25922,LOF,0.02450039522373152,0.41304072319921187,0.5624588815770566
25923,LOF,0.0765319861231625,0.34344758859653934,0.5800204252802982
25924,LOF,0.039294369291860344,0.20436308609164636,0.7563425446164933
25925,LOF,0.0354044440044623,0.1721284448528114,0.7924671111427264
25926,LOF,0.034085667174440504,0.13614016341625226,0.8297741694093073
25927,GOF,0.040037236545556104,0.6028751750060296,0.35708758844841426
25928,LOF,0.026312720472842374,0.2043398194274036,0.7693474600997541
25929,LOF,0.19292200596484974,0.3288328347102389,0.4782451593249115
25930,LOF,0.05217312922536217,0.12007436885024453,0.8277525019243933
25931,LOF,0.03007158439060255,0.13759669155383142,0.832331724055566
25932,LOF,0.05217312922536217,0.12007436885024453,0.8277525019243933
25933,LOF,0.05217312922536217,0.12007436885024453,0.8277525019243933
25934,LOF,0.05217312922536217,0.12007436885024453,0.8277525019243933
25935,LOF,0.03559235843516106,0.15475302329078824,0.8096546182740507
25936,LOF,0.05217312922536217,0.12007436885024453,0.8277525019243933
25937,LOF,0.035179248771482666,0.1433977624863887,0.8214229887421286
25938,LOF,0.052112246989613746,0.2015968616008879,0.7462908914094983
25939,LOF,0.05217312922536217,0.12007436885024453,0.8277525019243933
25940,GOF,0.016938929602529823,0.7041889904243219,0.27887207997314817
25941,LOF,0.20449799000118365,0.1903401354795816,0.6051618745192346
25942,LOF,0.033704830306094176,0.05525925611343691,0.911035913580469
25943,LOF,0.37058423417256464,0.04524709193128606,0.5841686738961493
25944,Neutral,0.5157384404910642,0.05555499978753511,0.4287065597214006
25945,LOF,0.18980638038000391,0.16835984519087607,0.64183377442912
25946,LOF,0.023801512471252263,0.050452435342816314,0.9257460521859314
25947,LOF,0.07173121828460631,0.3513750206956204,0.5768937610197733
25948,LOF,0.3623062036228418,0.02314028939898938,0.6145535069781689
25949,LOF,0.0865282395857942,0.07264429363684313,0.8408274667773626
25950,LOF,0.2897571880403468,0.19779966413147115,0.5124431478281821
25951,GOF,0.10399770516627423,0.6187989490616236,0.27720334577210215
25952,GOF,0.03934585622459071,0.5321782994687568,0.42847584430665253
25953,GOF,0.10984639199535545,0.6542079721952428,0.2359456358094017
25954,GOF,0.3532532471880763,0.5230418071043144,0.12370494570760926
25955,LOF,0.05885429491989517,0.2111234672772476,0.7300222378028571
25956,LOF,0.07368647633441651,0.36351777183464395,0.5627957518309394
25957,LOF,0.04960468508747631,0.15221296065176532,0.7981823542607583
25958,LOF,0.08821665719981873,0.06091215960416924,0.8508711831960121
25959,LOF,0.12206940264188144,0.2819145343321791,0.5960160630259395
25960,LOF,0.034489527474414076,0.1218144386415627,0.8436960338840231
25961,LOF,0.08821665719981873,0.06091215960416924,0.8508711831960121
25962,LOF,0.036289653412694876,0.16916867938731356,0.7945416671999916
25963,GOF,0.03278745750804451,0.48671202726036544,0.48050051523159004
25964,LOF,0.05217312922536217,0.12007436885024453,0.8277525019243933
25965,Neutral,0.6601947297419144,0.08728478671641705,0.25252048354166856
25966,LOF,0.07448557209200315,0.45558479495399246,0.46992963295400453
25967,LOF,0.022786448726910047,0.4457059765649197,0.5315075747081702
25968,GOF,0.07241655775953854,0.6348806884766406,0.2927027537638209
25969,LOF,0.028946055020276123,0.10416084994174804,0.8668930950379758
25970,LOF,0.028249974365485812,0.09036092729951323,0.881389098335001
25971,LOF,0.07828735767015296,0.06886728447643675,0.8528453578534103
25972,LOF,0.07828735767015296,0.06886728447643675,0.8528453578534103
25973,LOF,0.12079030098372004,0.07898572273682991,0.80022397627945
25974,Neutral,0.6535057269513855,0.15014332618452259,0.19635094686409196
25975,LOF,0.07047175333134645,0.1295903992119157,0.7999378474567379
25976,LOF,0.029525592065174716,0.15591023439416424,0.814564173540661
25977,LOF,0.0321535890814757,0.381987832036232,0.5858585788822923
25978,LOF,0.2398459886024472,0.08327136732126468,0.6768826440762881
25979,LOF,0.25727759245537807,0.07101673232684229,0.6717056752177797
25980,LOF,0.21997900346696636,0.18454258665077924,0.5954784098822544
25981,LOF,0.21997900346696636,0.18454258665077924,0.5954784098822544
25982,Neutral,0.4739213194564559,0.05773946352505346,0.4683392170184907
25983,Neutral,0.647963314825977,0.08269397175431346,0.26934271341970967
25984,LOF,0.03784233174824236,0.27715613961559327,0.6850015286361644
25985,GOF,0.02968403776966525,0.6991253053768238,0.27119065685351096
25986,GOF,0.04098916262898074,0.6818420292846572,0.27716880808636213
25987,LOF,0.07559414831931063,0.22545242078567915,0.6989534308950103
25988,LOF,0.03784233174824236,0.27715613961559327,0.6850015286361644
25989,LOF,0.03784233174824236,0.27715613961559327,0.6850015286361644
25990,LOF,0.03784233174824236,0.27715613961559327,0.6850015286361644
25991,GOF,0.24103215865141245,0.45928998650049396,0.2996778548480935
25992,Neutral,0.3800765141200232,0.30285662277086955,0.31706686310910726
25993,LOF,0.04976013640249497,0.16770586363037007,0.782533999967135
25994,LOF,0.04976013640249497,0.16770586363037007,0.782533999967135
25995,LOF,0.04976013640249497,0.16770586363037007,0.782533999967135
25996,LOF,0.13466383983337718,0.409132654227232,0.45620350593939085
25997,GOF,0.1382957319054315,0.6259291882582848,0.23577507983628368
25998,LOF,0.4726403000262275,0.04994355643674126,0.4774161435370312
25999,GOF,0.2994998918657362,0.48465553688976737,0.21584457124449638
26000,LOF,0.06650689534889918,0.15350013193997536,0.7799929727111254
26001,GOF,0.080575879772104,0.479724525298408,0.43969959492948807
26002,LOF,0.04651717087060567,0.27459821248604704,0.6788846166433472
26003,GOF,0.013070741897110097,0.6934824765299143,0.2934467815729756
26004,GOF,0.023529201687136056,0.6640508292768478,0.3124199690360161
26005,GOF,0.011815666368388817,0.619385697289869,0.36879863634174226
26006,Neutral,0.5087110481735995,0.266035310721942,0.22525364110445856
26007,GOF,0.02726974354491868,0.6789010407627094,0.2938292156923719
26008,GOF,0.02085640862692221,0.5860692369425776,0.39307435443050015
26009,GOF,0.03869507843982311,0.7328776749705997,0.2284272465895771
26010,GOF,0.014057734026727291,0.7186152650449334,0.26732700092833944
26011,GOF,0.01174093573147969,0.6402807788684242,0.3479782854000962
26012,GOF,0.018305236238971,0.7504589519803833,0.23123581178064567
26013,GOF,0.014072287853704459,0.7060337282383841,0.2798939839079115
26014,LOF,0.049425027678907656,0.28280403624216266,0.6677709360789296
26015,LOF,0.1982874071523289,0.04954753107590367,0.7521650617717673
26016,LOF,0.3920336830107224,0.13778715245443696,0.47017916453484065
26017,LOF,0.3490225165914352,0.1694562465631469,0.4815212368454179
26018,LOF,0.09027206407053845,0.05626242373040943,0.8534655121990522
26019,LOF,0.09027206407053845,0.05626242373040943,0.8534655121990522
26020,LOF,0.09520990877104668,0.39764346959428704,0.5071466216346663
26021,GOF,0.06434162705784735,0.5437365812837777,0.3919217916583751
26022,LOF,0.02387387492653345,0.13056921730768242,0.8455569077657842
26023,LOF,0.19144121126570054,0.1569989956104898,0.6515597931238096
26024,LOF,0.048763540412880224,0.23228248618460362,0.7189539734025161
26025,LOF,0.3138099642133192,0.15370597936018204,0.5324840564264988
26026,Neutral,0.5779407707818355,0.020942717969629376,0.40111651124853503
26027,LOF,0.09027206407053845,0.05626242373040943,0.8534655121990522
26028,LOF,0.30462264121300403,0.09253609051457498,0.602841268272421
26029,GOF,0.03434697441537005,0.5847696359068046,0.3808833896778253
26030,LOF,0.027145945382528534,0.08774244015963277,0.8851116144578388
26031,LOF,0.015431892512565173,0.3569290611189381,0.6276390463684968
26032,LOF,0.0537134420120667,0.14758378967848387,0.7987027683094494
26033,LOF,0.19071570318023814,0.34510776616666017,0.4641765306531017
26034,LOF,0.018891345521167627,0.32850365694618777,0.6526049975326446
26035,LOF,0.01704394107184971,0.38614120917319744,0.5968148497549528
26036,LOF,0.0187383779615299,0.34249795379392783,0.6387636682445422
26037,LOF,0.013170017132160107,0.2572822332390641,0.7295477496287758
26038,LOF,0.0537134420120667,0.14758378967848387,0.7987027683094494
26039,LOF,0.03188072529687467,0.3574238058533777,0.6106954688497478
26040,GOF,0.25970321379731764,0.5266756090252068,0.2136211771774755
26041,LOF,0.014287830296442816,0.23165629655327052,0.7540558731502868
26042,LOF,0.01235411366791978,0.25897641124051,0.7286694750915702
26043,LOF,0.0537134420120667,0.14758378967848387,0.7987027683094494
26044,LOF,0.02820937249844572,0.143851548683229,0.8279390788183253
26045,LOF,0.0363547821838859,0.27366932359587587,0.6899758942202383
26046,LOF,0.0537134420120667,0.14758378967848387,0.7987027683094494
26047,LOF,0.0537134420120667,0.14758378967848387,0.7987027683094494
26048,LOF,0.05749355918762091,0.12551038405085843,0.8169960567615208
26049,Neutral,0.9090215696364689,0.039554885225480604,0.05142354513805047
26050,Neutral,0.8941482741667046,0.04224741621441902,0.0636043096188764
26051,GOF,0.020500330965658085,0.7036366053843907,0.2758630636499513
26052,GOF,0.019413181284425523,0.7434925240624041,0.23709429465317042
26053,LOF,0.05533971298870585,0.15504363045035235,0.7896166565609418
26054,LOF,0.07343938767193502,0.04771012020528775,0.8788504921227772
26055,LOF,0.08816678383359348,0.038470417352610586,0.8733627988137959
26056,LOF,0.061656687340472326,0.043768419595503934,0.8945748930640237
26057,LOF,0.07717621389152066,0.1169142515031123,0.805909534605367
26058,LOF,0.07717621389152066,0.1169142515031123,0.805909534605367
26059,Neutral,0.676695687936088,0.07136861639127394,0.251935695672638
26060,GOF,0.24745980188114977,0.4913973167841812,0.26114288133466906
26061,LOF,0.052488529199782544,0.048109901390862325,0.8994015694093551
26062,LOF,0.036288461132532625,0.03896089260503003,0.9247506462624374
26063,LOF,0.07717621389152066,0.1169142515031123,0.805909534605367
26064,LOF,0.046785277350614114,0.030178602969310846,0.9230361196800752
26065,LOF,0.07717621389152066,0.1169142515031123,0.805909534605367
26066,LOF,0.07717621389152066,0.1169142515031123,0.805909534605367
26067,LOF,0.07717621389152066,0.1169142515031123,0.805909534605367
26068,LOF,0.09292246027486142,0.03233579636499101,0.8747417433601475
26069,LOF,0.30297726737065395,0.04428858723157191,0.6527341453977741
26070,Neutral,0.6427073783109317,0.024101803659488087,0.3331908180295802
26071,LOF,0.07717621389152066,0.1169142515031123,0.805909534605367
26072,LOF,0.033537744570672594,0.0768074372753309,0.8896548181539965
26073,LOF,0.07717621389152066,0.1169142515031123,0.805909534605367
26074,Neutral,0.93971952581156,0.019796470100621546,0.040484004087818416
26075,LOF,0.07735260826347021,0.07194923117872525,0.8506981605578045
26076,LOF,0.07717621389152066,0.1169142515031123,0.805909534605367
26077,LOF,0.03498333567174392,0.10392700548838361,0.8610896588398725
26078,LOF,0.03214777402526518,0.07633564297064786,0.891516583004087
26079,LOF,0.06381779838534532,0.04189425392260105,0.8942879476920537
26080,LOF,0.06381779838534532,0.04189425392260105,0.8942879476920537
26081,LOF,0.07717621389152066,0.1169142515031123,0.805909534605367
26082,LOF,0.0346255816101538,0.045542128583587,0.9198322898062592
26083,LOF,0.07717621389152066,0.1169142515031123,0.805909534605367
26084,LOF,0.07717621389152066,0.1169142515031123,0.805909534605367
26085,LOF,0.07717621389152066,0.1169142515031123,0.805909534605367
26086,LOF,0.07717621389152066,0.1169142515031123,0.805909534605367
26087,LOF,0.07717621389152066,0.1169142515031123,0.805909534605367
26088,LOF,0.04149701623608313,0.0835519855951452,0.8749509981687716
26089,LOF,0.07404094881735734,0.03013331753403731,0.8958257336486053
26090,LOF,0.066711156192592,0.027990929988321322,0.9052979138190868
26091,LOF,0.07717621389152066,0.1169142515031123,0.805909534605367
26092,LOF,0.07717621389152066,0.1169142515031123,0.805909534605367
26093,LOF,0.07717621389152066,0.1169142515031123,0.805909534605367
26094,LOF,0.07717621389152066,0.1169142515031123,0.805909534605367
26095,LOF,0.09753476759861646,0.0411645171171505,0.861300715284233
26096,LOF,0.04654787560120844,0.0360005357720756,0.9174515886267159
26097,LOF,0.03611083571456289,0.06965173479368922,0.8942374294917479
26098,LOF,0.06860167324493481,0.023275435368731875,0.9081228913863333
26099,LOF,0.07717621389152066,0.1169142515031123,0.805909534605367
26100,LOF,0.07717621389152066,0.1169142515031123,0.805909534605367
26101,LOF,0.07717621389152066,0.1169142515031123,0.805909534605367
26102,LOF,0.07717621389152066,0.1169142515031123,0.805909534605367
26103,Neutral,0.7287815663627161,0.09309199931697983,0.17812643432030412
26104,LOF,0.06145099824924247,0.03932349257314334,0.8992255091776143
26105,GOF,0.10619310258704627,0.49796066633298164,0.3958462310799722
26106,LOF,0.10763533828415871,0.26455344256018326,0.6278112191556581
26107,LOF,0.1757391968626416,0.20559741594944989,0.6186633871879086
26108,LOF,0.0789956692517914,0.452458686280617,0.4685456444675917
26109,LOF,0.08161472153569338,0.07479156914840943,0.8435937093158972
26110,LOF,0.30758160416418323,0.026544997222727885,0.6658733986130889
26111,GOF,0.21639035391235342,0.4334074819206732,0.3502021641669733
26112,LOF,0.09035308740085868,0.05657774374177134,0.8530691688573699
26113,LOF,0.09035308740085868,0.05657774374177134,0.8530691688573699
26114,LOF,0.04231106214822356,0.0310547816824024,0.9266341561693741
26115,LOF,0.10334711739463892,0.05551331040579963,0.8411395721995615
26116,LOF,0.07091085577241174,0.07471916489929603,0.8543699793282922
26117,LOF,0.14018941789010025,0.18930768944522985,0.6705028926646698
26118,LOF,0.0767981211786707,0.07959289522271534,0.843608983598614
26119,LOF,0.03406394787062363,0.2502912269242908,0.7156448252050857
26120,LOF,0.0767981211786707,0.07959289522271534,0.843608983598614
26121,LOF,0.061557696133070834,0.22647913854390264,0.7119631653230265
26122,LOF,0.08001720554952665,0.2666585443097919,0.6533242501406813
26123,LOF,0.06295909512835278,0.2513284754473318,0.6857124294243154
26124,LOF,0.03679100294129496,0.2618215825003517,0.7013874145583533
26125,LOF,0.08978432089176201,0.36687288505193416,0.5433427940563038
