feature0,prediction,LoGoFunc_Neutral,LoGoFunc_GOF,LoGoFunc_LOF
25546,Neutral,0.6742825000681997,0.054856399607968065,0.27086110032383237
25547,Neutral,0.5096092681516551,0.09894921490759237,0.3914415169407526
25548,Neutral,0.5041616586017824,0.08327760421862337,0.41256073717959413
25549,LOF,0.430506554497824,0.08555435749950821,0.48393908800266777
25550,LOF,0.3726125601612832,0.1232361426564851,0.5041512971822317
25551,LOF,0.30913873931642394,0.13292330940308159,0.5579379512804945
25552,LOF,0.25004882861007094,0.12674241151508767,0.6232087598748415
25553,Neutral,0.8120828522861053,0.04359338783064234,0.14432375988325236
25554,LOF,0.2871760993056502,0.118771574529627,0.5940523261647228
25555,LOF,0.236554742114608,0.11372665474901235,0.6497186031363796
25556,LOF,0.4395343658646537,0.10201479774297424,0.458450836392372
25557,LOF,0.2218878423452282,0.11845503466650968,0.6596571229882621
25558,LOF,0.28513753446314943,0.11757021915601597,0.5972922463808347
25559,LOF,0.17633313181049792,0.12298097471616963,0.7006858934733324
25560,LOF,0.1598158318189111,0.10190666202615728,0.7382775061549317
25561,LOF,0.14774536936478122,0.12575291446344927,0.7265017161717695
25562,LOF,0.07027674531772829,0.07866066014262661,0.8510625945396452
25563,LOF,0.02182736305451817,0.11826610288724795,0.8599065340582339
25564,LOF,0.2289092312872577,0.11581553157420031,0.6552752371385421
25565,LOF,0.23866612838933518,0.13195418579348384,0.6293796858171811
25566,GOF,0.09322186772224737,0.7082834650539241,0.1984946672238285
25567,LOF,0.037838428529830485,0.13200401569236214,0.8301575557778074
25568,LOF,0.060741362062349605,0.07077407440871798,0.8684845635289324
25569,LOF,0.05714429431079971,0.07118999324239698,0.8716657124468034
25570,LOF,0.026077443517971057,0.09457311355453323,0.8793494429274957
25571,LOF,0.024736679690289892,0.09848153577861546,0.8767817845310946
25572,LOF,0.06138803849559773,0.12125983871880612,0.8173521227855961
25573,LOF,0.05404567793130959,0.08615984127277222,0.8597944807959181
25574,LOF,0.052374351124742854,0.17822505991904908,0.7694005889562081
25575,LOF,0.021748267602662096,0.11377024660206322,0.8644814857952746
25576,LOF,0.03436265935175575,0.15830866563858761,0.8073286750096567
25577,LOF,0.03226704942196505,0.11043507218424556,0.8572978783937893
25578,LOF,0.28383776636681357,0.08124445437050096,0.6349177792626856
25579,LOF,0.12756762174027106,0.08727308026416288,0.785159297995566
25580,LOF,0.01827974979804161,0.07519195806207789,0.9065282921398805
25581,LOF,0.05499703184607409,0.06759027034999897,0.8774126978039269
25582,LOF,0.054981219464088585,0.06670725532682663,0.8783115252090848
25583,LOF,0.019275301845724728,0.07789113294305476,0.9028335652112204
25584,Neutral,0.6607523327379738,0.09447212744033202,0.24477553982169406
25585,LOF,0.03402481478464264,0.11864631112325809,0.8473288740920992
25586,LOF,0.01750613983728387,0.06705517161337023,0.915438688549346
25587,LOF,0.01655707314817997,0.0599588959651071,0.9234840308867128
25588,LOF,0.018955589206947305,0.06945449137539206,0.9115899194176605
25589,Neutral,0.49352488258573524,0.20314535663603953,0.30332976077822527
25590,LOF,0.04851046709903638,0.1037529599041526,0.8477365729968109
25591,LOF,0.09546822385413548,0.056426729599474534,0.8481050465463901
25592,LOF,0.05391840916686137,0.13485456226546466,0.8112270285676739
25593,LOF,0.13717239259178793,0.23877714057674923,0.6240504668314629
25594,LOF,0.0511948503890266,0.1057796096087163,0.8430255400022572
25595,LOF,0.048178808779829684,0.07604544266460753,0.8757757485555628
25596,LOF,0.10384457938430917,0.040414456977861245,0.8557409636378297
25597,LOF,0.08922266485312869,0.0509323364636801,0.8598449986831912
25598,LOF,0.0522136481870688,0.0786441323282288,0.8691422194847025
25599,GOF,0.01984197844505782,0.5163939858711223,0.4637640356838201
25600,GOF,0.18402185247252947,0.5039650524426189,0.3120130950848516
25601,LOF,0.0415607409465186,0.3871247612630354,0.571314497790446
25602,LOF,0.03036796215847,0.04937945188875987,0.9202525859527702
25603,LOF,0.03563989677291504,0.02870595307684705,0.9356541501502379
25604,LOF,0.03724374770086938,0.05148684448319278,0.9112694078159379
25605,LOF,0.041456379111835875,0.17409890144134182,0.7844447194468223
25606,LOF,0.4203822777481342,0.09570501641904586,0.4839127058328199
25607,LOF,0.024477586636109078,0.15672893312397448,0.8187934802399165
25608,LOF,0.034953341227546314,0.07287934442722446,0.8921673143452292
25609,GOF,0.16026726661655502,0.5223760252187211,0.3173567081647239
25610,LOF,0.015089349360873843,0.02540735727512434,0.9595032933640019
25611,LOF,0.014783607434117768,0.02887296899184409,0.9563434235740381
25612,LOF,0.04726556020400431,0.037962602750693374,0.9147718370453023
25613,LOF,0.043447873031621516,0.03811838179216197,0.9184337451762165
25614,LOF,0.02196409915508541,0.0254734948225055,0.9525624060224092
25615,LOF,0.04478831226613474,0.035134672875257955,0.9200770148586073
25616,LOF,0.04768903031271178,0.025894391999765884,0.9264165776875224
25617,LOF,0.04377472582614618,0.033883903788197084,0.9223413703856568
25618,LOF,0.05330948221601049,0.030793403697468642,0.9158971140865209
25619,LOF,0.015479540425762023,0.028603231667855285,0.9559172279063826
25620,LOF,0.06281223485391636,0.03567762372460604,0.9015101414214776
25621,LOF,0.05152255423834547,0.03127134238905384,0.9172061033726006
25622,LOF,0.06422365338851078,0.03023607530525017,0.9055402713062392
25623,LOF,0.07651324464744089,0.027537965585939402,0.8959487897666197
25624,LOF,0.018328280148704933,0.03452115854125993,0.947150561310035
25625,LOF,0.06567558589594666,0.03769302524963406,0.8966313888544193
25626,LOF,0.0466422282808992,0.03573372414236404,0.9176240475767368
25627,Neutral,0.8901881197554071,0.020001430502170618,0.08981044974242235
25628,LOF,0.13126453964712587,0.06215092893053691,0.8065845314223372
25629,LOF,0.06067244631253406,0.04159416128092293,0.897733392406543
25630,LOF,0.28118503799751665,0.07479151933765575,0.6440234426648276
25631,Neutral,0.5514642691259591,0.06284648671497715,0.38568924415906364
25632,LOF,0.03093779033299746,0.059226038422739914,0.9098361712442626
25633,LOF,0.20254531906724602,0.03413115397357492,0.7633235269591792
25634,LOF,0.034098918846007686,0.08101199804186125,0.8848890831121311
25635,LOF,0.03680301809151626,0.04225417337564031,0.9209428085328434
25636,LOF,0.04164438775330975,0.46226801052178024,0.4960876017249101
25637,GOF,0.06895055179352758,0.47767264023951944,0.45337680796695307
25638,LOF,0.03982983973701508,0.2921415184932585,0.6680286417697265
25639,LOF,0.03409800952611801,0.3433527249107091,0.6225492655631728
25640,Neutral,0.8158717228339646,0.14177127070378476,0.04235700646225061
25641,LOF,0.050289703978423986,0.4581499997463967,0.49156029627517933
25642,LOF,0.039417808763691976,0.15032198128450436,0.8102602099518037
25643,LOF,0.20156527658073073,0.17132486919686565,0.6271098542224036
25644,LOF,0.018680092342145106,0.46738881670145876,0.5139310909563961
25645,LOF,0.01905167841791061,0.433207549912293,0.5477407716697964
25646,LOF,0.05216460357436717,0.3640894637807486,0.5837459326448843
25647,LOF,0.021315910361312952,0.2839881865643547,0.6946959030743324
25648,LOF,0.027436037491739885,0.2406754671570673,0.7318884953511928
25649,LOF,0.01430408897531156,0.25339014301258556,0.7323057680121028
25650,LOF,0.05245311263503685,0.43159743237867393,0.5159494549862893
25651,LOF,0.015826175633641967,0.27592149490841755,0.7082523294579405
25652,LOF,0.028191317511412763,0.2842451295396964,0.6875635529488908
25653,LOF,0.07657336392014773,0.39169430991023574,0.5317323261696165
25654,LOF,0.023861258185109018,0.21636379197727174,0.7597749498376192
25655,LOF,0.2142818578600442,0.360997836601854,0.42472030553810186
25656,LOF,0.285498543498164,0.04295662553567559,0.6715448309661604
25657,LOF,0.07237266984249768,0.04689015620709364,0.8807371739504087
25658,LOF,0.3696429835018259,0.042000486939133067,0.588356529559041
25659,Neutral,0.5330275156867619,0.061990833699015105,0.4049816506142231
25660,LOF,0.025957908647919904,0.08043376303502146,0.8936083283170586
25661,LOF,0.09350492320310229,0.05853261219359195,0.8479624646033057
25662,LOF,0.030190551102982008,0.03179401651284896,0.9380154323841691
25663,LOF,0.03750476536541666,0.044679619732851054,0.9178156149017322
25664,LOF,0.13618913520694176,0.0539035859285834,0.8099072788644749
25665,LOF,0.05248926101279691,0.028933977445993773,0.9185767615412093
25666,LOF,0.09142919813959403,0.07689222015113026,0.8316785817092758
25667,LOF,0.06312735124473587,0.0435456182337262,0.8933270305215381
25668,LOF,0.03706506318652345,0.04522723023573643,0.91770770657774
25669,LOF,0.034604236867240526,0.05153538956569484,0.9138603735670647
25670,LOF,0.13498046341430667,0.044223655222695044,0.8207958813629983
25671,LOF,0.09612941773580742,0.03126646532050266,0.8726041169436899
25672,LOF,0.052712250889724595,0.04009126113869597,0.9071964879715795
25673,LOF,0.07808949542948995,0.03683463403396254,0.8850758705365475
25674,LOF,0.065598263104415,0.0470676872154672,0.8873340496801178
25675,LOF,0.11316865847096567,0.044247029995432084,0.8425843115336022
25676,LOF,0.017823742963342565,0.04743370507308998,0.9347425519635675
25677,LOF,0.026557045688458517,0.06554896427210324,0.9078939900394383
25678,LOF,0.16940073122375315,0.057161829963413464,0.7734374388128333
25679,LOF,0.12500563150983637,0.07838563858528967,0.796608729904874
25680,LOF,0.028525015578223872,0.11319670830242211,0.858278276119354
25681,LOF,0.04749546235461471,0.10411371334954696,0.8483908242958383
25682,LOF,0.14596986270475873,0.06146830351233557,0.7925618337829056
25683,LOF,0.1206465078106007,0.07484586102547677,0.8045076311639225
25684,LOF,0.041588884012900666,0.062458593785152006,0.8959525222019474
25685,LOF,0.13200661187503218,0.04773228574502339,0.8202611023799444
25686,LOF,0.07534021394786909,0.09289090314690823,0.8317688829052227
25687,LOF,0.11035389631816722,0.08647988529584785,0.8031662183859848
25688,LOF,0.3093611321950532,0.0311217709252086,0.6595170968797383
25689,LOF,0.22290633952208225,0.041405113225893526,0.7356885472520241
25690,LOF,0.3523577563200325,0.032563237962088536,0.615079005717879
25691,Neutral,0.674890196240482,0.02969740708998225,0.29541239666953567
25692,LOF,0.27190612958432264,0.011249177561043162,0.7168446928546341
25693,LOF,0.04362871484198023,0.44095579864539214,0.5154154865126276
25694,LOF,0.12887081703544054,0.019493618607241567,0.8516355643573178
25695,LOF,0.12540136820890907,0.0157112163050527,0.8588874154860382
25696,LOF,0.12318080450798224,0.010349356130206305,0.8664698393618114
25697,LOF,0.12190007971958651,0.027431258579916046,0.8506686617004975
25698,LOF,0.34368742560425247,0.24917142399569722,0.4071411504000503
25699,LOF,0.4121925722122958,0.04663941103989268,0.5411680167478115
25700,LOF,0.05066447733708118,0.011920917900409719,0.9374146047625092
25701,LOF,0.14938322653518718,0.0601788845927666,0.7904378888720462
25702,GOF,0.18793734292237313,0.5598311695184651,0.2522314875591618
25703,LOF,0.016357696799787703,0.15770669579461058,0.8259356074056017
25704,LOF,0.05190673351384818,0.10883086413779779,0.839262402348354
25705,LOF,0.05569465120677461,0.1947411633677227,0.7495641854255027
25706,LOF,0.08884421258180124,0.3612501361644713,0.5499056512537274
25707,LOF,0.08632204831037435,0.29578580034459095,0.6178921513450347
25708,LOF,0.028759766761793554,0.27046661718975024,0.7007736160484561
25709,LOF,0.05616815233275538,0.04447569867442141,0.8993561489928231
25710,LOF,0.011137256809627395,0.12676874785035538,0.8620939953400173
25711,LOF,0.01863852734571789,0.09128855793630931,0.8900729147179729
25712,LOF,0.012793652987710876,0.176353076812542,0.8108532701997471
25713,LOF,0.018096391261507784,0.07883974186500156,0.9030638668734907
25714,LOF,0.07121576173359749,0.07701316109719125,0.8517710771692113
25715,LOF,0.010306903161493432,0.13830322097555284,0.8513898758629537
25716,LOF,0.013052310602117388,0.12129406481979386,0.8656536245780887
25717,LOF,0.011958208319724757,0.07574325060148311,0.912298541078792
25718,LOF,0.011741696856421882,0.09933447062259854,0.8889238325209795
25719,LOF,0.018272822083473184,0.08345628836788611,0.8982708895486406
25720,LOF,0.0212723522655962,0.07171414117501046,0.9070135065593934
25721,LOF,0.015593941996166585,0.11071407497174923,0.8736919830320842
25722,LOF,0.01294534744552004,0.12471482235577258,0.8623398301987073
25723,LOF,0.021449829476971972,0.046476700109126606,0.9320734704139015
25724,LOF,0.022306068020511348,0.08549799646255561,0.8921959355169331
25725,LOF,0.01163854972526281,0.07203047994511369,0.9163309703296235
25726,LOF,0.0142726173917499,0.10458009183310699,0.8811472907751431
25727,LOF,0.012881340496067475,0.08278105694072013,0.9043376025632124
25728,LOF,0.009729770653597368,0.10996456101596248,0.8803056683304401
25729,LOF,0.009930951432375339,0.10989793271137818,0.8801711158562465
25730,LOF,0.013116998853934492,0.08314140580356741,0.9037415953424982
25731,LOF,0.020469072252592518,0.11636509324623318,0.8631658345011742
25732,LOF,0.014257498748507172,0.09043181385303044,0.8953106873984624
25733,LOF,0.016408911469677094,0.07347985692766408,0.9101112316026588
25734,LOF,0.012089091742587377,0.13453291087756244,0.8533779973798501
25735,LOF,0.013490169027567975,0.08500239346832852,0.9015074375041034
25736,LOF,0.013633433869140168,0.1141258201316954,0.8722407459991643
25737,LOF,0.01900225159525527,0.0830766798646237,0.897921068540121
25738,LOF,0.013301816417215033,0.1144488670945274,0.8722493164882575
25739,LOF,0.02094734019538312,0.08133411102687103,0.8977185487777458
25740,LOF,0.027730892170075183,0.10548187819264238,0.8667872296372824
25741,LOF,0.01466113077015533,0.1067914924208816,0.8785473768089631
25742,LOF,0.1131150320319292,0.0798871656476718,0.8069978023203991
25743,LOF,0.03802478307201176,0.02729501626548412,0.934680200662504
25744,Neutral,0.5789632476191537,0.20597635022668098,0.2150604021541653
25745,LOF,0.0875704075136798,0.05851409771981794,0.8539154947665024
25746,LOF,0.04092882127154574,0.07237601170295292,0.8866951670255012
25747,LOF,0.02463945728886834,0.03146329230836509,0.9438972504027666
25748,LOF,0.11269286570649649,0.04740404864341964,0.8399030856500838
25749,LOF,0.026992498876856046,0.06230944583966225,0.9106980552834818
25750,LOF,0.08319968732742665,0.07094891176720322,0.8458514009053701
25751,LOF,0.09892371404280541,0.04652214202610954,0.8545541439310851
25752,GOF,0.10928719642571902,0.6743710981106075,0.2163417054636735
25753,LOF,0.019613111233786437,0.25263437738252237,0.7277525113836912
25754,GOF,0.009799250607831368,0.7607065583078363,0.22949419108433222
25755,LOF,0.023508817098578123,0.3757737427515862,0.6007174401498356
25756,LOF,0.04109030546569932,0.3513849505401719,0.6075247439941288
25757,GOF,0.014844980628551026,0.8355123109819649,0.14964270838948399
25758,GOF,0.02973698031991755,0.7974747266491455,0.17278829303093696
25759,GOF,0.01161392314781191,0.5326705964511775,0.45571548040101045
25760,LOF,0.012251806890750989,0.22510906664456176,0.7626391264646872
25761,GOF,0.2809216194387793,0.5957353419982827,0.12334303856293787
25762,LOF,0.033982867345286674,0.2486454249329991,0.7173717077217142
25763,LOF,0.013765122247127086,0.18989185904273032,0.7963430187101426
25764,GOF,0.08754786534857613,0.6221127609369593,0.29033937371446455
25765,GOF,0.04611692697468607,0.7351455109039841,0.21873756212132975
25766,GOF,0.07243508411169368,0.7541315219837011,0.1734333939046052
25767,GOF,0.16794757466126564,0.43538215454792706,0.39667027079080736
25768,LOF,0.08980488432428523,0.06786977240733119,0.8423253432683836
25769,LOF,0.06425262669485188,0.06429236068190214,0.8714550126232459
25770,LOF,0.2785339776095246,0.08012247408017799,0.6413435483102975
25771,LOF,0.0403555893766446,0.043446966022997816,0.9161974446003577
25772,LOF,0.016962974664239377,0.03430202815137328,0.9487349971843874
25773,LOF,0.04767193319306412,0.07798870506803142,0.8743393617389045
25774,LOF,0.028082671546212055,0.07679398141984019,0.8951233470339477
25775,LOF,0.0459354823454675,0.046263160802571736,0.9078013568519608
25776,LOF,0.07412309726998248,0.02521671166709686,0.9006601910629207
25777,LOF,0.34175612916330317,0.04577252100369538,0.6124713498330014
25778,LOF,0.06224733593369828,0.05035017554121845,0.8874024885250832
25779,GOF,0.36472565112049177,0.5806226127385677,0.05465173614094046
25780,GOF,0.3035161712640105,0.6249389799187512,0.07154484881723827
25781,GOF,0.13026218217297333,0.7632222871073924,0.1065155307196344
25782,GOF,0.19192274594538314,0.7354683261408933,0.07260892791372357
25783,GOF,0.027014716999439334,0.6480165629008123,0.3249687200997483
25784,Neutral,0.48162610038556075,0.4771578559209363,0.04121604369350288
25785,GOF,0.4044790387463982,0.5519760224971085,0.04354493875649332
25786,GOF,0.023606215195743175,0.7509348818771545,0.22545890292710213
25787,Neutral,0.653023783252055,0.3216976661409231,0.025278550607021857
25788,LOF,0.04780051241806276,0.10010819263602042,0.8520912949459168
25789,GOF,0.19765691842554872,0.6599356437548165,0.1424074378196348
25790,GOF,0.19538417768965102,0.6900071886972996,0.11460863361304942
25791,GOF,0.1349616296582019,0.6673696163588025,0.19766875398299555
25792,GOF,0.3022213150082875,0.5494444744935586,0.1483342104981539
25793,GOF,0.25665188437768227,0.553632347530636,0.1897157680916818
25794,GOF,0.29753618293063233,0.5228181403206311,0.17964567674873658
25795,GOF,0.0750274050170095,0.7104324242794653,0.21454017070352513
25796,Neutral,0.5545678890394791,0.3661298212949564,0.07930228966556446
25797,GOF,0.09440774128875237,0.5370451243215941,0.36854713438965353
25798,GOF,0.009077819206232315,0.5136402170728618,0.4772819637209059
25799,LOF,0.0065384606781342045,0.39890840094949637,0.5945531383723694
25800,GOF,0.031869061361569063,0.6000502091462188,0.36808072949221204
25801,GOF,0.16663998234580413,0.693044191936978,0.14031582571721798
25802,GOF,0.07300364981303256,0.702677246032644,0.2243191041543234
25803,GOF,0.033819595645282176,0.5633226804560044,0.4028577238987133
25804,LOF,0.03192897288785151,0.48091367377151134,0.4871573533406371
25805,GOF,0.09613837705613565,0.604155562734106,0.2997060602097583
25806,GOF,0.08649187743622647,0.596097038166442,0.3174110843973316
25807,GOF,0.020569705170835454,0.6242577050037743,0.3551725898253902
25808,GOF,0.07514539721405734,0.6445437443927522,0.2803108583931905
25809,GOF,0.01598698375182378,0.5710637903687414,0.4129492258794347
25810,GOF,0.014559499742945658,0.5965435197298984,0.388896980527156
25811,GOF,0.4556064389412243,0.4634635857046564,0.08092997535411921
25812,GOF,0.029894807064929918,0.6228979459984513,0.3472072469366189
25813,Neutral,0.5243602859482418,0.3733884602954706,0.10225125375628762
25814,GOF,0.10876411329892671,0.6371829886426356,0.25405289805843784
25815,GOF,0.19018854568263766,0.5970497164552301,0.21276173786213223
25816,GOF,0.023366058567168897,0.7057341122931458,0.2708998291396853
25817,GOF,0.23242800589237508,0.6309671918177986,0.1366048022898263
25818,GOF,0.04947922630945507,0.6734515131839531,0.27706926050659186
25819,GOF,0.3509785837523467,0.49492718218290976,0.15409423406474362
25820,GOF,0.17702051627861015,0.5830380627523433,0.23994142096904653
25821,GOF,0.057055760281510076,0.6561606998050772,0.28678353991341277
25822,GOF,0.20512874855087881,0.5660752868542572,0.22879596459486407
25823,GOF,0.031479047738726514,0.5192994080384213,0.44922154422285215
25824,GOF,0.08069884252058274,0.5976509994988696,0.32165015798054775
25825,GOF,0.033220062667850755,0.5957390426391098,0.3710408946930396
25826,GOF,0.01474598685629986,0.5729983319722798,0.4122556811714204
25827,GOF,0.023368064703431647,0.602768943132878,0.3738629921636903
25828,GOF,0.012799606237043818,0.5299386859986522,0.45726170776430386
25829,GOF,0.005569203952155537,0.560313082360468,0.43411771368737656
25830,LOF,0.03401109943412672,0.2750770489496485,0.6909118516162247
25831,GOF,0.22759420163011393,0.6477850355439417,0.12462076282594432
25832,GOF,0.029023872869222398,0.7100983677718484,0.26087775935892915
25833,GOF,0.10592889889197461,0.7407426841315117,0.15332841697651364
25834,GOF,0.029066024295853476,0.7324522972169819,0.23848167848716448
25835,GOF,0.06020698250213104,0.7719460106992089,0.16784700679866013
25836,GOF,0.02996146094513362,0.7033476882446251,0.26669085081024135
25837,GOF,0.022303052688799875,0.6138701003149472,0.36382684699625295
25838,GOF,0.08127728212646884,0.7675723488098333,0.15115036906369797
25839,GOF,0.2604954384186921,0.5822878484106858,0.15721671317062208
25840,GOF,0.23644370690893615,0.625564307495129,0.1379919855959349
25841,GOF,0.22434115573642477,0.6414567261360976,0.1342021181274775
25842,GOF,0.12903092742569447,0.7593265066322114,0.11164256594209403
25843,GOF,0.188753702458147,0.7261026257486831,0.08514367179316992
25844,GOF,0.055048297869889184,0.7517094597008299,0.19324224242928098
25845,GOF,0.014780104846040911,0.5446267507833571,0.440593144370602
25846,GOF,0.11320888451850339,0.7564995483398349,0.13029156714166182
25847,GOF,0.08736046605482875,0.8177236590972747,0.09491587484789647
25848,GOF,0.03368205010042161,0.7123206915891725,0.2539972583104058
25849,GOF,0.010295483802480295,0.6267038456262766,0.3630006705712432
25850,GOF,0.019484080021554856,0.6642237966999976,0.3162921232784474
25851,GOF,0.01575453464285537,0.5522426791475118,0.4320027862096329
25852,GOF,0.1552413404216879,0.5510490262603771,0.293709633317935
25853,GOF,0.3443149044486381,0.569614955891991,0.08607013965937096
25854,GOF,0.02099619982594764,0.606964145228274,0.3720396549457783
25855,GOF,0.03339072910655568,0.5699281218256632,0.396681149067781
25856,GOF,0.2391470128304116,0.5425326318154342,0.21832035535415412
25857,GOF,0.040297801028361134,0.5201351564283493,0.43956704254328954
25858,GOF,0.020271344035750708,0.5155665176729533,0.4641621382912961
25859,LOF,0.010453176355735259,0.4844017287255146,0.5051450949187501
25860,GOF,0.35794840040631004,0.5517587541026351,0.09029284549105493
25861,GOF,0.4236326131129404,0.5063454152109889,0.07002197167607072
25862,GOF,0.07836277378577838,0.7812543601876705,0.14038286602655123
25863,GOF,0.07412465210535407,0.7856187788706346,0.1402565690240114
25864,GOF,0.21374892414194432,0.7204956167342035,0.06575545912385225
25865,GOF,0.08495966321871047,0.8100243960083934,0.10501594077289608
25866,GOF,0.05585600645626961,0.7909252564593369,0.15321873708439354
25867,GOF,0.07927506442630007,0.8202809560941856,0.10044397947951435
25868,GOF,0.2530081183374391,0.6403599997729584,0.10663188188960247
25869,Neutral,0.718424220841826,0.23738067400579466,0.04419510515237939
25870,GOF,0.2993809206747319,0.3901046674407773,0.31051441188449075
25871,GOF,0.20975221341231848,0.6566694279007401,0.13357835868694143
25872,GOF,0.07353009250202086,0.6573205288654419,0.2691493786325372
25873,GOF,0.10516372068519564,0.7034158033164253,0.19142047599837914
25874,LOF,0.013985002045189316,0.10843221989514983,0.8775827780596609
25875,LOF,0.0876021967178796,0.04474924688698144,0.867648556395139
25876,LOF,0.03302839755362003,0.027482894505484377,0.9394887079408956
25877,Neutral,0.5042463618958982,0.04253791464015546,0.4532157234639463
25878,LOF,0.21920005960267203,0.09302327770863023,0.6877766626886977
25879,LOF,0.0863452765502998,0.09100142203814834,0.8226533014115518
25880,LOF,0.04004913408760136,0.014177792784854112,0.9457730731275447
25881,LOF,0.16291709442488458,0.10879418783890162,0.7282887177362138
25882,LOF,0.06394471290021077,0.015177629821168825,0.9208776572786204
25883,LOF,0.06388836377789468,0.0210268258242149,0.9150848103978904
25884,LOF,0.029592773442362465,0.030386991395336887,0.9400202351623006
25885,LOF,0.057694776143346796,0.011460855521666712,0.9308443683349864
25886,LOF,0.27219836548041304,0.041051975964037486,0.6867496585555494
25887,LOF,0.15560100087381784,0.06556996303291023,0.7788290360932719
25888,LOF,0.06443933151481013,0.05452195103317005,0.8810387174520199
25889,LOF,0.037530933806692056,0.021740186860527172,0.9407288793327808
25890,LOF,0.04785904382843419,0.14137624454791498,0.8107647116236509
25891,LOF,0.03886029546596054,0.05640459540133765,0.9047351091327018
25892,LOF,0.08227181061576626,0.024852890637674534,0.8928752987465592
25893,LOF,0.23531661852849906,0.020189660307088308,0.7444937211644126
25894,LOF,0.17779066598527454,0.01249607110419328,0.8097132629105321
25895,LOF,0.20552421392411027,0.02436892164436139,0.7701068644315283
25896,LOF,0.04963151535254569,0.02349932975486319,0.9268691548925911
25897,LOF,0.26070429285474067,0.014918453388985481,0.7243772537562738
25898,Neutral,0.6878545105061142,0.010752805119016495,0.3013926843748692
25899,LOF,0.2077374400609025,0.02363033315205537,0.7686322267870422
25900,LOF,0.480534534174971,0.01100883007824939,0.5084566357467796
25901,LOF,0.048196277568539045,0.011976033198813272,0.9398276892326477
25902,LOF,0.15723941957046403,0.013786698059017036,0.8289738823705188
25903,Neutral,0.5812292795474602,0.029144360112840658,0.38962636033969916
25904,LOF,0.3021144513663686,0.045353140921631674,0.6525324077119998
25905,LOF,0.024869264140817766,0.3368482422962874,0.6382824935628948
25906,LOF,0.03052985052933269,0.0893860299954002,0.8800841194752671
25907,LOF,0.014158586740934207,0.31586431808758453,0.6699770951714813
25908,LOF,0.009634586131446706,0.2589523387878136,0.7314130750807396
25909,LOF,0.012561405949546994,0.13634627770566163,0.8510923163447914
25910,LOF,0.048818671494367014,0.14557514009179273,0.8056061884138401
25911,LOF,0.19341675773032516,0.026856601262956616,0.7797266410067182
25912,LOF,0.04512858771247288,0.04935128679376857,0.9055201254937585
25913,LOF,0.3429615357913537,0.022569333632989966,0.6344691305756562
25914,LOF,0.020911317962945087,0.05021357483217375,0.9288751072048813
25915,Neutral,0.5843950474259098,0.14089396763634926,0.274710984937741
25916,LOF,0.08481270849766617,0.21070696024894217,0.7044803312533916
25917,LOF,0.06365677758703259,0.03798911793397516,0.8983541044789923
25918,LOF,0.023194486980985887,0.031070329548330496,0.9457351834706836
25919,LOF,0.020226762301445825,0.03300673115875161,0.9467665065398027
25920,GOF,0.10874069602010791,0.5267592769630515,0.36450002701684064
25921,LOF,0.027360594949849642,0.036008049260128856,0.9366313557900214
25922,LOF,0.03559864546749207,0.02566508494146677,0.9387362695910412
25923,Neutral,0.483281450866262,0.0366531911659065,0.4800653579678316
25924,LOF,0.04013762231853994,0.046282057713586025,0.913580319967874
25925,LOF,0.07140620380181581,0.041447917404099074,0.8871458787940851
25926,LOF,0.05077676054681723,0.03554066442250354,0.9136825750306793
25927,LOF,0.05976986940233378,0.15859170635144246,0.7816384242462238
25928,LOF,0.01881876043374844,0.05623562027019882,0.9249456192960527
25929,Neutral,0.6002089538729765,0.03872745665062859,0.36106358947639494
25930,LOF,0.07579475470072006,0.03167654097089738,0.8925287043283825
25931,LOF,0.026335686606696145,0.036609623646122275,0.9370546897471815
25932,LOF,0.030123916734856527,0.02862408874155214,0.9412519945235913
25933,LOF,0.04172681216563662,0.01838976380945004,0.9398834240249134
25934,LOF,0.02641570501846968,0.02033306044443472,0.9532512345370956
25935,LOF,0.06279276735120211,0.05233939584646447,0.8848678368023335
25936,LOF,0.04531671473563465,0.02404186277736107,0.9306414224870043
25937,LOF,0.03032577215791046,0.03396387188719938,0.93571035595489
25938,LOF,0.06674449348623271,0.0544219619712451,0.8788335445425222
25939,LOF,0.042914736595828576,0.020168223460393857,0.9369170399437775
25940,LOF,0.03580787662743174,0.3361679760718704,0.6280241473006979
25941,LOF,0.1637436639743761,0.09406539549547212,0.7421909405301518
25942,LOF,0.01346424530540239,0.0349268389353718,0.9516089157592257
25943,LOF,0.29270606391718995,0.05692172500965891,0.6503722110731512
25944,Neutral,0.49524895507989175,0.021662945125229364,0.4830880997948788
25945,LOF,0.07330026682698892,0.018642139503903452,0.9080575936691077
25946,LOF,0.031770598743214834,0.1019270715500844,0.8663023297067008
25947,LOF,0.10794411085227043,0.16394839316249035,0.7281074959852393
25948,LOF,0.35232119872694195,0.0085077817925337,0.6391710194805243
25949,LOF,0.12893591928140255,0.040567460955473575,0.8304966197631239
25950,Neutral,0.3479724750713158,0.3289236843796373,0.323103840549047
25951,LOF,0.18818559742924604,0.27141735100937425,0.5403970515613797
25952,LOF,0.04184367888526015,0.4506902552010227,0.5074660659137171
25953,LOF,0.1527354514890544,0.11133121625513404,0.7359333322558116
25954,Neutral,0.4104291726940112,0.18148543297821065,0.40808539432777813
25955,LOF,0.07013871003875385,0.07853962151181662,0.8513216684494295
25956,LOF,0.13965335843883256,0.14177763004954516,0.7185690115116223
25957,LOF,0.035929057597866396,0.03074733740839421,0.9333236049937395
25958,LOF,0.055489080938407244,0.027590884373241933,0.9169200346883508
25959,LOF,0.06844535199403001,0.34477043933360796,0.586784208672362
25960,LOF,0.014436109077339217,0.05076012284642081,0.9348037680762399
25961,LOF,0.041526984837675855,0.02797905502365193,0.9304939601386721
25962,LOF,0.05935447021097594,0.03001763936006678,0.9106278904289573
25963,LOF,0.04511686156103991,0.20632280887204663,0.7485603295669135
25964,LOF,0.030363721341386058,0.15050423175769626,0.8191320469009177
25965,LOF,0.4698185612354542,0.05351713795499344,0.47666430080955235
25966,Neutral,0.5055155665529206,0.18650581513511433,0.30797861831196516
25967,LOF,0.01689697714400445,0.10804745778777526,0.8750555650682204
25968,LOF,0.03146227693040256,0.37481186786666043,0.5937258552029371
25969,LOF,0.03827162664501232,0.064654191884419,0.8970741814705687
25970,LOF,0.051875699642520874,0.059695511564373055,0.8884287887931062
25971,LOF,0.0645730984718194,0.02196412465437593,0.9134627768738047
25972,LOF,0.0634350776771554,0.03238561277025105,0.9041793095525936
25973,LOF,0.08044219385789557,0.009322926442598719,0.9102348796995058
25974,LOF,0.18881133885255702,0.015003560731401872,0.7961851004160412
25975,LOF,0.04466934996143995,0.026582582373552245,0.9287480676650078
25976,LOF,0.041667562450782014,0.014907394713644455,0.9434250428355735
25977,LOF,0.15396086169152912,0.08705181860754915,0.7589873197009217
25978,LOF,0.15164761118878223,0.09871807560793734,0.7496343132032804
25979,LOF,0.13286419725882784,0.09895941697697244,0.7681763857641998
25980,LOF,0.21695958532872123,0.12721241202526287,0.6558280026460159
25981,LOF,0.24455745106779153,0.12467169625509728,0.6307708526771112
25982,LOF,0.40109909856010373,0.08188024647339674,0.5170206549664995
25983,LOF,0.36991114037789097,0.09011635811348519,0.539972501508624
25984,LOF,0.04826710103294648,0.047910676255688255,0.9038222227113651
25985,LOF,0.036545952089676204,0.26515033115197506,0.6983037167583488
25986,LOF,0.0474838426538225,0.3011539847892919,0.6513621725568857
25987,LOF,0.08720249351366766,0.06833644870527414,0.8444610577810583
25988,LOF,0.162910461122615,0.06130298912850193,0.7757865497488831
25989,LOF,0.035936414215001225,0.11517098299727632,0.8488926027877224
25990,LOF,0.03814784357390649,0.15780486231135663,0.8040472941147367
25991,LOF,0.14672065764778672,0.23756806427882832,0.615711278073385
25992,LOF,0.3105338977249035,0.14835201157398975,0.5411140907011067
25993,LOF,0.024249017304712975,0.08133834138150921,0.8944126413137777
25994,LOF,0.018693327770134494,0.08397368827664925,0.8973329839532164
25995,LOF,0.024629873122543746,0.1842627528131684,0.7911073740642879
25996,GOF,0.3422647573328521,0.36550717796863674,0.2922280646985112
25997,LOF,0.09226873436835903,0.37283813253105236,0.5348931331005885
25998,Neutral,0.5031010978553848,0.027724871851807577,0.4691740302928075
25999,LOF,0.10063904212302088,0.10180503673927947,0.7975559211376997
26000,LOF,0.131765805295869,0.04425633493453226,0.8239778597695987
26001,LOF,0.20222586917603483,0.04799745386871548,0.7497766769552496
26002,LOF,0.1165237531672205,0.043366669573554555,0.840109577259225
26003,GOF,0.011165543957012395,0.5723780676262201,0.4164563884167676
26004,GOF,0.02156107845128984,0.6828650879492281,0.2955738335994821
26005,LOF,0.006781565532893959,0.44161961811014117,0.551598816356965
26006,Neutral,0.5358278528960776,0.22549281434570145,0.23867933275822095
26007,GOF,0.021203052815446814,0.5151767018902098,0.4636202452943435
26008,GOF,0.01893226567327123,0.6164955994087453,0.36457213491798357
26009,GOF,0.020342141758273934,0.6763825025858401,0.30327535565588604
26010,GOF,0.023497392986937975,0.6616472075607172,0.31485539945234486
26011,LOF,0.006575726230574164,0.4062949360266048,0.5871293377428211
26012,GOF,0.013142874659530087,0.5454022592476828,0.4414548660927871
26013,GOF,0.019493159937703963,0.5920929825564853,0.38841385750581076
26014,LOF,0.04404269609988742,0.10522721378219618,0.8507300901179164
26015,LOF,0.15146537677516464,0.015614345260579462,0.8329202779642559
26016,LOF,0.19156767208222547,0.06123381103035503,0.7471985168874195
26017,LOF,0.2130359671035693,0.10012348789404826,0.6868405450023825
26018,LOF,0.08256704096503122,0.04251498831485756,0.8749179707201113
26019,LOF,0.07728701643664056,0.03387436094703668,0.8888386226163228
26020,LOF,0.06429446119911754,0.11238352489926688,0.8233220139016156
26021,LOF,0.04754157147799204,0.11521260178191968,0.8372458267400883
26022,LOF,0.011046684929768206,0.043153867095629836,0.9457994479746019
26023,LOF,0.06841540526933232,0.02648939786437205,0.9050951968662956
26024,LOF,0.02964920740955577,0.12464578875302201,0.8457050038374222
26025,LOF,0.1448007171410796,0.09005183961970893,0.7651474432392115
26026,LOF,0.310991902477865,0.029920495987211106,0.659087601534924
26027,LOF,0.0608957455395581,0.021027622294541488,0.9180766321659003
26028,LOF,0.1686043685845585,0.06209345177162388,0.7693021796438175
26029,LOF,0.0687874810567711,0.1560896703525131,0.7751228485907159
26030,LOF,0.02162080889246799,0.034477072539642,0.9439021185678899
26031,LOF,0.026304202840940635,0.11445328759252976,0.8592425095665296
26032,LOF,0.06613681182074353,0.051205700394884916,0.8826574877843715
26033,LOF,0.08374191726548265,0.05171435613779487,0.8645437265967225
26034,LOF,0.04103885615036339,0.1426414688738539,0.8163196749757827
26035,LOF,0.025339800825668172,0.13777706973944576,0.8368831294348861
26036,LOF,0.03765974520600864,0.1534084831820939,0.8089317716118974
26037,LOF,0.02144865146551794,0.11101914502901264,0.8675322035054693
26038,LOF,0.06266764773477687,0.0531029033106635,0.8842294489545596
26039,LOF,0.05104629589132701,0.12960788154817748,0.8193458225604956
26040,LOF,0.19706320548690354,0.10591144648780193,0.6970253480252946
26041,LOF,0.02243057955566327,0.1037069477719145,0.8738624726724221
26042,LOF,0.020823968710717938,0.0969043935975241,0.8822716376917579
26043,LOF,0.0635729912921782,0.06083311176997887,0.875593896937843
26044,LOF,0.019493636416627866,0.04566390426541591,0.9348424593179563
26045,LOF,0.0761742748139083,0.08998103120890662,0.833844693977185
26046,LOF,0.05890584188715673,0.05185157292331691,0.8892425851895264
26047,LOF,0.07722246917015793,0.05342483442517562,0.8693526964046664
26048,LOF,0.043889492778912735,0.03219887897882922,0.9239116282422579
26049,Neutral,0.965935434960504,0.005705035048895565,0.028359529990600468
26050,Neutral,0.9495115942608985,0.00709150765458056,0.04339689808452104
26051,LOF,0.05174331140415869,0.2530205227386823,0.6952361658571591
26052,LOF,0.07270880376737078,0.3033108801502042,0.6239803160824249
26053,LOF,0.06420313147940394,0.14126030015693988,0.794536568363656
26054,LOF,0.048776599734132085,0.017508956775907365,0.9337144434899606
26055,LOF,0.0663421335468002,0.016548503231441792,0.9171093632217581
26056,LOF,0.05692274756364163,0.01828905166441178,0.9247882007719467
26057,LOF,0.03251648423468118,0.012448413728321086,0.9550351020369978
26058,LOF,0.03366804740177493,0.010171232766039325,0.9561607198321858
26059,LOF,0.263742111080946,0.021915965030218067,0.714341923888836
26060,LOF,0.03949537023468438,0.16770198644565523,0.7928026433196604
26061,LOF,0.01636928282015533,0.012484142660067473,0.9711465745197773
26062,LOF,0.010040087797319602,0.01712387303571551,0.9728360391669648
26063,LOF,0.020421643667187583,0.01036840849561392,0.9692099478371984
26064,LOF,0.020578681064604924,0.025729515578325243,0.9536918033570698
26065,LOF,0.024884999038906865,0.011343087823603363,0.9637719131374898
26066,LOF,0.020192560048400025,0.010318030797611809,0.9694894091539882
26067,LOF,0.028532334206297437,0.00902809510701857,0.9624395706866841
26068,LOF,0.043361617053594745,0.028882761568297537,0.9277556213781077
26069,LOF,0.25817443959396214,0.019129740673521255,0.7226958197325166
26070,LOF,0.37493939917546243,0.01656698957607293,0.6084936112484647
26071,LOF,0.020369746904609458,0.012048704178855237,0.9675815489165353
26072,LOF,0.016763773097320394,0.020933758271903274,0.9623024686307763
26073,LOF,0.019956083781883478,0.014237245478517086,0.9658066707395995
26074,Neutral,0.9110912996213495,0.005926253678473847,0.08298244670017668
26075,LOF,0.04444773021690273,0.013505287951238383,0.942046981831859
26076,LOF,0.03615119938804414,0.00907603307023867,0.9547727675417171
26077,LOF,0.008975735170368397,0.012714504147389411,0.9783097606822421
26078,LOF,0.014593406577436492,0.011325929507841366,0.9740806639147223
26079,LOF,0.05993963306624237,0.016386203793122903,0.9236741631406348
26080,LOF,0.05933754407765519,0.01639309078185007,0.9242693651404947
26081,LOF,0.034173950575056046,0.006677116843394465,0.9591489325815495
26082,LOF,0.012040449720097008,0.01296470797130837,0.9749948423085947
26083,LOF,0.17233112325860997,0.014852332047211522,0.8128165446941784
26084,LOF,0.041977240813559566,0.011999552905301494,0.9460232062811389
26085,LOF,0.03735677267935058,0.011387050737444405,0.951256176583205
26086,LOF,0.02016562155270851,0.01183646858536829,0.9679979098619231
26087,LOF,0.02403666955248902,0.008933913447135344,0.9670294170003757
26088,LOF,0.014789118343235479,0.024639900564246607,0.9605709810925179
26089,LOF,0.04136742278178067,0.021308855929145946,0.9373237212890733
26090,LOF,0.041505807175227644,0.017479860468098306,0.9410143323566741
26091,LOF,0.03140674948727493,0.006442798756234281,0.9621504517564908
26092,LOF,0.02187817700232765,0.00809050287118746,0.9700313201264849
26093,LOF,0.03401233282731853,0.0063392845307490946,0.9596483826419324
26094,LOF,0.03255256153341508,0.0062953222577609245,0.961152116208824
26095,LOF,0.03693135261682963,0.014414440586648003,0.9486542067965223
26096,LOF,0.016119202615364307,0.01155173556995006,0.9723290618146856
26097,LOF,0.011308639995063997,0.03932531909211097,0.9493660409128251
26098,LOF,0.07456163068170756,0.01239301753638142,0.9130453517819109
26099,LOF,0.020993644277217265,0.012514592989270348,0.9664917627335123
26100,LOF,0.023123313601589913,0.012240098131715185,0.9646365882666948
26101,LOF,0.04510660514691169,0.017881794445556834,0.9370116004075315
26102,LOF,0.020481129620915518,0.0143252676100333,0.9651936027690512
26103,Neutral,0.881811963681172,0.019695381991541784,0.09849265432728622
26104,LOF,0.07648877461580088,0.0238191021104019,0.8996921232737972
26105,LOF,0.20308456729923924,0.29029343229407645,0.5066220004066844
26106,LOF,0.16661221252520647,0.12703611647360588,0.7063516710011877
26107,LOF,0.22648661293949127,0.08734707121645831,0.6861663158440504
26108,LOF,0.2193108655106891,0.09355421490328575,0.6871349195860252
26109,LOF,0.08722752809662199,0.058530946595894126,0.8542415253074839
26110,LOF,0.19863544319322154,0.005906768131434282,0.7954577886753441
26111,Neutral,0.5098969816842451,0.02332282454671304,0.4667801937690418
26112,LOF,0.03574798155736152,0.006540740756997706,0.9577112776856408
26113,LOF,0.06557723709512643,0.01417659021482681,0.9202461726900467
26114,LOF,0.024285348996955045,0.032413823995389876,0.9433008270076552
26115,LOF,0.08992336169019938,0.062304565572800834,0.8477720727369998
26116,LOF,0.06209616484202819,0.06896219574921404,0.8689416394087578
26117,LOF,0.45110593254649256,0.04190213537412058,0.5069919320793869
26118,LOF,0.03163646868328699,0.022961096224857362,0.9454024350918555
26119,LOF,0.024407641947453818,0.03244319874968161,0.9431491593028646
26120,LOF,0.024592980166965893,0.017597868643821495,0.9578091511892126
26121,LOF,0.041732314234706865,0.08278111980215859,0.8754865659631346
