feature0,prediction,LoGoFunc_Neutral,LoGoFunc_GOF,LoGoFunc_LOF
25546,LOF,0.38274416980196063,0.21897869774750092,0.3982771324505385
25547,LOF,0.37852022002550845,0.20186805748987532,0.41961172248461626
25548,LOF,0.37852022002550845,0.20186805748987532,0.41961172248461626
25549,LOF,0.3556875397723926,0.19743281390745812,0.4468796463201493
25550,LOF,0.23191207208082443,0.2584441937376227,0.5096437341815528
25551,LOF,0.1674930540728292,0.2942227313780256,0.5382842145491451
25552,LOF,0.14973183529317735,0.3428969489542917,0.507371215752531
25553,Neutral,0.682288975929884,0.15137542776456725,0.16633559630554884
25554,LOF,0.15878551167171295,0.26905947181556544,0.5721550165127216
25555,LOF,0.15878551167171295,0.26905947181556544,0.5721550165127216
25556,Neutral,0.4759473534063097,0.20665598884518258,0.3173966577485076
25557,LOF,0.1656413956613967,0.29694219107464365,0.5374164132639597
25558,LOF,0.1657686824577531,0.29857131398154,0.535660003560707
25559,LOF,0.20237559219822884,0.12550220772942156,0.6721222000723496
25560,GOF,0.07538576751667828,0.48597028901653244,0.43864394346678925
25561,LOF,0.057050997188081244,0.4369049660199749,0.5060440367919439
25562,LOF,0.05854198842465385,0.22455627686236387,0.7169017347129824
25563,LOF,0.03649992250596212,0.1452645706133218,0.818235506880716
25564,LOF,0.057334021097848506,0.17262736535466458,0.7700386135474869
25565,GOF,0.17823585837953332,0.5531913176130798,0.2685728240073868
25566,GOF,0.10360518052682773,0.6588054937098499,0.23758932576332226
25567,LOF,0.036630139911039396,0.19578374178861327,0.7675861183003473
25568,LOF,0.06573488611474915,0.1195969411177855,0.8146681727674653
25569,LOF,0.046420383303918615,0.2029386922443771,0.7506409244517043
25570,LOF,0.057334021097848506,0.17262736535466458,0.7700386135474869
25571,LOF,0.057334021097848506,0.17262736535466458,0.7700386135474869
25572,LOF,0.05640712367060234,0.21211423214073552,0.7314786441886622
25573,LOF,0.052797054340568104,0.1953818685648541,0.7518210770945779
25574,GOF,0.05810721378097627,0.6949375871037963,0.24695519911522748
25575,LOF,0.057334021097848506,0.17262736535466458,0.7700386135474869
25576,LOF,0.030186523988597204,0.15080818398404128,0.8190052920273615
25577,LOF,0.028153381960444736,0.17573741267511847,0.7961092053644367
25578,LOF,0.09013526855635466,0.3060740200330361,0.6037907114106092
25579,LOF,0.07800998417058196,0.2917066589241616,0.6302833569052564
25580,LOF,0.057334021097848506,0.17262736535466458,0.7700386135474869
25581,LOF,0.05937433726387937,0.293507831554282,0.6471178311818385
25582,LOF,0.05937433726387937,0.293507831554282,0.6471178311818385
25583,LOF,0.057334021097848506,0.17262736535466458,0.7700386135474869
25584,Neutral,0.6347213594195218,0.10925203555486614,0.25602660502561203
25585,LOF,0.026662732422562396,0.16602394468767354,0.8073133228897641
25586,LOF,0.057334021097848506,0.17262736535466458,0.7700386135474869
25587,LOF,0.057334021097848506,0.17262736535466458,0.7700386135474869
25588,LOF,0.057334021097848506,0.17262736535466458,0.7700386135474869
25589,GOF,0.27590157931414955,0.489618103302091,0.23448031738375943
25590,LOF,0.053497236549983826,0.1975306800571929,0.7489720833928234
25591,LOF,0.05883793190541153,0.14294612402270254,0.7982159440718859
25592,GOF,0.22689167501773236,0.46938402867516377,0.30372429630710385
25593,GOF,0.059506664499226196,0.7058345418383157,0.23465879366245812
25594,LOF,0.06362872443165687,0.1325058743923608,0.8038654011759824
25595,LOF,0.07823499136168821,0.11713403484839548,0.8046309737899164
25596,LOF,0.10844828617514161,0.09742091903026685,0.7941307947945915
25597,LOF,0.11834572782559508,0.08043872787574638,0.8012155442986585
25598,LOF,0.05968579651103048,0.12555106791554954,0.81476313557342
25599,GOF,0.036899953719731066,0.6094183275957646,0.3536817186845044
25600,GOF,0.06504269115811352,0.6052655252601993,0.3296917835816873
25601,GOF,0.028865446188546726,0.5291560687894984,0.4419784850219549
25602,LOF,0.055113689885610724,0.15969465910984676,0.7851916510045425
25603,LOF,0.057334021097848506,0.17262736535466458,0.7700386135474869
25604,LOF,0.07645684786040081,0.24280908591365089,0.6807340662259482
25605,GOF,0.16220897082969252,0.5567803188936165,0.2810107102766911
25606,Neutral,0.5840377613134938,0.21939920231220367,0.19656303637430247
25607,GOF,0.03655251805023914,0.5190317567511313,0.4444157251986296
25608,LOF,0.0623175516030327,0.16841815238165467,0.7692642960153125
25609,GOF,0.11040959560588631,0.6478590814083965,0.24173132298571715
25610,LOF,0.057334021097848506,0.17262736535466458,0.7700386135474869
25611,LOF,0.057334021097848506,0.17262736535466458,0.7700386135474869
25612,LOF,0.07625079687182225,0.1100763922501866,0.8136728108779911
25613,LOF,0.08245342139531062,0.11444924120180518,0.8030973374028844
25614,LOF,0.057334021097848506,0.17262736535466458,0.7700386135474869
25615,LOF,0.07143882759838291,0.2623116706082539,0.6662495017933633
25616,LOF,0.057334021097848506,0.17262736535466458,0.7700386135474869
25617,LOF,0.057334021097848506,0.17262736535466458,0.7700386135474869
25618,GOF,0.11520873839032895,0.44709550243495094,0.43769575917472003
25619,LOF,0.057334021097848506,0.17262736535466458,0.7700386135474869
25620,LOF,0.057334021097848506,0.17262736535466458,0.7700386135474869
25621,LOF,0.07429039512672464,0.14079197159000462,0.7849176332832707
25622,LOF,0.07811913970887081,0.13842148122967254,0.7834593790614567
25623,LOF,0.09092802885438986,0.10256698211542016,0.8065049890301901
25624,LOF,0.057334021097848506,0.17262736535466458,0.7700386135474869
25625,LOF,0.09475238777662631,0.11350180666065185,0.7917458055627219
25626,LOF,0.06201702194745069,0.11084846070969846,0.8271345173428507
25627,Neutral,0.657278884255349,0.21669879850657003,0.12602231723808097
25628,GOF,0.032284013201692184,0.5077349365043873,0.45998105029392056
25629,LOF,0.04135587060363711,0.261597562180349,0.6970465672160138
25630,GOF,0.17612478999079223,0.6474770306510444,0.17639817935816338
25631,GOF,0.11651101749745324,0.6831269252691005,0.20036205723344624
25632,LOF,0.031209500176610627,0.17886542535120106,0.7899250744721883
25633,LOF,0.057334021097848506,0.17262736535466458,0.7700386135474869
25634,LOF,0.04781090471811013,0.22319713196220986,0.7289919633196801
25635,LOF,0.057334021097848506,0.17262736535466458,0.7700386135474869
25636,GOF,0.031953374075934037,0.5309162859892128,0.4371303399348532
25637,GOF,0.030632973720511446,0.5621825936969481,0.40718443258254033
25638,GOF,0.02971947917627031,0.5329828954543612,0.43729762536936856
25639,GOF,0.028662503651950763,0.5533354130579388,0.4180020832901105
25640,Neutral,0.6080484900747954,0.2925023791607015,0.09944913076450311
25641,GOF,0.055176034677011404,0.5206213366549919,0.4242026286679968
25642,LOF,0.036063004835470855,0.33893976878953735,0.6249972263749918
25643,LOF,0.30476651154349005,0.22242976729263925,0.47280372116387076
25644,GOF,0.05792828564612291,0.5071159973935984,0.4349557169602786
25645,GOF,0.06434951937693191,0.6007192452755518,0.33493123534751634
25646,GOF,0.1006984067287166,0.6048886264231829,0.29441296684810053
25647,LOF,0.04082819875630452,0.34966146723962305,0.6095103340040725
25648,GOF,0.03506928044509054,0.5129970099080196,0.4519337096468899
25649,LOF,0.04004221261860156,0.22556855201430306,0.7343892353670953
25650,GOF,0.09793940216522189,0.6562243362589556,0.24583626157582245
25651,GOF,0.05104115096339764,0.5743564240735691,0.3746024249630331
25652,GOF,0.0806641316960585,0.5415645481492188,0.37777132015472265
25653,GOF,0.24570339045261222,0.5322404138955071,0.22205619565188073
25654,LOF,0.04307891268895547,0.3396724709789835,0.617248616332061
25655,GOF,0.15296185314060246,0.5474719011999398,0.29956624565945766
25656,LOF,0.13459929880695679,0.2288512811848631,0.6365494200081802
25657,LOF,0.05342486188650453,0.1652775965833632,0.7812975415301322
25658,GOF,0.06208152001702232,0.5900788028877608,0.34783967709521696
25659,GOF,0.1601996047837363,0.6280520199819303,0.21174837523433343
25660,LOF,0.057334021097848506,0.17262736535466458,0.7700386135474869
25661,LOF,0.057334021097848506,0.17262736535466458,0.7700386135474869
25662,LOF,0.057334021097848506,0.17262736535466458,0.7700386135474869
25663,LOF,0.057334021097848506,0.17262736535466458,0.7700386135474869
25664,LOF,0.07519465409102191,0.19583566910246133,0.7289696768065168
25665,LOF,0.05775218085245422,0.15930709904641582,0.78294072010113
25666,LOF,0.07443827753425708,0.19503043932039096,0.730531283145352
25667,LOF,0.057334021097848506,0.17262736535466458,0.7700386135474869
25668,LOF,0.057334021097848506,0.17262736535466458,0.7700386135474869
25669,LOF,0.057334021097848506,0.17262736535466458,0.7700386135474869
25670,LOF,0.0869977568046492,0.11267287385969034,0.8003293693356605
25671,LOF,0.057334021097848506,0.17262736535466458,0.7700386135474869
25672,LOF,0.05375569362510497,0.16517813392725558,0.7810661724476394
25673,LOF,0.07614929176795993,0.1645353405448106,0.7593153676872295
25674,LOF,0.06756941432557786,0.2576288817921992,0.6748017038822228
25675,LOF,0.07806557955156884,0.14991924113649735,0.7720151793119339
25676,LOF,0.057334021097848506,0.17262736535466458,0.7700386135474869
25677,LOF,0.057334021097848506,0.17262736535466458,0.7700386135474869
25678,LOF,0.06453939025951429,0.15428224837685298,0.7811783613636327
25679,LOF,0.11312499081082363,0.08760868372281375,0.7992663254663626
25680,LOF,0.057334021097848506,0.17262736535466458,0.7700386135474869
25681,LOF,0.057334021097848506,0.17262736535466458,0.7700386135474869
25682,LOF,0.057334021097848506,0.17262736535466458,0.7700386135474869
25683,LOF,0.09872654703505153,0.09360958002713014,0.8076638729378184
25684,LOF,0.057334021097848506,0.17262736535466458,0.7700386135474869
25685,LOF,0.05526129090232506,0.2303765888967281,0.7143621202009469
25686,LOF,0.0541180912444148,0.428891636518327,0.5169902722372582
25687,GOF,0.05026305833276565,0.5862885764593242,0.3634483652079101
25688,GOF,0.10283131610648245,0.6519559485410589,0.24521273535245885
25689,GOF,0.05218086469128997,0.5845039263037537,0.36331520900495645
25690,GOF,0.07733793027587232,0.5756035794169292,0.34705849030719843
25691,GOF,0.3727040725931878,0.44636836323528045,0.18092756417153177
25692,LOF,0.10938645516936073,0.14485835525461796,0.7457551895760214
25693,GOF,0.06149845259853079,0.6436589230102894,0.29484262439117986
25694,LOF,0.11875394701197169,0.08196681910251505,0.7992792338855133
25695,LOF,0.10814502370663165,0.097304657412682,0.7945503188806864
25696,LOF,0.07261145312219018,0.21304242148180233,0.7143461253960075
25697,LOF,0.06772108956380189,0.19261504475900088,0.7396638656771973
25698,GOF,0.07983413136126052,0.5747469161493812,0.34541895248935833
25699,GOF,0.11502599232438415,0.5957621137014846,0.28921189397413133
25700,LOF,0.057334021097848506,0.17262736535466458,0.7700386135474869
25701,GOF,0.07517921570908437,0.6016274087362261,0.32319337555468947
25702,GOF,0.1278950709972444,0.5958573953302443,0.27624753367251126
25703,LOF,0.03414113028342087,0.15532609510801007,0.810532774608569
25704,LOF,0.057334021097848506,0.17262736535466458,0.7700386135474869
25705,LOF,0.057334021097848506,0.17262736535466458,0.7700386135474869
25706,GOF,0.06994112937607674,0.725229923387533,0.20482894723639017
25707,GOF,0.10586818444157316,0.6324145208320437,0.26171729472638305
25708,GOF,0.04252736111574824,0.5557566849440374,0.40171595394021425
25709,LOF,0.057334021097848506,0.17262736535466458,0.7700386135474869
25710,LOF,0.02301231960504989,0.15675400172938847,0.8202336786655616
25711,LOF,0.057334021097848506,0.17262736535466458,0.7700386135474869
25712,LOF,0.031534661712743633,0.16221538132621607,0.8062499569610403
25713,LOF,0.057334021097848506,0.17262736535466458,0.7700386135474869
25714,LOF,0.057334021097848506,0.17262736535466458,0.7700386135474869
25715,LOF,0.057334021097848506,0.17262736535466458,0.7700386135474869
25716,LOF,0.024171442166584706,0.21264981338119382,0.7631787444522216
25717,LOF,0.021204730393098607,0.19403886511340246,0.784756404493499
25718,LOF,0.057334021097848506,0.17262736535466458,0.7700386135474869
25719,LOF,0.057334021097848506,0.17262736535466458,0.7700386135474869
25720,LOF,0.057334021097848506,0.17262736535466458,0.7700386135474869
25721,LOF,0.057334021097848506,0.17262736535466458,0.7700386135474869
25722,LOF,0.057334021097848506,0.17262736535466458,0.7700386135474869
25723,LOF,0.057334021097848506,0.17262736535466458,0.7700386135474869
25724,LOF,0.13459929880695679,0.2288512811848631,0.6365494200081802
25725,LOF,0.057334021097848506,0.17262736535466458,0.7700386135474869
25726,LOF,0.057334021097848506,0.17262736535466458,0.7700386135474869
25727,LOF,0.057334021097848506,0.17262736535466458,0.7700386135474869
25728,LOF,0.057334021097848506,0.17262736535466458,0.7700386135474869
25729,LOF,0.057334021097848506,0.17262736535466458,0.7700386135474869
25730,LOF,0.057334021097848506,0.17262736535466458,0.7700386135474869
25731,LOF,0.02800174928774466,0.15645661354183002,0.8155416371704254
25732,LOF,0.057334021097848506,0.17262736535466458,0.7700386135474869
25733,LOF,0.057334021097848506,0.17262736535466458,0.7700386135474869
25734,LOF,0.028366570279417847,0.16739309113291595,0.8042403385876662
25735,LOF,0.057334021097848506,0.17262736535466458,0.7700386135474869
25736,LOF,0.057334021097848506,0.17262736535466458,0.7700386135474869
25737,LOF,0.057334021097848506,0.17262736535466458,0.7700386135474869
25738,LOF,0.057334021097848506,0.17262736535466458,0.7700386135474869
25739,LOF,0.057334021097848506,0.17262736535466458,0.7700386135474869
25740,LOF,0.057334021097848506,0.17262736535466458,0.7700386135474869
25741,LOF,0.057334021097848506,0.17262736535466458,0.7700386135474869
25742,LOF,0.057334021097848506,0.17262736535466458,0.7700386135474869
25743,LOF,0.02582728440576092,0.15623162548941097,0.817941090104828
25744,GOF,0.2215974421590686,0.4495942934835279,0.3288082643574035
25745,GOF,0.05838059764179795,0.5821197208342491,0.359499681523953
25746,GOF,0.03742767777533658,0.5770187193221942,0.3855536029024692
25747,LOF,0.057334021097848506,0.17262736535466458,0.7700386135474869
25748,LOF,0.07800998417058196,0.2917066589241616,0.6302833569052564
25749,GOF,0.03854421811067032,0.6379666938372692,0.32348908805206045
25750,GOF,0.041746021058250635,0.5870049863911535,0.3712489925505958
25751,LOF,0.057334021097848506,0.17262736535466458,0.7700386135474869
25752,GOF,0.18722449465169924,0.5494520352515478,0.26332347009675283
25753,LOF,0.02238827477519625,0.20438166184634948,0.7732300633784542
25754,GOF,0.06425349580847668,0.6166484505610597,0.31909805363046373
25755,LOF,0.02539321665493045,0.16929290363224192,0.8053138797128276
25756,LOF,0.04191003484514287,0.28362686941513865,0.6744630957397185
25757,GOF,0.037347124838405674,0.6543844283381366,0.3082684468234577
25758,GOF,0.06063168784896504,0.639061917778553,0.300306394372482
25759,GOF,0.03354401836684802,0.4941670092972608,0.47228897233589123
25760,LOF,0.02386226205864239,0.17131058952049766,0.8048271484208599
25761,GOF,0.2630381146055439,0.5874996340548978,0.1494622513395583
25762,LOF,0.04720960162275551,0.2477046646794844,0.7050857336977602
25763,LOF,0.019309238506599474,0.2065079715351271,0.7741827899582734
25764,GOF,0.06078001026362768,0.7540775236314019,0.18514246610497043
25765,GOF,0.07260646649807538,0.5641146823035649,0.36327885119835973
25766,GOF,0.10145297843263883,0.6197101738106318,0.2788368477567295
25767,GOF,0.11111817652806251,0.5779699282784616,0.3109118951934758
25768,LOF,0.057334021097848506,0.17262736535466458,0.7700386135474869
25769,LOF,0.057334021097848506,0.17262736535466458,0.7700386135474869
25770,Neutral,0.5410038609906477,0.09468090879208194,0.36431523021727047
25771,LOF,0.08001006671864858,0.16780907117519095,0.7521808621061604
25772,LOF,0.057334021097848506,0.17262736535466458,0.7700386135474869
25773,LOF,0.08463386781193276,0.15035191404683584,0.7650142181412315
25774,LOF,0.0508844104804504,0.17112179454190912,0.7779937949776405
25775,LOF,0.07712269455008364,0.1746406977448519,0.7482366077050645
25776,LOF,0.057334021097848506,0.17262736535466458,0.7700386135474869
25777,LOF,0.2860209827122746,0.0961563451241965,0.6178226721635289
25778,LOF,0.057334021097848506,0.17262736535466458,0.7700386135474869
25779,Neutral,0.45878484781073187,0.21402561761505057,0.32718953457421757
25780,Neutral,0.5040848067100793,0.25421380763592305,0.2417013856539977
25781,GOF,0.251109841582125,0.5424811246587579,0.2064090337591172
25782,GOF,0.20639658420293241,0.5583044079067823,0.23529900789028535
25783,GOF,0.17624395146475094,0.44397335784756237,0.3797826906876866
25784,Neutral,0.40211064698769006,0.395956553517638,0.201932799494672
25785,Neutral,0.5468779910846566,0.2827021234594704,0.1704198854558729
25786,GOF,0.08196227280023285,0.4657085506565613,0.45232917654320576
25787,Neutral,0.6654587967183394,0.2155983575200056,0.11894284576165504
25788,LOF,0.057334021097848506,0.17262736535466458,0.7700386135474869
25789,GOF,0.29115549273677793,0.38946622041891454,0.3193782868443076
25790,GOF,0.22360158799622473,0.515678083238321,0.26072032876545415
25791,GOF,0.19054502460132094,0.5153213266636539,0.2941336487350252
25792,GOF,0.218039209365366,0.5396067580972559,0.2423540325373781
25793,GOF,0.37543562526805463,0.4451688861317598,0.17939548860018567
25794,GOF,0.2897149766065213,0.5226852863666925,0.18759973702678623
25795,GOF,0.16156938925042078,0.6290069633550623,0.20942364739451688
25796,Neutral,0.5783613236525952,0.20941540543176465,0.21222327091564017
25797,GOF,0.25545913425584194,0.5006134516708853,0.24392741407327284
25798,GOF,0.05720699574275795,0.7039207053182566,0.2388722989389855
25799,GOF,0.0351660443910341,0.6540761608220045,0.3107577947869614
25800,GOF,0.1500353427646345,0.5437611849988987,0.3062034722364668
25801,GOF,0.20607657330801335,0.5376044157289482,0.25631901096303844
25802,GOF,0.1956601280646349,0.5529784224026713,0.25136144953269385
25803,GOF,0.17871237026971137,0.5772786517870192,0.24400897794326942
25804,GOF,0.1307673589230767,0.7043643187786283,0.16486832229829496
25805,GOF,0.13087636350082754,0.5928170002258487,0.27630663627332364
25806,GOF,0.23123925326096464,0.4808497585481309,0.2879109881909043
25807,GOF,0.08061288529914043,0.6381676286034393,0.2812194860974203
25808,GOF,0.2104546083817479,0.5714009471325535,0.21814444448569859
25809,GOF,0.0679935368894031,0.526857769722992,0.40514869338760473
25810,GOF,0.07445594886658387,0.5928145401998183,0.33272951093359787
25811,GOF,0.23395354917960526,0.5803106379836662,0.1857358128367285
25812,GOF,0.25502669551064594,0.5263618748896114,0.21861142959974267
25813,Neutral,0.5643712428230501,0.2550274989049905,0.18060125827195933
25814,GOF,0.1789940632084837,0.5781138610654541,0.24289207572606214
25815,GOF,0.3006044817748732,0.4454074391605402,0.25398807906458654
25816,GOF,0.10478489686761515,0.5661598304954707,0.32905527263691414
25817,GOF,0.28621280311139424,0.4892742715224081,0.2245129253661975
25818,GOF,0.1399725615254887,0.667758903224789,0.1922685352497223
25819,Neutral,0.4281520522048174,0.34377510360632485,0.2280728441888577
25820,GOF,0.32044793273010136,0.42611024205478587,0.2534418252151127
25821,GOF,0.2029951702373041,0.5830748915859438,0.21392993817675204
25822,Neutral,0.45969519678092935,0.3345110704169213,0.20579373280214924
25823,GOF,0.14368956356918663,0.6569665210175134,0.19934391541329985
25824,GOF,0.20465325525457773,0.5750747204632938,0.22027202428212836
25825,GOF,0.14270428347373654,0.6251665142179922,0.23212920230827142
25826,GOF,0.06221072075707468,0.6622050479786563,0.27558423126426906
25827,GOF,0.10343108351006254,0.6240122112521082,0.27255670523782927
25828,GOF,0.06718043804577536,0.5690404096689128,0.3637791522853118
25829,GOF,0.037863261269411974,0.5647938717310818,0.3973428669995063
25830,GOF,0.11520873839032895,0.44709550243495094,0.43769575917472003
25831,GOF,0.19911138555612354,0.5956939757158846,0.20519463872799196
25832,GOF,0.06289742880481096,0.615457935739503,0.321644635455686
25833,GOF,0.13599943328222558,0.6126125157948124,0.2513880509229621
25834,GOF,0.06063168784896504,0.639061917778553,0.300306394372482
25835,GOF,0.14584366102264518,0.5496278432412086,0.3045284957361463
25836,GOF,0.07129656278517356,0.6670921164679167,0.2616113207469098
25837,GOF,0.07310373483017264,0.584070296378468,0.34282596879135946
25838,GOF,0.20091956602003705,0.5399766127779515,0.25910382120201153
25839,GOF,0.27851305464932935,0.41190128383248675,0.30958566151818395
25840,GOF,0.24002363704740687,0.5658554496482924,0.1941209133043008
25841,GOF,0.3281276838585748,0.4620499213445023,0.209822394796923
25842,GOF,0.20272786726436093,0.533833870037845,0.263438262697794
25843,GOF,0.2772650359532191,0.4836597745402518,0.239075189506529
25844,GOF,0.13264972495268607,0.6180808499303142,0.24926942511699973
25845,GOF,0.03976131136002985,0.6605208426997754,0.29971784594019474
25846,GOF,0.14740756311529887,0.6803542178363161,0.17223821904838485
25847,GOF,0.12262327189839518,0.6090628517881244,0.26831387631348036
25848,GOF,0.1707915877867437,0.569102081397168,0.2601063308160883
25849,GOF,0.06488798236505454,0.5785569827127418,0.35655503492220364
25850,GOF,0.07954413541879803,0.4760577475254159,0.4443981170557861
25851,LOF,0.08044908708944687,0.43007895132997465,0.48947196158057854
25852,GOF,0.2704739711949347,0.5811120264949553,0.1484140023101099
25853,GOF,0.3381366899856211,0.4647172885576509,0.19714602145672802
25854,GOF,0.0390746889909834,0.6933069284506547,0.26761838255836196
25855,GOF,0.14967268973344522,0.5901144704722973,0.2602128397942575
25856,GOF,0.35772819513620857,0.3651031459308599,0.2771686589329316
25857,GOF,0.18545761194449348,0.5577596131443294,0.25678277491117724
25858,GOF,0.070645431974768,0.6671739412976089,0.26218062672762316
25859,GOF,0.04512923011490134,0.6076273179771183,0.34724345190798045
25860,GOF,0.34047108872520515,0.38393993323028935,0.2755889780445054
25861,GOF,0.26550303912723583,0.52648188026285,0.20801508060991425
25862,GOF,0.1594719361488142,0.6166485742238677,0.22387948962731816
25863,GOF,0.1948542282512499,0.5643577299692282,0.24078804177952187
25864,GOF,0.10090934714869286,0.6089786892372262,0.2901119636140808
25865,GOF,0.1075638409261143,0.6314769133208623,0.2609592457530233
25866,GOF,0.18720279166392337,0.5934709549835141,0.2193262533525626
25867,GOF,0.139050282044985,0.5877581589774649,0.27319155897755
25868,GOF,0.3310570681953314,0.46852451439008835,0.20041841741458022
25869,Neutral,0.689507652886839,0.1973601160365642,0.11313223107659685
25870,GOF,0.22689167501773236,0.46938402867516377,0.30372429630710385
25871,GOF,0.07820513282435101,0.5634868786559536,0.3583079885196954
25872,GOF,0.1622382202355716,0.602098126174242,0.23566365359018637
25873,GOF,0.1782583421227559,0.5762180843708702,0.24552357350637388
25874,LOF,0.057334021097848506,0.17262736535466458,0.7700386135474869
25875,GOF,0.05971401284355105,0.6615047355071898,0.27878125164925915
25876,LOF,0.03170342419506645,0.2078800384339985,0.7604165373709351
25877,GOF,0.29700409224699426,0.46982258164753804,0.23317332610546776
25878,GOF,0.12269937277539512,0.6110617906754962,0.2662388365491088
25879,GOF,0.03790227613339489,0.5089166296391621,0.45318109422744307
25880,LOF,0.057334021097848506,0.17262736535466458,0.7700386135474869
25881,GOF,0.09374225406026826,0.6805739209508302,0.2256838249889014
25882,LOF,0.07467344979833918,0.21277893666184197,0.7125476135398189
25883,LOF,0.057334021097848506,0.17262736535466458,0.7700386135474869
25884,LOF,0.0656071675544112,0.23984011822429446,0.6945527142212943
25885,LOF,0.06986464197146328,0.21015077913206828,0.7199845788964685
25886,LOF,0.07800998417058196,0.2917066589241616,0.6302833569052564
25887,GOF,0.03943481521147692,0.5800657765263829,0.3804994082621401
25888,GOF,0.06320406203733665,0.6168116053819243,0.3199843325807392
25889,LOF,0.08214770497473879,0.1332057658317609,0.7846465291935003
25890,LOF,0.040859179276897674,0.47624381470788013,0.4828970060152222
25891,LOF,0.05668267962746102,0.1874488174142245,0.7558685029583145
25892,LOF,0.032409514848878586,0.46070591350533224,0.5068845716457892
25893,GOF,0.04340677375489476,0.6882001107183695,0.2683931155267358
25894,GOF,0.03023087533670905,0.48911886658211357,0.4806502580811774
25895,GOF,0.03343000922736169,0.5340720852188533,0.4324979055537849
25896,LOF,0.05937433726387937,0.293507831554282,0.6471178311818385
25897,GOF,0.040144980624443806,0.6535548803232225,0.3063001390523338
25898,GOF,0.2779755439255055,0.4198236817856391,0.30220077428885544
25899,LOF,0.09013526855635466,0.3060740200330361,0.6037907114106092
25900,Neutral,0.9010120745477362,0.029080101401096004,0.06990782405116781
25901,LOF,0.057334021097848506,0.17262736535466458,0.7700386135474869
25902,LOF,0.09022755105432143,0.1848006364272308,0.7249718125184478
25903,LOF,0.08146490849037107,0.45040549094319926,0.46812960056642966
25904,LOF,0.1744511270817722,0.3272835684446872,0.49826530447354067
25905,GOF,0.0587919712679587,0.6311346860999939,0.3100733426320474
25906,LOF,0.02414115959712861,0.16423659079475805,0.8116222496081134
25907,GOF,0.03181160746854493,0.5180316451765663,0.4501567473548888
25908,LOF,0.032711950911782965,0.4594644259528798,0.5078236231353372
25909,LOF,0.057334021097848506,0.17262736535466458,0.7700386135474869
25910,GOF,0.030716019070997084,0.5671017465339627,0.4021822343950402
25911,LOF,0.07955399580309125,0.12875330796932002,0.7916926962275886
25912,LOF,0.0497405347835551,0.16062790857210102,0.7896315566443438
25913,GOF,0.04543749962186769,0.5146500173482713,0.43991248302986097
25914,LOF,0.057334021097848506,0.17262736535466458,0.7700386135474869
25915,Neutral,0.3398154482319826,0.33939818925459597,0.32078636251342146
25916,GOF,0.031833947586095514,0.5669561150647748,0.4012099373491295
25917,LOF,0.04988190542085104,0.15329939531166578,0.7968186992674832
25918,LOF,0.057334021097848506,0.17262736535466458,0.7700386135474869
25919,LOF,0.057334021097848506,0.17262736535466458,0.7700386135474869
25920,GOF,0.10923377132730382,0.720154779846124,0.17061144882657228
25921,LOF,0.03651731741253311,0.18319873274062548,0.7802839498468414
25922,LOF,0.03686173736938738,0.17901294449032432,0.7841253181402883
25923,LOF,0.07928133244616165,0.29029477312062474,0.6304238944332136
25924,LOF,0.04349476406134645,0.14934259297738306,0.8071626429612704
25925,LOF,0.04899907035543329,0.1840242509291193,0.7669766787154475
25926,LOF,0.05375569362510497,0.16517813392725558,0.7810661724476394
25927,GOF,0.02868871656719821,0.550100690332879,0.42121059309992276
25928,LOF,0.02231467420455346,0.1604864582227073,0.8171988675727392
25929,LOF,0.2732465116839987,0.22858374099660678,0.49816974731939445
25930,LOF,0.057334021097848506,0.17262736535466458,0.7700386135474869
25931,LOF,0.02651373934027448,0.15363004006938152,0.819856220590344
25932,LOF,0.057334021097848506,0.17262736535466458,0.7700386135474869
25933,LOF,0.057334021097848506,0.17262736535466458,0.7700386135474869
25934,LOF,0.057334021097848506,0.17262736535466458,0.7700386135474869
25935,LOF,0.05652406066519457,0.13536791918353264,0.8081080201512728
25936,LOF,0.057334021097848506,0.17262736535466458,0.7700386135474869
25937,LOF,0.03242107579418937,0.15712715101322755,0.8104517731925831
25938,LOF,0.06680709459104216,0.09201768781919578,0.8411752175897621
25939,LOF,0.057334021097848506,0.17262736535466458,0.7700386135474869
25940,LOF,0.03187441248055064,0.3643957652152887,0.6037298223041607
25941,GOF,0.09322430164755978,0.5518444708636259,0.3549312274888144
25942,LOF,0.033416916466788064,0.17100039694995262,0.7955826865832593
25943,GOF,0.1714935915100148,0.5430411735579844,0.2854652349320008
25944,GOF,0.19579333079956013,0.5085069228517936,0.29569974634864626
25945,GOF,0.11520873839032895,0.44709550243495094,0.43769575917472003
25946,LOF,0.023356590102702617,0.19339297632748115,0.7832504335698163
25947,GOF,0.09164843399058176,0.49825001904899374,0.41010154696042433
25948,LOF,0.22780793110994185,0.11998935287688148,0.6522027160131767
25949,LOF,0.07829348073313364,0.17812535794934398,0.7435811613175223
25950,GOF,0.21159122211181156,0.4657739350675678,0.3226348428206207
25951,GOF,0.07497506737403677,0.5469529599329052,0.3780719726930581
25952,GOF,0.028852238058524837,0.4867617212211025,0.48438604072037256
25953,GOF,0.038387100003909436,0.6244049018863457,0.337207998109745
25954,GOF,0.15780131469935474,0.5721153199114218,0.27008336538922334
25955,GOF,0.037699932101105296,0.6449892163948946,0.31731085150400007
25956,GOF,0.038383881904579316,0.65326681615034,0.30834930194508076
25957,LOF,0.05131894299129951,0.21541232016758974,0.7332687368411107
25958,LOF,0.057334021097848506,0.17262736535466458,0.7700386135474869
25959,GOF,0.03712802028063159,0.6536206442726574,0.309251335446711
25960,LOF,0.02605819682914887,0.1700784954561485,0.8038633077147027
25961,LOF,0.057334021097848506,0.17262736535466458,0.7700386135474869
25962,LOF,0.08653897446565281,0.10315412306917027,0.8103069024651769
25963,GOF,0.030354698194153783,0.5609747316615434,0.4086705701443027
25964,LOF,0.057334021097848506,0.17262736535466458,0.7700386135474869
25965,Neutral,0.44451286099636966,0.37524378492547905,0.18024335407815129
25966,LOF,0.09013526855635466,0.3060740200330361,0.6037907114106092
25967,LOF,0.0245466062488406,0.16052943451581525,0.8149239592353441
25968,GOF,0.041627060604855055,0.6900897508871613,0.26828318850798377
25969,LOF,0.03369847578596565,0.13252138160265084,0.8337801426113836
25970,LOF,0.03298129614093146,0.16044970375093567,0.8065690001081328
25971,LOF,0.057334021097848506,0.17262736535466458,0.7700386135474869
25972,LOF,0.057334021097848506,0.17262736535466458,0.7700386135474869
25973,LOF,0.07997070778780746,0.1697099591466288,0.7503193330655638
25974,Neutral,0.5373851710128993,0.196689214489403,0.2659256144976978
25975,LOF,0.057334021097848506,0.17262736535466458,0.7700386135474869
25976,LOF,0.023360689889242635,0.1792197483987313,0.7974195617120261
25977,LOF,0.042373775954289615,0.3406866143955006,0.6169396096502098
25978,LOF,0.13941719593313132,0.37759323592600585,0.48298956814086286
25979,LOF,0.15314289598243824,0.3072218451886992,0.5396352588288625
25980,LOF,0.15512304528485077,0.3524867927443201,0.4923901619708291
25981,LOF,0.15512304528485077,0.3524867927443201,0.4923901619708291
25982,LOF,0.32241470635623354,0.2024819679191407,0.4751033257246257
25983,Neutral,0.6728401371013286,0.13993101205137762,0.18722885084729382
25984,LOF,0.057334021097848506,0.17262736535466458,0.7700386135474869
25985,GOF,0.05668428211461846,0.6508788924889516,0.2924368253964299
25986,GOF,0.07112861792425078,0.6659208168898006,0.26295056518594856
25987,LOF,0.051019479608826565,0.29784475346016426,0.6511357669310092
25988,LOF,0.057334021097848506,0.17262736535466458,0.7700386135474869
25989,LOF,0.057334021097848506,0.17262736535466458,0.7700386135474869
25990,LOF,0.057334021097848506,0.17262736535466458,0.7700386135474869
25991,GOF,0.13455474652336194,0.6340237487161119,0.23142150476052611
25992,GOF,0.08414299986799749,0.5604877650193355,0.35536923511266705
25993,LOF,0.057334021097848506,0.17262736535466458,0.7700386135474869
25994,LOF,0.057334021097848506,0.17262736535466458,0.7700386135474869
25995,LOF,0.057334021097848506,0.17262736535466458,0.7700386135474869
25996,GOF,0.15975875841197534,0.5750262272624693,0.26521501432555544
25997,GOF,0.07519594547747016,0.7251692264083335,0.19963482811419636
25998,GOF,0.11757840809642144,0.6104056468208799,0.2720159450826987
25999,GOF,0.3214693193120646,0.4374924069334201,0.2410382737545153
26000,LOF,0.057133429762758974,0.17171466606651356,0.7711519041707275
26001,GOF,0.041697383866535105,0.48488828413566054,0.4734143319978044
26002,LOF,0.07122544850394748,0.17108264583517807,0.7576919056608745
26003,LOF,0.05037217645803905,0.436855653658665,0.5127721698832959
26004,GOF,0.08626385323571313,0.6174041291984999,0.2963320175657871
26005,GOF,0.03211601350807309,0.5060599928532202,0.46182399363870663
26006,Neutral,0.5352086628194657,0.23649780361376002,0.22829353356677426
26007,GOF,0.07932098248142669,0.6161101488489493,0.30456886866962396
26008,GOF,0.0596943567235899,0.5771862180560648,0.36311942522034524
26009,GOF,0.07973452493693153,0.7187375475940887,0.20152792746897988
26010,GOF,0.05173428409169954,0.6349288476784388,0.31333686822986156
26011,GOF,0.03170519675211658,0.5028298586261764,0.4654649446217071
26012,GOF,0.03858351439741718,0.6416781229489937,0.3197383626535891
26013,LOF,0.039112540511164036,0.4143775200970942,0.5465099393917418
26014,LOF,0.08006066848284656,0.14776598053499132,0.7721733509821621
26015,LOF,0.10823446428052065,0.16592887749558302,0.7258366582238962
26016,GOF,0.2138803455708255,0.5261689893683129,0.2599506650608615
26017,GOF,0.16945133202195753,0.5872265280373147,0.24332213994072774
26018,LOF,0.057334021097848506,0.17262736535466458,0.7700386135474869
26019,LOF,0.057334021097848506,0.17262736535466458,0.7700386135474869
26020,GOF,0.0329659936055031,0.5524740469583151,0.4145599594361817
26021,GOF,0.045740892731600695,0.571130774346566,0.3831283329218333
26022,LOF,0.022550096922809553,0.1926113041073157,0.7848385989698748
26023,LOF,0.13459929880695679,0.2288512811848631,0.6365494200081802
26024,GOF,0.03998889807423337,0.6001826806151549,0.35982842131061177
26025,GOF,0.25883365975857625,0.5402285091526515,0.20093783108877222
26026,Neutral,0.5781416116848751,0.21576218969500174,0.20609619862012316
26027,LOF,0.057334021097848506,0.17262736535466458,0.7700386135474869
26028,GOF,0.34220032814667434,0.34902351558527017,0.30877615626805555
26029,GOF,0.07119256821190048,0.6711343352449729,0.25767309654312665
26030,LOF,0.020739559902520275,0.18945707442172932,0.7898033656757505
26031,GOF,0.04867571341021299,0.6486788070649278,0.3026454795248593
26032,LOF,0.057334021097848506,0.17262736535466458,0.7700386135474869
26033,LOF,0.13459929880695679,0.2288512811848631,0.6365494200081802
26034,GOF,0.06084455270864775,0.6417156286542376,0.29743981863711455
26035,GOF,0.04249205189688932,0.6122143668902501,0.3452935812128605
26036,LOF,0.032841553349098225,0.43994107071920346,0.5272173759316984
26037,GOF,0.03287851601576791,0.5310082968028177,0.4361131871814143
26038,LOF,0.057334021097848506,0.17262736535466458,0.7700386135474869
26039,GOF,0.14409616858524374,0.6012607754200952,0.254643055994661
26040,GOF,0.16155489833403214,0.5784197212505707,0.26002538041539713
26041,LOF,0.032707865044251654,0.43978229648099665,0.5275098384747517
26042,GOF,0.029318606278496202,0.5559115363851125,0.4147698573363913
26043,LOF,0.057334021097848506,0.17262736535466458,0.7700386135474869
26044,LOF,0.02525870786278719,0.16905572890802867,0.8056855632291842
26045,GOF,0.1986262351384915,0.5465885196573282,0.2547852452041803
26046,LOF,0.057334021097848506,0.17262736535466458,0.7700386135474869
26047,LOF,0.057334021097848506,0.17262736535466458,0.7700386135474869
26048,LOF,0.06467635494665064,0.17176087616891922,0.7635627688844302
26049,Neutral,0.919681381321253,0.03688152655538746,0.043437092123359416
26050,Neutral,0.8859370675752423,0.03807490085263587,0.07598803157212197
26051,LOF,0.06000712601160602,0.4395026967360027,0.5004901772523913
26052,GOF,0.050948128871802695,0.587406930418808,0.3616449407093893
26053,LOF,0.03145523621295647,0.2164647407832375,0.752080023003806
26054,LOF,0.06357949128358344,0.10020358317751422,0.8362169255389024
26055,LOF,0.06445998582511032,0.12559023445797052,0.8099497797169192
26056,LOF,0.056785280190938585,0.1702898455805932,0.7729248742284682
26057,LOF,0.057334021097848506,0.17262736535466458,0.7700386135474869
26058,LOF,0.057334021097848506,0.17262736535466458,0.7700386135474869
26059,Neutral,0.6247744658429605,0.13532431365258263,0.2399012205044569
26060,GOF,0.11040959560588631,0.6478590814083965,0.24173132298571715
26061,LOF,0.029668881111240348,0.19915075507006896,0.7711803638186906
26062,LOF,0.023771092396192878,0.17190697804745864,0.8043219295563484
26063,LOF,0.057334021097848506,0.17262736535466458,0.7700386135474869
26064,LOF,0.023584190608518803,0.23933178682957335,0.7370840225619079
26065,LOF,0.057334021097848506,0.17262736535466458,0.7700386135474869
26066,LOF,0.057334021097848506,0.17262736535466458,0.7700386135474869
26067,LOF,0.057334021097848506,0.17262736535466458,0.7700386135474869
26068,LOF,0.05044251698420612,0.15489627861619856,0.7946612043995953
26069,LOF,0.3471808565410829,0.15373317409129186,0.49908596936762517
26070,Neutral,0.6607326780142639,0.056357938951080246,0.28290938303465574
26071,LOF,0.057334021097848506,0.17262736535466458,0.7700386135474869
26072,LOF,0.025657605702264594,0.16341618104620215,0.8109262132515332
26073,LOF,0.057334021097848506,0.17262736535466458,0.7700386135474869
26074,Neutral,0.8504482247823175,0.051804154476007044,0.09774762074167558
26075,LOF,0.05720247770537464,0.1646517372140317,0.7781457850805937
26076,LOF,0.057334021097848506,0.17262736535466458,0.7700386135474869
26077,LOF,0.02972679046039651,0.1915319421475636,0.7787412673920399
26078,LOF,0.02301829782002665,0.20211652275404,0.7748651794259332
26079,LOF,0.056057264324417204,0.14106600451593332,0.8028767311596494
26080,LOF,0.056057264324417204,0.14106600451593332,0.8028767311596494
26081,LOF,0.057334021097848506,0.17262736535466458,0.7700386135474869
26082,LOF,0.028262191566734422,0.18018761454650545,0.7915501938867602
26083,LOF,0.057334021097848506,0.17262736535466458,0.7700386135474869
26084,LOF,0.057334021097848506,0.17262736535466458,0.7700386135474869
26085,LOF,0.057334021097848506,0.17262736535466458,0.7700386135474869
26086,LOF,0.057334021097848506,0.17262736535466458,0.7700386135474869
26087,LOF,0.057334021097848506,0.17262736535466458,0.7700386135474869
26088,LOF,0.036381334217151715,0.16561219482785505,0.7980064709549933
26089,LOF,0.06881306841085122,0.13973835680619723,0.7914485747829515
26090,LOF,0.057216414906342966,0.16123422691497483,0.7815493581786821
26091,LOF,0.057334021097848506,0.17262736535466458,0.7700386135474869
26092,LOF,0.057334021097848506,0.17262736535466458,0.7700386135474869
26093,LOF,0.057334021097848506,0.17262736535466458,0.7700386135474869
26094,LOF,0.057334021097848506,0.17262736535466458,0.7700386135474869
26095,LOF,0.03480066932830002,0.1549299545274233,0.8102693761442767
26096,LOF,0.03413190703662029,0.151188054649809,0.8146800383135708
26097,LOF,0.02731660347928115,0.21487191397380115,0.7578114825469178
26098,LOF,0.056185123386064434,0.13714099817866088,0.8066738784352747
26099,LOF,0.057334021097848506,0.17262736535466458,0.7700386135474869
26100,LOF,0.057334021097848506,0.17262736535466458,0.7700386135474869
26101,LOF,0.057334021097848506,0.17262736535466458,0.7700386135474869
26102,LOF,0.057334021097848506,0.17262736535466458,0.7700386135474869
26103,Neutral,0.6485157364189895,0.16610629656246356,0.18537796701854692
26104,LOF,0.06335225588079627,0.10972806485774295,0.8269196792614608
26105,GOF,0.0791466559528063,0.562634420587515,0.35821892345967865
26106,LOF,0.049211589272668624,0.353579237144639,0.5972091735826924
26107,GOF,0.05015766006015206,0.48244931121728646,0.46739302872256155
26108,GOF,0.04308742679884372,0.5592143924392015,0.39769818076195473
26109,LOF,0.055800043176482406,0.1580070092897622,0.7861929475337555
26110,LOF,0.1329200909850707,0.1506409397577159,0.7164389692572133
26111,GOF,0.10818878987520807,0.6046095603672618,0.28720164975753026
26112,LOF,0.057334021097848506,0.17262736535466458,0.7700386135474869
26113,LOF,0.057334021097848506,0.17262736535466458,0.7700386135474869
26114,LOF,0.035578399342175396,0.17076364643026998,0.7936579542275546
26115,GOF,0.04783078298519901,0.5754250581544931,0.37674415886030793
26116,LOF,0.057334021097848506,0.17262736535466458,0.7700386135474869
26117,LOF,0.09013526855635466,0.3060740200330361,0.6037907114106092
26118,LOF,0.057334021097848506,0.17262736535466458,0.7700386135474869
26119,LOF,0.0312050623491585,0.36361099663669694,0.6051839410141445
26120,LOF,0.057334021097848506,0.17262736535466458,0.7700386135474869
26121,GOF,0.04175026727328334,0.568417064050694,0.38983266867602256
26122,GOF,0.04029578017678165,0.6551222173235011,0.30458200249971723
26123,GOF,0.032340319020598945,0.7020402683856615,0.26561941259373956
