feature0,prediction,LoGoFunc_Neutral,LoGoFunc_GOF,LoGoFunc_LOF
25546,Neutral,0.6029510794804375,0.048475771323753226,0.34857314919580934
25547,Neutral,0.47709886449339295,0.09085196520454622,0.4320491703020609
25548,Neutral,0.4751927141224555,0.075434519395662,0.4493727664818825
25549,LOF,0.4217340998944425,0.07430741475575904,0.5039584853497985
25550,LOF,0.3285446852507594,0.09263329148603838,0.5788220232632022
25551,LOF,0.3000532462617348,0.10000828707789297,0.5999384666603723
25552,LOF,0.2607412567946814,0.09871872282826497,0.6405400203770536
25553,Neutral,0.7997120349276754,0.03914237875936423,0.16114558631296053
25554,LOF,0.29087136984616485,0.09188582808517345,0.6172428020686618
25555,LOF,0.2542054781644533,0.08585646967173431,0.6599380521638124
25556,LOF,0.41732963646285687,0.08310014225109362,0.4995702212860495
25557,LOF,0.24028207912211635,0.09223662808203838,0.6674812927958452
25558,LOF,0.28578927678765764,0.09320728905445079,0.6210034341578916
25559,LOF,0.27086120317892876,0.11910360885778075,0.6100351879632905
25560,LOF,0.16452288529360168,0.08962988335744768,0.7458472313489507
25561,LOF,0.15201135446364997,0.10285105989205842,0.7451375856442916
25562,LOF,0.06475095575221383,0.07678675879732505,0.8584622854504612
25563,LOF,0.023316710562744106,0.12233206120788527,0.8543512282293706
25564,LOF,0.20952367544492217,0.10812714243324206,0.6823491821218358
25565,LOF,0.23418688085469047,0.1298770267037996,0.6359360924415098
25566,GOF,0.1001466016198234,0.6996095520585587,0.20024384632161799
25567,LOF,0.04429580665352999,0.14570198115844663,0.8100022121880234
25568,LOF,0.06765946993578757,0.07765590862809325,0.8546846214361191
25569,LOF,0.064483252879635,0.08280549799376449,0.8527112491266005
25570,LOF,0.02820167085349713,0.11079163868104831,0.8610066904654545
25571,LOF,0.026989868380594723,0.11288443682343574,0.8601256947959695
25572,LOF,0.06272806243550985,0.13518215052835367,0.8020897870361365
25573,LOF,0.06672019361102788,0.0995386451028862,0.833741161286086
25574,LOF,0.06694760304949675,0.1805422710602069,0.7525101258902964
25575,LOF,0.023843847129672746,0.12244441233683946,0.8537117405334879
25576,LOF,0.030829443840702252,0.16995482645761772,0.7992157297016801
25577,LOF,0.03113545404908467,0.13083141919486183,0.8380331267560535
25578,LOF,0.30277161181216544,0.09088226011002741,0.6063461280778072
25579,LOF,0.1443389708350081,0.0947870143795519,0.76087401478544
25580,LOF,0.02202486190635135,0.09049157275146467,0.8874835653421841
25581,LOF,0.05861348772977248,0.07342499890990403,0.8679615133603235
25582,LOF,0.05838650928224571,0.07225630127190807,0.8693571894458463
25583,LOF,0.02438676700870935,0.08608435269652234,0.8895288802947684
25584,Neutral,0.708797312551975,0.1140107600987244,0.1771919273493006
25585,LOF,0.03367709622512646,0.15070331823121827,0.8156195855436553
25586,LOF,0.018766860242495714,0.0750004807765894,0.906232658980915
25587,LOF,0.017804870384279962,0.06754294928638316,0.9146521803293369
25588,LOF,0.0214084075751553,0.07601453753461183,0.902577054890233
25589,Neutral,0.5127300867568514,0.19920191651554636,0.2880679967276023
25590,LOF,0.049647724342773966,0.13214514151811477,0.8182071341391112
25591,LOF,0.09770564197291143,0.06361538203219101,0.8386789759948975
25592,LOF,0.05871456251064265,0.15054173871305537,0.790743698776302
25593,LOF,0.16823708933435258,0.23818083739510987,0.5935820732705376
25594,LOF,0.051478578508017785,0.08148330436565242,0.8670381171263297
25595,LOF,0.04977935783434743,0.0613652047777429,0.8888554373879097
25596,LOF,0.09714536859545118,0.033906323793416515,0.8689483076111323
25597,LOF,0.08036713563669338,0.044656983601418405,0.8749758807618883
25598,LOF,0.05315365438590606,0.059494395179070604,0.8873519504350234
25599,GOF,0.018644198145110025,0.5134688662029394,0.46788693565195066
25600,GOF,0.1636052897806933,0.5211802032745012,0.31521450694480546
25601,LOF,0.035571276015025834,0.42590727162925135,0.5385214523557228
25602,LOF,0.03568013275353794,0.06778416275619838,0.8965357044902637
25603,LOF,0.03447026683514421,0.03562454059781762,0.9299051925670382
25604,LOF,0.032638623807355695,0.07658465725682183,0.8907767189358223
25605,LOF,0.03372196129372103,0.19551503318439864,0.7707630055218804
25606,LOF,0.4264069989227019,0.12007701592607004,0.45351598515122804
25607,LOF,0.025640026078287078,0.16332008020620203,0.811039893715511
25608,LOF,0.035424140941173195,0.0709512968029394,0.8936245622558874
25609,GOF,0.13044183737762333,0.5217029597172641,0.3478552029051125
25610,LOF,0.015805737785308485,0.03101666699233113,0.9531775952223603
25611,LOF,0.013181128526320278,0.03586721093722715,0.9509516605364526
25612,LOF,0.04989225652697906,0.04559204770881512,0.9045156957642058
25613,LOF,0.045806894501679456,0.044492092671864214,0.9097010128264563
25614,LOF,0.02155179610869282,0.027136304435126043,0.9513118994561811
25615,LOF,0.04011245115953755,0.048685354366811574,0.9112021944736508
25616,LOF,0.049336416727187304,0.03204473033875415,0.9186188529340586
25617,LOF,0.04187383660382186,0.04411806109204169,0.9140081023041364
25618,LOF,0.047146004275630614,0.03884092097988824,0.914013074744481
25619,LOF,0.012668662750625694,0.03658489228827497,0.9507464449610994
25620,LOF,0.06504303346848976,0.05001148399382899,0.8849454825376812
25621,LOF,0.05270916775871739,0.039815525553233054,0.9074753066880494
25622,LOF,0.061052253828844855,0.03791259725901533,0.9010351489121399
25623,LOF,0.06728160464630639,0.0310628559762908,0.9016555393774028
25624,LOF,0.01772952860968734,0.036088614665051186,0.9461818567252616
25625,LOF,0.05859037401498266,0.043092666318066436,0.8983169596669509
25626,LOF,0.04698288374654002,0.0415407257639272,0.9114763904895328
25627,Neutral,0.8943300187937295,0.017150903739560068,0.0885190774667105
25628,LOF,0.14587479622145078,0.05494237885139211,0.7991828249271571
25629,LOF,0.06900620445340287,0.042464033517258214,0.8885297620293389
25630,LOF,0.2884195035922142,0.06542472310958139,0.6461557732982045
25631,Neutral,0.5777724516453809,0.05599979980276426,0.36622774855185464
25632,LOF,0.027191090685350198,0.062606561038844,0.9102023482758057
25633,LOF,0.16656163470014387,0.03369273293644289,0.7997456323634132
25634,LOF,0.0356811562649867,0.07499181596756103,0.8893270277674522
25635,LOF,0.03529827661502347,0.037077568121967545,0.9276241552630091
25636,LOF,0.032409770530619504,0.45488516207343704,0.5127050673959436
25637,GOF,0.08315366048453379,0.5080626222452743,0.40878371727019186
25638,LOF,0.030715265720153297,0.36594118784917196,0.6033435464306748
25639,LOF,0.03128241310641713,0.3963211795885567,0.5723964073050262
25640,Neutral,0.7830092859469889,0.17526567788049865,0.04172503617251243
25641,GOF,0.06829057456102523,0.4668685437685763,0.4648408816703985
25642,LOF,0.046922281241957985,0.17566824189657237,0.7774094768614697
25643,LOF,0.18670561891867654,0.17235753972976287,0.6409368413515606
25644,LOF,0.02389386940441952,0.4620903756435189,0.5140157549520616
25645,LOF,0.02827188079045108,0.39546575717925553,0.5762623620302935
25646,LOF,0.06156591075780693,0.3344172507360509,0.6040168385061422
25647,LOF,0.028925745903501176,0.2567431917463242,0.7143310623501745
25648,LOF,0.0395654122292053,0.24852521111404155,0.7119093766567531
25649,LOF,0.01936993922412727,0.24314095666063276,0.7374891041152399
25650,LOF,0.053120296770660644,0.3973084991705499,0.5495712040587895
25651,LOF,0.020525279647604394,0.2720984384932969,0.7073762818590987
25652,LOF,0.039959221224440365,0.2572605018944883,0.7027802768810714
25653,LOF,0.0905542395102814,0.37783460230375937,0.5316111581859593
25654,LOF,0.03004457788071163,0.2152501178901931,0.7547053042290953
25655,LOF,0.23185718732975347,0.36319869935132015,0.4049441133189264
25656,LOF,0.3633364171616913,0.05325454985311593,0.5834090329851928
25657,LOF,0.06738883916819084,0.0605968873900705,0.8720142734417387
25658,LOF,0.3412201359414266,0.05239846175372537,0.6063814023048479
25659,Neutral,0.5081813890017675,0.07132407447563684,0.4204945365225956
25660,LOF,0.02317888541642671,0.08080045005800097,0.8960206645255724
25661,LOF,0.09641569204839531,0.057919798128685404,0.8456645098229192
25662,LOF,0.03502940648466536,0.033054402893253315,0.9319161906220812
25663,LOF,0.045768193154503915,0.045176666951630244,0.9090551398938659
25664,LOF,0.13630720335097452,0.06229446751120192,0.8013983291378236
25665,LOF,0.055771014130034706,0.030901902438133778,0.9133270834318314
25666,LOF,0.09472700167838104,0.06815033298959582,0.8371226653320231
25667,LOF,0.07581878057818159,0.03954755144224903,0.8846336679795694
25668,LOF,0.038877468474152584,0.046929331002835056,0.9141932005230125
25669,LOF,0.03361717326350929,0.04976608001523775,0.916616746721253
25670,LOF,0.13886382878352801,0.0574247333851161,0.8037114378313558
25671,LOF,0.12006238258492756,0.03359853131974442,0.846339086095328
25672,LOF,0.05098671029942942,0.04316835609015343,0.9058449336104171
25673,LOF,0.08127476527525997,0.04745252070844551,0.8712727140162945
25674,LOF,0.07116189278322488,0.05584678218366987,0.8729913250331052
25675,LOF,0.11391569575167275,0.05420433715784083,0.8318799670904864
25676,LOF,0.01939811425486821,0.05079220720048027,0.9298096785446516
25677,LOF,0.026824551445714006,0.06910845879043831,0.9040669897638477
25678,LOF,0.22077663664758393,0.06212669581868378,0.7170966675337322
25679,LOF,0.11735588762367367,0.08620172588639839,0.7964423864899279
25680,LOF,0.03147917609936952,0.11788234907373048,0.8506384748269
25681,LOF,0.05042812076878694,0.11275898251637032,0.8368128967148427
25682,LOF,0.14972947228742253,0.07289056489180883,0.7773799628207687
25683,LOF,0.11428817220699954,0.09254118887172459,0.7931706389212758
25684,LOF,0.044665907038668656,0.07196241249453704,0.8833716804667943
25685,LOF,0.1306346424260982,0.04910136085530039,0.8202639967186014
25686,LOF,0.07804977567877515,0.08260062877234692,0.839349595548878
25687,LOF,0.10494855629169046,0.08771849232454046,0.807332951383769
25688,LOF,0.3045246679966358,0.03635904922229864,0.6591162827810657
25689,LOF,0.25150470683765214,0.03736501103562046,0.7111302821267275
25690,LOF,0.33578178406154763,0.030260208845878916,0.6339580070925734
25691,Neutral,0.6949313478085092,0.024202165490268247,0.28086648670122255
25692,LOF,0.3706296358187997,0.009072657144164959,0.6202977070370354
25693,LOF,0.05444314892990401,0.3944070558011958,0.5511497952689002
25694,LOF,0.11323614277602252,0.021704486078064113,0.8650593711459134
25695,LOF,0.1119054175509561,0.019686392623654847,0.8684081898253891
25696,LOF,0.13575450192262548,0.012211254868310555,0.852034243209064
25697,LOF,0.09355870548243479,0.03044462831072655,0.8759966662068386
25698,LOF,0.34035166471297784,0.1825323444229646,0.47711599086405754
25699,LOF,0.4497226399699403,0.036616347791726726,0.5136610122383329
25700,LOF,0.07450255437288457,0.008587120813935934,0.9169103248131795
25701,LOF,0.14551957717177016,0.04215472256688423,0.8123257002613455
25702,GOF,0.14943591288548638,0.6149225902057882,0.23564149690872546
25703,LOF,0.017489149851166105,0.1567663438605398,0.8257445062882941
25704,LOF,0.04176032008220572,0.1084629216981777,0.8497767582196166
25705,LOF,0.04933338531934106,0.16378819177167417,0.7868784229089848
25706,GOF,0.09471797117472723,0.4649347189191019,0.44034730990617094
25707,LOF,0.08968667906994927,0.41476991451741413,0.49554340641263667
25708,LOF,0.027927688398595548,0.35271264691318127,0.6193596646882232
25709,LOF,0.07100594589491556,0.04344506598057488,0.8855489881245096
25710,LOF,0.01167045453831965,0.16048172681457623,0.8278478186471041
25711,LOF,0.020114029992067864,0.10215118109564367,0.8777347889122885
25712,LOF,0.013380187622796962,0.20020224372633563,0.7864175686508673
25713,LOF,0.019868871070551106,0.08838706226696838,0.8917440666624804
25714,LOF,0.0825809493084692,0.08457707298553929,0.8328419777059916
25715,LOF,0.012119759326364006,0.1471514671034741,0.8407287735701618
25716,LOF,0.014406634251211036,0.12590304944578323,0.8596903163030057
25717,LOF,0.011851410228588958,0.08557782785369997,0.902570761917711
25718,LOF,0.013087212715142753,0.10741121073996605,0.8795015765448911
25719,LOF,0.02031617395259703,0.08416271382364442,0.8955211122237585
25720,LOF,0.024803526019823163,0.07566785076472472,0.899528623215452
25721,LOF,0.016772800552676395,0.11447577860033385,0.8687514208469896
25722,LOF,0.01522267032249916,0.1267964315484481,0.8579808981290528
25723,LOF,0.024294759657895074,0.04441032597267426,0.9312949143694307
25724,LOF,0.03377338895662072,0.09439295057847479,0.8718336604649044
25725,LOF,0.012459972957371921,0.07117281176369937,0.9163672152789288
25726,LOF,0.01632411176356252,0.10918040288084443,0.8744954853555932
25727,LOF,0.014122836320271193,0.08617585145099002,0.8997013122287388
25728,LOF,0.010338615299530455,0.12287789747810407,0.8667834872223654
25729,LOF,0.010744102857792523,0.11900626908638713,0.8702496280558203
25730,LOF,0.01475654032258748,0.08648803450447408,0.8987554251729385
25731,LOF,0.020359300189394972,0.11658426009943844,0.8630564397111666
25732,LOF,0.015340590664299807,0.08267221334811345,0.9019871959875867
25733,LOF,0.017623043178164915,0.07829156018716653,0.9040853966346686
25734,LOF,0.01257950464216366,0.12993112768104992,0.8574893676767863
25735,LOF,0.01443670776584543,0.0888205164638097,0.896742775770345
25736,LOF,0.015858036900129588,0.10452062156096444,0.8796213415389059
25737,LOF,0.012765408471924937,0.08368905154378387,0.9035455399842911
25738,LOF,0.012747397003842852,0.11463725715757565,0.8726153458385816
25739,LOF,0.02150571175976334,0.08213484187926649,0.8963594463609702
25740,LOF,0.027516998105843495,0.11576334451473248,0.856719657379424
25741,LOF,0.01539683945180688,0.121589484773371,0.863013675774822
25742,LOF,0.12567997409336498,0.09193026012401108,0.7823897657826239
25743,LOF,0.03370838151194135,0.03816205391094761,0.928129564577111
25744,Neutral,0.5794302222472383,0.18614356121186695,0.2344262165408947
25745,LOF,0.07810486591008965,0.07090242187075171,0.8509927122191585
25746,LOF,0.03992576018382411,0.07995252421544975,0.880121715600726
25747,LOF,0.0201596138124762,0.057481124608624916,0.9223592615788989
25748,LOF,0.09399367792491245,0.08063535408241908,0.8253709679926685
25749,LOF,0.026206235755275403,0.08135630455097764,0.892437459693747
25750,LOF,0.08304018715746234,0.07825919316908977,0.8387006196734479
25751,LOF,0.09319414886493527,0.08891654872440743,0.8178893024106574
25752,GOF,0.10953830647748686,0.6568550805362787,0.23360661298623453
25753,LOF,0.020593000615923566,0.27692379289281843,0.702483206491258
25754,GOF,0.011374398150083034,0.7915332659954905,0.1970923358544266
25755,LOF,0.023328568661018293,0.3982511564132637,0.578420274925718
25756,LOF,0.04503097295819629,0.36615417614536,0.5888148508964437
25757,GOF,0.015292703018104642,0.8392007883769167,0.14550650860497868
25758,GOF,0.02781261627028877,0.8000950864413923,0.17209229728831898
25759,GOF,0.011232140455542855,0.5700792847786197,0.4186885747658374
25760,LOF,0.01191081935269718,0.2590682519357099,0.7290209287115929
25761,GOF,0.2736589391600871,0.6373864533231779,0.08895460751673506
25762,LOF,0.03717598781709217,0.2629730797080788,0.699850932474829
25763,LOF,0.013520348606827184,0.1921736640040135,0.7943059873891594
25764,GOF,0.0692812716496446,0.61049205794071,0.3202266704096455
25765,GOF,0.03498877804193484,0.7507639965919007,0.21424722536616442
25766,GOF,0.05762006990809755,0.73930379951291,0.20307613057899254
25767,GOF,0.14604922722919647,0.5596784837520342,0.29427228901876945
25768,LOF,0.10976570185212921,0.06837942623977634,0.8218548719080944
25769,LOF,0.06216772870515167,0.05962776661219809,0.8782045046826503
25770,LOF,0.3285337058627126,0.09978201544043994,0.5716842786968476
25771,LOF,0.04368580841968208,0.04822556356245348,0.9080886280178645
25772,LOF,0.019515335094777535,0.03968485487904426,0.9407998100261781
25773,LOF,0.04707782952977374,0.10180146439126832,0.851120706078958
25774,LOF,0.028809858651076856,0.07545183903162066,0.8957383023173026
25775,LOF,0.04927294033336088,0.04788694017523454,0.9028401194914045
25776,LOF,0.08168759480579778,0.024218409776418957,0.8940939954177833
25777,LOF,0.35974993109705194,0.05776071137673093,0.5824893575262171
25778,LOF,0.07543874305092772,0.04684847249354837,0.8777127844555239
25779,GOF,0.37235218083569377,0.5845233077552592,0.04312451140904695
25780,GOF,0.33374089938294366,0.604827756896748,0.06143134372030842
25781,GOF,0.12934183270881924,0.773027282385971,0.09763088490520974
25782,GOF,0.2005330304223429,0.7269258164222813,0.07254115315537575
25783,GOF,0.023769423062868805,0.6499907692949725,0.32623980764215876
25784,Neutral,0.5078486024941387,0.45187015585379026,0.040281241652071184
25785,GOF,0.4678733799081195,0.494319915481642,0.03780670461023848
25786,GOF,0.02745451456110068,0.7653156508787347,0.20722983456016478
25787,Neutral,0.6171231051836119,0.35901966574575594,0.023857229070632136
25788,LOF,0.05588231712338928,0.11277599068936058,0.8313416921872502
25789,GOF,0.20626760156361063,0.6620081071561058,0.13172429128028368
25790,GOF,0.21632040482369758,0.6822907263500865,0.10138886882621594
25791,GOF,0.1714280734602123,0.6760069101526259,0.1525650163871618
25792,GOF,0.3626985309879109,0.5184217565067533,0.11887971250533579
25793,GOF,0.2543955371275725,0.5482279716700783,0.1973764912023492
25794,GOF,0.30465501625161445,0.5173074695872554,0.17803751416113014
25795,GOF,0.09014660091333135,0.6679691150644463,0.24188428402222237
25796,Neutral,0.5776432267423821,0.3464322430019183,0.07592453025569963
25797,GOF,0.0876727922558311,0.5405201098334255,0.3718070979107435
25798,GOF,0.010331966142450093,0.5128439835069407,0.47682405035060915
25799,LOF,0.007993705139452674,0.39418952673679164,0.5978167681237557
25800,GOF,0.03640787680251925,0.5913779680478338,0.37221415514964695
25801,GOF,0.22688740638687055,0.6528734290593715,0.12023916455375797
25802,GOF,0.08355203014348235,0.6830780446022611,0.23336992525425673
25803,GOF,0.03626215235661549,0.5914760359360766,0.37226181170730793
25804,GOF,0.03235374378040536,0.5180900670796315,0.44955618913996315
25805,GOF,0.09073028910232457,0.6153739997905768,0.29389571110709867
25806,GOF,0.10257924596111777,0.6103743459632772,0.2870464080756049
25807,GOF,0.02126207356366352,0.6256322328676185,0.3531056935687181
25808,GOF,0.07527411258945188,0.6435841361996041,0.281141751210944
25809,GOF,0.021317988086314358,0.592486551154594,0.3861954607590917
25810,GOF,0.018835928854457194,0.6253909089603347,0.35577316218520805
25811,Neutral,0.4700304521925323,0.45082055791788733,0.07914898988958032
25812,GOF,0.03421812787966368,0.6376789935074609,0.32810287861287546
25813,Neutral,0.5270543272867625,0.3839235960928442,0.08902207662039324
25814,GOF,0.12488197471887257,0.6530961870992825,0.22202183818184482
25815,GOF,0.20058954389593892,0.6137090310214359,0.18570142508262513
25816,GOF,0.024201669543134813,0.7089200261711373,0.2668783042857279
25817,GOF,0.23733294694309096,0.6420042225901021,0.12066283046680695
25818,GOF,0.05139743399464052,0.6388705311753093,0.3097320348300502
25819,GOF,0.34740082454883603,0.5152552503334614,0.13734392511770246
25820,GOF,0.1771449867066302,0.6179990237798344,0.20485598951353548
25821,GOF,0.05938171892655301,0.6780294987551306,0.26258878231831645
25822,GOF,0.2156750520988838,0.5678355027231359,0.21648944517798033
25823,GOF,0.03551487555720733,0.5293109143412946,0.4351742101014981
25824,GOF,0.10870870242803415,0.5578500810875732,0.3334412164843927
25825,GOF,0.04060461648590025,0.574290832221228,0.3851045512928717
25826,GOF,0.01601377183557599,0.5458244449467058,0.43816178321771826
25827,GOF,0.025447853728161243,0.5890897357630471,0.38546241050879165
25828,GOF,0.014827683670012342,0.5208246122594876,0.4643477040705
25829,GOF,0.006532545085691509,0.5778537468302332,0.41561370808407533
25830,LOF,0.03085210396547401,0.326253997095032,0.642893898939494
25831,GOF,0.22119443704829278,0.663130368367298,0.11567519458440918
25832,GOF,0.03701424090952874,0.6968818649392179,0.26610389415125346
25833,GOF,0.13164323865016261,0.701444654485247,0.16691210686459046
25834,GOF,0.03767625017979242,0.7005012144928977,0.26182253532730987
25835,GOF,0.0852154763392845,0.7399705347317013,0.17481398892901423
25836,GOF,0.03706910647815938,0.692092340685915,0.2708385528359257
25837,GOF,0.026922055720840943,0.5996589729945273,0.37341897128463175
25838,GOF,0.09159049445428316,0.7692823779319456,0.13912712761377113
25839,GOF,0.3015484741006636,0.5739101963798929,0.12454132951944351
25840,GOF,0.24278050962282186,0.6306287437504834,0.12659074662669464
25841,GOF,0.22276030648377046,0.6552537790632552,0.12198591445297442
25842,GOF,0.16091661965916618,0.7072351155442701,0.13184826479656375
25843,GOF,0.23607807385057017,0.6673497852074672,0.0965721409419626
25844,GOF,0.06834979535581666,0.708688463587401,0.22296174105678226
25845,GOF,0.017473471553885157,0.4963592889997774,0.4861672394463374
25846,GOF,0.12484311880581964,0.7180789003557752,0.15707798083840527
25847,GOF,0.1020627407877887,0.7947796321745048,0.10315762703770665
25848,GOF,0.045961902176608206,0.6913466556477313,0.2626914421756605
25849,GOF,0.013101930954480314,0.5867519826795834,0.40014608636593624
25850,GOF,0.023333584788012195,0.6600152825530206,0.31665113265896727
25851,GOF,0.019132366269465594,0.5533192298102305,0.4275484039203038
25852,GOF,0.16132892243270638,0.5681555275673705,0.27051554999992306
25853,GOF,0.35597316317600836,0.5727266556895807,0.07130018113441083
25854,GOF,0.022189376724259826,0.6260349112343455,0.3517757120413948
25855,GOF,0.03961160934676947,0.5728999952322751,0.3874883954209555
25856,GOF,0.2560787008188844,0.5401167696943965,0.20380452948671915
25857,GOF,0.0414264246568459,0.5012861539202624,0.4572874214228915
25858,GOF,0.020310028526804733,0.542136875945105,0.4375530955280904
25859,GOF,0.010455252529176135,0.5263405232438819,0.463204224226942
25860,GOF,0.37493499476981956,0.5508995144799104,0.07416549075027005
25861,GOF,0.4258190108382278,0.5003156096006295,0.07386537956114275
25862,GOF,0.0900993927181747,0.7711092304709284,0.1387913768108969
25863,GOF,0.08606418030391046,0.7711569998375414,0.14277881985854812
25864,GOF,0.1827657536206623,0.7331671908333955,0.08406705554594225
25865,GOF,0.08143393588628299,0.7839476741538044,0.13461838995991268
25866,GOF,0.06710469296675502,0.7923397862480553,0.14055552078518962
25867,GOF,0.08819157338634903,0.8067848116433374,0.1050236149703137
25868,GOF,0.27731573222823513,0.6244253097851113,0.09825895798665349
25869,Neutral,0.6962700542410615,0.2695693331894052,0.034160612569533365
25870,GOF,0.25981277178069284,0.39434017614570055,0.34584705207360655
25871,GOF,0.2152057831764502,0.6394470915017753,0.14534712532177452
25872,GOF,0.07921612523759418,0.6614413748037397,0.2593424999586662
25873,GOF,0.1262610783458386,0.687070095049485,0.18666882660467632
25874,LOF,0.017209338922070053,0.1294170284157609,0.853373632662169
25875,LOF,0.11065899234874858,0.030396656055054424,0.858944351596197
25876,LOF,0.03574821990286187,0.03415230694483904,0.9300994731522991
25877,LOF,0.4792962839352097,0.04124174832858244,0.4794619677362078
25878,LOF,0.22169050244471847,0.06196454160138202,0.7163449559538996
25879,LOF,0.09185211397413258,0.07131299697490996,0.8368348890509575
25880,LOF,0.023298538715550526,0.015750454512082675,0.9609510067723667
25881,LOF,0.17934909403303045,0.11358589865060759,0.7070650073163619
25882,LOF,0.061022983268979335,0.017765683402685976,0.9212113333283348
25883,LOF,0.08240200324842888,0.020939280549964058,0.896658716201607
25884,LOF,0.03307407295617769,0.03322363319357255,0.9337022938502497
25885,LOF,0.0617480151797468,0.013403294876514083,0.9248486899437393
25886,LOF,0.2704460936761127,0.03530554684712947,0.6942483594767578
25887,LOF,0.17423574718382143,0.0662281965220804,0.7595360562940981
25888,LOF,0.07726105273528013,0.062405186382193986,0.860333760882526
25889,LOF,0.04416889911492027,0.023176797442929557,0.9326543034421502
25890,LOF,0.048553651405406406,0.14861763526062094,0.8028287133339725
25891,LOF,0.04142802101844814,0.05320907218368971,0.9053629067978622
25892,LOF,0.09623177652856946,0.02221021564467336,0.8815580078267571
25893,LOF,0.24714709608455912,0.019746365489595637,0.7331065384258452
25894,LOF,0.18024165939578146,0.011269244861375314,0.8084890957428432
25895,LOF,0.21076873261536055,0.01962181690906985,0.7696094504755696
25896,LOF,0.047771312941195056,0.02151345319974288,0.930715233859062
25897,LOF,0.2638209425070093,0.012644081771110824,0.72353497572188
25898,Neutral,0.7045775018498034,0.009627098469731088,0.2857953996804656
25899,LOF,0.20814704016481478,0.02067920906330642,0.7711737507718788
25900,LOF,0.4262799267988641,0.015050859263509683,0.5586692139376263
25901,LOF,0.04591295412921644,0.011920741714695099,0.9421663041560885
25902,LOF,0.1487532173704583,0.0118901930607689,0.8393565895687728
25903,Neutral,0.5542519196810713,0.025548038023792248,0.42020004229513636
25904,LOF,0.26886543945724467,0.04468237840995401,0.6864521821328012
25905,LOF,0.026402661310778223,0.3461606100462028,0.6274367286430189
25906,LOF,0.030892618386204686,0.07850498722010829,0.890602394393687
25907,LOF,0.01630763014578035,0.35635523685264686,0.6273371330015729
25908,LOF,0.01120157564252766,0.2527770500735837,0.7360213742838886
25909,LOF,0.013501750574524497,0.13632698196770637,0.850171267457769
25910,LOF,0.05405688803437523,0.11501987696086088,0.830923235004764
25911,LOF,0.179998592038226,0.020490905422609586,0.7995105025391644
25912,LOF,0.051544913208081966,0.041500259064601454,0.9069548277273165
25913,LOF,0.31405718363477647,0.017870036904797017,0.6680727794604265
25914,LOF,0.02157984729251176,0.0672429078124763,0.911177244895012
25915,Neutral,0.5494983184057214,0.235066448037331,0.2154352335569476
25916,LOF,0.07687931230667935,0.27183923879827787,0.6512814488950428
25917,LOF,0.06995523580218418,0.05017474994283598,0.8798700142549798
25918,LOF,0.027267573152319445,0.04476254543234601,0.9279698814153347
25919,LOF,0.023952409776827076,0.051616991916389604,0.9244305983067832
25920,GOF,0.10003121837220556,0.5204346751444663,0.379534106483328
25921,LOF,0.020836976219691286,0.033576474224143046,0.9455865495561656
25922,LOF,0.029100084566956636,0.023482956925675907,0.9474169585073675
25923,LOF,0.401265899334023,0.027940912568245796,0.5707931880977313
25924,LOF,0.03230451144199715,0.044196218173681065,0.9234992703843218
25925,LOF,0.06166281255641111,0.034224341763068246,0.9041128456805205
25926,LOF,0.0462126550718707,0.029833908637992006,0.9239534362901373
25927,LOF,0.06177434863073093,0.09623707280391872,0.8419885785653504
25928,LOF,0.017338788367182993,0.04667393601680599,0.9359872756160109
25929,Neutral,0.517912158983909,0.030126204766882034,0.4519616362492091
25930,LOF,0.05006274596273556,0.026049381393785966,0.9238878726434785
25931,LOF,0.02322363059577764,0.0280851131235702,0.9486912562806522
25932,LOF,0.026536946019625224,0.02291006150380968,0.9505529924765651
25933,LOF,0.035874564444303876,0.015712145829193357,0.9484132897265029
25934,LOF,0.02411102476180286,0.018911453094329803,0.9569775221438672
25935,LOF,0.05667474556666373,0.04251267600125718,0.9008125784320791
25936,LOF,0.04279771511545271,0.01978773411056017,0.9374145507739872
25937,LOF,0.02479426767798616,0.03355584861228967,0.9416498837097242
25938,LOF,0.05735426716405033,0.04241854377179216,0.9002271890641574
25939,LOF,0.039608069496054346,0.01677372554761602,0.9436182049563296
25940,LOF,0.028455084015513922,0.3900682924370619,0.5814766235474241
25941,LOF,0.1766703237275081,0.09187215320992431,0.7314575230625676
25942,LOF,0.015301590308398526,0.036137376851359815,0.9485610328402417
25943,LOF,0.3001144711138196,0.05983152504337568,0.6400540038428046
25944,Neutral,0.49095497574287583,0.02519248400571362,0.4838525402514106
25945,LOF,0.06535593028678138,0.023880828150022605,0.9107632415631961
25946,LOF,0.026234915029438016,0.1285757632703079,0.8451893217002541
25947,LOF,0.11586946069394646,0.2658096539672543,0.6183208853387993
25948,LOF,0.42945704128629336,0.00826400056725169,0.562278958146455
25949,LOF,0.11237113178859083,0.034436414560709276,0.8531924536506998
25950,GOF,0.2937605945152226,0.3843046966410011,0.3219347088437763
25951,LOF,0.22252117261905055,0.23251725697136208,0.5449615704095874
25952,LOF,0.0421909851148264,0.4228599608839668,0.5349490540012068
25953,LOF,0.1495798655887657,0.10033759898046848,0.7500825354307659
25954,Neutral,0.4586425745676105,0.1569637392408468,0.3843936861915428
25955,LOF,0.05516465331924581,0.08995989075418671,0.8548754559265674
25956,LOF,0.16469253179869894,0.1357807027889012,0.6995267654123999
25957,LOF,0.03840229405700519,0.037448758167265894,0.924148947775729
25958,LOF,0.061031367091645645,0.0299287562552428,0.9090398766531115
25959,LOF,0.07009060509903155,0.39612162845660087,0.5337877664443675
25960,LOF,0.01732747303007797,0.054030634949879294,0.9286418920200427
25961,LOF,0.05010604900895043,0.03244336010063493,0.9174505908904146
25962,LOF,0.05723672225582635,0.027083560387333602,0.91567971735684
25963,LOF,0.051948773588836025,0.17781661201265742,0.7702346143985066
25964,LOF,0.04229494152078436,0.1554388819670185,0.8022661765121971
25965,Neutral,0.4770555340691188,0.08040799986294961,0.4425364660679316
25966,Neutral,0.5109448385342803,0.16626784463429528,0.3227873168314244
25967,LOF,0.012149135892293723,0.09028998078954076,0.8975608833181654
25968,LOF,0.0327565345134914,0.42497916888378695,0.5422642966027216
25969,LOF,0.02851723911545948,0.061541805867205736,0.9099409550173349
25970,LOF,0.061304475925850574,0.058787952741508005,0.8799075713326414
25971,LOF,0.07231170557877035,0.016789239795810307,0.9108990546254193
25972,LOF,0.07370063649452605,0.02303005622513474,0.9032693072803393
25973,LOF,0.0671987583380541,0.012636800561773546,0.9201644411001724
25974,LOF,0.19767624863347727,0.023113438238358236,0.7792103131281646
25975,LOF,0.04361066795668869,0.0341192374484956,0.9222700945948157
25976,LOF,0.03893181027030825,0.02034111062211804,0.9407270791075737
25977,LOF,0.1616033658818144,0.10073563732484292,0.7376609967933427
25978,LOF,0.1420833823889201,0.06517679420919661,0.7927398234018833
25979,LOF,0.13513363651830124,0.06720406681946862,0.7976622966622302
25980,LOF,0.22524266099793613,0.08324105408569005,0.6915162849163738
25981,LOF,0.25922396114160706,0.08120997957780891,0.659566059280584
25982,LOF,0.40093474954922537,0.05684773990590525,0.5422175105448693
25983,LOF,0.3836205257202937,0.06385408985823846,0.5525253844214678
25984,LOF,0.0518258559367559,0.04298632787309325,0.9051878161901508
25985,LOF,0.03435657283121919,0.2389094298791711,0.7267339972896096
25986,LOF,0.03987265748691338,0.2703703289757642,0.6897570135373223
25987,LOF,0.08942434085726406,0.06553626638779403,0.8450393927549419
25988,LOF,0.1518773476191429,0.0493696798613638,0.7987529725194933
25989,LOF,0.0318456775358084,0.09337321796525205,0.8747811044989395
25990,LOF,0.04247491130370037,0.12615208773294465,0.831373000963355
25991,LOF,0.1464550090412197,0.29868886572945913,0.5548561252293212
25992,LOF,0.28934986090580284,0.16846292325055,0.5421872158436472
25993,LOF,0.02433028476020796,0.07583304760100146,0.8998366676387907
25994,LOF,0.018594158841677564,0.11143057735559561,0.8699752638027268
25995,LOF,0.02732138074950042,0.2392761036339403,0.7334025156165593
25996,GOF,0.3440658572615869,0.42507757881333347,0.23085656392507972
25997,LOF,0.08795969508935333,0.4327375700305996,0.4793027348800472
25998,Neutral,0.5536344189021157,0.025817362194834267,0.42054821890305
25999,LOF,0.1169531844446346,0.11744325212418079,0.7656035634311846
26000,LOF,0.14944225797788113,0.04966158515003425,0.8008961568720846
26001,LOF,0.1872546448929886,0.0532676404551429,0.7594777146518685
26002,LOF,0.1311724850650911,0.047644223207237706,0.8211832917276712
26003,GOF,0.011661108152802161,0.5959468248648306,0.39239206698236717
26004,GOF,0.018078582852830788,0.6735036332998261,0.30841778384734314
26005,LOF,0.008009321068552127,0.46797842166468945,0.5240122572667585
26006,Neutral,0.5321172415570122,0.27208356299172226,0.19579919545126542
26007,GOF,0.02334718042675553,0.5840458574806997,0.3926069620925447
26008,GOF,0.017099873890907242,0.6510138517677048,0.33188627434138807
26009,GOF,0.02189950397628735,0.6830562964829894,0.29504419954072325
26010,GOF,0.0230242733340002,0.6764622787609509,0.30051344790504897
26011,LOF,0.0070703614690195956,0.49079095679994483,0.5021386817310355
26012,GOF,0.01496157661192881,0.5834769256074374,0.40156149778063394
26013,GOF,0.021747501928534845,0.615912689411285,0.3623398086601802
26014,LOF,0.042525686871466864,0.10794275545060436,0.8495315576779288
26015,LOF,0.19953324493952382,0.00869610212875703,0.7917706529317192
26016,LOF,0.20123681223877599,0.046911039219606744,0.7518521485416172
26017,LOF,0.22290905552134946,0.07326805089551942,0.7038228935831311
26018,LOF,0.08987028251994701,0.024306143401163882,0.8858235740788891
26019,LOF,0.08594422418133814,0.01917769403495006,0.8948780817837118
26020,LOF,0.074104478468308,0.08337717954746175,0.8425183419842301
26021,LOF,0.04604338613186041,0.09762098003063528,0.8563356338375043
26022,LOF,0.011243726459050463,0.03148065611255152,0.9572756174283981
26023,LOF,0.10996652993775873,0.016793375345105298,0.873240094717136
26024,LOF,0.03401513767930091,0.1048994722709472,0.8610853900497519
26025,LOF,0.17220137061034524,0.08045135336132711,0.7473472760283276
26026,LOF,0.3310501360443881,0.025410045012005077,0.6435398189436069
26027,LOF,0.07918718781640442,0.013079922390020253,0.9077328897935752
26028,LOF,0.16865808699197912,0.06720246694174574,0.764139446066275
26029,LOF,0.06777331737651389,0.1930794380202462,0.7391472446032398
26030,LOF,0.023344678292156196,0.06510596495447528,0.9115493567533685
26031,LOF,0.024702758029693,0.1439359538974223,0.8313612880728847
26032,LOF,0.06267184442881793,0.07891164262349305,0.858416512947689
26033,LOF,0.11557101500627093,0.09776279495263768,0.7866661900410914
26034,LOF,0.04304508100854481,0.1692363401477604,0.7877185788436949
26035,LOF,0.026417815660824795,0.15521443448880243,0.8183677498503727
26036,LOF,0.037555548995466544,0.17553205386035628,0.7869123971441772
26037,LOF,0.021821098061708292,0.13336556115917553,0.8448133407791161
26038,LOF,0.058264460970718635,0.08268909893788402,0.8590464400913973
26039,LOF,0.04813465526689694,0.16847509610493636,0.7833902486281668
26040,LOF,0.18700111789942467,0.1469132167269549,0.6660856653736205
26041,LOF,0.02233186827315698,0.1237798031167822,0.8538883286100607
26042,LOF,0.020991705711490224,0.1166299952321342,0.8623782990563755
26043,LOF,0.05847380377277524,0.09562220296200497,0.8459039932652198
26044,LOF,0.021558393670323146,0.0775908892890193,0.9008507170406574
26045,LOF,0.06869007331081177,0.10860147736004115,0.8227084493291471
26046,LOF,0.059743525992856386,0.09283924856445196,0.8474172254426917
26047,LOF,0.08113645100271223,0.09731159370155135,0.8215519552957365
26048,LOF,0.04539279805104035,0.04686710470282517,0.9077400972461346
26049,Neutral,0.9606573916259702,0.007903801463274056,0.031438806910755734
26050,Neutral,0.9460247139177402,0.010644683228686143,0.04333060285357372
26051,LOF,0.04307388875655191,0.34097623063502036,0.6159498806084277
26052,LOF,0.06042446566649382,0.3649616207354345,0.5746139135980717
26053,LOF,0.05228034765838,0.14726181046871223,0.8004578418729078
26054,LOF,0.05560913240913613,0.015640042379148122,0.9287508252117158
26055,LOF,0.07065127864109545,0.014012005179746306,0.9153367161791581
26056,LOF,0.05897277047353208,0.015500979503894268,0.9255262500225736
26057,LOF,0.028948812968011255,0.011141079471543363,0.9599101075604454
26058,LOF,0.029650194476944693,0.00917218156931659,0.9611776239537388
26059,LOF,0.285905167019547,0.02068922057665748,0.6934056124037956
26060,LOF,0.039392763068439404,0.15625601737261424,0.8043512195589463
26061,LOF,0.01724254339276613,0.010488961237917618,0.9722684953693163
26062,LOF,0.011130764168519342,0.017682854381282056,0.9711863814501985
26063,LOF,0.02255692883495611,0.010603027425996546,0.9668400437390472
26064,LOF,0.020975319456788433,0.018063397318451906,0.9609612832247597
26065,LOF,0.024269281621365154,0.009927909681772701,0.9658028086968621
26066,LOF,0.020729440655106842,0.010545309392708072,0.9687252499521851
26067,LOF,0.028038307679816164,0.008268484156320156,0.9636932081638637
26068,LOF,0.04749386544479843,0.025568785367751767,0.92693734918745
26069,LOF,0.25247154134681093,0.017358685459503465,0.7301697731936856
26070,LOF,0.37472080605657304,0.01468663633579847,0.6105925576076285
26071,LOF,0.023898703705072646,0.011393903164119118,0.9647073931308083
26072,LOF,0.021624103524395113,0.014633158464854242,0.9637427380107507
26073,LOF,0.02469698722512064,0.010352916854200762,0.9649500959206787
26074,Neutral,0.9083202415620405,0.005014494556633474,0.08666526388132607
26075,LOF,0.04430875084153174,0.013241561314686984,0.9424496878437814
26076,LOF,0.044807691321227194,0.00856649191639781,0.946625816762375
26077,LOF,0.010403691984879513,0.01713844922692666,0.9724578587881938
26078,LOF,0.013482738084560826,0.01137150356906293,0.9751457583463762
26079,LOF,0.06111377141174573,0.014399391554325664,0.9244868370339286
26080,LOF,0.06018426320781098,0.014409493578159033,0.92540624321403
26081,LOF,0.03606028917218328,0.0060607537212606696,0.957878957106556
26082,LOF,0.014422534378479552,0.015148647019100235,0.9704288186024203
26083,LOF,0.12912410749828895,0.012446011101207098,0.858429881400504
26084,LOF,0.029043432256200565,0.011205698611913065,0.9597508691318865
26085,LOF,0.0245965924693704,0.010691973518988786,0.9647114340116408
26086,LOF,0.023666914632485173,0.011133165159552334,0.9651999202079625
26087,LOF,0.027626736826820677,0.007453891244275355,0.964919371928904
26088,LOF,0.015794092581828578,0.023224477703811745,0.9609814297143596
26089,LOF,0.04505717040037708,0.019712327806014854,0.9352305017936081
26090,LOF,0.043495654803669646,0.015816144425135317,0.9406882007711951
26091,LOF,0.0412461886488438,0.005820702278908593,0.9529331090722476
26092,LOF,0.026092146521417062,0.007916943885346668,0.9659909095932363
26093,LOF,0.040133383693343475,0.005688349102357967,0.9541782672042985
26094,LOF,0.041182558528223806,0.00626821907628739,0.9525492223954888
26095,LOF,0.0442281257419514,0.012562408773203464,0.9432094654848452
26096,LOF,0.01692002001362068,0.011882327276982727,0.9711976527093965
26097,LOF,0.012292337872960156,0.034374825067847246,0.9533328370591927
26098,LOF,0.07093846113332028,0.009662795730745619,0.9193987431359342
26099,LOF,0.024458066604922262,0.011356864336603283,0.9641850690584745
26100,LOF,0.026802079253212444,0.010886492994557287,0.9623114277522302
26101,LOF,0.05666178327468393,0.014001723854848627,0.9293364928704676
26102,LOF,0.02595158226689441,0.012135484338346474,0.9619129333947591
26103,Neutral,0.8850596725126235,0.016929180758307866,0.09801114672906851
26104,LOF,0.0786144461746912,0.020705511173419122,0.9006800426518897
26105,LOF,0.21660073797297535,0.3004048298808566,0.4829944321461679
26106,LOF,0.2246480957584832,0.12674701874293923,0.6486048854985775
26107,LOF,0.23420483656918753,0.08818575342402951,0.6776094100067831
26108,LOF,0.2598500583689556,0.12144993660897208,0.6187000050220723
26109,LOF,0.10777310348655997,0.06293441020523101,0.8292924863082091
26110,LOF,0.2733504240175306,0.008065766975058383,0.7185838090074111
26111,LOF,0.48394210443565727,0.026306653440535437,0.4897512421238073
26112,LOF,0.03322494294312447,0.007646830948856407,0.9591282261080192
26113,LOF,0.052616863571990836,0.015341742573849852,0.9320413938541593
26114,LOF,0.025879975909190275,0.019992055795073058,0.9541279682957367
26115,LOF,0.09977682658783175,0.03822083010854312,0.862002343303625
26116,LOF,0.06361487267640592,0.03845471494096208,0.897930412382632
26117,LOF,0.43678290185389607,0.04552979638013955,0.5176873017659644
26118,LOF,0.036625011011871086,0.02453947690369758,0.9388355120844314
26119,LOF,0.023460144201849015,0.038236534370314594,0.9383033214278363
26120,LOF,0.029839300031447354,0.022509177636365726,0.9476515223321869
26121,LOF,0.042633344565313626,0.08544604660404571,0.8719206088306407
26122,LOF,0.04928499358384121,0.04016387294789061,0.9105511334682682
