feature0,prediction,LoGoFunc_Neutral,LoGoFunc_GOF,LoGoFunc_LOF
25546,Neutral,0.553271517876242,0.08076907414911713,0.3659594079746409
25547,LOF,0.42466299085376624,0.13876588086363173,0.43657112828260203
25548,Neutral,0.4442528211259202,0.11625724316831945,0.4394899357057602
25549,LOF,0.3942333625939105,0.12185637370979976,0.48391026369628964
25550,LOF,0.34902908207110506,0.12872369019595375,0.5222472277329411
25551,LOF,0.2849708283218969,0.1339026102181924,0.5811265614599107
25552,LOF,0.2568597622099522,0.16467619709691605,0.5784640406931318
25553,Neutral,0.7835216991766527,0.06317656062348262,0.1533017401998646
25554,LOF,0.297110905812635,0.13784529250640962,0.5650438016809554
25555,LOF,0.25438435511807084,0.1362310835057547,0.6093845613761745
25556,LOF,0.4167744447351673,0.11978687038833156,0.4634386848765013
25557,LOF,0.23849092530424792,0.13741285472425743,0.6240962199714947
25558,LOF,0.2985170256939452,0.13280589007614385,0.568677084229911
25559,LOF,0.2692349109514406,0.027375497740796326,0.703389591307763
25560,LOF,0.1002928857296213,0.12952288397183317,0.7701842302985454
25561,LOF,0.07810367190139118,0.2344078160700058,0.6874885120286031
25562,LOF,0.04048441073919372,0.11465851753992322,0.844857071720883
25563,LOF,0.007207105545314816,0.21760631509723136,0.7751865793574538
25564,LOF,0.07556775617974416,0.08725186737256625,0.8371803764476895
25565,LOF,0.19848211974806185,0.14293063684362267,0.6585872434083155
25566,GOF,0.07385364373443411,0.7415525603718036,0.18459379589376224
25567,LOF,0.04697784034686879,0.11149533508382241,0.8415268245693088
25568,LOF,0.06857792775955057,0.09257380771480814,0.8388482645256413
25569,LOF,0.06797741942447806,0.07621232243406365,0.8558102581414582
25570,LOF,0.030868277511685926,0.09458585932895873,0.8745458631593555
25571,LOF,0.03061473175924856,0.09190996524243084,0.8774753029983205
25572,LOF,0.06065072071257105,0.11108355285643627,0.8282657264309926
25573,LOF,0.07952638992799303,0.10548998349005403,0.814983626581953
25574,LOF,0.10300444428365653,0.21445175837925956,0.6825437973370839
25575,LOF,0.02858899460352083,0.09692825778239107,0.8744827476140882
25576,LOF,0.028910723576699472,0.14340220344044355,0.827687072982857
25577,LOF,0.034306209148868706,0.11425970334946317,0.8514340875016682
25578,LOF,0.3321985514751098,0.07416560699508287,0.5936358415298073
25579,LOF,0.23167304018544782,0.0766489566657474,0.6916780031488047
25580,LOF,0.028664758559502332,0.07701395552953363,0.8943212859109639
25581,LOF,0.04668499914653588,0.09494494576901902,0.8583700550844452
25582,LOF,0.04668499914653588,0.09494494576901902,0.8583700550844452
25583,LOF,0.03801499742146489,0.08311384945636305,0.878871153122172
25584,Neutral,0.7591061761139101,0.08165715962967277,0.15923666425641722
25585,LOF,0.028891578379196616,0.13091457945440466,0.8401938421663988
25586,LOF,0.02613125302633346,0.09122384295620609,0.8826449040174604
25587,LOF,0.025024026383663737,0.09423963703608669,0.8807363365802495
25588,LOF,0.030282877460209388,0.07343504620277808,0.8962820763370125
25589,Neutral,0.6270789738415763,0.16433363171906296,0.2085873944393608
25590,LOF,0.06887484199605401,0.10430766311534616,0.8268174948885999
25591,LOF,0.13307962963176453,0.06582450100173035,0.8010958693665052
25592,LOF,0.10576621747516698,0.14582132416046045,0.7484124583643725
25593,LOF,0.15972600474000792,0.28786351470803384,0.5524104805519583
25594,LOF,0.040731183243927924,0.06164022856440651,0.8976285881916655
25595,LOF,0.04831737922935464,0.02482334933705073,0.9268592714335947
25596,LOF,0.1338808783735225,0.0126621279083199,0.8534569937181575
25597,LOF,0.10570005534327971,0.008790433642387577,0.8855095110143327
25598,LOF,0.04656706438091878,0.02675221058771113,0.9266807250313701
25599,GOF,0.026307939813070197,0.5139185659392416,0.45977349424768826
25600,LOF,0.15616246082258067,0.3824620287667049,0.4613755104107144
25601,LOF,0.0415115269432784,0.34579937986303383,0.6126890931936877
25602,LOF,0.03338487123775311,0.05406975423827408,0.9125453745239728
25603,LOF,0.06619282561756575,0.044309141142204224,0.8894980332402301
25604,LOF,0.06240624259004029,0.12844371279461594,0.8091500446153438
25605,LOF,0.06079819311461037,0.19712981566421223,0.7420719912211774
25606,Neutral,0.4961698418956564,0.18944172567975398,0.31438843242458964
25607,LOF,0.038540486015033515,0.17873419017971293,0.7827253238052535
25608,LOF,0.05938973751562058,0.10822068947697676,0.8323895730074026
25609,GOF,0.15060422333393725,0.5860868617354291,0.26330891493063363
25610,LOF,0.021705221359205454,0.07989147205301365,0.8984033065877809
25611,LOF,0.015564287586335034,0.08041533474215372,0.9040203776715111
25612,LOF,0.07208131828658204,0.0796238577344349,0.8482948239789831
25613,LOF,0.06308329275497908,0.08418483482129899,0.852731872423722
25614,LOF,0.026254276313127083,0.06939340461894797,0.9043523190679249
25615,LOF,0.06665942001860106,0.08159738731506297,0.8517431926663359
25616,LOF,0.0694485792242189,0.07283792429358535,0.8577134964821957
25617,LOF,0.05423229532805087,0.08484225045410898,0.8609254542178401
25618,LOF,0.06706292400718027,0.19662056014800683,0.736316515844813
25619,LOF,0.015159231175416798,0.11590064215840992,0.8689401266661733
25620,LOF,0.04951166360187793,0.08229427355867167,0.8681940628394506
25621,LOF,0.08891212881713294,0.09020983255866731,0.8208780386241997
25622,LOF,0.10063604930277632,0.09026561801147936,0.8090983326857444
25623,LOF,0.08247597994924845,0.06707139334249279,0.8504526267082587
25624,LOF,0.023632854662294832,0.07191951158299395,0.9044476337547113
25625,LOF,0.07616950084710225,0.07620243955170698,0.8476280596011908
25626,LOF,0.06197018867536007,0.07545541430048644,0.8625743970241535
25627,Neutral,0.8683391203103995,0.030920382124060508,0.10074049756553993
25628,LOF,0.17178241492316582,0.0806188655792622,0.747598719497572
25629,LOF,0.060745541119265035,0.07046171678071067,0.8687927421000243
25630,LOF,0.26775084370133145,0.08671720336272713,0.6455319529359413
25631,Neutral,0.48004087836628756,0.06575099778022299,0.45420812385348946
25632,LOF,0.02452590466726582,0.08892962623917537,0.8865444690935588
25633,LOF,0.1948267954938127,0.04773158209589168,0.7574416224102956
25634,LOF,0.04408096765138053,0.08117978795079835,0.8747392443978211
25635,LOF,0.033155399166368886,0.05171937199255372,0.9151252288410774
25636,GOF,0.029356239231165447,0.5811229502961313,0.38952081047270337
25637,GOF,0.029025210778483638,0.5108973872113265,0.4600774020101898
25638,GOF,0.015951407967529765,0.5308165464815857,0.4532320455508845
25639,LOF,0.02297560802813224,0.4018977636934863,0.5751266282783815
25640,Neutral,0.8093133959152039,0.1507834634631443,0.039903140621651775
25641,LOF,0.11785602557788845,0.26781807213487074,0.6143259022872407
25642,LOF,0.12635801016933026,0.16570762054032423,0.7079343692903455
25643,LOF,0.4025213170160355,0.11066439578959902,0.48681428719436554
25644,GOF,0.008340020287179074,0.6545428966572192,0.3371170830556018
25645,GOF,0.009275478831082753,0.616089375945321,0.3746351452235963
25646,LOF,0.016193368175896745,0.4639922247749938,0.5198144070491094
25647,LOF,0.009228587218803378,0.3686740425371235,0.6220973702440731
25648,LOF,0.012300080116491217,0.3837502430992814,0.6039496767842273
25649,LOF,0.008360266825128445,0.2814021351594417,0.7102375980154298
25650,GOF,0.02498589083527717,0.5864429457215298,0.38857116344319315
25651,LOF,0.009438556585786668,0.40285404672211544,0.5877073966920978
25652,GOF,0.007472972770002582,0.5623100301563226,0.4302169970736747
25653,GOF,0.027526028949768105,0.641213467230704,0.3312605038195279
25654,LOF,0.009255262841612478,0.4859513509518095,0.504793386206578
25655,GOF,0.0712815193844768,0.7414931869919466,0.1872252936235768
25656,LOF,0.18861946236227417,0.1597631566466569,0.6516173809910689
25657,LOF,0.023267766325201767,0.1812568287523517,0.7954754049224464
25658,LOF,0.18394137842226038,0.2034115043432377,0.6126471172345019
25659,LOF,0.29839552917731005,0.28766002752338954,0.4139444432993003
25660,LOF,0.02208055663761812,0.20356164699215484,0.7743577963702271
25661,LOF,0.048685164854796396,0.14252157207585528,0.8087932630693484
25662,LOF,0.025198622455920666,0.09821878255782132,0.8765825949862581
25663,LOF,0.02926773192212277,0.0862814118047965,0.8844508562730807
25664,LOF,0.07756006956061098,0.15765673577934575,0.7647831946600434
25665,LOF,0.04451571226904812,0.06907367236334533,0.8864106153676066
25666,LOF,0.05383642498341799,0.12643249926566172,0.8197310757509204
25667,LOF,0.047129352628635324,0.11109317431717654,0.8417774730541882
25668,LOF,0.025144892919512878,0.12911227187288768,0.8457428352075995
25669,LOF,0.018441588109680142,0.11970874452706246,0.8618496673632573
25670,LOF,0.09488728412196426,0.10135265824743674,0.803760057630599
25671,LOF,0.07299300242346829,0.0887705456332771,0.8382364519432546
25672,LOF,0.03727639884598569,0.10653014303565704,0.8561934581183573
25673,LOF,0.06347050585889984,0.12068467720192154,0.8158448169391787
25674,LOF,0.0588894309710983,0.14303961653099245,0.7980709524979093
25675,LOF,0.05365319770754659,0.15960595681002446,0.786740845482429
25676,LOF,0.014357933760133348,0.1300749085753921,0.8555671576644747
25677,LOF,0.015472625476469305,0.15943354133805424,0.8250938331854765
25678,LOF,0.13313882831754975,0.17069352313867697,0.6961676485437732
25679,LOF,0.10758828395975648,0.14731006862342758,0.7451016474168158
25680,LOF,0.019323463130737194,0.20264826269240152,0.7780282741768613
25681,LOF,0.029866936544538945,0.18712335968558336,0.7830097037698777
25682,LOF,0.08885256588823234,0.14137384105992878,0.7697735930518389
25683,LOF,0.07354214350532975,0.153551505330871,0.7729063511637992
25684,LOF,0.02227975254116478,0.13132592088470524,0.84639432657413
25685,LOF,0.11314671799285232,0.13860206708909764,0.74825121491805
25686,LOF,0.05498152655186543,0.27932960219785513,0.6656888712502794
25687,LOF,0.1092787891331928,0.2818717265860278,0.6088494842807793
25688,LOF,0.41417919076366444,0.0205908270556498,0.5652299821806858
25689,LOF,0.23213477727725162,0.02111202250075109,0.7467532002219972
25690,LOF,0.319181635471709,0.022570302903050843,0.6582480616252402
25691,Neutral,0.716063191001569,0.02417534364023402,0.25976146535819694
25692,LOF,0.30552318506458565,0.011257895976693804,0.6832189189587206
25693,LOF,0.06146585302997479,0.3798467636455287,0.5586873833244965
25694,LOF,0.10745591196578475,0.014310953344554678,0.8782331346896606
25695,LOF,0.11389013250433742,0.00896773540422219,0.8771421320914403
25696,LOF,0.11907249335883423,0.02090622523387648,0.8600212814072892
25697,LOF,0.04867851343253213,0.05916357176050421,0.8921579148069637
25698,LOF,0.30250510590147084,0.14585070019477653,0.5516441939037526
25699,LOF,0.3857731118173201,0.07796011852867565,0.5362667696540042
25700,LOF,0.06160080337624863,0.014868979898242127,0.9235302167255093
25701,LOF,0.17934093586375197,0.07002095314586286,0.7506381109903852
25702,GOF,0.2460216958765998,0.6682046724427056,0.08577363168069461
25703,LOF,0.02007342871228162,0.292044533045406,0.6878820382423124
25704,LOF,0.03513716058439165,0.23719229048240104,0.7276705489332073
25705,LOF,0.026222300896542174,0.1464849817537624,0.8272927173496953
25706,GOF,0.09745171089187477,0.49156615055304703,0.4109821385550781
25707,LOF,0.09026354733763703,0.4272338331790969,0.48250261948326595
25708,LOF,0.04041535407145387,0.4613124408007414,0.49827220512780473
25709,LOF,0.057447834116953776,0.09766710412150552,0.8448850617615407
25710,LOF,0.01790075888747687,0.21727918417946943,0.7648200569330538
25711,LOF,0.0170252714320092,0.14426415258013825,0.8387105759878526
25712,LOF,0.017534572985013673,0.25065220698693197,0.7318132200280544
25713,LOF,0.015626875314791618,0.12833027032292774,0.8560428543622806
25714,LOF,0.06047189163341297,0.13120705777371236,0.8083210505928747
25715,LOF,0.009341115746477552,0.20037678618249147,0.790282098071031
25716,LOF,0.012770632408743088,0.19984419944099804,0.7873851681502588
25717,LOF,0.01780035161123475,0.13085021244580564,0.8513494359429595
25718,LOF,0.009740423662172442,0.11168735039672126,0.8785722259411063
25719,LOF,0.02267674129583146,0.14892086394725443,0.8284023947569141
25720,LOF,0.02815130633172939,0.07880063667030768,0.893048056997963
25721,LOF,0.009843743033176785,0.18527504936666062,0.8048812076001626
25722,LOF,0.011219378645213135,0.16769424101998456,0.8210863803348023
25723,LOF,0.01986660487467583,0.11331060393409466,0.8668227911912294
25724,LOF,0.02676410747829745,0.25681705955177986,0.7164188329699226
25725,LOF,0.009493671336637583,0.1661998367578017,0.8243064919055608
25726,LOF,0.014061099828040853,0.23161331183698328,0.7543255883349759
25727,LOF,0.011678597420003102,0.15944444680542283,0.8288769557745741
25728,LOF,0.009299015342941298,0.19667579334837382,0.7940251913086849
25729,LOF,0.009590413919347979,0.1941431920284719,0.79626639405218
25730,LOF,0.012833925211138611,0.18767216936479422,0.7994939054240672
25731,LOF,0.018297578171263304,0.18127887893626257,0.8004235428924742
25732,LOF,0.013213801152215121,0.09230966625029445,0.8944765325974904
25733,LOF,0.014685059290092164,0.11267689202743451,0.8726380486824732
25734,LOF,0.01443667814036086,0.22475216875923879,0.7608111531004005
25735,LOF,0.009512640712559896,0.12448725942816526,0.8660000998592748
25736,LOF,0.010240582877297271,0.13643752782095117,0.8533218893017516
25737,LOF,0.010921814278021929,0.1531433265890065,0.8359348591329716
25738,LOF,0.010584831024660972,0.17734234041286653,0.8120728285624724
25739,LOF,0.01742538331113357,0.1326953874747831,0.8498792292140833
25740,LOF,0.028533302947717887,0.19283483840334564,0.7786318586489365
25741,LOF,0.012507607083710463,0.1828853687713276,0.8046070241449619
25742,LOF,0.10494080531676926,0.10614883806973513,0.7889103566134956
25743,LOF,0.05306463804102377,0.04645312092114724,0.900482241037829
25744,Neutral,0.6340816260427495,0.17687964991675317,0.18903872404049743
25745,LOF,0.07037703784888931,0.09361553514788379,0.8360074270032268
25746,LOF,0.043023203920717464,0.12986781760346058,0.8271089784758219
25747,LOF,0.016004958998198145,0.11967519392533546,0.8643198470764664
25748,LOF,0.07904842185908707,0.17105777960745974,0.7498937985334532
25749,LOF,0.03137994928097035,0.1344758545628339,0.8341441961561958
25750,LOF,0.06570449295055113,0.1149372682315705,0.8193582388178783
25751,LOF,0.09358720223224806,0.1285164364247431,0.7778963613430088
25752,GOF,0.12259261584506277,0.678672140555706,0.19873524359923117
25753,LOF,0.03437941316360104,0.44365417665181545,0.5219664101845835
25754,GOF,0.026889989414385515,0.7847420914841615,0.188367919101453
25755,LOF,0.042505428014543906,0.3945083461716351,0.5629862258138211
25756,GOF,0.07416273993242847,0.48173688944594445,0.44410037062162694
25757,GOF,0.023740961138684902,0.8486018230077409,0.12765721585357437
25758,GOF,0.028705914865429318,0.8193648033690634,0.1519292817655073
25759,GOF,0.018122028718850148,0.7640667004748095,0.21781127080634036
25760,LOF,0.02577624319428408,0.47501511554274567,0.4992086412629704
25761,GOF,0.2770064288775183,0.6568485630906669,0.06614500803181489
25762,GOF,0.056959849797986385,0.4792989105972355,0.4637412396047781
25763,LOF,0.021597739338328405,0.37659298721620404,0.6018092734454675
25764,GOF,0.07344134679160616,0.7783886322141352,0.14817002099425855
25765,GOF,0.03510480880244718,0.8157985978294626,0.14909659336809006
25766,GOF,0.10489456516927884,0.7711780957363322,0.123927339094389
25767,GOF,0.12241816733133824,0.6075843566246748,0.269997476043987
25768,LOF,0.08673574074955041,0.051710285559636256,0.8615539736908133
25769,LOF,0.053357662737591044,0.06589431398442083,0.8807480232779881
25770,LOF,0.42526816668881123,0.05757810839537431,0.5171537249158145
25771,LOF,0.05364665178861644,0.04282344670637993,0.9035299015050037
25772,LOF,0.020315166820940696,0.06204265086284239,0.917642182316217
25773,LOF,0.053568164037888215,0.03522786588324174,0.9112039700788701
25774,LOF,0.027086553362930213,0.1077969576040153,0.8651164890330545
25775,LOF,0.0732123640958204,0.037482867126032555,0.8893047687781471
25776,LOF,0.07201306872529865,0.03261462810104666,0.8953723031736547
25777,Neutral,0.5199544189089587,0.05633297238732438,0.42371260870371696
25778,LOF,0.05924715686340375,0.051661057045808687,0.8890917860907875
25779,GOF,0.4290501207309774,0.48098297109903126,0.08996690816999134
25780,GOF,0.34765241075925646,0.4972452541086356,0.155102335132108
25781,GOF,0.12501505103833382,0.6647809339682133,0.2102040149934529
25782,GOF,0.20240934958750817,0.612420111530715,0.1851705388817768
25783,GOF,0.027795185359674963,0.7085623185515996,0.26364249608872553
25784,Neutral,0.5975617206581684,0.30169028678188714,0.10074799255994449
25785,Neutral,0.5720816384137689,0.3143479952680714,0.1135703663181597
25786,GOF,0.026656885989807866,0.7004595934854004,0.2728835205247917
25787,Neutral,0.751539447274994,0.17151543041583955,0.07694512230916645
25788,LOF,0.05039662447081188,0.05858177868930816,0.8910215968398799
25789,GOF,0.20954728652879873,0.5564421238994576,0.23401058957174364
25790,GOF,0.26844073442133454,0.5136732787580268,0.21788598682063862
25791,GOF,0.14237105344148288,0.5070935828189134,0.3505353637396037
25792,GOF,0.35530652102403043,0.3696735301972958,0.2750199487786738
25793,LOF,0.21732399327493515,0.38513762905370746,0.39753837767135747
25794,GOF,0.2816130978272248,0.43176676773021333,0.28662013444256196
25795,GOF,0.07107306491770839,0.592000494909352,0.33692644017293955
25796,Neutral,0.4946810121681267,0.334679532429602,0.17063945540227118
25797,LOF,0.08071186146833614,0.44884302433099027,0.4704451142006736
25798,LOF,0.01271176174949261,0.49242442335511416,0.49486381489539333
25799,GOF,0.011809330378082983,0.4977356061308536,0.4904550634910633
25800,GOF,0.03994886411954641,0.5766698197332483,0.3833813161472053
25801,GOF,0.23752629304599157,0.5687046334922371,0.19376907346177136
25802,GOF,0.06580032000592448,0.5554703692938585,0.378729310700217
25803,GOF,0.048657323935299104,0.5020225009791116,0.4493201750855892
25804,GOF,0.03998441557685251,0.5057500293756461,0.45426555504750143
25805,GOF,0.09958587881707029,0.5293383561731398,0.3710757650097897
25806,GOF,0.11670213985218818,0.5309439762263024,0.3523538839215094
25807,GOF,0.0212197435804459,0.49834794940854366,0.4804323070110104
25808,GOF,0.09807557900749775,0.4685594024226144,0.43336501856988785
25809,LOF,0.021174857695406356,0.4474796596887032,0.5313454826158904
25810,LOF,0.02323397148191138,0.45588650850179147,0.520879520016297
25811,Neutral,0.48737654371949,0.387839739096922,0.12478371718358801
25812,LOF,0.04277387340620136,0.47452412738800603,0.48270199920579254
25813,Neutral,0.5816001094870706,0.22079124893566732,0.19760864157726218
25814,GOF,0.14128000928774578,0.522104953699489,0.3366150370127653
25815,GOF,0.25986087058263246,0.46279421039498775,0.27734491902237973
25816,GOF,0.020856657691375548,0.5542024108240817,0.4249409314845427
25817,GOF,0.19474362634691347,0.6135200437818888,0.19173632987119762
25818,LOF,0.04007648984197826,0.4693695235684191,0.49055398658960264
25819,GOF,0.34632650331766457,0.39087590892924906,0.26279758775308637
25820,GOF,0.1913579245001692,0.5098810180330453,0.2987610574667856
25821,GOF,0.062353131148538535,0.572387728129221,0.36525914072224047
25822,GOF,0.22887060647566607,0.4838734225766843,0.28725597094764954
25823,GOF,0.04483402060358154,0.5090978553471578,0.4460681240492605
25824,LOF,0.09249013460797528,0.42739784679392656,0.48011201859809816
25825,LOF,0.04010879895139608,0.432428349609623,0.527462851438981
25826,LOF,0.013722004543600811,0.4309331308320673,0.5553448646243319
25827,GOF,0.0218557069882575,0.5033957765448964,0.4747485164668461
25828,LOF,0.01573014248300973,0.4361367249194336,0.5481331325975566
25829,LOF,0.009853661107532661,0.46475239073493313,0.5253939481575343
25830,LOF,0.03550230320332954,0.09597658128863999,0.8685211155080306
25831,GOF,0.20446454775747633,0.6091050822411875,0.18643037000133622
25832,GOF,0.04397661418265421,0.5318704920806664,0.4241528937366793
25833,GOF,0.12943955819116232,0.5216532470727857,0.3489071947360519
25834,GOF,0.05324337658486346,0.5267556100488118,0.4200010133663248
25835,GOF,0.11855138183869342,0.48770257037666764,0.39374604778463884
25836,GOF,0.06461808591867949,0.526676851375423,0.40870506270589757
25837,LOF,0.029107536136395076,0.45001964065978356,0.5208728232038213
25838,GOF,0.10437496763440086,0.5692449852685686,0.3263800470970305
25839,GOF,0.3706844104116038,0.3793793142219916,0.24993627536640448
25840,GOF,0.2755484209719814,0.4603454929471403,0.2641060860808784
25841,GOF,0.31759231318038383,0.4091132629957045,0.27329442382391167
25842,GOF,0.20801505609518833,0.46789632288039285,0.3240886210244188
25843,GOF,0.23180745964045527,0.5336522145026004,0.23454032585694434
25844,GOF,0.06907787801614534,0.4784496489172891,0.4524724730665657
25845,GOF,0.01894123287484125,0.501678279241866,0.4793804878832926
25846,GOF,0.11625013773381632,0.5752722903165776,0.30847757194960607
25847,GOF,0.13871192700844212,0.5710265322474718,0.290261540744086
25848,GOF,0.053501158200114377,0.5005460277112463,0.4459528140886394
25849,LOF,0.016615591711768855,0.48193796872023464,0.5014464395679965
25850,GOF,0.02909162333737795,0.4856103484113262,0.48529802825129575
25851,LOF,0.02356631613347789,0.46622605005061557,0.5102076338159065
25852,GOF,0.15334162539223298,0.43899522068573094,0.40766315392203606
25853,GOF,0.32968025593941264,0.4870023892614506,0.18331735479913686
25854,GOF,0.021356826715043107,0.6024897283564338,0.3761534449285231
25855,LOF,0.04218921218250068,0.4688570947368678,0.48895369308063147
25856,GOF,0.20529335250469827,0.4966504046852371,0.2980562428100647
25857,GOF,0.04103743540222792,0.4863882959455152,0.4725742686522568
25858,GOF,0.020679526801487443,0.5979185349161693,0.3814019382823432
25859,GOF,0.012042306380952678,0.6027642968678962,0.38519339675115105
25860,GOF,0.2856969955369853,0.5097389062287946,0.2045640982342201
25861,GOF,0.33395647518311755,0.5233433976649237,0.1427001271519588
25862,GOF,0.07281450409798015,0.666858272136178,0.2603272237658417
25863,GOF,0.07920122634541946,0.6633895967304847,0.25740917692409576
25864,GOF,0.16133503416260683,0.6492294837055603,0.18943548213183273
25865,GOF,0.08432714114087651,0.6631353913112287,0.25253746754789475
25866,GOF,0.05796481627550047,0.7084984419400828,0.23353674178441663
25867,GOF,0.07043966807178387,0.739549423257552,0.19001090867066417
25868,GOF,0.19003539861141,0.5677235401841189,0.24224106120447117
25869,Neutral,0.6757547190543766,0.23325291651382712,0.09099236443179624
25870,LOF,0.2089721610110312,0.06369069815116733,0.7273371408378014
25871,GOF,0.1722702506749315,0.5439432290518146,0.28378652027325396
25872,GOF,0.07747139607022724,0.508322740883486,0.41420586304628676
25873,GOF,0.13247086217852175,0.5038270505699377,0.3637020872515406
25874,LOF,0.021154059936218588,0.06489297628397715,0.9139529637798042
25875,LOF,0.047720690625629426,0.19561531829483494,0.7566639910795355
25876,LOF,0.023050856557905,0.062483723487918176,0.9144654199541769
25877,LOF,0.3609978975128889,0.15195919047139791,0.4870429120157132
25878,LOF,0.13997036115724049,0.2203181602153183,0.6397114786274412
25879,LOF,0.07774359147518932,0.2405664939399782,0.6816899145848325
25880,LOF,0.022173930286983303,0.0331244856478633,0.9447015840651533
25881,LOF,0.2187549062222692,0.1744281352024686,0.6068169585752621
25882,LOF,0.06363106266667538,0.026822676465731186,0.9095462608675935
25883,LOF,0.1069697560339632,0.040466484737407854,0.8525637592286288
25884,LOF,0.038333252991290194,0.05534658280915168,0.9063201641995582
25885,LOF,0.05858584672803441,0.03163963025425422,0.9097745230177113
25886,LOF,0.3508183912839088,0.07919386855774369,0.5699877401583476
25887,LOF,0.19903474926862613,0.13589445978310388,0.66507079094827
25888,LOF,0.08105938351077399,0.08063358999878555,0.8383070264904405
25889,LOF,0.03679161607531264,0.04696081355592536,0.916247570368762
25890,LOF,0.07295137391500409,0.08755490764977726,0.8394937184352186
25891,LOF,0.06229809038726632,0.04782488584219999,0.8898770237705337
25892,LOF,0.09852754272991196,0.028522323320761597,0.8729501339493265
25893,LOF,0.31377153336542396,0.020579412394101423,0.6656490542404746
25894,LOF,0.20330096530592245,0.012151494190648189,0.7845475405034295
25895,LOF,0.254970829722714,0.014145419161515913,0.73088375111577
25896,LOF,0.05057518398542798,0.01868735988654555,0.9307374561280264
25897,LOF,0.24004444685443407,0.024330780329071287,0.7356247728164946
25898,Neutral,0.7761331440118631,0.018086452331199782,0.20578040365693717
25899,LOF,0.20149358467694828,0.03449859415010186,0.7640078211729497
25900,Neutral,0.6421038029312682,0.013621676720626589,0.34427452034810513
25901,LOF,0.04849055065562581,0.010221561632172941,0.9412878877122013
25902,LOF,0.18707807512568148,0.012278223658406012,0.8006437012159126
25903,Neutral,0.6313703630022444,0.0426231312350463,0.3260065057627093
25904,LOF,0.23679139148829387,0.02072387491963561,0.7424847335920706
25905,GOF,0.03464011046517468,0.49227113174459985,0.4730887577902255
25906,LOF,0.029852842941922596,0.08999375939322016,0.8801533976648573
25907,LOF,0.01371589382933778,0.45568295432570693,0.5306011518449553
25908,LOF,0.015430001542350467,0.29393454914513223,0.6906354493125173
25909,LOF,0.01817881979883047,0.17754107580732098,0.8042801043938484
25910,LOF,0.022329095224528014,0.4182017220252076,0.5594691827502645
25911,LOF,0.05704405898359602,0.04734267068518627,0.8956132703312177
25912,LOF,0.026275120448623113,0.07277062341353163,0.9009542561378452
25913,LOF,0.21444354908795513,0.024706352682990967,0.7608500982290539
25914,LOF,0.024388128491119418,0.07328816677836208,0.9023237047305186
25915,Neutral,0.46092383330371095,0.3107434821509421,0.22833268454534686
25916,LOF,0.04320705299804199,0.4096348160106765,0.5471581309912814
25917,LOF,0.04939019088489359,0.05324786265160246,0.8973619464635039
25918,LOF,0.029643961131704668,0.0440352179177993,0.9263208209504961
25919,LOF,0.02815571323357345,0.04503801450521548,0.9268062722612109
25920,GOF,0.1443090566289811,0.5519942995082799,0.30369664386273904
25921,LOF,0.03692377754043634,0.021117475932656893,0.9419587465269068
25922,LOF,0.04776399590079801,0.013502487674847987,0.9387335164243539
25923,LOF,0.406404090463393,0.01882132746702496,0.5747745820695821
25924,LOF,0.045138099050934966,0.016132044203934714,0.9387298567451302
25925,LOF,0.07274075818649463,0.02159439457168454,0.905664847241821
25926,LOF,0.05609794519920216,0.013068981694116234,0.9308330731066815
25927,LOF,0.08500781964169771,0.056183916528840826,0.8588082638294615
25928,LOF,0.025411086467094,0.011879216343788754,0.9627096971891173
25929,Neutral,0.5644873148883958,0.021577101950219967,0.4139355831613842
25930,LOF,0.06461473158235123,0.014969724198868516,0.9204155442187802
25931,LOF,0.03087088920967845,0.009119653507771762,0.9600094572825498
25932,LOF,0.02892781257595891,0.009741724175164957,0.9613304632488763
25933,LOF,0.039999779498230005,0.007432592727271185,0.9525676277744989
25934,LOF,0.027499799790987444,0.01108926489406361,0.961410935314949
25935,LOF,0.07300485299222866,0.020071532686927445,0.9069236143208438
25936,LOF,0.04799690608540241,0.011568399694922992,0.9404346942196746
25937,LOF,0.03653181720078872,0.01336144371689911,0.950106739082312
25938,LOF,0.0638913641147916,0.026293876065591335,0.9098147598196171
25939,LOF,0.042484261578527395,0.009656361309751048,0.9478593771117215
25940,GOF,0.030344878164011765,0.5950726028336419,0.37458251900234624
25941,LOF,0.1936928480149462,0.03472687333117862,0.7715802786538751
25942,LOF,0.01873826017384777,0.016164809684767252,0.965096930141385
25943,LOF,0.344415564499474,0.030928723359619072,0.6246557121409069
25944,Neutral,0.5134765320435062,0.019402425820597053,0.4671210421358967
25945,LOF,0.07170508281957912,0.02536826479916163,0.9029266523812592
25946,LOF,0.040932117830024525,0.17672548729093773,0.7823423948790377
25947,LOF,0.1339273598097656,0.17687372580051275,0.6891989143897217
25948,LOF,0.3600083457289334,0.02211731120648641,0.6178743430645802
25949,LOF,0.13392733525025807,0.04537902977357625,0.8206936349761658
25950,LOF,0.19237100781250166,0.3986949547486901,0.4089340374388083
25951,LOF,0.2183013930681867,0.13536508342407141,0.6463335235077419
25952,LOF,0.033329669004040656,0.44820107249102975,0.5184692585049295
25953,LOF,0.12475487558928908,0.17058778803933616,0.7046573363713748
25954,Neutral,0.40257202316370294,0.25636239624463747,0.3410655805916594
25955,LOF,0.05765429315600876,0.15699181653193378,0.7853538903120575
25956,LOF,0.2404199174882778,0.07044470505377955,0.6891353774579427
25957,LOF,0.04492454531105329,0.02883708619678686,0.9262383684921599
25958,LOF,0.07213323488849939,0.03238495625398112,0.8954818088575194
25959,GOF,0.10639247116010389,0.5120597525844911,0.381547776255405
25960,LOF,0.023728812065240037,0.0830894283902396,0.8931817595445204
25961,LOF,0.061463181531010776,0.04145989616755196,0.8970769223014372
25962,LOF,0.05308292845778427,0.06300615847427957,0.8839109130679361
25963,LOF,0.055691110015883866,0.17477292379143397,0.7695359661926822
25964,LOF,0.03442303965162632,0.21121549693319958,0.7543614634151741
25965,Neutral,0.4838318111286607,0.06814296440252428,0.44802522446881493
25966,GOF,0.3053207530219646,0.38679168242168904,0.30788756455634647
25967,LOF,0.011904051207038826,0.17297569403298332,0.8151202547599778
25968,LOF,0.06415838517993216,0.34957491633472154,0.5862666984853463
25969,LOF,0.02530390535270029,0.05600268370947172,0.9186934109378281
25970,LOF,0.055778785579745575,0.03293496455323702,0.9112862498670175
25971,LOF,0.10682388086166834,0.021428896086323243,0.8717472230520085
25972,LOF,0.1026113170753156,0.02400677668840681,0.8733819062362775
25973,LOF,0.101592725752357,0.015813282897065812,0.8825939913505771
25974,LOF,0.33477912581884545,0.03240302019115656,0.632817853989998
25975,LOF,0.04744335038915553,0.03401742096797098,0.9185392286428734
25976,LOF,0.038852144312618034,0.025836832838998246,0.9353110228483837
25977,LOF,0.12738191271052604,0.11148977828718633,0.7611283090022877
25978,LOF,0.173107914679219,0.11960678831936476,0.7072852970014163
25979,LOF,0.16370392356725166,0.08464054786076389,0.7516555285719844
25980,LOF,0.1984941039502994,0.20707134583285003,0.5944345502168505
25981,LOF,0.23243706243904408,0.19202255869014095,0.575540378870815
25982,LOF,0.454085638841368,0.09171558211033316,0.45419877904829886
25983,LOF,0.4346216702954342,0.08398881976938231,0.4813895099351836
25984,LOF,0.04402762611366142,0.12851985872157298,0.8274525151647655
25985,LOF,0.022235476128504784,0.33870297881245875,0.6390615450590366
25986,LOF,0.026056508192792125,0.38995997756947703,0.5839835142377308
25987,LOF,0.08477940998200614,0.08488913858108299,0.8303314514369109
25988,LOF,0.09179426828340494,0.09632685685844145,0.8118788748581537
25989,LOF,0.02236190272408264,0.15150484478970558,0.8261332524862118
25990,LOF,0.0337464977128264,0.15674963415007492,0.8095038681370987
25991,LOF,0.2297667470949672,0.32703602943710336,0.44319722346792945
25992,Neutral,0.3916000535092789,0.23219446088836443,0.37620548560235656
25993,LOF,0.03446072204040407,0.11634532833011096,0.8491939496294849
25994,LOF,0.020137297083468966,0.16268691232927887,0.8171757905872522
25995,LOF,0.03496016179236635,0.13600981823140496,0.8290300199762287
25996,GOF,0.22888587617127504,0.5210117285757419,0.2501023952529831
25997,GOF,0.09589954994486712,0.5225658256553216,0.38153462439981123
25998,Neutral,0.49470906417211585,0.019078948689477637,0.4862119871384065
25999,LOF,0.08708778282255476,0.444433357127391,0.4684788600500542
26000,LOF,0.0580288561076652,0.03168758991739666,0.9102835539749381
26001,LOF,0.15601951031224318,0.05556031680353027,0.7884201728842266
26002,LOF,0.09158256809884467,0.04435919272836129,0.8640582391727941
26003,GOF,0.011757823445081554,0.736425680058038,0.25181649649688037
26004,GOF,0.02313960281679896,0.7540124202751063,0.22284797690809477
26005,GOF,0.012157030494518085,0.634302451456789,0.35354051804869296
26006,Neutral,0.5017587956277253,0.3745389855228063,0.12370221884946851
26007,GOF,0.021355007312675544,0.7412251848142023,0.23741980787312203
26008,GOF,0.014371891633128415,0.7386305528050663,0.24699755556180542
26009,GOF,0.03052927584105479,0.7814445064931848,0.18802621766576047
26010,GOF,0.022034469555912706,0.7968195383609132,0.181145992083174
26011,GOF,0.010432169608401296,0.5836149525529111,0.4059528778386875
26012,GOF,0.0178026351077408,0.7179718454473336,0.2642255194449256
26013,GOF,0.013553320271879481,0.7725109313343196,0.2139357483938009
26014,LOF,0.04140884044216355,0.24431935035103605,0.7142718092068004
26015,LOF,0.18942186755915053,0.00786777025663162,0.8027103621842178
26016,LOF,0.3352761361948273,0.027638955629831742,0.6370849081753409
26017,LOF,0.23905596378053454,0.045072658936918614,0.7158713772825468
26018,LOF,0.09428414321947867,0.023408922182725535,0.8823069345977957
26019,LOF,0.09352221785967203,0.017302172573731626,0.8891756095665964
26020,LOF,0.09245065582101347,0.0424850535393751,0.8650642906396114
26021,LOF,0.08218943246427285,0.06202558370358265,0.8557849838321446
26022,LOF,0.01528914246870278,0.03418923655288459,0.9505216209784126
26023,LOF,0.15326114577872524,0.02298052217932884,0.8237583320419459
26024,LOF,0.03873565570636617,0.06930322018338698,0.8919611241102469
26025,LOF,0.22226296210848345,0.042032853578625996,0.7357041843128906
26026,LOF,0.42318953918527025,0.009499704857608862,0.5673107559571209
26027,LOF,0.09175553853540182,0.01138783974948914,0.896856621715109
26028,LOF,0.22598919749879148,0.07509516269655475,0.6989156398046538
26029,LOF,0.15530874075226386,0.1343367765986831,0.710354482649053
26030,LOF,0.0454519092052092,0.02924494536029388,0.9253031454344969
26031,LOF,0.04626082405526028,0.11335873662473286,0.8403804393200067
26032,LOF,0.08558590271496619,0.02914387620472123,0.8852702210803125
26033,LOF,0.1603063059541041,0.04274170303366213,0.7969519910122337
26034,LOF,0.07524245048612682,0.08622734333797985,0.8385302061758934
26035,LOF,0.0557528570472229,0.09751332138833081,0.8467338215644462
26036,LOF,0.07420195920362756,0.08963902447766235,0.8361590163187101
26037,LOF,0.04332263436171295,0.07587447905476416,0.8808028865835228
26038,LOF,0.08453766132898781,0.028244351248141144,0.8872179874228711
26039,LOF,0.09980398505445803,0.09077457752691678,0.8094214374186252
26040,LOF,0.2854070561672521,0.060246382768197285,0.6543465610645506
26041,LOF,0.04379558719978892,0.07523290967946326,0.8809715031207478
26042,LOF,0.04237912351633623,0.06891295113486842,0.8887079253487953
26043,LOF,0.08192533929219865,0.03841416190880108,0.8796604987990002
26044,LOF,0.046655628158551996,0.03422610059338154,0.9191182712480663
26045,LOF,0.1320734278398229,0.06694120801353755,0.8009853641466396
26046,LOF,0.09011924772793715,0.039799976493904175,0.8700807757781587
26047,LOF,0.12476394382387529,0.045718220234279204,0.8295178359418455
26048,LOF,0.07213605025506585,0.028288829353300682,0.8995751203916336
26049,Neutral,0.9437616086198635,0.006494579402075351,0.04974381197806117
26050,Neutral,0.9163519330267819,0.007105117003046114,0.07654294997017203
26051,GOF,0.042635518017500956,0.5555883409820628,0.4017761410004363
26052,GOF,0.03543065845407356,0.6488147871490753,0.3157545543968512
26053,LOF,0.05020043693567336,0.32508411875391474,0.624715444310412
26054,LOF,0.05725951692611958,0.056878258890652185,0.8858622241832282
26055,LOF,0.058915928723738756,0.05222056016003903,0.8888635111162223
26056,LOF,0.05206491712167562,0.06206645523440733,0.8858686276439169
26057,LOF,0.02709684102444821,0.03492673094840034,0.9379764280271514
26058,LOF,0.02709811257829626,0.033548369387445855,0.939353518034258
26059,LOF,0.3525250510741997,0.06452181242017668,0.5829531365056235
26060,LOF,0.034151265729712325,0.34584360661738217,0.6200051276529056
26061,LOF,0.020583987131889324,0.04916506357823112,0.9302509492898795
26062,LOF,0.015877839694481245,0.04910163827502912,0.9350205220304897
26063,LOF,0.023012518327673242,0.037124862351072485,0.9398626193212543
26064,LOF,0.027458603646208668,0.03965183090498283,0.9328895654488085
26065,LOF,0.025545206315481118,0.03271615155922812,0.9417386421252908
26066,LOF,0.020117107948447035,0.04006889777964321,0.9398139942719097
26067,LOF,0.0224675746561673,0.030861351862532475,0.9466710734813003
26068,LOF,0.049288734572704974,0.06805354183935375,0.8826577235879413
26069,LOF,0.37855390814279005,0.06648499812360745,0.5549610937336025
26070,Neutral,0.595137278664144,0.02990149400387066,0.3749612273319853
26071,LOF,0.02212669579858589,0.04519121847394403,0.93268208572747
26072,LOF,0.02683687034381279,0.06672083162712636,0.9064422980290608
26073,LOF,0.023731445669047658,0.03067059457642144,0.945597959754531
26074,Neutral,0.8776217864984027,0.012688492527532357,0.10968972097406486
26075,LOF,0.046089581510039654,0.05337645761253771,0.9005339608774227
26076,LOF,0.040409983898917305,0.027976341703687513,0.9316136743973952
26077,LOF,0.011213515472212589,0.06548179450491885,0.9233046900228686
26078,LOF,0.015477742072673457,0.043056961989458194,0.9414652959378684
26079,LOF,0.04875120602594848,0.05451204116426969,0.8967367528097818
26080,LOF,0.04875120602594848,0.05451204116426969,0.8967367528097818
26081,LOF,0.03102341802891318,0.026147802154958218,0.9428287798161286
26082,LOF,0.02268125260408558,0.04657568221193775,0.9307430651839766
26083,LOF,0.12110826672264106,0.035305038791378446,0.8435866944859804
26084,LOF,0.026576466762465768,0.04476701402211514,0.928656519215419
26085,LOF,0.02131763499235444,0.0437803159296865,0.9349020490779589
26086,LOF,0.0216281319584755,0.041056871296801786,0.9373149967447227
26087,LOF,0.024160881320243056,0.03480945017738052,0.9410296685023765
26088,LOF,0.024641434697252433,0.06290369463951738,0.9124548706632302
26089,LOF,0.04444654164565906,0.05350914425993787,0.9020443140944031
26090,LOF,0.04172926861792451,0.047694708609542814,0.9105760227725327
26091,LOF,0.03887743295733935,0.02071474164415747,0.9404078253985032
26092,LOF,0.026189667670932167,0.03247011522806504,0.9413402171010027
26093,LOF,0.03750297396299692,0.021166652917790307,0.9413303731192127
26094,LOF,0.042750515845633504,0.017787250802489368,0.9394622333518771
26095,LOF,0.0413393142384019,0.06781655831930693,0.8908441274422911
26096,LOF,0.01821621830017183,0.03965506503675534,0.9421287166630729
26097,LOF,0.01179123174626876,0.11099577621190047,0.8772129920418308
26098,LOF,0.05921326246150423,0.03744181398464602,0.9033449235538498
26099,LOF,0.022087233930819218,0.059654743467554124,0.9182580226016267
26100,LOF,0.02263833141634405,0.06000414716578503,0.9173575214178709
26101,LOF,0.058863596551832195,0.042963318333002695,0.8981730851151651
26102,LOF,0.023680855176049245,0.043405843874988706,0.9329133009489621
26103,Neutral,0.8696796861154378,0.052089175456318165,0.07823113842824407
26104,LOF,0.04563890399030325,0.09379728616592814,0.8605638098437686
26105,LOF,0.3310077948819943,0.17374726369456356,0.49524494142344216
26106,LOF,0.15286800538152093,0.0856945439846185,0.7614374506338606
26107,LOF,0.22624835956696582,0.09407818949232935,0.6796734509407047
26108,LOF,0.18099479480738148,0.09005471652368129,0.7289504886689372
26109,LOF,0.08638738918498264,0.1006633610071817,0.8129492498078357
26110,LOF,0.2627240342040481,0.0439864119023624,0.6932895538935895
26111,LOF,0.44881227106678956,0.03469693209449739,0.516490796838713
26112,LOF,0.0458407614008135,0.025717275957318646,0.9284419626418678
26113,LOF,0.055349299098561684,0.05379337094929607,0.8908573299521422
26114,LOF,0.023953282029596863,0.033549230064742246,0.9424974879056609
26115,LOF,0.10747281735406097,0.05749291474408829,0.8350342679018506
26116,LOF,0.056274551502126596,0.053316556398218036,0.8904088920996555
26117,LOF,0.22507821343967763,0.131350764825759,0.6435710217345635
26118,LOF,0.0370106765581118,0.06560324322504389,0.8973860802168442
26119,LOF,0.023294657455796078,0.1750438414001985,0.8016615011440055
26120,LOF,0.027255522272169593,0.06065903762391997,0.9120854401039103
26121,LOF,0.047778001968523956,0.16212937215550408,0.790092625875972
26122,LOF,0.06144144435128126,0.1315005672381346,0.8070579884105842
