feature0,prediction,LoGoFunc_Neutral,LoGoFunc_GOF,LoGoFunc_LOF
25546,Neutral,0.6694875201593535,0.05908475498386768,0.27142772485677885
25547,Neutral,0.49673209999216883,0.10050097520751226,0.40276692480031884
25548,Neutral,0.49493306700262835,0.08857727511758688,0.41648965787978487
25549,LOF,0.4223908457176519,0.08599407843563873,0.49161507584670927
25550,LOF,0.378874414113204,0.12343727394489318,0.4976883119419027
25551,LOF,0.31582976228387044,0.13907976364777033,0.5450904740683593
25552,LOF,0.2638131100188851,0.13081249761245486,0.6053743923686601
25553,Neutral,0.814613162340933,0.044820110627933604,0.14056672703113343
25554,LOF,0.2982556279014645,0.12132178793538535,0.5804225841631502
25555,LOF,0.2505119666168005,0.11437833724351522,0.6351096961396843
25556,Neutral,0.45123133790337283,0.10365112950271435,0.44511753259391296
25557,LOF,0.24029177154004386,0.1192296944993554,0.6404785339606007
25558,LOF,0.3038953541377578,0.11993305085241467,0.5761715950098274
25559,LOF,0.19105886952682657,0.12003253824582298,0.6889085922273506
25560,LOF,0.15824196781028083,0.10563174300978297,0.7361262891799363
25561,LOF,0.14908873666057237,0.11731142627849173,0.7335998370609359
25562,LOF,0.07070068498184366,0.08317587885529287,0.8461234361628635
25563,LOF,0.02324605167941503,0.11682403922393263,0.8599299090966523
25564,LOF,0.2122765019143769,0.10974420799063425,0.6779792900949889
25565,LOF,0.2369667123300872,0.13966727612052768,0.6233660115493851
25566,GOF,0.10018183439783383,0.6919233680430146,0.20789479755915152
25567,LOF,0.03765626282270583,0.12634592981496975,0.8359978073623244
25568,LOF,0.06439203607111364,0.06862666766334616,0.8669812962655402
25569,LOF,0.062206244466478725,0.0696813622000022,0.8681123933335192
25570,LOF,0.026198267460035424,0.0922704961416465,0.881531236398318
25571,LOF,0.025520034301133476,0.10170476159760346,0.8727752041012631
25572,LOF,0.06183799231111137,0.11874999359436067,0.819412014094528
25573,LOF,0.05302512995070036,0.08517822244701895,0.8617966476022808
25574,LOF,0.05769286063592426,0.18458798559745782,0.7577191537666179
25575,LOF,0.022343759670968577,0.11202180547097977,0.8656344348580517
25576,LOF,0.0329693377040357,0.1570986100521811,0.8099320522437833
25577,LOF,0.029178724999027086,0.10773841891831136,0.8630828560826614
25578,LOF,0.29481481041269014,0.0784462506737542,0.6267389389135557
25579,LOF,0.12712093409422773,0.08551726650353067,0.7873617994022415
25580,LOF,0.019289695871753734,0.07396881242940588,0.9067414916988404
25581,LOF,0.058700613796019145,0.06685626278586267,0.8744431234181181
25582,LOF,0.05857593552492678,0.06526468175705964,0.8761593827180135
25583,LOF,0.019681227292888064,0.07757832607606614,0.9027404466310459
25584,Neutral,0.6715323208313682,0.09553364373839711,0.23293403543023464
25585,LOF,0.0340019243552274,0.12492490962545827,0.8410731660193143
25586,LOF,0.017410187161639924,0.06375346078931313,0.918836352049047
25587,LOF,0.016909855301324033,0.05747367473852106,0.925616469960155
25588,LOF,0.020075546001884086,0.06963546862546717,0.9102889853726487
25589,Neutral,0.510702020262368,0.19118317731230244,0.2981148024253296
25590,LOF,0.04769413497143399,0.10434150426769105,0.8479643607608749
25591,LOF,0.10091596766370432,0.05666139911976807,0.8424226332165277
25592,LOF,0.052915298040310095,0.128479526254302,0.8186051757053878
25593,LOF,0.14023985790836224,0.24848538427868178,0.6112747578129559
25594,LOF,0.046199521233585845,0.10721446789426824,0.846586010872146
25595,LOF,0.044698921337278465,0.07848235959114828,0.8768187190715733
25596,LOF,0.10365987802421002,0.04211199336273003,0.85422812861306
25597,LOF,0.0769410175407249,0.05574244185878561,0.8673165406004896
25598,LOF,0.04640502391052634,0.07852467374074955,0.8750703023487241
25599,GOF,0.020460195025411562,0.5189705188703782,0.4605692861042103
25600,GOF,0.16966632963464837,0.4988427889224135,0.3314908814429382
25601,LOF,0.042770038608682476,0.3873557035777965,0.5698742578135211
25602,LOF,0.030997632071261362,0.048746149468286794,0.9202562184604518
25603,LOF,0.0364353872570444,0.024175972876194555,0.9393886398667609
25604,LOF,0.0370945971519304,0.05011982187881915,0.9127855809692506
25605,LOF,0.044061677645978854,0.1689329927999382,0.7870053295540829
25606,LOF,0.4248256875038513,0.09635666704401598,0.4788176454521327
25607,LOF,0.02385244025485443,0.17559884640168477,0.8005487133434608
25608,LOF,0.03442376426976254,0.07804576375802902,0.8875304719722085
25609,GOF,0.15385188923870066,0.5437243341456707,0.30242377661562864
25610,LOF,0.015036103940477469,0.025831800011433374,0.9591320960480892
25611,LOF,0.015052948104916733,0.02832871122000531,0.956618340675078
25612,LOF,0.05236988753045074,0.03724657307072232,0.910383539398827
25613,LOF,0.05000979021741139,0.038480406070195074,0.9115098037123934
25614,LOF,0.02223558051063769,0.026049240758153187,0.951715178731209
25615,LOF,0.045125135934163334,0.03372454247098343,0.9211503215948532
25616,LOF,0.04676123364485877,0.025731096247917685,0.9275076701072236
25617,LOF,0.04370464892227734,0.034501957593755656,0.9217933934839669
25618,LOF,0.050126195245866687,0.030420029016181387,0.919453775737952
25619,LOF,0.01484256949884708,0.028398434043466713,0.9567589964576863
25620,LOF,0.060991053009003086,0.036943904640534896,0.902065042350462
25621,LOF,0.05043685664335065,0.029652521670417226,0.9199106216862322
25622,LOF,0.06024524983650027,0.02989943280306726,0.9098553173604325
25623,LOF,0.07370393888470345,0.024960265315462134,0.9013357957998345
25624,LOF,0.019073630846917107,0.03186985730395794,0.949056511849125
25625,LOF,0.0650024062788269,0.03670947485731226,0.8982881188638608
25626,LOF,0.04804597375319884,0.036004278929862736,0.9159497473169383
25627,Neutral,0.8914081607964859,0.023743135374156465,0.08484870382935754
25628,LOF,0.1457246799555242,0.06429695436277705,0.7899783656816987
25629,LOF,0.06443851241844777,0.044705180903221294,0.8908563066783309
25630,LOF,0.2605881777870384,0.07662413012860404,0.6627876920843575
25631,Neutral,0.5567051028128222,0.05788127356359602,0.3854136236235819
25632,LOF,0.02672580323469401,0.06057423577878886,0.9126999609865172
25633,LOF,0.19749140465955245,0.036784742549214884,0.7657238527912328
25634,LOF,0.03307449744099007,0.0812537834682848,0.8856717190907251
25635,LOF,0.03649244374059831,0.043299488749555845,0.9202080675098459
25636,GOF,0.03893240548453207,0.4973079337318674,0.4637596607836006
25637,GOF,0.06952165624731675,0.497706487915806,0.43277185583687716
25638,LOF,0.036140534928194475,0.3041333080436416,0.659726157028164
25639,LOF,0.03191207591842254,0.3578973316587737,0.6101905924228038
25640,Neutral,0.8101661907151015,0.14710861201314876,0.04272519727174985
25641,LOF,0.04747959848947982,0.4602141057843831,0.49230629572613716
25642,LOF,0.039213639965987264,0.14706416269269432,0.8137221973413183
25643,LOF,0.19097286931453653,0.1666945616264861,0.6423325690589774
25644,GOF,0.02150896672003741,0.4945076337048947,0.4839833995750679
25645,LOF,0.02092778539405148,0.4280701464728189,0.5510020681331297
25646,LOF,0.04761384616585992,0.35025090740101944,0.6021352464331207
25647,LOF,0.02134184154647041,0.2823336564134695,0.69632450204006
25648,LOF,0.028592198783355116,0.24554891317091712,0.7258588880457277
25649,LOF,0.015125290878299003,0.24568296007920898,0.739191749042492
25650,LOF,0.049099502380063546,0.42707449669329717,0.5238260009266393
25651,LOF,0.016860527348692082,0.2903743764188384,0.6927650962324695
25652,LOF,0.02711432617592448,0.28217728523065394,0.6907083885934215
25653,LOF,0.0766950186455276,0.4279089813287608,0.4953960000257117
25654,LOF,0.02312790228561424,0.20672555320297512,0.7701465445114106
25655,GOF,0.2205736032798492,0.39248608517692407,0.3869403115432267
25656,LOF,0.2826810474393239,0.03960799328778604,0.6777109592728902
25657,LOF,0.0725826312031903,0.05249242005456774,0.874924948742242
25658,LOF,0.37749106365827323,0.043977931683040476,0.5785310046586863
25659,Neutral,0.5566004783418369,0.0568003392644873,0.3865991823936758
25660,LOF,0.025851864981581235,0.0732522083830785,0.9008959266353403
25661,LOF,0.0933371682826081,0.053762234339304105,0.8529005973780878
25662,LOF,0.03102521909772755,0.029083610097606738,0.9398911708046657
25663,LOF,0.03877848350542796,0.042285331748496205,0.9189361847460759
25664,LOF,0.13521719437925814,0.05118028532713993,0.813602520293602
25665,LOF,0.053786248338288906,0.02793257060216544,0.9182811810595457
25666,LOF,0.08285239917118038,0.06876944867690205,0.8483781521519176
25667,LOF,0.06483157330176792,0.040848552652322734,0.8943198740459094
25668,LOF,0.035667880026848654,0.042871992245039216,0.9214601277281121
25669,LOF,0.03277731239946827,0.052558250627355016,0.9146644369731767
25670,LOF,0.13682662167297527,0.044429857705947234,0.8187435206210775
25671,LOF,0.09506198009952715,0.02888123201139014,0.8760567878890827
25672,LOF,0.053253799995717145,0.03952147863717809,0.9072247213671049
25673,LOF,0.07784569605929605,0.04032773493448603,0.8818265690062179
25674,LOF,0.06673362720216436,0.05046516069057936,0.8828012121072563
25675,LOF,0.12225397047451698,0.04403423867334507,0.8337117908521379
25676,LOF,0.018001957475983283,0.04506473608702243,0.9369333064369944
25677,LOF,0.02631703016215347,0.0631614307123119,0.9105215391255347
25678,LOF,0.18055641077683093,0.05517569701654356,0.7642678922066256
25679,LOF,0.1260254585768143,0.07656445027418855,0.7974100911489972
25680,LOF,0.031445463763498376,0.09917508396886796,0.8693794522676337
25681,LOF,0.05181881640274909,0.09188806062930686,0.856293122967944
25682,LOF,0.14105534140865578,0.05896031965614259,0.7999843389352017
25683,LOF,0.12409950939108291,0.07796757107698063,0.7979329195319366
25684,LOF,0.04136142502882862,0.05829410006576425,0.9003444749054071
25685,LOF,0.13114381538490444,0.04900244024182666,0.8198537443732689
25686,LOF,0.07900644735029223,0.08767880240441382,0.833314750245294
25687,LOF,0.10837824110875674,0.07906167875607169,0.8125600801351716
25688,LOF,0.3052252540252054,0.03702474108353557,0.657750004891259
25689,LOF,0.2341150127955009,0.04799010439106073,0.7178948828134383
25690,LOF,0.36446307328861044,0.0360219326367899,0.5995149940745997
25691,Neutral,0.6891241721613639,0.02961382521202983,0.2812620026266062
25692,LOF,0.3026210837372354,0.011525460176364225,0.6858534560864004
25693,LOF,0.044896877726265993,0.4545567713564493,0.5005463509172847
25694,LOF,0.12761577275822644,0.02381389768410999,0.8485703295576635
25695,LOF,0.12691073315494736,0.018833489029278422,0.8542557778157743
25696,LOF,0.12766148820618908,0.011126065878407384,0.8612124459154035
25697,LOF,0.12017596358209019,0.025197400989647078,0.8546266354282627
25698,LOF,0.34411904684404115,0.2542233726896026,0.4016575804663562
25699,LOF,0.40269809246712823,0.04261778043043792,0.5546841271024339
25700,LOF,0.052490451887147266,0.011472533636797294,0.9360370144760554
25701,LOF,0.15298146172186386,0.05854333983643609,0.7884751984417001
25702,GOF,0.17747955818393313,0.5591859987361739,0.26333444307989307
25703,LOF,0.017179407862099864,0.1545559175811195,0.8282646745567807
25704,LOF,0.052336511148091104,0.11111745804926851,0.8365460308026405
25705,LOF,0.06085547814773688,0.17723190021565377,0.7619126216366093
25706,LOF,0.0993615692322912,0.34573972274748777,0.554898708020221
25707,LOF,0.09821299384694969,0.2835207771959703,0.6182662289570799
25708,LOF,0.029969789832061194,0.26527065502580516,0.7047595551421337
25709,LOF,0.057031736123997624,0.040240119959193736,0.9027281439168087
25710,LOF,0.01168320531144301,0.12211529378018351,0.8662015009083736
25711,LOF,0.018875058246022678,0.08854764478254731,0.8925772969714301
25712,LOF,0.013466778017342126,0.16483774645053603,0.8216954755321217
25713,LOF,0.01892895608960981,0.07707568786043853,0.9039953560499517
25714,LOF,0.07241811871156778,0.07323636936975951,0.8543455119186727
25715,LOF,0.010618780797380326,0.1305878407541919,0.8587933784484278
25716,LOF,0.014383658833692348,0.10962299911829342,0.8759933420480143
25717,LOF,0.013241989726976777,0.07950999313280739,0.9072480171402157
25718,LOF,0.011924966386864822,0.09468266333494314,0.893392370278192
25719,LOF,0.018780179773941016,0.07822177179248425,0.9029980484335748
25720,LOF,0.021653634616684493,0.06924031416439165,0.909106051218924
25721,LOF,0.015794336257993265,0.09592948199857505,0.8882761817434316
25722,LOF,0.013320022918755909,0.10749004615619821,0.8791899309250459
25723,LOF,0.022647242444173803,0.04313528840211275,0.9342174691537134
25724,LOF,0.023980508265463323,0.07940652858968499,0.8966129631448517
25725,LOF,0.01171030811879361,0.06320966773537309,0.9250800241458332
25726,LOF,0.0141373331991488,0.09075665407520282,0.8951060127256483
25727,LOF,0.012786533740180107,0.07713306142758682,0.9100804048322331
25728,LOF,0.009694101509832444,0.10388663192852315,0.8864192665616444
25729,LOF,0.010015155593406178,0.10391550570852198,0.8860693386980719
25730,LOF,0.013315472813098986,0.07440312869241232,0.9122813984944887
25731,LOF,0.02267783457101619,0.11289636450084675,0.8644258009281371
25732,LOF,0.014184345598390479,0.08292922807530964,0.9028864263262999
25733,LOF,0.01620801847505518,0.07298016704483616,0.9108118144801086
25734,LOF,0.013077562655281892,0.12217542858399506,0.8647470087607231
25735,LOF,0.013353990478337996,0.07854176919253258,0.9081042403291294
25736,LOF,0.013695334311243668,0.10500479477677657,0.8812998709119798
25737,LOF,0.021115132316675278,0.08345471809619737,0.8954301495871274
25738,LOF,0.013027146678481191,0.11210076126721828,0.8748720920543005
25739,LOF,0.02012624187849952,0.07403422939334185,0.9058395287281585
25740,LOF,0.026615729462514056,0.09276034585264473,0.8806239246848413
25741,LOF,0.015425867086511964,0.09881140445395001,0.885762728459538
25742,LOF,0.11971764869203058,0.07607537725509987,0.8042069740528694
25743,LOF,0.03372777394526492,0.03185732743811024,0.9344148986166247
25744,Neutral,0.6140339956309727,0.19054967966061906,0.19541632470840822
25745,LOF,0.08437632987536062,0.06310305687322855,0.8525206132514108
25746,LOF,0.042366510200878865,0.07579966065369753,0.8818338291454235
25747,LOF,0.023638770917192506,0.039618865097073845,0.9367423639857337
25748,LOF,0.10335147679544321,0.05880499168406723,0.8378435315204896
25749,LOF,0.02869787164815942,0.07588323674061989,0.8954188916112207
25750,LOF,0.08825942062793359,0.07983457656935108,0.8319060028027153
25751,LOF,0.09677534273236273,0.056127993436452736,0.8470966638311845
25752,GOF,0.11157956099965001,0.6589731219288573,0.22944731707149266
25753,LOF,0.01971138269249513,0.2602609696116651,0.7200276476958398
25754,GOF,0.0100891205445369,0.7642234889438244,0.22568739051163875
25755,LOF,0.023072943954306965,0.3507367009116432,0.6261903551340499
25756,LOF,0.0422925736295918,0.3550414061022094,0.6026660202681987
25757,GOF,0.01434448444533876,0.8159008724050665,0.16975464314959465
25758,GOF,0.029226972074205243,0.8123137629924023,0.15845926493339235
25759,GOF,0.012098987497627198,0.5116658255455827,0.47623518695679007
25760,LOF,0.013470855629984574,0.21903064379785112,0.7674985005721644
25761,GOF,0.3033505245714336,0.5968402119290215,0.09980926349954504
25762,LOF,0.03746531074557921,0.25869982734506336,0.7038348619093574
25763,LOF,0.014460747582854388,0.19166682017139514,0.7938724322457503
25764,GOF,0.08893608502908963,0.6061335842206024,0.304930330750308
25765,GOF,0.049399648689774193,0.7318941133388799,0.21870623797134603
25766,GOF,0.06362873250589511,0.7544753108248279,0.181895956669277
25767,GOF,0.16732101741211503,0.42595084914273773,0.40672813344514736
25768,LOF,0.08752646805368282,0.06395779925301535,0.8485157326933017
25769,LOF,0.06573892909063055,0.062440259587720516,0.871820811321649
25770,LOF,0.28239884049188935,0.0860468797407813,0.6315542797673294
25771,LOF,0.038974649424995,0.04223301363853652,0.9187923369364684
25772,LOF,0.016065576919236303,0.030931269965610863,0.9530031531151528
25773,LOF,0.04196127665157897,0.08437264654908984,0.8736660767993313
25774,LOF,0.027997558916433345,0.07613186790693435,0.8958705731766322
25775,LOF,0.044273537678832034,0.04834830712158469,0.9073781551995833
25776,LOF,0.0680269623702509,0.025074575376633337,0.9068984622531158
25777,LOF,0.33413380196503856,0.04575600799622959,0.6201101900387319
25778,LOF,0.06292861083884067,0.04977445744818011,0.8872969317129792
25779,GOF,0.3573213402701546,0.5989545061125758,0.04372415361726959
25780,GOF,0.2654704055647952,0.6564864026247608,0.07804319181044404
25781,GOF,0.12522658584705926,0.7601920561381275,0.11458135801481327
25782,GOF,0.18168091498047823,0.7504872563677201,0.0678318286518018
25783,GOF,0.028234228504253216,0.6298825562509457,0.34188321524480103
25784,Neutral,0.4804423636998602,0.47617778383388343,0.04337985246625638
25785,GOF,0.42428392061271547,0.5352001044719313,0.040515974915353165
25786,GOF,0.02519128033657381,0.7674299499320478,0.20737876973137834
25787,Neutral,0.6229460619789146,0.3529729923491366,0.024080945671948788
25788,LOF,0.04225370933005483,0.11275416517376678,0.8449921254961784
25789,GOF,0.18910636042794945,0.6834297741177342,0.12746386545431634
25790,GOF,0.2122637604714081,0.6823375163514526,0.10539872317713923
25791,GOF,0.15992910390612838,0.6771850546166984,0.16288584147717322
25792,GOF,0.3217797306167862,0.557501452351685,0.12071881703152869
25793,GOF,0.24350547600129688,0.5562711496010339,0.2002233743976692
25794,GOF,0.2973446214405306,0.5426829441932707,0.15997243436619865
25795,GOF,0.0719751922449105,0.6950753083868412,0.2329494993682484
25796,Neutral,0.5284854426838502,0.3884779253744782,0.08303663194167153
25797,GOF,0.08393482336259141,0.551877297948214,0.36418787868919456
25798,GOF,0.009528679468277627,0.5041780764260282,0.4862932441056942
25799,LOF,0.006420538692784383,0.3917361607665471,0.6018433005406685
25800,GOF,0.031279219748954264,0.590275748547279,0.37844503170376675
25801,GOF,0.18419094589906423,0.6905640239464006,0.1252450301545352
25802,GOF,0.07128862497697097,0.7209181815701231,0.20779319345290595
25803,GOF,0.032408669579763884,0.5874359479267408,0.3801553824934953
25804,GOF,0.030642493896739915,0.4856051785754372,0.4837523275278229
25805,GOF,0.09640625091886043,0.602202840490987,0.30139090859015255
25806,GOF,0.08325320109347543,0.5984025480356048,0.31834425087091983
25807,GOF,0.018438712611355202,0.6578084723611721,0.3237528150274727
25808,GOF,0.0739039097371811,0.6519241822318504,0.27417190803096847
25809,GOF,0.01635502487989416,0.5703433566104764,0.4133016185096294
25810,GOF,0.015862597813411396,0.6070212620597731,0.3771161401268155
25811,GOF,0.4515133187667977,0.4712565571416051,0.07723012409159709
25812,GOF,0.028180518814372252,0.6281575464684687,0.34366193471715895
25813,Neutral,0.4971304038165765,0.4035268109410057,0.09934278524241788
25814,GOF,0.10998505866460467,0.6481365755312787,0.24187836580411662
25815,GOF,0.18157398827153348,0.6283248700755116,0.190101141652955
25816,GOF,0.02249314132633277,0.7062205745091849,0.2712862841644823
25817,GOF,0.23778168358796958,0.6195907402616714,0.14262757615035895
25818,GOF,0.04867800947539202,0.6712230200399413,0.2800989704846668
25819,GOF,0.3443518260376833,0.5210028328740799,0.1346453410882367
25820,GOF,0.1735634741998892,0.6197976262070521,0.20663889959305862
25821,GOF,0.051828916028245776,0.6850688675010438,0.2631022164707104
25822,GOF,0.20076043434808366,0.5794412170524524,0.2197983485994639
25823,GOF,0.02963260229100822,0.5433786866137141,0.42698871109527764
25824,GOF,0.08243116382030048,0.6203693964746546,0.29719943970504487
25825,GOF,0.03424942795857279,0.6113583202852672,0.35439225175616
25826,GOF,0.014899111498377077,0.5912687779057453,0.39383211059587764
25827,GOF,0.02406043326846913,0.5982197201742131,0.3777198465573179
25828,GOF,0.013816280189990404,0.5289596559958692,0.4572240638141403
25829,GOF,0.005932142612825441,0.5581726255245524,0.4358952318626221
25830,LOF,0.03231427339511086,0.29246091007376174,0.6752248165311274
25831,GOF,0.21161454524656773,0.6630374350646978,0.1253480196887343
25832,GOF,0.029786965125085944,0.7016353085530092,0.26857772632190485
25833,GOF,0.11645265381908194,0.7203139738602604,0.16323337232065777
25834,GOF,0.030054177843641415,0.7162137237182841,0.2537320984380746
25835,GOF,0.06579009658624194,0.7502808918379776,0.1839290115757804
25836,GOF,0.030900649347928095,0.6815505743095651,0.28754877634250675
25837,GOF,0.02705936110679405,0.6014764650772588,0.3714641738159471
25838,GOF,0.0972342872578755,0.7531166137297999,0.1496490990123245
25839,GOF,0.28521605481839324,0.5605774997388001,0.15420644544280668
25840,GOF,0.2571868899157461,0.6009814359055746,0.1418316741786792
25841,GOF,0.24400895943616663,0.6125773664860932,0.14341367407774028
25842,GOF,0.13351731164423478,0.7312624471076583,0.13522024124810691
25843,GOF,0.2051956911996705,0.6962869118492552,0.09851739695107446
25844,GOF,0.059644851094222726,0.7291724754121316,0.21118267349364578
25845,GOF,0.015370417359388145,0.5030449480567266,0.48158463458388534
25846,GOF,0.12238386319370381,0.7302321783857765,0.14738395842051988
25847,GOF,0.08520863231884665,0.8120585577184309,0.10273280996272235
25848,GOF,0.03234096219865877,0.7149693401583784,0.25268969764296273
25849,GOF,0.010091485579619662,0.6119181818498961,0.37799033257048426
25850,GOF,0.019243953416100003,0.659592221471293,0.32116382511260694
25851,GOF,0.01472948356218996,0.5417407880924878,0.44352972834532217
25852,GOF,0.15689537438762588,0.5633964682729543,0.27970815733941967
25853,GOF,0.34255106090899695,0.5812934953890421,0.07615544370196115
25854,GOF,0.022635466874895056,0.6420944338805465,0.3352700992445585
25855,GOF,0.03310354524556926,0.5657479703473226,0.4011484844071082
25856,GOF,0.23741170384135102,0.5509371185447937,0.2116511776138554
25857,GOF,0.038097722194494345,0.526899143773446,0.43500313403205954
25858,GOF,0.020228641637322718,0.5174118990220076,0.4623594593406696
25859,LOF,0.010284458225089103,0.48827086535802294,0.5014446764168881
25860,GOF,0.34881656951644124,0.5751188696451065,0.07606456083845217
25861,GOF,0.3874947337040335,0.5357013964310352,0.07680386986493128
25862,GOF,0.07131978139738396,0.7939791973438476,0.13470102125876846
25863,GOF,0.07434936038994701,0.7898538633455985,0.13579677626445452
25864,GOF,0.19014954248598648,0.7357701932233126,0.07408026429070097
25865,GOF,0.07999750092265857,0.8095252035710161,0.11047729550632537
25866,GOF,0.05474293724555591,0.7906441852050587,0.15461287754938535
25867,GOF,0.07675594399955181,0.820371268341678,0.10287278765877014
25868,GOF,0.23671184105720408,0.657640071962753,0.10564808698004302
25869,Neutral,0.7142799446631931,0.24351667613242195,0.0422033792043849
25870,GOF,0.2669443254568756,0.4262966524171873,0.30675902212593725
25871,GOF,0.20483576920986493,0.6696682650049456,0.12549596578518943
25872,GOF,0.07475043603097599,0.6537423876867724,0.27150717628225157
25873,GOF,0.10348587508803306,0.6995101226532303,0.1970040022587367
25874,LOF,0.01378732598279012,0.11529239751426451,0.8709202765029453
25875,LOF,0.08420752488446205,0.04283677702347431,0.8729556980920636
25876,LOF,0.03277084127720568,0.030682922711121715,0.9365462360116726
25877,LOF,0.46652223440979124,0.043098722649066994,0.49037904294114176
25878,LOF,0.19534639781504878,0.09060629758983095,0.7140473045951202
25879,LOF,0.08564241575725325,0.09656092425174095,0.8177966599910058
25880,LOF,0.04160667998581878,0.015018637672810406,0.9433746823413709
25881,LOF,0.1549618356162068,0.12253177687883894,0.7225063875049543
25882,LOF,0.05892656492583612,0.015845108315714878,0.9252283267584489
25883,LOF,0.06388548391616224,0.02028682969966038,0.9158276863841773
25884,LOF,0.03063279024106576,0.028145275696640316,0.9412219340622938
25885,LOF,0.057929766233998016,0.011367230306065174,0.9307030034599367
25886,LOF,0.25245996263297443,0.040126622013486886,0.7074134153535387
25887,LOF,0.14377371717601548,0.0710078317733096,0.7852184510506749
25888,LOF,0.06286561079970461,0.06462416730098922,0.8725102218993062
25889,LOF,0.03909636524863182,0.02056456926703254,0.9403390654843355
25890,LOF,0.04910778946168725,0.1615729909625747,0.7893192195757381
25891,LOF,0.040417563706047176,0.05163536155742174,0.907947074736531
25892,LOF,0.08368817532782397,0.02458602175387772,0.8917258029182983
25893,LOF,0.24822543676054135,0.01995144188950833,0.7318231213499504
25894,LOF,0.17654465950072215,0.013797261659014983,0.8096580788402629
25895,LOF,0.20440920892382683,0.022258053084061882,0.7733327379921113
25896,LOF,0.04945098439618356,0.022019860856570695,0.9285291547472457
25897,LOF,0.27041504762199464,0.015524564688648185,0.7140603876893572
25898,Neutral,0.7123735431825442,0.012078249344108002,0.27554820747334774
25899,LOF,0.20315064964306473,0.026608366288838434,0.7702409840680969
25900,LOF,0.4624611467611653,0.013395847654308941,0.5241430055845258
25901,LOF,0.04615956605171962,0.011637586896835632,0.9422028470514447
25902,LOF,0.1429603743922598,0.015179138658224671,0.8418604869495154
25903,Neutral,0.5725909696885373,0.03332635630391047,0.3940826740075522
25904,LOF,0.30275039368926476,0.044576071576650875,0.6526735347340843
25905,LOF,0.025235743627433676,0.33062263575729806,0.6441416206152684
25906,LOF,0.030229352375492673,0.08665369343945503,0.8831169541850522
25907,LOF,0.013975796103812907,0.3344401562043118,0.6515840476918752
25908,LOF,0.0099608552309913,0.2589220974708605,0.7311170472981483
25909,LOF,0.012564045460538475,0.13408848747745244,0.8533474670620091
25910,LOF,0.048697218472948514,0.1345392932856448,0.8167634882414067
25911,LOF,0.1945441296888025,0.02876968327176778,0.7766861870394297
25912,LOF,0.04238701777263229,0.04699664860138265,0.9106163336259852
25913,LOF,0.33890776790271016,0.021654529582017027,0.6394377025152729
25914,LOF,0.02148833036527758,0.04348306669022371,0.9350286029444986
25915,Neutral,0.5881046167842802,0.14522259400364648,0.2666727892120735
25916,LOF,0.08850494642731101,0.1962795961554329,0.7152154574172561
25917,LOF,0.06511631684357161,0.03641060291794122,0.8984730802384873
25918,LOF,0.02219331912176325,0.025899555180239002,0.9519071256979976
25919,LOF,0.019785679074147446,0.028079204855635295,0.9521351160702173
25920,GOF,0.10115301119786634,0.5173199974190511,0.3815269913830825
25921,LOF,0.027525127327116865,0.03508187935994053,0.9373929933129427
25922,LOF,0.034470503677650643,0.025500358337921573,0.9400291379844277
25923,Neutral,0.4857508704391715,0.037651178972858926,0.4765979505879695
25924,LOF,0.036562113440054736,0.043373439377872344,0.9200644471820729
25925,LOF,0.07575978718205556,0.04041251456476456,0.88382769825318
25926,LOF,0.054827440775026236,0.037513810332643796,0.90765874889233
25927,LOF,0.062000836963470495,0.14199188885244418,0.7960072741840852
25928,LOF,0.01821251979641999,0.05398030300996526,0.9278071771936147
25929,Neutral,0.5990462484775982,0.0397438097592568,0.36120994176314497
25930,LOF,0.07874130911420664,0.03186468059772855,0.8893940102880648
25931,LOF,0.025943458842824414,0.034061099476821,0.9399954416803545
25932,LOF,0.031496962942521696,0.027363451111349794,0.9411395859461285
25933,LOF,0.04160131320324012,0.017316099409217023,0.9410825873875428
25934,LOF,0.0264699258902374,0.018879868822515848,0.9546502052872468
25935,LOF,0.06622042593083652,0.053239908207128046,0.8805396658620355
25936,LOF,0.04756039244217317,0.024345987297651597,0.9280936202601752
25937,LOF,0.027314334476022245,0.03827849310050326,0.9344071724234746
25938,LOF,0.06840745847225375,0.05684421190134841,0.8747483296263977
25939,LOF,0.04469406249993334,0.019998916683051694,0.9353070208170151
25940,LOF,0.036540712097773535,0.34088317531850404,0.6225761125837225
25941,LOF,0.19325149168089417,0.10284323421877313,0.7039052741003328
25942,LOF,0.012070618732586864,0.031431870905821516,0.9564975103615917
25943,LOF,0.29851540892678635,0.06307506484161922,0.6384095262315944
25944,Neutral,0.49054931265541635,0.023736756275930422,0.48571393106865335
25945,LOF,0.07412246517045121,0.018949687708817168,0.9069278471207317
25946,LOF,0.03063532957641452,0.12094591356829594,0.8484187568552894
25947,LOF,0.1154584695631859,0.18857442580828418,0.69596710462853
25948,LOF,0.3717994684995979,0.007753846697554635,0.6204466848028475
25949,LOF,0.11555823712259063,0.036165844551919166,0.8482759183254903
25950,GOF,0.33188677117983423,0.3494768955583628,0.318636333261803
25951,LOF,0.1975207643136219,0.27810703598550646,0.5243721997008717
25952,LOF,0.049031355260013273,0.43255232742032795,0.5184163173196588
25953,LOF,0.14861844206442365,0.11317862378520749,0.7382029341503689
25954,LOF,0.40137991634785186,0.18969789145017255,0.4089221922019756
25955,LOF,0.06946033517431471,0.07298546735294091,0.8575541974727443
25956,LOF,0.16716829854282983,0.11006827408756484,0.7227634273696052
25957,LOF,0.03792938804823013,0.029785157112190874,0.9322854548395791
25958,LOF,0.05279096698258579,0.026588090390170745,0.9206209426272435
25959,LOF,0.06576016182121387,0.30327926386825943,0.6309605743105268
25960,LOF,0.015284657654102857,0.05557122128219714,0.9291441210637
25961,LOF,0.03980272498764216,0.027299646547394796,0.932897628464963
25962,LOF,0.05325989302214738,0.03546685432640399,0.9112732526514487
25963,LOF,0.046867886911967686,0.2012483349630151,0.7518837781250172
25964,LOF,0.03176788962801772,0.15089537553548785,0.8173367348364944
25965,LOF,0.4421289996166633,0.06570469883499903,0.49216630154833757
25966,Neutral,0.5146005327930987,0.164324395801175,0.32107507140572633
25967,LOF,0.016280433113409584,0.09988526072495185,0.8838343061616385
25968,LOF,0.03515054383528742,0.3710580230067977,0.5937914331579148
25969,LOF,0.03558989195835752,0.0657414487244783,0.8986686593171641
25970,LOF,0.05955734915657428,0.05677600320106464,0.883666647642361
25971,LOF,0.06389360094163415,0.02121249106077561,0.9148939079975902
25972,LOF,0.06537508937620691,0.030366671430920457,0.9042582391928725
25973,LOF,0.06887866902342425,0.010964289771953307,0.9201570412046224
25974,LOF,0.18533255991445965,0.015425166652816645,0.7992422734327237
25975,LOF,0.04465201286659541,0.02777655110955968,0.927571436023845
25976,LOF,0.0393271181732454,0.01670415635174504,0.9439687254750095
25977,LOF,0.14793705981498348,0.08079373514042686,0.7712692050445896
25978,LOF,0.15669751481437408,0.09831460864739329,0.7449878765382325
25979,LOF,0.13959011737940646,0.09981513971362274,0.7605947429069707
25980,LOF,0.22281142056423903,0.12241722293491493,0.6547713565008461
25981,LOF,0.2544450405750698,0.12101335302232821,0.624541606402602
25982,LOF,0.4240218708718919,0.08468531933752936,0.4912928097905786
25983,LOF,0.39384359808144953,0.09244774415672274,0.5137086577618277
25984,LOF,0.04699712458047835,0.046970246814626304,0.9060326286048954
25985,LOF,0.03792993436706162,0.2887241488197921,0.6733459168131463
25986,LOF,0.042375325179235424,0.33582225552162187,0.6218024192991427
25987,LOF,0.08020827470483258,0.07573620209247287,0.8440555232026945
25988,LOF,0.1619950145971875,0.05995839131411855,0.7780465940886939
25989,LOF,0.033711035742499784,0.11631686836992541,0.8499720958875748
25990,LOF,0.03798940627593104,0.1657161130445056,0.7962944806795634
25991,LOF,0.12399887620103066,0.25375890960466985,0.6222422141942995
25992,LOF,0.3025920095806932,0.1489630607035318,0.548444929715775
25993,LOF,0.023096061778401816,0.07679580398069989,0.9001081342408983
25994,LOF,0.018066496137243107,0.08037984279276321,0.9015536610699938
25995,LOF,0.02472138142105823,0.1701878273815409,0.8050907911974008
25996,GOF,0.31820433923407915,0.39096155650600334,0.2908341042599175
25997,LOF,0.09931001270703989,0.3527263668470215,0.5479636204459386
25998,Neutral,0.5158917148944951,0.02726835838289876,0.45683992672260615
25999,LOF,0.09284967115002173,0.09514850846308266,0.8120018203868956
26000,LOF,0.13599421355672178,0.04581907912437934,0.818186707318899
26001,LOF,0.20295846437391002,0.04842129745530209,0.7486202381707878
26002,LOF,0.11440646983345407,0.041516474823269305,0.8440770553432767
26003,GOF,0.010708003896674707,0.5895269531394853,0.39976504296383997
26004,GOF,0.023036006453302275,0.6955250389131683,0.28143895463352936
26005,LOF,0.006728355952550847,0.44613831927559716,0.547133324771852
26006,Neutral,0.5133839006915829,0.2492187769503074,0.23739732235810973
26007,GOF,0.021386283382271654,0.5252757415104553,0.4533379751072731
26008,GOF,0.018007206834166282,0.6279295962264413,0.3540631969393925
26009,GOF,0.018161287112939118,0.6910089260387049,0.29082978684835603
26010,GOF,0.023420174442668158,0.641248102391809,0.33533172316552284
26011,LOF,0.006664886971930232,0.4236919592290446,0.5696431537990252
26012,GOF,0.012746453285447535,0.5486871765349055,0.438566370179647
26013,GOF,0.020464357266438322,0.620256292390164,0.35927935034339764
26014,LOF,0.03660251512479285,0.10959823658126423,0.8537992482939428
26015,LOF,0.16597739977651535,0.013023332374815703,0.820999267848669
26016,LOF,0.19465616746401446,0.054244585029215614,0.7510992475067699
26017,LOF,0.1999350040770935,0.08701570936715518,0.7130492865557513
26018,LOF,0.07481494227075668,0.035202167670825714,0.8899828900584176
26019,LOF,0.0714727660377989,0.027834406718323712,0.9006928272438774
26020,LOF,0.0663344005895232,0.10345326110780191,0.8302123383026749
26021,LOF,0.04537473652424683,0.11013952802933455,0.8444857354464186
26022,LOF,0.010559605148146179,0.037440329566352154,0.9520000652855017
26023,LOF,0.06339554609961102,0.022534449832676808,0.9140700040677122
26024,LOF,0.028212730301576113,0.11349006312669284,0.858297206571731
26025,LOF,0.15939671963451094,0.08814260278230329,0.7524606775831858
26026,LOF,0.3276841854174848,0.026316521207506167,0.645999293375009
26027,LOF,0.05516751196832313,0.017641593792146693,0.9271908942395302
26028,LOF,0.16729323385967612,0.06606683465824983,0.7666399314820741
26029,LOF,0.07389579837156976,0.14122305438201893,0.7848811472464113
26030,LOF,0.02338042221464143,0.0338290953740783,0.9427904824112802
26031,LOF,0.028463609742080745,0.10040125462926655,0.8711351356286526
26032,LOF,0.06600408162894544,0.047117961237441226,0.8868779571336133
26033,LOF,0.08673566630545526,0.04663536538324811,0.8666289683112965
26034,LOF,0.04623148721618185,0.12511317671460703,0.828655336069211
26035,LOF,0.02748006473842373,0.12067214626374041,0.8518477889978358
26036,LOF,0.04002267986714421,0.1361456547993642,0.8238316653334916
26037,LOF,0.0226607349212802,0.09726914721752915,0.8800701178611906
26038,LOF,0.06250826971971367,0.04893463185129523,0.888557098428991
26039,LOF,0.054320633992732174,0.1216397161095247,0.8240396498977431
26040,LOF,0.20939893538331603,0.08943113356452231,0.7011699310521616
26041,LOF,0.023279349033483096,0.09168894783952249,0.8850317031269943
26042,LOF,0.021331781447424692,0.08769829519121397,0.8909699233613614
26043,LOF,0.06329053020782086,0.05453690142087919,0.8821725683713
26044,LOF,0.020904961346467216,0.041994152726652786,0.93710088592688
26045,LOF,0.0683522977199872,0.0801636381927137,0.851484064087299
26046,LOF,0.05816355455922146,0.046153055774503016,0.8956833896662755
26047,LOF,0.07532480743069762,0.04809152219165469,0.8765836703776477
26048,LOF,0.046164116870071756,0.03017566124214672,0.9236602218877815
26049,Neutral,0.9652916000347682,0.005407304184450559,0.029301095780781182
26050,Neutral,0.9461585766021755,0.006656045310638081,0.047185378087186605
26051,LOF,0.0511961833367805,0.2776664862553784,0.6711373304078412
26052,LOF,0.0627301615559129,0.31327380934467075,0.6239960290994164
26053,LOF,0.061683688414935475,0.1398279058001555,0.7984884057849091
26054,LOF,0.05082709295585549,0.016708752834780845,0.9324641542093638
26055,LOF,0.07292509065873123,0.015006217299012983,0.9120686920422558
26056,LOF,0.06162850773178617,0.017358786941042224,0.9210127053271715
26057,LOF,0.029901844636895013,0.012064187481062057,0.9580339678820429
26058,LOF,0.030635495817624397,0.010020768713807105,0.9593437354685685
26059,LOF,0.27817886674324915,0.021791094597312613,0.7000300386594382
26060,LOF,0.03907868393719852,0.17992262435517334,0.7809986917076283
26061,LOF,0.01611360769685813,0.011695974018928225,0.9721904182842137
26062,LOF,0.009798586265958758,0.017285517184288553,0.9729158965497527
26063,LOF,0.019329241698709376,0.009799062291156915,0.9708716960101338
26064,LOF,0.021075856534000507,0.024337000776735767,0.9545871426892636
26065,LOF,0.024809925884969275,0.010792883967826952,0.9643971901472038
26066,LOF,0.020242495210011955,0.009868410432644373,0.9698890943573437
26067,LOF,0.026916092142166635,0.008524241882694912,0.9645596659751384
26068,LOF,0.04435887699071665,0.026802416422901043,0.9288387065863822
26069,LOF,0.25915124735633005,0.0165631793165637,0.7242855733271062
26070,LOF,0.38299162004671833,0.01397916418796691,0.6030292157653148
26071,LOF,0.019466653576732943,0.01097268103012888,0.9695606653931382
26072,LOF,0.018548163013793095,0.021018032726922768,0.960433804259284
26073,LOF,0.019144912963951637,0.013087308564411943,0.9677677784716365
26074,Neutral,0.9169659477340998,0.005458938652654044,0.077575113613246
26075,LOF,0.04511121801478746,0.013306758338616819,0.9415820236465957
26076,LOF,0.035141787551677746,0.00870004357307895,0.9561581688752432
26077,LOF,0.009063656897485397,0.01252622056756602,0.9784101225349486
26078,LOF,0.013771637142228054,0.010674321630835462,0.9755540412269363
26079,LOF,0.060333426077254254,0.015066194065680383,0.9246003798570654
26080,LOF,0.05963564921163754,0.015118610556351261,0.9252457402320111
26081,LOF,0.03273928265612626,0.00660465497021757,0.9606560623736562
26082,LOF,0.012857026731057467,0.014313960725084417,0.972829012543858
26083,LOF,0.1688974882863789,0.013849259465249494,0.8172532522483716
26084,LOF,0.04180328057191188,0.011789528255644525,0.9464071911724435
26085,LOF,0.037646991201358,0.01120376467843512,0.9511492441202068
26086,LOF,0.021381432520568396,0.011044974745048532,0.9675735927343831
26087,LOF,0.02322047841601544,0.008601188869211856,0.9681783327147726
26088,LOF,0.016145990104788153,0.023547127700432158,0.9603068821947798
26089,LOF,0.041906630721218745,0.02076703546046502,0.9373263338183163
26090,LOF,0.04136050608751044,0.017026509240853374,0.9416129846716362
26091,LOF,0.031307539187238206,0.006268029238931352,0.9624244315738304
26092,LOF,0.02124770509359965,0.007813181736894754,0.9709391131695055
26093,LOF,0.03182225439485874,0.005935457138354424,0.9622422884667868
26094,LOF,0.03316428596658689,0.005553124702241692,0.9612825893311714
26095,LOF,0.041451659929799586,0.0122832311693217,0.9462651089008787
26096,LOF,0.01542455099063394,0.010740676631752284,0.9738347723776138
26097,LOF,0.01174349116510948,0.037269479184743874,0.9509870296501467
26098,LOF,0.07957436704717995,0.010978546797573928,0.9094470861552462
26099,LOF,0.021071032270455002,0.011846827448074275,0.9670821402814708
26100,LOF,0.02294335188794219,0.011553592243819725,0.9655030558682381
26101,LOF,0.045207664066535834,0.01639597851703181,0.9383963574164323
26102,LOF,0.019421588129870885,0.013644292654298156,0.9669341192158308
26103,Neutral,0.8813601775129317,0.018255508841052107,0.10038431364601612
26104,LOF,0.08071569332736675,0.02324010796354397,0.8960441987090892
26105,LOF,0.20040669698784924,0.28391751149250694,0.5156757915196438
26106,LOF,0.15715474660054096,0.13714728359838874,0.7056979698010702
26107,LOF,0.22736936164356614,0.07913265043369923,0.6934979879227346
26108,LOF,0.2239690672781977,0.09522885531504319,0.6808020774067591
26109,LOF,0.0876643813109668,0.05726045902146662,0.8550751596675666
26110,LOF,0.2290878112876657,0.006143903023600105,0.7647682856887341
26111,Neutral,0.5074055594729565,0.022428473733425325,0.4701659667936182
26112,LOF,0.03330068172515965,0.006121329427098033,0.9605779888477424
26113,LOF,0.05981795845338319,0.014026240586545655,0.9261558009600711
26114,LOF,0.02401975375053908,0.02619335765834157,0.9497868885911193
26115,LOF,0.086022256193397,0.04837669206044732,0.8656010517461558
26116,LOF,0.06446936810070879,0.05326058774721564,0.8822700441520755
26117,LOF,0.4508649859099475,0.042983039833492685,0.5061519742565598
26118,LOF,0.033114538017067784,0.023408667262870362,0.943476794720062
26119,LOF,0.022764297151506532,0.030827937094287498,0.9464077657542059
26120,LOF,0.024303378716091208,0.018015526162222534,0.9576810951216862
26121,LOF,0.0416244428402097,0.08194185088155623,0.876433706278234
