feature0,prediction,LoGoFunc_Neutral,LoGoFunc_GOF,LoGoFunc_LOF
25546,Neutral,0.5210332417743435,0.22187060634345143,0.2570961518822052
25547,Neutral,0.41663628088456917,0.27633739993068707,0.3070263191847437
25548,LOF,0.3101719043814502,0.2740333250154011,0.4157947706031487
25549,LOF,0.28625046812730254,0.28308392421247935,0.43066560766021816
25550,LOF,0.27205008390094926,0.281773800968194,0.4461761151308568
25551,LOF,0.20976222180637294,0.30595653493208214,0.484281243261545
25552,LOF,0.1920501519463843,0.28303154837266126,0.5249182996809544
25553,Neutral,0.7019365964235404,0.13114698922994988,0.16691641434650964
25554,LOF,0.2622341575958265,0.22557805193886094,0.5121877904653126
25555,LOF,0.18728654083779145,0.24249236659332835,0.5702210925688802
25556,LOF,0.3159939213065437,0.20014229586052487,0.48386378283293136
25557,LOF,0.1928099122171426,0.24851135138241856,0.5586787364004389
25558,LOF,0.23095218105626675,0.31998487039108947,0.4490629485526437
25559,LOF,0.2800189529820495,0.06301542950848978,0.6569656175094608
25560,LOF,0.041783575478571644,0.33316148957337477,0.6250549349480535
25561,LOF,0.029602207908138865,0.35507204715597834,0.6153257449358828
25562,LOF,0.028595580231361793,0.1535167351805912,0.8178876845880471
25563,LOF,0.0074078246202409,0.22141305434514025,0.7711791210346188
25564,LOF,0.06299347297497054,0.059412314730813244,0.8775942122942163
25565,LOF,0.16410763656782573,0.1485118524874882,0.687380510944686
25566,GOF,0.04196484198368085,0.6380780921859,0.3199570658304192
25567,LOF,0.03202903112183742,0.021724768107954495,0.946246200770208
25568,LOF,0.03524057574088547,0.03477900649335621,0.9299804177657583
25569,LOF,0.05783729594383992,0.0284244967310657,0.9137382073250945
25570,LOF,0.0642524531777138,0.03415047801913366,0.9015970688031525
25571,LOF,0.06163448837822009,0.03002413825998651,0.9083413733617935
25572,LOF,0.09181677876415689,0.0183429690194223,0.8898402522164208
25573,LOF,0.07514077087721648,0.05067133694579036,0.8741878921769931
25574,LOF,0.18273917325646305,0.11110716392075823,0.7061536628227787
25575,LOF,0.06622868074984367,0.03556726161962694,0.8982040576305294
25576,LOF,0.04096823627580979,0.029135969240445307,0.9298957944837448
25577,LOF,0.05433421469410215,0.019645004836537364,0.9260207804693605
25578,LOF,0.2616337194784847,0.07121247894531715,0.6671538015761981
25579,LOF,0.25059033415197535,0.06901621061980505,0.6803934552282196
25580,LOF,0.06501389440394019,0.028465690444599224,0.9065204151514606
25581,LOF,0.033490804816888965,0.06371605131973437,0.9027931438633766
25582,LOF,0.033490804816888965,0.06371605131973437,0.9027931438633766
25583,LOF,0.061439107373692244,0.03391496370213514,0.9046459289241726
25584,Neutral,0.7374230224830729,0.012796583006027876,0.24978039451089923
25585,LOF,0.044624714186103503,0.037364349975276705,0.9180109358386197
25586,LOF,0.06409544517954126,0.02717420674412378,0.908730348076335
25587,LOF,0.06024525465521567,0.030618751966105043,0.9091359933786792
25588,LOF,0.05907229655814959,0.024742745418472926,0.9161849580233774
25589,Neutral,0.7270236320287324,0.036422746396152235,0.23655362157511542
25590,LOF,0.07965918693462648,0.02651958412233077,0.8938212289430427
25591,LOF,0.08881788407848702,0.01998410580764639,0.8911980101138666
25592,LOF,0.2079498525061279,0.07476394836690692,0.7172861991269651
25593,LOF,0.23309025279772788,0.20787634804945954,0.5590333991528126
25594,LOF,0.024320208433602226,0.05610104955711033,0.9195787420092875
25595,LOF,0.028521545018524275,0.04977454817191187,0.9217039068095639
25596,LOF,0.13283791344951645,0.02439857952598385,0.8427635070244996
25597,LOF,0.14394564340501909,0.014513186244294051,0.8415411703506868
25598,LOF,0.0355103541830141,0.05010168786453993,0.914387957952446
25599,GOF,0.02050308804550361,0.6903642308656281,0.2891326810888683
25600,GOF,0.11776169614885588,0.5997006052577667,0.28253769859337735
25601,LOF,0.05283269398400282,0.31885113563472367,0.6283161703812734
25602,LOF,0.12082587065817753,0.01946689294256193,0.8597072363992606
25603,LOF,0.0728216152729332,0.03186951141506077,0.895308873312006
25604,LOF,0.10658359402920359,0.11065548362064852,0.7827609223501479
25605,LOF,0.21522471134402682,0.06190779223386927,0.722867496422104
25606,Neutral,0.599831086685798,0.05196052933682586,0.34820838397737613
25607,LOF,0.05705111128107572,0.06754418605489379,0.8754047026640305
25608,LOF,0.04066719674153133,0.13091454058390187,0.8284182626745668
25609,GOF,0.12541960857070664,0.6648938005192715,0.20968659091002187
25610,LOF,0.029449837258977478,0.0717810062339892,0.8987691565070333
25611,LOF,0.030451098055501963,0.07000785144060245,0.8995410505038957
25612,LOF,0.0465918842318357,0.06630166035433059,0.8871064554138336
25613,LOF,0.039672040245202496,0.07188738974144188,0.8884405700133557
25614,LOF,0.03924610915819281,0.11868435607018445,0.8420695347716228
25615,LOF,0.05637523059226987,0.11931484182588264,0.8243099275818475
25616,LOF,0.028105101431844602,0.10472229144741906,0.8671726071207364
25617,LOF,0.027010622187436488,0.11913599745746925,0.8538533803550942
25618,LOF,0.16247675716937798,0.4045307506318241,0.4329924921987979
25619,LOF,0.033350383268649156,0.23683417073348548,0.7298154459978653
25620,LOF,0.027690551250288874,0.10969439394583173,0.8626150548038793
25621,LOF,0.08172841734638259,0.10129581230194733,0.81697577035167
25622,LOF,0.06783914636254383,0.11131355638911886,0.8208472972483373
25623,LOF,0.08236766734201899,0.07433898375757723,0.8432933489004037
25624,LOF,0.033415205059668246,0.16969738216045205,0.7968874127798796
25625,LOF,0.06222067472996127,0.09606613447771555,0.8417131907923232
25626,LOF,0.034786349046467414,0.07649470983184228,0.8887189411216903
25627,Neutral,0.828529486579953,0.047764541319082324,0.12370597210096469
25628,LOF,0.14048660864795082,0.11227291865700398,0.7472404726950452
25629,LOF,0.0285323258887788,0.14526458783498772,0.8262030862762335
25630,LOF,0.3213032174788181,0.061305620751419286,0.6173911617697625
25631,LOF,0.35681738654564354,0.10031173717101159,0.5428708762833448
25632,LOF,0.02586797415542374,0.07978761860310112,0.8943444072414751
25633,LOF,0.1441838633701095,0.10507884535842221,0.7507372912714683
25634,LOF,0.04132933484676736,0.04592720504880137,0.9127434601044312
25635,LOF,0.04139672744875334,0.05954091534946674,0.8990623572017798
25636,GOF,0.024771711801174746,0.5840213835724043,0.391206904626421
25637,GOF,0.02055366464692988,0.5537970597207936,0.4256492756322766
25638,GOF,0.009798321536380512,0.6337232052480106,0.35647847321560894
25639,LOF,0.02983261860842594,0.4159438517950153,0.5542235295965587
25640,Neutral,0.795083245421207,0.16182116335956367,0.04309559121922929
25641,LOF,0.07170992206819592,0.3937959347242845,0.5344941432075196
25642,LOF,0.04765941664378268,0.354695075558984,0.5976455077972334
25643,GOF,0.34379150008909626,0.37112974368689766,0.28507875622400614
25644,LOF,0.015766066795691477,0.2750370065551533,0.7091969266491552
25645,LOF,0.013432525296647634,0.2436664162404134,0.742901058462939
25646,LOF,0.027600610982512982,0.17528259713257163,0.7971167918849154
25647,LOF,0.01541755322024169,0.11248695432695957,0.8720954924527988
25648,LOF,0.01777505182846237,0.18696856886759916,0.7952563793039384
25649,LOF,0.012206242824948194,0.08741541885595142,0.9003783383191004
25650,LOF,0.05613103470538057,0.19226841114012497,0.7516005541544944
25651,LOF,0.01674337841429532,0.10830488520246968,0.874951736383235
25652,LOF,0.012223167560734879,0.23278739665245762,0.7549894357868076
25653,LOF,0.036596195100014,0.27082906687013397,0.692574738029852
25654,LOF,0.01042035239213546,0.24814386265635113,0.7414357849515135
25655,LOF,0.10179373551997838,0.30399090990505345,0.5942153545749682
25656,LOF,0.11785462205166032,0.2795010986741652,0.6026442792741744
25657,LOF,0.0399497124619643,0.4059746680963068,0.5540756194417288
25658,GOF,0.09996624775827899,0.46633056407228424,0.43370318816943676
25659,GOF,0.2013545162321389,0.5860079785946775,0.2126375051731837
25660,LOF,0.041282712997107895,0.22987261067613207,0.72884467632676
25661,LOF,0.03048439049734676,0.2542275106024714,0.7152880989001819
25662,LOF,0.02687739426427805,0.08806868930612662,0.8850539164295953
25663,LOF,0.03048554247853235,0.06458656438775137,0.9049278931337164
25664,LOF,0.06866191737183631,0.1897686014886636,0.7415694811395002
25665,LOF,0.03154519261866928,0.06335806714219458,0.9050967402391361
25666,LOF,0.06545782102371976,0.11470621642249873,0.8198359625537815
25667,LOF,0.028683850708297667,0.12695539044448526,0.844360758847217
25668,LOF,0.03126681952820459,0.14530253743281288,0.8234306430389825
25669,LOF,0.02631328534109989,0.15440663505695584,0.8192800796019443
25670,LOF,0.11348130414003922,0.08859753408699432,0.7979211617729665
25671,LOF,0.03226111578430271,0.05813195250925411,0.9096069317064431
25672,LOF,0.02368159064325962,0.11038095756643179,0.8659374517903086
25673,LOF,0.07360846870204425,0.09917193480110062,0.8272195964968551
25674,LOF,0.06386697008118039,0.09903987569029105,0.8370931542285286
25675,LOF,0.06402306829795823,0.08741033498427611,0.8485665967177657
25676,LOF,0.027207500999493695,0.0902356846503539,0.8825568143501523
25677,LOF,0.03616461012988534,0.16243480256329532,0.8014005873068193
25678,LOF,0.07167842167271361,0.10799342958500241,0.820328148742284
25679,LOF,0.11844343776047216,0.10417921387815869,0.7773773483613692
25680,LOF,0.04512743635034181,0.192798222569951,0.7620743410797073
25681,LOF,0.04452858941805863,0.20954175728311128,0.7459296532988301
25682,LOF,0.030026729120113123,0.11702161463985565,0.8529516562400312
25683,LOF,0.0995131318917428,0.04350459493743344,0.8569822731708236
25684,LOF,0.028488803950352266,0.12295459909954971,0.848556596950098
25685,GOF,0.038639726628222654,0.5063889137130562,0.45497135965872126
25686,LOF,0.023849866698656907,0.43240956219619114,0.543740571105152
25687,GOF,0.04676621549134448,0.5995770164022862,0.3536567681063693
25688,LOF,0.3657854417057812,0.04190482417372731,0.5923097341204915
25689,LOF,0.17939339022824624,0.03971403673397062,0.780892573037783
25690,LOF,0.2472016374666377,0.06381953034561472,0.6889788321877476
25691,Neutral,0.6714410972541707,0.06595135139036606,0.26260755135546315
25692,LOF,0.14855782005235,0.012459563894102568,0.8389826160535474
25693,GOF,0.06549334786007098,0.6711659455262294,0.2633407066136996
25694,LOF,0.1415008224996535,0.027885307007283217,0.8306138704930631
25695,LOF,0.11774895568679157,0.018162536873988187,0.8640885074392203
25696,LOF,0.11260147874143403,0.04151645771382645,0.8458820635447396
25697,LOF,0.068182862907015,0.1589129032480342,0.7729042338449507
25698,LOF,0.23293904850236347,0.22299601578343817,0.5440649357141983
25699,GOF,0.17127188256016268,0.49915002052902796,0.3295780969108094
25700,LOF,0.0452471794967675,0.06908673104978301,0.8856660894534495
25701,LOF,0.16411901482592853,0.2287934116818379,0.6070875734922336
25702,GOF,0.21041147290885726,0.6739778602661559,0.11561066682498682
25703,LOF,0.03156095845071149,0.40500043557307003,0.5634386059762185
25704,LOF,0.03532595102531009,0.3837645647770691,0.5809094841976208
25705,LOF,0.03190311037391737,0.4179292240501702,0.5501676655759125
25706,GOF,0.10832556464028413,0.6837479770304273,0.20792645832928858
25707,GOF,0.09307680256203085,0.5933215051431509,0.3136016922948183
25708,GOF,0.03269161919031881,0.5723489772919239,0.3949594035177572
25709,LOF,0.023226319851051787,0.3851805667237839,0.5915931134251642
25710,LOF,0.015275556601363647,0.24812420103412108,0.7366002423645154
25711,LOF,0.024122385082402973,0.41434605382512224,0.5615315610924748
25712,LOF,0.0170077740636271,0.32396004695404623,0.6590321789823266
25713,LOF,0.024746945010176245,0.4122219655441159,0.5630310894457078
25714,LOF,0.031105832602519975,0.40598820962349735,0.5629059577739827
25715,LOF,0.025588773120346738,0.43459394311892807,0.5398172837607251
25716,LOF,0.015999514531549696,0.13236461847537648,0.8516358669930739
25717,LOF,0.014949180747131873,0.16976226232153568,0.8152885569313325
25718,LOF,0.020633118012038217,0.25779730748990287,0.7215695744980589
25719,LOF,0.02307844823594245,0.42432532566862025,0.5525962260954372
25720,LOF,0.026772752356826312,0.33069101364685544,0.6425362339963182
25721,LOF,0.023232946010814305,0.3921646642883283,0.5846023897008574
25722,LOF,0.023460017939558923,0.3893637594610016,0.5871762225994395
25723,LOF,0.023365074682824494,0.42795873005596285,0.5486761952612127
25724,GOF,0.05249189233221065,0.49008001853264394,0.45742808913514543
25725,LOF,0.023215573133795252,0.3990149727844678,0.577769454081737
25726,LOF,0.02292346625406564,0.43219032468847524,0.5448862090574591
25727,LOF,0.022818706361527854,0.4364793769914327,0.5407019166470394
25728,LOF,0.02264288520206971,0.4370749978267467,0.5402821169711837
25729,LOF,0.022833347697002338,0.43256093671231083,0.5446057155906868
25730,LOF,0.022941761717461564,0.4318567265026834,0.545201511779855
25731,LOF,0.015926701027068658,0.20334708859437692,0.7807262103785545
25732,LOF,0.022150173275496867,0.2156944775319394,0.7621553491925637
25733,LOF,0.01979310570810314,0.2417530980255155,0.7384537962663813
25734,LOF,0.017874626237965065,0.2761973716876304,0.7059280020744044
25735,LOF,0.020472139177233426,0.2660459200201365,0.7134819408026302
25736,LOF,0.019804385187814265,0.26269364444329624,0.7175019703688895
25737,LOF,0.02323006163680557,0.4068462907932145,0.5699236475699799
25738,LOF,0.0230571225501983,0.4207752144151442,0.5561676630346574
25739,LOF,0.023260025776782003,0.4111366713230003,0.5656033029002177
25740,LOF,0.032396167056189445,0.3568751443962665,0.6107286885475441
25741,LOF,0.031145351448983394,0.37683621860306726,0.5920184299479494
25742,LOF,0.033444861089338286,0.34336661576894373,0.623188523141718
25743,LOF,0.03820864847209335,0.03900051247341177,0.9227908390544949
25744,Neutral,0.5570623990811838,0.15983010485635551,0.2831074960624607
25745,LOF,0.03627039359599919,0.09798293004915926,0.8657466763548417
25746,LOF,0.02136857426074752,0.1481354054646567,0.8304960202745957
25747,LOF,0.0271265418690966,0.09158308455195849,0.8812903735789449
25748,LOF,0.15288360876980533,0.10498609201052402,0.7421302992196706
25749,LOF,0.023593790696544988,0.13951567874633758,0.8368905305571175
25750,LOF,0.025438881645177536,0.12353490764741624,0.8510262107074064
25751,LOF,0.03362497002443456,0.3508055757287042,0.6155694542468613
25752,GOF,0.04971036322172748,0.6989946541330355,0.25129498264523714
25753,LOF,0.01352993465280569,0.45041355339824246,0.5360565119489519
25754,GOF,0.018465508801836995,0.7855813536167697,0.19595313758139327
25755,LOF,0.02280490057449347,0.347083080000881,0.6301120194246255
25756,LOF,0.028910875464724765,0.4819869744730185,0.4891021500622567
25757,GOF,0.013924439754183754,0.7933256515266666,0.19274990871914968
25758,GOF,0.02407057661190177,0.8229350671838418,0.15299435620425633
25759,GOF,0.015738286808187,0.7071377760675502,0.27712393712426275
25760,LOF,0.02016054584104709,0.3813841946942281,0.5984552594647249
25761,GOF,0.20383072275898156,0.7174484821133039,0.07872079512771454
25762,LOF,0.03143184050873781,0.436407454210813,0.5321607052804492
25763,LOF,0.02403217903664437,0.32839339763103603,0.6475744233323196
25764,GOF,0.05740014041058295,0.8007667432305762,0.14183311635884102
25765,GOF,0.019940983032242558,0.8183670278840308,0.1616919890837267
25766,GOF,0.06879500563110676,0.8000173431945526,0.13118765117434067
25767,GOF,0.06487091642373041,0.858345305803292,0.07678377777297736
25768,LOF,0.03988830766454226,0.2222173779378339,0.737894314397624
25769,LOF,0.023702667777221225,0.2662210070796319,0.7100763251431468
25770,LOF,0.2901231681749744,0.10726370477448009,0.6026131270505455
25771,LOF,0.06849108135680931,0.032897041755381905,0.8986118768878087
25772,LOF,0.02831131726837011,0.15198507053644833,0.8197036121951815
25773,LOF,0.0699689685114304,0.05267303623610752,0.877357995252462
25774,LOF,0.018811242884730024,0.1876277333416224,0.7935610237736476
25775,LOF,0.08427305078295644,0.034468135799046194,0.8812588134179974
25776,LOF,0.034131226986051845,0.09136940607296318,0.874499366940985
25777,LOF,0.31158100249260107,0.07228213742710862,0.6161368600802903
25778,LOF,0.026831533677157317,0.2027916126059091,0.7703768537169335
25779,GOF,0.41673763770928873,0.5232423123969107,0.06002004989380057
25780,GOF,0.4011662160973347,0.45494558106876953,0.14388820283389578
25781,GOF,0.14347779418325127,0.71315000797711,0.14337219783963873
25782,GOF,0.19596959138283845,0.7050656274752007,0.09896478114196072
25783,GOF,0.029099520370120507,0.7570346566048342,0.21386582302504525
25784,Neutral,0.6114784072470103,0.34733217198364463,0.04118942076934511
25785,Neutral,0.6518817237981496,0.25152772278611657,0.096590553415734
25786,GOF,0.020344846908423014,0.8037862030684716,0.17586895002310537
25787,Neutral,0.8532450587892951,0.10752209394223969,0.039232847268465286
25788,LOF,0.028468423337861138,0.05159558084055744,0.9199359958215814
25789,GOF,0.19830189652726662,0.6487855920026688,0.15291251147006454
25790,GOF,0.13253690027520632,0.6970890100843224,0.1703740896404712
25791,GOF,0.14031299510175294,0.5268142814003779,0.3328727234978693
25792,Neutral,0.3990554937537187,0.37128754732453256,0.2296569589217489
25793,GOF,0.36310864123812503,0.5392403639023294,0.09765099485954544
25794,GOF,0.22469014708121804,0.47678844311006935,0.2985214098087126
25795,GOF,0.05974000114253438,0.6821707967715741,0.25808920208589153
25796,Neutral,0.45995495681800463,0.3041037250953627,0.23594131808663268
25797,GOF,0.08367839490263683,0.5324979146820014,0.3838236904153618
25798,GOF,0.014119307027659546,0.5368906852654224,0.44899000770691794
25799,GOF,0.012391466912325195,0.5044836880006945,0.4831248450869803
25800,GOF,0.04349771545469341,0.7006242694799248,0.2558780150653818
25801,GOF,0.22614961582378032,0.6441562827809745,0.12969410139524526
25802,GOF,0.06918854159651923,0.6349666410190353,0.2958448173844455
25803,GOF,0.07072294632148264,0.6600635362971897,0.26921351738132776
25804,GOF,0.03971772327035021,0.611831131992286,0.3484511447373637
25805,GOF,0.09720841667811429,0.7390046119009213,0.16378697142096454
25806,GOF,0.125264148555567,0.6358734113580904,0.23886244008634264
25807,GOF,0.018705209614202283,0.6557354020764177,0.32555938830937997
25808,GOF,0.08316531788485317,0.6817782481643213,0.23505643395082548
25809,GOF,0.01716024517620713,0.5235583763646688,0.4592813784591241
25810,GOF,0.01927193327411174,0.581646758044556,0.3990813086813323
25811,Neutral,0.5412329853067134,0.3890454400817017,0.06972157461158493
25812,GOF,0.06738440062759055,0.4795174049986695,0.45309819437373994
25813,Neutral,0.7096993717805266,0.13650888745124024,0.15379174076823326
25814,GOF,0.21350449904085864,0.5509442311277236,0.23555126983141778
25815,GOF,0.3072119942323879,0.5248041791711314,0.16798382659648076
25816,GOF,0.03366739770621468,0.7667592672679185,0.1995733350258668
25817,GOF,0.15198356618741554,0.6638451524658793,0.18417128134670524
25818,GOF,0.05956572489827286,0.6269945655758606,0.3134397095258664
25819,GOF,0.2814074190349015,0.5410617645448438,0.17753081642025476
25820,GOF,0.181662511469829,0.5821347051894455,0.2362027833407255
25821,GOF,0.058580804413073194,0.652183695488432,0.2892355000984946
25822,GOF,0.21749187477796242,0.5808663463168985,0.2016417789051391
25823,GOF,0.04619368305744808,0.6376400251827643,0.3161662917597876
25824,GOF,0.11769872342475209,0.5130192587568629,0.36928201781838493
25825,GOF,0.04629466992934831,0.5257951340152968,0.42791019605535485
25826,GOF,0.013911242025050641,0.6450422744278773,0.34104648354707195
25827,GOF,0.02007605883570671,0.7323407995484177,0.24758314161587566
25828,GOF,0.015043285036202217,0.7031380814840034,0.2818186334797944
25829,GOF,0.009654390803947296,0.5519745213235384,0.4383710878725144
25830,LOF,0.07436000440666546,0.0885689700346732,0.8370710255586614
25831,GOF,0.12245035609087923,0.7832401831204028,0.09430946078871794
25832,GOF,0.03736273067166215,0.7285195240466987,0.2341177452816391
25833,GOF,0.12744921762739736,0.716547790855814,0.15600299151678854
25834,GOF,0.05101881243376435,0.7541384585236841,0.19484272904255162
25835,GOF,0.10153385047019726,0.7500005519987692,0.1484655975310335
25836,GOF,0.05737853043070169,0.7423731641901143,0.20024830537918398
25837,GOF,0.02739728642373197,0.6491050656474289,0.3234976479288392
25838,GOF,0.11628951333561209,0.7238399747680002,0.15987051189638754
25839,GOF,0.31731961572101725,0.5567486876615811,0.12593169661740164
25840,GOF,0.16159232785328767,0.6980458044266556,0.14036186772005674
25841,GOF,0.17875026937318764,0.6734601637637587,0.14778956686305356
25842,GOF,0.3066993683916901,0.518251058845865,0.17504957276244484
25843,GOF,0.2559332509119141,0.6159215465906955,0.1281452024973903
25844,GOF,0.12038922709761213,0.545395539548656,0.3342152333537319
25845,GOF,0.025189628324648862,0.6135847229758249,0.3612256486995263
25846,GOF,0.08839388546320812,0.755008826655801,0.15659728788099087
25847,GOF,0.13945596768766763,0.7293067389752175,0.13123729333711492
25848,GOF,0.06756930830525565,0.7316290252668947,0.20080166642784977
25849,GOF,0.013935557774036936,0.6433201919923407,0.3427442502336223
25850,GOF,0.023139545139583877,0.7476141457137572,0.22924630914665886
25851,GOF,0.01644371019306929,0.6484525643113865,0.3351037254955441
25852,GOF,0.09723816278442372,0.6365473512320785,0.26621448598349773
25853,GOF,0.28488938165401145,0.5871378883699861,0.12797272997600243
25854,GOF,0.014139207856983305,0.6844850042447992,0.3013757878982176
25855,GOF,0.0495243854309487,0.5040568162017057,0.4464187983673456
25856,GOF,0.23246226946516085,0.5201715650878821,0.2473661654469572
25857,GOF,0.04683617593468846,0.5929760215454427,0.36018780251986876
25858,GOF,0.02482555608597403,0.7653495846886986,0.20982485922532737
25859,GOF,0.013968344370683995,0.7129767650493185,0.2730548905799975
25860,GOF,0.33452137076226685,0.514190036128864,0.15128859310886902
25861,GOF,0.19180333322461607,0.7359810697816684,0.07221559699371545
25862,GOF,0.12950222626272442,0.7440794426686818,0.12641833106859388
25863,GOF,0.13187742761618634,0.7429868067894947,0.1251357655943189
25864,GOF,0.2097585288398398,0.6918795148871533,0.09836195627300703
25865,GOF,0.06799170394101826,0.8190708591856581,0.11293743687332361
25866,GOF,0.07887812955188159,0.7917817147244824,0.12934015572363608
25867,GOF,0.10186766761706369,0.7899601265055295,0.1081722058774068
25868,GOF,0.16010421361064484,0.6829431764452378,0.1569526099441173
25869,Neutral,0.6982000682684218,0.24511246063970982,0.0566874710918684
25870,LOF,0.12783082138619042,0.06345060956798927,0.8087185690458203
25871,GOF,0.08633090768769444,0.6117384610424759,0.3019306312698297
25872,GOF,0.1942339131552008,0.5522523720661332,0.253513714778666
25873,GOF,0.17682918568432227,0.6122948592417181,0.21087595507395968
25874,LOF,0.0313129640310063,0.049476852796942146,0.9192101831720515
25875,LOF,0.10601922207992362,0.23752908822943847,0.6564516896906378
25876,LOF,0.02925649314286418,0.11400411786830672,0.8567393889888291
25877,Neutral,0.4248379242216421,0.21609197682044473,0.3590700989579131
25878,GOF,0.15884747004792601,0.4276145706017102,0.41353795935036375
25879,LOF,0.07894073746232576,0.4096046113944209,0.5114546511432533
25880,LOF,0.028328793582655262,0.08719400280436462,0.8844772036129801
25881,LOF,0.3782025082637443,0.13210093567339834,0.48969655606285734
25882,LOF,0.0948127563993272,0.03545015140055009,0.8697370922001227
25883,LOF,0.07281040076492938,0.04532987259875501,0.8818597266363156
25884,LOF,0.08643130257849067,0.046040732273900306,0.867527965147609
25885,LOF,0.10024094599575589,0.029468268660233967,0.8702907853440102
25886,LOF,0.21771994460591304,0.14273266620133238,0.6395473891927546
25887,LOF,0.3866993438172206,0.10034173640639084,0.5129589197763885
25888,LOF,0.1780216382041587,0.09223341870259041,0.7297449430932509
25889,LOF,0.09229893946431221,0.03982148782855096,0.8678795727071368
25890,LOF,0.06277003846815483,0.09056930400479342,0.8466606575270519
25891,LOF,0.06850389596011454,0.024368505374370318,0.9071275986655151
25892,LOF,0.09198945335512154,0.061465378723561594,0.8465451679213168
25893,LOF,0.2961974391519089,0.05749268122901674,0.6463098796190744
25894,LOF,0.16149272868282794,0.019394444176886887,0.8191128271402851
25895,LOF,0.1758029339460966,0.01623919058858423,0.8079578754653192
25896,LOF,0.03928658172271055,0.016503142184266868,0.9442102760930225
25897,LOF,0.164900167480209,0.044782274890166375,0.7903175576296246
25898,Neutral,0.6423737035766559,0.03695956238323088,0.3206667340401133
25899,LOF,0.21373632380922258,0.16665754441531216,0.6196061317754653
25900,Neutral,0.7655965126439745,0.03752356549375309,0.1968799218622722
25901,LOF,0.07631696156471246,0.03482576303269737,0.8888572754025902
25902,LOF,0.10887754790093715,0.03635596065980735,0.8547664914392555
25903,Neutral,0.5394762690507174,0.07777556365410522,0.3827481672951773
25904,LOF,0.27602863539093453,0.08131010940013753,0.642661255208928
25905,LOF,0.016733311823352377,0.39840862800602356,0.5848580601706241
25906,LOF,0.02575274344537826,0.04165515131505591,0.9325921052395659
25907,LOF,0.013512516321358824,0.2964984130364696,0.6899890706421715
25908,LOF,0.01698903278391086,0.17283203572702838,0.8101789314890607
25909,LOF,0.027467400551982064,0.14482462956901213,0.8277079698790059
25910,GOF,0.013654079432989439,0.5137592578304895,0.4725866627365212
25911,LOF,0.0870950204525823,0.027237594369526892,0.8856673851778908
25912,LOF,0.03541662475295964,0.08166407117566218,0.8829193040713783
25913,LOF,0.20558045068574973,0.023848152740846628,0.7705713965734037
25914,LOF,0.05080786913415848,0.17690271011004888,0.7722894207557925
25915,Neutral,0.506984608658011,0.3265599953573506,0.16645539598463838
25916,GOF,0.03787565336806595,0.7169386575234166,0.24518568910851748
25917,LOF,0.0329244703600953,0.13118665240234742,0.8358888772375572
25918,LOF,0.050592867918160776,0.07918079520379664,0.8702263368780426
25919,LOF,0.05259190333230046,0.05099610973905663,0.8964119869286429
25920,GOF,0.21109206553048757,0.6433488863478332,0.14555904812167936
25921,LOF,0.061151582971207846,0.04680297383718441,0.8920454431916078
25922,LOF,0.06081339279513272,0.042733263212193374,0.896453343992674
25923,LOF,0.2218161677376124,0.14370061099195303,0.6344832212704345
25924,LOF,0.07285284632041143,0.017240910009091125,0.9099062436704974
25925,LOF,0.05022111267428106,0.04956335652165864,0.9002155308040602
25926,LOF,0.040515719008754704,0.04179554010359916,0.9176887408876462
25927,LOF,0.11470166663708306,0.10860548881568963,0.7766928445472272
25928,LOF,0.046231984891071706,0.01856534819016271,0.9352026669187655
25929,LOF,0.34413426533549685,0.13109721932287444,0.5247685153416287
25930,LOF,0.07209617683479642,0.04341337943607171,0.8844904437291319
25931,LOF,0.04641952243144909,0.015409399723526354,0.9381710778450245
25932,LOF,0.08321185235400669,0.03174792582875243,0.8850402218172408
25933,LOF,0.0873775338376926,0.02750242229699706,0.8851200438653102
25934,LOF,0.07830558729555084,0.04067448515328447,0.8810199275511645
25935,LOF,0.036196186154951994,0.04417192162822495,0.9196318922168232
25936,LOF,0.08768752591975197,0.027082722703952528,0.8852297513762954
25937,LOF,0.06600230499705738,0.027901903734793527,0.9060957912681492
25938,LOF,0.05140194577067113,0.08788023608741846,0.8607178181419104
25939,LOF,0.06638558171273778,0.04665100830719644,0.8869634099800657
25940,GOF,0.023263557210398158,0.5667645680782719,0.4099718747113299
25941,LOF,0.23896422818858032,0.04671675291074887,0.7143190189006708
25942,LOF,0.03880970489938587,0.009187943927545208,0.952002351173069
25943,LOF,0.4269650940536776,0.031794400726435065,0.5412405052198873
25944,Neutral,0.5275001978510612,0.029089637983380028,0.44341016416555873
25945,LOF,0.18582180617570235,0.136326487765561,0.6778517060587368
25946,LOF,0.018037525274142603,0.19401420274977246,0.7879482719760849
25947,LOF,0.08291190350383246,0.225206069888096,0.6918820266080715
25948,LOF,0.38731448324863144,0.009804010474063518,0.602881506277305
25949,LOF,0.15463922546299078,0.012823463400333314,0.832537311136676
25950,GOF,0.360204467307751,0.4268677021800849,0.2129278305121642
25951,LOF,0.22138112145482555,0.3055206912621986,0.4730981872829758
25952,GOF,0.04579825569987037,0.6445658475573391,0.3096358967427905
25953,LOF,0.12316160621457874,0.35693803272918634,0.5199003610562348
25954,Neutral,0.45681541236425194,0.39912358413564764,0.1440610035001003
25955,LOF,0.04894145646405337,0.27177389337367464,0.6792846501622721
25956,LOF,0.11450577432493775,0.24359130125453735,0.6419029244205249
25957,LOF,0.03697138374523412,0.035203810178230134,0.9278248060765357
25958,LOF,0.07917642783018694,0.03485011566101267,0.8859734565088004
25959,LOF,0.10444140916587819,0.3233088211872548,0.572249769646867
25960,LOF,0.028567830285222775,0.05583878859926848,0.9155933811155088
25961,LOF,0.06869273107054039,0.08254742852590684,0.8487598404035527
25962,LOF,0.047979314308220666,0.08421214931721407,0.8678085363745652
25963,LOF,0.04012219308703505,0.15964497292607363,0.8002328339868913
25964,LOF,0.07550716198778161,0.13398356897285255,0.7905092690393658
25965,Neutral,0.46889601493233773,0.11710986160239722,0.413994123465265
25966,LOF,0.19694057259156306,0.33287397071787755,0.4701854566905594
25967,LOF,0.029430910278648786,0.1432903666995959,0.8272787230217552
25968,LOF,0.050253183471645015,0.4328275645348898,0.5169192519934651
25969,LOF,0.02258147284312183,0.09893654471840185,0.8784819824384763
25970,LOF,0.04390991487747234,0.04852192538181927,0.9075681597407085
25971,LOF,0.08905699833931771,0.05467806491932099,0.8562649367413613
25972,LOF,0.11729767089345342,0.05423303602232629,0.8284692930842202
25973,LOF,0.1325050679276825,0.013760953355180353,0.8537339787171371
25974,Neutral,0.5109899384997617,0.05031013663975476,0.4386999248604836
25975,LOF,0.07402467876469387,0.04137995379033304,0.8845953674449731
25976,LOF,0.038007522457198524,0.05701006620188878,0.9049824113409127
25977,LOF,0.026754945892183798,0.3990754906412909,0.5741695634665253
25978,LOF,0.23964658409100004,0.11878381540364667,0.6415696005053533
25979,LOF,0.20574401134067755,0.1510364230972288,0.6432195655620937
25980,LOF,0.27581951611973377,0.1709544338836376,0.5532260499966286
25981,LOF,0.27581951611973377,0.1709544338836376,0.5532260499966286
25982,LOF,0.44071416832841165,0.07259222540058699,0.4866936062710014
25983,Neutral,0.506485354025211,0.09082893640029029,0.40268570957449873
25984,LOF,0.0340010033507094,0.2659519079668432,0.7000470886824474
25985,LOF,0.025259640247321566,0.41509023023943126,0.5596501295132472
25986,GOF,0.045671096638954425,0.5733357010014085,0.38099320235963713
25987,LOF,0.12582382131867698,0.1242133473235625,0.7499628313577604
25988,LOF,0.030136661256944308,0.2698763717342864,0.6999869670087693
25989,LOF,0.024730344732798847,0.2804316618418672,0.694837993425334
25990,LOF,0.031668406826199404,0.18919278181712298,0.7791388113566776
25991,LOF,0.2545272799269199,0.27058264968352524,0.4748900703895547
25992,LOF,0.3501796816405919,0.19018727931421242,0.45963303904519576
25993,LOF,0.03890583459969974,0.08844487184648103,0.8726492935538194
25994,LOF,0.03926410161467025,0.08922333662942404,0.8715125617559056
25995,LOF,0.040153753515070306,0.11632633993345416,0.8435199065514756
25996,LOF,0.15786559556435553,0.36890743016620425,0.4732269742694402
25997,GOF,0.11457374136249644,0.460507694640896,0.4249185639966075
25998,Neutral,0.5033901976046139,0.015379785919966265,0.4812300164754198
25999,GOF,0.1505106371440104,0.43199975246108324,0.4174896103949063
26000,LOF,0.10709270638052566,0.022901048372338254,0.870006245247136
26001,LOF,0.1288723985667116,0.07817690191254595,0.7929506995207425
26002,LOF,0.0910608254261621,0.04696048959169837,0.8619786849821394
26003,GOF,0.009799272521213364,0.7061207929959873,0.28407993448279945
26004,GOF,0.02589359494959302,0.7584458191711266,0.21566058587928033
26005,GOF,0.010705517066052252,0.5219735003203462,0.46732098261360144
26006,Neutral,0.4856600961527357,0.35751098241848167,0.15682892142878252
26007,GOF,0.02090143310551337,0.6802326431725455,0.2988659237219411
26008,GOF,0.0229651756968096,0.5934651070997488,0.38356971720344163
26009,GOF,0.04748142732818599,0.6366804474418245,0.31583812522998955
26010,GOF,0.01397773969189205,0.8461684337165583,0.13985382659154963
26011,GOF,0.010058297359224592,0.5778681281615445,0.412073574479231
26012,GOF,0.016602262278243244,0.5116003111829428,0.4717974265388139
26013,GOF,0.011603480412153177,0.6527508257571822,0.3356456938306646
26014,LOF,0.04979154776703218,0.12683549864078728,0.8233729535921805
26015,LOF,0.18950620623944425,0.012201932656467167,0.7982918611040886
26016,LOF,0.33649412858103234,0.05460991372714195,0.6088959576918256
26017,LOF,0.2639265455142419,0.050445780212768895,0.6856276742729892
26018,LOF,0.07385860651877614,0.05450905144163366,0.8716323420395903
26019,LOF,0.07892010840958383,0.026155093485799055,0.8949247981046172
26020,LOF,0.11961489551238703,0.10232105878811622,0.7780640456994967
26021,LOF,0.1087958246765948,0.11494997292311976,0.7762542024002854
26022,LOF,0.025424413038475816,0.026832977015602312,0.947742609945922
26023,LOF,0.1465968119912152,0.04189121013121359,0.8115119778775712
26024,LOF,0.04658077808141111,0.15169367562643776,0.8017255462921511
26025,LOF,0.22611296059130226,0.08602264036801363,0.6878643990406841
26026,LOF,0.40707091644365245,0.010816734503468308,0.5821123490528793
26027,LOF,0.08529073828586901,0.02219601660015783,0.8925132451139731
26028,LOF,0.21499212723047703,0.08486863579579011,0.7001392369737329
26029,LOF,0.04579390178876253,0.4744608809998716,0.47974521721136576
26030,LOF,0.01981354735580809,0.13295202642152262,0.8472344262226693
26031,LOF,0.014544728772893086,0.3971912379828858,0.5882640332442212
26032,LOF,0.042914452274701975,0.19052351969306142,0.7665620280322366
26033,GOF,0.10845226009006435,0.4490897379607726,0.44245800194916307
26034,LOF,0.023184250673345418,0.29905212839423595,0.6777636209324186
26035,LOF,0.019422514968669792,0.3420683912885188,0.6385090937428114
26036,LOF,0.022420861515004078,0.25779264467660773,0.7197864938083882
26037,LOF,0.015135755611126497,0.2614587399335123,0.7234055044553613
26038,LOF,0.04194357931982948,0.1769667560533698,0.7810896646268007
26039,LOF,0.04169556589891994,0.3357272309140676,0.6225772031870124
26040,GOF,0.19659438932975176,0.5764625979199973,0.22694301275025092
26041,LOF,0.017786170899619574,0.250638039056215,0.7315757900441654
26042,LOF,0.017610135158688645,0.24621827859099202,0.7361715862503194
26043,LOF,0.03932173295586849,0.22760450732078613,0.7330737597233453
26044,LOF,0.022785513306733583,0.20153752002921396,0.7756769666640524
26045,LOF,0.06010179305069426,0.303153430785549,0.6367447761637566
26046,LOF,0.045708857106931386,0.2578494722010371,0.6964416706920316
26047,LOF,0.0562996409248749,0.23885745552572676,0.7048429035493984
26048,LOF,0.07592041557443824,0.18285579883597605,0.7412237855895857
26049,Neutral,0.9226825385092726,0.0400212166889977,0.037296244801729786
26050,Neutral,0.9031040743345012,0.04776365728510437,0.049132268380394445
26051,GOF,0.025995260866727935,0.49244690464699087,0.48155783448628126
26052,GOF,0.02454483478555953,0.5852041769429495,0.3902509882714911
26053,LOF,0.04860020150409846,0.46029012767360555,0.49110967082229595
26054,LOF,0.05689073477281779,0.032107646256622574,0.9110016189705596
26055,LOF,0.060777363557567236,0.020659221111109148,0.9185634153313237
26056,LOF,0.04485726942502661,0.030704966073269307,0.9244377645017041
26057,LOF,0.06457463750131609,0.08506347213822237,0.8503618903604615
26058,LOF,0.0652429204903197,0.06975046192801394,0.8650066175816664
26059,LOF,0.39302862907733294,0.05783886689247495,0.549132504030192
26060,LOF,0.06474123859620666,0.321080200136835,0.6141785612669584
26061,LOF,0.038744711104373684,0.06830741957456947,0.8929478693210569
26062,LOF,0.02639498790415059,0.030135011483210114,0.9434700006126394
26063,LOF,0.07105640515086098,0.054832630496893145,0.8741109643522459
26064,LOF,0.046300197663723106,0.018684393901659792,0.9350154084346171
26065,LOF,0.06934711335374558,0.04172836111542635,0.8889245255308281
26066,LOF,0.0761895891006143,0.05743860211285278,0.8663718087865329
26067,LOF,0.0758696881696313,0.048307568171676224,0.8758227436586925
26068,LOF,0.0465854905335821,0.04825713982156042,0.9051573696448576
26069,LOF,0.26487595317280827,0.021951603768939267,0.7131724430582526
26070,LOF,0.45920709407742305,0.010462477031860758,0.5303304288907162
26071,LOF,0.06495118857829471,0.0605982643298023,0.8744505470919031
26072,LOF,0.04550197653397401,0.04857632120488811,0.9059217022611379
26073,LOF,0.07340128675724646,0.028979496861483073,0.8976192163812704
26074,Neutral,0.9572930375279884,0.007825377996489271,0.03488158447552227
26075,LOF,0.03179101472844123,0.035030646540078446,0.9331783387314804
26076,LOF,0.07520209846162262,0.0427900590951092,0.8820078424432681
26077,LOF,0.026446811603123732,0.06225117262696841,0.911302015769908
26078,LOF,0.02706703536514298,0.04594184687230755,0.9269911177625494
26079,LOF,0.04671506839142938,0.030206771996529942,0.9230781596120408
26080,LOF,0.04671506839142938,0.030206771996529942,0.9230781596120408
26081,LOF,0.07428123259557098,0.058029911625370315,0.8676888557790589
26082,LOF,0.04058224153978048,0.042061410020750686,0.9173563484394688
26083,LOF,0.06877093224926316,0.04644942650271423,0.8847796412480227
26084,LOF,0.062252351234361424,0.06982702772431063,0.8679206210413278
26085,LOF,0.062252351234361424,0.06982702772431063,0.8679206210413278
26086,LOF,0.06441005878555768,0.07547709408928135,0.8601128471251609
26087,LOF,0.0646850793604767,0.0546011491379636,0.8807137715015597
26088,LOF,0.04012574339160893,0.11789971251002412,0.8419745440983668
26089,LOF,0.0390088380470232,0.03160121074327605,0.9293899512097007
26090,LOF,0.03486311802890926,0.027372970289134223,0.9377639116819565
26091,LOF,0.07727123524453969,0.02851734243144287,0.8942114223240173
26092,LOF,0.072897475085133,0.0693682423595445,0.8577342825553225
26093,LOF,0.07760553122943556,0.027349037035855804,0.8950454317347087
26094,LOF,0.0796166724181931,0.02581264089433366,0.8945706866874732
26095,LOF,0.0734832624985524,0.02356994059550912,0.9029467969059385
26096,LOF,0.04716182849424794,0.02066167518027276,0.9321764963254794
26097,LOF,0.021806012163803224,0.07638096136953985,0.9018130264666571
26098,LOF,0.046757480278688465,0.02252067581317371,0.9307218439081378
26099,LOF,0.07788336345715403,0.060804494570440154,0.8613121419724058
26100,LOF,0.07788336345715403,0.060804494570440154,0.8613121419724058
26101,LOF,0.06314003127541334,0.13554106578198183,0.8013189029426049
26102,LOF,0.06861796907293738,0.05840817595065598,0.8729738549764067
26103,Neutral,0.7794537551252764,0.0800953429561184,0.14045090191860524
26104,LOF,0.035961902236724845,0.0468590897125497,0.9171790080507254
26105,LOF,0.19417409276341877,0.1077617114271482,0.6980641958094329
26106,LOF,0.1851311194595973,0.045612203162334476,0.7692566773780682
26107,LOF,0.2812216255585821,0.03466292902598402,0.6841154454154339
26108,LOF,0.14899873501527822,0.05508644473017747,0.7959148202545443
26109,LOF,0.09234700782217257,0.08623379040656166,0.8214192017712658
26110,LOF,0.2809851425071551,0.03546022724013656,0.6835546302527084
26111,LOF,0.3265941481985702,0.09861076215232845,0.5747950896491013
26112,LOF,0.08686220479630272,0.02559636199154157,0.8875414332121557
26113,LOF,0.09112776135586183,0.07569974367625606,0.8331724949678821
26114,LOF,0.041985767674996094,0.020773593901663067,0.9372406384233408
26115,LOF,0.14082721851520705,0.03965510213214224,0.8195176793526507
26116,LOF,0.09187602951790692,0.05324190781814492,0.8548820626639481
26117,LOF,0.27923237147125685,0.16926421591498905,0.5515034126137541
26118,LOF,0.06693493139478499,0.028320601709533256,0.9047444668956819
26119,LOF,0.03873246257753493,0.14316819840734019,0.8180993390151248
26120,LOF,0.06029037096463285,0.040473813583698316,0.8992358154516689
26121,LOF,0.06393876132419726,0.11926936601711244,0.8167918726586904
26122,LOF,0.075643400786298,0.15021842641368308,0.774138172800019
26123,LOF,0.06585429297945603,0.18015910515548594,0.753986601865058
