feature0,prediction,LoGoFunc_Neutral,LoGoFunc_GOF,LoGoFunc_LOF
25546,Neutral,0.6221509629074414,0.052736056682198953,0.3251129804103597
25547,Neutral,0.4671501630562288,0.08932874515364075,0.4435210917901305
25548,Neutral,0.47868153599078067,0.07379452406964389,0.44752393993957534
25549,LOF,0.41730817276978543,0.07659362330634682,0.5060982039238677
25550,LOF,0.35116963035546395,0.10960487830738963,0.5392254913371464
25551,LOF,0.31557767579471663,0.11343519753352578,0.5709871266717577
25552,LOF,0.26748546011327645,0.11432926668510071,0.6181852732016229
25553,Neutral,0.8101972244649652,0.04224479491992092,0.14755798061511377
25554,LOF,0.30699997038633914,0.10615707670510205,0.5868429529085587
25555,LOF,0.26156615142365125,0.10301928687406015,0.6354145617022886
25556,LOF,0.44839756758657195,0.08992811383956435,0.46167431857386354
25557,LOF,0.2534121681551105,0.10625821802806454,0.640329613816825
25558,LOF,0.3098639851337158,0.10372303320072346,0.5864129816655607
25559,LOF,0.21496720921708903,0.1195444697195066,0.6654883210634043
25560,LOF,0.1698957719663244,0.09786708192964211,0.7322371461040335
25561,LOF,0.1523955204676367,0.10338607219860035,0.7442184073337628
25562,LOF,0.07462121212731797,0.07178021093955733,0.8535985769331246
25563,LOF,0.02300022340998319,0.12638675950327743,0.8506130170867393
25564,LOF,0.22621260779794633,0.11087738325367365,0.6629100089483799
25565,LOF,0.1986962020847808,0.14019656633424193,0.6611072315809773
25566,GOF,0.09197099812246066,0.713039014138798,0.19498998773874146
25567,LOF,0.03603195876146083,0.11056849187138874,0.8533995493671505
25568,LOF,0.05867032407332759,0.06700279215615647,0.8743268837705159
25569,LOF,0.05528272608665924,0.0677021560166095,0.8770151178967313
25570,LOF,0.02605358283746459,0.08720918008018884,0.8867372370823465
25571,LOF,0.025116152977818784,0.09025301934545864,0.8846308276767226
25572,LOF,0.061843528677705914,0.1036880076872274,0.8344684636350668
25573,LOF,0.054974683490494364,0.08182328686838992,0.8632020296411156
25574,LOF,0.05430034399222923,0.1815020667938452,0.7641975892139256
25575,LOF,0.02166427310714127,0.1059109483971501,0.8724247784957088
25576,LOF,0.029318441082678094,0.1351969471232451,0.8354846117940768
25577,LOF,0.0295937649975473,0.09994030579549242,0.8704659292069603
25578,LOF,0.3005045158268622,0.07634430479814153,0.6231511793749962
25579,LOF,0.1321052109760822,0.08238765591801246,0.7855071331059054
25580,LOF,0.018900039558504583,0.07144554759209581,0.9096544128493996
25581,LOF,0.054237915728484964,0.06347802182823331,0.8822840624432818
25582,LOF,0.05431573905324405,0.06193366987622712,0.8837505910705289
25583,LOF,0.019285533784771974,0.07311277219756453,0.9076016940176634
25584,Neutral,0.6759456335352476,0.09871520778958683,0.22533915867516552
25585,LOF,0.028660624271284067,0.11262429346603132,0.8587150822626846
25586,LOF,0.017562176143302063,0.060656441233242125,0.9217813826234559
25587,LOF,0.0169545969294345,0.05482948564022571,0.9282159174303398
25588,LOF,0.020391869347568047,0.06365991653108098,0.915948214121351
25589,Neutral,0.5178360446495045,0.1846975993831499,0.2974663559673456
25590,LOF,0.04670272618374284,0.09749612440006765,0.8558011494161895
25591,LOF,0.09021973185907115,0.05343013003322924,0.8563501381076996
25592,LOF,0.05525752929328617,0.11910171731633207,0.8256407533903818
25593,LOF,0.13865798444925315,0.23775398118306737,0.6235880343676795
25594,LOF,0.053903512399576116,0.11262804807566346,0.8334684395247604
25595,LOF,0.053458921406779346,0.08004850286674432,0.8664925757264763
25596,LOF,0.10598590834543559,0.04735035691520658,0.8466637347393579
25597,LOF,0.08021805650154432,0.05282847962321338,0.8669534638752423
25598,LOF,0.0526722681254169,0.08003655635848247,0.8672911755161007
25599,GOF,0.020795268473397906,0.5101262184268803,0.4690785130997217
25600,GOF,0.1571229679706984,0.5211810926122926,0.321695939417009
25601,LOF,0.03819259784194555,0.42898569733796965,0.5328217048200848
25602,LOF,0.03173961450639663,0.0757349206610379,0.8925254648325655
25603,LOF,0.028121252071142973,0.03467346934687267,0.9372052785819843
25604,LOF,0.031586861264377056,0.07587697218830174,0.8925361665473212
25605,LOF,0.03064392105954514,0.21538959609167746,0.7539664828487773
25606,LOF,0.3991176276075286,0.13241027351564566,0.46847209887682567
25607,LOF,0.022610143286131958,0.20936344622423303,0.768026410489635
25608,LOF,0.03261378446770865,0.0659036792870394,0.901482536245252
25609,GOF,0.1410107026437929,0.5256156472588794,0.3333736500973276
25610,LOF,0.015095645178966317,0.02669486301156941,0.9582094918094642
25611,LOF,0.012842951264525561,0.02949634913010507,0.9576606996053694
25612,LOF,0.050297601862401425,0.03975946670441136,0.9099429314331872
25613,LOF,0.04958301146535812,0.038022732950340456,0.9123942555843014
25614,LOF,0.019722185626952677,0.02435377516574864,0.9559240392072987
25615,LOF,0.04278199508115867,0.036182755377002246,0.9210352495418391
25616,LOF,0.04331718446936862,0.028162498142964853,0.9285203173876666
25617,LOF,0.040108879045612174,0.03749395133222079,0.922397169622167
25618,LOF,0.04868000996403301,0.03615028761993362,0.9151697024160335
25619,LOF,0.012988878068647347,0.03048021395130211,0.9565309079800506
25620,LOF,0.0597950274984962,0.04381157664235019,0.8963933958591536
25621,LOF,0.055910139717909195,0.03455613687886709,0.9095337234032238
25622,LOF,0.06472434448878901,0.03039643564023133,0.9048792198709796
25623,LOF,0.06671776013098266,0.027410436908065265,0.905871802960952
25624,LOF,0.017921664032476834,0.0317678326656229,0.9503105033019004
25625,LOF,0.06300026179648123,0.03629384947971186,0.900705888723807
25626,LOF,0.04654061331701931,0.0379252002728663,0.9155341864101144
25627,Neutral,0.895492687311272,0.019940893859063967,0.08456641882966413
25628,LOF,0.13183988355567472,0.05858316664582477,0.8095769497985005
25629,LOF,0.06629101370372305,0.04228727288964474,0.8914217134066323
25630,LOF,0.2821017080311798,0.07579507413311373,0.6421032178357066
25631,Neutral,0.5591339474906366,0.06006991355380525,0.3807961389555581
25632,LOF,0.028603074950719995,0.05850861178002357,0.9128883132692563
25633,LOF,0.2060909610994499,0.03325787874264242,0.7606511601579077
25634,LOF,0.03433158479926458,0.08175947047043132,0.883908944730304
25635,LOF,0.035228654768206136,0.04135551295750176,0.923415832274292
25636,LOF,0.03776763582307516,0.4806558050280319,0.48157655914889297
25637,GOF,0.0673087948300144,0.49222009716167153,0.440471108008314
25638,LOF,0.029219380321059817,0.3272489350479991,0.6435316846309411
25639,LOF,0.03057486618778846,0.3691099022094136,0.600315231602798
25640,Neutral,0.8160321472600716,0.13912656261977624,0.04484129012015222
25641,LOF,0.06608664997926592,0.45180511164537845,0.4821082383753556
25642,LOF,0.041249469028199544,0.14493242816323818,0.8138181028085624
25643,LOF,0.22699001421946993,0.15370655305903777,0.6193034327214924
25644,LOF,0.019375553277125895,0.46632646954894375,0.5142979771739303
25645,LOF,0.02177635771771339,0.4156275974973948,0.5625960447848918
25646,LOF,0.04952721081695035,0.33066601355942343,0.6198067756236263
25647,LOF,0.02307557271461714,0.2726463045941816,0.7042781226912013
25648,LOF,0.03342276025522258,0.24577493435763717,0.7208023053871402
25649,LOF,0.016488246303219514,0.23645541185296218,0.7470563418438183
25650,LOF,0.04902734403570668,0.43620490917848836,0.514767746785805
25651,LOF,0.016580729366034688,0.27013542006176455,0.7132838505722007
25652,LOF,0.03257826984621911,0.2704174113212027,0.6970043188325782
25653,LOF,0.07608734760647841,0.4268830622529914,0.49702959014053016
25654,LOF,0.024673098302602083,0.21852198550170207,0.7568049161956958
25655,GOF,0.2098989298777582,0.40316979518204044,0.38693127494020135
25656,LOF,0.23963890526600667,0.05909378129672781,0.7012673134372656
25657,LOF,0.06155313741414558,0.057997310724062646,0.8804495518617917
25658,LOF,0.33942219955086905,0.06521083416786931,0.5953669662812616
25659,Neutral,0.5240376521879138,0.08627721856028778,0.3896851292517985
25660,LOF,0.022406840045053607,0.08567145033943713,0.8919217096155093
25661,LOF,0.09056303665559957,0.05768924484386886,0.8517477185005315
25662,LOF,0.03293262154463504,0.03228343744499409,0.9347839410103709
25663,LOF,0.040200813830641086,0.04302813776665946,0.9167710484026994
25664,LOF,0.13358769700882436,0.058905296779210324,0.8075070062119655
25665,LOF,0.05559020090240058,0.030095011171951364,0.914314787925648
25666,LOF,0.08275325367519816,0.06868706445899322,0.8485596818658087
25667,LOF,0.06636917849880028,0.038320179688132755,0.895310641813067
25668,LOF,0.03503518514903181,0.04840716241399841,0.9165576524369697
25669,LOF,0.0319653697312592,0.05007423603318785,0.9179603942355531
25670,LOF,0.14365448525584149,0.0468558911756187,0.8094896235685398
25671,LOF,0.10165461293697986,0.032036331738561054,0.866309055324459
25672,LOF,0.05314956765747044,0.04198358038478305,0.9048668519577465
25673,LOF,0.08163831781665204,0.040922942302657174,0.8774387398806908
25674,LOF,0.071416344216959,0.052047064116070164,0.8765365916669708
25675,LOF,0.11797764691743412,0.05037927621899357,0.8316430768635722
25676,LOF,0.018069051327583813,0.04820632730637948,0.9337246213660366
25677,LOF,0.02604039217004734,0.06533874158071208,0.9086208662492404
25678,LOF,0.183728084318228,0.05875424556860038,0.7575176701131716
25679,LOF,0.12448046582163665,0.08068911472944282,0.7948304194489206
25680,LOF,0.03257822299388581,0.10708310302200677,0.8603386739841075
25681,LOF,0.05013770444694029,0.0973093398395014,0.8525529557135584
25682,LOF,0.13620704736684086,0.06719747853486967,0.7965954740982895
25683,LOF,0.1147123298572079,0.08629860136449094,0.7989890687783012
25684,LOF,0.04366240125892868,0.06690496916464628,0.889432629576425
25685,LOF,0.13426673049213336,0.05090081931820641,0.8148324501896602
25686,LOF,0.06877452447843686,0.09759333085892444,0.8336321446626387
25687,LOF,0.11031486710786227,0.09344529482561459,0.7962398380665232
25688,LOF,0.31848739398600706,0.033260956447448,0.648251649566545
25689,LOF,0.22656175427779246,0.037564330062986886,0.7358739156592207
25690,LOF,0.3527445049954768,0.03009132951575444,0.6171641654887687
25691,Neutral,0.7006969114492836,0.021219588951367635,0.27808349959934886
25692,LOF,0.3055753769044395,0.010286355277278858,0.6841382678182817
25693,GOF,0.04563715422927273,0.4810809321106869,0.47328191366004047
25694,LOF,0.1183104320664827,0.019097727258109133,0.8625918406754082
25695,LOF,0.12305366233716093,0.017089548177074195,0.8598567894857648
25696,LOF,0.10750307733388967,0.009792721938662837,0.8827042007274475
25697,LOF,0.13699192536329793,0.029715738565092353,0.8332923360716098
25698,LOF,0.3894520371779992,0.21500108291308934,0.39554687990891135
25699,LOF,0.4419073880358722,0.037683378444394865,0.5204092335197329
25700,LOF,0.056240771173038606,0.008236991963835857,0.9355222368631255
25701,LOF,0.1424384968405703,0.04693161290029794,0.8106298902591317
25702,GOF,0.18189993084190512,0.5259993710482008,0.29210069810989403
25703,LOF,0.017856209660816216,0.1542271522622247,0.827916638076959
25704,LOF,0.048007522958268246,0.11081600762827623,0.8411764694134555
25705,LOF,0.06208077362738695,0.18200539480681968,0.7559138315657933
25706,LOF,0.09862251259878536,0.38638029534979185,0.5149971920514228
25707,LOF,0.08169149878822375,0.3084703085674998,0.6098381926442764
25708,LOF,0.027887918720324242,0.2684858180874939,0.7036262631921818
25709,LOF,0.062474131458335413,0.042112401665634694,0.89541346687603
25710,LOF,0.012287223812700667,0.12917840091123675,0.8585343752760626
25711,LOF,0.017044012094689604,0.09830249118665114,0.8846534967186592
25712,LOF,0.01378663244563601,0.1805243029036005,0.8056890646507634
25713,LOF,0.018083668004591658,0.08150173928339638,0.900414592712012
25714,LOF,0.0739031955675479,0.0795311072875476,0.8465656971449045
25715,LOF,0.010515015503840161,0.13899320488994468,0.8504917796062151
25716,LOF,0.013791399203075925,0.1257490689996383,0.8604595317972858
25717,LOF,0.013590645084032836,0.07658749363603583,0.9098218612799313
25718,LOF,0.012237866899600778,0.08907243063845675,0.8986897024619426
25719,LOF,0.01709091133276276,0.07739180379939514,0.9055172848678421
25720,LOF,0.020611713623434957,0.06611449122042523,0.9132737951561398
25721,LOF,0.014703242055999918,0.1065907267206443,0.8787060312233557
25722,LOF,0.012968636167864415,0.1156573082714212,0.8713740555607145
25723,LOF,0.02163094212874576,0.045372000956942715,0.9329970569143115
25724,LOF,0.021244654941097993,0.08103873065901027,0.8977166143998918
25725,LOF,0.011190776104724654,0.06694232307720925,0.9218669008180662
25726,LOF,0.014975022071986257,0.09683147837936132,0.8881934995486525
25727,LOF,0.012457686340589422,0.07511955508227204,0.9124227585771385
25728,LOF,0.009318228460708629,0.10944719720562732,0.881234574333664
25729,LOF,0.009587480412719068,0.10668871109094444,0.8837238084963365
25730,LOF,0.012999057361183987,0.08298616062538548,0.9040147820134307
25731,LOF,0.01959334104890032,0.10698231504093375,0.873424343910166
25732,LOF,0.013990120304187724,0.07344401323879889,0.9125658664570133
25733,LOF,0.014943965730089088,0.07387526957855126,0.9111807646913598
25734,LOF,0.011502221985074376,0.12028052353372531,0.8682172544812002
25735,LOF,0.013020156153361462,0.08248248051877043,0.9044973633278681
25736,LOF,0.013276376655267616,0.10426108709866397,0.8824625362460684
25737,LOF,0.020030693368334716,0.08566378176816833,0.8943055248634969
25738,LOF,0.012208937035286192,0.10758464371972974,0.880206419244984
25739,LOF,0.01942105867936037,0.0797049039594888,0.9008740373611508
25740,LOF,0.028341259221120706,0.10556416941780292,0.8660945713610765
25741,LOF,0.015548460928644023,0.10802688673283499,0.876424652338521
25742,LOF,0.12491319420276831,0.07860923452064872,0.796477571276583
25743,LOF,0.030563181629602157,0.036038203021974115,0.9333986153484237
25744,Neutral,0.6117329975961793,0.19225869866022444,0.19600830374359637
25745,LOF,0.08274076934026767,0.07212865796117424,0.8451305726985581
25746,LOF,0.04133949142890274,0.082837125717616,0.8758233828534813
25747,LOF,0.020216661990922154,0.045308881589786874,0.9344744564192909
25748,LOF,0.09502904882186283,0.06936303402037551,0.8356079171577616
25749,LOF,0.027917380250696882,0.07845725196294037,0.8936253677863627
25750,LOF,0.0855182109194737,0.08114250541024036,0.8333392836702859
25751,LOF,0.08847990530374256,0.06718700419875735,0.8443330904975
25752,GOF,0.1010624372393337,0.6651875385132323,0.23375002424743405
25753,LOF,0.02033671737338543,0.28475375131552155,0.694909531311093
25754,GOF,0.010800216770968861,0.762315047157354,0.22688473607167736
25755,LOF,0.022520338533507017,0.3713231100556156,0.6061565514108774
25756,LOF,0.03925650449786117,0.37499223216773697,0.5857512633344019
25757,GOF,0.012815938491547592,0.8301394327573499,0.15704462875110234
25758,GOF,0.028245724270237332,0.8214305880038125,0.15032368772595026
25759,GOF,0.01057452068638103,0.5594159423968835,0.4300095369167355
25760,LOF,0.010734341371487545,0.24235134462101707,0.7469143140074954
25761,GOF,0.26966760918468785,0.6353059772718199,0.09502641354349231
25762,LOF,0.0349912578627708,0.2738388433509674,0.6911698987862618
25763,LOF,0.013555123739113795,0.2130129099787338,0.7734319662821524
25764,GOF,0.06987673017924617,0.6392237816884736,0.2908994881322803
25765,GOF,0.03718092863850413,0.7523610511911555,0.21045802017034035
25766,GOF,0.06479387782056989,0.7655175657722132,0.16968855640721697
25767,GOF,0.153142218119657,0.49704793372761896,0.349809848152724
25768,LOF,0.10058856847825168,0.0631702438028236,0.8362411877189246
25769,LOF,0.07080980236115217,0.07127416174646198,0.8579160358923857
25770,LOF,0.2906201971677129,0.09804292023655363,0.6113368825957335
25771,LOF,0.043332259244792753,0.04637700005258851,0.9102907407026187
25772,LOF,0.016611212190687667,0.03635800338827807,0.9470307844210343
25773,LOF,0.05094037673870761,0.08542143541546417,0.8636381878458282
25774,LOF,0.029327154743273944,0.07531088677424279,0.8953619584824832
25775,LOF,0.050616880596433676,0.045620846510905685,0.9037622728926605
25776,LOF,0.06636293859182418,0.026721082675596402,0.9069159787325795
25777,LOF,0.33398207236896665,0.05688624582586241,0.609131681805171
25778,LOF,0.06362287752021614,0.052223904994175716,0.8841532174856082
25779,GOF,0.3684445291628325,0.5851679313632488,0.04638753947391876
25780,GOF,0.29452669293521955,0.6387132227062208,0.06676008435855972
25781,GOF,0.1298183180005381,0.777720573056879,0.0924611089425827
25782,GOF,0.1974242657414735,0.7361264569348057,0.06644927732372082
25783,GOF,0.02549854421443061,0.6661550517618079,0.3083464040237614
25784,GOF,0.4745869200752249,0.4874551540067693,0.03795792591800584
25785,GOF,0.4505967973143961,0.5090311549208114,0.040372047764792536
25786,GOF,0.027117658157423733,0.77690056354025,0.19598177830232635
25787,Neutral,0.6408296646965604,0.33428521224130936,0.02488512306213028
25788,LOF,0.049636706222118014,0.11951145340143583,0.8308518403764461
25789,GOF,0.20449150573235367,0.6654680110085972,0.13004048325904924
25790,GOF,0.2133563121683639,0.6813750563449108,0.10526863148672533
25791,GOF,0.15035785481482555,0.6880825422315429,0.16155960295363156
25792,GOF,0.32605048584634316,0.5506134746806185,0.12333603947303831
25793,GOF,0.24263155226236596,0.5417204355997509,0.21564801213788312
25794,GOF,0.27817345910026425,0.5505058355033732,0.17132070539636268
25795,GOF,0.07531018601980752,0.7082210472763545,0.216468766703838
25796,Neutral,0.5426036649620501,0.3766198993876495,0.08077643565030046
25797,GOF,0.0879227523590298,0.5770718154173909,0.33500543222357926
25798,GOF,0.008765327687298374,0.5223247221812787,0.468909950131423
25799,LOF,0.007291699173245605,0.42495519655385255,0.5677531042729018
25800,GOF,0.03274088587399424,0.6254180095286828,0.34184110459732303
25801,GOF,0.1884542291822767,0.680345573741245,0.1312001970764784
25802,GOF,0.0801313777005965,0.6802801619044759,0.23958846039492754
25803,GOF,0.03415538098528207,0.5886717728492059,0.3771728461655121
25804,GOF,0.03220257120333804,0.49392760760229915,0.47386982119436294
25805,GOF,0.09710863650605196,0.5965557436848047,0.3063356198091433
25806,GOF,0.09350501511725257,0.5962997451262496,0.31019523975649793
25807,GOF,0.01930396354285506,0.63827752221463,0.342418514242515
25808,GOF,0.07644904113031048,0.6485032893960242,0.2750476694736654
25809,GOF,0.017874504417416157,0.6020739647694232,0.3800515308131606
25810,GOF,0.01566542764972269,0.6307600356150258,0.3535745367352516
25811,GOF,0.42929380571785514,0.48737598538090277,0.08333020890124201
25812,GOF,0.029497008470538082,0.6456759714173876,0.32482702011207415
25813,Neutral,0.5098730196997288,0.3923841356551483,0.09774284464512299
25814,GOF,0.10599973192264266,0.6396807905928056,0.25431947748455175
25815,GOF,0.17928624315961464,0.630280541146969,0.19043321569341642
25816,GOF,0.02288921084449206,0.7015029279203479,0.2756078612351601
25817,GOF,0.22776598940344206,0.6406721776299502,0.13156183296660764
25818,GOF,0.05183454635288291,0.6902706876241618,0.25789476602295525
25819,GOF,0.35187555410884475,0.5207314574175921,0.12739298847356323
25820,GOF,0.1884016990047236,0.621463936203117,0.1901343647921594
25821,GOF,0.06099022154516607,0.6934827953613171,0.24552698309351678
25822,GOF,0.19912067847568576,0.606381988257561,0.1944973332667532
25823,GOF,0.03218743997783357,0.5617382058322278,0.4060743541899386
25824,GOF,0.08607071464120312,0.6154814201617319,0.29844786519706495
25825,GOF,0.03634427727347631,0.6101608247943586,0.353494897932165
25826,GOF,0.01488020160090143,0.5953221376459529,0.3897976607531457
25827,GOF,0.022560624918241554,0.6111393449581236,0.36630003012363477
25828,GOF,0.012887218027166764,0.5497419558162564,0.43737082615657685
25829,GOF,0.005616144448127825,0.5901662368346476,0.4042176187172244
25830,LOF,0.03548074649787369,0.3014031829365525,0.6631160705655738
25831,GOF,0.20525884339127268,0.6843795224902719,0.11036163411845544
25832,GOF,0.0367810537900122,0.7356975657966196,0.22752138041336817
25833,GOF,0.12415319450253079,0.7308891004254711,0.14495770507199807
25834,GOF,0.03394434686211507,0.7429704286881508,0.2230852244497342
25835,GOF,0.08216530506973013,0.7794067601927807,0.13842793473748938
25836,GOF,0.03721048354974379,0.7298057438794162,0.23298377257083994
25837,GOF,0.02844518738092628,0.6197942107415371,0.3517606018775366
25838,GOF,0.09204456284181216,0.7668594347601907,0.1410960023979972
25839,GOF,0.2970128020746696,0.5754549139440548,0.12753228398127564
25840,GOF,0.24052991136830082,0.6137055943913975,0.1457644942403017
25841,GOF,0.2332329944425005,0.630621306723914,0.13614569883358546
25842,GOF,0.16443556270564025,0.7171271369888118,0.11843730030554789
25843,GOF,0.2131099789658868,0.6998635211437597,0.08702649989035349
25844,GOF,0.07110155610831292,0.7202837714948489,0.20861467239683826
25845,GOF,0.017410056081735497,0.5316315551788767,0.4509583887393878
25846,GOF,0.12015917795721537,0.7425652083168888,0.13727561372589575
25847,GOF,0.09991073093392078,0.7957223603900749,0.10436690867600423
25848,GOF,0.038360632853294406,0.716642018864111,0.2449973482825946
25849,GOF,0.010662079540521242,0.6144780543401285,0.3748598661193503
25850,GOF,0.02036016158760281,0.6473952060232652,0.3322446323891321
25851,GOF,0.017513774486534156,0.5407954364518112,0.44169078906165465
25852,GOF,0.17040329364356888,0.5624590652452215,0.2671376411112097
25853,GOF,0.32162906555460824,0.6054998718866191,0.0728710625587726
25854,GOF,0.021017072256340634,0.6359650976280138,0.34301783011564557
25855,GOF,0.03503160790536367,0.5618405673272612,0.40312782476737513
25856,GOF,0.2392249269505173,0.5525687527373401,0.2082063203121425
25857,GOF,0.03726969503268372,0.5276501816490027,0.4350801233183136
25858,GOF,0.020481835911068235,0.5602131206403472,0.41930504344858455
25859,GOF,0.009861171275280283,0.530189260018291,0.45994956870642867
25860,GOF,0.3535912361750399,0.5635856771199302,0.0828230867050299
25861,GOF,0.4243030680559986,0.5092077425488458,0.06648918939515543
25862,GOF,0.08898771402147103,0.785050310968645,0.12596197500988404
25863,GOF,0.08575412148043741,0.7829238782098198,0.1313220003097427
25864,GOF,0.1903275205657471,0.7409393556906948,0.06873312374355806
25865,GOF,0.08124978131524294,0.811372683041154,0.107377535643603
25866,GOF,0.058111278532447415,0.801916956138837,0.1399717653287157
25867,GOF,0.08225034007598508,0.8214311944671594,0.09631846545685556
25868,GOF,0.2534983506030551,0.6544753666451666,0.09202628275177828
25869,Neutral,0.7095760414991488,0.24765062955200587,0.0427733289488452
25870,GOF,0.2777671080989266,0.40953606765122835,0.31269682424984513
25871,GOF,0.20974145280142084,0.6627355206405164,0.1275230265580627
25872,GOF,0.07258915922759207,0.6684715521035429,0.25893928866886506
25873,GOF,0.10901931377446959,0.6995903764151199,0.1913903098104105
25874,LOF,0.013940199443151344,0.127765987192204,0.8582938133646446
25875,LOF,0.09576863615658214,0.046016574777698036,0.8582147890657198
25876,LOF,0.03427770988704959,0.03233121627485911,0.9333910738380914
25877,Neutral,0.49052330439233516,0.042954177185949044,0.46652251842171577
25878,LOF,0.20932490836479342,0.09609153284337736,0.6945835587918292
25879,LOF,0.08533821829393572,0.09054514103207406,0.8241166406739903
25880,LOF,0.04211471572846551,0.01709982529502406,0.9407854589765106
25881,LOF,0.1772772973801314,0.11720583120827106,0.7055168714115976
25882,LOF,0.06301257307460802,0.01782052855286356,0.9191668983725284
25883,LOF,0.06511760527276943,0.01954787902737152,0.9153345156998591
25884,LOF,0.03177588540708666,0.030545536864769116,0.9376785777281442
25885,LOF,0.057588317873186225,0.011419662490283849,0.9309920196365299
25886,LOF,0.26158050430013635,0.03953065353598969,0.6988888421638739
25887,LOF,0.1691539070335277,0.06639441336948704,0.7644516795969852
25888,LOF,0.0642863781471399,0.060357479276321895,0.8753561425765382
25889,LOF,0.038779603850384696,0.02128858481255611,0.9399318113370593
25890,LOF,0.04556450551606655,0.15111419316686153,0.8033213013170719
25891,LOF,0.04034766978729042,0.05205190166639778,0.9076004285463118
25892,LOF,0.08809989070209283,0.02088050783453729,0.8910196014633698
25893,LOF,0.2443501414562896,0.019440566625070845,0.7362092919186395
25894,LOF,0.18025532428430371,0.011381399548159327,0.808363276167537
25895,LOF,0.19158174816726306,0.02197482384610493,0.786443427986632
25896,LOF,0.05362149895915774,0.019867680072965386,0.9265108209678768
25897,LOF,0.26503824254622743,0.011679322627481845,0.7232824348262907
25898,Neutral,0.717732553613303,0.010376436296518115,0.27189101009017885
25899,LOF,0.22896391222688492,0.020012232852704474,0.7510238549204106
25900,LOF,0.4561649941451526,0.012281339042190888,0.5315536668126565
25901,LOF,0.056355892856795625,0.011018926698075127,0.9326251804451293
25902,LOF,0.15918897497126414,0.012704722771371552,0.8281063022573644
25903,Neutral,0.5665146014706022,0.02787007172658531,0.4056153268028125
25904,LOF,0.3190407633541301,0.03984677662867578,0.641112460017194
25905,LOF,0.027096890346328534,0.29578908869692583,0.6771140209567456
25906,LOF,0.03202013478523675,0.07207890317527559,0.8959009620394875
25907,LOF,0.015676965157887673,0.31466640886556063,0.6696566259765516
25908,LOF,0.01102587613827256,0.23763931157555884,0.7513348122861685
25909,LOF,0.01375940247519815,0.13224150277447314,0.8539990947503288
25910,LOF,0.051423852494382534,0.14123532554333965,0.8073408219622777
25911,LOF,0.17729989561251808,0.028241082227829093,0.7944590221596529
25912,LOF,0.050191990294849095,0.051365011910941664,0.8984429977942091
25913,LOF,0.3336968043651098,0.022075091071041386,0.6442281045638488
25914,LOF,0.01930279253661186,0.06429316249487199,0.9164040449685161
25915,Neutral,0.5784553625753812,0.15916925823935546,0.2623753791852634
25916,LOF,0.08549505983938224,0.19353640225970611,0.7209685379009118
25917,LOF,0.061381911971053325,0.04379348955284365,0.8948245984761031
25918,LOF,0.021155282310349705,0.04001416576857752,0.9388305519210728
25919,LOF,0.01848751596673133,0.041355069880818836,0.9401574141524499
25920,GOF,0.10660198069462797,0.5384933062637364,0.3549047130416357
25921,LOF,0.0241954736968226,0.04257500829167046,0.933229518011507
25922,LOF,0.03590399659144508,0.03074472556071587,0.9333512778478391
25923,LOF,0.46442222500814234,0.04159228676221299,0.49398548822964466
25924,LOF,0.038152361400454145,0.04827908627551687,0.913568552324029
25925,LOF,0.0734873143327375,0.04208944938466366,0.8844232362825989
25926,LOF,0.050839284452810836,0.040600270055270546,0.9085604454919187
25927,LOF,0.0637774621077905,0.15203428132098715,0.7841882565712224
25928,LOF,0.017562269845815024,0.05496235792442368,0.9274753722297614
25929,Neutral,0.583736087355391,0.04438719243736807,0.371876720207241
25930,LOF,0.07106309918768595,0.03704296849741202,0.891893932314902
25931,LOF,0.024179757375328154,0.03498608134446396,0.9408341612802078
25932,LOF,0.02759402153258953,0.029938294989675245,0.9424676834777352
25933,LOF,0.03897473869171535,0.021759859626321265,0.9392654016819634
25934,LOF,0.024943647810674898,0.023405333716483408,0.9516510184728417
25935,LOF,0.061199516127774974,0.055932861670618665,0.8828676222016063
25936,LOF,0.04581256664790085,0.025791861891920426,0.9283955714601788
25937,LOF,0.026986904497120524,0.037835487815740886,0.9351776076871386
25938,LOF,0.06261675970820002,0.05484787919338459,0.8825353610984155
25939,LOF,0.03980527220106231,0.02213132128518539,0.9380634065137524
25940,LOF,0.0282222321235427,0.34717216946925106,0.6246055984072063
25941,LOF,0.1788964223001831,0.10538307239023666,0.7157205053095802
25942,LOF,0.015109060668990105,0.03457309289874764,0.9503178464322622
25943,LOF,0.29299063026476885,0.051834616778416005,0.6551747529568152
25944,Neutral,0.4965297563863539,0.021405901378623228,0.48206434223502287
25945,LOF,0.07681168635197148,0.02388933822660594,0.8992989754214227
25946,LOF,0.029046754852486478,0.12045503971389813,0.8504982054336153
25947,LOF,0.10490823365879909,0.18486232946496678,0.7102294368762341
25948,LOF,0.3664965887461851,0.0074946877621821905,0.6260087234916326
25949,LOF,0.12738410487441418,0.03272208833775603,0.8398938067878298
25950,GOF,0.2799807360188726,0.3896257451469067,0.3303935188342209
25951,LOF,0.20566471322945776,0.2681291628071465,0.5262061239633957
25952,LOF,0.03680054352985748,0.44942750264166786,0.5137719538284747
25953,LOF,0.14166053831953493,0.10721510970575028,0.7511243519747147
25954,Neutral,0.43551064669030354,0.16908118809496697,0.3954081652147294
25955,LOF,0.0570744094930341,0.07631270120203677,0.8666128893049292
25956,LOF,0.1631958075340091,0.12422847847965325,0.7125757139863377
25957,LOF,0.037739846712419214,0.03519195208563988,0.9270682012019409
25958,LOF,0.05654976178424024,0.03180093887020757,0.9116492993455522
25959,LOF,0.06536631396408801,0.37189787914226735,0.5627358068936447
25960,LOF,0.016374695085572277,0.05404593914281751,0.9295793657716103
25961,LOF,0.041363416570258535,0.03154609377566159,0.9270904896540799
25962,LOF,0.05335417288523414,0.024385591597735363,0.9222602355170305
25963,LOF,0.05021813690488214,0.19849348220885552,0.7512883808862623
25964,LOF,0.03668373776298775,0.1357056842796919,0.8276105779573203
25965,LOF,0.4565860046823357,0.061351104758783234,0.48206289055888113
25966,Neutral,0.5348690404570886,0.15979666348061708,0.3053342960622943
25967,LOF,0.01813521494859144,0.09763037574590529,0.8842344093055033
25968,LOF,0.031915834668079845,0.4225804575078722,0.545503707824048
25969,LOF,0.03139114572843037,0.05907261677235355,0.909536237499216
25970,LOF,0.06098662360820696,0.0688460957145279,0.8701672806772651
25971,LOF,0.06251969218315899,0.020425514790733314,0.9170547930261077
25972,LOF,0.0704971454302568,0.02764972415546422,0.901853130414279
25973,LOF,0.07511817221020739,0.009569779969523679,0.9153120478202689
25974,LOF,0.1945904600940212,0.015911718015678148,0.7894978218903006
25975,LOF,0.043662897658724234,0.026096553759903787,0.930240548581372
25976,LOF,0.04469961853038225,0.015764580359822658,0.9395358011097952
25977,LOF,0.15519553043734394,0.08359060174698517,0.7612138678156709
25978,LOF,0.15053631093250433,0.07624566621410281,0.7732180228533928
25979,LOF,0.14123462540889867,0.07322244495188675,0.7855429296392147
25980,LOF,0.23874409214957618,0.09167590134661883,0.6695800065038049
25981,LOF,0.27533144672582854,0.08899240822081343,0.6356761450533581
25982,LOF,0.43358696782957706,0.059659756405966054,0.5067532757644568
25983,LOF,0.421804459293638,0.06614272902919038,0.5120528116771715
25984,LOF,0.04701871682393285,0.04376970631573389,0.9092115768603334
25985,LOF,0.03794187657897019,0.2750988584385271,0.6869592649825027
25986,LOF,0.04528345145362931,0.3055184158277222,0.6491981327186485
25987,LOF,0.09134590255040417,0.06577804431393791,0.8428760531356579
25988,LOF,0.15042510121142877,0.054602125425305834,0.7949727733632654
25989,LOF,0.03339499680191002,0.10510998573738525,0.8614950174607048
25990,LOF,0.04535218109636232,0.1315295225312257,0.8231182963724121
25991,LOF,0.12369953251790018,0.25196932472794686,0.624331142754153
25992,LOF,0.31836359931839076,0.14082412217859952,0.5408122785030097
25993,LOF,0.022572580807320605,0.06823740572182627,0.9091900134708532
25994,LOF,0.016215297958541378,0.09078215130675804,0.8930025507347005
25995,LOF,0.023631173064871284,0.18261587977055183,0.793752947164577
25996,GOF,0.307012537363953,0.41442172730564647,0.27856573533040063
25997,LOF,0.07286462576027465,0.3899930967164976,0.5371422775232277
25998,Neutral,0.5211284432510705,0.02711302177649563,0.45175853497243385
25999,LOF,0.11635462400872883,0.0845517440992888,0.7990936318919823
26000,LOF,0.14405785527236895,0.04976449916107943,0.8061776455665517
26001,LOF,0.20255189945573943,0.047731191262375294,0.7497169092818853
26002,LOF,0.13185862142932622,0.04921709877421242,0.8189242797964614
26003,GOF,0.010574813908145998,0.5486144803266795,0.44081070576517445
26004,GOF,0.01947309060392463,0.6562438816016744,0.32428302779440116
26005,LOF,0.006700327315245784,0.4399097873259286,0.5533898853588256
26006,Neutral,0.5011946602910943,0.2403047806481618,0.2585005590607439
26007,GOF,0.02073595498845242,0.5002427411468987,0.47902130386464886
26008,GOF,0.01571526412121389,0.5641543928910334,0.42013034298775265
26009,GOF,0.019631642066089004,0.646913807464176,0.33345455046973493
26010,GOF,0.020349632885718016,0.6135449157009811,0.36610545141330086
26011,LOF,0.006538290095018137,0.4063359927402503,0.5871257171647316
26012,GOF,0.01279323165822938,0.49848403498516164,0.48872273335660893
26013,GOF,0.01897856633143954,0.5875361704844134,0.3934852631841471
26014,LOF,0.041593739051440606,0.09776732758471877,0.8606389333638407
26015,LOF,0.17543547019921402,0.016153083845638853,0.808411445955147
26016,LOF,0.19416322581969603,0.06846873746293916,0.7373680367173648
26017,LOF,0.21944157556682056,0.10398069086085045,0.6765777335723289
26018,LOF,0.0834208034103359,0.04063163424739505,0.8759475623422691
26019,LOF,0.0794330500989844,0.03318473465367319,0.8873822152473424
26020,LOF,0.06422878516861777,0.12563223544906382,0.8101389793823184
26021,LOF,0.04145688844192206,0.11827589907997167,0.8402672124781063
26022,LOF,0.010259924972259997,0.04777766605741914,0.9419624089703208
26023,LOF,0.06542934444684545,0.02731595543933351,0.907254700113821
26024,LOF,0.02975621510294209,0.12752616505906228,0.8427176198379956
26025,LOF,0.16834899398591907,0.09670666038580081,0.7349443456282803
26026,LOF,0.33272831563536953,0.03103586602887141,0.636235818335759
26027,LOF,0.06299131792914577,0.020860690975526116,0.9161479910953281
26028,LOF,0.1683448523640525,0.06892119502502365,0.7627339526109239
26029,LOF,0.07486774761743845,0.18709266853114176,0.7380395838514198
26030,LOF,0.02230330836768136,0.04929083101444316,0.9284058606178756
26031,LOF,0.026954495054053097,0.13798810294768013,0.8350574019982667
26032,LOF,0.06691626294280469,0.0830334372982801,0.8500502997589153
26033,LOF,0.08176557585246123,0.08432438330317947,0.8339100408443594
26034,LOF,0.04421436946370399,0.16519386913789036,0.7905917613984058
26035,LOF,0.025272180072008772,0.15345161293937915,0.821276206988612
26036,LOF,0.03882852083687845,0.17618518771777816,0.7849862914453433
26037,LOF,0.021567516437035174,0.128794244699641,0.8496382388633238
26038,LOF,0.06229676187410503,0.08477584627906555,0.8529273918468293
26039,LOF,0.05200627911904724,0.1587868609046997,0.7892068599762531
26040,LOF,0.2068583701678226,0.1251908499662751,0.6679507798659023
26041,LOF,0.02235769309200296,0.11675132548752973,0.8608909814204674
26042,LOF,0.02061865073675987,0.11004004550280111,0.869341303760439
26043,LOF,0.06261256613573611,0.097205659102852,0.8401817747614119
26044,LOF,0.019261196418742892,0.06599626166507945,0.9147425419161775
26045,LOF,0.08176306877070527,0.10664598433393431,0.8115909468953604
26046,LOF,0.05800850484818247,0.07980688067308597,0.8621846144787315
26047,LOF,0.07728174718175512,0.08235519899726995,0.840363053820975
26048,LOF,0.05014948576839258,0.03941580624042827,0.9104347079911792
26049,Neutral,0.9681255624429609,0.00680084104374528,0.02507359651329383
26050,Neutral,0.9514238988720523,0.00893684299428917,0.039639258133658505
26051,LOF,0.04850849632774552,0.2832232669383265,0.668268236733928
26052,LOF,0.06722318961664299,0.31284578463419976,0.6199310257491573
26053,LOF,0.051236595794567075,0.14227762642151617,0.8064857777839167
26054,LOF,0.05389017352748073,0.017024828504404524,0.9290849979681147
26055,LOF,0.0763059418153211,0.014671726943334164,0.9090223312413447
26056,LOF,0.06393043813938729,0.016475993921425014,0.9195935679391877
26057,LOF,0.030078386925785405,0.012248580791919487,0.9576730322822951
26058,LOF,0.031191422509746467,0.009806650711063788,0.9590019267791896
26059,LOF,0.28997222589811805,0.021708513833034782,0.6883192602688472
26060,LOF,0.040309556567489066,0.16000999020935913,0.7996804532231518
26061,LOF,0.020618312413107874,0.010312587571591444,0.9690691000153007
26062,LOF,0.010952257789653183,0.017104076743281692,0.9719436654670651
26063,LOF,0.020613855682783743,0.010779178698133086,0.9686069656190831
26064,LOF,0.023524789172375483,0.01914001465870535,0.9573351961689193
26065,LOF,0.025893044747993508,0.011052275492120983,0.9630546797598855
26066,LOF,0.0209202219121346,0.010795896162577838,0.9682838819252876
26067,LOF,0.026814858424621564,0.00826988681603046,0.964915254759348
26068,LOF,0.04633313136862053,0.027060944424913125,0.9266059242064664
26069,LOF,0.2724832455444579,0.017267887944500685,0.7102488665110415
26070,LOF,0.4333801839802069,0.01416104852126012,0.552458767498533
26071,LOF,0.019350556011868372,0.012193579655621838,0.9684558643325097
26072,LOF,0.023175835388824558,0.014736718013792848,0.9620874465973827
26073,LOF,0.020091202754878853,0.009817952792721133,0.9700908444524
26074,Neutral,0.9129880340421315,0.005526298770845203,0.08148566718702331
26075,LOF,0.048876254877815904,0.014061107283244133,0.93706263783894
26076,LOF,0.03963921552646349,0.008931164717181752,0.9514296197563546
26077,LOF,0.010757583514725055,0.014493236652487968,0.9747491798327869
26078,LOF,0.014893141757186649,0.0113187552652356,0.9737881029775777
26079,LOF,0.0652512608844194,0.01604582771494245,0.9187029114006381
26080,LOF,0.06403910857013984,0.016063994659998995,0.9198968967698612
26081,LOF,0.03398630730269404,0.005980446400702863,0.9600332462966031
26082,LOF,0.014010348460851347,0.014999175439400015,0.9709904760997486
26083,LOF,0.19273410270623967,0.013345597024217495,0.7939203002695427
26084,LOF,0.04374594845195826,0.010976535530616864,0.9452775160174248
26085,LOF,0.03950869884365224,0.010543846642793281,0.9499474545135543
26086,LOF,0.02066246532449668,0.01083208409032273,0.9685054505851806
26087,LOF,0.025368985966154493,0.00767127927526623,0.9669597347585793
26088,LOF,0.017560582394070882,0.02017358608417308,0.962265831521756
26089,LOF,0.043662913306657315,0.020630317443972215,0.9357067692493706
26090,LOF,0.04312195412320702,0.016806407571773947,0.940071638305019
26091,LOF,0.03430517970580321,0.006109905493313731,0.9595849148008829
26092,LOF,0.02210556068011451,0.00755653060765805,0.9703379087122275
26093,LOF,0.03573523713596688,0.005426728375205236,0.958838034488828
26094,LOF,0.03597430517926445,0.005654777725265402,0.9583709170954702
26095,LOF,0.042950541836054096,0.012167998690601603,0.9448814594733442
26096,LOF,0.019219851160882016,0.011214128743047534,0.9695660200960704
26097,LOF,0.012529948940931871,0.03136285152465626,0.9561071995344118
26098,LOF,0.08968684708713655,0.010663425639622165,0.8996497272732413
26099,LOF,0.021377761519732433,0.011782311044837923,0.9668399274354297
26100,LOF,0.023908931485039732,0.011339065232510631,0.9647520032824496
26101,LOF,0.05078166752206077,0.01503034765651251,0.9341879848214268
26102,LOF,0.020429901157621867,0.012392961103422315,0.9671771377389559
26103,Neutral,0.8816083819808529,0.01797092593304588,0.10042069208610126
26104,LOF,0.08555837991669782,0.02284739908098218,0.89159422100232
26105,LOF,0.22107474082499703,0.24314356081151972,0.5357816983634833
26106,LOF,0.19994480339884085,0.09987129447575518,0.7001839021254039
26107,LOF,0.240051270949841,0.06913691515645896,0.6908118138936999
26108,LOF,0.27441387758110064,0.08837260974451702,0.6372135126743824
26109,LOF,0.09762739386842477,0.05128902479660026,0.851083581334975
26110,LOF,0.22901599987438517,0.007778386098087655,0.7632056140275271
26111,Neutral,0.4893405980850447,0.028444530616370232,0.482214871298585
26112,LOF,0.0318692038009425,0.00824622399862703,0.9598845722004304
26113,LOF,0.06696336532780464,0.017938792423168586,0.9150978422490268
26114,LOF,0.025185475978120448,0.029986166419843002,0.9448283576020365
26115,LOF,0.0852023094482397,0.05621090409285821,0.858586786458902
26116,LOF,0.06824762890569314,0.06331688784081328,0.8684354832534936
26117,LOF,0.453187451311356,0.0453284134117914,0.5014841352768525
26118,LOF,0.03130098872379202,0.028530364142889626,0.9401686471333183
26119,LOF,0.023509158839367102,0.0415747813185949,0.9349160598420381
26120,LOF,0.026059140216328946,0.021843964663351,0.9520968951203201
26121,LOF,0.04362966655961715,0.09439047232045522,0.8619798611199276
26122,LOF,0.04303471889528458,0.044202909029455284,0.9127623720752601
