feature0,prediction,LoGoFunc_Neutral,LoGoFunc_GOF,LoGoFunc_LOF
25546,Neutral,0.5172036877046934,0.23520226092344337,0.24759405137186316
25547,Neutral,0.43182915578692516,0.2585171898198642,0.3096536543932106
25548,LOF,0.31291845614582753,0.2560675656506273,0.43101397820354515
25549,LOF,0.3027472474030841,0.26468248336753664,0.4325702692293793
25550,LOF,0.27801316670009313,0.28580792128468013,0.4361789120152268
25551,LOF,0.21725997804590685,0.2979486972354026,0.48479132471869046
25552,LOF,0.18634360495637017,0.26518794605703855,0.5484684489865913
25553,Neutral,0.7011664716948909,0.1390134294270174,0.1598200988780918
25554,LOF,0.25672915788507505,0.2140990305514264,0.5291718115634986
25555,LOF,0.1797462374637275,0.24349099289895917,0.5767627696373133
25556,LOF,0.31178490053355395,0.19131613585876114,0.4968989636076849
25557,LOF,0.193279597146524,0.23584351886252017,0.5708768839909558
25558,LOF,0.23578806085905993,0.31427597126688467,0.4499359678740554
25559,LOF,0.3260552125506822,0.06304466818795473,0.6109001192613631
25560,LOF,0.04195169685067233,0.3157090046513183,0.6423392984980094
25561,LOF,0.02837595769246154,0.34388654774931776,0.6277374945582207
25562,LOF,0.03076695607929886,0.1513653096786639,0.8178677342420372
25563,LOF,0.007337437304723713,0.2124587164907578,0.7802038462045185
25564,LOF,0.06504255403624154,0.0572898418488806,0.8776676041148778
25565,LOF,0.15953729620476859,0.1573990076735912,0.6830636961216402
25566,GOF,0.043931625580267517,0.6382616067281278,0.31780676769160465
25567,LOF,0.031828377388606735,0.020826380925923756,0.9473452416854696
25568,LOF,0.037037246807247695,0.0324994349586715,0.9304633182340807
25569,LOF,0.055434781876291486,0.02789962585489694,0.9166655922688115
25570,LOF,0.06796588069219159,0.03255630290772152,0.899477816400087
25571,LOF,0.06445573270336702,0.02868151637940751,0.9068627509172256
25572,LOF,0.0955775356855714,0.01765993782070476,0.8867625264937238
25573,LOF,0.0779699897598275,0.05023185524354721,0.8717981549966254
25574,LOF,0.17522955102955676,0.10539978091654172,0.7193706680539015
25575,LOF,0.06956353783621275,0.03400771231523669,0.8964287498485505
25576,LOF,0.039104247205483736,0.026854730586214993,0.9340410222083013
25577,LOF,0.050077312256151724,0.01841714499546118,0.9315055427483871
25578,LOF,0.2744156963499987,0.06962456872808306,0.6559597349219182
25579,LOF,0.26764883871469675,0.0667443687731388,0.6656067925121644
25580,LOF,0.06646319044918388,0.027939333980694002,0.9055974755701222
25581,LOF,0.035466962317527786,0.06179280736061168,0.9027402303218606
25582,LOF,0.035466962317527786,0.06179280736061168,0.9027402303218606
25583,LOF,0.06393365949773062,0.03291516030829122,0.9031511801939781
25584,Neutral,0.7372645250364948,0.010769529147239151,0.2519659458162662
25585,LOF,0.04516760441817914,0.03559275184024222,0.9192396437415787
25586,LOF,0.06589456694302731,0.025930363368457394,0.9081750696885154
25587,LOF,0.062487393600292825,0.029561590264786854,0.9079510161349205
25588,LOF,0.060800119745083425,0.023510793931805336,0.9156890863231113
25589,Neutral,0.7250002283292135,0.03379367793955074,0.24120609373123567
25590,LOF,0.07874543044673264,0.027855859964909357,0.893398709588358
25591,LOF,0.09612090894164803,0.018040330853164047,0.885838760205188
25592,LOF,0.19801385537244923,0.07667889393217422,0.7253072506953765
25593,LOF,0.26399211030015857,0.19815208211063756,0.5378558075892038
25594,LOF,0.024494720320184255,0.061324479689608635,0.9141807999902071
25595,LOF,0.031027659777152487,0.05246645015835459,0.9165058900644928
25596,LOF,0.14034895475613962,0.024787668375634196,0.8348633768682262
25597,LOF,0.14451343697950478,0.01479985855459339,0.8406867044659019
25598,LOF,0.034901007127802024,0.05512854006492913,0.909970452807269
25599,GOF,0.020410098536866674,0.6582150813431632,0.3213748201199701
25600,GOF,0.1184426346050871,0.6096242820532471,0.2719330833416657
25601,LOF,0.050594344252365135,0.30131770046667744,0.6480879552809573
25602,LOF,0.11832886591061129,0.019374838687758796,0.86229629540163
25603,LOF,0.07351117036464666,0.03222365313715114,0.8942651764982021
25604,LOF,0.10643587116107246,0.11401954921381352,0.779544579625114
25605,LOF,0.21365915466384788,0.059400525831823404,0.7269403195043286
25606,Neutral,0.6029611969543098,0.04932412588090558,0.34771467716478455
25607,LOF,0.061072798592850044,0.07320168981842347,0.8657255115887265
25608,LOF,0.04531131443430821,0.12769393365272502,0.8269947519129668
25609,GOF,0.08518990487022048,0.6688069392171235,0.246003155912656
25610,LOF,0.029497161840396552,0.07180312856528566,0.8986997095943179
25611,LOF,0.030473101930781347,0.07017476591640215,0.8993521321528165
25612,LOF,0.04698657517534377,0.07105618759117892,0.8819572372334772
25613,LOF,0.04032782466128384,0.07752873469376215,0.8821434406449541
25614,LOF,0.03856874219610972,0.11911136512713587,0.8423198926767544
25615,LOF,0.06303474528984811,0.13136529794024998,0.8055999567699019
25616,LOF,0.027830326249681653,0.10333347080201256,0.8688362029483058
25617,LOF,0.02650873553772114,0.12018594543268127,0.8533053190295975
25618,LOF,0.16642380789389452,0.4126289818258334,0.42094721028027204
25619,LOF,0.03375376452912869,0.2365799884822791,0.7296662469885922
25620,LOF,0.02776791848919129,0.11117957236564897,0.8610525091451599
25621,LOF,0.08507087015563125,0.09823805304068996,0.8166910768036789
25622,LOF,0.06687471097699255,0.11590352630405173,0.8172217627189557
25623,LOF,0.08657820358931133,0.08420661410255575,0.829215182308133
25624,LOF,0.03400437468634036,0.17286860601236048,0.7931270193012991
25625,LOF,0.05894620810506636,0.09982620254584917,0.8412275893490845
25626,LOF,0.0325841458780144,0.07602463960524283,0.8913912145167427
25627,Neutral,0.8314461378221122,0.04465194397454452,0.12390191820334343
25628,LOF,0.13905424457579796,0.11078909808950235,0.7501566573346996
25629,LOF,0.028298528517885193,0.13214607699979,0.8395553944823247
25630,LOF,0.3467280813865702,0.06638742861046827,0.5868844900029615
25631,LOF,0.37189248166303407,0.099264268127913,0.5288432502090529
25632,LOF,0.025434371480248658,0.07604763506888383,0.8985179934508675
25633,LOF,0.15519154197435356,0.09081168427796708,0.7539967737476794
25634,LOF,0.04238321583253262,0.0456219781884538,0.9119948059790136
25635,LOF,0.04239840427035373,0.05732802246620992,0.9002735732634364
25636,GOF,0.022228986539355424,0.5770213552538124,0.40074965820683217
25637,GOF,0.01970472522486634,0.5245911232763092,0.45570415149882443
25638,GOF,0.00988894011871502,0.6057094821389228,0.38440157774236217
25639,LOF,0.02789555636799431,0.425387281653828,0.5467171619781777
25640,Neutral,0.807108666073181,0.1533509836720106,0.03954035025480846
25641,LOF,0.06360124794225182,0.45225305501850216,0.484145697039246
25642,LOF,0.047761334700373116,0.3433778337393451,0.6088608315602818
25643,GOF,0.3330636977339308,0.38162268299534735,0.28531361927072196
25644,LOF,0.016465449349142906,0.2555592541799744,0.7279752964708828
25645,LOF,0.013743917636725726,0.22661187286172196,0.7596442095015523
25646,LOF,0.02822479835005945,0.15228248059405042,0.8194927210558901
25647,LOF,0.016672437532299657,0.10150240867537388,0.8818251537923265
25648,LOF,0.019171323068714247,0.17247211263865395,0.8083565642926318
25649,LOF,0.01287976705788279,0.07588088974736693,0.9112393431947503
25650,LOF,0.058830124518451,0.18244695403841818,0.7587229214431308
25651,LOF,0.01735105751489617,0.10381831114803523,0.8788306313370685
25652,LOF,0.01210788877227823,0.23710362991949266,0.7507884813082291
25653,LOF,0.0381099427309459,0.27443240937466623,0.6874576478943878
25654,LOF,0.010085059935515056,0.2524584461313799,0.7374564939331051
25655,LOF,0.08710122345572786,0.3160951643619126,0.5968036121823596
25656,LOF,0.1113058322724158,0.2776967578220007,0.6109974099055835
25657,LOF,0.03760846255618805,0.4088760347846857,0.5535155026591263
25658,GOF,0.10539890873851111,0.5204061442705608,0.37419494699092815
25659,GOF,0.22730421623823074,0.5851189932587834,0.1875767905029859
25660,LOF,0.039679340213462665,0.23953195950590306,0.7207887002806342
25661,LOF,0.030721210614823413,0.25569860861809923,0.7135801807670773
25662,LOF,0.027111610553748826,0.08964131753857262,0.8832470719076785
25663,LOF,0.03085806309317088,0.06357545301057942,0.9055664838962497
25664,LOF,0.07066131899529086,0.17668052514935154,0.7526581558553577
25665,LOF,0.032424527632187346,0.06464356960177249,0.9029319027660402
25666,LOF,0.06583678377161316,0.10943883536127284,0.824724380867114
25667,LOF,0.02860683122236297,0.12776335059574587,0.8436298181818912
25668,LOF,0.031678467976443206,0.14698769574512208,0.8213338362784347
25669,LOF,0.026088819652203277,0.15891174757918983,0.814999432768607
25670,LOF,0.12996419846528218,0.09257590934762097,0.7774598921870968
25671,LOF,0.033022565809105786,0.05724355608262931,0.9097338781082649
25672,LOF,0.0239196489215059,0.10724867060709899,0.868831680471395
25673,LOF,0.07321398091486786,0.0947383032601989,0.8320477158249332
25674,LOF,0.06397775105301831,0.09103011224125344,0.8449921367057281
25675,LOF,0.06462849571627795,0.08698910256467297,0.848382401719049
25676,LOF,0.02749187338577611,0.09153568069170645,0.8809724459225174
25677,LOF,0.035429674624287644,0.16435024615511276,0.8002200792205996
25678,LOF,0.0862090824613356,0.11148816202131204,0.8023027555173524
25679,LOF,0.11816221028906544,0.11642526577752078,0.7654125239334137
25680,LOF,0.04557584005573323,0.20469500330789775,0.749729156636369
25681,LOF,0.04478402467208884,0.21859285532488407,0.7366231200030272
25682,LOF,0.030384414911972402,0.11895781532548383,0.8506577697625437
25683,LOF,0.10654286443671171,0.046176068290365975,0.8472810672729223
25684,LOF,0.028956647756802015,0.12563582515735872,0.8454075270858392
25685,GOF,0.03820599538702697,0.493491371888037,0.468302632724936
25686,LOF,0.027807744540674896,0.43097635078257474,0.5412159046767504
25687,GOF,0.04150140461611798,0.5991730832939033,0.35932551208997887
25688,LOF,0.3810825084361535,0.05097215159575625,0.5679453399680902
25689,LOF,0.1876965943734415,0.048041385022039335,0.7642620206045191
25690,LOF,0.2604281386375213,0.07378226535314952,0.6657895960093292
25691,Neutral,0.67248915282557,0.07505586968160044,0.2524549774928297
25692,LOF,0.2003140263149222,0.011560256391021847,0.7881257172940559
25693,GOF,0.06753255856799996,0.6814861066446759,0.2509813347873241
25694,LOF,0.13421525271681684,0.030253796771822113,0.8355309505113611
25695,LOF,0.11107788714842726,0.018857501821820083,0.8700646110297526
25696,LOF,0.11906133927593564,0.04132124013389205,0.8396174205901723
25697,LOF,0.06967984129956402,0.16154233946496938,0.7687778192354666
25698,LOF,0.20137467976563664,0.2483333478388943,0.550291972395469
25699,GOF,0.2500024543205191,0.45557798156897816,0.29441956411050274
25700,LOF,0.04681665135825985,0.06735535843724945,0.8858279902044907
25701,LOF,0.17219864503260024,0.22909410613675632,0.5987072488306434
25702,GOF,0.22631422395160591,0.6777408722669717,0.09594490378142244
25703,LOF,0.028634362621308234,0.4000465946182565,0.5713190427604352
25704,LOF,0.03461842855751959,0.38652569810026427,0.5788558733422161
25705,LOF,0.030527197921519443,0.4200553896064049,0.5494174124720757
25706,GOF,0.09005987858450175,0.7368301181930401,0.17311000322245798
25707,GOF,0.08000134017316514,0.6469591594044809,0.2730395004223539
25708,GOF,0.030468196032022225,0.5840974661457774,0.3854343378222004
25709,LOF,0.022910420901341634,0.38985052914971585,0.5872390499489424
25710,LOF,0.015356698755719598,0.2355261303841671,0.7491171708601132
25711,LOF,0.023869828782886255,0.41249359500740523,0.5636365762097086
25712,LOF,0.016671565127805175,0.32467374215988093,0.6586546927123138
25713,LOF,0.02479128134064671,0.41001373582525047,0.5651949828341027
25714,LOF,0.030384802548947334,0.4079364889731553,0.5616787084778974
25715,LOF,0.02541492434608814,0.4362085636407094,0.5383765120132024
25716,LOF,0.01654707348617467,0.14738747551195228,0.836065451001873
25717,LOF,0.014677965113847384,0.1654417906640515,0.8198802442221012
25718,LOF,0.020467904934718267,0.25528259871657316,0.7242494963487086
25719,LOF,0.023109398401222645,0.4216292887452433,0.5552613128535341
25720,LOF,0.026723786080264694,0.3281952829979981,0.6450809309217371
25721,LOF,0.023101296119177835,0.395710057510949,0.5811886463698731
25722,LOF,0.02325511982740786,0.39131355099701837,0.5854313291755738
25723,LOF,0.023259927739457637,0.4260214544036906,0.5507186178568518
25724,GOF,0.049802718734369665,0.4856898734237053,0.46450740784192496
25725,LOF,0.02295015912892566,0.40309302597899643,0.573956814892078
25726,LOF,0.022697825360160684,0.43087946458641385,0.5464227100534255
25727,LOF,0.022863463830191954,0.4323658281565114,0.5447707080132966
25728,LOF,0.022574027610993575,0.43319500677087985,0.5442309656181267
25729,LOF,0.022550601997622006,0.43081939489112503,0.546630003111253
25730,LOF,0.022864236405942786,0.4289506617994667,0.5481851017945905
25731,LOF,0.015513332584387956,0.20548097832097661,0.7790056890946353
25732,LOF,0.02216737459526691,0.21007690998802422,0.7677557154167088
25733,LOF,0.019855706224648773,0.2411666865634642,0.738977607211887
25734,LOF,0.017584443544241483,0.27013317604973236,0.7122823804060261
25735,LOF,0.020435456231921254,0.26607108404901336,0.7134934597190654
25736,LOF,0.019586284276416864,0.2641060370688076,0.7163076786547755
25737,LOF,0.022963103177843038,0.4077126105450105,0.5693242862771465
25738,LOF,0.02298287282588265,0.4174042728932167,0.5596128542809007
25739,LOF,0.023213904700397567,0.40942755124044417,0.5673585440591582
25740,LOF,0.03117872847000507,0.3642718393262041,0.6045494322037909
25741,LOF,0.02996499506650992,0.3822374754578835,0.5877975294756067
25742,LOF,0.03290640587792073,0.3512890019115247,0.6158045922105546
25743,LOF,0.034434386325422645,0.03861768414737804,0.9269479295271993
25744,Neutral,0.5569780562194074,0.16842326489070206,0.2745986788898905
25745,LOF,0.03583373540094816,0.09676067343271184,0.86740559116634
25746,LOF,0.021612252631188537,0.1387701246445328,0.8396176227242786
25747,LOF,0.026664112840192954,0.09466692124447329,0.8786689659153337
25748,LOF,0.1679316740019722,0.10536935580624417,0.7266989701917836
25749,LOF,0.02368266775381588,0.129147899294936,0.8471694329512481
25750,LOF,0.02429341009818485,0.11717083536208692,0.8585357545397282
25751,LOF,0.033807070447601235,0.3475054223188401,0.6186875072335586
25752,GOF,0.048021397289941016,0.6907943482246529,0.2611842544854061
25753,LOF,0.012849193528702974,0.46339275647207395,0.523758049999223
25754,GOF,0.01998678820049911,0.7726305487744785,0.20738266302502248
25755,LOF,0.02194044113103428,0.3718719568499419,0.6061876020190238
25756,LOF,0.03009086419594038,0.4836403287716821,0.4862688070323775
25757,GOF,0.014972980104568287,0.7846929280068958,0.20033409188853601
25758,GOF,0.024059439051032264,0.805358630565534,0.17058193038343358
25759,GOF,0.015134979895610495,0.7020330710274043,0.28283194907698533
25760,LOF,0.018884855084095924,0.40817202895585075,0.5729431159600533
25761,GOF,0.19917363319897358,0.7202092711781318,0.08061709562289461
25762,LOF,0.0334907639768645,0.4353743808224445,0.531134855200691
25763,LOF,0.02240603813192947,0.34898697443479076,0.6286069874332797
25764,GOF,0.06566846501063792,0.7914400726389548,0.1428914623504073
25765,GOF,0.019047882485296246,0.8090676113621583,0.17188450615254536
25766,GOF,0.06498670675122226,0.8061570596566473,0.1288562335921304
25767,GOF,0.05756697547620987,0.856424562935579,0.08600846158821134
25768,LOF,0.04016238433273897,0.23092291344613378,0.7289147022211273
25769,LOF,0.023245106989619596,0.2616890293767154,0.715065863633665
25770,LOF,0.3133269033044546,0.10631595920437578,0.5803571374911697
25771,LOF,0.07098109263907917,0.03279599865194633,0.8962229087089745
25772,LOF,0.02772982979081197,0.15107866187940508,0.821191508329783
25773,LOF,0.07156136129096921,0.053407526181161784,0.875031112527869
25774,LOF,0.01930814234283537,0.18071353975515975,0.7999783179020049
25775,LOF,0.08321485259333306,0.031103214864929923,0.8856819325417371
25776,LOF,0.03377906600423344,0.09127573496988292,0.8749451990258836
25777,LOF,0.3097933099175783,0.0682255358675915,0.6219811542148302
25778,LOF,0.026304737968301635,0.20388633632417685,0.7698089257075215
25779,GOF,0.33967229000766375,0.5970836142698231,0.06324409572251322
25780,GOF,0.39498994821322175,0.4543469027322876,0.1506631490544907
25781,GOF,0.12136373805057121,0.7334392815396502,0.1451969804097785
25782,GOF,0.1505211196977288,0.7461658385696385,0.10331304173263278
25783,GOF,0.028185013113405336,0.7599541133896436,0.21186087349695115
25784,Neutral,0.5618159051961218,0.38666319674401833,0.05152089805985989
25785,Neutral,0.5909148458082042,0.2973811444759848,0.11170400971581103
25786,GOF,0.019738961800356225,0.7964231688594635,0.1838378693401803
25787,Neutral,0.8329525762440955,0.1190926030233948,0.04795482073250986
25788,LOF,0.029049843798520575,0.052332540626740434,0.918617615574739
25789,GOF,0.15880994917622093,0.6776365661639616,0.16355348465981753
25790,GOF,0.13926054713377117,0.6693517604845901,0.19138769238163875
25791,GOF,0.11274860082036939,0.5386136318692754,0.34863776731035523
25792,GOF,0.347032398861327,0.39384979368553646,0.25911780745313645
25793,GOF,0.34154711788631126,0.5563552276276138,0.10209765448607494
25794,GOF,0.217709104414781,0.4688516526551342,0.3134392429300847
25795,GOF,0.05880481253829653,0.6797596927368883,0.26143549472481525
25796,Neutral,0.4090595215979109,0.35697994446506925,0.23396053393701974
25797,GOF,0.08194964879196978,0.5492360085659603,0.36881434264206997
25798,GOF,0.015641740804034847,0.5444465980639268,0.4399116611320384
25799,GOF,0.013787842401457655,0.5094682939417949,0.4767438636567474
25800,GOF,0.049190557696424164,0.7174390268581214,0.23337041544545442
25801,GOF,0.2129282291535451,0.6418587334975896,0.14521303734886531
25802,GOF,0.07342907658191863,0.6232210640289,0.30334985938918124
25803,GOF,0.07575120710985518,0.6578751813121246,0.2663736115780203
25804,GOF,0.04103162796915317,0.6333003246429428,0.32566804738790417
25805,GOF,0.09823623545006842,0.7283000524799029,0.17346371207002864
25806,GOF,0.11365513615274689,0.6417003761598603,0.24464448768739272
25807,GOF,0.019266401213910128,0.655743905631223,0.3249896931548669
25808,GOF,0.0780566678266039,0.6718530697140351,0.25009026245936095
25809,GOF,0.017488222204603464,0.521562977185572,0.4609488006098245
25810,GOF,0.019346995218763603,0.5806982379874066,0.39995476679382985
25811,Neutral,0.5045589226375363,0.41659251977380646,0.07884855758865725
25812,GOF,0.0757186890585551,0.47174848853230683,0.45253282240913806
25813,Neutral,0.6910129979016544,0.13560813149552858,0.17337887060281695
25814,GOF,0.2123871010085502,0.546506286244638,0.24110661274681186
25815,GOF,0.29244796572511905,0.5396434452495129,0.16790858902536795
25816,GOF,0.036396870799706195,0.7722954582385989,0.191307670961695
25817,GOF,0.1573190607010767,0.6546655743634489,0.18801536493547444
25818,GOF,0.067009728732508,0.5983412249175911,0.3346490463499009
25819,GOF,0.28496603940167464,0.5258949931799087,0.1891389674184166
25820,GOF,0.15322383791063557,0.5967511738048695,0.2500249882844948
25821,GOF,0.05140099776650502,0.6602102438347939,0.28838875839870093
25822,GOF,0.20221184244593796,0.5826347946807348,0.21515336287332743
25823,GOF,0.04649341807676263,0.6525672333399126,0.3009393485833248
25824,GOF,0.09747318718157982,0.5294881128859984,0.37303869993242184
25825,GOF,0.03930736615741661,0.5338997233934561,0.4267929104491272
25826,GOF,0.013988599379240319,0.6439757651600949,0.34203563546066473
25827,GOF,0.024313523913581638,0.7247736734401307,0.2509128026462878
25828,GOF,0.017654546506827674,0.7140985686791618,0.2682468848140106
25829,GOF,0.010438786561787686,0.5705969491932295,0.41896426424498273
25830,LOF,0.07278503671368053,0.09089868179845492,0.8363162814878644
25831,GOF,0.11934257753670036,0.7840360788399823,0.09662134362331741
25832,GOF,0.04129876952833383,0.7368160711328592,0.22188515933880698
25833,GOF,0.14235963613688146,0.7045843128017049,0.15305605106141365
25834,GOF,0.05301752140468647,0.748184697432517,0.19879778116279642
25835,GOF,0.12289313187334071,0.7153327926408751,0.1617740754857841
25836,GOF,0.05310853981988268,0.7188829822972445,0.22800847788287293
25837,GOF,0.030546782223768748,0.6429834880428167,0.3264697297334147
25838,GOF,0.13100304041510533,0.707036978164171,0.16195998142072376
25839,GOF,0.3257806743748067,0.5362421967088608,0.1379771289163326
25840,GOF,0.15872158299271702,0.6961764314435128,0.14510198556377005
25841,GOF,0.18214601362013147,0.668301477474659,0.1495525089052096
25842,GOF,0.33329557530721615,0.4814192832366058,0.18528514145617794
25843,GOF,0.2628978809943874,0.5937516028011836,0.1433505162044291
25844,GOF,0.12277167490507906,0.5238538612783418,0.3533744638165792
25845,GOF,0.03034256507886321,0.6096836952725485,0.35997373964858825
25846,GOF,0.09294173221473194,0.7587576498574568,0.14830061792781127
25847,GOF,0.14503233923579734,0.701206057362281,0.1537616034019215
25848,GOF,0.07855063696955879,0.7048060871821816,0.21664327584825968
25849,GOF,0.015332157575423373,0.6491926829219729,0.3354751595026038
25850,GOF,0.025837381723252357,0.7419082165642371,0.23225440171251052
25851,GOF,0.018613070644607915,0.657338393779549,0.32404853557584307
25852,GOF,0.115765936992166,0.6135484852231436,0.2706855777846904
25853,GOF,0.30660155642615955,0.556818251153113,0.1365801924207275
25854,GOF,0.015299197242300222,0.6920342964362267,0.29266650632147306
25855,GOF,0.04911279092093255,0.5037939342533,0.44709327482576744
25856,GOF,0.27453845546609384,0.48221298330337603,0.24324856123053015
25857,GOF,0.052807987034415416,0.6072633594435406,0.339928653522044
25858,GOF,0.028037352980993302,0.760464987880118,0.2114976591388888
25859,GOF,0.01446780975174161,0.7239146668230347,0.26161752342522365
25860,GOF,0.3393673472638528,0.5071589395514325,0.1534737131847146
25861,GOF,0.19506436572228897,0.728975926445985,0.07595970783172605
25862,GOF,0.12958013164450186,0.7435368080184394,0.12688306033705876
25863,GOF,0.13891883237558045,0.7322122078409866,0.12886895978343305
25864,GOF,0.21390854863465922,0.6886492065777872,0.09744224478755353
25865,GOF,0.08536778727183328,0.8113035557859262,0.10332865694224062
25866,GOF,0.09434161873478225,0.7777190409461807,0.1279393403190371
25867,GOF,0.11001607442073036,0.79221315635263,0.09777076922663964
25868,GOF,0.18662759639150286,0.6440522919237456,0.1693201116847516
25869,Neutral,0.7197417108924457,0.22393501757127046,0.05632327153628393
25870,LOF,0.12044207471198863,0.06547430982410536,0.8140836154639061
25871,GOF,0.09063245784320653,0.5977077902169186,0.3116597519398748
25872,GOF,0.18925225531872883,0.5333496714031265,0.2773980732781446
25873,GOF,0.17230219643973932,0.6080153349830258,0.21968246857723486
25874,LOF,0.031383798383370846,0.050026376930001025,0.918589824686628
25875,LOF,0.1100246124531722,0.24750651184885553,0.6424688756979723
25876,LOF,0.029000200751320447,0.11006203876855765,0.8609377604801219
25877,Neutral,0.4460921970989654,0.21221834485108332,0.3416894580499513
25878,GOF,0.18296962721151566,0.43068084908055776,0.3863495237079266
25879,LOF,0.08255893183075917,0.4065040279700895,0.5109370401991513
25880,LOF,0.028101541001861578,0.0894483766069747,0.8824500823911636
25881,LOF,0.39238743650399355,0.14303568551128867,0.4645768779847178
25882,LOF,0.0924525520284987,0.0350784245469125,0.8724690234245889
25883,LOF,0.07243953383164346,0.047144629395457875,0.8804158367728987
25884,LOF,0.0922317628857376,0.044018014493444946,0.8637502226208175
25885,LOF,0.0984956953161975,0.031105817699454193,0.8703984869843483
25886,LOF,0.22703057564204004,0.13849557869563117,0.6344738456623288
25887,LOF,0.3856464958091866,0.09821882246552424,0.5161346817252892
25888,LOF,0.1797003496280731,0.0952795696885469,0.72502008068338
25889,LOF,0.09646085575926032,0.038468067220982005,0.8650710770197577
25890,LOF,0.058466116994786405,0.08929469712909366,0.8522391858761199
25891,LOF,0.06978442081749142,0.026723489408122407,0.9034920897743861
25892,LOF,0.0963132797181335,0.058696873621804986,0.8449898466600615
25893,LOF,0.3099904911618755,0.05608996985222924,0.6339195389858953
25894,LOF,0.1619472921316954,0.018763866249528634,0.8192888416187759
25895,LOF,0.17300684739810096,0.015618872613111415,0.8113742799887876
25896,LOF,0.03967541500643479,0.017017919671192074,0.9433066653223733
25897,LOF,0.1846194921500817,0.047515009753095555,0.7678654980968228
25898,Neutral,0.6426967154084182,0.04028793281741774,0.3170153517741641
25899,LOF,0.23055849957309796,0.16071695933927985,0.6087245410876222
25900,Neutral,0.7788474349490968,0.03458853663388263,0.18656402841702063
25901,LOF,0.07751865271058714,0.035396510796592534,0.8870848364928203
25902,LOF,0.1088525243883099,0.03621747722787937,0.8549299983838108
25903,Neutral,0.5219695363388128,0.07966498744011281,0.3983654762210744
25904,LOF,0.2827771661282208,0.07869021733020157,0.6385326165415776
25905,LOF,0.018718060641962637,0.4097777386265956,0.5715042007314417
25906,LOF,0.02468424220760765,0.044168677688554016,0.9311470801038383
25907,LOF,0.013289766059642926,0.3121821253395675,0.6745281086007896
25908,LOF,0.017453993841975553,0.17762987545834452,0.8049161306996799
25909,LOF,0.027201923813350213,0.14075113772581233,0.8320469384608375
25910,GOF,0.014381725743889023,0.5332514311410751,0.4523668431150359
25911,LOF,0.09271818363623606,0.027753017110654574,0.8795287992531093
25912,LOF,0.03379132360444218,0.08950701539747988,0.8767016609980779
25913,LOF,0.21946378170176367,0.020961126920134212,0.7595750913781022
25914,LOF,0.05146488081895449,0.169556253892581,0.7789788652884646
25915,Neutral,0.48483238121935973,0.35814136731524765,0.15702625146539245
25916,GOF,0.03890886937407509,0.7592867325290408,0.2018043980968841
25917,LOF,0.033072387751160705,0.12558192242846422,0.8413456898203752
25918,LOF,0.04977448226110846,0.08016826953941965,0.8700572481994719
25919,LOF,0.051527673012759206,0.04948963601454866,0.8989826909726921
25920,GOF,0.22258257928855413,0.6311650723778571,0.14625234833358866
25921,LOF,0.0587252794388365,0.055379331463126825,0.8858953890980367
25922,LOF,0.0573215120195117,0.05124101848511379,0.8914374694953745
25923,LOF,0.22951590581978568,0.13971683081903974,0.6307672633611746
25924,LOF,0.06619406430313568,0.0177117678145737,0.9160941678822906
25925,LOF,0.04822893118827894,0.05014742261340746,0.9016236461983136
25926,LOF,0.039381866267564236,0.04222433029395429,0.9183938034384814
25927,LOF,0.10305042462254091,0.10665899544500271,0.7902905799324564
25928,LOF,0.04249066660027328,0.018155911409267797,0.939353421990459
25929,LOF,0.33812684647529356,0.13168316706975317,0.5301899864549533
25930,LOF,0.07137744984109827,0.04467921067273147,0.8839433394861703
25931,LOF,0.04305756607597651,0.01638324894803851,0.9405591849759849
25932,LOF,0.08316850442554319,0.03231432028515694,0.8845171752892999
25933,LOF,0.08816818603339874,0.027709329652977937,0.8841224843136234
25934,LOF,0.07863214642135403,0.042028571285966876,0.8793392822926791
25935,LOF,0.034952038473255884,0.0468424018761213,0.9182055596506229
25936,LOF,0.08929081542079466,0.02692027598874133,0.883788908590464
25937,LOF,0.06200167881691169,0.03123596359248382,0.9067623575906045
25938,LOF,0.049448304226469016,0.09166115304330616,0.8588905427302249
25939,LOF,0.06501776125803875,0.048021270776434186,0.886960967965527
25940,GOF,0.02360558101079221,0.5386446545906546,0.43774976439855334
25941,LOF,0.21389681307608427,0.05131841452893948,0.7347847723949762
25942,LOF,0.03562646451711296,0.009519207299374773,0.9548543281835121
25943,LOF,0.4116996068223774,0.0343082150045032,0.5539921781731194
25944,Neutral,0.49653727237081097,0.03118024228349132,0.47228248534569767
25945,LOF,0.1783519480812916,0.15037174336731265,0.6712763085513958
25946,LOF,0.018418834493813794,0.19468752109811155,0.7868936444080747
25947,LOF,0.10335341247848058,0.23772899486566682,0.6589175926558525
25948,LOF,0.44459176193399547,0.009709161718524689,0.5456990763474798
25949,LOF,0.14210706529929565,0.015448266891341784,0.8424446678093626
25950,GOF,0.3400892751301432,0.42325973186762156,0.23665099300223527
25951,LOF,0.2209163577125232,0.3270220598590289,0.45206158242844785
25952,GOF,0.04064661993162674,0.6459056878538784,0.31344769221449503
25953,LOF,0.13577342171369616,0.42994656218672395,0.43428001609957984
25954,Neutral,0.4602873635242637,0.41960000531942665,0.12011263115630967
25955,LOF,0.05291754205999985,0.27721419018937576,0.6698682677506244
25956,LOF,0.12072747830918278,0.24010683280475162,0.6391656888860656
25957,LOF,0.03658884922110825,0.03373226389143381,0.9296788868874579
25958,LOF,0.07890007771542054,0.03572980049634971,0.8853701217882298
25959,LOF,0.09697064772776673,0.31659807656289934,0.586431275709334
25960,LOF,0.026821387023280917,0.059283749395514104,0.9138948635812051
25961,LOF,0.06920020066043633,0.08257602707125088,0.8482237722683127
25962,LOF,0.04578104276899689,0.09051255967576798,0.8637063975552352
25963,LOF,0.04164292421655029,0.1633346334932991,0.7950224422901505
25964,LOF,0.07521279743331254,0.13289748571743257,0.7918897168492549
25965,Neutral,0.5004553390455635,0.11524197346691824,0.3843026874875182
25966,LOF,0.20455773596027696,0.3312757111424005,0.4641665528973225
25967,LOF,0.028178200920143708,0.1468158235461829,0.8250059755336734
25968,LOF,0.05295196121592239,0.42479629947900316,0.5222517393050745
25969,LOF,0.02383346517116959,0.10700770430712661,0.8691588305217037
25970,LOF,0.04503740094245264,0.050226881600301976,0.9047357174572453
25971,LOF,0.08754808929849826,0.055492923614869114,0.8569589870866327
25972,LOF,0.11329925366476666,0.056047806622062615,0.8306529397131708
25973,LOF,0.13234426614025885,0.013877799600904052,0.8537779342588371
25974,Neutral,0.5022910674422243,0.049113026652219824,0.4485959059055558
25975,LOF,0.07249868451550338,0.042049747124768236,0.8854515683597284
25976,LOF,0.037677898478613074,0.05178994920350127,0.9105321523178855
25977,LOF,0.031743667470633834,0.39176661899767384,0.5764897135316923
25978,LOF,0.24160981733705947,0.12029266592619882,0.6380975167367416
25979,LOF,0.2014654222604581,0.15238257526755844,0.6461520024719835
25980,LOF,0.2860986489221817,0.16407216809512204,0.5498291829826962
25981,LOF,0.2860986489221817,0.16407216809512204,0.5498291829826962
25982,LOF,0.445312660785591,0.06822497311831742,0.4864623660960915
25983,Neutral,0.522170256234223,0.08407108142677798,0.39375866233899903
25984,LOF,0.03352745608832258,0.27728238898442464,0.6891901549272529
25985,LOF,0.029300756012588188,0.4416947068598925,0.5290045371275193
25986,GOF,0.046919490341136544,0.5778654897963766,0.37521501986248673
25987,LOF,0.12431263238220555,0.12613481674201948,0.749552550875775
25988,LOF,0.029246501564763334,0.2779475163000771,0.6928059821351595
25989,LOF,0.02490878994866922,0.2743436031672374,0.7007476068840934
25990,LOF,0.032097138325232595,0.18143173346536856,0.7864711282093989
25991,LOF,0.24959742399686496,0.2533395273266436,0.4970630486764915
25992,LOF,0.37393350449737384,0.16882036057870733,0.4572461349239189
25993,LOF,0.0392939691904143,0.0835096670213074,0.8771963637882784
25994,LOF,0.03921395990047861,0.08603420081675564,0.8747518392827658
25995,LOF,0.04011846956598355,0.11449574491697222,0.8453857855170442
25996,LOF,0.15982383863294178,0.3710192334061033,0.46915692796095493
25997,GOF,0.11413599541729161,0.46198031379444654,0.4238836907882618
25998,Neutral,0.5124295135394027,0.015671065862444038,0.4718994205981533
25999,GOF,0.15672994628963233,0.44878907072644497,0.3944809829839227
26000,LOF,0.11970767525022388,0.020675434340376518,0.8596168904093996
26001,LOF,0.132215720670537,0.08252551168489564,0.7852587676445674
26002,LOF,0.09572848286936,0.04554640646703788,0.858725110663602
26003,GOF,0.008682716139579884,0.6968593774333748,0.29445790642704534
26004,GOF,0.021443120071496315,0.7349238380728194,0.24363304185568432
26005,GOF,0.010086018689809408,0.4982078705252163,0.4917061107849743
26006,Neutral,0.4591329726556837,0.34280448504890465,0.1980625422954118
26007,GOF,0.015690096857328337,0.6556438979577178,0.3286660051849537
26008,GOF,0.018560045080880223,0.5972066252404696,0.38423332967865004
26009,GOF,0.03977549507851563,0.6520269802826423,0.3081975246388421
26010,GOF,0.013954532997470778,0.850506993833729,0.13553847316880033
26011,GOF,0.010145536715352328,0.548927728880606,0.44092673440404156
26012,LOF,0.01741071613926579,0.4791623466860209,0.5034269371747132
26013,GOF,0.01117627251018316,0.6576045836032597,0.33121914388655727
26014,LOF,0.05373948280086922,0.12805566781926891,0.8182048493798619
26015,LOF,0.24053464587076198,0.012614235404305743,0.7468511187249324
26016,LOF,0.35299416555135493,0.06292282642037261,0.5840830080282724
26017,LOF,0.26659584982979945,0.05675110417322977,0.6766530459969708
26018,LOF,0.07502321863152969,0.05410134809140327,0.8708754332770672
26019,LOF,0.07921362285844709,0.027529784642881965,0.8932565924986711
26020,LOF,0.10888234120361959,0.12173754655175711,0.7693801122446232
26021,LOF,0.09644653994213782,0.12058718187232263,0.7829662781855395
26022,LOF,0.02357835750790804,0.029116500701272786,0.9473051417908191
26023,LOF,0.1447139405794956,0.040843099833274284,0.81444295958723
26024,LOF,0.04267573699588382,0.14984110276204035,0.8074831602420758
26025,LOF,0.22073265158889513,0.079199997964098,0.7000673504470067
26026,LOF,0.42473821514812354,0.010282920641197972,0.5649788642106784
26027,LOF,0.08588709289818144,0.022549596486709015,0.8915633106151096
26028,LOF,0.21863004206933254,0.0866066086470751,0.6947633492835924
26029,GOF,0.04807622139816198,0.486132845500529,0.46579093310130915
26030,LOF,0.019328456478802093,0.13259547052242301,0.8480760729987749
26031,LOF,0.014651196704268168,0.4116863313540067,0.5736624719417251
26032,LOF,0.04292607200045736,0.19698612981641775,0.7600877981831249
26033,LOF,0.10633011182106984,0.4411691350251745,0.45250075315375565
26034,LOF,0.02519734444313805,0.3076787380388481,0.6671239175180138
26035,LOF,0.020631021354463656,0.35476243487155384,0.6246065437739824
26036,LOF,0.02389201758139072,0.26814441288644764,0.7079635695321616
26037,LOF,0.015923704854062505,0.2696784593262128,0.7143978358197247
26038,LOF,0.042604829240558216,0.17922221491242796,0.7781729558470138
26039,LOF,0.042839442643096644,0.3443402029093964,0.612820354447507
26040,GOF,0.19567914831626843,0.5675279617975567,0.23679288988617495
26041,LOF,0.01919764440374826,0.2595134136008184,0.7212889419954334
26042,LOF,0.018378403988455416,0.25857968684863525,0.7230419091629092
26043,LOF,0.03958782077096154,0.23342897210246139,0.726983207126577
26044,LOF,0.02161263372151237,0.2088021117592871,0.7695852545192005
26045,LOF,0.05125949572532446,0.3622383724023019,0.5865021318723737
26046,LOF,0.04656391917764807,0.2624921785156898,0.6909439023066621
26047,LOF,0.05607942096020515,0.24194867326559588,0.701971905774199
26048,LOF,0.07189313666852519,0.18629401883547647,0.7418128444959984
26049,Neutral,0.9154284028549678,0.046402605606340734,0.03816899153869143
26050,Neutral,0.8982421970740522,0.05201566845089267,0.049742134475055134
26051,GOF,0.026925444254555727,0.5323113923350312,0.4407631634104131
26052,GOF,0.023900089090624875,0.6019023957536277,0.3741975151557474
26053,LOF,0.05214265770171131,0.4558666449272479,0.4919906973710407
26054,LOF,0.05603007773873487,0.03502596067412368,0.9089439615871414
26055,LOF,0.05774611488540533,0.023857103258080825,0.9183967818565139
26056,LOF,0.04410977748943927,0.035180288016027836,0.9207099344945329
26057,LOF,0.0615997668022289,0.09070817618066233,0.8476920570171088
26058,LOF,0.061722468848469894,0.0726921770682118,0.8655853540833183
26059,LOF,0.37205605143749426,0.06029377635843814,0.5676501722040675
26060,LOF,0.07038916198298215,0.33725682173723365,0.5923540162797841
26061,LOF,0.037020677328563144,0.05967944804385774,0.9032998746275791
26062,LOF,0.025855878997804945,0.02741731556441849,0.9467268054377765
26063,LOF,0.06807405116438216,0.057921102942394456,0.8740048458932235
26064,LOF,0.04714337890752256,0.018424014946743887,0.9344326061457335
26065,LOF,0.06777352859520422,0.042240826910540645,0.8899856444942551
26066,LOF,0.07356742311883945,0.05983510175363052,0.86659747512753
26067,LOF,0.07477079141575181,0.051464806271351075,0.8737644023128971
26068,LOF,0.04648012333350404,0.053989268730988554,0.8995306079355074
26069,LOF,0.24583912270637245,0.02392306895505759,0.7302378083385699
26070,LOF,0.4380240547638171,0.010787160453876416,0.5511887847823065
26071,LOF,0.06183637801206613,0.06560885902854248,0.8725547629593914
26072,LOF,0.04453612867781002,0.04719760080719562,0.9082662705149944
26073,LOF,0.07116377378112276,0.03031419005559639,0.8985220361632809
26074,Neutral,0.9570114084857917,0.00789496435748747,0.035093627156720986
26075,LOF,0.03261737274605429,0.03904917655519025,0.9283334506987555
26076,LOF,0.07291532121398499,0.044793619039631256,0.8822910597463837
26077,LOF,0.025846125143938057,0.06406258816379788,0.9100912866922639
26078,LOF,0.027171338833991376,0.045212165190303036,0.9276164959757055
26079,LOF,0.04614895995572316,0.0329438117803593,0.9209072282639176
26080,LOF,0.04614895995572316,0.0329438117803593,0.9209072282639176
26081,LOF,0.07223410701033996,0.06080704057190736,0.8669588524177527
26082,LOF,0.03927705671388495,0.03887721908392846,0.9218457242021866
26083,LOF,0.06706504332235702,0.04799496813724064,0.8849399885404023
26084,LOF,0.0601434070294444,0.07265363065417602,0.8672029623163796
26085,LOF,0.0601434070294444,0.07265363065417602,0.8672029623163796
26086,LOF,0.06229649956328887,0.07664240089072494,0.8610610995459862
26087,LOF,0.06362903835662936,0.056919799718357936,0.8794511619250128
26088,LOF,0.03823033750766727,0.10489727948737523,0.8568723830049575
26089,LOF,0.04062629972749005,0.03385550361709287,0.925518196655417
26090,LOF,0.03618506019343683,0.03001464967698189,0.9338002901295812
26091,LOF,0.07699342188410695,0.029543064897460444,0.8934635132184328
26092,LOF,0.07139228028341722,0.0734092361336822,0.8551984835829006
26093,LOF,0.07729917198634953,0.02841228376525792,0.8942885442483924
26094,LOF,0.07930598237983205,0.026441718361130052,0.8942522992590378
26095,LOF,0.07309727742961912,0.024217937645998302,0.9026847849243825
26096,LOF,0.04497396090513125,0.021316319942859353,0.9337097191520094
26097,LOF,0.02157757972553972,0.07691372695645146,0.9015086933180089
26098,LOF,0.045893806845995214,0.023279875948987075,0.9308263172050176
26099,LOF,0.07455789823092279,0.06314365997366797,0.8622984417954093
26100,LOF,0.07455789823092279,0.06314365997366797,0.8622984417954093
26101,LOF,0.06011584342083275,0.139164257363648,0.8007198992155193
26102,LOF,0.06529474717818043,0.06274816809045779,0.8719570847313619
26103,Neutral,0.7806682190335624,0.07778757335477801,0.14154420761165956
26104,LOF,0.03470431752062075,0.053080035106889106,0.9122156473724903
26105,LOF,0.21741831069028333,0.12301170749210387,0.6595699818176128
26106,LOF,0.1941012073054248,0.04710349402371295,0.7587952986708623
26107,LOF,0.295338311047676,0.034701835180224135,0.6699598537720998
26108,LOF,0.15706853568614937,0.05225680327062329,0.7906746610432273
26109,LOF,0.08776712536305918,0.08438008271823105,0.8278527919187096
26110,LOF,0.3173639748537132,0.03487884352909812,0.6477571816171888
26111,LOF,0.333418628212494,0.11364589723785966,0.5529354745496463
26112,LOF,0.0887647218959979,0.026616594156122216,0.88461868394788
26113,LOF,0.0928609044725565,0.07655924846321428,0.8305798470642292
26114,LOF,0.0407949379068744,0.021166498060429726,0.9380385640326958
26115,LOF,0.14283957655873242,0.04208133150817927,0.8150790919330884
26116,LOF,0.09486114401735125,0.050460113909862464,0.8546787420727864
26117,LOF,0.28723284110450953,0.1711211037376794,0.5416460551578112
26118,LOF,0.06651845128865808,0.030246221904680733,0.9032353268066613
26119,LOF,0.04213669196351121,0.14740380496499506,0.8104595030714938
26120,LOF,0.058476625402979675,0.04452610158308807,0.8969972730139322
26121,LOF,0.06950650498483579,0.12690678957918072,0.8035867054359835
26122,LOF,0.08509443699387316,0.14724119786813952,0.7676643651379873
26123,LOF,0.07245973700603672,0.18108576338180182,0.7464544996121615
