feature0,prediction,LoGoFunc_Neutral,LoGoFunc_GOF,LoGoFunc_LOF
25546,Neutral,0.613244657502483,0.05634219053826122,0.3304131519592558
25547,LOF,0.44776271377336074,0.10056432251333222,0.451672963713307
25548,LOF,0.4396769612904646,0.08115231212427679,0.47917072658525856
25549,LOF,0.38539099564713675,0.08175253518125208,0.5328564691716111
25550,LOF,0.31395673832409066,0.11590330852021163,0.5701399531556977
25551,LOF,0.2750682259531995,0.12280313133905091,0.6021286427077496
25552,LOF,0.23392469013207662,0.11856382010680183,0.6475114897611215
25553,Neutral,0.8028289057417418,0.04167115265975039,0.1554999415985076
25554,LOF,0.276562084031774,0.10589899484873076,0.6175389211194952
25555,LOF,0.23373133560293305,0.10192588095828839,0.6643427834387786
25556,LOF,0.4171619543686608,0.09332023523197257,0.48951781039936665
25557,LOF,0.22413269093088115,0.1066975064939115,0.6691698025752074
25558,LOF,0.2843574485028904,0.10435601641214615,0.6112865350849633
25559,LOF,0.16147280100098824,0.11651053089551414,0.7220166681034976
25560,LOF,0.16713138072669737,0.09240975513464954,0.740458864138653
25561,LOF,0.16347439597707064,0.09942028083105103,0.7371053231918783
25562,LOF,0.08940782003089101,0.06971812549386218,0.8408740544752468
25563,LOF,0.024058728361777398,0.12544500636128386,0.8504962652769387
25564,LOF,0.25263625469025486,0.1185304441970003,0.6288333011127448
25565,LOF,0.19170649950849647,0.14943293069069913,0.6588605698008043
25566,GOF,0.10209500922098105,0.7099994335787094,0.18790555720030946
25567,LOF,0.03879695637809057,0.13191722294978095,0.8292858206721285
25568,LOF,0.06039213150932812,0.06852064446970085,0.871087224020971
25569,LOF,0.05683975171882139,0.07161845712205359,0.871541791159125
25570,LOF,0.02789422094801852,0.09490426089830008,0.8772015181536813
25571,LOF,0.026439779303358148,0.09676949612850622,0.8767907245681357
25572,LOF,0.06442473605004244,0.11545502357730661,0.8201202403726511
25573,LOF,0.05995575394733404,0.08740680944436117,0.8526374366083047
25574,LOF,0.060411367772975,0.19858735260793794,0.741001279619087
25575,LOF,0.02340631069752361,0.11310691193897486,0.8634867773635015
25576,LOF,0.03157576517439866,0.14553375318466436,0.8228904816409369
25577,LOF,0.032232506769760944,0.11447603582050617,0.853291457409733
25578,LOF,0.28949309744870116,0.07564884413171254,0.6348580584195863
25579,LOF,0.1330257240762109,0.08072572925424344,0.7862485466695456
25580,LOF,0.019751598404780833,0.07556391185701303,0.9046844897382063
25581,LOF,0.055744329600727005,0.06286384269442033,0.8813918277048527
25582,LOF,0.05568218519210326,0.06175707909822581,0.8825607357096709
25583,LOF,0.019850736441603074,0.0790515271381101,0.9010977364202869
25584,Neutral,0.6725567824523481,0.10150109681631217,0.22594212073133974
25585,LOF,0.025443739881012204,0.12532652781014428,0.8492297323088435
25586,LOF,0.01812774744286723,0.06806484501524301,0.9138074075418897
25587,LOF,0.01748481616337091,0.06054792988596941,0.9219672539506597
25588,LOF,0.020426887221072262,0.07033046254092362,0.9092426502380041
25589,Neutral,0.5159213928582792,0.20472104641455627,0.27935756072716444
25590,LOF,0.05102971119556452,0.112874769454979,0.8360955193494565
25591,LOF,0.09343325509754133,0.052458132570265645,0.854108612332193
25592,LOF,0.055778415442127575,0.13053754103394125,0.8136840435239311
25593,LOF,0.14804148579564455,0.2548869947453199,0.5970715194590356
25594,LOF,0.05603631286604923,0.11499372846212379,0.8289699586718269
25595,LOF,0.052146024080726064,0.08406063111890816,0.8637933448003657
25596,LOF,0.11895264777494913,0.047930423602514836,0.8331169286225362
25597,LOF,0.08943589808665284,0.05498267866229022,0.8555814232510568
25598,LOF,0.059112444257511006,0.08414732403324654,0.8567402317092425
25599,GOF,0.02305497208557752,0.4956684843659778,0.4812765435484447
25600,GOF,0.19159220360987753,0.49585224849540105,0.3125555478947215
25601,LOF,0.038614496478743154,0.42803707402258295,0.5333484294986739
25602,LOF,0.02893068887240662,0.06388233890356453,0.9071869722240288
25603,LOF,0.02811070541784856,0.03367429947090196,0.9382149951112495
25604,LOF,0.03165047236494453,0.07424203982189927,0.8941074878131562
25605,LOF,0.03271828538850675,0.1937280690255433,0.7735536455859499
25606,LOF,0.38703263407264515,0.10316480783372528,0.5098025580936295
25607,LOF,0.0242008482984297,0.1857477125087743,0.7900514391927961
25608,LOF,0.03501236702620873,0.0750873106517392,0.8899003223220521
25609,GOF,0.1582548846229037,0.4989113653422199,0.3428337500348765
25610,LOF,0.015202630674742926,0.03235813443761488,0.9524392348876421
25611,LOF,0.01366814182753243,0.037854643300267575,0.9484772148722
25612,LOF,0.04753655673946828,0.05491509647715915,0.8975483467833725
25613,LOF,0.04536082773769962,0.05704821546023715,0.8975909568020632
25614,LOF,0.020887405259408208,0.03252253904896413,0.9465900556916278
25615,LOF,0.04819898691693557,0.051277092750039804,0.9005239203330248
25616,LOF,0.04842089882779481,0.03447615928793103,0.9171029418842742
25617,LOF,0.042320801307214,0.047710585559176115,0.90996861313361
25618,LOF,0.05281695854031311,0.043654625645444124,0.9035284158142428
25619,LOF,0.013535304604726678,0.039651842968396175,0.9468128524268771
25620,LOF,0.06166541748156348,0.05606362931143321,0.8822709532070033
25621,LOF,0.057453346378229436,0.040882819903928044,0.9016638337178425
25622,LOF,0.06599226155600595,0.040381963067441115,0.893625775376553
25623,LOF,0.07472848740612792,0.030837502538931198,0.8944340100549409
25624,LOF,0.018369938826758265,0.03964311522900699,0.9419869459442347
25625,LOF,0.06833994032255053,0.04570954784790885,0.8859505118295405
25626,LOF,0.04847776292032097,0.0502293933331395,0.9012928437465395
25627,Neutral,0.897371674429742,0.01698542218526816,0.08564290338498984
25628,LOF,0.13800380274683222,0.05445931703958836,0.8075368802135795
25629,LOF,0.06396958834344729,0.043127343499292696,0.89290306815726
25630,LOF,0.30094847605926106,0.06868857392894677,0.6303629500117922
25631,Neutral,0.5618026055421217,0.05387345216819014,0.3843239422896882
25632,LOF,0.024760755224581432,0.06703611608271613,0.9082031286927024
25633,LOF,0.19568509934180905,0.03490600962903662,0.7694088910291543
25634,LOF,0.033256362998784164,0.08634688673710166,0.8803967502641142
25635,LOF,0.03532861417116358,0.044337487211579735,0.9203338986172567
25636,LOF,0.037659451287749085,0.43592156164928586,0.5264189870629651
25637,LOF,0.07663250257730175,0.45275852115237925,0.4706089762703191
25638,LOF,0.03071003198125423,0.2903518976624143,0.6789380703563315
25639,LOF,0.03116886859510088,0.3405513824538115,0.6282797489510876
25640,Neutral,0.8049230580511259,0.1529416430021253,0.04213529894674882
25641,GOF,0.06286172287090107,0.4806860899308431,0.4564521871982559
25642,LOF,0.04261819001349495,0.17729364318644417,0.780088166800061
25643,LOF,0.23617639509058064,0.17195161215312293,0.5918719927562964
25644,LOF,0.0214497787577189,0.44642034546900156,0.5321298757732796
25645,LOF,0.026337912197683742,0.38041539532245133,0.593246692479865
25646,LOF,0.0595616349001179,0.31416403181559494,0.6262743332842873
25647,LOF,0.028029639993728307,0.24641834040433602,0.7255520196019356
25648,LOF,0.037926515031780066,0.23296876590332466,0.7291047190648954
25649,LOF,0.018442858456279278,0.2233218804110412,0.7582352611326796
25650,LOF,0.05981292474315055,0.3883595263074858,0.5518275489493636
25651,LOF,0.018971619461048514,0.25161657487828787,0.7294118056606635
25652,LOF,0.03589426197897594,0.2415676767897291,0.7225380612312949
25653,LOF,0.08997085281726301,0.3951882671304849,0.5148408800522521
25654,LOF,0.026948005940586807,0.2087422040516755,0.7643097900077377
25655,LOF,0.24376447656082886,0.34978508450842266,0.4064504389307485
25656,LOF,0.25519606547110835,0.05109685543458708,0.6937070790943045
25657,LOF,0.05880691267958587,0.060640706060305014,0.880552381260109
25658,LOF,0.35432419791308345,0.057919905708128404,0.5877558963787881
25659,Neutral,0.5260952912169967,0.09387764799112644,0.3800270607918769
25660,LOF,0.022711969526707326,0.08883839986311083,0.8884496306101818
25661,LOF,0.09644093250952951,0.06342700823416475,0.8401320592563059
25662,LOF,0.03166997803614731,0.03430913436599804,0.9340208875978546
25663,LOF,0.04015993490609824,0.04595061243954916,0.9138894526543526
25664,LOF,0.14338524556256818,0.06222114090348201,0.7943936135339498
25665,LOF,0.05549928602586196,0.03225671792733272,0.9122439960468054
25666,LOF,0.09141970479677732,0.07732714283873582,0.8312531523644868
25667,LOF,0.06669568853043113,0.03799857580279348,0.8953057356667755
25668,LOF,0.03507843370962058,0.04930197488444087,0.9156195914059385
25669,LOF,0.030926489670880002,0.05076038697541307,0.9183131233537069
25670,LOF,0.15319915543896118,0.05775166109360896,0.7890491834674298
25671,LOF,0.09654731429975812,0.034213786841653354,0.8692388988585885
25672,LOF,0.05399911420710671,0.043763794986208665,0.9022370908066846
25673,LOF,0.08524397920408662,0.04928332425992194,0.8654726965359915
25674,LOF,0.07149025531558593,0.05705799285610369,0.8714517518283104
25675,LOF,0.12339994403276512,0.05893951497344051,0.8176605409937944
25676,LOF,0.017951949160714145,0.04948061186827158,0.9325674389710141
25677,LOF,0.025906063900169855,0.07132453963397715,0.902769396465853
25678,LOF,0.20971976768877607,0.060970645302943834,0.7293095870082801
25679,LOF,0.127775482186816,0.07484552924098568,0.7973789885721984
25680,LOF,0.03271693958094185,0.10735952737216836,0.8599235330468897
25681,LOF,0.04994939413420973,0.10033274553648111,0.8497178603293091
25682,LOF,0.14230715111408893,0.07012446755450902,0.7875683813314022
25683,LOF,0.12614767575043317,0.082745500863268,0.7911068233862988
25684,LOF,0.040831942468126624,0.07490213220088585,0.8842659253309876
25685,LOF,0.12783377869647267,0.0503232263622095,0.8218429949413179
25686,LOF,0.06758543008305412,0.08822407871575023,0.8441904912011957
25687,LOF,0.114116517304062,0.09763977377674678,0.7882437089191913
25688,LOF,0.2996824542098922,0.03497318487923335,0.6653443609108745
25689,LOF,0.22397134300904006,0.03740895297319434,0.7386197040177657
25690,LOF,0.35561657074789976,0.02912203594285685,0.6152613933092435
25691,Neutral,0.6933670494180998,0.025014889315991076,0.2816180612659091
25692,LOF,0.30320381247735245,0.01234568410165454,0.684450503420993
25693,LOF,0.04955536556110176,0.45859305339913004,0.49185158103976834
25694,LOF,0.11817875771988723,0.017187418244431277,0.8646338240356815
25695,LOF,0.1166189884177767,0.017858334678028696,0.8655226769041946
25696,LOF,0.08932556611385112,0.010249018724541517,0.9004254151616073
25697,LOF,0.12501392352937848,0.03495695241708667,0.8400291240535348
25698,LOF,0.34534553930419654,0.19978170915180773,0.45487275154399576
25699,LOF,0.43502562632034064,0.04065452437893561,0.5243198493007237
25700,LOF,0.06512958623205936,0.007681295133263201,0.9271891186346773
25701,LOF,0.1558673515354501,0.04934923131660328,0.7947834171479466
25702,GOF,0.17167147232020352,0.5552661402221657,0.27306238745763084
25703,LOF,0.01721156885060312,0.15614208304104557,0.8266463481083514
25704,LOF,0.04431407014281227,0.1163108462885476,0.8393750835686402
25705,LOF,0.058825279371922355,0.19189547873952364,0.7492792418885541
25706,LOF,0.10259791251104282,0.40983881569798425,0.48756327179097286
25707,LOF,0.09397787804125037,0.3096342497830243,0.5963878721757253
25708,LOF,0.032682171307468824,0.27925377908990173,0.6880640496026295
25709,LOF,0.060220616686840346,0.04337773737633157,0.896401645936828
25710,LOF,0.012252372275382084,0.13844136807978363,0.8493062596448342
25711,LOF,0.017442283520706686,0.10285388501008624,0.8797038314692072
25712,LOF,0.014053284058450249,0.18142073350345284,0.8045259824380969
25713,LOF,0.018329583274500797,0.08232207205493461,0.8993483446705646
25714,LOF,0.0698727168316481,0.08509947821934495,0.845027804949007
25715,LOF,0.010795201370386495,0.15237500338543702,0.8368297952441764
25716,LOF,0.01355480507562163,0.12218442083310625,0.8642607740912721
25717,LOF,0.013654048515592434,0.08319001421761994,0.9031559372667877
25718,LOF,0.011908504648072846,0.09938718588079079,0.8887043094711363
25719,LOF,0.016689373433940856,0.08280523635202254,0.9005053902140366
25720,LOF,0.02086165075678635,0.07337655050111476,0.905761798742099
25721,LOF,0.015044847410950829,0.11247953111991149,0.8724756214691377
25722,LOF,0.013456253457840161,0.12476678483663642,0.8617769617055234
25723,LOF,0.021141718949401637,0.04508709988348318,0.9337711811671152
25724,LOF,0.020433782672851487,0.08279686850573001,0.8967693488214186
25725,LOF,0.011013143980499117,0.0693176442255596,0.9196692117939413
25726,LOF,0.014602851833560752,0.10099135294404754,0.8844057952223916
25727,LOF,0.012484344518680326,0.07827085185490558,0.9092448036264141
25728,LOF,0.009347089005200003,0.11444152257987668,0.8762113884149233
25729,LOF,0.009650928879124828,0.11527959512657537,0.8750694759942999
25730,LOF,0.013117555813959954,0.0905475625926411,0.896334881593399
25731,LOF,0.02075388594899703,0.11138464863500293,0.8678614654160001
25732,LOF,0.014493443158474829,0.08292458819329705,0.902581968648228
25733,LOF,0.01507496751313852,0.07023112360512077,0.9146939088817407
25734,LOF,0.01218055061556599,0.11648175167933426,0.8713376977050997
25735,LOF,0.013365824534926199,0.08532395569234656,0.9013102197727273
25736,LOF,0.013878458038857074,0.11045940016623029,0.8756621417949126
25737,LOF,0.01971325013418597,0.08775398238984436,0.8925327674759697
25738,LOF,0.012343394198126918,0.10589827340553909,0.881758332396334
25739,LOF,0.01974773178405027,0.0797586568315294,0.9004936113844203
25740,LOF,0.025795430761932317,0.10858938525663578,0.8656151839814319
25741,LOF,0.015972400561510596,0.11041960973258456,0.8736079897059049
25742,LOF,0.1128711457934686,0.08042031349389828,0.8067085407126331
25743,LOF,0.02955093741929115,0.031239076064992367,0.9392099865157166
25744,Neutral,0.5936607957944215,0.1965798651057303,0.2097593390998481
25745,LOF,0.08537406052098809,0.060787555143985775,0.8538383843350261
25746,LOF,0.03935511028304067,0.0741776450116896,0.8864672447052698
25747,LOF,0.022145630908905305,0.04174589892406604,0.9361084701670287
25748,LOF,0.09427969338798774,0.062153297521020834,0.8435670090909914
25749,LOF,0.025458905782644394,0.07367243530179,0.9008686589155656
25750,LOF,0.08067557277244242,0.07667445424795882,0.8426499729795988
25751,LOF,0.09192602757775865,0.060893798311942124,0.8471801741102992
25752,GOF,0.10806566035358976,0.6774777506762364,0.21445658897017383
25753,LOF,0.020348631465243707,0.29852310588567144,0.6811282626490849
25754,GOF,0.01106121553808001,0.7978809676625935,0.1910578167993264
25755,LOF,0.023939584968968548,0.38681487039408485,0.5892455446369467
25756,LOF,0.03910594180394396,0.38612377028741446,0.5747702879086416
25757,GOF,0.013327299124136079,0.8483129394333287,0.1383597614425352
25758,GOF,0.026651532560259067,0.8455277994074422,0.12782066803229877
25759,GOF,0.010339997773066628,0.5812946051322424,0.40836539709469094
25760,LOF,0.011927362203284253,0.24950086955212103,0.7385717682445947
25761,GOF,0.2547380311171822,0.6578812336632776,0.08738073521954018
25762,LOF,0.03425463104571394,0.2804828687285814,0.6852625002257047
25763,LOF,0.01440656216707021,0.21849239186432112,0.7671010459686086
25764,GOF,0.06883452300635994,0.6562541109381382,0.2749113660555018
25765,GOF,0.03794881157011019,0.7669075761696298,0.1951436122602601
25766,GOF,0.054999926821748354,0.7670345999424095,0.17796547323584216
25767,GOF,0.13844794573784708,0.5584927397064992,0.3030593145556537
25768,LOF,0.09264680620635225,0.057152777795251436,0.8502004159983964
25769,LOF,0.0738075610390686,0.0645195634170052,0.8616728755439262
25770,LOF,0.303886450952212,0.08173197988237421,0.6143815691654139
25771,LOF,0.04014942905674517,0.04760759932907471,0.9122429716141801
25772,LOF,0.016891681871928577,0.03402978285759814,0.9490785352704731
25773,LOF,0.04681722754314776,0.08791431149773497,0.8652684609591174
25774,LOF,0.029467305756681515,0.07312940307157573,0.8974032911717429
25775,LOF,0.04935286828259705,0.04427034135682441,0.9063767903605786
25776,LOF,0.07050973503475012,0.023945975644136513,0.9055442893211133
25777,LOF,0.3455879822974276,0.05290695925626403,0.6015050584463084
25778,LOF,0.06893168031897307,0.04651973612498425,0.8845485835560427
25779,GOF,0.3886043427550389,0.5679926335611666,0.04340302368379455
25780,GOF,0.3084842231008094,0.6129931598770584,0.07852261702213219
25781,GOF,0.14454394304451923,0.7484825905225249,0.10697346643295609
25782,GOF,0.21919094713894618,0.707302489844532,0.07350656301652178
25783,GOF,0.022865030940460312,0.6058488122345732,0.3712861568249664
25784,Neutral,0.5391202530038878,0.4221774259282404,0.03870232106787175
25785,GOF,0.47796492565431614,0.4847473532256491,0.03728772112003464
25786,GOF,0.028202204209764298,0.7578842952008485,0.21391350058938718
25787,Neutral,0.6527348285996812,0.3238848861234682,0.02338028527685066
25788,LOF,0.05100424430152046,0.0994147042704179,0.8495810514280616
25789,GOF,0.2117234482686706,0.636832277147043,0.1514442745842863
25790,GOF,0.23308061817589337,0.6462234736516882,0.1206959081724185
25791,GOF,0.16839668839086577,0.6380358204763358,0.19356749113279836
25792,GOF,0.36412304942752893,0.494389212043941,0.1414877385285302
25793,GOF,0.24021518729830132,0.5346990178981477,0.22508579480355098
25794,GOF,0.30159179179824724,0.5150026048212204,0.18340560338053236
25795,GOF,0.07451831431077928,0.6809093287796253,0.24457235690959542
25796,Neutral,0.5539821271541865,0.37166939554202755,0.07434847730378608
25797,GOF,0.09133300407164797,0.5174821893485345,0.3911848065798176
25798,LOF,0.009121079666399476,0.4862254860751089,0.5046534342584916
25799,LOF,0.007294401762643176,0.3539652480496074,0.6387403501877494
25800,GOF,0.034673345296200794,0.5586319939803934,0.4066946607234058
25801,GOF,0.21931228763169164,0.6586232281492903,0.12206448421901803
25802,GOF,0.08300304766545381,0.6597655358574143,0.25723141647713194
25803,GOF,0.033158558284165356,0.552984389591809,0.4138570521240258
25804,LOF,0.03082319769369185,0.4539333588919276,0.5152434434143807
25805,GOF,0.11495205995439176,0.5671927393790284,0.31785520066657985
25806,GOF,0.10466104699748013,0.5575870557476642,0.3377518972548557
25807,GOF,0.02004371908789146,0.6129955266691827,0.3669607542429259
25808,GOF,0.09402088570783752,0.6272925573540652,0.2786865569380972
25809,GOF,0.018071545308437152,0.5666726687991067,0.41525578589245615
25810,GOF,0.01615988406284394,0.6013258494968622,0.3825142664402938
25811,Neutral,0.46390774793637096,0.4548719710233393,0.08122028104028982
25812,GOF,0.03011554932379876,0.6287904321840386,0.34109401849216264
25813,Neutral,0.4987256308078645,0.4096986901775509,0.09157567901458472
25814,GOF,0.11510006074983908,0.6312708179645472,0.2536291212856137
25815,GOF,0.1875182716244139,0.6304684261879411,0.18201330218764497
25816,GOF,0.02048458018054173,0.7066484440290959,0.27286697579036234
25817,GOF,0.21555490526536797,0.6670130494802535,0.11743204525437852
25818,GOF,0.05003612316164203,0.6384174925153578,0.31154638432300014
25819,GOF,0.3433938278424047,0.5173730387140731,0.13923313344352214
25820,GOF,0.19787822060616592,0.589653469186573,0.21246831020726098
25821,GOF,0.05586582142588444,0.6544814055896483,0.2896527729844672
25822,GOF,0.21244135247412926,0.5681008809623712,0.2194577665634995
25823,GOF,0.0318879817157747,0.5165465216681385,0.4515654966160868
25824,GOF,0.08249940614867934,0.5936213861179525,0.3238792077333683
25825,GOF,0.03508004822922796,0.5717624070350207,0.3931575447357514
25826,GOF,0.01418898875373259,0.5601618826370641,0.4256491286092033
25827,GOF,0.022479354295892227,0.5913978630719066,0.3861227826322012
25828,GOF,0.012340067506295361,0.5020453021168931,0.48561463037681163
25829,GOF,0.005477216306077569,0.5442979547951156,0.45022482889880683
25830,LOF,0.038061109765488106,0.2857809190472634,0.6761579711872485
25831,GOF,0.20713737226928194,0.6810808339509626,0.11178179377975545
25832,GOF,0.03443535520919968,0.7212227698494592,0.24434187494134116
25833,GOF,0.1275711376241784,0.7306607784908262,0.14176808388499543
25834,GOF,0.035644657429501694,0.7366926810918215,0.2276626614786768
25835,GOF,0.07819876691221204,0.7635124576514163,0.15828877543637165
25836,GOF,0.037516787857942525,0.6995152123114623,0.26296799983059516
25837,GOF,0.0270781718908076,0.571384781855755,0.40153704625343734
25838,GOF,0.09378835791356946,0.7665137115384677,0.13969793054796287
25839,GOF,0.3112247072538587,0.5598703840300701,0.12890490871607116
25840,GOF,0.2622151764283805,0.6062484844242432,0.13153633914737645
25841,GOF,0.24448636770870233,0.6329116803553289,0.12260195193596887
25842,GOF,0.17988458169732438,0.6994541387126315,0.12066127959004413
25843,GOF,0.23684764418540846,0.6761347613818174,0.08701759443277407
25844,GOF,0.07411908922268465,0.694778795369576,0.23110211540773942
25845,LOF,0.016907216049591084,0.44935853453109187,0.533734249419317
25846,GOF,0.13735516240545076,0.7193944734855624,0.1432503641089868
25847,GOF,0.12454547103232301,0.7671290666920955,0.10832546227558158
25848,GOF,0.035888409268687825,0.6644650616000602,0.299646529131252
25849,GOF,0.010778275301546692,0.5527744037249379,0.4364473209735155
25850,GOF,0.021818316136781788,0.6286329296855886,0.34954875417762965
25851,GOF,0.018063760351612994,0.5036254815474787,0.4783107581009084
25852,GOF,0.16529438394911128,0.536239450162102,0.2984661658887869
25853,GOF,0.3460872329570234,0.5805166652476551,0.07339610179532134
25854,GOF,0.02178937475237963,0.5868027397063728,0.3914078855412475
25855,GOF,0.03440880867536011,0.5524892599580001,0.41310193136663975
25856,GOF,0.2519491737125294,0.5323778243340994,0.2156730019533712
25857,GOF,0.03487721104512698,0.4832166139951117,0.48190617495976135
25858,GOF,0.019107482943774727,0.5154741919321253,0.4654183251241
25859,LOF,0.009727989900393726,0.4805012263509513,0.5097707837486549
25860,GOF,0.3589951145701666,0.5514513184848676,0.08955356694496582
25861,GOF,0.4371453707584573,0.4965694618870344,0.06628516735450826
25862,GOF,0.09185984688220085,0.7632379388089032,0.14490221430889605
25863,GOF,0.09065249689023049,0.7560363765135295,0.15331112659623986
25864,GOF,0.21882163382659361,0.7074668412179672,0.07371152495543916
25865,GOF,0.09237003448196013,0.7966494415599092,0.11098052395813063
25866,GOF,0.05927454273302205,0.7706596930081905,0.17006576425878747
25867,GOF,0.08615870426160577,0.81120335956043,0.1026379361779642
25868,GOF,0.2588465712162634,0.6363470514162324,0.10480637736750413
25869,Neutral,0.7054420836003775,0.252745015029593,0.04181290137002936
25870,GOF,0.2783835775863925,0.3785416921012114,0.3430747303123961
25871,GOF,0.25097317138585024,0.6132587552512044,0.13576807336294544
25872,GOF,0.0818768945692143,0.6377715824936331,0.2803515229371526
25873,GOF,0.1188992267438411,0.678515623877547,0.20258514937861186
25874,LOF,0.015024704302518448,0.10615594582994481,0.8788193498675367
25875,LOF,0.09367954582898304,0.04615965310795436,0.8601608010630627
25876,LOF,0.0363440013035032,0.031642439040346595,0.9320135596561502
25877,Neutral,0.49367394302073087,0.05113625686842481,0.45518980011084437
25878,LOF,0.20496916096815812,0.10654570150185573,0.6884851375299861
25879,LOF,0.08762736916921103,0.09769167579114693,0.814680955039642
25880,LOF,0.03997548657327384,0.01481053278528574,0.9452139806414405
25881,LOF,0.17706636974261208,0.13637123422402198,0.6865623960333659
25882,LOF,0.058965836057091964,0.01809817621507376,0.9229359877278343
25883,LOF,0.062284127165705284,0.01932079505627925,0.9183950777780155
25884,LOF,0.029095788384290576,0.031203512776979823,0.9397006988387295
25885,LOF,0.05789635060171,0.011792126492910088,0.9303115229053799
25886,LOF,0.26373816570539477,0.03778936196640054,0.6984724723282048
25887,LOF,0.1498613547649472,0.0691153734468879,0.7810232717881649
25888,LOF,0.07020251817059207,0.06356067111678632,0.8662368107126216
25889,LOF,0.039335576138048695,0.020824438514718012,0.9398399853472333
25890,LOF,0.049243840899709276,0.1390090819027327,0.811747077197558
25891,LOF,0.03835726230981283,0.05055180744872679,0.9110909302414605
25892,LOF,0.0914330758794523,0.0216422426327444,0.8869246814878032
25893,LOF,0.2702990213775575,0.01914105499150441,0.7105599236309381
25894,LOF,0.1889216375310981,0.010408671389592677,0.8006696910793093
25895,LOF,0.2062456319749072,0.021349841843009598,0.7724045261820832
25896,LOF,0.04948318681312344,0.022274176436589598,0.9282426367502871
25897,LOF,0.27291297138374393,0.01120124686740155,0.7158857817488545
25898,Neutral,0.6898277266470815,0.009280678930372162,0.3008915944225464
25899,LOF,0.22947128339964837,0.0192841256893748,0.7512445909109768
25900,LOF,0.4579069032961313,0.013822965367075465,0.5282701313367932
25901,LOF,0.05226765442192144,0.012022839240848123,0.9357095063372305
25902,LOF,0.17438823662598585,0.014491746358358672,0.8111200170156555
25903,Neutral,0.5784600192675414,0.027870391149706904,0.39366958958275156
25904,LOF,0.3121033978603597,0.041935996489702275,0.645960605649938
25905,LOF,0.025636387124619346,0.3437398216479465,0.6306237912274341
25906,LOF,0.027970016501679927,0.07585096285480389,0.8961790206435161
25907,LOF,0.01385944419001668,0.3562418237262622,0.6298987320837212
25908,LOF,0.010185745551049112,0.26919106026760165,0.7206231941813492
25909,LOF,0.012907488682966704,0.13421534529660994,0.8528771660204234
25910,LOF,0.04799852984521767,0.12481578946291176,0.8271856806918706
25911,LOF,0.17839041823687304,0.01794715571402378,0.8036624260491032
25912,LOF,0.05085591645731045,0.03781171693019116,0.9113323666124984
25913,LOF,0.3506936144845933,0.01888287780478769,0.6304235077106191
25914,LOF,0.019564480048353372,0.0639621867500485,0.9164733332015981
25915,Neutral,0.5498287029302293,0.1810179251653432,0.26915337190442745
25916,LOF,0.08013965543064712,0.24416244175925905,0.6756979028100938
25917,LOF,0.06645115876031657,0.04698913773204495,0.8865597035076386
25918,LOF,0.021528043325983515,0.03889586460019048,0.939576092073826
25919,LOF,0.018943652221902283,0.03853866982150581,0.9425176779565919
25920,GOF,0.10121384626791526,0.5814195707909705,0.31736658294111436
25921,LOF,0.02584986216766438,0.02611983639405439,0.9480303014382813
25922,LOF,0.03655190778982052,0.020486527945618883,0.9429615642645606
25923,LOF,0.42780697460826433,0.025444821600321764,0.5467482037914139
25924,LOF,0.03836958027065152,0.03620583223329669,0.9254245874960518
25925,LOF,0.06784218144625268,0.030503294092417862,0.9016545244613294
25926,LOF,0.046874216660734755,0.025807210747364976,0.9273185725919003
25927,LOF,0.057365735450001024,0.099688961234671,0.842945303315328
25928,LOF,0.018262957644166723,0.03409730790370178,0.9476397344521315
25929,Neutral,0.5469279717090947,0.02795709602889473,0.4251149322620106
25930,LOF,0.06684151374476507,0.022762684869104807,0.9103958013861302
25931,LOF,0.02458159232355697,0.023528075845827657,0.9518903318306153
25932,LOF,0.02791523109375213,0.01967111960155206,0.9524136493046959
25933,LOF,0.038769348136623236,0.014893367081413884,0.9463372847819629
25934,LOF,0.024594036863086612,0.01600565991914388,0.9594003032177695
25935,LOF,0.057572624981465724,0.03735225355803833,0.905075121460496
25936,LOF,0.04472318958190508,0.016576423493571656,0.9387003869245233
25937,LOF,0.02615160671037857,0.02828720083876185,0.9455611924508596
25938,LOF,0.06028833856750325,0.03870918146740797,0.9010024799650889
25939,LOF,0.037815134629325495,0.014595135795534323,0.9475897295751401
25940,LOF,0.03277500908008993,0.3637501450976599,0.6034748458222502
25941,LOF,0.19462649076241093,0.12170308901997624,0.6836704202176128
25942,LOF,0.014304600478793667,0.036411585155979344,0.9492838143652269
25943,LOF,0.29307054391974385,0.05488562918726088,0.6520438268929953
25944,Neutral,0.49383169172260466,0.023813644817735142,0.48235466345966016
25945,LOF,0.08220533888701623,0.02389715907865943,0.8938975020343243
25946,LOF,0.029938084507953832,0.1096036876583651,0.860458227833681
25947,LOF,0.0957854195178037,0.2049508408559402,0.6992637396262562
25948,LOF,0.35258529278415623,0.009659994850151397,0.6377547123656924
25949,LOF,0.13959320221992122,0.04005386169182711,0.8203529360882517
25950,GOF,0.27854154956846233,0.362931758619592,0.35852669181194574
25951,LOF,0.20758623792070804,0.2501566801891587,0.5422570818901332
25952,LOF,0.043593720424591496,0.4303936780716232,0.5260126015037853
25953,LOF,0.14992832927129554,0.10329089770586805,0.7467807730228364
25954,Neutral,0.4553712336667837,0.17222023562573172,0.37240853070748453
25955,LOF,0.04856904902462589,0.07839946135608411,0.87303148961929
25956,LOF,0.1604308372483804,0.11250734904127856,0.727061813710341
25957,LOF,0.03544638466298168,0.02917893877472469,0.9353746765622936
25958,LOF,0.056366020058096315,0.02929971562445505,0.9143342643174487
25959,LOF,0.06206645120958226,0.3572704282433947,0.5806631205470231
25960,LOF,0.015624178785596543,0.050154043417478825,0.9342217777969246
25961,LOF,0.04167362850142057,0.029633811464576564,0.928692560034003
25962,LOF,0.05353225259690259,0.025628049083042222,0.9208396983200551
25963,LOF,0.04776145365247656,0.19502687266362512,0.7572116736838983
25964,LOF,0.035007852412869515,0.14864315128447272,0.8163489963026578
25965,Neutral,0.4726790966192851,0.06181910376614069,0.4655017996145743
25966,Neutral,0.5341351834255643,0.1764212469748896,0.28944356959954604
25967,LOF,0.01870575598792384,0.10848817138900783,0.8728060726230683
25968,LOF,0.02841444167877793,0.402635944450273,0.5689496138709491
25969,LOF,0.02588619997187895,0.06557467135634369,0.9085391286717773
25970,LOF,0.05756210915524778,0.06700965693391832,0.8754282339108339
25971,LOF,0.0609754510879143,0.020258537245185775,0.9187660116669
25972,LOF,0.06723700041529611,0.027243459900538343,0.9055195396841654
25973,LOF,0.071579728876827,0.010323074782639805,0.9180971963405332
25974,LOF,0.20827696517575303,0.017855846835131587,0.7738671879891154
25975,LOF,0.041332597070767016,0.031080037052204575,0.9275873658770283
25976,LOF,0.043787750010645485,0.016793306593621483,0.9394189433957331
25977,LOF,0.14761438484912393,0.09111679303986268,0.7612688221110134
25978,LOF,0.14837721067838847,0.05995149860273371,0.7916712907188779
25979,LOF,0.13576227976336028,0.060358773951719354,0.8038789462849203
25980,LOF,0.23126277118116528,0.07284414838508899,0.6958930804337456
25981,LOF,0.2620995513166829,0.07112675809183326,0.6667736905914838
25982,LOF,0.39642955558966714,0.04978967656906752,0.5537807678412653
25983,LOF,0.3771797487835136,0.05447226884916255,0.5683479823673239
25984,LOF,0.048325269297013536,0.04271863751580091,0.9089560931871856
25985,LOF,0.0404410900596014,0.24569072989735158,0.7138681800430471
25986,LOF,0.04184082365672776,0.29319044430787466,0.6649687320353974
25987,LOF,0.0819984445888993,0.06644570375578276,0.851555851655318
25988,LOF,0.16674940193907808,0.05627635287804971,0.7769742451828722
25989,LOF,0.03479386588972659,0.12353200974014099,0.8416741243701324
25990,LOF,0.043991256101488775,0.15348504285416492,0.8025237010443462
25991,LOF,0.11495581764880336,0.2748431417165399,0.6102010406346569
25992,LOF,0.29115003263337197,0.1719006286053,0.536949338761328
25993,LOF,0.02190514686995175,0.07675613958203673,0.9013387135480114
25994,LOF,0.01606312655056825,0.09812066377625492,0.8858162096731768
25995,LOF,0.02392725466647697,0.20443192469842125,0.7716408206351018
25996,GOF,0.33410216511226365,0.42576859858790433,0.24012923629983204
25997,LOF,0.0765139692631233,0.4028351938095339,0.5206508369273428
25998,Neutral,0.5161824934309213,0.02645173820160552,0.45736576836747317
25999,LOF,0.09974820768164115,0.09800214031426882,0.80224965200409
26000,LOF,0.15621174594397838,0.04555873760686605,0.7982295164491555
26001,LOF,0.19723388329039876,0.05066758354054931,0.752098533169052
26002,LOF,0.14522206637653232,0.04766519116809158,0.8071127424553762
26003,GOF,0.010873069342326588,0.5835708721330276,0.4055560585246459
26004,GOF,0.020693892303673418,0.6663730741364908,0.3129330335598357
26005,LOF,0.006741306278739506,0.4678336650806108,0.5254250286406498
26006,Neutral,0.48672091152514846,0.26541329947001624,0.2478657890048352
26007,GOF,0.021690650622653906,0.5296252254584005,0.4486841239189455
26008,GOF,0.015807309499510452,0.5853411817064881,0.39885150879400155
26009,GOF,0.019215406642864682,0.678994050013181,0.30179054334395433
26010,GOF,0.022479202222399405,0.6478887417390182,0.3296320560385825
26011,LOF,0.006890582546734331,0.44075809267022964,0.5523513247830361
26012,GOF,0.0128873583185914,0.535700256369733,0.45141238531167566
26013,GOF,0.01809289850701755,0.6105374576188896,0.371369643874093
26014,LOF,0.0423630060539736,0.09995691089324764,0.8576800830527788
26015,LOF,0.144963069997434,0.01453572524561688,0.8405012047569492
26016,LOF,0.2018855022884723,0.05844198212403765,0.7396725155874901
26017,LOF,0.22929588447704002,0.08704514144183248,0.6836589740811275
26018,LOF,0.0866086041396627,0.03418426473648389,0.8792071311238533
26019,LOF,0.0833059792133283,0.026192699655193868,0.8905013211314778
26020,LOF,0.07595228131677415,0.10322492955763797,0.8208227891255879
26021,LOF,0.051184831334533554,0.10932793725415782,0.8394872314113087
26022,LOF,0.012035571559476323,0.037402012041024134,0.9505624163994996
26023,LOF,0.07342079922908655,0.020309010669119734,0.9062701901017938
26024,LOF,0.03229735749574654,0.11146893693709377,0.8562337055671596
26025,LOF,0.15606562688632222,0.09132700430415262,0.7526073688095253
26026,LOF,0.32069034267188984,0.028010458377371022,0.6512991989507392
26027,LOF,0.06609947837579096,0.016197655605933524,0.9177028660182756
26028,LOF,0.16615566647443983,0.06824169400728046,0.7656026395182797
26029,LOF,0.06665049274621228,0.21152709094207794,0.7218224163117097
26030,LOF,0.0211195831481389,0.061298656013958897,0.9175817608379023
26031,LOF,0.024362122642694176,0.15887533735219497,0.8167625400051108
26032,LOF,0.06511759430935861,0.09604098686319713,0.8388414188274443
26033,LOF,0.08003647385521148,0.091441289448176,0.8285222366966124
26034,LOF,0.040517719249014865,0.18403980921819738,0.7754424715327877
26035,LOF,0.026886567038215334,0.17715557324813205,0.7959578597136526
26036,LOF,0.03990958843690347,0.19465566893609898,0.7654347426269976
26037,LOF,0.022142469835557024,0.14311406376221456,0.8347434664022283
26038,LOF,0.060379604135593984,0.09883920986338109,0.8407811860010249
26039,LOF,0.046935312126274206,0.17582915093408746,0.7772355369396382
26040,LOF,0.18856712124946273,0.13677334139184036,0.6746595373586969
26041,LOF,0.02282397193175583,0.1341273089104088,0.8430487191578354
26042,LOF,0.02052744372978871,0.1248845567765927,0.8545879994936185
26043,LOF,0.06101598971703352,0.11442511936775768,0.8245588909152088
26044,LOF,0.020502008643461585,0.07736842916532048,0.902129562191218
26045,LOF,0.06851119395608979,0.11796607998422667,0.8135227260596836
26046,LOF,0.05571453726133966,0.09119559862234762,0.8530898641163128
26047,LOF,0.07479617888716149,0.09620452818028499,0.8289992929325535
26048,LOF,0.049851168448380605,0.044667844920364554,0.9054809866312548
26049,Neutral,0.9674753884929126,0.008202559122622365,0.024322052384464964
26050,Neutral,0.9531543275230989,0.010342896517431246,0.03650277595946986
26051,LOF,0.051036498854627195,0.28983117888400156,0.6591323222613713
26052,LOF,0.07492220868573,0.3592298311272761,0.5658479601869939
26053,LOF,0.06518621913401539,0.14095959765058957,0.793854183215395
26054,LOF,0.05233873584302366,0.01638393774607108,0.9312773264109052
26055,LOF,0.06655705476010876,0.013787293411099539,0.9196556518287917
26056,LOF,0.05839888384976789,0.0155317655053681,0.9260693506448641
26057,LOF,0.02979753561770721,0.012246445387991387,0.9579560189943015
26058,LOF,0.030935247652026144,0.009916538357699085,0.9591482139902748
26059,LOF,0.2786255086834279,0.019504088473411497,0.7018704028431607
26060,LOF,0.03875081751509292,0.16462535589052277,0.7966238265943844
26061,LOF,0.018487912025203057,0.010805137223162863,0.9707069507516339
26062,LOF,0.010439774520925295,0.017483112018868315,0.9720771134602064
26063,LOF,0.02062609499387632,0.011240115861731,0.9681337891443926
26064,LOF,0.021360915372526965,0.020665227663048864,0.957973856964424
26065,LOF,0.024736214364748096,0.01028463915710132,0.9649791464781506
26066,LOF,0.021363571017641875,0.01105667133647308,0.967579757645885
26067,LOF,0.02640770994529733,0.0080755775192747,0.9655167125354279
26068,LOF,0.04620866149912125,0.02781373145573016,0.9259776070451486
26069,LOF,0.26648316634018054,0.018529404548582793,0.7149874291112367
26070,LOF,0.41836844529336015,0.015177214718398209,0.5664543399882417
26071,LOF,0.020734199261357993,0.01174331025344248,0.9675224904851994
26072,LOF,0.021608030425020498,0.015164603638300165,0.9632273659366793
26073,LOF,0.020978021338203166,0.009714762501238448,0.9693072161605584
26074,Neutral,0.9108630476351809,0.005411727451869586,0.0837252249129494
26075,LOF,0.04468871389253761,0.013783385802292238,0.9415279003051702
26076,LOF,0.04107575804941298,0.008428061265979508,0.9504961806846074
26077,LOF,0.010241694422675057,0.015639419061702128,0.9741188865156228
26078,LOF,0.01395487951561661,0.0113728758081965,0.9746722446761868
26079,LOF,0.06103710866481728,0.01571499096250126,0.9232479003726815
26080,LOF,0.05952727633651453,0.015749209884652594,0.9247235137788329
26081,LOF,0.03453610790480122,0.005878238748821701,0.959585653346377
26082,LOF,0.013840893324368803,0.014850375242707419,0.9713087314329237
26083,LOF,0.17345626229005603,0.01286914692398478,0.8136745907859592
26084,LOF,0.04237285426564766,0.011226398860360904,0.9464007468739914
26085,LOF,0.03840111067214275,0.010717942700186127,0.9508809466276712
26086,LOF,0.020330850556553173,0.01004301356250851,0.9696261358809383
26087,LOF,0.024327913254192108,0.007385230040849252,0.9682868567049586
26088,LOF,0.015371960699481086,0.022458774482121573,0.9621692648183973
26089,LOF,0.042536042961265196,0.01911342780349348,0.9383505292352414
26090,LOF,0.041949912361836046,0.015877303526269093,0.9421727841118948
26091,LOF,0.03243867664309532,0.005792071406305815,0.9617692519505989
26092,LOF,0.022659333025587966,0.007773210991460825,0.9695674559829511
26093,LOF,0.03443866191550361,0.005383381037170654,0.9601779570473258
26094,LOF,0.03581122868913087,0.005605935545788782,0.9585828357650803
26095,LOF,0.03650525140414317,0.013317331214387771,0.9501774173814691
26096,LOF,0.018553508281053652,0.010949080086050448,0.9704974116328958
26097,LOF,0.012612452616240857,0.03173652162794698,0.9556510257558122
26098,LOF,0.08149207518403755,0.010214137793350151,0.9082937870226123
26099,LOF,0.02120278027076631,0.011744901025360873,0.9670523187038729
26100,LOF,0.023332710301328205,0.011277539281158834,0.9653897504175131
26101,LOF,0.0469443501251179,0.01553438273061782,0.9375212671442642
26102,LOF,0.0206166244209243,0.011971480949394122,0.9674118946296816
26103,Neutral,0.8841719622491724,0.017052284603346145,0.09877575314748134
26104,LOF,0.08290465266216313,0.022000096523376384,0.8950952508144604
26105,LOF,0.2046785230007559,0.26146406424675944,0.5338574127524847
26106,LOF,0.16843206463925145,0.1084405590098309,0.7231273763509177
26107,LOF,0.24004172862459514,0.0791309527728915,0.6808273186025134
26108,LOF,0.2593350086747687,0.09848277254392356,0.6421822187813077
26109,LOF,0.09567167155836044,0.05801379892137936,0.8463145295202602
26110,LOF,0.19091104456707259,0.008052563118763692,0.8010363923141638
26111,Neutral,0.517272918608501,0.024688458666353524,0.45803862272514545
26112,LOF,0.031297138704493035,0.007891361463888196,0.9608114998316188
26113,LOF,0.06575113766003671,0.017354994771628215,0.916893867568335
26114,LOF,0.02647347824419353,0.028722394677783796,0.9448041270780226
26115,LOF,0.08405144714955605,0.05699366539818598,0.858954887452258
26116,LOF,0.06563649145709154,0.07439976777281568,0.8599637407700929
26117,LOF,0.4349710574739504,0.04016491176741873,0.5248640307586309
26118,LOF,0.03276444506807007,0.024452555453781562,0.9427829994781485
26119,LOF,0.021850813705614622,0.03969857667087993,0.9384506096235055
26120,LOF,0.025768807514399115,0.018765044675872585,0.9554661478097283
26121,LOF,0.04494252065739555,0.07564949776924988,0.8794079815733545
26122,LOF,0.04643722607329893,0.03396039647004707,0.919602377456654
