feature0,prediction,LoGoFunc_Neutral,LoGoFunc_GOF,LoGoFunc_LOF
25546,Neutral,0.6068568707972595,0.05433924620903293,0.33880388299370773
25547,Neutral,0.477433508258808,0.08830873196673816,0.4342577597744538
25548,Neutral,0.4936650796489388,0.07101599676553137,0.4353189235855299
25549,LOF,0.4219472961621893,0.07124842211467187,0.5068042817231387
25550,LOF,0.34495447839127785,0.10103291019291466,0.5540126114158075
25551,LOF,0.30279297465211263,0.11198582259653748,0.5852212027513499
25552,LOF,0.2726035273364902,0.11374170920230077,0.6136547634612091
25553,Neutral,0.7786675898105592,0.042640173327180765,0.17869223686226013
25554,LOF,0.3121790769062851,0.10030874833996051,0.5875121747537544
25555,LOF,0.2727309811939431,0.09559631138185573,0.6316727074242011
25556,LOF,0.43649317239130936,0.08330060769045063,0.4802062199182401
25557,LOF,0.2708650404346081,0.10032140153287927,0.6288135580325127
25558,LOF,0.3193130739633612,0.09655555281935041,0.5841313732172885
25559,LOF,0.26205585957823124,0.1527450703091099,0.5851990701126588
25560,LOF,0.1885276803015661,0.10349106491586199,0.707981254782572
25561,LOF,0.16986108576930356,0.12668048963713946,0.703458424593557
25562,LOF,0.08336392294510457,0.08129619697885294,0.8353398800760424
25563,LOF,0.03349241718831212,0.11575025603012293,0.8507573267815649
25564,LOF,0.22060118623473488,0.10065594377430871,0.6787428699909565
25565,LOF,0.21457084056033673,0.1404838428596031,0.6449453165800603
25566,GOF,0.07914145498311312,0.6749223977545217,0.24593614726236518
25567,LOF,0.04439551967919279,0.19752006897558358,0.7580844113452238
25568,LOF,0.0609285852216999,0.10531656553193745,0.8337548492463626
25569,LOF,0.058200936833710665,0.10495579526336804,0.8368432679029213
25570,LOF,0.027577493815721364,0.13188262258074404,0.8405398836035346
25571,LOF,0.028345007449171518,0.1413627598598005,0.830292232691028
25572,LOF,0.07220006584848615,0.16400168392936748,0.7637982502221464
25573,LOF,0.05333193853078116,0.13079045648181675,0.815877604987402
25574,LOF,0.05539373417694491,0.2521936924414696,0.6924125733815855
25575,LOF,0.02278179746683149,0.15043928084523236,0.8267789216879361
25576,LOF,0.03133025659384345,0.20759470179465012,0.7610750416115064
25577,LOF,0.03526071296386651,0.15292173669888845,0.811817550337245
25578,LOF,0.29294787365623853,0.13182306782257647,0.575229058521185
25579,LOF,0.17995641601323625,0.13079548914282477,0.689248094843939
25580,LOF,0.019172873767235,0.10937540654697674,0.8714517196857883
25581,LOF,0.05225812450415335,0.09727259755624244,0.8504692779396043
25582,LOF,0.05200891219998394,0.09486252846355853,0.8531285593364575
25583,LOF,0.02240698274520707,0.12090308638046143,0.8566899308743315
25584,Neutral,0.6629519542944378,0.1519806243888413,0.185067421316721
25585,LOF,0.0206255867796006,0.18889652692111167,0.7904778862992877
25586,LOF,0.016591529425724384,0.10007656460254663,0.883331905971729
25587,LOF,0.01620781424482953,0.09074091285299483,0.8930512729021756
25588,LOF,0.01949873294863819,0.104773266528238,0.8757280005231239
25589,Neutral,0.4865623472680999,0.2624857060295701,0.25095194670233
25590,LOF,0.05117100388412821,0.16638481742768693,0.7824441786881848
25591,LOF,0.09061221858264483,0.08498314448872583,0.8244046369286293
25592,LOF,0.05623517364671143,0.21147748436501432,0.7322873419882743
25593,LOF,0.11799957177453878,0.33003454670928684,0.5519658815161744
25594,LOF,0.045233066946906146,0.0944329375064166,0.8603339955466772
25595,LOF,0.045468996344721395,0.06535776511586118,0.8891732385394173
25596,LOF,0.09337441857743975,0.030163102221841914,0.8764624792007184
25597,LOF,0.07808828846845663,0.04291598942024534,0.8789957221112981
25598,LOF,0.044643130463111226,0.06648870542008949,0.8888681641167991
25599,LOF,0.02127410191035687,0.4223013048300385,0.5564245932596046
25600,GOF,0.18460001788763725,0.4310457049990917,0.38435427711327097
25601,LOF,0.04284684559555932,0.34825194671680765,0.6089012076876331
25602,LOF,0.032831618987331924,0.06193450166756075,0.9052338793451074
25603,LOF,0.03775577119515493,0.039099323491780615,0.9231449053130645
25604,LOF,0.03609072586396823,0.08103840799938412,0.8828708661366476
25605,LOF,0.032814757979680705,0.18936324826707412,0.7778219937532452
25606,LOF,0.40059507458924654,0.12057368918958516,0.47883123622116835
25607,LOF,0.032979503039943465,0.18938149279133354,0.7776390041687231
25608,LOF,0.03876545051624858,0.09139901698726964,0.8698355324964817
25609,GOF,0.1439985249271295,0.5304249883690759,0.32557648670379463
25610,LOF,0.015491233498623361,0.04713409834337256,0.937374668158004
25611,LOF,0.012315453030110383,0.05043158061341847,0.937252966356471
25612,LOF,0.042369645271803986,0.08338833202744872,0.8742420227007472
25613,LOF,0.04257520779647364,0.07508178017980573,0.8823430120237207
25614,LOF,0.021068950108546022,0.04354093614913028,0.9353901137423237
25615,LOF,0.0424286107569034,0.07536093632841384,0.8822104529146827
25616,LOF,0.04943363219592016,0.04635993136240074,0.904206436441679
25617,LOF,0.04122510394391972,0.05768164365493337,0.9010932524011469
25618,LOF,0.04126245399506537,0.06306921835371417,0.8956683276512205
25619,LOF,0.011517941793245893,0.05980942311958014,0.928672635087174
25620,LOF,0.054663922320001,0.06909576907554899,0.87624030860445
25621,LOF,0.05343257779217328,0.05772324791617137,0.8888441742916553
25622,LOF,0.060598717184541975,0.06046931304415074,0.8789319697713072
25623,LOF,0.06564622028429525,0.051126979047117195,0.8832268006685876
25624,LOF,0.016709493161049676,0.057439995391357336,0.9258505114475931
25625,LOF,0.0574665557165285,0.057834250697703274,0.8846991935857683
25626,LOF,0.042731020245293225,0.07282142074319337,0.8844475590115133
25627,Neutral,0.8900062804849254,0.022684385155657516,0.0873093343594171
25628,LOF,0.15762354210321727,0.062422309768845226,0.7799541481279376
25629,LOF,0.06231325717089682,0.05207032839892878,0.8856164144301745
25630,LOF,0.2603504849674066,0.0735146357688031,0.6661348792637902
25631,Neutral,0.5347997547961474,0.07216805436655234,0.3930321908373002
25632,LOF,0.025801863362679825,0.0745233466741628,0.8996747899631573
25633,LOF,0.20430306878683935,0.04816829919152744,0.7475286320216333
25634,LOF,0.034896184913462296,0.10836286269315545,0.8567409523933823
25635,LOF,0.03606044669752437,0.05320154418764357,0.910738009114832
25636,LOF,0.03872783937099929,0.4415346484825104,0.5197375121464903
25637,GOF,0.07732739319442807,0.4753895348873963,0.4472830719181756
25638,LOF,0.03389293566716033,0.3696429189927104,0.5964641453401293
25639,LOF,0.030967202727567804,0.3844679787943203,0.5845648184781118
25640,Neutral,0.8250843507259212,0.12242554052120706,0.05249010875287167
25641,GOF,0.07490270574185226,0.5070520701725749,0.4180452240855728
25642,LOF,0.06237236981192319,0.17734184874728742,0.7602857814407893
25643,LOF,0.22860645432366966,0.13164533987633964,0.6397482057999907
25644,LOF,0.02777156460927175,0.48286573733941035,0.4893626980513179
25645,LOF,0.030204350455700576,0.42907115864440765,0.5407244908998917
25646,LOF,0.059961920770279786,0.32639644337243623,0.6136416358572839
25647,LOF,0.030270523482513273,0.2639626326018684,0.7057668439156183
25648,LOF,0.03547118227173843,0.2634959200359476,0.7010328976923141
25649,LOF,0.019234282632651544,0.2255716146556449,0.7551941027117036
25650,LOF,0.059395618970523215,0.3970485489512389,0.5435558320782379
25651,LOF,0.021114299504740364,0.26243412980224673,0.7164515706930129
25652,LOF,0.03617166265065129,0.2770024106550695,0.6868259266942792
25653,LOF,0.09106823992057886,0.42423003056612807,0.4847017295132931
25654,LOF,0.021613355966750843,0.24436444183099804,0.7340222022022511
25655,GOF,0.24516271866155395,0.40830077236283746,0.34653650897560867
25656,LOF,0.3589767420611065,0.09746071373911411,0.5435625441997793
25657,LOF,0.06840829121073223,0.08369356594913654,0.8478981428401312
25658,LOF,0.39136203203931025,0.09412007945245564,0.5145178885082341
25659,Neutral,0.5172795262965194,0.11694286782461626,0.36577760587886443
25660,LOF,0.023141681719380577,0.09089490785927272,0.8859634104213467
25661,LOF,0.09682045059455112,0.0590876549706643,0.8440918944347846
25662,LOF,0.03461408378560771,0.032842217973641084,0.9325436982407512
25663,LOF,0.043512760673490115,0.04309355803746432,0.9133936812890456
25664,LOF,0.1391740432611637,0.06397682732098224,0.7968491294178541
25665,LOF,0.05692626973632023,0.030932445864250733,0.9121412843994291
25666,LOF,0.09615307680950315,0.06676016565957175,0.837086757530925
25667,LOF,0.07558943385412724,0.03946299500582039,0.8849475711400525
25668,LOF,0.03771589519492266,0.04718568653939907,0.9150984182656783
25669,LOF,0.03031179023207771,0.04428328394925524,0.925404925818667
25670,LOF,0.16370490079299507,0.05347013606836594,0.7828249631386389
25671,LOF,0.11873243484568599,0.03326903110223226,0.8479985340520817
25672,LOF,0.049977400907070355,0.041857703179785655,0.9081648959131439
25673,LOF,0.07992352399038813,0.04875614946165891,0.8713203265479529
25674,LOF,0.06618950797860801,0.058347205213826005,0.8754632868075659
25675,LOF,0.12268912625795106,0.06158445287625838,0.8157264208657906
25676,LOF,0.01947017286233024,0.05017315175598661,0.9303566753816832
25677,LOF,0.025021986279585885,0.06622746009359928,0.9087505536268148
25678,LOF,0.22266137760894486,0.07026101053119461,0.7070776118598606
25679,LOF,0.1250139404988987,0.07347546793826983,0.8015105915628314
25680,LOF,0.03501206947391115,0.11203607246703884,0.8529518580590499
25681,LOF,0.053004671960590895,0.10402317717189431,0.8429721508675146
25682,LOF,0.1454332530668449,0.0687017666774765,0.7858649802556786
25683,LOF,0.11968977812676324,0.08207988859314999,0.7982303332800867
25684,LOF,0.040661878244949615,0.06377469628770296,0.8955634254673475
25685,LOF,0.12355169822595338,0.0763901825249935,0.8000581192490531
25686,LOF,0.08183227466871786,0.10372719015976066,0.8144405351715215
25687,LOF,0.12445314558070085,0.10708144284769064,0.7684654115716085
25688,LOF,0.38117109499866936,0.04716862905458401,0.5716602759467467
25689,LOF,0.2751307013005116,0.053683404658121894,0.6711858940413665
25690,LOF,0.35892715749530085,0.04068604343533324,0.600386799069366
25691,Neutral,0.7044288848026081,0.03639061961027991,0.25918049558711204
25692,LOF,0.34451244428855105,0.013251003256463228,0.6422365524549858
25693,LOF,0.0488160945701135,0.47121420895902805,0.4799696964708586
25694,LOF,0.12030228047972663,0.017971664787880114,0.8617260547323933
25695,LOF,0.10899905749902308,0.017565847140803226,0.8734350953601737
25696,LOF,0.12170895281815387,0.011194774927683742,0.8670962722541624
25697,LOF,0.0912072938334005,0.054223725033401886,0.8545689811331977
25698,LOF,0.3449009878176531,0.16291912305219286,0.4921798891301539
25699,Neutral,0.5141054267884154,0.048693852109778876,0.4372007211018058
25700,LOF,0.08208017151498682,0.010500451746110258,0.9074193767389029
25701,LOF,0.19598998514653185,0.04687294656867793,0.7571370682847902
25702,GOF,0.17791531414388642,0.5752151784933338,0.24686950736277974
25703,LOF,0.014854447064588418,0.14401839300238223,0.8411271599330293
25704,LOF,0.03898956223171157,0.11041896912974009,0.8505914686385483
25705,LOF,0.054448971309990456,0.1384925110145375,0.8070585176754721
25706,LOF,0.10859677409098331,0.41536880479572014,0.47603442111329664
25707,LOF,0.1053915380414365,0.36138291695013025,0.5332255450084333
25708,LOF,0.037176004901579844,0.3350216016488719,0.6278023934495484
25709,LOF,0.06663108286394447,0.04637869849704222,0.8869902186390133
25710,LOF,0.011431952046333143,0.16874044741582647,0.8198276005378405
25711,LOF,0.022139925837374206,0.08248430969929858,0.8953757644633272
25712,LOF,0.013579653718955984,0.19989206121665068,0.7865282850643934
25713,LOF,0.01906631724574065,0.08443318490669709,0.8965004978475621
25714,LOF,0.0780399427775374,0.07996104475957536,0.8419990124628873
25715,LOF,0.011577556081987702,0.1407432466260204,0.8476791972919918
25716,LOF,0.01067822272436146,0.10693014183936743,0.8823916354362712
25717,LOF,0.015614346418191401,0.07019736729487451,0.914188286286934
25718,LOF,0.011452525605915273,0.0873667461151391,0.9011807282789457
25719,LOF,0.020162934958497646,0.07991396654133656,0.8999230985001658
25720,LOF,0.024561961486148018,0.07347392917438286,0.901964109339469
25721,LOF,0.013718208542526618,0.11842184404061575,0.8678599474168577
25722,LOF,0.014105383804310595,0.1262320243650818,0.8596625918306076
25723,LOF,0.023677101935208736,0.051537253670553805,0.9247856443942375
25724,LOF,0.032185312073860696,0.08796987970416839,0.8798448082219709
25725,LOF,0.011275319521483293,0.08601101156730707,0.9027136689112096
25726,LOF,0.01632250309899646,0.11803877803058804,0.8656387188704155
25727,LOF,0.012050529656098824,0.08377635137538139,0.9041731189685198
25728,LOF,0.010098776957855366,0.11125438986088422,0.8786468331812604
25729,LOF,0.010452770710772602,0.10932858545911577,0.8802186438301117
25730,LOF,0.01408446789076941,0.09471408215727564,0.8912014499519549
25731,LOF,0.019402967811942184,0.10307070797005453,0.8775263242180033
25732,LOF,0.014516945841569819,0.07650852872292288,0.9089745254355072
25733,LOF,0.016537943077976083,0.07405570667156304,0.9094063502504608
25734,LOF,0.011097019235332803,0.11890665536030962,0.8699963254043576
25735,LOF,0.012105996949631352,0.08217183713135073,0.9057221659190179
25736,LOF,0.01351106749349347,0.09628581025842123,0.8902031222480853
25737,LOF,0.012808401135625072,0.07357200948963594,0.913619589374739
25738,LOF,0.011805366963884702,0.1071778133634845,0.8810168196726309
25739,LOF,0.02089961938938457,0.0804548229100854,0.89864555770053
25740,LOF,0.028232823146881365,0.1168202073943735,0.854946969458745
25741,LOF,0.014989699548292944,0.11831537821270646,0.8666949222390007
25742,LOF,0.1281262821744657,0.07973097398399565,0.7921427438415387
25743,LOF,0.03614781742982845,0.05344044384959,0.9104117387205816
25744,Neutral,0.5188947556531588,0.27082859434052237,0.21027665000631884
25745,LOF,0.053903502241855986,0.08300169668989398,0.86309480106825
25746,LOF,0.038443291377353035,0.10436198182103262,0.8571947268016143
25747,LOF,0.01812879204170005,0.06930875239967915,0.9125624555586209
25748,LOF,0.10225814253260289,0.10022291536482646,0.7975189421025706
25749,LOF,0.024302151491306045,0.09145137164447222,0.8842464768642219
25750,LOF,0.0741054740776,0.09830261348710835,0.8275919124352916
25751,LOF,0.08095639511173755,0.1334912060325085,0.7855523988557539
25752,GOF,0.1280223355941138,0.6336089850796381,0.23836867932624817
25753,LOF,0.023268998530153837,0.28541220691358404,0.6913187945562621
25754,GOF,0.013782357264354589,0.7805674236279312,0.2056502191077142
25755,LOF,0.025550461610385634,0.3755160395091641,0.5989334988804503
25756,LOF,0.04904487667853664,0.35105633507904477,0.5998987882424185
25757,GOF,0.01748914728892285,0.8221285574202576,0.16038229529081954
25758,GOF,0.03261362651480462,0.7817834750970722,0.18560289838812302
25759,GOF,0.011317549559472138,0.5967915989069421,0.39189085153358566
25760,LOF,0.013468514472633482,0.27642393205006843,0.7101075534772981
25761,GOF,0.2828060707856656,0.6079994113798906,0.1091945178344439
25762,LOF,0.048876000798002306,0.2630484782145774,0.6880755209874203
25763,LOF,0.015696521967971524,0.21857260343078574,0.7657308746012428
25764,GOF,0.0937299126036739,0.6219796110390925,0.2842904763572334
25765,GOF,0.03823240844081804,0.727569525273111,0.23419806628607084
25766,GOF,0.07169900154958099,0.7311174662443809,0.19718353220603815
25767,GOF,0.15365595085679787,0.508734866843754,0.3376091822994481
25768,LOF,0.11196572183899718,0.05654942618610671,0.8314848519748961
25769,LOF,0.05899767497214483,0.06379215953573986,0.8772101654921154
25770,LOF,0.3381903881915335,0.10884714440088418,0.5529624674075824
25771,LOF,0.047333562715684126,0.05143126550334967,0.9012351717809661
25772,LOF,0.01885501849649113,0.042632863068994206,0.9385121184345148
25773,LOF,0.04860453312617214,0.09742083083326464,0.8539746360405632
25774,LOF,0.027998028106455398,0.08251232745774184,0.8894896444358027
25775,LOF,0.04822007314514437,0.050134159867063176,0.9016457669877925
25776,LOF,0.07857333858183474,0.027071524619046005,0.8943551367991192
25777,LOF,0.34926178486153525,0.0652633733543313,0.5854748417841334
25778,LOF,0.07558131400662889,0.04786262295142602,0.876556063041945
25779,GOF,0.3689660822549249,0.5835439262123198,0.04748999153275546
25780,GOF,0.33119439093201103,0.5882997365224947,0.08050587254549438
25781,GOF,0.1448110017418467,0.7449296532285161,0.11025934502963713
25782,GOF,0.2286485735273521,0.679633420599887,0.09171800587276105
25783,GOF,0.022302969362349028,0.6262603228944406,0.35143670774321045
25784,Neutral,0.504785921609406,0.45231449929469003,0.04289957909590392
25785,GOF,0.45972351522298577,0.5056569013038567,0.03461958347315752
25786,GOF,0.02922747303527171,0.7546763519489313,0.21609617501579684
25787,Neutral,0.6541150724955234,0.32209416734117147,0.02379076016330516
25788,LOF,0.056226980110625144,0.11093460624020497,0.8328384136491699
25789,GOF,0.24031685108100578,0.6264837859588408,0.1331993629601533
25790,GOF,0.23844098888240114,0.6576016370583284,0.10395737405927047
25791,GOF,0.18123488138777008,0.6758862564291268,0.142878862183103
25792,GOF,0.38416808232485294,0.504769999810841,0.11106191786430594
25793,GOF,0.2541065758767335,0.554120040780111,0.19177338334315555
25794,GOF,0.3016580577545466,0.5380899634962371,0.1602519787492163
25795,GOF,0.08635944965381376,0.6562356775543332,0.2574048727918531
25796,Neutral,0.5597182798780979,0.35964319401652856,0.08063852610537367
25797,GOF,0.09214829437699587,0.5178847397272812,0.38996696589572294
25798,GOF,0.008358073501282197,0.5135349298166514,0.4781069966820664
25799,LOF,0.007364508053958615,0.4300479546039401,0.5625875373421013
25800,GOF,0.03233350028778577,0.6047302574945695,0.3629362422176448
25801,GOF,0.2160659252586169,0.6651386733365655,0.11879540140481763
25802,GOF,0.053387407246423935,0.7148028903363428,0.23180970241723323
25803,GOF,0.03568785732759269,0.5970316014255928,0.3672805412468146
25804,GOF,0.033245632484928844,0.531591126439333,0.43516324107573817
25805,GOF,0.10170497635108934,0.595597694973485,0.3026973286754257
25806,GOF,0.10228297996771799,0.6001689834793359,0.29754803655294615
25807,GOF,0.018741726821426122,0.6256073439187807,0.35565092925979314
25808,GOF,0.09163125081702499,0.6225237428597007,0.2858450063232743
25809,GOF,0.0197541115469002,0.6244019241220942,0.35584396433100574
25810,GOF,0.01827032822348855,0.63546649228827,0.3462631794882414
25811,Neutral,0.48120232103536975,0.44859080169972004,0.07020687726491015
25812,GOF,0.03419556034986546,0.6451506844422494,0.320653755207885
25813,Neutral,0.5264973988573041,0.37587109419622633,0.09763150694646966
25814,GOF,0.1302818731433226,0.6499021999709793,0.219815926885698
25815,GOF,0.19252010687964352,0.6137607900940166,0.19371910302633996
25816,GOF,0.02080083669579483,0.6938003447842587,0.2853988185199464
25817,GOF,0.23504102190780055,0.6182314782070836,0.14672749988511574
25818,GOF,0.056246040076249615,0.6317560451803336,0.3119979147434168
25819,GOF,0.39119319558592686,0.46644854808762026,0.1423582563264529
25820,GOF,0.18385433730330658,0.5916522135231874,0.22449344917350603
25821,GOF,0.05800636732087912,0.6748174814242333,0.2671761512548876
25822,GOF,0.20796791441169743,0.5542379751825581,0.23779411040574439
25823,GOF,0.030547403826673692,0.5193863218343362,0.4500662743389901
25824,GOF,0.07320249477422702,0.5687146567631542,0.3580828484626187
25825,GOF,0.030332899123756935,0.5581764173727739,0.41149068350346907
25826,GOF,0.010561586195616576,0.5413703782467616,0.44806803555762187
25827,GOF,0.022519769879429,0.5902395523794822,0.38724067774108883
25828,GOF,0.01241326512841336,0.5172465424432316,0.4703401924283552
25829,GOF,0.0066843930486156404,0.5722886420818803,0.42102696486950386
25830,LOF,0.0390151737379828,0.3056121692817425,0.6553726569802747
25831,GOF,0.21831339833730695,0.6402976659673296,0.1413889356953635
25832,GOF,0.03144050232755259,0.6934705143813835,0.2750889832910639
25833,GOF,0.11986111940804131,0.7017305974360849,0.17840828315587368
25834,GOF,0.03645679969676644,0.6948555573220571,0.26868764298117637
25835,GOF,0.08144244056312563,0.7270655673597702,0.19149199207710427
25836,GOF,0.04193387313010232,0.665974309211394,0.2920918176585038
25837,GOF,0.024567029290404906,0.5635097849738855,0.4119231857357096
25838,GOF,0.08426444009679969,0.7382457861692736,0.17748977373392666
25839,GOF,0.3266254682643491,0.5330038390982269,0.14037069263742408
25840,GOF,0.26116427397890934,0.5837351242313165,0.15510060178977414
25841,GOF,0.27150205178352077,0.5743358650041562,0.1541620832123229
25842,GOF,0.20995569936551592,0.650608428331068,0.13943587230341611
25843,GOF,0.26708681548624996,0.6274728061443907,0.1054403783693593
25844,GOF,0.06599667402623649,0.6926496937918218,0.2413536321819416
25845,GOF,0.01495742724709444,0.509774319590013,0.4752682531628926
25846,GOF,0.13231226475097882,0.6863412061527351,0.18134652909628615
25847,GOF,0.12840994776926884,0.7593406126321822,0.11224943959854887
25848,GOF,0.038004938837949434,0.6846467665649242,0.2773482945971264
25849,GOF,0.010699601522851815,0.5694444514635443,0.41985594701360396
25850,GOF,0.020917490551964513,0.6630475577140549,0.3160349517339805
25851,GOF,0.01574119338937765,0.5479674124477341,0.4362913941628882
25852,GOF,0.1818733803410024,0.5450198583911156,0.27310676126788197
25853,GOF,0.3800006898977977,0.5617286584138613,0.0582706516883409
25854,GOF,0.02093542861190102,0.6528351534946736,0.3262294178934254
25855,GOF,0.03516879059981676,0.6081559646552374,0.3566752447449459
25856,GOF,0.2274163959810974,0.5660048339499284,0.20657877006897427
25857,GOF,0.034504408039407054,0.5376881351939564,0.4278074567666365
25858,GOF,0.016955618966091764,0.5770702614054465,0.40597411962846175
25859,GOF,0.009839018728557278,0.554960258836238,0.43520072243520463
25860,GOF,0.36793671805186023,0.5555667051161953,0.0764965768319444
25861,GOF,0.4368778332788057,0.48394688964547816,0.07917527707571596
25862,GOF,0.09621453364846093,0.7634150667714482,0.14037039958009093
25863,GOF,0.09518683158382713,0.7768584073533211,0.1279547610628517
25864,GOF,0.22805779385628344,0.6932960020978811,0.07864620404583536
25865,GOF,0.10064617106487693,0.7934992364089777,0.10585459252614551
25866,GOF,0.06721605654499241,0.7974860880023329,0.1352978554526748
25867,GOF,0.0923696106935498,0.8068091367089777,0.1008212525974725
25868,GOF,0.23824003370965072,0.6691415041647826,0.09261846212556676
25869,Neutral,0.6948721406574208,0.2706487291710378,0.03447913017154137
25870,GOF,0.33559832671778145,0.3412523825573994,0.3231492907248192
25871,GOF,0.2216876843888177,0.6218037417344119,0.15650857387677036
25872,GOF,0.08479000444322017,0.6484951906998894,0.2667148048568904
25873,GOF,0.14218471170691782,0.6458039481771745,0.21201134011590766
25874,LOF,0.018513529073719184,0.12343922367772292,0.8580472472485579
25875,LOF,0.10299752969695106,0.0374013553636516,0.8596011149393974
25876,LOF,0.03687541514134426,0.041816415421907165,0.9213081694367485
25877,Neutral,0.5063793207839417,0.039719696033010815,0.4539009831830475
25878,LOF,0.23552260124302773,0.0706629674205723,0.6938144313364
25879,LOF,0.08903607550068077,0.08833214541289151,0.8226317790864278
25880,LOF,0.023113152620896554,0.018554769683446697,0.9583320776956566
25881,LOF,0.18433178741245956,0.11094194837979032,0.7047262642077501
25882,LOF,0.0671492213231377,0.017479713798096153,0.9153710648787661
25883,LOF,0.08513650833891151,0.017746653763028006,0.8971168378980605
25884,LOF,0.03750290036970142,0.029014132710750273,0.9334829669195484
25885,LOF,0.07012072375463142,0.012519155302482515,0.9173601209428861
25886,LOF,0.34440112051322114,0.03006576560113963,0.6255331138856393
25887,LOF,0.15125698865921208,0.06524652285779454,0.7834964884829935
25888,LOF,0.06635056623584178,0.05772083210454998,0.8759286016596082
25889,LOF,0.05168351719310201,0.019744413744610872,0.9285720690622871
25890,LOF,0.05378053681443184,0.13413670525676732,0.8120827579288008
25891,LOF,0.04581424284491727,0.04704848514323584,0.9071372720118468
25892,LOF,0.08843154945588086,0.022359375409989998,0.8892090751341292
25893,LOF,0.257452467003936,0.016788817906243193,0.7257587150898208
25894,LOF,0.1857365877725242,0.010273743187763551,0.8039896690397124
25895,LOF,0.22409732373886154,0.018881792237733452,0.757020884023405
25896,LOF,0.04642287173164136,0.02117092477610201,0.9324062034922567
25897,LOF,0.2674497270397963,0.011906036829244519,0.7206442361309592
25898,Neutral,0.6961388151508319,0.009641417707590635,0.29421976714157744
25899,LOF,0.2167780400415889,0.02234393370552496,0.7608780262528861
25900,LOF,0.45831661390726897,0.016526275856680508,0.5251571102360506
25901,LOF,0.051141446416411177,0.012157091565578631,0.9367014620180101
25902,LOF,0.17114344556848313,0.012416174048528442,0.8164403803829884
25903,Neutral,0.5364156018772486,0.03422207645794738,0.42936232166480415
25904,LOF,0.28109874133457263,0.047019700705005385,0.671881557960422
25905,LOF,0.02504705694821621,0.28481108531473615,0.6901418577370476
25906,LOF,0.024412232995634792,0.06974346729268227,0.9058442997116828
25907,LOF,0.014317947985443051,0.3193031516955067,0.6663789003190502
25908,LOF,0.011565429505343717,0.23103645103578171,0.7573981194588746
25909,LOF,0.01339597275172353,0.13633388295577287,0.8502701442925037
25910,LOF,0.053063971904321064,0.12500224648092767,0.8219337816147512
25911,LOF,0.1684472829448673,0.031176222741661718,0.8003764943134711
25912,LOF,0.04271561898544645,0.050654105529862194,0.9066302754846913
25913,LOF,0.3282175443331462,0.025075729688683553,0.6467067259781702
25914,LOF,0.018539186479101712,0.14154789403379603,0.8399129194871022
25915,Neutral,0.4113705737317659,0.37100307902831503,0.21762634723991917
25916,LOF,0.06088363207098637,0.4000450079926115,0.5390713599364021
25917,LOF,0.059150195268474225,0.09368048040447985,0.847169324327046
25918,LOF,0.026338717313424957,0.08354830018202278,0.8901129825045522
25919,LOF,0.021541278513343323,0.08807357789241278,0.8903851435942439
25920,GOF,0.09396563595423325,0.5424111775433799,0.36362318650238684
25921,LOF,0.028382848689966093,0.031397867586745655,0.9402192837232883
25922,LOF,0.03904356918979819,0.020453754281252443,0.9405026765289494
25923,LOF,0.4074192878729073,0.025125989984963105,0.5674547221421296
25924,LOF,0.041024317714954496,0.041582997775475077,0.9173926845095703
25925,LOF,0.06706452538953517,0.03023603693618668,0.9026994376742781
25926,LOF,0.046941965569144456,0.02539489991315633,0.9276631345176991
25927,LOF,0.07567748947640214,0.08024236839811257,0.8440801421254853
25928,LOF,0.02221107786378108,0.04315925153910025,0.9346296705971187
25929,Neutral,0.5408839321495689,0.026868056465885557,0.4322480113845456
25930,LOF,0.057719628837845115,0.020786755591979938,0.921493615570175
25931,LOF,0.03159361121614774,0.02368088720194596,0.9447255015819063
25932,LOF,0.028648807677802857,0.02117835310624406,0.9501728392159531
25933,LOF,0.03954498135694529,0.014991439214003761,0.945463579429051
25934,LOF,0.02505991706426911,0.01816066157203812,0.9567794213636929
25935,LOF,0.05951814321555857,0.03599281383193438,0.9044890429525071
25936,LOF,0.048309353295919254,0.022969751335462984,0.9287208953686177
25937,LOF,0.030650445990056945,0.029537512637719286,0.9398120413722238
25938,LOF,0.06366820037644351,0.03656834055359489,0.8997634590699617
25939,LOF,0.03978288093861653,0.013725212603512945,0.9464919064578705
25940,LOF,0.03709116086062052,0.38536535403458116,0.5775434851047984
25941,LOF,0.19793263048793414,0.08672299846691789,0.7153443710451479
25942,LOF,0.017816624039811272,0.028098731614066765,0.954084644346122
25943,LOF,0.3178277593208377,0.049252130930895366,0.632920109748267
25944,Neutral,0.4898929027612041,0.023591021735014202,0.48651607550378173
25945,LOF,0.07050109497330541,0.021114791998810084,0.9083841130278845
25946,LOF,0.029483493459394248,0.13195058909167254,0.8385659174489332
25947,LOF,0.1174440745293278,0.2079229203107717,0.6746330051599005
25948,LOF,0.4150765904592079,0.011621103307153463,0.5733023062336386
25949,LOF,0.10306803784530696,0.04680254586381717,0.8501294162908758
25950,GOF,0.24375022053273127,0.41482905943381265,0.3414207200334561
25951,LOF,0.2464970921434358,0.22942773596730473,0.5240751718892596
25952,LOF,0.04362038157652216,0.43993792155074435,0.5164416968727334
25953,LOF,0.12538844793227177,0.12565739596054784,0.7489541561071803
25954,Neutral,0.4031524115159008,0.19993165552047332,0.3969159329636258
25955,LOF,0.05771155456127644,0.09284311580772779,0.8494453296309957
25956,LOF,0.1551848107607131,0.10830962223214805,0.7365055670071389
25957,LOF,0.038488422257706774,0.034899123524843534,0.9266124542174496
25958,LOF,0.06409852402807471,0.026844675368643392,0.909056800603282
25959,LOF,0.0753294277223207,0.3560599570529766,0.5686106152247027
25960,LOF,0.019191673631305837,0.054419978203914754,0.9263883481647794
25961,LOF,0.05296879367501168,0.029354111772390085,0.9176770945525983
25962,LOF,0.053965287050881196,0.032503410449927675,0.913531302499191
25963,LOF,0.04727558384285379,0.17859349466908786,0.7741309214880584
25964,LOF,0.03750490431225651,0.1593820853405121,0.8031130103472313
25965,LOF,0.4331639561950774,0.09561771849864721,0.4712183253062754
25966,LOF,0.4470112003799113,0.09758295013187421,0.45540584948821444
25967,LOF,0.01285273081421721,0.05892061304363938,0.9282266561421434
25968,GOF,0.030185753844043848,0.5020484652720164,0.46776578088393966
25969,LOF,0.02443602841212705,0.06770404681938587,0.9078599247684871
25970,LOF,0.06453765445141077,0.05453606799001337,0.8809262775585759
25971,LOF,0.07952385897129927,0.014912107400516806,0.9055640336281839
25972,LOF,0.08017366724489447,0.02031533072990031,0.8995110020252052
25973,LOF,0.09432491136215078,0.007992560411235439,0.8976825282266138
25974,LOF,0.19532736071424542,0.019738979011154803,0.7849336602745999
25975,LOF,0.053867644969986465,0.03176502723877771,0.9143673277912359
25976,LOF,0.04830574751865882,0.013569036387257368,0.9381252160940838
25977,LOF,0.14832055108609687,0.08835326576999064,0.7633261831439124
25978,LOF,0.15735416390215837,0.04805972137381782,0.7945861147240237
25979,LOF,0.14761435687750574,0.05227275544383426,0.8001128876786601
25980,LOF,0.21959689452426762,0.06843074888843222,0.7119723565873002
25981,LOF,0.24906942367209792,0.06641664521157008,0.684513931116332
25982,LOF,0.4299995234056665,0.042651245144094324,0.5273492314502393
25983,LOF,0.4119142304775424,0.04978183918122447,0.5383039303412331
25984,LOF,0.05272689307853593,0.048741389016972274,0.8985317179044918
25985,LOF,0.02850247140481823,0.2186420418674827,0.7528554867276991
25986,LOF,0.044937674703286745,0.2540587889309689,0.7010035363657443
25987,LOF,0.08467380418242679,0.06661344823459119,0.8487127475829821
25988,LOF,0.14634352149270535,0.05299867676322316,0.8006578017440715
25989,LOF,0.030541676760768213,0.09434446346191848,0.8751138597773133
25990,LOF,0.036938794779713034,0.12974832108708537,0.8333128841332016
25991,LOF,0.18325550242186658,0.27375194649576506,0.5429925510823683
25992,LOF,0.3964014706848404,0.13612024912230863,0.46747828019285115
25993,LOF,0.023518518456257215,0.06596726525049124,0.9105142162932515
25994,LOF,0.0172184719207083,0.10139859725305347,0.8813829308262383
25995,LOF,0.027026570175411987,0.17348114988627483,0.7994922799383132
25996,GOF,0.3087558887266101,0.4143872799562931,0.2768568313170968
25997,LOF,0.1104996584128595,0.4348210858993087,0.4546792556878319
25998,Neutral,0.5386606825159322,0.030899969663490012,0.43043934782057774
25999,LOF,0.11651891080646064,0.12534418191841074,0.7581369072751285
26000,LOF,0.16136470116650398,0.02884037891561356,0.8097949199178824
26001,LOF,0.19380425659779393,0.031842482220631727,0.7743532611815744
26002,LOF,0.11228297751833337,0.03218229170939976,0.8555347307722669
26003,GOF,0.01156211800440303,0.5614852571472579,0.426952624848339
26004,GOF,0.026039657800411925,0.6073326907804886,0.36662765141909953
26005,LOF,0.009273449741991827,0.43628043923755694,0.5544461110204513
26006,Neutral,0.5287464117443769,0.22442133344972104,0.24683225480590212
26007,GOF,0.02549625068613016,0.5203316309863906,0.4541721183274794
26008,GOF,0.019773310016330328,0.5651996387849095,0.41502705119876004
26009,GOF,0.027429555871329517,0.5941085873815122,0.3784618567471582
26010,GOF,0.035566666776713746,0.5938178094668753,0.37061552375641094
26011,LOF,0.00803682633342498,0.41618717442229514,0.5757759992442799
26012,GOF,0.016660967850864936,0.5075427124922807,0.4757963196568544
26013,GOF,0.02158246073481434,0.5514520351075178,0.4269655041576678
26014,LOF,0.04091303335364818,0.13228701225244843,0.8267999543939035
26015,LOF,0.2125951388054478,0.008546866359106476,0.7788579948354457
26016,LOF,0.2539969312898534,0.040329176925025766,0.7056738917851209
26017,LOF,0.2529831600122233,0.06258342372176337,0.6844334162660133
26018,LOF,0.10380598336289255,0.03296293533367924,0.8632310813034282
26019,LOF,0.0986957453079122,0.02460648721958176,0.8766977674725059
26020,LOF,0.06775463093850438,0.08865273415242515,0.8435926349090705
26021,LOF,0.046334077928153604,0.10086020036910671,0.8528057217027397
26022,LOF,0.01152217302172021,0.033413437910212125,0.9550643890680677
26023,LOF,0.12798311747636604,0.019528336934134922,0.852488545589499
26024,LOF,0.028270026926549008,0.09567845869641924,0.8760515143770318
26025,LOF,0.17086978678860604,0.07135896876283399,0.75777124444856
26026,LOF,0.3287123302998931,0.0186509259223922,0.6526367437777147
26027,LOF,0.096662646592124,0.013912515620354043,0.8894248377875219
26028,LOF,0.15631614284832243,0.07048122186861024,0.7732026352830673
26029,LOF,0.0705319371898541,0.2098212781953327,0.7196467846148132
26030,LOF,0.028493233777387834,0.0647611326639231,0.906745633558689
26031,LOF,0.032707441752665656,0.1638292588039848,0.8034632994433496
26032,LOF,0.07634389579332693,0.06657744781947832,0.8570786563871947
26033,LOF,0.13814960716475333,0.08575625687540975,0.7760941359598369
26034,LOF,0.04923388810994995,0.17130937855556713,0.779456733334483
26035,LOF,0.03038799388321409,0.16425941187991588,0.80535259423687
26036,LOF,0.041980521436802094,0.19995739979587357,0.7580620787673242
26037,LOF,0.025448863908714658,0.13221425779470983,0.8423368782965754
26038,LOF,0.06874966297171177,0.0697496800168848,0.8615006570114033
26039,LOF,0.06011223890934752,0.1653485502376034,0.774539210853049
26040,LOF,0.21955323361757278,0.14365325810598795,0.6367935082764392
26041,LOF,0.025899215440740378,0.1269332207408928,0.8471675638183668
26042,LOF,0.026028962266993295,0.11803539377443288,0.8559356439585739
26043,LOF,0.06754268556481671,0.08653567463406278,0.8459216398011206
26044,LOF,0.024284683243386257,0.07688594456721062,0.8988293721894031
26045,LOF,0.07896463058541361,0.11276838849007914,0.8082669809245072
26046,LOF,0.06847201252030055,0.08552188371832121,0.8460061037613782
26047,LOF,0.09352036846859975,0.09225476388453634,0.814224867646864
26048,LOF,0.05790658872051932,0.05704798141740438,0.8850454298620763
26049,Neutral,0.9578180071102129,0.009286957481716285,0.03289503540807093
26050,Neutral,0.938704635508212,0.011693750339897339,0.04960161415189067
26051,LOF,0.04810319536468709,0.30162074625206453,0.6502760583832483
26052,LOF,0.06490897624547402,0.3228045766997983,0.6122864470547277
26053,LOF,0.055406541101647805,0.11323245064051882,0.8313610082578334
26054,LOF,0.05361034284428137,0.01911613667945661,0.927273520476262
26055,LOF,0.07211643429185448,0.015314192015578808,0.9125693736925666
26056,LOF,0.05981469385069608,0.016920049946904003,0.9232652562023999
26057,LOF,0.029639213037857735,0.011327193962081546,0.9590335930000606
26058,LOF,0.031108734038710596,0.008760710357802548,0.9601305556034868
26059,LOF,0.3142194610313226,0.023883236687814,0.6618973022808633
26060,LOF,0.034018559833000145,0.15422106548406786,0.8117603746829319
26061,LOF,0.01794749996082484,0.010371458341883723,0.9716810416972914
26062,LOF,0.01160260239078052,0.018254010740381126,0.9701433868688383
26063,LOF,0.02348884822376648,0.01111667713657362,0.96539447463966
26064,LOF,0.021630966616670667,0.01720834016516702,0.9611606932181623
26065,LOF,0.025386886650669203,0.011332013326089335,0.9632811000232414
26066,LOF,0.02183009196213664,0.009768755333437575,0.9684011527044257
26067,LOF,0.029113737659871852,0.008216035988573341,0.9626702263515549
26068,LOF,0.04670415623627531,0.03464572634904022,0.9186501174146845
26069,LOF,0.26001279090083645,0.019770167481455752,0.7202170416177079
26070,LOF,0.4086273584311104,0.015439498034329376,0.5759331435345603
26071,LOF,0.023624435840013044,0.013288954762909136,0.9630866093970778
26072,LOF,0.023155037878404543,0.016653381209875095,0.9601915809117204
26073,LOF,0.025152178633242896,0.010398029610458865,0.9644497917562983
26074,Neutral,0.908640854270537,0.005478324733261963,0.08588082099620112
26075,LOF,0.04251398565000583,0.015152474564139685,0.9423335397858544
26076,LOF,0.04572263090867902,0.008151998723699795,0.9461253703676212
26077,LOF,0.009265899729428415,0.017451861344998588,0.9732822389255731
26078,LOF,0.014253326682653259,0.009161978250063551,0.9765846950672831
26079,LOF,0.05759259933430678,0.01726886468101023,0.9251385359846829
26080,LOF,0.05649735106496871,0.017306857048145635,0.9261957918868856
26081,LOF,0.03932787452819928,0.00569951462303173,0.9549726108487689
26082,LOF,0.0182134922767223,0.013443514216505225,0.9683429935067724
26083,LOF,0.13502267403672616,0.011336354540181488,0.8536409714230925
26084,LOF,0.02857220354576577,0.010962980815742955,0.9604648156384913
26085,LOF,0.023345766924580985,0.01040695077028303,0.9662472823051359
26086,LOF,0.024550320359737803,0.010902888186198712,0.9645467914540634
26087,LOF,0.02806317465794933,0.007610129139623217,0.9643266962024274
26088,LOF,0.015842756387761708,0.025244365351798432,0.9589128782604398
26089,LOF,0.04517685138684455,0.02412670422541242,0.9306964443877431
26090,LOF,0.04309741920498311,0.018965194892235433,0.9379373859027815
26091,LOF,0.03935185146060956,0.005565613265772156,0.9550825352736182
26092,LOF,0.026736323203338082,0.007487796565293819,0.9657758802313682
26093,LOF,0.0405621844358038,0.005499876840427946,0.9539379387237682
26094,LOF,0.04220334625687856,0.0063302545008315,0.9514663992422899
26095,LOF,0.04546188927040941,0.012018247500549183,0.9425198632290414
26096,LOF,0.021643232659146038,0.009350141627208484,0.9690066257136454
26097,LOF,0.012179382782915379,0.031994242050820826,0.9558263751662638
26098,LOF,0.07000848621490537,0.010033753231506364,0.9199577605535882
26099,LOF,0.025311071205301638,0.011282557820387885,0.9634063709743105
26100,LOF,0.027488863533964274,0.010943675314086044,0.9615674611519497
26101,LOF,0.05806002010974426,0.010655446399467767,0.9312845334907879
26102,LOF,0.02624299536300502,0.01251662203259208,0.9612403826044028
26103,Neutral,0.8870935461992123,0.017581790286600115,0.09532466351418757
26104,LOF,0.07722496036176056,0.026564058216393828,0.8962109814218455
26105,LOF,0.20174356698490886,0.28712974317799966,0.5111266898370915
26106,LOF,0.23461763016486625,0.12528240733242396,0.6400999625027097
26107,LOF,0.2731199363733044,0.0752380760817028,0.6516419875449928
26108,LOF,0.23701315919652882,0.12465368043811212,0.638333160365359
26109,LOF,0.1026864649588954,0.08233041600518821,0.8149831190359165
26110,LOF,0.23846895584124003,0.006326510293178543,0.7552045338655814
26111,Neutral,0.5064932996601597,0.016474606416818614,0.47703209392302165
26112,LOF,0.034242169106501935,0.007821864642257698,0.9579359662512403
26113,LOF,0.05434474521378366,0.015131045254974695,0.9305242095312416
26114,LOF,0.029386430065357263,0.023270719528872722,0.9473428504057699
26115,LOF,0.09937874735956945,0.05983964477363015,0.8407816078668005
26116,LOF,0.06650577705643729,0.05572553702360016,0.8777686859199626
26117,LOF,0.4188258009115657,0.04964964243164321,0.5315245566567912
26118,LOF,0.03658103049629195,0.023928816114041455,0.9394901533896666
26119,LOF,0.024460057477515385,0.04284557680198191,0.9326943657205028
26120,LOF,0.029773231950425836,0.023986966159491533,0.9462398018900826
26121,LOF,0.05275803337166026,0.08578381565594008,0.8614581509723995
