feature0,prediction,LoGoFunc_Neutral,LoGoFunc_GOF,LoGoFunc_LOF
25546,Neutral,0.6161276407388286,0.05935950364700764,0.3245128556141639
25547,Neutral,0.4940908278212758,0.09429144034670159,0.41161773183202255
25548,Neutral,0.492364206228274,0.07673195904217735,0.4309038347295487
25549,LOF,0.4233891558422246,0.07773854648751374,0.49887229767026176
25550,LOF,0.35356396527624817,0.11066027212180349,0.5357757626019484
25551,LOF,0.32394964465654663,0.11593938300738514,0.5601109723360683
25552,LOF,0.28011029639591956,0.1159791678754226,0.6039105357286579
25553,Neutral,0.7927636264618036,0.042694198555700606,0.1645421749824959
25554,LOF,0.31910722499623323,0.10223956475445649,0.5786532102493103
25555,LOF,0.27241227120210637,0.0980536340070396,0.6295340947908541
25556,Neutral,0.4619420116248762,0.08848311433528222,0.44957487403984153
25557,LOF,0.25636665158122324,0.10346707006478771,0.640166278353989
25558,LOF,0.31560584840557415,0.10302167762751935,0.5813724739669066
25559,LOF,0.2648229169850865,0.16041951630550685,0.5747575667094067
25560,LOF,0.1803606375614944,0.10571808746398133,0.7139212749745243
25561,LOF,0.16188728125828178,0.12506398536828492,0.7130487333734333
25562,LOF,0.08042971408185068,0.08330187255634454,0.8362684133618047
25563,LOF,0.02596292420948076,0.16250597789283158,0.8115310978976877
25564,LOF,0.21369131748964304,0.129561796697152,0.656746885813205
25565,LOF,0.19264089454912714,0.15098552506034132,0.6563735803905315
25566,GOF,0.10946804906706148,0.6907747974024416,0.19975715353049683
25567,LOF,0.039285534812321575,0.16080440851681463,0.7999100566708637
25568,LOF,0.0643947672274512,0.07634290326086227,0.8592623295116865
25569,LOF,0.06055214063477518,0.07638782567215782,0.863060033693067
25570,LOF,0.029855034667265443,0.10158751348880661,0.868557451843928
25571,LOF,0.0291367182177507,0.10726969916353771,0.8635935826187117
25572,LOF,0.06472683641947274,0.11875462020369695,0.8165185433768303
25573,LOF,0.062210158305742266,0.09350621288950303,0.8442836288047546
25574,LOF,0.05964910762252913,0.19950653962032697,0.740844352757144
25575,LOF,0.024388077773765934,0.12103289629810192,0.8545790259281321
25576,LOF,0.030050506361738134,0.1501122053341725,0.8198372883040893
25577,LOF,0.031403715479996694,0.11860381983947876,0.8499924646805245
25578,LOF,0.31212743642603036,0.08950599124199628,0.5983665723319734
25579,LOF,0.13604732967412123,0.09585697927053442,0.7680956910553444
25580,LOF,0.020974364485385148,0.08274474448537787,0.8962808910292369
25581,LOF,0.056108509590810866,0.06887483481413767,0.8750166555950516
25582,LOF,0.0561315918583601,0.06729283170783219,0.8765755764338077
25583,LOF,0.02338095945531239,0.07975007645614934,0.8968689640885383
25584,Neutral,0.6858541825470313,0.09835333760852487,0.21579247984444386
25585,LOF,0.02894472395078026,0.13246387916593197,0.8385913968832879
25586,LOF,0.017903636324574267,0.06838259616658561,0.9137137675088401
25587,LOF,0.018054892637188555,0.0625486698914519,0.9193964374713596
25588,LOF,0.021927032211498897,0.0687393646502881,0.909333603138213
25589,Neutral,0.5181012901330342,0.2029116840058589,0.2789870258611069
25590,LOF,0.05019556464799134,0.11248241214296438,0.8373220232090443
25591,LOF,0.0988143959856986,0.057855548577301526,0.8433300554369999
25592,LOF,0.05551297537973768,0.1374162692725521,0.8070707553477101
25593,LOF,0.146462078662014,0.2589252217461367,0.5946126995918494
25594,LOF,0.05238773545347041,0.115813665963148,0.8317985985833815
25595,LOF,0.05198221530878888,0.07749657753830642,0.8705212071529047
25596,LOF,0.11268546675138949,0.0417827038885446,0.8455318293600659
25597,LOF,0.09635684189614961,0.05279152079704133,0.850851637306809
25598,LOF,0.053717131646474264,0.07757216902083953,0.8687106993326862
25599,LOF,0.02140445729873421,0.4738181600055457,0.50477738269572
25600,GOF,0.20254525082293484,0.4584860279451901,0.3389687212318751
25601,LOF,0.042155110953606245,0.40365973508724107,0.5541851539591527
25602,LOF,0.033774305360240946,0.06518631448426336,0.9010393801554958
25603,LOF,0.032220894432956275,0.03474241873988705,0.9330366868271567
25604,LOF,0.03274491858206399,0.08019391350185338,0.8870611679160826
25605,LOF,0.03346268168218533,0.20467754136759578,0.7618597769502189
25606,LOF,0.42143927434843614,0.11860544131138114,0.4599552843401826
25607,LOF,0.023396682821007816,0.19200500579427918,0.7845983113847129
25608,LOF,0.03571601617734849,0.07414781560988043,0.8901361682127711
25609,GOF,0.13990290841037212,0.5160911883391089,0.3440059032505189
25610,LOF,0.01672907558892691,0.030533896133026567,0.9527370282780465
25611,LOF,0.014348157339694278,0.03468857760072926,0.9509632650595764
25612,LOF,0.04924346596322591,0.047270270255536366,0.9034862637812376
25613,LOF,0.04413355226143667,0.04823318178878419,0.9076332659497791
25614,LOF,0.022770306959717816,0.02757520213654489,0.9496544909037373
25615,LOF,0.04263069129490219,0.04268606758784077,0.9146832411172571
25616,LOF,0.051907098207980756,0.031891663219181514,0.9162012385728376
25617,LOF,0.044408259218681086,0.04400750811825199,0.911584232663067
25618,LOF,0.050304657538912535,0.03892686884219635,0.9107684736188911
25619,LOF,0.013444954372426755,0.03609243896748976,0.9504626066600834
25620,LOF,0.06660437836055877,0.048446574866482614,0.8849490467729586
25621,LOF,0.05739201270550058,0.036940633191131236,0.9056673541033682
25622,LOF,0.06539820338090613,0.035678468766896794,0.8989233278521971
25623,LOF,0.07665379591396529,0.028564357413662627,0.8947818466723721
25624,LOF,0.019535274264640384,0.03685598653827558,0.9436087391970841
25625,LOF,0.06850733223616569,0.04125058107533035,0.8902420866885039
25626,LOF,0.04769861126093476,0.04497867110253003,0.9073227176365353
25627,Neutral,0.8959111231891199,0.019166846789502524,0.08492203002137746
25628,LOF,0.12162555847786294,0.05877365602721103,0.819600785494926
25629,LOF,0.061195101714306414,0.04754512456578184,0.8912597737199117
25630,LOF,0.3112968361616701,0.07291036239371068,0.6157928014446193
25631,Neutral,0.5585778206305293,0.06270322765381094,0.3787189517156598
25632,LOF,0.025526132061389675,0.06237292448485107,0.9121009434537592
25633,LOF,0.16967640099660516,0.041649069676779275,0.7886745293266156
25634,LOF,0.03321668777249387,0.09014270576276008,0.8766406064647461
25635,LOF,0.03613630253791869,0.045290008356481004,0.9185736891056003
25636,LOF,0.035074947647101014,0.42975721235050146,0.5351678400023975
25637,LOF,0.06415217757687645,0.4327188691370711,0.5031289532860524
25638,LOF,0.03000332180820999,0.32680750414455734,0.6431891740472327
25639,LOF,0.027355889952329376,0.3507976816965394,0.6218464283511312
25640,Neutral,0.7997805814164423,0.15816769779601678,0.04205172078754109
25641,GOF,0.07454274826313433,0.4766905175155615,0.4487667342213041
25642,LOF,0.0422058308669451,0.16201329392932345,0.7957808752037314
25643,LOF,0.17182627186216085,0.14952251963826152,0.6786512084995776
25644,LOF,0.023337290253727997,0.4528450741775596,0.5238176355687124
25645,LOF,0.027300538796328995,0.38159467216903203,0.5911047890346389
25646,LOF,0.05793950552931692,0.31087327041404983,0.6311872240566333
25647,LOF,0.026438585898685283,0.2682431372755226,0.7053182768257922
25648,LOF,0.037115165589678686,0.23768626000648113,0.7251985744038402
25649,LOF,0.01786415251864438,0.24144578452386187,0.7406900629574938
25650,LOF,0.05255693338743177,0.4061753100452116,0.5412677565673566
25651,LOF,0.019218985788190545,0.2598159766929735,0.720965037518836
25652,LOF,0.038233068101156904,0.2494140162981597,0.7123529156006834
25653,LOF,0.08656819666508814,0.41449352649265686,0.4989382768422549
25654,LOF,0.02704301985472529,0.22831655403480874,0.7446404261104659
25655,LOF,0.2239446313735391,0.3728681129037521,0.40318725572270875
25656,LOF,0.34134665375951484,0.05203754259668651,0.6066158036437987
25657,LOF,0.06257496817918107,0.052589021324256545,0.8848360104965624
25658,LOF,0.32966175216482985,0.0566199021262456,0.6137183457089247
25659,Neutral,0.5394975729330446,0.07765591079930993,0.3828465162676455
25660,LOF,0.022222464310913712,0.0837030324690208,0.8940745032200655
25661,LOF,0.1003669712576447,0.059454208379166845,0.8401788203631885
25662,LOF,0.036598464270120104,0.03318033452121955,0.9302212012086604
25663,LOF,0.04795072131624518,0.04652390812265745,0.9055253705610974
25664,LOF,0.1574575474925527,0.06454788986762573,0.7779945626398216
25665,LOF,0.054458698969027046,0.03368110524205976,0.9118601957889131
25666,LOF,0.10261492891936264,0.07373938484770057,0.8236456862329368
25667,LOF,0.07688361114757959,0.03742191576643991,0.8856944730859805
25668,LOF,0.03923693738437742,0.047458022347435055,0.9133050402681875
25669,LOF,0.034988465313550626,0.04892892315076463,0.9160826115356848
25670,LOF,0.15182085706680074,0.06129144071312462,0.7868877022200745
25671,LOF,0.11930193047098882,0.0337919439179812,0.84690612561103
25672,LOF,0.05057035394655864,0.04444208203607399,0.9049875640173672
25673,LOF,0.08568200757992231,0.04828403528682409,0.8660339571332536
25674,LOF,0.0700093683929233,0.057376031913825565,0.8726145996932512
25675,LOF,0.13581900634633873,0.05850398502066886,0.8056770086329924
25676,LOF,0.019947843803005388,0.05332947812662913,0.9267226780703656
25677,LOF,0.026865319210690897,0.06898110860641533,0.9041535721828937
25678,LOF,0.21235386859493002,0.06161998676788497,0.7260261446371851
25679,LOF,0.1288190596531027,0.08451558837284914,0.7866653519740482
25680,LOF,0.03269151260974445,0.11343112263385505,0.8538773647564005
25681,LOF,0.05391693191401059,0.1109108208025327,0.8351722472834566
25682,LOF,0.16136630432950153,0.07456569271895122,0.7640680029515473
25683,LOF,0.12289792859342796,0.08811401774287739,0.7889880536636946
25684,LOF,0.04785278750004924,0.0743219854920294,0.8778252270079214
25685,LOF,0.12062071771867816,0.0497920187484712,0.8295872635328506
25686,LOF,0.08317896316035922,0.0815031290149121,0.8353179078247287
25687,LOF,0.1257178525998181,0.08454933717060809,0.7897328102295739
25688,LOF,0.3003863404370626,0.03343318258449394,0.6661804769784434
25689,LOF,0.23589462058816904,0.037564304932338706,0.7265410744794922
25690,LOF,0.32517582691325564,0.02879679575513551,0.6460273773316088
25691,Neutral,0.6747625328463784,0.021161937507435724,0.30407552964618567
25692,LOF,0.33959625688990797,0.009969608144540227,0.6504341349655518
25693,LOF,0.043713969484758114,0.46496319233839145,0.4913228381768504
25694,LOF,0.10483089313563981,0.01670513799747027,0.87846396886689
25695,LOF,0.10310163704220059,0.015331295547812141,0.8815670674099872
25696,LOF,0.10567159995296373,0.009080876596261297,0.885247523450775
25697,LOF,0.08639447651210794,0.032020513244204185,0.881585010243688
25698,LOF,0.3289301497864958,0.1936814039457,0.4773884462678042
25699,LOF,0.4271818726834494,0.03909433710138642,0.5337237902151641
25700,LOF,0.07638738050193278,0.009158268567344984,0.9144543509307224
25701,LOF,0.1340056709505176,0.05081036656671652,0.8151839624827659
25702,GOF,0.167152278959497,0.5772643683732693,0.2555833526672336
25703,LOF,0.016417684475422942,0.1566442851854178,0.8269380303391594
25704,LOF,0.043302326385236206,0.10481080042701593,0.8518868731877479
25705,LOF,0.05474613001977959,0.1551659433885385,0.7900879265916819
25706,LOF,0.10234136091519955,0.4202183894246691,0.4774402496601315
25707,LOF,0.09681538452720738,0.340321996019451,0.5628626194533417
25708,LOF,0.03204498130928952,0.28657179971694113,0.6813832189737694
25709,LOF,0.07354065597216915,0.04208577156305386,0.884373572464777
25710,LOF,0.011669947563317294,0.1512907708313146,0.837039281605368
25711,LOF,0.020321396668437186,0.10702719963912205,0.8726514036924408
25712,LOF,0.014414833702197047,0.17246660484313087,0.813118561454672
25713,LOF,0.020539985955160586,0.08578312999215207,0.8936768840526873
25714,LOF,0.08234830329295015,0.08459320067899591,0.833058496028054
25715,LOF,0.012214010260942678,0.1482238200758652,0.8395621696631922
25716,LOF,0.014051674025198116,0.11643794005797427,0.8695103859168275
25717,LOF,0.011834097815706225,0.07585767732255891,0.9123082248617348
25718,LOF,0.012820648503200579,0.10206486495670268,0.8851144865400968
25719,LOF,0.020062037513976363,0.08495070306351195,0.8949872594225117
25720,LOF,0.02554148071441125,0.07124717866898543,0.9032113406166034
25721,LOF,0.01621633122292304,0.11349052659263197,0.870293142184445
25722,LOF,0.0148223454592942,0.12122236601307329,0.8639552885276325
25723,LOF,0.025744545811986323,0.04238385408058113,0.9318716001074325
25724,LOF,0.03240016071354522,0.0926719477722623,0.8749278915141925
25725,LOF,0.012206861077425043,0.0710402132820701,0.9167529256405047
25726,LOF,0.015995127132830515,0.10664846493121774,0.8773564079359517
25727,LOF,0.013582081162324023,0.07854057891454841,0.9078773399231276
25728,LOF,0.010272137894338484,0.12690779022068863,0.8628200718849728
25729,LOF,0.01073311989297813,0.12184259893807377,0.8674242811689482
25730,LOF,0.01466486368109686,0.08640250163422514,0.8989326346846781
25731,LOF,0.02046700256869099,0.10956213676814129,0.8699708606631678
25732,LOF,0.0149599326730511,0.08275680757341508,0.9022832597535339
25733,LOF,0.017420020489022622,0.07391256346941191,0.9086674160415654
25734,LOF,0.011696387200395276,0.11366738916968008,0.8746362236299247
25735,LOF,0.014705723100952773,0.08585278627696198,0.8994414906220851
25736,LOF,0.015718517420215117,0.10966944820345001,0.874612034376335
25737,LOF,0.013095346117864648,0.0825711376434138,0.9043335162387216
25738,LOF,0.01323155793214586,0.10833961522886755,0.8784288268389866
25739,LOF,0.022807636335544387,0.08526623926433403,0.8919261244001215
25740,LOF,0.028054016164249983,0.1154669792242201,0.8564790046115298
25741,LOF,0.015637057861300038,0.12531345309283462,0.8590494890458653
25742,LOF,0.1343916641007639,0.08989569554792147,0.7757126403513146
25743,LOF,0.03046565463057986,0.03324703367367767,0.9362873116957424
25744,Neutral,0.5960791322786801,0.17274762306551503,0.23117324465580477
25745,LOF,0.07286321114380818,0.06428099703792511,0.8628557918182667
25746,LOF,0.03760039483827345,0.08300030623424517,0.8793992989274813
25747,LOF,0.02184426675336561,0.04083136218847457,0.9373243710581598
25748,LOF,0.09620841435858807,0.06089792946633175,0.8428936561750803
25749,LOF,0.023908698867637825,0.07632797551413906,0.8997633256182231
25750,LOF,0.08342985640883399,0.07196864829075812,0.8446014953004078
25751,LOF,0.08857481380199071,0.07062388407234592,0.8408013021256634
25752,GOF,0.11265257722972782,0.6597250742873598,0.2276223484829123
25753,LOF,0.017206885308939632,0.24884146175849894,0.7339516529325614
25754,GOF,0.011473960446403347,0.801713539262797,0.18681250029079963
25755,LOF,0.022852506012697588,0.395550845289665,0.5815966486976374
25756,LOF,0.04368256255287482,0.3662802836197664,0.5900371538273588
25757,GOF,0.01429629473778268,0.8510319531344385,0.134671752127779
25758,GOF,0.028689429748007075,0.8215214433252458,0.14978912692674698
25759,GOF,0.010724277232403238,0.5747679561634684,0.4145077666041283
25760,LOF,0.011559819745165062,0.23891182523932908,0.749528355015506
25761,GOF,0.3049394347899433,0.6057856356013768,0.08927492960868004
25762,LOF,0.035837883418658706,0.2599871855235971,0.7041749310577442
25763,LOF,0.014051419177875774,0.19050794968506177,0.7954406311370625
25764,GOF,0.07216822055395127,0.6296539231244432,0.29817785632160554
25765,GOF,0.04339245594846328,0.7581201947711081,0.19848734928042855
25766,GOF,0.06919538018393699,0.7377578046867731,0.19304681512928992
25767,GOF,0.14955890069431463,0.5846067473079568,0.26583435199772854
25768,LOF,0.10958602313804916,0.07316472246390929,0.8172492543980416
25769,LOF,0.0618309398328107,0.05588427974357924,0.8822847804236101
25770,LOF,0.31415545426265323,0.08209813924257803,0.6037464064947689
25771,LOF,0.04191863454775274,0.043701396044591216,0.914379969407656
25772,LOF,0.019058769156139965,0.03460991478691746,0.9463313160569427
25773,LOF,0.05227855195801946,0.08737157713914948,0.8603498709028311
25774,LOF,0.027871711291915395,0.0691247590992175,0.9030035296088671
25775,LOF,0.05070067917258896,0.047161688125307376,0.9021376327021037
25776,LOF,0.08129304827899488,0.022731518290803467,0.8959754334302016
25777,LOF,0.37651679198571786,0.04980381449605894,0.5736793935182232
25778,LOF,0.07720524623039515,0.04350039862185884,0.879294355147746
25779,GOF,0.3970923580271937,0.5553761399253507,0.04753150204745554
25780,GOF,0.2921026746542413,0.6238414259588866,0.0840558993868721
25781,GOF,0.14061896310043562,0.734554831146003,0.12482620575356144
25782,GOF,0.210703385920675,0.7100110789148751,0.07928553516444985
25783,GOF,0.026702462102776846,0.5956586517355141,0.377638886161709
25784,Neutral,0.5355191130410397,0.4258686273275188,0.038612259631441416
25785,GOF,0.471154752614045,0.4903184803674526,0.038526767018502404
25786,GOF,0.027431517701614727,0.7107785968256943,0.261789885472691
25787,Neutral,0.6538928918113315,0.31878415207343086,0.027322956115237603
25788,LOF,0.054711745335382936,0.10734605919080537,0.8379421954738117
25789,GOF,0.23698488400567516,0.6244249155235247,0.13859020047080012
25790,GOF,0.24841861584200628,0.6395271668908641,0.11205421726712966
25791,GOF,0.19031848406245608,0.6349453765221876,0.17473613941535632
25792,GOF,0.38285340977609933,0.4860269826799006,0.13111960754399996
25793,GOF,0.27429816233778354,0.5189999788676376,0.20670185879457886
25794,GOF,0.30988641304502057,0.5055248310560035,0.18458875589897578
25795,GOF,0.08274010619580824,0.6544690200212836,0.2627908737829081
25796,Neutral,0.5687716648885,0.3475612510496356,0.08366708406186439
25797,GOF,0.09193141628357845,0.515064954117673,0.39300362959874857
25798,LOF,0.009038024333540997,0.47176689435252667,0.5191950813139323
25799,LOF,0.00741812021623957,0.35745141413738646,0.6351304656463741
25800,GOF,0.03593478139408352,0.549618903835688,0.4144463147702285
25801,GOF,0.21875402070427655,0.6282707252985138,0.15297525399720963
25802,GOF,0.0742724317930569,0.6641750390518646,0.26155252915507854
25803,GOF,0.03645255295082209,0.5499014578875691,0.4136459891616089
25804,LOF,0.03295918397773893,0.45555537916618577,0.5114854368560753
25805,GOF,0.10806199455026659,0.5490953064936508,0.34284269895608266
25806,GOF,0.10220987541628432,0.5576053471443951,0.34018477743932046
25807,GOF,0.020513069718381315,0.582645665893839,0.39684126438777967
25808,GOF,0.0887537943682448,0.5986183458053621,0.3126278598263932
25809,GOF,0.019167672408665407,0.5451488660900138,0.4356834615013208
25810,GOF,0.01754906773445633,0.573274836162667,0.40917609610287664
25811,Neutral,0.4688928670427657,0.44567250874826997,0.0854346242089644
25812,GOF,0.03170423007981583,0.6166170398196892,0.35167873010049494
25813,Neutral,0.5156181021191826,0.38720354620318237,0.097178351677635
25814,GOF,0.13261939801504985,0.6226097499684327,0.24477085201651755
25815,GOF,0.20164500612972036,0.6189108090976284,0.17944418477265126
25816,GOF,0.023906796279244958,0.6830145381292484,0.29307866559150664
25817,GOF,0.22340006928922226,0.6330257274955525,0.14357420321522513
25818,GOF,0.05070317097988705,0.6274568621869845,0.32183996683312843
25819,GOF,0.3414790358880438,0.5173040063042779,0.1412169578076784
25820,GOF,0.18133528843802396,0.5926981840473533,0.2259665275146227
25821,GOF,0.05628285039272618,0.6525695607845352,0.2911475888227386
25822,GOF,0.1968721676992184,0.5898216549507972,0.21330617734998444
25823,GOF,0.03304877172855477,0.49973875795368305,0.4672124703177622
25824,GOF,0.08843782703809434,0.5651013180925163,0.3464608548693895
25825,GOF,0.03800464062515099,0.5660215085769749,0.39597385079787417
25826,GOF,0.014884233607387751,0.5403289978423781,0.44478676855023425
25827,GOF,0.02521231871612614,0.5785782456186414,0.3962094356652325
25828,GOF,0.013345932920631033,0.5039448272485865,0.4827092398307825
25829,GOF,0.005883720020452389,0.5559741269144275,0.4381421530651202
25830,LOF,0.03233732023526536,0.2888276986966176,0.6788349810681171
25831,GOF,0.2295004813508022,0.6366979699463684,0.1338015487028294
25832,GOF,0.036800338019275285,0.6780063862921202,0.2851932756886045
25833,GOF,0.13284262000595073,0.7008682972982743,0.16628908269577508
25834,GOF,0.038856819888361066,0.684718172130574,0.276425007981065
25835,GOF,0.09134688809789827,0.7390363577055554,0.1696167541965464
25836,GOF,0.042553819337827786,0.6655687427210415,0.29187743794113064
25837,GOF,0.030479733828717746,0.5363455758557844,0.4331746903154979
25838,GOF,0.10184058623005676,0.7480874208863231,0.15007199288362008
25839,GOF,0.31845727942313107,0.5402114420932277,0.1413312784836412
25840,GOF,0.27234917580496454,0.5869420071234196,0.14070881707161592
25841,GOF,0.2654983817586457,0.600870553749906,0.13363106449144835
25842,GOF,0.21885786023250128,0.6520590475594836,0.12908309220801495
25843,GOF,0.27870740221317647,0.6306442178484297,0.09064837993839378
25844,GOF,0.07069564246413457,0.6782282338603017,0.2510761236755637
25845,LOF,0.017343181184213234,0.4409220125296683,0.5417348062861184
25846,GOF,0.14116841886245746,0.7008913794009732,0.15794020173656917
25847,GOF,0.13930038222046967,0.7474213317186857,0.11327828606084461
25848,GOF,0.04320835776741725,0.6754998393116077,0.28129180292097505
25849,GOF,0.012224181005261705,0.5612054893609574,0.42657032963378094
25850,GOF,0.0227501799966465,0.625146159949941,0.3521036600534124
25851,GOF,0.01877950226812309,0.5115262009996546,0.46969429673222224
25852,GOF,0.1657748694763378,0.5370086834182183,0.29721644710544387
25853,GOF,0.3676203186879119,0.5578176635078009,0.07456201780428734
25854,GOF,0.022351135216563178,0.5970797037444411,0.38056916103899585
25855,GOF,0.03586522088613358,0.5380869643702991,0.42604781474356745
25856,GOF,0.22889354616161728,0.5380873881521305,0.23301906568625214
25857,LOF,0.03704796730514664,0.480288716276812,0.48266331641804133
25858,GOF,0.020531266947247225,0.5108746445181233,0.46859408853462947
25859,LOF,0.010360394157102708,0.48817593919496255,0.5014636666479347
25860,GOF,0.37391558874056385,0.5377902145536612,0.08829419670577507
25861,GOF,0.42705355129319345,0.49761429431460463,0.07533215439220188
25862,GOF,0.09503086322196215,0.7490723325243783,0.15589680425365957
25863,GOF,0.08790093009496035,0.7493691467818873,0.16272992312315238
25864,GOF,0.21813456343516485,0.7014051941746962,0.0804602423901391
25865,GOF,0.09312691461721283,0.7749104130740099,0.1319626723087774
25866,GOF,0.06437346313388544,0.7547504173113302,0.1808761195547844
25867,GOF,0.09848680138442388,0.7960141678261068,0.1054990307894693
25868,GOF,0.26195928836613946,0.6338482572775117,0.10419245435634882
25869,Neutral,0.7121061227301951,0.2430686408852347,0.04482523638457002
25870,GOF,0.25568913925650283,0.3725420360441003,0.371768824699397
25871,GOF,0.24429077480729353,0.594963714250513,0.1607455109421935
25872,GOF,0.08202037492728574,0.6266818291287751,0.2912977959439392
25873,GOF,0.1307101064864444,0.6660810350119895,0.20320885850156614
25874,LOF,0.01818461689323416,0.1176100912645911,0.8642052918421749
25875,LOF,0.09481171050737396,0.04079723798061903,0.8643910515120071
25876,LOF,0.03370227175972348,0.026615886589880865,0.9396818416503957
25877,Neutral,0.48279796765195626,0.04741822546772072,0.46978380688032295
25878,LOF,0.21246209336171995,0.09373067323663659,0.6938072334016435
25879,LOF,0.09145420526061145,0.08629680957824547,0.8222489851611431
25880,LOF,0.024832020678842104,0.014130648557611203,0.9610373307635466
25881,LOF,0.17422430005350834,0.12713924400327875,0.6986364559432129
25882,LOF,0.06111166753681482,0.01811831706318459,0.9207700154000006
25883,LOF,0.0778966015111133,0.020202390668232883,0.901901007820654
25884,LOF,0.03209874740970098,0.031104698908909188,0.9367965536813899
25885,LOF,0.05932220470442146,0.012059953409148045,0.9286178418864306
25886,LOF,0.2448757845392976,0.035601438615623225,0.7195227768450793
25887,LOF,0.15135589189255672,0.06924616111200409,0.7793979469954392
25888,LOF,0.06883430478870292,0.06288790484456683,0.8682777903667301
25889,LOF,0.042686009203228056,0.02449083439128177,0.9328231564054902
25890,LOF,0.04960442645749772,0.15277641629253463,0.7976191572499677
25891,LOF,0.03534737655386562,0.05191146284427573,0.9127411606018585
25892,LOF,0.09796948255172899,0.020879103565753083,0.881151413882518
25893,LOF,0.26614583195464414,0.0190420734745499,0.714812094570806
25894,LOF,0.18213734899434225,0.010718616571988469,0.8071440344336693
25895,LOF,0.21408156898366124,0.017703843415230916,0.7682145876011078
25896,LOF,0.05129463867596129,0.02396872219841175,0.9247366391256269
25897,LOF,0.2901912934078627,0.010884064823213252,0.6989246417689241
25898,Neutral,0.7229942809324178,0.00937208629922727,0.2676336327683549
25899,LOF,0.21505334504910675,0.022253600309852357,0.7626930546410409
25900,LOF,0.4765626990881948,0.015537431436821179,0.5078998694749841
25901,LOF,0.05106772251594632,0.013061971260341837,0.9358703062237118
25902,LOF,0.1768969009789115,0.014610791187300123,0.8084923078337884
25903,Neutral,0.572805666416786,0.026894226969708956,0.4003001066135051
25904,LOF,0.2869813557835468,0.05001032424743002,0.6630083199690233
25905,LOF,0.02604843384121824,0.31979991938135416,0.6541516467774275
25906,LOF,0.031207129586358948,0.07878761741914748,0.8900052529944935
25907,LOF,0.015243666532196585,0.3246240243660447,0.6601323091017588
25908,LOF,0.009818388359050542,0.2450531483314863,0.7451284633094633
25909,LOF,0.012672346256262913,0.13711056623921833,0.8502170875045189
25910,LOF,0.04853767814165249,0.13230874843523324,0.8191535734231142
25911,LOF,0.1790774400513312,0.020514978589177328,0.8004075813594915
25912,LOF,0.04908720215647213,0.04097826693262363,0.9099345309109043
25913,LOF,0.30551354128274727,0.019314482082122983,0.6751719766351297
25914,LOF,0.02000139439024147,0.057863531674475305,0.9221350739352833
25915,Neutral,0.5627736071807762,0.1854494525460106,0.2517769402732133
25916,LOF,0.09187564390897211,0.22729594831469074,0.6808284077763371
25917,LOF,0.06320735506244246,0.04541740597925769,0.8913752389582998
25918,LOF,0.023447144351872683,0.03933320347603448,0.9372196521720928
25919,LOF,0.021542859819775342,0.04486696476070845,0.9335901754195163
25920,GOF,0.11556814882688399,0.5749713281493317,0.30946052302378435
25921,LOF,0.025235898487932246,0.030181652753786235,0.9445824487582815
25922,LOF,0.03348196376812464,0.02199684524864845,0.9445211909832268
25923,LOF,0.4368931522072631,0.024644751595347136,0.5384620961973897
25924,LOF,0.03960480398347587,0.037507836112157994,0.922887359904366
25925,LOF,0.07520519736273744,0.030568364864030098,0.8942264377732324
25926,LOF,0.05047046764136294,0.024857511626606602,0.9246720207320304
25927,LOF,0.06319092673172044,0.10100475496144577,0.8358043183068339
25928,LOF,0.019243667207662074,0.0392932729349396,0.9414630598573983
25929,Neutral,0.5490954586422554,0.0269340057036579,0.4239705356540867
25930,LOF,0.054040145807552384,0.023434491223519947,0.9225253629689276
25931,LOF,0.025651662878912216,0.024392861853570997,0.9499554752675169
25932,LOF,0.02909937270799225,0.019733487585244413,0.9511671397067634
25933,LOF,0.040077330579488465,0.014253042199836701,0.9456696272206747
25934,LOF,0.026406953819575068,0.017329931992139655,0.9562631141882852
25935,LOF,0.06345947981860516,0.03641184158906372,0.9001286785923311
25936,LOF,0.04938196355104727,0.018986916815187004,0.9316311196337658
25937,LOF,0.027298409506374265,0.028564784857553125,0.9441368056360727
25938,LOF,0.06448538890937275,0.036556505026913155,0.8989581060637142
25939,LOF,0.044324194027029994,0.015365538561326482,0.9403102674116435
25940,LOF,0.029080723427669618,0.4161092219238277,0.5548100546485027
25941,LOF,0.1605145373772478,0.11329656036424948,0.7261889022585027
25942,LOF,0.013977434850968676,0.033257008061483524,0.9527655570875477
25943,LOF,0.29574821066253176,0.061917970226332164,0.6423338191111361
25944,Neutral,0.49169305838291677,0.02563240602436021,0.48267453559272305
25945,LOF,0.06144584187086633,0.02172213582767371,0.9168320223014599
25946,LOF,0.02684918162139237,0.09742435948653541,0.8757264588920722
25947,LOF,0.10306919502354595,0.23614985909401312,0.6607809458824411
25948,LOF,0.40769923395696295,0.008957398719247485,0.5833433673237894
25949,LOF,0.11732212371367202,0.02761902061844109,0.855058855667887
25950,GOF,0.2943323392340446,0.39329576757849366,0.3123718931874617
25951,LOF,0.23493962392148796,0.24094794954578597,0.524112426532726
25952,LOF,0.047102277739429564,0.46117106066126423,0.4917266615993063
25953,LOF,0.14191654965864034,0.10358582930063927,0.7544976210407205
25954,Neutral,0.46671105980810657,0.17929499949418068,0.35399394069771273
25955,LOF,0.056174965210768736,0.09082699907601903,0.8529980357132122
25956,LOF,0.15511977150229522,0.1049333988485195,0.7399468296491853
25957,LOF,0.03745229156748215,0.02825512605359673,0.9342925823789212
25958,LOF,0.058644371536613685,0.030493725932734844,0.9108619025306515
25959,LOF,0.06650260118614346,0.37408302907094343,0.559414369742913
25960,LOF,0.017026633530883087,0.0571323996775939,0.925840966791523
25961,LOF,0.04962216492213565,0.03237347030722295,0.9180043647706414
25962,LOF,0.06009779539760406,0.02685761504101158,0.9130445895613843
25963,LOF,0.04464505941281281,0.19285489898937322,0.7625000415978139
25964,LOF,0.03573420595493109,0.15796010968894972,0.8063056843561193
25965,LOF,0.4320652669622659,0.07120977772041288,0.49672495531732114
25966,Neutral,0.5299423562390647,0.16622783637275193,0.3038298073881834
25967,LOF,0.017837813730656633,0.10743492180368197,0.8747272644656615
25968,LOF,0.028065823171966573,0.4292313718950432,0.5427028049329902
25969,LOF,0.024172840910141925,0.068035730380346,0.9077914287095121
25970,LOF,0.057158414007347516,0.06378111702268588,0.8790604689699667
25971,LOF,0.07899901968426105,0.018407406184721708,0.9025935741310173
25972,LOF,0.07592106987249227,0.025586373813907798,0.8984925563136
25973,LOF,0.07189755301492036,0.009944786817314243,0.9181576601677655
25974,LOF,0.20921766472444397,0.017136628687230107,0.7736457065883259
25975,LOF,0.04261228648921814,0.03221841452290547,0.9251692989878764
25976,LOF,0.04072397485020792,0.015803333754312605,0.9434726913954794
25977,LOF,0.1418425314933472,0.08902162269018055,0.7691358458164723
25978,LOF,0.12874358442357728,0.06005175738140507,0.8112046581950176
25979,LOF,0.12338724246669841,0.060395540634879466,0.8162172168984221
25980,LOF,0.19077792482115888,0.07885532258804939,0.7303667525907918
25981,LOF,0.22060741665203662,0.07748026492898268,0.7019123184189808
25982,LOF,0.3920039225290559,0.0481912173564552,0.5598048601144889
25983,LOF,0.3773810326878299,0.05667051336503601,0.5659484539471341
25984,LOF,0.05207765459574054,0.04563982375680347,0.9022825216474559
25985,LOF,0.03667364999176633,0.24572897770271673,0.7175973723055169
25986,LOF,0.04340525354289121,0.27524840204633744,0.6813463444107714
25987,LOF,0.08059087274856659,0.06118462751448755,0.8582244997369458
25988,LOF,0.14117996108324113,0.05177813299455368,0.8070419059222053
25989,LOF,0.030766007722128234,0.09496139457590914,0.8742725977019626
25990,LOF,0.04254172154778385,0.11890747687774283,0.8385508015744734
25991,LOF,0.11464601472207372,0.3312334165080132,0.5541205687699131
25992,LOF,0.285688782299867,0.18650803122410833,0.5278031864760246
25993,LOF,0.022282488842928272,0.08034581211408481,0.8973716990429869
25994,LOF,0.016453092078657333,0.1144561321657801,0.8690907757555626
25995,LOF,0.02345762451659549,0.23603789658616112,0.7405044788972434
25996,GOF,0.3102539625985716,0.46010362915489117,0.22964240824653717
25997,GOF,0.08581550018535795,0.46816389378649037,0.4460206060281517
25998,Neutral,0.5308912955882499,0.022673523112226573,0.44643518129952353
25999,LOF,0.11535960085508015,0.08956217442796223,0.7950782247169578
26000,LOF,0.15466130192926242,0.046770875363438165,0.7985678227072994
26001,LOF,0.19602297574240946,0.0488312387149742,0.7551457855426164
26002,LOF,0.17879042389942026,0.04258386431837738,0.7786257117822023
26003,GOF,0.010563458194565464,0.5902674655768874,0.3991690762285472
26004,GOF,0.01988189522503547,0.6677440242020696,0.31237408057289495
26005,LOF,0.00775840239956829,0.47073053399382386,0.5215110636066079
26006,Neutral,0.5281222140326598,0.2613031862310689,0.21057459973627132
26007,GOF,0.020792710034373805,0.5268867140423878,0.4523205759232384
26008,GOF,0.016964733487343227,0.6176316800965707,0.36540358641608617
26009,GOF,0.0227603295035232,0.6810489409370524,0.2961907295594243
26010,GOF,0.02324495425082051,0.6644408115136561,0.3123142342355234
26011,LOF,0.007134067925228088,0.45414204214149695,0.5387238899332749
26012,GOF,0.012907418021673858,0.5477357544915934,0.4393568274867327
26013,GOF,0.020790096473984863,0.6359214050957005,0.34328849843031456
26014,LOF,0.05180052403050084,0.11356868185935597,0.8346307941101432
26015,LOF,0.17674594612127326,0.010851966982376015,0.8124020868963507
26016,LOF,0.2309846154624619,0.05732783547129646,0.7116875490662415
26017,LOF,0.2535884327512163,0.09190090962088567,0.6545106576278981
26018,LOF,0.0879662101546316,0.028480604222548913,0.8835531856228194
26019,LOF,0.08309866476543441,0.022705330540361147,0.8941960046942043
26020,LOF,0.07214635529310406,0.10914078425131704,0.8187128604555788
26021,LOF,0.048020674264378026,0.11465946017454497,0.8373198655610771
26022,LOF,0.010867247686916897,0.03689806261328035,0.9522346896998027
26023,LOF,0.10264288000398775,0.02057530830927246,0.8767818116867399
26024,LOF,0.03464909015587949,0.12096989573102453,0.844381014113096
26025,LOF,0.15536869427696776,0.0770859870944757,0.7675453186285565
26026,LOF,0.33139176759230493,0.029801881896467913,0.6388063505112271
26027,LOF,0.07823915779012298,0.01556560129599873,0.9061952409138782
26028,LOF,0.1773375719191337,0.06482220451473122,0.757840223566135
26029,LOF,0.08252098858174048,0.1989592752185943,0.7185197361996652
26030,LOF,0.025930050449650036,0.05747929081350694,0.916590658736843
26031,LOF,0.02914581550065218,0.14890398581332825,0.8219501986860196
26032,LOF,0.06302675460768639,0.06980577885967701,0.8671674665326367
26033,LOF,0.11349735944974944,0.08711191297359344,0.7993907275766572
26034,LOF,0.04796747687058286,0.17916270856902722,0.77286981456039
26035,LOF,0.02882649798398626,0.16697032074592286,0.8042031812700908
26036,LOF,0.04194118250944758,0.18599584658039822,0.7720629709101542
26037,LOF,0.02412236025574518,0.13057717945415578,0.845300460290099
26038,LOF,0.05928521503303731,0.07103291858830627,0.8696818663786564
26039,LOF,0.0547791307913531,0.1623771135935134,0.7828437556151334
26040,LOF,0.17331954940898128,0.14002747098552565,0.6866529796054931
26041,LOF,0.024612386331927198,0.12084950156394708,0.8545381121041258
26042,LOF,0.02332505218465396,0.11263180948207162,0.8640431383332743
26043,LOF,0.05944313480847455,0.08378367481558172,0.8567731903759438
26044,LOF,0.022845684788239964,0.07373636580134542,0.9034179494104145
26045,LOF,0.07018002254158377,0.10620963897306093,0.8236103384853553
26046,LOF,0.06095020573060463,0.08157686148963705,0.8574729327797584
26047,LOF,0.08204998365513196,0.08704574533146146,0.8309042710134067
26048,LOF,0.04882774227640655,0.03940611771727085,0.9117661400063226
26049,Neutral,0.9638315135617445,0.007595628909009772,0.028572857529245797
26050,Neutral,0.949746827959292,0.010221527036950093,0.04003164500375789
26051,LOF,0.04826087343537439,0.27703632954578966,0.674702797018836
26052,LOF,0.06837184388433737,0.306428120507944,0.6252000356077186
26053,LOF,0.05994054640382546,0.11263329924798868,0.8274261543481859
26054,LOF,0.05399595733158489,0.017820805462738527,0.9281832372056765
26055,LOF,0.06799412108195815,0.014396419237909472,0.9176094596801325
26056,LOF,0.059107582936124975,0.016117713213840004,0.9247747038500351
26057,LOF,0.028556001920933403,0.013118657659986557,0.9583253404190801
26058,LOF,0.0294122111029839,0.010735573728294137,0.9598522151687221
26059,LOF,0.28033942358507336,0.02279751950753597,0.6968630569073907
26060,LOF,0.03965483195983841,0.1765080389293975,0.7838371291107642
26061,LOF,0.016681986704477167,0.011485036831577587,0.9718329764639453
26062,LOF,0.010170669748223699,0.017890056966948332,0.971939273284828
26063,LOF,0.022480073205812013,0.012372582941219786,0.9651473438529682
26064,LOF,0.022869543145478885,0.023033855951341876,0.9540966009031793
26065,LOF,0.024550810729394974,0.012122197550966132,0.963326991719639
26066,LOF,0.02126606745001772,0.012282251905786433,0.9664516806441958
26067,LOF,0.027620593570835388,0.009576904321936851,0.9628025021072278
26068,LOF,0.04490947545278409,0.030859247989715708,0.9242312765575003
26069,LOF,0.2508397129164483,0.019604070019724765,0.7295562170638269
26070,LOF,0.37142226492289765,0.016417392223799378,0.6121603428533029
26071,LOF,0.023370591378368877,0.013244316713641142,0.96338509190799
26072,LOF,0.022903992070605974,0.017645505209225348,0.9594505027201687
26073,LOF,0.024185748891035773,0.01198257906748019,0.9638316720414839
26074,Neutral,0.9084954642140342,0.005760860880919586,0.0857436749050463
26075,LOF,0.04337597707494727,0.016031556197658992,0.9405924667273938
26076,LOF,0.04529824616338732,0.010026677075294721,0.944675076761318
26077,LOF,0.009495758368878915,0.017255951049931925,0.9732482905811891
26078,LOF,0.01252303776051315,0.012117524648450062,0.9753594375910367
26079,LOF,0.058898585603474586,0.01789156179993904,0.9232098525965864
26080,LOF,0.05824396774834397,0.017918540922560195,0.9238374913290959
26081,LOF,0.03620609628505202,0.006977502561248231,0.9568164011536998
26082,LOF,0.013252762207611964,0.018083208058575984,0.968664029733812
26083,LOF,0.12630638330470692,0.014751639680132338,0.8589419770151607
26084,LOF,0.028420480526107676,0.014301000764814794,0.9572785187090774
26085,LOF,0.02433073981269321,0.013290886627941216,0.9623783735593655
26086,LOF,0.0243162695090305,0.012588997591765362,0.9630947328992041
26087,LOF,0.029279837787544966,0.008929499600672157,0.9617906626117829
26088,LOF,0.015490811740238601,0.024544342927614086,0.9599648453321474
26089,LOF,0.042871805573860194,0.022279550444434724,0.9348486439817052
26090,LOF,0.04243407174027869,0.018239064210935112,0.9393268640487862
26091,LOF,0.03914165196985568,0.006778510777966296,0.9540798372521779
26092,LOF,0.02609487892869977,0.009036348132643417,0.9648687729386569
26093,LOF,0.0402199935191371,0.00652964984161188,0.9532503566392511
26094,LOF,0.04358525008397718,0.00693258510047302,0.9494821648155498
26095,LOF,0.041233544527175356,0.01480555680553667,0.9439608986672879
26096,LOF,0.018346446110219194,0.013741112865871305,0.9679124410239094
26097,LOF,0.011089744639452724,0.035423821635973296,0.9534864337245741
26098,LOF,0.07207129101353704,0.010195762304538938,0.9177329466819241
26099,LOF,0.025393589812907277,0.013650406730205537,0.9609560034568873
26100,LOF,0.027656253819300123,0.012913340646123466,0.9594304055345764
26101,LOF,0.060814203259842,0.016978086808673184,0.9222077099314848
26102,LOF,0.024431629347837876,0.013647067131377606,0.9619213035207844
26103,Neutral,0.8804983846222558,0.019525356400295974,0.0999762589774483
26104,LOF,0.08305486516069038,0.023912327951137433,0.8930328068881721
26105,LOF,0.21213756525141098,0.32314953975204946,0.4647128949965397
26106,LOF,0.19519792329607882,0.13965726714906485,0.6651448095548563
26107,LOF,0.2349466487733403,0.09436164708177364,0.6706917041448861
26108,LOF,0.2837449536105739,0.11687859972607026,0.5993764466633559
26109,LOF,0.10394954217680634,0.05874094223672586,0.8373095155864677
26110,LOF,0.26174783639421223,0.008368826889806587,0.7298833367159812
26111,Neutral,0.517239088355419,0.02120729163390816,0.4615536200106728
26112,LOF,0.03516532303107655,0.00755504865709166,0.9572796283118318
26113,LOF,0.061990951491453256,0.016269440574179336,0.9217396079343674
26114,LOF,0.02716923404136832,0.02782385320503421,0.9450069127535974
26115,LOF,0.09240243828259515,0.04685016975761889,0.8607473919597859
26116,LOF,0.06323378568961312,0.05524636313432846,0.8815198511760585
26117,LOF,0.4398070483291522,0.042440638642737345,0.5177523130281105
26118,LOF,0.035791901175161706,0.027150011957346912,0.9370580868674914
26119,LOF,0.023120666603925814,0.04020562604256054,0.9366737073535136
26120,LOF,0.031943099751651986,0.022278726755253758,0.9457781734930943
26121,LOF,0.037198132633577206,0.08642460240755012,0.8763772649588727
