feature0,prediction,LoGoFunc_Neutral,LoGoFunc_GOF,LoGoFunc_LOF
25546,Neutral,0.6333321215789771,0.05978522519731886,0.306882653223704
25547,Neutral,0.4932609570535874,0.10433871939560764,0.402400323550805
25548,Neutral,0.49433827132103114,0.08483764443125487,0.420824084247714
25549,LOF,0.4389157082804582,0.08632777822695026,0.4747565134925915
25550,LOF,0.3478354761576706,0.12569935230739343,0.5264651715349359
25551,LOF,0.309031447634422,0.13779938873379874,0.5531691636317793
25552,LOF,0.27720599038010124,0.1382827144807672,0.5845112951391316
25553,Neutral,0.7989064479247105,0.05121397305529064,0.14987957901999874
25554,LOF,0.3193936202201744,0.12747075049341897,0.5531356292864067
25555,LOF,0.2737753653025633,0.12039060441600814,0.6058340302814286
25556,LOF,0.44613010600167496,0.10676585873942858,0.4471040352588964
25557,LOF,0.2612503431458456,0.12590638400650483,0.6128432728476495
25558,LOF,0.31239418023353044,0.12083995769830075,0.5667658620681688
25559,LOF,0.28459818954918614,0.1534877505577338,0.56191405989308
25560,LOF,0.14503271202376852,0.12755879374523332,0.7274084942309982
25561,LOF,0.12795334533385797,0.17168536554498234,0.7003612891211596
25562,LOF,0.05196338908722888,0.09718991863295728,0.8508466922798139
25563,LOF,0.015983034194518686,0.1434942550265818,0.8405227107788995
25564,LOF,0.14201857011629804,0.12417111785312727,0.7338103120305748
25565,LOF,0.2099589809212742,0.1588305849530239,0.6312104341257019
25566,GOF,0.06838040947772003,0.6773931439468264,0.2542264465754536
25567,LOF,0.04051362974143992,0.18905222575430872,0.7704341445042514
25568,LOF,0.06324350831936304,0.0940699461570848,0.8426865455235522
25569,LOF,0.05922844825140992,0.09587808094148383,0.8448934708071062
25570,LOF,0.029027697013683008,0.1249425442278515,0.8460297587584654
25571,LOF,0.028875504255723324,0.1309305811917422,0.8401939145525346
25572,LOF,0.07160664793953705,0.1451872669089216,0.7832060851515414
25573,LOF,0.058667864530991605,0.1089612389675913,0.8323708965014172
25574,LOF,0.05799630020011674,0.2510982818401108,0.6909054179597726
25575,LOF,0.02336579184587847,0.13708671584735108,0.8395474923067705
25576,LOF,0.031805228788557634,0.18571883911215895,0.7824759320992833
25577,LOF,0.03439394443159813,0.13730676348232437,0.8282992920860776
25578,LOF,0.2900863538027804,0.11907668019217252,0.5908369660050471
25579,LOF,0.18436812761867327,0.11574617967508721,0.6998856927062395
25580,LOF,0.020680304298582728,0.09839006759443819,0.8809296281069791
25581,LOF,0.054081803355951315,0.08324303732581534,0.8626751593182335
25582,LOF,0.05379757610038706,0.08190776353181732,0.8642946603677956
25583,LOF,0.023803053373952332,0.11411038717423415,0.8620865594518136
25584,Neutral,0.6932292787756147,0.14092278032068084,0.16584794090370444
25585,LOF,0.023635207729271027,0.17046858186882283,0.8058962104019062
25586,LOF,0.017231388838876857,0.09239342348180175,0.8903751876793214
25587,LOF,0.017489719995704367,0.08564603829565173,0.8968642417086438
25588,LOF,0.021377976368254132,0.09583900972113704,0.8827830139106089
25589,Neutral,0.5093479142779,0.2576040036134835,0.23304808210861647
25590,LOF,0.04967836888038366,0.14287000936483696,0.8074516217547795
25591,LOF,0.08961724307224529,0.07660914987812434,0.8337736070496303
25592,LOF,0.055755251908448274,0.1957907195641826,0.7484540285273692
25593,LOF,0.11243592793122162,0.34599112392794446,0.5415729481408339
25594,LOF,0.04713545017419802,0.09130208481338357,0.8615624650124184
25595,LOF,0.044874732447513055,0.05893309681095186,0.8961921707415351
25596,LOF,0.10009622174669867,0.030433421293365088,0.8694703569599362
25597,LOF,0.08208097420868585,0.04377566213668294,0.8741433636546312
25598,LOF,0.04552132663211849,0.0628433006445865,0.8916353727232951
25599,LOF,0.022656286365529004,0.4058764822674246,0.5714672313670464
25600,GOF,0.18705855873269306,0.4362332330895768,0.3767082081777302
25601,LOF,0.04409434261228082,0.3263687385394742,0.629536918848245
25602,LOF,0.034300798910998076,0.06671949668858951,0.8989797044004123
25603,LOF,0.03600337639572411,0.045174543097982335,0.9188220805062935
25604,LOF,0.03645139294497206,0.09649594152724118,0.8670526655277867
25605,LOF,0.03417018726700611,0.19735201488901097,0.768477797843983
25606,LOF,0.41053786388173774,0.14027268719201338,0.44918944892624885
25607,LOF,0.03086229468978529,0.17281129891759653,0.7963264063926182
25608,LOF,0.03814258276645681,0.105378207682316,0.8564792095512272
25609,GOF,0.1348464209937718,0.5414182087590136,0.32373537024721466
25610,LOF,0.014732347119281826,0.049327873024484964,0.9359397798562332
25611,LOF,0.012055797273086467,0.051257200089215846,0.9366870026376977
25612,LOF,0.044229607203720364,0.07621344899531184,0.8795569438009678
25613,LOF,0.0424718518375408,0.07205935794183677,0.8854687902206225
25614,LOF,0.020383173210436176,0.045465090870348356,0.9341517359192154
25615,LOF,0.04552871840993738,0.07483288991942498,0.8796383916706376
25616,LOF,0.04630556792205958,0.0469627717339432,0.9067316603439971
25617,LOF,0.038634563876547054,0.05695364841109465,0.9044117877123582
25618,LOF,0.03726397174794642,0.06868806281070441,0.8940479654413491
25619,LOF,0.01183883537659515,0.062150322893175784,0.9260108417302291
25620,LOF,0.05177245377539779,0.07073462606796112,0.8774929201566412
25621,LOF,0.058154005399038,0.0542970326543802,0.8875489619465818
25622,LOF,0.06714553552087696,0.06222138391897501,0.870633080560148
25623,LOF,0.07037933588870596,0.05703396360104079,0.8725867005102533
25624,LOF,0.016387584845793394,0.05830723987289047,0.9253051752813162
25625,LOF,0.058453422884925395,0.06257522600811853,0.8789713511069561
25626,LOF,0.047161577262501225,0.07157747823632887,0.8812609445011699
25627,Neutral,0.8904248650620842,0.022894982179109773,0.08668015275880615
25628,LOF,0.15497446891487918,0.059556098987626906,0.7854694320974939
25629,LOF,0.06510228786436631,0.05351765010121042,0.8813800620344233
25630,LOF,0.28213170384248226,0.06873072959199922,0.6491375665655185
25631,Neutral,0.5271120143743745,0.06771537766795117,0.4051726079576743
25632,LOF,0.028788428725653827,0.061886023690245394,0.9093255475841008
25633,LOF,0.2109913846717337,0.04562499525347669,0.7433836200747896
25634,LOF,0.037795396824651745,0.09230568806594941,0.8698989151093988
25635,LOF,0.03518238173356209,0.0459751553592875,0.9188424629071504
25636,LOF,0.0336548957757586,0.46654454146874424,0.4998005627554971
25637,GOF,0.05457935806559626,0.5114057335588065,0.4340149083755973
25638,LOF,0.028601138960543955,0.40894255767898635,0.5624563033604697
25639,LOF,0.03016357478021314,0.4383586450512446,0.5314777801685423
25640,Neutral,0.8426407115793382,0.11059723915910792,0.04676204926155408
25641,GOF,0.08583884913508473,0.4606680777710373,0.45349307309387793
25642,LOF,0.0701515491821557,0.16287175086044536,0.7669766999573989
25643,LOF,0.2305031897832281,0.12278118920585293,0.646715621010919
25644,GOF,0.0139680307412082,0.5212845592844781,0.46474740997431374
25645,LOF,0.015095693475003323,0.48518370769857244,0.4997205988264243
25646,LOF,0.039343463102731846,0.3387832260924685,0.6218733108047996
25647,LOF,0.01655007353466888,0.26624155485686546,0.7172083716084656
25648,LOF,0.0178601662655276,0.2846552415283978,0.6974845922060746
25649,LOF,0.010904258755872637,0.2330274534382836,0.7560682878058437
25650,LOF,0.029297717765856414,0.46506589758453326,0.5056363846496104
25651,LOF,0.011030239512012034,0.2878262541448696,0.7011435063431184
25652,LOF,0.018993681253138696,0.27700689159828623,0.7039994271485751
25653,LOF,0.05592232659336958,0.4467745765812899,0.4973030968253405
25654,LOF,0.012830074950972267,0.2344871678591196,0.7526827571899081
25655,GOF,0.1632532256758637,0.477699079530423,0.3590476947937134
25656,LOF,0.3486846927601387,0.08902847812888906,0.5622868291109723
25657,LOF,0.057911960497950804,0.09400286107240223,0.8480851784296469
25658,LOF,0.3301665128064017,0.08885485538601273,0.5809786318075856
25659,Neutral,0.4862270918668726,0.11675122781671642,0.3970216803164109
25660,LOF,0.02194259806958071,0.10024485000094875,0.8778125519294706
25661,LOF,0.08993000161522742,0.06270895075861599,0.8473610476261566
25662,LOF,0.03306573605051985,0.033478049495387935,0.9334562144540922
25663,LOF,0.039944505893971256,0.04473457636826573,0.915320917737763
25664,LOF,0.14945600689311944,0.061081301718758335,0.7894626913881222
25665,LOF,0.06631576055507198,0.029901812894988312,0.9037824265499398
25666,LOF,0.09663507357052657,0.07051566660617369,0.8328492598232997
25667,LOF,0.06918653596306779,0.03929581061227079,0.8915176534246614
25668,LOF,0.035719087863605774,0.04959547208222574,0.9146854400541685
25669,LOF,0.028669302393363617,0.045460759893510595,0.9258699377131259
25670,LOF,0.17134824827398856,0.054216497692324415,0.7744352540336871
25671,LOF,0.11642244073638187,0.034410326549064035,0.8491672327145541
25672,LOF,0.053758148704889035,0.044780503124198096,0.9014613481709127
25673,LOF,0.08425243240455767,0.05214676313430654,0.8636008044611357
25674,LOF,0.07290245071900187,0.06001502347227954,0.8670825258087187
25675,LOF,0.125333325435253,0.0679841510338424,0.8066825235309046
25676,LOF,0.017776092558986805,0.05514525661817734,0.9270786508228359
25677,LOF,0.023874101296925583,0.07003459133579346,0.9060913073672809
25678,LOF,0.20421271071290198,0.07251895497334691,0.723268334313751
25679,LOF,0.12334153319305521,0.07694179869451614,0.7997166681124286
25680,LOF,0.030724670319491446,0.11964377663550294,0.8496315530450057
25681,LOF,0.04698749808192042,0.10997677483589358,0.843035727082186
25682,LOF,0.1343311292006322,0.07639274488464025,0.7892761259147274
25683,LOF,0.12367401657273926,0.09194778791409275,0.784378195513168
25684,LOF,0.03902188128660458,0.06818195024421406,0.8927961684691813
25685,LOF,0.13071573808701198,0.07003361655013021,0.7992506453628578
25686,LOF,0.0813473132439258,0.1125182543152924,0.8061344324407818
25687,LOF,0.13121521165865044,0.11452873852233861,0.7542560498190111
25688,LOF,0.37070301197740785,0.050494825905622764,0.5788021621169693
25689,LOF,0.2725885338487744,0.05436395891679157,0.673047507234434
25690,LOF,0.32961737571820066,0.048051654706285786,0.6223309695755136
25691,Neutral,0.7224873850226581,0.03814588525267875,0.23936672972466322
25692,LOF,0.3379612270821637,0.01489068772102331,0.647148085196813
25693,LOF,0.0408848468553187,0.38515950654596504,0.5739556465987162
25694,LOF,0.1277627990363847,0.017791109846326897,0.8544460911172883
25695,LOF,0.12048776408144062,0.016712551311121135,0.8627996846074383
25696,LOF,0.14626206916997614,0.010664750895960477,0.8430731799340634
25697,LOF,0.08622689017016372,0.0601517002552296,0.8536214095746067
25698,LOF,0.3413627894564436,0.1543444353012071,0.5042927752423493
25699,Neutral,0.5328226026990688,0.0466472659608491,0.42053013134008216
25700,LOF,0.0872653737995202,0.010003465772968486,0.9027311604275113
25701,LOF,0.21368046239720495,0.04857426620843697,0.7377452713943581
25702,GOF,0.18858327977361986,0.5890100521591836,0.2224066680671966
25703,LOF,0.01710127830012782,0.1480916647606542,0.8348070569392181
25704,LOF,0.039552095565569496,0.10292457582155216,0.8575233286128784
25705,LOF,0.04801743624733075,0.1556086776792509,0.7963738860734184
25706,LOF,0.1019001902973851,0.42990805853638664,0.4681917511662283
25707,LOF,0.09282977723836298,0.3655586614478198,0.5416115613138173
25708,LOF,0.030757490564602797,0.32918748790121033,0.6400550215341868
25709,LOF,0.0648221254927715,0.048053991904119124,0.8871238826031094
25710,LOF,0.011546934736949593,0.16768294600150513,0.8207701192615453
25711,LOF,0.020651376702993142,0.0871160787843026,0.8922325445127044
25712,LOF,0.013946066264554682,0.20182271526687487,0.7842312184685705
25713,LOF,0.01871662991118853,0.08465320137343607,0.8966301687153755
25714,LOF,0.07307863750048399,0.08785356600135577,0.8390677964981602
25715,LOF,0.011230653930551079,0.14658477712726314,0.8421845689421856
25716,LOF,0.010863072288287865,0.1167189752139151,0.872417952497797
25717,LOF,0.014875516385058789,0.08085335220816313,0.9042711314067781
25718,LOF,0.011087671621027622,0.0959130381767331,0.8929992902022392
25719,LOF,0.019137891460374295,0.08228533398719122,0.8985767745524346
25720,LOF,0.02335309331548325,0.07812681244262915,0.8985200942418875
25721,LOF,0.013219036009205466,0.12061381042955,0.8661671535612446
25722,LOF,0.01378853145467121,0.13191673214884284,0.8542947363964859
25723,LOF,0.022902970544211462,0.05320051401382347,0.923896515441965
25724,LOF,0.03025623737851938,0.08913570647831773,0.8806080561431628
25725,LOF,0.010989315677001817,0.08565732214547035,0.9033533621775279
25726,LOF,0.015578398541409317,0.12989545797955124,0.8545261434790394
25727,LOF,0.011791814339789085,0.09092038374048025,0.8972878019197307
25728,LOF,0.009787150926338703,0.11529924958075749,0.8749135994929038
25729,LOF,0.010117547878512196,0.11637181230283754,0.8735106398186502
25730,LOF,0.013698687818019814,0.09807985444160248,0.8882214577403778
25731,LOF,0.018774665544155637,0.10411830100371137,0.877107033452133
25732,LOF,0.013268308205937638,0.08462547026508432,0.902106221528978
25733,LOF,0.015450654257364433,0.07618518896153763,0.9083641567810979
25734,LOF,0.010262213524916686,0.13042613238662168,0.8593116540884616
25735,LOF,0.011354022166766035,0.0831795648170542,0.9054664130161798
25736,LOF,0.012581554872970446,0.10641865955750804,0.8809997855695216
25737,LOF,0.011794587828607105,0.07685144907766533,0.9113539630937276
25738,LOF,0.011655137160694457,0.1201892152433432,0.8681556475959624
25739,LOF,0.020033761008835565,0.08349311480454831,0.8964731241866161
25740,LOF,0.02662890147558851,0.13546563617054763,0.8379054623538639
25741,LOF,0.013906874893561355,0.12752069419784448,0.8585724309085941
25742,LOF,0.12100429550024056,0.08788813672211543,0.791107567777644
25743,LOF,0.035271584152647646,0.053765199160684514,0.9109632166866678
25744,Neutral,0.5504737223809593,0.2629743773322718,0.18655190028676882
25745,LOF,0.05929110107422297,0.08358345358688778,0.8571254453388892
25746,LOF,0.04039943246194442,0.10826639984061132,0.8513341676974443
25747,LOF,0.019793665904798325,0.0709478515791608,0.9092584825160409
25748,LOF,0.11821669176966745,0.11516663862876508,0.7666166696015675
25749,LOF,0.025372554429905575,0.09962223595135428,0.8750052096187402
25750,LOF,0.06748300783252902,0.10598452619202607,0.8265324659754449
25751,LOF,0.08670029448498631,0.1397252453700443,0.7735744601449694
25752,GOF,0.12702487383630154,0.6355424136722457,0.23743271249145279
25753,LOF,0.022209113137525577,0.28688248379759246,0.690908403064882
25754,GOF,0.013993476614379899,0.7868019640584581,0.19920455932716197
25755,LOF,0.025844864274000838,0.40439132297787395,0.5697638127481253
25756,LOF,0.048923283449946994,0.36341450773805295,0.587662208812
25757,GOF,0.01744492512113795,0.8307178411429617,0.15183723373590025
25758,GOF,0.032554436536011346,0.7956964003210399,0.17174916314294866
25759,GOF,0.010724867353665892,0.6027202135189811,0.3865549191273532
25760,LOF,0.01408565686114263,0.2850902972675768,0.7008240458712804
25761,GOF,0.28310004351249457,0.625892651503747,0.09100730498375853
25762,LOF,0.04665745647504965,0.2753358003575157,0.6780067431674346
25763,LOF,0.014676042914591425,0.2284456221758779,0.7568783349095306
25764,GOF,0.08246095663199272,0.6441735038147786,0.2733655395532287
25765,GOF,0.041409715911638174,0.7273379489813708,0.231252335106991
25766,GOF,0.07394264121703549,0.7570229680417407,0.1690343907412237
25767,GOF,0.14324380034658127,0.5676776907449094,0.28907850890850945
25768,LOF,0.10830312936412702,0.05438988394078937,0.8373069866950835
25769,LOF,0.05452215954585654,0.06188417504328853,0.8835936654108549
25770,LOF,0.32036913146584556,0.11361193412572662,0.5660189344084278
25771,LOF,0.05089006304417724,0.05337747610865324,0.8957324608471695
25772,LOF,0.019732221156587473,0.045513806779739235,0.9347539720636734
25773,LOF,0.048434696360854596,0.0952601758020336,0.8563051278371118
25774,LOF,0.030552850768204232,0.08549728619427936,0.8839498630375164
25775,LOF,0.04988088940861446,0.059005260702899166,0.8911138498884864
25776,LOF,0.08045422751529355,0.02692480170404435,0.8926209707806619
25777,LOF,0.39074213498380506,0.06944035806643509,0.5398175069497598
25778,LOF,0.07361146079547402,0.04713069894551677,0.8792578402590092
25779,GOF,0.3516971825075493,0.5956159789181826,0.05268683857426803
25780,GOF,0.34647752221626316,0.578117764366982,0.07540471341675485
25781,GOF,0.1242690486614507,0.7637392616533347,0.11199168968521447
25782,GOF,0.21526334124098,0.6962961137767394,0.08844054498228057
25783,GOF,0.021997267978486626,0.6457933122526247,0.33220941976888874
25784,Neutral,0.5038096476506895,0.44726636509342826,0.04892398725588226
25785,Neutral,0.4948631658298014,0.4616465354244607,0.04349029874573793
25786,GOF,0.02718952450591471,0.7502057073994292,0.22260476809465618
25787,Neutral,0.6514281482577321,0.3188026029186059,0.02976924882366205
25788,LOF,0.05720060815140603,0.09582019093051772,0.8469792009180762
25789,GOF,0.21328530569551998,0.6264574942093746,0.16025720009510538
25790,GOF,0.22253251774792196,0.6569735205532853,0.12049396169879284
25791,GOF,0.15662696016756097,0.6923342064788969,0.1510388333535422
25792,GOF,0.36740581644395176,0.5212003347551384,0.11139384880090986
25793,GOF,0.2425322611984956,0.5298988801072037,0.22756885869430077
25794,GOF,0.32248886420686945,0.5001716211497433,0.1773395146433872
25795,GOF,0.07987695843663255,0.6734390346433993,0.2466840069199682
25796,Neutral,0.5530883391891389,0.3621895616988898,0.08472209911197134
25797,GOF,0.08489656508163386,0.5185125688787567,0.3965908660396094
25798,GOF,0.008908324021670603,0.5171083873931627,0.4739832885851667
25799,LOF,0.0075009717912345435,0.4148108519151786,0.5776881762935869
25800,GOF,0.03299583860570615,0.6028778902068394,0.36412627118745444
25801,GOF,0.21165328824912805,0.6687386464097473,0.11960806534112461
25802,GOF,0.05741080656205637,0.7094354684556918,0.23315372498225181
25803,GOF,0.03337768707515197,0.579001623344803,0.3876206895800451
25804,GOF,0.03325256077686185,0.5214922381969639,0.44525520102617433
25805,GOF,0.07944103000860461,0.610317631194982,0.3102413387964134
25806,GOF,0.10366355157771863,0.6170616112030818,0.2792748372191997
25807,GOF,0.02031170714590451,0.6308997635548531,0.34878852929924237
25808,GOF,0.07806016866632252,0.6249423832725238,0.2969974480611537
25809,GOF,0.020222068739778283,0.6274122558268171,0.3523656754334044
25810,GOF,0.019389331990577574,0.6338914755356674,0.34671919247375516
25811,Neutral,0.4828262076949663,0.44381280625333114,0.07336098605170248
25812,GOF,0.03501798946092819,0.6107678268339085,0.3542141837051632
25813,Neutral,0.5254714561702226,0.3647815848513623,0.10974695897841504
25814,GOF,0.12828212575218634,0.6417449225111183,0.22997295173669524
25815,GOF,0.19257947163458675,0.6035558569929897,0.20386467137242362
25816,GOF,0.021561175789129163,0.6546685468116454,0.3237702773992254
25817,GOF,0.2221068181998549,0.6224329117815584,0.15546027001858687
25818,GOF,0.05724978584971861,0.5597362180134753,0.38301399613680603
25819,GOF,0.3839334508593365,0.43230744042897573,0.18375910871168777
25820,GOF,0.16847067840769775,0.5831800093949624,0.24834931219733974
25821,GOF,0.05611555362118995,0.644576932120738,0.29930751425807195
25822,GOF,0.2113216908305725,0.5153552185936149,0.27332309057581256
25823,GOF,0.03277186415716501,0.4936130095142209,0.47361512632861413
25824,GOF,0.07945251143878454,0.5315290144974645,0.38901847406375106
25825,GOF,0.029345227534946228,0.5265771606837142,0.44407761178133953
25826,GOF,0.011670656655326163,0.5090007017809379,0.4793286415637359
25827,GOF,0.02154255299009032,0.5788740179362623,0.3995834290736474
25828,GOF,0.013201791396623901,0.4949450562145022,0.4918531523888738
25829,GOF,0.00695687892250205,0.5571733438453839,0.43586977723211406
25830,LOF,0.037077904920283844,0.2869953304484901,0.675926764631226
25831,GOF,0.1971440131480912,0.6404346470173238,0.16242133983458504
25832,GOF,0.030833723903727385,0.6271322867006509,0.34203398939562185
25833,GOF,0.1265939027050827,0.6558497702796373,0.2175563270152799
25834,GOF,0.03929783978914373,0.6359952276430073,0.3247069325678489
25835,GOF,0.08858919314524771,0.6928076307911235,0.2186031760636288
25836,GOF,0.044866508894211884,0.6118846264417395,0.3432488646640485
25837,GOF,0.025589525640600738,0.5285749327306221,0.4458355416287773
25838,GOF,0.0905058424527553,0.7087961221491238,0.20069803539812103
25839,GOF,0.30056601813892936,0.5440499020213052,0.1553840798397654
25840,GOF,0.2468365476292296,0.5685332787920712,0.1846301735786992
25841,GOF,0.25993823923975745,0.5605548021896366,0.179506958570606
25842,GOF,0.18802074579299038,0.6503104588727345,0.1616687953342751
25843,GOF,0.2632670926735802,0.6174103693849174,0.11932253794150237
25844,GOF,0.06798729635409519,0.6575971658939268,0.2744155377519781
25845,LOF,0.015471372680145739,0.48481778002726644,0.4997108472925878
25846,GOF,0.1275764755631114,0.7020418579473781,0.17038166648951056
25847,GOF,0.12355976257033977,0.7426172971366455,0.13382294029301461
25848,GOF,0.03666199698990976,0.6548225738453993,0.308515429164691
25849,GOF,0.011320758123045121,0.556819277267266,0.4318599646096889
25850,GOF,0.022314997308790788,0.6427808758095109,0.33490412688169835
25851,GOF,0.017524362183789593,0.5407785450271544,0.4416970927890561
25852,GOF,0.1540000401940224,0.5607888306032606,0.2852111292027171
25853,GOF,0.34927697714586375,0.570521409589501,0.08020161326463522
25854,GOF,0.019934514645346933,0.6024487161817984,0.3776167691728547
25855,GOF,0.03461593514093076,0.5565426202735507,0.4088414445855185
25856,GOF,0.23432933814758436,0.5329130953677805,0.23275756648463505
25857,LOF,0.03489528436643569,0.4763823503674806,0.48872236526608376
25858,GOF,0.01718612183571311,0.5347075266737896,0.4481063514904974
25859,GOF,0.01007316202067857,0.5234633773112382,0.46646346066808325
25860,GOF,0.3585508181900823,0.5534605011580411,0.0879886806518767
25861,GOF,0.41922709715880774,0.49418813273565165,0.08658477010554066
25862,GOF,0.09720424495209964,0.7339819371754701,0.16881381787243013
25863,GOF,0.08810537146316356,0.7429549175992418,0.16893971093759458
25864,GOF,0.21698224350826112,0.6869289921719821,0.09608876431975663
25865,GOF,0.08794629051254473,0.7822151001889601,0.12983860929849506
25866,GOF,0.07262864598339272,0.7716137278588594,0.15575762615774788
25867,GOF,0.09314768433518109,0.7855920915499793,0.12126022411483961
25868,GOF,0.2589685362531747,0.6323772273186189,0.10865423642820632
25869,Neutral,0.6744069314973808,0.2844859339106021,0.0411071345920171
25870,LOF,0.30426258723749444,0.3244083377645259,0.3713290749979797
25871,GOF,0.19852232645070153,0.6184033380356819,0.18307433551361646
25872,GOF,0.07792569112136397,0.601438734709365,0.32063557416927085
25873,GOF,0.14321742008112076,0.6045542100622506,0.25222836985662866
25874,LOF,0.01917006800160334,0.10689848229993137,0.8739314496984654
25875,LOF,0.1000294697205148,0.0433465452050981,0.8566239850743871
25876,LOF,0.03938238458702597,0.041232323723721195,0.9193852916892529
25877,Neutral,0.5575298975329814,0.040038682150193565,0.40243142031682505
25878,LOF,0.2510889118365747,0.07464653483237567,0.6742645533310495
25879,LOF,0.10210323688900035,0.07705354733508792,0.8208432157759118
25880,LOF,0.024073688982785117,0.02111391195326034,0.9548123990639547
25881,LOF,0.1977467508558863,0.10563091015593143,0.6966223389881823
25882,LOF,0.07276626399112422,0.013710473223830042,0.9135232627850458
25883,LOF,0.0897404152863379,0.015018694789909632,0.8952408899237525
25884,LOF,0.04029556511660636,0.02581419334716128,0.9338902415362325
25885,LOF,0.07070755335333545,0.009373618295714302,0.9199188283509502
25886,LOF,0.34923480866442164,0.024251525292732938,0.6265136660428454
25887,LOF,0.17635326303647564,0.057576681859111654,0.7660700551044127
25888,LOF,0.08244410039947304,0.05460005557332233,0.8629558440272047
25889,LOF,0.05106666956318887,0.015645658086583133,0.933287672350228
25890,LOF,0.047990440994834786,0.12548514311714035,0.8265244158880248
25891,LOF,0.04414556475155111,0.046852829447523094,0.9090016058009258
25892,LOF,0.09479799544934783,0.020558863132424447,0.8846431414182278
25893,LOF,0.26634687300610826,0.01650537176571434,0.7171477552281773
25894,LOF,0.1854379024544514,0.009442481583073058,0.8051196159624756
25895,LOF,0.2108275966074592,0.018922162848048922,0.7702502405444918
25896,LOF,0.04880902918976307,0.01949232559295912,0.9316986452172777
25897,LOF,0.2610736433432942,0.012183880734470397,0.7267424759222354
25898,Neutral,0.7137011889315833,0.00919025413759227,0.2771085569308244
25899,LOF,0.2514294412873386,0.02669313227569454,0.7218774264369668
25900,LOF,0.45990767095896845,0.016452967160912144,0.5236393618801195
25901,LOF,0.05470852211746001,0.011619879035528309,0.9336715988470117
25902,LOF,0.1840539447747187,0.01227061880554748,0.8036754364197338
25903,Neutral,0.5317571197895608,0.030432733431912655,0.4378101467785266
25904,LOF,0.2842269690573846,0.05106618815983867,0.6647068427827768
25905,LOF,0.022721570710744477,0.32004754150122966,0.6572308877880257
25906,LOF,0.025516446655012442,0.07251503522376877,0.9019685181212188
25907,LOF,0.014783138185282712,0.3392921182658149,0.6459247435489025
25908,LOF,0.010986010662454526,0.23892821458088284,0.7500857747566626
25909,LOF,0.013488623651389555,0.13289993788312185,0.8536114384654886
25910,LOF,0.04461710308602701,0.13369159511080758,0.8216913018031654
25911,LOF,0.15344364443459324,0.027448208809205014,0.8191081467562017
25912,LOF,0.04213742504705658,0.04629062449844542,0.9115719504544979
25913,LOF,0.30388883579852194,0.02508300421181903,0.671028159989659
25914,LOF,0.020379037370560224,0.12659680768103238,0.8530241549484074
25915,Neutral,0.42877036026082155,0.367921979266438,0.20330766047274043
25916,LOF,0.059827405480744354,0.38158202775072736,0.5585905667685283
25917,LOF,0.066109210493407,0.07752958188712247,0.8563612076194704
25918,LOF,0.03065959279018686,0.07322431892601285,0.8961160882838002
25919,LOF,0.024591534905164948,0.07880860646457583,0.8965998586302593
25920,GOF,0.0955646980918304,0.47690267131252667,0.4275326305956428
25921,LOF,0.02673667714228702,0.02479357804454959,0.9484697448131634
25922,LOF,0.03697645816798759,0.017366428241417854,0.9456571135905946
25923,LOF,0.41463926124550177,0.02123344200274676,0.5641272967517516
25924,LOF,0.034285817192109186,0.040418248796270095,0.9252959340116208
25925,LOF,0.06624625071686575,0.02638410561397002,0.9073696436691642
25926,LOF,0.049037336483568596,0.019155520769991014,0.9318071427464405
25927,LOF,0.06752463629879525,0.07657337231427211,0.8559019913869326
25928,LOF,0.020051227025372653,0.038633451437026525,0.9413153215376008
25929,Neutral,0.5374162737032808,0.023403664332300695,0.4391800619644184
25930,LOF,0.05531893022338574,0.01903783561749814,0.9256432341591162
25931,LOF,0.028434367035387376,0.02249195305069223,0.9490736799139203
25932,LOF,0.027730852458332053,0.02089384154973113,0.9513753059919368
25933,LOF,0.039043994499648016,0.013866701579440028,0.9470893039209118
25934,LOF,0.024467293638538397,0.017630659795749667,0.9579020465657119
25935,LOF,0.059442559873158184,0.029585772542663966,0.9109716675841778
25936,LOF,0.0503181772641529,0.022910901336749008,0.926770921399098
25937,LOF,0.02719239979974524,0.025985795373887597,0.9468218048263671
25938,LOF,0.05999412584567278,0.03199046401547487,0.9080154101388522
25939,LOF,0.04069030896524086,0.012114482707094244,0.9471952083276649
25940,LOF,0.03163615698402204,0.3909209270291311,0.5774429159868469
25941,LOF,0.1924405330602426,0.08262947910043829,0.7249299878393192
25942,LOF,0.01732263420883048,0.02639728143336961,0.9562800843577999
25943,LOF,0.32887980500607245,0.05162590155420626,0.6194942934397212
25944,LOF,0.48287308431922,0.024373838351253164,0.4927530773295268
25945,LOF,0.06930927460926854,0.019577808468244046,0.9111129169224873
25946,LOF,0.028611096481279366,0.12763291443105299,0.8437559890876677
25947,LOF,0.1304835794299688,0.22467482117872506,0.6448415993913063
25948,LOF,0.443279028466358,0.011542762466817656,0.5451782090668242
25949,LOF,0.11444418726612453,0.04731550082811275,0.8382403119057626
25950,GOF,0.2837240419592295,0.42810504766154817,0.28817091037922227
25951,LOF,0.24663419508670537,0.23119565991731655,0.5221701449959781
25952,LOF,0.038572800993398784,0.44387550153858846,0.5175516974680128
25953,LOF,0.14690758133978044,0.11925534332603069,0.733837075334189
25954,Neutral,0.4221579024320318,0.21170704622485245,0.3661350513431158
25955,LOF,0.05700177668510928,0.0811940255272019,0.8618041977876888
25956,LOF,0.18215129859727544,0.08411851775180187,0.7337301836509228
25957,LOF,0.03647469966176822,0.03133333145909333,0.9321919688791386
25958,LOF,0.06615372975485702,0.026465441508085417,0.9073808287370576
25959,LOF,0.07981480221217502,0.3556394002051649,0.5645457975826601
25960,LOF,0.02044144208926877,0.05699808975681385,0.9225604681539173
25961,LOF,0.0533941893635623,0.027949824079441375,0.9186559865569963
25962,LOF,0.051890767961947755,0.03133593821125273,0.9167732938267994
25963,LOF,0.04567744865308107,0.20056353934104776,0.7537590120058711
25964,LOF,0.03923920899353913,0.13937831468375708,0.8213824763227038
25965,LOF,0.4372601174624487,0.0884795666766585,0.4742603158608928
25966,LOF,0.43575382366277127,0.10668863376782411,0.45755754256940473
25967,LOF,0.012977156594305723,0.06885645264564808,0.9181663907600462
25968,GOF,0.03417309918691008,0.5335302969190504,0.43229660389403957
25969,LOF,0.024055905498098294,0.058680940510870985,0.9172631539910308
25970,LOF,0.06940041515394771,0.05354641516892725,0.877053169677125
25971,LOF,0.08252640881117278,0.014680211610609357,0.9027933795782178
25972,LOF,0.07824708980529399,0.01948392439616427,0.9022689857985416
25973,LOF,0.10248096900444854,0.007964826775915613,0.8895542042196358
25974,LOF,0.2037433091128461,0.01636401488125785,0.7798926760058961
25975,LOF,0.06077340643439641,0.027540762627776293,0.9116858309378272
25976,LOF,0.049083666213593724,0.012792506320194576,0.9381238274662117
25977,LOF,0.1548894230524056,0.09206482343629034,0.753045753511304
25978,LOF,0.1416317336053982,0.044940393341535025,0.8134278730530667
25979,LOF,0.13444602059496347,0.044617888190718685,0.8209360912143179
25980,LOF,0.1879489362124473,0.06188079349683657,0.7501702702907161
25981,LOF,0.22008288010342106,0.059658587200753205,0.7202585326958257
25982,LOF,0.3767009653503552,0.04046830155338375,0.5828307330962611
25983,LOF,0.3791667225102855,0.0459904115980508,0.5748428658916637
25984,LOF,0.05350210143205325,0.052831035890923535,0.8936668626770231
25985,LOF,0.024912958228512486,0.25896352919669724,0.7161235125747902
25986,LOF,0.03720092274771924,0.2719783892465496,0.690820688005731
25987,LOF,0.08161485465932583,0.0676739484213621,0.8507111969193121
25988,LOF,0.133652789973795,0.05840547049385391,0.807941739532351
25989,LOF,0.02913238606367376,0.11405591853587196,0.8568116954004543
25990,LOF,0.03648866526665973,0.15123734217016996,0.8122739925631703
25991,LOF,0.18980983888838335,0.28977089375042786,0.5204192673611888
25992,LOF,0.3754325990795726,0.15316363105251324,0.47140376986791405
25993,LOF,0.02487488017923889,0.07740068725392091,0.8977244325668401
25994,LOF,0.018203943771991568,0.10803988157881589,0.8737561746491925
25995,LOF,0.0267606078512335,0.1965078887369777,0.7767315034117888
25996,GOF,0.3043107123871289,0.4392266433147669,0.2564626442981043
25997,GOF,0.10270945899855558,0.48120331663292404,0.4160872243685204
25998,Neutral,0.529763433168779,0.025780115651610983,0.44445645117961013
25999,LOF,0.11932419399357493,0.11643986076544627,0.7642359452409788
26000,LOF,0.16407532171570477,0.027872310267545414,0.8080523680167498
26001,LOF,0.19032342861441734,0.034419317862044614,0.775257253523538
26002,LOF,0.13441002663843826,0.033936924196189135,0.8316530491653726
26003,GOF,0.011984259944259716,0.5690848713246524,0.418930868731088
26004,GOF,0.025777680381906233,0.6204801487027757,0.35374217091531807
26005,LOF,0.009757528988288813,0.4330913470698604,0.5571511239418507
26006,Neutral,0.5005363244185329,0.22060429081262314,0.2788593847688441
26007,GOF,0.026795563125393676,0.5073255843212507,0.4658788525533556
26008,GOF,0.02221072127428949,0.5470989233097623,0.43069035541594825
26009,GOF,0.02734465459431635,0.5731638342171392,0.3994915111885445
26010,GOF,0.028529614822792756,0.5786561658064105,0.39281421937079675
26011,LOF,0.008434928556975422,0.4103930905404487,0.5811719809025758
26012,GOF,0.017630053003436917,0.5024018292969876,0.4799681176995755
26013,GOF,0.023044901976257016,0.5677513718227597,0.40920372620098333
26014,LOF,0.0418270081572231,0.15051916979373958,0.8076538220490372
26015,LOF,0.2384454044886974,0.007826024540561883,0.7537285709707408
26016,LOF,0.23151427231233382,0.044236476318826025,0.7242492513688401
26017,LOF,0.2473622045800455,0.06571048891293618,0.6869273065070182
26018,LOF,0.11235842039217535,0.02913046176200341,0.8585111178458212
26019,LOF,0.10730020396443474,0.02211785506622742,0.8705819409693378
26020,LOF,0.07151208942593339,0.09511423170422512,0.8333736788698414
26021,LOF,0.04897811061939338,0.10734566329518018,0.8436762260854265
26022,LOF,0.012327785921812898,0.033705094630597135,0.9539671194475899
26023,LOF,0.12681326325491937,0.017927224242326158,0.8552595125027544
26024,LOF,0.03034542446291618,0.10445261893186557,0.8652019566052183
26025,LOF,0.17454290515639231,0.09541404095952061,0.7300430538840871
26026,LOF,0.36767264288540924,0.020537659435259023,0.6117896976793317
26027,LOF,0.0978011461077101,0.013293614551251266,0.8889052393410386
26028,LOF,0.14367365938208534,0.0840259640251546,0.77230037659276
26029,LOF,0.06734363528669622,0.1997238602729286,0.7329325044403753
26030,LOF,0.023169027236949087,0.05888750870460153,0.9179434640584494
26031,LOF,0.027916452884470828,0.14368346153307968,0.8284000855824494
26032,LOF,0.06300674363629638,0.059616915767347824,0.8773763405963558
26033,LOF,0.11617337177085317,0.07546257631017646,0.8083640519189704
26034,LOF,0.043628621116698275,0.16116799693734019,0.7952033819459615
26035,LOF,0.026461319164446707,0.14716882622962926,0.826369854605924
26036,LOF,0.03596525300355038,0.17551859495905678,0.7885161520373928
26037,LOF,0.02185547294078048,0.12263064688659997,0.8555138801726195
26038,LOF,0.0593753713945504,0.06337855229059182,0.8772460763148577
26039,LOF,0.05483901575314892,0.15673197484434537,0.7884290094025057
26040,LOF,0.1871872674447373,0.14113560882369874,0.671677123731564
26041,LOF,0.02281390042112266,0.11977996676250013,0.8574061328163771
26042,LOF,0.02284713971993734,0.11122667268557973,0.865926187594483
26043,LOF,0.058261666961699134,0.07887599118883377,0.8628623418494671
26044,LOF,0.019349547730855825,0.0778355038236253,0.9028149484455189
26045,LOF,0.07294041299221246,0.11202143984030825,0.8150381471674794
26046,LOF,0.059909740620369585,0.07762048083024636,0.8624697785493841
26047,LOF,0.08486720259898377,0.08083217937439861,0.8343006180266176
26048,LOF,0.04769637635684485,0.049627937744661135,0.9026756858984939
26049,Neutral,0.9580273958564959,0.008679912985657208,0.03329269115784704
26050,Neutral,0.9378797662787735,0.011353975890001089,0.05076625783122548
26051,LOF,0.04672376744936622,0.2514038121445539,0.7018724204060799
26052,LOF,0.06157866627651097,0.294673440068114,0.6437478936553751
26053,LOF,0.06200354777340234,0.12568972543624568,0.8123067267903521
26054,LOF,0.06343303144332584,0.01913711918434731,0.9174298493723267
26055,LOF,0.0798456423215076,0.016275710048248505,0.9038786476302438
26056,LOF,0.06462629538577981,0.01782287109348169,0.9175508335207384
26057,LOF,0.033405866604997496,0.012214985746439477,0.954379147648563
26058,LOF,0.0349996797757927,0.009523257638404725,0.9554770625858026
26059,LOF,0.32069705432789,0.025704475175727312,0.6535984704963826
26060,LOF,0.03360936004865364,0.17049252274060964,0.7958981172107367
26061,LOF,0.019145405627337037,0.012220570132655323,0.9686340242400078
26062,LOF,0.011706277675677432,0.02035778503414871,0.9679359372901738
26063,LOF,0.023463939300870425,0.012934632233915423,0.9636014284652141
26064,LOF,0.023787673614696123,0.01929679665599628,0.9569155297293076
26065,LOF,0.02640141525497116,0.013219172026131558,0.9603794127188973
26066,LOF,0.022143715006021237,0.01214535583604711,0.9657109291579317
26067,LOF,0.028514858982321877,0.009720061278350848,0.9617650797393272
26068,LOF,0.04968253644002176,0.03393393996188065,0.9163835235980976
26069,LOF,0.2751627889237447,0.02027425265997093,0.7045629584162842
26070,LOF,0.42315934893568097,0.016043458028156588,0.5607971930361625
26071,LOF,0.0258453536561586,0.013998615642373782,0.9601560307014677
26072,LOF,0.020756611132068482,0.017654476368805867,0.9615889124991256
26073,LOF,0.026758534334944073,0.011263997160635834,0.96197746850442
26074,Neutral,0.9158853569246165,0.005387622749737295,0.07872702032564619
26075,LOF,0.046906109351386484,0.01620234797615275,0.9368915426724609
26076,LOF,0.047248859610569044,0.00956086287423376,0.9431902775151971
26077,LOF,0.009311715629744758,0.019307966656312143,0.9713803177139432
26078,LOF,0.013202752412259183,0.011540656909357445,0.9752565906783833
26079,LOF,0.0660810179425532,0.019100348209112616,0.9148186338483343
26080,LOF,0.06470322745764646,0.019259645098308072,0.9160371274440455
26081,LOF,0.03973516758165443,0.006634747246178246,0.9536300851721674
26082,LOF,0.017142974587996424,0.015366000061509644,0.9674910253504938
26083,LOF,0.13649371118802817,0.013218075908199876,0.8502882129037721
26084,LOF,0.028261913839438903,0.013724946484432855,0.9580131396761282
26085,LOF,0.02380304205867725,0.012958183944689613,0.963238773996633
26086,LOF,0.025439070492357822,0.012975822660719933,0.9615851068469221
26087,LOF,0.030183992216274384,0.009023020218735234,0.9607929875649904
26088,LOF,0.015673545125149447,0.02836477521654362,0.955961679658307
26089,LOF,0.04911891809259936,0.02387307996606979,0.9270080019413309
26090,LOF,0.047976612798265074,0.019301611320064978,0.9327217758816699
26091,LOF,0.04092150558934319,0.006719857838108525,0.9523586365725484
26092,LOF,0.027493385320656646,0.008734743657016614,0.9637718710223268
26093,LOF,0.04417908072682881,0.006426147290969039,0.9493947719822022
26094,LOF,0.044986042942723826,0.006829532304119394,0.9481844247531569
26095,LOF,0.04616298365170777,0.013310887388991844,0.9405261289593003
26096,LOF,0.019167432116790114,0.011902038226827425,0.9689305296563825
26097,LOF,0.011561437099415319,0.0367005016064848,0.9517380612940999
26098,LOF,0.0747957111797878,0.010926429006495889,0.9142778598137163
26099,LOF,0.025933482595182383,0.013275605730078303,0.9607909116747392
26100,LOF,0.02833996215829855,0.012724897694930909,0.9589351401467706
26101,LOF,0.05615565638037319,0.012751489407459363,0.9310928542121674
26102,LOF,0.027727379655271223,0.01407561372492215,0.9581970066198067
26103,Neutral,0.8936208972644702,0.01869109441637569,0.08768800831915428
26104,LOF,0.08688464879899133,0.0275608169362235,0.8855545342647853
26105,LOF,0.22400569685559343,0.28000704146103905,0.4959872616833675
26106,LOF,0.1992462210564953,0.11148256296998899,0.6892712159735158
26107,LOF,0.2467380226972871,0.07406676217113826,0.6791952151315747
26108,LOF,0.23663361923408538,0.13040645026478279,0.6329599305011319
26109,LOF,0.09075960466259417,0.09397837479527582,0.8152620205421299
26110,LOF,0.2661624325698535,0.007319834902090157,0.7265177325280563
26111,LOF,0.48396132405393666,0.01664030098088522,0.4993983749651782
26112,LOF,0.03623200677108098,0.007802321376136044,0.955965671852783
26113,LOF,0.06245936845068493,0.015757421460413767,0.9217832100889013
26114,LOF,0.030426640879869373,0.024799679764362263,0.9447736793557684
26115,LOF,0.10590232288901717,0.0640704589947467,0.830027218116236
26116,LOF,0.0645798647932258,0.053268086423180615,0.8821520487835937
26117,LOF,0.4251903269873445,0.06462944521589507,0.5101802277967605
26118,LOF,0.038771496458747466,0.033792032007449575,0.9274364715338029
26119,LOF,0.023565127374976583,0.04447003695846009,0.9319648356665633
26120,LOF,0.031585645012807806,0.03189910749259889,0.9365152474945933
26121,LOF,0.05103794767496783,0.09457660142316397,0.8543854509018681
26122,LOF,0.04093162719018859,0.04734822344970198,0.9117201493601095
