feature0,prediction,LoGoFunc_Neutral,LoGoFunc_GOF,LoGoFunc_LOF
25546,Neutral,0.6156378113845844,0.05612101543125606,0.3282411731841596
25547,Neutral,0.46904284500188864,0.09349910049992553,0.43745805449818576
25548,Neutral,0.47790155310222376,0.07932475342240387,0.4427736934753723
25549,LOF,0.3978232637033087,0.07915263362033755,0.5230241026763537
25550,LOF,0.3323811315709477,0.11336226765189035,0.5542566007771619
25551,LOF,0.29125890487648803,0.11980362437792472,0.5889374707455872
25552,LOF,0.26516305625928077,0.11455243034863473,0.6202845133920845
25553,Neutral,0.7903631538235859,0.04405976705631078,0.16557707912010336
25554,LOF,0.3064083542710065,0.10151686817379285,0.5920747775552007
25555,LOF,0.2600362130356398,0.09728474796911955,0.6426790389952406
25556,LOF,0.4347914836799833,0.09281263904577064,0.4723958772742461
25557,LOF,0.24472613067048432,0.10271497400552446,0.6525588953239911
25558,LOF,0.30164832905924044,0.09995133055806632,0.5984003403826932
25559,LOF,0.24113300595228257,0.128538815422717,0.6303281786250003
25560,LOF,0.1759333519230005,0.09586500915687375,0.7282016389201257
25561,LOF,0.16644655750478127,0.11552667747750929,0.7180267650177093
25562,LOF,0.07460516619569313,0.0787852485975757,0.8466095852067312
25563,LOF,0.02508558864746798,0.13297447390686015,0.8419399374456719
25564,LOF,0.22414203532443686,0.1120144413945267,0.6638435232810365
25565,LOF,0.18495189970661682,0.15957572581218787,0.6554723744811952
25566,GOF,0.09266848528600906,0.6985784493238739,0.20875306539011704
25567,LOF,0.041104310075180596,0.13481843497606552,0.8240772549487538
25568,LOF,0.06451392742146815,0.06960784404206025,0.8658782285364717
25569,LOF,0.06445721793197483,0.06980318178846855,0.8657396002795567
25570,LOF,0.030551841183933788,0.09551288470898445,0.8739352741070817
25571,LOF,0.030256577058432658,0.10142359467879031,0.8683198282627771
25572,LOF,0.06096706275099997,0.11625695923796449,0.8227759780110355
25573,LOF,0.059012153597578665,0.09040675410734794,0.8505810922950733
25574,LOF,0.059319741853060694,0.19019623089327142,0.7504840272536678
25575,LOF,0.02523174461408712,0.11734028290669828,0.8574279724792147
25576,LOF,0.029413388006430927,0.14899013567381783,0.8215964763197513
25577,LOF,0.03326183023215759,0.11736117691926565,0.8493769928485768
25578,LOF,0.30940285023103103,0.08251384908440323,0.6080833006845657
25579,LOF,0.1377604205585379,0.08901948183621121,0.7732200976052509
25580,LOF,0.02265460248069652,0.07549099416068421,0.9018544033586193
25581,LOF,0.059112150191534506,0.065196067501452,0.8756917823070134
25582,LOF,0.05917678538049352,0.06293559837685508,0.8778876162426513
25583,LOF,0.02390622580921025,0.08328930972713318,0.8928044644636565
25584,Neutral,0.6897913896463225,0.10063477280864945,0.20957383754502815
25585,LOF,0.027840897555640693,0.13419230171734753,0.8379668007270118
25586,LOF,0.019418090619202365,0.06985727182889255,0.910724637551905
25587,LOF,0.018964044676908588,0.060571718050385845,0.9204642372727055
25588,LOF,0.02279309512454244,0.06436782358761552,0.9128390812878422
25589,Neutral,0.5263262659372854,0.19263591310077935,0.28103782096193525
25590,LOF,0.05090712587178207,0.11513006169779065,0.8339628124304272
25591,LOF,0.10497499277291035,0.05595309246237033,0.8390719147647192
25592,LOF,0.05870396992780002,0.13864470485879113,0.8026513252134089
25593,LOF,0.14101732718228965,0.24208576130780637,0.616896911509904
25594,LOF,0.05531143585272186,0.11632820561078056,0.8283603585364977
25595,LOF,0.05583780421431474,0.08379224611048967,0.8603699496751956
25596,LOF,0.11329149954576005,0.04791576179759657,0.8387927386566434
25597,LOF,0.08875408898787944,0.054203884886164136,0.8570420261259564
25598,LOF,0.05894683425772372,0.08466248145166233,0.8563906842906139
25599,LOF,0.020913504718637548,0.48632676854541895,0.49275972673594354
25600,GOF,0.1720542924170245,0.4921402412703221,0.3358054663126535
25601,LOF,0.041974569616474056,0.4145318640218869,0.543493566361639
25602,LOF,0.033168553103307026,0.06348231910224193,0.903349127794451
25603,LOF,0.03078845286024805,0.035159379564912295,0.9340521675748397
25604,LOF,0.03219514996024157,0.07615836630621772,0.8916464837335407
25605,LOF,0.03256198714892613,0.18292148102860048,0.7845165318224735
25606,LOF,0.3965663151568944,0.10785021923453378,0.49558346560857186
25607,LOF,0.023227758755227278,0.1725927590467275,0.8041794821980451
25608,LOF,0.03288122865223755,0.07254265477547926,0.8945761165722832
25609,GOF,0.13357040935469514,0.5202095410963726,0.3462200495489322
25610,LOF,0.01731453467313414,0.030464623457809526,0.9522208418690563
25611,LOF,0.014408629093366343,0.035108479587172,0.9504828913194616
25612,LOF,0.05416592761111502,0.047080272389977876,0.898753799998907
25613,LOF,0.05145606964565313,0.0466828360644525,0.9018610942898944
25614,LOF,0.022842424459810908,0.028408704197482978,0.948748871342706
25615,LOF,0.04410188576322296,0.04588168113600703,0.91001643310077
25616,LOF,0.05243329518789791,0.03247835887279933,0.9150883459393028
25617,LOF,0.04409062442576812,0.04429040246688317,0.9116189731073487
25618,LOF,0.05158518354043258,0.03912831878773224,0.9092864976718351
25619,LOF,0.013440978690015057,0.03674727681432052,0.9498117444956644
25620,LOF,0.06468814967615631,0.0490836087801204,0.8862282415437231
25621,LOF,0.05435690865525711,0.039604816263421105,0.9060382750813217
25622,LOF,0.06267128443242925,0.038534022203868985,0.8987946933637017
25623,LOF,0.07621192122797327,0.030634783519759207,0.8931532952522675
25624,LOF,0.019467332477060312,0.036673500265188126,0.9438591672577517
25625,LOF,0.06155208622374987,0.044181554645113426,0.8942663591311366
25626,LOF,0.048571079865415756,0.04489549616181976,0.9065334239727646
25627,Neutral,0.8936869529963427,0.01959419592578327,0.08671885107787407
25628,LOF,0.12369671191605562,0.05531535312876116,0.8209879349551833
25629,LOF,0.06820082281127084,0.0452044471187341,0.886594730069995
25630,LOF,0.3103830167742693,0.07036135960551299,0.6192556236202177
25631,Neutral,0.5541218233737334,0.06164179648803445,0.3842363801382322
25632,LOF,0.027989062475282434,0.06587071572957187,0.9061402217951458
25633,LOF,0.15757890264058796,0.04012604255980486,0.8022950547996072
25634,LOF,0.0335313208647514,0.07714678975517024,0.8893218893800783
25635,LOF,0.036004857076317766,0.043360781625220834,0.9206343612984614
25636,LOF,0.03562499396415829,0.4296128432164292,0.5347621628194126
25637,LOF,0.06628104566925075,0.4375352963510164,0.4961836579797328
25638,LOF,0.03067431563006234,0.3366993552822774,0.6326263290876603
25639,LOF,0.03092804965503819,0.3631981019005891,0.6058738484443728
25640,Neutral,0.7995971205348631,0.15397343837314392,0.0464294410919931
25641,LOF,0.06101540789281735,0.4615097185332256,0.47747487357395707
25642,LOF,0.03999368312687905,0.15862242904561893,0.801383887827502
25643,LOF,0.16213824382047867,0.13474242081076013,0.7031193353687611
25644,LOF,0.02353377419746062,0.4158325558602392,0.5606336699423001
25645,LOF,0.02716930768428394,0.36384350492191936,0.6089871873937968
25646,LOF,0.06094527378551612,0.2971494238835986,0.6419053023308853
25647,LOF,0.02839796117391399,0.24714459963242993,0.7244574391936561
25648,LOF,0.037709690600670503,0.22747128437356784,0.7348190250257617
25649,LOF,0.01965642335147491,0.22315895634259827,0.7571846203059268
25650,LOF,0.053016919087600915,0.3791349114549683,0.5678481694574309
25651,LOF,0.018712008969673146,0.26273527927016127,0.7185527117601656
25652,LOF,0.040200932464748394,0.2557189574151513,0.7040801101201003
25653,LOF,0.10611147332720659,0.37364227575105996,0.5202462509217335
25654,LOF,0.02891873915693399,0.21990406131623977,0.7511771995268263
25655,LOF,0.24254565660172236,0.36716370655582464,0.390290636842453
25656,LOF,0.3609902963634085,0.05422267839063779,0.5847870252459537
25657,LOF,0.06587642035504197,0.05727903915655262,0.8768445404884053
25658,LOF,0.336915496479087,0.061379042237917694,0.6017054612829953
25659,Neutral,0.5293817184233894,0.0804118513614017,0.39020643021520884
25660,LOF,0.021689895770105976,0.07502683970664631,0.9032832645232478
25661,LOF,0.10036044770541172,0.056784160169141874,0.8428553921254465
25662,LOF,0.03653600547213541,0.03195345096057079,0.9315105435672939
25663,LOF,0.04669602807960854,0.046071863246855416,0.907232108673536
25664,LOF,0.1475841718123709,0.06744592242757178,0.7849699057600573
25665,LOF,0.05474146402379589,0.03049804141507369,0.9147604945611304
25666,LOF,0.09855481788770641,0.07301983119883267,0.8284253509134608
25667,LOF,0.07640384115891442,0.037132818934456024,0.8864633399066296
25668,LOF,0.039259664552932456,0.04502231999080343,0.9157180154562642
25669,LOF,0.03377898662605984,0.0489459120740111,0.9172751012999292
25670,LOF,0.15451155831544666,0.0629331373808688,0.7825553043036845
25671,LOF,0.11934686850806855,0.0326292084845187,0.8480239230074126
25672,LOF,0.052806941709709204,0.04154504597724605,0.9056480123130447
25673,LOF,0.07514089971081105,0.047218665006628406,0.8776404352825605
25674,LOF,0.06519525715411087,0.05686246621852444,0.8779422766273647
25675,LOF,0.11689699256781666,0.05316691846265173,0.8299360889695316
25676,LOF,0.019988069047768935,0.05123123122898759,0.9287806997232435
25677,LOF,0.026636451095481427,0.06975613297099621,0.9036074159335223
25678,LOF,0.2257298315993949,0.06052689678520765,0.7137432716153974
25679,LOF,0.11730562576452984,0.08691833501470134,0.7957760392207688
25680,LOF,0.03271651114926811,0.11803598023029625,0.8492475086204357
25681,LOF,0.0528378299572317,0.11213160464131439,0.8350305654014539
25682,LOF,0.15829630971669845,0.0779045609127515,0.7637991293705501
25683,LOF,0.1209048446672959,0.10179137755015728,0.7773037777825468
25684,LOF,0.045726770830810184,0.07424369861330939,0.8800295305558804
25685,LOF,0.12234875333489809,0.05509620181782424,0.8225550448472777
25686,LOF,0.08433088222940034,0.0850095680777086,0.830659549692891
25687,LOF,0.11758494399926693,0.09226550688385363,0.7901495491168795
25688,LOF,0.3173585471472738,0.04060112278330901,0.6420403300694173
25689,LOF,0.25275749622539473,0.04149483248013177,0.7057476712944735
25690,LOF,0.33092674691063917,0.031041580378490852,0.63803167271087
25691,Neutral,0.6811691813889439,0.025238378487286505,0.2935924401237695
25692,LOF,0.3419807809130318,0.010591913516192174,0.647427305570776
25693,LOF,0.042497696456031624,0.42899873129386745,0.5285035722501008
25694,LOF,0.11499717992826988,0.017173676448490147,0.86782914362324
25695,LOF,0.10921873235682718,0.015812871555452534,0.8749683960877204
25696,LOF,0.12801745132525263,0.008193388870428236,0.8637891598043191
25697,LOF,0.08891183815114989,0.029871760796362085,0.8812164010524881
25698,LOF,0.3523819364597421,0.1875272470228489,0.4600908165174091
25699,LOF,0.4217501985760222,0.043983438903971904,0.5342663625200058
25700,LOF,0.07061602419264994,0.009672005304931895,0.9197119705024183
25701,LOF,0.14850564919090836,0.05256443728709551,0.798929913521996
25702,GOF,0.17256862064317927,0.5624911250956675,0.2649402542611533
25703,LOF,0.01648797466039427,0.1688934274959659,0.8146185978436398
25704,LOF,0.04436047899836578,0.10998675879652839,0.8456527622051059
25705,LOF,0.04629924069400827,0.15593024342381795,0.7977705158821737
25706,LOF,0.09226082380482917,0.3969983476377361,0.5107408285574347
25707,LOF,0.07805049437534711,0.3344804827603124,0.5874690228643404
25708,LOF,0.03169839834854946,0.28750398838251345,0.6807976132689372
25709,LOF,0.06832854042146187,0.04175121558038584,0.8899202439981523
25710,LOF,0.011843154780699043,0.14364806999785215,0.8445087752214488
25711,LOF,0.01923085429371275,0.10064844718528512,0.8801206985210022
25712,LOF,0.014351210606860308,0.17888609228529753,0.8067626971078422
25713,LOF,0.01888087729936752,0.08649861613772965,0.8946205065629029
25714,LOF,0.07675826241117664,0.08358661989703453,0.8396551176917889
25715,LOF,0.011802794622185128,0.14183253993424078,0.8463646654435741
25716,LOF,0.014551108611466974,0.12096343618150819,0.8644854552070247
25717,LOF,0.01255028787584634,0.08061034437711866,0.9068393677470349
25718,LOF,0.01250587369948141,0.10112989238266407,0.8863642339178545
25719,LOF,0.01906734026136417,0.08136736291171331,0.8995652968269224
25720,LOF,0.0240521358919118,0.07007635084100315,0.905871513267085
25721,LOF,0.015079793521641714,0.118349253366878,0.8665709531114802
25722,LOF,0.01458615310610993,0.12941125752033358,0.8560025893735564
25723,LOF,0.02334457827766711,0.04315346827177699,0.933501953450556
25724,LOF,0.034119368282408066,0.09058301724812819,0.8752976144694637
25725,LOF,0.011832981002889653,0.06555463188872504,0.9226123871083852
25726,LOF,0.016036579910996905,0.10165784269964098,0.8823055773893621
25727,LOF,0.013592995976745853,0.07278986932793306,0.913617134695321
25728,LOF,0.010183001055276914,0.11587774156360561,0.8739392573811174
25729,LOF,0.010744299693912223,0.1130843917453484,0.8761713085607393
25730,LOF,0.0146641449770673,0.08707426844169358,0.8982615865812391
25731,LOF,0.019976117665538043,0.10597671068756086,0.874047171646901
25732,LOF,0.015261507069414527,0.07710222744116488,0.9076362654894207
25733,LOF,0.016836908879225492,0.06736319052870372,0.9157999005920708
25734,LOF,0.011202919762713833,0.1218841347173308,0.8669129455199553
25735,LOF,0.014110746920797076,0.08692741431470756,0.8989618387644953
25736,LOF,0.015606281343515117,0.10113142399799335,0.8832622946584916
25737,LOF,0.012575358468079506,0.08053682296449158,0.9068878185674288
25738,LOF,0.012609891563267615,0.10609027972245857,0.8812998287142738
25739,LOF,0.021117265536412955,0.08367724615762324,0.8952054883059638
25740,LOF,0.02559436655184157,0.10873197059587023,0.8656736628522882
25741,LOF,0.01453113684287562,0.11688827247917188,0.8685805906779525
25742,LOF,0.1203990172842366,0.08525374920059446,0.794347233515169
25743,LOF,0.03250934789445433,0.03215146375135262,0.935339188354193
25744,Neutral,0.5715613296471157,0.17649948386658532,0.2519391864862989
25745,LOF,0.07558814825908665,0.06383331216027013,0.8605785395806431
25746,LOF,0.04029837754851774,0.07673959959029059,0.8829620228611917
25747,LOF,0.02208214712608626,0.041791363284637145,0.9361264895892767
25748,LOF,0.09026015248797561,0.05999046114616636,0.8497493863658581
25749,LOF,0.024280021311307826,0.07642235084074533,0.8992976278479469
25750,LOF,0.0843459530357199,0.07471512887723827,0.8409389180870418
25751,LOF,0.09338677759207288,0.0678306276751406,0.8387825947327865
25752,GOF,0.11243687225690654,0.6438519379909922,0.24371118975210124
25753,LOF,0.01982639081278471,0.2723398904002272,0.7078337187869882
25754,GOF,0.01107148003811936,0.7751165743973395,0.2138119455645412
25755,LOF,0.02389435561062686,0.3914747062890893,0.5846309381002838
25756,LOF,0.04392928494867033,0.37172900640948064,0.5843417086418491
25757,GOF,0.013424019062149408,0.8381416613698888,0.14843431956796185
25758,GOF,0.028995265764047054,0.8102590570118208,0.1607456772241322
25759,GOF,0.010905850597436815,0.5468214760032513,0.44227267339931203
25760,LOF,0.010344952032540324,0.24741813484900074,0.742236913118459
25761,GOF,0.2717727535068435,0.6358495883967283,0.09237765809642816
25762,LOF,0.03555551015255981,0.2647206740066543,0.6997238158407858
25763,LOF,0.012790411072199033,0.2007049531998256,0.7865046357279755
25764,GOF,0.08150731055510108,0.6194635588823509,0.2990291305625481
25765,GOF,0.042080718917540894,0.7393048742451416,0.21861440683731756
25766,GOF,0.07181562548962095,0.7439495845421584,0.1842347899682207
25767,GOF,0.12435873391132497,0.5998907514341171,0.27575051465455797
25768,LOF,0.11332061245384899,0.07261226753507181,0.8140671200110792
25769,LOF,0.060438888802903934,0.06290171729039402,0.876659393906702
25770,LOF,0.32615449949367975,0.09664016588427132,0.5772053346220489
25771,LOF,0.040444788809230595,0.0485047916860488,0.9110504195047205
25772,LOF,0.01878023738376972,0.038737854414459795,0.9424819082017705
25773,LOF,0.051063647513233446,0.10039342272073459,0.848542929766032
25774,LOF,0.029835324872718217,0.07615594377941201,0.8940087313478698
25775,LOF,0.04954580597681941,0.05043988134748172,0.900014312675699
25776,LOF,0.07629356504333293,0.024871768815516133,0.8988346661411508
25777,LOF,0.3466082144469974,0.05049272263944078,0.6028990629135619
25778,LOF,0.07528196943162195,0.04700938449072617,0.8777086460776519
25779,GOF,0.39233673621117016,0.5602498734557322,0.04741339033309755
25780,GOF,0.3182388637047747,0.6024938387558587,0.07926729753936662
25781,GOF,0.15029133436810665,0.7328138359741201,0.11689482965777333
25782,GOF,0.22863005720358698,0.6966590619047193,0.07471088089169381
25783,GOF,0.02269069036052823,0.5878705752147814,0.38943873442469046
25784,Neutral,0.522166998176699,0.4364940628873836,0.04133893893591726
25785,GOF,0.4676597061534632,0.49270599754750494,0.039634296299031736
25786,GOF,0.029197768356448977,0.7457592033093533,0.2250430283341977
25787,Neutral,0.640168888031718,0.3329103866284895,0.026920725339792662
25788,LOF,0.05823697203235271,0.09704903901644767,0.8447139889511995
25789,GOF,0.2356537827805736,0.6353387414439012,0.12900747577552515
25790,GOF,0.25243042920135267,0.638918095303454,0.10865147549519347
25791,GOF,0.18566560932159232,0.6507558173980807,0.16357857328032688
25792,GOF,0.392261420213839,0.4905481063827713,0.11719047340338969
25793,GOF,0.23813511666836873,0.5387862500375157,0.22307863329411554
25794,GOF,0.28232874322957974,0.538255309975528,0.17941594679489228
25795,GOF,0.09035659868345515,0.6487691090739582,0.26087429224258657
25796,Neutral,0.5716258688965182,0.3422976168265041,0.08607651427697771
25797,GOF,0.09339055886527313,0.5244204891896006,0.38218895194512614
25798,LOF,0.009712372811533155,0.4920563755334023,0.4982312516550645
25799,LOF,0.007512872613402752,0.3597956734941365,0.6326914538924607
25800,GOF,0.037139871174873156,0.5670798310376525,0.39578029778747437
25801,GOF,0.21480734436190638,0.6273183419442147,0.157874313693879
25802,GOF,0.0803407347789275,0.6561397833478524,0.26351948187322005
25803,GOF,0.03777127555521959,0.5506767421012047,0.4115519823435757
25804,LOF,0.03208413767194841,0.4525806942040169,0.5153351681240347
25805,GOF,0.10764872144526562,0.5454093515269132,0.34694192702782106
25806,GOF,0.10620705416958598,0.5629875582222584,0.3308053876081557
25807,GOF,0.01902600697012949,0.5847740051905266,0.3961999878393439
25808,GOF,0.09480473688246312,0.5959769829440388,0.3092182801734983
25809,GOF,0.019039420878744648,0.5573192961426335,0.4236412829786218
25810,GOF,0.017610115447604675,0.5905447362041533,0.3918451483482421
25811,Neutral,0.4708160208105906,0.4435271632352352,0.08565681595417424
25812,GOF,0.03524694731617298,0.6243919291628103,0.34036112352101683
25813,Neutral,0.5448239321204854,0.3532263266115714,0.10194974126794316
25814,GOF,0.14411119601867378,0.6090485349985062,0.24684026898282005
25815,GOF,0.2080764684556215,0.6021576577775536,0.189765873766825
25816,GOF,0.02259813544474018,0.6590334749885017,0.31836838956675817
25817,GOF,0.2500023358999326,0.6105416849366512,0.13945597916341618
25818,GOF,0.05112651432080723,0.6335348529829312,0.31533863269626156
25819,GOF,0.33783373036737535,0.5138733301409286,0.14829293949169617
25820,GOF,0.17858035329797717,0.5980446855401406,0.2233749611618822
25821,GOF,0.057853801534557325,0.6532012953632343,0.2889449031022083
25822,GOF,0.19995698013878704,0.5697101006396693,0.23033291922154375
25823,GOF,0.03644207328287676,0.5108159224368853,0.4527420042802378
25824,GOF,0.08122247366370763,0.5765705091469027,0.34220701718938973
25825,GOF,0.03670757123574642,0.5713200723572137,0.39197235640703987
25826,GOF,0.015014200147682828,0.5554044291472907,0.42958137070502644
25827,GOF,0.027785924553540297,0.6004113806966209,0.3718026947498388
25828,GOF,0.015463612298726406,0.5093462377292439,0.4751901499720296
25829,GOF,0.006317895565846955,0.5597798345563928,0.4339022698777601
25830,LOF,0.03373988143693959,0.29297843104252574,0.6732816875205346
25831,GOF,0.23554519085380024,0.6355656121793581,0.1288891969668416
25832,GOF,0.03493619251879648,0.6709086314190961,0.2941551760621074
25833,GOF,0.12851086615137794,0.7007351660054686,0.17075396784315344
25834,GOF,0.03676514544421666,0.6751485343095687,0.2880863202462146
25835,GOF,0.07811656627849192,0.7419420386575714,0.17994139506393664
25836,GOF,0.03858334111644399,0.669884969085042,0.29153168979851407
25837,GOF,0.02604000261008892,0.5563511001926575,0.41760889719725364
25838,GOF,0.08986634681512162,0.7556226163980891,0.15451103678678915
25839,GOF,0.336418086743803,0.5168029206774309,0.14677899257876595
25840,GOF,0.26634433414147535,0.5856249307953061,0.14803073506321865
25841,GOF,0.26165767467492707,0.6105599021074208,0.1277824232176522
25842,GOF,0.19537210322900456,0.6751435591147155,0.12948433765628004
25843,GOF,0.26333155981439166,0.6463784884646275,0.09028995172098075
25844,GOF,0.07029325540386518,0.699224586562992,0.23048215803314276
25845,LOF,0.01714723613874415,0.4569255430256592,0.5259272208355967
25846,GOF,0.1433507536607393,0.720128849512332,0.13652039682692868
25847,GOF,0.12835654952337722,0.7484232099895457,0.12322024048707723
25848,GOF,0.04218834067745828,0.670302996073003,0.2875086632495388
25849,GOF,0.012104602449009598,0.5583976179134821,0.42949777963750835
25850,GOF,0.021306947419127246,0.6189873770675726,0.35970567551330024
25851,GOF,0.018902319306858616,0.5080846270095626,0.47301305368357877
25852,GOF,0.17104185823462942,0.535724711578159,0.29323343018721165
25853,GOF,0.34847548661356975,0.5752725651122736,0.07625194827415653
25854,GOF,0.023764868859236735,0.6050936027499325,0.3711415283908307
25855,GOF,0.04031810568620853,0.5382100988245611,0.42147179548923047
25856,GOF,0.2365307900117534,0.5358903262398204,0.22757888374842627
25857,LOF,0.040115766510422604,0.46936585102639483,0.49051838246318247
25858,GOF,0.020443077201166192,0.5232098111782838,0.45634711162054997
25859,LOF,0.01073242400728337,0.488161732744023,0.5011058432486936
25860,GOF,0.3640653078593336,0.5466109134319012,0.08932377870876522
25861,GOF,0.4540391457215035,0.4683078314552333,0.07765302282326311
25862,GOF,0.10302501507513609,0.7460089772087847,0.15096600771607924
25863,GOF,0.10160609037840145,0.7415765887054748,0.15681732091612366
25864,GOF,0.22764571372759435,0.6946621743055924,0.07769211196681321
25865,GOF,0.11214014886819644,0.7725644143641872,0.11529543676761639
25866,GOF,0.06583213718684088,0.7666467343484177,0.16752112846474146
25867,GOF,0.10217319786810132,0.7907508958623578,0.1070759062695409
25868,GOF,0.2655610895274316,0.6304927715724349,0.10394613890013353
25869,Neutral,0.7229080412786522,0.23757841944422634,0.03951353927712139
25870,LOF,0.28453558043810967,0.34333815277668794,0.3721262667852024
25871,GOF,0.2531368869863857,0.58314951115784,0.1637136018557743
25872,GOF,0.08365844567628146,0.6232048045778341,0.2931367497458845
25873,GOF,0.11598211073961545,0.6774597070524387,0.20655818220794567
25874,LOF,0.017849384122760055,0.11328538133241718,0.8688652345448228
25875,LOF,0.08645589270041672,0.03847500208508965,0.8750691052144937
25876,LOF,0.03706615508343211,0.02989610635470177,0.933037738561866
25877,LOF,0.47605057902277076,0.046546473237182286,0.477402947740047
25878,LOF,0.19856835570316606,0.08264295369884467,0.7187886905979892
25879,LOF,0.08645284699652213,0.08376830553885241,0.8297788474646254
25880,LOF,0.024764185961045727,0.015077410759745854,0.9601584032792083
25881,LOF,0.17181747038610629,0.11604499692581549,0.7121375326880781
25882,LOF,0.061450608760873375,0.016797249102974796,0.9217521421361518
25883,LOF,0.07967801593088236,0.019186877812343944,0.9011351062567737
25884,LOF,0.032134999436963435,0.02763703537800244,0.940227965185034
25885,LOF,0.06241435080401216,0.012022261005772387,0.9255633881902154
25886,LOF,0.25107244935493683,0.03534133487660112,0.713586215768462
25887,LOF,0.1396323596144757,0.06424690613427536,0.7961207342512489
25888,LOF,0.06457405227079686,0.05503131767788126,0.8803946300513219
25889,LOF,0.04212000864481165,0.02016564904048042,0.937714342314708
25890,LOF,0.047976296030610155,0.17024516716681973,0.78177853680257
25891,LOF,0.03805074832634982,0.05606163977710328,0.905887611896547
25892,LOF,0.09119325776151496,0.024123964469217687,0.8846827777692674
25893,LOF,0.2672257293420688,0.021265330286442556,0.7115089403714886
25894,LOF,0.19411202480181453,0.011259194426002685,0.7946287807721828
25895,LOF,0.21578591564415284,0.023403007350128024,0.7608110770057191
25896,LOF,0.05485651580443331,0.022402829210252682,0.9227406549853141
25897,LOF,0.3038516303858913,0.012313259201167452,0.6838351104129412
25898,Neutral,0.7322414321034885,0.010335076219334221,0.25742349167717743
25899,LOF,0.20670763270841463,0.023763304583651102,0.7695290627079343
25900,LOF,0.4529544144433736,0.01465548565222617,0.5323900999044001
25901,LOF,0.048874158385235324,0.013847415413024141,0.9372784262017404
25902,LOF,0.17045144390347253,0.014794189935639157,0.8147543661608884
25903,Neutral,0.5976413613721128,0.03231867521347425,0.3700399634144131
25904,LOF,0.28924288340959264,0.05404990766355276,0.6567072089268546
25905,LOF,0.02506249776674743,0.35191200786664145,0.623025494366611
25906,LOF,0.030580058522909098,0.07535174848922928,0.8940681929878617
25907,LOF,0.015991737403782326,0.3625101074446728,0.6214981551515448
25908,LOF,0.010299114591160606,0.27516029381336427,0.7145405915954751
25909,LOF,0.01325638853078619,0.12907959694945426,0.8576640145197596
25910,LOF,0.04800843333670165,0.14077380600963602,0.8112177606536624
25911,LOF,0.17153430111579315,0.021305409607822186,0.8071602892763847
25912,LOF,0.04732567179683258,0.03959492803899711,0.9130794001641703
25913,LOF,0.3044912512276885,0.020798297345772227,0.6747104514265394
25914,LOF,0.01983814342473866,0.06072918352581294,0.9194326730494483
25915,Neutral,0.5896768299937115,0.16622342465018378,0.24409974535610465
25916,LOF,0.09553120864553676,0.20962493012837144,0.6948438612260918
25917,LOF,0.06834103334994242,0.04651402467453951,0.8851449419755181
25918,LOF,0.022907179692368027,0.0409706994704462,0.9361221208371858
25919,LOF,0.021090319088477163,0.043952379351348714,0.9349573015601741
25920,GOF,0.1305662399314196,0.5339975030591436,0.33543625700943663
25921,LOF,0.024608270583911216,0.030723555268128727,0.94466817414796
25922,LOF,0.03537444458223767,0.021595714015779737,0.9430298414019825
25923,LOF,0.4398953963411012,0.0245222302832466,0.5355823733756523
25924,LOF,0.03965435837344717,0.036876807226897394,0.9234688343996554
25925,LOF,0.07025399028554677,0.029617589018684092,0.9001284206957691
25926,LOF,0.05277752202762817,0.023928771947232426,0.9232937060251394
25927,LOF,0.05950920633535584,0.11174750691523154,0.8287432867494127
25928,LOF,0.02026698124856356,0.03853141973422655,0.9412015990172099
25929,Neutral,0.5608867937610287,0.026591333154865036,0.4125218730841062
25930,LOF,0.05642624171012297,0.022084138374536363,0.9214896199153406
25931,LOF,0.025738323500409676,0.02462434087180126,0.949637335627789
25932,LOF,0.02960516272495418,0.01782539989499364,0.9525694373800521
25933,LOF,0.04279155196541809,0.012925312052085507,0.9442831359824964
25934,LOF,0.027354650501174315,0.015407712481115679,0.9572376370177099
25935,LOF,0.0638695884483897,0.03849873771023603,0.8976316738413743
25936,LOF,0.050648593725317624,0.01733269810156231,0.9320187081731199
25937,LOF,0.02884648351125613,0.029519727857896215,0.9416337886308477
25938,LOF,0.0658186471109472,0.03816101197174677,0.8960203409173059
25939,LOF,0.04773960151143627,0.014032643724616049,0.9382277547639477
25940,LOF,0.02731730286344748,0.41251660912785504,0.5601660880086975
25941,LOF,0.17179869276146856,0.1114672414372746,0.7167340658012568
25942,LOF,0.014772896111688583,0.035829064631508124,0.9493980392568033
25943,LOF,0.30974510767165764,0.05977196067711349,0.6304829316512289
25944,LOF,0.4876307537787054,0.02308281575120131,0.48928643047009324
25945,LOF,0.06593765917872646,0.023071461324009463,0.9109908794972642
25946,LOF,0.026924764968803035,0.10563311118867091,0.8674421238425261
25947,LOF,0.10283535043169688,0.22827789772396506,0.6688867518443381
25948,LOF,0.41400018039976877,0.00748050125948139,0.5785193183407498
25949,LOF,0.11260122037165356,0.03230836526891611,0.8550904143594303
25950,GOF,0.30095265559128115,0.35177883823610634,0.34726850617261246
25951,LOF,0.2339976515588772,0.24735702024682235,0.5186453281943004
25952,LOF,0.04247438280187,0.4419757211693242,0.5155498960288057
25953,LOF,0.15584738673821866,0.09985974799551527,0.744292865266266
25954,Neutral,0.47025353543473875,0.17743252666794523,0.3523139378973161
25955,LOF,0.06476565248498739,0.08403931881791075,0.8511950286971017
25956,LOF,0.16877544217041332,0.10871145768333942,0.7225131001462474
25957,LOF,0.03831664542091365,0.027782218768940947,0.9339011358101454
25958,LOF,0.06192353740250946,0.027201380027490122,0.9108750825700005
25959,LOF,0.06827261706648287,0.37852077749911706,0.5532066054344
25960,LOF,0.01739731310574523,0.05275519917015452,0.9298474877241003
25961,LOF,0.05008445875994713,0.029080974788260622,0.9208345664517922
25962,LOF,0.0554167652534854,0.026052166191459777,0.9185310685550547
25963,LOF,0.05147963340624871,0.1981303779853341,0.7503899886084172
25964,LOF,0.03782485583662349,0.1540434973006852,0.8081316468626912
25965,LOF,0.43980431864247527,0.07840636507339846,0.48178931628412613
25966,Neutral,0.5122717022366069,0.17755910606047604,0.31016919170291707
25967,LOF,0.016080754824245945,0.09917435895983139,0.8847448862159226
25968,LOF,0.02793077096745451,0.43221512816290475,0.5398541008696408
25969,LOF,0.0264280727140441,0.06885571599586615,0.9047162112900898
25970,LOF,0.05828297045980922,0.06758610005577972,0.874130929484411
25971,LOF,0.07226277420547077,0.018281244509119356,0.9094559812854099
25972,LOF,0.07321634033734227,0.02507030669125892,0.9017133529713989
25973,LOF,0.06662762001527399,0.010261481671780632,0.9231108983129455
25974,LOF,0.21346802941004586,0.018411637579439862,0.7681203330105143
25975,LOF,0.04268950630310055,0.029742284948579653,0.9275682087483199
25976,LOF,0.03983576206370551,0.018812513136038083,0.9413517248002565
25977,LOF,0.13643823334345884,0.08755446638947231,0.7760073002670688
25978,LOF,0.14267723450403408,0.05406533095386334,0.8032574345421026
25979,LOF,0.13215215677854497,0.05673264294778069,0.8111152002736745
25980,LOF,0.19238315511870124,0.07047572656475388,0.7371411183165449
25981,LOF,0.22420790851086567,0.06813469884911842,0.707657392640016
25982,LOF,0.3745493446120636,0.0484410582715455,0.577009597116391
25983,LOF,0.36781600675985365,0.051703878437138334,0.580480114803008
25984,LOF,0.05084440936886875,0.04502757211954202,0.9041280185115892
25985,LOF,0.03270662689602798,0.25717427095822776,0.7101191021457444
25986,LOF,0.037438582918613024,0.2945662747336235,0.6679951423477636
25987,LOF,0.07411095464665193,0.05965248607820372,0.8662365592751443
25988,LOF,0.1475671703483862,0.049166221764726625,0.8032666078868871
25989,LOF,0.028432481479462406,0.09460137555479158,0.876966142965746
25990,LOF,0.03976783169214824,0.11196133687968485,0.848270831428167
25991,LOF,0.12524848635325986,0.31704977570149684,0.5577017379452434
25992,LOF,0.28296704858702226,0.200943746017239,0.5160892053957387
25993,LOF,0.023026850269977507,0.07301294465499729,0.9039602050750252
25994,LOF,0.017123921557365168,0.10240367760875832,0.8804724008338766
25995,LOF,0.025668843946944596,0.22781880069504662,0.7465123553580089
25996,GOF,0.3058504431768351,0.4693694019842336,0.22478015483893138
25997,LOF,0.07490025299782639,0.45731830606805035,0.4677814409341233
25998,Neutral,0.5230316982001983,0.021208994037121155,0.4557593077626805
25999,LOF,0.1059906458050018,0.10302669454464262,0.7909826596503555
26000,LOF,0.16674070542333133,0.047856921117582475,0.7854023734590861
26001,LOF,0.20312941556089267,0.050914925132532624,0.7459556593065747
26002,LOF,0.13234546523781898,0.0467985768672251,0.8208559578949558
26003,GOF,0.010338133155767867,0.5756210150813665,0.41404085176286554
26004,GOF,0.0216348075897445,0.6624730935116323,0.3158920988986232
26005,LOF,0.0076630875610951225,0.45698416060367053,0.5353527518352343
26006,Neutral,0.5205286691266959,0.25704086971452655,0.2224304611587776
26007,GOF,0.01894463541315704,0.5401893824144745,0.44086598217236855
26008,GOF,0.015844071214328386,0.6517658947687122,0.3323900340169594
26009,GOF,0.021590516973473625,0.6901124933463557,0.2882969896801708
26010,GOF,0.024955802766337177,0.6428378138045254,0.33220638342913744
26011,LOF,0.006671064611293353,0.45725444416008654,0.5360744912286203
26012,GOF,0.012680391995381754,0.5614709773400975,0.4258486306645208
26013,GOF,0.019749844310459255,0.6350781841148575,0.34517197157468316
26014,LOF,0.048223540650132,0.11302177037440046,0.8387546889754676
26015,LOF,0.20415579122684768,0.01044432473815132,0.7853998840350009
26016,LOF,0.21743064715950283,0.05405602114401755,0.7285133316964795
26017,LOF,0.2520737883728443,0.0932546349485357,0.65467157667862
26018,LOF,0.09415546062932086,0.029641129760612037,0.876203409610067
26019,LOF,0.08920567152870762,0.023584786233446516,0.8872095422378459
26020,LOF,0.07692536882392977,0.10732674226181411,0.8157478889142561
26021,LOF,0.04636477592059898,0.11981790096381562,0.8338173231155854
26022,LOF,0.011354604668846552,0.03959836764640593,0.9490470276847476
26023,LOF,0.10428161077737663,0.02063101622438735,0.8750873729982359
26024,LOF,0.03416059052893258,0.1194939937833925,0.8463454156876751
26025,LOF,0.16038934284810832,0.07549507010490601,0.7641155870469857
26026,LOF,0.33004089929339364,0.028060282081767293,0.6418988186248391
26027,LOF,0.08422406670949,0.016294554464868993,0.899481378825641
26028,LOF,0.1637920513653276,0.0645667320641907,0.7716412165704817
26029,LOF,0.07166032275200175,0.20795768307341694,0.7203819941745814
26030,LOF,0.024294752337333875,0.060293992385513875,0.9154112552771523
26031,LOF,0.026531712756427395,0.15640681110357074,0.8170614761400019
26032,LOF,0.06296286606507992,0.07186622466011502,0.8651709092748051
26033,LOF,0.11033178404240883,0.0912521231576538,0.7984160927999373
26034,LOF,0.042071129646211354,0.1861717503762566,0.7717571199775322
26035,LOF,0.02565132158004274,0.1721132804576317,0.8022353979623257
26036,LOF,0.036973032692643466,0.19174965136474825,0.7712773159426083
26037,LOF,0.021955890090828448,0.14161559278504332,0.8364285171241282
26038,LOF,0.05946227944092078,0.07318686791354816,0.8673508526455311
26039,LOF,0.049267069780918465,0.17473989564180872,0.7759930345772729
26040,LOF,0.1789845068389096,0.17008528830456854,0.6509302048565219
26041,LOF,0.02221363600875137,0.12620999508233607,0.8515763689089125
26042,LOF,0.020579654065111672,0.12186902904024843,0.8575513168946399
26043,LOF,0.059963976197114584,0.08414216143047505,0.8558938623724103
26044,LOF,0.020636358939469603,0.07656045231611054,0.9028031887444199
26045,LOF,0.06805148375325672,0.1077932101642103,0.8241553060825331
26046,LOF,0.06139959216538574,0.08177298254867199,0.8568274252859422
26047,LOF,0.08388437198080684,0.08473895493130375,0.8313766730878893
26048,LOF,0.0498130253775387,0.05056714229774949,0.8996198323247118
26049,Neutral,0.9634426657585815,0.007912417261653606,0.028644916979764883
26050,Neutral,0.9479033602967364,0.010467786884772878,0.0416288528184907
26051,LOF,0.047549778208190036,0.26193575673741937,0.6905144650543906
26052,LOF,0.06338134172849426,0.2912998317230509,0.645318826548455
26053,LOF,0.05849805534050763,0.11917322548396929,0.8223287191755231
26054,LOF,0.05080451996318057,0.01773313951629468,0.9314623405205247
26055,LOF,0.07421020763926361,0.015482443655631088,0.9103073487051052
26056,LOF,0.06221148825557909,0.016946927178432554,0.9208415845659883
26057,LOF,0.027456484178722908,0.011956420350623078,0.960587095470654
26058,LOF,0.028237485209824817,0.009881724549524892,0.9618807902406502
26059,LOF,0.289229064647776,0.023509859468121116,0.6872610758841029
26060,LOF,0.041577765879334636,0.1764094161302967,0.7820128179903687
26061,LOF,0.01745950807306946,0.011063818410150148,0.9714766735167805
26062,LOF,0.010827657379589767,0.017267668803141727,0.9719046738172684
26063,LOF,0.021223123530541784,0.012501223536562812,0.9662756529328953
26064,LOF,0.024922052698751695,0.02056139130476978,0.9545165559964784
26065,LOF,0.02386410253759931,0.01035620176219965,0.965779695700201
26066,LOF,0.019907336208728175,0.011680005841692723,0.9684126579495791
26067,LOF,0.026370031212389487,0.009183005790847704,0.9644469629967628
26068,LOF,0.0442577875906947,0.027646836256548908,0.9280953761527564
26069,LOF,0.24211100414576525,0.018216803892795314,0.7396721919614394
26070,LOF,0.3650984145347148,0.015338914430197997,0.6195626710350872
26071,LOF,0.02281723891945259,0.01239020568817598,0.9647925553923715
26072,LOF,0.02061054651250901,0.016337146898844964,0.9630523065886462
26073,LOF,0.022815194254103218,0.011139458432684197,0.9660453473132126
26074,Neutral,0.9036101021607206,0.005843267152290005,0.09054663068698947
26075,LOF,0.04664901631935494,0.014734032948680953,0.938616950731964
26076,LOF,0.04482470949465562,0.009740008637312303,0.945435281868032
26077,LOF,0.009738898215125419,0.017509499207599442,0.9727516025772751
26078,LOF,0.013051182504023774,0.01182789865698804,0.9751209188389881
26079,LOF,0.0596408002548546,0.016577016889015514,0.9237821828561299
26080,LOF,0.05857934939264688,0.01662719667219014,0.9247934539351629
26081,LOF,0.03466251045371635,0.006694426404761282,0.9586430631415224
26082,LOF,0.014622530694656806,0.016106703419787937,0.9692707658855553
26083,LOF,0.12736638099555989,0.012984534524184405,0.8596490844802557
26084,LOF,0.02797186172182342,0.011656556636943404,0.960371581641233
26085,LOF,0.023967460531359085,0.011168984664326467,0.9648635548043144
26086,LOF,0.02301024484154279,0.012157714488908095,0.9648320406695491
26087,LOF,0.02705435941706918,0.008443522012168189,0.9645021185707625
26088,LOF,0.015680130544039467,0.023150434178557302,0.9611694352774033
26089,LOF,0.04429769881096347,0.02120202192612895,0.9345002792629076
26090,LOF,0.04392525686598321,0.017178151374505995,0.9388965917595109
26091,LOF,0.03636052315729387,0.006441115108189145,0.957198361734517
26092,LOF,0.0257929653272427,0.00849707479899651,0.9657099598737607
26093,LOF,0.03745110919875661,0.006090244066750011,0.9564586467344933
26094,LOF,0.04099583364723867,0.006442182533259277,0.952561983819502
26095,LOF,0.04319041563102906,0.013954598340054112,0.9428549860289169
26096,LOF,0.017732904804131148,0.014062344448349915,0.9682047507475189
26097,LOF,0.011806080665821624,0.033163831150141904,0.9550300881840366
26098,LOF,0.07496428362695773,0.010484831656192385,0.9145508847168498
26099,LOF,0.02387308516181096,0.012106876244217402,0.9640200385939717
26100,LOF,0.025888158087098698,0.011769357508501986,0.9623424844043993
26101,LOF,0.05833731633832782,0.014647736409999295,0.9270149472516728
26102,LOF,0.022829744991018714,0.013322013248642366,0.9638482417603389
26103,Neutral,0.8837719144849123,0.018196427012822737,0.09803165850226495
26104,LOF,0.07933619900180963,0.023836407096687745,0.8968273939015026
26105,LOF,0.21313171217672158,0.30402188991190165,0.48284639791137673
26106,LOF,0.20522909829586747,0.109381873107877,0.6853890285962554
26107,LOF,0.22814902153165487,0.08148621381345117,0.6903647646548939
26108,LOF,0.26774055839553584,0.11312070877982726,0.6191387328246368
26109,LOF,0.09997504510534552,0.05365269191384632,0.8463722629808083
26110,LOF,0.26933311313409775,0.008007057727948217,0.722659829137954
26111,Neutral,0.5119565552592954,0.022446752325883966,0.4655966924148207
26112,LOF,0.034048568786364246,0.006371933879901966,0.9595794973337337
26113,LOF,0.054917987144675245,0.015552364366617884,0.9295296484887068
26114,LOF,0.02672640582620063,0.027940467692878446,0.9453331264809209
26115,LOF,0.08613237787646447,0.054535908740725524,0.8593317133828099
26116,LOF,0.06566632108847953,0.06105187354069821,0.8732818053708222
26117,LOF,0.4215273221878187,0.04067848460193811,0.5377941932102431
26118,LOF,0.03321901353792021,0.024099117395827638,0.9426818690662522
26119,LOF,0.019364614365430202,0.0383802171159337,0.942255168518636
26120,LOF,0.027824540066457664,0.021790962355753382,0.950384497577789
26121,LOF,0.035999464975184706,0.08459544995553353,0.8794050850692818
