feature0,prediction,LoGoFunc_Neutral,LoGoFunc_GOF,LoGoFunc_LOF
25546,Neutral,0.6542887054706092,0.05451648600923851,0.2911948085201523
25547,Neutral,0.5075118816755301,0.10121525250224757,0.39127286582222237
25548,Neutral,0.499651627155465,0.08354072375978434,0.41680764908475054
25549,LOF,0.4218349469220115,0.08563109292509123,0.49253396015289724
25550,LOF,0.3658340909728064,0.1248540407818279,0.5093118682453657
25551,LOF,0.3180421318981157,0.13265629681202473,0.5493015712898597
25552,LOF,0.25281065520236606,0.12961838895630834,0.6175709558413256
25553,Neutral,0.8178352491484644,0.0433230163472467,0.13884173450428897
25554,LOF,0.2880793137701321,0.11899432853647925,0.5929263576933886
25555,LOF,0.24717995312171614,0.1140233969665246,0.6387966499117593
25556,Neutral,0.4481482977104764,0.10473112444271053,0.4471205778468132
25557,LOF,0.23913572714360962,0.1185519554730768,0.6423123173833136
25558,LOF,0.2997547679317726,0.11755757911290357,0.5826876529553238
25559,LOF,0.19236185024482635,0.11834105018832089,0.6892970995668527
25560,LOF,0.15961785730405265,0.09129900108832986,0.7490831416076176
25561,LOF,0.1681259428306779,0.09726087522714105,0.7346131819421812
25562,LOF,0.07309284930233412,0.07241687190311821,0.8544902787945476
25563,LOF,0.022393440518361774,0.10453116003675725,0.8730753994448809
25564,LOF,0.21221894481622508,0.10625247688274884,0.6815285783010261
25565,LOF,0.22944114854083839,0.13124325670471587,0.6393155947544459
25566,GOF,0.09251190894155296,0.7089019586456615,0.1985861324127855
25567,LOF,0.03937721631112989,0.12199638696524281,0.8386263967236273
25568,LOF,0.05978596102422277,0.06648661068611114,0.8737274282896661
25569,LOF,0.05927512011163022,0.06932578645318073,0.8713990934351891
25570,LOF,0.02723243453219565,0.10593295604917412,0.8668346094186303
25571,LOF,0.025862193887712468,0.11174459420616693,0.8623932119061206
25572,LOF,0.06142467604853448,0.12439132768548328,0.8141839962659823
25573,LOF,0.054017541511237326,0.08270356714616178,0.8632788913426009
25574,LOF,0.05257784536309925,0.17768698352320883,0.7697351711136919
25575,LOF,0.02191929013470887,0.1283016750387537,0.8497790348265375
25576,LOF,0.033312494245890896,0.15341099259626204,0.813276513157847
25577,LOF,0.02888781240413837,0.11318869606324622,0.8579234915326154
25578,LOF,0.29081388200431957,0.08123810657742259,0.6279480114182578
25579,LOF,0.1331280572343174,0.0868221139008565,0.7800498288648261
25580,LOF,0.018744350202075523,0.08073131280778315,0.9005243369901413
25581,LOF,0.05614853234854979,0.06249923808537678,0.8813522295660734
25582,LOF,0.05598977029055819,0.06167254514301609,0.8823376845664257
25583,LOF,0.020353126560429546,0.08293173048771847,0.8967151429518521
25584,Neutral,0.6544828559582141,0.10882145449828845,0.2366956895434975
25585,LOF,0.032509037780964624,0.12351731682057138,0.843973645398464
25586,LOF,0.017185739272585866,0.07037118183479578,0.9124430788926182
25587,LOF,0.01684279294754214,0.0631927666532537,0.9199644403992041
25588,LOF,0.020109204663139462,0.07405984020446126,0.9058309551323992
25589,Neutral,0.5063041360784166,0.20025792174697046,0.2934379421746128
25590,LOF,0.04898694026048874,0.10703021774366427,0.843982841995847
25591,LOF,0.09911232130494285,0.05286438763925091,0.8480232910558062
25592,LOF,0.05329930915173312,0.13775628230881334,0.8089444085394535
25593,LOF,0.138728754709608,0.24370399042895488,0.617567254861437
25594,LOF,0.04610412937675568,0.1132350810392757,0.8406607895839686
25595,LOF,0.04529388205078861,0.08209625479968154,0.8726098631495299
25596,LOF,0.10471772415230429,0.04624915892285386,0.8490331169248418
25597,LOF,0.07747877664032915,0.05283130253373401,0.8696899208259369
25598,LOF,0.04824971680796655,0.08291504690369857,0.8688352362883348
25599,GOF,0.019011074725016213,0.5396584374315055,0.4413304878434782
25600,GOF,0.17305026000295626,0.5232288679663044,0.30372087203073933
25601,LOF,0.03916455261415109,0.3970283392156989,0.5638071081701499
25602,LOF,0.035052262055174706,0.05795518158267974,0.9069925563621456
25603,LOF,0.03803303155132762,0.03248320540658577,0.9294837630420866
25604,LOF,0.037247196386863766,0.06404293161015966,0.8987098720029765
25605,LOF,0.04259991613514623,0.1843119393202524,0.7730881445446015
25606,LOF,0.4301322474936072,0.10196330081115543,0.4679044516952374
25607,LOF,0.023926115672661327,0.17781838158402072,0.798255502743318
25608,LOF,0.0394639724118585,0.06915595890145014,0.8913800686866914
25609,GOF,0.1554783857199859,0.5322203009641607,0.31230131331585337
25610,LOF,0.016236035502200687,0.027077660223381542,0.9566863042744178
25611,LOF,0.015437612302113716,0.03040829874807025,0.9541540889498159
25612,LOF,0.05027312605380584,0.03776631963801939,0.9119605543081748
25613,LOF,0.04806290662504598,0.0360052089363192,0.9159318844386348
25614,LOF,0.023035939437852954,0.02400447495589095,0.952959585606256
25615,LOF,0.044309083506116925,0.033401875809981225,0.9222890406839019
25616,LOF,0.04967274675546528,0.025506708095542965,0.9248205451489917
25617,LOF,0.04576680744071181,0.03324165510882591,0.9209915374504622
25618,LOF,0.05450486315702967,0.03198594493868217,0.9135091919042883
25619,LOF,0.015979533216567834,0.028390635577473122,0.955629831205959
25620,LOF,0.0625494480244408,0.03797627957958406,0.899474272395975
25621,LOF,0.05361134400655869,0.032121080533668814,0.9142675754597724
25622,LOF,0.06098414657027927,0.029807987165181432,0.9092078662645393
25623,LOF,0.07144452780318268,0.02598556956216588,0.9025699026346514
25624,LOF,0.020443405051965086,0.03293121487255677,0.946625380075478
25625,LOF,0.06356374497322377,0.037070391398195714,0.8993658636285805
25626,LOF,0.04792536886325798,0.0340357199262711,0.918038911210471
25627,Neutral,0.8919212228797087,0.02305799781009679,0.0850207793101946
25628,LOF,0.14059549954735634,0.06277356672875782,0.7966309337238859
25629,LOF,0.05854556001808713,0.04327726217049621,0.8981771778114167
25630,LOF,0.26866978886731774,0.08134360832621734,0.6499866028064649
25631,Neutral,0.5541820040296838,0.06287065219170809,0.38294734377860806
25632,LOF,0.028222620782924125,0.06581199034813119,0.9059653888689446
25633,LOF,0.20336715630100752,0.03461706438823486,0.7620157793107575
25634,LOF,0.03413248677582795,0.07868011232195889,0.8871874009022132
25635,LOF,0.036937284457671415,0.043858752499945156,0.9192039630423834
25636,LOF,0.03917447489426493,0.4728908762522404,0.4879346488534947
25637,LOF,0.06346393940543997,0.46741085079896655,0.46912520979559347
25638,LOF,0.035679850895485477,0.2980499691476373,0.6662701799568772
25639,LOF,0.032479105089134534,0.346174431746394,0.6213464631644715
25640,Neutral,0.8043292160475943,0.15007784828438397,0.04559293566802179
25641,LOF,0.05263081968161252,0.40238554625524264,0.5449836340631449
25642,LOF,0.04144529173501659,0.13398738434937466,0.8245673239156087
25643,LOF,0.20505583052265985,0.1427029827114074,0.6522411867659327
25644,GOF,0.020187747640669072,0.49092500902291186,0.48888724333641903
25645,LOF,0.020725296000841744,0.4154411388184515,0.5638335651807068
25646,LOF,0.0501354335292531,0.3649676202718901,0.5848969461988568
25647,LOF,0.021539448071723442,0.2809467743487591,0.6975137775795175
25648,LOF,0.02848598282832352,0.2408093021255653,0.7307047150461111
25649,LOF,0.015375337964449481,0.25295002607644845,0.7316746359591021
25650,LOF,0.04535530233275255,0.43049683198476424,0.5241478656824833
25651,LOF,0.016511290455138584,0.2853175833030504,0.698171126241811
25652,LOF,0.027045865302592165,0.2783750240954906,0.6945791106019172
25653,LOF,0.07422522876996038,0.4125254270528372,0.5132493441772025
25654,LOF,0.022883618640914347,0.21057439591958096,0.7665419854395046
25655,LOF,0.2057631768324131,0.39698338492549695,0.39725343824209
25656,LOF,0.28371788250741853,0.04864145669098178,0.6676406608015997
25657,LOF,0.07469625608235808,0.060578739064564485,0.8647250048530775
25658,LOF,0.40034149488444803,0.04700799992667724,0.5526505051888747
25659,Neutral,0.5390421340555899,0.06314647223695843,0.3978113937074517
25660,LOF,0.025983936539923553,0.08116422710290504,0.8928518363571715
25661,LOF,0.09376602833447703,0.0574822777829973,0.8487516938825256
25662,LOF,0.031072582148504745,0.032180270308131136,0.9367471475433641
25663,LOF,0.03809557318563981,0.04502646124256869,0.9168779655717915
25664,LOF,0.15172414686282112,0.05578104510742732,0.7924948080297517
25665,LOF,0.053491898013231606,0.029770304379546506,0.916737797607222
25666,LOF,0.09392270691281922,0.06887242446753768,0.8372048686196432
25667,LOF,0.06498955143665708,0.038328916843836984,0.8966815317195059
25668,LOF,0.03543411755201355,0.04525669421738347,0.919309188230603
25669,LOF,0.033803345756347095,0.053879983943548586,0.9123166703001042
25670,LOF,0.15198916841449994,0.04382857728429204,0.804182254301208
25671,LOF,0.09378728916485941,0.03230200521386388,0.8739107056212766
25672,LOF,0.0537814853704605,0.039019040041785434,0.9071994745877541
25673,LOF,0.08604810864997559,0.040571223086870195,0.8733806682631543
25674,LOF,0.07285992929338274,0.050001034169497076,0.8771390365371201
25675,LOF,0.12688535100753284,0.04691609474345872,0.8261985542490085
25676,LOF,0.0176814983214746,0.05021823847641652,0.9321002632021089
25677,LOF,0.026216352670015475,0.06874015634079575,0.9050434909891887
25678,LOF,0.1829895199905364,0.05444769598826135,0.7625627840212023
25679,LOF,0.12194107994148697,0.07756230008071335,0.8004966199777996
25680,LOF,0.03144740560160916,0.10807224402107021,0.8604803503773207
25681,LOF,0.04998498375004335,0.09696656145465454,0.8530484547953021
25682,LOF,0.13844140274451183,0.06659188331138313,0.7949667139441051
25683,LOF,0.12765062919888193,0.08846275002026209,0.783886620780856
25684,LOF,0.042486310544598886,0.06469541176171074,0.8928182776936904
25685,LOF,0.13505363769880513,0.04407811960972857,0.8208682426914663
25686,LOF,0.06547539196579973,0.0915532314346683,0.8429713765995319
25687,LOF,0.11087684530022222,0.08122294953691783,0.8079002051628599
25688,LOF,0.3200140550272314,0.038051919611731246,0.6419340253610374
25689,LOF,0.22901932997776403,0.04494443159522513,0.7260362384270108
25690,LOF,0.3633050702392037,0.03294578973450063,0.6037491400262955
25691,Neutral,0.7018494629873727,0.02415481770840072,0.2739957193042265
25692,LOF,0.2904796052430427,0.011343712711690697,0.6981766820452666
25693,LOF,0.04468149478529947,0.4601523157198381,0.49516618949486246
25694,LOF,0.12733586834546698,0.021959901012994616,0.8507042306415383
25695,LOF,0.12364303966675705,0.01963185823712126,0.8567251020961217
25696,LOF,0.12574998174128654,0.010045095850208326,0.8642049224085052
25697,LOF,0.11949773135678042,0.02590026135159198,0.8546020072916276
25698,LOF,0.36089976738145624,0.21802379370153802,0.4210764389170057
25699,LOF,0.42547959345597425,0.03856009827360977,0.535960308270416
25700,LOF,0.05209633232994005,0.008378620455055916,0.939525047215004
25701,LOF,0.15908503194194146,0.05137830907369127,0.7895366589843673
25702,GOF,0.16331829359642,0.558483298566638,0.2781984078369419
25703,LOF,0.016293689714463485,0.15141235914693318,0.8322939511386033
25704,LOF,0.047934655745040924,0.1060598824716307,0.8460054617833282
25705,LOF,0.05506235687948588,0.1942638541453481,0.750673788975166
25706,LOF,0.09567444971099699,0.3426385411893336,0.5616870090996694
25707,LOF,0.09036338946803667,0.27410129405205724,0.635535316479906
25708,LOF,0.030279499660087136,0.2617016028525203,0.7080188974873926
25709,LOF,0.05479523717815389,0.04150868112246919,0.9036960816993769
25710,LOF,0.01162915174469654,0.12674973313128648,0.861621115124017
25711,LOF,0.018790069471133722,0.09521216296681109,0.8859977675620552
25712,LOF,0.01287867847886266,0.16804493998994036,0.819076381531197
25713,LOF,0.018188274927622712,0.08069726885438512,0.9011144562179921
25714,LOF,0.06576485684483524,0.0836226090950631,0.8506125340601017
25715,LOF,0.010098746847152425,0.1395251665684297,0.850376086584418
25716,LOF,0.014168975541476489,0.10790081446817913,0.8779302099903443
25717,LOF,0.012947827914323995,0.07850456926869243,0.9085476028169835
25718,LOF,0.011143059056680346,0.09884523175692271,0.8900117091863969
25719,LOF,0.018407407108457813,0.08054831054437073,0.9010442823471715
25720,LOF,0.021106422134304997,0.07117451063733957,0.9077190672283554
25721,LOF,0.015115549482324176,0.101633859460705,0.8832505910569709
25722,LOF,0.012930191457730972,0.12111415639621777,0.8659556521460513
25723,LOF,0.022219984082081118,0.046964649043108354,0.9308153668748106
25724,LOF,0.02400711411225219,0.08014834343119012,0.8958445424565576
25725,LOF,0.01152786410373186,0.07070095706943307,0.917771178826835
25726,LOF,0.013974462611242097,0.09295358355697089,0.8930719538317871
25727,LOF,0.01303843738281581,0.07906193972244882,0.9078996228947355
25728,LOF,0.009456567535115019,0.10839581661346995,0.8821476158514151
25729,LOF,0.009830604814739394,0.10619494239484864,0.883974452790412
25730,LOF,0.013251010079568012,0.07987622104669703,0.9068727688737349
25731,LOF,0.021438258202513022,0.11492058110549248,0.8636411606919946
25732,LOF,0.013599858099051449,0.0859438719122613,0.9004562699886873
25733,LOF,0.015316702990664437,0.07578151876984887,0.9089017782394867
25734,LOF,0.013112134636762845,0.12131082329646971,0.8655770420667674
25735,LOF,0.012858770998741519,0.08467058262378453,0.9024706463774739
25736,LOF,0.012997149810048205,0.11632344614787166,0.8706794040420801
25737,LOF,0.02044949039315095,0.08103306882553687,0.8985174407813122
25738,LOF,0.01316711715900354,0.11633670160433626,0.8704961812366602
25739,LOF,0.019140435850370747,0.08514150923231419,0.895718054917315
25740,LOF,0.024460403078150558,0.09911307024421298,0.8764265266776364
25741,LOF,0.014720159043604967,0.10862815713726266,0.8766516838191324
25742,LOF,0.10867741162332405,0.08361534358294133,0.8077072447937346
25743,LOF,0.040352525162592204,0.02841656044014869,0.9312309143972591
25744,Neutral,0.6043041695815925,0.19466665565225164,0.20102917476615592
25745,LOF,0.08920613178549605,0.0658704374380518,0.8449234307764523
25746,LOF,0.04193765363495723,0.07586920109929055,0.8821931452657522
25747,LOF,0.0230206322698954,0.03884151531958278,0.9381378524105218
25748,LOF,0.11047005067424835,0.05559859413932266,0.833931355186429
25749,LOF,0.02682738706167819,0.07808313887609877,0.8950894740622232
25750,LOF,0.09044757608506823,0.07693743866827726,0.8326149852466544
25751,LOF,0.09850972677315017,0.05480239826432025,0.8466878749625295
25752,GOF,0.10562645968460226,0.6731728825144794,0.22120065780091833
25753,LOF,0.018408881318279433,0.28016309518397897,0.7014280234977417
25754,GOF,0.010306109303208535,0.7606704235122083,0.22902346718458333
25755,LOF,0.02269606584773596,0.3805903434718548,0.5967135906804093
25756,LOF,0.04197320992276505,0.3692086505931224,0.5888181394841125
25757,GOF,0.014175816921117683,0.8353654598935643,0.15045872318531806
25758,GOF,0.028245033431742863,0.8240637800413961,0.14769118652686086
25759,GOF,0.010837305514081587,0.5337982021801119,0.4553644923058065
25760,LOF,0.01305069219865078,0.22998630793691022,0.7569629998644389
25761,GOF,0.2748036482905888,0.6212749010907492,0.10392145061866188
25762,LOF,0.0344682126113989,0.2501358949534562,0.715395892435145
25763,LOF,0.013324485910801192,0.20261133572959442,0.7840641783596044
25764,GOF,0.07120674526457495,0.6340290243687811,0.294764230366644
25765,GOF,0.044166107174946706,0.7429311600650552,0.21290273275999802
25766,GOF,0.06089628112728788,0.7723002321270191,0.166803486745693
25767,GOF,0.17948878485684616,0.46218079246541866,0.35833042267773524
25768,LOF,0.09661182975398047,0.06700722087954553,0.8363809493664739
25769,LOF,0.06598390476091259,0.06854668237728376,0.8654694128618037
25770,LOF,0.26624064482988985,0.0838609372142058,0.6498984179559044
25771,LOF,0.043289280186450625,0.04882089820583477,0.9078898216077146
25772,LOF,0.016615752715824265,0.03470350699965908,0.9486807402845168
25773,LOF,0.04917720732087354,0.08130554798718867,0.8695172446919378
25774,LOF,0.027275999737358423,0.07443358701068598,0.8982904132519556
25775,LOF,0.04775584340127602,0.04793535025427141,0.9043088063444525
25776,LOF,0.06865755450829907,0.028609436367326966,0.9027330091243739
25777,LOF,0.331817736187797,0.05302128214116512,0.6151609816710379
25778,LOF,0.06520722690655795,0.051001305779104236,0.8837914673143378
25779,GOF,0.3635573192465658,0.5932554476647539,0.04318723308868025
25780,GOF,0.29770539446105243,0.6386399946436544,0.06365461089529319
25781,GOF,0.13210719172713348,0.7715279506032597,0.09636485766960681
25782,GOF,0.19540131509637398,0.7383075621807651,0.06629112272286092
25783,GOF,0.03144833413929278,0.6630612346608051,0.30549043119990194
25784,GOF,0.46700964988252697,0.49821394257453777,0.03477640754293518
25785,GOF,0.4472861363606124,0.5160318037023096,0.03668205993707806
25786,GOF,0.025476069733559516,0.7775581519028137,0.19696577836362683
25787,Neutral,0.6210419011100777,0.3554202581075459,0.023537840782376356
25788,LOF,0.047476488859494466,0.11579729485837255,0.8367262162821331
25789,GOF,0.1793309137537782,0.6829822790348342,0.1376868072113877
25790,GOF,0.20414519205750617,0.6908794020153104,0.10497540592718337
25791,GOF,0.1527558219751636,0.6588347355033348,0.18840944252150152
25792,GOF,0.33138178958470343,0.5313899344332753,0.13722827598202125
25793,GOF,0.25498442120542064,0.5338009258560659,0.21121465293851358
25794,GOF,0.2980029575773623,0.5337306181137004,0.16826642430893737
25795,GOF,0.07317783857115623,0.7029716113033437,0.22385055012550018
25796,Neutral,0.5201119637574065,0.40023611093303674,0.07965192530955666
25797,GOF,0.07942979720768083,0.5558489699751181,0.36472123281720104
25798,GOF,0.009029895032318214,0.5185366347378583,0.47243347022982346
25799,LOF,0.0067442393304766955,0.4028520816362346,0.5904036790332886
25800,GOF,0.02799590452409816,0.5902977592301905,0.38170633624571143
25801,GOF,0.18064830298061743,0.6966651522558602,0.12268654476352242
25802,GOF,0.07081558805135013,0.694105899357811,0.23507851259083884
25803,GOF,0.032043754096598674,0.5719646854502266,0.39599156045317474
25804,GOF,0.029985638085275306,0.4886418692220615,0.4813724926926632
25805,GOF,0.09855178909000398,0.5994953188807913,0.3019528920292047
25806,GOF,0.09503708786859925,0.5833774270718521,0.3215854850595485
25807,GOF,0.020084246466142232,0.6254620435161014,0.35445371001775644
25808,GOF,0.07309606897996909,0.6335333499698329,0.29337058105019803
25809,GOF,0.016588273551316098,0.5727204261925335,0.41069130025615036
25810,GOF,0.01549075098740557,0.6096836862775754,0.37482556273501894
25811,GOF,0.43407366739728964,0.4878256216405921,0.07810071096211832
25812,GOF,0.027945921241295635,0.6297581357013555,0.3422959430573489
25813,Neutral,0.49872132230824257,0.4010283803480946,0.10025029734366274
25814,GOF,0.1012899455155752,0.6630075397276985,0.23570251475672635
25815,GOF,0.18194680872682728,0.6344952938118473,0.18355789746132545
25816,GOF,0.023740953099427545,0.7291866909260032,0.2470723559745692
25817,GOF,0.22060145532456146,0.6557938214526101,0.12360472322282846
25818,GOF,0.051119863112009,0.6902852775811137,0.2585948593068772
25819,GOF,0.33954934494624495,0.5218210615999335,0.13862959345382161
25820,GOF,0.1852691291879876,0.6063481512511294,0.20838271956088297
25821,GOF,0.05371800005597311,0.6777520820048445,0.26852991793918235
25822,GOF,0.20517247696786353,0.5868012277459703,0.20802629528616623
25823,GOF,0.03152133962049874,0.5410703381636474,0.42740832221585384
25824,GOF,0.08111216762468919,0.6334730006981367,0.28541483167717413
25825,GOF,0.03454107169480831,0.6224627081602314,0.3429962201449603
25826,GOF,0.015753497242227958,0.5936736237381441,0.39057287901962773
25827,GOF,0.02441401723070657,0.6103082437289636,0.3652777390403298
25828,GOF,0.013468455375438358,0.5245789920283105,0.46195255259625106
25829,GOF,0.0059791817733997705,0.5742008853304763,0.4198199328961239
25830,LOF,0.032113538927220034,0.3014179971445648,0.6664684639282152
25831,GOF,0.217918016345657,0.6823283324289976,0.09975365122534524
25832,GOF,0.033991343571154284,0.717076928963452,0.24893172746539385
25833,GOF,0.11908530749332075,0.7285010453324411,0.1524136471742381
25834,GOF,0.03151105457091425,0.7310209321269169,0.23746801330216896
25835,GOF,0.06293169656725475,0.7723928588471175,0.16467544458562763
25836,GOF,0.03321415202924196,0.6986332294876991,0.26815261848305894
25837,GOF,0.027375365488740318,0.615978211751933,0.3566464227593267
25838,GOF,0.09471577846086106,0.7685445043579713,0.13673971718116776
25839,GOF,0.2703132094703549,0.5972539014716843,0.13243288905796086
25840,GOF,0.24008670615484998,0.6305727348628227,0.1293405589823272
25841,GOF,0.21792276784785702,0.6588580168980395,0.12321921525410347
25842,GOF,0.1381580054460612,0.7406717764198419,0.12117021813409691
25843,GOF,0.18681395780682739,0.72643025543892,0.08675578675425244
25844,GOF,0.05869254847108828,0.7296819540674038,0.2116254974615079
25845,GOF,0.0155987960810108,0.5153499331306243,0.469051270788365
25846,GOF,0.11467957494152324,0.7587410055641474,0.12657941949432944
25847,GOF,0.09236682885275006,0.8052678774655425,0.1023652936817075
25848,GOF,0.035511778802496105,0.7291019532882889,0.2353862679092149
25849,GOF,0.010308067354860303,0.6187583708909092,0.3709335617542305
25850,GOF,0.019708460196486886,0.6592416574135337,0.3210498823899794
25851,GOF,0.0157955398824111,0.5458811730521884,0.4383232870654004
25852,GOF,0.14743206695222053,0.5933207857443085,0.259247147303471
25853,GOF,0.32466876178018916,0.6021363350838628,0.07319490313594812
25854,GOF,0.01872029184786047,0.61869431244726,0.3625853957048795
25855,GOF,0.03213462372062375,0.5725381459556081,0.39532723032376815
25856,GOF,0.23815223129638843,0.5598172349554217,0.2020305337481898
25857,GOF,0.03507665065438799,0.5196251223136115,0.44529822703200056
25858,GOF,0.019669829325180303,0.5301224781295697,0.45020769254524995
25859,GOF,0.010127742693700958,0.5082207396408813,0.4816515176654177
25860,GOF,0.34489537832059897,0.5764465963557291,0.07865802532367204
25861,GOF,0.395391580066781,0.5345405741743454,0.07006784575887358
25862,GOF,0.07943217509526329,0.7869963286167664,0.13357149628797033
25863,GOF,0.07623200270473061,0.7916264246278211,0.13214157266744816
25864,GOF,0.18819672890259037,0.7387857532108023,0.07301751788660742
25865,GOF,0.07367976710749823,0.8148536485616121,0.11146658433088959
25866,GOF,0.0545319335418138,0.7931551669653315,0.15231289949285487
25867,GOF,0.0857638910137664,0.8134610867031635,0.10077502228306989
25868,GOF,0.2440941403881126,0.6618517299328848,0.09405412967900263
25869,Neutral,0.6918657921189997,0.267167836930953,0.04096637095004735
25870,GOF,0.2419908943891372,0.4398312432952283,0.3181778623156345
25871,GOF,0.21136575715223552,0.6630470637675434,0.12558717908022116
25872,GOF,0.0736660036980269,0.659158095788465,0.2671759005135082
25873,GOF,0.09912415502498173,0.7123982579271378,0.18847758704788045
25874,LOF,0.013961795302236471,0.129421134997001,0.8566170697007625
25875,LOF,0.0889957591394891,0.04084840313693251,0.8701558377235784
25876,LOF,0.03549023638826807,0.027315475381452944,0.9371942882302791
25877,Neutral,0.5007727590744507,0.03908744340653736,0.46013979751901185
25878,LOF,0.23401012697231788,0.0850468695752354,0.6809430034524467
25879,LOF,0.0869318877107155,0.08313933510176454,0.8299287771875199
25880,LOF,0.042336208616752226,0.013488955655557293,0.9441748357276905
25881,LOF,0.1799590254447755,0.125003391859141,0.6950375826960836
25882,LOF,0.05974571298199322,0.015911396677451888,0.9243428903405548
25883,LOF,0.062219874800363964,0.018108285764917957,0.9196718394347182
25884,LOF,0.030904961302303576,0.028548378148204913,0.9405466605494917
25885,LOF,0.06146251943496582,0.011605033876313876,0.9269324466887203
25886,LOF,0.25148617811981366,0.03553245475897753,0.7129813671212087
25887,LOF,0.16175063312657875,0.06268466873024901,0.7755646981431722
25888,LOF,0.06236120673218562,0.05517594318921979,0.8824628500785946
25889,LOF,0.037977739441230965,0.020019134772923428,0.9420031257858457
25890,LOF,0.04913701149322202,0.16154709845731702,0.789315890049461
25891,LOF,0.04232314187737805,0.05213311724756367,0.9055437408750583
25892,LOF,0.08403836399337733,0.022345693996595237,0.8936159420100275
25893,LOF,0.25398913077735186,0.018028541467145297,0.7279823277555029
25894,LOF,0.16825064999637787,0.01037192168251771,0.8213774283211045
25895,LOF,0.19346529593326778,0.020219039980919326,0.7863156640858129
25896,LOF,0.05049728132180919,0.01995123370304873,0.9295514849751422
25897,LOF,0.28049386438929486,0.011608746998679613,0.7078973886120256
25898,Neutral,0.730125610423644,0.009611150316328336,0.26026323926002776
25899,LOF,0.22830471802033045,0.0220639313188898,0.7496313506607797
25900,LOF,0.46297898019217554,0.011786587732885299,0.5252344320749393
25901,LOF,0.05700361579550869,0.011026179495265935,0.9319702047092254
25902,LOF,0.14566836929785593,0.013084628596509692,0.8412470021056344
25903,Neutral,0.5949040989111106,0.029045299672136295,0.3760506014167531
25904,LOF,0.30888325598519506,0.039935908155216346,0.6511808358595886
25905,LOF,0.024214514055044427,0.33648479278602367,0.6393006931589319
25906,LOF,0.032474962806761806,0.07657401042390784,0.8909510267693304
25907,LOF,0.013616936742584997,0.3493864670167527,0.6369965962406623
25908,LOF,0.009673929861326327,0.2735692894200362,0.7167567807186375
25909,LOF,0.012275828736842817,0.1291876922146592,0.8585364790484981
25910,LOF,0.052086820834060736,0.13969351316793224,0.8082196659980069
25911,LOF,0.19284998463475378,0.02710683759750861,0.7800431777677377
25912,LOF,0.04500517960156451,0.04728664889254838,0.9077081715058871
25913,LOF,0.3446343749714862,0.02013240473091249,0.6352332202976013
25914,LOF,0.020395148001711723,0.050186137498568935,0.9294187144997192
25915,Neutral,0.5682693968887848,0.14705065654672175,0.2846799465644934
25916,LOF,0.07395416259632318,0.2012271063439786,0.7248187310596983
25917,LOF,0.06528611623527782,0.03684299139683646,0.8978708923678858
25918,LOF,0.021113804191908243,0.029301728865154485,0.9495844669429372
25919,LOF,0.019042551642150754,0.03119924375667449,0.9497582046011748
25920,GOF,0.1151893116778915,0.5357582753895488,0.34905241293255973
25921,LOF,0.023879404647785128,0.037536601073944256,0.9385839942782706
25922,LOF,0.03167210320646005,0.027183878768333974,0.941144018025206
25923,LOF,0.48113149804269556,0.03379163853415852,0.48507686342314593
25924,LOF,0.03517189247905933,0.045569148876150975,0.9192589586447897
25925,LOF,0.07079014083358626,0.037714881975506986,0.8914949771909069
25926,LOF,0.04934886817789118,0.03450233597432036,0.9161487958477884
25927,LOF,0.05333536973487445,0.13301525161633238,0.8136493786487932
25928,LOF,0.016391461733345675,0.05337296707096408,0.9302355711956903
25929,Neutral,0.598156866302669,0.03552068386199023,0.3663224498353408
25930,LOF,0.07349338029165105,0.026876153994215925,0.899630465714133
25931,LOF,0.023055764116142217,0.031954815501236786,0.944989420382621
25932,LOF,0.028461298558166842,0.026961309622439856,0.9445773918193933
25933,LOF,0.040300609188163444,0.016571006484996858,0.9431283843268398
25934,LOF,0.02403335942926141,0.01869864731952654,0.9572679932512121
25935,LOF,0.059876774729675085,0.04831728214105787,0.891805943129267
25936,LOF,0.042652329686872735,0.022535231741687457,0.9348124385714398
25937,LOF,0.02575884915314347,0.03862517446216335,0.9356159763846933
25938,LOF,0.06206204840720833,0.049821442005287334,0.8881165095875043
25939,LOF,0.03972387698131594,0.01884855207054584,0.9414275709481382
25940,LOF,0.03957801600498811,0.31957418636887996,0.6408477976261319
25941,LOF,0.17335088993741726,0.09377566807491104,0.7328734419876717
25942,LOF,0.012907223194321077,0.03388086906479039,0.9532119077408885
25943,LOF,0.3150362008415357,0.05408133440890335,0.6308824647495609
25944,Neutral,0.49140350644376884,0.02013353646343909,0.4884629570927919
25945,LOF,0.07698970450272896,0.018722780149454072,0.9042875153478169
25946,LOF,0.0357778005519181,0.10117739277106347,0.8630448066770184
25947,LOF,0.12292831545586821,0.17798952902907375,0.699082155515058
25948,LOF,0.3579183902259391,0.007450725249360304,0.6346308845247005
25949,LOF,0.12515072430281182,0.039349537591545296,0.8354997381056428
25950,GOF,0.3283023328031277,0.33755004594601434,0.334147621250858
25951,LOF,0.18243719815101947,0.26257920238521043,0.5549835994637702
25952,LOF,0.04643541081818365,0.4572948210538368,0.4962697681279797
25953,LOF,0.1468426236881673,0.11813512399476564,0.7350222523170671
25954,Neutral,0.41289049306632597,0.18805934208457878,0.3990501648490953
25955,LOF,0.07262513992102954,0.0805755095944942,0.8467993504844763
25956,LOF,0.15750808080801754,0.12783927179929805,0.7146526473926844
25957,LOF,0.036908452877520266,0.028801602613284648,0.934289944509195
25958,LOF,0.05588390519182096,0.025993828233055807,0.9181222665751233
25959,LOF,0.07302015959074346,0.3348943177850211,0.5920855226242354
25960,LOF,0.015203293615758036,0.051518221875836975,0.933278484508405
25961,LOF,0.041354713442493744,0.026134700863229016,0.9325105856942772
25962,LOF,0.05451283611001242,0.022857408044431152,0.9226297558455563
25963,LOF,0.04521734289974145,0.19137495597475113,0.7634077011255074
25964,LOF,0.030565566199359594,0.15886818673432293,0.8105662470663174
25965,LOF,0.42356332330800084,0.06956145358619521,0.5068752231058039
25966,Neutral,0.4995178586008852,0.17906983981733196,0.3214123015817829
25967,LOF,0.015808340687127404,0.10466799913620313,0.8795236601766694
25968,LOF,0.03836475034923963,0.35658194937098664,0.6050533002797738
25969,LOF,0.03813463192843912,0.060244794981994323,0.9016205730895667
25970,LOF,0.06022073946785692,0.060674456263830626,0.8791048042683124
25971,LOF,0.06952548640610022,0.020329306826849934,0.9101452067670498
25972,LOF,0.06852613442573162,0.030342819217063628,0.9011310463572049
25973,LOF,0.07414397815141104,0.010535287814538545,0.9153207340340505
25974,LOF,0.1904497573411234,0.01519744407183175,0.7943527985870449
25975,LOF,0.04560209648129268,0.03055916078071921,0.9238387427379882
25976,LOF,0.04217846855688348,0.0163538903976314,0.9414676410454851
25977,LOF,0.1460686782239984,0.08417946960808306,0.7697518521679185
25978,LOF,0.14617820750436492,0.10453667441502906,0.7492851180806059
25979,LOF,0.13837891362753887,0.1057019646014561,0.755919121771005
25980,LOF,0.22112283572889305,0.1358878813827906,0.6429892828883164
25981,LOF,0.25305656631747536,0.1338197695542882,0.6131236641282365
25982,LOF,0.4096997967350544,0.09079898459747983,0.4995012186674659
25983,LOF,0.3928509070737017,0.09932150226491787,0.5078275906613804
25984,LOF,0.04600081641876416,0.04937992805117719,0.9046192555300586
25985,LOF,0.0362646291634252,0.2792388145885072,0.6844965562480676
25986,LOF,0.044692265367543775,0.33007448403573486,0.6252332505967214
25987,LOF,0.08614458868936375,0.07333737495224671,0.8405180363583895
25988,LOF,0.15138114701303637,0.058407764314818915,0.7902110886721446
25989,LOF,0.0352939881156942,0.11960455929109966,0.8451014525932061
25990,LOF,0.04309843299794865,0.1649867326591424,0.791914834342909
25991,LOF,0.1254203468220675,0.2507544034829,0.6238252496950325
25992,LOF,0.29251072925569477,0.15543319779277676,0.5520560729515285
25993,LOF,0.022826486367153967,0.06915774539005086,0.9080157682427952
25994,LOF,0.017901953888835424,0.09241067224856885,0.8896873738625957
25995,LOF,0.022686018704355222,0.1873081977332422,0.7900057835624025
25996,GOF,0.31880729242617,0.40580096909490315,0.2753917384789269
25997,LOF,0.08423046583433887,0.37899969305260767,0.5367698411130535
25998,Neutral,0.5192978777415013,0.028590654886804102,0.4521114673716946
25999,LOF,0.09576014307970315,0.09395701547207824,0.8102828414482186
26000,LOF,0.15262226512923335,0.05313573608076591,0.7942419987900007
26001,LOF,0.19443097913647267,0.05211848626324241,0.7534505346002849
26002,LOF,0.1130191665101479,0.04879002524347241,0.8381908082463798
26003,GOF,0.010828600978284699,0.59549548170498,0.39367591731673535
26004,GOF,0.022229920196978385,0.6906085185281678,0.28716156127485376
26005,LOF,0.006288210832289333,0.43983448569865585,0.5538773034690548
26006,Neutral,0.5205546117333966,0.24711012155291742,0.232335266713686
26007,GOF,0.02064423495265768,0.5161956351765951,0.4631601298707473
26008,GOF,0.017280495811863285,0.6101281294041421,0.3725913747839948
26009,GOF,0.018965838753380287,0.6858408513761702,0.29519330987044956
26010,GOF,0.02324120322566271,0.6457592519725796,0.3309995448017578
26011,LOF,0.0068968706454835774,0.41190389420685264,0.5811992351476638
26012,GOF,0.01265093452766335,0.5275483923923813,0.4598006730799555
26013,GOF,0.018603507516202853,0.6122585594160593,0.3691379330677378
26014,LOF,0.0390824454099202,0.11477892280506097,0.8461386317850188
26015,LOF,0.15829978636858874,0.015465623307877959,0.8262345903235334
26016,LOF,0.20183677601461314,0.0621196630010079,0.736043560984379
26017,LOF,0.23135184316810187,0.09822818034764812,0.67041997648425
26018,LOF,0.0746617081919466,0.041628503002724714,0.8837097888053287
26019,LOF,0.07070548130916056,0.03317238192869908,0.8961221367621404
26020,LOF,0.07414074586038022,0.10510404076103388,0.8207552133785858
26021,LOF,0.0482940142935299,0.10766664580062589,0.8440393399058442
26022,LOF,0.011149249026765182,0.04474634889885822,0.9441044020743765
26023,LOF,0.06440683729513202,0.026173371915618217,0.9094197907892498
26024,LOF,0.032187983106237564,0.10671656245854236,0.8610954544352202
26025,LOF,0.14807502183301438,0.09583376436816332,0.7560912137988223
26026,LOF,0.3267065051869093,0.02799914979398996,0.6452943450191008
26027,LOF,0.05690135057594005,0.019582185579815455,0.9235164638442445
26028,LOF,0.15817734094045033,0.06370230816972253,0.7781203508898271
26029,LOF,0.07158326580688855,0.15371165040137658,0.7747050837917349
26030,LOF,0.021965242270766256,0.03220666579785983,0.945828091931374
26031,LOF,0.025869263002675086,0.11314209892027238,0.8609886380770524
26032,LOF,0.06496503034595474,0.04686243199417662,0.8881725376598686
26033,LOF,0.08676654631993914,0.045177723328708536,0.8680557303513522
26034,LOF,0.04325527643413146,0.1311753568233391,0.8255693667425293
26035,LOF,0.026411083762968756,0.12243360626756099,0.8511553099694703
26036,LOF,0.03780288765481331,0.13938976585090126,0.8228073464942853
26037,LOF,0.02163382323366065,0.09918976573546777,0.8791764110308715
26038,LOF,0.060933366648111865,0.048489538468500015,0.8905770948833882
26039,LOF,0.05137442334884134,0.11892887470945501,0.8296967019417036
26040,LOF,0.20957502832735397,0.0871314789703352,0.7032934927023109
26041,LOF,0.022586665255510376,0.09032110946010492,0.8870922252843848
26042,LOF,0.020401584567979084,0.08695418762274207,0.8926442278092788
26043,LOF,0.06185589527984845,0.05558021502046427,0.8825638896996872
26044,LOF,0.019030042718482715,0.03948905590305347,0.9414809013784637
26045,LOF,0.07203210223217604,0.08211136618459892,0.8458565315832249
26046,LOF,0.057311669459279575,0.04564578458774606,0.8970425459529744
26047,LOF,0.07761549793657681,0.04688161539657783,0.8755028866668454
26048,LOF,0.04598534531590698,0.029276065540422044,0.924738589143671
26049,Neutral,0.9683553900791241,0.005196046126729941,0.026448563794145844
26050,Neutral,0.9520744752390561,0.006527116794880499,0.04139840796606362
26051,LOF,0.049111092783614904,0.28122025055008343,0.6696686566663017
26052,LOF,0.06932492567078134,0.31440301496126477,0.6162720593679538
26053,LOF,0.05772524311065506,0.14608062890237652,0.7961941279869684
26054,LOF,0.04735946357373824,0.018066924517091826,0.9345736119091699
26055,LOF,0.06766820437550528,0.015456689160217344,0.9168751064642775
26056,LOF,0.057977403900762316,0.01705655815474861,0.9249660379444891
26057,LOF,0.03114814525963427,0.013227967184451746,0.955623887555914
26058,LOF,0.03176460473540989,0.010901669158393293,0.9573337261061967
26059,LOF,0.25318731576817183,0.020147138252947828,0.7266655459788803
26060,LOF,0.04193434447842517,0.1737097263016655,0.7843559292199093
26061,LOF,0.01650430276839848,0.014266999875980185,0.9692286973556213
26062,LOF,0.009428560878475179,0.02099888117963441,0.9695725579418903
26063,LOF,0.019871528969688055,0.011546644546170905,0.968581826484141
26064,LOF,0.018621337202213234,0.02580143003021147,0.9555772327675752
26065,LOF,0.024295157350705615,0.012304198899020811,0.9634006437502737
26066,LOF,0.01960490025210597,0.011580311345900724,0.9688147884019932
26067,LOF,0.02568747302593763,0.00930644649542106,0.9650060804786413
26068,LOF,0.04314604350192731,0.029085039524887335,0.9277689169731852
26069,LOF,0.25720285565697243,0.01913322737856772,0.7236639169644599
26070,LOF,0.38009052067675453,0.015917599539231175,0.6039918797840144
26071,LOF,0.019417813905027493,0.012498522857639405,0.9680836632373332
26072,LOF,0.01771569864503755,0.019490540259021798,0.9627937610959407
26073,LOF,0.019499159269487237,0.012227070339705947,0.9682737703908068
26074,Neutral,0.912494629107783,0.006031155024376081,0.08147421586784089
26075,LOF,0.04327543278894535,0.014375316675954809,0.9423492505350999
26076,LOF,0.035762624687093986,0.00959363379415247,0.9546437415187536
26077,LOF,0.00909437215707814,0.014901302200596954,0.9760043256423249
26078,LOF,0.013575750728396651,0.013515457836700545,0.9729087914349027
26079,LOF,0.057965552085326194,0.017330821226588872,0.924703626688085
26080,LOF,0.0572883879718055,0.01735183521363581,0.9253597768145586
26081,LOF,0.034812926897302546,0.0069589565022655855,0.9582281166004318
26082,LOF,0.012930368901454319,0.016505708287879776,0.9705639228106658
26083,LOF,0.16859322549054104,0.014944574197821997,0.8164622003116371
26084,LOF,0.04426587810003266,0.012720655775523766,0.9430134661244437
26085,LOF,0.039188831207594456,0.012255881104141206,0.9485552876882644
26086,LOF,0.020344828513618247,0.012513283909020729,0.9671418875773611
26087,LOF,0.023320116164637653,0.009193933420759698,0.9674859504146027
26088,LOF,0.01602827139419677,0.02745602933299034,0.9565156992728129
26089,LOF,0.0408079350509725,0.022159094207194627,0.9370329707418329
26090,LOF,0.04089938755899586,0.017843015668121128,0.9412575967728829
26091,LOF,0.031007535609294135,0.006548147171181318,0.9624443172195246
26092,LOF,0.02158610510664654,0.008530391550716603,0.969883503342637
26093,LOF,0.03189938847075599,0.006490729739568185,0.9616098817896758
26094,LOF,0.033238417606511,0.006476013475608687,0.9602855689178802
26095,LOF,0.039475289259910895,0.014393985985234045,0.946130724754855
26096,LOF,0.01610130321090766,0.011873146281725087,0.9720255505073672
26097,LOF,0.011062752891655198,0.036132303787331115,0.9528049433210137
26098,LOF,0.08108207621349202,0.01130952249244847,0.9076084012940595
26099,LOF,0.020150343372806714,0.01238379528090968,0.9674658613462837
26100,LOF,0.02214843310516258,0.0120692835204835,0.9657822833743538
26101,LOF,0.0436380165593674,0.016718973553484468,0.9396430098871482
26102,LOF,0.019799988701914656,0.013143595549331059,0.9670564157487542
26103,Neutral,0.8749435712561879,0.01910917344834868,0.10594725529546338
26104,LOF,0.07780253513355272,0.024320825160350227,0.897876639706097
26105,LOF,0.2014781471102065,0.27306664873724396,0.5254552041525496
26106,LOF,0.16786525084952653,0.11748099379108219,0.7146537553593914
26107,LOF,0.24337860502306444,0.07933742376217616,0.6772839712147595
26108,LOF,0.21803805316765626,0.09979583663787273,0.682166110194471
26109,LOF,0.08663207507234302,0.05944491772538861,0.8539230072022684
26110,LOF,0.206216324832071,0.006356302952639545,0.7874273722152895
26111,Neutral,0.49837083500862606,0.02412579301274171,0.4775033719786322
26112,LOF,0.03347565283458953,0.006862471922004813,0.9596618752434057
26113,LOF,0.06091371553279403,0.015088252988220767,0.9239980314789851
26114,LOF,0.023611265851748102,0.029571400346880102,0.9468173338013718
26115,LOF,0.08622298072520411,0.05504236972398609,0.8587346495508099
26116,LOF,0.059014736623733695,0.05962514501764099,0.8813601183586254
26117,LOF,0.43876295888560823,0.03919597998976422,0.5220410611246274
26118,LOF,0.03454486895683674,0.02380410571769269,0.9416510253254706
26119,LOF,0.026034215255739377,0.032163299293167955,0.9418024854510927
26120,LOF,0.02546624643439071,0.01922603782141634,0.9553077157441929
26121,LOF,0.04501794335595921,0.07934334675193683,0.8756387098921039
