feature0,prediction,LoGoFunc_Neutral,LoGoFunc_GOF,LoGoFunc_LOF
25546,Neutral,0.6319046971017224,0.05433805687996509,0.31375724601831256
25547,Neutral,0.49020070118588993,0.08906651479336174,0.4207327840207483
25548,Neutral,0.4939841577616179,0.08082545842865818,0.42519038380972385
25549,LOF,0.43256203346551453,0.0806973006557856,0.4867406658786998
25550,LOF,0.36320713753806766,0.0996065932477839,0.5371862692141485
25551,LOF,0.3268669376527912,0.10792369863059907,0.5652093637166098
25552,LOF,0.28589715561436635,0.11298454161509007,0.6011183027705436
25553,Neutral,0.7911173883961322,0.046733391565009365,0.1621492200388585
25554,LOF,0.31913874819176885,0.10581252445882319,0.5750487273494079
25555,LOF,0.2793337559335759,0.09819825360168344,0.6224679904647406
25556,Neutral,0.4680919642183582,0.09402054742636669,0.43788748835527525
25557,LOF,0.2731717545500576,0.10486490936965431,0.621963336080288
25558,LOF,0.33239263255991897,0.10065250966679797,0.566954857773283
25559,LOF,0.305357084479492,0.05932800865127979,0.6353149068692282
25560,LOF,0.10887112389338832,0.13842404219940713,0.7527048339072046
25561,LOF,0.11531617389647329,0.1935019599110124,0.6911818661925143
25562,LOF,0.042254337342233085,0.09398033589818286,0.8637653267595841
25563,LOF,0.01280247282292154,0.15107644922876187,0.8361210779483166
25564,LOF,0.09229372268001612,0.10453175973318717,0.8031745175867967
25565,LOF,0.1834255022916904,0.1302717046864426,0.6863027930218669
25566,GOF,0.06038280451887966,0.6462489593249932,0.2933682361561272
25567,LOF,0.035340599092181936,0.1527911500844715,0.8118682508233465
25568,LOF,0.056552327492537004,0.08058837362728759,0.8628592988801753
25569,LOF,0.0619490500500081,0.07311353587843364,0.8649374140715582
25570,LOF,0.02879359394147956,0.10875797698434332,0.8624484290741771
25571,LOF,0.025930725219304222,0.11513289209087496,0.8589363826898209
25572,LOF,0.06241727340015324,0.14531299324280075,0.792269733357046
25573,LOF,0.0627560747198844,0.10145606150177608,0.8357878637783396
25574,LOF,0.06515226111123595,0.21225076215114833,0.7225969767376156
25575,LOF,0.02367131424193001,0.1355967869897416,0.8407318987683284
25576,LOF,0.028158973456389437,0.18922630827379427,0.7826147182698163
25577,LOF,0.03284152919420663,0.14346379970378748,0.8236946711020059
25578,LOF,0.3073168427270026,0.09731950435921827,0.595363652913779
25579,LOF,0.1968800394421981,0.09450492491347828,0.7086150356443236
25580,LOF,0.02294459233478148,0.07963983276545794,0.8974155748997605
25581,LOF,0.048645930587994574,0.07971290109735917,0.8716411683146463
25582,LOF,0.04829463686378545,0.07752212778265265,0.8741832353535619
25583,LOF,0.026453217610716496,0.09393687554826917,0.8796099068410144
25584,Neutral,0.6925707419640473,0.13035490916997924,0.17707434886597337
25585,LOF,0.0207603335159313,0.16734335682057977,0.8118963096634889
25586,LOF,0.018231630143392713,0.09609111619476723,0.88567725366184
25587,LOF,0.01876542663832855,0.07741991183600232,0.903814661525669
25588,LOF,0.022502670270042362,0.08085142653011687,0.8966459031998407
25589,Neutral,0.5136831170929054,0.2558257675313432,0.23049111537575154
25590,LOF,0.044395656785151665,0.12238013329457323,0.833224209920275
25591,LOF,0.07380382758835047,0.06493596136698325,0.8612602110446663
25592,LOF,0.059842584006592175,0.16155272642174473,0.7786046895716632
25593,LOF,0.10818815326664886,0.2801929442103559,0.6116189025229952
25594,LOF,0.05483943083218931,0.07298583138663879,0.8721747377811718
25595,LOF,0.06033592750109631,0.04650578219056518,0.8931582903083384
25596,LOF,0.12149787260280673,0.024646906830555516,0.8538552205666378
25597,LOF,0.08645531835325794,0.027825059308444092,0.885719622338298
25598,LOF,0.05370174083127625,0.050609114317618095,0.8956891448511056
25599,LOF,0.02289170950069493,0.3948678274077567,0.5822404630915483
25600,LOF,0.17984344783905987,0.39604301060147923,0.424113541559461
25601,LOF,0.039414578142209646,0.3273539598229488,0.6332314620348415
25602,LOF,0.027075297049347666,0.07366399917049476,0.8992607037801575
25603,LOF,0.0371003078196877,0.05475216396626795,0.9081475282140443
25604,LOF,0.037945917431935816,0.09905375578599164,0.8630003267820725
25605,LOF,0.030630342084793035,0.19683601890272953,0.7725336390124775
25606,LOF,0.38573165361250417,0.1337658116973135,0.48050253469018234
25607,LOF,0.02569931354582664,0.2051055954081932,0.7691950910459802
25608,LOF,0.03715224527983616,0.11280099869725434,0.8500467560229095
25609,GOF,0.12840102488087238,0.5049749038883159,0.36662407123081164
25610,LOF,0.014742285312301004,0.05682013735018161,0.9284375773375174
25611,LOF,0.012163248517406683,0.06951065655539188,0.9183260949272015
25612,LOF,0.04899535119071416,0.06963603622174659,0.8813686125875393
25613,LOF,0.04463581170181411,0.07404012483403269,0.8813240634641532
25614,LOF,0.021778920089327414,0.053283272113156116,0.9249378077975166
25615,LOF,0.039933822558793484,0.06645811700002226,0.8936080604411843
25616,LOF,0.05125694800970766,0.06132395422850789,0.8874190977617845
25617,LOF,0.03704074751628934,0.06823679275228588,0.8947224597314248
25618,LOF,0.049970414567370475,0.0951258641202069,0.8549037213124225
25619,LOF,0.012010487298246043,0.06740341021305067,0.9205861024887033
25620,LOF,0.04986117304034626,0.07400217981202027,0.8761366471476335
25621,LOF,0.05885464161882189,0.06160257020940884,0.8795427881717692
25622,LOF,0.06172892247700869,0.07111800913604635,0.867153068386945
25623,LOF,0.05895306505740406,0.047485498097054706,0.8935614368455412
25624,LOF,0.01885716969157991,0.057539428438179,0.923603401870241
25625,LOF,0.0592595183468113,0.0665857291100098,0.8741547525431788
25626,LOF,0.047512407606425854,0.06953942019133953,0.8829481722022346
25627,Neutral,0.8890322830990923,0.0241477131423883,0.08682000375851952
25628,LOF,0.15217059749109413,0.05863871906551288,0.789190683443393
25629,LOF,0.06380525089107432,0.06191172175125459,0.874283027357671
25630,LOF,0.28102322134710805,0.06796266764098548,0.6510141110119064
25631,Neutral,0.548256590654426,0.06444628297661883,0.38729712636895514
25632,LOF,0.030668886967898597,0.07051594966195954,0.8988151633701419
25633,LOF,0.21173013452583916,0.04465462683504004,0.7436152386391208
25634,LOF,0.043939709820760134,0.09084500710948347,0.8652152830697564
25635,LOF,0.03912156004159128,0.039699172492477654,0.921179267465931
25636,GOF,0.034095266097023534,0.525168215801304,0.44073651810167247
25637,GOF,0.05200226275287455,0.5211107274594641,0.4268870097876613
25638,LOF,0.03356938667757469,0.45029242554692683,0.5161381877754984
25639,LOF,0.034083415499573486,0.4498351846868695,0.516081399813557
25640,Neutral,0.8721533248732953,0.06885795767000384,0.0589887174567009
25641,LOF,0.0790455232551125,0.42379278483767685,0.49716169190721066
25642,LOF,0.0721295722907787,0.17449231361352452,0.7533781140956968
25643,LOF,0.224167557697182,0.13725873352086876,0.6385737087819492
25644,GOF,0.009536086805281053,0.6209710114999658,0.36949290169475324
25645,GOF,0.011551535103934332,0.5793896828552532,0.4090587820408124
25646,LOF,0.03828512519792883,0.40666686340905583,0.5550480113930154
25647,LOF,0.012099543372560714,0.33031666483762323,0.6575837917898161
25648,LOF,0.013732363033017041,0.40910531375796344,0.5771623232090194
25649,LOF,0.008337739559335835,0.3209725239990425,0.6706897364416216
25650,GOF,0.020520479248352305,0.5884932512871126,0.3909862694645352
25651,LOF,0.008627244502887056,0.4283298572162556,0.5630428982808572
25652,LOF,0.015259473684299845,0.4193401569175034,0.5654003693981967
25653,GOF,0.03763920248741195,0.5980635150157623,0.36429728249682575
25654,LOF,0.010438083094889835,0.2957969889965483,0.6937649279085618
25655,GOF,0.12241292876348643,0.6168694749237992,0.2607175963127145
25656,LOF,0.3635360445390458,0.11602496293154818,0.5204389925294061
25657,LOF,0.05594606310739907,0.10833546855325357,0.8357184683393475
25658,LOF,0.3472403367455865,0.16171886927932128,0.49104079397509215
25659,Neutral,0.4489432770953425,0.15393409309440512,0.3971226298102524
25660,LOF,0.023505925153779247,0.11495574708543607,0.8615383277607847
25661,LOF,0.09209690675064848,0.06550284801830328,0.8424002452310482
25662,LOF,0.03344102034570962,0.03238958745416562,0.9341693922001247
25663,LOF,0.036632235562585,0.041480022429911806,0.9218877420075031
25664,LOF,0.13133792213327317,0.06547680748895389,0.803185270377773
25665,LOF,0.0619187897772675,0.03378799369020425,0.9042932165325284
25666,LOF,0.09571921805956374,0.06765675105547811,0.8366240308849582
25667,LOF,0.07277772952213282,0.050085307614339665,0.8771369628635275
25668,LOF,0.03500291298680323,0.05740188258512669,0.9075952044280701
25669,LOF,0.03003833379165623,0.055912878258917505,0.9140487879494262
25670,LOF,0.1359594110548821,0.05436308950470823,0.8096774994404098
25671,LOF,0.11118711734438083,0.04008336800011772,0.8487295146555015
25672,LOF,0.04920418998409093,0.048158876713907256,0.9026369333020018
25673,LOF,0.08547737293908104,0.04380605474637106,0.8707165723145478
25674,LOF,0.07209273768274167,0.05592713433180481,0.8719801279854534
25675,LOF,0.1098305955311991,0.07160164481009912,0.8185677596587019
25676,LOF,0.0190407038322947,0.05506350985098457,0.9258957863167208
25677,LOF,0.02321030227424685,0.07258764685461226,0.9042020508711409
25678,LOF,0.1858318677825099,0.08090369895936331,0.7332644332581268
25679,LOF,0.12612988804837177,0.08485285987493951,0.7890172520766887
25680,LOF,0.029513895588120717,0.12397618333541248,0.8465099210764667
25681,LOF,0.0452191645012239,0.11392335983737775,0.8408574756613983
25682,LOF,0.1317285994150048,0.0836318576610008,0.7846395429239943
25683,LOF,0.11614439352953351,0.09101494379359162,0.7928406626768749
25684,LOF,0.037595618230528885,0.07075342645888523,0.8916509553105859
25685,LOF,0.1120066088766523,0.0763580540098993,0.8116353371134483
25686,LOF,0.0708491067612636,0.11995545506488958,0.8091954381738469
25687,LOF,0.11411692807114256,0.12490448697538624,0.7609785849534711
25688,LOF,0.43808977331950677,0.04490420205324007,0.5170060246272531
25689,LOF,0.3195289707987954,0.04374240714765905,0.6367286220535455
25690,LOF,0.33331984695414396,0.036024154359748824,0.6306559986861072
25691,Neutral,0.6991248675049472,0.033513596219695276,0.2673615362753575
25692,LOF,0.39327946203195074,0.011532467513602207,0.5951880704544471
25693,LOF,0.03993915465343684,0.41572125645425095,0.5443395888923122
25694,LOF,0.1146097548274132,0.018874070700546534,0.8665161744720402
25695,LOF,0.11564962855628505,0.013076944359284899,0.87127342708443
25696,LOF,0.1306739967412278,0.012101241743883382,0.8572247615148888
25697,LOF,0.05908820333679125,0.14074963539487245,0.8001621612683363
25698,LOF,0.31818624736763923,0.21758579116650476,0.46422796146585615
25699,LOF,0.4411343976001308,0.042140357476991346,0.5167252449228779
25700,LOF,0.07715203929736947,0.014217530871300052,0.9086304298313305
25701,LOF,0.1748083421084278,0.05883065060595489,0.7663610072856173
25702,GOF,0.1829075157781101,0.6202333282157952,0.19685915600609466
25703,LOF,0.018154533017267254,0.16065079601534704,0.8211946709673857
25704,LOF,0.0363452454840874,0.1509329544163793,0.8127218000995333
25705,LOF,0.03369864226987084,0.0993639376053032,0.866937420124826
25706,LOF,0.14602168721025702,0.31317548537901696,0.540802827410726
25707,LOF,0.09584697769090471,0.24587822824963612,0.6582747940594592
25708,LOF,0.04601908670316136,0.23894955283401198,0.7150313604628268
25709,LOF,0.06241527470533191,0.033723650426963674,0.9038610748677043
25710,LOF,0.013485616447542557,0.11716089442380959,0.8693534891286478
25711,LOF,0.019204122457514256,0.07364879644572202,0.9071470810967638
25712,LOF,0.015941974010187408,0.1584181780118298,0.8256398479779828
25713,LOF,0.017374926271450177,0.07376672016211644,0.9088583535664334
25714,LOF,0.07150829339660779,0.05635366401392642,0.8721380425894657
25715,LOF,0.011454264774646335,0.10573279234877073,0.882812942876583
25716,LOF,0.012414323440834022,0.09400942706383214,0.893576249495334
25717,LOF,0.01600874388490469,0.07641946007921735,0.907571796035878
25718,LOF,0.010733748406095643,0.07319087169186812,0.9160753799020364
25719,LOF,0.0217151203368498,0.06204456442066609,0.9162403152424842
25720,LOF,0.024795505333585204,0.051816639012665054,0.9233878556537497
25721,LOF,0.013320494567273012,0.09001702495500272,0.8966624804777242
25722,LOF,0.01377108126728848,0.07939076448122749,0.9068381542514842
25723,LOF,0.024475382910733538,0.03584118553008868,0.9396834315591778
25724,LOF,0.034199165091452634,0.06474921799052215,0.9010516169180253
25725,LOF,0.011751786299517938,0.05813724054264922,0.9301109731578329
25726,LOF,0.015041892921969604,0.08217410739670136,0.9027839996813289
25727,LOF,0.01259228747170226,0.06416257405807815,0.9232451384702196
25728,LOF,0.009873432845526494,0.0816770505118316,0.908449516642642
25729,LOF,0.010269419512361034,0.08204000350094498,0.907690576986694
25730,LOF,0.013260769294828187,0.07750301288745144,0.9092362178177205
25731,LOF,0.02168890475867546,0.07848039492738433,0.8998307003139402
25732,LOF,0.013450372504960935,0.05081763881198046,0.9357319886830585
25733,LOF,0.017683481796002487,0.05197348728880571,0.9303430309151918
25734,LOF,0.012639134650532822,0.09881616619047467,0.8885446991589925
25735,LOF,0.011285771251394034,0.06552367177306126,0.9231905569755448
25736,LOF,0.012040463411552103,0.08098262025397632,0.9069769163344715
25737,LOF,0.011774324258357996,0.07095512944516674,0.9172705462964752
25738,LOF,0.011470780527859008,0.07856167197320496,0.909967547498936
25739,LOF,0.019363981390991273,0.06017035081484464,0.920465667794164
25740,LOF,0.027793947709375467,0.0878882391200314,0.8843178131705931
25741,LOF,0.014911535306081193,0.08878921030818158,0.8962992543857371
25742,LOF,0.10844303484888744,0.05891650632908678,0.8326404588220259
25743,LOF,0.03790956981048332,0.05263860627505846,0.9094518239144583
25744,Neutral,0.6087728719128045,0.2209114733369267,0.17031565475026883
25745,LOF,0.0643538833099341,0.07418604228625601,0.8614600744038099
25746,LOF,0.0412990100116224,0.09454096464852473,0.8641600253398528
25747,LOF,0.023225479291272094,0.08495750480183116,0.8918170159068967
25748,LOF,0.13100354881481033,0.13334741253115254,0.7356490386540371
25749,LOF,0.026123532606193614,0.09316402742328764,0.8807124399705187
25750,LOF,0.0692916678254961,0.10328174860493494,0.8274265835695689
25751,LOF,0.0931556199579534,0.14221248765990185,0.7646318923821448
25752,GOF,0.09907556602506283,0.6533665066645133,0.24755792731042386
25753,LOF,0.027786369521357955,0.31266891806611974,0.6595447124125223
25754,GOF,0.016267048313720302,0.8112148344033424,0.17251811728293717
25755,LOF,0.029290589857834684,0.3873439794984707,0.5833654306436946
25756,LOF,0.05500186938959942,0.36876129732209284,0.5762368332883078
25757,GOF,0.022519203154856622,0.8703093037579928,0.10717149308715072
25758,GOF,0.028280503530448677,0.8060231592130178,0.16569633725653352
25759,GOF,0.0125656953656122,0.6414784519678965,0.34595585266649126
25760,LOF,0.01852985440919984,0.3240269170002373,0.6574432285905628
25761,GOF,0.2764422552934292,0.6416308006932807,0.08192694401329018
25762,LOF,0.04574106721751918,0.319496863077221,0.6347620697052598
25763,LOF,0.01627776038307768,0.23431355335036594,0.7494086862665564
25764,GOF,0.08921623675742657,0.6706456736185331,0.24013808962404018
25765,GOF,0.03958879265107992,0.7659738944339525,0.19443731291496763
25766,GOF,0.07099113137408046,0.7927992107930375,0.13620965783288203
25767,GOF,0.14960923348678942,0.546614464580721,0.3037763019324896
25768,LOF,0.10324679388091688,0.062292710480461505,0.8344604956386217
25769,LOF,0.04666776752971908,0.07437546411084241,0.8789567683594386
25770,LOF,0.30115527813692544,0.1164989245378458,0.5823457973252288
25771,LOF,0.05036288316892815,0.05925325038921205,0.8903838664418597
25772,LOF,0.01661139674457825,0.05510464533884143,0.9282839579165804
25773,LOF,0.05050910540094556,0.08192246658223719,0.8675684280168172
25774,LOF,0.026718770674580773,0.12781277686776724,0.845468452457652
25775,LOF,0.05334274072290134,0.06135257604111726,0.8853046832359814
25776,LOF,0.062131104553029656,0.0323388638234541,0.9055300316235163
25777,LOF,0.30889850100720423,0.09976043505541814,0.5913410639373776
25778,LOF,0.058926096516570166,0.05205347197382417,0.8890204315096057
25779,GOF,0.38722105080748714,0.564746236701857,0.048032712490655854
25780,GOF,0.3642251695819611,0.5660224237005961,0.06975240671744273
25781,GOF,0.11838825876546988,0.7761358537554052,0.10547588747912504
25782,GOF,0.19725859373008453,0.7277136820296423,0.0750277242402733
25783,GOF,0.024222549003618823,0.6328047826348434,0.3429726683615376
25784,Neutral,0.5390416664741327,0.4208349804752336,0.04012335305063384
25785,Neutral,0.49214259663918086,0.46402777936157574,0.043829623999243394
25786,GOF,0.035601905932879596,0.7606678360516519,0.20373025801546849
25787,Neutral,0.6917246373198053,0.2823752829225557,0.025900079757638975
25788,LOF,0.06471972710160895,0.08112620957634013,0.8541540633220509
25789,GOF,0.21509976768831413,0.6308601463179683,0.15404008599371763
25790,GOF,0.2555060135330142,0.6601843958684944,0.08430959059849148
25791,GOF,0.13644601811658455,0.7013462154187424,0.16220776646467294
25792,GOF,0.35434091895388725,0.5272805942086959,0.11837848683741684
25793,GOF,0.2693267213823481,0.5120084886186546,0.21866478999899736
25794,GOF,0.3260828697399505,0.49293223803080516,0.18098489222924435
25795,GOF,0.07427378529024978,0.6796443447671294,0.24608186994262082
25796,Neutral,0.5153717467386665,0.40823933882920554,0.0763889144321279
25797,GOF,0.08665305425944562,0.5546112196129638,0.3587357261275906
25798,GOF,0.009658415998579816,0.4963771018089465,0.4939644821924735
25799,LOF,0.007684456538447335,0.4075717600266914,0.5847437834348612
25800,GOF,0.036760035793411264,0.5836980636805444,0.37954190052604436
25801,GOF,0.25158504921250774,0.6469759003539799,0.10143905043351238
25802,GOF,0.06484588188553587,0.7046147624480977,0.23053935566636644
25803,GOF,0.03970180142540019,0.5850881199471999,0.3752100786274
25804,GOF,0.035376027663098206,0.5036692648655573,0.4609547074713444
25805,GOF,0.12766961246025058,0.5952823790337988,0.2770480085059506
25806,GOF,0.14809008074617677,0.5984297516861921,0.2534801675676312
25807,GOF,0.022840869511714358,0.6349178654464549,0.3422412650418307
25808,GOF,0.1095903303209502,0.6112175232082019,0.27919214647084784
25809,GOF,0.021283761731330227,0.613149718278534,0.3655665199901358
25810,GOF,0.021210068221689894,0.620128262627421,0.35866166915088915
25811,Neutral,0.48773581100260016,0.44248544222294606,0.06977874677445386
25812,GOF,0.03910628897494829,0.6137283440632146,0.3471653669618371
25813,Neutral,0.5824285693860225,0.31502648200296224,0.10254494861101532
25814,GOF,0.13656581619192262,0.6524189694438164,0.21101521436426102
25815,GOF,0.22938499270667156,0.5838427662597184,0.18677224103361015
25816,GOF,0.022685941602373944,0.6733844136215621,0.303929644776064
25817,GOF,0.2730546216026357,0.6066073453226252,0.12033803307473913
25818,GOF,0.05111848006916164,0.5803689608622737,0.36851255906856467
25819,GOF,0.37859501738177853,0.45906325912287643,0.16234172349534506
25820,GOF,0.20283476089010796,0.5935469163841722,0.2036183227257198
25821,GOF,0.061264974678329885,0.6670642950865441,0.2716707302351261
25822,GOF,0.23119183177921093,0.5267366949031003,0.2420714733176889
25823,GOF,0.03289118556198965,0.5102105710930724,0.45689824334493784
25824,GOF,0.09692165425518681,0.5242297035571866,0.3788486421876266
25825,GOF,0.03413531939039443,0.5348843235492942,0.4309803570603114
25826,GOF,0.01299686947838155,0.5163653742533642,0.4706377562682543
25827,GOF,0.027225267809868472,0.5845834218952285,0.3881913102949031
25828,GOF,0.017792470973073373,0.49650675313607706,0.4857007758908495
25829,GOF,0.007154997451037923,0.5358990766476307,0.4569459259013313
25830,LOF,0.0450413041663271,0.300952495493591,0.654006200340082
25831,GOF,0.1922328282463315,0.6767323922828389,0.13103477947082956
25832,GOF,0.03757666987003311,0.6499840241226665,0.31243930600730035
25833,GOF,0.13241539278250067,0.665754770893168,0.2018298363243313
25834,GOF,0.04192875645337696,0.6558881190370922,0.3021831245095309
25835,GOF,0.10588789917230647,0.6708366154165062,0.22327548541118727
25836,GOF,0.04907928574711247,0.6271574747322137,0.32376323952067393
25837,GOF,0.02187087661182708,0.5099951156244095,0.4681340077637635
25838,GOF,0.08203920963711593,0.6971010267214391,0.22085976364144497
25839,GOF,0.33732919046319854,0.5224104569845581,0.1402603525522434
25840,GOF,0.24404514447881964,0.5582265941734079,0.1977282613477725
25841,GOF,0.2355182335956813,0.5649965076083248,0.19948525879599394
25842,GOF,0.1889545640917486,0.6445278318914746,0.16651760401677676
25843,GOF,0.23344496751921312,0.637870279143362,0.12868475333742485
25844,GOF,0.06598147259954934,0.6449451623875789,0.2890733650128717
25845,LOF,0.015459359703090527,0.46360115983537104,0.5209394804615385
25846,GOF,0.11440640607417556,0.6962464631001539,0.18934713082567056
25847,GOF,0.11992731890467241,0.7359540497774264,0.14411863131790123
25848,GOF,0.038174866563006754,0.6574227607834161,0.30440237265357717
25849,GOF,0.010564281615102191,0.5462845192930077,0.4431511990918902
25850,GOF,0.023879237836819504,0.6191610041737189,0.3569597579894615
25851,GOF,0.01804199656082141,0.5139520145905032,0.46800598884867534
25852,GOF,0.1781501226584574,0.5524245875481889,0.2694252897933537
25853,GOF,0.3363675918989147,0.5810934414123576,0.0825389666887277
25854,GOF,0.02138824484952402,0.5783861870315551,0.4002255681189209
25855,GOF,0.03932367698366096,0.5607435391957989,0.39993278382054004
25856,GOF,0.2446114620419343,0.5168863488550369,0.23850218910302887
25857,GOF,0.03563973711544836,0.48423202671132043,0.4801282361732313
25858,GOF,0.01999402235247442,0.5760387522283572,0.40396722541916835
25859,GOF,0.011343486261850236,0.5566784728587548,0.4319780408793949
25860,GOF,0.3630759188215283,0.5452336932615044,0.09169038791696724
25861,GOF,0.40477660036577257,0.514237970627474,0.08098542900675332
25862,GOF,0.08103442994527578,0.7687487491906687,0.15021682086405555
25863,GOF,0.08595984039557776,0.7706944402458579,0.1433457193585644
25864,GOF,0.21834787290445612,0.7053368071517483,0.07631531994379552
25865,GOF,0.08737323339133121,0.7890351777021304,0.12359158890653842
25866,GOF,0.06513061595800682,0.8009091179706528,0.13396026607134034
25867,GOF,0.0933256808646466,0.7909118200837433,0.11576249905161007
25868,GOF,0.2887118068334512,0.6000521237573262,0.11123606940922255
25869,Neutral,0.7098518699607947,0.24602096815529106,0.04412716188391431
25870,LOF,0.34705244615248493,0.25466507577570263,0.3982824780718124
25871,GOF,0.23886625045666926,0.6019849133933928,0.1591488361499381
25872,GOF,0.08682904973332571,0.6406214934686468,0.2725494567980275
25873,GOF,0.16211055287385545,0.6245031507788164,0.21338629634732828
25874,LOF,0.02486850740374655,0.10638667503075819,0.8687448175654952
25875,LOF,0.09461127213250425,0.052063041457196084,0.8533256864102996
25876,LOF,0.027112851664158253,0.04832062075069629,0.9245665275851455
25877,Neutral,0.5083908114278863,0.06606204612273925,0.4255471424493744
25878,LOF,0.22813591889846965,0.11306462925557365,0.6587994518459568
25879,LOF,0.08615319043320577,0.10905348873474914,0.8047933208320452
25880,LOF,0.023335694560691022,0.02791014562402983,0.9487541598152792
25881,LOF,0.15784651943283015,0.17902111465737966,0.6631323659097901
25882,LOF,0.07610204703768363,0.02067881262171996,0.9032191403405965
25883,LOF,0.06726944753826428,0.03519469494706945,0.8975358575146664
25884,LOF,0.042956410979348325,0.04453059570794544,0.9125129933127063
25885,LOF,0.06789555325041408,0.01597661338671377,0.9161278333628721
25886,LOF,0.32300725879327336,0.06448332179428679,0.6125094194124399
25887,LOF,0.16701767741409812,0.11289227569235007,0.7200900468935518
25888,LOF,0.07177490054839318,0.09629089746757047,0.8319342019840363
25889,LOF,0.054055865778956345,0.031765964591198695,0.9141781696298449
25890,LOF,0.04544263637085447,0.12811547805183887,0.8264418855773067
25891,LOF,0.038095048804035817,0.06142963932839213,0.900475311867572
25892,LOF,0.10115826101559487,0.024473554156804415,0.8743681848276007
25893,LOF,0.27325381368010854,0.01900572787386832,0.7077404584460232
25894,LOF,0.1723346610651615,0.009769433805879066,0.8178959051289595
25895,LOF,0.19613753227335748,0.022120059266213687,0.7817424084604289
25896,LOF,0.048205763114478724,0.023978618911865215,0.927815617973656
25897,LOF,0.2334630955119916,0.016855558067337576,0.7496813464206707
25898,Neutral,0.7358434082025721,0.011801455487850764,0.25235513630957707
25899,LOF,0.2753085652096552,0.026537121761366515,0.6981543130289783
25900,LOF,0.45838932847572766,0.016052870483961427,0.5255578010403109
25901,LOF,0.05013932761831146,0.014361099376643498,0.935499573005045
25902,LOF,0.15613000252909484,0.013200655815401663,0.8306693416555035
25903,Neutral,0.503837847386652,0.03666009974936612,0.4595020528639818
25904,LOF,0.2634074199670356,0.05646903167095094,0.6801235483620135
25905,LOF,0.02563225600731454,0.2953797902308243,0.6789879537618612
25906,LOF,0.022374169429573043,0.061824352745660845,0.9158014778247662
25907,LOF,0.014401542950878522,0.32121081675373814,0.6643876402953834
25908,LOF,0.011903582663466344,0.2161374374840239,0.7719589798525098
25909,LOF,0.014086730497433904,0.1327950861263373,0.8531181833762287
25910,LOF,0.04347249590942166,0.10947938863765165,0.8470481154529266
25911,LOF,0.14153473435071776,0.032204028534439724,0.8262612371148425
25912,LOF,0.041660604406660195,0.05196038099154115,0.9063790146017987
25913,LOF,0.2831003639913744,0.018859359567787386,0.6980402764408382
25914,LOF,0.02557704058033931,0.10548193847575454,0.8689410209439062
25915,Neutral,0.4651932045428929,0.24561022671170266,0.28919656874540445
25916,LOF,0.0663433669549136,0.2537909669937991,0.6798656660512874
25917,LOF,0.0648105900886659,0.05842584521473037,0.8767635646966039
25918,LOF,0.0352410166268565,0.05444906200800978,0.9103099213651338
25919,LOF,0.027823150680644417,0.06184361436093989,0.9103332349584156
25920,GOF,0.0835323273126139,0.4741632803931269,0.44230439229425916
25921,LOF,0.030934705196472005,0.019800948066103247,0.9492643467374247
25922,LOF,0.045566655430505976,0.013827496115112378,0.9406058484543817
25923,LOF,0.3996680177434138,0.017285524516757002,0.5830464577398291
25924,LOF,0.03894889525591836,0.02675915591606206,0.9342919488280197
25925,LOF,0.06416180254939065,0.023042182905975615,0.9127960145446338
25926,LOF,0.04566667001820267,0.01831827654031368,0.9360150534414836
25927,LOF,0.06878641053789859,0.06180761530565308,0.8694059741564483
25928,LOF,0.022520109693471357,0.030556452749961573,0.9469234375565669
25929,Neutral,0.5203488478793807,0.019029634462175902,0.4606215176584433
25930,LOF,0.0575309558228431,0.013730798198208966,0.9287382459789479
25931,LOF,0.03135352350113417,0.019180343103993063,0.9494661333948728
25932,LOF,0.02779765111030835,0.016538264483347807,0.9556640844063439
25933,LOF,0.03745818123845678,0.009751452535228283,0.9527903662263149
25934,LOF,0.02353729167975492,0.011662566972868325,0.9648001413473767
25935,LOF,0.0637644573403135,0.028974408574708146,0.9072611340849784
25936,LOF,0.04579090768338797,0.014529632080827679,0.9396794602357843
25937,LOF,0.03061135881195074,0.02314585308212313,0.9462427881059261
25938,LOF,0.06209240026303741,0.03120839300950143,0.9066992067274612
25939,LOF,0.0383842651180632,0.010273967811022506,0.9513417670709142
25940,LOF,0.026590774142654594,0.34932810329250474,0.6240811225648406
25941,LOF,0.1668081344464922,0.0803300454872354,0.7528618200662723
25942,LOF,0.017499986261069585,0.03619240755336515,0.9463076061855653
25943,LOF,0.29546555971414235,0.06052555808818275,0.6440088821976748
25944,LOF,0.47567853830348894,0.03021121124502571,0.4941102504514854
25945,LOF,0.07617100172239595,0.024654810139996142,0.8991741881376079
25946,LOF,0.02710649982851753,0.13959016803374238,0.83330333213774
25947,LOF,0.12996288270988135,0.16407816583338353,0.705958951456735
25948,LOF,0.4670513286659211,0.018160507548168905,0.51478816378591
25949,LOF,0.09156779291777535,0.0726968722013749,0.8357353348808498
25950,GOF,0.28868624252177216,0.38425391532279574,0.3270598421554321
25951,LOF,0.2728863778547347,0.21991912480684,0.5071944973384254
25952,LOF,0.05395343706571295,0.4284842666322167,0.5175622963020704
25953,LOF,0.14859425386297295,0.1015212306750243,0.7498845154620027
25954,Neutral,0.46812036018172826,0.16707997299179406,0.3647996668264776
25955,LOF,0.062494843362654,0.0823331931776298,0.8551719634597164
25956,LOF,0.1932313002339033,0.06728160046531081,0.7394870993007858
25957,LOF,0.036654367512046954,0.026650866635344588,0.9366947658526086
25958,LOF,0.055532544692959394,0.03072187481602776,0.9137455804910127
25959,LOF,0.06544310133649021,0.3282749124461016,0.6062819862174084
25960,LOF,0.02245706931129097,0.06498077390666593,0.912562156782043
25961,LOF,0.04780041378719903,0.03914539842552023,0.9130541877872808
25962,LOF,0.05266460365328706,0.03214498073789689,0.9151904156088161
25963,LOF,0.0537454767559311,0.15819480800872254,0.7880597152353463
25964,LOF,0.031334891147485194,0.13524105921796903,0.8334240496345457
25965,LOF,0.42786699604066813,0.07352350981777345,0.4986094941415584
25966,Neutral,0.4420407560676012,0.1887028298468496,0.3692564140855493
25967,LOF,0.012942147585518163,0.07845646416531757,0.9086013882491643
25968,LOF,0.0352590570487904,0.4800935016511377,0.48464744130007176
25969,LOF,0.022052905696861864,0.06461621086711641,0.9133308834360216
25970,LOF,0.06453204994059406,0.06701709418099823,0.8684508558784076
25971,LOF,0.07329669240844695,0.01748977871647998,0.9092135288750731
25972,LOF,0.08141825899302832,0.027453518432230487,0.8911282225747412
25973,LOF,0.08126720695044586,0.008152417840162893,0.9105803752093913
25974,LOF,0.21846583340572953,0.022669284752917594,0.7588648818413529
25975,LOF,0.04914504084230194,0.03148211249283075,0.9193728466648672
25976,LOF,0.04819287449585872,0.01658998507784094,0.9352171404263003
25977,LOF,0.15442828109148907,0.08949836897206505,0.7560733499364459
25978,LOF,0.11865135637457479,0.06942414067648772,0.8119245029489375
25979,LOF,0.11790680819398036,0.06710148840677557,0.8149917033992441
25980,LOF,0.1363610972336383,0.09419373037766948,0.7694451723886923
25981,LOF,0.16790778274177065,0.09110375625422941,0.740988461004
25982,LOF,0.35802994695239465,0.05736561487987363,0.5846044381677318
25983,LOF,0.3590045074883464,0.05822654064868595,0.5827689518629676
25984,LOF,0.05084222743640633,0.08172553273377854,0.8674322398298151
25985,LOF,0.023035520070275387,0.2740500133010144,0.7029144666287102
25986,LOF,0.03146664070863835,0.29083315048398195,0.6777002088073798
25987,LOF,0.07360887617378284,0.08513872384483373,0.8412523999813835
25988,LOF,0.1172621205801148,0.08226609414685668,0.8004717852730285
25989,LOF,0.026851580375695745,0.15125169400634902,0.8218967256179551
25990,LOF,0.03373565176171445,0.181085756680311,0.7851785915579746
25991,GOF,0.20274331240058546,0.41500450442993697,0.38225218316947757
25992,Neutral,0.38715101831916904,0.23635856697130198,0.37649041470952904
25993,LOF,0.02391329634093707,0.09248857695427992,0.883598126704783
25994,LOF,0.015904405294788537,0.1431286322857198,0.8409669624194915
25995,LOF,0.02441818205305247,0.220450563513425,0.7551312544335226
25996,GOF,0.22864709858967147,0.6101068949673212,0.16124600644300732
25997,GOF,0.09832957480437234,0.5960840843239364,0.3055863408716913
25998,Neutral,0.5503544987128616,0.013826709634593832,0.43581879165254467
25999,LOF,0.13157643697391955,0.15751241286512527,0.7109111501609552
26000,LOF,0.15312583630586937,0.036576658126120966,0.8102975055680097
26001,LOF,0.1898291921603953,0.04159767641107417,0.7685731314285305
26002,LOF,0.1616058966115353,0.03773210669507853,0.8006619966933861
26003,GOF,0.008222978901811827,0.6473640577635688,0.34441296333461935
26004,GOF,0.022980004670558395,0.7239312167442812,0.2530887785851603
26005,GOF,0.007837639688429219,0.5345126282991451,0.45764973201242565
26006,Neutral,0.47817482690565893,0.29887605522043964,0.22294911787390143
26007,GOF,0.01616467023679618,0.5670794962642253,0.41675583349897855
26008,GOF,0.015964112197979354,0.6217103841545152,0.36232550364750543
26009,GOF,0.019937068612750145,0.6508340598749113,0.3292288715123386
26010,GOF,0.020101195568542906,0.6695583646526265,0.31034043977883063
26011,GOF,0.007013841737795569,0.5298030482824864,0.4631831099797181
26012,GOF,0.013664440131110891,0.6253522144308196,0.3609833454380696
26013,GOF,0.01599377913641499,0.6789571551415796,0.30504906572200535
26014,LOF,0.04253505988844532,0.1731489812080762,0.7843159589034784
26015,LOF,0.2541145568140742,0.015804884265237868,0.7300805589206879
26016,LOF,0.2451064880269189,0.06250955674117907,0.692383955231902
26017,LOF,0.1936680257910788,0.12030935553568564,0.6860226186732356
26018,LOF,0.08587710957287259,0.06377990554144554,0.8503429848856818
26019,LOF,0.08289323457105574,0.043416220474259484,0.8736905449546848
26020,LOF,0.05400347704625797,0.14584057896001523,0.8001559439937267
26021,LOF,0.04753725634725442,0.16426715528622488,0.7881955883665207
26022,LOF,0.01234843759049168,0.07032812378277996,0.9173234386267283
26023,LOF,0.12004919373718519,0.04078690353798212,0.8391639027248327
26024,LOF,0.028544745866217587,0.1465639397536119,0.8248913143801706
26025,LOF,0.14377629934253316,0.13596387565149143,0.7202598250059754
26026,LOF,0.308792308962611,0.028354982928954182,0.6628527081084348
26027,LOF,0.08318272695343694,0.03143344177989143,0.8853838312666715
26028,LOF,0.1684434347097899,0.08642807267352955,0.7451284926166806
26029,LOF,0.07768873738340315,0.1390743490491154,0.7832369135674815
26030,LOF,0.027133818100195328,0.050162474851697614,0.9227037070481071
26031,LOF,0.032853138101914744,0.11250685503352593,0.8546400068645593
26032,LOF,0.07153601121066275,0.05237011797900067,0.8760938708103366
26033,LOF,0.11944673175892019,0.061228673918968614,0.8193245943221111
26034,LOF,0.04891307568268,0.11997905521202333,0.8311078691052968
26035,LOF,0.03228942848101954,0.1034772512055356,0.8642333203134449
26036,LOF,0.048564537303371236,0.13041863427448855,0.8210168284221402
26037,LOF,0.027318540099287896,0.09034435120308472,0.8823371086976274
26038,LOF,0.06787674151993445,0.05051319561536372,0.8816100628647018
26039,LOF,0.06274298717754703,0.1086678980294346,0.8285891147930183
26040,LOF,0.21318913908995227,0.10002055785507231,0.6867903030549755
26041,LOF,0.027652710423610463,0.08267354828997978,0.8896737412864097
26042,LOF,0.027031742427922858,0.08269347666699374,0.8902747809050834
26043,LOF,0.06707103282494825,0.06148174001416241,0.8714472271608893
26044,LOF,0.02333185140023176,0.06109186970034413,0.9155762788994242
26045,LOF,0.08284085516468764,0.07654916920149081,0.8406099756338216
26046,LOF,0.07065825394352068,0.06443686994145605,0.8649048761150232
26047,LOF,0.10268165913338693,0.0726804005009607,0.8246379403656523
26048,LOF,0.052598603474971424,0.05170889688373539,0.8956924996412933
26049,Neutral,0.9555151581507276,0.006716333195599714,0.03776850865367268
26050,Neutral,0.9319269578649013,0.007645220436307279,0.06042782169879133
26051,LOF,0.05110098757214669,0.32935632674419313,0.6195426856836601
26052,LOF,0.08437010085937842,0.3228044020037422,0.5928254971368793
26053,LOF,0.06191159579325261,0.14954375190235855,0.7885446523043889
26054,LOF,0.05943225155769102,0.03773530141229246,0.9028324470300166
26055,LOF,0.07387776506407312,0.026101880975512463,0.9000203539604144
26056,LOF,0.0640675110259514,0.032284061306904595,0.903648427667144
26057,LOF,0.03231540554839075,0.014733861148729963,0.9529507333028793
26058,LOF,0.03258346355143486,0.013188379568241053,0.954228156880324
26059,LOF,0.28598450915102497,0.044112378093740245,0.6699031127552347
26060,LOF,0.031075868189826873,0.24725919818217476,0.7216649336279982
26061,LOF,0.019589708175658558,0.017968268476934956,0.9624420233474066
26062,LOF,0.012270220816833852,0.025409157825594313,0.9623206213575719
26063,LOF,0.022753519230190457,0.01683523250476345,0.9604112482650461
26064,LOF,0.02499664829921196,0.02368777988642458,0.9513155718143635
26065,LOF,0.026459790281095998,0.0177820361939415,0.9557581735249625
26066,LOF,0.021256621141668496,0.01647020930193342,0.962273169556398
26067,LOF,0.026609571790047092,0.010931656791437958,0.962458771418515
26068,LOF,0.04808817842899747,0.053673744307116994,0.8982380772638855
26069,LOF,0.2576959361935062,0.03760340833422115,0.7047006554722727
26070,LOF,0.39327825984849024,0.02438386145570322,0.5823378786958064
26071,LOF,0.023284599020087803,0.0176236687961865,0.9590917321837258
26072,LOF,0.023369492444759065,0.026043180930269864,0.950587326624971
26073,LOF,0.02442252443629641,0.016820041453497653,0.958757434110206
26074,Neutral,0.912092590760443,0.007786813613035291,0.08012059562652173
26075,LOF,0.04404646583826822,0.0234222327262054,0.9325313014355264
26076,LOF,0.047368162159938665,0.01184062690681099,0.9407912109332505
26077,LOF,0.010602355272154775,0.024350287467993528,0.9650473572598517
26078,LOF,0.015366716791279059,0.016161857365747927,0.9684714258429731
26079,LOF,0.05839527144691812,0.028901173103876566,0.9127035554492053
26080,LOF,0.05675003958387179,0.02898206380635305,0.9142678966097753
26081,LOF,0.03737224483144805,0.009450976509396464,0.9531767786591554
26082,LOF,0.0194565027673214,0.02656323493017168,0.953980262302507
26083,LOF,0.1390777610548335,0.020226918905888406,0.8406953200392782
26084,LOF,0.028343654878796542,0.02011501458932979,0.9515413305318737
26085,LOF,0.02329816624409293,0.019032066980847556,0.9576697667750595
26086,LOF,0.025735143061473918,0.016008861530748965,0.9582559954077772
26087,LOF,0.0259306213150308,0.010457282837876829,0.9636120958470924
26088,LOF,0.018741671671008993,0.02887082424669738,0.9523875040822938
26089,LOF,0.044072073759788395,0.03902977114267541,0.9168981550975362
26090,LOF,0.043569548752869704,0.0317005402644687,0.9247299109826616
26091,LOF,0.041941137226090615,0.009070064572207588,0.9489887982017018
26092,LOF,0.027523481685441185,0.012625881127156693,0.9598506371874023
26093,LOF,0.039785221699045824,0.009066246843099188,0.951148531457855
26094,LOF,0.04172570998310904,0.010171705471463623,0.9481025845454273
26095,LOF,0.05489104418197332,0.023372991113248736,0.921735964704778
26096,LOF,0.020105787272607985,0.019004431817170802,0.9608897809102211
26097,LOF,0.01042092667970054,0.05820885179107992,0.9313702215292196
26098,LOF,0.07471846035105802,0.020951678992204938,0.9043298606567372
26099,LOF,0.02531780031493689,0.02092862141965682,0.9537535782654062
26100,LOF,0.027216743702579996,0.019128058153395834,0.9536551981440241
26101,LOF,0.058217859546766254,0.020757536451445156,0.9210246040017885
26102,LOF,0.02653583756118424,0.020202870668962626,0.9532612917698532
26103,Neutral,0.8869613985305991,0.032030310748638144,0.0810082907207628
26104,LOF,0.06772702861521245,0.05474171458572883,0.8775312567990586
26105,LOF,0.2356366595742972,0.257861711137605,0.5065016292880978
26106,LOF,0.1694519926764245,0.15931383308501654,0.6712341742385589
26107,LOF,0.23981201814472403,0.09607154988072959,0.6641164319745464
26108,LOF,0.23266543398318987,0.1337589508056935,0.6335756152111167
26109,LOF,0.07188338075201442,0.14706283307596765,0.7810537861720179
26110,LOF,0.27998520826269385,0.007658893495838379,0.7123558982414678
26111,LOF,0.4640513606107922,0.01938220964558948,0.5165664297436183
26112,LOF,0.03280865001465372,0.007993508548484081,0.9591978414368623
26113,LOF,0.05287502533747258,0.016232682727681243,0.9308922919348462
26114,LOF,0.02307209175265298,0.017655243672293697,0.9592726645750532
26115,LOF,0.0890229344010557,0.03459594697740936,0.8763811186215349
26116,LOF,0.05679554607314697,0.025056995531279443,0.9181474583955737
26117,LOF,0.4126693768499052,0.06017777334795361,0.5271528498021412
26118,LOF,0.04198239442408403,0.030873872476833267,0.9271437330990826
26119,LOF,0.0235420911084667,0.04210771047767902,0.9343501984138544
26120,LOF,0.02983112609216032,0.026546898809682157,0.9436219750981575
26121,LOF,0.05877700017986137,0.08574818389521546,0.8554748159249231
26122,LOF,0.05045149013487631,0.04306851688864208,0.9064799929764816
