feature0,prediction,LoGoFunc_Neutral,LoGoFunc_GOF,LoGoFunc_LOF
25546,Neutral,0.610934480815505,0.06073748393328262,0.3283280352512122
25547,Neutral,0.4736437729806405,0.11065484028202358,0.4157013867373359
25548,Neutral,0.47527288320290395,0.0930480830217532,0.431679033775343
25549,LOF,0.39831705544691676,0.09714363527712622,0.5045393092759569
25550,LOF,0.34602154462123724,0.12949518495381807,0.5244832704249447
25551,LOF,0.2810328220127818,0.14872710982346873,0.5702400681637494
25552,LOF,0.24959715680915215,0.1515032589671351,0.5988995842237128
25553,Neutral,0.7905952616560175,0.05408643865322198,0.1553182996907606
25554,LOF,0.2860481718980201,0.13960902141236547,0.5743428066896145
25555,LOF,0.2432687440980944,0.13109779453127754,0.625633461370628
25556,Neutral,0.4503615545453884,0.1136708192022886,0.435967626252323
25557,LOF,0.24097527061167484,0.1371575820784919,0.6218671473098333
25558,LOF,0.2917923775817709,0.1322484282099111,0.575959194208318
25559,LOF,0.21256354236615893,0.11108503407861164,0.6763514235552295
25560,LOF,0.13032990976676265,0.1390816867564096,0.7305884034768277
25561,LOF,0.1273459757875117,0.17751625595437268,0.6951377682581155
25562,LOF,0.04890788855472842,0.1148278980047219,0.8362642134405496
25563,LOF,0.014667143819378012,0.16243190408686128,0.8229009520937607
25564,LOF,0.12650253925013458,0.14656534650928874,0.7269321142405766
25565,LOF,0.20573467400216572,0.11858060228649955,0.6756847237113348
25566,GOF,0.060488479040318156,0.6995312616624568,0.23998025929722494
25567,LOF,0.040403570967618645,0.16931999913144924,0.790276429900932
25568,LOF,0.061542221253514044,0.08125150275298823,0.8572062759934977
25569,LOF,0.06235317365177783,0.07364193728979251,0.8640048890584296
25570,LOF,0.03152701568675726,0.11169622812370582,0.8567767561895369
25571,LOF,0.03111965401230028,0.12641731937732123,0.8424630266103784
25572,LOF,0.06348051905356537,0.14012380814495434,0.7963956728014802
25573,LOF,0.053830776950165526,0.10713264594869913,0.8390365771011354
25574,LOF,0.0564199384080314,0.25001319197668054,0.693566869615288
25575,LOF,0.025708387292555784,0.13427731058829193,0.8400143021191524
25576,LOF,0.029614485470544544,0.1761321974629298,0.7942533170665257
25577,LOF,0.03356286211892728,0.12382693217867329,0.8426102057023995
25578,LOF,0.298220321005624,0.10716720258917566,0.5946124764052003
25579,LOF,0.1933035703288367,0.1016354614507118,0.7050609682204515
25580,LOF,0.021632900014373145,0.08664772253070284,0.891719377454924
25581,LOF,0.05191367759881177,0.07741599999105883,0.8706703224101294
25582,LOF,0.05169301727659902,0.07541169038738392,0.872895292336017
25583,LOF,0.025380839519702054,0.09435842993424032,0.8802607305460577
25584,Neutral,0.6825865399003268,0.15590296902520395,0.16151049107446921
25585,LOF,0.02231829394696169,0.15631380188468036,0.821367904168358
25586,LOF,0.018009876071722098,0.08812922719521049,0.8938608967330673
25587,LOF,0.0182292960937185,0.07783885974311613,0.9039318441631653
25588,LOF,0.021752226227616876,0.08882387048240113,0.889423903289982
25589,Neutral,0.4863980421554316,0.3022476366718201,0.2113543211727484
25590,LOF,0.04961830015776328,0.1371492830018892,0.8132324168403476
25591,LOF,0.08701389431416744,0.06690201189461147,0.846084093791221
25592,LOF,0.06076691931609074,0.19124294029907207,0.7479901403848371
25593,LOF,0.10429827907947888,0.3415985381559296,0.5541031827645914
25594,LOF,0.04996692913214879,0.07126075318847919,0.878772317679372
25595,LOF,0.046277472529112886,0.04595764896221592,0.9077648785086713
25596,LOF,0.109001804909902,0.02390760012771422,0.8670905949623838
25597,LOF,0.08290290708748098,0.030041503150181743,0.8870555897623373
25598,LOF,0.0482331883828095,0.04679588621509795,0.9049709254020925
25599,LOF,0.024982794775459508,0.39140263095187916,0.5836145742726613
25600,LOF,0.21698021143425184,0.3750570629671179,0.40796272559863034
25601,LOF,0.04674224773559917,0.3130043791508016,0.6402533731135992
25602,LOF,0.03380139058470224,0.07682794298232903,0.8893706664329687
25603,LOF,0.03883764123735664,0.044905928785494015,0.9162564299771493
25604,LOF,0.042900734165795276,0.09052508346573863,0.8665741823684662
25605,LOF,0.035320465109570556,0.1871238920961158,0.7775556427943137
25606,LOF,0.4015457686686503,0.1285204306109893,0.4699338007203604
25607,LOF,0.029053178893416277,0.18664376032453048,0.7843030607820533
25608,LOF,0.03600617177616877,0.10775486579557202,0.8562389624282591
25609,GOF,0.123494715853046,0.5457780313407361,0.33072725280621795
25610,LOF,0.01478379079897726,0.0441009355618655,0.9411152736391571
25611,LOF,0.013089997390531882,0.05132554084602698,0.935584461763441
25612,LOF,0.047211351509365354,0.055738545705703885,0.8970501027849308
25613,LOF,0.042242439626578504,0.055183211440118264,0.9025743489333032
25614,LOF,0.022302001984954276,0.04090557788137874,0.9367924201336669
25615,LOF,0.0434617854642822,0.05411291589784563,0.9024252986378722
25616,LOF,0.04884650235696143,0.04394829418399997,0.9072052034590387
25617,LOF,0.03940063068976098,0.050695394734948905,0.9099039745752902
25618,LOF,0.04742595357744821,0.064444802128275,0.8881292442942768
25619,LOF,0.012883503682343615,0.05469048258280447,0.9324260137348519
25620,LOF,0.05651184156707969,0.05968330850573368,0.8838048499271866
25621,LOF,0.05736664744308903,0.054746178958709306,0.8878871735982016
25622,LOF,0.06454505358886009,0.06706024851978591,0.8683946978913539
25623,LOF,0.06702673123952972,0.04423591307988906,0.8887373556805812
25624,LOF,0.018176257541898787,0.05306581465069011,0.9287579278074111
25625,LOF,0.060740112301582855,0.05737856437641623,0.8818813233220009
25626,LOF,0.04867040028609738,0.051555127157156364,0.8997744725567463
25627,Neutral,0.8865846593763511,0.01819780777665186,0.09521753284699698
25628,LOF,0.1598010884888629,0.05758003573885338,0.7826188757722837
25629,LOF,0.0735356424895762,0.03975558449227253,0.8867087730181512
25630,LOF,0.2816354223130506,0.05819499522187098,0.6601695824650784
25631,Neutral,0.568891524388453,0.05814345875924147,0.3729650168523053
25632,LOF,0.02628722256266599,0.06383995300447419,0.9098728244328598
25633,LOF,0.20566188185700024,0.035903846023481005,0.7584342721195187
25634,LOF,0.03741381944910386,0.07958060346972906,0.883005577081167
25635,LOF,0.03591031619859705,0.03854803672858584,0.9255416470728172
25636,LOF,0.03712247292920468,0.45093447774719475,0.5119430493236006
25637,GOF,0.05289804309320039,0.49964267568723253,0.44745928121956713
25638,LOF,0.028502352246937222,0.4080665967086089,0.5634310510444539
25639,LOF,0.029197496144093005,0.43340035902115187,0.5374021448347551
25640,Neutral,0.8544250099613658,0.09748556845696774,0.04808942158166635
25641,LOF,0.07335915565059213,0.43307700110937086,0.49356384324003716
25642,LOF,0.06441286775371356,0.16544064626234314,0.7701464859839433
25643,LOF,0.23742782687617578,0.1359072038884205,0.6266649692354037
25644,GOF,0.013022051903425006,0.5330436348530866,0.4539343132434884
25645,LOF,0.01715086674815655,0.4730644818426264,0.5097846514092171
25646,LOF,0.04022230914673757,0.34745506719747704,0.6123226236557853
25647,LOF,0.016938841620856078,0.2808629055469953,0.7021982528321485
25648,LOF,0.019495347041773553,0.2951031090092586,0.6854015439489679
25649,LOF,0.012114634439060483,0.23659705834970435,0.7512883072112352
25650,LOF,0.032945744899551314,0.4337185943679254,0.5333356607325233
25651,LOF,0.01302946940230612,0.28405351199248113,0.7029170186052127
25652,LOF,0.021548905771528012,0.27672677137062884,0.7017243228578431
25653,LOF,0.05113258488786459,0.46576558732734175,0.48310182778479366
25654,LOF,0.013380768171058974,0.2177140528278738,0.7689051790010673
25655,GOF,0.16142670533768863,0.4209212529256268,0.4176520417366845
25656,LOF,0.3341677980071136,0.14534978177089566,0.5204824202219908
25657,LOF,0.054366459582689285,0.12093967634032657,0.8246938640769842
25658,LOF,0.3055941661532576,0.12982299171355338,0.5645828421331891
25659,Neutral,0.4314106916034043,0.14651611802658385,0.42207319037001184
25660,LOF,0.02316623978020646,0.10162232439485369,0.8752114358249399
25661,LOF,0.09475214354922305,0.060997431554981586,0.8442504248957955
25662,LOF,0.03436326253027638,0.035266985414971266,0.9303697520547525
25663,LOF,0.041751731391255646,0.04500112022799604,0.9132471483807484
25664,LOF,0.1392596453019896,0.07132408974517795,0.7894162649528325
25665,LOF,0.06420081544464726,0.02858573136481596,0.9072134531905368
25666,LOF,0.09794698801462351,0.06751637894597326,0.8345366330394033
25667,LOF,0.06979012814829946,0.04418538936288978,0.8860244824888108
25668,LOF,0.03695564625283956,0.04989909197062478,0.9131452617765355
25669,LOF,0.030506655620423342,0.04639824211652695,0.9230951022630498
25670,LOF,0.14216218075695874,0.06585877736503978,0.7919790418780014
25671,LOF,0.11883461541466771,0.036064162543584646,0.8451012220417475
25672,LOF,0.05472929372498704,0.04283084465045347,0.9024398616245595
25673,LOF,0.08024574038728342,0.05739572992972979,0.8623585296829867
25674,LOF,0.06822166626429052,0.07255925357109744,0.859219080164612
25675,LOF,0.10267549126859585,0.07371569221246152,0.8236088165189427
25676,LOF,0.01929597355223711,0.0553457426699546,0.9253582837778083
25677,LOF,0.025481197360749733,0.07095820237081743,0.9035606002684329
25678,LOF,0.19066013388568112,0.08377649644646193,0.725563369667857
25679,LOF,0.12744809442225566,0.08850065947682395,0.7840512461009204
25680,LOF,0.03733042558906209,0.11537173688533373,0.8472978375256042
25681,LOF,0.05596652696308104,0.10980839513963085,0.8342250778972882
25682,LOF,0.14331294472498007,0.08179276954642625,0.7748942857285936
25683,LOF,0.11823936343116481,0.09006075436300136,0.7916998822058338
25684,LOF,0.040011745640432014,0.07258756423087909,0.8874006901286889
25685,LOF,0.14177454532093747,0.06890699300423121,0.7893184616748313
25686,LOF,0.08735124217151345,0.10787811687061291,0.8047706409578737
25687,LOF,0.1343942045757365,0.11018700848893069,0.7554187869353329
25688,LOF,0.4321385131679899,0.040328987956988305,0.5275324988750217
25689,LOF,0.2725972270471207,0.04647993456233348,0.6809228383905458
25690,LOF,0.3404396501196036,0.036609764651569884,0.6229505852288264
25691,Neutral,0.7093153065172396,0.03143495173227153,0.2592497417504889
25692,LOF,0.33380083043675407,0.01171615313719618,0.6544830164260497
25693,LOF,0.04400482643312944,0.43109677444915456,0.524898399117716
25694,LOF,0.11648583860469708,0.020951404279387607,0.8625627571159153
25695,LOF,0.11284728695246261,0.01663023619226345,0.8705224768552741
25696,LOF,0.11063545987372311,0.01264339813648309,0.8767211419897939
25697,LOF,0.09097449199740201,0.055395643287244827,0.8536298647153532
25698,LOF,0.33123865131797514,0.1570271501586653,0.5117341985233596
25699,Neutral,0.539672514207802,0.03226458108873974,0.42806290470345815
25700,LOF,0.09297491820737276,0.007253166241926223,0.899771915550701
25701,LOF,0.21440263180049407,0.0386062194570166,0.7469911487424894
25702,GOF,0.18274842908537597,0.5942081211443144,0.22304344977030954
25703,LOF,0.016428355675429007,0.1336089838920333,0.8499626604325377
25704,LOF,0.04053744486364725,0.09784841462870013,0.8616141405076527
25705,LOF,0.04715172300363824,0.14543231637643672,0.807415960619925
25706,LOF,0.13688238809708736,0.424371793529119,0.4387458183737936
25707,LOF,0.09431479322141545,0.3541436599440302,0.5515415468345545
25708,LOF,0.042960102453046524,0.3124665127147404,0.644573384832213
25709,LOF,0.06837398400413748,0.04419595286886241,0.8874300631270002
25710,LOF,0.01259978574276359,0.14230953798618493,0.8450906762710514
25711,LOF,0.02262458701011654,0.09267238157178027,0.8847030314181031
25712,LOF,0.015060108836366541,0.17432218060616136,0.810617710557472
25713,LOF,0.019421281726904677,0.08563481759762627,0.894943900675469
25714,LOF,0.0763471667734688,0.07526370049559696,0.8483891327309342
25715,LOF,0.011993841092417273,0.12968295541891312,0.8583232034886696
25716,LOF,0.010860035558959149,0.1106543192870795,0.8784856451539613
25717,LOF,0.015969975101256813,0.07295036620016988,0.9110796586985734
25718,LOF,0.011992835343762723,0.08731861036342338,0.9006885542928139
25719,LOF,0.02198338239376947,0.07275092702128241,0.9052656905849481
25720,LOF,0.026295055181917715,0.06549750744561648,0.9082074373724659
25721,LOF,0.01356831159344874,0.12609513907482023,0.8603365493317311
25722,LOF,0.014234543056640379,0.11432062676615894,0.8714448301772008
25723,LOF,0.024908258193694324,0.04449726628066141,0.9305944755256442
25724,LOF,0.03168983479169223,0.0791821687134854,0.8891279964948224
25725,LOF,0.012186670610299273,0.07204421403515054,0.9157691153545503
25726,LOF,0.016493667819280296,0.10599091599887361,0.877515416181846
25727,LOF,0.012956285490634123,0.07758874987172362,0.9094549646376423
25728,LOF,0.010357722567841406,0.1102942044868783,0.8793480729452804
25729,LOF,0.010775120286161033,0.1043099027713749,0.8849149769424641
25730,LOF,0.01382346682557355,0.10325193414339234,0.8829245990310342
25731,LOF,0.023602747815132358,0.09817262923943706,0.8782246229454306
25732,LOF,0.013836913579419763,0.07612809310455224,0.910034993316028
25733,LOF,0.017111009846285115,0.06771780945547677,0.9151711806982381
25734,LOF,0.011559636768635674,0.1136886364883374,0.8747517267430269
25735,LOF,0.012187785698394958,0.08062520024717942,0.9071870140544257
25736,LOF,0.013209083760283187,0.09905616738426304,0.8877347488554539
25737,LOF,0.012004251534242488,0.07823528757614237,0.9097604608896153
25738,LOF,0.012188396449573962,0.10076750853297446,0.8870440950174515
25739,LOF,0.021941885335889307,0.0804080717116775,0.8976500429524332
25740,LOF,0.02900991943042269,0.11806798945184234,0.852922091117735
25741,LOF,0.016277800453547705,0.1074028239177781,0.8763193756286741
25742,LOF,0.12381489035824986,0.07355050644805043,0.8026346031936997
25743,LOF,0.03696871315591323,0.05497810623992625,0.9080531806041605
25744,Neutral,0.5872966087894956,0.23718592049311749,0.17551747071738694
25745,LOF,0.06847060816653047,0.08072723094097106,0.8508021608924984
25746,LOF,0.04063498162160399,0.10975605244119777,0.8496089659371983
25747,LOF,0.020384330713212388,0.06867352188440465,0.910942147402383
25748,LOF,0.11471578638339187,0.11194016785757334,0.7733440457590348
25749,LOF,0.025369311175893507,0.10155518994234244,0.8730754988817641
25750,LOF,0.06568444745890836,0.10211247673408902,0.8322030758070026
25751,LOF,0.09641023355069249,0.12664504620580103,0.7769447202435065
25752,GOF,0.11668729123213645,0.6221208940851419,0.2611918146827215
25753,LOF,0.02431661018577277,0.30001051414820284,0.6756728756660245
25754,GOF,0.013904987697045533,0.7985815453595716,0.18751346694338294
25755,LOF,0.02473162412415482,0.39410278135877497,0.5811655945170702
25756,LOF,0.0520482681393157,0.37269926502918654,0.5752524668314978
25757,GOF,0.01941200339472398,0.8568266908989209,0.12376130570635507
25758,GOF,0.03228343639005132,0.7840241465261473,0.1836924170838014
25759,GOF,0.011675504848917722,0.6021664364701858,0.3861580586808965
25760,LOF,0.015100586437191681,0.28843335923007135,0.696466054332737
25761,GOF,0.2874980011955966,0.6140118725151252,0.09849012628927803
25762,LOF,0.04856273809839968,0.2641074484172806,0.6873298134843198
25763,LOF,0.015761103735820358,0.2086151828784386,0.7756237133857411
25764,GOF,0.08555992416085466,0.614828554144331,0.2996115216948144
25765,GOF,0.0397217422161989,0.717682468674261,0.24259578910954022
25766,GOF,0.06761013302431715,0.7521569537236493,0.18023291325203344
25767,GOF,0.1401084940788888,0.5961015908824463,0.263789915038665
25768,LOF,0.10454677045825092,0.06197773384933547,0.8334754956924135
25769,LOF,0.0500689541157113,0.07210807918223765,0.8778229667020511
25770,LOF,0.29930600929949536,0.13192721893560327,0.5687667717649014
25771,LOF,0.04582391681604392,0.06567072076719987,0.8885053624167563
25772,LOF,0.01869545657849691,0.051766414953848296,0.9295381284676548
25773,LOF,0.04769986912382151,0.1076283377720008,0.8446717931041776
25774,LOF,0.027000169661866365,0.10482985099266005,0.8681699793454735
25775,LOF,0.049280930181419026,0.06410309110124512,0.8866159787173358
25776,LOF,0.06912289379739206,0.03469897967252728,0.8961781265300807
25777,LOF,0.3391277777279069,0.08769982867212103,0.5731723935999721
25778,LOF,0.0646017693579028,0.055801763119049205,0.8795964675230479
25779,GOF,0.4086138335726914,0.548895653066474,0.04249051336083456
25780,GOF,0.3385061341171803,0.5851181814035603,0.07637568447925942
25781,GOF,0.14334270957815376,0.7479058294844674,0.10875146093737885
25782,GOF,0.23379418687868134,0.6821350079547917,0.08407080516652714
25783,GOF,0.023307244990292058,0.6287938689324964,0.3478988860772114
25784,Neutral,0.5297008782984272,0.42894282884248236,0.041356292859090496
25785,Neutral,0.5366384997860951,0.4265460226868371,0.036815477527067784
25786,GOF,0.03587052376315635,0.778334065781603,0.1857954104552405
25787,Neutral,0.7066502010876348,0.26955516536077145,0.023794633551593773
25788,LOF,0.060604277992767415,0.08435384808331359,0.8550418739239191
25789,GOF,0.23792439052210768,0.6120058480767363,0.15006976140115608
25790,GOF,0.24961582580780514,0.6539392360871324,0.09644493810506244
25791,GOF,0.1628671962560872,0.6764560115368778,0.160676792207035
25792,GOF,0.3866797733335319,0.4913750832781689,0.12194514338829904
25793,GOF,0.2888930882656596,0.5084653978227108,0.2026415139116295
25794,GOF,0.33285366417547596,0.48417728825282225,0.18296904757170188
25795,GOF,0.08797572965155502,0.6861769677614414,0.22584730258700345
25796,Neutral,0.5682834703744221,0.33702691233318305,0.09468961729239497
25797,GOF,0.10420609310235451,0.5371960051114268,0.35859790178621864
25798,GOF,0.009441055095297088,0.5462990376321923,0.44425990727251063
25799,LOF,0.007546558222458869,0.43633422572217595,0.5561192160553651
25800,GOF,0.039581504964597745,0.6069373551024736,0.3534811399329286
25801,GOF,0.25192254696548716,0.6353959624162577,0.11268149061825512
25802,GOF,0.07096780774751574,0.6975609283597325,0.23147126389275186
25803,GOF,0.039406238048713925,0.578761264669049,0.381832497282237
25804,GOF,0.04479386522805722,0.5299369902650137,0.4252691445069291
25805,GOF,0.1322077703820055,0.5788261206799719,0.2889661089380226
25806,GOF,0.13768253510921402,0.5732814802860962,0.2890359846046899
25807,GOF,0.022124712947278198,0.6207798654364166,0.3570954216163052
25808,GOF,0.11703294810262886,0.5946297240281443,0.2883373278692269
25809,GOF,0.02092311174672288,0.6108771564550886,0.36819973179818843
25810,GOF,0.020473358200442247,0.6114858100225632,0.36804083177699465
25811,Neutral,0.487054000093494,0.4363001314871367,0.07664586841936928
25812,GOF,0.041174642724159445,0.6248174697604295,0.3340078875154111
25813,Neutral,0.5707837613999375,0.3217176028413868,0.10749863575867573
25814,GOF,0.14345137535241986,0.6154885596441673,0.24106006500341284
25815,GOF,0.20946006196880498,0.5827586975124253,0.20778124051876978
25816,GOF,0.022996074654658506,0.6814751788640951,0.2955287464812464
25817,GOF,0.2676096335439439,0.5798039988488071,0.15258636760724917
25818,GOF,0.05093114122509682,0.5826377579415314,0.3664311008333718
25819,GOF,0.39672219583893537,0.4371600247671344,0.1661177793939302
25820,GOF,0.20323479003886555,0.5490712295851705,0.24769398037596393
25821,GOF,0.05757562126168707,0.6316584666860007,0.31076591205231224
25822,GOF,0.24226452323465913,0.5208215156320728,0.23691396113326807
25823,GOF,0.03636134243758099,0.49691490082464285,0.46672375673777616
25824,GOF,0.08292595764326219,0.5212667933982713,0.39580724895846653
25825,GOF,0.03402371686245543,0.5303636517367357,0.43561263140080886
25826,GOF,0.012262031468135964,0.5224544278160743,0.4652835407157898
25827,GOF,0.024092980644744032,0.5639850277477065,0.4119219916075495
25828,LOF,0.013546865834883823,0.48932171393362295,0.4971314202314932
25829,GOF,0.006918898986453835,0.5448171178676208,0.44826398314592536
25830,LOF,0.04308849246712536,0.2592548232780291,0.6976566842548455
25831,GOF,0.23781567837612716,0.6208319277818745,0.14135239384199835
25832,GOF,0.03357621252050364,0.6709778997320638,0.2954458877474327
25833,GOF,0.14494974944816502,0.6670162591159325,0.1880339914359024
25834,GOF,0.038310018854468685,0.676198505446831,0.2854914756987002
25835,GOF,0.0908773471742385,0.6962829337727264,0.21283971905303503
25836,GOF,0.045887645171937594,0.6435004382255913,0.31061191660247117
25837,GOF,0.02474598765816942,0.5630602224208228,0.4121937899210079
25838,GOF,0.0834810145195545,0.7400657492802253,0.17645323620022024
25839,GOF,0.3079153678578202,0.5588703351166207,0.13321429702555915
25840,GOF,0.2498066939013918,0.5784253312562,0.17176797484240824
25841,GOF,0.25796444515427913,0.5734780938882659,0.16855746095745505
25842,GOF,0.2217857662969203,0.6236854861833511,0.15452874751972856
25843,GOF,0.25550707286820684,0.6347383742486246,0.1097545528831687
25844,GOF,0.0671407480788032,0.6734223193340503,0.2594369325871465
25845,GOF,0.014511094331479372,0.5189825643727616,0.466506341295759
25846,GOF,0.12853124781014463,0.6919514197260983,0.17951733246375712
25847,GOF,0.14423143622146767,0.7259531266529831,0.12981543712554927
25848,GOF,0.04073323668656865,0.6938990670690599,0.26536769624437145
25849,GOF,0.010902440454691022,0.5819472010315799,0.40715035851372905
25850,GOF,0.02301643012364696,0.6497403697917334,0.32724320008461966
25851,GOF,0.017742922184485702,0.5444192853413874,0.43783779247412696
25852,GOF,0.19655270462488836,0.5412290391732442,0.26221825620186745
25853,GOF,0.395946116294558,0.5236352220506837,0.08041866165475835
25854,GOF,0.02144453913336648,0.6119537627842597,0.36660169808237386
25855,GOF,0.0378707960070021,0.5716767495078453,0.39045245448515264
25856,GOF,0.25631231849141684,0.5166077053287643,0.22707997617981887
25857,GOF,0.03528269714067962,0.4945943914954786,0.4701229113638418
25858,GOF,0.017848794876592685,0.5620047469730303,0.42014645815037716
25859,GOF,0.010771935718542442,0.5457874359784176,0.44344062830304
25860,GOF,0.402294543486758,0.5136281249243951,0.0840773315888468
25861,GOF,0.44686148898996414,0.46609198200158486,0.08704652900845089
25862,GOF,0.10433408949905518,0.7425697071145069,0.15309620338643798
25863,GOF,0.1126929070039663,0.7449850592073266,0.14232203378870723
25864,GOF,0.2779913339698273,0.6420023144581892,0.0800063515719835
25865,GOF,0.11398299857434639,0.7512120795608755,0.13480492186477805
25866,GOF,0.0823778287908886,0.7778096468025077,0.13981252440660377
25867,GOF,0.1133467828332771,0.781547682172527,0.10510553499419596
25868,GOF,0.3021089298926558,0.6020946323936648,0.0957964377136793
25869,Neutral,0.714148290694926,0.24645365526768748,0.0393980540373866
25870,LOF,0.3517317696874639,0.2745356113549035,0.37373261895763266
25871,GOF,0.24573488662432844,0.5984815951784525,0.15578351819721917
25872,GOF,0.10393909007734742,0.6183034201152684,0.2777574898073843
25873,GOF,0.17607822230632325,0.6112201709790944,0.21270160671458224
25874,LOF,0.0200005552085694,0.10196836792502971,0.8780310768664009
25875,LOF,0.11039635020969399,0.03320466270102552,0.8563989870892804
25876,LOF,0.03706609418217916,0.039731503273179807,0.9232024025446411
25877,Neutral,0.5321296459132556,0.037842896017170474,0.43002745806957393
25878,LOF,0.24237468452110836,0.07159032356050674,0.686034991918385
25879,LOF,0.09974856189873178,0.06943961966403599,0.8308118184372322
25880,LOF,0.024630350870855654,0.01951001533953838,0.955859633789606
25881,LOF,0.19300480571329232,0.11253338072973014,0.6944618135569774
25882,LOF,0.07244271471737071,0.017066849093155343,0.9104904361894739
25883,LOF,0.08472515308838069,0.017835054129901575,0.8974397927817177
25884,LOF,0.03913356504797152,0.02972579575232509,0.9311406391997034
25885,LOF,0.06952892916146106,0.010203088303721977,0.920267982534817
25886,LOF,0.34184167378371694,0.028142022885745677,0.6300163033305375
25887,LOF,0.16825152601334842,0.05851555966496194,0.7732329143216896
25888,LOF,0.07329803013301298,0.05730894541948421,0.8693930244475029
25889,LOF,0.050045814317149225,0.021421033831226868,0.928533151851624
25890,LOF,0.05094861761380957,0.12382950016413548,0.8252218822220551
25891,LOF,0.0409509458658247,0.04365517024509675,0.9153938838890785
25892,LOF,0.10738162966346354,0.016267719691449894,0.8763506506450865
25893,LOF,0.29240471312692445,0.012047247697564413,0.6955480391755112
25894,LOF,0.20022101124643998,0.0063677292447076725,0.7934112595088523
25895,LOF,0.2153553023037029,0.014457986158846756,0.7701867115374503
25896,LOF,0.051868993893985735,0.013222668687533053,0.9349083374184813
25897,LOF,0.275583158978016,0.008527823565329825,0.7158890174566541
25898,Neutral,0.7131325665396469,0.006996387618045362,0.2798710458423079
25899,LOF,0.2579550181400574,0.01640377358541105,0.7256412082745315
25900,LOF,0.441272541212585,0.01149822079261428,0.5472292379948007
25901,LOF,0.06540312193037975,0.007980749834590718,0.9266161282350295
25902,LOF,0.1958250960217807,0.008207854814876191,0.795967049163343
25903,Neutral,0.5415726808399478,0.022316405249995695,0.4361109139100566
25904,LOF,0.31867607565362044,0.027823919147919537,0.6535000051984601
25905,LOF,0.025442530216654366,0.3143802644967403,0.6601772052866053
25906,LOF,0.024217683806105613,0.0654558889036752,0.9103264272902192
25907,LOF,0.015465821587119592,0.3134118132194811,0.6711223651933993
25908,LOF,0.010771686069713802,0.21265223810081357,0.7765760758294726
25909,LOF,0.014347470054349,0.12199293266192884,0.8636595972837222
25910,LOF,0.04626264869428093,0.12929680311812716,0.8244405481875919
25911,LOF,0.13115448944573752,0.047008582338592945,0.8218369282156696
25912,LOF,0.04455519024926413,0.06011507239509056,0.8953297373556454
25913,LOF,0.32307603801189144,0.030181394527265804,0.6467425674608428
25914,LOF,0.022369676099533012,0.10818091552888189,0.8694494083715851
25915,Neutral,0.4201336012028561,0.3263608030068091,0.25350559579033477
25916,LOF,0.0558246133288189,0.366613288429082,0.5775620982420991
25917,LOF,0.06271523625443086,0.06972699426920094,0.8675577694763682
25918,LOF,0.030637069270321407,0.07167653862459764,0.8976863921050809
25919,LOF,0.024791104229958207,0.0767213903892763,0.8984875053807656
25920,GOF,0.10116708995568703,0.4951481218709521,0.40368478817336095
25921,LOF,0.02977490537294704,0.02143572011329321,0.9487893745137597
25922,LOF,0.0401318070776278,0.014645728084467477,0.9452224648379046
25923,LOF,0.43804343381181876,0.015881433610765574,0.5460751325774157
25924,LOF,0.0416711295617357,0.031124737156553964,0.9272041332817104
25925,LOF,0.07392474246256735,0.018573227762740466,0.9075020297746922
25926,LOF,0.05351321576657415,0.014621559207406635,0.9318652250260192
25927,LOF,0.07828862184636386,0.06852684621290277,0.8531845319407334
25928,LOF,0.022876452269655775,0.029458956684658213,0.9476645910456859
25929,Neutral,0.5751933784649168,0.017311227727303553,0.4074953938077796
25930,LOF,0.06610241885946744,0.013684568376478782,0.9202130127640538
25931,LOF,0.03226257193671381,0.017287734332181413,0.9504496937311048
25932,LOF,0.031012980394364318,0.016751623688756042,0.9522353959168797
25933,LOF,0.04404694066923403,0.01042499366344146,0.9455280656673246
25934,LOF,0.02783330109008986,0.013137183510148687,0.9590295153997614
25935,LOF,0.07074886804189917,0.020960246865789466,0.9082908850923113
25936,LOF,0.05531805135341847,0.01552767448399679,0.9291542741625848
25937,LOF,0.027978174965531306,0.024591362055616614,0.947430462978852
25938,LOF,0.06776504237147106,0.023048942043972787,0.909186015584556
25939,LOF,0.04466637241758817,0.009526908867362448,0.9458067187150494
25940,LOF,0.02774288178843908,0.3358956607340085,0.6363614574775525
25941,LOF,0.17391383642087344,0.10890999808539199,0.7171761654937346
25942,LOF,0.017749089314741492,0.033192106614668475,0.94905880407059
25943,LOF,0.27083979108053685,0.06186954090104274,0.6672906680184204
25944,Neutral,0.49411727493671437,0.03142380425491943,0.47445892080836605
25945,LOF,0.0700327835068179,0.02106884493602677,0.9088983715571552
25946,LOF,0.0301148885187068,0.1043358269624732,0.8655492845188201
25947,LOF,0.1106348334462765,0.20392383175463905,0.6854413347990845
25948,LOF,0.41024124034080717,0.015206315337873214,0.5745524443213197
25949,LOF,0.10532958573210972,0.0690465980221563,0.825623816245734
25950,GOF,0.2952267981330574,0.43732617494593046,0.2674470269210122
25951,LOF,0.21970203235730806,0.22384028998230426,0.5564576776603877
25952,LOF,0.04871242237952665,0.4559086154733276,0.4953789621471457
25953,LOF,0.13975388795319021,0.1219108818884759,0.7383352301583338
25954,Neutral,0.4017931958741876,0.208225686596744,0.38998111752906833
25955,LOF,0.0597896106425329,0.09532826200902943,0.8448821273484377
25956,LOF,0.20382508089403886,0.09054266668575045,0.7056322524202107
25957,LOF,0.040880680702172205,0.034921825119054284,0.9241974941787736
25958,LOF,0.0627259085197594,0.025927684096253584,0.911346407383987
25959,LOF,0.06898608097375351,0.32548560023823847,0.6055283187880081
25960,LOF,0.01996495019319566,0.05110735618358384,0.9289276936232206
25961,LOF,0.051008154415838454,0.02881346592837512,0.9201783796557864
25962,LOF,0.05766542521292466,0.03362888025222366,0.9087056945348517
25963,LOF,0.05114209862676748,0.20152586888890206,0.7473320324843306
25964,LOF,0.0345192667491724,0.14531897938799632,0.8201617538628313
25965,LOF,0.41243027380648223,0.08027695546303863,0.5072927707304791
25966,LOF,0.39894975796661586,0.15018042523278327,0.4508698168006008
25967,LOF,0.012649491542845526,0.07268904210632056,0.914661466350834
25968,LOF,0.03364365177737842,0.45738344304867024,0.5089729051739513
25969,LOF,0.02328692470040158,0.0632172434930238,0.9134958318065747
25970,LOF,0.05588165140435341,0.05442761733265634,0.8896907312629903
25971,LOF,0.08300374367843659,0.014819590079804369,0.902176666241759
25972,LOF,0.08350781863412764,0.020360486220622635,0.8961316951452498
25973,LOF,0.11023918052552069,0.0058518501595885754,0.8839089693148906
25974,LOF,0.20515941461410497,0.014589745674561042,0.7802508397113339
25975,LOF,0.06442600398895558,0.019006955393980514,0.9165670406170638
25976,LOF,0.04604223258497388,0.010076162317538289,0.9438816050974878
25977,LOF,0.1582786982011074,0.0804012761164558,0.7613200256824368
25978,LOF,0.13676976943947539,0.04742168348251471,0.81580854707801
25979,LOF,0.13109089997403245,0.048150973597899514,0.820758126428068
25980,LOF,0.1904380658484506,0.0617981813277824,0.747763752823767
25981,LOF,0.2206624039828547,0.059939075203567393,0.719398520813578
25982,LOF,0.401671326361041,0.04274711858496313,0.5555815550539958
25983,LOF,0.38460441026893066,0.04114421628560807,0.5742513734454613
25984,LOF,0.052728968312493595,0.05533789598573448,0.891933135701772
25985,LOF,0.028961507442541386,0.2247216514088745,0.7463168411485841
25986,LOF,0.042346374175817214,0.2533222364897215,0.7043313893344613
25987,LOF,0.08264630055773732,0.07400628781608713,0.8433474116261755
25988,LOF,0.14192619248526198,0.062364472643905454,0.7957093348708326
25989,LOF,0.030598806144792875,0.11103180837849969,0.8583693854767075
25990,LOF,0.038585223215792205,0.13890406923366122,0.8225107075505467
25991,LOF,0.18887454510575152,0.2944391921436726,0.5166862627505758
25992,LOF,0.3497966480669145,0.18254373132429996,0.46765962060878546
25993,LOF,0.02281710583443845,0.09898596433748987,0.8781969298280717
25994,LOF,0.01642933406509309,0.1287013193653208,0.8548693465695861
25995,LOF,0.0260233739268025,0.21806331376636318,0.7559133123068345
25996,GOF,0.2891821415971878,0.5085255345494504,0.20229232385336177
25997,GOF,0.10579601382481925,0.5060218393242385,0.38818214685094216
25998,Neutral,0.5216711351683548,0.023503402408393232,0.45482546242325184
25999,LOF,0.14623172032754045,0.10225455828274645,0.7515137213897131
26000,LOF,0.18642736686842107,0.031681839008465794,0.7818907941231131
26001,LOF,0.18182219191649956,0.038599641847485607,0.7795781662360148
26002,LOF,0.15051521476455232,0.03490485527576897,0.8145799299596787
26003,GOF,0.011496579061764605,0.5684374861128902,0.4200659348253452
26004,GOF,0.027864620871939434,0.649589859156139,0.3225455199719215
26005,LOF,0.010369002216514685,0.4335429840319293,0.556088013751556
26006,Neutral,0.5459027246746394,0.21685097707479994,0.23724629825056073
26007,LOF,0.02244770601752644,0.4882091774724141,0.4893431165100596
26008,GOF,0.022016554737389803,0.5487077004848053,0.4292757447778048
26009,GOF,0.02772240397923492,0.5783310626233783,0.3939465333973867
26010,GOF,0.03047517662122582,0.6066860273257118,0.3628387960530624
26011,LOF,0.008803041927354864,0.4319253487123045,0.5592716093603406
26012,GOF,0.018157581382870918,0.5202755635149247,0.4615668551022044
26013,GOF,0.020097484796838507,0.5812029731152202,0.39869954208794145
26014,LOF,0.04566822223184,0.1395019677650412,0.8148298100031188
26015,LOF,0.20669290060692025,0.012603153257081593,0.7807039461359981
26016,LOF,0.26162780399006047,0.05562237195853165,0.6827498240514079
26017,LOF,0.244574364943119,0.09315460390558895,0.662271031151292
26018,LOF,0.1068732813355673,0.0473183334725868,0.8458083851918459
26019,LOF,0.10319795286116207,0.0350552217597408,0.8617468253790971
26020,LOF,0.06200892322013388,0.11632055587471964,0.8216705209051465
26021,LOF,0.04942238451284792,0.14455268700004473,0.8060249284871073
26022,LOF,0.011478320089408918,0.050694558757133974,0.9378271211534571
26023,LOF,0.12503869500482592,0.028806553166036232,0.8461547518291379
26024,LOF,0.030225386300488124,0.14942007121722786,0.820354542482284
26025,LOF,0.15588431568480743,0.13628583355837656,0.707829850756816
26026,LOF,0.3213061002228699,0.029341361406535985,0.6493525383705941
26027,LOF,0.0994262635780193,0.022913967089894453,0.8776597693320862
26028,LOF,0.1529608603673097,0.07582496092728408,0.7712141787054061
26029,LOF,0.06478312647512081,0.16468187861768696,0.7705349949071922
26030,LOF,0.02322437678447352,0.056970045368082194,0.9198055778474442
26031,LOF,0.027488036856176908,0.13248191256985428,0.8400300505739688
26032,LOF,0.07147705783558937,0.05210248428531411,0.8764204578790965
26033,LOF,0.12944517848175782,0.05787828241953741,0.8126765390987047
26034,LOF,0.043883035945293414,0.1435147635850775,0.812602200469629
26035,LOF,0.027045554280065012,0.12250879867669202,0.850445647043243
26036,LOF,0.04225400871864673,0.150574150681883,0.8071718405994702
26037,LOF,0.023291324633946155,0.10545799550304535,0.8712506798630084
26038,LOF,0.06849452428468841,0.05073558091334096,0.8807698948019708
26039,LOF,0.05433958268702357,0.13597837265323673,0.8096820446597397
26040,LOF,0.20776247807854695,0.09095470763209777,0.7012828142893552
26041,LOF,0.024465682495937707,0.09299739181012492,0.8825369256939374
26042,LOF,0.023209543979592847,0.09634446048470528,0.8804459955357019
26043,LOF,0.06653630006298639,0.060421840051968094,0.8730418598850455
26044,LOF,0.020377375408598245,0.06520967172762757,0.9144129528637742
26045,LOF,0.0717430523312292,0.08101459889228914,0.8472423487764816
26046,LOF,0.06940578490513627,0.06197510429078114,0.8686191108040827
26047,LOF,0.10206599245045703,0.06843344226432906,0.829500565285214
26048,LOF,0.05075288966663672,0.043263318237937505,0.9059837920954258
26049,Neutral,0.9555877977622613,0.006582755130504632,0.03782944710723388
26050,Neutral,0.9393769795610004,0.008706424562445962,0.05191659587655379
26051,LOF,0.04587813881203093,0.25608062673738957,0.6980412344505794
26052,LOF,0.06499766421148885,0.30596182441897657,0.6290405113695344
26053,LOF,0.06376583774570381,0.1374728302946572,0.7987613319596389
26054,LOF,0.05503530102216763,0.021543547813404135,0.9234211511644281
26055,LOF,0.06945106649002496,0.017399419408337276,0.9131495141016377
26056,LOF,0.05852003135997254,0.019345982698804855,0.9221339859412226
26057,LOF,0.033433895255178515,0.011483280802080751,0.9550828239427408
26058,LOF,0.033920193827566204,0.009952602674323035,0.9561272034981106
26059,LOF,0.292734350544192,0.0235038537667608,0.6837617956890472
26060,LOF,0.03046150390006694,0.18174348114807823,0.7877950149518548
26061,LOF,0.019233524616687342,0.011750809241991362,0.9690156661413214
26062,LOF,0.01241121482072471,0.018395085927315955,0.9691936992519594
26063,LOF,0.022498497252378794,0.012449185110031659,0.9650523176375895
26064,LOF,0.023715907925278695,0.01960281082611619,0.9566812812486051
26065,LOF,0.02651701351040607,0.011412483142946546,0.9620705033466475
26066,LOF,0.022737819458541614,0.01156108387826592,0.9657010966631924
26067,LOF,0.028981693467441498,0.00906942487431626,0.9619488816582422
26068,LOF,0.048626924636885664,0.029273539223910103,0.9220995361392041
26069,LOF,0.283104733019678,0.018994581771637698,0.6979006852086843
26070,LOF,0.41283042645899776,0.01588732249323533,0.5712822510477669
26071,LOF,0.02510864500130965,0.012931079813637681,0.9619602751850528
26072,LOF,0.02217183906664434,0.01818813474377454,0.9596400261895811
26073,LOF,0.02643206621934734,0.011268584556378289,0.9622993492242743
26074,Neutral,0.9043790670719534,0.006220681552052518,0.08940025137599411
26075,LOF,0.04578305650092141,0.014646091343190388,0.9395708521558881
26076,LOF,0.045860266146403206,0.009609926130514401,0.9445298077230823
26077,LOF,0.009678082159411796,0.01691601507692434,0.9734059027636639
26078,LOF,0.014010891018584645,0.01139180230640974,0.9745973066750055
26079,LOF,0.06043341728245451,0.017939063395214158,0.9216275193223312
26080,LOF,0.05956121486389068,0.01801746984337312,0.9224213152927363
26081,LOF,0.0392525717019907,0.006794473091509315,0.9539529552065
26082,LOF,0.01776224340563195,0.016464611880915102,0.9657731447134529
26083,LOF,0.14165281498993906,0.01348855367773923,0.8448586313323218
26084,LOF,0.02805687846476909,0.012694578497730952,0.9592485430375
26085,LOF,0.0232873894096316,0.012147746469907971,0.9645648641204604
26086,LOF,0.02649712936813525,0.01212330882265889,0.9613795618092058
26087,LOF,0.027407117785667578,0.007687372533612757,0.9649055096807196
26088,LOF,0.016821123919785633,0.022907035534912523,0.9602718405453019
26089,LOF,0.04434898181274886,0.024243893880814014,0.9314071243064371
26090,LOF,0.04328655321483195,0.01892310100908796,0.93779034577608
26091,LOF,0.041095388392315274,0.0063419493793181415,0.9525626622283666
26092,LOF,0.02766919661858548,0.008609972880019193,0.9637208305013953
26093,LOF,0.040181586957753444,0.006281031260940007,0.9535373817813064
26094,LOF,0.0434188117561913,0.007102806818695951,0.9494783814251128
26095,LOF,0.04664662447734084,0.015805776534041603,0.9375475989886176
26096,LOF,0.021472237032720737,0.011717136654889979,0.9668106263123892
26097,LOF,0.01213557234411769,0.03752454198202355,0.9503398856738587
26098,LOF,0.07138819341252603,0.011940399250008853,0.9166714073374651
26099,LOF,0.025458592677559844,0.01376763254202178,0.9607737747804184
26100,LOF,0.027484209600098602,0.013036308036561303,0.95947948236334
26101,LOF,0.0596665530334068,0.01269406790953405,0.9276393790570592
26102,LOF,0.02670550364652132,0.013698212296281216,0.9595962840571974
26103,Neutral,0.8890674033441096,0.019803553382969456,0.09112904327292103
26104,LOF,0.07961737835385595,0.03124131102530446,0.8891413106208396
26105,LOF,0.21886706549088475,0.29357246702260076,0.48756046748651455
26106,LOF,0.17592108130521794,0.13789537192095172,0.6861835467738304
26107,LOF,0.25619919167668836,0.08606199081971921,0.6577388175035924
26108,LOF,0.23967866482130848,0.1378216943473175,0.622499640831374
26109,LOF,0.10056143542030739,0.11062964956198341,0.7888089150177092
26110,LOF,0.22772054915848697,0.006710609960907481,0.7655688408806056
26111,LOF,0.46162681276237943,0.017728557511111298,0.5206446297265093
26112,LOF,0.03319090099198793,0.007648082297339846,0.9591610167106723
26113,LOF,0.05598773036438462,0.014184739774172561,0.9298275298614428
26114,LOF,0.032910131142153735,0.02322617572885368,0.9438636931289925
26115,LOF,0.10527388527381858,0.05598124191568132,0.8387448728105001
26116,LOF,0.07627549034987677,0.05355587096244681,0.8701686386876765
26117,LOF,0.39633825880276374,0.06973376789183688,0.5339279733053993
26118,LOF,0.038623078548079566,0.031112037149638245,0.9302648843022823
26119,LOF,0.021987429522991566,0.04099753416124404,0.9370150363157644
26120,LOF,0.030192853397023236,0.031843657978315,0.9379634886246618
26121,LOF,0.04944685769172563,0.09459623696088242,0.855956905347392
26122,LOF,0.04724576392766415,0.0434539117400662,0.9093003243322697
