feature0,prediction,LoGoFunc_Neutral,LoGoFunc_GOF,LoGoFunc_LOF
25546,Neutral,0.6136542540470967,0.05185117391770566,0.33449457203519756
25547,Neutral,0.4844382305441609,0.08520946624748285,0.4303523032083562
25548,Neutral,0.4858775139114964,0.07015236785017533,0.44397011823832827
25549,LOF,0.43241181739498963,0.07110499504271568,0.49648318756229454
25550,LOF,0.3657002687603388,0.10413388072192654,0.5301658505177347
25551,LOF,0.32035959697707295,0.11381999365254754,0.5658204093703795
25552,LOF,0.28437288469205996,0.11768114765501449,0.5979459676529255
25553,Neutral,0.7855068302727062,0.041272088792962916,0.173221080934331
25554,LOF,0.32881769863026056,0.10234876894615147,0.5688335324235879
25555,LOF,0.27744586670592963,0.0970934314153731,0.6254607018786973
25556,LOF,0.4435361272716785,0.08295320709732192,0.47351066563099964
25557,LOF,0.2649768056707615,0.1039122022627226,0.6311109920665159
25558,LOF,0.3211115789199567,0.09907225103217361,0.5798161700478697
25559,LOF,0.2548825767474671,0.14967653833817296,0.59544088491436
25560,LOF,0.17034584290950475,0.10739182231303705,0.7222623347774582
25561,LOF,0.15807184772439672,0.13151607821057296,0.7104120740650303
25562,LOF,0.07932867585906345,0.07909191760049412,0.8415794065404424
25563,LOF,0.03233990844779216,0.12993759367330185,0.8377224978789061
25564,LOF,0.1992284133486093,0.11913615528702377,0.6816354313643669
25565,LOF,0.22474743519682605,0.1652613578194421,0.6099912069837319
25566,GOF,0.07599166804365838,0.6839677306038472,0.24004060135249444
25567,LOF,0.0467794453350945,0.19690848030891375,0.7563120743559917
25568,LOF,0.06538613793916474,0.10912038633813245,0.8254934757227028
25569,LOF,0.06268915540800006,0.10259078625157875,0.8347200583404213
25570,LOF,0.02934351249182013,0.13397886191030753,0.8366776255978723
25571,LOF,0.02891896813865502,0.13933357035262953,0.8317474615087155
25572,LOF,0.06658323684424103,0.15522197536312637,0.7781947877926325
25573,LOF,0.06387703644312218,0.12288034245722784,0.81324262109965
25574,LOF,0.05631177014525735,0.2670285012370648,0.6766597286176779
25575,LOF,0.023699465677963296,0.15160115293213922,0.8246993813898975
25576,LOF,0.031660534869772175,0.2017591327819214,0.7665803323483065
25577,LOF,0.03428957173102372,0.14314967521780023,0.822560753051176
25578,LOF,0.30658275129687423,0.13020892314508886,0.563208325558037
25579,LOF,0.19884304357572022,0.1242980371856908,0.6768589192385891
25580,LOF,0.021491057316895407,0.10884697570854275,0.8696619669745618
25581,LOF,0.053605225798466626,0.09612789165189459,0.8502668825496389
25582,LOF,0.05314453076908637,0.09406273541332726,0.8527927338175865
25583,LOF,0.024302072549640296,0.11728160994961852,0.8584163175007412
25584,Neutral,0.6753372613198989,0.1652978677731594,0.15936487090694168
25585,LOF,0.02239194568514171,0.18707832505964694,0.7905297292552114
25586,LOF,0.017765827238916607,0.09970185934932353,0.88253231341176
25587,LOF,0.01788979455366566,0.08963413478233122,0.892476070664003
25588,LOF,0.021244614432072012,0.09866934856123877,0.8800860370066893
25589,Neutral,0.4918778176113617,0.2641916203616629,0.24393056202697538
25590,LOF,0.05495079754950466,0.1556267096005113,0.7894224928499839
25591,LOF,0.09926843450758475,0.08466510274842014,0.8160664627439951
25592,LOF,0.0568865554532026,0.20439912602711363,0.7387143185196837
25593,LOF,0.10460237589426212,0.35451939303163427,0.5408782310741037
25594,LOF,0.049922745001640643,0.09873419219502806,0.8513430628033314
25595,LOF,0.048516321958695686,0.06552535278425708,0.8859583252570472
25596,LOF,0.1019396824219236,0.031189829158936574,0.8668704884191399
25597,LOF,0.08499198324295332,0.0394667776905376,0.875541239066509
25598,LOF,0.050901594851925136,0.0674019266701093,0.8816964784779656
25599,LOF,0.021533637609862336,0.4412632415655295,0.5372031208246082
25600,GOF,0.17428588233610584,0.44079954283871176,0.38491457482518243
25601,LOF,0.04023482909545289,0.36075957392484836,0.5990055969796988
25602,LOF,0.03610156629873672,0.06138148187754691,0.9025169518237164
25603,LOF,0.03418965663665098,0.039021165034976386,0.9267891783283727
25604,LOF,0.036504204800276115,0.07394241122511724,0.8895533839746067
25605,LOF,0.03532318676460628,0.18432507127260905,0.7803517419627848
25606,LOF,0.40687830532147673,0.1265797746787602,0.46654191999976313
25607,LOF,0.02959675906266986,0.18793940160273348,0.7824638393345966
25608,LOF,0.03824797179149951,0.10496082192460085,0.8567912062838996
25609,GOF,0.15080527427568788,0.5232602992166262,0.325934426507686
25610,LOF,0.014872793112121772,0.04786493483868163,0.9372622720491964
25611,LOF,0.012340994065054369,0.049114548420582875,0.9385444575143628
25612,LOF,0.043508000377340476,0.07128049974547726,0.8852114998771822
25613,LOF,0.041523373885301314,0.0664945248415572,0.8919821012731415
25614,LOF,0.020326278921089905,0.0433589571688876,0.9363147639100226
25615,LOF,0.04145356042345257,0.06188329234610386,0.8966631472304437
25616,LOF,0.046085138315991016,0.045118192474772854,0.9087966692092361
25617,LOF,0.03746558501713062,0.05587099421218503,0.9066634207706844
25618,LOF,0.040434091995326944,0.06400324027568896,0.895562667728984
25619,LOF,0.011660972365584455,0.06034692160522251,0.9279921060291929
25620,LOF,0.05785234103175327,0.06223442975761341,0.8799132292106333
25621,LOF,0.059336631275355836,0.05245756948907192,0.8882057992355723
25622,LOF,0.0642201109707648,0.051929971071651745,0.8838499179575834
25623,LOF,0.06771401785914133,0.04989762851757533,0.8823883536232833
25624,LOF,0.016420475934888594,0.05853435678523071,0.9250451672798807
25625,LOF,0.05850576239852099,0.054367111100014624,0.8871271265014644
25626,LOF,0.04612532117150165,0.067582336771811,0.8862923420566874
25627,Neutral,0.890206098764549,0.02308373559279146,0.08671016564265958
25628,LOF,0.15340612741383303,0.06494604974236047,0.7816478228438065
25629,LOF,0.064099949432102,0.0529307481443381,0.8829693024235599
25630,LOF,0.2627329299670405,0.08194721584672016,0.6553198541862393
25631,Neutral,0.5181269496038773,0.07496957297278602,0.40690347742333677
25632,LOF,0.026733895119871818,0.07747696640587781,0.8957891384742503
25633,LOF,0.21052083002881997,0.0456327179596703,0.7438464520115098
25634,LOF,0.03471051921482454,0.1046608143000195,0.860628666485156
25635,LOF,0.03641287081140245,0.04774924263657321,0.9158378865520242
25636,LOF,0.03576229513182379,0.43730841109312846,0.5269292937750477
25637,GOF,0.05800229767790671,0.5095015104615606,0.43249619186053273
25638,LOF,0.028404058156570714,0.374746006657436,0.5968499351859933
25639,LOF,0.02711298108312108,0.3962447059543921,0.5766423129624868
25640,Neutral,0.8400395379730303,0.11135367314283891,0.04860678888413084
25641,GOF,0.07799870064693583,0.48696606841737977,0.43503523093568447
25642,LOF,0.061318904859773184,0.17900371988241448,0.7596773752578123
25643,LOF,0.20465676380111877,0.12163403259234186,0.6737092036065393
25644,LOF,0.02922271392573282,0.45996251270679456,0.5108147733674727
25645,LOF,0.029951746081128723,0.4020894246702057,0.5679588292486656
25646,LOF,0.07021779051182787,0.3085923159070169,0.6211898935811552
25647,LOF,0.030529577574264253,0.24406176541225139,0.7254086570134844
25648,LOF,0.03359715671710584,0.2584836912709209,0.7079191520119732
25649,LOF,0.01962138299063539,0.2090890833410318,0.7712895336683329
25650,LOF,0.05971675482910698,0.39140528978046774,0.5488779553904253
25651,LOF,0.020994293722563843,0.25093019069716455,0.7280755155802716
25652,LOF,0.03670556754554018,0.2585433175721154,0.7047511148823444
25653,LOF,0.09582263983952877,0.426529700383053,0.4776476597774182
25654,LOF,0.02237576755830081,0.21830564990646556,0.7593185825352337
25655,GOF,0.2634328372741409,0.3823274093873417,0.35423975333851737
25656,LOF,0.3665410773473855,0.08940734711485714,0.5440515755377573
25657,LOF,0.06400283351322188,0.08779874979851153,0.8481984166882666
25658,LOF,0.37521574435679134,0.09576146347434031,0.5290227921688684
25659,Neutral,0.5283250075105694,0.11880215066046235,0.3528728418289683
25660,LOF,0.023134172712366292,0.09863322696529361,0.8782326003223401
25661,LOF,0.10281088143804121,0.06075577477193361,0.8364333437900251
25662,LOF,0.03520302332824318,0.03496184133912982,0.929835135332627
25663,LOF,0.04400722259971076,0.04601024774061006,0.9099825296596793
25664,LOF,0.13711277679715916,0.0627761170127637,0.8001111061900771
25665,LOF,0.06022467903669083,0.033128743050761,0.9066465779125481
25666,LOF,0.09625242298871435,0.0675570339889126,0.8361905430223731
25667,LOF,0.08111430005042353,0.04074739281426958,0.8781383071353069
25668,LOF,0.03904952600185634,0.049594625349464495,0.9113558486486791
25669,LOF,0.03229823950319859,0.04694416001338817,0.9207576004834134
25670,LOF,0.1528375086583441,0.05470201962098815,0.7924604717206678
25671,LOF,0.12206934612522126,0.03646654501585024,0.8414641088589285
25672,LOF,0.05235886432201762,0.04530789415764588,0.9023332415203364
25673,LOF,0.081284856939631,0.049167529626495655,0.8695476134338733
25674,LOF,0.07043797832914207,0.05773107489871729,0.8718309467721407
25675,LOF,0.11178023470283245,0.063254706079033,0.8249650592181345
25676,LOF,0.019623753975575954,0.053963787223852144,0.9264124588005719
25677,LOF,0.025856640118097768,0.07075437502726716,0.903388984854635
25678,LOF,0.2237073241212182,0.06800888936978966,0.7082837865089923
25679,LOF,0.12490032915126097,0.08437492901473638,0.7907247418340027
25680,LOF,0.03711214270609173,0.11943465423818803,0.8434532030557202
25681,LOF,0.05353175842267271,0.11205589997928851,0.8344123415980388
25682,LOF,0.15197009274430176,0.07237614191930537,0.7756537653363929
25683,LOF,0.12281345280859939,0.09058906823944333,0.7865974789519574
25684,LOF,0.04206832928341831,0.06769368582994942,0.8902379848866323
25685,LOF,0.12825383265844437,0.07557790472291971,0.7961682626186358
25686,LOF,0.08444733002400802,0.10409182766780613,0.8114608423081858
25687,LOF,0.11764711984663737,0.10657802825163873,0.7757748519017239
25688,LOF,0.36241939945882895,0.04539526213503356,0.5921853384061374
25689,LOF,0.2726949676996528,0.0525453794904447,0.6747596528099025
25690,LOF,0.330738843593018,0.038559591004854676,0.6307015654021273
25691,Neutral,0.7023504957035913,0.03366932351637708,0.2639801807800315
25692,LOF,0.34223369951183813,0.013495159587439628,0.6442711409007222
25693,LOF,0.048072660105716494,0.41783058427758196,0.5340967556167016
25694,LOF,0.12554462625082508,0.01930174849355976,0.8551536252556152
25695,LOF,0.11771753348953357,0.01769711487843729,0.8645853516320292
25696,LOF,0.12713548718636924,0.011970546167911949,0.8608939666457188
25697,LOF,0.09084716825140647,0.054489566621813035,0.8546632651267805
25698,LOF,0.3355119818880304,0.15148266190921345,0.5130053562027561
25699,Neutral,0.4964163631558778,0.04396442219673501,0.45961921464738725
25700,LOF,0.07550529428976094,0.009590444684410605,0.9149042610258284
25701,LOF,0.1991087130661331,0.05028635961398801,0.7506049273198788
25702,GOF,0.1812740190032657,0.5778598427751379,0.24086613822159642
25703,LOF,0.015321565683411363,0.1485771813486192,0.8361012529679696
25704,LOF,0.03727190890392907,0.1059484907240162,0.8567796003720548
25705,LOF,0.06275711694124873,0.1502105559148689,0.7870323271438823
25706,LOF,0.10408626259119763,0.43384379732416545,0.4620699400846369
25707,LOF,0.09614306392124902,0.37856440720364704,0.5252925288751039
25708,LOF,0.03791773802743023,0.335462627889837,0.6266196340827329
25709,LOF,0.0740463469191432,0.04549568876165668,0.8804579643192002
25710,LOF,0.013042444017015216,0.16072285812240011,0.8262346978605847
25711,LOF,0.023754163364204033,0.08607620795394881,0.8901696286818471
25712,LOF,0.015027724232467544,0.20509688778230734,0.7798753879852252
25713,LOF,0.02049871804099272,0.08258001701166941,0.8969212649473379
25714,LOF,0.08498141305257959,0.07951731679645764,0.8355012701509628
25715,LOF,0.012089634680493466,0.14718668024179402,0.8407236850777124
25716,LOF,0.011657303949128728,0.11132824159821679,0.8770144544526545
25717,LOF,0.017470502445572075,0.07529742496187143,0.9072320725925564
25718,LOF,0.01221211175011564,0.09409712577267589,0.8936907624772086
25719,LOF,0.02147212588267813,0.07728034994921187,0.9012475241681099
25720,LOF,0.026451556395975604,0.07039412152884461,0.9031543220751798
25721,LOF,0.01413016357762974,0.11362075134008133,0.872249085082289
25722,LOF,0.015146197147750593,0.12569507275527828,0.8591587300969711
25723,LOF,0.025438457782688335,0.049807994473297826,0.9247535477440137
25724,LOF,0.03509283542784553,0.08552360815166511,0.8793835564204894
25725,LOF,0.012371262639998172,0.07827285841012681,0.9093558789498751
25726,LOF,0.016796638915539563,0.11803444543705269,0.8651689156474077
25727,LOF,0.01275866501585857,0.08650141617418766,0.9007399188099537
25728,LOF,0.010950120166691,0.10483734313186902,0.88421253670144
25729,LOF,0.011228165969943733,0.10822033169758112,0.8805515023324751
25730,LOF,0.014503098528593194,0.09324773169175406,0.8922491697796526
25731,LOF,0.021062302740798462,0.09768702131906372,0.8812506759401378
25732,LOF,0.014566392740594401,0.07609484975131986,0.9093387575080858
25733,LOF,0.016473157837669533,0.07584510315154563,0.907681739010785
25734,LOF,0.011545838237820138,0.11542166191218585,0.873032499849994
25735,LOF,0.012671718537726171,0.07742567245384119,0.9099026090084326
25736,LOF,0.014146593212331242,0.10034966103654977,0.885503745751119
25737,LOF,0.012959337226486553,0.07763414726993144,0.909406515503582
25738,LOF,0.012122168644194808,0.11721151334207505,0.8706663180137301
25739,LOF,0.02243783370894433,0.08709375905894551,0.8904684072321102
25740,LOF,0.02913088068550623,0.12939774733537274,0.841471371979121
25741,LOF,0.0154290931050367,0.1293157336887327,0.8552551732062307
25742,LOF,0.14621571133758898,0.08365596304037595,0.770128325622035
25743,LOF,0.036315159121550054,0.053562177073741224,0.9101226638047087
25744,Neutral,0.5369215942622076,0.2677262460618537,0.19535215967593855
25745,LOF,0.06163866819312681,0.08837613988758279,0.8499851919192905
25746,LOF,0.041111049856552846,0.11210751879582337,0.8467814313476238
25747,LOF,0.01790223680425201,0.07823482434787075,0.9038629388478772
25748,LOF,0.10830451091381006,0.11617946221628471,0.7755160268699052
25749,LOF,0.024761970346590525,0.09948868510213955,0.8757493445512698
25750,LOF,0.07973123819456092,0.09819632111583529,0.8220724406896037
25751,LOF,0.08235345280609443,0.14441758251481313,0.7732289646790924
25752,GOF,0.14636191531635118,0.6176609566373665,0.23597712804628226
25753,LOF,0.02189239903217297,0.2755910910951625,0.7025165098726646
25754,GOF,0.014403442125738,0.7854766677529726,0.2001198901212893
25755,LOF,0.02456705345074366,0.3800348018829992,0.5953981446662572
25756,LOF,0.05090896117736528,0.35375329432059743,0.5953377445020374
25757,GOF,0.018407277901444773,0.834874837549982,0.14671788454857324
25758,GOF,0.034039583191398104,0.786514815878705,0.17944560092989692
25759,GOF,0.012297797308425415,0.5994862431508846,0.3882159595406898
25760,LOF,0.014259606588041077,0.27763546256226573,0.7081049308496933
25761,GOF,0.27598087322466375,0.6058635643427408,0.1181555624325954
25762,LOF,0.04821957546378774,0.24968407095201892,0.7020963535841934
25763,LOF,0.015077194312169145,0.21120842913688687,0.773714376550944
25764,GOF,0.08791636253723875,0.6334516908101102,0.278631946652651
25765,GOF,0.041689006830154335,0.7140059439822859,0.24430504918755985
25766,GOF,0.08216801622734378,0.721283240833798,0.1965487429388581
25767,GOF,0.13729691766121585,0.5359546250369571,0.326748457301827
25768,LOF,0.1090839137957117,0.050249052767962904,0.8406670334363254
25769,LOF,0.055999527988526,0.0683738256056835,0.8756266464057905
25770,LOF,0.29364599387587426,0.12266404916678604,0.5836899569573397
25771,LOF,0.04490793685174143,0.05112204519520136,0.9039700179530572
25772,LOF,0.018866599969677926,0.04957415924346165,0.9315592407868604
25773,LOF,0.047625327437558526,0.09788576328169292,0.8544889092807485
25774,LOF,0.028364908972531203,0.08536641059481899,0.8862686804326498
25775,LOF,0.0500543570508189,0.05197831192902926,0.8979673310201518
25776,LOF,0.07367384278947271,0.02961062234462779,0.8967155348658995
25777,LOF,0.35824427591167834,0.06791239769938787,0.5738433263889339
25778,LOF,0.07462835382979222,0.053444631584734566,0.8719270145854733
25779,GOF,0.3594903415915702,0.5989987018685344,0.041510956539895526
25780,GOF,0.34861756946475764,0.5800804714159954,0.071301959119247
25781,GOF,0.14267985058843036,0.7568669569320052,0.1004531924795645
25782,GOF,0.22740589740986406,0.6912854263801912,0.08130867620994461
25783,GOF,0.022834978496710963,0.6338464871981953,0.3433185343050938
25784,Neutral,0.4988067629984635,0.45817182940780515,0.04302140759373146
25785,GOF,0.4740691670528185,0.4914422746248272,0.034488558322354326
25786,GOF,0.028210629827601617,0.7766657785630802,0.1951235916093182
25787,Neutral,0.6510251742593866,0.32706185231909995,0.021912973421513514
25788,LOF,0.06391190724080412,0.10079565772107393,0.835292435038122
25789,GOF,0.23844740567403314,0.628005125111472,0.1335474692144949
25790,GOF,0.24372018753858482,0.6611802349626373,0.09509957749877786
25791,GOF,0.1635419455041451,0.7020740621772112,0.1343839923186436
25792,GOF,0.37314700217998165,0.521989509225526,0.10486348859449238
25793,GOF,0.24752247532855196,0.5606882261647063,0.19178929850674178
25794,GOF,0.3067122291240653,0.5408202979233034,0.15246747295263133
25795,GOF,0.0823662336516553,0.6997142820965918,0.217919484251753
25796,Neutral,0.5657203451340954,0.35987551447184496,0.07440414039405961
25797,GOF,0.09840071784457532,0.5238547906137347,0.3777444915416899
25798,GOF,0.008923799721383774,0.5153332937531191,0.4757429065254971
25799,LOF,0.007478632348503281,0.4043279338872087,0.588193433764288
25800,GOF,0.03928236304748137,0.5993135143459507,0.3614041226065679
25801,GOF,0.23996974709013907,0.648501580624179,0.11152867228568196
25802,GOF,0.06295708648914196,0.6801708027104838,0.25687211080037425
25803,GOF,0.039593661341445596,0.5643937235917612,0.3960126150667933
25804,GOF,0.035067928182656936,0.5029808041446188,0.4619512676727243
25805,GOF,0.09926081639695813,0.5883003004146946,0.3124388831883471
25806,GOF,0.11624718595613502,0.5726433762892743,0.31110943775459066
25807,GOF,0.0187694617139244,0.5944374747802517,0.3867930635058238
25808,GOF,0.09428086769751119,0.6004503596159798,0.3052687726865091
25809,GOF,0.019484689803709158,0.6050203290645084,0.37549498113178237
25810,GOF,0.018806281473249233,0.6143308055579486,0.3668629129688023
25811,GOF,0.45997793107325424,0.47297819116148077,0.0670438777652651
25812,GOF,0.03822923229089166,0.6312326607066797,0.33053810700242864
25813,Neutral,0.5500899623533655,0.3468620174575204,0.10304802018911409
25814,GOF,0.1398119647129993,0.6427957968998429,0.21739223838715777
25815,GOF,0.20507486225860874,0.6057559080093888,0.18916922973200245
25816,GOF,0.022132220450736484,0.7107471743207986,0.26712060522846487
25817,GOF,0.226782149857665,0.6523227867602697,0.12089506338206536
25818,GOF,0.05951900072913073,0.6133444141241422,0.32713658514672694
25819,GOF,0.3808990504229655,0.4637596969628592,0.15534125261417533
25820,GOF,0.16789146946012012,0.6052132587258615,0.22689527181401833
25821,GOF,0.056608098151858376,0.6658992390543219,0.2774926627938198
25822,GOF,0.20532248322253843,0.5548817874578882,0.2397957293195734
25823,GOF,0.03217792048281875,0.500273664812679,0.4675484147045023
25824,GOF,0.07848519581547282,0.545940816213761,0.37557398797076613
25825,GOF,0.030984559870601412,0.5385742950658468,0.4304411450635517
25826,GOF,0.010882783274436777,0.5239675595625182,0.465149657163045
25827,GOF,0.021935055227149062,0.5929747241270762,0.3850902206457747
25828,GOF,0.013441495917463915,0.5107380052817779,0.47582049880075805
25829,GOF,0.006723789632780042,0.5594543246704248,0.43382188569679514
25830,LOF,0.04166342984041448,0.3295884574343898,0.6287481127251956
25831,GOF,0.22612381562145364,0.6495486398292443,0.12432754454930225
25832,GOF,0.03311765950806572,0.6907333634604244,0.2761489770315099
25833,GOF,0.13110212444878466,0.6968308928589365,0.1720669826922788
25834,GOF,0.042310259896673946,0.7004046034442745,0.25728513665905156
25835,GOF,0.08816031584451424,0.7366913430588458,0.17514834109663988
25836,GOF,0.04407375099877841,0.6802219607201617,0.27570428828105986
25837,GOF,0.02727210204011548,0.5568816366729759,0.41584626128690855
25838,GOF,0.08821950527003972,0.7389822066730213,0.17279828805693906
25839,GOF,0.3168177310493398,0.547038621495702,0.13614364745495816
25840,GOF,0.2662415328709862,0.5762441478007311,0.1575143193282827
25841,GOF,0.2958261572598128,0.5578772363221947,0.14629660641799244
25842,GOF,0.20784205090976662,0.6572039462473608,0.1349540028428724
25843,GOF,0.26619010393156706,0.6396507276830367,0.09415916838539629
25844,GOF,0.06856505020132041,0.6983966667827607,0.23303828301591897
25845,GOF,0.015546195355609497,0.49717802603792993,0.4872757786064606
25846,GOF,0.12750080687033685,0.7251407532595155,0.14735843987014746
25847,GOF,0.1257693735630763,0.7655659287968476,0.10866469764007607
25848,GOF,0.04313214791261374,0.6954134176570582,0.2614544344303281
25849,GOF,0.012560300417819551,0.5834941608819086,0.40394553870027194
25850,GOF,0.021588801189124058,0.6742304799920334,0.30418071881884245
25851,GOF,0.017332415319368855,0.5614421585506135,0.4212254261300177
25852,GOF,0.1727436418622254,0.5692020333402775,0.25805432479749707
25853,GOF,0.3806271565722629,0.5533126050952258,0.06606023833251132
25854,GOF,0.021770897531510642,0.6629422225359808,0.31528687993250865
25855,GOF,0.03337655031408279,0.590505114056518,0.37611833562939917
25856,GOF,0.2244977440115909,0.5552376715913414,0.22026458439706767
25857,GOF,0.03398148103213013,0.5135281219894695,0.45249039697840043
25858,GOF,0.01682398929573888,0.5649253946859154,0.4182506160183458
25859,GOF,0.009443272128622709,0.5463939560191273,0.4441627718522499
25860,GOF,0.3810001160567881,0.5365487362574677,0.08245114768574434
25861,GOF,0.43085452064429575,0.4900303764014136,0.07911510295429064
25862,GOF,0.11361142792769749,0.7500144354687781,0.13637413660352438
25863,GOF,0.10062058949092324,0.7667788599202113,0.13260055058886563
25864,GOF,0.22971285217226073,0.6942585283219106,0.0760286195058287
25865,GOF,0.09394332657688872,0.7914570203929174,0.11459965303019376
25866,GOF,0.06422521169262825,0.7908389472959516,0.14493584101142015
25867,GOF,0.09112443779621056,0.8015138247049712,0.10736173749881804
25868,GOF,0.2708585291149956,0.6309022435410402,0.09823922734396438
25869,Neutral,0.6923876536985402,0.2680487654179002,0.039563580883559636
25870,GOF,0.33546750496907607,0.35506196682132857,0.3094705282095955
25871,GOF,0.23791504386142617,0.6083710147989471,0.15371394133962676
25872,GOF,0.10407666075491633,0.6332694827067109,0.26265385653837275
25873,GOF,0.16989018118073065,0.6176338405273913,0.21247597829187795
25874,LOF,0.019459810814447462,0.1073145728848516,0.873225616300701
25875,LOF,0.09736732152556161,0.03555725210684459,0.8670754263675937
25876,LOF,0.03754778855553915,0.04270642141012452,0.9197457900343363
25877,Neutral,0.48351819671536306,0.04468392972547246,0.4717978735591645
25878,LOF,0.2313766025227073,0.06826057538884497,0.7003628220884477
25879,LOF,0.09429244640608944,0.07937819483186716,0.8263293587620434
25880,LOF,0.022735764700761545,0.019405746362807116,0.9578584889364313
25881,LOF,0.17239927415134632,0.11001645357287004,0.7175842722757836
25882,LOF,0.07066693067122466,0.014217912752188562,0.9151151565765868
25883,LOF,0.0841678561300562,0.017599994130979905,0.8982321497389638
25884,LOF,0.04100600301343323,0.029646827385642206,0.9293471696009247
25885,LOF,0.07239048534263497,0.011012629888553456,0.9165968847688116
25886,LOF,0.34744607519929593,0.028502697200972562,0.6240512275997315
25887,LOF,0.15461111059643576,0.06177933711161172,0.7836095522919526
25888,LOF,0.0681420000871718,0.055215711747702005,0.8766422881651261
25889,LOF,0.05185805064152612,0.019332962827922635,0.9288089865305512
25890,LOF,0.05637224327136546,0.12888866929129805,0.8147390874373365
25891,LOF,0.054834078268538804,0.04532969436478054,0.8998362273666807
25892,LOF,0.09743712305231614,0.023683727883943042,0.8788791490637408
25893,LOF,0.2535507088548807,0.018179756164688542,0.7282695349804307
25894,LOF,0.1847131994908478,0.010690178798044897,0.8045966217111072
25895,LOF,0.2146882327150151,0.02082559023819002,0.7644861770467949
25896,LOF,0.046928727893316334,0.021477752646942624,0.931593519459741
25897,LOF,0.24482561294330052,0.012892436520223371,0.7422819505364762
25898,Neutral,0.695642486450174,0.009432143569429362,0.2949253699803966
25899,LOF,0.2258118196874547,0.02340806335116926,0.750780116961376
25900,LOF,0.4575894323716279,0.01579508954596353,0.5266154780824085
25901,LOF,0.055710412411341476,0.011915100236474787,0.9323744873521836
25902,LOF,0.17408697381692545,0.012316669248960759,0.8135963569341138
25903,Neutral,0.5304845916659872,0.0351325265215731,0.4343828818124398
25904,LOF,0.2827504871509715,0.04393659042100631,0.6733129224280222
25905,LOF,0.022433949293010187,0.31076396983473104,0.6668020808722588
25906,LOF,0.020961973198584196,0.06977503407032708,0.9092629927310887
25907,LOF,0.012814626586948255,0.3296480523263844,0.6575373210866672
25908,LOF,0.009950468667554925,0.24302494020199614,0.747024591130449
25909,LOF,0.013551053086840348,0.14045145539949555,0.8459974915136641
25910,LOF,0.051824682554633725,0.12685967762406522,0.821315639821301
25911,LOF,0.16676257434431735,0.03397830178760891,0.7992591238680736
25912,LOF,0.04184714054089397,0.054907490814878,0.903245368644228
25913,LOF,0.3161020097050236,0.024421383628864254,0.6594766066661122
25914,LOF,0.018072043155697683,0.13555635612911754,0.8463716007151848
25915,Neutral,0.4426641058235318,0.3546135893786692,0.2027223047977989
25916,LOF,0.05631542680399972,0.3937936485331467,0.5498909246628536
25917,LOF,0.057617674693072836,0.09090042447189792,0.8514819008350292
25918,LOF,0.025900792633834647,0.0786636435980154,0.89543556376815
25919,LOF,0.021608406018653076,0.08707465467039359,0.8913169393109533
25920,GOF,0.11328653269638124,0.47022788132586296,0.41648558597775576
25921,LOF,0.028647646863928417,0.0274344143873662,0.9439179387487054
25922,LOF,0.03828868207519634,0.01881675378940883,0.9428945641353949
25923,LOF,0.40904630676369175,0.023502895442836957,0.5674507977934713
25924,LOF,0.0399240371844458,0.041309510766902306,0.9187664520486518
25925,LOF,0.06777618028964584,0.0295717426578535,0.9026520770525007
25926,LOF,0.050736198071510384,0.023241728076028034,0.9260220738524615
25927,LOF,0.06862711218698442,0.08671427809454943,0.8446586097184662
25928,LOF,0.020916924476279224,0.039726592269790736,0.93935648325393
25929,Neutral,0.5396573587432264,0.02519196410510253,0.43515067715167105
25930,LOF,0.05696795495718768,0.020936913997628988,0.9220951310451833
25931,LOF,0.030293178962398238,0.023029380260938138,0.9466774407766637
25932,LOF,0.028240069298798135,0.0212495275762364,0.9505104031249654
25933,LOF,0.0396604099322013,0.01506042846364658,0.945279161604152
25934,LOF,0.025012926274725497,0.01892470910440978,0.9560623646208646
25935,LOF,0.06100722787128707,0.03369306336284203,0.905299708765871
25936,LOF,0.046250799965634,0.023146106265905155,0.9306030937684608
25937,LOF,0.028395235685460464,0.03052239299440051,0.941082371320139
25938,LOF,0.06427062559956423,0.03356038294911906,0.9021689914513168
25939,LOF,0.03887480471925116,0.013990550029452011,0.9471346452512969
25940,LOF,0.032997744397189596,0.4129401797020692,0.5540620759007412
25941,LOF,0.18457540135431127,0.09824906831184833,0.7171755303338405
25942,LOF,0.017866138803387648,0.026403021578191483,0.9557308396184209
25943,LOF,0.31674204360622055,0.05448138504134177,0.6287765713524377
25944,Neutral,0.4891160971864282,0.025177684326536554,0.4857062184870353
25945,LOF,0.06716326992153202,0.020284064956464683,0.9125526651220034
25946,LOF,0.026854736758522176,0.13751906545138365,0.8356261977900942
25947,LOF,0.10659767751260081,0.2368374436494614,0.6565648788379378
25948,LOF,0.396696680877713,0.011256418099409415,0.5920469010228776
25949,LOF,0.10813771745996545,0.05043991659041779,0.8414223659496167
25950,GOF,0.2624067628505569,0.4161849293673204,0.3214083077821227
25951,LOF,0.2415219103362313,0.24196081793874621,0.5165172717250225
25952,LOF,0.04466965625677106,0.4611471927238075,0.49418315101942145
25953,LOF,0.12704297051765057,0.1101054331911547,0.7628515962911948
25954,Neutral,0.4370540037519713,0.18098006312763512,0.3819659331203937
25955,LOF,0.055886295317620384,0.08014930053379164,0.8639644041485879
25956,LOF,0.1844824656133952,0.10220662201667155,0.7133109123699333
25957,LOF,0.037469642458473944,0.03276118718313855,0.9297691703583876
25958,LOF,0.06355716688732191,0.02470190992941453,0.9117409231832636
25959,LOF,0.07851326512823091,0.3296341410396797,0.5918525938320894
25960,LOF,0.020516450111648786,0.04978172282519998,0.9297018270631513
25961,LOF,0.05309456829443625,0.026690830624459545,0.9202146010811043
25962,LOF,0.05705829097140265,0.03047759154948489,0.9124641174791125
25963,LOF,0.046503623062479876,0.2008593110860699,0.7526370658514502
25964,LOF,0.03913661403306098,0.14848830519005637,0.8123750807768826
25965,LOF,0.4230852708074826,0.08793396142078168,0.48898076777173577
25966,Neutral,0.4496910424987223,0.11485495169122514,0.4354540058100527
25967,LOF,0.013774764307742646,0.06884382573989456,0.9173814099523628
25968,GOF,0.03047360080101292,0.4934903447635881,0.4760360544353991
25969,LOF,0.022080391636616552,0.06528615143631858,0.912633456927065
25970,LOF,0.06178896584471804,0.047654357736280385,0.8905566764190015
25971,LOF,0.07930863450284216,0.014156048929435137,0.9065353165677227
25972,LOF,0.0779216159898625,0.017682094151229788,0.9043962898589076
25973,LOF,0.08935520841262098,0.007915396790601135,0.9027293947967778
25974,LOF,0.1939590230803921,0.015339495838820933,0.7907014810807871
25975,LOF,0.05166782028308252,0.02795501808296917,0.9203771616339482
25976,LOF,0.04891407026760955,0.013529739734902803,0.9375561899974877
25977,LOF,0.15326423306106535,0.09903096142433705,0.7477048055145977
25978,LOF,0.15262516152060837,0.04972422821902602,0.7976506102603655
25979,LOF,0.13807462877871673,0.05455960595460682,0.8073657652666765
25980,LOF,0.21516229660567823,0.07233893258880005,0.7124987708055218
25981,LOF,0.24844063495032004,0.07089022218522892,0.680669142864451
25982,LOF,0.42122529395196806,0.04442488682220439,0.5343498192258276
25983,LOF,0.4041891644342187,0.048656244436775006,0.5471545911290063
25984,LOF,0.05020105281305052,0.04793638328873666,0.9018625638982128
25985,LOF,0.028490156916688453,0.23088410352961955,0.7406257395536919
25986,LOF,0.03965479933234485,0.28208167605273493,0.6782635246149201
25987,LOF,0.08657089396729291,0.06423625458896617,0.8491928514437409
25988,LOF,0.13915720288986272,0.05128275446891931,0.809560042641218
25989,LOF,0.03036833478939035,0.09721926109770421,0.8724124041129054
25990,LOF,0.036776560650934126,0.13025563057579043,0.8329678087732756
25991,LOF,0.18478015905044737,0.25764282460576277,0.5575770163437899
25992,LOF,0.3913763396704978,0.14157295644461995,0.46705070388488235
25993,LOF,0.024486564305495322,0.07075131879010292,0.9047621169044017
25994,LOF,0.018373812906743833,0.10238047500893428,0.8792457120843219
25995,LOF,0.02608297660608121,0.18966952896408434,0.7842474944298345
25996,GOF,0.3455529993939189,0.3956666776407094,0.25878032296537173
25997,LOF,0.10814861543095305,0.42343089869413814,0.4684204858749087
25998,Neutral,0.5341540167459488,0.029643172889616133,0.4362028103644351
25999,LOF,0.10726688537179183,0.11864503224529446,0.7740880823829136
26000,LOF,0.16440721008170978,0.02655220764215259,0.8090405822761375
26001,LOF,0.19390368286119322,0.02965903246934831,0.7764372846694585
26002,LOF,0.12245545174066186,0.030206114858560316,0.8473384334007779
26003,GOF,0.011974749768359192,0.5407634963861081,0.44726175384553274
26004,GOF,0.02255277063298668,0.5933640112726292,0.38408321809438417
26005,LOF,0.00910121421700955,0.41669930853967313,0.5741994772433173
26006,Neutral,0.5228128873648213,0.2090248136281608,0.2681622990070179
26007,GOF,0.023637959865735088,0.5042249780999245,0.4721370620343404
26008,GOF,0.021287641758128112,0.5375396964697915,0.4411726617720804
26009,GOF,0.027190357920711193,0.5833530876546625,0.3894565544246263
26010,GOF,0.032738372777854144,0.5749192721424945,0.39234235507965126
26011,LOF,0.008841563295273814,0.41726550586480743,0.5738929308399188
26012,GOF,0.019340974789041628,0.5344717745690184,0.4461872506419399
26013,GOF,0.02320147309404335,0.5595170259741916,0.417281500931765
26014,LOF,0.0393986072399675,0.14900525460390274,0.8115961381561297
26015,LOF,0.19496939628913443,0.008028876969589153,0.7970017267412765
26016,LOF,0.22754856378730193,0.040832957324970255,0.7316184788877277
26017,LOF,0.23279258843462203,0.06710793096507889,0.7000994806002991
26018,LOF,0.10504061202748421,0.031739681024784284,0.8632197069477315
26019,LOF,0.0991861210913237,0.02438454880947129,0.876429330099205
26020,LOF,0.06878061052884839,0.09355820000639765,0.8376611894647541
26021,LOF,0.04846110479648718,0.11246328499284203,0.8390756102106708
26022,LOF,0.01183430304247718,0.0392773688368595,0.9488883281206634
26023,LOF,0.1295301519572012,0.019362062057882014,0.8511077859849168
26024,LOF,0.03130430520192174,0.11425697297004848,0.8544387218280298
26025,LOF,0.18025704048290203,0.08647801336816129,0.7332649461489367
26026,LOF,0.32862402662440465,0.02215655448150371,0.6492194188940915
26027,LOF,0.0952115902287524,0.013661919268801026,0.8911264905024465
26028,LOF,0.14700404680721077,0.06662754696759507,0.7863684062251941
26029,LOF,0.07651939503892427,0.19739286721555124,0.7260877377455245
26030,LOF,0.028412097999008075,0.05762188685485234,0.9139660151461395
26031,LOF,0.03308495932711642,0.14752640107609968,0.8193886395967839
26032,LOF,0.07354855669671859,0.06279815360594523,0.8636532896973361
26033,LOF,0.13355772017030146,0.08169479248567559,0.784747487344023
26034,LOF,0.05059482248284031,0.16547926096108628,0.7839259165560734
26035,LOF,0.029663635479674454,0.15877407401381644,0.8115622905065092
26036,LOF,0.0428277759794009,0.19279148771534424,0.7643807363052549
26037,LOF,0.025307851671866843,0.12466316165635592,0.8500289866717773
26038,LOF,0.06685813458857082,0.06644734459715161,0.8666945208142776
26039,LOF,0.058723376410338896,0.15654201057700584,0.7847346130126551
26040,LOF,0.21404086294071858,0.14218905905279464,0.6437700780064869
26041,LOF,0.0257401838934717,0.1122010141168486,0.8620588019896797
26042,LOF,0.025423140833508606,0.107968863475662,0.8666079956908294
26043,LOF,0.06620839248767532,0.07902547877258724,0.8547661287397375
26044,LOF,0.022105301101246373,0.07137268721624404,0.9065220116825097
26045,LOF,0.08044739461499828,0.10291357562732739,0.8166390297576743
26046,LOF,0.06777685967998422,0.07676433839508832,0.8554588019249274
26047,LOF,0.09919754277690544,0.08092822753530633,0.8198742296877882
26048,LOF,0.05374496316462442,0.05323309568381401,0.8930219411515616
26049,Neutral,0.9591696592964666,0.00912326987009519,0.031707070833438385
26050,Neutral,0.9423619550026052,0.011565665110335613,0.04607237988705923
26051,LOF,0.04739285791780789,0.3082486079636855,0.6443585341185066
26052,LOF,0.059205078026187276,0.3379233945450588,0.6028715274287539
26053,LOF,0.057557541126183144,0.12196814031203586,0.820474318561781
26054,LOF,0.05531092146738691,0.018282560942666334,0.9264065175899469
26055,LOF,0.07130258518827806,0.015751338771161905,0.91294607604056
26056,LOF,0.06139873790259399,0.017436941633709815,0.9211643204636962
26057,LOF,0.03176832477883931,0.010946444092639295,0.9572852311285215
26058,LOF,0.03302145281322275,0.008887716165458416,0.9580908310213189
26059,LOF,0.2844312855960624,0.02287466956100473,0.6926940448429328
26060,LOF,0.03157182836858523,0.16472258464885056,0.8037055869825641
26061,LOF,0.01910527707386374,0.010321191631959459,0.9705735312941768
26062,LOF,0.011374748477123322,0.017701619669474797,0.9709236318534018
26063,LOF,0.023191578752604317,0.011872536247330019,0.9649358850000657
26064,LOF,0.02559261685915346,0.02017924248802253,0.9542281406528239
26065,LOF,0.025950859469512914,0.011165878714309957,0.9628832618161772
26066,LOF,0.022234930115992698,0.010782014688720396,0.9669830551952868
26067,LOF,0.02760852278321984,0.008814800102706053,0.9635766771140742
26068,LOF,0.04731005080008614,0.02982985276800886,0.922860096431905
26069,LOF,0.25508095012245285,0.017807047520245277,0.7271120023573019
26070,LOF,0.39447845257244485,0.015361970597333753,0.5901595768302214
26071,LOF,0.02488734921933138,0.012806232239311037,0.9623064185413577
26072,LOF,0.023720444555869875,0.017435929003936194,0.9588436264401939
26073,LOF,0.02629686447941114,0.010463542228654485,0.9632395932919344
26074,Neutral,0.9089567695858299,0.005112873894646033,0.085930356519524
26075,LOF,0.043803256585404994,0.01479535404318976,0.9414013893714052
26076,LOF,0.04669940216675975,0.008561027734883112,0.9447395700983571
26077,LOF,0.009628150629773553,0.01794388856498447,0.9724279608052421
26078,LOF,0.014630429217858197,0.010550421297392325,0.9748191494847495
26079,LOF,0.05989755049587373,0.01675156445247132,0.9233508850516551
26080,LOF,0.05897137931588089,0.016815125567109134,0.92421349511701
26081,LOF,0.04102300080314784,0.0061069310016210136,0.9528700681952311
26082,LOF,0.01776646753903185,0.013808237217053675,0.9684252952439144
26083,LOF,0.13877317661712865,0.012296618114129954,0.8489302052687415
26084,LOF,0.028757836979514843,0.011465415314647898,0.9597767477058373
26085,LOF,0.024027958234014185,0.011111876428716524,0.9648601653372694
26086,LOF,0.025095038348886975,0.010849763559588183,0.9640551980915248
26087,LOF,0.028172683966330228,0.008297760694078558,0.9635295553395912
26088,LOF,0.015945433518929037,0.026726911286593498,0.9573276551944775
26089,LOF,0.04657549508804042,0.02228066717663092,0.9311438377353286
26090,LOF,0.04450025061765294,0.017709600813916284,0.9377901485684308
26091,LOF,0.039507594146252496,0.0062815019951636105,0.9542109038585839
26092,LOF,0.026824269879785773,0.007855513244843652,0.9653202168753706
26093,LOF,0.03958502127129626,0.005852260299238771,0.954562718429465
26094,LOF,0.044332245937378195,0.006624295845833474,0.9490434582167884
26095,LOF,0.0494040408588607,0.014010970531234927,0.9365849886099044
26096,LOF,0.021631989896837654,0.010532129731431255,0.9678358803717312
26097,LOF,0.012032870368966702,0.036490925115533174,0.9514762045155001
26098,LOF,0.07329158782047317,0.010135597573407321,0.9165728146061196
26099,LOF,0.026183994329531536,0.012198865528400554,0.9616171401420679
26100,LOF,0.02816408442313328,0.011747766367300166,0.9600881492095665
26101,LOF,0.05835187597665912,0.011436638257836891,0.9302114857655039
26102,LOF,0.02705220738316421,0.0142050534744611,0.9587427391423746
26103,Neutral,0.8898156767598125,0.01689211812843239,0.09329220511175518
26104,LOF,0.08188826982849488,0.025626293835968136,0.892485436335537
26105,LOF,0.19000376193061655,0.2910036231853591,0.5189926148840244
26106,LOF,0.20180623093194172,0.12995663192090762,0.6682371371471507
26107,LOF,0.23832245141914993,0.09539075560881097,0.6662867929720391
26108,LOF,0.23929648263814174,0.13238058247690918,0.6283229348849491
26109,LOF,0.10217994313349148,0.08173405436849496,0.8160860024980136
26110,LOF,0.23533729609491794,0.007338653324295852,0.7573240505807862
26111,Neutral,0.5029486984985656,0.015698689950292312,0.481352611551142
26112,LOF,0.03361769054299029,0.008501470427929116,0.9578808390290806
26113,LOF,0.0560316023935152,0.015525161087806343,0.9284432365186785
26114,LOF,0.029999161730439056,0.030091654998589474,0.9399091832709715
26115,LOF,0.09743584100797457,0.07055812769256824,0.8320060312994573
26116,LOF,0.06407606161404364,0.06098976191343334,0.8749341764725231
26117,LOF,0.4136237048896291,0.05542091483302299,0.530955380277348
26118,LOF,0.03549103000980456,0.027107435189268444,0.937401534800927
26119,LOF,0.02136377128782107,0.03618864033525907,0.9424475883769198
26120,LOF,0.02837727396193807,0.02599490330083655,0.9456278227372253
26121,LOF,0.05265455557341972,0.08666547782015102,0.8606799666064293
26122,LOF,0.04610390500297784,0.0396082844405929,0.9142878105564292
