feature0,prediction,LoGoFunc_Neutral,LoGoFunc_GOF,LoGoFunc_LOF
25546,Neutral,0.6910145062171427,0.05879362918583997,0.25019186459701726
25547,Neutral,0.5307285014379332,0.09872238379733056,0.37054911476473634
25548,Neutral,0.518218107305884,0.08205923362246832,0.3997226590716476
25549,LOF,0.4516113659642446,0.08349845742599152,0.4648901766097638
25550,LOF,0.37345238652273527,0.13539394048474238,0.4911536729925223
25551,LOF,0.3059087838110844,0.14668016878750526,0.5474110474014103
25552,LOF,0.25507719953151264,0.13939829743595655,0.6055245030325309
25553,Neutral,0.8202879862886878,0.046419381835846214,0.13329263187546597
25554,LOF,0.3073305655799684,0.1278923262046968,0.5647771082153349
25555,LOF,0.2481259597059396,0.12398150375307974,0.6278925365409805
25556,Neutral,0.45333927722671125,0.10730425350486333,0.4393564692684255
25557,LOF,0.2388720607711673,0.1265403748943178,0.6345875643345149
25558,LOF,0.30855028682904656,0.12414616352630935,0.5673035496446441
25559,LOF,0.1802372201916074,0.13242169238813442,0.6873410874202581
25560,LOF,0.167352950607005,0.08180579589666766,0.7508412534963274
25561,LOF,0.15945555233922123,0.09977578311863235,0.7407686645421465
25562,LOF,0.07222843622984455,0.06786039842132445,0.859911165348831
25563,LOF,0.02490200706056157,0.09848033963581096,0.8766176533036276
25564,LOF,0.20313600593647907,0.09740084516455266,0.6994631488989682
25565,LOF,0.21519199385552792,0.1476819952669513,0.6371260108775207
25566,GOF,0.09499090804448013,0.694176897363806,0.21083219459171385
25567,LOF,0.036514785812020584,0.13058432492430969,0.8329008892636698
25568,LOF,0.0600654685150981,0.06423751055374743,0.8756970209311545
25569,LOF,0.05781529338839072,0.0650062504573059,0.8771784561543033
25570,LOF,0.025678351362327125,0.09124743866766111,0.8830742099700117
25571,LOF,0.02478372218604898,0.09372804021364312,0.8814882376003078
25572,LOF,0.06217899258255603,0.10641415966843652,0.8314068477490074
25573,LOF,0.05803118684869656,0.07759389663860533,0.864374916512698
25574,LOF,0.055741731521506716,0.19799586198415495,0.7462624064943384
25575,LOF,0.021724610033457055,0.11227748400321828,0.8659979059633247
25576,LOF,0.03424915188743495,0.14480674530602447,0.8209441028065406
25577,LOF,0.029929776097968333,0.10188588533346637,0.8681843385685654
25578,LOF,0.28694785164762415,0.07138783389399493,0.6416643144583809
25579,LOF,0.13294184288139513,0.07639372751888315,0.7906644295997217
25580,LOF,0.01869638503198897,0.07051917227120745,0.9107844426968037
25581,LOF,0.055273393052009796,0.06052168132272276,0.8842049256252674
25582,LOF,0.05514496046219174,0.05959008908314979,0.8852649504546585
25583,LOF,0.019460117196164497,0.07438641791708427,0.9061534648867513
25584,Neutral,0.6734713780389278,0.0959222965015361,0.2306063254595362
25585,LOF,0.03287729882503304,0.10734344595777842,0.8597792552171886
25586,LOF,0.016584059534947213,0.06257818111232967,0.9208377593527232
25587,LOF,0.016618795472996606,0.05498046889972688,0.9284007356272765
25588,LOF,0.01910535165083767,0.06285302114038349,0.9180416272087788
25589,Neutral,0.4991690872825574,0.19389054958165283,0.30694036313578976
25590,LOF,0.048419102450213865,0.09621395684153228,0.8553669407082538
25591,LOF,0.09938851957638842,0.052210279197200164,0.8484012012264114
25592,LOF,0.05160635961237757,0.11176029156801556,0.8366333488196068
25593,LOF,0.1209849933826865,0.264582594511632,0.6144324121056816
25594,LOF,0.04971770691470925,0.10289863611957602,0.8473836569657148
25595,LOF,0.04569484554186045,0.08034860988398156,0.873956544574158
25596,LOF,0.09819248922891365,0.04475073056886913,0.8570567802022171
25597,LOF,0.08047461672473252,0.05183691293495673,0.8676884703403107
25598,LOF,0.04922984535344748,0.08002166446304244,0.8707484901835101
25599,GOF,0.023292436099290277,0.5347469748330141,0.44196058906769564
25600,GOF,0.1773984735518127,0.49405526173636644,0.3285462647118208
25601,LOF,0.04238356435897032,0.3892046741435903,0.5684117614974394
25602,LOF,0.0321760595292493,0.05413609266924648,0.9136878478015042
25603,LOF,0.0333890995254879,0.031552423232296935,0.935058477242215
25604,LOF,0.03718521131615386,0.0617069036377672,0.9011078850460789
25605,LOF,0.0398663948763696,0.17939816147799573,0.7807354436456346
25606,LOF,0.4305682765135374,0.11747502945122991,0.45195669403523253
25607,LOF,0.024618944750775553,0.17979770835362982,0.7955833468955946
25608,LOF,0.03572753651939899,0.08135026847380933,0.8829221950067917
25609,GOF,0.1548608949674016,0.5413395789554555,0.3037995260771429
25610,LOF,0.01598315867065163,0.027321726798237474,0.956695114531111
25611,LOF,0.015267330337438255,0.03165497568321839,0.9530776939793433
25612,LOF,0.04738436764145917,0.04010986683047267,0.9125057655280682
25613,LOF,0.04694127126669107,0.039586734727856274,0.9134719940054525
25614,LOF,0.022795020055031416,0.0263963202295638,0.9508086597154047
25615,LOF,0.044905036038199994,0.035043043696627,0.920051920265173
25616,LOF,0.045920878012619896,0.025580661243060587,0.9284984607443195
25617,LOF,0.041537715083368495,0.03311005661305127,0.9253522283035802
25618,LOF,0.05314407439946175,0.032810274532086,0.9140456510684521
25619,LOF,0.014326516960987077,0.030815942745529325,0.9548575402934837
25620,LOF,0.06191808534501826,0.03737547239719464,0.9007064422577871
25621,LOF,0.05458900887760904,0.032389947731316676,0.9130210433910744
25622,LOF,0.06304581776341063,0.03252701816382562,0.9044271640727638
25623,LOF,0.07335114816274677,0.031123005038721844,0.8955258467985314
25624,LOF,0.018761620168255423,0.033601090521641785,0.9476372893101028
25625,LOF,0.06926774867927994,0.03894484517253679,0.8917874061481832
25626,LOF,0.04657819421745593,0.03797097552523257,0.9154508302573114
25627,Neutral,0.8877994313863088,0.021055931502738174,0.09114463711095311
25628,LOF,0.14188031062167203,0.059841576065733974,0.7982781133125941
25629,LOF,0.06473851055189513,0.03973756345529001,0.8955239259928147
25630,LOF,0.25167436608594085,0.07089249092747145,0.6774331429865876
25631,Neutral,0.5315291117587148,0.0615611435582373,0.4069097446830479
25632,LOF,0.02774906143060426,0.060687081363947244,0.9115638572054484
25633,LOF,0.20560691148284257,0.03614197571849363,0.7582511127986639
25634,LOF,0.035045815804012614,0.0777274510692541,0.8872267331267332
25635,LOF,0.03741060252050394,0.04442302693658012,0.918166370542916
25636,LOF,0.039077857776525504,0.47116526667962944,0.4897568755438451
25637,GOF,0.07242993395056159,0.4739942973950593,0.4535757686543791
25638,LOF,0.040446611167794466,0.29626598880799465,0.6632874000242109
25639,LOF,0.03721589031064949,0.33317401405385527,0.6296100956354952
25640,Neutral,0.8054637963265254,0.14991433600774082,0.044621867665733776
25641,LOF,0.048560878859321886,0.4258632940713717,0.5255758270693065
25642,LOF,0.041135557152708,0.14728679175553702,0.8115776510917548
25643,LOF,0.18993214207402156,0.1671998657305357,0.6428679921954428
25644,LOF,0.023481993522851057,0.4727268314851089,0.50379117499204
25645,LOF,0.02024910661081447,0.42495201559398027,0.5547988777952052
25646,LOF,0.05313920005076599,0.34629169116227304,0.6005691087869609
25647,LOF,0.023614657611747795,0.25566144197030216,0.72072390041795
25648,LOF,0.03173256943192882,0.23816303973226305,0.7301043908358081
25649,LOF,0.01632244401820573,0.24048517103099618,0.7431923849507981
25650,LOF,0.05074410354919434,0.4032803411267915,0.5459755553240142
25651,LOF,0.017287104834875715,0.26386618615140595,0.7188467090137185
25652,LOF,0.029901052502905173,0.265405038525904,0.7046939089711908
25653,LOF,0.08557123462690645,0.3987112541222094,0.5157175112508842
25654,LOF,0.02494712604534768,0.1946879000056467,0.7803649739490056
25655,LOF,0.23122749084496186,0.36985110099849233,0.3989214081565458
25656,LOF,0.2765364571788388,0.041075430087307886,0.6823881127338532
25657,LOF,0.08078923036740183,0.059367658143468525,0.8598431114891296
25658,LOF,0.39615817021236494,0.04474257475906959,0.5590992550285655
25659,Neutral,0.5450890010177658,0.06521639510313412,0.38969460387910004
25660,LOF,0.026222205131401412,0.07708953063988866,0.8966882642287098
25661,LOF,0.08906979953432288,0.0527808542177493,0.8581493462479277
25662,LOF,0.03111724220952963,0.02860279030565392,0.9402799674848166
25663,LOF,0.03885197954822121,0.04124655104923978,0.9199014694025391
25664,LOF,0.13703454833558792,0.04808081079359945,0.8148846408708127
25665,LOF,0.056297364816005,0.02763056107126561,0.9160720741127293
25666,LOF,0.08576281145275369,0.07131987803888717,0.842917310508359
25667,LOF,0.06559654526867224,0.03429325395309002,0.9001102007782378
25668,LOF,0.03632167734751902,0.04264277263053614,0.9210355500219449
25669,LOF,0.03267295097879602,0.05462052954880404,0.9127065194724
25670,LOF,0.14009507418724915,0.041507257068936154,0.8183976687438146
25671,LOF,0.0962416639930853,0.028129463637096504,0.8756288723698181
25672,LOF,0.05310759208838602,0.03749553804968158,0.9093968698619322
25673,LOF,0.08303057162338594,0.03551011215950287,0.8814593162171113
25674,LOF,0.07221860666128499,0.04667059548803158,0.8811107978506836
25675,LOF,0.11312990503406901,0.042407419930688965,0.8444626750352421
25676,LOF,0.01822463579422589,0.04567592001086449,0.9360994441949096
25677,LOF,0.02580093061010228,0.060868868670023446,0.9133302007198743
25678,LOF,0.19059143782940657,0.05294353615415373,0.7564650260164397
25679,LOF,0.12072026806633764,0.07314940681733313,0.8061303251163293
25680,LOF,0.030404404423793174,0.10374639769515828,0.8658491978810486
25681,LOF,0.047071567772575505,0.09680210326663045,0.8561263289607941
25682,LOF,0.13528275118451769,0.06078430447213076,0.8039329443433516
25683,LOF,0.12130719678290373,0.07870257005150819,0.799990233165588
25684,LOF,0.04031957380038142,0.05746970588271465,0.902210720316904
25685,LOF,0.13715108356175507,0.04600948532977967,0.8168394311084654
25686,LOF,0.07206240911533286,0.09519168000372734,0.8327459108809397
25687,LOF,0.1086950160668205,0.08265371361749645,0.8086512703156831
25688,LOF,0.2935265487111726,0.03540063525425829,0.6710728160345691
25689,LOF,0.2233239491135328,0.041396044983403026,0.7352800059030642
25690,LOF,0.3394601415295424,0.03584978004004714,0.6246900784304105
25691,Neutral,0.6977746577694748,0.02659865295364608,0.275626689276879
25692,LOF,0.2997820305003426,0.011288620143114499,0.6889293493565429
25693,LOF,0.04667022334271235,0.4642875675711507,0.4890422090861368
25694,LOF,0.12525881970466562,0.022758396710552728,0.8519827835847816
25695,LOF,0.1225492449661991,0.019161470644682786,0.8582892843891181
25696,LOF,0.11042341062003995,0.011107286340531302,0.8784693030394288
25697,LOF,0.1235665307572323,0.02666673519249295,0.8497667340502748
25698,LOF,0.344323015038772,0.21855976175178907,0.43711722320943885
25699,LOF,0.44857973712194144,0.048373973623596446,0.5030462892544622
25700,LOF,0.04847670836348343,0.009233174662199733,0.9422901169743169
25701,LOF,0.146629473529327,0.05910670058784623,0.7942638258828268
25702,GOF,0.1759608234286137,0.5311797773114304,0.2928593992599559
25703,LOF,0.01692969695622959,0.15466791423986043,0.8284023888039099
25704,LOF,0.04969118521155422,0.11028640244950967,0.8400224123389362
25705,LOF,0.0591098961578524,0.18882820315527038,0.7520619006868773
25706,LOF,0.0946168645975019,0.35236899623370443,0.5530141391687937
25707,LOF,0.08716739195863901,0.2831260996277631,0.6297065084135978
25708,LOF,0.029041179322561523,0.2847223528398765,0.686236467837562
25709,LOF,0.05589018972292403,0.04138096434303927,0.9027288459340367
25710,LOF,0.011696282023160275,0.13925286151271282,0.8490508564641268
25711,LOF,0.01908124172921018,0.09471073394505358,0.8862080243257362
25712,LOF,0.01356149450676353,0.1824239451769997,0.8040145603162367
25713,LOF,0.018539889118952636,0.0842013627210421,0.8972587481600052
25714,LOF,0.07053754128108554,0.08130054869888843,0.8481619100200259
25715,LOF,0.010465281494592209,0.14429794094259635,0.8452367775628113
25716,LOF,0.014612854024096547,0.1175751889472414,0.867811957028662
25717,LOF,0.013007455411805957,0.08518625400732288,0.901806290580871
25718,LOF,0.011829880472935123,0.10422874563806434,0.8839413738890005
25719,LOF,0.018402257563685628,0.0876987138801254,0.893899028556189
25720,LOF,0.021852056629919018,0.06936662597652345,0.9087813173935575
25721,LOF,0.015121556041816139,0.11255024234265415,0.8723282016155296
25722,LOF,0.012773629477436687,0.12436783945460478,0.8628585310679585
25723,LOF,0.021907604368966646,0.047777447847189694,0.9303149477838437
25724,LOF,0.0220760346486722,0.09025452923567148,0.8876694361156563
25725,LOF,0.011574064267262558,0.0755450668751803,0.9128808688575571
25726,LOF,0.013737978205686098,0.10395985456865314,0.8823021672256608
25727,LOF,0.012798395442836662,0.0861701561634833,0.9010314483936801
25728,LOF,0.00958212630630567,0.11525651608285471,0.8751613576108396
25729,LOF,0.009874936552656331,0.1154266120947572,0.8746984513525864
25730,LOF,0.013303068570113655,0.08823748716493279,0.8984594442649536
25731,LOF,0.021225463152102605,0.12204701321558485,0.8567275236323124
25732,LOF,0.014117351070713309,0.09051061656876114,0.8953720323605255
25733,LOF,0.01526366731531637,0.07996121448978157,0.9047751181949022
25734,LOF,0.012807522316949366,0.1279303196513849,0.8592621580316657
25735,LOF,0.01361344662782875,0.08447754482621546,0.9019090085459559
25736,LOF,0.013829825512622717,0.11435168858397775,0.8718184859033996
25737,LOF,0.021384224779746143,0.08775466368037102,0.8908611115398828
25738,LOF,0.013226079316680088,0.1251241088441898,0.8616498118391301
25739,LOF,0.019491087570710497,0.08819007344712029,0.8923188389821691
25740,LOF,0.025568918058766876,0.10464914578516456,0.8697819361560685
25741,LOF,0.01523275279689755,0.11272076507225856,0.872046482130844
25742,LOF,0.11352728862700168,0.08405727252033073,0.8024154388526675
25743,LOF,0.036086973426535815,0.027243027705536937,0.9366699988679273
25744,Neutral,0.5946492209219981,0.17683816056004809,0.22851261851795382
25745,LOF,0.0793245936765333,0.06269886898024866,0.857976537343218
25746,LOF,0.04150628100151543,0.07361588280980816,0.8848778361886764
25747,LOF,0.023161923217268815,0.042123685291932056,0.934714391490799
25748,LOF,0.10314457388814005,0.05405767998703366,0.8427977461248264
25749,LOF,0.028021226039246252,0.07049653372890909,0.9014822402318446
25750,LOF,0.0863167335574883,0.07411330052409439,0.8395699659184173
25751,LOF,0.091405008424139,0.05327784669666249,0.8553171448791985
25752,GOF,0.10230415713849347,0.6620716175145677,0.2356242253469388
25753,LOF,0.019303553204271906,0.26482582324949316,0.715870623546235
25754,GOF,0.010269643221669983,0.774681191479742,0.21504916529858795
25755,LOF,0.0254915046010558,0.36149068181594285,0.6130178135830014
25756,LOF,0.04090502734692504,0.3624754982607966,0.5966194743922784
25757,GOF,0.01378094012058108,0.8303762284715314,0.15584283140788763
25758,GOF,0.02640575204738479,0.8264422449220941,0.14715200303052123
25759,GOF,0.011953395532137196,0.5303793141424481,0.4576672903254147
25760,LOF,0.012342761457918131,0.22690336755262594,0.760753870989456
25761,GOF,0.27092769273238354,0.6295638735763379,0.09950843369127861
25762,LOF,0.037039757922298834,0.25181735398652627,0.7111428880911749
25763,LOF,0.014158539769234443,0.19981709670589992,0.7860243635248656
25764,GOF,0.07023323753917227,0.6204426316977188,0.30932413076310894
25765,GOF,0.04273720565856311,0.7535560467347255,0.20370674760671134
25766,GOF,0.056955011388327655,0.7694596800011486,0.17358530861052376
25767,GOF,0.15252691436545185,0.4507529403024238,0.39672014533212435
25768,LOF,0.0926650955791309,0.06652386958009078,0.8408110348407785
25769,LOF,0.06432341088272595,0.06245393053782646,0.8732226585794476
25770,LOF,0.27475812166639507,0.08605762631523517,0.6391842520183698
25771,LOF,0.04071319040705363,0.05025423590600998,0.9090325736869364
25772,LOF,0.01647277911180767,0.031052651147352558,0.9524745697408398
25773,LOF,0.04296378637532822,0.08811131684330863,0.8689248967813632
25774,LOF,0.02788887315272136,0.06865892596613739,0.9034522008811413
25775,LOF,0.04519979769803524,0.046450603106874204,0.9083495991950905
25776,LOF,0.0713967415822447,0.025186201883279316,0.9034170565344759
25777,LOF,0.31731829405919976,0.0520101723996054,0.630671533541195
25778,LOF,0.06476874428034042,0.044792641742786944,0.8904386139768726
25779,GOF,0.3649796583827322,0.58602288497655,0.04899745664071776
25780,GOF,0.30897148668175933,0.6153380972478875,0.0756904160703532
25781,GOF,0.13480121336774983,0.750380351283483,0.11481843534876705
25782,GOF,0.2035741091197159,0.7237706668520051,0.07265522402827898
25783,GOF,0.0311670215946568,0.6334927126493096,0.33534026575603354
25784,Neutral,0.47916946236011476,0.47771213798222806,0.04311839965765705
25785,GOF,0.4386264431482794,0.5193670471127307,0.04200650973898973
25786,GOF,0.026766786584724152,0.7436034754942125,0.2296297379210635
25787,Neutral,0.6257920153595129,0.3485753842807447,0.025632600359742377
25788,LOF,0.047098419734404096,0.10045145618768235,0.8524501240779135
25789,GOF,0.19014976302990366,0.665034407131996,0.14481582983810026
25790,GOF,0.20841430817137457,0.6831128609345167,0.10847283089410874
25791,GOF,0.1408024528436806,0.6786339688525852,0.18056357830373432
25792,GOF,0.3398375823277956,0.5299810382389915,0.13018137943321292
25793,GOF,0.2692325139980891,0.5153385417708362,0.21542894423107475
25794,GOF,0.2997010949392979,0.5283221756053124,0.17197672945538972
25795,GOF,0.07780928259298087,0.6987639474939623,0.2234267699130569
25796,Neutral,0.5256514153754217,0.3909289055617278,0.0834196790628504
25797,GOF,0.08615619404687362,0.5586157571706827,0.35522804878244363
25798,GOF,0.009329553225395307,0.5111446971581992,0.4795257496164055
25799,LOF,0.006898327347383022,0.39235557644754393,0.600746096205073
25800,GOF,0.030130293957226564,0.5808679768856441,0.3890017291571294
25801,GOF,0.190945913706762,0.6680397133181688,0.14101437297506925
25802,GOF,0.07558745306317706,0.6772408807916586,0.24717166614516436
25803,GOF,0.03462964157580448,0.5648137386018768,0.4005566198223187
25804,LOF,0.03253367546969919,0.4836391555765476,0.4838271689537532
25805,GOF,0.09498756786865367,0.6048590241880497,0.30015340794329665
25806,GOF,0.08797983469958869,0.5778892809620649,0.3341308843383463
25807,GOF,0.019075913926623958,0.622395320462768,0.3585287656106079
25808,GOF,0.07929523157041551,0.6310790535393225,0.28962571489026206
25809,GOF,0.01739925182066277,0.5695045285599747,0.41309621961936255
25810,GOF,0.01652978253902287,0.5992573211671377,0.38421289629383937
25811,GOF,0.45840487870854124,0.45947213240413,0.08212298888732873
25812,GOF,0.02896680294290395,0.6258890357074982,0.3451441613495977
25813,Neutral,0.5021633164949934,0.3994083250618584,0.09842835844314828
25814,GOF,0.1148725908439579,0.6389455101724792,0.24618189898356282
25815,GOF,0.1869615767509558,0.620863486462137,0.19217493678690736
25816,GOF,0.023965239084157278,0.7048207511429001,0.27121400977294263
25817,GOF,0.23974675602043116,0.6221469691692482,0.13810627481032065
25818,GOF,0.05254037415841656,0.6725504769027453,0.2749091489388382
25819,GOF,0.36230053370567894,0.4978421827584871,0.13985728353583407
25820,GOF,0.1823756845696751,0.6061687295217231,0.21145558590860186
25821,GOF,0.06047649946939661,0.6615078267995536,0.2780156737310499
25822,GOF,0.22515286879094465,0.564097675263797,0.21074945594525843
25823,GOF,0.03265621224181283,0.5273049684903387,0.44003881926784844
25824,GOF,0.09190700326934467,0.6081978762250329,0.2998951205056224
25825,GOF,0.03675775220545588,0.6042735842132781,0.35896866358126617
25826,GOF,0.015333950645157938,0.5817502872768597,0.4029157620779822
25827,GOF,0.02343354281420165,0.5890892514264638,0.38747720575933464
25828,GOF,0.013285780565594553,0.5185765007594144,0.4681377186749911
25829,GOF,0.005711929164370445,0.5646674809360895,0.4296205898995401
25830,LOF,0.03176576470698799,0.2878405369526014,0.6803936983404106
25831,GOF,0.2198256697791772,0.6677684902906172,0.11240583993020556
25832,GOF,0.03207265849340392,0.7001703865974593,0.26775695490913665
25833,GOF,0.11439264723683046,0.7176503863915963,0.16795696637157329
25834,GOF,0.030795342299007766,0.7117449883199551,0.2574596693810371
25835,GOF,0.06245571286839731,0.7538376323568495,0.18370665477475326
25836,GOF,0.03222887937140392,0.6826996770088269,0.2850714436197691
25837,GOF,0.028071167934848852,0.6026884179778608,0.3692404140872903
25838,GOF,0.09212281662257323,0.7620041383880086,0.14587304498941817
25839,GOF,0.26689483445570933,0.5859510610192281,0.14715410452506247
25840,GOF,0.2571013688002879,0.6079578877880307,0.13494074341168136
25841,GOF,0.234276353430803,0.6392931364549914,0.1264305101142056
25842,GOF,0.1503394556825687,0.7214664214437323,0.12819412287369902
25843,GOF,0.20150200297497597,0.7025530174571576,0.09594497956786649
25844,GOF,0.06327897615913777,0.7099162321636932,0.2268047916771692
25845,GOF,0.015687060809289742,0.4960838294343893,0.48822910975632083
25846,GOF,0.12690080363072567,0.7324736040205142,0.14062559234876015
25847,GOF,0.10385833591176098,0.779911286934702,0.11623037715353696
25848,GOF,0.0342168111503654,0.71182438510235,0.2539588037472846
25849,GOF,0.010415458888143677,0.6038620818690178,0.38572245924283854
25850,GOF,0.020255660225484178,0.6447891319368446,0.33495520783767113
25851,GOF,0.016020557586239034,0.5324495814228088,0.4515298609909521
25852,GOF,0.15465502841939677,0.5709770212359101,0.27436795034469313
25853,GOF,0.34373985528618184,0.5813479442570112,0.07491220045680705
25854,GOF,0.019587567222969875,0.621337375933328,0.35907505684370217
25855,GOF,0.03482772519771052,0.5554176651884674,0.4097546096138221
25856,GOF,0.23313834391984184,0.5451837883931362,0.22167786768702202
25857,GOF,0.040777464292012615,0.511358467205613,0.4478640685023744
25858,GOF,0.02063107585233338,0.523452482297154,0.4559164418505125
25859,GOF,0.010366339154562457,0.49586343572261554,0.493770225122822
25860,GOF,0.3681820272271486,0.5491306310258443,0.0826873417470072
25861,GOF,0.42213705958544223,0.5103622914770706,0.0675006489374871
25862,GOF,0.08731690947489285,0.7650347096556112,0.1476483808694959
25863,GOF,0.08404414770854639,0.7695061824401898,0.1464496698512639
25864,GOF,0.19223242771257043,0.7154722202697973,0.09229535201763231
25865,GOF,0.08355424907107258,0.7948134062219394,0.12163234470698812
25866,GOF,0.05653410517304347,0.7714998894530823,0.17196600537387421
25867,GOF,0.08367440987465438,0.8076458970997898,0.10867969302555576
25868,GOF,0.2490457275488191,0.6467977196950415,0.10415655275613939
25869,Neutral,0.7008443521021023,0.2550242603800599,0.04413138751783778
25870,GOF,0.265598986132538,0.41872986077623087,0.3156711530912311
25871,GOF,0.22131588462042698,0.6406934767591972,0.13799063862037575
25872,GOF,0.07952228837233939,0.6521076678681662,0.2683700437594944
25873,GOF,0.10583204743323452,0.6936815681507774,0.20048638441598804
25874,LOF,0.014021806349780576,0.1119768569365147,0.8740013367137046
25875,LOF,0.08478530365557263,0.04459087530958426,0.8706238210348431
25876,LOF,0.037196529912812734,0.029556926258611605,0.9332465438285756
25877,Neutral,0.5117617535280233,0.04314326494927754,0.4450949815226992
25878,LOF,0.21592576852542972,0.09138831174926129,0.692685919725309
25879,LOF,0.08678426934704887,0.08973716447201786,0.8234785661809333
25880,LOF,0.041202309123960286,0.014605492533061227,0.9441921983429785
25881,LOF,0.15270162824669328,0.14681406998165183,0.7004843017716548
25882,LOF,0.06231017739277157,0.01765675884099897,0.9200330637662294
25883,LOF,0.06278286938856768,0.02197004248514792,0.9152470881262843
25884,LOF,0.03180231979056724,0.03298251636662032,0.9352151638428124
25885,LOF,0.059571211356007715,0.011799924887529914,0.9286288637564625
25886,LOF,0.2643109418873332,0.04372709930156478,0.6919619588111021
25887,LOF,0.14285101334222494,0.08231548496918505,0.7748335016885901
25888,LOF,0.06141899953615054,0.06855492142483649,0.870026079039013
25889,LOF,0.03989341176744463,0.02253605862229815,0.9375705296102572
25890,LOF,0.05291405306561248,0.16631376406877155,0.780772182865616
25891,LOF,0.03685130354793653,0.04985418158525313,0.9132945148668103
25892,LOF,0.0885429834952708,0.022244451141349094,0.8892125653633802
25893,LOF,0.24908280285920656,0.019207250231735914,0.7317099469090576
25894,LOF,0.1886211119580459,0.01080009633822097,0.8005787917037331
25895,LOF,0.19511309181195605,0.019841350676076324,0.7850455575119676
25896,LOF,0.05206676642225808,0.019437899577564328,0.9284953340001776
25897,LOF,0.2603108897525792,0.011740932390703285,0.7279481778567175
25898,Neutral,0.7151247923205473,0.010062433780272793,0.2748127738991798
25899,LOF,0.2166146338847734,0.022913445332584183,0.7604719207826425
25900,LOF,0.4644082448413944,0.011704323919956135,0.5238874312386493
25901,LOF,0.04894061895242582,0.011522390185361947,0.9395369908622123
25902,LOF,0.17536816055981755,0.014170026936819595,0.8104618125033629
25903,Neutral,0.5957787731355813,0.03125932873038904,0.3729618981340297
25904,LOF,0.31671511016942,0.04305041720537952,0.6402344726252004
25905,LOF,0.0275002989989102,0.3336992370561845,0.6388004639449053
25906,LOF,0.033009457592007456,0.0789964749695518,0.8879940674384408
25907,LOF,0.014131382289389352,0.33267570909291133,0.6531929086176993
25908,LOF,0.009764021008876378,0.26565176424843734,0.7245842147426863
25909,LOF,0.012192016777061358,0.13806132347288053,0.849746659750058
25910,LOF,0.049053184914021275,0.15033497220465328,0.8006118428813254
25911,LOF,0.18763610857283763,0.02765245767908097,0.7847114337480814
25912,LOF,0.04521512689215055,0.051790560815953034,0.9029943122918964
25913,LOF,0.3566675498377664,0.0240471388371874,0.6192853113250462
25914,LOF,0.022715178702575545,0.04628562057866242,0.9309992007187621
25915,Neutral,0.5840407706340137,0.1363193451598734,0.2796398842061129
25916,LOF,0.09039239369021099,0.19165781151447273,0.7179497947953163
25917,LOF,0.0734042560606682,0.03256333098765199,0.8940324129516798
25918,LOF,0.02345203233247395,0.027754442938386692,0.9487935247291395
25919,LOF,0.020685285010490093,0.029744683696768765,0.9495700312927412
25920,GOF,0.11271900920038147,0.5077489871081838,0.3795320036914347
25921,LOF,0.02735440987355933,0.03729399750462006,0.9353515926218205
25922,LOF,0.036325689678745395,0.026332889779647022,0.9373414205416075
25923,LOF,0.47832199452556406,0.0345794854181367,0.48709852005629933
25924,LOF,0.03731513940897157,0.04493585211516624,0.9177490084758622
25925,LOF,0.0761201924970694,0.03715078651743678,0.8867290209854939
25926,LOF,0.0513425395370576,0.035257225061421434,0.9134002354015209
25927,LOF,0.061572761027573884,0.1395918304193303,0.7988354085530958
25928,LOF,0.019124568423937276,0.05541050020094879,0.9254649313751139
25929,Neutral,0.5965306400912712,0.03667697852223351,0.36679238138649534
25930,LOF,0.07705816041788467,0.029469414896658126,0.8934724246854573
25931,LOF,0.027465958138765997,0.03249914768563897,0.940034894175595
25932,LOF,0.029543928807958524,0.028363924137215297,0.9420921470548262
25933,LOF,0.04048120610642448,0.017507593240492107,0.9420112006530834
25934,LOF,0.024688099550215007,0.020273359622645152,0.9550385408271399
25935,LOF,0.0635688376812908,0.04926894640459258,0.8871622159141167
25936,LOF,0.04274732292298387,0.023751675182867967,0.9335010018941481
25937,LOF,0.028883337417733763,0.039676008258131015,0.9314406543241353
25938,LOF,0.06604426503645765,0.05002427846691995,0.8839314564966224
25939,LOF,0.04238639282253505,0.021046454851880992,0.9365671523255841
25940,LOF,0.04021202152225445,0.33373113257841136,0.6260568458993343
25941,LOF,0.18089068087535123,0.10895017688872437,0.7101591422359245
25942,LOF,0.011936666856802485,0.03120353349480076,0.9568597996483968
25943,LOF,0.29259252942283964,0.06662331115616518,0.6407841594209952
25944,Neutral,0.4909445271382563,0.02595740535066297,0.48309806751108075
25945,LOF,0.07599659272932438,0.018956941145611316,0.9050464661250643
25946,LOF,0.03628203196643588,0.10456520903954654,0.8591527589940177
25947,LOF,0.10869201978264426,0.1747703048516791,0.7165376753656767
25948,LOF,0.3691056275282193,0.007431014270968691,0.623463358200812
25949,LOF,0.12745639542273363,0.04022456186870846,0.8323190427085579
25950,Neutral,0.34362902600731626,0.3229644556265231,0.3334065183661606
25951,LOF,0.20985864412538432,0.24612185129667008,0.5440195045779456
25952,LOF,0.05003283019925325,0.40731577290384535,0.5426513968969013
25953,LOF,0.14629096766727104,0.11408799552235366,0.7396210368103753
25954,Neutral,0.4112965199153844,0.1818542555648028,0.4068492245198127
25955,LOF,0.07098874186228632,0.0774402043234284,0.8515710538142852
25956,LOF,0.1469093910768232,0.12841008767388973,0.7246805212492871
25957,LOF,0.037307083306787996,0.029866442636315712,0.9328264740568963
25958,LOF,0.05634411851735228,0.025042168000164573,0.9186137134824832
25959,LOF,0.07052336558213022,0.33110909734117455,0.5983675370766952
25960,LOF,0.015035092222252678,0.048809270404446534,0.9361556373733007
25961,LOF,0.04261031296989455,0.025422731878794638,0.9319669551513108
25962,LOF,0.05073263176704171,0.02597547664537527,0.9232918915875832
25963,LOF,0.04417668056659343,0.19404058875927513,0.7617827306741315
25964,LOF,0.03203896441045288,0.15524064521893893,0.8127203903706082
25965,LOF,0.4282772798343987,0.06655212287885483,0.5051705972867464
25966,Neutral,0.4948692619672187,0.18890868214814743,0.3162220558846338
25967,LOF,0.015613906015389272,0.12444697303448662,0.8599391209501241
25968,LOF,0.03744653724661315,0.356355189148462,0.6061982736049248
25969,LOF,0.03411820896792625,0.06487956982531094,0.9010022212067628
25970,LOF,0.05975230230632379,0.05721031123309977,0.8830373864605764
25971,LOF,0.06800602323268089,0.017680657588321207,0.9143133191789979
25972,LOF,0.06612522560617776,0.02603460486201066,0.9078401695318116
25973,LOF,0.07358249323876835,0.010097202165356681,0.9163203045958749
25974,LOF,0.180063382207306,0.015036816614432484,0.8048998011782615
25975,LOF,0.04674043711425865,0.028509376233099036,0.9247501866526423
25976,LOF,0.041784811392356326,0.016067616614586874,0.9421475719930569
25977,LOF,0.1486349530439896,0.08966482975069588,0.7617002172053146
25978,LOF,0.14923275668922192,0.1016342367978386,0.7491330065129395
25979,LOF,0.13479012161246762,0.10142839789161176,0.7637814804959208
25980,LOF,0.22165492807127726,0.12376677114962208,0.6545783007791007
25981,LOF,0.24960064416804711,0.12305021411585988,0.627349141716093
25982,LOF,0.39062189462043173,0.08397987271407187,0.5253982326654965
25983,LOF,0.37715320414102393,0.09506971852841202,0.527777077330564
25984,LOF,0.044624650594260074,0.05158573083654474,0.9037896185691953
25985,LOF,0.04038999193831078,0.28236002889917466,0.6772499791625145
25986,LOF,0.04470857275911299,0.3191311070405209,0.6361603202003663
25987,LOF,0.09328778498674933,0.06924884464848642,0.8374633703647641
25988,LOF,0.152201253903204,0.06052957919017444,0.7872691669066215
25989,LOF,0.03304404063959578,0.12221936740119634,0.8447365919592079
25990,LOF,0.03910669556007472,0.17160402952849244,0.7892892749114329
25991,LOF,0.1227790062870045,0.24673595347133703,0.6304850402416584
25992,LOF,0.2866229548878343,0.1509152135005966,0.562461831611569
25993,LOF,0.02281770058575455,0.06527197383189608,0.9119103255823494
25994,LOF,0.01810073644631102,0.08507565898951307,0.8968236045641759
25995,LOF,0.02338441136110703,0.18113073467559732,0.7954848539632957
25996,GOF,0.32483789316807954,0.4127961352095231,0.26236597162239744
25997,LOF,0.08692150347517387,0.3571862179709087,0.5558922785539173
25998,Neutral,0.5080694550599317,0.02713527941845062,0.46479526552161754
25999,LOF,0.09880442840678547,0.10759608766275813,0.7935994839304564
26000,LOF,0.14868691177185236,0.04632810809388939,0.8049849801342582
26001,LOF,0.204806752884387,0.05293621501095997,0.7422570321046531
26002,LOF,0.11927512222088361,0.03923247537106321,0.8414924024080531
26003,GOF,0.010658170714760757,0.5678000819810903,0.42154174730414884
26004,GOF,0.02009461091036549,0.6651618162917483,0.3147435727978862
26005,LOF,0.006434730076162219,0.45394773501627633,0.5396175349075615
26006,Neutral,0.5009918346510113,0.2577006273835488,0.24130753796543986
26007,GOF,0.02000895878123485,0.49799074815340816,0.482000293065357
26008,GOF,0.01749842048261768,0.5981863099951913,0.38431526952219086
26009,GOF,0.020168873658385912,0.6573627594167867,0.3224683669248274
26010,GOF,0.022641804332000262,0.6303709543675069,0.34698724130049285
26011,LOF,0.0065128482867071345,0.42061016876992885,0.5728769829433641
26012,GOF,0.012336740862224896,0.5362058387401318,0.4514574203976432
26013,GOF,0.020489474241327056,0.6021053668318983,0.3774051589267746
26014,LOF,0.03855184864365355,0.1113714297995737,0.8500767215567726
26015,LOF,0.15141076192629574,0.015787507981750805,0.8328017300919535
26016,LOF,0.19048326446316535,0.06523161515501939,0.7442851203818153
26017,LOF,0.21090319910783606,0.10387859710990845,0.6852182037822554
26018,LOF,0.0766734240202091,0.040411006828327774,0.8829155691514631
26019,LOF,0.0737257757511334,0.03136194974197746,0.8949122745068891
26020,LOF,0.06454188536625578,0.11636787784204569,0.8190902367916985
26021,LOF,0.04588887490504466,0.11971102814181013,0.8344000969531452
26022,LOF,0.011021001915062905,0.039312958524581505,0.9496660395603556
26023,LOF,0.06334808708491753,0.024014361585031355,0.9126375513300512
26024,LOF,0.029202995498431465,0.12159459080451944,0.8492024136970492
26025,LOF,0.146825190125599,0.09946935723969172,0.7537054526347094
26026,LOF,0.327055008754621,0.02936689104736414,0.6435781001980149
26027,LOF,0.0566168891912608,0.01942188924477296,0.9239612215639662
26028,LOF,0.15801968056659568,0.06411916583932864,0.7778611535940757
26029,LOF,0.06149332467562125,0.150996807474863,0.7875098678495158
26030,LOF,0.021781950099584144,0.035410820196161735,0.9428072297042541
26031,LOF,0.024520577009865728,0.11312370961643006,0.8623557133737042
26032,LOF,0.062331634121469255,0.05107470364073808,0.8865936622377928
26033,LOF,0.08332969862625811,0.04930271296402723,0.8673675884097146
26034,LOF,0.04012250918723551,0.13095535365069103,0.8289221371620734
26035,LOF,0.023903905220751274,0.12754238635018508,0.8485537084290636
26036,LOF,0.035826608308790656,0.1451229479696284,0.8190504437215809
26037,LOF,0.020080994823928083,0.10080676046940479,0.879112244706667
26038,LOF,0.05932009754230831,0.05247342803109306,0.8882064744265986
26039,LOF,0.045701283306172194,0.1257913238222533,0.8285073928715745
26040,LOF,0.21113107170008663,0.09362427854432692,0.6952446497555864
26041,LOF,0.020375436844806274,0.09641219649356836,0.8832123666616253
26042,LOF,0.018867554194245618,0.09074882137420326,0.8903836244315511
26043,LOF,0.0602968572551279,0.06069078006194052,0.8790123626829315
26044,LOF,0.019182183510801542,0.04564792839929954,0.9351698880898989
26045,LOF,0.06630598841082454,0.08087288834886508,0.8528211232403103
26046,LOF,0.05621974403881352,0.051607967943282596,0.8921722880179038
26047,LOF,0.07421879878743239,0.05369961421041628,0.8720815870021513
26048,LOF,0.046249182657302886,0.02969524500867358,0.9240555723340235
26049,Neutral,0.9676080329384932,0.0051501659124704455,0.027241801149036533
26050,Neutral,0.9508169600532589,0.006635649895814048,0.04254739005092697
26051,LOF,0.048998943534493716,0.2459125869968964,0.7050884694686099
26052,LOF,0.06890509668385832,0.286488604602485,0.6446062987136567
26053,LOF,0.06252642478197765,0.15234424085070486,0.7851293343673174
26054,LOF,0.05220106636558525,0.017193732065643726,0.930605201568771
26055,LOF,0.0728527051220577,0.015127069626412812,0.9120202252515295
26056,LOF,0.06266648820577068,0.017129534203609048,0.9202039775906202
26057,LOF,0.03126248509289241,0.011555497817029121,0.9571820170900784
26058,LOF,0.03223708448213744,0.009408284556931231,0.9583546309609314
26059,LOF,0.27641604694717803,0.022180421493702928,0.701403531559119
26060,LOF,0.040821534950043675,0.19039849911261245,0.768779965937344
26061,LOF,0.01693678362376809,0.012157098456388305,0.9709061179198436
26062,LOF,0.00994138239659412,0.017257261011266244,0.9728013565921396
26063,LOF,0.01886543636954287,0.010342759740853432,0.9707918038896036
26064,LOF,0.018260589212620724,0.02501509010568854,0.9567243206816907
26065,LOF,0.024306230772441154,0.010774367780296749,0.9649194014472622
26066,LOF,0.01944552316452745,0.010122572684451018,0.9704319041510214
26067,LOF,0.025777003953169574,0.008102573318657423,0.966120422728173
26068,LOF,0.04371582944546334,0.02683889479057822,0.9294452757639584
26069,LOF,0.26711403247891363,0.01917981309406872,0.7137061544270176
26070,LOF,0.4283444294643976,0.015504830621273275,0.5561507399143291
26071,LOF,0.018918999950797526,0.010980171314015049,0.9701008287351874
26072,LOF,0.01807467583489053,0.017187009934805896,0.9647383142303035
26073,LOF,0.01906927098250923,0.010681682564460249,0.9702490464530306
26074,Neutral,0.914847998468776,0.005648256106455583,0.0795037454247685
26075,LOF,0.04599068658549091,0.013052043870246182,0.940957269544263
26076,LOF,0.03447172419831311,0.00836752908663684,0.9571607467150501
26077,LOF,0.009082519358683601,0.014110589001562684,0.9768068916397538
26078,LOF,0.014065111057564167,0.011805146547834348,0.9741297423946014
26079,LOF,0.06304408334336829,0.01569887925165577,0.921257037404976
26080,LOF,0.06151611916780974,0.01575609466963717,0.9227277861625531
26081,LOF,0.03278544422792012,0.0062466125818628395,0.960967943190217
26082,LOF,0.01273699629246023,0.013605278800236367,0.9736577249073034
26083,LOF,0.1880645770009658,0.01312159607763825,0.798813826921396
26084,LOF,0.04265675139354412,0.011693947479417665,0.9456493011270383
26085,LOF,0.03811161332470894,0.01105976695633535,0.9508286197189557
26086,LOF,0.019625172048357568,0.011054331931158966,0.9693204960204834
26087,LOF,0.02274850564770519,0.008390353121201052,0.9688611412310938
26088,LOF,0.015719699223718207,0.023583798935651417,0.9606965018406304
26089,LOF,0.04201199966188544,0.021767578643526724,0.9362204216945877
26090,LOF,0.04218562097771082,0.01746786991664224,0.940346509105647
26091,LOF,0.030736958287512276,0.005868049895244335,0.9633949918172433
26092,LOF,0.020990374595748523,0.007495071811973423,0.971514553592278
26093,LOF,0.03174020940016671,0.005808139584673941,0.9624516510151594
26094,LOF,0.03197275871743239,0.005676055926752433,0.9623511853558152
26095,LOF,0.035792275816925394,0.01326797423469458,0.9509397499483802
26096,LOF,0.015454955816261518,0.010302082484818424,0.9742429616989201
26097,LOF,0.01143780695793776,0.035361878369607566,0.9532003146724546
26098,LOF,0.08805612302240677,0.010399139917552546,0.9015447370600406
26099,LOF,0.019956320548279005,0.011463411489662474,0.9685802679620584
26100,LOF,0.02190131807794911,0.01111156827588699,0.966987113646164
26101,LOF,0.04261745108408528,0.01683722106361737,0.9405453278522974
26102,LOF,0.019796669620951286,0.011658355816731235,0.9685449745623175
26103,Neutral,0.8809881039885328,0.01789979698203614,0.10111209902943107
26104,LOF,0.08138034793860924,0.022368096492573087,0.8962515555688176
26105,LOF,0.18155331640383351,0.30009690745844847,0.518349776137718
26106,LOF,0.1705919021368767,0.13246986114777395,0.6969382367153495
26107,LOF,0.21922303610605995,0.09120196454080072,0.6895749993531394
26108,LOF,0.20281962032120157,0.10665719691455071,0.6905231827642477
26109,LOF,0.07620593621912035,0.06117751683413431,0.8626165469467454
26110,LOF,0.1990739837026107,0.007051926688249032,0.7938740896091402
26111,Neutral,0.4942293995033621,0.024472160030289784,0.481298440466348
26112,LOF,0.030529440904262753,0.007474184893814811,0.9619963742019225
26113,LOF,0.059795288531937676,0.016588600520040887,0.9236161109480215
26114,LOF,0.024457097229028113,0.02924852820043364,0.9462943745705382
26115,LOF,0.08605940548647803,0.06180198352977115,0.8521386109837509
26116,LOF,0.06461672141549037,0.06028771399583072,0.875095564588679
26117,LOF,0.45050949630935055,0.04068031345404339,0.508810190236606
26118,LOF,0.03348709387020352,0.024683449196409638,0.9418294569333868
26119,LOF,0.024042786375414894,0.03471570013766414,0.9412415134869211
26120,LOF,0.02507477915588639,0.01870499907184225,0.9562202217722713
26121,LOF,0.044252461152708034,0.08002193913115235,0.8757255997161396
26122,LOF,0.04074523151877674,0.035826803885378386,0.923427964595845
