feature0,prediction,LoGoFunc_Neutral,LoGoFunc_GOF,LoGoFunc_LOF
25546,Neutral,0.6098354002413016,0.051862156152264735,0.33830244360643363
25547,Neutral,0.47978233819237665,0.08639952944646023,0.4338181323611632
25548,Neutral,0.479443933365881,0.0711909802346605,0.4493650863994585
25549,LOF,0.41363762851976704,0.0747715221595427,0.5115908493206902
25550,LOF,0.35018734913314303,0.10405517543479033,0.5457574754320667
25551,LOF,0.2839976919805324,0.11663197831714248,0.5993703297023252
25552,LOF,0.2674488453658979,0.1156366631058526,0.6169144915282494
25553,Neutral,0.7932940941429247,0.04354035299290892,0.1631655528641664
25554,LOF,0.3116800132948234,0.10262704629678998,0.5856929404083866
25555,LOF,0.2630650508990271,0.09734225352822966,0.6395926955727432
25556,LOF,0.44092495431080697,0.08412767702786367,0.47494736866132936
25557,LOF,0.2533329955797886,0.10288643875284023,0.6437805656673712
25558,LOF,0.3083942773301809,0.09854845798029678,0.5930572646895224
25559,LOF,0.267398085835312,0.1530760097533046,0.5795259044113834
25560,LOF,0.17602440587687515,0.10003480101480586,0.723940793108319
25561,LOF,0.16648130724115662,0.12226912606044042,0.711249566698403
25562,LOF,0.07800575613273343,0.07350595770538801,0.8484882861618785
25563,LOF,0.03464131172172005,0.12435199656208537,0.8410066917161946
25564,LOF,0.21648579440880128,0.10533705759857159,0.6781771479926272
25565,LOF,0.21264735538481602,0.13697305088190548,0.6503795937332785
25566,GOF,0.08717651618360578,0.6637743953577531,0.24904908845864115
25567,LOF,0.04377848015368863,0.2084246474738052,0.7477968723725061
25568,LOF,0.06432282527902393,0.10540237729318204,0.8302747974277941
25569,LOF,0.05983785014584028,0.10239320458174696,0.8377689452724127
25570,LOF,0.0276472628298548,0.1272889210751838,0.8450638160949614
25571,LOF,0.027171305072835775,0.1386237796887565,0.8342049152384076
25572,LOF,0.06565650249420746,0.1529855398618425,0.7813579576439501
25573,LOF,0.05511775749336212,0.12194296509713314,0.8229392774095048
25574,LOF,0.05534169598179962,0.282607917746652,0.6620503862715483
25575,LOF,0.023130154723872663,0.14745005551475854,0.8294197897613689
25576,LOF,0.029495890228962797,0.20255595235606547,0.7679481574149718
25577,LOF,0.034079745564315686,0.14009505237951675,0.8258252020561676
25578,LOF,0.30208798869449116,0.12911912588381294,0.5687928854216959
25579,LOF,0.13855531962681997,0.1316744563755127,0.7297702239976673
25580,LOF,0.0200809457703954,0.10445434258777206,0.8754647116418325
25581,LOF,0.05201526193109031,0.0930261851623652,0.8549585529065445
25582,LOF,0.05198002236408026,0.09148487788340769,0.8565350997525121
25583,LOF,0.022942741550227415,0.11074211130559146,0.8663151471441811
25584,Neutral,0.672230489781117,0.15930533856652987,0.16846417165235303
25585,LOF,0.020116742519701566,0.19641211605448616,0.7834711414258123
25586,LOF,0.017374785191285085,0.09718278269846728,0.8854424321102476
25587,LOF,0.016713115433179753,0.0885140023152609,0.8947728822515595
25588,LOF,0.020277329906143417,0.09722431821549873,0.8824983518783578
25589,Neutral,0.4623104144675561,0.28953872167754663,0.24815086385489732
25590,LOF,0.0528139239637208,0.15982554423595582,0.7873605318003233
25591,LOF,0.09375241681112348,0.08205430638557819,0.8241932768032983
25592,LOF,0.056864485139828905,0.18968107653847133,0.7534544383216997
25593,LOF,0.09821416881897124,0.34746534476748114,0.5543204864135476
25594,LOF,0.04384810137152452,0.10242920663582278,0.8537226919926526
25595,LOF,0.0458023326802038,0.07150749708321562,0.8826901702365807
25596,LOF,0.10505921739172736,0.035154865019536616,0.859785917588736
25597,LOF,0.08553653210931936,0.0427988188123389,0.8716646490783418
25598,LOF,0.043152936522704737,0.07245514734972942,0.8843919161275658
25599,LOF,0.02109621436144546,0.44332612207275574,0.5355776635657988
25600,GOF,0.1633985719002555,0.46500397971554064,0.3715974483842039
25601,LOF,0.040339892169835044,0.3433132598752743,0.6163468479548906
25602,LOF,0.03514401994813308,0.06642434255776168,0.8984316374941053
25603,LOF,0.036637306646875,0.04237422907181628,0.9209884642813086
25604,LOF,0.03987958045249535,0.08455587058559748,0.8755645489619073
25605,LOF,0.03617710393750149,0.20360594209224855,0.7602169539702499
25606,LOF,0.3989771885347433,0.1506801425444247,0.4503426689208321
25607,LOF,0.029487883438988127,0.1856315748706509,0.784880541690361
25608,LOF,0.04249335692108465,0.09558853350308627,0.861918109575829
25609,GOF,0.15246387857902843,0.535304681615084,0.31223143980588747
25610,LOF,0.01461372813027512,0.05097479170183815,0.9344114801678868
25611,LOF,0.01275416077214457,0.05089070522801079,0.9363551339998447
25612,LOF,0.04153306806106014,0.07780428014236025,0.8806626517965797
25613,LOF,0.04019780060542691,0.07310740070413858,0.8866947986904345
25614,LOF,0.020837722819812998,0.043831075661190974,0.935331201518996
25615,LOF,0.04059385444202761,0.0654724313764861,0.8939337141814861
25616,LOF,0.043057902511839524,0.04876352435036588,0.9081785731377946
25617,LOF,0.038036882293911695,0.0579270150710163,0.904036102635072
25618,LOF,0.04050186672449446,0.06347416125052435,0.8960239720249812
25619,LOF,0.012061901576818536,0.05935062160218791,0.9285874768209935
25620,LOF,0.05616515797135799,0.06852623900080401,0.8753086030278379
25621,LOF,0.05391813332462666,0.059848625106969054,0.8862332415684042
25622,LOF,0.05885227979372044,0.057184839185501074,0.8839628810207785
25623,LOF,0.06661063607408577,0.05303422517886125,0.880355138747053
25624,LOF,0.01678011265137017,0.05716161884712343,0.9260582685015063
25625,LOF,0.05874435119992753,0.05762712388745824,0.8836285249126143
25626,LOF,0.04123277597457835,0.07188217213334398,0.8868850518920777
25627,Neutral,0.8845578166318341,0.02333658068282285,0.09210560268534296
25628,LOF,0.15355950260237272,0.0656148182324966,0.7808256791651307
25629,LOF,0.06936093636182943,0.050270341209168734,0.8803687224290019
25630,LOF,0.263371653251176,0.07328872435550474,0.6633396223933193
25631,Neutral,0.5414750941738695,0.07129781053939686,0.3872270952867337
25632,LOF,0.02520736752985258,0.07431194438519918,0.9004806880849483
25633,LOF,0.15669374900085464,0.04679426070732239,0.796511990291823
25634,LOF,0.036179101573205086,0.09340329241072272,0.8704176060160722
25635,LOF,0.03898466337427942,0.045724515008601196,0.9152908216171194
25636,LOF,0.03465512107611388,0.45943446290294937,0.5059104160209368
25637,GOF,0.06487243210918242,0.5200231680848478,0.41510439980596975
25638,LOF,0.03082033882791916,0.38576571862268316,0.5834139425493977
25639,LOF,0.027689100943783983,0.4033850315216056,0.5689258675346104
25640,Neutral,0.8373716125215421,0.11394163911581061,0.04868674836264735
25641,GOF,0.07842677212649392,0.507940284913074,0.4136329429604321
25642,LOF,0.057680062688080125,0.17932131386318195,0.7629986234487379
25643,LOF,0.19685543342387574,0.1262598577467821,0.6768847088293422
25644,LOF,0.030677645314438295,0.4658283511417898,0.5034940035437719
25645,LOF,0.03242801479060829,0.41574226782358714,0.5518297173858047
25646,LOF,0.08417464192519092,0.2985856982116266,0.6172396598631825
25647,LOF,0.0330406103015028,0.2505158890126075,0.7164435006858898
25648,LOF,0.038197869470921395,0.2508518658614805,0.710950264667598
25649,LOF,0.021416799735227816,0.21553423679137668,0.7630489634733953
25650,LOF,0.06628828408565567,0.40138370979748267,0.5323280061168617
25651,LOF,0.02396427038064049,0.26678763783369885,0.7092480917856606
25652,LOF,0.03879004442056399,0.25172340413339983,0.7094865514460362
25653,LOF,0.1044645691331159,0.4210549660157115,0.47448046485117246
25654,LOF,0.023737924161278914,0.22338372178265084,0.7528783540560702
25655,GOF,0.25705336373536203,0.3840424986354924,0.3589041376291455
25656,LOF,0.37154689720093614,0.08601088087848643,0.5424422219205774
25657,LOF,0.06615537578477859,0.07609427963849917,0.8577503445767223
25658,LOF,0.3933676532397836,0.08508737037993624,0.5215449763802802
25659,Neutral,0.5441397341986643,0.11477227829271162,0.341087987508624
25660,LOF,0.022461669238459846,0.09225795213660631,0.8852803786249338
25661,LOF,0.09082969909583279,0.05604582446308173,0.8531244764410856
25662,LOF,0.035323701147489915,0.03167974231081886,0.9329965565416911
25663,LOF,0.044721498527351675,0.0413781049959558,0.9139003964766925
25664,LOF,0.13967965044589345,0.06684759799972535,0.7934727515543812
25665,LOF,0.058119902177954874,0.030766837313601893,0.9111132605084433
25666,LOF,0.09303965227933303,0.05886396083691594,0.8480963868837511
25667,LOF,0.07047062437213536,0.03825583147441062,0.8912735441534541
25668,LOF,0.036775778552284415,0.04575628076190987,0.9174679406858057
25669,LOF,0.032145393214980514,0.04055464780426855,0.927299958980751
25670,LOF,0.1396735199008883,0.05803725010098789,0.8022892299981239
25671,LOF,0.12066485579708656,0.033853603704996245,0.8454815404979172
25672,LOF,0.05103169989348771,0.04373545170834021,0.9052328483981721
25673,LOF,0.07587357098608126,0.04953867854842929,0.8745877504654894
25674,LOF,0.06411314099345074,0.05844329874080729,0.877443560265742
25675,LOF,0.10909459225175021,0.05931379338806811,0.8315916143601818
25676,LOF,0.019908874489435215,0.051486579800699935,0.9286045457098648
25677,LOF,0.025971223556899077,0.06548775495393717,0.9085410214891638
25678,LOF,0.19055148910045902,0.0666393725374565,0.7428091383620844
25679,LOF,0.11997386507643784,0.0823879258083313,0.7976382091152309
25680,LOF,0.037818197217081906,0.1093067693267881,0.85287503345613
25681,LOF,0.05626616960713702,0.10516795727043778,0.8385658731224251
25682,LOF,0.1393785913345063,0.07190327666415797,0.7887181320013358
25683,LOF,0.11542574718551879,0.08976740272185091,0.7948068500926304
25684,LOF,0.04312318103544793,0.0614636198079488,0.8954131991566032
25685,LOF,0.1291173466126405,0.07137097750772968,0.7995116758796299
25686,LOF,0.07529724806994918,0.10361410429097366,0.8210886476390771
25687,LOF,0.12290815437734305,0.10679066571622547,0.7703011799064314
25688,LOF,0.35767948539703315,0.047871841848862104,0.5944486727541047
25689,LOF,0.2574284509547818,0.053719435917673655,0.6888521131275445
25690,LOF,0.34768777476982526,0.04416142645575577,0.6081507987744189
25691,Neutral,0.7133315546762554,0.036415540764545215,0.2502529045591995
25692,LOF,0.33577286798722394,0.012705003171488082,0.651522128841288
25693,LOF,0.0475309903439226,0.4350319039095277,0.5174371057465497
25694,LOF,0.12597644372753708,0.016504555918696772,0.8575190003537662
25695,LOF,0.11895569281169889,0.015151987938864554,0.8658923192494367
25696,LOF,0.13685480505169376,0.010425688772344701,0.8527195061759616
25697,LOF,0.08963822375815556,0.054786162431731227,0.8555756138101133
25698,LOF,0.34316839603752763,0.16122906338761692,0.49560254057485537
25699,Neutral,0.5199018284524445,0.040826767835762265,0.43927140371179324
25700,LOF,0.07697739825206187,0.010290442040616625,0.9127321597073215
25701,LOF,0.22167537101023788,0.05164107535992528,0.7266835536298369
25702,GOF,0.16514020530044107,0.5960443960436788,0.2388153986558802
25703,LOF,0.01515697406950497,0.1551597654914172,0.8296832604390779
25704,LOF,0.037350052586096125,0.10620417482668364,0.8564457725872203
25705,LOF,0.05732993755068082,0.1514227523839322,0.791247310065387
25706,LOF,0.10117447767761116,0.4029462586008119,0.4958792637215771
25707,LOF,0.08866407128285449,0.35613599821429076,0.5551999305028548
25708,LOF,0.035522918433605874,0.3210261130280895,0.6434509685383046
25709,LOF,0.07008862293629248,0.04736997375553183,0.8825414033081758
25710,LOF,0.011072945336050416,0.1636164142802748,0.8253106403836749
25711,LOF,0.021690653756275845,0.09434127360353999,0.8839680726401841
25712,LOF,0.014167039071726468,0.19825608026273958,0.787576880665534
25713,LOF,0.019788200751135517,0.0876339750511652,0.8925778241976994
25714,LOF,0.07903835977289925,0.08622450538278867,0.834737134844312
25715,LOF,0.011997970874510743,0.13635994337449062,0.8516420857509986
25716,LOF,0.010895984030888066,0.12267997591907444,0.8664240400500375
25717,LOF,0.014742188349829993,0.08849445590451162,0.8967633557456584
25718,LOF,0.011851895306712273,0.10240440046789567,0.8857437042253921
25719,LOF,0.020005745091670146,0.08447720666297485,0.895517048245355
25720,LOF,0.025400777197367146,0.0717140257309889,0.9028851970716439
25721,LOF,0.014125569436008702,0.12523205406396526,0.8606423765000261
25722,LOF,0.014573369876517556,0.13344760946941348,0.8519790206540689
25723,LOF,0.023766444548981427,0.053132181293467654,0.923101374157551
25724,LOF,0.03382864048505998,0.08369325588398452,0.8824781036309555
25725,LOF,0.012301389742332858,0.07795525022357894,0.9097433600340882
25726,LOF,0.01591753179862729,0.10985383440917593,0.8742286337921968
25727,LOF,0.012296552979379753,0.08722088597664132,0.9004825610439788
25728,LOF,0.010565257444700746,0.11311077849605586,0.8763239640592435
25729,LOF,0.010754059984076096,0.11657846266577539,0.8726674773501485
25730,LOF,0.01433566244709154,0.09618649627644889,0.8894778412764596
25731,LOF,0.01944609663684074,0.11514853471935137,0.8654053686438078
25732,LOF,0.015015958146336193,0.08210270268574786,0.9028813391679159
25733,LOF,0.016509844135728202,0.07548653705100486,0.908003618813267
25734,LOF,0.010589906273285286,0.12840856526667727,0.8610015284600374
25735,LOF,0.012795385741300642,0.09075254250883796,0.8964520717498614
25736,LOF,0.014150121817181659,0.10249603803340354,0.8833538401494148
25737,LOF,0.012725489809384156,0.07905790655445046,0.9082166036361655
25738,LOF,0.012546958410044216,0.11384935634970489,0.8736036852402508
25739,LOF,0.0211145096478502,0.08983119505250202,0.8890542952996477
25740,LOF,0.028239297034701613,0.12505958148601762,0.8467011214792808
25741,LOF,0.01656918725333742,0.11918140853355577,0.8642494042131068
25742,LOF,0.1403101278446885,0.08324304452454935,0.7764468276307622
25743,LOF,0.03750893689267467,0.053587185674857145,0.9089038774324683
25744,Neutral,0.5534370957376098,0.25644850863412194,0.1901143956282682
25745,LOF,0.058816113572616145,0.08637504116339795,0.8548088452639859
25746,LOF,0.04398163841143381,0.10063940570434059,0.8553789558842256
25747,LOF,0.01938882582949391,0.07902351975377285,0.9015876544167333
25748,LOF,0.09424282436938594,0.12043019381569686,0.7853269818149172
25749,LOF,0.026831137400748658,0.10052625928392633,0.872642603315325
25750,LOF,0.08062240898566679,0.10685776249670766,0.8125198285176256
25751,LOF,0.08169962813718985,0.1418710622488841,0.776429309613926
25752,GOF,0.11657187185904694,0.6416209370687072,0.24180719107224588
25753,LOF,0.02456866803230202,0.26820269452799583,0.7072286374397022
25754,GOF,0.013547884133076388,0.7928245304983049,0.19362758536861877
25755,LOF,0.024875017955652542,0.38719767031441393,0.5879273117299336
25756,LOF,0.04975057175244797,0.36910902531724815,0.5811404029303039
25757,GOF,0.017976225792085826,0.8362530505568544,0.14577072365105972
25758,GOF,0.026904711035278146,0.7930010118047033,0.1800942771600186
25759,GOF,0.011100220713400959,0.6007226446640944,0.3881771346225046
25760,LOF,0.014596207767458885,0.277828491888464,0.7075753003440771
25761,GOF,0.2932131588241563,0.6008883870137385,0.10589845416210528
25762,LOF,0.04942315461413787,0.26394707843869203,0.6866297669471702
25763,LOF,0.014971677942744788,0.2127363791329526,0.7722919429243026
25764,GOF,0.08345479905936251,0.6364378565907269,0.28010734434991047
25765,GOF,0.03963287041858681,0.7420674697987928,0.2182996597826205
25766,GOF,0.07191373452832482,0.7149033814347763,0.21318288403689897
25767,GOF,0.12229683050263303,0.5627155572972445,0.3149876122001225
25768,LOF,0.10008061033771024,0.05918260703951535,0.8407367826227744
25769,LOF,0.06183373917561816,0.06698859335398878,0.8711776674703929
25770,LOF,0.3127684946881215,0.11542608667541589,0.5718054186364626
25771,LOF,0.04934590624383879,0.05195564353353232,0.898698450222629
25772,LOF,0.01887887448161229,0.04518619331668881,0.9359349322016989
25773,LOF,0.04791785648835219,0.10150666753826124,0.8505754759733866
25774,LOF,0.028460704973591065,0.0867000148637091,0.8848392801626999
25775,LOF,0.048579601841248744,0.05142493615138341,0.8999954620073678
25776,LOF,0.07616780321403643,0.027515425864087922,0.8963167709218756
25777,LOF,0.3549622552558844,0.0687330674460611,0.5763046772980545
25778,LOF,0.07661117182844601,0.051319110125217136,0.8720697180463368
25779,GOF,0.37013337461936796,0.5896828781284413,0.040183747252190816
25780,GOF,0.3461809127552265,0.5871329670221667,0.06668612022260687
25781,GOF,0.13745101258575465,0.7603294830649286,0.10221950434931673
25782,GOF,0.2128086020309059,0.7081418531388787,0.07904954483021535
25783,GOF,0.022570674612414746,0.6464535496812972,0.3309757757062881
25784,Neutral,0.48888994356828525,0.47116326412714715,0.039946792304567595
25785,GOF,0.47563154839720034,0.48923702403583635,0.03513142756696321
25786,GOF,0.028504195145121747,0.7614000361592548,0.21009576869562352
25787,Neutral,0.6440193335566597,0.3332820567179731,0.022698609725367167
25788,LOF,0.06222828556581582,0.10863660805559673,0.8291351063785873
25789,GOF,0.24090957826553153,0.6405053710018347,0.11858505073263381
25790,GOF,0.2226027077881879,0.689534142841573,0.08786314937023909
25791,GOF,0.1824565372890424,0.678173283950702,0.1393701787602556
25792,GOF,0.3885906587246017,0.5100484053699101,0.10136093590548811
25793,GOF,0.22894194432143744,0.5689006351687743,0.20215742050978822
25794,GOF,0.31603254812827725,0.5405237644147889,0.1434436874569339
25795,GOF,0.08622879233430912,0.706279917528769,0.20749129013692202
25796,Neutral,0.5570416575956496,0.36690914104989814,0.07604920135445235
25797,GOF,0.10333001162981785,0.5281642155047915,0.36850577286539055
25798,GOF,0.010436248750718947,0.5370137247869908,0.45255002646229026
25799,LOF,0.008352472214537606,0.4227850321008151,0.5688624956846473
25800,GOF,0.04211825033617916,0.6222630861379257,0.3356186635258951
25801,GOF,0.2445140753421115,0.6557414553796198,0.09974446927826863
25802,GOF,0.06964104277187111,0.7069912949817346,0.22336766224639437
25803,GOF,0.042500508482569845,0.6000917874674452,0.35740770404998484
25804,GOF,0.040861863922980586,0.5289584563591692,0.4301796797178503
25805,GOF,0.1112661724791624,0.6004000573185306,0.28833377020230694
25806,GOF,0.11804865497129301,0.6232597098054241,0.2586916352232829
25807,GOF,0.02077733646176888,0.6454715725133396,0.3337510910248915
25808,GOF,0.09639124351889486,0.641613075198482,0.26199568128262307
25809,GOF,0.021756967920333062,0.640692607330027,0.33755042474964
25810,GOF,0.020406626353459714,0.6525861663271255,0.32700720731941496
25811,Neutral,0.48252357515146205,0.45522049925550984,0.062255925593028144
25812,GOF,0.03812888257459004,0.6589004120613671,0.30297070536404297
25813,Neutral,0.502199681855964,0.4066771321390547,0.09112318600498137
25814,GOF,0.13556730017990926,0.6765350058655324,0.18789769395455838
25815,GOF,0.20264684584856438,0.647132485307159,0.1502206688442765
25816,GOF,0.021140912920401427,0.7084053658473024,0.27045372123229605
25817,GOF,0.22933386682566903,0.6559280895551437,0.1147380436191872
25818,GOF,0.0554805916975684,0.6385373148264721,0.30598209347595934
25819,GOF,0.37679184441795466,0.4978452608546643,0.12536289472738105
25820,GOF,0.1744298122712328,0.6233351609012822,0.20223502682748498
25821,GOF,0.05601486406169522,0.7066933002229611,0.23729183571534368
25822,GOF,0.21063729415234853,0.5943783188584809,0.19498438698917045
25823,GOF,0.033986805386128534,0.5280979553832857,0.4379152392305858
25824,GOF,0.07245338956194845,0.5804421929803023,0.3471044174577491
25825,GOF,0.03233925024867184,0.5713686800207657,0.39629206973056247
25826,GOF,0.010626899024896705,0.544969145516314,0.44440395545878925
25827,GOF,0.021402660462775825,0.6171552194294619,0.3614421201077621
25828,GOF,0.013037811752396334,0.5405042185165249,0.44645796973107876
25829,GOF,0.006783167761837441,0.5846231720958298,0.4085936601423328
25830,LOF,0.041784330641925105,0.3458391201906083,0.6123765491674666
25831,GOF,0.2097902463310401,0.6823419089303452,0.10786784473861473
25832,GOF,0.03010466506349782,0.7126200564542785,0.25727527848222376
25833,GOF,0.13079110095425392,0.7192537968422049,0.14995510220354116
25834,GOF,0.03871199518841704,0.7195041787381623,0.24178382607342075
25835,GOF,0.08938911958746994,0.7649575659449863,0.14565331446754382
25836,GOF,0.046201670801873644,0.7265088048827435,0.22728952431538285
25837,GOF,0.025956207335956025,0.5703285365156618,0.4037152561483821
25838,GOF,0.09064659656615189,0.763714931286031,0.1456384721478173
25839,GOF,0.3289283282093008,0.5592799683155746,0.11179170347512464
25840,GOF,0.2411233900776669,0.5995225022772138,0.15935410764511934
25841,GOF,0.2490204289150577,0.6154221414004405,0.1355574296845019
25842,GOF,0.21547697239661967,0.6599669046284969,0.12455612297488353
25843,GOF,0.26172752317306136,0.6531876986005424,0.08508477822639621
25844,GOF,0.0736839933670686,0.725337481052,0.2009785255809313
25845,LOF,0.014716743367137351,0.49231194247447596,0.49297131415838674
25846,GOF,0.14305540328888885,0.7224335142563506,0.13451108245476062
25847,GOF,0.13758699291205964,0.7630613642921807,0.09935164279575961
25848,GOF,0.03989858990674295,0.6943751423372068,0.2657262677560503
25849,GOF,0.011496420326270474,0.5828678307704849,0.4056357489032447
25850,GOF,0.021185049118096166,0.6968459982028572,0.2819689526790467
25851,GOF,0.01629735793680857,0.5729470423864259,0.4107555996767655
25852,GOF,0.1735823375876271,0.5925212817554875,0.2338963806568855
25853,GOF,0.35683014305617655,0.5870657425887427,0.05610411435508079
25854,GOF,0.02055610021234477,0.6565666591958795,0.32287724059177564
25855,GOF,0.036555953829674775,0.5913656807903924,0.37207836537993283
25856,GOF,0.23898349143339737,0.5780552954608448,0.18296121310575778
25857,GOF,0.03394277425972424,0.5227874574339707,0.44326976830630493
25858,GOF,0.017553993759260134,0.561067555743837,0.42137845049690276
25859,GOF,0.01037444418441938,0.5438431021430601,0.4457824536725206
25860,GOF,0.367047833627281,0.5564850383455862,0.07646712802713278
25861,GOF,0.4276829143209685,0.5003157865118465,0.07200129916718498
25862,GOF,0.09954446859048054,0.7723655659519436,0.12808996545757595
25863,GOF,0.0954018737567338,0.7842086609645342,0.12038946527873204
25864,GOF,0.2271862737976233,0.6937580152250998,0.07905571097727687
25865,GOF,0.08695487300684503,0.8010518405406831,0.11199328645247177
25866,GOF,0.06884199417347103,0.8018545756593167,0.12930343016721232
25867,GOF,0.08949547805082497,0.8146063291009088,0.09589819284826635
25868,GOF,0.25470982975429396,0.6590617164897372,0.08622845375596885
25869,Neutral,0.6858560657294783,0.27694256456861743,0.037201369701904234
25870,GOF,0.3324964172638141,0.37705736923279726,0.2904462135033886
25871,GOF,0.23093399288115224,0.6222536705762058,0.14681233654264184
25872,GOF,0.09392734480978719,0.6611318734414431,0.2449407817487698
25873,GOF,0.15523384934007892,0.6576014933655794,0.1871646572943416
25874,LOF,0.020235074087680167,0.11999420432976426,0.8597707215825556
25875,LOF,0.1040992701170144,0.03205589975760658,0.863844830125379
25876,LOF,0.03779375261040887,0.042457208964493974,0.9197490384250971
25877,Neutral,0.49645658753696364,0.04114209249530413,0.46240131996773226
25878,LOF,0.20890191247321577,0.06468451090423295,0.7264135766225512
25879,LOF,0.0908381146297179,0.08434423066055453,0.8248176547097276
25880,LOF,0.022873601408065956,0.020614895761668993,0.956511502830265
25881,LOF,0.17729159411194942,0.10192567977628623,0.7207827261117643
25882,LOF,0.07034497276007855,0.013292278407305845,0.9163627488326156
25883,LOF,0.08359994780930471,0.016365773200117825,0.9000342789905775
25884,LOF,0.038408858893425546,0.026761819249351747,0.9348293218572227
25885,LOF,0.07757595401771765,0.010993021386928476,0.911431024595354
25886,LOF,0.2885158651955314,0.02840180041174052,0.683082334392728
25887,LOF,0.15066937609873,0.05916139954987148,0.7901692243513985
25888,LOF,0.06631483219493871,0.05510471558086266,0.8785804522241986
25889,LOF,0.051478980546806434,0.018628333267947914,0.9298926861852457
25890,LOF,0.05465019198585874,0.12873425225041638,0.8166155557637249
25891,LOF,0.04586005303296019,0.047213762857411294,0.9069261841096286
25892,LOF,0.0940926930242792,0.022322530844315566,0.8835847761314053
25893,LOF,0.2553458901740128,0.017077049035529934,0.7275770607904573
25894,LOF,0.17817942187402516,0.010376880071827873,0.8114436980541471
25895,LOF,0.20136553664040127,0.019758988856137638,0.7788754745034611
25896,LOF,0.047059337576228384,0.01967395022517347,0.9332667121985982
25897,LOF,0.26189056022700946,0.01226021564268783,0.7258492241303027
25898,Neutral,0.6955399945583537,0.0095467205197381,0.29491328492190827
25899,LOF,0.2129690476405354,0.02186795869238761,0.765162993667077
25900,LOF,0.4405135982328331,0.015336664339063995,0.5441497374281029
25901,LOF,0.05278053250335995,0.01127847197668454,0.9359409955199556
25902,LOF,0.15824595857957238,0.010690500477897819,0.8310635409425298
25903,Neutral,0.5365003136348507,0.03126155891814992,0.4322381274469993
25904,LOF,0.3001786929713111,0.042426760804328854,0.6573945462243601
25905,LOF,0.02438821611929378,0.30614858777974413,0.6694631961009622
25906,LOF,0.025395153639100897,0.06777359127474016,0.9068312550861589
25907,LOF,0.014159770557781769,0.31195370989916754,0.6738865195430508
25908,LOF,0.010466655685274594,0.23616582648196177,0.7533675178327637
25909,LOF,0.013276854976185042,0.13230799999895168,0.8544151450248633
25910,LOF,0.045922571336325414,0.13964175860926364,0.8144356700544109
25911,LOF,0.159334984583667,0.031673498241829044,0.8089915171745039
25912,LOF,0.0443872137535632,0.046800645028131374,0.9088121412183053
25913,LOF,0.33483732065209937,0.023389229647315338,0.6417734497005851
25914,LOF,0.01904563042104328,0.12651674035738175,0.854437629221575
25915,Neutral,0.4658744078281882,0.31484630758272286,0.219279284589089
25916,LOF,0.07115733974303008,0.38716550061434396,0.541677159642626
25917,LOF,0.06407665866930977,0.09351272027344625,0.842410621057244
25918,LOF,0.026148729814727864,0.07502459618802734,0.8988266739972448
25919,LOF,0.022347275715560753,0.08465939190252252,0.8929933323819167
25920,GOF,0.1025322990972036,0.47524290711219874,0.4222247937905976
25921,LOF,0.028154923027196608,0.026887579107783544,0.9449574978650199
25922,LOF,0.03794150913105161,0.018865153493498307,0.9431933373754502
25923,LOF,0.41983896243203417,0.023060088498563735,0.5571009490694021
25924,LOF,0.03714234294482554,0.041068008282810355,0.9217896487723641
25925,LOF,0.06216707507131462,0.031135301180846935,0.9066976237478384
25926,LOF,0.04673217287491187,0.02458366604812838,0.9286841610769597
25927,LOF,0.07517431936589344,0.08296783497079481,0.8418578456633118
25928,LOF,0.02043809566981281,0.03982679407209494,0.9397351102580923
25929,Neutral,0.5410091123284243,0.025774844120684346,0.4332160435508913
25930,LOF,0.052806104083858864,0.020618280460910708,0.9265756154552304
25931,LOF,0.029731886243824432,0.022638127357798788,0.9476299863983768
25932,LOF,0.025682175522751864,0.02049112821607826,0.9538266962611699
25933,LOF,0.03605420318452312,0.014164651363482491,0.9497811454519943
25934,LOF,0.02356877803701583,0.016903409970918618,0.9595278119920655
25935,LOF,0.055675971947032145,0.03430387211158073,0.9100201559413871
25936,LOF,0.04505530919449966,0.020537510042357144,0.9344071807631431
25937,LOF,0.02807394363510575,0.031920647805155196,0.940005408559739
25938,LOF,0.060826216723458816,0.03666916184900733,0.9025046214275338
25939,LOF,0.037249474952832984,0.012514342496435108,0.9502361825507318
25940,LOF,0.03394861590466603,0.3899983926433268,0.5760529914520071
25941,LOF,0.18283656307435356,0.10022507362739559,0.7169383632982509
25942,LOF,0.016752383542449605,0.02901599685595471,0.9542316196015957
25943,LOF,0.3109989777920665,0.05219233954818288,0.6368086826597508
25944,Neutral,0.49769345466986453,0.024478232486564392,0.477828312843571
25945,LOF,0.07162209461304672,0.020956796807805805,0.9074211085791476
25946,LOF,0.025957882558132705,0.11960935881356326,0.854432758628304
25947,LOF,0.12200839439940579,0.20295141753609336,0.6750401880645008
25948,LOF,0.41386556053588364,0.011612634163219235,0.5745218053008972
25949,LOF,0.10205482094669965,0.05185606401417357,0.8460891150391269
25950,GOF,0.2685460561991882,0.4136067597134476,0.3178471840873642
25951,LOF,0.24287358115450344,0.23143382834843113,0.5256925904970654
25952,LOF,0.04787724668013988,0.43251337945321333,0.5196093738666467
25953,LOF,0.1262798050941025,0.12290562061998292,0.7508145742859146
25954,Neutral,0.4395594653523846,0.186851371621621,0.3735891630259946
25955,LOF,0.05748761063563181,0.08084202527461422,0.8616703640897541
25956,LOF,0.17209058093311996,0.10664798196355571,0.7212614371033244
25957,LOF,0.03956673211325654,0.036957948928775165,0.9234753189579684
25958,LOF,0.06441126165495052,0.027000782451430182,0.9085879558936194
25959,LOF,0.07545550803087514,0.32442642447833175,0.6001180674907931
25960,LOF,0.01948031251464644,0.05395939692956659,0.9265602905557869
25961,LOF,0.05052983203274769,0.030002846167242813,0.9194673218000096
25962,LOF,0.057672519665769154,0.03204503557479786,0.9102824447594331
25963,LOF,0.044324213072066604,0.18425062117704416,0.7714251657508892
25964,LOF,0.037774181034956944,0.14675071472074222,0.8154751042443008
25965,LOF,0.43504329774422323,0.08876070467006066,0.476195997585716
25966,Neutral,0.48193464552949233,0.10355260351485769,0.41451275095565
25967,LOF,0.01351118098865712,0.06161307438302628,0.9248757446283167
25968,LOF,0.032153452980583405,0.46081610191416894,0.5070304451052476
25969,LOF,0.02487686063391513,0.06333111817384773,0.911792021192237
25970,LOF,0.058828780759483015,0.05355431565256663,0.8876169035879503
25971,LOF,0.07622724433867101,0.013082551409693438,0.9106902042516356
25972,LOF,0.0800635868905004,0.017399898323707624,0.9025365147857919
25973,LOF,0.09433681477438366,0.008133996363417445,0.8975291888621989
25974,LOF,0.2023802083803659,0.01775239274923588,0.7798673988703982
25975,LOF,0.051444701372902676,0.028341112623435853,0.9202141860036613
25976,LOF,0.047414653985866854,0.01476079797155676,0.9378245480425763
25977,LOF,0.15628979329592582,0.08397480806703883,0.7597353986370353
25978,LOF,0.14483445914278228,0.05016651205941703,0.8049990287978007
25979,LOF,0.13466112049696943,0.05491106528334931,0.8104278142196811
25980,LOF,0.22031332292508954,0.06941749527092957,0.7102691818039809
25981,LOF,0.2530105238880894,0.06699727368562834,0.6799922024262822
25982,LOF,0.40480445060078546,0.049444012026116244,0.5457515373730983
25983,LOF,0.38646290976297315,0.04968763544494188,0.563849454792085
25984,LOF,0.05080126023556215,0.047198952473777554,0.9019997872906603
25985,LOF,0.031340293442298675,0.23429345006413713,0.7343662564935641
25986,LOF,0.037867764692546386,0.25994146749259683,0.7021907678148568
25987,LOF,0.08653092374388645,0.06343990938567753,0.850029166870436
25988,LOF,0.13982951026810803,0.05179485105903996,0.8083756386728521
25989,LOF,0.03000642166277662,0.09451409149140269,0.8754794868458207
25990,LOF,0.037990018236340226,0.1202408215459549,0.8417691602177048
25991,LOF,0.17120790647083506,0.28537871061446446,0.5434133829147004
25992,LOF,0.3739173192436245,0.13586924593011523,0.49021343482626034
25993,LOF,0.023333272480768778,0.06369671295144487,0.9129700145677863
25994,LOF,0.017317498744057153,0.09525521600454735,0.8874272852513956
25995,LOF,0.025486732890937846,0.17751380870492775,0.7969994584041344
25996,GOF,0.32555582713006437,0.4362700226429404,0.23817415022699512
25997,GOF,0.11222325125013358,0.45001641116728225,0.43776033758258404
25998,Neutral,0.5340257568715179,0.02741070815666866,0.4385635349718135
25999,LOF,0.10499436253920835,0.14153769480724976,0.7534679426535419
26000,LOF,0.1887393170724216,0.026960676794483416,0.784300006133095
26001,LOF,0.19894108936272822,0.03175547502428351,0.7693034356129883
26002,LOF,0.1344559160611111,0.02849576881787947,0.8370483151210094
26003,GOF,0.011138544938723191,0.5428786756788442,0.4459827793824325
26004,GOF,0.023036462738160957,0.5953519311460779,0.3816116061157612
26005,LOF,0.008916520156902762,0.4165012679900437,0.5745822118530535
26006,Neutral,0.5132305989182254,0.19305076376026936,0.29371863732150516
26007,GOF,0.022925669425029552,0.5150139283886466,0.46206040218632405
26008,GOF,0.018983268712334758,0.5472384032817994,0.4337783280058658
26009,GOF,0.025157847942526526,0.5895138969259919,0.3853282551314815
26010,GOF,0.03189428702717228,0.5801072853313741,0.3879984276414536
26011,LOF,0.007914598929766906,0.4202691468976653,0.5718162541725679
26012,GOF,0.016417685459982723,0.5426839726564838,0.4408983418835335
26013,GOF,0.02285266501577066,0.572916804552217,0.4042305304320121
26014,LOF,0.03717804714065713,0.14628678254793787,0.8165351703114051
26015,LOF,0.22573936369791964,0.008069301918207747,0.7661913343838727
26016,LOF,0.23034621772426173,0.040887482704605335,0.7287662995711328
26017,LOF,0.2528147739239299,0.06686906843146173,0.6803161576446083
26018,LOF,0.10267144705120919,0.03036101376081484,0.8669675391879761
26019,LOF,0.09846001930323345,0.02359083463084059,0.8779491460659259
26020,LOF,0.0624879295713951,0.09757306417165981,0.8399390062569451
26021,LOF,0.04030161566387151,0.11420564563362193,0.8454927387025065
26022,LOF,0.010793894354789068,0.03986681953499549,0.9493392861102155
26023,LOF,0.11717329505054144,0.02112030277988593,0.8617064021695726
26024,LOF,0.027365255156959423,0.11495463070593924,0.8576801141371012
26025,LOF,0.15906187901194352,0.08569710359089049,0.7552410173971661
26026,LOF,0.3372100132519682,0.023958058159198922,0.6388319285888329
26027,LOF,0.0918435554367435,0.014868318743482847,0.8932881258197737
26028,LOF,0.14439743249876424,0.06652656515192079,0.789076002349315
26029,LOF,0.07899303373226817,0.18833194985775176,0.73267501640998
26030,LOF,0.02925423225731907,0.05467750455037739,0.9160682631923035
26031,LOF,0.03384204101854265,0.13611593940235114,0.8300420195791063
26032,LOF,0.07294570651530313,0.0629490159933109,0.864105277491386
26033,LOF,0.12312641630551352,0.07906019583397676,0.7978133878605097
26034,LOF,0.05343205020071788,0.1512230500665446,0.7953448997327375
26035,LOF,0.030771479710443646,0.13955056441870897,0.8296779558708475
26036,LOF,0.04517494141015364,0.1697491587552236,0.7850758998346227
26037,LOF,0.025335697532531756,0.11123974331607317,0.863424559151395
26038,LOF,0.06689326847454993,0.06623459825425644,0.8668721332711937
26039,LOF,0.06474967617624239,0.14422324738194262,0.791027076441815
26040,LOF,0.2104126833482674,0.14963787431031622,0.6399494423414163
26041,LOF,0.02641210114124372,0.11162765106967376,0.8619602477890826
26042,LOF,0.026385961599697402,0.10283668155563966,0.8707773568446628
26043,LOF,0.06681452496165056,0.07826916256399342,0.854916312474356
26044,LOF,0.023748110221642454,0.06591972716580562,0.910332162612552
26045,LOF,0.07811770367699192,0.09427963321015337,0.8276026631128548
26046,LOF,0.06747547503445994,0.07754606005662001,0.85497846490892
26047,LOF,0.0942798529549856,0.0808874345521868,0.8248327124928276
26048,LOF,0.05291738360511789,0.045614907182726726,0.9014677092121555
26049,Neutral,0.9578284421375284,0.008192131525210202,0.033979426337261566
26050,Neutral,0.9384794754772322,0.010537326899223848,0.05098319762354406
26051,LOF,0.04534871004034718,0.30577955859022365,0.6488717313694292
26052,LOF,0.06334562679408294,0.33624736198242505,0.600407011223492
26053,LOF,0.059886656307338644,0.11698208913433619,0.8231312545583251
26054,LOF,0.05610121209156975,0.019634392106958422,0.9242643958014719
26055,LOF,0.07754633694564167,0.01545058936917963,0.9070030736851787
26056,LOF,0.061918197385666604,0.016740880289555612,0.9213409223247778
26057,LOF,0.031845496420221366,0.010617295130632387,0.9575372084491462
26058,LOF,0.032892150615207345,0.008515142496568106,0.9585927068882245
26059,LOF,0.3104958203952479,0.025083627713679224,0.6644205518910727
26060,LOF,0.03859490144250975,0.18032907415281502,0.7810760244046753
26061,LOF,0.019394715582388034,0.011318253235791444,0.9692870311818206
26062,LOF,0.012017001462594754,0.018753994108220397,0.9692290044291848
26063,LOF,0.023676731382134948,0.011762216377257197,0.9645610522406078
26064,LOF,0.023630964729219196,0.017594759472213662,0.9587742757985672
26065,LOF,0.02636347134797003,0.010178475942219451,0.9634580527098106
26066,LOF,0.022836714060293088,0.01042211008731516,0.9667411758523918
26067,LOF,0.028968491388089414,0.007695369901554971,0.9633361387103555
26068,LOF,0.04859466987910987,0.032289747745003705,0.9191155823758864
26069,LOF,0.2553300945130188,0.019330580611154256,0.7253393248758269
26070,LOF,0.37774933996665927,0.014915678986253289,0.6073349810470874
26071,LOF,0.025355436630369103,0.012589176850958828,0.9620553865186721
26072,LOF,0.02542130664851587,0.01595944792303359,0.9586192454284506
26073,LOF,0.026603285754277218,0.010548214771143852,0.9628484994745791
26074,Neutral,0.9102458489088062,0.005281358369435633,0.0844727927217583
26075,LOF,0.04593918072550876,0.015205404969620818,0.9388554143048703
26076,LOF,0.047879266238153216,0.007899326037884822,0.9442214077239619
26077,LOF,0.009520695550211351,0.0169133144153737,0.973565990034415
26078,LOF,0.014559232093877833,0.009803213115034959,0.9756375547910873
26079,LOF,0.06144791318614373,0.017496228471368072,0.9210558583424883
26080,LOF,0.06035378561743143,0.017569852064113003,0.9220763623184557
26081,LOF,0.03768495831611638,0.005916045874859847,0.9563989958090238
26082,LOF,0.01855019946732305,0.014197509871269207,0.9672522906614078
26083,LOF,0.1285416382186423,0.012226837708621806,0.8592315240727358
26084,LOF,0.029810904027345687,0.010748947533469017,0.9594401484391853
26085,LOF,0.025659586579228774,0.010240337771113375,0.9641000756496578
26086,LOF,0.025934931453727054,0.010752591252498358,0.9633124772937747
26087,LOF,0.02850986512438283,0.00760469159699833,0.9638854432786188
26088,LOF,0.016867083935681357,0.02434830753378829,0.9587846085305303
26089,LOF,0.04625001279316006,0.024289834674233707,0.9294601525326062
26090,LOF,0.04426361830199337,0.019149120787493028,0.9365872609105136
26091,LOF,0.039379113467573425,0.0060190307100624,0.9546018558223641
26092,LOF,0.027855144386065494,0.007519359526456809,0.9646254960874777
26093,LOF,0.04177330819899828,0.0054655591334461994,0.9527611326675555
26094,LOF,0.044948185996440765,0.006182692951848221,0.948869121051711
26095,LOF,0.04692603163124479,0.014187929173266898,0.9388860391954883
26096,LOF,0.021489046099250113,0.010723491444690113,0.9677874624560598
26097,LOF,0.012435024983163059,0.03566781030521573,0.9518971647116211
26098,LOF,0.07199467870672899,0.010492323564764226,0.9175129977285068
26099,LOF,0.0265013602259447,0.012513112955380944,0.9609855268186744
26100,LOF,0.02809715056030276,0.011919015490420222,0.9599838339492769
26101,LOF,0.060550929969213886,0.010915912303486805,0.9285331577272993
26102,LOF,0.025592489346455242,0.014037688547476543,0.9603698221060681
26103,Neutral,0.8845993557703683,0.01829947980567333,0.09710116442395837
26104,LOF,0.0775162100020019,0.026876231215474295,0.8956075587825238
26105,LOF,0.2013248091580884,0.2792075982928443,0.5194675925490673
26106,LOF,0.1970948719080535,0.12484588808005831,0.6780592400118882
26107,LOF,0.24504195759876052,0.08452121094163004,0.6704368314596094
26108,LOF,0.22869176658004,0.13729245721320138,0.6340157762067588
26109,LOF,0.10122092214122208,0.09115301229949606,0.8076260655592818
26110,LOF,0.2575026438653994,0.00751752142569836,0.7349798347089023
26111,Neutral,0.5109742004802736,0.01637906492455652,0.47264673459516976
26112,LOF,0.03394004162384423,0.007651919048645839,0.9584080393275098
26113,LOF,0.05462807689747662,0.014818477619941388,0.930553445482582
26114,LOF,0.029255998708616667,0.028399264478365358,0.9423447368130179
26115,LOF,0.0913117639455405,0.06873423617787869,0.8399539998765808
26116,LOF,0.06443071183441622,0.05943395447075565,0.8761353336948281
26117,LOF,0.4291864120570804,0.05609587032005744,0.5147177176228622
26118,LOF,0.03633333748071687,0.029152771181447948,0.9345138913378352
26119,LOF,0.021957962598841124,0.035854827241241276,0.9421872101599176
26120,LOF,0.03104807798016175,0.028559605949800417,0.9403923160700378
26121,LOF,0.05133750429202545,0.08938286928979516,0.8592796264181793
