feature0,prediction,LoGoFunc_Neutral,LoGoFunc_GOF,LoGoFunc_LOF
25546,Neutral,0.6157110718266217,0.05179186376225237,0.332497064411126
25547,Neutral,0.4805463130739808,0.08628264627084817,0.43317104065517104
25548,Neutral,0.4848229730262143,0.07278971448473599,0.4423873124890496
25549,LOF,0.41748492189438924,0.07209160738383749,0.5104234707217733
25550,LOF,0.3382210943833282,0.10396592077960834,0.5578129848370635
25551,LOF,0.29342112073199744,0.11414582570214421,0.5924330535658583
25552,LOF,0.2585884968317478,0.11465497421511327,0.6267565289531389
25553,Neutral,0.794111056338118,0.04412397238147946,0.1617649712804027
25554,LOF,0.30678888324798353,0.10211336568972453,0.5910977510622919
25555,LOF,0.25906384189435444,0.09810680466903006,0.6428293534366154
25556,LOF,0.4347510365106767,0.09140933179560487,0.4738396316937185
25557,LOF,0.2509391479754438,0.10209174146414714,0.6469691105604091
25558,LOF,0.29408507757610924,0.09727407860342054,0.6086408438204703
25559,LOF,0.24581801732294528,0.12633868371960538,0.6278432989574494
25560,LOF,0.1761177399894769,0.11387028277855457,0.7100119772319684
25561,LOF,0.1685967570192461,0.1244977779959036,0.7069054649848504
25562,LOF,0.0734573943153422,0.08157604040920151,0.8449665652754563
25563,LOF,0.026521692624393797,0.1491715672784186,0.8243067400971876
25564,LOF,0.2177486515877964,0.13342529088936828,0.6488260575228353
25565,LOF,0.21732883652846066,0.13084575403512122,0.6518254094364181
25566,GOF,0.10531898846425897,0.6621932418896879,0.23248776964605333
25567,LOF,0.03834978196796339,0.16609259271256757,0.7955576253194689
25568,LOF,0.06460203612909786,0.09945462717351011,0.8359433366973921
25569,LOF,0.05906249643573002,0.1009282970171313,0.8400092065471386
25570,LOF,0.028707713200473304,0.13157050342622562,0.8397217833733011
25571,LOF,0.027263599589679985,0.13692038761911587,0.8358160127912041
25572,LOF,0.06008797795778245,0.15447720866029643,0.7854348133819211
25573,LOF,0.05669748354952426,0.11808807947079454,0.8252144369796812
25574,LOF,0.059439070105992024,0.22258575341408954,0.7179751764799185
25575,LOF,0.023187412165813985,0.1487489861485704,0.8280636016856157
25576,LOF,0.03137492922275629,0.19114720686660788,0.7774778639106358
25577,LOF,0.031362892114127135,0.14701699294390433,0.8216201149419686
25578,LOF,0.31754060630042724,0.11567215208884153,0.5667872416107312
25579,LOF,0.13926480511968198,0.12361820536383476,0.7371169895164832
25580,LOF,0.01991422581067767,0.10989989058015207,0.8701858836091703
25581,LOF,0.0587809115982173,0.09171562145716013,0.8495034669446225
25582,LOF,0.05875982673592903,0.09054936190479358,0.8506908113592774
25583,LOF,0.022250436830634598,0.1048971226505937,0.8728524405187716
25584,Neutral,0.7056135882393028,0.1327742681495948,0.1616121436111023
25585,LOF,0.02764917502304056,0.19408622184781504,0.7782646031291445
25586,LOF,0.01802679493580524,0.09399966875093133,0.8879735363132634
25587,LOF,0.017823495545174043,0.08266985225712987,0.899506652197696
25588,LOF,0.021466470989072055,0.08965785692368691,0.888875672087241
25589,Neutral,0.5268679230556728,0.2118621464778747,0.2612699304664525
25590,LOF,0.05076957227089685,0.1505495913692337,0.7986808363598694
25591,LOF,0.10580226966163254,0.08208182988223674,0.8121159004561307
25592,LOF,0.05771626887480402,0.17442052269328837,0.7678632084319076
25593,LOF,0.14595740839294993,0.2846566891425439,0.5693859024645062
25594,LOF,0.050099731436832995,0.07529699919782892,0.8746032693653382
25595,LOF,0.0461463737185717,0.05415308522221352,0.8997005410592147
25596,LOF,0.1114710724655852,0.027820690203844478,0.8607082373305703
25597,LOF,0.08424551143197892,0.03389811767797548,0.8818563708900456
25598,LOF,0.051319701925858933,0.05629223016031219,0.8923880679138287
25599,LOF,0.018487238971008277,0.47996474707324227,0.5015480139557494
25600,GOF,0.16028059373004933,0.5208565450739604,0.31886286119599017
25601,LOF,0.036620705105524405,0.3943261098449396,0.569053185049536
25602,LOF,0.03777426343965837,0.05828600367140395,0.9039397328889376
25603,LOF,0.03216134350714818,0.03431018849806462,0.9335284679947873
25604,LOF,0.033014587926397554,0.07592045992895959,0.8910649521446428
25605,LOF,0.03595603606958217,0.1943245668175264,0.7697193971128915
25606,LOF,0.41765651420433086,0.11738564957782922,0.4649578362178398
25607,LOF,0.025854319627256435,0.17407200831842035,0.8000736720543232
25608,LOF,0.03451916771079631,0.07192247377055604,0.8935583585186477
25609,GOF,0.14453676432742288,0.5553111621531369,0.3001520735194403
25610,LOF,0.017457384697471864,0.028940405482375933,0.9536022098201523
25611,LOF,0.014403435624682772,0.03441871146196322,0.951177852913354
25612,LOF,0.04827288034364604,0.0499466712357128,0.9017804484206412
25613,LOF,0.04545030990103615,0.05021584386564619,0.9043338462333178
25614,LOF,0.02414910700489955,0.026956235774394297,0.9488946572207062
25615,LOF,0.04208619917918193,0.04462254932595659,0.9132912514948615
25616,LOF,0.05202173729903119,0.029883834793674992,0.9180944279072938
25617,LOF,0.04350044534828558,0.03937966214384472,0.9171198925078697
25618,LOF,0.05322573076376387,0.035774462398089395,0.9109998068381467
25619,LOF,0.01413047061339718,0.034029023792268694,0.951840505594334
25620,LOF,0.06616210736418775,0.04623239800792281,0.8876054946278895
25621,LOF,0.05573463132747789,0.04148440000643742,0.9027809686660847
25622,LOF,0.06475205447026847,0.038547346592070396,0.8967005989376612
25623,LOF,0.07379338359349963,0.03009102075681056,0.8961155956496899
25624,LOF,0.01962987247647976,0.03483699248090684,0.9455331350426133
25625,LOF,0.06179495855397763,0.04577827810707612,0.8924267633389462
25626,LOF,0.0483397910365207,0.047859129018998414,0.903801079944481
25627,Neutral,0.8964132025850109,0.02101118046839462,0.08257561694659445
25628,LOF,0.14819735957778948,0.06952381549562474,0.7822788249265856
25629,LOF,0.06462313003785002,0.056273341237885174,0.8791035287242649
25630,LOF,0.28287589579793143,0.08468505305490925,0.6324390511471593
25631,Neutral,0.5804656100855637,0.06767392114519881,0.3518604687692373
25632,LOF,0.024722478333802738,0.07057675617440315,0.9047007654917941
25633,LOF,0.14309297187568565,0.04014500189986903,0.8167620262244453
25634,LOF,0.03327964324397996,0.09810135579025077,0.8686190009657693
25635,LOF,0.03332220316873809,0.042855895997750394,0.9238219008335115
25636,LOF,0.031947933343188316,0.43961799382126665,0.528434072835545
25637,GOF,0.07915576663007935,0.48341878838395475,0.43742544498596586
25638,LOF,0.031713823972954906,0.33945982614289644,0.6288263498841485
25639,LOF,0.032067976005542405,0.3655952988222737,0.6023367251721838
25640,Neutral,0.7664540386668066,0.18838865409272015,0.04515730724047314
25641,GOF,0.06648821454589378,0.5052347680307984,0.4282770174233078
25642,LOF,0.044698736734316444,0.18811640300338806,0.7671848602622955
25643,LOF,0.1969323366176637,0.15010252518052722,0.652965138201809
25644,GOF,0.027424057840063833,0.4864839534317615,0.4860919887281747
25645,LOF,0.0314443007951655,0.427180228672781,0.5413754705320535
25646,LOF,0.06919204981824591,0.3453592819399239,0.5854486682418302
25647,LOF,0.036616414758905994,0.2753214665589341,0.6880621186821599
25648,LOF,0.046523917851232874,0.2667541225054191,0.686721959643348
25649,LOF,0.02016253689749714,0.23739922773875,0.7424382353637529
25650,LOF,0.062233807877553254,0.41459337991764494,0.5231728122048017
25651,LOF,0.02078976920101296,0.2984768181679772,0.6807334126310098
25652,LOF,0.04242263841831965,0.2698930157626173,0.687684345819063
25653,LOF,0.11244203030764341,0.4282065812458197,0.45935138844653706
25654,LOF,0.033314320376504704,0.24824190767561102,0.7184437719478843
25655,GOF,0.24816957699753056,0.39617686699810595,0.3556535560043634
25656,LOF,0.3351119923381047,0.07281281012751809,0.5920751975343772
25657,LOF,0.06179027807658546,0.06943535027798767,0.8687743716454268
25658,LOF,0.36075230251862644,0.06183127227048335,0.5774164252108902
25659,Neutral,0.5155457119317544,0.08658953433079093,0.3978647537374547
25660,LOF,0.021592001467816552,0.07691385630039492,0.9014941422317885
25661,LOF,0.10112754217216503,0.05628473464894156,0.8425877231788934
25662,LOF,0.0349558599348787,0.030117542316638355,0.934926597748483
25663,LOF,0.04515400690154774,0.04286658185300793,0.9119794112454443
25664,LOF,0.14005632642539662,0.05793035830185677,0.8020133152727467
25665,LOF,0.057381786698498104,0.029354013625117834,0.9132641996763842
25666,LOF,0.09632463972754027,0.06178659032749437,0.8418887699449653
25667,LOF,0.07624181892009754,0.036567972034987586,0.8871902090449149
25668,LOF,0.03828420075128196,0.04411396016180599,0.9176018390869122
25669,LOF,0.033560256908,0.04468285296231487,0.9217568901296851
25670,LOF,0.15052387662311065,0.046631886336061766,0.8028442370408276
25671,LOF,0.12122939030530604,0.03136809571350999,0.847402513981184
25672,LOF,0.05413955628495912,0.040499823798186126,0.9053606199168548
25673,LOF,0.08731009513775925,0.04541319286729201,0.8672767119949488
25674,LOF,0.0742625124884519,0.05578079108790496,0.8699566964236431
25675,LOF,0.12913948318690027,0.05321401409291769,0.817646502720182
25676,LOF,0.019548088477423307,0.051462723511733165,0.9289891880108436
25677,LOF,0.026135463709209085,0.06341811798565758,0.9104464183051334
25678,LOF,0.20972153805111507,0.057375072054645065,0.7329033898942399
25679,LOF,0.12113224875080594,0.07537596496795036,0.8034917862812437
25680,LOF,0.03266395367940004,0.10814725886313598,0.8591887874574639
25681,LOF,0.050852560627574206,0.09862807440416055,0.8505193649682653
25682,LOF,0.15434241889555037,0.07274080923856481,0.7729167718658847
25683,LOF,0.11347374941305266,0.08676309497684248,0.7997631556101048
25684,LOF,0.04548310370688366,0.06968472891026191,0.8848321673828544
25685,LOF,0.1335209312954022,0.054920232296632746,0.811558836407965
25686,LOF,0.08192221483489096,0.0827807935873776,0.8352969915777314
25687,LOF,0.11603215015690477,0.08430169870167642,0.7996661511414188
25688,LOF,0.3277574701641743,0.030542240915260435,0.6417002889205653
25689,LOF,0.252147856588001,0.03242594253177276,0.7154262008802263
25690,LOF,0.34083329566695786,0.027670494484091788,0.6314962098489504
25691,Neutral,0.7153969525649734,0.0226224460582109,0.2619806013768158
25692,LOF,0.3555747814633046,0.008478232835868502,0.635946985700827
25693,LOF,0.044232225234512826,0.42029858987414137,0.5354691848913458
25694,LOF,0.11438790179540172,0.015672866386030666,0.8699392318185677
25695,LOF,0.10639214718641467,0.015586021237734574,0.8780218315758507
25696,LOF,0.13056708871797737,0.010249431249787675,0.859183480032235
25697,LOF,0.09271869933801845,0.044769693360172315,0.8625116073018092
25698,LOF,0.35359126867806984,0.16888077040418412,0.47752796091774596
25699,LOF,0.4531540028736121,0.0429621861230366,0.5038838110033513
25700,LOF,0.07379258152336599,0.01080246238286154,0.9154049560937725
25701,LOF,0.15376014823865455,0.05585689799406054,0.7903829537672848
25702,GOF,0.17696428881347523,0.587807476320043,0.23522823486648176
25703,LOF,0.014828460691850976,0.15461185869650546,0.8305596806116435
25704,LOF,0.04098016836044864,0.10735549667264124,0.8516643349669101
25705,LOF,0.051904464489924654,0.16692496005938492,0.7811705754506905
25706,LOF,0.09924843636396813,0.44171660774687144,0.4590349558891603
25707,LOF,0.09543804172875778,0.3951502288959995,0.5094117293752427
25708,LOF,0.030805019030122584,0.3212162571974108,0.6479787237724666
25709,LOF,0.06628144813380193,0.04548660102489212,0.8882319508413059
25710,LOF,0.012441217356734775,0.15167807773658004,0.8358807049066852
25711,LOF,0.019487371535990033,0.1072093955936133,0.8733032328703967
25712,LOF,0.014229937230079578,0.20411718510991753,0.7816528776600028
25713,LOF,0.018806633242580115,0.09978364067902132,0.8814097260783986
25714,LOF,0.07670166974984352,0.08773380388699557,0.8355645263631608
25715,LOF,0.011438390049887814,0.15520043371302103,0.8333611762370913
25716,LOF,0.013243878517454967,0.11570995873071828,0.8710461627518267
25717,LOF,0.012921531188437191,0.08597979688930897,0.9010986719222539
25718,LOF,0.012660270606790905,0.11281890416435678,0.8745208252288522
25719,LOF,0.018424804495075095,0.08479089615428838,0.8967842993506365
25720,LOF,0.023817962476398186,0.07820727248504461,0.8979747650385571
25721,LOF,0.015465656276126784,0.12893321052281304,0.8556011332010601
25722,LOF,0.01382217396858997,0.14230035370684366,0.8438774723245663
25723,LOF,0.02301445805368781,0.04811682637886445,0.9288687155674478
25724,LOF,0.03299461536334412,0.09103040980408418,0.8759749748325716
25725,LOF,0.011745280982406198,0.07032161175491058,0.9179331072626831
25726,LOF,0.015434973413229526,0.12601110260996476,0.8585539239768056
25727,LOF,0.013401170893493847,0.0891571085119936,0.8974417205945124
25728,LOF,0.01002619234194648,0.12535333501766135,0.8646204726403922
25729,LOF,0.010506370240064022,0.13045914728093186,0.8590344824790042
25730,LOF,0.01387465505882563,0.09092622744398618,0.8951991174971882
25731,LOF,0.019789286322738558,0.1192344899107929,0.8609762237664685
25732,LOF,0.01382604333030506,0.08829826078734224,0.8978756958823526
25733,LOF,0.015999158091065613,0.07839560073342314,0.9056052411755112
25734,LOF,0.012071375565972304,0.1261512883316603,0.8617773361023674
25735,LOF,0.013784388136011119,0.0954727602077431,0.8907428516562459
25736,LOF,0.014881081268778877,0.10588731521501558,0.8792316035162056
25737,LOF,0.012482081846434822,0.0889983908342423,0.8985195273193228
25738,LOF,0.01251775500472908,0.11490381126202501,0.872578433733246
25739,LOF,0.02141152260232931,0.08952230074056497,0.8890661766571057
25740,LOF,0.025520040546644262,0.12497301757057737,0.8495069418827784
25741,LOF,0.014994286850655143,0.12624585925235077,0.8587598538969942
25742,LOF,0.12285011563808562,0.09274417086908533,0.7844057134928291
25743,LOF,0.03964057800855301,0.03674726512543928,0.9236121568660077
25744,Neutral,0.5844808994099957,0.20109166966235084,0.2144274309276534
25745,LOF,0.08136650240060778,0.07155037536786651,0.8470831222315256
25746,LOF,0.04591826720267266,0.0852789671101723,0.868802765687155
25747,LOF,0.020606636288158408,0.059165685272032864,0.9202276784398088
25748,LOF,0.09000711376158069,0.09216814856500823,0.817824737673411
25749,LOF,0.026895921166965882,0.08106995760815054,0.8920341212248837
25750,LOF,0.09633783041340536,0.08433234398924436,0.8193298255973502
25751,LOF,0.0965964586895188,0.10302964682014493,0.8003738944903364
25752,GOF,0.10669031919211074,0.6369950067380923,0.2563146740697971
25753,LOF,0.019631495542591915,0.2807896426101748,0.6995788618472334
25754,GOF,0.011776886874076664,0.7654459766357078,0.22277713649021552
25755,LOF,0.021179270839649312,0.3831093476286773,0.5957113815316734
25756,LOF,0.04374301263380689,0.3439248088453208,0.6123321785208723
25757,GOF,0.013146636832314486,0.801871233360449,0.18498212980723666
25758,GOF,0.026904323991436,0.8068029319532094,0.16629274405535463
25759,GOF,0.010922388385141583,0.5763717434519445,0.4127058681629138
25760,LOF,0.011812295009392364,0.2618509868139442,0.7263367181766635
25761,GOF,0.2765452400899244,0.6169028248377939,0.10655193507228174
25762,LOF,0.03777091353883344,0.2444132575095494,0.7178158289516171
25763,LOF,0.01391896806408647,0.19647249267187894,0.7896085392640346
25764,GOF,0.06387080186439931,0.6179864777745195,0.3181427203610811
25765,GOF,0.04190044418610569,0.7327913878430127,0.2253081679708816
25766,GOF,0.07151203977517818,0.7194387358356549,0.20904922438916707
25767,GOF,0.1484978359371914,0.5629466449379148,0.28855551912489386
25768,LOF,0.10465600908354673,0.06819336117686889,0.8271506297395844
25769,LOF,0.059678804506838226,0.06510381201236123,0.8752173834808005
25770,LOF,0.3431488828563878,0.10234828656016086,0.5545028305834514
25771,LOF,0.04409512524769772,0.05412271064631298,0.9017821641059893
25772,LOF,0.018744879485337092,0.043881904492394694,0.9373732160222682
25773,LOF,0.048800220336624456,0.10629030866175679,0.8449094710016187
25774,LOF,0.0313831922659224,0.07899517980801421,0.8896216279260635
25775,LOF,0.04955735378694939,0.04973867025429443,0.9007039759587562
25776,LOF,0.08196522056013877,0.02765669660526706,0.8903780828345942
25777,LOF,0.3730067019554206,0.0635083495186995,0.5634849485258798
25778,LOF,0.07711310910519711,0.049807677120968376,0.8730792137738345
25779,GOF,0.34052397507598303,0.6181950213474867,0.041281003576530306
25780,GOF,0.31082632151673434,0.6276940567392297,0.061479621744035984
25781,GOF,0.12980646508925958,0.7752282835298797,0.09496525138086076
25782,GOF,0.20384648921245999,0.7276489555817107,0.06850455520582927
25783,GOF,0.022113294584313384,0.671004130836854,0.3068825745788327
25784,Neutral,0.4922357723116223,0.4710738997549988,0.036690327933378813
25785,GOF,0.4498192974610756,0.5160670729601995,0.03411362957872495
25786,GOF,0.02468889236416624,0.7601821428436778,0.21512896479215596
25787,Neutral,0.6114051169438658,0.3677755964495702,0.020819286606564007
25788,LOF,0.057894032007629034,0.11859824529673474,0.8235077226956362
25789,GOF,0.2179801911467381,0.6643720443518242,0.11764776450143774
25790,GOF,0.20887342326339564,0.7034882891022088,0.08763828763439543
25791,GOF,0.18333385422242696,0.6824911824753626,0.1341749633022104
25792,GOF,0.37092637989797284,0.529495947274503,0.09957767282752428
25793,GOF,0.20967628017231205,0.5844856315727527,0.20583808825493513
25794,GOF,0.2867555152393775,0.5446156288700132,0.16862885589060922
25795,GOF,0.08327776062623744,0.6650959683521144,0.25162627102164825
25796,Neutral,0.5346188884399098,0.39732513601361663,0.06805597554647352
25797,GOF,0.07931540241672527,0.5568945413407088,0.36379005624256583
25798,GOF,0.009191247899351095,0.5341152068809505,0.4566935452196984
25799,LOF,0.007567489975798913,0.4145437102001944,0.5778887998240068
25800,GOF,0.031328304522372674,0.6039081949256929,0.3647635005519343
25801,GOF,0.19852765790744462,0.694682317508042,0.10679002458451342
25802,GOF,0.06270871149571433,0.7110006731964404,0.2262906153078452
25803,GOF,0.02936117194265466,0.6012757072439174,0.369363120813428
25804,GOF,0.028344911656665226,0.5082695555761978,0.46338553276713706
25805,GOF,0.08942391988328265,0.6031855276978839,0.30739055241883345
25806,GOF,0.08781883879808126,0.6306155173364127,0.2815656438655061
25807,GOF,0.017378144085839212,0.6383359118241342,0.34428594409002655
25808,GOF,0.07809958960421647,0.6524270564436181,0.2694733539521654
25809,GOF,0.018846445983009278,0.6062457716171199,0.37490778239987094
25810,GOF,0.017143154634361536,0.6367747327229147,0.3460821126427238
25811,GOF,0.44087708510133494,0.4918210691500787,0.06730184574858632
25812,GOF,0.034617646936162226,0.6547596672368721,0.3106226858269659
25813,Neutral,0.500075513598849,0.41665247324178734,0.0832720131593636
25814,GOF,0.12125882572515657,0.6773206310343846,0.2014205432404589
25815,GOF,0.19008044891068834,0.6359715091167502,0.1739480419725616
25816,GOF,0.02114235827222313,0.7164527801441577,0.2624048615836193
25817,GOF,0.2116330346421966,0.6609234617728829,0.12744350358492038
25818,GOF,0.04958258316566013,0.6598967852356478,0.29052063159869224
25819,GOF,0.3669108924197899,0.509066913900724,0.1240221936794861
25820,GOF,0.16162386610104543,0.6204863029307768,0.21788983096817793
25821,GOF,0.05211507508434893,0.6774558004167359,0.27042912449891504
25822,GOF,0.19061979073374036,0.5834488725468888,0.22593133671937085
25823,GOF,0.03209635077958035,0.5176020415551009,0.45030160766531874
25824,GOF,0.07577641206378607,0.5995560070786384,0.3246675808575755
25825,GOF,0.033787776797922366,0.5819004373567863,0.3843117858452913
25826,GOF,0.013731873721988547,0.5577030640818762,0.4285650621961352
25827,GOF,0.02124695314649138,0.5971474728686027,0.38160557398490585
25828,GOF,0.01241349982819013,0.5315482865172716,0.45603821365453817
25829,GOF,0.006163047627775017,0.5761451999795872,0.4176917523926377
25830,LOF,0.03353273872201602,0.3531909664909892,0.6132762947869947
25831,GOF,0.1861335826518635,0.7032314234139442,0.11063499393419231
25832,GOF,0.02705749492792652,0.6977114440024352,0.2752310610696383
25833,GOF,0.11025693000589182,0.7321611356144765,0.15758193437963183
25834,GOF,0.032499472544900924,0.7118357423327614,0.2556647851223378
25835,GOF,0.0694718980749212,0.7724836983380305,0.15804440358704824
25836,GOF,0.03524992461562254,0.7086900064768733,0.2560600689075042
25837,GOF,0.02559501533216788,0.5868619964690407,0.38754298819879146
25838,GOF,0.08139854474588919,0.7731662360224704,0.1454352192316405
25839,GOF,0.2603777156339164,0.6056379079600557,0.13398437640602798
25840,GOF,0.20270531307082781,0.6528110619831515,0.14448362494602068
25841,GOF,0.22195873181871426,0.6340997551167483,0.14394151306453745
25842,GOF,0.17487254108175054,0.6968962280770227,0.12823123084122676
25843,GOF,0.2459514275326768,0.6635654858187722,0.0904830866485512
25844,GOF,0.05739523807998688,0.6979526897073124,0.24465207221270058
25845,LOF,0.015894251017538052,0.4911260545680314,0.49297969441443057
25846,GOF,0.12674190970790727,0.7179878335026555,0.15527025678943726
25847,GOF,0.11765734120469425,0.7836786548457475,0.09866400394955835
25848,GOF,0.031961788868630374,0.7172860265911419,0.2507521845402277
25849,GOF,0.010750094892282541,0.6065778465185288,0.38267205858918873
25850,GOF,0.020529248861021785,0.661811674725247,0.3176590764137312
25851,GOF,0.015983783011322666,0.5459740569302374,0.4380421600584399
25852,GOF,0.1567586384938756,0.5682375856742745,0.2750037758318499
25853,GOF,0.3230498033358139,0.6124443160282462,0.06450588063593986
25854,GOF,0.020855062277017982,0.6426623172627066,0.3364826204602754
25855,GOF,0.03363969498357782,0.6022134011089081,0.3641469039075142
25856,GOF,0.21659989340076113,0.58500685046536,0.1983932561338788
25857,GOF,0.03255217851005672,0.5276654416470559,0.43978237984288737
25858,GOF,0.016226295733506844,0.5431936506899124,0.44058005357658075
25859,GOF,0.009941221195641626,0.5257006574396744,0.46435812136468396
25860,GOF,0.32752877093624655,0.5939261407901766,0.07854508827357695
25861,GOF,0.4092555093846068,0.5210830484789937,0.06966144213639958
25862,GOF,0.07366393634308513,0.795104052894615,0.1312320107622998
25863,GOF,0.07666856517127439,0.7967563858702699,0.12657504895845567
25864,GOF,0.19294398627235027,0.7326534647888092,0.07440254893884043
25865,GOF,0.0817535946513712,0.812274026934174,0.10597237841445471
25866,GOF,0.06512953501992798,0.8126644269499937,0.12220603803007829
25867,GOF,0.081862383081354,0.8314412364825406,0.0866963804361053
25868,GOF,0.2344285876726049,0.6728465499054215,0.0927248624219736
25869,Neutral,0.6819111298224708,0.2863685595726483,0.03172031060488083
25870,GOF,0.28163605006418807,0.40742848858912817,0.3109354613466836
25871,GOF,0.19192932896686057,0.6661224834208821,0.14194818761225733
25872,GOF,0.06740119404912874,0.677259671096182,0.2553391348546891
25873,GOF,0.10557272193732656,0.7294571071571385,0.164970170905535
25874,LOF,0.01803417760420361,0.12758454732722257,0.8543812750685738
25875,LOF,0.10391503966202856,0.03234757179749963,0.8637373885404719
25876,LOF,0.036910013582195624,0.03411401102524917,0.9289759753925552
25877,Neutral,0.5232010869014564,0.0396079799828476,0.4371909331156959
25878,LOF,0.22906250696338434,0.0679370425531266,0.7030004504834891
25879,LOF,0.09440879959505515,0.07042612786506244,0.8351650725398825
25880,LOF,0.022641952814736275,0.017323014415797075,0.9600350327694666
25881,LOF,0.16381886400540877,0.1128371795023659,0.7233439564922254
25882,LOF,0.06114252153345171,0.018625243765608687,0.9202322347009396
25883,LOF,0.08094152641761819,0.019858354798109178,0.8992001187842726
25884,LOF,0.03251243687280023,0.030970982505838296,0.9365165806213614
25885,LOF,0.06060647887708305,0.012538260501692074,0.9268552606212249
25886,LOF,0.24754685908133997,0.03611237903619496,0.7163407618824651
25887,LOF,0.14423872144894453,0.06554530167380751,0.7902159768772481
25888,LOF,0.07356981498481628,0.05597638368684744,0.8704538013283362
25889,LOF,0.04428959379912572,0.02084030062767866,0.9348701055731956
25890,LOF,0.055910122553169815,0.13165658500943095,0.8124332924373993
25891,LOF,0.044218295416616704,0.05620790103980528,0.8995738035435781
25892,LOF,0.09164449742700563,0.024321230006432635,0.8840342725665618
25893,LOF,0.22494926585683048,0.02232259065945767,0.7527281434837119
25894,LOF,0.16842576692837627,0.012274000402791209,0.8193002326688326
25895,LOF,0.19982895540805345,0.021931974393789116,0.7782390701981574
25896,LOF,0.04665658885146056,0.028075662113582672,0.9252677490349568
25897,LOF,0.2554488484705952,0.01298359342951202,0.7315675580998927
25898,Neutral,0.7019707149097196,0.01106601658473264,0.28696326850554776
25899,LOF,0.18972721828399353,0.026331027847602072,0.7839417538684045
25900,LOF,0.4057843004967925,0.017035248454772157,0.5771804510484353
25901,LOF,0.04804698730349427,0.014934399450502588,0.937018613246003
25902,LOF,0.16756599138315323,0.015426884302250254,0.8170071243145965
25903,Neutral,0.547390500343449,0.029837037161296737,0.4227724624952542
25904,LOF,0.2702673490961594,0.056647391212488574,0.673085259691352
25905,LOF,0.02647635085360691,0.3147868703890625,0.6587367787573306
25906,LOF,0.0323785465469195,0.06662230991528423,0.9009991435377962
25907,LOF,0.015547116083537203,0.32918946739614047,0.6552634165203223
25908,LOF,0.011999706100033638,0.23462473434993586,0.7533755595500304
25909,LOF,0.01456657053324283,0.11318013429301271,0.8722532951737444
25910,LOF,0.05133880837355775,0.11631065063930547,0.8323505409871368
25911,LOF,0.16966117033190697,0.02439945378118382,0.8059393758869092
25912,LOF,0.0416825112854796,0.04185192488268715,0.9164655638318332
25913,LOF,0.27764037030091404,0.020834908623127136,0.7015247210759589
25914,LOF,0.022389456116003674,0.07542895337315791,0.9021815905108385
25915,Neutral,0.5171553193324523,0.24253929379333972,0.240305386874208
25916,LOF,0.08128015425869943,0.2787095525559804,0.6400102931853202
25917,LOF,0.06593567473379629,0.06296479762381207,0.8710995276423916
25918,LOF,0.02751820967191974,0.049715653674731006,0.9227661366533494
25919,LOF,0.02359971208814022,0.056416276674978644,0.919984011236881
25920,GOF,0.09888838636174824,0.5586395201442391,0.34247209349401264
25921,LOF,0.02385642615917565,0.027550312414084965,0.9485932614267394
25922,LOF,0.033455242671702426,0.02178115413041244,0.9447636031978851
25923,LOF,0.40235735341832163,0.023976131777656545,0.5736665148040219
25924,LOF,0.034918269729120294,0.038588893796599605,0.9264928364742802
25925,LOF,0.06695515888264747,0.03198743921654023,0.9010574019008123
25926,LOF,0.05073308120875262,0.026272757188608255,0.922994161602639
25927,LOF,0.06611446578066912,0.08121345755196585,0.8526720766673651
25928,LOF,0.0193280792411604,0.040729532602531024,0.9399423881563086
25929,Neutral,0.5175664081335594,0.02630412682384091,0.45612946504259966
25930,LOF,0.050962602150476356,0.022385504650001033,0.9266518931995226
25931,LOF,0.025259916140192927,0.02615944143435979,0.9485806424254473
25932,LOF,0.026121421131179906,0.02160387796873996,0.9522747009000802
25933,LOF,0.037995001777589556,0.014726193758977947,0.9472788044634325
25934,LOF,0.024212121199130587,0.01756033839611229,0.9582275404047572
25935,LOF,0.06012850050472906,0.03608191526168572,0.9037895842335852
25936,LOF,0.043315564050189354,0.01979408371123921,0.9368903522385715
25937,LOF,0.026384184875241117,0.031299561354716364,0.9423162537700426
25938,LOF,0.061568923984487524,0.03790371492401322,0.9005273610914993
25939,LOF,0.040077476530719094,0.015106477192311086,0.9448160462769699
25940,LOF,0.027876808621749287,0.38474340676126306,0.5873797846169877
25941,LOF,0.18492886074312992,0.08653735425505783,0.7285337850018122
25942,LOF,0.015397570530048548,0.03518992197693644,0.949412507493015
25943,LOF,0.32026969657433546,0.061509566675111864,0.6182207367505527
25944,Neutral,0.5089245092546134,0.023998845151207603,0.46707664559417905
25945,LOF,0.06667607264329942,0.02380873092069464,0.9095151964360061
25946,LOF,0.026243758506033485,0.13497291295324237,0.8387833285407241
25947,LOF,0.12744180824008003,0.20671727464650588,0.6658409171134141
25948,LOF,0.39754099331887827,0.010751226486330668,0.591707780194791
25949,LOF,0.10832636931241338,0.03828771292255323,0.8533859177650334
25950,GOF,0.28390425807461783,0.36198107822096043,0.3541146637044217
25951,LOF,0.2234882789642348,0.21933818089910045,0.5571735401366648
25952,LOF,0.043629890333040745,0.41696609351370717,0.539404016153252
25953,LOF,0.14306213810424814,0.0996589173665893,0.7572789445291626
25954,Neutral,0.43926442238713015,0.15698828795123984,0.40374728966163004
25955,LOF,0.058228117906251625,0.08262610664557538,0.8591457754481729
25956,LOF,0.1753934379191837,0.12148104757376971,0.7031255145070466
25957,LOF,0.036105191302940674,0.033262421257423465,0.9306323874396358
25958,LOF,0.0632706274680448,0.03163551096567387,0.9050938615662814
25959,LOF,0.06800594301312436,0.39905570530343976,0.532938351683436
25960,LOF,0.018839675330472178,0.055097462959521414,0.9260628617100064
25961,LOF,0.05113982342147731,0.03357744169075521,0.9152827348877673
25962,LOF,0.06495481671260166,0.028257735344704226,0.9067874479426941
25963,LOF,0.05040317642111922,0.1860773585883688,0.7635194649905119
25964,LOF,0.04128812478562414,0.15040733284952015,0.8083045423648557
25965,LOF,0.45267745777740187,0.09064937039588508,0.4566731718267129
25966,Neutral,0.48080777078169773,0.0963806678364443,0.4228115613818581
25967,LOF,0.012797632432522502,0.0585384419102773,0.9286639256572002
25968,LOF,0.03214210894075453,0.3998564375672148,0.5680014534920307
25969,LOF,0.03417223695716395,0.050812428419577886,0.9150153346232582
25970,LOF,0.05915172806679422,0.06117432213087538,0.8796739498023304
25971,LOF,0.07413590258145139,0.01727908246069138,0.9085850149578572
25972,LOF,0.07496596314452983,0.022151750049922106,0.9028822868055482
25973,LOF,0.07774458518433593,0.009816048205560245,0.9124393666101038
25974,LOF,0.19205939463302188,0.01829159431147809,0.7896490110555
25975,LOF,0.04999012733277467,0.028919759245622796,0.9210901134216025
25976,LOF,0.04369220015473984,0.017049370432966678,0.9392584294122935
25977,LOF,0.14705518851187477,0.10169936877858639,0.7512454427095387
25978,LOF,0.14569574500442306,0.08356425521761274,0.7707399997779643
25979,LOF,0.1365239254380707,0.08138095519683475,0.7820951193650946
25980,LOF,0.22818229093787978,0.1043821050127041,0.667435604049416
25981,LOF,0.26341123561963914,0.10040016868881396,0.636188595691547
25982,LOF,0.4125617230378939,0.06362153289134234,0.5238167440707638
25983,LOF,0.4016660853670529,0.07348681072665636,0.5248471039062907
25984,LOF,0.052335637168648586,0.04384590398545295,0.9038184588458984
25985,LOF,0.033434092833661,0.2046423849776972,0.7619235221886418
25986,LOF,0.038805032814698506,0.2636958812941654,0.6974990858911361
25987,LOF,0.07878834220925865,0.06710412964519374,0.8541075281455477
25988,LOF,0.1466068920675945,0.04855063545140324,0.8048424724810024
25989,LOF,0.031132966511428734,0.09728436761833038,0.8715826658702409
25990,LOF,0.04065036492581425,0.11779264526950237,0.8415569898046834
25991,LOF,0.13840923359147345,0.3461061674574022,0.5154845989511243
25992,LOF,0.3204770308029405,0.17629632407520995,0.5032266451218496
25993,LOF,0.02288685560360227,0.09500701131717373,0.8821061330792239
25994,LOF,0.016726539027209275,0.14039189440580968,0.842881566566981
25995,LOF,0.026369061748134245,0.27118344617205836,0.7024474920798075
25996,GOF,0.3055762559791379,0.46350234130521917,0.230921402715643
25997,GOF,0.08212523320483135,0.4798471474141907,0.43802761938097795
25998,Neutral,0.5629134743696013,0.016313031105446112,0.4207734945249526
25999,LOF,0.10262783637383652,0.1009154938152702,0.7964566698108931
26000,LOF,0.17342005984551775,0.04699487456001048,0.7795850655944717
26001,LOF,0.2094028702762447,0.04453788262533625,0.746059247098419
26002,LOF,0.14416126639120597,0.05116232448704467,0.8046764091217494
26003,GOF,0.0103203508708937,0.5756118348888002,0.41406781424030614
26004,GOF,0.019825018273377924,0.6146124818305021,0.36556249989612
26005,LOF,0.008268674908062532,0.42571771780816453,0.5660136072837729
26006,Neutral,0.5070870153082451,0.22720154514848032,0.26571143954327453
26007,GOF,0.022114621558349718,0.5240159348635938,0.45386944357805653
26008,GOF,0.017979103293916023,0.6008151115238451,0.38120578518223897
26009,GOF,0.020663109328146228,0.6433644350448775,0.3359724556269763
26010,GOF,0.02751690656173539,0.6341062600276617,0.33837683341060304
26011,LOF,0.006997803685505802,0.42397882909869317,0.5690233672158012
26012,GOF,0.012187522721801621,0.5429052047163574,0.444907272561841
26013,GOF,0.018389964922707794,0.5922347824480934,0.3893752526291989
26014,LOF,0.043292737122409275,0.10106790319221758,0.8556393596853733
26015,LOF,0.17858390411617053,0.010125882984750827,0.8112902128990787
26016,LOF,0.21216801178832354,0.04994714603742533,0.7378848421742511
26017,LOF,0.22077212894764806,0.08348499219757288,0.695742878854779
26018,LOF,0.09160795441659776,0.029985049299704306,0.878406996283698
26019,LOF,0.08709416692972324,0.02269261495515384,0.8902132181151228
26020,LOF,0.06761679316242872,0.09680805638074268,0.8355751504568287
26021,LOF,0.04157644283236794,0.09923196424890716,0.8591915929187249
26022,LOF,0.01086547261191559,0.037240734308888065,0.9518937930791963
26023,LOF,0.11069345210917773,0.020056930413762622,0.8692496174770598
26024,LOF,0.03001808353105981,0.10777786642197386,0.8622040500469663
26025,LOF,0.14887186378972692,0.09817083935798426,0.752957296852289
26026,LOF,0.33354195617505145,0.02526750878134756,0.641190535043601
26027,LOF,0.08010272061438868,0.015386743507388567,0.9045105358782227
26028,LOF,0.16486856488921484,0.06861363967955456,0.7665177954312306
26029,LOF,0.07381402301001408,0.20358343797954878,0.7226025390104371
26030,LOF,0.02519339126506217,0.0648307011024968,0.909975907632441
26031,LOF,0.02662811921818867,0.15495587940097139,0.8184160013808399
26032,LOF,0.06126472489301885,0.07567196507478922,0.8630633100321919
26033,LOF,0.10682446864421113,0.09225098631405497,0.8009245450417339
26034,LOF,0.04647047670571449,0.16867603108224977,0.7848534922120358
26035,LOF,0.02590266683355656,0.15628529293382598,0.8178120402326174
26036,LOF,0.038313536836921055,0.18577316084193327,0.7759133023211456
26037,LOF,0.021715217846168512,0.13393190936323687,0.8443528727905946
26038,LOF,0.05727688171879784,0.07750015254004693,0.8652229657411552
26039,LOF,0.048582112845919505,0.16340982711480487,0.7880080600392756
26040,LOF,0.17712510857181246,0.14357452524527475,0.6793003661829127
26041,LOF,0.022460515762895424,0.12976623428693432,0.8477732499501701
26042,LOF,0.020980789302237086,0.11887512526694646,0.8601440854308163
26043,LOF,0.05763606061414298,0.09174230260126773,0.8506216367845894
26044,LOF,0.02053595134690497,0.07858060202547562,0.9008834466276194
26045,LOF,0.06998992445224102,0.11189913030512832,0.8181109452426306
26046,LOF,0.05931801835647691,0.08928605549885787,0.8513959261446653
26047,LOF,0.0798267201909316,0.09631433684474605,0.8238589429643223
26048,LOF,0.05068620750818575,0.05034263841843626,0.898971154073378
26049,Neutral,0.957233687061902,0.00893351681872581,0.03383279611937222
26050,Neutral,0.9415317135312393,0.01198215076484472,0.04648613570391602
26051,LOF,0.04624915272248104,0.22296803737719925,0.7307828099003196
26052,LOF,0.06380880725669254,0.2761143760190096,0.6600768167242977
26053,LOF,0.052693990736377046,0.1498829281974617,0.7974230810661611
26054,LOF,0.056482603730397526,0.017987790520556494,0.925529605749046
26055,LOF,0.0775013860378527,0.013853274079914215,0.9086453398822332
26056,LOF,0.06421725605532348,0.01509805694356088,0.9206846870011156
26057,LOF,0.03011679667533517,0.010873146974362159,0.9590100563503026
26058,LOF,0.03170903831732138,0.008612608067679082,0.9596783536149995
26059,LOF,0.3208575457633475,0.023501026090886817,0.6556414281457656
26060,LOF,0.03911058707389656,0.19070752134096372,0.7701818915851398
26061,LOF,0.01850376542925703,0.010388221439319454,0.9711080131314236
26062,LOF,0.011517426906432881,0.01717291672733544,0.9713096563662316
26063,LOF,0.022959402776260514,0.010959949052276154,0.9660806481714633
26064,LOF,0.020594782892972025,0.020134572746553087,0.9592706443604748
26065,LOF,0.02578216261698543,0.009971108917513622,0.9642467284655009
26066,LOF,0.021210201307262217,0.010213922070547296,0.9685758766221905
26067,LOF,0.029539725434504314,0.007979224490818422,0.9624810500746772
26068,LOF,0.048063859669640926,0.03300094493662971,0.9189351953937295
26069,LOF,0.2567647018875574,0.02064131121367152,0.7225939868987712
26070,LOF,0.37213689672375605,0.016942851959832406,0.6109202513164115
26071,LOF,0.02514212608914372,0.010884882634909688,0.9639729912759466
26072,LOF,0.022994145227887085,0.016508704152370268,0.9604971506197425
26073,LOF,0.02592266485606314,0.01020833630868845,0.9638689988352485
26074,Neutral,0.9134093841870282,0.005590106125565351,0.08100050968740624
26075,LOF,0.04641495915220574,0.014936850978867378,0.9386481898689268
26076,LOF,0.0481814413347424,0.007874011867922895,0.9439445467973347
26077,LOF,0.01072808511073859,0.017561178494962172,0.9717107363942992
26078,LOF,0.014255880849427948,0.011187916121971203,0.9745562030286009
26079,LOF,0.0625649143859644,0.017529456730340988,0.9199056288836946
26080,LOF,0.06185427262481796,0.017550717667467103,0.920595009707715
26081,LOF,0.03754626215858747,0.005799927527898354,0.956653810313514
26082,LOF,0.015393353153911802,0.0171166149136952,0.9674900319323929
26083,LOF,0.13514375463424436,0.011821038331533805,0.8530352070342219
26084,LOF,0.0300046115023601,0.010874090524310008,0.9591212979733298
26085,LOF,0.02613454755868586,0.010456367303096029,0.9634090851382181
26086,LOF,0.02460721262104266,0.010162474552407513,0.9652303128265499
26087,LOF,0.029513635936118998,0.007276119850757772,0.9632102442131233
26088,LOF,0.01785465662543299,0.024672333331524583,0.9574730100430424
26089,LOF,0.04590819523330523,0.022521492674260794,0.9315703120924339
26090,LOF,0.04531408772638519,0.017596054501827867,0.937089857771787
26091,LOF,0.03933625173210652,0.00563566946363489,0.9550280788042584
26092,LOF,0.027080477248944138,0.007378868798980904,0.965540653952075
26093,LOF,0.04146514086511473,0.005480846426001599,0.9530540127088837
26094,LOF,0.043978547322278266,0.005735162283696546,0.9502862903940252
26095,LOF,0.04388292648058633,0.013205009276525221,0.9429120642428884
26096,LOF,0.018978423617355147,0.011433942801063988,0.9695876335815807
26097,LOF,0.013188149671174782,0.03390841165239743,0.9529034386764277
26098,LOF,0.07271381500599555,0.010308554759819155,0.9169776302341852
26099,LOF,0.025729495860174936,0.010918694263538673,0.9633518098762864
26100,LOF,0.028537326390536782,0.010658571563361162,0.960804102046102
26101,LOF,0.05796961140378883,0.012321616771847036,0.9297087718243642
26102,LOF,0.025465242572899983,0.012410613397747322,0.9621241440293528
26103,Neutral,0.8897034019948326,0.01650056613791543,0.09379603186725201
26104,LOF,0.08501573427332572,0.024960584568639695,0.8900236811580347
26105,LOF,0.18726127014523888,0.28561219694779577,0.5271265329069653
26106,LOF,0.21771950536749377,0.11645856868206275,0.6658219259504435
26107,LOF,0.219166975462482,0.08724302088171815,0.6935900036557999
26108,LOF,0.24725869373654508,0.11868449791640068,0.6340568083470542
26109,LOF,0.10426211513174677,0.07474131598042545,0.8209965688878277
26110,LOF,0.24377584510939757,0.008480931033293757,0.7477432238573086
26111,Neutral,0.49122606823979714,0.021512043185218956,0.4872618885749838
26112,LOF,0.033611776566197245,0.007462598712721211,0.9589256247210814
26113,LOF,0.05426830135315709,0.016830563882493595,0.9289011347643493
26114,LOF,0.027239755383863407,0.019036003219593093,0.9537242413965434
26115,LOF,0.09087219648053098,0.03592054294810929,0.8732072605713597
26116,LOF,0.0665702406793354,0.03315968356541818,0.9002700757552464
26117,LOF,0.4499648540128616,0.042644139474646243,0.5073910065124921
26118,LOF,0.0372760444563896,0.023799841551073432,0.9389241139925371
26119,LOF,0.023484494309435795,0.0367054134707403,0.9398100922198239
26120,LOF,0.030541875373468665,0.02179370006341813,0.9476644245631133
26121,LOF,0.04204173077882887,0.07800951094861032,0.8799487582725609
