feature0,prediction,LoGoFunc_Neutral,LoGoFunc_GOF,LoGoFunc_LOF
25546,Neutral,0.6165318387214028,0.05288831192581562,0.3305798493527817
25547,Neutral,0.4840351144468511,0.08877919199275644,0.4271856935603925
25548,Neutral,0.47441184947402854,0.07057861124587234,0.4550095392800991
25549,LOF,0.41108059507109485,0.07231701186844966,0.5166023930604555
25550,LOF,0.34189609328768933,0.11321146858549402,0.5448924381268166
25551,LOF,0.2931278144348961,0.12477039822269995,0.5821017873424039
25552,LOF,0.25531670194144107,0.13113680774847958,0.6135464903100794
25553,Neutral,0.7946791486244132,0.04683187272336026,0.15848897865222644
25554,LOF,0.29912243188006804,0.11739317678383819,0.5834843913360938
25555,LOF,0.2512044578789645,0.11075010356475921,0.6380454385562763
25556,LOF,0.4366078968722418,0.09479396293274325,0.468598140195015
25557,LOF,0.24180668467667413,0.11554410238091564,0.6426492129424103
25558,LOF,0.3013027411953827,0.10953943635745718,0.5891578224471601
25559,LOF,0.22369007186096299,0.13455089524251804,0.641759032896519
25560,LOF,0.1617172248414685,0.10053402813936495,0.7377487470191665
25561,LOF,0.15848016534453907,0.11431332571717877,0.7272065089382821
25562,LOF,0.07406584572058077,0.07832972337276493,0.8476044309066543
25563,LOF,0.022220998225669215,0.12670153529923645,0.8510774664750944
25564,LOF,0.18263664982347422,0.10673050307953134,0.7106328470969944
25565,LOF,0.2093044112069878,0.14992850617844855,0.6407670826145636
25566,GOF,0.08376805891763396,0.6632616073817371,0.25297033370062877
25567,LOF,0.04123791184084143,0.19909986581116293,0.7596622223479956
25568,LOF,0.06427525737711418,0.1008985849617646,0.8348261576611211
25569,LOF,0.056134895521344895,0.10621467018857071,0.8376504342900845
25570,LOF,0.02667832463091567,0.1308528724738433,0.842468802895241
25571,LOF,0.026441669612276505,0.1364836409585419,0.8370746894291816
25572,LOF,0.05951715663126408,0.16194032033479286,0.778542523033943
25573,LOF,0.061310943396565495,0.12126145598893383,0.8174276006145007
25574,LOF,0.05869798833728313,0.2560393647444521,0.6852626469182648
25575,LOF,0.021819367819451766,0.1479540152230057,0.8302266169575425
25576,LOF,0.02606962001700182,0.20349999137902752,0.7704303886039707
25577,LOF,0.030616036277900976,0.14992929520000625,0.8194546685220927
25578,LOF,0.29720879343816015,0.13290396965578735,0.5698872369060526
25579,LOF,0.18986798610501934,0.1277257049129962,0.6824063089819845
25580,LOF,0.018839925836768752,0.10445897090198228,0.876701103261249
25581,LOF,0.05165449120318379,0.09598363695650407,0.8523618718403122
25582,LOF,0.051507582255932924,0.0939969789000447,0.8544954388440223
25583,LOF,0.022716942677196483,0.12271411682084513,0.8545689405019583
25584,Neutral,0.6993368043278757,0.13976119169537637,0.1609020039767479
25585,LOF,0.022083037857585197,0.18105061512506818,0.7968663470173466
25586,LOF,0.01692364581668952,0.098136412285573,0.8849399418977375
25587,LOF,0.016781588632460886,0.08917372080959782,0.8940446905579412
25588,LOF,0.020607290962871627,0.10171043919832004,0.8776822698388083
25589,Neutral,0.48180932019205575,0.2610691838978631,0.257121495910081
25590,LOF,0.049775924196124546,0.15673453648535443,0.7934895393185211
25591,LOF,0.0982959366196516,0.08378612772737581,0.8179179356529725
25592,LOF,0.05308585719489223,0.19727290579166315,0.7496412370134447
25593,LOF,0.1094366907436098,0.3365774717059182,0.553985837550472
25594,LOF,0.047247039443051635,0.09167018806141038,0.861082772495538
25595,LOF,0.046958114841923485,0.06177618274001003,0.8912657024180665
25596,LOF,0.09259555100530192,0.032878479969646976,0.8745259690250511
25597,LOF,0.07746324086584064,0.04169026198836654,0.8808464971457929
25598,LOF,0.04728989662873142,0.06450374734820145,0.8882063560230671
25599,LOF,0.02354996579849969,0.4366960981321772,0.5397539360693232
25600,GOF,0.1873676424830381,0.4753747837658994,0.33725757375106236
25601,LOF,0.04078403252570373,0.3374851978063181,0.6217307696679781
25602,LOF,0.03612875310173247,0.06496459505832801,0.8989066518399395
25603,LOF,0.037916143066612625,0.042575319819011706,0.9195085371143757
25604,LOF,0.03992298532260742,0.08881006644906324,0.8712669482283294
25605,LOF,0.03308405889466931,0.1844900587264409,0.7824258823788898
25606,LOF,0.3870822179339147,0.1156896563598882,0.4972281257061971
25607,LOF,0.029674495890024383,0.18056485341141063,0.789760650698565
25608,LOF,0.041670194343049125,0.09200603690898353,0.8663237687479672
25609,GOF,0.1698214579840464,0.5257622326150762,0.3044163094008775
25610,LOF,0.014295820260244615,0.04597384962247642,0.939730330117279
25611,LOF,0.012128416371116377,0.04783972960213671,0.9400318540267468
25612,LOF,0.04002476917211366,0.07338845529859647,0.8865867755292899
25613,LOF,0.040975894487926184,0.06644789937183435,0.8925762061402395
25614,LOF,0.020455577529191908,0.04204741709633795,0.9374970053744701
25615,LOF,0.040043933388589054,0.0629870427844235,0.8969690238269874
25616,LOF,0.04669807234268222,0.045878975865768855,0.9074229517915489
25617,LOF,0.037510682238299446,0.052908116374832524,0.909581201386868
25618,LOF,0.04204550860089961,0.06011150571496868,0.8978429856841317
25619,LOF,0.011723426590934527,0.05732423381223175,0.9309523395968338
25620,LOF,0.050875897783894355,0.06408299245910432,0.8850411097570013
25621,LOF,0.05274812649790019,0.052432525561443746,0.8948193479406562
25622,LOF,0.06296225065865355,0.054783351596425056,0.8822543977449214
25623,LOF,0.06215107699227972,0.05274032573473744,0.8851085972729829
25624,LOF,0.016207567410769837,0.05614397542568373,0.9276484571635465
25625,LOF,0.05658335906604976,0.05208694657183339,0.891329694362117
25626,LOF,0.04462284221141544,0.06353940829792185,0.8918377494906629
25627,Neutral,0.8861038694181933,0.024889000066149303,0.08900713051565742
25628,LOF,0.16198620965368965,0.06420297585713473,0.7738108144891757
25629,LOF,0.0637208723103198,0.06059028598528446,0.8756888417043956
25630,LOF,0.2771715912886525,0.07819380663918664,0.6446346020721608
25631,Neutral,0.542090155200835,0.07686761478671013,0.38104223001245485
25632,LOF,0.025884282919517863,0.0700863258671913,0.904029391213291
25633,LOF,0.2181263357425851,0.04947374067423607,0.7323999235831788
25634,LOF,0.03340934740501326,0.10689961408495743,0.8596910385100293
25635,LOF,0.03725947572735427,0.050239433181414384,0.9125010910912313
25636,LOF,0.032150377994528044,0.46577699356359925,0.5020726284418727
25637,GOF,0.06612603754066113,0.5148365181260157,0.4190374443333232
25638,LOF,0.029395456830343114,0.40685633284936934,0.5637482103202875
25639,LOF,0.028469408417019226,0.3940429297583653,0.5774876618246154
25640,Neutral,0.8191652697285452,0.13194972258933993,0.04888500768211493
25641,LOF,0.0816293096897619,0.45131808374775106,0.46705260656248687
25642,LOF,0.06501108909587354,0.16011841866632626,0.7748704922378002
25643,LOF,0.21226693542891206,0.12227791235343727,0.6654551522176507
25644,LOF,0.02572513531516553,0.4841918702488293,0.49008299443600506
25645,LOF,0.02798203482346326,0.42289144755064634,0.5491265176258905
25646,LOF,0.06623704277106747,0.3231911982547593,0.6105717589741733
25647,LOF,0.027276982166119467,0.26536898010656584,0.7073540377273146
25648,LOF,0.03190766404787507,0.2688429323098698,0.6992494036422551
25649,LOF,0.018430222773992602,0.2439802035102857,0.7375895737157218
25650,LOF,0.05165446272833956,0.43919278554320973,0.5091527517284506
25651,LOF,0.019892753792349126,0.2881432782266079,0.691963967981043
25652,LOF,0.03600946076546406,0.26786391814001953,0.6961266210945164
25653,LOF,0.0886542055831617,0.412224818718755,0.4991209756980833
25654,LOF,0.022368920634933558,0.22442724424498997,0.7532038351200765
25655,GOF,0.2316506530718965,0.39953478819708865,0.3688145587310148
25656,LOF,0.3576470253252413,0.08799014780466369,0.554362826870095
25657,LOF,0.06199572114009466,0.08391844184325516,0.8540858370166502
25658,LOF,0.3426181984595816,0.09628497444399885,0.5610968270964196
25659,Neutral,0.4743880935095925,0.12629210769811117,0.39931979879229623
25660,LOF,0.02263050193357984,0.09894732407713475,0.8784221739892853
25661,LOF,0.08701719070800712,0.06637976629227607,0.8466030429997168
25662,LOF,0.03331703688131775,0.035697015279907804,0.9309859478387744
25663,LOF,0.04076073025532293,0.04925894772474551,0.9099803220199316
25664,LOF,0.14739905724741661,0.060715555952076464,0.7918853868005069
25665,LOF,0.059488510148113516,0.031943576254983445,0.908567913596903
25666,LOF,0.09192643223140559,0.07041899811667746,0.8376545696519169
25667,LOF,0.0759451044045635,0.04186191462933966,0.8821929809660969
25668,LOF,0.03538916929937955,0.0520538179009138,0.9125570127997066
25669,LOF,0.02949838569874726,0.04724155798526685,0.923260056315986
25670,LOF,0.14813620921028484,0.05279621556828517,0.79906757522143
25671,LOF,0.11840794154746608,0.03588677052017269,0.8457052879323612
25672,LOF,0.05064780958790243,0.0467755994879493,0.9025765909241483
25673,LOF,0.07714313317519401,0.051229001022872735,0.8716278658019332
25674,LOF,0.06564974373352615,0.061524265629208465,0.8728259906372654
25675,LOF,0.1080580630190431,0.06073671936764372,0.8312052176133131
25676,LOF,0.018963412962878186,0.05366304087283268,0.9273735461642892
25677,LOF,0.02482165444275632,0.0722501098542728,0.9029282357029709
25678,LOF,0.19223326654621314,0.07961117032631919,0.7281555631274677
25679,LOF,0.11907718368638896,0.08915602828773979,0.7917667880258712
25680,LOF,0.03515798657179247,0.1203494809784893,0.8444925324497182
25681,LOF,0.051764299376296265,0.11273747040964689,0.8354982302140568
25682,LOF,0.13569385877802703,0.07768205996145326,0.7866240812605197
25683,LOF,0.12190340296053453,0.09675403832346831,0.7813425587159971
25684,LOF,0.03961828474164761,0.07057821332943548,0.8898035019289169
25685,LOF,0.14293973882497413,0.07514921712749663,0.7819110440475293
25686,LOF,0.0848088021338319,0.10112045160124404,0.8140707462649239
25687,LOF,0.13282966965859327,0.10886511136203304,0.7583052189793736
25688,LOF,0.3667572855822079,0.04776644498668994,0.5854762694311022
25689,LOF,0.2750512300319159,0.054084997541710096,0.670863772426374
25690,LOF,0.35178118448998597,0.04094414852026513,0.6072746669897489
25691,Neutral,0.7192859063144272,0.03489537986639662,0.24581871381917622
25692,LOF,0.3348180884710741,0.013603547619413053,0.651578363909513
25693,LOF,0.04530961805984999,0.4269551019353209,0.527735280004829
25694,LOF,0.12164644123906782,0.018343558213776364,0.8600100005471558
25695,LOF,0.11877652191444704,0.017614002005085193,0.8636094760804678
25696,LOF,0.12072885000427959,0.011049240228650115,0.8682219097670704
25697,LOF,0.08626244675848878,0.051257308603558274,0.8624802446379528
25698,LOF,0.3332365795005075,0.18067688290248016,0.48608653759701237
25699,Neutral,0.5523611536270089,0.05483642602714197,0.3928024203458493
25700,LOF,0.08899873260286788,0.009670279680847644,0.9013309877162845
25701,LOF,0.2097107079789157,0.045858465172166026,0.7444308268489183
25702,GOF,0.18175368842593387,0.5813695020464942,0.23687680952757206
25703,LOF,0.01627115423001368,0.15942850002015174,0.8243003457498345
25704,LOF,0.038453452627983095,0.11707386099917283,0.8444726863728441
25705,LOF,0.05585790641071636,0.16087886512365537,0.7832632284656282
25706,LOF,0.11310189601832214,0.41836158957889674,0.4685365144027811
25707,LOF,0.08739390638961936,0.3653394515461094,0.5472666420642713
25708,LOF,0.036134309816476404,0.3270496314445278,0.6368160587389958
25709,LOF,0.07027861632564864,0.0510716914964468,0.8786496921779046
25710,LOF,0.01249829577857174,0.18347005111395603,0.8040316531074722
25711,LOF,0.022747468470102974,0.09322398428121668,0.8840285472486803
25712,LOF,0.015075518004251358,0.21913228791898778,0.7657921940767608
25713,LOF,0.01992908044614995,0.09674827438058621,0.8833226451732638
25714,LOF,0.07639659049894976,0.08955278316267688,0.8340506263383735
25715,LOF,0.01204166682209967,0.16206359901107334,0.8258947341668269
25716,LOF,0.010395754402343797,0.12425934789732704,0.8653448977003291
25717,LOF,0.016304561793086963,0.08241721313971188,0.9012782250672012
25718,LOF,0.011934093242361611,0.1037353048081431,0.8843306019494952
25719,LOF,0.02127608734395506,0.08427268619549765,0.8944512264605472
25720,LOF,0.025244657039353146,0.08248710008521169,0.8922682428754352
25721,LOF,0.01392329347099311,0.13633015939218493,0.849746547136822
25722,LOF,0.014918101562031093,0.1466411740776472,0.8384407243603217
25723,LOF,0.024346140526876062,0.05717874525572226,0.9184751142174017
25724,LOF,0.031404082106727765,0.09536867968244732,0.873227238210825
25725,LOF,0.012063966633028254,0.08932607884730896,0.8986099545196629
25726,LOF,0.01637447492572401,0.13443170987017708,0.8491938152040989
25727,LOF,0.012721061202068435,0.0958026125037072,0.8914763262942242
25728,LOF,0.010448560231054902,0.12459663760593861,0.8649548021630065
25729,LOF,0.010855592445570645,0.12405923801067396,0.8650851695437553
25730,LOF,0.014477896198249983,0.10312275975247648,0.8823993440492736
25731,LOF,0.019764602105225446,0.1153513819008722,0.8648840159939024
25732,LOF,0.014426747159710325,0.08569547764217493,0.8998777751981148
25733,LOF,0.016431263890979902,0.08312955480218283,0.9004391813068372
25734,LOF,0.010677309510692632,0.14201286539530766,0.8473098250939997
25735,LOF,0.012317468112931345,0.09219750902562862,0.89548502286144
25736,LOF,0.013337628334258568,0.1125018927661988,0.8741604788995426
25737,LOF,0.012766299067095997,0.08287477426380643,0.9043589266690975
25738,LOF,0.012505719218866451,0.12622707044091716,0.8612672103402164
25739,LOF,0.021567557682492168,0.09328953417960133,0.8851429081379065
25740,LOF,0.029920958176586483,0.13950735081657653,0.830571691006837
25741,LOF,0.016052435135751057,0.14206439353331662,0.8418831713309324
25742,LOF,0.14068226961506028,0.09204172159080456,0.7672760087941352
25743,LOF,0.03875584633948968,0.06033254115920484,0.9009116125013056
25744,Neutral,0.565297395371561,0.26036180019386984,0.1743408044345692
25745,LOF,0.06587286050653053,0.07537736892013988,0.8587497705733296
25746,LOF,0.0439728157526794,0.10298846999208247,0.8530387142552381
25747,LOF,0.018086590728134105,0.08648692088466346,0.8954264883872024
25748,LOF,0.1070737727403809,0.12730565145318307,0.765620575806436
25749,LOF,0.026556325081509256,0.0949863608941069,0.8784573140243839
25750,LOF,0.07327447941858305,0.10321981318119873,0.8235057074002182
25751,LOF,0.08918516819509105,0.16003530445227854,0.7507795273526304
25752,GOF,0.11568537886922266,0.6417231603192746,0.24259146081150285
25753,LOF,0.023811492676624486,0.27608280558833803,0.7001057017350375
25754,GOF,0.013571681676409228,0.7871719182160937,0.1992564001074971
25755,LOF,0.025362323642099945,0.40940302049047816,0.5652346558674219
25756,LOF,0.050065610164208636,0.37791434875306273,0.5720200410827286
25757,GOF,0.01822521582331649,0.8290303212816578,0.1527444628950258
25758,GOF,0.027430577972753944,0.7978110889764877,0.17475833305075847
25759,GOF,0.011886692431768693,0.6284154522106277,0.3596978553576036
25760,LOF,0.014809718252136277,0.29408331767544726,0.6911069640724165
25761,GOF,0.26869929845605345,0.6308561768651403,0.10044452467880638
25762,LOF,0.04831130877877939,0.27620656785100234,0.6754821233702183
25763,LOF,0.015874302967277057,0.22771954355520535,0.7564061534775176
25764,GOF,0.08784587893862209,0.6502241559731987,0.2619299650881791
25765,GOF,0.03632000183666579,0.7329973777681985,0.23068262039513573
25766,GOF,0.07695294568970473,0.731093095860523,0.19195395844977234
25767,GOF,0.14028280074249344,0.5263760975393393,0.33334110171816717
25768,LOF,0.10834148850405066,0.05449109256393979,0.8371674189320095
25769,LOF,0.05686305722211834,0.07161725727393863,0.871519685503943
25770,LOF,0.33961968585075225,0.10476327818895627,0.5556170359602914
25771,LOF,0.050819165692303624,0.0517491772781789,0.8974316570295174
25772,LOF,0.018921809668442653,0.04901528533660958,0.9320629049949478
25773,LOF,0.047164601457947965,0.09537401522449798,0.8574613833175542
25774,LOF,0.02620964433472368,0.09328312735609127,0.880507228309185
25775,LOF,0.04672763309877283,0.05554498980177432,0.8977273770994527
25776,LOF,0.07642801308433285,0.029153924996200342,0.8944180619194668
25777,LOF,0.3497105776451677,0.06384448199023032,0.5864449403646019
25778,LOF,0.07387941976171382,0.05186868437565921,0.874251895862627
25779,GOF,0.37655834866932864,0.5789556592120965,0.04448599211857485
25780,GOF,0.316607551851369,0.6046028671263128,0.07878958102231823
25781,GOF,0.12307271950261887,0.7652594300549994,0.1116678504423817
25782,GOF,0.19618313892069575,0.7129646642918548,0.09085219678744938
25783,GOF,0.021265194634260295,0.6362346288586977,0.3425001765070421
25784,Neutral,0.497775085394069,0.4602135136970705,0.04201140090886056
25785,GOF,0.460078265464973,0.5049124217656065,0.035009312769420486
25786,GOF,0.02876119796979255,0.7524072059086967,0.2188315961215106
25787,Neutral,0.6493740388291381,0.3248752095576138,0.025750751613247927
25788,LOF,0.05760515214023489,0.10781191900098733,0.8345829288587778
25789,GOF,0.2405402700881458,0.613413090697496,0.14604663921435818
25790,GOF,0.2015617574827161,0.7052546553095587,0.0931835872077253
25791,GOF,0.15171966980454496,0.6950141790470845,0.15326615114837044
25792,GOF,0.35268888389943565,0.5330785123773943,0.11423260372317005
25793,GOF,0.2430482645833583,0.5530988543414669,0.20385288107517477
25794,GOF,0.3073946729431273,0.5298993766590139,0.16270595039785873
25795,GOF,0.0899334500067431,0.6755623599016851,0.23450419009157178
25796,Neutral,0.5491854729201986,0.37239627175872375,0.07841825532107766
25797,GOF,0.09388878103645117,0.5090774402788593,0.39703377868468964
25798,GOF,0.008946221587475793,0.5055270565345544,0.4855267218779698
25799,LOF,0.007128438769032634,0.4201234840741335,0.572748077156834
25800,GOF,0.03381493463869668,0.5990863066031314,0.367098758758172
25801,GOF,0.2279951864148643,0.6464814572710686,0.125523356314067
25802,GOF,0.05869854187783875,0.6543305596465109,0.2869708984756504
25803,GOF,0.0368824030586178,0.5486199834585838,0.4144976134827984
25804,GOF,0.03359989867457619,0.4935910866089106,0.47280901471651327
25805,GOF,0.09616362231963102,0.5940179970396774,0.3098183806406916
25806,GOF,0.10707180581162352,0.5842233822358176,0.30870481195255894
25807,GOF,0.02037472007410858,0.5983666698585873,0.381258610067304
25808,GOF,0.09564591569823498,0.5942309503767119,0.3101231339250532
25809,GOF,0.020957028367289854,0.5958881071787115,0.3831548644539986
25810,GOF,0.019108350560714936,0.6079286476711694,0.37296300176811575
25811,Neutral,0.4740560525099995,0.45116438955924826,0.07477955793075228
25812,GOF,0.035319940659230165,0.6362426800722012,0.3284373792685686
25813,Neutral,0.5245764496603668,0.37966811075219015,0.09575543958744301
25814,GOF,0.12030113889683379,0.6528977684167094,0.22680109268645682
25815,GOF,0.18965130286460688,0.6113094784600311,0.199039218675362
25816,GOF,0.02057500575109248,0.6771698009786341,0.30225519327027356
25817,GOF,0.2150666406377519,0.6400812949034208,0.14485206445882737
25818,GOF,0.06323659154615205,0.593653864617157,0.34310954383669107
25819,GOF,0.3710105930836441,0.46239914974271445,0.16659025717364143
25820,GOF,0.16876045991099298,0.5872531803648603,0.24398635972414676
25821,GOF,0.05777263157349383,0.6339115326140958,0.30831583581241045
25822,GOF,0.21670300265496154,0.5191653680920071,0.2641316292530314
25823,GOF,0.031445330506535245,0.5080001897973722,0.4605544796960926
25824,GOF,0.07802580571752693,0.5387405581070067,0.3832336361754663
25825,GOF,0.031400716756283156,0.5359834343610104,0.4326158488827065
25826,GOF,0.011664391686572463,0.5096441912512513,0.4786914170621762
25827,GOF,0.022380088181886807,0.5829007382028696,0.3947191736152436
25828,GOF,0.013736697151010967,0.5123504048787426,0.47391289797024644
25829,GOF,0.006691974660050137,0.5581144665606779,0.435193558779272
25830,LOF,0.03883550811562632,0.31585663220975974,0.6453078596746139
25831,GOF,0.21666522629034454,0.6428831640297701,0.14045160967988543
25832,GOF,0.03390148395936287,0.6436540892197448,0.3224444268208923
25833,GOF,0.12825281838289157,0.6638497181244589,0.20789746349264956
25834,GOF,0.04127329028240196,0.6470591700519648,0.3116675396656333
25835,GOF,0.08596357137478638,0.6996072983209628,0.2144291303042509
25836,GOF,0.04747944727370321,0.6312319296636083,0.32128862306268846
25837,GOF,0.028098174559712374,0.5276076364793043,0.4442941889609833
25838,GOF,0.08584377150619607,0.6998105288003469,0.21434569969345718
25839,GOF,0.3150422536364351,0.5350488556861365,0.14990889067742838
25840,GOF,0.2453400094829558,0.5843232848080581,0.17033670570898612
25841,GOF,0.2702568741707611,0.5698042107754687,0.1599389150537701
25842,GOF,0.2094916906975585,0.6366941541319475,0.1538141551704939
25843,GOF,0.2734094992684988,0.6128003461976981,0.11379015453380309
25844,GOF,0.07080128289322175,0.6702142645252073,0.25898445258157093
25845,GOF,0.016966634249885357,0.4938467499380928,0.4891866158120219
25846,GOF,0.13234836297306396,0.6970584479629397,0.1705931890639963
25847,GOF,0.123029961208577,0.7570278510123493,0.11994218777907367
25848,GOF,0.036924509628738986,0.6650923548067125,0.2979831355645486
25849,GOF,0.011389972244963398,0.5619444673537872,0.42666556040124937
25850,GOF,0.02388739392725055,0.6587962194072173,0.317316386665532
25851,GOF,0.018655489527480418,0.5547994434771693,0.4265450669953503
25852,GOF,0.17385903058117558,0.5597796674045056,0.26636130201431885
25853,GOF,0.34787359047041705,0.5857807458019785,0.0663456637276045
25854,GOF,0.021497566107802287,0.6233322434937385,0.35517019039845926
25855,GOF,0.03517705842067506,0.5853743122257759,0.37944862935354906
25856,GOF,0.22658895437495452,0.5526883068719246,0.2207227387531209
25857,GOF,0.03627968442585681,0.5307186253163927,0.4330016902577506
25858,GOF,0.017896664180658446,0.5656925029496712,0.4164108328696704
25859,GOF,0.009648157291128334,0.5504078650030123,0.4399439777058593
25860,GOF,0.3779742782357315,0.5393736179363864,0.08265210382788217
25861,GOF,0.43576380993711256,0.4854969323779079,0.07873925768497958
25862,GOF,0.09615952922382938,0.7470421779191703,0.15679829285700028
25863,GOF,0.09599132170438536,0.7563492027137094,0.14765947558190515
25864,GOF,0.20638331152596748,0.7050794024211059,0.08853728605292663
25865,GOF,0.09378783565067655,0.7787143472373123,0.12749781711201114
25866,GOF,0.06158666857857179,0.7842168753352781,0.15419645608615007
25867,GOF,0.08137659367773642,0.7996372413194148,0.11898616500284878
25868,GOF,0.2713032198482915,0.6244154894586535,0.10428129069305489
25869,Neutral,0.6854542642316661,0.2732068238542065,0.0413389119141274
25870,GOF,0.3055275623054828,0.3526145092748473,0.34185792841966994
25871,GOF,0.2234500429657019,0.6065428780011324,0.1700070790331656
25872,GOF,0.07967697010067484,0.6472425053960295,0.2730805245032958
25873,GOF,0.1379400169803112,0.6512195638723565,0.2108404191473323
25874,LOF,0.018831461466126853,0.11982941919250596,0.8613391193413672
25875,LOF,0.10698844459920792,0.037278069736236055,0.855733485664556
25876,LOF,0.036517757926332425,0.04627375782381274,0.9172084842498548
25877,Neutral,0.531096328843169,0.041747228967250284,0.4271564421895806
25878,LOF,0.2312872128490458,0.07566959291916608,0.6930431942317881
25879,LOF,0.09638399685723986,0.07836447257241945,0.8252515305703407
25880,LOF,0.023604193509336572,0.01965554001015293,0.9567402664805106
25881,LOF,0.1935047205061048,0.09427154559408553,0.7122237338998098
25882,LOF,0.06848756130126218,0.014125276444154365,0.9173871622545835
25883,LOF,0.08761077639019238,0.016623096886140134,0.8957661267236676
25884,LOF,0.035465453440585305,0.028878692638988117,0.9356558539204266
25885,LOF,0.07390132667701736,0.01102496830542819,0.9150737050175545
25886,LOF,0.34013218035721643,0.02751454488636929,0.6323532747564142
25887,LOF,0.17643104862573175,0.05632233737713702,0.7672466139971312
25888,LOF,0.06979140429847501,0.052238469087276564,0.8779701266142484
25889,LOF,0.052096410806936416,0.018515209896233675,0.9293883792968298
25890,LOF,0.050027909791335555,0.14767074153640677,0.8023013486722576
25891,LOF,0.04695239289457615,0.053943148382382185,0.8991044587230417
25892,LOF,0.09378480588624126,0.026693657624835856,0.879521536488923
25893,LOF,0.27564844011737616,0.020401497627047366,0.7039500622555765
25894,LOF,0.19538697713847397,0.011883015371394006,0.7927300074901321
25895,LOF,0.21852043657217302,0.022294116547998906,0.759185446879828
25896,LOF,0.05098689187934684,0.02186256902370019,0.9271505390969531
25897,LOF,0.27640189313188485,0.014924140768778526,0.7086739660993366
25898,Neutral,0.7155816097906523,0.011109553589676397,0.27330883661967126
25899,LOF,0.24597904688862238,0.02680704855392163,0.7272139045574559
25900,LOF,0.47157208345782026,0.016927112707652736,0.511500803834527
25901,LOF,0.05467142253601769,0.012555035319058215,0.932773542144924
25902,LOF,0.18774862947496865,0.013044040587294156,0.7992073299377372
25903,Neutral,0.5458538791340215,0.04110116269543586,0.4130449581705425
25904,LOF,0.32411885576670446,0.05056853715088209,0.6253126070824134
25905,LOF,0.024086492318837128,0.29237081783412033,0.6835426898470426
25906,LOF,0.024013922541224704,0.07159112905641105,0.9043949484023642
25907,LOF,0.013564108234103768,0.32263980619410637,0.6637960855717899
25908,LOF,0.010349279892744355,0.21987022470472897,0.7697804954025267
25909,LOF,0.01329341851838635,0.12991814926676903,0.8567884322148446
25910,LOF,0.04986541513262454,0.11901460957615169,0.8311199752912237
25911,LOF,0.1426467026495029,0.02769677926520973,0.8296565180852873
25912,LOF,0.04321425102575339,0.04793894346702467,0.908846805507222
25913,LOF,0.282940381089082,0.022553189926603497,0.6945064289843145
25914,LOF,0.021887029683868627,0.12191033749669887,0.8562026328194325
25915,Neutral,0.4444225884115318,0.35189756465286204,0.20367984693560603
25916,LOF,0.05858066473373853,0.43654071104965314,0.5048786242166083
25917,LOF,0.05794711606569832,0.08254775407492221,0.8595051298593795
25918,LOF,0.030083310453146512,0.07154167946548924,0.8983750100813642
25919,LOF,0.024188103931546856,0.07352394235843143,0.9022879537100217
25920,GOF,0.10571270160234218,0.5266270523194853,0.36766024607817255
25921,LOF,0.02722436073654373,0.02846408689655332,0.9443115523669029
25922,LOF,0.036994959655531914,0.019452223753197204,0.9435528165912708
25923,LOF,0.41869260729277397,0.026117618395812378,0.5551897743114136
25924,LOF,0.037533305003626526,0.04091741997487071,0.9215492750215029
25925,LOF,0.06542704562032867,0.03192642675420563,0.9026465276254657
25926,LOF,0.04818265475258148,0.024345798930298014,0.9274715463171205
25927,LOF,0.07820547666484125,0.07887971786395193,0.8429148054712068
25928,LOF,0.020777571958519196,0.03878079104520716,0.9404416369962736
25929,Neutral,0.547978296967885,0.02878827463426974,0.4232334283978453
25930,LOF,0.052549442971961575,0.022958992363305206,0.9244915646647333
25931,LOF,0.02873900964774889,0.02397604146944727,0.9472849488828039
25932,LOF,0.027205479865126166,0.021447542058983797,0.9513469780758901
25933,LOF,0.03845407505816958,0.01590475020359771,0.9456411747382328
25934,LOF,0.023892569354125644,0.019353123449715633,0.9567543071961588
25935,LOF,0.05648361987164281,0.037625848899922265,0.905890531228435
25936,LOF,0.04727002062006142,0.023237474771398006,0.9294925046085405
25937,LOF,0.031062394589133235,0.0292141661943328,0.9397234392165341
25938,LOF,0.05997188632477278,0.03907625859025709,0.9009518550849701
25939,LOF,0.03827052228238377,0.014680665892148836,0.9470488118254674
25940,LOF,0.03295507827886983,0.3991831214171477,0.5678618003039825
25941,LOF,0.19696509302716503,0.0760348783451577,0.7270000286276772
25942,LOF,0.017644997751775617,0.02771993842308959,0.9546350638251347
25943,LOF,0.2993164475503655,0.05318542203522351,0.647498130414411
25944,LOF,0.4724499480900599,0.02467563257227133,0.5028744193376689
25945,LOF,0.06851502511481294,0.021324119211474476,0.9101608556737126
25946,LOF,0.026790602223619932,0.13363719613819844,0.8395722016381816
25947,LOF,0.11397195587360663,0.23106270218946506,0.6549653419369283
25948,LOF,0.38656729567366077,0.010972509371016298,0.602460194955323
25949,LOF,0.10470745283154953,0.04531285226362808,0.8499796949048224
25950,GOF,0.26798621457559124,0.40235129845475825,0.3296624869696504
25951,LOF,0.2541466491225701,0.2344037354208893,0.5114496154565406
25952,LOF,0.041236236852572446,0.4417716363815435,0.516992126765884
25953,LOF,0.13765038310389335,0.10863363095548095,0.7537159859406256
25954,Neutral,0.4221886191314567,0.1946730845022444,0.3831382963662989
25955,LOF,0.06128006009474475,0.08511656129804679,0.8536033786072084
25956,LOF,0.16588190991243096,0.10881921318876327,0.7252988768988057
25957,LOF,0.0389037756608864,0.03475643685487323,0.9263397874842405
25958,LOF,0.06528024647076988,0.026384334166733036,0.9083354193624971
25959,LOF,0.07823724823462525,0.36321067752588065,0.5585520742394942
25960,LOF,0.020080241204042677,0.05449397035268605,0.9254257884432713
25961,LOF,0.052110848482100514,0.02852991147584635,0.9193592400420532
25962,LOF,0.05890080882243662,0.030780610266088387,0.9103185809114749
25963,LOF,0.04514562659851516,0.18526298771607283,0.7695913856854121
25964,LOF,0.041870687809685066,0.13423554132085244,0.8238937708694625
25965,LOF,0.4411892329033497,0.09061176593739072,0.46819900115925944
25966,Neutral,0.44769604450702677,0.11557242995359784,0.4367315255393754
25967,LOF,0.013064529598290072,0.07053337768361537,0.9164020927180946
25968,GOF,0.03457028055595886,0.4981222463072763,0.46730747313676485
25969,LOF,0.02657072994655536,0.0599147335100785,0.9135145365433662
25970,LOF,0.0694148835201572,0.05478989043345625,0.8757952260463866
25971,LOF,0.07561258398291867,0.015248133775730402,0.909139282241351
25972,LOF,0.0788025779440723,0.019336467637803247,0.9018609544181244
25973,LOF,0.10380800995833568,0.007837983705821023,0.8883540063358434
25974,LOF,0.20606360494577475,0.016504538105215523,0.7774318569490097
25975,LOF,0.062181796995558695,0.02649123471458914,0.9113269682898522
25976,LOF,0.04824388055322361,0.012645259295987598,0.9391108601507888
25977,LOF,0.15226849542784873,0.09564983914026122,0.75208166543189
25978,LOF,0.1386765228282837,0.04685405865106135,0.8144694185206549
25979,LOF,0.1299721771053514,0.050662678071237,0.8193651448234116
25980,LOF,0.1959062390819539,0.06654300073431979,0.7375507601837263
25981,LOF,0.22935875043258638,0.06443211295535999,0.7062091366120536
25982,LOF,0.3886944522170658,0.04479449449022405,0.5665110532927101
25983,LOF,0.3821556958458323,0.04776727944282929,0.5700770247113385
25984,LOF,0.052241426097145625,0.05381329089860314,0.8939452830042512
25985,LOF,0.02645758510049208,0.23603596013028003,0.7375064547692278
25986,LOF,0.04185905276889514,0.2628039633937618,0.695336983837343
25987,LOF,0.07472264441149146,0.06198587369747023,0.8632914818910384
25988,LOF,0.13912667697222778,0.058333601230634975,0.8025397217971373
25989,LOF,0.029603691092226075,0.0984906504232207,0.8719056584845534
25990,LOF,0.03786681220037995,0.1330051814529624,0.8291280063466577
25991,LOF,0.17032760315191411,0.2736847509832331,0.5559876458648528
25992,LOF,0.3719588304190176,0.15444661810905536,0.473594551471927
25993,LOF,0.023976304721617717,0.06717751325634108,0.9088461820220411
25994,LOF,0.017806410996799873,0.09866363111370252,0.8835299578894977
25995,LOF,0.027273009103705087,0.18151773720940062,0.7912092536868942
25996,GOF,0.31627790844713394,0.4269246899254517,0.25679740162741443
25997,LOF,0.09976534121138622,0.44259712647766963,0.45763753231094423
25998,Neutral,0.5171805007220471,0.025015709581017422,0.45780378969693536
25999,LOF,0.11580311981885291,0.11046157075328994,0.7737353094278572
26000,LOF,0.15902113884973976,0.025972758367846453,0.8150061027824139
26001,LOF,0.18543039034377906,0.03394731334086779,0.7806222963153533
26002,LOF,0.14101250196003595,0.028939356616181362,0.8300481414237828
26003,GOF,0.010810988377696049,0.5542573533021495,0.43493165832015457
26004,GOF,0.023419314994391396,0.6058846058892985,0.37069607911631014
26005,LOF,0.008495494798398584,0.4306728051448068,0.5608317000567946
26006,Neutral,0.5217155584661443,0.2084712462921992,0.2698131952416564
26007,GOF,0.025335387164014688,0.5168066021840897,0.45785801065189563
26008,GOF,0.019242427185737678,0.5697542789582501,0.4110032938560123
26009,GOF,0.024712816823353072,0.5968598712876052,0.3784273118890418
26010,GOF,0.029582273981702753,0.591133184104937,0.3792845419133602
26011,LOF,0.00807814175312172,0.42562262073732116,0.5662992375095571
26012,GOF,0.018381135777211302,0.5244230078247386,0.4571958563980501
26013,GOF,0.02181324016589727,0.5731845570858876,0.4050022027482152
26014,LOF,0.045589489822947846,0.14170725417052474,0.8127032560065274
26015,LOF,0.20197698488281157,0.007279963309593079,0.7907430518075954
26016,LOF,0.24321108997068355,0.04130148815469712,0.7154874218746194
26017,LOF,0.26703976278631597,0.0648627864696287,0.6680974507440552
26018,LOF,0.10969063368528961,0.029795295263199056,0.8605140710515113
26019,LOF,0.10354373979526375,0.022405803013710732,0.8740504571910255
26020,LOF,0.07016498189769951,0.09188196839105223,0.8379530497112482
26021,LOF,0.048965253353821896,0.09943893984912217,0.8515958067970558
26022,LOF,0.012017890277432204,0.03392144416019536,0.9540606655623723
26023,LOF,0.1270964531921908,0.018686464571005795,0.8542170822368035
26024,LOF,0.03275433735110423,0.11270083160647036,0.8545448310424254
26025,LOF,0.1724941516520964,0.07610452956893406,0.7514013187789695
26026,LOF,0.3284041913411951,0.019419646307670155,0.6521761623511347
26027,LOF,0.10008686985456826,0.0129560767904511,0.8869570533549807
26028,LOF,0.14407258293610345,0.08150048927872484,0.7744269277851716
26029,LOF,0.07327606507849493,0.1944137260165419,0.7323102089049631
26030,LOF,0.024982931408663575,0.06276379531023141,0.912253273281105
26031,LOF,0.029859721199218547,0.15082390185683608,0.8193163769439454
26032,LOF,0.06611016831598625,0.06315295818711142,0.8707368734969022
26033,LOF,0.11075399388737506,0.07991826896587785,0.8093277371467471
26034,LOF,0.04820313829260439,0.16525718497508485,0.7865396767323107
26035,LOF,0.027979821280926315,0.1599225277604182,0.8120976509586554
26036,LOF,0.04109147372034194,0.184032628547603,0.7748758977320551
26037,LOF,0.02400500826832375,0.12531377495308393,0.8506812167785924
26038,LOF,0.06133789166708229,0.06696135259337196,0.8717007557395459
26039,LOF,0.05730464126047411,0.1667662348494712,0.7759291238900548
26040,LOF,0.17809850668472343,0.1563594039178485,0.6655420893974281
26041,LOF,0.024261628763169424,0.11824250930528481,0.8574958619315458
26042,LOF,0.02406186222014326,0.11130423203680016,0.8646339057430565
26043,LOF,0.0605433963957029,0.08311147509149791,0.8563451285127992
26044,LOF,0.021253944065525412,0.0791730112492631,0.8995730446852114
26045,LOF,0.08080530275797289,0.10628997497055197,0.8129047222714751
26046,LOF,0.06175840943693977,0.08223317876794929,0.8560084117951109
26047,LOF,0.08813883046755243,0.0880373563425385,0.823823813189909
26048,LOF,0.053556592917391364,0.05456889962610882,0.8918745074564998
26049,Neutral,0.9577915539847709,0.008447171255896316,0.033761274759332834
26050,Neutral,0.9426714500827438,0.010619875213208113,0.04670867470404807
26051,LOF,0.04669039465700775,0.3231227751806942,0.630186830162298
26052,LOF,0.06364103308740582,0.33309312774805583,0.6032658391645384
26053,LOF,0.06151549943435406,0.10730499193101732,0.8311795086346287
26054,LOF,0.056116391720651505,0.017958309929075558,0.9259252983502729
26055,LOF,0.07349547506464527,0.014505900572468094,0.9119986243628867
26056,LOF,0.06021884059749197,0.01599469731042105,0.923786462092087
26057,LOF,0.03149600858920883,0.010441429724448757,0.9580625616863424
26058,LOF,0.033101315725008636,0.008155479962967657,0.9587432043120236
26059,LOF,0.31570420390973597,0.020944564909750243,0.6633512311805138
26060,LOF,0.03145581193353639,0.16283368338648352,0.8057105046799801
26061,LOF,0.01803879231563691,0.010441416412258153,0.9715197912721049
26062,LOF,0.011537327787003497,0.018267903476031508,0.970194768736965
26063,LOF,0.02309407683988712,0.011866874444485885,0.965039048715627
26064,LOF,0.02404784067392462,0.01767241686305199,0.9582797424630234
26065,LOF,0.025213417990794216,0.011565725100845647,0.96322085690836
26066,LOF,0.021542856905067593,0.010508724269443366,0.9679484188254891
26067,LOF,0.027772806309892584,0.008144051325411432,0.9640831423646959
26068,LOF,0.04783056156887262,0.02875357070595108,0.9234158677251763
26069,LOF,0.26784285112586503,0.017399753800733327,0.7147573950734016
26070,LOF,0.39432974170113205,0.014665524598571622,0.5910047337002963
26071,LOF,0.024375287369453384,0.012142142899577235,0.9634825697309694
26072,LOF,0.022811505810687405,0.01695000285273365,0.9602384913365788
26073,LOF,0.02607061803654034,0.010357914988312674,0.963571466975147
26074,Neutral,0.9119284981641653,0.004846667007466979,0.08322483482836765
26075,LOF,0.044185471960115935,0.0139645854459631,0.9418499425939209
26076,LOF,0.04636621908194024,0.008253898279870098,0.9453798826381896
26077,LOF,0.009212518014180996,0.018283501059315546,0.9725039809265036
26078,LOF,0.014210950822950737,0.010247799118988874,0.9755412500580602
26079,LOF,0.061592056053478936,0.015847266237318042,0.9225606777092029
26080,LOF,0.06018271525937115,0.01590365760600018,0.9239136271346287
26081,LOF,0.03839422698594215,0.0058394192381544295,0.9557663537759035
26082,LOF,0.017542653075435264,0.01326612547524835,0.9691912214493164
26083,LOF,0.1343758911662562,0.011447781995084665,0.8541763268386592
26084,LOF,0.026730005820359875,0.011137947613448017,0.9621320465661921
26085,LOF,0.023010022138464245,0.010452979975061125,0.9665369978864746
26086,LOF,0.02442050567021389,0.011098175088711465,0.9644813192410746
26087,LOF,0.02795132338578432,0.007725958102316872,0.9643227185118989
26088,LOF,0.01725487824502949,0.024298358688806608,0.9584467630661638
26089,LOF,0.04656206976731441,0.020505906713667487,0.932932023519018
26090,LOF,0.045041474027730274,0.016232714937028162,0.9387258110352416
26091,LOF,0.03881960231000939,0.005840046498358502,0.9553403511916321
26092,LOF,0.027047645306979652,0.007312528177896236,0.965639826515124
26093,LOF,0.04149225162614436,0.005597494252312624,0.9529102541215431
26094,LOF,0.04448952578911065,0.006513894842027703,0.9489965793688615
26095,LOF,0.048017447419475195,0.011948440847680576,0.9400341117328442
26096,LOF,0.020835914604866522,0.009947585121972684,0.9692165002731609
26097,LOF,0.012196488703161479,0.03441353565694044,0.9533899756398981
26098,LOF,0.07608625040596122,0.010036386254272263,0.9138773633397665
26099,LOF,0.025707666431580723,0.01109424599752849,0.9631980875708908
26100,LOF,0.027875495573732242,0.01088880908373616,0.9612356953425316
26101,LOF,0.05676338785808093,0.01127566405531138,0.9319609480866076
26102,LOF,0.026263182451630503,0.013131179757700711,0.9606056377906688
26103,Neutral,0.8923741433675384,0.016701892128665755,0.09092396450379563
26104,LOF,0.08569246911430783,0.02719900988231403,0.887108521003378
26105,LOF,0.20392374262313234,0.3057884312652991,0.4902878261115686
26106,LOF,0.20791421571867058,0.11996383252874486,0.6721219517525846
26107,LOF,0.24577200301157995,0.08527318364823219,0.6689548133401879
26108,LOF,0.2127233924138741,0.1360297195710699,0.651246888015056
26109,LOF,0.09158301594826913,0.0835268895711175,0.8248900944806135
26110,LOF,0.24414673678351945,0.007241400741352416,0.7486118624751281
26111,Neutral,0.4998314688476486,0.01716980283636518,0.4829987283159863
26112,LOF,0.03320818325966425,0.008145005631562138,0.9586468111087737
26113,LOF,0.054271141611327386,0.014369732958288244,0.9313591254303845
26114,LOF,0.03129526683647543,0.02562625907892076,0.9430784740846038
26115,LOF,0.09988469455392138,0.06256941265929604,0.8375458927867826
26116,LOF,0.07036934561428446,0.058686799041992734,0.8709438553437229
26117,LOF,0.4319274009656014,0.0553221187016845,0.5127504803327141
26118,LOF,0.03580274652182621,0.028850490859514345,0.9353467626186595
26119,LOF,0.021512930933169416,0.037899963363342726,0.9405871057034878
26120,LOF,0.03153203939762734,0.029357256539043027,0.9391107040633296
26121,LOF,0.04728204386249241,0.0939675239176079,0.8587504322198998
