feature0,prediction,LoGoFunc_Neutral,LoGoFunc_GOF,LoGoFunc_LOF
25546,Neutral,0.6336077463132448,0.06199767691792098,0.3043945767688342
25547,Neutral,0.504660660156484,0.1058976907570099,0.3894416490865061
25548,Neutral,0.5131941292203405,0.0839105784172214,0.40289529236243815
25549,LOF,0.44848078254524365,0.0842320336262904,0.46728718382846596
25550,LOF,0.34793504415909215,0.1211180147010539,0.530946941139854
25551,LOF,0.32195523934399173,0.13143705002850797,0.5466077106275002
25552,LOF,0.2714850717554348,0.13638351848808905,0.5921314097564762
25553,Neutral,0.7935492439270608,0.04679305883954605,0.1596576972333931
25554,LOF,0.31043368078014194,0.12469292528090559,0.5648733939389525
25555,LOF,0.27287825046821285,0.11532266314428173,0.6117990863875054
25556,Neutral,0.45452564938023526,0.1007892381398181,0.44468511247994663
25557,LOF,0.26855673744122327,0.12314112089180268,0.6083021416669742
25558,LOF,0.33689450828693146,0.11744627326716828,0.5456592184459003
25559,LOF,0.2602263925128919,0.11059833300933497,0.629175274477773
25560,LOF,0.1370540103543109,0.12627545080111757,0.7366705388445716
25561,LOF,0.12900834385934984,0.17653324788718075,0.6944584082534694
25562,LOF,0.04923599942160268,0.10211470326219035,0.848649297316207
25563,LOF,0.015418842822109037,0.1559527599227212,0.8286283972551698
25564,LOF,0.1322109612272848,0.1240708038951321,0.7437182348775832
25565,LOF,0.1945312462583342,0.1424089509709997,0.6630598027706662
25566,GOF,0.06060345305283807,0.6846485297748529,0.25474801717230894
25567,LOF,0.03920058108251581,0.17934613483685202,0.7814532840806321
25568,LOF,0.06028516838783095,0.08792951522583953,0.8517853163863295
25569,LOF,0.06156293744183715,0.07903844812783874,0.8593986144303242
25570,LOF,0.029435304162622473,0.1241476120492837,0.8464170837880938
25571,LOF,0.028959462957209765,0.1321665268516677,0.8388740101911225
25572,LOF,0.0657370740866999,0.14774534793009175,0.7865175779832084
25573,LOF,0.05613279035535187,0.11390521903357512,0.8299619906110731
25574,LOF,0.06040517034258807,0.2494136488830614,0.6901811807743505
25575,LOF,0.024052126117917023,0.1342853858473719,0.8416624880347111
25576,LOF,0.02942683592011553,0.1818589404102969,0.7887142236695875
25577,LOF,0.03265555510239524,0.14026434765805712,0.8270800972395477
25578,LOF,0.3037677696263207,0.10845926403516314,0.5877729663385162
25579,LOF,0.19546051575759185,0.10426595295199986,0.7002735312904083
25580,LOF,0.02138100081868236,0.09241162317026322,0.8862073760110545
25581,LOF,0.053339893611639135,0.08213786361123408,0.8645222427771269
25582,LOF,0.053242701268476744,0.0805263112502203,0.866230987481303
25583,LOF,0.024996314927974626,0.10907647083115665,0.8659272142408686
25584,Neutral,0.6738853938464409,0.17657238114293927,0.14954222501062003
25585,LOF,0.022124836981155343,0.16343205174933967,0.814443111269505
25586,LOF,0.01739581142345795,0.09959901391095657,0.8830051746655854
25587,LOF,0.01782304720667444,0.08692511967366977,0.8952518331196558
25588,LOF,0.02145383641575041,0.1007480963266476,0.877798067257602
25589,Neutral,0.4975949701982669,0.2793225158908615,0.2230825139108717
25590,LOF,0.0483688404950592,0.13804689741363607,0.8135842620913049
25591,LOF,0.08399166381959103,0.07187302737594761,0.8441353088044614
25592,LOF,0.058145271528522405,0.1780291245377199,0.7638256039337578
25593,LOF,0.11105287853564166,0.3117975072323418,0.5771496142320165
25594,LOF,0.05631900472817516,0.0778252186262373,0.8658557766455877
25595,LOF,0.055377443742667315,0.048673800507031795,0.895948755750301
25596,LOF,0.10475071971446141,0.028168605185053503,0.867080675100485
25597,LOF,0.08312282348729423,0.03304992359929417,0.8838272529134115
25598,LOF,0.052425747842353425,0.052456217063804045,0.8951180350938425
25599,LOF,0.027109734237560214,0.41223105667653875,0.5606592090859011
25600,LOF,0.2016210343432608,0.3776709594872161,0.42070800616952314
25601,LOF,0.05175150762325705,0.2979981376039205,0.6502503547728224
25602,LOF,0.0323805834925303,0.07571064077205449,0.8919087757354152
25603,LOF,0.03850083810254601,0.04562824795947701,0.9158709139379769
25604,LOF,0.03710970209157337,0.08620790580982879,0.8766823920985979
25605,LOF,0.032111389785237476,0.17734377923588387,0.7905448309788786
25606,LOF,0.41643497724029654,0.12497435666960753,0.458590666090096
25607,LOF,0.028064785466823724,0.18466283441480638,0.7872723801183698
25608,LOF,0.03844633359172446,0.10834516847581241,0.8532084979324631
25609,GOF,0.11675003480650827,0.5107746163733313,0.3724753488201604
25610,LOF,0.014955240911703397,0.050390768019360155,0.9346539910689363
25611,LOF,0.013001429258930039,0.059595110889734106,0.9274034598513359
25612,LOF,0.0507692047898475,0.06138719400790732,0.8878436012022453
25613,LOF,0.04739890350349909,0.061207429773393635,0.8913936667231073
25614,LOF,0.022592982405120372,0.04621840642540079,0.9311886111694788
25615,LOF,0.04634351584010443,0.06755616044701286,0.8861003237128826
25616,LOF,0.04759890051058153,0.050099255192685745,0.9023018442967328
25617,LOF,0.04021732318171866,0.059829656899392104,0.8999530199188893
25618,LOF,0.04538302261973115,0.07492538069784455,0.8796915966824244
25619,LOF,0.012561736671023917,0.055934226030799186,0.9315040372981768
25620,LOF,0.05720473378626754,0.06753019229530711,0.8752650739184253
25621,LOF,0.057989262541040996,0.05595189474897753,0.8860588427099814
25622,LOF,0.06624726518482815,0.06406965660723812,0.8696830782079337
25623,LOF,0.06905411482891458,0.042960262946979896,0.8879856222241055
25624,LOF,0.018961556537679485,0.0498906054082463,0.9311478380540743
25625,LOF,0.061375698181118064,0.0569972950382877,0.8816270067805941
25626,LOF,0.048616876861913315,0.05599575909381812,0.8953873640442686
25627,Neutral,0.8873219695291567,0.020667968309475898,0.09201006216136745
25628,LOF,0.16059841829184557,0.05327624378944973,0.7861253379187048
25629,LOF,0.0704818311541818,0.038089735037390694,0.8914284338084276
25630,LOF,0.2742974374213986,0.05952119074760438,0.666181371830997
25631,Neutral,0.5471508230909922,0.0561066920341363,0.39674248487487157
25632,LOF,0.02493228675361857,0.06663066686527343,0.9084370463811081
25633,LOF,0.20754627149968838,0.03895601127506412,0.7534977172252475
25634,LOF,0.03897211985403069,0.07482651441440588,0.8862013657315635
25635,LOF,0.036985542849466944,0.0378249179159464,0.9251895392345867
25636,LOF,0.03993468787673862,0.4762161779964097,0.48384913412685154
25637,GOF,0.06209805293002727,0.5059007422328481,0.43200120483712473
25638,LOF,0.027587585194417303,0.3999555687725325,0.5724568460330501
25639,LOF,0.030465547144464235,0.4548627235484424,0.5146717293070933
25640,Neutral,0.8573402397115141,0.09004097778306076,0.05261878250542517
25641,LOF,0.0778740206191163,0.421703710867718,0.5004222685131657
25642,LOF,0.06780483509990423,0.16514498713044928,0.7670501777696465
25643,LOF,0.24615826666278276,0.13152372126967843,0.6223180120675389
25644,LOF,0.013320722904083218,0.4760935056643207,0.5105857714315961
25645,LOF,0.015343317532051478,0.4547120996942135,0.5299445827737349
25646,LOF,0.041980272402888104,0.2949088272947857,0.6631109003023262
25647,LOF,0.01642180609527832,0.2178576222928783,0.7657205716118435
25648,LOF,0.017846581851108167,0.2726182245200212,0.7095351936288706
25649,LOF,0.011351152196617802,0.19981940513072743,0.7888294426726548
25650,LOF,0.03044611709800302,0.4223927598399557,0.5471611230620412
25651,LOF,0.012248482906636248,0.24630067210236206,0.7414508449910017
25652,LOF,0.020839665558174465,0.2513986312518331,0.7277617031899923
25653,LOF,0.04723617113579046,0.43070627007273055,0.522057558791479
25654,LOF,0.01317015781462167,0.20058656785148588,0.7862432743338924
25655,GOF,0.16443443159579654,0.4326706029083605,0.4028949654958429
25656,LOF,0.3032924947029725,0.13934060507058094,0.5573669002264466
25657,LOF,0.05295634350414676,0.12187876537531853,0.8251648911205347
25658,LOF,0.3075208669399708,0.1257360250829824,0.5667431079770467
25659,LOF,0.4136039653608726,0.13877986485011934,0.4476161697890081
25660,LOF,0.023170906322421508,0.10506310497402191,0.8717659887035566
25661,LOF,0.09178810739122585,0.061358733669835505,0.8468531589389386
25662,LOF,0.035444881167211784,0.034660668780056816,0.9298944500527313
25663,LOF,0.042432805048143556,0.04910374759820698,0.9084634473536494
25664,LOF,0.1336605201004197,0.07551129136171059,0.7908281885378697
25665,LOF,0.06229765705118785,0.03051067791331724,0.907191665035495
25666,LOF,0.09594431428962598,0.07171523606507928,0.8323404496452949
25667,LOF,0.06944132012356297,0.0485071621011883,0.8820515177752488
25668,LOF,0.03584031682142391,0.055530417179117185,0.9086292659994588
25669,LOF,0.031554887267934026,0.053332715758462636,0.9151123969736034
25670,LOF,0.1451128749264862,0.06518226773711876,0.7897048573363951
25671,LOF,0.12399974427502336,0.039604697871561394,0.8363955578534152
25672,LOF,0.0527181436156715,0.04188891460992191,0.9053929417744065
25673,LOF,0.07931645760705869,0.054320848141982965,0.8663626942509582
25674,LOF,0.0700945253734472,0.06704963779021923,0.8628558368363336
25675,LOF,0.10353176725756591,0.07292789354755563,0.8235403391948785
25676,LOF,0.01925560696485414,0.05926639714126339,0.9214779958938826
25677,LOF,0.025495263527242566,0.06863701407968505,0.9058677223930724
25678,LOF,0.20718327486337984,0.07742578451453727,0.7153909406220829
25679,LOF,0.12777923218765505,0.08439550847874931,0.7878252593335956
25680,LOF,0.03298350023987258,0.11421668963552992,0.8527998101245975
25681,LOF,0.05026132355138847,0.10773643075770335,0.8420022456909082
25682,LOF,0.1402701123619361,0.08294287504524502,0.7767870125928189
25683,LOF,0.11923539617806973,0.08669033743548621,0.7940742663864441
25684,LOF,0.041720470256759755,0.07201886003134106,0.8862606697118993
25685,LOF,0.14240596889549706,0.06949211917384444,0.7881019119306584
25686,LOF,0.08442005140249685,0.10315191890943753,0.8124280296880656
25687,LOF,0.12116589996453399,0.1127981176109062,0.7660359824245598
25688,LOF,0.4197030393742917,0.042800887489329136,0.5374960731363791
25689,LOF,0.2944272920528602,0.048996927718782494,0.6565757802283572
25690,LOF,0.31568755274786875,0.0333809424683962,0.6509315047837351
25691,Neutral,0.7002506816504732,0.027599670027262404,0.2721496483222645
25692,LOF,0.3986655375025992,0.011799685365650112,0.5895347771317507
25693,LOF,0.041996357822856364,0.4170440340436206,0.5409596081335231
25694,LOF,0.11555062399849442,0.02249628763548336,0.8619530883660221
25695,LOF,0.11840330046135444,0.01883231589018468,0.8627643836484608
25696,LOF,0.14129910220630001,0.012291540693913593,0.8464093570997865
25697,LOF,0.08270405442709138,0.06713149164527916,0.8501644539276295
25698,LOF,0.3375205170891906,0.16114519306526487,0.5013342898455445
25699,Neutral,0.5280985708904469,0.030717725905342275,0.44118370320421085
25700,LOF,0.08668870556259901,0.008324633066771692,0.9049866613706292
25701,LOF,0.18784132691568564,0.046022741410560015,0.7661359316737543
25702,GOF,0.1844562367949365,0.6161013379135558,0.1994424252915077
25703,LOF,0.017089983253754753,0.12594843672231745,0.8569615800239279
25704,LOF,0.03856976013958545,0.10184843047477764,0.8595818093856369
25705,LOF,0.04358630943893801,0.1426224217659889,0.813791268795073
25706,LOF,0.1291734621798116,0.4122448949029918,0.45858164291719666
25707,LOF,0.10192149184411463,0.36547881826364276,0.5325996898922426
25708,LOF,0.0412558279857731,0.3002477322595116,0.6584964397547153
25709,LOF,0.0653331449599922,0.04745674418856252,0.8872101108514453
25710,LOF,0.012083889300753452,0.14067918213127067,0.8472369285679757
25711,LOF,0.020228090967611037,0.09124010788349284,0.8885318011488962
25712,LOF,0.014090233719551138,0.1771113346220851,0.8087984316583637
25713,LOF,0.018456909411097018,0.0922521875734255,0.8892909030154774
25714,LOF,0.07487239343260384,0.07322313388744077,0.8519044726799554
25715,LOF,0.011472230968945112,0.12812385221044753,0.8604039168206074
25716,LOF,0.010865953388927147,0.09716636667492848,0.8919676799361443
25717,LOF,0.014258390712702471,0.06985350186470302,0.9158881074225945
25718,LOF,0.011066054713425859,0.08183705121062021,0.9070968940759541
25719,LOF,0.020024397402060783,0.07334121699649096,0.9066343856014484
25720,LOF,0.02346960500360458,0.06949458754748615,0.9070358074489093
25721,LOF,0.013405927723191874,0.11789195149537512,0.868702120781433
25722,LOF,0.014286328053158296,0.10402088952691901,0.8816927824199228
25723,LOF,0.023289142003008478,0.048554244318398124,0.9281566136785935
25724,LOF,0.029747090081391352,0.07899176709039804,0.8912611428282106
25725,LOF,0.011306390979373512,0.07303403518131087,0.9156595738393156
25726,LOF,0.014852412033745873,0.10892021673381301,0.8762273712324411
25727,LOF,0.012035614357605997,0.08014353088504095,0.9078208547573531
25728,LOF,0.009869371274272653,0.09931449775292878,0.8908161309727985
25729,LOF,0.01042607191033092,0.0949476252465714,0.8946263028430976
25730,LOF,0.01304799413916717,0.09162705573659445,0.8953249501242384
25731,LOF,0.020058497657475013,0.09417366195264137,0.8857678403898837
25732,LOF,0.012749217125355806,0.07738157648941922,0.909869206385225
25733,LOF,0.015851694317852612,0.06552742708900766,0.9186208785931397
25734,LOF,0.010995760387963533,0.10588360224546257,0.8831206373665739
25735,LOF,0.011196730124631751,0.08276681405774496,0.9060364558176232
25736,LOF,0.01237281824496329,0.09811123315010567,0.889515948604931
25737,LOF,0.01163679140669245,0.08713770423693987,0.9012255043563677
25738,LOF,0.011627325374444197,0.10114818028370351,0.8872244943418522
25739,LOF,0.02004073665415275,0.074075235871022,0.9058840274748253
25740,LOF,0.028439146746157315,0.10450149928548336,0.8670593539683593
25741,LOF,0.015364687723084186,0.09994933626105376,0.8846859760158621
25742,LOF,0.11188867904796083,0.07433454255036248,0.8137767784016766
25743,LOF,0.03441791275854358,0.05740905846474318,0.9081730287767132
25744,Neutral,0.5985174126858793,0.23368916413644703,0.16779342317767373
25745,LOF,0.0646509819805222,0.08656290740933636,0.8487861106101415
25746,LOF,0.04217093658207553,0.1108546635799917,0.8469743998379329
25747,LOF,0.02034749420189179,0.07506270868017317,0.9045897971179351
25748,LOF,0.13567236001761698,0.12512430453293508,0.7392033354494479
25749,LOF,0.026698066039345162,0.0956569520374357,0.8776449819232192
25750,LOF,0.07063385975067416,0.10671309890911992,0.8226530413402059
25751,LOF,0.08824807737929499,0.12177028885927757,0.7899816337614275
25752,GOF,0.10863022373556179,0.6458977603538603,0.24547201591057782
25753,LOF,0.025300653593042108,0.25611319701146695,0.7185861493954909
25754,GOF,0.01343521426400771,0.8023592983840557,0.1842054873519367
25755,LOF,0.02507182498159716,0.3728857519628043,0.6020424230555985
25756,LOF,0.050943922239133736,0.3415840489342663,0.6074720288266
25757,GOF,0.02053852158752315,0.8646535818443244,0.11480789656815248
25758,GOF,0.0342437766747868,0.7962844497756653,0.16947177354954793
25759,GOF,0.01130194635839369,0.590391038594869,0.3983070150467375
25760,LOF,0.014387761945559923,0.2543170889664779,0.7312951490879621
25761,GOF,0.30026629171706465,0.606515791393228,0.09321791688970744
25762,LOF,0.04807437061917514,0.25459190450367264,0.6973337248771523
25763,LOF,0.014329317289067264,0.18549502178511298,0.8001756609258198
25764,GOF,0.08629674211192753,0.6378866082533042,0.27581664963476826
25765,GOF,0.03906453344904396,0.7478798479457031,0.21305561860525304
25766,GOF,0.07309373877352071,0.7671427435837441,0.15976351764273514
25767,GOF,0.15514944754341412,0.5721833010160439,0.27266725144054216
25768,LOF,0.10281872810767131,0.05731993364991665,0.8398613382424119
25769,LOF,0.05052233283640352,0.07899978244658186,0.8704778847170146
25770,LOF,0.28060954247925124,0.12796926971715697,0.5914211878035918
25771,LOF,0.04378263272384609,0.05894963509426309,0.8972677321818908
25772,LOF,0.017263136732729962,0.05714395075655202,0.925592912510718
25773,LOF,0.05124191369409623,0.09451184893245364,0.8542462373734501
25774,LOF,0.02892066271060826,0.10736844884345925,0.8637108884459326
25775,LOF,0.048323189966968993,0.062298417027098714,0.8893783930059322
25776,LOF,0.0678070514176298,0.038313365447652625,0.8938795831347177
25777,LOF,0.3303390758117272,0.09658985357427124,0.5730710706140015
25778,LOF,0.06437966057478119,0.058181544821549046,0.8774387946036698
25779,GOF,0.3877009105226684,0.5645607832727378,0.04773830620459377
25780,GOF,0.3252748830773405,0.5962760073652671,0.07844910955739243
25781,GOF,0.1484540344811224,0.7416877586642607,0.10985820685461688
25782,GOF,0.20753254456485723,0.7038795511131298,0.08858790432201284
25783,GOF,0.02158112069188661,0.6249084214692046,0.3535104578389088
25784,Neutral,0.5295627404963794,0.42643391977785244,0.04400333972576805
25785,Neutral,0.5031889464634901,0.45264735798197675,0.04416369555453303
25786,GOF,0.034173963140225194,0.7469169157036976,0.21890912115607733
25787,Neutral,0.6878761284266282,0.2828458465752127,0.029278024998159104
25788,LOF,0.05757954584689682,0.08129150570150069,0.8611289484516025
25789,GOF,0.22688401777798947,0.6255517777532897,0.14756420446872076
25790,GOF,0.23762023249303307,0.6641719484222924,0.09820781908467445
25791,GOF,0.15362132204475523,0.672963505780568,0.17341517217467675
25792,GOF,0.3604714158553443,0.500800410194871,0.13872817394978468
25793,GOF,0.26910006460935837,0.5070839148152055,0.22381602057543618
25794,GOF,0.29785224422104617,0.5175152116354987,0.18463254414345504
25795,GOF,0.07172495913126604,0.6650809930091562,0.2631940478595778
25796,Neutral,0.5343323303026359,0.3765389169925628,0.08912875270480126
25797,GOF,0.08929303005176162,0.53989144067885,0.3708155292693884
25798,GOF,0.009010799088483236,0.548188501837127,0.4428006990743898
25799,LOF,0.007408943230547433,0.4331452705547639,0.5594457862146887
25800,GOF,0.03710957233967039,0.5966358498689937,0.3662545777913361
25801,GOF,0.240954476948705,0.6410568907141853,0.11798863233710971
25802,GOF,0.0649181959607861,0.6992459120864961,0.23583589195271787
25803,GOF,0.03531046272043207,0.5721746354016739,0.39251490187789395
25804,GOF,0.038111359309099334,0.5182391231942695,0.4436495174966311
25805,GOF,0.11941083616762706,0.580397621653538,0.30019154217883487
25806,GOF,0.11944220290898871,0.5868910979508929,0.2936666991401183
25807,GOF,0.021307350553888733,0.627579000567779,0.3511136488783323
25808,GOF,0.10334003232832083,0.6064573163958632,0.29020265127581607
25809,GOF,0.021210739343449796,0.6354083696187551,0.3433808910377951
25810,GOF,0.02080383708131649,0.6285612283778791,0.35063493454080447
25811,Neutral,0.4704710914646573,0.44802156808504023,0.08150734045030235
25812,GOF,0.03615288864537449,0.6124504113943744,0.35139669996025097
25813,Neutral,0.541459108877194,0.34569447716688456,0.11284641395592146
25814,GOF,0.132009452083201,0.6185308903335361,0.24945965758326288
25815,GOF,0.1999005462894131,0.5933890628847619,0.2067103908258249
25816,GOF,0.02021148757702378,0.6494220462017454,0.3303664662212309
25817,GOF,0.2446509096647755,0.591104619650972,0.16424447068425244
25818,GOF,0.04947211103959418,0.5577458972618727,0.3927819916985332
25819,GOF,0.37479825911886255,0.45593390130030353,0.16926783958083386
25820,GOF,0.17115665075189498,0.5790912136408591,0.24975213560724593
25821,GOF,0.05274506440449982,0.63843351691359,0.3088214186819102
25822,GOF,0.22125208250438985,0.5302619600966335,0.24848595739897658
25823,GOF,0.029189445140886724,0.5033707658426108,0.46743978901650246
25824,GOF,0.07185965640143396,0.5287968291724154,0.39934351442615057
25825,GOF,0.026949220565511484,0.5275564893270759,0.44549429010741254
25826,GOF,0.010994628100043442,0.5151826498511773,0.4738227220487793
25827,GOF,0.020769726806665757,0.5613615919760212,0.417868681217313
25828,GOF,0.014067588201619635,0.4942932617416846,0.49163915005669573
25829,GOF,0.005968826157430293,0.5388912826592752,0.45513989118329445
25830,LOF,0.04012330468877648,0.2861814003321285,0.6736952949790951
25831,GOF,0.1867130745951884,0.6687076949037913,0.14457923050102037
25832,GOF,0.03185391439043092,0.6754521980920565,0.2926938875175126
25833,GOF,0.1294319036488505,0.6760360236633396,0.19453207268780984
25834,GOF,0.038747953262120625,0.6697412586768704,0.29151078806100905
25835,GOF,0.08712634084125678,0.6847954135562265,0.22807824560251672
25836,GOF,0.04197756100048188,0.6288007293021269,0.3292217096973911
25837,GOF,0.02493288183631655,0.5348752599913543,0.44019185817232914
25838,GOF,0.08169895378286934,0.729535209857784,0.18876583635934668
25839,GOF,0.28781834648723104,0.5543653762968066,0.1578162772159623
25840,GOF,0.25335415067449785,0.5745434969541969,0.17210235237130508
25841,GOF,0.2311520910877064,0.5798169885634534,0.1890309203488401
25842,GOF,0.20079747105862097,0.6215325999679734,0.17766992897340564
25843,GOF,0.2255120991613151,0.6467394720133294,0.1277484288253556
25844,GOF,0.05708741723943428,0.6456442687711117,0.297268313989454
25845,LOF,0.013934747895640379,0.48371455696017934,0.5023506951441802
25846,GOF,0.10440249325102151,0.6964609131187255,0.19913659363025293
25847,GOF,0.1231329174402764,0.7272093015718719,0.14965778098785165
25848,GOF,0.0362756541688339,0.6569507145081945,0.3067736313229716
25849,GOF,0.009878424508608579,0.5467862894508466,0.44333528604054484
25850,GOF,0.024264844096082143,0.6218948406979916,0.35384031520592624
25851,GOF,0.017337968148704,0.5245344598680054,0.4581275719832906
25852,GOF,0.18439588625816644,0.5263109112185619,0.2892932025232718
25853,GOF,0.35222383001218754,0.5589078097012481,0.08886836028656434
25854,GOF,0.020474476546937577,0.6182069399319335,0.361318583521129
25855,GOF,0.038578226795982155,0.5470283875154545,0.41439338568856343
25856,GOF,0.24709971797975241,0.4994826116465612,0.25341767037368634
25857,LOF,0.03773627019078956,0.47468803888309197,0.48757569092611847
25858,GOF,0.017876895865392112,0.527844350101911,0.454278754032697
25859,GOF,0.010315410679324158,0.5158763178939879,0.4738082714266879
25860,GOF,0.402155634973622,0.5001578245189673,0.0976865405074107
25861,GOF,0.4380508717693111,0.48140928051978443,0.08053984771090432
25862,GOF,0.09716719779077854,0.7475983744266362,0.15523442778258517
25863,GOF,0.10230306817776254,0.7423588740595078,0.15533805776272952
25864,GOF,0.232721853499307,0.6788671819192027,0.08841096458149032
25865,GOF,0.10277766274654351,0.7678058040672163,0.12941653318624005
25866,GOF,0.07044675899193806,0.7851293150149191,0.14442392599314272
25867,GOF,0.09832594454290698,0.7977597312359381,0.10391432422115496
25868,GOF,0.2789589293655553,0.6202644789145662,0.10077659171987856
25869,Neutral,0.7072472532034816,0.2511068173088926,0.04164592948762576
25870,LOF,0.3142373873739297,0.2688763909763887,0.4168862216496817
25871,GOF,0.23884525624035668,0.588565033155325,0.17258971060431838
25872,GOF,0.08552515656950802,0.6075980935235253,0.3068767499069666
25873,GOF,0.14552978911696893,0.6165354945047943,0.23793471637823677
25874,LOF,0.020346474781192725,0.10061344776695434,0.879040077451853
25875,LOF,0.10219701308549489,0.0353253362220102,0.8624776506924948
25876,LOF,0.03725830235751479,0.04746747317077784,0.9152742244717074
25877,Neutral,0.5431239609038045,0.038676098185751934,0.41819994091044355
25878,LOF,0.2250946573898366,0.07111984920851916,0.7037854934016442
25879,LOF,0.097373161095508,0.06622573246271414,0.836401106441778
25880,LOF,0.02233142796035708,0.021172725845124283,0.9564958461945187
25881,LOF,0.18547916513641155,0.10271701542859124,0.7118038194349972
25882,LOF,0.07141473835901453,0.014825558116042628,0.9137597035249428
25883,LOF,0.08720648639686117,0.01695062972959112,0.8958428838735478
25884,LOF,0.04112381031353548,0.029411040463193597,0.9294651492232711
25885,LOF,0.06812877482274807,0.00887622693601,0.922994998241242
25886,LOF,0.3545010488340287,0.028342108792011836,0.6171568423739595
25887,LOF,0.16787524936004933,0.052842671019416705,0.7792820796205341
25888,LOF,0.07082507093788622,0.05108473586573933,0.8780901931963744
25889,LOF,0.050442508303497974,0.01995513059973933,0.9296023610967626
25890,LOF,0.04637491348503157,0.12165675572517064,0.8319683307897978
25891,LOF,0.03765145895391864,0.048486640410207414,0.913861900635874
25892,LOF,0.10296728569774251,0.015711561307183187,0.8813211529950743
25893,LOF,0.2959747612446505,0.010851301523482843,0.6931739372318667
25894,LOF,0.188921908941835,0.006185149758660684,0.8048929412995042
25895,LOF,0.2150409900129952,0.014866502258071013,0.7700925077289338
25896,LOF,0.05429861644499905,0.014411816298062,0.931289567256939
25897,LOF,0.26706253828976156,0.008450391311181967,0.7244870703990565
25898,Neutral,0.7299840251099224,0.006332495960050132,0.26368347893002747
25899,LOF,0.29208703490558635,0.018677360095995528,0.6892356049984182
25900,LOF,0.47776805310214365,0.011107761369011074,0.5111241855288453
25901,LOF,0.06757357564104258,0.008779247211217724,0.9236471771477398
25902,LOF,0.17866741666302413,0.007738505367307676,0.8135940779696682
25903,Neutral,0.5258841858516202,0.022314058657635777,0.45180175549074403
25904,LOF,0.3232387110710203,0.0272499525166416,0.649511336412338
25905,LOF,0.026074217367368528,0.2959660074631522,0.6779597751694791
25906,LOF,0.0232954936478513,0.06460199678265448,0.9121025095694941
25907,LOF,0.014654214115148943,0.2959324137163926,0.6894133721684584
25908,LOF,0.010565059635841803,0.20815028746018116,0.7812846529039771
25909,LOF,0.013469278837575349,0.12779309182790577,0.8587376293345188
25910,LOF,0.048081358117804895,0.12989870139564724,0.8220199404865479
25911,LOF,0.13940271202366053,0.04657327447307101,0.8140240135032685
25912,LOF,0.03787874117813974,0.06655663553360183,0.8955646232882584
25913,LOF,0.32872398126635016,0.028529907550427478,0.6427461111832223
25914,LOF,0.02097731190505596,0.12140873791706704,0.857613950177877
25915,Neutral,0.4042485608124432,0.3599972748986543,0.23575416428890253
25916,LOF,0.05368995121885907,0.3987810169274918,0.5475290318536491
25917,LOF,0.05866946324135976,0.07290255039446117,0.8684279863641791
25918,LOF,0.03187181540541433,0.07082877578828649,0.8972994088062991
25919,LOF,0.02422010079108396,0.0714674099809035,0.9043124892280124
25920,GOF,0.09472175888696463,0.5211249877017354,0.3841532534112999
25921,LOF,0.026769234152044165,0.01949533795921151,0.9537354278887444
25922,LOF,0.03727941765581178,0.013048889892518279,0.94967169245167
25923,LOF,0.4429125386867229,0.015246692922766114,0.5418407683905109
25924,LOF,0.040237227919589155,0.028002222085970536,0.9317605499944404
25925,LOF,0.07016536626302389,0.020160911081615766,0.9096737226553603
25926,LOF,0.055294189341915954,0.015614991167558077,0.9290908194905259
25927,LOF,0.07891531662804874,0.059309690695958525,0.8617749926759928
25928,LOF,0.022382894644575276,0.02773814158873106,0.9498789637666937
25929,Neutral,0.5709641723151113,0.017058572162654596,0.41197725552223413
25930,LOF,0.06198816137544534,0.012776176813983596,0.9252356618105709
25931,LOF,0.0311460635933467,0.016346146041763873,0.9525077903648893
25932,LOF,0.030933658884887062,0.013774681905943612,0.9552916592091693
25933,LOF,0.042544440786818946,0.009456755893130738,0.9479988033200504
25934,LOF,0.02674205133724973,0.011188003449108625,0.9620699452136416
25935,LOF,0.07064138152543423,0.02217761025490821,0.9071810082196575
25936,LOF,0.05213742884172326,0.013967020935814206,0.9338955502224625
25937,LOF,0.02788778452353678,0.023802949135151193,0.9483092663413121
25938,LOF,0.06832126649404457,0.025039654621461547,0.9066390788844939
25939,LOF,0.042470148427068075,0.00982393992362706,0.947705911649305
25940,LOF,0.02947048439668436,0.3304046384686628,0.6401248771346527
25941,LOF,0.16142933622984662,0.08484179739145617,0.7537288663786972
25942,LOF,0.017400400744867418,0.03244511654362423,0.9501544827115083
25943,LOF,0.27517152568546893,0.059574845202261015,0.66525362911227
25944,LOF,0.48214554255941133,0.03374091488363519,0.4841135425569535
25945,LOF,0.0720997448409125,0.021369458379923715,0.9065307967791638
25946,LOF,0.029194107923472615,0.11483656817520471,0.8559693239013226
25947,LOF,0.11874428407302409,0.20180374998212497,0.6794519659448509
25948,LOF,0.44717461524426194,0.012083346522554021,0.540742038233184
25949,LOF,0.09744139688207351,0.06123483005951487,0.8413237730584116
25950,GOF,0.26447621854270875,0.45963582348674564,0.27588795797054566
25951,LOF,0.24073612841562708,0.25747952220448134,0.5017843493798916
25952,LOF,0.04825952719038095,0.42921000872491544,0.5225304640847036
25953,LOF,0.15297457437856388,0.1215093482270602,0.725516077394376
25954,Neutral,0.4041153034140994,0.22157924534827703,0.3743054512376236
25955,LOF,0.06051534764271846,0.08815073729197377,0.8513339150653079
25956,LOF,0.19294788240576666,0.08380862113503638,0.723243496459197
25957,LOF,0.03691053249779466,0.03411160293434894,0.9289778645678562
25958,LOF,0.06230032141231358,0.02406017942665243,0.9136394991610339
25959,LOF,0.07718806203295167,0.310672910994698,0.6121390269723503
25960,LOF,0.02065124068940092,0.050052297702000884,0.9292964616085981
25961,LOF,0.050085772953715746,0.027808083291515153,0.9221061437547691
25962,LOF,0.05195085985569717,0.037291764354120724,0.910757375790182
25963,LOF,0.05151883816311786,0.20641609126987717,0.7420650705670051
25964,LOF,0.03513530091707785,0.14847108781798093,0.8163936112649413
25965,LOF,0.425934249129122,0.09112801401990657,0.48293773685097136
25966,LOF,0.4052785138493383,0.16198116562697443,0.4327403205236873
25967,LOF,0.011960219055236528,0.08336008419053738,0.9046796967542261
25968,GOF,0.039827158427197265,0.48891715946765263,0.47125568210515023
25969,LOF,0.024504090493944034,0.05962108053920525,0.9158748289668507
25970,LOF,0.0648553930651145,0.05126400007726299,0.8838806068576225
25971,LOF,0.0795179449291131,0.015385576337072443,0.9050964787338145
25972,LOF,0.0846496955617176,0.020726170721493176,0.8946241337167892
25973,LOF,0.09678612261707614,0.005911827799964092,0.8973020495829598
25974,LOF,0.21680447861071755,0.014649332656971747,0.7685461887323108
25975,LOF,0.05939883801161349,0.019912694836506983,0.9206884671518796
25976,LOF,0.05047764080966341,0.011383802075900448,0.9381385571144362
25977,LOF,0.14317044962061232,0.09642464233714457,0.7604049080422431
25978,LOF,0.13979834244659653,0.04720365908469457,0.812997998468709
25979,LOF,0.13503225739652555,0.050993723272409044,0.8139740193310653
25980,LOF,0.18929699771890143,0.06143233134931329,0.7492706709317852
25981,LOF,0.22396776534018856,0.0592217438222431,0.7168104908375682
25982,LOF,0.3981043022224182,0.04466537921636852,0.5572303185612133
25983,LOF,0.39553779276700873,0.04434691813854608,0.5601152890944451
25984,LOF,0.05335387587986734,0.05797059357960743,0.8886755305405252
25985,LOF,0.02638039986442669,0.24663462799947253,0.7269849721361008
25986,LOF,0.03439602769887414,0.26799391911743187,0.6976100531836941
25987,LOF,0.08092295761302119,0.07295196883374648,0.8461250735532322
25988,LOF,0.1348797818793046,0.06781377347464683,0.7973064446460485
25989,LOF,0.031447899998223894,0.11849247419485504,0.8500596258069211
25990,LOF,0.038903317760245255,0.14397051512059703,0.8171261671191578
25991,LOF,0.20761396275472674,0.28940991460932547,0.5029761226359478
25992,LOF,0.3401526984308778,0.18359940630135207,0.47624789526777006
25993,LOF,0.0235193552771885,0.0855734265842537,0.8909072181385578
25994,LOF,0.017008694587567395,0.1102480239972657,0.8727432814151668
25995,LOF,0.026226351811437728,0.19597165493914515,0.7778019932494172
25996,GOF,0.30136520169793013,0.5043151161720654,0.19431968213000456
25997,GOF,0.12221670849218132,0.49355118714858187,0.38423210435923677
25998,Neutral,0.5293040579093902,0.02053338531910318,0.45016255677150663
25999,LOF,0.14681400428446667,0.09759892784286267,0.7555870678726707
26000,LOF,0.18620896827506786,0.030692881073954067,0.7830981506509781
26001,LOF,0.1828984553637889,0.03318360952020198,0.783917935116009
26002,LOF,0.1296990440979055,0.03462141482487369,0.8356795410772209
26003,GOF,0.011340399405979579,0.568715033264878,0.4199445673291423
26004,GOF,0.028288134117587536,0.6303330998507345,0.34137876603167794
26005,LOF,0.009449475685591988,0.44896710934390693,0.5415834149705011
26006,Neutral,0.5234494017479568,0.23115020044977516,0.24540039780226813
26007,GOF,0.022039174962398312,0.501424148301103,0.47653667673649863
26008,GOF,0.023093639856799922,0.5352388674133962,0.4416674927298039
26009,GOF,0.028167963053905447,0.5643866554091551,0.40744538153693943
26010,GOF,0.029628452834226444,0.5879787358624069,0.38239281130336666
26011,LOF,0.007987148842588818,0.4336718414604035,0.5583410096970076
26012,GOF,0.018140955634724426,0.5221184698308089,0.4597405745344667
26013,GOF,0.021789197484624916,0.5751964395678105,0.4030143629475645
26014,LOF,0.041490212921665395,0.1413400675019317,0.8171697195764028
26015,LOF,0.29322154914826665,0.012292424021836498,0.6944860268298968
26016,LOF,0.26907439587486054,0.05435415177009155,0.6765714523550479
26017,LOF,0.24559926617700878,0.0898944833831495,0.6645062504398417
26018,LOF,0.10212647004295856,0.04848842437470293,0.8493851055823384
26019,LOF,0.09625779454715166,0.03736111165661072,0.8663810937962376
26020,LOF,0.06597409798685594,0.10747744542555027,0.8265484565875938
26021,LOF,0.05078889986693244,0.13751364558305015,0.8116974545500175
26022,LOF,0.011468876037214625,0.05613603715603745,0.9323950868067479
26023,LOF,0.121283841930391,0.030366624389035084,0.8483495336805739
26024,LOF,0.02894461040465535,0.13664022290211958,0.834415166693225
26025,LOF,0.17404418663877996,0.10878890646310171,0.7171669068981184
26026,LOF,0.353119924356459,0.029550292610852145,0.6173297830326889
26027,LOF,0.09384044815582775,0.023970069020756185,0.882189482823416
26028,LOF,0.1545870501082408,0.08036668050902557,0.7650462693827336
26029,LOF,0.06275941738308695,0.15250199139873116,0.784738591218182
26030,LOF,0.024408723494455813,0.046648560079867465,0.9289427164256767
26031,LOF,0.026918306020815675,0.12473001734684915,0.8483516766323351
26032,LOF,0.06612214545650022,0.04647088502259941,0.8874069695209004
26033,LOF,0.11235069421192462,0.05187244028084827,0.8357768655072271
26034,LOF,0.04391707684660159,0.1310821928416999,0.8250007303116985
26035,LOF,0.026134180958762375,0.11620755640342662,0.857658262637811
26036,LOF,0.036615336599408486,0.14149304606054974,0.8218916173400418
26037,LOF,0.02281943453735881,0.10334278502207446,0.8738377804405667
26038,LOF,0.06329628634114466,0.0436415764449209,0.8930621372139343
26039,LOF,0.053444400863111995,0.12719049074629005,0.8193651083905978
26040,LOF,0.1817670003823873,0.08837871321405827,0.7298542864035544
26041,LOF,0.023366977368361984,0.09663702400300965,0.8799959986286284
26042,LOF,0.022147223527387995,0.09467687423690992,0.8831759022357021
26043,LOF,0.06172768458014763,0.05394120882163016,0.8843311065982223
26044,LOF,0.020660102304025083,0.05986349989001943,0.9194763978059555
26045,LOF,0.07436691387105807,0.08836209879449469,0.8372709873344473
26046,LOF,0.06356227221426797,0.05570521772080538,0.8807325100649267
26047,LOF,0.0951553966201109,0.06232881428969167,0.8425157890901973
26048,LOF,0.05418794820519251,0.038357860226046314,0.9074541915687612
26049,Neutral,0.9574794338247606,0.006620532960895792,0.03590003321434363
26050,Neutral,0.9405758998026517,0.00787167022030124,0.05155242997704696
26051,LOF,0.04366416586822549,0.2736229586280078,0.6827128755037667
26052,LOF,0.061369473160627894,0.2855685653401811,0.653061961499191
26053,LOF,0.06167217722673331,0.1325092973051617,0.8058185254681051
26054,LOF,0.06319510228071566,0.021352451729964594,0.9154524459893197
26055,LOF,0.08001764350973689,0.01652374177070394,0.9034586147195591
26056,LOF,0.06347813088460746,0.018456287763038995,0.9180655813523535
26057,LOF,0.03228950468927193,0.011453550515791845,0.9562569447949363
26058,LOF,0.03269135262596252,0.009591509866920504,0.9577171375071168
26059,LOF,0.28541643019448437,0.026376854700276058,0.6882067151052397
26060,LOF,0.028896112729021275,0.1774278097157453,0.7936760775552334
26061,LOF,0.019280641876832597,0.01220883969627554,0.968510518426892
26062,LOF,0.012507568381231217,0.01972363192757418,0.9677687996911946
26063,LOF,0.022642499730481543,0.012143541037314506,0.9652139592322039
26064,LOF,0.02400035944982684,0.018374582479995613,0.9576250580701775
26065,LOF,0.026371553950354388,0.012404876431153884,0.9612235696184918
26066,LOF,0.022115059271391676,0.011494240571718745,0.9663907001568895
26067,LOF,0.02736913651721223,0.008374169433890535,0.9642566940488971
26068,LOF,0.04873932139523724,0.03317024264664179,0.918090435958121
26069,LOF,0.2541386262847032,0.019661330714966722,0.72620004300033
26070,LOF,0.40011102582322217,0.015612540120869066,0.5842764340559087
26071,LOF,0.025512273593303558,0.013084746567413607,0.9614029798392828
26072,LOF,0.022258498775912797,0.01931789626921119,0.9584236049548761
26073,LOF,0.026562399140880735,0.011275565881614612,0.9621620349775046
26074,Neutral,0.9115832818005054,0.006191384894674978,0.0822253333048198
26075,LOF,0.04884547330867967,0.015747777626755444,0.935406749064565
26076,LOF,0.04393665208531306,0.008616875933171194,0.9474464719815157
26077,LOF,0.009418570332236828,0.01944180599532436,0.9711396236724388
26078,LOF,0.013482515343186736,0.012323725704978472,0.9741937589518349
26079,LOF,0.059831621237708056,0.018814118873221965,0.92135425988907
26080,LOF,0.05867386104793074,0.0188598827428711,0.9224662562091983
26081,LOF,0.03880233101144113,0.006967808467239514,0.9542298605213193
26082,LOF,0.017625621008734937,0.016314087246820364,0.9660602917444447
26083,LOF,0.133194714485378,0.013008801546359531,0.8537964839682624
26084,LOF,0.028772724112531504,0.011804240866112719,0.9594230350213557
26085,LOF,0.024293048618778016,0.01120764376901719,0.9644993076122047
26086,LOF,0.026024820606354217,0.011764379569315855,0.9622107998243299
26087,LOF,0.02673373687284819,0.008496831045131813,0.9647694320820199
26088,LOF,0.01714013809581723,0.024666510965466053,0.9581933509387168
26089,LOF,0.04910685601165313,0.024843532335535806,0.9260496116528111
26090,LOF,0.04774175459249664,0.0198670489935145,0.9323911964139888
26091,LOF,0.0402980698557466,0.006965140430369212,0.9527367897138842
26092,LOF,0.028418467258594246,0.009024176997972522,0.9625573557434332
26093,LOF,0.04041282952000406,0.007093073270510372,0.9524940972094855
26094,LOF,0.0434432134124844,0.00783019031684077,0.9487265962706748
26095,LOF,0.04949922610764582,0.014509350324761014,0.9359914235675931
26096,LOF,0.018814095526561783,0.013285134904702069,0.9679007695687362
26097,LOF,0.01164370366596771,0.044676683813063826,0.9436796125209684
26098,LOF,0.06913202786673678,0.012744410354248245,0.918123561779015
26099,LOF,0.025370820187961197,0.01388524241004228,0.9607439374019966
26100,LOF,0.027082454991222412,0.01297582642357446,0.9599417185852032
26101,LOF,0.058730097408930274,0.013460106174770533,0.9278097964162991
26102,LOF,0.027165172314621316,0.013339385549894287,0.9594954421354845
26103,Neutral,0.8898107935808561,0.019928599873500447,0.09026060654564341
26104,LOF,0.08304569119308919,0.03291633814942985,0.8840379706574809
26105,LOF,0.2363195255923614,0.2736634212848974,0.49001705312274113
26106,LOF,0.17097581623745278,0.12064632936176554,0.7083778544007817
26107,LOF,0.2339423670507512,0.09142799947597383,0.674629633473275
26108,LOF,0.2345792872328516,0.12297165402881705,0.6424490587383315
26109,LOF,0.09476748697658088,0.09705660547748021,0.8081759075459389
26110,LOF,0.2674719831667603,0.00662413409999165,0.7259038827332481
26111,LOF,0.46510579602176677,0.017144440963328032,0.5177497630149052
26112,LOF,0.03294608604703158,0.007592923996306229,0.9594609899566622
26113,LOF,0.052701746850022844,0.014235283232495701,0.9330629699174815
26114,LOF,0.02952976593419576,0.021401858597424148,0.9490683754683802
26115,LOF,0.10237222545716386,0.051399829361204824,0.8462279451816315
26116,LOF,0.07352641758566056,0.04804084687827083,0.8784327355360686
26117,LOF,0.426145327908726,0.06455336255700363,0.5093013095342704
26118,LOF,0.03827828967323573,0.035170098513215384,0.926551611813549
26119,LOF,0.022377413649743255,0.04551209585896584,0.9321104904912909
26120,LOF,0.031797844999765706,0.0319978788836023,0.9362042761166319
26121,LOF,0.053217578621898194,0.10464648144331958,0.8421359399347823
26122,LOF,0.0527320460201634,0.05110315781684457,0.8961647961629919
