feature0,prediction,LoGoFunc_Neutral,LoGoFunc_GOF,LoGoFunc_LOF
25546,Neutral,0.606914821847138,0.04799492103035445,0.3450902571225075
25547,Neutral,0.5016185420748189,0.07842092100957847,0.4199605369156026
25548,Neutral,0.495779908714055,0.07081117931826127,0.4334089119676838
25549,LOF,0.4471941106620871,0.06942874033992122,0.48337714899799183
25550,LOF,0.37265259810627366,0.07171717881258974,0.5556302230811365
25551,LOF,0.3258101183163411,0.07877616145381533,0.5954137202298435
25552,LOF,0.30170192517466504,0.08532497078468458,0.6129731040406504
25553,Neutral,0.7871775750420663,0.04432766082014848,0.16849476413778514
25554,LOF,0.3313108646322523,0.07919061476605431,0.5894985206016934
25555,LOF,0.2935423515353161,0.07882818378015848,0.6276294646845254
25556,LOF,0.4517677335377162,0.07879528398738085,0.46943698247490295
25557,LOF,0.2656956075914695,0.07860712408558634,0.6556972683229442
25558,LOF,0.3213983312337595,0.0747392254530074,0.6038624433132331
25559,LOF,0.2340487214611463,0.04635250470343715,0.7195987738354165
25560,LOF,0.09093797057238319,0.18724595055250504,0.7218160788751117
25561,LOF,0.09304820900808282,0.28305952922931854,0.6238922617625987
25562,LOF,0.036477815358422296,0.10703590199271014,0.8564862826488676
25563,LOF,0.006326736072861816,0.20461591294598555,0.7890573509811526
25564,LOF,0.07666644081931683,0.11903358480473099,0.8042999743759521
25565,LOF,0.20229986335457945,0.1341141178176449,0.6635860188277756
25566,GOF,0.07866820554993485,0.7271071694984457,0.19422462495161935
25567,LOF,0.046988859797357264,0.17356370001397733,0.7794474401886655
25568,LOF,0.06608247383069937,0.10194674403206354,0.831970782137237
25569,LOF,0.06658957969664632,0.09956557350148669,0.833844846801867
25570,LOF,0.026363763252137344,0.1670815759611216,0.806554660786741
25571,LOF,0.02597056003328771,0.17806798420718772,0.7959614557595246
25572,LOF,0.05542859754216738,0.22818020099766703,0.7163912014601655
25573,LOF,0.07523857855060963,0.14249562491517742,0.782265796534213
25574,LOF,0.07673117451954888,0.2647158912614383,0.658552934219013
25575,LOF,0.02559068054361794,0.17634412779295336,0.7980651916634287
25576,LOF,0.0258060547960315,0.24661198100950088,0.7275819641944677
25577,LOF,0.028857433569633887,0.20234453639570377,0.7687980300346623
25578,LOF,0.30150616110962253,0.1074680775481597,0.5910257613422177
25579,LOF,0.2120786954287564,0.10776958125984962,0.680151723311394
25580,LOF,0.024258302266457473,0.1101931537019408,0.8655485440316018
25581,LOF,0.04702818087196712,0.10991295980910486,0.8430588593189281
25582,LOF,0.04647015667119016,0.10703898376612712,0.8464908595626827
25583,LOF,0.031636592354686036,0.12489859090107731,0.8434648167442367
25584,Neutral,0.6934368887984109,0.13343504588624194,0.17312806531534708
25585,LOF,0.025250375474974763,0.19253240423743442,0.7822172202875909
25586,LOF,0.0218543406696686,0.137663751291213,0.8404819080391185
25587,LOF,0.02122371622541247,0.13561621825501283,0.8431600655195747
25588,LOF,0.02612939087890179,0.10621269345278687,0.8676579156683114
25589,Neutral,0.5478613675078413,0.23377081891243862,0.21836781357972004
25590,LOF,0.05579891164520951,0.15572078238873177,0.7884803059660588
25591,LOF,0.10572434956667814,0.08987395542221453,0.8044016950111074
25592,LOF,0.0764901477256801,0.20664381223223494,0.716866040042085
25593,LOF,0.1065334442363285,0.3241532242490166,0.5693133315146549
25594,LOF,0.04571338207950084,0.04141018488514174,0.9128764330353575
25595,LOF,0.04547135515798741,0.02351126669379267,0.9310173781482199
25596,LOF,0.11302102764133261,0.015193250596522339,0.871785721762145
25597,LOF,0.09341946128088749,0.013457772024354732,0.8931227666947579
25598,LOF,0.05001547154912667,0.024396721591812814,0.9255878068590604
25599,LOF,0.024218628211724325,0.3980186742288354,0.5777626975594403
25600,LOF,0.16067085843972545,0.37493959215646044,0.46438954940381416
25601,LOF,0.04370226598425693,0.28804524521443403,0.668252488801309
25602,LOF,0.03572177819420351,0.07393847611633898,0.8903397456894575
25603,LOF,0.045807986721464584,0.07628029526342521,0.8779117180151101
25604,LOF,0.055694307893520416,0.12537668397948915,0.8189290081269904
25605,LOF,0.05033284105014925,0.17951482965722929,0.7701523292926215
25606,Neutral,0.40916142370553,0.24390219339850197,0.3469363828959681
25607,LOF,0.02820001817396475,0.25929134252907,0.7125086392969653
25608,LOF,0.04584377303584283,0.08482347000820152,0.8693327569559556
25609,GOF,0.22313198883966767,0.5007285701985386,0.27613944096179377
25610,LOF,0.019776955059875274,0.07182340802606443,0.9083996369140604
25611,LOF,0.014092320706918498,0.07170103633687164,0.9142066429562098
25612,LOF,0.0562147738187453,0.08820462027761436,0.8555806059036404
25613,LOF,0.051975378815336,0.08088010974789904,0.867144511436765
25614,LOF,0.02356717399480283,0.06902456527467728,0.9074082607305198
25615,LOF,0.048870245335163626,0.06545596511514178,0.8856737895496946
25616,LOF,0.06487457225435193,0.07544776208225973,0.8596776656633883
25617,LOF,0.04728108275603728,0.08152938692056685,0.871189530323396
25618,LOF,0.053924729660845376,0.13599529279758926,0.8100799775415652
25619,LOF,0.013746354923596446,0.09646916640424955,0.8897844786721539
25620,LOF,0.047315094252449896,0.07865211286676416,0.8740327928807858
25621,LOF,0.07064152999507034,0.06904537849018318,0.8603130915147464
25622,LOF,0.08350805680084589,0.08372736235789771,0.8327645808412565
25623,LOF,0.0657577129387362,0.08318389618098021,0.8510583908802837
25624,LOF,0.023426089351889057,0.07507363729118931,0.9015002733569217
25625,LOF,0.06677942635438502,0.08386894744832465,0.8493516261972903
25626,LOF,0.054507553077991426,0.08056951142985716,0.8649229354921514
25627,Neutral,0.8752305535803089,0.025424419245900144,0.09934502717379105
25628,LOF,0.19595910609381653,0.07006149973538289,0.7339793941708005
25629,LOF,0.060623490792710275,0.06528654261195117,0.8740899665953386
25630,LOF,0.3051015053956725,0.08092694416723716,0.6139715504370903
25631,Neutral,0.5228111947120367,0.06108059568871381,0.41610820959924955
25632,LOF,0.030338049547194757,0.1392119458055788,0.8304500046472264
25633,LOF,0.21698218649050127,0.07563420699834258,0.7073836065111562
25634,LOF,0.04456972389360858,0.11888991707907126,0.8365403590273203
25635,LOF,0.03774792946075891,0.06417952257695486,0.8980725479622862
25636,GOF,0.04337285569630838,0.539664463616122,0.4169626806875696
25637,GOF,0.045435729495253874,0.5321384691362387,0.4224258013685073
25638,LOF,0.023126566608575632,0.4846879861729599,0.4921854472184646
25639,LOF,0.03972311097585101,0.44115931019482757,0.5191175788293214
25640,Neutral,0.8042475474531835,0.14157692733357588,0.054175525213240656
25641,LOF,0.14032423140192393,0.3151675649610479,0.5445082036370281
25642,LOF,0.11822876783176879,0.14522808369047643,0.7365431484777548
25643,LOF,0.3156145559244413,0.08366289004275479,0.6007225540328038
25644,GOF,0.009318705275532538,0.633445066094021,0.3572362286304464
25645,GOF,0.013999901982288482,0.6082337341291298,0.37776636388858176
25646,LOF,0.022349826476931327,0.4163398804862271,0.5613102930368417
25647,LOF,0.010226711970100647,0.3245177957076261,0.6652554923222732
25648,LOF,0.014463026327343755,0.3762336956877637,0.6093032779848926
25649,LOF,0.00898389227088918,0.2897059024617622,0.7013102052673487
25650,GOF,0.03728927214016867,0.5852575789246547,0.37745314893517673
25651,LOF,0.011787189953203436,0.36736811497363425,0.6208446950731623
25652,LOF,0.012389385846026823,0.432372619531286,0.5552379946226872
25653,GOF,0.044637256074612455,0.5920554517006801,0.36330729222470737
25654,LOF,0.011272859183038431,0.33194849927819464,0.6567786415387669
25655,GOF,0.14311819153284852,0.609981488290032,0.24690032017711946
25656,LOF,0.22726404705962225,0.04831814896388274,0.724417803976495
25657,LOF,0.03366663936666299,0.05493956463585868,0.9113937959974784
25658,LOF,0.27837176182310497,0.07995173241286838,0.6416765057640267
25659,LOF,0.41697028204627945,0.0783396808860767,0.5046900370676438
25660,LOF,0.021790745188946834,0.1012943786184488,0.8769148761926043
25661,LOF,0.07253808393350021,0.06154435957172193,0.8659175564947779
25662,LOF,0.028431556060316,0.03782084208815834,0.9337476018515257
25663,LOF,0.030782241351886088,0.035431100436791305,0.9337866582113226
25664,LOF,0.1014473325769839,0.061159632144619995,0.8373930352783961
25665,LOF,0.05975395833404885,0.03286570270246251,0.9073803389634887
25666,LOF,0.07344289712596953,0.05545175796664681,0.8711053449073836
25667,LOF,0.060136361344367964,0.04205210341957276,0.8978115352360593
25668,LOF,0.029088798455036608,0.05527098374865472,0.9156402177963088
25669,LOF,0.021201352862532424,0.04994985519105161,0.928848791946416
25670,LOF,0.12383485629251612,0.04210310288316815,0.8340620408243158
25671,LOF,0.08978593946271388,0.036503816712553296,0.8737102438247327
25672,LOF,0.051021606608798134,0.052135108799762096,0.8968432845914397
25673,LOF,0.08009673587276646,0.044810878073505964,0.8750923860537276
25674,LOF,0.07587226854294087,0.05950734489968182,0.8646203865573773
25675,LOF,0.07469812822748008,0.06632965715183263,0.8589722146206873
25676,LOF,0.016275471054994026,0.0626440891139222,0.9210804398310837
25677,LOF,0.01621412814942748,0.08273960729533075,0.9010462645552418
25678,LOF,0.1435570667708737,0.10966322780084568,0.7467797054282806
25679,LOF,0.11020218451220219,0.09932417206463878,0.790473643423159
25680,LOF,0.027299926612601843,0.1264900370081924,0.8462100363792057
25681,LOF,0.04096957133732033,0.11087529044872538,0.8481551382139544
25682,LOF,0.10662564091358878,0.07262999202379146,0.8207443670626198
25683,LOF,0.09815537575943062,0.08982158329458903,0.8120230409459804
25684,LOF,0.025917709549650912,0.059808203200411525,0.9142740872499375
25685,LOF,0.12441727439538551,0.1043957682776941,0.7711869573269204
25686,LOF,0.08282957263554683,0.14670182421820488,0.7704686031462483
25687,LOF,0.14560021295719,0.13091160877086458,0.7234881782719454
25688,LOF,0.441890528951583,0.03425257945308079,0.5238568915953363
25689,LOF,0.26462736805375653,0.04596699325481551,0.6894056386914279
25690,LOF,0.38084822304706684,0.02880448134430774,0.5903472956086254
25691,Neutral,0.7293324554834615,0.027067657253536357,0.24359988726300233
25692,LOF,0.3903773647594777,0.011177923505214526,0.5984447117353078
25693,LOF,0.04007774680583606,0.479895898871052,0.4800263543231118
25694,LOF,0.10764771569244222,0.014213292659698491,0.8781389916478594
25695,LOF,0.10998532666633451,0.0070783657404800224,0.8829363075931854
25696,LOF,0.10362432436044243,0.009800331161285517,0.8865753444782721
25697,LOF,0.05285710206692684,0.04833017764997112,0.8988127202831021
25698,LOF,0.2488002356666426,0.25678404604513055,0.4944157182882267
25699,LOF,0.4348490233124091,0.026990705128403642,0.5381602715591872
25700,LOF,0.06300577580959078,0.008473336872181868,0.9285208873182272
25701,LOF,0.22372994942383842,0.02708490176156924,0.7491851488145923
25702,GOF,0.17048028555063474,0.6547321489088773,0.1747875655404879
25703,LOF,0.016043486897584322,0.19162678916515635,0.7923297239372593
25704,LOF,0.03359977010219642,0.14732536324801862,0.819074866649785
25705,LOF,0.04309418803453295,0.07823980637724362,0.8786660055882235
25706,GOF,0.09349282339160628,0.4874230814895421,0.41908409511885153
25707,LOF,0.08156944014954312,0.40194650331428455,0.5164840565361724
25708,LOF,0.029695292970062962,0.3998276046901994,0.5704771023397376
25709,LOF,0.07401447295080886,0.0316894249322754,0.8942961021169157
25710,LOF,0.016921090845129633,0.14120787516314756,0.8418710339917228
25711,LOF,0.020311833277656455,0.07207356136265786,0.9076146053596856
25712,LOF,0.018082194631879767,0.1981092307090608,0.7838085746590595
25713,LOF,0.01945224282405344,0.06593620170253489,0.9146115554734117
25714,LOF,0.08759287000986316,0.04621437795066738,0.8661927520394695
25715,LOF,0.011904349289646447,0.10292700058937279,0.8851686501209808
25716,LOF,0.01154130121405272,0.11372671498093558,0.8747319838050117
25717,LOF,0.01941336283733112,0.0653385287731868,0.915248108389482
25718,LOF,0.012174148827406295,0.04258330350666143,0.9452425476659323
25719,LOF,0.023002448961740366,0.05745222220086882,0.9195453288373909
25720,LOF,0.030486595498553006,0.03986615690768287,0.9296472475937642
25721,LOF,0.011977210760950844,0.0613720498523888,0.9266507393866603
25722,LOF,0.013690960014866712,0.04998718192835871,0.9363218580567746
25723,LOF,0.02569628033327593,0.03377798234888983,0.9405257373178342
25724,LOF,0.03464965269519583,0.0728008189153913,0.8925495283894129
25725,LOF,0.011802713756757502,0.06133639385558827,0.9268608923876542
25726,LOF,0.01726684115234898,0.07656984879804822,0.9061633100496028
25727,LOF,0.013853891796711293,0.04982636028480589,0.9363197479184828
25728,LOF,0.011433059538075037,0.06271893140402841,0.9258480090578967
25729,LOF,0.011259612992617202,0.06602729892246807,0.9227130880849147
25730,LOF,0.015113647665411498,0.0638427944291823,0.9210435579054062
25731,LOF,0.018959942913416575,0.09008567571040176,0.8909543813761817
25732,LOF,0.014269770348119845,0.040997159685082135,0.944733069966798
25733,LOF,0.015165912430158227,0.05214142889724179,0.9326926586726
25734,LOF,0.013479207712423346,0.12680654792460894,0.8597142443629677
25735,LOF,0.01157347398757641,0.05195881047041847,0.936467715542005
25736,LOF,0.012536982889209496,0.059017367721244496,0.9284456493895461
25737,LOF,0.012703023076089127,0.09822043929390138,0.8890765376300095
25738,LOF,0.012608326127901349,0.09688843158200873,0.8905032422900899
25739,LOF,0.022215950424827414,0.06103604545653008,0.9167480041186425
25740,LOF,0.03063413627931206,0.10765458791571762,0.8617112758049702
25741,LOF,0.016705970645447266,0.09746664158635984,0.8858273877681929
25742,LOF,0.13402666600466331,0.06421037949921092,0.8017629544961258
25743,LOF,0.04370378228487502,0.062251249753421514,0.8940449679617034
25744,Neutral,0.6457002028996678,0.21731003195479173,0.1369897651455405
25745,LOF,0.07063878761314984,0.08616674815388346,0.8431944642329667
25746,LOF,0.043823905823348136,0.11656357892901587,0.8396125152476359
25747,LOF,0.017237156075721686,0.1253488078096192,0.857414036114659
25748,LOF,0.10076258079726613,0.21143801688139263,0.6877994023213413
25749,LOF,0.024972812092617952,0.10180938459131898,0.873217803316063
25750,LOF,0.05987043507440957,0.12453415497546712,0.8155954099501234
25751,LOF,0.09849027873322015,0.16655389844894944,0.7349558228178306
25752,GOF,0.12093074524228396,0.6316656533215111,0.24740360143620502
25753,LOF,0.03516495505951654,0.34657874097740005,0.6182563039630835
25754,GOF,0.019922979345176617,0.7735189907644446,0.20655802989037883
25755,LOF,0.03229475804781232,0.33133569361962595,0.6363695483325618
25756,LOF,0.06162682146150999,0.40322601179880274,0.5351471667396873
25757,GOF,0.01605649909283003,0.8588382387344469,0.125105262172723
25758,GOF,0.02503636420593407,0.7745334065798227,0.20043022921424322
25759,GOF,0.013040864293746186,0.6729758643230871,0.31398327138316673
25760,LOF,0.016721016412987844,0.40955894096714285,0.5737200426198693
25761,GOF,0.25826111186777045,0.6393050562244301,0.10243383190779935
25762,LOF,0.052115275360587715,0.34066489984670445,0.6072198247927078
25763,LOF,0.014591731340925703,0.25660507120777937,0.728803197451295
25764,GOF,0.05687717963466451,0.7092989052348486,0.2338239151304869
25765,GOF,0.03137358388651259,0.7656465811561002,0.20297983495738725
25766,GOF,0.08407876940991299,0.7210968429810959,0.1948243876089913
25767,LOF,0.1654432844029625,0.40488445330609185,0.42967226229094563
25768,LOF,0.11538977496854225,0.036028134657058564,0.8485820903743992
25769,LOF,0.0533942486416305,0.05673646906444685,0.8898692822939226
25770,LOF,0.39290828157879065,0.10652305154989039,0.500568666871319
25771,LOF,0.06977164292839992,0.050970164688559964,0.8792581923830401
25772,LOF,0.020160285823303356,0.047219813935753564,0.932619900240943
25773,LOF,0.07654581991712853,0.061229949263318935,0.8622242308195526
25774,LOF,0.028829551452473588,0.1192854360359216,0.8518850125116049
25775,LOF,0.08387240518099354,0.04824148870333335,0.8678861061156732
25776,LOF,0.07647227011133578,0.03111988024802028,0.8924078496406439
25777,Neutral,0.526596642353037,0.06685979209124693,0.4065435655557161
25778,LOF,0.07194126355004314,0.04529066973346227,0.8827680667164947
25779,GOF,0.4043977487838261,0.5412552666344947,0.054346984581679074
25780,GOF,0.32105618002007114,0.5748087595505272,0.10413506042940161
25781,GOF,0.09930941996736978,0.7548982935583052,0.145792286474325
25782,GOF,0.1786705464838151,0.7069566987683146,0.11437275474787027
25783,GOF,0.02288406532961426,0.6715504971504316,0.30556543751995413
25784,Neutral,0.5183222788281727,0.42483549265957343,0.05684222851225388
25785,Neutral,0.49741687302608,0.43026660969702896,0.07231651727689108
25786,GOF,0.024822757791993607,0.6685131828476408,0.30666405936036556
25787,Neutral,0.6764301788666913,0.28064642018183183,0.04292340095147673
25788,LOF,0.06054558386457028,0.07782338243639852,0.8616310336990312
25789,GOF,0.1992580375875803,0.6240818208101097,0.17666014160231
25790,GOF,0.23855368512815994,0.6428082689929763,0.11863804587886376
25791,GOF,0.12858840358391865,0.6022896491368005,0.2691219472792808
25792,GOF,0.3227295990378516,0.47065052214521724,0.20661987881693128
25793,GOF,0.23939516862611174,0.47157647067499336,0.2890283606988949
25794,GOF,0.3188301026172774,0.41488924243321657,0.266280654949506
25795,GOF,0.058872686156363575,0.6628745210735429,0.2782527927700935
25796,Neutral,0.5001926067298836,0.3926696377055266,0.10713775556458985
25797,GOF,0.07236920543189986,0.515932428351065,0.41169836621703515
25798,LOF,0.01041867698490852,0.49267385829668753,0.4969074647184039
25799,LOF,0.008683436835832059,0.43540004902942775,0.5559165141347402
25800,GOF,0.035812926949789964,0.5816374506827456,0.3825496223674643
25801,GOF,0.25406017628761685,0.591893194338709,0.15404662937367403
25802,GOF,0.06306904081368911,0.5845621790295359,0.35236878015677503
25803,GOF,0.04135767727930386,0.4983031747665407,0.4603391479541555
25804,LOF,0.03855764406767444,0.42609684676191106,0.5353455091704145
25805,GOF,0.08123895677740073,0.498614955751318,0.4201460874712812
25806,GOF,0.11759403418483858,0.5354728579204029,0.34693310789475845
25807,GOF,0.018910510359313074,0.5608149550816831,0.4202745345590038
25808,GOF,0.08841474234506566,0.4934245605370584,0.41816069711787596
25809,GOF,0.01953925069902613,0.5453435722810652,0.4351171770199086
25810,GOF,0.02018390665129446,0.5461415235960483,0.4336745697526572
25811,Neutral,0.47008361707089313,0.4468737406718963,0.08304264225721059
25812,GOF,0.0346688807868656,0.5753311643653808,0.38999995484775357
25813,Neutral,0.5602009031078378,0.2957857904938567,0.14401330639830548
25814,GOF,0.12015535890551603,0.5800322966872324,0.2998123444072516
25815,GOF,0.25469706403171305,0.5276027968509538,0.2177001391173331
25816,GOF,0.020411247143965566,0.6526967059523047,0.32689204690372964
25817,GOF,0.17920347076109577,0.679837930143811,0.14095859909509326
25818,GOF,0.033823505860064,0.5433885925052697,0.4227879016346663
25819,GOF,0.341489643550142,0.45598994956612077,0.20252040688373718
25820,GOF,0.17104993163555174,0.5618886270073759,0.26706144135707244
25821,GOF,0.05167596308508949,0.6316691244613084,0.3166549124536021
25822,GOF,0.24229231487520264,0.47276107517394117,0.28494660995085624
25823,LOF,0.03685492552911455,0.4473703986756647,0.5157746757952208
25824,GOF,0.07679047736451075,0.488389665437233,0.4348198571982563
25825,GOF,0.029399879064299795,0.5002490591454517,0.47035106179024844
25826,LOF,0.011144882356078722,0.47687367095589,0.5119814466880312
25827,GOF,0.01706238739137934,0.5329746622318962,0.44996295037672446
25828,LOF,0.012944150257257887,0.4543339660926011,0.532721883650141
25829,GOF,0.007496569620880645,0.5321958666698082,0.4603075637093111
25830,LOF,0.03901367458411871,0.24914792108462158,0.7118384043312598
25831,GOF,0.13128088510362765,0.7257305202528755,0.14298859464349692
25832,GOF,0.03287261917873458,0.6372951426050331,0.3298322382162323
25833,GOF,0.1013685733822424,0.638007252636041,0.2606241739817166
25834,GOF,0.03669412019289294,0.6287833648242176,0.3345225149828895
25835,GOF,0.08982582952062579,0.5742427952538693,0.33593137522550487
25836,GOF,0.04610727168070389,0.5970354717428854,0.35685725657641076
25837,GOF,0.024636925139497137,0.4965004613094045,0.47886261355109844
25838,GOF,0.0874361787710909,0.6847850644893612,0.22777875673954787
25839,GOF,0.28085738018840006,0.5247232276240186,0.19441939218758136
25840,GOF,0.19829403904442708,0.5616900746901081,0.24001588626546486
25841,GOF,0.2542268422364691,0.5327744813845277,0.21299867637900327
25842,GOF,0.14854619272845948,0.6112938155343514,0.24015999173718916
25843,GOF,0.20799699458053955,0.6194731712959144,0.17252983412354606
25844,GOF,0.05722954346718836,0.6145696093384729,0.32820084719433884
25845,LOF,0.013532965813738182,0.4778387727677774,0.5086282614184844
25846,GOF,0.09434260405318727,0.6932542124422605,0.2124031835045523
25847,GOF,0.10554827035640903,0.700978370469957,0.19347335917363398
25848,GOF,0.03590789120609949,0.6287872963582997,0.33530481243560084
25849,GOF,0.011652001710014221,0.532623867780231,0.45572413050975485
25850,GOF,0.026163680660044927,0.5720847186889256,0.4017516006510295
25851,GOF,0.021711815488219512,0.4895252488529013,0.4887629356588794
25852,GOF,0.12036391222979362,0.566706105919377,0.3129299818508294
25853,GOF,0.3140088770935848,0.5768074140545744,0.10918370885184082
25854,GOF,0.019747881014989213,0.6658346755948583,0.31441744339015254
25855,GOF,0.04257810796108786,0.5827721098339755,0.3746497822049366
25856,GOF,0.23677579636589388,0.5303261773301754,0.23289802630393058
25857,GOF,0.037069868227229484,0.5045525254272502,0.4583776063455204
25858,GOF,0.018566740029833956,0.5797038048529234,0.4017294551172428
25859,GOF,0.00994869340372321,0.571381321597797,0.4186699849984798
25860,GOF,0.30620477121066453,0.5636500609431748,0.1301451678461608
25861,GOF,0.310490782670351,0.5850643298414641,0.10444488748818487
25862,GOF,0.06500423520893905,0.7624868947750686,0.17250887001599238
25863,GOF,0.06756578023999497,0.7792588182405227,0.1531754015194825
25864,GOF,0.13443961861298717,0.7639447946488394,0.10161558673817335
25865,GOF,0.06718853832689296,0.7814806973682641,0.15133076430484318
25866,GOF,0.0596730525765297,0.7895908225817223,0.15073612484174806
25867,GOF,0.07189805348676512,0.7964639389220797,0.13163800759115518
25868,GOF,0.20771553591257177,0.6512571179507701,0.1410273461366581
25869,Neutral,0.6400462935490933,0.30791310380948,0.05204060264142676
25870,LOF,0.261407465699651,0.2294770438430533,0.5091154904572956
25871,GOF,0.20888084028389936,0.6098201727848752,0.18129898693122545
25872,GOF,0.08393546320361396,0.5913939976293684,0.3246705391670177
25873,GOF,0.14300795103543737,0.5951634410465994,0.26182860791796336
25874,LOF,0.022282574837980042,0.08441076493567905,0.8933066602263409
25875,LOF,0.0784860686897209,0.0703960530594927,0.8511178782507863
25876,LOF,0.027233738131867486,0.07086485986490483,0.9019014020032277
25877,Neutral,0.5167630897773394,0.06742080938442872,0.41581610083823184
25878,LOF,0.25042044387775125,0.11984029048348059,0.6297392656387683
25879,LOF,0.12416887979043265,0.1295975310738747,0.7462335891356926
25880,LOF,0.02386849931402686,0.029823541573930384,0.9463079591120427
25881,LOF,0.1918487749065761,0.2634674556142952,0.5446837694791287
25882,LOF,0.07601775595848634,0.020128720380533923,0.9038535236609797
25883,LOF,0.08248532700959323,0.05130908088214911,0.8662055921082575
25884,LOF,0.04483075851013735,0.05455532765159009,0.9006139138382726
25885,LOF,0.05568458905473844,0.028523873306700295,0.9157915376385612
25886,LOF,0.34098920807170124,0.1103404334023145,0.5486703585259842
25887,LOF,0.17575192295409786,0.19445862678112955,0.6297894502647726
25888,LOF,0.07466166939770348,0.1379177204858808,0.7874206101164158
25889,LOF,0.03871926493333083,0.0576836660577656,0.9035970690089036
25890,LOF,0.06503824510286355,0.14226169377686385,0.7927000611202725
25891,LOF,0.06365925573395512,0.053171760042284404,0.8831689842237606
25892,LOF,0.09769611471942347,0.02438093401453723,0.8779229512660394
25893,LOF,0.28635715417351065,0.015332501590666245,0.6983103442358232
25894,LOF,0.17065334538131333,0.007947526246214151,0.8213991283724725
25895,LOF,0.20179006942130165,0.018202122885072666,0.7800078076936257
25896,LOF,0.04352434744223166,0.0203414305057033,0.936134222052065
25897,LOF,0.21998968975944908,0.014843491194102483,0.7651668190464485
25898,Neutral,0.7411509080829218,0.00996940512601159,0.2488796867910666
25899,LOF,0.2532517611935747,0.04411141758152569,0.7026368212248997
25900,Neutral,0.5763094050358881,0.013070922908186365,0.4106196720559255
25901,LOF,0.05703011820754781,0.012155369752488557,0.9308145120399636
25902,LOF,0.16315262073792913,0.010489040323654867,0.8263583389384159
25903,Neutral,0.5877601303547336,0.02606425116637145,0.3861756184788949
25904,LOF,0.24636495076934511,0.03870791959159033,0.7149271296390645
25905,LOF,0.03413725197685402,0.27033184006027805,0.695530907962868
25906,LOF,0.025352388603489852,0.057316570112465576,0.9173310412840445
25907,LOF,0.015142417841566207,0.3089136947039756,0.6759438874544582
25908,LOF,0.014195618931553279,0.20781851651380534,0.7779858645546414
25909,LOF,0.016169066040366168,0.1270850202191198,0.8567459137405141
25910,LOF,0.04274852650546292,0.2539958001801255,0.7032556733144116
25911,LOF,0.07627769995099264,0.049260277474445856,0.8744620225745614
25912,LOF,0.03989921579539161,0.0767023674494431,0.8833984167551654
25913,LOF,0.25099708294396095,0.04359169497637889,0.7054112220796601
25914,LOF,0.02693071501473902,0.11579798942789037,0.8572712955573706
25915,Neutral,0.4203332080537197,0.21790521644816346,0.3617615754981169
25916,LOF,0.05033534423711446,0.2514804207598953,0.6981842350029903
25917,LOF,0.05503603815902425,0.050163644365992924,0.8948003174749828
25918,LOF,0.036829085194479555,0.06590274668349858,0.8972681681220219
25919,LOF,0.03168341393150081,0.0677058270253889,0.9006107590431103
25920,GOF,0.10406293655522453,0.5222012543745624,0.37373580907021314
25921,LOF,0.03729437692644944,0.03070094943592813,0.9320046736376224
25922,LOF,0.052758000472463075,0.019842649075502445,0.9273993504520345
25923,LOF,0.40141055838755924,0.018045995631395174,0.5805434459810456
25924,LOF,0.042087687386463145,0.023874577303729848,0.934037735309807
25925,LOF,0.07662264037591658,0.034916304578459297,0.8884610550456242
25926,LOF,0.05723924436872445,0.019341419859503207,0.9234193357717724
25927,LOF,0.077990783814601,0.05024472400518081,0.8717644921802181
25928,LOF,0.025225621380506307,0.021913644745027758,0.9528607338744659
25929,Neutral,0.5454190688281008,0.02145216329319752,0.43312876787870175
25930,LOF,0.06951205900830872,0.015236487472877671,0.9152514535188135
25931,LOF,0.032615812682632375,0.018946041646736245,0.9484381456706314
25932,LOF,0.030070021121243868,0.014464455137190812,0.9554655237415653
25933,LOF,0.0392347084457865,0.009299004430011346,0.9514662871242022
25934,LOF,0.026064387810350767,0.011380357869133195,0.962555254320516
25935,LOF,0.08258851905169867,0.029638864499398686,0.8877726164489026
25936,LOF,0.04715464526038552,0.01444734406528883,0.9383980106743256
25937,LOF,0.0354777361681479,0.02146278158567764,0.9430594822461745
25938,LOF,0.07591396942983519,0.03481984214196887,0.8892661884281959
25939,LOF,0.04512356052414331,0.009472529967940322,0.9454039095079163
25940,LOF,0.02420112223834448,0.3946830476455889,0.5811158301160666
25941,LOF,0.1479009112496986,0.11400823660838966,0.7380908521419117
25942,LOF,0.01413724988414336,0.046895820500041666,0.9389669296158148
25943,LOF,0.32274690642232046,0.10035439029001479,0.5768987032876648
25944,Neutral,0.4875707481549464,0.0619747594068923,0.4504544924381612
25945,LOF,0.07178751309204522,0.037584351883689714,0.890628135024265
25946,LOF,0.034048266034409476,0.13675731134544244,0.8291944226201482
25947,LOF,0.13872616106419436,0.12625323685885415,0.7350206020769516
25948,LOF,0.40181801620372143,0.01505217685075327,0.5831298069455254
25949,LOF,0.09294062509571364,0.04702428543929648,0.8600350894649899
25950,GOF,0.21029783211626774,0.4284994265767203,0.3612027413070119
25951,LOF,0.2683945593472596,0.17841199654541537,0.5531934441073251
25952,LOF,0.05676455357521732,0.39855818256730896,0.5446772638574736
25953,LOF,0.11407911016163953,0.10390096275835255,0.782019927080008
25954,LOF,0.3135331866828682,0.22211260985666906,0.4643542034604627
25955,LOF,0.06552927498422452,0.07896411560923716,0.8555066094065382
25956,LOF,0.20073293742214576,0.06098454296205454,0.7382825196157996
25957,LOF,0.044567822706313945,0.022379297334438025,0.933052879959248
25958,LOF,0.05729491099953552,0.03800763242261571,0.9046974565778486
25959,LOF,0.07425066351421193,0.40892336118270944,0.5168259753030786
25960,LOF,0.02096255082064102,0.0687955143101768,0.9102419348691823
25961,LOF,0.04712665269626556,0.04808676105375685,0.9047865862499775
25962,LOF,0.06822450724813842,0.04357992946187805,0.8881955632899835
25963,LOF,0.06363170646933397,0.19092057123156345,0.7454477222991026
25964,LOF,0.04248372802443655,0.15645648620422029,0.8010597857713431
25965,Neutral,0.4724947198139297,0.07690528010564168,0.4506000000804286
25966,LOF,0.3270888695058349,0.26367881775820723,0.4092323127359578
25967,LOF,0.015778761301953558,0.10017158186108335,0.8840496568369631
25968,LOF,0.04741614158133222,0.40779818553828934,0.5447856728803784
25969,LOF,0.027347617825272282,0.057134463631454475,0.9155179185432734
25970,LOF,0.07078145512367985,0.05779505263597831,0.8714234922403418
25971,LOF,0.08656383851860316,0.03387206600812399,0.879564095473273
25972,LOF,0.08682229460738161,0.0377633836389642,0.8754143217536543
25973,LOF,0.09295162785793235,0.008799988006235241,0.8982483841358325
25974,LOF,0.2984084293286968,0.017568193572117023,0.6840233770991861
25975,LOF,0.05703560532445712,0.030353431197943252,0.9126109634775996
25976,LOF,0.03737004838543828,0.019699440935370065,0.9429305106791915
25977,LOF,0.13768601407794556,0.1310520538681638,0.7312619320538908
25978,LOF,0.12389460862100474,0.13148776769825482,0.7446176236807406
25979,LOF,0.12260401858650745,0.1142266643698424,0.7631693170436502
25980,LOF,0.14265437571281334,0.21130478695254723,0.6460408373346395
25981,LOF,0.17640506579775353,0.20446878424551523,0.6191261499567312
25982,LOF,0.35436303825371374,0.12079763784634368,0.5248393238999426
25983,LOF,0.3574649756190987,0.11478886130996788,0.5277461630709335
25984,LOF,0.05606706773744133,0.11199634981870739,0.8319365824438514
25985,LOF,0.019942395510145927,0.33358418043104315,0.6464734240588109
25986,LOF,0.02738613076146742,0.33281692462139867,0.6397969446171339
25987,LOF,0.0862933952097991,0.1292878459628374,0.7844187588273634
25988,LOF,0.12155286286603419,0.09263013597627631,0.7858170011576895
25989,LOF,0.026813380545193857,0.17449681368465014,0.798689805770156
25990,LOF,0.03672757572568193,0.1619045798214759,0.8013678444528421
25991,LOF,0.14855705251264903,0.393510631498459,0.457932315988892
25992,LOF,0.3181122598801666,0.2872843444775513,0.39460339564228214
25993,LOF,0.02499270867619879,0.0913164227178291,0.8836908686059721
25994,LOF,0.017115276482741103,0.11627311943773358,0.8666116040795254
25995,LOF,0.029620223283640234,0.13596861034629215,0.8344111663700675
25996,GOF,0.20510094956427463,0.5244600277274831,0.27043902270824216
25997,GOF,0.06845603276314051,0.5111913448158235,0.42035262242103605
25998,Neutral,0.6589947464009256,0.023878856027824146,0.3171263975712503
25999,LOF,0.1510145671379713,0.10374434614439887,0.7452410867176298
26000,LOF,0.1060420735375838,0.027223104213130962,0.8667348222492852
26001,LOF,0.19392645353311194,0.03324098776556692,0.7728325587013212
26002,LOF,0.13123821095328847,0.03166331806262912,0.8370984709840825
26003,GOF,0.010391368297216572,0.6614984618095723,0.3281101698932111
26004,GOF,0.026286508393841286,0.6835825559831314,0.2901309356230272
26005,GOF,0.011616869861609778,0.544992463066258,0.4433906670721321
26006,Neutral,0.5080259240815582,0.2743892112991923,0.21758486461924934
26007,GOF,0.01932315137645493,0.5986901020410271,0.3819867465825179
26008,GOF,0.021913664009325536,0.5719771600619419,0.4061091759287326
26009,GOF,0.03401045450114648,0.6353468553367962,0.33064269016205733
26010,GOF,0.02113692369400635,0.7218554875584443,0.25700758874754925
26011,GOF,0.01076364516159022,0.5376558513577512,0.4515805034806586
26012,GOF,0.01863407235762358,0.594028682107547,0.38733724553482934
26013,GOF,0.015847846282559905,0.6986272746669366,0.28552487905050344
26014,LOF,0.040318070295262395,0.17888585221415784,0.7807960774905797
26015,LOF,0.19295900184709244,0.012284966940781551,0.794756031212126
26016,LOF,0.29872162508566347,0.05408106795830216,0.6471973069560344
26017,LOF,0.18873674447370203,0.1170542453436548,0.694209010182643
26018,LOF,0.08719943574162976,0.04446521758068981,0.8683353466776803
26019,LOF,0.08786489324073127,0.0300622026861274,0.8820729040731414
26020,LOF,0.06257019969335285,0.12769963646440105,0.809730163842246
26021,LOF,0.06329663696542714,0.17587151778616994,0.760831845248403
26022,LOF,0.010469587829181915,0.07421270244738044,0.9153177097234376
26023,LOF,0.11973915703864557,0.02560496981135596,0.8546558731499985
26024,LOF,0.031130079818469533,0.1295750120031381,0.8392949081783925
26025,LOF,0.14163748017369165,0.10302866987952979,0.7553338499467787
26026,LOF,0.35586122200022474,0.01606403440422797,0.6280747435955473
26027,LOF,0.08299860183184644,0.0184680937805626,0.898533304387591
26028,LOF,0.17690482516268996,0.09352549839173915,0.7295696764455709
26029,LOF,0.11543861053133776,0.13612244445060104,0.7484389450180612
26030,LOF,0.030826129527736876,0.0586326112765528,0.9105412591957103
26031,LOF,0.041701897400029345,0.12381786367660205,0.8344802389233686
26032,LOF,0.08280269745418622,0.04998403610733034,0.8672132664384833
26033,LOF,0.1371405383105063,0.05377417721461198,0.8090852844748818
26034,LOF,0.07148757932831556,0.1135704251811469,0.8149419954905376
26035,LOF,0.04214401042736708,0.09577323280128709,0.8620827567713457
26036,LOF,0.06097346153369412,0.11326785964603912,0.8257586788202668
26037,LOF,0.03533943814762565,0.0942967779938802,0.8703637838584941
26038,LOF,0.07801283962068817,0.044625957594318436,0.8773612027849933
26039,LOF,0.09559990587184018,0.10125684221283915,0.8031432519153207
26040,LOF,0.24278081512092842,0.07867694488312414,0.6785422399959475
26041,LOF,0.03583835368539835,0.08406693856863792,0.8800947077459638
26042,LOF,0.035419700363584564,0.09066385630335792,0.8739164433330575
26043,LOF,0.0756221692104576,0.061149287634663214,0.8632285431548792
26044,LOF,0.03236811618593886,0.06363310124686081,0.9039987825672003
26045,LOF,0.11708856924096295,0.07530979513722086,0.8076016356218162
26046,LOF,0.08010982616476248,0.06507425587843023,0.8548159179568072
26047,LOF,0.10970639585501044,0.07179298438912908,0.8185006197558604
26048,LOF,0.06022289439408408,0.05642098380398268,0.8833561218019332
26049,Neutral,0.9432077516204264,0.01058274108393333,0.04620950729564025
26050,Neutral,0.9276509792517301,0.01150274158893078,0.06084627915933895
26051,LOF,0.05787911563346487,0.4384782562493506,0.5036426281171845
26052,LOF,0.057609102344032596,0.46988262309621137,0.4725082745597562
26053,LOF,0.059780679623527275,0.2744073979151606,0.665811922461312
26054,LOF,0.05726732745116946,0.06040851450319243,0.882324158045638
26055,LOF,0.07522747590610795,0.04721869909966552,0.8775538249942264
26056,LOF,0.06484494841005854,0.061473216785534676,0.8736818348044066
26057,LOF,0.03092123191816914,0.023618209184683322,0.9454605588971475
26058,LOF,0.03148921019972898,0.02143403524618775,0.9470767545540834
26059,LOF,0.3397504682108651,0.06337599915197081,0.5968735326371641
26060,LOF,0.03073666427522124,0.3310176689249344,0.6382456667998443
26061,LOF,0.018297756624942,0.03204880371548152,0.9496534396595765
26062,LOF,0.01370317166770867,0.04377342761014193,0.9425234007221494
26063,LOF,0.022606272870905907,0.021198480286114475,0.9561952468429795
26064,LOF,0.023386737157594126,0.029194632533890832,0.947418630308515
26065,LOF,0.027292456852366406,0.024433752427117036,0.9482737907205165
26066,LOF,0.02077571314204941,0.0247875292415751,0.9544367576163756
26067,LOF,0.024983179645700345,0.019961909249887475,0.9550549111044122
26068,LOF,0.05578943214077692,0.05496256603434003,0.8892480018248831
26069,LOF,0.41353596961272593,0.03762425485608412,0.5488397755311899
26070,Neutral,0.6461979012951814,0.019191879836481268,0.33461021886833725
26071,LOF,0.02374358686501299,0.027431942728778077,0.948824470406209
26072,LOF,0.027806146783194836,0.044401551852999474,0.9277923013638057
26073,LOF,0.02585900896098022,0.021559498129614996,0.9525814929094049
26074,Neutral,0.8695400986163806,0.008676391218204668,0.12178351016541464
26075,LOF,0.045025315048373316,0.03337026606838371,0.921604418883243
26076,LOF,0.04357313836691159,0.018331026482082333,0.9380958351510061
26077,LOF,0.010181033166241027,0.04441800671119914,0.9454009601225597
26078,LOF,0.014051192642822308,0.029010805666708852,0.9569380016904688
26079,LOF,0.058502758533390625,0.03135488251863601,0.9101423589479734
26080,LOF,0.058502758533390625,0.03135488251863601,0.9101423589479734
26081,LOF,0.03560492513313325,0.014697843593593534,0.9496972312732731
26082,LOF,0.021952698249490164,0.036023327151153244,0.9420239745993566
26083,LOF,0.13927402159746394,0.024156929569294546,0.8365690488332415
26084,LOF,0.028188953442434137,0.030705056920300948,0.9411059896372649
26085,LOF,0.02436842689286677,0.02810188126935803,0.9475296918377754
26086,LOF,0.02350268271673001,0.02666646139611404,0.9498308558871559
26087,LOF,0.024945760630114847,0.019590514172671183,0.955463725197214
26088,LOF,0.026084464416850715,0.04110964462372637,0.9328058909594228
26089,LOF,0.04917661009727378,0.045446887190296326,0.9053765027124299
26090,LOF,0.04669779137141838,0.036417477459628395,0.9168847311689532
26091,LOF,0.03874250732387562,0.014044430719472789,0.9472130619566516
26092,LOF,0.028658945084564614,0.018332594542059256,0.953008460373376
26093,LOF,0.03927205316527607,0.01379618269884371,0.9469317641358803
26094,LOF,0.04671971544610866,0.012057587011478181,0.9412226975424132
26095,LOF,0.04185700977874772,0.033269408145490266,0.9248735820757621
26096,LOF,0.018777578016879577,0.026989657131308926,0.9542327648518116
26097,LOF,0.011074473743229722,0.08875514838800841,0.900170377868762
26098,LOF,0.062065480039019565,0.03237170884427461,0.9055628111167059
26099,LOF,0.02536007166373404,0.0337611439553403,0.9408787843809258
26100,LOF,0.02625011884998787,0.031798227601704324,0.9419516535483077
26101,LOF,0.06135422896503373,0.026821258296548814,0.9118245127384175
26102,LOF,0.02653515626417657,0.025852316620777985,0.9476125271150455
26103,Neutral,0.8845150003963297,0.04074855564171052,0.07473644396195987
26104,LOF,0.05635578602375408,0.07089992786373832,0.8727442861125077
26105,LOF,0.24023002263433574,0.26331815500102596,0.4964518223646382
26106,LOF,0.15514894962647058,0.15478985421843616,0.6900611961550932
26107,LOF,0.2229187148655976,0.13859407023938142,0.638487214895021
26108,LOF,0.20308951689098562,0.19237099905650998,0.6045394840525045
26109,LOF,0.06145598283568234,0.17213762060060875,0.7664063965637089
26110,LOF,0.2787114878990866,0.014288627958461118,0.7069998841424522
26111,Neutral,0.4986422973394828,0.027468274164498208,0.4738894284960189
26112,LOF,0.03614329954510521,0.015287039266235218,0.9485696611886596
26113,LOF,0.0537412600837037,0.028236591090303183,0.9180221488259931
26114,LOF,0.02070880907179421,0.02780403731389968,0.951487153614306
26115,LOF,0.10207112415264699,0.03807896495120898,0.8598499108961442
26116,LOF,0.054970214675150016,0.06145336689660534,0.8835764184282446
26117,LOF,0.31669603157694837,0.08660143879561831,0.5967025296274334
26118,LOF,0.039928962025496686,0.04428504576106035,0.9157859922134429
26119,LOF,0.021877459952012655,0.06704657630248796,0.9110759637454995
26120,LOF,0.027725348443623545,0.03387956134132662,0.9383950902150497
26121,LOF,0.056273934558794536,0.10544687620906126,0.8382791892321442
26122,LOF,0.06316453705177885,0.05815810763259551,0.8786773553156256
