feature0,prediction,LoGoFunc_Neutral,LoGoFunc_GOF,LoGoFunc_LOF
25546,Neutral,0.6116769516821218,0.05360714047874669,0.3347159078391315
25547,Neutral,0.48050673190300824,0.09237016807441645,0.42712310002257525
25548,Neutral,0.478399046585644,0.07740123215275821,0.44419972126159785
25549,LOF,0.4072968606867701,0.08066427837701931,0.5120388609362106
25550,LOF,0.3363831352317325,0.11640241728719711,0.5472144474810703
25551,LOF,0.29597129751719203,0.12371064700479481,0.5803180554780132
25552,LOF,0.25573808327898623,0.12497557488336697,0.6192863418376469
25553,Neutral,0.7942369986419432,0.04567554503356481,0.160087456324492
25554,LOF,0.2992382920544472,0.11329874197199437,0.5874629659735585
25555,LOF,0.24362656432366853,0.11134651883926956,0.6450269168370619
25556,LOF,0.4519901167094713,0.09360096191543502,0.4544089213750938
25557,LOF,0.2323870493266373,0.11439770173006515,0.6532152489432975
25558,LOF,0.30254745163559316,0.10866286441829644,0.5887896839461103
25559,LOF,0.17282906147786598,0.10964666758910367,0.7175242709330304
25560,LOF,0.18327424768323827,0.09849288378674853,0.7182328685300132
25561,LOF,0.1657134515241494,0.1124527291125509,0.7218338193632998
25562,LOF,0.08234297967305071,0.07203735471624789,0.8456196656107013
25563,LOF,0.023157788470880455,0.13672816578320096,0.8401140457459186
25564,LOF,0.2570469612204495,0.11610424903890901,0.6268487897406415
25565,LOF,0.20053739149656205,0.15570547012468086,0.6437571383787571
25566,GOF,0.08955393645361803,0.7296276422219302,0.18081842132445183
25567,LOF,0.04027251820068022,0.14602109681685482,0.8137063849824651
25568,LOF,0.06959248100534715,0.06983148279882229,0.8605760361958305
25569,LOF,0.06465022528026394,0.07398680528653635,0.8613629694331997
25570,LOF,0.027254671039759676,0.10276741837522907,0.8699779105850113
25571,LOF,0.026498315477361634,0.10641359359642931,0.8670880909262091
25572,LOF,0.06601740367090127,0.12267932807425824,0.8113032682548404
25573,LOF,0.06735905049824677,0.08658069859953953,0.8460602509022137
25574,LOF,0.0606094654572941,0.19959291297150916,0.7397976215711968
25575,LOF,0.023013636352498406,0.1226122033966749,0.8543741602508266
25576,LOF,0.03440246198686789,0.15689466205814065,0.8087028759549914
25577,LOF,0.03129968828020817,0.12625048594396798,0.8424498257758237
25578,LOF,0.2997154368656255,0.08169343723358811,0.6185911259007865
25579,LOF,0.14231141273512068,0.08748459948063161,0.7702039877842477
25580,LOF,0.020454370667316826,0.08322445963301561,0.8963211696996675
25581,LOF,0.06364593625604831,0.06551625958652359,0.870837804157428
25582,LOF,0.0635372641797478,0.06490070381673664,0.8715620320035157
25583,LOF,0.02130294948932884,0.08474489469702225,0.8939521558136488
25584,Neutral,0.6835817676901249,0.10491355235941227,0.21150467995046288
25585,LOF,0.028478048573366783,0.14022427732069204,0.8312976741059412
25586,LOF,0.01859310637493888,0.07039662132821259,0.9110102722968485
25587,LOF,0.018192941527289657,0.0659805764714196,0.9158264820012908
25588,LOF,0.020346608806142644,0.07479102712933193,0.9048623640645254
25589,Neutral,0.5309757034342016,0.20943336066036694,0.2595909359054314
25590,LOF,0.05214034113538412,0.12106282343757002,0.8267968354270457
25591,LOF,0.11602894740536689,0.056465116562262004,0.827505936032371
25592,LOF,0.0589717087149447,0.13320440914509635,0.807823882139959
25593,LOF,0.13258534294555865,0.26201956722883396,0.6053950898256074
25594,LOF,0.05271616068600951,0.11191960536250506,0.8353642339514855
25595,LOF,0.048715585596544424,0.07703700637501971,0.8742474080284358
25596,LOF,0.10765010242878148,0.04666340877898441,0.8456864887922342
25597,LOF,0.0842123408617143,0.057843268725008556,0.8579443904132771
25598,LOF,0.05143491304684033,0.0815649132880535,0.8670001736651062
25599,LOF,0.02221714497419813,0.4875491620082619,0.49023369301753994
25600,GOF,0.1757479659034416,0.49434739943692313,0.3299046346596352
25601,LOF,0.03946777504849304,0.40020464743659395,0.5603275775149131
25602,LOF,0.03215192032123311,0.07434408971137538,0.8935039899673914
25603,LOF,0.028013520677385356,0.036034263511997275,0.9359522158106174
25604,LOF,0.03268900417379639,0.07759532115573853,0.8897156746704651
25605,LOF,0.0369636440995877,0.18192058322504953,0.7811157726753627
25606,LOF,0.4150459625678305,0.10641612376372814,0.4785379136684414
25607,LOF,0.023895044148154593,0.1870906073045201,0.7890143485473252
25608,LOF,0.032541622651484775,0.07188357794817142,0.8955747994003439
25609,GOF,0.17913402671328807,0.4561930989825078,0.36467287430420414
25610,LOF,0.014956174888998577,0.030246982129493245,0.9547968429815082
25611,LOF,0.01276403847995983,0.032969308313334555,0.9542666532067056
25612,LOF,0.04663193526952,0.04628689333701183,0.9070811713934681
25613,LOF,0.045998637853447134,0.046951354720135584,0.9070500074264173
25614,LOF,0.021562632217687942,0.02823746017042201,0.9501999076118901
25615,LOF,0.042975766790103336,0.046303886283040045,0.9107203469268565
25616,LOF,0.04582375631694039,0.03199310742819031,0.9221831362548694
25617,LOF,0.03908901311058116,0.04024855504970594,0.920662431839713
25618,LOF,0.049369933368687155,0.03739993157247124,0.9132301350588415
25619,LOF,0.012695751704855282,0.03618605810089875,0.9511181901942459
25620,LOF,0.059460626130117676,0.045124092556598695,0.8954152813132837
25621,LOF,0.05565055740787934,0.035273276096642235,0.9090761664954784
25622,LOF,0.06572913514226474,0.03423808827725376,0.9000327765804814
25623,LOF,0.06954274442677871,0.02903745063822306,0.9014198049349983
25624,LOF,0.01864046772148761,0.03666195315888261,0.9446975791196297
25625,LOF,0.06520804922936121,0.038506708784436926,0.8962852419862019
25626,LOF,0.047916188353501296,0.04391385174045488,0.9081699599060439
25627,Neutral,0.8901974437360429,0.019315100171013597,0.0904874560929434
25628,LOF,0.12411813530214215,0.06244738583757985,0.813434478860278
25629,LOF,0.06478293213583526,0.0465227410878769,0.8886943267762879
25630,LOF,0.27492275185565096,0.07302011810103502,0.6520571300433141
25631,Neutral,0.5423455336652051,0.05798242357655851,0.3996720427582364
25632,LOF,0.029888281493978805,0.05991958301472391,0.9101921354912972
25633,LOF,0.18695429799186866,0.03183029729627901,0.7812154047118524
25634,LOF,0.034618800600600644,0.07621248239385268,0.8891687170055467
25635,LOF,0.035270945842709574,0.03913160354730699,0.9255974506099834
25636,LOF,0.0327312951011603,0.40884065737824243,0.5584280475205973
25637,LOF,0.0709479901146525,0.44416762119186454,0.48488438869348305
25638,LOF,0.029581803233439244,0.31045578751319486,0.6599624092533659
25639,LOF,0.029138810076923406,0.3335458471775127,0.637315342745564
25640,Neutral,0.8202012167544885,0.13484517081351477,0.04495361243199673
25641,LOF,0.06762316758010554,0.42283907552150923,0.5095377568983852
25642,LOF,0.04380916163229273,0.143905077692347,0.8122857606753603
25643,LOF,0.2559703095237804,0.16222592932733684,0.5818037611488828
25644,LOF,0.020801526419263146,0.4562595251299046,0.5229389484508322
25645,LOF,0.025960073612412454,0.3971028746405231,0.5769370517470644
25646,LOF,0.060610224732493084,0.3016971386783683,0.6376926365891386
25647,LOF,0.025050113098768596,0.25188719470366144,0.7230626921975699
25648,LOF,0.0360133207300439,0.2287457756427846,0.7352409036271715
25649,LOF,0.018192476342903958,0.2183992976308977,0.7634082260261983
25650,LOF,0.05404886793202041,0.400927803675044,0.5450233283929355
25651,LOF,0.01919726219200199,0.26470592967525575,0.7160968081327422
25652,LOF,0.0378412112220221,0.24797695538858883,0.7141818333893891
25653,LOF,0.08839624875545268,0.4042300525775125,0.5073736986670349
25654,LOF,0.02941661025163213,0.20527767945440736,0.7653057102939604
25655,LOF,0.22736700607101182,0.37590947709057676,0.3967235168384114
25656,LOF,0.25861441513693323,0.052181120652293383,0.6892044642107733
25657,LOF,0.06583208921090826,0.056903832407036524,0.8772640783820551
25658,LOF,0.3584189137550532,0.06176176822149846,0.5798193180234483
25659,Neutral,0.5357577995681436,0.09026915522528024,0.37397304520657604
25660,LOF,0.021577367356968993,0.08861430381194232,0.8898083288310887
25661,LOF,0.08907914016571261,0.06317079611186108,0.8477500637224262
25662,LOF,0.030839865351938667,0.03438763861405485,0.9347724960340065
25663,LOF,0.040952147169124965,0.04826136732686891,0.9107864855040061
25664,LOF,0.139909676131634,0.06653362164788301,0.793556702220483
25665,LOF,0.0541913088269444,0.03232286273160241,0.9134858284414532
25666,LOF,0.08383640739671423,0.07582192742212443,0.8403416651811613
25667,LOF,0.06533218682084417,0.03965432708730464,0.8950134860918513
25668,LOF,0.03383988221983744,0.052417408251290196,0.9137427095288724
25669,LOF,0.0298536817743905,0.052151931199113745,0.9179943870264958
25670,LOF,0.1409487389807023,0.06378202878843395,0.7952692322308639
25671,LOF,0.09706418249770005,0.03514656153280881,0.8677892559694911
25672,LOF,0.05304895333660963,0.043450657389994984,0.9035003892733954
25673,LOF,0.07388507928512959,0.04772631407035971,0.8783886066445107
25674,LOF,0.06444022112001786,0.05520092901894436,0.8803588498610377
25675,LOF,0.1175475579702874,0.0562623434995864,0.8261900985301261
25676,LOF,0.017174278405036606,0.05399551297662521,0.9288302086183381
25677,LOF,0.022909247420405208,0.07380845668698166,0.9032822958926132
25678,LOF,0.18186961340684982,0.06047369393070313,0.7576566926624471
25679,LOF,0.12330071388685758,0.07932509705446862,0.7973741890586736
25680,LOF,0.030386114399534318,0.1099270497332761,0.8596868358671896
25681,LOF,0.046075477609941635,0.10650181078655709,0.8474227116035012
25682,LOF,0.12985019991411478,0.07694553452981039,0.7932042655560749
25683,LOF,0.11340045597404871,0.08937664168785481,0.7972229023380966
25684,LOF,0.04082133331225602,0.0726857459227282,0.8864929207650158
25685,LOF,0.12397695876377769,0.05198690231944782,0.8240361389167745
25686,LOF,0.0707375014374579,0.0827154457396766,0.8465470528228656
25687,LOF,0.10385268662307515,0.09008772663967049,0.8060595867372544
25688,LOF,0.28888695096401773,0.03565999327189552,0.6754530557640867
25689,LOF,0.23382154164431215,0.036787205439901716,0.7293912529157861
25690,LOF,0.33918811667866694,0.03030400719320457,0.6305078761281284
25691,Neutral,0.689368840818946,0.023044314283298093,0.2875868448977559
25692,LOF,0.2841771692113766,0.011573877716228528,0.7042489530723949
25693,LOF,0.04381055228587835,0.4609989702522484,0.4951904774618733
25694,LOF,0.11526076274843702,0.018053644634483435,0.8666855926170797
25695,LOF,0.11044155319834943,0.017442797857416956,0.8721156489442335
25696,LOF,0.09456218090987695,0.009321681090620041,0.896116137999503
25697,LOF,0.11862878965070864,0.03362350287543283,0.8477477074738584
25698,LOF,0.3492780556952148,0.21436551657863737,0.4363564277261478
25699,LOF,0.41209091003380954,0.040928667632420625,0.5469804223337698
25700,LOF,0.06318447343141297,0.007724886200062879,0.9290906403685242
25701,LOF,0.14229649727448046,0.04971294329737725,0.8079905594281422
25702,GOF,0.1749470824529354,0.573688345520015,0.2513645720270497
25703,LOF,0.016309485923053563,0.16811469783446537,0.8155758162424811
25704,LOF,0.0484051603253841,0.11250699604674658,0.8390878436278694
25705,LOF,0.06094626677775327,0.18826715329622215,0.7507865799260246
25706,LOF,0.09465137050057394,0.3833808153037959,0.5219678141956302
25707,LOF,0.08967903879751908,0.3068118653418213,0.6035090958606596
25708,LOF,0.031150135756418767,0.26616527111768173,0.7026845931258994
25709,LOF,0.0613245799397911,0.04064113463565492,0.898034285424554
25710,LOF,0.012510020129659427,0.12851593872019668,0.8589740411501438
25711,LOF,0.01751396153219441,0.09131775213394262,0.8911682863338629
25712,LOF,0.013898763162003272,0.17516185519929975,0.8109393816386969
25713,LOF,0.01861522229830217,0.08025522106208322,0.9011295566396146
25714,LOF,0.06971338636102486,0.07650104309181409,0.853785570547161
25715,LOF,0.010541463529731811,0.12869438260292584,0.8607641538673424
25716,LOF,0.013194401872973533,0.11397985741252824,0.8728257407144983
25717,LOF,0.013087656515349606,0.07325684046469338,0.913655503019957
25718,LOF,0.011548087786712166,0.08602284468218623,0.9024290675311016
25719,LOF,0.017295674713188505,0.07656916821771678,0.9061351570690948
25720,LOF,0.021692237880490236,0.06642402028075002,0.9118837418387596
25721,LOF,0.014500227390159106,0.10315621724245434,0.8823435553673866
25722,LOF,0.013335915105686923,0.11133362446422218,0.8753304604300909
25723,LOF,0.021690299715105135,0.0431192599108042,0.9351904403740907
25724,LOF,0.021026865370882185,0.07748392886390175,0.901489205765216
25725,LOF,0.010979832548700656,0.06544948327847601,0.9235706841728233
25726,LOF,0.014538746106870611,0.09045569990143909,0.8950055539916902
25727,LOF,0.011933394047807164,0.06979584742697974,0.9182707585252131
25728,LOF,0.009246940457478418,0.10184717998838988,0.8889058795541316
25729,LOF,0.009543746330440955,0.10009496761104714,0.8903612860585118
25730,LOF,0.013328550169803182,0.08131283526392155,0.9053586145662753
25731,LOF,0.01939376835927876,0.1087559235168086,0.8718503081239127
25732,LOF,0.014716912965621626,0.07608081452999464,0.9092022725043837
25733,LOF,0.015000591734335208,0.06872832910591206,0.9162710791597528
25734,LOF,0.01184956074296543,0.10855767299462855,0.879592766262406
25735,LOF,0.013115878177384818,0.08139239859133456,0.9054917232312807
25736,LOF,0.013913577119664232,0.10639008603141124,0.8796963368489245
25737,LOF,0.020608852699262,0.08319005375602632,0.8962010935447118
25738,LOF,0.012160764241747947,0.09447967619922791,0.893359559559024
25739,LOF,0.020004119954393416,0.07258447511384641,0.9074114049317601
25740,LOF,0.0268004644852889,0.10068040469686826,0.8725191308178428
25741,LOF,0.014968480597879861,0.1038767451866981,0.8811547742154221
25742,LOF,0.11828106885153579,0.07553550766687314,0.806183423481591
25743,LOF,0.03025466249819068,0.03552635055144552,0.9342189869503638
25744,Neutral,0.6002623956655165,0.19116810349859378,0.20856950083588957
25745,LOF,0.07728205585289137,0.07650816639973568,0.8462097777473729
25746,LOF,0.03625429229650337,0.09517209417963432,0.8685736135238624
25747,LOF,0.020441521858043925,0.04588924873785405,0.9336692294041021
25748,LOF,0.09137823595650485,0.07111525472767018,0.8375065093158249
25749,LOF,0.023886121593753286,0.07778729184696186,0.8983265865592849
25750,LOF,0.07807842922215079,0.08042105772688132,0.8415005130509678
25751,LOF,0.08113374436433073,0.07572912209413678,0.8431371335415325
25752,GOF,0.11821202732561431,0.6541148016591839,0.2276731710152019
25753,LOF,0.02006358463041447,0.278398953483739,0.7015374618858465
25754,GOF,0.010465885133216979,0.804747632935616,0.18478648193116695
25755,LOF,0.021685104167424155,0.3918324588783063,0.5864824369542695
25756,LOF,0.03942637675569151,0.3773076394194673,0.5832659838248412
25757,GOF,0.012674975040973866,0.8406240383314058,0.14670098662762038
25758,GOF,0.0272183049748823,0.8276422243442434,0.14513947068087438
25759,GOF,0.010775720486630053,0.5784943091180968,0.4107299703952731
25760,LOF,0.011893601579809666,0.2431263914875406,0.7449800069326498
25761,GOF,0.2675280323854459,0.6321401200972797,0.10033184751727435
25762,LOF,0.035800488228407604,0.26246321954013985,0.7017362922314526
25763,LOF,0.011956244631673493,0.20716262888337927,0.7808811264849472
25764,GOF,0.06291473737270332,0.6369161891318531,0.3001690734954437
25765,GOF,0.04049629283929783,0.7572976923046246,0.20220601485607761
25766,GOF,0.057507792143246965,0.7220091444141135,0.22048306344263952
25767,GOF,0.15675319230576693,0.5087959339132225,0.3344508737810105
25768,LOF,0.10305633937203484,0.05926504417633034,0.8376786164516348
25769,LOF,0.07294400153585065,0.06207081775815485,0.8649851807059946
25770,LOF,0.32777351488275375,0.07821361686450239,0.5940128682527439
25771,LOF,0.04134640251286136,0.04096516782622531,0.9176884296609134
25772,LOF,0.01708396159701664,0.03158170309396721,0.9513343353090161
25773,LOF,0.049430461208889144,0.08493526434112271,0.8656342744499881
25774,LOF,0.030366438022226234,0.069491531574211,0.9001420304035627
25775,LOF,0.0462694252212026,0.04016039487413999,0.9135701799046574
25776,LOF,0.06634880493005116,0.022776413590164846,0.9108747814797841
25777,LOF,0.34089817431656533,0.04757012807507668,0.611531697608358
25778,LOF,0.06612179784606755,0.045668652836371386,0.888209549317561
25779,GOF,0.38081343588587785,0.5756823402764603,0.04350422383766178
25780,GOF,0.31224716183213674,0.6187774689100373,0.06897536925782592
25781,GOF,0.13643999870039988,0.7527363771650406,0.11082362413455943
25782,GOF,0.21623355412981654,0.7129255147007574,0.07084093116942598
25783,GOF,0.02613438307879506,0.6272804454848981,0.34658517143630685
25784,Neutral,0.524461833139934,0.43984147687440833,0.035696689985657636
25785,GOF,0.4663530842405453,0.49601205644463825,0.03763485931481639
25786,GOF,0.02624325814158004,0.7429332479057437,0.23082349395267623
25787,Neutral,0.6560380371566226,0.31896802749855363,0.024993935344823835
25788,LOF,0.04640474258710381,0.09896253924513923,0.8546327181677571
25789,GOF,0.20357462989400363,0.6463358791931467,0.15008949091284954
25790,GOF,0.2302114632316997,0.6562559554193006,0.11353258134899985
25791,GOF,0.16637361857612262,0.6700621440321486,0.16356423739172885
25792,GOF,0.3494800395129105,0.5220066413889701,0.1285133190981193
25793,GOF,0.26255890157501216,0.5299385900074487,0.20750250841753926
25794,GOF,0.3041940832242392,0.5166806702531893,0.17912524652257156
25795,GOF,0.08803237377329329,0.6780864063200472,0.23388121990665936
25796,Neutral,0.5575713896352357,0.36040517671877415,0.08202343364599037
25797,GOF,0.09407886184537699,0.5136191653153567,0.39230197283926627
25798,LOF,0.010001645621116237,0.4676216849424555,0.5223766694364282
25799,LOF,0.008170640429767272,0.3649476930936441,0.6268816664765886
25800,GOF,0.03478126272525924,0.5752493732364533,0.3899693640382875
25801,GOF,0.21036943933671676,0.6476047640544876,0.1420257966087955
25802,GOF,0.07603714545391944,0.6725460405137746,0.25141681403230587
25803,GOF,0.03489306252415703,0.5720927904278217,0.3930141470480213
25804,LOF,0.029199937951355132,0.4661207738861437,0.5046792881625013
25805,GOF,0.10102434401960726,0.5728010313812006,0.32617462459919205
25806,GOF,0.09521217372309349,0.5666489605612686,0.3381388657156379
25807,GOF,0.019551524823180712,0.5987091301347696,0.3817393450420497
25808,GOF,0.08220147058736722,0.6340607980788919,0.28373773133374075
25809,GOF,0.017889977694869223,0.5685970354217504,0.41351298688338045
25810,GOF,0.016514397745916162,0.6026326537660661,0.38085294848801765
25811,Neutral,0.4613909384792376,0.4545437988047034,0.08406526271605896
25812,GOF,0.03271139544629458,0.6273164356444654,0.33997216890924004
25813,Neutral,0.5058397205628195,0.3984689748420425,0.09569130459513805
25814,GOF,0.11511249699237776,0.6419060591819432,0.24298144382567904
25815,GOF,0.1865014446721863,0.6108626594806045,0.2026358958472093
25816,GOF,0.021754436067588694,0.6979151086080188,0.28033045532439266
25817,GOF,0.23768821898855313,0.6328305433129605,0.12948123769848632
25818,GOF,0.046749273430046014,0.6447367395641193,0.3085139870058347
25819,GOF,0.3567621467572393,0.4884593342451292,0.15477851899763148
25820,GOF,0.18197208706711898,0.5877456797890999,0.23028223314378102
25821,GOF,0.058405971524507806,0.6406167377723451,0.3009772907031471
25822,GOF,0.20598924311284247,0.5641828122306782,0.2298279446564793
25823,GOF,0.030992453401672466,0.49838621779944825,0.4706213287988793
25824,GOF,0.08092812465125218,0.5858411626415602,0.3332307127071877
25825,GOF,0.03615787099473218,0.5786294428895972,0.3852126861156707
25826,GOF,0.014174148869986601,0.5542064722448304,0.4316193788851829
25827,GOF,0.022514609549164788,0.5502770453477686,0.42720834510306654
25828,LOF,0.013264767313111091,0.48115448017200846,0.5055807525148804
25829,GOF,0.005829704455726572,0.5501164336396622,0.4440538619046112
25830,LOF,0.036601688029485206,0.2814399107832616,0.6819584011872531
25831,GOF,0.23290138301142416,0.6577726215303877,0.10932599545818812
25832,GOF,0.03436409581813321,0.6835710336078432,0.2820648705740236
25833,GOF,0.12333981252379284,0.7150400409568608,0.1616201465193464
25834,GOF,0.033022471665236676,0.7032012072915046,0.2637763210432587
25835,GOF,0.07268835985772795,0.7533729132447363,0.17393872689753573
25836,GOF,0.03487219552549359,0.6710126694259553,0.2941151350485512
25837,GOF,0.024787420596827734,0.5735795809901958,0.4016329984129765
25838,GOF,0.08486788885479404,0.7609420634086265,0.1541900477365794
25839,GOF,0.3049552618732497,0.5593395938698328,0.13570514425691751
25840,GOF,0.24457908546426646,0.6062437239547506,0.1491771905809831
25841,GOF,0.23264827446501488,0.6312816084001996,0.13607011713478553
25842,GOF,0.15957748430626098,0.7122784318777196,0.12814408381601947
25843,GOF,0.2213961803283006,0.6926166412169863,0.08598717845471322
25844,GOF,0.06456729094938171,0.6988082270563287,0.23662448199428962
25845,LOF,0.015935812293396703,0.47261048558696117,0.5114537021196421
25846,GOF,0.12862418471326523,0.7351319323432285,0.13624388294350626
25847,GOF,0.11544317927792715,0.7777197965706645,0.10683702415140847
25848,GOF,0.03647810153627465,0.6769759667526047,0.2865459317111206
25849,GOF,0.011268390418700695,0.5535342590583506,0.43519735052294856
25850,GOF,0.02005315943758751,0.6256508026950519,0.3542960378673606
25851,GOF,0.017271954508959447,0.5029830085842216,0.4797450369068191
25852,GOF,0.15582641100406225,0.529732562839271,0.31444102615666675
25853,GOF,0.3590498283039999,0.5668999134165505,0.07405025827944961
25854,GOF,0.0232755281049229,0.5798392394110321,0.3968852324840451
25855,GOF,0.03766881431750509,0.545265532894551,0.4170656527879439
25856,GOF,0.23844563298563493,0.5431902187915173,0.2183641482228478
25857,GOF,0.03953828387889451,0.4872980076647521,0.4731637084563534
25858,GOF,0.020160520659238297,0.5111637280410476,0.46867575129971417
25859,LOF,0.010813243971785201,0.48668446530377274,0.5025022907244421
25860,GOF,0.3637738479941135,0.5485099174111042,0.08771623459478234
25861,GOF,0.43538485850557784,0.49175244411748587,0.07286269737693639
25862,GOF,0.09159488819524488,0.760743353774308,0.14766175803044718
25863,GOF,0.08158622670609676,0.7651558630908216,0.15325791020308166
25864,GOF,0.20703980779498107,0.7159620064339525,0.07699818577106664
25865,GOF,0.09123422520278973,0.7797550402699933,0.12901073452721698
25866,GOF,0.05532001538041488,0.7606779512393615,0.1840020333802234
25867,GOF,0.085122611174958,0.8017419437500648,0.11313544507497732
25868,GOF,0.26623492162906415,0.6288664555827295,0.10489862278820632
25869,Neutral,0.7277452969704332,0.22710857404785809,0.04514612898170873
25870,GOF,0.2814105914064644,0.3740604014968539,0.3445290070966817
25871,GOF,0.23857129207786643,0.6126693582981504,0.14875934962398316
25872,GOF,0.07226515192580588,0.6254053821560551,0.302329465918139
25873,GOF,0.10973233194560422,0.6632647589378035,0.2270029091165923
25874,LOF,0.014914213334373348,0.10833965240092135,0.8767461342647053
25875,LOF,0.08722842059680959,0.04900513207266962,0.8637664473305209
25876,LOF,0.034315021938633165,0.03593404829290727,0.9297509297684596
25877,Neutral,0.5050427180246775,0.0569099584286682,0.4380473235466542
25878,LOF,0.19839338282431432,0.10607246176236472,0.695534155413321
25879,LOF,0.08761814266627208,0.10354900226269756,0.8088328550710303
25880,LOF,0.04232049833078945,0.015677130695812565,0.942002370973398
25881,LOF,0.18337982573425915,0.12458305814559573,0.6920371161201452
25882,LOF,0.06246401274119486,0.018191610441727287,0.9193443768170779
25883,LOF,0.07148119693139567,0.017892820512463745,0.9106259825561405
25884,LOF,0.03199560273501306,0.02848906253530159,0.9395153347296853
25885,LOF,0.05982171770764951,0.011804000034359458,0.928374282257991
25886,LOF,0.26724512051784427,0.03610154480813653,0.6966533346740192
25887,LOF,0.15579649083349612,0.07074529269359096,0.7734582164729129
25888,LOF,0.0671769430556609,0.06017893893675006,0.872644118007589
25889,LOF,0.0409627931984624,0.020231448875802173,0.9388057579257354
25890,LOF,0.041712087551532905,0.15611198169266663,0.8021759307558005
25891,LOF,0.03653989346104189,0.05604918653812196,0.9074109200008362
25892,LOF,0.09514032299079295,0.021371360026041994,0.8834883169831651
25893,LOF,0.2653385654320351,0.019266389931169497,0.7153950446367955
25894,LOF,0.1820172656377575,0.01111288752147354,0.806869846840769
25895,LOF,0.2046970359460579,0.02120789688190573,0.7740950671720364
25896,LOF,0.05099531229071006,0.01913506802860405,0.9298696196806858
25897,LOF,0.2641400554852395,0.01223640093760273,0.7236235435771577
25898,Neutral,0.688567719034625,0.009816006183133996,0.30161627478224107
25899,LOF,0.22303235449749131,0.018608391920660335,0.7583592535818483
25900,LOF,0.45496294539752735,0.013063772151853037,0.5319732824506195
25901,LOF,0.059263576545590786,0.011815409937610707,0.9289210135167986
25902,LOF,0.16717201138103416,0.014429255227928931,0.8183987333910369
25903,Neutral,0.576061068921168,0.02804671845365541,0.3958922126251766
25904,LOF,0.31558801950789755,0.036563881854983354,0.6478480986371191
25905,LOF,0.02809519303054316,0.32680847344865965,0.6450963335207972
25906,LOF,0.030147578962507554,0.07507252226669218,0.8947798987708002
25907,LOF,0.014477347313823895,0.33018542244066224,0.6553372302455139
25908,LOF,0.009762078492557311,0.26383932934201515,0.7263985921654276
25909,LOF,0.012272597621969887,0.1299478529824235,0.8577795493956066
25910,LOF,0.04604008931168168,0.12039420630066905,0.8335657043876493
25911,LOF,0.20358380481504273,0.019915124169885216,0.7765010710150722
25912,LOF,0.05260297042175859,0.03864130103871399,0.9087557285395275
25913,LOF,0.3421629388854044,0.020323102923545264,0.6375139581910504
25914,LOF,0.01909761821756251,0.06536201310419659,0.9155403686782408
25915,Neutral,0.5530367419498748,0.1705084713626195,0.2764547866875057
25916,LOF,0.07685101059129512,0.22546113004596915,0.6976878593627357
25917,LOF,0.06594329971366848,0.04801704774479805,0.8860396525415334
25918,LOF,0.020717393406642803,0.0417766722294621,0.9375059343638952
25919,LOF,0.018578369280694885,0.04355538121486664,0.9378662495044384
25920,GOF,0.12901110657655165,0.5024328576260081,0.3685560357974404
25921,LOF,0.024846175825721323,0.024482800555727473,0.9506710236185513
25922,LOF,0.03437351100385933,0.018551987811742558,0.9470745011843982
25923,LOF,0.4442850693450557,0.022647372474592656,0.5330675581803518
25924,LOF,0.03752679815795365,0.03293203543854731,0.929541166403499
25925,LOF,0.07392175368449014,0.028311276779774297,0.8977669695357354
25926,LOF,0.05044348886023514,0.024075835229240696,0.9254806759105242
25927,LOF,0.05736076332456192,0.10739180566295224,0.8352474310124859
25928,LOF,0.01697368055575976,0.03751458649307608,0.9455117329511641
25929,Neutral,0.5610136322610567,0.024256309452861603,0.4147300582860817
25930,LOF,0.072600468109354,0.02081483581023734,0.9065846960804086
25931,LOF,0.024500239809327536,0.021053779144557257,0.9544459810461152
25932,LOF,0.027410062651063685,0.018833539647764647,0.9537563977011716
25933,LOF,0.03879261777100306,0.013423286624513383,0.9477840956044835
25934,LOF,0.023977834759163177,0.015265144778897786,0.9607570204619389
25935,LOF,0.06519315451963355,0.034294007812534,0.9005128376678325
25936,LOF,0.04582822614245212,0.01576388269768456,0.9384078911598633
25937,LOF,0.02503947729538515,0.027546017391342784,0.9474145053132721
25938,LOF,0.06476947056021785,0.034404801588748576,0.9008257278510337
25939,LOF,0.03879070422590846,0.013165354734186079,0.9480439410399054
25940,LOF,0.028714318369893552,0.37525016712705694,0.5960355145030495
25941,LOF,0.1707242484710837,0.12598300820139027,0.703292743327526
25942,LOF,0.013841964631052658,0.03211073936269647,0.9540472960062508
25943,LOF,0.3051170034665729,0.06068563248938,0.6341973640440471
25944,Neutral,0.49008868279275564,0.02546716045749386,0.4844441567497504
25945,LOF,0.07033357455693882,0.02161842474898192,0.9080480006940793
25946,LOF,0.029688419654808007,0.11986518375794901,0.850446396587243
25947,LOF,0.09558297555348538,0.19993407213143813,0.7044829523150764
25948,LOF,0.35405276132878494,0.008199264501177111,0.637747974170038
25949,LOF,0.1290563934539132,0.03831942602415621,0.8326241805219305
25950,GOF,0.28079389124896303,0.38438172240984186,0.3348243863411952
25951,LOF,0.2036363761312873,0.2737879085912048,0.5225757152775079
25952,LOF,0.041996793253752246,0.4430311248275596,0.5149720819186882
25953,LOF,0.14464619605363882,0.11405705687561637,0.7412967470707449
25954,Neutral,0.46492743598712055,0.17516315113377603,0.35990941287910355
25955,LOF,0.05235151041045137,0.08713389257375413,0.8605145970157945
25956,LOF,0.16982875831306282,0.1214557835935238,0.7087154580934134
25957,LOF,0.037011043963044436,0.03364788263784967,0.929341073399106
25958,LOF,0.057554323136726024,0.029998109487821455,0.9124475673754524
25959,LOF,0.07097083843129406,0.34812043301518814,0.5809087285535177
25960,LOF,0.016234156120902274,0.05160190141899471,0.932163942460103
25961,LOF,0.042943101679018124,0.030549519011651687,0.9265073793093301
25962,LOF,0.053013207314639335,0.023818891793660462,0.9231679008917002
25963,LOF,0.04581092750248478,0.18466692637157686,0.7695221461259383
25964,LOF,0.03586027742144647,0.15294744144311181,0.8111922811354417
25965,LOF,0.4424982598073774,0.06583849468355883,0.4916632455090637
25966,Neutral,0.538147683672824,0.1916599359786863,0.2701923803484897
25967,LOF,0.01814016098730304,0.124406064900548,0.857453774112149
25968,LOF,0.026148599175356845,0.40738216648097547,0.5664692343436677
25969,LOF,0.027004596175994176,0.07012473516107164,0.9028706686629342
25970,LOF,0.062403655580215094,0.07088199054258404,0.8667143538772009
25971,LOF,0.0632997566775451,0.020206495875961124,0.9164937474464937
25972,LOF,0.06998130925340124,0.026335201491255292,0.9036834892553435
25973,LOF,0.07808277987409316,0.00882297683721661,0.9130942432886902
25974,LOF,0.19816130817828786,0.016789606774466462,0.7850490850472456
25975,LOF,0.04315222590885687,0.025841987950836497,0.9310057861403067
25976,LOF,0.04376388314479507,0.017426007236202266,0.9388101096190028
25977,LOF,0.1469846069509271,0.08323855413488637,0.7697768389141865
25978,LOF,0.1431660626415562,0.06121912877732553,0.7956148085811182
25979,LOF,0.1350559532779697,0.0633410052689712,0.801603041453059
25980,LOF,0.22904284578045261,0.07196675221299395,0.6989904020065534
25981,LOF,0.26594553754582634,0.06933825540860929,0.6647162070455644
25982,LOF,0.41548879465777655,0.05179422963566127,0.5327169757065622
25983,LOF,0.39373336959369004,0.05846269872147917,0.5478039316848309
25984,LOF,0.05129473582955793,0.044670417094547894,0.9040348470758941
25985,LOF,0.03504637716379411,0.2461258416853394,0.7188277811508664
25986,LOF,0.036520105426351805,0.2944715985695106,0.6690082960041375
25987,LOF,0.08376305285779505,0.06161132764944585,0.8546256194927591
25988,LOF,0.15625943607592283,0.056804048712701324,0.7869365152113759
25989,LOF,0.03512133626852672,0.11889837023906577,0.8459802934924074
25990,LOF,0.045698628800316936,0.14642564539583333,0.8078757258038498
25991,LOF,0.12104945600045237,0.2749525797191869,0.6039979642803607
25992,LOF,0.2821492410732961,0.1764841480766199,0.541366610850084
25993,LOF,0.02084991242973517,0.08083683037072166,0.8983132571995432
25994,LOF,0.015866925608462392,0.10120454147315423,0.8829285329183835
25995,LOF,0.02265177948135262,0.21275371092630005,0.7645945095923474
25996,GOF,0.3007926157150746,0.4560648545623878,0.24314252972253764
25997,LOF,0.07671370117038946,0.4065625348104165,0.5167237640191941
25998,Neutral,0.5515456392373476,0.02602534383427922,0.42242901692837315
25999,LOF,0.1074208392933098,0.10887000831708053,0.7837091523896097
26000,LOF,0.1577803545097584,0.04979731135494059,0.7924223341353009
26001,LOF,0.2061487171322816,0.05295810829943652,0.7408931745682819
26002,LOF,0.13295256751610332,0.054341640062622945,0.8127057924212737
26003,GOF,0.00914806350067149,0.5945309341547206,0.39632100234460793
26004,GOF,0.01897035537584565,0.6779997354885091,0.30302990913564526
26005,LOF,0.006248368740697065,0.4623412767786704,0.5314103544806326
26006,Neutral,0.502394537209786,0.2537197888127769,0.24388567397743707
26007,GOF,0.019562582007863583,0.5299669289343224,0.450470489057814
26008,GOF,0.013835834350719705,0.6087289460463514,0.3774352196029288
26009,GOF,0.01927463039483154,0.6795518605765426,0.30117350902862594
26010,GOF,0.02002106527114036,0.6236771628163091,0.3563017719125506
26011,LOF,0.006252325708706423,0.4616142970040755,0.5321333772872181
26012,GOF,0.011419899958059912,0.5533310048202602,0.43524909522167976
26013,GOF,0.018297294715831445,0.6092984425318164,0.37240426275235217
26014,LOF,0.04159910699036003,0.10530141167654729,0.8530994813330927
26015,LOF,0.15038751416175053,0.012877214104225557,0.836735271734024
26016,LOF,0.19778348255793538,0.052129669771227,0.7500868476708376
26017,LOF,0.2289174101228942,0.0831037605452175,0.6879788293318884
26018,LOF,0.08975688276653315,0.03158350262283143,0.8786596146106355
26019,LOF,0.08468725429726108,0.02538475757941864,0.8899279881233203
26020,LOF,0.06910473652467218,0.09613665211113202,0.8347586113641957
26021,LOF,0.04764146851977211,0.09976773715499884,0.8525907943252291
26022,LOF,0.010633410614354482,0.034011820712002164,0.9553547686736432
26023,LOF,0.07078810751586538,0.018794692854897085,0.9104171996292376
26024,LOF,0.030190188154156798,0.10193796601620031,0.8678718458296429
26025,LOF,0.1560247627203728,0.08009992330707338,0.7638753139725539
26026,LOF,0.3199694505039459,0.025554322857328563,0.6544762266387256
26027,LOF,0.06836481921553554,0.014660510549051348,0.9169746702354132
26028,LOF,0.17211330557930835,0.06458721491839979,0.7632994795022919
26029,LOF,0.06763204982453036,0.20548828496857238,0.7268796652068973
26030,LOF,0.021691246238494145,0.05995114122767381,0.9183576125338321
26031,LOF,0.024767910338952485,0.1536208638063278,0.8216112258547197
26032,LOF,0.06807229297611293,0.09721544945658928,0.8347122575672978
26033,LOF,0.08403625963956508,0.09469344600366847,0.8212702943567665
26034,LOF,0.04206267985015639,0.18246681659764058,0.775470503552203
26035,LOF,0.024884452968422552,0.1685550723370146,0.8065604746945629
26036,LOF,0.03784106101786052,0.19314259481426585,0.7690163441678737
26037,LOF,0.020709841664662804,0.1394269521063031,0.8398632062290341
26038,LOF,0.06326439338888687,0.09857920359645934,0.8381564030146539
26039,LOF,0.052907519510435305,0.17519981638032756,0.7718926641092372
26040,LOF,0.19518305756609794,0.15017573309916132,0.6546412093347407
26041,LOF,0.021059133487420598,0.12606078167019458,0.8528800848423849
26042,LOF,0.01980945175075077,0.11875511754071759,0.8614354307085317
26043,LOF,0.06399917402762968,0.1140230034141529,0.8219778225582175
26044,LOF,0.019470327616715178,0.07547544485317885,0.905054227530106
26045,LOF,0.06620085979004955,0.11613696613479559,0.8176621740751548
26046,LOF,0.05866946011758132,0.09320579456335629,0.8481247453190625
26047,LOF,0.0786111307161191,0.10143836592897522,0.8199505033549057
26048,LOF,0.0478961316966241,0.04137888504160272,0.9107249832617732
26049,Neutral,0.9661807981417756,0.007923435138399664,0.02589576671982469
26050,Neutral,0.9495204744928954,0.010427823622477125,0.04005170188462749
26051,LOF,0.04626326223619899,0.3054957774147608,0.6482409603490402
26052,LOF,0.061719984879852446,0.3568111888076264,0.5814688263125213
26053,LOF,0.05728575703670407,0.1288754110619692,0.8138388319013268
26054,LOF,0.056054393239302586,0.015120437798950514,0.9288251689617469
26055,LOF,0.07508947944653296,0.014146772656326016,0.9107637478971411
26056,LOF,0.06447974358571884,0.01590617044644055,0.9196140859678406
26057,LOF,0.031400748642944405,0.011785342200493511,0.9568139091565622
26058,LOF,0.0323279455666867,0.009869758647735878,0.9578022957855773
26059,LOF,0.31588386221309267,0.017795331940581884,0.6663208058463255
26060,LOF,0.03915580824239268,0.19317187657848456,0.7676723151791227
26061,LOF,0.018575072600988573,0.010140638566672794,0.9712842888323386
26062,LOF,0.010775523159539514,0.014932237219252197,0.9742922396212083
26063,LOF,0.021351283165049258,0.010431342904603739,0.9682173739303469
26064,LOF,0.02171323620423666,0.019639677768422906,0.9586470860273405
26065,LOF,0.026173076924578993,0.010308252516825194,0.9635186705585959
26066,LOF,0.022436809298496476,0.010715869983106533,0.9668473207183969
26067,LOF,0.02716985798888504,0.008172904159736078,0.9646572378513788
26068,LOF,0.046802598033877076,0.025350216182689383,0.9278471857834335
26069,LOF,0.2810910182370508,0.016697313967639224,0.7022116677953099
26070,LOF,0.42780121855251624,0.014857144230902045,0.5573416372165817
26071,LOF,0.021101749055468636,0.010980352199589703,0.9679178987449417
26072,LOF,0.020237088800000726,0.014526147266270759,0.9652367639337285
26073,LOF,0.02136790652212395,0.009275134177198172,0.9693569593006779
26074,Neutral,0.9160254476224272,0.0052074187570730615,0.07876713362049975
26075,LOF,0.048161360072601654,0.013388420586300435,0.938450219341098
26076,LOF,0.04172096205140121,0.008878916170423424,0.9494001217781755
26077,LOF,0.010098775779407014,0.014976284288163753,0.9749249399324292
26078,LOF,0.014140329867831378,0.01073091074908678,0.9751287593830817
26079,LOF,0.06767017584960303,0.015058704241034504,0.9172711199093625
26080,LOF,0.06660699828300166,0.015014851866058113,0.9183781498509401
26081,LOF,0.034804135435657,0.006336616971939892,0.958859247592403
26082,LOF,0.014007245500548212,0.013805066078549784,0.972187688420902
26083,LOF,0.19320678010078088,0.012596476150347792,0.7941967437488713
26084,LOF,0.044108725483287994,0.010846828230170007,0.945044446286542
26085,LOF,0.039502721638153965,0.010391270116703334,0.9501060082451426
26086,LOF,0.021443643506073,0.010143158085783859,0.9684131984081432
26087,LOF,0.02481030538732119,0.0075719764924765415,0.9676177181202023
26088,LOF,0.01642463887549136,0.021584432793655385,0.9619909283308532
26089,LOF,0.046276892831886726,0.019435821633807897,0.9342872855343054
26090,LOF,0.04594974505884863,0.015696853688958578,0.9383534012521928
26091,LOF,0.034275412301688374,0.005896816932733479,0.9598277707655781
26092,LOF,0.023027191319739952,0.007592152845064909,0.9693806558351951
26093,LOF,0.03536495293857694,0.005625922920215401,0.9590091241412075
26094,LOF,0.039199953258539755,0.005781507541247327,0.955018539200213
26095,LOF,0.03912704746794143,0.011998657821121741,0.9488742947109369
26096,LOF,0.019486089891994966,0.011169438597692049,0.9693444715103129
26097,LOF,0.012703039181682734,0.029536513873542808,0.9577604469447745
26098,LOF,0.08597274425622595,0.010417271840709723,0.9036099839030644
26099,LOF,0.021968115015204064,0.01144895218524172,0.9665829327995542
26100,LOF,0.02451089550965994,0.011212359459932831,0.9642767450304072
26101,LOF,0.05234393419876922,0.013647287610705524,0.9340087781905252
26102,LOF,0.021580917997593138,0.011562145122599335,0.9668569368798077
26103,Neutral,0.8795073278925749,0.01749516233926562,0.10299750976815937
26104,LOF,0.08796547703192903,0.020605169661463772,0.8914293533066072
26105,LOF,0.20928616474820003,0.28769138873341643,0.5030224465183836
26106,LOF,0.18052870222554243,0.1224117101793152,0.6970595875951424
26107,LOF,0.1998497551118553,0.09377703125005335,0.7063732136380914
26108,LOF,0.2628519433754129,0.10290902558596075,0.6342390310386262
26109,LOF,0.0978089242570049,0.060249183652085515,0.8419418920909096
26110,LOF,0.20985472739125907,0.008293219212648186,0.7818520533960929
26111,Neutral,0.5010868588546076,0.025681728506069715,0.47323141263932267
26112,LOF,0.03292743135295739,0.008733547439897123,0.9583390212071455
26113,LOF,0.06738364437052981,0.020684358894100398,0.9119319967353698
26114,LOF,0.024870487798714827,0.02952532171951688,0.9456041904817682
26115,LOF,0.08326770144629544,0.05760064935416164,0.8591316491995429
26116,LOF,0.06314879593907961,0.06726641471434033,0.8695847893465801
26117,LOF,0.43067629235927934,0.04506539034653918,0.5242583172941814
26118,LOF,0.03292244767712884,0.028339759674985133,0.938737792647886
26119,LOF,0.02332769817959148,0.04138178528987617,0.9352905165305322
26120,LOF,0.02664316607558174,0.021347541422435265,0.952009292501983
26121,LOF,0.041848292937003775,0.08472927448338806,0.8734224325796082
