feature0,prediction,LoGoFunc_Neutral,LoGoFunc_GOF,LoGoFunc_LOF
25546,Neutral,0.609710741013583,0.06424183905018209,0.3260474199362349
25547,Neutral,0.5002075807413155,0.10866304868745177,0.3911293705712326
25548,LOF,0.4315750615425668,0.10903022911125212,0.45939470934618104
25549,LOF,0.39338349106859943,0.10728547201661072,0.49933103691478975
25550,LOF,0.4024831993792123,0.10418504115087199,0.49333175946991586
25551,LOF,0.31303771839487193,0.10522311406697103,0.581739167538157
25552,LOF,0.2821957263517572,0.13595257337223804,0.5818517002760046
25553,Neutral,0.7678908831158948,0.051134441951220716,0.18097467493288452
25554,LOF,0.322519465512752,0.1093277651290046,0.5681527693582433
25555,LOF,0.26421608236123295,0.10993875400787322,0.6258451636308938
25556,Neutral,0.4557432953616618,0.1025033680825392,0.44175333655579907
25557,LOF,0.24481320549719085,0.11263164758296262,0.6425551469198465
25558,LOF,0.3131146490710947,0.11170394995144535,0.57518140097746
25559,LOF,0.30587165866800364,0.05118862255671389,0.6429397187752824
25560,LOF,0.09833100928594302,0.1443864060034348,0.7572825847106222
25561,LOF,0.07123320290193162,0.27661796340726597,0.6521488336908023
25562,LOF,0.0397638552298152,0.10292511159059392,0.8573110331795909
25563,LOF,0.0075079445719017065,0.22058606235129244,0.7719059930768059
25564,LOF,0.0759011297588522,0.05717719604598061,0.8669216741951672
25565,LOF,0.1874158359463838,0.14916166290478838,0.6634225011488278
25566,GOF,0.06817224673553933,0.6977835980372897,0.23404415522717092
25567,LOF,0.043373445455519896,0.11712129803151042,0.8395052565129697
25568,LOF,0.07385143277508506,0.08912878453443904,0.8370197826904758
25569,LOF,0.07500914574504494,0.08882503320780359,0.8361658210471515
25570,LOF,0.032116290995686234,0.11183387160788143,0.8560498373964324
25571,LOF,0.03180911241272708,0.1060229793743796,0.8621679082128934
25572,LOF,0.0628520317350562,0.13254423016969397,0.8046037380952499
25573,LOF,0.08025185251499946,0.11930431740394015,0.8004438300810605
25574,LOF,0.11039321758144076,0.22789892319486346,0.6617078592236959
25575,LOF,0.029378948688755815,0.11375265370048943,0.8568683976107548
25576,LOF,0.026769742476322335,0.15703290183463486,0.8161973556890428
25577,LOF,0.030229968977500674,0.12986031285982305,0.8399097181626762
25578,LOF,0.29908961819201774,0.09365256341547769,0.6072578183925045
25579,LOF,0.29838160187547236,0.09202690367955285,0.6095914944449748
25580,LOF,0.02958553695716233,0.09188866294288016,0.8785258000999575
25581,LOF,0.046990580388233776,0.12473141017696812,0.828278009434798
25582,LOF,0.046990580388233776,0.12473141017696812,0.828278009434798
25583,LOF,0.04343137842833709,0.10091983829521109,0.8556487832764518
25584,Neutral,0.7709070166957324,0.073490771000677,0.15560221230359075
25585,LOF,0.026774197576019048,0.11779094091061058,0.8554348615133704
25586,LOF,0.0260573524104215,0.10591862349660491,0.8680240240929736
25587,LOF,0.026272132248853126,0.11015713920055238,0.8635707285505945
25588,LOF,0.031007937438843648,0.08719530704630851,0.8817967555148478
25589,Neutral,0.6520109440382831,0.16039727670340181,0.1875917792583152
25590,LOF,0.06559433830486816,0.11767043742015952,0.8167352242749722
25591,LOF,0.11801249982114088,0.08174457378572608,0.800242926393133
25592,LOF,0.10621338909039897,0.17956814224139378,0.7142184686682074
25593,LOF,0.166352329081428,0.3143983977679326,0.5192492731506394
25594,LOF,0.05133591263051651,0.05472488197163884,0.8939392053978445
25595,LOF,0.06228097325154827,0.03390026370211966,0.9038187630463321
25596,LOF,0.1492027626448218,0.015165603984896792,0.8356316333702815
25597,LOF,0.11131513624011714,0.008335049253934803,0.880349814505948
25598,LOF,0.05956325596843834,0.033953724421458366,0.9064830196101034
25599,GOF,0.024701519809964472,0.5792824727653848,0.3960160074246506
25600,GOF,0.18298622369320822,0.421499929308946,0.3955138469978458
25601,LOF,0.043629579337872836,0.3857517184397138,0.5706187022224133
25602,LOF,0.03808182097499017,0.07075442551159053,0.8911637535134193
25603,LOF,0.06958995146196853,0.05553072722188437,0.8748793213161471
25604,LOF,0.07547980719594388,0.10133966376246283,0.8231805290415932
25605,LOF,0.08247317177767738,0.1835507785550918,0.7339760496672307
25606,Neutral,0.535889724190052,0.17982738753298996,0.2842828882769581
25607,LOF,0.04496021400014725,0.17095870963368365,0.784081076366169
25608,LOF,0.07329188532422029,0.09578991563401218,0.8309181990417676
25609,GOF,0.14580527846421978,0.5857259609458271,0.26846876058995306
25610,LOF,0.02112114483955609,0.06954121816815399,0.90933763699229
25611,LOF,0.01606325504429766,0.0643209121344675,0.9196158328212349
25612,LOF,0.07487936155992289,0.06367008215507038,0.8614505562850067
25613,LOF,0.07041193338538723,0.0681412558635693,0.8614468107510435
25614,LOF,0.025381379482563592,0.06332476375415282,0.9112938567632837
25615,LOF,0.06860748406921988,0.07348811331230204,0.8579044026184781
25616,LOF,0.08482689665208892,0.05762052260435583,0.8575525807435552
25617,LOF,0.05983762417005096,0.06768187109475422,0.8724805047351948
25618,LOF,0.07040973571130625,0.18382897932774284,0.745761284960951
25619,LOF,0.015032532108187101,0.10270512080357642,0.8822623470882366
25620,LOF,0.05419469156947528,0.06407919072271615,0.8817261177078085
25621,LOF,0.07998432560243636,0.07728335084940921,0.8427323235481544
25622,LOF,0.08971989970078392,0.0803674851866947,0.8299126151125215
25623,LOF,0.08080828023096237,0.064081351597436,0.8551103681716016
25624,LOF,0.02284105963224928,0.06563272997352473,0.9115262103942259
25625,LOF,0.07248072335365285,0.06104922766848103,0.8664700489778661
25626,LOF,0.05064067722286242,0.046817410071912265,0.9025419127052253
25627,Neutral,0.8611691577141009,0.03827940850196778,0.10055143378393139
25628,LOF,0.17361502431310608,0.09348863195201756,0.7328963437348763
25629,LOF,0.06351605630255078,0.080205199455317,0.8562787442421321
25630,LOF,0.264899680842089,0.09113823860482101,0.6439620805530901
25631,Neutral,0.49376372936501345,0.07656763132048672,0.4296686393144999
25632,LOF,0.023014426258854748,0.06091435273535326,0.9160712210057921
25633,LOF,0.2870424078828332,0.020324095773839375,0.6926334963433275
25634,LOF,0.05274012424229576,0.0374675225591327,0.9097923531985715
25635,LOF,0.031795331126287574,0.02539000913075622,0.9428146597429562
25636,GOF,0.026762703791838108,0.5907416485093737,0.38249564769878813
25637,GOF,0.028328450671302158,0.5001964407467674,0.4714751085819305
25638,GOF,0.016284251500088654,0.555992024058561,0.4277237244413503
25639,LOF,0.023895622194772696,0.4123720644861604,0.5637323133190668
25640,Neutral,0.843325109381718,0.1231693549994226,0.0335055356188594
25641,LOF,0.1199695124946017,0.29547224844846576,0.5845582390569325
25642,LOF,0.12654014083694592,0.18211903078130223,0.6913408283817518
25643,Neutral,0.41463925649072525,0.18461335443999405,0.4007473890692807
25644,GOF,0.009525431904747701,0.6996804952089416,0.29079407288631065
25645,GOF,0.010594827580954407,0.6575492023272167,0.331855970091829
25646,GOF,0.015394058045428562,0.49374077772021924,0.49086516423435234
25647,LOF,0.009551526093094325,0.40492120741954857,0.5855272664873571
25648,LOF,0.01135145867665103,0.40943053586448114,0.5792180054588678
25649,LOF,0.007670152621878593,0.29669653155622777,0.6956333158218936
25650,GOF,0.023550666232435048,0.6024558077992648,0.37399352596830016
25651,LOF,0.009445340820969506,0.42802194042266245,0.562532718756368
25652,GOF,0.007168310448721653,0.5512798534040563,0.4415518361472221
25653,GOF,0.023807096487506063,0.6502738366316749,0.32591906688081906
25654,LOF,0.00789015578177574,0.49431105268198405,0.4977987915362403
25655,GOF,0.06619286874520328,0.7529828594457609,0.18082427180903562
25656,LOF,0.22993482002511062,0.24286209977110731,0.527203080203782
25657,LOF,0.02941679706026813,0.2579273795663938,0.712655823373338
25658,LOF,0.1961332985500807,0.2297524249729663,0.574114276476953
25659,LOF,0.3107875375536221,0.3281683320492283,0.3610441303971496
25660,LOF,0.028405385383147425,0.2213133527003526,0.7502812619165
25661,LOF,0.056285054769299916,0.14219691292515688,0.8015180323055432
25662,LOF,0.021350152999537256,0.09757819738987135,0.8810716496105914
25663,LOF,0.024106808112551597,0.08437161703106472,0.8915215748563836
25664,LOF,0.0681817430278198,0.14574946621091653,0.7860687907612637
25665,LOF,0.04457100793556687,0.07069310725917556,0.8847358848052576
25666,LOF,0.06178356399155599,0.10499684666277315,0.8332195893456709
25667,LOF,0.05616661189772387,0.1046319031839698,0.8392014849183064
25668,LOF,0.019929279057809914,0.1164557302278464,0.8636149907143437
25669,LOF,0.01930236708086193,0.1179860782069742,0.8627115547121638
25670,LOF,0.10276040574142632,0.08951926484147703,0.8077203294170966
25671,LOF,0.07367641259313995,0.08813498346877728,0.8381886039380828
25672,LOF,0.04107939476878811,0.10872718261974769,0.8501934226114642
25673,LOF,0.06299871289662493,0.1045441121427432,0.8324571749606319
25674,LOF,0.05785671916365563,0.13760187053662945,0.8045414102997149
25675,LOF,0.06209037796412196,0.14322147617958755,0.7946881458562904
25676,LOF,0.01596296891253681,0.12587580633694304,0.8581612247505203
25677,LOF,0.01763619438928999,0.16490418729987022,0.8174596183108398
25678,LOF,0.15258344825147602,0.17968319116772472,0.6677333605807994
25679,LOF,0.10418808853394487,0.16091411644052275,0.7348977950255324
25680,LOF,0.017354555796451808,0.2295407735643097,0.7531046706392385
25681,LOF,0.027609966084281738,0.20593295027213734,0.7664570836435809
25682,LOF,0.07190083931648751,0.12826392959373464,0.7998352310897779
25683,LOF,0.06833746918065296,0.15066184766698706,0.7810006831523598
25684,LOF,0.023416947919705056,0.13788562958823702,0.8386974224920579
25685,LOF,0.10528472267186725,0.18191146728841665,0.712803810039716
25686,LOF,0.058720443722439314,0.29509070835512374,0.6461888479224369
25687,LOF,0.11244152062648483,0.275321917142601,0.6122365622309142
25688,LOF,0.4050273602415007,0.026582486157077964,0.5683901536014213
25689,LOF,0.25759978623581087,0.0277345346245575,0.7146656791396316
25690,LOF,0.3208041213269909,0.028005706998695184,0.651190171674314
25691,Neutral,0.7013338685498693,0.03123952943993442,0.26742660201019636
25692,LOF,0.35133326857923425,0.011602396764149257,0.6370643346566165
25693,LOF,0.050518616809843805,0.4024627608645128,0.5470186223256434
25694,LOF,0.1025055240091016,0.01796759938569727,0.8795268766052011
25695,LOF,0.10842415565351501,0.01245491693428667,0.8791209274121984
25696,LOF,0.09846847318274113,0.019293063304831916,0.882238463512427
25697,LOF,0.04631288405545868,0.0666889835112133,0.8869981324333279
25698,LOF,0.2888466683143619,0.1458885913957992,0.565264740289839
25699,LOF,0.39096023139037134,0.129016517294808,0.4800232513148207
25700,LOF,0.06460573507748898,0.0198427769153532,0.9155514880071577
25701,LOF,0.14429100033457268,0.07128573286423967,0.7844232668011877
25702,GOF,0.22725511135783588,0.7031332865089107,0.06961160213325344
25703,LOF,0.019788388883560357,0.3360111450666216,0.6442004660498181
25704,LOF,0.028448493470701955,0.2535064014222529,0.7180451051070451
25705,LOF,0.02113398416108819,0.18607936151545879,0.792786654323453
25706,GOF,0.09075453462838119,0.5062155773413963,0.40302988803022255
25707,LOF,0.08686439135140883,0.4530002195830532,0.46013538906553797
25708,GOF,0.041788202760539274,0.5155924812578132,0.4426193159816475
25709,LOF,0.05621393694814947,0.11281069944111707,0.8309753636107335
25710,LOF,0.013632416338893902,0.23968619208829148,0.7466813915728147
25711,LOF,0.0167489025696348,0.16772135861784931,0.8155297388125158
25712,LOF,0.012689027696978796,0.273507724649774,0.7138032476532471
25713,LOF,0.015424711277063605,0.14924261579828704,0.8353326729246494
25714,LOF,0.06317854874677667,0.16585168258136235,0.770969768671861
25715,LOF,0.010009041516505985,0.2212483149091887,0.7687426435743052
25716,LOF,0.010575493993221366,0.22319942849288113,0.7662250775138975
25717,LOF,0.012845214177059647,0.13890900430386469,0.8482457815190756
25718,LOF,0.010704291186111657,0.12192456768894103,0.8673711411249473
25719,LOF,0.024974448666576686,0.17200708367317707,0.8030184676602463
25720,LOF,0.02788035244273411,0.09380121227691775,0.8783184352803481
25721,LOF,0.010370614500957517,0.19152654042214565,0.7981028450768968
25722,LOF,0.010753547107148535,0.18322903827717832,0.8060174146156731
25723,LOF,0.01926428652221916,0.1335749010399851,0.8471608124377957
25724,LOF,0.0340579589876409,0.30544909836435,0.6604929426480091
25725,LOF,0.009975687193999239,0.1791961503028996,0.8108281625031012
25726,LOF,0.01088175602923524,0.19674829298323881,0.7923699509875259
25727,LOF,0.012342189332680565,0.17875954217021028,0.8088982684971092
25728,LOF,0.009624750057096445,0.22001845027837422,0.7703567996645293
25729,LOF,0.009909982277471795,0.21646045079491194,0.7736295669276162
25730,LOF,0.010542241587776,0.21934194605762125,0.7701158123546028
25731,LOF,0.012827357514752271,0.21587005232404738,0.7713025901612004
25732,LOF,0.011088838743754612,0.11134032727489768,0.8775708339813477
25733,LOF,0.016686422697267538,0.1306752188081981,0.8526383584945344
25734,LOF,0.013519815551574962,0.22581935405785863,0.7606608303905664
25735,LOF,0.010061990429986947,0.14568038640583014,0.844257623164183
25736,LOF,0.010719133732354008,0.1526859839243064,0.8365948823433396
25737,LOF,0.0115459368322454,0.16993963289907,0.8185144302686846
25738,LOF,0.011091548099991924,0.19960778075329358,0.7893006711467144
25739,LOF,0.016873456749067806,0.1583867463438692,0.8247397969070629
25740,LOF,0.027859816199162123,0.20997235813002912,0.7621678256708088
25741,LOF,0.013355162137512496,0.2120992107433123,0.7745456271191752
25742,LOF,0.10655344699958834,0.12994553654751148,0.7635010164529002
25743,LOF,0.04732001954302988,0.03843812430103737,0.9142418561559328
25744,Neutral,0.671711402753842,0.15176171117440776,0.17652688607175016
25745,LOF,0.061879754611933804,0.08212454700175646,0.8559956983863098
25746,LOF,0.03799930566729708,0.11354998955885245,0.8484507047738504
25747,LOF,0.01581506304640759,0.11318382383765539,0.871001113115937
25748,LOF,0.11503992418714364,0.17605024501702513,0.7089098307958313
25749,LOF,0.02642729285670058,0.12178799271306333,0.8517847144302361
25750,LOF,0.054089086170688645,0.10952424973483196,0.8363866640944794
25751,LOF,0.08746142943741969,0.12602831717000962,0.7865102533925707
25752,GOF,0.11750701210487349,0.6811182103353118,0.2013747775598147
25753,LOF,0.03160381361066239,0.38917347776821853,0.579222708621119
25754,GOF,0.025754646767218944,0.7642622106706313,0.20998314256214987
25755,LOF,0.0302724559836681,0.35885900164426243,0.6108685423720696
25756,LOF,0.044471827682610585,0.47365522430643914,0.48187294801095015
25757,GOF,0.01951924153067394,0.8662995627045644,0.11418119576476157
25758,GOF,0.03035820503223689,0.8234522170991728,0.14618957786859033
25759,GOF,0.01819298935424473,0.7622800650576813,0.2195269455880739
25760,LOF,0.02427445062221158,0.40220244191843324,0.5735231074593552
25761,GOF,0.2881117121699601,0.6477844466293617,0.06410384120067823
25762,LOF,0.04802286415427241,0.4327142989488809,0.5192628368968467
25763,LOF,0.02017674785080247,0.2961242702841248,0.6836989818650727
25764,GOF,0.08044200973156988,0.7762270762088541,0.1433309140595761
25765,GOF,0.039146772827055996,0.8064897890175428,0.15436343815540107
25766,GOF,0.07876815758176675,0.822278215163401,0.09895362725483216
25767,GOF,0.1469910921590555,0.6101465941541101,0.2428623136868343
25768,LOF,0.08884035090941633,0.05525064065632618,0.8559090084342575
25769,LOF,0.052678607177209374,0.058116266706851306,0.8892051261159393
25770,LOF,0.3225746656980392,0.05357502606636948,0.6238503082355914
25771,LOF,0.058142599363896284,0.03741006216774742,0.9044473384683563
25772,LOF,0.015771385957938897,0.051914226686133345,0.9323143873559279
25773,LOF,0.05638330220229171,0.035551997935677884,0.9080646998620303
25774,LOF,0.031181010806246152,0.10146096940723903,0.8673580197865148
25775,LOF,0.07389699644351826,0.026842237025597567,0.8992607665308842
25776,LOF,0.06584732524189887,0.030723164139228567,0.9034295106188726
25777,Neutral,0.5007225474003018,0.03470413790659507,0.46457331469310315
25778,LOF,0.05566548137616949,0.04826173172970557,0.896072786894125
25779,Neutral,0.46505046325206906,0.45481573814256254,0.08013379860536847
25780,GOF,0.3731791299952409,0.47062981010814453,0.1561910598966145
25781,GOF,0.13081857805132624,0.6617648906340823,0.2074165313145915
25782,GOF,0.21649511258963794,0.6120494056146307,0.17145548179573147
25783,GOF,0.025492980356973362,0.6942532386546797,0.28025378098834697
25784,Neutral,0.6419512689350049,0.27876619537018366,0.07928253569481163
25785,Neutral,0.6263202547630771,0.260924129071631,0.11275561616529199
25786,GOF,0.02431705751837222,0.7019700470127952,0.27371289546883265
25787,Neutral,0.8097563820623572,0.12719000550567985,0.06305361243196289
25788,LOF,0.05012388135728772,0.05501250771923159,0.8948636109234807
25789,GOF,0.21335025834963767,0.5465956983612847,0.24005404328907762
25790,GOF,0.2764983028446876,0.5236923334585194,0.1998093636967929
25791,GOF,0.1535891275657572,0.49492366487886474,0.3514872075553781
25792,Neutral,0.3745979747249481,0.34726754258294806,0.2781344826921038
25793,LOF,0.24694561768414258,0.3402925095080376,0.41276187280781973
25794,GOF,0.2994165411862151,0.4236796421883768,0.27690381662540814
25795,GOF,0.06427912509729224,0.5559273731630233,0.37979350173968446
25796,Neutral,0.5657440510136857,0.26289803133796524,0.17135791764834904
25797,LOF,0.07505172130394977,0.4365675846092283,0.488380694086822
25798,LOF,0.010226275323156704,0.4550723995240408,0.5347013251528024
25799,LOF,0.009438079806507835,0.44469483228292106,0.5458670879105711
25800,GOF,0.03830047924956483,0.5716102161335993,0.3900893046168358
25801,GOF,0.24461493040904075,0.5700685558976725,0.18531651369328675
25802,GOF,0.05129340339963066,0.5157594012140492,0.4329471953863202
25803,LOF,0.041093346686402424,0.4491951758227425,0.5097114774908551
25804,LOF,0.03526833618358177,0.4708317306478437,0.4938999331685745
25805,GOF,0.08498124191873857,0.5013375773845571,0.4136811806967043
25806,GOF,0.1036622593858924,0.4691434122911893,0.4271943283229183
25807,LOF,0.019639064553846283,0.463380400292458,0.5169805351536958
25808,LOF,0.08547225745146947,0.44013264722602685,0.4743950953225037
25809,LOF,0.017164705141951772,0.40559461316751527,0.577240681690533
25810,LOF,0.019249547362081103,0.4085375920389449,0.572212860598974
25811,Neutral,0.5622220222200764,0.3362591017555957,0.10151887602432773
25812,LOF,0.03546155485051119,0.4494149280617898,0.515123517087699
25813,Neutral,0.62947885290823,0.17211887894352249,0.1984022681482475
25814,GOF,0.12568434556156977,0.518631395230493,0.3556842592079372
25815,GOF,0.2898786489492859,0.4473148165487379,0.26280653450197633
25816,GOF,0.01679273833508233,0.4964763462862834,0.4867309153786343
25817,GOF,0.21460129063676955,0.5822232060435212,0.20317550331970916
25818,LOF,0.0353712547739804,0.4022580390767184,0.5623707061493012
25819,Neutral,0.3846515332570566,0.3168869156348038,0.2984615511081396
25820,GOF,0.19236374976773693,0.4622528663239997,0.3453833839082634
25821,GOF,0.05839763026940458,0.521220352141365,0.4203820175892304
25822,GOF,0.24434867183712544,0.42427562058268964,0.3313757075801849
25823,GOF,0.03812774903097428,0.4809992674252553,0.4808729835437705
25824,LOF,0.09379429558908763,0.40313487824299576,0.5030708261679165
25825,LOF,0.03673558511075915,0.4121738586204536,0.5510905562687872
25826,LOF,0.01248498510990404,0.4089458380644929,0.5785691768256032
25827,GOF,0.021841345930312877,0.49514930991110195,0.48300934415858526
25828,LOF,0.014199505180091915,0.43399946725040345,0.5518010275695047
25829,LOF,0.007811290890330247,0.43808536840251233,0.5541033407071574
25830,LOF,0.028248136179966986,0.10244142368711551,0.8693104401329175
25831,GOF,0.1831194366633466,0.6111979937348908,0.2056825696017627
25832,GOF,0.03647105209008466,0.5168205927696444,0.44670835514027096
25833,GOF,0.11864356358071083,0.5309025435375233,0.35045389288176587
25834,GOF,0.04465306873641723,0.5221008149916797,0.4332461162719031
25835,GOF,0.10812139864589684,0.5089634015655641,0.3829151997885391
25836,GOF,0.04844904349762398,0.5127014570068871,0.43884949949548896
25837,LOF,0.02626015084786138,0.4436397606613294,0.5301000884908091
25838,GOF,0.09272281388230189,0.5702979880938248,0.33697919802387327
25839,GOF,0.35699580635572303,0.38252233689992604,0.26048185674435087
25840,GOF,0.2614829545751552,0.48138356701737617,0.25713347840746853
25841,GOF,0.29861910694665744,0.4294466286332901,0.2719342644200524
25842,GOF,0.19024206832283172,0.46796930951449695,0.3417886221626713
25843,GOF,0.21700153487640367,0.5448300852269372,0.23816837989665904
25844,LOF,0.06555147446912608,0.46113869995220524,0.4733098255786688
25845,LOF,0.015617030060075752,0.4773804494003307,0.5070025205395935
25846,GOF,0.12852882903927376,0.5450009827268745,0.32647018823385177
25847,GOF,0.10968252997786411,0.5907232106593224,0.2995942593628134
25848,GOF,0.03960076551538041,0.480614114213804,0.47978512027081555
25849,LOF,0.012437266928946242,0.44946881891002205,0.5380939141610317
25850,LOF,0.02250252691097462,0.47355290141211515,0.5039445716769102
25851,LOF,0.018379365521231684,0.45722522584766373,0.5243954086311046
25852,LOF,0.15640634321234362,0.41872233921201873,0.42487131757563756
25853,GOF,0.35932679756656577,0.44454143882987557,0.1961317636035587
25854,GOF,0.021875897416395812,0.5636827482515263,0.4144413543320779
25855,LOF,0.04622629325551663,0.454043424166102,0.49973028257838137
25856,GOF,0.22679713933105816,0.4489688083506289,0.32423405231831304
25857,LOF,0.03781522690665831,0.45403995732038394,0.5081448157729577
25858,GOF,0.02080552436292128,0.5755855044386895,0.4036089711983891
25859,GOF,0.011399231807031443,0.5719942446848006,0.41660652350816785
25860,GOF,0.32503964982592026,0.473662255626299,0.2012980945477807
25861,GOF,0.33677093808959885,0.539753497801003,0.12347556410939813
25862,GOF,0.0701847735292648,0.6148766612351811,0.31493856523555397
25863,GOF,0.07863911397052478,0.6450243472275283,0.27633653880194686
25864,GOF,0.15305090997680365,0.654070567331824,0.1928785226913723
25865,GOF,0.07871656903872563,0.6957352109184486,0.22554822004282576
25866,GOF,0.06105728604944799,0.6923314832005026,0.24661123075004934
25867,GOF,0.08465891313566873,0.7125404300136224,0.20280065685070883
25868,GOF,0.21895300410920182,0.5217202628976271,0.25932673299317116
25869,Neutral,0.729670557723539,0.18860291600375717,0.08172652627270391
25870,LOF,0.21777029703650566,0.06238511750007748,0.7198445854634168
25871,GOF,0.1677693970657363,0.5477932300831442,0.28443737285111953
25872,LOF,0.07606359284443455,0.4538873571039833,0.4700490500515822
25873,GOF,0.13249218630983794,0.47512528955169603,0.39238252413846597
25874,LOF,0.019016363908951478,0.06743497766429547,0.9135486584267531
25875,LOF,0.052268095299969466,0.18264140120544856,0.7650905034945821
25876,LOF,0.025622545134297483,0.0492650791294459,0.9251123757362567
25877,LOF,0.38292822759406075,0.14004204056260797,0.4770297318433314
25878,LOF,0.15324470061705922,0.21350754212478193,0.6332477572581588
25879,LOF,0.0867279740970406,0.2414679325711021,0.6718040933318573
25880,LOF,0.023707612953823162,0.025963616360707167,0.9503287706854697
25881,LOF,0.25308393484373226,0.1276628827623532,0.6192531823939145
25882,LOF,0.05663076457093076,0.019944875834184937,0.9234243595948842
25883,LOF,0.0765090281395389,0.022185879509364573,0.9013050923510966
25884,LOF,0.04204323075258356,0.03849396693929903,0.9194628023081174
25885,LOF,0.0569116065301513,0.02455349660453265,0.9185348968653161
25886,LOF,0.2298515168101636,0.049025100039081435,0.721123383150755
25887,LOF,0.20764839799858423,0.0977111162665775,0.6946404857348382
25888,LOF,0.09731085943978503,0.04886585957549677,0.8538232809847183
25889,LOF,0.039821547847163435,0.030989929577388213,0.9291885225754484
25890,LOF,0.08280246127490402,0.07261097509997483,0.8445865636251211
25891,LOF,0.07325908340880635,0.048426000724422005,0.8783149158667717
25892,LOF,0.09899613693866828,0.035000826309662704,0.866003036751669
25893,LOF,0.3106058851824089,0.028449829777714188,0.6609442850398768
25894,LOF,0.19621607315274175,0.0136457441911644,0.7901381826560939
25895,LOF,0.23706133647048977,0.015425321187760242,0.7475133423417499
25896,LOF,0.05080647319436468,0.026987260008518133,0.9222062667971173
25897,LOF,0.2311500238300339,0.027678952216242298,0.7411710239537237
25898,Neutral,0.7724100584699878,0.020612800959525182,0.206977140570487
25899,LOF,0.25157292003394977,0.06407712217729833,0.6843499577887519
25900,Neutral,0.5730269941763382,0.01943999272485287,0.4075330130988089
25901,LOF,0.047096421768523376,0.015499721714063913,0.9374038565174126
25902,LOF,0.20313518444993908,0.01857617575411937,0.7782886397959414
25903,Neutral,0.5841219519642981,0.058640637824368846,0.3572374102113331
25904,LOF,0.3413616156425316,0.038269961581898125,0.6203684227755704
25905,GOF,0.039393345259736534,0.5230814219274452,0.4375252328128183
25906,LOF,0.02368498689189446,0.12078405553316163,0.8555309575749439
25907,GOF,0.012884940537931657,0.5099732181615257,0.4771418413005427
25908,LOF,0.01560041926461554,0.3536476428262876,0.6307519379090968
25909,LOF,0.019014477446965376,0.22599135874328202,0.7549941638097525
25910,LOF,0.022830792538766232,0.3717063465331267,0.6054628609281072
25911,LOF,0.06269715850625833,0.04984781822067407,0.8874550232730676
25912,LOF,0.027886777781583064,0.0990693371822733,0.8730438850361437
25913,LOF,0.21123951384813328,0.024450823417455032,0.7643096627344117
25914,LOF,0.0270573305428575,0.06251095107366743,0.910431718383475
25915,Neutral,0.4666017496147111,0.26476958448783194,0.2686286658974569
25916,LOF,0.044678553663361036,0.34888448922417425,0.6064369571124647
25917,LOF,0.056266476504403876,0.043370504942991064,0.9003630185526051
25918,LOF,0.032283034089716695,0.03619372218432594,0.9315232437259574
25919,LOF,0.031051957800632135,0.037032005866856565,0.9319160363325114
25920,GOF,0.12447267023857525,0.4978074516755671,0.3777198780858576
25921,LOF,0.041333857736822556,0.020437760160606597,0.9382283821025708
25922,LOF,0.053768306857658085,0.01273308878912673,0.9334986043532152
25923,LOF,0.3704701847869858,0.025539402810854858,0.6039904124021593
25924,LOF,0.04606562681544526,0.02093085823353737,0.9330035149510173
25925,LOF,0.08036808487228962,0.032234770496010465,0.8873971446316999
25926,LOF,0.06381682338789928,0.02087017286647133,0.9153130037456294
25927,LOF,0.09268869243956622,0.07075691532734037,0.8365543922330935
25928,LOF,0.026399275286358364,0.014024672049269733,0.959576052664372
25929,LOF,0.47581484263700935,0.024083507143682778,0.500101650219308
25930,LOF,0.0793431373610206,0.01696706446510421,0.9036897981738752
25931,LOF,0.031963349212636334,0.010493778670602995,0.9575428721167606
25932,LOF,0.03176550564009089,0.0109463433529177,0.9572881510069914
25933,LOF,0.04048048017662564,0.008588330610182944,0.9509311892131914
25934,LOF,0.029183405574091784,0.01244534664955824,0.9583712477763499
25935,LOF,0.07942615645204269,0.026419055649003136,0.8941547878989541
25936,LOF,0.043360528977774364,0.010472741169283938,0.9461667298529417
25937,LOF,0.03764385616739413,0.018497061600669364,0.9438590822319365
25938,LOF,0.07234495861333076,0.0342048256286618,0.8934502157580075
25939,LOF,0.035830223192765166,0.01165926577038417,0.9525105110368507
25940,GOF,0.03000921557076136,0.5932999136679326,0.37669087076130603
25941,LOF,0.2099504196458455,0.03180308080553885,0.7582464995486157
25942,LOF,0.018855797672910936,0.017923049879646723,0.9632211524474424
25943,LOF,0.3692606605624053,0.030666168154660344,0.6000731712829342
25944,Neutral,0.5155716219154676,0.016466902956568198,0.46796147512796427
25945,LOF,0.0753881725340014,0.03147817704027044,0.8931336504257282
25946,LOF,0.027546773189517162,0.19773239206638554,0.7747208347440974
25947,LOF,0.12202222867339335,0.21249964873739652,0.6654781225892102
25948,LOF,0.3886432912939911,0.025195319824093357,0.5861613888819155
25949,LOF,0.12151819963920209,0.05589280156096886,0.8225889987998292
25950,GOF,0.15910507738132593,0.5460398277707755,0.29485509484789846
25951,LOF,0.2045982398245811,0.22913080325400847,0.5662709569214104
25952,LOF,0.034043285439523605,0.4637979638557287,0.5021587507047477
25953,LOF,0.12520292030236557,0.24746864717896486,0.6273284325186695
25954,Neutral,0.3865407334743031,0.3608099352298503,0.25264933129584666
25955,LOF,0.049913563931315776,0.1929803942408205,0.7571060418278637
25956,LOF,0.22690074640994873,0.08242476072815472,0.6906744928618966
25957,LOF,0.040729187062877724,0.0278168050619919,0.9314540078751303
25958,LOF,0.08122816904318615,0.03422889149828844,0.8845429394585254
25959,LOF,0.13641280176909093,0.406039158213876,0.457548040017033
25960,LOF,0.025542668274358728,0.07732229311367127,0.89713503861197
25961,LOF,0.08666546213462159,0.04598295566657325,0.8673515821988053
25962,LOF,0.044012799365786295,0.061801717782356595,0.8941854828518571
25963,LOF,0.04905703099039616,0.22383126813119136,0.7271117008784126
25964,LOF,0.027884158276643773,0.26061182044154746,0.7115040212818087
25965,Neutral,0.5171679068999994,0.0678178025287034,0.41501429057129713
25966,GOF,0.2836671689843348,0.3979105548510053,0.3184222761646599
25967,LOF,0.011524427687708392,0.16716673402241528,0.8213088382898763
25968,LOF,0.0523707542271449,0.37379625550197626,0.5738329902708788
25969,LOF,0.024788311575243773,0.06734406288324145,0.9078676255415147
25970,LOF,0.060492376571971,0.04073572442923616,0.8987718989987927
25971,LOF,0.10260865838002829,0.02240746272355576,0.8749838788964159
25972,LOF,0.09166366946354434,0.029930021974773145,0.8784063085616826
25973,LOF,0.09178347339165015,0.01680541756191657,0.8914111090464333
25974,LOF,0.3272311708911021,0.03373417416166596,0.639034654947232
25975,LOF,0.04369417150842262,0.03640347507320078,0.9199023534183766
25976,LOF,0.0369991366159411,0.02860898303855126,0.9343918803455077
25977,LOF,0.11041217891130571,0.1423871777527816,0.7472006433359126
25978,LOF,0.1876826106572788,0.1264278167476278,0.6858895725950934
25979,LOF,0.17343832507611542,0.09450651287110633,0.7320551620527782
25980,LOF,0.2130686655099177,0.20480085253894917,0.5821304819511331
25981,LOF,0.2130686655099177,0.20480085253894917,0.5821304819511331
25982,LOF,0.3886190705829732,0.10504148475074451,0.5063394446662823
25983,LOF,0.3743998673365601,0.11151078161987187,0.514089351043568
25984,LOF,0.03331187926146387,0.08440860467667101,0.8822795160618652
25985,LOF,0.020423845275060495,0.34924428223775356,0.630331872487186
25986,LOF,0.027813217898218588,0.3691468685314743,0.6030399135703071
25987,LOF,0.08716273449916281,0.07581225656170028,0.8370250089391369
25988,LOF,0.06562525710885429,0.08100327263012887,0.8533714702610169
25989,LOF,0.02376293349618755,0.1540431488870474,0.8221939176167651
25990,LOF,0.03310119874732025,0.1527146945554253,0.8141841066972544
25991,LOF,0.21745936537397187,0.30158656979823717,0.480954064827791
25992,LOF,0.36001830430365894,0.20317072273190734,0.4368109729644338
25993,LOF,0.03408607012347472,0.08525829552235495,0.8806556343541704
25994,LOF,0.023010799114812713,0.1134938197171442,0.863495381168043
25995,LOF,0.031643464530546735,0.10227191553109098,0.8660846199383624
25996,GOF,0.21040903730515365,0.4565965317635358,0.3329944309313105
25997,GOF,0.08853639611289434,0.4665717588069612,0.44489184508014434
25998,Neutral,0.4955322959409131,0.026836427474718493,0.4776312765843683
25999,LOF,0.09417563063694254,0.4274156888268435,0.4784086805362138
26000,LOF,0.05892930525756022,0.0327977401388767,0.9082729546035629
26001,LOF,0.13757884654189861,0.04253015460985136,0.8198909988482499
26002,LOF,0.08665725610284788,0.04985641278442473,0.8634863311127274
26003,GOF,0.00877345612513368,0.803587547079555,0.18763899679531135
26004,GOF,0.01917787547639675,0.825819702316895,0.1550024222067081
26005,GOF,0.009842047411104013,0.7009616241812674,0.2891963284076286
26006,GOF,0.43493596668837486,0.47148872376322104,0.09357530954840397
26007,GOF,0.014159700126417256,0.8058837151796004,0.17995658469398232
26008,GOF,0.01110326213974478,0.7895925898517396,0.19930414800851556
26009,GOF,0.019604091297829893,0.8315830438325886,0.14881286486958145
26010,GOF,0.016599976406072442,0.8298325625161481,0.15356746107777947
26011,GOF,0.008579832770477478,0.7049968833560801,0.2864232838734424
26012,GOF,0.013326553447011082,0.7974941359822213,0.18917931057076756
26013,GOF,0.010894889368797235,0.8108339594796996,0.17827115115150327
26014,LOF,0.045515928137915614,0.09691880940479587,0.8575652624572885
26015,LOF,0.21952883900114425,0.006698041315134275,0.7737731196837214
26016,LOF,0.3061476546389319,0.022126959690163196,0.671725385670905
26017,LOF,0.20371850423539195,0.04105155050157918,0.7552299452630288
26018,LOF,0.08080773095388014,0.018751746707986343,0.9004405223381337
26019,LOF,0.08085618097627277,0.013013354384512149,0.9061304646392151
26020,LOF,0.0874078693435108,0.0323018510944588,0.8802902795620304
26021,LOF,0.07324534221551907,0.04483830702230416,0.8819163507621767
26022,LOF,0.01593494908300526,0.022266421750037426,0.9617986291669572
26023,LOF,0.1657195089521606,0.015900504572583216,0.8183799864752562
26024,LOF,0.03677554191242632,0.04469895624382413,0.9185255018437495
26025,LOF,0.21941760964513649,0.044076682329087034,0.7365057080257764
26026,LOF,0.41144542846056237,0.009277862988525877,0.5792767085509118
26027,LOF,0.0857060279122642,0.009665908006300721,0.904628064081435
26028,LOF,0.1882917417979438,0.0889573168783895,0.7227509413236667
26029,LOF,0.12508068436041497,0.17223155846034396,0.7026877571792409
26030,LOF,0.037303194479009434,0.04303896604127566,0.9196578394797148
26031,LOF,0.03413936560932965,0.14695261911172783,0.8189080152789424
26032,LOF,0.07278001958294077,0.04107641995828875,0.8861435604587705
26033,LOF,0.1872535707906479,0.055194450130205346,0.7575519790791467
26034,LOF,0.05268930011177033,0.12466948818651105,0.8226412117017186
26035,LOF,0.04122753074739198,0.13532157239004303,0.823450896862565
26036,LOF,0.05434515697112858,0.12140987967338193,0.8242449633554895
26037,LOF,0.033821238607230006,0.09975498178105892,0.8664237796117111
26038,LOF,0.07139754173276647,0.03947478221885728,0.8891276760483762
26039,LOF,0.0714513402101059,0.12740479362662765,0.8011438661632664
26040,LOF,0.3317670501106488,0.07794661255749528,0.5902863373318559
26041,LOF,0.0341539369057712,0.09850945117395733,0.8673366119202714
26042,LOF,0.03284111609355751,0.09058375242624964,0.8765751314801928
26043,LOF,0.06986647851251018,0.053573783433266985,0.8765597380542229
26044,LOF,0.03521512963055206,0.057513753297602256,0.9072711170718457
26045,LOF,0.09065470545875773,0.09734490404188613,0.8120003904993561
26046,LOF,0.07778880182322874,0.05624581325627221,0.8659653849204991
26047,LOF,0.10542212305602071,0.05468309052823936,0.8398947864157399
26048,LOF,0.07346943080010016,0.045494046453438144,0.8810365227464616
26049,Neutral,0.9422917977899677,0.008343024905710272,0.04936517730432202
26050,Neutral,0.9168136329117555,0.009298047259442329,0.07388831982880213
26051,GOF,0.03968695107555171,0.5982056023333479,0.36210744659110045
26052,GOF,0.034721510161716894,0.6767692359193986,0.28850925391888443
26053,LOF,0.04550662844732879,0.3580573845129801,0.5964359870396911
26054,LOF,0.06714316294477561,0.05463978845387906,0.8782170486013454
26055,LOF,0.06606443469785409,0.05873892848616207,0.8751966368159837
26056,LOF,0.05185641660066964,0.06828551894908753,0.8798580644502427
26057,LOF,0.028014295544836244,0.04619541117434417,0.9257902932808196
26058,LOF,0.027920171159449107,0.04265845252521715,0.9294213763153337
26059,LOF,0.3536524180276195,0.08666503567673492,0.5596825462956455
26060,LOF,0.03121409175868917,0.3550700780015561,0.6137158302397547
26061,LOF,0.02005145730955591,0.06433199398411289,0.9156165487063312
26062,LOF,0.015077186565691292,0.0546598773629574,0.9302629360713514
26063,LOF,0.024195128889759453,0.04742360305633699,0.9283812680539034
26064,LOF,0.02649657877226759,0.04826749733984797,0.9252359238878844
26065,LOF,0.02679562226496547,0.04202353401845064,0.9311808437165838
26066,LOF,0.020775259905316926,0.055973975034677416,0.9232507650600056
26067,LOF,0.02335055096533071,0.04081217963813208,0.9358372693965371
26068,LOF,0.049091117950281336,0.07254815363692281,0.8783607284127959
26069,LOF,0.3762585826727355,0.05091880288332648,0.572822614443938
26070,Neutral,0.5690572566319874,0.029019973042056176,0.40192277032595647
26071,LOF,0.023238866987867004,0.06119622396087323,0.9155649090512599
26072,LOF,0.025843834926364904,0.07837117042232845,0.8957849946513067
26073,LOF,0.025764318358978685,0.038590498533086263,0.935645183107935
26074,Neutral,0.8999817082668996,0.014334260158380772,0.08568403157471963
26075,LOF,0.04994288195155363,0.0462526496151568,0.9038044684332895
26076,LOF,0.03634867709727445,0.03790811572827827,0.9257432071744474
26077,LOF,0.012205180553142745,0.07924314760142585,0.9085516718454315
26078,LOF,0.015890183237875697,0.05202448115812842,0.932085335603996
26079,LOF,0.050526002234606945,0.05519834788250145,0.8942756498828915
26080,LOF,0.050526002234606945,0.05519834788250145,0.8942756498828915
26081,LOF,0.03194638134751867,0.03561727916904399,0.9324363394834373
26082,LOF,0.023372302236148904,0.0535435998171092,0.9230840979467418
26083,LOF,0.09367195579913336,0.04877290893839136,0.8575551352624753
26084,LOF,0.026487919968313296,0.0647554193355334,0.9087566606961534
26085,LOF,0.021412638142574644,0.06174766682895189,0.9168396950284734
26086,LOF,0.022710446615806366,0.05562377873128445,0.9216657746529092
26087,LOF,0.02474172843855346,0.046170248638897515,0.929088022922549
26088,LOF,0.023707624043118172,0.08321630676607825,0.8930760691908036
26089,LOF,0.04684659395960512,0.04987638561391917,0.9032770204264757
26090,LOF,0.04320200288945494,0.04337072349602215,0.9134272736145229
26091,LOF,0.03927014612322623,0.02764428215277445,0.9330855717239993
26092,LOF,0.027163412916979702,0.041354462319907005,0.9314821247631134
26093,LOF,0.03903684916045958,0.026581401824015388,0.9343817490155251
26094,LOF,0.043842880848744346,0.02270385172392722,0.9334532674273285
26095,LOF,0.04414338969161131,0.07042752044300954,0.885429089865379
26096,LOF,0.01966983642504199,0.051469427699097056,0.9288607358758609
26097,LOF,0.012170546864412652,0.12822767415613187,0.8596017789794554
26098,LOF,0.061430204057352264,0.04401865102282806,0.8945511449198197
26099,LOF,0.023001432756584877,0.08282419518057406,0.894174372062841
26100,LOF,0.023001432756584877,0.08282419518057406,0.894174372062841
26101,LOF,0.05814389343574338,0.06427387638114555,0.8775822301831111
26102,LOF,0.024248486846288612,0.05878317332115208,0.9169683398325592
26103,Neutral,0.8229746080024722,0.07082287151276619,0.10620252048476152
26104,LOF,0.04786057652173526,0.09497127398115573,0.8571681494971091
26105,LOF,0.3940414477647469,0.1025910259115266,0.5033675263237264
26106,LOF,0.19083602178073159,0.053732172640301556,0.7554318055789668
26107,LOF,0.2870041926347855,0.06330445909035408,0.6496913482748604
26108,LOF,0.2059414824660939,0.05485200501559075,0.7392065125183154
26109,LOF,0.07845943525938033,0.1029216087496521,0.8186189559909676
26110,LOF,0.28466609908638385,0.03266840129977457,0.6826654996138416
26111,LOF,0.4537760500791922,0.03421099308923876,0.512012956831569
26112,LOF,0.04994982552168202,0.02521357475326711,0.924836599725051
26113,LOF,0.061050287829489604,0.052222602819831015,0.8867271093506793
26114,LOF,0.026333993133874713,0.03994489236757629,0.9337211144985491
26115,LOF,0.1296128500765858,0.0685789798305565,0.8018081700928577
26116,LOF,0.08384280109200504,0.07036228234022528,0.8457949165677697
26117,LOF,0.22770003738735212,0.16598434221080546,0.6063156204018425
26118,LOF,0.03248267816632371,0.06136712849448167,0.9061501933391946
26119,LOF,0.023451079890916358,0.17824187288536847,0.7983070472237151
26120,LOF,0.02907893574855304,0.0731872766399006,0.8977337876115464
26121,LOF,0.05106627462349918,0.18030896470937174,0.7686247606671291
26122,LOF,0.06326371636880565,0.18082510093408097,0.7559111826971134
