feature0,prediction,LoGoFunc_Neutral,LoGoFunc_GOF,LoGoFunc_LOF
25546,Neutral,0.6768189484514769,0.0586450680184396,0.2645359835300834
25547,Neutral,0.4993839499360241,0.1061006122990962,0.3945154377648797
25548,Neutral,0.5068690461149914,0.08855039562014431,0.4045805582648644
25549,LOF,0.42447033081157337,0.08812737236954465,0.4874022968188819
25550,LOF,0.34939380831354894,0.122327272686793,0.5282789189996581
25551,LOF,0.30154174272466416,0.12923419545734294,0.5692240618179929
25552,LOF,0.246750702360118,0.12770503312604095,0.6255442645138412
25553,Neutral,0.8140563369834943,0.04586203771713597,0.14008162529936988
25554,LOF,0.2922003559250421,0.11626473379959826,0.5915349102753595
25555,LOF,0.24209501100840686,0.11116345912971935,0.6467415298618737
25556,Neutral,0.4676905435291957,0.0998058657014896,0.4325035907693147
25557,LOF,0.22803736114406226,0.11674639617192178,0.655216242684016
25558,LOF,0.30667910092738265,0.11454904666405473,0.5787718524085625
25559,LOF,0.21050799422676286,0.1339149812523037,0.6555770245209334
25560,LOF,0.15767218528044644,0.09923897538834389,0.7430888393312096
25561,LOF,0.15511808301098587,0.11020082577944043,0.7346810912095737
25562,LOF,0.07139899776014116,0.07608156198798453,0.8525194402518743
25563,LOF,0.021423279553162353,0.1386123977102433,0.8399643227365944
25564,LOF,0.20522661386241964,0.12882284551184478,0.6659505406257356
25565,LOF,0.2151047611541696,0.133435628747482,0.6514596100983483
25566,GOF,0.09064759499211435,0.6958981993623903,0.2134542056454955
25567,LOF,0.038785432921187975,0.12339269542362892,0.8378218716551832
25568,LOF,0.06245690740834015,0.06784161704498212,0.8697014755466776
25569,LOF,0.060519423995952525,0.06877471329478278,0.8707058627092648
25570,LOF,0.026498259308617073,0.0979189730546328,0.8755827676367501
25571,LOF,0.02578508239758443,0.10221987590224452,0.8719950417001712
25572,LOF,0.05985945724321285,0.11227904897124526,0.8278614937855419
25573,LOF,0.06571714604215359,0.08309542443456079,0.8511874295232856
25574,LOF,0.06284144776128618,0.1783384343542844,0.7588201178844295
25575,LOF,0.020927060253311557,0.11381884225744256,0.8652540974892458
25576,LOF,0.03303648402138196,0.14378506092665608,0.8231784550519621
25577,LOF,0.03054885845899063,0.11064482430930123,0.8588063172317082
25578,LOF,0.3102883433195009,0.08019934823111598,0.6095123084493832
25579,LOF,0.14205359206307366,0.08523812025700848,0.7727082876799178
25580,LOF,0.018635630856320824,0.07482657710431222,0.9065377920393669
25581,LOF,0.05603507500218762,0.06673693032285759,0.8772279946749547
25582,LOF,0.05583457797124325,0.06519185651032235,0.8789735655184344
25583,LOF,0.01956380331288244,0.08064518017067861,0.899791016516439
25584,Neutral,0.6696016401554229,0.10772162695010455,0.22267673289447265
25585,LOF,0.028123187574012224,0.11517929106793408,0.8566975213580537
25586,LOF,0.018264484764724316,0.06731150338950302,0.9144240118457726
25587,LOF,0.017552254346900907,0.06053467990789077,0.9219130657452084
25588,LOF,0.020232295184868365,0.07233991624115706,0.9074277885739747
25589,Neutral,0.5267648072661028,0.19711992392067906,0.2761152688132182
25590,LOF,0.05074163681291186,0.11038074971829015,0.838877613468798
25591,LOF,0.10174198464793256,0.05507690754344913,0.8431811078086182
25592,LOF,0.05538841089242902,0.1259357932291539,0.8186757958784172
25593,LOF,0.14038129550146833,0.24869054096724852,0.6109281635312831
25594,LOF,0.05072452729683364,0.1069897489089586,0.8422857237942077
25595,LOF,0.050409843492875916,0.07990376119221344,0.8696863953149107
25596,LOF,0.11230099828170341,0.04719382630185834,0.8405051754164382
25597,LOF,0.08213487782176239,0.05044639834396988,0.8674187238342677
25598,LOF,0.04964946538890744,0.07675662386844558,0.873593910742647
25599,GOF,0.018257749574181702,0.5444651020747824,0.43727714835103587
25600,GOF,0.1674484232161456,0.5171877691263584,0.315363807657496
25601,LOF,0.03763576119962153,0.40304539563058006,0.5593188431697984
25602,LOF,0.03616641384631686,0.05565627256947819,0.9081773135842048
25603,LOF,0.03524567109541093,0.02934526970223838,0.9354090592023506
25604,LOF,0.03832753380595517,0.060922851122861756,0.900749615071183
25605,LOF,0.04168184360808454,0.1715108015127005,0.7868073548792149
25606,LOF,0.4251851762357108,0.08639597463955588,0.48841884912473327
25607,LOF,0.025744119840673076,0.17606988102560298,0.7981859991337239
25608,LOF,0.03250373738135072,0.07257544786883176,0.8949208147498174
25609,GOF,0.14800850790193035,0.518790360107911,0.3332011319901587
25610,LOF,0.014886106050266459,0.028090974440068413,0.957022919509665
25611,LOF,0.013754507636290374,0.03434342520438208,0.9519020671593275
25612,LOF,0.0517995496568571,0.043930798605487244,0.9042696517376556
25613,LOF,0.049089542786567165,0.046192542825350846,0.9047179143880819
25614,LOF,0.021007511525284656,0.025988265617607663,0.9530042228571077
25615,LOF,0.04757405281282182,0.037605339185419105,0.914820608001759
25616,LOF,0.047494884639391416,0.029842899273461482,0.9226622160871472
25617,LOF,0.042138523636117184,0.0386401765733896,0.9192212997904933
25618,LOF,0.05114415907143208,0.037296326758553724,0.9115595141700142
25619,LOF,0.014707136180567244,0.032558593028433995,0.9527342707909988
25620,LOF,0.05981498014716313,0.04627299843985873,0.8939120214129781
25621,LOF,0.053718317952985685,0.0382578905435806,0.9080237915034337
25622,LOF,0.05946303935666452,0.0334869764815052,0.9070499841618302
25623,LOF,0.06895155282564114,0.027750160803013478,0.9032982863713453
25624,LOF,0.018059967447630252,0.03431354458969595,0.9476264879626737
25625,LOF,0.0681282988376478,0.04028010832238231,0.8915915928399699
25626,LOF,0.0483428244769474,0.038215371967120784,0.9134418035559319
25627,Neutral,0.8890172415762171,0.021302578632241984,0.08968017979154103
25628,LOF,0.13503399303001354,0.06092046747721668,0.8040455394927698
25629,LOF,0.062203133449022084,0.04252572265387671,0.8952711438971013
25630,LOF,0.27016904075406145,0.07526020317352852,0.6545707560724101
25631,Neutral,0.5608921721142219,0.06197517355292646,0.37713265433285154
25632,LOF,0.030851349278359492,0.0599543610746477,0.9091942896469928
25633,LOF,0.21501381407672893,0.030667823983477727,0.7543183619397933
25634,LOF,0.03503329185635338,0.06898228087277983,0.8959844272708669
25635,LOF,0.03677175237530496,0.03890818111943364,0.9243200665052614
25636,LOF,0.03539981188859377,0.46567303510633856,0.49892715300506774
25637,GOF,0.07068734338874427,0.4976992178117513,0.43161343879950453
25638,LOF,0.03259350718239419,0.31054201235543494,0.6568644804621708
25639,LOF,0.030924415467684412,0.36028500932358754,0.6087905752087279
25640,Neutral,0.8223870618183706,0.13258874028984532,0.04502419789178396
25641,LOF,0.054712506289448584,0.42945761432255414,0.5158298793879973
25642,LOF,0.04339280159658357,0.1438704167461374,0.812736781657279
25643,LOF,0.21979086773300166,0.1582914314340777,0.6219177008329206
25644,LOF,0.0212837631195507,0.45949850648064433,0.519217730399805
25645,LOF,0.02190062799291987,0.42112151700926365,0.5569778549978165
25646,LOF,0.05971762239543881,0.31715101776681687,0.6231313598377443
25647,LOF,0.025513112118572417,0.25433247753433846,0.720154410347089
25648,LOF,0.03221113864881312,0.24531776074959996,0.722471100601587
25649,LOF,0.01659149477744865,0.2521775781329267,0.7312309270896246
25650,LOF,0.050886775799600964,0.4032927385797825,0.5458204856206166
25651,LOF,0.016412935496920116,0.28090153419524594,0.702685530307834
25652,LOF,0.0319626978945339,0.25895065145364143,0.7090866506518247
25653,LOF,0.08036501922473456,0.3986865118417138,0.5209484689335516
25654,LOF,0.024900438940246017,0.2051462373102075,0.7699533237495466
25655,LOF,0.2199937854413746,0.36542292185457215,0.41458329270405314
25656,LOF,0.27505005092905777,0.05767096206184531,0.6672789870090969
25657,LOF,0.07771588047640436,0.058058263256010476,0.8642258562675853
25658,LOF,0.3731701244917243,0.06196023896328873,0.564869636544987
25659,Neutral,0.5172852438670018,0.07960227944540794,0.40311247668759015
25660,LOF,0.025902171416610015,0.08455767090603424,0.8895401576773557
25661,LOF,0.09036085296940415,0.05974673889602309,0.8498924081345728
25662,LOF,0.0326133002157821,0.03337519632313959,0.9340115034610784
25663,LOF,0.03867284018701313,0.04462461316711322,0.9167025466458736
25664,LOF,0.14017185478919522,0.05579682003953716,0.8040313251712676
25665,LOF,0.05233704989929129,0.02891153155603299,0.9187514185446757
25666,LOF,0.089357967719175,0.06858954196514143,0.8420524903156836
25667,LOF,0.06274687944131181,0.036958168207336724,0.9002949523513515
25668,LOF,0.035631491484451085,0.04855091422065944,0.9158175942948894
25669,LOF,0.032796757636289364,0.05319749272396293,0.9140057496397478
25670,LOF,0.14023678347382423,0.04813663791067917,0.8116265786154966
25671,LOF,0.0945187184190898,0.033774550324313625,0.8717067312565966
25672,LOF,0.05329029640805188,0.03876315683623899,0.9079465467557091
25673,LOF,0.08214643822940053,0.04112309266363735,0.8767304691069621
25674,LOF,0.07129030352774036,0.05103568153923553,0.8776740149330242
25675,LOF,0.12211117629610362,0.049397921376551836,0.8284909023273447
25676,LOF,0.01775141005023507,0.05361305358000348,0.9286355363697614
25677,LOF,0.026434792869170973,0.06927167926251693,0.9042935278683122
25678,LOF,0.1928245110945421,0.06302859411669641,0.7441468947887614
25679,LOF,0.12932632428358382,0.07834533258833774,0.7923283431280784
25680,LOF,0.03082143785698394,0.11049268694561298,0.8586858751974031
25681,LOF,0.04980173049430057,0.10197333348949253,0.848224936016207
25682,LOF,0.13228655119241456,0.06846037042179731,0.7992530783857881
25683,LOF,0.12243749385511438,0.08675251522186543,0.7908099909230202
25684,LOF,0.04107577213516794,0.0680213342026046,0.8909028936622275
25685,LOF,0.12422021187183793,0.04898396333125078,0.8267958247969112
25686,LOF,0.06943172808137832,0.08744808733880376,0.843120184579818
25687,LOF,0.10533742962679361,0.08767815466780868,0.8069844157053978
25688,LOF,0.32607463146245674,0.03468844049812651,0.6392369280394168
25689,LOF,0.2292059030675137,0.03794573263899937,0.7328483642934869
25690,LOF,0.3651957923818829,0.03143045450227552,0.6033737531158416
25691,Neutral,0.7150500122241886,0.025819708680611828,0.25913027909519937
25692,LOF,0.29477053310687285,0.011653993342140817,0.6935754735509863
25693,GOF,0.05193534578840584,0.47598318904455017,0.472081465167044
25694,LOF,0.12064447168856683,0.017850694443287102,0.8615048338681461
25695,LOF,0.11378017548679482,0.016318045411063794,0.8699017791021414
25696,LOF,0.11550115266981129,0.00969888024852058,0.8747999670816682
25697,LOF,0.11500878542356577,0.03272523212306034,0.8522659824533739
25698,LOF,0.3200691896047202,0.23878434822262995,0.44114646217264997
25699,LOF,0.42178088832544186,0.036257233211608016,0.5419618784629501
25700,LOF,0.05607419078293737,0.008577385659366521,0.9353484235576962
25701,LOF,0.15531939585786106,0.047996496333980024,0.7966841078081589
25702,GOF,0.1855155045222344,0.5698566992043096,0.24462779627345604
25703,LOF,0.017332830627807504,0.17750660691405137,0.805160562458141
25704,LOF,0.04978116732659423,0.13630113008834507,0.8139177025850606
25705,LOF,0.06047534721353808,0.17424246747084432,0.7652821853156176
25706,LOF,0.09743719958267703,0.3884766126853388,0.5140861877319842
25707,LOF,0.09755589290108276,0.2956600229927276,0.6067840841061897
25708,LOF,0.02751579286611173,0.2511149377810816,0.7213692693528067
25709,LOF,0.059369063100596045,0.03900551981751921,0.9016254170818847
25710,LOF,0.013009340920758325,0.12610865871372384,0.8608820003655179
25711,LOF,0.018912991205788342,0.08762086345035819,0.8934661453438534
25712,LOF,0.014630569549927978,0.17862186234771782,0.8067475681023543
25713,LOF,0.018141255986767933,0.07501253155883214,0.9068462124544
25714,LOF,0.0662856546636749,0.07468770513658166,0.8590266401997435
25715,LOF,0.010107564080483265,0.1347065666188052,0.8551858693007115
25716,LOF,0.015009694213671891,0.11259821292143168,0.8723920928648965
25717,LOF,0.014637250038438925,0.07707799270292719,0.9082847572586339
25718,LOF,0.011846574873326639,0.0964414660064449,0.8917119591202285
25719,LOF,0.017857438293766487,0.07578598847655271,0.9063565732296809
25720,LOF,0.021528315073608823,0.0672406827768194,0.9112310021495719
25721,LOF,0.014879018712555085,0.10042809166621627,0.8846928896212287
25722,LOF,0.012997520165596382,0.11674219781188595,0.8702602820225177
25723,LOF,0.022471599323890357,0.041332690213919575,0.9361957104621901
25724,LOF,0.02196798247869337,0.07761773146474396,0.9004142860565627
25725,LOF,0.011311964763112912,0.06774922406429372,0.9209388111725932
25726,LOF,0.01484070489232755,0.09253310051910187,0.8926261945885706
25727,LOF,0.013309150094405595,0.07128893677889091,0.9154019131267034
25728,LOF,0.00969093389857635,0.10048288270781691,0.8898261833936066
25729,LOF,0.009948893556154196,0.09970910925375624,0.8903419971900897
25730,LOF,0.013628029819788499,0.07433488468275709,0.9120370854974544
25731,LOF,0.02243910224934156,0.10429513689450504,0.8732657608561534
25732,LOF,0.014588832299701478,0.07923757407157977,0.9061735936287187
25733,LOF,0.015874284570218687,0.06636507279061936,0.9177606426391619
25734,LOF,0.013384338145017058,0.1165752523183917,0.8700404095365912
25735,LOF,0.012690010019026421,0.08236616259948226,0.9049438273814914
25736,LOF,0.013221280935244169,0.10090413052944613,0.8858745885353098
25737,LOF,0.02081561344743544,0.08235824072579168,0.8968261458267729
25738,LOF,0.013656554346096762,0.10113882915507594,0.8852046164988272
25739,LOF,0.019566372991423695,0.07929982470246753,0.9011338023061088
25740,LOF,0.02634382903065135,0.09556307221837136,0.8780930987509772
25741,LOF,0.015157618195954074,0.10000192218345297,0.884840459620593
25742,LOF,0.11797107723228338,0.07350389898001282,0.8085250237877037
25743,LOF,0.03677407855511739,0.032471755663109406,0.9307541657817732
25744,Neutral,0.6110260179060085,0.18569531901434402,0.20327866307964737
25745,LOF,0.08459803224419106,0.07061953140508813,0.8447824363507208
25746,LOF,0.041112622478727844,0.08268338643168174,0.8762039910895904
25747,LOF,0.021568447421160365,0.0422407589559138,0.9361907936229259
25748,LOF,0.09863384150272984,0.06363671087788815,0.837729447619382
25749,LOF,0.026262792018469837,0.07651654167070794,0.8972206663108222
25750,LOF,0.08515489827180046,0.08592008746684701,0.8289250142613526
25751,LOF,0.09050432210810713,0.06528569713153941,0.8442099807603535
25752,GOF,0.09478666580650136,0.6747025150545327,0.23051081913896607
25753,LOF,0.0213579923317396,0.28504712071806887,0.6935948869501914
25754,GOF,0.010810365647146457,0.7897725499816514,0.1994170843712021
25755,LOF,0.028222639676368406,0.365288630594906,0.6064887297287256
25756,LOF,0.04068846909208771,0.3688219880382075,0.5904895428697049
25757,GOF,0.014494037182510789,0.848483616972974,0.13702234584451511
25758,GOF,0.029469440377982173,0.8399378749346806,0.1305926846873371
25759,GOF,0.010610246705664975,0.5477669297080164,0.4416228235863187
25760,LOF,0.013491072446595323,0.22744234425953186,0.7590665832938728
25761,GOF,0.26870203087664424,0.6347710752646871,0.09652689385866871
25762,LOF,0.03556901857010232,0.2616097392529789,0.7028212421769188
25763,LOF,0.013206828061383636,0.19517021271158835,0.791622959227028
25764,GOF,0.06944562819247459,0.6503112236895363,0.280243148117989
25765,GOF,0.04252155935357791,0.7683909762062541,0.189087464440168
25766,GOF,0.0696513136790297,0.7819991952965912,0.1483494910243791
25767,GOF,0.1592238915398512,0.4441882584533524,0.3965878500067964
25768,LOF,0.09210130454816447,0.060238719501317456,0.8476599759505181
25769,LOF,0.06508065897544768,0.0687390517894455,0.8661802892351069
25770,LOF,0.3044149136936829,0.08912188975788929,0.6064631965484278
25771,LOF,0.03984558331311723,0.052110231445029895,0.9080441852418529
25772,LOF,0.016658124804112776,0.03419755135767299,0.9491443238382142
25773,LOF,0.04650855632525497,0.08463538150467373,0.8688560621700714
25774,LOF,0.028930395156225017,0.07719675908109658,0.8938728457626784
25775,LOF,0.04553147701697811,0.04541190019421476,0.9090566227888071
25776,LOF,0.07098722544755987,0.02657913133807311,0.902433643214367
25777,LOF,0.3311564327844874,0.05140569760848998,0.6174378696070226
25778,LOF,0.06444588140236178,0.052491695929524296,0.883062422668114
25779,GOF,0.3771669925569204,0.585863442335356,0.036969565107723604
25780,GOF,0.2980153943076805,0.6338099441363576,0.06817466155596195
25781,GOF,0.13876676943810762,0.768626000678991,0.09260722988290139
25782,GOF,0.20286851088453614,0.7302815790383733,0.06684991007709044
25783,GOF,0.030094847395264898,0.6525143182645285,0.3173908343402066
25784,Neutral,0.49014635480737734,0.47355363537781336,0.036300009814809304
25785,GOF,0.43215766500291375,0.5287277299564725,0.03911460504061357
25786,GOF,0.027581726551329257,0.7477131299463573,0.22470514350231344
25787,Neutral,0.6306201898604626,0.3447440125963408,0.02463579754319663
25788,LOF,0.053271916733194466,0.10287436401563971,0.8438537192511659
25789,GOF,0.1895596283696279,0.6762998745449761,0.13414049708539616
25790,GOF,0.21998505498198184,0.6761405160179847,0.10387442900003345
25791,GOF,0.17647862082804683,0.6595929948784365,0.16392838429351675
25792,GOF,0.3525731585180147,0.5248732841924638,0.12255355728952151
25793,GOF,0.2608157401364553,0.5299474376542938,0.2092368222092509
25794,GOF,0.2931328539468078,0.5407726068470486,0.1660945392061436
25795,GOF,0.08083519338190905,0.7132841719599544,0.20588063465813658
25796,Neutral,0.5367234474121317,0.38381595472053315,0.07946059786733516
25797,GOF,0.0989304442047405,0.5733263127425763,0.3277432430526832
25798,GOF,0.00877686634164284,0.5247917560674482,0.4664313775909089
25799,LOF,0.007469644292084402,0.40667842229548434,0.5858519334124314
25800,GOF,0.03668920768436492,0.619229212833753,0.34408157948188217
25801,GOF,0.20674561869595584,0.6734997961825026,0.11975458512154166
25802,GOF,0.0803826172417083,0.6895837146775498,0.2300336680807418
25803,GOF,0.03681555527981731,0.58855909404571,0.37462535067447267
25804,GOF,0.033364203512016244,0.4906287305860793,0.4760070659019044
25805,GOF,0.12467893348904717,0.5898740055745181,0.2854470609364348
25806,GOF,0.10783565783888802,0.585967196333215,0.3061971458278969
25807,GOF,0.02275441105134477,0.6287598856155526,0.34848570333310264
25808,GOF,0.0875383180103104,0.6420252803327292,0.2704364016569605
25809,GOF,0.019257244844840975,0.586303999405587,0.394438755749572
25810,GOF,0.01782057609317962,0.6274616839675312,0.3547177399392891
25811,GOF,0.45530915911164527,0.4746977932643999,0.06999304762395478
25812,GOF,0.02759851633669239,0.6415789332223705,0.33082255044093717
25813,Neutral,0.4958986639073592,0.4113534257792795,0.09274791031336133
25814,GOF,0.11467947087231764,0.6546085576509902,0.23071197147669206
25815,GOF,0.20118328963572915,0.6202020547380781,0.17861465562619275
25816,GOF,0.02293748908432514,0.706667253386651,0.2703952575290238
25817,GOF,0.24138103649270873,0.6337642882807206,0.1248546752265707
25818,GOF,0.05778609724692828,0.6604265182392478,0.281787384513824
25819,GOF,0.3688142176823496,0.4970114334631519,0.13417434885449853
25820,GOF,0.2019487241521094,0.6000174234934734,0.19803385235441714
25821,GOF,0.06385746932806623,0.679600446408769,0.25654208426316477
25822,GOF,0.21830985745218578,0.5637616472678332,0.21792849527998107
25823,GOF,0.033821979577891736,0.5532749402702228,0.4129030801518855
25824,GOF,0.0900795006446606,0.6327276297502306,0.27719286960510897
25825,GOF,0.03721750399333795,0.6289769030845942,0.333805592922068
25826,GOF,0.016423638971012195,0.604603849548228,0.3789725114807598
25827,GOF,0.030463369474862667,0.6066630621854451,0.36287356833969225
25828,GOF,0.0160568641601057,0.5482983836115748,0.43564475222831944
25829,GOF,0.005882830377847306,0.576435842314845,0.4176813273073076
25830,LOF,0.035922816624198765,0.27229251386607967,0.6917846695097216
25831,GOF,0.2385559677765271,0.6584681181615407,0.10297591406193213
25832,GOF,0.03356206198287729,0.7284774031107858,0.237960534906337
25833,GOF,0.12689522879181972,0.731345022987648,0.1417597482205321
25834,GOF,0.03194391014151981,0.7440167380028514,0.2240393518556287
25835,GOF,0.06894886631844607,0.7838055951655097,0.1472455385160441
25836,GOF,0.038124120468058215,0.7163293912607593,0.24554648827118256
25837,GOF,0.029662304028030672,0.6341742301530361,0.3361634658189332
25838,GOF,0.09951840965323432,0.7706163410283113,0.12986524931845428
25839,GOF,0.29453489280100137,0.5919132609208806,0.11355184627811811
25840,GOF,0.26285101643670056,0.6005144292952646,0.13663455426803492
25841,GOF,0.24468453588789812,0.6299311103426027,0.12538435376949922
25842,GOF,0.15270147584869231,0.7333016841829705,0.11399683996833711
25843,GOF,0.20927005999038953,0.7074900987001931,0.08323984130941738
25844,GOF,0.06658322786852222,0.7368792100069667,0.19653756212451107
25845,GOF,0.017324276746766995,0.5173315631416552,0.4653441601115778
25846,GOF,0.1278537758462886,0.7498356177985874,0.122310606355124
25847,GOF,0.10175248483260901,0.8007922606306652,0.09745525453672582
25848,GOF,0.03607399618765374,0.7071979551662717,0.2567280486460744
25849,GOF,0.010712058731111423,0.6181307349264888,0.3711572063423998
25850,GOF,0.021991993464519542,0.6718329559861811,0.3061750505492995
25851,GOF,0.016494806431219453,0.5620842271949902,0.42142096637379034
25852,GOF,0.16911486487563385,0.5508385625720205,0.2800465725523457
25853,GOF,0.3514423995738842,0.5743829521123993,0.0741746483137164
25854,GOF,0.02371887936377904,0.6425149241002542,0.3337661965359667
25855,GOF,0.036687406976272534,0.5724195208044998,0.3908930722192277
25856,GOF,0.2430945742235982,0.5497007498474041,0.20720467592899758
25857,GOF,0.040046568654151606,0.5357624423930389,0.42419098895280954
25858,GOF,0.021550546019589282,0.5547963681591849,0.4236530858212259
25859,GOF,0.010030582612674805,0.5255204037282318,0.4644490136590934
25860,GOF,0.35144158656118707,0.5661259780166148,0.08243243542219814
25861,GOF,0.4246411503038222,0.5154931598743144,0.0598656898218634
25862,GOF,0.08700115568631037,0.7854128676910785,0.1275859766226111
25863,GOF,0.08224353083389666,0.7855193170105598,0.13223715215554346
25864,GOF,0.1952573930675955,0.7389793075071593,0.0657632994252451
25865,GOF,0.09451622936476758,0.8079336779977344,0.09755009263749792
25866,GOF,0.06006084818901459,0.7967628790286329,0.14317627278235256
25867,GOF,0.09013260482439743,0.814334392788588,0.09553300238701445
25868,GOF,0.23740236578925564,0.667073599152597,0.09552403505814744
25869,Neutral,0.7012539683426736,0.259454037884294,0.03929199377303224
25870,GOF,0.2910411388450709,0.4066064296050359,0.3023524315498931
25871,GOF,0.23331835907186657,0.6477235748758278,0.11895806605230559
25872,GOF,0.07719832720234696,0.6658360459788791,0.25696562681877394
25873,GOF,0.11355900920748573,0.7203742288391858,0.16606676195332865
25874,LOF,0.01535603473006832,0.10802466824398226,0.8766192970259493
25875,LOF,0.09816938559830608,0.04586628471482926,0.8559643296868648
25876,LOF,0.03694409266053663,0.03003367932965748,0.9330222280098059
25877,Neutral,0.5263422591037507,0.04336205514261728,0.4302956857536321
25878,LOF,0.22943060412648694,0.09765122134126702,0.672918174532246
25879,LOF,0.08869929468006907,0.099613911031244,0.811686794288687
25880,LOF,0.040800787220070606,0.014917721206850209,0.9442814915730793
25881,LOF,0.18689537959755995,0.12203514303959154,0.6910694773628485
25882,LOF,0.060284352051750145,0.018048186653960466,0.9216674612942894
25883,LOF,0.06405701193623116,0.019309044482763885,0.9166339435810049
25884,LOF,0.030253612603521652,0.0297808910674691,0.9399654963290092
25885,LOF,0.059709723574473524,0.012104259594807534,0.928186016830719
25886,LOF,0.2680149333150055,0.036735019916796854,0.6952500467681978
25887,LOF,0.16966621692770884,0.06499450153314787,0.7653392815391433
25888,LOF,0.06519306889304076,0.05737788148735357,0.8774290496196058
25889,LOF,0.038478505974076066,0.019410772478467456,0.9421107215474566
25890,LOF,0.04657774994756246,0.15076358181169583,0.8026586682407417
25891,LOF,0.042254619680744426,0.0516599831085986,0.9060853972106571
25892,LOF,0.08003706077277774,0.021700374811371683,0.8982625644158506
25893,LOF,0.24008613337011683,0.019899162245532957,0.7400147043843502
25894,LOF,0.19172187121045162,0.011096452441894588,0.7971816763476538
25895,LOF,0.19976001561388113,0.022066213050728565,0.7781737713353903
25896,LOF,0.051434079302991556,0.021486822504987898,0.9270790981920205
25897,LOF,0.27648724518066836,0.011568764269891264,0.7119439905494405
25898,Neutral,0.7014837400059126,0.009718860887422912,0.2887973991066644
25899,LOF,0.21821183230552088,0.020056543893229722,0.7617316238012494
25900,LOF,0.44017062654092337,0.012829915438302763,0.5469994580207739
25901,LOF,0.05201804179808075,0.012468502444175914,0.9355134557577433
25902,LOF,0.1545844283803589,0.014719013218047045,0.8306965584015941
25903,Neutral,0.5928567996249764,0.028723929797378988,0.3784192705776445
25904,LOF,0.3190302238548692,0.04132945367700653,0.6396403224681243
25905,LOF,0.023110361693846334,0.3217759656340255,0.6551136726721283
25906,LOF,0.03222414110267997,0.07809083991261484,0.8896850189847051
25907,LOF,0.013839924334264389,0.33633598360449296,0.6498240920612427
25908,LOF,0.00977847036361822,0.26163533012396556,0.7285861995124162
25909,LOF,0.012512594699124222,0.1302078549816842,0.8572795503191917
25910,LOF,0.052567104637306294,0.14292450201132897,0.8045083933513647
25911,LOF,0.1692334494832773,0.03504978201007198,0.7957167685066507
25912,LOF,0.04753138102612679,0.056150892932122234,0.896317726041751
25913,LOF,0.35237072977191364,0.025951177879588373,0.621678092348498
25914,LOF,0.0206922095725764,0.06085208706629103,0.9184557033611326
25915,Neutral,0.5861038281880028,0.15623122504587034,0.25766494676612695
25916,LOF,0.08111025622394058,0.208815136630843,0.7100746071452164
25917,LOF,0.06330400211589404,0.047138611854741844,0.8895573860293642
25918,LOF,0.021166071727303514,0.03590525466425252,0.942928673608444
25919,LOF,0.01856414079389163,0.037458142957467765,0.9439777162486407
25920,GOF,0.10578104279470064,0.5392151942300972,0.3550037629752022
25921,LOF,0.02440580271001779,0.03847195010078145,0.9371222471892008
25922,LOF,0.032773578061569074,0.028020915130086328,0.9392055068083447
25923,LOF,0.45385918645039164,0.042580334350160426,0.5035604791994479
25924,LOF,0.03611460081083732,0.04412427051905003,0.9197611286701126
25925,LOF,0.06892915076660566,0.044380652804169286,0.8866901964292251
25926,LOF,0.04833165146883324,0.03868727634194087,0.9129810721892259
25927,LOF,0.0630558583058036,0.13718311478249295,0.7997610269117035
25928,LOF,0.018236412504021637,0.05032541408994359,0.9314381734060349
25929,Neutral,0.5800722007065682,0.04615056072060228,0.3737772385728296
25930,LOF,0.07006763993784848,0.03633612025796152,0.8935962398041901
25931,LOF,0.023308007861025277,0.03252343430533975,0.944168557833635
25932,LOF,0.028297266697110208,0.028298292275566583,0.9434044410273232
25933,LOF,0.036759903569041505,0.020505832539985336,0.9427342638909731
25934,LOF,0.02328968975088535,0.022259041814039766,0.9544512684350749
25935,LOF,0.05829070361024591,0.056934843617079775,0.8847744527726742
25936,LOF,0.04168680028651325,0.023921048003740703,0.934392151709746
25937,LOF,0.026770898498139885,0.03844864727542957,0.9347804542264304
25938,LOF,0.06011922984658722,0.05751184101966982,0.882368929133743
25939,LOF,0.038203637809771936,0.023531148900937045,0.938265213289291
25940,LOF,0.02979940691641971,0.344386559115999,0.6258140339675813
25941,LOF,0.1861630981120108,0.09678128289025875,0.7170556189977304
25942,LOF,0.012957580489632812,0.035191750950419674,0.9518506685599476
25943,LOF,0.29130470649007706,0.051839832692088035,0.656855460817835
25944,Neutral,0.4943438821215529,0.022064369549928655,0.4835917483285184
25945,LOF,0.07592770178196308,0.01991925699798003,0.9041530412200568
25946,LOF,0.03293900276967678,0.12008298670120207,0.8469780105291211
25947,LOF,0.12005898502054982,0.16263954218743873,0.7173014727920114
25948,LOF,0.3819026974411956,0.008107618461407014,0.6099896840973973
25949,LOF,0.12884095564617987,0.035179433475375506,0.8359796108784446
25950,GOF,0.33220093520653415,0.34380145107840004,0.3239976137150658
25951,LOF,0.21546135430260724,0.24866429114903907,0.5358743545483536
25952,LOF,0.05316613649183024,0.405287414271246,0.5415464492369237
25953,LOF,0.14923304731138248,0.11026460174455158,0.7405023509440659
25954,Neutral,0.42820400356115346,0.16852264283433463,0.40327335360451183
25955,LOF,0.0545960182941396,0.0824614939292197,0.8629424877766407
25956,LOF,0.16287329867988126,0.11343264786452936,0.7236940534555893
25957,LOF,0.035519696306014426,0.03050372530476582,0.9339765783892197
25958,LOF,0.05571497103766016,0.029250574056652955,0.9150344549056868
25959,LOF,0.06863898287493064,0.35844464184685204,0.5729163752782174
25960,LOF,0.016037282280940427,0.05738934458748602,0.9265733731315735
25961,LOF,0.04268515175574617,0.02896555897588734,0.9283492892683665
25962,LOF,0.05130441800594707,0.022678409318709267,0.9260171726753437
25963,LOF,0.046008422062645576,0.18393859764741716,0.7700529802899373
25964,LOF,0.03134871884377347,0.1407712241926353,0.8278800569635911
25965,LOF,0.4163748470859771,0.06422843655796713,0.5193967163560557
25966,Neutral,0.5183591619831529,0.1840131061546644,0.2976277318621828
25967,LOF,0.017087089664633456,0.10909626183158866,0.8738166485037778
25968,LOF,0.03465631212573787,0.3966094630804428,0.5687342247938193
25969,LOF,0.03480588183363071,0.057654478828026684,0.9075396393383427
25970,LOF,0.0614914207632893,0.06386844500512907,0.8746401342315816
25971,LOF,0.06774080124204668,0.019980408020908252,0.9122787907370452
25972,LOF,0.06784457904299199,0.030384067716350556,0.9017713532406574
25973,LOF,0.07952379864857506,0.008847949154379971,0.911628252197045
25974,LOF,0.19510838798257576,0.015164415680800373,0.7897271963366238
25975,LOF,0.04762174595783136,0.02396179939886504,0.9284164546433037
25976,LOF,0.04220449646248589,0.015142354390912794,0.9426531491466014
25977,LOF,0.1460557922717464,0.08449927996370818,0.7694449277645454
25978,LOF,0.156678067011747,0.07835640731179541,0.7649655256764577
25979,LOF,0.1415376507538359,0.08327651613242198,0.7751858331137421
25980,LOF,0.23575442657565915,0.09809404528150338,0.6661515281428374
25981,LOF,0.2684503620057055,0.09676495085820294,0.6347846871360915
25982,LOF,0.41260560412074904,0.07741175152032806,0.5099826443589229
25983,LOF,0.39666208998179797,0.08091951279714667,0.5224183972210553
25984,LOF,0.04868104768239653,0.04719774874482633,0.9041212035727771
25985,LOF,0.03852964484011803,0.29551731212845467,0.6659530430314272
25986,LOF,0.046208269461363576,0.3486870154590302,0.6051047150796063
25987,LOF,0.0791383514009876,0.07158932798810055,0.849272320610912
25988,LOF,0.15345805935178145,0.05781335206270076,0.7887285885855178
25989,LOF,0.0340969227924835,0.11234062305196606,0.8535624541555504
25990,LOF,0.04009396424614497,0.1546510144103942,0.8052550213434609
25991,LOF,0.1273620048163606,0.23931618007767405,0.6333218151059653
25992,LOF,0.26462106920108375,0.13863404318041875,0.5967448876184975
25993,LOF,0.02198541636106854,0.07495608313117944,0.9030585005077522
25994,LOF,0.017119629774495125,0.08573772029855636,0.8971426499269485
25995,LOF,0.02241865258630319,0.19176660070781704,0.7858147467058799
25996,GOF,0.3188109388550908,0.38238132866795277,0.2988077324769564
25997,LOF,0.08533342350113049,0.34584080280940066,0.5688257736894688
25998,Neutral,0.5066128162379627,0.026523174316431926,0.4668640094456053
25999,LOF,0.10430953321965876,0.08979863187788438,0.8058918349024569
26000,LOF,0.13533360943312278,0.047598486279849826,0.8170679042870274
26001,LOF,0.20287369052646487,0.05115665752521523,0.7459696519483199
26002,LOF,0.12467975745564813,0.04324084325398529,0.8320793992903667
26003,GOF,0.010862859085810557,0.577395518345165,0.4117416225690244
26004,GOF,0.024383353651260063,0.6846138153147174,0.29100283103402247
26005,LOF,0.006768156789765183,0.4392892162791603,0.5539426269310745
26006,Neutral,0.49129203351198725,0.27173959113884116,0.2369683753491716
26007,GOF,0.02189283415010196,0.533315615177496,0.444791550672402
26008,GOF,0.018075379542291357,0.6096475297444502,0.3722770907132585
26009,GOF,0.019622118220775975,0.6704467782987522,0.30993110348047176
26010,GOF,0.0240421481854725,0.6339527349048174,0.34200511690970997
26011,LOF,0.0071060167541489964,0.4292048607137605,0.5636891225320906
26012,GOF,0.0129496005780698,0.5606057301160238,0.4264446693059065
26013,GOF,0.020410234971228198,0.6310861657538428,0.348503599274929
26014,LOF,0.0390712262147133,0.09793891586662665,0.86298985791866
26015,LOF,0.17709948478533086,0.016141605813884338,0.8067589094007848
26016,LOF,0.2119748936062032,0.05673137058411175,0.731293735809685
26017,LOF,0.22556608118452937,0.08922449813497682,0.6852094206804938
26018,LOF,0.08100025262485039,0.037211760130570204,0.8817879872445794
26019,LOF,0.07699809586745313,0.0294479590355603,0.8935539450969865
26020,LOF,0.07439425336571615,0.10857233103933185,0.817033415594952
26021,LOF,0.0536924949531719,0.11118604280430575,0.8351214622425224
26022,LOF,0.011149200116091374,0.03761757265472813,0.9512332272291806
26023,LOF,0.07007968702262951,0.024298845202077195,0.9056214677752933
26024,LOF,0.032549467624009835,0.11872942977366935,0.8487211026023208
26025,LOF,0.16141402907662755,0.09546184370359923,0.7431241272197733
26026,LOF,0.3243806814271654,0.029145975626848477,0.6464733429459861
26027,LOF,0.06169738612703678,0.018523004939168815,0.9197796089337944
26028,LOF,0.16779788556400838,0.06345832782148461,0.7687437866145072
26029,LOF,0.06901818971829976,0.17167345889615693,0.7593083513855434
26030,LOF,0.023568895430251355,0.05394753184802074,0.9224835727217279
26031,LOF,0.02638609669149962,0.12285691871846098,0.8507569845900395
26032,LOF,0.05980570678972022,0.08180529725277023,0.8583889959575096
26033,LOF,0.08410222001441614,0.08316304495290539,0.8327347350326784
26034,LOF,0.039311989854028784,0.14503628994962808,0.8156517201963431
26035,LOF,0.0245684193238987,0.13707423945630215,0.8383573412197991
26036,LOF,0.03916129926532782,0.15596249892095138,0.8048762018137208
26037,LOF,0.02103159038550251,0.11372716536440106,0.8652412442500964
26038,LOF,0.05605396997849277,0.08763403430509617,0.856311995716411
26039,LOF,0.045088016613751725,0.1391775992403337,0.8157343841459146
26040,LOF,0.20204430230081843,0.13020664185924585,0.6677490558399357
26041,LOF,0.021987844520262298,0.10543326977120587,0.8725788857085319
26042,LOF,0.019950034962927878,0.10083561439018195,0.8792143506468901
26043,LOF,0.05666252789571079,0.10005664773088693,0.8432808243734023
26044,LOF,0.019343159388436244,0.06760977818289872,0.9130470624286651
26045,LOF,0.06813865437909442,0.09539941167242383,0.8364619339484817
26046,LOF,0.0527971035007568,0.08533243864819016,0.861870457851053
26047,LOF,0.06878112575209704,0.08838104403995473,0.8428378302079481
26048,LOF,0.046211386467929653,0.04290977261846087,0.9108788409136094
26049,Neutral,0.9653384447693774,0.0071343457415873855,0.027527209489035392
26050,Neutral,0.949876828620312,0.009238449659624524,0.04088472172006344
26051,LOF,0.04417144428418628,0.28163560153869244,0.6741929541771213
26052,LOF,0.06329790777271453,0.31447641707682006,0.6222256751504655
26053,LOF,0.0566924791024677,0.15825175072470596,0.7850557701728264
26054,LOF,0.05257080518875422,0.016434581810667093,0.9309946130005787
26055,LOF,0.0689417375862143,0.014922744544773991,0.9161355178690117
26056,LOF,0.06128179607537199,0.01694090468590528,0.9217772992387228
26057,LOF,0.030842646272770096,0.010970968705640245,0.9581863850215897
26058,LOF,0.031860215005107106,0.009042096497825513,0.9590976884970674
26059,LOF,0.28342748528943545,0.02118489054855648,0.6953876241620081
26060,LOF,0.050315594883122094,0.16178941971855737,0.7878949853983205
26061,LOF,0.018143408389644827,0.01086499708088682,0.9709915945294684
26062,LOF,0.01097230231558236,0.016438980731070245,0.9725887169533474
26063,LOF,0.020394317900012626,0.009598963060933384,0.9700067190390541
26064,LOF,0.02201301663340389,0.022425228054275666,0.9555617553123205
26065,LOF,0.026805922265963043,0.011158363037080734,0.9620357146969563
26066,LOF,0.020315858167616708,0.010284462745682137,0.9693996790867012
26067,LOF,0.027258927286884862,0.008172509186667667,0.9645685635264474
26068,LOF,0.04550313931243172,0.02681097717242655,0.9276858835151418
26069,LOF,0.26015415656835833,0.017357532252031283,0.7224883111796103
26070,LOF,0.3988680116893352,0.015007907077244028,0.5861240812334207
26071,LOF,0.02000561162852992,0.011357031773813194,0.9686373565976568
26072,LOF,0.020468793533981282,0.016575791485937522,0.9629554149800813
26073,LOF,0.019971633079550462,0.010457768620419935,0.9695705983000296
26074,Neutral,0.914094151792114,0.005431316106244785,0.0804745321016411
26075,LOF,0.04788351160470977,0.013298200844141742,0.9388182875511485
26076,LOF,0.03729452103930522,0.008458863663819495,0.9542466152968753
26077,LOF,0.010318090948649149,0.013622000699101838,0.976059908352249
26078,LOF,0.015921974978894807,0.0102943695107236,0.9737836555103815
26079,LOF,0.0633971680898376,0.015125667260458853,0.9214771646497035
26080,LOF,0.062373884052882855,0.015178113266658641,0.9224480026804585
26081,LOF,0.034774991409373075,0.006280273042672011,0.958944735547955
26082,LOF,0.013442677329640152,0.014429698610570642,0.9721276240597893
26083,LOF,0.16896557539927223,0.013354938055113626,0.8176794865456142
26084,LOF,0.03855398922138794,0.010163643025905222,0.9512823677527068
26085,LOF,0.034340916228594615,0.009754536791777353,0.955904546979628
26086,LOF,0.019979354486463055,0.010149230433342685,0.9698714150801941
26087,LOF,0.024288669015456458,0.007444507570465862,0.9682668234140777
26088,LOF,0.016152808528580493,0.020546723629812906,0.9633004678416066
26089,LOF,0.04456396611858829,0.019980738232138914,0.9354552956492728
26090,LOF,0.04456062820567571,0.016378062657152293,0.939061309137172
26091,LOF,0.03330011522210904,0.00585276215620063,0.9608471226216904
26092,LOF,0.022726281923799222,0.007507205412320872,0.9697665126638799
26093,LOF,0.03361660501849108,0.005819720115769949,0.960563674865739
26094,LOF,0.035871645621661535,0.005288715482684761,0.9588396388956537
26095,LOF,0.038657337905755144,0.013127682757305168,0.9482149793369395
26096,LOF,0.017619506830204305,0.010772392538037178,0.9716081006317585
26097,LOF,0.01217996427406687,0.032790715231142804,0.9550293204947903
26098,LOF,0.08502225918224704,0.010469809267189843,0.904507931550563
26099,LOF,0.02032629716706381,0.011592410991010427,0.9680812918419258
26100,LOF,0.022004739586238133,0.011068092486763102,0.9669271679269987
26101,LOF,0.0471975306765973,0.01386465762213057,0.9389378117012721
26102,LOF,0.020372767830345053,0.011226362573166483,0.9684008695964884
26103,Neutral,0.877537919212697,0.017830278247462333,0.10463180253984075
26104,LOF,0.08317194064178747,0.023334148025929174,0.8934939113322834
26105,LOF,0.19452421690968438,0.25547421844073237,0.5500015646495833
26106,LOF,0.18682460818752564,0.12443574392093039,0.6887396478915438
26107,LOF,0.20343133736085137,0.08856302696047937,0.7080056356786693
26108,LOF,0.23447572252971988,0.10294284422662282,0.6625814332436574
26109,LOF,0.09135498666232893,0.06125104073229925,0.8473939726053717
26110,LOF,0.24208721478573503,0.007623908072622417,0.7502888771416426
26111,Neutral,0.5073531262198016,0.0291545019482106,0.46349237183198794
26112,LOF,0.03224839247258455,0.007307318497472222,0.9604442890299432
26113,LOF,0.06183067495386023,0.01791829941128044,0.9202510256348594
26114,LOF,0.027156303832744467,0.028271100932136486,0.944572595235119
26115,LOF,0.09280515431767476,0.050086265595224846,0.8571085800871003
26116,LOF,0.06816525915341969,0.0521053432775569,0.8797293975690234
26117,LOF,0.44895160296281683,0.04517133595534042,0.5058770610818427
26118,LOF,0.032080562247220105,0.02521806153581724,0.9427013762169626
26119,LOF,0.025503593106897635,0.033302257083120186,0.9411941498099822
26120,LOF,0.024598569232103906,0.0185346577959938,0.9568667729719023
26121,LOF,0.04258581244751921,0.08366173308253502,0.8737524544699458
