feature0,prediction,LoGoFunc_Neutral,LoGoFunc_GOF,LoGoFunc_LOF
25546,Neutral,0.6163649790198965,0.054240092808778485,0.32939492817132504
25547,Neutral,0.48168453123937327,0.09056867921793106,0.4277467895426956
25548,Neutral,0.5072207641318696,0.0724967219466156,0.4202825139215148
25549,LOF,0.4307908686963953,0.07106715163190401,0.49814197967170065
25550,LOF,0.35711070516548693,0.09351822681082442,0.5493710680236886
25551,LOF,0.3294098952870196,0.09990253154024516,0.5706875731727352
25552,LOF,0.27172870714727326,0.10289311668139957,0.6253781761713273
25553,Neutral,0.7944820697655082,0.04587463488567738,0.15964329534881427
25554,LOF,0.3236705135236408,0.09371683504297626,0.582612651433383
25555,LOF,0.2745920775967571,0.08723078669757522,0.6381771357056677
25556,LOF,0.439951973555604,0.08503897247994015,0.4750090539644559
25557,LOF,0.2619270507030256,0.09484275733706418,0.6432301919599103
25558,LOF,0.3199891040849111,0.09053132100682935,0.5894795749082595
25559,LOF,0.2795947593340821,0.13449182197815018,0.5859134186877678
25560,LOF,0.16468901949873704,0.11203494267289245,0.7232760378283706
25561,LOF,0.16198620384964343,0.11924577026941374,0.7187680258809428
25562,LOF,0.0653031346916637,0.09126668340905722,0.843430181899279
25563,LOF,0.02397710781535795,0.15525597322579135,0.8207669189588507
25564,LOF,0.19509425503541414,0.12500677769583582,0.6798989672687501
25565,LOF,0.22247678818374286,0.140341918814044,0.6371812930022132
25566,GOF,0.08923529491010004,0.697167895118013,0.21359680997188701
25567,LOF,0.04205821537893452,0.17200259692776587,0.7859391876932996
25568,LOF,0.06834467440009914,0.08780308982007105,0.8438522357798299
25569,LOF,0.06559452429900009,0.09293481163646478,0.8414706640645352
25570,LOF,0.030133613681339502,0.11729473646863847,0.852571649850022
25571,LOF,0.029099805464484936,0.12425125173895427,0.8466489427965608
25572,LOF,0.06760976864619171,0.13746004556197644,0.7949301857918318
25573,LOF,0.06834571621273607,0.10767974833837096,0.8239745354488931
25574,LOF,0.06619116361557967,0.21438922446688483,0.7194196119175356
25575,LOF,0.02519520202643205,0.13959305898086208,0.8352117389927058
25576,LOF,0.0315434586361794,0.17943554981924523,0.7890209915445753
25577,LOF,0.034187226192181466,0.1273519345616722,0.8384608392461462
25578,LOF,0.3341240234577638,0.10446226931600967,0.5614137072262265
25579,LOF,0.1454814253389588,0.11334058550549639,0.7411779891555448
25580,LOF,0.023327608233820088,0.09580975399312831,0.8808626377730516
25581,LOF,0.061012759935373584,0.08443882482686627,0.8545484152377602
25582,LOF,0.061041940790996466,0.0815920176065463,0.8573660416024573
25583,LOF,0.024519348559753542,0.09359676333871661,0.8818838881015297
25584,Neutral,0.7010306203462364,0.1180776310563056,0.18089174859745805
25585,LOF,0.030852969934797605,0.1689029111162409,0.8002441189489615
25586,LOF,0.019209775907527205,0.08614460490728855,0.8946456191851843
25587,LOF,0.01873921588208456,0.0754190071486278,0.9058417769692877
25588,LOF,0.02209835768993796,0.08151975095589206,0.8963818913541699
25589,Neutral,0.5069225746459034,0.20731144436438584,0.28576598098971073
25590,LOF,0.05123154058307822,0.1373925418805844,0.8113759175363374
25591,LOF,0.10474366832914496,0.07300924224561747,0.8222470894252375
25592,LOF,0.061771133321521385,0.17359303707690302,0.7646358296015756
25593,LOF,0.16626981720346543,0.2563266309801551,0.5774035518163795
25594,LOF,0.05174755438644607,0.08841913796531604,0.859833307648238
25595,LOF,0.05493593155052175,0.06558064581810424,0.8794834226313739
25596,LOF,0.10865444308081412,0.03525347159381462,0.8560920853253713
25597,LOF,0.08104212327364065,0.04111909133401619,0.8778387853923431
25598,LOF,0.05041890711404069,0.06793101717563767,0.8816500757103215
25599,LOF,0.01813662022933438,0.48261022289758015,0.49925315687308547
25600,GOF,0.16571296896301954,0.5153295725262017,0.3189574585107787
25601,LOF,0.032993916357508826,0.42895594276012605,0.5380501408823651
25602,LOF,0.03693746176096596,0.06191804021115875,0.9011444980278753
25603,LOF,0.03583905096479133,0.034210075479708627,0.9299508735555
25604,LOF,0.03330954590637171,0.08001601518577486,0.8866744389078534
25605,LOF,0.03613864954237837,0.1935001657059321,0.7703611847516896
25606,LOF,0.4202389072163886,0.12195933073374982,0.45780176204986156
25607,LOF,0.026615300360184543,0.16119268133281478,0.8121920183070007
25608,LOF,0.03211747317974695,0.07228309946075731,0.8955994273594958
25609,GOF,0.1334832495056998,0.5151533565567854,0.35136339393751476
25610,LOF,0.016464753474154707,0.0328067276037912,0.9507285189220541
25611,LOF,0.014215885542748944,0.03753233162584913,0.9482517828314019
25612,LOF,0.052466974971528274,0.05363363976557196,0.8938993852628998
25613,LOF,0.050670641642011294,0.05162878145663096,0.8977005769013577
25614,LOF,0.022484245467236222,0.028167949810089826,0.9493478047226739
25615,LOF,0.042371594026483134,0.05175709127641523,0.9058713146971017
25616,LOF,0.05115932344544101,0.0332227070594183,0.9156179694951407
25617,LOF,0.04495122265008081,0.04710978375534178,0.9079389935945774
25618,LOF,0.051986148459248566,0.04031403786877434,0.907699813671977
25619,LOF,0.01364420393279307,0.03993843130591091,0.9464173647612959
25620,LOF,0.06496540023806097,0.0506867192327073,0.8843478805292317
25621,LOF,0.05807683268813058,0.04567859404933866,0.8962445732625308
25622,LOF,0.06434063860859002,0.0398421788831517,0.8958171825082583
25623,LOF,0.0709240106992157,0.03091135509727792,0.8981646342035065
25624,LOF,0.01911272511543549,0.039046000116171445,0.941841274768393
25625,LOF,0.06154123053524928,0.04249197019991675,0.8959667992648339
25626,LOF,0.048951997521914536,0.05111808492127677,0.8999299175568086
25627,Neutral,0.8994826483480937,0.01832356159003502,0.08219379006187132
25628,LOF,0.15508993489877806,0.05463010039450675,0.7902799647067152
25629,LOF,0.062134890627788195,0.05280789292606011,0.8850572164461518
25630,LOF,0.27372366673749826,0.06878092623258192,0.6574954070299199
25631,Neutral,0.5771592212649516,0.06049638844605299,0.3623443902889955
25632,LOF,0.02978849725291431,0.05986279327855765,0.9103487094685281
25633,LOF,0.16222509789447476,0.03634537627332567,0.8014295258321995
25634,LOF,0.03551406422500622,0.0855808891728078,0.8789050466021859
25635,LOF,0.03671429332522174,0.04175388211983873,0.9215318245549395
25636,LOF,0.03380330133105308,0.47362878298603794,0.49256791568290903
25637,GOF,0.06868720492253899,0.5115297972587921,0.4197829978186689
25638,LOF,0.02767029771977793,0.368756521794132,0.6035731804860901
25639,LOF,0.02908777850648928,0.41028293319144366,0.560629288302067
25640,Neutral,0.795871827605446,0.15510135409176287,0.049026818302791014
25641,GOF,0.08039987053163652,0.48909791393484253,0.4305022155335209
25642,LOF,0.05288048099982358,0.17576442162901715,0.7713550973711593
25643,LOF,0.18473065496798702,0.15868085589831218,0.6565884891337009
25644,LOF,0.023476112462224197,0.46186799390431316,0.5146558936334626
25645,LOF,0.02426043422049426,0.4131231145317573,0.5626164512477484
25646,LOF,0.05600267872023235,0.3242836664816379,0.6197136547981297
25647,LOF,0.026339683061611417,0.26188660778863454,0.711773709149754
25648,LOF,0.038123978538000924,0.25947034581296285,0.7024056756490361
25649,LOF,0.018106545084302962,0.24341917261553583,0.7384742823001612
25650,LOF,0.047866696508512906,0.3980145604193208,0.5541187430721664
25651,LOF,0.018268210536300247,0.2918544336189899,0.6898773558447098
25652,LOF,0.03720659807895827,0.27219900707157085,0.6905943948494709
25653,LOF,0.08429814402214365,0.40463469966307447,0.511067156314782
25654,LOF,0.02659183748073182,0.25203614578404443,0.7213720167352238
25655,GOF,0.21511326354103297,0.3964527168942822,0.38843401956468476
25656,LOF,0.3546757783941934,0.06440508102845474,0.5809191405773518
25657,LOF,0.0656602201296758,0.06048937680526514,0.8738504030650591
25658,LOF,0.3426008511152943,0.06018398963816101,0.5972151592465447
25659,Neutral,0.5082684643255876,0.08460639634741787,0.40712513932699457
25660,LOF,0.022571785932447786,0.08218790598368457,0.8952403080838677
25661,LOF,0.09858140759481449,0.0573101720164603,0.8441084203887251
25662,LOF,0.034393775976042526,0.03294884784533374,0.9326573761786238
25663,LOF,0.044944694136948425,0.04518941301272536,0.9098658928503262
25664,LOF,0.1407098576352908,0.057886862048426635,0.8014032803162826
25665,LOF,0.057577705903623655,0.03184596191538606,0.9105763321809902
25666,LOF,0.09622087206801946,0.06396529630488099,0.8398138316270994
25667,LOF,0.07493082479005846,0.03954178269364454,0.8855273925162971
25668,LOF,0.03785278144103495,0.04635554758055497,0.9157916709784101
25669,LOF,0.03325713435648613,0.04844318134410462,0.9182996842994093
25670,LOF,0.15497170095856966,0.05279376186627332,0.792234537175157
25671,LOF,0.11881712262186411,0.034400343756070595,0.8467825336220652
25672,LOF,0.05395555647994126,0.042995287305792426,0.9030491562142663
25673,LOF,0.08483438172794965,0.048116076063863755,0.8670495422081868
25674,LOF,0.0728566322514361,0.056368441135507284,0.8707749266130568
25675,LOF,0.12724671929621417,0.0542020463460251,0.8185512343577608
25676,LOF,0.019828100206030794,0.051124160276999536,0.9290477395169697
25677,LOF,0.02687976200619643,0.06994303448493217,0.9031772035088714
25678,LOF,0.21527313211463245,0.061181871002964204,0.7235449968824033
25679,LOF,0.12363108908172797,0.07630957134417293,0.8000593395740991
25680,LOF,0.03293617246380129,0.11360950316836642,0.8534543243678324
25681,LOF,0.052943482217845055,0.11197879692884914,0.8350777208533058
25682,LOF,0.1472565889493715,0.07252275556358098,0.7802206554870474
25683,LOF,0.11913300789721797,0.09134809584031514,0.7895188962624669
25684,LOF,0.04449069431320027,0.0723071454579336,0.8832021602288662
25685,LOF,0.13339138424580638,0.05145867204971883,0.8151499437044749
25686,LOF,0.08691031528903399,0.084240432753425,0.8288492519575409
25687,LOF,0.12244060899254822,0.09312526392580525,0.7844341270816465
25688,LOF,0.32865692741077074,0.030780398641204902,0.6405626739480242
25689,LOF,0.2590992443430248,0.03539844966740994,0.7055023059895653
25690,LOF,0.33696292099734426,0.028541456960506827,0.634495622042149
25691,Neutral,0.7129477925995737,0.0218624167718142,0.2651897906286121
25692,LOF,0.37976444699142115,0.010231830169052748,0.610003722839526
25693,LOF,0.0523727996039312,0.4049896816557209,0.5426375187403479
25694,LOF,0.11973043637982592,0.017990375868041565,0.8622791877521325
25695,LOF,0.11527172027052934,0.01788477487928243,0.8668435048501882
25696,LOF,0.13416957481677397,0.011220944513616278,0.8546094806696097
25697,LOF,0.09137229045517341,0.04405373671311451,0.864573972831712
25698,LOF,0.330812698525745,0.18568036006776656,0.4835069414064885
25699,LOF,0.45345599482807547,0.03783814354787395,0.5087058616240506
25700,LOF,0.07731706056151051,0.00968228630881778,0.9130006531296717
25701,LOF,0.14580825268077033,0.047129211467324,0.8070625358519057
25702,GOF,0.16478992435214357,0.5887281117223017,0.2464819639255548
25703,LOF,0.016624118106996145,0.16256169420483724,0.8208141876881666
25704,LOF,0.04268805741330662,0.10875945085874243,0.848552491727951
25705,LOF,0.05364959936020773,0.15827070244949704,0.7880796981902952
25706,LOF,0.09585481408354356,0.431340821000856,0.4728043649156005
25707,LOF,0.09711123351795478,0.36891935334549575,0.5339694131365494
25708,LOF,0.03035077567297419,0.3182393273299261,0.6514098969970996
25709,LOF,0.07121025975244391,0.04596808266938085,0.8828216575781752
25710,LOF,0.011759226735544923,0.14792116627359558,0.8403196069908594
25711,LOF,0.020455353515363466,0.10234485491223473,0.8771997915724017
25712,LOF,0.01410278870466628,0.18357082640557712,0.8023263848897566
25713,LOF,0.01976293620400727,0.08580700617914137,0.8944300576168513
25714,LOF,0.08071292985591316,0.08730646383579219,0.8319806063082946
25715,LOF,0.012254736769876998,0.14202170981770335,0.8457235534124196
25716,LOF,0.013573579987237057,0.11043848834266225,0.8759879316701007
25717,LOF,0.011938803554526251,0.08421096585683799,0.9038502305886358
25718,LOF,0.01362631744126531,0.10357523970567337,0.8827984428530613
25719,LOF,0.019286646754466164,0.08310930396877378,0.8976040492767601
25720,LOF,0.025146013773173655,0.06991898997351331,0.9049349962533131
25721,LOF,0.01639325895573009,0.1274021752598241,0.8562045657844458
25722,LOF,0.015550311431540892,0.12977116803449112,0.854678520533968
25723,LOF,0.02382988966802802,0.046401931704087074,0.9297681786278849
25724,LOF,0.03293691517116211,0.09668491118067407,0.8703781736481637
25725,LOF,0.012567698121224461,0.072358496027058,0.9150738058517175
25726,LOF,0.016231386574568032,0.11660461811478263,0.8671639953106494
25727,LOF,0.013943187459402534,0.08503861754534153,0.901018194995256
25728,LOF,0.010761183940678841,0.12141464228871114,0.86782417377061
25729,LOF,0.010988421725973823,0.12057320262494815,0.8684383756490781
25730,LOF,0.014852148987752658,0.09192738112035019,0.8932204698918972
25731,LOF,0.019303213743214333,0.11652372391079271,0.864173062345993
25732,LOF,0.014943247339643292,0.08546793636381206,0.8995888162965445
25733,LOF,0.017286513634536278,0.07912693092511515,0.9035865554403486
25734,LOF,0.0116611177409208,0.12711875156684735,0.8612201306922319
25735,LOF,0.0146390687542395,0.09267130028744394,0.8926896309583167
25736,LOF,0.015925905948848813,0.10615404252108701,0.8779200515300642
25737,LOF,0.012657427127637028,0.08452051031059733,0.9028220625617657
25738,LOF,0.013222595016878488,0.11456649478788677,0.8722109101952347
25739,LOF,0.022159267749862575,0.08300102571885362,0.8948397065312838
25740,LOF,0.027378498804137334,0.1215781086796612,0.8510433925162015
25741,LOF,0.01605441700298782,0.11779562291090306,0.8661499600861091
25742,LOF,0.13225674468490337,0.08852392448902079,0.7792193308260759
25743,LOF,0.03214541996335378,0.04364816711574815,0.9242064129208981
25744,Neutral,0.5745160686866629,0.20701063856215252,0.21847329275118446
25745,LOF,0.07649525406002337,0.07348622948406544,0.8500185164559113
25746,LOF,0.039537373641523856,0.09125014810496199,0.8692124782535141
25747,LOF,0.021945320620691714,0.0607556619545832,0.9172990174247251
25748,LOF,0.09044631934067848,0.0900601103755861,0.8194935702837354
25749,LOF,0.026091918972742954,0.09264770633765618,0.881260374689601
25750,LOF,0.0915910753542737,0.09014871367279256,0.8182602109729338
25751,LOF,0.09079163455517902,0.09899966391468742,0.8102087015301336
25752,GOF,0.11740181214167637,0.6283677329112208,0.25423045494710284
25753,LOF,0.01986266949418867,0.2654270105948396,0.7147103199109718
25754,GOF,0.012016985625873864,0.7629650594917128,0.2250179548824134
25755,LOF,0.022683522372159568,0.38429367267456266,0.5930228049532777
25756,LOF,0.046138879145282766,0.3472338629188212,0.606627257935896
25757,GOF,0.013617396557898063,0.8057936951925357,0.1805889082495663
25758,GOF,0.030771659524544873,0.7900731153741233,0.17915522510133178
25759,GOF,0.011421993923663838,0.551512360399626,0.4370656456767101
25760,LOF,0.012366218999895257,0.26161193644011255,0.7260218445599923
25761,GOF,0.26529183493649383,0.6424338721879476,0.09227429287555862
25762,LOF,0.03866344485227352,0.2595469513915744,0.7017896037561521
25763,LOF,0.013678031512154031,0.1912104246023655,0.7951115438854806
25764,GOF,0.0828857066986174,0.5846043673327714,0.3325099259686112
25765,GOF,0.03978663605853412,0.7351692058953966,0.22504415804606945
25766,GOF,0.06830733786639658,0.7239286442369519,0.2077640178966516
25767,GOF,0.1523354628303083,0.5530927901861808,0.29457174698351085
25768,LOF,0.11441655647754138,0.06839150494314059,0.817191938579318
25769,LOF,0.062032718598165414,0.05079218639855905,0.8871750950032756
25770,LOF,0.30905486185601977,0.09297462256766591,0.5979705155763144
25771,LOF,0.042965765848850396,0.04078388387538157,0.9162503502757681
25772,LOF,0.01892539927771192,0.0342219515820764,0.9468526491402116
25773,LOF,0.04726323551781514,0.08132946948837991,0.8714072949938051
25774,LOF,0.02823346642448341,0.06867970428139512,0.9030868292941214
25775,LOF,0.047764077077857556,0.04484832533941082,0.9073875975827316
25776,LOF,0.08573651028824654,0.021452107503598786,0.8928113822081547
25777,LOF,0.36930339398951084,0.048948003250008386,0.5817486027604808
25778,LOF,0.07385646151218765,0.04280095358682153,0.8833425849009909
25779,GOF,0.3518928856643782,0.6042573887012052,0.04384972563441675
25780,GOF,0.29157075683510836,0.640260144764547,0.0681690984003447
25781,GOF,0.12429866173451305,0.768107969154583,0.10759336911090386
25782,GOF,0.1999895527316419,0.7192264478786101,0.08078399938974799
25783,GOF,0.022999498893850622,0.6425372204525834,0.33446328065356606
25784,GOF,0.47459561741931316,0.47836719075416695,0.047037191826519865
25785,GOF,0.4422949483625022,0.5199990215034676,0.03770603013403029
25786,GOF,0.02658345302709414,0.7758605288941459,0.19755601807876003
25787,Neutral,0.601404487037062,0.37671753526776824,0.021877977695169696
25788,LOF,0.053502145851637616,0.12845667070995193,0.8180411834384106
25789,GOF,0.21228789787153785,0.679264429098041,0.10844767303042124
25790,GOF,0.20928975384147286,0.6970375072611839,0.09367273889734333
25791,GOF,0.17097377486950363,0.7015950000847436,0.1274312250457527
25792,GOF,0.35745138381284186,0.5448171622254471,0.09773145396171112
25793,GOF,0.2512126606048432,0.5674816021327009,0.18130573726245588
25794,GOF,0.30257056973029633,0.5489015195486392,0.1485279107210645
25795,GOF,0.10329040813720952,0.6787422677462812,0.21796732411650915
25796,Neutral,0.5397248956824181,0.3773523511876913,0.08292275312989067
25797,GOF,0.0789637017036706,0.549921727088287,0.3711145712080424
25798,GOF,0.009151428067511241,0.5154775550163335,0.4753710169161553
25799,LOF,0.007159933273512849,0.39741642663060767,0.5954236400958794
25800,GOF,0.03636993634845964,0.5918667517366336,0.37176331191490664
25801,GOF,0.20980001556771072,0.6541859341421039,0.13601405029018537
25802,GOF,0.08113671900868788,0.6992848242130438,0.21957845677826823
25803,GOF,0.03616774618775067,0.621978542716263,0.3418537110959864
25804,GOF,0.03242540741584736,0.5336725874396201,0.43390200514453253
25805,GOF,0.0986183794136371,0.6065084549578942,0.29487316562846866
25806,GOF,0.10751715331522653,0.6077645521146504,0.2847182945701231
25807,GOF,0.019300581725051096,0.6437912624847247,0.33690815579022404
25808,GOF,0.08565903718967487,0.6535318137074628,0.2608091491028623
25809,GOF,0.01896908284009967,0.6270441134611006,0.3539868036987998
25810,GOF,0.017090992112853986,0.645656488753867,0.33725251913327886
25811,GOF,0.4215918976997887,0.5069724262182608,0.07143567608195052
25812,GOF,0.03197832595866395,0.6551001959661451,0.312921478075191
25813,Neutral,0.4741153391135005,0.43947277028777115,0.08641189059872828
25814,GOF,0.12967607497111866,0.6661856321024666,0.20413829292641467
25815,GOF,0.18073857700477347,0.6605704443017381,0.15869097869348844
25816,GOF,0.021726704692574126,0.7092104918068,0.2690628035006261
25817,GOF,0.23524967864428972,0.6552584401726522,0.10949188118305808
25818,GOF,0.05062270793040561,0.6739657025315213,0.27541158953807315
25819,GOF,0.3576709688632094,0.5106467488747661,0.13168228226202436
25820,GOF,0.17735446665175988,0.6289547544578356,0.19369077889040456
25821,GOF,0.06278392777857802,0.6886167892006927,0.24859928302072948
25822,GOF,0.2217333027641445,0.5749744705220547,0.20329222671380076
25823,GOF,0.037348228166015636,0.5490357978375497,0.41361597399643474
25824,GOF,0.09848863460033283,0.596589917960506,0.3049214474391612
25825,GOF,0.04127843984473153,0.5955452661504484,0.36317629400482
25826,GOF,0.0163190830204907,0.5732364345080949,0.4104444824714143
25827,GOF,0.02273333952899161,0.6211772824931407,0.3560893779778676
25828,GOF,0.013504072992966595,0.5438950476627592,0.4426008793442742
25829,GOF,0.006219902313723257,0.6039378171385662,0.3898422805477106
25830,LOF,0.03088173691066971,0.34802126911344544,0.6210969939758848
25831,GOF,0.2207650195337708,0.6584341506138524,0.12080082985237689
25832,GOF,0.032193723394937514,0.7013351577323282,0.2664711188727342
25833,GOF,0.11302878885117083,0.7219159833106853,0.1650552278381439
25834,GOF,0.03309369580311164,0.7079045298530204,0.2590017743438679
25835,GOF,0.07618747002126842,0.7589162125572865,0.16489631742144514
25836,GOF,0.038916415862207517,0.7097326924483176,0.25135089168947483
25837,GOF,0.02627355710600705,0.6192299892011058,0.354496453692887
25838,GOF,0.08962613098951623,0.785626638764866,0.12474723024561786
25839,GOF,0.2869430151865668,0.5690376768963782,0.14401930791705503
25840,GOF,0.20409088389916005,0.6578776527612588,0.13803146333958125
25841,GOF,0.21115063251453597,0.6504413325354808,0.13840803494998338
25842,GOF,0.17572161627616567,0.7036899037750325,0.12058847994880185
25843,GOF,0.2443122224510762,0.6677402631664366,0.08794751438248713
25844,GOF,0.06722825446622246,0.7348783877331417,0.1978933578006359
25845,GOF,0.015911558425965425,0.5012088802786703,0.48287956129536436
25846,GOF,0.13275546676460834,0.7280761930333184,0.1391683402020733
25847,GOF,0.10052651556880776,0.801259907533948,0.09821357689724429
25848,GOF,0.039528841059345135,0.7181608658101759,0.242310293130479
25849,GOF,0.011408913876514465,0.6140649152462673,0.37452617087721823
25850,GOF,0.020156602120268534,0.6543161730574253,0.32552722482230617
25851,GOF,0.01648497386814275,0.5469704550014712,0.4365445711303861
25852,GOF,0.1563559337568192,0.5981142094923486,0.24552985675083216
25853,GOF,0.336401215055828,0.5954172848877372,0.06818150005643486
25854,GOF,0.020879013206304906,0.6431435715857289,0.33597741520796615
25855,GOF,0.03854429199851856,0.5917224798966253,0.36973322810485615
25856,GOF,0.2277169414699473,0.5929219008264096,0.17936115770364297
25857,GOF,0.03952513549544593,0.5235432310599512,0.43693163344460284
25858,GOF,0.01947342655344329,0.5713973586810001,0.40912921476555647
25859,GOF,0.009846291807300329,0.5470383714427286,0.44311533674997106
25860,GOF,0.3274113414860156,0.5993914893518525,0.07319716916213198
25861,GOF,0.42406404405808024,0.5075392807814288,0.0683966751604909
25862,GOF,0.09369166617436644,0.7913874690606852,0.11492086476494827
25863,GOF,0.0923309438712778,0.7979125005140015,0.10975655561472067
25864,GOF,0.1919293519556475,0.7388926212420442,0.06917802680230817
25865,GOF,0.09385993814207427,0.8030465332585247,0.10309352859940119
25866,GOF,0.06381585892028628,0.8153477360996525,0.12083640498006117
25867,GOF,0.07755368286686712,0.8334517324151764,0.08899458471795632
25868,GOF,0.2533931025041265,0.6621191756149117,0.08448772188096183
25869,Neutral,0.6800621465582739,0.2888096684981313,0.03112818494359469
25870,GOF,0.2691081517299188,0.4120412619350452,0.318850586335036
25871,GOF,0.19039125302988924,0.6536779530016402,0.1559307939684705
25872,GOF,0.07290736763863774,0.6704492747437147,0.2566433576176475
25873,GOF,0.12229782289156073,0.7062468017835136,0.17145537532492577
25874,LOF,0.016755243316146976,0.14081078139242875,0.8424339752914243
25875,LOF,0.10519677499579425,0.0318005507443625,0.8630026742598433
25876,LOF,0.035202250012967326,0.03719901149183585,0.9275987384951967
25877,Neutral,0.5019232345419504,0.041256807441064094,0.4568199580169855
25878,LOF,0.2338752888677864,0.07090506437923806,0.6952196467529754
25879,LOF,0.10491595187700174,0.07464465358315686,0.8204393945398414
25880,LOF,0.022852506204996695,0.015498489272131481,0.9616490045228718
25881,LOF,0.16504837021252272,0.11450658454736072,0.7204450452401167
25882,LOF,0.06452560553160902,0.0194025696698682,0.9160718247985227
25883,LOF,0.07841083106343288,0.01918062316876782,0.9024085457677993
25884,LOF,0.0344929771409622,0.031551685221167275,0.9339553376378704
25885,LOF,0.05990644173780778,0.01075735993886006,0.9293361983233323
25886,LOF,0.24548358108252538,0.036190599339267264,0.7183258195782073
25887,LOF,0.1584404451878516,0.06471149446319927,0.7768480603489492
25888,LOF,0.07068589560732137,0.05732302569911865,0.87199107869356
25889,LOF,0.043903483089607905,0.01964123610226468,0.9364552808081275
25890,LOF,0.047521148559229044,0.1420671061852607,0.8104117452555102
25891,LOF,0.04056964368144206,0.057959048284683796,0.9014713080338741
25892,LOF,0.08940820597668481,0.024061859590623628,0.8865299344326916
25893,LOF,0.2369953969574061,0.022117029986431662,0.7408875730561622
25894,LOF,0.17235182945661792,0.013057552007744833,0.8145906185356372
25895,LOF,0.20261847083934958,0.02045932608225145,0.776922203078399
25896,LOF,0.04794153192168073,0.027452124133240965,0.9246063439450783
25897,LOF,0.26269898132618213,0.013581069844015688,0.7237199488298021
25898,Neutral,0.6952509744829034,0.009985568884102562,0.2947634566329941
25899,LOF,0.19042095314976676,0.02421239895632376,0.7853666478939095
25900,LOF,0.4304365610456872,0.016844294591881834,0.5527191443624309
25901,LOF,0.04902374080820972,0.013559477440912904,0.9374167817508775
25902,LOF,0.1476761682724971,0.014322826409737238,0.8380010053177657
25903,Neutral,0.5310464445389458,0.02889836430826516,0.440055191152789
25904,LOF,0.2662863798932986,0.05198223902537866,0.6817313810813227
25905,LOF,0.025923092884911757,0.327812671940223,0.6462642351748653
25906,LOF,0.0332703748246558,0.08002936689228755,0.8867002582830568
25907,LOF,0.016948980849874586,0.35145582429535366,0.6315951948547719
25908,LOF,0.011196064664301782,0.2541500804772246,0.7346538548584736
25909,LOF,0.014452623903504637,0.14129636029791373,0.8442510157985815
25910,LOF,0.04946140915291637,0.13740079581647674,0.8131377950306069
25911,LOF,0.1761876518575383,0.01967712978055223,0.8041352183619096
25912,LOF,0.04331597107037241,0.04011426059797657,0.916569768331651
25913,LOF,0.2980223276588855,0.01957164645597191,0.6824060258851425
25914,LOF,0.021300956394695036,0.08348382388418417,0.8952152197211208
25915,Neutral,0.510764042384787,0.2538358591371728,0.23540009847804008
25916,LOF,0.07213332901489598,0.29991452479454184,0.627952146190562
25917,LOF,0.06731107104565519,0.06461024537231343,0.8680786835820314
25918,LOF,0.027328861029152357,0.05801428164098992,0.9146568573298576
25919,LOF,0.023920864547220446,0.06560878507727992,0.9104703503754997
25920,GOF,0.10183538412757022,0.5447668763333846,0.3533977395390452
25921,LOF,0.023845097226213273,0.02850548465041078,0.9476494181233759
25922,LOF,0.03150983576421594,0.019900343933468113,0.948589820302316
25923,LOF,0.4169484505826285,0.02207144322394696,0.5609801061934245
25924,LOF,0.03551828240563857,0.03927628482484253,0.9252054327695188
25925,LOF,0.0669731082367736,0.02688538274886574,0.9061415090143607
25926,LOF,0.04920121724462694,0.02477403605607434,0.9260247466992988
25927,LOF,0.06213314758925934,0.08224876743787903,0.8556180849728615
25928,LOF,0.018699562193451594,0.037612537644584325,0.9436879001619641
25929,Neutral,0.5370957400580083,0.024036133091538396,0.43886812685045323
25930,LOF,0.05145189737444368,0.02100792457751738,0.9275401780480389
25931,LOF,0.024805107118913067,0.02376975689542772,0.9514251359856593
25932,LOF,0.02668506249484276,0.020194388946232194,0.9531205485589251
25933,LOF,0.03839745931488155,0.013427345529381896,0.9481751951557366
25934,LOF,0.02489642949604207,0.0167195267669491,0.9583840437370088
25935,LOF,0.062281244631132125,0.03325376128368183,0.9044649940851861
25936,LOF,0.0453355130513473,0.01703034443143176,0.9376341425172209
25937,LOF,0.027154770578509627,0.02792231675767523,0.9449229126638151
25938,LOF,0.06448613826149437,0.036527403502069004,0.8989864582364365
25939,LOF,0.04005844602962564,0.014007962454046261,0.945933591516328
25940,LOF,0.02795963634245406,0.3951080199657799,0.576932343691766
25941,LOF,0.18815625239232897,0.0862743473310476,0.7255694002766234
25942,LOF,0.015003309664957349,0.03655590329148091,0.9484407870435617
25943,LOF,0.30729214240858926,0.05835879152718022,0.6343490660642305
25944,Neutral,0.4992773553036263,0.022333326403336483,0.4783893182930372
25945,LOF,0.06945794886303241,0.023608049687893966,0.9069340014490737
25946,LOF,0.02683855142951847,0.13188399236530338,0.8412774562051781
25947,LOF,0.12548147934991827,0.22610082024056097,0.6484177004095207
25948,LOF,0.42523204393688124,0.007697119082596955,0.5670708369805219
25949,LOF,0.09135747901664411,0.030842377899837414,0.8778001430835185
25950,GOF,0.28202369646493325,0.3828293407915992,0.3351469627434676
25951,LOF,0.2152018925494821,0.23052432965030004,0.5542737778002179
25952,LOF,0.045785303580206285,0.41300311182149224,0.5412115845983015
25953,LOF,0.14633570689534797,0.10387389810338842,0.7497903950012637
25954,Neutral,0.4604269179496114,0.1627961775352521,0.37677690451513646
25955,LOF,0.04784134209828477,0.08887775778392618,0.863280900117789
25956,LOF,0.17775793902770926,0.11189156261617596,0.7103504983561147
25957,LOF,0.03694993642651692,0.03716469995596243,0.9258853636175207
25958,LOF,0.059980601305196043,0.02994622580118637,0.9100731728936177
25959,LOF,0.06473545637489418,0.4209747461179954,0.5142897975071103
25960,LOF,0.01615443610978373,0.05770518740824124,0.926140376481975
25961,LOF,0.04888568929321607,0.034037627917058506,0.9170766827897253
25962,LOF,0.055069749606052716,0.025418696552632094,0.9195115538413151
25963,LOF,0.054833882738803914,0.17365062720673904,0.7715154900544571
25964,LOF,0.04033933658096879,0.152943746502568,0.8067169169164633
25965,Neutral,0.4876185120064195,0.07955245833053459,0.4328290296630459
25966,Neutral,0.482616699782655,0.11077902622886734,0.4066042739884777
25967,LOF,0.013016935349265329,0.05998727965135918,0.9269957849993754
25968,LOF,0.0322900251147991,0.40674878312204066,0.5609611917631602
25969,LOF,0.029239408919650788,0.0506340403989891,0.9201265506813602
25970,LOF,0.055594425967374794,0.05291240207298716,0.8914931719596381
25971,LOF,0.07698740481019749,0.01685518222723209,0.9061574129625705
25972,LOF,0.07394872144953432,0.02287493097281576,0.90317634757765
25973,LOF,0.06899577179300279,0.010850666254397793,0.9201535619525995
25974,LOF,0.20803551830782502,0.019323053225200695,0.7726414284669743
25975,LOF,0.04416047403227977,0.03532705316671277,0.9205124728010075
25976,LOF,0.042303940010782234,0.019570059520179102,0.9381260004690387
25977,LOF,0.1538516306280722,0.10827758489825028,0.7378707844736775
25978,LOF,0.14534712238419586,0.07223208382789764,0.7824207937879066
25979,LOF,0.13778460430711453,0.07141306113963758,0.7908023345532479
25980,LOF,0.22278121765930417,0.09523237783716643,0.6819864045035294
25981,LOF,0.2552439581951815,0.09284279935664233,0.6519132424481762
25982,LOF,0.4125088948328703,0.058905377636657055,0.5285857275304726
25983,LOF,0.40220762134796306,0.06833299683669905,0.5294593818153378
25984,LOF,0.05322585400976386,0.04180318494708044,0.9049709610431558
25985,LOF,0.03421687509387679,0.216500662388001,0.7492824625181222
25986,LOF,0.042535500507358937,0.25782413649166697,0.699640363000974
25987,LOF,0.07672354673094309,0.0683193265197892,0.8549571267492676
25988,LOF,0.14436809681355342,0.05295832482343886,0.8026735783630077
25989,LOF,0.03037561290310482,0.09272415585078839,0.8769002312461067
25990,LOF,0.04141445493775519,0.11842242890784167,0.8401631161544031
25991,LOF,0.12560487036874798,0.3075916414589472,0.5668034881723047
25992,LOF,0.3240050426893675,0.15930681348768427,0.5166881438229483
25993,LOF,0.02211123437068329,0.08185730201043409,0.8960314636188826
25994,LOF,0.0168737498424968,0.11742945555250431,0.8656967946049989
25995,LOF,0.024578613392368578,0.2477969745353191,0.7276244120723123
25996,GOF,0.29449670111044274,0.4540031511413908,0.25150014774816654
25997,LOF,0.07915776571653393,0.43988748935323857,0.4809547449302275
25998,Neutral,0.5579718910606852,0.021180480574986896,0.42084762836432793
25999,LOF,0.11169030593215121,0.11425278211331297,0.7740569119545357
26000,LOF,0.1694608974525047,0.05492733644897051,0.7756117660985248
26001,LOF,0.21098635198066526,0.055762078610274754,0.73325156940906
26002,LOF,0.14183681231795528,0.05358940444287988,0.8045737832391648
26003,GOF,0.010528386807260974,0.5740503391636861,0.41542127402905293
26004,GOF,0.0178637467229611,0.6397339277619299,0.34240232551510885
26005,LOF,0.008027419185456302,0.43597632339642967,0.5559962574181141
26006,Neutral,0.5511858083637098,0.238114476179805,0.2106997154564852
26007,GOF,0.02396109564689851,0.5579811667833205,0.41805773756978093
26008,GOF,0.018205737439601827,0.6491109205331205,0.33268334202727773
26009,GOF,0.02019705806327869,0.6698603120947688,0.3099426298419525
26010,GOF,0.024275810703093103,0.6356216874844912,0.3401025018124158
26011,LOF,0.0073349590694499565,0.45295188540024617,0.5397131555303039
26012,GOF,0.013163931740513453,0.5505546268093836,0.43628144145010295
26013,GOF,0.020417491425884164,0.6135347851497646,0.3660477234243513
26014,LOF,0.03898598975638056,0.1065154264830636,0.8544985837605559
26015,LOF,0.22384209369059485,0.009428711182358312,0.7667291951270468
26016,LOF,0.2103236820650627,0.04692627392369511,0.7427500440112421
26017,LOF,0.2269026956931477,0.07886746361909755,0.6942298406877547
26018,LOF,0.09013973902125723,0.02561158600329455,0.8842486749754483
26019,LOF,0.08569660447052706,0.020076167691479893,0.894227227837993
26020,LOF,0.0699369092640767,0.09881404668894693,0.8312490440469763
26021,LOF,0.04676449944160446,0.1042375557529648,0.8489979448054308
26022,LOF,0.011369061666100732,0.036090483937253184,0.9525404543966461
26023,LOF,0.10597352612932313,0.018344869526574787,0.875681604344102
26024,LOF,0.03319658682308656,0.11319883071779507,0.8536045824591184
26025,LOF,0.15931551985680126,0.08449103633417557,0.7561934438090232
26026,LOF,0.32526038553987396,0.028097494545391077,0.6466421199147351
26027,LOF,0.07909565167233629,0.01397234250469353,0.9069320058229701
26028,LOF,0.16091028896431678,0.0642989071271635,0.7747908039085196
26029,LOF,0.07549329180344815,0.189392195623182,0.7351145125733698
26030,LOF,0.025767150661569906,0.0715492149653099,0.9026836343731202
26031,LOF,0.02759848156479748,0.14225223399540982,0.8301492844397927
26032,LOF,0.06175621707655317,0.08375227182214591,0.8544915111013008
26033,LOF,0.10916288625022667,0.10776693559047752,0.7830701781592958
26034,LOF,0.046187478060447866,0.1744560408176145,0.7793564811219377
26035,LOF,0.026833409357868918,0.1524141357393671,0.8207524549027639
26036,LOF,0.03918233500433965,0.18010178807414493,0.7807158769215153
26037,LOF,0.023334901381643094,0.12382208077573369,0.8528430178426233
26038,LOF,0.05798071982743773,0.08892693842710996,0.8530923417454523
26039,LOF,0.0547628004421807,0.16141349857781662,0.7838237009800028
26040,LOF,0.17297107036380677,0.16043342410878306,0.6665955055274103
26041,LOF,0.0236951316767668,0.12102453050090177,0.8552803378223314
26042,LOF,0.02279823122741874,0.11529082440820128,0.8619109443643801
26043,LOF,0.058181605427905396,0.10424980274176318,0.8375685918303314
26044,LOF,0.02234717856034487,0.09270225455414338,0.8849505668855117
26045,LOF,0.07631765820781901,0.11015604658856072,0.8135262952036202
26046,LOF,0.05934302919160222,0.10237880302786469,0.8382781677805331
26047,LOF,0.07904534793304205,0.10853000754040235,0.8124246445265557
26048,LOF,0.05168513240398883,0.05290895622163646,0.8954059113743746
26049,Neutral,0.9597939124735575,0.009665604201100636,0.0305404833253418
26050,Neutral,0.9426062648784713,0.012079290402198612,0.045314444719330146
26051,LOF,0.044157227245751975,0.26419560370527767,0.6916471690489703
26052,LOF,0.06781398443164187,0.31775398480355865,0.6144320307647995
26053,LOF,0.05075596954764417,0.12963397538489574,0.8196100550674601
26054,LOF,0.05864413839420852,0.015710177720730828,0.9256456838850606
26055,LOF,0.07493011380393372,0.013898254436480784,0.9111716317595854
26056,LOF,0.061491091024899205,0.014796071313858176,0.9237128376612425
26057,LOF,0.02861925912857179,0.010511639886830917,0.9608691009845972
26058,LOF,0.02994238656454056,0.008632584562826555,0.9614250288726329
26059,LOF,0.315963738459527,0.020819082957429538,0.6632171785830435
26060,LOF,0.04095894065247311,0.15999121140643904,0.7990498479410878
26061,LOF,0.017580222959958924,0.010556660771791267,0.9718631162682497
26062,LOF,0.010964194429457999,0.01822693904297972,0.9708088665275624
26063,LOF,0.023091929590391056,0.010110879061015345,0.9667971913485937
26064,LOF,0.021356374103018588,0.01886129995100975,0.9597823259459717
26065,LOF,0.02589963122249503,0.009288352919254563,0.9648120158582503
26066,LOF,0.021107983980436135,0.009933388186663908,0.9689586278329
26067,LOF,0.028888696440086768,0.007706418724346496,0.9634048848355669
26068,LOF,0.04726619434991305,0.026823672634764723,0.9259101330153223
26069,LOF,0.24508788662498024,0.017319192416925457,0.7375929209580943
26070,LOF,0.4121296850969175,0.014326881640474161,0.5735434332626084
26071,LOF,0.024878187898384536,0.010373023214494462,0.9647487888871209
26072,LOF,0.02310423967177543,0.014446423639797737,0.9624493366884268
26073,LOF,0.024724901223838497,0.009519025988198572,0.9657560727879628
26074,Neutral,0.9140221889872441,0.005247353781759892,0.08073045723099599
26075,LOF,0.04409432513206731,0.014268420625362575,0.94163725424257
26076,LOF,0.04641046337046024,0.008011389090986113,0.9455781475385537
26077,LOF,0.010402220499647173,0.016715710001364494,0.9728820694989885
26078,LOF,0.013656500015752557,0.011184922816159546,0.975158577168088
26079,LOF,0.06313193537712328,0.01575508894407886,0.9211129756787978
26080,LOF,0.06195938966425618,0.01577120037738666,0.9222694099583572
26081,LOF,0.0373120992252772,0.005537350280493649,0.9571505504942291
26082,LOF,0.014841755636215558,0.013307037648301264,0.9718512067154833
26083,LOF,0.1251375306067088,0.01261572882135423,0.8622467405719371
26084,LOF,0.029641099707812167,0.010179122365246556,0.9601797779269413
26085,LOF,0.025621990727066692,0.009781994049299914,0.9645960152236334
26086,LOF,0.02423023438113702,0.010593366706098395,0.9651763989127645
26087,LOF,0.029581449033746057,0.0075113977224067485,0.9629071532438471
26088,LOF,0.01681269879440597,0.02343533329938664,0.9597519679062073
26089,LOF,0.04445497331725861,0.020613066636773977,0.9349319600459675
26090,LOF,0.04292937909304944,0.016353855787818623,0.9407167651191319
26091,LOF,0.03981265239070411,0.005454323974869201,0.9547330236344268
26092,LOF,0.02886520136472986,0.007292304280963868,0.9638424943543061
26093,LOF,0.04015059722664787,0.005509059329391358,0.9543403434439607
26094,LOF,0.04422847935763064,0.0057000733476334576,0.9500714472947359
26095,LOF,0.043189404967762364,0.01279291427442297,0.9440176807578146
26096,LOF,0.018090654468094616,0.011928354367614599,0.9699809911642907
26097,LOF,0.012587757808289616,0.03379490489855692,0.9536173372931536
26098,LOF,0.07483085821644218,0.010081531165976642,0.9150876106175811
26099,LOF,0.025365892774087843,0.01136490064542447,0.9632692065804876
26100,LOF,0.027762642635259176,0.011158763812650272,0.9610785935520905
26101,LOF,0.057390392279145455,0.013342465658277744,0.9292671420625767
26102,LOF,0.024901820270532674,0.012429726430120228,0.962668453299347
26103,Neutral,0.890166350540659,0.017523124833189678,0.0923105246261513
26104,LOF,0.08538113256863343,0.02113671239331545,0.8934821550380511
26105,LOF,0.18991707577678643,0.3218633177323708,0.4882196064908426
26106,LOF,0.22372668742102939,0.13139676847832435,0.6448765441006462
26107,LOF,0.24457422389491537,0.08784883041018399,0.6675769456949006
26108,LOF,0.2367416501866582,0.1278010880173861,0.6354572617959557
26109,LOF,0.09988263827797712,0.06860917817068131,0.8315081835513415
26110,LOF,0.2870472117750841,0.0072415307311562115,0.7057112574937596
26111,Neutral,0.4926184232257685,0.02003585645400631,0.4873457203202253
26112,LOF,0.03548790023780986,0.007036117190100156,0.95747598257209
26113,LOF,0.05517329728072971,0.014821429451586945,0.9300052732676833
26114,LOF,0.028259035989476617,0.019815108445450518,0.9519258555650729
26115,LOF,0.08793922593125615,0.03958006570685554,0.8724807083618884
26116,LOF,0.06391229664268741,0.04093450182655685,0.8951532015307557
26117,LOF,0.44354782071949045,0.04932989086117081,0.5071222884193387
26118,LOF,0.03534040398555907,0.025512784433732606,0.9391468115807082
26119,LOF,0.023917989208782194,0.04385018218440783,0.93223182860681
26120,LOF,0.029137715383774365,0.02308652287228363,0.947775761743942
26121,LOF,0.04089169338841151,0.07973365119092263,0.8793746554206658
26122,LOF,0.043157148189804095,0.042092403360337864,0.9147504484498581
