feature0,prediction,LoGoFunc_Neutral,LoGoFunc_GOF,LoGoFunc_LOF
25546,Neutral,0.5496433437786226,0.08003376088382066,0.37032289533755686
25547,Neutral,0.4430203761542615,0.13591445448848274,0.42106516935725574
25548,Neutral,0.45239777449078805,0.11581897078124993,0.4317832547279619
25549,LOF,0.39505388040183226,0.11912857873071923,0.4858175408674485
25550,LOF,0.37076836713530986,0.11453104693779505,0.514700585926895
25551,LOF,0.2937173670268502,0.11717266725616794,0.5891099657169818
25552,LOF,0.27161706238369826,0.1475740663462213,0.5808088712700804
25553,Neutral,0.7779017528020626,0.06027219744889345,0.16182604974904377
25554,LOF,0.3106575270599942,0.12116197822775478,0.568180494712251
25555,LOF,0.263258615355137,0.12395317573226132,0.6127882089126018
25556,LOF,0.42149589363945783,0.1039142690911171,0.4745898372694251
25557,LOF,0.24451730132453908,0.12335630956901289,0.632126389106448
25558,LOF,0.30600318359479683,0.11808174036435531,0.5759150760408479
25559,LOF,0.2732482766406318,0.029275376578589744,0.6974763467807784
25560,LOF,0.09723758297686028,0.13765926524474997,0.7651031517783896
25561,LOF,0.07774141516625456,0.22165741335396058,0.7006011714797848
25562,LOF,0.03936356409970138,0.09831922608619244,0.8623172098141062
25563,LOF,0.006988755751302556,0.21639823275898884,0.7766130114897086
25564,LOF,0.07338875728708502,0.09175246371128919,0.8348587790016259
25565,LOF,0.18426963896905407,0.16086220601549592,0.6548681550154499
25566,GOF,0.07161676406915062,0.7398514249622582,0.18853181096859103
25567,LOF,0.04344803263504922,0.12509756960399215,0.8314543977609586
25568,LOF,0.0699750723948562,0.09191195523566412,0.8381129723694797
25569,LOF,0.06838271285924172,0.07736542261840268,0.8542518645223556
25570,LOF,0.030236601155217296,0.09604152166998564,0.8737218771747971
25571,LOF,0.029521060938051583,0.104275710423495,0.8662032286384533
25572,LOF,0.05821151588210119,0.12716038062575807,0.8146281034921408
25573,LOF,0.08125133103433121,0.10913433332136262,0.8096143356443061
25574,LOF,0.10555575853899768,0.198144406647889,0.6962998348131134
25575,LOF,0.029411879300807475,0.12287196292151861,0.8477161577776741
25576,LOF,0.029224152677427406,0.1675954648674774,0.8031803824550952
25577,LOF,0.033791903087171074,0.11010792146579175,0.8561001754470373
25578,LOF,0.3281140798044677,0.0735371499081791,0.5983487702873533
25579,LOF,0.22157299532063598,0.07755049274416383,0.7008765119352003
25580,LOF,0.029184514447173633,0.07433975753188585,0.8964757280209406
25581,LOF,0.04635328050802618,0.09636386291613983,0.8572828565758339
25582,LOF,0.04635328050802618,0.09636386291613983,0.8572828565758339
25583,LOF,0.03807877912110773,0.08220594566328122,0.8797152752156111
25584,Neutral,0.7750124535208845,0.07812208468170694,0.14686546179740842
25585,LOF,0.02885925344497812,0.117854527538581,0.8532862190164409
25586,LOF,0.02608200940245021,0.08593940213106159,0.8879785884664883
25587,LOF,0.02531496043305181,0.08923015794331589,0.8854548816236323
25588,LOF,0.03137646371329721,0.06703752829887619,0.9015860079878265
25589,Neutral,0.6282047435216551,0.16905503392342638,0.20274022255491844
25590,LOF,0.06648124852762018,0.097727284058405,0.8357914674139748
25591,LOF,0.11942770593724764,0.06678480396058331,0.8137874901021691
25592,LOF,0.10165100184995744,0.1581272985106179,0.7402216996394247
25593,LOF,0.16483934150141707,0.2746346710784205,0.5605259874201624
25594,LOF,0.04307584067177682,0.06398947487078134,0.8929346844574417
25595,LOF,0.04821847964037555,0.02538842146883972,0.9263930988907848
25596,LOF,0.1260124943964153,0.013632370639884445,0.8603551349637002
25597,LOF,0.09882404295093171,0.010366680985274903,0.8908092760637935
25598,LOF,0.05027039686471869,0.025892951036382176,0.9238366520988991
25599,GOF,0.02426691689012359,0.49414057788557614,0.48159250522430025
25600,LOF,0.14582422551616483,0.35463924915197415,0.49953652533186094
25601,LOF,0.04355954661726589,0.3160341356833947,0.6404063176993394
25602,LOF,0.031484835137825316,0.05782953742040466,0.91068562744177
25603,LOF,0.05805632813976844,0.04642993499919251,0.8955137368610391
25604,LOF,0.060250297603938976,0.11370053453391042,0.8260491678621505
25605,LOF,0.06817190865836145,0.18726399331041016,0.7445640980312285
25606,Neutral,0.49755761641289364,0.18423791694200733,0.31820446664509894
25607,LOF,0.041742665324899036,0.1832562963641849,0.775001038310916
25608,LOF,0.05871394786972269,0.11172671497092714,0.8295593371593502
25609,GOF,0.13522538750074442,0.5970688833080435,0.2677057291912121
25610,LOF,0.021383928619632273,0.07889510529571662,0.8997209660846511
25611,LOF,0.01504264937343727,0.07594046367716045,0.9090168869494023
25612,LOF,0.06637581024589691,0.08227887320019159,0.8513453165539115
25613,LOF,0.059924948637233355,0.08307946304540705,0.8569955883173596
25614,LOF,0.024401700529263586,0.07445130237474785,0.9011469970959886
25615,LOF,0.0624056758298923,0.07744885024005346,0.8601454739300542
25616,LOF,0.06733547647978051,0.07028183580002627,0.8623826877201932
25617,LOF,0.055829530734867974,0.08320127655590183,0.8609691927092302
25618,LOF,0.05701507003176967,0.20335002703581653,0.7396349029324137
25619,LOF,0.013916912287829188,0.12341986331647459,0.8626632243956963
25620,LOF,0.04883557476903266,0.07980138401968649,0.8713630412112807
25621,LOF,0.08989312815235431,0.0838288354553889,0.8262780363922567
25622,LOF,0.09650387448411676,0.09334767202917531,0.8101484534867079
25623,LOF,0.08281297834562107,0.06860982271096089,0.848577198943418
25624,LOF,0.022116100371298953,0.07704551208338473,0.9008383875453163
25625,LOF,0.07565503080686335,0.07746685119629017,0.8468781179968464
25626,LOF,0.059890775258343264,0.08096782620314397,0.8591413985385127
25627,Neutral,0.8708951125609119,0.028745628393150837,0.10035925904593726
25628,LOF,0.18896518569636447,0.08057930690491948,0.730455507398716
25629,LOF,0.06385945448845741,0.07542680229534823,0.8607137432161943
25630,LOF,0.2702645212099177,0.0836180510115237,0.6461174277785586
25631,Neutral,0.4792072458946246,0.06695942266446686,0.45383333144090865
25632,LOF,0.02282117114190564,0.09530602863617732,0.8818728002219169
25633,LOF,0.17188133660397603,0.046079204173568256,0.7820394592224558
25634,LOF,0.04448748552782152,0.07852700772330988,0.8769855067488687
25635,LOF,0.0317668177719154,0.04910052166988199,0.9191326605582028
25636,GOF,0.026763936178758562,0.5667249600576227,0.40651110376361876
25637,GOF,0.025609662622461546,0.5054811930810124,0.4689091442965261
25638,GOF,0.015648254717298412,0.5109909706565079,0.4733607746261937
25639,LOF,0.021608403495801558,0.40533356898483686,0.5730580275193616
25640,Neutral,0.8170825599624525,0.14550472207110704,0.03741271796644036
25641,LOF,0.13594604050597034,0.24404641509888322,0.6200075443951464
25642,LOF,0.1304524597425617,0.16229502998486478,0.7072525102725734
25643,LOF,0.41964463872585767,0.10125202460285086,0.47910333667129135
25644,GOF,0.0069886870804317805,0.6460718207490849,0.3469394921704834
25645,GOF,0.00851925435825593,0.6277857008742761,0.3636950447674679
25646,LOF,0.014683486545508138,0.43702487837671344,0.5482916350777786
25647,LOF,0.008167926261765775,0.36708355267399895,0.6247485210642352
25648,LOF,0.011498988564060349,0.37935907738572655,0.609141934050213
25649,LOF,0.007927112616006014,0.28277567860717356,0.7092972087768205
25650,GOF,0.024912022378894838,0.5830583046178675,0.39202967300323766
25651,LOF,0.008286980768376369,0.4007686150028949,0.5909444042287286
25652,GOF,0.007045144649405781,0.5329812368141758,0.4599736185364185
25653,GOF,0.024311090947083752,0.6224166816551651,0.35327222739775127
25654,LOF,0.009201460527515552,0.47524730477544186,0.5155512346970427
25655,GOF,0.07557461439682107,0.7194670398251811,0.20495834577799776
25656,LOF,0.1910878985540215,0.1604943377199402,0.6484177637260383
25657,LOF,0.02493338221978686,0.17215832634828895,0.8029082914319241
25658,LOF,0.16613005100927483,0.2187441508297722,0.615125798160953
25659,LOF,0.31567653174740956,0.25679084700155086,0.42753262125103947
25660,LOF,0.021583142005406626,0.2083320932200214,0.7700847647745719
25661,LOF,0.05359182287994907,0.1405667179722058,0.8058414591478452
25662,LOF,0.025179202245005975,0.09534949096138085,0.8794713067936131
25663,LOF,0.028857716730776226,0.08600531815956929,0.8851369651096544
25664,LOF,0.07635619448071826,0.1568973848842563,0.7667464206350254
25665,LOF,0.04352661153770089,0.06813002123085309,0.888343367231446
25666,LOF,0.05626394227182288,0.11840007085445618,0.825335986873721
25667,LOF,0.049700186588081965,0.10900021969303784,0.8412995937188803
25668,LOF,0.02614824041522899,0.12814116947788684,0.8457105901068841
25669,LOF,0.018350173850940867,0.11901923471403639,0.8626305914350227
25670,LOF,0.0990143693664531,0.10297701524919994,0.798008615384347
25671,LOF,0.07357801669101097,0.08619170068956586,0.8402302826194232
25672,LOF,0.037828563699495034,0.10644252855396183,0.8557289077465431
25673,LOF,0.0655107520181587,0.11615073294686666,0.8183385150349747
25674,LOF,0.062829945396942,0.14169437357312442,0.7954756810299336
25675,LOF,0.053300429375243756,0.15341981035108326,0.793279760273673
25676,LOF,0.01492126201451517,0.12876815575441783,0.856310582231067
25677,LOF,0.015094093592562694,0.16754200764053814,0.8173638987668992
25678,LOF,0.1529719043936119,0.1805929662637987,0.6664351293425894
25679,LOF,0.10434283311358804,0.15813596697402255,0.7375211999123894
25680,LOF,0.019561602642598815,0.2021041887151237,0.7783342086422774
25681,LOF,0.030430017423499562,0.190080673656896,0.7794893089196044
25682,LOF,0.09093809781108793,0.1375666199721699,0.7714952822167421
25683,LOF,0.08354796627760414,0.16341344233783836,0.7530385913845574
25684,LOF,0.021107291374970912,0.13392557257794538,0.8449671360470837
25685,LOF,0.1145735854838051,0.14984960999011412,0.7355768045260807
25686,LOF,0.057973978749472715,0.26188830236994154,0.6801377188805858
25687,LOF,0.12045975444651269,0.27983710135939055,0.5997031441940968
25688,LOF,0.4098916299529325,0.019400453377253362,0.5707079166698142
25689,LOF,0.24482390956664804,0.021411222822111897,0.7337648676112402
25690,LOF,0.317243583538968,0.023370175035769252,0.6593862414252627
25691,Neutral,0.7208517706657831,0.023179008301395392,0.25596922103282144
25692,LOF,0.3392143744732871,0.012068365797446759,0.6487172597292661
25693,LOF,0.05238434742739125,0.40200237286428003,0.5456132797083286
25694,LOF,0.11589703522981644,0.01397688615406074,0.8701260786161228
25695,LOF,0.11359084378460141,0.007716432017059506,0.8786927241983391
25696,LOF,0.13452794485813704,0.019690244055021337,0.8457818110868416
25697,LOF,0.04670966835211472,0.05626245318225891,0.8970278784656264
25698,LOF,0.28297261861309464,0.14747959115288312,0.5695477902340224
25699,LOF,0.3923131414403644,0.06310765174284033,0.5445792068167953
25700,LOF,0.05971654581312098,0.013954510896767561,0.9263289432901115
25701,LOF,0.16562883207168796,0.06995874777613371,0.7644124201521784
25702,GOF,0.2432776652979073,0.6803553677557126,0.07636696694638011
25703,LOF,0.01947336251559433,0.2916551438799877,0.6888714936044179
25704,LOF,0.03174423453776293,0.2315810682890858,0.7366746971731514
25705,LOF,0.025584207676104875,0.1377401217245593,0.8366756705993358
25706,GOF,0.1012061288742044,0.4942641500463074,0.40452972107948826
25707,LOF,0.09382631524389158,0.4285538119423873,0.4776198728137211
25708,GOF,0.04391232520711363,0.5028638722753803,0.4532238025175061
25709,LOF,0.0573177260155655,0.09425978235630575,0.8484224916281288
25710,LOF,0.018651234089978715,0.20530158800734022,0.7760471779026811
25711,LOF,0.015554193455605835,0.14000842202256877,0.8444373845218255
25712,LOF,0.01796906309246339,0.24410176929687874,0.7379291676106579
25713,LOF,0.014643843717622373,0.1301957739632487,0.8551603823191289
25714,LOF,0.05890274448196818,0.12812942085491968,0.8129678346631122
25715,LOF,0.009324678478961757,0.1911785822059583,0.7994967393150799
25716,LOF,0.013772393434494002,0.1889458836791165,0.7972817228863895
25717,LOF,0.017881028426180192,0.12484254179153685,0.8572764297822829
25718,LOF,0.00956337365801434,0.10686090099995003,0.8835757253420358
25719,LOF,0.021070166855271858,0.14765889901550436,0.8312709341292238
25720,LOF,0.0261537038399307,0.07998908242943585,0.8938572137306333
25721,LOF,0.009401138143158716,0.18894036576261888,0.8016584960942225
25722,LOF,0.011114219445814272,0.1622690653772974,0.8266167151768884
25723,LOF,0.019527138227878903,0.11031269566588306,0.870160166106238
25724,LOF,0.030913345926960635,0.2403669797808575,0.7287196742921818
25725,LOF,0.009346379713939514,0.1560537794705623,0.8345998408154982
25726,LOF,0.01410326029098216,0.24075659889500112,0.7451401408140168
25727,LOF,0.011720904047455882,0.14967624670544005,0.8386028492471042
25728,LOF,0.008984446020478454,0.19487947745498133,0.7961360765245403
25729,LOF,0.009329525692089884,0.19336290681569474,0.7973075674922153
25730,LOF,0.012481557864014118,0.18943218255908603,0.7980862595768998
25731,LOF,0.019772716429463003,0.17031329633647646,0.8099139872340605
25732,LOF,0.013062677567120796,0.09122784887612573,0.8957094735567535
25733,LOF,0.01417813958952624,0.1042863715315568,0.881535488878917
25734,LOF,0.014283979893413137,0.20706420914817902,0.7786518109584077
25735,LOF,0.009533171280215883,0.11814782333607686,0.8723190053837072
25736,LOF,0.01030408490458184,0.13301401405630447,0.8566819010391136
25737,LOF,0.01093420493614051,0.1484281143942926,0.8406376806695669
25738,LOF,0.010402989881588671,0.1756958252040501,0.8139011849143613
25739,LOF,0.01614045181187498,0.13102822941842468,0.8528313187697004
25740,LOF,0.029499096132496225,0.18695163849582466,0.7835492653716791
25741,LOF,0.012207817261768967,0.18514671844518849,0.8026454642930425
25742,LOF,0.09201250524692164,0.10701390795809834,0.80097358679498
25743,LOF,0.0605368223812885,0.04719644901386899,0.8922667286048426
25744,Neutral,0.638314369543128,0.15936542202496828,0.20232020843190374
25745,LOF,0.06897338180388386,0.08628034117274407,0.844746277023372
25746,LOF,0.042500804616415484,0.12154671294385257,0.835952482439732
25747,LOF,0.01569547179556148,0.10856432489185389,0.8757402033125847
25748,LOF,0.0844203059134266,0.16225934633464284,0.7533203477519306
25749,LOF,0.029697876162047512,0.1161238150758048,0.8541783087621476
25750,LOF,0.06687402090700047,0.09989684762282024,0.8332291314701792
25751,LOF,0.09018602186718672,0.1241966117428811,0.7856173663899322
25752,GOF,0.12353347865861092,0.6517586668071379,0.22470785453425116
25753,LOF,0.03757783072678054,0.40837355090548294,0.5540486183677366
25754,GOF,0.02751716551201014,0.7702884968240523,0.20219433766393752
25755,LOF,0.045351456665682265,0.3557224460120251,0.5989260973222926
25756,GOF,0.07198084893578832,0.4700497876756879,0.45796936338852384
25757,GOF,0.024940599743553275,0.8431988977114725,0.1318605025449742
25758,GOF,0.031903325054316145,0.8206168200135322,0.14747985493215174
25759,GOF,0.01843935743245749,0.7356839959741789,0.24587664659336367
25760,LOF,0.02497770163453682,0.43148672459546344,0.5435355737699997
25761,GOF,0.2621061460315904,0.6635981219015441,0.07429573206686552
25762,LOF,0.05240543322373302,0.4528563689058629,0.4947381978704042
25763,LOF,0.019416648512410824,0.3578424711191467,0.6227408803684424
25764,GOF,0.06374763074492779,0.7750239923663609,0.16122837688871133
25765,GOF,0.037038214640230376,0.8047592090540999,0.15820257630566986
25766,GOF,0.1001198724686674,0.7702847909186844,0.12959533661264813
25767,GOF,0.12994324591525538,0.5566695960153817,0.31338715806936285
25768,LOF,0.08667444639034322,0.050481762576351674,0.8628437910333051
25769,LOF,0.050194530293782125,0.06719007789891739,0.8826153918073005
25770,LOF,0.4070724885365366,0.06467038076214483,0.5282571307013185
25771,LOF,0.05462355319231832,0.042416605070059885,0.9029598417376218
25772,LOF,0.019120971500876206,0.058798240117607,0.9220807883815167
25773,LOF,0.05098456887457912,0.03800723319967191,0.9110081979257489
25774,LOF,0.026449516501852934,0.11075978693062932,0.8627906965675177
25775,LOF,0.06497342299750442,0.03728390825609365,0.897742668746402
25776,LOF,0.0671398130830025,0.033020060118865976,0.8998401267981316
25777,Neutral,0.5091657100250249,0.061130472196036276,0.42970381777893885
25778,LOF,0.057116305832465346,0.04976442509314065,0.893119269074394
25779,GOF,0.430921733073268,0.4753622225077398,0.09371604441899227
25780,GOF,0.3387431251425114,0.4923938183716257,0.16886305648586292
25781,GOF,0.11869825503087335,0.651545039481757,0.22975670548736948
25782,GOF,0.20592781541465383,0.6085340054876807,0.18553817909766562
25783,GOF,0.02397820261749823,0.702273818048578,0.2737479793339237
25784,Neutral,0.5729557211370595,0.3309303315502744,0.09611394731266608
25785,Neutral,0.518306281762534,0.3482646482679531,0.13342906996951284
25786,GOF,0.02385675935279257,0.6901184664433572,0.28602477420385025
25787,Neutral,0.7375285380967161,0.18448355249179074,0.07798790941149314
25788,LOF,0.05067681407824705,0.059848245700259164,0.8894749402214938
25789,GOF,0.20275477348558962,0.551064172511646,0.24618105400276444
25790,GOF,0.26571702426650934,0.5029791781567134,0.23130379757677727
25791,GOF,0.12866865172748707,0.4815636239039685,0.38976772436854445
25792,Neutral,0.35279374386987994,0.3474448086640201,0.2997614474661
25793,LOF,0.2179931647948477,0.36818310767239554,0.4138237275327568
25794,GOF,0.25808499226024484,0.44539667631277424,0.29651833142698103
25795,GOF,0.06517853093582314,0.5934468427702984,0.3413746262938784
25796,Neutral,0.4534360521466606,0.3561971156167356,0.1903668322366038
25797,LOF,0.07522099708832704,0.42220829719060493,0.5025707057210681
25798,LOF,0.011333856656699797,0.4736538209721161,0.5150123223711841
25799,LOF,0.010043706978304999,0.479590436236842,0.510365856784853
25800,GOF,0.03398029164223514,0.5678216451816689,0.3981980631760959
25801,GOF,0.22250704064130128,0.572278211003851,0.20521474835484774
25802,GOF,0.05290989271317914,0.5278460906173545,0.4192440166694663
25803,LOF,0.04550388130540363,0.4608757450490368,0.4936203736455595
25804,GOF,0.035724890120374705,0.483829486970741,0.48044562290888426
25805,GOF,0.08214643088434789,0.4939232620401512,0.423930307075501
25806,GOF,0.10827906325234421,0.47644355862737736,0.4152773781202785
25807,LOF,0.01808027998100899,0.4742099327729304,0.5077097872460606
25808,LOF,0.08729200411112677,0.4330157059927237,0.4796922898961495
25809,LOF,0.017736902894825685,0.424734971668917,0.5575281254362573
25810,LOF,0.01974320095905875,0.43357246920250786,0.5466843298384334
25811,Neutral,0.4681049343781117,0.40749925990937313,0.12439580571251521
25812,LOF,0.03517745445032274,0.4668607184647912,0.49796182708488596
25813,Neutral,0.547326582493165,0.2356081391068528,0.2170652783999822
25814,GOF,0.11047587455288865,0.5111830039502191,0.3783411214968923
25815,GOF,0.2472558042259349,0.4601346918707079,0.29260950390335716
25816,GOF,0.019098590378189687,0.5271312471771159,0.4537701624446945
25817,GOF,0.17014456099006647,0.6289252162373492,0.2009302227725844
25818,LOF,0.035772912883051525,0.4379010078100665,0.526326079306882
25819,GOF,0.3364132968269705,0.390153711811785,0.2734329913612444
25820,GOF,0.17036028103518164,0.4951434299115941,0.3344962890532243
25821,GOF,0.055711525303759606,0.5376776891846412,0.40661078551159924
25822,GOF,0.21091881937466758,0.4817427895494162,0.30733839107591626
25823,GOF,0.036866589356117946,0.4936253525998575,0.46950805804402446
25824,LOF,0.08653738543139453,0.41540527308421865,0.4980573414843867
25825,LOF,0.035105505802671674,0.4158791577845901,0.5490153364127381
25826,LOF,0.01196019241819688,0.44122580189765315,0.54681400568415
25827,GOF,0.019389114917728503,0.49174377283493176,0.4888671122473396
25828,LOF,0.013451983231176573,0.4139768801453487,0.5725711366234747
25829,LOF,0.0087214134483764,0.45977297362053704,0.5315056129310866
25830,LOF,0.03608350900210499,0.10085805295830433,0.8630584380395907
25831,GOF,0.19569953390907388,0.6024432293779157,0.2018572367130105
25832,GOF,0.04170562200040309,0.5441724304989936,0.4141219475006034
25833,GOF,0.12563578982226742,0.5471379372446151,0.3272262729331175
25834,GOF,0.05048089763945374,0.5456736590412415,0.4038454433193047
25835,GOF,0.12022924039683842,0.48927641422571677,0.39049434537744476
25836,GOF,0.06175274748133081,0.5317919940955796,0.40645525842308955
25837,LOF,0.02930448327800819,0.45105825006211514,0.5196372666598768
25838,GOF,0.10456867133654053,0.5734768261685211,0.32195450249493834
25839,GOF,0.3264477355152412,0.4011105083490134,0.2724417561357455
25840,GOF,0.24826958366701057,0.4788082424286674,0.27292217390432216
25841,GOF,0.295111198387584,0.41603447710967506,0.288854324502741
25842,GOF,0.20422787896214756,0.47312012391815284,0.3226519971196996
25843,GOF,0.2296120172669036,0.5363358484634086,0.2340521342696877
25844,GOF,0.06345675067662317,0.4763702736097609,0.46017297571361593
25845,GOF,0.018126715938999484,0.4968648260890407,0.4850084579719598
25846,GOF,0.12170579804234948,0.5666281472744928,0.3116660546831578
25847,GOF,0.12321639018317897,0.5697519169936247,0.3070316928231963
25848,GOF,0.04330293065464315,0.48395970272928385,0.472737366616073
25849,LOF,0.013090141518651599,0.4671226660231005,0.5197871924582479
25850,LOF,0.027977331416456246,0.4743271253264629,0.4976955432570808
25851,LOF,0.022051351960477594,0.4588947915375022,0.5190538565020203
25852,GOF,0.14627743599319143,0.43312540142486444,0.42059716258194413
25853,GOF,0.31717832909735133,0.48095024327930597,0.20187142762334268
25854,GOF,0.020835533838872676,0.6091487970275915,0.37001566913353595
25855,GOF,0.037605532592183286,0.48152083288590924,0.4808736345219075
25856,GOF,0.19779991826294047,0.47696176866063217,0.3252383130764274
25857,GOF,0.03368288796925359,0.49168900469375904,0.47462810733698735
25858,GOF,0.019368772564821186,0.5853083957559772,0.3953228316792017
25859,GOF,0.010286274820024737,0.587242874738969,0.40247085044100617
25860,GOF,0.2857147958882994,0.5277133009785921,0.18657190313310842
25861,GOF,0.28615244803118706,0.5722092371842397,0.14163831478457323
25862,GOF,0.05994006316237611,0.6661239170554377,0.2739360197821861
25863,GOF,0.06735848211254392,0.6654406340662217,0.2672008838212344
25864,GOF,0.13739027406042806,0.6623247783366413,0.20028494760293064
25865,GOF,0.06968237166211766,0.6574407135906353,0.27287691474724707
25866,GOF,0.05260336168493563,0.7061906705848054,0.2412059677302589
25867,GOF,0.07037444977224902,0.7335992777004827,0.19602627252726829
25868,GOF,0.1682952645793538,0.5682275021627894,0.2634772332578568
25869,Neutral,0.6509444202549511,0.26267472026307664,0.08638085948197222
25870,LOF,0.2510203153146291,0.06720552975104874,0.6817741549343223
25871,GOF,0.15617507510191225,0.5649772813964289,0.27884764350165886
25872,GOF,0.06746292431321627,0.4771253674117435,0.45541170827504024
25873,GOF,0.1292334442269381,0.4657991297260077,0.40496742604705416
25874,LOF,0.019925187001172354,0.06558557775784593,0.9144892352409817
25875,LOF,0.046975616750613874,0.18160023034003825,0.771424152909348
25876,LOF,0.023519117072006653,0.06554421061480681,0.9109366723131865
25877,LOF,0.37536944247258874,0.14116590467256074,0.4834646528548505
25878,LOF,0.1354668022022486,0.2051781019649478,0.6593550958328036
25879,LOF,0.07753261766313685,0.23385342354304844,0.6886139587938146
25880,LOF,0.02206227921634735,0.03264442954262611,0.9452932912410266
25881,LOF,0.2252293626013279,0.16639045116031068,0.6083801862383614
25882,LOF,0.0687480034738842,0.026777852882553164,0.9044741436435626
25883,LOF,0.10744446715410699,0.03850404770112246,0.8540514851447706
25884,LOF,0.03894350454636756,0.05010050646813459,0.9109559889854978
25885,LOF,0.0598603778603842,0.029367531529377537,0.9107720906102382
25886,LOF,0.37431788951786654,0.07442201351250363,0.5512600969696297
25887,LOF,0.1960050585891789,0.13514014002377076,0.6688548013870502
25888,LOF,0.0844750121506614,0.07939042639957108,0.8361345614497676
25889,LOF,0.03900767390550228,0.04279893617982185,0.9181933899146758
25890,LOF,0.07147679430217839,0.08803784797566862,0.840485357722153
25891,LOF,0.0691538439706145,0.045812448428826834,0.8850337076005587
25892,LOF,0.10044538005639826,0.031148179035895916,0.8684064409077059
25893,LOF,0.3095946426136048,0.02018753992043645,0.6702178174659587
25894,LOF,0.2094805728872864,0.010433935267563806,0.7800854918451497
25895,LOF,0.25459913130404166,0.01472899015984525,0.7306718785361132
25896,LOF,0.05098414126674838,0.01957858830977475,0.929437270423477
25897,LOF,0.22918732633188527,0.024185096955195978,0.7466275767129187
25898,Neutral,0.7809832874514315,0.01790386387594371,0.20111284867262477
25899,LOF,0.21291215643136135,0.035712102960226665,0.751375740608412
25900,Neutral,0.6449120138769707,0.014047238201116408,0.3410407479219128
25901,LOF,0.04557776312732303,0.011015644793819073,0.9434065920788579
25902,LOF,0.2108331546072256,0.011562734798593943,0.7776041105941804
25903,Neutral,0.6250693938987342,0.04321907315422094,0.331711532947045
25904,LOF,0.22826040548692172,0.022757694969115377,0.7489818995439629
25905,GOF,0.03906867407005616,0.5212083288412396,0.43972299708870427
25906,LOF,0.030770188832610977,0.08532757440791473,0.8839022367594743
25907,LOF,0.013397165760752538,0.44640715256790436,0.540195681671343
25908,LOF,0.015490431567929414,0.3117645236866063,0.6727450447454643
25909,LOF,0.017806809383802552,0.1913119384672247,0.7908812521489728
25910,LOF,0.02181602730290873,0.42697490930568516,0.5512090633914061
25911,LOF,0.05591320240860104,0.05449318593272184,0.8895936116586772
25912,LOF,0.02820315876697261,0.0772246926682709,0.8945721485647565
25913,LOF,0.19913869159599876,0.02478549884135694,0.7760758095626443
25914,LOF,0.0255380405465898,0.06746318349601228,0.9069987759573979
25915,Neutral,0.4279021872673509,0.343464661864592,0.22863315086805708
25916,LOF,0.03482554816844175,0.44691146709070617,0.5182629847408521
25917,LOF,0.05090539499010716,0.05022596368781635,0.8988686413220766
25918,LOF,0.030610725646694554,0.04336625980545787,0.9260230145478476
25919,LOF,0.028253933003610777,0.04421441885642599,0.9275316481399631
25920,GOF,0.12266683969306495,0.518465054370554,0.3588681059363811
25921,LOF,0.03609022781345079,0.02162229077417393,0.9422874814123752
25922,LOF,0.048388254082087336,0.014234525695021325,0.9373772202228914
25923,LOF,0.41339753991017264,0.019376394845868186,0.5672260652439591
25924,LOF,0.048133795425991714,0.021624095330924683,0.9302421092430835
25925,LOF,0.07448766211240433,0.02577286606254872,0.8997394718250469
25926,LOF,0.05619131834421226,0.013658495241976194,0.9301501864138116
25927,LOF,0.07929344892743909,0.051499969867990734,0.8692065812045703
25928,LOF,0.024516165389434068,0.012111957221874366,0.9633718773886916
25929,Neutral,0.5662111165829601,0.022919092590418955,0.4108697908266209
25930,LOF,0.06408315140046504,0.01582244297025672,0.9200944056292782
25931,LOF,0.03093462507947965,0.012095066461872913,0.9569703084586474
25932,LOF,0.029226920067756547,0.012542770690922236,0.9582303092413211
25933,LOF,0.038066969596260936,0.008153438180587837,0.9537795922231512
25934,LOF,0.027243170636979386,0.012203991462359136,0.9605528379006616
25935,LOF,0.07417592637555459,0.022323114896627326,0.9035009587278181
25936,LOF,0.046359675613749186,0.013683017223904016,0.9399573071623467
25937,LOF,0.03503252882480154,0.014425238495247829,0.9505422326799506
25938,LOF,0.06675960323862308,0.027319849048678093,0.9059205477126987
25939,LOF,0.04091519585049946,0.010163436234531333,0.9489213679149692
25940,GOF,0.03315616969334458,0.6515174633354559,0.31532636697119965
25941,LOF,0.19990588962975145,0.035938426739785354,0.7641556836304633
25942,LOF,0.018576348607263628,0.017144294603988794,0.9642793567887477
25943,LOF,0.34438606628439106,0.034234706234638757,0.6213792274809702
25944,Neutral,0.4999497857262484,0.019737469991820335,0.48031274428193144
25945,LOF,0.06668888159333432,0.026770043021860465,0.9065410753848052
25946,LOF,0.038518915326859145,0.18069235111999618,0.7807887335531447
25947,LOF,0.14458422144773395,0.18604287019876223,0.6693729083535038
25948,LOF,0.38965842001840156,0.0215591637159629,0.5887824162656355
25949,LOF,0.12268165143198062,0.045394431562897054,0.8319239170051222
25950,GOF,0.19445257322204562,0.4288712632568194,0.37667616352113503
25951,LOF,0.21823147136833326,0.12135896658363811,0.6604095620480287
25952,LOF,0.040344148673842437,0.4381181058906094,0.5215377454355482
25953,LOF,0.12616595590494323,0.15914587001566163,0.7146881740793952
25954,Neutral,0.42042190715780026,0.22307235845314394,0.3565057343890559
25955,LOF,0.051070229742463634,0.16213648758928426,0.7867932826682521
25956,LOF,0.2296849289887009,0.062198413374627615,0.7081166576366714
25957,LOF,0.04322535691997234,0.02854082879505036,0.9282338142849772
25958,LOF,0.07237824573048439,0.03355254976810163,0.8940692045014139
25959,GOF,0.10635573228807015,0.47360715653375973,0.4200371111781701
25960,LOF,0.022333349178454594,0.0749854700584261,0.9026811807631193
25961,LOF,0.06228843193375858,0.042835600636956905,0.8948759674292845
25962,LOF,0.04911553693477362,0.06050027223672952,0.8903841908284968
25963,LOF,0.057098960583328265,0.17112507431913204,0.7717759650975398
25964,LOF,0.03398229432322182,0.18278512096590196,0.7832325847108761
25965,Neutral,0.48911194261093727,0.06845222470838223,0.4424358326806805
25966,GOF,0.3132956097560879,0.3759360936163848,0.31076829662752736
25967,LOF,0.013107254455874552,0.15814237933311737,0.8287503662110081
25968,LOF,0.06166025605578181,0.3457861427673328,0.5925536011768854
25969,LOF,0.023867487601364385,0.06109512796011926,0.9150373844385163
25970,LOF,0.05534773096930011,0.046369974416807576,0.8982822946138923
25971,LOF,0.10282227254894914,0.02056582838546298,0.876611899065588
25972,LOF,0.09627804489243474,0.023993701523294542,0.8797282535842708
25973,LOF,0.09389796156168997,0.01608920466652504,0.890012833771785
25974,LOF,0.361857385082339,0.03102547827894569,0.6071171366387152
25975,LOF,0.048337750087339405,0.0441205373829231,0.9075417125297375
25976,LOF,0.03965226238070614,0.0236101350318749,0.9367376025874189
25977,LOF,0.1264170116123714,0.11559476167411983,0.7579882267135087
25978,LOF,0.19038538195400256,0.11697983435137246,0.692634783694625
25979,LOF,0.1747418466803685,0.0818459914525939,0.7434121618670375
25980,LOF,0.19179599322925384,0.20263997691769656,0.6055640298530496
25981,LOF,0.22485347410170048,0.18552461259796554,0.589621913300334
25982,LOF,0.4407374192971185,0.09267333440920786,0.46658924629367354
25983,LOF,0.41286699766410534,0.08507698502376712,0.5020560173121276
25984,LOF,0.04284152952832493,0.12482420662665088,0.8323342638450243
25985,LOF,0.020510495508455257,0.33771826437106756,0.6417712401204771
25986,LOF,0.02894984140329035,0.37866187948314256,0.5923882791135671
25987,LOF,0.09214607028550201,0.07901787474604721,0.8288360549684508
25988,LOF,0.09139699262509697,0.08978923543229837,0.8188137719426047
25989,LOF,0.021696425914737322,0.1414860842786132,0.8368174898066495
25990,LOF,0.033153037157657224,0.1406893146902027,0.8261576481521402
25991,LOF,0.22102637704985634,0.3408647818018666,0.43810884114827714
25992,Neutral,0.4110874893805862,0.22829311711148487,0.360619393507929
25993,LOF,0.03231803094595417,0.10026017626098324,0.8674217927930625
25994,LOF,0.02092508753484345,0.13800896676471366,0.8410659457004429
25995,LOF,0.03676946133209565,0.12461346363833328,0.838617075029571
25996,GOF,0.22594823879493886,0.5484041147249005,0.2256476464801607
25997,GOF,0.09862755031699434,0.5203318449592987,0.38104060472370704
25998,LOF,0.4847855891472763,0.027041069141527718,0.4881733417111961
25999,LOF,0.0715057044548886,0.4464181196812916,0.4820761758638198
26000,LOF,0.057546074409385375,0.028991159598484067,0.9134627659921305
26001,LOF,0.15495948868520232,0.04232833774924627,0.8027121735655515
26002,LOF,0.09450398604630952,0.041763144699584774,0.8637328692541056
26003,GOF,0.011766984761414979,0.7247856030049014,0.26344741223368373
26004,GOF,0.026955591891167262,0.7593981824299896,0.21364622567884314
26005,GOF,0.012014989627772763,0.6062595116527356,0.3817254987194915
26006,Neutral,0.5254913440366148,0.35208189902410436,0.1224267569392809
26007,GOF,0.020534201288895056,0.7068870659175452,0.27257873279355965
26008,GOF,0.01469055487956598,0.7461349111428378,0.2391745339775962
26009,GOF,0.029698407424056092,0.7776460136473943,0.1926555789285495
26010,GOF,0.023535782854893765,0.7749420403471966,0.2015221767979097
26011,GOF,0.010832570840553323,0.5811663300316848,0.4080010991277619
26012,GOF,0.018111429219638,0.7265789215596803,0.25530964922068183
26013,GOF,0.014709033398338758,0.7766216844342543,0.20866928216740702
26014,LOF,0.032841176690902585,0.2361844686984464,0.7309743546106511
26015,LOF,0.22269182045556918,0.007774727957586228,0.7695334515868446
26016,LOF,0.33332070282202725,0.03102916676422459,0.6356501304137482
26017,LOF,0.22020929341122192,0.04739027701604577,0.7324004295727323
26018,LOF,0.10106863682990924,0.023356629913444445,0.8755747332566463
26019,LOF,0.09759817408196295,0.01718274506883013,0.885219080849207
26020,LOF,0.09404352058000755,0.04732415689089557,0.8586323225290968
26021,LOF,0.08800496703117366,0.06806048174605463,0.8439345512227716
26022,LOF,0.016331390315551305,0.03241187252352944,0.9512567371609193
26023,LOF,0.15138716900807492,0.020319169876017056,0.828293661115908
26024,LOF,0.03887923885611431,0.07059068689669293,0.8905300742471929
26025,LOF,0.19656502634097972,0.04216065692507333,0.761274316733947
26026,LOF,0.4145391551832189,0.00829549851950611,0.5771653462972751
26027,LOF,0.09757525480981417,0.010978958895584805,0.891445786294601
26028,LOF,0.23715129811428612,0.07377790769103343,0.6890707941946804
26029,LOF,0.13175373488904077,0.1301526410914068,0.7380936240195525
26030,LOF,0.04116813929017325,0.028287129137709335,0.9305447315721175
26031,LOF,0.04074791863209068,0.11146615769778039,0.8477859236701288
26032,LOF,0.08527018224922168,0.0281229081349355,0.8866069096158429
26033,LOF,0.15615572336993064,0.039092106450366426,0.8047521701797029
26034,LOF,0.06589852470754871,0.09176232200747879,0.8423391532849724
26035,LOF,0.04833557745838596,0.10251925509822102,0.849145167443393
26036,LOF,0.063408725674867,0.0938574728725053,0.8427338014526278
26037,LOF,0.03920557020382691,0.07812200591643666,0.8826724238797364
26038,LOF,0.08395239519812615,0.027366505352182553,0.8886810994496914
26039,LOF,0.0866958928021242,0.08975174322678635,0.8235523639710893
26040,LOF,0.27406870344258244,0.056451069296967214,0.6694802272604504
26041,LOF,0.03980892733752611,0.08148636981755729,0.8787047028449166
26042,LOF,0.0394004478637275,0.0713585650206696,0.8892409871156028
26043,LOF,0.08298043181376713,0.03595755641439691,0.881062011771836
26044,LOF,0.04217742004892751,0.033921413530948144,0.9239011664201243
26045,LOF,0.11131941475018298,0.0651999334540272,0.8234806517957898
26046,LOF,0.09116789082021608,0.037262578027729136,0.8715695311520547
26047,LOF,0.12143546867985781,0.043059894779770944,0.8355046365403713
26048,LOF,0.06136281485085853,0.028478286901852355,0.9101588982472892
26049,Neutral,0.9439940922482578,0.006583936025263601,0.04942197172647849
26050,Neutral,0.916415209510863,0.007313092987752413,0.0762716975013847
26051,GOF,0.03835704033674196,0.540283954065508,0.42135900559774997
26052,GOF,0.034841049291095716,0.6888674430174189,0.2762915076914854
26053,LOF,0.05637694928039418,0.30365958576670077,0.639963464952905
26054,LOF,0.06003489576291071,0.0555631931098685,0.8844019111272208
26055,LOF,0.06496864439338514,0.04797552281728244,0.8870558327893325
26056,LOF,0.05391520632446026,0.053505858966926806,0.8925789347086129
26057,LOF,0.02719361825268185,0.035748615458222006,0.9370577662890962
26058,LOF,0.027161064487701652,0.03524201869787513,0.9375969168144233
26059,LOF,0.3291404392101727,0.07058523069653048,0.6002743300932967
26060,LOF,0.035498312766598504,0.3351304500635464,0.6293712371698551
26061,LOF,0.02041120509654907,0.055702066058961094,0.9238867288444899
26062,LOF,0.015757709173527177,0.05625205527004838,0.9279902355564245
26063,LOF,0.022254604029477165,0.03952389442517323,0.9382215015453496
26064,LOF,0.02713960266728817,0.047359458877077945,0.9255009384556339
26065,LOF,0.026688730850790193,0.034931032840463144,0.9383802363087467
26066,LOF,0.020050936608853605,0.042975246830106714,0.9369738165610397
26067,LOF,0.022126648499267557,0.033875193283675414,0.9439981582170569
26068,LOF,0.05074110638015581,0.06801510860741106,0.8812437850124332
26069,LOF,0.3699995772216136,0.06822086969791126,0.5617795530804751
26070,Neutral,0.582782965600203,0.03228983725612083,0.3849271971436761
26071,LOF,0.022691023398402316,0.04458178153038968,0.9327271950712079
26072,LOF,0.025548514230560624,0.06911944480153573,0.9053320409679037
26073,LOF,0.024533079265882617,0.03229826741881613,0.9431686533153012
26074,Neutral,0.8876709747494157,0.01356808421813055,0.09876094103245361
26075,LOF,0.04499626785667869,0.05305242510215616,0.9019513070411652
26076,LOF,0.03986342359737244,0.029823297478195246,0.9303132789244324
26077,LOF,0.011195202930580659,0.08208192963177371,0.9067228674376455
26078,LOF,0.015512638674079164,0.048091324519421205,0.9363960368064996
26079,LOF,0.048761150109359296,0.05678745676812426,0.8944513931225165
26080,LOF,0.048761150109359296,0.05678745676812426,0.8944513931225165
26081,LOF,0.028355693733554163,0.02828235038211938,0.9433619558843264
26082,LOF,0.023510354563818687,0.04826274753347855,0.9282268979027029
26083,LOF,0.11964192675329383,0.03506399243068974,0.8452940808160164
26084,LOF,0.026186747542240714,0.04610232631357286,0.9277109261441865
26085,LOF,0.021740469907201992,0.04499434914922044,0.9332651809435776
26086,LOF,0.021582996020921612,0.04542135947482314,0.9329956445042553
26087,LOF,0.023895616456245893,0.03842957552533508,0.9376748080184191
26088,LOF,0.02468035056297691,0.06534142205846537,0.9099782273785578
26089,LOF,0.04467431196319943,0.0491731712157394,0.9061525168210611
26090,LOF,0.04216339148564381,0.04478791563427859,0.9130486928800776
26091,LOF,0.035675787911511755,0.022242401133412252,0.942081810955076
26092,LOF,0.027234909694779184,0.03176143020777944,0.9410036600974413
26093,LOF,0.03715842208691658,0.02331791899094768,0.9395236589221359
26094,LOF,0.04249678629965088,0.018483940959674473,0.9390192727406745
26095,LOF,0.0457182434622466,0.06193994694651485,0.8923418095912387
26096,LOF,0.020267330971022533,0.04746082370658181,0.9322718453223956
26097,LOF,0.012383811107100655,0.12566344619745837,0.861952742695441
26098,LOF,0.061004007322230686,0.03859588907934644,0.9004001035984228
26099,LOF,0.022909238121100177,0.05823216269451338,0.9188585991843864
26100,LOF,0.02323699887609837,0.060248222067037116,0.9165147790568645
26101,LOF,0.053159488233100106,0.04423132159678888,0.902609190170111
26102,LOF,0.024158189462111523,0.04584880057956097,0.9299930099583276
26103,Neutral,0.8717288039901996,0.05024838096048563,0.07802281504931467
26104,LOF,0.047624345131984415,0.09193758465446171,0.8604380702135539
26105,LOF,0.32748991778695563,0.1678881202606883,0.5046219619523561
26106,LOF,0.14795006102419725,0.09562044763264407,0.7564294913431587
26107,LOF,0.2489339871914091,0.08620361209860616,0.6648624007099847
26108,LOF,0.1899115334409131,0.07467014379215418,0.7354183227669326
26109,LOF,0.07308369535966752,0.09896471384677756,0.8279515907935548
26110,LOF,0.29329516223674745,0.04512253303771082,0.6615823047255417
26111,LOF,0.4543958417722277,0.030204149062879184,0.515400009164893
26112,LOF,0.050248700092411114,0.024963626301903616,0.9247876736056853
26113,LOF,0.05852242486102166,0.04809011191189496,0.8933874632270835
26114,LOF,0.025202401370733884,0.034501191203360475,0.9402964074259057
26115,LOF,0.10721588655542073,0.05776992785300441,0.8350141855915748
26116,LOF,0.057100696182664015,0.05600042636150745,0.8868988774558285
26117,LOF,0.2364910312230693,0.143274034609618,0.6202349341673128
26118,LOF,0.034242834218595614,0.07982539882336605,0.8859317669580384
26119,LOF,0.022176439112052727,0.17360888978940658,0.8042146710985407
26120,LOF,0.02643004450261301,0.06775245299160183,0.9058175025057852
26121,LOF,0.04821861813726249,0.16769994843099084,0.7840814334317466
26122,LOF,0.06255238975926332,0.13380069867483543,0.8036469115659013
