feature0,prediction,LoGoFunc_Neutral,LoGoFunc_GOF,LoGoFunc_LOF
25546,Neutral,0.6113840144888083,0.05453889015330324,0.3340770953578885
25547,Neutral,0.4674982580182266,0.08847595665762809,0.4440257853241454
25548,Neutral,0.4685482848960245,0.07489706808083473,0.45655464702314086
25549,LOF,0.4154595871751778,0.07416570179713035,0.5103747110276918
25550,LOF,0.3461259547816289,0.10291507895673582,0.5509589662616352
25551,LOF,0.29625709893044644,0.11307042919909827,0.5906724718704554
25552,LOF,0.2594928922875473,0.10573336352541876,0.634773744187034
25553,Neutral,0.8001250096791861,0.04089189501089262,0.15898309530992125
25554,LOF,0.30240314189760975,0.09437836155896673,0.6032184965434235
25555,LOF,0.2545128729588687,0.08977846804813028,0.655708658993001
25556,LOF,0.43599949641278885,0.08221822933496171,0.4817822742522495
25557,LOF,0.24764493135338406,0.09364725865523425,0.6587078099913817
25558,LOF,0.30499782473529147,0.091467983994589,0.6035341912701194
25559,LOF,0.2860598392575839,0.14332091503467223,0.5706192457077439
25560,LOF,0.18336581905076527,0.11049417004295771,0.706140010906277
25561,LOF,0.1666272499257813,0.1228206946572976,0.7105520554169211
25562,LOF,0.07312427460753192,0.0857672613704235,0.8411084640220445
25563,LOF,0.024483426744592026,0.1445245812885576,0.8309919919668505
25564,LOF,0.2193055230360211,0.11487114951434604,0.6658233274496329
25565,LOF,0.2162480224518717,0.1512866052700136,0.6324653722781147
25566,GOF,0.09528484151064567,0.7004564910853296,0.2042586674040248
25567,LOF,0.04191268210103876,0.1480024830807094,0.8100848348182519
25568,LOF,0.0649559033617886,0.07271074694204323,0.8623333496961681
25569,LOF,0.06425705992093894,0.07501732917073177,0.8607256109083292
25570,LOF,0.02935803810495441,0.10185154527392472,0.8687904166211209
25571,LOF,0.028467026947936458,0.10774163280203566,0.8637913402500278
25572,LOF,0.061837838840647516,0.12512264745419302,0.8130395137051596
25573,LOF,0.06052025479242572,0.0891811724740533,0.8502985727335209
25574,LOF,0.05508291652249368,0.19371338622046666,0.7512036972570396
25575,LOF,0.024326774510421284,0.12175360258540133,0.8539196229041773
25576,LOF,0.03233647409946238,0.1537212317236087,0.813942294176929
25577,LOF,0.032206179237992016,0.1252619083320565,0.8425319124299514
25578,LOF,0.32620521971413546,0.07948929443785918,0.5943054858480055
25579,LOF,0.15358657582144808,0.08530865316633553,0.7611047710122163
25580,LOF,0.02216227011347925,0.08226291086963337,0.8955748190168873
25581,LOF,0.058161239726470006,0.06489379305828295,0.8769449672152471
25582,LOF,0.05802296277391971,0.06361871654840293,0.8783583206776774
25583,LOF,0.02351171722101875,0.08300157572261833,0.8934867070563629
25584,Neutral,0.71301543237624,0.09926045844566266,0.18772410917809731
25585,LOF,0.027585352668158952,0.14964228827255924,0.8227723590592818
25586,LOF,0.019057044153048135,0.07282159969646564,0.9081213561504863
25587,LOF,0.01821420540414176,0.06394270294177155,0.9178430916540867
25588,LOF,0.021810543557282926,0.07153591283090893,0.906653543611808
25589,Neutral,0.5385201388805005,0.19176693323771232,0.2697129278817872
25590,LOF,0.05028663684699809,0.12612031498251483,0.8235930481704872
25591,LOF,0.10091487796314878,0.05557348929266663,0.8435116327441845
25592,LOF,0.05948635751319855,0.14427806859428824,0.7962355738925132
25593,LOF,0.15104303134307429,0.25191209326673975,0.5970448753901859
25594,LOF,0.0571777708056993,0.09727188086741048,0.8455503483268904
25595,LOF,0.05607471033350473,0.06816366456642522,0.87576162510007
25596,LOF,0.1143938504802148,0.037151002686847893,0.8484551468329373
25597,LOF,0.08584246406400528,0.04802304528604359,0.8661344906499511
25598,LOF,0.05818711265512192,0.06947632176220242,0.8723365655826757
25599,GOF,0.019508052843816074,0.5045040999880223,0.4759878471681617
25600,GOF,0.16769632913344726,0.513953814192516,0.31834985667403676
25601,LOF,0.04052235904235242,0.43081567493834183,0.5286619660193057
25602,LOF,0.03418513827814586,0.06366729484698513,0.902147566874869
25603,LOF,0.035315616864491674,0.03388744940282312,0.9307969337326851
25604,LOF,0.03529977944610902,0.08055922494483725,0.8841409956090538
25605,LOF,0.03702691295302531,0.20317183083935697,0.7598012562076177
25606,LOF,0.4309167381245929,0.13721539474845632,0.4318678671269508
25607,LOF,0.02685882103722701,0.1877235979517879,0.7854175810109851
25608,LOF,0.03500231719545578,0.07302162808366534,0.8919760547208789
25609,GOF,0.16405768298523588,0.5049400081727666,0.3310023088419974
25610,LOF,0.01663808382707276,0.03010855633912831,0.953253359833799
25611,LOF,0.013573025630125142,0.03451951596584731,0.9519074584040276
25612,LOF,0.04854645332465464,0.05126994750628631,0.9001835991690591
25613,LOF,0.04498116990521104,0.047140679083996245,0.9078781510107927
25614,LOF,0.023066161184125866,0.02791882699173683,0.9490150118241373
25615,LOF,0.04312588177649274,0.04762006797838311,0.9092540502451242
25616,LOF,0.05242127209986622,0.03162491202528811,0.9159538158748456
25617,LOF,0.041558498304432485,0.046229400407572556,0.912212101287995
25618,LOF,0.050634413882855944,0.038758251306545574,0.9106073348105985
25619,LOF,0.01353077170416764,0.03749384829439376,0.9489753800014386
25620,LOF,0.05914534735115708,0.04921332397623098,0.8916413286726119
25621,LOF,0.05545060907580577,0.03952473332024934,0.905024657603945
25622,LOF,0.0628838957618297,0.03605366827688368,0.9010624359612867
25623,LOF,0.0729023854656699,0.030220322517075817,0.8968772920172543
25624,LOF,0.019110140867520147,0.0371726752718751,0.9437171838606048
25625,LOF,0.06001252784781436,0.04021529490072064,0.899772177251465
25626,LOF,0.04786390368295361,0.0464503201461026,0.9056857761709438
25627,Neutral,0.8964058670520935,0.017747416056734803,0.0858467168911717
25628,LOF,0.13204785165589092,0.06170261516827754,0.8062495331758315
25629,LOF,0.06810315347355975,0.04436657956762868,0.8875302669588115
25630,LOF,0.2635657900742131,0.07188753798372696,0.66454667194206
25631,Neutral,0.5558931407221183,0.06179524319027773,0.38231161608760394
25632,LOF,0.026550000324917413,0.059760985060427006,0.9136890146146556
25633,LOF,0.18618339557984076,0.03621807624666247,0.7775985281734968
25634,LOF,0.03634360558192372,0.08380211421018269,0.8798542802078936
25635,LOF,0.03838349313816964,0.04307010055002787,0.9185464063118024
25636,LOF,0.03106175065137057,0.4732891064119313,0.49564914293669815
25637,GOF,0.06873752595919803,0.49365630954129874,0.43760616449950324
25638,LOF,0.027501458008481937,0.3779397103491311,0.594558831642387
25639,LOF,0.03159428229021914,0.37790988076745574,0.5904958369423251
25640,Neutral,0.7882141118355845,0.16601821848235987,0.04576766968205553
25641,LOF,0.06847835558820549,0.44213911296715275,0.4893825314446419
25642,LOF,0.049157607536170406,0.15909743719692515,0.7917449552669044
25643,LOF,0.1841216158342553,0.15476621423456288,0.6611121699311818
25644,LOF,0.022775434264109114,0.44502269996765415,0.5322018657682367
25645,LOF,0.0267488346584897,0.37320094613032906,0.6000502192111813
25646,LOF,0.06227307991508484,0.3012429425061146,0.6364839775788005
25647,LOF,0.028619132261994674,0.24550525403143633,0.725875613706569
25648,LOF,0.04044935629486322,0.23690800376691004,0.7226426399382267
25649,LOF,0.018565248297857807,0.22501859002274888,0.7564161616793933
25650,LOF,0.05563359866111717,0.3629302491872474,0.5814361521516354
25651,LOF,0.02060993184411868,0.2633277440115554,0.7160623241443258
25652,LOF,0.03745034451059759,0.24397535355351185,0.7185743019358907
25653,LOF,0.09240692805983558,0.3629925420846161,0.5446005298555483
25654,LOF,0.02841181015233101,0.22980782334334157,0.7417803665043273
25655,LOF,0.25353809402727195,0.34147346976394544,0.40498843620878255
25656,LOF,0.3284537085743352,0.05644018837506075,0.615106103050604
25657,LOF,0.06147940527594812,0.055621543071206855,0.8828990516528449
25658,LOF,0.3323532266243021,0.054372507759444764,0.6132742656162532
25659,Neutral,0.5012567719292027,0.07432285954304058,0.4244203685277568
25660,LOF,0.022748165626529242,0.08157970924626722,0.8956721251272035
25661,LOF,0.0915730953492839,0.06114255411854909,0.847284350532167
25662,LOF,0.034657173181168274,0.034852717597357655,0.930490109221474
25663,LOF,0.04446240253157018,0.046231917022966786,0.9093056804454631
25664,LOF,0.1321327613033907,0.06606487841446627,0.801802360282143
25665,LOF,0.0541440931839667,0.03224901115166297,0.9136068956643704
25666,LOF,0.0946012239091308,0.0780195717778423,0.8273792043130269
25667,LOF,0.07260944588964853,0.03927833509307313,0.8881122190172783
25668,LOF,0.03669972709108809,0.047274819152876575,0.9160254537560354
25669,LOF,0.03227060740743796,0.05007412327806077,0.9176552693145013
25670,LOF,0.1478181125923075,0.06286099364546326,0.7893208937622292
25671,LOF,0.11642804236539628,0.0364135806448031,0.8471583769898006
25672,LOF,0.052727647230680255,0.04272332155513998,0.9045490312141798
25673,LOF,0.07974068200073542,0.04941428365890964,0.8708450343403549
25674,LOF,0.06695372455573088,0.057892033893961956,0.8751542415503071
25675,LOF,0.11994813033847548,0.056035707526698925,0.8240161621348255
25676,LOF,0.019087541193926392,0.05184006305933003,0.9290723957467435
25677,LOF,0.025871589404504305,0.07168884710965272,0.9024395634858431
25678,LOF,0.2240331228436624,0.0578072984219869,0.7181595787343508
25679,LOF,0.11921157884528752,0.08012190769554305,0.8006665134591695
25680,LOF,0.03245423934878109,0.12307032476067707,0.8444754358905419
25681,LOF,0.052831200741222724,0.11395880537520868,0.8332099938835685
25682,LOF,0.15645125036088553,0.07602957754485569,0.7675191720942588
25683,LOF,0.11825290682686922,0.10357241993363714,0.7781746732394937
25684,LOF,0.04297349370031992,0.07655213386977212,0.8804743724299079
25685,LOF,0.14090988948829447,0.049473946709783986,0.8096161638019215
25686,LOF,0.0753418718200082,0.08202251459856329,0.8426356135814286
25687,LOF,0.1108711556903035,0.08096917317096826,0.8081596711387282
25688,LOF,0.30343228071698924,0.04045132066614941,0.6561163986168614
25689,LOF,0.22446973659599465,0.04271808199100578,0.7328121814129996
25690,LOF,0.3191190327875878,0.03344904730548238,0.6474319199069298
25691,Neutral,0.7040887000030228,0.02433705831015053,0.2715742416868267
25692,LOF,0.3494194138134419,0.011165770172868723,0.6394148160136893
25693,LOF,0.05163226946199215,0.39605744485901034,0.5523102856789974
25694,LOF,0.11220994153691513,0.018816571220207343,0.8689734872428775
25695,LOF,0.10694607055927993,0.016944769404408366,0.8761091600363117
25696,LOF,0.13466343506946168,0.011686889675033557,0.8536496752555047
25697,LOF,0.09284950418697382,0.031120909995734105,0.8760295858172921
25698,LOF,0.3406194792958044,0.16008775648935072,0.4992927642148448
25699,LOF,0.4545772161450528,0.037320805421113656,0.5081019784338335
25700,LOF,0.07404103481894524,0.008708266805845293,0.9172506983752096
25701,LOF,0.14788272744222367,0.04658092316391101,0.8055363493938653
25702,GOF,0.16314961315826512,0.6193303219963755,0.21752006484535943
25703,LOF,0.015296026731297388,0.1635379188640667,0.8211660544046359
25704,LOF,0.041917187726762825,0.11389970414477832,0.8441831081284588
25705,LOF,0.05205843980319284,0.16867000692748965,0.7792715532693175
25706,LOF,0.08453064711500546,0.4414806987874651,0.47398865409752944
25707,LOF,0.09185547550469364,0.39593462922816824,0.5122098952671382
25708,LOF,0.027350283079317823,0.34430171868709375,0.6283479982335884
25709,LOF,0.06923799400087441,0.04868878093372694,0.8820732250653986
25710,LOF,0.011164052067427118,0.16848360879777535,0.8203523391347974
25711,LOF,0.019370507738805554,0.10903386752389548,0.871595624737299
25712,LOF,0.012523727996215215,0.20044646151477344,0.7870298104890114
25713,LOF,0.019243710967608105,0.0907395267566698,0.890016762275722
25714,LOF,0.08159658439945296,0.0893332143616721,0.8290702012388749
25715,LOF,0.011920067476856751,0.1550471180469998,0.8330328144761434
25716,LOF,0.012323348679267515,0.12798557935423038,0.859691071966502
25717,LOF,0.01121864136816272,0.08827666857179114,0.9005046900600462
25718,LOF,0.012831589273183463,0.10719200509568232,0.8799764056311342
25719,LOF,0.019252489560650697,0.08604747383138,0.8947000366079694
25720,LOF,0.024201874917160995,0.07391072277040801,0.9018874023124309
25721,LOF,0.015648267070203867,0.1292730022579595,0.8550787306718366
25722,LOF,0.014423881021380265,0.1399623846076173,0.8456137343710024
25723,LOF,0.023829019221524337,0.047558513632154464,0.9286124671463213
25724,LOF,0.030103625281775678,0.10601205493665887,0.8638843197815654
25725,LOF,0.012128782336030007,0.07438377300822442,0.9134874446557456
25726,LOF,0.015966350128613582,0.11370160728993553,0.8703320425814509
25727,LOF,0.013499865619078424,0.08534168193006572,0.9011584524508558
25728,LOF,0.00982631973197579,0.1316423511963891,0.8585313290716352
25729,LOF,0.010348272111920612,0.12485610392219522,0.8647956239658842
25730,LOF,0.014052916960977374,0.0937690480035357,0.8921780350354869
25731,LOF,0.01754207981590804,0.12141744006931553,0.8610404801147764
25732,LOF,0.01464218006758679,0.08740342586964583,0.8979543940627673
25733,LOF,0.01638811600099823,0.07939851813084337,0.9042133658681584
25734,LOF,0.011047006520319556,0.13007098360610803,0.8588820098735723
25735,LOF,0.01396340532871741,0.0921695697902086,0.8938670248810741
25736,LOF,0.015287174303647634,0.11023387652610726,0.8744789491702452
25737,LOF,0.012479866370008579,0.08755920592995131,0.8999609277000401
25738,LOF,0.012432763311659817,0.12082269590785243,0.8667445407804878
25739,LOF,0.021616731014098316,0.08411557674994076,0.8942676922359609
25740,LOF,0.026477355804330988,0.12152987303886022,0.8519927711568087
25741,LOF,0.01438094352705751,0.12923816990265796,0.8563808865702845
25742,LOF,0.12854845212058166,0.09205096988962974,0.7794005779897887
25743,LOF,0.03141413386195427,0.03720926298475588,0.9313766031532897
25744,Neutral,0.5632954093404233,0.20019025159240608,0.23651433906717054
25745,LOF,0.07371308443488603,0.07517326278289709,0.8511136527822168
25746,LOF,0.03779170707276856,0.09071314322587674,0.8714951497013548
25747,LOF,0.021080999672625576,0.05225096235449175,0.9266680379728828
25748,LOF,0.09054551337232963,0.07295974124156868,0.8364947453861016
25749,LOF,0.024630272340277013,0.0901478271779813,0.8852219004817417
25750,LOF,0.08191802793061963,0.08919147914248851,0.8288904929268919
25751,LOF,0.09339322441580492,0.0862829944688394,0.8203237811153556
25752,GOF,0.1215598183133755,0.6423280151482673,0.2361121665383572
25753,LOF,0.01986442976249969,0.28027175080615857,0.6998638194313417
25754,GOF,0.011468299405937339,0.7822005845158871,0.20633111607817553
25755,LOF,0.022591902549087578,0.40097116028226454,0.5764369371686479
25756,LOF,0.04153601003615016,0.36439478538892,0.5940692045749297
25757,GOF,0.013401292093167524,0.8261750232093484,0.160423684697484
25758,GOF,0.02946697261965183,0.8128979114804843,0.1576351158998637
25759,GOF,0.010729725239631852,0.5783781732442288,0.4108921015161393
25760,LOF,0.011931390136928434,0.26654797296467797,0.7215206368983936
25761,GOF,0.27114260429560993,0.6451028893783769,0.0837545063260131
25762,LOF,0.035502692011475226,0.2659785991385272,0.6985187088499976
25763,LOF,0.012933163467640256,0.20500984403005154,0.7820569925023082
25764,GOF,0.08065325305940711,0.6233577678687402,0.29598897907185273
25765,GOF,0.03748958492607316,0.7482092545402985,0.21430116053362833
25766,GOF,0.06682182198676112,0.7567017837683239,0.17647639424491496
25767,GOF,0.14568637012476926,0.5786034616659484,0.2757101682092823
25768,LOF,0.11220301521535184,0.07062776409587394,0.8171692206887742
25769,LOF,0.05858621122304848,0.05315711912771954,0.8882566696492319
25770,LOF,0.30546311847181357,0.08029370877409345,0.614243172754093
25771,LOF,0.04149400354822317,0.04071381121528032,0.9177921852364964
25772,LOF,0.018985012932647698,0.03383129113287174,0.9471836959344806
25773,LOF,0.044455308584878846,0.08490493825290231,0.8706397531622189
25774,LOF,0.029811385037648158,0.06765474546553316,0.9025338694968187
25775,LOF,0.05076771484494787,0.04065447447680424,0.9085778106782478
25776,LOF,0.07708799226247774,0.02138319047498018,0.9015288172625421
25777,LOF,0.366138166225845,0.0508150688470594,0.5830467649270955
25778,LOF,0.0722846991651725,0.04070999454827744,0.88700530628655
25779,GOF,0.38228629166061034,0.5734203870223263,0.04429332131706326
25780,GOF,0.3080944288628751,0.6219529018215432,0.06995266931558165
25781,GOF,0.14395653209020381,0.7500627845753134,0.10598068333448273
25782,GOF,0.2194155891830202,0.7047010822643865,0.07588332855259318
25783,GOF,0.024077149129023895,0.6068673237711417,0.3690555270998344
25784,Neutral,0.5125595407829417,0.4434554940960399,0.04398496512101826
25785,GOF,0.4728857039490871,0.489193863394684,0.037920432656228964
25786,GOF,0.028425274417066517,0.7473722921094615,0.22420243347347193
25787,Neutral,0.6323071619491922,0.34495723234374454,0.022735605707063344
25788,LOF,0.05404333296696546,0.11113624663236907,0.8348204204006655
25789,GOF,0.23751316441542716,0.6406766948733481,0.12181014071122456
25790,GOF,0.22784671503538004,0.6785116358583836,0.09364164910623637
25791,GOF,0.18375498636671816,0.6608976458138194,0.15534736781946257
25792,GOF,0.38246593118178873,0.5016492716816817,0.11588479713652967
25793,GOF,0.2737027130144023,0.5176747349192626,0.20862255206633507
25794,GOF,0.3013674526946033,0.5222534949933462,0.17637905231205056
25795,GOF,0.09215262606019765,0.6806680948206976,0.22717927911910485
25796,Neutral,0.5694019862588278,0.34795156619066886,0.0826464475505034
25797,GOF,0.09468421105200579,0.5321438716033944,0.3731719173445998
25798,GOF,0.009335939393394546,0.5097549588647323,0.4809091017418731
25799,LOF,0.00740362031325607,0.3810269062591458,0.611569473427598
25800,GOF,0.03530276812909986,0.5737540194862394,0.3909432123846608
25801,GOF,0.21536145672576046,0.6441335317420364,0.14050501153220307
25802,GOF,0.07639038045584688,0.6756411207299471,0.247968498814206
25803,GOF,0.03971619522146867,0.5865494821371967,0.37373432264133477
25804,GOF,0.032504937694859834,0.48937805119844446,0.47811701110669574
25805,GOF,0.10778576659844102,0.5857265591439428,0.30648767425761625
25806,GOF,0.10930278828481906,0.5894978598120413,0.3011993519031397
25807,GOF,0.021072665897916957,0.622809640911909,0.356117693190174
25808,GOF,0.09202885333551143,0.6120635481772255,0.29590759848726306
25809,GOF,0.01950726140909317,0.5776165580320067,0.4028761805589001
25810,GOF,0.017807282582514967,0.6196081644321816,0.3625845529853034
25811,Neutral,0.46129757790831055,0.45895996401120365,0.07974245808048579
25812,GOF,0.03380126464032696,0.6483160143726677,0.31788272098700526
25813,Neutral,0.5141488483266594,0.3888512508249116,0.09699990084842897
25814,GOF,0.13030616149973392,0.6491788055079886,0.22051503299227754
25815,GOF,0.1841270777744426,0.6077841157301761,0.2080888064953813
25816,GOF,0.02396501803084633,0.6869014237572765,0.2891335582118772
25817,GOF,0.2408112612291623,0.6306196132293048,0.12856912554153288
25818,GOF,0.05559481320394931,0.6248598324930588,0.31954535430299197
25819,GOF,0.33970207165599625,0.5158267332631912,0.1444711950808126
25820,GOF,0.17956510837031542,0.6052737642394516,0.21516112739023305
25821,GOF,0.057910953844930016,0.6692731827638883,0.2728158633911817
25822,GOF,0.1942747951166656,0.5745733308287303,0.23115187405460422
25823,GOF,0.03649144146062937,0.5333359118398879,0.43017264669948274
25824,GOF,0.08622959647362893,0.5619611436830468,0.35180925984332423
25825,GOF,0.03618006878662912,0.5624968205748438,0.4013231106385271
25826,GOF,0.01399079035185254,0.54946523722618,0.4365439724219674
25827,GOF,0.022071225041551932,0.5928069726687056,0.38512180228974247
25828,GOF,0.012674439664336309,0.5164195140668266,0.4709060462688371
25829,GOF,0.005930537269885299,0.5656619613129606,0.42840750141715417
25830,LOF,0.034239343846067645,0.3218142865472214,0.6439463696067109
25831,GOF,0.24064067476609952,0.6411617721460184,0.11819755308788218
25832,GOF,0.042132480906860614,0.6794840378827705,0.27838348121036904
25833,GOF,0.14138122833085842,0.6955608356280901,0.16305793604105143
25834,GOF,0.04011129099138207,0.6865804133530142,0.2733082956556037
25835,GOF,0.08094949154343722,0.7364910805695762,0.18255942788698656
25836,GOF,0.04587252024018554,0.6858109414341069,0.2683165383257075
25837,GOF,0.028691879262313397,0.5880486604324129,0.3832594603052738
25838,GOF,0.09991386743383746,0.7636842395414323,0.13640189302473024
25839,GOF,0.3435103222627256,0.5362477663245504,0.12024191141272404
25840,GOF,0.2671635486928727,0.603306932646142,0.12952951866098544
25841,GOF,0.2530165218114782,0.6127432349073627,0.13424024328115897
25842,GOF,0.21955306589682538,0.6524866438855697,0.1279602902176049
25843,GOF,0.29069195163395845,0.6232281121294722,0.08607993623656938
25844,GOF,0.07162858080989781,0.6837983787309703,0.24457304045913197
25845,LOF,0.01850129203935172,0.4705659603234161,0.5109327476372322
25846,GOF,0.15342611286359867,0.6960532290285086,0.15052065810789267
25847,GOF,0.14476357853427493,0.759437185515829,0.09579923594989613
25848,GOF,0.047027176218716375,0.6844967058634538,0.26847611791782977
25849,GOF,0.012619815794973729,0.5823876741145604,0.40499251009046594
25850,GOF,0.025831073880014124,0.6569250393531161,0.3172438867668698
25851,GOF,0.021001382590586728,0.5387339795516892,0.44026463785772396
25852,GOF,0.1763637187957612,0.5553900248513794,0.26824625635285937
25853,GOF,0.37784319863346955,0.5537719489123394,0.06838485245419103
25854,GOF,0.022192552341547135,0.6159489966476807,0.3618584510107721
25855,GOF,0.041599978711554894,0.5472699556120755,0.41113006567636956
25856,GOF,0.2538915936800097,0.5222961985948306,0.22381220772515978
25857,GOF,0.043111788249760724,0.49697193914399707,0.4599162726062423
25858,GOF,0.020967292572928963,0.5369509753081261,0.4420817321189451
25859,GOF,0.009887786616543973,0.5096984000658824,0.4804138133175737
25860,GOF,0.3736958379845164,0.5520510564003189,0.07425310561516468
25861,GOF,0.4428035195528514,0.4748334197308504,0.08236306071629819
25862,GOF,0.0987168080394584,0.7569367101134655,0.14434648184707619
25863,GOF,0.09569699137560472,0.758296637337303,0.1460063712870923
25864,GOF,0.2291694737666268,0.6891707055752025,0.08165982065817069
25865,GOF,0.08813446131332496,0.7722359928650355,0.13962954582163944
25866,GOF,0.06342407306210796,0.768484794896831,0.16809113204106108
25867,GOF,0.09439130456544736,0.7958651119225493,0.10974358351200329
25868,GOF,0.2764089958291548,0.6168880703353504,0.10670293383549474
25869,Neutral,0.7031762463824497,0.2588040204302926,0.038019733187257515
25870,GOF,0.2903334083417891,0.3922573510802007,0.3174092405780101
25871,GOF,0.2233260650118582,0.6271253931440346,0.14954854184410718
25872,GOF,0.08071721915785937,0.6517027464486241,0.2675800343935165
25873,GOF,0.13418960642362057,0.6917067807014371,0.1741036128749424
25874,LOF,0.01703085627016212,0.12844661894925222,0.8545225247805857
25875,LOF,0.10225832961588,0.03032130830863862,0.8674203620754813
25876,LOF,0.032198323410371404,0.029862804449338563,0.93793887214029
25877,LOF,0.4769750556805211,0.03729271185479141,0.48573223246468755
25878,LOF,0.20732207609800696,0.06856117054651442,0.7241167533554788
25879,LOF,0.09981230586256552,0.0769652938120944,0.8232224003253401
25880,LOF,0.023311992829911525,0.01321600769003935,0.9634719994800491
25881,LOF,0.16442443975536344,0.10617063826179383,0.7294049219828427
25882,LOF,0.06775712682073773,0.015391276407152635,0.9168515967721097
25883,LOF,0.08300354453861207,0.020340740967629826,0.896655714493758
25884,LOF,0.03232218597189289,0.02829889964893877,0.9393789143791683
25885,LOF,0.06587269068438324,0.010836575475942987,0.9232907338396737
25886,LOF,0.261374166570425,0.036183925939712556,0.7024419074898623
25887,LOF,0.15055593689400779,0.06240125729004845,0.7870428058159437
25888,LOF,0.06860514192635797,0.05610870752952117,0.875286150544121
25889,LOF,0.04315947691286655,0.02068022195392429,0.9361603011332091
25890,LOF,0.05099414331520691,0.14432049453392481,0.8046853621508684
25891,LOF,0.04096140569884183,0.05380399567751355,0.9052345986236446
25892,LOF,0.09408912992937726,0.019217434004534906,0.8866934360660879
25893,LOF,0.2324995492647598,0.017852945817133106,0.749647504918107
25894,LOF,0.18306565199834848,0.009615733119867905,0.8073186148817836
25895,LOF,0.21693757120020732,0.017154300912866675,0.7659081278869261
25896,LOF,0.049498421980943404,0.020570402698235075,0.9299311753208216
25897,LOF,0.26817088792218613,0.010447164141281318,0.7213819479365325
25898,Neutral,0.6936117883386596,0.00828271686530979,0.2981054947960306
25899,LOF,0.20025654959888034,0.01861393949431863,0.781129510906801
25900,LOF,0.43395909064778,0.013688115981926995,0.552352793370293
25901,LOF,0.04351061740311426,0.010779944016691401,0.9457094385801944
25902,LOF,0.1613793232720248,0.010892034022178622,0.8277286427057966
25903,Neutral,0.5513481487529389,0.022431161371392182,0.42622068987566886
25904,LOF,0.2630059952159,0.039755429723503204,0.6972385750605968
25905,LOF,0.023696135271353877,0.37752717862849317,0.598776686100153
25906,LOF,0.03480578950642917,0.08605476121953036,0.8791394492740404
25907,LOF,0.01629118810673105,0.38789015861711906,0.5958186532761499
25908,LOF,0.012047922244355181,0.2937517600241951,0.6942003177314496
25909,LOF,0.015050392168968878,0.1557368732694144,0.8292127345616167
25910,LOF,0.049921640089448834,0.1339911460872968,0.8160872138232544
25911,LOF,0.18878136214122185,0.01989773082332973,0.7913209070354484
25912,LOF,0.049995774863602974,0.0405421934473919,0.9094620316890051
25913,LOF,0.29281685238019717,0.016859087339755434,0.6903240602800473
25914,LOF,0.021466733530620827,0.07157699902386984,0.9069562674455094
25915,Neutral,0.5677214245790925,0.2035906760698442,0.22868789935106326
25916,LOF,0.09006259951928294,0.24069548275842492,0.669241917722292
25917,LOF,0.06731590932363334,0.05364162291968145,0.8790424677566852
25918,LOF,0.026408384777594718,0.04692979988377109,0.9266618153386341
25919,LOF,0.02275714659304212,0.053996696743948094,0.9232461566630098
25920,GOF,0.100673498065,0.5290762806541173,0.37025022128088264
25921,LOF,0.022323961783337676,0.03108740475549481,0.9465886334611675
25922,LOF,0.03158728565352451,0.02310830957575488,0.9453044047707206
25923,LOF,0.4116759217982031,0.026601188914609424,0.5617228892871874
25924,LOF,0.03427604262719023,0.04396320772604472,0.921760749646765
25925,LOF,0.06581805158357905,0.03532656760184694,0.898855380814574
25926,LOF,0.04747021577083312,0.030069842277299596,0.9224599419518672
25927,LOF,0.05838680736998147,0.10906348067217997,0.8325497119578386
25928,LOF,0.018240953325248197,0.04352910089042353,0.9382299457843283
25929,Neutral,0.5218360727869399,0.02912622175133863,0.44903770546172145
25930,LOF,0.050341518203391354,0.02385403093455243,0.9258044508620562
25931,LOF,0.024346061854055127,0.025932730511559417,0.9497212076343855
25932,LOF,0.026300283060105838,0.021766731040458762,0.9519329858994355
25933,LOF,0.0353462131935286,0.015451535814682199,0.9492022509917891
25934,LOF,0.02430895251386853,0.01849819227012323,0.9571928552160083
25935,LOF,0.05941452322903394,0.0465440025221142,0.8940414742488517
25936,LOF,0.04313978582140361,0.019137895248781518,0.937722318929815
25937,LOF,0.02568506677779755,0.03170593574054696,0.9426089974816555
25938,LOF,0.06238066487483328,0.04406666756672705,0.8935526675584398
25939,LOF,0.03883106432083767,0.016099819554725565,0.9450691161244368
25940,LOF,0.03050423497427995,0.3832894251654386,0.5862063398602815
25941,LOF,0.19745721744751524,0.10499538824303029,0.6975473943094546
25942,LOF,0.015369137526517094,0.03372162810534767,0.9509092343681352
25943,LOF,0.3035465739046657,0.06482557755356848,0.6316278485417658
25944,Neutral,0.4923307725030807,0.026173878854783915,0.4814953486421353
25945,LOF,0.0669989740604014,0.022899215893868004,0.9101018100457305
25946,LOF,0.02730376238314234,0.1302217091244972,0.8424745284923605
25947,LOF,0.0955152789965362,0.24974584445071643,0.6547388765527474
25948,LOF,0.41184244519918184,0.0091936103654044,0.5789639444354138
25949,LOF,0.09802892283223083,0.03539594242608283,0.8665751347416862
25950,GOF,0.3286925975803575,0.3629362781867211,0.3083711242329214
25951,LOF,0.2278366884317147,0.22705886000049022,0.5451044515677951
25952,LOF,0.043997542468800166,0.424844301517727,0.5311581560134728
25953,LOF,0.13354256165084802,0.10039134202164152,0.7660660963275105
25954,Neutral,0.4620279153274984,0.1520184530324207,0.3859536316400808
25955,LOF,0.05770250181641489,0.08243633653197113,0.8598611616516139
25956,LOF,0.16516394287050173,0.12273454074029282,0.7121015163892054
25957,LOF,0.0369022108884088,0.03327055986955923,0.9298272292420321
25958,LOF,0.06609510571922263,0.03105764587049715,0.9028472484102803
25959,LOF,0.07301840602899122,0.4022476992157019,0.5247338947553069
25960,LOF,0.016631717801714574,0.05423717711008678,0.9291311050881987
25961,LOF,0.05263062303157682,0.0336865827794967,0.9136827941889264
25962,LOF,0.066157938248628,0.029477772739237264,0.9043642890121347
25963,LOF,0.054996831902169974,0.18937309120939091,0.755630076888439
25964,LOF,0.04125981685143433,0.15114040745499857,0.8075997756935671
25965,Neutral,0.46560796771897656,0.07934543579069911,0.4550465964903244
25966,Neutral,0.49804757116513315,0.1720220639216807,0.32993036491318606
25967,LOF,0.012758406323748346,0.09786943465443834,0.8893721590218132
25968,LOF,0.030814080561700395,0.44799080049071344,0.5211951189475862
25969,LOF,0.028255605372165107,0.06006917869090737,0.9116752159369276
25970,LOF,0.06069104157353378,0.06401592402753217,0.8752930343989341
25971,LOF,0.07654989912974475,0.017582570560510807,0.9058675303097445
25972,LOF,0.07750884476185003,0.024614188771466577,0.8978769664666834
25973,LOF,0.0700401582121546,0.010647426205562058,0.9193124155822834
25974,LOF,0.20041466367315838,0.018075248796220616,0.7815100875306209
25975,LOF,0.04157044837772459,0.03251838601888658,0.9259111656033887
25976,LOF,0.0405942283865698,0.017357900082080217,0.9420478715313501
25977,LOF,0.14581022019541243,0.09506411128779486,0.7591256685167928
25978,LOF,0.14808438820855988,0.05890081642498977,0.7930147953664504
25979,LOF,0.13335201751438894,0.060794900523405145,0.805853081962206
25980,LOF,0.23220575142697278,0.0747970980140094,0.6929971505590179
25981,LOF,0.266740994356615,0.07224627025353383,0.6610127353898511
25982,LOF,0.4118192974022718,0.049977316086164965,0.5382033865115632
25983,LOF,0.38713813652509366,0.06081045420872312,0.5520514092661831
25984,LOF,0.05203034035450198,0.04159689784900431,0.9063727617964936
25985,LOF,0.032774153162809704,0.21774094537877417,0.7494849014584162
25986,LOF,0.04210253416584701,0.2579856944425581,0.6999117713915949
25987,LOF,0.07652072015226943,0.06336499025820783,0.8601142895895227
25988,LOF,0.1428372295730612,0.04748672348123148,0.8096760469457074
25989,LOF,0.029659760849479983,0.09554486529888145,0.8747953738516385
25990,LOF,0.042614318715856886,0.11020407378581569,0.8471816074983273
25991,LOF,0.1252106828534106,0.317398141043123,0.5573911761034664
25992,LOF,0.3112856511672652,0.1667464884147277,0.5219678604180071
25993,LOF,0.023627271419329448,0.07750793542010159,0.898864793160569
25994,LOF,0.017214930934608977,0.1102220954796369,0.8725629735857541
25995,LOF,0.026035391246891568,0.22982829298821944,0.744136315764889
25996,GOF,0.2929254600740799,0.49004842041907276,0.21702611950684741
25997,LOF,0.0749987562142491,0.43089169542637334,0.4941095483593775
25998,Neutral,0.5243411258289455,0.022976196187031415,0.4526826779840231
25999,LOF,0.11937374869660398,0.10497218504391448,0.7756540662594815
26000,LOF,0.16293353740535135,0.05164494948671867,0.7854215131079301
26001,LOF,0.18350597618692643,0.052667791346084965,0.7638262324669886
26002,LOF,0.15716204280725127,0.049315372099321284,0.7935225850934273
26003,GOF,0.009784380542555588,0.6192573874237335,0.37095823203371087
26004,GOF,0.020486647040798243,0.7002246859882755,0.2792886669709263
26005,LOF,0.007040964929800856,0.47891896296428227,0.5140400721059168
26006,Neutral,0.518809613436483,0.26915299754925315,0.2120373890142639
26007,GOF,0.018871798893644414,0.5812331249966278,0.3998950761097278
26008,GOF,0.015083563746073359,0.6537580002285123,0.3311584360254144
26009,GOF,0.021008383716731725,0.7095419006379603,0.26944971564530795
26010,GOF,0.024265434990473917,0.6886495170226175,0.2870850479869087
26011,GOF,0.006507505593336604,0.5023331682670596,0.4911593261396037
26012,GOF,0.01332228940303172,0.5982201985923191,0.38845751200464923
26013,GOF,0.017772677143885376,0.6355063947159586,0.34672092814015604
26014,LOF,0.04617318362025408,0.09691412772077725,0.8569126886589687
26015,LOF,0.19840373941726305,0.009691583897869983,0.7919046766848671
26016,LOF,0.21850749377959183,0.047083219933511646,0.7344092862868966
26017,LOF,0.24818455593100672,0.07843418514230521,0.6733812589266881
26018,LOF,0.08866295563180349,0.02491600682104849,0.886421037547148
26019,LOF,0.08468473692888387,0.019335952619598504,0.8959793104515176
26020,LOF,0.07809249582098825,0.08700569624638727,0.8349018079326245
26021,LOF,0.04995518181403044,0.09377381495425552,0.856271003231714
26022,LOF,0.01122958671435884,0.030897517756072537,0.9578728955295687
26023,LOF,0.10147937481269546,0.01731936806856958,0.881201257118735
26024,LOF,0.03767592101598011,0.09329615698848628,0.8690279219955335
26025,LOF,0.16702053834710484,0.06917664993455452,0.7638028117183405
26026,LOF,0.336227738645286,0.022899853272133917,0.6408724080825801
26027,LOF,0.08071530406829104,0.013442091250509198,0.9058426046811998
26028,LOF,0.17682751993384255,0.0671797140496558,0.7559927660165017
26029,LOF,0.07220960104879852,0.19770551166137637,0.7300848872898251
26030,LOF,0.023878664440010827,0.06441985811745675,0.9117014774425324
26031,LOF,0.027865585354017005,0.1518857774115097,0.8202486372344733
26032,LOF,0.06378880273558536,0.0742352453809556,0.8619759518834591
26033,LOF,0.10969452504869284,0.09402078877276178,0.7962846861785453
26034,LOF,0.04364020521399281,0.1842187856764511,0.7721410091095562
26035,LOF,0.025239813052643775,0.16635766421643708,0.8084025227309192
26036,LOF,0.03756256046538462,0.19668072374289225,0.7657567157917231
26037,LOF,0.021779684785525038,0.1425339945180083,0.8356863206964665
26038,LOF,0.059159989279323734,0.0776447202108234,0.863195290509853
26039,LOF,0.04804474405028406,0.17110204162630932,0.7808532143234067
26040,LOF,0.18468926348765813,0.14708546380773538,0.6682252727046064
26041,LOF,0.022754828615113052,0.1327131165838996,0.8445320548009873
26042,LOF,0.021109534182412286,0.12633993007552086,0.852550535742067
26043,LOF,0.058930318010116535,0.09069205551657371,0.8503776264733097
26044,LOF,0.0203824154802731,0.08206524201928328,0.8975523425004437
26045,LOF,0.06634965429507034,0.11790382176756313,0.8157465239373666
26046,LOF,0.060206917746856874,0.08976559521168212,0.850027487041461
26047,LOF,0.08109091807701564,0.09266620706419909,0.8262428748587852
26048,LOF,0.047987440087015894,0.047499940390421054,0.904512619522563
26049,Neutral,0.9585416318766662,0.008344562547714884,0.03311380557561894
26050,Neutral,0.9435152677818731,0.010340485589026987,0.046144246629099925
26051,LOF,0.0550325125743223,0.23022407540479467,0.714743412020883
26052,LOF,0.07473416830672137,0.26029377784830576,0.6649720538449728
26053,LOF,0.04949238206553821,0.15193864927257186,0.79856896866189
26054,LOF,0.053445111792886475,0.016963119722448274,0.9295917684846653
26055,LOF,0.07036095899260325,0.01420371798974074,0.9154353230176561
26056,LOF,0.058235149869953595,0.016215063796864358,0.925549786333182
26057,LOF,0.02869039917819515,0.011069643639663921,0.9602399571821411
26058,LOF,0.02954576453777104,0.008961538359011888,0.9614926971032169
26059,LOF,0.28893444988214806,0.02089281923613925,0.6901727308817127
26060,LOF,0.03813390096330175,0.15517299048567518,0.8066931085510232
26061,LOF,0.017609133211281477,0.00986580930865851,0.97252505748006
26062,LOF,0.0106717102695215,0.015614488941197423,0.9737138007892812
26063,LOF,0.023127202526062148,0.010493524071229922,0.9663792734027078
26064,LOF,0.022427661972504852,0.01875258910025628,0.958819748927239
26065,LOF,0.025065124806945248,0.00927353251943939,0.9656613426736153
26066,LOF,0.02142020006151372,0.009802299064278736,0.9687775008742074
26067,LOF,0.02907724947056144,0.007692437848335933,0.9632303126811027
26068,LOF,0.045843247750860516,0.026784050252441755,0.9273727019966976
26069,LOF,0.256155585404746,0.018848796569017525,0.7249956180262365
26070,LOF,0.3960025130543617,0.01518469153281,0.5888127954128283
26071,LOF,0.024549997709991788,0.011010614243094713,0.9644393880469134
26072,LOF,0.021593156114272996,0.014198387164533983,0.9642084567211929
26073,LOF,0.02525281285651973,0.009650250151075408,0.9650969369924048
26074,Neutral,0.9072681974539112,0.005247773416839613,0.08748402912924917
26075,LOF,0.04424626542543367,0.014197840165055342,0.9415558944095109
26076,LOF,0.04736302261477068,0.00792850867042928,0.9447084687148001
26077,LOF,0.010691408737754163,0.014849774700599894,0.9744588165616459
26078,LOF,0.01269799629011409,0.00967570998991213,0.9776262937199737
26079,LOF,0.06091088605324936,0.015988551112331908,0.9231005628344187
26080,LOF,0.05960468517051528,0.01600391962674807,0.9243913952027366
26081,LOF,0.035893907889770836,0.005699362114563681,0.9584067299956655
26082,LOF,0.014710047109086286,0.01373994606078363,0.97155000683013
26083,LOF,0.13121346596339953,0.012325107594708128,0.8564614264418923
26084,LOF,0.02934218165466823,0.01074576074840333,0.9599120575969285
26085,LOF,0.025318295021788745,0.010181310473037844,0.9645003945051733
26086,LOF,0.023793440770923376,0.010009256824160461,0.9661973024049162
26087,LOF,0.030116382013373803,0.007212580193737632,0.9626710377928885
26088,LOF,0.01574285002151257,0.021416932992806316,0.9628402169856811
26089,LOF,0.04446669841487461,0.020722707287386007,0.9348105942977394
26090,LOF,0.04332633452027115,0.016346817386357786,0.940326848093371
26091,LOF,0.03975291942680983,0.005630429537678996,0.9546166510355111
26092,LOF,0.027333890632451837,0.007190978272473481,0.9654751310950747
26093,LOF,0.04248021127734317,0.005584155517802643,0.9519356332048543
26094,LOF,0.042451024247913444,0.00566449469684951,0.951884481055237
26095,LOF,0.04366519362482413,0.01232206818907781,0.9440127381860981
26096,LOF,0.018000210534385188,0.01043203502296428,0.9715677544426504
26097,LOF,0.01188475614784714,0.02914300907980509,0.9589722347723478
26098,LOF,0.07110909512431597,0.009649815575033572,0.9192410893006504
26099,LOF,0.025098276611475255,0.011249182988919883,0.9636525403996049
26100,LOF,0.027741238672625044,0.0110770798785523,0.9611816814488228
26101,LOF,0.0582208936079726,0.01381907770123911,0.9279600286907882
26102,LOF,0.02542354735453903,0.01282800867946484,0.9617484439659961
26103,Neutral,0.8883441666730238,0.017595726656600513,0.09406010667037583
26104,LOF,0.07891979886357445,0.023104989301552747,0.8979752118348728
26105,LOF,0.2100655359886671,0.3129455791038163,0.47698888490751656
26106,LOF,0.23555556404395586,0.13084260700421044,0.6336018289518337
26107,LOF,0.23428314553864293,0.09916810478229085,0.6665487496790662
26108,LOF,0.28090570909464047,0.11858886170959437,0.6005054291957652
26109,LOF,0.10217171701805063,0.061407113725227926,0.8364211692567215
26110,LOF,0.2803305072483622,0.008102246979716626,0.7115672457719211
26111,Neutral,0.5189139124402022,0.022641281246464924,0.45844480631333284
26112,LOF,0.03430274421707858,0.007383034129387803,0.9583142216535335
26113,LOF,0.05316488200230626,0.016073401096151078,0.9307617169015426
26114,LOF,0.026651541646646796,0.02600922694039274,0.9473392314129604
26115,LOF,0.08673167772924398,0.04908150556068342,0.8641868167100727
26116,LOF,0.06347238748523737,0.049653213599859684,0.886874398914903
26117,LOF,0.42873639596405133,0.048419089842654306,0.5228445141932944
26118,LOF,0.03718556080422825,0.025107687166472163,0.9377067520292995
26119,LOF,0.022488058515162338,0.035448794670106386,0.9420631468147314
26120,LOF,0.03182309573911025,0.02154674816556029,0.9466301560953294
26121,LOF,0.03815304659198733,0.07557519786646598,0.8862717555415467
26122,LOF,0.04176223857608704,0.03666389404564098,0.921573867378272
