feature0,prediction,LoGoFunc_Neutral,LoGoFunc_GOF,LoGoFunc_LOF
25546,Neutral,0.603105707754739,0.05142620987901949,0.3454680823662415
25547,Neutral,0.48704999562887075,0.08960205315287356,0.42334795121825575
25548,Neutral,0.4755725159225646,0.07521228983029053,0.44921519424714496
25549,LOF,0.42451351474595117,0.07394879603689598,0.5015376892171528
25550,LOF,0.34212845738406505,0.09704133181995858,0.5608302107959764
25551,LOF,0.3083020642091169,0.10926048050600283,0.5824374552848802
25552,LOF,0.2726737580223731,0.11069244532640148,0.6166337966512254
25553,Neutral,0.7906104694710442,0.0445974865114491,0.1647920440175067
25554,LOF,0.3109241313321213,0.09736979700485533,0.5917060716630234
25555,LOF,0.26647241954374035,0.09257986483064205,0.6409477156256176
25556,LOF,0.44385917963195587,0.08129765195342255,0.4748431684146217
25557,LOF,0.26255977806424885,0.0969237927522482,0.6405164291835029
25558,LOF,0.3201393208976598,0.09260224557394249,0.5872584335283977
25559,LOF,0.2538949974362368,0.1633647914214785,0.5827402111422847
25560,LOF,0.17382861167366356,0.11693065440315079,0.7092407339231855
25561,LOF,0.16119216973108366,0.13744447098004448,0.701363359288872
25562,LOF,0.07142561120755263,0.08120329604203361,0.8473710927504138
25563,LOF,0.025548381337007802,0.15580692565943213,0.81864469300356
25564,LOF,0.2074707173654187,0.12803801652459107,0.6644912661099902
25565,LOF,0.21352676775622664,0.1386880661373234,0.64778516610645
25566,GOF,0.08649487487358809,0.6949671430076685,0.21853798211874334
25567,LOF,0.042534682391688304,0.18665102673078174,0.7708142908775298
25568,LOF,0.06161386679695816,0.0962401670508375,0.8421459661522044
25569,LOF,0.05577748285685852,0.10197513312818951,0.842247384014952
25570,LOF,0.027367307557339095,0.12050789482737223,0.8521247976152887
25571,LOF,0.026601203527001117,0.1272966356712867,0.8461021608017122
25572,LOF,0.060085073932130396,0.1417778322604575,0.7981370938074122
25573,LOF,0.06002891263033267,0.11728923452699715,0.8226818528426703
25574,LOF,0.05654698090220727,0.23441568710122807,0.7090373319965646
25575,LOF,0.022141974851106805,0.1413449238926053,0.836513101256288
25576,LOF,0.02571968875689306,0.18154115345502095,0.792739157788086
25577,LOF,0.030282061858581167,0.13306629291486144,0.8366516452265573
25578,LOF,0.30443715554921935,0.11676109929358293,0.5788017451571977
25579,LOF,0.13955279196122142,0.12213226110195274,0.7383149469368259
25580,LOF,0.020039090076187333,0.09875043849336208,0.8812104714304506
25581,LOF,0.05226835662834083,0.08957786428775447,0.8581537790839047
25582,LOF,0.05210021659924536,0.0876619765962238,0.8602378068045309
25583,LOF,0.020789971412061584,0.11061131318904341,0.868598715398895
25584,Neutral,0.6911354602397608,0.13714332645119467,0.17172121330904452
25585,LOF,0.02084673747057976,0.1734458890374119,0.8057073734920084
25586,LOF,0.01681392878888234,0.0945017086180338,0.8886843625930838
25587,LOF,0.016311462336995323,0.08550467745776147,0.8981838602052431
25588,LOF,0.019147074325870518,0.09357248894227599,0.8872804367318534
25589,Neutral,0.5073085699802433,0.2346069799166951,0.2580844501030616
25590,LOF,0.04669124128328702,0.1445021210285345,0.8088066376881785
25591,LOF,0.09652851777773444,0.07885547759157924,0.8246160046306864
25592,LOF,0.05605449654889592,0.18178718767094645,0.7621583157801577
25593,LOF,0.11247552313445905,0.29663968019588405,0.5908847966696568
25594,LOF,0.04609925129490849,0.07082860921982148,0.88307213948527
25595,LOF,0.04635420583257385,0.05075331489745969,0.9028924792699664
25596,LOF,0.1060421930131266,0.025161285367019753,0.8687965216198535
25597,LOF,0.08819491807569778,0.030610331210731635,0.8811947507135706
25598,LOF,0.04458450552204886,0.055098036599907786,0.9003174578780434
25599,LOF,0.020820522313377277,0.450295872471821,0.5288836052148017
25600,GOF,0.14151818683797776,0.4957186388208179,0.36276317434120425
25601,LOF,0.036166206839106374,0.3614135792711265,0.6024202138897672
25602,LOF,0.03517657746246403,0.05744165663100329,0.9073817659065327
25603,LOF,0.03625916660718989,0.034258042101016226,0.9294827912917938
25604,LOF,0.03733747965949655,0.07780762813518238,0.884854892205321
25605,LOF,0.03472654990635811,0.19049545044705507,0.7747779996465868
25606,LOF,0.41907425565070405,0.11792029876523301,0.46300544558406304
25607,LOF,0.030090638156929802,0.16573295617572864,0.8041764056673416
25608,LOF,0.0400583825410972,0.09114422025861901,0.8687973972002838
25609,GOF,0.14295691328472343,0.5413838424383292,0.3156592442769475
25610,LOF,0.016185214799428006,0.032284209824747355,0.9515305753758246
25611,LOF,0.013754281428733599,0.03211011392761221,0.9541356046436542
25612,LOF,0.04911258026791459,0.052681404659298235,0.8982060150727872
25613,LOF,0.045408378771385746,0.05037481177788,0.9042168094507342
25614,LOF,0.022021814458003486,0.027971620677462603,0.9500065648645339
25615,LOF,0.04567005787029316,0.04450560268061904,0.9098243394490879
25616,LOF,0.04874072834200218,0.02898430672393175,0.9222749649340661
25617,LOF,0.042551908422368175,0.035532825242217056,0.9219152663354148
25618,LOF,0.04791597918407347,0.03849427491265241,0.9135897459032742
25619,LOF,0.013431148632153826,0.035307648035901154,0.9512612033319451
25620,LOF,0.06269813609486863,0.040695479712304285,0.8966063841928271
25621,LOF,0.0640319669080095,0.03959086158489494,0.8963771715070955
25622,LOF,0.06592578680392262,0.038618253325161576,0.8954559598709158
25623,LOF,0.0675760011015198,0.03239502354669202,0.9000289753517882
25624,LOF,0.018470728536889913,0.036950917543870775,0.9445783539192393
25625,LOF,0.06111593622840973,0.03941099485202549,0.8994730689195647
25626,LOF,0.048530706897280305,0.0492653653905326,0.902203927712187
25627,Neutral,0.8898110924797419,0.022627052478257553,0.08756185504200072
25628,LOF,0.15121894493975063,0.06271737702028832,0.7860636780399611
25629,LOF,0.06298110756060327,0.05076602870046306,0.8862528637389336
25630,LOF,0.27901705434050306,0.07583611600852305,0.6451468296509739
25631,Neutral,0.5571170798600124,0.07179183075433858,0.371091089385649
25632,LOF,0.025667019961659005,0.06640666911472393,0.9079263109236171
25633,LOF,0.15138563306535027,0.04435250633130636,0.8042618606033434
25634,LOF,0.033192046482528964,0.08816832212820522,0.8786396313892657
25635,LOF,0.03514038143539039,0.04810555520272049,0.9167540633618892
25636,LOF,0.03618419603260162,0.41251771233127044,0.5512980916361279
25637,GOF,0.06686929936933912,0.4944698108548288,0.43866088977583206
25638,LOF,0.030549839148008212,0.35919739752350144,0.6102527633284903
25639,LOF,0.030747179708522792,0.3685851401098554,0.6006676801816219
25640,Neutral,0.7691250186279684,0.1797501045310323,0.05112487684099924
25641,GOF,0.07858310417916231,0.5133416237270428,0.4080752720937949
25642,LOF,0.06396745668270276,0.1880635811603034,0.7479689621569938
25643,LOF,0.20325255600140713,0.1700423833521726,0.6267050606464204
25644,GOF,0.025746537350414964,0.5111901731014813,0.4630632895481037
25645,LOF,0.026526515344490645,0.46789603409463854,0.5055774505608708
25646,LOF,0.06533202521675498,0.38079780505126487,0.5538701697319802
25647,LOF,0.030899483445855074,0.3102664979463072,0.6588340186078379
25648,LOF,0.035705945075570775,0.30122424996083275,0.6630698049635965
25649,LOF,0.017533156171439256,0.2606389003776037,0.7218279434509571
25650,LOF,0.05826022298926736,0.4679130195720311,0.4738267574387016
25651,LOF,0.02040628841992793,0.3111836632771908,0.6684100483028813
25652,LOF,0.033844215786924016,0.3063681354599453,0.6597876487531307
25653,GOF,0.09978516698613599,0.4906632372227517,0.40955159579111233
25654,LOF,0.02314715176933328,0.27981362578226826,0.6970392224483984
25655,GOF,0.22496937310675766,0.4623544541580369,0.3126761727352055
25656,LOF,0.35823700573477124,0.08019302630218093,0.5615699679630478
25657,LOF,0.0643099305105007,0.07561174302843418,0.8600783264610651
25658,LOF,0.3790131425837354,0.0840405946409296,0.536946262775335
25659,Neutral,0.4965939435026087,0.12473798180423361,0.3786680746931577
25660,LOF,0.022667689439127767,0.08677973753346237,0.89055257302741
25661,LOF,0.09556973745031996,0.060609016724038456,0.8438212458256417
25662,LOF,0.03501005782785253,0.034150497584723404,0.9308394445874241
25663,LOF,0.045044756485497064,0.04532617678862583,0.9096290667258771
25664,LOF,0.13808276619188334,0.06717118161967713,0.7947460521884395
25665,LOF,0.060934022032591545,0.03073015796705791,0.9083358200003505
25666,LOF,0.10000988701342793,0.07067602989716798,0.8293140830894041
25667,LOF,0.07524884512609593,0.040632607413204125,0.8841185474606998
25668,LOF,0.0389342022039495,0.04913375439410982,0.9119320434019407
25669,LOF,0.03370357677473134,0.04984753291746606,0.9164488903078026
25670,LOF,0.13995760436006657,0.05675101586752992,0.8032913797724036
25671,LOF,0.11442156592847712,0.03513529316423377,0.8504431409072892
25672,LOF,0.05182390963831943,0.043599899533996594,0.904576190827684
25673,LOF,0.08199506251657872,0.04915719851703472,0.8688477389663866
25674,LOF,0.067963573713913,0.059279126266459634,0.8727573000196273
25675,LOF,0.11350793286516911,0.06136234659795909,0.825129720536872
25676,LOF,0.019542098042551238,0.05281319625115126,0.9276447057062975
25677,LOF,0.025010106498059938,0.07127703846259494,0.9037128550393452
25678,LOF,0.20268358594114227,0.06672442922716154,0.7305919848316962
25679,LOF,0.1189996190435907,0.07557166228988454,0.8054287186665249
25680,LOF,0.03372490717039308,0.11993174502156662,0.8463433478080404
25681,LOF,0.0513007274447126,0.11320086146025271,0.8354984110950346
25682,LOF,0.14700185927380335,0.07462929103213366,0.778368849694063
25683,LOF,0.11772645345315438,0.08524685186862507,0.7970266946782205
25684,LOF,0.04318818431268802,0.06821255149870954,0.8885992641886025
25685,LOF,0.11515182774991307,0.05868638422081469,0.8261617880292722
25686,LOF,0.08220820858644082,0.09807962617777038,0.8197121652357888
25687,LOF,0.11265816475484351,0.10445552804551536,0.782886307199641
25688,LOF,0.33739313621498257,0.035886413039153735,0.6267204507458637
25689,LOF,0.2458538449512198,0.03877157143545318,0.7153745836133271
25690,LOF,0.3515910109252772,0.032018668288845684,0.6163903207858771
25691,Neutral,0.7275641672243706,0.023385423761693176,0.24905040901393627
25692,LOF,0.3555140699746146,0.01067227661001019,0.6338136534153752
25693,LOF,0.04748339773646881,0.41939058613787417,0.5331260161256569
25694,LOF,0.11910703663544721,0.013301423502310767,0.8675915398622421
25695,LOF,0.11950060724717991,0.012531061027552498,0.8679683317252676
25696,LOF,0.12201903085353075,0.00897033735053221,0.869010631795937
25697,LOF,0.08311391505269801,0.042463504788362194,0.8744225801589399
25698,LOF,0.3334290347451414,0.16788780995678837,0.4986831552980703
25699,Neutral,0.4951386807988042,0.03993863259548026,0.46492268660571556
25700,LOF,0.07738887028310014,0.009166520210436369,0.9134446095064634
25701,LOF,0.17808169958339637,0.04851113609803389,0.7734071643185697
25702,GOF,0.17573442024883515,0.5900069008424381,0.2342586789087268
25703,LOF,0.015605425094395081,0.1546356131697685,0.8297589617358364
25704,LOF,0.03809225487491342,0.11069139581942702,0.8512163493056596
25705,LOF,0.054438297167883454,0.1470653256723565,0.79849637715976
25706,LOF,0.09943912674877747,0.41086322684641663,0.48969764640480595
25707,LOF,0.09382689681298573,0.36352357305393934,0.5426495301330749
25708,LOF,0.03366066620885184,0.34172972172644955,0.6246096120646986
25709,LOF,0.06894760076927428,0.04766642514735886,0.8833859740833668
25710,LOF,0.011943338759281543,0.17625344258775313,0.8118032186529652
25711,LOF,0.020362051212957696,0.09278307338595415,0.8868548754010882
25712,LOF,0.014324502402119138,0.19044945493326645,0.7952260426646144
25713,LOF,0.01985320329086371,0.0840239239801653,0.896122872728971
25714,LOF,0.08225577857498723,0.0941458985959702,0.8235983228290426
25715,LOF,0.011671296434852334,0.14811999030072479,0.8402087132644229
25716,LOF,0.011355332842892243,0.11685322258534003,0.8717914445717678
25717,LOF,0.014897193649120417,0.08252151856125638,0.9025812877896233
25718,LOF,0.01188696924330753,0.107292644523363,0.8808203862333295
25719,LOF,0.019403752242427432,0.09030598092273194,0.8902902668348406
25720,LOF,0.025780040611294387,0.07185428608034825,0.9023656733083573
25721,LOF,0.01361246004234364,0.11867652372621547,0.867711016231441
25722,LOF,0.015044773180845628,0.13294387586522635,0.852011350953928
25723,LOF,0.023726365259658818,0.050713235422976115,0.9255603993173651
25724,LOF,0.03269486369570111,0.0884434740407174,0.8788616622635815
25725,LOF,0.012230755095235761,0.08056256001856021,0.9072066848862042
25726,LOF,0.016075051864792737,0.11432263367554199,0.8696023144596653
25727,LOF,0.012575870146865464,0.08663015870290212,0.9007939711502324
25728,LOF,0.01061500772771852,0.12229514742917884,0.8670898448431027
25729,LOF,0.010771136319845784,0.12590035873296565,0.8633285049471885
25730,LOF,0.014335261180321525,0.10195849654869217,0.8837062422709864
25731,LOF,0.019258856488017072,0.11883865096408582,0.8619024925478972
25732,LOF,0.0147330831404395,0.0848016358467031,0.9004652810128574
25733,LOF,0.015911443678992113,0.08361848085521907,0.9004700754657887
25734,LOF,0.010244832217062934,0.1257185694004895,0.8640365983824475
25735,LOF,0.012616003192314046,0.09607468618917409,0.8913093106185118
25736,LOF,0.013831755819898948,0.10774360075075042,0.8784246434293506
25737,LOF,0.012441680948973933,0.09012476363273288,0.8974335554182933
25738,LOF,0.012251577888647246,0.12625842435451023,0.8614899977568425
25739,LOF,0.023014231870601552,0.09021124106116551,0.886774527068233
25740,LOF,0.026614981600194855,0.133454065771451,0.839930952628354
25741,LOF,0.015151189956539803,0.13753524649108811,0.8473135635523721
25742,LOF,0.12587970025960107,0.09658598686179219,0.7775343128786066
25743,LOF,0.03673230730491916,0.03969751774043437,0.9235701749546464
25744,Neutral,0.5482513840448857,0.24613298793629518,0.20561562801881908
25745,LOF,0.06443695799810965,0.06657000581838132,0.868993036183509
25746,LOF,0.04559823884799207,0.08383584977889467,0.8705659113731132
25747,LOF,0.019951630473107676,0.05811491597404588,0.9219334535528464
25748,LOF,0.08951199050181363,0.08864853259751475,0.8218394769006717
25749,LOF,0.026822357881744797,0.07551458393839977,0.8976630581798554
25750,LOF,0.0818049793949764,0.09018264129512514,0.8280123793098985
25751,LOF,0.09443621344792745,0.09819400717952567,0.807369779372547
25752,GOF,0.11587688731294353,0.6229330606487525,0.2611900520383039
25753,LOF,0.022256094075340013,0.25745062690265486,0.7202932790220051
25754,GOF,0.013491991920111471,0.7928392583877143,0.19366874969217424
25755,LOF,0.024928340968180623,0.3586880676333245,0.6163835913984949
25756,LOF,0.04741160743313762,0.34600959831956246,0.6065787942472999
25757,GOF,0.015942733008409093,0.8276808143734916,0.15637645261809915
25758,GOF,0.02723423374842732,0.8070955703580309,0.16567019589354173
25759,GOF,0.010584317123014941,0.6029703840982489,0.38644529877873623
25760,LOF,0.012418877422604365,0.2535626755834933,0.7340184469939022
25761,GOF,0.2782899727341698,0.6274510509721277,0.09425897629370251
25762,LOF,0.04354472435578363,0.2651021629114625,0.6913531127327538
25763,LOF,0.013341327671345767,0.1872314353441811,0.7994272369844732
25764,GOF,0.08103224418999386,0.6205579336701198,0.29840982213988626
25765,GOF,0.03422852365133162,0.723447239895731,0.24232423645293738
25766,GOF,0.06424390841439331,0.7420084492284491,0.19374764235715744
25767,GOF,0.15807530931646666,0.5640326942815354,0.277891996401998
25768,LOF,0.10504419860182966,0.06592358653667045,0.8290322148614999
25769,LOF,0.059073507853734136,0.062124403727376015,0.8788020884188898
25770,LOF,0.3307068009038581,0.09826702434068277,0.5710261747554591
25771,LOF,0.04555869607100985,0.05009272396196088,0.9043485799670293
25772,LOF,0.01932375820476431,0.04296671736178998,0.9377095244334457
25773,LOF,0.04395355251053816,0.09508315078760968,0.8609632967018522
25774,LOF,0.027815717170634507,0.07578808940521338,0.8963961934241522
25775,LOF,0.048979862619452696,0.04360106439374597,0.9074190729868014
25776,LOF,0.07971763213372018,0.023814467417240845,0.8964679004490389
25777,LOF,0.38086503170516034,0.059670695910057435,0.5594642723847824
25778,LOF,0.07261974769422123,0.04380072239965073,0.883579529906128
25779,GOF,0.34569086863324255,0.6133855018450521,0.04092362952170531
25780,GOF,0.32898451693875325,0.6035596451011541,0.06745583796009272
25781,GOF,0.11543314759524764,0.7891767447707502,0.09539010763400221
25782,GOF,0.1760714712286279,0.7440277165860252,0.07990081218534693
25783,GOF,0.01995597473158969,0.649646375395644,0.33039764987276643
25784,GOF,0.47746077122582986,0.4846689024713789,0.03787032630279119
25785,GOF,0.4618483082906252,0.4991735477998564,0.038978143909518446
25786,GOF,0.02457658627724761,0.772799379898075,0.20262403382467728
25787,Neutral,0.6261784599966714,0.349605648583231,0.024215891420097495
25788,LOF,0.05796305029165867,0.11431265522999799,0.8277242944783433
25789,GOF,0.19333354599917102,0.6902683597882743,0.11639809421255488
25790,GOF,0.19188055790549727,0.7103405332335447,0.097778908860958
25791,GOF,0.14505163145954028,0.7098988348303952,0.14504953371006452
25792,GOF,0.3640991907421287,0.5309666937027295,0.10493411555514175
25793,GOF,0.2521514358558977,0.5423562709149289,0.20549229322917337
25794,GOF,0.3012267598971646,0.5539609989917367,0.1448122411110987
25795,GOF,0.07771832386185099,0.7044684224024866,0.21781325373566238
25796,Neutral,0.5603209816302893,0.37322769464643357,0.06645132372327708
25797,GOF,0.0814550982472362,0.5590547134268501,0.3594901883259136
25798,GOF,0.009755046822378476,0.548930306977215,0.44131464620040645
25799,LOF,0.007241291404318394,0.40994351838011045,0.5828151902155712
25800,GOF,0.03224360678443144,0.6267435769064238,0.3410128163091447
25801,GOF,0.20616623514693025,0.6789653007682511,0.11486846408481866
25802,GOF,0.06149916240681133,0.7219264827770725,0.2165743548161162
25803,GOF,0.03919207072407881,0.5992464215399761,0.36156150773594503
25804,GOF,0.0310699102605085,0.5224824337105344,0.44644765602895714
25805,GOF,0.08073412934321868,0.6377925874184045,0.2814732832383767
25806,GOF,0.10272419984827205,0.6423128772150655,0.25496292293666245
25807,GOF,0.017882554609955907,0.6471251471094484,0.33499229828059573
25808,GOF,0.07475743513987462,0.6668829336320198,0.2583596312281058
25809,GOF,0.018794335673996097,0.6627968457723884,0.3184088185536155
25810,GOF,0.018133728002737187,0.682207308646154,0.29965896335110875
25811,GOF,0.4548702167255243,0.48332558082759236,0.06180420244688332
25812,GOF,0.032658827227025254,0.6637843664525921,0.3035568063203826
25813,Neutral,0.5235181543290246,0.39076692160128296,0.08571492406969236
25814,GOF,0.10078911023009521,0.7056243186257211,0.19358657114418373
25815,GOF,0.1705710865539787,0.6700350667613298,0.15939384668469145
25816,GOF,0.018545349490172235,0.7174352118122903,0.26401943869753747
25817,GOF,0.21836084563139965,0.6666915845276178,0.11494756984098267
25818,GOF,0.05240297264072153,0.6750153917802206,0.2725816355790578
25819,GOF,0.3360857061544318,0.525879327869262,0.13803496597630624
25820,GOF,0.1505494927872722,0.6440235868266837,0.20542692038604404
25821,GOF,0.05115014559467803,0.7086272963963696,0.2402225580089524
25822,GOF,0.19456698248395737,0.5907207789454066,0.21471223857063604
25823,GOF,0.026502089533818947,0.5437796560675588,0.42971825439862216
25824,GOF,0.0708304233484603,0.5744178639098928,0.3547517127416469
25825,GOF,0.02748737471240709,0.5660196610137465,0.40649296427384646
25826,GOF,0.010440297037594975,0.5476711490940954,0.44188855386830955
25827,GOF,0.018223188847997798,0.6107030300116384,0.3710737811403638
25828,GOF,0.011857613399585657,0.5338481638991526,0.4542942227012618
25829,GOF,0.00659235498702017,0.6051292611902407,0.38827838382273916
25830,LOF,0.03537919303450043,0.313360967321007,0.6512598396444925
25831,GOF,0.1901330474399722,0.68425137052432,0.12561558203570788
25832,GOF,0.030056803781024825,0.7060436521058233,0.26389954411315186
25833,GOF,0.11978793941594765,0.7156526823103128,0.1645593782737396
25834,GOF,0.037250418329870895,0.7093806362941414,0.25336894537598775
25835,GOF,0.07866041457987279,0.7496007016396474,0.17173888378047966
25836,GOF,0.04417011287007492,0.6963200265688844,0.25950986056104064
25837,GOF,0.02613561178526837,0.5707903735867662,0.4030740146279653
25838,GOF,0.08522013135972813,0.761356774068395,0.15342309457187703
25839,GOF,0.27396411105518764,0.5775580186361625,0.14847787030864987
25840,GOF,0.21214917301229633,0.637442110864247,0.15040871612345674
25841,GOF,0.23517115711206749,0.618261402988519,0.14656743989941354
25842,GOF,0.17604456190371662,0.6982903148118471,0.1256651232844363
25843,GOF,0.2269880250954417,0.6846786670755131,0.08833330782904524
25844,GOF,0.061812700918696416,0.7155368604597189,0.22265043862158476
25845,LOF,0.014289489315360242,0.48845477940560955,0.4972557312790302
25846,GOF,0.11709783117328879,0.7242313433871589,0.15867082543955233
25847,GOF,0.10578046002930815,0.794386119669938,0.09983342030075386
25848,GOF,0.03693628879631848,0.7274569937819387,0.23560671742174258
25849,GOF,0.011832921389224675,0.5989584894849581,0.38920858912581724
25850,GOF,0.01956820766176406,0.677278393577934,0.303153398760302
25851,GOF,0.014928936084592101,0.5747323643910568,0.41033869952435115
25852,GOF,0.1516099578157229,0.5920904315156909,0.25629961066858625
25853,GOF,0.35068285341283073,0.5842512019315418,0.0650659446556274
25854,GOF,0.02042011720946427,0.6759977797198016,0.30358210307073424
25855,GOF,0.03120090971302052,0.5992215561700398,0.36957753411693967
25856,GOF,0.23065067381096838,0.5673810303100769,0.2019682958789547
25857,GOF,0.031439211808861785,0.5189342417187083,0.44962654647243
25858,GOF,0.015520419833493398,0.5881258064590774,0.3963537737074292
25859,GOF,0.00942089743462533,0.5731706028444216,0.41740849972095323
25860,GOF,0.3557265625982683,0.5666555544793329,0.07761788292239885
25861,GOF,0.4220276088612632,0.5030816418270827,0.07489074931165415
25862,GOF,0.08612517723894565,0.7844473481587603,0.12942747460229406
25863,GOF,0.08537855225776339,0.7945732017258875,0.12004824601634916
25864,GOF,0.1724599373551111,0.754261204421753,0.07327885822313578
25865,GOF,0.07300725230715353,0.8194850820223264,0.10750766567052004
25866,GOF,0.053701092595881704,0.8245605705877782,0.12173833681634015
25867,GOF,0.07260451038669367,0.8357017938488008,0.09169369576450542
25868,GOF,0.2608751523065412,0.6494631871369112,0.08966166055654765
25869,Neutral,0.690753183320108,0.2740190856335864,0.0352277310463056
25870,GOF,0.31710442410140843,0.3862295096383066,0.29666606626028497
25871,GOF,0.20662851990317546,0.642573114514602,0.15079836558222254
25872,GOF,0.08311204066229903,0.665344219961845,0.25154373937585617
25873,GOF,0.14571420433876278,0.6779865862021989,0.17629920945903835
25874,LOF,0.01877012231060103,0.12116039899506822,0.8600694786943307
25875,LOF,0.10671302802459204,0.035318484680858804,0.8579684872945492
25876,LOF,0.041478358286923436,0.03601814509399228,0.9225034966190844
25877,Neutral,0.5399532943062535,0.03810772005498264,0.4219389856387639
25878,LOF,0.24941977196604811,0.06880360653642605,0.6817766214975258
25879,LOF,0.0856823815241416,0.0815427142350875,0.8327749042407708
25880,LOF,0.02485554351188185,0.016808563921134115,0.9583358925669839
25881,LOF,0.19083912204123074,0.10251934246778487,0.7066415354909844
25882,LOF,0.07086066665769543,0.014583325591745369,0.9145560077505592
25883,LOF,0.08272577473913943,0.01751656970116479,0.8997576555596957
25884,LOF,0.039798332716376714,0.026781534898693362,0.9334201323849299
25885,LOF,0.06902435477295389,0.01010885557363682,0.9208667896534092
25886,LOF,0.2613177853397391,0.0321401051333086,0.7065421095269522
25887,LOF,0.15734401568243017,0.05990408581389409,0.7827518985036758
25888,LOF,0.06812347640442878,0.05441670545958561,0.8774598181359857
25889,LOF,0.05329144989618109,0.018976338684332992,0.927732211419486
25890,LOF,0.0575653803773257,0.12608554485056128,0.816349074772113
25891,LOF,0.042460063821596374,0.04851224186964578,0.9090276943087578
25892,LOF,0.08821506419012919,0.019203402439236475,0.8925815333706344
25893,LOF,0.23746416188284464,0.016213719851242984,0.7463221182659124
25894,LOF,0.16266516318837776,0.010957718491486221,0.826377118320136
25895,LOF,0.19349758291602784,0.018914652284591157,0.7875877647993809
25896,LOF,0.046693413188619304,0.03036048915406336,0.9229460976573173
25897,LOF,0.24251819812043546,0.012197520874912304,0.7452842810046522
25898,Neutral,0.6752559063898699,0.00920702600687067,0.3155370676032595
25899,LOF,0.20948913324804766,0.02537514733040971,0.7651357194215427
25900,LOF,0.4282776629774663,0.016918287445301567,0.5548040495772322
25901,LOF,0.05023902551369942,0.014024506156923673,0.9357364683293768
25902,LOF,0.15615118184020482,0.015764520097131224,0.8280842980626639
25903,LOF,0.47931698074442636,0.02615735161352059,0.494525667642053
25904,LOF,0.29615838215920115,0.055796938092448956,0.6480446797483498
25905,LOF,0.0241909369618688,0.2961157441687454,0.6796933188693858
25906,LOF,0.02381045360517398,0.061090588047828374,0.9150989583469977
25907,LOF,0.015097755659604247,0.3157535355089806,0.6691487088314151
25908,LOF,0.010523674596609632,0.23075683309537023,0.75871949230802
25909,LOF,0.013881469726536208,0.12566529849078534,0.8604532317826784
25910,LOF,0.05363334049861604,0.1416037138550102,0.8047629456463739
25911,LOF,0.15773349669512537,0.028727442815815178,0.8135390604890596
25912,LOF,0.04168992136052253,0.04592956160322106,0.9123805170362563
25913,LOF,0.3061645411825358,0.02430769720754068,0.6695277616099236
25914,LOF,0.02168280708281252,0.08538309668029337,0.8929340962368941
25915,Neutral,0.5013967799847434,0.26713677523612145,0.23146644477913517
25916,LOF,0.06359465436688586,0.3198849468744611,0.616520398758653
25917,LOF,0.06883444288414568,0.06279286062045518,0.868372696495399
25918,LOF,0.028159839622401643,0.05332274591659501,0.9185174144610034
25919,LOF,0.023595851220122782,0.056989424581326484,0.9194147241985507
25920,GOF,0.08776680344783455,0.5235539673696065,0.38867922918255904
25921,LOF,0.024731029552173427,0.024954133520254405,0.950314836927572
25922,LOF,0.03246282968034128,0.017817149876328788,0.94972002044333
25923,LOF,0.4260571190078609,0.019379744244568977,0.5545631367475702
25924,LOF,0.03249998769322112,0.03411378647038792,0.9333862258363909
25925,LOF,0.07335414791332769,0.025850518511959106,0.9007953335747132
25926,LOF,0.05179585840683357,0.020625435992467984,0.9275787056006984
25927,LOF,0.06133437396663186,0.07992662195675806,0.8587390040766101
25928,LOF,0.020039810989106593,0.03352950331674286,0.9464306856941505
25929,Neutral,0.5502317070136006,0.021313442238556433,0.4284548507478431
25930,LOF,0.059833089969171506,0.018112346930161463,0.922054563100667
25931,LOF,0.02724001593948447,0.019142089013483812,0.9536178950470316
25932,LOF,0.02962103231125591,0.018233121329704092,0.9521458463590401
25933,LOF,0.04214306859191994,0.012489279103444965,0.945367652304635
25934,LOF,0.027027038816334087,0.015152266064092052,0.9578206951195739
25935,LOF,0.06268122660619246,0.03069744659852243,0.9066213267952851
25936,LOF,0.04985606313670785,0.016825991098230842,0.9333179457650612
25937,LOF,0.028360773527011426,0.024768926587675853,0.9468702998853128
25938,LOF,0.06794985711024906,0.031446913781821795,0.9006032291079292
25939,LOF,0.04056205713002698,0.01257721228659536,0.9468607305833776
25940,LOF,0.03453532125700686,0.3945269394415039,0.5709377393014892
25941,LOF,0.18295482907401878,0.09087299260540024,0.7261721783205809
25942,LOF,0.016605551182277977,0.03494885405722235,0.9484455947604997
25943,LOF,0.3086398669823885,0.051780585566138584,0.6395795474514729
25944,LOF,0.46596708303985246,0.026127941975092255,0.5079049749850553
25945,LOF,0.07182103667850169,0.027350462468937655,0.9008285008525606
25946,LOF,0.026888991562605154,0.14189324955485097,0.831217758882544
25947,LOF,0.10113200500492674,0.22943619373378293,0.6694318012612902
25948,LOF,0.40855634048092876,0.01054161232929642,0.5809020471897748
25949,LOF,0.09859082241292214,0.042102153891173597,0.8593070236959042
25950,GOF,0.2545625782860062,0.4216653480955462,0.32377207361844745
25951,LOF,0.23605024958698623,0.22938307230705404,0.5345666781059597
25952,LOF,0.0474212272847486,0.44604516983974396,0.5065336028755075
25953,LOF,0.13120134508958892,0.11266640785986157,0.7561322470505496
25954,Neutral,0.4129217382215676,0.19456859023108014,0.3925096715473524
25955,LOF,0.05964486603354041,0.0813195697997268,0.8590355641667328
25956,LOF,0.16740999212680602,0.1062108497961869,0.726379158077007
25957,LOF,0.03569141458800492,0.035679734126017514,0.9286288512859775
25958,LOF,0.0631240649254251,0.03241180862117014,0.9044641264534048
25959,LOF,0.0779605709690435,0.3439462163417578,0.5780932126891987
25960,LOF,0.018781323457115334,0.05869878262146844,0.9225198939214162
25961,LOF,0.05211791040641208,0.03496451376330028,0.9129175758302877
25962,LOF,0.06090023399864795,0.02761920132076505,0.911480564680587
25963,LOF,0.04467513796599662,0.1559489795708918,0.7993758824631116
25964,LOF,0.03961504847492795,0.1463938268005643,0.8139911247245079
25965,Neutral,0.45717699756410335,0.08956457618725688,0.45325842624863966
25966,Neutral,0.47246698184139196,0.09001724313974865,0.4375157750188594
25967,LOF,0.012452737340593028,0.060767544575308544,0.9267797180840984
25968,LOF,0.027652611194090335,0.4643067516119194,0.5080406371939903
25969,LOF,0.0253627473691268,0.0609559837461495,0.9136812688847237
25970,LOF,0.06448780573740447,0.05602456407262861,0.8794876301899669
25971,LOF,0.0801184449229361,0.015648897825614978,0.904232657251449
25972,LOF,0.08317815643091671,0.020504171883366458,0.8963176716857169
25973,LOF,0.07422896279467298,0.01028433070090875,0.9154867065044182
25974,LOF,0.21789594972591728,0.015200681430473999,0.7669033688436088
25975,LOF,0.05200168129565554,0.03174234695793543,0.916255971746409
25976,LOF,0.04452014885265585,0.015389975216700413,0.9400898759306436
25977,LOF,0.1493703354188357,0.10255144704804153,0.7480782175331228
25978,LOF,0.15061716700491667,0.06950264398383199,0.7798801890112513
25979,LOF,0.14128805619990684,0.07138291844688317,0.7873290253532099
25980,LOF,0.22279712921222525,0.10006189013962875,0.677140980648146
25981,LOF,0.2529970940619725,0.09759650856865759,0.6494063973693699
25982,LOF,0.4176940029238992,0.055851543259103166,0.5264544538169977
25983,LOF,0.40503289971001744,0.06383231774226043,0.5311347825477222
25984,LOF,0.053048987498725934,0.04623373614363619,0.9007172763576379
25985,LOF,0.02882106145475441,0.22484757352753595,0.7463313650177096
25986,LOF,0.044428751578747316,0.2620711113811221,0.6935001370401306
25987,LOF,0.0809348828476091,0.065421598243549,0.8536435189088418
25988,LOF,0.15150752492874126,0.044043482890124136,0.8044489921811345
25989,LOF,0.03349871674634376,0.09772567191055861,0.8687756113430977
25990,LOF,0.03944338315703474,0.11955103584912939,0.8410055809938359
25991,LOF,0.14941259370327611,0.26545945692154893,0.585127949375175
25992,LOF,0.34476864572119126,0.14217157082464918,0.5130597834541596
25993,LOF,0.024429517584881558,0.08732610580229466,0.8882443766128237
25994,LOF,0.01826617315119602,0.12149343256374981,0.8602403942850543
25995,LOF,0.026410381760285276,0.23042055299331873,0.743169065246396
25996,GOF,0.3053175748099687,0.4201014063804313,0.2745810188096
25997,LOF,0.08672807039945478,0.4545574408719505,0.4587144887285946
25998,Neutral,0.531753513006803,0.017102773107112713,0.4511437138860844
25999,LOF,0.1127466208633576,0.13706680232003612,0.7501865768166063
26000,LOF,0.17678233533377083,0.037244489539077726,0.7859731751271514
26001,LOF,0.19859193556917668,0.031173443493196,0.7702346209376274
26002,LOF,0.1682654777883825,0.044444744275168514,0.7872897779364489
26003,GOF,0.010649596365208642,0.5649385493521687,0.42441185428262274
26004,GOF,0.019112045321565664,0.6140104961070683,0.36687745857136606
26005,LOF,0.008745948812583362,0.4274838919049517,0.5637701592824649
26006,Neutral,0.5212440407521611,0.19838336197500522,0.2803725972728336
26007,GOF,0.023553252844073707,0.5207275021021645,0.4557192450537618
26008,GOF,0.019095827258151434,0.5898930298772312,0.3910111428646173
26009,GOF,0.022481468770827316,0.620768146865706,0.3567503843634667
26010,GOF,0.025206220003192732,0.6051769289871164,0.3696168510096909
26011,LOF,0.0074560682337283584,0.43970330407781055,0.5528406276884611
26012,GOF,0.016332656177082395,0.5638035427445588,0.41986380107835886
26013,GOF,0.019953607670708917,0.6002538737093784,0.3797925186199127
26014,LOF,0.04012690321524355,0.127062151035451,0.8328109457493054
26015,LOF,0.20297255004793602,0.010340401042350227,0.7866870489097137
26016,LOF,0.22486181743207706,0.05499421889212348,0.7201439636757995
26017,LOF,0.2395056103443723,0.0797065136863248,0.6807878759693028
26018,LOF,0.0970714590162354,0.029776475509787122,0.8731520654739774
26019,LOF,0.09239883402596233,0.021772272801880033,0.8858288931721576
26020,LOF,0.06874515994775918,0.11527091938143726,0.8159839206708035
26021,LOF,0.04488840091647707,0.12405073919392752,0.8310608598895953
26022,LOF,0.011369273763602573,0.03615097039699057,0.9524797558394068
26023,LOF,0.11284282818729645,0.018922794080008878,0.8682343777326947
26024,LOF,0.028929913204206337,0.1228834864001609,0.8481866003956329
26025,LOF,0.16608309627931148,0.10191653393171683,0.7320003697889718
26026,LOF,0.3116470621414337,0.029655262435050605,0.6586976754235158
26027,LOF,0.08524572509665262,0.01415915264645908,0.9005951222568883
26028,LOF,0.15194964521849408,0.06496937803896337,0.7830809767425425
26029,LOF,0.08409779496316422,0.19889309052427115,0.7170091145125647
26030,LOF,0.028390839230639894,0.08611635865467117,0.885492802114689
26031,LOF,0.03444335846279261,0.14005127560840047,0.8255053659288069
26032,LOF,0.06776737302207173,0.09878742778340022,0.8334451991945281
26033,LOF,0.1189535264964036,0.12353797752414435,0.7575084959794521
26034,LOF,0.05271626822641429,0.15300193850706567,0.7942817932665199
26035,LOF,0.03052518032564493,0.14872111545718322,0.8207537042171718
26036,LOF,0.047180925309142696,0.17679587805255173,0.7760231966383057
26037,LOF,0.02534335583732933,0.11890155214657701,0.8557550920160937
26038,LOF,0.062469969884207104,0.10376513771266595,0.8337648924031269
26039,LOF,0.06356089003223427,0.15466581232397136,0.7817732976437944
26040,LOF,0.20274662181119987,0.15820510914730454,0.6390482690414956
26041,LOF,0.02521802277576912,0.11990856883029266,0.8548734083939383
26042,LOF,0.02482461412051104,0.11079577477657786,0.8643796111029112
26043,LOF,0.06202189010420536,0.12399286805867023,0.8139852418371244
26044,LOF,0.02192073300822969,0.10324811528760898,0.8748311517041614
26045,LOF,0.0880582906089671,0.10402175815100427,0.8079199512400286
26046,LOF,0.06409571800330927,0.11947594043410188,0.8164283415625888
26047,LOF,0.08853420666813164,0.13045249636302947,0.7810132969688389
26048,LOF,0.05639123035586823,0.05880144169156825,0.8848073279525636
26049,Neutral,0.9571425448124886,0.008688947480325532,0.03416850770718593
26050,Neutral,0.9404627612135784,0.011410439719708516,0.04812679906671313
26051,LOF,0.04435680743004033,0.32762267530818595,0.6280205172617738
26052,LOF,0.0624923627655195,0.3534573083209417,0.5840503289135387
26053,LOF,0.054972712419066046,0.15182975570317103,0.793197531877763
26054,LOF,0.05491243978544467,0.016884727809179954,0.9282028324053753
26055,LOF,0.07148216113448527,0.013191812594715469,0.9153260262707993
26056,LOF,0.0588974814185324,0.014049338002347268,0.9270531805791205
26057,LOF,0.03194138806339325,0.01165916659453437,0.9563994453420724
26058,LOF,0.03312144371085745,0.008890381492627795,0.9579881747965147
26059,LOF,0.29466150065431057,0.020182071730508306,0.685156427615181
26060,LOF,0.028385771324481595,0.1738736829205564,0.7977405457549619
26061,LOF,0.018853125424061187,0.010763046218761785,0.9703838283571771
26062,LOF,0.010926178507075624,0.01665594463953967,0.9724178768533847
26063,LOF,0.02427103152496084,0.011745845239071878,0.9639831232359674
26064,LOF,0.02305680131834319,0.017329307879180886,0.9596138908024759
26065,LOF,0.0259182851152939,0.010713512787917781,0.9633682020967883
26066,LOF,0.02290383821496684,0.010758504213387716,0.9663376575716454
26067,LOF,0.03056661065329256,0.008231378779281439,0.9612020105674262
26068,LOF,0.04709630471083643,0.028932091871304483,0.9239716034178591
26069,LOF,0.25394794497147277,0.016566805715339968,0.7294852493131874
26070,LOF,0.3789913429918345,0.013862988562476915,0.6071456684456885
26071,LOF,0.02480483141022814,0.01252722436616964,0.9626679442236022
26072,LOF,0.023107613881009417,0.015947112851165422,0.9609452732678253
26073,LOF,0.026441032612755624,0.010680844331025058,0.9628781230562193
26074,Neutral,0.9091694730721027,0.005172641940637819,0.08565788498725954
26075,LOF,0.04346076471551502,0.013652330103342571,0.9428869051811425
26076,LOF,0.04621537922197237,0.008176672193061214,0.9456079485849664
26077,LOF,0.00994740686574473,0.019105697004679692,0.9709468961295755
26078,LOF,0.01369600968738884,0.010709215916550684,0.9755947743960605
26079,LOF,0.06140117881263773,0.016252383208654825,0.9223464379787074
26080,LOF,0.06053203098369411,0.016261756940766668,0.9232062120755392
26081,LOF,0.0385346477035422,0.006100687706730677,0.9553646645897271
26082,LOF,0.017750872198673908,0.014670272276598012,0.9675788555247281
26083,LOF,0.1329187955157586,0.011749757922716146,0.8553314465615252
26084,LOF,0.029816713582245576,0.012317123962675649,0.9578661624550787
26085,LOF,0.025505702126089005,0.011734074648944064,0.9627602232249669
26086,LOF,0.025391923402269357,0.010964566299219863,0.9636435102985108
26087,LOF,0.029143718834579068,0.007476339292120025,0.9633799418733008
26088,LOF,0.01566680152394928,0.026674986445954535,0.9576582120300962
26089,LOF,0.04492258356611503,0.020494167618661175,0.9345832488152237
26090,LOF,0.04334582816875691,0.01642021246650534,0.9402339593647379
26091,LOF,0.04227311876317058,0.005962574681651175,0.9517643065551783
26092,LOF,0.03033260811426018,0.008383084590864337,0.9612843072948755
26093,LOF,0.04198813806005506,0.0057344370049974055,0.9522774249349476
26094,LOF,0.046547268931323854,0.006364665208572316,0.9470880658601039
26095,LOF,0.04259602400025322,0.012184076598027798,0.945219899401719
26096,LOF,0.02025085403217284,0.011103581269979913,0.9686455646978472
26097,LOF,0.012000205130527963,0.03366629756233441,0.9543334973071377
26098,LOF,0.07053644014414133,0.00965582068048887,0.9198077391753698
26099,LOF,0.025421240047963756,0.012117317812639524,0.9624614421393969
26100,LOF,0.02788822358365395,0.011496238239056555,0.9606155381772895
26101,LOF,0.056916383756456135,0.011732819984989833,0.931350796258554
26102,LOF,0.026484893421502828,0.013916834658728294,0.9595982719197689
26103,Neutral,0.8899674906801006,0.01674400422101147,0.09328850509888784
26104,LOF,0.08104770338440989,0.023229708671771203,0.8957225879438189
26105,LOF,0.20677299981495337,0.2991485574803032,0.4940784427047433
26106,LOF,0.24023142503984943,0.13688399109438376,0.6228845838657668
26107,LOF,0.2521724745233311,0.08315430872802462,0.6646732167486443
26108,LOF,0.2458278260526666,0.1376376767655857,0.6165344971817477
26109,LOF,0.11622408320547976,0.08128467413778202,0.8024912426567382
26110,LOF,0.24476194215656957,0.00668119541151266,0.7485568624319179
26111,Neutral,0.5100268721546788,0.015732900584446537,0.4742402272608746
26112,LOF,0.03384200694049368,0.0068618539429222605,0.959296139116584
26113,LOF,0.05488203313924191,0.013785023892138717,0.9313329429686195
26114,LOF,0.029013292026948374,0.02125763422725426,0.9497290737457974
26115,LOF,0.10413472516069268,0.048198571283568185,0.8476667035557391
26116,LOF,0.06621259800161698,0.04197663522296905,0.891810766775414
26117,LOF,0.4415413399881586,0.047584938046883345,0.5108737219649581
26118,LOF,0.039834105526629075,0.02695940701724896,0.933206487456122
26119,LOF,0.02318271391120323,0.033771189045095844,0.943046097043701
26120,LOF,0.03258051774366942,0.02497108751558987,0.9424483947407406
26121,LOF,0.05188058434093739,0.08160933882649639,0.8665100768325662
26122,LOF,0.045852146251443404,0.04045403329091202,0.9136938204576447
