feature0,prediction,LoGoFunc_Neutral,LoGoFunc_GOF,LoGoFunc_LOF
25546,Neutral,0.537922661294259,0.1668306464262833,0.29524669227945766
25547,Neutral,0.4419587467003128,0.22726312417602051,0.3307781291236667
25548,LOF,0.32905203807063144,0.21250476371463636,0.45844319821473223
25549,LOF,0.3088457415767561,0.21226236958057945,0.4788918888426645
25550,LOF,0.2688982716018337,0.29371717863558794,0.43738454976257835
25551,LOF,0.21075353596868518,0.30228517338901173,0.4869612906423031
25552,LOF,0.19225357935906512,0.2855689536556412,0.5221774669852937
25553,Neutral,0.7144797323231107,0.12480239307748815,0.1607178745994011
25554,LOF,0.24702313036466658,0.22125483779208177,0.5317220318432517
25555,LOF,0.16697705002053126,0.2326816939664015,0.6003412560130672
25556,LOF,0.313072622976891,0.19995473239408224,0.48697264462902673
25557,LOF,0.18742329552395753,0.2284824516910074,0.584094252785035
25558,LOF,0.22995145544060697,0.2864883560613241,0.48356018849806887
25559,LOF,0.2787924796674043,0.05987332945191726,0.6613341908806785
25560,LOF,0.037857465711179206,0.2926582025455176,0.6694843317433031
25561,LOF,0.026993594578615387,0.36183841439178654,0.6111679910295981
25562,LOF,0.0364023938123606,0.12262129893552381,0.8409763072521155
25563,LOF,0.009771690056785277,0.20497991483004877,0.785248395113166
25564,LOF,0.06615263230978892,0.05806601910761689,0.8757813485825943
25565,LOF,0.16702797748862944,0.1360180316126836,0.6969539908986869
25566,GOF,0.05026030052094488,0.6335453708402322,0.3161943286388229
25567,LOF,0.04472548237984508,0.02854458094434149,0.9267299366758134
25568,LOF,0.0544189062791765,0.03891782746617088,0.9066632662546527
25569,LOF,0.057824142305853816,0.028515646509533886,0.9136602111846124
25570,LOF,0.06280726097243886,0.03312101955258127,0.9040717194749799
25571,LOF,0.06020734600807831,0.029594054842601795,0.9101985991493198
25572,LOF,0.07128628963959657,0.01719160463460025,0.9115221057258031
25573,LOF,0.07551081273322223,0.05688053660053219,0.8676086506662456
25574,LOF,0.1241553685968084,0.095815156211571,0.7800294751916205
25575,LOF,0.06547477501820942,0.034219117289501985,0.9003061076922886
25576,LOF,0.03465725526855906,0.026617932670802286,0.9387248120606387
25577,LOF,0.04421895092588509,0.020805594667790223,0.9349754544063246
25578,LOF,0.2601331520899054,0.07173362820614888,0.6681332197039458
25579,LOF,0.2520481595683547,0.0694590845361231,0.6784927558955223
25580,LOF,0.06486815860396185,0.02844289336640857,0.9066889480296295
25581,LOF,0.03131098460983704,0.07559434045538622,0.8930946749347768
25582,LOF,0.03131098460983704,0.07559434045538622,0.8930946749347768
25583,LOF,0.06113847213241332,0.033294845720419734,0.9055666821471671
25584,Neutral,0.7215457759562951,0.013793365065708843,0.26466085897799596
25585,LOF,0.03383716527116582,0.02830851463658282,0.9378543200922514
25586,LOF,0.06487321496525512,0.02604990118157521,0.9090768838531696
25587,LOF,0.060978800363716286,0.029550927094522603,0.9094702725417612
25588,LOF,0.060668162292874035,0.023793596318050787,0.9155382413890751
25589,Neutral,0.7329928631515397,0.029885593281764624,0.23712154356669574
25590,LOF,0.07413692775935116,0.0404499384560914,0.8854131337845574
25591,LOF,0.10892686465198506,0.019752549702445825,0.8713205856455692
25592,LOF,0.20301465915915223,0.07439637128266156,0.7225889695581861
25593,LOF,0.17451291720729484,0.19101596256009237,0.6344711202326129
25594,LOF,0.028933398854126647,0.09246217064267721,0.8786044305031961
25595,LOF,0.038305735202121126,0.06549918461595756,0.8961950801819213
25596,LOF,0.12328039969490082,0.025195994529637233,0.851523605775462
25597,LOF,0.11422003440238405,0.01866054643235986,0.8671194191652561
25598,LOF,0.03999710598246066,0.08815506158807143,0.8718478324294678
25599,GOF,0.02514040736514372,0.6054445001308666,0.36941509250398963
25600,GOF,0.14699469791986988,0.5396658267011288,0.3133394753790013
25601,LOF,0.0542273762090734,0.25012989454403095,0.6956427292468955
25602,LOF,0.09343418352117505,0.020603834428447296,0.8859619820503777
25603,LOF,0.07621872872081119,0.033009351194215844,0.8907719200849729
25604,LOF,0.11256154968084768,0.0804177249436589,0.8070207253754933
25605,LOF,0.18234801385014723,0.07393445070543282,0.74371753544442
25606,Neutral,0.5765024058751705,0.08350771612817166,0.3399898779966578
25607,LOF,0.062238040565352835,0.09680787023640006,0.840954089198247
25608,LOF,0.04701349844068186,0.15511424593615197,0.7978722556231661
25609,GOF,0.12135214979558917,0.6737597673811335,0.20488808282327728
25610,LOF,0.02911035534829559,0.07176644594715444,0.89912319870455
25611,LOF,0.0300229109467589,0.07028385647055255,0.8996932325826885
25612,LOF,0.05214624128066144,0.08021438924819443,0.8676393694711441
25613,LOF,0.04731055265363721,0.08833812388238685,0.8643513234639759
25614,LOF,0.039253845086881095,0.11687782121425923,0.8438683336988597
25615,LOF,0.05247286516417892,0.16080502163199192,0.7867221132038291
25616,LOF,0.027597828041444384,0.10649560241544194,0.8659065695431136
25617,LOF,0.027038362852174067,0.11872165394201563,0.8542399832058102
25618,LOF,0.15940191902527154,0.3898611927281978,0.45073688824653074
25619,LOF,0.03454246209358402,0.22714039934853858,0.7383171385578774
25620,LOF,0.027458134191648595,0.1120037257761352,0.8605381400322163
25621,LOF,0.07027228363032594,0.1342728542846794,0.7954548620849947
25622,LOF,0.0636906270747791,0.12191080793196422,0.8143985649932567
25623,LOF,0.08018983117405466,0.0666196148427996,0.8531905539831457
25624,LOF,0.034387366808671486,0.16919696190884911,0.7964156712824794
25625,LOF,0.04914788509814677,0.08828463242256793,0.8625674824792854
25626,LOF,0.03135904625300614,0.07235411503709976,0.8962868387098941
25627,Neutral,0.845348936807602,0.049862819987549586,0.10478824320484842
25628,LOF,0.13348457802098002,0.10534073024565072,0.7611746917333694
25629,LOF,0.02950515073266626,0.1204137030063616,0.8500811462609722
25630,LOF,0.29768243589687454,0.05425559736719351,0.6480619667359319
25631,LOF,0.3101416662997193,0.09254427380640966,0.5973140598938711
25632,LOF,0.026707743784749396,0.0695012018113843,0.9037910544038662
25633,LOF,0.15034347816501342,0.09356234732426581,0.7560941745107208
25634,LOF,0.04629639528169348,0.062364544481469913,0.8913390602368365
25635,LOF,0.04056156789956943,0.06065750457266049,0.8987809275277702
25636,GOF,0.025413301673367465,0.590831180690146,0.3837555176364866
25637,GOF,0.022347370892214273,0.5820407722797453,0.39561185682804056
25638,GOF,0.009105321782701709,0.6633680122601421,0.3275266659571562
25639,LOF,0.02397279429072718,0.4092302929599881,0.5667969127492848
25640,Neutral,0.8024372246450181,0.1579275185960649,0.039635256758916895
25641,LOF,0.05585630887124295,0.4338781457359948,0.5102655453927623
25642,LOF,0.048506400685438725,0.28945807181368194,0.6620355275008794
25643,Neutral,0.35522345494717567,0.3143011811039407,0.33047536394888366
25644,LOF,0.014100311505780111,0.25819741029496296,0.7277022781992569
25645,LOF,0.012045220547710875,0.271982979339873,0.7159718001124161
25646,LOF,0.02153073843304715,0.20814192952251256,0.7703273320444403
25647,LOF,0.015288465681325438,0.1215902670864217,0.8631212672322528
25648,LOF,0.022481959890583263,0.15507171694088,0.8224463231685367
25649,LOF,0.011902127217469128,0.08882915680765562,0.8992687159748751
25650,LOF,0.05565441288710247,0.23020998892185476,0.7141355981910429
25651,LOF,0.013945853365825482,0.1229158877909912,0.8631382588431833
25652,LOF,0.01075729211060012,0.25933251118267847,0.7299101967067214
25653,LOF,0.037735469075009236,0.2757581976025802,0.6865063333224105
25654,LOF,0.01004398413771674,0.24646722181052313,0.7434887940517602
25655,LOF,0.09708718448264038,0.2827893339146346,0.620123481602725
25656,LOF,0.11504836537870222,0.31681508487681204,0.5681365497444858
25657,LOF,0.032533202923303244,0.41673758109064113,0.5507292159860556
25658,LOF,0.10324413764426917,0.44790813721401684,0.44884772514171395
25659,GOF,0.20881888144090768,0.5296013931142537,0.26157972544483865
25660,LOF,0.04157462606918789,0.22023904342292416,0.7381863305078878
25661,LOF,0.032213511817780344,0.23476939013302628,0.7330170980491932
25662,LOF,0.027425632064729796,0.08501030122114928,0.887564066714121
25663,LOF,0.0304888226024918,0.06175421151140885,0.9077569658860993
25664,LOF,0.06130587244757191,0.16785851807194524,0.7708356094804828
25665,LOF,0.029552535640798294,0.05784835664190013,0.9125991077173017
25666,LOF,0.053479898119417765,0.1145399641601844,0.8319801377203978
25667,LOF,0.02849787013329544,0.1210682929359059,0.8504338369307988
25668,LOF,0.031871984557268876,0.13440660349672623,0.8337214119460048
25669,LOF,0.026423784261674976,0.14448434878771743,0.8290918669506075
25670,LOF,0.08343675664466951,0.08980952649559819,0.8267537168597323
25671,LOF,0.03328616155082492,0.057070642687337546,0.9096431957618376
25672,LOF,0.02206650440453443,0.09534568321898294,0.8825878123764826
25673,LOF,0.05786894090247817,0.09463213523801306,0.8474989238595089
25674,LOF,0.052744589091756694,0.09788936085696101,0.8493660500512824
25675,LOF,0.04541630754034035,0.09274020507514306,0.8618434873845165
25676,LOF,0.027751502417269275,0.08925894842629155,0.8829895491564391
25677,LOF,0.03632834726443053,0.15253363097696132,0.811138021758608
25678,LOF,0.07816544124641826,0.10634650800157668,0.815488050752005
25679,LOF,0.1023884085685634,0.08057391825916929,0.8170376731722673
25680,LOF,0.045432222195699444,0.1885340035020655,0.7660337743022351
25681,LOF,0.044626692902070525,0.20467674358039814,0.7506965635175313
25682,LOF,0.030402639681415704,0.1136831886738865,0.8559141716446977
25683,LOF,0.09156536235223882,0.04764780514564872,0.8607868325021125
25684,LOF,0.02878823872481513,0.11935636208704041,0.8518553991881445
25685,LOF,0.04355903276598348,0.3713159891294949,0.5851249781045216
25686,LOF,0.028245313821978923,0.42293802056241486,0.5488166656156062
25687,GOF,0.05453845491722456,0.5239797331353783,0.4214818119473972
25688,LOF,0.32886312913972154,0.06172108063668093,0.6094157902235976
25689,LOF,0.14148903734308346,0.05261626930526621,0.8058946933516503
25690,LOF,0.2172676547844917,0.07011976805492938,0.7126125771605789
25691,Neutral,0.6753013631783515,0.06887679974997615,0.2558218370716722
25692,LOF,0.16712450249995517,0.01421874425415313,0.8186567532458917
25693,GOF,0.05781903234990048,0.6334145214813279,0.3087664461687716
25694,LOF,0.10725069408260059,0.027987270791533014,0.8647620351258664
25695,LOF,0.0873508427480547,0.01860902530489657,0.8940401319470488
25696,LOF,0.10972084730087425,0.027945453110127794,0.8623336995889979
25697,LOF,0.07120298551197217,0.17033430072444947,0.7584627137635784
25698,LOF,0.24425970272554923,0.25118351983985127,0.5045567774345995
25699,GOF,0.25395979576389816,0.3815421094192417,0.36449809481686013
25700,LOF,0.04359335063417243,0.06672762768027718,0.8896790216855505
25701,LOF,0.18215647131153803,0.2197624356744122,0.5980810930140498
25702,GOF,0.2331678972574965,0.6567230349762162,0.11010906776628718
25703,LOF,0.02771833960727837,0.2837683998728475,0.688513260519874
25704,LOF,0.03536320382477346,0.38742821682021167,0.5772085793550148
25705,LOF,0.03240517469979691,0.40338375248476865,0.5642110728154344
25706,GOF,0.10923917689487224,0.6267074538709507,0.264053369234177
25707,GOF,0.08641082917368922,0.5695028769571953,0.34408629386911543
25708,GOF,0.03457699708467878,0.612021374332825,0.3534016285824962
25709,LOF,0.024605581793928192,0.37958312222383683,0.5958112959822349
25710,LOF,0.01526680940711205,0.20672301198580692,0.778010178607081
25711,LOF,0.02567274965238825,0.3964066878945326,0.5779205624530791
25712,LOF,0.01434816927596472,0.31770663622511647,0.6679451944989188
25713,LOF,0.026293409302861247,0.3939976823686708,0.579708908328468
25714,LOF,0.03266167498827905,0.38647518741450426,0.5808631375972167
25715,LOF,0.027084843541307514,0.41895807817704833,0.5539570782816442
25716,LOF,0.014027243318821006,0.1640233125559589,0.8219494441252201
25717,LOF,0.014655148066275414,0.15063321184135528,0.8347116400923693
25718,LOF,0.021177116990497017,0.24991467834452702,0.728908204664976
25719,LOF,0.02461467059333222,0.40734633062453446,0.5680389987821333
25720,LOF,0.02830423010307904,0.3176865389767162,0.6540092309202048
25721,LOF,0.024810240086684896,0.3835678451051535,0.5916219148081615
25722,LOF,0.024986022405635286,0.3775707209702965,0.5974432566240682
25723,LOF,0.024944403126524572,0.4095197753805348,0.5655358214929406
25724,GOF,0.058888262935111846,0.480282388323238,0.46082934874165005
25725,LOF,0.024654126436664987,0.39067433618464026,0.5846715373786948
25726,LOF,0.02444795471623717,0.4106306046169488,0.564921440666814
25727,LOF,0.024633771312797672,0.4171931590777134,0.558173069609489
25728,LOF,0.024309322404483955,0.41830093971687937,0.5573897378786367
25729,LOF,0.024292319337330323,0.4105248342908192,0.5651828463718505
25730,LOF,0.02466772367615841,0.4141423226698669,0.5611899536539746
25731,LOF,0.013071183497117002,0.20866817638209836,0.7782606401207848
25732,LOF,0.022523142933425454,0.21192713065767307,0.7655497264089015
25733,LOF,0.02061232337668494,0.2400592113169825,0.7393284653063326
25734,LOF,0.01774098585875399,0.24950006045179693,0.7327589536894491
25735,LOF,0.021411500874742584,0.25929237787704407,0.7192961212482133
25736,LOF,0.020285167296148054,0.25913329605149454,0.7205815366523575
25737,LOF,0.02471216106877373,0.39376524730108936,0.5815225916301369
25738,LOF,0.02468905724037616,0.4025054377113793,0.5728055050482446
25739,LOF,0.024849271020758148,0.3927866294355515,0.5823640995436903
25740,LOF,0.033434170893790756,0.3450745068187442,0.6214913222874651
25741,LOF,0.03207889585987188,0.3631249722060462,0.6047961319340819
25742,LOF,0.034373124831889965,0.33579046744122854,0.6298364077268815
25743,LOF,0.030683056277561696,0.04551388719885706,0.9238030565235813
25744,Neutral,0.5781554935171124,0.16717760115483446,0.2546669053280532
25745,LOF,0.0444685799990376,0.10050171203147146,0.855029707969491
25746,LOF,0.023456391414583545,0.14622948371725902,0.8303141248681575
25747,LOF,0.0266356393609328,0.095648528813074,0.8777158318259932
25748,LOF,0.15657317233036047,0.12083349612904838,0.7225933315405912
25749,LOF,0.01981162317270562,0.1194742457130884,0.8607141311142059
25750,LOF,0.02519336672183068,0.12270897586256789,0.8520976574156014
25751,LOF,0.034295205043153684,0.35381795284663076,0.6118868421102156
25752,GOF,0.052460456581437116,0.7154920288675874,0.2320475145509754
25753,LOF,0.01432660633618718,0.4285006632148462,0.5571727304489666
25754,GOF,0.016808674731877707,0.7284758247263209,0.2547155005418015
25755,LOF,0.024070006165632506,0.33656432683582227,0.6393656669985451
25756,GOF,0.030501466131629656,0.533080459677521,0.4364180741908492
25757,GOF,0.015163474304169025,0.810548182035658,0.17428834366017298
25758,GOF,0.021436313555760755,0.842539471078012,0.13602421536622736
25759,GOF,0.0165157123450202,0.6852853921386772,0.2981988955163025
25760,LOF,0.02005811363495476,0.3934819974983383,0.586459888866707
25761,GOF,0.19394833158235952,0.7168404273062284,0.08921124111141204
25762,LOF,0.03518850505743438,0.4539764808029095,0.5108350141396562
25763,LOF,0.021944445316400687,0.30258005524646664,0.6754754994371327
25764,GOF,0.06821830850092776,0.8065479335480179,0.12523375795105435
25765,GOF,0.020131815938289114,0.8353083969186121,0.14455978714309872
25766,GOF,0.05651619065032524,0.8395366691355473,0.10394714021412753
25767,GOF,0.06308485782925582,0.8569821164409452,0.07993302572979887
25768,LOF,0.042452045425616425,0.2039846724866881,0.7535632820876954
25769,LOF,0.023393316248429212,0.2797441427866969,0.6968625409648739
25770,LOF,0.33323509192475326,0.08574645019982337,0.5810184578754235
25771,LOF,0.05247070754781323,0.044036115863394676,0.903493176588792
25772,LOF,0.0277958301197725,0.16968611798905345,0.8025180518911741
25773,LOF,0.04951811698914636,0.049011900267603686,0.9014699827432499
25774,LOF,0.018281702832251615,0.16317083163709856,0.8185474655306497
25775,LOF,0.06361361066064565,0.04848146074634462,0.8879049285930097
25776,LOF,0.034300438970034874,0.10506900734936958,0.8606305536805956
25777,LOF,0.34096943749688724,0.06837756719665261,0.5906529953064601
25778,LOF,0.026455790476364302,0.21838389565441316,0.7551603138692224
25779,GOF,0.40108203092342215,0.5344526195327074,0.06446534954387048
25780,Neutral,0.4605205269364618,0.4502243587729905,0.08925511429054771
25781,GOF,0.1907771390828147,0.6967010799371108,0.11252178098007447
25782,GOF,0.24179865930335576,0.6704828595886658,0.0877184811079785
25783,GOF,0.025235695478054286,0.7870986764093162,0.18766562811262955
25784,Neutral,0.6174968809698533,0.34141689339844095,0.0410862256317057
25785,Neutral,0.6762040286681275,0.22254114390036092,0.10125482743151172
25786,GOF,0.020514131109148067,0.7936961870927043,0.18578968179814756
25787,Neutral,0.8366423367159186,0.11392164246392318,0.04943602082015809
25788,LOF,0.028666173742999623,0.053109017989692954,0.9182248082673073
25789,GOF,0.20182524804956026,0.5811670347404402,0.21700771720999948
25790,GOF,0.14182886533051653,0.6820406921101647,0.17613044255931865
25791,GOF,0.1438104665106803,0.534000184598849,0.32218934889047063
25792,Neutral,0.4051684864410235,0.36789652110018184,0.22693499245879467
25793,GOF,0.1667197164803773,0.4569143181942509,0.3763659653253719
25794,GOF,0.20667877108762425,0.5374466987839909,0.2558745301283849
25795,GOF,0.06267127013112912,0.6758703448844868,0.2614583849843841
25796,Neutral,0.5240863278896614,0.30435818616771476,0.17155548594262388
25797,GOF,0.08166805864837477,0.5777110746421613,0.34062086670946384
25798,GOF,0.01276259984857748,0.5528200150249329,0.43441738512648953
25799,GOF,0.01213695627120636,0.540283741871938,0.4475793018568556
25800,GOF,0.05134132959913112,0.7563890218055451,0.19226964859532364
25801,GOF,0.22743157642011716,0.6215994461804042,0.15096897739947862
25802,GOF,0.07826360205693507,0.6338608474399228,0.2878755505031421
25803,GOF,0.055416123391531465,0.6109455312209655,0.33363834538750314
25804,GOF,0.04356498676326616,0.5789486424073322,0.37748637082940156
25805,GOF,0.10643153550982402,0.6873510019964282,0.2062174624937477
25806,GOF,0.12046915018993588,0.5842769407996936,0.2952539090103705
25807,GOF,0.01916235454002799,0.5946319530313757,0.3862056924285962
25808,GOF,0.0910567729667118,0.6108228652995056,0.2981203617337826
25809,GOF,0.019439807221707874,0.502355492460567,0.47820470031772505
25810,GOF,0.02248516800345127,0.5376995364320155,0.43981529556453314
25811,Neutral,0.5825221521667616,0.34406573074291447,0.07341211709032404
25812,GOF,0.05569473028750337,0.4930941526512019,0.4512111170612948
25813,Neutral,0.7172640013017807,0.11691098814083976,0.16582501055737944
25814,GOF,0.2732651461779333,0.5003250011507165,0.22640985267135
25815,GOF,0.3955141177497935,0.45041415158196974,0.1540717306682367
25816,GOF,0.02604143569184909,0.6122256277802572,0.3617329365278936
25817,GOF,0.21308054919480665,0.6281235422433914,0.158795908561802
25818,GOF,0.04690986043657973,0.5017958357404032,0.4512943038230171
25819,GOF,0.35386233066534395,0.4131143812922177,0.23302328804243821
25820,GOF,0.20787894720486122,0.5002764750374082,0.29184457775773054
25821,GOF,0.058884142305804854,0.6074944729184577,0.33362138477573733
25822,GOF,0.21620430752737926,0.47284779525208015,0.3109478972205405
25823,GOF,0.04757351433382806,0.5832030784846368,0.36922340718153507
25824,GOF,0.09886838332706875,0.4663337302364267,0.43479788643650447
25825,LOF,0.043263956114623706,0.4773551676906111,0.47938087619476516
25826,GOF,0.011719443606064734,0.5801132601710751,0.4081672962228603
25827,GOF,0.019233619971598684,0.6691859824835925,0.31158039754480876
25828,GOF,0.011485948139615981,0.6053147458986853,0.3831993059616987
25829,GOF,0.008876530784228653,0.5255342202341788,0.4655892489815925
25830,LOF,0.07448491172307034,0.09862079972015449,0.826894288556775
25831,GOF,0.1340522064941468,0.7276983088460395,0.13824948465981382
25832,GOF,0.036595920937495724,0.7038449154279417,0.2595591636345627
25833,GOF,0.15031578293826087,0.6596693709236365,0.19001484613810254
25834,GOF,0.05137371659882073,0.6923614844147985,0.2562647989863808
25835,GOF,0.11569793884826166,0.6663139134196058,0.21798814773213254
25836,GOF,0.05929324437769316,0.6383320010900763,0.3023747545322306
25837,GOF,0.030223228030019287,0.5497829985623305,0.4199937734076501
25838,GOF,0.13084492654043883,0.6312340516018801,0.23792102185768102
25839,GOF,0.37894353586464485,0.4046117198485428,0.21644474428681235
25840,GOF,0.21884473575786348,0.5594200434238378,0.22173522081829883
25841,GOF,0.2719433546225029,0.5153529871777993,0.2127036581996979
25842,GOF,0.34266495643055844,0.42626905745723087,0.23106598611221074
25843,GOF,0.2920113461169441,0.5396335989266264,0.1683550549564294
25844,GOF,0.12253207728853958,0.4647292790916359,0.4127386436198246
25845,GOF,0.024539678428286745,0.545512702205891,0.4299476193658223
25846,GOF,0.10584607441948254,0.6820765994740946,0.2120773261064228
25847,GOF,0.16775472107090356,0.6570200064738559,0.1752252724552406
25848,GOF,0.050811651783573185,0.5673370994393091,0.3818512487771176
25849,GOF,0.012086155139561868,0.5633236267358068,0.42459021812463127
25850,GOF,0.02501144447040311,0.688066827539613,0.2869217279899839
25851,GOF,0.018339609224219084,0.6132385473030888,0.3684218434726922
25852,GOF,0.12807349891304368,0.5577767237516047,0.3141497773353517
25853,GOF,0.34526159830080594,0.48391681610312726,0.17082158559606675
25854,GOF,0.012854649097423383,0.6272244446711358,0.35992090623144063
25855,LOF,0.04372115982998005,0.47179804211663423,0.4844807980533858
25856,GOF,0.24320773013784527,0.45204381020504036,0.3047484596571144
25857,GOF,0.03390153970665494,0.5298920960493259,0.4362063642440194
25858,GOF,0.018547808868982593,0.696461509032528,0.2849906820984893
25859,GOF,0.01063557308835058,0.653341774371193,0.3360226525404563
25860,GOF,0.350201132721841,0.45111112805429976,0.19868773922385918
25861,GOF,0.21965018413391468,0.6926672808635114,0.08768253500257375
25862,GOF,0.0949373200763678,0.7393763138514354,0.16568636607219678
25863,GOF,0.10156226364526467,0.7297386864220582,0.16869904993267704
25864,GOF,0.2488213064172204,0.6544543903908188,0.09672430319196092
25865,GOF,0.10217223594859276,0.7890349563219708,0.10879280772943631
25866,GOF,0.09129894317700629,0.7740250545330443,0.1346760022899495
25867,GOF,0.11381953307155324,0.7758962468725829,0.1102842200558639
25868,GOF,0.18441330494950237,0.6345476053078815,0.18103908974261618
25869,Neutral,0.7292028810384567,0.20621906103283844,0.06457805792870497
25870,LOF,0.1240230127095019,0.07349686333525526,0.8024801239552428
25871,GOF,0.0979268741135058,0.5964233156900487,0.3056498101964455
25872,GOF,0.11685756294197185,0.4907718705400504,0.3923705665179778
25873,GOF,0.1623932466798782,0.5631035255679528,0.2745032277521689
25874,LOF,0.031353752473303804,0.051372754296317116,0.9172734932303792
25875,LOF,0.06219771722611703,0.23310416117975383,0.704698121594129
25876,LOF,0.023693803783305375,0.11648999518609886,0.8598162010305958
25877,LOF,0.3883065094225442,0.2072623778120644,0.4044311127653914
25878,LOF,0.1670022253663892,0.3981562880398637,0.434841486593747
25879,LOF,0.07959381958409241,0.38085471543503957,0.5395514649808681
25880,LOF,0.027943056603045805,0.09859428252222,0.8734626608747343
25881,LOF,0.3683123766151476,0.12699188662719962,0.5046957367576528
25882,LOF,0.08536541381965937,0.02540123711980127,0.8892333490605393
25883,LOF,0.07549779751724361,0.04549105266572112,0.8790111498170352
25884,LOF,0.07692655052966875,0.04382934157957232,0.8792441078907588
25885,LOF,0.09028151606948467,0.02630113778613865,0.8834173461443767
25886,LOF,0.22439268565352347,0.13424195102166156,0.641365363324815
25887,LOF,0.38611509882406136,0.10337344087229537,0.5105114603036432
25888,LOF,0.1658343936830738,0.07533015095267885,0.7588354553642473
25889,LOF,0.0806430347216204,0.04654533162406568,0.8728116336543139
25890,LOF,0.05155299375245337,0.10887206365972514,0.8395749425878215
25891,LOF,0.06176839247173637,0.027556372073574593,0.9106752354546891
25892,LOF,0.0955848165785455,0.06472573271849114,0.8396894507029634
25893,LOF,0.3073741377811622,0.056743510863505583,0.6358823513553322
25894,LOF,0.15260640949363485,0.01747617336531222,0.829917417141053
25895,LOF,0.1731961263789463,0.015640997129094027,0.8111628764919596
25896,LOF,0.04789542613437182,0.01770582514737957,0.9343987487182487
25897,LOF,0.17585519548687287,0.047940615534261946,0.7762041889788652
25898,Neutral,0.6578282206566887,0.031202025165807033,0.31096975417750417
25899,LOF,0.21176596001834952,0.15007800016473513,0.6381560398169153
25900,Neutral,0.8136731059121831,0.030329948212382763,0.15599694587543417
25901,LOF,0.08011854018755576,0.031857081718939764,0.8880243780935045
25902,LOF,0.1212381947757728,0.030012892782325495,0.8487489124419016
25903,Neutral,0.5537737021915907,0.07590929924249322,0.37031699856591616
25904,LOF,0.28171624479942003,0.07622160357674047,0.6420621516238394
25905,LOF,0.014061287376975129,0.4221012043452596,0.5638375082777652
25906,LOF,0.02563450832003846,0.06194863858179247,0.912416853098169
25907,LOF,0.011216952027884943,0.3150744645943913,0.6737085833777238
25908,LOF,0.015249128516131631,0.19596437067508954,0.7887865008087788
25909,LOF,0.027245621458869055,0.14837891562436817,0.8243754629167628
25910,LOF,0.012543829293300137,0.4661229650263414,0.5213332056803585
25911,LOF,0.08176659430577485,0.032094040476834416,0.8861393652173907
25912,LOF,0.03403538001064288,0.07751130150581623,0.8884533184835409
25913,LOF,0.18963757808173207,0.026405207735719294,0.7839572141825487
25914,LOF,0.053070908425819414,0.17432457041918736,0.7726045211549932
25915,Neutral,0.5103280211623893,0.3367741748176375,0.15289780401997313
25916,GOF,0.04207411270962481,0.6975202035238371,0.26040568376653794
25917,LOF,0.029028644219401524,0.12290126321262641,0.8480700925679722
25918,LOF,0.05146233386273444,0.08686457708786972,0.861673089049396
25919,LOF,0.05323321737076524,0.056567724454294095,0.8901990581749407
25920,GOF,0.24047349586279987,0.6295347070842106,0.12999179705298955
25921,LOF,0.05716156577664131,0.0669935244973813,0.8758449097259774
25922,LOF,0.04764287818745006,0.05492044358449904,0.8974366782280508
25923,LOF,0.22595949224796874,0.13529937678019094,0.6387411309718403
25924,LOF,0.07041664972030616,0.024764677294475256,0.9048186729852187
25925,LOF,0.05244597954545417,0.05353389280483455,0.8940201276497113
25926,LOF,0.0366186469052401,0.04057375138340276,0.9228076017113572
25927,LOF,0.10000877292535702,0.09904573781959583,0.800945489255047
25928,LOF,0.043853274479191365,0.03108785465653379,0.9250588708642749
25929,LOF,0.3499961569503814,0.12365193661656967,0.5263519064330489
25930,LOF,0.07578582910153886,0.04292570800891297,0.8812884628895481
25931,LOF,0.04565809980287197,0.023306644317690705,0.9310352558794374
25932,LOF,0.08219409978598399,0.031447481638804904,0.8863584185752112
25933,LOF,0.08505589181621533,0.026998597712238413,0.8879455104715464
25934,LOF,0.0787497179877216,0.04014226028911696,0.8811080217231614
25935,LOF,0.03920828194592919,0.05012698662531738,0.9106647314287534
25936,LOF,0.0867172989397215,0.026292930174357628,0.8869897708859208
25937,LOF,0.06354550941202909,0.03381505926091623,0.9026394313270546
25938,LOF,0.05069495321413458,0.09882711459430774,0.8504779321915577
25939,LOF,0.06568488689298382,0.04588513768430508,0.8884299754227111
25940,GOF,0.02469911031272213,0.5733880121704452,0.4019128775168327
25941,LOF,0.18099168517205202,0.04782466395440536,0.7711836508735426
25942,LOF,0.03788706075471058,0.008974722545031321,0.9531382167002582
25943,LOF,0.43466245065715725,0.03419742951857286,0.53114011982427
25944,Neutral,0.5098142958581933,0.025590626841082206,0.4645950773007246
25945,LOF,0.18404086667847325,0.14691080780402968,0.6690483255174972
25946,LOF,0.01853260722445261,0.24730433320918888,0.7341630595663585
25947,LOF,0.07559472530697464,0.17175852118840135,0.752646753504624
25948,LOF,0.37179315363258986,0.008180303894910798,0.6200265424724994
25949,LOF,0.14604519736804766,0.013825800393477802,0.8401290022384745
25950,GOF,0.2987956913405576,0.4086912433425076,0.2925130653169347
25951,LOF,0.19508480890451646,0.2544480890878323,0.5504671020076513
25952,GOF,0.04072956100173743,0.5389959831865169,0.4202744558117457
25953,LOF,0.14342578289598043,0.364523530855937,0.4920506862480827
25954,Neutral,0.5050730711232192,0.34743876129793155,0.1474881675788492
25955,LOF,0.050500755007480004,0.18320454816598705,0.766294696826533
25956,LOF,0.12460755815437752,0.15102994381668786,0.7243624980289347
25957,LOF,0.03648226039750483,0.03763756162246633,0.925880177980029
25958,LOF,0.08235743642322585,0.03716475435752883,0.8804778092192453
25959,LOF,0.13703755908527435,0.38304851052968275,0.47991393038504293
25960,LOF,0.028877174801737224,0.0868110089440001,0.8843118162542627
25961,LOF,0.07409054778883165,0.08649771506492308,0.8394117371462453
25962,LOF,0.04917119866100176,0.07378084032355836,0.8770479610154399
25963,LOF,0.03778566616972166,0.15775451529264842,0.80445981853763
25964,LOF,0.07388504176200218,0.1328313938256063,0.7932835644123915
25965,Neutral,0.49703713097955177,0.10360496883070794,0.39935790018974027
25966,LOF,0.19433053712910275,0.34694185612423506,0.4587276067466621
25967,LOF,0.026523720596677333,0.1448623745116622,0.8286139048916604
25968,LOF,0.053357098820589366,0.38349434877636024,0.5631485524030504
25969,LOF,0.019691102229667762,0.056064395308313836,0.9242445024620183
25970,LOF,0.03982898187637857,0.041835481940025704,0.9183355361835958
25971,LOF,0.08607118669047685,0.056243153429695596,0.8576856598798276
25972,LOF,0.11568767774475454,0.057192141155659154,0.8271201810995864
25973,LOF,0.15192802924683368,0.013274246552834998,0.8347977242003313
25974,LOF,0.34733935070133265,0.05468510153089816,0.5979755477677692
25975,LOF,0.07158173003132329,0.039310923555626154,0.8891073464130504
25976,LOF,0.037623280685909824,0.062185099594751284,0.9001916197193388
25977,LOF,0.030007701117939548,0.2700744372070426,0.6999178616750177
25978,LOF,0.26811812299565063,0.11596652736846792,0.6159153496358815
25979,LOF,0.2151788959088086,0.16963916471533816,0.6151819393758532
25980,LOF,0.270985718610628,0.17908307120094935,0.5499312101884227
25981,LOF,0.270985718610628,0.17908307120094935,0.5499312101884227
25982,Neutral,0.5138048371567736,0.10257336745110916,0.3836217953921172
25983,Neutral,0.5426044407856306,0.10364887543233413,0.3537466837820352
25984,LOF,0.033229285448371386,0.2654811708236741,0.7012895437279545
25985,LOF,0.0224018858984555,0.4677603713019626,0.5098377427995819
25986,GOF,0.034177599088740976,0.5202964608803173,0.4455259400309417
25987,LOF,0.07693068463478316,0.1136817892622544,0.8093875261029625
25988,LOF,0.02995824160378077,0.27110725034159283,0.6989345080546264
25989,LOF,0.02532018747281608,0.2713296790769404,0.7033501334502437
25990,LOF,0.03191821502086154,0.19028637847762997,0.7777954065015085
25991,LOF,0.2087443211525918,0.31832152085239485,0.4729341579950133
25992,LOF,0.31775937604678,0.21253406896359472,0.4697065549896252
25993,LOF,0.0395155903060469,0.08212232296995903,0.8783620867239941
25994,LOF,0.03898689518806417,0.08568235990660099,0.8753307449053348
25995,LOF,0.04019640838287614,0.11182692001481771,0.8479766716023062
25996,LOF,0.16688198646466262,0.34816601183181517,0.48495200170352226
25997,GOF,0.07154554432229955,0.49172210287960605,0.4367323527980945
25998,LOF,0.48393029411246324,0.012084590128371299,0.5039851157591655
25999,LOF,0.14683027959876702,0.37045148803855976,0.4827182323626733
26000,LOF,0.08172955505638245,0.022927998005561955,0.8953424469380556
26001,LOF,0.11891531984000578,0.08876651836268584,0.7923181617973083
26002,LOF,0.08307814954302527,0.0488070113050812,0.8681148391518936
26003,GOF,0.011582074303407713,0.6877363816545705,0.3006815440420218
26004,GOF,0.04040338549135006,0.7536579366096294,0.20593867789902057
26005,GOF,0.013517504256637074,0.5560244593928859,0.4304580363504771
26006,Neutral,0.490047443857031,0.34210322943675153,0.1678493267062176
26007,GOF,0.019370502683393527,0.6866067243929858,0.2940227729236207
26008,GOF,0.01849115194018964,0.645103009758375,0.3364058383014354
26009,GOF,0.046199246115804594,0.6633587992461528,0.2904419546380427
26010,GOF,0.012207771837720434,0.8509811333235794,0.13681109483870002
26011,GOF,0.009593130891157913,0.6047503234797376,0.3856565456291045
26012,GOF,0.017041033845309188,0.5842366230928981,0.39872234306179277
26013,GOF,0.012219115403817047,0.7137982057109398,0.27398267888524325
26014,LOF,0.05113686370228377,0.13023871244505067,0.8186244238526655
26015,LOF,0.17836318253460706,0.01072820738122627,0.8109086100841666
26016,LOF,0.34251517708298773,0.05219240407440121,0.6052924188426111
26017,LOF,0.27314087467757736,0.05618977105606393,0.6706693542663587
26018,LOF,0.07769216974444901,0.053685445135159444,0.8686223851203915
26019,LOF,0.08258165052354018,0.026621396734452178,0.8907969527420075
26020,LOF,0.10702171757862326,0.08046333954432605,0.8125149428770506
26021,LOF,0.10156692154000746,0.10174375414984978,0.7966893243101428
26022,LOF,0.02530115754748809,0.029313255009548955,0.9453855874429629
26023,LOF,0.16304058261075657,0.038801853613654444,0.7981575637755889
26024,LOF,0.045486598794126434,0.11974756845425542,0.8347658327516182
26025,LOF,0.29497171775919945,0.12008544835421797,0.5849428338865825
26026,LOF,0.4810592921730825,0.026244263087285183,0.4926964447396322
26027,LOF,0.08905284279422641,0.022025658412651933,0.8889214987931215
26028,LOF,0.1852787826747223,0.12834774104403407,0.6863734762812437
26029,LOF,0.061681742498419914,0.3779579125252863,0.5603603449762938
26030,LOF,0.024756431472972667,0.11405554055543611,0.8611880279715911
26031,LOF,0.016638436671598325,0.3037484238320887,0.679613139496313
26032,LOF,0.04439586341340179,0.178577759238606,0.7770263773479922
26033,LOF,0.11287400212837564,0.4287833906143437,0.4583426072572807
26034,LOF,0.028590344124208047,0.2320557968829617,0.7393538589928303
26035,LOF,0.025199632000197814,0.2986940268606733,0.6761063411391289
26036,LOF,0.03144012254457275,0.240558520297022,0.7280013571584052
26037,LOF,0.0202354565892061,0.2176592187750087,0.7621053246357852
26038,LOF,0.04438902499641842,0.16353904652466628,0.7920719284789153
26039,LOF,0.04379426461355907,0.27414588686215247,0.6820598485242885
26040,GOF,0.19102850490058634,0.5701025453453307,0.23886894975408296
26041,LOF,0.023519683385343576,0.21760682325636077,0.7588734933582957
26042,LOF,0.022207231515358986,0.20849868409613143,0.7692940843885095
26043,LOF,0.04150379794376531,0.22122969018658628,0.7372665118696484
26044,LOF,0.02580696364784221,0.19582037111532424,0.7783726652368337
26045,LOF,0.06015927766890684,0.2928856505131228,0.6469550718179703
26046,LOF,0.04734906002857855,0.2579332357257802,0.6947177042456412
26047,LOF,0.05665619395260182,0.23717720767093267,0.7061665983764657
26048,LOF,0.09241503367055658,0.13319306835218864,0.7743918979772548
26049,Neutral,0.9070268887902926,0.05167178170989076,0.04130132949981657
26050,Neutral,0.8793860916740969,0.06101739485354473,0.05959651347235837
26051,GOF,0.02448089159110161,0.6237546402873394,0.35176446812155887
26052,LOF,0.022943996281872277,0.46954265122418837,0.5075133524939394
26053,LOF,0.05465854588892613,0.2748503949141196,0.6704910591969543
26054,LOF,0.05971239053199522,0.0408478210550797,0.899439788412925
26055,LOF,0.05074689985470279,0.026979901009407302,0.9222731991358899
26056,LOF,0.04044760919237126,0.034876339761541565,0.9246760510460873
26057,LOF,0.06590884198009413,0.0957344814815576,0.8383566765383483
26058,LOF,0.0660330970482227,0.08109384482287095,0.8528730581289062
26059,LOF,0.45074150276557434,0.06472695390195839,0.4845315433324674
26060,LOF,0.0483537838360443,0.3290816784521719,0.6225645377117839
26061,LOF,0.03707459964493796,0.08621352963750778,0.8767118707175542
26062,LOF,0.029433099369734223,0.04277650081171793,0.9277903998185478
26063,LOF,0.06954413484529937,0.06475885356843103,0.8656970115862697
26064,LOF,0.041215409417459915,0.035018430918939705,0.9237661596636003
26065,LOF,0.0718355510713963,0.04773166575755574,0.8804327831710481
26066,LOF,0.07638685891613983,0.06244668522412176,0.8611664558597385
26067,LOF,0.07686816146226597,0.05612443391779496,0.8670074046199391
26068,LOF,0.050002534354827904,0.06278812956739448,0.8872093360777775
26069,LOF,0.3568417427955232,0.04441259062811003,0.5987456665763667
26070,Neutral,0.5348826188757029,0.028077843388057046,0.43703953773624005
26071,LOF,0.06263448958904216,0.07713613027309772,0.8602293801378601
26072,LOF,0.048103821655474784,0.08242380600817201,0.8694723723363533
26073,LOF,0.07459470099208966,0.03520033829197548,0.8902049607159349
26074,Neutral,0.9576935610753712,0.012358666624944396,0.02994777229968439
26075,LOF,0.031886292378405554,0.045181692601940174,0.9229320150196543
26076,LOF,0.07605815621799893,0.05111561022106349,0.8728262335609376
26077,LOF,0.025798045731316,0.09140614937355143,0.8827958048951327
26078,LOF,0.02584156035997996,0.06720624330032968,0.9069521963396904
26079,LOF,0.04977700982102548,0.04144351437666203,0.9087794758023126
26080,LOF,0.04977700982102548,0.04144351437666203,0.9087794758023126
26081,LOF,0.0747627017406387,0.06446186939109234,0.8607754288682689
26082,LOF,0.040208949232601786,0.04500907044429387,0.9147819803231043
26083,LOF,0.07209446976448562,0.05037381487967125,0.8775317153558432
26084,LOF,0.06272959384999664,0.07672274311844592,0.8605476630315575
26085,LOF,0.06272959384999664,0.07672274311844592,0.8605476630315575
26086,LOF,0.0669086270110645,0.0816209435259932,0.8514704294629424
26087,LOF,0.06757600630557319,0.063821472539942,0.8686025211544849
26088,LOF,0.03982411310487195,0.1615486460896294,0.7986272408054986
26089,LOF,0.045199651694018635,0.03379379509357967,0.9210065532124017
26090,LOF,0.04106086898689621,0.030151085006390976,0.9287880460067129
26091,LOF,0.07975891544704944,0.033060812826089324,0.8871802717268613
26092,LOF,0.07064963706994605,0.07943126396953541,0.8499190989605184
26093,LOF,0.07929021551071411,0.03228078078547166,0.8884290037038142
26094,LOF,0.08022561678584969,0.030525366506182868,0.8892490167079675
26095,LOF,0.07198096728185406,0.033482978444697595,0.8945360542734483
26096,LOF,0.04373063940126459,0.03161952869946539,0.92464983189927
26097,LOF,0.02190789760475175,0.09861055708448664,0.8794815453107617
26098,LOF,0.05101444606973516,0.024403929821353275,0.9245816241089116
26099,LOF,0.07932243854412632,0.06997701996677369,0.8507005414891001
26100,LOF,0.07932243854412632,0.06997701996677369,0.8507005414891001
26101,LOF,0.06205513137986054,0.1447230312378886,0.7932218373822508
26102,LOF,0.06617725785359914,0.06988669262283963,0.8639360495235613
26103,Neutral,0.7744758824534205,0.08941622481885872,0.13610789272772084
26104,LOF,0.03878769308617687,0.06229310499565688,0.8989192019181662
26105,LOF,0.17810238458352395,0.09653087605621698,0.7253667393602591
26106,LOF,0.161219176261745,0.044227114156646506,0.7945537095816084
26107,LOF,0.2785377564660576,0.03867146383842347,0.6827907796955189
26108,LOF,0.1447745083693821,0.09015275212729237,0.7650727395033255
26109,LOF,0.07963900779686518,0.08139547177925144,0.8389655204238834
26110,LOF,0.26410743566715666,0.031437303574796974,0.7044552607580463
26111,LOF,0.34932941925691485,0.12284229261261788,0.5278282881304672
26112,LOF,0.08827991242334929,0.028649580936720154,0.8830705066399305
26113,LOF,0.08986875797819904,0.08339687512682548,0.8267343668949756
26114,LOF,0.03501005972355341,0.02105468429602236,0.9439352559804242
26115,LOF,0.1804570701492585,0.04850318746028662,0.7710397423904549
26116,LOF,0.0989914809706562,0.049978065677019554,0.8510304533523243
26117,LOF,0.2899355120947804,0.17379053221879506,0.5362739556864246
26118,LOF,0.06844417792385867,0.029531545294009018,0.9020242767821324
26119,LOF,0.03938492149999702,0.12133314307336772,0.8392819354266353
26120,LOF,0.061338838839955084,0.041797917047984454,0.8968632441120605
26121,LOF,0.07107224714441783,0.10244886829641012,0.8264788845591722
26122,LOF,0.08565726790071364,0.14336892124157452,0.7709738108577119
26123,LOF,0.06892052458300518,0.1743714681036402,0.7567080073133546
