feature0,prediction,LoGoFunc_Neutral,LoGoFunc_GOF,LoGoFunc_LOF
25546,Neutral,0.6810930715094962,0.055074131664970535,0.26383279682553323
25547,Neutral,0.5171600323802814,0.09596238893558028,0.38687757868413836
25548,Neutral,0.5291248918426196,0.07742548198487317,0.3934496261725072
25549,LOF,0.44201271809851517,0.08041802672247292,0.477569255179012
25550,LOF,0.38082420990717275,0.12645102698034738,0.4927247631124798
25551,LOF,0.31921060357970743,0.1400669397106961,0.5407224567095964
25552,LOF,0.25466015096777156,0.13320191529468822,0.6121379337375402
25553,Neutral,0.8198558495432443,0.043563614628906316,0.13658053582784935
25554,LOF,0.30286060683282695,0.11957696743177096,0.5775624257354021
25555,LOF,0.25252236658216387,0.11377329162038805,0.6337043417974482
25556,Neutral,0.47410101849906044,0.0972224074275789,0.4286765740733606
25557,LOF,0.23775609931153524,0.11974077778211975,0.642503122906345
25558,LOF,0.30907379629832304,0.11751080965845538,0.5734153940432216
25559,LOF,0.1863625747358787,0.12979742455166238,0.683840000712459
25560,LOF,0.15604687251419352,0.10221185079934486,0.7417412766864616
25561,LOF,0.14741457656481496,0.12768618280195626,0.7248992406332289
25562,LOF,0.07029329604448306,0.07969551730776472,0.8500111866477521
25563,LOF,0.022273166972835896,0.11344866091842325,0.8642781721087408
25564,LOF,0.20535564754871444,0.11998114358115904,0.6746632088701264
25565,LOF,0.21484135437530905,0.14848652542532634,0.6366721201993647
25566,GOF,0.10392842447302629,0.6881277024984662,0.20794387302850753
25567,LOF,0.03438505111454827,0.13395744888381056,0.8316575000016413
25568,LOF,0.059733155136854565,0.06912890427588571,0.8711379405872598
25569,LOF,0.05629019935109997,0.0703742126477982,0.8733355880011018
25570,LOF,0.026137718352840268,0.09300409088455994,0.8808581907625997
25571,LOF,0.024933115958781272,0.09937809427112303,0.8756887897700957
25572,LOF,0.06062610760033048,0.1155070271716188,0.8238668652280507
25573,LOF,0.05921858193427876,0.0833270452478359,0.8574543728178854
25574,LOF,0.05385152455957351,0.18379811768378315,0.7623503577566434
25575,LOF,0.021395714132954134,0.12104605576960697,0.8575582300974389
25576,LOF,0.03290984084650118,0.1504626964523602,0.8166274627011385
25577,LOF,0.028557673963442543,0.1082189912046265,0.863223334831931
25578,LOF,0.2736972232233496,0.07964744385208916,0.6466553329245611
25579,LOF,0.12369182052898664,0.0853664185541528,0.7909417609168605
25580,LOF,0.01780908809295941,0.07833550547320912,0.9038554064338314
25581,LOF,0.05408650981828857,0.06502447058741055,0.8808890195943009
25582,LOF,0.053953143350597164,0.06345298412603989,0.882593872523363
25583,LOF,0.01847829160080227,0.08140527405173797,0.9001164343474598
25584,Neutral,0.6565254710735239,0.10550752615167455,0.23796700277480157
25585,LOF,0.032623096563785196,0.1158524367393623,0.8515244666968526
25586,LOF,0.016688594361000886,0.0680520422659376,0.9152593633730616
25587,LOF,0.01615218617130363,0.06064216489031571,0.9232056489383806
25588,LOF,0.018535046524440463,0.07092567770485846,0.910539275770701
25589,Neutral,0.4763426767331109,0.2187490362563745,0.3049082870105147
25590,LOF,0.04876419533844276,0.10102697324133451,0.8502088314202227
25591,LOF,0.09852858699827009,0.05564798658942129,0.8458234264123086
25592,LOF,0.048254113867616015,0.13070865967163073,0.8210372264607532
25593,LOF,0.13226104167584532,0.2547638952392996,0.612975063084855
25594,LOF,0.04960033570180129,0.11452937273765987,0.8358702915605387
25595,LOF,0.04536192726237547,0.08574026043536549,0.8688978123022589
25596,LOF,0.10782143336697081,0.04364916089966031,0.8485294057333688
25597,LOF,0.08025078349563662,0.05986695749320431,0.8598822590111591
25598,LOF,0.046262275411512004,0.08375782179766011,0.8699799027908279
25599,GOF,0.019586541844084343,0.5247417433807978,0.45567171477511786
25600,GOF,0.17522912779993913,0.5155850972924566,0.3091857749076041
25601,LOF,0.03662162903028101,0.41223397929744304,0.5511443916722759
25602,LOF,0.03589782851851445,0.04806513957408471,0.9160370319074008
25603,LOF,0.03401296767520611,0.027227635739523515,0.9387593965852703
25604,LOF,0.037808951437190846,0.0552396801695936,0.9069513683932154
25605,LOF,0.04121349005765226,0.16672426690098432,0.7920622430413635
25606,LOF,0.4425806248484978,0.09035746217679548,0.46706191297470667
25607,LOF,0.024914937881163664,0.15168775588917316,0.8233973062296632
25608,LOF,0.033206119389008845,0.07055640141921331,0.8962374791917778
25609,GOF,0.15291786531879398,0.5121002636477697,0.33498187103343635
25610,LOF,0.014568457304646731,0.028290183274716527,0.9571413594206368
25611,LOF,0.014931979587334136,0.03348180399833258,0.9515862164143333
25612,LOF,0.0456094317094201,0.039805391040124684,0.9145851772504551
25613,LOF,0.04372890838308247,0.04124372440396749,0.9150273672129502
25614,LOF,0.021116437829586023,0.026401704924127342,0.9524818572462865
25615,LOF,0.042247364603547985,0.03442989819899164,0.9233227371974604
25616,LOF,0.04511295548429374,0.02665727973090367,0.9282297647848026
25617,LOF,0.04112404022580364,0.037622197565391285,0.9212537622088052
25618,LOF,0.04850397126720936,0.031141678436566428,0.9203543502962243
25619,LOF,0.014452841961395006,0.03024118585154252,0.9553059721870624
25620,LOF,0.061477103460146315,0.03876918446009549,0.8997537120797582
25621,LOF,0.05091990462769158,0.0330991805797825,0.915980914792526
25622,LOF,0.061493461797945535,0.031236665989915258,0.9072698722121392
25623,LOF,0.07189206175452387,0.027002924420478795,0.9011050138249973
25624,LOF,0.01805922392292202,0.03420544399925907,0.947735332077819
25625,LOF,0.06566859117420563,0.040769643162026664,0.8935617656637678
25626,LOF,0.04744186425451893,0.03939342670456846,0.9131647090409125
25627,Neutral,0.8897902177219641,0.024092643895482494,0.08611713838255353
25628,LOF,0.12850315216533825,0.06903013329969625,0.8024667145349655
25629,LOF,0.06301068048161033,0.043964580639645034,0.8930247388787446
25630,LOF,0.26799241711536725,0.07943746160412524,0.6525701212805074
25631,Neutral,0.5365998725967933,0.07052600074107271,0.3928741266621339
25632,LOF,0.02766717030079609,0.061757502042411795,0.910575327656792
25633,LOF,0.20739428715762495,0.033611647539987806,0.7589940653023872
25634,LOF,0.034246465552108626,0.0756900286847877,0.8900635057631037
25635,LOF,0.039617596776486366,0.0410639912994514,0.9193184119240622
25636,LOF,0.039081833925186264,0.465671673787743,0.4952464922870708
25637,GOF,0.07133674969904033,0.474311425886214,0.4543518244147457
25638,LOF,0.044883270173127945,0.279318485423807,0.6757982444030651
25639,LOF,0.0358410654076068,0.34807803009956456,0.6160809044928286
25640,Neutral,0.8152000341027426,0.1411499954184628,0.043649970478794604
25641,LOF,0.050739166049799,0.4492693562124457,0.4999914777377553
25642,LOF,0.03659603246784003,0.14828953920238494,0.815114428329775
25643,LOF,0.19050791595684496,0.16931993077278154,0.6401721532703735
25644,LOF,0.02131105353348586,0.4503255574795692,0.5283633889869449
25645,LOF,0.020493170964906413,0.414656524117686,0.5648503049174075
25646,LOF,0.05845415239857053,0.32977420977640487,0.6117716378250246
25647,LOF,0.022672681993880655,0.26296144402710375,0.7143658739790156
25648,LOF,0.030442573459428347,0.24077522020278663,0.728782206337785
25649,LOF,0.015607151780784843,0.24109973636828655,0.7432931118509286
25650,LOF,0.054891118341412796,0.4180354737547048,0.5270734079038824
25651,LOF,0.018494620513219748,0.2631606937260176,0.7183446857607626
25652,LOF,0.03197407769057543,0.26456791245018496,0.7034580098592396
25653,LOF,0.08519541037263145,0.39807303817663986,0.5167315514507287
25654,LOF,0.02602423577602729,0.1945043921314384,0.7794713720925344
25655,LOF,0.23679573058403267,0.3726913829409978,0.39051288647496957
25656,LOF,0.2915827585190111,0.04461954844527706,0.6637976930357118
25657,LOF,0.0824135682966393,0.05092329347308337,0.8666631382302773
25658,LOF,0.4062304454599135,0.04277753268509172,0.5509920218549949
25659,Neutral,0.5436733417399556,0.06913191711121913,0.3871947411488253
25660,LOF,0.025413714565078335,0.07963955203463516,0.8949467334002865
25661,LOF,0.09258189206087208,0.057309050483018646,0.8501090574561093
25662,LOF,0.03077737381691113,0.03160115068275864,0.9376214755003301
25663,LOF,0.03861812424453683,0.042841326099766416,0.9185405496556969
25664,LOF,0.13731933954982975,0.05440148018418298,0.8082791802659872
25665,LOF,0.0558777036051862,0.02967294010895369,0.91444935628586
25666,LOF,0.08984467016065656,0.07240578342931434,0.8377495464100292
25667,LOF,0.0669244041397187,0.04365643351835268,0.8894191623419287
25668,LOF,0.035879191351454565,0.04494137349408006,0.9191794351544653
25669,LOF,0.03275612490398309,0.05321071241638825,0.9140331626796288
25670,LOF,0.1312019371882379,0.04404700530207616,0.824751057509686
25671,LOF,0.09112397180329225,0.03030814040345433,0.8785678877932535
25672,LOF,0.05575867489219323,0.0395335937936714,0.9047077313141354
25673,LOF,0.08341627538185858,0.03790960510039572,0.8786741195177457
25674,LOF,0.07049583808224791,0.045732689081179154,0.8837714728365729
25675,LOF,0.1222667240572773,0.0436204367096391,0.8341128392330835
25676,LOF,0.018388701361058624,0.04771947201591836,0.933891826623023
25677,LOF,0.025521985641138358,0.0668569898503296,0.907621024508532
25678,LOF,0.1865379158751566,0.05434644599389813,0.7591156381309453
25679,LOF,0.11925079483105526,0.07046051920340707,0.8102886859655376
25680,LOF,0.02920114911912318,0.11002203516509916,0.8607768157157777
25681,LOF,0.04760618661641456,0.10314380416649538,0.8492500092170902
25682,LOF,0.1377802435795278,0.06183636491157725,0.8003833915088949
25683,LOF,0.11912904167914916,0.07998515655270862,0.8008858017681422
25684,LOF,0.03941544837872004,0.06046360592437308,0.9001209456969069
25685,LOF,0.13121800316809895,0.045628462773363666,0.8231535340585373
25686,LOF,0.0739949635397113,0.08718178998293287,0.8388232464773558
25687,LOF,0.11830982662924035,0.07946774772363394,0.8022224256471258
25688,LOF,0.28311099827886865,0.0364100644201401,0.6804789373009913
25689,LOF,0.20876736714919636,0.04604210521969588,0.7451905276311077
25690,LOF,0.35192114139542374,0.03774676605096209,0.6103320925536141
25691,Neutral,0.6895958464679776,0.03396642390931123,0.2764377296227112
25692,LOF,0.27854145108793604,0.010907055632239536,0.7105514932798245
25693,LOF,0.04377390137666313,0.44700846948440215,0.5092176291389348
25694,LOF,0.124305155504343,0.022640713742144023,0.853054130753513
25695,LOF,0.11885238368405066,0.018797176822648715,0.8623504394933005
25696,LOF,0.13029330192684652,0.009929992622852194,0.8597767054503014
25697,LOF,0.11986977959762478,0.026638437496198878,0.8534917829061762
25698,LOF,0.3595775488202507,0.26687151172497814,0.3735509394547711
25699,LOF,0.3960462452751997,0.04761546241540922,0.556338292309391
25700,LOF,0.0494046792493847,0.011155648464695378,0.93943967228592
25701,LOF,0.1643679270168419,0.05911232201813207,0.7765197509650261
25702,GOF,0.1683806559456956,0.5607977484256528,0.27082159562865166
25703,LOF,0.017290514521073774,0.15376665588633978,0.8289428295925865
25704,LOF,0.048523787406035496,0.11949268016981791,0.8319835324241466
25705,LOF,0.05390336740594056,0.1846694270148074,0.761427205579252
25706,LOF,0.0908517859670052,0.3568771884730465,0.5522710255599483
25707,LOF,0.09512350586794086,0.2584175185309403,0.6464589756011189
25708,LOF,0.03213180905726443,0.2473970358258581,0.7204711551168775
25709,LOF,0.05561447943208985,0.038436639772820164,0.9059488807950898
25710,LOF,0.01181647736375167,0.13036448897075964,0.8578190336654887
25711,LOF,0.01830152115962353,0.08811413055390953,0.8935843482864669
25712,LOF,0.013995790798639912,0.17197476027176323,0.8140294489295969
25713,LOF,0.01741828959395548,0.08132265597250227,0.9012590544335424
25714,LOF,0.06686639239500891,0.07556589700408485,0.8575677106009062
25715,LOF,0.010077540927083146,0.1369936154516927,0.8529288436212241
25716,LOF,0.014050201884866711,0.10075299274323304,0.8851968053719003
25717,LOF,0.013464239993269766,0.07628468521986542,0.9102510747868647
25718,LOF,0.011341396761076941,0.09883095244487357,0.8898276507940495
25719,LOF,0.018098708864478806,0.07837164987176193,0.9035296412637592
25720,LOF,0.020351053018598353,0.06908559556247637,0.9105633514189253
25721,LOF,0.014813771296464993,0.10654962731172946,0.8786366013918057
25722,LOF,0.01249627798335077,0.1157624245601093,0.8717412974565399
25723,LOF,0.0209815050945087,0.04341083462543564,0.9356076602800557
25724,LOF,0.022878344044894812,0.08204384416177943,0.8950778117933258
25725,LOF,0.011199675184984948,0.06673472461006098,0.9220656002049541
25726,LOF,0.014162235775477145,0.09372564910447873,0.8921121151200441
25727,LOF,0.01256966127099129,0.08175928462580424,0.9056710541032044
25728,LOF,0.009484509088521303,0.10691513338887951,0.8836003575225991
25729,LOF,0.00986776532257592,0.1074443580596393,0.8826878766177848
25730,LOF,0.013221773976089861,0.07775141516244469,0.9090268108614655
25731,LOF,0.02122452432994853,0.11030532404762056,0.8684701516224309
25732,LOF,0.013962733177475834,0.0853875253525067,0.9006497414700175
25733,LOF,0.015392021094935017,0.07184155210165062,0.9127664268034145
25734,LOF,0.013409182147645995,0.12228889467816437,0.8643019231741897
25735,LOF,0.012425837021809959,0.07678539159795596,0.9107887713802341
25736,LOF,0.012607426716879649,0.10850111182841744,0.8788914614547029
25737,LOF,0.020422393574109736,0.08026060785930297,0.8993169985665872
25738,LOF,0.01294193209223255,0.11232169932559197,0.8747363685821754
25739,LOF,0.018689504510862754,0.07688242118141998,0.9044280743077172
25740,LOF,0.025192025775106774,0.09381477098579849,0.8809932032390948
25741,LOF,0.014538970839745117,0.10234488434326154,0.8831161448169933
25742,LOF,0.1091113528512188,0.07841355881651949,0.8124750883322617
25743,LOF,0.03536231004264663,0.03564109264415913,0.9289965973131942
25744,Neutral,0.5304153849579771,0.23154199266339218,0.2380426223786307
25745,LOF,0.08760706143948459,0.06963118114404819,0.8427617574164672
25746,LOF,0.043687888535144964,0.0824898447465587,0.8738222667182962
25747,LOF,0.023845774382096077,0.04006579845729219,0.9360884271606117
25748,LOF,0.09978121187196708,0.06010396737000798,0.8401148207580249
25749,LOF,0.027271162077497513,0.0786622371640035,0.894066600758499
25750,LOF,0.09267395607351495,0.08684523212230316,0.820480811804182
25751,LOF,0.09524157645034521,0.05616944050680062,0.8485889830428541
25752,GOF,0.10544068362443403,0.6542728826634213,0.24028643371214464
25753,LOF,0.020669016270151327,0.27702251044159465,0.7023084732882541
25754,GOF,0.010584443142601742,0.7571229824984378,0.23229257435896036
25755,LOF,0.023216565599106762,0.3790908160204688,0.5976926183804244
25756,LOF,0.04180226788540769,0.3644325276148746,0.5937652044997177
25757,GOF,0.013703563070165596,0.821456759209337,0.1648396777204975
25758,GOF,0.028749293844109437,0.7988649639864149,0.1723857421694756
25759,GOF,0.011881035350583631,0.5098493272302447,0.47826963741917156
25760,LOF,0.014742077551319979,0.23206902837282112,0.753188894075859
25761,GOF,0.2840519635539191,0.6189539535151682,0.0969940829309127
25762,LOF,0.03791929738070791,0.2553700819726597,0.7067106206466325
25763,LOF,0.013578536961350226,0.19435454247909087,0.792066920559559
25764,GOF,0.07703660542400055,0.5943066731626693,0.3286567214133302
25765,GOF,0.04799746388447419,0.7287551668732397,0.22324736924228603
25766,GOF,0.06154290905527023,0.7838084336840996,0.15464865726063018
25767,GOF,0.17326161268580623,0.4425491676264777,0.384189219687716
25768,LOF,0.08766993647548871,0.06415581559152936,0.8481742479329819
25769,LOF,0.06083659175085615,0.06644731726551331,0.8727160909836306
25770,LOF,0.29431975326385446,0.0818405296463431,0.6238397170898025
25771,LOF,0.0425027171417771,0.044138385672956935,0.913358897185266
25772,LOF,0.01564677133548414,0.03295723924531171,0.9513959894192042
25773,LOF,0.044399716295644265,0.07652983370696721,0.8790704499973885
25774,LOF,0.027630361476115754,0.07256196301375126,0.8998076755101331
25775,LOF,0.045975186763388715,0.046847992715106396,0.907176820521505
25776,LOF,0.06449840912643777,0.025904033178630884,0.9095975576949314
25777,LOF,0.3437507618155565,0.04916472908098905,0.6070845091034545
25778,LOF,0.05827999566759419,0.05108810718463814,0.8906318971477677
25779,GOF,0.3741960311996371,0.5809556945275524,0.044848274272810476
25780,GOF,0.29661391564375983,0.6391641795998266,0.06422190475641354
25781,GOF,0.1388180696193361,0.7642883174993158,0.09689361288134826
25782,GOF,0.1839149945153708,0.7493947063314649,0.06669029915316438
25783,GOF,0.034162948538042255,0.6567411876157396,0.30909586384621807
25784,Neutral,0.49266074408889654,0.47022097860422923,0.03711827730687425
25785,GOF,0.3763786383103926,0.5877992825256848,0.03582207916392255
25786,GOF,0.025826963603537933,0.7645896078165629,0.2095834285798992
25787,Neutral,0.6455158615683863,0.32947467486584936,0.025009463565764434
25788,LOF,0.04597394021266037,0.10228453777338756,0.851741522013952
25789,GOF,0.20005663415636932,0.6559028821206317,0.14404048372299888
25790,GOF,0.19592561528605495,0.705135571361643,0.09893881335230219
25791,GOF,0.14331165580499902,0.6955485915655879,0.16113975262941305
25792,GOF,0.3121958693284821,0.5650126474147519,0.1227914832567661
25793,GOF,0.2518521645424993,0.5641117887811858,0.18403604667631493
25794,GOF,0.2903096407150902,0.5450239134278508,0.16466644585705908
25795,GOF,0.07340742206946513,0.7084816471045036,0.21811093082603134
25796,Neutral,0.5324817563716244,0.3954515803143965,0.07206666331397919
25797,GOF,0.09328173449624251,0.5621302963429193,0.34458796916083817
25798,GOF,0.009917635662786807,0.5124974535649602,0.47758491077225296
25799,LOF,0.007511588710851446,0.402426909547661,0.5900615017414875
25800,GOF,0.03220293270121046,0.6045928352552605,0.36320423204352914
25801,GOF,0.18258018396028566,0.7047889932658759,0.11263082277383862
25802,GOF,0.07707217085521426,0.6973099176195414,0.22561791152524438
25803,GOF,0.038029827509787624,0.5832144197371975,0.37875575275301493
25804,GOF,0.035908459437596386,0.4986935930462095,0.46539794751619423
25805,GOF,0.10105355521024874,0.6020165734592062,0.296929871330545
25806,GOF,0.09899102439831763,0.593255220464588,0.3077537551370943
25807,GOF,0.0217021867346275,0.6503615066474986,0.3279363066178739
25808,GOF,0.08091900079824635,0.6604459879529104,0.2586350112488432
25809,GOF,0.01756712549440958,0.6009840528020638,0.3814488217035265
25810,GOF,0.016909144989796725,0.6385063210994141,0.3445845339107892
25811,GOF,0.4368703375028948,0.48854501656781313,0.07458464592929206
25812,GOF,0.029675070298767748,0.639135801808973,0.3311891278922593
25813,Neutral,0.5216981119786605,0.38899822901367587,0.08930365900766359
25814,GOF,0.10973960298088938,0.6642595733057737,0.2260008237133369
25815,GOF,0.19790980363700222,0.6207039902973776,0.1813862060656203
25816,GOF,0.024273896576944468,0.7296919430651811,0.24603416035787434
25817,GOF,0.2301518627482566,0.6392600185024838,0.13058811874925966
25818,GOF,0.054548001808366046,0.6590115831440347,0.28644041504759915
25819,GOF,0.36174992968432546,0.5049661548277484,0.1332839154879261
25820,GOF,0.1817223412461688,0.6159011838931677,0.20237647486066354
25821,GOF,0.059269404926249325,0.6854510878168927,0.255279507256858
25822,GOF,0.23147743953052505,0.5787074537061161,0.18981510676335892
25823,GOF,0.034221077875401955,0.5329867056750747,0.4327922164495233
25824,GOF,0.09772344409766982,0.6164332405469031,0.28584331535542706
25825,GOF,0.04002058141150888,0.617779497304627,0.3421999212838642
25826,GOF,0.016947965815314294,0.5999571544063922,0.3830948797782935
25827,GOF,0.02594707030885073,0.6068551565852772,0.3671977731058719
25828,GOF,0.013907895755661311,0.5340870186230308,0.4520050856213079
25829,GOF,0.006230875818312743,0.5777595290387664,0.4160095951429208
25830,LOF,0.03408520387564011,0.2934118005143152,0.6725029956100447
25831,GOF,0.2255466381113693,0.6664468296697542,0.10800653221887659
25832,GOF,0.02881345419552841,0.7171605609833009,0.25402598482117067
25833,GOF,0.10560820932448149,0.7395898004345405,0.15480199024097802
25834,GOF,0.030051194749673674,0.740825751972292,0.22912305327803453
25835,GOF,0.06190969710040514,0.7851235998962803,0.15296670300331466
25836,GOF,0.030084375777363323,0.7088479083443348,0.26106771587830196
25837,GOF,0.026964315331556868,0.6266369844318184,0.34639870023662495
25838,GOF,0.0866234827438084,0.7766749006343586,0.13670161662183283
25839,GOF,0.26769746345153433,0.5985323716243193,0.13377016492414637
25840,GOF,0.24581190720962345,0.6220160505328753,0.13217204225750123
25841,GOF,0.2268004985332835,0.6373987222973106,0.1358007791694059
25842,GOF,0.1280936608160018,0.7546557536670737,0.11725058551692454
25843,GOF,0.18850231623042732,0.7253633582601345,0.08613432550943809
25844,GOF,0.058761958040632896,0.7569454074770031,0.18429263448236397
25845,GOF,0.016432023113739147,0.5412931592741037,0.4422748176121571
25846,GOF,0.12257643454804502,0.7487327403240299,0.128690825127925
25847,GOF,0.08590804144976591,0.8198204025835959,0.09427155596663822
25848,GOF,0.0358916749655014,0.7186866697071589,0.24542165532733964
25849,GOF,0.01059885646419813,0.631796877308124,0.3576042662276777
25850,GOF,0.021483203499439482,0.682416414190386,0.29610038231017455
25851,GOF,0.01741984125971626,0.5734358418536035,0.4091443168866802
25852,GOF,0.16384997726422393,0.5673862971681155,0.2687637255676605
25853,GOF,0.33707077224213217,0.5906701833869638,0.07225904437090423
25854,GOF,0.021761293268916584,0.6255897584420013,0.3526489482890823
25855,GOF,0.033865019851510844,0.5581652434496999,0.4079697366987893
25856,GOF,0.238645101318751,0.5655051360479052,0.1958497626333436
25857,GOF,0.03986249208657066,0.5165168430935776,0.44362066481985185
25858,GOF,0.021764774038187187,0.5233325057805539,0.4549027201812589
25859,GOF,0.011081939618479164,0.4956210378935282,0.4932970224879927
25860,GOF,0.34673552371850125,0.5751749621835683,0.0780895140979303
25861,GOF,0.4117478254966419,0.5257874235150737,0.06246475098828448
25862,GOF,0.07423158080900982,0.7869616135782264,0.13880680561276376
25863,GOF,0.0721690874298251,0.7961108306997764,0.1317200818703985
25864,GOF,0.18065248986007582,0.7481306446660997,0.07121686547382458
25865,GOF,0.08324205408421863,0.8024242850223101,0.11433366089347129
25866,GOF,0.05412548618505637,0.7914931667560564,0.15438134705888706
25867,GOF,0.08423669920784674,0.8186936826397039,0.0970696181524496
25868,GOF,0.26625487021315924,0.6375930379255748,0.09615209186126593
25869,Neutral,0.7290278312940686,0.23015795613143208,0.040814212574499326
25870,GOF,0.2821045675977428,0.4155644142859515,0.30233101811630586
25871,GOF,0.20690545849561476,0.6674340607313719,0.1256604807730133
25872,GOF,0.06931914335901689,0.6637264940244268,0.2669543626165563
25873,GOF,0.09755494705769845,0.7060060401859124,0.19643901275638911
25874,LOF,0.014048079149697405,0.10877995350006311,0.8771719673502395
25875,LOF,0.08449400297463773,0.047179540936298885,0.8683264560890633
25876,LOF,0.03731319216398294,0.03234507701026774,0.9303417308257493
25877,Neutral,0.5005168805746266,0.04534114244415769,0.45414197698121567
25878,LOF,0.22651209743869943,0.10061663518716259,0.672871267374138
25879,LOF,0.09012740585370592,0.09555415383166231,0.8143184403146319
25880,LOF,0.04055347915987643,0.01550560633098997,0.9439409145091336
25881,LOF,0.1564438456050254,0.1234421762965968,0.7201139780983778
25882,LOF,0.059661913660040575,0.015396720505688355,0.9249413658342711
25883,LOF,0.06608126745721347,0.01809290990395293,0.9158258226388337
25884,LOF,0.03276291196040067,0.029315352935398758,0.9379217351042006
25885,LOF,0.06283422696192822,0.011934164601350612,0.9252316084367211
25886,LOF,0.2577780438860448,0.036948487678875534,0.7052734684350797
25887,LOF,0.1483419064092505,0.07078197031512312,0.7808761232756263
25888,LOF,0.06428606338402931,0.0615582883625945,0.8741556482533762
25889,LOF,0.03983086552963006,0.019753445480022412,0.9404156889903474
25890,LOF,0.052786426034318046,0.14481706548802553,0.8023965084776564
25891,LOF,0.039143773733322375,0.0485817036258557,0.912274522640822
25892,LOF,0.08588398800364373,0.02418612358100616,0.8899298884153501
25893,LOF,0.24978081176798372,0.01994630803951734,0.7302728801924989
25894,LOF,0.17783916622555318,0.012540299132944167,0.8096205346415026
25895,LOF,0.20461609714760448,0.024439791682089877,0.7709441111703057
25896,LOF,0.049831533431024456,0.023535868548186192,0.9266325980207892
25897,LOF,0.24657557278186726,0.01723764169642148,0.7361867855217112
25898,Neutral,0.7326503683041952,0.011320355136343037,0.2560292765594618
25899,LOF,0.21297955064120427,0.025536478632871815,0.761483970725924
25900,LOF,0.45938301862738573,0.01237905058907458,0.5282379307835396
25901,LOF,0.050310693440336764,0.011884415700640296,0.937804890859023
25902,LOF,0.1690530849475595,0.014142203153477044,0.8168047118989634
25903,Neutral,0.5732873206262034,0.030229830161887274,0.3964828492119094
25904,LOF,0.30804958226069473,0.045423078225702206,0.6465273395136031
25905,LOF,0.025533278603335745,0.3547245370631885,0.6197421843334757
25906,LOF,0.029613123579996608,0.08871403013272507,0.8816728462872783
25907,LOF,0.01418444548406152,0.34351174174015886,0.6423038127757795
25908,LOF,0.00975678508359656,0.27038844930969125,0.7198547656067121
25909,LOF,0.012713266456457501,0.13661529474250103,0.8506714388010415
25910,LOF,0.05252049765801085,0.13286848046113833,0.8146110218808508
25911,LOF,0.18991198401508536,0.02797186328101114,0.7821161527039036
25912,LOF,0.042483685303885174,0.056857499039494726,0.9006588156566202
25913,LOF,0.33572782316924155,0.025748429616343705,0.6385237472144147
25914,LOF,0.021191854970950393,0.05154513373066017,0.9272630112983893
25915,Neutral,0.5899141743649485,0.13838061592544157,0.27170520970960993
25916,LOF,0.08835860075121822,0.22362385472167046,0.6880175445271113
25917,LOF,0.06581375975311261,0.03641747993121871,0.8977687603156688
25918,LOF,0.023627382987144736,0.030839322534010002,0.9455332944788453
25919,LOF,0.02052398393760673,0.03358332177926285,0.9458926942831304
25920,GOF,0.11329051362956744,0.5342059541115592,0.3525035322588733
25921,LOF,0.02677154634140003,0.03513119478912724,0.9380972588694728
25922,LOF,0.0351775231937091,0.024378534660400943,0.9404439421458899
25923,Neutral,0.48409504336041165,0.03328088330939666,0.48262407333019175
25924,LOF,0.038780662015735226,0.04277420123277798,0.9184451367514868
25925,LOF,0.07429482324990301,0.03835041935008562,0.8873547574000112
25926,LOF,0.05221480499641553,0.03514678320197521,0.9126384118016092
25927,LOF,0.06019131151651433,0.1609520849689929,0.7788566035144927
25928,LOF,0.01896671427688977,0.056554331301593604,0.9244789544215167
25929,Neutral,0.6059650009670102,0.03568883284955955,0.3583461661834302
25930,LOF,0.07476488033890955,0.02894605558473146,0.8962890640763589
25931,LOF,0.02519423177809566,0.034410825910669504,0.9403949423112349
25932,LOF,0.02958968527744042,0.027778769352116702,0.9426315453704429
25933,LOF,0.03825568578543844,0.016005952099864742,0.9457383621146968
25934,LOF,0.024329914625610446,0.018191455707699658,0.9574786296666898
25935,LOF,0.06455521525658087,0.04852907529833799,0.8869157094450811
25936,LOF,0.04464788129668859,0.023645354083409557,0.931706764619902
25937,LOF,0.02728854116838664,0.03775384766527374,0.9349576111663396
25938,LOF,0.06750101730317631,0.0528930550661257,0.879605927630698
25939,LOF,0.040503487021689794,0.018109069130450527,0.9413874438478598
25940,LOF,0.037173070470749726,0.3497759176636518,0.6130510118655984
25941,LOF,0.18276416783652155,0.10743832446042681,0.7097975077030516
25942,LOF,0.013208276070044118,0.03222907187771277,0.9545626520522432
25943,LOF,0.31587523742870177,0.06292543323279857,0.6211993293384995
25944,LOF,0.48283741629714955,0.0247947119508494,0.4923678717520011
25945,LOF,0.07432423970108204,0.01856437164753534,0.9071113886513825
25946,LOF,0.03262302643392474,0.09940153508256416,0.8679754384835111
25947,LOF,0.11865919643019988,0.18174384430622073,0.6995969592635795
25948,LOF,0.35579440514322885,0.00855744460689442,0.6356481502498768
25949,LOF,0.11835420555387217,0.03508697597886224,0.8465588184672657
25950,Neutral,0.35335381870903954,0.31901344097702367,0.3276327403139368
25951,LOF,0.19099167683948873,0.27327731047318915,0.535731012687322
25952,LOF,0.04491249278400326,0.4383967067692931,0.5166908004467036
25953,LOF,0.16020561900014657,0.10400379932645196,0.7357905816734015
25954,LOF,0.4017825315625968,0.1798762154371752,0.418341253000228
25955,LOF,0.0633853897330744,0.08209915839910081,0.8545154518678247
25956,LOF,0.15742262261798431,0.1220085618754923,0.7205688155065234
25957,LOF,0.038674062612551206,0.029789942076211724,0.931535995311237
25958,LOF,0.053663839643427726,0.02671955766204292,0.9196166026945294
25959,LOF,0.06861870956372297,0.34551430622661833,0.5858669842096585
25960,LOF,0.015381300484047922,0.05212684230997281,0.9324918572059793
25961,LOF,0.040859115898886,0.027529153091418266,0.9316117310096956
25962,LOF,0.054459573472671455,0.030709652587494345,0.9148307739398341
25963,LOF,0.04484940025195549,0.20683442862621712,0.7483161711218272
25964,LOF,0.030830271463916026,0.14553484589844715,0.8236348826376368
25965,LOF,0.45610861342114656,0.06374342891746065,0.4801479576613926
25966,Neutral,0.5171843654107634,0.16693902988729825,0.31587660470193824
25967,LOF,0.016842232682321545,0.10715805248678727,0.8759997148308911
25968,LOF,0.03357793115298182,0.3879890157349149,0.5784330531121032
25969,LOF,0.03889587443776523,0.05958787294000468,0.90151625262223
25970,LOF,0.05881634794936688,0.05631388956189822,0.884869762488735
25971,LOF,0.06366298524983574,0.021685082056389443,0.9146519326937749
25972,LOF,0.06149891938754247,0.03168905154870248,0.906812029063755
25973,LOF,0.08047143068532248,0.009728940404474449,0.9097996289102032
25974,LOF,0.18536707237010303,0.014717210152866464,0.7999157174770304
25975,LOF,0.04473401707390393,0.025396877913661308,0.9298691050124347
25976,LOF,0.04321423915555469,0.015095047835504137,0.9416907130089412
25977,LOF,0.14889248150551035,0.08039342590825686,0.7707140925862328
25978,LOF,0.15022454201400806,0.0955140501104112,0.7542614078755807
25979,LOF,0.13089924767493893,0.10065747420016534,0.7684432781248958
25980,LOF,0.21077387090650418,0.12018202201572276,0.6690441070777732
25981,LOF,0.23923043930242852,0.11847829789942355,0.642291262798148
25982,LOF,0.3989113424009951,0.07932195791119145,0.5217666996878135
25983,LOF,0.36867342573275513,0.08614492840681966,0.5451816458604252
25984,LOF,0.046712430478095236,0.05021180913341551,0.9030757603884892
25985,LOF,0.034647535494012685,0.2738577131354717,0.6914947513705156
25986,LOF,0.04945897885506285,0.3210602938952069,0.6294807272497303
25987,LOF,0.08968336759922489,0.07506235314917055,0.8352542792516046
25988,LOF,0.15293778881602363,0.06361130149965344,0.7834509096843228
25989,LOF,0.034470335818448494,0.12922596664013478,0.8363036975414168
25990,LOF,0.03876181126969185,0.18321056658465246,0.7780276221456557
25991,LOF,0.12791077165682438,0.23909262255048752,0.6329966057926881
25992,LOF,0.29318389465755723,0.1527181697946922,0.5540979355477506
25993,LOF,0.022268254259912686,0.07954125026398771,0.8981904954760995
25994,LOF,0.018493960936544773,0.08116183792168513,0.9003442011417702
25995,LOF,0.024040743759156415,0.17279613773826671,0.8031631185025769
25996,Neutral,0.3599735183811687,0.3575952169210112,0.28243126469782004
25997,LOF,0.09387758725445171,0.3799475544363814,0.5261748583091669
25998,Neutral,0.5280271854966074,0.02682007162949492,0.4451527428738977
25999,LOF,0.09887432206935275,0.09840907434562067,0.8027166035850266
26000,LOF,0.13180559685782342,0.0442091648131786,0.8239852383289981
26001,LOF,0.19720348529771478,0.05166530407912217,0.7511312106231631
26002,LOF,0.1135338912831857,0.04038852965683085,0.8460775790599835
26003,GOF,0.010841970778202231,0.5825832634414505,0.40657476578034735
26004,GOF,0.021037802289983094,0.6912394920381855,0.28772270567183145
26005,LOF,0.006334026487126662,0.4485614010523663,0.5451045724605071
26006,Neutral,0.5198847771588572,0.24039671590947123,0.23971850693167154
26007,GOF,0.022688799154335495,0.5154541244788323,0.4618570763668322
26008,GOF,0.018050529490341697,0.6266342231369765,0.35531524737268183
26009,GOF,0.018408624742266906,0.6784646097293038,0.30312676552842927
26010,GOF,0.021899823258503825,0.6359581016821109,0.3421420750593854
26011,LOF,0.006485898806031487,0.42133323086588265,0.572180870328086
26012,GOF,0.012275994151821068,0.5561088176655803,0.43161518818259864
26013,GOF,0.019809466896152005,0.6050166382724527,0.3751738948313952
26014,LOF,0.03973644770245653,0.12019066632135765,0.8400728859761858
26015,LOF,0.14812076380018047,0.015283205496842988,0.8365960307029765
26016,LOF,0.19537007544352256,0.06752336688176286,0.7371065576747146
26017,LOF,0.1977360381732282,0.09943356970184368,0.7028303921249281
26018,LOF,0.07741468090882905,0.041508822673015776,0.8810764964181551
26019,LOF,0.07413857850620041,0.032406307008492445,0.8934551144853071
26020,LOF,0.06191107919292688,0.1072928298890015,0.8307960909180716
26021,LOF,0.04220415942656067,0.11457569262306704,0.8432201479503723
26022,LOF,0.011015865128545117,0.04014446102387124,0.9488396738475837
26023,LOF,0.06627610327553989,0.025065517947545603,0.9086583787769145
26024,LOF,0.027768998103017823,0.1186332773858784,0.8535977245111038
26025,LOF,0.14933150966048878,0.10092202975688853,0.7497464605826226
26026,LOF,0.33701057697365605,0.032558832143898764,0.6304305908824452
26027,LOF,0.0591712961854968,0.020279783048384153,0.9205489207661192
26028,LOF,0.18285549045448524,0.06351993396650156,0.7536245755790132
26029,LOF,0.0678486823440225,0.15554470662770317,0.7766066110282743
26030,LOF,0.02199580134352621,0.037189494141684945,0.9408147045147888
26031,LOF,0.02638064894318712,0.11517989699281653,0.8584394540639965
26032,LOF,0.06675812219422343,0.049237615753463526,0.8840042620523131
26033,LOF,0.08502250506138864,0.048918472621327105,0.8660590223172844
26034,LOF,0.04076641574915878,0.13515173030897995,0.8240818539418613
26035,LOF,0.02486136156244932,0.12701947504851904,0.8481191633890316
26036,LOF,0.036632213694900786,0.14684868383511107,0.8165191024699883
26037,LOF,0.021101550211454132,0.10215894171472009,0.8767395080738257
26038,LOF,0.06269790731621128,0.04996199373915113,0.8873400989446375
26039,LOF,0.050887132103698524,0.12646681963570444,0.822646048260597
26040,LOF,0.21182982192464858,0.10182634115805343,0.686343836917298
26041,LOF,0.02233246875297339,0.09354083103262005,0.8841267002144065
26042,LOF,0.020256399709620163,0.0889169438464585,0.8908266564439213
26043,LOF,0.06362835905629889,0.05776893068712628,0.8786027102565748
26044,LOF,0.01927983021761294,0.0467419025649239,0.9339782672174631
26045,LOF,0.0717302014696438,0.08175180383480533,0.846517994695551
26046,LOF,0.05948132908592751,0.04876497136556325,0.8917536995485092
26047,LOF,0.07926660707737296,0.05162087043196976,0.8691125224906572
26048,LOF,0.04708392013867327,0.03211458537923794,0.9208014944820888
26049,Neutral,0.9677696324180106,0.005388417561119881,0.026841950020869525
26050,Neutral,0.9520297002979823,0.006812987583146004,0.04115731211887162
26051,LOF,0.04693894764801924,0.2838767368647173,0.6691843154872634
26052,LOF,0.062350125653619574,0.3329005989498563,0.6047492753965241
26053,LOF,0.06684244979398371,0.1328731585629373,0.800284391643079
26054,LOF,0.051610187196295024,0.01734979905533726,0.9310400137483676
26055,LOF,0.07138518265859618,0.016151639721425436,0.9124631776199783
26056,LOF,0.06211019171849667,0.01810055945507449,0.9197892488264289
26057,LOF,0.031231149234555017,0.011909905374697778,0.9568589453907472
26058,LOF,0.03218374491241704,0.009748325583367903,0.9580679295042152
26059,LOF,0.2751932539283745,0.019847159950187026,0.7049595861214384
26060,LOF,0.045811723980256736,0.1790706604866675,0.7751176155330757
26061,LOF,0.016588727956540098,0.011965501012637898,0.9714457710308221
26062,LOF,0.010106831128690175,0.01644271866270124,0.9734504502086084
26063,LOF,0.02009833931102535,0.010008533131510677,0.969893127557464
26064,LOF,0.02194302174695155,0.023567891279184846,0.9544890869738637
26065,LOF,0.025692107032885308,0.010957148526484438,0.9633507444406302
26066,LOF,0.02064975613523218,0.009828552578395306,0.9695216912863726
26067,LOF,0.027551865356031616,0.008153111963071336,0.964295022680897
26068,LOF,0.043997731028541924,0.027415170449336477,0.9285870985221215
26069,LOF,0.26348698206630977,0.018526417757712396,0.7179866001759778
26070,LOF,0.3963071594019797,0.016417499564117175,0.5872753410339031
26071,LOF,0.019802590286560638,0.011286544499985292,0.968910865213454
26072,LOF,0.01782333508124086,0.01984235319338112,0.962334311725378
26073,LOF,0.019229825566064597,0.013668898382611639,0.9671012760513237
26074,Neutral,0.9188652470034928,0.005991363949981946,0.07514338904652537
26075,LOF,0.04620439855957287,0.013680584797040872,0.9401150166433864
26076,LOF,0.03712852857102645,0.008277979975247601,0.954593491453726
26077,LOF,0.009300482914160555,0.013274357283195431,0.9774251598026441
26078,LOF,0.014611220085610504,0.01094327063245467,0.974445509281935
26079,LOF,0.06273490823335438,0.015701835268452195,0.9215632564981934
26080,LOF,0.061929646245297974,0.015776523778894776,0.9222938299758073
26081,LOF,0.0329710852990871,0.006075075414248475,0.9609538392866643
26082,LOF,0.013791156038198154,0.013467996418756263,0.9727408475430457
26083,LOF,0.1812640860863424,0.013630535841521357,0.8051053780721362
26084,LOF,0.044804948800895784,0.010998785259045879,0.9441962659400583
26085,LOF,0.039843392302094285,0.01046713128632038,0.9496894764115854
26086,LOF,0.020660953340470502,0.010544807667056585,0.968794238992473
26087,LOF,0.022883109227630826,0.008338183837313473,0.9687787069350557
26088,LOF,0.01714072450787797,0.0244119306202022,0.9584473448719197
26089,LOF,0.04242463197259962,0.020577686915925424,0.9369976811114749
26090,LOF,0.0421888176524967,0.01696605333746564,0.9408451290100377
26091,LOF,0.03192353904982048,0.005810942889605616,0.9622655180605739
26092,LOF,0.02201835124460808,0.0077165360514134486,0.9702651127039785
26093,LOF,0.032918860988665415,0.005784754384817376,0.9612963846265172
26094,LOF,0.034367505336067486,0.005609108394916193,0.9600233862690163
26095,LOF,0.039625405461751105,0.01463123215767426,0.9457433623805747
26096,LOF,0.018321728723010855,0.011065616625276206,0.970612654651713
26097,LOF,0.012105664382564742,0.03578311513717976,0.9521112204802554
26098,LOF,0.08064423588323208,0.01223694171307671,0.9071188224036912
26099,LOF,0.020557977837780062,0.011729556052731143,0.9677124661094889
26100,LOF,0.022604862968652054,0.01131730051304474,0.9660778365183031
26101,LOF,0.04575980268417873,0.016707598452266402,0.937532598863555
26102,LOF,0.019750392219151203,0.013134753775358622,0.9671148540054901
26103,Neutral,0.8793970803376625,0.01784311828464121,0.10275980137769633
26104,LOF,0.08207411888950501,0.02273749015592898,0.895188390954566
26105,LOF,0.2097205351825106,0.2623069319419197,0.5279725328755697
26106,LOF,0.1750567900438347,0.13052144381501632,0.6944217661411489
26107,LOF,0.2553345502332008,0.07867787554600313,0.665987574220796
26108,LOF,0.2453628273061567,0.09324429439552336,0.66139287829832
26109,LOF,0.07546402114138967,0.06272907585518844,0.8618069030034219
26110,LOF,0.21422439745557534,0.0068440624128250725,0.7789315401315996
26111,Neutral,0.5009330532643432,0.025291910542013636,0.4737750361936432
26112,LOF,0.03670860051000901,0.0068812804616751105,0.9564101190283159
26113,LOF,0.06679270980176062,0.014878250256546181,0.9183290399416931
26114,LOF,0.0251487966017834,0.02725208151080158,0.9475991218874151
26115,LOF,0.08649947591479552,0.0467082576873627,0.8667922663978418
26116,LOF,0.05962458473591777,0.05542812489451335,0.884947290369569
26117,LOF,0.45033003566857044,0.03780318178928956,0.51186678254214
26118,LOF,0.034341261175996785,0.021737264398556378,0.9439214744254467
26119,LOF,0.02350107246546003,0.032807619532831025,0.9436913080017089
26120,LOF,0.024633668157089818,0.01657331242992202,0.9587930194129882
26121,LOF,0.04126846017699413,0.0779126137125713,0.8808189261104347
