feature0,prediction,LoGoFunc_Neutral,LoGoFunc_GOF,LoGoFunc_LOF
25546,Neutral,0.5977835363792297,0.055086148464510744,0.3471303151562596
25547,Neutral,0.49782120508771194,0.08438706662521055,0.4177917282870775
25548,Neutral,0.5107325775921256,0.07995387581668595,0.40931354659118846
25549,LOF,0.45435337166186757,0.07598280425676764,0.4696638240813647
25550,LOF,0.3774825151761051,0.08332929315173232,0.5391881916721626
25551,LOF,0.3261039291735043,0.08951165303638776,0.5843844177901079
25552,LOF,0.2984725007046534,0.0982886194292761,0.6032388798660705
25553,Neutral,0.783472501933514,0.0465719070959914,0.16995559097049448
25554,LOF,0.31727190303282904,0.09070038653877248,0.5920277104283985
25555,LOF,0.26990789484603644,0.09231536052883929,0.6377767446251242
25556,LOF,0.44163816802233125,0.08215465541248206,0.47620717656518663
25557,LOF,0.26250530994017907,0.08780682302882298,0.6496878670309979
25558,LOF,0.3168032255562176,0.08537043659841315,0.5978263378453692
25559,LOF,0.24427641250828952,0.028849812815819605,0.7268737746758908
25560,LOF,0.0974527506218839,0.15195036207627624,0.7505968873018398
25561,LOF,0.08160956747538224,0.2501040099129538,0.668286422611664
25562,LOF,0.03417253950844461,0.10802607520149997,0.8578013852900555
25563,LOF,0.006646740941719698,0.21000033389118916,0.7833529251670912
25564,LOF,0.07325537033082556,0.10361660101419991,0.8231280286549746
25565,LOF,0.19685079191456736,0.12612697052100855,0.677022237564424
25566,GOF,0.07567525976825898,0.8013840931672757,0.12294064706446536
25567,LOF,0.048400715614196614,0.1771246798231541,0.7744746045626494
25568,LOF,0.062240223940269616,0.12275750062178566,0.8150022754379447
25569,LOF,0.0648992112016014,0.1221219377500725,0.8129788510483261
25570,LOF,0.026457880892006506,0.16431812806596513,0.8092239910420285
25571,LOF,0.02618359244705706,0.1691808971871084,0.8046355103658346
25572,LOF,0.05344773288035375,0.2490369379692667,0.6975153291503795
25573,LOF,0.06964274229556908,0.15803773942175478,0.7723195182826761
25574,LOF,0.08778424498902437,0.26894383114931386,0.6432719238616618
25575,LOF,0.025742233804615773,0.18776416523691702,0.7864936009584672
25576,LOF,0.02566514724673745,0.2974768906644412,0.6768579620888214
25577,LOF,0.027572303846417057,0.21530799500469522,0.7571197011488877
25578,LOF,0.2992265992558775,0.1198530183193039,0.5809203824248185
25579,LOF,0.2117035668425767,0.11751448205139282,0.6707819511060304
25580,LOF,0.024804443234873408,0.11348077580745379,0.8617147809576727
25581,LOF,0.046851304254776675,0.13784842024580163,0.8153002754994216
25582,LOF,0.04661587991089646,0.13510164195025645,0.818282478138847
25583,LOF,0.03276940200394017,0.12976501428231538,0.8374655837137445
25584,Neutral,0.6868400693923817,0.1441905456766578,0.16896938493096048
25585,LOF,0.025142159194493217,0.23262775883347836,0.7422300819720284
25586,LOF,0.023103785103455662,0.14718872396477883,0.8297074909317655
25587,LOF,0.022414994430532575,0.14854591976282142,0.829039085806646
25588,LOF,0.02798088770543198,0.11486117790123804,0.85715793439333
25589,Neutral,0.5621814561691989,0.22766029770212484,0.21015824612867628
25590,LOF,0.05810164450124758,0.16977410979535465,0.7721242457033979
25591,LOF,0.10276168984175384,0.11102095232807031,0.7862173578301759
25592,LOF,0.08671885331627033,0.2281214371672685,0.6851597095164611
25593,LOF,0.13576793327265307,0.3826608309811735,0.48157123574617333
25594,LOF,0.04210880102664959,0.043578297313291076,0.9143129016600594
25595,LOF,0.041064021675480004,0.02394706236625346,0.9349889159582665
25596,LOF,0.1139527902131351,0.01545394351636209,0.8705932662705029
25597,LOF,0.08766515624316751,0.016245119423258098,0.8960897243335745
25598,LOF,0.044602446587374424,0.025839750973932464,0.9295578024386931
25599,LOF,0.03297225720978399,0.3678930302727433,0.5991347125174727
25600,LOF,0.1711927955019158,0.3635955062905484,0.4652116982075359
25601,LOF,0.052361547745528474,0.2977189443857311,0.6499195078687403
25602,LOF,0.02590043376654532,0.07202186391159814,0.9020777023218566
25603,LOF,0.052923987598947314,0.08359278109232166,0.8634832313087311
25604,LOF,0.05360789471628916,0.13749767944011057,0.8088944258436003
25605,LOF,0.04388816933826415,0.19382272237788703,0.7622891082838489
25606,Neutral,0.38280428250939863,0.2813405096697849,0.33585520782081646
25607,LOF,0.030681416281047317,0.2681286176000103,0.7011899661189425
25608,LOF,0.05056241112741114,0.07487864172253221,0.8745589471500567
25609,GOF,0.19779966474810504,0.5245727624489144,0.27762757280298056
25610,LOF,0.02263448280558138,0.09760681180826068,0.8797587053861579
25611,LOF,0.015978457962422466,0.10366582990285014,0.8803557121347273
25612,LOF,0.05951278549969211,0.1184790047182536,0.8220082097820544
25613,LOF,0.05183739546463546,0.11547838279753003,0.8326842217378344
25614,LOF,0.025691759992795066,0.0923562819338138,0.8819519580733911
25615,LOF,0.05967447379718522,0.07736729708029924,0.8629582291225154
25616,LOF,0.06070701800971115,0.10769052072348408,0.8316024612668047
25617,LOF,0.04851688630738026,0.10770121739278678,0.8437818962998329
25618,LOF,0.061894682619516625,0.20021438082108411,0.7378909365593993
25619,LOF,0.015538436791517571,0.14112852297099063,0.8433330402374919
25620,LOF,0.048099803246890845,0.10775216422938208,0.8441480325237272
25621,LOF,0.08482764766494907,0.09373515341092999,0.8214371989241209
25622,LOF,0.09044002411809984,0.11408540538916602,0.7954745704927341
25623,LOF,0.07452687750984988,0.09990551405257887,0.8255676084375713
25624,LOF,0.023567091340555263,0.08919916395154799,0.8872337447078967
25625,LOF,0.07551317882297817,0.10185898566220782,0.8226278355148141
25626,LOF,0.060455941216736454,0.10270966007911399,0.8368343987041496
25627,Neutral,0.8880018643029939,0.02149264595000522,0.09050548974700086
25628,LOF,0.1892225177282051,0.05401474079681618,0.7567627414749787
25629,LOF,0.06650522812529533,0.06486030901057034,0.8686344628641343
25630,LOF,0.33281142740399683,0.06189321808251914,0.605295354513484
25631,Neutral,0.5337907764954547,0.0383696032565003,0.427839620248045
25632,LOF,0.030901888522279257,0.15685766042016072,0.81224045105756
25633,LOF,0.1936559765750781,0.09291780274235939,0.7134262206825625
25634,LOF,0.04102661344637156,0.14881367794601613,0.8101597086076124
25635,LOF,0.03400423935252427,0.06905304808039778,0.8969427125670779
25636,GOF,0.03589791412720406,0.551762501389588,0.4123395844832079
25637,GOF,0.03401502427218156,0.5520296118873198,0.4139553638404987
25638,LOF,0.01906552184716035,0.46515956582015056,0.515774912332689
25639,LOF,0.02748140821228817,0.4217477160714478,0.550770875716264
25640,Neutral,0.7956612947455622,0.15323691151997126,0.05110179373446643
25641,LOF,0.1016012432099831,0.3282275700072119,0.570171186782805
25642,LOF,0.09496244465051704,0.185798075012313,0.71923948033717
25643,LOF,0.32359028073144386,0.1154338494281003,0.5609758698404558
25644,GOF,0.010794704202649625,0.6518890047517156,0.33731629104563476
25645,GOF,0.013190489177844633,0.6035389614800833,0.383270549342072
25646,LOF,0.018917437912604515,0.39734119369344656,0.5837413683939489
25647,LOF,0.009457737925301135,0.31778052829105474,0.6727617337836441
25648,LOF,0.013726262504442576,0.36855638047367717,0.6177173570218804
25649,LOF,0.008388300879357793,0.2769544216948778,0.7146572774257645
25650,GOF,0.03787959087008677,0.5847490463888596,0.3773713627410537
25651,LOF,0.011417700058478364,0.3857977139134378,0.6027845860280837
25652,LOF,0.010765343083069723,0.43362550637086156,0.5556091505460687
25653,GOF,0.04435415391973835,0.5833099005571093,0.37233594552315247
25654,LOF,0.011591017156909472,0.33451892830717167,0.653890054535919
25655,GOF,0.11767622477559014,0.6460190287763443,0.23630474644806554
25656,LOF,0.2089694425286182,0.0735753442588576,0.7174552132125243
25657,LOF,0.0304654009332537,0.07606277626908757,0.8934718227976588
25658,LOF,0.2653508567619076,0.10779617799765794,0.6268529652404343
25659,LOF,0.40195217054503923,0.13042527405049528,0.4676225554044654
25660,LOF,0.02232763899075823,0.12072861353320155,0.8569437474760402
25661,LOF,0.0648321878682644,0.07324039244495181,0.8619274196867839
25662,LOF,0.026844826734185204,0.0468580804058419,0.9262970928599729
25663,LOF,0.030729816731953328,0.04280877215939298,0.9264614111086537
25664,LOF,0.0938487284842742,0.06651571533519603,0.8396355561805299
25665,LOF,0.05338642514765109,0.03817282288957102,0.9084407519627778
25666,LOF,0.07248098850253694,0.0530488344127116,0.8744701770847515
25667,LOF,0.054400815768189725,0.04950751635325295,0.8960916678785573
25668,LOF,0.02897765268875891,0.061958223560562894,0.9090641237506781
25669,LOF,0.019559228639496478,0.055477128952844526,0.924963642407659
25670,LOF,0.11952278055312562,0.04914957211398162,0.8313276473328928
25671,LOF,0.08093879351266643,0.043658814703352755,0.8754023917839808
25672,LOF,0.04617776118034918,0.06154758946808657,0.8922746493515642
25673,LOF,0.08227098766996817,0.045934733183044585,0.8717942791469871
25674,LOF,0.07653776022353848,0.06492783299666363,0.8585344067797979
25675,LOF,0.07372687063962521,0.06883323765977724,0.8574398917005974
25676,LOF,0.015216739493055673,0.06720291348816257,0.9175803470187818
25677,LOF,0.015062234504827894,0.08857114481607943,0.8963666206790927
25678,LOF,0.1684120251583753,0.08484889733580502,0.7467390775058196
25679,LOF,0.11144238193301101,0.1012634247493297,0.7872941933176594
25680,LOF,0.019946609458092106,0.12461217562410194,0.8554412149178059
25681,LOF,0.032085202019304475,0.11272245831373233,0.8551923396669632
25682,LOF,0.1057161847691061,0.07568427697342768,0.8185995382574662
25683,LOF,0.09580722780779038,0.08365682123236444,0.8205359509598451
25684,LOF,0.02464213658451177,0.0730912675861186,0.9022665958293696
25685,LOF,0.11772236734597831,0.10208399469537896,0.7801936379586428
25686,LOF,0.06106208214662123,0.20212348501164815,0.7368144328417305
25687,LOF,0.10714110035609366,0.17948379101814874,0.7133751086257576
25688,LOF,0.4639404647477873,0.01973642369842369,0.516323111553789
25689,LOF,0.2927476171303324,0.03093078247572635,0.6763216003939413
25690,LOF,0.3830199643150352,0.018503029852519174,0.5984770058324455
25691,Neutral,0.7357780659687605,0.015652675134026798,0.2485692588972127
25692,LOF,0.31669767688635037,0.010038427620276512,0.6732638954933731
25693,GOF,0.037183721880252076,0.5339028733373777,0.4289134047823703
25694,LOF,0.11132840704334598,0.019660857754321203,0.8690107352023327
25695,LOF,0.10779906716985639,0.008869492965258642,0.8833314398648849
25696,LOF,0.10345833176561567,0.01726928711268773,0.8792723811216966
25697,LOF,0.05326272149297185,0.08226023648749792,0.8644770420195301
25698,LOF,0.26933227083967626,0.18990391737585163,0.5407638117844721
25699,LOF,0.383420732388408,0.04482803468267072,0.5717512329289212
25700,LOF,0.05612763940402072,0.01223941404772236,0.9316329465482569
25701,LOF,0.20070144421551428,0.03887390887149601,0.7604246469129897
25702,GOF,0.17502551968978466,0.6610396377814446,0.16393484252877077
25703,LOF,0.019040016232367285,0.20659849751047019,0.7743614862571625
25704,LOF,0.035703701588119655,0.1650161021893113,0.7992801962225691
25705,LOF,0.03404379109762417,0.08354773465105163,0.8824084742513243
25706,GOF,0.09032408016306613,0.5405981839167954,0.3690777359201384
25707,LOF,0.08166518747758045,0.3796215463720311,0.5387132661503884
25708,LOF,0.03377733068561889,0.41065486557423325,0.5555678037401478
25709,LOF,0.07751825071047905,0.04657977941718695,0.875901969872334
25710,LOF,0.01656676765690998,0.14733725854002266,0.8360959738030673
25711,LOF,0.019640366668561327,0.09000696635407245,0.8903526669773663
25712,LOF,0.01714358662781788,0.16153202717489676,0.8213243861972854
25713,LOF,0.018911537659429534,0.07201848028572312,0.9090699820548475
25714,LOF,0.07808724432812392,0.06399064479832982,0.8579221108735462
25715,LOF,0.011987036654551787,0.1199265657946766,0.8680863975507715
25716,LOF,0.012622277283695993,0.1275212272094987,0.8598564955068052
25717,LOF,0.018905119175038263,0.0764450110399421,0.9046498697850197
25718,LOF,0.011476778264224788,0.061017643615420045,0.9275055781203552
25719,LOF,0.023439908939927947,0.09843587450640535,0.8781242165536668
25720,LOF,0.030405080378753942,0.05221682841238245,0.9173780912088636
25721,LOF,0.01195127488508459,0.09048435283289251,0.8975643722820229
25722,LOF,0.014002756348521812,0.07877105379793746,0.9072261898535406
25723,LOF,0.025122643355239897,0.055444197948346464,0.9194331586964136
25724,LOF,0.03383136637822641,0.10792189526353012,0.8582467383582434
25725,LOF,0.011488701023121908,0.09419203827443473,0.8943192607024435
25726,LOF,0.018394915634490853,0.13089073384989477,0.8507143505156144
25727,LOF,0.014514568827973185,0.08223434308280901,0.9032510880892177
25728,LOF,0.011089615373570519,0.10394559999653573,0.8849647846298938
25729,LOF,0.01132964780279985,0.10240856862365902,0.8862617835735412
25730,LOF,0.01547474996027671,0.10295476355810383,0.8815704864816194
25731,LOF,0.018595386373866686,0.12342584918448511,0.8579787644416482
25732,LOF,0.015148851285850522,0.05270654432318997,0.9321446043909596
25733,LOF,0.015429379213942121,0.0700970588490225,0.9144735619370353
25734,LOF,0.013563893290529773,0.1368172854043421,0.8496188213051282
25735,LOF,0.01144593186937596,0.07006137917098859,0.9184926889596355
25736,LOF,0.012953325860641312,0.06620738442590374,0.920839289713455
25737,LOF,0.01373059544911258,0.09852925001967293,0.8877401545312146
25738,LOF,0.01270193099379768,0.09304098726037843,0.894257081745824
25739,LOF,0.02048357463445895,0.08113494751059402,0.8983814778549472
25740,LOF,0.030825581191954828,0.10120987319199336,0.8679645456160519
25741,LOF,0.014907685894211717,0.10454619170740498,0.8805461223983834
25742,LOF,0.1131231163351252,0.0744343258921167,0.8124425577727581
25743,LOF,0.045018322813988085,0.058078998139666285,0.8969026790463457
25744,Neutral,0.6081318354852763,0.2211802173526801,0.1706879471620438
25745,LOF,0.06789393507418649,0.07652863664167336,0.8555774282841402
25746,LOF,0.042922306524716576,0.10811392044740678,0.8489637730278766
25747,LOF,0.01895744028466839,0.12778826249296618,0.8532542972223653
25748,LOF,0.09927100860784117,0.17517587027277287,0.725553121119386
25749,LOF,0.02705894527745792,0.0972931792429051,0.875647875479637
25750,LOF,0.065547493871634,0.10339275742286107,0.831059748705505
25751,LOF,0.12237262643521783,0.1616406434305717,0.7159867301342104
25752,GOF,0.11704515457954658,0.6733614608367282,0.20959338458372515
25753,LOF,0.03519150241424367,0.3682801374564884,0.5965283601292679
25754,GOF,0.021437903335757433,0.7781628935002118,0.20039920316403073
25755,LOF,0.0338627615636308,0.35427909895909404,0.6118581394772753
25756,LOF,0.0617514455049898,0.4348425351374698,0.5034060193575404
25757,GOF,0.018269972963807918,0.8521554195952615,0.12957460744093066
25758,GOF,0.028104551023919074,0.8043869596285359,0.16750848934754492
25759,GOF,0.012472439608403276,0.6734655788152017,0.3140619815763949
25760,LOF,0.018395023581309664,0.45118103284209904,0.5304239435765913
25761,GOF,0.2964031761071659,0.6181859808022538,0.08541084309058009
25762,LOF,0.048085293073428056,0.40501326126451204,0.5469014456620599
25763,LOF,0.014891270796658761,0.3231256613411646,0.6619830678621766
25764,GOF,0.05947191860045496,0.723432280581486,0.21709580081805901
25765,GOF,0.037143142360581444,0.7801132179385825,0.18274363970083624
25766,GOF,0.09546940264015014,0.7462881452005905,0.1582424521592594
25767,GOF,0.13451549903581622,0.4371849220192547,0.42829957894492904
25768,LOF,0.10079416280456797,0.03729993445926039,0.8619059027361716
25769,LOF,0.05567037881445146,0.0801881816099581,0.8641414395755904
25770,LOF,0.36863490022982404,0.11658366830309105,0.5147814314670849
25771,LOF,0.06540320250457982,0.05908532803059099,0.8755114694648293
25772,LOF,0.019674855200552215,0.060829436720398054,0.9194957080790498
25773,LOF,0.07439879098277932,0.058687171414534604,0.8669140376026861
25774,LOF,0.027907633181948627,0.123999086280641,0.8480932805374104
25775,LOF,0.08169930572743563,0.06021507937314703,0.8580856148994174
25776,LOF,0.07690057664112068,0.03875704128075316,0.8843423820781261
25777,Neutral,0.5340129738203044,0.08427232885487133,0.38171469732482427
25778,LOF,0.06928896826525367,0.056732889337049154,0.8739781423976971
25779,GOF,0.4167392428368439,0.5382205108500766,0.04504024631307951
25780,GOF,0.36117303388489447,0.5525774054043503,0.08624956071075521
25781,GOF,0.10801118426769428,0.774286748523412,0.1177020672088937
25782,GOF,0.16052139477997845,0.7457752265479806,0.09370337867204101
25783,GOF,0.0247848594473954,0.7249160296496902,0.2502991109029144
25784,Neutral,0.5361755341971273,0.41636652788966394,0.04745793791320889
25785,Neutral,0.5078017237838837,0.4298598146613832,0.06233846155473309
25786,GOF,0.028130768410016802,0.7094520301746758,0.26241720141530744
25787,Neutral,0.6964094822632779,0.26629072198474185,0.03729979575198023
25788,LOF,0.0595648412755189,0.08509790982270816,0.8553372489017729
25789,GOF,0.20634901165442163,0.6676840028180079,0.12596698552757055
25790,GOF,0.24228067359598313,0.6352331926618822,0.12248613374213471
25791,GOF,0.12068266513352628,0.6547301265994844,0.22458720826698936
25792,GOF,0.32882601807299444,0.4993610133255198,0.17181296860148573
25793,GOF,0.26635440940789695,0.4808071445472692,0.2528384460448339
25794,GOF,0.3238506284151984,0.4548618729379426,0.2212874986468591
25795,GOF,0.059823537929180215,0.6566912635031762,0.2834851985676436
25796,Neutral,0.5040409286918518,0.39965147082293634,0.09630760048521186
25797,GOF,0.09066641202838491,0.512451203935073,0.396882384036542
25798,GOF,0.011194062349842222,0.5423328214343845,0.4464731162157733
25799,LOF,0.009330854020171994,0.4830378817466434,0.5076312642331846
25800,GOF,0.04215367529671783,0.6394786098345429,0.31836771486873927
25801,GOF,0.2447986995241677,0.6371222277414631,0.11807907273436932
25802,GOF,0.0790118930057784,0.6449917469857408,0.27599636000848077
25803,GOF,0.04965666370961664,0.5584338373728462,0.39190949891753724
25804,GOF,0.040635666387073326,0.5038140974804056,0.4555502361325211
25805,GOF,0.095499934804639,0.5480741607604873,0.35642590443487365
25806,GOF,0.13729903854207925,0.5635148641319302,0.29918609732599055
25807,GOF,0.020692412175596184,0.5904770746618089,0.38883051316259487
25808,GOF,0.1103757736089941,0.5344464589487818,0.355177767442224
25809,GOF,0.02089473990131153,0.5792883624004651,0.39981689769822343
25810,GOF,0.021429949385829226,0.5766150932708336,0.40195495734333714
25811,Neutral,0.5120646891066473,0.4156271043993805,0.07230820649397221
25812,GOF,0.03680746159176712,0.6124772111164896,0.3507153272917434
25813,Neutral,0.5546958850275332,0.3002017973671488,0.145102317605318
25814,GOF,0.11893187217549316,0.6110498136927236,0.27001831413178334
25815,GOF,0.2534130072286973,0.5425468026606409,0.2040401901106617
25816,GOF,0.01878230728202746,0.6680024672648613,0.31321522545311126
25817,GOF,0.1746211249180853,0.6716103022320543,0.15376857284986042
25818,GOF,0.03799492956652078,0.6138340624716939,0.3481710079617852
25819,GOF,0.35594918432265377,0.47939051092263246,0.16466030475471394
25820,GOF,0.17836735868997233,0.5992707925008096,0.22236184880921814
25821,GOF,0.06603235048392407,0.6702532711260222,0.2637143783900538
25822,GOF,0.24930543770548888,0.5373556092120058,0.21333895308250522
25823,GOF,0.04035886705746441,0.5315111940894216,0.42812993885311407
25824,GOF,0.08976127180518287,0.5304991225192907,0.3797396056755265
25825,GOF,0.03303015713772074,0.5520220711484547,0.4149477717138245
25826,GOF,0.01172948361472201,0.5203759505942066,0.4678945657910713
25827,GOF,0.02055897880885495,0.5457177301981845,0.43372329099296075
25828,LOF,0.014819358783725041,0.47153672024734394,0.5136439209689311
25829,GOF,0.008564093690340214,0.5664658265683531,0.42497007974130663
25830,LOF,0.042020897595197476,0.2844581917219593,0.6735209106828433
25831,GOF,0.12475533071650863,0.7357207121737598,0.13952395710973162
25832,GOF,0.035803445980406544,0.696397591966208,0.26779896205338555
25833,GOF,0.11048651049668991,0.6846449100747659,0.20486857942854408
25834,GOF,0.04210208807645215,0.6887972692654571,0.26910064265809064
25835,GOF,0.0920326685753863,0.6481342450718094,0.25983308635280433
25836,GOF,0.046007895565180236,0.6933964351094392,0.26059566932538064
25837,GOF,0.02597540297479562,0.55218899533677,0.4218356016884343
25838,GOF,0.09219154830474817,0.7122212445491108,0.19558720714614092
25839,GOF,0.2531581252271893,0.5368587127383497,0.209983162034461
25840,GOF,0.1975153643191237,0.581487469075756,0.2209971666051202
25841,GOF,0.2446145045997847,0.552979691747028,0.2024058036531874
25842,GOF,0.1566691243634741,0.6267413740245638,0.21658950161196217
25843,GOF,0.2213569206060784,0.618716037447438,0.1599270419464836
25844,GOF,0.06373147572627269,0.666504694377031,0.2697638298966964
25845,GOF,0.015190045729711285,0.5307189967159472,0.4540909575543414
25846,GOF,0.08389178923208677,0.7271369164314695,0.1889712943364437
25847,GOF,0.10716452716466185,0.7114854213586543,0.1813500514766838
25848,GOF,0.04410299920339569,0.6735354671632373,0.28236153363336697
25849,GOF,0.014396456197529175,0.5753401597861566,0.4102633840163143
25850,GOF,0.025590397321090995,0.6335911344260997,0.3408184682528093
25851,GOF,0.023307176821124168,0.5494513521670761,0.4272414710117998
25852,GOF,0.13064729453131263,0.5728988993940098,0.2964538060746777
25853,GOF,0.3173380998257187,0.6009243857225716,0.08173751445170979
25854,GOF,0.020860795224212244,0.7265752098600191,0.2525639949157687
25855,GOF,0.04966355329791076,0.6386243346510274,0.3117121120510617
25856,GOF,0.24846747398307845,0.5772048792570481,0.17432764675987347
25857,GOF,0.04450287834665941,0.589123372961978,0.36637374869136247
25858,GOF,0.02040502411924082,0.6519726426146437,0.32762233326611556
25859,GOF,0.011125743024736496,0.6397959296854071,0.3490783272898564
25860,GOF,0.3119597128862878,0.5816217226814394,0.10641856443227271
25861,GOF,0.31225467132250384,0.5958339588620061,0.09191136981548997
25862,GOF,0.06284958514863093,0.7903515413534135,0.14679887349795562
25863,GOF,0.06965100624490643,0.7946400820796328,0.13570891167546079
25864,GOF,0.12205181308294691,0.7785082635628862,0.09943992335416703
25865,GOF,0.0686228643355854,0.7946148338435165,0.13676230182089807
25866,GOF,0.05552100484334176,0.8301237069802533,0.11435528817640495
25867,GOF,0.06890696908381319,0.8237345121814224,0.10735851873476439
25868,GOF,0.23544792952031438,0.6380521531527948,0.1264999173268908
25869,Neutral,0.6662510912928907,0.2827586204206382,0.05099028828647112
25870,LOF,0.251844205029051,0.2771545601846382,0.47100123478631073
25871,GOF,0.18519590754662907,0.6493344242003667,0.1654696682530043
25872,GOF,0.08508892099280957,0.6179096882428934,0.297001390764297
25873,GOF,0.14096195463716774,0.6052242010611184,0.2538138443017139
25874,LOF,0.02432642978765816,0.09390870038790936,0.8817648698244325
25875,LOF,0.0634683474248418,0.13748979642888678,0.7990418561462714
25876,LOF,0.02150798829646918,0.06674012979853715,0.9117518819049936
25877,Neutral,0.4538795527085639,0.12081566110193821,0.42530478618949785
25878,LOF,0.16126060320038352,0.1992716671156164,0.6394677296840001
25879,LOF,0.07828850036884526,0.26066325815612396,0.6610482414750308
25880,LOF,0.021844055176765444,0.03551694897475525,0.9426389958484792
25881,LOF,0.18886751031995838,0.25772311359675515,0.5534093760832864
25882,LOF,0.07474745233306385,0.027064492790498353,0.8981880548764378
25883,LOF,0.08812507895355239,0.05681762667829859,0.855057294368149
25884,LOF,0.045944812430940916,0.06175037327138324,0.8923048142976757
25885,LOF,0.057571170246947946,0.03241358156362925,0.9100152481894227
25886,LOF,0.34394426409663387,0.14471559934308156,0.5113401365602845
25887,LOF,0.1929376756323939,0.2100755742632743,0.5969867501043318
25888,LOF,0.07399889355491933,0.12493922083843,0.8010618856066506
25889,LOF,0.04018052261370599,0.06380245014410885,0.8960170272421852
25890,LOF,0.06544104117996802,0.11651164280484855,0.8180473160151834
25891,LOF,0.06468409808221443,0.05886169308406857,0.876454208833717
25892,LOF,0.09965739705738981,0.028613144188021418,0.8717294587545888
25893,LOF,0.32744380268129547,0.019534739091761212,0.6530214582269435
25894,LOF,0.1791830115819779,0.00975062583549333,0.8110663625825286
25895,LOF,0.22879108439202955,0.019338396361894713,0.7518705192460758
25896,LOF,0.04782762807364808,0.024229519846842847,0.927942852079509
25897,LOF,0.2513034711591064,0.021371298148111447,0.7273252306927822
25898,Neutral,0.7948862700369786,0.015193396797220886,0.18992033316580054
25899,LOF,0.23869672166675615,0.057030968018569855,0.7042723103146741
25900,Neutral,0.5978280207329573,0.0140519840838127,0.38811999518323
25901,LOF,0.051396376228851494,0.012981744719383119,0.9356218790517653
25902,LOF,0.20066914699177785,0.013844689224003268,0.7854861637842189
25903,Neutral,0.6425714817484367,0.04340720569077594,0.31402131256078747
25904,LOF,0.25920986981475125,0.04811202381950186,0.6926781063657469
25905,LOF,0.03972249465375878,0.3207534652229922,0.6395240401232491
25906,LOF,0.02728609706977199,0.05836213388821509,0.914351769042013
25907,LOF,0.013822099590144578,0.3475228204791068,0.6386550799307485
25908,LOF,0.014998121843600217,0.22141844028033322,0.7635834378760665
25909,LOF,0.017281690010219602,0.10368445787647401,0.8790338521133064
25910,LOF,0.03183614142568281,0.2956678910410567,0.6724959675332605
25911,LOF,0.07789544407379907,0.06579527355519965,0.8563092823710013
25912,LOF,0.05036291325379755,0.09477486591325336,0.8548622208329492
25913,LOF,0.2804358982884936,0.041924199812190276,0.6776399018993162
25914,LOF,0.018265726597840013,0.10687693435086722,0.8748573390512928
25915,GOF,0.3425446987787388,0.3474482998906387,0.3100070013306226
25916,LOF,0.02361785934235831,0.4463066275083743,0.5300755131492675
25917,LOF,0.04574034677189793,0.05716266847622224,0.8970969847518798
25918,LOF,0.02326560376272711,0.061362666478131475,0.9153717297591413
25919,LOF,0.02096997131089821,0.0679481603973167,0.9110818682917852
25920,GOF,0.10396372673124396,0.5665461778272545,0.32949009544150154
25921,LOF,0.03442334475562321,0.022680096364533962,0.9428965588798429
25922,LOF,0.04750743734766318,0.015907074405467396,0.9365854882468694
25923,LOF,0.38953914920116733,0.02061114519092752,0.5898497056079051
25924,LOF,0.04069050859475809,0.023753749826827916,0.9355557415784141
25925,LOF,0.06301131556495666,0.03094387123802894,0.9060448131970144
25926,LOF,0.04757667932625794,0.018491846615327136,0.9339314740584149
25927,LOF,0.07771339703031784,0.04762525906229985,0.8746613439073824
25928,LOF,0.02586252162007226,0.018241430418426432,0.9558960479615014
25929,Neutral,0.5383438053401416,0.024134178576971792,0.4375220160828866
25930,LOF,0.062239276192908435,0.01588544086073944,0.9218752829463522
25931,LOF,0.03372905523775984,0.015305484099258075,0.950965460662982
25932,LOF,0.029637895179645584,0.015369818192068186,0.9549922866282863
25933,LOF,0.03965560126319453,0.009971754581587772,0.9503726441552177
25934,LOF,0.028096349528128117,0.013926640983698472,0.9579770094881735
25935,LOF,0.06450374955080841,0.025091794803065774,0.9104044556461257
25936,LOF,0.045523186237232234,0.01667329112834018,0.9378035226344277
25937,LOF,0.03611690734620386,0.018357201950217773,0.9455258907035783
25938,LOF,0.06066274341616883,0.031687285288324,0.9076499712955072
25939,LOF,0.042598475846909734,0.010495454843725605,0.9469060693093646
25940,LOF,0.027002498270395685,0.4605606552526062,0.5124368464769982
25941,LOF,0.14375386276962218,0.10215539826672708,0.7540907389636508
25942,LOF,0.013841699467918672,0.04593801450078453,0.9402202860312969
25943,LOF,0.32884200744794123,0.10188329159163202,0.5692747009604268
25944,Neutral,0.4818096948667966,0.061932598776702805,0.45625770635650054
25945,LOF,0.07658913583993063,0.04491300367618666,0.8784978604838827
25946,LOF,0.03722269733058576,0.1350502602917402,0.8277270423776741
25947,LOF,0.13293472989630453,0.22138076579455698,0.6456845043091385
25948,LOF,0.4141443494492411,0.016374989754420928,0.569480660796338
25949,LOF,0.1275893900463508,0.06250309484426805,0.8099075151093812
25950,GOF,0.1829249755758507,0.5098944244916231,0.30718059993252617
25951,LOF,0.24016891562957782,0.13483123347777867,0.6249998508926434
25952,LOF,0.04736330066038381,0.409003652831442,0.5436330465081741
25953,LOF,0.14225737911179595,0.11784757438979436,0.7398950464984096
25954,LOF,0.32189023488145385,0.2426127793531342,0.43549698576541196
25955,LOF,0.07040990756064366,0.09890191546806662,0.8306881769712897
25956,LOF,0.17938650346672128,0.061520971427915155,0.7590925251053635
25957,LOF,0.04921410752184596,0.01903826157581764,0.9317476309023364
25958,LOF,0.06227225873919434,0.02536959434395256,0.9123581469168531
25959,LOF,0.09536809239804325,0.3517998595639441,0.5528320480380127
25960,LOF,0.02338353465651618,0.05778471435335882,0.918831750990125
25961,LOF,0.05080518180173113,0.03538989419445481,0.9138049240038142
25962,LOF,0.06624685522615245,0.040603795500318174,0.8931493492735293
25963,LOF,0.06550992726823679,0.18209177111694835,0.7523983016148148
25964,LOF,0.03332939126744884,0.15725302892395523,0.809417579808596
25965,Neutral,0.4771546447026612,0.07878617333341621,0.44405918196392263
25966,LOF,0.36391408489431804,0.2673018112417415,0.3687841038639405
25967,LOF,0.016315639469959165,0.09349953570444353,0.8901848248255974
25968,LOF,0.052068533354236834,0.43512740050730503,0.5128040661384582
25969,LOF,0.02888738166875582,0.05719814711328075,0.9139144712179634
25970,LOF,0.060451792841396915,0.05121076143303127,0.8883374457255717
25971,LOF,0.07600014575448437,0.024000132149299785,0.8999997220962158
25972,LOF,0.07467007977686077,0.02697388563729154,0.8983560345858477
25973,LOF,0.08557526313456111,0.010565048152278107,0.9038596887131607
25974,LOF,0.3005464416860267,0.02810769613407049,0.6713458621799029
25975,LOF,0.04957657031238659,0.027799320063037977,0.9226241096245754
25976,LOF,0.03346236544657071,0.025103230569254807,0.9414344039841744
25977,LOF,0.1351720046535215,0.11960107174893057,0.7452269235975479
25978,LOF,0.15827448238411818,0.09984815951934138,0.7418773580965404
25979,LOF,0.14857864370325632,0.08466613746633066,0.766755218830413
25980,LOF,0.17487442147215576,0.17740455572652497,0.6477210228013193
25981,LOF,0.21520702753407797,0.16658797489254326,0.6182049975733788
25982,LOF,0.4237474871720411,0.08790626937351614,0.4883462434544427
25983,LOF,0.4097816832757017,0.08330506599789647,0.5069132507264018
25984,LOF,0.04727045469743462,0.11408149191820283,0.8386480533843625
25985,LOF,0.02206717086429137,0.3505536490581511,0.6273791800775574
25986,LOF,0.02718051500472492,0.3156691893612992,0.657150295633976
25987,LOF,0.087319117336032,0.08630016284261782,0.8263807198213502
25988,LOF,0.10295218950814397,0.09110209051753618,0.8059457199743199
25989,LOF,0.025099972627844802,0.1383491774926019,0.8365508498795534
25990,LOF,0.03592450258481355,0.1269255933420718,0.8371499040731146
25991,LOF,0.2115972738881145,0.2870201044881344,0.5013826216237511
25992,LOF,0.384381612046798,0.1900197754840825,0.42559861246911945
25993,LOF,0.02960282373611911,0.06349155341474481,0.9069056228491361
25994,LOF,0.019683531848536422,0.08416580816171279,0.8961506599897507
25995,LOF,0.03350647359834317,0.08123328377680963,0.8852602426248473
25996,GOF,0.28145377842908526,0.4321318997330273,0.2864143218378876
25997,LOF,0.10539519033004102,0.42850450157230785,0.46610030809765124
25998,Neutral,0.5795509603978234,0.030579369148614966,0.38986967045356163
25999,LOF,0.11211452391422404,0.08955355578824785,0.7983319202975281
26000,LOF,0.08472798657308568,0.028727534959247063,0.8865444784676673
26001,LOF,0.1910705459054665,0.040405917274244356,0.7685235368202893
26002,LOF,0.10019024551391936,0.03445515602797389,0.8653545984581068
26003,GOF,0.010948271950640942,0.6068278236333671,0.382223904415992
26004,GOF,0.024355797715479605,0.634784970380391,0.34085923190412937
26005,LOF,0.012752283715185718,0.4912848658031666,0.4959628504816478
26006,Neutral,0.5431936571062644,0.24870996075954438,0.20809638213419115
26007,GOF,0.02356539006331819,0.5786314136927555,0.3978031962439264
26008,GOF,0.02202814038119664,0.531586314869772,0.44638554474903136
26009,GOF,0.032474248439234396,0.5996682822578928,0.36785746930287283
26010,GOF,0.02278726476647028,0.6637266154285858,0.3134861198049439
26011,LOF,0.010210399664746883,0.4729810591530165,0.5168085411822366
26012,GOF,0.019885697874696955,0.5199503183288825,0.4601639837964206
26013,GOF,0.015088530094366623,0.6611827526990355,0.3237287172065978
26014,LOF,0.04761590647562822,0.15156272099839507,0.8008213725259767
26015,LOF,0.1824162601125438,0.009676870640182916,0.8079068692472733
26016,LOF,0.28441884576536863,0.0437263683904321,0.6718547858441992
26017,LOF,0.17706020331003386,0.0781914917186005,0.7447483049713656
26018,LOF,0.09780920574280628,0.03346221010357213,0.8687285841536215
26019,LOF,0.09537504368306286,0.020382402559007723,0.8842425537579295
26020,LOF,0.06864191669867545,0.07544368495391265,0.8559143983474119
26021,LOF,0.06008934702882116,0.08859214609115865,0.8513185068800203
26022,LOF,0.010831723857675769,0.050816707191267955,0.9383515689510562
26023,LOF,0.12242385106767321,0.023034472829582493,0.8545416761027443
26024,LOF,0.03454100560621707,0.09122389752842104,0.8742350968653619
26025,LOF,0.16086021808324483,0.04770253462048323,0.791437247296272
26026,LOF,0.3276237636769933,0.01132787745858119,0.6610483588644256
26027,LOF,0.09646116997173662,0.014835724852394556,0.8887031051758689
26028,LOF,0.20339405883591727,0.0883654166141179,0.7082405245499648
26029,LOF,0.10174524086886946,0.13683418583679255,0.7614205732943379
26030,LOF,0.029112002108120746,0.03525273180890101,0.9356352660829783
26031,LOF,0.03587604748310375,0.10470920772256871,0.8594147447943276
26032,LOF,0.08863821359089748,0.026874952060915714,0.8844868343481868
26033,LOF,0.12487205143823084,0.030877835228244426,0.8442501133335247
26034,LOF,0.06301954642942852,0.09847861106090249,0.838501842509669
26035,LOF,0.03812978379430937,0.08520510733246657,0.876665108873224
26036,LOF,0.05551204070688003,0.10292661864772862,0.8415613406453913
26037,LOF,0.032051582958459425,0.08375830005081149,0.8841901169907291
26038,LOF,0.08618588171936745,0.026599946685026094,0.8872141715956064
26039,LOF,0.07983376033006055,0.09964369857511035,0.8205225410948291
26040,LOF,0.23852539359896147,0.07131044315592311,0.6901641632451153
26041,LOF,0.031352610309941666,0.08281360988444088,0.8858337798056174
26042,LOF,0.03055186803005385,0.08437321878634978,0.8850749131835963
26043,LOF,0.08350603954580897,0.0392046518395368,0.8772893086146542
26044,LOF,0.030979917281012494,0.04303727616202689,0.9259828065569605
26045,LOF,0.09460353859388874,0.07094530371665021,0.8344511576894611
26046,LOF,0.09109748553035962,0.04167567169684341,0.867226842772797
26047,LOF,0.118576741576871,0.05066511487416968,0.8307581435489594
26048,LOF,0.048263295287591365,0.04113984349259596,0.9105968612198128
26049,Neutral,0.9440827262934277,0.005810194015320346,0.050107079691251964
26050,Neutral,0.9211163883845657,0.006232616241791069,0.07265099537364332
26051,GOF,0.033763349925562576,0.5661640231682309,0.40007262690620654
26052,GOF,0.03400506855565378,0.6670388431029396,0.2989560883414066
26053,LOF,0.04950094872957284,0.3808312786887262,0.569667772581701
26054,LOF,0.0509936988546624,0.07090798507224144,0.8780983160730962
26055,LOF,0.0726413793487337,0.060655449861911966,0.8667031707893544
26056,LOF,0.061402016956550017,0.07064086452902832,0.8679571185144216
26057,LOF,0.030398983719683935,0.024991808851919865,0.9446092074283962
26058,LOF,0.029916276406420052,0.02154647846755763,0.9485372451260223
26059,LOF,0.30908664801820457,0.0741608429672435,0.616752509014552
26060,LOF,0.02758446616756909,0.3237274958344285,0.6486880379980023
26061,LOF,0.016404706674607143,0.05353398013017722,0.9300613131952157
26062,LOF,0.01252826545331536,0.05307349947194326,0.9343982350747414
26063,LOF,0.024171577173964048,0.027243861568658063,0.9485845612573779
26064,LOF,0.021881002564395916,0.03650556287630913,0.9416134345592949
26065,LOF,0.02764038223109879,0.02895060012654443,0.9434090176423567
26066,LOF,0.021275334208609838,0.03215752336154291,0.9465671424298472
26067,LOF,0.0236892863460564,0.02169197022734332,0.9546187434266002
26068,LOF,0.04976886563493174,0.06093031948967487,0.8893008148753934
26069,LOF,0.4074562330665784,0.04994909446852115,0.5425946724649003
26070,Neutral,0.6397182626992685,0.02285248570651599,0.33742925159421566
26071,LOF,0.02391984587172626,0.03386559358422599,0.9422145605440478
26072,LOF,0.021541560462212242,0.05960182773326002,0.9188566118045278
26073,LOF,0.02607188657439518,0.02785106194122704,0.9460770514843777
26074,Neutral,0.8823596280687473,0.010963465160355648,0.10667690677089707
26075,LOF,0.03900437611353093,0.04417049866468378,0.9168251252217853
26076,LOF,0.042060092238687126,0.0196774771464706,0.9382624306148423
26077,LOF,0.009509524558975567,0.06075829926411706,0.9297321761769073
26078,LOF,0.012931220627656915,0.039312172505580244,0.9477566068667629
26079,LOF,0.05156761453446014,0.04197579008205995,0.9064565953834799
26080,LOF,0.05156761453446014,0.04197579008205995,0.9064565953834799
26081,LOF,0.03322747889820378,0.017548881266891744,0.9492236398349045
26082,LOF,0.018940491948363825,0.045657896975300635,0.9354016110763356
26083,LOF,0.14017535477321003,0.029082452930648976,0.830742192296141
26084,LOF,0.0269165593952482,0.03762818502704678,0.9354552555777049
26085,LOF,0.022760375472281387,0.033219522679764926,0.9440201018479538
26086,LOF,0.022679442227805182,0.036893908536114975,0.9404266492360798
26087,LOF,0.025056862287845098,0.02625589977076641,0.9486872379413885
26088,LOF,0.02256517788334412,0.05764398183630124,0.9197908402803547
26089,LOF,0.04415761923079942,0.05688006729567568,0.8989623134735248
26090,LOF,0.04196774590589874,0.045514188850124475,0.9125180652439768
26091,LOF,0.03929033991820995,0.017086060807023615,0.9436235992747665
26092,LOF,0.028980511684628577,0.02324780563878791,0.9477716826765835
26093,LOF,0.04040629706292009,0.014997076802397126,0.9445966261346828
26094,LOF,0.043965027795806653,0.014888068935676844,0.9411469032685166
26095,LOF,0.03867036543819232,0.04546725042893395,0.9158623841328737
26096,LOF,0.01594087920430977,0.037020007228090415,0.9470391135675997
26097,LOF,0.010638259951834346,0.1357722827518744,0.8535894572962912
26098,LOF,0.056300081152173845,0.04689585547902658,0.8968040633687995
26099,LOF,0.025126167446657275,0.04202559208917556,0.9328482404641671
26100,LOF,0.026283675394263777,0.03765658195945582,0.9360597426462803
26101,LOF,0.05748505385850843,0.03850409788717768,0.9040108482543138
26102,LOF,0.026813602844720702,0.027673850955631983,0.9455125461996472
26103,Neutral,0.8743293957698393,0.050539854582888594,0.07513074964727216
26104,LOF,0.050749665537977516,0.07566302236840966,0.8735873120936128
26105,LOF,0.2814263113582232,0.2431159114748597,0.4754577771669171
26106,LOF,0.14884475206097464,0.13547688895957194,0.7156783589794535
26107,LOF,0.24094741359450952,0.14020638526662038,0.6188462011388701
26108,LOF,0.19150283191057968,0.14569511177448444,0.6628020563149359
26109,LOF,0.05339071966197401,0.16579494669019884,0.7808143336478272
26110,LOF,0.2841642038853302,0.017957184176889972,0.6978786119377798
26111,LOF,0.4665250101274236,0.028423942488560474,0.5050510473840158
26112,LOF,0.0441753980405112,0.02137092298953695,0.9344536789699519
26113,LOF,0.059723823675692726,0.04211555536111058,0.8981606209631966
26114,LOF,0.02018296409164339,0.025167781716446024,0.9546492541919105
26115,LOF,0.10519928331378763,0.04099804040604513,0.8538026762801671
26116,LOF,0.05176239737613726,0.061758521530894506,0.8864790810929681
26117,LOF,0.2987547443299848,0.0882984633659558,0.6129467923040594
26118,LOF,0.041164465496102524,0.047447299470594104,0.9113882350333032
26119,LOF,0.02310310920259188,0.06781097564769664,0.9090859151497115
26120,LOF,0.03310810221816017,0.043340736343973514,0.9235511614378664
26121,LOF,0.05208512069807464,0.10402809092930283,0.8438867883726224
26122,LOF,0.059583671018476114,0.05864881747293597,0.8817675115085878
