feature0,prediction,LoGoFunc_Neutral,LoGoFunc_GOF,LoGoFunc_LOF
25546,Neutral,0.6038146965466382,0.05161280237508534,0.3445725010782763
25547,Neutral,0.479311508388741,0.08579942513653226,0.4348890664747267
25548,Neutral,0.4812417506943034,0.06802382588224529,0.4507344234234514
25549,LOF,0.4152174418166536,0.07272731589582156,0.5120552422875249
25550,LOF,0.3438417861807184,0.11620355990343582,0.5399546539158457
25551,LOF,0.3117419017711915,0.1251666436576145,0.563091454571194
25552,LOF,0.26948669929026264,0.1280660780740976,0.6024472226356399
25553,Neutral,0.7839058212855702,0.04462188026906739,0.1714722984453625
25554,LOF,0.3143292921904549,0.11610036250889585,0.5695703453006492
25555,LOF,0.2687184405121529,0.11006025400520546,0.6212213054826417
25556,LOF,0.4491783600323086,0.0936950317238037,0.4571266082438877
25557,LOF,0.25898911063771474,0.11680644383014044,0.6242044455321448
25558,LOF,0.30486718626484327,0.11070478396318593,0.5844280297719708
25559,LOF,0.25197176816723854,0.1484894081316375,0.599538823701124
25560,LOF,0.17307203753961836,0.11321476622100063,0.713713196239381
25561,LOF,0.1607055540648096,0.1389962093220602,0.7002982366131302
25562,LOF,0.08128294610365265,0.08251432683491199,0.8362027270614354
25563,LOF,0.03121114155074262,0.11966683889865266,0.8491220195506047
25564,LOF,0.19363038268832108,0.10750702004867102,0.6988625972630078
25565,LOF,0.21388901917697678,0.13134591701593482,0.6547650638070883
25566,GOF,0.08262834653416813,0.6862568151456757,0.23111483832015614
25567,LOF,0.04087741279465171,0.19918894633882508,0.7599336408665232
25568,LOF,0.06257582811382978,0.11068487410538644,0.8267392977807837
25569,LOF,0.05954607774914437,0.10432592603676322,0.8361279962140924
25570,LOF,0.027640825504753157,0.13251564508297378,0.839843529412273
25571,LOF,0.027403297821928425,0.14044527155168554,0.832151430626386
25572,LOF,0.06732130221823031,0.15527328437013668,0.7774054134116329
25573,LOF,0.05719594209957563,0.12609775426851894,0.8167063036319054
25574,LOF,0.055673090808661,0.250920594876117,0.6934063143152219
25575,LOF,0.022330414597548427,0.15400637603844242,0.8236632093640093
25576,LOF,0.02897009434032573,0.19279141728776067,0.7782384883719136
25577,LOF,0.031932654540348396,0.14399024949551126,0.8240770959641404
25578,LOF,0.29083881550667084,0.13268054107959254,0.5764806434137366
25579,LOF,0.19004993810782544,0.12891736495905512,0.6810326969331194
25580,LOF,0.01975637166219717,0.11332806474651404,0.8669155635912889
25581,LOF,0.0499250599126126,0.09731237325224497,0.8527625668351424
25582,LOF,0.04978883449808182,0.09556039129465897,0.8546507742072591
25583,LOF,0.022830380631062186,0.11878963027613824,0.8583799890927996
25584,Neutral,0.6893417028776765,0.14258496015915906,0.16807333696316437
25585,LOF,0.02200808585416182,0.1780579054197399,0.7999340087260983
25586,LOF,0.016943091488697968,0.10149840497298598,0.881558503538316
25587,LOF,0.016897879596000604,0.09146581659970768,0.8916363038042917
25588,LOF,0.020337818697991082,0.10361646585730697,0.876045715444702
25589,Neutral,0.5101606611927291,0.2436363243163847,0.2462030144908862
25590,LOF,0.05051474601384028,0.14952607349405725,0.7999591804921026
25591,LOF,0.0923014017801089,0.08434327376113117,0.8233553244587599
25592,LOF,0.05318044610193553,0.2019042410706377,0.7449153128274268
25593,LOF,0.10825884394521085,0.32244465862116345,0.5692964974336258
25594,LOF,0.04737969269561174,0.10086197120542788,0.8517583360989605
25595,LOF,0.04542850288901345,0.0712054720779527,0.8833660250330339
25596,LOF,0.10013223921553333,0.031291604788011,0.8685761559964555
25597,LOF,0.08405606919263825,0.04108027848621967,0.8748636523211422
25598,LOF,0.046312921013718186,0.07159261231984579,0.882094466666436
25599,LOF,0.021298751664264034,0.45066323379698897,0.528038014538747
25600,GOF,0.17805617552223912,0.4781618876904054,0.3437819367873554
25601,LOF,0.04158779248186231,0.360550149936662,0.5978620575814756
25602,LOF,0.03734695993376614,0.07394630760205198,0.8887067324641819
25603,LOF,0.035704738869728504,0.042005094785335574,0.9222901663449359
25604,LOF,0.038115793502233104,0.08153649295768055,0.8803477135400863
25605,LOF,0.03359822696734554,0.20042750717178742,0.765974265860867
25606,LOF,0.3941522729193691,0.12853502160618693,0.4773127054744439
25607,LOF,0.030921344213945816,0.185818508361473,0.783260147424581
25608,LOF,0.04079527501496338,0.0892598632458398,0.8699448617391967
25609,GOF,0.1398367267917295,0.5311744811297233,0.3289887920785472
25610,LOF,0.015276525186822787,0.046716105652881604,0.9380073691602957
25611,LOF,0.012439318888885515,0.0478138574785325,0.9397468236325821
25612,LOF,0.041604561885157605,0.07444779325000014,0.8839476448648423
25613,LOF,0.04010700895424825,0.07241434303546575,0.887478648010286
25614,LOF,0.02063504003588131,0.04175593868214216,0.9376090212819764
25615,LOF,0.04641753694774152,0.06654265485607265,0.8870398081961859
25616,LOF,0.04491689264755566,0.04557417221173691,0.9095089351407074
25617,LOF,0.03727981769570003,0.05365382467158983,0.9090663576327102
25618,LOF,0.04157998359969839,0.06236337255944011,0.8960566438408614
25619,LOF,0.011900569200204048,0.059027640423416475,0.9290717903763794
25620,LOF,0.051264323114850456,0.06612729595863735,0.8826083809265122
25621,LOF,0.05580611479882046,0.05231304408037836,0.8918808411208011
25622,LOF,0.06551321993095442,0.05787877021685829,0.8766080098521872
25623,LOF,0.06790860704693474,0.05328612460423656,0.8788052683488287
25624,LOF,0.017035490558718783,0.05563016932063272,0.9273343401206484
25625,LOF,0.05970254901730551,0.055944983969877286,0.8843524670128172
25626,LOF,0.04300862443886373,0.06920309548353458,0.8877882800776016
25627,Neutral,0.8847088687481115,0.023821752412790935,0.09146937883909742
25628,LOF,0.16059185336658685,0.06400999815104064,0.7753981484823725
25629,LOF,0.07283606939774073,0.0542100787334349,0.8729538518688243
25630,LOF,0.2735853226257989,0.07618384937293216,0.6502308280012691
25631,Neutral,0.5418227512901159,0.07175889190442172,0.38641835680546244
25632,LOF,0.025980298721982938,0.07148264850730865,0.9025370527707084
25633,LOF,0.22117201824430038,0.046976586686084065,0.7318513950696155
25634,LOF,0.03491543588528528,0.10168628916797787,0.8633982749467368
25635,LOF,0.03662274814102016,0.0486200831794176,0.9147571686795621
25636,LOF,0.03622567981352703,0.43139373181529467,0.5323805883711784
25637,GOF,0.06935637804943207,0.488846997623919,0.441796624326649
25638,LOF,0.031820505793409934,0.3719626407306003,0.5962168534759897
25639,LOF,0.028811870243685887,0.3911143794336302,0.5800737503226839
25640,Neutral,0.8260266202798072,0.12487926977947847,0.04909410994071438
25641,GOF,0.07654247692268999,0.49811361152889394,0.42534391154841594
25642,LOF,0.06716031894939112,0.17285441740831609,0.7599852636422928
25643,LOF,0.2399981309850175,0.12796226708212327,0.6320396019328592
25644,LOF,0.024784260083570545,0.47389364802120115,0.5013220918952284
25645,LOF,0.028647411517349657,0.42568397253630663,0.5456686159463436
25646,LOF,0.06589569834330498,0.34262970546333515,0.5914745961933598
25647,LOF,0.02887424909241681,0.2907347051477072,0.680391045759876
25648,LOF,0.0327080293353545,0.28310066710559756,0.684191303559048
25649,LOF,0.018755875400972195,0.2328050291316428,0.748439095467385
25650,LOF,0.0516785552035838,0.406818236446896,0.5415032083495201
25651,LOF,0.02016733835843848,0.2877349715262478,0.6920976901153137
25652,LOF,0.03607910269648584,0.2755496537002482,0.6883712436032658
25653,LOF,0.09682353248159146,0.43975471417238987,0.46342175334601865
25654,LOF,0.024027413451891324,0.22830834537299366,0.747664241175115
25655,GOF,0.2297054879261349,0.42343902731688826,0.3468554847569768
25656,LOF,0.3622279763032827,0.09678451076408406,0.5409875129326333
25657,LOF,0.05814807764629362,0.0856372676120648,0.8562146547416416
25658,LOF,0.3660141464413504,0.09519973237367939,0.5387861211849702
25659,Neutral,0.5048755174642747,0.1245518736106016,0.3705726089251237
25660,LOF,0.0235680751427131,0.09391657012737413,0.8825153547299128
25661,LOF,0.09269018786428777,0.06141528654008674,0.8458945255956255
25662,LOF,0.034937580141958025,0.03461485069044833,0.9304475691675935
25663,LOF,0.0418649439238933,0.04731045578624465,0.9108246002898621
25664,LOF,0.13607768297095277,0.06269784983387845,0.8012244671951687
25665,LOF,0.062080548045071945,0.03194310412617019,0.9059763478287579
25666,LOF,0.09896239658177351,0.06477185713413593,0.8362657462840906
25667,LOF,0.073161553470091,0.04062327393701902,0.88621517259289
25668,LOF,0.037631339155522324,0.04949992947533986,0.9128687313691379
25669,LOF,0.030197674388649894,0.04645700382991117,0.9233453217814389
25670,LOF,0.15702072538801085,0.053639416360315585,0.7893398582516735
25671,LOF,0.11446654138616115,0.034593929848880586,0.8509395287649584
25672,LOF,0.0513351997005937,0.04593142386633487,0.9027333764330713
25673,LOF,0.07953738314944163,0.049561287273487103,0.8709013295770712
25674,LOF,0.06821321777084911,0.05770974909461747,0.8740770331345333
25675,LOF,0.10181083746641122,0.061877305433888974,0.8363118570996997
25676,LOF,0.019493812140823994,0.05391337449583665,0.9265928133633394
25677,LOF,0.025631038093643997,0.07226192368557048,0.9021070382207854
25678,LOF,0.20296430821814557,0.06897521310792847,0.7280604786739261
25679,LOF,0.12516221431756244,0.07717961678077455,0.797658168901663
25680,LOF,0.03409683415089861,0.11670863388217341,0.8491945319669281
25681,LOF,0.05110406463356531,0.10728904797610331,0.8416068873903314
25682,LOF,0.14448994621412026,0.07529931369012188,0.7802107400957579
25683,LOF,0.12344594568627414,0.08910234388854445,0.7874517104251815
25684,LOF,0.04132660679364669,0.0698168081276002,0.8888565850787531
25685,LOF,0.12816263871383157,0.07669915439266135,0.7951382068935071
25686,LOF,0.08225075755447903,0.10716458828912463,0.8105846541563962
25687,LOF,0.14184213333902845,0.11554313201420144,0.7426147346467701
25688,LOF,0.3658987083273196,0.045849263996978085,0.5882520276757023
25689,LOF,0.3151724232570964,0.048081987650524426,0.6367455890923792
25690,LOF,0.3737217422938944,0.038421656437865624,0.5878566012682401
25691,Neutral,0.7229531378034386,0.03439428897387184,0.24265257322268943
25692,LOF,0.35208543140161286,0.013653295135614934,0.6342612734627722
25693,LOF,0.04309678647509226,0.4274593603109039,0.5294438532140039
25694,LOF,0.1227050491723746,0.01764221226777053,0.8596527385598548
25695,LOF,0.11777821022722622,0.01617908747417366,0.8660427022986
25696,LOF,0.12084241818377532,0.011139161005612255,0.8680184208106125
25697,LOF,0.08139347408495705,0.050149195787846504,0.8684573301271964
25698,LOF,0.34335225004806225,0.15884036929144463,0.49780738066049324
25699,Neutral,0.5069653432538318,0.0421914054390995,0.4508432513070686
25700,LOF,0.07888065502661358,0.009767788911368586,0.9113515560620179
25701,LOF,0.20997242633707436,0.0457191560352708,0.7443084176276549
25702,GOF,0.1747188881477675,0.6044684093078874,0.22081270254434507
25703,LOF,0.015660747384688117,0.15012899443627672,0.8342102581790352
25704,LOF,0.039041906382873554,0.11879552444800177,0.8421625691691248
25705,LOF,0.05343435133088435,0.14857992018327443,0.7979857284858414
25706,LOF,0.1036404079639107,0.4348291921148985,0.46153039992119077
25707,LOF,0.0996251890535322,0.3780894171041149,0.522285393842353
25708,LOF,0.03792161981275747,0.34103651454239065,0.6210418656448519
25709,LOF,0.07086157571546373,0.04923386142722499,0.8799045628573112
25710,LOF,0.01230266856982917,0.1735592185933817,0.8141381128367892
25711,LOF,0.021050485104018003,0.08950512081771958,0.8894443940782624
25712,LOF,0.014444162549616594,0.20114384069002453,0.7844119967603589
25713,LOF,0.019580035420234693,0.08391174334149613,0.8965082212382691
25714,LOF,0.07605793790192958,0.08739550884337789,0.8365465532546925
25715,LOF,0.011829617933766978,0.15181525652794672,0.8363551255382864
25716,LOF,0.011332076064661986,0.1078450618601194,0.8808228620752186
25717,LOF,0.016203341057548202,0.07389491355598841,0.9099017453864635
25718,LOF,0.011846194172880131,0.09153651520267826,0.8966172906244416
25719,LOF,0.019922812771023264,0.07971133754368218,0.9003658496852945
25720,LOF,0.025082050234632332,0.07487137391617542,0.9000465758491923
25721,LOF,0.01368129987801769,0.11640958731776602,0.8699091128042162
25722,LOF,0.01425725043210723,0.12245328335273303,0.8632894662151598
25723,LOF,0.023934885055929594,0.05262949778724643,0.923435617156824
25724,LOF,0.03327316021872182,0.09276164842450924,0.873965191356769
25725,LOF,0.011624731178530842,0.08303208164486796,0.9053431871766012
25726,LOF,0.016234709681645604,0.1181464856969077,0.8656188046214468
25727,LOF,0.012518724182240027,0.09044159984993326,0.8970396759678267
25728,LOF,0.01036274967444228,0.11558368680242301,0.8740535635231348
25729,LOF,0.010596275096639967,0.11241917663250722,0.8769845482708528
25730,LOF,0.014542082187937844,0.09595329030372318,0.889504627508339
25731,LOF,0.019296244109016703,0.1041767149760433,0.8765270409149399
25732,LOF,0.01480600013891088,0.07551179620495528,0.909682203656134
25733,LOF,0.015932870460733307,0.07855586536395938,0.9055112641753073
25734,LOF,0.010704061039805873,0.12411973379711824,0.8651762051630759
25735,LOF,0.01199820596131055,0.0833965014133408,0.9046052926253486
25736,LOF,0.013426979335645609,0.09439696408308666,0.8921760565812678
25737,LOF,0.01258553044674333,0.08246692978742222,0.9049475397658345
25738,LOF,0.01225180450353289,0.11564486696744433,0.8721033285290228
25739,LOF,0.020624997695958228,0.08604913472140123,0.8933258675826405
25740,LOF,0.02806156288104548,0.12227748215743016,0.8496609549615243
25741,LOF,0.015095674196953584,0.1254910817392641,0.8594132440637824
25742,LOF,0.12364689289449793,0.09307354775896473,0.7832795593465375
25743,LOF,0.036292408733245234,0.05846512981868091,0.9052424614480739
25744,Neutral,0.546776260310608,0.2547649993381491,0.19845874035124283
25745,LOF,0.06450140122519099,0.08243015990686628,0.8530684388679427
25746,LOF,0.043958941682373166,0.10812451018489837,0.8479165481327284
25747,LOF,0.019248006521277016,0.07833721143634642,0.9024147820423766
25748,LOF,0.11326361663751287,0.11948291830968492,0.7672534650528023
25749,LOF,0.025845418944284423,0.09615322562062595,0.8780013554350897
25750,LOF,0.07834653222479454,0.09813888865073367,0.8235145791244718
25751,LOF,0.08271222626413689,0.15231152259851982,0.7649762511373432
25752,GOF,0.1332069146060606,0.5976053928932041,0.26918769250073526
25753,LOF,0.020885866431853826,0.28290050644549125,0.696213627122655
25754,GOF,0.014065972935913093,0.7817354908730562,0.20419853619103073
25755,LOF,0.025031425377635197,0.3907184065826728,0.5842501680396921
25756,LOF,0.04748058090540754,0.3645486582710579,0.5879707608235345
25757,GOF,0.01836393885465952,0.8169905327477446,0.16464552839759594
25758,GOF,0.028687392762767792,0.7677884403666877,0.2035241668705446
25759,GOF,0.01084051402709959,0.594128513733586,0.3950309722393145
25760,LOF,0.013244084522322093,0.27044831706806066,0.7163075984096172
25761,GOF,0.2902669578597873,0.602393262216133,0.10733977992407964
25762,LOF,0.04744286220751545,0.27319275713175284,0.6793643806607318
25763,LOF,0.014329861545986896,0.20555793668951355,0.7801122017644996
25764,GOF,0.07579375217215156,0.6314709015604544,0.292735346267394
25765,GOF,0.037966954092458455,0.7256567355045218,0.23637631040301973
25766,GOF,0.08368212768304327,0.7136991950937466,0.20261867722321011
25767,GOF,0.1420017508631715,0.5194104553122167,0.3385877938246116
25768,LOF,0.10957603973166372,0.05894751375962837,0.8314764465087079
25769,LOF,0.05984390771786256,0.06929179462359442,0.870864297658543
25770,LOF,0.3270577583810474,0.1168852220256544,0.5560570195932982
25771,LOF,0.04937307959581182,0.050893591372428305,0.8997333290317598
25772,LOF,0.019207676239545207,0.044563162661571114,0.9362291610988838
25773,LOF,0.05060339172790246,0.09707458251960743,0.8523220257524902
25774,LOF,0.02633235010756414,0.09248860465015968,0.8811790452422762
25775,LOF,0.04900716410458833,0.051377210477000834,0.8996156254184109
25776,LOF,0.07789136949463336,0.028920244581790787,0.8931883859235757
25777,LOF,0.347991074572833,0.06966956452933981,0.5823393608978271
25778,LOF,0.07242322484929842,0.05097515040412488,0.8766016247465767
25779,GOF,0.386833440053881,0.5788370001639501,0.034329559782168964
25780,GOF,0.35046995998318153,0.5831015200413061,0.06642851997551223
25781,GOF,0.16009020844090122,0.7430749614446297,0.09683483011446911
25782,GOF,0.21904253975394314,0.7032250191047551,0.07773244114130186
25783,GOF,0.02360122065734247,0.6480873840256655,0.3283113953169921
25784,Neutral,0.5112603521365199,0.45427285977790843,0.034466788085571604
25785,Neutral,0.5016487157603204,0.46704561775833975,0.03130566648133974
25786,GOF,0.02841615200865507,0.7823545501173742,0.18922929787397083
25787,Neutral,0.6679384735795674,0.3106640504754116,0.021397475945020953
25788,LOF,0.06380997899677665,0.10090848229160543,0.8352815387116178
25789,GOF,0.23565881862824503,0.6412385877284483,0.12310259364330667
25790,GOF,0.2452996864542846,0.6639171424881949,0.09078317105752051
25791,GOF,0.1915198518091658,0.6609146044206969,0.1475655437701373
25792,GOF,0.3860033125544712,0.5030863144574192,0.1109103729881095
25793,GOF,0.27222442983733625,0.5395491520142244,0.18822641814843932
25794,GOF,0.33076841408552626,0.5214760642410089,0.14775552167346484
25795,GOF,0.090778370392986,0.6620975077253305,0.24712412188168353
25796,Neutral,0.5718364584013094,0.3574982085409621,0.07066533305772858
25797,GOF,0.09437471133949343,0.5342578749484027,0.37136741371210374
25798,GOF,0.009356965066707218,0.5228351626456695,0.4678078722876232
25799,LOF,0.007595368953444009,0.42083559061407033,0.5715690404324857
25800,GOF,0.040209286517589704,0.5923206486097168,0.3674700648726935
25801,GOF,0.22644077443602414,0.6670868365751221,0.10647238898885363
25802,GOF,0.0647295952422942,0.7019139208991991,0.23335648385850685
25803,GOF,0.04024946474740415,0.5919024149528498,0.36784812029974606
25804,GOF,0.03860333855700773,0.5233608640951923,0.4380357973477999
25805,GOF,0.09863171267313985,0.6049498704953744,0.2964184168314858
25806,GOF,0.12067417924091191,0.6083013380181955,0.2710244827408926
25807,GOF,0.020662285924705325,0.6250097143461476,0.35432799972914714
25808,GOF,0.09361115431736959,0.6259004088224389,0.2804884368601916
25809,GOF,0.020980779028541438,0.6213475685853416,0.3576716523861169
25810,GOF,0.02013908691105938,0.6383477110293189,0.3415132020596219
25811,Neutral,0.5065181192503752,0.4316229130529847,0.06185896769664026
25812,GOF,0.04003829500848425,0.6702873948381113,0.2896743101534045
25813,Neutral,0.539015587243289,0.3736090641744717,0.08737534858223928
25814,GOF,0.14275949110235342,0.6610334112091424,0.19620709768850422
25815,GOF,0.21246132670865084,0.624620044620988,0.16291862867036122
25816,GOF,0.02342446395697441,0.7203412089617952,0.25623432708123045
25817,GOF,0.25165057039898203,0.6330031184668924,0.11534631113412565
25818,GOF,0.05669575922105739,0.6173794881228085,0.3259247526561341
25819,GOF,0.40363349713103175,0.4578604760734884,0.13850602679547994
25820,GOF,0.18266501905970528,0.5954725309847667,0.2218624499555281
25821,GOF,0.06089248518821493,0.6709900520436629,0.2681174627681223
25822,GOF,0.2381226067913692,0.5366909049687262,0.22518648823990456
25823,GOF,0.031978849438373966,0.5244571676537224,0.44356398290790355
25824,GOF,0.07911059803395572,0.573731776316327,0.34715762564971736
25825,GOF,0.03146719714119718,0.5654398371162599,0.4030929657425429
25826,GOF,0.011262968946441382,0.5421094209084198,0.4466276101451388
25827,GOF,0.024646823734445655,0.6103219308944222,0.3650312453711322
25828,GOF,0.014690732508424436,0.5304022163838675,0.45490705110770796
25829,GOF,0.006820334694187826,0.5784319511039995,0.41474771420181283
25830,LOF,0.04091188689636538,0.32011170024818847,0.6389764128554462
25831,GOF,0.21349054349531263,0.6592824718657331,0.12722698463895432
25832,GOF,0.033219134531460186,0.6936328287742263,0.27314803669431353
25833,GOF,0.1395570719458717,0.696662616556729,0.16378031149739938
25834,GOF,0.04217665421067953,0.6998618726140837,0.2579614731752368
25835,GOF,0.09737172805218099,0.7144335290147837,0.18819474293303529
25836,GOF,0.048562891925361416,0.6743477699463675,0.2770893381282712
25837,GOF,0.028401275205521753,0.5601424968089622,0.4114562279855161
25838,GOF,0.09742393925027631,0.7301623528639289,0.17241370788579477
25839,GOF,0.33990084612137406,0.5301487113229285,0.12995044255569735
25840,GOF,0.2560366785013282,0.5833952440350144,0.1605680774636575
25841,GOF,0.2670455323488929,0.5731106122446322,0.15984385540647478
25842,GOF,0.21241667336426306,0.6585850730781144,0.12899825355762243
25843,GOF,0.27107947194879123,0.6400747537270016,0.08884577432420722
25844,GOF,0.0720935515836563,0.7028321693751972,0.22507427904114666
25845,GOF,0.014594308801283807,0.4992546375935881,0.48615105360512806
25846,GOF,0.12422008648972307,0.719666812917216,0.15611310059306108
25847,GOF,0.13372098621315667,0.7699899420648723,0.09628907172197114
25848,GOF,0.038757045703592466,0.6947051815143107,0.26653777278209684
25849,GOF,0.011800737910837406,0.5936573826699272,0.3945418794192355
25850,GOF,0.023065393971364184,0.6743519876189178,0.30258261840971795
25851,GOF,0.017540553059973128,0.5767681845032278,0.40569126243679915
25852,GOF,0.1705348657467893,0.5804018258520918,0.2490633084011189
25853,GOF,0.3772451286754447,0.5704353985743391,0.05231947275021625
25854,GOF,0.019352149363388648,0.6575909927489616,0.3230568578876497
25855,GOF,0.03952356024814951,0.5804325488281881,0.3800438909236624
25856,GOF,0.24493730504909927,0.5551996962393718,0.1998629987115289
25857,GOF,0.03811985181627941,0.5192587726228306,0.44262137556089004
25858,GOF,0.018958376907057543,0.5687595122745448,0.4122821108183977
25859,GOF,0.010890332415840311,0.5570620958439098,0.43204757174024994
25860,GOF,0.38356679840673646,0.5434104999097675,0.07302270168349609
25861,GOF,0.4446561161360698,0.4924175266685399,0.0629263571953903
25862,GOF,0.12071858113783666,0.7511476933655004,0.1281337254966629
25863,GOF,0.1092593961607267,0.772341662218453,0.11839894162082015
25864,GOF,0.2222722090346459,0.7041988161715527,0.07352897479380159
25865,GOF,0.10296375633377723,0.798173277708279,0.09886296595794394
25866,GOF,0.07527135251414444,0.8046977891884366,0.12003085829741884
25867,GOF,0.09818589848622358,0.8106014073763581,0.0912126941374182
25868,GOF,0.28755680627186375,0.6308024333051542,0.08164076042298217
25869,Neutral,0.6929893039467444,0.27303424048265557,0.033976455570599945
25870,GOF,0.3375977526510091,0.3556023470556898,0.3067999002933011
25871,GOF,0.22455179451787202,0.6217028511980656,0.1537453542840625
25872,GOF,0.09350875412629918,0.6379155529509392,0.2685756929227617
25873,GOF,0.15932359072521468,0.6452554444972782,0.1954209647775069
25874,LOF,0.019158033996912086,0.11637569244538978,0.864466273557698
25875,LOF,0.1011255714331904,0.036706058781502265,0.8621683697853073
25876,LOF,0.036939503110487326,0.04427855111535817,0.9187819457741545
25877,Neutral,0.5000598069625579,0.04084966123374489,0.4590905318036972
25878,LOF,0.24155101681253222,0.07035956937280674,0.6880894138146612
25879,LOF,0.09296183803471225,0.08402341155682176,0.823014750408466
25880,LOF,0.023915097846028473,0.020732113634262545,0.9553527885197091
25881,LOF,0.21592647826623465,0.09147057208504113,0.6926029496487243
25882,LOF,0.06882528135673956,0.014864930208591894,0.9163097884346685
25883,LOF,0.08517592308570296,0.017295256847690395,0.8975288200666067
25884,LOF,0.04026635027529225,0.026846341738465302,0.9328873079862425
25885,LOF,0.07459457840711675,0.010644667175781223,0.9147607544171021
25886,LOF,0.34680541679930543,0.02838432052476872,0.6248102626759259
25887,LOF,0.16220715059207083,0.059043353374031445,0.7787494960338978
25888,LOF,0.07245600953375059,0.05261257365264973,0.8749314168135996
25889,LOF,0.052240620935167154,0.017764994794023548,0.9299943842708092
25890,LOF,0.053927880413816104,0.12714081776191002,0.8189313018242739
25891,LOF,0.04662490722852103,0.046842076437774355,0.9065330163337045
25892,LOF,0.09816491436015579,0.022219797514872085,0.8796152881249721
25893,LOF,0.2695917362309296,0.016571241489836314,0.7138370222792341
25894,LOF,0.19844047959553576,0.010293940422702562,0.7912655799817616
25895,LOF,0.21650135949840993,0.020344274743124884,0.7631543657584652
25896,LOF,0.05053979606753777,0.019909940405585743,0.9295502635268765
25897,LOF,0.2522461491246448,0.012495446640030767,0.7352584042353243
25898,Neutral,0.7073149297242368,0.009417077112549552,0.2832679931632136
25899,LOF,0.2372643128449894,0.023483129422842586,0.739252557732168
25900,LOF,0.446503327106142,0.015519034250629175,0.5379776386432288
25901,LOF,0.055406990729460565,0.011320641294321403,0.9332723679762182
25902,LOF,0.1724590044403299,0.011509111885550708,0.8160318836741194
25903,Neutral,0.5285065281210979,0.0350549204660581,0.436438551412844
25904,LOF,0.296758684154717,0.0437275000133633,0.6595138158319198
25905,LOF,0.022446085536657882,0.3122268704347259,0.6653270440286163
25906,LOF,0.02251707308088431,0.06748181596971835,0.9100011109493974
25907,LOF,0.01404779666966364,0.32519178388897063,0.6607604194413658
25908,LOF,0.010898257125000284,0.22561294226513953,0.7634888006098602
25909,LOF,0.013327220319088343,0.12965134075483603,0.8570214389260757
25910,LOF,0.0502309729365055,0.11356267992422016,0.8362063471392743
25911,LOF,0.16676281325011041,0.030551608883965974,0.8026855778659235
25912,LOF,0.04306585208075588,0.04506803384805415,0.91186611407119
25913,LOF,0.3066960178760827,0.021103099232051777,0.6722008828918655
25914,LOF,0.019195307830947295,0.14757294053215356,0.8332317516368992
25915,Neutral,0.4393042528634002,0.36076002757553643,0.19993571956106326
25916,LOF,0.06071001916071712,0.437114241533605,0.5021757393056779
25917,LOF,0.05814735122288794,0.0986691547947737,0.8431834939823385
25918,LOF,0.024384187648208336,0.0920144118280331,0.8836014005237586
25919,LOF,0.02037851249811235,0.09817703048933707,0.8814444570125506
25920,GOF,0.10628660187817614,0.5113696720918764,0.3823437260299474
25921,LOF,0.02551731336598465,0.027477809031579717,0.9470048776024356
25922,LOF,0.03473268882019529,0.01960141005078865,0.9456659011290162
25923,LOF,0.395668906705688,0.02359715428760568,0.5807339390067063
25924,LOF,0.0354169329028372,0.04327163904491398,0.9213114280522489
25925,LOF,0.06456730873621394,0.029470660679093152,0.9059620305846929
25926,LOF,0.047582310429151085,0.023010486341223515,0.9294072032296253
25927,LOF,0.07252084908819381,0.08389421531956162,0.8435849355922446
25928,LOF,0.020269839180961882,0.0375569735049753,0.9421731873140629
25929,Neutral,0.5258043192003057,0.025750700083201683,0.4484449807164925
25930,LOF,0.05526162812301712,0.020726252471113323,0.9240121194058695
25931,LOF,0.030059768084393524,0.023112286983415276,0.9468279449321912
25932,LOF,0.02824637105668203,0.020795621769386007,0.9509580071739319
25933,LOF,0.03866657552599735,0.014976155764969202,0.9463572687090336
25934,LOF,0.024614875518187977,0.018524307619063044,0.9568608168627489
25935,LOF,0.05939371845704355,0.03358338525769642,0.9070228962852601
25936,LOF,0.04975473190942687,0.021711562082552958,0.9285337060080201
25937,LOF,0.0279425344429166,0.029828642168565345,0.9422288233885181
25938,LOF,0.062446534990382364,0.03555148532877938,0.9020019796808382
25939,LOF,0.03906442481932291,0.013123141685309894,0.9478124334953673
25940,LOF,0.032570542551458366,0.3946576412176515,0.57277181623089
25941,LOF,0.1805345359848773,0.09383779583400864,0.7256276681811141
25942,LOF,0.017914768469083655,0.02590175588614115,0.9561834756447751
25943,LOF,0.3167224073056303,0.05303973590227758,0.6302378567920921
25944,Neutral,0.4920995130411275,0.02520835643921231,0.48269213051966015
25945,LOF,0.07296230592850503,0.02179076670821791,0.905246927363277
25946,LOF,0.02485984304362976,0.1289137111241594,0.8462264458322108
25947,LOF,0.1205147234401619,0.2020762778575947,0.6774089987022435
25948,LOF,0.4139379750965349,0.010500761629085658,0.5755612632743794
25949,LOF,0.10927970857765716,0.04670050855666623,0.8440197828656767
25950,GOF,0.2628935713776505,0.4192802505026208,0.3178261781197287
25951,LOF,0.26622208883340914,0.2374316777666937,0.49634623339989714
25952,LOF,0.043199726547687944,0.4414279613243391,0.5153723121279729
25953,LOF,0.13218455813049965,0.12808989004287638,0.7397255518266239
25954,Neutral,0.42478892895122583,0.20496161956422213,0.37024945148455213
25955,LOF,0.0573674491445868,0.08727007148291768,0.8553624793724955
25956,LOF,0.1831167536113166,0.0961224738086241,0.7207607725800592
25957,LOF,0.03740386518852169,0.03579718667386957,0.9267989481376088
25958,LOF,0.06507157153603652,0.02537977595130308,0.9095486525126605
25959,LOF,0.0794697014158232,0.34506363244167765,0.5754666661424992
25960,LOF,0.019817960669018028,0.04862084907980432,0.9315611902511778
25961,LOF,0.05327021450167754,0.02662940862210473,0.9201003768762176
25962,LOF,0.05637944368998002,0.031213348565148062,0.912407207744872
25963,LOF,0.04639092357446504,0.1884638375323573,0.7651452388931776
25964,LOF,0.03734613295672731,0.14722926174031778,0.8154246053029548
25965,LOF,0.44504867967534667,0.08353140853666599,0.4714199117879873
25966,Neutral,0.45272413017692564,0.10341630100908188,0.44385956881399247
25967,LOF,0.012719575604963113,0.059525247050602886,0.927755177344434
25968,LOF,0.028590867474090398,0.47786078461374215,0.4935483479121674
25969,LOF,0.024151019507500367,0.06494953282364287,0.9108994476688568
25970,LOF,0.06151682011042984,0.05201741692357291,0.8864657629659972
25971,LOF,0.08148474553455719,0.014782740688249004,0.9037325137771938
25972,LOF,0.07981242283283944,0.019186324742585425,0.9010012524245752
25973,LOF,0.09084380740474597,0.008013996846808001,0.901142195748446
25974,LOF,0.201745675801533,0.016392987591812243,0.7818613366066548
25975,LOF,0.052424435805767874,0.02770361794028852,0.9198719462539436
25976,LOF,0.04571799135442213,0.01327502086341769,0.9410069877821601
25977,LOF,0.15104088009006608,0.09294615880328914,0.7560129611066447
25978,LOF,0.16284332793545672,0.052044863901061195,0.785111808163482
25979,LOF,0.15167321928801986,0.05246889874115487,0.7958578819708253
25980,LOF,0.22032156411748566,0.07081908610749671,0.7088593497750176
25981,LOF,0.25466471105987154,0.06777387542536775,0.6775614135147607
25982,LOF,0.43034231735452844,0.0465955598836087,0.5230621227618629
25983,LOF,0.4051150103712529,0.049326887817968276,0.5455581018107788
25984,LOF,0.054324603229408915,0.05078285917202041,0.8948925375985706
25985,LOF,0.026896976898076286,0.2229166692032598,0.750186353898664
25986,LOF,0.04057540908742933,0.263537446266603,0.6958871446459678
25987,LOF,0.0878685931973921,0.066842247659345,0.845289159143263
25988,LOF,0.13974420722465164,0.05456920913430009,0.8056865836410482
25989,LOF,0.030957510275000436,0.1067397866622096,0.8623027030627899
25990,LOF,0.03750825677984116,0.13026389443131445,0.8322278487888444
25991,LOF,0.18638719269710238,0.2626193891214569,0.5509934181814408
25992,LOF,0.4038402944388511,0.14134510694543717,0.45481459861571166
25993,LOF,0.02343550723456367,0.07173182795636093,0.9048326648090754
25994,LOF,0.01769309508211518,0.10669223476395345,0.8756146701539312
25995,LOF,0.026930262691327173,0.18396414645815268,0.78910559085052
25996,GOF,0.30397694632538486,0.4265448477390632,0.2694782059355518
25997,GOF,0.11035470631881245,0.44737139489032024,0.44227389879086726
25998,Neutral,0.5401916178800503,0.02999796879930296,0.4298104133206468
25999,LOF,0.11162775039123732,0.1043118583177953,0.7840603912909675
26000,LOF,0.15771045841024278,0.030972218913479267,0.811317322676278
26001,LOF,0.19489206248409235,0.02875948499654317,0.7763484525193644
26002,LOF,0.12340673526279289,0.030689333896756894,0.8459039308404503
26003,GOF,0.011632728753280426,0.5565317498440358,0.43183552140268383
26004,GOF,0.021455992408590377,0.6087608842544007,0.3697831233370089
26005,LOF,0.008681905988425805,0.4252511156615423,0.566066978350032
26006,Neutral,0.5205970070532459,0.2177941197648635,0.2616088731818907
26007,GOF,0.023853172399328305,0.5174341557756785,0.45871267182499315
26008,GOF,0.020981220316903002,0.5469937693379849,0.43202501034511215
26009,GOF,0.02601473370771337,0.5947928785613026,0.379192387730984
26010,GOF,0.026838725886612624,0.5959865893208595,0.3771746847925278
26011,LOF,0.007707249548433456,0.43437702554756474,0.5579157249040018
26012,GOF,0.016805213239619966,0.5311687260738213,0.4520260606865588
26013,GOF,0.02315397836570928,0.5835039883218578,0.39334203331243295
26014,LOF,0.041509655564661824,0.14133278585233663,0.8171575585830015
26015,LOF,0.20285082999273224,0.008913273652786706,0.788235896354481
26016,LOF,0.24253711460621583,0.04472722696856416,0.71273565842522
26017,LOF,0.24387144451967227,0.06908468681078758,0.6870438686695403
26018,LOF,0.10452904768501226,0.029484187522284235,0.8659867647927035
26019,LOF,0.10051690621283219,0.022901766550807934,0.8765813272363598
26020,LOF,0.06961076655744454,0.09767200535323002,0.8327172280893254
26021,LOF,0.04447220192908339,0.10853369779695204,0.8469941002739647
26022,LOF,0.011258795403449772,0.04044655296410772,0.9482946516324425
26023,LOF,0.1267645914221161,0.020043706624083137,0.8531917019538007
26024,LOF,0.02971886387243285,0.10413707084893813,0.866144065278629
26025,LOF,0.17145685149075002,0.084124560108045,0.744418588401205
26026,LOF,0.3375524606074055,0.021141546903536354,0.6413059924890582
26027,LOF,0.09788873272349437,0.014551048961897474,0.8875602183146082
26028,LOF,0.14997265120334963,0.07165639120621237,0.7783709575904381
26029,LOF,0.08042471305592039,0.21846457942740094,0.7011107075166787
26030,LOF,0.027457164011574796,0.05959302586461646,0.9129498101238088
26031,LOF,0.03224859669944653,0.15835609141952878,0.8093953118810246
26032,LOF,0.07926754936812484,0.0643000761642373,0.8564323744676379
26033,LOF,0.13348474442870012,0.0786635983870527,0.7878516571842473
26034,LOF,0.04955979055353781,0.1647592282084342,0.785680981238028
26035,LOF,0.029777771208919352,0.15739671641354774,0.8128255123775329
26036,LOF,0.043325274142401574,0.18975695702621087,0.7669177688313875
26037,LOF,0.02452998780308067,0.12528988990399614,0.8501801222929232
26038,LOF,0.07149429186153348,0.06758937559633164,0.8609163325421348
26039,LOF,0.06109005923603094,0.16528078412152872,0.7736291566424404
26040,LOF,0.22301066456362645,0.15741141212505225,0.6195779233113213
26041,LOF,0.02571120376627172,0.11773694930965825,0.8565518469240699
26042,LOF,0.025147473490169263,0.1109357849886999,0.8639167415211308
26043,LOF,0.07129312144372868,0.0803833038460831,0.8483235747101882
26044,LOF,0.023023791462876936,0.07630805581724975,0.9006681527198732
26045,LOF,0.07612316529073081,0.10699805471857812,0.816878779990691
26046,LOF,0.07257090586432839,0.08030951470060671,0.8471195794350649
26047,LOF,0.1001605957052822,0.08592323450518471,0.8139161697895332
26048,LOF,0.054550813425550244,0.05147078365358436,0.8939784029208653
26049,Neutral,0.958632815753453,0.008494565633110403,0.03287261861343646
26050,Neutral,0.9454696536894867,0.01073952578155153,0.04379082052896192
26051,LOF,0.04195610628474986,0.3337047546082725,0.6243391391069777
26052,LOF,0.060007116479857354,0.3477689784506127,0.5922239050695299
26053,LOF,0.0556115821348935,0.12277495419045227,0.8216134636746542
26054,LOF,0.05776797781562334,0.018485992915392928,0.9237460292689837
26055,LOF,0.08099901337526944,0.01443681718775335,0.9045641694369772
26056,LOF,0.06396805823325825,0.0164304767961488,0.919601464970593
26057,LOF,0.03239270350401015,0.0097877000460521,0.9578195964499376
26058,LOF,0.033957296132974914,0.007852802859442586,0.9581899010075824
26059,LOF,0.32344328444914444,0.024136825164153806,0.6524198903867018
26060,LOF,0.031820961941041434,0.17019430955231465,0.7979847285066439
26061,LOF,0.017458001698899744,0.010043192788899848,0.9724988055122005
26062,LOF,0.011183741938378842,0.017137941826494564,0.9716783162351265
26063,LOF,0.023664806447390826,0.011344776903271339,0.9649904166493379
26064,LOF,0.02308186525025839,0.01738729596729206,0.9595308387824495
26065,LOF,0.026027615652631307,0.010900504079357418,0.9630718802680114
26066,LOF,0.022433083801533537,0.01027520738610591,0.9672917088123605
26067,LOF,0.028951466944887073,0.00777626115557731,0.9632722718995356
26068,LOF,0.04959209740024828,0.030627742800574384,0.9197801597991773
26069,LOF,0.26718224731859447,0.019481692981161713,0.7133360597002438
26070,LOF,0.3949682348208571,0.015169479939680937,0.5898622852394619
26071,LOF,0.024656057217102276,0.012598341627220141,0.9627456011556776
26072,LOF,0.023272189045847998,0.016471769165034192,0.9602560417891177
26073,LOF,0.026819534903590774,0.009884133489626903,0.9632963316067823
26074,Neutral,0.906798590114295,0.005350632165101235,0.08785077772060393
26075,LOF,0.04529358826373693,0.014643837801169218,0.9400625739350937
26076,LOF,0.04790750680992867,0.008004417286715856,0.9440880759033555
26077,LOF,0.00926449945003169,0.01677951994131154,0.9739559806086567
26078,LOF,0.013600157578034315,0.009793498502427713,0.976606343919538
26079,LOF,0.06265119511171753,0.016531960373517857,0.9208168445147646
26080,LOF,0.06169386187444079,0.016548243276184975,0.9217578948493742
26081,LOF,0.03862473179156211,0.005513966050741204,0.9558613021576968
26082,LOF,0.018515957875153026,0.013564943151039219,0.9679190989738078
26083,LOF,0.13691931500726978,0.011171802312016638,0.8519088826807135
26084,LOF,0.029136368237971607,0.010646037191153616,0.9602175945708749
26085,LOF,0.02511916844964428,0.010251671161305,0.9646291603890508
26086,LOF,0.025990991129931477,0.010673192654675001,0.9633358162153935
26087,LOF,0.02916993838381436,0.007726444059016874,0.9631036175571688
26088,LOF,0.01526081327847003,0.02684074207925564,0.9578984446422744
26089,LOF,0.04766087759775341,0.022571792325504197,0.9297673300767424
26090,LOF,0.04589190596041004,0.018116872491535478,0.9359912215480546
26091,LOF,0.04076242369107758,0.005697501948260466,0.9535400743606619
26092,LOF,0.027369215649280666,0.007621357629358759,0.9650094267213606
26093,LOF,0.04195556495399283,0.005258705757037038,0.9527857292889702
26094,LOF,0.04463587135298622,0.0057301631438339854,0.9496339655031797
26095,LOF,0.04523897389206219,0.012920085247917464,0.9418409408600203
26096,LOF,0.020749854639473098,0.009822078388351281,0.9694280669721755
26097,LOF,0.01237689405613014,0.03876143644393834,0.9488616694999316
26098,LOF,0.0750166120396817,0.010400174374643602,0.9145832135856746
26099,LOF,0.026797816350174575,0.011603670057577791,0.9615985135922476
26100,LOF,0.028821759322705497,0.010813029327213433,0.9603652113500811
26101,LOF,0.05890956884075846,0.01107817465823179,0.9300122565010097
26102,LOF,0.02733332410048885,0.01245105833923796,0.9602156175602732
26103,Neutral,0.8902006248119203,0.015902690487387888,0.09389668470069192
26104,LOF,0.08470320029583861,0.02488766814470654,0.8904091315594549
26105,LOF,0.19081494332950252,0.2902462404991562,0.5189388161713413
26106,LOF,0.21192254518966194,0.12097221805302635,0.6671052367573116
26107,LOF,0.26298379109763625,0.07802071744844465,0.6589954914539191
26108,LOF,0.25422287100819396,0.12300091406431378,0.6227762149274922
26109,LOF,0.10245845236036182,0.07823365261799005,0.8193078950216481
26110,LOF,0.24961177930274855,0.006740457080370915,0.7436477636168806
26111,Neutral,0.5033663444725159,0.015972850797008796,0.48066080473047523
26112,LOF,0.035600671478708566,0.00793747598640994,0.9564618525348814
26113,LOF,0.05712529614554047,0.015661736397855282,0.9272129674566043
26114,LOF,0.0286157212115741,0.023747197875166565,0.9476370809132594
26115,LOF,0.0938737117565064,0.06594874759225436,0.8401775406512393
26116,LOF,0.06546662217644823,0.057739513423029194,0.8767938644005225
26117,LOF,0.4202727464899881,0.0564309092097623,0.5232963443002496
26118,LOF,0.03686826653109047,0.02787500591206325,0.9352567275568464
26119,LOF,0.023698408684000975,0.036621280500886755,0.9396803108151122
26120,LOF,0.02995642097858485,0.027131945760608213,0.942911633260807
26121,LOF,0.05179061368871485,0.0892788089080992,0.858930577403186
26122,LOF,0.044303423969343544,0.04217935396289009,0.9135172220677664
