feature0,prediction,LoGoFunc_Neutral,LoGoFunc_GOF,LoGoFunc_LOF
25546,Neutral,0.6359970719205738,0.06245386560836007,0.30154906247106616
25547,Neutral,0.4988236415962824,0.0987318312068914,0.4024445271968263
25548,Neutral,0.5011868662902506,0.08588953413054713,0.4129235995792023
25549,LOF,0.4305950633580901,0.08484523196747101,0.48455970467443904
25550,LOF,0.35561659204698715,0.10417251940824433,0.5402108885447686
25551,LOF,0.30023209826852854,0.11478455015466443,0.584983351576807
25552,LOF,0.27497518592931797,0.11521347716566928,0.6098113369050128
25553,Neutral,0.7857382923863333,0.04953499686407794,0.16472671074958886
25554,LOF,0.313155366075068,0.10702951204707913,0.5798151218778528
25555,LOF,0.27311197144901095,0.10243879563186292,0.6244492329191261
25556,Neutral,0.4531285769568891,0.09468553826236584,0.4521858847807451
25557,LOF,0.2630616540918898,0.10537099112857241,0.6315673547795377
25558,LOF,0.3164399475024723,0.10431585050884104,0.5792442019886866
25559,LOF,0.29021604378815796,0.06501281414501359,0.6447711420668284
25560,LOF,0.10185073070903854,0.1528807367798193,0.7452685325111421
25561,LOF,0.11883866920238535,0.19700952786648235,0.6841518029311322
25562,LOF,0.04094293024049076,0.10913734573095399,0.8499197240285552
25563,LOF,0.013235036824176373,0.17929765360192262,0.8074673095739011
25564,LOF,0.09879697119381635,0.11317958195967633,0.7880234468465073
25565,LOF,0.17959373709620705,0.13773324176607757,0.6826730211377153
25566,GOF,0.06378586370096308,0.6452413382889625,0.2909727980100745
25567,LOF,0.03711487329130538,0.155808030933805,0.8070770957748897
25568,LOF,0.05496941708234341,0.09147501358334724,0.8535555693343093
25569,LOF,0.06055179464715981,0.08669597530198067,0.8527522300508596
25570,LOF,0.028872354223711278,0.11665169819190982,0.8544759475843788
25571,LOF,0.026401044959559986,0.12588850311301483,0.8477104519274252
25572,LOF,0.06332239274635916,0.17036593523534002,0.7663116720183009
25573,LOF,0.06372534725578786,0.11876968747246351,0.8175049652717487
25574,LOF,0.06291652857614413,0.22046344933264359,0.7166200220912122
25575,LOF,0.024754868025608685,0.13434538657663464,0.8408997453977566
25576,LOF,0.028756214435747385,0.20057042553223023,0.7706733600320225
25577,LOF,0.032371209947616955,0.16261330636931354,0.8050154836830695
25578,LOF,0.3027501794409298,0.10960247505813007,0.5876473455009402
25579,LOF,0.19190630379088344,0.10684387107518095,0.7012498251339355
25580,LOF,0.022101531102339093,0.0900118901895136,0.8878865787081472
25581,LOF,0.04731800673354371,0.08865098355031796,0.8640310097161383
25582,LOF,0.04703202181916914,0.0871212182933274,0.8658467598875034
25583,LOF,0.026022492856324898,0.10055570975361483,0.8734217973900603
25584,Neutral,0.7049015126754843,0.12559334135149897,0.16950514597301677
25585,LOF,0.02051897388662843,0.1780314330436957,0.8014495930696759
25586,LOF,0.018034655840648006,0.0937641202921164,0.8882012238672357
25587,LOF,0.018322122455509512,0.08121788492143467,0.9004599926230559
25588,LOF,0.02171944828509405,0.08069599385880967,0.8975845578560964
25589,Neutral,0.5331526022677686,0.24294769120421955,0.22389970652801183
25590,LOF,0.04776676397198071,0.1318273210826956,0.8204059149453237
25591,LOF,0.08043853841803529,0.07441496037973575,0.845146501202229
25592,LOF,0.059064623901801686,0.15892198987794648,0.7820133862202518
25593,LOF,0.11451656999888668,0.2956381037785632,0.5898453262225501
25594,LOF,0.061037249522166666,0.07133838324352683,0.8676243672343065
25595,LOF,0.0606215380345442,0.04402425458816127,0.8953542073772944
25596,LOF,0.11819034825818506,0.025886318246316365,0.8559233334954987
25597,LOF,0.09040046149086273,0.027581643368726393,0.8820178951404108
25598,LOF,0.055704307375846356,0.04995964192044694,0.8943360507037066
25599,LOF,0.02311629418933211,0.36927743523908574,0.6076062705715821
25600,GOF,0.15818469704817167,0.43030131653875664,0.4115139864130717
25601,LOF,0.04245868099513457,0.29206904900124325,0.6654722700036221
25602,LOF,0.025644474113693937,0.08595623989985057,0.8883992859864553
25603,LOF,0.037340941004094685,0.06084561996223632,0.901813439033669
25604,LOF,0.03844854251764862,0.10168134751929676,0.8598701099630546
25605,LOF,0.03191817295725736,0.18577078892488386,0.7823110381178587
25606,Neutral,0.4498668889785267,0.15211536870801476,0.39801774231345854
25607,LOF,0.025452492827185765,0.23542814112263027,0.7391193660501839
25608,LOF,0.037571824210372265,0.10579897519059649,0.8566292005990312
25609,GOF,0.16761809733219904,0.45108065261992486,0.38130125004787613
25610,LOF,0.01490864706180185,0.05837995857925808,0.92671139435894
25611,LOF,0.012699323693171735,0.06413798295703214,0.9231626933497962
25612,LOF,0.04596666714865482,0.06613556959112891,0.8878977632602163
25613,LOF,0.04359163960767389,0.06785037788144466,0.8885579825108815
25614,LOF,0.02319621942957601,0.05306895375057115,0.9237348268198528
25615,LOF,0.04226356237205538,0.05711459817745526,0.9006218394504895
25616,LOF,0.05316568082288369,0.05761855144537094,0.8892157677317454
25617,LOF,0.040535770020381334,0.06270016004836025,0.8967640699312583
25618,LOF,0.047549530681078575,0.08934290998940672,0.8631075593295148
25619,LOF,0.01203392309501902,0.06636821701213139,0.9215978598928497
25620,LOF,0.055205445945937334,0.06998917389755505,0.8748053801565077
25621,LOF,0.06214947045453085,0.05461786390338787,0.8832326656420812
25622,LOF,0.06250799607148096,0.06145776038651679,0.8760342435420022
25623,LOF,0.061916956854374525,0.042669420707511535,0.8954136224381138
25624,LOF,0.01961928987755588,0.059250589562032045,0.921130120560412
25625,LOF,0.060689882723246255,0.05944989829982633,0.8798602189769273
25626,LOF,0.044339181366369995,0.06519449877073809,0.8904663198628919
25627,Neutral,0.8846262190561965,0.02478106083047238,0.09059272011333105
25628,LOF,0.15206238781794518,0.06478434841537165,0.7831532637666831
25629,LOF,0.06707769961709195,0.06878048586219597,0.8641418145207119
25630,LOF,0.2563037462387048,0.07462072566891026,0.6690755280923849
25631,Neutral,0.5558517539072496,0.0652121114766141,0.37893613461613623
25632,LOF,0.02787864077420727,0.08601060443943691,0.8861107547863558
25633,LOF,0.23198556695112155,0.04921746714918523,0.7187969658996932
25634,LOF,0.0426987546793546,0.09831442042505037,0.8589868248955951
25635,LOF,0.03840866772349693,0.04552444902939958,0.9160668832471034
25636,GOF,0.03372376846587304,0.5536292512098712,0.4126469803242558
25637,GOF,0.05614513856510598,0.5621960804098292,0.38165878102506495
25638,LOF,0.03147030833862265,0.47036507594566185,0.49816461571571546
25639,LOF,0.032718423922332256,0.46317012078161457,0.5041114552960532
25640,Neutral,0.8620565152272025,0.08005462062663549,0.05788886414616201
25641,LOF,0.08677902690137408,0.3946941216020064,0.5185268514966196
25642,LOF,0.06855003568786454,0.17022695826271703,0.7612230060494185
25643,LOF,0.24531882149678572,0.14230215273021768,0.6123790257729965
25644,GOF,0.010212706834627047,0.6441836100912763,0.3456036830740965
25645,GOF,0.010760133752741366,0.6224627722137778,0.3667770940334808
25646,LOF,0.029800396169207308,0.45155114873388186,0.5186484550969108
25647,LOF,0.011930509771292872,0.3577296441134317,0.6303398461152755
25648,LOF,0.015096823976414089,0.41919776019211114,0.5657054158314747
25649,LOF,0.008412308518145957,0.32683986699526346,0.6647478244865906
25650,GOF,0.024077512283294168,0.6049929568345281,0.3709295308821778
25651,LOF,0.008971169151993636,0.4400068842912865,0.5510219465567199
25652,LOF,0.014785443406993198,0.4454261658135365,0.5397883907794703
25653,GOF,0.03869581043938283,0.6142438833993783,0.34706030616123884
25654,LOF,0.010248648996082762,0.33372403723209565,0.6560273137718216
25655,GOF,0.12129324341806348,0.6542934089293351,0.22441334765260137
25656,LOF,0.3465556508216155,0.12197008244888577,0.5314742667294988
25657,LOF,0.05473224560772271,0.0991914274403838,0.8460763269518935
25658,LOF,0.34395305075451355,0.15455855614020717,0.5014883931052793
25659,Neutral,0.47719094247803956,0.14525491437098437,0.3775541431509761
25660,LOF,0.02207202369328949,0.11434116199677413,0.8635868143099363
25661,LOF,0.08730062494842467,0.06751797369727693,0.8451814013542983
25662,LOF,0.03222466310156402,0.03484678193367549,0.9329285549647606
25663,LOF,0.037541996862812343,0.0454950628298814,0.9169629403073063
25664,LOF,0.12541603739504392,0.07427681439434868,0.8003071482106074
25665,LOF,0.06081080331649466,0.03312251802702931,0.9060666786564759
25666,LOF,0.09818022684725819,0.06877678422204528,0.8330429889306965
25667,LOF,0.07461273907039531,0.05163164709369454,0.8737556138359103
25668,LOF,0.03648976787195278,0.06180417486003777,0.9017060572680093
25669,LOF,0.03069790101952046,0.05826057303538653,0.9110415259450929
25670,LOF,0.13568412625300982,0.04941750753715454,0.8148983662098357
25671,LOF,0.10812149652400684,0.03720663160380322,0.8546718718721901
25672,LOF,0.05210967884742439,0.04753694348381259,0.9003533776687631
25673,LOF,0.08813137713394233,0.04593335948194666,0.865935263384111
25674,LOF,0.07598574723501894,0.05796687057847989,0.8660473821865011
25675,LOF,0.11256072632836112,0.07490536397766687,0.812533909693972
25676,LOF,0.018002941667636253,0.05700908474738199,0.9249879735849817
25677,LOF,0.022365707013084993,0.07413603559315239,0.9034982573937627
25678,LOF,0.2162741013724633,0.08449700796324834,0.6992288906642884
25679,LOF,0.11907882167846628,0.0812348779921199,0.7996863003294138
25680,LOF,0.02968666960083758,0.12075247385627466,0.8495608565428877
25681,LOF,0.04623075481469358,0.11546360580508118,0.8383056393802253
25682,LOF,0.12923218912764747,0.09145761759154614,0.7793101932808063
25683,LOF,0.11416852983130532,0.08740691637011487,0.7984245537985797
25684,LOF,0.035096920974942006,0.07639962325802578,0.8885034557670323
25685,LOF,0.1133262824577644,0.06885337011529688,0.8178203474269388
25686,LOF,0.07784197026158274,0.11233460882382551,0.8098234209145917
25687,LOF,0.1332590461395958,0.10677640687887446,0.7599645469815297
25688,LOF,0.4100337171565606,0.046102404456169685,0.5438638783872697
25689,LOF,0.2803884973538387,0.052824927688731455,0.6667865749574298
25690,LOF,0.3181309673045603,0.037804429079378976,0.6440646036160608
25691,Neutral,0.6974475693431749,0.03408368866702549,0.26846874198979953
25692,LOF,0.3509805736530201,0.011229402033418772,0.6377900243135611
25693,LOF,0.04448794476514732,0.3962322926932698,0.5592797625415828
25694,LOF,0.12089898328121328,0.020741990991958746,0.858359025726828
25695,LOF,0.1202432634453311,0.012682940714301563,0.8670737958403674
25696,LOF,0.1380466817800291,0.012381311535282045,0.8495720066846889
25697,LOF,0.06776192350281095,0.14582686466559594,0.7864112118315931
25698,LOF,0.2995641315438354,0.2173427477873771,0.48309312066878757
25699,LOF,0.4134028361022991,0.04145719280157892,0.545139971096122
25700,LOF,0.0827763461996955,0.013588259399820158,0.9036353944004843
25701,LOF,0.17893659120194785,0.054722067372752294,0.7663413414252999
25702,GOF,0.16916672618888237,0.6495038438185707,0.18132942999254686
25703,LOF,0.01547178499930281,0.14877761083046734,0.8357506041702298
25704,LOF,0.03624546200381275,0.15646786189807008,0.8072866760981172
25705,LOF,0.03497758087174661,0.09231458177219748,0.872707837356056
25706,LOF,0.14531603782258157,0.34925898380840753,0.5054249783690109
25707,LOF,0.09478193719962653,0.26271215886459287,0.6425059039357807
25708,LOF,0.04618197147294226,0.25698885690727785,0.6968291716197799
25709,LOF,0.06511005661967327,0.03057570621965205,0.9043142371606746
25710,LOF,0.013741832771859296,0.10934796061159326,0.8769102066165475
25711,LOF,0.018877371608266746,0.07172247461985781,0.9094001537718754
25712,LOF,0.015643165366129103,0.14522357113455164,0.8391332634993193
25713,LOF,0.017392315979265556,0.07479622741441246,0.9078114566063219
25714,LOF,0.07157657379743419,0.053463606940889565,0.8749598192616763
25715,LOF,0.011445338419727917,0.10188688998377324,0.8866677715964989
25716,LOF,0.012928356666119849,0.08275474083020613,0.904316902503674
25717,LOF,0.016916006605121086,0.06803211330335297,0.915051880091526
25718,LOF,0.010785956921175253,0.0697133276279997,0.9195007154508251
25719,LOF,0.019723209875330414,0.06430120451179458,0.915975585612875
25720,LOF,0.024842882400730057,0.05109665915111497,0.924060458448155
25721,LOF,0.012685533916082627,0.0987256970490968,0.8885887690348205
25722,LOF,0.013404542933864045,0.08137543907719322,0.9052200179889428
25723,LOF,0.023958572024136465,0.03419343685990958,0.941847991115954
25724,LOF,0.031117918266540895,0.0619173450898852,0.9069647366435739
25725,LOF,0.011264140908017809,0.057777436493886246,0.9309584225980958
25726,LOF,0.014511205678819274,0.08296051659794608,0.9025282777232346
25727,LOF,0.011732286579413234,0.06462205059506819,0.9236456628255185
25728,LOF,0.00968044441492344,0.07307732647910745,0.9172422291059691
25729,LOF,0.010089236345925394,0.07493041842142273,0.9149803452326519
25730,LOF,0.01299636869305171,0.07451818310966812,0.9124854481972802
25731,LOF,0.02391952917306683,0.06625484756389897,0.9098256232630342
25732,LOF,0.01307293938479186,0.04518342485378074,0.9417436357614274
25733,LOF,0.016635654382680255,0.049959595383276725,0.9334047502340429
25734,LOF,0.013133504115633812,0.09025960673549187,0.8966068891488742
25735,LOF,0.011228745998050557,0.06290555396535562,0.9258657000365937
25736,LOF,0.011853738881974503,0.07651405103836392,0.9116322100796614
25737,LOF,0.011394022371377086,0.06888882900502577,0.9197171486235971
25738,LOF,0.011333794362552996,0.0736585115809144,0.9150076940565326
25739,LOF,0.019916612281288926,0.05294072970094195,0.9271426580177691
25740,LOF,0.025954811152874843,0.0835139926539173,0.8905311961932078
25741,LOF,0.01409878927355368,0.08247378889482923,0.9034274218316171
25742,LOF,0.11444341280928318,0.05492970620506934,0.8306268809856474
25743,LOF,0.0418064889146999,0.04828631026542257,0.9099072008198775
25744,Neutral,0.6261315722404207,0.21320414974204574,0.16066427801753358
25745,LOF,0.06638154404099642,0.07259181780182737,0.8610266381571762
25746,LOF,0.042488937820329704,0.09231157384504908,0.8651994883346212
25747,LOF,0.025291060113030762,0.07918125562503177,0.8955276842619374
25748,LOF,0.13610189513885748,0.11566085804690701,0.7482372468142355
25749,LOF,0.029872765424754026,0.08932562273208634,0.8808016118431595
25750,LOF,0.06884576415718524,0.104595442665398,0.8265587931774167
25751,LOF,0.10304911540664174,0.1282643971618697,0.7686864874314886
25752,GOF,0.1160476603846245,0.6393707747470241,0.24458156486835136
25753,LOF,0.02964355921040905,0.301959373666671,0.6683970671229198
25754,GOF,0.016743342963634198,0.8029980280104403,0.1802586290259256
25755,LOF,0.028321096403956116,0.38221732359147803,0.5894615800045658
25756,LOF,0.0578785253465383,0.3701080716086223,0.5720134030448394
25757,GOF,0.022057172681841583,0.8669678158397096,0.11097501147844892
25758,GOF,0.03009103379064059,0.7978628617406938,0.17204610446866567
25759,GOF,0.011937113623444658,0.6416239421706176,0.3464389442059377
25760,LOF,0.017653828624599615,0.29877236273377905,0.6835738086416212
25761,GOF,0.2792261193237508,0.6426439976356466,0.07812988304060267
25762,LOF,0.04946058690639397,0.3097234571780719,0.6408159559155341
25763,LOF,0.017194182886910936,0.22696264813734165,0.7558431689757474
25764,GOF,0.08555641263898942,0.667932608850293,0.2465109785107176
25765,GOF,0.03768770630073633,0.7680881320413857,0.19422416165787804
25766,GOF,0.07044134874921305,0.7772161893486451,0.15234246190214173
25767,GOF,0.1638130526527568,0.5413249534654175,0.29486199388182566
25768,LOF,0.11091554532286375,0.061578721743430334,0.827505732933706
25769,LOF,0.04758180183088321,0.07482201854196108,0.8775961796271557
25770,LOF,0.2987339607036818,0.11793391507725273,0.5833321242190654
25771,LOF,0.05077996559357181,0.05264843716508547,0.8965715972413427
25772,LOF,0.01688265323010241,0.05768605826482758,0.9254312885050701
25773,LOF,0.055341242813453685,0.07414309040602286,0.8705156667805234
25774,LOF,0.027725452748845643,0.11339336918920366,0.8588811780619506
25775,LOF,0.055876126279099596,0.053906037233105955,0.8902178364877944
25776,LOF,0.061761062386252646,0.03242267586313496,0.9058162617506125
25777,LOF,0.3091142422770621,0.0952609265100609,0.595624831212877
25778,LOF,0.0626627144098283,0.05303956086521523,0.8842977247249564
25779,GOF,0.41793844754056586,0.5383064917078594,0.04375506075157473
25780,GOF,0.3647694124351385,0.564739820892852,0.07049076667200939
25781,GOF,0.137859104036401,0.766680169250088,0.095460726713511
25782,GOF,0.2184003454692997,0.70879009704338,0.07280955748732017
25783,GOF,0.024218983075144994,0.6493949719190625,0.32638604500579244
25784,Neutral,0.5411669030719343,0.4221434848640467,0.036689612064018925
25785,Neutral,0.48117234529287867,0.4776399288264084,0.041187725880713004
25786,GOF,0.03581721951204446,0.760836008593158,0.2033467718947975
25787,Neutral,0.6659089615584609,0.30983595608709036,0.02425508235444877
25788,LOF,0.06168590401567097,0.08780769340263804,0.8505064025816911
25789,GOF,0.22953441281743928,0.6197410905013689,0.1507244966811917
25790,GOF,0.27017809157772527,0.645426471573561,0.08439543684871376
25791,GOF,0.17090266025489068,0.6846861480750316,0.14441119167007782
25792,GOF,0.3861420342036502,0.5088831838160647,0.10497478198028505
25793,GOF,0.2710705017413338,0.5083514555873505,0.22057804267131587
25794,GOF,0.3311981022389639,0.48068219653584765,0.18811970122518856
25795,GOF,0.07557802434079322,0.6714366785425846,0.25298529711662215
25796,Neutral,0.5148732713483581,0.4200459034786315,0.06508082517301025
25797,GOF,0.09522780371198013,0.5657959215058779,0.33897627478214204
25798,GOF,0.010370537639347328,0.5242870054001751,0.4653424569604775
25799,LOF,0.007533652143864341,0.43766564321066026,0.5548007046454755
25800,GOF,0.042348851603637966,0.6065595937466285,0.3510915546497335
25801,GOF,0.27469318082653343,0.6251665451644769,0.1001402740089896
25802,GOF,0.07648023648377036,0.6875694550941771,0.23595030842205245
25803,GOF,0.05078448872472271,0.5716726997361172,0.3775428115391601
25804,GOF,0.04369211371354157,0.5168720125661176,0.4394358737203408
25805,GOF,0.1516304100791267,0.5905578383833762,0.25781175153749714
25806,GOF,0.16435449691718193,0.5805639623174627,0.2550815407653555
25807,GOF,0.026473058120057007,0.6401474936348993,0.3333794482450436
25808,GOF,0.14226216755165003,0.5830842101628755,0.2746536222854745
25809,GOF,0.02419739886290451,0.6421096258232635,0.3336929753138319
25810,GOF,0.025547358694217252,0.638452132933025,0.3360005083727577
25811,Neutral,0.5187332375693681,0.41949036594509453,0.06177639648553741
25812,GOF,0.0438420821294669,0.6064660461365,0.34969187173403293
25813,Neutral,0.5613543738828571,0.33738056885714673,0.1012650572599961
25814,GOF,0.15884337284793537,0.6362460212803687,0.204910605871696
25815,GOF,0.2682410372831997,0.5476143538264124,0.1841446088903878
25816,GOF,0.024481790551311375,0.6831148439405265,0.2924033655081621
25817,GOF,0.2784387984282223,0.6060694656970997,0.11549173587467802
25818,GOF,0.06268631310842061,0.5517955774977058,0.3855181093938735
25819,GOF,0.39782709876626327,0.4396356687321569,0.16253723250157967
25820,GOF,0.25115522511277083,0.542960456902228,0.205884317985001
25821,GOF,0.08072950310409986,0.6457426079594594,0.27352788893644076
25822,GOF,0.30132530024044824,0.48370060514747226,0.21497409461207936
25823,GOF,0.040886786789268714,0.4909918004269864,0.4681214127837449
25824,GOF,0.09490214576963657,0.5062307158321301,0.39886713839823335
25825,GOF,0.037375895694279064,0.5276460608899332,0.4349780434157878
25826,GOF,0.013564006147720443,0.5102184579237374,0.47621753592854205
25827,GOF,0.02691233385585309,0.5778358703228627,0.3952517958212842
25828,GOF,0.016848678044052188,0.5050756838072893,0.47807563814865844
25829,GOF,0.007335814639430254,0.5419776872671567,0.45068649809341316
25830,LOF,0.04549627678968964,0.29691168013387637,0.6575920430764339
25831,GOF,0.21942375174065779,0.655440422293847,0.12513582596549522
25832,GOF,0.04238070194730591,0.6796415575777366,0.27797774047495744
25833,GOF,0.1540386831710267,0.662960222428632,0.18300109440034132
25834,GOF,0.05091782956342744,0.6725936963048211,0.2764884741317513
25835,GOF,0.12599167468594027,0.6711196368057242,0.2028886885083354
25836,GOF,0.05833903306088675,0.6392565053619573,0.3024044615771558
25837,GOF,0.027849436680458924,0.5117471966514366,0.46040336666810444
25838,GOF,0.10018508720146874,0.7114427509123806,0.18837216188615072
25839,GOF,0.3553424785486051,0.5064334276023147,0.13822409384908013
25840,GOF,0.28449812665703633,0.5491337156713454,0.1663681576716183
25841,GOF,0.27498811362392034,0.5553237510522915,0.1696881353237882
25842,GOF,0.19902996592502065,0.6373270999926094,0.16364293408236993
25843,GOF,0.23150626683262887,0.6473510344309564,0.12114269873641466
25844,GOF,0.06862697846260787,0.644225598495869,0.28714742304152313
25845,LOF,0.014539997142827873,0.48418205985051055,0.5012779430066616
25846,GOF,0.11911668221616253,0.7044803071683905,0.1764030106154469
25847,GOF,0.13113615724397557,0.7392066181642665,0.12965722459175802
25848,GOF,0.03694281391217339,0.6490184713051796,0.314038714782647
25849,GOF,0.010240123274015963,0.5517411083225012,0.43801876840348286
25850,GOF,0.02268718629592213,0.6464442544871479,0.3308685592169299
25851,GOF,0.017941973451031903,0.5405339815686541,0.44152404498031406
25852,GOF,0.17813248137874063,0.5460891084481412,0.27577841017311827
25853,GOF,0.3598564653159608,0.5675218739275131,0.07262166075652597
25854,GOF,0.01931482004565962,0.6089596614072005,0.37172551854714
25855,GOF,0.04047904889967931,0.5623727038125338,0.397148247287787
25856,GOF,0.2459758050848689,0.5327034324894268,0.22132076242570442
25857,LOF,0.037604997536123536,0.47917041555237466,0.4832245869115018
25858,GOF,0.02060657147048457,0.5728964516757695,0.40649697685374586
25859,GOF,0.010930892997995253,0.5527168900845565,0.4363522169174482
25860,GOF,0.4040399755593922,0.5147771226352786,0.08118290180532907
25861,GOF,0.4178423538204803,0.5101960857052251,0.07196156047429456
25862,GOF,0.09935462130255387,0.7545455124044929,0.1460998662929533
25863,GOF,0.11704317446410749,0.7452202452753585,0.13773658026053395
25864,GOF,0.24426522653751312,0.6801383047548635,0.07559646870762343
25865,GOF,0.10170664532604595,0.7673189113201644,0.13097444335378963
25866,GOF,0.07848318031604451,0.7844967777012828,0.1370200419826727
25867,GOF,0.10268626144992758,0.7862049010768523,0.11110883747322019
25868,GOF,0.3067026259935619,0.590783659825966,0.10251371418047202
25869,Neutral,0.6948551322445062,0.2653274622737567,0.039817405481737025
25870,LOF,0.35462476180822833,0.25785457350200036,0.38752066468977137
25871,GOF,0.25930644871056346,0.6031736306034844,0.13751992068595217
25872,GOF,0.11266517586685096,0.5926091306618178,0.29472569347133126
25873,GOF,0.20581698099571677,0.58040696833604,0.21377605066824318
25874,LOF,0.02402141635486146,0.11547536010094497,0.8605032235441935
25875,LOF,0.08651289726712326,0.06379209272244356,0.8496950100104332
25876,LOF,0.027920315932067907,0.0570843795466363,0.9149953045212958
25877,Neutral,0.5248615601823222,0.07765103586035633,0.3974874039573215
25878,LOF,0.2234852759866041,0.12462719526667693,0.651887528746719
25879,LOF,0.09493365778405263,0.1273956325695979,0.7776707096463495
25880,LOF,0.02340086065968738,0.028579552733414965,0.9480195866068978
25881,LOF,0.18169303007350557,0.17800718772066945,0.6402997822058251
25882,LOF,0.07679272881741293,0.019343146545296928,0.9038641246372902
25883,LOF,0.08134128624216906,0.027942525111095545,0.8907161886467354
25884,LOF,0.04342820081162315,0.0464365814121851,0.9101352177761917
25885,LOF,0.07121109511558817,0.01721068591723764,0.9115782189671742
25886,LOF,0.36381728906137945,0.046768252893279925,0.5894144580453407
25887,LOF,0.18374821195070842,0.11063702819871614,0.7056147598505755
25888,LOF,0.07472872404719283,0.08917660762460802,0.8360946683281992
25889,LOF,0.05379440342799474,0.02981761742426178,0.9163879791477434
25890,LOF,0.04561730632245685,0.13089095851789018,0.823491735159653
25891,LOF,0.04016294725017734,0.06662700120719336,0.8932100515426292
25892,LOF,0.10752493274243267,0.024155971800697652,0.8683190954568697
25893,LOF,0.2628066979853986,0.018955614813158404,0.718237687201443
25894,LOF,0.18133188385820348,0.010220320876222846,0.8084477952655738
25895,LOF,0.19108284758491875,0.023682884952501346,0.7852342674625798
25896,LOF,0.048616392427987945,0.028766156760408997,0.9226174508116031
25897,LOF,0.24614194137553413,0.01647397642727903,0.7373840821971869
25898,Neutral,0.7124193867955032,0.011601222569674307,0.2759793906348225
25899,LOF,0.266542157373929,0.0331427336088473,0.7003151090172236
25900,LOF,0.46297392830704304,0.018090401873847726,0.5189356698191092
25901,LOF,0.05413398664046338,0.014736588235462294,0.9311294251240744
25902,LOF,0.17138935610728137,0.01355890078957334,0.8150517431031453
25903,Neutral,0.505452431204493,0.033200023299666384,0.4613475454958406
25904,LOF,0.3087886294365485,0.06322234390037017,0.6279890266630813
25905,LOF,0.02632930658889674,0.2932408353383479,0.6804298580727555
25906,LOF,0.02401817909757141,0.06455391644872537,0.9114279044537033
25907,LOF,0.014955453344742266,0.29542497919124977,0.689619567464008
25908,LOF,0.011529216656236985,0.20055789869597754,0.7879128846477854
25909,LOF,0.014378194284895368,0.13916057859536018,0.8464612271197445
25910,LOF,0.04752925973609872,0.10737144711689617,0.845099293147005
25911,LOF,0.1604653435768439,0.027224132894708545,0.8123105235284476
25912,LOF,0.042686136419491164,0.047993328493066284,0.9093205350874425
25913,LOF,0.2836507658523013,0.02322930155255875,0.6931199325951399
25914,LOF,0.026599373770298,0.10670685590733156,0.8666937703223704
25915,Neutral,0.4502946925475766,0.2604692085930119,0.28923609885941154
25916,LOF,0.06676826403465533,0.279921023399932,0.6533107125654127
25917,LOF,0.06192488336213875,0.06013170696985085,0.8779434096680104
25918,LOF,0.03611667250203507,0.059470467585686096,0.9044128599122789
25919,LOF,0.029400463471718173,0.06444266480994795,0.9061568717183339
25920,GOF,0.07890336436731324,0.471019144624845,0.45007749100784183
25921,LOF,0.031362542002313254,0.01976073553411012,0.9488767224635767
25922,LOF,0.04429481554771751,0.013706693894918262,0.9419984905573643
25923,LOF,0.3875821648192834,0.01679926660587762,0.5956185685748389
25924,LOF,0.041848605307004474,0.025785631904702313,0.9323657627882932
25925,LOF,0.07208104566234207,0.026392809665343804,0.9015261446723142
25926,LOF,0.04933564158222927,0.017720105960021718,0.932944252457749
25927,LOF,0.07336926140609971,0.05464622653499513,0.8719845120589051
25928,LOF,0.023766157421706985,0.028828751196925243,0.9474050913813679
25929,Neutral,0.5189954229774573,0.01825386310842734,0.4627507139141153
25930,LOF,0.05617413223227402,0.013285351809837014,0.930540515957889
25931,LOF,0.033734200004328356,0.019753774042056218,0.9465120259536155
25932,LOF,0.026425825771199733,0.016513402737387665,0.9570607714914127
25933,LOF,0.0361982135820221,0.00988455689864562,0.9539172295193323
25934,LOF,0.02290245351414049,0.011252900606053199,0.9658446458798065
25935,LOF,0.06770290956446484,0.03175079038975936,0.9005463000457758
25936,LOF,0.04612074188314565,0.013443963931682994,0.9404352941851714
25937,LOF,0.028250820716933116,0.02381448413157814,0.9479346951514889
25938,LOF,0.06382841303589479,0.033591826651086246,0.902579760313019
25939,LOF,0.0368316986617267,0.009472261290959957,0.9536960400473133
25940,LOF,0.024829198188534133,0.37284322368469913,0.6023275781267666
25941,LOF,0.18397068779635237,0.07728570348519048,0.7387436087184571
25942,LOF,0.01835922090010188,0.03489786856141801,0.94674291053848
25943,LOF,0.30899835228466793,0.05499722141828189,0.6360044262970501
25944,LOF,0.4698661690744602,0.029626425462944278,0.5005074054625955
25945,LOF,0.08521031403721924,0.02421041830003153,0.8905792676627493
25946,LOF,0.028483960294477802,0.13296669200438915,0.8385493477011331
25947,LOF,0.11437689723805436,0.18507445881593892,0.7005486439460067
25948,LOF,0.4549357282255291,0.017663887545195694,0.5274003842292753
25949,LOF,0.10005373440568237,0.07891754526998344,0.8210287203243342
25950,GOF,0.2949127852254551,0.39597547856140697,0.30911173621313787
25951,LOF,0.24492489741293377,0.23652048281446889,0.5185546197725973
25952,LOF,0.05542100310558772,0.42839478821054244,0.5161842086838698
25953,LOF,0.14212638971313765,0.10359286336022355,0.7542807469266387
25954,Neutral,0.4282129330052465,0.17896877638500874,0.3928182906097448
25955,LOF,0.057492349433450225,0.08393665525371857,0.8585709953128312
25956,LOF,0.18303880088010355,0.08873993279240346,0.7282212663274931
25957,LOF,0.041694471015816685,0.028384330086589863,0.9299211988975935
25958,LOF,0.054596796300756416,0.03100994440836238,0.9143932592908812
25959,LOF,0.06734653217485037,0.32080672560382256,0.6118467422213271
25960,LOF,0.021768144454626707,0.06521017031216741,0.9130216852332058
25961,LOF,0.04787837635784009,0.03731876261677487,0.914802861025385
25962,LOF,0.05532066993945578,0.03721565682289202,0.9074636732376521
25963,LOF,0.04877452481379006,0.17433750707017037,0.7768879681160397
25964,LOF,0.03325233392562489,0.154435163683152,0.8123125023912231
25965,LOF,0.4108846108160427,0.09130913142362691,0.49780625776033044
25966,Neutral,0.4383443493955538,0.17101958339865672,0.39063606720578953
25967,LOF,0.012343703357639624,0.074272462102982,0.9133838345393784
25968,GOF,0.03640394199513776,0.49070011583603845,0.47289594216882386
25969,LOF,0.020429769796417193,0.06104501939438011,0.9185252108092027
25970,LOF,0.062454707532399116,0.05906189107190822,0.8784834013956926
25971,LOF,0.0706457592315517,0.016267037839820885,0.9130872029286274
25972,LOF,0.07875208904036933,0.02334346629294407,0.8979044446666866
25973,LOF,0.09180110275712697,0.010608196119313539,0.8975907011235594
25974,LOF,0.22886223517256832,0.02476693918261215,0.7463708256448196
25975,LOF,0.04681087437447563,0.03902560409222763,0.9141635215332968
25976,LOF,0.04959028283545022,0.023212363374309312,0.9271973537902405
25977,LOF,0.13261029020059037,0.10571586833688063,0.7616738414625289
25978,LOF,0.11173615374002523,0.07161957113275694,0.8166442751272178
25979,LOF,0.1144382915450616,0.07088382303814522,0.8146778854167931
25980,LOF,0.1345543347537186,0.09967502209912053,0.7657706431471609
25981,LOF,0.16558184930147662,0.09680938667362464,0.7376087640248987
25982,LOF,0.3375959003028299,0.06161310326877527,0.600790996428395
25983,LOF,0.33594283399140895,0.060003531610672935,0.6040536343979181
25984,LOF,0.051821241866073495,0.06996606302370019,0.8782126951102263
25985,LOF,0.02576987574834942,0.26453086118083774,0.7096992630708129
25986,LOF,0.030070420649467754,0.3131164819155216,0.6568130974350106
25987,LOF,0.07898552269363476,0.08761271628252867,0.8334017610238365
25988,LOF,0.12735168255012944,0.06523981151962928,0.8074085059302413
25989,LOF,0.02979286165824082,0.13615093900039557,0.8340561993413637
25990,LOF,0.03549906318652213,0.1560256311036113,0.8084753057098667
25991,GOF,0.2025042772885151,0.4098006230905277,0.38769509962095716
25992,LOF,0.37834228893672595,0.24159222947560058,0.38006548158767356
25993,LOF,0.025059970849240876,0.08329125131607731,0.8916487778346819
25994,LOF,0.017734185104828274,0.13779401715788764,0.844471797737284
25995,LOF,0.02647235967728447,0.22273153505639642,0.750796105266319
25996,GOF,0.25173123513120127,0.5786823259141255,0.1695864389546732
25997,GOF,0.11048972161950896,0.5806061023306565,0.3089041760498345
25998,Neutral,0.5647909878317298,0.012550098253715662,0.42265891391455457
25999,LOF,0.11597774077074643,0.1507239113159254,0.733298347913328
26000,LOF,0.15239080327645665,0.03441518374262118,0.8131940129809221
26001,LOF,0.2012834335769288,0.03475026965662012,0.763966296766451
26002,LOF,0.16024949597337249,0.03594721295252882,0.8038032910740988
26003,GOF,0.008462901818422859,0.6627942605384252,0.32874283764315193
26004,GOF,0.020837059404593267,0.7288641542520706,0.25029878634333597
26005,GOF,0.008396897261547024,0.5399664996927678,0.45163660304568515
26006,Neutral,0.46851166986767634,0.30751387261027224,0.22397445752205145
26007,GOF,0.016034495889085155,0.5874868682924298,0.3964786358184849
26008,GOF,0.014716443369489515,0.6210769697692741,0.3642065868612364
26009,GOF,0.020857003289950528,0.6391477198241466,0.33999527688590275
26010,GOF,0.021128917785478398,0.6811049776581345,0.2977661045563871
26011,GOF,0.007403053476622023,0.5306943898968787,0.46190255662649926
26012,GOF,0.013301477252650108,0.6304869671364679,0.356211555610882
26013,GOF,0.014003440109545271,0.6605966792961173,0.3253998805943374
26014,LOF,0.04429750755843103,0.19357143820054767,0.7621310542410213
26015,LOF,0.2110064375231473,0.017474938902716262,0.7715186235741364
26016,LOF,0.2243110235423037,0.06749042941151474,0.7081985470461815
26017,LOF,0.1648542324782012,0.10386713457073864,0.7312786329510601
26018,LOF,0.07802633813750837,0.08133989900257087,0.8406337628599208
26019,LOF,0.07411626840855122,0.05911305913099672,0.8667706724604521
26020,LOF,0.05109622736113355,0.14281398043772472,0.8060897922011417
26021,LOF,0.044805991387817504,0.16603973655358956,0.7891542720585929
26022,LOF,0.011242084434969586,0.08472437374437741,0.9040335418206529
26023,LOF,0.10343187516346729,0.055042364641904686,0.8415257601946281
26024,LOF,0.025649536285601106,0.14152036330426343,0.8328301004101354
26025,LOF,0.1443463786140872,0.1434478853285386,0.7122057360573741
26026,LOF,0.3068549518635753,0.03434045315709304,0.6588045949793316
26027,LOF,0.07692080757862493,0.044359437595699075,0.8787197548256761
26028,LOF,0.15891148700680377,0.09955793002946918,0.741530582963727
26029,LOF,0.0763159869127974,0.1409964879804501,0.7826875251067525
26030,LOF,0.025476244890836344,0.054130962268297486,0.9203927928408662
26031,LOF,0.03142895762297845,0.11291692789079222,0.8556541144862292
26032,LOF,0.06895133871186429,0.05873148657735435,0.8723171747107813
26033,LOF,0.11235396602799269,0.06702231250208053,0.8206237214699268
26034,LOF,0.04809949167717464,0.12385370787029784,0.8280468004525275
26035,LOF,0.03187829057039653,0.10270575806039267,0.8654159513692108
26036,LOF,0.046793674396483076,0.13076896811655378,0.8224373574869631
26037,LOF,0.026667157697486458,0.088874362693498,0.8844584796090155
26038,LOF,0.06673873360732926,0.056892523144600506,0.8763687432480702
26039,LOF,0.061378180740649387,0.1118798429007038,0.8267419763586468
26040,LOF,0.20360694303448532,0.08988268496851769,0.706510371996997
26041,LOF,0.027619764752557594,0.08098241930965061,0.8913978159377918
26042,LOF,0.027062634280492066,0.08100469658835878,0.8919326691311492
26043,LOF,0.0656673148371737,0.07174883254202027,0.8625838526208061
26044,LOF,0.021890776811586087,0.0683260236461619,0.9097831995422521
26045,LOF,0.08025166528328116,0.07725022851584702,0.8424981062008718
26046,LOF,0.0697517789847234,0.07495024560122417,0.8552979754140525
26047,LOF,0.09988778058293457,0.08621809556431541,0.8138941238527501
26048,LOF,0.05269349033927126,0.05827328296126769,0.8890332266994612
26049,Neutral,0.953562457278399,0.007282262902398018,0.03915527981920298
26050,Neutral,0.9330336692903921,0.008283025070088263,0.05868330563951973
26051,LOF,0.054309488991101634,0.34315429897903793,0.6025362120298604
26052,LOF,0.07285238180231549,0.29125530090491414,0.6358923172927703
26053,LOF,0.06256957653691138,0.15355009899691777,0.7838803244661707
26054,LOF,0.05587353081680057,0.038883165086601015,0.9052433040965985
26055,LOF,0.07058897492398554,0.028434766237664885,0.9009762588383495
26056,LOF,0.0614211370487868,0.032995861676448045,0.9055830012747651
26057,LOF,0.02994511385925003,0.016521796637803725,0.9535330895029462
26058,LOF,0.030063776340115825,0.014930420617243352,0.9550058030426408
26059,LOF,0.2880242613142614,0.05460652497041554,0.6573692137153231
26060,LOF,0.028851427892659348,0.22239693863464677,0.7487516334726939
26061,LOF,0.01881457929878235,0.017175701134240925,0.9640097195669768
26062,LOF,0.011706500480593605,0.02589451876784075,0.9623989807515656
26063,LOF,0.021309335165100075,0.019218939388725237,0.9594717254461745
26064,LOF,0.024051701976634067,0.0247562999407183,0.9511919980826476
26065,LOF,0.024712547156030468,0.018452288844363257,0.9568351639996063
26066,LOF,0.020044238027339307,0.018381157965367753,0.9615746040072929
26067,LOF,0.02500918409953077,0.01232541071758983,0.9626654051828794
26068,LOF,0.04665126747727567,0.06333091154725771,0.8900178209754666
26069,LOF,0.2700619985335992,0.03690957191627718,0.6930284295501236
26070,LOF,0.42654495194840614,0.02323396826717129,0.5502210797844227
26071,LOF,0.021613360553963304,0.018586521948323026,0.9598001174977137
26072,LOF,0.024264466914869415,0.02658614400053539,0.9491493890845951
26073,LOF,0.023354251491767685,0.017312405219187168,0.9593333432890452
26074,Neutral,0.9064831506218461,0.00824706844647349,0.08526978093168021
26075,LOF,0.04380590243021482,0.023689998106158357,0.9325040994636268
26076,LOF,0.04304731907776673,0.013125650192642207,0.943827030729591
26077,LOF,0.0097530439854034,0.02980013503582569,0.960446820978771
26078,LOF,0.014364211775550976,0.018349148296398898,0.9672866399280501
26079,LOF,0.054103233137734096,0.031670992079838624,0.9142257747824272
26080,LOF,0.05220442816847787,0.0317272322979815,0.9160683395335406
26081,LOF,0.033904610178483716,0.010915458648417828,0.9551799311730984
26082,LOF,0.019504115820621386,0.025687691779358625,0.9548081924000199
26083,LOF,0.12728563121623296,0.021803076967255662,0.8509112918165114
26084,LOF,0.02680126844657367,0.021621465647271083,0.9515772659061551
26085,LOF,0.02123817955741041,0.02035812083050241,0.9584036996120872
26086,LOF,0.024397787260485353,0.018586375868041283,0.9570158368714735
26087,LOF,0.024542761648603428,0.012340595556887131,0.9631166427945094
26088,LOF,0.018855276230602833,0.03070518631007021,0.950439537459327
26089,LOF,0.04699808484743477,0.038749760761859556,0.9142521543907056
26090,LOF,0.0458097965753402,0.03062175768149434,0.9235684457431655
26091,LOF,0.03817155786745232,0.010115050058415613,0.9517133920741321
26092,LOF,0.0260008961159338,0.013317781095601658,0.9606813227884646
26093,LOF,0.03630991579763773,0.009548586210249455,0.9541414979921128
26094,LOF,0.04091063787769954,0.009960216808710667,0.9491291453135898
26095,LOF,0.05487136900717774,0.025677496292399273,0.9194511347004231
26096,LOF,0.02182257729108669,0.020307338003236267,0.957870084705677
26097,LOF,0.010500959381703048,0.05814052837632676,0.9313585122419703
26098,LOF,0.07329699795496512,0.02326608602322958,0.9034369160218053
26099,LOF,0.02420375464226554,0.024399864620025816,0.9513963807377086
26100,LOF,0.025483011593241126,0.023184088954865307,0.9513328994518936
26101,LOF,0.05610915769104339,0.021920669097738377,0.9219701732112182
26102,LOF,0.02483127685516813,0.02242146009840055,0.9527472630464312
26103,Neutral,0.8826402525471344,0.03448422502488921,0.0828755224279765
26104,LOF,0.0667931355826971,0.05657622600657096,0.876630638410732
26105,LOF,0.23483072059132243,0.23477800751717207,0.5303912718915055
26106,LOF,0.16925748128563758,0.13029392348024585,0.7004485952341165
26107,LOF,0.2474691625535993,0.08675733435971292,0.6657735030866878
26108,LOF,0.2149938403917619,0.14440769544251214,0.640598464165726
26109,LOF,0.08102099494843916,0.14991059100246856,0.7690684140490922
26110,LOF,0.27093088153586775,0.008339566473568611,0.7207295519905635
26111,LOF,0.475975344226095,0.02071381895656037,0.5033108368173447
26112,LOF,0.03717092099957138,0.008154677078080715,0.9546744019223479
26113,LOF,0.058017213705151296,0.01655744736903707,0.9254253389258117
26114,LOF,0.020555119111080176,0.01734831513678813,0.9620965657521318
26115,LOF,0.07376289285081734,0.0361747230513496,0.890062384097833
26116,LOF,0.05378382111613405,0.028792650646349283,0.9174235282375166
26117,LOF,0.4008543783087333,0.05394578494868528,0.5451998367425814
26118,LOF,0.03994605939050344,0.027435631968194023,0.9326183086413025
26119,LOF,0.023559189250279194,0.036386401449080424,0.9400544093006404
26120,LOF,0.02951629547868525,0.026732953211126537,0.9437507513101883
26121,LOF,0.05538632075825423,0.07823012841095468,0.8663835508307912
