feature0,prediction,LoGoFunc_Neutral,LoGoFunc_GOF,LoGoFunc_LOF
25546,Neutral,0.6514449230391032,0.05539241907160748,0.2931626578892894
25547,Neutral,0.4857415218829263,0.09790235956179351,0.4163561185552802
25548,Neutral,0.4806727042970672,0.08207138397491684,0.43725591172801603
25549,LOF,0.4248747702890676,0.0813320683219328,0.4937931613889995
25550,LOF,0.3672528832546127,0.11112442527817638,0.5216226914672109
25551,LOF,0.3137808459511409,0.12196563975170575,0.5642535142971533
25552,LOF,0.26436366748051354,0.11959139941309507,0.6160449331063914
25553,Neutral,0.8173643401457856,0.04457159768663516,0.13806406216757922
25554,LOF,0.31079130408214284,0.11203195617431164,0.5771767397435456
25555,LOF,0.25793360741446647,0.10653021312842625,0.6355361794571072
25556,Neutral,0.46091448824107084,0.09931891820270453,0.4397665935562246
25557,LOF,0.25458208831147283,0.1093008440129463,0.6361170676755808
25558,LOF,0.32159601377333796,0.10904315795410364,0.5693608282725584
25559,LOF,0.20591032695254266,0.15145303629187315,0.6426366367555841
25560,LOF,0.16259505266770843,0.07995018164153601,0.7574547656907556
25561,LOF,0.15006963164396128,0.09201047474045529,0.7579198936155835
25562,LOF,0.07406729550981778,0.06584658635929144,0.8600861181308909
25563,LOF,0.022778942432363485,0.11714784270101357,0.8600732148666229
25564,LOF,0.21727077054042884,0.10598073507247079,0.6767484943871004
25565,LOF,0.2011552092019845,0.13854518535657748,0.660299605441438
25566,GOF,0.08934956379419272,0.7243920342011195,0.18625840200468774
25567,LOF,0.040745243049762916,0.12070582879215713,0.83854892815808
25568,LOF,0.06353142774378272,0.06572608120942516,0.8707424910467921
25569,LOF,0.06297140690535954,0.0670826401175633,0.8699459529770771
25570,LOF,0.028054506529951798,0.09228451330372724,0.8796609801663209
25571,LOF,0.027465681190449655,0.09775631510648435,0.874778003703066
25572,LOF,0.06511674493789726,0.1024732559331182,0.8324099991289845
25573,LOF,0.05290563846217464,0.080566608861775,0.8665277526760503
25574,LOF,0.05670187023723562,0.19467049306679948,0.7486276366959649
25575,LOF,0.02247039827279036,0.1093409937937381,0.8681886079334716
25576,LOF,0.035740810305799287,0.14238898021079394,0.8218702094834067
25577,LOF,0.03287089433487854,0.10187157443921385,0.8652575312259075
25578,LOF,0.3062571633965995,0.07578635481469267,0.6179564817887078
25579,LOF,0.1409787002510662,0.08132987506159355,0.7776914246873403
25580,LOF,0.019689238583335652,0.07313636434827446,0.9071743970683899
25581,LOF,0.05613201958046794,0.06326510088124367,0.8806028795382884
25582,LOF,0.05608716707658404,0.061903801021108845,0.8820090319023071
25583,LOF,0.01984783778077573,0.07648520743354692,0.9036669547856774
25584,Neutral,0.6665346001520256,0.10564970887758349,0.22781569097039092
25585,LOF,0.029240017001443436,0.10735688015850506,0.8634031028400515
25586,LOF,0.01833782663318429,0.06499365335205785,0.9166685200147578
25587,LOF,0.01789761362819783,0.05765769801067417,0.9244446883611279
25588,LOF,0.020706855461791907,0.07157174249021445,0.9077214020479937
25589,Neutral,0.5041542007409721,0.19609881114763655,0.2997469881113915
25590,LOF,0.04925516663555189,0.09971778469728061,0.8510270486671674
25591,LOF,0.10102340295779827,0.051237616390725424,0.8477389806514762
25592,LOF,0.0587762831264382,0.12962621188951826,0.8115975049840436
25593,LOF,0.1332196018553326,0.2485677004904372,0.6182126976542301
25594,LOF,0.049864854647852175,0.10343684119509346,0.8466983041570543
25595,LOF,0.047521490616001305,0.07369469109104153,0.8787838182929573
25596,LOF,0.10734138649821076,0.04431286956627229,0.848345743935517
25597,LOF,0.08734695004662653,0.04904542676949961,0.863607623183874
25598,LOF,0.05426902046391122,0.07811974815906537,0.8676112313770235
25599,GOF,0.021172775915980987,0.5088302364618363,0.4699969876221828
25600,GOF,0.1661636930127604,0.5246935057332488,0.30914280125399085
25601,LOF,0.03785438019427235,0.41702187700202,0.5451237428037077
25602,LOF,0.02969204599760972,0.07643693073612527,0.893871023266265
25603,LOF,0.027031083459915797,0.034442725059457335,0.9385261914806269
25604,LOF,0.0331625503033109,0.07781281771296011,0.889024631983729
25605,LOF,0.033653105079581636,0.22366035466288609,0.7426865402575323
25606,LOF,0.41829801788166376,0.1269902407677753,0.454711741350561
25607,LOF,0.02341011543624648,0.20020721782160106,0.7763826667421524
25608,LOF,0.036166406152323055,0.06399849712219206,0.899835096725485
25609,GOF,0.1709334453871295,0.503377000664716,0.32568955394815446
25610,LOF,0.014225854445095954,0.027195662625622098,0.9585784829292818
25611,LOF,0.012714303627921435,0.03104286263344012,0.9562428337386384
25612,LOF,0.04467355355755852,0.03972464241471203,0.9156018040277294
25613,LOF,0.04263206256934669,0.04031931366259432,0.9170486237680591
25614,LOF,0.01904128612463383,0.025377253462524178,0.9555814604128421
25615,LOF,0.040497822801858846,0.03695321422527321,0.9225489629728679
25616,LOF,0.045015179089114246,0.028641878088631396,0.9263429428222544
25617,LOF,0.03826585749250784,0.03765523919396858,0.9240789033135236
25618,LOF,0.05098961854731322,0.035612487808058736,0.913397893644628
25619,LOF,0.013384407161178493,0.03164038011239381,0.9549752127264278
25620,LOF,0.06213746469096873,0.04555918775736517,0.8923033475516661
25621,LOF,0.05366748170059219,0.03488226006802778,0.9114502582313802
25622,LOF,0.06152011641951818,0.03239355297359808,0.9060863306068837
25623,LOF,0.06979419348689957,0.027041730037586035,0.9031640764755143
25624,LOF,0.016772458664735944,0.033108855207496825,0.9501186861277672
25625,LOF,0.06459820737799221,0.03776782510697083,0.8976339675150369
25626,LOF,0.045201652053785374,0.03959911646348043,0.9151992314827342
25627,Neutral,0.8935971026609814,0.021488848630281332,0.08491404870873728
25628,LOF,0.12237250075648401,0.06196487055400915,0.8156626286895069
25629,LOF,0.06167430933167465,0.04340229141284278,0.8949233992554827
25630,LOF,0.27653854663546584,0.07430274736673116,0.6491587059978029
25631,Neutral,0.5526432577688947,0.0628126854853868,0.38454405674571857
25632,LOF,0.02628822299037987,0.06700551360997069,0.9067062633996494
25633,LOF,0.2046450923092301,0.03460020099797432,0.7607547066927957
25634,LOF,0.03500662570324686,0.07769612070979405,0.8872972535869591
25635,LOF,0.03723231572389596,0.04077271296248324,0.9219949713136208
25636,LOF,0.03583803599930856,0.4754094557201635,0.48875250828052785
25637,GOF,0.0733291979282231,0.4693261949485506,0.4573446071232263
25638,LOF,0.03314590401239576,0.3075107209609019,0.6593433750267023
25639,LOF,0.03252318042399091,0.36531589617694993,0.6021609233990592
25640,Neutral,0.8181454549239298,0.13694885209135768,0.044905692984712496
25641,LOF,0.06658296815197559,0.43488711306053635,0.49852991878748804
25642,LOF,0.04135837567593512,0.14876606558983455,0.8098755587342303
25643,LOF,0.22096912504781385,0.14658502909581134,0.6324458458563748
25644,LOF,0.02209991332279055,0.4624826447535394,0.51541744192367
25645,LOF,0.023303297671999578,0.4063092340155237,0.5703874683124768
25646,LOF,0.05147466816035233,0.3182487522647973,0.6302765795748504
25647,LOF,0.02396958791011433,0.25333228287747944,0.7226981292124063
25648,LOF,0.03270799817772053,0.2280900890234076,0.7392019127988719
25649,LOF,0.015947046781871414,0.2306092722701563,0.7534436809479723
25650,LOF,0.05182283426358198,0.42113140817686356,0.5270457575595545
25651,LOF,0.015986775104555942,0.25886000113811,0.725153223757334
25652,LOF,0.03446726076622578,0.2521633647686521,0.7133693744651222
25653,LOF,0.08679325617695012,0.3972191984441262,0.5159875453789237
25654,LOF,0.02410194358122865,0.19805993088050444,0.777838125538267
25655,LOF,0.25538281659737644,0.3699491245688486,0.37466805883377485
25656,LOF,0.25625242227885925,0.05885170642343087,0.6848958712977098
25657,LOF,0.06946861896841941,0.05992803510478833,0.8706033459267923
25658,LOF,0.3853183397791609,0.056093324135621535,0.5585883360852175
25659,Neutral,0.5127927433999169,0.08008029528607119,0.40712696131401205
25660,LOF,0.02541868018960028,0.09065414266034238,0.8839271771500572
25661,LOF,0.0997203462804,0.058911528394988276,0.8413681253246117
25662,LOF,0.03473089802286058,0.03200414053718903,0.9332649614399504
25663,LOF,0.04297794819118839,0.045440237149726524,0.911581814659085
25664,LOF,0.14173649688912257,0.05326940988864681,0.8049940932222306
25665,LOF,0.0561940231298736,0.029669259024452218,0.9141367178456742
25666,LOF,0.0895146186761916,0.06316875367356217,0.8473166276502462
25667,LOF,0.06536751523962514,0.037464485211957436,0.8971679995484173
25668,LOF,0.03661456880403978,0.048625508276697954,0.9147599229192622
25669,LOF,0.03203410920678353,0.05019100244121004,0.9177748883520065
25670,LOF,0.15270691980955875,0.047779803783452195,0.7995132764069891
25671,LOF,0.1062349766102792,0.030755871384240966,0.8630091520054798
25672,LOF,0.05415931219056992,0.03928260173122587,0.9065580860782042
25673,LOF,0.07674338262873977,0.03926344539875804,0.8839931719725022
25674,LOF,0.06453233971952592,0.05027226150499201,0.885195398775482
25675,LOF,0.11357038191572616,0.0485074856049347,0.8379221324793392
25676,LOF,0.018350397378325497,0.04894500924465346,0.9327045933770209
25677,LOF,0.02599313553422443,0.06852541937501501,0.9054814450907606
25678,LOF,0.17943479767179024,0.056968399500674144,0.7635968028275356
25679,LOF,0.12421405724542002,0.08506522424968052,0.7907207185048994
25680,LOF,0.03339972817456925,0.10696318814211674,0.859637083683314
25681,LOF,0.050103004763743374,0.09945177672661155,0.8504452185096452
25682,LOF,0.1413618587967513,0.07229174182685107,0.7863463993763976
25683,LOF,0.11862770772983566,0.09298844856620968,0.7883838437039548
25684,LOF,0.043098218709009435,0.07284396521913852,0.884057816071852
25685,LOF,0.12212110696833343,0.047643712995866935,0.8302351800357997
25686,LOF,0.07613694796782117,0.09449851560887781,0.8293645364233011
25687,LOF,0.12170943208873242,0.09004276045584547,0.788247807455422
25688,LOF,0.3179647124664308,0.034043179266634006,0.6479921082669352
25689,LOF,0.2343648118887039,0.037121399991628,0.7285137881196682
25690,LOF,0.3413735164657121,0.03095447913153435,0.6276720044027535
25691,Neutral,0.6988292514354445,0.024601945220144163,0.2765688033444115
25692,LOF,0.3107008748683237,0.011257687659775537,0.6780414374719008
25693,LOF,0.05064774412435173,0.45618637481075874,0.49316588106488957
25694,LOF,0.12182619047231824,0.015850649547238263,0.8623231599804434
25695,LOF,0.11960239834828879,0.015157642537822017,0.8652399591138892
25696,LOF,0.10713607383319548,0.008972036226315223,0.8838918899404893
25697,LOF,0.11302485534813465,0.0327435713790601,0.8542315732728052
25698,LOF,0.3195018623333235,0.2102854000560188,0.4702127376106578
25699,LOF,0.3878719609864599,0.04073560168132151,0.5713924373322186
25700,LOF,0.057515166502562554,0.008074861738678291,0.9344099717587591
25701,LOF,0.14752975098108667,0.046848294148360066,0.8056219548705532
25702,GOF,0.1787559745631657,0.5421153951025939,0.27912863033424046
25703,LOF,0.01603891890000075,0.1789886405420458,0.8049724405579535
25704,LOF,0.04850444059423327,0.13282557894712987,0.8186699804586368
25705,LOF,0.06072436623571635,0.2051455324765861,0.7341301012876975
25706,LOF,0.08630411822710755,0.3904193351178731,0.5232765466550193
25707,LOF,0.0737855692954567,0.29643619309542196,0.6297782376091213
25708,LOF,0.028305413154608754,0.25694520933667536,0.7147493775087158
25709,LOF,0.062274099757949015,0.04280970091396569,0.8949161993280853
25710,LOF,0.01286464956466968,0.13149515415263435,0.8556401962826959
25711,LOF,0.018340716594661563,0.10389364163109048,0.8777656417742479
25712,LOF,0.014345128529969362,0.181151184096087,0.8045036873739437
25713,LOF,0.018392577202553353,0.08738195417295391,0.8942254686244927
25714,LOF,0.06775914427930978,0.08136441264239994,0.8508764430782902
25715,LOF,0.010396788534026232,0.15172671654935718,0.8378764949166165
25716,LOF,0.015352889884190438,0.11447792028875334,0.8701691898270563
25717,LOF,0.013529515816856076,0.06959182357273293,0.916878660610411
25718,LOF,0.012520711819165156,0.0927258168191939,0.8947534713616409
25719,LOF,0.01901407432111614,0.07774568080979381,0.90324024486909
25720,LOF,0.02071883715350113,0.07333416373592205,0.9059469991105769
25721,LOF,0.01602861770980771,0.10829066847378555,0.8756807138164068
25722,LOF,0.013705620791519192,0.12974526155966337,0.8565491176488174
25723,LOF,0.02301646840922579,0.046006240061242036,0.9309772915295322
25724,LOF,0.02229161388779276,0.08813221601801043,0.8895761700941968
25725,LOF,0.012169116673665928,0.06934438462425775,0.9184864987020763
25726,LOF,0.015151234773390367,0.09542252817469209,0.8894262370519176
25727,LOF,0.013481068974254317,0.07354175021405054,0.9129771808116951
25728,LOF,0.009753105617827525,0.10485624615503743,0.8853906482271351
25729,LOF,0.010083509439946767,0.10563397588358972,0.8842825146764636
25730,LOF,0.013639522445577753,0.08252328140564427,0.9038371961487779
25731,LOF,0.020154624043688067,0.11190180201087076,0.8679435739454413
25732,LOF,0.014846071796994625,0.0818349487671799,0.9033189794358255
25733,LOF,0.01610842193534121,0.07408532012479212,0.9098062579398668
25734,LOF,0.014430746393332585,0.11927445715828247,0.8662947964483849
25735,LOF,0.01389204690435425,0.08550305676843407,0.9006048963272116
25736,LOF,0.014337906870463313,0.11165846680671691,0.8740036263228198
25737,LOF,0.02001305586801516,0.08674853368464162,0.8932384104473432
25738,LOF,0.012960646918981656,0.0998293515858404,0.887210001495178
25739,LOF,0.019612895860921273,0.07996279258924632,0.9004243115498325
25740,LOF,0.024997399237380417,0.09942073657901042,0.8755818641836092
25741,LOF,0.014937738292346873,0.10861210336080143,0.8764501583468518
25742,LOF,0.11803341575906649,0.08194947681908124,0.8000171074218524
25743,LOF,0.035402131138745206,0.0305152442628505,0.9340826245984043
25744,Neutral,0.6092457280062995,0.2040339271808594,0.18672034481284122
25745,LOF,0.0866875327440945,0.06999127407234726,0.8433211931835581
25746,LOF,0.04123931862640393,0.08474033847956376,0.8740203428940323
25747,LOF,0.022233202304869786,0.04120804154104421,0.9365587561540861
25748,LOF,0.10432382867598314,0.061758260357750276,0.8339179109662664
25749,LOF,0.027414703103121416,0.07809694246663391,0.8944883544302448
25750,LOF,0.09073892576829783,0.0842453400673734,0.8250157341643288
25751,LOF,0.09710860031382455,0.06592897099646106,0.8369624286897144
25752,GOF,0.10191474665048537,0.665769452600727,0.23231580074878774
25753,LOF,0.021681913419015236,0.2835862192928956,0.6947318672880892
25754,GOF,0.010544799662221853,0.7661941547880778,0.2232610455497003
25755,LOF,0.02422412199901927,0.3735114243575463,0.6022644536434345
25756,LOF,0.04033843238585885,0.3710669069387591,0.588594660675382
25757,GOF,0.01222138768803665,0.8471411000308736,0.14063751228108964
25758,GOF,0.026310724487817298,0.823603388541838,0.15008588697034475
25759,GOF,0.011353794626202634,0.5438441539568365,0.4448020514169609
25760,LOF,0.01252796158443455,0.23974276256045668,0.7477292758551088
25761,GOF,0.27356718510473177,0.6338364239469574,0.09259639094831083
25762,LOF,0.03467869356858129,0.25910345005097346,0.7062178563804452
25763,LOF,0.013997799400524468,0.2050347760605163,0.7809674245389593
25764,GOF,0.0689688236038312,0.6399089776841357,0.2911221987120331
25765,GOF,0.04181863215196585,0.7468800041431758,0.2113013637048583
25766,GOF,0.06647278330866728,0.7577689488761606,0.17575826781517204
25767,GOF,0.1765661823127473,0.4590690467414679,0.3643647709457849
25768,LOF,0.10286034440330186,0.06790575988788211,0.829233895708816
25769,LOF,0.07017766324433086,0.06783347813139161,0.8619888586242775
25770,LOF,0.2903147250086433,0.0752473525303763,0.6344379224609805
25771,LOF,0.04317719323351083,0.041548262928650846,0.9152745438378382
25772,LOF,0.016824182470055897,0.03501413452523232,0.9481616830047118
25773,LOF,0.055403386115139494,0.07380828598364043,0.8707883279012202
25774,LOF,0.028504327004141593,0.07280610821638717,0.8986895647794713
25775,LOF,0.05027827282504158,0.04403623155457548,0.9056854956203829
25776,LOF,0.06802504166930298,0.02606886642132526,0.9059060919093717
25777,LOF,0.33053037801412455,0.04583804335843424,0.6236315786274412
25778,LOF,0.06703859393821451,0.04987552659120487,0.8830858794705806
25779,GOF,0.3944196018403995,0.5616152850937408,0.043965113065859616
25780,GOF,0.30782935213656,0.6219683608347066,0.07020228702873346
25781,GOF,0.15713757956776184,0.7332464531431123,0.10961596728912582
25782,GOF,0.2183763384011186,0.7082863618037105,0.07333729979517091
25783,GOF,0.02877561484099266,0.6507290086659825,0.32049537649302495
25784,Neutral,0.5085991294740368,0.454820046894768,0.036580823631195164
25785,GOF,0.44944310614089733,0.5104011588358788,0.04015573502322385
25786,GOF,0.030592498597830326,0.7666319448026869,0.20277555659948276
25787,Neutral,0.6510263253346631,0.3244727419710231,0.02450093269431375
25788,LOF,0.04798438946725302,0.11314854411810686,0.83886706641464
25789,GOF,0.19749881485244541,0.6707411032547455,0.1317600818928091
25790,GOF,0.24238322708667642,0.6575092444613913,0.10010752845193244
25791,GOF,0.1553169408521663,0.6789392250102293,0.16574383413760443
25792,GOF,0.3402122362917314,0.5381023313828031,0.12168543232546546
25793,GOF,0.2672367910056986,0.5387260986724672,0.19403711032183413
25794,GOF,0.28182466262916867,0.5564069273360698,0.1617684100347615
25795,GOF,0.08425465605899114,0.7026973868265045,0.21304795711450436
25796,Neutral,0.5507850566760135,0.3721301156695782,0.07708482765440823
25797,GOF,0.09694296625011287,0.552938431848947,0.3501186019009402
25798,GOF,0.009320758889584863,0.5189658469939707,0.4717133941164445
25799,LOF,0.007012406986240418,0.4206138972404376,0.572373695773322
25800,GOF,0.03498412848505394,0.6016005816633268,0.36341528985161925
25801,GOF,0.189843091098882,0.6780388453411307,0.13211806355998723
25802,GOF,0.07253593313519667,0.6833024252561529,0.24416164160865045
25803,GOF,0.036642332400712144,0.5790757373140831,0.3842819302852048
25804,GOF,0.03347522366538228,0.4845326575653058,0.4819921187693119
25805,GOF,0.1000731137190409,0.5749895771254123,0.32493730915554675
25806,GOF,0.10180962583118897,0.5939272079742277,0.3042631661945834
25807,GOF,0.01843618594391072,0.6222973485141003,0.35926646554198893
25808,GOF,0.08642714685447757,0.6263482247574184,0.2872246283881041
25809,GOF,0.01741507369949453,0.5938824607633441,0.38870246553716153
25810,GOF,0.016228689910085702,0.6258214295489282,0.35794988054098614
25811,GOF,0.4477026085287818,0.47810305582013707,0.07419433565108108
25812,GOF,0.029869718366815574,0.6504800626007482,0.31965021903243634
25813,Neutral,0.48668547529373335,0.41511589203324684,0.09819863267301983
25814,GOF,0.10745049700286978,0.6492626444163123,0.2432868585808178
25815,GOF,0.17954508128414037,0.6343295635617333,0.18612535515412637
25816,GOF,0.021161188662581227,0.7030023180201151,0.27583649331730364
25817,GOF,0.23431036343342376,0.6481521905254467,0.11753744604112948
25818,GOF,0.05507227518506601,0.6790331726330853,0.2658945521818486
25819,GOF,0.34968962210286614,0.510703157562952,0.1396072203341817
25820,GOF,0.18815425493915466,0.5992033336223808,0.2126424114384645
25821,GOF,0.061041855466458274,0.6788358728758718,0.26012227165766993
25822,GOF,0.21709986786895025,0.5850278547657669,0.1978722773652829
25823,GOF,0.03768741177191465,0.5320631641954287,0.43024942403265676
25824,GOF,0.09282128871355763,0.6154948595767956,0.2916838517096467
25825,GOF,0.04239733333785146,0.6134288442306258,0.3441738224315228
25826,GOF,0.017130770026142,0.6077012493524543,0.3751679806214037
25827,GOF,0.023071269933908175,0.6127026859531347,0.3642260441129571
25828,GOF,0.012809457132036952,0.5337888698154557,0.4534016730525074
25829,GOF,0.00603053323789919,0.5837681780788818,0.41020128868321887
25830,LOF,0.03481725247985147,0.3003159631872207,0.6648667843329279
25831,GOF,0.2137874654249355,0.6878261070315498,0.09838642754351477
25832,GOF,0.0364545429864498,0.7422409249363588,0.22130453207719136
25833,GOF,0.12081677891892166,0.7438377285675284,0.13534549251355
25834,GOF,0.035321287513421326,0.7531007258186533,0.21157798666792532
25835,GOF,0.06870044083596241,0.788789567575857,0.14250999158818042
25836,GOF,0.03650516340538588,0.7281686024910871,0.23532623410352702
25837,GOF,0.02604576816289454,0.6219182983579002,0.35203593347920514
25838,GOF,0.09106249450613861,0.7854759437777883,0.12346156171607302
25839,GOF,0.2983074634595921,0.5843150790642302,0.11737745747617773
25840,GOF,0.22718830406327184,0.6426825373600976,0.13012915857663057
25841,GOF,0.22476810512486314,0.6533458124801228,0.12188608239501418
25842,GOF,0.15943644583470573,0.7294014237006479,0.11116213046464644
25843,GOF,0.21865303619120502,0.7047319832450071,0.07661498056378789
25844,GOF,0.06387799270629403,0.7381601452195128,0.19796186207419322
25845,GOF,0.016320784737818974,0.5276509549233008,0.4560282603388801
25846,GOF,0.1350643933920419,0.7315188410554796,0.13341676555247833
25847,GOF,0.11054760928588522,0.7967889116855201,0.09266347902859459
25848,GOF,0.03735939015891857,0.7196245447206463,0.2430160651204352
25849,GOF,0.01083290557897134,0.613714913376519,0.37545218104450956
25850,GOF,0.020932277486688543,0.6696600592350843,0.30940766327822716
25851,GOF,0.01625059095547993,0.5569696090460347,0.42677979999848553
25852,GOF,0.1713341242649694,0.5507808554702646,0.27788502026476597
25853,GOF,0.34950046595977413,0.5831903884866533,0.06730914555357265
25854,GOF,0.02358845293972682,0.6214397324021369,0.3549718146581363
25855,GOF,0.03785166814787824,0.5722431798986529,0.3899051519534688
25856,GOF,0.23563277941132516,0.5643368941736243,0.20003032641505042
25857,GOF,0.04114153677928096,0.5300222598788228,0.4288362033418963
25858,GOF,0.020830896278665027,0.5763184148573245,0.40285068886401054
25859,GOF,0.010514619106212934,0.5502714245362685,0.4392139563575186
25860,GOF,0.35091854011620066,0.5702155684520794,0.07886589143171986
25861,GOF,0.42155882258354715,0.5167303033751676,0.06171087404128538
25862,GOF,0.08494079650486727,0.7819234240705805,0.13313577942455204
25863,GOF,0.07934674324746563,0.7821108010607356,0.13854245569179877
25864,GOF,0.2090332659726614,0.7222916409098272,0.06867509311751137
25865,GOF,0.08869091726992653,0.7993302116516983,0.11197887107837522
25866,GOF,0.05805235242838187,0.7920934889570515,0.1498541586145668
25867,GOF,0.08956157763293515,0.8138197311033848,0.09661869126368013
25868,GOF,0.23409073190371307,0.6673278963590389,0.098581371737248
25869,Neutral,0.6994114063198986,0.2577009755049744,0.042887618175126964
25870,GOF,0.2686323808648046,0.4279132418406212,0.3034543772945742
25871,GOF,0.21634961493769467,0.6596934018776996,0.12395698318460568
25872,GOF,0.08375605907596806,0.6793784971560224,0.23686544376800944
25873,GOF,0.1112801021501349,0.7089257716380036,0.17979412621186144
25874,LOF,0.01434863288770539,0.1256053818919819,0.8600459852203126
25875,LOF,0.09236473491164544,0.05042744310204688,0.8572078219863077
25876,LOF,0.036617845113551775,0.03489667962042011,0.9284854752660282
25877,Neutral,0.5159100732431392,0.04605171259871929,0.4380382141581414
25878,LOF,0.2115535428899699,0.10168163993218968,0.6867648171778405
25879,LOF,0.08751394551072161,0.10047823266447162,0.8120078218248067
25880,LOF,0.040719345699819595,0.015558160303289704,0.9437224939968908
25881,LOF,0.1576041024832143,0.14010794330439383,0.7022879542123919
25882,LOF,0.06378833281814998,0.018500076675655685,0.9177115905061943
25883,LOF,0.06820328740271817,0.021551811473608424,0.9102449011236735
25884,LOF,0.03152100467606641,0.02915421276304537,0.9393247825608882
25885,LOF,0.06042907155750008,0.012056275575901143,0.9275146528665986
25886,LOF,0.26383412760561004,0.041148405836374566,0.6950174665580154
25887,LOF,0.14010934040860498,0.0757453083025111,0.7841453512888841
25888,LOF,0.06530860173848288,0.06639092195076889,0.8683004763107482
25889,LOF,0.04048754972322764,0.020989267856695786,0.9385231824200766
25890,LOF,0.04935664572265952,0.15096802408284085,0.7996753301944997
25891,LOF,0.04033509129746834,0.04801523513801168,0.91164967356452
25892,LOF,0.08156747224677996,0.02148769603358193,0.8969448317196381
25893,LOF,0.26016945551245,0.019454523812646854,0.7203760206749031
25894,LOF,0.17482004889819705,0.011194641847358511,0.8139853092544445
25895,LOF,0.2088580959343943,0.02244027187890333,0.7687016321867024
25896,LOF,0.05051397128370779,0.020525050575101254,0.9289609781411909
25897,LOF,0.24835670714264807,0.012561242137307228,0.7390820507200447
25898,Neutral,0.7164470982652243,0.010749247231429664,0.2728036545033461
25899,LOF,0.2272347280831935,0.02075726684239088,0.7520080050744157
25900,LOF,0.4781760847378646,0.013705906773209675,0.5081180084889257
25901,LOF,0.051785779692016906,0.011961283748020943,0.9362529365599621
25902,LOF,0.144772552623874,0.014223069027234657,0.8410043783488914
25903,Neutral,0.5860842408902767,0.027874994655166047,0.38604076445455726
25904,LOF,0.3292445467602047,0.040563868411939236,0.6301915848278561
25905,LOF,0.02624684291042612,0.3292226386949528,0.6445305183946212
25906,LOF,0.032371423212507765,0.07143461610263957,0.8961939606848527
25907,LOF,0.014386538964486321,0.35078231690310113,0.6348311441324126
25908,LOF,0.009739309714299068,0.26808923565821047,0.7221714546274905
25909,LOF,0.012605809942844829,0.13033417555571913,0.857060014501436
25910,LOF,0.051649673160121756,0.13442658640113433,0.8139237404387439
25911,LOF,0.17584928895209007,0.03309523588069084,0.7910554751672192
25912,LOF,0.04912605812948005,0.05879242511164805,0.8920815167588719
25913,LOF,0.3605784511770649,0.02596601280849099,0.6134555360144442
25914,LOF,0.019114994636980246,0.054670734004097596,0.9262142713589221
25915,Neutral,0.5789118085112709,0.14840094438393484,0.2726872471047943
25916,LOF,0.0861255424456263,0.20046921875427462,0.7134052388000991
25917,LOF,0.06344900193849594,0.04162115162442065,0.8949298464370833
25918,LOF,0.021787951827297043,0.03237529076531166,0.9458367574073913
25919,LOF,0.018576353560141656,0.034148247299621626,0.9472753991402367
25920,GOF,0.12725498767611002,0.5191554471727412,0.3535895651511488
25921,LOF,0.02579388792601253,0.035964644021174566,0.9382414680528129
25922,LOF,0.03419038005934879,0.027430339430506687,0.9383792805101444
25923,Neutral,0.4826492618865856,0.03811428126423456,0.47923645684917976
25924,LOF,0.03806717113372602,0.044419376842124686,0.9175134520241494
25925,LOF,0.07133046652331085,0.04055790998367072,0.8881116234930184
25926,LOF,0.05049893307011092,0.03663888300252955,0.9128621839273595
25927,LOF,0.05669441895107197,0.13041377161902254,0.8128918094299056
25928,LOF,0.018426587045336514,0.048032780929945805,0.9335406320247178
25929,Neutral,0.5895936030926446,0.04067734614188368,0.36972905076547175
25930,LOF,0.07201578379443828,0.035021465135514386,0.8929627510700474
25931,LOF,0.025836438463703017,0.03412522620622545,0.9400383353300715
25932,LOF,0.02764294164321975,0.03053953536674112,0.9418175229900391
25933,LOF,0.0375813748484449,0.02125308347894958,0.9411655416726056
25934,LOF,0.024685514812786465,0.02269765738176484,0.9526168278054488
25935,LOF,0.061771396114070315,0.05580469734663284,0.8824239065392969
25936,LOF,0.04412985005378829,0.026172614320334655,0.9296975356258771
25937,LOF,0.026615197315969317,0.04241405369128843,0.9309707489927422
25938,LOF,0.0636732766924848,0.055885558379256614,0.8804411649282585
25939,LOF,0.041188398197791715,0.021513126897523684,0.9372984749046847
25940,LOF,0.02981050462692439,0.33879447282418435,0.6313950225488912
25941,LOF,0.18898470028160572,0.10955784491496727,0.7014574548034271
25942,LOF,0.014283307327905578,0.03322985421425125,0.9524868384578431
25943,LOF,0.304220373858137,0.05215104792931089,0.643628578212552
25944,Neutral,0.49560885426009854,0.024013916622430666,0.48037722911747066
25945,LOF,0.07234090559482663,0.025353697372848295,0.902305397032325
25946,LOF,0.030152874309513907,0.11991561032325124,0.8499315153672349
25947,LOF,0.10091084227178752,0.17612644667931013,0.7229627110489023
25948,LOF,0.3798422585558033,0.008533722825634046,0.6116240186185626
25949,LOF,0.13773858348837348,0.03399454921246166,0.828266867299165
25950,GOF,0.28977766940173644,0.3788441226353453,0.3313782079629182
25951,LOF,0.21885716912681488,0.2605936474960902,0.5205491833770949
25952,LOF,0.04205366375540125,0.43519026972218877,0.52275606652241
25953,LOF,0.1324843890083901,0.09999523385122015,0.7675203771403897
25954,Neutral,0.42881835061040635,0.16440998616272248,0.40677166322687114
25955,LOF,0.05683817384729036,0.07724888583968424,0.8659129403130255
25956,LOF,0.15570277221787668,0.10909715386493386,0.7352000739171896
25957,LOF,0.03875358981814976,0.029869115174309416,0.9313772950075409
25958,LOF,0.05640352783979578,0.03150887375841522,0.9120875984017891
25959,LOF,0.07106715230135294,0.33561188300158185,0.5933209646970652
25960,LOF,0.015600311454528091,0.05250054345581839,0.9318991450896537
25961,LOF,0.04283207725173787,0.031509190149680136,0.9256587325985819
25962,LOF,0.05725087484221721,0.02222800716714885,0.9205211179906339
25963,LOF,0.049528681944703015,0.19083490445164578,0.7596364136036513
25964,LOF,0.03279892176741592,0.15153530552657057,0.8156657727060135
25965,LOF,0.4464741356706858,0.06417812633902162,0.4893477379902927
25966,Neutral,0.5236673699868524,0.16256832870106772,0.3137643013120799
25967,LOF,0.018540997576259616,0.10287038392837261,0.8785886184953676
25968,LOF,0.033484399455088604,0.41922541748444153,0.54729018306047
25969,LOF,0.03347371389903585,0.059733585419561815,0.9067927006814023
25970,LOF,0.06203370151629577,0.06303666110748414,0.8749296373762201
25971,LOF,0.06408816623003927,0.021869279835702228,0.9140425539342585
25972,LOF,0.07085458715736344,0.031796745241928805,0.8973486676007079
25973,LOF,0.0735427192737207,0.00889464586078337,0.9175626348654958
25974,LOF,0.19597061393830412,0.015853981275502246,0.7881754047861936
25975,LOF,0.044814801026369866,0.024286177862931108,0.930899021110699
25976,LOF,0.045174513655322227,0.01416993093076098,0.9406555554139169
25977,LOF,0.14975555799704435,0.08844813922973883,0.7617963027732169
25978,LOF,0.14771564753186758,0.07975542183242211,0.7725289306357104
25979,LOF,0.13481767867482178,0.08029446765728404,0.7848878536678942
25980,LOF,0.2510246703651038,0.0942560702932749,0.6547192593416213
25981,LOF,0.2833158337610441,0.09213865926140087,0.624545506977555
25982,LOF,0.40101015512453553,0.07085359719934514,0.5281362476761193
25983,LOF,0.3912963655258387,0.07371018412798327,0.5349934503461781
25984,LOF,0.05152578617108741,0.04565033080139882,0.9028238830275137
25985,LOF,0.03589974667258218,0.2766832342901386,0.6874170190372793
25986,LOF,0.049078829784004456,0.2891734820340155,0.6617476881819802
25987,LOF,0.08539840870450789,0.0674174253263772,0.8471841659691149
25988,LOF,0.17257971006399417,0.05776715997773577,0.7696531299582701
25989,LOF,0.03696094236503963,0.11411136094676635,0.848927696688194
25990,LOF,0.04394678827685247,0.14318876345635131,0.8128644482667962
25991,LOF,0.12471111579299134,0.23395494833436856,0.6413339358726401
25992,LOF,0.27612317381911383,0.1392850762802822,0.584591749900604
25993,LOF,0.024470720715206402,0.06362850275199783,0.9119007765327959
25994,LOF,0.018185710371503044,0.08044381484127736,0.9013704747872197
25995,LOF,0.02527623058370423,0.1707449963304005,0.8039787730858952
25996,GOF,0.33827037959324274,0.36360679646908917,0.29812282393766815
25997,LOF,0.08642637811031015,0.33902850695159953,0.5745451149380904
25998,Neutral,0.5071469805840289,0.026095301852993864,0.4667577175629773
25999,LOF,0.11330099209086414,0.0808105984867026,0.8058884094224332
26000,LOF,0.14819076470365417,0.048142476228738434,0.8036667590676074
26001,LOF,0.1841393038622745,0.05489034992543959,0.7609703462122858
26002,LOF,0.11770404894348513,0.048142506810176317,0.8341534442463385
26003,GOF,0.009895297613213047,0.560152257951554,0.429952444435233
26004,GOF,0.020709250013345764,0.6560963482013994,0.3231944017852548
26005,LOF,0.00660971451570542,0.44530230024437917,0.5480879852399154
26006,Neutral,0.4924603829828591,0.2548352949748385,0.2527043220423025
26007,GOF,0.018674563758335445,0.5178378159540775,0.46348762028758705
26008,GOF,0.016080342140818864,0.5670923021977208,0.41682735566146034
26009,GOF,0.019849108213049756,0.6563075929900142,0.3238432987969361
26010,GOF,0.02170558010009533,0.5954745942121924,0.38281982568771233
26011,LOF,0.006531824201140636,0.4103547415505275,0.583113434248332
26012,GOF,0.011989325683556795,0.5390738227851218,0.4489368515313214
26013,GOF,0.019201960669596643,0.6144897633311214,0.3663082759992821
26014,LOF,0.04180189637788802,0.10105087406826456,0.8571472295538474
26015,LOF,0.1729627855912526,0.015021289779032549,0.8120159246297147
26016,LOF,0.20690556726005532,0.06088592459425143,0.7322085081456932
26017,LOF,0.2250559297122367,0.09150211430736668,0.6834419559803966
26018,LOF,0.08563896683851784,0.035812628672113676,0.8785484044893684
26019,LOF,0.08032392985837786,0.028702640075553502,0.8909734300660687
26020,LOF,0.07110243858189938,0.1063013046118858,0.8225962568062148
26021,LOF,0.04560103383283317,0.11451769384091202,0.8398812723262546
26022,LOF,0.011042532311776659,0.03833873515426102,0.9506187325339622
26023,LOF,0.06733735118556904,0.022867395407466722,0.9097952534069642
26024,LOF,0.032064557260652625,0.11231708609784713,0.8556183566415003
26025,LOF,0.15967501164504508,0.0950352063276856,0.7452897820272694
26026,LOF,0.3351292613992587,0.03223028542037169,0.6326404531803698
26027,LOF,0.06698415601551326,0.017887392431981154,0.9151284515525056
26028,LOF,0.17673513597360785,0.06278752966534748,0.7604773343610446
26029,LOF,0.06754686143262502,0.18568324722880367,0.7467698913385714
26030,LOF,0.021012323705825814,0.046679727998225555,0.9323079482959487
26031,LOF,0.023702901365853624,0.13107476453217848,0.845222334101968
26032,LOF,0.06913331299817914,0.07700947042927458,0.8538572165725463
26033,LOF,0.08040684383910135,0.07340570941401099,0.8461874467468876
26034,LOF,0.03841311911099011,0.15425365040933547,0.8073332304796744
26035,LOF,0.023425485536702068,0.15695436524943426,0.8196201492138637
26036,LOF,0.0350978779273176,0.1718319946782775,0.7930701273944049
26037,LOF,0.020392639154313625,0.12494674819844832,0.854660612647238
26038,LOF,0.06373989206827754,0.0787539098297844,0.857506198101938
26039,LOF,0.04539713066319931,0.1533322905638408,0.8012705787729599
26040,LOF,0.207121785102212,0.1325436205602765,0.6603345943375115
26041,LOF,0.020645780112842828,0.11265779325991004,0.8666964266272472
26042,LOF,0.01883946716931407,0.10714185018900702,0.8740186826416789
26043,LOF,0.06441750160486087,0.09115588990397967,0.8444266084911596
26044,LOF,0.01976371113913022,0.0599327817635968,0.9203035070972729
26045,LOF,0.06539244627566912,0.09679614724303791,0.837811406481293
26046,LOF,0.05855771327105093,0.0744985727360974,0.8669437139928516
26047,LOF,0.0786404285733596,0.07580753637036196,0.8455520350562784
26048,LOF,0.04175549689055298,0.03596073163320448,0.9222837714762425
26049,Neutral,0.9689480551196877,0.006578942451953529,0.02447300242835888
26050,Neutral,0.9551055437662207,0.00875602235232129,0.03613843388145801
26051,LOF,0.05288457403204692,0.2767490017631801,0.670366424204773
26052,LOF,0.06313775258656004,0.3261919982667666,0.6106702491466734
26053,LOF,0.052823032208291334,0.1270600247299379,0.8201169430617709
26054,LOF,0.051726591591215496,0.01631856606537221,0.9319548423434122
26055,LOF,0.07421301036070782,0.014205439230082802,0.9115815504092094
26056,LOF,0.06100936036626002,0.01527671753034914,0.9237139221033908
26057,LOF,0.02918396562580454,0.011946898037526263,0.9588691363366691
26058,LOF,0.02986679047134417,0.009743825864393884,0.960389383664262
26059,LOF,0.27282992591631844,0.019755732923936918,0.7074143411597447
26060,LOF,0.03926733184763172,0.19122515567210785,0.7695075124802604
26061,LOF,0.01907561547057353,0.010221985838877058,0.9707023986905493
26062,LOF,0.010849332990334866,0.015527073946077656,0.9736235930635875
26063,LOF,0.020230978245624632,0.010552425764644055,0.9692165959897314
26064,LOF,0.021887388063792913,0.020965475209367174,0.95714713672684
26065,LOF,0.025241488333806638,0.01106711023251543,0.9636914014336779
26066,LOF,0.02052930730336252,0.010716808110709781,0.9687538845859278
26067,LOF,0.026901923682866473,0.00880211426500325,0.9642959620521303
26068,LOF,0.04523539404672622,0.025180324655852904,0.9295842812974208
26069,LOF,0.2511883414036377,0.01587129164994695,0.7329403669464152
26070,LOF,0.38614090107790033,0.014642630343215696,0.599216468578884
26071,LOF,0.019709231850213428,0.011945437667635653,0.968345330482151
26072,LOF,0.02106912131417239,0.01524013857154812,0.9636907401142796
26073,LOF,0.019292474825718397,0.010147602899102902,0.9705599222751786
26074,Neutral,0.9150386421353008,0.005293567308873122,0.0796677905558261
26075,LOF,0.04523166172220536,0.01307405741786964,0.9416942808599251
26076,LOF,0.04094507524552761,0.009465900917264215,0.9495890238372081
26077,LOF,0.01005673115188472,0.014027205895313206,0.9759160629528021
26078,LOF,0.013474035889014009,0.010518645053511633,0.9760073190574744
26079,LOF,0.060139865450508395,0.014889332777217166,0.9249708017722745
26080,LOF,0.05927480645262232,0.01490303710493357,0.9258221564424441
26081,LOF,0.03455622299599602,0.006300935708258492,0.9591428412957456
26082,LOF,0.014092720087626614,0.014165549825002541,0.9717417300873709
26083,LOF,0.18329325597066343,0.013862924510194118,0.8028438195191424
26084,LOF,0.0406331542204847,0.01078963007007021,0.9485772157094451
26085,LOF,0.036401674997817796,0.010382153002148106,0.9532161720000342
26086,LOF,0.020451240311121704,0.01073615417400815,0.96881260551487
26087,LOF,0.02369478015385116,0.00791977906778176,0.9683854407783671
26088,LOF,0.016226767345687183,0.019322832454811898,0.9644504001995008
26089,LOF,0.04178670313509176,0.0184994598943868,0.9397138369705215
26090,LOF,0.04129216895541708,0.015391260081565088,0.9433165709630179
26091,LOF,0.03137363100911153,0.006176581421696691,0.9624497875691919
26092,LOF,0.021047836530527015,0.007515107303862261,0.9714370561656107
26093,LOF,0.032655142155374836,0.0057354748113132535,0.961609383033312
26094,LOF,0.034191405947323304,0.006049473758447268,0.9597591202942295
26095,LOF,0.037228097253384114,0.011823218203778485,0.9509486845428373
26096,LOF,0.01838920787985756,0.010798861472518507,0.9708119306476238
26097,LOF,0.011914650817243638,0.03212962676382191,0.9559557224189343
26098,LOF,0.08082563571319969,0.010203174250635862,0.9089711900361644
26099,LOF,0.02053031845120385,0.012214212428525344,0.9672554691202708
26100,LOF,0.02281777508440812,0.011858452189281865,0.9653237727263101
26101,LOF,0.04660886383612266,0.015061849345942407,0.9383292868179349
26102,LOF,0.019435576166248553,0.012443029559035678,0.9681213942747158
26103,Neutral,0.8812634503606764,0.017965523386729822,0.1007710262525938
26104,LOF,0.08311057867004565,0.022102876969890446,0.8947865443600639
26105,LOF,0.21008032452495676,0.26608543534162205,0.5238342401334212
26106,LOF,0.1851395651080372,0.11736067853227539,0.6974997563596874
26107,LOF,0.22263373549184107,0.07842769899427844,0.6989385655138804
26108,LOF,0.2519998918355713,0.08868360853727221,0.6593164996271564
26109,LOF,0.09752595422888066,0.051182739091214166,0.8512913066799053
26110,LOF,0.21606775420842367,0.007736517122776258,0.7761957286688
26111,Neutral,0.5112595548839894,0.0286277369421509,0.4601127081738596
26112,LOF,0.030906646047581195,0.007685757276903541,0.9614075966755153
26113,LOF,0.06829081146372622,0.0172283887602624,0.9144807997760113
26114,LOF,0.02508083804122187,0.03188298251617499,0.9430361794426032
26115,LOF,0.08589390499835375,0.0568318030169173,0.8572742919847289
26116,LOF,0.06617449164978936,0.06498120050365043,0.8688443078465603
26117,LOF,0.45130565969959974,0.042893664538068275,0.505800675762332
26118,LOF,0.032766782511711515,0.025536787586165458,0.9416964299021231
26119,LOF,0.022048213462983832,0.03893210268028077,0.9390196838567354
26120,LOF,0.026435041092601693,0.020654757906299392,0.952910201001099
26121,LOF,0.04500567540088634,0.0887998159295676,0.8661945086695461
26122,LOF,0.04515876206898222,0.03859455057093447,0.9162466873600834
