feature0,prediction,LoGoFunc_Neutral,LoGoFunc_GOF,LoGoFunc_LOF
25546,Neutral,0.5695156677220194,0.05712423413626154,0.37336009814171894
25547,LOF,0.4552024510271005,0.0886327919867532,0.4561647569861464
25548,Neutral,0.4895061299969547,0.08487306287708431,0.4256208071259611
25549,LOF,0.42408290107593966,0.083547633644605,0.49236946527945524
25550,LOF,0.365019271856706,0.08923291822662233,0.5457478099166716
25551,LOF,0.31710752953714005,0.09075204487614011,0.5921404255867198
25552,LOF,0.2739488840112214,0.10910172049322002,0.6169493954955585
25553,Neutral,0.7855303417775914,0.04825009450791448,0.1662195637144941
25554,LOF,0.3079090619703045,0.09097427662650699,0.6011166614031885
25555,LOF,0.2640718073287792,0.0901106713850837,0.6458175212861371
25556,LOF,0.45290972217058,0.08058727769360496,0.466503000135815
25557,LOF,0.2485306386680767,0.09694863402209607,0.6545207273098272
25558,LOF,0.30661621389971433,0.08984955976043181,0.6035342263398539
25559,LOF,0.2755325919961404,0.0435754245592483,0.6808919834446113
25560,LOF,0.10875193669066324,0.10088206846909473,0.7903659948402421
25561,LOF,0.09055178516300365,0.18553202068109517,0.7239161941559011
25562,LOF,0.038952973894353156,0.07347299248780435,0.8875740336178425
25563,LOF,0.007750109223448506,0.16452106562491825,0.8277288251516332
25564,LOF,0.06673678046383855,0.06531113738879335,0.8679520821473682
25565,LOF,0.18167309394531006,0.21363713023981099,0.604689775814879
25566,GOF,0.0786154894148952,0.7642342520552452,0.15715025852985948
25567,LOF,0.052623152560755934,0.11011431705683633,0.8372625303824077
25568,LOF,0.06975752058650499,0.08622948669152919,0.8440129927219658
25569,LOF,0.07082922434826891,0.0747703261903319,0.8544004494613991
25570,LOF,0.029170368279838488,0.09503965097185457,0.875789980748307
25571,LOF,0.02908854288896888,0.09988724055201191,0.8710242165590193
25572,LOF,0.05425140330228134,0.1448687186210618,0.800879878076657
25573,LOF,0.07358014942598533,0.10436538530824348,0.8220544652657711
25574,LOF,0.09652949070536018,0.2003541591638992,0.7031163501307407
25575,LOF,0.028491601558976003,0.10983453332921046,0.8616738651118137
25576,LOF,0.027180760744557247,0.1863869018015154,0.7864323374539274
25577,LOF,0.0290789704030847,0.13615061710977278,0.8347704124871426
25578,LOF,0.2929456718036179,0.06536787285264276,0.6416864553437394
25579,LOF,0.21021698668744093,0.06728258795810325,0.7225004253544557
25580,LOF,0.027656548548572555,0.06504655331342869,0.9072968981379989
25581,LOF,0.048046616478915345,0.09333751893110381,0.8586158645899808
25582,LOF,0.048046616478915345,0.09333751893110381,0.8586158645899808
25583,LOF,0.03609294004187507,0.07327258928476553,0.8906344706733593
25584,Neutral,0.728734726780865,0.08287301720791422,0.18839225601122084
25585,LOF,0.026714612514282865,0.1366799063880905,0.8366054810976266
25586,LOF,0.02571688044784581,0.0888939716090066,0.8853891479431476
25587,LOF,0.025003147572663437,0.0893419436195786,0.8856549088077579
25588,LOF,0.030550765367041655,0.07015183645085858,0.8992973981820997
25589,Neutral,0.6131808624251756,0.15756152467601953,0.22925761289880495
25590,LOF,0.05832967999250372,0.11106563266412155,0.8306046873433748
25591,LOF,0.10890071740873068,0.07017982981837768,0.8209194527728917
25592,LOF,0.09097715463791642,0.15157326475864075,0.7574495806034428
25593,LOF,0.14867029228827233,0.2862795504303491,0.5650501572813785
25594,LOF,0.04324912861036081,0.08225600802466147,0.8744948633649777
25595,LOF,0.04972728147562315,0.03143759748487989,0.9188351210394969
25596,LOF,0.1263499519518995,0.01691716385653556,0.856732884191565
25597,LOF,0.09345257884738431,0.014820571300286188,0.8917268498523296
25598,LOF,0.051450520448541884,0.03091487833623801,0.9176346012152202
25599,GOF,0.023944104103550932,0.5083280172475825,0.4677278786488665
25600,LOF,0.1369112497856586,0.4314429546367381,0.4316457955776034
25601,LOF,0.04465056597126878,0.31287312028683956,0.6424763137418916
25602,LOF,0.026506719724457804,0.08235044622335519,0.891142834052187
25603,LOF,0.0667291888688948,0.07663825171146378,0.8566325594196413
25604,LOF,0.055372800352042194,0.1409401327962151,0.8036870668517426
25605,LOF,0.053656253542119295,0.22329865978332755,0.7230450866745531
25606,Neutral,0.44463661682053096,0.2904560182800913,0.2649073648993776
25607,LOF,0.036352646547121586,0.20861002445357044,0.7550373289993079
25608,LOF,0.05480123624815602,0.1025313808288548,0.8426673829229891
25609,GOF,0.17673153964920277,0.5691916299789708,0.25407683037182643
25610,LOF,0.022464968327141042,0.08606183050601222,0.8914732011668468
25611,LOF,0.016115977346195933,0.07852626541201978,0.9053577572417842
25612,LOF,0.07172303498606986,0.07914755003348778,0.8491294149804423
25613,LOF,0.061374571733345366,0.09124072098037074,0.8473847072862838
25614,LOF,0.025706759820539132,0.08312044456564716,0.8911727956138137
25615,LOF,0.06729879011399294,0.06707367788822953,0.8656275319977775
25616,LOF,0.06707546300201543,0.08185151129679961,0.851073025701185
25617,LOF,0.04959439427272393,0.0955214561496338,0.8548841495776422
25618,LOF,0.0663339703214062,0.2164907550226015,0.7171752746559923
25619,LOF,0.014953582750623999,0.13468396855939593,0.8503624486899801
25620,LOF,0.0471767487113894,0.09201970605243955,0.860803545236171
25621,LOF,0.08955603490063738,0.08031193490361592,0.8301320301957468
25622,LOF,0.10299721255223156,0.07991885006974661,0.8170839373780219
25623,LOF,0.08607239008262145,0.06008376576726012,0.8538438441501185
25624,LOF,0.023263658908133967,0.08190071542865932,0.8948356256632066
25625,LOF,0.08299180728211016,0.0747990850615011,0.8422091076563888
25626,LOF,0.060259327314800354,0.07360808500749189,0.8661325876777077
25627,Neutral,0.8801784976099223,0.0302399940489463,0.08958150834113136
25628,LOF,0.186698237520079,0.06805144089075178,0.7452503215891692
25629,LOF,0.06098583831896237,0.09021398724503622,0.8488001744360015
25630,LOF,0.28379176321756455,0.08237722372340614,0.6338310130590293
25631,Neutral,0.5085858332977465,0.06844274118321013,0.42297142551904326
25632,LOF,0.02559000435215552,0.0998789494949236,0.874531046152921
25633,LOF,0.1822986990418004,0.05283252152500509,0.7648687794331945
25634,LOF,0.045015918498012106,0.09025447361383737,0.8647296078881505
25635,LOF,0.03246020515817356,0.04921414305328743,0.9183256517885391
25636,GOF,0.02720799952988982,0.5041989744239646,0.4685930260461458
25637,LOF,0.025382688281418802,0.4579017038242434,0.5167156078943378
25638,LOF,0.01640282045529397,0.46945711659385697,0.514140062950849
25639,LOF,0.023065941341526872,0.3551596914158559,0.6217743672426171
25640,Neutral,0.8115960183301351,0.1555187286528811,0.03288525301698387
25641,LOF,0.13524244773340485,0.3812529389895113,0.4835046132770839
25642,LOF,0.15177813593554085,0.2332337269085093,0.6149881371559499
25643,Neutral,0.4394294344099354,0.15104339627716237,0.40952716931290223
25644,GOF,0.008216384937822013,0.7098308883648596,0.2819527266973184
25645,GOF,0.009200088078043806,0.6613463537267755,0.3294535581951806
25646,LOF,0.014300736696367469,0.4925215967920645,0.49317766651156814
25647,LOF,0.008600782550659653,0.3970731241818768,0.5943260932674636
25648,LOF,0.01167326743352436,0.4279035274782339,0.5604232050882417
25649,LOF,0.008129633102586796,0.3372341205954718,0.6546362463019413
25650,GOF,0.02129611633696975,0.6349907183193221,0.3437131653437082
25651,LOF,0.008662714203882278,0.44627531692558564,0.5450619688705322
25652,GOF,0.006892635089497207,0.5888626688206209,0.40424469608988195
25653,GOF,0.025736033284376854,0.6984789000016394,0.2757850667139839
25654,GOF,0.00908147500021235,0.5338985849265959,0.4570199400731917
25655,GOF,0.06739038670067961,0.7342708821776477,0.1983387311216726
25656,LOF,0.21230589559567212,0.22613888445787295,0.561555219946455
25657,LOF,0.025745583804725868,0.18835439285456163,0.7859000233407125
25658,LOF,0.17799474579022107,0.2436759049573244,0.5783293492524545
25659,LOF,0.2748077654333554,0.3541795428372207,0.37101269172942397
25660,LOF,0.022524991144174895,0.20879003931337747,0.7686849695424477
25661,LOF,0.05749354939538914,0.13579831865025307,0.8067081319543578
25662,LOF,0.02533972369847779,0.07914034399368466,0.8955199323078374
25663,LOF,0.02892159855016089,0.07180553021298307,0.899272871236856
25664,LOF,0.08117804912284042,0.12992163795468464,0.788900312922475
25665,LOF,0.04573534930245981,0.05974104952234472,0.8945236011751955
25666,LOF,0.05761676062953596,0.10824285100640046,0.8341403883640636
25667,LOF,0.05214431055945227,0.0888238993704,0.8590317900701476
25668,LOF,0.026674314803538567,0.11551644274576926,0.8578092424506921
25669,LOF,0.01864240188741141,0.09536664748205534,0.8859909506305332
25670,LOF,0.10503991535140805,0.08401427037510735,0.8109458142734847
25671,LOF,0.07597480950734085,0.07132976634452894,0.8526954241481302
25672,LOF,0.03917089022750657,0.09037207877893667,0.8704570309935569
25673,LOF,0.06281987244740336,0.09171321628663373,0.8454669112659629
25674,LOF,0.05880891654988954,0.11335013544131864,0.8278409480087918
25675,LOF,0.052420340108656226,0.131545385243283,0.8160342746480607
25676,LOF,0.01458388829475924,0.11771621617542226,0.8676998955298185
25677,LOF,0.014787618089695443,0.14711632085122986,0.8380960610590746
25678,LOF,0.16898329028871562,0.1638396133795608,0.6671770963317235
25679,LOF,0.1024509149156244,0.16205176239958977,0.7354973226847858
25680,LOF,0.018942960116709366,0.21265887137039255,0.7683981685128981
25681,LOF,0.030598074763011247,0.19657434366060117,0.7728275815763875
25682,LOF,0.09403698885267386,0.1320382118433757,0.7739247993039504
25683,LOF,0.08011587786171011,0.1546445873959678,0.7652395347423221
25684,LOF,0.021591612238929695,0.12984000192368997,0.8485683858373804
25685,LOF,0.11068364291749658,0.158928227545597,0.7303881295369065
25686,LOF,0.05738221785148002,0.22018574455986453,0.7224320375886555
25687,LOF,0.10313079288123998,0.2464272742463874,0.6504419328723726
25688,LOF,0.40089736058437536,0.023883678122847543,0.5752189612927772
25689,LOF,0.2290894079524769,0.023583791852600854,0.7473268001949224
25690,LOF,0.3202027276137872,0.022694298055127987,0.6571029743310849
25691,Neutral,0.7277829735047198,0.023301261823149573,0.2489157646721307
25692,LOF,0.3407152138906138,0.012369527532056859,0.6469152585773293
25693,LOF,0.05504461424190844,0.3976787554501558,0.5472766303079358
25694,LOF,0.10071859865304433,0.01676044694789501,0.8825209543990606
25695,LOF,0.10743677359202856,0.00892117736089728,0.8836420490470742
25696,LOF,0.12006629806592187,0.0232307739604324,0.8567029279736457
25697,LOF,0.043227475516661826,0.07743917599711184,0.8793333484862262
25698,LOF,0.28405055479294644,0.1742174882155372,0.5417319569915163
25699,LOF,0.39096995022596326,0.06082595931923611,0.5482040904548006
25700,LOF,0.05762205689568386,0.0129226906649657,0.9294552524393505
25701,LOF,0.1616120826571521,0.052181138346240157,0.7862067789966077
25702,GOF,0.2458741184728877,0.636647140618465,0.11747874090864736
25703,LOF,0.02209699156170175,0.26505527819895824,0.7128477302393399
25704,LOF,0.03699014456998066,0.1834998482658609,0.7795100071641584
25705,LOF,0.029608445709156956,0.09673908124799506,0.873652473042848
25706,LOF,0.11479738581213818,0.4112937612156314,0.4739088529722305
25707,LOF,0.10052820791936835,0.32280936520737596,0.5766624268732556
25708,LOF,0.04571697458594827,0.3900678468401796,0.5642151785738723
25709,LOF,0.0686462818426484,0.057515896951329,0.8738378212060226
25710,LOF,0.018331593686735724,0.1852479559610806,0.7964204503521837
25711,LOF,0.018631844174322218,0.09085172919258606,0.8905164266330916
25712,LOF,0.018461648377420287,0.20974368838327948,0.7717946632393003
25713,LOF,0.017396700307890322,0.08413134311947387,0.8984719565726358
25714,LOF,0.07283025324981035,0.08597921662371209,0.8411905301264776
25715,LOF,0.011038860261722074,0.1308353345365273,0.8581258052017506
25716,LOF,0.013970028344567132,0.16365809470116863,0.8223718769542643
25717,LOF,0.017639002312021982,0.10170343151578877,0.8806575661721892
25718,LOF,0.010657991478242512,0.06630673827387373,0.9230352702478838
25719,LOF,0.023591691962724592,0.0957060519599558,0.8807022560773196
25720,LOF,0.029508627973338964,0.05082242802068346,0.9196689440059774
25721,LOF,0.01074749924100954,0.12100260313483771,0.8682498976241528
25722,LOF,0.012415311711533258,0.09855956176250198,0.8890251265259648
25723,LOF,0.0217307744330637,0.06762319870098989,0.9106460268659463
25724,LOF,0.032725626020427126,0.1414820639470018,0.825792310032571
25725,LOF,0.010690561209997368,0.10381122987242293,0.8854982089175798
25726,LOF,0.01618131119628012,0.1655244749054128,0.8182942138983071
25727,LOF,0.013037461121077891,0.09949159015197188,0.8874709487269502
25728,LOF,0.010370306550832365,0.1262366850996762,0.8633930083494914
25729,LOF,0.010782887421919901,0.12322232367316767,0.8659947889049123
25730,LOF,0.01394854855597177,0.11937330881993322,0.866678142624095
25731,LOF,0.01974094443573224,0.13721112390750703,0.8430479316567607
25732,LOF,0.01408586941456134,0.05568093344639616,0.9302331971390425
25733,LOF,0.01564965314896304,0.07319207772805786,0.9111582691229791
25734,LOF,0.014083624033165076,0.17529019722391184,0.8106261787429231
25735,LOF,0.010645203957749838,0.07561101300347378,0.9137437830387763
25736,LOF,0.011431989254433826,0.0810218430491434,0.9075461676964228
25737,LOF,0.012358479713934787,0.09754298833526066,0.8900985319508046
25738,LOF,0.011512759034107251,0.10708628324543736,0.8814009577204553
25739,LOF,0.018713939562785754,0.08370815804438886,0.8975779023928253
25740,LOF,0.03004203472174302,0.13220584994256132,0.8377521153356957
25741,LOF,0.013883294556485131,0.12119133638342226,0.8649253690600927
25742,LOF,0.10501047056830397,0.0747561390291381,0.8202333904025579
25743,LOF,0.051122152371911346,0.05607767631353919,0.8928001713145496
25744,Neutral,0.6300345846289238,0.2061897959510582,0.1637756194200181
25745,LOF,0.06361735682257746,0.09912260002469402,0.8372600431527286
25746,LOF,0.03966516764167988,0.13027719027076576,0.8300576420875545
25747,LOF,0.014283022721557322,0.1589536082700996,0.826763369008343
25748,LOF,0.0810354227411153,0.21155379986180856,0.707410777397076
25749,LOF,0.0310525722477528,0.12879568028064078,0.8401517474716064
25750,LOF,0.07303256143575423,0.1143533519500141,0.8126140866142316
25751,LOF,0.08403056277995408,0.17699233962151442,0.7389770975985315
25752,GOF,0.13857878259146,0.6390706709747405,0.2223505464337995
25753,LOF,0.03922634436802935,0.3921120216104805,0.5686616340214902
25754,GOF,0.030481842822788482,0.7739897646936195,0.19552839248359197
25755,LOF,0.04528805997963464,0.3413063230197647,0.6134056170006006
25756,LOF,0.08182833617131194,0.4265190607845358,0.4916526030441522
25757,GOF,0.02557534079048323,0.8394546436617197,0.13497001554779708
25758,GOF,0.034708619764587015,0.8096007572675892,0.15569062296782382
25759,GOF,0.01877717783933928,0.7049463314983162,0.27627649066234444
25760,LOF,0.024202588833418037,0.43511945390387075,0.5406779572627112
25761,GOF,0.30834848573388385,0.6134248515534614,0.07822666271265476
25762,LOF,0.05730461129979017,0.4103627894980772,0.5323325992021326
25763,LOF,0.020573813989652804,0.37371967803103157,0.6057065079793156
25764,GOF,0.08274279787361805,0.7455786851055104,0.1716785170208716
25765,GOF,0.04501181049466148,0.7814346289294765,0.1735535605758621
25766,GOF,0.10610341391693705,0.7592750180371428,0.13462156804592013
25767,GOF,0.13406943258900014,0.5121570425560634,0.3537735248549364
25768,LOF,0.09206098693231506,0.04071952071217406,0.8672194923555108
25769,LOF,0.04752564410829112,0.08044846304907406,0.8720258928426349
25770,LOF,0.40656470396204875,0.0789949720207047,0.5144403240172465
25771,LOF,0.05747073192908634,0.044615752284424284,0.8979135157864895
25772,LOF,0.01855627483041222,0.06737543380452082,0.914068291365067
25773,LOF,0.055806514798961954,0.05656736332707613,0.8876261218739618
25774,LOF,0.02867708807280098,0.12342300435794587,0.847899907569253
25775,LOF,0.0660470201599146,0.0349017399224721,0.8990512399176133
25776,LOF,0.06542235246400427,0.03990668304317904,0.8946709644928167
25777,Neutral,0.5597359910449049,0.08189181598301692,0.35837219297207806
25778,LOF,0.05858717556540052,0.06317247950655175,0.8782403449280477
25779,GOF,0.41944262719312275,0.5030188156742392,0.07753855713263803
25780,GOF,0.34848356571507694,0.5206701973113647,0.13084623697355835
25781,GOF,0.1196557189049954,0.6858129739608868,0.1945313071341177
25782,GOF,0.17594236737688396,0.6578365911184038,0.1662210415047124
25783,GOF,0.0255396757189832,0.7483954502232102,0.22606487405780662
25784,Neutral,0.5679028932261784,0.347369698591163,0.08472740818265863
25785,Neutral,0.5180498004817986,0.391815878490448,0.09013432102775336
25786,GOF,0.02590316177387905,0.7233839551848124,0.2507128830413088
25787,Neutral,0.732226707764014,0.21368832004495286,0.05408497219103308
25788,LOF,0.04702094891763935,0.07717511380449844,0.8758039372778622
25789,GOF,0.2044299822523861,0.588225220912806,0.2073447968348079
25790,GOF,0.2606324458554466,0.541713025745178,0.19765452839937545
25791,GOF,0.13801708923486303,0.5209427854432517,0.34104012532188543
25792,GOF,0.3537368039989525,0.3744013041861862,0.2718618918148612
25793,LOF,0.2094970443982102,0.3928907512231844,0.39761220437860545
25794,GOF,0.27794297638786775,0.4582424536014029,0.2638145700107293
25795,GOF,0.07101268046463455,0.5879358879089276,0.3410514316264378
25796,Neutral,0.4889656723320398,0.37705932794100366,0.13397499972695656
25797,GOF,0.07196865853645555,0.467940342832527,0.46009099863101754
25798,LOF,0.011719729837150908,0.49350395836768457,0.4947763117951645
25799,LOF,0.010299969845470729,0.49120339000142704,0.4984966401531023
25800,GOF,0.03563423057906271,0.5865588034398436,0.37780696598109365
25801,GOF,0.2256185071188738,0.5973270748274397,0.1770544180536865
25802,GOF,0.06673155246366733,0.5665659163415447,0.3667025311947879
25803,GOF,0.051537791969576356,0.4992057875180572,0.44925642051236647
25804,GOF,0.041612645599651193,0.5175216163248688,0.44086573807548
25805,GOF,0.09241360534771814,0.5481671343786338,0.35941926027364784
25806,GOF,0.12284717544232862,0.5214590181968235,0.3556938063608479
25807,GOF,0.02042882224854393,0.5064506722134549,0.4731205055380011
25808,GOF,0.09729074185243,0.47547859065191683,0.4272306674956533
25809,LOF,0.021273798616270653,0.4683815243161495,0.5103446770675798
25810,LOF,0.022923667624203184,0.46737536224878784,0.509700970127009
25811,GOF,0.4331153972054416,0.46214035601668063,0.10474424677787775
25812,GOF,0.0381193024198358,0.5269277672504078,0.4349529303297564
25813,Neutral,0.5718355274822234,0.2474538973652556,0.1807105751525211
25814,GOF,0.11994260710359042,0.5500605496333294,0.32999684326308026
25815,GOF,0.26067661031862066,0.501466817939582,0.23785657174179728
25816,GOF,0.018500031523456837,0.5628746370607565,0.4186253314157867
25817,GOF,0.17815789435771323,0.665365040068051,0.1564770655742359
25818,GOF,0.03807463500894522,0.4912087748715463,0.4707165901195085
25819,GOF,0.35863469546048765,0.39222454997728484,0.24914075456222745
25820,GOF,0.18760071730510147,0.5140219363204521,0.2983773463744465
25821,GOF,0.06168866167826998,0.5784313170405588,0.3598800212811712
25822,GOF,0.24708553220373822,0.45127610632024046,0.30163836147602124
25823,GOF,0.04128521690495047,0.5132399689176345,0.4454748141774152
25824,LOF,0.08932957516993349,0.443420990396286,0.4672494344337804
25825,LOF,0.03689579134902174,0.45798821316578686,0.5051159954851914
25826,LOF,0.013304162925409386,0.46621157662322227,0.5204842604513683
25827,GOF,0.021363360261184718,0.5019660380799279,0.4766706016588874
25828,LOF,0.015093055608442065,0.4414790866214535,0.5434278577701044
25829,LOF,0.009869005339874908,0.4725949859653092,0.517536008694816
25830,LOF,0.03383333754449729,0.12402074374565698,0.8421459187098457
25831,GOF,0.17198291758905884,0.6535409487418002,0.17447613366914091
25832,GOF,0.043359049375295916,0.6148349838166105,0.34180596680809366
25833,GOF,0.12846461181602434,0.6187351796499948,0.2528002085339808
25834,GOF,0.05323397119733316,0.6148977351411946,0.3318682936614722
25835,GOF,0.10121994638397228,0.561010476400428,0.3377695772155997
25836,GOF,0.05930555552158059,0.5866004079393629,0.35409403653905663
25837,GOF,0.028382370174232757,0.5019470858970517,0.46967054392871554
25838,GOF,0.09659633822173959,0.6298666448317166,0.27353701694654375
25839,GOF,0.33587119292101736,0.43829718293464903,0.2258316241443335
25840,GOF,0.22842747386118054,0.5304417232644184,0.24113080287440103
25841,GOF,0.27134203111574345,0.47799679638655845,0.250661172497698
25842,GOF,0.18339725328527426,0.5425933312223596,0.2740094154923661
25843,GOF,0.22073830952742712,0.5943364228661793,0.18492526760639358
25844,GOF,0.058143917207690764,0.5458162484738953,0.396039834318414
25845,GOF,0.017195560046817215,0.5554316280523868,0.427372811900796
25846,GOF,0.10048589490446024,0.6302513103780306,0.269262794717509
25847,GOF,0.12168855750264004,0.6204595951947874,0.2578518473025725
25848,GOF,0.047174332088422595,0.5529936901862978,0.39983197772527956
25849,GOF,0.01595930352464078,0.5315719041879715,0.45246879228738773
25850,GOF,0.029531658265300492,0.5418656203317979,0.42860272140290173
25851,GOF,0.02460441084189375,0.5290760101735829,0.4463195789845235
25852,GOF,0.1383372471334946,0.4835946253269302,0.3780681275395751
25853,GOF,0.3159786692313943,0.5408776927751949,0.1431436379934109
25854,GOF,0.020640913684352787,0.6563776194070078,0.3229814669086394
25855,GOF,0.03954058956960022,0.5297564735021351,0.43070293692826467
25856,GOF,0.20103131383983228,0.5378772050412457,0.261091481118922
25857,GOF,0.03593023622253721,0.5225154989109049,0.44155426486655786
25858,GOF,0.019947912576521194,0.6348760711922222,0.34517601623125654
25859,GOF,0.011244606830255034,0.6323309384536782,0.3564244547160668
25860,GOF,0.2788418188218514,0.5616133161103819,0.15954486506776677
25861,GOF,0.3178563954909401,0.5573040671447946,0.12483953736426523
25862,GOF,0.06559342456728061,0.6931188198319529,0.24128775560076654
25863,GOF,0.06822484951826262,0.7100420164639696,0.2217331340177677
25864,GOF,0.1316458070082899,0.7056658742185329,0.16268831877317705
25865,GOF,0.0695607865213291,0.6981748665420846,0.23226434693658637
25866,GOF,0.05651787709270365,0.740802860291637,0.2026792626156595
25867,GOF,0.07140520951614726,0.7668230308081155,0.1617717596757371
25868,GOF,0.1830950250884636,0.6079159369206796,0.20898903799085683
25869,Neutral,0.6733404974317739,0.25142851687586976,0.0752309856923562
25870,LOF,0.2202913349632268,0.08946773978168923,0.6902409252550838
25871,GOF,0.17920214017553243,0.5864855871247399,0.2343122726997278
25872,GOF,0.06959189024875567,0.5253198244606706,0.40508828529057367
25873,GOF,0.13761725958018445,0.542135703014142,0.3202470374056735
25874,LOF,0.01990050813723583,0.07994722433192988,0.9001522675308342
25875,LOF,0.04928028503409932,0.18398490579707505,0.7667348091688257
25876,LOF,0.02257959417187813,0.08323724872221129,0.8941831571059106
25877,LOF,0.3706176065616806,0.1788617037378499,0.4505206897004696
25878,LOF,0.13129745890060646,0.24013215106862015,0.6285703900307733
25879,LOF,0.07560426383580568,0.2519793323895007,0.6724164037746936
25880,LOF,0.021963936640944683,0.04062070669192562,0.9374153566671296
25881,LOF,0.20012018882397492,0.11813528803609649,0.6817445231399287
25882,LOF,0.059231363718588316,0.021943964015616,0.9188246722657956
25883,LOF,0.08599179654861917,0.035861823918389685,0.8781463795329911
25884,LOF,0.03539184785687546,0.04205663353558897,0.9225515186075357
25885,LOF,0.05516742977659772,0.02694304592621391,0.9178895242971883
25886,LOF,0.3219906448004517,0.08183983550563897,0.5961695196939093
25887,LOF,0.1976502750563435,0.11791806236587826,0.6844316625777783
25888,LOF,0.08367496515555546,0.06886284198852219,0.8474621928559223
25889,LOF,0.03528891047812403,0.04387402567665177,0.9208370638452242
25890,LOF,0.07496708779128548,0.10230980277714986,0.8227231094315647
25891,LOF,0.06660319116117944,0.06469640719706297,0.8687004016417577
25892,LOF,0.10041849005199253,0.03502280582665012,0.8645587041213574
25893,LOF,0.32722098616404727,0.028552101356164684,0.644226912479788
25894,LOF,0.2041710667932769,0.012516191717816401,0.7833127414889067
25895,LOF,0.25843971020472206,0.01590990820117842,0.7256503815940994
25896,LOF,0.05335850781804933,0.02162053507182303,0.9250209571101276
25897,LOF,0.23050261298590063,0.029600956568515066,0.7398964304455843
25898,Neutral,0.8046482821150319,0.02326566404184441,0.17208605384312373
25899,LOF,0.21778164334946187,0.04715798157963389,0.7350603750709043
25900,Neutral,0.6315349755109223,0.013589914868815198,0.3548751096202624
25901,LOF,0.047699065925318564,0.012692535015304192,0.9396083990593773
25902,LOF,0.20345524331626827,0.016681590291713594,0.7798631663920181
25903,Neutral,0.6118170751447656,0.0517505502132798,0.3364323746419546
25904,LOF,0.2605845348161084,0.028390922895095302,0.7110245422887964
25905,LOF,0.035518386539837576,0.40613380382899567,0.5583478096311667
25906,LOF,0.024442929644292535,0.0695322249443363,0.9060248454113711
25907,LOF,0.013477319746093843,0.3768089843354091,0.6097136959184971
25908,LOF,0.01569825705348463,0.2461574775278426,0.7381442654186728
25909,LOF,0.017425261119620193,0.1143462040567741,0.8682285348236057
25910,LOF,0.022595978055849248,0.48409164759026085,0.49331237435389
25911,LOF,0.052688232358180265,0.07087683716906895,0.8764349304727508
25912,LOF,0.029171297315498043,0.09793327197359866,0.8728954307109031
25913,LOF,0.22438104019370625,0.030722301350718233,0.7448966584555755
25914,LOF,0.023169237609356613,0.09525611837800868,0.8815746440126346
25915,Neutral,0.43521955199301066,0.3748571943815902,0.18992325362539916
25916,LOF,0.03903400442602705,0.4713376386652032,0.48962835690876977
25917,LOF,0.04661599191105262,0.06373709039931368,0.8896469176896337
25918,LOF,0.030969281266229793,0.05364821961262011,0.9153824991211501
25919,LOF,0.02862713456768909,0.052170489603649936,0.9192023758286609
25920,GOF,0.12784780914225927,0.6369125343870025,0.23523965647073825
25921,LOF,0.029506593481262635,0.028702053496224542,0.9417913530225128
25922,LOF,0.03793921133972699,0.018623860098667153,0.9434369285616059
25923,LOF,0.3768749555164557,0.025743656407026763,0.5973813880765174
25924,LOF,0.044730437274226494,0.026889926941032392,0.9283796357847411
25925,LOF,0.07558372128403908,0.0357779365705101,0.8886383421454508
25926,LOF,0.0564617305178564,0.02069812119966506,0.9228401482824785
25927,LOF,0.07654242995604164,0.06777975555030327,0.855677814493655
25928,LOF,0.023150651661420163,0.019131976513319948,0.9577173718252598
25929,Neutral,0.5229938224542344,0.031770073691934415,0.44523610385383106
25930,LOF,0.06385802827958353,0.019181235601114913,0.9169607361193016
25931,LOF,0.027980158611284195,0.016894085904691828,0.955125755484024
25932,LOF,0.028710627908840446,0.0164969447272064,0.9547924273639531
25933,LOF,0.03853771138254799,0.010761674623696196,0.9507006139937557
25934,LOF,0.026965070383773,0.016129387791637757,0.9569055418245892
25935,LOF,0.07616286341519733,0.03187681316441618,0.8919603234203866
25936,LOF,0.043905348847408925,0.01881787389477258,0.9372767772578184
25937,LOF,0.03427361467139162,0.023177136853344188,0.9425492484752641
25938,LOF,0.06630179785100779,0.03860178140002003,0.8950964207489722
25939,LOF,0.04057866179126169,0.011799304161588774,0.9476220340471496
25940,GOF,0.03001856439030755,0.49306259728315116,0.4769188383265414
25941,LOF,0.1698634024348504,0.037695229947973766,0.7924413676171759
25942,LOF,0.017574966810195252,0.016872623334079802,0.9655524098557249
25943,LOF,0.3610296126452034,0.02701082521107004,0.6119595621437266
25944,Neutral,0.5024799801826135,0.017000201878198815,0.48051981793918763
25945,LOF,0.0666984872637978,0.024582804912432216,0.9087187078237701
25946,LOF,0.04436335508287991,0.14893751909591815,0.806699125821202
25947,LOF,0.14912359348732396,0.17240896224682728,0.6784674442658487
25948,LOF,0.4067693858200792,0.02223657425529009,0.5709940399246306
25949,LOF,0.1253361417585958,0.05125820005421989,0.8234056581871843
25950,GOF,0.19037364369101387,0.40826201351172137,0.40136434279726474
25951,LOF,0.23647757723651797,0.10555101372511538,0.6579714090383667
25952,LOF,0.036200334400403274,0.4261083590350645,0.5376913065645322
25953,LOF,0.11795862127854584,0.12917540576190964,0.7528659729595446
25954,Neutral,0.4263500995999858,0.2203068619585436,0.3533430384414707
25955,LOF,0.05848129823126576,0.12077743464295407,0.8207412671257802
25956,LOF,0.22563966766196983,0.059676252781296894,0.7146840795567333
25957,LOF,0.04832743851184482,0.02377270602948512,0.92789985545867
25958,LOF,0.06006482980298755,0.02704533166583915,0.9128898385311733
25959,LOF,0.10831192030864074,0.37501417273787824,0.516673906953481
25960,LOF,0.02354573377199173,0.05739272472922911,0.9190615414987793
25961,LOF,0.051149054925104354,0.036611166959159745,0.9122397781157359
25962,LOF,0.04750453650362836,0.053586837704867135,0.8989086257915045
25963,LOF,0.0588559159182182,0.13569975157938932,0.8054443325023924
25964,LOF,0.03435211787124703,0.16470688842181416,0.8009409937069387
25965,Neutral,0.5144073307348797,0.06387355692903719,0.42171911233608317
25966,GOF,0.28805015323180105,0.40133219291575,0.31061765385244894
25967,LOF,0.014317136591587553,0.14363935753004967,0.8420435058783627
25968,LOF,0.06164692937059548,0.4031234613940416,0.5352296092353629
25969,LOF,0.022827853980386042,0.06719647453242338,0.9099756714871905
25970,LOF,0.05194712392150254,0.056720766528909304,0.8913321095495882
25971,LOF,0.09175681762585268,0.02517140132710381,0.8830717810470434
25972,LOF,0.09280270733445538,0.032336543396024334,0.8748607492695203
25973,LOF,0.08954637403081045,0.013888939168845931,0.8965646868003435
25974,LOF,0.3376555830020145,0.03234713985485375,0.6299972771431317
25975,LOF,0.052294659685248684,0.03179839960806518,0.9159069407066861
25976,LOF,0.03834989992021988,0.020897947122435832,0.9407521529573443
25977,LOF,0.12028178554179488,0.09633848088279802,0.7833797335754071
25978,LOF,0.18047285140900415,0.11220966442364695,0.707317484167349
25979,LOF,0.17200320722036314,0.08006498944957183,0.747931803330065
25980,LOF,0.22557477486686786,0.18105819545230545,0.5933670296808267
25981,LOF,0.2673746643839072,0.1699375280254494,0.5626878075906434
25982,Neutral,0.4674656975316322,0.0931394962001042,0.4393948062682636
25983,LOF,0.43978470654345203,0.08197673089294409,0.4782385625636039
25984,LOF,0.04886130114559461,0.06262619106172199,0.8885125077926834
25985,LOF,0.02442435564921868,0.21801181678555676,0.7575638275652246
25986,LOF,0.03201824675656883,0.2535832735536571,0.7143984796897741
25987,LOF,0.08950078633492344,0.053058589990882504,0.857440623674194
25988,LOF,0.10516065621389065,0.041750446988101535,0.8530888967980078
25989,LOF,0.02594180672426541,0.07669248717642031,0.8973657060993142
25990,LOF,0.0348384225593472,0.05797115983766011,0.9071904176029927
25991,LOF,0.21329471633453223,0.25635558116267587,0.5303497025027919
25992,LOF,0.37648094815931266,0.18983909137225086,0.4336799604684365
25993,LOF,0.032435076474330596,0.08263970190206545,0.884925221623604
25994,LOF,0.021499119275729256,0.11882962719699727,0.8596712535272735
25995,LOF,0.03603144053602675,0.10594241316734766,0.8580261462966254
25996,GOF,0.2317972628146073,0.4163878004159202,0.35181493676947234
25997,LOF,0.10382973782331016,0.4355285406495959,0.460641721527094
25998,LOF,0.48592702275337746,0.023506276615844927,0.4905667006307777
25999,LOF,0.10996526198850835,0.2811744600100667,0.608860278001425
26000,LOF,0.0649226401204569,0.05050179428375245,0.8845755655957906
26001,LOF,0.15949000563945398,0.050856800181705936,0.7896531941788402
26002,LOF,0.08449965673786237,0.05381917911691962,0.8616811641452181
26003,GOF,0.011374636715262527,0.7205895924421101,0.2680357708426274
26004,GOF,0.026881636780244543,0.7313208356132382,0.24179752760651715
26005,GOF,0.011426755385563689,0.5652302899029579,0.4233429547114786
26006,Neutral,0.503341843955126,0.3435656573279058,0.15309249871696815
26007,GOF,0.01926527219884792,0.6670460135473283,0.3136887142538237
26008,GOF,0.0153423809644594,0.670343725678019,0.31431389335752147
26009,GOF,0.03342605510531152,0.729370498432107,0.23720344646258157
26010,GOF,0.02325866020628293,0.7570319715116449,0.21970936828207221
26011,GOF,0.010390837904130782,0.5059833175303023,0.48362584456556684
26012,GOF,0.018410144710857192,0.6707186828075499,0.310871172481593
26013,GOF,0.013742636473339816,0.7403034186633536,0.24595394486330663
26014,LOF,0.03986012689414053,0.16653839692659095,0.7936014761792686
26015,LOF,0.2547208252485598,0.007068067941311439,0.7382111068101287
26016,LOF,0.33749213044894144,0.024125611030646588,0.638382258520412
26017,LOF,0.24534981836279987,0.032280373428273355,0.7223698082089267
26018,LOF,0.09940841225749036,0.022193234507346452,0.8783983532351632
26019,LOF,0.09585861488264803,0.015466019392083353,0.8886753657252685
26020,LOF,0.09962699957802884,0.03652209878098848,0.8638509016409827
26021,LOF,0.09006897516124096,0.046164511548533654,0.8637665132902255
26022,LOF,0.015599351304472953,0.029203413417039387,0.9551972352784877
26023,LOF,0.15525503083820677,0.01869028730201648,0.8260546818597768
26024,LOF,0.042071349412858776,0.05016698308376393,0.9077616675033773
26025,LOF,0.19248005656532044,0.041449098957584606,0.766070844477095
26026,LOF,0.3790745315307264,0.008548040913095986,0.6123774275561776
26027,LOF,0.09922697261464491,0.010690196222060709,0.8900828311632943
26028,LOF,0.23089303229348132,0.06318539226580043,0.7059215754407182
26029,LOF,0.1208558800299329,0.1158452570186798,0.7632988629513873
26030,LOF,0.0381777837509931,0.02612530538648478,0.935696910862522
26031,LOF,0.044148495859430884,0.07482843583172372,0.8810230683088454
26032,LOF,0.07915130598964537,0.019622312307625196,0.9012263817027295
26033,LOF,0.1294503038664066,0.02367151016096575,0.8468781859726277
26034,LOF,0.07134617911817717,0.0644965389228906,0.8641572819589322
26035,LOF,0.050400783600855474,0.07100208892363881,0.8785971274755058
26036,LOF,0.06708345683954568,0.06935187710350169,0.8635646660569526
26037,LOF,0.04223391213552161,0.0664881953933119,0.8912778924711665
26038,LOF,0.07789772285761412,0.01919615538070266,0.9029061217616833
26039,LOF,0.1040553082605865,0.07185643627123672,0.8240882554681769
26040,LOF,0.2308471717301457,0.032472016788236815,0.7366808114816173
26041,LOF,0.04194350848720451,0.0643235439038794,0.8937329476089161
26042,LOF,0.04175858502585608,0.05990083587330285,0.898340579100841
26043,LOF,0.07728509625282345,0.02652848819535436,0.8961864155518221
26044,LOF,0.04272282585612175,0.03094837839078209,0.9263287957530962
26045,LOF,0.12838424707803964,0.053522225818891905,0.8180935271030684
26046,LOF,0.08437905219752702,0.028459753225821664,0.8871611945766513
26047,LOF,0.11059160999331918,0.03594891747267412,0.8534594725340067
26048,LOF,0.0602527673842609,0.028621901554147584,0.9111253310615914
26049,Neutral,0.9475270577918791,0.005804835362978384,0.046668106845142554
26050,Neutral,0.9230764749150014,0.006092761863976956,0.07083076322102162
26051,GOF,0.037810192566269524,0.5144321755653153,0.4477576318684152
26052,GOF,0.04340906442387593,0.6575742585707132,0.29901667700541085
26053,LOF,0.06040593921485516,0.3602854498698955,0.5793086109152493
26054,LOF,0.06120647173830286,0.05596473172318861,0.8828287965385085
26055,LOF,0.0667070488631619,0.05345607558407336,0.8798368755527648
26056,LOF,0.05613060436483873,0.06042681889522629,0.8834425767399349
26057,LOF,0.02658600227803223,0.03009465828807192,0.9433193394338959
26058,LOF,0.026513166053274997,0.025563456779986365,0.9479233771667387
26059,LOF,0.3174729397544271,0.067465931835908,0.615061128409665
26060,LOF,0.04351063721654396,0.30646500403265486,0.6500243587508011
26061,LOF,0.02094404946679278,0.04760872241161338,0.9314472281215938
26062,LOF,0.016322779769737363,0.041479596393334,0.9421976238369285
26063,LOF,0.021885384335441595,0.030909287745573406,0.947205327918985
26064,LOF,0.026583864352803733,0.033404492141088364,0.940011643506108
26065,LOF,0.02609023579119272,0.028885742489257446,0.9450240217195499
26066,LOF,0.020449122426499565,0.034806445367189846,0.9447444322063105
26067,LOF,0.02249702079695881,0.024893284870153725,0.9526096943328876
26068,LOF,0.05497665377949739,0.06324619846324733,0.8817771477572554
26069,LOF,0.3656986995549932,0.06464049618174186,0.5696608042632649
26070,Neutral,0.5883128525808338,0.029059702496700084,0.3826274449224661
26071,LOF,0.021451834783269914,0.03631758471748141,0.9422305804992487
26072,LOF,0.02867958292019142,0.04976951280671613,0.9215509042730925
26073,LOF,0.02387956325330848,0.02830999785084176,0.9478104388958498
26074,Neutral,0.8677618580236581,0.011255881073036548,0.12098226090330534
26075,LOF,0.04567217272307011,0.0506190366455367,0.9037087906313932
26076,LOF,0.039863650890483604,0.022551180591617474,0.937585168517899
26077,LOF,0.012168687122776689,0.05266856566644253,0.9351627472107807
26078,LOF,0.015325725485257883,0.034357893747102776,0.9503163807676395
26079,LOF,0.0507050973491933,0.048905068775678774,0.9003898338751278
26080,LOF,0.0507050973491933,0.048905068775678774,0.9003898338751278
26081,LOF,0.028905080382043306,0.02001500680470575,0.9510799128132509
26082,LOF,0.025185763412286937,0.04284872527132417,0.9319655113163889
26083,LOF,0.11145393569450784,0.0330429478634662,0.8555031164420259
26084,LOF,0.025322326011567375,0.03828852859841218,0.9363891453900205
26085,LOF,0.02106383545926646,0.03511506682835669,0.9438210977123768
26086,LOF,0.021848055251278885,0.036146145499738894,0.9420057992489823
26087,LOF,0.024209157949047634,0.028636050976188487,0.947154791074764
26088,LOF,0.02637017849194234,0.05344885379900857,0.920180967709049
26089,LOF,0.045841154058084393,0.05103295491560282,0.9031258910263127
26090,LOF,0.04224317521650216,0.04577501667132228,0.9119818081121754
26091,LOF,0.035413524559427756,0.01802763408762254,0.9465588413529498
26092,LOF,0.026274390349528165,0.025263510576763435,0.9484620990737084
26093,LOF,0.03935939201930256,0.016816583947259513,0.9438240240334379
26094,LOF,0.04076989680367612,0.014845171540735901,0.944384931655588
26095,LOF,0.04561028330423649,0.060257255586676634,0.8941324611090868
26096,LOF,0.019302196483573866,0.033138580175440135,0.947559223340986
26097,LOF,0.013175862492817898,0.10159537572118142,0.8852287617860007
26098,LOF,0.06212293353438567,0.0336303624391621,0.9042467040264522
26099,LOF,0.02199681668307241,0.049770508492408015,0.9282326748245195
26100,LOF,0.02257388140374033,0.04893178397326655,0.9284943346229931
26101,LOF,0.053227216917919616,0.042268616582248945,0.9045041664998315
26102,LOF,0.023557614416719275,0.035843696884664225,0.9405986886986165
26103,Neutral,0.8653550458297226,0.04969243451009835,0.08495251966017911
26104,LOF,0.049170636175701984,0.08608161452626845,0.8647477492980294
26105,LOF,0.3322325141847437,0.19256325605017677,0.47520422976507964
26106,LOF,0.13828491165997028,0.1102905186179851,0.7514245697220446
26107,LOF,0.25982944390489465,0.10440454183551041,0.6357660142595949
26108,LOF,0.17334358325969654,0.13352266518603792,0.6931337515542655
26109,LOF,0.08032184156045181,0.10858631589279814,0.81109184254675
26110,LOF,0.292516836957784,0.06398843102170061,0.6434947320205153
26111,LOF,0.4777281181499025,0.03645190917356732,0.48581997267653015
26112,LOF,0.040970118058662706,0.031368189165032916,0.9276616927763044
26113,LOF,0.053585269526061165,0.07857066382690753,0.8678440666470313
26114,LOF,0.024101592596089353,0.03587371267220069,0.9400246947317099
26115,LOF,0.10755790643881323,0.05224068373202479,0.840201409829162
26116,LOF,0.0552538517269069,0.04905721876836572,0.8956889295047273
26117,LOF,0.23596638571857095,0.11253561906347576,0.6514979952179533
26118,LOF,0.03785291052707507,0.05158319763022583,0.9105638918426991
26119,LOF,0.022789085412807674,0.13654485323658533,0.8406660613506071
26120,LOF,0.028802594055094704,0.057591832996009534,0.9136055729488958
26121,LOF,0.048570428081989615,0.1440913777238784,0.807338194194132
26122,LOF,0.05856166468826688,0.11368994810453684,0.8277483872071963
26123,LOF,0.03530822450618036,0.147896068051161,0.8167957074426586
