feature0,prediction,LoGoFunc_Neutral,LoGoFunc_GOF,LoGoFunc_LOF
25546,Neutral,0.582480514076202,0.1696586353080691,0.24786085061572885
25547,Neutral,0.4839379687745728,0.24738042493639617,0.268681606289031
25548,Neutral,0.37815111172299204,0.24545702449519788,0.37639186378180994
25549,LOF,0.35456799918653215,0.24304928342792492,0.4023827173855429
25550,LOF,0.3150431195720136,0.27327450367005296,0.41168237675793345
25551,LOF,0.2287409910370272,0.26641460627129576,0.5048444026916771
25552,LOF,0.20684252726545294,0.3072698344734079,0.4858876382611392
25553,Neutral,0.7578637407762161,0.12349194265416902,0.1186443165696148
25554,LOF,0.24895630577101419,0.2601127428928204,0.4909309513361655
25555,LOF,0.18228973983972616,0.26268001712140204,0.5550302430388718
25556,LOF,0.3558396152478787,0.2515832944544331,0.3925770902976882
25557,LOF,0.19161579586316793,0.25404194469089236,0.5543422594459397
25558,LOF,0.24790013104006767,0.29267918256355324,0.4594206863963792
25559,LOF,0.2664631730179534,0.05481096286985738,0.6787258641121893
25560,LOF,0.06469988163901827,0.21788051037250947,0.7174196079884723
25561,LOF,0.05016227717542881,0.35697057224211365,0.5928671505824575
25562,LOF,0.04531016590228933,0.13423453001022498,0.8204553040874856
25563,LOF,0.009388673160432934,0.2549676219272549,0.7356437049123122
25564,LOF,0.05546647673736698,0.08527654650657497,0.8592569767560582
25565,LOF,0.21451200505754944,0.11256095431256022,0.6729270406298904
25566,GOF,0.10781724570007481,0.6795615044307829,0.2126212498691423
25567,LOF,0.04183878877048107,0.06268807819662697,0.895473133032892
25568,LOF,0.06321486922212183,0.06097857945597623,0.875806551321902
25569,LOF,0.06863473967607943,0.06065556132505823,0.8707096989988623
25570,LOF,0.029498206023577653,0.08092451311711318,0.8895772808593092
25571,LOF,0.029694950299811514,0.0711119566567198,0.8991930930434687
25572,LOF,0.04565467705837076,0.07433281585200434,0.8800125070896249
25573,LOF,0.0692197832000195,0.1121757871020433,0.8186044296979372
25574,LOF,0.09563433586173876,0.23514160982683335,0.6692240543114278
25575,LOF,0.02917320575152008,0.08457119043589763,0.8862556038125823
25576,LOF,0.019250420712255883,0.13356655867675102,0.847183020610993
25577,LOF,0.024419762053443924,0.08877351022265866,0.8868067277238975
25578,LOF,0.30974121188236065,0.07836214559872832,0.6118966425189111
25579,LOF,0.3078595241306083,0.07577594944337891,0.6163645264260128
25580,LOF,0.03229195559365121,0.06901075475807344,0.8986972896482754
25581,LOF,0.04331471732175115,0.10864921181478869,0.8480360708634601
25582,LOF,0.04331471732175115,0.10864921181478869,0.8480360708634601
25583,LOF,0.029396737625675153,0.08438804799854137,0.8862152143757834
25584,Neutral,0.8049839177954085,0.04365156331608505,0.15136451888850652
25585,LOF,0.025295534705121185,0.07288116668869936,0.9018232986061794
25586,LOF,0.029650946820757917,0.07342222073571734,0.8969268324435247
25587,LOF,0.029927305815370668,0.07729809388264572,0.8927746003019835
25588,LOF,0.030774442528080148,0.05882982117988576,0.9103957362920341
25589,Neutral,0.6695874411649997,0.144367597273903,0.18604496156109737
25590,LOF,0.0615925427694693,0.08832207149155252,0.8500853857389781
25591,LOF,0.12854401683162414,0.04747103576322392,0.8239849474051518
25592,LOF,0.12027467629217917,0.13572980641580645,0.7439955172920144
25593,LOF,0.11631931904916,0.3666797689796455,0.5170009119711945
25594,LOF,0.03913348448974901,0.07710767612527561,0.8837588393849753
25595,LOF,0.04986882664719962,0.05433908830491757,0.8957920850478829
25596,LOF,0.13746357387891914,0.01956466231571571,0.8429717638053652
25597,LOF,0.10764537938838582,0.009565855105034243,0.88278876550658
25598,LOF,0.05316799003389986,0.05719436210361745,0.8896376478624828
25599,GOF,0.024809264538752384,0.5855377960589573,0.38965293940229045
25600,GOF,0.20122125623022263,0.4635918043955797,0.33518693937419763
25601,LOF,0.07223045763228421,0.3052497051186148,0.622519837249101
25602,LOF,0.058395213683564456,0.046731645071384796,0.8948731412450508
25603,LOF,0.058797138604756924,0.03264258095564494,0.9085602804395981
25604,LOF,0.0686917913778565,0.10273957637408736,0.8285686322480561
25605,LOF,0.09812724822460715,0.1313316899475832,0.7705410618278096
25606,Neutral,0.5621243526536003,0.14341093294195237,0.2944647144044473
25607,LOF,0.0426366761303963,0.1364790101809486,0.8208843136886551
25608,LOF,0.049701491537767546,0.13322478241405555,0.8170737260481769
25609,GOF,0.1338124178435625,0.6297818000170016,0.23640578213943597
25610,LOF,0.015046788246106321,0.12249414727999053,0.8624590644739031
25611,LOF,0.01537551632816489,0.1186570551637134,0.8659674285081217
25612,LOF,0.055996433523658615,0.09614481481444816,0.8478587516618932
25613,LOF,0.0442087872413501,0.10353415650923689,0.8522570562494131
25614,LOF,0.026349305276014437,0.1310947312933533,0.8425559634306322
25615,LOF,0.047590752126002625,0.1107410702106822,0.8416681776633151
25616,LOF,0.06776417934067656,0.11184000053888733,0.8203958201204361
25617,LOF,0.06586940792534178,0.12077308196533378,0.8133575101093244
25618,GOF,0.05979991015008565,0.4959739208784163,0.4442261689714981
25619,LOF,0.015303993160253729,0.26650559988256595,0.7181904069571804
25620,LOF,0.06272036223552357,0.11043175968232839,0.826847878082148
25621,LOF,0.07829576942809642,0.10764496938149593,0.8140592611904076
25622,LOF,0.06536905047222648,0.12490236333358769,0.8097285861941859
25623,LOF,0.07182511165053254,0.07681105340016414,0.8513638349493035
25624,LOF,0.024113847171535453,0.15827041855190804,0.8176157342765565
25625,LOF,0.047615527056542345,0.09519490274757661,0.857189570195881
25626,LOF,0.033355745994642486,0.09491467969463006,0.8717295743107274
25627,Neutral,0.8732876856379712,0.044383014280051335,0.08232930008197753
25628,LOF,0.17334035150379012,0.12091228473422941,0.7057473637619804
25629,LOF,0.06264586031521457,0.09265925853643861,0.8446948811483469
25630,LOF,0.2837785412744756,0.08701899628461021,0.6292024624409142
25631,LOF,0.4210403128645486,0.07458140289259194,0.5043782842428595
25632,LOF,0.022972864229530293,0.049475513056828506,0.9275516227136411
25633,LOF,0.30068642549330327,0.02452151462379576,0.6747920598829009
25634,LOF,0.05775629431015261,0.03611529703390554,0.9061284086559418
25635,LOF,0.04372587393386543,0.02241616180730012,0.9338579642588344
25636,GOF,0.02728791837879439,0.6625604385916846,0.31015164302952114
25637,GOF,0.03720351633487471,0.5711960274340998,0.3916004562310256
25638,GOF,0.015137799191664192,0.6548326794957519,0.33002952131258395
25639,LOF,0.02401954145330118,0.44843106750518325,0.5275493910415157
25640,Neutral,0.8592130032011775,0.10403892342891043,0.036748073369911954
25641,LOF,0.13715774041643866,0.32931954152810133,0.5335227180554599
25642,LOF,0.15395855172144382,0.21222424573672433,0.6338172025418318
25643,LOF,0.27398169582147536,0.3480780902126413,0.3779402139658834
25644,LOF,0.010717163965728565,0.40866938468689457,0.580613451347377
25645,LOF,0.01000081780787586,0.3871084038370805,0.6028907783550437
25646,LOF,0.018924952236396776,0.2578665430591383,0.7232085047044648
25647,LOF,0.012602770057855298,0.17402627281837554,0.8133709571237691
25648,LOF,0.016654372537544693,0.23022261577564568,0.7531230116868097
25649,LOF,0.009981587987590022,0.12812143406035484,0.8618969779520551
25650,LOF,0.041835671553128326,0.3689842589022553,0.5891800695446163
25651,LOF,0.01104319406843199,0.20048328485549263,0.7884735210760754
25652,LOF,0.008632561953414358,0.35918740675613126,0.6321800312904544
25653,LOF,0.02981065954203408,0.3967019470637409,0.5734873933942249
25654,LOF,0.007968404588671364,0.31865162466950303,0.6733799707418255
25655,GOF,0.07021112092687117,0.5319665447072799,0.397822334365849
25656,LOF,0.21309445116210132,0.33155655078400004,0.45534899805389856
25657,LOF,0.036292002840062794,0.41332991899016863,0.5503780781697685
25658,LOF,0.13162609596854416,0.42839527534445454,0.43997862868700127
25659,GOF,0.21063541847905984,0.5038568403813133,0.2855077411396269
25660,LOF,0.018498770801005857,0.32054569449147785,0.6609555347075163
25661,LOF,0.06693227470661933,0.220493631208003,0.7125740940853776
25662,LOF,0.023791810026411956,0.12579817545477479,0.8504100145188132
25663,LOF,0.025830219269982246,0.10600685108372618,0.8681629296462916
25664,LOF,0.06999035976204279,0.20975839520341896,0.7202512450345383
25665,LOF,0.03560762698367369,0.11336779555264893,0.8510245774636773
25666,LOF,0.062316228406969876,0.17224925389214987,0.7654345177008803
25667,LOF,0.07085897547194088,0.15339834331783983,0.7757426812102194
25668,LOF,0.02502641368171407,0.17009845819370767,0.8048751281245783
25669,LOF,0.023190435383906683,0.173180953523794,0.8036286110922992
25670,LOF,0.08194879890951802,0.16635018033189816,0.7517010207585838
25671,LOF,0.07351296271692057,0.10151202534610808,0.8249750119369713
25672,LOF,0.0268515429815148,0.19961261435699626,0.7735358426614889
25673,LOF,0.05299340066585868,0.17068719491862433,0.776319404415517
25674,LOF,0.04525860851846113,0.2124469425510373,0.7422944489305016
25675,LOF,0.05179710324638016,0.21387767709986474,0.734325219653755
25676,LOF,0.015748031185783346,0.1663564141343842,0.8178955546798324
25677,LOF,0.017361948533968562,0.23166739122084726,0.7509706602451842
25678,LOF,0.04689903524618507,0.20952229706968822,0.7435786676841266
25679,LOF,0.08202134124443802,0.15658125732830197,0.76139740142726
25680,LOF,0.01910009485145762,0.2885054045290336,0.6923945006195088
25681,LOF,0.01994067092975451,0.30221923664265793,0.6778400924275875
25682,LOF,0.0715381336418288,0.15892662259880158,0.7695352437593695
25683,LOF,0.07941164731540366,0.13172871841601264,0.7888596342685836
25684,LOF,0.02334724693377687,0.16638783722978923,0.8102649158364339
25685,LOF,0.1000568232183369,0.17589809070092008,0.724045086080743
25686,LOF,0.052182212971362586,0.3080096332533486,0.6398081537752889
25687,LOF,0.06996583846032482,0.3276673280075965,0.6023668335320786
25688,LOF,0.41342709353551954,0.04760912327498075,0.5389637831894997
25689,LOF,0.22815019876762913,0.048195011000034496,0.7236547902323365
25690,LOF,0.2978377093929007,0.04975677956873779,0.6524055110383615
25691,Neutral,0.6968819907076964,0.05299378057135257,0.25012422872095097
25692,LOF,0.2779047445796816,0.01714155900637087,0.7049536964139475
25693,GOF,0.07959034425618072,0.4804140918860106,0.4399955638578087
25694,LOF,0.1010571902350845,0.024838702328897212,0.8741041074360182
25695,LOF,0.08964972132414072,0.015086389723725984,0.8952638889521332
25696,LOF,0.09540504163906051,0.02938619244773267,0.8752087659132067
25697,LOF,0.05908199345543217,0.1958470101510836,0.7450709963934843
25698,LOF,0.29040751157883765,0.18083263036236494,0.5287598580587974
25699,LOF,0.37055166419623436,0.23965989491887377,0.38978844088489184
25700,LOF,0.09473433000939713,0.036547202328238215,0.8687184676623647
25701,LOF,0.21024954760095993,0.12711514386423142,0.6626353085348087
25702,GOF,0.14332404009835434,0.753196938588528,0.10347902131311779
25703,LOF,0.014496438626737648,0.3597998064444012,0.6257037549288612
25704,LOF,0.01879339481348196,0.31374633096059046,0.6674602742259276
25705,LOF,0.027663173259915023,0.18221691835357037,0.7901199083865146
25706,GOF,0.13004148006594216,0.4638032209743265,0.40615529895973135
25707,GOF,0.08692330561761157,0.4602168552162865,0.45285983916610206
25708,GOF,0.03819440442035958,0.5151391416623087,0.4466664539173318
25709,LOF,0.0635391025089329,0.1240932131067028,0.8123676843843644
25710,LOF,0.01140700401819268,0.17467756848957644,0.8139154274922309
25711,LOF,0.023246565447631443,0.16173988280828736,0.8150135517440812
25712,LOF,0.015344669776741685,0.19703455234385414,0.7876207778794042
25713,LOF,0.023781531259125577,0.1639973357974998,0.8122211329433746
25714,LOF,0.07547016851089512,0.17485533409120024,0.7496744973979046
25715,LOF,0.0157150578759076,0.22860430498764667,0.7556806371364457
25716,LOF,0.010476827452640192,0.16872774370917942,0.8207954288381805
25717,LOF,0.014332471521699627,0.10364688271217196,0.8820206457661284
25718,LOF,0.014744851962998101,0.12053600322619314,0.8647191448108087
25719,LOF,0.01506529289862302,0.2060922016063735,0.7788425054950034
25720,LOF,0.02408291772394833,0.10817343557698465,0.867743646699067
25721,LOF,0.014888432986661915,0.2004472738875545,0.7846642931257836
25722,LOF,0.014904245737053179,0.19823940483338728,0.7868563494295595
25723,LOF,0.02294097710404779,0.16036640027593135,0.8166926226200208
25724,LOF,0.04835757792347759,0.344713193911454,0.6069292281650684
25725,LOF,0.014789649181880818,0.19800864473289811,0.787201706085221
25726,LOF,0.015633187726037594,0.20702638880632512,0.7773404234676373
25727,LOF,0.01556106782695839,0.197617776402849,0.7868211557701925
25728,LOF,0.014655755859086793,0.22314533087593005,0.7621989132649831
25729,LOF,0.014776587611783883,0.2301969097755238,0.7550265026126923
25730,LOF,0.014756119455583711,0.22453650150005036,0.7607073790443659
25731,LOF,0.011752903961801484,0.1482531323427343,0.8399939636954642
25732,LOF,0.014866842785595975,0.10003853122224364,0.8850946259921605
25733,LOF,0.014206040071922887,0.11934116985547495,0.8664527900726021
25734,LOF,0.012725525517917684,0.19969259353897545,0.7875818809431069
25735,LOF,0.014204159336078255,0.12985845489245149,0.8559373857714703
25736,LOF,0.013873423055170003,0.13973235386173594,0.8463942230830941
25737,LOF,0.01554040629178002,0.17598147138489484,0.808478122323325
25738,LOF,0.015173607514333845,0.20541626432512294,0.7794101281605432
25739,LOF,0.02287005522471219,0.161164749290411,0.8159651954848769
25740,LOF,0.019147358342886712,0.20110854307084736,0.779744098586266
25741,LOF,0.018284575403288365,0.22387849239778246,0.7578369321989291
25742,LOF,0.08012036215611502,0.14232436042669924,0.7775552774171858
25743,LOF,0.027730041187004475,0.06050692582872532,0.9117630329842702
25744,Neutral,0.4797842695067616,0.3038361997865145,0.21637953070672403
25745,LOF,0.028668258454976902,0.1715314431081796,0.7998002984368435
25746,LOF,0.017881811276009105,0.232602477479838,0.7495157112441528
25747,LOF,0.015321350002513702,0.16501764736239005,0.8196610026350962
25748,LOF,0.06888548582873064,0.2599796415016292,0.6711348726696402
25749,LOF,0.013485118156373543,0.23115956015750944,0.7553553216861171
25750,LOF,0.024552640877614825,0.2289041726199769,0.7465431865024083
25751,LOF,0.06636614956254173,0.31820205615367525,0.6154317942837831
25752,GOF,0.08619881834693557,0.724754060813384,0.1890471208396804
25753,LOF,0.0176385970759164,0.42706993039377683,0.5552914725303069
25754,GOF,0.01632529385013792,0.7565003620814121,0.2271743440684499
25755,LOF,0.02237964717311186,0.3631148727167887,0.6145054801100994
25756,GOF,0.02946257623512456,0.5773341456581602,0.3932032781067152
25757,GOF,0.01640414104229876,0.8384708550732644,0.14512500388443675
25758,GOF,0.023896305263059817,0.823348441119508,0.15275525361743206
25759,GOF,0.01552384556646346,0.7221654221975335,0.2623107322360031
25760,LOF,0.01569745645828049,0.4472985520436071,0.5370039914981124
25761,GOF,0.21601195241161367,0.7156857121404473,0.06830233544793897
25762,GOF,0.035636854830403734,0.49546788593494717,0.46889525923464914
25763,LOF,0.01209804107438573,0.3312402845679411,0.6566616743576732
25764,GOF,0.0689659586435764,0.7971007398726924,0.13393330148373114
25765,GOF,0.031786331303364446,0.7984333907792928,0.16978027791734274
25766,GOF,0.06862584926475919,0.8454248121337207,0.08594933860152022
25767,GOF,0.08761168974540905,0.7650678837292776,0.1473204265253133
25768,LOF,0.0773817627265585,0.11364069894003438,0.808977538333407
25769,LOF,0.06930608816403296,0.049661971306715486,0.8810319405292516
25770,LOF,0.40678153974629216,0.06508076132356089,0.528137698930147
25771,LOF,0.07063356092781797,0.03061696667718764,0.8987494723949944
25772,LOF,0.02114412812296467,0.044177386658727696,0.9346784852183078
25773,LOF,0.06938836723901629,0.023707432341726623,0.9069042004192571
25774,LOF,0.03320715629896312,0.08289895243927778,0.8838938912617591
25775,LOF,0.09009132351521049,0.021571083499150923,0.8883375929856385
25776,LOF,0.08033799477806373,0.024616292465726858,0.8950457127562095
25777,LOF,0.43492664089499256,0.02729379195519042,0.5377795671498171
25778,LOF,0.07369901695165294,0.038775023975469836,0.8875259590728772
25779,Neutral,0.5811519865337523,0.29778030064987415,0.12106771281637363
25780,Neutral,0.5117096865724721,0.3125804391644823,0.17570987426304557
25781,GOF,0.20054407259937682,0.5578482346162802,0.24160769278434294
25782,GOF,0.2973719443466734,0.453823036129318,0.24880501952400866
25783,GOF,0.033878050506325155,0.5727691710635738,0.393352778430101
25784,Neutral,0.7311236930095989,0.16563551974647106,0.10324078724392995
25785,Neutral,0.7162387118736113,0.08681007657452766,0.19695121155186104
25786,GOF,0.037145125714843984,0.5101417638258368,0.45271311045931917
25787,Neutral,0.8451626029649667,0.04938760149298827,0.10544979554204495
25788,LOF,0.08928148819881922,0.024000330292653374,0.8867181815085273
25789,LOF,0.28359203716005005,0.354929464990354,0.3614784978495959
25790,LOF,0.28264885195646766,0.33602613440693396,0.38132501363659843
25791,LOF,0.24160120449951994,0.2688790106224287,0.4895197848780513
25792,Neutral,0.48911182094245276,0.1690831508356617,0.3418050282218856
25793,LOF,0.3077920917863194,0.2231370421139944,0.4690708660996862
25794,LOF,0.3004362999470383,0.2949701064506034,0.4045935936023583
25795,GOF,0.10621723860858125,0.5027546022165109,0.3910281591749078
25796,Neutral,0.6497586279579627,0.12632334367618475,0.2239180283658526
25797,LOF,0.1332980554068703,0.3004035303549989,0.5662984142381309
25798,LOF,0.018097368969113844,0.3563602072872221,0.625542423743664
25799,LOF,0.01577743076400193,0.3341237136697216,0.6500988555662766
25800,LOF,0.06887465602356453,0.44584364113676284,0.48528170283967265
25801,GOF,0.35017696949946286,0.3881152136635334,0.26170781683700384
25802,LOF,0.08843957466699037,0.4447327154245786,0.46682770990843114
25803,LOF,0.06629574786642062,0.4122377994053507,0.5214664527282287
25804,LOF,0.049546158597415624,0.419312312172253,0.5311415292303314
25805,LOF,0.14349908845580733,0.4057767015494544,0.4507242099947382
25806,LOF,0.17925073480487777,0.37597949479629816,0.444769770398824
25807,LOF,0.02757220137651369,0.4291171446251121,0.5433106539983742
25808,LOF,0.12421168268093263,0.36319803631962566,0.5125902809994417
25809,LOF,0.022796837231397124,0.3411888229052786,0.6360143398633243
25810,LOF,0.026943641452407647,0.3671647907447073,0.6058915678028849
25811,Neutral,0.6338503379359034,0.1990890451033813,0.1670606169607152
25812,LOF,0.05593643993506186,0.32839336210269443,0.6156701979622436
25813,Neutral,0.6808326919529617,0.061294928402389176,0.25787237964464904
25814,LOF,0.24480457250688797,0.26054931952113963,0.49464610797197245
25815,Neutral,0.4096352456058265,0.2340822821809997,0.35628247221317383
25816,LOF,0.03008183887335621,0.3406489787491286,0.6292691823775152
25817,LOF,0.3278760773936073,0.3299580082841067,0.342165914322286
25818,LOF,0.052608605065916726,0.334916914024823,0.6124744809092603
25819,Neutral,0.40425023651867353,0.30719674575754535,0.28855301772378117
25820,LOF,0.23262673921913615,0.3596352346853351,0.4077380260955288
25821,LOF,0.0764897666507393,0.4580378414532808,0.4654723918959799
25822,LOF,0.26483617390428954,0.33482464455451383,0.4003391815411966
25823,LOF,0.05328886857033329,0.44949716718385213,0.4972139642458145
25824,LOF,0.12609849627853104,0.3155482536498508,0.5583532500716182
25825,LOF,0.05503335344752831,0.3401227560859712,0.6048438904665004
25826,LOF,0.01705880198992949,0.36506139617387534,0.6178798018361952
25827,LOF,0.029433001685050062,0.45823252333673126,0.5123344749782187
25828,LOF,0.02010656068316435,0.3785232006285648,0.6013702386882708
25829,LOF,0.01247698138921976,0.4043903065667926,0.5831327120439876
25830,LOF,0.05525407807736162,0.048181240243925436,0.8965646816787131
25831,GOF,0.24262618306894987,0.47290363664594964,0.2844701802851004
25832,GOF,0.04449726042764414,0.5265649935859188,0.4289377459864371
25833,GOF,0.15863812559288853,0.49441039878313353,0.3469514756239781
25834,GOF,0.059885624898172396,0.5141863012961939,0.4259280738056337
25835,GOF,0.14879741910404623,0.4450094129612812,0.4061931679346727
25836,GOF,0.06431451700521056,0.4796721890076906,0.45601329398709883
25837,LOF,0.04004641711418868,0.416725433296826,0.5432281495889852
25838,GOF,0.14039274841562607,0.4816492486599903,0.37795800292438364
25839,Neutral,0.4529399475413668,0.27139171891191444,0.2756683335467187
25840,GOF,0.3365223549392281,0.3402536551318835,0.32322398992888846
25841,Neutral,0.3596827047749751,0.30407269020297195,0.336244605022053
25842,LOF,0.30262067543534976,0.30314200670656216,0.3942373178580881
25843,GOF,0.3168518995430355,0.40437624683612955,0.27877185362083495
25844,LOF,0.1305039521693811,0.3132570311653439,0.5562390166652751
25845,LOF,0.024870454466292605,0.3978834006313866,0.5772461449023208
25846,GOF,0.16369022257375365,0.44143574670601254,0.39487403072023386
25847,GOF,0.20007729093619994,0.4257217123841551,0.37420099667964496
25848,LOF,0.06008475601220385,0.35567443974758234,0.5842408042402139
25849,LOF,0.017301888368112625,0.3554317798396417,0.6272663317922458
25850,LOF,0.03592208685134834,0.4461586827614453,0.5179192303872064
25851,LOF,0.02937052152342612,0.41932845752372067,0.5513010209528532
25852,LOF,0.17404694504475873,0.35711816617164144,0.4688348887835999
25853,Neutral,0.3876162670611576,0.33153070152311814,0.2808530314157244
25854,LOF,0.03043496513144462,0.46932184271605,0.5002431921525053
25855,LOF,0.059889541189600805,0.3010610965535142,0.6390493622568851
25856,LOF,0.27928163956455476,0.2973897786363867,0.42332858179905847
25857,LOF,0.050743289394083735,0.3343026478844489,0.6149540627214674
25858,LOF,0.026321620594078537,0.4471604404369716,0.5265179389689498
25859,LOF,0.014548099485608777,0.4563605092823742,0.529091391232017
25860,Neutral,0.42436904022312616,0.26640875372013195,0.3092222060567418
25861,Neutral,0.4263997540042597,0.40535294451857845,0.1682473014771618
25862,GOF,0.08831361648731686,0.5060266685004514,0.4056597150122317
25863,GOF,0.10061323834230398,0.5403443852511411,0.3590423764065549
25864,GOF,0.24149291026291336,0.4688222788148396,0.289684810922247
25865,GOF,0.10598234373834937,0.5534767178519668,0.3405409384096837
25866,GOF,0.08655174707579472,0.5608513749469959,0.35259687797720946
25867,GOF,0.09839871339119856,0.6289121722662573,0.2726891143425441
25868,LOF,0.2535341768960335,0.3652876880446307,0.3811781350593358
25869,Neutral,0.7756652607022189,0.11377596118374195,0.11055877811403912
25870,LOF,0.3348166218927102,0.02237975829667258,0.6428036198106172
25871,LOF,0.16541549905087127,0.38202870004591744,0.4525558009032113
25872,LOF,0.10588071030022754,0.31424920965262393,0.5798700800471485
25873,LOF,0.16708634876623993,0.3304463227103611,0.5024673285233989
25874,LOF,0.03744464762764679,0.028783912383727465,0.9337714399886257
25875,LOF,0.04691721732632585,0.19693713287898099,0.7561456497946931
25876,LOF,0.030396000535488063,0.05653316470810351,0.9130708347564084
25877,LOF,0.37907349863724804,0.1565658829310927,0.46436061843165927
25878,LOF,0.13521445759339237,0.27835903287836866,0.5864265095282389
25879,LOF,0.06524740286997717,0.3045339441931222,0.6302186529369007
25880,LOF,0.02963128843006319,0.023639108899305462,0.9467296026706314
25881,LOF,0.3983358348391446,0.12177699011541875,0.47988717504543676
25882,LOF,0.09488376932161101,0.015164124382503556,0.8899521062958855
25883,LOF,0.11185718667891037,0.023259314087021365,0.8648834992340683
25884,LOF,0.06612079077818823,0.04615304500735913,0.8877261642144526
25885,LOF,0.08916617298803535,0.025076129182718943,0.8857576978292457
25886,LOF,0.2515510554334272,0.06008096950868354,0.6883679750578893
25887,LOF,0.3471966565866171,0.09395833584456234,0.5588450075688206
25888,LOF,0.1516677948091439,0.04790843207791975,0.8004237731129364
25889,LOF,0.07129952400891312,0.04334206644372084,0.885358409547366
25890,LOF,0.06551020238663548,0.12178528032362677,0.8127045172897377
25891,LOF,0.05995430167933907,0.06603172954979332,0.8740139687708676
25892,LOF,0.10320933778094377,0.05369916782885703,0.8430914943901991
25893,LOF,0.2872015524084188,0.04053044174236145,0.6722680058492198
25894,LOF,0.1444647801456619,0.020250193452571424,0.8352850264017667
25895,LOF,0.2069863834048685,0.019962670511665177,0.7730509460834664
25896,LOF,0.04417143003141312,0.03374355628413871,0.9220850136844481
25897,LOF,0.23788614407204473,0.04358863077420192,0.7185252251537534
25898,Neutral,0.7039760362740054,0.03021699731732108,0.2658069664086736
25899,LOF,0.15254542473394117,0.20945495943305967,0.6379996158329991
25900,Neutral,0.814781977362723,0.04548430822672987,0.13973371441054708
25901,LOF,0.07646348594571252,0.03511521297455166,0.8884213010797358
25902,LOF,0.08739532507968903,0.03287252572666542,0.8797321491936455
25903,Neutral,0.5442082095493243,0.08753429606482958,0.3682574943858461
25904,LOF,0.3288471371320341,0.09594454505964588,0.5752083178083199
25905,LOF,0.029815998958259197,0.3473120187123604,0.6228719823293805
25906,LOF,0.030911763090945694,0.06874360812523012,0.9003446287838243
25907,LOF,0.013578844212453641,0.3093492571329032,0.6770718986546433
25908,LOF,0.018888708761037386,0.1887996799840752,0.7923116112548874
25909,LOF,0.02365708233116776,0.16812378908472658,0.8082191285841057
25910,LOF,0.03221651036728795,0.3272579129625525,0.6405255766701595
25911,LOF,0.07706398259966435,0.02672848372036114,0.8962075336799745
25912,LOF,0.03806040078062977,0.07445598586700466,0.8874836133523656
25913,LOF,0.2540847779722983,0.019023949160343275,0.7268912728673584
25914,LOF,0.025014921723431754,0.24130350247969218,0.7336815757968761
25915,Neutral,0.4576809242292393,0.3809676524366505,0.1613514233341103
25916,GOF,0.0289440306663125,0.6101844555406625,0.3608715137930249
25917,LOF,0.033397092176275275,0.11459487458454955,0.8520080332391752
25918,LOF,0.03492628505678394,0.12486615642923211,0.8402075585139839
25919,LOF,0.03206440339499099,0.10448562771549676,0.8634499688895122
25920,GOF,0.1739862616210904,0.5220111910991392,0.30400254727977044
25921,LOF,0.03751988159053526,0.029971255821560957,0.9325088625879038
25922,LOF,0.038557172927459554,0.019579078146954417,0.9418637489255861
25923,LOF,0.38471218914969946,0.029668763992420105,0.5856190468578805
25924,LOF,0.04660602775456705,0.01830606485666547,0.9350879073887676
25925,LOF,0.08529517682541424,0.03429709411370498,0.8804077290608808
25926,LOF,0.05110685897937852,0.026252345711582154,0.9226407953090394
25927,LOF,0.07426305122183363,0.1171098572760513,0.8086270915021151
25928,LOF,0.028718597306453274,0.017168640042752613,0.954112762650794
25929,LOF,0.48249927289820477,0.02752263160018122,0.48997809550161403
25930,LOF,0.1089969159495803,0.01587830376895197,0.8751247802814677
25931,LOF,0.03179787627017548,0.01506347131980127,0.9531386524100233
25932,LOF,0.042221733049952755,0.013528018477268774,0.9442502484727784
25933,LOF,0.061147809706863274,0.010482481015910847,0.9283697092772258
25934,LOF,0.0406840537509576,0.016424941701387256,0.9428910045476551
25935,LOF,0.07154770229784825,0.03153342064734949,0.8969188770548022
25936,LOF,0.041298304750393235,0.015047604067354992,0.9436540911822517
25937,LOF,0.04123398226702836,0.022264146397998615,0.936501871334973
25938,LOF,0.08841066376448331,0.05463738816096859,0.8569519480745481
25939,LOF,0.05317936819271462,0.013859550184305024,0.9329610816229803
25940,GOF,0.0228495546601476,0.5907332121973187,0.38641723314253373
25941,LOF,0.20553949403650862,0.019354429956187594,0.7751060760073039
25942,LOF,0.02495266984441054,0.008699236935241115,0.9663480932203483
25943,LOF,0.4247642888780344,0.01982472760238635,0.5554109835195793
25944,Neutral,0.5314090527720992,0.008744898242217214,0.4598460489856836
25945,LOF,0.121655037833095,0.03603191642362082,0.8423130457432841
25946,LOF,0.021190368299818657,0.24313797231284967,0.7356716593873316
25947,LOF,0.08845674632255145,0.2343493160466336,0.677193937630815
25948,LOF,0.40875506562682,0.009691986176533612,0.5815529481966465
25949,LOF,0.11273566526040263,0.018390402216425447,0.868873932523172
25950,GOF,0.18750697367673064,0.5758153479616481,0.23667767836162118
25951,LOF,0.14850219558978,0.40499824782039,0.4464995565898299
25952,GOF,0.028019918039524257,0.6865077484367457,0.28547233352373014
25953,LOF,0.16005890204586198,0.3923138157242229,0.44762728222991516
25954,GOF,0.3565873291619671,0.524364729781773,0.1190479410562599
25955,LOF,0.06514352023419101,0.24635065647995477,0.6885058232858541
25956,LOF,0.198776334198786,0.061645562281426966,0.7395781035197871
25957,LOF,0.03927541623861946,0.027897358135081228,0.9328272256262993
25958,LOF,0.08850016143733305,0.0245336356764009,0.886966202886266
25959,LOF,0.16409402158107084,0.27569357152828033,0.5602124068906488
25960,LOF,0.026482560807200694,0.06729353666093761,0.9062239025318616
25961,LOF,0.08990850095829175,0.0421309173965587,0.8679605816451496
25962,LOF,0.06334078429696244,0.03540570355886207,0.9012535121441755
25963,LOF,0.07594171363529709,0.12158451880833795,0.802473767556365
25964,LOF,0.046857782165074635,0.2798532542786848,0.6732889635562406
25965,Neutral,0.49027199924925113,0.044733714209206125,0.46499428654154273
25966,GOF,0.2301760762898472,0.39740747965992346,0.3724164440502293
25967,LOF,0.01240547265468698,0.18955386301220573,0.7980406643331073
25968,LOF,0.03697513505884463,0.4779723479449312,0.48505251699622404
25969,LOF,0.01430849016561897,0.09460251590506022,0.8910889939293208
25970,LOF,0.05143792332715492,0.032603362904418814,0.9159587137684263
25971,LOF,0.07417796461085495,0.025039275629152282,0.9007827597599927
25972,LOF,0.07350559143991563,0.0307872968537724,0.895707111706312
25973,LOF,0.08134070534437235,0.02043880751435956,0.898220487141268
25974,LOF,0.31696667128877476,0.040022202258296315,0.6430111264529289
25975,LOF,0.03960646101659739,0.05682691970966545,0.903566619273737
25976,LOF,0.03632077016694002,0.05841350072730038,0.9052657291057596
25977,LOF,0.05291583829577588,0.2103220727835132,0.7367620889207109
25978,LOF,0.21110030949089056,0.09883466013010385,0.6900650303790055
25979,LOF,0.17912033402496771,0.1004847609683448,0.7203949050066875
25980,LOF,0.20044412836113862,0.16895133269469123,0.6306045389441701
25981,LOF,0.20044412836113862,0.16895133269469123,0.6306045389441701
25982,LOF,0.40364975376986295,0.08141048255802075,0.5149397636721164
25983,LOF,0.3991377128953029,0.09978995235541069,0.5010723347492863
25984,LOF,0.02871068338235741,0.20357616044121873,0.7677131561764239
25985,LOF,0.02078914727985295,0.37783294786585164,0.6013779048542954
25986,LOF,0.02877045986691859,0.37486866890217074,0.5963608712309106
25987,LOF,0.0793544272454546,0.08911862003979013,0.8315269527147553
25988,LOF,0.06392151276445798,0.2191493937987622,0.7169290934367799
25989,LOF,0.023136483422343358,0.20392102379201393,0.7729424927856426
25990,LOF,0.027079582226767835,0.17553980542307732,0.7973806123501548
25991,LOF,0.15613407387687792,0.25822648554230987,0.5856394405808122
25992,LOF,0.2927048530560332,0.2524612122553688,0.45483393468859795
25993,LOF,0.019587437657826223,0.08324636013782959,0.8971662022043443
25994,LOF,0.01957139191896491,0.08790168187230026,0.8925269262087349
25995,LOF,0.019342347667948567,0.10944523403195804,0.8712124183000934
25996,LOF,0.1205535589277762,0.3480631955709232,0.5313832455013007
25997,LOF,0.059370361677102475,0.4192274932763148,0.5214021450465828
25998,LOF,0.4737318853713947,0.01151400709483661,0.5147541075337687
25999,LOF,0.12692955576048437,0.3214441388122788,0.5516263054272369
26000,LOF,0.08024554898541285,0.03451815103554649,0.8852362999790406
26001,LOF,0.13630411009113194,0.07097887575482931,0.7927170141540388
26002,LOF,0.05998826333614403,0.08587972546549844,0.8541320111983576
26003,GOF,0.012155438386269842,0.6943023319236352,0.29354222969009497
26004,GOF,0.04317162609811146,0.7090558190611198,0.24777255484076868
26005,LOF,0.01345132325307059,0.4918445297226368,0.49470414702429266
26006,Neutral,0.5409204008244447,0.27957320830192284,0.17950639087363243
26007,GOF,0.0310662987380582,0.6644407951648486,0.3044929060970933
26008,GOF,0.015237237124485372,0.6145323112028135,0.3702304516727012
26009,GOF,0.036380784026211255,0.6886233895309196,0.2749958264428692
26010,GOF,0.012021858376138013,0.8390994978363283,0.14887864378753374
26011,GOF,0.008941273006979642,0.5484133775796183,0.4426453494134022
26012,GOF,0.016863552012072017,0.5788035501912848,0.4043328977966432
26013,GOF,0.010484403514870415,0.636973354252626,0.3525422422325035
26014,LOF,0.02637529142579468,0.16363346317185132,0.8099912454023541
26015,LOF,0.22174697831753268,0.006959976159527723,0.7712930455229395
26016,LOF,0.3470382269690097,0.02995810017467205,0.6230036728563183
26017,LOF,0.30095429797470047,0.04691590578777,0.6521297962375296
26018,LOF,0.10094905584684971,0.021058429629792066,0.8779925145233582
26019,LOF,0.10241346192085753,0.01339356150915363,0.884192976569989
26020,LOF,0.09941967734902095,0.05493297649002876,0.8456473461609503
26021,LOF,0.10066734121067736,0.06769701778916631,0.8316356410001563
26022,LOF,0.02271576675322788,0.03303869778303726,0.9442455354637348
26023,LOF,0.21699831407455372,0.01524833709321161,0.7677533488322346
26024,LOF,0.04577669388089785,0.07380831791267319,0.8804149882064289
26025,LOF,0.36170349693519077,0.06513820865772353,0.5731582944070857
26026,Neutral,0.5303034219180853,0.013510647322745092,0.4561859307591695
26027,LOF,0.104718727841234,0.01184990635082789,0.883431365807938
26028,LOF,0.2682299092093407,0.0525930220459088,0.6791770687447506
26029,LOF,0.10002931538131893,0.191059824548473,0.708910860070208
26030,LOF,0.03399895678442788,0.03947008787547373,0.9265309553400984
26031,LOF,0.0226925485374087,0.17909310746821777,0.7982143439943735
26032,LOF,0.12358634013840863,0.04670381576755547,0.8297098440940358
26033,LOF,0.29977802019749755,0.07001479822727784,0.6302071815752246
26034,LOF,0.04840291054200959,0.13246394145868534,0.819133147999305
26035,LOF,0.037731019439188426,0.16206791836303236,0.8002010621977792
26036,LOF,0.052221377367981374,0.13594156789547301,0.8118370547365455
26037,LOF,0.02652197723468181,0.11991982084976072,0.8535582019155575
26038,LOF,0.12174469032560681,0.044243628629381575,0.8340116810450116
26039,LOF,0.06537115705908865,0.15491385495177218,0.7797149879891391
26040,Neutral,0.5158792042900966,0.10770153567530413,0.3764192600345993
26041,LOF,0.03275952216793367,0.1297105705601011,0.8375299072719652
26042,LOF,0.032476090478868874,0.11708999732714398,0.8504339121939872
26043,LOF,0.12186799180302905,0.05978488796716539,0.8183471202298056
26044,LOF,0.03706692443602937,0.055089625446023624,0.907843450117947
26045,LOF,0.08020335991235243,0.13871580438254796,0.7810808357050997
26046,LOF,0.1447760873435301,0.06718801609168916,0.7880358965647808
26047,LOF,0.15826385966011633,0.06460710234138467,0.777129037998499
26048,LOF,0.0968429857594405,0.04880693972651396,0.8543500745140454
26049,Neutral,0.9209656789925514,0.011268992534183193,0.06776532847326551
26050,Neutral,0.8966888554037695,0.01280239656851184,0.09050874802771858
26051,GOF,0.03261430221220292,0.640350387662842,0.32703531012495496
26052,GOF,0.021915774315983766,0.586185245442845,0.3918989802411712
26053,LOF,0.05430886736181404,0.39550463769022864,0.5501864949479573
26054,LOF,0.06894116510131439,0.06585094569193649,0.8652078892067492
26055,LOF,0.0532032461842773,0.04739758280974531,0.8993991710059773
26056,LOF,0.04341522874423163,0.05562996654817018,0.9009548047075981
26057,LOF,0.030674785638500606,0.06246878158570072,0.9068564327757986
26058,LOF,0.03070225476829743,0.05340163287243915,0.9158961123592634
26059,Neutral,0.46364707382802156,0.09193339112450513,0.44441953504747334
26060,LOF,0.04301316587697563,0.35780400515275324,0.5991828289702711
26061,LOF,0.023775635813986055,0.07653644842169725,0.8996879157643167
26062,LOF,0.017339712971586492,0.05924809569503064,0.9234121913333828
26063,LOF,0.03001780885068859,0.04980234783225715,0.9201798433170544
26064,LOF,0.02664607075165819,0.06500308027763635,0.9083508489707055
26065,LOF,0.03063471197012634,0.042012276310784656,0.927353011719089
26066,LOF,0.029752958974235976,0.05480897730468728,0.9154380637210767
26067,LOF,0.03217692733714412,0.03958100761985953,0.9282420650429963
26068,LOF,0.05645848257683305,0.09211088544367645,0.8514306319794904
26069,LOF,0.4205936855981588,0.05653461857049057,0.5228716958313506
26070,Neutral,0.6596844162589413,0.03484952842969857,0.30546605531136023
26071,LOF,0.029278111115684936,0.055819784934778766,0.9149021039495364
26072,LOF,0.027294561365117778,0.10196917011141622,0.870736268523466
26073,LOF,0.03213588718216954,0.03507900395895887,0.9327851088588716
26074,Neutral,0.9641371394601266,0.014322253687988711,0.021540606851884678
26075,LOF,0.032847253502645106,0.05789476196703803,0.9092579845303168
26076,LOF,0.031393178983990695,0.04229263760005191,0.9263141834159573
26077,LOF,0.015945472526785093,0.09309227615510324,0.8909622513181117
26078,LOF,0.018765050367419735,0.06193556061245585,0.9192993890201245
26079,LOF,0.05514912212028212,0.06575681568926102,0.8790940621904569
26080,LOF,0.05514912212028212,0.06575681568926102,0.8790940621904569
26081,LOF,0.046908532553935914,0.031884598563736266,0.921206868882328
26082,LOF,0.02590202807305006,0.05314482893404978,0.9209531429929002
26083,LOF,0.0790478984748763,0.05128723112894278,0.869664870396181
26084,LOF,0.028004818169492542,0.0545367965695715,0.9174583852609358
26085,LOF,0.028004818169492542,0.0545367965695715,0.9174583852609358
26086,LOF,0.029109861222941572,0.06274408591029591,0.9081460528667624
26087,LOF,0.03028034419422773,0.050716576941589826,0.9190030788641824
26088,LOF,0.027045174873463817,0.1640356292949978,0.8089191958315384
26089,LOF,0.04568108160545728,0.051198127968560075,0.9031207904259827
26090,LOF,0.04182027404436233,0.04363116754093851,0.9145485584146993
26091,LOF,0.048740440420261565,0.023525141622378995,0.9277344179573594
26092,LOF,0.03003282305829566,0.0496716203682217,0.9202955565734825
26093,LOF,0.03360422319355182,0.029407999169199922,0.9369877776372482
26094,LOF,0.05032356290438305,0.02319973682367575,0.9264767002719413
26095,LOF,0.05623820588513945,0.0607006098272958,0.8830611842875647
26096,LOF,0.029877137087755332,0.0396731169434003,0.9304497459688442
26097,LOF,0.014634237333365696,0.1646711853724101,0.8206945772942242
26098,LOF,0.054331396132760064,0.03531770791042277,0.9103508959568173
26099,LOF,0.028751478688317123,0.09125393101539717,0.8799945902962857
26100,LOF,0.028751478688317123,0.09125393101539717,0.8799945902962857
26101,LOF,0.0426656978206167,0.0815309475071299,0.8758033546722532
26102,LOF,0.03065447826647017,0.05750259340609685,0.911842928327433
26103,Neutral,0.7997824635284266,0.07637844215257976,0.1238390943189938
26104,LOF,0.04414954745550197,0.10194417561133379,0.8539062769331643
26105,LOF,0.2279154189045336,0.07588462850442848,0.696199952591038
26106,LOF,0.19216776594672458,0.042126992449073315,0.7657052416042021
26107,LOF,0.274424500795782,0.06277047738793394,0.6628050218162841
26108,LOF,0.2073807130522363,0.06085250731648976,0.7317667796312739
26109,LOF,0.056962312729841175,0.1077965911811159,0.835241096089043
26110,LOF,0.25443958831079566,0.061611478382676936,0.6839489333065274
26111,LOF,0.41118627753403664,0.08037704675392592,0.5084366757120373
26112,LOF,0.045740262143523565,0.040406924356746206,0.9138528134997304
26113,LOF,0.04821466039953492,0.1238360623121614,0.8279492772883036
26114,LOF,0.03306772232360314,0.026731783121132925,0.940200494555264
26115,LOF,0.19724378189685224,0.05028361807446264,0.7524726000286851
26116,LOF,0.104835807173269,0.05292397717713119,0.8422402156495999
26117,LOF,0.28469470370618577,0.17907019663596901,0.5362350996578453
26118,LOF,0.03688145752404376,0.04346318346054437,0.919655359015412
26119,LOF,0.03166783708982073,0.12865093135613861,0.8396812315540406
26120,LOF,0.031462995146340635,0.07910211769846412,0.8894348871551953
26121,LOF,0.07344719845762993,0.11224197537519767,0.8143108261671724
26122,LOF,0.08173586156078093,0.12693154384756827,0.7913325945916507
