feature0,prediction,LoGoFunc_Neutral,LoGoFunc_GOF,LoGoFunc_LOF
25546,Neutral,0.6747887770990512,0.054628876639806,0.2705823462611428
25547,Neutral,0.5065233546383523,0.09402979572341293,0.39944684963823474
25548,Neutral,0.5236674700134132,0.08116910545750322,0.39516342452908354
25549,LOF,0.44359314086295737,0.082009593657272,0.47439726547977074
25550,LOF,0.37892453334084364,0.11826920721246513,0.5028062594466912
25551,LOF,0.33265003557772543,0.1294352577969131,0.5379147066253614
25552,LOF,0.26310376793179213,0.12922020051645602,0.607676031551752
25553,Neutral,0.8076989638105384,0.04236358631735296,0.14993744987210866
25554,LOF,0.3012939520619724,0.12106029723838926,0.5776457506996383
25555,LOF,0.2509489044668553,0.11516312272191212,0.6338879728112325
25556,Neutral,0.4531246121252619,0.1005077675428901,0.4463676203318479
25557,LOF,0.2343229784646286,0.12065294210932663,0.6450240794260447
25558,LOF,0.30082165811829553,0.11820190751905814,0.5809764343626462
25559,LOF,0.19203285024810057,0.1301188752894656,0.6778482744624338
25560,LOF,0.1618897994452106,0.09723145116643234,0.7408787493883571
25561,LOF,0.15324553305612318,0.12320774922914018,0.7235467177147367
25562,LOF,0.07720487264169769,0.07698633442837702,0.8458087929299253
25563,LOF,0.02291094278664991,0.1240519741916826,0.8530370830216676
25564,LOF,0.2305611697369097,0.11737920858627517,0.6520596216768151
25565,LOF,0.2356973578245163,0.13319510150218924,0.6311075406732944
25566,GOF,0.0874556186077306,0.7212621303555613,0.19128225103670818
25567,LOF,0.03477137044655914,0.13136689535154744,0.8338617342018934
25568,LOF,0.06366691157170007,0.06843286319726846,0.8679002252310314
25569,LOF,0.05960711465995352,0.07053580691640027,0.8698570784236462
25570,LOF,0.027164821612699522,0.09809970028334396,0.8747354781039565
25571,LOF,0.025817404900551826,0.09791110583126515,0.876271489268183
25572,LOF,0.06281197516717303,0.12128420813263402,0.815903816700193
25573,LOF,0.05491621542789258,0.08192566496390036,0.8631581196082071
25574,LOF,0.05861727201999883,0.16974181883489264,0.7716409091451085
25575,LOF,0.022890666346052996,0.11867344982508912,0.8584358838288579
25576,LOF,0.036605919261206474,0.16018278834132932,0.8032112923974641
25577,LOF,0.0320505568185686,0.10778385397807415,0.8601655892033573
25578,LOF,0.29414396131072107,0.07843967203328803,0.627416366655991
25579,LOF,0.13216867059768628,0.08553652283774471,0.7822948065645691
25580,LOF,0.019155642699432134,0.07662922149101359,0.9042151358095543
25581,LOF,0.057826492957716774,0.06494619794707539,0.8772273090952079
25582,LOF,0.05798742332037527,0.0641697314211737,0.8778428452584509
25583,LOF,0.02017850757097103,0.07816784591276052,0.9016536465162684
25584,Neutral,0.6698638289767601,0.09497635017062081,0.2351598208526191
25585,LOF,0.03204154331640376,0.12437581274589368,0.8435826439377027
25586,LOF,0.01782909634958466,0.06640391931829817,0.9157669843321171
25587,LOF,0.017362718545193667,0.059100960533546,0.9235363209212603
25588,LOF,0.01951518648879527,0.07054073608367073,0.909944077427534
25589,Neutral,0.4980021312185132,0.2027212133797766,0.29927665540171033
25590,LOF,0.05490000790867758,0.10509121876481356,0.8400087733265088
25591,LOF,0.10008941196774855,0.05594227765038079,0.8439683103818707
25592,LOF,0.054553619579866555,0.13469024432745313,0.8107561360926803
25593,LOF,0.12892453326323897,0.25489668865272114,0.61617877808404
25594,LOF,0.04918950344534181,0.10867599339214239,0.8421345031625159
25595,LOF,0.046419840543866574,0.07900568433529738,0.874574475120836
25596,LOF,0.10096407622651121,0.04695216921638817,0.8520837545571006
25597,LOF,0.08032082524912258,0.05791065241332588,0.8617685223375515
25598,LOF,0.04780743818291877,0.08300599547999987,0.8691865663370814
25599,GOF,0.020016292465808022,0.5138864128155067,0.4660972947186853
25600,GOF,0.17837524296033633,0.48831888708069293,0.3333058699589706
25601,LOF,0.04029050107713294,0.39020892167777854,0.5695005772450885
25602,LOF,0.03273297083587761,0.04975571669401827,0.9175113124701041
25603,LOF,0.034037385217766544,0.030277632010598386,0.935684982771635
25604,LOF,0.03635807489979021,0.05580873860274978,0.9078331864974599
25605,LOF,0.044480144992227494,0.17310666021601023,0.7824131947917623
25606,LOF,0.40877892714229636,0.09406955611291537,0.49715151674478825
25607,LOF,0.02613313558182045,0.16977254234666747,0.8040943220715122
25608,LOF,0.035436192634180255,0.07142121877530305,0.8931425885905165
25609,GOF,0.14019812544170565,0.5518048795054182,0.30799699505287614
25610,LOF,0.015660845793040053,0.02751864524332796,0.9568205089636319
25611,LOF,0.016023852177288224,0.030232488803158326,0.9537436590195534
25612,LOF,0.04964948495614061,0.038260428176381894,0.9120900868674775
25613,LOF,0.04884383344581987,0.037949208438897084,0.913206958115283
25614,LOF,0.023010253991995626,0.025868941346645018,0.9511208046613594
25615,LOF,0.0462345139431528,0.03252544313688685,0.9212400429199603
25616,LOF,0.04981735127803513,0.025593364693113078,0.9245892840288519
25617,LOF,0.044985003618180225,0.033646117563917353,0.9213688788179023
25618,LOF,0.05528123466149808,0.03140497268478282,0.9133137926537191
25619,LOF,0.014992735161315131,0.028946366186511644,0.9560608986521733
25620,LOF,0.06399260850414025,0.03851858982259342,0.8974888016732664
25621,LOF,0.05156144877783633,0.030986015529589028,0.9174525356925747
25622,LOF,0.06150822002937228,0.02999008063490033,0.9085016993357273
25623,LOF,0.07599784469187111,0.027595985342401003,0.8964061699657279
25624,LOF,0.01960073175065794,0.03697619357333464,0.9434230746760075
25625,LOF,0.0654031474552097,0.04094869601349008,0.8936481565313001
25626,LOF,0.047244177018677454,0.036532486146427776,0.9162233368348948
25627,Neutral,0.882959499768845,0.02138765540795573,0.09565284482319933
25628,LOF,0.146393359182182,0.06424996923075228,0.7893566715870657
25629,LOF,0.060114973431506055,0.04637998794150095,0.8935050386269929
25630,LOF,0.25291469238651954,0.0860152030100956,0.6610701046033849
25631,Neutral,0.5329216647501434,0.06872300777982489,0.39835532747003183
25632,LOF,0.026670616810734505,0.05809874848227246,0.9152306347069931
25633,LOF,0.22097202168931632,0.03627187602728159,0.7427561022834022
25634,LOF,0.03414428629553011,0.08243398826963538,0.8834217254348345
25635,LOF,0.04114040724164203,0.04457511834329616,0.9142844744150619
25636,LOF,0.03495310784553214,0.462756022308356,0.5022908698461118
25637,GOF,0.07590650070915161,0.46917741794284856,0.4549160813479998
25638,LOF,0.041627090068740616,0.28406981113617236,0.674303098795087
25639,LOF,0.033250776437052994,0.31667169378519927,0.6500775297777477
25640,Neutral,0.810229239220079,0.14876611688020033,0.04100464389972073
25641,LOF,0.05406693004737532,0.4555669340622533,0.49036613589037137
25642,LOF,0.042791074229162035,0.1490495566688786,0.8081593691019594
25643,LOF,0.2077776138766397,0.162239914711081,0.6299824714122794
25644,LOF,0.020333944337856593,0.46340088703083865,0.5162651686313048
25645,LOF,0.02070128867265956,0.438611762086674,0.5406869492406664
25646,LOF,0.052884799337260875,0.34582847791563137,0.6012867227471078
25647,LOF,0.022345439015941385,0.2590967523761837,0.718557808607875
25648,LOF,0.02802753159135215,0.2422759350300127,0.7296965333786352
25649,LOF,0.014953914536503306,0.24064353761344628,0.7444025478500504
25650,LOF,0.05642756437458799,0.4307863071217129,0.5127861285036991
25651,LOF,0.016884539771174253,0.26069728734426834,0.7224181728845573
25652,LOF,0.029744139613103186,0.2575957821729623,0.7126600782139344
25653,LOF,0.08008978448247649,0.37767466188038823,0.5422355536371353
25654,LOF,0.025127420866141677,0.18923388624443194,0.7856386928894263
25655,LOF,0.2439327600602143,0.36168874737154133,0.3943784925682445
25656,LOF,0.2908056447952569,0.0396956303121817,0.6694987248925613
25657,LOF,0.0708633869850184,0.049305676713867,0.8798309363011145
25658,LOF,0.3627188016748617,0.04414985971724431,0.593131338607894
25659,Neutral,0.5266881422513598,0.05916934299065194,0.4141425147579882
25660,LOF,0.025129568369377416,0.08285707576297224,0.8920133558676504
25661,LOF,0.09910554671236874,0.05899905582091241,0.8418953974667189
25662,LOF,0.03220583982038714,0.032527827902376356,0.9352663322772364
25663,LOF,0.038926131731067654,0.04498104391206778,0.9160928243568646
25664,LOF,0.134108979178708,0.05526813998185292,0.8106228808394391
25665,LOF,0.055377160584533944,0.029536779878079934,0.9150860595373861
25666,LOF,0.09069017336631295,0.07588313482141999,0.833426691812267
25667,LOF,0.06701687642258304,0.0454031173043167,0.8875800062731002
25668,LOF,0.03681080357280543,0.04443223035045715,0.9187569660767374
25669,LOF,0.03474569450199362,0.05516072026697046,0.9100935852310359
25670,LOF,0.13536794174436084,0.042589398181373764,0.8220426600742654
25671,LOF,0.09580027655529516,0.03123359177913949,0.8729661316655654
25672,LOF,0.057255904265680946,0.04044857771448328,0.9022955180198358
25673,LOF,0.07737181246576376,0.039689928340189015,0.8829382591940472
25674,LOF,0.06276071565642663,0.050715974281296164,0.8865233100622772
25675,LOF,0.11804071638853021,0.04793221579388121,0.8340270678175886
25676,LOF,0.018576773649735603,0.05027204775789758,0.9311511785923668
25677,LOF,0.027186879335704028,0.06534975005550724,0.9074633706087887
25678,LOF,0.1904459986792504,0.05741789338480314,0.7521361079359464
25679,LOF,0.12451558344678873,0.07800375909760252,0.7974806574556087
25680,LOF,0.03213518643702139,0.11544322540510923,0.8524215881578694
25681,LOF,0.051439394195089104,0.10299216136492895,0.8455684444399819
25682,LOF,0.1443799846798998,0.061991166373386884,0.7936288489467134
25683,LOF,0.11642075975401886,0.07872384572777541,0.8048553945182058
25684,LOF,0.043298754600864194,0.06391316019792732,0.8927880852012086
25685,LOF,0.12560502641518145,0.04660689475879669,0.8277880788260218
25686,LOF,0.0744728710379448,0.08128772912716005,0.8442393998348952
25687,LOF,0.11684356168205147,0.07427645948073346,0.8088799788372151
25688,LOF,0.29144286827453136,0.03631633862877465,0.6722407930966939
25689,LOF,0.20585110997445202,0.04619879802177866,0.7479500920037694
25690,LOF,0.3577090951473151,0.03867199068695186,0.6036189141657331
25691,Neutral,0.6679515200980708,0.03642248161585995,0.2956259982860693
25692,LOF,0.27671390099724474,0.011291619602413011,0.7119944794003423
25693,LOF,0.04384395740215744,0.47196663579689707,0.4841894068009454
25694,LOF,0.12610623457030481,0.022673249281634562,0.8512205161480606
25695,LOF,0.12257141174998545,0.018436457996611734,0.8589921302534027
25696,LOF,0.13030756593517998,0.01102278884673459,0.8586696452180854
25697,LOF,0.12168030253012987,0.0288164804271359,0.8495032170427342
25698,LOF,0.32694846165846847,0.2744014891039606,0.398650049237571
25699,LOF,0.3913507930618035,0.04839222616682622,0.5602569807713703
25700,LOF,0.047757831800900326,0.011484004432476809,0.9407581637666229
25701,LOF,0.14461541862255609,0.06171193748871814,0.7936726438887258
25702,GOF,0.19262225715199166,0.5396173971564262,0.2677603456915821
25703,LOF,0.016815637679480352,0.1506277589307075,0.8325566033898122
25704,LOF,0.050932119997073214,0.1171070605884914,0.8319608194144354
25705,LOF,0.06238590453737677,0.19145981491069744,0.7461542805519259
25706,LOF,0.09591487961412849,0.3463712074634015,0.5577139129224701
25707,LOF,0.08907264931277163,0.27275322337874314,0.6381741273084853
25708,LOF,0.032887880293234174,0.2773412915650835,0.6897708281416823
25709,LOF,0.05741147717492702,0.04250718530024475,0.9000813375248282
25710,LOF,0.011853748345382935,0.13656979062839997,0.8515764610262171
25711,LOF,0.01841915798787154,0.0922488473004799,0.8893319947116485
25712,LOF,0.013659665305509529,0.18582264085152203,0.8005176938429684
25713,LOF,0.01809313450517913,0.07895687076038861,0.9029499947344323
25714,LOF,0.06594139194066054,0.0799162583006616,0.8541423497586779
25715,LOF,0.01022915780045797,0.13053909977906653,0.8592317424204755
25716,LOF,0.014619005064037058,0.11562662548646606,0.8697543694494969
25717,LOF,0.013156743341489847,0.07572102397825213,0.9111222326802579
25718,LOF,0.011960264172598685,0.1047882309450794,0.883251504882322
25719,LOF,0.018110400352864965,0.08127600366438667,0.9006135959827484
25720,LOF,0.020991420587793803,0.07033784893334936,0.9086707304788568
25721,LOF,0.015409536541539471,0.10357689395340489,0.8810135695050557
25722,LOF,0.012579597605798373,0.1206361801945218,0.8667842221996798
25723,LOF,0.02129408686550692,0.0481396451828293,0.9305662679516638
25724,LOF,0.021554086220285623,0.08359862739452634,0.894847286385188
25725,LOF,0.011461444422608585,0.07169105237373641,0.916847503203655
25726,LOF,0.013929147209842188,0.10393541088067247,0.8821354419094853
25727,LOF,0.013131232892154166,0.08328179667389514,0.9035869704339508
25728,LOF,0.009641367774380056,0.10814964063722292,0.8822089915883969
25729,LOF,0.009835777614564214,0.10816398953070272,0.8820002328547332
25730,LOF,0.01302359013760111,0.0807209910980339,0.906255418764365
25731,LOF,0.022157990521319525,0.11188357843885917,0.8659584310398213
25732,LOF,0.014393974895632404,0.0872624166178408,0.8983436084865268
25733,LOF,0.016076165707272935,0.07520452969507785,0.9087193045976493
25734,LOF,0.013191822734750438,0.12768079881177458,0.8591273784534751
25735,LOF,0.013273757125526446,0.07831815387228391,0.9084080890021896
25736,LOF,0.01396979824960663,0.10729081725813769,0.8787393844922556
25737,LOF,0.0225635402176604,0.08080327918206898,0.8966331806002705
25738,LOF,0.013047570007529555,0.11637687513872447,0.8705755548537459
25739,LOF,0.019076645047687697,0.08723311816105199,0.8936902367912603
25740,LOF,0.026853387193217445,0.09788757136992036,0.8752590414368621
25741,LOF,0.015109029553921708,0.10446741152513064,0.8804235589209477
25742,LOF,0.11403114823074713,0.08040354686907007,0.8055653049001827
25743,LOF,0.03529928233385297,0.03178563682462386,0.9329150808415232
25744,Neutral,0.5594501838226451,0.21966862979967322,0.2208811863776818
25745,LOF,0.08302802410413414,0.06857091625925098,0.8484010596366149
25746,LOF,0.04204342055989854,0.07771609935219745,0.880240480087904
25747,LOF,0.022900505789793704,0.03688335389668311,0.9402161403135232
25748,LOF,0.10476693273294319,0.052633249653704646,0.8425998176133521
25749,LOF,0.026698085396670665,0.07152771671800848,0.9017741978853208
25750,LOF,0.08157083089129018,0.07459857621745725,0.8438305928912527
25751,LOF,0.09581831343283802,0.052699760189932165,0.8514819263772297
25752,GOF,0.1032594142510141,0.667290344608189,0.2294502411407969
25753,LOF,0.019877697574127037,0.2564213277881945,0.7237009746376786
25754,GOF,0.010676605636978335,0.7523738427294863,0.23694955163353534
25755,LOF,0.022720921027262583,0.39319042313507335,0.584088655837664
25756,LOF,0.041228307687956635,0.37126418824581786,0.5875075040662254
25757,GOF,0.012914205027039929,0.822664300663208,0.16442149430975206
25758,GOF,0.02628239438057396,0.828140710001225,0.14557689561820117
25759,GOF,0.011554343115736119,0.5128899271318791,0.4755557297523848
25760,LOF,0.012403681240147181,0.22521512120002507,0.7623811975598278
25761,GOF,0.2729012054254854,0.6084731167164807,0.11862567785803378
25762,LOF,0.03691471974691086,0.26007355680288385,0.7030117234502052
25763,LOF,0.013712840855602133,0.19789908071551218,0.7883880784288857
25764,GOF,0.07869900873560234,0.6241247164396025,0.29717627482479514
25765,GOF,0.04438449653722215,0.7325007538921602,0.22311474957061772
25766,GOF,0.06302129129792339,0.7671643031682757,0.16981440553380092
25767,GOF,0.19877002117283,0.4543954835623469,0.3468344952648232
25768,LOF,0.09006674442302787,0.06184115070129963,0.8480921048756724
25769,LOF,0.06589069666388231,0.0638805459537749,0.8702287573823428
25770,LOF,0.2693316166238416,0.08618090185107752,0.644487481525081
25771,LOF,0.03718612678857404,0.04584351889785896,0.916970354313567
25772,LOF,0.016969821383192644,0.033423409595364516,0.9496067690214428
25773,LOF,0.04254213562571527,0.07597721911772176,0.8814806452565629
25774,LOF,0.026264468523680036,0.07746819236107877,0.8962673391152413
25775,LOF,0.04155289818479953,0.048740782514127376,0.9097063193010732
25776,LOF,0.07658501280100757,0.024837050142278633,0.8985779370567138
25777,LOF,0.30538413462942243,0.051652031040632984,0.6429638343299446
25778,LOF,0.06512237256688616,0.05107085574878807,0.8838067716843258
25779,GOF,0.3664742515541925,0.5897317514403595,0.04379399700544798
25780,GOF,0.28726751135077155,0.6447875217634184,0.06794496688581003
25781,GOF,0.14048765717299952,0.7555984351903393,0.10391390763666122
25782,GOF,0.20633694396049815,0.7239532302242668,0.069709825815235
25783,GOF,0.029247628463706838,0.6744387186418823,0.2963136528944109
25784,Neutral,0.49042268477263845,0.47398185256609954,0.03559546266126196
25785,GOF,0.3738391947122046,0.5840752102849458,0.04208559500284955
25786,GOF,0.025605714292959235,0.7752548101987762,0.19913947550826466
25787,Neutral,0.6460896588569723,0.3301750632481842,0.023735277894843563
25788,LOF,0.047149305655248455,0.11425985329756387,0.8385908410471876
25789,GOF,0.21289614207463167,0.6406568598276281,0.14644699809774023
25790,GOF,0.19935007340369115,0.695497339338297,0.1051525872580117
25791,GOF,0.13946415427771708,0.6876336317527425,0.17290221396954028
25792,GOF,0.32356422926846834,0.550746782630152,0.12568898810137977
25793,GOF,0.2482069204107354,0.5682751760232376,0.18351790356602704
25794,GOF,0.3165349150908225,0.5219979715109385,0.1614671133982391
25795,GOF,0.08356527791338995,0.7036430193450617,0.2127917027415482
25796,Neutral,0.5307544723843677,0.38277381040313224,0.08647171721250003
25797,GOF,0.09708548024469242,0.55436434561516,0.3485501741401476
25798,GOF,0.009773204519229925,0.5179594304542418,0.47226736502652833
25799,LOF,0.006694014779672723,0.41404577491115785,0.5792602103091694
25800,GOF,0.03400504867025865,0.5993706737455784,0.366624277584163
25801,GOF,0.17991001111918703,0.6932736605590376,0.12681632832177525
25802,GOF,0.07753726828786804,0.7073509660280162,0.21511176568411597
25803,GOF,0.033637636573611095,0.5804645262829387,0.3858978371434503
25804,GOF,0.034521656484294824,0.4990827384084142,0.4663956051072909
25805,GOF,0.11311069565022112,0.5975920693972919,0.2892972349524869
25806,GOF,0.09315833219359088,0.5949204441261687,0.31192122368024033
25807,GOF,0.020724746623721653,0.6307404319729407,0.34853482140333764
25808,GOF,0.08864027835690393,0.6251618930134998,0.2861978286295962
25809,GOF,0.017855446856697908,0.5623095259218694,0.4198350272214327
25810,GOF,0.016504010712532966,0.5968243132022121,0.386671676085255
25811,GOF,0.4446023815001315,0.47465385987501196,0.0807437586248564
25812,GOF,0.02959336343543366,0.6070553111525006,0.3633513254120657
25813,Neutral,0.5069975865680708,0.39451714091108303,0.0984852725208462
25814,GOF,0.11581812854235587,0.6214680220047725,0.26271384945287174
25815,GOF,0.20590988483506467,0.5959432387593067,0.19814687640562875
25816,GOF,0.024720027817179815,0.7093117053478353,0.265968266834985
25817,GOF,0.24251266623074522,0.610388674541155,0.14709865922809975
25818,GOF,0.05104115727588366,0.68523095507735,0.2637278876467662
25819,GOF,0.37124127565028775,0.4955853814702786,0.13317334287943355
25820,GOF,0.2004536616636334,0.5938101517345218,0.2057361866018448
25821,GOF,0.06001337062300047,0.6736038984591645,0.2663827309178351
25822,GOF,0.20217539054122047,0.5848948792861077,0.21292973017267183
25823,GOF,0.035151731256530795,0.5411179277329629,0.42373034101050644
25824,GOF,0.09128522801837019,0.616909684263678,0.2918050877179518
25825,GOF,0.0388749869706325,0.6109955373877576,0.3501294756416099
25826,GOF,0.015154881582727932,0.5873783941556636,0.3974667242616084
25827,GOF,0.027093389891150396,0.5992723943697851,0.37363421573906463
25828,GOF,0.014845002910407794,0.5278554892898232,0.457299507799769
25829,GOF,0.005840760722656218,0.5776905664544592,0.4164686728228846
25830,LOF,0.030943959735672637,0.2827085469729875,0.68634749329134
25831,GOF,0.261272463666635,0.6261163045554611,0.11261123177790404
25832,GOF,0.02731268898464973,0.7354766185536509,0.23721069246169926
25833,GOF,0.10602044492501575,0.7430926870716471,0.15088686800333723
25834,GOF,0.02766021276766921,0.744883417205501,0.22745637002682978
25835,GOF,0.06086241147947428,0.775937364450957,0.16320022406956886
25836,GOF,0.030350750096997316,0.6972236552003935,0.2724255947026091
25837,GOF,0.0233187746665789,0.6036495918425381,0.37303163349088303
25838,GOF,0.08385443214519515,0.7691612416634568,0.14698432619134805
25839,GOF,0.2940189599279982,0.5674066144785936,0.13857442559340818
25840,GOF,0.2644129739600433,0.5956768484621201,0.13991017757783658
25841,GOF,0.2445707776139122,0.6165655560570227,0.13886366632906508
25842,GOF,0.15704625355603452,0.7349088282968754,0.10804491814709015
25843,GOF,0.1984166781627418,0.7248702200849907,0.0767131017522675
25844,GOF,0.05835047931732865,0.754298838401243,0.18735068228142843
25845,GOF,0.014151261467183684,0.5652070808151763,0.42064165771764
25846,GOF,0.12981747334583457,0.7484843374735156,0.12169818918064981
25847,GOF,0.09548035801923903,0.818102275605229,0.08641736637553207
25848,GOF,0.03390480320627389,0.7394461613210808,0.22664903547264545
25849,GOF,0.009679761092786959,0.6352017638426796,0.3551184750645334
25850,GOF,0.017605023158717578,0.6895346913790591,0.2928602854622233
25851,GOF,0.015058601374603535,0.5766410987603265,0.40830029986507005
25852,GOF,0.1574516018315883,0.5712585027070511,0.2712898954613606
25853,GOF,0.35156775353196795,0.5706708508901512,0.07776139557788066
25854,GOF,0.02238276439761233,0.6039603938362895,0.37365684176609815
25855,GOF,0.0311613291437614,0.5836609093017985,0.38517776155444017
25856,GOF,0.20541906498125934,0.577279760702998,0.21730117431574272
25857,GOF,0.034160096056174157,0.5289042548614498,0.43693564908237614
25858,GOF,0.02215369169060369,0.5097071897101259,0.4681391185992705
25859,LOF,0.010907782098729514,0.4890266482955404,0.5000655696057301
25860,GOF,0.3438691885584701,0.573578075459536,0.08255273598199388
25861,GOF,0.42170549756920145,0.5122813194751829,0.06601318295561566
25862,GOF,0.08412327712645366,0.763475070783921,0.15240165208962522
25863,GOF,0.08534363197229568,0.7696456314820916,0.14501073654561272
25864,GOF,0.23806590671546865,0.6921125726582257,0.06982152062630569
25865,GOF,0.0818939790226214,0.7991478071803403,0.11895821379703822
25866,GOF,0.05425406053635028,0.7854037383285606,0.16034220113508926
25867,GOF,0.08178856864543499,0.8165093980374596,0.10170203331710541
25868,GOF,0.22830693034760371,0.6735171661955087,0.0981759034568875
25869,Neutral,0.7057552061969444,0.2537519750002876,0.04049281880276809
25870,GOF,0.2662608779651339,0.39354709724681664,0.3401920247880494
25871,GOF,0.22788119814911403,0.6426334964682088,0.12948530538267708
25872,GOF,0.07539091622592013,0.6710229675069251,0.25358611626715477
25873,GOF,0.11397067465608911,0.6965110050660605,0.1895183202778504
25874,LOF,0.013753584503750449,0.1239732480461708,0.8622731674500788
25875,LOF,0.09012177088744726,0.03930782376344372,0.870570405349109
25876,LOF,0.033646553380402705,0.02874375804366961,0.9376096885759277
25877,Neutral,0.496067746932798,0.03924720659166235,0.46468504647553965
25878,LOF,0.21535796873590513,0.08502223668448883,0.6996197945796061
25879,LOF,0.08079441963148634,0.07616128941859385,0.8430442909499197
25880,LOF,0.04494292141257595,0.013941717638637587,0.9411153609487865
25881,LOF,0.1534165663099209,0.12499834140259032,0.7215850922874888
25882,LOF,0.06300763736954333,0.016884621096412023,0.9201077415340446
25883,LOF,0.06544405048364502,0.019500178206864408,0.9150557713094905
25884,LOF,0.030373399941306375,0.030091938509777812,0.9395346615489159
25885,LOF,0.06039085212239724,0.011784310716843868,0.9278248371607589
25886,LOF,0.27259281522912376,0.0382949872085921,0.6891121975622841
25887,LOF,0.146227727258201,0.06844347141903181,0.7853288013227673
25888,LOF,0.06710724811435405,0.06132835371428686,0.871564398171359
25889,LOF,0.040105433835901934,0.021009722409768224,0.9388848437543298
25890,LOF,0.054742922601345737,0.1431338615677835,0.8021232158308709
25891,LOF,0.04160367456133999,0.05076573789253601,0.907630587546124
25892,LOF,0.08143062549942258,0.024202715523518107,0.8943666589770594
25893,LOF,0.2300778281214059,0.01999509547019027,0.7499270764084038
25894,LOF,0.17854712253349264,0.012132890100752946,0.8093199873657544
25895,LOF,0.18519161288722882,0.02356137714788312,0.7912470099648882
25896,LOF,0.05110762259212524,0.02282901073148208,0.9260633666763927
25897,LOF,0.2587676303060563,0.014150146363222921,0.7270822233307207
25898,Neutral,0.6849690962807172,0.01035919633519838,0.30467170738408433
25899,LOF,0.20284228472831664,0.020736028697274003,0.7764216865744095
25900,LOF,0.4412655749608205,0.012455751446375979,0.5462786735928036
25901,LOF,0.046908692162649424,0.011487806631570981,0.9416035012057795
25902,LOF,0.16513208320297768,0.01402214078438482,0.8208457760126375
25903,Neutral,0.5740297937005668,0.026730773954156038,0.39923943234527703
25904,LOF,0.2999000600694733,0.04127482261661066,0.658825117313916
25905,LOF,0.023933670596175127,0.341095741979633,0.6349705874241918
25906,LOF,0.029749911163596775,0.08868392103577952,0.8815661678006237
25907,LOF,0.013386078895997992,0.3365825893685929,0.6500313317354091
25908,LOF,0.009835663808984525,0.26339463377762423,0.7267697024133912
25909,LOF,0.012840165886233658,0.12194529638341685,0.8652145377303495
25910,LOF,0.0487997520744853,0.15250212068863092,0.7986981272368839
25911,LOF,0.19627261139543514,0.02594219562486334,0.7777851929797015
25912,LOF,0.04549613854175577,0.047768497656470094,0.9067353638017741
25913,LOF,0.3342415879277234,0.021780999809295244,0.6439774122629813
25914,LOF,0.020472105838141425,0.04408861315853733,0.9354392810033212
25915,Neutral,0.5947520765429388,0.13895169823108633,0.26629622522597485
25916,LOF,0.0891615711326695,0.1996828428572253,0.7111555860101052
25917,LOF,0.06756666035931412,0.03499562475336852,0.8974377148873174
25918,LOF,0.022355653981887474,0.02627922601665607,0.9513651200014566
25919,LOF,0.02024970230624369,0.02902658377147216,0.9507237139222842
25920,GOF,0.10959685184127578,0.5054393232807978,0.3849638248779263
25921,LOF,0.025392374312509465,0.037077061194002295,0.9375305644934884
25922,LOF,0.03542171398047326,0.027685823017568188,0.9368924630019586
25923,Neutral,0.4941250963667668,0.03384484216375736,0.4720300614694758
25924,LOF,0.0396365162692939,0.04052106941013456,0.9198424143205716
25925,LOF,0.07531529997984727,0.039222484271386866,0.8854622157487658
25926,LOF,0.053989065466004,0.033367068199235725,0.9126438663347604
25927,LOF,0.06248417806262226,0.13735171084492886,0.800164111092449
25928,LOF,0.019125424430527616,0.047955648074605596,0.9329189274948668
25929,Neutral,0.6040842817849968,0.03590006764058607,0.36001565057441703
25930,LOF,0.07700177473373598,0.031170404835002354,0.8918278204312616
25931,LOF,0.025969747423069914,0.035511566286982904,0.9385186862899473
25932,LOF,0.02908234842778841,0.026871870724940128,0.9440457808472715
25933,LOF,0.039740839402705196,0.017223710007937522,0.9430354505893573
25934,LOF,0.024859563468633872,0.019979711641746972,0.9551607248896192
25935,LOF,0.0657859123505379,0.05066371960630219,0.8835503680431599
25936,LOF,0.042486056711743644,0.023773361909302092,0.9337405813789543
25937,LOF,0.02767875996160826,0.03464890020453206,0.9376723398338597
25938,LOF,0.06956167409894001,0.053040186052050665,0.8773981398490093
25939,LOF,0.043140230462855804,0.02098864729070288,0.9358711222464413
25940,LOF,0.03683048248199203,0.3400384691462448,0.6231310483717633
25941,LOF,0.19087169621728964,0.08530462349735238,0.723823680285358
25942,LOF,0.01225733047396237,0.03655977879369721,0.9511828907323405
25943,LOF,0.3181821939305556,0.0536699779701881,0.6281478280992563
25944,Neutral,0.5106612630353239,0.01971513212131749,0.46962360484335863
25945,LOF,0.07478942228489502,0.01794201938139887,0.9072685583337061
25946,LOF,0.031626766150950905,0.10880459813519779,0.8595686357138513
25947,LOF,0.09578652880081573,0.18242274400509187,0.7217907271940923
25948,LOF,0.3628398654787598,0.00759225628102782,0.6295678782402124
25949,LOF,0.1245227604557149,0.03615989260369902,0.839317346940586
25950,Neutral,0.34532328123716394,0.33177559338663776,0.3229011253761984
25951,LOF,0.19333243752504642,0.2711790276434699,0.5354885348314837
25952,GOF,0.046536783857640054,0.48983207771506154,0.4636311384272984
25953,LOF,0.14464416262747234,0.11409918355359354,0.741256653818934
25954,Neutral,0.42211534786134186,0.18497749869833446,0.39290715344032384
25955,LOF,0.06700327100803218,0.078754118789752,0.8542426102022158
25956,LOF,0.15727272380781193,0.1182874594314291,0.724439816760759
25957,LOF,0.0356878121477924,0.0316447860870734,0.9326674017651341
25958,LOF,0.05350115736392183,0.02631286340304469,0.9201859792330335
25959,LOF,0.07080247773265909,0.33600140809689877,0.5931961141704422
25960,LOF,0.01525975681908858,0.048549200949508826,0.9361910422314025
25961,LOF,0.04174003213124076,0.025884667115097335,0.9323753007536618
25962,LOF,0.051855570405161935,0.03352059080109725,0.9146238387937409
25963,LOF,0.042267185599341665,0.20255724883242607,0.7551755655682322
25964,LOF,0.03087922759671206,0.16899048232963898,0.800130290073649
25965,LOF,0.4583738727301323,0.05861355876771603,0.4830125685021515
25966,Neutral,0.530354279014104,0.16975413669358522,0.2998915842923108
25967,LOF,0.018307605367609118,0.10716042646053096,0.87453196817186
25968,LOF,0.03622512900584692,0.3853847973678236,0.5783900736263294
25969,LOF,0.03500780082006858,0.06439601086210288,0.9005961883178286
25970,LOF,0.054611165481237144,0.0602009824851354,0.8851878520336275
25971,LOF,0.0611263689162715,0.020092396778815032,0.9187812343049133
25972,LOF,0.06140968866090018,0.030993840876815483,0.9075964704622843
25973,LOF,0.07323907566891782,0.010191180797921978,0.9165697435331602
25974,LOF,0.18675171129946042,0.01500755544494528,0.7982407332555943
25975,LOF,0.04237146613288821,0.027500987546468115,0.9301275463206437
25976,LOF,0.04094363915693561,0.015768905185993925,0.9432874556570704
25977,LOF,0.14563676994886302,0.08203476791976999,0.7723284621313669
25978,LOF,0.15425218807546642,0.09678316938787888,0.7489646425366546
25979,LOF,0.1438523943715401,0.10262192984486528,0.7535256757835945
25980,LOF,0.22013675532434418,0.1184248709007129,0.6614383737749429
25981,LOF,0.2526301537000716,0.11656278363672888,0.6308070626631995
25982,LOF,0.429845114500126,0.08272930636900952,0.4874255791308645
25983,LOF,0.4052348655662067,0.09206899054808708,0.5026961438857063
25984,LOF,0.04534132632959352,0.05102104236101627,0.9036376313093901
25985,LOF,0.040867609172332085,0.2735297880639685,0.6856026027636993
25986,LOF,0.04963792082566578,0.33007281929843785,0.6202892598758963
25987,LOF,0.0889889649901925,0.07189864906761659,0.839112385942191
25988,LOF,0.15464365202660224,0.06575723180126056,0.7795991161721373
25989,LOF,0.03639074622005877,0.12227593417248635,0.8413333196074549
25990,LOF,0.03746902078768642,0.16893243765497523,0.7935985415573383
25991,LOF,0.14115291352488554,0.23402491360920685,0.6248221728659076
25992,LOF,0.3144236897787479,0.14113111925376653,0.5444451909674856
25993,LOF,0.02448320314113958,0.07719433655123169,0.8983224603076287
25994,LOF,0.01862655878983275,0.07645990130950367,0.9049135399006636
25995,LOF,0.024570207480871985,0.16310740723472514,0.8123223852844028
25996,GOF,0.3323600605152467,0.3840478096447791,0.2835921298399742
25997,LOF,0.0988592640389688,0.35584195449097195,0.5452987814700593
25998,Neutral,0.5267665739110124,0.02707641895844581,0.4461570071305417
25999,LOF,0.08775004355066841,0.09082937044125848,0.821420586008073
26000,LOF,0.14504452696730474,0.04298686319774783,0.8119686098349475
26001,LOF,0.1833990387407877,0.046033249647428734,0.7705677116117835
26002,LOF,0.11679021220163563,0.03927707910995318,0.8439327086884111
26003,GOF,0.011030320911392518,0.6123133875560629,0.37665629153254454
26004,GOF,0.02348258499580984,0.707629411935665,0.26888800306852506
26005,LOF,0.006703651628888231,0.45161053643193316,0.5416858119391786
26006,Neutral,0.521392007096312,0.24725856937147495,0.2313494235322132
26007,GOF,0.022268267014651514,0.5219829916469537,0.4557487413383947
26008,GOF,0.01802050172682426,0.6467490049593613,0.3352304933138145
26009,GOF,0.020534485702096865,0.706064517952007,0.27340099634589626
26010,GOF,0.024636932709471933,0.6662579927079376,0.30910507458259057
26011,LOF,0.006562759668451924,0.4394297613430148,0.5540074789885332
26012,GOF,0.012822332949748338,0.5913354158263986,0.395842251223853
26013,GOF,0.018211646138819444,0.6288360760704094,0.3529522777907712
26014,LOF,0.04229371094458348,0.11245158205330547,0.8452547070021111
26015,LOF,0.15043156799977495,0.01488555224139486,0.8346828797588303
26016,LOF,0.18231372450894345,0.057258423552962116,0.7604278519380944
26017,LOF,0.21041285521193795,0.08901812366038486,0.7005690211276773
26018,LOF,0.07400822609686938,0.039466389390359395,0.8865253845127712
26019,LOF,0.07051595199965582,0.03131987099832877,0.8981641770020155
26020,LOF,0.0608691949629143,0.10395250618855564,0.8351782988485301
26021,LOF,0.04358591012495311,0.10627052559246844,0.8501435642825783
26022,LOF,0.011448858680284314,0.038771506958846076,0.9497796343608697
26023,LOF,0.06450833162560578,0.02496539452177647,0.9105262738526176
26024,LOF,0.02901714022361258,0.11486325789183713,0.8561196018845503
26025,LOF,0.13283657014465972,0.09572025132217317,0.771443178533167
26026,LOF,0.31907188304859263,0.0283572805327449,0.6525708364186624
26027,LOF,0.056802824392475235,0.01914303111167747,0.9240541444958472
26028,LOF,0.16799071641831723,0.06625339515693944,0.7657558884247434
26029,LOF,0.07023912270406994,0.15810152273102618,0.7716593545649039
26030,LOF,0.02119134745891312,0.040042976641325854,0.9387656758997611
26031,LOF,0.02591768527846947,0.11132570594044142,0.8627566087810892
26032,LOF,0.06419397489789362,0.05328376003574569,0.8825222650663607
26033,LOF,0.08350611379510268,0.05107099277947184,0.8654228934254253
26034,LOF,0.04122045651886526,0.13028454579858675,0.8284949976825481
26035,LOF,0.025013040207130896,0.12665452100870428,0.8483324387841648
26036,LOF,0.03674104188240348,0.14156803744797708,0.8216909206696195
26037,LOF,0.021161569362693925,0.105246519451727,0.873591911185579
26038,LOF,0.06072243345282869,0.055783848117811986,0.8834937184293594
26039,LOF,0.05034397669269279,0.12584314979809186,0.8238128735092153
26040,LOF,0.2070273384361363,0.09444008778666496,0.6985325737771988
26041,LOF,0.021859362319256503,0.09621954662166003,0.8819210910590833
26042,LOF,0.020300446417837004,0.08858812445141268,0.8911114291307503
26043,LOF,0.061904145954973955,0.06270392430918682,0.8753919297358392
26044,LOF,0.018342283084044213,0.046400482926982844,0.935257233988973
26045,LOF,0.07254461776447468,0.0832032164670405,0.8442521657684847
26046,LOF,0.0569266123556167,0.052969247915177146,0.8901041397292062
26047,LOF,0.07594987278486375,0.054593247725575646,0.8694568794895606
26048,LOF,0.043009252557121555,0.032139731546373965,0.9248510158965045
26049,Neutral,0.9680190195903258,0.005679282930460896,0.026301697479213442
26050,Neutral,0.950036819932129,0.007052928534566626,0.04291025153330452
26051,LOF,0.05131830947897881,0.263885516509521,0.6847961740115002
26052,LOF,0.0636486791385107,0.3084105672218788,0.6279407536396105
26053,LOF,0.057569447790921456,0.14320621391630717,0.7992243382927714
26054,LOF,0.04909472965219812,0.016803891031206948,0.9341013793165949
26055,LOF,0.06601384232232826,0.01632685555421156,0.9176593021234601
26056,LOF,0.05642606578937644,0.01840116348528819,0.9251727707253353
26057,LOF,0.03129749070407106,0.012449936308955424,0.9562525729869736
26058,LOF,0.03217629621857498,0.00972418991630527,0.9580995138651198
26059,LOF,0.2765267354573522,0.021607996201456266,0.7018652683411915
26060,LOF,0.04569334711439728,0.17045907261278778,0.783847580272815
26061,LOF,0.0165092859617873,0.011433673106364605,0.9720570409318482
26062,LOF,0.0098582472401223,0.017427707733079736,0.9727140450267979
26063,LOF,0.02017660125471382,0.010605175715098343,0.9692182230301878
26064,LOF,0.020301881561787586,0.023993337086014165,0.9557047813521982
26065,LOF,0.02508983295679448,0.010873659262426612,0.9640365077807789
26066,LOF,0.019763036289911873,0.010257193589603131,0.9699797701204851
26067,LOF,0.028216183017950675,0.008570598991763117,0.9632132179902861
26068,LOF,0.04308565764299359,0.026592190851321692,0.9303221515056848
26069,LOF,0.2592478183476821,0.018429117490481133,0.7223230641618367
26070,LOF,0.4098529675091944,0.0152681343655156,0.57487889812529
26071,LOF,0.020340959292071026,0.011704160135352366,0.9679548805725766
26072,LOF,0.0182259729148926,0.02026164857359288,0.9615123785115144
26073,LOF,0.019222772663602734,0.013708276664392892,0.9670689506720043
26074,Neutral,0.9096504477315359,0.005978123092411457,0.08437142917605263
26075,LOF,0.04466512470150795,0.013566731225680967,0.9417681440728112
26076,LOF,0.034757360112847316,0.008504011224775603,0.956738628662377
26077,LOF,0.009103496374009406,0.012072368291713905,0.9788241353342767
26078,LOF,0.014489106839231299,0.011400746656074866,0.974110146504694
26079,LOF,0.05861297185972681,0.01600048562359486,0.9253865425166783
26080,LOF,0.05817541478942676,0.01600616208778093,0.9258184231227923
26081,LOF,0.03387066273440267,0.0065225981109970025,0.9596067391546003
26082,LOF,0.013332432728495883,0.014019482539330289,0.9726480847321739
26083,LOF,0.17417731728196778,0.014203232432577326,0.8116194502854549
26084,LOF,0.04446826024486304,0.01203055095254994,0.943501188802587
26085,LOF,0.040542553966167294,0.011531972282836147,0.9479254737509965
26086,LOF,0.020527590443765693,0.011178143792999945,0.9682942657632343
26087,LOF,0.02254863384709948,0.008577408818495768,0.9688739573344047
26088,LOF,0.015261562319819209,0.02206419565501184,0.9626742420251689
26089,LOF,0.03979056253959088,0.02083521877425474,0.9393742186861543
26090,LOF,0.039578418547439334,0.01713302869275139,0.9432885527598093
26091,LOF,0.03150471074534172,0.006299426467207723,0.9621958627874505
26092,LOF,0.021730359424281625,0.007824922870876076,0.9704447177048423
26093,LOF,0.03380881611307637,0.005797519997166448,0.9603936638897572
26094,LOF,0.032988792350072654,0.006071001999148253,0.960940205650779
26095,LOF,0.037665967454343696,0.01411530664294753,0.9482187259027088
26096,LOF,0.0183303468806087,0.011299050446576442,0.9703706026728149
26097,LOF,0.011342353805778374,0.04248076447295189,0.9461768817212697
26098,LOF,0.07805459921646192,0.01214719327559274,0.9097982075079454
26099,LOF,0.020254349041572348,0.011940422480400162,0.9678052284780275
26100,LOF,0.022459638175754783,0.011554323258452213,0.965986038565793
26101,LOF,0.042505043362356484,0.017449925312553686,0.9400450313250899
26102,LOF,0.019809187335553747,0.014090581154204118,0.966100231510242
26103,Neutral,0.8760979965415074,0.01820282564415002,0.10569917781434257
26104,LOF,0.08231089708303843,0.023672607995200892,0.8940164949217606
26105,LOF,0.20120705335100592,0.2833216466597609,0.5154712999892331
26106,LOF,0.15482395780331437,0.142269650748933,0.7029063914477527
26107,LOF,0.2243427037717628,0.08844050181141866,0.6872167944168186
26108,LOF,0.22469754452719048,0.1005237016515532,0.6747787538212564
26109,LOF,0.08402536425133238,0.05359169827804983,0.8623829374706178
26110,LOF,0.22592422343923804,0.006838563891096605,0.7672372126696654
26111,Neutral,0.49304670440708614,0.02199066148811012,0.4849626341048036
26112,LOF,0.033657722624596154,0.007167728775144621,0.9591745486002592
26113,LOF,0.0618107547386154,0.016123245767515587,0.922065999493869
26114,LOF,0.023654774276239916,0.028806552727667484,0.9475386729960925
26115,LOF,0.08075001870683837,0.04824095285318015,0.8710090284399814
26116,LOF,0.060969964961521676,0.05247570741930567,0.8865543276191726
26117,LOF,0.4495198238752854,0.042740899442650984,0.5077392766820636
26118,LOF,0.031311018390156486,0.024182807429966185,0.9445061741798774
26119,LOF,0.024333326407391602,0.0332395219302312,0.9424271516623772
26120,LOF,0.025001275752701557,0.017807018595417966,0.9571917056518804
26121,LOF,0.04130870063629204,0.08314257837765374,0.8755487209860543
