feature0,prediction,LoGoFunc_Neutral,LoGoFunc_GOF,LoGoFunc_LOF
25546,Neutral,0.6314014854687425,0.05585466800758129,0.3127438465236762
25547,Neutral,0.4826900325640695,0.09561174059721628,0.4216982268387142
25548,Neutral,0.48802011118895966,0.08212687792039824,0.4298530108906421
25549,LOF,0.4256686365268075,0.08135283695049031,0.4929785265227023
25550,LOF,0.3712378324818633,0.11640976789329292,0.5123523996248437
25551,LOF,0.32345943140518235,0.12764302878158043,0.5488975398132372
25552,LOF,0.28063337981327763,0.12266983940182678,0.5966967807848956
25553,Neutral,0.8167837006787646,0.04448120492971266,0.13873509439152276
25554,LOF,0.3256712844760217,0.11223911795440719,0.562089597569571
25555,LOF,0.2729200862085795,0.10924809946619284,0.6178318143252277
25556,Neutral,0.4666070934812333,0.10259171171322902,0.43080119480553786
25557,LOF,0.26512062426638244,0.11523162016499024,0.6196477555686273
25558,LOF,0.331219191900823,0.11391374999400038,0.5548670581051767
25559,LOF,0.1840994358755341,0.12162122543005795,0.6942793386944079
25560,LOF,0.16273805548538972,0.09408680549674986,0.7431751390178605
25561,LOF,0.153981544098723,0.10569534670212069,0.7403231091991563
25562,LOF,0.07143668808165207,0.06537505613202876,0.8631882557863191
25563,LOF,0.02345136094215749,0.12093662668555906,0.8556120123722833
25564,LOF,0.2337651137125718,0.11184804898217142,0.6543868373052568
25565,LOF,0.21527556070496412,0.13489092256264634,0.6498335167323896
25566,GOF,0.09030543359424693,0.7166130190977562,0.19308154730799681
25567,LOF,0.041118144249311275,0.12329543282327589,0.8355864229274128
25568,LOF,0.06089354078906137,0.06460580814348774,0.8745006510674509
25569,LOF,0.05900296108595789,0.06182493857458319,0.8791721003394588
25570,LOF,0.02805051214298027,0.08950052622937678,0.882448961627643
25571,LOF,0.02703093595113556,0.09427090657388651,0.8786981574749779
25572,LOF,0.06338925693662736,0.10172901304723202,0.8348817300161406
25573,LOF,0.05936659981386973,0.08254531700881793,0.8580880831773122
25574,LOF,0.05846251178048301,0.19261830852322656,0.7489191796962905
25575,LOF,0.022884200256234916,0.10222124904667536,0.8748945506970897
25576,LOF,0.03171144731306119,0.13493769733018723,0.8333508553567516
25577,LOF,0.030533267719334945,0.10178113891819053,0.8676855933624746
25578,LOF,0.3051573974133623,0.07261562109425683,0.6222269814923808
25579,LOF,0.1342649282738408,0.0802751671864166,0.7854599045397427
25580,LOF,0.019598626986279944,0.06876502469605068,0.9116363483176693
25581,LOF,0.05652749227502465,0.0609205580372361,0.8825519496877392
25582,LOF,0.05650205529328713,0.06039924464056709,0.8830987000661459
25583,LOF,0.020105705271344886,0.07121824014398824,0.9086760545846668
25584,Neutral,0.6651983502896407,0.10253075981794849,0.23227088989241076
25585,LOF,0.02859399526460117,0.1050613011704888,0.8663447035649101
25586,LOF,0.018126839170760765,0.06067189876562013,0.9212012620636192
25587,LOF,0.017571596628690008,0.05497762173735532,0.9274507816339548
25588,LOF,0.020588922014648393,0.066181405733601,0.9132296722517507
25589,Neutral,0.5053881484090108,0.1826533530409097,0.31195849855007945
25590,LOF,0.04971114967299199,0.09731274043822616,0.8529761098887819
25591,LOF,0.1003600411144126,0.04802189965912691,0.8516180592264604
25592,LOF,0.057032004402512194,0.12221789005281986,0.820750105544668
25593,LOF,0.13765651675198518,0.23080670762705102,0.6315367756209638
25594,LOF,0.05718118202368358,0.10746946709579955,0.8353493508805168
25595,LOF,0.057784084745669706,0.07742126546618765,0.8647946497881427
25596,LOF,0.11442349058997739,0.043964315014053346,0.8416121943959692
25597,LOF,0.0860796918882568,0.053874341623240146,0.860045966488503
25598,LOF,0.05745110618383902,0.0783168278924516,0.8642320659237094
25599,GOF,0.019808861170435975,0.4969117082543426,0.4832794305752215
25600,GOF,0.16501145982512583,0.48729460940455743,0.3476939307703167
25601,LOF,0.04011510089484485,0.40204796412534594,0.5578369349798092
25602,LOF,0.029072979096993867,0.06714172354669953,0.9037852973563066
25603,LOF,0.02874872545671023,0.03524874353728398,0.9360025310060057
25604,LOF,0.031774582198297784,0.08219293950735664,0.8860324782943455
25605,LOF,0.037016506860535765,0.2198486646818399,0.7431348284576242
25606,LOF,0.39835471963426594,0.13724752839276463,0.4643977519729694
25607,LOF,0.02223975472110794,0.2166799971411474,0.7610802481377447
25608,LOF,0.031224067899709943,0.0678223606891841,0.900953571411106
25609,GOF,0.1458928286969788,0.5160140757026161,0.338093095600405
25610,LOF,0.015196454557932419,0.02546692533143933,0.9593366201106283
25611,LOF,0.012690561464719368,0.029112150872049946,0.9581972876632306
25612,LOF,0.04802511078093996,0.03918376010261334,0.9127911291164468
25613,LOF,0.04557953115914512,0.0400782802311295,0.9143421886097254
25614,LOF,0.019717091402886567,0.024199353191184866,0.9560835554059285
25615,LOF,0.0470131388543013,0.03535065267701942,0.9176362084686792
25616,LOF,0.042534466136370935,0.027133444845232862,0.9303320890183961
25617,LOF,0.03863236022048899,0.03485105747974624,0.9265165822997649
25618,LOF,0.048484438742552434,0.032813068688026546,0.918702492569421
25619,LOF,0.0126887201110289,0.03078028629867246,0.9565309935902987
25620,LOF,0.06095773704638686,0.04168221828338809,0.897360044670225
25621,LOF,0.05204604353904971,0.0326860195604036,0.9152679369005468
25622,LOF,0.06327562617754963,0.029413414414851572,0.9073109594075989
25623,LOF,0.07140979144097928,0.024824216175750476,0.9037659923832703
25624,LOF,0.017420845189784158,0.030914144239866923,0.9516650105703489
25625,LOF,0.0607374668185668,0.035034845332837065,0.9042276878485961
25626,LOF,0.044576979617362164,0.03444239732237957,0.9209806230602583
25627,Neutral,0.8934655777730046,0.022099123384819636,0.08443529884217565
25628,LOF,0.12912701556948683,0.06532068632773738,0.8055522981027757
25629,LOF,0.0663003763349215,0.0397402434121331,0.8939593802529454
25630,LOF,0.2657874544633649,0.08321600008588068,0.6509965454507545
25631,Neutral,0.5501393099350806,0.06448832256702922,0.3853723674978901
25632,LOF,0.02812485538027625,0.07099542456293655,0.9008797200567872
25633,LOF,0.18559512864206082,0.034933199063392976,0.7794716722945462
25634,LOF,0.03351471215671279,0.07796338321714764,0.8885219046261396
25635,LOF,0.036974794630244626,0.04505375830133228,0.9179714470684232
25636,LOF,0.031160257357969054,0.4759845392154864,0.49285520342654443
25637,GOF,0.06667225728896399,0.4915600013036121,0.4417677414074239
25638,LOF,0.030198935752314835,0.33159510038725387,0.6382059638604313
25639,LOF,0.03150094144652594,0.36038734401597117,0.6081117145375029
25640,Neutral,0.8277509704636188,0.12879894346562196,0.04345008607075931
25641,LOF,0.0671839078645661,0.40888134495260575,0.5239347471828282
25642,LOF,0.041454390958531415,0.13667956148464946,0.8218660475568191
25643,LOF,0.19507229969790027,0.15464751903597404,0.6502801812661256
25644,GOF,0.02001875537409871,0.4925616843525529,0.4874195602733483
25645,LOF,0.021514913038878276,0.41850673242245756,0.5599783545386642
25646,LOF,0.05825720576402294,0.3348213867589325,0.6069214074770445
25647,LOF,0.02209747214618951,0.27827280286218326,0.6996297249916273
25648,LOF,0.03222940234746606,0.2506182399388083,0.7171523577137257
25649,LOF,0.015041881412127965,0.25807815321158645,0.7268799653762855
25650,LOF,0.048689524608211715,0.4289846454849648,0.5223258299068235
25651,LOF,0.016142952951981045,0.28055869372648445,0.7032983533215346
25652,LOF,0.03205839598352857,0.27033954446607567,0.6976020595503957
25653,LOF,0.073286820306167,0.43083880408427355,0.49587437560955955
25654,LOF,0.023304952878280265,0.22514029990505519,0.7515547472166645
25655,GOF,0.19491754221586707,0.4157640741426153,0.38931838364151766
25656,LOF,0.27025752123611646,0.05063209812977422,0.6791103806341092
25657,LOF,0.07333772617990075,0.056084555224326114,0.8705777185957733
25658,LOF,0.3884949165134223,0.05566283461064194,0.5558422488759359
25659,Neutral,0.5281172602543092,0.07357213871335441,0.3983106010323365
25660,LOF,0.023362169572646137,0.08626791827947004,0.8903699121478839
25661,LOF,0.09716801483816788,0.059260249457552545,0.8435717357042796
25662,LOF,0.03295100103516689,0.0326665317880483,0.9343824671767849
25663,LOF,0.040571639447482856,0.04583543492490465,0.9135929256276125
25664,LOF,0.13983926916697312,0.059472273386977116,0.8006884574460498
25665,LOF,0.052350146954118236,0.030288652274252134,0.9173612007716296
25666,LOF,0.08761386433922926,0.07299818839960423,0.8393879472611665
25667,LOF,0.06287372263497253,0.03962077823952593,0.8975054991255015
25668,LOF,0.034841325457302834,0.050682924680219905,0.9144757498624774
25669,LOF,0.03150435943188118,0.051044450545816286,0.9174511900223026
25670,LOF,0.14662561478742553,0.05185877595051861,0.8015156092620558
25671,LOF,0.09942345384860268,0.032629481711959236,0.867947064439438
25672,LOF,0.05147420842846526,0.042395436480082316,0.9061303550914523
25673,LOF,0.07735907882024036,0.042953477067794656,0.879687444111965
25674,LOF,0.06798274913979971,0.05174205649938449,0.8802751943608158
25675,LOF,0.11043490423179775,0.04890405982501905,0.8406610359431832
25676,LOF,0.018339879683447153,0.0503191167554391,0.9313410035611137
25677,LOF,0.02583423557078244,0.06819641791511093,0.9059693465141065
25678,LOF,0.19565783929678066,0.05668957998640355,0.7476525807168158
25679,LOF,0.1229193900762975,0.08517007267892707,0.7919105372447753
25680,LOF,0.030182538219924678,0.10756355024498265,0.8622539115350926
25681,LOF,0.04814789636367644,0.10274865118308103,0.8491034524532425
25682,LOF,0.141527615412453,0.06632940646948349,0.7921429781180634
25683,LOF,0.11865575629910052,0.08881119977456049,0.792533043926339
25684,LOF,0.04180210390588326,0.07189198147614728,0.8863059146179695
25685,LOF,0.12726064212550503,0.050656180948684876,0.8220831769258101
25686,LOF,0.07738821486166977,0.094275565408773,0.8283362197295572
25687,LOF,0.11630524422458859,0.0871226865567706,0.7965720692186408
25688,LOF,0.30799883936548067,0.03382334819429847,0.6581778124402209
25689,LOF,0.2459808284710439,0.038539582183322804,0.7154795893456333
25690,LOF,0.3345696122282553,0.03203253723920573,0.6333978505325389
25691,Neutral,0.7020367896615411,0.025364527236936826,0.2725986831015221
25692,LOF,0.3060682731888499,0.011562871754626697,0.6823688550565233
25693,GOF,0.050200789159606865,0.48682859578451976,0.46297061505587334
25694,LOF,0.12036801833688529,0.01599858781816844,0.8636333938449462
25695,LOF,0.11918870469256525,0.015167280871718083,0.8656440144357167
25696,LOF,0.10634744672925199,0.009073223440064962,0.884579329830683
25697,LOF,0.11905273214317111,0.03294103103177372,0.8480062368250552
25698,LOF,0.3422532231760179,0.23619872129425892,0.42154805552972313
25699,LOF,0.42846619529093527,0.0368734830332214,0.5346603216758433
25700,LOF,0.05609202443629869,0.007453266720520079,0.9364547088431812
25701,LOF,0.1556039951728209,0.042185344933083194,0.8022106598940959
25702,GOF,0.17154081202586785,0.5659086953229343,0.26255049265119784
25703,LOF,0.01609130391893597,0.17507174432975145,0.8088369517513125
25704,LOF,0.04728915824349235,0.12907645146348604,0.8236343902930215
25705,LOF,0.059617309075105186,0.18461272787259103,0.7557699630523038
25706,LOF,0.10375573990903264,0.3770255962163502,0.5192186638746172
25707,LOF,0.08051509303452903,0.2900780718457435,0.6294068351197274
25708,LOF,0.030443033703330544,0.2540988116680053,0.7154581546286641
25709,LOF,0.06486225247731954,0.04200131993149213,0.8931364275911884
25710,LOF,0.012373958581452751,0.13215109364970498,0.8554749477688423
25711,LOF,0.018510059834825267,0.09582054959728518,0.8856693905678896
25712,LOF,0.014631643804522277,0.17142243203980437,0.8139459241556732
25713,LOF,0.019354442058498723,0.08146039060620579,0.8991851673352954
25714,LOF,0.0692131718270271,0.08056567653858245,0.8502211516343904
25715,LOF,0.010884952303652802,0.1452930108663599,0.8438220368299874
25716,LOF,0.015902979774505957,0.1128565370155806,0.8712404832099133
25717,LOF,0.013676882410432854,0.07259561763385486,0.9137274999557123
25718,LOF,0.013006400484712173,0.09627142849370356,0.8907221710215844
25719,LOF,0.017519545003203938,0.07698248057338428,0.9054979744234118
25720,LOF,0.02180951352457763,0.06906313382259759,0.9091273526528247
25721,LOF,0.015801908567947543,0.11111786775170834,0.873080223680344
25722,LOF,0.013649538258846053,0.13481193380725734,0.8515385279338966
25723,LOF,0.022484012388938053,0.046343671007959684,0.9311723166031023
25724,LOF,0.023206550300425427,0.08167862240049868,0.8951148272990758
25725,LOF,0.01159600199849345,0.06574774739476848,0.9226562506067382
25726,LOF,0.015803222229910922,0.09551550574716605,0.8886812720229231
25727,LOF,0.01292272892860942,0.07592826394021056,0.9111490071311801
25728,LOF,0.009845430346240502,0.11098910923639081,0.8791654604173688
25729,LOF,0.010209062453337395,0.11099530360438256,0.8787956339422801
25730,LOF,0.013814057074657686,0.08296934589807636,0.903216597027266
25731,LOF,0.022143458968863446,0.11215243920308395,0.8657041018280526
25732,LOF,0.01503940048130977,0.08681604378410182,0.8981445557345884
25733,LOF,0.016157337533655742,0.07401789084365079,0.9098247716226935
25734,LOF,0.013686068256939524,0.11559073044582294,0.8707232012972376
25735,LOF,0.014021515784085356,0.08714038644689451,0.8988380977690201
25736,LOF,0.014909266532800303,0.10972306983430767,0.8753676636328921
25737,LOF,0.02123692013466847,0.08430869260045543,0.894454387264876
25738,LOF,0.01254328727154643,0.10498216620338757,0.8824745465250661
25739,LOF,0.02111918136368665,0.07301128762580608,0.9058695310105073
25740,LOF,0.028117612479837368,0.10281050485150432,0.8690718826686583
25741,LOF,0.015620532614178544,0.11072355632146576,0.8736559110643558
25742,LOF,0.11472325111248642,0.07740129294244966,0.8078754559450639
25743,LOF,0.03309066192715575,0.033676495990317336,0.9332328420825269
25744,Neutral,0.5886757288568519,0.2293331659275998,0.18199110521554826
25745,LOF,0.08808533786197875,0.07692260297907753,0.8349920591589437
25746,LOF,0.040513368604236225,0.09439775182665444,0.8650888795691093
25747,LOF,0.023363997125857874,0.04634230691380513,0.930293695960337
25748,LOF,0.10080519964450692,0.07155036429685001,0.827644436058643
25749,LOF,0.026159689538235272,0.08773041293575815,0.8861098975260066
25750,LOF,0.08432847135854994,0.08686358658611669,0.8288079420553334
25751,LOF,0.0909600824397936,0.07367491667348275,0.8353650008867236
25752,GOF,0.11186390867096441,0.6686092965572339,0.21952679477180154
25753,LOF,0.02000510762419961,0.2762245036665183,0.7037703887092822
25754,GOF,0.01081974158005183,0.7933851494542294,0.19579510896571875
25755,LOF,0.024167830062540262,0.38347359081675053,0.5923585791207091
25756,LOF,0.041209042794225166,0.37602299893054575,0.5827679582752291
25757,GOF,0.013597142756960121,0.8393247449643393,0.1470781122787006
25758,GOF,0.02817712940506139,0.826788548234528,0.14503432236041056
25759,GOF,0.009996275122819375,0.5702971548339989,0.4197065700431818
25760,LOF,0.011549490992987192,0.2562967881048902,0.7321537209021226
25761,GOF,0.26698989897493103,0.6500501007819269,0.08296000024314211
25762,LOF,0.03427611323143942,0.26787842383385946,0.6978454629347011
25763,LOF,0.012641643937443969,0.21770924080137136,0.7696491152611846
25764,GOF,0.07357032970487969,0.6503271065180396,0.27610256377708076
25765,GOF,0.03854319265834162,0.7600257232874056,0.20143108405425275
25766,GOF,0.05466760268132829,0.7655398417704065,0.1797925555482651
25767,GOF,0.17268520241207136,0.4476568567331087,0.3796579408548201
25768,LOF,0.10549329581434934,0.06087859416353054,0.8336281100221201
25769,LOF,0.07221437959410415,0.0614012910754809,0.8663843293304149
25770,LOF,0.29783339771016265,0.09118612670012367,0.6109804755897137
25771,LOF,0.04285087030536204,0.04288110699951321,0.9142680226951247
25772,LOF,0.016439514223908203,0.03468215911410292,0.9488783266619888
25773,LOF,0.049174824519595886,0.07548910850768736,0.8753360669727167
25774,LOF,0.027574643055263186,0.07652279207085778,0.8959025648738791
25775,LOF,0.045048650285816894,0.04067266854964111,0.9142786811645419
25776,LOF,0.07052282350013385,0.024761165716827994,0.9047160107830382
25777,LOF,0.33703670188399587,0.05408267023811149,0.6088806278778925
25778,LOF,0.06847279444383059,0.04845052662013024,0.8830766789360391
25779,GOF,0.36168035767619555,0.5976447395390481,0.040674902784756356
25780,GOF,0.28267385809445766,0.6472003907607101,0.07012575114483234
25781,GOF,0.13289000662000058,0.7682582855553735,0.09885170782462602
25782,GOF,0.19889809321012003,0.7316561813548507,0.0694457254350293
25783,GOF,0.023684670817977684,0.6536237788676342,0.3226915503143882
25784,Neutral,0.4844110077403076,0.481831817755479,0.0337571745042135
25785,GOF,0.43114028315023734,0.5318169950296805,0.0370427218200822
25786,GOF,0.02666076498055211,0.7632845793768036,0.21005465564264428
25787,Neutral,0.6462197686460542,0.32938453729247014,0.02439569406147559
25788,LOF,0.04836102720811349,0.09728143911028712,0.8543575336815995
25789,GOF,0.1994787700717362,0.6748631842075201,0.1256580457207437
25790,GOF,0.20834111507240163,0.6937770505431599,0.09788183438443843
25791,GOF,0.14993910901986604,0.6816078653557102,0.16845302562442374
25792,GOF,0.3355263795604879,0.5425944141639988,0.1218792062755133
25793,GOF,0.2312780517754073,0.5720115468587255,0.1967104013658672
25794,GOF,0.2883901541541772,0.5514979402148442,0.1601119056309786
25795,GOF,0.07873117732751048,0.68643281549383,0.2348360071786596
25796,Neutral,0.5316433223628836,0.39548353275807835,0.0728731448790381
25797,GOF,0.08809131729348622,0.5587154247695847,0.3531932579369291
25798,GOF,0.009046416624827767,0.5362835511671318,0.4546700322080404
25799,LOF,0.007353556027190072,0.4246937459674683,0.5679526980053416
25800,GOF,0.03275859749659776,0.6344445421771167,0.3327968603262857
25801,GOF,0.19594853739470908,0.6836807374027721,0.1203707252025188
25802,GOF,0.07240914386955756,0.7150586772238483,0.2125321789065941
25803,GOF,0.03499379307618848,0.6107417450283846,0.354264461895427
25804,GOF,0.03186707178915217,0.5056964553971327,0.4624364728137152
25805,GOF,0.09129931006129331,0.6053345632482641,0.3033661266904425
25806,GOF,0.09450878945593551,0.610725881873371,0.2947653286706935
25807,GOF,0.019863991293812916,0.6288062450527607,0.3513297636534263
25808,GOF,0.08180619979688968,0.655699330064736,0.26249447013837424
25809,GOF,0.016518334636131986,0.6110418188939962,0.37243984646987177
25810,GOF,0.01598992951093853,0.6329455429453869,0.3510645275436747
25811,GOF,0.4376295249924113,0.48711092427706,0.0752595507305286
25812,GOF,0.033112605152728174,0.6711380870388909,0.2957493078083811
25813,Neutral,0.49347694139209836,0.4165455017073302,0.08997755690057141
25814,GOF,0.11454919598257832,0.6576474172097876,0.2278033868076341
25815,GOF,0.1905056929543835,0.6377096250219842,0.17178468202363223
25816,GOF,0.021248246606436434,0.7153992520137775,0.2633525013797861
25817,GOF,0.23492884069924322,0.6418449315412501,0.12322622775950676
25818,GOF,0.05384528813776522,0.6893645815596423,0.25679013030259246
25819,GOF,0.3674502321537626,0.5016229662603414,0.13092680158589604
25820,GOF,0.1886855543066935,0.6011715722559402,0.21014287343736643
25821,GOF,0.061385259486248775,0.671733488129075,0.26688125238467636
25822,GOF,0.2161076402313146,0.5678452731816769,0.21604708658700866
25823,GOF,0.0348049045626847,0.5424362684719534,0.42275882696536193
25824,GOF,0.09194062345646661,0.6112339131127337,0.29682546343079963
25825,GOF,0.035449713967563475,0.6150286925446122,0.34952159348782436
25826,GOF,0.015651257578747347,0.5888289395129256,0.39551980290832706
25827,GOF,0.023582738965834474,0.6034886587350428,0.37292860229912267
25828,GOF,0.013011183409883387,0.5288311450596321,0.4581576715304846
25829,GOF,0.0056194392702464775,0.5748329439707591,0.4195476167589945
25830,LOF,0.03525680964814303,0.2740551950478752,0.6906879953039818
25831,GOF,0.2240634024081177,0.6526558775872656,0.12328072000461661
25832,GOF,0.03077518966370488,0.7400791781363258,0.2291456321999692
25833,GOF,0.11504066253055151,0.7402053221082993,0.14475401536114907
25834,GOF,0.030323792787391585,0.749461066873068,0.22021514033954032
25835,GOF,0.06832428907776218,0.7851187535754698,0.1465569573467681
25836,GOF,0.03314000848162638,0.7203440070727755,0.2465159844455982
25837,GOF,0.024882694214031054,0.6289512141562513,0.34616609162971756
25838,GOF,0.08808052118463813,0.7793403400624984,0.1325791387528635
25839,GOF,0.2690997817240331,0.6028403878435501,0.12805983043241684
25840,GOF,0.23896270002883235,0.6227577027350251,0.13827959723614264
25841,GOF,0.2257875024578556,0.646880829503877,0.12733166803826737
25842,GOF,0.13534272575020606,0.7480027547572413,0.11665451949255264
25843,GOF,0.20505024039444086,0.7124928130462816,0.08245694655927753
25844,GOF,0.06056613894031679,0.7411296867902947,0.1983041742693886
25845,GOF,0.015415172341828506,0.5232735263601029,0.46131130129806863
25846,GOF,0.13397317177458068,0.7218455282351445,0.14418129999027485
25847,GOF,0.09568460429296219,0.8034369957620575,0.1008783999449803
25848,GOF,0.04072183767149387,0.7178035306139247,0.24147463171458142
25849,GOF,0.011215043663100898,0.612121545690338,0.376663410646561
25850,GOF,0.019301731420315583,0.6671447257467454,0.3135535428329389
25851,GOF,0.016819090146160773,0.5414890483584718,0.44169186149536754
25852,GOF,0.14707988228543706,0.567955667127815,0.2849644505867478
25853,GOF,0.33211036383644643,0.5961668920539708,0.0717227441095829
25854,GOF,0.021160071622293167,0.6460405766298986,0.3327993517478084
25855,GOF,0.036223590081604806,0.5752922244910318,0.38848418542736335
25856,GOF,0.23754086131023358,0.5601352155935506,0.20232392309621583
25857,GOF,0.03773726444690546,0.5196500165695284,0.4426127189835662
25858,GOF,0.021080505522175472,0.5599774507927792,0.4189420436850453
25859,GOF,0.010426812624953421,0.5280690571948996,0.46150413018014697
25860,GOF,0.35359362002703226,0.5644120169682019,0.08199436300476591
25861,GOF,0.4070568290796482,0.5266165770151875,0.06632659390516428
25862,GOF,0.08768467850917619,0.7876784729507812,0.1246368485400426
25863,GOF,0.08348598752655151,0.7856638174215106,0.13085019505193804
25864,GOF,0.1958958765591541,0.7379737875601475,0.06613033588069842
25865,GOF,0.0900025718409111,0.800800733114473,0.10919669504461599
25866,GOF,0.05792144064059237,0.7981108263583796,0.14396773300102805
25867,GOF,0.08683302360128592,0.8130968792615956,0.10007009713711852
25868,GOF,0.22529017895628656,0.6761826648591616,0.0985271561845519
25869,Neutral,0.7204235209846732,0.2355127495808839,0.04406372943444287
25870,GOF,0.26388314017748143,0.4122715510785818,0.32384530874393674
25871,GOF,0.19648901621566398,0.6726402305038397,0.13087075328049644
25872,GOF,0.07544184604630481,0.6686346544593746,0.25592349949432047
25873,GOF,0.10209935386257252,0.7001815339750805,0.19771911216234694
25874,LOF,0.015241307609509612,0.11118305668195343,0.8735756357085369
25875,LOF,0.08737546843201931,0.05046951826160696,0.8621550133063738
25876,LOF,0.037083960835404293,0.030919112400845987,0.9319969267637497
25877,Neutral,0.48684625662328374,0.04828766524794045,0.46486607812877595
25878,LOF,0.19793271755802286,0.1027489261025059,0.6993183563394711
25879,LOF,0.08856738043730979,0.10963576544198879,0.8017968541207013
25880,LOF,0.040769708035056716,0.016312345761807744,0.9429179462031355
25881,LOF,0.16792886951897926,0.11879105194760327,0.7132800785334176
25882,LOF,0.06374189992840916,0.01764835623058804,0.9186097438410029
25883,LOF,0.06459027814468829,0.020402213887859472,0.9150075079674523
25884,LOF,0.0311948977234139,0.03143842298374027,0.9373666792928459
25885,LOF,0.05759953381440889,0.013437812847632982,0.9289626533379581
25886,LOF,0.2472275934371253,0.03983368452800361,0.7129387220348711
25887,LOF,0.1436482956671815,0.07273549277212496,0.7836162115606935
25888,LOF,0.06790094051195335,0.06378842974152672,0.8683106297465201
25889,LOF,0.039557129409705495,0.02169099047723664,0.9387518801130579
25890,LOF,0.047245332639907225,0.1567513168784537,0.7960033504816392
25891,LOF,0.039012919690758784,0.05525926713117499,0.9057278131780662
25892,LOF,0.08586640272644021,0.020684813920626585,0.8934487833529331
25893,LOF,0.2578035526532528,0.017640939842972676,0.7245555075037745
25894,LOF,0.1775730310814787,0.010558362958438414,0.8118686059600829
25895,LOF,0.19426140667701877,0.02109428999453808,0.784644303328443
25896,LOF,0.0521501331414009,0.019878552405615844,0.9279713144529832
25897,LOF,0.2686153086310673,0.011323327868766579,0.7200613635001661
25898,Neutral,0.713083406599888,0.010129932964945923,0.2767866604351661
25899,LOF,0.23803205352761986,0.019820784680086027,0.7421471617922941
25900,LOF,0.4474057918384311,0.012715701349700978,0.5398785068118679
25901,LOF,0.05455798373834691,0.01119664689284011,0.9342453693688131
25902,LOF,0.16191479076521842,0.012678225066740306,0.8254069841680414
25903,Neutral,0.6013125056593219,0.02522302668389132,0.3734644676567867
25904,LOF,0.3414320707701691,0.037277795307339115,0.6212901339224919
25905,LOF,0.024545704083017424,0.32043050062560563,0.655023795291377
25906,LOF,0.03218154067753407,0.0750462984521023,0.8927721608703637
25907,LOF,0.014420472627856094,0.3182475263137374,0.6673320010584065
25908,LOF,0.010605820847021845,0.24028971104948352,0.7491044681034946
25909,LOF,0.013531769556128153,0.1371808781163166,0.8492873523275553
25910,LOF,0.04979499780699839,0.14236884772533884,0.8078361544676629
25911,LOF,0.18416307338360954,0.02914662583011388,0.7866903007862766
25912,LOF,0.04914133762908303,0.05917086076185921,0.8916878016090577
25913,LOF,0.33752815257934443,0.02338587871883565,0.6390859687018199
25914,LOF,0.01860252980425987,0.06112613037471723,0.9202713398210229
25915,Neutral,0.569058391709853,0.16529353066273517,0.26564807762741194
25916,LOF,0.07559881530048543,0.2132551255773323,0.7111460591221822
25917,LOF,0.05992678010439905,0.04456972975484266,0.8955034901407584
25918,LOF,0.020500452263281194,0.03736697572118295,0.9421325720155359
25919,LOF,0.01738472483881939,0.03878996929874955,0.943825305862431
25920,GOF,0.11822994872633387,0.5463607478908955,0.33540930338277064
25921,LOF,0.021684519279078183,0.035289938949695905,0.9430255417712259
25922,LOF,0.031012136612124788,0.025785908810206964,0.9432019545776683
25923,LOF,0.44755986305024975,0.0368771252008161,0.5155630117489342
25924,LOF,0.033268961508982044,0.041054717637736014,0.925676320853282
25925,LOF,0.06463582149160363,0.03689533447277324,0.8984688440356232
25926,LOF,0.04717495540088398,0.0350629218299296,0.9177621227691865
25927,LOF,0.05048454180166398,0.1329146608708399,0.8166007973274961
25928,LOF,0.015816994090156463,0.04766545622774786,0.9365175496820958
25929,Neutral,0.5576174262041136,0.03980301582435701,0.4025795579715294
25930,LOF,0.06580028487602511,0.03306340621029288,0.9011363089136821
25931,LOF,0.02222476198620229,0.02978366891767887,0.9479915690961188
25932,LOF,0.026938174605567276,0.026090771851680968,0.9469710535427517
25933,LOF,0.03815330467034447,0.019830847822450884,0.9420158475072046
25934,LOF,0.024444594230718902,0.020976028429554462,0.9545793773397265
25935,LOF,0.05583256531966247,0.050668110074213665,0.8934993246061238
25936,LOF,0.043843316894327605,0.024389050068650393,0.9317676330370219
25937,LOF,0.02465730170366542,0.035490123992462534,0.939852574303872
25938,LOF,0.05583212909352795,0.05194270786523718,0.892225163041235
25939,LOF,0.03975759663888047,0.020499178484029608,0.9397432248770898
25940,LOF,0.03009492459020317,0.3473195144897203,0.6225855609200764
25941,LOF,0.1991394076197907,0.09560087291395138,0.705259719466258
25942,LOF,0.013497723143060632,0.03652972544465722,0.9499725514122822
25943,LOF,0.29935202237166275,0.052550663847643134,0.6480973137806941
25944,Neutral,0.5033304973580929,0.021246439245822202,0.4754230633960849
25945,LOF,0.07398678726612415,0.02453972810483935,0.9014734846290365
25946,LOF,0.03325629373562476,0.11624788845711503,0.8504958178072601
25947,LOF,0.10052372201141606,0.16832094505978304,0.7311553329288009
25948,LOF,0.3472558189362373,0.007878737285961201,0.6448654437778015
25949,LOF,0.11929987526999357,0.032668544661269144,0.8480315800687372
25950,LOF,0.30223277471433674,0.3465325251072187,0.3512347001784445
25951,LOF,0.19652294174722443,0.2564995663952324,0.5469774918575432
25952,LOF,0.03767723341406655,0.43453613261220064,0.5277866339737328
25953,LOF,0.14215631286071562,0.10162339372252473,0.7562202934167597
25954,Neutral,0.4372329434989818,0.1747376151976048,0.3880294413034133
25955,LOF,0.055628390102188376,0.08244332843971242,0.8619282814580992
25956,LOF,0.17225486246480243,0.11417982601090497,0.7135653115242926
25957,LOF,0.03952440399567659,0.0305307595842754,0.9299448364200481
25958,LOF,0.05639904333740956,0.030236110603886278,0.9133648460587042
25959,LOF,0.06884770477569249,0.36674642828348814,0.5644058669408194
25960,LOF,0.015619682426301284,0.051370982910173967,0.9330093346635246
25961,LOF,0.04211224051045478,0.030261075855582364,0.9276266836339628
25962,LOF,0.05169749231481618,0.023280312880544475,0.9250221948046394
25963,LOF,0.05374741162450044,0.19017853608953714,0.7560740522859624
25964,LOF,0.0334839852220503,0.13822376176831683,0.8282922530096328
25965,LOF,0.45316598480382847,0.06548416250904256,0.4813498526871289
25966,Neutral,0.5253514876655097,0.16975750829557398,0.30489100403891645
25967,LOF,0.016896608795740647,0.0976249816865913,0.8854784095176681
25968,LOF,0.03651040568244946,0.3935745062936517,0.5699150880238989
25969,LOF,0.03525445499463151,0.057185341333958445,0.9075602036714101
25970,LOF,0.05921804738306556,0.057689553482882606,0.8830923991340518
25971,LOF,0.06381975635485478,0.017747717356337213,0.9184325262888081
25972,LOF,0.06999726754614782,0.025736407978649838,0.9042663244752024
25973,LOF,0.08259397288516637,0.009471784152893485,0.9079342429619401
25974,LOF,0.20488759255587277,0.01646664693761734,0.7786457605065098
25975,LOF,0.04634145041526144,0.028617732990064274,0.9250408165946742
25976,LOF,0.04741602707356239,0.015279180285653044,0.9373047926407846
25977,LOF,0.1481079569360183,0.09072579298736026,0.7611662500766214
25978,LOF,0.1404454913892986,0.07047330050252203,0.7890812081081794
25979,LOF,0.13340086565251713,0.07141709946893654,0.7951820348785463
25980,LOF,0.23552376964552582,0.08189591942839392,0.6825803109260803
25981,LOF,0.273766425263945,0.07998810121183915,0.6462454735242159
25982,LOF,0.4069060007644979,0.06078259372584017,0.5323114055096619
25983,LOF,0.3890901927261298,0.06799193717580211,0.5429178700980681
25984,LOF,0.05180649173093208,0.04141403649315825,0.9067794717759097
25985,LOF,0.04085522601398731,0.2806389489668209,0.6785058250191918
25986,LOF,0.046351973667957444,0.30930428584488473,0.6443437404871578
25987,LOF,0.09239154320918151,0.06903546988286022,0.8385729869079581
25988,LOF,0.1607627180646125,0.056420984357865085,0.7828162975775225
25989,LOF,0.03664940595884531,0.11287579839598592,0.8504747956451688
25990,LOF,0.04286569828676424,0.12924239079072933,0.8278919109225064
25991,LOF,0.12062847448886166,0.2632202526580892,0.616151272853049
25992,LOF,0.2955068668839063,0.1537607949733241,0.5507323381427696
25993,LOF,0.022997987494410312,0.07121955750904863,0.9057824549965411
25994,LOF,0.016501891744806967,0.08983353013255034,0.8936645781226427
25995,LOF,0.02399112779492408,0.18975476299314495,0.786254109211931
25996,GOF,0.31851125557684673,0.4203361975443754,0.2611525468787779
25997,LOF,0.09087651901580127,0.384508674501168,0.5246148064830307
25998,Neutral,0.5289934033149872,0.02719097328153469,0.4438156234034781
25999,LOF,0.1041088169908569,0.08368303479741124,0.8122081482117318
26000,LOF,0.1521591791655818,0.05360629504373418,0.794234525790684
26001,LOF,0.17991765166992005,0.0513194092015566,0.7687629391285234
26002,LOF,0.13011163296413503,0.049520976468652465,0.8203673905672124
26003,GOF,0.01050543694572344,0.5687783392655026,0.420716223788774
26004,GOF,0.021508984103500103,0.6499142976528781,0.32857671824362183
26005,LOF,0.0070121860655542635,0.45157461584561326,0.5414131980888324
26006,Neutral,0.5084282142173681,0.24652140849626245,0.2450503772863696
26007,GOF,0.02085022392644627,0.5021643973812758,0.47698537869227803
26008,GOF,0.016738588990210367,0.5898858375624154,0.39337557344737417
26009,GOF,0.020442343419834398,0.6721070453757174,0.3074506112044481
26010,GOF,0.023483177112155754,0.6217496374156397,0.35476718547220454
26011,LOF,0.006585480562307214,0.40812986626981124,0.5852846531678815
26012,GOF,0.013563464263099194,0.5279161247556353,0.45852041098126545
26013,GOF,0.02131256643437964,0.5990826777012446,0.37960475586437575
26014,LOF,0.04280723207828168,0.11684507759369997,0.8403476903280184
26015,LOF,0.15622504859404698,0.01824461980966271,0.8255303315962903
26016,LOF,0.2062552384226243,0.061967677772720435,0.7317770838046553
26017,LOF,0.23761757394715433,0.0921046919753743,0.6702777340774714
26018,LOF,0.0808246653817111,0.04033183894564945,0.8788434956726394
26019,LOF,0.07832042105280183,0.031784406893706325,0.8898951720534918
26020,LOF,0.07026809877688668,0.1094158015034834,0.8203160997196299
26021,LOF,0.04920985994088965,0.11669566794552023,0.8340944721135901
26022,LOF,0.010415029073953665,0.04558850573034471,0.9439964651957017
26023,LOF,0.06644162468413273,0.025187010404770248,0.908371364911097
26024,LOF,0.029538971081972395,0.11995271110480152,0.850508317813226
26025,LOF,0.15356035331807086,0.09189325054631554,0.7545463961356137
26026,LOF,0.33698396298423816,0.02973393601842163,0.6332821009973402
26027,LOF,0.06113188226359812,0.01976453319174077,0.9191035845446612
26028,LOF,0.1665189565750803,0.05953939141623752,0.7739416520086821
26029,LOF,0.06066109175726567,0.188031277828429,0.7513076304143054
26030,LOF,0.01962527590240847,0.05489169957896041,0.9254830245186312
26031,LOF,0.02298736577744078,0.13675600017786912,0.84025663404469
26032,LOF,0.0643282909397696,0.08152552158213723,0.8541461874780931
26033,LOF,0.08522174799282825,0.08071278233055723,0.8340654696766145
26034,LOF,0.03877978925936787,0.15782871561674933,0.8033914951238827
26035,LOF,0.02251248792122974,0.15652067700235006,0.8209668350764202
26036,LOF,0.03466435538385652,0.17082369089357785,0.7945119537225656
26037,LOF,0.01949891011270602,0.12349009759058577,0.8570109922967082
26038,LOF,0.05985254168407248,0.08388667408306069,0.8562607842328669
26039,LOF,0.0480087717174041,0.15302129966977238,0.7989699286128236
26040,LOF,0.19911458108403662,0.1310305962384046,0.6698548226775589
26041,LOF,0.019433430918848003,0.12004536571008208,0.86052120337107
26042,LOF,0.017717978301335913,0.11115079831391099,0.8711312233847531
26043,LOF,0.06037789649025614,0.09744841292070708,0.8421736905890368
26044,LOF,0.017629902072571327,0.0692595303924475,0.9131105675349811
26045,LOF,0.06365465771959193,0.10343937056401167,0.8329059717163965
26046,LOF,0.055316486638148345,0.08121521970377894,0.8634682936580728
26047,LOF,0.07241004552566667,0.08373758809166074,0.8438523663826726
26048,LOF,0.04282105623336637,0.04375185777752509,0.9134270859891085
26049,Neutral,0.9655810982593108,0.006987309663762505,0.0274315920769266
26050,Neutral,0.9510985061157239,0.009071816049817147,0.03982967783445906
26051,LOF,0.04794375324085095,0.24106893355340328,0.7109873132057457
26052,LOF,0.06374018040964147,0.2910560850332489,0.6452037345571097
26053,LOF,0.05706998074088578,0.13441404638356433,0.80851597287555
26054,LOF,0.051043069828426824,0.017607396919398634,0.9313495332521745
26055,LOF,0.07420331439285772,0.015426432885755615,0.9103702527213867
26056,LOF,0.05974130331446404,0.01711160011862543,0.9231470965669105
26057,LOF,0.02892591005328257,0.012408813112852989,0.9586652768338644
26058,LOF,0.029910957028409364,0.010180475780454503,0.959908567191136
26059,LOF,0.29389101388898936,0.020864417489781,0.6852445686212296
26060,LOF,0.03903937116064619,0.1808457252212581,0.7801149036180957
26061,LOF,0.017828631793190428,0.011157531290038315,0.9710138369167713
26062,LOF,0.010440997865481156,0.017383363666362638,0.9721756384681561
26063,LOF,0.02096606487783477,0.01182193752521824,0.9672119975969471
26064,LOF,0.021389070112385,0.022452576173584534,0.9561583537140304
26065,LOF,0.02485738232175176,0.011495300542126066,0.9636473171361223
26066,LOF,0.021144083806175613,0.011435329272270303,0.9674205869215542
26067,LOF,0.027078612032043717,0.009053253837166372,0.96386813413079
26068,LOF,0.04343639920455686,0.027933431687873583,0.9286301691075695
26069,LOF,0.25621072872969314,0.018325918524392002,0.7254633527459149
26070,LOF,0.4215834329685574,0.015702791032434216,0.5627137759990084
26071,LOF,0.020408625239219942,0.013105101194356854,0.9664862735664232
26072,LOF,0.01973762393714379,0.018158142597967733,0.9621042334648885
26073,LOF,0.020423760922853137,0.010918107275417402,0.9686581318017295
26074,Neutral,0.9135024750727047,0.005854225083234434,0.0806432998440609
26075,LOF,0.04393203176826286,0.014569278541442932,0.9414986896902942
26076,LOF,0.03929164473404055,0.009390688994795587,0.951317666271164
26077,LOF,0.009301070081945147,0.016077901943526266,0.9746210279745287
26078,LOF,0.013084470816356697,0.011768541526222724,0.9751469876574207
26079,LOF,0.058574877233232965,0.01646946320455479,0.9249556595622123
26080,LOF,0.05746798856622846,0.016488827317251497,0.92604318411652
26081,LOF,0.03589633927825526,0.006399197606647303,0.9577044631150975
26082,LOF,0.013157324057331807,0.017452370515080504,0.9693903054275878
26083,LOF,0.17725961500666826,0.01488838392680735,0.8078520010665243
26084,LOF,0.04114377110136363,0.011612243705955459,0.9472439851926809
26085,LOF,0.037827407070711555,0.0110632002971021,0.9511093926321863
26086,LOF,0.02010213328718262,0.011325013194147495,0.9685728535186698
26087,LOF,0.024765939231801565,0.008615955045917743,0.9666181057222807
26088,LOF,0.015369641432450868,0.022737674878963245,0.9618926836885859
26089,LOF,0.040890637684331606,0.02092437766337718,0.9381849846522912
26090,LOF,0.040020192968857705,0.017024869995166267,0.9429549370359761
26091,LOF,0.03336664407461625,0.006406707627697194,0.9602266482976864
26092,LOF,0.022119917406774534,0.007915559342226748,0.9699645232509988
26093,LOF,0.03352120116254128,0.005951293620437105,0.9605275052170216
26094,LOF,0.03478180927814556,0.005866025632357075,0.9593521650894973
26095,LOF,0.040464795789305605,0.013872928168926126,0.9456622760417683
26096,LOF,0.017512172797876847,0.012145516458160194,0.9703423107439629
26097,LOF,0.011462738459176848,0.03508569394731095,0.9534515675935122
26098,LOF,0.0814225376195109,0.01085193964676438,0.9077255227337246
26099,LOF,0.020927402453539665,0.012372928277232433,0.966699669269228
26100,LOF,0.02295741649076168,0.012177617842139606,0.9648649656670987
26101,LOF,0.04842955331053613,0.016382809456225524,0.9351876372332384
26102,LOF,0.020886164860771293,0.01360254646506083,0.9655112886741679
26103,Neutral,0.879519861732449,0.019707513768109693,0.10077262449944134
26104,LOF,0.08114926314373498,0.023810982254814563,0.8950397546014506
26105,LOF,0.20918647523261602,0.2486127879750119,0.5422007367923721
26106,LOF,0.16601605796450838,0.10470789439874703,0.7292760476367446
26107,LOF,0.2164500488619122,0.07344550169900346,0.7101044494390842
26108,LOF,0.23907797455242674,0.09241492461890292,0.6685071008286704
26109,LOF,0.10190239943843582,0.053461053205705864,0.8446365473558584
26110,LOF,0.20469628683198762,0.007538231138370821,0.7877654820296416
26111,Neutral,0.5125633032339291,0.031098940237794654,0.45633775652827624
26112,LOF,0.03279529251021366,0.007406317079922779,0.9597983904098636
26113,LOF,0.06740022907166619,0.01789129872118108,0.9147084722071528
26114,LOF,0.025636879297780236,0.03047930979789538,0.9438838109043244
26115,LOF,0.08556080025042703,0.05705793892470234,0.8573812608248707
26116,LOF,0.06605804406682571,0.06037974774314268,0.8735622081900316
26117,LOF,0.45412807474954614,0.039267033014220444,0.5066048922362335
26118,LOF,0.03262725615056483,0.025135776320067277,0.9422369675293679
26119,LOF,0.0230158428286944,0.043788743612077324,0.9331954135592283
26120,LOF,0.027600150247705138,0.020268576111472338,0.9521312736408226
26121,LOF,0.04547225488035663,0.08586592122405463,0.8686618238955887
