feature0,prediction,LoGoFunc_Neutral,LoGoFunc_GOF,LoGoFunc_LOF
25546,Neutral,0.590174582278885,0.049928688251344895,0.35989672946977014
25547,LOF,0.4555373036071572,0.08784367255229934,0.4566190238405435
25548,Neutral,0.4738120160359816,0.07307105806438516,0.4531169258996331
25549,LOF,0.4153807504872294,0.07470739752396667,0.509911851988804
25550,LOF,0.3683609976492646,0.10542270380615339,0.526216298544582
25551,LOF,0.31541098217810437,0.11528642509113299,0.5693025927307627
25552,LOF,0.2665819000677876,0.11559447548929958,0.6178236244429129
25553,Neutral,0.7948376009961842,0.04310871138524906,0.16205368761856662
25554,LOF,0.3176288299386989,0.1026193793215263,0.5797517907397748
25555,LOF,0.26499885677287716,0.09780208685150112,0.6371990563756217
25556,LOF,0.4365859181392321,0.0897888001616384,0.4736252816991295
25557,LOF,0.2519026220235278,0.10340544212912438,0.6446919358473479
25558,LOF,0.31424828987069664,0.10044520276533717,0.5853065073639662
25559,LOF,0.22997831048609954,0.1533220310198052,0.6166996584940952
25560,LOF,0.16711592510800613,0.1278955932620579,0.7049884816299359
25561,LOF,0.16176155890333288,0.1408577766692577,0.6973806644274095
25562,LOF,0.07272631197792713,0.08123989023976845,0.8460337977823044
25563,LOF,0.025801383873924624,0.14527318197332495,0.8289254341527504
25564,LOF,0.20704980547673013,0.13401712953526734,0.6589330649880025
25565,LOF,0.22431341446418063,0.1465030439232457,0.6291835416125737
25566,GOF,0.08592554125645778,0.6864163109906529,0.2276581477528893
25567,LOF,0.042364795343709946,0.18107877966855151,0.7765564249877386
25568,LOF,0.05916589251303186,0.09436569589526243,0.8464684115917058
25569,LOF,0.05653468088626085,0.09893626682347613,0.844529052290263
25570,LOF,0.026995376727118586,0.11347531782327942,0.859529305449602
25571,LOF,0.02667444018298432,0.11855185605825118,0.8547737037587644
25572,LOF,0.06299647876204306,0.14203335200657546,0.7949701692313814
25573,LOF,0.057213712356395004,0.11998365164134536,0.8228026360022596
25574,LOF,0.05661556880891673,0.24482398801381883,0.6985604431772644
25575,LOF,0.02226541650996979,0.13309279371692037,0.8446417897731098
25576,LOF,0.027471859938892222,0.18140054308464879,0.791127596976459
25577,LOF,0.0318637940538154,0.13169871922163726,0.8364374867245474
25578,LOF,0.296998196013723,0.10966958311272651,0.5933322208735505
25579,LOF,0.14025416362944093,0.11465493926110171,0.7450908971094573
25580,LOF,0.01979150156786525,0.09537574472364653,0.8848327537084882
25581,LOF,0.05140666847556544,0.09100810042849924,0.8575852310959353
25582,LOF,0.05118885370128104,0.08904643834947101,0.859764707949248
25583,LOF,0.02167917729542391,0.0964298243231085,0.8818909983814677
25584,Neutral,0.6909468228734728,0.130799317522441,0.17825385960408616
25585,LOF,0.020331548150024525,0.18027414283233548,0.79939430901764
25586,LOF,0.016807456507047642,0.08324549795890908,0.8999470455340433
25587,LOF,0.016557136561666467,0.07601198522439402,0.9074308782139396
25588,LOF,0.02001439311663457,0.08417444935500079,0.8958111575283647
25589,Neutral,0.5020068367005535,0.2502721446949221,0.2477210186045244
25590,LOF,0.04308041814269402,0.1461854245537025,0.8107341573036034
25591,LOF,0.09428031589670982,0.07849684964309639,0.8272228344601938
25592,LOF,0.05789874436001208,0.16599283780348756,0.7761084178365004
25593,LOF,0.11205607237574976,0.3003574160568678,0.5875865115673825
25594,LOF,0.047500396263654675,0.07340939767399686,0.8790902060623484
25595,LOF,0.04638943047317466,0.05030947484479982,0.9033010946820256
25596,LOF,0.1000028233969567,0.022472106436991796,0.8775250701660514
25597,LOF,0.08448955450720791,0.030723893263472513,0.8847865522293196
25598,LOF,0.046487764339292185,0.052992844772262605,0.9005193908884451
25599,LOF,0.019024003339372555,0.47803766621349747,0.50293833044713
25600,GOF,0.15574844845819416,0.5150318036698773,0.3292197478719286
25601,LOF,0.03572799016832521,0.39315386072349956,0.5711181491081752
25602,LOF,0.034194461292763295,0.05587916760178106,0.9099263711054557
25603,LOF,0.03484751620495416,0.036909115350938104,0.9282433684441077
25604,LOF,0.03616238579747322,0.07330167573983606,0.8905359384626907
25605,LOF,0.03415592563273693,0.19700588557342244,0.7688381887938407
25606,LOF,0.409270883955629,0.12612657342822553,0.46460254261614553
25607,LOF,0.028915612812109793,0.18533525178830665,0.7857491353995836
25608,LOF,0.042210927846164065,0.07267913932975834,0.8851099328240776
25609,GOF,0.13654699592197064,0.5246066963436695,0.3388463077343597
25610,LOF,0.015513510192812677,0.03616624767695563,0.9483202421302317
25611,LOF,0.013815113389123437,0.03559266649730998,0.9505922201135666
25612,LOF,0.04441428119530556,0.058107333518786275,0.8974783852859081
25613,LOF,0.04424676953783102,0.055870442139177794,0.8998827883229912
25614,LOF,0.022299188203696873,0.0332270435997657,0.9444737681965375
25615,LOF,0.04560172282259772,0.049699526804238496,0.9046987503731637
25616,LOF,0.04871031190062967,0.03460331001253959,0.9166863780868307
25617,LOF,0.044074361232130065,0.044734080061834325,0.9111915587060355
25618,LOF,0.045742676351981405,0.04504712122837112,0.9092102024196475
25619,LOF,0.01328036642082453,0.04524592438890975,0.9414737091902657
25620,LOF,0.06107469771999998,0.05181531987670455,0.8871099824032954
25621,LOF,0.06473062486204886,0.045030753277537305,0.8902386218604139
25622,LOF,0.06564028258264716,0.043055453334747605,0.8913042640826053
25623,LOF,0.06995882399185444,0.0382735869138047,0.891767589094341
25624,LOF,0.018492502348337925,0.04501400112604422,0.9364934965256178
25625,LOF,0.06481089500326974,0.04093243681638961,0.8942566681803407
25626,LOF,0.04576551474969978,0.054644350150624355,0.8995901350996758
25627,Neutral,0.8942797781858731,0.021075037810036855,0.08464518400409002
25628,LOF,0.14577796163218273,0.06412071950126294,0.7901013188665543
25629,LOF,0.06060792828885459,0.053410658954843176,0.8859814127563022
25630,LOF,0.2782968079687507,0.07928181771074892,0.6424213743205004
25631,Neutral,0.5395849466193425,0.07564597671070816,0.38476907666994925
25632,LOF,0.026151000262956563,0.07203785578772198,0.9018111439493215
25633,LOF,0.16228439641143916,0.03875440018153801,0.7989612034070228
25634,LOF,0.0329176451938279,0.08820005036574664,0.8788823044404255
25635,LOF,0.034700287151353267,0.040544169362644565,0.9247555434860021
25636,LOF,0.03535475226726758,0.45630005859742795,0.5083451891353045
25637,GOF,0.0675613905949746,0.5168470065025281,0.41559160290249736
25638,LOF,0.030087053860493037,0.38971940364855934,0.5801935424909477
25639,LOF,0.030258021701717472,0.3891585772311228,0.5805834010671597
25640,Neutral,0.7677102508742428,0.18281095060291153,0.04947879852284564
25641,GOF,0.06734012841425067,0.5001167238732848,0.43254314771246444
25642,LOF,0.05888326949038323,0.18603379434561293,0.7550829361640038
25643,LOF,0.2080401621166506,0.16231494812951203,0.6296448897538374
25644,LOF,0.023030353194153794,0.4742000337413356,0.5027696130645106
25645,LOF,0.024390734317969016,0.445477275149062,0.530131990532969
25646,LOF,0.061822151596501305,0.3423659861770038,0.5958118622264948
25647,LOF,0.026193693170631818,0.29329805988886537,0.6805082469405027
25648,LOF,0.029441708953430738,0.2787960731779609,0.6917622178686083
25649,LOF,0.016396116982496024,0.25793318962666106,0.7256706933908429
25650,LOF,0.0486988896542197,0.42693292246166725,0.524368187884113
25651,LOF,0.018488401355430836,0.29037252516832945,0.6911390734762397
25652,LOF,0.0324379694096871,0.2821260978020206,0.6854359327882923
25653,LOF,0.08093687325490334,0.4431573567196631,0.4759057700254335
25654,LOF,0.020308088951686138,0.25081837317598,0.7288735378723339
25655,GOF,0.20640098364520235,0.4475217356382724,0.34607728071652516
25656,LOF,0.3448681326302316,0.0835812241242987,0.5715506432454698
25657,LOF,0.058626665188615944,0.07819971379044785,0.8631736210209361
25658,LOF,0.3932035581150777,0.08061774894258868,0.5261786929423337
25659,Neutral,0.49126510129524803,0.12630546632811618,0.3824294323766358
25660,LOF,0.02196139759221326,0.09297677516901946,0.8850618272387671
25661,LOF,0.09256224879713613,0.06120085776074865,0.8462368934421152
25662,LOF,0.03443837149269835,0.034998310056965645,0.9305633184503359
25663,LOF,0.042911308616938114,0.045774230930261756,0.9113144604528001
25664,LOF,0.14237823234840205,0.06957065828052306,0.7880511093710749
25665,LOF,0.05827938415987191,0.03286890774914792,0.90885170809098
25666,LOF,0.09744790879807189,0.06435285417849944,0.8381992370234286
25667,LOF,0.06954478500347208,0.04227906905007935,0.8881761459464486
25668,LOF,0.0364324818790019,0.05117732364147379,0.9123901944795243
25669,LOF,0.030771053003498312,0.04953718527239474,0.9196917617241068
25670,LOF,0.14478425948814572,0.0651975513927292,0.7900181891191251
25671,LOF,0.11545119845129025,0.03532281640735045,0.8492259851413594
25672,LOF,0.053161917503559294,0.04546812015190232,0.9013699623445384
25673,LOF,0.0746998578129359,0.05093729592573801,0.874362846261326
25674,LOF,0.06389085750220867,0.06040145660238638,0.8757076858954049
25675,LOF,0.11040737470069772,0.06015043733233743,0.8294421879669649
25676,LOF,0.01919047028997611,0.05458022071481179,0.9262293089952122
25677,LOF,0.02451869801204889,0.07154633459226002,0.9039349673956911
25678,LOF,0.20109127729697887,0.06791478879875625,0.7309939339042648
25679,LOF,0.11970398952451887,0.08777086685550237,0.7925251436199788
25680,LOF,0.03408661890706585,0.11709304520237018,0.8488203358905639
25681,LOF,0.048626951032665795,0.1108434161240819,0.8405296328432523
25682,LOF,0.1400407891838006,0.07728090694068375,0.7826783038755157
25683,LOF,0.12054090842369024,0.09559538667458191,0.7838637049017279
25684,LOF,0.04003384234593492,0.07076303685615942,0.8892031207979056
25685,LOF,0.12921649933964893,0.05629625614091573,0.8144872445194352
25686,LOF,0.07563460201657805,0.09276562019180179,0.8315997777916202
25687,LOF,0.11061727526883401,0.09786468144331198,0.7915180432878539
25688,LOF,0.35197660964325744,0.033180316246864926,0.6148430741098776
25689,LOF,0.2651557886855197,0.03856302591185946,0.6962811854026209
25690,LOF,0.35952227798747277,0.029873327907071784,0.6106043941054555
25691,Neutral,0.712421898792842,0.023524165631375837,0.26405393557578205
25692,LOF,0.3306149940540184,0.00999429564717246,0.6593907102988091
25693,LOF,0.04273237784332285,0.3924131046689739,0.5648545174877032
25694,LOF,0.12226525288272899,0.017067614679477473,0.8606671324377936
25695,LOF,0.12065202304447907,0.014256568168345076,0.8650914087871759
25696,LOF,0.12036780060029115,0.009492609989740096,0.8701395894099687
25697,LOF,0.09697563473693864,0.044432148130372384,0.858592217132689
25698,LOF,0.35483988223674967,0.17458371706587444,0.47057640069737583
25699,Neutral,0.5219727566489999,0.03812591240168764,0.43990133094931255
25700,LOF,0.0829940530630926,0.007949303747990214,0.9090566431889172
25701,LOF,0.1868036875690259,0.0525947223029819,0.7606015901279922
25702,GOF,0.16351933268532676,0.5978430774443898,0.23863758987028344
25703,LOF,0.015580597265268005,0.1459706851618318,0.8384487175729003
25704,LOF,0.03612867323406874,0.10062512203214645,0.8632462047337848
25705,LOF,0.049627549492721364,0.1604711730379115,0.7899012774693671
25706,LOF,0.09121611669299014,0.42418381094198293,0.48460007236502695
25707,LOF,0.08218455492470335,0.3586818013036708,0.5591336437716258
25708,LOF,0.0369610549676333,0.3394231656606484,0.6236157793717182
25709,LOF,0.06693131148007657,0.04525235852798863,0.8878163299919347
25710,LOF,0.011398683296123535,0.1627374346809524,0.825863882022924
25711,LOF,0.02165705130829796,0.0898602916992163,0.8884826569924856
25712,LOF,0.01395173382367766,0.1990489564880322,0.7869993096882901
25713,LOF,0.019609845500943735,0.0813654208944707,0.8990247336045856
25714,LOF,0.07713476742616156,0.08575244544216691,0.8371127871316716
25715,LOF,0.011806329393953598,0.14166297552366622,0.8465306950823802
25716,LOF,0.010696765552088466,0.13153307137574713,0.8577701630721644
25717,LOF,0.015143609464140726,0.07994348475210329,0.9049129057837559
25718,LOF,0.011695318056805211,0.10078611399249368,0.8875185679507012
25719,LOF,0.018968246299152444,0.08405315421723593,0.8969785994836116
25720,LOF,0.02410502317594076,0.06808746705390498,0.9078075097701542
25721,LOF,0.013119111476267471,0.12812657423094026,0.8587543142927923
25722,LOF,0.014169861630109309,0.13707925585559258,0.8487508825142981
25723,LOF,0.022919250718874525,0.049323956059979114,0.9277567932211463
25724,LOF,0.030918527512993444,0.0811857650367675,0.8878957074502392
25725,LOF,0.011728350289416437,0.07284139858055182,0.9154302511300317
25726,LOF,0.01588393397491422,0.11477642455245084,0.8693396414726349
25727,LOF,0.01208231946777591,0.08386122298977874,0.9040564575424455
25728,LOF,0.010496291438713749,0.11536992083734789,0.8741337877239385
25729,LOF,0.010751017207747435,0.11768215054837651,0.8715668322438761
25730,LOF,0.014093898560220204,0.09918943849426518,0.8867166629455147
25731,LOF,0.01918112646282441,0.10677738811982561,0.87404148541735
25732,LOF,0.014484384828721216,0.08190704498145633,0.9036085701898224
25733,LOF,0.015698216464950825,0.07630570231009486,0.9079960812249543
25734,LOF,0.010308086138074194,0.12180437953882274,0.8678875343231031
25735,LOF,0.012306569276358521,0.0901615887011708,0.8975318420224706
25736,LOF,0.013398884349603858,0.1077757092843633,0.8788254063660329
25737,LOF,0.013035747413824732,0.07917069891453338,0.9077935536716419
25738,LOF,0.012326866822363199,0.11971750240575572,0.8679556307718811
25739,LOF,0.021760875464769524,0.08797568307883168,0.8902634414563988
25740,LOF,0.027526531121227868,0.12966427841800995,0.8428091904607621
25741,LOF,0.01550819991804188,0.13054802037498583,0.8539437797069722
25742,LOF,0.13105195615839257,0.08575060232539639,0.783197441516211
25743,LOF,0.03823115763721891,0.03669900294360234,0.9250698394191788
25744,Neutral,0.5607210041526974,0.2276217816557286,0.211657214191574
25745,LOF,0.06287029721267204,0.060098270364786655,0.8770314324225412
25746,LOF,0.04392990756232616,0.07748201426483471,0.8785880781728391
25747,LOF,0.02115899065790537,0.05616475365043746,0.9226762556916572
25748,LOF,0.09316853342548663,0.07901752726188035,0.8278139393126331
25749,LOF,0.02763875278315088,0.07388612913548269,0.8984751180813664
25750,LOF,0.08567312560088915,0.08118431370476878,0.833142560694342
25751,LOF,0.08618896948377576,0.11138464822270767,0.8024263822935166
25752,GOF,0.11762951988224998,0.607423386031498,0.27494709408625195
25753,LOF,0.021885792356283035,0.25231251539458877,0.7258016922491282
25754,GOF,0.013373767988148108,0.7955547906988462,0.19107144131300582
25755,LOF,0.026007127697411467,0.35208358419648034,0.6219092881061082
25756,LOF,0.04824430348663225,0.3468989329878627,0.604856763525505
25757,GOF,0.017610071782048757,0.8284950352050853,0.15389489301286605
25758,GOF,0.02792766266929783,0.800675236050676,0.17139710128002622
25759,GOF,0.011187543871886042,0.5903606590143812,0.39845179711373274
25760,LOF,0.013083138239409601,0.24286959837575217,0.7440472633848382
25761,GOF,0.27848468376198177,0.6277949652493057,0.09372035098871265
25762,LOF,0.04427121748523466,0.2548430307699924,0.7008857517447729
25763,LOF,0.013973234426573297,0.18753333077577747,0.7984934347976492
25764,GOF,0.08306585256049946,0.6300767732079969,0.28685737423150354
25765,GOF,0.03565217746289658,0.7164542632082628,0.24789355932884075
25766,GOF,0.05601857136368826,0.7424059266090912,0.2015755020272204
25767,GOF,0.1445736781266563,0.5816270103945527,0.2737993114787909
25768,LOF,0.10224371278694941,0.06633845499708155,0.831417832215969
25769,LOF,0.061142432719847296,0.0636272740968167,0.8752302931833361
25770,LOF,0.32342380690918415,0.09844616196341731,0.5781300311273986
25771,LOF,0.04953188060435809,0.04829831296840251,0.9021698064272394
25772,LOF,0.020073662062849513,0.04598409041846241,0.933942247518688
25773,LOF,0.04482952298712361,0.09754253680669515,0.8576279402061812
25774,LOF,0.0286706719617524,0.0821892192514201,0.8891401087868276
25775,LOF,0.05065580545218756,0.04836433060474245,0.90097986394307
25776,LOF,0.08669777241796398,0.0256775168264376,0.8876247107555983
25777,LOF,0.35551997379967776,0.061772662173037514,0.5827073640272846
25778,LOF,0.07664408893806432,0.04707928883470393,0.8762766222272317
25779,GOF,0.3415465450191785,0.6172470494715719,0.04120640550924963
25780,GOF,0.30978238945030634,0.617938853437778,0.07227875711191571
25781,GOF,0.10467770469333251,0.789790021415969,0.10553227389069854
25782,GOF,0.1713886306397629,0.7375388473718139,0.09107252198842317
25783,GOF,0.01995076563281336,0.6436353288113882,0.3364139055557984
25784,GOF,0.468507333000323,0.4907132820719196,0.040779384927757414
25785,GOF,0.449004312283836,0.514335019709089,0.03666066800707499
25786,GOF,0.026250426342480072,0.7690351145254347,0.20471445913208516
25787,Neutral,0.6283963799058981,0.3467279113848217,0.024875708709280152
25788,LOF,0.0591684988922418,0.11477895514638127,0.8260525459613769
25789,GOF,0.19439225936674537,0.6702332105221234,0.13537453011113124
25790,GOF,0.18856474125036213,0.7050609574551456,0.10637430129449223
25791,GOF,0.15895526472095076,0.68783225124265,0.15321248403639912
25792,GOF,0.34219954685600645,0.5387558603845406,0.11904459275945296
25793,GOF,0.23745452758481037,0.5484215777483101,0.21412389466687953
25794,GOF,0.30305319143278386,0.5495657916084715,0.1473810169587445
25795,GOF,0.06832200384073558,0.678762392800498,0.25291560335876645
25796,Neutral,0.5345530495979348,0.39283741820637647,0.07260953219568876
25797,GOF,0.08733094861734533,0.5482077643694222,0.36446128701323255
25798,GOF,0.010070934587940013,0.547376096842215,0.44255296856984505
25799,LOF,0.007579998530054428,0.4356857453641741,0.5567342561057715
25800,GOF,0.03213186185628352,0.6327771334761567,0.3350910046675597
25801,GOF,0.18600837639668022,0.6948637724378224,0.11912785116549741
25802,GOF,0.059262360642033905,0.6899959436086096,0.25074169574935656
25803,GOF,0.03520495835430894,0.58931006904126,0.3754849726044311
25804,GOF,0.03153028057961054,0.5116794558386357,0.45679026358175373
25805,GOF,0.08215156856058244,0.6125099137248798,0.30533851771453774
25806,GOF,0.10890902935175627,0.6126101481806444,0.2784808224675994
25807,GOF,0.020394837309032885,0.6183760299619052,0.3612291327290618
25808,GOF,0.07259630899757008,0.6524817795532385,0.27492191144919137
25809,GOF,0.020307264451163196,0.6439909489014956,0.33570178664734135
25810,GOF,0.01881388636016231,0.6489588994739123,0.3322272141659254
25811,GOF,0.4332325921010991,0.5018573927042246,0.06491001519467639
25812,GOF,0.03459376182349627,0.6563416881823536,0.3090645499941501
25813,Neutral,0.48799928073180804,0.4190737381603804,0.09292698110781156
25814,GOF,0.09804056183244599,0.6941340193203392,0.20782541884721467
25815,GOF,0.1662010979050686,0.6595760839183824,0.17422281817654894
25816,GOF,0.02028137275692435,0.6936404146846363,0.28607821255843935
25817,GOF,0.19956422128698922,0.6601199313139289,0.14031584739908187
25818,GOF,0.049676160093419075,0.6355103290894593,0.3148135108171217
25819,GOF,0.32544816302499885,0.509503619289798,0.1650482176852032
25820,GOF,0.13679093976544746,0.6394837541648941,0.2237253060696583
25821,GOF,0.05309259439421276,0.6839704996945201,0.26293690591126717
25822,GOF,0.19167687377215478,0.5773299651225665,0.23099316110527868
25823,GOF,0.027333910137115724,0.5433343813282432,0.42933170853464103
25824,GOF,0.07570235492373427,0.5882851567190412,0.33601248835722436
25825,GOF,0.029042717380753202,0.5784401336545616,0.3925171489646852
25826,GOF,0.010693780709326223,0.5545797596888574,0.43472645960181633
25827,GOF,0.020756942601585587,0.5935649132991923,0.3856781440992222
25828,GOF,0.012233604705376412,0.5304728478620817,0.45729354743254186
25829,GOF,0.00658289122659986,0.59122865083114,0.4021884579422601
25830,LOF,0.033691315711415606,0.3144400757522512,0.6518686085363332
25831,GOF,0.17531566617284638,0.6731779290752766,0.15150640475187693
25832,GOF,0.02999976010849949,0.6960147731402927,0.2739854667512078
25833,GOF,0.11568957018183516,0.7070126281318101,0.17729780168635484
25834,GOF,0.03787631879284808,0.6966695804770436,0.2654541007301083
25835,GOF,0.08371689995720483,0.7378027480629384,0.1784803519798567
25836,GOF,0.04243216029702359,0.6857728105829018,0.2717950291200745
25837,GOF,0.026166874465018673,0.5970659617803464,0.3767671637546349
25838,GOF,0.0841481043918512,0.7579768589621305,0.15787503664601815
25839,GOF,0.2672576388224161,0.5831775312795937,0.14956482989799028
25840,GOF,0.21012875082675872,0.6183431228380674,0.17152812633517392
25841,GOF,0.22461319704703245,0.620300301818509,0.15508650113445846
25842,GOF,0.15485518203829862,0.706980628861044,0.1381641891006573
25843,GOF,0.22318567045090285,0.6768494642365545,0.09996486531254277
25844,GOF,0.0636012606942919,0.6984216538203255,0.23797708548538266
25845,LOF,0.013829133201359131,0.4915751394715562,0.4945957273270847
25846,GOF,0.11237604004714839,0.7102610745633112,0.17736288538954023
25847,GOF,0.10235062702769904,0.7795053002153297,0.11814407275697117
25848,GOF,0.03226698415892884,0.6898774433789773,0.2778555724620938
25849,GOF,0.011215296197907992,0.5987348968292309,0.39004980697286107
25850,GOF,0.019397806143500947,0.6526953624171554,0.3279068314393436
25851,GOF,0.01612438646657819,0.5614926433720137,0.4223829701614083
25852,GOF,0.14640859863834987,0.5628923928080484,0.2906990085536017
25853,GOF,0.33376509178902275,0.5958043680981664,0.0704305401128107
25854,GOF,0.01861885794558508,0.6552158556340477,0.3261652864203672
25855,GOF,0.03249451239398688,0.6035890090427035,0.3639164785633098
25856,GOF,0.2213685072855526,0.5740778487789869,0.2045536439354604
25857,GOF,0.03399055937930658,0.5344213198481401,0.4315881207725534
25858,GOF,0.015731362131811213,0.5642169316798156,0.42005170618837323
25859,GOF,0.009170321142921455,0.5571007155899368,0.4337289632671417
25860,GOF,0.33192122577724437,0.5748821826253533,0.09319659159740243
25861,GOF,0.3907451656418187,0.533300269398117,0.07595456496006428
25862,GOF,0.08190453913871686,0.7770413463700109,0.14105411449127228
25863,GOF,0.08124205348449477,0.7908963687715833,0.12786157774392176
25864,GOF,0.1514044207349315,0.7559761613530767,0.09261941791199181
25865,GOF,0.07012112423742253,0.8097778890357988,0.12010098672677853
25866,GOF,0.0584111367451851,0.8084245084325591,0.13316435482225575
25867,GOF,0.0754298224878812,0.8237598898733457,0.1008102876387733
25868,GOF,0.24228997488486545,0.6669246890260581,0.09078533608907631
25869,Neutral,0.6778114760756041,0.28687638984481584,0.035312134079580115
25870,GOF,0.32561074952273955,0.3806451218611331,0.29374412861612736
25871,GOF,0.18981068167437185,0.6308509547416121,0.17933836358401603
25872,GOF,0.07709852217880718,0.6428155480313382,0.28008592978985464
25873,GOF,0.12793733397499737,0.6438264095955047,0.22823625642949782
25874,LOF,0.01824989244643917,0.11781360072765232,0.8639365068259085
25875,LOF,0.10499791735715078,0.03319510276800824,0.861806979874841
25876,LOF,0.04014368554965088,0.030546524713305215,0.9293097897370439
25877,Neutral,0.5263811518068138,0.038166567112681495,0.43545228108050466
25878,LOF,0.24191227147952132,0.06600996210478363,0.692077766415695
25879,LOF,0.09877642824553313,0.08509583744914032,0.8161277343053267
25880,LOF,0.025257631847111318,0.015402103726231738,0.959340264426657
25881,LOF,0.18467898222754484,0.1013316830998485,0.7139893346726067
25882,LOF,0.06969372030496812,0.014221493362631472,0.9160847863324005
25883,LOF,0.08493735720569333,0.017335416131185635,0.8977272266631209
25884,LOF,0.040448973006632846,0.026656236254089735,0.9328947907392774
25885,LOF,0.07626143213985594,0.011728791387948209,0.9120097764721958
25886,LOF,0.2789575135806755,0.0297410096769782,0.6913014767423463
25887,LOF,0.16075715682174874,0.05945111472358672,0.7797917284546645
25888,LOF,0.0697753975102618,0.05316549856553527,0.8770591039242029
25889,LOF,0.05014406202386029,0.017725903406085076,0.9321300345700547
25890,LOF,0.05378826591273874,0.1156923413984706,0.8305193926887906
25891,LOF,0.03678303859606363,0.0467709517872147,0.9164460096167217
25892,LOF,0.0916497799886126,0.019134099781268413,0.889216120230119
25893,LOF,0.24561099742684406,0.015716462119530168,0.7386725404536256
25894,LOF,0.18099286496741876,0.01031811361759128,0.80868902141499
25895,LOF,0.2111956110491999,0.017286957988721458,0.7715174309620787
25896,LOF,0.04982544779422043,0.025376633565984217,0.9247979186397952
25897,LOF,0.228550135698277,0.01187408552906394,0.759575778772659
25898,Neutral,0.6788846314101775,0.009146726122928254,0.3119686424668942
25899,LOF,0.21140371430302687,0.02463417293283913,0.7639621127641341
25900,LOF,0.4554114662449703,0.014212594045986272,0.5303759397090435
25901,LOF,0.05429688770263484,0.012728933800820822,0.9329741784965443
25902,LOF,0.16939963069125288,0.012969527236891551,0.8176308420718557
25903,LOF,0.4755604552795728,0.026108063127087876,0.49833148159333945
25904,LOF,0.30225969174814415,0.05135905245287777,0.6463812557989781
25905,LOF,0.024611572148371442,0.3015658363815997,0.673822591470029
25906,LOF,0.022502419749681674,0.06125719819697967,0.9162403820533387
25907,LOF,0.014702398651525212,0.32029655332908036,0.6650010480193944
25908,LOF,0.011280442554052908,0.23549555663244404,0.7532240008135032
25909,LOF,0.015454868501085248,0.12355143869762822,0.8609936928012867
25910,LOF,0.05163692441421992,0.14216656368646038,0.8061965118993197
25911,LOF,0.15671000411422373,0.026059389372819795,0.8172306065129565
25912,LOF,0.042608902831836507,0.0423886394447221,0.9150024577234414
25913,LOF,0.286567336099503,0.02383604416498799,0.6895966197355089
25914,LOF,0.01945512669324575,0.09591351196565572,0.8846313613410985
25915,Neutral,0.47355207668996296,0.2776520880357324,0.24879583527430468
25916,LOF,0.059044184751361244,0.3333905396985032,0.6075652755501355
25917,LOF,0.06502714188049102,0.06864978214325308,0.866323075976256
25918,LOF,0.026234635959182455,0.05604536681768872,0.9177199972231289
25919,LOF,0.022649700038873007,0.06065024142798927,0.9167000585331377
25920,GOF,0.09640075596908845,0.4928417667936434,0.41075747723726824
25921,LOF,0.027806275698359497,0.02537428705824353,0.946819437243397
25922,LOF,0.037910591365856,0.01704819060040478,0.9450412180337393
25923,LOF,0.41547122520303853,0.018399761349949948,0.5661290134470115
25924,LOF,0.034736454397029305,0.03541731700605973,0.9298462285969109
25925,LOF,0.06848461923542906,0.023685941767972573,0.9078294389965984
25926,LOF,0.051749817129791355,0.01928722316641866,0.9289629597037901
25927,LOF,0.07139803384148376,0.08853713221704079,0.8400648339414755
25928,LOF,0.02085544589444259,0.03678393969887802,0.9423606144066793
25929,Neutral,0.5307623902206994,0.020695409744298145,0.44854220003500245
25930,LOF,0.0606250266386899,0.017409989190898104,0.9219649841704121
25931,LOF,0.029832439903727883,0.020866152561186194,0.9493014075350859
25932,LOF,0.030666639244208507,0.017183147498694394,0.952150213257097
25933,LOF,0.04140264400045849,0.012294079772002467,0.946303276227539
25934,LOF,0.027454721455857294,0.014423832362892613,0.9581214461812502
25935,LOF,0.06060915841746232,0.029113254968084933,0.9102775866144528
25936,LOF,0.05170397468651362,0.016934490115857345,0.9313615351976289
25937,LOF,0.028620483686495852,0.027124416868133022,0.944255099445371
25938,LOF,0.06352732714720065,0.0318074579285014,0.9046652149242981
25939,LOF,0.043052096240476,0.01099047455691539,0.9459574292026085
25940,LOF,0.03603199969899463,0.37722257866254877,0.5867454216384566
25941,LOF,0.18642225582572242,0.08138355695046383,0.7321941872238138
25942,LOF,0.016718270145060842,0.03455875841114433,0.9487229714437949
25943,LOF,0.30378027798276586,0.053502450779401016,0.6427172712378332
25944,LOF,0.4712017639786067,0.024969891655599246,0.503828344365794
25945,LOF,0.062944160302588,0.022445737597710343,0.9146101020997017
25946,LOF,0.028990428630833724,0.12137684842317772,0.8496327229459886
25947,LOF,0.1067683974913176,0.21175744821375406,0.6814741542949284
25948,LOF,0.404657363265282,0.011329853839188093,0.5840127828955299
25949,LOF,0.10944416408761266,0.042288479502163384,0.848267356410224
25950,GOF,0.2467706615301072,0.40997808857124673,0.343251249898646
25951,LOF,0.23330684897207493,0.22587205357288428,0.5408210974550407
25952,LOF,0.04310823749588599,0.4263588939233991,0.5305328685807148
25953,LOF,0.13044023521334733,0.11211246603139724,0.7574472987552555
25954,Neutral,0.41508687918497345,0.17089847211727072,0.4140146486977559
25955,LOF,0.05649051863738275,0.08002884604125882,0.8634806353213584
25956,LOF,0.17555221318826128,0.11938091517450299,0.7050668716372357
25957,LOF,0.034664493128100944,0.03204316341463031,0.9332923434572689
25958,LOF,0.06649599468423123,0.029523214100549873,0.9039807912152189
25959,LOF,0.07668660165342871,0.3714036218347055,0.5519097765118659
25960,LOF,0.020233527754855846,0.05310320125640436,0.9266632709887398
25961,LOF,0.05611276088323894,0.03145376012103295,0.9124334789957281
25962,LOF,0.06635246950451,0.030890155703970412,0.9027573747915196
25963,LOF,0.04972715033678732,0.17034874944529066,0.7799241002179221
25964,LOF,0.03846977246962886,0.14536742694532123,0.81616280058505
25965,Neutral,0.4622807257248007,0.08923170730093477,0.4484875669742645
25966,Neutral,0.465255850650418,0.09128430419202219,0.44345984515755976
25967,LOF,0.012714777615466315,0.059830475415258176,0.9274547469692754
25968,LOF,0.02835397467722225,0.47815484280800646,0.49349118251477125
25969,LOF,0.024682429836992956,0.06016622807960563,0.9151513420834013
25970,LOF,0.06740978364303285,0.05733234025394083,0.8752578761030263
25971,LOF,0.07804804273651451,0.015587293388400585,0.9063646638750849
25972,LOF,0.08199020129703213,0.019883361706773975,0.898126436996194
25973,LOF,0.08626708516550412,0.010710366974920822,0.903022547859575
25974,LOF,0.2069438049301709,0.016014220721031345,0.7770419743487977
25975,LOF,0.05138377343713753,0.03423813559222979,0.9143780909706326
25976,LOF,0.04660005255607868,0.01772462501619781,0.9356753224277236
25977,LOF,0.1499409456294805,0.10197212209063469,0.7480869322798848
25978,LOF,0.14236996148301748,0.07191082917793638,0.7857192093390462
25979,LOF,0.13377381168832864,0.07587498222234276,0.7903512060893286
25980,LOF,0.2106925202909835,0.0980605814107091,0.6912468982983073
25981,LOF,0.24788068647468017,0.09501234092492598,0.6571069726003939
25982,LOF,0.4024514432407798,0.05715529219618434,0.5403932645630358
25983,LOF,0.3919612175261671,0.06233316123685096,0.545705621236982
25984,LOF,0.052050021105987304,0.044723137605634,0.9032268412883786
25985,LOF,0.027015535924932547,0.21836700779438947,0.754617456280678
25986,LOF,0.03891891729982274,0.2615963637373367,0.6994847189628407
25987,LOF,0.08252615745455141,0.05770409812826757,0.859769744417181
25988,LOF,0.14865284615740773,0.04532239733923812,0.806024756503354
25989,LOF,0.03193488678582599,0.09112345865646362,0.8769416545577104
25990,LOF,0.03840311826566691,0.11798811426965644,0.8436087674646767
25991,LOF,0.14381554416943607,0.288538163770113,0.5676462920604509
25992,LOF,0.3618948169682873,0.14068699909107818,0.4974181839406346
25993,LOF,0.024282307897667013,0.08304716550471729,0.8926705265976157
25994,LOF,0.017740609610022134,0.11486787328635002,0.8673915171036278
25995,LOF,0.027340510312706564,0.20830870123551143,0.764350788451782
25996,GOF,0.29865252290391453,0.4596380071802253,0.2417094699158603
25997,GOF,0.08807740517541393,0.4658868077096916,0.44603578711489444
25998,Neutral,0.5421061197233452,0.020172585401986257,0.43772129487466843
25999,LOF,0.1064299339883924,0.13421024507786072,0.759359820933747
26000,LOF,0.19891002629496662,0.038450329913516545,0.7626396437915168
26001,LOF,0.19700324285813722,0.03435609050907093,0.7686406666327918
26002,LOF,0.17309070075875618,0.044329395423384106,0.7825799038178597
26003,GOF,0.010765885178887531,0.5703435800553466,0.418890534765766
26004,GOF,0.018931583119300027,0.6215937924231835,0.3594746244575165
26005,LOF,0.008503198538826064,0.42693466304521716,0.5645621384159568
26006,Neutral,0.535713078784449,0.20800406580977915,0.25628285540577195
26007,GOF,0.021695237091040032,0.5296712053489995,0.4486335575599605
26008,GOF,0.019701279043235348,0.5717812007941738,0.4085175201625908
26009,GOF,0.022542291096343536,0.6083295917400112,0.3691281171636452
26010,GOF,0.02490744442084317,0.5967617487935692,0.37833080678558745
26011,LOF,0.00752046880551955,0.4421006074644759,0.5503789237300045
26012,GOF,0.015157248367274933,0.5792706009958783,0.4055721506368468
26013,GOF,0.021422605792723082,0.5976515733116932,0.38092582089558363
26014,LOF,0.04779056820459191,0.11193624899215013,0.8402731828032579
26015,LOF,0.2002741930559851,0.009640929902807658,0.7900848770412071
26016,LOF,0.21256887983488904,0.049509195838473824,0.7379219243266371
26017,LOF,0.24511783000738807,0.08131695026305673,0.6735652197295553
26018,LOF,0.10313709126152253,0.025206987390067194,0.8716559213484103
26019,LOF,0.09685861020968436,0.01892894037984195,0.8842124494104737
26020,LOF,0.06671673530710495,0.09342421376316848,0.8398590509297266
26021,LOF,0.042213131931920764,0.11027459543130741,0.8475122726367719
26022,LOF,0.011023239491834405,0.03486039374637864,0.954116366761787
26023,LOF,0.11815932872529133,0.01672905482786372,0.8651116164468451
26024,LOF,0.029418618387646547,0.10863216985481627,0.8619492117575371
26025,LOF,0.16302471156721912,0.08468122660061923,0.7522940618321616
26026,LOF,0.31863164709535696,0.023901189197545768,0.6574671637070973
26027,LOF,0.09177949731051176,0.012518036660859655,0.8957024660286286
26028,LOF,0.15484038578195353,0.07266145390588992,0.7724981603121566
26029,LOF,0.07377958629208073,0.19885544061330165,0.7273649730946176
26030,LOF,0.026038154285341262,0.07321129579582925,0.9007505499188294
26031,LOF,0.030202787019627024,0.15234507288070506,0.8174521400996678
26032,LOF,0.06677402401730409,0.0824988034971591,0.8507271724855368
26033,LOF,0.11574648199407188,0.10189302673479332,0.7823604912711348
26034,LOF,0.048119272566769025,0.15754559184741554,0.7943351355858155
26035,LOF,0.02849046616830069,0.14922659139096642,0.822282942440733
26036,LOF,0.042672139793770804,0.17677989916295378,0.7805479610432755
26037,LOF,0.023580771422848708,0.12177460326118335,0.8546446253159679
26038,LOF,0.06113859474412813,0.08653604392529637,0.8523253613305755
26039,LOF,0.05640330942188852,0.15583267168909104,0.7877640188890205
26040,LOF,0.18822992935020813,0.15750503321674014,0.6542650374330516
26041,LOF,0.023403056302603455,0.12031520278258681,0.8562817409148097
26042,LOF,0.023262139848726604,0.11459308168323035,0.8621447784680429
26043,LOF,0.060960018854253506,0.10159108269769493,0.8374488984480515
26044,LOF,0.021582067882383097,0.08977501815354336,0.8886429139640735
26045,LOF,0.07443882615611905,0.10729398539442074,0.8182671884494603
26046,LOF,0.06199714560520467,0.09961263270445854,0.8383902216903368
26047,LOF,0.08664891597792274,0.105080403835102,0.8082706801869752
26048,LOF,0.05151407904173941,0.05233790718165024,0.8961480137766104
26049,Neutral,0.9608074261930972,0.009665323573063019,0.029527250233839602
26050,Neutral,0.9450362597182368,0.012601022997132566,0.04236271728463068
26051,LOF,0.044918324569703835,0.3258855144098413,0.6291961610204548
26052,LOF,0.06865331582056858,0.3505153155226023,0.580831368656829
26053,LOF,0.0544593265332136,0.1397508711846754,0.8057898022821111
26054,LOF,0.05364347694247425,0.018169893398146602,0.928186629659379
26055,LOF,0.07342837358257288,0.015890732405389768,0.9106808940120372
26056,LOF,0.06120681453220541,0.01690948083187476,0.9218837046359197
26057,LOF,0.031549740286365556,0.011893359659638135,0.9565569000539964
26058,LOF,0.03290281193634656,0.009377565090245635,0.9577196229734078
26059,LOF,0.3098007698476008,0.022481814258560585,0.6677174158938386
26060,LOF,0.032222947441937384,0.1787055989911405,0.7890714535669221
26061,LOF,0.01771278800637133,0.011293919645400738,0.970993292348228
26062,LOF,0.010808072843637807,0.018299298098145532,0.9708926290582166
26063,LOF,0.023725720887025927,0.01194508607831143,0.9643291930346626
26064,LOF,0.021699169609120595,0.018473363379739878,0.9598274670111394
26065,LOF,0.02714299802553557,0.01083330572610348,0.962023696248361
26066,LOF,0.022740238944986255,0.011094824809816982,0.9661649362451967
26067,LOF,0.029900243292493633,0.008595785906688124,0.9615039708008183
26068,LOF,0.047048258263244644,0.030458019501808018,0.9224937222349473
26069,LOF,0.26418863260030295,0.01912211672699913,0.716689250672698
26070,LOF,0.39804609956567927,0.01662681323362067,0.5853270872007
26071,LOF,0.02454161635725034,0.01228708195707162,0.963171301685678
26072,LOF,0.022293931591449496,0.015944001717047608,0.9617620666915029
26073,LOF,0.026545315794194717,0.0109566283816374,0.9624980558241679
26074,Neutral,0.9111569351721085,0.005431053784531423,0.08341201104336014
26075,LOF,0.04564860764881262,0.0151191237494946,0.9392322686016928
26076,LOF,0.04986640462630635,0.008730112099987782,0.9414034832737058
26077,LOF,0.0092236524326732,0.018018204972897838,0.9727581425944289
26078,LOF,0.01417687355514526,0.010400070323075605,0.9754230561217792
26079,LOF,0.05890821903998143,0.01781429263260961,0.923277488327409
26080,LOF,0.05781692544484559,0.01782889644267171,0.9243541781124827
26081,LOF,0.04048707943191898,0.006327088351908675,0.9531858322161724
26082,LOF,0.01820199725080129,0.014208231796280552,0.9675897709529181
26083,LOF,0.13877696623816443,0.012711695289411486,0.8485113384724241
26084,LOF,0.030259725896412355,0.01136637453194694,0.9583738995716408
26085,LOF,0.02603142344083253,0.010884203731255678,0.9630843728279118
26086,LOF,0.02624809661579895,0.011864715602750256,0.9618871877814508
26087,LOF,0.029670355820980022,0.008737527493934623,0.9615921166850854
26088,LOF,0.015382485259956037,0.027861279882143812,0.9567562348579002
26089,LOF,0.045989432932002576,0.02332132773058752,0.9306892393374099
26090,LOF,0.04440205923453015,0.017868888254160935,0.9377290525113089
26091,LOF,0.0413232168406777,0.006297785158101941,0.9523789980012204
26092,LOF,0.028281987606967728,0.007996430927528199,0.9637215814655041
26093,LOF,0.04466281458243024,0.005993032091234566,0.9493441533263351
26094,LOF,0.04608136791922009,0.006261261082855233,0.9476573709979246
26095,LOF,0.046205608670068885,0.013916935562124965,0.9398774557678061
26096,LOF,0.021995104074570025,0.01078887692719571,0.9672160189982343
26097,LOF,0.0120863055256186,0.032771596106659036,0.9551420983677222
26098,LOF,0.06900812211327433,0.011212310797604486,0.9197795670891212
26099,LOF,0.02625149279119773,0.012423127706314183,0.9613253795024881
26100,LOF,0.028319279104537767,0.01204006048427502,0.9596406604111873
26101,LOF,0.061145702833228004,0.012142889931001568,0.9267114072357704
26102,LOF,0.026610104224326057,0.01482651296331107,0.9585633828123628
26103,Neutral,0.8875122801735323,0.01822345888748683,0.09426426093898095
26104,LOF,0.07631464436852552,0.024429790947995994,0.8992555646834784
26105,LOF,0.2155784875931747,0.28432806062532634,0.500093451781499
26106,LOF,0.21799197956390487,0.13347638958093916,0.6485316308551559
26107,LOF,0.24700944408857867,0.07582626888130341,0.6771642870301179
26108,LOF,0.2565197318487253,0.12486817979910546,0.6186120883521692
26109,LOF,0.1171941561351991,0.07650623138568624,0.8062996124791145
26110,LOF,0.232097097288636,0.006358945562227042,0.7615439571491369
26111,Neutral,0.4928077272899603,0.015928274270740412,0.4912639984392993
26112,LOF,0.034422609928610445,0.007812772719447626,0.957764617351942
26113,LOF,0.056865703937883635,0.015208114689299411,0.9279261813728169
26114,LOF,0.029426679460281678,0.02008866729490294,0.9504846532448155
26115,LOF,0.10432209131084945,0.04441864116506899,0.8512592675240817
26116,LOF,0.06791914644449437,0.04002132612079107,0.8920595274347145
26117,LOF,0.4284598817817976,0.04609102139688755,0.5254490968213149
26118,LOF,0.03743436920361926,0.023597661284427526,0.9389679695119532
26119,LOF,0.021552944345771118,0.03473820138736341,0.9437088542668655
26120,LOF,0.029892855955685985,0.023492116329627194,0.9466150277146869
26121,LOF,0.04926077279687448,0.09079061993939465,0.8599486072637308
26122,LOF,0.04008582667970763,0.042993993292658364,0.9169201800276341
