feature0,prediction,LoGoFunc_Neutral,LoGoFunc_GOF,LoGoFunc_LOF
25546,Neutral,0.6742436261799747,0.05915424642764992,0.2666021273923755
25547,Neutral,0.5160424484364445,0.10601964039215923,0.37793791117139625
25548,Neutral,0.5331907475670795,0.08705713000476359,0.3797521224281569
25549,Neutral,0.4641999336145887,0.08544806563516585,0.4503520007502455
25550,LOF,0.3703332100397327,0.1296799393302543,0.4999868506300132
25551,LOF,0.32095721268677635,0.13887458748685255,0.5401681998263711
25552,LOF,0.2585882362903112,0.1310833210213009,0.6103284426883879
25553,Neutral,0.8198373803755599,0.045177747276416706,0.1349848723480234
25554,LOF,0.3046801903902896,0.12418878727885511,0.5711310223308552
25555,LOF,0.25033051081456437,0.11759459840686676,0.6320748907785689
25556,Neutral,0.46585223423319305,0.1053911721720778,0.4287565935947291
25557,LOF,0.24404601011946236,0.12035602918869655,0.6355979606918412
25558,LOF,0.31152054269275453,0.12203020317527175,0.5664492541319738
25559,LOF,0.18508958896394104,0.12917685041718283,0.6857335606188761
25560,LOF,0.15633484427021155,0.09526949261973623,0.7483956631100522
25561,LOF,0.15383238664484591,0.10882895439643496,0.7373386589587191
25562,LOF,0.07390884078897285,0.07807379072348164,0.8480173684875455
25563,LOF,0.022271414082861863,0.11477960807832772,0.8629489778388105
25564,LOF,0.21036075868913265,0.10666789161279974,0.6829713496980676
25565,LOF,0.21178429582883185,0.1374830369045032,0.6507326672666649
25566,GOF,0.09403854955428888,0.706452275864525,0.19950917458118617
25567,LOF,0.03728674648306862,0.11856157649278279,0.8441516770241487
25568,LOF,0.06246453041046494,0.06598127550978973,0.8715541940797453
25569,LOF,0.06262948148611665,0.06642430549819657,0.8709462130156869
25570,LOF,0.025790050749620184,0.09485886745750345,0.8793510817928764
25571,LOF,0.02568771203651839,0.10019127167419818,0.8741210162892834
25572,LOF,0.06123378030884098,0.11923366831281121,0.8195325513783478
25573,LOF,0.0577757993865596,0.07793569658025076,0.8642885040331897
25574,LOF,0.05607146741693078,0.16327438063772765,0.7806541519453416
25575,LOF,0.021691818980104305,0.11660202988093615,0.8617061511389595
25576,LOF,0.033387622190133165,0.15180112919259764,0.8148112486172692
25577,LOF,0.0293576911580237,0.11169905452222716,0.8589432543197492
25578,LOF,0.3034622384800346,0.07351983928253439,0.6230179222374309
25579,LOF,0.12808569578527193,0.07992148067202426,0.7919928235427038
25580,LOF,0.018884879696248597,0.07411913654993307,0.9069959837538184
25581,LOF,0.06092720481592823,0.06353936502994742,0.8755334301541244
25582,LOF,0.060931275439842475,0.061072688485706475,0.877996036074451
25583,LOF,0.019965932830261726,0.0786142562913892,0.901419810878349
25584,Neutral,0.6709515220955342,0.10448567709666372,0.22456280080780197
25585,LOF,0.032577496729885115,0.12583644941072716,0.8415860538593877
25586,LOF,0.01759838401275362,0.06504349835722732,0.9173581176300191
25587,LOF,0.016548277241237325,0.05896913448911421,0.9244825882696485
25588,LOF,0.020373003191263346,0.06975280537155283,0.9098741914371837
25589,Neutral,0.5244185034081653,0.19171403059968492,0.2838674659921496
25590,LOF,0.04808081358717173,0.10679027647344529,0.845128909939383
25591,LOF,0.10293932384136438,0.05277445932744757,0.844286216831188
25592,LOF,0.05653329644616834,0.12330574814683878,0.8201609554069929
25593,LOF,0.13716111909091572,0.2395496176507504,0.6232892632583339
25594,LOF,0.05044668687263081,0.10859755803721537,0.8409557550901537
25595,LOF,0.04962732427239261,0.07549758776440131,0.8748750879632061
25596,LOF,0.11012987780408283,0.04575566038609039,0.8441144618098267
25597,LOF,0.08573921213076595,0.05729721467826395,0.8569635731909702
25598,LOF,0.05321865281097874,0.07859575710917911,0.8681855900798422
25599,GOF,0.01973658552562306,0.5446917123317139,0.43557170214266316
25600,GOF,0.16395124872546804,0.5069167537212709,0.3291319975532611
25601,LOF,0.0360969091259312,0.4005403647488198,0.5633627261252491
25602,LOF,0.034986079316789466,0.05206582028116616,0.9129481004020443
25603,LOF,0.03701461548593904,0.028581274459772456,0.9344041100542885
25604,LOF,0.03676169404710518,0.05939632371817261,0.9038419822347221
25605,LOF,0.041902180136553245,0.17634766286755316,0.7817501569958936
25606,LOF,0.4325742271683845,0.10423334995109465,0.46319242288052087
25607,LOF,0.02431921741040813,0.18460870032070698,0.7910720822688849
25608,LOF,0.033554206812515384,0.08325663907636621,0.8831891541111184
25609,GOF,0.14261126582182815,0.5461146412739557,0.3112740929042162
25610,LOF,0.016316241034306907,0.027251416324258617,0.9564323426414344
25611,LOF,0.015810802160205827,0.030398806483759866,0.9537903913560344
25612,LOF,0.05073224702817963,0.03836984601333908,0.9108979069584813
25613,LOF,0.04976305656664076,0.038033380467295645,0.9122035629660635
25614,LOF,0.023119334007863677,0.024063374223440157,0.9528172917686961
25615,LOF,0.04727316059652958,0.03762290282939645,0.9151039365740739
25616,LOF,0.046619603381594564,0.024810382853438156,0.9285700137649673
25617,LOF,0.043909018339447214,0.03163601764125363,0.9244549640192992
25618,LOF,0.048899164476786945,0.03254789104124018,0.9185529444819728
25619,LOF,0.015148219651908568,0.028444266864278367,0.9564075134838129
25620,LOF,0.0644392421359157,0.035935616469115896,0.8996251413949684
25621,LOF,0.05236483146822635,0.032881613725376214,0.9147535548063975
25622,LOF,0.06173996005052952,0.030216312398996907,0.9080437275504735
25623,LOF,0.06887444757879184,0.02843457772700917,0.902690974694199
25624,LOF,0.019467772081793528,0.031528194765641095,0.9490040331525655
25625,LOF,0.06629377329871533,0.03753911870533795,0.8961671079959467
25626,LOF,0.04916828186704622,0.03595380998758245,0.9148779081453714
25627,Neutral,0.8916798243599586,0.022265639956940975,0.08605453568310047
25628,LOF,0.13554327561505244,0.06283552130378833,0.8016212030811591
25629,LOF,0.06450755268274513,0.04107594292920704,0.8944165043880478
25630,LOF,0.26573086653323497,0.0817011417495,0.652567991717265
25631,Neutral,0.5555787728583438,0.06417830125287015,0.38024292588878617
25632,LOF,0.026132474490827985,0.06019972517496508,0.9136678003342068
25633,LOF,0.18534262711028002,0.035487633716654546,0.7791697391730654
25634,LOF,0.033251962454575505,0.07890732171728458,0.88784071582814
25635,LOF,0.03844317683573604,0.04169160426399122,0.9198652189002728
25636,LOF,0.04128592154698739,0.4773031864253205,0.4814108920276922
25637,GOF,0.07161429129793064,0.46529577805612443,0.46308993064594484
25638,LOF,0.03799358595490268,0.29632932159575287,0.6656770924493445
25639,LOF,0.033131561135424537,0.3468771482543335,0.6199912906102419
25640,Neutral,0.8090573555858929,0.14604082573834654,0.044901818675760465
25641,LOF,0.05210471194945293,0.41273697444995167,0.5351583136005954
25642,LOF,0.04227169499106187,0.13447311639272516,0.823255188616213
25643,LOF,0.20996150059427185,0.1652343567470274,0.6248041426587008
25644,LOF,0.019440120511827075,0.4778618008122084,0.5026980786759645
25645,LOF,0.018389249121250124,0.4251716074141147,0.5564391434646352
25646,LOF,0.05037089769351948,0.3455671356915949,0.6040619666148855
25647,LOF,0.020718036279590263,0.2644444576889284,0.7148375060314813
25648,LOF,0.030402854488680558,0.2433589681092311,0.7262381774020884
25649,LOF,0.015109171115320943,0.2448077264875143,0.7400831023971648
25650,LOF,0.04901002850390696,0.45474984661575546,0.49624012488033764
25651,LOF,0.0154426356753084,0.28407593541304904,0.7004814289116426
25652,LOF,0.025917067253658707,0.26805720364998004,0.7060257290963612
25653,LOF,0.07676549885451102,0.40950651740362637,0.5137279837418627
25654,LOF,0.023315145162108683,0.19132546419126084,0.7853593906466304
25655,GOF,0.20222740421085775,0.3990475932124054,0.3987250025767369
25656,LOF,0.2826564192785632,0.05008170532713576,0.667261875394301
25657,LOF,0.07212773844576303,0.055716347570707106,0.8721559139835299
25658,LOF,0.3858584488918893,0.04940543542233545,0.5647361156857752
25659,Neutral,0.5199002590550003,0.07728771961541381,0.40281202132958605
25660,LOF,0.025935750971170932,0.08029260548321078,0.8937716435456182
25661,LOF,0.09121203063706564,0.05477184550739659,0.8540161238555377
25662,LOF,0.03152666002158107,0.02926811303443781,0.939205226943981
25663,LOF,0.039342648169961844,0.04259419029185981,0.9180631615381784
25664,LOF,0.14044156488329673,0.058500494301001654,0.8010579408157016
25665,LOF,0.05230349498643681,0.029036829575579747,0.9186596754379834
25666,LOF,0.08756410970356562,0.07879376312898614,0.8336421271674481
25667,LOF,0.06534847935355144,0.03701473472050992,0.8976367859259387
25668,LOF,0.03637548513363245,0.04612698562167978,0.9174975292446879
25669,LOF,0.03525825975112608,0.05333205129205541,0.9114096889568185
25670,LOF,0.13422847674852606,0.044453781701619545,0.8213177415498544
25671,LOF,0.0918617392970876,0.031173201657159602,0.8769650590457528
25672,LOF,0.0549178059252254,0.0395710472145338,0.9055111468602407
25673,LOF,0.0832835074919625,0.04125281831861424,0.8754636741894234
25674,LOF,0.06960680175413442,0.05022741233332797,0.8801657859125376
25675,LOF,0.11705664855773748,0.047238063260963796,0.8357052881812989
25676,LOF,0.01764338066845812,0.048441169849414566,0.9339154494821273
25677,LOF,0.02495028283312992,0.06533681121933288,0.9097129059475372
25678,LOF,0.1835648771952789,0.0562936701251529,0.7601414526795682
25679,LOF,0.12599756007904214,0.07539040350115346,0.7986120364198045
25680,LOF,0.03035452941482629,0.10778552752358178,0.8618599430615919
25681,LOF,0.04989612755307763,0.09906389020768845,0.8510399822392339
25682,LOF,0.1364312184098295,0.0619379017876377,0.8016308798025328
25683,LOF,0.11608906196112734,0.08564634998134359,0.7982645880575291
25684,LOF,0.03916955275346474,0.06022208479720694,0.9006083624493283
25685,LOF,0.12477982080142044,0.04722967419383218,0.8279905050047475
25686,LOF,0.07802191471220529,0.0944545438910214,0.8275235413967733
25687,LOF,0.12025796155540706,0.08523216990723784,0.7945098685373551
25688,LOF,0.29800184278527864,0.03034865569590993,0.6716495015188114
25689,LOF,0.23476754455279472,0.03877259710248753,0.7264598583447177
25690,LOF,0.35981204144621454,0.03002582994264247,0.6101621286111429
25691,Neutral,0.7042147951010997,0.021197487756095548,0.2745877171428047
25692,LOF,0.304795035289288,0.010024918083654778,0.6851800466270572
25693,GOF,0.04358205077559023,0.49042618629296136,0.46599176293144845
25694,LOF,0.1318311013659793,0.019762033394384947,0.8484068652396358
25695,LOF,0.12399446965046547,0.018898710616062613,0.857106819733472
25696,LOF,0.11882714976604906,0.010419034919133941,0.8707538153148169
25697,LOF,0.11256189603193342,0.028441727696907376,0.8589963762711591
25698,LOF,0.3593824658650752,0.2408335209501377,0.3997840131847871
25699,LOF,0.4187759700659686,0.03924360421543353,0.5419804257185978
25700,LOF,0.049506528733406954,0.007838488328350827,0.9426549829382422
25701,LOF,0.16601585844180491,0.05272997266092865,0.7812541688972663
25702,GOF,0.17760087469740815,0.5658450301470809,0.256554095155511
25703,LOF,0.016293381911336894,0.1604717094061922,0.8232349086824708
25704,LOF,0.04963616464030713,0.11422611136019072,0.8361377239995021
25705,LOF,0.058084794381898966,0.17676828273664666,0.7651469228814544
25706,LOF,0.10218763763121709,0.3516549051824386,0.5461574571863443
25707,LOF,0.08895436446076246,0.2755346017758195,0.635511033763418
25708,LOF,0.0315780783423621,0.26317264432273235,0.7052492773349055
25709,LOF,0.05448160703813907,0.04136484345327912,0.9041535495085818
25710,LOF,0.011152872381683424,0.13435983133465618,0.8544872962836604
25711,LOF,0.017938035899155515,0.09560275116948519,0.8864592129313592
25712,LOF,0.012517791211083555,0.1797538578055948,0.8077283509833215
25713,LOF,0.017925707886521577,0.08011787261426837,0.90195641949921
25714,LOF,0.06441208938590728,0.07392759327984119,0.8616603173342515
25715,LOF,0.010055003579989652,0.13459053385306424,0.8553544625669461
25716,LOF,0.01415224968171601,0.108330035447311,0.8775177148709731
25717,LOF,0.012579180475470651,0.08042159348329617,0.9069992260412331
25718,LOF,0.01167062073023426,0.10190532218629579,0.88642405708347
25719,LOF,0.017221333252060062,0.08471213877658089,0.898066527971359
25720,LOF,0.02044037950990139,0.07106127957271335,0.9084983409173852
25721,LOF,0.014836986035082407,0.10317186764306088,0.8819911463218567
25722,LOF,0.012960061554258863,0.11924678863454204,0.867793149811199
25723,LOF,0.021556472175847483,0.04638475778330091,0.9320587700408517
25724,LOF,0.02242698003294527,0.08249109698187623,0.8950819229851785
25725,LOF,0.011303701359354754,0.06964577110023949,0.9190505275404057
25726,LOF,0.014219461280581599,0.09212159690990432,0.893658941809514
25727,LOF,0.012880313331707161,0.07866432919907236,0.9084553574692205
25728,LOF,0.009297328720897865,0.1094535910500791,0.881249080229023
25729,LOF,0.00946187652103262,0.10671456883368882,0.8838235546452785
25730,LOF,0.01303542870936683,0.08398397987142266,0.9029805914192105
25731,LOF,0.02200912232226608,0.11401500926325178,0.8639758684144822
25732,LOF,0.014460448646923156,0.08971233241151144,0.8958272189415654
25733,LOF,0.014655212580997452,0.07685540000885217,0.9084893874101503
25734,LOF,0.012226161815587373,0.13507864328844324,0.8526951948959693
25735,LOF,0.012861274099436585,0.08297395492558968,0.9041647709749738
25736,LOF,0.013634946846078104,0.11718074287294857,0.8691843102809734
25737,LOF,0.020255887284800683,0.08566782954970059,0.8940762831654987
25738,LOF,0.0125590610094653,0.11451977998964115,0.8729211590008935
25739,LOF,0.01984572698541847,0.08570457967546156,0.89444969333912
25740,LOF,0.02515561862176288,0.10208864713782072,0.8727557342404164
25741,LOF,0.014475907391216906,0.10781720641378983,0.8777068861949933
25742,LOF,0.10354726934843479,0.08199499008969945,0.8144577405618658
25743,LOF,0.03385200818353686,0.029250420625769595,0.9368975711906936
25744,Neutral,0.5866176079243125,0.1894504494947793,0.22393194258090815
25745,LOF,0.0870221794296781,0.07240766492816664,0.8405701556421552
25746,LOF,0.043246576545378675,0.08227812916119027,0.874475294293431
25747,LOF,0.021478820718875462,0.03977486316572731,0.9387463161153973
25748,LOF,0.10193834669727382,0.05971967498608697,0.8383419783166391
25749,LOF,0.028270772093194656,0.07570964278861664,0.8960195851181887
25750,LOF,0.08856057479260353,0.08452615651566159,0.8269132686917349
25751,LOF,0.08722272327377076,0.058084837566564324,0.854692439159665
25752,GOF,0.10885335417482826,0.6618434320684845,0.22930321375668727
25753,LOF,0.018876963117570107,0.2594732507180815,0.7216497861643484
25754,GOF,0.010040748344776912,0.7789996194604484,0.2109596321947746
25755,LOF,0.021756080576160648,0.37721440481544455,0.6010295146083948
25756,LOF,0.040005675657163696,0.3614798169492797,0.5985145073935566
25757,GOF,0.013570140751452707,0.8353437155270239,0.1510861437215232
25758,GOF,0.026429728464841637,0.8259455146514142,0.14762475688374424
25759,GOF,0.011221401466240967,0.5415466874580859,0.44723191107567317
25760,LOF,0.013385389852276311,0.23742919823552233,0.7491854119122014
25761,GOF,0.2809444987917538,0.6096690976497648,0.10938640355848141
25762,LOF,0.034535418025601075,0.257524089976349,0.70794049199805
25763,LOF,0.012424854953744015,0.1957389530788706,0.7918361919673854
25764,GOF,0.0670467146631684,0.6339059463352116,0.29904733900162
25765,GOF,0.039434088398678346,0.7614436733206299,0.19912223828069192
25766,GOF,0.0555361522555729,0.7655733791612592,0.1788904685831679
25767,GOF,0.1683881939078916,0.4369882714335018,0.39462353465860667
25768,LOF,0.09643310328735948,0.06500525965782969,0.8385616370548108
25769,LOF,0.06516465007309763,0.06068436922382109,0.8741509807030813
25770,LOF,0.25275119260111434,0.08355130413270873,0.6636975032661769
25771,LOF,0.041804879000681375,0.045178530326236845,0.9130165906730817
25772,LOF,0.016638503106538846,0.03159446589792473,0.9517670309955364
25773,LOF,0.043494071620741453,0.08097865072591044,0.875527277653348
25774,LOF,0.02710182161175589,0.07433624522083317,0.898561933167411
25775,LOF,0.048411493712677965,0.04301952176000056,0.9085689845273215
25776,LOF,0.07000820596732868,0.025189006394779074,0.9048027876378922
25777,LOF,0.3304478183755261,0.05118453221153767,0.6183676494129361
25778,LOF,0.06267687041319488,0.04932254315380396,0.8880005864330012
25779,GOF,0.34046804123552504,0.6171532256645523,0.042378733099922634
25780,GOF,0.29209316330137736,0.6446016263683815,0.06330521033024115
25781,GOF,0.1321992960158955,0.7640863729319312,0.10371433105217347
25782,GOF,0.19409799146128942,0.732098085031981,0.07380392350672965
25783,GOF,0.026755529419335497,0.6602521373565308,0.31299233322413367
25784,GOF,0.4681048052006232,0.4952681106776023,0.03662708412177444
25785,GOF,0.42979069896316663,0.5323120668019098,0.03789723423492359
25786,GOF,0.026409611565326667,0.7830627601067397,0.19052762832793368
25787,Neutral,0.6207184895850655,0.356434469091509,0.022847041323425563
25788,LOF,0.04416301555833506,0.1149413642720229,0.840895620169642
25789,GOF,0.18358370005592373,0.6853825571631971,0.13103374278087926
25790,GOF,0.2006930924485475,0.6998358436429534,0.09947106390849904
25791,GOF,0.14035930898234897,0.687049420588268,0.1725912704293831
25792,GOF,0.310094372366127,0.5588666148024161,0.13103901283145683
25793,GOF,0.23603165974358936,0.573786933127019,0.19018140712939174
25794,GOF,0.2852385529287563,0.5613679620755008,0.15339348499574296
25795,GOF,0.06918285686561414,0.7244119240880483,0.2064052190463374
25796,Neutral,0.4993595884944981,0.417686093081314,0.08295431842418796
25797,GOF,0.08329169016041198,0.565437885182342,0.35127042465724617
25798,GOF,0.009644953186665948,0.5290379216856879,0.4613171251276463
25799,LOF,0.007014738599734536,0.39867305371383754,0.594312207686428
25800,GOF,0.03198452167930134,0.6234518786316303,0.34456359968906836
25801,GOF,0.18148769269764406,0.7027248239929773,0.11578748330937869
25802,GOF,0.07351581252646301,0.7284006301976101,0.19808355727592689
25803,GOF,0.03618014833405887,0.6052534437108733,0.3585664079550677
25804,GOF,0.031973161655810205,0.5042086372514685,0.46381820109272126
25805,GOF,0.0951065614105241,0.6284980039835562,0.2763954346059197
25806,GOF,0.09555147540436294,0.615861662308557,0.28858686228707997
25807,GOF,0.020680892866233307,0.6467809829818263,0.33253812415194034
25808,GOF,0.0802692893499227,0.6707572367816408,0.24897347386843646
25809,GOF,0.017265181794793458,0.6152357852641277,0.3674990329410789
25810,GOF,0.016108375423616518,0.6531544503107257,0.3307371742656577
25811,GOF,0.4032742682386194,0.5209916889769071,0.07573404278447349
25812,GOF,0.027881633623435258,0.6565350549256802,0.31558331145088453
25813,Neutral,0.49689737456572375,0.41480216000829195,0.08830046542598421
25814,GOF,0.09812755416772337,0.6782141537584081,0.22365829207386848
25815,GOF,0.17411006996426232,0.655315043955984,0.17057488607975366
25816,GOF,0.024702135040918453,0.7364117677080878,0.2388860972509936
25817,GOF,0.22490803428829936,0.6612772134547127,0.11381475225698799
25818,GOF,0.05106322363424211,0.6918481581400607,0.25708861822569706
25819,GOF,0.33204843958571867,0.5382132867395514,0.12973827367472995
25820,GOF,0.16531425449889983,0.6287518529696884,0.20593389253141173
25821,GOF,0.053833777259760476,0.6918508357388378,0.25431538700140177
25822,GOF,0.20821718850840124,0.5859839002589191,0.20579891123267968
25823,GOF,0.03013678573504208,0.561754994229122,0.4081082200358361
25824,GOF,0.08232613020025063,0.6429064142861699,0.2747674555135795
25825,GOF,0.033446157866222966,0.6384887080472764,0.3280651340865006
25826,GOF,0.015176834263916706,0.6102154359036173,0.37460772983246593
25827,GOF,0.024536251166588252,0.6269334920183073,0.34853025681510447
25828,GOF,0.014070761576826605,0.5542638354294624,0.43166540299371087
25829,GOF,0.006173699604408934,0.5855425613136207,0.4082837390819703
25830,LOF,0.03270404987972738,0.31836480598185224,0.6489311441384203
25831,GOF,0.2136717567985761,0.673614665228092,0.11271357797333192
25832,GOF,0.03060086665062582,0.7320666972928817,0.23733243605649243
25833,GOF,0.10468203533749365,0.753974995595363,0.14134296906714341
25834,GOF,0.0298665489231905,0.7472246763269423,0.22290877474986723
25835,GOF,0.05854269110452435,0.7863434814616312,0.15511382743384433
25836,GOF,0.03284097890383613,0.7186340376423771,0.24852498345378676
25837,GOF,0.026689144781299298,0.6396511482892113,0.33365970692948943
25838,GOF,0.08632490808910435,0.7973485046424097,0.11632658726848576
25839,GOF,0.251870347505271,0.6238839515731395,0.12424570092158961
25840,GOF,0.2251550900255124,0.6501430313693755,0.12470187860511206
25841,GOF,0.2212467756190537,0.6519955836607663,0.12675764072017992
25842,GOF,0.12905672072161553,0.7558579260737005,0.11508535320468395
25843,GOF,0.18287161599191812,0.7320778770783009,0.08505050692978106
25844,GOF,0.05458451345954554,0.7548753415308465,0.19054014500960806
25845,GOF,0.014231140880504046,0.513084770044809,0.47268408907468695
25846,GOF,0.11504144461591785,0.7547469204833691,0.13021163490071294
25847,GOF,0.09580404523245988,0.8112123971973988,0.09298355757014139
25848,GOF,0.03404004750988832,0.7367444385017687,0.22921551398834297
25849,GOF,0.010404105562545573,0.6245283072401988,0.36506758719725557
25850,GOF,0.020834955030624866,0.6707260034854383,0.3084390414839367
25851,GOF,0.01573236771719538,0.5551650087965813,0.4291026234862235
25852,GOF,0.15057168004532148,0.5747632474839487,0.2746650724707299
25853,GOF,0.31828449839126,0.6104648677037111,0.07125063390502896
25854,GOF,0.020546421636592253,0.6480599159364008,0.33139366242700696
25855,GOF,0.03274664653025998,0.5897307087093469,0.3775226447603931
25856,GOF,0.22221932810181827,0.5828571641962311,0.19492350770195058
25857,GOF,0.03702197467968519,0.5435235213663404,0.4194545039539745
25858,GOF,0.02053582757757544,0.540546578091024,0.43891759433140054
25859,GOF,0.010732030081871255,0.5114330183192192,0.4778349515989096
25860,GOF,0.3453413866275052,0.5755118562376225,0.07914675713487224
25861,GOF,0.39531618424958,0.5399303982428478,0.06475341750757212
25862,GOF,0.07499159259187833,0.7944694024222496,0.13053900498587195
25863,GOF,0.0793680745311464,0.796716958794105,0.12391496667474869
25864,GOF,0.18060742125207216,0.7495840499928076,0.06980852875512018
25865,GOF,0.07803628964853167,0.8188691582366323,0.10309455211483604
25866,GOF,0.04841823219350466,0.8144653418810246,0.13711642592547066
25867,GOF,0.07681804116207644,0.8312796412008024,0.09190231763712128
25868,GOF,0.23599368217183492,0.6703419309089861,0.09366438691917905
25869,Neutral,0.6955051784738879,0.2600287160649854,0.04446610546112662
25870,GOF,0.250883116408625,0.46595354084888,0.283163342742495
25871,GOF,0.1988733974070641,0.6808785319268146,0.12024807066612128
25872,GOF,0.07079672244891246,0.6807370068264714,0.24846627072461624
25873,GOF,0.09996113814729371,0.7338227554663979,0.16621610638630854
25874,LOF,0.01316794457135804,0.1253043570549902,0.8615276983736517
25875,LOF,0.09026682958939193,0.04343920414144544,0.8662939662691626
25876,LOF,0.034347251574249206,0.028323357833703783,0.937329390592047
25877,Neutral,0.5017756902044299,0.04198406487487506,0.4562402449206951
25878,LOF,0.2176695247611223,0.08780126746719602,0.6945292077716817
25879,LOF,0.0837165753411375,0.08680443232727662,0.829478992331586
25880,LOF,0.03949136163257811,0.01493639357866426,0.9455722447887576
25881,LOF,0.15902963987988566,0.13112349558325959,0.7098468645368547
25882,LOF,0.058542754082827796,0.01767596347035678,0.9237812824468153
25883,LOF,0.06186909697209659,0.019426341112405418,0.9187045619154979
25884,LOF,0.03149151297376244,0.030926191918354797,0.9375822951078828
25885,LOF,0.061305708109287115,0.011031516822908288,0.9276627750678046
25886,LOF,0.2512887957399457,0.038431332157819846,0.7102798721022345
25887,LOF,0.14868849219844538,0.06845679963232995,0.7828547081692248
25888,LOF,0.06310841811551925,0.057871878696031734,0.8790197031884489
25889,LOF,0.038720596616619286,0.020477959111174122,0.9408014442722065
25890,LOF,0.050319673794854095,0.15141131837215507,0.7982690078329909
25891,LOF,0.03906363142702492,0.05661690519494998,0.904319463378025
25892,LOF,0.07941631824415743,0.019578546411081737,0.9010051353447609
25893,LOF,0.2449442349100292,0.017014581459471056,0.7380411836304998
25894,LOF,0.18078940310556996,0.009312041715599862,0.8098985551788301
25895,LOF,0.18578034428345477,0.019071637230329726,0.7951480184862154
25896,LOF,0.0514520016073035,0.019596246036145303,0.9289517523565511
25897,LOF,0.27061441064906994,0.010349010627954902,0.7190365787229751
25898,Neutral,0.6970744650719509,0.00898954118308655,0.29393599374496265
25899,LOF,0.21647981321186524,0.020955051112521078,0.7625651356756138
25900,LOF,0.4588239948468837,0.01153963259577807,0.5296363725573382
25901,LOF,0.04669835674685246,0.010318562876710584,0.942983080376437
25902,LOF,0.15046331569267582,0.01157552624930555,0.8379611580580187
25903,Neutral,0.5718092040243673,0.026158894434616137,0.40203190154101665
25904,LOF,0.3103851276302321,0.03618395465457762,0.6534309177151904
25905,LOF,0.02497629076138196,0.330211427717253,0.6448122815213649
25906,LOF,0.029112042304577847,0.07762068340252189,0.8932672742929002
25907,LOF,0.013867476249349017,0.3294880567139328,0.6566444670367182
25908,LOF,0.009765455944978836,0.2541756434521915,0.7360589006028296
25909,LOF,0.012527740263235573,0.1238863377941173,0.8635859219426472
25910,LOF,0.04904179253796792,0.14042467816560622,0.8105335292964257
25911,LOF,0.1857628489186182,0.026776641818309344,0.7874605092630724
25912,LOF,0.04485611508076052,0.05102727502185696,0.9041166098973825
25913,LOF,0.3510475155041369,0.022131451473984463,0.6268210330218786
25914,LOF,0.020366044106962536,0.050306719653619124,0.9293272362394184
25915,Neutral,0.5972567270422375,0.13609745949131938,0.26664581346644306
25916,LOF,0.08946706209015041,0.18427543989301995,0.7262574980168296
25917,LOF,0.06989573182214934,0.0390973641199158,0.8910069040579347
25918,LOF,0.021393579117846482,0.030807983860698204,0.9477984370214553
25919,LOF,0.017954531367874442,0.03403522565855318,0.9480102429735724
25920,GOF,0.11462931917506429,0.5166652325045356,0.3687054483204001
25921,LOF,0.02429865006883028,0.03918680727690341,0.9365145426542664
25922,LOF,0.03279824527000204,0.02741120231871486,0.9397905524112832
25923,LOF,0.47883394381147854,0.033632401272804514,0.48753365491571704
25924,LOF,0.033614700303965794,0.045877486122007136,0.9205078135740271
25925,LOF,0.06990692474949521,0.036235074012166156,0.8938580012383387
25926,LOF,0.05135627234826062,0.031320231218703525,0.9173234964330359
25927,LOF,0.05487589560089094,0.13660462671184515,0.808519477687264
25928,LOF,0.016791424431144442,0.05243437077514328,0.9307742047937124
25929,Neutral,0.5923181112428926,0.036108082609036876,0.3715738061480705
25930,LOF,0.0732474304277668,0.03087627768189388,0.8958762918903393
25931,LOF,0.02398011552413936,0.031682344273451846,0.9443375402024088
25932,LOF,0.0289052677434383,0.02685529815705262,0.9442394340995091
25933,LOF,0.038938470675406824,0.017856060882886573,0.9432054684417066
25934,LOF,0.02431115732079624,0.020031384714424474,0.9556574579647794
25935,LOF,0.06470109707007024,0.04852815502543028,0.8867707479044995
25936,LOF,0.04252960179222487,0.023159585154722412,0.9343108130530526
25937,LOF,0.025564985190366235,0.03524847146226851,0.9391865433473653
25938,LOF,0.06411084129264674,0.052636875544275645,0.8832522831630777
25939,LOF,0.042051041992261055,0.019977993647397354,0.9379709643603414
25940,LOF,0.037008979178388524,0.3529088073553588,0.6100822134662527
25941,LOF,0.18353942520064162,0.08903177375643552,0.7274288010429228
25942,LOF,0.011799654479861163,0.03283491390922463,0.9553654316109141
25943,LOF,0.30528497213561173,0.05754633427446849,0.6371686935899198
25944,LOF,0.4889517584517928,0.021482437422026556,0.4895658041261808
25945,LOF,0.07545095852877172,0.020506410296704455,0.9040426311745239
25946,LOF,0.034039645823422976,0.10724194602159771,0.8587184081549792
25947,LOF,0.11199019350960375,0.1586392035609044,0.7293706029294917
25948,LOF,0.37050370979475705,0.008128476422289433,0.6213678137829535
25949,LOF,0.11460904753013111,0.03962361185380204,0.845767340616067
25950,GOF,0.3197340490579225,0.35443250211082455,0.32583344883125287
25951,LOF,0.1952413651307241,0.2608171462191298,0.543941488650146
25952,LOF,0.05345551627233603,0.42653500178813625,0.5200094819395278
25953,LOF,0.15926432366971424,0.10886197906020327,0.7318736972700826
25954,Neutral,0.4146618199136583,0.18074311644220875,0.40459506364413306
25955,LOF,0.06396952621522606,0.07672273806522453,0.8593077357195494
25956,LOF,0.15603341009028235,0.14147819968817804,0.7024883902215396
25957,LOF,0.040751935179588146,0.02844146160923557,0.9308066032111763
25958,LOF,0.05263928708295333,0.02594946895374493,0.9214112439633018
25959,LOF,0.06560701885399824,0.3288477686134729,0.6055452125325289
25960,LOF,0.015072252624768332,0.04967466953660683,0.9352530778386248
25961,LOF,0.04030371888499898,0.02536505034230565,0.9343312307726954
25962,LOF,0.052989627052766546,0.02416797748037741,0.9228423954668561
25963,LOF,0.048083288924183655,0.18851813513860385,0.7633985759372125
25964,LOF,0.02992350984775764,0.15958780042670057,0.8104886897255418
25965,LOF,0.44078699135311084,0.06281569217150038,0.49639731647538876
25966,Neutral,0.5168178266788561,0.1757270916313523,0.3074550816897916
25967,LOF,0.01674663246573401,0.09993128047348224,0.8833220870607837
25968,LOF,0.03169471466988762,0.37435948838936445,0.5939457969407479
25969,LOF,0.03383520786141986,0.06254143667800396,0.903623355460576
25970,LOF,0.0609922181453576,0.05852716733630647,0.8804806145183359
25971,LOF,0.0622727376677269,0.019895297206080888,0.9178319651261921
25972,LOF,0.06329457980081463,0.03179625945579913,0.9049091607433861
25973,LOF,0.07077439647180073,0.009943384553778712,0.9192822189744205
25974,LOF,0.1879851662415006,0.01557834359771604,0.7964364901607834
25975,LOF,0.04200935349168947,0.02789701833546048,0.9300936281728501
25976,LOF,0.0407442822833072,0.016816252779128606,0.9424394649375641
25977,LOF,0.14822574810836148,0.083171602723856,0.7686026491677825
25978,LOF,0.14695027941849234,0.09208003017929046,0.7609696904022172
25979,LOF,0.13692172250702667,0.09035472869337913,0.7727235487995942
25980,LOF,0.2273353762333038,0.11799228847449206,0.6546723352922041
25981,LOF,0.2608193557540497,0.11679551415698514,0.6223851300889651
25982,LOF,0.41827297235427285,0.07946456262368808,0.5022624650220391
25983,LOF,0.40085627183721767,0.09246312073873426,0.5066806074240481
25984,LOF,0.047454402815012904,0.04872091524352945,0.9038246819414577
25985,LOF,0.034878561897540274,0.2904643944090178,0.674657043693442
25986,LOF,0.04963363418830733,0.34716530035740356,0.6032010654542891
25987,LOF,0.0826439839824278,0.07046691151210493,0.8468891045054672
25988,LOF,0.1534032057937562,0.05897533941865111,0.7876214547875927
25989,LOF,0.03574220883566343,0.11274338478866404,0.8515144063756724
25990,LOF,0.04298535007843059,0.14635054725029245,0.810664102671277
25991,LOF,0.12852906701270808,0.2501009488668015,0.6213699841204904
25992,LOF,0.2853980431324981,0.16226599010850135,0.5523359667590005
25993,LOF,0.021647302764503294,0.07372755618641882,0.9046251410490779
25994,LOF,0.016791612393831788,0.09369449602478737,0.8895138915813809
25995,LOF,0.022264798736860998,0.2038509077300959,0.7738842935330431
25996,GOF,0.34541606667092595,0.38928967326985553,0.2652942600592186
25997,LOF,0.09347410066552791,0.37127088099479844,0.5352550183396736
25998,Neutral,0.5030022140968178,0.025940971193461056,0.47105681470972116
25999,LOF,0.10123752901685133,0.09875914978749994,0.8000033211956488
26000,LOF,0.1465471326635856,0.045206397683171765,0.8082464696532428
26001,LOF,0.2037974261107392,0.05059884830518588,0.745603725584075
26002,LOF,0.12965272202208655,0.045213031295522184,0.8251342466823913
26003,GOF,0.010897664328935517,0.5833769261977354,0.4057254094733291
26004,GOF,0.025581360077230046,0.7001489742825328,0.2742696656402372
26005,LOF,0.006721005938819765,0.45414936358863844,0.5391296304725418
26006,Neutral,0.5156222550708681,0.24847083398047975,0.2359069109486521
26007,GOF,0.02138802496842477,0.5193343442492224,0.45927763078235284
26008,GOF,0.017994360847479577,0.6170505292386583,0.36495510991386215
26009,GOF,0.020866037714287914,0.6785639916995062,0.30056997058620594
26010,GOF,0.021918461536111117,0.6527223216225658,0.3253592168413231
26011,LOF,0.00685286282491747,0.4317460337985979,0.5614011033764847
26012,GOF,0.012395802696175705,0.5525282279424172,0.435075969361407
26013,GOF,0.019090852260234385,0.6180339702026638,0.36287517753710186
26014,LOF,0.03883138298052546,0.11963370191647604,0.8415349151029985
26015,LOF,0.1657573604342427,0.01623091729876983,0.8180117222669875
26016,LOF,0.19412874254057377,0.058960874914152396,0.7469103825452739
26017,LOF,0.22009309720952996,0.09973002759506887,0.6801768751954013
26018,LOF,0.07684940149645819,0.044443415002151876,0.87870718350139
26019,LOF,0.07361525365802553,0.03520103141039611,0.8911837149315784
26020,LOF,0.06466708636012734,0.10708719861954405,0.8282457150203286
26021,LOF,0.04522691318941632,0.1113736793475405,0.8433994074630431
26022,LOF,0.011129864553175198,0.045381046109141114,0.9434890893376837
26023,LOF,0.06423791495104858,0.026496111830825373,0.909265973218126
26024,LOF,0.029209689638239753,0.11473113690889142,0.8560591734528687
26025,LOF,0.14577554592071076,0.10498425732552198,0.7492401967537672
26026,LOF,0.31291613005211383,0.030981884792203554,0.6561019851556826
26027,LOF,0.05822458466476097,0.020811486097375688,0.9209639292378634
26028,LOF,0.16859608452220937,0.06462265229532037,0.7667812631824703
26029,LOF,0.07207823075790441,0.13665635340473642,0.7912654158373593
26030,LOF,0.021864995734556202,0.030775359523734398,0.9473596447417094
26031,LOF,0.02705638502874998,0.0999064025072248,0.8730372124640252
26032,LOF,0.06348215176484379,0.04416705421331107,0.8923507940218451
26033,LOF,0.08833055655371871,0.04201197858474802,0.8696574648615333
26034,LOF,0.04511558232299228,0.11495939009052424,0.8399250275864836
26035,LOF,0.02671413108214197,0.11191856111648095,0.8613673078013772
26036,LOF,0.040112635661114934,0.1266656962725276,0.8332216680663576
26037,LOF,0.021983654837941527,0.08960235971360134,0.8884139854484572
26038,LOF,0.05986296929258624,0.04503719704363286,0.8950998336637808
26039,LOF,0.0498687018319305,0.11061462800534222,0.8395166701627272
26040,LOF,0.2035153589063171,0.08589288666110362,0.7105917544325792
26041,LOF,0.022707414312055703,0.0811977465728685,0.8960948391150757
26042,LOF,0.02077578097921244,0.07906374963092506,0.9001604693898625
26043,LOF,0.06148973833600896,0.05115113081446956,0.8873591308495214
26044,LOF,0.019880383374355878,0.03838778864476424,0.9417318279808797
26045,LOF,0.06997780837547973,0.07249701339092145,0.8575251782335989
26046,LOF,0.0576772647293927,0.043587301651352627,0.8987354336192546
26047,LOF,0.07620605991420952,0.04542638746450054,0.87836755262129
26048,LOF,0.04578521220861169,0.027636321330352393,0.9265784664610359
26049,Neutral,0.9685001149227271,0.005035065591585867,0.026464819485687033
26050,Neutral,0.9554035395453575,0.00626089412237676,0.03833556633226575
26051,LOF,0.04645785223328228,0.29802572345918477,0.655516424307533
26052,LOF,0.0647445217275847,0.34408567573736515,0.5911698025350501
26053,LOF,0.05211918140985471,0.13041464670568262,0.8174661718844626
26054,LOF,0.0496672798444912,0.017775243324822974,0.9325574768306859
26055,LOF,0.0660996400421192,0.015268529511569434,0.9186318304463112
26056,LOF,0.05676373821909771,0.016811796323805438,0.9264244654570969
26057,LOF,0.03126054005614256,0.013009476427811056,0.9557299835160463
26058,LOF,0.03261707427068432,0.010745811212086865,0.9566371145172289
26059,LOF,0.25410664570306274,0.02138825651062517,0.7245050977863121
26060,LOF,0.04479616879077325,0.18224958077232606,0.7729542504369007
26061,LOF,0.015955022108251293,0.01360347783966993,0.9704415000520787
26062,LOF,0.009369205496928327,0.0183736068131505,0.9722571876899212
26063,LOF,0.01911826987108315,0.0113833881280141,0.9694983420009027
26064,LOF,0.021048969836465835,0.025275565137004227,0.9536754650265299
26065,LOF,0.024806742529051542,0.011940065215490394,0.9632531922554581
26066,LOF,0.0195222525698783,0.011163512956151934,0.9693142344739698
26067,LOF,0.027080462298809026,0.009022655131808931,0.9638968825693821
26068,LOF,0.04193647083825044,0.030236706064755304,0.9278268230969942
26069,LOF,0.24697487645450455,0.018368370721475673,0.7346567528240198
26070,LOF,0.3883293821007224,0.015305081898475034,0.5963655360008026
26071,LOF,0.019129637002847446,0.012418467525671488,0.9684518954714811
26072,LOF,0.01839084776784675,0.018735896511238654,0.9628732557209145
26073,LOF,0.018849468288608544,0.011710631579400787,0.9694399001319907
26074,Neutral,0.9091209118471376,0.005821179119585094,0.08505790903327741
26075,LOF,0.044991037539713036,0.014206397927321939,0.9408025645329651
26076,LOF,0.036634871700331396,0.009700468619516851,0.9536646596801517
26077,LOF,0.009066541025703279,0.015042642649273295,0.9758908163250235
26078,LOF,0.013803070370031634,0.01309435542222948,0.9731025742077388
26079,LOF,0.05783507635200523,0.016947464689507318,0.9252174589584875
26080,LOF,0.05701279712234821,0.01692441902992616,0.9260627838477257
26081,LOF,0.03317602242217295,0.007092784834351891,0.9597311927434753
26082,LOF,0.012491371616420525,0.015044489892823922,0.9724641384907555
26083,LOF,0.17343102556635906,0.014478829473870244,0.8120901449597707
26084,LOF,0.0432571996910713,0.013445893792126781,0.9432969065168019
26085,LOF,0.03867901263899626,0.01277134178380457,0.9485496455771991
26086,LOF,0.019920919658875103,0.012122246874026008,0.9679568334670988
26087,LOF,0.022726649091307793,0.009356113460164604,0.9679172374485276
26088,LOF,0.01691320303400234,0.026323797022708158,0.9567629999432896
26089,LOF,0.04007813488349184,0.022080657322252163,0.937841207794256
26090,LOF,0.04001105685145861,0.0181498848486183,0.9418390582999231
26091,LOF,0.031008343921672014,0.006442593772784691,0.9625490623055434
26092,LOF,0.021536121874650784,0.00874251164375914,0.96972136648159
26093,LOF,0.03226132647676334,0.006606789298587112,0.9611318842246497
26094,LOF,0.0338456688847654,0.0069188732285984265,0.9592354578866362
26095,LOF,0.03614207469226894,0.01416933001348186,0.9496885952942491
26096,LOF,0.016219201032140942,0.012522303558242647,0.9712584954096164
26097,LOF,0.011105894006186522,0.038490656235363234,0.9504034497584503
26098,LOF,0.07745762180109883,0.011698993231333922,0.9108433849675672
26099,LOF,0.01957759885455969,0.012817228829948096,0.9676051723154921
26100,LOF,0.021598907563487018,0.01244201757857521,0.9659590748579377
26101,LOF,0.04299987247690461,0.017460144829911362,0.939539982693184
26102,LOF,0.019399885907166164,0.013089748474232742,0.9675103656186012
26103,Neutral,0.8786085116130544,0.018851149894587204,0.10254033849235845
26104,LOF,0.07357992926327596,0.0234379264829588,0.9029821442537652
26105,LOF,0.19447700676719257,0.27161939950150643,0.533903593731301
26106,LOF,0.16586445685995913,0.1258269248974932,0.7083086182425476
26107,LOF,0.2563406972249431,0.08392912167303755,0.6597301811020193
26108,LOF,0.21327728111894884,0.09165495666118176,0.6950677622198694
26109,LOF,0.09055928272833107,0.05703179716419007,0.8524089201074788
26110,LOF,0.21590761336988598,0.006837844130305522,0.7772545424998084
26111,Neutral,0.5106981270172651,0.027385023832731194,0.4619168491500037
26112,LOF,0.03202141727985375,0.00692297176316481,0.9610556109569814
26113,LOF,0.06384678820611812,0.015486844418167544,0.9206663673757143
26114,LOF,0.026176458884339313,0.02789354369248921,0.9459299974231715
26115,LOF,0.09132295363164618,0.051076333228892074,0.8576007131394617
26116,LOF,0.06419969185789738,0.05649302207167881,0.8793072860704237
26117,LOF,0.45154418126706125,0.042996376190074,0.5054594425428647
26118,LOF,0.03462771510493447,0.025996415231518757,0.9393758696635467
26119,LOF,0.02345162094150155,0.036019071092920275,0.9405293079655782
26120,LOF,0.024026901497559837,0.01996506129047299,0.9560080372119673
26121,LOF,0.042246696982677474,0.0868610630825189,0.8708922399348036
