feature0,prediction,LoGoFunc_Neutral,LoGoFunc_GOF,LoGoFunc_LOF
25546,Neutral,0.6634485676554125,0.05592356934882993,0.2806278629957576
25547,Neutral,0.527190944805854,0.09881906884405443,0.3739899863500915
25548,Neutral,0.5143312092295366,0.08265986500119982,0.4030089257692636
25549,LOF,0.43714675490378174,0.08574797859870963,0.4771052664975085
25550,LOF,0.3530882830496655,0.13142695076364183,0.5154847661866927
25551,LOF,0.3050179628472351,0.14224766805515138,0.5527343690976135
25552,LOF,0.2587125320290736,0.13958298890668502,0.6017044790642413
25553,Neutral,0.8128267646985777,0.04234419001497731,0.14482904528644508
25554,LOF,0.29757520470930804,0.12445458874879121,0.5779702065419007
25555,LOF,0.25256100907530465,0.11786132536661874,0.6295776655580767
25556,Neutral,0.4515103622926962,0.10267702593512322,0.44581261177218057
25557,LOF,0.2405616745971847,0.12553805451170202,0.6339002708911133
25558,LOF,0.3031397849299605,0.12546475843537377,0.5713954566346657
25559,LOF,0.17612720167217766,0.12970730099241776,0.6941654973354046
25560,LOF,0.15832608139349752,0.10222310349492683,0.7394508151115756
25561,LOF,0.15210837069383293,0.12009448532880919,0.727797143977358
25562,LOF,0.06804536264007191,0.07849818264253489,0.8534564547173933
25563,LOF,0.02218443751964856,0.11087307299116907,0.8669424894891823
25564,LOF,0.22112422759184916,0.11022307204630599,0.6686527003618448
25565,LOF,0.2099779256804115,0.1520001925974706,0.6380218817221178
25566,GOF,0.09715682602617048,0.6859345930695581,0.2169085809042716
25567,LOF,0.03311352482832542,0.12883140031144005,0.8380550748602345
25568,LOF,0.05628051012232645,0.07292150415794318,0.8707979857197303
25569,LOF,0.058685893800402865,0.07536266591026773,0.8659514402893295
25570,LOF,0.025544935822440915,0.10156509292998205,0.8728899712475771
25571,LOF,0.02424974368499641,0.10539579909486277,0.8703544572201407
25572,LOF,0.06158234905528019,0.12348306558005828,0.8149345853646616
25573,LOF,0.05735579445177325,0.08838085231698091,0.8542633532312458
25574,LOF,0.05887361235599323,0.18946442205129657,0.7516619655927101
25575,LOF,0.020668182060811637,0.12408164254378616,0.8552501753954022
25576,LOF,0.03339530943079119,0.16626814091408662,0.8003365496551221
25577,LOF,0.028545112793550587,0.11474210469225825,0.8567127825141913
25578,LOF,0.2896974602718497,0.078651033308853,0.6316515064192972
25579,LOF,0.12447391018917735,0.08571772477335961,0.7898083650374631
25580,LOF,0.01814552278917517,0.08130900971458949,0.9005454674962354
25581,LOF,0.056695043278739185,0.07062936803589424,0.8726755886853667
25582,LOF,0.05640058672457842,0.06961690739835566,0.8739825058770659
25583,LOF,0.019249449924932188,0.08461661427209133,0.8961339358029764
25584,Neutral,0.6634416737085721,0.11011152321162714,0.22644680307980064
25585,LOF,0.033073836023581285,0.12443214168838677,0.842494022288032
25586,LOF,0.016834414256815033,0.06732367642445641,0.9158419093187286
25587,LOF,0.016630317353216708,0.06043907730390694,0.9229306053428764
25588,LOF,0.019292631094937628,0.07336835050603693,0.9073390183990254
25589,Neutral,0.49631665082987986,0.2003055827561674,0.30337776641395264
25590,LOF,0.04627107465055977,0.10845646687498335,0.8452724584744569
25591,LOF,0.10059199350950712,0.05950679322328752,0.8399012132672053
25592,LOF,0.05081684652016501,0.12542445421954965,0.8237586992602854
25593,LOF,0.13604090798664903,0.2559083889295207,0.6080507030838302
25594,LOF,0.047194836307873765,0.11510960398590345,0.8376955597062229
25595,LOF,0.04740844790657187,0.07927853587713307,0.873313016216295
25596,LOF,0.11172779929034492,0.04805402647535703,0.840218174234298
25597,LOF,0.08579299339561704,0.05615720002552292,0.85804980657886
25598,LOF,0.04709485211739025,0.08822146111227856,0.864683686770331
25599,GOF,0.023035784271366773,0.5068213938425871,0.47014282188604617
25600,GOF,0.19598594602729855,0.4960509631966572,0.3079630907760443
25601,LOF,0.04151256366126615,0.381827369927457,0.5766600664112768
25602,LOF,0.03265090277425928,0.053506002115198646,0.9138430951105421
25603,LOF,0.03820470604289998,0.025081162604200145,0.9367141313528999
25604,LOF,0.038591410772373214,0.05810427468219548,0.9033043145454313
25605,LOF,0.04217454673570976,0.16046736603188494,0.7973580872324053
25606,LOF,0.42744402537945086,0.09103695240361397,0.4815190222169352
25607,LOF,0.026151015453021592,0.16327066612581512,0.8105783184211632
25608,LOF,0.03297038528450164,0.08353163669675581,0.8834979780187425
25609,GOF,0.14565258454266788,0.5757549708136105,0.2785924446437216
25610,LOF,0.01649617083897799,0.027017412961603704,0.9564864161994183
25611,LOF,0.01576402264364548,0.03379179884915714,0.9504441785071974
25612,LOF,0.04644306405127434,0.04149311966689182,0.9120638162818339
25613,LOF,0.046858772897590585,0.041996847579577556,0.9111443795228319
25614,LOF,0.02221648836950965,0.027066224414176023,0.9507172872163143
25615,LOF,0.044955116637952465,0.03845195203007089,0.9165929313319767
25616,LOF,0.04610292350643852,0.026616288717096447,0.927280787776465
25617,LOF,0.04152225210351009,0.03473052469129618,0.9237472232051936
25618,LOF,0.05034744193135385,0.03335435520527661,0.9162982028633695
25619,LOF,0.015535493719538808,0.0301209060670657,0.9543436002133955
25620,LOF,0.06514781578293741,0.041202539640360344,0.8936496445767023
25621,LOF,0.05215462707231165,0.032428143997053335,0.9154172289306349
25622,LOF,0.059698888021089566,0.03289914782797154,0.9074019641509389
25623,LOF,0.07076134212461527,0.0269433196811937,0.9022953381941912
25624,LOF,0.019287859385483472,0.03396215093168721,0.9467499896828292
25625,LOF,0.06510445790037457,0.04156924512443818,0.8933262969751873
25626,LOF,0.04542114641707597,0.03958714218594541,0.9149917113969787
25627,Neutral,0.8860646855640054,0.023666727855123512,0.09026858658087111
25628,LOF,0.13931710491149077,0.06125101777118441,0.7994318773173248
25629,LOF,0.058209329632943375,0.04510948805171995,0.8966811823153367
25630,LOF,0.26593228137939234,0.07160771491956218,0.6624600037010455
25631,Neutral,0.5569144389188923,0.05674371863787973,0.386341842443228
25632,LOF,0.02875894137986049,0.05885053374877581,0.9123905248713636
25633,LOF,0.20811111461731766,0.03738268950476212,0.7545061958779202
25634,LOF,0.03522823743208089,0.07645054311551808,0.8883212194524011
25635,LOF,0.0376347137600505,0.04239268666908963,0.9199725995708598
25636,GOF,0.04006032831967786,0.492340693296598,0.46759897838372405
25637,LOF,0.06402720315309698,0.465593728010895,0.47037906883600816
25638,LOF,0.03951762477254073,0.2851271669144562,0.675355208313003
25639,LOF,0.03293229321507101,0.33178060067644644,0.6352871061084826
25640,Neutral,0.8290112658955582,0.1286950502752092,0.04229368382923265
25641,LOF,0.05113930662540346,0.47033425159732173,0.47852644177727477
25642,LOF,0.03856361743231092,0.15440684649790468,0.8070295360697843
25643,LOF,0.18924749232743224,0.16539505757107498,0.6453574501014928
25644,LOF,0.02194726135173191,0.4677427773817429,0.5103099612665252
25645,LOF,0.01995360141865197,0.40421624035578424,0.5758301582255638
25646,LOF,0.05107968602579387,0.3438389020388961,0.60508141193531
25647,LOF,0.020912989803416427,0.2609312582838879,0.7181557519126957
25648,LOF,0.02913827590896845,0.2349161691735207,0.7359455549175109
25649,LOF,0.014645030511082456,0.23489625010983367,0.7504587193790838
25650,LOF,0.05393134401137511,0.41233770431584915,0.5337309516727758
25651,LOF,0.01740282284898261,0.25848544272131846,0.724111734429699
25652,LOF,0.027630505626072388,0.25920316583180825,0.7131663285421193
25653,LOF,0.07651308070057661,0.3965757236089832,0.5269111956904402
25654,LOF,0.022636939893665973,0.20525326467614366,0.7721097954301903
25655,GOF,0.25574226131289535,0.38755282128858815,0.3567049173985165
25656,LOF,0.29013059954170656,0.042503731039815716,0.6673656694184776
25657,LOF,0.0827066745964212,0.05203816989715165,0.8652551555064272
25658,LOF,0.4095628115615748,0.04545297619124955,0.5449842122471756
25659,Neutral,0.5486645770880287,0.06992403030044371,0.38141139261152757
25660,LOF,0.027463984491873206,0.08012333340867422,0.8924126820994526
25661,LOF,0.09856877939633867,0.058970710781508576,0.8424605098221528
25662,LOF,0.03371701540065179,0.03092020443765621,0.935362780161692
25663,LOF,0.04061842260937124,0.04823629771660035,0.9111452796740284
25664,LOF,0.13800642670883018,0.055599899074080264,0.8063936742170895
25665,LOF,0.05487156303289111,0.030869593009177177,0.9142588439579317
25666,LOF,0.08519876346282694,0.0708917208518922,0.8439095156852809
25667,LOF,0.06993161015067804,0.039400737032799116,0.8906676528165228
25668,LOF,0.03847202710953728,0.04895764216254023,0.9125703307279225
25669,LOF,0.03687390505283095,0.059551086048673325,0.9035750088984957
25670,LOF,0.13863841191046847,0.0435285140598634,0.8178330740296682
25671,LOF,0.09654794693671241,0.029843841430679044,0.8736082116326085
25672,LOF,0.05283645346745427,0.042485907750775626,0.9046776387817701
25673,LOF,0.08118614836987995,0.03955291187076207,0.8792609397593579
25674,LOF,0.06976789990736289,0.05246309133228378,0.8777690087603532
25675,LOF,0.11605790709088573,0.04641349835283133,0.837528594556283
25676,LOF,0.018365765592259217,0.050638691828436506,0.9309955425793042
25677,LOF,0.027870271869918462,0.06876990201428058,0.9033598261158008
25678,LOF,0.19017068654846264,0.055887859536128244,0.7539414539154091
25679,LOF,0.13179276970126072,0.0714461816919703,0.796761048606769
25680,LOF,0.031046046252570243,0.10821589518658103,0.8607380585608487
25681,LOF,0.05033494252311767,0.09901416954714834,0.850650887929734
25682,LOF,0.1500305419608157,0.06380356424939873,0.7861658937897856
25683,LOF,0.12611013757722342,0.07764220179504033,0.7962476606277363
25684,LOF,0.043969833732244175,0.06702437204425872,0.889005794223497
25685,LOF,0.12925892255182128,0.05021419613049055,0.8205268813176883
25686,LOF,0.07588539311142518,0.09509065508257197,0.8290239518060029
25687,LOF,0.11959875476888712,0.08374028947419765,0.7966609557569152
25688,LOF,0.2869195341606246,0.040119687861648955,0.6729607779777264
25689,LOF,0.23029650710622487,0.048451761990290394,0.7212517309034848
25690,LOF,0.355112947181555,0.036240064465944875,0.6086469883525001
25691,Neutral,0.6940162219569344,0.02800217588464285,0.2779816021584228
25692,LOF,0.29017554773866533,0.01182668545909139,0.6979977668022433
25693,LOF,0.05172140286428393,0.4535292930074477,0.49474930412826834
25694,LOF,0.12394885831297649,0.018461739437466564,0.8575894022495569
25695,LOF,0.1208838895894744,0.017757249609887154,0.8613588608006385
25696,LOF,0.12692771279956816,0.009342109275951251,0.8637301779244805
25697,LOF,0.12557633782674069,0.027546519278871587,0.8468771428943878
25698,LOF,0.34068976284425073,0.2375965663134369,0.42171367084231226
25699,LOF,0.3954717878099752,0.04487280271729012,0.5596554094727346
25700,LOF,0.04783475148005455,0.011252254777658672,0.9409129937422869
25701,LOF,0.1456634818878842,0.051886150353945844,0.80245036775817
25702,GOF,0.17749698047597812,0.5495649550692439,0.27293806445477814
25703,LOF,0.01831371156440481,0.14298392900091283,0.8387023594346823
25704,LOF,0.0482948729597443,0.11559946557400037,0.8361056614662553
25705,LOF,0.058206510804634105,0.18176419454330353,0.7600292946520624
25706,LOF,0.09613827495909466,0.3428459799088553,0.5610157451320501
25707,LOF,0.09287749489373721,0.2712114370491678,0.6359110680570951
25708,LOF,0.0350020633736805,0.25099207171946547,0.714005864906854
25709,LOF,0.057828306762665684,0.042458570982313794,0.8997131222550205
25710,LOF,0.01184053044543296,0.12453477217927378,0.8636246973752931
25711,LOF,0.01886694956655269,0.08876799606709106,0.8923650543663562
25712,LOF,0.013335234729325341,0.16795086543193052,0.8187138998387441
25713,LOF,0.0189579295757377,0.08018853936421419,0.9008535310600481
25714,LOF,0.07166666505380716,0.08092371747003041,0.8474096174761625
25715,LOF,0.010595821781732557,0.14189278457877522,0.8475113936394923
25716,LOF,0.01624435527046145,0.10163042086412459,0.8821252238654139
25717,LOF,0.012296379104044786,0.0803896323844836,0.9073139885114715
25718,LOF,0.011821201663624081,0.10484579766560378,0.8833330006707721
25719,LOF,0.01840839696035429,0.08521503923674222,0.8963765638029035
25720,LOF,0.021948070866004612,0.07342558212110308,0.9046263470128922
25721,LOF,0.01644530408948445,0.10115354904535882,0.8824011468651567
25722,LOF,0.013791478200731594,0.12315206235546342,0.8630564594438049
25723,LOF,0.02278474761510982,0.04544187953883505,0.9317733728460552
25724,LOF,0.02480033969848896,0.08288737233519644,0.8923122879663146
25725,LOF,0.011813309028326141,0.06996430749502236,0.9182223834766515
25726,LOF,0.014608046906447458,0.09271090038745891,0.8926810527060935
25727,LOF,0.013013401556996752,0.0805767415137718,0.9064098569292314
25728,LOF,0.009701205827903413,0.1124492892557583,0.8778495049163382
25729,LOF,0.010069779021858296,0.11109903000312306,0.8788311909750187
25730,LOF,0.01349922581966281,0.08038505573518767,0.9061157184451495
25731,LOF,0.021995338930557672,0.11048174035698481,0.8675229207124574
25732,LOF,0.014971591200567277,0.08650875313553037,0.8985196556639024
25733,LOF,0.016188348294785975,0.0803603221110165,0.9034513295941976
25734,LOF,0.01300226422418994,0.12008956895532619,0.8669081668204839
25735,LOF,0.013512703310764722,0.08668153306347773,0.8998057636257575
25736,LOF,0.014255813227751062,0.11143347138951103,0.874310715382738
25737,LOF,0.020445095752822204,0.08552021601028682,0.894034688236891
25738,LOF,0.013571277618545943,0.11539752463353582,0.8710311977479183
25739,LOF,0.01962642471184031,0.08390689283533143,0.8964666824528283
25740,LOF,0.026731388237120422,0.0997433156336729,0.8735252961292066
25741,LOF,0.014840164449060589,0.10516820168669115,0.8799916338642483
25742,LOF,0.11732957691259946,0.0810098482672572,0.8016605748201434
25743,LOF,0.0366641997233068,0.02606547660671725,0.937270323669976
25744,Neutral,0.578654525731921,0.19509953925287574,0.22624593501520318
25745,LOF,0.08067953645766039,0.06947811161312359,0.849842351929216
25746,LOF,0.04086251944172346,0.07966079110319141,0.8794766894550852
25747,LOF,0.02529235785065397,0.03742102409322415,0.9372866180561218
25748,LOF,0.10876941766731159,0.054729958218243495,0.836500624114445
25749,LOF,0.02661977904767649,0.0733294333672671,0.9000507875850564
25750,LOF,0.09156085167436148,0.07471492811407394,0.8337242202115646
25751,LOF,0.10083153085748879,0.052958648008492794,0.8462098211340183
25752,GOF,0.10163325758485793,0.6390670165175868,0.2592997258975553
25753,LOF,0.01736576860140965,0.28808205553638594,0.6945521758622045
25754,GOF,0.011342533693341487,0.7497823498548886,0.23887511645176998
25755,LOF,0.021187820142520356,0.37935566216163574,0.599456517695844
25756,LOF,0.04215668059486842,0.3764727728412183,0.5813705465639133
25757,GOF,0.015114169517420716,0.8286896621688651,0.1561961683137143
25758,GOF,0.027646091296564427,0.7923783200143824,0.17997558868905308
25759,GOF,0.011586859173214902,0.5236739530480676,0.4647391877787174
25760,LOF,0.011768086236656388,0.24411691077868702,0.7441150029846566
25761,GOF,0.31061682420465964,0.5868675083139677,0.10251566748137268
25762,LOF,0.03492418302075323,0.2712739014009167,0.6938019155783302
25763,LOF,0.012502675712185165,0.20692644760247889,0.7805708766853361
25764,GOF,0.08589461809686945,0.6048568590882849,0.3092485228148456
25765,GOF,0.03940155798292199,0.7437055933562713,0.21689284866080663
25766,GOF,0.0638498992447586,0.7464339312055226,0.18971616954971882
25767,GOF,0.17615812707511996,0.4511862216780909,0.3726556512467891
25768,LOF,0.08789133738220144,0.0694800309326474,0.8426286316851511
25769,LOF,0.06253876605730145,0.05715810481844829,0.8803031291242503
25770,LOF,0.26314453798351584,0.08038545465906116,0.656470007357423
25771,LOF,0.04045259887751349,0.045646490496003105,0.9139009106264835
25772,LOF,0.016150124031209443,0.03125442813566561,0.9525954478331249
25773,LOF,0.04161642707880753,0.08487454046104655,0.8735090324601458
25774,LOF,0.027773635107492863,0.07318483274849881,0.8990415321440083
25775,LOF,0.046336747131193984,0.048194707345453426,0.9054685455233525
25776,LOF,0.06643292551576997,0.0248387767619109,0.9087282977223191
25777,LOF,0.34202060237939375,0.047762419945069634,0.6102169776755366
25778,LOF,0.057802778698480925,0.04606282891574352,0.8961343923857756
25779,GOF,0.3635099136770561,0.5943755363661622,0.04211454995678166
25780,GOF,0.27214692145034436,0.6533065418349627,0.07454653671469288
25781,GOF,0.14781041401446485,0.7404912685053044,0.11169831748023085
25782,GOF,0.20726729640250602,0.7163682025199692,0.07636450107752467
25783,GOF,0.029479334501574417,0.6334870724493371,0.3370335930490886
25784,Neutral,0.48098419597713593,0.47577278156933145,0.043243022453532634
25785,GOF,0.45764724068137447,0.5028202441101571,0.03953251520846832
25786,GOF,0.023898899971714755,0.7485420390436187,0.2275590609846665
25787,Neutral,0.6349167701156605,0.3391747650024739,0.025908464881865517
25788,LOF,0.044057924039865,0.1022466302291685,0.8536954457309665
25789,GOF,0.19131452387286504,0.6632905199016983,0.1453949562254366
25790,GOF,0.22239175222646348,0.666851608910722,0.11075663886281448
25791,GOF,0.16135521693437538,0.6548050382703811,0.18383974479524348
25792,GOF,0.3388858398233796,0.5242990859857046,0.13681507419091582
25793,GOF,0.24007529717691925,0.5647437511919329,0.19518095163114782
25794,GOF,0.27124731755642295,0.543571311792929,0.18518137065064819
25795,GOF,0.06893783170042146,0.6947405845548054,0.2363215837447732
25796,Neutral,0.5288870090454492,0.38105753575271517,0.09005545520183565
25797,GOF,0.08284376306330775,0.5623150828626948,0.3548411540739974
25798,GOF,0.008852974954771376,0.517286475763348,0.4738605492818807
25799,LOF,0.006981799048686165,0.3917976515536106,0.6012205493977032
25800,GOF,0.031255228974997454,0.6044920639369695,0.3642527070880331
25801,GOF,0.19878658657941992,0.6737230283749082,0.12749038504567178
25802,GOF,0.07224521520124402,0.6980735968525983,0.22968118794615766
25803,GOF,0.0354299905571888,0.5677276107314111,0.3968423987114001
25804,LOF,0.031126009586894664,0.4828623363167182,0.48601165409638697
25805,GOF,0.09344556497434096,0.5974192412982584,0.3091351937274008
25806,GOF,0.09178841703723487,0.5812525514403998,0.3269590315223652
25807,GOF,0.019452292396509308,0.628520307525385,0.3520274000781057
25808,GOF,0.08080207929943364,0.6184240663640804,0.30077385433648596
25809,GOF,0.016842310937376554,0.5856726803859442,0.39748500867667935
25810,GOF,0.015738349699094805,0.6151006641573387,0.36916098614356657
25811,GOF,0.4330605057673974,0.4930577155196738,0.07388177871292877
25812,GOF,0.028037797199891464,0.6288720864488078,0.3430901163513007
25813,Neutral,0.5104491687051979,0.38998314378508003,0.09956768750972213
25814,GOF,0.10734424413470502,0.6505286693608369,0.24212708650445813
25815,GOF,0.18375016771053104,0.6176698614504529,0.1985799708390161
25816,GOF,0.02222173035817234,0.7084546892809397,0.26932358036088805
25817,GOF,0.22233789954537828,0.6418842337269968,0.13577786672762507
25818,GOF,0.04480521640481156,0.6681906200825717,0.28700416351261665
25819,GOF,0.33736342183536044,0.5160850320534955,0.14655154611114396
25820,GOF,0.18220138299722807,0.5914563888684413,0.2263422281343306
25821,GOF,0.05780442304473688,0.6733955811324703,0.2687999958227927
25822,GOF,0.20985188490783405,0.5715666962815882,0.21858141881057772
25823,GOF,0.030546865823429477,0.5369133310003257,0.43253980317624496
25824,GOF,0.08474886939395176,0.6154111795936947,0.29983995101235356
25825,GOF,0.03338747850878076,0.6110453127474454,0.35556720874377373
25826,GOF,0.014579349047212,0.5841448703250296,0.40127578062775854
25827,GOF,0.02531956662057193,0.6105683203574898,0.36411211302193836
25828,GOF,0.014843972056288693,0.5355625063185047,0.44959352162520666
25829,GOF,0.005840326225208543,0.563070400371339,0.43108927340345243
25830,LOF,0.03032014628318889,0.2932274989677389,0.6764523547490723
25831,GOF,0.2138049437670223,0.666379728899981,0.11981532733299667
25832,GOF,0.028928619679851837,0.7022116855160211,0.26885969480412714
25833,GOF,0.10428587120954223,0.7315719590457932,0.16414216974466467
25834,GOF,0.028888770308464793,0.7205002828006386,0.2506109468908966
25835,GOF,0.06060709727675476,0.7706544468361745,0.16873845588707082
25836,GOF,0.029100608541005032,0.6807244699853856,0.29017492147360924
25837,GOF,0.02542847160985443,0.609447288919763,0.36512423947038264
25838,GOF,0.08671366760177886,0.7769069114635272,0.13637942093469388
25839,GOF,0.2542935376680184,0.6029765740682811,0.14272988826370045
25840,GOF,0.22727749763486962,0.6276218750819333,0.1451006272831969
25841,GOF,0.2166536381208,0.6485070221905769,0.1348393396886231
25842,GOF,0.1360407064626827,0.7290438595988761,0.13491543393844113
25843,GOF,0.18235787360844818,0.720622957241438,0.0970191691501138
25844,GOF,0.05503236690540421,0.7380112213547643,0.20695641173983154
25845,GOF,0.013751158682947563,0.49768354623967287,0.48856529507737967
25846,GOF,0.11729129604533971,0.7385948342746047,0.14411386968005566
25847,GOF,0.08873434489580906,0.7966667784540178,0.11459887665017318
25848,GOF,0.03282158613580299,0.6993819852670348,0.26779642859716235
25849,GOF,0.009752179040243688,0.5992628152868771,0.3909850056728793
25850,GOF,0.018036934153659638,0.6347979482428252,0.34716511760351515
25851,GOF,0.014705610337687589,0.5318104116447746,0.4534839780175377
25852,GOF,0.16124787225965917,0.5505713159284598,0.28818081181188104
25853,GOF,0.3220971079056013,0.5981076470938695,0.0797952450005292
25854,GOF,0.021720877277951266,0.6165290135026735,0.36175010921937517
25855,GOF,0.033788339475714066,0.5663905472822206,0.39982111324206543
25856,GOF,0.2125673522452796,0.5777649582215116,0.2096676895332087
25857,GOF,0.03688500023013223,0.5381004573189336,0.425014542450934
25858,GOF,0.018630605589838572,0.5262630255622062,0.4551063688479552
25859,GOF,0.00966677720168223,0.5063682872549605,0.4839649355433572
25860,GOF,0.3359447326723431,0.5762025611313214,0.08785270619633546
25861,GOF,0.40474295672150445,0.5307624537147285,0.06449458956376705
25862,GOF,0.07509016872927675,0.7839580687859179,0.1409517624848052
25863,GOF,0.07379211067095819,0.7879670372891383,0.13824085203990358
25864,GOF,0.19512926455782487,0.7287503000096546,0.07612043543252041
25865,GOF,0.08193247963762161,0.8068369851809577,0.1112305351814206
25866,GOF,0.0544542981578806,0.782134589232118,0.16341111261000152
25867,GOF,0.07841266393074403,0.8107062779378282,0.11088105813142778
25868,GOF,0.22623436897190935,0.6665307761238688,0.10723485490422187
25869,Neutral,0.6977799099881932,0.25672313308393485,0.04549695692787204
25870,GOF,0.2645137505207391,0.41574861195611545,0.31973763752314543
25871,GOF,0.20014203019341856,0.6497338748915993,0.1501240949149821
25872,GOF,0.06712731696514676,0.6498972458301671,0.2829754372046862
25873,GOF,0.09607342636214775,0.6852291086790766,0.21869746495877562
25874,LOF,0.013819059851567523,0.11506943093220062,0.8711115092162317
25875,LOF,0.08262593278771183,0.04484723538066144,0.8725268318316267
25876,LOF,0.03504387003035179,0.027975033310842872,0.9369810966588054
25877,Neutral,0.5104212333388926,0.03993063463766657,0.44964813202344095
25878,LOF,0.21773098614309983,0.08685981571074687,0.6954091981461533
25879,LOF,0.08837906078320908,0.08625014600778756,0.8253707932090033
25880,LOF,0.043415308674357195,0.014815371558123114,0.9417693197675198
25881,LOF,0.17304832465789574,0.13531119371326014,0.6916404816288442
25882,LOF,0.06343623429373343,0.01751827591536079,0.9190454897909057
25883,LOF,0.06465060678919525,0.0183808934388082,0.9169684997719967
25884,LOF,0.03229395134606219,0.0284200041726288,0.9392860444813091
25885,LOF,0.06242183342276969,0.011433773147632425,0.926144393429598
25886,LOF,0.26134386311078456,0.03724775051071099,0.7014083863785044
25887,LOF,0.16059213318540175,0.064656207037016,0.7747516597775822
25888,LOF,0.06561350314952148,0.0570092508894846,0.8773772459609939
25889,LOF,0.04157755323863656,0.01921708321039587,0.9392053635509676
25890,LOF,0.05251609062937345,0.15452121839149022,0.7929626909791363
25891,LOF,0.03721132047370494,0.05767447309684256,0.9051142064294524
25892,LOF,0.08503477409398674,0.024487293430310482,0.8904779324757027
25893,LOF,0.23681645118342043,0.020862733531818698,0.7423208152847609
25894,LOF,0.18601788401806085,0.011793254656481317,0.8021888613254579
25895,LOF,0.20703523935596366,0.02375606838302444,0.769208692261012
25896,LOF,0.05023903477649334,0.023744599827702693,0.926016365395804
25897,LOF,0.2700324096446619,0.013600613331485777,0.7163669770238523
25898,Neutral,0.7205632438599558,0.010569106589557991,0.26886764955048614
25899,LOF,0.21317720909407784,0.02564696779646544,0.7611758231094568
25900,LOF,0.45851082301897766,0.014885736878629615,0.5266034401023927
25901,LOF,0.04868810477014445,0.012364379709295182,0.9389475155205604
25902,LOF,0.15484472615839207,0.015183906936418688,0.8299713669051892
25903,Neutral,0.5773766050276876,0.03374991431237722,0.3888734806599352
25904,LOF,0.30998373355854364,0.05058553219184946,0.6394307342496068
25905,LOF,0.026721033839631914,0.3496295163952358,0.6236494497651324
25906,LOF,0.030801201860982876,0.07885419686851056,0.8903446012705066
25907,LOF,0.01349835404812606,0.3418797804496964,0.6446218655021775
25908,LOF,0.009721776127932824,0.2738209530453684,0.7164572708266987
25909,LOF,0.013538938151851716,0.1272532476120952,0.8592078142360532
25910,LOF,0.04884889247852504,0.15264941306449376,0.7985016944569812
25911,LOF,0.18821626661650254,0.028514125208947316,0.78326960817455
25912,LOF,0.0478370050850332,0.052062107217826295,0.9001008876971405
25913,LOF,0.32871132961023725,0.024323651021414573,0.6469650193683482
25914,LOF,0.023065276798911558,0.047270392485354945,0.9296643307157335
25915,Neutral,0.5895266406777179,0.13794505590901981,0.27252830341326223
25916,LOF,0.09548291563683427,0.19008757575661345,0.7144295086065523
25917,LOF,0.06482638862966844,0.03605782100446765,0.8991157903658639
25918,LOF,0.02349613054711389,0.02827970679794489,0.9482241626549412
25919,LOF,0.02097048386683951,0.03068281766864196,0.9483466984645185
25920,GOF,0.10979552541148273,0.5103323120162061,0.3798721625723112
25921,LOF,0.024805696394308283,0.03931672629213861,0.9358775773135531
25922,LOF,0.03670932212526219,0.027955336331396654,0.9353353415433411
25923,Neutral,0.4902397584706177,0.039060716107204366,0.4706995254221779
25924,LOF,0.03643155878108708,0.05071010217539338,0.9128583390435197
25925,LOF,0.0753487590863705,0.04317935093269072,0.8814718899809388
25926,LOF,0.05552825274360277,0.03627873051090945,0.9081930167454877
25927,LOF,0.05732608654994168,0.15003789359555483,0.7926360198545035
25928,LOF,0.018133866456825052,0.054657274690456135,0.9272088588527188
25929,Neutral,0.5976997289149235,0.04157272600038603,0.3607275450846904
25930,LOF,0.07602870711706865,0.03463698702051182,0.8893343058624195
25931,LOF,0.02504119432368286,0.03610365254777332,0.9388551531285438
25932,LOF,0.029116378936670118,0.03209638462351787,0.9387872364398121
25933,LOF,0.041461865461582696,0.020734631197811486,0.9378035033406058
25934,LOF,0.02584276010502045,0.02345198801138976,0.9507052518835897
25935,LOF,0.06604684100822907,0.054545094981003066,0.8794080640107679
25936,LOF,0.04359491852818796,0.026956569879532752,0.9294485115922794
25937,LOF,0.027703726068729024,0.0382162112702574,0.9340800626610136
25938,LOF,0.06751456543948468,0.057111066085689666,0.8753743684748256
25939,LOF,0.04284319392873377,0.02216438523834924,0.9349924208329169
25940,LOF,0.03442904558713858,0.342405555146369,0.6231653992664925
25941,LOF,0.20162231961166474,0.09951010183642994,0.6988675785519053
25942,LOF,0.013087311733169741,0.0316910604108764,0.9552216278559538
25943,LOF,0.305652671782895,0.056853360700166874,0.6374939675169381
25944,Neutral,0.4945997664671136,0.020821034228447464,0.4845791993044389
25945,LOF,0.07698788652663496,0.019666477505506662,0.9033456359678584
25946,LOF,0.030864016005210805,0.10626474123706235,0.8628712427577269
25947,LOF,0.11584119944121661,0.18304825293618573,0.7011105476225976
25948,LOF,0.3826959362871425,0.00838329989002233,0.6089207638228352
25949,LOF,0.12315015142491291,0.0382196374623718,0.8386302111127153
25950,LOF,0.31988495294267927,0.3387333542326187,0.34138169282470204
25951,LOF,0.1915440686913347,0.257960595052521,0.5504953362561443
25952,LOF,0.05235203088726349,0.432139291962386,0.5155086771503505
25953,LOF,0.13516834964656263,0.1070638355707013,0.757767814782736
25954,LOF,0.40210597757658656,0.1953250341434632,0.4025689882799502
25955,LOF,0.07163404461696186,0.07911830433251696,0.8492476510505212
25956,LOF,0.158404210453442,0.11544394303122048,0.7261518465153374
25957,LOF,0.03572160637556828,0.029699832272141572,0.9345785613522901
25958,LOF,0.0531472461837049,0.026543549169355765,0.9203092046469393
25959,LOF,0.076913236354094,0.30195118681935756,0.6211355768265484
25960,LOF,0.014683739856215483,0.052024822163310294,0.9332914379804741
25961,LOF,0.0400177808750553,0.02679200734367243,0.9331902117812723
25962,LOF,0.04722977668513154,0.027658758621658074,0.9251114646932104
25963,LOF,0.04108692916914003,0.186524668543551,0.772388402287309
25964,LOF,0.028259027982479857,0.15489483390446077,0.8168461381130594
25965,LOF,0.4296995423820705,0.06181738687492259,0.508483070743007
25966,Neutral,0.5187352299329185,0.16670848234828972,0.3145562877187916
25967,LOF,0.017113298446486395,0.09661756962384334,0.8862691319296703
25968,LOF,0.0376737397579751,0.38359134697491015,0.5787349132671147
25969,LOF,0.03357515054506249,0.05913793912189257,0.907286910333045
25970,LOF,0.060324071311479176,0.059863582561750464,0.8798123461267704
25971,LOF,0.06990370912083577,0.019106807161325286,0.9109894837178389
25972,LOF,0.06890503596816021,0.029236197505696122,0.9018587665261437
25973,LOF,0.0704513428201871,0.009700807978143832,0.919847849201669
25974,LOF,0.18918888178725993,0.01506318880764448,0.7957479294050956
25975,LOF,0.04218635216901887,0.02673162381687743,0.9310820240141036
25976,LOF,0.04394246056107518,0.016576764599137685,0.9394807748397871
25977,LOF,0.16111076062741733,0.08747793556449492,0.7514113038080877
25978,LOF,0.14376828045721554,0.10549601624776453,0.7507357032950199
25979,LOF,0.127932267734836,0.10693902337718868,0.7651287088879752
25980,LOF,0.2076439690525858,0.1335399371045824,0.6588160938428319
25981,LOF,0.23800966695712558,0.13285020411958307,0.6291401289232914
25982,LOF,0.4116703359005612,0.08575388536512916,0.5025757787343097
25983,LOF,0.37388693916869686,0.0951470283851847,0.5309660324461184
25984,LOF,0.045440613521662225,0.050262646827254294,0.9042967396510836
25985,LOF,0.03799489447008694,0.297089140171517,0.664915965358396
25986,LOF,0.04694708936240702,0.32464341628919813,0.6284094943483948
25987,LOF,0.08504514697389201,0.07896299766464433,0.8359918553614636
25988,LOF,0.14283939640319224,0.060900765739455874,0.7962598378573519
25989,LOF,0.03564480280714398,0.1273692229562993,0.8369859742365569
25990,LOF,0.040423494163549394,0.16409001398307016,0.7954864918533804
25991,LOF,0.1334709258073801,0.24100956468624207,0.6255195095063778
25992,LOF,0.3093672726155341,0.1432509803757461,0.5473817470087198
25993,LOF,0.024128204271099407,0.06590036845208065,0.90997142727682
25994,LOF,0.01933922513072211,0.07932917382129398,0.901331601047984
25995,LOF,0.024102702035513214,0.18066919244706717,0.7952281055174196
25996,GOF,0.34612144741939344,0.40164057127995473,0.25223798130065195
25997,LOF,0.08496247590976505,0.3679717441233756,0.5470657799668595
25998,Neutral,0.5018806994757155,0.026800326282721377,0.4713189742415632
25999,LOF,0.09213117799437716,0.10956003958675106,0.7983087824188718
26000,LOF,0.14225656128797046,0.04090482730500384,0.8168386114070256
26001,LOF,0.2041111052375025,0.05184283310601117,0.7440460616564863
26002,LOF,0.1091426567644301,0.0432719025439586,0.8475854406916113
26003,GOF,0.010887430887569266,0.5835188957784999,0.4055936733339308
26004,GOF,0.021955455658878086,0.6817028175791243,0.29634172676199755
26005,LOF,0.0062187406740253975,0.43786891610627415,0.5559123432197005
26006,Neutral,0.49988619121104194,0.26015458682615883,0.23995922196279926
26007,GOF,0.021090810901503665,0.5154227646661226,0.4634864244323737
26008,GOF,0.01747050508536929,0.5936009299607241,0.38892856495390665
26009,GOF,0.019952793704067075,0.6813536497251826,0.29869355657075036
26010,GOF,0.025132664658411838,0.6359390893397698,0.33892824600181837
26011,LOF,0.0069694221929276125,0.4253932212599789,0.5676373565470935
26012,GOF,0.011761522253453349,0.5388461661439085,0.44939231160263826
26013,GOF,0.020267842339054883,0.6033310136033828,0.37640114405756225
26014,LOF,0.04021675553027388,0.11297493059124723,0.8468083138784789
26015,LOF,0.15878419087387577,0.016963615360971584,0.8242521937651527
26016,LOF,0.1865580473293112,0.06340301669851409,0.7500389359721747
26017,LOF,0.21103059722370826,0.09843672146835784,0.6905326813079338
26018,LOF,0.07133294349482126,0.03918280677832199,0.8894842497268567
26019,LOF,0.06807972379161636,0.03247274035723336,0.8994475358511502
26020,LOF,0.062421764322091476,0.11081566305939511,0.8267625726185134
26021,LOF,0.04337135483699508,0.1190479062729283,0.8375807388900766
26022,LOF,0.010902276173274397,0.04506001007747569,0.9440377137492499
26023,LOF,0.06318896025871128,0.02570038048344478,0.911110659257844
26024,LOF,0.030770551354981728,0.11277700081334935,0.856452447831669
26025,LOF,0.14981052770082037,0.1004572521599711,0.7497322201392085
26026,LOF,0.3110486131846887,0.030977976392671327,0.65797341042264
26027,LOF,0.05597543739573111,0.019884444026284358,0.9241401185779845
26028,LOF,0.15157747085762072,0.07069375172623531,0.777728777416144
26029,LOF,0.06368000078171199,0.1655194203270913,0.7708005788911967
26030,LOF,0.022304862312769746,0.036736723581850546,0.9409584141053797
26031,LOF,0.024638645633957363,0.11368808149387229,0.8616732728721704
26032,LOF,0.06008992338961397,0.048442877262992866,0.8914671993473933
26033,LOF,0.08030255646120889,0.04720056931419269,0.8724968742245985
26034,LOF,0.04250273675579225,0.13625960521872926,0.8212376580254785
26035,LOF,0.025010477779070298,0.12432484543590348,0.8506646767850262
26036,LOF,0.03648738782479211,0.14011558238093247,0.8233970297942754
26037,LOF,0.021121198875725822,0.10132246738161453,0.8775563337426597
26038,LOF,0.05717743782747182,0.05078026543224746,0.8920422967402807
26039,LOF,0.048823879284505343,0.12573984098161914,0.8254362797338755
26040,LOF,0.20235426533578785,0.09662899197711661,0.7010167426870955
26041,LOF,0.021156592263457164,0.09380055664192864,0.8850428510946141
26042,LOF,0.019613546057804992,0.08957446542026719,0.8908119885219278
26043,LOF,0.0575789624070977,0.057660762713372074,0.8847602748795301
26044,LOF,0.018608657399395052,0.04587977453333677,0.9355115680672681
26045,LOF,0.06500055571775158,0.08363330620262649,0.8513661380796218
26046,LOF,0.05373012533209074,0.047236819364297786,0.8990330553036114
26047,LOF,0.07074977002058908,0.04834220197236719,0.8809080280070437
26048,LOF,0.04368795362804768,0.032549609577915625,0.9237624367940368
26049,Neutral,0.9660920984063347,0.005808470540651907,0.028099431053013515
26050,Neutral,0.9489576502327806,0.00703646970449351,0.04400588006272589
26051,LOF,0.04695725500850655,0.2544913457555138,0.6985513992359795
26052,LOF,0.06591818543021595,0.3066822278004929,0.6273995867692911
26053,LOF,0.0705088700879282,0.1622240584559153,0.7672670714561565
26054,LOF,0.049163521454775816,0.016935518601562366,0.9339009599436617
26055,LOF,0.07362556952667845,0.01445464006310713,0.9119197904102144
26056,LOF,0.06088402160223683,0.016893871489380367,0.9222221069083829
26057,LOF,0.030593854951301427,0.011800566269795686,0.9576055787789028
26058,LOF,0.03082257797258494,0.009325390794394567,0.9598520312330204
26059,LOF,0.29596898978843,0.019146032927065123,0.6848849772845048
26060,LOF,0.03963695100209519,0.18009711713891569,0.7802659318589891
26061,LOF,0.016787079944283093,0.011940931841977805,0.9712719882137391
26062,LOF,0.009641493056679456,0.017555160195060492,0.97280334674826
26063,LOF,0.019711510003767037,0.010341402073731083,0.9699470879225018
26064,LOF,0.020611352418733124,0.024245450824863884,0.955143196756403
26065,LOF,0.024024926945001992,0.010993194987852369,0.9649818780671455
26066,LOF,0.02074197518800059,0.010377862617028203,0.9688801621949712
26067,LOF,0.027660638215165616,0.00819292717872368,0.9641464346061107
26068,LOF,0.04436642840159985,0.0270803877654106,0.9285531838329896
26069,LOF,0.264878809480779,0.017154534984325148,0.7179666555348958
26070,LOF,0.4155819427348032,0.013712091075805646,0.5707059661893912
26071,LOF,0.019930410078769428,0.01153505399657259,0.968534535924658
26072,LOF,0.01735263738277013,0.017847518189711434,0.9647998444275184
26073,LOF,0.01941575015526953,0.011336639557703023,0.9692476102870273
26074,Neutral,0.9124395939582646,0.005150694179524043,0.0824097118622113
26075,LOF,0.04671407659884727,0.01324204574391571,0.9400438776572371
26076,LOF,0.036663753559576726,0.008225242400995635,0.9551110040394277
26077,LOF,0.009284502860014173,0.013605983230387964,0.9771095139095978
26078,LOF,0.014012742122561716,0.012391084345813323,0.9735961735316249
26079,LOF,0.06091495949800866,0.015960268848864523,0.9231247716531269
26080,LOF,0.059962523109428366,0.016006434319395826,0.9240310425711759
26081,LOF,0.03425006316706234,0.006584891424231088,0.9591650454087065
26082,LOF,0.01302358873871793,0.013957466232760235,0.9730189450285219
26083,LOF,0.18225220516674126,0.013678256207529722,0.804069538625729
26084,LOF,0.04309662303444845,0.012514344297900114,0.9443890326676515
26085,LOF,0.03909486041241152,0.011955213258636545,0.9489499263289519
26086,LOF,0.019742951295811002,0.010845100520512085,0.9694119481836769
26087,LOF,0.023089548227292936,0.008072836713677863,0.9688376150590292
26088,LOF,0.016705959318819838,0.02426739813066676,0.9590266425505133
26089,LOF,0.04148154929693336,0.018847721416008725,0.9396707292870579
26090,LOF,0.041089866764013924,0.015184972417495685,0.9437251608184903
26091,LOF,0.030699521618431414,0.005864270602642677,0.9634362077789258
26092,LOF,0.021070253052569727,0.007781402722135079,0.9711483442252953
26093,LOF,0.03230830337777343,0.005861026228842465,0.9618306703933842
26094,LOF,0.03279955648436358,0.005780022870627803,0.9614204206450087
26095,LOF,0.036929229096146876,0.01205095970217022,0.951019811201683
26096,LOF,0.016545211372009153,0.012075803706820099,0.9713789849211707
26097,LOF,0.011723999077275208,0.03575537342312175,0.9525206274996031
26098,LOF,0.0777258135636837,0.01097869130786594,0.9112954951284503
26099,LOF,0.019752683743405178,0.011477377504952792,0.9687699387516421
26100,LOF,0.021973416721999938,0.010911648027362907,0.9671149352506372
26101,LOF,0.043606941554401174,0.015946043926672593,0.9404470145189263
26102,LOF,0.0195625297727773,0.011666859722983834,0.9687706105042388
26103,Neutral,0.8794735857660757,0.01802558621550856,0.10250082801841573
26104,LOF,0.07911955774171821,0.022736101789714216,0.8981443404685675
26105,LOF,0.19540129015249574,0.28891279669238673,0.5156859131551176
26106,LOF,0.1550446814077694,0.1330811875480029,0.7118741310442277
26107,LOF,0.21872229592373138,0.08485016898466981,0.6964275350915987
26108,LOF,0.22425894288549458,0.0963060017373296,0.6794350553771759
26109,LOF,0.09041075496727505,0.0568229109061298,0.8527663341265952
26110,LOF,0.23515285102297828,0.006484052003660392,0.7583630969733612
26111,Neutral,0.5047031905045278,0.02507781728596495,0.4702189922095072
26112,LOF,0.03517439577432056,0.007072617390609809,0.9577529868350696
26113,LOF,0.06530744027195767,0.016002639677700905,0.9186899200503413
26114,LOF,0.02492140867547338,0.024672149162213844,0.9504064421623127
26115,LOF,0.08669150208868476,0.051363694382385125,0.8619448035289301
26116,LOF,0.06480794188474136,0.0578652886117508,0.8773267695035079
26117,LOF,0.45663459758196434,0.04129410517487797,0.5020712972431577
26118,LOF,0.033036509544777215,0.024144691126752726,0.9428187993284701
26119,LOF,0.022467764755767214,0.041439288506702344,0.9360929467375304
26120,LOF,0.02643786963398825,0.019626300984882456,0.9539358293811293
26121,LOF,0.04098299349331278,0.08482590905680121,0.874191097449886
