feature0,prediction,LoGoFunc_Neutral,LoGoFunc_GOF,LoGoFunc_LOF
25546,Neutral,0.567299068242963,0.08510778654904742,0.3475931452079896
25547,Neutral,0.4686096768460934,0.12589101820504411,0.40549930494886255
25548,Neutral,0.4649482179550863,0.11008914031455647,0.42496264173035725
25549,LOF,0.4260880835857149,0.11329756990912727,0.4606143465051578
25550,LOF,0.377145929800344,0.11924086656581073,0.5036132036338452
25551,LOF,0.3074195515228907,0.11640038402614962,0.5761800644509597
25552,LOF,0.27995065476526027,0.14203531150925383,0.5780140337254859
25553,Neutral,0.7737986056195789,0.05681905032279427,0.16938234405762692
25554,LOF,0.32180908198380914,0.11496030293175029,0.5632306150844405
25555,LOF,0.27352339554774135,0.11615627443544767,0.6103203300168111
25556,Neutral,0.45585402796884444,0.10647327036690173,0.4376727016642538
25557,LOF,0.25288426856439405,0.12038352099590026,0.6267322104397057
25558,LOF,0.31618171647527543,0.11776904684387844,0.5660492366808461
25559,LOF,0.3121224271509242,0.03967436577704053,0.6482032070720354
25560,LOF,0.09781908340400673,0.1227022566752783,0.779478659920715
25561,LOF,0.07430093981589017,0.22951203960440333,0.6961870205797065
25562,LOF,0.03954776578683829,0.08671860102782482,0.8737336331853369
25563,LOF,0.007735299987621134,0.1964021992981695,0.7958625007142094
25564,LOF,0.07787787429206894,0.05774443370064123,0.8643776920072899
25565,LOF,0.19991478718276506,0.1675070091827849,0.63257820363445
25566,GOF,0.06808529654662851,0.7144653899482224,0.21744931350514907
25567,LOF,0.04353039600425411,0.13232764334308816,0.8241419606526577
25568,LOF,0.0655585341007483,0.10103991387933652,0.8334015520199153
25569,LOF,0.0687549104986338,0.0850054734486275,0.8462396160527387
25570,LOF,0.03271096420833117,0.11260009177710574,0.8546889440145631
25571,LOF,0.03209191114019173,0.10657255385025584,0.8613355350095525
25572,LOF,0.06277707315816342,0.12465365516481136,0.8125692716770252
25573,LOF,0.07347825299374765,0.1161465915116056,0.8103751554946467
25574,LOF,0.09834881307312435,0.23086126130610846,0.6707899256207672
25575,LOF,0.02979676491041769,0.11511315663702454,0.8550900784525578
25576,LOF,0.02663718622979754,0.16434365498704748,0.809019158783155
25577,LOF,0.03270880592676603,0.12919365456060988,0.838097539512624
25578,LOF,0.29026549955358716,0.09739422407003868,0.6123402763763741
25579,LOF,0.292098083067489,0.09548457233114617,0.6124173446013649
25580,LOF,0.02972691074886704,0.091286544079688,0.878986545171445
25581,LOF,0.045600265567280494,0.11948147690546165,0.8349182575272579
25582,LOF,0.045600265567280494,0.11948147690546165,0.8349182575272579
25583,LOF,0.039984167966287044,0.1017053276829995,0.8583105043507134
25584,Neutral,0.7776260646127453,0.07891688289271193,0.1434570524945426
25585,LOF,0.02743053914476907,0.12925500643867727,0.8433144544165536
25586,LOF,0.026223078866311936,0.10555894162137335,0.8682179795123148
25587,LOF,0.026344379962518163,0.11144544664618375,0.862210173391298
25588,LOF,0.03108521913695628,0.08685460681494396,0.8820601740480998
25589,Neutral,0.6489956339060877,0.15768722912862176,0.1933171369652906
25590,LOF,0.06753660020138708,0.115940332100639,0.816523067697974
25591,LOF,0.12780805448635582,0.08423069326140699,0.7879612522522371
25592,LOF,0.09923778803547822,0.19118188519996593,0.7095803267645558
25593,LOF,0.1666618769170013,0.30477949059377224,0.5285586324892264
25594,LOF,0.047997093297105685,0.059008365865375535,0.8929945408375187
25595,LOF,0.05879372005058139,0.024502444733968478,0.9167038352154502
25596,LOF,0.14567944171094688,0.01427930868927639,0.8400412495997767
25597,LOF,0.11059431410306009,0.010777139625225413,0.8786285462717146
25598,LOF,0.054045342786510686,0.025186121287217433,0.9207685359262718
25599,GOF,0.024404416464108066,0.6274543677503357,0.34814121578555624
25600,GOF,0.15176159324245733,0.48322637184565725,0.3650120349118855
25601,LOF,0.03920158222594843,0.42790765445965406,0.5328907633143974
25602,LOF,0.03584659785630101,0.06130941416136843,0.9028439879823305
25603,LOF,0.07330173476818064,0.05315372265240086,0.8735445425794185
25604,LOF,0.06939396920493243,0.12422982123318659,0.806376209561881
25605,LOF,0.07076867911285974,0.20701945871957025,0.7222118621675699
25606,Neutral,0.48741764866512494,0.2355752420504365,0.27700710928443845
25607,LOF,0.04182013816979836,0.1796620660179807,0.7785177958122209
25608,LOF,0.07336339270791585,0.09695852047560742,0.8296780868164767
25609,GOF,0.13241175218644988,0.5916905618038794,0.27589768600967063
25610,LOF,0.022671945540238214,0.06080234649368281,0.916525707966079
25611,LOF,0.016711038481545166,0.057053831124096975,0.9262351303943578
25612,LOF,0.07117633687857161,0.05484259688840307,0.8739810662330254
25613,LOF,0.06511531900569227,0.05684488439872926,0.8780397965955784
25614,LOF,0.026640124677913688,0.05316765461573415,0.9201922207063521
25615,LOF,0.07096227178088298,0.061559523224103414,0.8674782049950136
25616,LOF,0.08051268597773102,0.05086577525824694,0.8686215387640221
25617,LOF,0.060100912573150506,0.058852894690451546,0.8810461927363981
25618,LOF,0.07557183886052689,0.15508664143363088,0.7693415197058422
25619,LOF,0.015832993557954197,0.08345289548559442,0.9007141109564513
25620,LOF,0.054087047056539904,0.055694779686981055,0.890218173256479
25621,LOF,0.08498590973754563,0.0691179363037394,0.845896153958715
25622,LOF,0.09769492592255011,0.06613986832611402,0.8361652057513359
25623,LOF,0.08282869655229994,0.05423245336020286,0.8629388500874973
25624,LOF,0.023906258781137918,0.05361794059741552,0.9224758006214465
25625,LOF,0.07156636072033733,0.05100325434387425,0.8774303849357884
25626,LOF,0.062405712097785386,0.04571180498868426,0.8918824829135303
25627,Neutral,0.8739349490348302,0.034003072656282475,0.0920619783088874
25628,LOF,0.18141310205475733,0.08343253599004244,0.7351543619552001
25629,LOF,0.06683556031757307,0.07650527981549725,0.8566591598669298
25630,LOF,0.2617958751709273,0.09865352630611823,0.6395505985229545
25631,Neutral,0.4978072303456994,0.07661931826787935,0.4255734513864213
25632,LOF,0.021744955258801154,0.06395721052544168,0.914297834215757
25633,LOF,0.2714883365012651,0.01846485970499548,0.7100468037937395
25634,LOF,0.04579465228493512,0.04116282572231832,0.9130425219927466
25635,LOF,0.032256152734110935,0.023459402172665452,0.9442844450932235
25636,GOF,0.027306402848620757,0.5508649536604744,0.4218286434909048
25637,GOF,0.029660972274769264,0.5063369342385093,0.4640020934867214
25638,GOF,0.016345681389241244,0.5134403591167492,0.47021395949400946
25639,LOF,0.022408839901159855,0.3934306305712322,0.584160529527608
25640,Neutral,0.8557635325481182,0.10191126765749528,0.042325199794386495
25641,LOF,0.12477277268796827,0.3030127955037644,0.5722144318082673
25642,LOF,0.11690013660967034,0.21144443857979225,0.6716554248105374
25643,LOF,0.38219087982032285,0.14163799268046515,0.4761711274992119
25644,GOF,0.007783180479178117,0.6923386832976867,0.2998781362231351
25645,GOF,0.008586987361037095,0.6502788595904243,0.34113415304853856
25646,GOF,0.014421131297079679,0.49897440234361234,0.4866044663593079
25647,LOF,0.00932922066173379,0.37637295014611843,0.6142978291921478
25648,LOF,0.010603178005904547,0.40152011918730585,0.5878767028067897
25649,LOF,0.007102490685251874,0.30302759740385254,0.6898699119108955
25650,GOF,0.020328563712185263,0.6100000695682162,0.3696713667195985
25651,LOF,0.008617484470836588,0.42278407127397016,0.5685984442551933
25652,GOF,0.007186867821211886,0.5558505340148936,0.4369625981638945
25653,GOF,0.022773959137465816,0.6462205098393108,0.3310055310232235
25654,LOF,0.0072316265469733135,0.4872830180167486,0.505485355436278
25655,GOF,0.06486176575833157,0.7689917408533553,0.16614649338831322
25656,LOF,0.22062415726095963,0.2222721046273338,0.5571037381117065
25657,LOF,0.027312767252358407,0.22342365318570367,0.7492635795619379
25658,LOF,0.17537530400463372,0.23160322279234513,0.5930214732030211
25659,LOF,0.2680468573343582,0.3378873783749813,0.3940657642906604
25660,LOF,0.02612338735959544,0.21992773569556295,0.7539488769448416
25661,LOF,0.0554674746226806,0.14626275877971487,0.7982697665976045
25662,LOF,0.02162178027442953,0.1020295554187969,0.8763486643067736
25663,LOF,0.024301439977339714,0.08979715016785797,0.8859014098548023
25664,LOF,0.06910693343756626,0.1546929340152955,0.7762001325471383
25665,LOF,0.04748645095871052,0.0728769716039585,0.8796365774373309
25666,LOF,0.060278177015114724,0.11573803203626064,0.8239837909486246
25667,LOF,0.05569402499987514,0.11022204282686653,0.8340839321732583
25668,LOF,0.019961209197343472,0.12211218387109901,0.8579266069315575
25669,LOF,0.019433982058342736,0.125077035641848,0.8554889822998092
25670,LOF,0.10062135304472118,0.09249550373819222,0.8068831432170865
25671,LOF,0.07239098396180234,0.08918537875646906,0.8384236372817285
25672,LOF,0.039348007694999736,0.1090310696645386,0.8516209226404616
25673,LOF,0.06818591527920922,0.10705341543270037,0.8247606692880903
25674,LOF,0.06191904203173826,0.13957171469521437,0.7985092432730475
25675,LOF,0.05993726968555504,0.14230527964673137,0.7977574506677136
25676,LOF,0.01611691197240704,0.12905637916759066,0.8548267088600023
25677,LOF,0.017827895861532876,0.16838325365590456,0.8137888504825626
25678,LOF,0.1349841322147137,0.1982907490569848,0.6667251187283014
25679,LOF,0.10844513533548805,0.17104326375116038,0.7205116009133514
25680,LOF,0.01724627324029696,0.23081279885161587,0.7519409279080871
25681,LOF,0.027014726201313007,0.21068336753472344,0.7623019062639637
25682,LOF,0.07290093133047991,0.12856083097885038,0.7985382376906698
25683,LOF,0.06835314456009196,0.1584746497024028,0.7731722057375053
25684,LOF,0.023367814262298378,0.14175079475066635,0.8348813909870353
25685,LOF,0.10533245678080423,0.17585649022153474,0.7188110529976611
25686,LOF,0.0509867051892534,0.2984475984251006,0.650565696385646
25687,LOF,0.10093483560651163,0.30931935733369426,0.5897458070597942
25688,LOF,0.41196236056699836,0.023091832318797693,0.564945807114204
25689,LOF,0.2421358285871141,0.026003123412702344,0.7318610480001835
25690,LOF,0.32016689759864064,0.02932451753313694,0.6505085848682225
25691,Neutral,0.7173679720769301,0.02974501219055972,0.2528870157325101
25692,LOF,0.3203267320051347,0.014140694250682326,0.665532573744183
25693,LOF,0.055509450547312274,0.4245026657499755,0.5199878837027122
25694,LOF,0.10884821769429323,0.01622945278400972,0.8749223295216971
25695,LOF,0.11581652548190909,0.009330952412562956,0.874852522105528
25696,LOF,0.09357894641900309,0.01937833997443017,0.8870427136065666
25697,LOF,0.04334047254019269,0.08243480355614995,0.8742247239036575
25698,LOF,0.31830427155441066,0.14761920092879988,0.5340765275167895
25699,LOF,0.39550241160663996,0.13727308340257843,0.46722450499078155
25700,LOF,0.06400775022168226,0.018877563402213058,0.9171146863761046
25701,LOF,0.14602238946409618,0.08729153075144588,0.7666860797844579
25702,GOF,0.24290175045690107,0.6706171866507068,0.08648106289239231
25703,LOF,0.01898211362648689,0.30648980100018347,0.6745280853733296
25704,LOF,0.027682202908617976,0.24268675879658735,0.7296310382947947
25705,LOF,0.020065973533939914,0.20293428377875347,0.7769997426873065
25706,GOF,0.10357377460101244,0.4740076624629738,0.42241856293601365
25707,LOF,0.09857875009695609,0.4086018965482253,0.4928193533548185
25708,LOF,0.046833922524341466,0.46176293724689227,0.4914031402287663
25709,LOF,0.05265824675713119,0.12845018015514514,0.8188915730877236
25710,LOF,0.017110542488432207,0.25334858736013927,0.7295408701514287
25711,LOF,0.016255874227660595,0.18878541286169434,0.794958712910645
25712,LOF,0.01813711293951544,0.29498642425001054,0.686876462810474
25713,LOF,0.015096070616947786,0.16560685476092737,0.8192970746221249
25714,LOF,0.06143406990603359,0.18251159816962664,0.7560543319243398
25715,LOF,0.009780435627940176,0.24753817570588504,0.7426813886661747
25716,LOF,0.013998856195373643,0.21609883160897694,0.7699023121956493
25717,LOF,0.018148751279919016,0.14305986220175354,0.8387913865183274
25718,LOF,0.010284774905253263,0.13790642880774168,0.851808796287005
25719,LOF,0.0225037755914614,0.19197517896178615,0.7855210454467525
25720,LOF,0.02728579866683307,0.10506122385432681,0.8676529774788402
25721,LOF,0.009975232945468137,0.22306557065193028,0.7669591964026016
25722,LOF,0.010373785576444366,0.21321470748173835,0.7764115069418173
25723,LOF,0.018694930663607348,0.15139533978682834,0.8299097295495642
25724,LOF,0.03036144010223848,0.35160002381133026,0.6180385360864313
25725,LOF,0.009468624004886416,0.20724525350013975,0.7832861224949738
25726,LOF,0.01027685171553349,0.22226808571027762,0.7674550625741888
25727,LOF,0.011638805605068725,0.20529380580772758,0.7830673885872036
25728,LOF,0.009221374378960341,0.24932933244443364,0.741449293176606
25729,LOF,0.00946866121719866,0.24684833997461933,0.7436829988081821
25730,LOF,0.01003415298681608,0.25105882735254287,0.738907019660641
25731,LOF,0.018258771994059335,0.20648034006726512,0.7752608879386755
25732,LOF,0.010862822054507105,0.12229945351731064,0.8668377244281824
25733,LOF,0.0156207096896283,0.13992082359240407,0.8444584667179676
25734,LOF,0.014419324460755839,0.240977377682609,0.7446032978566351
25735,LOF,0.010067365415661013,0.15476366762329005,0.8351689669610489
25736,LOF,0.010671690050831998,0.1743207797943428,0.8150075301548252
25737,LOF,0.011467585789969197,0.1921830886753551,0.7963493255346757
25738,LOF,0.010780451961605058,0.22629400339774727,0.7629255446406478
25739,LOF,0.01662996446667862,0.17821270350256888,0.8051573320307525
25740,LOF,0.02498259867527267,0.23363296516072474,0.7413844361640026
25741,LOF,0.012445651037246203,0.23649377138366168,0.7510605775790921
25742,LOF,0.10162931865422853,0.14015949536159222,0.7582111859841794
25743,LOF,0.0538535100274789,0.043907257827506097,0.9022392321450151
25744,Neutral,0.6434635394850933,0.15042829455885326,0.20610816595605347
25745,LOF,0.069345671181347,0.08129115549943058,0.8493631733192223
25746,LOF,0.04704565956404836,0.10561450778854542,0.8473398326474062
25747,LOF,0.016829469166829623,0.10943613410748798,0.8737343967256824
25748,LOF,0.10865109424646377,0.17400302712611593,0.7173458786274202
25749,LOF,0.03212090161291452,0.11987091867810998,0.8480081797089756
25750,LOF,0.06293687093561678,0.10796514447443217,0.8290979845899511
25751,LOF,0.09122284353334953,0.12518554706512655,0.783591609401524
25752,GOF,0.11830653498094203,0.6697915825859535,0.21190188243310448
25753,LOF,0.030894397231463897,0.3894324967377462,0.5796731060307899
25754,GOF,0.027029764034285177,0.7522597783984608,0.2207104575672541
25755,LOF,0.0385403980902643,0.3439809989380501,0.6174786029716856
25756,LOF,0.061845515412855406,0.45576720612125454,0.48238727846589
25757,GOF,0.024139255117386082,0.8448007065421057,0.13106003834050817
25758,GOF,0.030767666171267343,0.8055300728781143,0.16370226095061838
25759,GOF,0.017874857884578616,0.7481271026101242,0.2339980395052972
25760,LOF,0.022510757706392253,0.41853946250914337,0.5589497797844644
25761,GOF,0.2788299492315978,0.6574659227603457,0.06370412800805657
25762,LOF,0.04965368759393125,0.43734862712636263,0.5129976852797061
25763,LOF,0.020154977181932324,0.31965699800910646,0.6601880248089613
25764,GOF,0.07576075590997855,0.7820231843277026,0.14221605976231896
25765,GOF,0.03639475178905798,0.805682859529239,0.157922388681703
25766,GOF,0.09825558614297436,0.7811679717222881,0.12057644213473759
25767,GOF,0.1390661480293003,0.6265578232738873,0.23437602869681243
25768,LOF,0.08950206721738198,0.05712491205909672,0.8533730207235212
25769,LOF,0.05130392949606235,0.08038874316089419,0.8683073273430435
25770,LOF,0.3051464327832006,0.0727699486925381,0.6220836185242613
25771,LOF,0.054183823695309656,0.05341248717664489,0.8924036891280455
25772,LOF,0.014932606122505793,0.07296475778143563,0.9121026360960587
25773,LOF,0.05199939948888806,0.04341982749520205,0.90458077301591
25774,LOF,0.02755246370648007,0.11280106415585352,0.8596464721376664
25775,LOF,0.07388956166862985,0.037627633398740964,0.8884828049326291
25776,LOF,0.06502016023484601,0.04061155122382134,0.8943682885413327
25777,Neutral,0.5331111407990375,0.047828902021030906,0.4190599571799315
25778,LOF,0.05528797831924163,0.06424521990353038,0.8804668017772279
25779,GOF,0.4208792087245097,0.5032524260666323,0.07586836520885798
25780,GOF,0.35255842643485563,0.5089958371765715,0.13844573638857294
25781,GOF,0.11425034693680744,0.6886632367832589,0.19708641627993378
25782,GOF,0.1923163247467743,0.6232900244703173,0.1843936507829083
25783,GOF,0.02647518526154593,0.7157000044887755,0.2578248102496786
25784,Neutral,0.5997065023549275,0.31676945447374505,0.08352404317132735
25785,Neutral,0.5595062514908532,0.3322329562972951,0.10826079221185171
25786,GOF,0.023129341418330337,0.7311351071374137,0.245735551444256
25787,Neutral,0.7597676788740231,0.17671847801195903,0.06351384311401802
25788,LOF,0.050760471461251885,0.06940664600342358,0.8798328825353244
25789,GOF,0.1990240310283738,0.5986342676724208,0.20234170129920556
25790,GOF,0.24094251872370523,0.5547113364178388,0.20434614485845606
25791,GOF,0.14141893361973368,0.5441228197708808,0.3144582466093854
25792,GOF,0.37295175363168226,0.374359861562756,0.25268838480556177
25793,GOF,0.23329052267996114,0.40728224858912754,0.35942722873091126
25794,GOF,0.2719502243617274,0.4688636279504248,0.25918614768784776
25795,GOF,0.06563731944698567,0.6004788554077584,0.33388382514525594
25796,Neutral,0.4805628461356757,0.36938875655593884,0.15004839730838548
25797,GOF,0.07530605049486633,0.5237113830309286,0.40098256647420505
25798,GOF,0.010987864639834097,0.5147944129491427,0.4742177224110232
25799,GOF,0.009739418401779505,0.5147586533288537,0.4755019282693668
25800,GOF,0.03367330390643912,0.6432487266712036,0.32307796942235734
25801,GOF,0.22168133613011323,0.6141676212372953,0.16415104263259153
25802,GOF,0.050286915856828714,0.6049929666619661,0.3447201174812053
25803,GOF,0.04223512501063305,0.5247652550365558,0.43299961995281117
25804,GOF,0.03432962714300757,0.5497571047878347,0.4159132680691577
25805,GOF,0.07370062731721883,0.5764391091580712,0.3498602635247101
25806,GOF,0.10582858432542606,0.5572355898679547,0.33693582580661907
25807,GOF,0.018751114757504368,0.5172144194158808,0.46403446582661484
25808,GOF,0.08130830213523724,0.4965038733571513,0.4221878245076114
25809,LOF,0.017832817929484688,0.4600028256315423,0.5221643564389731
25810,LOF,0.020421181096083377,0.47071813257055406,0.5088606863333626
25811,Neutral,0.5034662802841342,0.3964931172543212,0.10004060246154461
25812,GOF,0.037085610334491884,0.5364816926193475,0.4264326970461605
25813,Neutral,0.5801692532751257,0.238937605209592,0.18089314151528224
25814,GOF,0.12038360686385319,0.5670014666766133,0.3126149264595335
25815,GOF,0.2464336270499301,0.5299384590197527,0.22362791393031725
25816,GOF,0.016768730689628197,0.5627145823660015,0.4205166869443704
25817,GOF,0.17820158708719913,0.621573177997794,0.20022523491500688
25818,LOF,0.034187119416462575,0.47056213972821054,0.495250740855327
25819,GOF,0.3286697983143656,0.41301952745799686,0.2583106742276374
25820,GOF,0.17894823819368996,0.5304885523819151,0.29056320942439506
25821,GOF,0.05696460086410773,0.6003622124553973,0.3426731866804949
25822,GOF,0.2253761806448577,0.5114991824615964,0.2631246368935458
25823,GOF,0.037153257308765994,0.5552577424842852,0.4075890002069488
25824,GOF,0.08611591103924597,0.4636906256077066,0.4501934633530475
25825,LOF,0.03503318346088845,0.4812570498963724,0.4837097666427391
25826,LOF,0.012409840812990326,0.4704157592142621,0.5171743999727476
25827,GOF,0.021460190958753463,0.5575032556633985,0.42103655337784784
25828,GOF,0.015249705999965836,0.4995271850082394,0.48522310899179466
25829,LOF,0.008199096492468848,0.49334552716731517,0.4984553763402159
25830,LOF,0.027187120402033804,0.13165929592049241,0.8411535836774737
25831,GOF,0.19786356829889334,0.6108307083239823,0.19130572337712431
25832,GOF,0.03990361782091497,0.5589064396812153,0.40118994249786966
25833,GOF,0.1171422199421849,0.5644275164626229,0.31843026359519216
25834,GOF,0.0470096381666372,0.5569272892924974,0.3960630725408655
25835,GOF,0.10967494887493437,0.5351018349117078,0.3552232162133578
25836,GOF,0.05430487740608533,0.5554784236053041,0.39021669898861056
25837,LOF,0.027836835110361426,0.4791028782017433,0.4930602866878953
25838,GOF,0.09209182619398824,0.5963512893179609,0.31155688448805086
25839,GOF,0.3681121914427,0.38845922408143063,0.24342858447586932
25840,GOF,0.25473183437405805,0.5015193016539179,0.243748863972024
25841,GOF,0.2879045595055666,0.4523241777827339,0.2597712627116995
25842,GOF,0.1802497430241712,0.5067055679678236,0.3130446890080052
25843,GOF,0.20587817202899528,0.5739578466467078,0.22016398132429696
25844,GOF,0.06436747209367175,0.5163030341124848,0.4193294937938434
25845,GOF,0.015839728822886458,0.5244662238425114,0.45969404733460206
25846,GOF,0.1078866842271974,0.592654220480652,0.29945909529215065
25847,GOF,0.1208852634488333,0.6064197506596787,0.27269498589148805
25848,GOF,0.04306389725563244,0.5371328338363932,0.41980326890797437
25849,GOF,0.013151718687293167,0.5113567029300001,0.4754915783827067
25850,GOF,0.022581485218741544,0.5173492938933067,0.4600692208879517
25851,GOF,0.01887370869990675,0.506213849257757,0.47491244204233624
25852,GOF,0.1525495564342576,0.4486579318906208,0.3987925116751216
25853,GOF,0.3282303405213478,0.49307476486073687,0.17869489461791516
25854,GOF,0.022290203081677087,0.6333006233502976,0.3444091735680253
25855,GOF,0.0430912815658275,0.5057509218069132,0.4511577966272594
25856,GOF,0.20377626774187663,0.5083327670649106,0.28789096519321283
25857,GOF,0.03856164833517353,0.49219650303572976,0.4692418486290967
25858,GOF,0.021783006165760562,0.620113018923718,0.3581039749105214
25859,GOF,0.011727136987334127,0.6262270843320558,0.36204577868061016
25860,GOF,0.29403336861058643,0.5208557893631017,0.18511084202631184
25861,GOF,0.32036887955756316,0.5745615068094897,0.10506961363294721
25862,GOF,0.06891935256331808,0.6771351105873581,0.2539455368493238
25863,GOF,0.07114617328054096,0.679099612361962,0.24975421435749703
25864,GOF,0.16566179833056668,0.6727643363379002,0.16157386533153312
25865,GOF,0.07605661488922005,0.7274371821643703,0.19650620294640955
25866,GOF,0.05944470909936249,0.7201949290355626,0.22036036186507504
25867,GOF,0.07206324959883363,0.7372209658665189,0.19071578453464744
25868,GOF,0.1992580557867886,0.5587600201915697,0.2419819240216418
25869,Neutral,0.658118932959467,0.26010749784526044,0.08177356919527248
25870,LOF,0.22374853671883732,0.08161409005883913,0.6946373732223236
25871,GOF,0.16723746502583547,0.5768189437879457,0.2559435911862189
25872,GOF,0.06956832897779307,0.500436333284318,0.4299953377378889
25873,GOF,0.12199430030047201,0.5208419105326815,0.3571637891668465
25874,LOF,0.019149327921052593,0.08303496966072088,0.8978157024182265
25875,LOF,0.048336091831835175,0.19111626321737393,0.7605476449507909
25876,LOF,0.023274513078475924,0.061482143545999984,0.915243343375524
25877,LOF,0.39740471616671263,0.13815344780376768,0.46444183602951966
25878,LOF,0.14662976036037398,0.21042146946121798,0.642948770178408
25879,LOF,0.07756292711201711,0.26824372487404585,0.654193348013937
25880,LOF,0.02224366439249475,0.030767727355548793,0.9469886082519564
25881,LOF,0.2367249985200423,0.17195727609579425,0.5913177253841634
25882,LOF,0.05801163867273122,0.023507016726252855,0.9184813446010159
25883,LOF,0.07840328510191916,0.026320381054351315,0.8952763338437295
25884,LOF,0.04208203792355521,0.05032694036445084,0.9075910217119939
25885,LOF,0.05862540750506748,0.031896727451435215,0.9094778650434974
25886,LOF,0.2280928657211558,0.05629522462972926,0.7156119096491149
25887,LOF,0.2200030122375707,0.12306346173685966,0.6569335260255698
25888,LOF,0.08556410057191643,0.0699082822721138,0.8445276171559698
25889,LOF,0.04171356279380144,0.037624595066686244,0.9206618421395123
25890,LOF,0.07851148782237215,0.09080597425876896,0.8306825379188588
25891,LOF,0.06564633176672001,0.04828619173729784,0.886067476495982
25892,LOF,0.0942265627059865,0.03159837007981007,0.8741750672142033
25893,LOF,0.30642092332316584,0.024600533246571563,0.6689785434302625
25894,LOF,0.1962277030501285,0.013125384100599704,0.7906469128492718
25895,LOF,0.24255880718650083,0.015900823581676552,0.7415403692318225
25896,LOF,0.04949702604728447,0.026806597100163834,0.9236963768525518
25897,LOF,0.2507262155030533,0.029333359738316165,0.7199404247586306
25898,Neutral,0.7989262729597459,0.022626367301239746,0.1784473597390142
25899,LOF,0.25512747019445947,0.07397695687599634,0.6708955729295442
25900,Neutral,0.6364391843960903,0.021708877958532612,0.34185193764537714
25901,LOF,0.051203125555265766,0.014408747071862477,0.9343881273728718
25902,LOF,0.19862257173442285,0.01580651817813749,0.7855709100874396
25903,Neutral,0.6055841421203327,0.05280562729332251,0.3416102305863448
25904,LOF,0.3684125540907738,0.040734602260752095,0.5908528436484742
25905,GOF,0.03434633683727555,0.5642880384032837,0.40136562475944076
25906,LOF,0.02416170014715917,0.11882122545028645,0.8570170744025544
25907,LOF,0.012834484629847402,0.4851231103755096,0.502042404994643
25908,LOF,0.014130941516796783,0.35320263793547735,0.6326664205477259
25909,LOF,0.017819169988999566,0.24312743416482843,0.7390533958461719
25910,LOF,0.022005766545049713,0.4043001601683568,0.5736940732865935
25911,LOF,0.061701901752034966,0.05788363195369059,0.8804144662942743
25912,LOF,0.024922946790878468,0.1126373687560507,0.8624396844530708
25913,LOF,0.193595197923649,0.03188261194199789,0.7745221901343531
25914,LOF,0.0265435184687917,0.05716055593855773,0.9162959255926506
25915,Neutral,0.46763867196453474,0.2594784460640694,0.2728828819713959
25916,LOF,0.04099906837447085,0.3383382683631169,0.6206626632624122
25917,LOF,0.05198441326577129,0.04603211425661745,0.9019834724776112
25918,LOF,0.03093261521835794,0.03639485024665043,0.9326725345349917
25919,LOF,0.029723326502827538,0.03635275135585964,0.9339239221413128
25920,GOF,0.1229520679550704,0.5566423065238222,0.3204056255211073
25921,LOF,0.039947284486682194,0.026759887276779255,0.9332928282365386
25922,LOF,0.04875928849312781,0.01785124906244018,0.933389462444432
25923,LOF,0.36698430762347056,0.02987694916995531,0.603138743206574
25924,LOF,0.04680264572824122,0.022374690740997478,0.9308226635307613
25925,LOF,0.07882058831314201,0.03443813983160569,0.8867412718552523
25926,LOF,0.05787468493398336,0.02013633749385559,0.921988977572161
25927,LOF,0.08389649990923637,0.06357245200147336,0.8525310480892904
25928,LOF,0.026153455050219956,0.015652662871184463,0.9581938820785956
25929,LOF,0.47998638995196236,0.027344144075005128,0.49266946597303257
25930,LOF,0.08149627027052996,0.020364556907359135,0.8981391728221109
25931,LOF,0.03270327876283884,0.013136495653293553,0.9541602255838677
25932,LOF,0.032162675114184476,0.013958318058664283,0.9538790068271513
25933,LOF,0.04066157815260753,0.010842936153028481,0.9484954856943639
25934,LOF,0.02896579254538113,0.01594007580072366,0.9550941316538952
25935,LOF,0.07902760006105022,0.030018792406777583,0.8909536075321722
25936,LOF,0.04150772233634324,0.013323613768353556,0.9451686638953032
25937,LOF,0.035205821499025916,0.019686224269230137,0.9451079542317439
25938,LOF,0.0693343393063988,0.03557786154292101,0.8950877991506802
25939,LOF,0.03573087215838267,0.014514186312352868,0.9497549415292644
25940,GOF,0.030527240229172452,0.6232856391070527,0.3461871206637748
25941,LOF,0.19548157827928037,0.03054878785607455,0.7739696338646451
25942,LOF,0.020133703568153354,0.0162363767227704,0.9636299197090762
25943,LOF,0.34831191832956415,0.028101690574011726,0.6235863910964242
25944,Neutral,0.5007012460680098,0.014745846169725898,0.4845529077622643
25945,LOF,0.0748222240451884,0.032034259872299096,0.8931435160825125
25946,LOF,0.03922883694474939,0.22011313441274807,0.7406580286425025
25947,LOF,0.13251380403073493,0.19939675743419352,0.6680894385350715
25948,LOF,0.39551003848868466,0.030269068582377514,0.5742208929289377
25949,LOF,0.11320309634056581,0.05782118469181647,0.8289757189676177
25950,GOF,0.16468655434550578,0.4535989566321344,0.3817144890223599
25951,LOF,0.2103364950226581,0.15083837373638032,0.6388251312409616
25952,LOF,0.033347216016226255,0.4507799552382313,0.5158728287455425
25953,LOF,0.12109264530141517,0.1601093748400486,0.7187979798585362
25954,Neutral,0.42245891303795435,0.243010435275849,0.33453065168619667
25955,LOF,0.05410805068150996,0.16621923852040021,0.7796727107980898
25956,LOF,0.25094580296513286,0.06842818621624257,0.6806260108186246
25957,LOF,0.044400007319572825,0.028206077067052242,0.927393915613375
25958,LOF,0.07596413537773279,0.033058818171771295,0.8909770464504959
25959,GOF,0.1255723547880716,0.4416861858444421,0.43274145936748626
25960,LOF,0.025657300129371577,0.0685079268136541,0.9058347730569742
25961,LOF,0.08140600774706364,0.04378668706214912,0.8748073051907873
25962,LOF,0.05086107240719739,0.06317689950015556,0.8859620280926471
25963,LOF,0.05821080968767887,0.1798257388548638,0.7619634514574574
25964,LOF,0.029530376205766984,0.21448985146065577,0.7559797723335773
25965,Neutral,0.5111042913176147,0.05790597290999772,0.43098973577238764
25966,GOF,0.30225076229613546,0.3568757630706613,0.3408734746332033
25967,LOF,0.011468531669604853,0.16675294571856336,0.8217785226118318
25968,LOF,0.0657868530105579,0.3709581682358361,0.563254978753606
25969,LOF,0.0247896156223616,0.059324874894462955,0.9158855094831755
25970,LOF,0.05948490518405042,0.046517110217283865,0.8939979845986658
25971,LOF,0.10019925364307505,0.02357118607649147,0.8762295602804334
25972,LOF,0.08880021132255206,0.031727692036010655,0.8794720966414373
25973,LOF,0.08897851426499877,0.01378860561153732,0.897232880123464
25974,LOF,0.3401474165307092,0.029569756985734268,0.6302828264835565
25975,LOF,0.04179082961164935,0.034144746856030105,0.9240644235323207
25976,LOF,0.03440483561132779,0.025921081269479906,0.9396740831191922
25977,LOF,0.12415003839227211,0.14029404578433918,0.7355559158233886
25978,LOF,0.17869775697843399,0.13073800504159996,0.690564237979966
25979,LOF,0.16538333391824972,0.0962896025899624,0.7383270634917878
25980,LOF,0.20994661309444168,0.2067657054695203,0.5832876814360379
25981,LOF,0.20994661309444168,0.2067657054695203,0.5832876814360379
25982,LOF,0.40608438827055676,0.09617521463784481,0.4977403970915984
25983,LOF,0.4184620227711615,0.10103130013886381,0.48050667708997463
25984,LOF,0.03395644979009615,0.0884996848942823,0.8775438653156215
25985,LOF,0.02040500515405992,0.3436269962012501,0.63596799864469
25986,LOF,0.025034964242320153,0.3938557540024194,0.5811092817552603
25987,LOF,0.08693567111451576,0.07964838501624322,0.833415943869241
25988,LOF,0.0666996072439057,0.08493296832856874,0.8483674244275256
25989,LOF,0.024317483422781977,0.15660692839499268,0.8190755881822254
25990,LOF,0.03597853077494856,0.14835114919999995,0.8156703200250515
25991,LOF,0.21124533221510414,0.3248616997784752,0.46389296800642066
25992,LOF,0.35557937090797037,0.20113521819993457,0.4432854108920951
25993,LOF,0.03202044433760514,0.09189907127659651,0.8760804843857983
25994,LOF,0.02232491195027197,0.11504056682094574,0.8626345212287823
25995,LOF,0.030139270858447482,0.11161664530393836,0.8582440838376142
25996,GOF,0.22246376001106613,0.4660180523615507,0.31151818762738315
25997,GOF,0.09892472101160692,0.4907442446214816,0.4103310343669115
25998,Neutral,0.51483523622109,0.022712463120659297,0.46245230065825077
25999,GOF,0.07731121124789941,0.48284178156601887,0.43984700718608183
26000,LOF,0.05676849053534648,0.030137926751022268,0.9130935827136313
26001,LOF,0.1476371115277714,0.04340058753373175,0.8089623009384969
26002,LOF,0.09145572149659512,0.04449521138671888,0.864049067116686
26003,GOF,0.009886868362109136,0.7943708114296654,0.19574232020822557
26004,GOF,0.022010680217193934,0.8043547186919828,0.1736346010908232
26005,GOF,0.009577535847724932,0.6897515469872332,0.3006709171650418
26006,GOF,0.42810031170139407,0.4671738536180754,0.10472583468053047
26007,GOF,0.015311672391470504,0.7864954087777,0.19819291883082968
26008,GOF,0.011830037061928655,0.7885268436287646,0.1996431193093068
26009,GOF,0.02179689744433396,0.8375647149812543,0.14063838757441174
26010,GOF,0.018676353520135667,0.8277225996144659,0.1536010468653984
26011,GOF,0.009294900197676275,0.6604403063381158,0.33026479346420784
26012,GOF,0.014032942708079274,0.7853600407659003,0.20060701652602045
26013,GOF,0.0128676141060641,0.7968625554959838,0.1902698303979521
26014,LOF,0.03790664035265922,0.10834177237656879,0.8537515872707719
26015,LOF,0.22695459233300863,0.0071285153016234296,0.7659168923653679
26016,LOF,0.35089457705654364,0.023880365691938205,0.6252250572515182
26017,LOF,0.23496687954673715,0.03769580954705396,0.7273373109062088
26018,LOF,0.08184352467822249,0.019739867162607,0.8984166081591705
26019,LOF,0.08155114910625652,0.01473296078286769,0.9037158901108757
26020,LOF,0.09212279746758169,0.03941108414172829,0.8684661183906901
26021,LOF,0.09075294184184766,0.05832689916407414,0.8509201589940781
26022,LOF,0.01639994192683603,0.026986540651452368,0.9566135174217116
26023,LOF,0.17622371415658292,0.019415687810457688,0.8043605980329593
26024,LOF,0.03893328297672595,0.06398181350065894,0.897084903522615
26025,LOF,0.20935228607525788,0.04237127624393589,0.7482764376808062
26026,LOF,0.4099364861521752,0.008488662885602365,0.5815748509622225
26027,LOF,0.08585546862200567,0.0113075259255182,0.9028370054524761
26028,LOF,0.21904757236136427,0.0798009944835316,0.7011514331551041
26029,LOF,0.12141755875629234,0.16532475197949212,0.7132576892642155
26030,LOF,0.04379312175709131,0.03904334062565475,0.917163537617254
26031,LOF,0.040660570041299283,0.13099702708247607,0.8283424028762247
26032,LOF,0.07084420740472998,0.04232634507889957,0.8868294475163705
26033,LOF,0.17643043279579324,0.05769676770105811,0.7658727995031488
26034,LOF,0.06269545488239527,0.10796277961843136,0.8293417654991734
26035,LOF,0.046193713585420765,0.12138913573311103,0.8324171506814683
26036,LOF,0.061108269679910815,0.11560368898764792,0.8232880413324413
26037,LOF,0.037578172915601206,0.09474950533097574,0.8676723217534231
26038,LOF,0.06991843405705697,0.04105729552590032,0.8890242704170427
26039,LOF,0.08666727579499475,0.11227862294367003,0.8010541012613351
26040,LOF,0.312959374539232,0.08163598869917642,0.6054046367615916
26041,LOF,0.04045551432732202,0.0975147507323569,0.8620297349403211
26042,LOF,0.0402511324375169,0.08635723357825864,0.8733916339842244
26043,LOF,0.07016122951356407,0.05329245836342002,0.8765463121230159
26044,LOF,0.04133475867776687,0.04906910253027791,0.9095961387919552
26045,LOF,0.11493712807417393,0.08761445529284587,0.7974484166329802
26046,LOF,0.07881232060185522,0.056024443129952355,0.8651632362681924
26047,LOF,0.10212943396559229,0.05461038005348106,0.8432601859809267
26048,LOF,0.07311295469567596,0.04290907278234777,0.8839779725219763
26049,Neutral,0.9415402972004372,0.008294581936505537,0.05016512086305724
26050,Neutral,0.9192474291150626,0.009206665089982876,0.07154590579495444
26051,GOF,0.040587687836253605,0.5564411340019901,0.40297117816175637
26052,GOF,0.034937798275277536,0.6637073255653357,0.3013548761593867
26053,LOF,0.05191739985929282,0.3469145894744123,0.6011680106662948
26054,LOF,0.06782450265989619,0.04871702500954091,0.883458472330563
26055,LOF,0.06565350820453965,0.055785800459940756,0.8785606913355197
26056,LOF,0.053965266187004104,0.06720394386776182,0.8788307899452341
26057,LOF,0.028681541242901433,0.04977553182408705,0.9215429269330115
26058,LOF,0.028680740677422475,0.04745915719175015,0.9238601021308274
26059,LOF,0.3547363990901576,0.06722160363234098,0.5780419972775014
26060,LOF,0.028655711304403277,0.3993621200826143,0.5719821686129825
26061,LOF,0.020140736307610325,0.07238928043620661,0.9074699832561831
26062,LOF,0.015950691637923026,0.05713024523509986,0.926919063126977
26063,LOF,0.02458222166178095,0.05149349552502492,0.9239242828131942
26064,LOF,0.02811902625178185,0.04993847762132876,0.9219424961268895
26065,LOF,0.02705702831560421,0.044015088921368024,0.9289278827630277
26066,LOF,0.021500795805972896,0.06239749375467533,0.9161017104393517
26067,LOF,0.024060241657748165,0.045490322440900725,0.9304494359013511
26068,LOF,0.054569089488796046,0.07365685325984973,0.8717740572513543
26069,LOF,0.3990689327552524,0.06056749515534782,0.5403635720893998
26070,Neutral,0.629926264728313,0.033011235014250816,0.33706250025743606
26071,LOF,0.023778213125093383,0.0650847536426059,0.9111370332323008
26072,LOF,0.02779761504964852,0.09053931883314059,0.8816630661172109
26073,LOF,0.026497638602709928,0.042489026915857944,0.9310133344814322
26074,Neutral,0.8793750821559415,0.015930846186307725,0.10469407165775071
26075,LOF,0.04855348799856757,0.052268524153573026,0.8991779878478593
26076,LOF,0.03570580961108044,0.04089739919818509,0.9233967911907344
26077,LOF,0.011661385728234554,0.0936769659068328,0.8946616483649328
26078,LOF,0.014789134063486413,0.05679634333284713,0.9284145226036665
26079,LOF,0.05206128695286316,0.056082969556572895,0.891855743490564
26080,LOF,0.05206128695286316,0.056082969556572895,0.891855743490564
26081,LOF,0.03222247033935301,0.03715340668758189,0.9306241229730652
26082,LOF,0.02344355726587622,0.05650895954528029,0.9200474831888434
26083,LOF,0.0951272569693746,0.050849664614700835,0.8540230784159246
26084,LOF,0.028132477420318193,0.06900830030883806,0.9028592222708437
26085,LOF,0.022354999581682588,0.06668119969989579,0.9109638007184215
26086,LOF,0.023831938561549457,0.05872996430090287,0.9174380971375476
26087,LOF,0.026293182334983282,0.04900106395199386,0.9247057537130229
26088,LOF,0.0255724569239908,0.07821069322010137,0.8962168498559078
26089,LOF,0.04836206186283153,0.053966394116272465,0.897671544020896
26090,LOF,0.044018457191454766,0.04740906068650128,0.908572482122044
26091,LOF,0.040413858783115646,0.0287582521379026,0.9308278890789818
26092,LOF,0.027514963735129995,0.04360623510602342,0.9288788011588467
26093,LOF,0.03829665063870311,0.02930711033973347,0.9323962390215634
26094,LOF,0.0445446321373582,0.02368990986683591,0.9317654579958058
26095,LOF,0.04383929096610832,0.08064625770963486,0.8755144513242568
26096,LOF,0.018513597741675932,0.05571018090357674,0.9257762213547472
26097,LOF,0.01182075525488548,0.1366193239482816,0.851559920796833
26098,LOF,0.06181406656465462,0.049034579053568866,0.8891513543817766
26099,LOF,0.02348688932913092,0.08321604775664503,0.8932970629142241
26100,LOF,0.02348688932913092,0.08321604775664503,0.8932970629142241
26101,LOF,0.05958531918225357,0.06055442076626991,0.8798602600514764
26102,LOF,0.02449308421336771,0.06241390969948258,0.9130930060871497
26103,Neutral,0.8261153354076892,0.07092072576120007,0.10296393883111074
26104,LOF,0.05064894871314602,0.09251912767021525,0.8568319236166387
26105,LOF,0.3525848131291066,0.14971321898202528,0.4977019678888682
26106,LOF,0.15602778175581294,0.06841230957117819,0.7755599086730088
26107,LOF,0.261796970781505,0.08226447504766475,0.6559385541708304
26108,LOF,0.17952804868523037,0.0764569316162227,0.744015019698547
26109,LOF,0.08189976237160707,0.09885351895910664,0.8192467186692863
26110,LOF,0.27487017325164737,0.03508557735580799,0.6900442493925446
26111,LOF,0.4524372035951544,0.029791162195670174,0.5177716342091755
26112,LOF,0.04594908689944455,0.024919040020389867,0.9291318730801656
26113,LOF,0.05709972535555185,0.05105537309790027,0.8918449015465479
26114,LOF,0.02723230842579402,0.03495922497715708,0.9378084665970489
26115,LOF,0.12033015268346106,0.05606999938630915,0.8235998479302297
26116,LOF,0.08141217651122591,0.06072313965111952,0.8578646838376545
26117,LOF,0.20210460138415998,0.17445691347089987,0.6234384851449402
26118,LOF,0.03150582989300864,0.05753156569617344,0.9109626044108179
26119,LOF,0.02341794426590566,0.15613044435746287,0.8204516113766316
26120,LOF,0.028005764584964354,0.07124066832988381,0.9007535670851519
26121,LOF,0.05198197875474883,0.15567152310103216,0.7923464981442191
26122,LOF,0.06726558087629456,0.12725908664770028,0.8054753324760052
