feature0,prediction,LoGoFunc_Neutral,LoGoFunc_GOF,LoGoFunc_LOF
25546,Neutral,0.6032336169687194,0.05427928163993714,0.34248710139134353
25547,Neutral,0.5022978511785139,0.0840719153806434,0.4136302334408429
25548,Neutral,0.5180418544297171,0.07995254513054653,0.4020056004397364
25549,LOF,0.44594306264064115,0.07972345082363556,0.4743334865357232
25550,LOF,0.36896263539066637,0.08976956971549006,0.5412677948938435
25551,LOF,0.3255543074841217,0.08967822057326653,0.5847674719426118
25552,LOF,0.29301512058677204,0.10290675516077116,0.6040781242524568
25553,Neutral,0.7922516510548087,0.05064621816925027,0.15710213077594104
25554,LOF,0.3145336480454022,0.09286076970269325,0.5926055822519046
25555,LOF,0.26732650795065627,0.09441088192463219,0.6382626101247115
25556,LOF,0.44343022448371233,0.08856087300432999,0.4680089025119576
25557,LOF,0.255124424259875,0.09099131035069673,0.6538842653894281
25558,LOF,0.324197127297399,0.08667198077266713,0.5891308919299338
25559,LOF,0.30167219059046146,0.02655838820848488,0.6717694212010537
25560,LOF,0.08869197402490411,0.18148301907322104,0.7298250069018748
25561,LOF,0.07379435913088582,0.2909606821432387,0.6352449587258755
25562,LOF,0.03257978074672363,0.12132570749972973,0.8460945117535466
25563,LOF,0.0066727518677341035,0.2392694792016159,0.7540577689306499
25564,LOF,0.06969634051814967,0.13955313444204684,0.7907505250398036
25565,LOF,0.1756041918911568,0.1365934288836261,0.6878023792252171
25566,GOF,0.06596092490593898,0.7983715954508082,0.13566747964325274
25567,LOF,0.05350280112179992,0.17176218573079757,0.7747350131474026
25568,LOF,0.06114627743746923,0.11519498932265541,0.8236587332398754
25569,LOF,0.06053183857493811,0.11351486922519069,0.8259532921998711
25570,LOF,0.025563117279976236,0.15021776295508013,0.8242191197649437
25571,LOF,0.025013842175826667,0.16384239433449277,0.8111437634896805
25572,LOF,0.05530350677275667,0.23076700416616158,0.7139294890610817
25573,LOF,0.07126059655962064,0.16172343552028928,0.76701596792009
25574,LOF,0.09091963821872066,0.2663636954130838,0.6427166663681956
25575,LOF,0.023757020297415027,0.16875235135925956,0.8074906283433254
25576,LOF,0.024760526472534572,0.27049992420794416,0.7047395493195213
25577,LOF,0.02843254735876808,0.20629143332237826,0.7652760193188537
25578,LOF,0.2841336847974941,0.11082573838334991,0.605040576819156
25579,LOF,0.19001978217162926,0.11169060153382113,0.6982896162945497
25580,LOF,0.022206694851477828,0.1019694806182268,0.8758238245302954
25581,LOF,0.041661562621467016,0.13039446373415206,0.8279439736443809
25582,LOF,0.04116044960712287,0.12608780641515704,0.83275174397772
25583,LOF,0.032410054131101165,0.11251708989202866,0.8550728559768702
25584,Neutral,0.695808768073557,0.1470080936032874,0.1571831383231557
25585,LOF,0.023659265888055746,0.21776344704254127,0.758577287069403
25586,LOF,0.021022652037454497,0.1309597677796509,0.8480175801828945
25587,LOF,0.020498634641978576,0.13228086371501088,0.8472205016430105
25588,LOF,0.02565972475757846,0.10228711287738576,0.8720531623650358
25589,Neutral,0.5646716144025301,0.24923666982678613,0.18609171577068384
25590,LOF,0.05718600146341504,0.16654324481250915,0.7762707537240757
25591,LOF,0.09724406375647868,0.107363159815503,0.7953927764280183
25592,LOF,0.07841356314517187,0.21163975861979145,0.7099466782350367
25593,LOF,0.11918545661751118,0.3975731130672929,0.4832414303151959
25594,LOF,0.0434246713996109,0.04648289807645414,0.910092430523935
25595,LOF,0.04366568289897208,0.02514044464819477,0.9311938724528331
25596,LOF,0.10932840531732037,0.013990824855179733,0.8766807698274999
25597,LOF,0.08720825772048893,0.015476250810733231,0.8973154914687778
25598,LOF,0.04753737625818627,0.028458782596567467,0.9240038411452463
25599,LOF,0.03290313044979686,0.38144840486874304,0.58564846468146
25600,LOF,0.22614867999619404,0.34286614657811865,0.4309851734256873
25601,LOF,0.054486218135432314,0.2700449377787165,0.6754688440858512
25602,LOF,0.027411195663561174,0.075143483050532,0.8974453212859068
25603,LOF,0.05487254008460558,0.08016664033667405,0.8649608195787203
25604,LOF,0.05126657328133058,0.14521059358986485,0.8035228331288046
25605,LOF,0.05074581196953488,0.19388228219526318,0.755371905835202
25606,Neutral,0.39303337850637843,0.31226950521806174,0.2946971162755598
25607,LOF,0.030783132043984158,0.2694224148449672,0.6997944531110487
25608,LOF,0.04337275390006461,0.09168391676527352,0.8649433293346619
25609,GOF,0.17565358012455004,0.5792905911958318,0.2450558286796182
25610,LOF,0.022405864450173972,0.08634483159415292,0.891249303955673
25611,LOF,0.016173399090443703,0.09185447145703468,0.8919721294525215
25612,LOF,0.0626962449774336,0.095157514891024,0.8421462401315425
25613,LOF,0.05334615993999176,0.0987323247710119,0.8479215152889963
25614,LOF,0.02454046907631326,0.08545187811586216,0.8900076528078246
25615,LOF,0.05834852899107569,0.07740478905189346,0.8642466819570309
25616,LOF,0.06560060500925745,0.09463885241523982,0.8397605425755027
25617,LOF,0.04892173636074558,0.10416305399264907,0.8469152096466054
25618,LOF,0.06272208948017753,0.17014942244038891,0.7671284880794335
25619,LOF,0.014887239256062928,0.1343099898635883,0.8508027708803487
25620,LOF,0.048956790636594805,0.10167346136635355,0.8493697479970517
25621,LOF,0.0786969338690473,0.09350013373359789,0.8278029323973548
25622,LOF,0.08627682726314488,0.10963436033831446,0.8040888123985406
25623,LOF,0.075570865099464,0.09722502507453758,0.8272041098259985
25624,LOF,0.023050981851546595,0.08434233761497757,0.8926066805334758
25625,LOF,0.07560400586651454,0.08966227201315528,0.8347337221203303
25626,LOF,0.061578944849176365,0.08959049505206114,0.8488305600987625
25627,Neutral,0.8790356640033206,0.022581909754932374,0.098382426241747
25628,LOF,0.22049703663381398,0.04355233489963776,0.7359506284665484
25629,LOF,0.06930576382982577,0.06479292083824605,0.8659013153319282
25630,LOF,0.31538873402882417,0.05914738535860405,0.6254638806125717
25631,Neutral,0.5229606240057397,0.040115158766951896,0.4369242172273083
25632,LOF,0.02967359785390197,0.14395571456605358,0.8263706875800445
25633,LOF,0.1915845154286251,0.09356473762925885,0.7148507469421161
25634,LOF,0.04071217870482974,0.13458817458076544,0.8246996467144049
25635,LOF,0.03200199876991781,0.06495320076960537,0.9030448004604769
25636,GOF,0.03273944994231685,0.549722775159309,0.4175377748983742
25637,GOF,0.034126959377873495,0.512546315039101,0.45332672558302545
25638,LOF,0.020387452711478835,0.43525511956552837,0.5443574277229928
25639,LOF,0.02871614864156271,0.4184131143292688,0.5528707370291684
25640,Neutral,0.781545470878838,0.15899509588929578,0.05945943323186622
25641,LOF,0.12428918373300309,0.3104380437376141,0.5652727725293828
25642,LOF,0.11329187285106426,0.18449638507696428,0.7022117420719716
25643,LOF,0.35571973536457374,0.11683094179417912,0.5274493228412472
25644,GOF,0.010347602614862316,0.6781425742165902,0.31150982316854736
25645,GOF,0.011194252630544065,0.6345504560946329,0.3542552912748231
25646,LOF,0.01844471454770044,0.4164265701466419,0.5651287153056576
25647,LOF,0.009159032007837381,0.31408778547484034,0.6767531825173223
25648,LOF,0.01252443866347255,0.40081131027911726,0.5866642510574103
25649,LOF,0.00853017067699532,0.2885821688463621,0.7028876604766425
25650,GOF,0.03780256109364249,0.5782579323960063,0.38393950651035114
25651,LOF,0.010497964891744057,0.40718829606166235,0.5823137390465936
25652,LOF,0.010980757402032675,0.4306659862816109,0.5583532563163565
25653,GOF,0.04565049094648201,0.6036546026419173,0.3506949064116007
25654,LOF,0.012822352036405287,0.3260893583857192,0.6610882895778756
25655,GOF,0.12563164090647536,0.654686879703573,0.21968147938995164
25656,LOF,0.20563616504237947,0.06394962282026133,0.7304142121373592
25657,LOF,0.032348694880161045,0.0704439942179523,0.8972073109018867
25658,LOF,0.22789983289550061,0.09692097388524566,0.6751791932192538
25659,LOF,0.4052296730037958,0.11719299036956164,0.4775773366266426
25660,LOF,0.023895736843364254,0.1267340996055965,0.8493701635510392
25661,LOF,0.07126329032231403,0.08165345843202286,0.8470832512456631
25662,LOF,0.027392616033987134,0.04959489434767709,0.9230124896183357
25663,LOF,0.030784561284950548,0.04418961155280582,0.9250258271622437
25664,LOF,0.09518108060803399,0.06970406811765724,0.8351148512743088
25665,LOF,0.054093395698815806,0.04182302715433383,0.9040835771468504
25666,LOF,0.07467693338889714,0.05790198181587525,0.8674210847952276
25667,LOF,0.06008511496733616,0.05338384435419345,0.8865310406784703
25668,LOF,0.027992238855522027,0.06589731256398544,0.9061104485804924
25669,LOF,0.020011225129853757,0.059664405322195094,0.9203243695479512
25670,LOF,0.12945067631357735,0.0585615119222933,0.8119878117641294
25671,LOF,0.0838230454310252,0.0484087058793621,0.8677682486896128
25672,LOF,0.043602001707276794,0.06522819416278478,0.8911698041299383
25673,LOF,0.0777365306318362,0.048454215201889306,0.8738092541662745
25674,LOF,0.07187242353124318,0.06671161322997651,0.8614159632387803
25675,LOF,0.0688453191611256,0.07254446160233019,0.8586102192365442
25676,LOF,0.016187335368225714,0.07253017178088225,0.911282492850892
25677,LOF,0.015838611931756123,0.09315701428081578,0.8910043737874281
25678,LOF,0.1924983459077553,0.07840647956312542,0.7290951745291193
25679,LOF,0.10433540062568282,0.10671017461530531,0.7889544247590118
25680,LOF,0.019841758355521943,0.135821548774708,0.84433669286977
25681,LOF,0.03355811768135044,0.12284309769180986,0.8435987846268397
25682,LOF,0.10605537078765508,0.08555572793724955,0.8083889012750954
25683,LOF,0.09499246512652901,0.0976990953904078,0.8073084394830631
25684,LOF,0.025124733092412834,0.08272139056214373,0.8921538763454435
25685,LOF,0.09692627190940133,0.11022763385066853,0.7928460942399301
25686,LOF,0.06030331227846684,0.23527544509212825,0.7044212426294048
25687,LOF,0.0963317662591365,0.20557104673726515,0.6980971870035984
25688,LOF,0.4594414349243767,0.02512299210000747,0.5154355729756157
25689,LOF,0.2791545615329129,0.03249007989667946,0.6883553585704076
25690,LOF,0.37448015054910755,0.022712508418539376,0.6028073410323532
25691,Neutral,0.7549654059682285,0.020802179888477636,0.22423241414329395
25692,LOF,0.3494521042810663,0.01093028386269848,0.6396176118562352
25693,GOF,0.03700720968450784,0.5438899008498457,0.4191028894656465
25694,LOF,0.10148440482182206,0.01973799446088444,0.8787776007172934
25695,LOF,0.09954661628233424,0.00931045367372673,0.8911429300439392
25696,LOF,0.11070355782130747,0.018225822120502985,0.8710706200581895
25697,LOF,0.04961685004203296,0.07165428559750636,0.8787288643604608
25698,LOF,0.24126994607516628,0.1766122929445249,0.5821177609803089
25699,LOF,0.3358931403280917,0.04357027849595681,0.6205365811759516
25700,LOF,0.057136091265306804,0.010634071672340309,0.932229837062353
25701,LOF,0.15690351850378598,0.03825761384218,0.804838867654034
25702,GOF,0.20610680761756667,0.6409391336804758,0.15295405870195758
25703,LOF,0.01826910239358217,0.19690490389455947,0.7848259937118583
25704,LOF,0.03614332462146788,0.15759632591562267,0.8062603494629095
25705,LOF,0.03218935817140732,0.08927107771964568,0.878539564108947
25706,GOF,0.10311452838637912,0.5275131158985614,0.3693723557150594
25707,LOF,0.09517654965526463,0.3992059930528064,0.505617457291929
25708,LOF,0.037244551329630046,0.4428001613046119,0.519955287365758
25709,LOF,0.07993210751165512,0.04894964337117904,0.8711182491171658
25710,LOF,0.018930666345858608,0.15150674088433388,0.8295625927698076
25711,LOF,0.020201712417015568,0.09252184626162033,0.8872764413213641
25712,LOF,0.01909426588267412,0.1854647595040881,0.7954409746132378
25713,LOF,0.018641728510291042,0.07600405068819495,0.905354220801514
25714,LOF,0.08134526210575924,0.06744322127220627,0.8512115166220344
25715,LOF,0.012508344422873604,0.12300707590545458,0.8644845796716718
25716,LOF,0.013647749507658435,0.1233871435378395,0.862965106954502
25717,LOF,0.02086663043630201,0.07496261276035922,0.9041707568033388
25718,LOF,0.011608841946617496,0.0565757412415975,0.9318154168117849
25719,LOF,0.025092801030769954,0.09316686406368026,0.8817403349055497
25720,LOF,0.030349843000780356,0.0506944572763843,0.9189556997228354
25721,LOF,0.011803494412281044,0.09382336349165125,0.8943731420960678
25722,LOF,0.01365584374639056,0.07615817827507075,0.9101859779785387
25723,LOF,0.02454477823082142,0.05520003343216313,0.9202551883370154
25724,LOF,0.03696439955863818,0.09527355758195254,0.8677620428594093
25725,LOF,0.011848344401435817,0.08653592267981276,0.9016157329187514
25726,LOF,0.01709306347825628,0.1338000547105065,0.8491068818112373
25727,LOF,0.014468449921745728,0.07705841098420757,0.9084731390940468
25728,LOF,0.011532637102654347,0.10147027386499345,0.8869970890323522
25729,LOF,0.011870877062061051,0.09975293346533769,0.8883761894726012
25730,LOF,0.015269730947092207,0.10015722252513316,0.8845730465277746
25731,LOF,0.022098412635975225,0.12815591144042773,0.8497456759235971
25732,LOF,0.015185222680551995,0.050137894389680526,0.9346768829297675
25733,LOF,0.016473683228650098,0.06902698989524014,0.9144993268761097
25734,LOF,0.014662794661065466,0.1379088828870068,0.8474283224519278
25735,LOF,0.01188517336897711,0.0650361038022441,0.9230787228287788
25736,LOF,0.012822814806867299,0.06511562591702902,0.9220615592761037
25737,LOF,0.014020286962018888,0.09538018007920958,0.8905995329587715
25738,LOF,0.01291791132528302,0.0931376027511565,0.8939444859235605
25739,LOF,0.02101653900615472,0.08180299035181995,0.8971804706420252
25740,LOF,0.031231594818141,0.10201989052979163,0.8667485146520674
25741,LOF,0.014963225544838721,0.10598145915622037,0.8790553152989409
25742,LOF,0.10813401533726592,0.07386956094746054,0.8179964237152735
25743,LOF,0.046602410350284416,0.064707531513441,0.8886900581362747
25744,Neutral,0.6088218950762007,0.2337435557915634,0.15743454913223595
25745,LOF,0.06483238688486274,0.0735182169750017,0.8616493961401356
25746,LOF,0.040905749060989614,0.1201622190362572,0.8389320319027532
25747,LOF,0.017776469341285434,0.15034461144997752,0.831878919208737
25748,LOF,0.09593744752988397,0.20006413998490777,0.7039984124852083
25749,LOF,0.025402974190375776,0.1077582712343707,0.8668387545752536
25750,LOF,0.06493357282468179,0.11829363210433973,0.8167727950709786
25751,LOF,0.11672464207946276,0.1852146476093738,0.6980607103111633
25752,GOF,0.12558819361676118,0.6623837493677338,0.21202805701550514
25753,LOF,0.034785790893221626,0.397548708899285,0.5676655002074934
25754,GOF,0.022838501400201678,0.7849344037662704,0.19222709483352793
25755,LOF,0.032705558115736284,0.3643806854241445,0.6029137564601192
25756,LOF,0.06406845856268205,0.4414177571350321,0.4945137843022859
25757,GOF,0.01668954079153991,0.8530533911505912,0.13025706805786907
25758,GOF,0.029796258926274476,0.7686490807721793,0.20155466030154612
25759,GOF,0.014540699711123971,0.679266736301679,0.30619256398719713
25760,LOF,0.01692881797505663,0.4555954711068549,0.5274757109180884
25761,GOF,0.28704937437364814,0.6229493735379561,0.09000125208839588
25762,LOF,0.049981602418224705,0.42041955733439756,0.5295988402473778
25763,LOF,0.01556147791419825,0.3268055806380001,0.6576329414478016
25764,GOF,0.06028893340934576,0.6921721066391864,0.24753895995146785
25765,GOF,0.03468798133609928,0.7961336444687345,0.16917837419516615
25766,GOF,0.09692543988235358,0.7070664193603963,0.19600814075725012
25767,GOF,0.12999565398296672,0.4399291536037812,0.430075192413252
25768,LOF,0.09442373300522122,0.03914686559605473,0.8664294013987239
25769,LOF,0.05654573759542363,0.08075461146994095,0.8626996509346355
25770,LOF,0.41878365243581916,0.12437046440907268,0.45684588315510816
25771,LOF,0.0698030920189673,0.05708108851714872,0.8731158194638841
25772,LOF,0.019169417300323042,0.05480833019037998,0.9260222525092969
25773,LOF,0.07025423722878617,0.06355723750825511,0.8661885252629586
25774,LOF,0.026916608615441154,0.13060623499838725,0.8424771563861716
25775,LOF,0.07940692585930158,0.0589416158347782,0.8616514583059203
25776,LOF,0.07716997287203442,0.03585733937820975,0.8869726877497559
25777,Neutral,0.5655941758417546,0.09004607143797617,0.34435975272026914
25778,LOF,0.06990780623082302,0.055020934672201996,0.875071259096975
25779,GOF,0.435301584036708,0.5211256591035359,0.04357275685975604
25780,GOF,0.34995881818585167,0.568104107929322,0.08193707388482634
25781,GOF,0.13190593580812382,0.7489173404703781,0.1191767237214982
25782,GOF,0.19819039183138779,0.7157308682799042,0.08607873988870808
25783,GOF,0.02291789103990139,0.6978385769856663,0.2792435319744322
25784,Neutral,0.5460140047906227,0.41002416326091307,0.04396183194846427
25785,Neutral,0.5236449839558895,0.41339537271060245,0.06295964333350802
25786,GOF,0.0269624589525209,0.7270733911535109,0.24596414989396828
25787,Neutral,0.705207935448562,0.2584829975733477,0.036309066978090276
25788,LOF,0.06172266556724579,0.08291535469888497,0.8553619797338692
25789,GOF,0.23717963051454857,0.6495006418998697,0.11331972758558165
25790,GOF,0.28472764674671946,0.5952929292300313,0.11997942402324925
25791,GOF,0.15095633467771885,0.6271104279265171,0.22193323739576412
25792,GOF,0.38248760186364444,0.4472076622992843,0.1703047358370711
25793,GOF,0.2551499451447214,0.4798250888097868,0.2650249660454919
25794,GOF,0.32054866992057035,0.47786757326079343,0.20158375681863616
25795,GOF,0.06897815885160066,0.6563247197968063,0.27469712135159313
25796,Neutral,0.4926582958105728,0.4097444841665195,0.0975972200229076
25797,GOF,0.08066549185147139,0.5338648099883443,0.38546969816018434
25798,GOF,0.010772726604658809,0.5735350205961045,0.4156922527992367
25799,GOF,0.009581992605176599,0.5192855174947553,0.47113248990006806
25800,GOF,0.03899201222166229,0.6866100774025548,0.274397910375783
25801,GOF,0.24084004275993165,0.6484138380347595,0.11074611920530893
25802,GOF,0.07252290598803669,0.6836616492562438,0.24381544475571948
25803,GOF,0.05695444221116152,0.5872108642453667,0.35583469354347175
25804,GOF,0.04337340155847621,0.5288612719599051,0.4277653264816187
25805,GOF,0.10979333906778864,0.5677557009883614,0.3224509599438499
25806,GOF,0.1389080987613791,0.6087225383046538,0.25236936293396706
25807,GOF,0.01844136048527265,0.6141070420953608,0.36745159741936645
25808,GOF,0.11068169302072219,0.5926748918155268,0.29664341516375103
25809,GOF,0.020487119174909224,0.5797719592543481,0.39974092157074276
25810,GOF,0.022776564510851083,0.5754401433951464,0.40178329209400254
25811,GOF,0.4648077909470941,0.47560877409144187,0.05958343496146392
25812,GOF,0.043315074140071956,0.6551584509716765,0.30152647488825157
25813,Neutral,0.5490328849584541,0.33417444917795686,0.11679266586358901
25814,GOF,0.15572022451198578,0.6121887957442649,0.23209097974374926
25815,GOF,0.28956984362455584,0.5564479628624045,0.15398219351303966
25816,GOF,0.02103499653528333,0.6797164317970164,0.29924857166770025
25817,GOF,0.1917642386327704,0.6828726031968624,0.1253631581703673
25818,GOF,0.03974944297065005,0.608351219720641,0.351899337308709
25819,GOF,0.37326905154199924,0.4676670629327786,0.1590638855252222
25820,GOF,0.20988529434374903,0.5738238740668893,0.2162908315893617
25821,GOF,0.0644558263799124,0.6742660031917461,0.26127817042834145
25822,GOF,0.2370478835329778,0.5405625740474403,0.2223895424195818
25823,GOF,0.04347652845818019,0.5219835474685829,0.43453992407323694
25824,GOF,0.0785962240485843,0.5350940113767597,0.38630976457465604
25825,GOF,0.03522856324199062,0.5457031816825775,0.419068255075432
25826,GOF,0.01251296420078843,0.5174626275136744,0.47002440828553715
25827,GOF,0.019616513459413013,0.5543998182083616,0.4259836683322253
25828,LOF,0.014247431643622927,0.48189529276043847,0.5038572755959386
25829,GOF,0.008498431854980228,0.5572748944634285,0.4342266736815914
25830,LOF,0.04123768957696405,0.2870125464376892,0.6717497639853467
25831,GOF,0.15779881535792586,0.7101766487556326,0.13202453588644159
25832,GOF,0.040015877351971034,0.7095017229594911,0.2504823996885379
25833,GOF,0.13004898553473102,0.6789544459293357,0.1909965685359332
25834,GOF,0.048754534658263855,0.699322687510421,0.2519227778313151
25835,GOF,0.10596139817159254,0.638712738230215,0.2553258635981924
25836,GOF,0.057982089131977756,0.6845458126960229,0.2574720981719994
25837,GOF,0.027939353098015887,0.5397091183661675,0.4323515285358167
25838,GOF,0.10428125809523496,0.7021133170494581,0.19360542485530688
25839,GOF,0.3246648426494399,0.49968823058527445,0.17564692676528568
25840,GOF,0.24853294253161107,0.5607489887113177,0.19071806875707117
25841,GOF,0.29343555393660864,0.5318616888747442,0.1747027571886472
25842,GOF,0.2038306867308986,0.6010632673675111,0.19510604590159017
25843,GOF,0.2630900870362589,0.5947809639804652,0.14212894898327588
25844,GOF,0.07088609769218383,0.6517583705151058,0.27735553179271044
25845,GOF,0.01644509414470446,0.5466159295541287,0.43693897630116674
25846,GOF,0.11876029246701487,0.6882257519250784,0.19301395560790666
25847,GOF,0.12188485798416529,0.6945432018830225,0.18357194013281217
25848,GOF,0.048870175276350826,0.6390379604693687,0.3120918642542804
25849,GOF,0.014503190726448614,0.5548566875061438,0.43064012176740757
25850,GOF,0.02719404697025632,0.6546603376278343,0.3181456154019095
25851,GOF,0.023132451888635594,0.5523461831901848,0.42452136492117964
25852,GOF,0.14799335235042457,0.5452494918631283,0.30675715578644713
25853,GOF,0.34848155624013066,0.5590617649548387,0.09245667880503058
25854,GOF,0.020431833516678828,0.7209997519881907,0.25856841449513057
25855,GOF,0.045942039018740236,0.6465219551061189,0.3075360058751409
25856,GOF,0.23517932716283957,0.5835355949318927,0.18128507790526768
25857,GOF,0.03786298919511307,0.5886860197280103,0.37345099107687674
25858,GOF,0.020997482704957608,0.6466056171610891,0.3323969001339534
25859,GOF,0.011469226624788349,0.647400008220063,0.34113076515514856
25860,GOF,0.3073044458435072,0.5921178236719549,0.1005777304845379
25861,GOF,0.347528416616721,0.5665845708208542,0.08588701256242483
25862,GOF,0.07828381658490653,0.7685956098322995,0.15312057358279396
25863,GOF,0.08354823955131326,0.7755548633602009,0.1408968970884859
25864,GOF,0.15437285424961947,0.7406133351588124,0.10501381059156813
25865,GOF,0.07534491834977582,0.772007795966471,0.15264728568375316
25866,GOF,0.0663781177607616,0.8134543490731717,0.12016753316606678
25867,GOF,0.08588856707471647,0.8015524244091949,0.11255900851608863
25868,GOF,0.19222642519986347,0.6762402383349229,0.13153333646521362
25869,Neutral,0.6603444976614222,0.2841474688782513,0.05550803346032644
25870,LOF,0.2660913332087789,0.2910510813997863,0.44285758539143477
25871,GOF,0.20256324387122512,0.6451485836980931,0.15228817243068177
25872,GOF,0.08855405273839104,0.6171435024411551,0.29430244482045387
25873,GOF,0.16508998679550332,0.5988107417999546,0.23609927140454207
25874,LOF,0.02395462826932053,0.0915541821687813,0.8844911895618982
25875,LOF,0.054520295940472294,0.16427996160725636,0.7811997424522714
25876,LOF,0.022017093548550637,0.09002095404620601,0.8879619524052432
25877,Neutral,0.4519479056436417,0.15333140339679577,0.39472069095956247
25878,LOF,0.14400939353384964,0.23936719539564402,0.6166234110705064
25879,LOF,0.08806737606818396,0.26077907318231125,0.6511535507495048
25880,LOF,0.02119544906117822,0.0411295149454658,0.937675035993356
25881,LOF,0.16798847642030346,0.2715115084703786,0.5605000151093179
25882,LOF,0.06682332145305016,0.033550299655127354,0.8996263788918225
25883,LOF,0.0776806334344463,0.05860571042160985,0.8637136561439438
25884,LOF,0.04166781247588907,0.05821600773521656,0.9001161797888944
25885,LOF,0.053654276917862696,0.0365097260966497,0.9098359969854876
25886,LOF,0.3478656356685942,0.13981335869669717,0.5123210056347086
25887,LOF,0.1728757490777787,0.21657815306186046,0.6105460978603608
25888,LOF,0.06870417724276286,0.14180006226216843,0.7894957604950689
25889,LOF,0.03458093587596087,0.06460440397687095,0.9008146601471682
25890,LOF,0.06144235001832941,0.13313704774119034,0.8054206022404802
25891,LOF,0.07376811994062257,0.06205479154555342,0.864177088513824
25892,LOF,0.09166801716561902,0.03277529454385345,0.8755566882905275
25893,LOF,0.3215954597720584,0.0218695452911335,0.6565349949368081
25894,LOF,0.196847081477467,0.009994397764689581,0.7931585207578435
25895,LOF,0.24379025537189541,0.0189803908348236,0.7372293537932809
25896,LOF,0.04652497359782104,0.02197095847188489,0.931504067930294
25897,LOF,0.2819492950122352,0.026760656171320785,0.691290048816444
25898,Neutral,0.8043252000792817,0.01689147939514677,0.17878332052557158
25899,LOF,0.2531848722130327,0.054164087075442825,0.6926510407115244
25900,Neutral,0.6084622332567161,0.01570197042656651,0.3758357963167175
25901,LOF,0.04878727259245584,0.01452609078248441,0.9366866366250598
25902,LOF,0.18508247976984196,0.014992504664813595,0.7999250155653446
25903,Neutral,0.638659807330244,0.04233995541144438,0.31900023725831167
25904,LOF,0.25407475614647235,0.048323840742460655,0.697601403111067
25905,LOF,0.037947219733304824,0.3210336170540493,0.6410191632126458
25906,LOF,0.02508144746038096,0.06611378196550989,0.908804770574109
25907,LOF,0.013680186514212682,0.3604323051255671,0.6258875083602202
25908,LOF,0.015029635458720046,0.24457467151857118,0.7403956930227087
25909,LOF,0.01709960360228595,0.1042664581200903,0.8786339382776238
25910,LOF,0.03167969189295888,0.3586791463099345,0.6096411617971066
25911,LOF,0.08267205499789149,0.06517380752970524,0.8521541374724033
25912,LOF,0.043852313426620056,0.1083437636866419,0.8478039228867381
25913,LOF,0.2642819306905716,0.04318758881115854,0.6925304804982698
25914,LOF,0.018294558591454527,0.10630037517229955,0.875405066236246
25915,GOF,0.32389626549877876,0.36966351372292067,0.3064402207783005
25916,LOF,0.021278050894606566,0.4808650532864005,0.49785689581899295
25917,LOF,0.04230188880747002,0.05886440367208694,0.8988337075204431
25918,LOF,0.023160200894133638,0.06147790326484588,0.9153618958410205
25919,LOF,0.020795259055473844,0.06748309629246847,0.9117216446520576
25920,GOF,0.13465980316260462,0.4585862763082688,0.4067539205291265
25921,LOF,0.036425576713143296,0.021753983851795652,0.9418204394350611
25922,LOF,0.048980916250970834,0.0159638287824669,0.9350552549665623
25923,LOF,0.3965985244659476,0.019277315610484715,0.5841241599235676
25924,LOF,0.047790624967159294,0.02172120395575858,0.9304881710770823
25925,LOF,0.0657769769775936,0.027917710742259575,0.9063053122801469
25926,LOF,0.04936804346512964,0.01729358763925492,0.9333383688956154
25927,LOF,0.08468256570985987,0.045969368359021066,0.869348065931119
25928,LOF,0.028627519149791347,0.01750785498088964,0.953864625869319
25929,Neutral,0.5433543955407801,0.022759360271590073,0.43388624418762983
25930,LOF,0.06300885810150396,0.01560573324142465,0.9213854086570713
25931,LOF,0.035280573513947186,0.015804971797946488,0.9489144546881062
25932,LOF,0.028025144907207825,0.015585358129916394,0.9563894969628758
25933,LOF,0.03620948592239911,0.010057781870379612,0.9537327322072212
25934,LOF,0.02595283422567959,0.013894108494357602,0.9601530572799627
25935,LOF,0.059836215842259566,0.026732068768458524,0.9134317153892819
25936,LOF,0.04333920624474651,0.017560961163296484,0.939099832591957
25937,LOF,0.03791250306961083,0.019216097974187107,0.942871398956202
25938,LOF,0.06109418295278345,0.03409092571055081,0.9048148913366658
25939,LOF,0.04010868806734702,0.010491800410240813,0.9493995115224123
25940,GOF,0.023600165233450533,0.5274194987750885,0.448980335991461
25941,LOF,0.1444921629053419,0.10071996558177979,0.7547878715128782
25942,LOF,0.014481872139979968,0.038085204502474865,0.9474329233575451
25943,LOF,0.3345190033927291,0.08821940910397819,0.5772615875032927
25944,Neutral,0.48089669531475776,0.050375256927462884,0.46872804775777943
25945,LOF,0.07866962202286587,0.036696184887584714,0.8846341930895494
25946,LOF,0.04307944337104474,0.15421150129726016,0.8027090553316951
25947,LOF,0.12574155532289294,0.26504238851893636,0.6092160561581706
25948,LOF,0.427950041626425,0.015792287697556102,0.5562576706760188
25949,LOF,0.11572223747615507,0.059138094577544674,0.8251396679463003
25950,GOF,0.20358848588013648,0.5062838017462561,0.29012771237360746
25951,LOF,0.1942348991664619,0.13708046018826722,0.6686846406452709
25952,LOF,0.04765786206683417,0.41770422651447,0.534637911418696
25953,LOF,0.11539057065188367,0.11581054238749147,0.7687988869606249
25954,LOF,0.3134108403844026,0.23193134089061773,0.4546578187249798
25955,LOF,0.06713133229423537,0.09994891475315341,0.8329197529526111
25956,LOF,0.20646480287713428,0.059049911504928956,0.7344852856179369
25957,LOF,0.050569242226309145,0.02037226802198347,0.9290584897517074
25958,LOF,0.06123350236800965,0.028288055529718577,0.9104784421022719
25959,LOF,0.09125502010426281,0.36109248629258656,0.5476524936031506
25960,LOF,0.024745450492356717,0.06312882690024871,0.9121257226073947
25961,LOF,0.05186602709245814,0.03977662099276115,0.9083573519147807
25962,LOF,0.05728443436689127,0.052330393232983885,0.8903851724001247
25963,LOF,0.06184394147655176,0.18510927181433964,0.7530467867091085
25964,LOF,0.03174157779513458,0.16396199222698804,0.8042964299778773
25965,Neutral,0.4657095433783543,0.08081206982094573,0.4534783868007
25966,LOF,0.3255119236768285,0.27473532535599665,0.3997527509671749
25967,LOF,0.017884146610015143,0.0814687917358684,0.9006470616541166
25968,LOF,0.050511158194803056,0.38479311342605427,0.5646957283791426
25969,LOF,0.02827047675224179,0.05707225963052048,0.9146572636172378
25970,LOF,0.061974755895887516,0.04387542372445024,0.8941498203796623
25971,LOF,0.07547658986936652,0.025275616042268433,0.899247794088365
25972,LOF,0.07205414218841168,0.028499924820217817,0.8994459329913704
25973,LOF,0.0841265130531388,0.010352353937440197,0.905521133009421
25974,LOF,0.32207623489014964,0.02872053024510562,0.6492032348647446
25975,LOF,0.05147780423926269,0.02827197148647493,0.9202502242742623
25976,LOF,0.03770356493716162,0.021700554817850055,0.9405958802449884
25977,LOF,0.12691972949714078,0.1312345098265954,0.7418457606762638
25978,LOF,0.1535698014454011,0.09352261455609806,0.7529075839985008
25979,LOF,0.1472263971487684,0.07652097457388483,0.7762526282773469
25980,LOF,0.17538404137706692,0.16041901711284712,0.6641969415100859
25981,LOF,0.21595406761918426,0.15031711634435355,0.6337288160364621
25982,LOF,0.41242910546480466,0.08086700022863642,0.5067038943065588
25983,LOF,0.4086438723353213,0.07365453817479586,0.5177015894898829
25984,LOF,0.0460647730423896,0.10983865347176397,0.8440965734858464
25985,LOF,0.02033382850009799,0.3054944184748404,0.6741717530250616
25986,LOF,0.027193251315219085,0.32069681397782984,0.6521099347069511
25987,LOF,0.07957829457239737,0.09687157116819123,0.8235501342594115
25988,LOF,0.10524647540225376,0.07804294497577796,0.8167105796219682
25989,LOF,0.02509211450482606,0.13115729439967236,0.8437505910955014
25990,LOF,0.03434686445469075,0.1123983097818151,0.8532548257634941
25991,LOF,0.20304481765298946,0.28441915438680904,0.5125360279602015
25992,LOF,0.3754908085083392,0.19859464290726578,0.425914548584395
25993,LOF,0.028353924225381043,0.07236499614050952,0.8992810796341094
25994,LOF,0.018420273457270417,0.1002645281579826,0.8813151983847469
25995,LOF,0.03130321025180789,0.08962818953552878,0.8790686002126634
25996,GOF,0.28530663780837334,0.42393694481313166,0.2907564173784951
25997,LOF,0.09985796013600873,0.43572757169917353,0.4644144681648177
25998,Neutral,0.5543270302935436,0.02914341130023072,0.4165295584062258
25999,LOF,0.11818715634712332,0.10062012845141818,0.7811927152014584
26000,LOF,0.09691122800097957,0.026082211798360126,0.8770065602006604
26001,LOF,0.18646363936526356,0.04230845054335758,0.7712279100913788
26002,LOF,0.09494401176683843,0.03198989727577183,0.8730660909573897
26003,GOF,0.010794723028971616,0.6746880629352824,0.3145172140357459
26004,GOF,0.02876012612954364,0.6843433886686467,0.2868964852018096
26005,GOF,0.011568221090671326,0.5103119965448955,0.47811978236443325
26006,Neutral,0.5338958506343278,0.2710962005418394,0.19500794882383288
26007,GOF,0.021949056938616915,0.6224348876982497,0.3556160553631334
26008,GOF,0.017375890266323225,0.5811795987422982,0.40144451099137857
26009,GOF,0.03355183798953894,0.6813329901290018,0.2851151718814593
26010,GOF,0.020764139344234822,0.7279475442545257,0.2512883164012394
26011,GOF,0.009789779254512684,0.5041569934114533,0.48605322733403405
26012,GOF,0.017873790575655336,0.5658866924955643,0.41623951692878036
26013,GOF,0.01444243229391435,0.7100895493884053,0.2754680183176803
26014,LOF,0.04676792299217091,0.16752596838294706,0.7857061086248821
26015,LOF,0.20579024029467652,0.01157177484774955,0.782637984857574
26016,LOF,0.2591627428159402,0.053557867012820386,0.6872793901712394
26017,LOF,0.1598822558658896,0.09278981559118424,0.7473279285429262
26018,LOF,0.09371409907571221,0.03874067080705826,0.8675452301172295
26019,LOF,0.08942066431345456,0.024162819420589246,0.8864165162659562
26020,LOF,0.059804675152115426,0.09971465469083048,0.8404806701570541
26021,LOF,0.052097164561192635,0.11085132438109749,0.8370515110577099
26022,LOF,0.011446534329242085,0.053011702591752585,0.9355417630790053
26023,LOF,0.12625046664283088,0.024716943878100354,0.8490325894790688
26024,LOF,0.029562361395306793,0.10370336400926339,0.8667342745954297
26025,LOF,0.16113383088186525,0.061878684701084354,0.7769874844170505
26026,LOF,0.35040637741473374,0.013708383721389217,0.635885238863877
26027,LOF,0.08980908178449533,0.016826124053328003,0.8933647941621766
26028,LOF,0.1905322774396985,0.117773550275826,0.6916941722844756
26029,LOF,0.1103078940416798,0.15745968384156378,0.7322324221167564
26030,LOF,0.03301585341796573,0.0346824717161059,0.9323016748659284
26031,LOF,0.036867995686607515,0.1135791343895973,0.8495528699237952
26032,LOF,0.08799108765856743,0.020816736100755788,0.8911921762406768
26033,LOF,0.13450522868865014,0.022011725653669906,0.84348304565768
26034,LOF,0.06521360023151467,0.1112785129600686,0.8235078868084167
26035,LOF,0.042315639392118104,0.09690477023710559,0.8607795903707762
26036,LOF,0.05942439348322306,0.11498058906770275,0.8255950174490742
26037,LOF,0.03761085859780023,0.0931157720590012,0.8692733693431985
26038,LOF,0.0855824782217483,0.02059297638668184,0.8938245453915697
26039,LOF,0.08657705293050938,0.10285310669120515,0.8105698403782854
26040,LOF,0.24081141623588811,0.05965888930118851,0.6995296944629233
26041,LOF,0.035752324889084745,0.08667703841597471,0.8775706366949405
26042,LOF,0.03564268525849832,0.0862462846555033,0.8781110300859983
26043,LOF,0.084642591561843,0.029803738630512663,0.8855536698076443
26044,LOF,0.0373179207046067,0.0419018122989104,0.9207802669964829
26045,LOF,0.1076530283508357,0.06918609705153322,0.8231608745976311
26046,LOF,0.09228063730307878,0.03112960063980882,0.8765897620571124
26047,LOF,0.11778059412874861,0.03924621149404013,0.8429731943772112
26048,LOF,0.05239915430123831,0.039394346438170094,0.9082064992605916
26049,Neutral,0.9434430279796974,0.005457113468277753,0.05109985855202476
26050,Neutral,0.9197386703926792,0.00579030663104929,0.07447102297627169
26051,GOF,0.03664367586597187,0.5392313304462367,0.4241249936877915
26052,GOF,0.03272207339572051,0.621984819911695,0.34529310669258456
26053,LOF,0.05900606398789335,0.4058604375500397,0.5351334984620669
26054,LOF,0.05770992336887921,0.0654753397182929,0.8768147369128277
26055,LOF,0.07550095997934778,0.06172347649480699,0.8627755635258453
26056,LOF,0.06417961975108849,0.07089220958443761,0.8649281706644738
26057,LOF,0.029527583025591574,0.025692556656251947,0.9447798603181564
26058,LOF,0.029386210034805352,0.022605798629166545,0.9480079913360281
26059,LOF,0.36686634478791685,0.07982050565551534,0.5533131495565677
26060,LOF,0.03426709896032334,0.29677296066909586,0.6689599403705809
26061,LOF,0.01858690810251347,0.05919802812383054,0.922215063773656
26062,LOF,0.014291665711374394,0.05707419546685409,0.9286341388217715
26063,LOF,0.023714804713096786,0.029056466179108387,0.9472287291077949
26064,LOF,0.024258871496846506,0.03482880063756845,0.940912327865585
26065,LOF,0.026711087364314805,0.03008956992440085,0.9431993427112844
26066,LOF,0.02138561300162119,0.03422250804383239,0.9443918789545463
26067,LOF,0.023207195396219772,0.023836376847397558,0.9529564277563827
26068,LOF,0.05576121611591901,0.06612868786623854,0.8781100960178423
26069,LOF,0.40965094713063793,0.060198983220870646,0.5301500696484914
26070,Neutral,0.6425780474111012,0.028480265873210505,0.32894168671568824
26071,LOF,0.023618416361634375,0.03411258542353239,0.9422689982148332
26072,LOF,0.027376397077307997,0.05969350969923665,0.9129300932234553
26073,LOF,0.02523734404813359,0.029372405841362442,0.945390250110504
26074,Neutral,0.8708497881509603,0.012170505707421876,0.116979706141618
26075,LOF,0.04125695441615262,0.05226245453332357,0.9064805910505237
26076,LOF,0.043113138597315186,0.02102469022652856,0.9358621711761562
26077,LOF,0.011245166408266548,0.06631000710277793,0.9224448264889555
26078,LOF,0.015097838122565073,0.044909212960171606,0.9399929489172634
26079,LOF,0.05592392818295218,0.04599299046395505,0.8980830813530929
26080,LOF,0.05592392818295218,0.04599299046395505,0.8980830813530929
26081,LOF,0.03241591824171607,0.019446057257689914,0.948138024500594
26082,LOF,0.022322216835877328,0.05698924197204305,0.9206885411920797
26083,LOF,0.14013374816634336,0.031559393896725886,0.8283068579369308
26084,LOF,0.027004993875128436,0.039337689093751495,0.93365731703112
26085,LOF,0.02272163447971008,0.035123403342124694,0.9421549621781652
26086,LOF,0.022356746964946002,0.040050711704224876,0.9375925413308291
26087,LOF,0.02454930470977653,0.02941613415655861,0.9460345611336649
26088,LOF,0.02595509551000012,0.06733134552701305,0.9067135589629868
26089,LOF,0.0485999197013779,0.06873029184231719,0.882669788456305
26090,LOF,0.046096789944705376,0.05342653958748057,0.9004766704678141
26091,LOF,0.038252122038855245,0.018773931682647356,0.9429739462784973
26092,LOF,0.02920418665206954,0.022813908707040403,0.9479819046408899
26093,LOF,0.041191723620714646,0.015266562994966773,0.9435417133843187
26094,LOF,0.04527183749337183,0.015700600095184127,0.939027562411444
26095,LOF,0.04631412797076648,0.045816863223458376,0.9078690088057751
26096,LOF,0.018234740898315262,0.04405954016975636,0.9377057189319284
26097,LOF,0.011917202294551916,0.11175442162888112,0.876328376076567
26098,LOF,0.06309529239163875,0.04439590132616576,0.8925088062821955
26099,LOF,0.025294179825572822,0.04145025949484515,0.9332555606795822
26100,LOF,0.025858975956266857,0.03817646067217268,0.9359645633715604
26101,LOF,0.05880599351217002,0.041558958401784946,0.899635048086045
26102,LOF,0.02638140500245632,0.029522357253277665,0.9440962377442661
26103,Neutral,0.8706028076547122,0.053359221637873926,0.076037970707414
26104,LOF,0.0523516961026992,0.07951398789511835,0.8681343160021825
26105,LOF,0.26506504406043013,0.2485815201782459,0.48635343576132395
26106,LOF,0.14939624599866702,0.16357099098256686,0.6870327630187661
26107,LOF,0.24702790291699528,0.13876524454344277,0.6142068525395621
26108,LOF,0.1669371870761082,0.1609469785461207,0.672115834377771
26109,LOF,0.060000126758155456,0.18228195082237197,0.7577179224194727
26110,LOF,0.2913517974503744,0.015123562522136088,0.6935246400274896
26111,LOF,0.46226000833348807,0.022822415045288116,0.5149175766212238
26112,LOF,0.040110435345264775,0.017806032729799373,0.9420835319249359
26113,LOF,0.05701044756286173,0.03729952873937116,0.9056900236977671
26114,LOF,0.02109006836292704,0.02649194667730262,0.9524179849597703
26115,LOF,0.10139227788487172,0.04997088621301446,0.8486368359021139
26116,LOF,0.05190767363706209,0.06438503842592033,0.8837072879370176
26117,LOF,0.329694767183548,0.10238418530332341,0.5679210475131286
26118,LOF,0.039825744711511825,0.04941452672320423,0.9107597285652839
26119,LOF,0.024083764085823512,0.0734656186532813,0.9024506172608953
26120,LOF,0.03247858971582414,0.04364837761345824,0.9238730326707175
26121,LOF,0.04745680319219722,0.11365723367948352,0.8388859631283192
26122,LOF,0.056130633088419125,0.061291972719943,0.8825773941916378
