feature0,prediction,LoGoFunc_Neutral,LoGoFunc_GOF,LoGoFunc_LOF
25546,Neutral,0.6020204567333615,0.04782429977519981,0.35015524349143884
25547,Neutral,0.4994162488901724,0.08124045865810646,0.4193432924517212
25548,Neutral,0.5058786400358516,0.07108873007256349,0.42303262989158485
25549,LOF,0.4381089666839696,0.0699873460128129,0.4919036873032174
25550,LOF,0.3680972971787562,0.07221622008877401,0.5596864827324698
25551,LOF,0.3226826774198586,0.07646536429040247,0.6008519582897389
25552,LOF,0.2923082776330122,0.08555334422131201,0.6221383781456757
25553,Neutral,0.7837988453714124,0.04610966316537999,0.17009149146320757
25554,LOF,0.31397102479997413,0.07816686599094469,0.6078621092090812
25555,LOF,0.27714284079733154,0.07974391454834084,0.6431132446543276
25556,LOF,0.45847944466352863,0.07449295512678211,0.4670276002096892
25557,LOF,0.25539815045140113,0.0797108595591115,0.6648909899894874
25558,LOF,0.30376523585131204,0.07573561089110703,0.6204991532575809
25559,LOF,0.2079757615052213,0.046408580734265154,0.7456156577605136
25560,LOF,0.10501982649216751,0.17818791080736734,0.7167922627004651
25561,LOF,0.10710662103964953,0.25478318278499107,0.6381101961753595
25562,LOF,0.03671088182702533,0.11832607679518194,0.8449630413777928
25563,LOF,0.0068966828173763345,0.194198664827414,0.7989046523552097
25564,LOF,0.08269257518984656,0.11653767959616658,0.8007697452139869
25565,LOF,0.19366795111044238,0.1268888672443616,0.679443181645196
25566,GOF,0.08586095989590897,0.7328743579299767,0.18126468217411434
25567,LOF,0.04827075303617797,0.17901756081229722,0.7727116861515247
25568,LOF,0.0631482236631243,0.10587743972299539,0.8309743366138803
25569,LOF,0.06849845906410595,0.10010817647356025,0.8313933644623338
25570,LOF,0.025166702269233822,0.1548012938551307,0.8200320038756356
25571,LOF,0.024843376884775704,0.159698578331384,0.8154580447838403
25572,LOF,0.05450117444462619,0.2180780026459947,0.727420822909379
25573,LOF,0.06325089808030795,0.14164323047532928,0.7951058714443627
25574,LOF,0.07406101533050669,0.2537076318577572,0.6722313528117361
25575,LOF,0.0247370121542631,0.16726086628056352,0.8080021215651734
25576,LOF,0.025767844344346466,0.24535431388167853,0.728877841773975
25577,LOF,0.02867526977717705,0.20164450904973133,0.7696802211730916
25578,LOF,0.3022798873025369,0.10519177394484888,0.5925283387526142
25579,LOF,0.20979177617453829,0.10411111364779627,0.6860971101776655
25580,LOF,0.023110907645529963,0.10514179889235127,0.8717472934621188
25581,LOF,0.04735007399856649,0.11418991416040307,0.8384600118410305
25582,LOF,0.04694327106159335,0.11056159960777624,0.8424951293306304
25583,LOF,0.03088895503707847,0.11650478331889746,0.8526062616440242
25584,Neutral,0.7015247316701504,0.13392767031181704,0.1645475980180326
25585,LOF,0.02495525570201928,0.20523384744311915,0.7698108968548615
25586,LOF,0.021625881110209015,0.13742067507873748,0.8409534438110535
25587,LOF,0.020001475312351046,0.1315749813858244,0.8484235433018246
25588,LOF,0.025207430063979804,0.10043270378506265,0.8743598661509575
25589,Neutral,0.5451174760202075,0.23291625818689032,0.22196626579290216
25590,LOF,0.051470235252648024,0.15838509629017053,0.7901446684571816
25591,LOF,0.10535469658951374,0.0879681291555711,0.8066771742549151
25592,LOF,0.07457888026419406,0.19411136597674514,0.7313097537590609
25593,LOF,0.1186421972404012,0.3233848336912359,0.5579729690683629
25594,LOF,0.045120058717494645,0.03685001561803552,0.9180299256644698
25595,LOF,0.045606948472109915,0.020534495315772568,0.9338585562121174
25596,LOF,0.11465377688724623,0.01428498383598078,0.8710612392767729
25597,LOF,0.09522094174594846,0.012550961291298662,0.8922280969627528
25598,LOF,0.048281993584182684,0.02358024461238725,0.9281377618034301
25599,LOF,0.027880518302001202,0.3815398336126923,0.5905796480853066
25600,LOF,0.15821515406005524,0.3875232971763027,0.45426154876364194
25601,LOF,0.04582154352430733,0.28483814739436225,0.6693403090813305
25602,LOF,0.031427804027923854,0.07592460860993948,0.8926475873621368
25603,LOF,0.045808245571490644,0.0762331159310835,0.8779586384974258
25604,LOF,0.05366709943231468,0.132780572523019,0.8135523280446664
25605,LOF,0.04935605877213033,0.1820618363902118,0.7685821048376579
25606,Neutral,0.3989384397470521,0.23869732907285227,0.3623642311800956
25607,LOF,0.030539325517816844,0.2630505434491388,0.7064101310330443
25608,LOF,0.0527916494402728,0.08316987387251486,0.8640384766872122
25609,GOF,0.20690117722127527,0.5063837671745424,0.2867150556041823
25610,LOF,0.020331396184769816,0.07788297821207882,0.9017856256031513
25611,LOF,0.01496911189407478,0.07897782794686534,0.90605306015906
25612,LOF,0.05778799216121578,0.09003876121181097,0.8521732466269731
25613,LOF,0.0496568580732058,0.08488316597857647,0.8654599759482177
25614,LOF,0.024403300875261578,0.07590910182833042,0.899687597296408
25615,LOF,0.05173718265910052,0.06714364636337511,0.8811191709775245
25616,LOF,0.06651770592187918,0.08123602810166045,0.8522462659764604
25617,LOF,0.051744895515540686,0.08896549123771713,0.8592896132467421
25618,LOF,0.04927051729671986,0.13322743132552764,0.8175020513777526
25619,LOF,0.014642703049865653,0.10887673659153188,0.8764805603586026
25620,LOF,0.05072292748979557,0.08745364961762685,0.8618234228925776
25621,LOF,0.07275292155845857,0.07135997452305236,0.855887103918489
25622,LOF,0.08084685069551346,0.08398407132987967,0.8351690779746069
25623,LOF,0.06609378202346713,0.07855399260554298,0.8553522253709899
25624,LOF,0.024821132984951994,0.08045729549502337,0.8947215715200246
25625,LOF,0.06467697306519679,0.08026595311650118,0.8550570738183021
25626,LOF,0.054481812092591744,0.08311258960909823,0.86240559829831
25627,Neutral,0.8845892557802684,0.023761561281181058,0.09164918293855066
25628,LOF,0.20026921985525908,0.0656020126316916,0.7341287675130493
25629,LOF,0.06930303980969389,0.0631082823223658,0.8675886778679404
25630,LOF,0.2982911713420614,0.07459865574693965,0.6271101729109989
25631,Neutral,0.5321793539158415,0.051260075694312186,0.41656057038984645
25632,LOF,0.03054819675237225,0.16292826615308945,0.8065235370945384
25633,LOF,0.21770698525806328,0.08447570537816576,0.697817309363771
25634,LOF,0.04333791567515286,0.14214790492495818,0.8145141793998889
25635,LOF,0.035646121934861594,0.07096959488460333,0.8933842831805351
25636,GOF,0.041065455105316555,0.5330963850915195,0.425838159803164
25637,GOF,0.05171177260543525,0.5241532155592544,0.4241350118353103
25638,LOF,0.023234221372760978,0.47475211944670576,0.5020136591805333
25639,LOF,0.03966808381028935,0.4367211365822423,0.5236107796074683
25640,Neutral,0.8193393399256615,0.12976546983447668,0.050895190239861755
25641,LOF,0.13510347536619377,0.3067641791993056,0.5581323454345006
25642,LOF,0.10513643587714437,0.15817197201750696,0.7366915921053487
25643,LOF,0.32133484336825935,0.07066600359088132,0.6079991530408594
25644,GOF,0.00904473279052056,0.6388419260046131,0.35211334120486626
25645,GOF,0.014063885239552395,0.5996571573490044,0.38627895741144325
25646,LOF,0.02269442312436307,0.4100027423022885,0.5673028345733485
25647,LOF,0.009297498183035975,0.3349869479705237,0.6557155538464404
25648,LOF,0.014025388860052928,0.368382213645591,0.6175923974943561
25649,LOF,0.008422788234211822,0.2785939553171834,0.7129832564486048
25650,GOF,0.03524691984283233,0.5794473627320144,0.38530571742515324
25651,LOF,0.01199119863302618,0.37433475910505937,0.6136740422619145
25652,LOF,0.011969953310889951,0.4304492198850732,0.5575808268040368
25653,GOF,0.04548463833264468,0.5740886776551742,0.3804266840121811
25654,LOF,0.01103223494625019,0.310426686148862,0.6785410789048878
25655,GOF,0.12813584412315565,0.6098198831318856,0.26204427274495884
25656,LOF,0.22068299231019478,0.05255545828738875,0.7267615494024164
25657,LOF,0.03430588096512381,0.06053346667707194,0.9051606523578042
25658,LOF,0.2744073049550511,0.0834924134197053,0.6421002816252436
25659,LOF,0.3967897629251318,0.08828641664784528,0.514923820427023
25660,LOF,0.02255183284676846,0.10735809714744333,0.8700900700057882
25661,LOF,0.07196574933374054,0.06754970194958948,0.8604845487166699
25662,LOF,0.030211992434838512,0.03970749351644969,0.9300805140487118
25663,LOF,0.031608596587359136,0.03584741858503053,0.9325439848276103
25664,LOF,0.103514444522264,0.06381999085694155,0.8326655646207946
25665,LOF,0.05648412494677828,0.03268442030194079,0.9108314547512809
25666,LOF,0.07421790596351949,0.052900672457515056,0.8728814215789654
25667,LOF,0.06117708031419833,0.043413882740071484,0.8954090369457302
25668,LOF,0.030323215552103874,0.056946450760560874,0.9127303336873351
25669,LOF,0.02226031426414742,0.05278860957775759,0.924951076158095
25670,LOF,0.12252023754974312,0.04816303704609,0.8293167254041669
25671,LOF,0.09307145879869741,0.039464711444041456,0.8674638297572611
25672,LOF,0.051078864475885305,0.05201367831872476,0.8969074572053899
25673,LOF,0.08460315877427034,0.046649637520503814,0.868747203705226
25674,LOF,0.08085201796156394,0.06170664478795,0.8574413372504861
25675,LOF,0.07931204179747675,0.06865163868407906,0.8520363195184443
25676,LOF,0.016953543986415652,0.06667162711444061,0.9163748288991438
25677,LOF,0.01639851933412947,0.08976892526617272,0.8938325553996977
25678,LOF,0.16002399714656307,0.09713289363715549,0.7428431092162815
25679,LOF,0.11417654040349345,0.09816736535771856,0.787656094238788
25680,LOF,0.027457183709511973,0.13053086186580382,0.8420119544246841
25681,LOF,0.04542480446375677,0.11756040790558357,0.8370147876306596
25682,LOF,0.11201320749440229,0.07603592857436109,0.8119508639312366
25683,LOF,0.10014456971148121,0.087429425673866,0.8124260046146528
25684,LOF,0.02813790289894594,0.06263344746535938,0.9092286496356947
25685,LOF,0.12686318288488765,0.09929237635294501,0.7738444407621674
25686,LOF,0.08252981619168691,0.15136483931282202,0.7661053444954911
25687,LOF,0.13686873168623068,0.13288633460201021,0.7302449337117591
25688,LOF,0.4582450395809749,0.03113481504453622,0.5106201453744889
25689,LOF,0.2748275182974794,0.04202305533973223,0.6831494263627883
25690,LOF,0.3852647776486874,0.025030546299875476,0.5897046760514372
25691,Neutral,0.7314948973241039,0.025876988476788168,0.24262811419910804
25692,LOF,0.3576617011532495,0.010894076149605844,0.6314442226971445
25693,LOF,0.03653573585901604,0.4714835177622794,0.49198074637870454
25694,LOF,0.10579809004095121,0.014506570734538166,0.8796953392245107
25695,LOF,0.1054249166233342,0.007307529151279891,0.887267554225386
25696,LOF,0.10584074739268978,0.008900623815072088,0.8852586287922382
25697,LOF,0.05404094517168408,0.051184595344415953,0.8947744594838999
25698,LOF,0.2394450108010523,0.24536575875171093,0.5151892304472369
25699,LOF,0.4085181914382774,0.030102359686715586,0.5613794488750071
25700,LOF,0.06264849466509978,0.008256451011549967,0.9290950543233504
25701,LOF,0.206075529655801,0.027913806906365232,0.7660106634378336
25702,GOF,0.18968132584932954,0.6587960368565091,0.15152263729416143
25703,LOF,0.016573252469545444,0.18084879060507006,0.8025779569253845
25704,LOF,0.036927325952913294,0.14335969377140773,0.819712980275679
25705,LOF,0.04458499199739358,0.07303482297948463,0.8823801850231219
25706,GOF,0.09458086944601167,0.5113329336895441,0.3940861968644441
25707,LOF,0.08723576756047888,0.42478639247981126,0.48797783995970984
25708,LOF,0.03089331116131623,0.4153912587273497,0.5537154301113341
25709,LOF,0.07567818123033,0.032026827219958864,0.892294991549711
25710,LOF,0.017226250920855387,0.14764379469949765,0.835129954379647
25711,LOF,0.021111895057278365,0.07049769808302717,0.9083904068596945
25712,LOF,0.017482976796497046,0.1984171778469759,0.784099845356527
25713,LOF,0.019837200076253635,0.0648524754964488,0.9153103244272977
25714,LOF,0.08498544512811781,0.04639133084129934,0.8686232240305829
25715,LOF,0.012447908763258221,0.10087576465710119,0.8866763265796406
25716,LOF,0.011265400193943297,0.11653245641264225,0.8722021433934144
25717,LOF,0.01825461135833749,0.06952484273961605,0.9122205459020464
25718,LOF,0.011997134935369372,0.04226916485184648,0.9457337002127842
25719,LOF,0.02297438080953222,0.05820742385344115,0.9188181953370266
25720,LOF,0.030134909760126127,0.040971288111455645,0.9288938021284183
25721,LOF,0.012324346634020636,0.06209630418732146,0.9255793491786579
25722,LOF,0.014199047966512073,0.04968345780309168,0.9361174942303963
25723,LOF,0.02668231945859235,0.03346153205934274,0.939856148482065
25724,LOF,0.03299988408558259,0.0675931238407845,0.8994069920736328
25725,LOF,0.011673327186211394,0.05974120797943973,0.9285854648343488
25726,LOF,0.01701808094719762,0.07669181569230789,0.9062901033604945
25727,LOF,0.014099641486862529,0.04924886572818922,0.9366514927849482
25728,LOF,0.011474559804835898,0.062157823754261377,0.9263676164409028
25729,LOF,0.011369223734894707,0.06623072660895313,0.9224000496561521
25730,LOF,0.015502788945697796,0.06141467352009844,0.9230825375342039
25731,LOF,0.019829230676794127,0.09669138852305886,0.8834793808001471
25732,LOF,0.01443351009739294,0.04003084244226963,0.9455356474603375
25733,LOF,0.01528271627921507,0.05169687366693145,0.9330204100538535
25734,LOF,0.012639593624453393,0.12564558883751895,0.8617148175380277
25735,LOF,0.011995922889236154,0.05182779538988986,0.936176281720874
25736,LOF,0.013218796912806885,0.05793004842342295,0.9288511546637701
25737,LOF,0.013482177718237245,0.09516293445120992,0.8913548878305528
25738,LOF,0.013245060437187598,0.094163748374384,0.8925911911884284
25739,LOF,0.022258784908890425,0.06032612848538019,0.9174150866057293
25740,LOF,0.03215069640940225,0.10279842937659174,0.8650508742140061
25741,LOF,0.016499345943500655,0.09207184928659394,0.8914288047699055
25742,LOF,0.132255016080384,0.06383858131846488,0.8039064026011511
25743,LOF,0.047538382888361326,0.06366621906959222,0.8887953980420464
25744,Neutral,0.6402963184718597,0.2376147098283859,0.1220889716997544
25745,LOF,0.06389078708146056,0.08539279344948036,0.8507164194690591
25746,LOF,0.042259355778906035,0.12166029637709708,0.8360803478439969
25747,LOF,0.017577981865106757,0.13024951390957296,0.8521725042253202
25748,LOF,0.09605481200503606,0.20924787764902766,0.6946973103459363
25749,LOF,0.02404260732975848,0.10671009914110458,0.869247293529137
25750,LOF,0.06072969756386504,0.13208128564989238,0.8071890167862426
25751,LOF,0.10821012013347288,0.16054453321821316,0.7312453466483139
25752,GOF,0.11474421909106108,0.6535155435751835,0.23174023733375548
25753,LOF,0.03549231839640666,0.361305541555886,0.6032021400477073
25754,GOF,0.0206278552989658,0.7884312864042543,0.19094085829677984
25755,LOF,0.03221869009538928,0.35398349177561755,0.6137978181289933
25756,LOF,0.05971264434869731,0.44150533758684385,0.4987820180644588
25757,GOF,0.01737597858899191,0.874780139518275,0.10784388189273296
25758,GOF,0.027333045905947716,0.7933945262817053,0.17927242781234698
25759,GOF,0.012696004303418726,0.6764546824003953,0.31084931329618604
25760,LOF,0.019018353990645942,0.4207303245139018,0.5602513214954523
25761,GOF,0.27933637105931686,0.6388603506848621,0.08180327825582097
25762,LOF,0.04620098365008829,0.3730452979469059,0.5807537184030058
25763,LOF,0.015181497866203854,0.28480798844521116,0.700010513688585
25764,GOF,0.05611052379473416,0.7177182861693329,0.226171190035933
25765,GOF,0.030002840966076062,0.7797738777249479,0.19022328130897614
25766,GOF,0.0908650512865294,0.7542393553618056,0.1548955933516651
25767,LOF,0.15474329125162445,0.41973371122115105,0.42552299752722467
25768,LOF,0.12038810511271487,0.03636720610800853,0.8432446887792766
25769,LOF,0.05114024999587573,0.05545509490297907,0.8934046551011452
25770,LOF,0.4040596709269174,0.10469861909954202,0.4912417099735406
25771,LOF,0.06091537261734527,0.049766998824362,0.8893176285582928
25772,LOF,0.01919745775191919,0.04669123927370029,0.9341113029743805
25773,LOF,0.0704256161835764,0.052990655250985085,0.8765837285654385
25774,LOF,0.029114336328437917,0.113487639831017,0.8573980238405451
25775,LOF,0.07892945276825983,0.04370282594796671,0.8773677212837735
25776,LOF,0.07008976537102918,0.029529071000334747,0.9003811636286361
25777,Neutral,0.5482587030658025,0.06517215643963539,0.38656914049456226
25778,LOF,0.06857114915476306,0.04320539787783268,0.8882234529674042
25779,GOF,0.416304867924841,0.5351154688833267,0.04857966319183221
25780,GOF,0.32790398440807406,0.581713695391498,0.09038232020042801
25781,GOF,0.10363263673767607,0.7711008163354334,0.12526654692689054
25782,GOF,0.17248270155062062,0.722950806619333,0.10456649183004628
25783,GOF,0.023210284765184122,0.6685828814691819,0.308206833765634
25784,Neutral,0.5218663871977518,0.4181738203497449,0.05995979245250333
25785,Neutral,0.5300876474187253,0.39996797121307287,0.0699443813682019
25786,GOF,0.027345260782381163,0.680075917308268,0.2925788219093509
25787,Neutral,0.6876424468551385,0.2671653020923614,0.045192251052500076
25788,LOF,0.06246369680858774,0.07535108918621455,0.8621852140051977
25789,GOF,0.20102708968673427,0.6351932340665197,0.163779676246746
25790,GOF,0.24086727066836436,0.6423897769584235,0.11674295237321229
25791,GOF,0.1301095947458636,0.648521929619921,0.22136847563421555
25792,GOF,0.3238984306810064,0.49767366598302637,0.17842790333596723
25793,GOF,0.2384652204478672,0.48769254924985217,0.2738422303022808
25794,GOF,0.3197312230228606,0.4251382087845086,0.2551305681926308
25795,GOF,0.056398774286268646,0.6622785647263151,0.28132266098741626
25796,Neutral,0.5039789260259616,0.4009663688953472,0.09505470507869128
25797,GOF,0.08130133645583562,0.5093821667039614,0.40931649684020305
25798,GOF,0.010228562612574776,0.5057745840573791,0.4839968533300462
25799,LOF,0.008304364237842851,0.43061625563488604,0.5610793801272711
25800,GOF,0.035936909044826826,0.5939508872296548,0.37011220372551823
25801,GOF,0.23687494437159354,0.6212678363054628,0.14185721932294376
25802,GOF,0.06617262479500423,0.6005505130989538,0.333276862106042
25803,GOF,0.041086304613059364,0.5071200595448986,0.451793635842042
25804,LOF,0.03567531274397701,0.43268083010211156,0.5316438571539114
25805,GOF,0.08591264030729202,0.511920856027926,0.40216650366478196
25806,GOF,0.11429127660200307,0.551985699203833,0.33372302419416394
25807,GOF,0.019425688715390483,0.5669053305869771,0.4136689806976323
25808,GOF,0.09720928912577319,0.5149317338502303,0.3878589770239965
25809,GOF,0.020535782253949492,0.5537308766923994,0.42573334105365124
25810,GOF,0.02263006421327027,0.5444870002378867,0.4328829355488431
25811,GOF,0.4606388778392341,0.46266711911815345,0.07669400304261244
25812,GOF,0.037363469098036714,0.5837249267937209,0.37891160410824226
25813,Neutral,0.5884971114306491,0.28401712964109455,0.12748575892825634
25814,GOF,0.12302639592062788,0.5984978812483496,0.27847572283102245
25815,GOF,0.2548953699237133,0.5364690563968384,0.20863557367944843
25816,GOF,0.020834115776418353,0.6574494509392016,0.32171643328438
25817,GOF,0.1768327477511084,0.6850579348022179,0.13810931744667362
25818,GOF,0.03399749594941216,0.5422724223118869,0.42373008173870097
25819,GOF,0.3335413211403996,0.47372754397666217,0.1927311348829381
25820,GOF,0.16002404353148347,0.5775341870488366,0.26244176941967984
25821,GOF,0.050369853709006776,0.6304449824720547,0.3191851638189385
25822,GOF,0.24231960860046958,0.48211624928009106,0.27556414211943947
25823,LOF,0.033548893172751997,0.4335884049188681,0.53286270190838
25824,GOF,0.0717558717782977,0.5022420032591459,0.4260021249625564
25825,GOF,0.028228998083809142,0.49136470754735995,0.480406294368831
25826,LOF,0.010674871364048969,0.4708603172676071,0.5184648113683439
25827,GOF,0.01693452990956179,0.5343865661911488,0.44867890389928944
25828,LOF,0.012304490123970304,0.45097807622640573,0.536717433649624
25829,GOF,0.007451733665440781,0.5247628084762568,0.4677854578583025
25830,LOF,0.038983567324936616,0.27019850912798193,0.6908179235470815
25831,GOF,0.1224346181682879,0.7086998540519346,0.16886552777977765
25832,GOF,0.03255835918964329,0.6281059583567519,0.3393356824536048
25833,GOF,0.10787888224795358,0.6325719910030979,0.2595491267489485
25834,GOF,0.0380968110174571,0.6159029269685475,0.34600026201399536
25835,GOF,0.09769367344158304,0.5656167007020284,0.33668962585638856
25836,GOF,0.04569979327296088,0.5949949928789279,0.3593052138481113
25837,GOF,0.024237937483999297,0.49083381184811814,0.4849282506678825
25838,GOF,0.08888204046363428,0.6853219708091668,0.22579598872719905
25839,GOF,0.2684154162756687,0.5071262259306496,0.22445835779368162
25840,GOF,0.19894085942746187,0.5644012937563546,0.23665784681618354
25841,GOF,0.24239117175046834,0.5312072936938111,0.22640153455572046
25842,GOF,0.14991203891911073,0.6042489084804087,0.2458390526004806
25843,GOF,0.19082021092207313,0.6382771214406473,0.17090266763727952
25844,GOF,0.057316604626506965,0.6136715914579941,0.329011803915499
25845,LOF,0.013932466695082787,0.46789475897997446,0.5181727743249427
25846,GOF,0.08179598457293957,0.6858717290838553,0.23233228634320516
25847,GOF,0.10380363873361863,0.6975626222454977,0.1986337390208837
25848,GOF,0.03590638673486124,0.6167932624422733,0.34730035082286553
25849,GOF,0.01104912584328853,0.5119432749394014,0.4770075992173101
25850,GOF,0.02431209351975137,0.568002492476405,0.4076854140038435
25851,LOF,0.019969152401159963,0.4741468018606775,0.5058840457381626
25852,GOF,0.12287137731688952,0.5370519398673647,0.34007668281574577
25853,GOF,0.30326231510122603,0.5948535425855436,0.10188414231323044
25854,GOF,0.019111614421888728,0.6675451276774204,0.313343257900691
25855,GOF,0.04560364677199366,0.606253383588587,0.34814296963941926
25856,GOF,0.25426036458507484,0.5367620881399432,0.20897754727498194
25857,GOF,0.03820963083728208,0.525833687695006,0.4359566814677119
25858,GOF,0.018833636946575315,0.5828423589327614,0.3983240041206634
25859,GOF,0.009993252989915217,0.571458800135081,0.41854794687500374
25860,GOF,0.31604517196849785,0.5673273805871989,0.11662744744430327
25861,GOF,0.3192935171796101,0.5830429731128053,0.09766350970758449
25862,GOF,0.06200109258100527,0.7755884614776769,0.16241044594131787
25863,GOF,0.06648692078465619,0.7908525484575579,0.14266053075778595
25864,GOF,0.12887245856370222,0.772758119049527,0.09836942238677078
25865,GOF,0.06170182066312555,0.7777662804333959,0.16053189890347852
25866,GOF,0.053820159751155006,0.809969888433468,0.1362099518153771
25867,GOF,0.07060987678398632,0.8047133157563011,0.12467680745971244
25868,GOF,0.22267838839442372,0.6529150485696209,0.12440656303595539
25869,Neutral,0.652824406628149,0.296769839968003,0.050405753403848015
25870,LOF,0.28862501496748255,0.2285912002336124,0.4827837847989051
25871,GOF,0.22209331720618938,0.6136597291694534,0.1642469536243571
25872,GOF,0.08365774182256883,0.6076893882480578,0.3086528699293733
25873,GOF,0.15143984868666055,0.5999420307871445,0.24861812052619509
25874,LOF,0.02317832080504435,0.08213711592804115,0.8946845632669145
25875,LOF,0.07517340379463157,0.06652370573012684,0.8583028904752416
25876,LOF,0.02662632087417916,0.0694694524258339,0.903904226699987
25877,Neutral,0.5144921211781058,0.05705456600170253,0.4284533128201916
25878,LOF,0.23898157420020263,0.10274451749850447,0.6582739083012928
25879,LOF,0.12376901396788365,0.1269172754301632,0.7493137106019532
25880,LOF,0.023437569606746242,0.029116578724371633,0.9474458516688822
25881,LOF,0.18275468349439405,0.22723549080566244,0.5900098256999435
25882,LOF,0.07893921867169244,0.024113544007478446,0.8969472373208291
25883,LOF,0.08025028374959736,0.04805806904317405,0.8716916472072286
25884,LOF,0.045043188539396,0.05101889050838549,0.9039379209522186
25885,LOF,0.05591322304200374,0.02885972317201191,0.9152270537859845
25886,LOF,0.35479812154684914,0.11279307213330748,0.5324088063198433
25887,LOF,0.16910197182758463,0.1741535261481633,0.656744502024252
25888,LOF,0.07006242391604907,0.12138270394262672,0.8085548721413243
25889,LOF,0.03877009246459696,0.05308258888456273,0.9081473186508403
25890,LOF,0.06265313236271017,0.14702198240005615,0.7903248852372338
25891,LOF,0.06367354318250057,0.05679946894793587,0.8795269878695636
25892,LOF,0.09560198533146351,0.02605404208675198,0.8783439725817846
25893,LOF,0.28769530303533375,0.01674726209224167,0.6955574348724246
25894,LOF,0.15691418448222957,0.007754329568106152,0.8353314859496643
25895,LOF,0.1909733608168739,0.019222241205038796,0.7898043979780873
25896,LOF,0.04200975263687175,0.019455887409743994,0.9385343599533843
25897,LOF,0.23455299287663997,0.015217814905070392,0.7502291922182897
25898,Neutral,0.7423603365645528,0.010886717059966364,0.24675294637548095
25899,LOF,0.254007259607271,0.04380289785936348,0.7021898425333656
25900,Neutral,0.5791552964832413,0.013557615448850409,0.40728708806790825
25901,LOF,0.05393286138149406,0.012483367427074985,0.933583771191431
25902,LOF,0.15381789287423572,0.01209593799831049,0.8340861691274538
25903,Neutral,0.5855130275689893,0.03004515312126252,0.38444181930974836
25904,LOF,0.24241787309370405,0.04250253343557738,0.7150795934707186
25905,LOF,0.032217832888807155,0.2688672645953479,0.698914902515845
25906,LOF,0.024945795207555823,0.05903353612324251,0.9160206686692017
25907,LOF,0.013754307918124823,0.32181012038573026,0.664435571696145
25908,LOF,0.013562834310713286,0.2249028695735729,0.7615342961157139
25909,LOF,0.015990736583966002,0.13174721875128292,0.8522620446647511
25910,LOF,0.04350259439073894,0.22960334742750835,0.7268940581817527
25911,LOF,0.07276409674605702,0.04745801594899423,0.8797778873049488
25912,LOF,0.036936667100999084,0.08610773782140478,0.8769555950775961
25913,LOF,0.23511488799278854,0.03704752964334892,0.7278375823638625
25914,LOF,0.02767870067047919,0.11095906048830899,0.8613622388412119
25915,Neutral,0.40106779987936025,0.21906801024435296,0.37986418987628673
25916,LOF,0.053248965770417656,0.26133620338281144,0.685414830846771
25917,LOF,0.05674028624698183,0.052493916101797204,0.890765797651221
25918,LOF,0.03411634745550679,0.06696421679719919,0.898919435747294
25919,LOF,0.03093277799511649,0.0673941227021753,0.9016730993027082
25920,GOF,0.11483233501014678,0.5323858021265993,0.3527818628632539
25921,LOF,0.03711047288305679,0.029394501358511054,0.9334950257584321
25922,LOF,0.05056114331141139,0.019189787823728564,0.93024906886486
25923,LOF,0.39941882729793066,0.018974441096512404,0.5816067316055569
25924,LOF,0.04075418850972473,0.022393465569008873,0.9368523459212664
25925,LOF,0.0810424140500764,0.03371483229915997,0.8852427536507635
25926,LOF,0.05974406846700556,0.01852216875919597,0.9217337627737985
25927,LOF,0.07639499410784971,0.04358878629692841,0.8800162195952218
25928,LOF,0.026005276154974666,0.02008190324733709,0.9539128205976882
25929,Neutral,0.535384338447907,0.021800377139414833,0.4428152844126782
25930,LOF,0.0694089969336747,0.01464525568993326,0.915945747376392
25931,LOF,0.033250195824059296,0.017198737239522182,0.9495510669364184
25932,LOF,0.0312857009884216,0.015318683902340901,0.9533956151092375
25933,LOF,0.03925638392916566,0.009096891906475533,0.9516467241643589
25934,LOF,0.027141279414717518,0.01160975002777129,0.9612489705575112
25935,LOF,0.08351169526445092,0.027530555211574013,0.8889577495239751
25936,LOF,0.049133367743184,0.015494434861213435,0.9353721973956025
25937,LOF,0.03597957218010375,0.022391567752411638,0.9416288600674847
25938,LOF,0.07953092086788296,0.033099040066303084,0.8873700390658139
25939,LOF,0.04495130411145031,0.00903809688550221,0.9460105990030475
25940,LOF,0.02436441714178061,0.39903818411294734,0.5765973987452722
25941,LOF,0.14158110334890653,0.11328398816875039,0.7451349084823431
25942,LOF,0.013493381697819683,0.04656014089152701,0.9399464774106533
25943,LOF,0.3245152876229232,0.1034137023483813,0.5720710100286956
25944,Neutral,0.48876765800213373,0.061414729461745164,0.449817612536121
25945,LOF,0.06813003848732141,0.03522163228512146,0.8966483292275571
25946,LOF,0.03249733117579179,0.15153298138000046,0.8159696874442076
25947,LOF,0.13071320399927383,0.12429442957077329,0.7449923664299529
25948,LOF,0.38187044528730035,0.01478307986330264,0.603346474849397
25949,LOF,0.10067726532169921,0.049998983947847866,0.8493237507304529
25950,GOF,0.21359072945179816,0.43045143279895876,0.3559578377492431
25951,LOF,0.2605510858572813,0.17033123708481437,0.5691176770579042
25952,LOF,0.05879664140589029,0.4016806132029342,0.5395227453911755
25953,LOF,0.13754989207886373,0.0990342247586429,0.7634158831624933
25954,LOF,0.3131383264436872,0.23730603496113253,0.44955563859518033
25955,LOF,0.060566596024254654,0.0814395170581988,0.8579938869175466
25956,LOF,0.2189556991956825,0.06325243648866617,0.7177918643156513
25957,LOF,0.047021299088568794,0.024079606785382072,0.9288990941260492
25958,LOF,0.056755757748366754,0.03631361001293566,0.9069306322386976
25959,LOF,0.07111187764054014,0.41068886839305324,0.5181992539664066
25960,LOF,0.019746896827040866,0.07237225340701174,0.9078808497659475
25961,LOF,0.04599663130252803,0.04738738269322118,0.9066159860042509
25962,LOF,0.06979900347100637,0.03437491138110193,0.8958260851478919
25963,LOF,0.06775058486318743,0.16548519690519878,0.7667642182316138
25964,LOF,0.03666519093392606,0.1644331555271538,0.7989016535389202
25965,Neutral,0.4807983698535574,0.07386171598088304,0.44533991416555957
25966,LOF,0.3350885250636469,0.2623604581148432,0.40255101682151
25967,LOF,0.01635595550277514,0.08847874152226147,0.8951653029749634
25968,LOF,0.04636753251812156,0.3756281821020461,0.5780042853798323
25969,LOF,0.030254153643562126,0.05572999218133352,0.9140158541751044
25970,LOF,0.07229356017878079,0.0674443329895232,0.8602621068316959
25971,LOF,0.08586665633348864,0.03575215215508396,0.8783811915114274
25972,LOF,0.08570767890805808,0.03927049866090615,0.8750218224310358
25973,LOF,0.1063379730088189,0.009445126066306467,0.8842169009248747
25974,LOF,0.3018926561971175,0.018715393152562335,0.6793919506503201
25975,LOF,0.060386653887148346,0.030294395937618162,0.9093189501752336
25976,LOF,0.04089461783045664,0.02176364486382024,0.9373417373057232
25977,LOF,0.1384280889994542,0.1376243175053668,0.7239475934951791
25978,LOF,0.125739432361142,0.14558099565073038,0.7286795719881276
25979,LOF,0.12328393278373542,0.1316546466256062,0.7450614205906583
25980,LOF,0.14637988791789946,0.21454246700294774,0.6390776450791528
25981,LOF,0.17956802941455613,0.20961085331761153,0.6108211172678323
25982,LOF,0.38173163681623357,0.13582990487666824,0.4824384583070983
25983,LOF,0.36305678143722514,0.13868081029734328,0.4982624082654315
25984,LOF,0.052667599767706644,0.11494173283437488,0.8323906673979186
25985,LOF,0.019242688038939238,0.3451173513090618,0.6356399606519989
25986,LOF,0.02517492000899406,0.3230143866787503,0.6518106933122556
25987,LOF,0.08351083948395736,0.13492956393089772,0.7815595965851448
25988,LOF,0.11619701462830069,0.09365654677778408,0.7901464385939153
25989,LOF,0.02453504311195204,0.16976196355510573,0.8057029933329423
25990,LOF,0.03358637864075878,0.15722729508147784,0.8091863262777633
25991,LOF,0.13867584956733442,0.417139969980501,0.44418418045216446
25992,LOF,0.3085727540369042,0.2846420483913774,0.40678519757171827
25993,LOF,0.028234023561458398,0.08955969397556553,0.882206282462976
25994,LOF,0.018817328150712093,0.11107442349700176,0.8701082483522861
25995,LOF,0.03230803008380954,0.13541055751206882,0.8322814124041216
25996,GOF,0.2001580937716804,0.5348077627247068,0.26503414350361276
25997,GOF,0.07864197483367429,0.4996666852314511,0.42169133993487457
25998,Neutral,0.6562500579670217,0.025481711944630104,0.31826823008834815
25999,LOF,0.1389381680328298,0.10938888479471413,0.751672947172456
26000,LOF,0.09602696132488046,0.03081202041672425,0.8731610182583953
26001,LOF,0.18107524831180483,0.03412379612315009,0.784800955565045
26002,LOF,0.13642881370384577,0.03668817153831913,0.8268830147578351
26003,GOF,0.009582171966809468,0.673350119941258,0.3170677080919324
26004,GOF,0.021989562588457762,0.6949325534021857,0.28307788400935646
26005,GOF,0.011759393952979185,0.563627310955744,0.42461329509127677
26006,Neutral,0.5011495566895392,0.30411375062646073,0.19473669268400012
26007,GOF,0.017887647445008422,0.5912587923064166,0.39085356024857487
26008,GOF,0.020323440481684052,0.5840070497748309,0.395669509743485
26009,GOF,0.03206163247403103,0.6568416606314925,0.3110967068944765
26010,GOF,0.022294929173474573,0.7262366645493786,0.2514684062771468
26011,GOF,0.010050865881141534,0.5404478838190696,0.4495012502997888
26012,GOF,0.0178053858211146,0.5835809843587978,0.3986136298200876
26013,GOF,0.015216522779139393,0.7113937718893326,0.2733897053315279
26014,LOF,0.050277972223367245,0.16913512148051743,0.7805869062961154
26015,LOF,0.16233642430198938,0.013522948829844113,0.8241406268681666
26016,LOF,0.27931879082261124,0.05463530472171597,0.6660459044556727
26017,LOF,0.17938241286904397,0.1148138259079459,0.7058037612230101
26018,LOF,0.08210316629259469,0.04174175071243842,0.8761550829949669
26019,LOF,0.08296524913735068,0.028453603707100993,0.8885811471555483
26020,LOF,0.05749532732177855,0.12423706661029629,0.818267606067925
26021,LOF,0.052891179178772604,0.16627889865751283,0.7808299221637146
26022,LOF,0.00990699642503816,0.07405328825665367,0.9160397153183082
26023,LOF,0.10832072992244364,0.025716523424664718,0.8659627466528916
26024,LOF,0.028899085597542017,0.12256476442223208,0.848536149980226
26025,LOF,0.1483319465405741,0.08945165828688563,0.7622163951725403
26026,LOF,0.32874940801072466,0.014174034178302035,0.6570765578109733
26027,LOF,0.07733891927176857,0.018462953333338316,0.9041981273948931
26028,LOF,0.18111599176589493,0.08588125443402114,0.7330027538000838
26029,LOF,0.1114680718568168,0.15758983118590272,0.7309420969572805
26030,LOF,0.034531020925853806,0.06285135273521937,0.9026176263389267
26031,LOF,0.043175317824744805,0.1308812289549127,0.8259434532203426
26032,LOF,0.08245308465129236,0.05291565191725303,0.8646312634314546
26033,LOF,0.14454012055017446,0.056200714711233855,0.7992591647385917
26034,LOF,0.06796312033967485,0.12860752826588726,0.8034293513944379
26035,LOF,0.04275101575052872,0.11374761272492039,0.8435013715245508
26036,LOF,0.06233041602814108,0.13791785955672847,0.7997517244151304
26037,LOF,0.03590926066703619,0.1092203780588829,0.8548703612740809
26038,LOF,0.0769634142602162,0.04712041578763166,0.8759161699521522
26039,LOF,0.09209389111692937,0.11673738410409143,0.7911687247789793
26040,LOF,0.2455819352179745,0.08304545054401223,0.6713726142380133
26041,LOF,0.03491375219380744,0.0987331699496618,0.8663530778565307
26042,LOF,0.03516134578692088,0.10055844249675178,0.8642802117163274
26043,LOF,0.07474307601592216,0.0634411522892444,0.8618157716948335
26044,LOF,0.032524492364674154,0.06589646845345325,0.9015790391818725
26045,LOF,0.11011608907287027,0.08607013970954075,0.803813771217589
26046,LOF,0.07939099171076847,0.06528726869892389,0.8553217395903077
26047,LOF,0.11736170363114135,0.07456058707728463,0.808077709291574
26048,LOF,0.0630822173247839,0.05643605289738471,0.8804817297778313
26049,Neutral,0.9438875250284581,0.010901172773693131,0.04521130219784875
26050,Neutral,0.925820662800702,0.011548742972837332,0.06263059422646083
26051,LOF,0.06082311597228519,0.4444530276420894,0.49472385638562544
26052,GOF,0.06073538384112077,0.5047290707133048,0.4345355454455746
26053,LOF,0.05602589572617611,0.3071835339842328,0.6367905702895911
26054,LOF,0.05750135000101663,0.05516418462837262,0.8873344653706107
26055,LOF,0.07166252011993775,0.043264970359086365,0.8850725095209759
26056,LOF,0.06299396634513318,0.05282189613118068,0.8841841375236861
26057,LOF,0.033569312052508495,0.022490686799369154,0.9439400011481224
26058,LOF,0.03368733799256556,0.02005081166865459,0.9462618503387799
26059,LOF,0.33647699189827357,0.06270318344156507,0.6008198246601614
26060,LOF,0.028186317651770966,0.3426892664243706,0.6291244159238585
26061,LOF,0.019285109227505037,0.029212410188617505,0.9515024805838774
26062,LOF,0.013706531741889533,0.04114946897864117,0.9451439992794692
26063,LOF,0.02422374958232297,0.0203588953039113,0.9554173551137658
26064,LOF,0.022964682447504953,0.024394211779561657,0.9526411057729334
26065,LOF,0.02944219273830763,0.022956574995341903,0.9476012322663505
26066,LOF,0.022028044811714127,0.02358643801048115,0.9543855171778047
26067,LOF,0.026131938095512983,0.0190236201927298,0.9548444417117573
26068,LOF,0.05660722129532163,0.04958719320805368,0.8938055854966247
26069,LOF,0.4116047614032158,0.03539510355006593,0.5530001350467183
26070,Neutral,0.6517611794877451,0.0168778179570655,0.3313610025551894
26071,LOF,0.02591069259894699,0.02500032436575987,0.9490889830352931
26072,LOF,0.026297869624969245,0.04104686582276878,0.9326552645522619
26073,LOF,0.02708284815796458,0.019261377967132346,0.9536557738749031
26074,Neutral,0.879892879450805,0.007727176595790302,0.11237994395340463
26075,LOF,0.044011980188359466,0.028977303530283154,0.9270107162813574
26076,LOF,0.0486205735731342,0.017313355205422255,0.9340660712214435
26077,LOF,0.009897224599233576,0.04329654790621204,0.9468062274945543
26078,LOF,0.013740423618357315,0.026308650691053228,0.9599509256905894
26079,LOF,0.05827401646530228,0.030156526736185532,0.9115694567985122
26080,LOF,0.05827401646530228,0.030156526736185532,0.9115694567985122
26081,LOF,0.03574139406960175,0.014075525925692028,0.9501830800047062
26082,LOF,0.02160187250394906,0.034394773597574334,0.9440033538984767
26083,LOF,0.14408326224964066,0.02319330566893486,0.8327234320814246
26084,LOF,0.02940694975928266,0.029462155224589483,0.9411308950161279
26085,LOF,0.025768421444940397,0.026628885592261158,0.9476026929627985
26086,LOF,0.024882912293597678,0.02510101919805692,0.9500160685083454
26087,LOF,0.026404327569976325,0.01849161136355652,0.9551040610664673
26088,LOF,0.02390636135351568,0.03993593376221285,0.9361577048842715
26089,LOF,0.04958350281033393,0.04095657916556573,0.9094599180241003
26090,LOF,0.04641724447446137,0.03261648360722169,0.9209662719183169
26091,LOF,0.04023932883238795,0.01262079379138105,0.947139877376231
26092,LOF,0.031272158811314635,0.017348738869882457,0.9513791023188028
26093,LOF,0.041815655019026655,0.012837190896745409,0.945347154084228
26094,LOF,0.04854981459459374,0.01108015447883592,0.9403700309265705
26095,LOF,0.037684390543504,0.030523295799889143,0.9317923136566069
26096,LOF,0.017613734619026402,0.024603101626459137,0.9577831637545143
26097,LOF,0.01095032485557872,0.08787165569258376,0.9011780194518375
26098,LOF,0.06439459186888759,0.031654407654731244,0.9039510004763811
26099,LOF,0.02708052004427678,0.031143817904808312,0.9417756620509149
26100,LOF,0.02842598379888735,0.02965601301659485,0.9419180031845178
26101,LOF,0.06585747806558422,0.025492486742091088,0.9086500351923247
26102,LOF,0.028585726878500573,0.024080884461566695,0.9473333886599327
26103,Neutral,0.8859534389444604,0.03801145008401428,0.07603511097152525
26104,LOF,0.05767236432115805,0.06583873690445742,0.8764888987743846
26105,LOF,0.22150799309050434,0.2286534832529237,0.5498385236565719
26106,LOF,0.15406826600814233,0.14135724262384436,0.7045744913680133
26107,LOF,0.19719235175384206,0.12383400218267852,0.6789736460634794
26108,LOF,0.23070482598132938,0.1663281514853,0.6029670225333706
26109,LOF,0.05647630800463731,0.1900966667083659,0.7534270252869968
26110,LOF,0.27046830803853805,0.015248065189723688,0.7142836267717382
26111,LOF,0.4839909784441755,0.02564530228013168,0.4903637192756928
26112,LOF,0.037004124165560814,0.01438485051520396,0.9486110253192352
26113,LOF,0.05605028644220857,0.02847098351325274,0.9154787300445387
26114,LOF,0.020906364080430163,0.025739108078353796,0.9533545278412161
26115,LOF,0.1004708345384305,0.03998047617397653,0.8595486892875931
26116,LOF,0.05065425786929095,0.05747802099584884,0.8918677211348601
26117,LOF,0.31705366238764987,0.08049620955531862,0.6024501280570315
26118,LOF,0.04250881579906185,0.04511314225486791,0.9123780419460703
26119,LOF,0.02170001559164254,0.06052983332250062,0.9177701510858568
26120,LOF,0.028902603282974098,0.03426611582646077,0.936831280890565
26121,LOF,0.05714234074842043,0.10094554349022247,0.841912115761357
26122,LOF,0.06417827988788101,0.04951142070244257,0.8863102994096764
