feature0,prediction,LoGoFunc_Neutral,LoGoFunc_GOF,LoGoFunc_LOF
25546,Neutral,0.6655572649990945,0.05947616893578089,0.2749665660651245
25547,Neutral,0.5221678026445437,0.10544706276819281,0.3723851345872636
25548,Neutral,0.5038690412905831,0.09005597110272691,0.4060749876066899
25549,LOF,0.4258691511770015,0.09351844338031794,0.4806124054426806
25550,LOF,0.36511372277872806,0.13971767567885704,0.49516860154241504
25551,LOF,0.32152811788542823,0.14491192691514274,0.5335599551994291
25552,LOF,0.273420674219921,0.14200147350637773,0.5845778522737012
25553,Neutral,0.8152366098355255,0.04632099565938844,0.13844239450508614
25554,LOF,0.3037716308860896,0.12854030625580704,0.5676880628581034
25555,LOF,0.2618472757486568,0.12181649986516027,0.6163362243861829
25556,Neutral,0.45848553738254133,0.10800159491364841,0.43351286770381015
25557,LOF,0.24957406817284777,0.12494663236153625,0.625479299465616
25558,LOF,0.31023741728168824,0.12444902233898933,0.5653135603793223
25559,LOF,0.19025768136857027,0.11974695482108426,0.6899953638103454
25560,LOF,0.14715011649496962,0.09999364160513027,0.7528562418999002
25561,LOF,0.15374761138739756,0.10905169062960379,0.7372006979829986
25562,LOF,0.06922462155469017,0.07702884646824634,0.8537465319770636
25563,LOF,0.020611908640006952,0.11741249983201041,0.8619755915279828
25564,LOF,0.21965962176876852,0.10866080180618656,0.6716795764250449
25565,LOF,0.23193756431274848,0.13004445648407337,0.6380179792031782
25566,GOF,0.09410332660386696,0.710695521050483,0.1952011523456501
25567,LOF,0.03696558592104705,0.12444967868775728,0.8385847353911957
25568,LOF,0.06276411861704347,0.06455939962180304,0.8726764817611535
25569,LOF,0.0620485165964668,0.06691640552314004,0.8710350778803932
25570,LOF,0.028031603260476785,0.09104269507945455,0.8809257016600687
25571,LOF,0.025706407559424185,0.09862493466381579,0.87566865777676
25572,LOF,0.060326112509609627,0.11361719297965032,0.8260566945107399
25573,LOF,0.0579358721046891,0.07844107366764393,0.863623054227667
25574,LOF,0.057098109591760454,0.16778173542492886,0.7751201549833108
25575,LOF,0.024349595872100373,0.11439119481820786,0.8612592093096918
25576,LOF,0.03525725293486101,0.14923715883548713,0.8155055882296519
25577,LOF,0.028447592049396963,0.11131438010356319,0.8602380278470398
25578,LOF,0.3032851615485042,0.07054956128196953,0.6261652771695263
25579,LOF,0.13170148913840485,0.07819655318960735,0.7901019576719877
25580,LOF,0.019659850746390675,0.07393086009140087,0.9064092891622084
25581,LOF,0.05872372051116214,0.06193217975888573,0.8793440997299522
25582,LOF,0.058700590144147934,0.060708357672665386,0.8805910521831866
25583,LOF,0.020946899679056157,0.07286184875195989,0.9061912515689841
25584,Neutral,0.6769238972691765,0.08906805667752872,0.23400804605329478
25585,LOF,0.035152159397208074,0.11525477500049372,0.8495930656022983
25586,LOF,0.01906962303741624,0.05930899192849757,0.9216213850340861
25587,LOF,0.01861276788627808,0.05411784127933946,0.9272693908343824
25588,LOF,0.02161642636189807,0.0663004778622601,0.9120830957758418
25589,Neutral,0.5078896334502907,0.18842924368892708,0.30368112286078214
25590,LOF,0.046208250354444654,0.10187372955358666,0.8519180200919686
25591,LOF,0.10339050369160975,0.053651010348482575,0.8429584859599076
25592,LOF,0.05476901249516739,0.11537705594073577,0.8298539315640969
25593,LOF,0.1446416238783671,0.2310448687418056,0.6243135073798273
25594,LOF,0.04747963547881009,0.11361245002588075,0.8389079144953092
25595,LOF,0.04598508726036166,0.08112503648477389,0.8728898762548644
25596,LOF,0.10552053969586178,0.04890589103044087,0.8455735692736973
25597,LOF,0.07764901393524817,0.05447028733976434,0.8678806987249875
25598,LOF,0.04685092272506413,0.08156222555982537,0.8715868517151104
25599,GOF,0.017727077039048723,0.5341459689221915,0.44812695403875974
25600,GOF,0.159085899811166,0.5155723820444854,0.3253417181443485
25601,LOF,0.036729449236538106,0.4001110033978546,0.5631595473656072
25602,LOF,0.0320816943325678,0.05402085817432644,0.9138974474931059
25603,LOF,0.03465968249608662,0.029860440088776946,0.9354798774151365
25604,LOF,0.03636660458302525,0.05918376964487533,0.9044496257720994
25605,LOF,0.03992286083128301,0.19217287325215285,0.7679042659165641
25606,LOF,0.4358542624614395,0.10321477928395337,0.46093095825460717
25607,LOF,0.024158697578381873,0.1737088529680781,0.80213244945354
25608,LOF,0.0378849417530952,0.07376820473843122,0.8883468535084735
25609,GOF,0.1511807696069564,0.5640698939540498,0.28474933643899375
25610,LOF,0.015833360995062447,0.027651599874839762,0.9565150391300978
25611,LOF,0.015198923321701804,0.033912811281648775,0.9508882653966493
25612,LOF,0.05031708465165237,0.040336657063662705,0.9093462582846848
25613,LOF,0.04694816533536694,0.03987326763660148,0.9131785670280315
25614,LOF,0.023120871664393812,0.026947713059031403,0.9499314152765749
25615,LOF,0.0451396641341847,0.034029025545335156,0.9208313103204802
25616,LOF,0.046234936498883446,0.027883382843783652,0.9258816806573329
25617,LOF,0.04093985790956373,0.03556739916830391,0.9234927429221322
25618,LOF,0.05050964241077459,0.035108686359522086,0.9143816712297034
25619,LOF,0.015386013344465,0.03138751242848804,0.9532264742270469
25620,LOF,0.06219183528854565,0.039715353625902346,0.8980928110855521
25621,LOF,0.05087317923019431,0.03197408998516305,0.9171527307846425
25622,LOF,0.059477023733717264,0.03273841839308493,0.9077845578731978
25623,LOF,0.07779197671313283,0.02557239545903966,0.8966356278278275
25624,LOF,0.019202385799300017,0.03422058162088425,0.9465770325798157
25625,LOF,0.06427261566689954,0.038225556482787,0.8975018278503134
25626,LOF,0.047812813688976344,0.03836844154362553,0.9138187447673981
25627,Neutral,0.8926367786427403,0.024832077524111856,0.08253114383314794
25628,LOF,0.1311683547023442,0.06879812061262174,0.8000335246850341
25629,LOF,0.06332429266931834,0.045714043425310345,0.8909616639053713
25630,LOF,0.2609090028232553,0.08680614891261314,0.6522848482641315
25631,Neutral,0.5472796023475861,0.07171086495406773,0.38100953269834614
25632,LOF,0.026580622555065832,0.06103725129895464,0.9123821261459796
25633,LOF,0.20133005572507076,0.03763264739922327,0.761037296875706
25634,LOF,0.034590246116328556,0.0870486625804274,0.8783610913032439
25635,LOF,0.03837761482642728,0.04334359383704444,0.9182787913365283
25636,LOF,0.036694740416274345,0.47866887225600674,0.48463638732771885
25637,GOF,0.0701782015413769,0.49420638023660945,0.43561541822201383
25638,LOF,0.04130211074435536,0.29171367073950644,0.6669842185161382
25639,LOF,0.02983286411636301,0.34861325310477675,0.6215538827788603
25640,Neutral,0.8081443678445678,0.14555753957724354,0.04629809257818874
25641,LOF,0.051149722504030326,0.4364936010856898,0.5123566764102799
25642,LOF,0.038973119055408026,0.15437982729791797,0.8066470536466741
25643,LOF,0.1938660807701784,0.18706907684988,0.6190648423799415
25644,LOF,0.020984584967029537,0.48156378456156673,0.49745163047140367
25645,LOF,0.019870656460705204,0.42911767705747195,0.5510116664818228
25646,LOF,0.05489028730195693,0.34920888468065964,0.5959008280173833
25647,LOF,0.022856666756603156,0.2718606682872455,0.7052826649561513
25648,LOF,0.0294830501110516,0.2453552270737103,0.7251617228152382
25649,LOF,0.014765381107334878,0.24945515645932845,0.7357794624333366
25650,LOF,0.053034882241356766,0.4277320435477927,0.5192330742108505
25651,LOF,0.015872419569035946,0.2766757351123799,0.7074518453185841
25652,LOF,0.027859726042693093,0.2843783821532285,0.6877618918040783
25653,LOF,0.08623474196628694,0.4157300518960684,0.4980352061376446
25654,LOF,0.023040880787639165,0.20696328562623967,0.7699958335861211
25655,GOF,0.21582997540770224,0.40127797981899804,0.38289204477329974
25656,LOF,0.27409352545194304,0.0422473845762252,0.6836590899718318
25657,LOF,0.07675353383584682,0.05189115627291727,0.8713553098912359
25658,LOF,0.39336624756870814,0.04687977674310195,0.55975397568819
25659,Neutral,0.5307830142692129,0.07294313530005352,0.39627385043073354
25660,LOF,0.02582861654882632,0.08014134458048418,0.8940300388706895
25661,LOF,0.09327095520879157,0.05203807357775532,0.8546909712134532
25662,LOF,0.03160980392437697,0.02892412387940902,0.939466072196214
25663,LOF,0.040015090993897225,0.041888564058679766,0.918096344947423
25664,LOF,0.14783433153103395,0.04716930363240332,0.8049963648365627
25665,LOF,0.05504067184947514,0.027499975658665844,0.9174593524918591
25666,LOF,0.08682132118128826,0.0688466894083662,0.8443319894103455
25667,LOF,0.06508544993530484,0.03566266205379011,0.899251888010905
25668,LOF,0.03618843462693281,0.04225727032100338,0.9215542950520639
25669,LOF,0.03472864118137693,0.05003786699839063,0.9152334918202325
25670,LOF,0.13700262352777126,0.03877472064954903,0.8242226558226797
25671,LOF,0.09538437094349254,0.028963738627560107,0.8756518904289474
25672,LOF,0.05398483844260751,0.03795928523215004,0.9080558763252425
25673,LOF,0.08014947641368365,0.03709509807774445,0.8827554255085719
25674,LOF,0.0692336194315633,0.04683106840097569,0.883935312167461
25675,LOF,0.122995512610331,0.045273573368834204,0.8317309140208348
25676,LOF,0.018259129703266496,0.04918577812450581,0.9325550921722277
25677,LOF,0.02572500059207274,0.061000898966517655,0.9132741004414096
25678,LOF,0.1827819884656649,0.05285803285323128,0.7643599786811037
25679,LOF,0.12162398483553749,0.07086014976073028,0.8075158654037322
25680,LOF,0.028626141398857958,0.1051070650699564,0.8662667935311857
25681,LOF,0.045892608983133104,0.0954362716724776,0.8586711193443892
25682,LOF,0.13254309811705048,0.060974871959908,0.8064820299230414
25683,LOF,0.1306611493202566,0.07447401160033955,0.7948648390794039
25684,LOF,0.041552657164742775,0.06052521031161529,0.8979221325236418
25685,LOF,0.12762735881327672,0.05161467442910873,0.8207579667576146
25686,LOF,0.07491731074888326,0.09404782727405227,0.8310348619770644
25687,LOF,0.10435180036545133,0.08520228968992699,0.8104459099446216
25688,LOF,0.30130600659113754,0.03431078739170362,0.6643832060171588
25689,LOF,0.21572368740918094,0.04505852430078329,0.7392177882900357
25690,LOF,0.3613018650365724,0.03562692516015534,0.6030712098032721
25691,Neutral,0.7121101532797016,0.02532053348135487,0.26256931323894345
25692,LOF,0.30306371496873336,0.011136604673123296,0.6857996803581433
25693,LOF,0.04485894256995989,0.4471041114137396,0.5080369460163005
25694,LOF,0.12056361910958213,0.021119247862305967,0.8583171330281119
25695,LOF,0.11720395763208072,0.018896098918925755,0.8638999434489936
25696,LOF,0.12736885635562517,0.010153659686156788,0.8624774839582181
25697,LOF,0.11073848178693384,0.029033973182835526,0.8602275450302307
25698,LOF,0.3470669917226406,0.21990476277852877,0.4330282454988306
25699,LOF,0.4121739971940496,0.04002998393238618,0.5477960188735642
25700,LOF,0.05090751975466438,0.008403948686470588,0.9406885315588651
25701,LOF,0.16258005546533963,0.05564338475861196,0.7817765597760483
25702,GOF,0.15850632110453372,0.5687391498454278,0.27275452905003844
25703,LOF,0.017431750795622265,0.16705961803270297,0.8155086311716747
25704,LOF,0.05005186464448658,0.11921239953669621,0.8307357358188173
25705,LOF,0.0561483183089242,0.18586063428421143,0.7579910474068644
25706,LOF,0.09194611579721534,0.36450712333262697,0.5435467608701577
25707,LOF,0.08159650893060989,0.29088176048485936,0.6275217305845308
25708,LOF,0.026804862949154743,0.272811450479893,0.7003836865709522
25709,LOF,0.05531301980794674,0.037056860401172335,0.9076301197908809
25710,LOF,0.011387837112098871,0.13158541690127284,0.8570267459866283
25711,LOF,0.018887270792913045,0.08624314371724143,0.8948695854898455
25712,LOF,0.01287134683198182,0.17376419070235466,0.8133644624656635
25713,LOF,0.018217436969327976,0.07198799377907907,0.9097945692515929
25714,LOF,0.06537902614769939,0.07063729624575883,0.8639836776065417
25715,LOF,0.010404287598634328,0.13603481073683332,0.8535609016645322
25716,LOF,0.01472546338781805,0.10379635683075354,0.8814781797814283
25717,LOF,0.012638944303534518,0.08123795739721669,0.9061230982992489
25718,LOF,0.011955795713428127,0.101032596867243,0.8870116074193288
25719,LOF,0.018757203691979737,0.07805693085697854,0.9031858654510417
25720,LOF,0.021812410109843906,0.06557326202054593,0.9126143278696102
25721,LOF,0.016130335440460827,0.1024070358049996,0.8814626287545396
25722,LOF,0.013350333223884141,0.11779285785759186,0.868856808918524
25723,LOF,0.022267296935618724,0.03988765105920053,0.9378450520051806
25724,LOF,0.02414939712442769,0.07797882205937877,0.8978717808161935
25725,LOF,0.011669453722130043,0.06658251324526025,0.9217480330326097
25726,LOF,0.01449072974874405,0.08937762665416345,0.8961316435970925
25727,LOF,0.013412096704586415,0.0763809742170257,0.910206929078388
25728,LOF,0.009725646432451728,0.10252045927043257,0.8877538942971157
25729,LOF,0.00993947421421346,0.10461174615324768,0.8854487796325389
25730,LOF,0.01377934168142605,0.07432422839776902,0.9118964299208049
25731,LOF,0.022218845705890944,0.10066419732535033,0.8771169569687588
25732,LOF,0.01473648392173122,0.0850439712800358,0.900219544798233
25733,LOF,0.015784553827781198,0.0711443291977519,0.9130711169744669
25734,LOF,0.012729331707811348,0.12090662432636777,0.8663640439658209
25735,LOF,0.013815717430608002,0.07800324175742952,0.9081810408119625
25736,LOF,0.014472403353635756,0.11276593098375677,0.8727616656626075
25737,LOF,0.020809541115580855,0.08009492503247057,0.8990955338519485
25738,LOF,0.013329235667237089,0.11775460546123606,0.868916158871527
25739,LOF,0.019311315718466317,0.07985579607276899,0.9008328882087646
25740,LOF,0.026529568898294432,0.0934181755567774,0.880052255544928
25741,LOF,0.015060013739859527,0.10381967203512604,0.8811203142250144
25742,LOF,0.11361443036280881,0.07333431267154206,0.8130512569656492
25743,LOF,0.033993506253610105,0.026887114111373345,0.9391193796350167
25744,Neutral,0.592516128184499,0.19335724415498656,0.21412662766051452
25745,LOF,0.08110928882276465,0.06539165786203675,0.8534990533151985
25746,LOF,0.04099266718037727,0.0737169433852434,0.8852903894343794
25747,LOF,0.022670271995923374,0.03790515230909255,0.939424575694984
25748,LOF,0.09856356474218905,0.0566333607833183,0.8448030744744927
25749,LOF,0.026629008303773155,0.07279791862462057,0.9005730730716063
25750,LOF,0.08597526871171235,0.07589381717632078,0.8381309141119669
25751,LOF,0.0921447131315477,0.05284033921395299,0.8550149476544993
25752,GOF,0.09164916939093247,0.6511918126303203,0.2571590179787472
25753,LOF,0.01923690881285329,0.260173462034778,0.7205896291523688
25754,GOF,0.010377129281561991,0.7722087704950009,0.2174141002234372
25755,LOF,0.023318664274171407,0.3699509334765109,0.6067304022493177
25756,LOF,0.03832256352013577,0.355361250220671,0.6063161862591933
25757,GOF,0.014098486665565705,0.8315067263762789,0.15439478695815537
25758,GOF,0.02692749791131824,0.8187907998325961,0.15428170225608565
25759,GOF,0.011328764407229271,0.5466167942140024,0.4420544413787682
25760,LOF,0.012366429258552943,0.24052511102893512,0.7471084597125119
25761,GOF,0.24957128190335123,0.6388593115579633,0.11156940653868547
25762,LOF,0.035452387985292544,0.2615956077008652,0.7029520043138423
25763,LOF,0.012282658486246994,0.20138097231378305,0.78633636919997
25764,GOF,0.06712216070363229,0.6171996598379934,0.3156781794583744
25765,GOF,0.040027905711830215,0.7429991887713929,0.21697290551677678
25766,GOF,0.05443456218093426,0.7718445453082113,0.17372089251085437
25767,GOF,0.17685422130176717,0.43788035888887394,0.3852654198093588
25768,LOF,0.09127829125511162,0.0661921522649939,0.8425295564798945
25769,LOF,0.06426131197322577,0.06239409201932545,0.8733445960074488
25770,LOF,0.2794329720181082,0.08789878585331645,0.6326682421285753
25771,LOF,0.041442682557546844,0.04666774139365,0.9118895760488033
25772,LOF,0.016756381177797795,0.03358651979892981,0.9496570990232723
25773,LOF,0.04636245996275472,0.0837413686724087,0.8698961713648367
25774,LOF,0.027859188806864593,0.06917219760129968,0.9029686135918358
25775,LOF,0.04707529953926205,0.046181196915960405,0.9067435035447776
25776,LOF,0.0681010068616085,0.026465332008094217,0.9054336611302973
25777,LOF,0.33926471183017026,0.0482076073513057,0.612527680818524
25778,LOF,0.06702529887846038,0.050738985832267096,0.8822357152892726
25779,GOF,0.35737798470859894,0.5981024585554132,0.0445195567359878
25780,GOF,0.30331111721344284,0.6274308042174169,0.06925807856914021
25781,GOF,0.1492532996417644,0.7502917158786242,0.10045498447961143
25782,GOF,0.198846715879561,0.7305238561900863,0.07062942793035264
25783,GOF,0.030733357015791905,0.6478561208495278,0.3214105221346802
25784,GOF,0.47348556758980603,0.4898355112208809,0.03667892118931304
25785,GOF,0.43373871110592166,0.530255706498137,0.03600558239594137
25786,GOF,0.028006462838747248,0.7748273875205851,0.19716614964066764
25787,Neutral,0.6230626793967342,0.35460236629957276,0.02233495430369306
25788,LOF,0.04709859330290492,0.11615432500030255,0.8367470816967925
25789,GOF,0.1739322514423687,0.6900081320598817,0.13605961649774953
25790,GOF,0.20775313024190106,0.6815560176552856,0.11069085210281329
25791,GOF,0.13748907509242272,0.6983915753275479,0.1641193495800293
25792,GOF,0.31788835929994863,0.5604458953019194,0.12166574539813214
25793,GOF,0.2607363282661271,0.5512538506709643,0.18800982106290862
25794,GOF,0.3025656147488033,0.5510349106740453,0.14639947457715144
25795,GOF,0.07304073770627689,0.7016980168587518,0.22526124543497128
25796,Neutral,0.5307475603379472,0.39043022573827457,0.07882221392377821
25797,GOF,0.08557377810353682,0.5767123087621693,0.33771391313429394
25798,GOF,0.008867180385895774,0.5170867074471186,0.47404611216698567
25799,LOF,0.0069034398353545745,0.4126641697816981,0.5804323903829472
25800,GOF,0.03158196021463876,0.6116604459629624,0.3567575938223989
25801,GOF,0.19185330966255465,0.6766969809600428,0.1314497093774025
25802,GOF,0.08542712272278227,0.6950111050962101,0.21956177218100767
25803,GOF,0.034127413893393556,0.5958640518416749,0.37000853426493147
25804,GOF,0.03300325811998999,0.5042448020784926,0.4627519398015174
25805,GOF,0.09310959136431401,0.625680792522445,0.28120961611324097
25806,GOF,0.09064089667248895,0.604832527110809,0.3045265762167019
25807,GOF,0.020635468761276057,0.6187184696443242,0.36064606159439977
25808,GOF,0.07974108818410557,0.6454414200153641,0.27481749180053033
25809,GOF,0.01887471698259482,0.5956901553154602,0.38543512770194494
25810,GOF,0.017758198691882138,0.6239981627862038,0.3582436385219141
25811,GOF,0.4372961127377404,0.4864394578366081,0.07626442942565159
25812,GOF,0.027661460520212424,0.649964196313461,0.3223743431663266
25813,Neutral,0.4963601762978324,0.42028933803325175,0.08335048566891587
25814,GOF,0.10684758121948813,0.6720808192361044,0.22107159954440744
25815,GOF,0.1836491433520029,0.6535732200641882,0.16277763658380895
25816,GOF,0.024393688236948464,0.7083862075296532,0.2672201042333982
25817,GOF,0.22052944833254196,0.6559742912499364,0.12349626041752175
25818,GOF,0.051813919232345164,0.6942300128389902,0.2539560679286647
25819,GOF,0.3381092886244464,0.5338205306262789,0.12807018074927468
25820,GOF,0.1823400595048879,0.6212992088187701,0.19636073167634197
25821,GOF,0.06278809150029471,0.6867152837727839,0.25049662472692125
25822,GOF,0.21534983650134862,0.6014982380493178,0.18315192544933354
25823,GOF,0.032181289730495354,0.5645578017287958,0.40326090854070884
25824,GOF,0.08759573555946172,0.6413971607916907,0.27100710364884767
25825,GOF,0.03735960119011965,0.6437802540317,0.31886014477818037
25826,GOF,0.015882015988679145,0.6208342543776278,0.3632837296336931
25827,GOF,0.02556559237757885,0.6186565358124662,0.3557778718099549
25828,GOF,0.014784696889298399,0.5352932161239282,0.44992208698677344
25829,GOF,0.005630608888585037,0.579881655451782,0.4144877356596329
25830,LOF,0.034719381948522365,0.30962626681227845,0.6556543512391991
25831,GOF,0.21500642579792711,0.6807793710280954,0.10421420317397752
25832,GOF,0.031934780138252086,0.7367388084655463,0.23132641139620166
25833,GOF,0.113546203005091,0.744276742139238,0.14217705485567092
25834,GOF,0.03187680714585401,0.7539572408941555,0.21416595195999047
25835,GOF,0.06535081932163418,0.7732709289931702,0.16137825168519562
25836,GOF,0.03286149454741005,0.705087325560458,0.2620511798921319
25837,GOF,0.029480386517190975,0.6202155814251531,0.35030403205765587
25838,GOF,0.09400855623575095,0.7768262262772286,0.1291652174870204
25839,GOF,0.25304528153105577,0.6200369082812847,0.12691781018765974
25840,GOF,0.2253585908116892,0.637304917987515,0.13733649120079577
25841,GOF,0.20691390386763658,0.6603035055846885,0.13278259054767486
25842,GOF,0.1449654906879441,0.7357704171012626,0.11926409221079327
25843,GOF,0.21143839669587683,0.7025820971027452,0.08597950620137783
25844,GOF,0.06448069236630413,0.7290453391147378,0.2064739685189581
25845,GOF,0.015458657878610997,0.5165061921885933,0.4680351499327957
25846,GOF,0.11592741008207007,0.7438793571625664,0.14019323275536336
25847,GOF,0.10447223177741566,0.799396563217489,0.09613120500509521
25848,GOF,0.036747422344152965,0.7148815878566419,0.2483709897992052
25849,GOF,0.01155679055479157,0.6209841322417035,0.36745907720350496
25850,GOF,0.0226457364317537,0.6852894761979055,0.29206478737034086
25851,GOF,0.018023147094274727,0.5698127666014918,0.4121640863042335
25852,GOF,0.16233975420967217,0.5865534302060987,0.25110681558422915
25853,GOF,0.3372753417218058,0.5911668564222541,0.07155780185594006
25854,GOF,0.020462337440935303,0.6414631065130382,0.3380745560460266
25855,GOF,0.03457303494202583,0.5822051412047349,0.3832218238532393
25856,GOF,0.25158220381409346,0.560499146692506,0.18791864949340056
25857,GOF,0.03939444475146467,0.5441833659763298,0.4164221892722056
25858,GOF,0.021313474416692783,0.5596962866196907,0.4189902389636166
25859,GOF,0.010513335619584147,0.5252815311165163,0.46420513326389945
25860,GOF,0.363348195246281,0.5696587306300266,0.06699307412369243
25861,GOF,0.38127756921507977,0.551183273159401,0.06753915762551932
25862,GOF,0.08128598599382111,0.7958942648763118,0.12281974912986704
25863,GOF,0.0788851802770993,0.7872461732559463,0.13386864646695443
25864,GOF,0.17948527313029672,0.7472853963779783,0.0732293304917251
25865,GOF,0.08063896191175884,0.8115542812749221,0.10780675681331907
25866,GOF,0.057608790905168614,0.7950348488028557,0.1473563602919757
25867,GOF,0.08551717890285349,0.8209323749756281,0.09355044612151847
25868,GOF,0.24053462394083477,0.6674360019377343,0.09202937412143093
25869,Neutral,0.700676242758702,0.2603124064287303,0.03901135081256774
25870,GOF,0.2829713861878872,0.4299446977239701,0.2870839160881426
25871,GOF,0.1899003401298658,0.6863833186746761,0.12371634119545816
25872,GOF,0.07348183463823552,0.6665449063407449,0.2599732590210196
25873,GOF,0.10423600873677014,0.703765700417869,0.1919982908453607
25874,LOF,0.014195995640281735,0.13255212282722845,0.8532518815324898
25875,LOF,0.08495068404832254,0.042764579756804734,0.8722847361948728
25876,LOF,0.03676625634575319,0.02754594295681936,0.9356878006974275
25877,Neutral,0.4949551332434867,0.043016215656215516,0.4620286511002977
25878,LOF,0.22688454369409802,0.09092236056635383,0.6821930957395481
25879,LOF,0.08415237860093029,0.08652202061364331,0.8293256007854264
25880,LOF,0.04414281858202668,0.014961465142390733,0.9408957162755825
25881,LOF,0.18604440700474265,0.10664899843406699,0.7073065945611904
25882,LOF,0.05813529266454011,0.01487613487565542,0.9269885724598046
25883,LOF,0.06174245380935194,0.019350933408721592,0.9189066127819265
25884,LOF,0.03225152854348884,0.027347288759546225,0.9404011826969649
25885,LOF,0.058239319157332846,0.010388003189069834,0.9313726776535973
25886,LOF,0.24788170283951186,0.039630942246590396,0.7124873549138977
25887,LOF,0.15574016559952258,0.059234149991917166,0.7850256844085604
25888,LOF,0.06448770557212175,0.050715124004100706,0.8847971704237775
25889,LOF,0.039902211817171705,0.020112204528256017,0.9399855836545723
25890,LOF,0.044866403265399604,0.1555682165234957,0.7995653802111046
25891,LOF,0.03638664290578907,0.06282650998794084,0.9007868471062702
25892,LOF,0.07900382204239471,0.02288798371603166,0.8981081942415735
25893,LOF,0.23266213817608075,0.0206198841880657,0.7467179776358536
25894,LOF,0.1706560468699939,0.012023409913093797,0.8173205432169123
25895,LOF,0.1837268798542843,0.021293703086555208,0.7949794170591605
25896,LOF,0.04877813116962819,0.023190610419988135,0.9280312584103836
25897,LOF,0.2564961378433448,0.013438078850513208,0.7300657833061419
25898,Neutral,0.7134462234882906,0.010568780070421025,0.2759849964412884
25899,LOF,0.21192653482783805,0.023514674428302226,0.7645587907438597
25900,LOF,0.457848125130333,0.012949604461070961,0.529202270408596
25901,LOF,0.048680652024632114,0.011111315166970621,0.9402080328083973
25902,LOF,0.15042240558171385,0.012854333216452386,0.8367232612018337
25903,Neutral,0.5822982219597072,0.029626828711666452,0.38807494932862635
25904,LOF,0.302181359516505,0.04229048202494726,0.6555281584585478
25905,LOF,0.02416332691624171,0.3611534634107591,0.614683209672999
25906,LOF,0.03105670086340048,0.08259489345391532,0.8863484056826841
25907,LOF,0.014384568300286922,0.35767510658379864,0.6279403251159144
25908,LOF,0.009324785351771808,0.2727309403843962,0.717944274263832
25909,LOF,0.013736660974297798,0.12802713216178382,0.8582362068639183
25910,LOF,0.05299617335360078,0.13563077611026916,0.8113730505361301
25911,LOF,0.19400058504513704,0.030673579939956803,0.7753258350149062
25912,LOF,0.048480095410649064,0.0554933126644826,0.8960265919248683
25913,LOF,0.3557940448362959,0.02305083933134754,0.6211551158323566
25914,LOF,0.020774244876863725,0.04820429182407863,0.9310214632990577
25915,Neutral,0.5913938128742701,0.14731543887217508,0.2612907482535548
25916,LOF,0.08065447066008086,0.19822412062875086,0.7211214087111683
25917,LOF,0.05910063089193667,0.035984577332853186,0.9049147917752102
25918,LOF,0.021559270792702055,0.029782845107728752,0.9486578840995693
25919,LOF,0.01867442478430237,0.030934557505869802,0.9503910177098278
25920,GOF,0.1058119719346934,0.515530375873956,0.37865765219135056
25921,LOF,0.024881736975340567,0.036000770148305564,0.9391174928763539
25922,LOF,0.03355315312018957,0.026266546375641915,0.9401803005041685
25923,Neutral,0.49215104124577935,0.03177720115574781,0.4760717575984729
25924,LOF,0.03598464115720354,0.046199190033671546,0.917816168809125
25925,LOF,0.07295703573800805,0.036666054779863844,0.8903769094821281
25926,LOF,0.05110656943220827,0.030954750555674516,0.9179386800121173
25927,LOF,0.05687373061556929,0.13698711457219703,0.8061391548122337
25928,LOF,0.017545231175738817,0.05300252772270375,0.9294522411015573
25929,Neutral,0.5990905360461067,0.034328766012574584,0.36658069794131876
25930,LOF,0.07509959548231716,0.02941945533805238,0.8954809491796304
25931,LOF,0.02368135367637828,0.030367231859200653,0.9459514144644211
25932,LOF,0.02989431726880389,0.02479858798490284,0.9453070947462933
25933,LOF,0.04019456437602896,0.016426585600441516,0.9433788500235296
25934,LOF,0.025066126398141257,0.017837884993265166,0.9570959886085936
25935,LOF,0.0628112515576102,0.04618857066631661,0.8910001777760732
25936,LOF,0.043999912014337034,0.022234324893508437,0.9337657630921546
25937,LOF,0.02719936730372203,0.035307631970532896,0.937493000725745
25938,LOF,0.06605283861037493,0.05105020789120003,0.882896953498425
25939,LOF,0.0425694422577426,0.018194579161257003,0.9392359785810005
25940,LOF,0.03528999951722404,0.34313091337027657,0.6215790871124994
25941,LOF,0.19468893603172285,0.09920370937578962,0.7061073545924876
25942,LOF,0.013459006039310108,0.03480429946404294,0.9517366944966469
25943,LOF,0.3110698548451992,0.054769164525702886,0.634160980629098
25944,Neutral,0.49784107631594465,0.020883839430890977,0.48127508425316434
25945,LOF,0.07628935373944616,0.020170406982345908,0.9035402392782079
25946,LOF,0.03389811230739001,0.09658056093566626,0.8695213267569437
25947,LOF,0.12303774213573966,0.17581123568369741,0.7011510221805629
25948,LOF,0.3546821485171041,0.007448769113079358,0.6378690823698167
25949,LOF,0.1165030775250028,0.03703214588870929,0.8464647765862879
25950,Neutral,0.3412625622198305,0.3280733031516253,0.33066413462854427
25951,LOF,0.1987093919037349,0.2610876202860056,0.5402029878102594
25952,LOF,0.050426223574235825,0.45792064178025244,0.4916531346455117
25953,LOF,0.1584359889432282,0.11271076126191815,0.7288532497948538
25954,Neutral,0.4299264647299436,0.18718234454629534,0.38289119072376115
25955,LOF,0.06513289247995717,0.07662965116518108,0.8582374563548616
25956,LOF,0.16728047326877266,0.12058091072634657,0.7121386160048808
25957,LOF,0.03937559317166854,0.03033776008275418,0.9302866467455774
25958,LOF,0.05284524576686755,0.027454593900705242,0.9197001603324273
25959,LOF,0.06962154225504769,0.3281729582745571,0.6022054994703951
25960,LOF,0.01579968078916387,0.049537566847288016,0.9346627523635481
25961,LOF,0.04032450759540104,0.026919405158536393,0.9327560872460626
25962,LOF,0.05238191423317572,0.023364687466732894,0.9242533983000915
25963,LOF,0.046798571969227695,0.20143258912587686,0.7517688389048953
25964,LOF,0.03242824238940395,0.1570355979584444,0.8105361596521516
25965,LOF,0.4227931274447262,0.0645551701905998,0.5126517023646741
25966,Neutral,0.5282151498674069,0.15910449662027423,0.3126803535123189
25967,LOF,0.015098260171353666,0.09482970303917054,0.8900720367894758
25968,LOF,0.0339043046874079,0.3638228872215734,0.6022728080910186
25969,LOF,0.03345574141841849,0.05972185969422043,0.9068223988873612
25970,LOF,0.060493612346154586,0.057095706939879046,0.8824106807139664
25971,LOF,0.06665380622310624,0.021043354738770604,0.9123028390381231
25972,LOF,0.06366386770805223,0.03288286481477457,0.9034532674771732
25973,LOF,0.07208967200286116,0.01020081665980939,0.9177095113373295
25974,LOF,0.19108953403384368,0.013859905686995326,0.7950505602791609
25975,LOF,0.04684433473178179,0.02898653426749686,0.9241691310007213
25976,LOF,0.04287601281070931,0.017255633962919403,0.9398683532263713
25977,LOF,0.14679468798015938,0.08999163439940777,0.7632136776204328
25978,LOF,0.15214766478506056,0.08773186597728616,0.7601204692376533
25979,LOF,0.13636238484926858,0.09171330221250201,0.7719243129382294
25980,LOF,0.2276978677437839,0.1141539175503712,0.658148214705845
25981,LOF,0.26285431070609455,0.1117376508095347,0.6254080384843707
25982,LOF,0.41884936007878226,0.07886083289493205,0.5022898070262857
25983,LOF,0.397423666755196,0.08186368969992353,0.5207126435448804
25984,LOF,0.0474512948779704,0.05245353023430486,0.9000951748877247
25985,LOF,0.04186769897862171,0.29095328433323764,0.6671790166881406
25986,LOF,0.046328783423320335,0.3501648742514011,0.6035063423252786
25987,LOF,0.08226440098303747,0.06988828698111399,0.8478473120358486
25988,LOF,0.15854425749901938,0.06320143620501606,0.7782543062959645
25989,LOF,0.03767257008959846,0.11719208073916317,0.8451353491712384
25990,LOF,0.04280371551243636,0.16628118387977817,0.7909151006077855
25991,LOF,0.14182973146599567,0.2126016608394424,0.6455686076945619
25992,LOF,0.29139312099918807,0.1298563043818194,0.5787505746189926
25993,LOF,0.022918005602268813,0.06918879084792666,0.9078932035498044
25994,LOF,0.01856661395951935,0.08621704083384144,0.8952163452066393
25995,LOF,0.02307220488764588,0.1874481751793465,0.7894796199330076
25996,GOF,0.33456008852244246,0.38169989587478564,0.28374001560277184
25997,LOF,0.08408082913267349,0.3401548612520185,0.575764309615308
25998,Neutral,0.5216977230652693,0.028260915517271723,0.450041361417459
25999,LOF,0.10094000711258723,0.09790610592540594,0.8011538869620068
26000,LOF,0.15477909407056903,0.039573249200820004,0.805647656728611
26001,LOF,0.1967101974239098,0.04881187296231323,0.754477929613777
26002,LOF,0.11479034796011027,0.03967539361195587,0.845534258427934
26003,GOF,0.01100653176600652,0.5974395217430181,0.3915539464909753
26004,GOF,0.022993573941726356,0.6999732609360565,0.2770331651222171
26005,LOF,0.0066007734004100965,0.458773536209785,0.5346256903898049
26006,Neutral,0.5169121236793325,0.24184784553763905,0.24124003078302844
26007,GOF,0.020095994059375975,0.5139524554528714,0.46595155048775266
26008,GOF,0.01895663989011558,0.5854823372550471,0.39556102285483735
26009,GOF,0.01958856772310511,0.6717447162176388,0.30866671605925605
26010,GOF,0.02171952268324008,0.6363332715866732,0.34194720573008663
26011,LOF,0.006741523355154967,0.4219480519738959,0.5713104246709492
26012,GOF,0.013035140939018914,0.5453703751936001,0.44159448386738104
26013,GOF,0.020432729229402077,0.5926018988351118,0.3869653719354862
26014,LOF,0.03875625141579879,0.12423816704745198,0.8370055815367492
26015,LOF,0.16115891560298037,0.015516966113969324,0.8233241182830504
26016,LOF,0.2004419556387072,0.05813546650009101,0.7414225778612018
26017,LOF,0.21751536141481584,0.08876140510824931,0.6937232334769349
26018,LOF,0.07747822476023433,0.041531481961470204,0.8809902932782954
26019,LOF,0.07417489947373619,0.03191605411302794,0.8939090464132359
26020,LOF,0.06763550642036409,0.10070368663587322,0.8316608069437628
26021,LOF,0.04489753523617603,0.10205921857502707,0.853043246188797
26022,LOF,0.011381565949434621,0.04185446901059209,0.9467639650399734
26023,LOF,0.06976627951629218,0.025097171961744866,0.9051365485219629
26024,LOF,0.03186191343135821,0.10692075226166715,0.8612173343069747
26025,LOF,0.1481848674294955,0.0945647984770503,0.7572503340934543
26026,LOF,0.3278941958465137,0.029648015331619836,0.6424577888218664
26027,LOF,0.060218436175750394,0.019861951251209174,0.9199196125730404
26028,LOF,0.16509715522120968,0.07003558759247276,0.7648672571863174
26029,LOF,0.07191039265920161,0.1508959664844947,0.7771936408563037
26030,LOF,0.0217699482574232,0.03590861245144812,0.9423214392911288
26031,LOF,0.026284232528825655,0.10878172535836807,0.8649340421128062
26032,LOF,0.06760933524196111,0.048719714016149794,0.8836709507418891
26033,LOF,0.08913026012688119,0.049192487454238,0.8616772524188808
26034,LOF,0.044975297587647456,0.1266175928587772,0.8284071095535753
26035,LOF,0.025709393375855948,0.12336184737342844,0.8509287592507155
26036,LOF,0.03895072820997772,0.13855242271796306,0.8224968490720592
26037,LOF,0.02087122792756914,0.09853552175600684,0.8805932503164241
26038,LOF,0.06327495440246975,0.050606344406568214,0.886118701190962
26039,LOF,0.051902423646089886,0.12115501931324967,0.8269425570406604
26040,LOF,0.2082367855366524,0.0928204885863578,0.6989427258769898
26041,LOF,0.021338458488479643,0.09228141535786807,0.8863801261536524
26042,LOF,0.019927737580842354,0.08548374576075363,0.894588516658404
26043,LOF,0.06394393619320302,0.05951052959102454,0.8765455342157725
26044,LOF,0.019075439698966433,0.04472539540001492,0.9361991649010186
26045,LOF,0.07063453005487251,0.0815924049684492,0.8477730649766784
26046,LOF,0.05866106109699682,0.0492380947827432,0.8921008441202599
26047,LOF,0.07447680808352347,0.052173527060073964,0.8733496648564025
26048,LOF,0.04451196269078691,0.03272314282862284,0.9227648944805904
26049,Neutral,0.9668787787744038,0.005418859390051893,0.027702361835544368
26050,Neutral,0.9510816080915444,0.006744520578540885,0.042173871329914646
26051,LOF,0.041338998048637984,0.2690075667069012,0.6896534352444609
26052,LOF,0.05729870930388694,0.3103482834793907,0.6323530072167225
26053,LOF,0.055659972043709635,0.1622506090332883,0.782089418923002
26054,LOF,0.050697636526630764,0.018128765562460014,0.9311735979109093
26055,LOF,0.06750574336723915,0.01613070684245005,0.9163635497903108
26056,LOF,0.059503132315223736,0.018356474631775695,0.9221403930530007
26057,LOF,0.03221655155715158,0.012616437711894685,0.9551670107309538
26058,LOF,0.033204538870313556,0.010405379150218361,0.9563900819794682
26059,LOF,0.2657981046304918,0.02262623177959661,0.7115756635899115
26060,LOF,0.042017158450605815,0.17880847503484681,0.7791743665145473
26061,LOF,0.01749141522480589,0.013755326862549662,0.9687532579126445
26062,LOF,0.009518370731846817,0.01785045168853004,0.972631177579623
26063,LOF,0.019151089218844453,0.010856510363007676,0.9699924004181479
26064,LOF,0.02075298482889538,0.02668436207270846,0.9525626530983962
26065,LOF,0.024225947412530802,0.011632269703693294,0.9641417828837758
26066,LOF,0.02007015352106596,0.010874139841631684,0.9690557066373022
26067,LOF,0.027106901934704393,0.008468137002704363,0.9644249610625911
26068,LOF,0.04270694602496054,0.02951529904363751,0.927777754931402
26069,LOF,0.2449486048839756,0.018664259710417033,0.7363871354056074
26070,LOF,0.38150967974318806,0.01686988675286753,0.6016204335039443
26071,LOF,0.01946126584055925,0.011736160951376286,0.9688025732080645
26072,LOF,0.017263815633566597,0.019260733534039183,0.9634754508323942
26073,LOF,0.018845335247441437,0.01146481006213019,0.9696898546904285
26074,Neutral,0.9155826993574642,0.005975749856460959,0.07844155078607491
26075,LOF,0.04658140263663142,0.014254756426229675,0.9391638409371388
26076,LOF,0.03626823710316845,0.009084860537583245,0.9546469023592482
26077,LOF,0.00915399330390341,0.015195212474592072,0.9756507942215045
26078,LOF,0.013264867461178154,0.012705072992954907,0.974030059545867
26079,LOF,0.061301034140978976,0.01745329892443229,0.9212456669345888
26080,LOF,0.060483708079509,0.01746439863417734,0.9220518932863137
26081,LOF,0.033553987143479035,0.006583583543255207,0.9598624293132657
26082,LOF,0.01195765287981663,0.015378521739127092,0.9726638253810562
26083,LOF,0.17722655210307237,0.014555205978520785,0.8082182419184069
26084,LOF,0.0420652352065531,0.012815771761559073,0.9451189930318877
26085,LOF,0.03813479217861063,0.012216191705810292,0.9496490161155791
26086,LOF,0.020140138407302794,0.011337090322649918,0.9685227712700474
26087,LOF,0.023307002526910193,0.008503193673039693,0.96818980380005
26088,LOF,0.015428765922822654,0.024566218864995864,0.9600050152121815
26089,LOF,0.04151889986267716,0.02129423921643034,0.9371868609208924
26090,LOF,0.04074324160448059,0.017325420032150166,0.9419313383633692
26091,LOF,0.031597448502200705,0.0061791295655167135,0.9622234219322825
26092,LOF,0.021209827441880245,0.008096797643374723,0.9706933749147449
26093,LOF,0.03297083072046439,0.006139957533597718,0.9608892117459378
26094,LOF,0.033121789737545086,0.006200697589440768,0.9606775126730143
26095,LOF,0.0370408662211688,0.015297497046110517,0.9476616367327206
26096,LOF,0.015718018392880274,0.011844488155949828,0.9724374934511699
26097,LOF,0.01103814781850561,0.0404774599866457,0.9484843921948487
26098,LOF,0.0743880363668403,0.01182620622477056,0.9137857574083892
26099,LOF,0.01975258611484708,0.012920848648854408,0.9673265652362985
26100,LOF,0.021685720266297847,0.01232460010364059,0.9659896796300617
26101,LOF,0.042624659051246364,0.017005196099540622,0.940370144849213
26102,LOF,0.019713632312733636,0.012067935566908878,0.9682184321203574
26103,Neutral,0.8813124579170778,0.019128962159653064,0.0995585799232692
26104,LOF,0.07798173169371567,0.02496419140648888,0.8970540768997953
26105,LOF,0.1882222424307077,0.29336917951436603,0.5184085780549262
26106,LOF,0.15757966520034397,0.13163346693386893,0.7107868678657872
26107,LOF,0.23629407708159997,0.09054763941109858,0.6731582835073014
26108,LOF,0.20822027444976507,0.10261116752046591,0.6891685580297691
26109,LOF,0.09172253865761275,0.054932146119706725,0.8533453152226805
26110,LOF,0.21809961502206673,0.007207194468193152,0.7746931905097401
26111,Neutral,0.5105668471398853,0.029631498458360665,0.4598016544017539
26112,LOF,0.03458580338675865,0.007587388854035394,0.957826807759206
26113,LOF,0.06616585146510595,0.015922535083396246,0.9179116134514977
26114,LOF,0.02573728214468083,0.03284117317021357,0.9414215446851056
26115,LOF,0.09574189197218196,0.057453730901482855,0.8468043771263352
26116,LOF,0.06446869161074466,0.06488572862119232,0.870645579768063
26117,LOF,0.4431751539121613,0.043775557702783276,0.5130492883850554
26118,LOF,0.03395537786607294,0.025944146825198952,0.9401004753087281
26119,LOF,0.024365240535683428,0.035793878905598965,0.9398408805587175
26120,LOF,0.024803498573433745,0.020396999282415843,0.9547995021441504
26121,LOF,0.039502559797503195,0.08418335639490976,0.876314083807587
