feature0,prediction,LoGoFunc_Neutral,LoGoFunc_GOF,LoGoFunc_LOF
25546,Neutral,0.5856906446572034,0.049529609655493384,0.3647797456873032
25547,Neutral,0.49490659712081525,0.07106505897616876,0.4340283439030159
25548,Neutral,0.4985890499046463,0.06159413344261466,0.43981681665273903
25549,LOF,0.4509875933044006,0.059671773039033586,0.4893406336565658
25550,LOF,0.36223889373784174,0.07194463002916204,0.5658164762329962
25551,LOF,0.3172626907693383,0.07505120080881256,0.6076861084218491
25552,LOF,0.27706232231893074,0.08281222294696419,0.6401254547341051
25553,Neutral,0.7805340291045502,0.042466196355819455,0.1769997745396304
25554,LOF,0.31413544799280313,0.07569349810332061,0.6101710539038764
25555,LOF,0.2701234354567488,0.07625748288756003,0.6536190816556913
25556,LOF,0.4393135470954525,0.06913039472764246,0.49155605817690506
25557,LOF,0.25484207214419824,0.07641583531290051,0.6687420925429014
25558,LOF,0.31438522470997676,0.06909449047126738,0.6165202848187559
25559,LOF,0.24536563525524988,0.03604962424508302,0.718584740499667
25560,LOF,0.09031642762297178,0.19956286924413394,0.7101207031328943
25561,LOF,0.09166521163410778,0.2898948245742308,0.6184399637916614
25562,LOF,0.036504964173102415,0.12093620427126195,0.8425588315556356
25563,LOF,0.00663833437071477,0.2039605996787394,0.7894010659505458
25564,LOF,0.07101724672245147,0.12825572622020598,0.8007270270573426
25565,LOF,0.1925116930120103,0.13527947370378618,0.6722088332842036
25566,GOF,0.06262640765089414,0.798544499124156,0.13882909322494982
25567,LOF,0.04547618313397223,0.18137953725780673,0.7731442796082211
25568,LOF,0.06198548903263007,0.10287799362682115,0.8351365173405487
25569,LOF,0.06447741265220083,0.09723565322322861,0.8382869341245706
25570,LOF,0.025588301240778988,0.16018083190728322,0.8142308668519378
25571,LOF,0.02549071996066071,0.16776078530491584,0.8067484947344233
25572,LOF,0.0533779092788368,0.23718865097968095,0.7094334397414822
25573,LOF,0.06614199441228645,0.1478056592566903,0.7860523463310232
25574,LOF,0.07741457665352837,0.302379064090176,0.6202063592562955
25575,LOF,0.025048304639112073,0.18403017848423506,0.7909215168766528
25576,LOF,0.025982525030586835,0.2554175929763708,0.7185998819930424
25577,LOF,0.02777454151802243,0.20738965789563663,0.7648358005863409
25578,LOF,0.30025401494818416,0.10090677432780443,0.5988392107240114
25579,LOF,0.2122011962512044,0.10122029866891366,0.6865785050798819
25580,LOF,0.02235550682872152,0.10705688994404883,0.8705876032272297
25581,LOF,0.046186642172391594,0.11203954868429243,0.841773809143316
25582,LOF,0.04563157723718112,0.10907735104438038,0.8452910717184385
25583,LOF,0.03123154240227517,0.12200890719916224,0.8467595503985625
25584,Neutral,0.7044896884250085,0.14730387503947562,0.14820643653551582
25585,LOF,0.025817783739704215,0.18857394411335437,0.7856082721469414
25586,LOF,0.02061009195782431,0.1386068380521273,0.8407830699900485
25587,LOF,0.019627060555028532,0.1319315179889491,0.8484414214560224
25588,LOF,0.025125059876280158,0.10243371135444176,0.8724412287692781
25589,Neutral,0.5316682020298812,0.2741882997121948,0.19414349825792387
25590,LOF,0.05287343731783126,0.15799948166994401,0.7891270810122247
25591,LOF,0.10279888743049886,0.0929895432930489,0.8042115692764522
25592,LOF,0.0761827601121206,0.19746226114116958,0.7263549787467098
25593,LOF,0.11841056952177006,0.3819963196197469,0.49959311085848296
25594,LOF,0.04612757753286894,0.040460854814489515,0.9134115676526416
25595,LOF,0.05400233640376033,0.021919959997990013,0.9240777035982496
25596,LOF,0.11268127783691162,0.01564294603773809,0.8716757761253503
25597,LOF,0.08780001838529128,0.015106371920147549,0.8970936096945612
25598,LOF,0.04943770710773976,0.024397063697187242,0.9261652291950729
25599,LOF,0.02595806037800776,0.3931936265979292,0.5808483130240629
25600,LOF,0.17952352272897062,0.3710522095981435,0.449424267672886
25601,LOF,0.04613675835182317,0.2882987161228442,0.6655645255253326
25602,LOF,0.03399902478811639,0.07431471051012761,0.891686264701756
25603,LOF,0.04861198862913065,0.06754948646120842,0.8838385249096609
25604,LOF,0.057783644222445876,0.1320474882453854,0.8101688675321688
25605,LOF,0.056240302774719676,0.1834171920978936,0.7603425051273868
25606,LOF,0.3688939492247617,0.2509806618854812,0.380125388889757
25607,LOF,0.030013873935633924,0.26951184224459396,0.7004742838197721
25608,LOF,0.048145799913523024,0.08987634587847133,0.8619778542080057
25609,GOF,0.21149333159053843,0.49494411681614014,0.2935625515933214
25610,LOF,0.018561371305526052,0.08195255457600505,0.8994860741184689
25611,LOF,0.01377412579399461,0.08558516777385829,0.900640706432147
25612,LOF,0.06080244809875782,0.09761268726419092,0.8415848646370513
25613,LOF,0.05525270923990316,0.09110454187723917,0.8536427488828577
25614,LOF,0.022579837741125774,0.07825513961724735,0.8991650226416268
25615,LOF,0.05105018725354929,0.06451014258723628,0.8844396701592144
25616,LOF,0.06386674253748463,0.08317450464608732,0.852958752816428
25617,LOF,0.04894986842917713,0.08976107681099077,0.8612890547598322
25618,LOF,0.05068084888038429,0.14953708404577046,0.7997820670738452
25619,LOF,0.013412999973173573,0.11104161140772477,0.8755453886191017
25620,LOF,0.04837288330120944,0.08577012805959176,0.8658569886391988
25621,LOF,0.07522504874576927,0.0720656221981078,0.852709329056123
25622,LOF,0.0848340898685659,0.08017499512916242,0.8349909150022716
25623,LOF,0.06707410910566698,0.08247070611157467,0.8504551847827584
25624,LOF,0.021504339627436718,0.08299536703929135,0.8955002933332719
25625,LOF,0.06895626584266555,0.080230479939846,0.8508132542174884
25626,LOF,0.053622995042520855,0.08701401090146439,0.8593629940560147
25627,Neutral,0.8878967994074273,0.025553913512485177,0.08654928708008769
25628,LOF,0.18226498333853544,0.07412372141000537,0.7436112952514592
25629,LOF,0.0696060630050209,0.0708182868699873,0.8595756501249918
25630,LOF,0.30815680700356274,0.07782525884892472,0.6140179341475125
25631,Neutral,0.5190369025541017,0.05382379462251449,0.42713930282338375
25632,LOF,0.03129434537133065,0.14517293724029684,0.8235327173883725
25633,LOF,0.20383768497916327,0.07867939542412827,0.7174829195967084
25634,LOF,0.04366614879860883,0.11887922628827194,0.8374546249131193
25635,LOF,0.0343251570468346,0.06614187925853045,0.8995329636946349
25636,GOF,0.03534238783147619,0.5405485647537672,0.4241090474147566
25637,GOF,0.0404814926461011,0.5722878866886993,0.3872306206651994
25638,GOF,0.02000487435059858,0.5103206378418179,0.46967448780758353
25639,LOF,0.03224562280869714,0.4739139779866072,0.4938403992046956
25640,Neutral,0.8018023856604175,0.1458438845298421,0.05235372980974044
25641,LOF,0.13558243954655907,0.30360750502846867,0.5608100554249723
25642,LOF,0.10996095789966748,0.13875256648100048,0.751286475619332
25643,LOF,0.29273267232672917,0.08239135098153523,0.6248759766917356
25644,GOF,0.010179708028384643,0.6094653140531846,0.3803549779184307
25645,GOF,0.01467422511337567,0.5840483041381963,0.4012774707484282
25646,LOF,0.024076016819633946,0.3966469815192062,0.5792770016611599
25647,LOF,0.010238083078672995,0.29494877916940787,0.6948131377519191
25648,LOF,0.015525524987876009,0.3458793856507673,0.6385950893613567
25649,LOF,0.008992680641434277,0.2832177847141753,0.7077895346443903
25650,GOF,0.037420919689807194,0.568066186408339,0.3945128939018538
25651,LOF,0.012564564814990334,0.3659365069674295,0.6214989282175801
25652,LOF,0.012789936260488376,0.41639036353946185,0.5708197002000498
25653,GOF,0.051766920227197935,0.5730215561878383,0.3752115235849637
25654,LOF,0.012570316128067138,0.2905615836096588,0.6968681002622741
25655,GOF,0.13702952921353154,0.6122063254159855,0.25076414537048275
25656,LOF,0.22181981574852577,0.053102495526496415,0.7250776887249778
25657,LOF,0.03419725437515326,0.06368007596867621,0.9021226696561705
25658,LOF,0.272814752755858,0.08610005053252963,0.6410851967116125
25659,LOF,0.371226134367825,0.10748320777830164,0.5212906578538733
25660,LOF,0.021474958435792085,0.10372077196817453,0.8748042695960334
25661,LOF,0.06943994366904059,0.064769638866014,0.8657904174649454
25662,LOF,0.026464305130249857,0.040421288211456616,0.9331144066582936
25663,LOF,0.02800127321820489,0.038752650173488626,0.9332460766083065
25664,LOF,0.09438387732825661,0.06679784244098574,0.8388182802307576
25665,LOF,0.0563317784183232,0.03925731565355757,0.9044109059281191
25666,LOF,0.07107404615201932,0.06035014910747956,0.8685758047405011
25667,LOF,0.05818959863050941,0.045243412193697104,0.8965669891757935
25668,LOF,0.028649778422488108,0.056194823332403936,0.915155398245108
25669,LOF,0.020283968809670757,0.05300352028892086,0.9267125109014085
25670,LOF,0.12146391565382703,0.05119017540505052,0.8273459089411225
25671,LOF,0.08525624520604293,0.04089573419209863,0.8738480206018585
25672,LOF,0.04852186198680087,0.062022753251718375,0.8894553847614807
25673,LOF,0.07490349988650016,0.04909327320044522,0.8760032269130547
25674,LOF,0.07240971085877212,0.062331416918682096,0.8652588722225457
25675,LOF,0.07374244558925264,0.0742918580632901,0.8519656963474572
25676,LOF,0.015540810530266479,0.06724185385143332,0.9172173356183002
25677,LOF,0.015723097099298314,0.08456996675609685,0.8997069361446048
25678,LOF,0.15940242416706366,0.0995255990578949,0.7410719767750414
25679,LOF,0.11014997263568779,0.0998817810083642,0.7899682463559481
25680,LOF,0.0245680458082003,0.12720810411671524,0.8482238500750844
25681,LOF,0.038928572535198346,0.11239866155758066,0.848672765907221
25682,LOF,0.10866679128087449,0.07433907649730591,0.8169941322218195
25683,LOF,0.09371314819310873,0.09325153528192708,0.8130353165249642
25684,LOF,0.02575252087824366,0.06261138016945357,0.9116360989523028
25685,LOF,0.11775295468086254,0.11411739055170232,0.7681296547674351
25686,LOF,0.08782666157937798,0.18087675363054323,0.7312965847900788
25687,LOF,0.12619861942047705,0.1649528799231424,0.7088485006563806
25688,LOF,0.47473669456409856,0.02330775965053187,0.5019555457853696
25689,LOF,0.28332213020936575,0.03289949044868785,0.6837783793419464
25690,LOF,0.3996171371234694,0.020045771884447856,0.5803370909920827
25691,Neutral,0.7397500434279649,0.02041657410042807,0.23983338247160688
25692,LOF,0.40434442214444,0.009092681588998723,0.5865628962665613
25693,GOF,0.036939564897671064,0.49917329104429325,0.46388714405803566
25694,LOF,0.11175982284037507,0.017390213512036408,0.8708499636475885
25695,LOF,0.1107477540172277,0.008030013244615213,0.8812222327381571
25696,LOF,0.1061551737642346,0.010395357806461263,0.8834494684293042
25697,LOF,0.049310022647675034,0.060379609749880804,0.8903103676024442
25698,LOF,0.2716449915632685,0.25979744516361636,0.46855756327311515
25699,LOF,0.4571335223257799,0.03609393750776332,0.5067725401664569
25700,LOF,0.05814942457851677,0.008763584561798812,0.9330869908596845
25701,LOF,0.21023544084760382,0.02901502179608985,0.7607495373563063
25702,GOF,0.17649021235080126,0.6455232392735952,0.17798654837560357
25703,LOF,0.01745460270437042,0.1629213688005306,0.819624028495099
25704,LOF,0.0366004005462197,0.11124279502501037,0.85215680442877
25705,LOF,0.0374481795873844,0.0867904557020119,0.8757613647106037
25706,GOF,0.09579439967707429,0.49230138696080605,0.41190421336211963
25707,LOF,0.08668793630341123,0.4210913446900062,0.49222071900658243
25708,LOF,0.030539434562897757,0.40284639991741744,0.5666141655196848
25709,LOF,0.06779608333844234,0.038522727382832474,0.8936811892787252
25710,LOF,0.015743233152594613,0.16270897296984485,0.8215477938775605
25711,LOF,0.018992428005211653,0.08311052581838273,0.8978970461764058
25712,LOF,0.0161941163455157,0.2196053350592932,0.7642005485951912
25713,LOF,0.01812543810832334,0.07462236570711182,0.9072521961845648
25714,LOF,0.08124300794874392,0.0545287943897668,0.8642281976614894
25715,LOF,0.011409277249750107,0.12001502627075565,0.8685756964794943
25716,LOF,0.011679707930742998,0.11873822495322167,0.8695820671160354
25717,LOF,0.019266227506099392,0.07191463459462538,0.9088191378992752
25718,LOF,0.011425033957902472,0.049712549912160536,0.9388624161299369
25719,LOF,0.021988407418461278,0.06945972896219128,0.9085518636193474
25720,LOF,0.02810749588328842,0.04888333108107215,0.9230091730356393
25721,LOF,0.011141591669157024,0.07150249985785136,0.9173559084729916
25722,LOF,0.012836461547495797,0.05865280482686643,0.9285107336256379
25723,LOF,0.023868042236489622,0.040265523520740386,0.93586643424277
25724,LOF,0.03163630090353594,0.08295790384952165,0.8854057952469423
25725,LOF,0.010922561745671302,0.07124308774385245,0.9178343505104762
25726,LOF,0.01622660498444285,0.08946929998816198,0.8943040950273953
25727,LOF,0.013163816558351573,0.056611488719447225,0.9302246947222012
25728,LOF,0.010648981118613149,0.07445291985375875,0.914898099027628
25729,LOF,0.010484351011917772,0.07935198461840555,0.9101636643696768
25730,LOF,0.014126804651745078,0.07717186239190996,0.9087013329563449
25731,LOF,0.01739543662048981,0.10224933209525844,0.8803552312842516
25732,LOF,0.013346247847313796,0.049183463680660046,0.9374702884720262
25733,LOF,0.014052753602399864,0.061936419636361165,0.9240108267612389
25734,LOF,0.011781817022248266,0.1312156840395596,0.8570024989381921
25735,LOF,0.01079021531361733,0.062163371861292185,0.9270464128250904
25736,LOF,0.011829478536145542,0.0696479869360718,0.9185225345277827
25737,LOF,0.012457305094461604,0.11304995939765126,0.8744927355078871
25738,LOF,0.012118191728777691,0.1075254973444029,0.8803563109268193
25739,LOF,0.020332959074383962,0.07129586460330017,0.9083711763223158
25740,LOF,0.029649948583840423,0.1190229518493617,0.8513270995667978
25741,LOF,0.01521829636958805,0.11281221452644981,0.8719694891039621
25742,LOF,0.1280353129171512,0.07595875479824385,0.7960059322846049
25743,LOF,0.04814470149984819,0.06622076438347889,0.885634534116673
25744,Neutral,0.6088850657685206,0.26368478697783015,0.12743014725364912
25745,LOF,0.055380544490076865,0.09538502712561392,0.8492344283843093
25746,LOF,0.03978616787601127,0.12670954664655143,0.8335042854774374
25747,LOF,0.016859953903632992,0.1363652640363785,0.8467747820599886
25748,LOF,0.0999805885920752,0.22857454347299458,0.6714448679349302
25749,LOF,0.0224834080607412,0.10817747626893816,0.8693391156703206
25750,LOF,0.06120452738418615,0.12542661527459556,0.8133688573412183
25751,LOF,0.10379657882185298,0.17192852087275362,0.7242749003053934
25752,GOF,0.1144310009592932,0.6203673867274465,0.26520161231326017
25753,LOF,0.03282044706538349,0.32986984786863893,0.6373097050659776
25754,GOF,0.01955278723021364,0.7761961630394186,0.2042510497303676
25755,LOF,0.03444758646110512,0.3237641240957962,0.6417882894430986
25756,LOF,0.06815213721434073,0.40861114292167433,0.523236719863985
25757,GOF,0.017334075372569573,0.8672161860291941,0.11544973859823643
25758,GOF,0.025963414333639974,0.7880895385198765,0.1859470471464836
25759,GOF,0.013178188387880095,0.660446398949746,0.32637541266237396
25760,LOF,0.01722427020462557,0.3843488797168791,0.5984268500784954
25761,GOF,0.25068503521191704,0.6408619742839149,0.10845299050416807
25762,LOF,0.0488462648727216,0.34660661043042934,0.6045471246968491
25763,LOF,0.015309492736898796,0.26391551226084675,0.7207749950022545
25764,GOF,0.05930580452403149,0.6898430449124388,0.2508511505635297
25765,GOF,0.031366781273636415,0.7843448540810425,0.1842883646453211
25766,GOF,0.08581932100590295,0.7142647944432878,0.19991588455080916
25767,LOF,0.16216351772935297,0.38495452770615474,0.4528819545644922
25768,LOF,0.12230982051927981,0.03586136079593177,0.8418288186847884
25769,LOF,0.0490498268926819,0.06721691672657314,0.8837332563807451
25770,LOF,0.3973144706928938,0.11686502205104402,0.4858205072560622
25771,LOF,0.07457506529587887,0.05444633982088713,0.870978594883234
25772,LOF,0.018868811615312484,0.05416259451463482,0.9269685938700526
25773,LOF,0.07487370963537289,0.05782988776285445,0.8672964026017727
25774,LOF,0.02898689362395653,0.1270947982805747,0.8439183080954689
25775,LOF,0.08031096800006737,0.044790302179822744,0.87489872982011
25776,LOF,0.06641784506293295,0.03599073232842926,0.8975914226086378
25777,Neutral,0.5317122280293921,0.0776160831273647,0.3906716888432431
25778,LOF,0.06796163577996285,0.05246061170370437,0.8795777525163327
25779,GOF,0.41941082407130775,0.5291210461496824,0.05146812977900998
25780,GOF,0.3442957315738936,0.5569653626827203,0.09873890574338609
25781,GOF,0.10251850918972266,0.7644518774969807,0.13302961331329666
25782,GOF,0.15470697374353257,0.7353938709891719,0.10989915526729542
25783,GOF,0.021640110521624786,0.6744834631014176,0.30387642637695766
25784,Neutral,0.5360345468930664,0.4093062853142871,0.054659167792646526
25785,Neutral,0.4871094622553342,0.4427796386948668,0.07011089904979904
25786,GOF,0.025176961413773014,0.711356353580693,0.26346668500553394
25787,Neutral,0.6901141383588979,0.2674669461255595,0.042418915515542714
25788,LOF,0.057473834480447086,0.08145822339236045,0.8610679421271925
25789,GOF,0.19961173998311593,0.627189924070825,0.173198335946059
25790,GOF,0.24398794519509776,0.6354233652594798,0.1205886895454225
25791,GOF,0.11148881236406648,0.6379945113536056,0.25051667628232777
25792,GOF,0.3161117907791587,0.4928662806418997,0.19102192857894174
25793,GOF,0.24041142378311806,0.4843012235938798,0.27528735262300225
25794,GOF,0.3262852076399039,0.41411849369837783,0.2595962986617183
25795,GOF,0.055530110663729836,0.658960421059005,0.2855094682772652
25796,Neutral,0.5239720528992091,0.380726407425169,0.09530153967562176
25797,GOF,0.07210748743225176,0.49929287306202236,0.4285996395057258
25798,GOF,0.009769941459555297,0.5074956501997785,0.48273440834066617
25799,LOF,0.008167602749893569,0.43615831809998973,0.5556740791501168
25800,GOF,0.03413587441033783,0.591738654689026,0.37412547090063614
25801,GOF,0.2502551273826574,0.6121621239377356,0.13758274867960696
25802,GOF,0.06788934612477697,0.6024868017703809,0.329623852104842
25803,GOF,0.03890448498077757,0.4941854453345199,0.4669100696847025
25804,LOF,0.03526494904367602,0.44070306288828043,0.5240319880680435
25805,GOF,0.08643713924158788,0.5232043444993236,0.3903585162590886
25806,GOF,0.12148821651608546,0.5474181588729048,0.3310936246110098
25807,GOF,0.020150643605832838,0.5720081044802587,0.4078412519139084
25808,GOF,0.08972098686998567,0.5147562003872239,0.3955228127427905
25809,GOF,0.01877352596487249,0.5697709289683448,0.41145554506678267
25810,GOF,0.019396989313852874,0.5578530832580796,0.42274992742806744
25811,Neutral,0.4707636843834187,0.44745979514831097,0.0817765204682704
25812,GOF,0.034302500288375344,0.5645713997892594,0.4011260999223653
25813,Neutral,0.5835909110062596,0.2766570037701315,0.13975208522360896
25814,GOF,0.1131373544046937,0.5827584078120327,0.3041042377832735
25815,GOF,0.2533023593647435,0.5231736775743316,0.22352396306092487
25816,GOF,0.018667165976465713,0.6427367172139342,0.3385961168096001
25817,GOF,0.18998847601759322,0.6587671802028259,0.151244343779581
25818,GOF,0.032824882690392784,0.5362751132086403,0.4309000041009669
25819,GOF,0.34269894370627574,0.4493893304005054,0.2079117258932188
25820,GOF,0.17508282407572862,0.5725602429366248,0.25235693298764666
25821,GOF,0.05486636004626695,0.6427356010377699,0.302398038915963
25822,GOF,0.2521555616013692,0.4609609522398284,0.2868834861588024
25823,LOF,0.03157217130749381,0.4353335420583463,0.5330942866341599
25824,GOF,0.07755464523331801,0.47922788407857647,0.4432174706881055
25825,GOF,0.02789338316458888,0.4923403798936063,0.47976623694180487
25826,LOF,0.009916884540287224,0.4731940925385655,0.5168890229211474
25827,GOF,0.01814043333896266,0.5368159546838549,0.4450436119771825
25828,LOF,0.012738841253588472,0.4503411152732796,0.536920043473132
25829,GOF,0.007035414480150636,0.5265326794055387,0.4664319061143107
25830,LOF,0.03564764647240526,0.28788317591184986,0.6764691776157449
25831,GOF,0.11112229330178817,0.735256155750132,0.15362155094807967
25832,GOF,0.033817434965490514,0.646841122358087,0.31934144267642256
25833,GOF,0.10695319429104104,0.6415072199206778,0.25153958578828106
25834,GOF,0.03907882180030033,0.6307650059616284,0.3301561722380713
25835,GOF,0.0907500908846275,0.5770395072922273,0.3322104018231452
25836,GOF,0.04569993376984224,0.5967921019324214,0.35750796429773635
25837,GOF,0.02330264131535015,0.4894779348799237,0.48721942380472616
25838,GOF,0.08642060532030146,0.6808601517318217,0.2327192429478769
25839,GOF,0.2553844235523764,0.5282729126438777,0.21634266380374595
25840,GOF,0.18971849771084265,0.562175427331672,0.24810607495748527
25841,GOF,0.23974156117863737,0.5404817958252893,0.21977664299607327
25842,GOF,0.15098136856057362,0.6060532927002629,0.24296533873916346
25843,GOF,0.21254504804282348,0.6182689339768166,0.16918601798036007
25844,GOF,0.05566036814376718,0.5961643160705393,0.3481753157856935
25845,LOF,0.01269675397892824,0.4629733631651284,0.5243298828559434
25846,GOF,0.08446203289801814,0.7116599368450813,0.20387803025690052
25847,GOF,0.10913763516058732,0.7173222503324318,0.17354011450698079
25848,GOF,0.03496478568356667,0.6125995912327109,0.35243562308372245
25849,GOF,0.010955927808247825,0.5108768957783839,0.4781671764133683
25850,GOF,0.02377797997431013,0.5709325322030646,0.40528948782262525
25851,LOF,0.01980046044663589,0.4807103623146816,0.49948917723868264
25852,GOF,0.12007262027133678,0.555129950502147,0.3247974292265163
25853,GOF,0.3116649947056274,0.5836203691837428,0.10471463611062959
25854,GOF,0.018924472100507565,0.6567470203286481,0.32432850757084425
25855,GOF,0.04319127958139353,0.5920812750329856,0.3647274453856209
25856,GOF,0.25000853310635646,0.5278060455369782,0.22218542135666533
25857,GOF,0.0322171838623709,0.5133181139888687,0.45446470214876034
25858,GOF,0.016544047435327874,0.5819704423551153,0.40148551020955675
25859,GOF,0.009386225570446468,0.5749560209386101,0.41565775349094347
25860,GOF,0.31901935164495615,0.5627252609150607,0.11825538743998323
25861,GOF,0.32362698703195314,0.5781664904204645,0.09820652254758243
25862,GOF,0.05897347341080843,0.7689382968536349,0.1720882297355566
25863,GOF,0.06330125780932234,0.7797856278266957,0.1569131143639818
25864,GOF,0.11827360775696154,0.7812132119530849,0.10051318028995358
25865,GOF,0.0680953956882249,0.7783243997972115,0.15358020451456364
25866,GOF,0.05704171348972508,0.7935006215005526,0.14945766500972224
25867,GOF,0.070062269986703,0.7945366896612366,0.13540104035206046
25868,GOF,0.2368799036871785,0.6220963323102497,0.1410237640025718
25869,Neutral,0.6633846505889277,0.2833278102733459,0.05328753913772629
25870,LOF,0.24583864876217024,0.2701678654682868,0.483993485769543
25871,GOF,0.2117422063251779,0.6227155824059509,0.16554221126887117
25872,GOF,0.07493698469032224,0.6115137768280289,0.3135492384816489
25873,GOF,0.14102088812508884,0.6096048420834984,0.24937426979141272
25874,LOF,0.02116595357562776,0.08684453346229987,0.8919895129620723
25875,LOF,0.06983605722923535,0.08235035824998327,0.8478135845207813
25876,LOF,0.025635059104822576,0.07347951324269131,0.9008854276524861
25877,Neutral,0.5298510902969127,0.07360593575810517,0.39654297394498217
25878,LOF,0.24874729869618373,0.1405214484597012,0.6107312528441151
25879,LOF,0.12473226358697485,0.16222204982609587,0.7130456865869294
25880,LOF,0.021692285081228634,0.02864093511654146,0.94966677980223
25881,LOF,0.1978343374416955,0.24371127264073983,0.5584543899175647
25882,LOF,0.07417015210621689,0.020662876328032646,0.9051669715657504
25883,LOF,0.08413255173921029,0.048592830426999925,0.8672746178337897
25884,LOF,0.046484091656198157,0.05206669382165479,0.9014492145221471
25885,LOF,0.057413241177704966,0.02926760994265834,0.9133191488796366
25886,LOF,0.3751445672897708,0.11579442561205107,0.509061007098178
25887,LOF,0.1988132421161023,0.16817782553517652,0.6330089323487211
25888,LOF,0.07660453338269493,0.1170523946244069,0.8063430719928981
25889,LOF,0.04076827104619348,0.054383300126717396,0.904848428827089
25890,LOF,0.06278832648046695,0.1638212542342315,0.7733904192853016
25891,LOF,0.05941063517571462,0.05707510650601102,0.8835142583182743
25892,LOF,0.09497626252555898,0.028310548624670338,0.8767131888497707
25893,LOF,0.29491441292584825,0.016212178389120254,0.6888734086850314
25894,LOF,0.16375990736677296,0.009162389975152717,0.8270777026580743
25895,LOF,0.20926180397232838,0.020909071180490908,0.7698291248471807
25896,LOF,0.04449637888723581,0.021399725646848784,0.9341038954659154
25897,LOF,0.21660015229439197,0.01757366948469881,0.7658261782209091
25898,Neutral,0.7469711778999414,0.012717554351598374,0.2403112677484603
25899,LOF,0.2591427927528734,0.03743253063767817,0.7034246766094484
25900,Neutral,0.5678278378070329,0.014901264263530955,0.41727089792943606
25901,LOF,0.05011184494000345,0.012076651439544358,0.9378115036204521
25902,LOF,0.14959967483901943,0.011305226407901797,0.8390950987530789
25903,Neutral,0.5745250467984109,0.030515217781233787,0.39495973542035534
25904,LOF,0.2474825464133597,0.03822662304876735,0.7142908305378729
25905,LOF,0.027214957217119383,0.3650195069023099,0.6077655358805707
25906,LOF,0.023623144894091726,0.07087862699903981,0.9054982281068685
25907,LOF,0.01198792657710381,0.41474074431088737,0.5732713291120088
25908,LOF,0.012414212647642303,0.27965554450785196,0.7079302428445057
25909,LOF,0.014950981504297994,0.15131532797514344,0.8337336905205585
25910,LOF,0.02868125667627821,0.3567745132022306,0.6145442301214913
25911,LOF,0.07694931374650672,0.051863750408035245,0.871186935845458
25912,LOF,0.03254860311196843,0.0915266269534479,0.8759247699345837
25913,LOF,0.251303600759612,0.04531413175914454,0.7033822674812434
25914,LOF,0.024031723325931873,0.11800827630643036,0.8579600003676378
25915,Neutral,0.40711836557435654,0.22980475599898548,0.3630768784266579
25916,LOF,0.05292234702913366,0.27571813989656613,0.6713595130743002
25917,LOF,0.054113012643887994,0.052873306087064934,0.893013681269047
25918,LOF,0.03155012137904077,0.06531525352078242,0.9031346251001768
25919,LOF,0.027751403447329504,0.07058608615951512,0.9016625103931554
25920,GOF,0.10222226692082129,0.4877359318847504,0.41004180119442823
25921,LOF,0.03154922393504595,0.030111463826877065,0.9383393122380771
25922,LOF,0.04484090214905932,0.018864781999153663,0.936294315851787
25923,LOF,0.3858012258161823,0.019427525229614207,0.5947712489542034
25924,LOF,0.03445004844182813,0.0291895589677048,0.9363603925904671
25925,LOF,0.066064522946373,0.03449946741297237,0.8994360096406546
25926,LOF,0.050177701236321065,0.02043434354271694,0.929387955220962
25927,LOF,0.07041049854261489,0.05503449655170039,0.8745550049056846
25928,LOF,0.02357215094448365,0.02181063135463618,0.9546172177008801
25929,Neutral,0.5293664573719699,0.02233421989286156,0.4482993227351686
25930,LOF,0.06568262463643292,0.015920763898148702,0.9183966114654184
25931,LOF,0.02982805068030919,0.018344126419587565,0.9518278229001033
25932,LOF,0.02797868630796154,0.01614793009215681,0.9558733835998817
25933,LOF,0.034744420512749834,0.009655342811474064,0.9556002366757761
25934,LOF,0.02356021866508888,0.012461696328327419,0.9639780850065837
25935,LOF,0.0662223233785674,0.0302068544601375,0.9035708221612951
25936,LOF,0.045358857769997395,0.01756848603703684,0.9370726561929658
25937,LOF,0.035959586498891215,0.024283066658902838,0.939757346842206
25938,LOF,0.06273688213966411,0.03521386451210788,0.902049253348228
25939,LOF,0.04026951579598686,0.010656990526652659,0.9490734936773605
25940,LOF,0.024148416836743687,0.4253880430191288,0.5504635401441276
25941,LOF,0.15353295705654874,0.12488431132292141,0.7215827316205299
25942,LOF,0.012865403945654334,0.03895857205874567,0.9481760239956
25943,LOF,0.336772280517664,0.09943759429448962,0.5637901251878464
25944,Neutral,0.48490455497819834,0.059032988561273994,0.4560624564605278
25945,LOF,0.07055570731818474,0.036406213996905086,0.8930380786849101
25946,LOF,0.03747650636842598,0.1276335418579058,0.8348899517736683
25947,LOF,0.12529598162953307,0.15007661164960223,0.7246274067208647
25948,LOF,0.4198765325798214,0.013376266205183772,0.5667472012149949
25949,LOF,0.09093876580095688,0.05243922282713669,0.8566220113719065
25950,GOF,0.203810694612987,0.4160446857684056,0.3801446196186073
25951,LOF,0.29123150011255355,0.17945963844952798,0.5293088614379184
25952,LOF,0.06344857138084392,0.38383712423741484,0.5527143043817412
25953,LOF,0.13629215315077695,0.10484998308188508,0.758857863767338
25954,LOF,0.33746132311450394,0.23701518607189132,0.4255234908136048
25955,LOF,0.06657557366021355,0.0809502029499674,0.8524742233898192
25956,LOF,0.20898314220169054,0.06852417667052559,0.7224926811277839
25957,LOF,0.04565094830219212,0.02459877811590749,0.9297502735819004
25958,LOF,0.05506430459618194,0.027707335704569246,0.9172283596992488
25959,LOF,0.07705503924816462,0.3454876437906196,0.5774573169612158
25960,LOF,0.022020128194177067,0.05459570344287756,0.9233841683629453
25961,LOF,0.04566043388189323,0.03592152244312763,0.9184180436749791
25962,LOF,0.06388828228269045,0.04251705642871113,0.8935946612885984
25963,LOF,0.06153223212775255,0.20305407590915095,0.7354136919630965
25964,LOF,0.04002451160560186,0.1524600491597454,0.8075154392346527
25965,Neutral,0.48135505602113726,0.08113103868425746,0.43751390529460515
25966,LOF,0.35279806588469453,0.23895020159555758,0.40825173251974795
25967,LOF,0.016091223227035472,0.07663197665308989,0.9072768001198745
25968,LOF,0.04383798257585579,0.4036450865381019,0.5525169308860424
25969,LOF,0.02808322501269243,0.0588435831119082,0.9130731918753994
25970,LOF,0.06960251356917771,0.06416388780524493,0.8662335986255774
25971,LOF,0.08213741399249803,0.03116519301628898,0.886697392991213
25972,LOF,0.08178104955764692,0.0339517343551657,0.8842672160871875
25973,LOF,0.0951150565891454,0.010319931575681124,0.8945650118351736
25974,LOF,0.304732918251182,0.019053566295011627,0.6762135154538064
25975,LOF,0.05484100399325227,0.034873141571932054,0.9102858544348157
25976,LOF,0.03915176045002769,0.024973051755087433,0.9358751877948849
25977,LOF,0.14785813207890283,0.1406665465316583,0.7114753213894389
25978,LOF,0.1225964712743888,0.10318232820481286,0.7742212005207983
25979,LOF,0.12259065842273667,0.09669483909007895,0.7807145024871844
25980,LOF,0.14247981878990973,0.19279246150316878,0.6647277197069216
25981,LOF,0.1780703256614413,0.18730356275589974,0.634626111582659
25982,LOF,0.36894911679586745,0.09353763854638907,0.5375132446577434
25983,LOF,0.36467839215776376,0.0896605315702733,0.5456610762719629
25984,LOF,0.04928654808901358,0.13033660173303746,0.8203768501779489
25985,LOF,0.018996090397270255,0.3540231150183626,0.6269807945843672
25986,LOF,0.025140136722064933,0.33293129089728846,0.6419285723806466
25987,LOF,0.08320775658628467,0.14522160732058267,0.7715706360931327
25988,LOF,0.11182099001409686,0.10607706599158101,0.782101943994322
25989,LOF,0.02454711979207658,0.1907479765652033,0.7847049036427202
25990,LOF,0.03311147533449709,0.1822539685066692,0.7846345561588337
25991,LOF,0.1747015029640986,0.3926812472533707,0.4326172497825307
25992,LOF,0.3414221571201126,0.27475674003726575,0.3838211028426216
25993,LOF,0.0266701688188512,0.08167870280876137,0.8916511283723874
25994,LOF,0.018125418250066753,0.11304523450507391,0.8688293472448593
25995,LOF,0.031013135985657754,0.12925967418474826,0.839727189829594
25996,GOF,0.2053402553470177,0.525386348582169,0.2692733960708133
25997,GOF,0.09718786012409782,0.4791541177469816,0.4236580221289205
25998,Neutral,0.6687614241366094,0.033608131969444684,0.29763044389394594
25999,LOF,0.16764310353933753,0.09409073282586308,0.7382661636347994
26000,LOF,0.08549703261074955,0.028860356726091663,0.8856426106631587
26001,LOF,0.18296752961952595,0.03777767709072745,0.7792547932897467
26002,LOF,0.11732437877045612,0.03567921706638351,0.8469964041631605
26003,GOF,0.010188395676876844,0.6750639748605126,0.3147476294626104
26004,GOF,0.02599941320675321,0.7039230164377679,0.27007757035547886
26005,GOF,0.012363011325338019,0.5582465473835562,0.4293904412911059
26006,Neutral,0.5164858900582175,0.2805080013108294,0.20300610863095309
26007,GOF,0.020685993182724374,0.593307421302607,0.38600658551466865
26008,GOF,0.0233320883321466,0.5821290772046828,0.3945388344631707
26009,GOF,0.03414649040984781,0.6329607409398853,0.332892768650267
26010,GOF,0.022417602393623025,0.7283746411420369,0.24920775646434015
26011,GOF,0.010117255840897342,0.5202676692849194,0.46961507487418336
26012,GOF,0.019518574358755925,0.5737913724372383,0.4066900532040057
26013,GOF,0.015245153281274794,0.7044629088198776,0.28029193789884765
26014,LOF,0.04259101715256999,0.16751529638520335,0.7898936864622267
26015,LOF,0.2101433829658557,0.010166039955047983,0.7796905770790964
26016,LOF,0.2803977656690589,0.05864658116867764,0.6609556531622636
26017,LOF,0.1585164360019787,0.11908424834328828,0.7223993156547329
26018,LOF,0.08430776694103377,0.03498937391856865,0.8807028591403976
26019,LOF,0.0850443278523549,0.02368689062570646,0.8912687815219387
26020,LOF,0.06204862739464428,0.1253491358195201,0.8126022367858357
26021,LOF,0.05366741335749061,0.18129293937156843,0.7650396472709409
26022,LOF,0.010312836261845561,0.07108925316721319,0.9185979105709412
26023,LOF,0.11126594608338644,0.021199353331855415,0.8675347005847581
26024,LOF,0.029238921961000162,0.14439081178657798,0.8263702662524218
26025,LOF,0.1534769576117276,0.08224391423949323,0.7642791281487792
26026,LOF,0.32885767648922504,0.013498812776142437,0.6576435107346326
26027,LOF,0.08015572906352574,0.015648870880976207,0.9041954000554981
26028,LOF,0.18783473811420245,0.09263223820179384,0.7195330236840037
26029,LOF,0.11253220039932035,0.14267928416293318,0.7447885154377464
26030,LOF,0.03408711482310757,0.05488253300971226,0.9110303521671802
26031,LOF,0.0416953977650772,0.12134222446227226,0.8369623777726506
26032,LOF,0.07985599084395764,0.04413703971707532,0.876006969438967
26033,LOF,0.12677098919198895,0.04813560017527626,0.8250934106327348
26034,LOF,0.06529368021780001,0.12093011004007964,0.8137762097421203
26035,LOF,0.04258334918560819,0.10292292975898489,0.8544937210554069
26036,LOF,0.06031499566980245,0.12209823057121966,0.8175867737589779
26037,LOF,0.03567586410362447,0.1039456513017751,0.8603784845946004
26038,LOF,0.07492775294504186,0.03918556303844579,0.8858866840165123
26039,LOF,0.08715678281816422,0.11368380932164719,0.7991594078601885
26040,LOF,0.22805955917182016,0.08371775127901557,0.6882226895491643
26041,LOF,0.03581300275365801,0.09521510487495176,0.8689718923713902
26042,LOF,0.035745430233543624,0.10021556835885087,0.8640390014076055
26043,LOF,0.07281296040555978,0.05240239314613578,0.8747846464483043
26044,LOF,0.033826005823692905,0.05799773449190269,0.9081762596844045
26045,LOF,0.10438004995862483,0.0844776038420705,0.8111423461993047
26046,LOF,0.07767796560084447,0.054180237026718925,0.8681417973724366
26047,LOF,0.1086839324432939,0.06515077381853597,0.8261652937381702
26048,LOF,0.05109306343315793,0.05189920240934333,0.8970077341574987
26049,Neutral,0.9479224099101299,0.00981490012940045,0.04226268996046972
26050,Neutral,0.9277360670776413,0.01066243233814591,0.061601500584212654
26051,LOF,0.06041680445960026,0.384858280521991,0.5547249150184087
26052,LOF,0.057327663430079424,0.47100535441352537,0.4716669821563952
26053,LOF,0.05874090466858325,0.32696711145460733,0.6142919838768095
26054,LOF,0.05456016294555634,0.06087936729354003,0.8845604697609036
26055,LOF,0.07060064503319112,0.05499659175777231,0.8744027632090366
26056,LOF,0.05968550143310284,0.0640762435004679,0.8762382550664293
26057,LOF,0.030752056476094792,0.027032746500836227,0.9422151970230691
26058,LOF,0.03110645984845089,0.02462599103366957,0.9442675491178796
26059,LOF,0.306096445675312,0.07236762534982902,0.621535928974859
26060,LOF,0.029422495615706697,0.3708084727647599,0.5997690316195333
26061,LOF,0.0174889419382927,0.0374216077685201,0.9450894502931871
26062,LOF,0.012985076447409212,0.0508507585828568,0.936164164969734
26063,LOF,0.022348933363448464,0.024032204233169912,0.9536188624033818
26064,LOF,0.023047004075466514,0.031357017738082006,0.9455959781864516
26065,LOF,0.02652654490936488,0.028450142414517942,0.9450233126761173
26066,LOF,0.019966198548758054,0.02897069221673319,0.9510631092345088
26067,LOF,0.023782358727649836,0.02175528474099398,0.9544623565313561
26068,LOF,0.05092187174388345,0.062194915526770984,0.8868832127293456
26069,LOF,0.38884392935574347,0.04290981080795814,0.5682462598362984
26070,Neutral,0.6103502998984747,0.023670913691663315,0.36597878640986203
26071,LOF,0.02371312694822586,0.03075766149573506,0.9455292115560392
26072,LOF,0.02674089455387292,0.04705706017402266,0.9262020452721044
26073,LOF,0.02449848706432491,0.02437272769417007,0.9511287852415051
26074,Neutral,0.8826032092432414,0.010326807024910312,0.10706998373184837
26075,LOF,0.04237216764129116,0.037857777653210925,0.9197700547054979
26076,LOF,0.04354686085654549,0.020049821074742367,0.9364033180687122
26077,LOF,0.010055418456692033,0.04749405225072669,0.9424505292925812
26078,LOF,0.013453669696812586,0.030575172787683735,0.9559711575155035
26079,LOF,0.05224508457212909,0.037620650359348834,0.910134265068522
26080,LOF,0.05224508457212909,0.037620650359348834,0.910134265068522
26081,LOF,0.03215051834721121,0.016549600132066654,0.9512998815207222
26082,LOF,0.0216684774991794,0.04411793027899647,0.9342135922218242
26083,LOF,0.14253356440168885,0.0272109490663016,0.8302554865320094
26084,LOF,0.02803616075062582,0.03489776266202897,0.9370660765873452
26085,LOF,0.023972451762461506,0.03156801774654697,0.9444595304909915
26086,LOF,0.022655624519875822,0.030094886956065145,0.9472494885240591
26087,LOF,0.023593298754531682,0.020952224577079123,0.9554544766683893
26088,LOF,0.024496815426306308,0.046278781330949335,0.9292244032427444
26089,LOF,0.045302924714057835,0.05120050520766096,0.9034965700782813
26090,LOF,0.04337922844779872,0.04026025863045064,0.9163605129217507
26091,LOF,0.03543564642675045,0.014505360479574505,0.9500589930936749
26092,LOF,0.028502620703492163,0.02133876419491171,0.9501586151015962
26093,LOF,0.03719603332440947,0.015051664885076074,0.9477523017905145
26094,LOF,0.041987462274755936,0.013585849441069265,0.9444266882841748
26095,LOF,0.03821351702256322,0.03596268539408577,0.9258237975833511
26096,LOF,0.01710216804720293,0.02933915195607459,0.9535586799967225
26097,LOF,0.010813121416430429,0.10038255133847468,0.888804327245095
26098,LOF,0.05924559166176032,0.03967440501708005,0.9010800033211597
26099,LOF,0.024898382442473995,0.037383731621529415,0.9377178859359966
26100,LOF,0.025940231208221705,0.03425603692796991,0.9398037318638084
26101,LOF,0.05897553052433928,0.029646799354000365,0.9113776701216604
26102,LOF,0.02606076684261834,0.0276152600139237,0.946323973143458
26103,Neutral,0.8822689864812143,0.04548229043617756,0.07224872308260817
26104,LOF,0.05206408714119733,0.07217761182923084,0.8757583010295718
26105,LOF,0.2339846758375244,0.23560445323916993,0.5304108709233057
26106,LOF,0.15713487988997593,0.14980051380412945,0.6930646063058946
26107,LOF,0.23129376740712035,0.12960767453600783,0.6390985580568719
26108,LOF,0.19566633137765693,0.19340530367927,0.6109283649430731
26109,LOF,0.05455639446796771,0.15415978614563416,0.7912838193863981
26110,LOF,0.34284000780017815,0.016792028304098466,0.6403679638957234
26111,Neutral,0.49630702878036287,0.0318968902324134,0.47179608098722375
26112,LOF,0.036361101901521746,0.017585055889874274,0.9460538422086039
26113,LOF,0.060225268022609295,0.033267312296434454,0.9065074196809562
26114,LOF,0.02342003490199984,0.025471055716219083,0.9511089093817812
26115,LOF,0.1015429072732095,0.04458956785594755,0.853867524870843
26116,LOF,0.05390820013336824,0.05619443865746975,0.889897361209162
26117,LOF,0.3136539751097765,0.08674359630750222,0.5996024285827213
26118,LOF,0.0405089070742155,0.05236800826417881,0.9071230846616056
26119,LOF,0.023970533882662785,0.05981728778933935,0.9162121783279978
26120,LOF,0.027692895692960736,0.03723439109006331,0.9350727132169759
26121,LOF,0.06186189898288866,0.09337905126734448,0.8447590497497668
26122,LOF,0.0682964003636333,0.04630406372383836,0.8853995359125284
