feature0,prediction,LoGoFunc_Neutral,LoGoFunc_GOF,LoGoFunc_LOF
25546,Neutral,0.6031497280383173,0.056035298138080135,0.3408149738236025
25547,Neutral,0.46132697040496246,0.09612740365541951,0.44254562593961816
25548,Neutral,0.46747620174336807,0.08493499129543676,0.4475888069611952
25549,LOF,0.3992733412939245,0.08230922410103791,0.5184174346050376
25550,LOF,0.3274191794001865,0.11293566656162272,0.5596451540381908
25551,LOF,0.29400739314859625,0.12281283651333598,0.5831797703380677
25552,LOF,0.25362009304450145,0.11764551359958825,0.6287343933559102
25553,Neutral,0.7935857418822194,0.047148553252230975,0.1592657048655497
25554,LOF,0.2988593816550105,0.10502645092002712,0.5961141674249623
25555,LOF,0.2467244589349458,0.10052647156665481,0.6527490694983994
25556,LOF,0.4211917246754485,0.09561619261034028,0.48319208271421116
25557,LOF,0.23440811401328154,0.10487815592788774,0.6607137300588307
25558,LOF,0.2910686430533287,0.10372617488143251,0.6052051820652388
25559,LOF,0.1835416100233544,0.1227425051179154,0.6937158848587301
25560,LOF,0.16596703903320667,0.09730785297929462,0.7367251079874988
25561,LOF,0.1530119551236595,0.11098198497019014,0.7360060599061503
25562,LOF,0.07393731738543557,0.07239572781094915,0.8536669548036153
25563,LOF,0.022570691394033716,0.1337320470253498,0.8436972615806164
25564,LOF,0.23425853646705683,0.12681383744121275,0.6389276260917305
25565,LOF,0.199430773568253,0.16768148291827098,0.6328877435134761
25566,GOF,0.10377244994537109,0.6954943633912545,0.2007331866633743
25567,LOF,0.038364706602854896,0.1367140614091357,0.8249212319880095
25568,LOF,0.05922137023733076,0.07565338685499785,0.8651252429076715
25569,LOF,0.05877195845465731,0.07891177256615291,0.8623162689791898
25570,LOF,0.02683263924086189,0.1045491972931483,0.8686181634659897
25571,LOF,0.025826359744021695,0.10819991016363598,0.8659737300923424
25572,LOF,0.06203755990763469,0.12788717115784673,0.8100752689345185
25573,LOF,0.060576964037607074,0.09871598290768044,0.8407070530547125
25574,LOF,0.05724949738165886,0.1990632226045131,0.7436872800138281
25575,LOF,0.022389428195587667,0.12246414144780465,0.8551464303566078
25576,LOF,0.0316358133727797,0.16275593681137918,0.8056082498158412
25577,LOF,0.03193779803956963,0.13102751421843287,0.8370346877419974
25578,LOF,0.2949014652789233,0.08938684351636274,0.6157116912047139
25579,LOF,0.13317875000874646,0.09547453043312956,0.7713467195581241
25580,LOF,0.020516797568001243,0.08126426727187964,0.8982189351601191
25581,LOF,0.054051038110838875,0.07269922179722227,0.8732497400919389
25582,LOF,0.054253382465433875,0.07065865709485468,0.8750879604397115
25583,LOF,0.022592688439638853,0.08290328618912564,0.8945040253712355
25584,Neutral,0.6822718736614493,0.09806422194836863,0.21966390439018205
25585,LOF,0.029493841660940403,0.1358848019065967,0.8346213564324629
25586,LOF,0.018562297112043432,0.0754813743079564,0.9059563285800001
25587,LOF,0.01774241442388033,0.06939998934009589,0.9128575962360238
25588,LOF,0.021633039052719974,0.0767540182456793,0.9016129427016008
25589,Neutral,0.5069722180094332,0.1981581585056059,0.29486962348496104
25590,LOF,0.05216218754024116,0.12269485597524965,0.8251429564845092
25591,LOF,0.0957385163537185,0.06062822029407081,0.8436332633522107
25592,LOF,0.06075716506039314,0.13708152354552058,0.8021613113940862
25593,LOF,0.1522451643337863,0.24885014869246883,0.5989046869737449
25594,LOF,0.05464300472932881,0.12076951827525735,0.8245874769954139
25595,LOF,0.05256890940514063,0.08295427978615234,0.8644768108087071
25596,LOF,0.11290542072994629,0.04536273863166969,0.8417318406383839
25597,LOF,0.09054585121485777,0.05907109485586745,0.8503830539292747
25598,LOF,0.059578260892991786,0.08435350742710027,0.856068231679908
25599,LOF,0.0215921609398581,0.4753586835165358,0.5030491555436061
25600,GOF,0.16139453666390088,0.49369267272724376,0.3449127906088553
25601,LOF,0.04245633416715001,0.40644225642848003,0.5511014094043699
25602,LOF,0.032697241633876384,0.06288205244741221,0.9044207059187114
25603,LOF,0.031058156185823416,0.03489008576601141,0.9340517580481652
25604,LOF,0.03389883450048765,0.0870361861266185,0.8790649793728939
25605,LOF,0.03449370701272727,0.2016798794578486,0.763826413529424
25606,LOF,0.43006406760445937,0.11822506571564624,0.4517108666798944
25607,LOF,0.024830127127785217,0.19656024837408248,0.7786096244981323
25608,LOF,0.033536870966186565,0.06835108189102691,0.8981120471427865
25609,GOF,0.1415980173965899,0.5233121587025722,0.3350898239008379
25610,LOF,0.015592771548496214,0.029148305770633112,0.9552589226808706
25611,LOF,0.013162081381627215,0.034491946818392356,0.9523459717999804
25612,LOF,0.048235523080003395,0.04612351841858065,0.9056409585014159
25613,LOF,0.04389929326037058,0.04754908418675564,0.9085516225528738
25614,LOF,0.021547708277862745,0.026937190685080586,0.9515151010370567
25615,LOF,0.042145305088840956,0.04549400915630975,0.9123606857548492
25616,LOF,0.04664601587454972,0.030306236105449816,0.9230477480200004
25617,LOF,0.04061107968170345,0.04222544875130128,0.9171634715669953
25618,LOF,0.05316786464092157,0.03755874481867276,0.9092733905404058
25619,LOF,0.012975364222582702,0.03517099597575318,0.9518536398016642
25620,LOF,0.06190392417723369,0.04509160035344607,0.8930044754693204
25621,LOF,0.05291160054323172,0.03742124188370062,0.9096671575730677
25622,LOF,0.06201036922160239,0.03724659599591049,0.9007430347824871
25623,LOF,0.07134022717302611,0.03133589588745203,0.8973238769395218
25624,LOF,0.01868307795985283,0.03501821813814259,0.9462987039020044
25625,LOF,0.0627070279312724,0.042526505399566684,0.8947664666691609
25626,LOF,0.049036679514151166,0.04288993081286418,0.9080733896729846
25627,Neutral,0.8915151738369911,0.018791994713122047,0.08969283144988686
25628,LOF,0.13533505653158848,0.05760252511687267,0.8070624183515388
25629,LOF,0.06583068621553631,0.0482312588296745,0.8859380549547892
25630,LOF,0.2760468019897471,0.06966684633422322,0.6542863516760297
25631,Neutral,0.5361189469536666,0.058659693235836634,0.40522135981049684
25632,LOF,0.027958897072880008,0.059261002999490275,0.9127800999276297
25633,LOF,0.19719122247938664,0.0305864625913112,0.7722223149293022
25634,LOF,0.034343978516211036,0.06727261815246693,0.898383403331322
25635,LOF,0.038343370626809065,0.03924289954980716,0.9224137298233837
25636,LOF,0.03579963779337755,0.446967961801518,0.5172324004051043
25637,LOF,0.07265476848505928,0.45071380362743635,0.47663142788750446
25638,LOF,0.029994981011222378,0.327061843728485,0.6429431752602925
25639,LOF,0.031003406281473835,0.3603679288094874,0.6086286649090389
25640,Neutral,0.7837751659213147,0.17442434115886996,0.041800492919815364
25641,LOF,0.07282719968157655,0.4426839412641462,0.4844888590542773
25642,LOF,0.043967126992991344,0.1527455808356291,0.8032872921713796
25643,LOF,0.21127585359221615,0.14766621689702955,0.6410579295107542
25644,LOF,0.0220428227327729,0.447521505020847,0.5304356722463801
25645,LOF,0.024842868661929886,0.3586581668339789,0.6164989645040911
25646,LOF,0.058263665421127916,0.2857617691147989,0.6559745654640732
25647,LOF,0.02436548198417193,0.22813472866944465,0.7474997893463835
25648,LOF,0.03383343224135802,0.22236845803191696,0.7437981097267251
25649,LOF,0.01811659228794194,0.21625806565336,0.7656253420586981
25650,LOF,0.05352762645968165,0.38093344700985676,0.5655389265304614
25651,LOF,0.01785674989702282,0.24832116732752146,0.7338220827754557
25652,LOF,0.034867695071022255,0.23518986481921497,0.7299424401097627
25653,LOF,0.09032374085412985,0.37953860395900474,0.5301376551868654
25654,LOF,0.026559001028812864,0.20400090653805314,0.7694400924331339
25655,LOF,0.2086779671281042,0.3551741865941975,0.43614784627769826
25656,LOF,0.2510766741490602,0.04377862273779861,0.7051447031131413
25657,LOF,0.06544597094094401,0.05452898411092263,0.8800250449481334
25658,LOF,0.35826823501061883,0.05574300147157991,0.5859887635178013
25659,Neutral,0.5022236213375879,0.08182547026041294,0.415950908401999
25660,LOF,0.02206206728709364,0.08683333823171963,0.8911045944811867
25661,LOF,0.09012261986465687,0.0597340419487834,0.8501433381865597
25662,LOF,0.03231362670719443,0.03549585772247766,0.932190515570328
25663,LOF,0.04185496290518432,0.047664401065540436,0.9104806360292752
25664,LOF,0.13862135569644812,0.06949157006043762,0.7918870742431142
25665,LOF,0.051813217362621206,0.02989862862804488,0.9182881540093338
25666,LOF,0.09047480612633049,0.07320388172662562,0.836321312147044
25667,LOF,0.06727502398007784,0.04019612236357755,0.8925288536563446
25668,LOF,0.03476946440783612,0.05016250245930943,0.9150680331328545
25669,LOF,0.03128026511265812,0.051366741270400154,0.9173529936169417
25670,LOF,0.14172054000887127,0.06076934500524286,0.7975101149858859
25671,LOF,0.099305653671303,0.0385915784765808,0.8621027678521163
25672,LOF,0.049428683324686314,0.0434197702025609,0.9071515464727528
25673,LOF,0.07774827851914395,0.04726833936523976,0.8749833821156163
25674,LOF,0.0675953990064355,0.05687972576466749,0.875524875228897
25675,LOF,0.11486080007688225,0.062487619763482355,0.8226515801596355
25676,LOF,0.016753849860052548,0.05762525267388135,0.925620897466066
25677,LOF,0.023474629097076757,0.07305647058476443,0.9034689003181587
25678,LOF,0.18679085399559286,0.06431407649861301,0.7488950695057941
25679,LOF,0.11976865123137329,0.08312612330342839,0.7971052254651984
25680,LOF,0.031332795563064696,0.11953947868527211,0.8491277257516633
25681,LOF,0.05140185384824252,0.10971667798610202,0.8388814681656556
25682,LOF,0.1311466914089682,0.07198716001741075,0.7968661485736211
25683,LOF,0.11008606519806191,0.09376471347765555,0.7961492213242825
25684,LOF,0.04135660935381033,0.07403111489843676,0.884612275747753
25685,LOF,0.12766176972649,0.05006639973800534,0.8222718305355047
25686,LOF,0.08336585729695499,0.08647018215793784,0.8301639605451071
25687,LOF,0.11036003176736849,0.09596338814404327,0.7936765800885883
25688,LOF,0.2877057905697162,0.04117897222622221,0.6711152372040616
25689,LOF,0.23122751838342948,0.038680848292320845,0.7300916333242496
25690,LOF,0.3225715925244195,0.03274910820326264,0.6446792992723178
25691,Neutral,0.6678657680236403,0.025317750888129008,0.3068164810882307
25692,LOF,0.30142420680700616,0.010440333285396721,0.6881354599075971
25693,LOF,0.04841520536847247,0.4181355761289355,0.533449218502592
25694,LOF,0.11927370886413924,0.01657625207980574,0.8641500390560549
25695,LOF,0.11432226699178727,0.015704262590578836,0.869973470417634
25696,LOF,0.10031096175285574,0.009496562519199307,0.890192475727945
25697,LOF,0.12169788731029518,0.033262631060290766,0.8450394816294141
25698,LOF,0.3704327605249902,0.19352706481314455,0.4360401746618652
25699,LOF,0.42051776915872613,0.044404758435691645,0.5350774724055821
25700,LOF,0.06504141036534102,0.009296704727606353,0.9256618849070527
25701,LOF,0.14408408660791966,0.057984939921284395,0.7979309734707959
25702,GOF,0.18633709505234172,0.5563654555964517,0.25729744935120663
25703,LOF,0.017170627314775984,0.15901165475750906,0.823817717927715
25704,LOF,0.04912110800623457,0.11272473441700727,0.8381541575767583
25705,LOF,0.0597591640406879,0.1912936839326045,0.7489471520267076
25706,LOF,0.10409256372891608,0.3963127994857029,0.49959463678538085
25707,LOF,0.0876517712236102,0.3155376181414267,0.5968106106349631
25708,LOF,0.030195682458583385,0.27691145633243114,0.6928928612089855
25709,LOF,0.061332918535409585,0.041374293723128217,0.8972927877414622
25710,LOF,0.012216964517329097,0.14279338388386617,0.8449896515988047
25711,LOF,0.017931196767252626,0.09364302549022112,0.8884257777425262
25712,LOF,0.014969838742582998,0.17133908940612774,0.8136910718512893
25713,LOF,0.018358368029441154,0.08152636263112886,0.90011526933943
25714,LOF,0.07061406376731137,0.07858008216649698,0.8508058540661917
25715,LOF,0.010755704718605366,0.13603972491877275,0.8532045703626218
25716,LOF,0.014396916199527725,0.11740369660667582,0.8681993871937964
25717,LOF,0.013985566869642214,0.07636014583480186,0.909654287295556
25718,LOF,0.012029818763070271,0.09345756010522799,0.8945126211317017
25719,LOF,0.01765289517115628,0.08043193445277906,0.9019151703760647
25720,LOF,0.023369296394516827,0.06793728500181445,0.9086934186036687
25721,LOF,0.014507105969268214,0.1035729175716212,0.8819199764591105
25722,LOF,0.013530780631883007,0.11405104654196303,0.8724181728261539
25723,LOF,0.021781241281035868,0.04047182883702312,0.937746929881941
25724,LOF,0.02277594176323406,0.08508145305818368,0.8921426051785823
25725,LOF,0.011070920722758395,0.06959894252391177,0.9193301367533298
25726,LOF,0.014959517684616178,0.10012146002185168,0.8849190222935323
25727,LOF,0.012268974941339498,0.07276335538184785,0.9149676696768126
25728,LOF,0.009257659741997541,0.11350704747569385,0.8772352927823087
25729,LOF,0.009603409789387335,0.11067142621672782,0.8797251639938848
25730,LOF,0.01338766411446242,0.08260869828402066,0.9040036376015169
25731,LOF,0.01922495780665489,0.11446386153581065,0.8663111806575345
25732,LOF,0.014848081220987247,0.07779402470916012,0.9073578940698526
25733,LOF,0.015341165681311313,0.07146019020869504,0.9131986441099936
25734,LOF,0.012712037651257068,0.11215934574917596,0.875128616599567
25735,LOF,0.013000549182668582,0.08404335189245175,0.9029560989248797
25736,LOF,0.014000476948150565,0.10331767301250748,0.882681850039342
25737,LOF,0.01899161866056413,0.08861012404269784,0.8923982572967379
25738,LOF,0.011435610842494427,0.10730694098628984,0.8812574481712158
25739,LOF,0.02013492121493829,0.07607003825889959,0.903795040526162
25740,LOF,0.02482105674676155,0.11321104430249528,0.8619678989507432
25741,LOF,0.014723605784582481,0.12094869497967103,0.8643276992357465
25742,LOF,0.11072589651534367,0.08574094497456551,0.8035331585100908
25743,LOF,0.03265122607825822,0.03441517156416106,0.9329336023575806
25744,Neutral,0.5880768783078725,0.16650682433315414,0.24541629735897333
25745,LOF,0.07228340469842333,0.0650981229726585,0.8626184723289182
25746,LOF,0.03909044716547837,0.08491720263013869,0.8759923502043829
25747,LOF,0.02212174261182178,0.04428494909246241,0.9335933082957157
25748,LOF,0.0954631856269607,0.062199136599308515,0.8423376777737307
25749,LOF,0.026861142239055207,0.07228927355921684,0.9008495842017279
25750,LOF,0.08234118411315884,0.07398520529843912,0.843673610588402
25751,LOF,0.0849338856152993,0.06643381989310379,0.848632294491597
25752,GOF,0.1306111922996381,0.648667628040702,0.22072117965965993
25753,LOF,0.020558821941345125,0.2650278252244132,0.7144133528342416
25754,GOF,0.011022270891995365,0.7915311784503992,0.1974465506576055
25755,LOF,0.0248458445061561,0.3938754546304045,0.5812787008634395
25756,LOF,0.04641587566004968,0.34692516091815273,0.6066589634217976
25757,GOF,0.015301043808018878,0.8573426932735256,0.12735626291845537
25758,GOF,0.028880134694083497,0.8133265982740672,0.15779326703184923
25759,GOF,0.011730635942976207,0.5693915826976144,0.4188777813594094
25760,LOF,0.012950800801331423,0.24116601198000687,0.7458831872186618
25761,GOF,0.29490614261515863,0.6173137846307007,0.08778007275414065
25762,LOF,0.038008427596513364,0.2445018705233917,0.717489701880095
25763,LOF,0.015105538291588639,0.18445855368337225,0.8004359080250391
25764,GOF,0.08727345568834663,0.6005817407311127,0.31214480358054053
25765,GOF,0.038745670865136236,0.7496938940739827,0.21156043506088107
25766,GOF,0.0683711886902905,0.7380787383634657,0.19355007294624368
25767,GOF,0.1344234564028725,0.5799347942288758,0.2856417493682516
25768,LOF,0.08792910822447991,0.07743264996048364,0.8346382418150364
25769,LOF,0.07007014158668814,0.06275973340017339,0.8671701250131385
25770,LOF,0.3073132519929822,0.09154422867252988,0.6011425193344879
25771,LOF,0.042357134872923086,0.05045602490151845,0.9071868402255584
25772,LOF,0.016530023018472655,0.03555295099085383,0.9479170259906735
25773,LOF,0.053665420814836724,0.09293751619883489,0.8533970629863284
25774,LOF,0.029216937054793647,0.07514173394105918,0.8956413290041473
25775,LOF,0.04877568423874362,0.048916583412501394,0.9023077323487549
25776,LOF,0.06340526793556966,0.025454405035827615,0.9111403270286027
25777,LOF,0.36343300374035165,0.05322259735555089,0.5833443989040974
25778,LOF,0.06018504957404846,0.0454396670050807,0.8943752834208707
25779,GOF,0.3923373723711172,0.5564346958761986,0.05122793175268408
25780,GOF,0.3008843948035224,0.6160724268623242,0.08304317833415341
25781,GOF,0.13735446606692256,0.7484107055076065,0.11423482842547095
25782,GOF,0.21220060260270546,0.7104820310318974,0.07731736636539709
25783,GOF,0.021774950954661237,0.5975205647052185,0.3807044843401203
25784,Neutral,0.5274388287808344,0.42979072001621776,0.04277045120294779
25785,GOF,0.4708361151911393,0.4893882822849365,0.03977560252392429
25786,GOF,0.02722391123710952,0.717153641456913,0.2556224473059775
25787,Neutral,0.6588440640757511,0.3132691941859363,0.027886741738312504
25788,LOF,0.0528131316758563,0.10589308939666663,0.841293778927477
25789,GOF,0.2319414090136532,0.6377858944320075,0.13027269655433926
25790,GOF,0.24554460144873744,0.643736815561055,0.11071858299020762
25791,GOF,0.18336417517006412,0.6599059798640851,0.15672984496585096
25792,GOF,0.3752796583945074,0.5138057323458367,0.11091460925965589
25793,GOF,0.2529735290865095,0.53148562619281,0.21554084472068044
25794,GOF,0.2996565267015011,0.508855514213184,0.1914879590853149
25795,GOF,0.08386872102405614,0.6584814489166645,0.2576498300592794
25796,Neutral,0.5961732206632279,0.32837582589630127,0.07545095344047077
25797,GOF,0.09602082052805118,0.5191936971190169,0.3847854823529319
25798,LOF,0.009732430500735776,0.47998876823292785,0.5102788012663364
25799,LOF,0.007458685795656836,0.3687023109793878,0.6238390032249552
25800,GOF,0.034168732780326366,0.5537702636343875,0.412061003585286
25801,GOF,0.21765535640319203,0.6433787667236072,0.1389658768732007
25802,GOF,0.07276172687239094,0.6652636672207465,0.26197460590686256
25803,GOF,0.037980461524177306,0.5672664336572766,0.3947531048185461
25804,LOF,0.031112082019516516,0.4659560500613798,0.5029318679191037
25805,GOF,0.0986212995942758,0.5732393855453101,0.3281393148604141
25806,GOF,0.0957542371995972,0.5715630006382038,0.332682762162199
25807,GOF,0.018857808410767517,0.5907039100874644,0.39043828150176796
25808,GOF,0.08798600997497832,0.6152303459250044,0.29678364410001734
25809,GOF,0.018889930664205808,0.5393440402624533,0.44176602907334084
25810,GOF,0.017273843732864582,0.5839869297448861,0.39873922652224936
25811,Neutral,0.498229740701614,0.42217487150014105,0.07959538779824481
25812,GOF,0.03284766348406104,0.6293985807716435,0.3377537557442956
25813,Neutral,0.5240331042828463,0.3778568784096877,0.09811001730746609
25814,GOF,0.12038099439047117,0.6411071912319202,0.23851181437760863
25815,GOF,0.21818294688189566,0.5986936871402043,0.18312336597789997
25816,GOF,0.02064230136031491,0.6738234154273214,0.3055342832123637
25817,GOF,0.23841868994663734,0.6259179380458564,0.13566337200750617
25818,GOF,0.05747357910571423,0.6481273435976505,0.2943990772966354
25819,GOF,0.3792535029907651,0.49045740389298825,0.13028909311624678
25820,GOF,0.19907494046978666,0.6004624577106276,0.20046260181958575
25821,GOF,0.0635022591763284,0.6545853768262366,0.281912363997435
25822,GOF,0.21884022711521114,0.5722684307116992,0.20889134217308972
25823,GOF,0.03182798063427333,0.5267925741525976,0.44137944521312905
25824,GOF,0.08923707813333362,0.5753907772277561,0.3353721446389103
25825,GOF,0.037001354150510264,0.5816219820306137,0.381376663818876
25826,GOF,0.01566088285107144,0.5532849091388717,0.43105420801005684
25827,GOF,0.0258437927588623,0.5887684969947539,0.3853877102463839
25828,GOF,0.014398919456910207,0.5063370022562501,0.4792640782868397
25829,GOF,0.006136790255242387,0.5598404652731525,0.4340227444716051
25830,LOF,0.034899916673183186,0.29998251328189973,0.6651175700449171
25831,GOF,0.22786234011759243,0.6470368261205837,0.12510083376182388
25832,GOF,0.03751384335204206,0.6721439932477623,0.2903421634001957
25833,GOF,0.13245379773281132,0.703094260913696,0.16445194135349275
25834,GOF,0.03837532750068881,0.6816265109441737,0.2799981615551376
25835,GOF,0.08772309365908924,0.7416971168582174,0.17057978948269353
25836,GOF,0.03921960697724253,0.6693015938340856,0.2914787991886718
25837,GOF,0.02762933710084852,0.5614014066019064,0.4109692562972452
25838,GOF,0.0959682093001733,0.7538136015949434,0.15021818910488327
25839,GOF,0.3176893835633385,0.5477780033935725,0.13453261304308903
25840,GOF,0.2645372293836579,0.6006159531490709,0.13484681746727126
25841,GOF,0.24157709141140665,0.623865985685654,0.13455692290293939
25842,GOF,0.1907171232844932,0.6857284037321332,0.1235544729833737
25843,GOF,0.2622245131695159,0.6490698023841633,0.08870568444632076
25844,GOF,0.07037541615998699,0.6911700483105728,0.23845453552944024
25845,LOF,0.017547296253596606,0.46030509132857783,0.5221476124178256
25846,GOF,0.1360577670983483,0.714257998624428,0.14968423427722383
25847,GOF,0.1196177675458458,0.7676027461572036,0.11277948629695062
25848,GOF,0.04460353976668234,0.6877766314830748,0.267619828750243
25849,GOF,0.012549628802723568,0.5729778836980655,0.414472487499211
25850,GOF,0.02333579835413233,0.6339483619404924,0.34271583970537517
25851,GOF,0.01956262223432154,0.5047792905389297,0.4756580872267488
25852,GOF,0.18011921954628854,0.5261831611801551,0.2936976192735564
25853,GOF,0.35733048553980024,0.5696582111235291,0.07301130333667077
25854,GOF,0.02494848819545086,0.5884410982643337,0.38661041354021547
25855,GOF,0.0360963428817886,0.5392376908048324,0.42466596631337905
25856,GOF,0.241059453856617,0.539444583653593,0.21949596248978998
25857,GOF,0.03797967848280109,0.4908913187442003,0.47112900277299863
25858,GOF,0.021854740240444544,0.5237162337213335,0.454429026038222
25859,GOF,0.010680679998309302,0.5006219436236298,0.48869737637806104
25860,GOF,0.3817949041989139,0.533855756820669,0.0843493389804172
25861,GOF,0.4557959029088202,0.46902149128529363,0.07518260580588608
25862,GOF,0.0948539480782874,0.7604233528451265,0.14472269907658603
25863,GOF,0.08149384387189579,0.7627604420409076,0.1557457140871964
25864,GOF,0.2160446619860465,0.7093345542664258,0.07462078374752774
25865,GOF,0.09733953563865412,0.7806647026611881,0.1219957617001576
25866,GOF,0.06402247553892587,0.7645159230224696,0.17146160143860453
25867,GOF,0.09059171009666188,0.7992534232230947,0.11015486668024349
25868,GOF,0.2590074044628362,0.6367612205889911,0.10423137494817257
25869,Neutral,0.7088169098827313,0.25160869284716997,0.03957439727009877
25870,GOF,0.2992900268815009,0.36606688940071413,0.3346430837177849
25871,GOF,0.2377566362706499,0.6062967246988297,0.1559466390305204
25872,GOF,0.07777097294671961,0.639382676989536,0.2828463500637446
25873,GOF,0.1201686558159979,0.6606393153507871,0.21919202883321504
25874,LOF,0.015064263509053296,0.11448355330346503,0.8704521831874816
25875,LOF,0.09712000233761314,0.04401061707568771,0.8588693805866991
25876,LOF,0.03784668923728955,0.028298946151323667,0.9338543646113867
25877,Neutral,0.4981561212483898,0.045859280996042424,0.4559845977555677
25878,LOF,0.2155365242965398,0.08452591579459366,0.6999375599088666
25879,LOF,0.08791690573111009,0.09027396000248844,0.8218091342664015
25880,LOF,0.03773939469329829,0.015512654216455816,0.9467479510902458
25881,LOF,0.1758170888532553,0.1440192664935296,0.6801636446532151
25882,LOF,0.062173524866718365,0.016040713345193455,0.9217857617880881
25883,LOF,0.06445532011342245,0.01765481553123298,0.9178898643553446
25884,LOF,0.03079978867115564,0.027992003047170696,0.9412082082816737
25885,LOF,0.0602528473932299,0.010705288535886513,0.9290418640708835
25886,LOF,0.2508610220524523,0.034925983923138476,0.7142129940244093
25887,LOF,0.1397387276451979,0.07485197509954288,0.7854092972552591
25888,LOF,0.06145491277041248,0.0659459539143221,0.8725991333152654
25889,LOF,0.03983001644600792,0.018923012723379713,0.9412469708306124
25890,LOF,0.044566912966670036,0.1605359671048481,0.7948971199284818
25891,LOF,0.03768995964289359,0.047898976884640586,0.9144110634724658
25892,LOF,0.09438455442676068,0.02203867561880266,0.8835767699544367
25893,LOF,0.2566810208098114,0.02161095199313601,0.7217080271970525
25894,LOF,0.17553736485129642,0.011316650359436046,0.8131459847892675
25895,LOF,0.20877638119278258,0.02046348627757223,0.7707601325296451
25896,LOF,0.050143978741773496,0.02490691471439709,0.9249491065438293
25897,LOF,0.2507856378386464,0.012113312769399648,0.7371010493919539
25898,Neutral,0.6967818575126947,0.009725659861390007,0.29349248262591515
25899,LOF,0.21249478177429834,0.022972970102173033,0.7645322481235287
25900,LOF,0.4676167074140468,0.015595759597811303,0.5167875329881418
25901,LOF,0.058646711229174746,0.013697020510121572,0.9276562682607038
25902,LOF,0.17760072367230034,0.01597320196367403,0.8064260743640256
25903,Neutral,0.5822475339124352,0.028525202132883655,0.38922726395468116
25904,LOF,0.31623856263600103,0.04895461423813018,0.6348068231258688
25905,LOF,0.02473855538214319,0.3160738510324146,0.6591875935854422
25906,LOF,0.031089138526709435,0.07570619729086266,0.8932046641824278
25907,LOF,0.014711690153075408,0.3302318508800871,0.6550564589668374
25908,LOF,0.009773896655374658,0.24587377191522014,0.7443523314294052
25909,LOF,0.01201930165405621,0.11823220848086423,0.8697484898650795
25910,LOF,0.0481216899616222,0.13304961177629102,0.8188286982620868
25911,LOF,0.1865032068568523,0.020793745426227313,0.7927030477169204
25912,LOF,0.05467100541318024,0.03826623085649165,0.907062763730328
25913,LOF,0.3224046372837845,0.01843125146807183,0.6591641112481437
25914,LOF,0.02037760204159874,0.06131143655731905,0.9183109614010824
25915,Neutral,0.5810783631868655,0.17857837116589637,0.24034326564723815
25916,LOF,0.09440633315802273,0.238684999589221,0.6669086672527563
25917,LOF,0.06026183859902923,0.04377134122844224,0.8959668201725285
25918,LOF,0.023043185088741088,0.03971519784478465,0.9372416170664741
25919,LOF,0.019381440085320552,0.04092024691248273,0.9396983130021968
25920,GOF,0.1027923410869882,0.5204971173059074,0.37671054160710427
25921,LOF,0.024344075089750384,0.028242529290842325,0.9474133956194073
25922,LOF,0.03529244933198444,0.021622836958737984,0.9430847137092775
25923,LOF,0.4496417798452564,0.028090232255565253,0.5222679878991784
25924,LOF,0.03712195402585106,0.039404329231344154,0.9234737167428049
25925,LOF,0.06397926059200186,0.032372654720386966,0.9036480846876112
25926,LOF,0.047419715883281734,0.028019724602982424,0.9245605595137358
25927,LOF,0.06260459691922209,0.11205947915915357,0.8253359239216244
25928,LOF,0.01926911149865754,0.041985184777134005,0.9387457037242085
25929,Neutral,0.569437064860087,0.030317853178599502,0.4002450819613135
25930,LOF,0.07061749322032282,0.024196082635696833,0.9051864241439804
25931,LOF,0.024083377139238964,0.023466377118612925,0.9524502457421482
25932,LOF,0.027876946770722312,0.020464361710697897,0.9516586915185797
25933,LOF,0.037194201550859875,0.014414266314188457,0.9483915321349516
25934,LOF,0.024698392788778993,0.016873869498266303,0.9584277377129546
25935,LOF,0.05848807220026288,0.04142058759983034,0.9000913401999068
25936,LOF,0.04534868898364154,0.019135821008282202,0.9355154900080762
25937,LOF,0.026327450695492544,0.027931171260172683,0.9457413780443347
25938,LOF,0.05895368661241073,0.040388172841842984,0.9006581405457463
25939,LOF,0.04062212000105739,0.015736102537126512,0.9436417774618162
25940,LOF,0.026164515062248487,0.4119858039883114,0.5618496809494401
25941,LOF,0.17875121835990979,0.1237808204171083,0.6974679612229818
25942,LOF,0.014230508948906281,0.03338328919477645,0.9523862018563172
25943,LOF,0.28501014314445017,0.0640381809007662,0.6509516759547836
25944,LOF,0.47917623024242945,0.025278798924679883,0.4955449708328907
25945,LOF,0.07210969940924776,0.02042878388780024,0.9074615167029522
25946,LOF,0.0339523762509755,0.08914055040957403,0.8769070733394505
25947,LOF,0.10620027142491818,0.22111697773460257,0.6726827508404793
25948,LOF,0.37542153661020156,0.00877063557193895,0.6158078278178595
25949,LOF,0.13173582773922604,0.04090500161420654,0.8273591706465674
25950,GOF,0.2814430596948024,0.3899397575606774,0.32861718274452023
25951,LOF,0.21617607501484584,0.25331409940654714,0.5305098255786069
25952,LOF,0.043287970484159874,0.4606300918799928,0.49608193763584735
25953,LOF,0.1498426075258212,0.10440267222311085,0.745754720251068
25954,Neutral,0.4291017710741117,0.1790950040262453,0.391803224899643
25955,LOF,0.052851433397190194,0.08546786927775027,0.8616806973250596
25956,LOF,0.15999129943805482,0.09864355470621027,0.741365145855735
25957,LOF,0.04020856556620262,0.027483021641672815,0.9323084127921245
25958,LOF,0.05707641171210267,0.029703983971878376,0.913219604316019
25959,LOF,0.07103667213858567,0.3517467291223692,0.5772165987390452
25960,LOF,0.0164663059012742,0.05193047522614594,0.93160321887258
25961,LOF,0.04355946315999402,0.031007731435527888,0.925432805404478
25962,LOF,0.055887898246918956,0.025754226319006705,0.9183578754340744
25963,LOF,0.0477077341156363,0.1926348808803267,0.759657385004037
25964,LOF,0.03435248213117516,0.15363441531861366,0.8120131025502113
25965,LOF,0.45895841236956597,0.0661755587221958,0.47486602890823815
25966,Neutral,0.5300508434962862,0.18363295054172032,0.28631620596199353
25967,LOF,0.016554674857667113,0.10655369675875911,0.8768916283835738
25968,LOF,0.025937622846627477,0.4205400609638525,0.5535223161895201
25969,LOF,0.028453493909867213,0.0647366882309101,0.9068098178592228
25970,LOF,0.06701585092334814,0.06191912114040591,0.8710650279362459
25971,LOF,0.06752966125332031,0.017794830031427237,0.9146755087152526
25972,LOF,0.07266082778198489,0.02463060984925752,0.9027085623687575
25973,LOF,0.06570964205994502,0.010634866308987053,0.9236554916310679
25974,LOF,0.21286606022255528,0.018608785222705183,0.7685251545547395
25975,LOF,0.039778284662603594,0.029485057153368983,0.9307366581840275
25976,LOF,0.039449934084560025,0.01761479544758249,0.9429352704678574
25977,LOF,0.14733546458627278,0.08506943172119488,0.7675951036925324
25978,LOF,0.155934552590114,0.060858971555437874,0.7832064758544481
25979,LOF,0.14443858658196593,0.06503270729762657,0.7905287061204074
25980,LOF,0.22538880866337688,0.07821524067091747,0.6963959506657057
25981,LOF,0.2554117572474273,0.07648159177882241,0.6681066509737503
25982,LOF,0.395761949387234,0.054284851193061257,0.5499531994197048
25983,LOF,0.3824076379528281,0.060149662914593234,0.5574426991325787
25984,LOF,0.04530656859871725,0.045233496369065415,0.9094599350322174
25985,LOF,0.03656551071784401,0.26795466262409084,0.6954798266580652
25986,LOF,0.04543376555632307,0.29493495438240147,0.6596312800612755
25987,LOF,0.08144360037084343,0.06007219352147109,0.8584842061076855
25988,LOF,0.1465785700083859,0.05943556199134709,0.793985868000267
25989,LOF,0.03248945939768969,0.11939985589094508,0.8481106847113652
25990,LOF,0.04738566821270763,0.14517182096302422,0.8074425108242682
25991,LOF,0.11732568374288346,0.33503696018303836,0.5476373560740782
25992,LOF,0.3037580825397242,0.19477902130654806,0.5014628961537277
25993,LOF,0.021194005943522165,0.08894288680679983,0.889863107249678
25994,LOF,0.01520680968529017,0.1199826215083011,0.8648105688064087
25995,LOF,0.021866405234139873,0.24601156793523338,0.7321220268306268
25996,GOF,0.3094456705578438,0.49139929390656634,0.19915503553558983
25997,LOF,0.07803620406603672,0.4549827064552967,0.46698108947866657
25998,Neutral,0.5118473986810166,0.02167449626527756,0.46647810505370574
25999,LOF,0.11494886261335717,0.09762445671650044,0.7874266806701425
26000,LOF,0.14855862802270323,0.049868147042698624,0.8015732249345981
26001,LOF,0.18688646761070166,0.059550330860140145,0.7535632015291581
26002,LOF,0.14393984832940132,0.04887561285877817,0.8071845388118204
26003,GOF,0.010745889586431339,0.578557723731649,0.41069638668191966
26004,GOF,0.019064845411524804,0.6576028576553723,0.3233322969331029
26005,LOF,0.007703459606363386,0.45386348886198047,0.5384330515316561
26006,Neutral,0.5391645898487722,0.24185252463911164,0.21898288551211628
26007,GOF,0.022160227799102282,0.526262440197171,0.45157733200372674
26008,GOF,0.016191442183412827,0.6163894475660963,0.367419110250491
26009,GOF,0.019664228751931117,0.6875952967699648,0.2927404744781041
26010,GOF,0.02301929422742908,0.653069224340141,0.3239114814324299
26011,LOF,0.007406548381025207,0.44643595174253514,0.5461574998764397
26012,GOF,0.013599334769052054,0.5300400342821693,0.45636063094877866
26013,GOF,0.020186494943111408,0.6096213679316327,0.3701921371252559
26014,LOF,0.040599667993693314,0.10377467156545944,0.8556256604408472
26015,LOF,0.17363049738291114,0.014338603881759117,0.8120308987353297
26016,LOF,0.2052890422095618,0.06707854000462303,0.7276324177858152
26017,LOF,0.24081257766567368,0.10309611086879387,0.6560913114655323
26018,LOF,0.09015113812617642,0.03394710843230004,0.8759017534415237
26019,LOF,0.08418629657037068,0.027105003651456128,0.8887086997781731
26020,LOF,0.07222156873198894,0.13415782450540345,0.7936206067626077
26021,LOF,0.05178450171466398,0.1281034334900239,0.8201120647953122
26022,LOF,0.011560630766873465,0.038661007965671665,0.949778361267455
26023,LOF,0.07541079097634887,0.021273401910663604,0.9033158071129875
26024,LOF,0.032669198364017424,0.12869193275591173,0.8386388688800709
26025,LOF,0.16200398882816236,0.0900722142508656,0.747923796920972
26026,LOF,0.3349710919459345,0.030590478636393845,0.6344384294176716
26027,LOF,0.0686280961999788,0.016682827684247153,0.914689076115774
26028,LOF,0.17597681985637245,0.06440639411984697,0.7596167860237806
26029,LOF,0.07085845021416655,0.22689363983294764,0.7022479099528859
26030,LOF,0.024719352448978684,0.0704572269563907,0.9048234205946306
26031,LOF,0.02720221605729333,0.17111860337284795,0.8016791805698588
26032,LOF,0.06670833068552844,0.10955505439111723,0.8237366149233544
26033,LOF,0.0857169763842427,0.10248771998357187,0.8117953036321854
26034,LOF,0.04245230254446451,0.19387337482043054,0.763674322635105
26035,LOF,0.027103455450216044,0.17995968324356115,0.7929368613062228
26036,LOF,0.04027810381214585,0.2066861128179297,0.7530357833699244
26037,LOF,0.022588075671530046,0.14760204597877702,0.8298098783496929
26038,LOF,0.061363306221835674,0.11135139252163813,0.8272853012565262
26039,LOF,0.0546573338776321,0.18129812836277123,0.7640445377595966
26040,LOF,0.19122475214612245,0.15937286464874234,0.6494023832051352
26041,LOF,0.02288173635988784,0.13486162062968338,0.8422566430104287
26042,LOF,0.021589101826606016,0.12609514493799895,0.852315753235395
26043,LOF,0.06206433241147369,0.12888106096259103,0.8090546066259353
26044,LOF,0.021130886005501958,0.08494634624056463,0.8939227677539334
26045,LOF,0.06804015356331622,0.12381993774756117,0.8081399086891227
26046,LOF,0.05521710536341906,0.10143743131675856,0.8433454633198224
26047,LOF,0.07345760390190967,0.10883282498831195,0.8177095711097784
26048,LOF,0.048603854642218364,0.050407312841492496,0.9009888325162891
26049,Neutral,0.9660281542358354,0.008360702764160307,0.02561114300000426
26050,Neutral,0.9485113049405705,0.010824923680665557,0.04066377137876409
26051,LOF,0.052815160298516135,0.28003785693449673,0.6671469827669873
26052,LOF,0.06871940130017726,0.32074695920921437,0.6105336394906083
26053,LOF,0.0645995249450394,0.11527305763941369,0.820127417415547
26054,LOF,0.05336369466134526,0.019199176517489085,0.9274371288211656
26055,LOF,0.07158156765605601,0.015029723189855201,0.9133887091540887
26056,LOF,0.061320612578132434,0.016724556885235397,0.9219548305366322
26057,LOF,0.030285499851319883,0.012805942322620716,0.9569085578260593
26058,LOF,0.031218126079161693,0.010410839580547823,0.9583710343402905
26059,LOF,0.2909216317304256,0.020705018641292056,0.6883733496282823
26060,LOF,0.03676255346825101,0.18613378706418854,0.7771036594675604
26061,LOF,0.01735146468182444,0.011757308850032101,0.9708912264681434
26062,LOF,0.01095729283772712,0.01795278114986346,0.9710899260124094
26063,LOF,0.020796837419933423,0.011644433216197883,0.9675587293638686
26064,LOF,0.021947133849436865,0.020282488900871205,0.9577703772496919
26065,LOF,0.025649629563959917,0.01142690461673069,0.9629234658193093
26066,LOF,0.02105012023633431,0.011799094176551185,0.9671507855871145
26067,LOF,0.02650251063795301,0.009440743561776177,0.9640567458002709
26068,LOF,0.04697432775391158,0.030229251034391273,0.922796421211697
26069,LOF,0.24543868016064155,0.01730170190735469,0.7372596179320038
26070,LOF,0.3824159098841408,0.014982352919505526,0.6026017371963537
26071,LOF,0.020194633350156695,0.013368963699478436,0.9664364029503649
26072,LOF,0.022219860801860752,0.01653172115107427,0.9612484180470651
26073,LOF,0.020538420938093153,0.010772476350229142,0.9686891027116776
26074,Neutral,0.8976193825171896,0.005634815147826352,0.09674580233498396
26075,LOF,0.044674067883262294,0.015517384178695609,0.9398085479380421
26076,LOF,0.03927765623096804,0.010412534558992062,0.9503098092100399
26077,LOF,0.010785265572883987,0.01674426199239549,0.9724704724347205
26078,LOF,0.013918580771893951,0.012169101866297802,0.9739123173618082
26079,LOF,0.06370788780835816,0.017257412279457603,0.9190346999121843
26080,LOF,0.06273350232155647,0.017317949599812973,0.9199485480786306
26081,LOF,0.03307741258744898,0.006999133445535577,0.9599234539670155
26082,LOF,0.01386929797241,0.016735737334164356,0.9693949646934257
26083,LOF,0.17667717041309858,0.013656098154593845,0.8096667314323075
26084,LOF,0.04354260437555926,0.012483175423277515,0.9439742202011632
26085,LOF,0.038624854202827005,0.011936402545541997,0.9494387432516311
26086,LOF,0.01986862931876043,0.011427743199207847,0.9687036274820318
26087,LOF,0.023822906649957846,0.008409595049506868,0.9677674983005352
26088,LOF,0.015777009327580145,0.02191749545322564,0.9623054952191943
26089,LOF,0.0434709238344398,0.02299799053065476,0.9335310856349054
26090,LOF,0.04315637090084628,0.01773330354931557,0.9391103255498382
26091,LOF,0.03278655625703032,0.006686858004011799,0.9605265857389579
26092,LOF,0.022961247249677446,0.008909721667950562,0.968129031082372
26093,LOF,0.03172398195638173,0.006626324381087507,0.9616496936625307
26094,LOF,0.03483391613475337,0.00714901583542965,0.9580170680298169
26095,LOF,0.043070805233007485,0.01305829344501493,0.9438709013219776
26096,LOF,0.019387420010761786,0.012985165915390704,0.9676274140738476
26097,LOF,0.011768482813954777,0.03404306878093431,0.9541884484051109
26098,LOF,0.07314905968792444,0.011216489332424338,0.9156344509796513
26099,LOF,0.02123633501367245,0.01292719057988094,0.9658364744064466
26100,LOF,0.023639080079397096,0.01240654806975046,0.9639543718508525
26101,LOF,0.04965681134559184,0.014755640056230495,0.9355875485981777
26102,LOF,0.02077359146419664,0.01273641332027761,0.9664899952155258
26103,Neutral,0.8819525934123901,0.01839901025600739,0.09964839633160251
26104,LOF,0.08138143022165337,0.025703946280445606,0.8929146234979011
26105,LOF,0.20513451217440754,0.32261620890974974,0.4722492789158426
26106,LOF,0.20064367024164959,0.13250238599010378,0.6668539437682467
26107,LOF,0.21977377615978452,0.09398332857212723,0.6862428952680881
26108,LOF,0.26388301981109,0.10830924912493788,0.6278077310639721
26109,LOF,0.09730574508714149,0.0655593873631975,0.8371348675496609
26110,LOF,0.2031761373755036,0.008473350071189371,0.788350512553307
26111,Neutral,0.5137185017016217,0.024865134177140168,0.46141636412123815
26112,LOF,0.032465140790275245,0.008995507201143537,0.9585393520085812
26113,LOF,0.06635260776389433,0.021176010623613486,0.9124713816124922
26114,LOF,0.02502553580466325,0.027773583133641106,0.9472008810616956
26115,LOF,0.08181947145107735,0.05729552242546526,0.8608850061234574
26116,LOF,0.06612870282572833,0.06124091780201116,0.8726303793722605
26117,LOF,0.415264456531511,0.04349298556944624,0.5412425578990427
26118,LOF,0.030445224531229144,0.0273438918266176,0.9422108836421532
26119,LOF,0.021247698037227754,0.034796321756498126,0.9439559802062741
26120,LOF,0.025509813086376017,0.022553830479662532,0.9519363564339615
26121,LOF,0.04032472906209251,0.07872845148408872,0.8809468194538189
