feature0,prediction,LoGoFunc_Neutral,LoGoFunc_GOF,LoGoFunc_LOF
25546,Neutral,0.628165939724468,0.06492682948766741,0.30690723078786464
25547,Neutral,0.5054281330989712,0.10391680569280479,0.39065506120822413
25548,Neutral,0.4966114027574591,0.08766532033843036,0.41572327690411054
25549,LOF,0.41928490598532225,0.09233155584273646,0.4883835381719414
25550,LOF,0.34228852817948224,0.12802759779447753,0.5296838740260402
25551,LOF,0.29191777173906097,0.13984370130789503,0.568238526953044
25552,LOF,0.2605496498359056,0.1409628353482376,0.5984875148158568
25553,Neutral,0.7929685206970519,0.05345756487931897,0.153573914423629
25554,LOF,0.303687581149076,0.13130008040567956,0.5650123384452445
25555,LOF,0.25710650757223946,0.12376479129182812,0.6191287011359324
25556,Neutral,0.4556207833684425,0.1056730333104605,0.43870618332109707
25557,LOF,0.2592297259924862,0.12959488616010698,0.6111753878474068
25558,LOF,0.310338499727937,0.12404305469179654,0.5656184455802665
25559,LOF,0.18362735562326177,0.1416840785439204,0.6746885658328179
25560,LOF,0.13446734647268052,0.10627317877485148,0.7592594747524681
25561,LOF,0.13892961072393742,0.14502609286188178,0.7160442964141809
25562,LOF,0.05376377702991831,0.08175297797850058,0.8644832449915811
25563,LOF,0.01623438144057731,0.1323311354886723,0.8514344830707504
25564,LOF,0.13806550885791274,0.08692036274266401,0.7750141283994232
25565,LOF,0.18579071360029573,0.1418880209208629,0.6723212654788414
25566,GOF,0.05888878060433757,0.6658350892793894,0.275276130116273
25567,LOF,0.03775010564911912,0.16285486772726615,0.7993950266236146
25568,LOF,0.05639886457537018,0.09518216085533734,0.8484189745692925
25569,LOF,0.05936808104348321,0.08550598690800698,0.8551259320485097
25570,LOF,0.030292157017134443,0.12980903228826304,0.8398988106946026
25571,LOF,0.029132431583580053,0.13564296764686554,0.8352246007695543
25572,LOF,0.05884404752909101,0.14623121213888787,0.7949247403320211
25573,LOF,0.056160912054156534,0.10764934078045772,0.8361897471653857
25574,LOF,0.059465182110460826,0.22936846519336224,0.7111663526961769
25575,LOF,0.023464172121524005,0.14267445589664796,0.833861371981828
25576,LOF,0.027343944391625904,0.1875631802625347,0.7850928753458394
25577,LOF,0.03178263707316358,0.13985712125132363,0.8283602416755129
25578,LOF,0.28479598424049996,0.1150465422514503,0.6001574735080497
25579,LOF,0.1807035588901596,0.11312800715504692,0.7061684339547935
25580,LOF,0.021307410877897736,0.10003718354606403,0.8786554055760382
25581,LOF,0.04899283939531027,0.08828442303966365,0.862722737565026
25582,LOF,0.04865654829719428,0.08720534541939877,0.8641381062834069
25583,LOF,0.024307217109830442,0.10736894431366781,0.8683238385765017
25584,Neutral,0.7132478944794624,0.13841948423180733,0.14833262128873037
25585,LOF,0.020739175843681363,0.17842192671357537,0.8008388974427433
25586,LOF,0.01791422713495871,0.10404636772606186,0.8780394051389794
25587,LOF,0.018185425818642444,0.09027065877056645,0.891543915410791
25588,LOF,0.021445396802700134,0.09882442790742095,0.8797301752898788
25589,Neutral,0.5011534912242092,0.26237591561913215,0.23647059315665878
25590,LOF,0.04603239982258494,0.1431417148591917,0.8108258853182233
25591,LOF,0.08418832680670378,0.07676826531252173,0.8390434078807745
25592,LOF,0.05698912141349516,0.16595963083273832,0.7770512477537664
25593,LOF,0.11606783090176417,0.30552135950482107,0.5784108095934147
25594,LOF,0.04941181021551432,0.06625588918724386,0.8843323005972419
25595,LOF,0.05052933489225923,0.042917671564558106,0.9065529935431825
25596,LOF,0.124211798041287,0.02295554971622042,0.8528326522424925
25597,LOF,0.0862126595749467,0.029816364298604993,0.8839709761264483
25598,LOF,0.05044817506347609,0.04880946025671411,0.90074236467981
25599,LOF,0.024313381942281026,0.40960036765699936,0.5660862504007196
25600,GOF,0.20347879944816463,0.4068750246305095,0.3896461759213259
25601,LOF,0.043557483350575944,0.31417287366634755,0.6422696429830766
25602,LOF,0.03242249856831575,0.0734822925989937,0.8940952088326906
25603,LOF,0.04024958354953382,0.04931959625397984,0.9104308201964864
25604,LOF,0.04109050715859484,0.08229978991919654,0.8766097029222087
25605,LOF,0.031046469251114435,0.17797618901019716,0.7909773417386884
25606,LOF,0.39576307754459716,0.12924058709899222,0.4749963353564106
25607,LOF,0.026364176586551734,0.19208949550478335,0.7815463279086649
25608,LOF,0.038139091688099744,0.10726407046581896,0.8545968378460812
25609,GOF,0.15765612005477508,0.49915925871642874,0.34318462122879617
25610,LOF,0.015508763951838613,0.04494784297604013,0.9395433930721213
25611,LOF,0.013192716648823091,0.053251995114638365,0.9335552882365385
25612,LOF,0.04726944002609518,0.05147724306622015,0.9012533169076846
25613,LOF,0.045589299359026475,0.051026020757704946,0.9033846798832685
25614,LOF,0.023202392381020998,0.04004462215215242,0.9367529854668266
25615,LOF,0.046671145710554085,0.05754942238365339,0.8957794319057926
25616,LOF,0.0513702252130219,0.04797331030491434,0.9006564644820637
25617,LOF,0.04099967151750242,0.056600831267772336,0.9023994972147252
25618,LOF,0.05042162370789614,0.06770791284141792,0.881870463450686
25619,LOF,0.012931125552754687,0.050934969728966786,0.9361339047182786
25620,LOF,0.05738999998130375,0.06019255565615765,0.8824174443625387
25621,LOF,0.06121957261803787,0.047947797266196475,0.8908326301157656
25622,LOF,0.06765359693010105,0.05609785588708616,0.8762485471828128
25623,LOF,0.06914249408444792,0.03706986771053643,0.8937876382050157
25624,LOF,0.019617142406513858,0.04566683496254903,0.9347160226309371
25625,LOF,0.061400815759361,0.05018377959532324,0.8884154046453157
25626,LOF,0.05025897202568143,0.04992521077726866,0.89981581719705
25627,Neutral,0.8902533184256342,0.01894177657773534,0.0908049049966305
25628,LOF,0.15575754153500856,0.051326222772654036,0.7929162356923374
25629,LOF,0.06932015841342046,0.04124324363105028,0.8894365979555293
25630,LOF,0.26819005827438996,0.0600700434634106,0.6717398982621994
25631,Neutral,0.559514139592564,0.053645906951456615,0.38683995345597927
25632,LOF,0.023562266761894983,0.0806425992800823,0.8957951339580227
25633,LOF,0.1938377783339918,0.04663990446610398,0.7595223171999043
25634,LOF,0.03683123268909697,0.0784870188073919,0.8846817485035112
25635,LOF,0.03686135019169301,0.0444537961218682,0.9186848536864387
25636,LOF,0.03904651508230086,0.449433847324515,0.5115196375931841
25637,GOF,0.06487545044542536,0.4757836361555674,0.4593409133990073
25638,LOF,0.030358350240612137,0.36497710751153795,0.6046645422478498
25639,LOF,0.03338315590217634,0.4224922259329275,0.5441246181648962
25640,Neutral,0.8453070459293078,0.1068307523427447,0.04786220172794742
25641,GOF,0.08450915512135458,0.49025984667027733,0.42523099820836796
25642,LOF,0.06724155955084249,0.2048913101164553,0.7278671303327021
25643,LOF,0.28411011568590205,0.13980945245938772,0.5760804318547101
25644,GOF,0.012652941237877824,0.5097720477956635,0.4775750109664586
25645,LOF,0.015541677241981973,0.47791966643181955,0.5065386563261984
25646,LOF,0.04159015658424598,0.2912155506034213,0.6671942928123327
25647,LOF,0.01742402999630312,0.23150669395902973,0.7510692760446671
25648,LOF,0.018267013269435667,0.29449154459944854,0.6872414421311158
25649,LOF,0.011418375690403262,0.22202539635744403,0.7665562279521527
25650,LOF,0.03137948245736911,0.457369937696727,0.5112505798459038
25651,LOF,0.011919698565348419,0.27994509792725475,0.7081352035073969
25652,LOF,0.022065017790212478,0.26779734930627297,0.7101376329035145
25653,LOF,0.05539855410422173,0.4668469285680539,0.4777545173277244
25654,LOF,0.013880198579040007,0.20576856362924953,0.7803512377917105
25655,GOF,0.17150113696664793,0.49130577605712095,0.33719308697623107
25656,LOF,0.3192674659204883,0.11561249795529384,0.5651200361242178
25657,LOF,0.05049259729660868,0.115718058927422,0.8337893437759694
25658,LOF,0.32821807467258984,0.11729741252073586,0.5544845128066743
25659,Neutral,0.4536675195082825,0.11014046349407651,0.4361920169976411
25660,LOF,0.024193237631625765,0.10554104366191538,0.8702657187064589
25661,LOF,0.09238056758533549,0.0674907116926966,0.840128720721968
25662,LOF,0.038754423620621495,0.03800399957465598,0.9232415768047225
25663,LOF,0.04568223081618589,0.04777937607568034,0.9065383931081337
25664,LOF,0.1322337555020453,0.071386575148759,0.7963796693491957
25665,LOF,0.062378131424491785,0.029033324209704583,0.9085885443658035
25666,LOF,0.1004290878560422,0.0669059914412623,0.8326649207026956
25667,LOF,0.07380578028830165,0.05341993021657325,0.8727742894951251
25668,LOF,0.03943367555183843,0.05966910299669926,0.9008972214514623
25669,LOF,0.0318043049426154,0.058232951401471195,0.9099627436559136
25670,LOF,0.1371068698916827,0.0694993604829495,0.7933937696253677
25671,LOF,0.11413416739589353,0.04446423895243829,0.8414015936516681
25672,LOF,0.052313236206973444,0.041304772081113765,0.9063819917119128
25673,LOF,0.09157005046023978,0.05005239736074457,0.8583775521790157
25674,LOF,0.07812999282229588,0.0630629070783872,0.8588071000993168
25675,LOF,0.11388042466532516,0.0716696680319318,0.8144499073027431
25676,LOF,0.019782957424096508,0.060153355130540834,0.9200636874453627
25677,LOF,0.025128426228849053,0.07631008485288533,0.8985614889182657
25678,LOF,0.18230987423281117,0.08993817946382272,0.7277519463033661
25679,LOF,0.12225318166561795,0.08777639919318457,0.7899704191411974
25680,LOF,0.0352399040429329,0.12020659496777224,0.8445535009892948
25681,LOF,0.05328037732157179,0.1148131989044979,0.8319064237739304
25682,LOF,0.13961301679134852,0.08522796662701097,0.7751590165816404
25683,LOF,0.11239569039108806,0.09242407822732003,0.7951802313815919
25684,LOF,0.04220066131864448,0.07293341013850527,0.8848659285428502
25685,LOF,0.14059954436117286,0.08235701968280677,0.7770434359560202
25686,LOF,0.07775978919665452,0.11926340933415056,0.8029768014691949
25687,LOF,0.1309563769418152,0.12754210525078838,0.7415015178073965
25688,LOF,0.422730915850258,0.041436566637898666,0.5358325175118434
25689,LOF,0.2865553854469021,0.04523758705450399,0.668207027498594
25690,LOF,0.33905387086944955,0.0299941905933855,0.630951938537165
25691,Neutral,0.7007671817480979,0.02726251839499827,0.27197029985690374
25692,LOF,0.35206512582718397,0.014784266332314371,0.6331506078405016
25693,LOF,0.037681234027559664,0.4415551448452625,0.5207636211271779
25694,LOF,0.11899197490253932,0.02123185257131245,0.8597761725261481
25695,LOF,0.12085409396807396,0.016950594509713507,0.8621953115222125
25696,LOF,0.11297454933646658,0.01395085526457682,0.8730745953989565
25697,LOF,0.08080759008855923,0.07292133471865088,0.8462710751927899
25698,LOF,0.30767276172531544,0.18516266338718243,0.5071645748875021
25699,Neutral,0.5404451442382756,0.028263068211933567,0.43129178754979075
25700,LOF,0.09348661779608522,0.007773983664572038,0.8987393985393428
25701,LOF,0.19046203100654674,0.04012682159510835,0.7694111473983449
25702,GOF,0.1665307004461129,0.6286966835283065,0.20477261602558067
25703,LOF,0.014989541057004367,0.15329971999795067,0.831710738945045
25704,LOF,0.0374674285661241,0.14536142741980915,0.8171711440140667
25705,LOF,0.04832565327746567,0.12160445363856642,0.830069893083968
25706,LOF,0.12996817632886284,0.3688107875497702,0.5012210361213669
25707,LOF,0.09398252553372574,0.29390168477873513,0.6121157896875391
25708,LOF,0.044010197407414825,0.2783274938808135,0.6776623087117716
25709,LOF,0.06891781721390414,0.0366466264833968,0.894435556302699
25710,LOF,0.011854429949147259,0.11916673389378424,0.8689788361570685
25711,LOF,0.023156934556509325,0.07148656031636627,0.9053565051271245
25712,LOF,0.015032612052889832,0.15861237182273458,0.8263550161243757
25713,LOF,0.021262416827410886,0.07411584373690241,0.9046217394356867
25714,LOF,0.0852562510521771,0.05601586809355517,0.8587278808542678
25715,LOF,0.012447538567777874,0.10794973359410254,0.8796027278381197
25716,LOF,0.01023006633514292,0.0909185780988226,0.8988513555660345
25717,LOF,0.013891420305544041,0.06598101964386974,0.9201275600505862
25718,LOF,0.012221402618634159,0.06766267065911495,0.9201159267222508
25719,LOF,0.022016173259718486,0.06228854408552499,0.9156952826547565
25720,LOF,0.02688590107572781,0.05398393529449389,0.9191301636297784
25721,LOF,0.014556748044548073,0.09672008842124308,0.8887231635342088
25722,LOF,0.015183819830342712,0.08352487548475969,0.9012913046848976
25723,LOF,0.02690536252013535,0.03656840683030907,0.9365262306495555
25724,LOF,0.03214563101132563,0.06377424997993868,0.9040801190087356
25725,LOF,0.012412316000379498,0.06030932500686462,0.9272783589927559
25726,LOF,0.01679583266485428,0.08317878177223541,0.9000253855629102
25727,LOF,0.012961235512104197,0.06288218170215376,0.9241565827857421
25728,LOF,0.01050703691794751,0.08259620603567631,0.9068967570463763
25729,LOF,0.010865817032372466,0.07833335998529536,0.9108008229823321
25730,LOF,0.014550749393803976,0.07763558616152035,0.9078136644446756
25731,LOF,0.02168628502607739,0.08046508129970681,0.8978486336742157
25732,LOF,0.014088760615702578,0.05790149180575027,0.9280097475785472
25733,LOF,0.017579386699867073,0.053577146958401656,0.9288434663417312
25734,LOF,0.012022058493822006,0.09173670002336728,0.8962412414828108
25735,LOF,0.012313504402776473,0.0642082947480074,0.9234782008492161
25736,LOF,0.013601144346414096,0.07759512096166835,0.9088037346919177
25737,LOF,0.012150693253513228,0.07522482994728702,0.9126244767991997
25738,LOF,0.012541352743055945,0.08092271190149354,0.9065359353554505
25739,LOF,0.023179638347013976,0.06004137314382098,0.9167789885091652
25740,LOF,0.03155114929464518,0.0892345354213856,0.8792143152839692
25741,LOF,0.01720890693866496,0.08160491659878473,0.9011861764625503
25742,LOF,0.1258572302840328,0.05822824487627953,0.8159145248396876
25743,LOF,0.03271952459426784,0.07327711390152272,0.8940033615042094
25744,Neutral,0.5542226881834845,0.2795004199463831,0.1662768918701324
25745,LOF,0.054784879672395224,0.10355251150837823,0.8416626088192265
25746,LOF,0.03378599851710908,0.13772121196666837,0.8284927895162225
25747,LOF,0.02000582396625531,0.10001936255825514,0.8799748134754896
25748,LOF,0.10318867550603587,0.16591265337129102,0.7308986711226731
25749,LOF,0.02176629789934654,0.11668878786316535,0.8615449142374881
25750,LOF,0.058040026639252625,0.12542484873404067,0.8165351246267067
25751,LOF,0.07841019610386435,0.15917498972218416,0.7624148141739515
25752,GOF,0.10390026936512986,0.6696133757122045,0.2264863549226656
25753,LOF,0.02392527256590376,0.2978554023640689,0.6782193250700274
25754,GOF,0.014792969868705255,0.8022509879820237,0.1829560421492711
25755,LOF,0.02591022968904626,0.38326248192802476,0.590827288382929
25756,LOF,0.0476188429729543,0.3671340347264145,0.5852471223006313
25757,GOF,0.019205514870531043,0.8777586510405815,0.10303583408888756
25758,GOF,0.03638765679648033,0.7868114942029413,0.17680084900057827
25759,GOF,0.012157836308881485,0.6412401434259414,0.3466020202651771
25760,LOF,0.014867896768455492,0.2865274284092734,0.6986046748222712
25761,GOF,0.28962501217100933,0.6312098004940568,0.07916518733493369
25762,LOF,0.0473644101053982,0.2764812225105404,0.6761543673840614
25763,LOF,0.016871164546924968,0.20786083573657627,0.7752679997164987
25764,GOF,0.08935224079552212,0.660138813807216,0.25050894539726176
25765,GOF,0.043803889533518665,0.7416670493709603,0.21452906109552106
25766,GOF,0.07179058231531198,0.7784313479580951,0.149778069726593
25767,GOF,0.1573105168186897,0.5668457653122091,0.2758437178691011
25768,LOF,0.11200757149369722,0.058985935117658254,0.8290064933886445
25769,LOF,0.05105721892204197,0.06492720577622123,0.8840155753017369
25770,LOF,0.30909578847493063,0.11619501842873672,0.5747091930963326
25771,LOF,0.04660066732776314,0.05208915906397138,0.9013101736082656
25772,LOF,0.02000838729212063,0.046955613265691025,0.9330359994421883
25773,LOF,0.05191093742895404,0.08392562843588995,0.8641634341351561
25774,LOF,0.0260476951849948,0.09371619894928339,0.8802361058657218
25775,LOF,0.05371657118696354,0.0523580236051309,0.8939254052079056
25776,LOF,0.0741341606609187,0.02798954395384158,0.8978762953852397
25777,LOF,0.34586290132720093,0.08544664066401386,0.5686904580087853
25778,LOF,0.06710554412023118,0.04410073672793045,0.8887937191518385
25779,GOF,0.4021310599001702,0.5389779847421985,0.058890955357631294
25780,GOF,0.3377231565966642,0.5646886577426236,0.09758818566071226
25781,GOF,0.11392657588989986,0.7565897063347976,0.12948371777530238
25782,GOF,0.1707445163496821,0.7178336774100296,0.11142180624028838
25783,GOF,0.02348157234611441,0.5951526011378336,0.381365826516052
25784,Neutral,0.5117532755595033,0.4349448598168919,0.05330186462360477
25785,Neutral,0.47896172548970367,0.4644228954748154,0.05661537903548086
25786,GOF,0.027761426333743556,0.7364949900012334,0.23574358366502304
25787,Neutral,0.6623653772586763,0.30484986495277994,0.0327847577885438
25788,LOF,0.04960056835752003,0.08634484231947813,0.8640545893230018
25789,GOF,0.18792663079415958,0.6325844233191067,0.1794889458867338
25790,GOF,0.23315394835501224,0.6481666677472434,0.11867938389774445
25791,GOF,0.1226787588366128,0.6818246302959253,0.19549661086746195
25792,GOF,0.3326201363946761,0.5171995360463545,0.1501803275589695
25793,GOF,0.2553440669737389,0.5095867021516354,0.2350692308746256
25794,GOF,0.3326460504279574,0.47437218967553374,0.19298175989650895
25795,GOF,0.0634978641323046,0.6686165386665933,0.267885597201102
25796,Neutral,0.5159162837766967,0.3787526688590148,0.10533104736428858
25797,GOF,0.08251360048522946,0.5549764368866866,0.36250996262808394
25798,GOF,0.008274605087872403,0.5158818448631187,0.4758435500490089
25799,LOF,0.0068183518237564435,0.4193348572709317,0.5738467909053119
25800,GOF,0.03117345986605797,0.5949477162207175,0.3738788239132246
25801,GOF,0.2293303008423256,0.6392155619878633,0.13145413716981108
25802,GOF,0.06284773074587106,0.6864731091616985,0.25067916009243035
25803,GOF,0.032305334291274024,0.5674347278588758,0.40025993784985014
25804,GOF,0.032425681262090264,0.5057335235221624,0.4618407952157474
25805,GOF,0.09706437843553126,0.5771466715613698,0.325788950003099
25806,GOF,0.11196124294903809,0.5727759412031964,0.3152628158477654
25807,GOF,0.019401971150810722,0.6114842268681001,0.36911380198108906
25808,GOF,0.09427482546152716,0.5907997486581312,0.31492542588034156
25809,GOF,0.020968017438050254,0.6194971361029162,0.3595348464590334
25810,GOF,0.020134084085666495,0.6138689773279166,0.3659969385864171
25811,Neutral,0.48371251401527604,0.4327455034070729,0.08354198257765114
25812,GOF,0.03483987452908035,0.5953261577874868,0.36983396768343285
25813,Neutral,0.5368426020363045,0.3428977039231911,0.1202596940405044
25814,GOF,0.12310491899822883,0.6299054442199817,0.24698963678178937
25815,GOF,0.2057830734510702,0.5811794685789169,0.21303745797001292
25816,GOF,0.02165897964207015,0.6670661914354808,0.31127482892244895
25817,GOF,0.23011379452981556,0.5974567879680279,0.17242941750215662
25818,GOF,0.04839254313411183,0.5644330143554406,0.38717444251044764
25819,GOF,0.3757031942368696,0.4424416760107375,0.181855129752393
25820,GOF,0.17051556045437552,0.5787449027618359,0.2507395367837886
25821,GOF,0.05321632274689255,0.6275344876985274,0.31924918955458
25822,GOF,0.22940917701453828,0.5085448928135446,0.26204593017191696
25823,LOF,0.028091195974464266,0.48391931977073077,0.48798948425480515
25824,GOF,0.07219315267143213,0.5137372805554665,0.41406956677310147
25825,GOF,0.02694586148078306,0.5166710159184085,0.45638312260080843
25826,GOF,0.01038546854224092,0.5032511778373745,0.4863633536203846
25827,GOF,0.01890055305252493,0.5840654079750474,0.3970340389724277
25828,LOF,0.012025583224007243,0.49265725985040754,0.4953171569255852
25829,GOF,0.0057899964486494366,0.5348510377549036,0.45935896579644686
25830,LOF,0.03711195200035324,0.2830320457245705,0.6798560022750764
25831,GOF,0.17969295730785992,0.6671821552574145,0.15312488743472555
25832,GOF,0.030412208479608894,0.6539271987699524,0.31566059275043873
25833,GOF,0.11708821353934053,0.6690726752527135,0.213839111207946
25834,GOF,0.033176384085946156,0.6522274169704602,0.31459619894359353
25835,GOF,0.08142501293365126,0.6776812181005761,0.24089376896577258
25836,GOF,0.039166551264046175,0.616298279111889,0.3445351696240647
25837,GOF,0.021660344344776716,0.5228041545743418,0.4555355010808814
25838,GOF,0.0679696413601249,0.7202899674477347,0.21174039119214036
25839,GOF,0.24854219155896362,0.5794632686052298,0.1719945398358066
25840,GOF,0.236033119250673,0.5670019582016977,0.19696492254762915
25841,GOF,0.23537603544723218,0.5633094068974743,0.20131455765529346
25842,GOF,0.17839630714155627,0.6355938899685923,0.18600980288985133
25843,GOF,0.19791883484965236,0.6580024706857606,0.14407869446458704
25844,GOF,0.05477709140980241,0.6315947908419891,0.31362811774820853
25845,LOF,0.012576650314930824,0.4586160656652445,0.5288072840198247
25846,GOF,0.09675879151518489,0.709761734138144,0.1934794743466712
25847,GOF,0.11857389070053422,0.7321737369911041,0.14925237230836175
25848,GOF,0.03239838013631647,0.6461954016514995,0.3214062182121841
25849,GOF,0.009508845323297058,0.548056375694314,0.442434778982389
25850,GOF,0.020770966592065374,0.6228276405467754,0.3564013928611593
25851,GOF,0.015542794398780493,0.5260098035516625,0.45844740204955703
25852,GOF,0.1673366030265245,0.5577667414397199,0.2748966555337556
25853,GOF,0.32292745038407294,0.5748967906177521,0.10217575899817492
25854,GOF,0.01827499503882919,0.5910816173505934,0.3906433876105775
25855,GOF,0.030157676475863364,0.5594057579455495,0.41043656557858715
25856,GOF,0.22212816600197757,0.5427730471045825,0.23509878689343983
25857,LOF,0.029426146646225313,0.4704292399067614,0.5001446134470133
25858,GOF,0.015582124567381957,0.5337705521325212,0.45064732330009677
25859,GOF,0.009635646850169684,0.5233311586890508,0.46703319446077957
25860,GOF,0.3814986001101947,0.5274937545834533,0.09100764530635201
25861,GOF,0.39351763123524136,0.5229117053107469,0.08357066345401166
25862,GOF,0.08529545183860521,0.7623701023803752,0.1523344457810198
25863,GOF,0.08845772014555377,0.7681284657248684,0.143413814129578
25864,GOF,0.18953030004403884,0.7306566229165676,0.07981307703939354
25865,GOF,0.07357731856773209,0.7980031385907914,0.12841954284147636
25866,GOF,0.05540962094054243,0.7941453838731009,0.1504449951863567
25867,GOF,0.08147553215871797,0.8122155219837696,0.10630894585751251
25868,GOF,0.28835112769239557,0.6061102378037335,0.10553863450387097
25869,Neutral,0.6795117988223298,0.2746803400793252,0.0458078610983449
25870,LOF,0.30861772001845345,0.26914909990494595,0.4222331800766005
25871,GOF,0.18810452274079267,0.597562346501685,0.21433313075752228
25872,GOF,0.0845981557818648,0.6153048101016548,0.3000970341164804
25873,GOF,0.1454704150247594,0.623366620556371,0.23116296441886952
25874,LOF,0.019858804278972075,0.11203343701562525,0.8681077587054026
25875,LOF,0.09053646417808746,0.033953250415718894,0.8755102854061936
25876,LOF,0.03421890268614541,0.03580076678790769,0.9299803305259469
25877,Neutral,0.5152596977921907,0.03595092637973336,0.4487893758280759
25878,LOF,0.22691840886528003,0.06879986530416848,0.7042817258305515
25879,LOF,0.08581655420433361,0.07557639431368667,0.8386070514819798
25880,LOF,0.023191931906083818,0.019163711540260142,0.957644356553656
25881,LOF,0.16682270394091922,0.12859272237689448,0.7045845736821863
25882,LOF,0.07469834190640266,0.01712605584418476,0.9081756022494125
25883,LOF,0.07977256387751439,0.026314373577973553,0.893913062544512
25884,LOF,0.0369252191281703,0.038397384866020526,0.9246773960058091
25885,LOF,0.06830871689273861,0.014056565725095116,0.9176347173821662
25886,LOF,0.31896152471270833,0.04792419277437318,0.6331142825129183
25887,LOF,0.16828531057693327,0.08140213394996824,0.7503125554730986
25888,LOF,0.06411866905069252,0.07239601072031357,0.8634853202289939
25889,LOF,0.04667036325817541,0.027935658174864226,0.9253939785669604
25890,LOF,0.043081158199673314,0.14826536987006142,0.8086534719302653
25891,LOF,0.03600682990171216,0.06224395323136062,0.9017492168669271
25892,LOF,0.10236847682756633,0.01637399860931206,0.8812575245631217
25893,LOF,0.27130307309763857,0.012549689210603477,0.716147237691758
25894,LOF,0.18735526669669322,0.006919941132354524,0.8057247921709523
25895,LOF,0.2137478191265332,0.015044683116966015,0.7712074977565008
25896,LOF,0.0543704231023229,0.013961176715169946,0.9316684001825073
25897,LOF,0.2540555494916052,0.010069052565623085,0.7358753979427717
25898,Neutral,0.6967041181715052,0.00714940660423859,0.29614647522425624
25899,LOF,0.2562393615605712,0.01936025005880999,0.7244003883806188
25900,LOF,0.45171598949206737,0.01260408949899836,0.5356799210089342
25901,LOF,0.07062989404211645,0.009289475443633479,0.9200806305142502
25902,LOF,0.20894622457021486,0.007771853801208267,0.7832819216285769
25903,Neutral,0.5185909901236706,0.023672632025322226,0.45773637785100724
25904,LOF,0.32040819585625596,0.02885648251416483,0.6507353216295793
25905,LOF,0.025695582388969206,0.2969728590302786,0.6773315585807522
25906,LOF,0.02326520136062221,0.05786289244268928,0.9188719061966886
25907,LOF,0.01613941018673617,0.3094392597162506,0.6744213300970133
25908,LOF,0.011137270450545224,0.22095009235712518,0.7679126371923296
25909,LOF,0.014372020500527665,0.09907815603950577,0.8865498234599666
25910,LOF,0.05222847732880993,0.09919351440674821,0.848578008264442
25911,LOF,0.130403835902577,0.042301568518518066,0.827294595578905
25912,LOF,0.041542317184751605,0.059480598387129435,0.898977084428119
25913,LOF,0.2844795274315084,0.026808553353599593,0.688711919214892
25914,LOF,0.022624281297173907,0.12377761841850211,0.8535981002843239
25915,Neutral,0.41570867066670614,0.33814378229487674,0.246147547038417
25916,LOF,0.05632370015857616,0.35328994672643665,0.5903863531149872
25917,LOF,0.056120834983083324,0.07027010830765118,0.8736090567092656
25918,LOF,0.03177717984182055,0.06607955916109644,0.9021432609970831
25919,LOF,0.024837921144843338,0.07018600467811349,0.9049760741770432
25920,GOF,0.09553453388879346,0.5078359813477131,0.3966294847634934
25921,LOF,0.03055948142180055,0.018845210823496744,0.9505953077547028
25922,LOF,0.04144362913575229,0.01269215762417412,0.9458642132400735
25923,LOF,0.4150559331112955,0.013980378503167528,0.570963688385537
25924,LOF,0.04230652077188783,0.027063731379253976,0.9306297478488582
25925,LOF,0.07221284621095618,0.018182307684447334,0.9096048461045966
25926,LOF,0.04847623020397206,0.012785771343493945,0.938737998452534
25927,LOF,0.0684311013759844,0.05933721435820362,0.872231684265812
25928,LOF,0.021792318974543257,0.02748864889666471,0.950719032128792
25929,Neutral,0.5618337427230494,0.015096139048643223,0.42307011822830737
25930,LOF,0.06155429697540569,0.01172575822878202,0.9267199447958124
25931,LOF,0.030611910839844728,0.017232734488018188,0.952155354672137
25932,LOF,0.029308520124229697,0.014071504815007378,0.9566199750607629
25933,LOF,0.04279127431742412,0.00893820702246977,0.9482705186601061
25934,LOF,0.02588755244272058,0.01048944374963634,0.963623003807643
25935,LOF,0.0644459144567034,0.021558891068728943,0.9139951944745677
25936,LOF,0.05284534033346797,0.013684053616024594,0.9334706060505074
25937,LOF,0.027478196697284792,0.025911522577679928,0.9466102807250354
25938,LOF,0.06115215206031136,0.026360592548103627,0.9124872553915849
25939,LOF,0.04203972177364851,0.00953710125475144,0.9484231769716001
25940,LOF,0.03308172410839618,0.37105574205173514,0.5958625338398688
25941,LOF,0.17416072298012555,0.09585205233884488,0.7299872246810295
25942,LOF,0.01743515907880633,0.038489780593310145,0.9440750603278836
25943,LOF,0.2957166483227707,0.0587085015614143,0.645574850115815
25944,LOF,0.46964896938676637,0.03320166719875614,0.4971493634144775
25945,LOF,0.07278118500017731,0.02778357297291459,0.899435242026908
25946,LOF,0.03337857307288954,0.09598623936949753,0.8706351875576129
25947,LOF,0.10888066537314083,0.2191496110765836,0.6719697235502756
25948,LOF,0.37984789680028114,0.019033144979656604,0.6011189582200623
25949,LOF,0.11007668010089575,0.07742278709549025,0.8125005328036139
25950,GOF,0.2931891786476609,0.42862968354227593,0.2781811378100631
25951,LOF,0.22793128287651057,0.2395835516416445,0.532485165481845
25952,LOF,0.04701303003873052,0.4534616697384965,0.4995253002227729
25953,LOF,0.12765339167195533,0.11709226790793235,0.7552543404201123
25954,Neutral,0.42115742007006973,0.20761719222112535,0.371225387708805
25955,LOF,0.06347311805292458,0.08979766145402146,0.8467292204930539
25956,LOF,0.19393661923305056,0.08665388224155877,0.7194094985253906
25957,LOF,0.041978917731600646,0.04201584723210636,0.9160052350362928
25958,LOF,0.05870644402397554,0.028035089561947536,0.9132584664140769
25959,LOF,0.06272142999322246,0.3265936285560412,0.6106849414507364
25960,LOF,0.019797381249756624,0.055661759336952596,0.9245408594132909
25961,LOF,0.048228999346509115,0.033931362868198874,0.917839637785292
25962,LOF,0.050903630729611106,0.037943906939252245,0.9111524623311367
25963,LOF,0.049737721136532353,0.17417454408250468,0.7760877347809629
25964,LOF,0.03798946393932093,0.14042289662793303,0.8215876394327462
25965,LOF,0.40926203073152434,0.07336874508724461,0.517369224181231
25966,LOF,0.3848306249625364,0.2207792445973018,0.39439013044016186
25967,LOF,0.011937470422285613,0.09537752810476673,0.8926850014729477
25968,GOF,0.03425873980545087,0.5124818500252373,0.45325941016931187
25969,LOF,0.022334925940027752,0.07131785626842166,0.9063472177915507
25970,LOF,0.05578664883491568,0.06662263095809177,0.8775907202069926
25971,LOF,0.07676736428235933,0.017794628938356347,0.9054380067792843
25972,LOF,0.0811237704709536,0.02382174398953098,0.8950544855395155
25973,LOF,0.10468971924638397,0.0056118084102952425,0.8896984723433208
25974,LOF,0.21898430552488685,0.014288082382819697,0.7667276120922935
25975,LOF,0.06166282036277888,0.018562083796737596,0.9197750958404836
25976,LOF,0.04821620515470911,0.011755772943025737,0.9400280219022651
25977,LOF,0.1482590958623099,0.09094574186324403,0.7607951622744461
25978,LOF,0.14763687738473563,0.04691720007863472,0.8054459225366297
25979,LOF,0.14190994885092498,0.04673397317752219,0.8113560779715528
25980,LOF,0.19420344579230148,0.06440126508549493,0.7413952891222036
25981,LOF,0.22559345958353386,0.0626099353060321,0.711796605110434
25982,LOF,0.4219887981254855,0.036937703926266975,0.5410734979482474
25983,LOF,0.40481783173239255,0.03688999813773919,0.5582921701298683
25984,LOF,0.057186426606056925,0.0704190985097577,0.8723944748841854
25985,LOF,0.024797236261422086,0.2820831210355186,0.6931196427030593
25986,LOF,0.034220117289874875,0.2824243165968227,0.6833555661133023
25987,LOF,0.07956680581549538,0.0944003074141376,0.826032886770367
25988,LOF,0.13291369932693922,0.08102150615228726,0.7860647945207734
25989,LOF,0.029737374137893544,0.1452064410074924,0.8250561848546141
25990,LOF,0.03745064661796688,0.1758865833725329,0.7866627700095001
25991,LOF,0.22810215606316905,0.31845852523677587,0.4534393187000551
25992,LOF,0.371477951281159,0.1849313626256247,0.44359068609321617
25993,LOF,0.023383904746498697,0.08004147956354639,0.8965746156899549
25994,LOF,0.01554841501013383,0.12403631262629229,0.8604152723635738
25995,LOF,0.024905951692488302,0.20326034491982314,0.7718337033876886
25996,GOF,0.28327443471225544,0.49073001435643393,0.2259955509313107
25997,GOF,0.10978281495065316,0.5191754317481961,0.3710417533011507
25998,Neutral,0.5134141396905141,0.01836458833848707,0.46822127197099883
25999,LOF,0.15463901119772241,0.11190537431185668,0.7334556144904208
26000,LOF,0.16922149254493005,0.025675227272631527,0.8051032801824384
26001,LOF,0.18488355664690084,0.032738682888955095,0.7823777604641441
26002,LOF,0.15709301301965092,0.028286977727635956,0.8146200092527132
26003,GOF,0.010413411366124267,0.560765657316728,0.4288209313171477
26004,GOF,0.025588531853753742,0.6142058956241032,0.36020557252214297
26005,LOF,0.008660068305372283,0.4563988608762286,0.5349410708183991
26006,Neutral,0.5225882022423024,0.22989930714430598,0.24751249061339164
26007,GOF,0.01903735608182472,0.5084712459690923,0.4724913979490829
26008,GOF,0.021249073929997274,0.542046905029744,0.4367040210402588
26009,GOF,0.022630853645100087,0.5595734765428851,0.4177956698120148
26010,GOF,0.027065145766672752,0.5790623012839291,0.3938725529493981
26011,LOF,0.007736088764034324,0.44421710234783257,0.5480468088881332
26012,GOF,0.015779289279580146,0.5244762235031599,0.45974448721725986
26013,GOF,0.01787570773552544,0.5735893754189906,0.40853491684548404
26014,LOF,0.04648831545031708,0.11682521437821135,0.8366864701714715
26015,LOF,0.1936439460563476,0.012375509685343325,0.7939805442583091
26016,LOF,0.24399303172090275,0.051102521473234505,0.7049044468058627
26017,LOF,0.22629749340983918,0.0836515006930449,0.6900510058971159
26018,LOF,0.10053366822243219,0.04537754356061615,0.8540887882169518
26019,LOF,0.09550109352013968,0.03395703069128019,0.8705418757885802
26020,LOF,0.06567459250760639,0.11255125978079653,0.8217741477115972
26021,LOF,0.055973184450463696,0.13451151155944735,0.8095153039900889
26022,LOF,0.011623737978004102,0.05151773178418635,0.9368585302378095
26023,LOF,0.12932472812505372,0.025629728916995356,0.845045542957951
26024,LOF,0.03305859990354487,0.13698185490517045,0.8299595451912847
26025,LOF,0.15641162461606267,0.11542647551091145,0.7281618998730259
26026,LOF,0.308153369142116,0.02439561189115735,0.6674510189667267
26027,LOF,0.09067579133926792,0.02181463982344911,0.8875095688372829
26028,LOF,0.14117357523439372,0.08839710339284665,0.7704293213727597
26029,LOF,0.06605375887318642,0.16846892437465152,0.765477316752162
26030,LOF,0.023113241856194875,0.05518873775649767,0.9216980203873075
26031,LOF,0.026744068010276723,0.13954624835152188,0.8337096836382013
26032,LOF,0.07141661418470241,0.052034818418174276,0.8765485673971234
26033,LOF,0.12990246044214454,0.05932690231368873,0.8107706372441668
26034,LOF,0.04089127895925664,0.14789283411684423,0.8112158869238991
26035,LOF,0.02645904153401987,0.13269390593868496,0.8408470525272951
26036,LOF,0.03834066639999108,0.15803484131803613,0.8036244922819727
26037,LOF,0.021754536242223715,0.11237066160538323,0.865874802152393
26038,LOF,0.06824052663215947,0.05034964538928059,0.8814098279785599
26039,LOF,0.055329414276263825,0.14343627082203556,0.8012343149017007
26040,LOF,0.21002550259211739,0.10273598183619519,0.6872385155716875
26041,LOF,0.022181095198280203,0.10778703002256161,0.8700318747791581
26042,LOF,0.022120682961954265,0.10764771874373713,0.8702315982943086
26043,LOF,0.06722343606462843,0.061603869243807174,0.8711726946915643
26044,LOF,0.02038113553450122,0.06638801117901444,0.9132308532864845
26045,LOF,0.07644917776208211,0.09593539909857111,0.8276154231393469
26046,LOF,0.07013024716114621,0.06299485343579461,0.8668748994030593
26047,LOF,0.10051313991973977,0.06789264577816569,0.8315942143020946
26048,LOF,0.04990044545300016,0.05223298138568915,0.8978665731613107
26049,Neutral,0.9541756088483317,0.006768954486325406,0.03905543666534282
26050,Neutral,0.9391010949839851,0.008150556118284366,0.05274834889773039
26051,LOF,0.04863592935490555,0.2732943158827159,0.6780697547623786
26052,LOF,0.06682792655431345,0.236234663160246,0.6969374102854405
26053,LOF,0.05576542055028629,0.13189681239210166,0.8123377670576121
26054,LOF,0.055752690995069215,0.027114191159227745,0.917133117845703
26055,LOF,0.07172419977784138,0.018449248697377258,0.9098265515247814
26056,LOF,0.05945210159234052,0.020961820980462478,0.9195860774271971
26057,LOF,0.03218048083482911,0.012116880780432507,0.9557026383847383
26058,LOF,0.03282304028191274,0.010272689124508965,0.9569042705935783
26059,LOF,0.2938708060446348,0.03408119102415368,0.6720480029312115
26060,LOF,0.032207539821070594,0.18505592780063645,0.7827365323782931
26061,LOF,0.018784687638731028,0.011900057645734789,0.9693152547155341
26062,LOF,0.011369568706328903,0.017342987300001316,0.9712874439936697
26063,LOF,0.02269123006797685,0.013763298277578358,0.9635454716544449
26064,LOF,0.026765033153935254,0.019376650798134457,0.9538583160479304
26065,LOF,0.02514509317326919,0.013737033698343108,0.9611178731283876
26066,LOF,0.021217949878237347,0.01264065721283697,0.9661413929089256
26067,LOF,0.027864714292907444,0.009022558642240063,0.9631127270648525
26068,LOF,0.04938392910412292,0.03721770674615595,0.9133983641497212
26069,LOF,0.28269712286450777,0.022927463375594336,0.694375413759898
26070,LOF,0.43121813485759913,0.01716923959252653,0.5516126255498744
26071,LOF,0.023746476069086066,0.013889039996646202,0.9623644839342677
26072,LOF,0.022971274128763194,0.01848520303761439,0.9585435228336223
26073,LOF,0.02545006038257601,0.012527752163423923,0.9620221874540001
26074,Neutral,0.9027947574102398,0.006166033169343585,0.09103920942041653
26075,LOF,0.04750312464600674,0.015731854976861314,0.936765020377132
26076,LOF,0.04386224759882015,0.00948575617722819,0.9466519962239517
26077,LOF,0.009291017465485142,0.017842657658412184,0.9728663248761026
26078,LOF,0.01462794945152212,0.012945076833502864,0.972426973714975
26079,LOF,0.06224582120564165,0.019896274795248498,0.9178579039991099
26080,LOF,0.0610499282643481,0.01989995710001273,0.9190501146356391
26081,LOF,0.03979481304329997,0.007722665840453233,0.9524825211162468
26082,LOF,0.01666413868735314,0.016762271273687287,0.9665735900389596
26083,LOF,0.12966422628539157,0.01433722234764676,0.8559985513669617
26084,LOF,0.02713614743365278,0.013494030443421668,0.9593698221229255
26085,LOF,0.022306278895671685,0.012987630781673936,0.9647060903226543
26086,LOF,0.024121606738186134,0.01239711423035609,0.9634812790314577
26087,LOF,0.02641517421109976,0.0086828704634775,0.9649019553254228
26088,LOF,0.016249178921463554,0.024059852218089647,0.9596909688604469
26089,LOF,0.046110469473335,0.02707565187648811,0.926813878650177
26090,LOF,0.04461615612435441,0.020429064170190987,0.9349547797054546
26091,LOF,0.04112825468812644,0.007347977738624964,0.9515237675732486
26092,LOF,0.0262610843481451,0.009489978196462062,0.9642489374553928
26093,LOF,0.039501118897662925,0.007189199076447614,0.9533096820258894
26094,LOF,0.042781253832847345,0.008023482297527576,0.949195263869625
26095,LOF,0.047477665245843785,0.01664827727389955,0.9358740574802566
26096,LOF,0.020057367927039136,0.012391175917131276,0.9675514561558295
26097,LOF,0.011238240539559914,0.03780197981816168,0.9509597796422783
26098,LOF,0.07044997087714784,0.013895198066876372,0.9156548310559757
26099,LOF,0.024309777878451688,0.015263528894618569,0.9604266932269299
26100,LOF,0.02664637556016732,0.014603065480277384,0.9587505589595553
26101,LOF,0.05624209453241984,0.015215606599554187,0.928542298868026
26102,LOF,0.027350472665376463,0.015381595308289609,0.957267932026334
26103,Neutral,0.883343471049502,0.023800472839486688,0.09285605611101146
26104,LOF,0.07414046552850927,0.03997551244578292,0.8858840220257078
26105,LOF,0.2250236598811913,0.27833547353589644,0.4966408665829123
26106,LOF,0.18528670524523164,0.1469603883995947,0.6677529063551737
26107,LOF,0.23874269207157695,0.09799172560454715,0.663265582323876
26108,LOF,0.27870177825142334,0.1245770367898075,0.5967211849587692
26109,LOF,0.09181714223451276,0.10589486211707921,0.8022879956484081
26110,LOF,0.21434453333682094,0.007959943517769196,0.7776955231454099
26111,LOF,0.4751161041738885,0.021771774473729234,0.5031121213523821
26112,LOF,0.03542676287705699,0.0076350289248428,0.9569382081981003
26113,LOF,0.05816815937165379,0.014970320370825413,0.9268615202575208
26114,LOF,0.030502846634694897,0.022195578708335693,0.9473015746569694
26115,LOF,0.09772667300603656,0.050492454242346975,0.8517808727516164
26116,LOF,0.07782560290069321,0.04917330367784525,0.8730010934214616
26117,LOF,0.4185723925217941,0.05554067709815305,0.5258869303800529
26118,LOF,0.0421186176103419,0.027798074323856774,0.9300833080658014
26119,LOF,0.024271122082518668,0.03713021199454989,0.9385986659229315
26120,LOF,0.03582328541617943,0.025071426576545253,0.9391052880072753
26121,LOF,0.052308556924776636,0.07933270751928112,0.8683587355559423
