feature0,prediction,LoGoFunc_Neutral,LoGoFunc_GOF,LoGoFunc_LOF
25546,Neutral,0.6208409801484989,0.05802467606972159,0.3211343437817795
25547,Neutral,0.5167822656003104,0.09433121833655901,0.3888865160631306
25548,Neutral,0.5155281822361323,0.08989934815955236,0.39457246960431525
25549,Neutral,0.4583468273564138,0.08746325730950584,0.4541899153340802
25550,LOF,0.39866607612336663,0.10066210489284014,0.5006718189837932
25551,LOF,0.3514612205390905,0.10490157315028979,0.5436372063106198
25552,LOF,0.32038662317238825,0.11420968767810073,0.5654036891495111
25553,Neutral,0.7879057795882796,0.05176851608368943,0.16032570432803103
25554,LOF,0.3497391165649631,0.10309616009832959,0.5471647233367073
25555,LOF,0.30625008229091916,0.10626324622662049,0.5874866714824604
25556,Neutral,0.4700996945715086,0.10207381442279173,0.42782649100569964
25557,LOF,0.30100995425919985,0.10258380853900466,0.5964062372017955
25558,LOF,0.36144697337087345,0.09631248003271842,0.5422405465964081
25559,LOF,0.23327443310394017,0.06440713906333705,0.7023184278327228
25560,LOF,0.10188642027628182,0.13724009726773279,0.7608734824559854
25561,LOF,0.11171637127968938,0.20436992981418528,0.6839136989061254
25562,LOF,0.03715351812982353,0.10131273075070939,0.861533751119467
25563,LOF,0.008865054387279435,0.14931066912073027,0.8418242764919903
25564,LOF,0.08573076876990486,0.10726244079109519,0.807006790439
25565,LOF,0.19872617349055186,0.16862055081711913,0.632653275692329
25566,GOF,0.06614539349242386,0.6988470979599628,0.23500750854761332
25567,LOF,0.052151470261501305,0.1763265301055044,0.7715219996329943
25568,LOF,0.05956336741707266,0.09727561444770226,0.843161018135225
25569,LOF,0.062108218510545994,0.09384175240976601,0.844050029079688
25570,LOF,0.027644667121564805,0.1439075270554952,0.8284478058229399
25571,LOF,0.026465723589261865,0.1516175812698273,0.8219166951409109
25572,LOF,0.05464323712555893,0.2051711956634913,0.7401855672109497
25573,LOF,0.07038630325477609,0.14154223725329948,0.7880714594919245
25574,LOF,0.0729012767164675,0.25043856396887243,0.6766601593146601
25575,LOF,0.024058242308866915,0.17917393889057456,0.7967678188005586
25576,LOF,0.024648106471398833,0.23328712885146669,0.7420647646771344
25577,LOF,0.029730314410835946,0.18598197822037707,0.7842877073687871
25578,LOF,0.3074791001795339,0.10522406415252328,0.5872968356679429
25579,LOF,0.22293386395878173,0.10364087713012891,0.6734252589110893
25580,LOF,0.02344926148554854,0.10017207749961698,0.8763786610148344
25581,LOF,0.04816130222359921,0.10313150657486962,0.8487071912015313
25582,LOF,0.04786295607934945,0.09932015820374121,0.8528168857169094
25583,LOF,0.029476339676996862,0.12261640040295953,0.8479072599200437
25584,Neutral,0.7157200280325526,0.12770885986126632,0.15657111210618108
25585,LOF,0.021774248230769032,0.20058076658892837,0.7776449851803026
25586,LOF,0.020460551739005718,0.13529595877848513,0.8442434894825092
25587,LOF,0.0209968616403942,0.11542690234261188,0.8635762360169938
25588,LOF,0.025729872653486856,0.1072891069672745,0.8669810203792386
25589,Neutral,0.5366571550625312,0.24481497010161046,0.21852787483585842
25590,LOF,0.05243129480132468,0.14304077960013217,0.8045279255985431
25591,LOF,0.07774949354768705,0.09374037244397394,0.8285101340083391
25592,LOF,0.06977778421144758,0.18026116115298566,0.7499610546355667
25593,LOF,0.11103693608394742,0.2910059458908872,0.5979571180251653
25594,LOF,0.05844356945935734,0.03109722145061873,0.9104592090900239
25595,LOF,0.05738804610807811,0.020193936572372853,0.9224180173195491
25596,LOF,0.1192755262278245,0.014904662366275244,0.8658198114059004
25597,LOF,0.08423866498810785,0.01580885877967225,0.8999524762322199
25598,LOF,0.05289851020694301,0.021044704090701225,0.9260567857023557
25599,LOF,0.025963133101624472,0.36939024075240506,0.6046466261459705
25600,LOF,0.19181089237640245,0.3763602007840124,0.43182890683958525
25601,LOF,0.050203590583182384,0.30028594283237536,0.6495104665844423
25602,LOF,0.03505166448231771,0.07066122838175334,0.894287107135929
25603,LOF,0.04963376346730545,0.0768086453706865,0.873557591162008
25604,LOF,0.04750049016367414,0.13200791310232765,0.8204915967339982
25605,LOF,0.039510707047989424,0.22144512266162608,0.7390441702903845
25606,Neutral,0.40706850619745194,0.24187769753804259,0.35105379626450556
25607,LOF,0.029382345012032667,0.26663965080567464,0.7039780041822926
25608,LOF,0.0394052383952798,0.11303139190900235,0.8475633696957178
25609,GOF,0.1453515109712765,0.595086271024529,0.2595622180041945
25610,LOF,0.01874126396778892,0.05792654307641418,0.9233321929557969
25611,LOF,0.01382862127374741,0.05887716940851693,0.9272942093177357
25612,LOF,0.04761806398719197,0.06646484937699165,0.8859170866358164
25613,LOF,0.04709566837243247,0.06468690230784299,0.8882174293197245
25614,LOF,0.025104496736893182,0.04983044674527681,0.92506505651783
25615,LOF,0.04420752637786166,0.059386912680130965,0.8964055609420074
25616,LOF,0.06262398741071241,0.05951786972732528,0.8778581428619623
25617,LOF,0.04885800138382871,0.06461635216686265,0.8865256464493086
25618,LOF,0.0523417310936862,0.08764248455586894,0.8600157843504449
25619,LOF,0.014727124880830531,0.07418995557971748,0.9110829195394521
25620,LOF,0.055496425433699606,0.058732329862320805,0.8857712447039796
25621,LOF,0.0671505151020543,0.0546949808454994,0.8781545040524463
25622,LOF,0.07698297634424028,0.06575995664828962,0.8572570670074702
25623,LOF,0.06620676443184005,0.056581263761884895,0.877211971806275
25624,LOF,0.02266105872981737,0.057824687185868015,0.9195142540843148
25625,LOF,0.06389230680565024,0.06496188663755291,0.871145806556797
25626,LOF,0.04554146792235209,0.06182278703194382,0.8926357450457042
25627,Neutral,0.8876652200970956,0.02444215210037747,0.08789262780252684
25628,LOF,0.17109478365690264,0.07003265442396872,0.7588725619191287
25629,LOF,0.06518009630033458,0.06658743314016229,0.8682324705595031
25630,LOF,0.2714062465757172,0.083740735513411,0.6448530179108718
25631,Neutral,0.5465634620675579,0.06353339374953117,0.38990314418291094
25632,LOF,0.033075979649144244,0.14257252139888035,0.8243514989519753
25633,LOF,0.2295966715421418,0.0776728775119145,0.6927304509459437
25634,LOF,0.04372418587905364,0.13595659922210152,0.820319214898845
25635,LOF,0.0387445611934152,0.06476985461613226,0.8964855841904527
25636,GOF,0.030405752699110517,0.5783364157954648,0.3912578315054247
25637,GOF,0.04320336167314819,0.5497171181494059,0.40707952017744603
25638,GOF,0.02550854201602533,0.5065387782845052,0.46795267969946935
25639,LOF,0.03152629481339307,0.46987144848212575,0.4986022567044811
25640,Neutral,0.8530596735717495,0.08465522936069989,0.06228509706755061
25641,LOF,0.09775444864374999,0.4147832451620227,0.48746230619422726
25642,LOF,0.09612845392258373,0.18137223588107929,0.7224993101963371
25643,LOF,0.3131441872972216,0.10230837170502628,0.584547440997752
25644,GOF,0.010644655072288338,0.6308489786748028,0.3585063662529088
25645,GOF,0.0115451557546059,0.60294485821203,0.38550998603336406
25646,LOF,0.02647069485030533,0.4188823248951172,0.5546469802545775
25647,LOF,0.011475354285027307,0.29057530414307287,0.6979493415718998
25648,LOF,0.012974879706740633,0.39247376690513136,0.5945513533881281
25649,LOF,0.008705857432792768,0.2923540839361204,0.6989400586310868
25650,GOF,0.025988153793043756,0.6140326476439408,0.3599791985630155
25651,LOF,0.010192748114290356,0.40796274528919224,0.5818445065965173
25652,LOF,0.0124506309135969,0.4310765553842283,0.5564728137021748
25653,GOF,0.04078976229993768,0.592464720207743,0.3667455174923192
25654,LOF,0.012509096531728913,0.27741021228528906,0.710080691182982
25655,GOF,0.0857645092961754,0.6096584005779779,0.3045770901258466
25656,LOF,0.2728827537168194,0.08683553945703491,0.6402817068261457
25657,LOF,0.035521510604796254,0.09095088058449201,0.8735276088107117
25658,LOF,0.31656791656975497,0.1405404776055951,0.5428916058246499
25659,Neutral,0.47062341845671535,0.14819435706045056,0.3811822244828341
25660,LOF,0.02257987138403545,0.09849682254080655,0.878923306075158
25661,LOF,0.06751770472363687,0.06277518998238807,0.869707105293975
25662,LOF,0.028576942069136326,0.03490737386582909,0.9365156840650346
25663,LOF,0.030678284594858336,0.033117158170804906,0.9362045572343368
25664,LOF,0.10260110456147307,0.052389998668769075,0.8450088967697579
25665,LOF,0.05903645549795263,0.029579212789464897,0.9113843317125825
25666,LOF,0.07079250610792395,0.043933419466131676,0.8852740744259444
25667,LOF,0.06522920885664366,0.03846416550767647,0.8963066256356799
25668,LOF,0.030490880735453082,0.04877994886158154,0.9207291704029654
25669,LOF,0.02187691383928361,0.044768292012447086,0.9333547941482693
25670,LOF,0.11141675143345088,0.03900051172635042,0.8495827368401987
25671,LOF,0.09563756211397169,0.03490016332228986,0.8694622745637384
25672,LOF,0.05071567452291974,0.04423402021431027,0.90505030526277
25673,LOF,0.09166054571311597,0.03588935597955271,0.8724500983073312
25674,LOF,0.0832463351639392,0.04612696423651085,0.8706267005995499
25675,LOF,0.07831207770308954,0.06155063184331422,0.8601372904535962
25676,LOF,0.017060067880210868,0.053431212468104616,0.9295087196516845
25677,LOF,0.016968850668136335,0.07825991748651358,0.9047712318453501
25678,LOF,0.16054793652699922,0.08747529377468571,0.7519767696983151
25679,LOF,0.10392159162041725,0.0903710677902009,0.8057073405893818
25680,LOF,0.028300698339927474,0.12160151909461653,0.850097782565456
25681,LOF,0.04713429085798079,0.10743164840562065,0.8454340607363986
25682,LOF,0.11622140075166222,0.06526354576819195,0.8185150534801459
25683,LOF,0.0929864391312352,0.07594728729091031,0.8310662735778545
25684,LOF,0.028639434614588486,0.05292425111198388,0.9184363142734276
25685,LOF,0.12213552595661295,0.07848872082407524,0.7993757532193119
25686,LOF,0.08028601852213803,0.12043337493242681,0.7992806065454352
25687,LOF,0.12685692552592434,0.119717024729379,0.7534260497446966
25688,LOF,0.41038640245212665,0.039200469088637196,0.5504131284592362
25689,LOF,0.27622053043027445,0.04702960092620184,0.6767498686435237
25690,LOF,0.34036562874824045,0.03444457503128762,0.6251897962204718
25691,Neutral,0.6981426371803432,0.032643092402593395,0.26921427041706336
25692,LOF,0.3647948559062625,0.012937778683319147,0.6222673654104185
25693,GOF,0.037239334334580605,0.4884436330760252,0.4743170325893942
25694,LOF,0.11289938517370661,0.01818962002177463,0.8689109948045187
25695,LOF,0.10427843836788922,0.008727478887099087,0.8869940827450116
25696,LOF,0.11813653922665267,0.01231996387138414,0.8695434969019632
25697,LOF,0.06431920451288477,0.0831097439551852,0.85257105153193
25698,LOF,0.2458284364373343,0.2672739970940199,0.4868975664686458
25699,LOF,0.4447628752083234,0.025289268087543552,0.529947856704133
25700,LOF,0.06241692156258126,0.008289161529970683,0.9292939169074481
25701,LOF,0.18304403994840507,0.027737442466578242,0.7892185175850167
25702,GOF,0.18243766290131064,0.6633869777955205,0.15417535930316886
25703,LOF,0.016694642331640856,0.1713389042776204,0.8119664533907387
25704,LOF,0.03487841343859897,0.15566645377546517,0.8094551327859358
25705,LOF,0.045618590504441114,0.0735796851771659,0.880801724318393
25706,LOF,0.10863677723828606,0.4217107953434137,0.4696524274183001
25707,LOF,0.07415295531941729,0.3626065737575058,0.5632404709230768
25708,LOF,0.03525874379547973,0.31159770774470785,0.6531435484598125
25709,LOF,0.07376613855476197,0.032348499780549815,0.8938853616646882
25710,LOF,0.015159627304485616,0.11730379637645882,0.8675365763190556
25711,LOF,0.021217923532544383,0.06863054214222351,0.910151534325232
25712,LOF,0.016639038227600163,0.16319937995319042,0.8201615818192094
25713,LOF,0.01782647072341309,0.06520195542796091,0.9169715738486259
25714,LOF,0.07780032124160632,0.0482042215961437,0.87399545716225
25715,LOF,0.011231935118971751,0.10460636314522252,0.8841617017358059
25716,LOF,0.010524562140619047,0.0860830808363153,0.9033923570230655
25717,LOF,0.015645663306175152,0.05598983267677971,0.9283645040170451
25718,LOF,0.01136458404076265,0.04267592037309162,0.9459594955861457
25719,LOF,0.021659512506304948,0.06090944148642984,0.9174310460072651
25720,LOF,0.027350017221341272,0.04121570602248555,0.9314342767561732
25721,LOF,0.011141296360573589,0.05687996935402573,0.9319787342854007
25722,LOF,0.012890351670614288,0.048283065118020815,0.9388265832113649
25723,LOF,0.02588562280832146,0.03223177362289723,0.9418826035687813
25724,LOF,0.03284674639272474,0.06480181909856135,0.902351434508714
25725,LOF,0.011064020188027204,0.06166460534383909,0.9272713744681338
25726,LOF,0.017022848015564508,0.06993481973801671,0.9130423322464187
25727,LOF,0.01360444786156343,0.046073838666194834,0.9403217134722418
25728,LOF,0.01007446734244018,0.06656609080950542,0.9233594418480544
25729,LOF,0.010355425182813582,0.06720709149485855,0.9224374833223278
25730,LOF,0.014185709230273949,0.06782268816780898,0.9179916026019171
25731,LOF,0.019194332765502184,0.0786268595034817,0.902178807731016
25732,LOF,0.012738159887647671,0.044967618043016064,0.9422942220693363
25733,LOF,0.014199859042408194,0.0532710394149351,0.9325291015426568
25734,LOF,0.013223433336819197,0.10779513696582085,0.8789814296973599
25735,LOF,0.010885657845602862,0.05231777483132989,0.9367965673230672
25736,LOF,0.012007836741390509,0.05636744656422665,0.9316247166943828
25737,LOF,0.012239878442635821,0.09223019941085286,0.8955299221465114
25738,LOF,0.012170385279703112,0.09195323810829106,0.8958763766120057
25739,LOF,0.021423497807923155,0.06049255815228294,0.9180839440397939
25740,LOF,0.02976431336903506,0.10698348272610839,0.8632522039048565
25741,LOF,0.015670340714591908,0.09336319431437437,0.8909664649710338
25742,LOF,0.12251333150550213,0.06734169595388219,0.8101449725406157
25743,LOF,0.0434316795173651,0.056604743639048646,0.8999635768435863
25744,Neutral,0.6402323210772061,0.23808561773542886,0.12168206118736517
25745,LOF,0.06423194660643237,0.08186695846290318,0.8539010949306645
25746,LOF,0.04666508484911151,0.11515360656277714,0.8381813085881112
25747,LOF,0.017192957495123184,0.10977138876956798,0.8730356537353088
25748,LOF,0.1114198112288983,0.19154517076931002,0.6970350180017916
25749,LOF,0.028194230132868318,0.10493496061416413,0.8668708092529674
25750,LOF,0.07035731561928966,0.12803606117312716,0.8016066232075831
25751,LOF,0.11626487808997502,0.1426132354694012,0.7411218864406239
25752,GOF,0.11993721404767867,0.6357081096968181,0.24435467625550328
25753,LOF,0.03377935413517817,0.3811113229851866,0.5851093228796352
25754,GOF,0.019386348335358506,0.7784909172456915,0.20212273441895007
25755,LOF,0.03119567915329078,0.35551351293042105,0.6132908079162882
25756,LOF,0.06514084231215492,0.41587862765819333,0.5189805300296518
25757,GOF,0.019099140989748332,0.8640407582446515,0.11686010076560019
25758,GOF,0.02718326317930304,0.7865690900339517,0.18624764678674532
25759,GOF,0.011242730460749839,0.6582351858923483,0.3305220836469017
25760,LOF,0.01944196265368473,0.3607464174538858,0.6198116198924294
25761,GOF,0.2683089337399184,0.6343471138382942,0.09734395242178744
25762,LOF,0.05041364856493618,0.34869627610217957,0.6008900753328842
25763,LOF,0.017407647353382655,0.24000229235346734,0.74259006029315
25764,GOF,0.06849035101595478,0.6926349747733869,0.23887467421065847
25765,GOF,0.035802851451085395,0.758801695950752,0.20539545259816255
25766,GOF,0.08660077743244658,0.7352789362649589,0.17812028630259458
25767,LOF,0.14725339803139673,0.39649651795106916,0.45625008401753425
25768,LOF,0.11603140128156784,0.0350110212384423,0.8489575774799899
25769,LOF,0.054581704653135284,0.06833682904254058,0.8770814663043242
25770,LOF,0.3197944202108052,0.11054211287815773,0.5696634669110371
25771,LOF,0.06343875076960241,0.05600848976498235,0.8805527594654152
25772,LOF,0.018936895914162463,0.052806257958617195,0.9282568461272203
25773,LOF,0.06863340180804828,0.06528701701916857,0.8660795811727832
25774,LOF,0.029789811982443282,0.12706809390512827,0.8431420941124284
25775,LOF,0.0629772251556674,0.05991094658173516,0.8771118282625974
25776,LOF,0.07610171102790463,0.03588731425644891,0.8880109747156465
25777,LOF,0.3301796659720357,0.09834986416891395,0.5714704698590504
25778,LOF,0.06973880766930995,0.05191902417119703,0.878342168159493
25779,GOF,0.41011374361830233,0.5448050907522538,0.04508116562944387
25780,GOF,0.3218634596153515,0.5944794140478146,0.08365712633683392
25781,GOF,0.11527244985996915,0.7707058839611842,0.11402166617884663
25782,GOF,0.18046123331172015,0.7306965547580594,0.08884221193022056
25783,GOF,0.026736705525252435,0.658991520297644,0.3142717741771036
25784,Neutral,0.5274493922655131,0.43256798609989955,0.039982621634587344
25785,Neutral,0.5361740909423774,0.4094280984580354,0.054397810599587225
25786,GOF,0.03712486346609242,0.7268757627901589,0.23599937374374885
25787,Neutral,0.6948715304122839,0.2727605774076689,0.032367892180047146
25788,LOF,0.05808020356273006,0.0712671501399038,0.870652646297366
25789,GOF,0.2002013695702762,0.6487682195100302,0.15103041091969366
25790,GOF,0.2509165742648957,0.6508237980917314,0.09825962764337277
25791,GOF,0.1483116431514666,0.6602749249003541,0.19141343194817922
25792,GOF,0.3632476894926483,0.4977125924588877,0.13903971804846396
25793,GOF,0.2753865404700119,0.46438552874925704,0.26022793078073114
25794,GOF,0.3144522628490092,0.4672427646223395,0.21830497252865136
25795,GOF,0.06278871219305329,0.6973956455414483,0.23981564226549848
25796,Neutral,0.5361808228654242,0.38786928867360293,0.07594988846097271
25797,GOF,0.09156088793873812,0.5202069786652231,0.3882321333960388
25798,GOF,0.010759001242428849,0.49706024461783377,0.4921807541397374
25799,LOF,0.008954233502057962,0.43855220785813226,0.5524935586398098
25800,GOF,0.043942232262756536,0.6131353186090956,0.3429224491281478
25801,GOF,0.25802615512980615,0.6391185550145788,0.10285528985561511
25802,GOF,0.08265777198149579,0.6586815265517699,0.25866070146673426
25803,GOF,0.05185373652248306,0.5555852972235374,0.3925609662539795
25804,LOF,0.04334210006979078,0.46402670104489563,0.4926311988853137
25805,GOF,0.13446140409055607,0.5519790766645151,0.3135595192449289
25806,GOF,0.14242265016705374,0.5730815567736482,0.284495793059298
25807,GOF,0.020751904501997112,0.6108358577716396,0.3684122377263634
25808,GOF,0.1226585391966311,0.5404809316356751,0.33686052916769377
25809,GOF,0.02004977285420189,0.5855499481206513,0.39440027902514685
25810,GOF,0.021870196661409064,0.5971030641062482,0.38102673923234276
25811,GOF,0.4664856900272487,0.468200923503007,0.06531338646974429
25812,GOF,0.03934678816114805,0.6328951390527303,0.3277580727861217
25813,Neutral,0.5621148149755602,0.32606693709663453,0.11181824792780526
25814,GOF,0.13083633845507298,0.6548734572958086,0.2142902042491185
25815,GOF,0.2522453700549648,0.5724060645099723,0.17534856543506294
25816,GOF,0.020407523444536727,0.7028207838974734,0.2767716926579899
25817,GOF,0.19564583738378044,0.692146765926662,0.11220739668955745
25818,GOF,0.04477946923385217,0.5647444763063331,0.39047605445981476
25819,GOF,0.37453874642154633,0.4722368318372641,0.1532244217411894
25820,GOF,0.19966054754847856,0.5981185367013503,0.20222091575017112
25821,GOF,0.05904925080588012,0.6796147845801002,0.26133596461401976
25822,GOF,0.22498218774049078,0.5307242358102922,0.24429357644921695
25823,LOF,0.030734257138568397,0.46204739507370907,0.5072183477877226
25824,GOF,0.0743124310185132,0.49098374731700967,0.43470382166447724
25825,GOF,0.029694968907394346,0.5011225023697602,0.4691825287228455
25826,LOF,0.010499752161526849,0.4788443638430968,0.5106558839953764
25827,GOF,0.01792342424724403,0.5699911554201071,0.4120854203326488
25828,LOF,0.010738607106282135,0.4843347408180519,0.5049266520756659
25829,GOF,0.006079268695742942,0.5378048261041605,0.4561159052000965
25830,LOF,0.03977740664773448,0.24138691908602386,0.7188356742662416
25831,GOF,0.14142271684932328,0.7330877846636942,0.12548949848698254
25832,GOF,0.029687735033821976,0.6867758301307983,0.2835364348353796
25833,GOF,0.11073871777866587,0.6835499137369156,0.20571136848441834
25834,GOF,0.03400831288850463,0.6795119113325051,0.28647977577899014
25835,GOF,0.0870260817253847,0.6426639003575048,0.27031001791711057
25836,GOF,0.04190927701224285,0.6593666119763681,0.2987241110113889
25837,GOF,0.020083963557504005,0.5204827157709797,0.4594333206715163
25838,GOF,0.0821547347459366,0.7173831771417316,0.20046208811233174
25839,GOF,0.2778289472942704,0.5515800116382967,0.1705910410674328
25840,GOF,0.21209904366546928,0.5794501367383845,0.20845081959614628
25841,GOF,0.23374020323461892,0.5776249388204757,0.18863485794490534
25842,GOF,0.16474905674420032,0.6320035986375093,0.20324734461829036
25843,GOF,0.21880307014855638,0.6371430614311117,0.14405386842033188
25844,GOF,0.052412576349250894,0.6433075864154266,0.30427983723532254
25845,LOF,0.011966647403751855,0.48661482294999076,0.5014185296462574
25846,GOF,0.08744635444449265,0.7280792157951033,0.18447442976040396
25847,GOF,0.12203240313036298,0.7247704863654344,0.15319711050420276
25848,GOF,0.035366674823674026,0.6721580714663693,0.2924752537099568
25849,GOF,0.010035513809094622,0.5642868380904456,0.4256776481004599
25850,GOF,0.022975145235165043,0.5818382546019412,0.39518660016289386
25851,LOF,0.019151617518114148,0.4799524188445499,0.500895963637336
25852,GOF,0.14111942367202718,0.5717364055357939,0.287144170792179
25853,GOF,0.3090156860448448,0.6117929453846466,0.07919136857050867
25854,GOF,0.01759491386361114,0.6685590067431144,0.3138460793932744
25855,GOF,0.04162297198753092,0.5983308109824772,0.3600462170299918
25856,GOF,0.2279933653056865,0.5696804325007548,0.20232620219355876
25857,GOF,0.03228129869131438,0.5202509435576275,0.44746775775105807
25858,GOF,0.017581296549092736,0.5876897023369492,0.39472900111395814
25859,GOF,0.009397055784127183,0.5746959155789252,0.4159070286369478
25860,GOF,0.3203245938674068,0.5764628804194211,0.1032125257131721
25861,GOF,0.35508019107143646,0.5605094591129232,0.08441034981564048
25862,GOF,0.08085643685472195,0.7796969181651096,0.13944664498016854
25863,GOF,0.07995541920120477,0.7927144647986726,0.1273301160001227
25864,GOF,0.18804210348547384,0.7282226867365202,0.08373520977800586
25865,GOF,0.07392679655254679,0.7823307881796301,0.14374241526782314
25866,GOF,0.05941066205870832,0.799697369672388,0.14089196826890363
25867,GOF,0.07974440560208255,0.7987612424913317,0.12149435190658579
25868,GOF,0.23351466314025643,0.6366599609075069,0.1298253759522367
25869,Neutral,0.6850058735854961,0.2744530571952479,0.0405410692192559
25870,LOF,0.31187220567702634,0.230758434959008,0.4573693593639656
25871,GOF,0.23082258129515237,0.624731862222452,0.1444455564823956
25872,GOF,0.09053916244601655,0.6200463399860116,0.2894144975679719
25873,GOF,0.15352284517876505,0.6313873732576767,0.21508978156355832
25874,LOF,0.022002600402457127,0.0727026285937071,0.9052947710038358
25875,LOF,0.08443269461096752,0.0617874185204605,0.853779886868572
25876,LOF,0.024338512120445514,0.062492754319827135,0.9131687335597274
25877,Neutral,0.4805336540422718,0.06428242216058049,0.4551839237971477
25878,LOF,0.19355692603894065,0.1177725056864177,0.6886705682746416
25879,LOF,0.10353723258739488,0.15204527990030126,0.744417487512304
25880,LOF,0.022075913401569735,0.027566715617879087,0.9503573709805512
25881,LOF,0.17369523564191458,0.20264920822807186,0.6236555561300136
25882,LOF,0.08398492995685906,0.01594269638985269,0.9000723736532883
25883,LOF,0.08579896147214239,0.03735924377141558,0.8768417947564421
25884,LOF,0.04524464880568872,0.045831117878236606,0.9089242333160746
25885,LOF,0.06058432333883679,0.02329079808714869,0.9161248785740145
25886,LOF,0.37280397691280276,0.07915458291334825,0.5480414401738489
25887,LOF,0.1771201688582221,0.1157641835636343,0.7071156475781437
25888,LOF,0.06791397140251164,0.10902247665503553,0.8230635519424527
25889,LOF,0.04858465013017862,0.035389500562175914,0.9160258493076454
25890,LOF,0.05724762295882821,0.18173539177127548,0.7610169852698963
25891,LOF,0.06050737944622522,0.07396090665378408,0.8655317138999906
25892,LOF,0.10695525710842763,0.018474400650621805,0.8745703422409505
25893,LOF,0.2968500158596385,0.012022467490653775,0.6911275166497078
25894,LOF,0.17479936460535395,0.0065825873020484,0.8186180480925976
25895,LOF,0.21250360915800715,0.016648976852463627,0.7708474139895292
25896,LOF,0.0476463581923128,0.017804732785800283,0.934548909021887
25897,LOF,0.22374663979666704,0.010813158610490732,0.7654402015928423
25898,Neutral,0.7415884678865744,0.008037918480610608,0.25037361363281513
25899,LOF,0.2836082693414191,0.02744316091423723,0.6889485697443438
25900,LOF,0.4828076314514638,0.014908928160788279,0.5022834403877479
25901,LOF,0.05596514941660849,0.008946550856115839,0.9350882997272757
25902,LOF,0.2018465356252882,0.0073292408301455685,0.7908242235445662
25903,Neutral,0.5764291140673039,0.022018183912132307,0.40155270202056387
25904,LOF,0.24850556316346037,0.030050755232254072,0.7214436816042855
25905,LOF,0.026469151916706676,0.30263998759807775,0.6708908604852155
25906,LOF,0.02606409291075242,0.07489240799381554,0.8990434990954321
25907,LOF,0.015554359657609327,0.3118510345170534,0.6725946058253373
25908,LOF,0.014403484098653007,0.21356324984349187,0.7720332660578552
25909,LOF,0.01427208323225825,0.1483164351799307,0.837411481587811
25910,LOF,0.05482768127797714,0.13114978915060257,0.8140225295714203
25911,LOF,0.12084589048936482,0.049133176654499414,0.8300209328561358
25912,LOF,0.035508177316856356,0.08229797206455325,0.8821938506185903
25913,LOF,0.2743467109264649,0.03263865161175776,0.6930146374617774
25914,LOF,0.02788554458047418,0.1102852488196761,0.8618292065998497
25915,Neutral,0.43166282461177946,0.2058024139353667,0.3625347614528538
25916,LOF,0.0733146583527943,0.22558775087694632,0.7010975907702595
25917,LOF,0.06419242855190564,0.05362044122099101,0.8821871302271034
25918,LOF,0.034864018235783535,0.06323349754308624,0.9019024842211302
25919,LOF,0.0300670653866894,0.06849138688566103,0.9014415477276495
25920,GOF,0.09793558869191724,0.595775524289597,0.3062888870184858
25921,LOF,0.036542396595100654,0.03493012904356769,0.9285274743613318
25922,LOF,0.04948774926473741,0.023174798375918425,0.9273374523593441
25923,LOF,0.41648100715588243,0.022608970265277965,0.5609100225788396
25924,LOF,0.04274103720982921,0.03094630897854442,0.9263126538116264
25925,LOF,0.07703762138353555,0.03330979672616583,0.8896525818902986
25926,LOF,0.05615032624552296,0.022024303240586737,0.9218253705138904
25927,LOF,0.07706051741028709,0.05996457813274308,0.8629749044569699
25928,LOF,0.02623414658418714,0.02613352910624824,0.9476323243095647
25929,Neutral,0.562665045891112,0.026291873832719855,0.4110430802761681
25930,LOF,0.06974760669791913,0.01798626270214812,0.9122661305999328
25931,LOF,0.03447509720405675,0.020494099335988947,0.9450308034599543
25932,LOF,0.03197220544502828,0.02009106934486947,0.9479367252101022
25933,LOF,0.04108744312947548,0.012943010427762575,0.945969546442762
25934,LOF,0.027045384647252205,0.01528007039140381,0.9576745449613439
25935,LOF,0.0734153767896186,0.03157120961966329,0.8950134135907182
25936,LOF,0.04819337466303227,0.020818962512421643,0.9309876628245461
25937,LOF,0.03923663121689852,0.027571200939526627,0.9331921678435748
25938,LOF,0.07047765809802176,0.03774006295131977,0.8917822789506584
25939,LOF,0.04334124802597197,0.014454257909858935,0.9422044940641692
25940,LOF,0.024648971583014996,0.3829664914936255,0.5923845369233595
25941,LOF,0.14855915862219504,0.09772198048101406,0.7537188608967909
25942,LOF,0.013845879496550143,0.04041657170612698,0.9457375487973229
25943,LOF,0.3018198221502697,0.08171124540099808,0.6164689324487322
25944,Neutral,0.5014055357671622,0.044815300647839826,0.453779163584998
25945,LOF,0.06521156982446084,0.02759860676698545,0.9071898234085537
25946,LOF,0.041872138138525035,0.13660534326969478,0.8215225185917803
25947,LOF,0.10436623906667288,0.2006786714363926,0.6949550894969344
25948,LOF,0.4087028315852107,0.015578666360436024,0.5757185020543534
25949,LOF,0.08294447335365804,0.07298487883949165,0.8440706478068503
25950,GOF,0.2372266792219015,0.47685626701997946,0.28591705375811904
25951,LOF,0.2930935137278249,0.23149032454712876,0.47541616172504636
25952,GOF,0.04728158015775697,0.50409250680574,0.448625913036503
25953,LOF,0.14374246607657756,0.11357315496222214,0.7426843789612004
25954,LOF,0.36688323991829425,0.26524063583910706,0.3678761242425986
25955,LOF,0.05387974269090608,0.08915916211756655,0.8569610951915274
25956,LOF,0.18829529624303584,0.056147648034745874,0.7555570557222183
25957,LOF,0.04807585146571487,0.025094760883036655,0.9268293876512484
25958,LOF,0.06253488659808717,0.032477686554686906,0.9049874268472259
25959,LOF,0.06424381771696006,0.40148472197333884,0.5342714603097011
25960,LOF,0.022521361251307836,0.05624365864038106,0.9212349801083112
25961,LOF,0.05165135872625269,0.043432454245096945,0.9049161870286504
25962,LOF,0.06619067056335502,0.035752740459095614,0.8980565889775494
25963,LOF,0.05714877641204055,0.18893312035945936,0.7539181032285001
25964,LOF,0.03495120162630502,0.18301888910131842,0.7820299092723766
25965,LOF,0.4501484056654851,0.08759936916256393,0.462252225171951
25966,Neutral,0.3627361244507597,0.31874141573778364,0.31852245981145666
25967,LOF,0.015956904059225042,0.10410429099874954,0.8799388049420255
25968,LOF,0.03727782710438106,0.45694767465505504,0.5057744982405639
25969,LOF,0.02830283490070408,0.05643504456529495,0.915262120534001
25970,LOF,0.06673675753003083,0.04992375907496219,0.883339483395007
25971,LOF,0.08586780557501476,0.025801537724384836,0.8883306567006004
25972,LOF,0.08764312571485093,0.036017253854966326,0.8763396204301828
25973,LOF,0.08741523071129075,0.00978917067134941,0.9027955986173597
25974,LOF,0.281966904797155,0.018039912650677045,0.6999931825521679
25975,LOF,0.053274272553641436,0.03148273696304178,0.9152429904833167
25976,LOF,0.037307433007077326,0.02435455554395497,0.9383380114489677
25977,LOF,0.13264991350580776,0.12026513884866129,0.747084947645531
25978,LOF,0.11609779975626482,0.13161325298333196,0.7522889472604031
25979,LOF,0.1141438101824639,0.11522468285890337,0.7706315069586327
25980,LOF,0.15190540076051404,0.17337395270594397,0.6747206465335419
25981,LOF,0.18503614109284092,0.16892258991718398,0.6460412689899752
25982,LOF,0.36552504468111724,0.11749708253721501,0.5169778727816677
25983,LOF,0.3700863913711752,0.10938574230141349,0.5205278663274113
25984,LOF,0.05748350007895847,0.09866058566103776,0.8438559142600038
25985,LOF,0.01985485250751028,0.3456860924544759,0.6344590550380138
25986,LOF,0.02377730935443544,0.3163872349042276,0.659835455741337
25987,LOF,0.086929498093065,0.12360613821059417,0.7894643636963409
25988,LOF,0.12704251673762887,0.09208260411388433,0.7808748791484869
25989,LOF,0.02567723664115456,0.1632533530175786,0.8110694103412669
25990,LOF,0.03925177977647961,0.13399356561593867,0.8267546546075818
25991,GOF,0.1277584002416042,0.47830044951892525,0.39394115023947046
25992,LOF,0.2801261545193661,0.3261764831456935,0.39369736233494046
25993,LOF,0.023375227111015414,0.11714673413120467,0.85947803875778
25994,LOF,0.015460072749937269,0.1449305879837346,0.8396093392663282
25995,LOF,0.02561717375224479,0.1860623668990654,0.7883204593486898
25996,GOF,0.19300401443193846,0.5877949638950936,0.2192010216729679
25997,GOF,0.06143885646553345,0.6038067330423487,0.3347544104921179
25998,Neutral,0.5813631169363122,0.021935371380841173,0.3967015116828466
25999,LOF,0.14876294366886675,0.13028109043424116,0.720955965896892
26000,LOF,0.1156918227792964,0.026250091306624253,0.8580580859140794
26001,LOF,0.1958117025564522,0.026493426279183604,0.7776948711643642
26002,LOF,0.14794336451706844,0.02784869846012772,0.8242079370228038
26003,GOF,0.009995604408625541,0.6924063680261734,0.297598027565201
26004,GOF,0.021319675935773566,0.7341864028915268,0.2444939211726996
26005,GOF,0.009456090102378387,0.6024119630899932,0.38813194680762825
26006,Neutral,0.5182324025771492,0.30617740974491614,0.1755901876779347
26007,GOF,0.01687029052169096,0.6306893811719755,0.35244032830633354
26008,GOF,0.02446501065746495,0.6405217563797018,0.3350132329628333
26009,GOF,0.030359162635876298,0.6923479772553832,0.27729286010874055
26010,GOF,0.021537658450651073,0.7737128621297163,0.20474947941963254
26011,GOF,0.008843224153674249,0.5482559390565043,0.44290083678982156
26012,GOF,0.01866594791277764,0.6426748698888021,0.33865918219842017
26013,GOF,0.018667775798075912,0.7180526298871197,0.26327959431480447
26014,LOF,0.03584500377767782,0.22160469436595323,0.7425503018563689
26015,LOF,0.19115312162642037,0.009781105709390768,0.7990657726641888
26016,LOF,0.26091370906491457,0.04518159720734658,0.693904693727739
26017,LOF,0.18340619403550354,0.0912048042664553,0.7253890016980412
26018,LOF,0.07856363910471845,0.02873788323864905,0.8926984776566325
26019,LOF,0.0789424331904645,0.02163826427099356,0.899419302538542
26020,LOF,0.05602407889211915,0.11375171398261137,0.8302242071252695
26021,LOF,0.05408119510603095,0.14531191894530243,0.8006068859486667
26022,LOF,0.009979808764900762,0.0680574941840194,0.9219626970510799
26023,LOF,0.11069352592011372,0.02023816252355539,0.8690683115563309
26024,LOF,0.02814958142472457,0.1134618089295694,0.858388609645706
26025,LOF,0.13549756717000475,0.09652555803784212,0.7679768747921532
26026,LOF,0.3249597087494595,0.01632215527422136,0.6587181359763191
26027,LOF,0.07450228911395439,0.015318472341941667,0.9101792385441041
26028,LOF,0.18542600923928157,0.09263611971393075,0.7219378710467877
26029,LOF,0.10193292597360386,0.16020051078033654,0.7378665632460596
26030,LOF,0.03303055835663049,0.06471432841427839,0.9022551132290911
26031,LOF,0.03956790543126473,0.137225575527313,0.8232065190414224
26032,LOF,0.0839101647340414,0.05652694746392912,0.8595628878020296
26033,LOF,0.1442822490999677,0.06264163591736918,0.7930761149826632
26034,LOF,0.05991181080725561,0.13014860536450779,0.8099395838282367
26035,LOF,0.041078951903282625,0.10789910765785916,0.8510219404388581
26036,LOF,0.058362473533320504,0.13548438516320818,0.8061531413034713
26037,LOF,0.033376564641481254,0.1004696967223968,0.8661537386361219
26038,LOF,0.07897474505541943,0.05095999398329151,0.8700652609612891
26039,LOF,0.0792885880288413,0.11141878165514096,0.8092926303160176
26040,LOF,0.2359277489023409,0.09194754611434496,0.6721247049833141
26041,LOF,0.03230757286730124,0.09373493611973638,0.8739574910129624
26042,LOF,0.031107614189780697,0.09608928194355273,0.8728031038666666
26043,LOF,0.07689331728815249,0.06727862348891007,0.8558280592229375
26044,LOF,0.030958285715157983,0.07197063234031285,0.8970710819445291
26045,LOF,0.10270033940567917,0.08498599852816174,0.8123136620661591
26046,LOF,0.08087574541901094,0.07122364803062219,0.8479006065503669
26047,LOF,0.11470379806318326,0.08037614989486477,0.804920052041952
26048,LOF,0.058334354246320344,0.056235755965099055,0.8854298897885805
26049,Neutral,0.9519910725346556,0.010010091196955742,0.03799883626838858
26050,Neutral,0.9346548907802636,0.011195938076887959,0.05414917114284856
26051,GOF,0.047748380308125976,0.49184919472280686,0.4604024249690672
26052,GOF,0.05486498473158224,0.4847824101793658,0.4603526050890519
26053,LOF,0.05900428884616213,0.21411287186039965,0.7268828392934382
26054,LOF,0.06526250980157547,0.0422489349050558,0.8924885552933688
26055,LOF,0.08056429217878444,0.03293300074541998,0.8865027070757955
26056,LOF,0.07162181246062749,0.0406445764657184,0.887733611073654
26057,LOF,0.032927244058016274,0.019067822454696723,0.948004933487287
26058,LOF,0.033403246368793105,0.016843157395455704,0.9497535962357513
26059,LOF,0.2857055280550099,0.04865516017806482,0.6656393117669254
26060,LOF,0.026437355752054362,0.3299029166536968,0.6436597275942488
26061,LOF,0.02024595079427662,0.024229137290123676,0.9555249119155996
26062,LOF,0.012625555226930481,0.03834418376006316,0.9490302610130064
26063,LOF,0.02262018105385584,0.019506021415206812,0.9578737975309374
26064,LOF,0.027479513673348627,0.021590882066027047,0.9509296042606245
26065,LOF,0.027682944480495453,0.022684017695759118,0.9496330378237454
26066,LOF,0.021430977225817428,0.020619266667164994,0.9579497561070175
26067,LOF,0.02651602436236198,0.0162071162495548,0.9572768593880832
26068,LOF,0.054628934836377735,0.05193392846953935,0.893437136694083
26069,LOF,0.2661584457422957,0.03905774055043826,0.694783813707266
26070,LOF,0.39485877987609086,0.02688178016956882,0.5782594399543403
26071,LOF,0.023211403496746486,0.02409361144008685,0.9526949850631667
26072,LOF,0.028397056961426363,0.03508458268352575,0.936518360355048
26073,LOF,0.025433805010592687,0.018785050520335637,0.9557811444690718
26074,Neutral,0.9263447800263422,0.008312729030451521,0.06534249094320632
26075,LOF,0.04817253304946606,0.02746833651562664,0.9243591304349073
26076,LOF,0.04493683337542349,0.016282011863652576,0.9387811547609239
26077,LOF,0.010204386147403748,0.040446962096398614,0.9493486517561975
26078,LOF,0.01634905464382349,0.023308592275915883,0.9603423530802607
26079,LOF,0.05705573187975623,0.033094852552525506,0.9098494155677184
26080,LOF,0.057061968362787784,0.03319129115485232,0.9097467404823599
26081,LOF,0.0378678931737768,0.012624051676292363,0.9495080551499308
26082,LOF,0.021010009519988323,0.03850519081523477,0.9404847996647769
26083,LOF,0.14738985881799943,0.02058463905212862,0.832025502129872
26084,LOF,0.027309161256792256,0.031116672227651295,0.9415741665155564
26085,LOF,0.02362844782691873,0.02786643547032547,0.9485051167027558
26086,LOF,0.02359207478598799,0.02367597920421367,0.9527319460097983
26087,LOF,0.0258447579090988,0.01595474750528692,0.9582004945856144
26088,LOF,0.02167593509689282,0.04056527365339483,0.9377587912497124
26089,LOF,0.05102746127925686,0.037321874925439424,0.9116506637953038
26090,LOF,0.049223402187369814,0.029183761611674026,0.9215928362009561
26091,LOF,0.042023282185612576,0.010883681886205986,0.9470930359281815
26092,LOF,0.02984219928718132,0.017079081741095896,0.9530787189717227
26093,LOF,0.04362306885471,0.010934138602089756,0.9454427925432003
26094,LOF,0.05048311063488849,0.009797516675288201,0.9397193726898233
26095,LOF,0.060083990356854154,0.02792517533792531,0.9119908343052205
26096,LOF,0.018344106663595736,0.023454201619463624,0.9582016917169406
26097,LOF,0.011013349545647678,0.08926643661799427,0.8997202138363581
26098,LOF,0.07559213051776954,0.02891829694789044,0.8954895725343401
26099,LOF,0.02688075180867888,0.027869168422945605,0.9452500797683755
26100,LOF,0.02845773164939464,0.026463395818636385,0.945078872531969
26101,LOF,0.06146552977297159,0.024049130146573932,0.9144853400804545
26102,LOF,0.028218638010900035,0.02093627157136014,0.9508450904177397
26103,Neutral,0.8882993862784871,0.03424387634062092,0.07745673738089201
26104,LOF,0.07560471016782729,0.04990615147688148,0.8744891383552912
26105,LOF,0.20340218477589317,0.28784474321403397,0.5087530720100729
26106,LOF,0.18128588258195932,0.15380856445237523,0.6649055529656654
26107,LOF,0.23557161762832637,0.13371077135631182,0.6307176110153617
26108,LOF,0.2542461720299329,0.16805227242089432,0.5777015555491728
26109,LOF,0.05326370625592869,0.1413581196310145,0.8053781741130568
26110,LOF,0.24126086033057678,0.00982982425852726,0.7489093154108959
26111,LOF,0.47463936494982223,0.01982300914339436,0.5055376259067834
26112,LOF,0.037930781572570134,0.009845427164215008,0.9522237912632149
26113,LOF,0.054517528799506575,0.016445444252886323,0.9290370269476071
26114,LOF,0.01809827766531579,0.02972327061501274,0.9521784517196715
26115,LOF,0.08815454826266449,0.04725276650755216,0.8645926852297833
26116,LOF,0.04596914399914303,0.05670026505851217,0.8973305909423448
26117,LOF,0.3584862560965195,0.06797658799205801,0.5735371559114224
26118,LOF,0.036873702419409564,0.04417972805829283,0.9189465695222975
26119,LOF,0.022035066160323594,0.053015675289406095,0.9249492585502704
26120,LOF,0.0302969090765305,0.027263552654953224,0.9424395382685162
26121,LOF,0.07089134810477903,0.09813581183788822,0.8309728400573327
26122,LOF,0.0659660756726738,0.046294898526429484,0.8877390258008968
