feature0,prediction,LoGoFunc_Neutral,LoGoFunc_GOF,LoGoFunc_LOF
25546,Neutral,0.6166421191937049,0.04919955952970168,0.33415832127659345
25547,Neutral,0.47391510846246254,0.08169267561671464,0.4443922159208227
25548,Neutral,0.48496052914932813,0.0721618752168129,0.44287759563385903
25549,LOF,0.4107530721886591,0.07027060864445991,0.518976319166881
25550,LOF,0.35148560100902465,0.09661910985781576,0.5518952891331597
25551,LOF,0.31207707667368595,0.10532723806232311,0.5825956852639909
25552,LOF,0.265671080921262,0.1069766074499234,0.6273523116288147
25553,Neutral,0.8044863681335699,0.03950953531352346,0.15600409655290662
25554,LOF,0.3031410513259697,0.09247210385558016,0.6043868448184503
25555,LOF,0.25778249500147693,0.08868377301079026,0.6535337319877329
25556,LOF,0.43881478657588824,0.08169644934181443,0.47948876408229735
25557,LOF,0.2434487764459957,0.09340458999967964,0.6631466335543247
25558,LOF,0.2996430765896374,0.08781697420607597,0.6125399492042868
25559,LOF,0.2648223883584422,0.11724022399703378,0.6179373876445241
25560,LOF,0.16586004627106904,0.11410330158492478,0.7200366521440061
25561,LOF,0.1662996449688874,0.13184177158518948,0.701858583445923
25562,LOF,0.0647335680672807,0.0821719221612421,0.8530945097714772
25563,LOF,0.024211474370457464,0.1519910910034564,0.8237974346260861
25564,LOF,0.18603204154595446,0.13289780166384757,0.681070156790198
25565,LOF,0.2104685999655662,0.12532545442900103,0.6642059456054329
25566,GOF,0.10219566435666333,0.6835515339727245,0.21425280167061217
25567,LOF,0.04342891783610978,0.1716987985287734,0.7848722836351167
25568,LOF,0.0694061576639233,0.09112893246137814,0.8394649098746985
25569,LOF,0.06412294834231996,0.09442363120670542,0.8414534204509747
25570,LOF,0.026989951710468113,0.1198323520562896,0.8531776962332422
25571,LOF,0.025733742585876646,0.12795917055886413,0.8463070868552591
25572,LOF,0.06315435032050551,0.14700482421242922,0.7898408254670652
25573,LOF,0.063363642777986,0.11283485511036884,0.8238015021116452
25574,LOF,0.058170506192154955,0.23148901918468853,0.7103404746231565
25575,LOF,0.022591220020663196,0.14557430655791184,0.831834473421425
25576,LOF,0.030881261625800446,0.18428658830735006,0.7848321500668494
25577,LOF,0.030308442570406796,0.13746921426927303,0.8322223431603202
25578,LOF,0.3099433892216199,0.11228784806238754,0.5777687627159925
25579,LOF,0.14038563556531802,0.11730231349129584,0.7423120509433861
25580,LOF,0.01978473210423711,0.10494185934220543,0.8752734085535575
25581,LOF,0.061313569570241415,0.08484486033283661,0.853841570096922
25582,LOF,0.06115797457642099,0.08302584041690703,0.855816185006672
25583,LOF,0.021955134204916085,0.1015937717221795,0.8764510940729043
25584,Neutral,0.692342130573256,0.13134099493143725,0.1763168744953067
25585,LOF,0.026887109341544042,0.18215124902063967,0.7909616416378163
25586,LOF,0.017606414300579663,0.0909185782293434,0.891475007470077
25587,LOF,0.01704345510275184,0.07953020092404509,0.9034263439732032
25588,LOF,0.020451526198752214,0.08558391284941308,0.8939645609518347
25589,Neutral,0.48901882544848924,0.23579147529024205,0.2751896992612688
25590,LOF,0.048428516768322,0.1420819671125071,0.8094895161191709
25591,LOF,0.10540286187972643,0.07397593930025972,0.8206211988200138
25592,LOF,0.05575212113532574,0.16959089059223528,0.774656988272439
25593,LOF,0.14305620866960944,0.28764646964281265,0.569297321687578
25594,LOF,0.05164836676340782,0.0728694439649959,0.8754821892715962
25595,LOF,0.05042733661419923,0.053601040638755,0.8959716227470457
25596,LOF,0.10504221037892979,0.02660031935722941,0.8683574702638407
25597,LOF,0.08741079548399781,0.034121285663803395,0.8784679188521988
25598,LOF,0.05256364962909564,0.056399439069958805,0.8910369113009455
25599,LOF,0.01977910953485135,0.47248972126087707,0.5077311692042715
25600,GOF,0.1610599699897421,0.5186507226010858,0.3202893074091721
25601,LOF,0.0371396594161024,0.4140352709117174,0.5488250696721803
25602,LOF,0.039608344877930704,0.06016779668113764,0.9002238584409317
25603,LOF,0.036374792059649726,0.03765345013586206,0.9259717578044881
25604,LOF,0.03537135844829911,0.07910303782471396,0.885525603726987
25605,LOF,0.037819519168874445,0.19235044578018184,0.7698300350509437
25606,LOF,0.43175298969998277,0.11637974745023787,0.45186726284977924
25607,LOF,0.028501334143866377,0.17161123978238027,0.7998874260737534
25608,LOF,0.03591756359267054,0.07734551986492334,0.886736916542406
25609,GOF,0.1362602747042307,0.5217573314473216,0.3419823938484477
25610,LOF,0.016104120122003754,0.026790092568633628,0.9571057873093627
25611,LOF,0.014020433017199446,0.03137850708113667,0.9546010599016638
25612,LOF,0.05170970462656559,0.041367249394152254,0.9069230459792821
25613,LOF,0.04989970762060164,0.04065273445426346,0.9094475579251349
25614,LOF,0.022788448794598213,0.02289191365204187,0.95431963755336
25615,LOF,0.0421039202962743,0.04079487418925828,0.9171012055144675
25616,LOF,0.051372338025262226,0.026407318498592458,0.9222203434761453
25617,LOF,0.043491174975588964,0.03556405225566197,0.9209447727687491
25618,LOF,0.04745439914433769,0.03295624847578083,0.9195893523798816
25619,LOF,0.013460110117193674,0.031453221664492596,0.9550866682183137
25620,LOF,0.06436763899808454,0.041970672139662143,0.8936616888622533
25621,LOF,0.055285534616562944,0.037296405016052914,0.9074180603673841
25622,LOF,0.06480076411233926,0.03516967040537956,0.9000295654822812
25623,LOF,0.07559174059040458,0.027001135089725663,0.8974071243198698
25624,LOF,0.01896953015995946,0.03217970073531025,0.9488507691047303
25625,LOF,0.06026442137401991,0.040125166610342225,0.8996104120156379
25626,LOF,0.04854439190592994,0.04200124036001893,0.9094543677340512
25627,Neutral,0.8956512537399971,0.0213426508085055,0.08300609545149741
25628,LOF,0.13499705794553796,0.065402124716344,0.799600817338118
25629,LOF,0.06465074431694592,0.05441814378988371,0.8809311118931703
25630,LOF,0.29042419913863643,0.07286199998097863,0.636713800880385
25631,Neutral,0.5658997198458972,0.07150296291861902,0.3625973172354838
25632,LOF,0.024985200523310352,0.07046616776644828,0.9045486317102414
25633,LOF,0.15212480259793712,0.03804560334203076,0.8098295940600321
25634,LOF,0.03341164297042668,0.08571215383823841,0.8808762031913348
25635,LOF,0.03419999451407021,0.04363060141672315,0.9221694040692067
25636,LOF,0.035290155421227584,0.4570574726810204,0.5076523718977519
25637,GOF,0.0794475925001989,0.5070108578299513,0.41354154966984985
25638,LOF,0.029515717973224567,0.35416823594202557,0.61631604608475
25639,LOF,0.030937020271350427,0.4019898017143416,0.567073178014308
25640,Neutral,0.7823413709764394,0.17326558833650285,0.044393040687057746
25641,GOF,0.06051895431592301,0.5436886298758096,0.3957924158082674
25642,LOF,0.04738090610263841,0.20684422635413546,0.7457748675432261
25643,LOF,0.2013941353569935,0.17936748084505372,0.6192383837979527
25644,LOF,0.026854823201847716,0.4739143358555982,0.49923084094255393
25645,LOF,0.028283110773008456,0.41326250452998714,0.5584543846970044
25646,LOF,0.061793104081593525,0.34563743242562234,0.5925694634927842
25647,LOF,0.031473647721901594,0.26794245931383714,0.7005838929642613
25648,LOF,0.03963866212377304,0.2752501028648951,0.6851112350113318
25649,LOF,0.01927396504453118,0.2504907470741796,0.7302352878812892
25650,LOF,0.05531208944846615,0.40119707319814224,0.5434908373533917
25651,LOF,0.020387910449743203,0.28644968563804735,0.6931624039122094
25652,LOF,0.04110335476303032,0.2636417483551105,0.6952548968818592
25653,LOF,0.08992880026389734,0.40059872940611924,0.5094724703299834
25654,LOF,0.03211479188813966,0.26746648963946534,0.700418718472395
25655,GOF,0.21492905143907462,0.4115335924320079,0.3735373561289174
25656,LOF,0.3405079079932381,0.0660618790914331,0.5934302129153288
25657,LOF,0.061462417464939745,0.06547355213107862,0.8730640304039816
25658,LOF,0.3692841056549947,0.07329406947127654,0.5574218248737288
25659,Neutral,0.5052874250830697,0.10820821025093473,0.3865043646659956
25660,LOF,0.02183263847119037,0.08074547560410351,0.8974218859247061
25661,LOF,0.09835785232164004,0.05745035123806984,0.8441917964402901
25662,LOF,0.033493348456937945,0.033247349824007094,0.933259301719055
25663,LOF,0.04316628284157779,0.04739567986947419,0.909438037288948
25664,LOF,0.144888677453952,0.0636093024647373,0.7915020200813105
25665,LOF,0.054943243052666686,0.03003029048570187,0.9150264664616314
25666,LOF,0.09692876922087351,0.06658120177383797,0.8364900290052885
25667,LOF,0.07122795593094793,0.03809120917385426,0.8906808348951979
25668,LOF,0.037000364332613,0.04529311856921212,0.917706517098175
25669,LOF,0.031236267929253443,0.04634966276536586,0.9224140693053807
25670,LOF,0.1483888638055318,0.056639279234091226,0.7949718569603771
25671,LOF,0.11361144526110767,0.0349708281724397,0.8514177265664528
25672,LOF,0.05248578703255253,0.03885958685450996,0.9086546261129376
25673,LOF,0.08737964414808355,0.04947845998356673,0.8631418958683497
25674,LOF,0.07636244256305616,0.05894853373926494,0.8646890236976789
25675,LOF,0.1269740954538854,0.05515333155222615,0.8178725729938884
25676,LOF,0.01886302176680419,0.05618119403741345,0.9249557841957823
25677,LOF,0.025382247031643605,0.06906422617868468,0.9055535267896718
25678,LOF,0.22125255283801915,0.057145318937626303,0.7216021282243545
25679,LOF,0.13157356680656296,0.08246085481008915,0.785965578383348
25680,LOF,0.03146360059883555,0.11622271882106405,0.8523136805801004
25681,LOF,0.04991382355636723,0.10405932621821991,0.8460268502254128
25682,LOF,0.14609982232366422,0.07612748999466745,0.7777726876816683
25683,LOF,0.11976652603314131,0.09649256008189895,0.7837409138849598
25684,LOF,0.04169120386063985,0.07498041539644054,0.8833283807429197
25685,LOF,0.14918015694072992,0.05444573178011479,0.7963741112791553
25686,LOF,0.07900195178387244,0.0882739100005768,0.8327241382155507
25687,LOF,0.11777228643307232,0.09535216652269005,0.7868755470442376
25688,LOF,0.34640138381581115,0.03178039856617223,0.6218182176180167
25689,LOF,0.2577625356694424,0.035289955557177524,0.70694750877338
25690,LOF,0.3523536611696197,0.028237782681806215,0.619408556148574
25691,Neutral,0.7267334781006052,0.021009819602846546,0.2522567022965484
25692,LOF,0.3539829623878466,0.008370495452988853,0.6376465421591646
25693,LOF,0.05020575336113429,0.4041028693939449,0.5456913772449209
25694,LOF,0.11904508338445674,0.015089778852627111,0.8658651377629161
25695,LOF,0.11869020132269129,0.013983987610548674,0.86732581106676
25696,LOF,0.12753580742570642,0.009108578843109224,0.8633556137311844
25697,LOF,0.07986916326621829,0.04466255899973663,0.8754682777340451
25698,LOF,0.3688926180545735,0.17459953960865587,0.4565078423367706
25699,LOF,0.45348256543995735,0.0340762541438044,0.5124411804162383
25700,LOF,0.0704955263990995,0.00901355418583985,0.9204909194150606
25701,LOF,0.14673601995541075,0.051799350214264524,0.8014646298303247
25702,GOF,0.17541010965224546,0.5751022885844882,0.24948760176326623
25703,LOF,0.01727493035585067,0.14308724394268166,0.8396378257014676
25704,LOF,0.04129823491630303,0.10174483394933553,0.8569569311343616
25705,LOF,0.04867643628064442,0.167115277447474,0.7842082862718815
25706,LOF,0.09562312241007008,0.4453129226366218,0.45906395495330815
25707,LOF,0.09023255239764658,0.377208299301087,0.5325591483012664
25708,LOF,0.02878563975575332,0.3154929513345417,0.655721408909705
25709,LOF,0.07079445886340416,0.0448810707537757,0.88432447038282
25710,LOF,0.011919857353798798,0.16800666613478396,0.8200734765114173
25711,LOF,0.018946130821865696,0.105457245217534,0.8755966239606002
25712,LOF,0.014355814663981678,0.20178017520222838,0.78386401013379
25713,LOF,0.018404764003273198,0.09529972307243259,0.8862955129242942
25714,LOF,0.08188863222836604,0.09377932854661124,0.8243320392250227
25715,LOF,0.011268859143465947,0.16743473500690897,0.821296405849625
25716,LOF,0.012711125541283353,0.12185686581706957,0.8654320086416472
25717,LOF,0.012904940730332545,0.08496857265261232,0.9021264866170552
25718,LOF,0.012654147041854628,0.10824312427637187,0.8791027286817734
25719,LOF,0.018414237755736237,0.08440820004701605,0.8971775621972478
25720,LOF,0.023398112161040922,0.07669130696471603,0.899910580874243
25721,LOF,0.014929184361568043,0.131982595993785,0.8530882196446471
25722,LOF,0.01429368373325137,0.15161505482325616,0.8340912614434924
25723,LOF,0.023550470879302298,0.04838792957324218,0.9280615995474556
25724,LOF,0.033086661492424466,0.09567903099096568,0.8712343075166098
25725,LOF,0.011871731214419921,0.0726561023430612,0.9154721664425188
25726,LOF,0.015686505487513082,0.12397721333431536,0.8603362811781716
25727,LOF,0.01276411314827383,0.09234809517941334,0.8948877916723129
25728,LOF,0.009703125542484068,0.13475165417356944,0.8555452202839464
25729,LOF,0.010186014244673506,0.1343172005986501,0.8554967851566764
25730,LOF,0.0141760039768067,0.096762859653813,0.8890611363693802
25731,LOF,0.021370971544330687,0.11212254696967638,0.8665064814859931
25732,LOF,0.013927848806149947,0.09037908616370986,0.8956930650301402
25733,LOF,0.015570566958461646,0.07832040906745089,0.9061090239740874
25734,LOF,0.011938789757432346,0.13367382567733377,0.8543873845652338
25735,LOF,0.013941730367519015,0.0927787329456047,0.8932795366868762
25736,LOF,0.01466665937050114,0.10464725710457168,0.8806860835249272
25737,LOF,0.011863896847235187,0.08896941969080222,0.8991666834619626
25738,LOF,0.012135627315992563,0.12162835619405707,0.8662360164899503
25739,LOF,0.02058378237856613,0.0873252508369899,0.8920909667844439
25740,LOF,0.026109255469698344,0.12506110727889028,0.8488296372514114
25741,LOF,0.014300583326532626,0.13029242310380945,0.8554069935696579
25742,LOF,0.12359190716831683,0.09525053036017754,0.7811575624715056
25743,LOF,0.036698285044117575,0.04074597366630381,0.9225557412895786
25744,Neutral,0.5547075625821,0.2247379874590794,0.22055444995882068
25745,LOF,0.07193445851497017,0.0791883872116471,0.8488771542733827
25746,LOF,0.04401957304196188,0.09335388122752197,0.8626265457305161
25747,LOF,0.019504628199848734,0.05957086125592461,0.9209245105442266
25748,LOF,0.08422936698437015,0.08548801103655446,0.8302826219790753
25749,LOF,0.02585740372469093,0.0861796736525078,0.8879629226228014
25750,LOF,0.09286234682677962,0.09740086089015453,0.8097367922830659
25751,LOF,0.09747307277051545,0.09635811095283713,0.8061688162766475
25752,GOF,0.11872497656768967,0.6494533770654876,0.23182164636682287
25753,LOF,0.021244286415592947,0.282207193349127,0.69654852023528
25754,GOF,0.01216511239646394,0.7968024943730604,0.19103239323047563
25755,LOF,0.024952889368385155,0.3964774102002342,0.5785697004313807
25756,LOF,0.049222047101195876,0.3385895517247632,0.6121884011740409
25757,GOF,0.015270094440885146,0.830482433322568,0.154247472236547
25758,GOF,0.028367426811473365,0.8174780021465966,0.1541545710419302
25759,GOF,0.01078992067161151,0.586229785935838,0.40298029339255054
25760,LOF,0.011971199103526663,0.27219245889991434,0.715836341996559
25761,GOF,0.2754764492742389,0.629240075917548,0.09528347480821293
25762,LOF,0.04114152147034478,0.2533264358494868,0.7055320426801684
25763,LOF,0.014917417109694547,0.20783332830415024,0.7772492545861552
25764,GOF,0.08478918165219265,0.6298548224930614,0.285355995854746
25765,GOF,0.04274428260747528,0.7343140640329763,0.22294165335954838
25766,GOF,0.07250085927733668,0.7476845853205606,0.17981455540210267
25767,GOF,0.14729603782976616,0.5568832497142078,0.2958207124560261
25768,LOF,0.11042665723632494,0.06934032658302204,0.820233016180653
25769,LOF,0.05829780412464539,0.05946249417259585,0.8822397017027588
25770,LOF,0.3500648506627383,0.11346021151700117,0.5364749378202606
25771,LOF,0.043110473297356594,0.04565058905140586,0.9112389376512376
25772,LOF,0.019400541067312965,0.04107748782624527,0.9395219711064416
25773,LOF,0.0472179348585519,0.09154162656712578,0.8612404385743224
25774,LOF,0.028021193266425493,0.07809443976447086,0.8938843669691037
25775,LOF,0.05179094466688341,0.04526977265838416,0.9029392826747323
25776,LOF,0.0835917148562063,0.025627918353515605,0.8907803667902782
25777,LOF,0.3528686901391298,0.06091044928537246,0.5862208605754978
25778,LOF,0.06965778336893863,0.04862977234846547,0.8817124442825958
25779,GOF,0.3432969236427838,0.6191145269569247,0.03758854940029161
25780,GOF,0.317146274202893,0.6285340467772494,0.05431967901985754
25781,GOF,0.11855064757226792,0.7989170673659137,0.0825322850618184
25782,GOF,0.194179189642695,0.7447671592516865,0.06105365110561859
25783,GOF,0.022605970954149915,0.6611444017755055,0.31624962727034456
25784,Neutral,0.48896569014638774,0.4765462932121713,0.034488016641440876
25785,GOF,0.4458599145193516,0.5234196091080122,0.030720476372636193
25786,GOF,0.0241587767723571,0.7540431116783711,0.2217981115492718
25787,Neutral,0.6140613843488824,0.3658713564703412,0.020067259180776467
25788,LOF,0.05570759028475903,0.12419510175235696,0.820097307962884
25789,GOF,0.19271326839838254,0.6869949474599183,0.12029178414169926
25790,GOF,0.20655911073893324,0.701473657622205,0.09196723163886174
25791,GOF,0.18434765644275636,0.6888762759844488,0.1267760675727949
25792,GOF,0.38072119691049416,0.5256207651670489,0.09365803792245693
25793,GOF,0.2581027793599143,0.5460859026013527,0.19581131803873303
25794,GOF,0.30259330946046187,0.5305961060243152,0.16681058451522304
25795,GOF,0.08086513787176904,0.6996446301802877,0.21949023194794323
25796,Neutral,0.5650898888944151,0.3676990565043779,0.06721105460120701
25797,GOF,0.07659934226430666,0.5610172411618912,0.3623834165738022
25798,GOF,0.009116606878182403,0.5215887998714946,0.469294593250323
25799,LOF,0.0073252762108464604,0.41986517949588165,0.5728095442932719
25800,GOF,0.03397763373870923,0.5951463829778959,0.3708759832833949
25801,GOF,0.20392729509056387,0.683384171966324,0.11268853294311226
25802,GOF,0.0718164887923599,0.7098180507432581,0.218365460464382
25803,GOF,0.03147188344516013,0.5977647237232416,0.37076339283159815
25804,GOF,0.030328122625977418,0.5148371101025818,0.4548347672714408
25805,GOF,0.08736106805597661,0.6254013527363405,0.287237579207683
25806,GOF,0.08821753501885296,0.6380206626238893,0.2737618023572577
25807,GOF,0.0184181006498734,0.623229919084511,0.3583519802656157
25808,GOF,0.07521814059708175,0.6593301423963737,0.2654517170065446
25809,GOF,0.019153928432266275,0.6093203225102025,0.37152574905753116
25810,GOF,0.018223546312165488,0.6335962250330458,0.34818022865478876
25811,GOF,0.4633237062274937,0.47725290886432986,0.05942338490817647
25812,GOF,0.03568171099308815,0.6442182735670637,0.32010001543984823
25813,Neutral,0.5055797379174188,0.4130656575403903,0.08135460454219083
25814,GOF,0.11413495409562291,0.699861706021496,0.18600333988288106
25815,GOF,0.16062392821181362,0.6703335449461829,0.1690425268420035
25816,GOF,0.022460793172546522,0.71443149084659,0.26310771598086347
25817,GOF,0.21131768085190322,0.6697975516618403,0.11888476748625643
25818,GOF,0.04965281013811833,0.6631673980538064,0.28717979180807524
25819,GOF,0.35338419605413246,0.5144655117920418,0.1321502921538257
25820,GOF,0.163885716540056,0.6344058141934799,0.2017084692664641
25821,GOF,0.05898824394284883,0.676771530304605,0.26424022575254613
25822,GOF,0.20129365037119704,0.5869582175995977,0.21174813202920537
25823,GOF,0.030357438242201565,0.5236799764044932,0.44596258535330524
25824,GOF,0.08145412645620706,0.5984771413310904,0.3200687322127024
25825,GOF,0.033222343267277264,0.5823813405011263,0.3843963162315964
25826,GOF,0.013424805515783077,0.5377187140331522,0.44885648045106485
25827,GOF,0.019272946750280955,0.6046310737867255,0.37609597946299345
25828,GOF,0.012131264657728099,0.5255865644742459,0.46228217086802603
25829,GOF,0.005968766611843707,0.5708471972557877,0.4231840361323685
25830,LOF,0.03327010902309765,0.3255368170462992,0.6411930739306032
25831,GOF,0.181590799055399,0.697823138492738,0.12058606245186307
25832,GOF,0.031898482533126264,0.6991884823415135,0.2689130351253602
25833,GOF,0.12220482562316895,0.7176783383316696,0.16011683604516133
25834,GOF,0.036564705146087895,0.7053061065772417,0.2581291882766706
25835,GOF,0.079539496165634,0.7568448783957786,0.1636156254385875
25836,GOF,0.03894399321162156,0.7039827429976286,0.2570732637907497
25837,GOF,0.028683043456725225,0.5864828040095938,0.38483415253368086
25838,GOF,0.08684789151919714,0.7710848071570287,0.14206730132377415
25839,GOF,0.27727879114655346,0.5966540846517357,0.1260671242017108
25840,GOF,0.190754508192822,0.6666210209144964,0.14262447089268163
25841,GOF,0.21291505189770157,0.6613276170947139,0.12575733100758454
25842,GOF,0.17041446024921117,0.7122105667879354,0.11737497296285344
25843,GOF,0.2421518940557776,0.6737968001271006,0.08405130581712193
25844,GOF,0.060763953992749656,0.7210658148263538,0.21817023118089654
25845,GOF,0.016327006926667654,0.4926161724202729,0.4910568206530594
25846,GOF,0.10723516336397448,0.7331142583789851,0.15965057825704043
25847,GOF,0.11703012816126089,0.783849679170979,0.09912019266776011
25848,GOF,0.03589386953442773,0.7178157070928052,0.24629042337276708
25849,GOF,0.01197562740888555,0.6149863983771605,0.3730379742139539
25850,GOF,0.022310490514911522,0.6784088771638502,0.2992806323212383
25851,GOF,0.016145854291553293,0.5553997863765638,0.4284543593318829
25852,GOF,0.14940178129890802,0.6001619199109128,0.25043629879017915
25853,GOF,0.3300940191217814,0.6062507421794023,0.06365523869881623
25854,GOF,0.020620542380853694,0.6118647276526857,0.3675147299664605
25855,GOF,0.038866246650046184,0.5715837437952067,0.38955000955474717
25856,GOF,0.22103177602073326,0.586532075420047,0.1924361485592197
25857,GOF,0.03867600482517769,0.5116626382129833,0.44966135696183906
25858,GOF,0.018161984719309496,0.5536199402582626,0.4282180750224279
25859,GOF,0.01099689503886288,0.5378607959069758,0.45114230905416125
25860,GOF,0.34667998876029194,0.5749789926939699,0.07834101854573822
25861,GOF,0.4128312819222593,0.5197297568367312,0.06743896124100963
25862,GOF,0.0804929675367012,0.7943185304570081,0.1251885020062907
25863,GOF,0.08379384223950587,0.7944164830236518,0.12178967473684246
25864,GOF,0.18483192420618644,0.7440849205727009,0.07108315522111258
25865,GOF,0.07203961002028639,0.8201259548956457,0.107834435084068
25866,GOF,0.06046886980895619,0.8156433196950216,0.12388781049602231
25867,GOF,0.07168641820616925,0.8361497611286804,0.09216382066515029
25868,GOF,0.25038264684234157,0.6640265649856751,0.08559078817198332
25869,Neutral,0.6762724865911492,0.2890836161218324,0.03464389728701844
25870,GOF,0.27789733902790204,0.3947596322093406,0.3273430287627573
25871,GOF,0.20920580214251233,0.6511065797004617,0.13968761815702613
25872,GOF,0.07010380874087661,0.6623719508703556,0.2675242403887677
25873,GOF,0.1164131016193031,0.7166083557342631,0.1669785426464339
25874,LOF,0.017518183254931995,0.13471196861688292,0.847769848128185
25875,LOF,0.1030161950503371,0.034757950487577204,0.8622258544620857
25876,LOF,0.03705999434818766,0.031936305899964657,0.9310036997518477
25877,Neutral,0.5184498418016993,0.04101233337236801,0.4405378248259327
25878,LOF,0.2292459226078136,0.0707786831103727,0.6999753942818138
25879,LOF,0.09177543017796432,0.0796290900829222,0.8285954797391135
25880,LOF,0.02301761852322671,0.01509817983443681,0.9618842016423366
25881,LOF,0.17059795107022455,0.11356532517723104,0.7158367237525445
25882,LOF,0.0687234955313838,0.01671542279845098,0.9145610816701653
25883,LOF,0.08633825664936715,0.019192001130845363,0.8944697422197876
25884,LOF,0.035952647085902685,0.02982931742005027,0.9342180354940469
25885,LOF,0.06488576476290397,0.010689059051740581,0.9244251761853555
25886,LOF,0.25149166957601127,0.03315344765044321,0.7153548827735456
25887,LOF,0.1618026867468656,0.06441306543650625,0.7737842478166281
25888,LOF,0.07270488238247486,0.059662834559393994,0.8676322830581312
25889,LOF,0.04571924512468135,0.019147122436005852,0.9351336324393127
25890,LOF,0.05205744833965722,0.1468442938587211,0.8010982578016218
25891,LOF,0.041224001576007,0.05360296562369647,0.9051730328002965
25892,LOF,0.08938084053315216,0.021386468286369524,0.8892326911804782
25893,LOF,0.22114874906393098,0.020080523126641138,0.7587707278094279
25894,LOF,0.17302823332202769,0.011457466744318984,0.8155142999336533
25895,LOF,0.20553181404761922,0.018625703399013094,0.7758424825533676
25896,LOF,0.04648496724746422,0.02729514128902467,0.926219891463511
25897,LOF,0.2403565510174696,0.012723961498911567,0.7469194874836188
25898,Neutral,0.7119661862055517,0.01019151404504928,0.27784229974939906
25899,LOF,0.1960533065320984,0.023009421835671447,0.7809372716322301
25900,LOF,0.4274473551289019,0.016994739956289105,0.5555579049148089
25901,LOF,0.04661717551524827,0.013079554902289158,0.9403032695824625
25902,LOF,0.1533874612506915,0.014702332743725689,0.8319102060055829
25903,Neutral,0.513511889214294,0.028997676114258415,0.4574904346714475
25904,LOF,0.271895431729123,0.05411636513382849,0.6739882031370485
25905,LOF,0.022155295506541522,0.32821901348750954,0.649625691005949
25906,LOF,0.028465064680976912,0.06678912681294231,0.9047458085060807
25907,LOF,0.013025146557956844,0.34632532567375757,0.6406495277682857
25908,LOF,0.009584672585625299,0.23988285456609018,0.7505324728482846
25909,LOF,0.013465206281202326,0.12627337247624726,0.8602614212425505
25910,LOF,0.05375572149500196,0.11215876484244186,0.8340855136625561
25911,LOF,0.16590143141438823,0.02104977541863243,0.8130487931669793
25912,LOF,0.040336163036935456,0.038358505135126016,0.9213053318279384
25913,LOF,0.2792076759183635,0.021761065129882958,0.6990312589517536
25914,LOF,0.020221407339200838,0.08256810264810589,0.8972104900126932
25915,Neutral,0.5094779354929669,0.2653419319398785,0.2251801325671545
25916,LOF,0.06610187723532027,0.29208346946094893,0.6418146533037308
25917,LOF,0.060516106244273934,0.057284402542816124,0.8821994912129101
25918,LOF,0.025530090698497866,0.051496067975647736,0.9229738413258544
25919,LOF,0.021865156241207825,0.0589948143342176,0.9191400294245745
25920,GOF,0.091055096855284,0.549912650163635,0.3590322529810811
25921,LOF,0.024692757177790698,0.03202176814223959,0.9432854746799697
25922,LOF,0.03235989048262174,0.022329696155153008,0.9453104133622252
25923,LOF,0.3965157896139283,0.023791633646778068,0.5796925767392936
25924,LOF,0.03518844397254827,0.040671157976465755,0.924140398050986
25925,LOF,0.06699451468024097,0.02830405364589901,0.9047014316738601
25926,LOF,0.04975882391173435,0.024719837896587327,0.9255213381916784
25927,LOF,0.06432594628849617,0.0932491826378343,0.8424248710736696
25928,LOF,0.019563358960129888,0.04170099130408495,0.9387356497357852
25929,Neutral,0.5083865948681187,0.025779660744140422,0.4658337443877409
25930,LOF,0.0513334384196893,0.021871208858889855,0.9267953527214208
25931,LOF,0.02452979856582608,0.025852838473566182,0.9496173629606077
25932,LOF,0.025883635754394545,0.021271364229909006,0.9528450000156965
25933,LOF,0.03571023595986921,0.014478572699031616,0.9498111913410993
25934,LOF,0.02440346046795868,0.01805116129762971,0.9575453782344117
25935,LOF,0.05892245432319522,0.034323538143719974,0.9067540075330848
25936,LOF,0.04331528283805482,0.01952608461655503,0.9371586325453902
25937,LOF,0.028121599882105983,0.028737480381158198,0.9431409197367357
25938,LOF,0.059445698131349166,0.03553958450996849,0.9050147173586823
25939,LOF,0.040420086729042716,0.015550807451793875,0.9440291058191633
25940,LOF,0.030471226122610412,0.39279252458568453,0.5767362492917051
25941,LOF,0.1804322650099223,0.08413750812292378,0.735430226867154
25942,LOF,0.015454101980381349,0.036270613834467814,0.9482752841851508
25943,LOF,0.28264732373201296,0.06324342357755924,0.6541092526904277
25944,LOF,0.4601900798968105,0.025852396244016366,0.5139575238591731
25945,LOF,0.06712311394421967,0.024056541920702217,0.9088203441350781
25946,LOF,0.0271424724242407,0.13898253511253353,0.8338749924632258
25947,LOF,0.11237355949032554,0.22968779098555195,0.6579386495241225
25948,LOF,0.4111637811614004,0.010232409001945376,0.5786038098366543
25949,LOF,0.09495150044029282,0.03825989520494733,0.8667886043547598
25950,GOF,0.26206637442645075,0.39181646952907545,0.3461171560444738
25951,LOF,0.24746931198070635,0.2292339273725317,0.5232967606467619
25952,LOF,0.04472505073538361,0.4210567425467303,0.5342182067178862
25953,LOF,0.13977339309290024,0.10359492182396994,0.7566316850831298
25954,Neutral,0.4500014258616965,0.16457189669910371,0.38542667743919984
25955,LOF,0.05364239532302882,0.07856124115864872,0.8677963635183223
25956,LOF,0.16486907997671088,0.11226883716464693,0.7228620828586422
25957,LOF,0.03628153721920072,0.034162519791275596,0.9295559429895237
25958,LOF,0.061049289583507374,0.02957288005248047,0.9093778303640122
25959,LOF,0.06859162441753074,0.4105921333011786,0.5208162422812906
25960,LOF,0.017872659999314124,0.05142409695591952,0.9307032430447663
25961,LOF,0.05087964726279504,0.03200034311948381,0.9171200096177211
25962,LOF,0.05907010093924021,0.030062521959368826,0.9108673771013909
25963,LOF,0.04676544535081187,0.1778631205962369,0.7753714340529512
25964,LOF,0.04026355606325424,0.15269532540143635,0.8070411185353095
25965,Neutral,0.482435533870954,0.08624014951476647,0.4313243166142795
25966,Neutral,0.49080563569833,0.09019083374039921,0.41900353056127077
25967,LOF,0.012899240689408162,0.05633136078307106,0.9307693985275207
25968,LOF,0.028496250393701694,0.433797171505626,0.5377065781006722
25969,LOF,0.02483229867465284,0.056089765453858756,0.9190779358714883
25970,LOF,0.05988060782898003,0.06190264173151382,0.8782167504395061
25971,LOF,0.07479724802384076,0.01625418741921581,0.9089485645569435
25972,LOF,0.07792669032589658,0.021465923597145043,0.9006073860769583
25973,LOF,0.07809444673894575,0.010850508137559431,0.9110550451234949
25974,LOF,0.19930947514896136,0.018768799329230243,0.7819217255218084
25975,LOF,0.049717391790095225,0.033854363426407116,0.9164282447834976
25976,LOF,0.041270278836849784,0.018559829308015495,0.9401698918551348
25977,LOF,0.15875899638826163,0.10064756406330234,0.740593439548436
25978,LOF,0.15980566464780668,0.06645510598354294,0.7737392293686505
25979,LOF,0.14527778779231706,0.0699992479217928,0.7847229642858902
25980,LOF,0.21803642413876193,0.09085499596140066,0.6911085798998373
25981,LOF,0.24985933570274316,0.0881150594900691,0.6620256048071879
25982,LOF,0.4279233119511888,0.05416509633076602,0.5179115917180451
25983,LOF,0.4179629290971601,0.06178569630270494,0.5202513746001349
25984,LOF,0.052327503586359986,0.042747826971497184,0.9049246694421429
25985,LOF,0.035570228385078034,0.22574862008813343,0.7386811515267885
25986,LOF,0.04126977768691493,0.2688247772521422,0.6899054450609429
25987,LOF,0.07988054265109774,0.07420114863390302,0.8459183087149993
25988,LOF,0.1480491862823039,0.05269822758628218,0.7992525861314138
25989,LOF,0.029025302465952026,0.09815386715765695,0.872820830376391
25990,LOF,0.0400693450049345,0.12059057866558445,0.8393400763294812
25991,LOF,0.14015520721087532,0.3108761001660762,0.5489686926230485
25992,LOF,0.32017221137647767,0.18474484578121128,0.49508294284231097
25993,LOF,0.021884691830569753,0.0923825922305591,0.885732715938871
25994,LOF,0.01643149932759663,0.13717846246776286,0.8463900382046405
25995,LOF,0.02643201857524429,0.2709117861633915,0.7026561952613642
25996,GOF,0.3162324843656524,0.485074903151016,0.19869261248333167
25997,GOF,0.07001359641207008,0.4835413227453374,0.4464450808425925
25998,Neutral,0.5504277062048865,0.017376322543512204,0.4321959712516013
25999,LOF,0.12378236844317816,0.10493381929162704,0.7712838122651948
26000,LOF,0.15672522393657978,0.036913217372279546,0.8063615586911408
26001,LOF,0.19969746044835116,0.03013620128018917,0.7701663382714597
26002,LOF,0.15203700813593948,0.03565383453527672,0.8123091573287838
26003,GOF,0.01097107683905224,0.5588177097358712,0.43021121342507657
26004,GOF,0.01821306622694315,0.6142209767418099,0.3675659570312469
26005,LOF,0.008330942652884,0.4068499812592737,0.5848190760878423
26006,Neutral,0.5232431954291268,0.2305497926455282,0.24620701192534503
26007,GOF,0.022017896123459033,0.5238228612101252,0.45415924266641566
26008,GOF,0.018395567354666457,0.593624765132551,0.3879796675127825
26009,GOF,0.02062424343562255,0.6292457766252075,0.3501299799391698
26010,GOF,0.02612101248884213,0.6289442096665948,0.34493477784456295
26011,LOF,0.007144473355811075,0.4277203756644824,0.5651351509797065
26012,GOF,0.013962437770747013,0.5301093944028622,0.4559281678263908
26013,GOF,0.018734356938040462,0.6029981024534508,0.37826754060850865
26014,LOF,0.043278203469765825,0.088387716312915,0.8683340802173191
26015,LOF,0.19465880810149863,0.009735312935382443,0.795605878963119
26016,LOF,0.21100432979766387,0.04829575968583689,0.7406999105164992
26017,LOF,0.2228484609188733,0.08246138213669843,0.6946901569444284
26018,LOF,0.09222378702876609,0.02973283278150429,0.8780433801897297
26019,LOF,0.08600800913939954,0.024142754679895923,0.8898492361807046
26020,LOF,0.07468334797095645,0.11264748253168072,0.8126691694973628
26021,LOF,0.04188430965925901,0.11736655585703987,0.8407491344837011
26022,LOF,0.011341237305032482,0.04019231949935416,0.9484664431956134
26023,LOF,0.1054179994805912,0.02104105201737541,0.8735409485020333
26024,LOF,0.033711720433271086,0.1179767881859489,0.84831149138078
26025,LOF,0.1606728769994577,0.09424781398209658,0.7450793090184458
26026,LOF,0.3095624129595948,0.03111368858326221,0.659323898457143
26027,LOF,0.08172953573872252,0.016009824213504126,0.9022606400477733
26028,LOF,0.16083146554757644,0.069623541059074,0.7695449933933495
26029,LOF,0.0734307259446508,0.2013466371180274,0.7252226369373218
26030,LOF,0.02587149146058028,0.06587815635932687,0.9082503521800929
26031,LOF,0.029188089931210564,0.14071444304290093,0.8300974670258885
26032,LOF,0.06658424266755554,0.07428008731290159,0.8591356700195429
26033,LOF,0.11727947174238047,0.09391216431127543,0.788808363946344
26034,LOF,0.04683366039126604,0.15979955724830708,0.7933667823604268
26035,LOF,0.028689420774712773,0.1426010520429426,0.8287095271823446
26036,LOF,0.04335546800762992,0.16799985451076738,0.7886446774816027
26037,LOF,0.024998774063621026,0.11500509995306532,0.8599961259833137
26038,LOF,0.06214573027474694,0.07854410952866435,0.8593101601965888
26039,LOF,0.053388206095551886,0.14784636287801403,0.7987654310264342
26040,LOF,0.2001709657561837,0.1349138520854964,0.6649151821583198
26041,LOF,0.02453133423446085,0.1128589694192645,0.8626096963462746
26042,LOF,0.023008966652005775,0.10493572203837338,0.8720553113096209
26043,LOF,0.06091615237253992,0.09294556250050648,0.8461382851269535
26044,LOF,0.021874505202846343,0.08096237409829297,0.8971631206988607
26045,LOF,0.07245622958157498,0.10306420202250868,0.8244795683959163
26046,LOF,0.06312616158699028,0.09077185233185027,0.8461019860811595
26047,LOF,0.08655013291187215,0.09640032263881312,0.8170495444493147
26048,LOF,0.04819203721041528,0.04538381598263294,0.9064241468069518
26049,Neutral,0.961461415119992,0.008060009411624528,0.030478575468383454
26050,Neutral,0.946472933205762,0.011002498839237498,0.04252456795500059
26051,LOF,0.04558141919653605,0.2618631883872653,0.6925553924161986
26052,LOF,0.06628102409169606,0.3103897359661076,0.6233292399421964
26053,LOF,0.05351041238106137,0.14605663271041244,0.8004329549085262
26054,LOF,0.054794698459683336,0.017132157753729622,0.9280731437865871
26055,LOF,0.0775272983507688,0.014199522186044079,0.9082731794631872
26056,LOF,0.06291891077932704,0.01503760374837218,0.9220434854723009
26057,LOF,0.02949755877672192,0.011092217849655257,0.9594102233736229
26058,LOF,0.03040919825954224,0.00895207589728221,0.9606387258431756
26059,LOF,0.3375428121086526,0.022252124398313575,0.6402050634930337
26060,LOF,0.03491799710912907,0.16492509710649786,0.8001569057843732
26061,LOF,0.01862363738533377,0.010316583569179286,0.9710597790454868
26062,LOF,0.01068270042589776,0.016362673066641454,0.9729546265074609
26063,LOF,0.022955027308977752,0.011307599417161229,0.9657373732738611
26064,LOF,0.023056995612242788,0.019974465479148978,0.9569685389086082
26065,LOF,0.02497200869640555,0.009592312910207167,0.9654356783933874
26066,LOF,0.021286013798506247,0.009892746292402697,0.968821239909091
26067,LOF,0.028694856169436803,0.008184916775474322,0.9631202270550889
26068,LOF,0.04857973484619486,0.02702755564944154,0.9243927095043636
26069,LOF,0.2641751724002894,0.017377161730944175,0.7184476658687664
26070,LOF,0.4063594741249472,0.013797622010179773,0.579842903864873
26071,LOF,0.024391931937491323,0.011602786030513996,0.9640052820319946
26072,LOF,0.022435684527851694,0.01567971614856836,0.96188459932358
26073,LOF,0.02528790793039085,0.009784362864439258,0.96492772920517
26074,Neutral,0.9132424032502412,0.005152251455985744,0.08160534529377306
26075,LOF,0.04673909974182513,0.013574411894340256,0.9396864883638346
26076,LOF,0.04644843747543356,0.008295185313949897,0.9452563772106166
26077,LOF,0.011434413735842152,0.01819121520279313,0.9703743710613646
26078,LOF,0.014339293375628956,0.010815502235913833,0.9748452043884572
26079,LOF,0.06304920148168791,0.01549303063835962,0.9214577678799525
26080,LOF,0.06214408916904056,0.015505466156719652,0.9223504446742398
26081,LOF,0.037116955370068414,0.005820585242299145,0.9570624593876325
26082,LOF,0.015232482885308882,0.01601004891960307,0.9687574681950881
26083,LOF,0.13371639930136545,0.012027917355640367,0.8542556833429942
26084,LOF,0.028217714212663378,0.010846443406842203,0.9609358423804943
26085,LOF,0.02480975915977172,0.010450159354659209,0.9647400814855692
26086,LOF,0.024522795261031002,0.01018493460306028,0.9652922701359088
26087,LOF,0.02885754245944276,0.007502851825467612,0.9636396057150896
26088,LOF,0.015516384822438644,0.025925825238869278,0.9585577899386921
26089,LOF,0.046856959743712415,0.020723262777496657,0.932419777478791
26090,LOF,0.04529954106343143,0.016117895151360688,0.9385825637852079
26091,LOF,0.03879316689850275,0.005627514958093156,0.9555793181434041
26092,LOF,0.02668313103105708,0.0076112684506856095,0.9657056005182573
26093,LOF,0.03920693884439641,0.005763512761409561,0.9550295483941941
26094,LOF,0.04281183234194765,0.0057461266567321355,0.9514420410013203
26095,LOF,0.04437446580176578,0.01354799812402733,0.942077536074207
26096,LOF,0.019016581070401377,0.01123095002704461,0.9697524689025541
26097,LOF,0.012708220554059221,0.03808884366123895,0.9492029357847018
26098,LOF,0.07324948502073306,0.009746935846229526,0.9170035791330374
26099,LOF,0.02522243850333908,0.011101851922492577,0.9636757095741683
26100,LOF,0.027934915945708422,0.010981261456051513,0.9610838225982401
26101,LOF,0.05801260918562179,0.012564935198334905,0.9294224556160434
26102,LOF,0.02516107508765862,0.012812383505763376,0.962026541406578
26103,Neutral,0.8913840004443689,0.016818583491444355,0.0917974160641868
26104,LOF,0.0817728610948887,0.0232460231161554,0.894981115788956
26105,LOF,0.19400556019590617,0.2946783218680365,0.5113161179360572
26106,LOF,0.22098494294382345,0.11400992280569919,0.6650051342504774
26107,LOF,0.23601045622954955,0.09015901352433639,0.673830530246114
26108,LOF,0.2611144283913406,0.11585752004761378,0.6230280515610456
26109,LOF,0.10686481370466806,0.07550790413102414,0.8176272821643078
26110,LOF,0.26062990284699245,0.006693809925010261,0.7326762872279973
26111,Neutral,0.4917185456522257,0.019530198503900704,0.4887512558438735
26112,LOF,0.03243133358454004,0.007322258099704607,0.9602464083157553
26113,LOF,0.052660067649193815,0.015612581489464948,0.9317273508613413
26114,LOF,0.026621182916938907,0.020001956468764206,0.9533768606142968
26115,LOF,0.09965551416634445,0.03803951660050705,0.8623049692331486
26116,LOF,0.0686644128093913,0.036680911259987056,0.8946546759306216
26117,LOF,0.4552919825667986,0.04202096214648727,0.5026870552867141
26118,LOF,0.038204883704937076,0.02459413298302382,0.937200983312039
26119,LOF,0.023474910647751014,0.0432690174694759,0.933256071882773
26120,LOF,0.030123894421410627,0.021784454134546646,0.9480916514440427
26121,LOF,0.04215600775990627,0.08903480313499115,0.8688091891051025
26122,LOF,0.0466009031768061,0.04382978513609164,0.9095693116871022
