feature0,prediction,LoGoFunc_Neutral,LoGoFunc_GOF,LoGoFunc_LOF
25546,Neutral,0.6390931550996648,0.0633782434177276,0.2975286014826075
25547,Neutral,0.5029381839677831,0.1027006548718509,0.394361161160366
25548,Neutral,0.49559182761320897,0.08531225833654445,0.41909591405024654
25549,LOF,0.43186713778841856,0.08809582994169063,0.48003703226989086
25550,LOF,0.36582282064864147,0.11857489238725771,0.5156022869641007
25551,LOF,0.2935195817889929,0.12896139744272275,0.5775190207682843
25552,LOF,0.2570029998804447,0.13278684311488295,0.6102101570046723
25553,Neutral,0.7960162255211659,0.04951015083590841,0.15447362364292572
25554,LOF,0.3010901950962993,0.11880178221754344,0.5801080226861571
25555,LOF,0.25765146446962217,0.11268017346823118,0.6296683620621467
25556,LOF,0.4406165437674374,0.09768071144932562,0.46170274478323703
25557,LOF,0.25495081231341626,0.12097385395233057,0.6240753337342532
25558,LOF,0.3131472144566639,0.11270361232485238,0.5741491732184838
25559,LOF,0.22614127927000535,0.08636531821974736,0.6874934025102474
25560,LOF,0.1302561364772542,0.1237509699517402,0.7459928935710055
25561,LOF,0.1340520202508887,0.17465819440813737,0.6912897853409739
25562,LOF,0.05060322050622585,0.09960056082752386,0.8497962186662502
25563,LOF,0.015659854979246508,0.16289878316931605,0.8214413618514373
25564,LOF,0.12123888114095813,0.11836121683349242,0.7603999020255493
25565,LOF,0.198098275003172,0.15730450033529034,0.6445972246615377
25566,GOF,0.07026776978027151,0.6485460188482203,0.28118621137150823
25567,LOF,0.03943190023188702,0.15965080678469784,0.8009172929834152
25568,LOF,0.058836330156526784,0.09603148701279295,0.8451321828306804
25569,LOF,0.05926203775393649,0.08885579429162546,0.8518821679544382
25570,LOF,0.0299117134425244,0.13426826401016143,0.8358200225473141
25571,LOF,0.029143723276305065,0.1399419334898976,0.8309143432337973
25572,LOF,0.06612812850995693,0.15773629987485163,0.7761355716151914
25573,LOF,0.05945309298149795,0.1155089169111523,0.8250379901073498
25574,LOF,0.06298118226846491,0.21783364901730942,0.7191851687142257
25575,LOF,0.024961087751736,0.1337059010383221,0.841333011209942
25576,LOF,0.030174628715591522,0.18941913591776924,0.7804062353666392
25577,LOF,0.03316151096958966,0.14708286735015505,0.8197556216802552
25578,LOF,0.288196582546318,0.1171885451967248,0.5946148722569572
25579,LOF,0.1869321897612197,0.11140893540769121,0.7016588748310891
25580,LOF,0.021920315521766674,0.0974279454917401,0.8806517389864932
25581,LOF,0.04765069983324727,0.09325309090284876,0.859096209263904
25582,LOF,0.047364102650923084,0.09150640320706453,0.8611294941420123
25583,LOF,0.0265495939630312,0.11499273700354434,0.8584576690334244
25584,Neutral,0.7080895928925219,0.14504880316354177,0.1468616039439362
25585,LOF,0.022167847046232647,0.17820115117933605,0.7996310017744312
25586,LOF,0.018571402612568486,0.09831174365777946,0.883116853729652
25587,LOF,0.018234740431889256,0.09031317845171569,0.8914520811163951
25588,LOF,0.02209282413798043,0.1006462463144918,0.8772609295475277
25589,Neutral,0.5304904339262474,0.23579789793126144,0.23371166814249122
25590,LOF,0.05119152905034362,0.1455306801920533,0.8032777907576031
25591,LOF,0.0845654360780991,0.07806007207280267,0.8373744918490982
25592,LOF,0.05829466007232116,0.1795450849898188,0.76216025493786
25593,LOF,0.1277261996510806,0.30653797810111827,0.5657358222478011
25594,LOF,0.05076576707092164,0.0660159160603289,0.8832183168687494
25595,LOF,0.04758849525520528,0.04398439137156983,0.9084271133732249
25596,LOF,0.11056018732832354,0.025514672331576702,0.8639251403400997
25597,LOF,0.08258766222984142,0.03273369941173102,0.8846786383584275
25598,LOF,0.04919834516518671,0.04688910581717923,0.9039125490176341
25599,LOF,0.025027497195840562,0.41587834834726567,0.5590941544568938
25600,GOF,0.19226983561704186,0.41838939322548535,0.3893407711574728
25601,LOF,0.04815468017150437,0.30109130143370993,0.6507540183947857
25602,LOF,0.03120230712120479,0.0670799828400202,0.9017177100387751
25603,LOF,0.038804356002766396,0.04504959372633591,0.9161460502708977
25604,LOF,0.042089658558785575,0.08338018525980116,0.8745301561814133
25605,LOF,0.03312515521090802,0.18259169804765418,0.7842831467414377
25606,LOF,0.42972090159424997,0.13581078602322585,0.4344683123825242
25607,LOF,0.030525892586681785,0.19035385334766253,0.7791202540656557
25608,LOF,0.03934549766058193,0.10729626234757515,0.853358239991843
25609,GOF,0.15020693275636599,0.5129512024365256,0.3368418648071084
25610,LOF,0.015281600998197092,0.04704251634768704,0.9376758826541159
25611,LOF,0.012926841087480628,0.053917913723073675,0.9331552451894457
25612,LOF,0.04620630472871487,0.06115560247249422,0.8926380927987909
25613,LOF,0.046203142034174347,0.057326703242998815,0.8964701547228269
25614,LOF,0.022261621130564124,0.045554077237542234,0.9321843016318937
25615,LOF,0.0443987367240014,0.06432261417525471,0.8912786491007438
25616,LOF,0.05364594511352509,0.04820187251676127,0.8981521823697136
25617,LOF,0.04381448982960878,0.057466637941386345,0.8987188722290048
25618,LOF,0.046108918599698054,0.0697123386180621,0.88417874278224
25619,LOF,0.012738973081477962,0.05837105715810399,0.928889969760418
25620,LOF,0.05883494132456941,0.06371415274022922,0.8774509059352014
25621,LOF,0.061845866605361274,0.05889951999031291,0.8792546134043258
25622,LOF,0.06817678815705915,0.06881533234176714,0.8630078795011739
25623,LOF,0.06824103291694439,0.04959519999636232,0.8821637670866933
25624,LOF,0.019197075325332897,0.04967765061701448,0.9311252740576527
25625,LOF,0.06119464914524482,0.05961682909781577,0.8791885217569394
25626,LOF,0.04903870100865804,0.05769446568796483,0.8932668333033772
25627,Neutral,0.8856138969137387,0.018497710022368538,0.09588839306389284
25628,LOF,0.157264264128888,0.04891022176721678,0.7938255141038951
25629,LOF,0.07041430315285885,0.035667930157878,0.8939177666892631
25630,LOF,0.26736023662375075,0.0595478909138483,0.673091872462401
25631,Neutral,0.5559936489468318,0.05564831637132692,0.3883580346818412
25632,LOF,0.023484677982834663,0.08081831090103002,0.8956970111161353
25633,LOF,0.19035619088912487,0.04174357083160748,0.7679002382792676
25634,LOF,0.0379563643655395,0.08383645884958205,0.8782071767848785
25635,LOF,0.03503500341742572,0.04162649778016287,0.9233384988024115
25636,LOF,0.03959486813510442,0.46219601874634736,0.4982091131185483
25637,GOF,0.057269074501488465,0.4718150537954674,0.47091587170304405
25638,LOF,0.02796137160101583,0.3903640405160853,0.5816745878828988
25639,LOF,0.031489846128636666,0.42631809733443665,0.5421920565369266
25640,Neutral,0.8479121470524147,0.09928041610668964,0.052807436840895505
25641,LOF,0.09000670057317324,0.44628505202512314,0.46370824740170363
25642,LOF,0.06888861296564057,0.1574899720833844,0.773621414950975
25643,LOF,0.2577704953011956,0.12803207452792847,0.614197430170876
25644,LOF,0.012874808331027046,0.48545263386536447,0.5016725578036085
25645,LOF,0.015555128478699914,0.4693162623414032,0.5151286091798969
25646,LOF,0.04210545825283555,0.307151287971632,0.6507432537755324
25647,LOF,0.01519967891520358,0.24102990784506817,0.7437704132397283
25648,LOF,0.01748193313761408,0.27519436716991696,0.707323699692469
25649,LOF,0.01133697264492528,0.20116749747190157,0.7874955298831732
25650,LOF,0.03138556172606711,0.4273092354751961,0.5413052027987367
25651,LOF,0.012255122090002684,0.2777923033377759,0.7099525745722214
25652,LOF,0.01973827525123418,0.2727262086306289,0.7075355161181369
25653,LOF,0.049696958269899984,0.46311198435162804,0.4871910573784718
25654,LOF,0.012351555676305304,0.20184831284834992,0.7858001314753447
25655,GOF,0.1699891539262613,0.4644104207487792,0.3656004253249594
25656,LOF,0.3203131625994705,0.14152249065577047,0.5381643467447591
25657,LOF,0.05047577776223039,0.12653543456881394,0.8229887876689557
25658,LOF,0.2790285465088161,0.15119810867189115,0.5697733448192926
25659,LOF,0.4166370506900759,0.13457631030475906,0.4487866390051649
25660,LOF,0.024067087975056214,0.11026629165567198,0.8656666203692718
25661,LOF,0.09188731748677557,0.062127655241216204,0.8459850272720081
25662,LOF,0.03686175651746822,0.0346356286068111,0.9285026148757207
25663,LOF,0.04130004704862178,0.04471938547561803,0.9139805674757602
25664,LOF,0.12827798570130292,0.07627839435972081,0.7954436199389763
25665,LOF,0.06119152001170135,0.02806728853444278,0.9107411914538558
25666,LOF,0.09744426339487375,0.07648665034602863,0.8260690862590977
25667,LOF,0.07578505365860613,0.047257654489811736,0.8769572918515821
25668,LOF,0.038039330075179345,0.05432654014985871,0.9076341297749619
25669,LOF,0.030015366346423804,0.05175573176777038,0.9182289018858057
25670,LOF,0.14018491741951786,0.07698369354623252,0.7828313890342496
25671,LOF,0.11973143622385667,0.04078493945508301,0.8394836243210604
25672,LOF,0.05336874425185668,0.042712296723130865,0.9039189590250125
25673,LOF,0.08547884576979142,0.05979389046560074,0.854727263764608
25674,LOF,0.0732371711884795,0.07625347352492509,0.8505093552865953
25675,LOF,0.10413757855647929,0.07669211825526573,0.819170303188255
25676,LOF,0.019402683970054055,0.06002452645315006,0.9205727895767959
25677,LOF,0.023474198191175747,0.07377235559462543,0.9027534462141987
25678,LOF,0.18695090519798835,0.07811195788477143,0.7349371369172403
25679,LOF,0.12233594654029918,0.09102431825338796,0.7866397352063129
25680,LOF,0.03667417815991133,0.12036185575339084,0.8429639660866979
25681,LOF,0.052038522988387924,0.11260295375650235,0.8353585232551096
25682,LOF,0.1399824363658454,0.09153040292796034,0.7684871607061943
25683,LOF,0.11411068488288707,0.10618254839278353,0.7797067667243294
25684,LOF,0.03919201610391397,0.0724582017129731,0.888349782183113
25685,LOF,0.13955887233409195,0.07964183659981287,0.7807992910660951
25686,LOF,0.08826873029867117,0.1086393679023356,0.8030919017989933
25687,LOF,0.1369986129224794,0.1069152626996131,0.7560861243779075
25688,LOF,0.4307147482046223,0.04372829002820571,0.525556961767172
25689,LOF,0.281872947623751,0.04736593944288031,0.6707611129333686
25690,LOF,0.32253959805436844,0.0352870715207931,0.6421733304248384
25691,Neutral,0.6813882381399679,0.03153288679635766,0.2870788750636745
25692,LOF,0.3751160901700588,0.01167181188489776,0.6132120979450434
25693,LOF,0.03841318657371133,0.4393678058636925,0.5222190075625962
25694,LOF,0.1170543031120664,0.020538227057715835,0.8624074698302178
25695,LOF,0.1151700080583541,0.016251632204180827,0.8685783597374651
25696,LOF,0.10919279586663412,0.012931901743472253,0.8778753023898935
25697,LOF,0.08919948950139972,0.0618991846454215,0.8489013258531787
25698,LOF,0.3391376527101544,0.1708439032278288,0.49001844406201683
25699,Neutral,0.533190474852213,0.030264315762201944,0.436545209385585
25700,LOF,0.09172725150038215,0.008623133749722482,0.8996496147498955
25701,LOF,0.19749560314088138,0.045804830473699945,0.7566995663854188
25702,GOF,0.19822483216947576,0.5935419293188245,0.2082332385116997
25703,LOF,0.017026312105465187,0.14249690692444023,0.8404767809700947
25704,LOF,0.040551313143473974,0.12211816069007335,0.8373305261664528
25705,LOF,0.05156735774213797,0.13840601928926352,0.8100266229685984
25706,LOF,0.14890318426514992,0.3638563041594289,0.48724051157542125
25707,LOF,0.09194135060414435,0.3319945913208699,0.5760640580749857
25708,LOF,0.0478447387184631,0.2936005140500706,0.6585547472314663
25709,LOF,0.07285089865387448,0.04697202511072247,0.880177076235403
25710,LOF,0.012395548453442923,0.1383722025738052,0.8492322489727518
25711,LOF,0.022162233064636428,0.09136660861325906,0.8864711583221045
25712,LOF,0.014749426478771949,0.17326174685764822,0.8119888266635797
25713,LOF,0.01987455938775725,0.09398641887482032,0.8861390217374223
25714,LOF,0.0808049325390854,0.0745204550000006,0.8446746124609139
25715,LOF,0.012133317209102136,0.13153634200210984,0.856330340788788
25716,LOF,0.010418551277083047,0.1166417549314525,0.8729396937914644
25717,LOF,0.014609007396492887,0.07626919143831401,0.9091218011651931
25718,LOF,0.012132375691775117,0.08554567705079436,0.9023219472574305
25719,LOF,0.022206424555373094,0.07704508407756076,0.900748491367066
25720,LOF,0.025582637772513808,0.06726001509445065,0.9071573471330355
25721,LOF,0.013892924979109007,0.12933655605249753,0.8567705189683935
25722,LOF,0.014771732294379222,0.10995717821671816,0.8752710894889025
25723,LOF,0.02578760519367843,0.048288377958408124,0.9259240168479135
25724,LOF,0.031078755311990284,0.07638427417162562,0.8925369705163841
25725,LOF,0.012164055156145048,0.07340208694618704,0.9144338578976678
25726,LOF,0.016500330804781044,0.10807028296308305,0.8754293862321358
25727,LOF,0.012924344823305211,0.08163371866252007,0.9054419365141746
25728,LOF,0.010346044569113297,0.10325225095526956,0.8864017044756172
25729,LOF,0.010708560208310578,0.09861524638054142,0.8906761934111479
25730,LOF,0.01431458563336984,0.09603727320673427,0.8896481411598958
25731,LOF,0.02160410326505103,0.08862644383972039,0.8897694528952286
25732,LOF,0.014132961714161764,0.07392567603630265,0.9119413622495356
25733,LOF,0.017741320244673054,0.061617578284651635,0.9206411014706753
25734,LOF,0.01141775250331712,0.11541732133019371,0.8731649261664892
25735,LOF,0.012385761777107684,0.0824266929471185,0.9051875452757739
25736,LOF,0.013555086371781126,0.10482081495380136,0.8816240986744175
25737,LOF,0.012001294601293505,0.08639947605557463,0.9015992293431317
25738,LOF,0.012797307024796641,0.1014394116683572,0.8857632813068462
25739,LOF,0.022293870127589214,0.07325501909441737,0.9044511107779933
25740,LOF,0.03221864992721354,0.10467232076394319,0.8631090293088434
25741,LOF,0.01822784721252218,0.10454148169256582,0.877230671094912
25742,LOF,0.12521124514496443,0.06694178035019084,0.8078469745048448
25743,LOF,0.03399259646687796,0.062090517246388664,0.9039168862867334
25744,Neutral,0.592473329417149,0.2327944155568298,0.17473225502602113
25745,LOF,0.061154412057264684,0.07748304517815374,0.8613625427645816
25746,LOF,0.039324272812589295,0.10398545767117541,0.8566902695162354
25747,LOF,0.02021083325341596,0.07152019649178787,0.9082689702547961
25748,LOF,0.11444677237119351,0.1141738575602725,0.7713793700685339
25749,LOF,0.024889879141750174,0.09330451796258216,0.8818056028956677
25750,LOF,0.06586505234083133,0.09815299118801749,0.8359819564711513
25751,LOF,0.0921616068960554,0.1126195845821894,0.7952188085217552
25752,GOF,0.10378561163545909,0.6617111999655194,0.23450318839902143
25753,LOF,0.02306881737689613,0.2934284849409646,0.6835026976821393
25754,GOF,0.013941762372991622,0.7936673891230608,0.19239084850394764
25755,LOF,0.024265318601800596,0.3861165356095017,0.5896181457886978
25756,LOF,0.04271405881007487,0.36701376325643736,0.5902721779334877
25757,GOF,0.021162204121087366,0.8585676409933594,0.12027015488555325
25758,GOF,0.03069677220932488,0.7666727646832755,0.20263046310739968
25759,GOF,0.010864683767778483,0.6046201831547241,0.3845151330774974
25760,LOF,0.013470456352689961,0.28051353700427106,0.7060160066430391
25761,GOF,0.28548469510398466,0.6263925329363983,0.08812277195961701
25762,LOF,0.0442252521619718,0.27392478839702766,0.6818499594410005
25763,LOF,0.014473589472603375,0.2047373896182479,0.7807890209091487
25764,GOF,0.07692223597252547,0.6231712324193376,0.29990653160813696
25765,GOF,0.03801432631341595,0.742315994362184,0.21966967932440015
25766,GOF,0.05964923253001064,0.7753231203058079,0.16502764716418153
25767,GOF,0.14770521732759317,0.5549719831651967,0.29732279950721013
25768,LOF,0.1000968051229193,0.057792861368554105,0.8421103335085267
25769,LOF,0.05109563550995203,0.0794353118747959,0.8694690526152521
25770,LOF,0.32338817501422723,0.12267028050573797,0.5539415444800347
25771,LOF,0.04832781517684185,0.06135804659899476,0.8903141382241634
25772,LOF,0.018882556231532264,0.0601429919193606,0.9209744518491071
25773,LOF,0.05995028697927062,0.103681067918752,0.8363686451019773
25774,LOF,0.025837710092198995,0.1122440770444841,0.8619182128633169
25775,LOF,0.05340737788042413,0.06967629216008743,0.8769163299594884
25776,LOF,0.07220310265409084,0.038316798764990015,0.8894800985809191
25777,LOF,0.35577134829123275,0.08642502822848706,0.5578036234802802
25778,LOF,0.06984437430687056,0.059365063758705774,0.8707905619344237
25779,GOF,0.3927234264451661,0.5555527538574052,0.051723819697428675
25780,GOF,0.34435336983222675,0.5678230472202249,0.08782358294754843
25781,GOF,0.12846266833616518,0.7552017297942996,0.11633560186953536
25782,GOF,0.20788826700934274,0.6934400851919812,0.09867164779867603
25783,GOF,0.02150600388365674,0.5883729073225495,0.39012108879379376
25784,Neutral,0.5402040966175106,0.4096060863727199,0.050189817009769426
25785,Neutral,0.5232898849767951,0.43037047669851153,0.04633963832469348
25786,GOF,0.0324376460650164,0.7326084631928453,0.23495389074213818
25787,Neutral,0.7098656396745175,0.26120133131878664,0.028933029006695934
25788,LOF,0.05544894083850533,0.07554934739294217,0.8690017117685525
25789,GOF,0.2383881177762056,0.6110959128239712,0.150515969399823
25790,GOF,0.23971052779589036,0.6635176960417085,0.09677177616240092
25791,GOF,0.15450271935135748,0.6595706813708431,0.1859265992777994
25792,GOF,0.3663378199808965,0.4921132496749021,0.14154893034420127
25793,GOF,0.29020784537677735,0.48646656339062216,0.2233255912326005
25794,GOF,0.3201367148415919,0.49599677620506744,0.18386650895334075
25795,GOF,0.08341059332751793,0.6509488847524606,0.2656405219200216
25796,Neutral,0.5515851785677214,0.3584630013727045,0.08995182005957422
25797,GOF,0.08875627890298292,0.5404970677632074,0.37074665333380974
25798,GOF,0.008658372707771244,0.5260983028938275,0.46524332439840116
25799,LOF,0.007510247004065852,0.4210309042722241,0.57145884872371
25800,GOF,0.034424044925077515,0.58878228014164,0.37679367493328253
25801,GOF,0.25346293952234744,0.6214304157922855,0.12510664468536709
25802,GOF,0.0703151968742125,0.6777449806072113,0.25193982251857616
25803,GOF,0.03797619885144037,0.5531329499856489,0.40889085116291074
25804,GOF,0.037834138367660475,0.5058297205395047,0.4563361410928349
25805,GOF,0.13828119831969263,0.5717476097787941,0.28997119190151316
25806,GOF,0.13832104223047792,0.5485849509045353,0.31309400686498673
25807,GOF,0.022231769084607108,0.5938084919088011,0.3839597390065918
25808,GOF,0.10628991472348158,0.5811566982944619,0.3125533869820565
25809,GOF,0.022051241016919337,0.6000069632090441,0.37794179577403647
25810,GOF,0.020560805343012547,0.6026990706702529,0.3767401239867346
25811,Neutral,0.46667937971679896,0.453636686212257,0.07968393407094407
25812,GOF,0.03876329519081221,0.6124040143916936,0.3488326904174942
25813,Neutral,0.5495658595922918,0.33538973794638277,0.11504440246132538
25814,GOF,0.12923281221699948,0.6215981990350365,0.24916898874796398
25815,GOF,0.20199693262743953,0.5879747525911839,0.21002831478137646
25816,GOF,0.023865266647665244,0.6511464142336582,0.32498831911867654
25817,GOF,0.2547978109558219,0.5851746644662309,0.1600275245779471
25818,GOF,0.05407138181049397,0.56183070354091,0.38409791464859605
25819,GOF,0.37771247312592826,0.45178658158562146,0.17050094528845022
25820,GOF,0.19885051536684123,0.5498803015181061,0.25126918311505275
25821,GOF,0.060357237936464775,0.6118015445741798,0.32784121748935546
25822,GOF,0.2274681269931762,0.49809173948293023,0.2744401335238936
25823,LOF,0.03261429574671967,0.4816939149850575,0.48569178926822276
25824,GOF,0.07596035460283355,0.5063486500741943,0.4176909953229722
25825,GOF,0.03083383768216791,0.5062143022200992,0.46295186009773276
25826,LOF,0.011312800773458077,0.4938802266349072,0.49480697259163464
25827,GOF,0.02292126412176294,0.5723310350202323,0.40474770085800466
25828,LOF,0.014284969691565098,0.4831824188599964,0.5025326114484384
25829,GOF,0.006440222869266248,0.521623176785005,0.47193660034572876
25830,LOF,0.03719940657759616,0.26599572968737745,0.6968048637350265
25831,GOF,0.2009256960019743,0.6410552250805353,0.15801907891749054
25832,GOF,0.03423367022432992,0.6620176545124696,0.3037486752632004
25833,GOF,0.1284177270574433,0.6685902585159644,0.2029920144265923
25834,GOF,0.038461167630766166,0.6600789870458952,0.3014598453233385
25835,GOF,0.09550262092791918,0.666585169776774,0.23791220929530682
25836,GOF,0.04766837444651439,0.6321341228027257,0.3201975027507598
25837,GOF,0.024289766178342755,0.5542208886814572,0.4214893451401999
25838,GOF,0.07854983349004616,0.7268171031722359,0.19463306333771785
25839,GOF,0.28406448999211276,0.5392006383663107,0.17673487164157647
25840,GOF,0.24324943994475157,0.5783714906573793,0.1783790693978692
25841,GOF,0.25296317420575404,0.5713947074630569,0.1756421183311891
25842,GOF,0.21132416388372807,0.6214867734290954,0.16718906268717648
25843,GOF,0.2348774643257864,0.6325938797687237,0.1325286559054898
25844,GOF,0.06003215062034272,0.6535333313663549,0.2864345180133023
25845,GOF,0.014733335782529042,0.5027347954611584,0.48253186875631265
25846,GOF,0.11512658391062287,0.7041767538724101,0.18069666221696706
25847,GOF,0.13733827632353843,0.7250784685931428,0.13758325508331876
25848,GOF,0.03762525199538416,0.651843500000139,0.31053124800447696
25849,GOF,0.010188132253687174,0.5516525851411689,0.43815928260514386
25850,GOF,0.02217049228705545,0.6322195404478104,0.34560996726513415
25851,GOF,0.016797618005260608,0.5389496605637493,0.44425272143099004
25852,GOF,0.18657199319272133,0.5237004605706008,0.2897275462366778
25853,GOF,0.35598302823356104,0.5574767298927441,0.08654024187369481
25854,GOF,0.02146729071763318,0.6062661436147861,0.37226656566758065
25855,GOF,0.033793353653280796,0.5356901400973765,0.43051650624934273
25856,GOF,0.21784138913638607,0.5141962060765554,0.26796240478705863
25857,LOF,0.032795604387755896,0.4601586925666279,0.5070457030456162
25858,GOF,0.018696964007967297,0.542151910054981,0.4391511259370517
25859,GOF,0.011022498990148689,0.5204640675235196,0.4685134334863316
25860,GOF,0.40362319556568127,0.5010844475575411,0.09529235687677778
25861,GOF,0.4061800401725992,0.5069742728720128,0.08684568695538798
25862,GOF,0.10198135337929558,0.7520761816068448,0.1459424650138597
25863,GOF,0.10676793039924629,0.7518668613873141,0.14136520821343973
25864,GOF,0.24035678921563502,0.6770110820852223,0.08263212869914265
25865,GOF,0.0967632622021973,0.7758644186177028,0.1273723191800999
25866,GOF,0.06349856522045905,0.7907556797468227,0.14574575503271836
25867,GOF,0.09015858404105384,0.8018355059918524,0.10800590996709383
25868,GOF,0.2727647890511682,0.6132027865520651,0.11403242439676677
25869,Neutral,0.7156973031787665,0.238251130332244,0.04605156648898956
25870,LOF,0.319830063326302,0.24733689883198956,0.43283303784170846
25871,GOF,0.21378646516488803,0.6130010119513281,0.17321252288378394
25872,GOF,0.0975486397757076,0.6036217546238382,0.2988296056004543
25873,GOF,0.16411342284029282,0.6072230581491398,0.22866351901056736
25874,LOF,0.019318276633978823,0.09856752212215222,0.882114201243869
25875,LOF,0.09869632553729292,0.04118456429713118,0.860119110165576
25876,LOF,0.036152437294187774,0.041176745671387086,0.9226708170344251
25877,Neutral,0.5341894227602842,0.04342268985053272,0.42238788738918304
25878,LOF,0.23257142542087755,0.08134256238594055,0.6860860121931819
25879,LOF,0.08672723003340237,0.08511057081075749,0.8281621991558402
25880,LOF,0.023904445092842154,0.02066879423033824,0.9554267606768195
25881,LOF,0.1903132781721671,0.11453046068204521,0.6951562611457877
25882,LOF,0.07120346975016897,0.013367910706883746,0.9154286195429473
25883,LOF,0.08744607332647528,0.017912869085759193,0.8946410575877656
25884,LOF,0.039783048756892925,0.02821021058451402,0.9320067406585931
25885,LOF,0.06783991042973753,0.010443399383397759,0.9217166901868648
25886,LOF,0.33476199179188565,0.027450950229900753,0.6377870579782136
25887,LOF,0.1693722775914682,0.06340125693174208,0.7672264654767899
25888,LOF,0.0703576171107624,0.05727249193057176,0.8723698909586659
25889,LOF,0.052902146699730056,0.01918266954046713,0.9279151837598029
25890,LOF,0.04646960013490847,0.11463753288277986,0.8388928669823117
25891,LOF,0.040348242489472885,0.0527140613157824,0.9069376961947447
25892,LOF,0.10705184340341369,0.016417213067651093,0.8765309435289352
25893,LOF,0.28285180741774524,0.013050788813708279,0.7040974037685465
25894,LOF,0.19969013013672157,0.006283435766772153,0.7940264340965063
25895,LOF,0.21654091947030069,0.015198444727243054,0.7682606358024562
25896,LOF,0.05582962245038248,0.014663328237688096,0.9295070493119294
25897,LOF,0.27527099328748833,0.010189103902857625,0.714539902809654
25898,Neutral,0.7278885388097314,0.007718253651983624,0.26439320753828505
25899,LOF,0.27154600840942095,0.02124670552421051,0.7072072860663686
25900,LOF,0.46922095011152926,0.01162648160297242,0.5191525682854984
25901,LOF,0.062343113956248655,0.00912314103065461,0.9285337450130967
25902,LOF,0.19348763866725932,0.009141652204200709,0.79737070912854
25903,Neutral,0.5368398064857127,0.02618026039219819,0.436979933122089
25904,LOF,0.3277889558313933,0.03048495474023451,0.6417260894283723
25905,LOF,0.026431015359182682,0.2867253364613765,0.6868436481794408
25906,LOF,0.023768589171391023,0.06999148870473368,0.9062399221238753
25907,LOF,0.015666267601963938,0.3158627060807676,0.6684710263172684
25908,LOF,0.011062059549190439,0.22054404123646526,0.7683938992143443
25909,LOF,0.013580470395483471,0.12989980181506178,0.8565197277894548
25910,LOF,0.04700533551577452,0.11358074765975806,0.8394139168244673
25911,LOF,0.14133203634362723,0.04521245811867063,0.8134555055377022
25912,LOF,0.04363777020276262,0.06299501444403537,0.893367215353202
25913,LOF,0.28936776237894773,0.031169162549708865,0.6794630750713435
25914,LOF,0.021915956643501006,0.1146480113875373,0.8634360319689616
25915,Neutral,0.4204338452378001,0.34710616800823213,0.23245998675396784
25916,LOF,0.05685258304288979,0.3891517103412692,0.553995706615841
25917,LOF,0.059600568223231676,0.06910645077150859,0.8712929810052598
25918,LOF,0.03041129882961642,0.06429260075575509,0.9052961004146285
25919,LOF,0.024074122819628823,0.06775647991898551,0.9081693972613857
25920,GOF,0.09412988041140255,0.4825275541868319,0.4233425654017655
25921,LOF,0.029427542956299627,0.023538665805244375,0.9470337912384559
25922,LOF,0.038996331821522484,0.015559383826984642,0.9454442843514929
25923,LOF,0.4250270979773181,0.016999051000857957,0.557973851021824
25924,LOF,0.039286532796567325,0.034053630569307,0.9266598366341257
25925,LOF,0.07428384502409455,0.023730502180777092,0.9019856527951283
25926,LOF,0.04928346620836138,0.017811333855186882,0.9329051999364518
25927,LOF,0.06944650694263721,0.06191228625306068,0.8686412068043021
25928,LOF,0.020720436746812433,0.033165867342492626,0.946113695910695
25929,Neutral,0.5541621183322618,0.01874492020751121,0.42709296146022696
25930,LOF,0.06402662098745115,0.015172108660725022,0.9208012703518238
25931,LOF,0.03016514368023931,0.01782674766045009,0.9520081086593106
25932,LOF,0.029730906890420697,0.01685484819463917,0.9534142449149401
25933,LOF,0.040908999121494476,0.0112461476721666,0.9478448532063389
25934,LOF,0.026267876118856358,0.013387406456202214,0.9603447174249415
25935,LOF,0.06815080580692953,0.02736504509592564,0.9044841490971449
25936,LOF,0.05270052883856956,0.017304872136527795,0.9299945990249027
25937,LOF,0.02709589132417634,0.03099612493823897,0.9419079837375847
25938,LOF,0.06547626754594643,0.03099166459506223,0.9035320678589914
25939,LOF,0.04252080972040337,0.01128548727450561,0.946193703005091
25940,LOF,0.02890760718804888,0.31450698301242164,0.6565854097995296
25941,LOF,0.1715449988390549,0.08398545762933748,0.7444695435316077
25942,LOF,0.01740525142104164,0.0397974658075044,0.9427972827714539
25943,LOF,0.2916620665371807,0.055864105799482144,0.6524738276633372
25944,LOF,0.4705510613802722,0.03299174939227198,0.49645718922745596
25945,LOF,0.07302538171528748,0.02195717174747342,0.905017446537239
25946,LOF,0.02759380276853423,0.10445136728157402,0.8679548299498918
25947,LOF,0.11694578450636063,0.18859932683768083,0.6944548886559586
25948,LOF,0.4210469964266386,0.012804545070125312,0.566148458503236
25949,LOF,0.10687817268087554,0.056796548794307025,0.8363252785248174
25950,GOF,0.28764679422244205,0.4409852065197364,0.2713679992578216
25951,LOF,0.2335904079669557,0.2530585250687573,0.513351066964287
25952,LOF,0.04697315918141391,0.44096423941370344,0.5120626014048827
25953,LOF,0.13750403713149606,0.13180615537286375,0.7306898074956403
25954,Neutral,0.39087081050208816,0.2426517369300991,0.3664774525678127
25955,LOF,0.05689237065686844,0.10363421934983635,0.8394734099932952
25956,LOF,0.20439679003649885,0.07617207203131754,0.7194311379321837
25957,LOF,0.04453544091954483,0.031004049643202344,0.9244605094372529
25958,LOF,0.06310634419853706,0.02550347540076462,0.9113901804006984
25959,LOF,0.06651823609425588,0.3270105360931557,0.6064712278125883
25960,LOF,0.020568068436677904,0.051229489295392,0.92820244226793
25961,LOF,0.052971186912609505,0.02947636880300622,0.9175524442843843
25962,LOF,0.056120636159310115,0.030650002553735466,0.9132293612869543
25963,LOF,0.05056209318014782,0.18436143959276868,0.7650764672270834
25964,LOF,0.03582359880762961,0.14974092437271788,0.8144354768196526
25965,LOF,0.4488037733082939,0.07507394690441534,0.47612227978729077
25966,LOF,0.4118209797519802,0.16364605011945818,0.4245329701285616
25967,LOF,0.011029865304926414,0.08877363279513596,0.9001965018999376
25968,LOF,0.03644539983329381,0.4737240510559731,0.48983054911073304
25969,LOF,0.02466965321860022,0.060404455808845556,0.9149258909725543
25970,LOF,0.05734786284115478,0.059315714596415096,0.8833364225624302
25971,LOF,0.08247002219044104,0.016273257137667262,0.9012567206718917
25972,LOF,0.0804766748584379,0.022112837767952302,0.8974104873736098
25973,LOF,0.0959375994429848,0.005678202706848293,0.8983841978501669
25974,LOF,0.22158422093567623,0.013957325285364624,0.7644584537789593
25975,LOF,0.0596173168524217,0.019294930527352,0.9210877526202262
25976,LOF,0.0538655414006685,0.0119562296933476,0.9341782289059839
25977,LOF,0.15048193200064797,0.09252622137870346,0.7569918466206487
25978,LOF,0.13869080404862544,0.05020227041952698,0.8111069255318475
25979,LOF,0.1342345670860827,0.05241621303911669,0.8133492198748006
25980,LOF,0.18376953224500775,0.06324763892043772,0.7529828288345546
25981,LOF,0.21807816068374322,0.061198749026734514,0.7207230902895222
25982,LOF,0.39903494947730217,0.04031963611765455,0.5606454144050432
25983,LOF,0.38315236394091307,0.03984465297934825,0.5770029830797387
25984,LOF,0.0544474825980027,0.0539985908731058,0.8915539265288915
25985,LOF,0.026905752734263436,0.2525050831934211,0.7205891640723155
25986,LOF,0.03584754926825011,0.2532200126518433,0.7109324380799066
25987,LOF,0.0762663673356485,0.07924898798146657,0.8444846446828849
25988,LOF,0.13581403463943656,0.06382256652220486,0.8003633988383586
25989,LOF,0.028741938313931716,0.10511695795383529,0.866141103732233
25990,LOF,0.03645589233037717,0.13897893145124493,0.8245651762183778
25991,LOF,0.21250605748340215,0.28817854469058257,0.4993153978260152
25992,LOF,0.3432095501370192,0.17447669950982433,0.4823137503531565
25993,LOF,0.023126294146173385,0.09693740448288388,0.8799363013709428
25994,LOF,0.016319780620950474,0.1290447684642365,0.8546354509148131
25995,LOF,0.024118342164469845,0.23708144051288246,0.7388002173226477
25996,GOF,0.2834110537272343,0.4863431139667436,0.23024583230602214
25997,GOF,0.1130924620407857,0.5044648794930394,0.382442658466175
25998,Neutral,0.5259201560174769,0.021606321797598114,0.452473522184925
25999,LOF,0.14139584400667954,0.11099206388185652,0.747612092111464
26000,LOF,0.16900648063093865,0.03182876935255101,0.7991647500165103
26001,LOF,0.19182435849393512,0.0343641286082721,0.7738115128977928
26002,LOF,0.1342309265573861,0.030481513009086417,0.8352875604335274
26003,GOF,0.011740325481849289,0.5695726550928347,0.4186870194253159
26004,GOF,0.02971018405114365,0.629155610398218,0.34113420555063845
26005,LOF,0.009546744632214478,0.44018491825586614,0.5502683371119194
26006,Neutral,0.5364111895585817,0.23195451980326492,0.23163429063815336
26007,LOF,0.021344914900976997,0.48164906550119113,0.49700601959783175
26008,GOF,0.022632377574953608,0.5118173237678987,0.46555029865714775
26009,GOF,0.027320548278065855,0.5525676347801447,0.4201118169417895
26010,GOF,0.03136556520311261,0.5870075142360571,0.3816269205608303
26011,LOF,0.007946134617557929,0.41497629954012577,0.5770775658423163
26012,GOF,0.016225864680026514,0.5006364695560828,0.4831376657638907
26013,GOF,0.019841314259553256,0.546925293592146,0.4332333921483007
26014,LOF,0.044011231025950295,0.13587109997392488,0.820117669000125
26015,LOF,0.232936133903586,0.012563895964934369,0.7544999701314796
26016,LOF,0.25446997309728014,0.06249223167073499,0.6830377952319849
26017,LOF,0.25146682110334784,0.09136954649752922,0.6571636323991229
26018,LOF,0.10593730310916907,0.053719704405617213,0.8403429924852137
26019,LOF,0.10130125606571176,0.03906254764912075,0.8596361962851674
26020,LOF,0.06210470580021774,0.12299350723478866,0.8149017869649936
26021,LOF,0.04977321350863635,0.14867689469861928,0.8015498917927445
26022,LOF,0.012301583506567225,0.05851575471324605,0.9291826617801867
26023,LOF,0.1247674752036815,0.029510872029227864,0.8457216527670908
26024,LOF,0.029715924516303355,0.14691521712791916,0.8233688583557774
26025,LOF,0.16072822880796642,0.12027754541393937,0.7189942257780942
26026,LOF,0.33712196408115447,0.025934135008862266,0.6369439009099832
26027,LOF,0.09945507679222305,0.024091717254498362,0.8764532059532787
26028,LOF,0.15532508609662576,0.07450023887164357,0.7701746750317306
26029,LOF,0.05893629018620364,0.15864497936225655,0.7824187304515398
26030,LOF,0.023229214364868103,0.053337609932561536,0.9234331757025704
26031,LOF,0.02638649266960941,0.12625940836884852,0.847354098961542
26032,LOF,0.0669363898217886,0.05618432148157244,0.876879288696639
26033,LOF,0.11909394518506052,0.061558857541958646,0.8193471972729808
26034,LOF,0.040945511387657396,0.13231245575403308,0.8267420328583095
26035,LOF,0.026003015638840526,0.12234963634443828,0.8516473480167213
26036,LOF,0.03942304251296795,0.14417681464103327,0.8164001428459988
26037,LOF,0.022687000553396307,0.10248015745772292,0.8748328419888809
26038,LOF,0.06240565403655281,0.05318413590834068,0.8844102100551066
26039,LOF,0.05221479580543209,0.13312158737392837,0.8146636168206395
26040,LOF,0.20035037685304577,0.10196376676904438,0.6976858563779099
26041,LOF,0.022953543588592418,0.09284152990632032,0.8842049265050872
26042,LOF,0.02279451040716085,0.09200498187120495,0.8852005077216342
26043,LOF,0.06134797853665324,0.06410243915667574,0.874549582306671
26044,LOF,0.019808079169909638,0.06738467103941012,0.9128072497906803
26045,LOF,0.06998732566125908,0.08264866841008761,0.8473640059286532
26046,LOF,0.06425991639879887,0.06573663756809582,0.8700034460331054
26047,LOF,0.09489823402229844,0.07040965357530814,0.8346921124023933
26048,LOF,0.05121034905689503,0.046299594460668475,0.9024900564824365
26049,Neutral,0.9572267072906108,0.006664824918799063,0.03610846779059032
26050,Neutral,0.939498848367082,0.008374242593640228,0.052126909039277705
26051,LOF,0.0437498371645916,0.2628861487006641,0.6933640141347444
26052,LOF,0.06922608172982274,0.2607827387165476,0.6699911795536296
26053,LOF,0.06065612258831308,0.1479645531584825,0.7913793242532043
26054,LOF,0.060899329343917896,0.02180013599480923,0.9173005346612728
26055,LOF,0.0750631498371773,0.015668406449230874,0.909268443713592
26056,LOF,0.05973429379820569,0.018092310516781503,0.9221733956850129
26057,LOF,0.03380024965942508,0.011583843928499258,0.9546159064120756
26058,LOF,0.034320860593280454,0.009871003476873592,0.9558081359298459
26059,LOF,0.2945988778610927,0.026735671929587163,0.6786654502093201
26060,LOF,0.029579898513674267,0.16076553876584573,0.8096545627204801
26061,LOF,0.018046345328310318,0.012478768926401453,0.9694748857452882
26062,LOF,0.011612220527662023,0.018534662612053075,0.969853116860285
26063,LOF,0.023788881922716228,0.011750080712334052,0.9644610373649498
26064,LOF,0.024069900907858578,0.018455953923319522,0.9574741451688219
26065,LOF,0.0267263013041337,0.012131288308079474,0.9611424103877868
26066,LOF,0.022330496638377724,0.010898566837711683,0.9667709365239106
26067,LOF,0.02792747308504433,0.008327504333602156,0.9637450225813535
26068,LOF,0.04974765936924894,0.031174271331087605,0.9190780692996634
26069,LOF,0.2950872453186162,0.019382433825746906,0.6855303208556369
26070,LOF,0.4325243864722994,0.014571974030453483,0.5529036394972471
26071,LOF,0.026456135877522532,0.012277681628596803,0.9612661824938806
26072,LOF,0.022753679662418723,0.017982583549292015,0.9592637367882892
26073,LOF,0.027220596778804326,0.010941463267543609,0.9618379399536521
26074,Neutral,0.9092570631603047,0.00631748271099233,0.0844254541287028
26075,LOF,0.04743792817348554,0.01414301339758901,0.9384190584289254
26076,LOF,0.045975010959211055,0.008532595797485972,0.945492393243303
26077,LOF,0.009350821100621246,0.016877694221824467,0.9737714846775543
26078,LOF,0.01431496140130435,0.012044519276818513,0.9736405193218771
26079,LOF,0.06160205807812165,0.01723965303453462,0.9211582888873439
26080,LOF,0.05981127589930652,0.01730096223967083,0.9228877618610226
26081,LOF,0.03916590086227066,0.007094330991459554,0.9537397681462697
26082,LOF,0.017845565560642065,0.01655307282043596,0.965601361618922
26083,LOF,0.1374023644033261,0.013008491615224332,0.8495891439814496
26084,LOF,0.02808243679311085,0.012426755484773393,0.9594908077221157
26085,LOF,0.024067034998217624,0.011949071693059941,0.9639838933087226
26086,LOF,0.025790988117520865,0.011284110360601573,0.9629249015218776
26087,LOF,0.02698920516959013,0.008217549248873487,0.9647932455815365
26088,LOF,0.016707263893440294,0.024644231841138366,0.9586485042654214
26089,LOF,0.04645167312354294,0.023470353621581334,0.9300779732548756
26090,LOF,0.04421669876178986,0.01906509707290224,0.9367182041653079
26091,LOF,0.04130929632845203,0.006916467373139634,0.9517742362984084
26092,LOF,0.028629021829001962,0.009006016672758826,0.9623649614982394
26093,LOF,0.03992776161618043,0.0069080186600606495,0.9531642197237589
26094,LOF,0.04407129928992875,0.007817208455353969,0.9481114922547172
26095,LOF,0.05361034994076914,0.017959195283996063,0.9284304547752348
26096,LOF,0.020943789041090462,0.012158049961103324,0.9668981609978062
26097,LOF,0.011016757518529383,0.039261909471187406,0.9497213330102833
26098,LOF,0.07366256640082407,0.012309168567740936,0.9140282650314351
26099,LOF,0.026267343862187386,0.013736524268304866,0.9599961318695077
26100,LOF,0.028128159452219338,0.013207335302817787,0.9586645052449629
26101,LOF,0.059348664273606404,0.013350349498466725,0.9273009862279269
26102,LOF,0.027944674362308523,0.012863581319765179,0.9591917443179263
26103,Neutral,0.8875038886516626,0.019632768133017238,0.09286334321532015
26104,LOF,0.0772230567468071,0.03440000745722921,0.8883769357959637
26105,LOF,0.22985120248095034,0.24418415483426367,0.525964642684786
26106,LOF,0.17759222349708675,0.09885852787810553,0.7235492486248076
26107,LOF,0.2408105084514639,0.07742821011770185,0.6817612814308344
26108,LOF,0.2298241551836069,0.12321512409352749,0.6469607207228656
26109,LOF,0.0982824362066991,0.12465807949030701,0.777059484302994
26110,LOF,0.23645606596362562,0.006311512293194164,0.7572324217431803
26111,LOF,0.4513241155880409,0.01880126899633712,0.5298746154156221
26112,LOF,0.034630599880196615,0.006886067672268598,0.9584833324475348
26113,LOF,0.05466261312537181,0.01255543141486156,0.9327819554597667
26114,LOF,0.03004146235637169,0.022159395961607195,0.9477991416820211
26115,LOF,0.08900607259416872,0.054659250851429066,0.8563346765544021
26116,LOF,0.07203520773477712,0.05373208488334524,0.8742327073818776
26117,LOF,0.4202321504894336,0.06483294596154945,0.5149349035490169
26118,LOF,0.04143062565513705,0.03298231204894827,0.9255870622959147
26119,LOF,0.022930649904171468,0.045145586199001574,0.9319237638968269
26120,LOF,0.032669580142242034,0.030395952336106605,0.9369344675216513
26121,LOF,0.05372708069610089,0.08910575658261319,0.8571671627212858
