feature0,prediction,LoGoFunc_Neutral,LoGoFunc_GOF,LoGoFunc_LOF
25546,Neutral,0.6315923897005639,0.06129274490667042,0.3071148653927657
25547,Neutral,0.4839580349563035,0.09394974486939636,0.4220922201743001
25548,Neutral,0.4912433312863132,0.07634105447883265,0.43241561423485414
25549,LOF,0.4185415999982117,0.07745050486402642,0.5040078951377619
25550,LOF,0.3319374135099484,0.11095276234862593,0.5571098241414257
25551,LOF,0.3058209467603393,0.11717415150014157,0.5770049017395192
25552,LOF,0.2636770429888505,0.11017549474253237,0.6261474622686172
25553,Neutral,0.8035585438467053,0.045069667301978804,0.15137178885131594
25554,LOF,0.30615148126806946,0.10201157103103349,0.591836947700897
25555,LOF,0.2521078453628251,0.09879464396616194,0.6490975106710128
25556,LOF,0.4539646915261916,0.08880109886907137,0.45723420960473693
25557,LOF,0.24376355803637742,0.10271125150031257,0.65352519046331
25558,LOF,0.31298133496157027,0.09968519038084611,0.5873334746575837
25559,LOF,0.20412262095464045,0.12237727653112812,0.6735001025142314
25560,LOF,0.1787813204714766,0.09074091215616906,0.7304777673723543
25561,LOF,0.15645662283833775,0.09531683902191344,0.7482265381397488
25562,LOF,0.06890671049860367,0.06617172623945938,0.8649215632619369
25563,LOF,0.022274002378105517,0.11990685240938317,0.8578191452125115
25564,LOF,0.24271156568861055,0.11770906867462254,0.639579365636767
25565,LOF,0.2053350466777406,0.14738394789789103,0.6472810054243684
25566,GOF,0.1002495908924243,0.7091469556423694,0.1906034534652063
25567,LOF,0.03967679051230142,0.11985283780807647,0.8404703716796221
25568,LOF,0.0627518744128213,0.06916374606709559,0.868084379520083
25569,LOF,0.059338056928451094,0.06914303481249488,0.871518908259054
25570,LOF,0.028299258134363067,0.09010608062857574,0.8815946612370612
25571,LOF,0.026169050909149765,0.09532385012152086,0.8785070989693293
25572,LOF,0.06400642434820109,0.11007100244471996,0.8259225732070788
25573,LOF,0.05701344711147897,0.08645681295348774,0.8565297399350333
25574,LOF,0.05709283114812633,0.1850583168993195,0.7578488519525542
25575,LOF,0.022518335479240044,0.11010293872639565,0.8673787257943643
25576,LOF,0.031000103109068658,0.14554133386794002,0.8234585630229914
25577,LOF,0.029991257066163433,0.10572352401040674,0.8642852189234298
25578,LOF,0.2945962263210106,0.07978888348878349,0.6256148901902059
25579,LOF,0.12384180288127637,0.08653269586579057,0.7896255012529332
25580,LOF,0.0196305788134309,0.07585179413341167,0.9045176270531574
25581,LOF,0.05582965815057147,0.06479327714919576,0.8793770647002328
25582,LOF,0.05545447600271969,0.06338980986723565,0.8811557141300448
25583,LOF,0.020437061741949033,0.07849900011992929,0.9010639381381217
25584,Neutral,0.6555581931309328,0.10709093109576966,0.23735087577329753
25585,LOF,0.028680842057152805,0.1075504515844641,0.8637687063583831
25586,LOF,0.017424778228469356,0.06376051378723438,0.9188147079842963
25587,LOF,0.017081641071641663,0.056236003072048686,0.9266823558563098
25588,LOF,0.01985502170714148,0.06578868421568854,0.91435629407717
25589,Neutral,0.502729392742505,0.1943078938216495,0.3029627134358454
25590,LOF,0.04828177336287256,0.10373914494444138,0.8479790816926861
25591,LOF,0.09893214936766838,0.05345478968212429,0.8476130609502073
25592,LOF,0.05500352690418444,0.12346789309260033,0.8215285800032153
25593,LOF,0.13063577772082688,0.23033985656354578,0.6390243657156274
25594,LOF,0.048844579214877844,0.12485005416873272,0.8263053666163895
25595,LOF,0.052649328476087276,0.0867676508576906,0.860583020666222
25596,LOF,0.10556763253294035,0.04670421803897537,0.8477281494280843
25597,LOF,0.08592463336851311,0.05178796767774724,0.8622873989537397
25598,LOF,0.05025036664706192,0.09004490122658704,0.859704732126351
25599,GOF,0.02330324144854202,0.5247719234122072,0.4519248351392507
25600,GOF,0.183347209641221,0.49342542152248664,0.3232273688362924
25601,LOF,0.03804625992488553,0.4101388300374082,0.5518149100377062
25602,LOF,0.03451148058147888,0.06708672994864869,0.8984017894698725
25603,LOF,0.028003205922886642,0.03289860926449933,0.939098184812614
25604,LOF,0.03297278495070814,0.07487330745010827,0.8921539075991837
25605,LOF,0.03399998882442419,0.2126432359317704,0.7533567752438054
25606,LOF,0.401117571357638,0.13757468423948785,0.4613077444028743
25607,LOF,0.023528779239487832,0.2095769913591488,0.7668942294013634
25608,LOF,0.033205652605977576,0.06275064485218858,0.9040437025418339
25609,GOF,0.14268167133186166,0.5077172142425478,0.34960111442559055
25610,LOF,0.01509994003145664,0.0278064120570977,0.9570936479114458
25611,LOF,0.012838060268527523,0.030233293216223544,0.956928646515249
25612,LOF,0.052785790005643866,0.039469243882271,0.9077449661120851
25613,LOF,0.05027288663395266,0.04017578181400271,0.9095513315520446
25614,LOF,0.019685423817111847,0.025452058429044355,0.9548625177538438
25615,LOF,0.04495747321556874,0.03527356555054402,0.9197689612338872
25616,LOF,0.04422612247318257,0.028817499554179997,0.9269563779726375
25617,LOF,0.039834947918695414,0.03641099317786671,0.9237540589034379
25618,LOF,0.052785109337653686,0.036515125328724335,0.9106997653336218
25619,LOF,0.012636711798065157,0.032402464225115765,0.9549608239768191
25620,LOF,0.06289641815854312,0.0458044380473878,0.891299143794069
25621,LOF,0.05458273407588647,0.0343017033124486,0.9111155626116649
25622,LOF,0.06331714474348422,0.03147314060666337,0.9052097146498523
25623,LOF,0.06980496337006988,0.024237722365212325,0.9059573142647177
25624,LOF,0.017606686709123857,0.03342024952947035,0.9489730637614058
25625,LOF,0.06533889627617107,0.03543723837486266,0.8992238653489664
25626,LOF,0.04788154048723202,0.035823849223055176,0.9162946102897129
25627,Neutral,0.8948874481457505,0.021285074784213674,0.08382747707003571
25628,LOF,0.12126823307153019,0.058769456888656785,0.8199623100398131
25629,LOF,0.06807894930350136,0.04671671357695607,0.8852043371195425
25630,LOF,0.2875644828616672,0.07891633683089391,0.6335191803074389
25631,Neutral,0.5414302416946997,0.05932162465892966,0.39924813364637063
25632,LOF,0.02949256646600674,0.06760327687392007,0.9029041566600732
25633,LOF,0.1911830453810851,0.033430458609211594,0.7753864960097032
25634,LOF,0.03381332659095259,0.07854450115327748,0.88764217225577
25635,LOF,0.03381383326165621,0.04077468130204361,0.9254114854363003
25636,GOF,0.038276743948545716,0.4854982157173609,0.4762250403340933
25637,GOF,0.07083832988878769,0.5079177496625895,0.42124392044862286
25638,LOF,0.031460824107194515,0.33827289863349436,0.6302662772593112
25639,LOF,0.030106087284957686,0.3712445680185193,0.5986493446965231
25640,Neutral,0.812771322496461,0.14416186939904335,0.0430668081044957
25641,LOF,0.062289618080032506,0.42098858027681774,0.5167218016431497
25642,LOF,0.039987084098151805,0.1475082696444849,0.8125046462573633
25643,LOF,0.210483990646539,0.16652437140116755,0.6229916379522935
25644,LOF,0.021668148374450327,0.46888760825918385,0.5094442433663658
25645,LOF,0.02445380886789392,0.40728566356555856,0.5682605275665475
25646,LOF,0.051966394471337884,0.32160451818457675,0.6264290873440854
25647,LOF,0.02265128305345347,0.2589505939448123,0.7183981230017342
25648,LOF,0.0320141070618704,0.2337023048319584,0.7342835881061712
25649,LOF,0.016858768500800488,0.23355123812627823,0.7495899933729212
25650,LOF,0.051160379318278014,0.42196571371557423,0.5268739069661477
25651,LOF,0.017179669261047793,0.255378905423342,0.7274414253156103
25652,LOF,0.0356822343882113,0.26427389548020874,0.70004387013158
25653,LOF,0.08792078716598405,0.4068919555388275,0.5051872572951884
25654,LOF,0.025242623580894744,0.1927651106022685,0.7819922658168367
25655,GOF,0.23744071733172023,0.381350524819184,0.38120875784909564
25656,LOF,0.23601443550491552,0.05540851663626696,0.7085770478588175
25657,LOF,0.06498622142811289,0.05738943065404116,0.8776243479178459
25658,LOF,0.3341374996736836,0.06462094446200055,0.6012415558643158
25659,Neutral,0.5212526623736449,0.09047440496888383,0.3882729326574713
25660,LOF,0.022702533653552803,0.0846566960883769,0.8926407702580702
25661,LOF,0.09004102293852209,0.061324241060601574,0.8486347360008762
25662,LOF,0.03185139542470413,0.031770723502852996,0.9363778810724429
25663,LOF,0.03999445990076408,0.04466270778565285,0.915342832313583
25664,LOF,0.14109887272857582,0.05378749722880384,0.8051136300426204
25665,LOF,0.05461312010655038,0.02994502033195002,0.9154418595614996
25666,LOF,0.08344050846712633,0.06474834749211668,0.8518111440407571
25667,LOF,0.06444347179906176,0.037805803781272296,0.897750724419666
25668,LOF,0.034925739003250834,0.049529486535249315,0.9155447744614998
25669,LOF,0.03253794414870203,0.05132228523266513,0.9161397706186328
25670,LOF,0.14027737584346173,0.04776433718745883,0.8119582869690793
25671,LOF,0.09775524892842839,0.03171106769255503,0.8705336833790166
25672,LOF,0.05243020683311204,0.040941547739068794,0.9066282454278192
25673,LOF,0.07910511976674954,0.03952897951058112,0.8813659007226694
25674,LOF,0.06777044221455236,0.049353673798259674,0.8828758839871881
25675,LOF,0.1157701383671576,0.048534413947645016,0.8356954476851973
25676,LOF,0.01775392564392635,0.04850169510294733,0.9337443792531263
25677,LOF,0.02537766013382316,0.07159596770514064,0.9030263721610363
25678,LOF,0.18114562023298916,0.059437531558444216,0.7594168482085666
25679,LOF,0.1299260335836568,0.0717204191986591,0.798353547217684
25680,LOF,0.02979059352885182,0.11342858014123469,0.8567808263299136
25681,LOF,0.04790131809952034,0.10685958690793307,0.8452390949925466
25682,LOF,0.13222738812471552,0.07016138298935248,0.797611228885932
25683,LOF,0.12421643841887188,0.07911619446074897,0.7966673671203792
25684,LOF,0.042860768582845654,0.06871474555897279,0.8884244858581815
25685,LOF,0.11997191056478583,0.054780427429333096,0.8252476620058811
25686,LOF,0.07464815773927834,0.0961095994092388,0.8292422428514827
25687,LOF,0.11364359090727363,0.09345364038948166,0.7929027687032448
25688,LOF,0.29799822022155437,0.034275711293865925,0.6677260684845797
25689,LOF,0.23823132565449215,0.038156734934076925,0.723611939411431
25690,LOF,0.33245158145867343,0.02964524880166641,0.6379031697396601
25691,Neutral,0.7141711826328732,0.022422677034047798,0.2634061403330791
25692,LOF,0.3152847031509155,0.01075872540864298,0.6739565714404415
25693,LOF,0.04609039926349719,0.4726818887974608,0.48122771193904185
25694,LOF,0.12109861153950828,0.01584216207261081,0.8630592263878809
25695,LOF,0.115821723698745,0.014897588103928605,0.8692806881973263
25696,LOF,0.11883147062418704,0.009504674436729072,0.8716638549390839
25697,LOF,0.1270776369729233,0.029088815892818178,0.8438335471342586
25698,LOF,0.34190251057014254,0.22002253993374757,0.43807494949610987
25699,LOF,0.43627021390303444,0.04391602830933777,0.5198137577876278
25700,LOF,0.05769544224799558,0.007431309504384453,0.9348732482476201
25701,LOF,0.1392406242234045,0.04646374869974201,0.8142956270768535
25702,GOF,0.15807324104564976,0.5896661417572914,0.25226061719705883
25703,LOF,0.01857837097186789,0.1778421263981178,0.8035795026300143
25704,LOF,0.048445474700654925,0.1295279464302508,0.8220265788690942
25705,LOF,0.054108513939445865,0.18975735967711585,0.7561341263834384
25706,LOF,0.09169641733993969,0.3670669923826935,0.5412365902773668
25707,LOF,0.08291014605585222,0.29414461513880014,0.6229452388053476
25708,LOF,0.028468582890063352,0.26887648377967205,0.7026549333302645
25709,LOF,0.059284479185637076,0.04105339840569186,0.899662122408671
25710,LOF,0.012583537011459927,0.13510508112316794,0.8523113818653721
25711,LOF,0.016967571546840646,0.09925844567666657,0.8837739827764928
25712,LOF,0.013622386360694,0.1742343192145483,0.8121432944247576
25713,LOF,0.0173194378942625,0.0816609502699319,0.9010196118358056
25714,LOF,0.06965290648540932,0.08489398630084401,0.8454531072137467
25715,LOF,0.010514261772867295,0.1567165496062036,0.8327691886209291
25716,LOF,0.014830407224280643,0.12147748498290159,0.8636921077928178
25717,LOF,0.013825304900543685,0.0720090808425707,0.9141656142568857
25718,LOF,0.01233468192870036,0.09326459154068627,0.8944007265306134
25719,LOF,0.01716443855223064,0.08119797380347384,0.9016375876442956
25720,LOF,0.021801889417971752,0.07377792052481294,0.9044201900572153
25721,LOF,0.014953815645702265,0.11686640083234162,0.868179783521956
25722,LOF,0.012715823896729721,0.1323376608466135,0.8549465152566569
25723,LOF,0.021451855305129924,0.04548795070594588,0.9330601939889241
25724,LOF,0.02203960130261404,0.08146108556166574,0.8964993131357202
25725,LOF,0.010871483215595524,0.06718726115680416,0.9219412556276003
25726,LOF,0.013976739633813798,0.09467007617541685,0.8913531841907694
25727,LOF,0.012144791651241793,0.07551089074167562,0.9123443176070827
25728,LOF,0.00916831628458388,0.1205049400435904,0.8703267436718257
25729,LOF,0.009458670415524477,0.11526271883075437,0.875278610753721
25730,LOF,0.012560770078594833,0.08671351564853204,0.9007257142728732
25731,LOF,0.019559545149557083,0.1181823610025039,0.8622580938479392
25732,LOF,0.013446054300068386,0.09238243873717517,0.8941715069627564
25733,LOF,0.015168371295388382,0.07567312789444758,0.9091585008101641
25734,LOF,0.012881980797705278,0.12001941236637625,0.8670986068359184
25735,LOF,0.013055875646572571,0.08944055316019361,0.8975035711932338
25736,LOF,0.013789174105302117,0.11949840669681812,0.8667124191978798
25737,LOF,0.02007254268807141,0.09574136750762337,0.8841860898043054
25738,LOF,0.012691056308033147,0.10960087852012289,0.8777080651718439
25739,LOF,0.020186426185671527,0.08110846446308925,0.8987051093512393
25740,LOF,0.026263822193074462,0.1081691886538812,0.8655669891530443
25741,LOF,0.014479488690327275,0.11334542409328995,0.8721750872163827
25742,LOF,0.11810865069424924,0.08590506452799963,0.7959862847777511
25743,LOF,0.033474642585156845,0.0313774003255591,0.9351479570892841
25744,Neutral,0.5962550107684038,0.213238606918712,0.19050638231288414
25745,LOF,0.08294401010685593,0.07110532127419845,0.8459506686189456
25746,LOF,0.03828593667474675,0.08710600722164685,0.8746080561036065
25747,LOF,0.020600902224516708,0.040765042961809564,0.9386340548136738
25748,LOF,0.09554579956553229,0.06549037724582235,0.8389638231886454
25749,LOF,0.024421376441634775,0.07961913425645473,0.8959594893019104
25750,LOF,0.08358716316959222,0.08440698453392619,0.8320058522964815
25751,LOF,0.08971550107602479,0.06366984345902381,0.8466146554649515
25752,GOF,0.11495811248288311,0.6551355725692064,0.22990631494791042
25753,LOF,0.019393966814013938,0.28133446528376294,0.6992715679022231
25754,GOF,0.010928484219332034,0.7922803903807055,0.1967911253999625
25755,LOF,0.021439966041764732,0.3991189719340132,0.5794410620242221
25756,LOF,0.04271712473899648,0.38757935577427094,0.5697035194867326
25757,GOF,0.01382314612982291,0.841762322794947,0.14441453107523003
25758,GOF,0.02926119373038703,0.8259779067385906,0.14476089953102236
25759,GOF,0.011539267314230396,0.5372762321903624,0.4511845004954072
25760,LOF,0.012270449164026316,0.2535921419468215,0.7341374088891522
25761,GOF,0.27595375366676395,0.6376005047477563,0.0864457415854797
25762,LOF,0.03557911132498106,0.2802325534769934,0.6841883351980256
25763,LOF,0.013306297711633283,0.21499679203110975,0.7716969102572571
25764,GOF,0.0810083175928795,0.6447131034970134,0.27427857891010704
25765,GOF,0.040022067748925826,0.7566891177913405,0.20328881445973362
25766,GOF,0.06532501833731832,0.7649164996181116,0.1697584820445702
25767,GOF,0.16720711027404636,0.49392114724210046,0.3388717424838531
25768,LOF,0.09352644643444477,0.059652297392820644,0.8468212561727346
25769,LOF,0.07068349046712619,0.06605584478158033,0.8632606647512934
25770,LOF,0.3110326453067872,0.08447025669534665,0.6044970979978661
25771,LOF,0.04019485891498369,0.043921743764724755,0.9158833973202917
25772,LOF,0.016331892882230702,0.03236031397984388,0.9513077931379255
25773,LOF,0.049838061773306776,0.07873024305631104,0.8714316951703821
25774,LOF,0.03005142564755917,0.07076647335342434,0.8991821009990165
25775,LOF,0.047234636112571206,0.037320157311852405,0.9154452065755764
25776,LOF,0.0698599230114495,0.02313414268944685,0.9070059342991036
25777,LOF,0.3374528192393938,0.05178790182246165,0.6107592789381445
25778,LOF,0.06573941758271082,0.0474366850088142,0.886823897408475
25779,GOF,0.3857243837971909,0.572805205774444,0.041470410428365016
25780,GOF,0.3158925543987966,0.6130331263272222,0.07107431927398121
25781,GOF,0.1404618405517661,0.7535279178857031,0.10601024156253076
25782,GOF,0.20942883135835652,0.722429459051748,0.06814170958989527
25783,GOF,0.025724455563745887,0.6460528705698096,0.32822267386644444
25784,Neutral,0.49407689594688964,0.47126254121206795,0.03466056284104244
25785,GOF,0.4312417924708557,0.5288576128881354,0.039900594641009
25786,GOF,0.02872949838486733,0.7681470237744994,0.20312347784063334
25787,Neutral,0.6310699644980706,0.3447847448307208,0.02414529067120867
25788,LOF,0.043178334916288315,0.11220207323284305,0.8446195918508687
25789,GOF,0.21362836724728188,0.6454510888128522,0.1409205439398659
25790,GOF,0.2138480838959392,0.6866772484060982,0.0994746676979626
25791,GOF,0.1625243120698833,0.6642802542569121,0.17319543367320464
25792,GOF,0.34561264733497593,0.5283047274190446,0.1260826252459794
25793,GOF,0.25020003497155074,0.5601519280929969,0.18964803693545246
25794,GOF,0.31313544454600517,0.5185679131931012,0.16829664226089364
25795,GOF,0.08759450321011876,0.7050761014924896,0.20732939529739175
25796,Neutral,0.5338537255176601,0.3848511862699844,0.08129508821235558
25797,GOF,0.08853993552745681,0.572882651297639,0.33857741317490414
25798,GOF,0.009209911933915054,0.5275682631151695,0.46322182495091563
25799,LOF,0.007617439929459075,0.4135912760184807,0.5787912840520602
25800,GOF,0.03612520431525398,0.6162363691242073,0.34763842656053856
25801,GOF,0.19769321889421476,0.6735106182380529,0.12879616286773238
25802,GOF,0.08079546943645714,0.6999989810335022,0.21920554953004065
25803,GOF,0.03575740533525705,0.6019291050795976,0.3623134895851453
25804,GOF,0.031657219192543704,0.5220470114277573,0.44629576937969906
25805,GOF,0.10177560561821752,0.6166791333526924,0.28154526102909
25806,GOF,0.09951186408156,0.611552528059608,0.2889356078588318
25807,GOF,0.018520250422587627,0.6359145442372004,0.3455652053402121
25808,GOF,0.07902208680900574,0.6616249850674084,0.25935292812358585
25809,GOF,0.017182991680315063,0.5987645032493216,0.3840525050703633
25810,GOF,0.01675982778066856,0.6387567124036472,0.34448345981568423
25811,GOF,0.4437471035294628,0.47995172957547644,0.07630116689506074
25812,GOF,0.032865393200542735,0.6474634040466644,0.31967120275279304
25813,Neutral,0.5014283193105125,0.40712537074225336,0.09144630994723425
25814,GOF,0.11487293430577733,0.6356776499048657,0.24944941578935687
25815,GOF,0.19245724776787876,0.6158009169457811,0.19174183528634012
25816,GOF,0.020521791920038588,0.710168899722793,0.2693093083571685
25817,GOF,0.23605993402591988,0.6503411965329916,0.11359886944108852
25818,GOF,0.05399021759103422,0.6739180797329585,0.27209170267600724
25819,GOF,0.3843624266655875,0.48581314530038955,0.12982442803402292
25820,GOF,0.20358815535483257,0.5960590401078356,0.20035280453733179
25821,GOF,0.06241758964052618,0.6836601604639989,0.25392224989547485
25822,GOF,0.22954768134810927,0.5658150926016448,0.204637226050246
25823,GOF,0.037811744137948175,0.5507912531069937,0.41139700275505814
25824,GOF,0.086670194983942,0.6303785847565375,0.2829512202595204
25825,GOF,0.03744777103463202,0.6257963633230406,0.3367558656423275
25826,GOF,0.015928888833835753,0.5881240528942573,0.39594705827190707
25827,GOF,0.02464528230345687,0.6139910076189153,0.3613637100776277
25828,GOF,0.014915849246079319,0.5391203856802446,0.44596376507367613
25829,GOF,0.005893696854071406,0.5800841823959381,0.4140221207499905
25830,LOF,0.03440954124554558,0.2936942664820331,0.6718961922724213
25831,GOF,0.21692772189801915,0.6629768213499352,0.1200954567520456
25832,GOF,0.03623798371817604,0.7288882522209482,0.23487376406087576
25833,GOF,0.1271258540771278,0.7281904631575177,0.14468368276535454
25834,GOF,0.038239944035526725,0.743695977267861,0.21806407869661223
25835,GOF,0.08035576724590399,0.7768541736782423,0.1427900590758539
25836,GOF,0.03987954470100471,0.7174386914730562,0.2426817638259391
25837,GOF,0.0283080043340828,0.614935120267197,0.3567568753987203
25838,GOF,0.09840955139928008,0.7736306512074718,0.1279597973932481
25839,GOF,0.31262297787762694,0.5702187156651107,0.11715830645726238
25840,GOF,0.2608313062637997,0.6210018286106995,0.11816686512550079
25841,GOF,0.2469562139673278,0.6368665957043258,0.11617719032834652
25842,GOF,0.15872228796603485,0.7238146962874005,0.11746301574656468
25843,GOF,0.23210682776892008,0.6866197525996192,0.08127341963146076
25844,GOF,0.07328907326221894,0.7167643572886003,0.20994656944918072
25845,GOF,0.017512247025751743,0.5048048820780678,0.47768287089618044
25846,GOF,0.13504466989698433,0.7301249869293741,0.13483034317364165
25847,GOF,0.10525989288548915,0.7937375770474967,0.10100253006701401
25848,GOF,0.04136855587970046,0.723409201213887,0.23522224290641253
25849,GOF,0.012284689180080355,0.6130721563114403,0.3746431545084794
25850,GOF,0.022932548757249566,0.660234849441904,0.31683260180084644
25851,GOF,0.018892829298944366,0.5461248756424507,0.43498229505860486
25852,GOF,0.17012846318247,0.5536791047524637,0.2761924320650663
25853,GOF,0.35581938477682973,0.5766718171280578,0.06750879809511245
25854,GOF,0.023211302720769444,0.6240276824429402,0.35276101483629047
25855,GOF,0.04086505187548032,0.5836679778444156,0.375466970280104
25856,GOF,0.2386577419613797,0.5496966852623694,0.21164557277625104
25857,GOF,0.04368424852371649,0.5158810233294927,0.44043472814679085
25858,GOF,0.020281574805296545,0.5615144240259017,0.41820400116880174
25859,GOF,0.010810361281692871,0.5306892958770613,0.4585003428412458
25860,GOF,0.3552163626601266,0.5592053472433538,0.08557829009651959
25861,GOF,0.393270742638786,0.5428861101435963,0.06384314721761777
25862,GOF,0.08761748203546406,0.7791822116106218,0.1332003063539141
25863,GOF,0.07864953177607316,0.784895931980303,0.1364545362436238
25864,GOF,0.19713478561025322,0.7321745597821144,0.07069065460763221
25865,GOF,0.08247990464743275,0.8040039198397819,0.1135161755127852
25866,GOF,0.06392963769216586,0.7767127698676052,0.15935759244022896
25867,GOF,0.08931980206776853,0.810548916776021,0.10013128115621032
25868,GOF,0.23317871437051085,0.6646998384932893,0.10212144713619993
25869,Neutral,0.7067399573012081,0.2496385953766056,0.043621447322186445
25870,GOF,0.271519587696595,0.4248689050689223,0.30361150723448277
25871,GOF,0.21958085954436868,0.6557294842479765,0.1246896562076547
25872,GOF,0.07729978825575956,0.6683596501816259,0.2543405615626145
25873,GOF,0.09857158920917727,0.7110492512458129,0.19037915954500975
25874,LOF,0.013617042581165393,0.1260895889425248,0.8602933684763099
25875,LOF,0.08295021199858331,0.051236491535256945,0.8658132964661597
25876,LOF,0.03523654830511987,0.03267686047902662,0.9320865912158536
25877,Neutral,0.5022302415169102,0.04847084200158844,0.44929891648150133
25878,LOF,0.18518127402437343,0.10335292596821205,0.7114658000074144
25879,LOF,0.08905472193652475,0.10263090315044661,0.8083143749130286
25880,LOF,0.039788726301886616,0.01613253809288421,0.9440787356052293
25881,LOF,0.17513730366075017,0.12256960047714528,0.7022930958621046
25882,LOF,0.06339981828438655,0.017203144556800498,0.9193970371588129
25883,LOF,0.06561060477677631,0.02119766362919409,0.9131917315940297
25884,LOF,0.03097810131426821,0.03002652410696438,0.9389953745787674
25885,LOF,0.06091996226610536,0.01219555460600879,0.9268844831278858
25886,LOF,0.2678293957332961,0.04252084979232521,0.6896497544743787
25887,LOF,0.15096156422122334,0.06832701118233604,0.7807114245964406
25888,LOF,0.0673270051320434,0.05892543849194126,0.8737475563760154
25889,LOF,0.03935892602205981,0.021432238975636984,0.9392088350023031
25890,LOF,0.04442391858861008,0.15854895163821633,0.7970271297731735
25891,LOF,0.03801920364656172,0.054984928004333605,0.9069958683491046
25892,LOF,0.08379826999557154,0.021099445622529734,0.8951022843818986
25893,LOF,0.24067909255287748,0.019444682383300153,0.7398762250638224
25894,LOF,0.173272927957812,0.010618036142440333,0.8161090358997476
25895,LOF,0.19779447695939667,0.020160430633491065,0.7820450924071123
25896,LOF,0.052515666063420854,0.019770212736247926,0.9277141212003311
25897,LOF,0.26102726329548687,0.011294951188818542,0.7276777855156946
25898,Neutral,0.7048283689868681,0.009682718755905179,0.2854889122572268
25899,LOF,0.21386497959917342,0.02090930394698285,0.7652257164538437
25900,LOF,0.45434233837746396,0.012663491531652237,0.5329941700908838
25901,LOF,0.0524259071724458,0.011167600257749398,0.9364064925698048
25902,LOF,0.1481346795614171,0.012927980978795531,0.8389373394597874
25903,Neutral,0.5689683153379753,0.02724112452367837,0.4037905601383463
25904,LOF,0.31945077518755116,0.03813889186768371,0.6424103329447651
25905,LOF,0.02869611605326305,0.3222197171384253,0.6490841668083116
25906,LOF,0.03306354797906296,0.071888880201467,0.89504757181947
25907,LOF,0.014111185091103933,0.33825596896005,0.6476328459488462
25908,LOF,0.010497922382799967,0.24903232848370513,0.740469749133495
25909,LOF,0.013602546119892405,0.12687131066524765,0.85952614321486
25910,LOF,0.04590434937326731,0.14307030898036993,0.8110253416463628
25911,LOF,0.18368441983149622,0.028134664323119403,0.7881809158453843
25912,LOF,0.04543627949888862,0.05680626807533486,0.8977574524257764
25913,LOF,0.33354380418043855,0.024948640908217242,0.6415075549113443
25914,LOF,0.01924818921574775,0.059388813810000045,0.9213629969742523
25915,Neutral,0.5669846728932673,0.16131545345522288,0.2716998736515098
25916,LOF,0.08165331775970536,0.2075986537031179,0.7107480285371767
25917,LOF,0.06217633494840145,0.04350501146551619,0.8943186535860823
25918,LOF,0.020742146777160395,0.035898716846795554,0.943359136376044
25919,LOF,0.018796739433593997,0.03771253674272633,0.9434907238236796
25920,GOF,0.10854846146465295,0.5177366950785278,0.3737148434568192
25921,LOF,0.02311059665142178,0.03963973521914102,0.9372496681294371
25922,LOF,0.03319734236872502,0.030818184037558597,0.9359844735937164
25923,LOF,0.453929768209987,0.04307938794937599,0.5029908438406371
25924,LOF,0.033486847059126704,0.051148990514386095,0.9153641624264871
25925,LOF,0.06590664612481274,0.047888277430374694,0.8862050764448125
25926,LOF,0.048304714914502445,0.04060145251492159,0.9110938325705759
25927,LOF,0.04827772058722914,0.15262243248485344,0.7990998469279175
25928,LOF,0.01607262638801089,0.05276088700818528,0.9311664866038037
25929,Neutral,0.5666860988943362,0.04599104954173327,0.38732285156393054
25930,LOF,0.06668118723461748,0.03972896570219175,0.8935898470631907
25931,LOF,0.022959337186293293,0.034958396331221664,0.942082266482485
25932,LOF,0.026345365952260995,0.032312472513069554,0.9413421615346693
25933,LOF,0.03602236495570867,0.022444241631058105,0.9415333934132332
25934,LOF,0.022737647359628303,0.024492326000308748,0.9527700266400629
25935,LOF,0.05625223910874949,0.05727484901963143,0.886472911871619
25936,LOF,0.04288039261159648,0.02576078488880396,0.9313588224995997
25937,LOF,0.023818242197257956,0.04207752108233334,0.9341042367204088
25938,LOF,0.058542748031056815,0.05853691473910245,0.8829203372298408
25939,LOF,0.037961182684383685,0.02381935579189585,0.9382194615237205
25940,LOF,0.026415583862465744,0.3544172705427525,0.6191671455947817
25941,LOF,0.18383206620929615,0.09664430078206974,0.7195236330086341
25942,LOF,0.014646398986526582,0.03857816817607198,0.9467754328374014
25943,LOF,0.321097690473499,0.046078752769299416,0.6328235567572016
25944,LOF,0.4892415198274068,0.020742572938147547,0.4900159072344457
25945,LOF,0.07942440834690008,0.02402851107643789,0.8965470805766621
25946,LOF,0.029726355675560888,0.11010883939647569,0.8601648049279635
25947,LOF,0.09756197362193982,0.1687226513259899,0.7337153750520702
25948,LOF,0.373532621284424,0.008524452021233267,0.6179429266943427
25949,LOF,0.1141473929888036,0.036883728435039016,0.8489688785761574
25950,GOF,0.3120497826925008,0.36651627347609306,0.3214339438314061
25951,LOF,0.2243664867239373,0.2468388361531158,0.5287946771229469
25952,LOF,0.03935926320992713,0.44941330859181317,0.5112274281982596
25953,LOF,0.15252748115288,0.0982871744943539,0.749185344352766
25954,Neutral,0.4436564996724276,0.1802397582720533,0.37610374205551905
25955,LOF,0.05382726448261647,0.07786729993951924,0.8683054355778643
25956,LOF,0.16345319093752894,0.10254335676398404,0.734003452298487
25957,LOF,0.03658476747115992,0.03301235847285949,0.9304028740559805
25958,LOF,0.0562233960352069,0.02928514505137208,0.914491458913421
25959,LOF,0.07058138057298145,0.33930898448525615,0.5901096349417625
25960,LOF,0.016064797755677356,0.051117631044832766,0.9328175711994898
25961,LOF,0.04239159311587549,0.02990365718066701,0.9277047497034574
25962,LOF,0.04925277071470552,0.022450783398563778,0.9282964458867307
25963,LOF,0.04769483325858311,0.18623561909973926,0.7660695476416776
25964,LOF,0.03379302917621744,0.16323940115760294,0.8029675696661797
25965,LOF,0.4333544636267473,0.060673912726701466,0.5059716236465512
25966,Neutral,0.5315746084813036,0.16984106388353623,0.29858432763516013
25967,LOF,0.01795784790950081,0.10411523744622277,0.8779269146442765
25968,LOF,0.029526202403936073,0.38969004595053475,0.5807837516455292
25969,LOF,0.032626009504406535,0.05774404895875008,0.9096299415368434
25970,LOF,0.06070064520823364,0.06602548418417276,0.8732738706075936
25971,LOF,0.06353922871289967,0.01979793970463678,0.9166628315824635
25972,LOF,0.06923865482673572,0.027518232202040836,0.9032431129712234
25973,LOF,0.0762270400453797,0.009578413812553246,0.914194546142067
25974,LOF,0.1929691693562651,0.016532329491912762,0.7904985011518222
25975,LOF,0.04416617408664308,0.026273329568668364,0.9295604963446886
25976,LOF,0.04438524486748945,0.015646332754475852,0.9399684223780347
25977,LOF,0.1512287697061608,0.0948150462570641,0.7539561840367751
25978,LOF,0.1558036068827764,0.07514842970260796,0.7690479634146156
25979,LOF,0.13754481633480115,0.07410813666201398,0.7883470470031849
25980,LOF,0.22709800083412102,0.08972052184155893,0.6831814773243201
25981,LOF,0.2610405407618801,0.08790802122079505,0.6510514380173249
25982,LOF,0.4258379918762697,0.06086891764635395,0.5132930904773763
25983,LOF,0.39013456099638033,0.06924933214275228,0.5406161068608674
25984,LOF,0.047324258833760645,0.04299248805956938,0.9096832531066699
25985,LOF,0.037960610997163705,0.2769829226149836,0.6850564663878528
25986,LOF,0.052228671129897764,0.2943635040854386,0.6534078247846636
25987,LOF,0.0882537703229593,0.07000083004006159,0.8417453996369791
25988,LOF,0.16213708337948876,0.055028413278539065,0.7828345033419721
25989,LOF,0.03457191670900314,0.11332633944120855,0.8521017438497883
25990,LOF,0.04364985501090497,0.13321444158650514,0.8231357034025899
25991,LOF,0.12346004788506001,0.23950527578019834,0.6370346763347416
25992,LOF,0.30991463651998546,0.13705674477478577,0.5530286187052288
25993,LOF,0.020960594349082134,0.07351654237364197,0.9055228632772758
25994,LOF,0.015796964629433835,0.08979948959688702,0.8944035457736791
25995,LOF,0.022366045812231013,0.192277191011092,0.785356763176677
25996,GOF,0.3164604817058233,0.4042932590769134,0.27924625921726326
25997,LOF,0.07587223790460106,0.35762832783665377,0.5664994342587452
25998,Neutral,0.5062384472490835,0.02769853409303624,0.4660630186578803
25999,LOF,0.09815887200673037,0.0958883004654558,0.8059528275278137
26000,LOF,0.14448319017933614,0.047944555294800593,0.8075722545258632
26001,LOF,0.18960974514450585,0.054373799757772984,0.7560164550977211
26002,LOF,0.11635776137977845,0.04848809368261288,0.8351541449376086
26003,GOF,0.010014515818257507,0.5862875431181443,0.403697941063598
26004,GOF,0.020234243646717713,0.6694602484522488,0.31030550790103356
26005,LOF,0.006543258340614848,0.44941329963543614,0.5440434420239489
26006,Neutral,0.4889840897464711,0.25407192727202027,0.2569439829815087
26007,GOF,0.018902907008761006,0.5094159673145879,0.47168112567665094
26008,GOF,0.014327524807208626,0.5847180381840618,0.40095443700872957
26009,GOF,0.020258652244386145,0.6620176714945799,0.3177236762610339
26010,GOF,0.021622626587229472,0.6205604636487925,0.357816909763978
26011,LOF,0.006790041899997509,0.42300516751333045,0.5702047905866721
26012,GOF,0.011252615732182399,0.5395811726647811,0.4491662116030365
26013,GOF,0.018730102604284756,0.5981275452922319,0.3831423521034833
26014,LOF,0.037715913698301434,0.10188001215886666,0.8604040741428319
26015,LOF,0.20231863043933865,0.015955704137531276,0.78172566542313
26016,LOF,0.20956966378640107,0.06581847843020057,0.7246118577833983
26017,LOF,0.2195645077376229,0.10463026770815895,0.6758052245542181
26018,LOF,0.08183430313274946,0.03691336207668505,0.8812523347905656
26019,LOF,0.07582997381398347,0.02980489432766565,0.8943651318583508
26020,LOF,0.07148892328531191,0.11515386094755474,0.8133572157671334
26021,LOF,0.04722353774181279,0.12153736246677499,0.8312390997914123
26022,LOF,0.010877954620588028,0.04110492505194915,0.9480171203274628
26023,LOF,0.06183663473233267,0.023393141933747422,0.9147702233339199
26024,LOF,0.03029844855326435,0.13636861727627375,0.833332934170462
26025,LOF,0.14450789639162961,0.10028552304496942,0.755206580563401
26026,LOF,0.34437600362993714,0.030953892169342974,0.6246701042007199
26027,LOF,0.05995668969227203,0.018468517943201097,0.9215747923645269
26028,LOF,0.17158943595042475,0.06127589755623186,0.7671346664933433
26029,LOF,0.07174105333467509,0.18281760148286008,0.7454413451824649
26030,LOF,0.02245077481198639,0.04885723267426923,0.9286919925137443
26031,LOF,0.025219830294678332,0.13597699750618225,0.8388031721991394
26032,LOF,0.06250057564763567,0.0786227085061403,0.8588767158462239
26033,LOF,0.07593962656153051,0.0745109713946742,0.8495494020437954
26034,LOF,0.042989821354020574,0.16309105545463518,0.7939191231913442
26035,LOF,0.026584819374221268,0.1510363004557246,0.8223788801700541
26036,LOF,0.03699673147452037,0.18082785491173337,0.7821754136137463
26037,LOF,0.021639961800133722,0.12217457730811727,0.8561854608917491
26038,LOF,0.05828716237593855,0.08013712550677465,0.8615757121172869
26039,LOF,0.05187861636640685,0.15236310100683031,0.7957582826267628
26040,LOF,0.1922713217518184,0.12295343209527496,0.6847752461529065
26041,LOF,0.02199890202818789,0.11681498945889544,0.8611861085129168
26042,LOF,0.02022279369635218,0.10875120288904436,0.8710260034146035
26043,LOF,0.05945285060271854,0.09109686758060784,0.8494502818166736
26044,LOF,0.018954080784485426,0.06303699485266978,0.9180089243628448
26045,LOF,0.06843940972875664,0.10061704393129267,0.8309435463399506
26046,LOF,0.05348349083372746,0.07460985769487243,0.8719066514714002
26047,LOF,0.07139739399154607,0.07731889798945887,0.851283708018995
26048,LOF,0.044366425970691875,0.04317972489636002,0.9124538491329481
26049,Neutral,0.9686619291094011,0.007122826634309888,0.024215244256289115
26050,Neutral,0.9512494726451071,0.009231756759754623,0.0395187705951384
26051,LOF,0.04958951876414416,0.23633172313696535,0.7140787580988905
26052,LOF,0.06522233778303872,0.29139664445774843,0.6433810177592129
26053,LOF,0.059257011251596714,0.1446619202936557,0.7960810684547476
26054,LOF,0.05316480117632511,0.018033232087585182,0.9288019667360897
26055,LOF,0.08236476886689219,0.015077944280459875,0.9025572868526479
26056,LOF,0.06766518375669162,0.016210023836238048,0.9161247924070703
26057,LOF,0.030201088790834378,0.011934672968185745,0.9578642382409798
26058,LOF,0.03106188842984035,0.009652499669730863,0.9592856119004287
26059,LOF,0.3074833887473759,0.020538980417242107,0.671977630835382
26060,LOF,0.044254051973549355,0.17690055772955532,0.7788453902968954
26061,LOF,0.01922324162095451,0.009773125852292503,0.9710036325267529
26062,LOF,0.010853742632012922,0.015469897209265058,0.9736763601587219
26063,LOF,0.02107839772035156,0.010964398530416775,0.9679572037492318
26064,LOF,0.02246678340018873,0.018090224083001014,0.9594429925168103
26065,LOF,0.026897741363567384,0.010657240564610202,0.9624450180718225
26066,LOF,0.022764571209671267,0.011121477956920095,0.9661139508334087
26067,LOF,0.026754117691798168,0.008898226285686437,0.9643476560225155
26068,LOF,0.04623632987202279,0.025597704332977225,0.9281659657950001
26069,LOF,0.26400630981721795,0.0171076769190227,0.7188860132637593
26070,LOF,0.4330195587508176,0.013689157986542666,0.5532912832626397
26071,LOF,0.021854589841988688,0.012059633326258258,0.966085776831753
26072,LOF,0.021471700188578288,0.014614807334264797,0.9639134924771569
26073,LOF,0.02101325014926626,0.009942388270698885,0.9690443615800349
26074,Neutral,0.9127155170486076,0.005168698423838993,0.08211578452755325
26075,LOF,0.04794936022095908,0.0141905769967482,0.9378600627822927
26076,LOF,0.041003235972389196,0.009384105864005112,0.9496126581636056
26077,LOF,0.010339882243077313,0.014449860601531132,0.9752102571553916
26078,LOF,0.013678645506550933,0.010717481508243842,0.9756038729852051
26079,LOF,0.062163145590350584,0.015581591986277694,0.9222552624233716
26080,LOF,0.06159617991361375,0.015631504691033634,0.9227723153953525
26081,LOF,0.032455793663244324,0.006187786750352527,0.9613564195864032
26082,LOF,0.013917084522904999,0.014656215675672166,0.9714266998014228
26083,LOF,0.18986902978425477,0.013490971461123649,0.7966399987546215
26084,LOF,0.04684906660271035,0.011361228363026334,0.9417897050342632
26085,LOF,0.041453659188580794,0.010674646068159422,0.9478716947432598
26086,LOF,0.02210194053568527,0.010184446010112938,0.9677136134542018
26087,LOF,0.02503164310696323,0.007529936000267344,0.9674384208927693
26088,LOF,0.016260707592208205,0.020323286336626542,0.9634160060711652
26089,LOF,0.04641778773070189,0.02100415057346698,0.932578061695831
26090,LOF,0.04600869994680479,0.016556217197223475,0.9374350828559717
26091,LOF,0.03330184853327043,0.00600549542940765,0.9606926560373219
26092,LOF,0.023842411098119305,0.00784973839821023,0.9683078505036704
26093,LOF,0.03515872838518108,0.005416519493756387,0.9594247521210625
26094,LOF,0.036987290358014006,0.00558990251717969,0.9574228071248063
26095,LOF,0.04095799907312208,0.012631077961642482,0.9464109229652355
26096,LOF,0.018598820469232124,0.011220378085815814,0.970180801444952
26097,LOF,0.012259255816939226,0.03172349760336744,0.9560172465796934
26098,LOF,0.08533328176082706,0.010729711800666756,0.9039370064385062
26099,LOF,0.022056429679036,0.011809989322247085,0.9661335809987168
26100,LOF,0.024034115403906868,0.011401808076665028,0.9645640765194281
26101,LOF,0.049736637788454864,0.014608261448444784,0.9356551007631004
26102,LOF,0.02090936644379595,0.012286437358570811,0.9668041961976331
26103,Neutral,0.8829470777508505,0.017706990338212898,0.09934593191093667
26104,LOF,0.08333330875323591,0.023116849922907703,0.8935498413238564
26105,LOF,0.22576993183038005,0.24427514444132092,0.529954923728299
26106,LOF,0.18009507346513398,0.11131093722999878,0.7085939893048672
26107,LOF,0.23681782461103748,0.07471197398685035,0.6884702014021121
26108,LOF,0.24988473530410332,0.08887203716396998,0.6612432275319267
26109,LOF,0.09139937771297671,0.062261346768366824,0.8463392755186565
26110,LOF,0.2528027151861042,0.007099244685218512,0.7400980401286773
26111,Neutral,0.5051988711599925,0.028201590239233243,0.46659953860077424
26112,LOF,0.030802983484496838,0.007559535232949056,0.9616374812825542
26113,LOF,0.056789555958382115,0.01774595551024988,0.9254644885313679
26114,LOF,0.02615797940407965,0.03022362068219857,0.9436183999137219
26115,LOF,0.08868033108317537,0.057412885603691836,0.8539067833131327
26116,LOF,0.06949688014484559,0.06095779196762956,0.8695453278875249
26117,LOF,0.4534939068726154,0.04182188608554582,0.5046842070418387
26118,LOF,0.03287478734912333,0.025424234156896763,0.9417009784939799
26119,LOF,0.021975127588234895,0.0365111669106651,0.9415137055011
26120,LOF,0.027017845242707766,0.018981970722598374,0.9540001840346939
26121,LOF,0.04259467999636962,0.08542192221739386,0.8719833977862365
