feature0,prediction,LoGoFunc_Neutral,LoGoFunc_GOF,LoGoFunc_LOF
25546,Neutral,0.6086125306718613,0.05303210795498802,0.3383553613731507
25547,Neutral,0.47841258152169686,0.09824306410304921,0.42334435437525386
25548,Neutral,0.47823210122743237,0.0794459171537701,0.4423219816187975
25549,LOF,0.4115770418381251,0.08256239911576053,0.5058605590461144
25550,LOF,0.34746728379277236,0.1022043074908852,0.5503284087163424
25551,LOF,0.3111569898796633,0.10980056537394838,0.5790424447463883
25552,LOF,0.2688013917896399,0.10919288843375213,0.6220057197766079
25553,Neutral,0.7941925929259643,0.0454182166262466,0.1603891904477889
25554,LOF,0.3142346079291583,0.0989347004091659,0.5868306916616758
25555,LOF,0.26482574745513865,0.09384625298965309,0.6413279995552084
25556,LOF,0.4376394480288722,0.08452029786178396,0.477840254109344
25557,LOF,0.25576464212874156,0.09917071722070131,0.6450646406505571
25558,LOF,0.30645268206052834,0.09700378600487339,0.5965435319345983
25559,LOF,0.2760322511162523,0.1296158181256675,0.5943519307580802
25560,LOF,0.17719455639551626,0.11677207446423568,0.7060333691402482
25561,LOF,0.17212290329327734,0.14245429510897323,0.6854228015977494
25562,LOF,0.06809153706874296,0.09383792555606656,0.8380705373751904
25563,LOF,0.027732936101906698,0.1411183802086436,0.8311486836894497
25564,LOF,0.21013783771567532,0.14184454176131922,0.6480176205230055
25565,LOF,0.2214737011813719,0.1362682136141786,0.6422580852044496
25566,GOF,0.09526990756869609,0.6719951253510609,0.23273496708024305
25567,LOF,0.036463576422274914,0.19922093341968863,0.7643154901580366
25568,LOF,0.05961073424330471,0.10431271144233897,0.8360765543143563
25569,LOF,0.05501980311237322,0.10639814582554886,0.8385820510620778
25570,LOF,0.02751170221549312,0.12374008055909039,0.8487482172254165
25571,LOF,0.025437277263026484,0.12712380108654558,0.8474389216504279
25572,LOF,0.06114098248082821,0.15185444206090587,0.7870045754582659
25573,LOF,0.052933528608922316,0.12048584837451459,0.8265806230165632
25574,LOF,0.053906116913637635,0.24256619935092097,0.7035276837354414
25575,LOF,0.021793444826974852,0.14788275262875447,0.8303238025442707
25576,LOF,0.02633501165428425,0.1821588146973772,0.7915061736483385
25577,LOF,0.03042663719024588,0.14040467922757413,0.82916868358218
25578,LOF,0.3014897128234437,0.12075723182738872,0.5777530553491677
25579,LOF,0.14307071367577226,0.12634069727052596,0.7305885890537017
25580,LOF,0.019058126764866484,0.10430073240158579,0.8766411408335477
25581,LOF,0.059031587813158495,0.09492710549029973,0.8460413066965418
25582,LOF,0.05922552843796751,0.09327754792012755,0.8474969236419049
25583,LOF,0.021240285918791214,0.10488581760444854,0.8738738964767602
25584,Neutral,0.6906502375526408,0.13732112078488304,0.17202864166247622
25585,LOF,0.023470897956728597,0.17852727067133073,0.7980018313719408
25586,LOF,0.016254258916754014,0.09547032472156841,0.8882754163616776
25587,LOF,0.01591474780018449,0.08507422492879159,0.899011027271024
25588,LOF,0.019339199955579735,0.09292583673784338,0.8877349633065769
25589,Neutral,0.49098077091365805,0.24511545732479267,0.2639037717615493
25590,LOF,0.04554558063512657,0.156058120065562,0.7983962992993114
25591,LOF,0.09930988767451517,0.08061179037185079,0.8200783219536341
25592,LOF,0.050834509372057336,0.18533083013763613,0.7638346604903066
25593,LOF,0.11639486638598145,0.3073928260496306,0.5762123075643879
25594,LOF,0.04934695163220966,0.07116990664151804,0.8794831417262723
25595,LOF,0.046091209457088375,0.0512027244120268,0.9027060661308848
25596,LOF,0.10313753775991069,0.024286533372612842,0.8725759288674766
25597,LOF,0.08129207905480916,0.028820635921886297,0.8898872850233046
25598,LOF,0.04910269610562226,0.051949225890119195,0.8989480780042586
25599,LOF,0.01910163008814838,0.47305919711788447,0.5078391727939672
25600,GOF,0.14340525260680018,0.5218128783280794,0.3347818690651204
25601,LOF,0.03416873684331551,0.38604396327611645,0.579787299880568
25602,LOF,0.03375139977821781,0.05638661206751137,0.9098619881542708
25603,LOF,0.03464566087620474,0.033573605031353614,0.9317807340924417
25604,LOF,0.035227653425611564,0.07230770507763722,0.8924646414967513
25605,LOF,0.034844358472667675,0.19987021062143503,0.7652854309058972
25606,LOF,0.41647807357401034,0.10661464364588451,0.47690728278010514
25607,LOF,0.026662545406688644,0.1746299481411283,0.7987075064521831
25608,LOF,0.03903321585150425,0.07619511411953186,0.8847716700289638
25609,GOF,0.137632858964703,0.5063636475399939,0.3560034934953031
25610,LOF,0.016789700687919348,0.02913118657221187,0.9540791127398688
25611,LOF,0.014546767269620675,0.02985088264631361,0.9556023500840657
25612,LOF,0.05048504968026584,0.0497885648202643,0.8997263854994699
25613,LOF,0.04880552690426587,0.048003208619298125,0.9031912644764359
25614,LOF,0.023819624150411195,0.02515922966222477,0.951021146187364
25615,LOF,0.043069210794818756,0.03929748169750339,0.9176333075076778
25616,LOF,0.050048896234396595,0.027227337076703436,0.9227237666889
25617,LOF,0.04390329644802995,0.03331977585788355,0.9227769276940864
25618,LOF,0.04785974357564771,0.03617712347665717,0.915963132947695
25619,LOF,0.01403806587833012,0.03311425939529036,0.9528476747263794
25620,LOF,0.0660920266028302,0.03889771781888905,0.8950102555782806
25621,LOF,0.06048404922633739,0.035545188609544816,0.9039707621641178
25622,LOF,0.06589239439400883,0.03727762088404297,0.8968299847219481
25623,LOF,0.07780308117130635,0.02773242441367002,0.8944644944150235
25624,LOF,0.019097138438189117,0.03391598538119112,0.9469868761806198
25625,LOF,0.060533069712251066,0.03475354041729329,0.9047133898704557
25626,LOF,0.050105003446377624,0.04947410911705976,0.9004208874365627
25627,Neutral,0.8951311002682898,0.02100804939801621,0.08386085033369388
25628,LOF,0.15501419973322417,0.06405799703168238,0.7809278032350935
25629,LOF,0.06420170559028837,0.05737674733383374,0.8784215470758778
25630,LOF,0.3008980255872603,0.07846097305660826,0.6206410013561314
25631,Neutral,0.5651005837223461,0.07540896868894378,0.3594904475887103
25632,LOF,0.029842141974256654,0.05962816974629032,0.910529688279453
25633,LOF,0.1662045340525206,0.042073643911641104,0.7917218220358383
25634,LOF,0.03187344010965023,0.09853185353409469,0.869594706356255
25635,LOF,0.03511547740152029,0.04476768070524438,0.9201168418932354
25636,LOF,0.03438232119307391,0.3940961759907191,0.571521502816207
25637,GOF,0.07946826235810191,0.47116593894419473,0.4493657986977033
25638,LOF,0.029266467757418566,0.3419509615608827,0.6287825706816986
25639,LOF,0.03196804256038223,0.3650269838297566,0.603004973609861
25640,Neutral,0.7716584504478725,0.1791129552032905,0.049228594348837015
25641,GOF,0.06964398479699556,0.5234594379430035,0.4068965772600008
25642,LOF,0.0556433617555459,0.21529137734808085,0.7290652608963732
25643,LOF,0.20046070918779585,0.16870439103482532,0.6308348997773788
25644,LOF,0.027773417444122577,0.47801073326681526,0.4942158492890621
25645,LOF,0.026722016004055712,0.44591791458531393,0.5273600694106303
25646,LOF,0.05991845326202921,0.3555868507357069,0.5844946960022639
25647,LOF,0.03352628399482936,0.2831783814825557,0.683295334522615
25648,LOF,0.03716775306684547,0.2768615547174056,0.6859706922157489
25649,LOF,0.019840322224940456,0.25750726298648763,0.7226524147885719
25650,LOF,0.05161808725695079,0.44812461585129476,0.5002572968917545
25651,LOF,0.02234724406455823,0.29923807070735475,0.678414685228087
25652,LOF,0.0382466200166674,0.2804173333406251,0.6813360466427074
25653,LOF,0.09319440402088124,0.4465900324504024,0.46021556352871623
25654,LOF,0.025638040538930103,0.25340508137312706,0.720956878087943
25655,GOF,0.20146097050073197,0.4582471657617654,0.34029186373750264
25656,LOF,0.3740686373120381,0.07782114481823305,0.5481102178697288
25657,LOF,0.06325398932483363,0.08464108937352842,0.8521049213016381
25658,LOF,0.37022785131729025,0.09242802569463016,0.5373441229880795
25659,Neutral,0.5154320811190203,0.11003438959794906,0.3745335292830306
25660,LOF,0.020948665963398606,0.09162008974658727,0.8874312442900141
25661,LOF,0.0952280073236742,0.062141179599663254,0.8426308130766624
25662,LOF,0.03456443059278319,0.03428592605652658,0.9311496433506902
25663,LOF,0.04559881192696104,0.044717519869793936,0.9096836682032449
25664,LOF,0.14060823606360742,0.06921464922582259,0.7901771147105701
25665,LOF,0.05359987512198687,0.03384732929979141,0.9125527955782217
25666,LOF,0.0960296764551489,0.0697697434518225,0.8342005800930286
25667,LOF,0.07302958542989957,0.039610486321893804,0.8873599282482066
25668,LOF,0.0378362561698241,0.0477635019961396,0.9144002418340363
25669,LOF,0.03285602686182058,0.05060512757077498,0.9165388455674044
25670,LOF,0.15195559127670816,0.052176384846047495,0.7958680238772443
25671,LOF,0.12677121186535265,0.03254754940988548,0.8406812387247619
25672,LOF,0.0521399642751049,0.0477104889464395,0.9001495467784556
25673,LOF,0.08779895472165235,0.05020648950527881,0.8619945557730687
25674,LOF,0.07201738126834609,0.059572479401704646,0.8684101393299493
25675,LOF,0.1146648617763108,0.058086808185568606,0.8272483300381206
25676,LOF,0.019919855879477946,0.05333260785150133,0.9267475362690208
25677,LOF,0.02559434075688324,0.07280585692927058,0.9015998023138461
25678,LOF,0.2124668211463849,0.06945942495126982,0.7180737539023453
25679,LOF,0.11877103463884982,0.0787736919089918,0.8024552734521584
25680,LOF,0.03132182957216561,0.12187825857536862,0.8467999118524658
25681,LOF,0.0494777249905506,0.11260453602776731,0.837917738981682
25682,LOF,0.14273233077155714,0.07384696199890223,0.7834207072295406
25683,LOF,0.11407626184509795,0.08396600608845085,0.8019577320664513
25684,LOF,0.04247220500154223,0.06862500671155573,0.8889027882869021
25685,LOF,0.1302310390279112,0.056077350393316,0.8136916105787727
25686,LOF,0.08476002410075945,0.09154614114355104,0.8236938347556896
25687,LOF,0.13355817351429713,0.09802764633920188,0.768414180146501
25688,LOF,0.34642138558226626,0.036050516043408594,0.6175280983743252
25689,LOF,0.25481720933359636,0.040248668083197915,0.7049341225832058
25690,LOF,0.33489172071997986,0.03363855552519411,0.6314697237548259
25691,Neutral,0.7132304106452069,0.02506223366827231,0.2617073556865208
25692,LOF,0.346527859529547,0.01051403601133719,0.6429581044591158
25693,LOF,0.04915654244372528,0.41354174990166814,0.5373017076546065
25694,LOF,0.12295516478904003,0.014880163859093985,0.8621646713518661
25695,LOF,0.11770968542227928,0.013136968919477996,0.8691533456582428
25696,LOF,0.13744629384252882,0.008949518387954436,0.8536041877695166
25697,LOF,0.0897236116126054,0.039967880935495644,0.8703085074518989
25698,LOF,0.34176243155005537,0.15916305703107875,0.4990745114188657
25699,LOF,0.4701313942031207,0.04136650942832476,0.4885020963685546
25700,LOF,0.07556820462042105,0.01018337139706876,0.9142484239825103
25701,LOF,0.18533570715149858,0.056413509316330025,0.7582507835321715
25702,GOF,0.17694074416784256,0.5796381126691421,0.24342114316301533
25703,LOF,0.015714002104784894,0.14299286294983385,0.8412931349453813
25704,LOF,0.037669884649142546,0.10072514700663103,0.8616049683442264
25705,LOF,0.04890945952498072,0.15913345180195904,0.7919570886730604
25706,LOF,0.11655487026417802,0.41229166717121724,0.4711534625646047
25707,LOF,0.08986879291959098,0.3713066846008099,0.5388245224795992
25708,LOF,0.03411567270874512,0.3414498517159471,0.6244344755753078
25709,LOF,0.06800871414552781,0.04297216081689925,0.889019125037573
25710,LOF,0.01195225498696025,0.1858750593651398,0.8021726856479
25711,LOF,0.01979310393041621,0.08951892676516554,0.8906879693044182
25712,LOF,0.015002469906443085,0.20378834362051268,0.7812091864730443
25713,LOF,0.01915942938719228,0.08146833990945473,0.8993722307033529
25714,LOF,0.07324559074628659,0.09678521347810662,0.8299691957756069
25715,LOF,0.011326725249756562,0.15018110027646828,0.8384921744737752
25716,LOF,0.01320407626115542,0.12470822195875629,0.8620877017800883
25717,LOF,0.014770152786291197,0.08462301527697957,0.9006068319367292
25718,LOF,0.01154986171046395,0.10792139465191114,0.8805287436376249
25719,LOF,0.01818338688032498,0.08467544932535477,0.8971411637943203
25720,LOF,0.02419000026299818,0.06929835431405147,0.9065116454229503
25721,LOF,0.013615126737254337,0.13314278819657754,0.853242085066168
25722,LOF,0.014599590507998089,0.14072020264546134,0.8446802068465407
25723,LOF,0.023381527802076446,0.04658077696266827,0.9300376952352553
25724,LOF,0.03181201256173351,0.08647818270402885,0.8817098047342375
25725,LOF,0.011595165087923574,0.0785316990552983,0.9098731358567782
25726,LOF,0.016080616958085908,0.1126905780602994,0.8712288049816147
25727,LOF,0.012436201172791513,0.08401556076277487,0.9035482380644335
25728,LOF,0.00997050444214351,0.12783922016978422,0.8621902753880722
25729,LOF,0.010362942719006455,0.12689832251884234,0.8627387347621511
25730,LOF,0.01378599619462447,0.10605083354445698,0.8801631702609186
25731,LOF,0.018030285710721353,0.11653963057840072,0.8654300837108779
25732,LOF,0.014410756778186562,0.08848819849154996,0.8971010447302634
25733,LOF,0.015250803798694186,0.07972874266097657,0.9050204535403292
25734,LOF,0.011058165522296215,0.1342081353521559,0.8547336991255478
25735,LOF,0.01190760304171898,0.09679251348043767,0.8912998834778433
25736,LOF,0.013268277782983926,0.10577194038382007,0.880959781833196
25737,LOF,0.012484232228646124,0.0848427250953325,0.9026730426760214
25738,LOF,0.011932773699547407,0.12501509365300648,0.8630521326474462
25739,LOF,0.021658164655174523,0.08943027873592084,0.8889115566089046
25740,LOF,0.025669752699064317,0.13060396485052556,0.8437262824504101
25741,LOF,0.014979198415697014,0.13578266324249466,0.8492381383418083
25742,LOF,0.12212981988053379,0.09354597936823078,0.7843242007512354
25743,LOF,0.03746847886921473,0.038915810245539265,0.9236157108852459
25744,Neutral,0.5404300336140037,0.21280026601863572,0.24676970036736068
25745,LOF,0.06428326900108604,0.06218688178706424,0.8735298492118497
25746,LOF,0.047465565838220494,0.07544634792601847,0.8770880862357611
25747,LOF,0.022491686052200612,0.054455707637347,0.9230526063104524
25748,LOF,0.09555431557893952,0.08102110175431135,0.8234245826667491
25749,LOF,0.028888839437940277,0.07010446489864207,0.9010066956634177
25750,LOF,0.09188969674063868,0.08280062549926996,0.8253096777600913
25751,LOF,0.10341333763286222,0.09965617466294854,0.7969304877041894
25752,GOF,0.10883409822543096,0.6337981064113057,0.25736779536326326
25753,LOF,0.019840924151011317,0.2515084283075556,0.7286506475414332
25754,GOF,0.01244733761490191,0.7918439364203338,0.19570872596476419
25755,LOF,0.02493961190825872,0.34025298033429463,0.6348074077574467
25756,LOF,0.04453702169938483,0.33357455304729655,0.6218884252533187
25757,GOF,0.01678843002842386,0.8356660880058308,0.14754548196574527
25758,GOF,0.02661521637251542,0.7879395961710534,0.1854451874564313
25759,GOF,0.011623014836648264,0.5929714067257659,0.39540557843758595
25760,LOF,0.012473154685751246,0.23850943857553208,0.7490174067387166
25761,GOF,0.26461333773276285,0.6292293777084575,0.10615728455877971
25762,LOF,0.03763952949797206,0.2406675064327548,0.7216929640692731
25763,LOF,0.014652809892608604,0.18966519449758318,0.7956819956098082
25764,GOF,0.08136014049607089,0.6320508604889338,0.2865889990149954
25765,GOF,0.034804723805323595,0.7330733843773057,0.23212189181737075
25766,GOF,0.05324655533462386,0.7430472162710945,0.2037062283942817
25767,GOF,0.1381341037921008,0.5743675910812391,0.2874983051266601
25768,LOF,0.11141620784835492,0.06558730423511415,0.8229964879165309
25769,LOF,0.05991547690861309,0.056965843174389325,0.8831186799169976
25770,LOF,0.3269806287514763,0.10125452554367959,0.5717648457048441
25771,LOF,0.04161764658852349,0.05288275083921285,0.9054996025722637
25772,LOF,0.01933352741018864,0.0396301214572193,0.9410363511325921
25773,LOF,0.04604277402376605,0.09409902050313655,0.8598582054730973
25774,LOF,0.028762270905079025,0.07735857345741064,0.8938791556375103
25775,LOF,0.04993352741803797,0.04331027036376355,0.9067562022181985
25776,LOF,0.07812365372281299,0.02274971602974106,0.8991266302474459
25777,LOF,0.3740725241568317,0.058128100393548314,0.56779937544962
25778,LOF,0.0706444856822427,0.04356443253556828,0.8857910817821891
25779,GOF,0.34150163516195203,0.6153830252914454,0.04311533954660263
25780,GOF,0.3251003658741249,0.6087438731978803,0.06615576092799497
25781,GOF,0.13956528130694434,0.7582618632042635,0.10217285548879229
25782,GOF,0.2100468969503952,0.7163153552610598,0.07363774778854491
25783,GOF,0.023261199859122443,0.6487398099096028,0.32799899023127466
25784,GOF,0.4764171201417941,0.48769161628008534,0.03589126357812057
25785,GOF,0.447974821822337,0.5144225363088143,0.037602641868848735
25786,GOF,0.02597750420253986,0.769619239243609,0.20440325655385114
25787,Neutral,0.6257250511841161,0.34967264710676366,0.024602301709120197
25788,LOF,0.057781579082638625,0.10165264319982659,0.8405657777175347
25789,GOF,0.2062077335505277,0.6636714002166094,0.1301208662328629
25790,GOF,0.2041079157321648,0.7003475525991303,0.09554453166870493
25791,GOF,0.1515514135830709,0.6937661729546943,0.1546824134622348
25792,GOF,0.36274144148325893,0.5248797041380996,0.11237885437864144
25793,GOF,0.22796086821098704,0.5339677219656751,0.23807140982333788
25794,GOF,0.3077441420793144,0.5300459139404337,0.16220994398025193
25795,GOF,0.07169094483967808,0.6720841630103876,0.2562248921499342
25796,Neutral,0.5355335268236139,0.39125723911196064,0.07320923406442552
25797,GOF,0.08169765990549535,0.5303308315188205,0.38797150857568413
25798,GOF,0.009181249597056566,0.5214875114937625,0.46933123890918094
25799,LOF,0.007554695581918958,0.40886920890846734,0.5835760955096138
25800,GOF,0.03162260299676533,0.6010423841217407,0.36733501288149384
25801,GOF,0.1894629494594414,0.6877981929972901,0.12273885754326855
25802,GOF,0.05680585871925155,0.7064675708633447,0.23672657041740383
25803,GOF,0.03386065420589537,0.5821623434129745,0.38397700238113014
25804,GOF,0.029199186143237625,0.49444336304511227,0.47635745081165
25805,GOF,0.08396976692620181,0.5960210931376747,0.3200091399361234
25806,GOF,0.10408905850342377,0.6038852646174303,0.2920256768791459
25807,GOF,0.01790768588649534,0.6253035133848871,0.3567888007286175
25808,GOF,0.07172900281644248,0.6394399242198086,0.28883107296374894
25809,GOF,0.01881651257926936,0.6306654206586918,0.35051806676203895
25810,GOF,0.017496332778552316,0.6450329458878454,0.3374707213336023
25811,GOF,0.45881125685326773,0.4666451407399121,0.07454360240682023
25812,GOF,0.03467976351430408,0.662569462281592,0.30275077420410396
25813,Neutral,0.4830045540914085,0.42231587190953057,0.094679573999061
25814,GOF,0.11628640730836412,0.6891590756901571,0.1945545170014786
25815,GOF,0.17839472406245258,0.6532874711354291,0.16831780480211825
25816,GOF,0.020239671338807327,0.7114677593248198,0.2682925693363729
25817,GOF,0.2321530431013597,0.6523406000918766,0.11550635680676385
25818,GOF,0.05377580113772332,0.6398437007534049,0.30638049810887186
25819,GOF,0.34912469763499243,0.5172997591475733,0.1335755432174342
25820,GOF,0.1685963104298317,0.6270878357997919,0.2043158537703765
25821,GOF,0.05125120909347708,0.6936548666439738,0.25509392426254907
25822,GOF,0.2014171949356672,0.5839398277159153,0.21464297734841747
25823,GOF,0.027933299309610807,0.5233275687628199,0.4487391319275693
25824,GOF,0.06940038746684829,0.5908817994031894,0.33971781312996224
25825,GOF,0.02799549737140471,0.5717056820837408,0.40029882054485444
25826,GOF,0.011173612381127171,0.544458285102097,0.4443681025167758
25827,GOF,0.023311040954532344,0.5899525264741726,0.38673643257129503
25828,GOF,0.014482978442105884,0.5066148040819106,0.47890221747598344
25829,GOF,0.007120498287433951,0.579341060877001,0.4135384408355652
25830,LOF,0.033800133355285686,0.29818792785722087,0.6680119387874935
25831,GOF,0.20415112618552256,0.6547795009800567,0.14106937283442075
25832,GOF,0.029628606366052926,0.6890508586668822,0.28132053496706494
25833,GOF,0.11622862583579169,0.712016647860651,0.17175472630355737
25834,GOF,0.04256679983275459,0.7008601005418112,0.2565730996254342
25835,GOF,0.08477532438668789,0.738154308410571,0.17707036720274122
25836,GOF,0.041100021929681256,0.7006545284760444,0.2582454495942743
25837,GOF,0.026216159568218485,0.5679306084594165,0.405853231972365
25838,GOF,0.0927016921728274,0.7514458210016757,0.155852486825497
25839,GOF,0.28655796466752087,0.5700193888704619,0.14342264646201722
25840,GOF,0.22946441913074653,0.6077486262531296,0.16278695461612389
25841,GOF,0.25063656307176274,0.6053776702829204,0.1439857666453168
25842,GOF,0.16410177790714198,0.7040289945670339,0.13186922752582422
25843,GOF,0.23437488847136306,0.6696726500550155,0.09595246147362135
25844,GOF,0.06731938151749603,0.6961571863213791,0.2365234321611249
25845,LOF,0.014285146215550165,0.4853899813232544,0.5003248724611954
25846,GOF,0.12181839389524414,0.7132220192719869,0.1649595868327691
25847,GOF,0.10436995273711891,0.7807812904090367,0.11484875685384446
25848,GOF,0.03312602376575205,0.6753996736623634,0.29147430257188456
25849,GOF,0.01124916772048229,0.5630834980552893,0.4256673342242285
25850,GOF,0.02086099688890751,0.6589754904943183,0.3201635126167743
25851,GOF,0.01622577867459914,0.5435058533414803,0.4402683679839206
25852,GOF,0.15885111062957982,0.5683211014786927,0.2728277878917275
25853,GOF,0.33921153696544126,0.5924719046810208,0.06831655835353799
25854,GOF,0.020564519740026814,0.6274099515321989,0.35202552872777426
25855,GOF,0.0354825951925044,0.5999055094045799,0.36461189540291566
25856,GOF,0.24223553526605984,0.5557182123239195,0.20204625241002072
25857,GOF,0.035270370281848484,0.5031860071004722,0.4615436226176793
25858,GOF,0.017975119596653665,0.5517376809120025,0.43028719949134375
25859,GOF,0.010462022427733988,0.5303664530798501,0.4591715244924159
25860,GOF,0.3669402358614558,0.5524769037825349,0.08058286035600928
25861,GOF,0.41057487516098,0.5101838087668562,0.07924131607216393
25862,GOF,0.08943594156044316,0.7716566565438993,0.13890740189565742
25863,GOF,0.09876374840527687,0.7676604310225341,0.13357582057218892
25864,GOF,0.18622256568684525,0.7312122929537579,0.08256514135939687
25865,GOF,0.0877465447564878,0.7878061090909693,0.12444734615254291
25866,GOF,0.06850978667841778,0.7938813770171792,0.13760883630440301
25867,GOF,0.08491336270633348,0.8105570997521366,0.10452953754152983
25868,GOF,0.2685026408036354,0.636821001124262,0.09467635807210252
25869,Neutral,0.68470759923232,0.27705910777478093,0.03823329299289903
25870,GOF,0.2984569492893804,0.3765162060157273,0.3250268446948923
25871,GOF,0.20477510428232554,0.6420248164285807,0.15320007928909377
25872,GOF,0.07845772057567994,0.6515878581536533,0.26995442127066677
25873,GOF,0.12744422674331912,0.677578283390045,0.1949774898666359
25874,LOF,0.017910922224059257,0.1110712969786727,0.871017780797268
25875,LOF,0.10489727726317136,0.03355671919630195,0.8615460035405267
25876,LOF,0.03593310160339421,0.03880482085810952,0.9252620775384963
25877,Neutral,0.5337505015456346,0.040718096881749974,0.4255314015726155
25878,LOF,0.23184189108355524,0.07196399805514943,0.6961941108612953
25879,LOF,0.09171050787783255,0.08553736116400565,0.8227521309581618
25880,LOF,0.02462393618122748,0.017840110531084547,0.9575359532876879
25881,LOF,0.16803172201759956,0.10997089304648473,0.7219973849359157
25882,LOF,0.06271159766341293,0.014396782200412152,0.9228916201361749
25883,LOF,0.08279066939663327,0.018942752378906,0.8982665782244607
25884,LOF,0.0344273330270999,0.029570824594748465,0.9360018423781516
25885,LOF,0.06737674457510426,0.01179089941702748,0.9208323560078682
25886,LOF,0.28144391612102726,0.03554377818417942,0.6830123056947933
25887,LOF,0.1493527542120544,0.06142928564072474,0.7892179601472209
25888,LOF,0.06627559143114724,0.06045179523188073,0.873272613336972
25889,LOF,0.04525985636537282,0.019583948674550915,0.9351561949600762
25890,LOF,0.052477648956983064,0.12831727048797645,0.8192050805550405
25891,LOF,0.038396598730899845,0.046848186763049936,0.9147552145060502
25892,LOF,0.09852442002347604,0.020989095623696174,0.8804864843528277
25893,LOF,0.25185964083024354,0.017349846971754502,0.7307905121980021
25894,LOF,0.18866667751160532,0.01055146388105785,0.8007818586073369
25895,LOF,0.21605177061766678,0.01869031852303806,0.7652579108592951
25896,LOF,0.04900556642504795,0.029580287230178397,0.9214141463447736
25897,LOF,0.2512752083466529,0.011464675193249053,0.7372601164600979
25898,Neutral,0.6883733763659756,0.009186932767793029,0.30243969086623124
25899,LOF,0.20969163632169405,0.02556485022401833,0.7647435134542877
25900,LOF,0.42199136521685987,0.01750762894507767,0.5605010058380625
25901,LOF,0.05072783417289711,0.014287150943142441,0.9349850148839605
25902,LOF,0.16512956230025544,0.014487901219883121,0.8203825364798615
25903,Neutral,0.5259055050281595,0.025816076506138638,0.4482784184657019
25904,LOF,0.26934619182419556,0.058570981963241,0.6720828262125634
25905,LOF,0.02476879208205423,0.3015375409172383,0.6736936670007075
25906,LOF,0.028250679836040328,0.06432192327562096,0.9074273968883386
25907,LOF,0.014265442273136536,0.32978721798612876,0.6559473397407346
25908,LOF,0.01077792958576618,0.2529166485947442,0.7363054218194895
25909,LOF,0.014781697771401751,0.13563645607601535,0.8495818461525828
25910,LOF,0.05432711798706699,0.12787276943267395,0.8178001125802591
25911,LOF,0.18948368339636912,0.026886670175378755,0.7836296464282521
25912,LOF,0.046140747517679756,0.043628688053333295,0.910230564428987
25913,LOF,0.3259569673229283,0.02200269172594085,0.652040340951131
25914,LOF,0.022507654685304183,0.09517517791613175,0.882317167398564
25915,Neutral,0.5048725843222988,0.24744915921792654,0.2476782564597747
25916,LOF,0.07030181914024942,0.31779903106210067,0.6118991497976499
25917,LOF,0.06568055717863486,0.06553817619708448,0.8687812666242806
25918,LOF,0.02728373690260099,0.058000756574065726,0.9147155065233333
25919,LOF,0.023220955037534418,0.06166923684894942,0.915109808113516
25920,GOF,0.11500195215003306,0.4980766422071458,0.38692140564282107
25921,LOF,0.02803187616813045,0.03289844486605248,0.9390696789658171
25922,LOF,0.04000921903028778,0.024015558207120945,0.9359752227625914
25923,LOF,0.4213284929445796,0.02496584338543617,0.5537056636699843
25924,LOF,0.042557355340789395,0.0426148741969244,0.9148277704622861
25925,LOF,0.07382389597670011,0.030953938502144746,0.8952221655211551
25926,LOF,0.05341355461111177,0.025205484667671137,0.921380960721217
25927,LOF,0.06648837355779443,0.09338183392890631,0.8401297925132993
25928,LOF,0.02235198476746069,0.03942327680067432,0.938224738431865
25929,Neutral,0.5341348239125512,0.02693418927588267,0.438930986811566
25930,LOF,0.057334484947457826,0.0225187468301524,0.9201467682223898
25931,LOF,0.029492877745733437,0.0253154621593262,0.9451916600949404
25932,LOF,0.028833010779160173,0.021763149708664355,0.9494038395121754
25933,LOF,0.040590746967823194,0.016259744001157317,0.9431495090310195
25934,LOF,0.026735751986930748,0.01991551825280941,0.9533487297602597
25935,LOF,0.06549684204382357,0.0348279857601235,0.8996751721960529
25936,LOF,0.047490817605100294,0.01992520968501489,0.9325839727098849
25937,LOF,0.03010022164736539,0.02893259639259926,0.9409671819600355
25938,LOF,0.0702044136250667,0.03558942997419912,0.8942061564007341
25939,LOF,0.03972019658233994,0.014900724368102998,0.945379079049557
25940,LOF,0.039899047172328256,0.38849346638116244,0.5716074864465093
25941,LOF,0.18850046347693752,0.08982230860479946,0.721677227918263
25942,LOF,0.01760505841506493,0.0351754931586149,0.9472194484263201
25943,LOF,0.29140046672580877,0.05431535573332255,0.6542841775408688
25944,Neutral,0.5021787382015748,0.02451684233337082,0.4733044194650544
25945,LOF,0.06743311126435962,0.025119304720829877,0.9074475840148104
25946,LOF,0.02938142849772578,0.10489332732512573,0.8657252441771486
25947,LOF,0.10769762251701347,0.23418319797473547,0.6581191795082512
25948,LOF,0.4232605131184623,0.009504541450473762,0.5672349454310639
25949,LOF,0.10242585185104554,0.04023105875180118,0.8573430893971533
25950,GOF,0.24352500222454998,0.4405811629907395,0.3158938347847105
25951,LOF,0.2512970906747924,0.22864045042168826,0.5200624589035193
25952,LOF,0.04439209836289246,0.423064621233195,0.5325432804039125
25953,LOF,0.14634849586124332,0.10496757998133933,0.7486839241574174
25954,Neutral,0.4287496722386515,0.17356776925448827,0.3976825585068602
25955,LOF,0.05489790200413766,0.07681831977274642,0.868283778223116
25956,LOF,0.174701755639787,0.11498624674087206,0.7103119976193409
25957,LOF,0.036851081294422244,0.03402443467717324,0.9291244840284045
25958,LOF,0.05930397642129211,0.031943962298281156,0.9087520612804266
25959,LOF,0.05875183435370408,0.37557439975398044,0.5656737658923155
25960,LOF,0.017513321336539597,0.058550521543881004,0.9239361571195794
25961,LOF,0.04814193231071847,0.03431974830766713,0.9175383193816143
25962,LOF,0.061919768406506044,0.03064676760328418,0.9074334639902097
25963,LOF,0.0499062486742159,0.18059431098227657,0.7694994403435076
25964,LOF,0.03655705397920558,0.1506560676597295,0.812786878361065
25965,Neutral,0.4608250320908891,0.08163641347064719,0.4575385544384636
25966,Neutral,0.4772802964562192,0.08858501240954862,0.4341346911342322
25967,LOF,0.01441372239549048,0.05694388325902712,0.9286423943454823
25968,LOF,0.02985433290765165,0.4758488359820251,0.4942968311103232
25969,LOF,0.023995184807848152,0.05765149630039407,0.9183533188917579
25970,LOF,0.0572322620626513,0.05426651473799898,0.8885012231993497
25971,LOF,0.0743026126971324,0.014836979881137063,0.9108604074217306
25972,LOF,0.07242349719527004,0.019365806037275644,0.9082106967674543
25973,LOF,0.0822742107135906,0.011343886569382063,0.9063819027170275
25974,LOF,0.21654581083299504,0.017569760616811467,0.7658844285501936
25975,LOF,0.04870042408291928,0.034811654819221965,0.9164879210978587
25976,LOF,0.04176268094612151,0.01822903078053644,0.940008288273342
25977,LOF,0.14389965200905144,0.09089757993848585,0.7652027680524627
25978,LOF,0.14448944250024173,0.07229669331705385,0.7832138641827043
25979,LOF,0.1328195787510235,0.07125503405969535,0.7959253871892812
25980,LOF,0.21693775332378187,0.09846342303444881,0.6845988236417693
25981,LOF,0.2539061087650554,0.09618866902553008,0.6499052222094146
25982,LOF,0.4295875711271359,0.05878125762566027,0.5116311712472038
25983,LOF,0.40388068983089354,0.06216227059570963,0.5339570395733968
25984,LOF,0.05316187107741244,0.04723584657625279,0.8996022823463348
25985,LOF,0.033814143863807884,0.2296061321732186,0.7365797239629736
25986,LOF,0.04002311157031939,0.2666900958255721,0.6932867926041085
25987,LOF,0.07666129323198217,0.060998065165093734,0.862340641602924
25988,LOF,0.1444908420986292,0.043953108558464335,0.8115560493429065
25989,LOF,0.03028329630004227,0.09387840161006904,0.8758383020898887
25990,LOF,0.03639574940057926,0.12141360989384357,0.8421906407055771
25991,LOF,0.1536517225153107,0.2898242824253044,0.5565239950593849
25992,LOF,0.3544351087197494,0.16231021135621354,0.4832546799240371
25993,LOF,0.024246726320790214,0.08708685189366382,0.888666421785546
25994,LOF,0.017546520288479327,0.12188357198622896,0.8605699077252917
25995,LOF,0.026622846433652342,0.23839941337148968,0.734977740194858
25996,GOF,0.2799278940493734,0.45684822370854394,0.26322388224208265
25997,LOF,0.07922680465459449,0.452193104546387,0.4685800907990185
25998,Neutral,0.5434949214591214,0.016553563197583412,0.43995151534329524
25999,LOF,0.11650665676385638,0.12007522421243949,0.763418119023704
26000,LOF,0.1679287766023522,0.04083874833043049,0.7912324750672173
26001,LOF,0.1901841725922534,0.03297053980003405,0.7768452876077125
26002,LOF,0.1607845842804503,0.04654156828171748,0.7926738474378323
26003,GOF,0.01013282662621958,0.5661970023550328,0.4236701710187477
26004,GOF,0.01785209505099865,0.602081416556878,0.38006648839212337
26005,LOF,0.00786612742682769,0.4210735011785615,0.5710603713946107
26006,Neutral,0.5057161174416898,0.21497619245740598,0.2793076901009042
26007,GOF,0.019511683072863033,0.517722334132515,0.462765982794622
26008,GOF,0.01771535305840185,0.5957728727989945,0.3865117741426038
26009,GOF,0.02155136258952536,0.6080728146109197,0.370375822799555
26010,GOF,0.02356100887641571,0.6067257938193669,0.3697131973042175
26011,LOF,0.007489874967846769,0.4550703748540521,0.5374397501781011
26012,GOF,0.01298123294522382,0.5605548163522036,0.42646395070257265
26013,GOF,0.018774857707045383,0.5881522358418567,0.393072906451098
26014,LOF,0.044119812143614254,0.11348113161924286,0.842399056237143
26015,LOF,0.19491581452021736,0.009481416577997724,0.7956027689017848
26016,LOF,0.1996177366224886,0.051117457934350415,0.7492648054431611
26017,LOF,0.2220785289282643,0.08322482995979816,0.6946966411119375
26018,LOF,0.09108170388981693,0.028534144329306607,0.8803841517808765
26019,LOF,0.08762134896346896,0.021379493730139615,0.8909991573063915
26020,LOF,0.06882574637931442,0.10196618428333666,0.8292080693373488
26021,LOF,0.04400626859486711,0.10969579473645524,0.8462979366686777
26022,LOF,0.011657575607026552,0.03730364028092394,0.9510387841120496
26023,LOF,0.10467566002550655,0.01909522846447765,0.8762291115100157
26024,LOF,0.029709258922224768,0.11405918423282309,0.8562315568449521
26025,LOF,0.16409711428709503,0.08220973168404609,0.7536931540288588
26026,LOF,0.3179227269199975,0.02703658647993935,0.6550406866000631
26027,LOF,0.08254984779097731,0.014477226291823886,0.9029729259171988
26028,LOF,0.1670075868359985,0.06617144933809184,0.7668209638259097
26029,LOF,0.07850682958496233,0.1955808914731594,0.7259122789418783
26030,LOF,0.026488432519773477,0.07431767320544978,0.8991938942747768
26031,LOF,0.03266220935576015,0.15118418268540174,0.816153607958838
26032,LOF,0.07298195136777985,0.0862951691331253,0.8407228794990947
26033,LOF,0.12542477765950574,0.10919233458233894,0.7653828877581553
26034,LOF,0.05123357195133163,0.162025406872676,0.7867410211759924
26035,LOF,0.028990178911990554,0.1552606164651346,0.8157492046228748
26036,LOF,0.04205054716394083,0.18081373113715246,0.7771357216989067
26037,LOF,0.023532489201010382,0.12237467182402305,0.8540928389749666
26038,LOF,0.06613410492132504,0.08968458517380322,0.8441813099048716
26039,LOF,0.060685104125840314,0.15715674456355622,0.7821581513106034
26040,LOF,0.21473226448573168,0.1624324097308923,0.622835325783376
26041,LOF,0.024007951726245435,0.11941438312879793,0.8565776651449567
26042,LOF,0.02405074033457066,0.11385220290110952,0.8620970567643198
26043,LOF,0.06608639555390211,0.1044719746200171,0.8294416298260808
26044,LOF,0.02152836411862542,0.0889949913501514,0.8894766445312231
26045,LOF,0.07606502794186,0.10821195383408473,0.8157230182240552
26046,LOF,0.06651612381182918,0.10341043931042398,0.8300734368777469
26047,LOF,0.09110889414442959,0.1090327020132619,0.7998584038423084
26048,LOF,0.05484736607855978,0.0536011789757873,0.891551454945653
26049,Neutral,0.9616740501630344,0.009323916616827304,0.029002033220138338
26050,Neutral,0.9472375364020437,0.012473613537178437,0.04028885006077799
26051,LOF,0.04534520098899258,0.34058630753837954,0.614068491472628
26052,LOF,0.062070599896420185,0.3783467923937411,0.5595826077098387
26053,LOF,0.05593691874055791,0.14475589329413135,0.7993071879653108
26054,LOF,0.054939841219932097,0.018746831205852438,0.9263133275742155
26055,LOF,0.07667623312626286,0.015902624906849516,0.9074211419668877
26056,LOF,0.06228503888911944,0.016893516328298743,0.9208214447825818
26057,LOF,0.030473819166679614,0.011434664146604032,0.9580915166867163
26058,LOF,0.031348700858641505,0.008924697868134289,0.9597266012732243
26059,LOF,0.3158106017739224,0.023500845741632956,0.6606885524844446
26060,LOF,0.033725816293139275,0.18637515626754714,0.7798990274393137
26061,LOF,0.019542457026993417,0.010365656453766602,0.9700918865192399
26062,LOF,0.01206157841314533,0.01701232348505599,0.9709260981017986
26063,LOF,0.02287458326457247,0.011506729504501323,0.9656186872309263
26064,LOF,0.02159681447386692,0.019145512676500887,0.9592576728496323
26065,LOF,0.02514470146571752,0.010135810044055001,0.9647194884902274
26066,LOF,0.021158695914332788,0.010961710116239485,0.9678795939694278
26067,LOF,0.02871385991131862,0.008263288130034087,0.9630228519586473
26068,LOF,0.04642867366211363,0.03260250476626973,0.9209688215716166
26069,LOF,0.2778923314605754,0.021276434205333955,0.7008312343340907
26070,LOF,0.4126311536711175,0.017956404207933048,0.5694124421209493
26071,LOF,0.023156517844452183,0.011781472996988094,0.9650620091585597
26072,LOF,0.023713769639838952,0.01679822992930494,0.959488000430856
26073,LOF,0.02468003551598422,0.010231639666582288,0.9650883248174335
26074,Neutral,0.912933011141818,0.005766654884914474,0.08130033397326744
26075,LOF,0.04523920552296675,0.015398368669592866,0.9393624258074403
26076,LOF,0.04694285229619142,0.00824807569130902,0.9448090720124996
26077,LOF,0.010838206283713264,0.017907205403798625,0.9712545883124881
26078,LOF,0.014628145339466367,0.010199910472389273,0.9751719441881442
26079,LOF,0.06163513576742979,0.01750448913893681,0.9208603750936334
26080,LOF,0.06054608685874622,0.01755036731941431,0.9219035458218395
26081,LOF,0.03675727583746626,0.005611586111903252,0.9576311380506304
26082,LOF,0.01601100696212377,0.015568548941565475,0.9684204440963107
26083,LOF,0.12881740221444163,0.012386830727094844,0.8587957670584636
26084,LOF,0.02809352832679285,0.011659886737642398,0.9602465849355647
26085,LOF,0.024211818020559047,0.011089862997621519,0.9646983189818195
26086,LOF,0.02325364006075968,0.0107044988626982,0.9660418610765421
26087,LOF,0.02796853222754643,0.007461919302248156,0.9645695484702055
26088,LOF,0.018084626129916712,0.02605982158552121,0.9558555522845622
26089,LOF,0.045074910826732845,0.02303066704207169,0.9318944221311954
26090,LOF,0.04349700434810204,0.018382018422408282,0.9381209772294897
26091,LOF,0.039776444901138346,0.0056007355950103786,0.9546228195038513
26092,LOF,0.027713178782671457,0.007715021819466744,0.9645717993978616
26093,LOF,0.04143657953589357,0.005427878613666231,0.9531355418504401
26094,LOF,0.04413398453847512,0.006128889147497281,0.9497371263140277
26095,LOF,0.046165090848400654,0.013117032598276474,0.9407178765533228
26096,LOF,0.019439713927433485,0.011090677373598782,0.9694696086989677
26097,LOF,0.012853275022425616,0.033044078050486064,0.9541026469270885
26098,LOF,0.07346665889919751,0.010489339773310891,0.9160440013274916
26099,LOF,0.02555123803939818,0.01203051394756602,0.9624182480130359
26100,LOF,0.027682053700256386,0.01146323324652718,0.9608547130532165
26101,LOF,0.054881203972279184,0.01152024898129565,0.9335985470464252
26102,LOF,0.025196518067108205,0.013468705444915328,0.9613347764879765
26103,Neutral,0.8867355585223863,0.017703951383942127,0.09556049009367162
26104,LOF,0.08297543282205157,0.025680361045067338,0.8913442061328811
26105,LOF,0.20047442935561324,0.2935680883774092,0.5059574822669776
26106,LOF,0.20945472754031075,0.13345829820674196,0.6570869742529474
26107,LOF,0.23376624119414707,0.09518216578204716,0.6710515930238058
26108,LOF,0.25809744259944084,0.134720746995731,0.6071818104048281
26109,LOF,0.11397551497245283,0.07903680781010194,0.8069876772174452
26110,LOF,0.25524286618376857,0.007216226282024357,0.737540907534207
26111,Neutral,0.5012795848881811,0.017597718714303073,0.48112269639751576
26112,LOF,0.033810143871090485,0.007908710917002673,0.9582811452119068
26113,LOF,0.05314997305940233,0.016521259255995666,0.930328767684602
26114,LOF,0.02933240456708368,0.019445190202689366,0.9512224052302268
26115,LOF,0.10228166534358855,0.03946972686695017,0.8582486077894613
26116,LOF,0.07199593094216288,0.03919259862865215,0.8888114704291851
26117,LOF,0.44314351171602934,0.04421719201227305,0.5126392962716975
26118,LOF,0.038027229227382386,0.021798661229289883,0.9401741095433278
26119,LOF,0.020896695245267393,0.031374961743302884,0.9477283430114298
26120,LOF,0.03133400187184866,0.02130182010831866,0.9473641780198326
26121,LOF,0.05056892649460692,0.07882989420399598,0.8706011793013971
26122,LOF,0.04784781669721736,0.03419808981572795,0.9179540934870546
