feature0,prediction,LoGoFunc_Neutral,LoGoFunc_GOF,LoGoFunc_LOF
25546,Neutral,0.636050709371996,0.055484830545966236,0.30846446008203765
25547,Neutral,0.5168986908681369,0.0914577231869781,0.39164358594488513
25548,Neutral,0.49700250772095783,0.08186534786303708,0.42113214441600505
25549,LOF,0.4382899538084871,0.08011795516340507,0.48159209102810796
25550,LOF,0.39426141156000416,0.09379075450978828,0.5119478339302076
25551,LOF,0.3429667309317574,0.10292842641323911,0.5541048426550035
25552,LOF,0.30058966369297935,0.11081980076746306,0.5885905355395575
25553,Neutral,0.7951631571089927,0.046662385684442496,0.15817445720656476
25554,LOF,0.34162824769235384,0.10235620965686312,0.556015542650783
25555,LOF,0.2908514181961739,0.09874237974352895,0.6104062020602972
25556,Neutral,0.4757533713592027,0.092566569898125,0.4316800587426723
25557,LOF,0.2838803283441893,0.10291038034980561,0.6132092913060052
25558,LOF,0.34095962491078036,0.09682476634514253,0.5622156087440772
25559,LOF,0.24544720775444345,0.06665340489970886,0.6878993873458477
25560,LOF,0.11102433678262828,0.15147419185979272,0.737501471357579
25561,LOF,0.1267503159487767,0.20254550217280004,0.6707041818784233
25562,LOF,0.04290056687898077,0.10006158682497283,0.8570378462960464
25563,LOF,0.014757094468822117,0.1469606215235356,0.8382822840076424
25564,LOF,0.10016100053887086,0.11762958062671684,0.7822094188344122
25565,LOF,0.1845496804803045,0.14248442656742769,0.6729658929522679
25566,GOF,0.06401182350287997,0.6430501759671942,0.2929380005299259
25567,LOF,0.03892527451892547,0.1473653588448679,0.8137093666362067
25568,LOF,0.059099911391990764,0.08763902548347952,0.8532610631245297
25569,LOF,0.06116347736896997,0.08514039403317698,0.8536961285978529
25570,LOF,0.026272638587708015,0.11955772754688074,0.8541696338654112
25571,LOF,0.023425061360691314,0.1218707175780618,0.854704221061247
25572,LOF,0.0644133910812258,0.16220046847348105,0.7733861404452932
25573,LOF,0.05998928805385227,0.11212545792044863,0.8278852540256991
25574,LOF,0.056073562067281355,0.22070798824011773,0.723218449692601
25575,LOF,0.022756433303550445,0.12414549660973771,0.8530980700867118
25576,LOF,0.027353096222164943,0.1822569740652385,0.7903899297125966
25577,LOF,0.03353587345924412,0.15298751177758108,0.8134766147631748
25578,LOF,0.2961077178234855,0.10665608493186836,0.5972361972446462
25579,LOF,0.18784351873019228,0.10007960698432969,0.7120768742854781
25580,LOF,0.02071785183175487,0.0876642301172382,0.891617918051007
25581,LOF,0.0479830728207579,0.09098437198171284,0.8610325551975293
25582,LOF,0.047604520321398607,0.08944916827184808,0.8629463114067533
25583,LOF,0.026478197395328456,0.09694015433016485,0.8765816482745066
25584,Neutral,0.7170801626690805,0.12633301315649795,0.15658682417442152
25585,LOF,0.019610761854318644,0.19417796462521145,0.7862112735204698
25586,LOF,0.017254254935678084,0.08975900261968031,0.8929867424446416
25587,LOF,0.017230034187146012,0.08246187271590717,0.9003080930969468
25588,LOF,0.021090616170658643,0.08066187384444781,0.8982475099848936
25589,Neutral,0.5306276286933214,0.22913731326838968,0.24023505803828887
25590,LOF,0.04485218313707803,0.1354785359582907,0.8196692809046312
25591,LOF,0.07939324922186941,0.07717413577841703,0.8434326149997136
25592,LOF,0.058058814780814705,0.1512153720954643,0.790725813123721
25593,LOF,0.09872055103783452,0.2835728722238001,0.6177065767383654
25594,LOF,0.0552544445835759,0.06640763588585866,0.8783379195305655
25595,LOF,0.056624772482577385,0.04102486492345461,0.9023503625939681
25596,LOF,0.11564496891219746,0.02382726374412232,0.8605277673436802
25597,LOF,0.08425724745192485,0.03615342909520791,0.8795893234528672
25598,LOF,0.05363559076515604,0.04610451886775258,0.9002598903670913
25599,LOF,0.022812674227336783,0.35254265717513467,0.6246446685975285
25600,LOF,0.1811895298175987,0.3908510005451286,0.42795946963727277
25601,LOF,0.03925669837315216,0.30580960734852763,0.6549336942783202
25602,LOF,0.02530387153605619,0.08121002836941739,0.8934861000945264
25603,LOF,0.03691651033013029,0.06281289047382649,0.9002705991960432
25604,LOF,0.04040225673990814,0.10334992899086409,0.8562478142692278
25605,LOF,0.030690300439495163,0.17500995372413652,0.7942997458363683
25606,Neutral,0.42832745294080204,0.15183277252113916,0.4198397745380587
25607,LOF,0.026181495975892425,0.22346264997109505,0.7503558540530126
25608,LOF,0.036449829610795424,0.12332505734646433,0.8402251130427403
25609,GOF,0.14274150193403937,0.46567098506783394,0.39158751299812655
25610,LOF,0.015047044848618525,0.06438270071746754,0.920570254433914
25611,LOF,0.012936515129089604,0.06913254120326558,0.9179309436676448
25612,LOF,0.0461715597780735,0.06989632007395573,0.8839321201479708
25613,LOF,0.04402410596241234,0.07861281100391491,0.8773630830336727
25614,LOF,0.02235002768507939,0.05679958462027817,0.9208503876946426
25615,LOF,0.040358340449321066,0.0679981441617144,0.8916435153889645
25616,LOF,0.054403406716676886,0.06439083176475434,0.8812057615185688
25617,LOF,0.04202331005484281,0.06750567571264526,0.890471014232512
25618,LOF,0.04731780622219501,0.09793081201657497,0.85475138176123
25619,LOF,0.012474770575065599,0.07474407368287724,0.9127811557420572
25620,LOF,0.05131565240787222,0.07876382185385798,0.8699205257382698
25621,LOF,0.05864959741682088,0.06498520634496688,0.8763651962382122
25622,LOF,0.06136948580674649,0.0765732346802124,0.8620572795130412
25623,LOF,0.06291732714301324,0.04938400357706732,0.8876986692799194
25624,LOF,0.01923726205188596,0.06404064819072497,0.916722089757389
25625,LOF,0.06397064684226877,0.06372135876017089,0.8723079943975603
25626,LOF,0.048310095138761146,0.07290592424336712,0.8787839806178717
25627,Neutral,0.8866641111000488,0.023397704432479214,0.08993818446747191
25628,LOF,0.14730041594826618,0.06448343054678551,0.7882161535049483
25629,LOF,0.07094671395536824,0.05628815447433743,0.8727651315702943
25630,LOF,0.24929320418957598,0.07134990086184322,0.6793568949485808
25631,Neutral,0.526901889675759,0.05943680501055264,0.41366130531368833
25632,LOF,0.027319393620675685,0.07889143449917169,0.8937891718801526
25633,LOF,0.20253326047997072,0.050730396689833146,0.7467363428301962
25634,LOF,0.04156296046261365,0.09888716168377473,0.8595498778536117
25635,LOF,0.03578326758126873,0.04532599534474047,0.9188907370739908
25636,GOF,0.033612453696345114,0.5662607937037314,0.4001267525999235
25637,GOF,0.05651035615558044,0.5878393736768387,0.35565027016758083
25638,GOF,0.03343653418882362,0.5010280471542902,0.46553541865688625
25639,GOF,0.033336380338415496,0.48597839037080787,0.48068522929077667
25640,Neutral,0.8577785581727979,0.08185994869959069,0.060361493127611396
25641,LOF,0.07433156806649535,0.4345972752958629,0.49107115663764184
25642,LOF,0.06620638553340523,0.1627818874928307,0.771011726973764
25643,LOF,0.25127466589627906,0.12990858944958697,0.6188167446541339
25644,GOF,0.010055037375144196,0.6133567895810365,0.37658817304381936
25645,GOF,0.011225546970412663,0.6010431653295386,0.3877312877000487
25646,LOF,0.028346225426839552,0.4190499653113827,0.5526038092617777
25647,LOF,0.011068961481101888,0.33453707787834774,0.6543939606405503
25648,LOF,0.014334729569653634,0.4077712434813858,0.5778940269489605
25649,LOF,0.008494796778182457,0.31494627867094704,0.6765589245508706
25650,GOF,0.021070280583901257,0.5860918151221991,0.39283790429389964
25651,LOF,0.008627198612617088,0.41714023408950807,0.574232567297875
25652,LOF,0.01393241707412607,0.4257216428268033,0.5603459400990706
25653,GOF,0.038161430633678224,0.5866747363827508,0.37516383298357103
25654,LOF,0.010148652483469632,0.31925747423468726,0.6705938732818431
25655,GOF,0.13447508085126697,0.5883398946735426,0.2771850244751904
25656,LOF,0.3555505262441213,0.12260394707291872,0.5218455266829599
25657,LOF,0.05447377234381741,0.11366299816964488,0.8318632294865378
25658,LOF,0.3376325424152574,0.16509602819205746,0.4972714293926851
25659,Neutral,0.4816887197388382,0.16754783880433177,0.35076344145683
25660,LOF,0.022617228580372736,0.11516700261758928,0.862215768802038
25661,LOF,0.08608606184896828,0.06993917587288476,0.8439747622781469
25662,LOF,0.03205866692173234,0.03517072143377934,0.9327706116444882
25663,LOF,0.03797850890857138,0.03884193011277611,0.9231795609786525
25664,LOF,0.12697194630525044,0.0723946894712773,0.8006333642234723
25665,LOF,0.06070859194554717,0.033091376812465934,0.9062000312419869
25666,LOF,0.09568914485631023,0.0734986863510117,0.8308121687926782
25667,LOF,0.0764461268140276,0.04023988225060864,0.8833139909353637
25668,LOF,0.03552832354876024,0.05139286442522454,0.9130788120260153
25669,LOF,0.02926758549853842,0.04887569901350519,0.9218567154879564
25670,LOF,0.13502314089876602,0.05118705876865272,0.8137898003325812
25671,LOF,0.10552699337961004,0.04071275749556421,0.8537602491248256
25672,LOF,0.05208367757026803,0.047333157202978794,0.9005831652267532
25673,LOF,0.08924076839552507,0.04592558257669318,0.8648336490277817
25674,LOF,0.07731360582998972,0.05610045338118679,0.8665859407888235
25675,LOF,0.10831562304211403,0.07669618817765171,0.8149881887802343
25676,LOF,0.01741591288780364,0.05753725395122148,0.9250468331609748
25677,LOF,0.020875888417220143,0.07324193798062739,0.9058821736021525
25678,LOF,0.20027263442305504,0.08035733808468314,0.7193700274922619
25679,LOF,0.11880093336720456,0.0849379629929718,0.7962611036398237
25680,LOF,0.027147307901615354,0.12276783713462919,0.8500848549637554
25681,LOF,0.04262857315924763,0.12070769201104455,0.8366637348297079
25682,LOF,0.12197167799607898,0.08157294675700415,0.7964553752469169
25683,LOF,0.11418132486332103,0.09517048811147034,0.7906481870252087
25684,LOF,0.035482341489312376,0.06573793881290013,0.8987797196977875
25685,LOF,0.11305603524692624,0.07967257450842588,0.8072713902446479
25686,LOF,0.0730289073274843,0.11016034485943603,0.8168107478130797
25687,LOF,0.12959049486684704,0.11228630281010671,0.7581232023230462
25688,LOF,0.42241971189543925,0.04311751704512108,0.5344627710594397
25689,LOF,0.2782656593067658,0.05003558610232667,0.6716987545909074
25690,LOF,0.32339352708538344,0.032485340890842644,0.644121132023774
25691,Neutral,0.7228160292880246,0.02949743709441601,0.24768653361755952
25692,LOF,0.36240879089532224,0.011674908763792338,0.6259163003408853
25693,LOF,0.041427547118871234,0.4194028048565844,0.5391696480245444
25694,LOF,0.12093598903346253,0.017993813953393747,0.8610701970131437
25695,LOF,0.11576432570797941,0.011029822639013115,0.8732058516530076
25696,LOF,0.13905888623596957,0.011194771551588685,0.8497463422124418
25697,LOF,0.06660230030713135,0.12014392158675313,0.8132537781061154
25698,LOF,0.28894742860927974,0.2538296822794747,0.45722288911124565
25699,LOF,0.4751473820761168,0.04459306208350626,0.48025955584037694
25700,LOF,0.08214995870316233,0.013327728760655825,0.9045223125361818
25701,LOF,0.1909616757048047,0.051889322805107316,0.757149001490088
25702,GOF,0.12892442610161292,0.6717427966873455,0.19933277721104156
25703,LOF,0.01650947145513937,0.15791257425962618,0.8255779542852344
25704,LOF,0.034926322409740716,0.15817615740698376,0.8068975201832757
25705,LOF,0.03509333942758834,0.09191622801566542,0.8729904325567462
25706,LOF,0.16270417366562898,0.30752459520752357,0.5297712311268474
25707,LOF,0.09261951607763244,0.2469113712146673,0.6604691127077001
25708,LOF,0.04382073647460454,0.26322908463036254,0.6929501788950329
25709,LOF,0.06793602995006856,0.02810333373218433,0.9039606363177471
25710,LOF,0.01410929969990584,0.09392538008539532,0.8919653202146989
25711,LOF,0.019172498795616902,0.06541003031516576,0.9154174708892173
25712,LOF,0.017787338837917215,0.13687663071833628,0.8453360304437466
25713,LOF,0.017858610131030097,0.06704143950648701,0.9150999503624828
25714,LOF,0.0718271391481699,0.05065325084130334,0.8775196100105268
25715,LOF,0.011223959501012,0.09686389910326597,0.8919121413957222
25716,LOF,0.01343163604371713,0.07267501953470186,0.913893344421581
25717,LOF,0.01643129720140287,0.06122964026669626,0.9223390625319009
25718,LOF,0.010724587247498418,0.06703513857981727,0.9222402741726844
25719,LOF,0.019993979936583476,0.0605885080773386,0.9194175119860779
25720,LOF,0.02414612891155388,0.048035730767219766,0.9278181403212263
25721,LOF,0.012834668267928893,0.09083733318043942,0.8963279985516316
25722,LOF,0.013857986499168501,0.06512970830377855,0.9210123051970528
25723,LOF,0.023950609991189763,0.032386176065292635,0.9436632139435177
25724,LOF,0.031602231640015355,0.06058382355407027,0.9078139448059143
25725,LOF,0.010964109000430669,0.05376850200611058,0.9352673889934587
25726,LOF,0.014960504253770228,0.07803641492736872,0.9070030808188609
25727,LOF,0.01226965450230503,0.057794710928084976,0.92993563456961
25728,LOF,0.009497356698540321,0.06667973846202359,0.923822904839436
25729,LOF,0.009857260533331684,0.06695223148363139,0.9231905079830369
25730,LOF,0.012908022686578409,0.0684998983570892,0.9185920789563324
25731,LOF,0.02399751251263609,0.06381762384737852,0.9121848636399853
25732,LOF,0.013347531209206625,0.04514592573302573,0.9415065430577677
25733,LOF,0.01767263639040407,0.04135917519607837,0.9409681884135175
25734,LOF,0.012606387897952874,0.08960404516948227,0.8977895669325648
25735,LOF,0.011108537976383379,0.04894157942901797,0.9399498825945987
25736,LOF,0.012371856256896973,0.059521492017795954,0.928106651725307
25737,LOF,0.01148024402933599,0.06769853811555782,0.9208212178551062
25738,LOF,0.011064765026660952,0.06348996695106608,0.9254452680222729
25739,LOF,0.019911749529424254,0.04911794143837348,0.9309703090322022
25740,LOF,0.02744628973033836,0.07210020562033424,0.9004535046493274
25741,LOF,0.014055812490437157,0.07399844427999053,0.9119457432295723
25742,LOF,0.11675677101499683,0.05055227611731554,0.8326909528676877
25743,LOF,0.040013327309272664,0.04875546280062478,0.9112312098901025
25744,Neutral,0.6278447051613109,0.19111120720074415,0.1810440876379451
25745,LOF,0.06798036676990271,0.07021876462795537,0.8618008686021419
25746,LOF,0.04438755639395364,0.08883197785620225,0.8667804657498441
25747,LOF,0.025089959945091955,0.07469520902559236,0.9002148310293157
25748,LOF,0.13184105057510748,0.11991309792552908,0.7482458514993634
25749,LOF,0.02935384040502814,0.08551742377369272,0.8851287358212792
25750,LOF,0.07624170052735671,0.10012778463576937,0.8236305148368739
25751,LOF,0.10654333180638133,0.12052315090491139,0.7729335172887073
25752,GOF,0.10741345942306747,0.6389555622165304,0.25363097836040216
25753,LOF,0.030272941759108784,0.3110982687828368,0.6586287894580545
25754,GOF,0.015408625680284697,0.8220018664814351,0.1625895078382803
25755,LOF,0.030185171227334568,0.37870589850300945,0.5911089302696559
25756,LOF,0.05544015449880986,0.37443656992571855,0.5701232755754715
25757,GOF,0.02151493106611712,0.8825861149953331,0.09589895393854962
25758,GOF,0.029251909552266434,0.8104551938743242,0.16029289657340934
25759,GOF,0.012089926660733842,0.6225856517826142,0.365324421556652
25760,LOF,0.01666652268455056,0.3378733420517245,0.6454601352637249
25761,GOF,0.27616438039622493,0.6511910325719096,0.07264458703186553
25762,LOF,0.04777371830314025,0.3257272847591056,0.6264989969377541
25763,LOF,0.016134564170939187,0.22380909208377658,0.7600563437452842
25764,GOF,0.07109285023354177,0.6907899385556066,0.23811721121085178
25765,GOF,0.03790317645962444,0.76684253142241,0.19525429211796566
25766,GOF,0.06518879601717277,0.8119321170329333,0.12287908694989388
25767,GOF,0.14455835871892228,0.5428575051746994,0.31258413610637825
25768,LOF,0.10465526340080437,0.05573294897413004,0.8396117876250657
25769,LOF,0.044690148603989614,0.06219808058739938,0.893111770808611
25770,LOF,0.3102605409874707,0.1160397763859523,0.573699682626577
25771,LOF,0.04889666698336491,0.057915823587436965,0.893187509429198
25772,LOF,0.016614562600881698,0.049923247612286795,0.9334621897868316
25773,LOF,0.05048546401710879,0.07962458958838978,0.8698899463945015
25774,LOF,0.026308185840874555,0.11582985341079845,0.8578619607483271
25775,LOF,0.052999543187437145,0.058585830767073264,0.8884146260454896
25776,LOF,0.0623762363895156,0.03477792938262293,0.9028458342278615
25777,LOF,0.32519861919458826,0.09593993003107466,0.5788614507743371
25778,LOF,0.059698845668703336,0.055559767907152356,0.8847413864241443
25779,GOF,0.37759308937106933,0.5715788565004026,0.05082805412852797
25780,GOF,0.33094727676377905,0.5875355163591576,0.08151720687706347
25781,GOF,0.11205855592310275,0.7833406418317241,0.10460080224517314
25782,GOF,0.18233286332469315,0.7404301028923049,0.07723703378300198
25783,GOF,0.021093993892859465,0.6570166107843809,0.3218893953227596
25784,Neutral,0.5112790604794857,0.44805999223260995,0.040660947287904294
25785,GOF,0.47430684119415345,0.4825932101820012,0.04309994862384537
25786,GOF,0.029481985212125222,0.7719594406661012,0.19855857412177352
25787,Neutral,0.6426044559306074,0.3307732182993371,0.026622325770055473
25788,LOF,0.05459121665829974,0.09164923906744368,0.8537595442742566
25789,GOF,0.19440862558119582,0.6520714656884299,0.15351990873037433
25790,GOF,0.24936597171824934,0.6590524178146224,0.09158161046712815
25791,GOF,0.13637962893636843,0.7115666624791046,0.15205370858452705
25792,GOF,0.3427488057665631,0.5447083575987102,0.11254283663472679
25793,GOF,0.2406720102702074,0.5457207069362402,0.21360728279355234
25794,GOF,0.28933370473428505,0.5271876101959467,0.1834786850697683
25795,GOF,0.06166002518837165,0.6651958091724854,0.27314416563914307
25796,Neutral,0.5004727057521952,0.4263358058099606,0.07319148843784423
25797,GOF,0.06887576040191491,0.5637237741612179,0.3674004654368673
25798,GOF,0.009185325399309342,0.5336822515672793,0.45713242303341134
25799,LOF,0.0067987007599026004,0.45510861615363896,0.5380926830864584
25800,GOF,0.03201724673382133,0.6198902723145154,0.34809248095166334
25801,GOF,0.22859283277299267,0.674834061670843,0.09657310555616437
25802,GOF,0.056296180934479884,0.6948402436901054,0.2488635753754147
25803,GOF,0.03763384477835611,0.5938586632694322,0.3685074919522119
25804,GOF,0.03482269106307959,0.5236908850627426,0.44148642387417775
25805,GOF,0.12281185585318213,0.6003390287801176,0.2768491153667003
25806,GOF,0.11579419256939366,0.6004303884811022,0.2837754189495042
25807,GOF,0.01821714045024529,0.6435572143945074,0.33822564515524733
25808,GOF,0.10618073189640698,0.607527439813062,0.28629182829053107
25809,GOF,0.018720410712414398,0.6465104396501233,0.33476914963746224
25810,GOF,0.017764415913015787,0.6411552959974618,0.34108028808952245
25811,Neutral,0.48441771888506685,0.4523198735957319,0.06326240751920136
25812,GOF,0.039630938000291674,0.6152510905136324,0.3451179714860759
25813,Neutral,0.57465587427133,0.3255098094958416,0.09983431623282832
25814,GOF,0.1415126731555731,0.6286878697911601,0.22979945705326682
25815,GOF,0.22252202936025256,0.5846297068559113,0.19284826378383615
25816,GOF,0.019895027564404193,0.6825083374249368,0.29759663501065914
25817,GOF,0.23230771311125603,0.6490225368813044,0.11866975000743961
25818,GOF,0.04922199347371413,0.5790196447898593,0.3717583617364264
25819,GOF,0.36539172522990654,0.48681910764385533,0.14778916712623805
25820,GOF,0.21876904563785993,0.5876269160357409,0.19360403832639914
25821,GOF,0.0678608040952358,0.6625195475596811,0.269619648345083
25822,GOF,0.26719304442283404,0.5152405481114706,0.2175664074656953
25823,GOF,0.03770009204887722,0.5061309194069105,0.45616898854421234
25824,GOF,0.09076634785674988,0.5287356218688148,0.3804980302744352
25825,GOF,0.0336456637154886,0.5326434719277762,0.4337108643567353
25826,GOF,0.013496237862480876,0.5100685057732723,0.4764352563642466
25827,GOF,0.02590708260293429,0.5695138551169633,0.4045790622801024
25828,LOF,0.016351436248637923,0.48784156897274616,0.49580699477861595
25829,GOF,0.0072345300505379405,0.542039185910607,0.45072628403885506
25830,LOF,0.04302292424153757,0.2806839833743555,0.676293092384107
25831,GOF,0.1645387028902739,0.6936130224708453,0.1418482746388808
25832,GOF,0.03254395212820548,0.6797810683798721,0.28767497949192256
25833,GOF,0.1199956408983362,0.6963660295882194,0.1836383295134445
25834,GOF,0.038041145727356715,0.6907332620613706,0.2712255922112727
25835,GOF,0.09296366805375285,0.7009778687117647,0.2060584632344825
25836,GOF,0.04184189073239607,0.6720152538702628,0.28614285539734097
25837,GOF,0.021317363465810677,0.5332115410244455,0.4454710955097438
25838,GOF,0.07711779134969325,0.7390918770371809,0.18379033161312586
25839,GOF,0.2906903305011935,0.5572810825361294,0.15202858696267707
25840,GOF,0.21720558772967824,0.5957642447859001,0.18703016748442172
25841,GOF,0.2148927470491329,0.5983774677031337,0.18672978524773332
25842,GOF,0.16507711484576099,0.6773902176852673,0.1575326674689718
25843,GOF,0.18686284597372174,0.6896042197026383,0.12353293432364007
25844,GOF,0.05387213828742984,0.6756860885548727,0.27044177315769746
25845,GOF,0.01288927158223107,0.5201381482483896,0.4669725801693794
25846,GOF,0.09302155007263879,0.726681013485953,0.18029743644140814
25847,GOF,0.10234962784578229,0.7559015362597582,0.14174883589445947
25848,GOF,0.033870765713032915,0.6656392179730535,0.3004900163139137
25849,GOF,0.0092080409823032,0.5628991651148408,0.4278927939028559
25850,GOF,0.02207525242410737,0.6469456880940639,0.33097905948182865
25851,GOF,0.016529724851894242,0.5423490181815496,0.44112125696655624
25852,GOF,0.15749499009008114,0.562285171455334,0.280219838454585
25853,GOF,0.32514124462955857,0.6013801797512432,0.07347857561919824
25854,GOF,0.01697322211234178,0.6195659752522272,0.36346080263543107
25855,GOF,0.031365475537071634,0.5733469958468943,0.39528752861603417
25856,GOF,0.19870720426849267,0.5633145930179708,0.23797820271353648
25857,GOF,0.030506726250217955,0.49433634290233247,0.4751569308474496
25858,GOF,0.01861620622378499,0.5798333685211455,0.40155042525506945
25859,GOF,0.010380445167231325,0.5570104713918523,0.4326090834409164
25860,GOF,0.35211776987243865,0.5600171394732326,0.08786509065432863
25861,GOF,0.3485292890353962,0.5683988118578542,0.0830718991067496
25862,GOF,0.07422106196983923,0.7970960544301168,0.1286828836000439
25863,GOF,0.07950420427498925,0.7906604924979945,0.12983530322701622
25864,GOF,0.16736584503887347,0.7519617259204828,0.08067242904064377
25865,GOF,0.07110408850057473,0.7926107812472105,0.13628513025221473
25866,GOF,0.06015677819973707,0.8072266101531136,0.13261661164714936
25867,GOF,0.08172760328215634,0.8117452462158566,0.10652715050198708
25868,GOF,0.25650946255732965,0.6447147750299435,0.09877576241272691
25869,Neutral,0.6826623761358914,0.27487702584396534,0.04246059802014319
25870,LOF,0.32816546249117945,0.266755394091389,0.40507914341743145
25871,GOF,0.21895029482260162,0.6298127741076063,0.15123693106979214
25872,GOF,0.08320822688824148,0.6416299531618775,0.2751618199498809
25873,GOF,0.15706458210972404,0.629109805832433,0.21382561205784284
25874,LOF,0.02264939003821287,0.11620907150889127,0.8611415384528959
25875,LOF,0.09005513525449499,0.054608892492516145,0.8553359722529889
25876,LOF,0.02752438056409372,0.04812872481147518,0.9243468946244311
25877,Neutral,0.5312065815676814,0.06547900730624727,0.4033144111260713
25878,LOF,0.2277476725835188,0.1052534692992064,0.6669988581172748
25879,LOF,0.09004823775398514,0.1082087597834505,0.8017430024625642
25880,LOF,0.02307475701339449,0.025967598848814742,0.9509576441377908
25881,LOF,0.17944341103800804,0.18144366243343124,0.6391129265285607
25882,LOF,0.0779363217798043,0.024682301046666178,0.8973813771735296
25883,LOF,0.0809280317636741,0.0306973159627646,0.8883746522735614
25884,LOF,0.04320549309371395,0.0467036026264784,0.9100909042798078
25885,LOF,0.06886505874223722,0.01623207336803236,0.9149028678897304
25886,LOF,0.3572942514727883,0.05904919727606972,0.583656551251142
25887,LOF,0.17552294978877012,0.11165649689222663,0.7128205533190033
25888,LOF,0.06869528951390023,0.09397349997340933,0.8373312105126903
25889,LOF,0.05260459804936242,0.0315349795516373,0.9158604223990003
25890,LOF,0.05163406269804442,0.12651739007876,0.8218485472231956
25891,LOF,0.038683004035811756,0.06286110190237364,0.8984558940618146
25892,LOF,0.11433848302708165,0.023336117010309496,0.8623253999626089
25893,LOF,0.2788605643059994,0.018230328487087527,0.702909107206913
25894,LOF,0.17884629830713408,0.01013050161950185,0.8110232000733641
25895,LOF,0.19869344029443511,0.022009514090523652,0.7792970456150413
25896,LOF,0.05196325583841739,0.026858447976831405,0.9211782961847512
25897,LOF,0.2384499677801647,0.016058872822339757,0.7454911593974956
25898,Neutral,0.7267971308744178,0.010840388838075844,0.26236248028750647
25899,LOF,0.26192214800691876,0.03207467967422383,0.7060031723188573
25900,LOF,0.4655151845660344,0.01611364915780179,0.5183711662761638
25901,LOF,0.06285826138095087,0.013117350233837713,0.9240243883852114
25902,LOF,0.17958744385152073,0.012370312677946648,0.8080422434705326
25903,Neutral,0.5012719491697107,0.033099945480311685,0.4656281053499775
25904,LOF,0.29350977699728636,0.05704568945296293,0.6494445335497507
25905,LOF,0.02676682580168419,0.29486892608758636,0.6783642481107294
25906,LOF,0.022406443937657793,0.06535119101069968,0.9122423650516426
25907,LOF,0.012943910244096064,0.3215298263750235,0.6655262633808805
25908,LOF,0.010841559279125501,0.20690874828781444,0.7822496924330601
25909,LOF,0.013907563007570768,0.1297994755095747,0.8562929614828545
25910,LOF,0.04604380751215431,0.10754714344653668,0.8464090490413091
25911,LOF,0.14174348497765338,0.03421375199990659,0.8240427630224401
25912,LOF,0.03955693501642422,0.06320788779887931,0.8972351771846964
25913,LOF,0.26256376976557727,0.02757285309636312,0.7098633771380597
25914,LOF,0.02484678355921155,0.1199318062513713,0.8552214101894172
25915,Neutral,0.4029039057895389,0.2821664402566551,0.3149296539538061
25916,LOF,0.06940972006305819,0.30934089764146383,0.6212493822954781
25917,LOF,0.06696458393476637,0.06580051964798767,0.8672348964172459
25918,LOF,0.0331908554173607,0.06812455742620588,0.8986845871564335
25919,LOF,0.027783989439948614,0.07184962974418414,0.9003663808158672
25920,GOF,0.07853452353615842,0.525496256287946,0.3959692201758954
25921,LOF,0.03324470484753428,0.018487906126049804,0.9482673890264159
25922,LOF,0.04273897676363948,0.012304022505314004,0.9449570007310465
25923,LOF,0.3809803404664906,0.015416709978604986,0.6036029495549045
25924,LOF,0.04001132136768767,0.026997014610533252,0.932991664021779
25925,LOF,0.06744489351976732,0.023087976227789738,0.9094671302524429
25926,LOF,0.048975241223561415,0.01726041996366536,0.9337643388127733
25927,LOF,0.07070989039645979,0.04904477883266893,0.8802453307708714
25928,LOF,0.025137608521802125,0.02511727185348824,0.9497451196247095
25929,Neutral,0.5102434250627986,0.016764714749008577,0.47299186018819284
25930,LOF,0.05814971630718307,0.012680351334400321,0.9291699323584166
25931,LOF,0.032969187879536004,0.015912997792330377,0.9511178143281336
25932,LOF,0.028338411992710026,0.014159790026306606,0.9575017979809833
25933,LOF,0.03853173770922405,0.009393760231956089,0.9520745020588198
25934,LOF,0.024355901924783322,0.010371687214192194,0.9652724108610246
25935,LOF,0.06501825294298866,0.027199860094337034,0.9077818869626744
25936,LOF,0.047078727177994086,0.013075022382420922,0.9398462504395849
25937,LOF,0.03065095709575103,0.01977929683731894,0.94956974606693
25938,LOF,0.061776592913415904,0.03013306952686851,0.9080903375597157
25939,LOF,0.03878646256645385,0.009052688842206483,0.9521608485913396
25940,LOF,0.024350167452722934,0.37232395012074354,0.6033258824265335
25941,LOF,0.18286900480474358,0.07130657141500223,0.7458244237802542
25942,LOF,0.018131237618582447,0.033012364531909144,0.9488563978495085
25943,LOF,0.31675995605769613,0.057232864518283195,0.6260071794240207
25944,Neutral,0.49145219949727087,0.030989018025450187,0.47755878247727895
25945,LOF,0.08091300308965099,0.019746852516730435,0.8993401443936186
25946,LOF,0.02800604078493739,0.13668151417041294,0.8353124450446497
25947,LOF,0.13190048429574752,0.19315304816005674,0.6749464675441957
25948,LOF,0.45229126296479466,0.017853446300563555,0.5298552907346419
25949,LOF,0.09356542404966676,0.07425824468405486,0.8321763312662785
25950,GOF,0.2666289245531247,0.44006586237630274,0.2933052130705725
25951,LOF,0.2408273384557034,0.22035744298489768,0.538815218559399
25952,GOF,0.04310379615877174,0.4918660074239819,0.46503019641724636
25953,LOF,0.13800834998624498,0.11404619100153693,0.7479454590122181
25954,Neutral,0.421181463834821,0.2200731843627721,0.358745351802407
25955,LOF,0.057763018261656654,0.0839692691272234,0.8582677126111199
25956,LOF,0.2018877582354821,0.08918555995156895,0.7089266818129489
25957,LOF,0.04218245147930389,0.0283219925200741,0.929495556000622
25958,LOF,0.054231968522147025,0.02923469944115367,0.9165333320366993
25959,LOF,0.07236175580601749,0.34834028317787086,0.5792979610161116
25960,LOF,0.022883416462585925,0.05556303053999998,0.9215535529974141
25961,LOF,0.04701139202326645,0.03482280168767609,0.9181658062890574
25962,LOF,0.057009045309948,0.033253998000939325,0.9097369566891126
25963,LOF,0.05325090627344174,0.14719831333817815,0.7995507803883801
25964,LOF,0.0342163343470397,0.13029924173285296,0.8354844239201075
25965,LOF,0.41958746122521123,0.07323224488594776,0.507180293888841
25966,Neutral,0.4544764848118876,0.1782814908995338,0.36724202428857855
25967,LOF,0.012691112911498171,0.07773050179059861,0.9095783852979031
25968,LOF,0.03037685087869003,0.45480117827761224,0.5148219708436977
25969,LOF,0.021722237634182656,0.06033228254328754,0.9179454798225297
25970,LOF,0.05882578668039846,0.06771831247775033,0.8734559008418512
25971,LOF,0.07123289411500464,0.021077534283646372,0.9076895716013491
25972,LOF,0.076100942390236,0.029959604656058354,0.8939394529537057
25973,LOF,0.10246262342724381,0.008893215791248474,0.8886441607815078
25974,LOF,0.24423227615753934,0.02326921929303729,0.7324985045494233
25975,LOF,0.050512733736705666,0.032598298369136094,0.9168889678941583
25976,LOF,0.05135701642815164,0.01896518366073907,0.9296777999111092
25977,LOF,0.14724316266802745,0.09704300249782229,0.7557138348341502
25978,LOF,0.10510586093972096,0.0715033423737843,0.8233907966864947
25979,LOF,0.10648512256437556,0.07069930825351929,0.8228155691821051
25980,LOF,0.12640567310751558,0.09588985026673905,0.7777044766257454
25981,LOF,0.1575955445711829,0.0921021312795284,0.7503023241492887
25982,LOF,0.3350453924200942,0.06463048645585966,0.6003241211240462
25983,LOF,0.3220397725084687,0.06377086708933806,0.6141893604021932
25984,LOF,0.05314473597430374,0.07332859440428291,0.8735266696214133
25985,LOF,0.025543502615919755,0.29541974055832665,0.6790367568257537
25986,LOF,0.032588128283136744,0.2850966639358585,0.6823152077810047
25987,LOF,0.07934540957740198,0.08052258743372268,0.8401320029888752
25988,LOF,0.12414867661888114,0.07076112177212233,0.8050902016089966
25989,LOF,0.028615471609269933,0.12119187600145,0.85019265238928
25990,LOF,0.03769300557028826,0.15012213357891116,0.8121848608508007
25991,GOF,0.15162739753859286,0.4448793590823309,0.40349324337907627
25992,LOF,0.3581091717440814,0.25131152403290896,0.3905793042230096
25993,LOF,0.02440086387943946,0.08192320353841848,0.8936759325821422
25994,LOF,0.017181104323238244,0.14231669077931008,0.8405022048974518
25995,LOF,0.025960876520592955,0.19513165766943436,0.7789074658099727
25996,GOF,0.21081073876789705,0.6254581414524387,0.16373111977966417
25997,GOF,0.09096756284692813,0.5899669900685903,0.31906544708448153
25998,Neutral,0.5684764507039968,0.012024765702052817,0.41949878359395043
25999,LOF,0.12819075162127366,0.1535911633566044,0.718218085022122
26000,LOF,0.17063209534909107,0.034198675116855294,0.7951692295340536
26001,LOF,0.18945297288025909,0.04073917642896335,0.7698078506907775
26002,LOF,0.16051294585266043,0.03705608732161426,0.8024309668257253
26003,GOF,0.0085128044552987,0.6735733334568533,0.3179138620878479
26004,GOF,0.021713235780293078,0.7280553738526,0.25023139036710684
26005,GOF,0.008217698816841897,0.553581770290724,0.43820053089243405
26006,Neutral,0.4931925648988352,0.2952903462137709,0.21151708888739384
26007,GOF,0.01645709808237411,0.592588506236328,0.3909543956812979
26008,GOF,0.016743355983073697,0.6139283768784423,0.36932826713848405
26009,GOF,0.02111800667512298,0.6486074214534266,0.3302745718714503
26010,GOF,0.024091054830027523,0.7011251973875166,0.27478374778245596
26011,GOF,0.007350119597669183,0.5329237538114547,0.459726126590876
26012,GOF,0.013850210176935765,0.6149456638776718,0.3712041259453925
26013,GOF,0.015117410116096637,0.662977772115734,0.32190481776816915
26014,LOF,0.044822969825295884,0.16398618960671554,0.7911908405679886
26015,LOF,0.1918277768557533,0.014207188804221095,0.7939650343400256
26016,LOF,0.21343469715010777,0.061722146854039296,0.7248431559958529
26017,LOF,0.17766455597485986,0.11506431368883767,0.7072711303363025
26018,LOF,0.07737483666134805,0.06735390024338353,0.8552712630952685
26019,LOF,0.07382987352770447,0.04839724493444296,0.8777728815378527
26020,LOF,0.05022465698528034,0.1337994719923482,0.8159758710223715
26021,LOF,0.043174887074000926,0.1655347327693921,0.7912903801566069
26022,LOF,0.01114025189526399,0.06864863641695639,0.9202111116877796
26023,LOF,0.10872509192876935,0.04542079300142074,0.84585411506981
26024,LOF,0.025044833745083584,0.13595194790826093,0.8390032183466556
26025,LOF,0.13923300938795632,0.13673563321400375,0.7240313573980399
26026,LOF,0.29616010881604043,0.03090650087422985,0.6729333903097297
26027,LOF,0.07596091351685612,0.03527142347167092,0.8887676630114729
26028,LOF,0.15768010753216052,0.08704753757428234,0.755272354893557
26029,LOF,0.07486820735981063,0.14539035718419036,0.7797414354559989
26030,LOF,0.027848852944909276,0.049315426033612296,0.9228357210214784
26031,LOF,0.0335127968565903,0.11333397639214092,0.8531532267512687
26032,LOF,0.06922670562091202,0.05956471333597119,0.8712085810431168
26033,LOF,0.12160662099364285,0.06716496277961054,0.8112284162267467
26034,LOF,0.04780612035668948,0.11998892822718844,0.832204951416122
26035,LOF,0.032187877069347164,0.1057060669231989,0.862106056007454
26036,LOF,0.04836246247420619,0.1306947372796431,0.8209428002461507
26037,LOF,0.027653681038598974,0.0924949262632922,0.879851392698109
26038,LOF,0.0665673134717118,0.05768209371715816,0.87575059281113
26039,LOF,0.06043634701926062,0.12344809998924886,0.8161155529914905
26040,LOF,0.21453053364948307,0.10502937682874183,0.6804400895217751
26041,LOF,0.027772025423791657,0.08629308898872344,0.8859348855874848
26042,LOF,0.02744651250421198,0.08870869319248113,0.8838447943033069
26043,LOF,0.06510247205225396,0.07575425061772073,0.8591432773300253
26044,LOF,0.02311032685811707,0.06670006108884856,0.9101896120530344
26045,LOF,0.0712742776963264,0.08424615917277516,0.8444795631308983
26046,LOF,0.06863788095266678,0.08049673052273072,0.8508653885246025
26047,LOF,0.09997358900131721,0.09328043387772583,0.8067459771209569
26048,LOF,0.044052667411694904,0.06047405300574815,0.895473279582557
26049,Neutral,0.9535744664794435,0.007768108520519833,0.03865742500003675
26050,Neutral,0.9288804938711673,0.009126250919003747,0.06199325520982894
26051,LOF,0.06285659274122918,0.30265581031978495,0.6344875969389859
26052,LOF,0.08107638382076082,0.27960391578087623,0.639319700398363
26053,LOF,0.060605820776448424,0.1484703880046047,0.790923791218947
26054,LOF,0.056565773530462285,0.03904054723150201,0.9043936792380358
26055,LOF,0.07220491874831957,0.02556164681070396,0.9022334344409765
26056,LOF,0.06311610997748632,0.03197580158974312,0.9049080884327705
26057,LOF,0.030648634708592148,0.01697603304237986,0.9523753322490279
26058,LOF,0.03122660243556933,0.014919478306048357,0.9538539192583824
26059,LOF,0.28404102173724977,0.046470335627745725,0.6694886426350045
26060,LOF,0.02930032818976104,0.24264741341861767,0.7280522583916214
26061,LOF,0.01881790708106955,0.02111573132640695,0.9600663615925236
26062,LOF,0.01158706045201397,0.028751456300837724,0.9596614832471483
26063,LOF,0.021596002082603254,0.015884141635281044,0.9625198562821157
26064,LOF,0.027810319532718338,0.027095266547768893,0.9450944139195128
26065,LOF,0.023980609926365342,0.02005224067828564,0.955967149395349
26066,LOF,0.02021257474565408,0.016358366448627953,0.963429058805718
26067,LOF,0.02555361935857079,0.013209153780327285,0.961237226861102
26068,LOF,0.04764214763041194,0.06337915510239665,0.8889786972671914
26069,LOF,0.26483944882417587,0.041140947327106124,0.694019603848718
26070,LOF,0.4138849985981795,0.025093545248718815,0.5610214561531017
26071,LOF,0.02148621198468616,0.019866246607108118,0.9586475414082056
26072,LOF,0.02460285139036462,0.028346762919466906,0.9470503856901685
26073,LOF,0.0226069052395599,0.015719539941903966,0.961673554818536
26074,Neutral,0.9119015887825662,0.008285193321665272,0.07981321789576841
26075,LOF,0.04553865036244345,0.024265409370142273,0.9301959402674143
26076,LOF,0.04272528974667904,0.01399064613312976,0.9432840641201912
26077,LOF,0.010235323470484866,0.032738696612879564,0.9570259799166356
26078,LOF,0.014761071806629757,0.0191569594269958,0.9660819687663744
26079,LOF,0.054130856572627624,0.031028993119194912,0.9148401503081774
26080,LOF,0.052975215721595366,0.031041698283125783,0.9159830859952788
26081,LOF,0.03391353233419069,0.011373196473056714,0.9547132711927525
26082,LOF,0.020030439531439376,0.02858436968202279,0.9513851907865378
26083,LOF,0.13413798570535318,0.020117665503026943,0.84574434879162
26084,LOF,0.025363919620459776,0.024902649726230516,0.9497334306533096
26085,LOF,0.020956615250271125,0.02273895153207949,0.9563044332176494
26086,LOF,0.023310780187258334,0.016494749933388217,0.9601944698793535
26087,LOF,0.024941103935431832,0.012310802389659824,0.9627480936749083
26088,LOF,0.018471094250178666,0.033510784010416184,0.9480181217394051
26089,LOF,0.047198237959483066,0.044280887591750494,0.9085208744487664
26090,LOF,0.04659504685660103,0.032630650696761646,0.9207743024466374
26091,LOF,0.038403120151614956,0.010466117530500004,0.9511307623178852
26092,LOF,0.025640817813892314,0.013791540600783235,0.9605676415853246
26093,LOF,0.036551708407646974,0.009941570899487873,0.953506720692865
26094,LOF,0.04218478984271142,0.010633684215848075,0.9471815259414404
26095,LOF,0.05812632137112901,0.022931098671658365,0.9189425799572126
26096,LOF,0.021380017660667352,0.018187850951688306,0.9604321313876444
26097,LOF,0.010507320264549624,0.06020869122776402,0.9292839885076863
26098,LOF,0.07485683367104079,0.022395942355075058,0.9027472239738842
26099,LOF,0.024358425984313124,0.022222668024109243,0.9534189059915777
26100,LOF,0.026502156293812567,0.020801050026468502,0.9526967936797189
26101,LOF,0.05338633829807835,0.020598462961926748,0.9260151987399949
26102,LOF,0.02508417459181929,0.018325110534100266,0.9565907148740804
26103,Neutral,0.8903899787010571,0.032821588423934456,0.07678843287500836
26104,LOF,0.0668806238271795,0.054830777390046485,0.8782885987827741
26105,LOF,0.23484855208101124,0.19281921134725538,0.5723322365717334
26106,LOF,0.15875801932332273,0.10966822182882154,0.7315737588478557
26107,LOF,0.24098199148220237,0.08197448371072134,0.6770435248070764
26108,LOF,0.22950436340438424,0.11753964387511576,0.6529559927205
26109,LOF,0.07294943084030234,0.14231552138079223,0.7847350477789056
26110,LOF,0.24813511219550663,0.007118990879590527,0.7447458969249028
26111,LOF,0.4764596991108257,0.019990578453049468,0.5035497224361248
26112,LOF,0.03613724785640507,0.008513401493166352,0.9553493506504287
26113,LOF,0.0558174492365518,0.014032215960843888,0.9301503348026042
26114,LOF,0.02015719742639853,0.01940406772112825,0.9604387348524732
26115,LOF,0.07633082927164773,0.04377514389231089,0.8798940268360415
26116,LOF,0.05296247206905206,0.027619902639478687,0.9194176252914692
26117,LOF,0.38929289931918154,0.05387073073789473,0.5568363699429237
26118,LOF,0.03868514424763464,0.02913117464151061,0.9321836811108547
26119,LOF,0.022823735380897485,0.04849152950942577,0.9286847351096766
26120,LOF,0.029127392146891504,0.021158656106434377,0.9497139517466742
26121,LOF,0.05489106176623205,0.0819702345466799,0.8631387036870881
