feature0,prediction,LoGoFunc_Neutral,LoGoFunc_GOF,LoGoFunc_LOF
25546,Neutral,0.6273956427793947,0.06962464971969166,0.30297970750091363
25547,Neutral,0.5019947558916761,0.1179591165793898,0.3800461275289341
25548,Neutral,0.48931171895268083,0.10275579516165063,0.40793248588566844
25549,LOF,0.425275531153135,0.10449203904678028,0.47023242980008473
25550,LOF,0.3444971750537279,0.14691310380866257,0.5085897211376095
25551,LOF,0.2990899682433656,0.16555695354879166,0.5353530782078427
25552,LOF,0.2660828936759099,0.16591333539097938,0.5680037709331106
25553,Neutral,0.7862465480558628,0.06068900832623736,0.1530644436178998
25554,LOF,0.30882244213859883,0.15595140631259843,0.5352261515488027
25555,LOF,0.2628654536708282,0.14364613473777638,0.5934884115913954
25556,LOF,0.43077435384890883,0.12904691989130507,0.44017872625978605
25557,LOF,0.25471920447325674,0.15100174533434949,0.5942790501923938
25558,LOF,0.3131403840822976,0.14322093130183416,0.5436386846158683
25559,LOF,0.25798243395106407,0.1045439354798654,0.6374736305690705
25560,LOF,0.10538849954269718,0.1681432305466532,0.7264682699106496
25561,LOF,0.11222383560082555,0.22452394186450647,0.663252222534668
25562,LOF,0.04621753244008903,0.11539089202705474,0.8383915755328561
25563,LOF,0.013158162865288649,0.19496141566115496,0.7918804214735563
25564,LOF,0.09553475002608691,0.13564179945479624,0.7688234505191168
25565,LOF,0.20251597236401997,0.12146680132650257,0.6760172263094775
25566,GOF,0.06140588063916012,0.617614115476129,0.3209800038847108
25567,LOF,0.036524603562276485,0.16542949967466014,0.7980458967630635
25568,LOF,0.05871060203752942,0.0978579288158477,0.8434314691466229
25569,LOF,0.06379762487935828,0.09067171415751253,0.8455306609631292
25570,LOF,0.028130600423671277,0.12334169878763171,0.848527700788697
25571,LOF,0.02535495028364543,0.12736958249574315,0.8472754672206115
25572,LOF,0.06570538672454289,0.15850454943194572,0.7757900638435115
25573,LOF,0.07048317137596896,0.1167239068237992,0.8127929218002319
25574,LOF,0.06507065440078759,0.23760659773364326,0.6973227478655691
25575,LOF,0.022817933158257763,0.1445738630920569,0.8326082037496854
25576,LOF,0.027756344202721096,0.1943511783635886,0.7778924774336904
25577,LOF,0.0322223262072702,0.1585393693740302,0.8092383044186995
25578,LOF,0.29031102230269673,0.116929842391682,0.5927591353056212
25579,LOF,0.18988900550801116,0.11495225339697737,0.6951587410950115
25580,LOF,0.02214760656967964,0.09407962151097975,0.8837727719193407
25581,LOF,0.049327438323698986,0.09131955557593563,0.8593530061003654
25582,LOF,0.04875283879860412,0.08968353321372563,0.8615636279876703
25583,LOF,0.02554096001708276,0.11098211328621026,0.8634769266967071
25584,Neutral,0.6947268292747716,0.15661830784434777,0.14865486288088056
25585,LOF,0.020798680771466526,0.20474603724790535,0.7744552819806281
25586,LOF,0.018122178980749526,0.1052990254795831,0.8765787955396673
25587,LOF,0.018384404973948453,0.08752980302863002,0.8940857919974214
25588,LOF,0.021066215821509658,0.09530176167350955,0.8836320225049807
25589,Neutral,0.5108505432944761,0.2677660551770981,0.2213834015284258
25590,LOF,0.04888762047066648,0.1525335108590268,0.7985788686703067
25591,LOF,0.08453978741023906,0.0815711494119898,0.8338890631777711
25592,LOF,0.055449815273018524,0.17632660618849116,0.7682235785384903
25593,LOF,0.10302156188158978,0.30113996220849487,0.5958384759099153
25594,LOF,0.05588107443621836,0.06747732872453394,0.8766415968392477
25595,LOF,0.054518056376191074,0.03816811502316971,0.9073138286006392
25596,LOF,0.12172867973350496,0.023586130547802786,0.8546851897186922
25597,LOF,0.08579013414261114,0.02866454714863431,0.8855453187087546
25598,LOF,0.05246201168356982,0.046483693204193696,0.9010542951122366
25599,LOF,0.023986964338365214,0.37850979088192327,0.5975032447797115
25600,GOF,0.19017317373371315,0.41298924382332186,0.396837582442965
25601,LOF,0.04251245621805987,0.32372373147555805,0.633763812306382
25602,LOF,0.025568851979390215,0.06791387360490272,0.9065172744157071
25603,LOF,0.034251715644579114,0.049043875608863814,0.9167044087465571
25604,LOF,0.0366949479462887,0.0929601758201885,0.8703448762335227
25605,LOF,0.02851787070806499,0.18923893719677407,0.782243192095161
25606,LOF,0.4028057646903022,0.1482034028171087,0.4489908324925891
25607,LOF,0.024947814692461743,0.19134939463065245,0.7837027906768859
25608,LOF,0.037595873277945946,0.1235256229837595,0.8388785037382945
25609,GOF,0.13691098519870915,0.4817637527818125,0.38132526201947836
25610,LOF,0.01570369631965366,0.055142485530028866,0.9291538181503175
25611,LOF,0.013457487910367575,0.06377145622936971,0.9227710558602626
25612,LOF,0.044937079011143174,0.06249820886092757,0.8925647121279293
25613,LOF,0.04302949162451868,0.06313111295139404,0.8938393954240873
25614,LOF,0.023624377262106342,0.051639234437684874,0.9247363883002088
25615,LOF,0.04114433773758273,0.06980837786508436,0.8890472843973329
25616,LOF,0.05279167887573155,0.057337103439252766,0.8898712176850156
25617,LOF,0.03929158136386345,0.06810162797601113,0.8926067906601255
25618,LOF,0.049073499906864736,0.08493660867594843,0.865989891417187
25619,LOF,0.012665812460906188,0.06517687722238952,0.9221573103167043
25620,LOF,0.05150106455956354,0.07040458854089832,0.8780943468995381
25621,LOF,0.06208325811240639,0.05623378528445129,0.8816829566031424
25622,LOF,0.0641016895942276,0.06878315911609315,0.8671151512896793
25623,LOF,0.06232578505591356,0.04713397323756896,0.8905402417065175
25624,LOF,0.019931112494583094,0.05797073511641876,0.9220981523889982
25625,LOF,0.059415185428890925,0.06145047565897759,0.8791343389121314
25626,LOF,0.047344382771543195,0.06127439201282595,0.8913812252156309
25627,Neutral,0.8873542978592404,0.020156298699581236,0.09248940344117847
25628,LOF,0.15534643419716723,0.05314000111490578,0.791513564687927
25629,LOF,0.06601111991819811,0.04851483558303693,0.885474044498765
25630,LOF,0.2907479747529436,0.05799441082218432,0.651257614424872
25631,Neutral,0.55258053228291,0.053558345488806135,0.3938611222282839
25632,LOF,0.02948457179561733,0.07426789247314956,0.8962475357312331
25633,LOF,0.20260070220828777,0.044332656134198845,0.7530666416575135
25634,LOF,0.041819131476934494,0.08710459480229737,0.8710762737207682
25635,LOF,0.039902917357196546,0.04031174899966171,0.9197853336431417
25636,GOF,0.03527821400024942,0.503327850855655,0.4613939351440956
25637,GOF,0.05228391596980149,0.5059973710912612,0.4417187129389374
25638,LOF,0.03378872009874742,0.4281745220330707,0.5380367578681818
25639,LOF,0.031308796382130806,0.45946299600398977,0.5092282076138794
25640,Neutral,0.8642495598832578,0.07825002523124074,0.057500414885501526
25641,LOF,0.08939208675212836,0.3953660489657224,0.5152418642821492
25642,LOF,0.06876176346386485,0.17511164593256473,0.7561265906035705
25643,LOF,0.2112155627881975,0.1396737985518941,0.6491106386599084
25644,GOF,0.010415798682945324,0.6366979059112999,0.3528862954057547
25645,GOF,0.011670804590203155,0.5840961434585641,0.4042330519512328
25646,LOF,0.03923470643461656,0.41674944397877706,0.5440158495866064
25647,LOF,0.013158400741337435,0.3335993300547698,0.6532422692038928
25648,LOF,0.013570177122046204,0.39985204312379347,0.5865777797541604
25649,LOF,0.008588026749574458,0.3068343427232869,0.6845776305271385
25650,GOF,0.021461694655790772,0.5905085983925976,0.3880297069516115
25651,LOF,0.00883631265088182,0.40802971469588095,0.5831339726532373
25652,LOF,0.015201832661798342,0.41117912404535223,0.5736190432928494
25653,GOF,0.040911427566927686,0.5911285291243806,0.3679600433086917
25654,LOF,0.011323717724315827,0.25492562968483884,0.7337506525908454
25655,GOF,0.13204551789868751,0.605404709798918,0.26254977230239446
25656,LOF,0.3492407269943488,0.11588615062757733,0.5348731223780738
25657,LOF,0.05061817103212529,0.1216351111035328,0.8277467178643418
25658,LOF,0.3533149714102286,0.13738068185370592,0.5093043467360655
25659,Neutral,0.46874388142817813,0.14065711271268183,0.39059900585914
25660,LOF,0.023329494612381877,0.11381328668280416,0.862857218704814
25661,LOF,0.08600231082669406,0.07018190734898631,0.8438157818243196
25662,LOF,0.033728951740262345,0.03410323872603871,0.9321678095336989
25663,LOF,0.03879423056873945,0.04394553064694193,0.9172602387843186
25664,LOF,0.12473925753269609,0.06972113976677455,0.8055396027005294
25665,LOF,0.06544988629440318,0.03294248015534676,0.90160763355025
25666,LOF,0.09399147968767244,0.07378283640232111,0.8322256839100065
25667,LOF,0.07388147846653696,0.05328595459551981,0.8728325669379432
25668,LOF,0.03649373458939583,0.05994000596477059,0.9035662594458336
25669,LOF,0.028709366700130242,0.05973780412388271,0.9115528291759871
25670,LOF,0.13425147182714764,0.07083249181197215,0.7949160363608803
25671,LOF,0.10578634960991211,0.04118282122183714,0.8530308291682508
25672,LOF,0.05345000011418472,0.047360687996017524,0.8991893118897978
25673,LOF,0.08868428963626525,0.04642365831240956,0.8648920520513251
25674,LOF,0.07656942948381534,0.05826072504249987,0.8651698454736848
25675,LOF,0.10830897382181602,0.07532725401380232,0.8163637721643817
25676,LOF,0.01916246000673663,0.057678532167228326,0.9231590078260351
25677,LOF,0.02238418624024579,0.07764711684830707,0.8999686969114471
25678,LOF,0.20361087426135238,0.08308969651778929,0.7132994292208583
25679,LOF,0.12534765731514233,0.08447078566558625,0.7901815570192715
25680,LOF,0.03076916519174368,0.12287691573954054,0.8463539190687158
25681,LOF,0.04758928063702445,0.11848529560808328,0.8339254237548922
25682,LOF,0.12500914377493985,0.0868341671160922,0.788156689108968
25683,LOF,0.12034355493163172,0.0922544017571947,0.7874020433111735
25684,LOF,0.03626274233582168,0.07188081987016533,0.891856437794013
25685,LOF,0.11722888412833596,0.07285325913059916,0.8099178567410649
25686,LOF,0.07459032156477949,0.11695346610995398,0.8084562123252665
25687,LOF,0.11343218373178034,0.11656214409001328,0.7700056721782065
25688,LOF,0.41351140678154086,0.03620681923564968,0.5502817739828095
25689,LOF,0.2908155244389103,0.03813097839940405,0.6710534971616856
25690,LOF,0.3182399179821566,0.025073974903208344,0.656686107114635
25691,Neutral,0.7046857530164329,0.022513109860177277,0.2728011371233897
25692,LOF,0.3705693721966148,0.01024052121220325,0.619190106591182
25693,LOF,0.03696066826468965,0.4383477958292187,0.5246915359060917
25694,LOF,0.1251351719327746,0.021007692363238396,0.8538571357039869
25695,LOF,0.11158131081689816,0.016361731315932347,0.8720569578671694
25696,LOF,0.1259542195619205,0.01625743485836191,0.8577883455797176
25697,LOF,0.0779565444511976,0.09431792185542366,0.8277255336933786
25698,LOF,0.3272425526765439,0.18706172055575523,0.4856957267677009
25699,LOF,0.44749682169795535,0.030572315310793685,0.521930862991251
25700,LOF,0.08942132811563167,0.010736026090309351,0.899842645794059
25701,LOF,0.20436665229724063,0.04824712218593536,0.7473862255168241
25702,GOF,0.19353536730364654,0.6062663904982241,0.20019824219812937
25703,LOF,0.018962185767649593,0.1551082581117759,0.8259295561205745
25704,LOF,0.038065373721418105,0.14401090326166407,0.817923723016918
25705,LOF,0.03920073405535161,0.0946947677467355,0.8661044981979129
25706,LOF,0.15311618228064872,0.3122642453492291,0.5346195723701221
25707,LOF,0.09951612506011141,0.25747979509735547,0.6430040798425332
25708,LOF,0.050304793683110735,0.24436384245546552,0.7053313638614238
25709,LOF,0.05902296172109866,0.03229901577694574,0.9086780225019556
25710,LOF,0.01327721044536256,0.11057065245867559,0.876152137095962
25711,LOF,0.02045782322293732,0.06504461344211972,0.914497563334943
25712,LOF,0.016288676082391616,0.15081205249064095,0.8328992714269674
25713,LOF,0.01804521958803863,0.07220311455420762,0.9097516658577537
25714,LOF,0.07415040035576456,0.053479957069256526,0.8723696425749788
25715,LOF,0.011473718715149475,0.11190569463111409,0.8766205866537363
25716,LOF,0.013257019306102923,0.08947023485437709,0.8972727458395199
25717,LOF,0.016356164572270075,0.06733857354138874,0.9163052618863412
25718,LOF,0.011183212438625051,0.06306774080425419,0.9257490467571207
25719,LOF,0.021873538572342647,0.056780070091941276,0.9213463913357162
25720,LOF,0.025424762669866003,0.05004492500674448,0.9245303123233896
25721,LOF,0.013111265583337434,0.08920961833089877,0.8976791160857639
25722,LOF,0.013716779265633519,0.0786788413353913,0.9076043793989753
25723,LOF,0.02524820674965776,0.03353117770888248,0.9412206155414597
25724,LOF,0.03491963303213483,0.05798881549131682,0.9070915514765484
25725,LOF,0.011824403707120835,0.05430597111138205,0.9338696251814972
25726,LOF,0.015441156123787632,0.07920948944601675,0.9053493544301957
25727,LOF,0.012748942264605087,0.05866075605582173,0.9285903016795732
25728,LOF,0.009999028242346148,0.07492811727241712,0.9150728544852367
25729,LOF,0.010392931695187776,0.07510811964082852,0.9144989486639837
25730,LOF,0.013597445035112857,0.07438223357421254,0.9120203213906747
25731,LOF,0.023462500903241465,0.0721518667971404,0.9043856322996182
25732,LOF,0.013245848239398443,0.046835157327495706,0.9399189944331058
25733,LOF,0.016546666036075738,0.04787954429047391,0.9355737896734504
25734,LOF,0.012993132047084128,0.09014424372015678,0.8968626242327591
25735,LOF,0.011487428629512436,0.05767455175818897,0.9308380196122986
25736,LOF,0.012096486917594894,0.07950190315975543,0.9084016099226497
25737,LOF,0.012105473222604093,0.06938338904984354,0.9185111377275524
25738,LOF,0.01176640459359862,0.07496165501846198,0.9132719403879392
25739,LOF,0.02109681233893993,0.05478154936761802,0.9241216382934421
25740,LOF,0.028080462048032506,0.09107090422871932,0.8808486337232482
25741,LOF,0.016099447464047116,0.08136683662025938,0.9025337159156934
25742,LOF,0.10930623037551783,0.05398372295765348,0.8367100466668288
25743,LOF,0.041581740394045316,0.06561930535598304,0.8927989542499717
25744,Neutral,0.5845090388763818,0.25267910589336784,0.16281185523025038
25745,LOF,0.06464068772775712,0.09227946038935661,0.8430798518828863
25746,LOF,0.0410283968546054,0.11777085273440285,0.8412007504109918
25747,LOF,0.022059802917711986,0.10609825281589934,0.8718419442663886
25748,LOF,0.11631963697649106,0.15883602145432194,0.7248443415691871
25749,LOF,0.028928666877595065,0.11076452514077292,0.8603068079816321
25750,LOF,0.07494529258406926,0.1190092737301487,0.8060454336857821
25751,LOF,0.08154965282427766,0.16446430436467424,0.7539860428110481
25752,GOF,0.10777514060098244,0.6590417065771468,0.23318315282187072
25753,LOF,0.026330538389704287,0.31416998563658394,0.6594994759737118
25754,GOF,0.016300377538003688,0.8065525339067314,0.17714708855526487
25755,LOF,0.027334791460998733,0.38128424047400444,0.5913809680649967
25756,LOF,0.04692305005377209,0.36892809536365617,0.5841488545825717
25757,GOF,0.023018009399386658,0.8697612236145608,0.10722076698605258
25758,GOF,0.029849580387928187,0.8153763072069927,0.15477411240507916
25759,GOF,0.011959855933805021,0.6319626694593578,0.35607747460683714
25760,LOF,0.015949760410033393,0.3202190093149037,0.6638312302750629
25761,GOF,0.28132441201421216,0.6361998435965507,0.08247574438923716
25762,LOF,0.04229302063860022,0.30365788485684553,0.6540490945045543
25763,LOF,0.015530034950116813,0.21661861763763485,0.7678513474122484
25764,GOF,0.08066286654737806,0.6549834307942811,0.26435370265834096
25765,GOF,0.03510178589515008,0.7649719379309142,0.19992627617393577
25766,GOF,0.06584424890590666,0.8023902355217613,0.13176551557233204
25767,GOF,0.1526136874525157,0.5409347225558444,0.30645158999163996
25768,LOF,0.10608385096335184,0.06509034876187568,0.8288258002747725
25769,LOF,0.047206866868544466,0.07690385384997477,0.8758892792814806
25770,LOF,0.3345123601627972,0.11414847157161645,0.5513391682655863
25771,LOF,0.04853049100227233,0.0598755033552006,0.891594005642527
25772,LOF,0.01719355192889658,0.05294752233385779,0.9298589257372456
25773,LOF,0.05325219143617134,0.09532462969690049,0.8514231788669282
25774,LOF,0.027372464853390344,0.10290341271495339,0.8697241224316562
25775,LOF,0.05534521578369264,0.05461462410490508,0.8900401601114022
25776,LOF,0.062887005807124,0.03171844204322174,0.9053945521496543
25777,LOF,0.3408467126883366,0.09431585750633922,0.5648374298053243
25778,LOF,0.06326026266452646,0.04964464827368548,0.887095089061788
25779,GOF,0.4017515257984535,0.5443416734599069,0.053906800741639616
25780,GOF,0.3670755335853746,0.5572442985852984,0.07568016782932703
25781,GOF,0.1434497403456383,0.755252346677836,0.10129791297652575
25782,GOF,0.20973929698560714,0.7139917225044945,0.0762689805098983
25783,GOF,0.0251677629369525,0.6236767226531208,0.35115551440992665
25784,Neutral,0.5282718979860176,0.42937047253174054,0.042357629482241865
25785,Neutral,0.4904284517691734,0.4643058019353865,0.04526574629544008
25786,GOF,0.031101388956365838,0.7568931457136284,0.2120054653300058
25787,Neutral,0.685102252945607,0.28452449662814167,0.030373250426251403
25788,LOF,0.0596681877983852,0.07709762032964722,0.8632341918719675
25789,GOF,0.2217145991453202,0.6155073604507033,0.16277804040397648
25790,GOF,0.2584023898816566,0.6507054667819275,0.0908921433364158
25791,GOF,0.15867376442055,0.6850783877617596,0.1562478478176904
25792,GOF,0.3630946893269022,0.5197681709355682,0.1171371397375295
25793,GOF,0.26826219314830413,0.49433115925205123,0.23740664759964464
25794,GOF,0.344957606240072,0.46445118229693216,0.1905912114629959
25795,GOF,0.0786438641301876,0.6694649482026973,0.25189118766711505
25796,Neutral,0.5306644193477061,0.39052641418735057,0.07880916646494342
25797,GOF,0.1043913559537163,0.5356638002442177,0.35994484380206604
25798,GOF,0.010293045670843257,0.5074555017496203,0.4822514525795365
25799,LOF,0.008174699871010811,0.40416986670756905,0.5876554334214202
25800,GOF,0.04531471946579737,0.5897675576297035,0.3649177229044992
25801,GOF,0.24503582544001723,0.6417527610254042,0.11321141353457852
25802,GOF,0.06610751713146269,0.682327812137411,0.2515646707311263
25803,GOF,0.04095452391247359,0.5848876328161331,0.3741578432713933
25804,GOF,0.03754878654813566,0.5142261033378334,0.44822511011403093
25805,GOF,0.14055400423546432,0.59217132607711,0.2672746696874257
25806,GOF,0.14066143096004885,0.5921093513567893,0.2672292176831618
25807,GOF,0.026322794799027615,0.6293657669737951,0.3443114382271773
25808,GOF,0.11376570506336695,0.6037731381242885,0.28246115681234457
25809,GOF,0.02219188460928484,0.6254509432654057,0.35235717212530937
25810,GOF,0.02156057599640463,0.6253604268678128,0.35307899713578245
25811,Neutral,0.5201538662726838,0.4096130098471436,0.07023312388017264
25812,GOF,0.04478018058441285,0.6103263490298694,0.34489347038571777
25813,Neutral,0.5909799406062951,0.3058596709611115,0.10316038843259347
25814,GOF,0.14400117022776415,0.6375080596343122,0.21849077013792362
25815,GOF,0.24791601533378024,0.5532345386543738,0.19884944601184604
25816,GOF,0.024220477517752713,0.6553664342896133,0.3204130881926339
25817,GOF,0.2720329133148725,0.5990149821390915,0.128952104546036
25818,GOF,0.06159396732384918,0.5646249248481502,0.37378110782800067
25819,GOF,0.3909514658874708,0.44416298658649084,0.16488554752603832
25820,GOF,0.20862179416218785,0.569207095096119,0.22217111074169316
25821,GOF,0.06980198297310526,0.6497612756681828,0.28043674135871194
25822,GOF,0.23667473188643795,0.5098541113244496,0.2534711567891124
25823,GOF,0.03770858910369568,0.5013896023047159,0.4609018085915885
25824,GOF,0.09077088409095274,0.5266892266832185,0.38253988922582877
25825,GOF,0.037651250372625185,0.537001186347595,0.4253475632797799
25826,GOF,0.013132260887081564,0.51894856544521,0.4679191736677085
25827,GOF,0.023327873340910573,0.5713014292176022,0.4053706974414873
25828,GOF,0.015343864862290654,0.49731460679812695,0.48734152833958255
25829,GOF,0.007225907402141287,0.5284995390240833,0.4642745535737754
25830,LOF,0.04450521922846114,0.29657130749543986,0.658923473276099
25831,GOF,0.1960502229384831,0.6719556077734818,0.13199416928803503
25832,GOF,0.03614975229920656,0.6657205747529872,0.2981296729478062
25833,GOF,0.14489104286200796,0.6621742572570563,0.19293469988093592
25834,GOF,0.04069436738597087,0.6678774466147939,0.29142818599923537
25835,GOF,0.10831507635033057,0.6593192212142407,0.23236570243542862
25836,GOF,0.05054659686595485,0.6291784464959771,0.32027495663806804
25837,GOF,0.023503416958982,0.5086526927716545,0.4678438902693635
25838,GOF,0.08669452402650776,0.7050142362097304,0.20829123976376196
25839,GOF,0.3191793281693906,0.5281841865465767,0.15263648528403265
25840,GOF,0.2479301222824994,0.5466657120938898,0.20540416562361083
25841,GOF,0.26007695628231836,0.5507762341016144,0.18914680961606717
25842,GOF,0.205082298989554,0.620043672093142,0.17487402891730397
25843,GOF,0.223033982675815,0.6370038551169873,0.13996216220719776
25844,GOF,0.06652882501947668,0.6147478426372824,0.3187233323432409
25845,LOF,0.014751318600479724,0.44856473531507246,0.5366839460844478
25846,GOF,0.11188730630311551,0.7017528162418748,0.18635987745500965
25847,GOF,0.1311682467334547,0.7332743177746543,0.13555743549189078
25848,GOF,0.038265342445775924,0.6415523659703894,0.3201822915838347
25849,GOF,0.010653360265316256,0.5427133061488317,0.44663333358585205
25850,GOF,0.024851375202450992,0.6423559037745955,0.33279272102295354
25851,GOF,0.01754305980159256,0.5285282808533421,0.4539286593450653
25852,GOF,0.1983286769559172,0.5156490282137178,0.28602229483036495
25853,GOF,0.3560195234708861,0.5626607430191204,0.0813197335099936
25854,GOF,0.02216605262447837,0.597890134750478,0.37994381262504356
25855,GOF,0.04036637968057914,0.5559327887173597,0.40370083160206105
25856,GOF,0.27520030646227067,0.48182280591181814,0.24297688762591124
25857,GOF,0.03938805130405751,0.4848218713817405,0.4757900773142021
25858,GOF,0.02085522453046007,0.5526728934319837,0.42647188203755637
25859,GOF,0.011571908123900146,0.5384356695578824,0.44999242231821746
25860,GOF,0.4090784216099954,0.507692431214953,0.08322914717505153
25861,GOF,0.4167655596388071,0.5081455913252213,0.0750888490359715
25862,GOF,0.10208499669521931,0.7583118622902237,0.13960314101455695
25863,GOF,0.10136134603674131,0.7542490229910984,0.14438963097216032
25864,GOF,0.22576924372904544,0.6981343295137912,0.07609642675716319
25865,GOF,0.10328641136878233,0.7747167129708558,0.12199687566036188
25866,GOF,0.0692009432970796,0.7811750214677502,0.14962403523517032
25867,GOF,0.10093119612585945,0.7826759148011382,0.11639288907300235
25868,GOF,0.31658121449214477,0.577832103118129,0.1055866823897262
25869,Neutral,0.7285105036485233,0.22981985806836588,0.04166963828311068
25870,LOF,0.3643607945823346,0.2551688782104124,0.38047032720725305
25871,GOF,0.24402482082538987,0.579530224634955,0.17644495453965514
25872,GOF,0.0989119536026857,0.611207189913142,0.2898808564841721
25873,GOF,0.17846610319176825,0.6199901444052959,0.20154375240293582
25874,LOF,0.02449073334471891,0.09783583709747931,0.8776734295578018
25875,LOF,0.09331129871532899,0.05518570119415709,0.851503000090514
25876,LOF,0.02896940985018477,0.05607220385915988,0.9149583862906553
25877,Neutral,0.5196372328659059,0.0661698842745206,0.4141928828595735
25878,LOF,0.24399475513586547,0.1071259540320924,0.6488792908320421
25879,LOF,0.09198132625625628,0.10852793607134485,0.7994907376723989
25880,LOF,0.023393120765868795,0.028822885386056873,0.9477839938480744
25881,LOF,0.18858585327909794,0.13415444609856458,0.6772597006223374
25882,LOF,0.06893282056985256,0.01744781765257138,0.9136193617775761
25883,LOF,0.07454907020540681,0.022119694271965338,0.9033312355226277
25884,LOF,0.03785165366287651,0.03419513435910073,0.9279532119780228
25885,LOF,0.06384836123964022,0.014073832756590993,0.9220778060037689
25886,LOF,0.3285544354938936,0.03931207114746382,0.6321334933586426
25887,LOF,0.1691141745653601,0.08037117761193825,0.7505146478227017
25888,LOF,0.07660266109376915,0.06544456840970678,0.8579527704965241
25889,LOF,0.05049665070694459,0.02308067368613184,0.9264226756069236
25890,LOF,0.044537912232751546,0.13109590879884575,0.8243661789684027
25891,LOF,0.03835401332752591,0.07402890940729226,0.8876170772651818
25892,LOF,0.10006433035000725,0.019194979074062896,0.8807406905759299
25893,LOF,0.2842894818962156,0.014515276866920694,0.7011952412368637
25894,LOF,0.18485399887965973,0.007842598276555068,0.8073034028437851
25895,LOF,0.19935172450534372,0.018367694323147644,0.7822805811715088
25896,LOF,0.04814047767586424,0.01908454107870197,0.9327749812454337
25897,LOF,0.2243010248608802,0.011174543089124888,0.764524432049995
25898,Neutral,0.7123663686928874,0.007638866748987143,0.27999476455812555
25899,LOF,0.26149194033654616,0.02426095916265932,0.7142471005007945
25900,LOF,0.43495417153574967,0.013348436475832335,0.5516973919884179
25901,LOF,0.05681485168735449,0.011139150922604544,0.932045997390041
25902,LOF,0.17608973154797522,0.010607731333475654,0.813302537118549
25903,Neutral,0.5077600840724659,0.027330981314593574,0.4649089346129405
25904,LOF,0.27752821911828657,0.046771488524569665,0.6757002923571438
25905,LOF,0.027264951586204716,0.3112515570243013,0.6614834913894941
25906,LOF,0.022622417244614085,0.059000050830129915,0.918377531925256
25907,LOF,0.01714011442233245,0.3135989538197151,0.6692609317579524
25908,LOF,0.012107733649886728,0.21037970226277683,0.7775125640873365
25909,LOF,0.01564512066024496,0.11826955806235892,0.866085321277396
25910,LOF,0.045520025517588616,0.1164005844788636,0.8380793900035479
25911,LOF,0.1446315824082731,0.03583708801997018,0.8195313295717567
25912,LOF,0.04559337373217558,0.048161979403033864,0.9062446468647906
25913,LOF,0.2839918888783538,0.023175226385620355,0.6928328847360259
25914,LOF,0.023386906287075203,0.12034563448337919,0.8562674592295456
25915,Neutral,0.42621925927857224,0.28089589182387176,0.29288484889755606
25916,LOF,0.06668440097726544,0.31337986941155604,0.6199357296111785
25917,LOF,0.06686241262958932,0.06207371809751336,0.8710638692728973
25918,LOF,0.03045755303148347,0.0624012255535978,0.9071412214149188
25919,LOF,0.02525640152959265,0.06572030550589021,0.9090232929645172
25920,GOF,0.08902331047010992,0.47736169049949595,0.4336149990303941
25921,LOF,0.033017471568413226,0.019085498014553944,0.9478970304170329
25922,LOF,0.04215203103675827,0.013517489077612452,0.9443304798856293
25923,LOF,0.39011334286180926,0.016577084641858034,0.5933095724963328
25924,LOF,0.03920362059851878,0.028625310056372158,0.9321710693451091
25925,LOF,0.06538674395904043,0.021260057178531314,0.9133531988624284
25926,LOF,0.04688145045813098,0.01663993962878323,0.9364786099130858
25927,LOF,0.07331309209630693,0.05599433602873122,0.870692571874962
25928,LOF,0.022724610364343856,0.028117098550320997,0.9491582910853352
25929,Neutral,0.5204241727229482,0.01804435192794553,0.46153147534910627
25930,LOF,0.05773589243685034,0.01419522318906719,0.9280688843740825
25931,LOF,0.03327211462483223,0.018793710745264598,0.9479341746299031
25932,LOF,0.027811696151441283,0.01652010643098067,0.955668197417578
25933,LOF,0.038647425798107087,0.009385972752190533,0.9519666014497025
25934,LOF,0.02438815829971712,0.011523575330449697,0.9640882663698331
25935,LOF,0.06481728034699684,0.026993919906895224,0.908188799746108
25936,LOF,0.04587544067785404,0.014008929257679825,0.9401156300644662
25937,LOF,0.029059200818235122,0.025405684151375674,0.9455351150303892
25938,LOF,0.06064755128948491,0.029147751531108896,0.9102046971794062
25939,LOF,0.038251445236791665,0.009919488070786117,0.9518290666924222
25940,LOF,0.027918636377665965,0.3495309505302224,0.6225504130921117
25941,LOF,0.1704229245755523,0.09228777774248469,0.737289297681963
25942,LOF,0.016536592111955153,0.038109695722892224,0.9453537121651526
25943,LOF,0.3076485708117844,0.06163750580651618,0.6307139233816993
25944,Neutral,0.5012681481724705,0.03463524082611019,0.46409661100141936
25945,LOF,0.07691924113919484,0.026742764797108548,0.8963379940636965
25946,LOF,0.023958856745360645,0.1369274700204333,0.839113673234206
25947,LOF,0.13486720215062645,0.1545119119539356,0.7106208858954379
25948,LOF,0.4102669294489538,0.017865282890759043,0.5718677876602871
25949,LOF,0.09250998539275447,0.07384949666503174,0.8336405179422137
25950,GOF,0.2896774069178412,0.38846821647109725,0.32185437661106153
25951,LOF,0.2347390373035418,0.23826992057314283,0.5269910421233154
25952,LOF,0.05129980913940539,0.4530799004826251,0.49562029037796945
25953,LOF,0.1448873621364775,0.10234390658928896,0.7527687312742335
25954,Neutral,0.44850193134517224,0.16385917327401817,0.3876388953808094
25955,LOF,0.06292971729952529,0.08206003047553784,0.8550102522249369
25956,LOF,0.18405252511553546,0.08567028224807284,0.7302771926363917
25957,LOF,0.042718719060213066,0.028668980496539896,0.9286123004432469
25958,LOF,0.0588601087205638,0.030786824344448724,0.9103530669349874
25959,LOF,0.06689915798886535,0.33183955585182623,0.6012612861593084
25960,LOF,0.021918404503097018,0.057925213264238114,0.9201563822326648
25961,LOF,0.05063954702793004,0.03720425644207231,0.9121561965299976
25962,LOF,0.05695677056769948,0.03873964872631858,0.9043035807059819
25963,LOF,0.044919329741170834,0.1887913969523613,0.7662892733064679
25964,LOF,0.0331718920989097,0.15982798944977716,0.8070001184513131
25965,LOF,0.4416310444020545,0.06882090230274483,0.48954805329520057
25966,Neutral,0.443811091140228,0.16924244485443285,0.3869464640053391
25967,LOF,0.012646008601281702,0.07869316322324937,0.908660828175469
25968,LOF,0.03801768352966697,0.4720719338079998,0.4899103826623332
25969,LOF,0.02205910824191403,0.05945844227553998,0.9184824494825461
25970,LOF,0.06046807380505726,0.07208291329746196,0.8674490128974808
25971,LOF,0.07738888276633282,0.01649392603687087,0.9061171911967963
25972,LOF,0.08420570767648845,0.025875612129702973,0.8899186801938085
25973,LOF,0.08993650691560928,0.007800035697579965,0.9022634573868108
25974,LOF,0.22202900167666142,0.020340017619672166,0.7576309807036664
25975,LOF,0.05199210808119447,0.02683721318515025,0.9211706787336553
25976,LOF,0.04698102207360914,0.016219206014982827,0.9367997719114081
25977,LOF,0.14197907865280995,0.10489428789417565,0.7531266334530143
25978,LOF,0.11278326111351646,0.0646196591098759,0.8225970797766077
25979,LOF,0.11266352195305591,0.061626139370602344,0.8257103386763418
25980,LOF,0.14382543175794446,0.07979776866071814,0.7763767995813373
25981,LOF,0.17220874573089032,0.07828158050995299,0.7495096737591567
25982,LOF,0.35278311612670976,0.057428863283540875,0.5897880205897493
25983,LOF,0.3452256562447244,0.054586346934143444,0.6001879968211321
25984,LOF,0.04625416614412732,0.07989215177215306,0.8738536820837197
25985,LOF,0.02525511037037196,0.26826503869507395,0.7064798509345541
25986,LOF,0.03347699153234326,0.2925588678430318,0.673964140624625
25987,LOF,0.07606840694559523,0.08519221505832263,0.8387393779960821
25988,LOF,0.11382385264950055,0.07724224696514242,0.8089339003853571
25989,LOF,0.02691005086446134,0.13459422668785848,0.8384957224476802
25990,LOF,0.03269166459498258,0.1670217623016694,0.800286573103348
25991,GOF,0.18725386562801125,0.4238772416375891,0.3888688927343995
25992,Neutral,0.39752999648800647,0.2311741118569061,0.3712958916550874
25993,LOF,0.02606929800008392,0.09095312183475943,0.8829775801651566
25994,LOF,0.018541137229681592,0.1377504695171969,0.8437083932531215
25995,LOF,0.026692151461349168,0.243794602825909,0.7295132457127418
25996,GOF,0.24611719622524295,0.5961582590781452,0.15772454469661182
25997,GOF,0.10179697553598213,0.5891822679150573,0.30902075654896055
25998,Neutral,0.5431109166129312,0.015464612262705965,0.4414244711243629
25999,LOF,0.12455937119248517,0.14749036048824557,0.7279502683192692
26000,LOF,0.15919565324802126,0.03044897931553702,0.8103553674364418
26001,LOF,0.1918400956817045,0.03450490897206193,0.7736549953462335
26002,LOF,0.1498395666638708,0.031138811499172067,0.819021621836957
26003,GOF,0.008410795571971143,0.6577063250626186,0.3338828793654103
26004,GOF,0.022823774413220758,0.7138809030143992,0.26329532257238
26005,GOF,0.007911943033958807,0.5365294925954059,0.45555856437063524
26006,Neutral,0.48900434815433164,0.2880226953330832,0.22297295651258514
26007,GOF,0.01600163572014055,0.5722086364673717,0.4117897278124877
26008,GOF,0.018685959929179163,0.6290667124838287,0.352247327586992
26009,GOF,0.02227477624165216,0.659102468230091,0.31862275552825686
26010,GOF,0.023383215670626074,0.6816384582160655,0.2949783261133084
26011,GOF,0.007765785534060326,0.5387832953684333,0.45345091909750634
26012,GOF,0.013956140933027179,0.6274000944349013,0.35864376463207154
26013,GOF,0.016386738748408056,0.660918821267311,0.3226944399842809
26014,LOF,0.04463369388058383,0.16473153735191545,0.7906347687675007
26015,LOF,0.20225109157456128,0.012648452496941331,0.7851004559284973
26016,LOF,0.2396255932883377,0.05236000090790378,0.7080144058037585
26017,LOF,0.19346575925602288,0.09238594852256517,0.714148292221412
26018,LOF,0.0890448120263671,0.04694717494682356,0.8640080130268094
26019,LOF,0.08328658150127861,0.03478913304704594,0.8819242854516754
26020,LOF,0.058598988860748026,0.1225777684693762,0.8188232426698758
26021,LOF,0.05312371801079811,0.14224535999048904,0.8046309219987128
26022,LOF,0.012316353795574813,0.06304043034805165,0.9246432158563734
26023,LOF,0.11991672180776557,0.033056569403414414,0.84702670878882
26024,LOF,0.029749442170656684,0.13225894285720527,0.8379916149721381
26025,LOF,0.14807619333489552,0.10980391086051262,0.7421198958045918
26026,LOF,0.3077915267038146,0.02840665102359887,0.6638018222725864
26027,LOF,0.08653819251959959,0.02518303716368987,0.8882787703167105
26028,LOF,0.15848394274180605,0.1029370688228162,0.7385789884353777
26029,LOF,0.08711750331981377,0.1332866225617212,0.7795958741184651
26030,LOF,0.02786745298894951,0.05676573605647767,0.9153668109545727
26031,LOF,0.03611109481796528,0.11331021449569721,0.8505786906863375
26032,LOF,0.07599611219003062,0.05145060252614884,0.8725532852838205
26033,LOF,0.12933086187591084,0.056298668924116745,0.8143704691999724
26034,LOF,0.05207400094875118,0.11700582702170327,0.8309201720295455
26035,LOF,0.0342207712524892,0.10081619316022856,0.8649630355872822
26036,LOF,0.0487611712138845,0.1223523286197656,0.82888650016635
26037,LOF,0.028291214611979698,0.09019298483010782,0.8815158005579126
26038,LOF,0.07286946421785333,0.0505452205302398,0.8765853152519069
26039,LOF,0.07919868697594518,0.10751507248603122,0.8132862405380237
26040,LOF,0.21991206195898233,0.0903499673932315,0.6897379706477862
26041,LOF,0.029379163178058516,0.07836445978658003,0.8922563770353614
26042,LOF,0.02880576128525986,0.07793742443830837,0.8932568142764318
26043,LOF,0.07129651192496728,0.061198858272980515,0.8675046298020522
26044,LOF,0.0228608164126204,0.06686736592985655,0.910271817657523
26045,LOF,0.08546026323955981,0.0761413246702268,0.8383984120902134
26046,LOF,0.07487574564768042,0.06405712890346264,0.861067125448857
26047,LOF,0.1053278547432197,0.07396461199479339,0.820707533261987
26048,LOF,0.05244219193326151,0.0520013043151773,0.8955565037515613
26049,Neutral,0.9518339619384082,0.006858745025738003,0.04130729303585392
26050,Neutral,0.9356555939521145,0.008703365827667746,0.055641040220217604
26051,LOF,0.04157635830925489,0.3529549298610076,0.6054687118297374
26052,LOF,0.06893085477526827,0.34061262793918007,0.5904565172855517
26053,LOF,0.05881035676825782,0.17596456950818756,0.7652250737235546
26054,LOF,0.0607276773158282,0.03431421881966532,0.9049581038645065
26055,LOF,0.0755768150631953,0.023953247162427808,0.9004699377743769
26056,LOF,0.06358150237387118,0.02759288779137625,0.9088256098347527
26057,LOF,0.0322907967150647,0.01450679166009953,0.9532024116248357
26058,LOF,0.03249063188097404,0.013042022019390693,0.9544673460996352
26059,LOF,0.31552539355894377,0.04549205437555081,0.6389825520655054
26060,LOF,0.029689306122339693,0.2338709253108994,0.7364397685667609
26061,LOF,0.018594766486480292,0.016883821204720966,0.9645214123087987
26062,LOF,0.011301245640848306,0.024776813012462918,0.9639219413466887
26063,LOF,0.022406276070524072,0.01661808338253245,0.9609756405469434
26064,LOF,0.024242234580427145,0.02830810318952298,0.9474496622300498
26065,LOF,0.025030082718693246,0.016789184110917666,0.9581807331703891
26066,LOF,0.02107890110826453,0.015118773824644681,0.9638023250670907
26067,LOF,0.026596524276684706,0.010834919206519042,0.9625685565167962
26068,LOF,0.04701008642773161,0.055329854768743775,0.8976600588035246
26069,LOF,0.2612288846763107,0.033055100016917825,0.7057160153067714
26070,LOF,0.4195610995201914,0.024983851247147037,0.5554550492326616
26071,LOF,0.022667929234792918,0.01631047903756088,0.9610215917276461
26072,LOF,0.022819984730942156,0.0243072508739769,0.9528727643950808
26073,LOF,0.024215956516245356,0.015929295609881416,0.9598547478738734
26074,Neutral,0.9076939689655835,0.008672195565478729,0.08363383546893774
26075,LOF,0.042826668786028366,0.020834467681058833,0.9363388635329127
26076,LOF,0.04613498057654072,0.012167281381468826,0.9416977380419905
26077,LOF,0.009803514171381386,0.02395026718039679,0.9662462186482218
26078,LOF,0.013948780375808786,0.01645478879593506,0.9695964308282561
26079,LOF,0.05455045891201818,0.027852030596043,0.9175975104919388
26080,LOF,0.05275304185712065,0.02792810249943707,0.9193188556434423
26081,LOF,0.03830532909089483,0.009352378096446783,0.9523422928126583
26082,LOF,0.01734969650397202,0.026362971651119303,0.9562873318449087
26083,LOF,0.13416396695561797,0.019682382209228064,0.8461536508351539
26084,LOF,0.027495008821778768,0.018696783000775017,0.9538082081774463
26085,LOF,0.022669786603724446,0.017675088559071836,0.9596551248372038
26086,LOF,0.02593608612614863,0.014663092541793744,0.9594008213320576
26087,LOF,0.025704452078027285,0.01029078086711987,0.9640047670548528
26088,LOF,0.01713602878095197,0.03141371934295715,0.951450251876091
26089,LOF,0.04636451780269802,0.0347445700787682,0.9188909121185338
26090,LOF,0.044545168150253986,0.027458628433236806,0.9279962034165092
26091,LOF,0.0430844548080692,0.009361555385439327,0.9475539898064915
26092,LOF,0.027295879872722528,0.01192558325098672,0.9607785368762908
26093,LOF,0.0378974104642221,0.009449891775994243,0.9526526977597836
26094,LOF,0.04069829986039234,0.009730517268544561,0.949571182871063
26095,LOF,0.05346038018060954,0.02149371912026496,0.9250459006991254
26096,LOF,0.020515660457139585,0.019327401269864455,0.960156938272996
26097,LOF,0.009990598037011793,0.05761820744709576,0.9323911945158925
26098,LOF,0.07390453227371757,0.018531441899886595,0.9075640258263958
26099,LOF,0.02432484285035435,0.020645688051187387,0.9550294690984582
26100,LOF,0.025988361145907787,0.01984779122453363,0.9541638476295585
26101,LOF,0.056708058610126504,0.019514790145476173,0.9237771512443974
26102,LOF,0.02675140193552392,0.019981050584604882,0.9532675474798713
26103,Neutral,0.88124612849104,0.02980591488116216,0.08894795662779789
26104,LOF,0.0651172931785135,0.05025586506398468,0.8846268417575017
26105,LOF,0.24875508520682357,0.26041168979033935,0.490833225002837
26106,LOF,0.1681327419658727,0.1613949647814684,0.6704722932526589
26107,LOF,0.25039565845206296,0.09411632142489419,0.6554880201230429
26108,LOF,0.2664541062710776,0.12400795971911117,0.6095379340098113
26109,LOF,0.0978171367681645,0.14272232683577346,0.7594605363960619
26110,LOF,0.2422760447392706,0.008179312489950704,0.7495446427707788
26111,LOF,0.48190129154618905,0.02190941708506199,0.496189291368749
26112,LOF,0.036483256077684795,0.00902302253772363,0.9544937213845915
26113,LOF,0.05891118248840558,0.018287895899283157,0.9228009216123112
26114,LOF,0.02080843097247159,0.02183008327089144,0.957361485756637
26115,LOF,0.07966684089210507,0.05029393842828448,0.8700392206796105
26116,LOF,0.05820616965710206,0.041890863084079646,0.8999029672588184
26117,LOF,0.39613503132328565,0.05730827360843041,0.546556695068284
26118,LOF,0.04016524356876687,0.02950370725438835,0.9303310491768447
26119,LOF,0.024326334128600562,0.03445469705125109,0.9412189688201483
26120,LOF,0.029800526354896585,0.02822918581050348,0.9419702878345999
26121,LOF,0.05850580532001053,0.08299255304140761,0.8585016416385819
26122,LOF,0.053780973350029605,0.037337254877625174,0.9088817717723453
