feature0,prediction,LoGoFunc_Neutral,LoGoFunc_GOF,LoGoFunc_LOF
25546,Neutral,0.6245152519503977,0.05082021300092279,0.3246645350486794
25547,Neutral,0.4787195545653097,0.09411647473847064,0.42716397069621964
25548,Neutral,0.4961272742985924,0.0784216759793487,0.42545104972205894
25549,LOF,0.42353494341197717,0.08229956829754505,0.49416548829047785
25550,LOF,0.34643251106449846,0.1130610427989772,0.5405064461365243
25551,LOF,0.29402537998347544,0.1290325391469875,0.576942080869537
25552,LOF,0.2695298947920616,0.12566359333105726,0.6048065118768812
25553,Neutral,0.7894340611560283,0.04442717394106964,0.1661387649029021
25554,LOF,0.3182609111576889,0.11199009443530819,0.5697489944070029
25555,LOF,0.263893063681126,0.1058920642207757,0.6302148720980982
25556,Neutral,0.4530624893850434,0.09467885733263903,0.45225865328231757
25557,LOF,0.25785467981044874,0.11321921803815418,0.6289261021513971
25558,LOF,0.3177685992130144,0.10709373039465098,0.5751376703923347
25559,LOF,0.25394102542339503,0.1499298714762411,0.5961291031003639
25560,LOF,0.13539580943172005,0.12097265565597931,0.7436315349123006
25561,LOF,0.11797103022753118,0.15663469389347254,0.7253942758789962
25562,LOF,0.05315457349415933,0.0901554815292517,0.856689944976589
25563,LOF,0.015669908228651948,0.12788028561565257,0.8564498061556955
25564,LOF,0.13078933989668004,0.10327064342386724,0.7659400166794527
25565,LOF,0.2097321404458889,0.13200217033228173,0.6582656892218294
25566,GOF,0.07195899680645045,0.6720683285877808,0.25597267460576884
25567,LOF,0.04677826980609581,0.1847852810216126,0.7684364491722916
25568,LOF,0.06676817326695049,0.10878438689461466,0.8244474398384348
25569,LOF,0.06412552182692535,0.10737582247666744,0.8284986556964071
25570,LOF,0.030091984061153005,0.1366127028044104,0.8332953131344366
25571,LOF,0.029539996598624867,0.1432331750435277,0.8272268283578474
25572,LOF,0.0735565470237738,0.1608774728785519,0.7655659800976744
25573,LOF,0.06590853213257332,0.12731685909464374,0.8067746087727831
25574,LOF,0.06205542647096792,0.2375563007498874,0.7003882727791446
25575,LOF,0.024968178192509134,0.15251169170747667,0.8225201301000142
25576,LOF,0.030156110422246415,0.2106403566843228,0.7592035328934309
25577,LOF,0.035026226587574955,0.151915207986851,0.813058565425574
25578,LOF,0.283806628105415,0.13267058710022395,0.583522784794361
25579,LOF,0.17657140200808005,0.13040329897771527,0.6930252990142047
25580,LOF,0.02083404434750331,0.1122357399538427,0.866930215698654
25581,LOF,0.05140678661258944,0.10127937152052185,0.8473138418668886
25582,LOF,0.051165708859732865,0.09938803368351223,0.8494462574567548
25583,LOF,0.025079585187743895,0.11692077116143601,0.8579996436508202
25584,Neutral,0.7014570678264187,0.14417156332187805,0.1543713688517032
25585,LOF,0.022110016709926836,0.1888900178261022,0.7889999654639709
25586,LOF,0.018004973721057024,0.10445456102941567,0.8775404652495272
25587,LOF,0.017641068946257433,0.09714256631868595,0.8852163647350566
25588,LOF,0.02072510065972469,0.10116653885995244,0.8781083604803228
25589,Neutral,0.5201379898060078,0.25630290419170376,0.22355910600228848
25590,LOF,0.051559041415008826,0.16057266318978333,0.7878682953952079
25591,LOF,0.08398482632381761,0.08860593306785296,0.8274092406083294
25592,LOF,0.056462215625358275,0.21328252342582865,0.7302552609488131
25593,LOF,0.12017198557671968,0.32285572278323355,0.5569722916400467
25594,LOF,0.04416437243597785,0.09678650723192231,0.8590491203320998
25595,LOF,0.04310452582035094,0.06549175387924604,0.8914037203004029
25596,LOF,0.09677492486529235,0.035627741987422315,0.8675973331472854
25597,LOF,0.07414277135867656,0.04294841710727634,0.8829088115340471
25598,LOF,0.04648251921391078,0.07107014459417925,0.88244733619191
25599,LOF,0.020667818317198827,0.4216310937798574,0.5577010879029437
25600,GOF,0.1795179300702533,0.44025379116959423,0.3802282787601524
25601,LOF,0.046488494411392606,0.34782458592735993,0.6056869196612475
25602,LOF,0.030162176867805507,0.05682780349564034,0.9130100196365541
25603,LOF,0.04030479869675336,0.040431094727823844,0.9192641065754228
25604,LOF,0.040773417967485855,0.07682712031033669,0.8823994617221773
25605,LOF,0.03145928250740144,0.1927540868721979,0.7757866306204008
25606,LOF,0.41707201481319367,0.12476153691596067,0.4581664482708456
25607,LOF,0.029799776557324693,0.17222307653872565,0.7979771469039496
25608,LOF,0.04321294198225442,0.10246294895762939,0.8543241090601161
25609,GOF,0.13388066877873284,0.5347796647854146,0.33133966643585255
25610,LOF,0.01595703511767875,0.047864933567413635,0.9361780313149077
25611,LOF,0.012909800802237277,0.04977975149324777,0.937310447704515
25612,LOF,0.04278873937603663,0.07119668330865857,0.8860145773153048
25613,LOF,0.040852621965358826,0.06859241208978284,0.8905549659448584
25614,LOF,0.021839034679932007,0.04504784313561359,0.9331131221844543
25615,LOF,0.04303167929041413,0.07096110261733413,0.8860072180922517
25616,LOF,0.046875607538161265,0.0471207481534743,0.9060036443083643
25617,LOF,0.03867656334274656,0.05838994134727094,0.9029334953099825
25618,LOF,0.042616241004562516,0.06541398651675347,0.8919697724786841
25619,LOF,0.012430185912180152,0.057896524299081556,0.9296732897887383
25620,LOF,0.05129465461647171,0.0661228999104675,0.8825824454730609
25621,LOF,0.06068938063802408,0.0522466669947904,0.8870639523671855
25622,LOF,0.06515267269105234,0.05905160568395842,0.8757957216249893
25623,LOF,0.06480014770475663,0.051291410639256,0.8839084416559873
25624,LOF,0.01759567426404794,0.05984899287520559,0.9225553328607464
25625,LOF,0.05958542674244691,0.052312392225517194,0.888102181032036
25626,LOF,0.04849211223642787,0.06689048461903346,0.8846174031445387
25627,Neutral,0.8798461567609288,0.02456470539534403,0.09558913784372694
25628,LOF,0.15212787527799965,0.0661797297281716,0.7816923949938288
25629,LOF,0.06595744850326332,0.0542151167915299,0.8798274347052067
25630,LOF,0.28174162535207986,0.07470471584809245,0.6435536587998277
25631,Neutral,0.5398054181639211,0.07181177606614024,0.38838280576993855
25632,LOF,0.025959616964645806,0.07388141836833023,0.9001589646670238
25633,LOF,0.195405130760011,0.04784007708489683,0.7567547921550921
25634,LOF,0.035197657722210805,0.09461331627637594,0.8701890260014133
25635,LOF,0.03323894790104435,0.04481531053539159,0.921945741563564
25636,LOF,0.03959985178783978,0.4476667375099886,0.5127334107021716
25637,GOF,0.06832720435629912,0.5354505261928469,0.39622226945085387
25638,LOF,0.030558604068458967,0.42206459654863127,0.5473767993829097
25639,LOF,0.033734552040959924,0.4533957268524676,0.5128697211065725
25640,Neutral,0.855016628769386,0.09468845372708522,0.05029491750352871
25641,GOF,0.09146597905651084,0.4784577816444715,0.43007623929901756
25642,LOF,0.06579353132861177,0.173063496829982,0.7611429718414062
25643,LOF,0.20337354374941888,0.13874688882810346,0.6578795674224776
25644,GOF,0.013099138537383207,0.5189271459629291,0.46797371549968775
25645,LOF,0.014821526129338892,0.48667586111957206,0.49850261275108904
25646,LOF,0.03742684545928621,0.3631791466153741,0.5993940079253397
25647,LOF,0.017180405262222878,0.28297866047190345,0.6998409342658737
25648,LOF,0.019342397501742922,0.29838837398356205,0.6822692285146951
25649,LOF,0.010759178019460192,0.24973336795526632,0.7395074540252735
25650,LOF,0.03172544451675862,0.4750475282152783,0.49322702726796297
25651,LOF,0.011653271613944534,0.3137037995711461,0.6746429288149093
25652,LOF,0.01940911134676759,0.303686537471086,0.6769043511821465
25653,GOF,0.05529189210192266,0.47937144852580393,0.46533665937227325
25654,LOF,0.012829741639981414,0.22310403819357882,0.7640662201664397
25655,GOF,0.15040986536286863,0.4859022458677933,0.36368788876933805
25656,LOF,0.31089029144209024,0.08937489473672772,0.5997348138211821
25657,LOF,0.057202551893164234,0.0934300472792107,0.8493674008276251
25658,LOF,0.3128077990122215,0.09137040963586071,0.5958217913519177
25659,Neutral,0.47327212166285626,0.11269445207206515,0.41403342626507866
25660,LOF,0.02310464012471321,0.09842842323430073,0.8784669366409861
25661,LOF,0.0918972427822773,0.06575436698290142,0.8423483902348212
25662,LOF,0.035906807457255656,0.03398623283685267,0.9301069597058916
25663,LOF,0.04272411093538517,0.04507111028057014,0.9122047787840447
25664,LOF,0.13885157638741163,0.06810169869898322,0.7930467249136052
25665,LOF,0.06124710107306873,0.03157536727677754,0.9071775316501537
25666,LOF,0.0917947460636169,0.06803369474152778,0.8401715591948554
25667,LOF,0.07547100761874873,0.0401684118001997,0.8843605805810515
25668,LOF,0.03889519616237743,0.052270226756743816,0.9088345770808787
25669,LOF,0.03242869788550483,0.0468369795967767,0.9207343225177185
25670,LOF,0.14061894574186337,0.05756219973247906,0.8018188545256575
25671,LOF,0.1183801881992749,0.035452440249355406,0.8461673715513697
25672,LOF,0.05059418939220757,0.04388388328272273,0.9055219273250698
25673,LOF,0.08194732354666137,0.0518951314981772,0.8661575449551615
25674,LOF,0.06983854234980197,0.06156835229856407,0.868593105351634
25675,LOF,0.10846654712059986,0.06584134668484637,0.8256921061945538
25676,LOF,0.019631467971023112,0.05419913149606356,0.9261694005329134
25677,LOF,0.024529094600813588,0.06790189992150175,0.9075690054776847
25678,LOF,0.18725067552804636,0.07023500798821061,0.742514316483743
25679,LOF,0.116951662390576,0.07535583707625829,0.8076925005331657
25680,LOF,0.03488096508249252,0.11663529998273763,0.8484837349347698
25681,LOF,0.04977665933826098,0.10785476092445684,0.8423685797372822
25682,LOF,0.14239985511049236,0.07771739866403136,0.7798827462254763
25683,LOF,0.11331828758723443,0.08185550124431845,0.8048262111684471
25684,LOF,0.040816948643786974,0.06937558896711922,0.8898074623890938
25685,LOF,0.1416849884817765,0.07266027988914539,0.7856547316290781
25686,LOF,0.08125725500857439,0.10472648775298658,0.8140162572384391
25687,LOF,0.1282046708502668,0.1119912652622163,0.7598040638875169
25688,LOF,0.37759000211652677,0.051674368290760025,0.5707356295927133
25689,LOF,0.28344752748427365,0.0595909819766861,0.6569614905390403
25690,LOF,0.3508523047628354,0.047636778869442925,0.6015109163677216
25691,Neutral,0.7109341822218705,0.04029282218056197,0.24877299559756752
25692,LOF,0.34780002381182124,0.013492159408810751,0.638707816779368
25693,LOF,0.04377401067260252,0.40733974918926424,0.5488862401381333
25694,LOF,0.12399917667080397,0.01586667233578792,0.8601341509934082
25695,LOF,0.11907186418691108,0.01548193004436609,0.8654462057687228
25696,LOF,0.13125628846992038,0.009898383726372119,0.8588453278037075
25697,LOF,0.09281823107495754,0.05283507529391188,0.8543466936311306
25698,LOF,0.37440586038021095,0.16508236310556243,0.4605117765142266
25699,Neutral,0.5490289587296077,0.042673854937977033,0.40829718633241535
25700,LOF,0.08073579240036775,0.010917457576310723,0.9083467500233215
25701,LOF,0.18512208605986852,0.04858409343787935,0.7662938205022523
25702,GOF,0.17652406646892474,0.6013332456275008,0.22214268790357444
25703,LOF,0.016018135795081143,0.13376019080603993,0.8502216733988789
25704,LOF,0.04069000269119834,0.09646192003621203,0.8628480772725896
25705,LOF,0.05440540506394539,0.15470181371360175,0.7908927812224528
25706,LOF,0.10552661804928683,0.4326492104798148,0.46182417147089827
25707,LOF,0.09689094462776132,0.3508719179838744,0.5522371373883643
25708,LOF,0.03757409901156013,0.3174277657617314,0.6449981352267085
25709,LOF,0.06936623756797715,0.04948152568895549,0.8811522367430674
25710,LOF,0.012036737836708052,0.16927897251706275,0.8186842896462292
25711,LOF,0.0222813696131592,0.09011156850872268,0.8876070618781181
25712,LOF,0.014351502858085645,0.19385746850149674,0.7917910286404176
25713,LOF,0.019585309938113735,0.08810200656128114,0.8923126835006052
25714,LOF,0.07645081568285648,0.08460626360573428,0.8389429207114093
25715,LOF,0.011498760095193773,0.1468034211746023,0.841697818730204
25716,LOF,0.010629582085984279,0.1249303185092523,0.8644400994047634
25717,LOF,0.016078956300252155,0.0819409061126699,0.901980137587078
25718,LOF,0.011529201277021995,0.09281456848334009,0.8956562302396378
25719,LOF,0.0214204366870419,0.08366633629591036,0.8949132270170478
25720,LOF,0.025369329470923477,0.07390591442637133,0.9007247561027052
25721,LOF,0.014015838974399163,0.12206058311935213,0.8639235779062487
25722,LOF,0.01426377137852195,0.1268758936178094,0.8588603350036687
25723,LOF,0.0243850970554206,0.05164918692625773,0.9239657160183217
25724,LOF,0.03170603620852088,0.09818119582878554,0.8701127679626935
25725,LOF,0.011712857734447099,0.08783272114106071,0.9004544211244923
25726,LOF,0.01666013840211214,0.1230532751369729,0.860286586460915
25727,LOF,0.01222072850788116,0.09015949179819897,0.8976197796939199
25728,LOF,0.010238878711838692,0.11842225153128845,0.8713388697568728
25729,LOF,0.010569788201813184,0.11456395489715494,0.8748662569010319
25730,LOF,0.014480980629861279,0.0981487572938083,0.8873702620763303
25731,LOF,0.019291286471270534,0.11384139800103553,0.8668673155276938
25732,LOF,0.014300492704959155,0.08347714293817221,0.9022223643568686
25733,LOF,0.016922609857634843,0.07711702335290188,0.9059603667894632
25734,LOF,0.010848262871617984,0.13411051283618702,0.855041224292195
25735,LOF,0.011794896966716357,0.0887298064785341,0.8994752965547496
25736,LOF,0.013377167515296034,0.11151396613223044,0.8751088663524735
25737,LOF,0.012284599055996147,0.08403072850970424,0.9036846724342996
25738,LOF,0.012084293703764862,0.10847354735889027,0.8794421589373448
25739,LOF,0.02077567064639106,0.08489771118454437,0.8943266181690646
25740,LOF,0.028881866840720145,0.12961550205345293,0.8415026311058268
25741,LOF,0.016467372228082974,0.11764504501844571,0.8658875827534712
25742,LOF,0.12430745022240426,0.08197421080460734,0.7937183389729884
25743,LOF,0.03343661854510541,0.06238582463400995,0.9041775568208846
25744,Neutral,0.5733236655550056,0.25335669530144667,0.17331963914354775
25745,LOF,0.05716289508907872,0.07976612577461432,0.8630709791363068
25746,LOF,0.03800353828337003,0.10642639441434562,0.8555700673022844
25747,LOF,0.01847276216490597,0.08405777088892856,0.8974694669461655
25748,LOF,0.11003651128231115,0.1352341555993322,0.7547293331183567
25749,LOF,0.02374366434847412,0.09619309586267447,0.8800632397888515
25750,LOF,0.06325498949089191,0.10863945406850443,0.8281055564406036
25751,LOF,0.08245323168936128,0.15733236492871253,0.7602144033819263
25752,GOF,0.1070435111136781,0.6418734811789711,0.2510830077073507
25753,LOF,0.02381229912978965,0.28875030167191285,0.6874373991982975
25754,GOF,0.013842147392748508,0.8070377790551667,0.17912007355208473
25755,LOF,0.024877562096149157,0.3885346742735727,0.5865877636302781
25756,LOF,0.04976146153145333,0.3631691619260072,0.5870693765425394
25757,GOF,0.018683016730861163,0.8335975436906747,0.14771943957846412
25758,GOF,0.030885422355780213,0.7730205977886231,0.19609397985559673
25759,GOF,0.012127010890201437,0.6151999350396503,0.37267305407014817
25760,LOF,0.014178699436586461,0.27401619795868454,0.711805102604729
25761,GOF,0.29304538821090403,0.6030071752999933,0.10394743648910267
25762,LOF,0.047970866066931996,0.2774345439861854,0.6745945899468825
25763,LOF,0.015928942116995064,0.2238441265611328,0.760226931321872
25764,GOF,0.09588172739966103,0.6140371672428543,0.29008110535748477
25765,GOF,0.03787505518258468,0.7279079262817519,0.2342170185356633
25766,GOF,0.0738946636964024,0.7603389585263801,0.16576637777721748
25767,GOF,0.14539537663811591,0.5202079198404281,0.3343967035214559
25768,LOF,0.10531010190995957,0.055998549676260105,0.8386913484137802
25769,LOF,0.057170544680638986,0.062482175867654345,0.8803472794517067
25770,LOF,0.30568730084322104,0.10625398828240859,0.5880587108743703
25771,LOF,0.04746137519142152,0.04995603237895441,0.9025825924296241
25772,LOF,0.019566137303217098,0.043438246155233735,0.9369956165415493
25773,LOF,0.044835060336977976,0.0909796792317215,0.8641852604313006
25774,LOF,0.027975596561735747,0.09023372772728899,0.8817906757109752
25775,LOF,0.0479856009753318,0.05404152590370858,0.8979728731209596
25776,LOF,0.07608651447401774,0.027396730303714614,0.8965167552222676
25777,LOF,0.36465541871122,0.06988053715400662,0.5654640441347734
25778,LOF,0.07571533828959727,0.047547042373976965,0.8767376193364258
25779,GOF,0.380320766346032,0.5709120220383945,0.04876721161557331
25780,GOF,0.35760988068919475,0.5566041076966978,0.08578601161410743
25781,GOF,0.14332358633514392,0.740380162708528,0.11629625095632802
25782,GOF,0.20441656865369756,0.6982352497987574,0.097348181547545
25783,GOF,0.021055449708877044,0.6310350128959289,0.3479095373951941
25784,GOF,0.46855680878200734,0.4813911199700442,0.05005207124794846
25785,Neutral,0.483678179628578,0.477257551559654,0.03906426881176796
25786,GOF,0.03234249312258799,0.7555743495236159,0.2120831573537961
25787,Neutral,0.6520484943666941,0.3216357866137391,0.02631571901956678
25788,LOF,0.05696716938640087,0.10057309760806264,0.8424597330055364
25789,GOF,0.2513374881502132,0.6117943239329361,0.13686818791685068
25790,GOF,0.2296726214048516,0.6725589463484608,0.09776843224668762
25791,GOF,0.16934144309847818,0.6941744436988467,0.1364841132026751
25792,GOF,0.36662751831472834,0.5298960072965483,0.10347647438872333
25793,GOF,0.2633790969170077,0.5488201772599167,0.18780072582307564
25794,GOF,0.33752553157891163,0.5057755661676318,0.1566989022534566
25795,GOF,0.0754904897809966,0.6727824682738074,0.2517270419451961
25796,Neutral,0.5615302270226037,0.3562029082915365,0.08226686468585985
25797,GOF,0.10389878866495775,0.5246052224354114,0.37149598889963087
25798,GOF,0.008688919214928044,0.5101437234845876,0.4811673573004844
25799,LOF,0.007388892900763235,0.40611579144774634,0.5864953156514903
25800,GOF,0.03475887977576054,0.6087305136994087,0.3565106065248307
25801,GOF,0.23152017166775568,0.6542512019116382,0.11422862642060612
25802,GOF,0.06300444145710093,0.7032229942564125,0.23377256428648646
25803,GOF,0.03479190113217224,0.5898107001755799,0.3753973986922478
25804,GOF,0.03461572086707813,0.5105495730770125,0.45483470605590925
25805,GOF,0.09925603989778034,0.5925365747249657,0.308207385377254
25806,GOF,0.11940009106058194,0.6003357850201558,0.28026412391926214
25807,GOF,0.02233705843701752,0.6224594944592807,0.35520344710370183
25808,GOF,0.09428460157607874,0.6314898799546681,0.27422551846925314
25809,GOF,0.020193007634208508,0.6222270783266388,0.3575799140391526
25810,GOF,0.019528182324091467,0.6336545408186814,0.34681727685722696
25811,GOF,0.4616292962954708,0.4702721691296807,0.06809853457484864
25812,GOF,0.035816900887534864,0.6399574647409978,0.32422563437146734
25813,Neutral,0.5365812173494608,0.36362957705711446,0.09978920559342462
25814,GOF,0.12669035388797772,0.6456541641878039,0.2276554819242184
25815,GOF,0.2061369143447811,0.605237314363861,0.1886257712913579
25816,GOF,0.01940643551641707,0.6637613255750485,0.3168322389085343
25817,GOF,0.23168613196703203,0.636309425665332,0.132004442367636
25818,GOF,0.06299220980820533,0.5841780279641077,0.3528297622276869
25819,GOF,0.3973926712439869,0.4416325354971546,0.16097479325885838
25820,GOF,0.1785114915791571,0.5966480601958669,0.22484044822497604
25821,GOF,0.06153325871085286,0.6656198820959663,0.2728468591931808
25822,GOF,0.22598138603323056,0.5229191218179997,0.2510994921487698
25823,GOF,0.03111925854332748,0.49826086667470737,0.47061987478196515
25824,GOF,0.08793963763373933,0.5580178701486258,0.3540424922176349
25825,GOF,0.03153957749127356,0.5539565799691211,0.4145038425396054
25826,GOF,0.011017081832979387,0.5205089904906355,0.468473927676385
25827,GOF,0.02179349105047004,0.58161659145221,0.39658991749732003
25828,GOF,0.012737861294931123,0.4959860499344983,0.49127608877057055
25829,GOF,0.006614222299010715,0.5469352520993758,0.4464505256016136
25830,LOF,0.03745677818977026,0.31370651716685866,0.6488367046433711
25831,GOF,0.1815649967869739,0.6645654111588344,0.1538695920541917
25832,GOF,0.030946415435519948,0.6639766777695162,0.30507690679496396
25833,GOF,0.12551219840650266,0.6793746621280488,0.1951131394654486
25834,GOF,0.039711941978119406,0.6671998221951732,0.29308823582670746
25835,GOF,0.09015426068960941,0.7148814143812237,0.19496432492916696
25836,GOF,0.04549210468100331,0.637138778594439,0.3173691167245577
25837,GOF,0.025636022405001197,0.5176742102612232,0.4566897673337756
25838,GOF,0.09118338904837071,0.7032248462816877,0.20559176466994156
25839,GOF,0.32105536247991345,0.5300388300941304,0.1489058074259559
25840,GOF,0.24073265867175608,0.5949973767661842,0.16426996456205964
25841,GOF,0.23984781690201526,0.5928525812680353,0.16729960182994943
25842,GOF,0.1847648655888998,0.666818924390393,0.1484162100207072
25843,GOF,0.2443397687572103,0.6485686927791,0.1070915384636897
25844,GOF,0.07210821023559642,0.6893276553446198,0.23856413441978383
25845,LOF,0.01606178168070647,0.48244621692848627,0.5014920013908072
25846,GOF,0.1143790572415817,0.7179524516135958,0.16766849114482255
25847,GOF,0.12742315855101494,0.7507223665809538,0.12185447486803117
25848,GOF,0.03819542750312444,0.674448539186723,0.28735603331015264
25849,GOF,0.011041215504272398,0.5493921157359042,0.43956666875982336
25850,GOF,0.022402774787602817,0.634100531821827,0.34349669339057015
25851,GOF,0.01779127364750828,0.536214600215347,0.44599412613714473
25852,GOF,0.16633612848189744,0.5609719417797396,0.2726919297383629
25853,GOF,0.3664695972328507,0.5623908361634755,0.07113956660367382
25854,GOF,0.022407173426155207,0.6124518440136661,0.3651409825601787
25855,GOF,0.0374121610910762,0.5938666492915092,0.36872118961741446
25856,GOF,0.24683716664810224,0.5372888514657098,0.2158739818861879
25857,GOF,0.034309754114374924,0.499808645149292,0.4658816007363331
25858,GOF,0.017729584136488022,0.549703339429849,0.4325670764336631
25859,GOF,0.00949023898327438,0.5307863923556982,0.4597233686610274
25860,GOF,0.3643505719289422,0.5552074048202922,0.08044202325076556
25861,GOF,0.41491103488259046,0.509599878638522,0.07548908647888766
25862,GOF,0.09145975475748049,0.7478140356346057,0.16072620960791376
25863,GOF,0.0883286055206421,0.7559550321937357,0.1557163622856221
25864,GOF,0.20765700066132206,0.705050512293167,0.08729248704551085
25865,GOF,0.08499865438313604,0.7892839849903003,0.12571736062656383
25866,GOF,0.060920038549400334,0.7999184073001501,0.1391615541504496
25867,GOF,0.08344568362728616,0.8056152198239264,0.1109390965487875
25868,GOF,0.27963394024784605,0.6254095363146581,0.09495652343749576
25869,Neutral,0.6888031907267742,0.27171128822768903,0.039485521045536806
25870,GOF,0.2983781945541679,0.3665801387542423,0.3350416666915897
25871,GOF,0.21099384949983618,0.6327997879697435,0.15620636253042028
25872,GOF,0.09000548102945977,0.6114746951844294,0.2985198237861107
25873,GOF,0.1408591163492066,0.6099228414344589,0.2492180422163345
25874,LOF,0.019360245227569368,0.10924140393517363,0.8713983508372569
25875,LOF,0.09689222292859086,0.03694352191311231,0.8661642551582969
25876,LOF,0.03654886435400086,0.04532214846500702,0.9181289871809921
25877,Neutral,0.5248710512689845,0.037991751584086006,0.4371371971469296
25878,LOF,0.2456253901541126,0.06819269037935781,0.6861819194665296
25879,LOF,0.09187725842317672,0.060904373438032344,0.847218368138791
25880,LOF,0.02354166814837709,0.02002294770032716,0.9564353841512957
25881,LOF,0.1909408624360242,0.10129626108839497,0.7077628764755809
25882,LOF,0.07506274198119728,0.013984440914947164,0.9109528171038556
25883,LOF,0.08322794587400983,0.016175055013902564,0.9005969991120877
25884,LOF,0.04110903360201647,0.025702363784896556,0.933188602613087
25885,LOF,0.07048161503725585,0.01026869984642951,0.9192496851163147
25886,LOF,0.35011520632999754,0.027664818153500272,0.6222199755165021
25887,LOF,0.16997115514394387,0.0578660788360764,0.7721627660199797
25888,LOF,0.07009727433878668,0.051512506347274695,0.8783902193139386
25889,LOF,0.05218816891371379,0.016099973986190695,0.9317118571000954
25890,LOF,0.052472082126058577,0.1338497360062042,0.8136781818677373
25891,LOF,0.04577092120924234,0.047604809424596516,0.9066242693661611
25892,LOF,0.09559771754964468,0.02306281576047665,0.8813394666898786
25893,LOF,0.2765596114058107,0.01681478977700646,0.7066255988171828
25894,LOF,0.17922395576706215,0.01057164742119103,0.8102043968117467
25895,LOF,0.19633969704049176,0.021320288239385535,0.7823400147201226
25896,LOF,0.0460381777445809,0.020144138277085374,0.9338176839783336
25897,LOF,0.27309408450895495,0.012796867036330668,0.7141090484547145
25898,Neutral,0.7194574730641471,0.010313329218752961,0.2702291977171
25899,LOF,0.24547700497769462,0.02438057807360275,0.7301424169487027
25900,LOF,0.4672736472161042,0.017785533511662555,0.5149408192722332
25901,LOF,0.05676711190987214,0.011609854709367788,0.93162303338076
25902,LOF,0.2024269886090165,0.010541275695981137,0.7870317356950024
25903,Neutral,0.5458029593669612,0.030280397134606347,0.4239166434984325
25904,LOF,0.2928168705384427,0.04737795892754708,0.6598051705340102
25905,LOF,0.02267551881179948,0.32838759111112087,0.6489368900770796
25906,LOF,0.02301414833254099,0.07269371392116498,0.9042921377462941
25907,LOF,0.013941533736733723,0.3095488656641849,0.6765096005990815
25908,LOF,0.010351189880276472,0.22279392632075812,0.7668548837989654
25909,LOF,0.014001310176196923,0.14101758255797742,0.8449811072658255
25910,LOF,0.048529392195686125,0.126118808497265,0.8253517993070488
25911,LOF,0.13918524116680153,0.027968379564488593,0.83284637926871
25912,LOF,0.0427847954087099,0.04200507129883784,0.9152101332924523
25913,LOF,0.2832704818898937,0.02576164878730399,0.6909678693228023
25914,LOF,0.02140581042866306,0.12500935330037186,0.853584836270965
25915,Neutral,0.409643299933298,0.3530039430860216,0.2373527569806803
25916,LOF,0.059784459694481755,0.3871128525839941,0.5531026877215242
25917,LOF,0.06176135757893885,0.0797470623981349,0.8584915800229262
25918,LOF,0.029685065624851917,0.07972024962208207,0.890594684753066
25919,LOF,0.023937798660755884,0.08434136423642924,0.8917208371028149
25920,GOF,0.12449488857447862,0.4835190508649666,0.3919860605605548
25921,LOF,0.027538709013629193,0.028144743452277864,0.944316547534093
25922,LOF,0.03660427854104645,0.019959998402454448,0.9434357230564991
25923,LOF,0.43267726484663355,0.022168111716128324,0.5451546234372381
25924,LOF,0.038327893747890814,0.04109910577772435,0.9205730004743847
25925,LOF,0.06694093597671488,0.028674268595417322,0.9043847954278678
25926,LOF,0.050818873694805776,0.02123065386776721,0.927950472437427
25927,LOF,0.0774312299085376,0.08166681205220669,0.8409019580392557
25928,LOF,0.021047887532224405,0.038689657094574885,0.9402624553732006
25929,Neutral,0.5704313492328997,0.02399001109125291,0.40557863967584734
25930,LOF,0.05638848865512136,0.019694325053503686,0.923917186291375
25931,LOF,0.030117409159613823,0.02392786639820644,0.9459547244421797
25932,LOF,0.02991942794512152,0.02098544964453966,0.9490951224103388
25933,LOF,0.041625264270038,0.013743996387882188,0.9446307393420799
25934,LOF,0.026150469683692647,0.01680113051191067,0.9570483998043966
25935,LOF,0.06178541250430038,0.03189672445271873,0.9063178630429809
25936,LOF,0.05334671218606361,0.020307792888964143,0.9263454949249722
25937,LOF,0.027313292360524745,0.03004412427672807,0.9426425833627473
25938,LOF,0.06387532496945592,0.032295486078798584,0.9038291889517455
25939,LOF,0.042032903940141836,0.01253000992257063,0.9454370861372875
25940,LOF,0.029951957846620525,0.402912214696791,0.5671358274565885
25941,LOF,0.19181705882155078,0.09335036577042,0.7148325754080294
25942,LOF,0.01854771728578604,0.03215479896354376,0.9492974837506701
25943,LOF,0.3235391563951944,0.05418888603156907,0.6222719575732366
25944,LOF,0.48263849167060474,0.026152607517792182,0.4912089008116032
25945,LOF,0.07405302364063608,0.02149211205718383,0.9044548643021801
25946,LOF,0.02833485359875247,0.1216709828949205,0.849994163506327
25947,LOF,0.11741872433216224,0.2004305097193936,0.6821507659484441
25948,LOF,0.41829561418004974,0.01056217731206888,0.5711422085078814
25949,LOF,0.1157789821362022,0.04156219548919133,0.8426588223746065
25950,GOF,0.28249162053239707,0.42206178375143993,0.29544659571616305
25951,LOF,0.2726904216747063,0.21639646006889932,0.5109131182563944
25952,LOF,0.04653832481873069,0.44934562008998225,0.5041160550912871
25953,LOF,0.13564270535638803,0.11446635205716568,0.7498909425864462
25954,Neutral,0.45907527479728677,0.1891858911557915,0.35173883404692174
25955,LOF,0.060635251881738315,0.08958112411489563,0.8497836240033659
25956,LOF,0.1871284784981536,0.10351857683907244,0.7093529446627739
25957,LOF,0.04352521044621673,0.03434938101840589,0.9221254085353774
25958,LOF,0.05985621911573379,0.027406428695264926,0.9127373521890013
25959,LOF,0.06674262322814246,0.3383403241558224,0.5949170526160352
25960,LOF,0.019350932640097514,0.05191092094190975,0.9287381464179927
25961,LOF,0.04875866142981169,0.02928011868224716,0.9219612198879412
25962,LOF,0.05548014866024702,0.03342887072577518,0.9110909806139778
25963,LOF,0.04723481292606088,0.19779235627258535,0.7549728308013538
25964,LOF,0.04090348019635399,0.13484064025291884,0.8242558795507271
25965,LOF,0.40278901400748135,0.1004247358231694,0.4967862501693494
25966,Neutral,0.45347363288887976,0.11032461656744635,0.436201750543674
25967,LOF,0.013500763145415033,0.06357968498697902,0.9229195518676059
25968,LOF,0.035996731907115685,0.47916413314327283,0.48483913494961145
25969,LOF,0.023189296604261354,0.05879752323866375,0.9180131801570749
25970,LOF,0.06224022841161276,0.04817571965047598,0.8895840519379113
25971,LOF,0.0835294035262299,0.014568207380570249,0.9019023890931999
25972,LOF,0.08489892471240418,0.019830601913642956,0.8952704733739528
25973,LOF,0.10123720119756242,0.009733394993762214,0.8890294038086755
25974,LOF,0.19772135110756223,0.01738477078962423,0.7848938781028135
25975,LOF,0.06338455190580125,0.026763299793982273,0.9098521483002165
25976,LOF,0.05019572661133847,0.01478205286948678,0.9350222205191748
25977,LOF,0.1675488240220264,0.09318812114136678,0.7392630548366067
25978,LOF,0.1393146178238556,0.05318213881536874,0.8075032433607757
25979,LOF,0.12762248578580065,0.053463796413420826,0.8189137178007785
25980,LOF,0.19175980697817685,0.06789056054076244,0.7403496324810608
25981,LOF,0.22854631908091783,0.06580840166979719,0.705645279249285
25982,LOF,0.38544098605614574,0.04963324130681054,0.5649257726370437
25983,LOF,0.37183109617801946,0.0535017000346979,0.5746672037872826
25984,LOF,0.05590911966284504,0.052710490525894,0.8913803898112609
25985,LOF,0.027156977673461882,0.20278959736802188,0.7700534249585163
25986,LOF,0.03961972370941487,0.23133226222770614,0.7290480140628789
25987,LOF,0.08267610965622257,0.05928955708578174,0.8580343332579957
25988,LOF,0.1407938252207061,0.05187378926962228,0.8073323855096717
25989,LOF,0.03155747832604834,0.09961093560413324,0.8688315860698185
25990,LOF,0.03774193925521362,0.1326098177080756,0.8296482430367108
25991,LOF,0.22689545978059789,0.29299469280029766,0.4801098474191044
25992,LOF,0.3873939155312869,0.14890107453823806,0.46370500993047514
25993,LOF,0.02635967438418717,0.07049864208388795,0.9031416835319248
25994,LOF,0.01939747341132315,0.1003770857768349,0.8802254408118418
25995,LOF,0.030056778860088763,0.18775266570096527,0.7821905554389459
25996,GOF,0.3328335554746764,0.44635026208005707,0.22081618244526657
25997,GOF,0.12795763202674526,0.4776666639671684,0.39437570400608635
25998,Neutral,0.511055831422858,0.02449825602291976,0.4644459125542221
25999,LOF,0.10878358273358525,0.10569894436256173,0.7855174729038531
26000,LOF,0.1682138912554398,0.02735463187533336,0.8044314768692268
26001,LOF,0.19702441663166229,0.03080455728229786,0.7721710260860399
26002,LOF,0.12835048931859036,0.030913190085758165,0.8407363205956516
26003,GOF,0.01153621428039279,0.5660225192086733,0.4224412665109339
26004,GOF,0.024125963266349488,0.6228962574546855,0.352977779278965
26005,LOF,0.009054126359507818,0.4436304765930502,0.5473153970474419
26006,Neutral,0.5308954865061764,0.2176578360615645,0.2514466774322592
26007,GOF,0.023505955932814338,0.5111756270599317,0.46531841700725396
26008,GOF,0.020109414502696536,0.5388457099954327,0.44104487550187077
26009,GOF,0.02408065218352447,0.5852736149047658,0.3906457329117097
26010,GOF,0.029492097594725732,0.5833508014925979,0.38715710091267636
26011,LOF,0.008123751423980072,0.4303847977630688,0.5614914508129512
26012,GOF,0.017112883326245346,0.5385444505250317,0.44434266614872286
26013,GOF,0.02178316070963349,0.5892426094977162,0.3889742297926503
26014,LOF,0.04370516718250438,0.15124349010307866,0.8050513427144169
26015,LOF,0.21367668864430817,0.007890922929363189,0.7784323884263287
26016,LOF,0.2430922522706866,0.04000981478691478,0.7168979329423986
26017,LOF,0.2610008278229949,0.059697147494544474,0.6793020246824607
26018,LOF,0.10883809515398572,0.03314925552919454,0.8580126493168199
26019,LOF,0.10463250810278968,0.024359862466843303,0.871007629430367
26020,LOF,0.06653180567147078,0.08780225508689574,0.8456659392416336
26021,LOF,0.05197881385902573,0.10263650869759808,0.8453846774433761
26022,LOF,0.012526354092294948,0.035073280292817824,0.9524003656148873
26023,LOF,0.12628194355331912,0.020212081452010137,0.8535059749946707
26024,LOF,0.030684370847777094,0.1000337495560384,0.8692818795961845
26025,LOF,0.19367912262663362,0.08859896406150507,0.7177219133118612
26026,LOF,0.3502988298278344,0.021064304241137942,0.6286368659310276
26027,LOF,0.09818385000426212,0.01374939531285332,0.8880667546828845
26028,LOF,0.1468241524373119,0.07646463772024946,0.7767112098424388
26029,LOF,0.07464984434805202,0.19871882165591248,0.7266313339960355
26030,LOF,0.023214808746163516,0.06541417769066177,0.9113710135631746
26031,LOF,0.02789171354775553,0.14976112493610666,0.8223471615161378
26032,LOF,0.06387633794760914,0.0687357439790004,0.8673879180733904
26033,LOF,0.10733456420853496,0.08676773952409421,0.8058976962673707
26034,LOF,0.04408306271339862,0.1615893207046145,0.7943276165819869
26035,LOF,0.026090660311556605,0.14501852225051307,0.8288908174379304
26036,LOF,0.03763364182757593,0.17890040863507994,0.7834659495373442
26037,LOF,0.02158725058626228,0.12211297625922865,0.8562997731545091
26038,LOF,0.059635416799846165,0.07231876053957212,0.8680458226605816
26039,LOF,0.05411215686081382,0.1562480565142311,0.789639786624955
26040,LOF,0.17763036695494733,0.14903446397103656,0.673335169074016
26041,LOF,0.022152629909645487,0.11489939423079244,0.8629479758595622
26042,LOF,0.022029279106916676,0.11069286397170139,0.8672778569213819
26043,LOF,0.05843801985506897,0.08877566344380351,0.8527863167011275
26044,LOF,0.01840216784774488,0.08022896704271644,0.9013688651095386
26045,LOF,0.08008661278368417,0.103661500248047,0.8162518869682688
26046,LOF,0.05952813356120844,0.08753250924191748,0.8529393571968741
26047,LOF,0.08177910094169503,0.09251628541537683,0.8257046136429281
26048,LOF,0.05109381312163722,0.05222160355906324,0.8966845833192995
26049,Neutral,0.9582091572894383,0.009279188968520726,0.03251165374204097
26050,Neutral,0.940432717000987,0.011469385635593014,0.04809789736342006
26051,LOF,0.048512332515722435,0.2700169857132038,0.6814706817710737
26052,LOF,0.07264811995801128,0.30354834645577305,0.6238035335862157
26053,LOF,0.05860928294054051,0.12459430624017369,0.8167964108192858
26054,LOF,0.059898057064088676,0.01908558686441172,0.9210163560714996
26055,LOF,0.07554726396281997,0.016938447291874104,0.907514288745306
26056,LOF,0.06109306788707852,0.017847968149966646,0.9210589639629547
26057,LOF,0.03420956866718027,0.012107539518829508,0.9536828918139901
26058,LOF,0.03589082415564871,0.009737656687902371,0.9543715191564489
26059,LOF,0.308347413847145,0.02339839793127875,0.6682541882215763
26060,LOF,0.02971448936487142,0.1765373170809401,0.7937481935541886
26061,LOF,0.02058230291928862,0.011251920907962473,0.9681657761727489
26062,LOF,0.011705762276293873,0.020829475775609542,0.9674647619480965
26063,LOF,0.024258257317746404,0.013056443541233068,0.9626852991410204
26064,LOF,0.023975318278780574,0.017747662614030508,0.958277019107189
26065,LOF,0.02575461085432172,0.012381088319963186,0.9618643008257152
26066,LOF,0.022018168417288018,0.011643774585193823,0.9663380569975182
26067,LOF,0.028281375835505992,0.009404548711886541,0.9623140754526075
26068,LOF,0.04795560259746286,0.0330656604277782,0.918978736974759
26069,LOF,0.25335683724413083,0.019278076481532857,0.7273650862743364
26070,LOF,0.39627551730854643,0.015292064377034661,0.588432418314419
26071,LOF,0.025042000396712803,0.012707604216494254,0.962250395386793
26072,LOF,0.022620900113410416,0.017850991111878205,0.9595281087747113
26073,LOF,0.026494181222109822,0.011440141897243114,0.962065676880647
26074,Neutral,0.9006507356992421,0.005864856534806115,0.09348440776595186
26075,LOF,0.042307862280510825,0.017059298791162296,0.9406328389283269
26076,LOF,0.04723745324710664,0.009742361407498954,0.9430201853453944
26077,LOF,0.008753973125387065,0.020607067071555196,0.9706389598030578
26078,LOF,0.014267351754994296,0.011442916819215516,0.9742897314257901
26079,LOF,0.059240362491832184,0.01996865503754351,0.9207909824706242
26080,LOF,0.057838171381343395,0.019994896666086084,0.9221669319525705
26081,LOF,0.03962765453431518,0.007163107590695398,0.9532092378749893
26082,LOF,0.01630631811340284,0.016641979377057477,0.9670517025095396
26083,LOF,0.13128138839925366,0.013394864743138606,0.8553237468576078
26084,LOF,0.02714551406394192,0.013341354901926488,0.9595131310341315
26085,LOF,0.023051789375137643,0.0128820232635394,0.964066187361323
26086,LOF,0.025330263727329383,0.012223220295894476,0.9624465159767761
26087,LOF,0.030290256010662583,0.00836840415393017,0.9613413398354071
26088,LOF,0.015871025175213327,0.025932182926287697,0.958196791898499
26089,LOF,0.044527879634343785,0.024164979866000795,0.9313071404996555
26090,LOF,0.04301445753549528,0.019262836171492603,0.9377227062930121
26091,LOF,0.04164941600702634,0.006973925011906849,0.9513766589810667
26092,LOF,0.02684200584856856,0.008495820810052127,0.9646621733413793
26093,LOF,0.042246611278559325,0.0064253655673132655,0.9513280231541273
26094,LOF,0.04396721858266227,0.0076618466790849184,0.948370934738253
26095,LOF,0.04989728989621801,0.0141641845346222,0.9359385255691598
26096,LOF,0.019154361020448967,0.01188196158423398,0.9689636773953171
26097,LOF,0.011749761292713077,0.03878602412081465,0.9494642145864722
26098,LOF,0.07057313837983843,0.011886953792779114,0.9175399078273826
26099,LOF,0.02552939263736518,0.013737487020497992,0.9607331203421369
26100,LOF,0.027906294130379455,0.013231459301040586,0.9588622465685801
26101,LOF,0.055134331217610494,0.01310631528248898,0.9317593534999005
26102,LOF,0.02765741873275841,0.014204871705712115,0.9581377095615294
26103,Neutral,0.8913977232735871,0.019128349177363405,0.08947392754904952
26104,LOF,0.08143750527593044,0.026557963091168844,0.8920045316329006
26105,LOF,0.21621093073673459,0.2699146913548056,0.5138743779084598
26106,LOF,0.2108734555153139,0.12045749498643368,0.6686690494982525
26107,LOF,0.2583759724346239,0.08382017052474824,0.6578038570406278
26108,LOF,0.24147029367182513,0.1365780500353055,0.6219516562928694
26109,LOF,0.08821924465537295,0.10065247374502934,0.8111282815995977
26110,LOF,0.2519987337856654,0.006184518268397467,0.7418167479459372
26111,LOF,0.48993400152199534,0.015357664129659295,0.49470833434834516
26112,LOF,0.035429047967678255,0.007123413877115703,0.9574475381552061
26113,LOF,0.05891302245810561,0.01191932245088803,0.9291676550910064
26114,LOF,0.03142352579301304,0.024329555743695268,0.9442469184632917
26115,LOF,0.10499938534656535,0.06244859673950553,0.8325520179139292
26116,LOF,0.06357650313895727,0.06000075301308332,0.8764227438479594
26117,LOF,0.42960062282530836,0.05408387652537543,0.5163155006493162
26118,LOF,0.038742924764667036,0.031542802319998384,0.9297142729153346
26119,LOF,0.023225423778285306,0.03836873259251308,0.9384058436292017
26120,LOF,0.031305906932967704,0.029335459370356958,0.9393586336966754
26121,LOF,0.052007843741686606,0.103445994717056,0.8445461615412575
26122,LOF,0.04503225075491799,0.04380093886011694,0.911166810384965
