feature0,prediction,LoGoFunc_Neutral,LoGoFunc_GOF,LoGoFunc_LOF
25546,Neutral,0.621866597283642,0.05420703513165817,0.3239263675846997
25547,Neutral,0.4938427975293631,0.0904678286764048,0.41568937379423204
25548,Neutral,0.5073656666010109,0.07523087927261189,0.41740345412637714
25549,LOF,0.43561296736586547,0.07634066512254868,0.4880463675115858
25550,LOF,0.3341054280976964,0.10533815874058203,0.5605564131617217
25551,LOF,0.30905447491901905,0.11245402960975293,0.578491495471228
25552,LOF,0.26282876187547477,0.1140133753345509,0.6231578627899743
25553,Neutral,0.7906619884381184,0.04312186324412234,0.16621614831775927
25554,LOF,0.3026799684092475,0.10335688725705623,0.5939631443336962
25555,LOF,0.25346022089585774,0.0995173981419108,0.6470223809622315
25556,Neutral,0.46185156076181677,0.08498408099692001,0.4531643582412633
25557,LOF,0.24915933728237946,0.10222612927703993,0.6486145334405805
25558,LOF,0.30503324285338296,0.09767893554340212,0.597287821603215
25559,LOF,0.3180095124633336,0.13099778192403647,0.5509927056126299
25560,LOF,0.1675883368472725,0.11900314149738574,0.7134085216553419
25561,LOF,0.16049952395428704,0.12847135890402125,0.7110291171416916
25562,LOF,0.0652319671089981,0.07723190732202027,0.8575361255689816
25563,LOF,0.02328404597830196,0.13980649477224238,0.8369094592494557
25564,LOF,0.19996878174810478,0.1317214293285805,0.6683097889233147
25565,LOF,0.20122995454054793,0.13347465900330083,0.6652953864561512
25566,GOF,0.11024718217932554,0.6671182926422998,0.2226345251783746
25567,LOF,0.043085709940844916,0.16794161052233023,0.7889726795368248
25568,LOF,0.06546064726407362,0.09398421181509428,0.8405551409208322
25569,LOF,0.06300811720076827,0.09758377889912608,0.8394081039001056
25570,LOF,0.0291720959633059,0.1292205517747691,0.8416073522619251
25571,LOF,0.027441240815444627,0.1343401959686645,0.8382185632158908
25572,LOF,0.06080634267587591,0.14989581607177047,0.7892978412523537
25573,LOF,0.05839431923333759,0.11761264965035956,0.8239930311163028
25574,LOF,0.062158714763225494,0.22202803791794462,0.7158132473188298
25575,LOF,0.02345702065660901,0.14829481877633255,0.8282481605670585
25576,LOF,0.02901731089850033,0.19126581473013804,0.7797168743713615
25577,LOF,0.031934172353430934,0.13694655182898882,0.8311192758175802
25578,LOF,0.328759475788728,0.10615289909202469,0.5650876251192474
25579,LOF,0.14363725430263488,0.11765401110668179,0.7387087345906833
25580,LOF,0.02054505815301286,0.10832558286703796,0.8711293589799491
25581,LOF,0.05954321402757298,0.08756427637015872,0.8528925096022684
25582,LOF,0.0595012499192518,0.08611060194771951,0.8543881481330287
25583,LOF,0.023208270993175198,0.1029461652574658,0.8738455637493591
25584,Neutral,0.6962527942714594,0.12597526347456162,0.17777194225397908
25585,LOF,0.02742157762111091,0.18600030896931816,0.7865781134095708
25586,LOF,0.018269378882080627,0.09434395595280046,0.887386665165119
25587,LOF,0.01773712460918609,0.08226223754784424,0.9000006378429697
25588,LOF,0.021230013333187615,0.09113772260653105,0.8876322640602814
25589,Neutral,0.5118551998279746,0.21298793910325492,0.27515686106877046
25590,LOF,0.04764928633685448,0.14755868177922704,0.8047920318839186
25591,LOF,0.10006772882093061,0.07469358151914886,0.8252386896599205
25592,LOF,0.05678045490489897,0.1763035231572686,0.7669160219378325
25593,LOF,0.1422628172208048,0.26863730605171426,0.589099876727481
25594,LOF,0.04853863804714868,0.07675320315498246,0.8747081587978689
25595,LOF,0.04735272538725568,0.05353803856266043,0.899109236050084
25596,LOF,0.1009755025099168,0.0269467235034149,0.8720777739866683
25597,LOF,0.08454595129981991,0.03369396519880594,0.8817600835013742
25598,LOF,0.0473617243433889,0.059358055718166644,0.8932802199384444
25599,LOF,0.019663636328837414,0.48654667116199096,0.4937896925091716
25600,GOF,0.161027861501638,0.5279037488161621,0.3110683896821998
25601,LOF,0.038597915275854024,0.4151149563495481,0.5462871283745978
25602,LOF,0.03920011065354204,0.05904685330688129,0.9017530360395767
25603,LOF,0.03262413450915,0.03214926510700479,0.9352266003838453
25604,LOF,0.036512458975651425,0.06509191611362325,0.8983956249107253
25605,LOF,0.04313700918912326,0.18723410433732496,0.7696288864735519
25606,Neutral,0.4671709419675137,0.11592112056071711,0.4169079374717692
25607,LOF,0.026652396011055877,0.17177724236953304,0.8015703616194111
25608,LOF,0.03444100916084481,0.07039778866234848,0.8951612021768066
25609,GOF,0.1380334924356213,0.5316754013795348,0.330291106184844
25610,LOF,0.016640932787182296,0.02907672509672327,0.9542823421160944
25611,LOF,0.013593761143214901,0.03399679889364016,0.952409439963145
25612,LOF,0.048517731288923345,0.04512710181100418,0.9063551669000725
25613,LOF,0.048218839535746384,0.043394030479868076,0.9083871299843855
25614,LOF,0.022757487626624287,0.025729961265419602,0.9515125511079562
25615,LOF,0.043401444259707864,0.05122269439712204,0.90537586134317
25616,LOF,0.052008378797669015,0.028330322307935946,0.9196612988943951
25617,LOF,0.04347368986391496,0.039887379205071086,0.916638930931014
25618,LOF,0.048276138614645095,0.034042841128734506,0.9176810202566204
25619,LOF,0.013474225079610023,0.03253817246072772,0.9539876024596623
25620,LOF,0.06376272067850826,0.04674470033534699,0.8894925789861449
25621,LOF,0.054093545540241005,0.04174010690681773,0.9041663475529412
25622,LOF,0.06469595203944546,0.03702641686469233,0.8982776310958622
25623,LOF,0.07007295782826825,0.030767950434469758,0.899159091737262
25624,LOF,0.0185189125802938,0.03331168095721022,0.948169406462496
25625,LOF,0.05813427879422442,0.04358692673489368,0.8982787944708819
25626,LOF,0.04877033831262355,0.04592676473102687,0.9053028969563496
25627,Neutral,0.8982341844064802,0.021219416873516174,0.08054639872000353
25628,LOF,0.14321948351133448,0.06456951144793552,0.7922110050407299
25629,LOF,0.07119105239899512,0.05706106982897263,0.8717478777720322
25630,LOF,0.25240743060320786,0.07900340659200535,0.6685891628047868
25631,Neutral,0.5553763730898121,0.06832097253191889,0.3763026543782689
25632,LOF,0.026755220533800424,0.066009010543859,0.9072357689223407
25633,LOF,0.15287086250141083,0.04079170920836036,0.8063374282902288
25634,LOF,0.0333040926379526,0.09648821405078153,0.8702076933112659
25635,LOF,0.03397201340668028,0.04496080621579049,0.9210671803775292
25636,LOF,0.033598118832545286,0.4177356339075664,0.5486662472598883
25637,GOF,0.07058073110385314,0.48778100664342283,0.441638262252724
25638,LOF,0.026516631468965282,0.3479235792440738,0.625559789286961
25639,LOF,0.030293565185253075,0.3766201744364173,0.5930862603783296
25640,Neutral,0.7729989883935049,0.18004935276661996,0.04695165883987508
25641,GOF,0.06996835807450896,0.47567322322374084,0.4543584187017502
25642,LOF,0.051284000662869186,0.19093957562634115,0.7577764237107897
25643,LOF,0.17255279583578423,0.14917730724344236,0.6782698969207734
25644,LOF,0.02376075918212994,0.468422457283417,0.507816783534453
25645,LOF,0.027468665221027568,0.41413619822038467,0.5583951365585877
25646,LOF,0.05633016846251495,0.34526514244864986,0.5984046890888352
25647,LOF,0.026992272069642696,0.27412826235197774,0.6988794655783795
25648,LOF,0.0361494076568692,0.275514331556426,0.6883362607867048
25649,LOF,0.01748066417441277,0.23726024138857088,0.7452590944370163
25650,LOF,0.05437894901661681,0.42921740830213717,0.5164036426812461
25651,LOF,0.019278000384451197,0.2942612543528346,0.6864607452627141
25652,LOF,0.03678355883189545,0.2837152805818353,0.6795011605862692
25653,LOF,0.09463389852431507,0.4170679492172035,0.48829815225848155
25654,LOF,0.029709274368295676,0.24380020412317788,0.7264905215085264
25655,GOF,0.22471251115545562,0.40211132953145784,0.3731761593130865
25656,LOF,0.35234091426216757,0.06279356560844059,0.5848655201293917
25657,LOF,0.06846353166359634,0.06086373989611911,0.8706727284402844
25658,LOF,0.34534476507724726,0.07288406043226006,0.5817711744904926
25659,Neutral,0.5021035219387361,0.0908898956626528,0.40700658239861115
25660,LOF,0.021971680285840414,0.08385234912279224,0.8941759705913674
25661,LOF,0.09449555363768865,0.05895214012394226,0.8465523062383692
25662,LOF,0.03393850672035112,0.03342951877137855,0.9326319745082704
25663,LOF,0.0447500076020075,0.046466860605366325,0.9087831317926262
25664,LOF,0.1320844369031909,0.06312570733538693,0.8047898557614221
25665,LOF,0.05410383689407326,0.031206674767138218,0.9146894883387886
25666,LOF,0.08976893717057186,0.0658906699008379,0.8443403929285902
25667,LOF,0.07234955139859918,0.039062270566956145,0.8885881780344448
25668,LOF,0.03649644552016171,0.04585326421265678,0.9176502902671816
25669,LOF,0.031771612564025595,0.047319185706056664,0.9209092017299177
25670,LOF,0.15162285093199065,0.05522685194325572,0.7931502971247536
25671,LOF,0.11545836680618365,0.03637503939168555,0.8481665938021307
25672,LOF,0.050413831759230844,0.043821029635653604,0.9057651386051155
25673,LOF,0.07301718079077149,0.04825313515931521,0.8787296840499131
25674,LOF,0.06385620434898376,0.05585033542739763,0.8802934602236188
25675,LOF,0.11119793162199984,0.057264383588354326,0.8315376847896458
25676,LOF,0.019866945195392404,0.05315943314889642,0.9269736216557112
25677,LOF,0.026625489730419522,0.06734432700218557,0.9060301832673949
25678,LOF,0.20908217136195847,0.05748786637988511,0.7334299622581565
25679,LOF,0.12155300594916141,0.07515225109058878,0.8032947429602498
25680,LOF,0.03497791954594759,0.11858287547967432,0.846439204974378
25681,LOF,0.05589569530805854,0.10803582793983643,0.8360684767521052
25682,LOF,0.14665289477486293,0.07275192242565698,0.78059518279948
25683,LOF,0.11553262679786007,0.08789897117997937,0.7965684020221604
25684,LOF,0.04262092697547549,0.0740015220670616,0.883377550957463
25685,LOF,0.13127486813153202,0.049709979128512105,0.8190151527399557
25686,LOF,0.08769350067170406,0.08105948781120645,0.8312470115170895
25687,LOF,0.11118259787793974,0.08521824504583655,0.8035991570762238
25688,LOF,0.315976063028508,0.032158594031622884,0.6518653429398692
25689,LOF,0.258443517423866,0.03351609105844709,0.7080403915176869
25690,LOF,0.3358139813150738,0.029149592365411175,0.635036426319515
25691,Neutral,0.7056617300385232,0.02070129174838226,0.2736369782130945
25692,LOF,0.389862882085243,0.009319736606410032,0.600817381308347
25693,LOF,0.050361467218866855,0.4034811462519937,0.5461573865291395
25694,LOF,0.1147967250785515,0.014391632511776137,0.8708116424096725
25695,LOF,0.11330503438059895,0.013932324117231283,0.8727626415021698
25696,LOF,0.12794188056817904,0.009681976729368926,0.862376142702452
25697,LOF,0.08433410560619467,0.03792400354696699,0.8777418908468383
25698,LOF,0.33924476470937526,0.1937186594924711,0.4670365757981538
25699,LOF,0.45450727141644964,0.038911343633957124,0.5065813849495931
25700,LOF,0.07263359886205008,0.009678559840517853,0.9176878412974321
25701,LOF,0.14457368524474146,0.052532348034127485,0.8028939667211311
25702,GOF,0.17764083163316766,0.5849823489516112,0.23737681941522115
25703,LOF,0.01710703939988687,0.14376320052883285,0.8391297600712804
25704,LOF,0.04186305470264881,0.10346672925061151,0.8546702160467397
25705,LOF,0.05316401034100535,0.16824797773450956,0.7785880119244851
25706,LOF,0.10613063700920515,0.4396974108568714,0.4541719521339235
25707,LOF,0.0935329306957324,0.38044784568184137,0.5260192236224263
25708,LOF,0.02969931439292246,0.31306063586633637,0.6572400497407411
25709,LOF,0.06581778748413196,0.05002824077115421,0.8841539717447139
25710,LOF,0.01136209795070732,0.17893278979365815,0.8097051122556345
25711,LOF,0.019469114864131675,0.11282694259230383,0.8677039425435644
25712,LOF,0.013357431830568924,0.20937506737797812,0.777267500791453
25713,LOF,0.0186500035467192,0.10208102241484135,0.8792689740384394
25714,LOF,0.07428176833666676,0.09635352108386547,0.8293647105794677
25715,LOF,0.011317108580498496,0.16670890936699317,0.8219739820525084
25716,LOF,0.013561391522644767,0.12827316284846943,0.8581654456288857
25717,LOF,0.012354732526571188,0.09537745025082058,0.8922678172226082
25718,LOF,0.012557975611167818,0.11881914114562594,0.8686228832432064
25719,LOF,0.0192004851497288,0.09303039157435838,0.887769123275913
25720,LOF,0.024171048401617896,0.07854630289200332,0.8972826487063787
25721,LOF,0.01575394499516153,0.13255682800800078,0.8516892269968378
25722,LOF,0.01431784030389434,0.14836403541694115,0.8373181242791645
25723,LOF,0.023643255369360797,0.04970738338086707,0.9266493612497722
25724,LOF,0.03431523700190207,0.10188664485431179,0.863798118143786
25725,LOF,0.012190237585954377,0.07695631756826653,0.9108534448457791
25726,LOF,0.015921951855093156,0.13228510328875115,0.8517929448561556
25727,LOF,0.013676407463911045,0.09566616854922243,0.8906574239868665
25728,LOF,0.010035605808488494,0.14176116272707018,0.8482032314644413
25729,LOF,0.010413113835180383,0.13951718628766369,0.8500696998771559
25730,LOF,0.014353053799471835,0.1004279223543864,0.8852190238461418
25731,LOF,0.020631971440441568,0.11838102546501189,0.8609870030945466
25732,LOF,0.014653955633174485,0.0997167705527436,0.8856292738140819
25733,LOF,0.01739389814118657,0.08384390611390671,0.8987621957449067
25734,LOF,0.012426604882757271,0.1298811404257265,0.8576922546915162
25735,LOF,0.013999417411185986,0.1076703660916708,0.8783302164971432
25736,LOF,0.015422754082052645,0.11580983353250746,0.8687674123854399
25737,LOF,0.012191758399414845,0.09598944165879768,0.8918187999417874
25738,LOF,0.012760172944213983,0.1169684753709564,0.8702713516848297
25739,LOF,0.02076240455837722,0.09008900894506462,0.8891485864965583
25740,LOF,0.026837447494782805,0.12742764114483524,0.845734911360382
25741,LOF,0.01507566283408722,0.13026275553813174,0.854661581627781
25742,LOF,0.12089099150393268,0.0986562703191036,0.7804527381769637
25743,LOF,0.035424117962366365,0.039287420833773824,0.9252884612038599
25744,Neutral,0.5769316415174658,0.20118438834020075,0.22188397014233338
25745,LOF,0.07747715467021125,0.06576545774619821,0.8567573875835907
25746,LOF,0.046511008372410394,0.07979058595625775,0.8736984056713318
25747,LOF,0.021016257473308528,0.05922386056420165,0.9197598819624898
25748,LOF,0.09692991746251779,0.08294635990974997,0.8201237226277321
25749,LOF,0.025446595211586785,0.07511794616793627,0.899435458620477
25750,LOF,0.09190960520769718,0.08772274989414346,0.8203676448981594
25751,LOF,0.10108411614634517,0.09036629600551667,0.8085495878481381
25752,GOF,0.11225821368328877,0.6283495302787945,0.25939225603791666
25753,LOF,0.01967189010833883,0.2783543520088331,0.7019737578828281
25754,GOF,0.01205705948183168,0.7627338411389819,0.2252090993791864
25755,LOF,0.022190586205423024,0.3767258831190556,0.6010835306755214
25756,LOF,0.0447214538140438,0.3390927379175845,0.6161858082683717
25757,GOF,0.012982068005735542,0.7977147424027198,0.18930318959154463
25758,GOF,0.030619937497520535,0.7782799959222245,0.19110006658025488
25759,GOF,0.01063664895760219,0.5463220062694554,0.44304134477294244
25760,LOF,0.011827466335990916,0.26459876931097925,0.7235737643530298
25761,GOF,0.2684631260015408,0.616831822240822,0.11470505175763715
25762,LOF,0.03955281364303155,0.24883231791945204,0.7116148684375163
25763,LOF,0.01488125997734263,0.18743747593199064,0.7976812640906669
25764,GOF,0.07839865460336412,0.5806298198230427,0.3409715255735931
25765,GOF,0.039857147458475205,0.7168347673171404,0.24330808522438452
25766,GOF,0.06561143317739611,0.710353369344457,0.2240351974781469
25767,GOF,0.1527323098063071,0.5795798269339846,0.26768786325970834
25768,LOF,0.10907314927104014,0.07096578578706421,0.8199610649418956
25769,LOF,0.05742118984778783,0.062212117765691896,0.8803666923865203
25770,LOF,0.2862002153627521,0.09423767227286901,0.6195621123643789
25771,LOF,0.04249744759620696,0.0482639645654615,0.9092385878383316
25772,LOF,0.01898839413244024,0.040927423716078166,0.9400841821514817
25773,LOF,0.04756045150565845,0.09392427055189558,0.858515277942446
25774,LOF,0.02792324830875418,0.07626557688581866,0.895811174805427
25775,LOF,0.04770945719379556,0.04567898027607571,0.9066115625301288
25776,LOF,0.08166721015884221,0.025769985433070807,0.8925628044080871
25777,LOF,0.3627557844107627,0.06093873991687828,0.576305475672359
25778,LOF,0.0708074978991299,0.04902033125977592,0.8801721708410941
25779,GOF,0.36152516729858525,0.6012291567602087,0.037245675941205994
25780,GOF,0.29523256002447407,0.643038362214632,0.061729077760893945
25781,GOF,0.1449276169154952,0.7681822704445692,0.08689011263993558
25782,GOF,0.21949421672597072,0.7192216996893648,0.06128408358466452
25783,GOF,0.023549062672732688,0.6501944028468117,0.3262565344804556
25784,Neutral,0.48297754833455997,0.47984657598508873,0.037175875680351446
25785,GOF,0.43635390315707623,0.5289117118752661,0.034734384967657676
25786,GOF,0.028632483613823215,0.7659131682191449,0.20545434816703181
25787,Neutral,0.6252641183646089,0.35280107509873343,0.021934806536657615
25788,LOF,0.05588221756647483,0.11937764564574371,0.8247401367877816
25789,GOF,0.213759802430591,0.6828273154018722,0.10341288216753688
25790,GOF,0.22107162680944567,0.6943896813039365,0.08453869188661786
25791,GOF,0.17824521590133277,0.6889183458427598,0.13283643825590732
25792,GOF,0.3881467196905243,0.5134899882847896,0.09836329202468608
25793,GOF,0.2546564644251208,0.5618788804889061,0.1834646550859731
25794,GOF,0.29580442751847336,0.5481914117891882,0.15600416069233847
25795,GOF,0.08484197408246771,0.6887818679799668,0.2263761579375655
25796,Neutral,0.5474079500540557,0.3807435530062655,0.07184849693967885
25797,GOF,0.08497664291582953,0.5733947987336049,0.34162855835056555
25798,GOF,0.00904277052320958,0.5324274662091121,0.4585297632676783
25799,LOF,0.007908345265150997,0.41925788681819215,0.5728337679166569
25800,GOF,0.03548927628754485,0.6329394583513717,0.3315712653610834
25801,GOF,0.20802238428838835,0.6796902936750367,0.11228732203657488
25802,GOF,0.08678564494600542,0.7237394003578129,0.18947495469618167
25803,GOF,0.036974031252670625,0.6291336982549458,0.3338922704923837
25804,GOF,0.03323005033190462,0.5286692932967126,0.43810065637138274
25805,GOF,0.10148879701714839,0.6123997008412219,0.28611150214162984
25806,GOF,0.1029917140486666,0.6404814074976862,0.25652687845364713
25807,GOF,0.02054711364805082,0.6417110467521342,0.33774183959981496
25808,GOF,0.08737076350187864,0.6663297664347393,0.24629947006338207
25809,GOF,0.018964306772167094,0.6065628009145628,0.37447289231327013
25810,GOF,0.017958262215918317,0.6452598151841544,0.3367819225999273
25811,GOF,0.44060265734576437,0.49360007116139926,0.06579727149283636
25812,GOF,0.03366633022052888,0.6745242479897833,0.2918094217896878
25813,Neutral,0.5057922579557722,0.41171857358389236,0.08248916846033545
25814,GOF,0.11422742549962252,0.7099809634771143,0.17579161102326332
25815,GOF,0.17778038405401808,0.6652968006703617,0.1569228152756202
25816,GOF,0.023802190004036987,0.7344845317025732,0.24171327829338987
25817,GOF,0.22602390167607,0.6686312204695588,0.10534487785437127
25818,GOF,0.04997291895955393,0.6612219609644793,0.28880512007596676
25819,GOF,0.3620600734001518,0.5075335960139319,0.1304063305859163
25820,GOF,0.18058808497116713,0.6302497821826057,0.1891621328462271
25821,GOF,0.05720452174711613,0.6956079297960365,0.24718754845684734
25822,GOF,0.2022166633708491,0.5956609426168865,0.2021223940122644
25823,GOF,0.03780641030060067,0.5269529907808201,0.4352405989185791
25824,GOF,0.08996803719045367,0.5895978936291345,0.3204340691804119
25825,GOF,0.03981513932965001,0.5929848294725757,0.3672000311977743
25826,GOF,0.015653111681907028,0.5616863856392779,0.42266050267881505
25827,GOF,0.024806393178825905,0.597300285295191,0.3778933215259831
25828,GOF,0.01516486388486467,0.5417209286902649,0.44311420742487034
25829,GOF,0.006292977842859053,0.5800737177369123,0.41363330442022866
25830,LOF,0.03211647502920557,0.345074090680667,0.6228094342901274
25831,GOF,0.2200224969529186,0.669983761493049,0.10999374155403245
25832,GOF,0.03535411670356858,0.7041499402114413,0.26049594308499024
25833,GOF,0.12300995655638572,0.7295092652650877,0.14748077817852664
25834,GOF,0.03523429463392748,0.709715399417378,0.2550503059486944
25835,GOF,0.08146139878690467,0.7522748808770483,0.16626372033604697
25836,GOF,0.04175542278600087,0.7073780749940345,0.2508665022199646
25837,GOF,0.026102276671379907,0.5846443210996963,0.3892534022289238
25838,GOF,0.1024723249294681,0.7669262551271572,0.13060141994337468
25839,GOF,0.3006371211506943,0.5806805054491353,0.11868237340017042
25840,GOF,0.21605622609201594,0.6617687424166028,0.1221750314913814
25841,GOF,0.2167229624350083,0.6499865007126775,0.13329053685231426
25842,GOF,0.20330403597149732,0.6801377439729708,0.11655822005553197
25843,GOF,0.2647424723261865,0.6515957892331944,0.08366173844061926
25844,GOF,0.07687931434489957,0.7101243000003788,0.2129963856547215
25845,LOF,0.016552074018157805,0.4917166988875151,0.49173122709432693
25846,GOF,0.12534747263940613,0.7207506279194268,0.15390189944116706
25847,GOF,0.11896386550742623,0.7757458976416216,0.10529023685095222
25848,GOF,0.043078880136881964,0.7322456326652981,0.22467548719781985
25849,GOF,0.012866694743851626,0.6001099618791149,0.3870233433770335
25850,GOF,0.023712026953991536,0.6703687905146037,0.3059191825314047
25851,GOF,0.01992006538652805,0.5556033641440818,0.4244765704693902
25852,GOF,0.1576970374200654,0.5674743528364053,0.27482860974352924
25853,GOF,0.3490823101211267,0.5863484953592905,0.06456919451958279
25854,GOF,0.02383079066377058,0.6464562173374769,0.3297129919987524
25855,GOF,0.03832903468937059,0.6020797108735816,0.3595912544370477
25856,GOF,0.2444344040472873,0.5622256059283353,0.1933399900243774
25857,GOF,0.03671114224429075,0.5282052409895949,0.43508361676611434
25858,GOF,0.021484923265875967,0.543686194095585,0.43482888263853897
25859,GOF,0.010336271204056644,0.5228880394494654,0.466775689346478
25860,GOF,0.3620633629743071,0.5658559410102402,0.07208069601545287
25861,GOF,0.42076840228076956,0.5096422415380522,0.06958935618117826
25862,GOF,0.09747648320190437,0.7869082439568253,0.11561527284127025
25863,GOF,0.09577919971007767,0.7938415207432303,0.11037927954669198
25864,GOF,0.1978998614296278,0.7248109720925491,0.07728916647782307
25865,GOF,0.08963009476813918,0.8054491657922943,0.10492073943956638
25866,GOF,0.0651579928667059,0.8044320766425196,0.13040993049077446
25867,GOF,0.08695709673761455,0.8244522831932444,0.08859062006914115
25868,GOF,0.2491741331024231,0.666071501316564,0.08475436558101292
25869,Neutral,0.6952825455109785,0.27255246058131843,0.03216499390770316
25870,GOF,0.29133816735982676,0.4281563191683709,0.28050551347180247
25871,GOF,0.22626842279736029,0.6365736550852831,0.13715792211735664
25872,GOF,0.07682730867740191,0.6882672992592461,0.2349053920633519
25873,GOF,0.13400662279529255,0.7031415045376425,0.16285187266706494
25874,LOF,0.01725475275535547,0.1269626805897762,0.8557825666548683
25875,LOF,0.11268129287358966,0.027322724841018456,0.8599959822853919
25876,LOF,0.03582416454044513,0.027005586958207324,0.9371702485013474
25877,Neutral,0.5376079065272533,0.03579418164913301,0.4265979118236138
25878,LOF,0.23963156773145344,0.057209568038339466,0.7031588642302071
25879,LOF,0.10990652179420375,0.0619747996589108,0.8281186785468855
25880,LOF,0.023141912728577275,0.012775277501714475,0.9640828097697083
25881,LOF,0.17428006797779672,0.10307986759138094,0.7226400644308223
25882,LOF,0.07091698284218557,0.015205905315056951,0.9138771118427574
25883,LOF,0.08109613692984591,0.01908314652913056,0.8998207165410235
25884,LOF,0.03478829987702729,0.029061804714181693,0.936149895408791
25885,LOF,0.06702410360367259,0.011595010054297148,0.9213808863420303
25886,LOF,0.2489639520873992,0.03455637839157795,0.7164796695210228
25887,LOF,0.14594531687062637,0.05952143818229289,0.7945332449470807
25888,LOF,0.07225676530539113,0.05676723575840098,0.8709759989362078
25889,LOF,0.047579750302569994,0.019592297199000408,0.9328279524984296
25890,LOF,0.053486903197663235,0.12912077920940304,0.8173923175929337
25891,LOF,0.04145852408959058,0.05007838796768427,0.9084630879427252
25892,LOF,0.08777176994018009,0.02793843738878824,0.8842897926710317
25893,LOF,0.22423884271749664,0.02480698376114697,0.7509541735213563
25894,LOF,0.1728645351069753,0.014108672535231594,0.8130267923577932
25895,LOF,0.20526357197050507,0.024089209742782457,0.7706472182867125
25896,LOF,0.04979120431084082,0.028395269473881435,0.9218135262152778
25897,LOF,0.25367160656450183,0.015627635536033562,0.7307007578994645
25898,Neutral,0.6906059923946534,0.012262625161233531,0.2971313824441131
25899,LOF,0.1984838107977903,0.025465164894207568,0.7760510243080021
25900,LOF,0.44216143917347644,0.018388148081461206,0.5394504127450623
25901,LOF,0.04494499650812378,0.01491438319844574,0.9401406202934306
25902,LOF,0.1551457404105419,0.015170250165931317,0.8296840094235267
25903,Neutral,0.5286195665251917,0.03347605462286462,0.4379043788519438
25904,LOF,0.27281625382301905,0.061635344902577785,0.6655484012744031
25905,LOF,0.026385318877218285,0.3014274807681537,0.672187200354628
25906,LOF,0.0335168896678993,0.06795229316375492,0.8985308171683458
25907,LOF,0.017907615749609047,0.3162510497406237,0.6658413345097672
25908,LOF,0.011760803138614034,0.23290632321614743,0.7553328736452385
25909,LOF,0.014737739389684285,0.13058183774595888,0.8546804228643569
25910,LOF,0.05473988842485064,0.11437057913016305,0.8308895324449863
25911,LOF,0.1882607789214452,0.02475459940389596,0.7869846216746588
25912,LOF,0.037963215560295846,0.04382728735368169,0.9182094970860225
25913,LOF,0.29134117472631,0.02336158184107828,0.6852972434326118
25914,LOF,0.020567943863636154,0.07282123120506068,0.9066108249313031
25915,Neutral,0.5228623760715698,0.2502937269639623,0.22684389696446786
25916,LOF,0.072155824379953,0.285148152878725,0.642696022741322
25917,LOF,0.06337411885860411,0.06004282815155954,0.8765830529898364
25918,LOF,0.026802106383889406,0.04874009725368873,0.9244577963624219
25919,LOF,0.02212858892904693,0.05510381816658291,0.92276759290437
25920,GOF,0.11104914429594395,0.5368101300856715,0.35214072561838466
25921,LOF,0.02347079422002449,0.03141637685615945,0.9451128289238161
25922,LOF,0.033359665653264085,0.0219285045584556,0.9447118297882802
25923,LOF,0.4230332069694248,0.02266595303954103,0.5543008399910342
25924,LOF,0.03840934350965788,0.04137421406074837,0.9202164424295937
25925,LOF,0.06524675918706889,0.029130184549274726,0.9056230562636565
25926,LOF,0.05004477807800655,0.0239594561749809,0.9259957657470126
25927,LOF,0.06490243188437912,0.09084967474405022,0.8442478933715707
25928,LOF,0.019383589379225994,0.043550693144243216,0.9370657174765308
25929,Neutral,0.5263084031084155,0.024862812679682385,0.4488287842119022
25930,LOF,0.05263585070630924,0.02271863445380729,0.9246455148398836
25931,LOF,0.024717258095090743,0.024774586780117912,0.9505081551247915
25932,LOF,0.027741658500773522,0.021899571418630245,0.9503587700805962
25933,LOF,0.03842724539706193,0.01525355977716927,0.9463191948257688
25934,LOF,0.024938352540823324,0.01805890160304216,0.9570027458561347
25935,LOF,0.058120683096115,0.035887466088472604,0.9059918508154123
25936,LOF,0.045536522615902325,0.01898484869899808,0.9354786286850997
25937,LOF,0.026967795475923463,0.027896734167506893,0.9451354703565696
25938,LOF,0.06071000962088311,0.03806803731239569,0.9012219530667211
25939,LOF,0.04121798359925547,0.014762040944766727,0.9440199754559778
25940,LOF,0.02752083624519213,0.4031298497673474,0.5693493139874605
25941,LOF,0.18198846944608046,0.08699639982452997,0.7310151307293895
25942,LOF,0.015765630686857483,0.03576209390827081,0.9484722754048717
25943,LOF,0.31582617001388913,0.05993053978330617,0.6242432902028047
25944,LOF,0.4855318466842223,0.024629583247533185,0.48983857006824466
25945,LOF,0.06365812393925668,0.023037680656870087,0.9133041954038732
25946,LOF,0.02734065318922605,0.12287327108128887,0.8497860757294851
25947,LOF,0.11418449295444986,0.20404423795999602,0.6817712690855541
25948,LOF,0.4618607176846009,0.00956231081138327,0.5285769715040158
25949,LOF,0.09306283519086933,0.03668652122994138,0.8702506435791894
25950,GOF,0.27549638674803334,0.39657890416497577,0.32792470908699106
25951,LOF,0.22915035662781388,0.21505210598256697,0.5557975373896192
25952,LOF,0.04840666698722381,0.45601341138744156,0.4955799216253345
25953,LOF,0.14840533016150234,0.11009776226519417,0.7414969075733034
25954,Neutral,0.46265726065239615,0.1552183978076678,0.382124341539936
25955,LOF,0.05736638658486398,0.08206299228746067,0.8605706211276754
25956,LOF,0.17537771209734007,0.12049624773407167,0.7041260401685882
25957,LOF,0.03647406361003292,0.03403136770572885,0.9294945686842383
25958,LOF,0.06280024276615521,0.029678663819444284,0.9075210934144005
25959,LOF,0.07424851423382815,0.39496914263950145,0.5307823431266704
25960,LOF,0.01809797510757697,0.05372113021442418,0.9281808946779988
25961,LOF,0.051426758270624824,0.03264532025443357,0.9159279214749416
25962,LOF,0.05573668989552416,0.02844656262555645,0.9158167474789194
25963,LOF,0.05179824858945139,0.17343087381780736,0.7747708775927413
25964,LOF,0.038935773438745595,0.14583621518079087,0.8152280113804634
25965,Neutral,0.4711365755250244,0.08226779888624104,0.44659562558873467
25966,Neutral,0.4855234210710466,0.09206830235177466,0.4224082765771788
25967,LOF,0.01270885663455412,0.058713025846302176,0.9285781175191437
25968,LOF,0.026349178582660813,0.4094726389916516,0.5641781824256876
25969,LOF,0.03034483001391265,0.04943252620467985,0.9202226437814075
25970,LOF,0.05938136834976873,0.06082685205101027,0.8797917795992211
25971,LOF,0.07373897894370435,0.01734909510039697,0.9089119259558986
25972,LOF,0.07347802082097585,0.023299598085092094,0.9032223810939319
25973,LOF,0.06316274620634216,0.009806097286582355,0.9270311565070756
25974,LOF,0.19851592309573993,0.017213890525465746,0.7842701863787943
25975,LOF,0.0464836182555588,0.030048291162040653,0.9234680905824005
25976,LOF,0.043892335250731405,0.014925380369893188,0.9411822843793753
25977,LOF,0.15640476195969638,0.10279626339772531,0.7407989746425784
25978,LOF,0.14266677254523946,0.07438005017423394,0.7829531772805267
25979,LOF,0.13500071679809114,0.07534317171890192,0.789656111483007
25980,LOF,0.21402537537583052,0.10232177852670815,0.6836528460974614
25981,LOF,0.2490331060501883,0.09923420556460381,0.6517326883852079
25982,LOF,0.428060166638489,0.0553128291827266,0.5166270041787845
25983,LOF,0.4118001924775884,0.06579416835217355,0.522405639170238
25984,LOF,0.05136753342820359,0.04302319700319076,0.9056092695686057
25985,LOF,0.036453886807782214,0.2111086349620756,0.7524374782301422
25986,LOF,0.038055517496574404,0.2731925599298494,0.6887519225735762
25987,LOF,0.08378769570973152,0.07048879590544918,0.8457235083848194
25988,LOF,0.15030507942114255,0.051873841860229954,0.7978210787186275
25989,LOF,0.03093263252289241,0.0875127788573746,0.8815545886197331
25990,LOF,0.043211573321178094,0.10860852917331837,0.8481798975055035
25991,LOF,0.12436914573179995,0.30738359693100725,0.5682472573371928
25992,LOF,0.2859611873848602,0.1680031583946668,0.546035654220473
25993,LOF,0.020839872503911692,0.10018042995735461,0.8789796975387337
25994,LOF,0.015843817197359018,0.1439764711176211,0.8401797116850198
25995,LOF,0.023466494777064303,0.2767338834139376,0.6997996218089981
25996,GOF,0.31241078643853665,0.4608990231459352,0.2266901904155281
25997,LOF,0.069749847431821,0.45984267988186195,0.47040747268631705
25998,Neutral,0.5440077274915881,0.014613996823923328,0.4413782756844886
25999,LOF,0.11552414233815218,0.0852079609275504,0.7992678967342973
26000,LOF,0.1565307378386065,0.04528644130800865,0.7981828208533849
26001,LOF,0.19255224292380704,0.04255855329170996,0.764889203784483
26002,LOF,0.15117314497548553,0.047896578895859486,0.8009302761286551
26003,GOF,0.011343844784061075,0.5659737265480819,0.42268242866785705
26004,GOF,0.018726766185540793,0.636131578510945,0.3451416553035141
26005,LOF,0.008252091856321244,0.42803861728389625,0.5637092908597826
26006,Neutral,0.5214830613963317,0.24213176416045665,0.23638517444321153
26007,GOF,0.024686593893559688,0.5403469523840951,0.4349664537223452
26008,GOF,0.017476688699293277,0.6058173641274344,0.3767059471732725
26009,GOF,0.021316962722361946,0.654624766697055,0.32405827058058306
26010,GOF,0.02767420734322196,0.6552893647279632,0.3170364279288148
26011,LOF,0.007126577499089054,0.4415234878325866,0.5513499346683243
26012,GOF,0.013730910466853267,0.5465499906652637,0.4397190988678831
26013,GOF,0.019893894623459207,0.5955135832707951,0.38459252210574585
26014,LOF,0.0402731132915278,0.10233648922241655,0.8573903974860556
26015,LOF,0.24434666015374598,0.0103046678205008,0.7453486720257533
26016,LOF,0.1971171987726144,0.04953853839895066,0.7533442628284349
26017,LOF,0.19898958155340338,0.08278223846028221,0.7182281799863145
26018,LOF,0.09215250122227961,0.02802944781315987,0.8798180509645606
26019,LOF,0.08762978691054056,0.022194424425474358,0.890175788663985
26020,LOF,0.06836827938048148,0.09847593868784113,0.8331557819316774
26021,LOF,0.04504793262579367,0.1075977876127448,0.8473542797614615
26022,LOF,0.010702156107526034,0.03393020708115876,0.9553676368113152
26023,LOF,0.10613720722851806,0.019582209103856347,0.8742805836676255
26024,LOF,0.030834661417036814,0.11633294794147318,0.85283239064149
26025,LOF,0.15741992931712354,0.08860092072124524,0.7539791499616313
26026,LOF,0.33575180281866795,0.025385521557879282,0.6388626756234527
26027,LOF,0.08210698483839925,0.014932400987780819,0.90296061417382
26028,LOF,0.17731904251237407,0.06734301340740866,0.7553379440802171
26029,LOF,0.07038094973496001,0.21857411886764713,0.7110449313973929
26030,LOF,0.024162881826295682,0.07381285613730866,0.9020242620363957
26031,LOF,0.026280895571450236,0.14958562920413743,0.8241334752244124
26032,LOF,0.06271974833234217,0.08507994622118394,0.8522003054464738
26033,LOF,0.11141892171221258,0.10796873375779666,0.7806123445299907
26034,LOF,0.0453025746203642,0.1708855416754069,0.7838118837042288
26035,LOF,0.0271786494226924,0.14774582197069622,0.8250755286066113
26036,LOF,0.03965312475526495,0.17790529906829106,0.7824415761764439
26037,LOF,0.022785476986598056,0.12215114448911432,0.8550633785242876
26038,LOF,0.05885208397989356,0.09200508480884868,0.8491428312112578
26039,LOF,0.05071018482361956,0.15317856717791992,0.7961112479984604
26040,LOF,0.1871436482186784,0.14875789552586433,0.6640984562554573
26041,LOF,0.022853166247898387,0.11718817221288859,0.8599586615392131
26042,LOF,0.021907000367607402,0.1095689749952193,0.8685240246371733
26043,LOF,0.058832177846730935,0.10357564670349911,0.8375921754497699
26044,LOF,0.020927717518700522,0.08565921292055102,0.8934130695607485
26045,LOF,0.06941765288985303,0.10160536869005501,0.828976978420092
26046,LOF,0.059442373972728606,0.1036213426133556,0.8369362834139157
26047,LOF,0.08267634860961459,0.10855715002742326,0.8087665013629621
26048,LOF,0.0474042156379566,0.05120341972734486,0.9013923646346986
26049,Neutral,0.9595521010102785,0.009163407320854172,0.0312844916688674
26050,Neutral,0.9421803342176768,0.011663507314483602,0.0461561584678396
26051,LOF,0.045167706487432964,0.22492368871794402,0.729908604794623
26052,LOF,0.0625746350211401,0.27008452848331893,0.6673408364955409
26053,LOF,0.05407059571314238,0.1402204052967757,0.805708998990082
26054,LOF,0.0559901952945377,0.01689883128402413,0.9271109734214383
26055,LOF,0.07517049797262873,0.01360689504635558,0.9112226069810156
26056,LOF,0.0607586085468766,0.01528162628554361,0.9239597651675797
26057,LOF,0.029567039015544836,0.01135538282129536,0.9590775781631597
26058,LOF,0.03061296010422337,0.008916319477528783,0.9604707204182478
26059,LOF,0.2846973861555853,0.021882657829713804,0.6934199560147009
26060,LOF,0.03674416899110748,0.17465333313058232,0.7886024978783102
26061,LOF,0.01841417722818317,0.009639785525242995,0.9719460372465737
26062,LOF,0.010653709538747638,0.01588382877480998,0.9734624616864423
26063,LOF,0.023022906014615412,0.01161106322441272,0.9653660307609719
26064,LOF,0.020836326681686734,0.01816158827787907,0.9610020850404342
26065,LOF,0.026023626889126624,0.009783087342379605,0.9641932857684938
26066,LOF,0.021494008590206996,0.0103624786313641,0.9681435127784289
26067,LOF,0.02850387461797652,0.00853330109007983,0.9629628242919436
26068,LOF,0.04846400116866022,0.028995317720619605,0.9225406811107201
26069,LOF,0.23703701289041873,0.017404740712564325,0.7455582463970171
26070,LOF,0.39057562731995826,0.01505712655046097,0.5943672461295807
26071,LOF,0.02572637581109861,0.011930115369207385,0.9623435088196939
26072,LOF,0.023273623780543994,0.015625398935135204,0.9611009772843208
26073,LOF,0.025764113197906394,0.01061333984052213,0.9636225469615716
26074,Neutral,0.9065085894715361,0.005260279794335811,0.08823113073412799
26075,LOF,0.04499911161971345,0.013894543075271984,0.9411063453050147
26076,LOF,0.04710234369752608,0.008597594240536018,0.944300062061938
26077,LOF,0.010754605569673106,0.01623433309990161,0.9730110613304253
26078,LOF,0.01435719489547106,0.011089128794107428,0.9745536763104216
26079,LOF,0.057884980609999144,0.015675595456294492,0.9264394239337064
26080,LOF,0.05710066663675432,0.015748424532150387,0.9271509088310954
26081,LOF,0.038065507380168846,0.006030881583815517,0.9559036110360156
26082,LOF,0.014783672222581336,0.014633985539847684,0.970582342237571
26083,LOF,0.13499347132630157,0.012520903538212728,0.8524856251354858
26084,LOF,0.03028635780784889,0.011233849639191516,0.9584797925529596
26085,LOF,0.025669467212650253,0.01074382916017432,0.9635867036271754
26086,LOF,0.024416794622992163,0.011295265228516824,0.9642879401484911
26087,LOF,0.028479585123653627,0.007915842863775262,0.9636045720125711
26088,LOF,0.016717738036298953,0.023188203301072786,0.9600940586626282
26089,LOF,0.04653018129770345,0.021448015222887463,0.9320218034794091
26090,LOF,0.04522943645781098,0.016359776107342943,0.9384107874348461
26091,LOF,0.03869068400535551,0.006119008126095489,0.955190307868549
26092,LOF,0.029191628988335855,0.007672747907676096,0.963135623103988
26093,LOF,0.0416521697843723,0.005712836821607067,0.9526349933940206
26094,LOF,0.043045034689593746,0.006174696839799198,0.9507802684706069
26095,LOF,0.046012030993097044,0.012373785614539992,0.9416141833923629
26096,LOF,0.018856576897111548,0.012152325853238938,0.9689910972496496
26097,LOF,0.012265676972586376,0.03665430074836208,0.9510800222790516
26098,LOF,0.07288005797458642,0.009847880695266412,0.917272061330147
26099,LOF,0.026141729925833863,0.011128731400402332,0.9627295386737639
26100,LOF,0.02816130924971198,0.010953648318075382,0.9608850424322127
26101,LOF,0.0585470814327939,0.012956263319829402,0.9284966552473767
26102,LOF,0.02500064194098426,0.01325354677814094,0.9617458112808749
26103,Neutral,0.8859874449307358,0.01714435687412741,0.09686819819513681
26104,LOF,0.07630725686273532,0.023343775053073872,0.9003489680841908
26105,LOF,0.2002585990914483,0.29138583183146016,0.5083555690770915
26106,LOF,0.2246968034581719,0.11896826152410966,0.6563349350177184
26107,LOF,0.22272094197085027,0.0903258808342389,0.6869531771949109
26108,LOF,0.24380761299846465,0.11381470234597901,0.6423776846555563
26109,LOF,0.11083256109640428,0.07122711038706796,0.8179403285165279
26110,LOF,0.31120124770351704,0.008565496759917277,0.6802332555365656
26111,Neutral,0.48784295953206364,0.024765354655042045,0.4873916858128943
26112,LOF,0.03379058402699447,0.008137596522148925,0.9580718194508566
26113,LOF,0.05019356026436374,0.016182692922691866,0.9336237468129444
26114,LOF,0.025371362410283985,0.015974945095414014,0.958653692494302
26115,LOF,0.08984511050623423,0.03523928193110329,0.8749156075626625
26116,LOF,0.06105979332527462,0.03236607305288433,0.906574133621841
26117,LOF,0.44904445117276115,0.04668166367769587,0.504273885149543
26118,LOF,0.03742697700628408,0.02569934057124337,0.9368736824224726
26119,LOF,0.0255981209387847,0.03603591249928001,0.9383659665619353
26120,LOF,0.031145497071754725,0.025416002343482295,0.943438500584763
26121,LOF,0.04034216800398475,0.08917421129402893,0.8704836207019864
26122,LOF,0.04900030903440936,0.03988521703741843,0.9111144739281721
