feature0,prediction,LoGoFunc_Neutral,LoGoFunc_GOF,LoGoFunc_LOF
25546,Neutral,0.6094762103648198,0.05408456969710808,0.33643921993807213
25547,Neutral,0.46368136869828275,0.1038810475691757,0.43243758373254154
25548,Neutral,0.48126376178416097,0.0831911194546373,0.4355451187612018
25549,LOF,0.4135030909714392,0.08427070690042099,0.5022262021281398
25550,LOF,0.3472892362613491,0.09936658828516312,0.5533441754534877
25551,LOF,0.3160329193832781,0.11095802882767224,0.5730090517890497
25552,LOF,0.2718661212553655,0.11680578982485464,0.6113280889197799
25553,Neutral,0.7933298471907858,0.04146088129234894,0.16520927151686518
25554,LOF,0.3117158925454997,0.10565137132207435,0.582632736132426
25555,LOF,0.2638038737065935,0.09829213025954646,0.63790399603386
25556,LOF,0.4475331009883816,0.08882164527463188,0.46364525373698645
25557,LOF,0.24985855018498884,0.10619093968826035,0.6439505101267508
25558,LOF,0.307116945496249,0.10064668415311606,0.5922363703506349
25559,LOF,0.2426417539400043,0.13666331720878816,0.6206949288512075
25560,LOF,0.1647456039906029,0.11671374754030021,0.7185406484690968
25561,LOF,0.164624599855825,0.13134619676010137,0.7040292033840737
25562,LOF,0.07577489821183,0.08014417347939506,0.844080928308775
25563,LOF,0.025739262778370985,0.13954982132824914,0.8347109158933799
25564,LOF,0.2019288241747784,0.13256097926848515,0.6655101965567366
25565,LOF,0.22192331864320614,0.14342341360771188,0.6346532677490819
25566,GOF,0.10516763970346037,0.6570249063444843,0.23780745395205538
25567,LOF,0.04044366691873473,0.16355527580143459,0.7960010572798307
25568,LOF,0.06656475785766518,0.08828744876461343,0.8451477933777214
25569,LOF,0.06237403455077593,0.09019596265836667,0.8474300027908573
25570,LOF,0.028204199460785468,0.10719792559557509,0.8645978749436394
25571,LOF,0.026074560430671103,0.1157791678371168,0.8581462717322121
25572,LOF,0.059580635717706575,0.13396941024783698,0.8064499540344564
25573,LOF,0.06739628945942862,0.10909700805659059,0.8235067024839807
25574,LOF,0.0593052196800529,0.22457606901036634,0.7161187113095807
25575,LOF,0.02337261667162583,0.127090122751046,0.8495372605773281
25576,LOF,0.02952034611946905,0.16950053341590565,0.8009791204646252
25577,LOF,0.03169672435054204,0.13132451703329434,0.8369787586161637
25578,LOF,0.31287640752127016,0.100304483223563,0.5868191092551668
25579,LOF,0.15169743259202892,0.10734926552287063,0.7409533018851003
25580,LOF,0.021958277526089698,0.09612031284742172,0.8819214096264887
25581,LOF,0.061608141075644836,0.08284883348712876,0.8555430254372265
25582,LOF,0.061830782703274,0.08079781516165681,0.8573714021350692
25583,LOF,0.024159418817188902,0.08977928372419908,0.886061297458612
25584,Neutral,0.70231171671683,0.1370988329583157,0.16058945032485433
25585,LOF,0.02786421739598359,0.17752160982036608,0.7946141727836503
25586,LOF,0.019419181600539476,0.08247078459499242,0.8981100338044681
25587,LOF,0.01853048906274991,0.07235051229776167,0.9091189986394885
25588,LOF,0.021664320268665844,0.07684869178779423,0.9014869879435399
25589,Neutral,0.5193333058362746,0.23147818925343597,0.24918850491028952
25590,LOF,0.05036630098973374,0.14224504815976563,0.8073886508505006
25591,LOF,0.11080772508863203,0.07210321344271052,0.8170890614686575
25592,LOF,0.060017157154572176,0.1586772649225222,0.7813055779229057
25593,LOF,0.14914936323567338,0.2817286691617932,0.5691219676025334
25594,LOF,0.05162239816624514,0.06686756909174892,0.8815100327420059
25595,LOF,0.048019736864873055,0.048252696062990354,0.9037275670721365
25596,LOF,0.11004834823957023,0.026277657140545915,0.8636739946198838
25597,LOF,0.08655021671486793,0.03228269212840117,0.881167091156731
25598,LOF,0.053158309547084615,0.049245885696340586,0.8975958047565749
25599,LOF,0.01975385746668855,0.46950703788661696,0.5107391046466945
25600,GOF,0.1631164611691721,0.5146356241441785,0.3222479146866493
25601,LOF,0.03434906807080435,0.4101202772394594,0.5555306546897363
25602,LOF,0.0342003222892358,0.06021817959302715,0.9055814981177371
25603,LOF,0.03301974250009721,0.036776468182780846,0.930203789317122
25604,LOF,0.033871233282928404,0.07839279795694347,0.8877359687601281
25605,LOF,0.0384311645230434,0.19304850511752564,0.768520330359431
25606,LOF,0.41733591290456024,0.12065864692424783,0.46200544017119194
25607,LOF,0.028193868954606165,0.17222373035212465,0.7995824006932692
25608,LOF,0.03784030095357127,0.0665073678881834,0.8956523311582453
25609,GOF,0.14949653376241656,0.5209787692351528,0.3295246970024305
25610,LOF,0.016185841472044184,0.026390398289291163,0.9574237602386646
25611,LOF,0.014142257119859511,0.031118436509997193,0.9547393063701433
25612,LOF,0.04953297981614564,0.044391111183586705,0.9060759090002676
25613,LOF,0.0488858605785661,0.04379088643915698,0.9073232529822769
25614,LOF,0.022507849894669932,0.02434260064178677,0.9531495494635434
25615,LOF,0.045326406298554514,0.045945799656831994,0.9087277940446133
25616,LOF,0.05258847330777588,0.027337622325323593,0.9200739043669005
25617,LOF,0.04512422198361738,0.039051695347248915,0.9158240826691336
25618,LOF,0.05260729438788963,0.03309665091815009,0.9142960546939602
25619,LOF,0.013655281497682987,0.03220817275812289,0.9541365457441943
25620,LOF,0.06370256921327168,0.04330173956179139,0.892995691224937
25621,LOF,0.054765107718759684,0.03936710158197562,0.9058677906992647
25622,LOF,0.06346853702202505,0.03676454267581983,0.8997669203021552
25623,LOF,0.07131624320840288,0.032571566512064574,0.8961121902795325
25624,LOF,0.01941742193123701,0.03360068332305583,0.9469818947457073
25625,LOF,0.06117719263097192,0.04176196119917552,0.8970608461698526
25626,LOF,0.05044178371535203,0.04320715441080613,0.906351061873842
25627,Neutral,0.8964669225196488,0.021327666797138736,0.08220541068321237
25628,LOF,0.1508035426103639,0.06946176458844773,0.7797346928011885
25629,LOF,0.0747936640879599,0.05233478115999522,0.8728715547520449
25630,LOF,0.30160541337562513,0.08590901981514407,0.6124855668092308
25631,Neutral,0.5503586014568802,0.07069590886693934,0.3789454896761804
25632,LOF,0.025004830155151207,0.06382048566632179,0.9111746841785271
25633,LOF,0.16917950730823675,0.03736225960181586,0.7934582330899473
25634,LOF,0.033711033316721116,0.09522812518479688,0.8710608414984821
25635,LOF,0.03594401479386252,0.04210649612236342,0.921949489083774
25636,LOF,0.03154387945288791,0.45061714558564614,0.5178389749614659
25637,GOF,0.07775400123607461,0.5092523555412461,0.41299364322267923
25638,LOF,0.030308310723911002,0.35224603709589614,0.6174456521801929
25639,LOF,0.027804285998611785,0.3789856545860394,0.5932100594153489
25640,Neutral,0.7720874196667427,0.17987890993115235,0.04803367040210501
25641,GOF,0.057886011156613744,0.5376980900997251,0.4044158987436611
25642,LOF,0.05056704571443918,0.21094441418664525,0.7384885400989156
25643,LOF,0.1798947008760507,0.17489647332534394,0.6452088257986053
25644,LOF,0.023644382831170145,0.4740877226728807,0.5022678944959492
25645,LOF,0.0271091970658477,0.4334110166127863,0.5394797863213661
25646,LOF,0.05750550415287475,0.35625602289820635,0.586238472948919
25647,LOF,0.028322134209693015,0.30569648224327495,0.665981383547032
25648,LOF,0.039308546860776145,0.2831423368070911,0.6775491163321328
25649,LOF,0.01786732809596112,0.25660497662043935,0.7255276952835994
25650,LOF,0.05094517164598582,0.4275327305017369,0.5215220978522773
25651,LOF,0.018963039091305537,0.30362539717908477,0.6774115637296098
25652,LOF,0.039421447033652274,0.290403152447049,0.6701754005192988
25653,LOF,0.09130305268477702,0.4330501113950752,0.4756468359201477
25654,LOF,0.028262087567973566,0.26020094214429046,0.7115369702877359
25655,GOF,0.20962035441015958,0.4187588476770735,0.3716207979127669
25656,LOF,0.34772257298910625,0.06664806567568304,0.5856293613352107
25657,LOF,0.06663810852645048,0.06304525867204902,0.8703166328015005
25658,LOF,0.35816952468148217,0.06049910684534219,0.5813313684731757
25659,Neutral,0.5298944347730297,0.08747022060749376,0.38263534461947657
25660,LOF,0.021356822791829766,0.07691256265785043,0.9017306145503198
25661,LOF,0.10103267163908214,0.054885887494700074,0.8440814408662177
25662,LOF,0.03590357290002707,0.03096667489596379,0.9331297522040091
25663,LOF,0.04490723786521775,0.0436031871515908,0.9114895749831915
25664,LOF,0.1296047744977046,0.06459264770084434,0.805802577801451
25665,LOF,0.05446451538118863,0.030509187868544896,0.9150262967502666
25666,LOF,0.08528247905672001,0.06837925412980221,0.8463382668134778
25667,LOF,0.0737758025169389,0.03668798536223208,0.8895362121208289
25668,LOF,0.03904824042561009,0.04478148888296634,0.9161702706914235
25669,LOF,0.032918882340618766,0.0451446149955672,0.9219365026638141
25670,LOF,0.1381451604971768,0.05716138400490385,0.8046934554979195
25671,LOF,0.11842668884039559,0.0336343817890317,0.8479389293705728
25672,LOF,0.052207628427275395,0.04290601501860786,0.9048863565541166
25673,LOF,0.08557046946564852,0.04888282916423313,0.8655467013701184
25674,LOF,0.0742429158051034,0.06003379659340746,0.8657232876014891
25675,LOF,0.12259435190260047,0.059268348888567565,0.8181372992088319
25676,LOF,0.019418258104202814,0.05082957024444913,0.9297521716513479
25677,LOF,0.02686634153951195,0.06410303805916885,0.9090306204013191
25678,LOF,0.19281490201063783,0.06507642995669592,0.7421086680326662
25679,LOF,0.12091685373206258,0.08466282656051795,0.7944203197074196
25680,LOF,0.03511402242437432,0.10704323170471924,0.8578427458709064
25681,LOF,0.05492290770073569,0.10087341988815535,0.844203672411109
25682,LOF,0.1513981351883608,0.0705026993049571,0.778099165506682
25683,LOF,0.1193042484096162,0.10000644427404272,0.7806893073163411
25684,LOF,0.04459310396026632,0.06922841768584782,0.886178478353886
25685,LOF,0.142411803924004,0.05680387582311934,0.8007843202528767
25686,LOF,0.08024503762257532,0.08978839031001687,0.8299665720674079
25687,LOF,0.13703374899186954,0.09372402167745855,0.7692422293306719
25688,LOF,0.3436548072926618,0.031212543659324417,0.6251326490480138
25689,LOF,0.26532888643560476,0.03597713853572884,0.6986939750286663
25690,LOF,0.3595519348665564,0.025673198212194413,0.6147748669212492
25691,Neutral,0.7138636575539138,0.020635566876687658,0.26550077556939866
25692,LOF,0.3366632042092271,0.009147970218080299,0.6541888255726928
25693,LOF,0.05453886811444351,0.3998615478282813,0.5455995840572752
25694,LOF,0.11701596180088475,0.015506908193395365,0.8674771300057199
25695,LOF,0.11753823422555414,0.013698543744487712,0.8687632220299581
25696,LOF,0.14523176855410236,0.008087658488859388,0.8466805729570384
25697,LOF,0.08941957727950096,0.04438188976660986,0.8661985329538893
25698,LOF,0.3671614387831046,0.17328063924877862,0.45955792196811673
25699,LOF,0.4724881080233966,0.03629705577542677,0.49121483620117673
25700,LOF,0.07356792233532057,0.009358056920153537,0.9170740207445259
25701,LOF,0.15419174230829,0.053080880293346414,0.7927273773983636
25702,GOF,0.18995224453673581,0.5787899590645356,0.23125779639872868
25703,LOF,0.01465657507591445,0.14543392624793833,0.8399094986761473
25704,LOF,0.041491902258447365,0.09704786538366754,0.8614602323578852
25705,LOF,0.050984408870403695,0.16876008070003645,0.7802555104295598
25706,LOF,0.10198737080121452,0.4478824342871125,0.4501301949116729
25707,LOF,0.0939542857922981,0.3740081984326557,0.5320375157750462
25708,LOF,0.030332124804711424,0.32117374703347423,0.6484941281618143
25709,LOF,0.06810161145966959,0.04748231144335021,0.8844160770969801
25710,LOF,0.011670311491375335,0.16349307168923113,0.8248366168193935
25711,LOF,0.019931003808874827,0.10673771973444225,0.8733312764566828
25712,LOF,0.014107541336440838,0.20535826440153135,0.7805341942620277
25713,LOF,0.019522443000772955,0.10018338738501707,0.88029416961421
25714,LOF,0.08078139356614068,0.09624437660385486,0.8229742298300043
25715,LOF,0.011928001300329115,0.16740969274741624,0.8206623059522546
25716,LOF,0.012319804068619732,0.13600086252296742,0.8516793334084128
25717,LOF,0.01173497946414879,0.09435055103765322,0.8939144694981979
25718,LOF,0.013050961889945471,0.11646029404915845,0.870488744060896
25719,LOF,0.018902642613613962,0.08740524497673564,0.8936921124096503
25720,LOF,0.023998857989848448,0.07886398536094388,0.8971371566492076
25721,LOF,0.01571600187302666,0.14058289100870305,0.8437011071182702
25722,LOF,0.014547476114001203,0.15445131737560217,0.8310012065103966
25723,LOF,0.02356286854188362,0.05123736263485195,0.9251997688232645
25724,LOF,0.030253308055661943,0.0968673264774332,0.8728793654669049
25725,LOF,0.01238997546189436,0.07551383095888425,0.9120961935792213
25726,LOF,0.015993490465531928,0.12343154553715797,0.8605749639973101
25727,LOF,0.013425831167487691,0.09266823073052087,0.8939059381019915
25728,LOF,0.010302760479161156,0.14008497659951952,0.8496122629213194
25729,LOF,0.010714483039657862,0.1405362271137868,0.8487492898465554
25730,LOF,0.014643412985556617,0.09844686587237837,0.8869097211420649
25731,LOF,0.020493745113232077,0.11854933250509139,0.8609569223816766
25732,LOF,0.014663888111600363,0.09863964959734882,0.8866964622910508
25733,LOF,0.016267455405727188,0.08259490277897885,0.9011376418152939
25734,LOF,0.012130961013292661,0.13325761909584416,0.8546114198908632
25735,LOF,0.014252191150669278,0.09690990317718215,0.8888379056721486
25736,LOF,0.015349273668637989,0.1140907953689569,0.870559930962405
25737,LOF,0.01264022624891393,0.09473341616388362,0.8926263575872024
25738,LOF,0.012455117537408878,0.1261236096744662,0.8614212727881249
25739,LOF,0.022580629825744786,0.08690906005528193,0.8905103101189732
25740,LOF,0.02634036375970495,0.12800810666026474,0.8456515295800302
25741,LOF,0.01558499263066677,0.13042809544551248,0.8539869119238208
25742,LOF,0.12098893665417149,0.0957405304838315,0.783270532861997
25743,LOF,0.03145044708398116,0.03880483676007057,0.9297447161559483
25744,Neutral,0.5729230404433692,0.21151354815766799,0.21556341139896282
25745,LOF,0.07662287716953427,0.06399608784683625,0.8593810349836296
25746,LOF,0.04313583462505762,0.07610035975260256,0.8807638056223397
25747,LOF,0.02036351169719793,0.05187463061869802,0.9277618576841039
25748,LOF,0.0910374755520256,0.07433672087578944,0.8346258035721849
25749,LOF,0.0257659320745236,0.07273253537419423,0.9015015325512822
25750,LOF,0.08896139661940063,0.08279361755838145,0.828244985822218
25751,LOF,0.09632177887725511,0.09596157556481487,0.80771664555793
25752,GOF,0.113223270383135,0.647814617966135,0.23896211165073006
25753,LOF,0.01916646974680569,0.274083448304334,0.7067500819488604
25754,GOF,0.011194289630597983,0.7965915788210214,0.19221413154838057
25755,LOF,0.02091378603116072,0.38125901318507655,0.5978272007837627
25756,LOF,0.04318398433501634,0.34327986767726476,0.6135361479877188
25757,GOF,0.015056374551432408,0.8252966130281844,0.1596470124203833
25758,GOF,0.02799658644733702,0.8050879970344447,0.16691541651821834
25759,GOF,0.01118581873111785,0.5672621909172386,0.42155199035164354
25760,LOF,0.011539200708136193,0.2553519780457167,0.7331088212461471
25761,GOF,0.25469468845747034,0.650097536850097,0.09520777469243275
25762,LOF,0.037811143328346355,0.24357454041274873,0.7186143162589049
25763,LOF,0.013038955846563885,0.1915118922943226,0.7954491518591136
25764,GOF,0.07292434754153904,0.6198210651925313,0.30725458726592964
25765,GOF,0.03883521527612453,0.7323358149767258,0.22882896974714964
25766,GOF,0.061659419512681,0.7456789645538384,0.1926616159334806
25767,GOF,0.1475416703839718,0.5330456937175313,0.31941263589849683
25768,LOF,0.10826425869726741,0.060262070558179386,0.8314736707445531
25769,LOF,0.05839026610584,0.06285043602853665,0.8787592978656233
25770,LOF,0.3165099228938025,0.11388352395888644,0.5696065531473111
25771,LOF,0.044139475917214184,0.04890616159551884,0.906954362487267
25772,LOF,0.01938743936386741,0.044598759336448225,0.9360138012996844
25773,LOF,0.04391305439365835,0.10439155213660248,0.8516953934697392
25774,LOF,0.028272052396575924,0.07976841820038334,0.8919595294030408
25775,LOF,0.050410608370832444,0.044839977219916886,0.9047494144092507
25776,LOF,0.08156512195019068,0.025410568406199454,0.8930243096436099
25777,LOF,0.39107687734358704,0.058471275030093764,0.5504518476263192
25778,LOF,0.07355441535499557,0.04933611746487031,0.8771094671801342
25779,GOF,0.3525255679032563,0.6075973008789661,0.039877131217777625
25780,GOF,0.3207560548859659,0.6172211725406642,0.06202277257336974
25781,GOF,0.12020126129700989,0.7815448652281526,0.09825387347483755
25782,GOF,0.20358602946438212,0.7322210391751436,0.06419293136047433
25783,GOF,0.02356962054465099,0.6413878970537921,0.335042482401557
25784,GOF,0.4752327200873128,0.48780060669893927,0.036966673213748066
25785,GOF,0.4443631304494766,0.5234104719226943,0.03222639762782911
25786,GOF,0.025394987172349122,0.7904041062083628,0.18420090661928828
25787,Neutral,0.6127075587816421,0.3668084947311997,0.020483946487158167
25788,LOF,0.05645291296211457,0.12105038823622018,0.8224966988016652
25789,GOF,0.20988358137531066,0.6745133912913566,0.11560302733333283
25790,GOF,0.18961964114644447,0.7176528383493169,0.09272752050423864
25791,GOF,0.16661977719004203,0.7032803103450186,0.13009991246493924
25792,GOF,0.3525229775935886,0.5490045805832287,0.09847244182318267
25793,GOF,0.2383942416858513,0.5668482242113888,0.19475753410276003
25794,GOF,0.3188443245243857,0.5238365536458744,0.1573191218297398
25795,GOF,0.07678790694517214,0.6964636056544815,0.22674848740034625
25796,Neutral,0.5511931922856029,0.37665321223572673,0.07215359547867045
25797,GOF,0.0791442932761236,0.5674379479442241,0.3534177587796523
25798,GOF,0.009622234742172662,0.5401030297410077,0.4502747355168197
25799,LOF,0.006968527309444469,0.42450794311115875,0.5685235295793968
25800,GOF,0.028401775254002972,0.6318053667675418,0.33979285797845515
25801,GOF,0.20035535529610696,0.6934290720998967,0.10621557260399643
25802,GOF,0.07265073781385391,0.7192104593004435,0.20813880288570255
25803,GOF,0.03162926621477378,0.620216701462742,0.3481540323224841
25804,GOF,0.030211099153411063,0.5370350403155194,0.4327538605310695
25805,GOF,0.09873183615995378,0.6295800061293987,0.27168815771064764
25806,GOF,0.10427418181634247,0.654832239765884,0.2408935784177736
25807,GOF,0.018364816849508497,0.6627886743732536,0.31884650877723797
25808,GOF,0.07923317261226696,0.6921269889201622,0.22863983846757086
25809,GOF,0.01923636124636858,0.6254932083912056,0.35527043036242595
25810,GOF,0.01689815338863448,0.6572962490749227,0.32580559753644295
25811,GOF,0.42159910617159085,0.5168463732264952,0.061554520601913916
25812,GOF,0.03691944159197372,0.6804260751836584,0.28265448322436804
25813,Neutral,0.5057785476932062,0.4135690483134293,0.08065240399336449
25814,GOF,0.11254254850928652,0.693817138864157,0.19364031262655662
25815,GOF,0.1866293898803217,0.6538349302568971,0.15953567986278122
25816,GOF,0.02222738527633395,0.7135049777892135,0.2642676369344524
25817,GOF,0.2107120219669055,0.6791933631436263,0.11009461488946816
25818,GOF,0.048861771615667356,0.6736185274474276,0.2775197009369052
25819,GOF,0.3430825950525045,0.5144888818484117,0.14242852309908385
25820,GOF,0.1772051061400433,0.6154977179057239,0.20729717595423275
25821,GOF,0.06210627695538603,0.6805174112001832,0.25737631184443077
25822,GOF,0.21122977550654054,0.5627874448579515,0.22598277963550792
25823,GOF,0.03422794532519615,0.5351872116305025,0.4305848430443013
25824,GOF,0.08243155061625382,0.5756773019293907,0.34189114745435556
25825,GOF,0.03412143608944567,0.5746569894734265,0.3912215744371278
25826,GOF,0.013397181713819957,0.5524642030976633,0.4341386151885168
25827,GOF,0.020485381538249657,0.6210521347089468,0.35846248375280343
25828,GOF,0.012304920229046048,0.5366909870820361,0.45100409268891783
25829,GOF,0.006474137958425295,0.5968139195176773,0.39671194252389747
25830,LOF,0.03580485064126846,0.36170380628855736,0.6024913430701742
25831,GOF,0.17843754297493522,0.7176564091681944,0.10390604785687031
25832,GOF,0.029180937600505434,0.7019277362352315,0.26889132616426303
25833,GOF,0.11745430491843728,0.7195214148927573,0.16302428018880533
25834,GOF,0.0335323352365751,0.7124046230056438,0.25406304175778116
25835,GOF,0.07292717079163241,0.7553102289065441,0.17176260030182364
25836,GOF,0.03602582259682871,0.6999513182265028,0.26402285917666857
25837,GOF,0.03195928470561293,0.6047568416568588,0.36328387363752823
25838,GOF,0.0914757064168457,0.7698495528020706,0.13867474078108363
25839,GOF,0.2795739629858429,0.5933837445351253,0.12704229247903182
25840,GOF,0.21799101439456822,0.6625930664779504,0.11941591912748145
25841,GOF,0.23994771891928274,0.6532506400028205,0.10680164107789679
25842,GOF,0.17487630426857623,0.7020555989473022,0.12306809678412158
25843,GOF,0.23924397316464946,0.6705643878956851,0.09019163893966561
25844,GOF,0.059997282113430285,0.7161202875336073,0.22388243035296246
25845,GOF,0.016715166348564993,0.5073929806368496,0.4758918530145854
25846,GOF,0.11359300770734648,0.7509448208702356,0.13546217142241793
25847,GOF,0.11576752865719059,0.7888703851147177,0.09536208622809159
25848,GOF,0.034578716692836735,0.7307371016078569,0.23468418169930652
25849,GOF,0.011332157081863458,0.6252997869452398,0.3633680559728968
25850,GOF,0.022837016416549036,0.6588514909443516,0.31831149263909936
25851,GOF,0.017377513465028253,0.5490480632045606,0.43357442333041124
25852,GOF,0.16650452056460893,0.5870360454433143,0.2464594339920767
25853,GOF,0.32608358641494023,0.6079183222929613,0.0659980912920985
25854,GOF,0.021743050288496997,0.6496535737969147,0.32860337591458827
25855,GOF,0.03666050828243345,0.5768151322117016,0.386524359505865
25856,GOF,0.24465302565019165,0.5536643284896305,0.20168264586017784
25857,GOF,0.03750421177763779,0.5061343195078585,0.4563614687145038
25858,GOF,0.018195698257337176,0.5640539069676141,0.41775039477504866
25859,GOF,0.010660297573912951,0.5502516807173865,0.43908802170870054
25860,GOF,0.35629567123161004,0.5729237010758707,0.07078062769251925
25861,GOF,0.4012319073955655,0.5311420942797486,0.0676259983246859
25862,GOF,0.08519288915669154,0.7993463158509098,0.1154607949923986
25863,GOF,0.08551074970840454,0.7988310466682659,0.11565820362332953
25864,GOF,0.1748808084683237,0.759346391700805,0.06577279983087146
25865,GOF,0.0823285978327206,0.8255232639090822,0.09214813825819719
25866,GOF,0.0650516020814864,0.8132156436391189,0.1217327542793947
25867,GOF,0.07796904306431386,0.8338131423056999,0.08821781462998614
25868,GOF,0.26467103153162,0.6456489200105525,0.08968004845782752
25869,Neutral,0.6908477133025311,0.27531441282122376,0.03383787387624514
25870,GOF,0.3005629925119663,0.4108250450300944,0.28861196245793935
25871,GOF,0.1860975293861792,0.6624469306842345,0.15145553992958627
25872,GOF,0.07216382355121632,0.6864341781843311,0.24140199826445266
25873,GOF,0.12434302149295733,0.7175163692430319,0.15814060926401086
25874,LOF,0.017891521038977443,0.12952936507100107,0.8525791138900214
25875,LOF,0.10671511667182067,0.034548428165478054,0.8587364551627013
25876,LOF,0.03501029664349283,0.03429006459635584,0.9306996387601513
25877,Neutral,0.5191220410987499,0.041825139904247494,0.4390528189970026
25878,LOF,0.2456797665379978,0.06677181394748832,0.687548419514514
25879,LOF,0.09024116778648182,0.07576612650800503,0.8339927057055131
25880,LOF,0.02403172519195334,0.015582424230796487,0.9603858505772502
25881,LOF,0.1727708705070719,0.11483498217288612,0.7123941473200419
25882,LOF,0.06475567993317506,0.01557094006195607,0.919673380004869
25883,LOF,0.07858542569333525,0.01938536979058716,0.9020292045160775
25884,LOF,0.03197999970387527,0.030247699369790795,0.9377723009263339
25885,LOF,0.06579653916643752,0.012254489881765342,0.9219489709517972
25886,LOF,0.2628881399801329,0.03476836090012772,0.7023434991197394
25887,LOF,0.17022131790830972,0.0626249873957832,0.767153694695907
25888,LOF,0.07360492060567697,0.058272797322082744,0.8681222820722404
25889,LOF,0.04376494679707226,0.021954021146457843,0.93428103205647
25890,LOF,0.05854012479948685,0.1487634764300878,0.7926963987704252
25891,LOF,0.04103282001502421,0.053608656374355954,0.9053585236106199
25892,LOF,0.08851813867764673,0.021842290996352046,0.8896395703260012
25893,LOF,0.22658201182271812,0.019736397042323068,0.7536815911349588
25894,LOF,0.17465553118466642,0.01238548896733271,0.8129589798480008
25895,LOF,0.1912691185580756,0.019278673161178875,0.7894522082807455
25896,LOF,0.049478126728651546,0.029950608253507354,0.920571265017841
25897,LOF,0.25694111914268314,0.012517013106789682,0.7305418677505272
25898,Neutral,0.6994545006086761,0.010594551258648374,0.2899509481326755
25899,LOF,0.1990375621111685,0.024088283292744803,0.7768741545960868
25900,LOF,0.4096125652788325,0.018954952925560518,0.571432481795607
25901,LOF,0.04442723937160429,0.014322985861615518,0.9412497747667802
25902,LOF,0.15923673031158064,0.015427733275535992,0.8253355364128833
25903,Neutral,0.5331696896666441,0.029055940062591684,0.4377743702707642
25904,LOF,0.24959845119402727,0.06010610204093747,0.6902954467650353
25905,LOF,0.022486066977023333,0.33944371064320106,0.6380702223797757
25906,LOF,0.02705563657946181,0.06485228748145264,0.9080920759390855
25907,LOF,0.013070890859248297,0.34896410989825427,0.6379649992424974
25908,LOF,0.009535856023006625,0.24373164710380268,0.7467324968731907
25909,LOF,0.014227659511628458,0.13214571808043774,0.8536266224079339
25910,LOF,0.052459320834459984,0.12260730994519925,0.8249333692203408
25911,LOF,0.171974174736891,0.022719683517013013,0.8053061417460959
25912,LOF,0.04838284785641318,0.040105569364168085,0.9115115827794188
25913,LOF,0.29938218806439526,0.019439995445508722,0.681177816490096
25914,LOF,0.02104420839556239,0.08420274826276737,0.8947530433416703
25915,Neutral,0.5138714557486703,0.2635745599835922,0.2225539842677375
25916,LOF,0.0660011834935243,0.32158405762385317,0.6124147588826225
25917,LOF,0.06554883544545154,0.06358132045404452,0.8708698441005039
25918,LOF,0.026430623157487364,0.05752171579868711,0.9160476610438256
25919,LOF,0.022996530349022253,0.06227951753071967,0.9147239521202581
25920,GOF,0.09626310182495977,0.5510922881644136,0.3526446100106267
25921,LOF,0.022277834178156427,0.029080429601364758,0.9486417362204788
25922,LOF,0.032479648838855804,0.021249093667173074,0.9462712574939712
25923,LOF,0.4061795755035068,0.023647139966310952,0.5701732845301822
25924,LOF,0.0361793496320878,0.041230401085891606,0.9225902492820206
25925,LOF,0.06645256611732948,0.029885855133417544,0.903661578749253
25926,LOF,0.049152593836803975,0.024721571225383404,0.9261258349378125
25927,LOF,0.06629514164506083,0.08114851576034682,0.8525563425945925
25928,LOF,0.017873160035602582,0.04067516123996449,0.9414516787244329
25929,Neutral,0.5236420006497285,0.025699650051231045,0.4506583492990404
25930,LOF,0.051649824563131594,0.023129839778654338,0.9252203356582142
25931,LOF,0.02531446197347618,0.02442167290551517,0.9502638651210086
25932,LOF,0.025681565255157367,0.020557250982551914,0.9537611837622907
25933,LOF,0.03685171001866982,0.014856665913977246,0.9482916240673529
25934,LOF,0.023938014549707315,0.017419146116681078,0.9586428393336117
25935,LOF,0.06047290863689713,0.03558096805620207,0.9039461233069008
25936,LOF,0.04181083249572938,0.017912611373500763,0.9402765561307699
25937,LOF,0.02502158824336983,0.02838812934118068,0.9465902824154495
25938,LOF,0.06262242384107808,0.03539618299812283,0.9019813931607991
25939,LOF,0.04189826041472258,0.015172910691356071,0.9429288288939214
25940,LOF,0.030336941498509153,0.39936389591259874,0.5702991625888921
25941,LOF,0.19773919170939389,0.09241794746075739,0.7098428608298487
25942,LOF,0.015248475583329429,0.037122881687301594,0.9476286427293691
25943,LOF,0.30779714434665706,0.0657631050746791,0.6264397505786639
25944,Neutral,0.48810450711954323,0.02586465669025978,0.48603083619019705
25945,LOF,0.0654140513144086,0.02577239646558519,0.9088135522200061
25946,LOF,0.024994178272003686,0.12140534086686001,0.8536004808611364
25947,LOF,0.11938313099341784,0.23967899189826725,0.6409378771083148
25948,LOF,0.39352955750817714,0.011040838936064551,0.5954296035557584
25949,LOF,0.10341169074802027,0.036696203178327315,0.8598921060736524
25950,GOF,0.29282983592964945,0.36581775114496057,0.34135241292539
25951,LOF,0.24895269214267907,0.21348078807313806,0.5375665197841829
25952,LOF,0.04674354175072163,0.41882523017430257,0.5344312280749759
25953,LOF,0.14077424506002834,0.08921332663064037,0.7700124283093313
25954,Neutral,0.44276736308952325,0.14750466308266535,0.40972797382781134
25955,LOF,0.05913323191654162,0.0729801427306367,0.8678866253528217
25956,LOF,0.16736477991700852,0.12008251898796427,0.7125527010950272
25957,LOF,0.037435821039890495,0.035748249708631726,0.9268159292514777
25958,LOF,0.06133531135357376,0.029096064963471925,0.9095686236829543
25959,LOF,0.0684739825381486,0.35486252123664425,0.5766634962252072
25960,LOF,0.017336068276731495,0.05322067944232777,0.9294432522809406
25961,LOF,0.050771720812899136,0.03168698672069127,0.9175412924664095
25962,LOF,0.07685132197856696,0.028124425898582252,0.8950242521228509
25963,LOF,0.05430528439192114,0.18582410875703484,0.7598706068510441
25964,LOF,0.04230446566035312,0.15356232109922213,0.8041332132404247
25965,Neutral,0.47037061466612207,0.09250247688670706,0.4371269084471709
25966,Neutral,0.4911861405392207,0.08904232613631821,0.41977153332446104
25967,LOF,0.013640422949385477,0.053742736883910194,0.9326168401667043
25968,LOF,0.02406507887529607,0.43113343008999305,0.5448014910347109
25969,LOF,0.027933703774050873,0.06009253230957503,0.911973763916374
25970,LOF,0.06096939250100789,0.06276800316095146,0.8762626043380407
25971,LOF,0.07429207384848831,0.016047257753044025,0.9096606683984676
25972,LOF,0.0763110065587696,0.022701339344610924,0.9009876540966195
25973,LOF,0.07820446020031166,0.01110425158241786,0.9106912882172705
25974,LOF,0.1848953189386614,0.017663091999621072,0.7974415890617176
25975,LOF,0.046770581345081295,0.03327944981019206,0.9199499688447266
25976,LOF,0.03749495843046835,0.01758792221488334,0.9449171193546484
25977,LOF,0.14842085152738255,0.09605091397169867,0.7555282345009189
25978,LOF,0.14938756584565943,0.07337327152124538,0.7772391626330952
25979,LOF,0.132001890056483,0.07430840593453314,0.7936897040089839
25980,LOF,0.2319884172573097,0.09230174862193145,0.6757098341207588
25981,LOF,0.26340125482958276,0.09004497920358732,0.6465537659668299
25982,LOF,0.41173514284355694,0.05306961616689518,0.5351952409895478
25983,LOF,0.40019377555995245,0.06755442028084808,0.5322518041591995
25984,LOF,0.05352943970517892,0.0391622694334493,0.9073082908613718
25985,LOF,0.03446192266462755,0.21887493931061316,0.7466631380247593
25986,LOF,0.03916164547625431,0.2708472909809152,0.6899910635428304
25987,LOF,0.07975784989108319,0.06714075925800567,0.8531013908509113
25988,LOF,0.14727536874033614,0.0453590504969351,0.8073655807627287
25989,LOF,0.030245708932984606,0.087782104835901,0.8819721862311144
25990,LOF,0.04316350601948811,0.11147459859998017,0.8453618953805316
25991,LOF,0.143018798081786,0.33212440134157856,0.5248568005766354
25992,LOF,0.32605521948960553,0.17211255926045402,0.5018322212499404
25993,LOF,0.022424772421646318,0.09203372502693428,0.8855415025514193
25994,LOF,0.01649189260693542,0.13548028921954838,0.8480278181735161
25995,LOF,0.02590665950183986,0.2799368750313188,0.6941564654668414
25996,GOF,0.29933600446810893,0.49826178588638875,0.20240220964550215
25997,GOF,0.07576502653500808,0.47850294327477394,0.44573203019021806
25998,Neutral,0.5624412912883382,0.018503800390935,0.4190549083207269
25999,LOF,0.12105767507167581,0.10297051521646804,0.7759718097118562
26000,LOF,0.16737288423329733,0.042693454444816786,0.7899336613218859
26001,LOF,0.19551764326198678,0.03619137184996623,0.768290984888047
26002,LOF,0.15615212954326105,0.04442912533664447,0.7994187451200945
26003,GOF,0.010196563212309667,0.5574986043208783,0.43230483246681206
26004,GOF,0.02186651666086744,0.6481660345934463,0.32996744874568623
26005,LOF,0.00820958637644757,0.42553217541626653,0.5662582382072859
26006,Neutral,0.5453447140129389,0.21913309234767298,0.235522193639388
26007,GOF,0.022322043955238888,0.5274467156929286,0.4502312403518325
26008,GOF,0.017027884632542605,0.6278312717966507,0.3551408435708067
26009,GOF,0.02062722906101308,0.6548610033972084,0.3245117675417786
26010,GOF,0.025126273954396396,0.6087298905940904,0.3661438354515132
26011,LOF,0.006875225843473398,0.4310327009853196,0.562092073171207
26012,GOF,0.012944377280222928,0.5426065790395083,0.44444904368026883
26013,GOF,0.01842884165207485,0.5871863501454694,0.3943848082024557
26014,LOF,0.050118984008919974,0.09459145490890468,0.8552895610821752
26015,LOF,0.16792624591832817,0.009820834990072868,0.822252919091599
26016,LOF,0.1954420933298761,0.047850519673472244,0.7567073869966515
26017,LOF,0.2212308162539342,0.07758397153863898,0.7011852122074269
26018,LOF,0.08589787255340928,0.03158845280599189,0.8825136746405987
26019,LOF,0.0823579268213002,0.024124864962352686,0.8935172082163472
26020,LOF,0.07101459692965789,0.10241979309778731,0.8265656099725548
26021,LOF,0.04270471153644201,0.11115246376786667,0.8461428246956914
26022,LOF,0.011004792215577689,0.03537769507691984,0.9536175127075025
26023,LOF,0.10159599892530403,0.020752962625966227,0.8776510384487297
26024,LOF,0.03253749113365578,0.11439295840638955,0.8530695504599547
26025,LOF,0.1504644084887868,0.09157173342287644,0.7579638580883367
26026,LOF,0.3130167025603621,0.02745218363733579,0.6595311138023021
26027,LOF,0.07676568640083781,0.015975004816918326,0.9072593087822439
26028,LOF,0.16064969030891574,0.06398297980491541,0.7753673298861689
26029,LOF,0.07633930006897649,0.19686877665113567,0.7267919232798878
26030,LOF,0.02545119561728273,0.07230066179239444,0.9022481425903229
26031,LOF,0.029382373118524548,0.13813191591455798,0.8324857109669175
26032,LOF,0.0664267782975084,0.0839128101866976,0.8496604115157941
26033,LOF,0.11294960989520163,0.10191601631809438,0.785134373786704
26034,LOF,0.04907234654404296,0.15463678230448485,0.7962908711514722
26035,LOF,0.029115461710423174,0.14119587515480592,0.8296886631347709
26036,LOF,0.04514056410643634,0.16033391521011425,0.7945255206834495
26037,LOF,0.02415114146809686,0.1188844577774889,0.8569644007544142
26038,LOF,0.06279523182053243,0.08752177545453944,0.8496829927249282
26039,LOF,0.05787335734900787,0.14648730413775485,0.7956393385132373
26040,LOF,0.18416141074321865,0.1560160262615177,0.6598225629952635
26041,LOF,0.02496809132183933,0.11557865048918915,0.8594532581889716
26042,LOF,0.023627986151216154,0.11146038863850367,0.8649116252102802
26043,LOF,0.061159350586530326,0.10647943541075922,0.8323612140027105
26044,LOF,0.022131109313195525,0.08795586430059266,0.8899130263862118
26045,LOF,0.08265854878115922,0.09874767645762743,0.8185937747612134
26046,LOF,0.062407961122688066,0.10526345153757298,0.832328587339739
26047,LOF,0.08532879886165752,0.11223127790751627,0.8024399232308262
26048,LOF,0.054880497117127475,0.04885282972292427,0.8962666731599482
26049,Neutral,0.9609406900226399,0.008478130680487585,0.030581179296872554
26050,Neutral,0.9461865782552208,0.01122785975439357,0.04258556199038554
26051,LOF,0.04395163788065193,0.2733159451049144,0.6827324170144337
26052,LOF,0.07291378660170068,0.3018087440827695,0.6252774693155299
26053,LOF,0.055562387653829384,0.14102287247117462,0.803414739874996
26054,LOF,0.057854340088554765,0.016571780336449255,0.925573879574996
26055,LOF,0.07833275297545107,0.014079539768823661,0.9075877072557252
26056,LOF,0.06347016998031003,0.015221465617521605,0.9213083644021683
26057,LOF,0.029790151141751632,0.01122157053906957,0.9589882783191789
26058,LOF,0.0314680733342858,0.008874683783111735,0.9596572428826026
26059,LOF,0.3168879717590934,0.021761425287989047,0.6613506029529175
26060,LOF,0.03925650101977286,0.1737453057473543,0.7869981932328729
26061,LOF,0.01862808539031343,0.010608852455349878,0.9707630621543367
26062,LOF,0.011159069617916642,0.01621120449472346,0.97262972588736
26063,LOF,0.022750746939240684,0.010932642502756534,0.9663166105580027
26064,LOF,0.020424133314158138,0.019728181914842723,0.9598476847709992
26065,LOF,0.024973135893527284,0.009402919525362301,0.9656239445811106
26066,LOF,0.02162255832557316,0.009933305316739624,0.9684441363576871
26067,LOF,0.02968457681237378,0.007968806203868799,0.9623466169837575
26068,LOF,0.049304917433146966,0.029222736171652438,0.9214723463952005
26069,LOF,0.28600411524162356,0.01755289412784563,0.6964429906305308
26070,LOF,0.4195336252438161,0.014946814518588074,0.5655195602375958
26071,LOF,0.02468731179010793,0.01114225602592331,0.9641704321839688
26072,LOF,0.023148740692685674,0.015195624170616751,0.9616556351366975
26073,LOF,0.02508787571321295,0.009829376859648617,0.9650827474271384
26074,Neutral,0.9151494963330821,0.0051296857193490536,0.07972081794756881
26075,LOF,0.04562845627294898,0.013717357504757229,0.9406541862222937
26076,LOF,0.046633458744046716,0.008110765334104547,0.9452557759218486
26077,LOF,0.010403542761271674,0.017992642517294263,0.971603814721434
26078,LOF,0.013833179083902952,0.010327367938948125,0.9758394529771489
26079,LOF,0.06290307150557126,0.015934179893057572,0.921162748601371
26080,LOF,0.062407351560741,0.015937377062522354,0.9216552713767368
26081,LOF,0.037328883091126155,0.005615301762651162,0.9570558151462226
26082,LOF,0.01433457118520349,0.014933278419916134,0.9707321503948804
26083,LOF,0.13206693694874685,0.012085354949599652,0.8558477081016536
26084,LOF,0.03002274351253992,0.010707865853846747,0.9592693906336133
26085,LOF,0.025461874479147314,0.010245480900201291,0.9642926446206513
26086,LOF,0.02372006350709245,0.010132422851270086,0.9661475136416374
26087,LOF,0.028759426025433073,0.00738768699653342,0.9638528869780335
26088,LOF,0.01566859192182465,0.02544276239695657,0.9588886456812188
26089,LOF,0.045334055987437546,0.02120895945356759,0.9334569845589947
26090,LOF,0.043895170624496986,0.01631682093176217,0.9397880084437408
26091,LOF,0.03911941526578043,0.005523532674408166,0.9553570520598115
26092,LOF,0.02827035353500164,0.007540769233669723,0.9641888772313285
26093,LOF,0.04252534144621222,0.00577297700786025,0.9517016815459276
26094,LOF,0.044519870717534035,0.005718572732284173,0.9497615565501818
26095,LOF,0.046023650102283264,0.011855391007085866,0.9421209588906307
26096,LOF,0.0184387019355903,0.01034656973334535,0.9712147283310643
26097,LOF,0.012416661096836751,0.03441649438622919,0.9531668445169341
26098,LOF,0.07633977013009416,0.009951783504649477,0.9137084463652564
26099,LOF,0.025258092513781815,0.011371759466037072,0.9633701480201812
26100,LOF,0.027733051478835386,0.011243201683055388,0.9610237468381093
26101,LOF,0.05891902358695989,0.012660888162508849,0.9284200882505314
26102,LOF,0.02467539431837791,0.012819785183804062,0.962504820497818
26103,Neutral,0.8858408609173782,0.017253881896302746,0.0969052571863189
26104,LOF,0.08311011171344974,0.02314387954271047,0.8937460087438397
26105,LOF,0.2102456131280084,0.32552317461379954,0.464231212258192
26106,LOF,0.2188678726419433,0.12816199661601732,0.6529701307420394
26107,LOF,0.23713842482947767,0.09214558278206782,0.6707159923884545
26108,LOF,0.23935475807727674,0.13433568405314397,0.6263095578695793
26109,LOF,0.09827820668781022,0.07157113790832532,0.8301506554038645
26110,LOF,0.2444738020940046,0.007965439346548019,0.7475607585594474
26111,Neutral,0.49130510235792396,0.018341009034607527,0.4903538886074686
26112,LOF,0.03467133968022845,0.007011824866677135,0.9583168354530943
26113,LOF,0.055338521282877286,0.014974158530238809,0.9296873201868839
26114,LOF,0.02856637432454705,0.021617639944358776,0.949815985731094
26115,LOF,0.10327449561025466,0.043259920143701,0.8534655842460442
26116,LOF,0.06394495303130339,0.04169763827316463,0.8943574086955319
26117,LOF,0.43693205561019405,0.0449224083277502,0.5181455360620558
26118,LOF,0.036338864506653,0.023124653438573835,0.940536482054773
26119,LOF,0.023393345137596108,0.031557558494730215,0.9450490963676736
26120,LOF,0.028302379933086944,0.021926373246927835,0.9497712468199851
26121,LOF,0.043205783485185265,0.07249897884862054,0.8842952376661941
