feature0,prediction,LoGoFunc_Neutral,LoGoFunc_GOF,LoGoFunc_LOF
25546,Neutral,0.6092032977544646,0.05752010563594865,0.3332765966095868
25547,Neutral,0.488549860277104,0.09636425237452431,0.4150858873483719
25548,Neutral,0.47075891799975417,0.08056297795534562,0.4486781040449001
25549,LOF,0.40572244048537015,0.08338609258087451,0.5108914669337553
25550,LOF,0.3258111056253359,0.11908274147956996,0.5551061528950941
25551,LOF,0.2738299645580523,0.12967414271995803,0.5964958927219897
25552,LOF,0.2339668768033914,0.12131334388157007,0.6447197793150385
25553,Neutral,0.7975636189930692,0.043459067710542844,0.15897731329638806
25554,LOF,0.28342278639078505,0.10986984175759128,0.6067073718516236
25555,LOF,0.23460482270067676,0.103608879532014,0.6617862977673092
25556,LOF,0.4090349713133911,0.09599214064648327,0.49497288804012557
25557,LOF,0.2247132854694196,0.10730935744101681,0.6679773570895636
25558,LOF,0.2818733246285976,0.10976461054027406,0.6083620648311283
25559,LOF,0.17488025717870417,0.10432831717056147,0.7207914256507343
25560,LOF,0.16737576668923174,0.10579192644371857,0.7268323068670497
25561,LOF,0.1591307312070189,0.10881330722921023,0.7320559615637708
25562,LOF,0.08041834453717961,0.07132445812748518,0.8482571973353351
25563,LOF,0.021778353367337806,0.131173006896114,0.8470486397365482
25564,LOF,0.21643802537663792,0.1284993247435195,0.6550626498798426
25565,LOF,0.22770815129659977,0.1671372338068868,0.6051546148965135
25566,GOF,0.10377076743934587,0.7133302894409497,0.18289894311970442
25567,LOF,0.040023273407034245,0.14587878038739605,0.8140979462055696
25568,LOF,0.06364881873178749,0.0733825942824712,0.8629685869857414
25569,LOF,0.0616319162898771,0.07358998172863541,0.8647781019814874
25570,LOF,0.027738130247225837,0.0979372789350259,0.8743245908177483
25571,LOF,0.02632204549933849,0.1032420154460693,0.8704359390545922
25572,LOF,0.06127628457363292,0.12371322935681198,0.8150104860695551
25573,LOF,0.05990596645218175,0.08798257323893266,0.8521114603088855
25574,LOF,0.05951619683485518,0.20680971539956897,0.7336740877655757
25575,LOF,0.023292022616646764,0.11281952480232756,0.8638884525810256
25576,LOF,0.031326675976528745,0.15435013176656384,0.8143231922569074
25577,LOF,0.030919009408773904,0.12049084295018346,0.8485901476410427
25578,LOF,0.3005213424633816,0.07786894429462472,0.6216097132419937
25579,LOF,0.1437842410462913,0.08302015140375249,0.7731956075499561
25580,LOF,0.02003452495222749,0.08062328607502658,0.899342188972746
25581,LOF,0.06061460209053233,0.06727744914829058,0.872107948761177
25582,LOF,0.060451317101068366,0.06533284418269603,0.8742158387162355
25583,LOF,0.02048788165195456,0.08199430235964918,0.8975178159883963
25584,Neutral,0.6852772288000373,0.10453973883051577,0.21018303236944685
25585,LOF,0.027750823583816867,0.12988545844872731,0.8423637179674558
25586,LOF,0.018600747203139145,0.06720210523378561,0.9141971475630751
25587,LOF,0.01783728838134935,0.06083089093375528,0.9213318206848955
25588,LOF,0.020389360163422316,0.06965021151581577,0.9099604283207618
25589,Neutral,0.5003577706921564,0.21336062982046616,0.2862815994873775
25590,LOF,0.04784994189339629,0.11606986991619833,0.8360801881904053
25591,LOF,0.10468918419126079,0.054997202244067636,0.8403136135646716
25592,LOF,0.0554869710166095,0.1296431377716952,0.8148698912116952
25593,LOF,0.13805784169734017,0.26766188669116814,0.5942802716114918
25594,LOF,0.057019583994718216,0.10730018900341223,0.8356802270018696
25595,LOF,0.050548833478769956,0.07681124131250958,0.8726399252087204
25596,LOF,0.11949633003027102,0.041306782013894254,0.8391968879558346
25597,LOF,0.08552970719151483,0.05313260822053764,0.8613376845879475
25598,LOF,0.0544977082858946,0.07419494056909184,0.8713073511450137
25599,GOF,0.02312343004755238,0.518402845087352,0.4584737248650955
25600,GOF,0.16818913265083751,0.5263932397923166,0.3054176275568459
25601,LOF,0.03705495541502351,0.4343645180925002,0.5285805264924763
25602,LOF,0.028346356129211662,0.07268588578974744,0.8989677580810408
25603,LOF,0.028524099282778447,0.03616226054140066,0.9353136401758209
25604,LOF,0.032162038277562234,0.08051331388297993,0.8873246478394579
25605,LOF,0.03320192411928695,0.1989489473826625,0.7678491284980505
25606,LOF,0.4140436443100043,0.1203348547718605,0.46562150091813514
25607,LOF,0.02325415370724711,0.20046019436387574,0.776285651928877
25608,LOF,0.037900215203360184,0.06569494580436662,0.8964048389922733
25609,GOF,0.17236044790379604,0.5035874401450567,0.3240521119511473
25610,LOF,0.015256072808535909,0.029933051415789464,0.9548108757756746
25611,LOF,0.013147973946235849,0.032489337137654284,0.95436268891611
25612,LOF,0.048218580557934085,0.048102593747437895,0.903678825694628
25613,LOF,0.04545155318456987,0.048851461341875416,0.9056969854735547
25614,LOF,0.02084152418207001,0.026428748930317342,0.9527297268876126
25615,LOF,0.04651750601616209,0.04541470318287347,0.9080677908009644
25616,LOF,0.045382108787930316,0.03237418060256889,0.9222437106095007
25617,LOF,0.0396350952853195,0.041068895392922224,0.9192960093217583
25618,LOF,0.05145705384113863,0.038734852880515126,0.9098080932783463
25619,LOF,0.013265223164801585,0.035519742524343145,0.9512150343108553
25620,LOF,0.05854137376199586,0.04545191297413603,0.896006713263868
25621,LOF,0.05469856387223846,0.038162684369593,0.9071387517581685
25622,LOF,0.06611042001581434,0.03676507527281231,0.8971245047113734
25623,LOF,0.07093840083107904,0.028894103961682658,0.9001674952072384
25624,LOF,0.01812948472632834,0.03450763025428996,0.9473628850193816
25625,LOF,0.06597136213642138,0.04137013126120366,0.892658506602375
25626,LOF,0.050261165035812336,0.04681268498249191,0.9029261499816957
25627,Neutral,0.8907572913079981,0.017972158359027435,0.09127055033297453
25628,LOF,0.1318161468043609,0.06224663408329217,0.805937219112347
25629,LOF,0.06697728800317605,0.04994784753810253,0.8830748644587214
25630,LOF,0.29541979051684275,0.07586772786896633,0.6287124816141908
25631,Neutral,0.5495733602101192,0.05851867551422269,0.3919079642756582
25632,LOF,0.026566040579620625,0.07403839055212506,0.8993955688682544
25633,LOF,0.20030671478676149,0.03314754328354178,0.7665457419296967
25634,LOF,0.033235018265171494,0.08145413845866405,0.8853108432761644
25635,LOF,0.03686289747360123,0.04052734499178134,0.9226097575346174
25636,LOF,0.03478053101677085,0.43445114350556485,0.5307683254776644
25637,GOF,0.07768149141332624,0.4667540493308435,0.4555644592558303
25638,LOF,0.030292059964078372,0.3054116193204519,0.6642963207154696
25639,LOF,0.030200364640234036,0.35146032400776184,0.618339311352004
25640,Neutral,0.8081033482342849,0.14931109460308395,0.042585557162630946
25641,GOF,0.06361009556173604,0.4832630553793481,0.45312684905891576
25642,LOF,0.037783186135588905,0.16399146053478755,0.7982253533296235
25643,LOF,0.2054289776941784,0.17966973451888912,0.6149012877869325
25644,LOF,0.024052413784774237,0.46167316543084813,0.5142744207843776
25645,LOF,0.026120658237327482,0.412758018284138,0.5611213234785346
25646,LOF,0.05976812321107802,0.316947148966574,0.623284727822348
25647,LOF,0.027843180007325805,0.252923210335804,0.7192336096568702
25648,LOF,0.03781907203958506,0.22734314492246113,0.7348377830379539
25649,LOF,0.01748665489335893,0.22845268020601256,0.7540606649006285
25650,LOF,0.05779924803089918,0.3915842085392977,0.550616543429803
25651,LOF,0.019197998583475064,0.257313851693136,0.7234881497233889
25652,LOF,0.036234737193600645,0.23647129537341188,0.7272939674329875
25653,LOF,0.09141240008887551,0.39755995869511485,0.5110276412160096
25654,LOF,0.02741870206003938,0.20466583420539736,0.7679154637345632
25655,LOF,0.23947042808716754,0.36042889091286956,0.4001006809999629
25656,LOF,0.25443381622881495,0.05239313056418081,0.6931730532070043
25657,LOF,0.0599658982272174,0.059968383761385004,0.8800657180113975
25658,LOF,0.3340738854145361,0.0720092535732118,0.5939168610122522
25659,Neutral,0.49801079575470864,0.11065003954733137,0.39133916469795993
25660,LOF,0.02184829311836039,0.09267665971250294,0.8854750471691366
25661,LOF,0.09340017185606346,0.06360474932555624,0.8429950788183802
25662,LOF,0.03276737969069388,0.03537012979819566,0.9318624905111105
25663,LOF,0.04215870759264534,0.048963622729258874,0.9088776696780958
25664,LOF,0.15495484230421455,0.06367447052851447,0.781370687167271
25665,LOF,0.05901879771339625,0.031750540245403004,0.9092306620412007
25666,LOF,0.08849970078172587,0.07840670962376388,0.8330935895945103
25667,LOF,0.06452113885572962,0.03839608611010529,0.897082775034165
25668,LOF,0.03570089817212419,0.05055534803086489,0.9137437537970109
25669,LOF,0.03162137615017912,0.0511117839779802,0.9172668398718407
25670,LOF,0.14642918599662558,0.0581851346253433,0.7953856793780311
25671,LOF,0.09648131175044605,0.03662262489627354,0.8668960633532804
25672,LOF,0.05560625288962529,0.043205899029225725,0.901187848081149
25673,LOF,0.08341886032800568,0.04667685941203428,0.8699042802599599
25674,LOF,0.07200828580492631,0.05628279329656574,0.8717089208985079
25675,LOF,0.12434804279074962,0.053218299262834605,0.8224336579464158
25676,LOF,0.018243287860965778,0.05289127349205602,0.9288654386469781
25677,LOF,0.024023974996327628,0.0711651181775975,0.9048109068260748
25678,LOF,0.18782957992921104,0.06155647394378853,0.7506139461270005
25679,LOF,0.12311646040179162,0.08163378560704433,0.795249753991164
25680,LOF,0.029700816586222523,0.1145031936870146,0.8557959897267629
25681,LOF,0.045769657146048276,0.10486360477662182,0.8493667380773299
25682,LOF,0.13142767807692016,0.07930602503278024,0.7892662968902996
25683,LOF,0.11664194997783625,0.08907952592499095,0.7942785240971728
25684,LOF,0.043409282692896206,0.07585848123139226,0.8807322360757115
25685,LOF,0.12273174717621178,0.04866319066336317,0.8286050621604251
25686,LOF,0.07300020052592128,0.08851022977723402,0.8384895696968447
25687,LOF,0.11260639579678751,0.09016143934377897,0.7972321648594336
25688,LOF,0.3076039015064262,0.03332294135202013,0.6590731571415537
25689,LOF,0.24129514384071615,0.0368373385752464,0.7218675175840374
25690,LOF,0.3520480420246863,0.028613024844233993,0.6193389331310796
25691,Neutral,0.6889442131893754,0.021676372861967597,0.28937941394865707
25692,LOF,0.31178992401790956,0.011465622759291598,0.6767444532227989
25693,LOF,0.047354466099110704,0.4352864953126775,0.5173590385882118
25694,LOF,0.12455305982415375,0.018175328725638106,0.857271611450208
25695,LOF,0.12001960369208683,0.01774210136297796,0.8622382949449353
25696,LOF,0.10944937370675216,0.010177592045064039,0.8803730342481838
25697,LOF,0.11807589660543813,0.03300108320094431,0.8489230201936175
25698,LOF,0.3507638590567981,0.1996311923666113,0.4496049485765907
25699,LOF,0.43817339768092844,0.03368825923032919,0.5281383430887424
25700,LOF,0.05965686121480558,0.007713398534766262,0.932629740250428
25701,LOF,0.16171004534959402,0.05245072996385096,0.7858392246865551
25702,GOF,0.1757093141949944,0.5580639472394365,0.266226738565569
25703,LOF,0.016128078729760152,0.1682810046028332,0.8155909166674067
25704,LOF,0.0466133851856047,0.12295777993966599,0.8304288348747293
25705,LOF,0.058624317547967104,0.1908174515278989,0.750558230924134
25706,LOF,0.1024654061029943,0.40573683982344727,0.49179775407355825
25707,LOF,0.09524552021344651,0.29258228101840233,0.6121721987681511
25708,LOF,0.03397018682913128,0.268455441161233,0.6975743720096357
25709,LOF,0.062155548313295686,0.041529511917968345,0.896314939768736
25710,LOF,0.011987304805332777,0.13876746156325276,0.8492452336314146
25711,LOF,0.017853085896968286,0.10227011769208093,0.8798767964109508
25712,LOF,0.013000430240367926,0.1986190248913695,0.7883805448682626
25713,LOF,0.01933768596775806,0.085807585336549,0.8948547286956929
25714,LOF,0.0729740867623085,0.0830525515348172,0.8439733617028743
25715,LOF,0.010714390668650202,0.15008027049358902,0.8392053388377608
25716,LOF,0.012864908880103757,0.12964545923690923,0.8574896318829871
25717,LOF,0.012518166992366485,0.08351687462480743,0.9039649583828261
25718,LOF,0.012602639773316975,0.09431865301087687,0.8930787072158061
25719,LOF,0.016826550422317697,0.08384643312922245,0.8993270164484598
25720,LOF,0.02205248511134397,0.07134192967204167,0.9066055852166144
25721,LOF,0.015238054989997472,0.12089447313299953,0.863867471877003
25722,LOF,0.013314617129338015,0.12946669928346932,0.8572186835871927
25723,LOF,0.021962152096647546,0.04495179724202546,0.9330860506613269
25724,LOF,0.02296861385872755,0.08800272930562789,0.8890286568356446
25725,LOF,0.011244443920372223,0.07027274424358047,0.9184828118360472
25726,LOF,0.014840489269057797,0.10012844189216762,0.8850310688387747
25727,LOF,0.012175601291981733,0.07854450762304613,0.9092798910849722
25728,LOF,0.009440402711865147,0.11655561534614643,0.8740039819419885
25729,LOF,0.00984602311583451,0.11264720606056124,0.8775067708236042
25730,LOF,0.01321590994213259,0.08665035488428864,0.9001337351735786
25731,LOF,0.01852032174040836,0.12054133663055201,0.8609383416290397
25732,LOF,0.014908093947533318,0.0835064027321336,0.9015855033203332
25733,LOF,0.016083138648202707,0.07708701938589095,0.9068298419659063
25734,LOF,0.011364563798335791,0.12054044058838861,0.8680949956132756
25735,LOF,0.013648451214307085,0.08651901203575824,0.8998325367499347
25736,LOF,0.013998656095100447,0.11042062809810468,0.875580715806795
25737,LOF,0.01930611791562207,0.08461340830548399,0.8960804737788939
25738,LOF,0.012118344784487449,0.10182695547892334,0.8860546997365891
25739,LOF,0.021149797111018474,0.07545296986707674,0.9033972330219047
25740,LOF,0.029803756454020083,0.10411593385175744,0.8660803096942224
25741,LOF,0.015484942197446344,0.11529538116127598,0.8692196766412777
25742,LOF,0.12340512733424833,0.0800473591939439,0.7965475134718079
25743,LOF,0.028098691654683292,0.0357173357979646,0.9361839725473522
25744,Neutral,0.5838401497956119,0.19234123612374407,0.22381861408064402
25745,LOF,0.07625010959990222,0.06818466304260166,0.8555652273574961
25746,LOF,0.03729595324311738,0.08363214177619939,0.8790719049806831
25747,LOF,0.023461446188595445,0.04675342827158965,0.929785125539815
25748,LOF,0.10247331968171625,0.06374019625518108,0.8337864840631026
25749,LOF,0.02423703359857178,0.07470230826072173,0.9010606581407066
25750,LOF,0.07740079733134864,0.07718740351613627,0.8454117991525152
25751,LOF,0.08765379726368822,0.06216091060579374,0.8501852921305181
25752,GOF,0.12271370308377154,0.6378029560823294,0.23948334083389902
25753,LOF,0.02138574610389128,0.279918510865554,0.6986957430305546
25754,GOF,0.011054375960919837,0.7818746759091103,0.20707094812996982
25755,LOF,0.023137731701954056,0.3902749112895268,0.586587357008519
25756,LOF,0.04223365140764128,0.38678768356903726,0.5709786650233215
25757,GOF,0.014426442662158692,0.8292045063779647,0.15636905095987655
25758,GOF,0.02892017024183782,0.8248090650524091,0.14627076470575287
25759,GOF,0.010849270594936603,0.5571768392278278,0.4319738901772357
25760,LOF,0.012766184144431621,0.2508975774040037,0.7363362384515646
25761,GOF,0.28032481694695466,0.6338143068954575,0.08586087615758775
25762,LOF,0.03660944815112414,0.27475277013692534,0.6886377817119504
25763,LOF,0.013049509690553657,0.21377177205759487,0.7731787182518515
25764,GOF,0.0687678062175022,0.6534162221413493,0.2778159716411485
25765,GOF,0.042791033307166465,0.7635122548716257,0.19369671182120787
25766,GOF,0.05547142813804324,0.7360001893823603,0.20852838247959632
25767,GOF,0.137536639770642,0.5585128999734886,0.30395046025586936
25768,LOF,0.09830238791231388,0.06482382102339831,0.8368737910642878
25769,LOF,0.06806794647158879,0.06760230610202025,0.864329747426391
25770,LOF,0.30581688980343597,0.08419908807165755,0.6099840221249064
25771,LOF,0.038877860909470915,0.046747910702821555,0.9143742283877074
25772,LOF,0.016394104344461615,0.034056485078382256,0.9495494105771561
25773,LOF,0.0466596467223308,0.09479532620300592,0.8585450270746633
25774,LOF,0.028758829095058933,0.0724746851446328,0.8987664857603083
25775,LOF,0.04870349712367396,0.04465099250368454,0.9066455103726414
25776,LOF,0.0635510360392999,0.025019395149456936,0.9114295688112433
25777,LOF,0.3635437021492146,0.05180928836032372,0.5846470094904618
25778,LOF,0.06567656095785465,0.047538885862686175,0.8867845531794591
25779,GOF,0.39447965349092057,0.563117414115202,0.042402932393877414
25780,GOF,0.32068022127750373,0.6006950500247406,0.07862472869775577
25781,GOF,0.12711199549222113,0.768685380054876,0.1042026244529028
25782,GOF,0.1963179410046099,0.7285414718226515,0.07514058717273867
25783,GOF,0.024113446270224572,0.6100175765489023,0.36586897718087324
25784,Neutral,0.5289321647746124,0.43582170073711174,0.03524613448827588
25785,GOF,0.47850857996296126,0.4801277188084933,0.04136370122854538
25786,GOF,0.0262071735924384,0.7561840230769081,0.2176088033306535
25787,Neutral,0.6576974838399917,0.31720244922890256,0.025100066931105596
25788,LOF,0.04639308989228446,0.09469752249674829,0.8589093876109672
25789,GOF,0.20395229125172598,0.6614146091978768,0.13463309955039726
25790,GOF,0.22393694875767972,0.6549204784667174,0.12114257277560296
25791,GOF,0.16103459242178514,0.666774165049128,0.1721912425290868
25792,GOF,0.35434040727164073,0.5167049175488302,0.12895467517952902
25793,GOF,0.2458816261671507,0.5293522962626837,0.22476607757016578
25794,GOF,0.3260693402032475,0.5059650450153881,0.16796561478136454
25795,GOF,0.07582060121410948,0.6725254494834153,0.25165394930247525
25796,Neutral,0.5658569078042197,0.3532634654458337,0.08087962674994648
25797,GOF,0.09337264340412252,0.5311617323148689,0.37546562428100866
25798,LOF,0.008710702439567388,0.4865995213434563,0.5046897762169763
25799,LOF,0.007420008991482385,0.36069944959505107,0.6318805414134665
25800,GOF,0.03306708156942755,0.5741467440852588,0.39278617434531365
25801,GOF,0.2262033758784354,0.6412065607506328,0.13259006337093185
25802,GOF,0.07193939113315405,0.6755269198407501,0.252533689026096
25803,GOF,0.03179701620099905,0.5628480156351002,0.4053549681639007
25804,LOF,0.028690625341002803,0.4476869057804266,0.5236224688785706
25805,GOF,0.09733127755621071,0.579261963964453,0.32340675847933625
25806,GOF,0.10132368141132045,0.5755949999597162,0.3230813186289634
25807,GOF,0.019650836847871837,0.6068144440566184,0.37353471909550984
25808,GOF,0.0770377389310165,0.6267202432766701,0.2962420177923134
25809,GOF,0.018134435951726875,0.5705932439808804,0.4112723200673928
25810,GOF,0.01594789716709565,0.604005548578288,0.38004655425461625
25811,Neutral,0.46701323153865154,0.4514033498148318,0.08158341864651664
25812,GOF,0.028095723632697498,0.6358982604099915,0.3360060159573109
25813,Neutral,0.5241934390267827,0.3789886253545337,0.0968179356186835
25814,GOF,0.1041779343153436,0.6303357639124535,0.2654863017722029
25815,GOF,0.18383625756876898,0.6181729339848241,0.1979908084464069
25816,GOF,0.021147286284918524,0.6776764144821275,0.30117629923295414
25817,GOF,0.22154862348510598,0.644975557454233,0.1334758190606611
25818,GOF,0.051230773500777656,0.6358910303866814,0.312878196112541
25819,GOF,0.355234929652228,0.49133757023871366,0.15342750010905834
25820,GOF,0.18321740737671469,0.5937329573345628,0.22304963528872246
25821,GOF,0.05909511326070102,0.659077725533501,0.28182716120579804
25822,GOF,0.22576154625985678,0.5557325185954993,0.2185059351446439
25823,GOF,0.0308801083134677,0.5229185646813743,0.446201327005158
25824,GOF,0.09002131090918306,0.610794327039814,0.2991843620510032
25825,GOF,0.03498823254164256,0.611002383386579,0.35400938407177857
25826,GOF,0.01433725988844193,0.5799045132833102,0.40575822682824797
25827,GOF,0.020174244735909435,0.5894179665389333,0.3904077887251573
25828,GOF,0.012021086136824854,0.5051973261241872,0.4827815877389879
25829,GOF,0.005417692419017604,0.5628126660682787,0.43176964151270364
25830,LOF,0.03746073970749575,0.27848606066654513,0.6840531996259591
25831,GOF,0.21475636420158084,0.648131202526651,0.13711243327176809
25832,GOF,0.03784043672121009,0.7006051263743027,0.2615544369044873
25833,GOF,0.13377315556106137,0.7146548034559188,0.15157204098301982
25834,GOF,0.03794519168689189,0.7119016098267218,0.25015319848638634
25835,GOF,0.07442917091250006,0.7629586802034448,0.16261214888405515
25836,GOF,0.03667311182421062,0.6946017002516148,0.2687251879241745
25837,GOF,0.026964846813234,0.5811328803053877,0.39190227288137824
25838,GOF,0.08477011305603939,0.7718376643927974,0.14339222255116313
25839,GOF,0.27067481146567474,0.5822181106297843,0.14710707790454097
25840,GOF,0.22406758879596106,0.6282698557168603,0.14766255548717852
25841,GOF,0.22086016879711515,0.6417674219930064,0.13737240920987845
25842,GOF,0.1524007007986633,0.7210006689518611,0.12659863024947562
25843,GOF,0.22090893925525912,0.6922237878409611,0.08686727290377985
25844,GOF,0.0646596631130813,0.7043806741443162,0.23095966274260246
25845,LOF,0.015166497354078046,0.4669144912227921,0.5179190114231299
25846,GOF,0.11889819836258587,0.7281302786993334,0.15297152293808058
25847,GOF,0.11549451757518515,0.7734181796400182,0.11108730278479662
25848,GOF,0.03569064908354488,0.6772659398838989,0.28704341103255626
25849,GOF,0.010357981721734843,0.5571831947557525,0.4324588235225127
25850,GOF,0.02298373415762115,0.6300486464959771,0.34696761934640175
25851,GOF,0.018262922039055097,0.49865466219531085,0.48308241576563393
25852,GOF,0.1561797777222678,0.5268069546689653,0.3170132676087669
25853,GOF,0.35479256163789574,0.568638044372496,0.07656939398960828
25854,GOF,0.022357822818333904,0.5858052241825275,0.3918369529991386
25855,GOF,0.031656654387287195,0.551869270370543,0.4164740752421697
25856,GOF,0.23875110035503705,0.534169684318532,0.227079215326431
25857,GOF,0.03379889841683195,0.491204383669465,0.4749967179137031
25858,GOF,0.01853572113646411,0.5146821716136099,0.4667821072499262
25859,LOF,0.010180300361030674,0.4883916624589347,0.5014280371800345
25860,GOF,0.3951853484006679,0.5194560897560647,0.08535856184326739
25861,GOF,0.4335628114009923,0.4932987926725879,0.07313839592641967
25862,GOF,0.08262857847374072,0.7703256707930929,0.1470457507331665
25863,GOF,0.07547088816385299,0.7711999118637388,0.15332919997240826
25864,GOF,0.19388666330706808,0.7291198308539072,0.07699350583902476
25865,GOF,0.07968911360488004,0.8020316979655062,0.11827918842961371
25866,GOF,0.05561672927701825,0.7782003426076154,0.16618292811536628
25867,GOF,0.08265817777887012,0.8044884124970372,0.1128534097240927
25868,GOF,0.26473364363572244,0.6231926279144996,0.11207372844977799
25869,Neutral,0.7220101080152694,0.23429332297231345,0.04369656901241713
25870,GOF,0.28402443455570814,0.3616186812494108,0.35435688419488104
25871,GOF,0.2437418158055079,0.6070594417673038,0.14919874242718836
25872,GOF,0.07876559541637101,0.640470216859559,0.2807641877240701
25873,GOF,0.11384680628094287,0.662404738392111,0.22374845532694618
25874,LOF,0.014324961076816883,0.10620750597126648,0.8794675329519166
25875,LOF,0.09575731139163222,0.0493252810678372,0.8549174075405305
25876,LOF,0.03577906838885571,0.029018663975446488,0.9352022676356978
25877,Neutral,0.49438881028959253,0.053573227320493466,0.4520379623899139
25878,LOF,0.20931373459119296,0.10050287308285596,0.6901833923259512
25879,LOF,0.0881482027193641,0.10112715312842144,0.8107246441522146
25880,LOF,0.03810101570026433,0.014665946845928365,0.9472330374538074
25881,LOF,0.17943125480028707,0.12990980508519384,0.6906589401145192
25882,LOF,0.05974218513477512,0.017414263386775264,0.9228435514784497
25883,LOF,0.0657314584948994,0.019962500662983346,0.9143060408421173
25884,LOF,0.030723417147431382,0.031000393011938757,0.9382761898406299
25885,LOF,0.05562396826278852,0.012559302792508846,0.9318167289447026
25886,LOF,0.26649703149469395,0.04131374656912562,0.6921892219361804
25887,LOF,0.1523733665221138,0.06775377008996115,0.7798728633879252
25888,LOF,0.06416001624124074,0.06151636346586132,0.874323620292898
25889,LOF,0.03889436983369306,0.021521371756703055,0.9395842584096039
25890,LOF,0.0465001592165492,0.15569215674218082,0.79780768404127
25891,LOF,0.03531325831050462,0.05122165896462228,0.913465082724873
25892,LOF,0.096622137131562,0.020240295301440947,0.883137567566997
25893,LOF,0.251267315187205,0.018257165162874678,0.7304755196499202
25894,LOF,0.1745884750010338,0.010505460119458786,0.8149060648795073
25895,LOF,0.19637202670172235,0.021305164536326124,0.7823228087619516
25896,LOF,0.0502059400772393,0.021526648807410082,0.9282674111153507
25897,LOF,0.2521646642169817,0.011345711539288582,0.7364896242437298
25898,Neutral,0.7003637307962268,0.009293194938291354,0.29034307426548184
25899,LOF,0.2357293040500235,0.021778647776003954,0.7424920481739725
25900,LOF,0.4401009488669124,0.013966751226160274,0.5459322999069273
25901,LOF,0.05350435653316591,0.013622952936365498,0.9328726905304686
25902,LOF,0.16113040485941468,0.014071611639558905,0.8247979835010264
25903,Neutral,0.5808436817772694,0.028212883830745248,0.39094343439198537
25904,LOF,0.30784593337821,0.04592394552100777,0.6462301211007823
25905,LOF,0.025459311019344167,0.325073391394676,0.6494672975859798
25906,LOF,0.03409429717344089,0.0725157483623079,0.8933899544642513
25907,LOF,0.015206083235109262,0.33679715314246733,0.6479967636224234
25908,LOF,0.010065584828472664,0.25617654224973335,0.7337578729217941
25909,LOF,0.013415089765917645,0.12593241332972782,0.8606524969043545
25910,LOF,0.04588149712021239,0.13216184615085527,0.8219566567289324
25911,LOF,0.18747549918548448,0.018218295988364712,0.7943062048261508
25912,LOF,0.05415930011209568,0.03374486712697333,0.9120958327609311
25913,LOF,0.34021272294566485,0.017865985615267976,0.6419212914390672
25914,LOF,0.019592733097335276,0.05846358763380726,0.9219436792688575
25915,Neutral,0.5770314032026534,0.15809849047864785,0.2648701063186987
25916,LOF,0.0838293166888328,0.22263446146093976,0.6935362218502275
25917,LOF,0.06397024771088723,0.044931659791499184,0.8910980924976135
25918,LOF,0.022549253272035035,0.038051447992280156,0.9393992987356847
25919,LOF,0.01965662038738612,0.03996962938755978,0.9403737502250541
25920,GOF,0.10762392591969407,0.5564575301035165,0.3359185439767895
25921,LOF,0.02332697983285026,0.02685624971480893,0.9498167704523409
25922,LOF,0.03230529380838151,0.020871342171600103,0.9468233640200184
25923,LOF,0.4328937099440047,0.02719265392504936,0.539913636130946
25924,LOF,0.0361341304823474,0.03443919483124171,0.9294266746864108
25925,LOF,0.06996873130671774,0.03252086778949928,0.8975104009037829
25926,LOF,0.050238744211342716,0.028781100670067988,0.9209801551185894
25927,LOF,0.05337056115299342,0.11798163555031814,0.8286478032966884
25928,LOF,0.018289320541353703,0.040271216962891966,0.9414394624957544
25929,Neutral,0.5439759663912737,0.02844786802289858,0.42757616558582784
25930,LOF,0.06724051213169169,0.024911470532782875,0.9078480173355253
25931,LOF,0.02490576593175157,0.02392306200926866,0.9511711720589797
25932,LOF,0.027612583883055212,0.020819204997324033,0.9515682111196208
25933,LOF,0.038407613303818165,0.014741686711012994,0.9468506999851689
25934,LOF,0.02443793308334595,0.016355085995125872,0.9592069809215281
25935,LOF,0.06047115139655552,0.04357120729583392,0.8959576413076107
25936,LOF,0.043129749270385445,0.01755050865674121,0.9393197420728733
25937,LOF,0.026126133969852833,0.0276443203939835,0.9462295456361636
25938,LOF,0.06320594880581064,0.0421008691653561,0.8946931820288332
25939,LOF,0.03865331395292973,0.014862215234377023,0.9464844708126932
25940,LOF,0.02788891807053224,0.374936356203203,0.5971747257262647
25941,LOF,0.1885203056912634,0.121851125256067,0.6896285690526697
25942,LOF,0.013270207924897696,0.03451417006574311,0.9522156220093592
25943,LOF,0.290964139075134,0.06020685214980299,0.648829008775063
25944,Neutral,0.4925560936648184,0.026186561124589607,0.48125734521059205
25945,LOF,0.07496306567770152,0.023415208697037303,0.9016217256252612
25946,LOF,0.03393889485675169,0.11303615605752126,0.8530249490857269
25947,LOF,0.10223372760217062,0.1993195106526826,0.6984467617451467
25948,LOF,0.3671501381776661,0.00835892299824475,0.6244909388240892
25949,LOF,0.13932582779005642,0.034891863520403125,0.8257823086895405
25950,GOF,0.2791679097439899,0.394380951076742,0.32645113917926816
25951,LOF,0.20629491542446113,0.2747946056171623,0.5189104789583766
25952,LOF,0.04157189148079112,0.45488538868090955,0.5035427198382992
25953,LOF,0.1544638752634683,0.10834518638827563,0.737190938348256
25954,Neutral,0.48115369615821185,0.17822029150506466,0.3406260123367234
25955,LOF,0.05395352415046644,0.08753018036479139,0.8585162954847422
25956,LOF,0.17042562260596478,0.11220145318637033,0.717372924207665
25957,LOF,0.03702366589836407,0.026663026676386058,0.9363133074252498
25958,LOF,0.05489494878341018,0.030517536456930196,0.9145875147596595
25959,LOF,0.06753859409570703,0.3498290624485041,0.5826323434557888
25960,LOF,0.015479095349261864,0.05277335391497307,0.9317475507357652
25961,LOF,0.04144419655756482,0.03258535079793035,0.9259704526445047
25962,LOF,0.05503792205411988,0.024480961986992008,0.9204811159588882
25963,LOF,0.04685079222856222,0.19297908409385783,0.7601701236775799
25964,LOF,0.03634244837098967,0.14588231211081307,0.8177752395181973
25965,LOF,0.4523232237358801,0.06336114256428961,0.4843156336998303
25966,Neutral,0.5377398848575143,0.17499932522666697,0.2872607899158186
25967,LOF,0.018702183526778625,0.10317758265418003,0.8781202338190414
25968,LOF,0.026374067205824733,0.41293609022534294,0.5606898425688323
25969,LOF,0.029037466833390268,0.0729465365168913,0.8980159966497184
25970,LOF,0.06352822829082526,0.06657030591811003,0.8699014657910646
25971,LOF,0.06544275539592924,0.021151463641250836,0.9134057809628199
25972,LOF,0.07079174394655328,0.026266278925921826,0.9029419771275248
25973,LOF,0.07260953180324899,0.009401601976647177,0.9179888662201038
25974,LOF,0.20208052951463984,0.017091694782300063,0.7808277757030601
25975,LOF,0.03964107615688595,0.028018294773920156,0.9323406290691939
25976,LOF,0.04152583383265603,0.017212061274850456,0.9412621048924934
25977,LOF,0.15449664387979686,0.08276120947568881,0.7627421466445143
25978,LOF,0.1454062071449575,0.05958049069211308,0.7950133021629294
25979,LOF,0.1356927231030994,0.06171921158298733,0.8025880653139132
25980,LOF,0.22861755488178784,0.07411305150228609,0.697269393615926
25981,LOF,0.2592676905867504,0.07290524911793018,0.6678270602953194
25982,LOF,0.40360198285277404,0.045205364387874994,0.551192652759351
25983,LOF,0.38665939802983673,0.05268438317748089,0.5606562187926823
25984,LOF,0.05016221732819128,0.04527740252748985,0.9045603801443189
25985,LOF,0.04015813154818096,0.25545693198415154,0.7043849364676675
25986,LOF,0.04611408955355014,0.28783024482763586,0.6660556656188141
25987,LOF,0.09077425752713066,0.0675779246231132,0.8416478178497563
25988,LOF,0.1518621112508794,0.061553385610266166,0.7865845031388543
25989,LOF,0.03540728153364782,0.12218710734517878,0.8424056111211734
25990,LOF,0.04396498228040512,0.15341245196228212,0.8026225657573127
25991,LOF,0.11700573361391524,0.2890860647748792,0.5939082016112055
25992,LOF,0.29055010932308034,0.17492269637706997,0.5345271942998496
25993,LOF,0.019788388947317163,0.08275398987621786,0.8974576211764649
25994,LOF,0.01568996440242038,0.11070693598456247,0.8736030996130172
25995,LOF,0.020838593788289457,0.21759642597682358,0.761564980234887
25996,GOF,0.302287126834261,0.4349376647356674,0.2627752084300716
25997,LOF,0.07504449335426402,0.4018010987709612,0.5231544078747749
25998,Neutral,0.5249125045999504,0.023988205373927932,0.4510992900261216
25999,LOF,0.10634017815983246,0.0894735021325709,0.8041863197075966
26000,LOF,0.14647953833131708,0.05080250466440065,0.8027179570042823
26001,LOF,0.1892418687097366,0.05726453952038149,0.7534935917698818
26002,LOF,0.14346311154704397,0.052013208971640565,0.8045236794813155
26003,GOF,0.009406434104518479,0.56816742797876,0.4224261379167216
26004,GOF,0.017799141589972117,0.6674946099235208,0.314706248486507
26005,LOF,0.006297631925912264,0.45302780880820237,0.5406745592658854
26006,Neutral,0.506837405957752,0.24703816744692014,0.24612442659532788
26007,GOF,0.01973028624109092,0.5146873788050333,0.4655823349538756
26008,GOF,0.015131276069445965,0.585278758655821,0.39958996527473295
26009,GOF,0.019518689391748847,0.6595981797860021,0.320883130822249
26010,GOF,0.019964168889352374,0.6277042383951034,0.3523315927155444
26011,LOF,0.006343290344528274,0.43255618278946817,0.5611005268660035
26012,GOF,0.011273107453183401,0.5299999713821719,0.4587269211646448
26013,GOF,0.016407955116812437,0.5953461193166799,0.3882459255665077
26014,LOF,0.04420686714753712,0.0936468907042411,0.8621462421482218
26015,LOF,0.16024707651345643,0.013347836742541874,0.8264050867440018
26016,LOF,0.21281227995242397,0.056442693016469266,0.7307450270311068
26017,LOF,0.2378536061453724,0.09096157072456565,0.671184823130062
26018,LOF,0.08723103437547641,0.030222565341213523,0.8825464002833101
26019,LOF,0.08318039124534571,0.023340113104803446,0.893479495649851
26020,LOF,0.06755031776141375,0.1008391682286942,0.8316105140098922
26021,LOF,0.045979055412148945,0.09857795824104475,0.8554429863468063
26022,LOF,0.011006419984500745,0.03275890457785845,0.9562346754376407
26023,LOF,0.07644513877570623,0.01829075376861117,0.9052641074556825
26024,LOF,0.03187277566533663,0.10945921334882973,0.8586680109858336
26025,LOF,0.15455320195230202,0.08315434383431994,0.762292454213378
26026,LOF,0.344653558499587,0.02618338972604386,0.629163051774369
26027,LOF,0.06423687973499827,0.013799203807696347,0.9219639164573055
26028,LOF,0.17419043331769846,0.06468897476242148,0.7611205919198801
26029,LOF,0.07056823736312026,0.19382505869430192,0.7356067039425779
26030,LOF,0.02104105675081633,0.059038411327689375,0.9199205319214944
26031,LOF,0.025227246587899564,0.14159419627625391,0.8331785571358465
26032,LOF,0.06263174130119127,0.09262474037654023,0.8447435183222686
26033,LOF,0.08734007597233188,0.09213538230278244,0.8205245417248856
26034,LOF,0.03992971879959566,0.16954303863344053,0.7905272425669638
26035,LOF,0.024805225737085646,0.16198389396393212,0.8132108802989821
26036,LOF,0.03806591650446302,0.18340633171097281,0.7785277517845642
26037,LOF,0.02122155691135615,0.1257326664751708,0.853045776613473
26038,LOF,0.058796947519755366,0.09530058619882502,0.8459024662814196
26039,LOF,0.053398564462711726,0.1668221714076936,0.7797792641295946
26040,LOF,0.21149108206340944,0.1410811857768209,0.6474277321597697
26041,LOF,0.021739371937900938,0.11643489705391268,0.8618257310081864
26042,LOF,0.020116284593619888,0.10868239860099103,0.871201316805389
26043,LOF,0.06066953468292571,0.10993536592324385,0.8293950993938304
26044,LOF,0.018558762772769,0.07281056345934252,0.9086306737678885
26045,LOF,0.06567868261697743,0.10446573314505929,0.8298555842379634
26046,LOF,0.054879573151471066,0.08872342569157735,0.8563970011569517
26047,LOF,0.07053310932464087,0.0921737571602015,0.8372931335151577
26048,LOF,0.04656490533248118,0.05118096631969171,0.9022541283478271
26049,Neutral,0.9673265057805798,0.0074289633177060665,0.025244530901714215
26050,Neutral,0.9533730689335296,0.010138854600385175,0.03648807646608523
26051,LOF,0.05120068068439165,0.3055637771050091,0.6432355422105992
26052,LOF,0.06731671359905159,0.3498849492279032,0.5827983371730452
26053,LOF,0.061017969285771294,0.1187445468315215,0.8202374838827072
26054,LOF,0.05171862890131963,0.017510705466410047,0.9307706656322704
26055,LOF,0.06852875940333511,0.014562029153034681,0.9169092114436302
26056,LOF,0.06054937688898432,0.01613012442326185,0.9233204986877537
26057,LOF,0.02918967927235614,0.012888172978873475,0.9579221477487704
26058,LOF,0.02977119244717189,0.010282567458161338,0.9599462400946668
26059,LOF,0.2737276704891162,0.02004694916681137,0.7062253803440725
26060,LOF,0.035928773303663834,0.18496170686304,0.7791095198332961
26061,LOF,0.017510775099355346,0.011770875966705523,0.970718348933939
26062,LOF,0.010600500704173602,0.017500058323804454,0.971899440972022
26063,LOF,0.020740651443733268,0.011629575995509527,0.9676297725607573
26064,LOF,0.022904543112857945,0.02042739110494324,0.9566680657821988
26065,LOF,0.02530496157375377,0.011439133580843553,0.9632559048454027
26066,LOF,0.022390470328243924,0.0120095235958248,0.9656000060759313
26067,LOF,0.02855297669218912,0.009521331481871929,0.9619256918259389
26068,LOF,0.04545108501708489,0.02689936616310699,0.9276495488198082
26069,LOF,0.2679747895218163,0.018062894297264123,0.7139623161809197
26070,LOF,0.38866820871024477,0.015745469201374165,0.5955863220883811
26071,LOF,0.020483406668783483,0.01217363910629012,0.9673429542249263
26072,LOF,0.020621221182586764,0.01621477547039111,0.9631640033470222
26073,LOF,0.020759114235212286,0.01053418468069278,0.968706701084095
26074,Neutral,0.908939168437382,0.00532091463426208,0.08573991692835582
26075,LOF,0.04467794878145533,0.014083816362059198,0.9412382348564854
26076,LOF,0.039462162934845016,0.009867807936492804,0.950670029128662
26077,LOF,0.009679341126004902,0.016090067431175085,0.97423059144282
26078,LOF,0.013188480443972538,0.012108654760545956,0.9747028647954814
26079,LOF,0.06277944206035169,0.01628199164218119,0.9209385662974671
26080,LOF,0.06148178558827699,0.016319256156275833,0.9221989582554472
26081,LOF,0.03433643746886051,0.006688202948818196,0.9589753595823214
26082,LOF,0.013665445885471368,0.016225972701384875,0.9701085814131438
26083,LOF,0.18316237384595466,0.013176900317138935,0.8036607258369063
26084,LOF,0.04163727981119196,0.011877113495218345,0.9464856066935897
26085,LOF,0.036773128011047304,0.011367533563860843,0.9518593384250918
26086,LOF,0.021011799643904844,0.01151830489963991,0.9674698954564552
26087,LOF,0.02442017426876111,0.008321019352474007,0.9672588063787649
26088,LOF,0.015785784789208036,0.024340757363335727,0.9598734578474563
26089,LOF,0.043073963599678335,0.020809586904440177,0.9361164494958816
26090,LOF,0.042813399342155584,0.01713336635073927,0.9400532343071051
26091,LOF,0.034696257596892356,0.006826902932348296,0.9584768394707593
26092,LOF,0.02128028903616103,0.008434164755140586,0.9702855462086984
26093,LOF,0.034348836884923954,0.006069008349168255,0.9595821547659078
26094,LOF,0.0349726560350156,0.006724243670354065,0.9583031002946304
26095,LOF,0.03784296746451481,0.013084202530388337,0.9490728300050968
26096,LOF,0.017895819404908954,0.012388501015030898,0.9697156795800602
26097,LOF,0.011853118503376787,0.035105341600776774,0.9530415398958464
26098,LOF,0.08242296385672446,0.010695858912706127,0.9068811772305695
26099,LOF,0.021132187915291974,0.012486290668824231,0.9663815214158837
26100,LOF,0.02363888087538414,0.011995900913773932,0.9643652182108419
26101,LOF,0.04890078290532367,0.016127143697054466,0.9349720733976219
26102,LOF,0.021096942993389167,0.012823376425963729,0.966079680580647
26103,Neutral,0.8837915682542169,0.01794035920880901,0.09826807253697403
26104,LOF,0.08342574638230989,0.022957022517746256,0.8936172310999438
26105,LOF,0.1976047555147187,0.2958695922420342,0.5065256522432472
26106,LOF,0.1723515184587253,0.1259302250818363,0.7017182564594384
26107,LOF,0.24007240226115634,0.08143837510904833,0.6784892226297953
26108,LOF,0.25344814214100175,0.09883542820555127,0.647716429653447
26109,LOF,0.09223817607409035,0.06259921478531724,0.8451626091405924
26110,LOF,0.21083647375360556,0.008752480072940303,0.7804110461734541
26111,Neutral,0.4890779128394906,0.02538105044652595,0.4855410367139833
26112,LOF,0.03138388250471147,0.0091460656351148,0.9594700518601738
26113,LOF,0.06413533373925025,0.021858055390966368,0.9140066108697834
26114,LOF,0.023156146561194475,0.030999244261948663,0.945844609176857
26115,LOF,0.0819123382406608,0.05485745037368872,0.8632302113856505
26116,LOF,0.06296406230228109,0.06835485281454073,0.8686810848831783
26117,LOF,0.43239722100395606,0.04144992955448033,0.5261528494415636
26118,LOF,0.03216147626262433,0.02473304525099913,0.9431054784863765
26119,LOF,0.023142950088135723,0.03516924544214399,0.9416878044697203
26120,LOF,0.025755409157440727,0.019462461448885464,0.9547821293936739
26121,LOF,0.04610031309705737,0.07815736074177948,0.8757423261611632
26122,LOF,0.042645337636261334,0.03368132151704938,0.9236733408466894
