feature0,prediction,LoGoFunc_Neutral,LoGoFunc_GOF,LoGoFunc_LOF
25546,Neutral,0.6157173194485158,0.04821906830949038,0.3360636122419937
25547,Neutral,0.5224190816394672,0.07105645291420226,0.4065244654463306
25548,Neutral,0.5008732907083175,0.06633878563350203,0.43278792365818036
25549,LOF,0.4474644014849821,0.06749460824474404,0.48504099027027386
25550,LOF,0.3844867852923564,0.07788640231148422,0.5376268123961593
25551,LOF,0.3254856851056944,0.07860584805549369,0.5959084668388119
25552,LOF,0.2994712220359873,0.08922869017728353,0.6113000877867291
25553,Neutral,0.7859587821092373,0.0450626080236223,0.16897860986714047
25554,LOF,0.3201192791717768,0.0792287899875587,0.6006519308406645
25555,LOF,0.2712212577469203,0.08218889764788831,0.6465898446051914
25556,LOF,0.43881166365183416,0.07068713831136257,0.49050119803680325
25557,LOF,0.2569765833246675,0.08018072143256154,0.662842695242771
25558,LOF,0.31457445786643723,0.07548635663619686,0.6099391854973658
25559,LOF,0.2625852953802846,0.04471768039300087,0.6926970242267145
25560,LOF,0.10594000024542352,0.11952209512416945,0.774537904630407
25561,LOF,0.09317547674501914,0.18600830736291268,0.7208162158920682
25562,LOF,0.03918646598208169,0.08109397243985957,0.8797195615780588
25563,LOF,0.007878576318949546,0.18463180760762765,0.8074896160734227
25564,LOF,0.07752305528014576,0.09804243031410048,0.8244345144057537
25565,LOF,0.2020305659323649,0.10846539535370874,0.6895040387139263
25566,GOF,0.07707785160753103,0.7830829190594222,0.13983922933304682
25567,LOF,0.05741207368471444,0.17282038429468907,0.7697675420205964
25568,LOF,0.06063387447157114,0.11440489154788971,0.8249612339805392
25569,LOF,0.06345069099578629,0.11097729369918714,0.8255720153050266
25570,LOF,0.027573427152200958,0.1568858891315441,0.815540683716255
25571,LOF,0.027445546422069304,0.16588753851179897,0.8066669150661318
25572,LOF,0.058609338809565446,0.235046161314427,0.7063444998760076
25573,LOF,0.06679242635895993,0.14847159721741973,0.7847359764236203
25574,LOF,0.08994733259924673,0.25937179470220056,0.6506808726985528
25575,LOF,0.02678497736339694,0.18010547763151202,0.7931095450050911
25576,LOF,0.02548949292658144,0.2932059866871144,0.6813045203863042
25577,LOF,0.02928995147110691,0.2109988559660925,0.7597111925628006
25578,LOF,0.29002503126998663,0.10899744667777966,0.6009775220522336
25579,LOF,0.20106368924948448,0.10953767581973599,0.6893986349307797
25580,LOF,0.025727628181133826,0.10594574854411545,0.8683266232747507
25581,LOF,0.0422696761181138,0.13400028109641268,0.8237300427854735
25582,LOF,0.041854732567299414,0.13053609152791265,0.827609175904788
25583,LOF,0.03488120694113656,0.11671282015768747,0.8484059729011759
25584,Neutral,0.7131122701104844,0.12661280346281284,0.16027492642670288
25585,LOF,0.027352635173060504,0.22829558532131278,0.7443517795056267
25586,LOF,0.024936462352054337,0.12975122732617062,0.845312310321775
25587,LOF,0.0239695772732797,0.13448066124522426,0.841549761481496
25588,LOF,0.03033272682354145,0.103381817637306,0.8662854555391525
25589,Neutral,0.5947591698434489,0.21463236652699144,0.19060846362955963
25590,LOF,0.06036274985055437,0.1690135367425961,0.7706237134068497
25591,LOF,0.10047699834831683,0.10798887892063852,0.7915341227310447
25592,LOF,0.08853933669043203,0.20979009999301138,0.7016705633165566
25593,LOF,0.1394359133453592,0.35144206202192746,0.5091220246327133
25594,LOF,0.03982903556937267,0.062020969888940757,0.8981499945416865
25595,LOF,0.04583136290691469,0.029684294852635712,0.9244843422404496
25596,LOF,0.11801176239631583,0.018056424145361485,0.8639318134583227
25597,LOF,0.08295320288829315,0.01978041841856924,0.8972663786931376
25598,LOF,0.04301264223910139,0.029316328358702074,0.9276710294021966
25599,LOF,0.026490793246051112,0.41546571243765895,0.5580434943162899
25600,LOF,0.1722742548666471,0.38701587432157647,0.44070987081177654
25601,LOF,0.04701058862334413,0.3163842081143211,0.6366052032623347
25602,LOF,0.02871465795509933,0.07237733312957317,0.8989080089153275
25603,LOF,0.055973468763506805,0.07033012204553786,0.8736964091909554
25604,LOF,0.056672954291518425,0.13441263368995796,0.8089144120185237
25605,LOF,0.05127173578317762,0.17054890562136904,0.7781793585954534
25606,Neutral,0.44201458753102113,0.23895864040596762,0.3190267720630112
25607,LOF,0.03113719187912399,0.24238968593420188,0.7264731221866741
25608,LOF,0.048015107905322076,0.08855995847351626,0.8634249336211618
25609,GOF,0.17960882631695105,0.5532083818425443,0.26718279184050464
25610,LOF,0.022951207822408032,0.09165861171866564,0.8853901804589264
25611,LOF,0.016371532337431337,0.09494318714715923,0.8886852805154093
25612,LOF,0.06887622328711807,0.10084511870352245,0.8302786580093595
25613,LOF,0.058874291260138434,0.10808445206568178,0.8330412566741798
25614,LOF,0.026770675735778668,0.09099232776327021,0.8822369965009511
25615,LOF,0.06858515007258434,0.08330350543254773,0.848111344494868
25616,LOF,0.07097455287528764,0.09970860217073814,0.8293168449539743
25617,LOF,0.05657593642234783,0.1072067396132211,0.836217323964431
25618,LOF,0.06370528882574876,0.17676945687568055,0.7595252542985707
25619,LOF,0.015641337486534162,0.14114927341121553,0.8432093891022504
25620,LOF,0.054328434145833805,0.10708923276810338,0.8385823330860628
25621,LOF,0.08928095111689384,0.09664244830351688,0.8140766005795893
25622,LOF,0.09736400102510956,0.10868835937265751,0.7939476396022329
25623,LOF,0.08221273041529846,0.08718858069818052,0.8305986888865211
25624,LOF,0.025004316903707798,0.088150569382878,0.8868451137134143
25625,LOF,0.07936105062518002,0.09171471475097885,0.8289242346238411
25626,LOF,0.062003710583727646,0.09147058771650743,0.846525701699765
25627,Neutral,0.8675471583936679,0.028697191475183532,0.10375565013114854
25628,LOF,0.17574285513560034,0.06346217533877024,0.7607949695256294
25629,LOF,0.06474865677994106,0.07133055700592934,0.8639207862141297
25630,LOF,0.2912379152284978,0.08374825417557644,0.6250138305959257
25631,Neutral,0.5027979843508056,0.06524098754592951,0.4319610281032649
25632,LOF,0.026566821897103077,0.13800954229845774,0.8354236358044391
25633,LOF,0.19364086744374712,0.08077687233158878,0.725582260224664
25634,LOF,0.03976098623414305,0.11913516586653684,0.8411038478993201
25635,LOF,0.03287516646690797,0.06792530615818032,0.8991995273749117
25636,GOF,0.03677952115588628,0.559042275315,0.4041782035291138
25637,GOF,0.038379967853375094,0.5217005057233934,0.4399195264232315
25638,LOF,0.02202378439681544,0.448776203216269,0.5292000123869156
25639,LOF,0.031835726122155114,0.4280698489010084,0.5400944249768365
25640,Neutral,0.7656342268363396,0.1845560407759081,0.04980973238775233
25641,LOF,0.1295273234457842,0.3227953667102286,0.5476773098439871
25642,LOF,0.12876999367834055,0.1834309932248331,0.6877990130968263
25643,LOF,0.3882223889822147,0.09184898138664131,0.5199286296311441
25644,GOF,0.008869361387267974,0.7368510534686791,0.254279585144053
25645,GOF,0.009804513547064082,0.6951986393214831,0.2949968471314528
25646,LOF,0.015399455762074729,0.46047484351427326,0.524125700723652
25647,LOF,0.00880224492213929,0.3684469398184011,0.6227508152594596
25648,LOF,0.012810856816842424,0.4208499970260344,0.5663391461571232
25649,LOF,0.00857413659991378,0.313532781653414,0.6778930817466723
25650,GOF,0.028638622491827206,0.6391139150904465,0.33224746241772635
25651,LOF,0.009903269743953067,0.4496574886928543,0.5404392415631926
25652,LOF,0.010212513419540194,0.44994835953363604,0.5398391270468237
25653,GOF,0.03648472376021809,0.6340713900652145,0.3294438861745674
25654,LOF,0.01248690005047198,0.38126303227239466,0.6062500676771333
25655,GOF,0.08239991526221946,0.6810169688610649,0.23658311587671566
25656,LOF,0.18199206275974988,0.09154302204982935,0.7264649151904208
25657,LOF,0.02950405509629979,0.10746536147496892,0.8630305834287313
25658,LOF,0.1962943429217527,0.15976268682506736,0.6439429702531799
25659,LOF,0.28444191065433116,0.20933341341641162,0.5062246759292572
25660,LOF,0.02002935603641492,0.1286694915548281,0.851301152408757
25661,LOF,0.06049024758191346,0.0791683602577327,0.8603413921603538
25662,LOF,0.02416182867681645,0.049677508531304745,0.9261606627918788
25663,LOF,0.027343480728403,0.04521505999706003,0.9274414592745369
25664,LOF,0.09073921600372184,0.07243926575564315,0.8368215182406349
25665,LOF,0.05111610903412435,0.0390155954271328,0.9098682955387428
25666,LOF,0.06863779931406654,0.05798146799285007,0.8733807326930835
25667,LOF,0.0495768611556853,0.0520898757484231,0.8983332630958916
25668,LOF,0.024721417115260335,0.06725797974223649,0.9080206031425031
25669,LOF,0.017232797481455533,0.05854923143485788,0.9242179710836865
25670,LOF,0.11508011386741818,0.05503772640057777,0.8298821597320041
25671,LOF,0.07288967179308153,0.047529666128479676,0.8795806620784388
25672,LOF,0.04121205052605924,0.06416150918067659,0.8946264402932642
25673,LOF,0.0776509026973405,0.047994074442115155,0.8743550228605443
25674,LOF,0.07367198122697359,0.06398306483234123,0.8623449539406851
25675,LOF,0.06914096519036872,0.07320846508963573,0.8576505697199956
25676,LOF,0.014067153342407197,0.07530611262477895,0.9106267340328139
25677,LOF,0.013434046593527822,0.0949310867777021,0.8916348666287701
25678,LOF,0.18335061534368285,0.0863785386870642,0.7302708459692528
25679,LOF,0.10841548564540614,0.10373091074059264,0.7878536036140013
25680,LOF,0.01786413826677899,0.13756652417424747,0.8445693375589735
25681,LOF,0.03001903597676497,0.12268828698743264,0.8472926770358022
25682,LOF,0.0921135560711647,0.08783613851874908,0.8200503054100862
25683,LOF,0.08872289748953908,0.09473238796607683,0.816544714544384
25684,LOF,0.020975293481353605,0.08044447513838314,0.8985802313802632
25685,LOF,0.10912260186328886,0.10760062718050623,0.7832767709562048
25686,LOF,0.0526282542351013,0.25620058234175147,0.6911711634231473
25687,LOF,0.09769761691525693,0.22644675114256432,0.6758556319421788
25688,LOF,0.43399181984272683,0.02845990924422083,0.5375482709130524
25689,LOF,0.23903074084027567,0.03503363322793,0.7259356259317943
25690,LOF,0.3342588703236691,0.02403059706437705,0.6417105326119539
25691,Neutral,0.7513542384038909,0.023421520170150062,0.22522424142595915
25692,LOF,0.3283012233242232,0.009957800348628018,0.6617409763271489
25693,GOF,0.04563452703735541,0.49912833948145857,0.45523713348118594
25694,LOF,0.10519669352064713,0.02346232992330411,0.8713409765560488
25695,LOF,0.10463616489726846,0.009253224909241228,0.8861106101934902
25696,LOF,0.11294836730450539,0.023997648679797215,0.8630539840156974
25697,LOF,0.04305165007569166,0.07222412101695848,0.8847242289073498
25698,LOF,0.28455794236719223,0.19765021167619373,0.517791845956614
25699,LOF,0.3680802611912966,0.06297914099097161,0.5689405978177319
25700,LOF,0.05286404321114272,0.011817367574756606,0.9353185892141006
25701,LOF,0.1553322714767474,0.05124814497869032,0.7934195835445623
25702,GOF,0.2036597144019995,0.6546121957856208,0.14172808981237975
25703,LOF,0.017985520873158765,0.20971590583499788,0.7722985732918433
25704,LOF,0.03309997675509882,0.1848851671322168,0.7820148561126843
25705,LOF,0.03109358400228682,0.08721619249267545,0.8816902235050378
25706,GOF,0.11879040446043952,0.4939031997128369,0.38730639582672355
25707,LOF,0.10838621484799404,0.35386728472509266,0.5377465004269133
25708,LOF,0.04446388200154234,0.40925472676715025,0.5462813912313074
25709,LOF,0.06896040713165236,0.04991306732602573,0.8811265255423218
25710,LOF,0.017598137145366875,0.17041888487868834,0.8119829779759448
25711,LOF,0.018043274988748935,0.09434188850421112,0.88761483650704
25712,LOF,0.016944159397517724,0.20467214709268636,0.778383693509796
25713,LOF,0.016888543139860022,0.07732179296411122,0.9057896638960289
25714,LOF,0.06828753506469522,0.07119498399450343,0.8605174809408013
25715,LOF,0.011368156893689078,0.12200030596416016,0.8666315371421508
25716,LOF,0.013558342945308034,0.14041506074091575,0.8460265963137763
25717,LOF,0.019076931319163666,0.0845121013758478,0.8964109673049886
25718,LOF,0.010577439332667232,0.058618108503815484,0.9308044521635173
25719,LOF,0.022589039396529616,0.099853901730455,0.8775570588730153
25720,LOF,0.028245383968317876,0.05181168223179265,0.9199429337998893
25721,LOF,0.010966043209296871,0.09548957809938627,0.8935443786913169
25722,LOF,0.01261963912903337,0.08003016414514987,0.9073501967258168
25723,LOF,0.022671839432504035,0.05648353186105505,0.9208446287064409
25724,LOF,0.03416101729336275,0.10326229184161743,0.8625766908650198
25725,LOF,0.010580099309779066,0.09324459452084784,0.896175306169373
25726,LOF,0.01621697912840131,0.13571991177461912,0.8480631090969797
25727,LOF,0.013580649542697098,0.0811585266596893,0.9052608237976136
25728,LOF,0.01016257359030959,0.10745807878745907,0.8823793476222314
25729,LOF,0.010411914030538347,0.10481989098753307,0.8847681949819286
25730,LOF,0.014059297307067533,0.10706686714517698,0.8788738355477554
25731,LOF,0.01893718908277509,0.15384756469956168,0.8272152462176632
25732,LOF,0.013842385225692878,0.05549803568772562,0.9306595790865815
25733,LOF,0.014534547651700697,0.07211144099953631,0.9133540113487629
25734,LOF,0.013708423112129175,0.1584265181806465,0.8278650587072244
25735,LOF,0.010658731481953052,0.07013059512548989,0.9192106733925571
25736,LOF,0.011906510833510934,0.07130390732294238,0.9167895818435466
25737,LOF,0.012942691620523325,0.09635867989004347,0.8906986284894332
25738,LOF,0.011695387982487978,0.09705156215926199,0.89125304985825
25739,LOF,0.01838564918191083,0.08258949433423142,0.8990248564838579
25740,LOF,0.028763885543744348,0.10677233031580018,0.8644637841404555
25741,LOF,0.014024767308074297,0.11142206343308075,0.874553169258845
25742,LOF,0.10287019924311082,0.07758046559846592,0.8195493351584233
25743,LOF,0.048962625444478394,0.0564988135456199,0.8945385610099018
25744,Neutral,0.6117943869036074,0.24630040934675032,0.14190520374964216
25745,LOF,0.062307180033317804,0.0644703641183695,0.8732224558483127
25746,LOF,0.04384200162665634,0.10619283337544357,0.8499651649979001
25747,LOF,0.018496528268799786,0.12526470980869023,0.85623876192251
25748,LOF,0.0929836034639036,0.15471035999381064,0.7523060365422858
25749,LOF,0.02783713231815434,0.09167000558597077,0.880492862095875
25750,LOF,0.06584613801438591,0.09768961686593038,0.8364642451196838
25751,LOF,0.11092527255992292,0.15228828691314594,0.7367864405269312
25752,GOF,0.12556617175050352,0.6615469584308614,0.21288686981863514
25753,LOF,0.03882075064979514,0.3624835362842678,0.598695713065937
25754,GOF,0.027923634316008826,0.7845952219169904,0.1874811437670007
25755,LOF,0.03782413932994063,0.3218352128867705,0.6403406477832889
25756,LOF,0.07370047938230273,0.41533649715106663,0.5109630234666307
25757,GOF,0.02277040565343594,0.8606805584178486,0.11654903592871534
25758,GOF,0.039661040387356704,0.7795590147790377,0.18077994483360563
25759,GOF,0.018903239030736152,0.6887414288462415,0.2923553321230225
25760,LOF,0.021833091863852457,0.4128967697306978,0.5652701384054497
25761,GOF,0.3253002767942713,0.5990612043728292,0.07563851883289946
25762,LOF,0.05969621221115599,0.3938111142136991,0.546492673575145
25763,LOF,0.020845513412401394,0.30134074792781457,0.677813738659784
25764,GOF,0.07321466594232208,0.722934465629026,0.20385086842865208
25765,GOF,0.04070884060655866,0.791141460033614,0.16814969935982726
25766,GOF,0.10623665750296153,0.7230493642660997,0.17071397823093876
25767,GOF,0.12957621599411565,0.48680470937520093,0.3836190746306834
25768,LOF,0.09240787684002696,0.035567825648509056,0.8720242975114639
25769,LOF,0.050818748280296665,0.07256474678239269,0.8766165049373106
25770,LOF,0.41589396564292447,0.09902499902309857,0.48508103533397706
25771,LOF,0.07234927964874792,0.04644696248899081,0.8812037578622613
25772,LOF,0.01847936053620535,0.05291485343457073,0.928605786029224
25773,LOF,0.07601828482970888,0.047143711303401656,0.8768380038668895
25774,LOF,0.02861911094730621,0.11880242668511629,0.8525784623675775
25775,LOF,0.08523035933908839,0.0425451356371728,0.8722245050237389
25776,LOF,0.06870786760613146,0.033433024709937025,0.8978591076839315
25777,Neutral,0.5580260375410507,0.06738275022664969,0.3745912122322996
25778,LOF,0.060090097842823785,0.049926318879408606,0.8899835832777676
25779,GOF,0.38916092242658257,0.5630781960228722,0.047760881550545274
25780,GOF,0.3598500462575612,0.5600473295230098,0.08010262421942901
25781,GOF,0.10461869340761067,0.7814742593755786,0.11390704721681068
25782,GOF,0.16087739567750864,0.7445690522780656,0.09455355204442581
25783,GOF,0.022768843284698515,0.6992172690360408,0.2780138876792607
25784,Neutral,0.5094190179484771,0.44156267164987895,0.049018310401643894
25785,Neutral,0.499235441405866,0.43376659848412485,0.0669979601100091
25786,GOF,0.027947624887652265,0.7412548232925645,0.23079755181978315
25787,Neutral,0.6943462022732158,0.26345667860608557,0.04219711912069861
25788,LOF,0.05395744223406169,0.08411733672082916,0.861925221045109
25789,GOF,0.20291996906441764,0.6732390325229825,0.1238409984125999
25790,GOF,0.25193190104988367,0.6226461215237423,0.12542197742637404
25791,GOF,0.12501168492812345,0.649991233991934,0.2249970810799424
25792,GOF,0.32144937318827005,0.5066124521383168,0.17193817467341319
25793,GOF,0.24279702859539168,0.4878146042329443,0.2693883671716639
25794,GOF,0.29913256233685076,0.5056189703820452,0.19524846728110415
25795,GOF,0.06435920823290281,0.6609655479539839,0.2746752438131132
25796,Neutral,0.462784317028803,0.43869963416337093,0.09851604880782606
25797,GOF,0.07931279096807099,0.538203665483446,0.382483543548483
25798,GOF,0.010919743754384557,0.5816207786661082,0.4074594775795071
25799,GOF,0.009405537198942484,0.5295643385131245,0.4610301242879331
25800,GOF,0.03534806801766351,0.6759651561686485,0.288686775813688
25801,GOF,0.20181342326227553,0.6887169274980931,0.10946964923963139
25802,GOF,0.06492557416598524,0.6775554497220103,0.2575189761120045
25803,GOF,0.045099020375932414,0.5924488109446295,0.3624521686794381
25804,GOF,0.03436538635344973,0.5343171074950332,0.43131750615151715
25805,GOF,0.08724082867589361,0.5735883051475662,0.3391708661765402
25806,GOF,0.12960440574320448,0.5997706897847421,0.2706249044720534
25807,GOF,0.01791319540426206,0.6074922063902001,0.37459459820553787
25808,GOF,0.0910516305109234,0.5994690508532166,0.3094793186358601
25809,GOF,0.018829444934745216,0.5864350633477966,0.39473549171745814
25810,GOF,0.019911938807488747,0.5812977131017422,0.3987903480907691
25811,GOF,0.4329579915345202,0.49681777855906967,0.07022422990641004
25812,GOF,0.04016440209340629,0.6539726120788958,0.3058629858276978
25813,Neutral,0.5486679673845715,0.33499171277847717,0.11634031983695128
25814,GOF,0.12750822660846156,0.6285055890041661,0.24398618438737227
25815,GOF,0.25892712383522887,0.5789695221147073,0.16210335405006396
25816,GOF,0.019988752599039355,0.695474275974769,0.2845369714261916
25817,GOF,0.18171686880870463,0.6676330776964634,0.15065005349483204
25818,GOF,0.038833521345258096,0.6207557436060565,0.34041073504868535
25819,GOF,0.35496420417103763,0.47974955991076573,0.16528623591819663
25820,GOF,0.17445474382961196,0.5913121265052735,0.23423312966511445
25821,GOF,0.06114612526988806,0.6664360768668904,0.2724177978632215
25822,GOF,0.2497959756831644,0.5385015717180774,0.21170245259875822
25823,GOF,0.03996440913098934,0.5244530805254145,0.43558251034359613
25824,GOF,0.09222441214024264,0.530780553098334,0.3769950347614233
25825,GOF,0.033503774388299844,0.5429402791691319,0.42355594644256833
25826,GOF,0.012648612961062147,0.5243228658757645,0.4630285211631733
25827,GOF,0.02040653858779157,0.5596915557933759,0.4199019056188325
25828,GOF,0.014554309811206922,0.4973399789069337,0.4881057112818594
25829,GOF,0.009542027853984421,0.572053052650436,0.4184049194955795
25830,LOF,0.036884787105829105,0.29236653096625376,0.6707486819279171
25831,GOF,0.11251543706845116,0.7374333395342021,0.15005122339734675
25832,GOF,0.036859919144102436,0.7195085155559542,0.24363156529994326
25833,GOF,0.11140677602998919,0.7001564790412997,0.188436744928711
25834,GOF,0.04292981174445848,0.7125315159029354,0.2445386723526062
25835,GOF,0.09765283033109085,0.6530197338231993,0.24932743584570982
25836,GOF,0.04889520731812854,0.6907730886510708,0.2603317040308006
25837,GOF,0.027933941423300773,0.5463915534309687,0.4256745051457306
25838,GOF,0.09583587348288843,0.7017465479167628,0.20241757860034873
25839,GOF,0.2612841444352294,0.5453403225444705,0.1933755330203001
25840,GOF,0.18050263763541735,0.6195546662270377,0.19994269613754495
25841,GOF,0.21947344291623477,0.5873361988407065,0.19319035824305866
25842,GOF,0.14766640020704297,0.6483711826209987,0.20396241717195826
25843,GOF,0.20500107952815794,0.6424704750833136,0.15252844538852853
25844,GOF,0.06304532489017817,0.6830948275190921,0.2538598475907297
25845,GOF,0.016509861715265164,0.5493532765189701,0.4341368617657647
25846,GOF,0.07693929921617403,0.7311113729517907,0.1919493278320354
25847,GOF,0.10388089737711688,0.7133941254937497,0.18272497712913346
25848,GOF,0.0444260499467605,0.6515274762798619,0.30404647377337773
25849,GOF,0.013869840698625938,0.5625641965367911,0.42356596276458286
25850,GOF,0.026054512625638515,0.6435623773453427,0.33038311002901877
25851,GOF,0.02398151538837376,0.5509115535899032,0.4251069310217231
25852,GOF,0.1216724740507501,0.5599505087648404,0.31837701718440936
25853,GOF,0.2957809796388894,0.5976243548628217,0.10659466549828887
25854,GOF,0.021243267120759173,0.7071047493298168,0.27165198354942405
25855,GOF,0.04427106315177758,0.646168153735278,0.3095607831129444
25856,GOF,0.22122061232949555,0.5962616826805803,0.1825177049899242
25857,GOF,0.039116268913897564,0.5905312368731601,0.37035249421294236
25858,GOF,0.020847855805321978,0.648664743169621,0.3304874010250571
25859,GOF,0.011955471627083212,0.6395102367829326,0.34853429158998417
25860,GOF,0.27134000523981344,0.6259949948522198,0.10266499990796671
25861,GOF,0.3034499501368878,0.6020056116141796,0.09454443824893255
25862,GOF,0.06516033140062981,0.7741373662201937,0.16070230237917665
25863,GOF,0.06923196935631366,0.7888690055262747,0.1418990251174117
25864,GOF,0.12152928604623112,0.7607341687788156,0.11773654517495327
25865,GOF,0.06859094759484102,0.7660566805632361,0.16535237184192286
25866,GOF,0.0574893205253273,0.814014859225282,0.12849582024939057
25867,GOF,0.0650664408524854,0.8172027363459249,0.11773082280158984
25868,GOF,0.198499580240874,0.6755615761417084,0.12593884361741753
25869,Neutral,0.6418140529412718,0.29541794877982996,0.06276799827889813
25870,LOF,0.23363395056594796,0.2995019089697561,0.4668641404642961
25871,GOF,0.16360658180070617,0.6919972591921508,0.14439615900714287
25872,GOF,0.0753194655612548,0.6395716171321308,0.2851089173066144
25873,GOF,0.12893916777228986,0.6424512378920005,0.22860959433570954
25874,LOF,0.021237950987415856,0.09167209494537354,0.8870899540672107
25875,LOF,0.04759480947093526,0.1881941363795229,0.7642110541495418
25876,LOF,0.01994478894959563,0.1000774596604497,0.8799777513899547
25877,LOF,0.3963554158439909,0.1798505688884883,0.4237940152675209
25878,LOF,0.12822572938819599,0.2730774538929993,0.5986968167188047
25879,LOF,0.0695214862419255,0.29556869493394067,0.6349098188241339
25880,LOF,0.020421083311563747,0.0494758119227403,0.9301031047656959
25881,LOF,0.20620329455836478,0.19760500455654492,0.5961917008850903
25882,LOF,0.07452929171573909,0.024392571369893756,0.9010781369143672
25883,LOF,0.0821864729436348,0.043886656127836446,0.8739268709285288
25884,LOF,0.04775028640334202,0.043777742209864315,0.9084719713867936
25885,LOF,0.06376394518232707,0.02594157834271879,0.9102944764749541
25886,LOF,0.3481900308293041,0.11234812815028311,0.5394618410204127
25887,LOF,0.21444371712493454,0.1593646970046521,0.6261915858704133
25888,LOF,0.07330456500689773,0.09680437266258426,0.829891062330518
25889,LOF,0.0351116718373349,0.05370262260136989,0.9111857055612953
25890,LOF,0.06952634237189073,0.11075433467880921,0.8197193229493
25891,LOF,0.06555810017242363,0.051567949826680594,0.8828739500008959
25892,LOF,0.09560406957235447,0.03988911874630177,0.8645068116813438
25893,LOF,0.3090431614660246,0.026968063412340156,0.6639887751216353
25894,LOF,0.16774078398426404,0.0122909782671247,0.8199682377486114
25895,LOF,0.2387132298957353,0.022542839586850195,0.7387439305174144
25896,LOF,0.046314405599916585,0.022918650709988272,0.9307669436900953
25897,LOF,0.24258180974418198,0.03080492423573899,0.726613266020079
25898,Neutral,0.7927177464648422,0.022512819116167856,0.18476943441898994
25899,LOF,0.21168186075668002,0.06898671786052388,0.719331421382796
25900,Neutral,0.6082746987590318,0.013766154107137666,0.3779591471338304
25901,LOF,0.05128238208874486,0.015379139743007064,0.9333384781682481
25902,LOF,0.18423232388422806,0.01622288255727854,0.7995447935584934
25903,Neutral,0.5991003761557488,0.06676536945671274,0.33413425438753847
25904,LOF,0.2807317534165369,0.04454562618766816,0.674722620395795
25905,LOF,0.03713452517874956,0.3686688185417524,0.594196656279498
25906,LOF,0.02437509754766791,0.06613047901847337,0.9094944234338587
25907,LOF,0.01271959783757588,0.40030994514033214,0.5869704570220919
25908,LOF,0.01575699202711104,0.26543122459692087,0.7188117833759681
25909,LOF,0.01717010657037379,0.11073847467350587,0.8720914187561204
25910,LOF,0.024125651891170562,0.41506916950824424,0.5608051786005852
25911,LOF,0.06302201975579268,0.06644988301853746,0.8705280972256698
25912,LOF,0.02963920881486943,0.14111232261093345,0.829248468574197
25913,LOF,0.2171691528020201,0.058449740917044635,0.7243811062809352
25914,LOF,0.021786556103071508,0.08215877143741149,0.8960546724595171
25915,Neutral,0.4207029531815711,0.2654832477188182,0.3138137990996108
25916,LOF,0.0352196516165369,0.42989678426236944,0.5348835641210937
25917,LOF,0.05004366072195239,0.05101628112205371,0.8989400581559939
25918,LOF,0.026418478290063444,0.04735740720405732,0.9262241145058793
25919,LOF,0.024582189936663983,0.05285652243128952,0.9225612876320465
25920,GOF,0.13856071192693933,0.4947335746420523,0.36670571343100844
25921,LOF,0.02872272244037892,0.025195305869421713,0.9460819716901994
25922,LOF,0.04075330749975885,0.01932344328944943,0.9399232492107917
25923,LOF,0.3849971033876469,0.02475887349324939,0.5902440231191037
25924,LOF,0.04119783633077497,0.025202491209926823,0.9335996724592982
25925,LOF,0.06936606595770381,0.033122393358203,0.8975115406840931
25926,LOF,0.051862607404799636,0.020874024612793637,0.9272633679824066
25927,LOF,0.06505735026512634,0.05011083882618571,0.884831810908688
25928,LOF,0.023070969943433717,0.02218738615659692,0.9547416438999693
25929,Neutral,0.5345336474225452,0.029971066901992794,0.43549528567546214
25930,LOF,0.06613492314651026,0.018513594411766095,0.9153514824417236
25931,LOF,0.029971186695120815,0.017417287735411544,0.9526115255694676
25932,LOF,0.027850132931636642,0.017272905677528545,0.9548769613908348
25933,LOF,0.037364632176011256,0.011115656462175097,0.9515197113618137
25934,LOF,0.026335737060094414,0.015868907146324048,0.9577953557935817
25935,LOF,0.06604119532409593,0.03200169760256485,0.9019571070733392
25936,LOF,0.04349576416645554,0.01974675434533676,0.9367574814882077
25937,LOF,0.03269546529241671,0.023077619887030207,0.9442269148205531
25938,LOF,0.06438523441813573,0.04023006104125206,0.8953847045406121
25939,LOF,0.040983266272117624,0.011477172240352811,0.9475395614875295
25940,LOF,0.026898174860185652,0.483078945559754,0.49002287958006036
25941,LOF,0.16725036143110136,0.071589435597388,0.7611602029715107
25942,LOF,0.01673486633109994,0.02853194371782158,0.9547331899510785
25943,LOF,0.406535802051307,0.05424008788484075,0.5392241100638522
25944,LOF,0.4790670930948185,0.03462928675392133,0.4863036201512602
25945,LOF,0.08526222145830081,0.031077028539153038,0.8836607500025461
25946,LOF,0.0399370627968063,0.1126157821372337,0.84744715506596
25947,LOF,0.15326238740012038,0.21072935015543928,0.6360082624444403
25948,LOF,0.4201541356412219,0.011701712255386538,0.5681441521033916
25949,LOF,0.13392372592219678,0.04315362450901059,0.8229226495687927
25950,GOF,0.20591602876745324,0.5097624608465126,0.2843215103860342
25951,LOF,0.248063056708476,0.12264637745059928,0.6292905658409248
25952,LOF,0.05493673995841101,0.4017176384763154,0.5433456215652734
25953,LOF,0.15406980583048513,0.10324081020602745,0.7426893839634875
25954,Neutral,0.4010639867338449,0.22395800986696004,0.37497800339919496
25955,LOF,0.07686580394532294,0.09800178384165392,0.8251324122130231
25956,LOF,0.2303472384750136,0.03236052574916303,0.7372922357758234
25957,LOF,0.04817003569172143,0.012964948186346043,0.9388650161219325
25958,LOF,0.05862223955645344,0.025452588774878025,0.9159251716686686
25959,LOF,0.10356593649667376,0.3194602763720001,0.5769737871313262
25960,LOF,0.02653196805667259,0.05828656914510606,0.9151814627982213
25961,LOF,0.05006525537778439,0.040935635938940645,0.9089991086832749
25962,LOF,0.0554206600832056,0.044782743768659816,0.8997965961481346
25963,LOF,0.059828511075580515,0.16932139605329377,0.7708500928711258
25964,LOF,0.03792272387465135,0.14957365542453904,0.8125036207008096
25965,Neutral,0.5173191226320323,0.05336535157388618,0.42931552579408155
25966,LOF,0.32144519174894937,0.29794140618192483,0.3806134020691258
25967,LOF,0.013255021242067391,0.11167148040026412,0.8750734983576685
25968,LOF,0.03840722676200727,0.4705614647012968,0.4910313085366959
25969,LOF,0.02183047846596468,0.07978410943346788,0.8983854121005673
25970,LOF,0.06553129743361555,0.04497270279462535,0.8894959997717591
25971,LOF,0.08444232824458525,0.02262372905950352,0.8929339426959112
25972,LOF,0.08010750480564972,0.02539612324573381,0.8944963719486164
25973,LOF,0.08866032601779715,0.012960231622309769,0.898379442359893
25974,LOF,0.3054985599934424,0.03624178579745034,0.6582596542091071
25975,LOF,0.049517284936682664,0.037215141664725185,0.9132675733985922
25976,LOF,0.030357273251747485,0.02547206806782162,0.9441706586804309
25977,LOF,0.13918656773683855,0.10940395921205484,0.7514094730511067
25978,LOF,0.1651453822473435,0.09109226935957694,0.7437623483930795
25979,LOF,0.16012802891409667,0.07460471228043598,0.7652672588054673
25980,LOF,0.2139170179428416,0.15807174139132468,0.6280112406658337
25981,LOF,0.24763626293419408,0.14925436669862377,0.603109370367182
25982,LOF,0.4503889384378752,0.07445776692781665,0.47515329463430805
25983,LOF,0.41856739262875403,0.0722619209747952,0.5091706863964508
25984,LOF,0.042107452976423466,0.08934565264709234,0.8685468943764842
25985,LOF,0.02084125455231192,0.2917863178954954,0.6873724275521927
25986,LOF,0.025897406614451092,0.29050604448614126,0.6835965488994078
25987,LOF,0.0807132213580983,0.07705120376891897,0.8422355748729827
25988,LOF,0.08980798253958228,0.06739560633002825,0.8427964111303895
25989,LOF,0.021060981081380756,0.10285075777442355,0.8760882611441956
25990,LOF,0.030455508404895106,0.0886007685224113,0.8809437230726935
25991,LOF,0.19716503629788582,0.2892863037982224,0.5135486599038919
25992,LOF,0.38029692750098915,0.19911786183479938,0.42058521066421134
25993,LOF,0.032912322941668536,0.06415370876714568,0.9029339682911859
25994,LOF,0.020862775880218645,0.08738156522967123,0.8917556588901102
25995,LOF,0.036648085354673385,0.08126658734771715,0.8820853272976096
25996,GOF,0.27849276309964005,0.42698454819375264,0.2945226887066073
25997,LOF,0.10426457550922727,0.43444283313296267,0.46129259135781003
25998,Neutral,0.5405232021556087,0.03431939454294966,0.42515740330144164
25999,LOF,0.10743327488546958,0.10713610295353297,0.7854306221609975
26000,LOF,0.07477269576257413,0.025613409697467445,0.8996138945399583
26001,LOF,0.20489607134643015,0.03867483110570641,0.7564290975478635
26002,LOF,0.09268908357645264,0.036412511657078456,0.8708984047664688
26003,GOF,0.014041649172200523,0.5948903821130958,0.3910679687147036
26004,GOF,0.031174019161935483,0.6181501543455765,0.35067582649248796
26005,LOF,0.014674533071056373,0.4505363211511921,0.5347891457777516
26006,Neutral,0.5810908929132746,0.2276952868707221,0.19121382021600325
26007,GOF,0.026439009531056053,0.5622609085469961,0.41130008192194784
26008,GOF,0.022462539887825938,0.5314546470011768,0.4460828131109971
26009,GOF,0.04239453751549648,0.6321100897362543,0.3254953727482492
26010,GOF,0.02506900494273247,0.6931035824414606,0.28182741261580696
26011,LOF,0.013270287732364862,0.4321496251267507,0.5545800871408845
26012,GOF,0.024048333586077757,0.49755559689195256,0.4783960695219696
26013,GOF,0.016007484619230242,0.6436822351516298,0.34031028022914
26014,LOF,0.05080287126712776,0.15439938499044348,0.7947977437424288
26015,LOF,0.18886745626397283,0.009777331585829904,0.8013552121501973
26016,LOF,0.34707538111002956,0.03866971439363463,0.6142549044963359
26017,LOF,0.2334005018138572,0.05898695228335789,0.7076125459027849
26018,LOF,0.10311528936105893,0.0333524751233246,0.8635322355156164
26019,LOF,0.09961899853913192,0.01937155865140737,0.8810094428094607
26020,LOF,0.08365107528383835,0.0693851647553251,0.8469637599608365
26021,LOF,0.0724558354742298,0.08006641737117064,0.8474777471545996
26022,LOF,0.01306327634911822,0.041357047634257446,0.9455796760166243
26023,LOF,0.16206265434140235,0.018047274305247846,0.8198900713533498
26024,LOF,0.04001983954043365,0.06736971758637023,0.8926104428731961
26025,LOF,0.19225133585937998,0.057900754023282985,0.749847910117337
26026,LOF,0.37719214320899497,0.011216249901164287,0.6115916068898407
26027,LOF,0.09876672352761956,0.012641334011268579,0.8885919424611118
26028,LOF,0.22604631686333976,0.08807603956797504,0.6858776435686851
26029,LOF,0.11614198850926082,0.13620984745759085,0.7476481640331483
26030,LOF,0.03428151507244383,0.03279797192471895,0.9329205130028373
26031,LOF,0.03762537423467979,0.1008694285846892,0.8615051971806309
26032,LOF,0.099520398479644,0.017216792154289767,0.8832628093660663
26033,LOF,0.1516411472129097,0.018102680752640782,0.8302561720344496
26034,LOF,0.061829469970638117,0.10291054162047353,0.8352599884088885
26035,LOF,0.04411851005457128,0.08520117042404957,0.8706803195213791
26036,LOF,0.06047568791093756,0.09985274717961519,0.8396715649094472
26037,LOF,0.03913142197256455,0.08180028055235367,0.8790682974750819
26038,LOF,0.09704018676124904,0.01716803026179526,0.8857917829769557
26039,LOF,0.08693218342191941,0.09137982289464397,0.8216879936834366
26040,LOF,0.278854157835799,0.054334980739959994,0.666810861424241
26041,LOF,0.03725622484784034,0.07466299293381314,0.8880807822183464
26042,LOF,0.03779084576230038,0.07526544231087044,0.8869437119268293
26043,LOF,0.09552464230075684,0.023826775186922024,0.880648582512321
26044,LOF,0.03724518556075398,0.03527206247003783,0.9274827519692082
26045,LOF,0.10911922874234696,0.06250061082788186,0.828380160429771
26046,LOF,0.10409797935170018,0.024997751107363592,0.8709042695409362
26047,LOF,0.13495970049395545,0.03092915872087201,0.8341111407851727
26048,LOF,0.05461821122943146,0.03202138454099083,0.9133604042295776
26049,Neutral,0.946715001023225,0.005297594840218193,0.04798740413655689
26050,Neutral,0.9247731446708151,0.005421048162262472,0.06980580716692238
26051,GOF,0.047663820600643836,0.5515696617388134,0.4007665176605427
26052,GOF,0.04079564664914749,0.6345757929920102,0.32462856035884236
26053,LOF,0.06066116004097594,0.35529902243204353,0.5840398175269805
26054,LOF,0.05346700056042746,0.0756235046924889,0.8709094947470838
26055,LOF,0.06531241543290325,0.07670091604489322,0.8579866685222035
26056,LOF,0.05715151001842462,0.08843044232900271,0.8544180476525727
26057,LOF,0.028801806864018654,0.028178191213510447,0.9430200019224708
26058,LOF,0.02883569901619435,0.024424951329346314,0.9467393496544593
26059,LOF,0.39286119841168887,0.08188934581622806,0.525249455772083
26060,LOF,0.034933278057235576,0.31196930861502614,0.6530974133277384
26061,LOF,0.018204339035739207,0.058882659503840196,0.9229130014604207
26062,LOF,0.014438484706055724,0.05522942264774456,0.9303320926461998
26063,LOF,0.02373500953040152,0.029102300904977917,0.9471626895646206
26064,LOF,0.024196649009135495,0.037102489120971534,0.9387008618698931
26065,LOF,0.026411665859632973,0.02874294054813923,0.9448453935922279
26066,LOF,0.020443414093410956,0.033195431905356496,0.9463611540012326
26067,LOF,0.02246698493141432,0.02369116341356659,0.9538418516550192
26068,LOF,0.05004976257732291,0.07056395199058134,0.8793862854320958
26069,LOF,0.3931568749744357,0.06515866335947715,0.5416844616660872
26070,Neutral,0.6270216530385909,0.03227222101115342,0.3407061259502557
26071,LOF,0.02292729785560565,0.03447314564762245,0.942599556496772
26072,LOF,0.023908334679096997,0.06616312097939803,0.9099285443415049
26073,LOF,0.02469086222980816,0.028466011989149716,0.9468431257810422
26074,Neutral,0.8766237735733761,0.014154243116525338,0.10922198331009861
26075,LOF,0.038462988014694506,0.05719815978346388,0.9043388522018415
26076,LOF,0.04304137182266312,0.021922727635038598,0.9350359005422982
26077,LOF,0.010346205573289798,0.06712611316793063,0.9225276812587795
26078,LOF,0.014348822751205479,0.04374238439954391,0.9419087928492506
26079,LOF,0.048811528073924866,0.052317602313598555,0.8988708696124765
26080,LOF,0.048811528073924866,0.052317602313598555,0.8988708696124765
26081,LOF,0.03064135862154162,0.01933722251230022,0.9500214188661582
26082,LOF,0.02084033658679082,0.05015121156242338,0.9290084518507858
26083,LOF,0.12527830233160764,0.03304282028130126,0.8416788773870911
26084,LOF,0.026234858943545793,0.039930620648924046,0.9338345204075301
26085,LOF,0.022058036447654514,0.03543126390772738,0.9425106996446182
26086,LOF,0.02215530479057097,0.03855440861544395,0.9392902865939851
26087,LOF,0.0239549411038345,0.029782226982280263,0.9462628319138853
26088,LOF,0.026319318342540712,0.0692390930077787,0.9044415886496806
26089,LOF,0.04545510637295698,0.07850945081810669,0.8760354428089364
26090,LOF,0.04258388682796216,0.06095558834263415,0.8964605248294036
26091,LOF,0.03748062198951997,0.017977538069687098,0.9445418399407929
26092,LOF,0.028575405023778856,0.02431363840407888,0.9471109565721423
26093,LOF,0.04025274999131096,0.015808511293251025,0.9439387387154381
26094,LOF,0.042380652375011804,0.015273457049999413,0.9423458905749887
26095,LOF,0.03548599467735595,0.04679157207309954,0.9177224332495444
26096,LOF,0.017533631425029502,0.04119444070396116,0.9412719278710093
26097,LOF,0.012259948952347277,0.11625136984515114,0.8714886812025016
26098,LOF,0.05525988565730459,0.04692764215644259,0.8978124721862528
26099,LOF,0.02426967466489028,0.044546911234753406,0.9311834141003562
26100,LOF,0.02521709408637406,0.04040808478565474,0.9343748211279712
26101,LOF,0.05633269741360336,0.04180052106180605,0.9018667815245905
26102,LOF,0.025822117981913726,0.02919632311628282,0.9449815589018036
26103,Neutral,0.872244636583527,0.05502400875632235,0.07273135466015075
26104,LOF,0.04877551755555293,0.0877537399057699,0.8634707425386771
26105,LOF,0.3055845222463894,0.23105754995706346,0.4633579277965471
26106,LOF,0.17072451615741208,0.15382581347548005,0.675449670367108
26107,LOF,0.2898239381051674,0.13577639421750923,0.5743996676773234
26108,LOF,0.1895168249343462,0.16301479665289967,0.6474683784127542
26109,LOF,0.06965480783408537,0.12660970941611732,0.8037354827497973
26110,LOF,0.2535113724630938,0.028763836681681212,0.717724790855225
26111,LOF,0.45006174690398765,0.03856489253988332,0.511373360556129
26112,LOF,0.040576173303122055,0.02358176569967768,0.9358420609972002
26113,LOF,0.055520336685480114,0.05634943747879439,0.8881302258357254
26114,LOF,0.019876148657525877,0.023763234709536656,0.9563606166329375
26115,LOF,0.11162400007242494,0.05319604715901187,0.8351799527685633
26116,LOF,0.05307189521453723,0.05319427525211337,0.8937338295333493
26117,LOF,0.31534392510499726,0.14881561760479828,0.5358404572902044
26118,LOF,0.04353423415030665,0.06472549408761054,0.8917402717620829
26119,LOF,0.026547355669331807,0.08530057524046178,0.8881520690902064
26120,LOF,0.03406277674651478,0.056132664257904634,0.9098045589955805
26121,LOF,0.05779276343632934,0.11406710636432633,0.8281401301993443
26122,LOF,0.06297272285871054,0.06525289971134006,0.8717743774299493
