feature0,prediction,LoGoFunc_Neutral,LoGoFunc_GOF,LoGoFunc_LOF
25546,Neutral,0.6126452147448248,0.06003393294051623,0.32732085231465907
25547,Neutral,0.5251860859367576,0.09345307811264933,0.3813608359505931
25548,Neutral,0.508904838274111,0.08687547134738914,0.40421969037849986
25549,Neutral,0.4649447931929553,0.0855956911730751,0.44945951563396963
25550,LOF,0.3803647878778536,0.10164625108165852,0.5179889610404879
25551,LOF,0.34345748959489814,0.10857783663812777,0.5479646737669741
25552,LOF,0.3012096236894188,0.11485438201585808,0.5839359942947231
25553,Neutral,0.7869795754401484,0.0534992133214816,0.15952121123837013
25554,LOF,0.3445059954748937,0.10632582362364291,0.5491681809014634
25555,LOF,0.29583658443278404,0.10064816767300645,0.6035152478942095
25556,Neutral,0.47926339217727126,0.09432077272393223,0.42641583509879655
25557,LOF,0.28690124265151146,0.10518044531583605,0.6079183120326525
25558,LOF,0.3476419406479834,0.10174323614527978,0.5506148232067368
25559,LOF,0.24639949009067108,0.06557361818440736,0.6880268917249216
25560,LOF,0.0822561764267734,0.14324049221424373,0.7745033313589829
25561,LOF,0.09519813155413659,0.20928646373714715,0.6955154047087162
25562,LOF,0.036636280395520075,0.11602180577497143,0.8473419138295084
25563,LOF,0.01029229737020398,0.1552544308346443,0.8344532717951518
25564,LOF,0.08625485603884156,0.1170644950908332,0.7966806488703253
25565,LOF,0.1717089984984395,0.1431278589945821,0.6851631425069783
25566,GOF,0.06708874753439335,0.6518935766424658,0.28101767582314074
25567,LOF,0.043004088884877986,0.1602977749991908,0.7966981361159312
25568,LOF,0.06319323706946171,0.08832839996013109,0.8484783629704071
25569,LOF,0.06531301740689349,0.08560197879301293,0.8490850038000937
25570,LOF,0.031624558292577716,0.12947209712452906,0.8389033445828932
25571,LOF,0.027742394814707912,0.13141686755256066,0.8408407376327315
25572,LOF,0.06904645833493403,0.17048816855929727,0.7604653731057687
25573,LOF,0.07093648883121169,0.11678524603972498,0.8122782651290632
25574,LOF,0.07149163654246837,0.24806661386846807,0.6804417495890636
25575,LOF,0.026946705381544266,0.13970884735179773,0.833344447266658
25576,LOF,0.031694884801568096,0.19860059931441834,0.7697045158840136
25577,LOF,0.03518878409569446,0.14855886467411283,0.8162523512301928
25578,LOF,0.33393748205608614,0.10421277780559114,0.5618497401383227
25579,LOF,0.21849075853956887,0.0995242025899387,0.6819850388704924
25580,LOF,0.024825402085058495,0.09620584936442174,0.8789687485505199
25581,LOF,0.052379275924453184,0.09486977142585028,0.8527509526496966
25582,LOF,0.05222337303772022,0.0920753174244186,0.8557013095378613
25583,LOF,0.029933737723190367,0.09958757472570536,0.8704786875511044
25584,Neutral,0.7081668899293213,0.14130849574048865,0.15052461433019002
25585,LOF,0.023412596869668074,0.21151140900226464,0.7650759941280674
25586,LOF,0.019950706550123338,0.09855525713809593,0.8814940363117807
25587,LOF,0.020318928106645068,0.08889540358730431,0.8907856683060507
25588,LOF,0.024194697331303843,0.08604988436270442,0.8897554183059918
25589,Neutral,0.5068420558651646,0.27254667683943146,0.220611267295404
25590,LOF,0.05318610948119232,0.14027905658336487,0.8065348339354429
25591,LOF,0.08144926516003995,0.08075011212208803,0.837800622717872
25592,LOF,0.06695720992912127,0.16675921095844665,0.766283579112432
25593,LOF,0.11789273796524218,0.33341036023997045,0.5486969017947875
25594,LOF,0.056314085299048966,0.04589637161133602,0.897789543089615
25595,LOF,0.06231285263681354,0.02867948288749653,0.90900766447569
25596,LOF,0.12483016393128099,0.018042382518912683,0.8571274535498062
25597,LOF,0.09330321222746392,0.018134589946144312,0.8885621978263919
25598,LOF,0.05844130234499193,0.030456719590363755,0.9111019780646444
25599,LOF,0.024897312968282962,0.34522172967653847,0.6298809573551786
25600,GOF,0.17554016578229534,0.4165470173786776,0.40791281683902697
25601,LOF,0.045318174680755816,0.28194370311809036,0.6727381222011538
25602,LOF,0.0313869573518092,0.07782533860873424,0.8907877040394566
25603,LOF,0.0394447625087735,0.07275845319255626,0.8877967842986704
25604,LOF,0.04156683064024925,0.1289135495263651,0.8295196198333855
25605,LOF,0.032612716150733134,0.20762839798266708,0.7597588858665997
25606,Neutral,0.4107212245682915,0.23690614181593206,0.3523726336157763
25607,LOF,0.024792261356500776,0.2767041985372134,0.6985035401062859
25608,LOF,0.03873386209041532,0.16586528424941524,0.7954008536601693
25609,GOF,0.16597321809721075,0.5162692866300902,0.317757495272699
25610,LOF,0.017760140539939222,0.0526932970007512,0.9295465624593096
25611,LOF,0.01490093497695419,0.05930223466776907,0.9257968303552767
25612,LOF,0.05049881684553812,0.06773684727578316,0.8817643358786788
25613,LOF,0.04684110389108903,0.07178302055431102,0.8813758755546
25614,LOF,0.026189066391907108,0.048921075605369284,0.9248898580027236
25615,LOF,0.04222684965804424,0.06348732163328859,0.8942858287086671
25616,LOF,0.061547013713559875,0.05888871845400463,0.8795642678324356
25617,LOF,0.04672926342764913,0.06085019081256977,0.892420545759781
25618,LOF,0.05579863646145578,0.08149291942065608,0.8627084441178882
25619,LOF,0.014011814568170173,0.06480150819450528,0.9211866772373245
25620,LOF,0.06083889957758201,0.0670131073657916,0.8721479930566265
25621,LOF,0.06494858807176192,0.05803569495177539,0.8770157169764627
25622,LOF,0.0690321636180867,0.06495781051761243,0.866010025864301
25623,LOF,0.06599907796088918,0.0440157926637398,0.8899851293753711
25624,LOF,0.02185192302550514,0.0617606252704734,0.9163874517040215
25625,LOF,0.06792652682453053,0.05799000081616993,0.8740834723592995
25626,LOF,0.04825671773568006,0.06609623740941745,0.8856470448549024
25627,Neutral,0.8793602693271787,0.02455888440380235,0.09608084626901883
25628,LOF,0.160840357214868,0.06638026195824366,0.7727793808268884
25629,LOF,0.07021676532818605,0.0630117901702534,0.8667714445015605
25630,LOF,0.26886117513722124,0.07359330292168322,0.6575455219410956
25631,Neutral,0.5320952866432967,0.06404359287410444,0.4038611204825988
25632,LOF,0.03156619196458466,0.07190239450447776,0.8965314135309376
25633,LOF,0.20668095355659422,0.06193369684783642,0.7313853495955693
25634,LOF,0.04389898760643809,0.10562289888582607,0.8504781135077357
25635,LOF,0.03694113097495135,0.0540991054488869,0.9089597635761617
25636,GOF,0.030776314362055864,0.5577876253916964,0.4114360602462478
25637,GOF,0.06026549031913149,0.5351932576003671,0.4045412520805014
25638,GOF,0.03666004602049089,0.5049499828414327,0.45838997113807645
25639,LOF,0.031005994795051367,0.4717229214616035,0.4972710837433451
25640,Neutral,0.8604126564107792,0.08834139320351657,0.051245950385704175
25641,LOF,0.1133779043830163,0.428560768985934,0.4580613266310496
25642,LOF,0.09360288278256995,0.1763194909848354,0.7300776262325946
25643,LOF,0.28433539139034897,0.11871322987340661,0.5969513787362444
25644,GOF,0.011490238938019199,0.6411740024505223,0.34733575861145854
25645,GOF,0.011931123865190746,0.6421132258892263,0.3459556502455831
25646,LOF,0.0307361498704432,0.4259560629862547,0.5433077871433021
25647,LOF,0.012453784113195528,0.36051752119403974,0.6270286946927647
25648,LOF,0.016757435622454776,0.42031206671930793,0.5629304976582373
25649,LOF,0.009246209761213394,0.31068952839145425,0.6800642618473324
25650,GOF,0.02511998941006286,0.6102539823007612,0.36462602828917595
25651,LOF,0.009240020766964332,0.4188992235778618,0.5718607556551739
25652,LOF,0.014257468339272304,0.435528575591755,0.5502139560689726
25653,GOF,0.039557402632268306,0.5867197078574345,0.3737228895102972
25654,LOF,0.010557067756674452,0.3413803419295569,0.6480625903137687
25655,GOF,0.1583407691479933,0.6203136966406364,0.22134553421137015
25656,LOF,0.3745899594630346,0.14385884823335507,0.48155119230361026
25657,LOF,0.06775796277145195,0.0975603047454508,0.8346817324830973
25658,LOF,0.31486157072024296,0.15217741353861106,0.532961015741146
25659,Neutral,0.4722958763797396,0.1711493602567637,0.35655476336349673
25660,LOF,0.02071680483243892,0.11406883602775685,0.8652143591398043
25661,LOF,0.08350347739672227,0.07026345349943995,0.8462330691038378
25662,LOF,0.028350105516991034,0.03602569622326039,0.9356241982597486
25663,LOF,0.0336491708406599,0.03923846001238559,0.9271123691469544
25664,LOF,0.11971431917497972,0.07041924497612234,0.809866435848898
25665,LOF,0.058455820697373574,0.032167640008610145,0.9093765392940162
25666,LOF,0.09518419643529677,0.0605971502569501,0.8442186533077531
25667,LOF,0.06748552982338327,0.03768663262295167,0.894827837553665
25668,LOF,0.03195173385388606,0.049526673715786104,0.9185215924303278
25669,LOF,0.026026525466109236,0.04793269743701466,0.9260407770968762
25670,LOF,0.12670334026961752,0.040977878745691663,0.8323187809846909
25671,LOF,0.10125227028559856,0.040148228265280105,0.8585995014491212
25672,LOF,0.0502069624939301,0.04957473146014728,0.9002183060459226
25673,LOF,0.08616807121861535,0.05069712994536848,0.8631347988360163
25674,LOF,0.07443797087006575,0.06776687251544336,0.8577951566144909
25675,LOF,0.10367860613855498,0.07361389160356405,0.822707502257881
25676,LOF,0.015464828772456836,0.05652497503738285,0.9280101961901603
25677,LOF,0.020397017238443754,0.0778931321110267,0.9017098506505296
25678,LOF,0.17906656204416008,0.09118424418106272,0.7297491937747772
25679,LOF,0.11476669639298306,0.09350719225676575,0.7917261113502513
25680,LOF,0.02689535872837736,0.13446430306486665,0.838640338206756
25681,LOF,0.04275116690046211,0.12779132590524878,0.8294575071942891
25682,LOF,0.11949784557667564,0.0846471623661473,0.795854992057177
25683,LOF,0.10673487076931654,0.09448698773083343,0.79877814149985
25684,LOF,0.032611997898744104,0.07238546156576686,0.8950025405354891
25685,LOF,0.11319171017510217,0.08002161373687051,0.8067866760880273
25686,LOF,0.06509884864584366,0.1127959647100313,0.8221051866441249
25687,LOF,0.11189552792400836,0.11818440336425162,0.76992006871174
25688,LOF,0.41479426837089556,0.043952313259923874,0.5412534183691805
25689,LOF,0.30169934860900444,0.05325529590168988,0.6450453554893057
25690,LOF,0.34749747215470556,0.03827649488191878,0.6142260329633756
25691,Neutral,0.7140822538511213,0.03653953513816971,0.24937821101070895
25692,LOF,0.35028692960251456,0.014988969583525127,0.6347241008139604
25693,LOF,0.04149896771341774,0.44696679415221735,0.5115342381343649
25694,LOF,0.11449376331529543,0.015976303214794863,0.8695299334699098
25695,LOF,0.10949421867730356,0.010959424987812941,0.8795463563348835
25696,LOF,0.14219589906187474,0.012977654097230465,0.8448264468408948
25697,LOF,0.05850380659785257,0.09177735043603327,0.8497188429661141
25698,LOF,0.25912410632778526,0.2508841671139411,0.48999172655827367
25699,LOF,0.4121158426685969,0.035658083833541875,0.5522260734978612
25700,LOF,0.082166410969342,0.0112781687920716,0.9065554202385865
25701,LOF,0.1610890732042569,0.042438101753041996,0.7964728250427012
25702,GOF,0.18916902182133377,0.6247416759613065,0.18608930221735973
25703,LOF,0.017851796705655103,0.14065318686880518,0.8414950164255398
25704,LOF,0.04139360461754639,0.15949623603732602,0.7991101593451275
25705,LOF,0.03881743723161649,0.09978108997399529,0.8614014727943883
25706,LOF,0.12404867918718818,0.3850951733862791,0.4908561474265327
25707,LOF,0.0903302297525475,0.31625980205862864,0.593409968188824
25708,LOF,0.04141268553797724,0.27606225232473175,0.682525062137291
25709,LOF,0.07436579180059491,0.029143926408643085,0.896490281790762
25710,LOF,0.014348625866409361,0.11514364889115429,0.8705077252424364
25711,LOF,0.01969010719519047,0.07463971889773185,0.9056701739070777
25712,LOF,0.016830362080961347,0.16375642879479252,0.8194132091242462
25713,LOF,0.018040575461437256,0.07349875280957617,0.9084606717289865
25714,LOF,0.07549245105379855,0.05581964001386278,0.8686879089323386
25715,LOF,0.012299158030448122,0.10583634883958844,0.8818644931299634
25716,LOF,0.011936591136600214,0.08845275170651093,0.8996106571568888
25717,LOF,0.017330269520194647,0.07564280292467712,0.9070269275551283
25718,LOF,0.011338669243715882,0.06830025379023152,0.9203610769660526
25719,LOF,0.02153028023893731,0.06298001603907069,0.915489703721992
25720,LOF,0.026231306388914376,0.05100055593470211,0.9227681376763835
25721,LOF,0.013714678964258098,0.07889439711575827,0.9073909239199837
25722,LOF,0.014133062544906443,0.0617056004344196,0.9241613370206739
25723,LOF,0.024448910735435394,0.03538621474194915,0.9401648745226153
25724,LOF,0.033022684097761934,0.06337666168608846,0.9036006542161497
25725,LOF,0.011811975517551535,0.0568717080641806,0.9313163164182677
25726,LOF,0.015471973558867374,0.07746859384134701,0.9070594325997856
25727,LOF,0.013330479884153387,0.059929569070168213,0.9267399510456784
25728,LOF,0.010297866386996608,0.06987639049522357,0.9198257431177798
25729,LOF,0.010579756552015733,0.06776163885607873,0.9216586045919055
25730,LOF,0.013506802498373122,0.07055130025738345,0.9159418972442434
25731,LOF,0.023698589964909696,0.07096008724579973,0.9053413227892905
25732,LOF,0.01270397588232834,0.040293022079346034,0.9470030020383257
25733,LOF,0.017349374676600457,0.04173947517039448,0.9409111501530051
25734,LOF,0.013131628305249774,0.10764279197842443,0.8792255797163259
25735,LOF,0.01181299973518929,0.048969066917093185,0.9392179333477175
25736,LOF,0.011960080317172456,0.05015949348882414,0.9378804261940035
25737,LOF,0.012354400052545183,0.07123108707530204,0.9164145128721528
25738,LOF,0.011709034277883468,0.07079554758622085,0.9174954181358956
25739,LOF,0.020451574949768552,0.05515710352690307,0.9243913215233284
25740,LOF,0.029629784761713074,0.08144717672223996,0.888923038516047
25741,LOF,0.0154364128856197,0.07810761089017286,0.9064559762242075
25742,LOF,0.12163277713534891,0.060090675278055054,0.818276547586596
25743,LOF,0.040003455280952616,0.05032025666786003,0.9096762880511873
25744,Neutral,0.6219241873319662,0.22025322471519088,0.15782258795284307
25745,LOF,0.07363018357227595,0.07308854438945386,0.8532812720382702
25746,LOF,0.04951742312563982,0.09218492547989447,0.8582976513944658
25747,LOF,0.025840415538386726,0.08901127394168462,0.8851483105199287
25748,LOF,0.13976668590133934,0.14675737344248788,0.7134759406561728
25749,LOF,0.031433619515305766,0.09432583049952782,0.8742405499851663
25750,LOF,0.08197260576610522,0.1106483896997402,0.8073790045341546
25751,LOF,0.09721178269957731,0.1321995147537822,0.7705887025466406
25752,GOF,0.11648661955471053,0.61386614105046,0.26964723939482943
25753,LOF,0.02752224661301329,0.34803801047603805,0.6244397429109486
25754,GOF,0.015850094207677776,0.8097650899367824,0.17438481585553975
25755,LOF,0.02782762555156943,0.40561203732374,0.5665603371246906
25756,LOF,0.05950823696980362,0.3805450752943599,0.5599466877358364
25757,GOF,0.02270111607034234,0.8673385834038543,0.10996030052580345
25758,GOF,0.029832278901055918,0.8239367773338574,0.14623094376508677
25759,GOF,0.012209926063050014,0.6118985703769597,0.3758915035599903
25760,LOF,0.016565350541507935,0.3453169000074964,0.6381177494509958
25761,GOF,0.28466792462189183,0.6395925229787836,0.07573955239932458
25762,LOF,0.051963057338465686,0.3343814087020293,0.613655533959505
25763,LOF,0.016967079576127586,0.24797389401792314,0.7350590264059492
25764,GOF,0.07316881096532418,0.7002910480179764,0.22654014101669945
25765,GOF,0.03610366005305521,0.7825566563332205,0.1813396836137244
25766,GOF,0.06574026906081636,0.8023401313105988,0.13191959962858485
25767,GOF,0.15341460523282952,0.5227570530050561,0.32382834176211434
25768,LOF,0.1202960517640002,0.047913635420209474,0.8317903128157903
25769,LOF,0.05183622072100702,0.05836180470880169,0.8898019745701913
25770,LOF,0.3168639103788018,0.10998082129083679,0.5731552683303615
25771,LOF,0.05568973127240568,0.05399894243805829,0.8903113262895359
25772,LOF,0.01829693298571772,0.05207719443476287,0.9296258725795195
25773,LOF,0.05533286409683313,0.08431271094650258,0.8603544249566643
25774,LOF,0.02931404288946163,0.117420038271034,0.8532659188395043
25775,LOF,0.061993836221937444,0.06900800049069059,0.8689981632873719
25776,LOF,0.06952949539032947,0.03444339706666541,0.8960271075430051
25777,LOF,0.374512325413966,0.08842479442530808,0.5370628801607259
25778,LOF,0.06675589626826131,0.0548851121203322,0.8783589916114064
25779,GOF,0.3999055927682797,0.5460793903847254,0.05401501684699496
25780,GOF,0.343184604261474,0.5647614080847673,0.09205398765375886
25781,GOF,0.13357290477696054,0.7480148944390312,0.1184122007840081
25782,GOF,0.18529354091915753,0.7245615297299154,0.09014492935092713
25783,GOF,0.026116853711884373,0.6187631717289959,0.35511997455911964
25784,Neutral,0.5300530678574051,0.43090423436006564,0.03904269778252923
25785,Neutral,0.5101177074826936,0.43981113647562864,0.05007115604167774
25786,GOF,0.034029993859514315,0.7299670275382556,0.23600297860223005
25787,Neutral,0.6899330492302728,0.28295479524837475,0.027112155521352356
25788,LOF,0.053051229453426545,0.08083041769822176,0.8661183528483516
25789,GOF,0.22447763642817298,0.6102297488044897,0.16529261476733736
25790,GOF,0.2837235374081484,0.622737101492158,0.09353936109969355
25791,GOF,0.16661388119738468,0.6544717591300346,0.17891435967258074
25792,GOF,0.3653857068618787,0.4996953804904,0.1349189126477213
25793,GOF,0.25481587632853475,0.49420238631389574,0.2509817373575694
25794,GOF,0.31218897232641535,0.4672509455359801,0.2205600821376045
25795,GOF,0.06458687896087394,0.6499844502686969,0.28542867077042927
25796,Neutral,0.544120678190156,0.37577991660933613,0.08009940520050797
25797,GOF,0.07932992829078642,0.5185294520410324,0.40214061966818115
25798,LOF,0.010261094462058121,0.481109362836568,0.5086295427013738
25799,LOF,0.007843951910156433,0.42057072428717845,0.5715853238026651
25800,GOF,0.03634699495671112,0.6027766832631289,0.3608763217801598
25801,GOF,0.22600299352385048,0.6729332394152915,0.10106376706085811
25802,GOF,0.07340985492834826,0.6613711025550424,0.26521904251660944
25803,GOF,0.04514660635447629,0.5502929948589849,0.40456039878653893
25804,GOF,0.04252443622586182,0.48969744671662346,0.46777811705751465
25805,GOF,0.15319031522573376,0.5581723619541358,0.2886373228201305
25806,GOF,0.1518224144641471,0.5734251346104087,0.27475245092544426
25807,GOF,0.02246447119824851,0.6197897107342751,0.3577458180674763
25808,GOF,0.13716816918006697,0.5634305937824059,0.29940123703752713
25809,GOF,0.02090063031318568,0.6044931582365602,0.37460621145025413
25810,GOF,0.021867921437024773,0.6144154993383869,0.36371657922458833
25811,Neutral,0.5301194700290119,0.40708068583073476,0.06279984414025327
25812,GOF,0.04570381166509409,0.6009925440612569,0.3533036442736489
25813,Neutral,0.60581898945332,0.30005202957808996,0.09412898096858997
25814,GOF,0.15394647608372086,0.5998970761858278,0.24615644773045126
25815,GOF,0.2679252090958075,0.5474079204795823,0.18466687042461016
25816,GOF,0.022605745942183137,0.6672621270984019,0.310132126959415
25817,GOF,0.24930671795207804,0.6239347108305157,0.12675857121740639
25818,GOF,0.05414665829425296,0.5475289424310795,0.39832439927466756
25819,GOF,0.3846934968536619,0.4537321184907419,0.16157438465559618
25820,GOF,0.21946425465528566,0.5674935409727717,0.2130422043719426
25821,GOF,0.06925425719906031,0.640713744768351,0.2900319980325886
25822,GOF,0.24921981342512312,0.5068861634084225,0.24389402316645448
25823,LOF,0.03678955816205535,0.47584537258270354,0.4873650692552411
25824,GOF,0.09333749150187956,0.4981987798753961,0.40846372862272434
25825,GOF,0.03631882442569594,0.5003512289385906,0.4633299466357134
25826,LOF,0.013169541938552416,0.47893937559958916,0.5078910824618584
25827,GOF,0.022312620459488737,0.5279698932314586,0.4497174863090527
25828,LOF,0.015722494272296224,0.46496301411600505,0.5193144916116987
25829,GOF,0.007127106656853605,0.5097230266781433,0.48314986666500304
25830,LOF,0.0431156456907432,0.2786669695042244,0.6782173848050324
25831,GOF,0.18423556016227963,0.6680563149342761,0.14770812490344434
25832,GOF,0.036905020758461804,0.6855883538492898,0.2775066253922483
25833,GOF,0.12891808755746523,0.6856061659418962,0.18547574650063867
25834,GOF,0.041165260489043926,0.688134725522675,0.27070001398828114
25835,GOF,0.09781427486613127,0.6801136014118306,0.22207212372203813
25836,GOF,0.046463427014578514,0.6347021340345268,0.3188344389508946
25837,GOF,0.0231046043158911,0.5260994913655574,0.45079590431855154
25838,GOF,0.08414073636281989,0.7338717318058594,0.18198753183132077
25839,GOF,0.32454699405264564,0.5250461982976483,0.15040680764970601
25840,GOF,0.2660884704725653,0.5341923378021218,0.19971919172531288
25841,GOF,0.23485269278534437,0.5521689694498653,0.21297833776479036
25842,GOF,0.19752174392519894,0.6184020657868617,0.18407619028793937
25843,GOF,0.2425764071460292,0.6173159986049126,0.14010759424905814
25844,GOF,0.05873103441832859,0.6253137755067282,0.3159551900749432
25845,LOF,0.014603960659182952,0.45125560082251176,0.5341404385183052
25846,GOF,0.11659507112607485,0.6799138428917484,0.20349108598217674
25847,GOF,0.12609362612881875,0.7128592833741504,0.1610470904970309
25848,GOF,0.0368129999104721,0.6416141979526563,0.32157280213687167
25849,GOF,0.01053869712284164,0.5211095785343114,0.468351724342847
25850,GOF,0.02238158702833031,0.6009392910376431,0.3766791219340266
25851,GOF,0.01716870571474042,0.4994739833502979,0.4833573109349617
25852,GOF,0.13574400678839432,0.5530470791772273,0.3112089140343785
25853,GOF,0.34647335513915706,0.5721702346444735,0.08135641021636948
25854,GOF,0.019157833396304256,0.5962135857095902,0.3846285808941056
25855,GOF,0.03600020598128551,0.5662443253564825,0.397755468662232
25856,GOF,0.2210050227764698,0.5418812420593265,0.23711373516420373
25857,GOF,0.03447183545995732,0.4906392785647821,0.47488888597526063
25858,GOF,0.01910862766635932,0.5297227064692989,0.4511686658643419
25859,GOF,0.011270436781193702,0.5174560589985231,0.4712735042202832
25860,GOF,0.3831489398894781,0.5211917217927031,0.09565933831781874
25861,GOF,0.38095616152788475,0.5252758579585053,0.09376798051360985
25862,GOF,0.08032974235257108,0.7751641726165576,0.14450608503087126
25863,GOF,0.08602785991633047,0.7710439726045293,0.14292816747914028
25864,GOF,0.19964309371498276,0.7223591844287861,0.07799772185623122
25865,GOF,0.07927286980402005,0.7820565837880893,0.13867054640789073
25866,GOF,0.06070601271077163,0.8009824691426841,0.13831151814654424
25867,GOF,0.0809090303981615,0.8080467218223155,0.111044247779523
25868,GOF,0.2599147395691243,0.6281902929628361,0.11189496746803941
25869,Neutral,0.703020877031719,0.2535741539279143,0.04340496904036654
25870,LOF,0.32805516964349585,0.24916603299650986,0.42277879735999424
25871,GOF,0.22244399211749155,0.6058161968382904,0.1717398110442181
25872,GOF,0.08269161005272435,0.5879332809599815,0.32937510898729405
25873,GOF,0.16556664713013894,0.568547972919123,0.2658853799507381
25874,LOF,0.021395933557226597,0.09232025432521526,0.8862838121175581
25875,LOF,0.08151647987479091,0.058068028775956265,0.8604154913492528
25876,LOF,0.026904498302380966,0.04612041036220944,0.9269750913354096
25877,Neutral,0.5112390284736897,0.06942938809525591,0.41933158343105437
25878,LOF,0.2270088165874849,0.11080707019335881,0.6621841132191563
25879,LOF,0.09399690997975617,0.11583757126191825,0.7901655187583255
25880,LOF,0.02207696737196061,0.021532635645874026,0.9563903969821654
25881,LOF,0.18294747872698625,0.18252920888327936,0.6345233123897344
25882,LOF,0.08855972765736762,0.02568731118081262,0.8857529611618199
25883,LOF,0.08629903046889538,0.04032359677158995,0.8733773727595148
25884,LOF,0.04590777855942951,0.05480174579179218,0.8992904756487783
25885,LOF,0.07383842853538644,0.014785796758453727,0.9113757747061598
25886,LOF,0.3506330492336655,0.08183117921178013,0.5675357715545544
25887,LOF,0.18670148722875948,0.13880778513527178,0.6744907276359687
25888,LOF,0.07045186149959111,0.09985403605793643,0.8296941024424725
25889,LOF,0.054092586750200504,0.03799670411376683,0.9079107091360327
25890,LOF,0.05555785839644455,0.1695403346183702,0.7749018069851852
25891,LOF,0.044697417286852004,0.07477571181835072,0.8805268708947972
25892,LOF,0.10955465457435623,0.01967443101334589,0.8707709144122978
25893,LOF,0.2845902322237218,0.01343699317165128,0.7019727746046268
25894,LOF,0.1860867198721182,0.0077676797190867,0.8061456004087951
25895,LOF,0.22220740849536744,0.017386408849385283,0.7604061826552472
25896,LOF,0.05514495438283001,0.021783658291855607,0.9230713873253144
25897,LOF,0.23853110393362945,0.013127140393064077,0.7483417556733065
25898,Neutral,0.7144898296831168,0.009558609543745895,0.2759515607731373
25899,LOF,0.28057720718579904,0.02602338108707825,0.6933994117271227
25900,LOF,0.4541565213098269,0.015088512077729543,0.5307549666124436
25901,LOF,0.06157408313794314,0.01255579090826799,0.9258701259537889
25902,LOF,0.1891592655778405,0.010972752765621999,0.7998679816565375
25903,Neutral,0.5286323654577134,0.025804584387003233,0.4455630501552834
25904,LOF,0.28445484925058157,0.03955862140738701,0.6759865293420315
25905,LOF,0.02319232643486704,0.32667265147486735,0.6501350220902656
25906,LOF,0.02298328274796043,0.06662054883952392,0.9103961684125158
25907,LOF,0.013138337096992777,0.3514347645415929,0.6354268983614143
25908,LOF,0.011128070591804616,0.23841876322446728,0.750453166183728
25909,LOF,0.012655855097160284,0.17032233895653026,0.8170218059463095
25910,LOF,0.04923687715073068,0.11978895561631007,0.8309741672329592
25911,LOF,0.10385318554005797,0.028822070119012944,0.8673247443409291
25912,LOF,0.029323133372982684,0.05935307197299317,0.911323794654024
25913,LOF,0.2710960250650893,0.02537078432835332,0.7035331906065574
25914,LOF,0.025791859677306437,0.106764847235306,0.8674432930873877
25915,Neutral,0.4059940073511817,0.2379011034235739,0.3561048892252444
25916,LOF,0.06389319491216591,0.26161588303303823,0.6744909220547959
25917,LOF,0.0711087631438413,0.062420308393023816,0.8664709284631348
25918,LOF,0.03403098456871338,0.07215317095498318,0.8938158444763035
25919,LOF,0.027016762474305952,0.07829999484806383,0.8946832426776301
25920,GOF,0.08156366294632982,0.5134433052243224,0.4049930318293478
25921,LOF,0.03704960350461523,0.023941020628871355,0.9390093758665133
25922,LOF,0.04602353694035059,0.01381855366064966,0.9401579093989998
25923,LOF,0.4172136407908306,0.015076638564702743,0.5677097206444667
25924,LOF,0.047968113468942974,0.023596025222872834,0.9284358613081841
25925,LOF,0.0768294153586242,0.02446221657148873,0.8987083680698871
25926,LOF,0.05464480298376417,0.0176007053028574,0.9277544917133784
25927,LOF,0.08638089570263828,0.04547939412022358,0.8681397101771381
25928,LOF,0.028307739733042885,0.019897212567472723,0.9517950476994845
25929,Neutral,0.5502570003351718,0.016686635936439705,0.43305636372838846
25930,LOF,0.06624143258534737,0.011435710559925883,0.9223228568547267
25931,LOF,0.036049627868756054,0.016932267150951072,0.9470181049802928
25932,LOF,0.03288611326430194,0.013437085477217892,0.9536768012584802
25933,LOF,0.042023376901759994,0.008602839662959662,0.9493737834352803
25934,LOF,0.028000869782909315,0.009858361223949315,0.9621407689931415
25935,LOF,0.07520880132665542,0.02898486548888692,0.8958063331844576
25936,LOF,0.051307400341131605,0.012647783021286073,0.9360448166375822
25937,LOF,0.03385431291890138,0.017763902708634184,0.9483817843724645
25938,LOF,0.0707631145586701,0.03148054194554041,0.8977563434957896
25939,LOF,0.043471479415258966,0.008140298799329204,0.9483882217854119
25940,LOF,0.027121422798969952,0.3828721706907608,0.5900064065102693
25941,LOF,0.14749782532010033,0.10347150806952418,0.7490306666103755
25942,LOF,0.014230410855463664,0.037932509356837264,0.9478370797876989
25943,LOF,0.3021385735131402,0.07761682692314599,0.6202445995637138
25944,Neutral,0.5070196696185093,0.037524544612243395,0.45545578576924733
25945,LOF,0.0599006168636821,0.02256891910660857,0.9175304640297093
25946,LOF,0.03233770267912652,0.14333086038985918,0.8243314369310144
25947,LOF,0.12509029291068138,0.20373948000867065,0.671170227080648
25948,LOF,0.437212143235185,0.01787686556817527,0.5449109911966398
25949,LOF,0.0778817867194775,0.0743506855359795,0.8477675277445431
25950,GOF,0.2951566606805193,0.46075158752902534,0.24409175179045547
25951,LOF,0.27561821518719065,0.2221148105828659,0.5022669742299435
25952,LOF,0.06836866769173915,0.44625486831681116,0.4853764639914496
25953,LOF,0.15584016829247607,0.09504087269200437,0.7491189590155196
25954,Neutral,0.4294206633321645,0.2217846938076291,0.34879464286020645
25955,LOF,0.05948175666172758,0.08334674309788548,0.8571715002403869
25956,LOF,0.22412150883955437,0.06118156981416267,0.7146969213462828
25957,LOF,0.050518537947162094,0.024749248178631167,0.9247322138742068
25958,LOF,0.05430040753662069,0.030967913233743927,0.9147316792296354
25959,LOF,0.06071544918746588,0.27379672476314276,0.6654878260493913
25960,LOF,0.018430793437147142,0.06400996093744207,0.9175592456254107
25961,LOF,0.045318181553636316,0.040765976942188385,0.9139158415041754
25962,LOF,0.05526324559706501,0.03625296291237497,0.90848379149056
25963,LOF,0.05708591054758345,0.18278976888732626,0.7601243205650904
25964,LOF,0.03710386056139527,0.13295541614725143,0.8299407232913533
25965,LOF,0.41671506342537307,0.07836032270435157,0.5049246138702754
25966,Neutral,0.40975510913278773,0.2042566322110427,0.38598825865616954
25967,LOF,0.013035408652324661,0.07416042896579002,0.9128041623818853
25968,LOF,0.03688893434357884,0.38869935200895656,0.5744117136474647
25969,LOF,0.02229387458409037,0.055103383662548,0.9226027417533617
25970,LOF,0.052764203541926985,0.07196905964726409,0.8752667368108089
25971,LOF,0.06767082620599836,0.026369625747385276,0.9059595480466163
25972,LOF,0.07724556188161448,0.03391810391162449,0.888836334206761
25973,LOF,0.09250158488416434,0.0096527538824113,0.8978456612334244
25974,LOF,0.2322080810722507,0.0199748781113802,0.7478170408163691
25975,LOF,0.04631983541691837,0.029615925115928175,0.9240642394671534
25976,LOF,0.04156546247243822,0.018761859178144023,0.9396726783494178
25977,LOF,0.14526603509337174,0.09358283302895282,0.7611511318776754
25978,LOF,0.11163245008971613,0.08499604720231486,0.8033715027079691
25979,LOF,0.11213876582257111,0.07876557878847125,0.8090956553889577
25980,LOF,0.1423707367066903,0.10540931749523846,0.7522199457980713
25981,LOF,0.1720799884517575,0.10145156093056612,0.7264684506176765
25982,LOF,0.33284674585809637,0.06952515289197025,0.5976281012499334
25983,LOF,0.3347969735405007,0.06956359490154032,0.5956394315579591
25984,LOF,0.044970691417340676,0.10609823631833062,0.8489310722643287
25985,LOF,0.021118741956281977,0.34079937774359453,0.6380818803001235
25986,LOF,0.02923334948490137,0.32869998461670336,0.6420666658983952
25987,LOF,0.07517165454507954,0.12549520897248959,0.7993331364824309
25988,LOF,0.11608461523848441,0.10819824870526981,0.7757171360562458
25989,LOF,0.022805666764230896,0.20828977874939028,0.7689045544863788
25990,LOF,0.03336722876883576,0.184032682465767,0.7826000887653972
25991,GOF,0.1312658666251848,0.5022972152216789,0.3664369181531363
25992,LOF,0.3113088835468071,0.28774586996610996,0.400945246487083
25993,LOF,0.02195914048557614,0.1040735410368316,0.8739673184775922
25994,LOF,0.014879003849543222,0.13856350910807444,0.8465574870423823
25995,LOF,0.024757221581288867,0.24363799058628766,0.7316047878324234
25996,GOF,0.17460285028958755,0.6459943610425168,0.1794027886678956
25997,GOF,0.07336244479775088,0.626643119870695,0.2999944353315541
25998,Neutral,0.5308380207488499,0.017656083085021815,0.4515058961661283
25999,LOF,0.130621165885127,0.15739466274637706,0.7119841713684958
26000,LOF,0.15852616877670492,0.03715349858642468,0.8043203326368704
26001,LOF,0.15994836965998088,0.040908162567523096,0.7991434677724961
26002,LOF,0.14493383313064867,0.03925027118844352,0.8158158956809077
26003,GOF,0.01060136515319337,0.672844052003335,0.3165545828434716
26004,GOF,0.029833488700763154,0.7349365108452327,0.2352300004540042
26005,GOF,0.009910129841669885,0.5649135380056469,0.42517633215268325
26006,Neutral,0.5236169880837559,0.29087907973303345,0.1855039321832107
26007,GOF,0.02002860696356718,0.6430957078717152,0.3368756851647177
26008,GOF,0.022074546031465508,0.6382916259858643,0.3396338279826701
26009,GOF,0.03047538101392745,0.6783235030477814,0.29120111593829107
26010,GOF,0.029297345522225075,0.7436475589192275,0.22705509555854736
26011,GOF,0.009421977038832316,0.5659085224837259,0.4246695004774418
26012,GOF,0.01735197174031915,0.6423735536697779,0.34027447458990284
26013,GOF,0.018867574085485794,0.6934193961870706,0.2877130297274436
26014,LOF,0.049082434570928014,0.17568079678644483,0.7752367686426271
26015,LOF,0.20107188618959668,0.00833988772647678,0.7905882260839264
26016,LOF,0.2486357283675732,0.045371584928079,0.7059926867043478
26017,LOF,0.19373698883404578,0.0823018780471705,0.7239611331187836
26018,LOF,0.07673793320281438,0.03605496388312484,0.8872071029140608
26019,LOF,0.07380849286916963,0.02617937644286888,0.9000121306879616
26020,LOF,0.05163619081326271,0.11369889082189664,0.8346649183648407
26021,LOF,0.04414782324461172,0.12212452920483417,0.8337276475505541
26022,LOF,0.0107552635350945,0.049347165218399276,0.9398975712465063
26023,LOF,0.10230382789515115,0.02353222076369515,0.8741639513411538
26024,LOF,0.026167992563032986,0.12007068362724531,0.8537613238097217
26025,LOF,0.14099311936318443,0.09695879822476297,0.7620480824120526
26026,LOF,0.28828768900934976,0.015992241476738302,0.6957200695139119
26027,LOF,0.07513008492704273,0.01823927791714448,0.9066306371558129
26028,LOF,0.16467924303414175,0.09382626584106901,0.7414944911247893
26029,LOF,0.07844257739692893,0.14830892537107246,0.7732484972319985
26030,LOF,0.03293007914517553,0.05184447100714145,0.9152254498476831
26031,LOF,0.03680810004974508,0.11169167124663916,0.8515002287036157
26032,LOF,0.08305707090803913,0.043909412526756585,0.8730335165652043
26033,LOF,0.14519962924576443,0.050173471872721725,0.8046268988815138
26034,LOF,0.05241885044720677,0.1191297399819436,0.8284514095708496
26035,LOF,0.03718363869808999,0.10383380763074994,0.8589825536711602
26036,LOF,0.052923489754564075,0.128499659940063,0.8185768503053729
26037,LOF,0.03150096479693761,0.08935052098146487,0.8791485142215975
26038,LOF,0.07836607320496979,0.04281692061856301,0.8788170061764673
26039,LOF,0.0705850900778123,0.11123510607086214,0.8181798038513256
26040,LOF,0.2515119804197121,0.08440325091008145,0.6640847686702064
26041,LOF,0.032404673447483205,0.08593067351399747,0.8816646530385193
26042,LOF,0.0314148930249588,0.08524751224302447,0.8833375947320167
26043,LOF,0.07535651887347061,0.05743387519809415,0.8672096059284352
26044,LOF,0.027696665330015538,0.06955124937096982,0.9027520852990146
26045,LOF,0.08410555891141408,0.0884954800622579,0.827398961026328
26046,LOF,0.0798797416091415,0.061158509299927714,0.8589617490909307
26047,LOF,0.11251087753163451,0.07135172796899651,0.816137394499369
26048,LOF,0.05335072358095497,0.0610109752923272,0.8856383011267178
26049,Neutral,0.9544425709027676,0.007347557856817443,0.03820987124041497
26050,Neutral,0.9360174888499392,0.008106521865153789,0.05587598928490709
26051,LOF,0.04960127013936151,0.43277020464443444,0.5176285252162041
26052,GOF,0.0633337306635602,0.4894366152861437,0.447229654050296
26053,LOF,0.0625931938672503,0.15967464151006128,0.7777321646226885
26054,LOF,0.06271636877374055,0.04152678622621785,0.8957568450000416
26055,LOF,0.07910080868576672,0.02907452093091902,0.8918246703833144
26056,LOF,0.06668172279576569,0.03599109642374599,0.8973271807804883
26057,LOF,0.029903874239859626,0.017944461841670416,0.95215166391847
26058,LOF,0.030079756732766756,0.01561428382020737,0.9543059594470259
26059,LOF,0.293350978839589,0.05689807558115377,0.6497509455792573
26060,LOF,0.027368196460822312,0.2918459228421614,0.6807858806970163
26061,LOF,0.01792213774515433,0.021128598690361357,0.9609492635644843
26062,LOF,0.011503055482465632,0.030249769464612844,0.9582471750529215
26063,LOF,0.020701651241247884,0.015797371501702295,0.9635009772570499
26064,LOF,0.02238382778942891,0.02279521992967642,0.9548209522808947
26065,LOF,0.024257619622083643,0.019990579570768868,0.9557518008071474
26066,LOF,0.019458386476807435,0.01805814990550065,0.9624834636176919
26067,LOF,0.024201347324877963,0.014421669550811034,0.9613769831243111
26068,LOF,0.04713384525494559,0.06354889882034023,0.8893172559247141
26069,LOF,0.2983094252651721,0.03912052324018091,0.662570051494647
26070,LOF,0.4152736467895337,0.025336306920218606,0.5593900462902477
26071,LOF,0.021337101967595615,0.021166642134102798,0.9574962558983016
26072,LOF,0.02293054567262779,0.033078906002488744,0.9439905483248835
26073,LOF,0.023164127572917633,0.016943117054834794,0.9598927553722476
26074,Neutral,0.9148696963020658,0.00842585760235432,0.07670444609557997
26075,LOF,0.044215008691539916,0.02700864839156171,0.9287763429168985
26076,LOF,0.04330071035095384,0.01614781777237958,0.9405514718766667
26077,LOF,0.009496520510345727,0.03485703506704756,0.9556464444226067
26078,LOF,0.013800100299739285,0.02208493970440399,0.9641149599958568
26079,LOF,0.054895079426978105,0.033725060245850244,0.9113798603271716
26080,LOF,0.05390473564375347,0.03382383047578313,0.9122714338804634
26081,LOF,0.03480440730289749,0.011944117027977484,0.953251475669125
26082,LOF,0.018927855410547777,0.03002623217776246,0.9510459124116897
26083,LOF,0.12684061918420977,0.019389097561433588,0.8537702832543567
26084,LOF,0.025366619710168344,0.026382383302269073,0.9482509969875627
26085,LOF,0.020948997944368004,0.024773913702202617,0.9542770883534293
26086,LOF,0.023679044916460532,0.019868217066293048,0.9564527380172464
26087,LOF,0.02355847930641126,0.013978514262422255,0.9624630064311666
26088,LOF,0.017241570626094695,0.04090087069301815,0.9418575586808872
26089,LOF,0.04879188797370057,0.04181866273470848,0.909389449291591
26090,LOF,0.046973812674744354,0.03286289089548743,0.9201632964297681
26091,LOF,0.03653784775424387,0.011056391933814368,0.9524057603119418
26092,LOF,0.025703454953319323,0.014630579523640127,0.9596659655230405
26093,LOF,0.03462507971877512,0.010005188809919453,0.9553697314713055
26094,LOF,0.04168996009488722,0.011997613943970031,0.9463124259611427
26095,LOF,0.05507344552316266,0.022798697318243553,0.9221278571585939
26096,LOF,0.02203069151613719,0.01814340019869589,0.9598259082851669
26097,LOF,0.010307430616854634,0.06413856004939204,0.9255540093337533
26098,LOF,0.075544274002897,0.024534505567752017,0.899921220429351
26099,LOF,0.02327173707248509,0.026117415588099224,0.9506108473394156
26100,LOF,0.024485056007075425,0.024117237773019783,0.9513977062199047
26101,LOF,0.05640947344800482,0.02304854523323056,0.9205419813187646
26102,LOF,0.024527127655388538,0.018388825090292587,0.9570840472543188
26103,Neutral,0.8888735340749846,0.031564254277126565,0.07956221164788876
26104,LOF,0.0772101229342681,0.05736472373765393,0.865425153328078
26105,LOF,0.21450044328878806,0.27547579841369463,0.5100237582975173
26106,LOF,0.18245161947948443,0.1373458960025179,0.6802024845179977
26107,LOF,0.24357963378149758,0.13119762747588473,0.6252227387426177
26108,LOF,0.2431326919296865,0.18664908055710155,0.5702182275132119
26109,LOF,0.08529983047968584,0.1250559504253625,0.7896442190949516
26110,LOF,0.24404552539436783,0.007338572416025232,0.748615902189607
26111,LOF,0.472215870452344,0.017202017231550307,0.5105821123161056
26112,LOF,0.03310497174093109,0.007329997577090114,0.9595650306819788
26113,LOF,0.05145450410882549,0.012052917809559499,0.936492578081615
26114,LOF,0.01616752587318463,0.017806826349137318,0.966025647777678
26115,LOF,0.07491263599948093,0.036305196887738284,0.8887821671127808
26116,LOF,0.047960574605230566,0.02429538176882482,0.9277440436259446
26117,LOF,0.39294841839125605,0.05525571964495432,0.5517958619637896
26118,LOF,0.03756607554636697,0.03597952470179541,0.9264543997518375
26119,LOF,0.023804047571518824,0.046970551323580356,0.9292254011049009
26120,LOF,0.02799811244798087,0.025166971409265403,0.9468349161427538
26121,LOF,0.0546698503057102,0.09209256048247387,0.8532375892118159
26122,LOF,0.05555363033757204,0.04331181597804362,0.9011345536843844
