feature0,prediction,LoGoFunc_Neutral,LoGoFunc_GOF,LoGoFunc_LOF
25546,Neutral,0.6714037740907819,0.059931781977604064,0.2686644439316141
25547,Neutral,0.5028033451867009,0.11158233075805693,0.38561432405524226
25548,Neutral,0.5089523801433843,0.09226320650022081,0.398784413356395
25549,LOF,0.4196388858636683,0.09496097384339507,0.4854001402929366
25550,LOF,0.3822642702603134,0.12278570741561444,0.49495002232407215
25551,LOF,0.31706987553607874,0.1339415689401795,0.5489885555237418
25552,LOF,0.26180816584314986,0.1333417362924621,0.6048500978643879
25553,Neutral,0.8115412114598444,0.046959669433121805,0.1414991191070338
25554,LOF,0.3094012671023535,0.1201784003675753,0.5704203325300713
25555,LOF,0.2518690496912544,0.11635933571621876,0.631771614592527
25556,Neutral,0.45147662502707453,0.11039922724709142,0.43812414772583413
25557,LOF,0.23438099282549843,0.12174580795076106,0.6438731992237404
25558,LOF,0.3063816798162312,0.11835233807226078,0.5752659821115079
25559,LOF,0.16450676266623207,0.1318923710475246,0.7036008662862434
25560,LOF,0.15864041717166905,0.09374077343451344,0.7476188093938174
25561,LOF,0.15319294028225358,0.10382249136832825,0.7429845683494182
25562,LOF,0.07731025274191884,0.0746771959315947,0.8480125513264865
25563,LOF,0.02086350684244051,0.12977398772531926,0.8493625054322402
25564,LOF,0.22474052868298958,0.12360832786569835,0.651651143451312
25565,LOF,0.21740547029649995,0.14515220906940976,0.6374423206340902
25566,GOF,0.09443758035960627,0.7079619852005444,0.19760043443984943
25567,LOF,0.039401000393850256,0.12685083795581548,0.8337481616503344
25568,LOF,0.061370754553355215,0.07287847221586828,0.8657507732307764
25569,LOF,0.06341478647524465,0.0715486945345068,0.8650365189902486
25570,LOF,0.02758174928831077,0.1014951732016787,0.8709230775100105
25571,LOF,0.026216332215531435,0.10318798607505038,0.8705956817094181
25572,LOF,0.06278481695729694,0.11301729067512008,0.824197892367583
25573,LOF,0.057721071383018165,0.08598833434501749,0.8562905942719643
25574,LOF,0.058212347578922706,0.18297073135293604,0.7588169210681412
25575,LOF,0.02308474328801453,0.11259258035385684,0.8643226763581285
25576,LOF,0.0347950105160224,0.14837199467513235,0.8168329948088452
25577,LOF,0.03134726114695386,0.10981438348465068,0.8588383553683955
25578,LOF,0.30940832381888567,0.07899748284625416,0.6115941933348602
25579,LOF,0.13082836336756776,0.08644161628410392,0.7827300203483283
25580,LOF,0.02001757749484073,0.0795285830457304,0.9004538394594289
25581,LOF,0.05551938126858976,0.06793656175118158,0.8765440569802287
25582,LOF,0.0553137569822516,0.06694064902041745,0.877745593997331
25583,LOF,0.020583008091551867,0.08382009268348775,0.8955968992249604
25584,Neutral,0.6849380416271474,0.10002635132827793,0.21503560704457453
25585,LOF,0.0292842057306887,0.11663804717512484,0.8540777470941865
25586,LOF,0.019118340051347233,0.06416947614517456,0.9167121838034781
25587,LOF,0.017803861565062022,0.061883733064439686,0.9203124053704983
25588,LOF,0.02078845510624815,0.07019150399074936,0.9090200409030025
25589,Neutral,0.5184779241249536,0.17110616319119754,0.31041591268384877
25590,LOF,0.04997347804938911,0.10925656930806323,0.8407699526425477
25591,LOF,0.10747286403950611,0.0538962629203197,0.8386308730401741
25592,LOF,0.058250967308623364,0.12615732790618658,0.8155917047851902
25593,LOF,0.1350891704651601,0.23813829462357833,0.6267725349112616
25594,LOF,0.04768963402074784,0.10474397382881741,0.8475663921504348
25595,LOF,0.04449776071116594,0.08097527973374591,0.8745269595550882
25596,LOF,0.109499033999671,0.05020931593057315,0.8402916500697559
25597,LOF,0.07842652905948966,0.05213244850240953,0.8694410224381007
25598,LOF,0.04912911679440919,0.08333282858206881,0.867538054623522
25599,GOF,0.021536365232208303,0.521977959209889,0.45648567555790276
25600,GOF,0.17273286207243435,0.5161891935545515,0.31107794437301406
25601,LOF,0.040136555448699394,0.4092538217882894,0.5506096227630112
25602,LOF,0.03360691275541736,0.05734636940358786,0.9090467178409949
25603,LOF,0.037586511034292204,0.02749405949173713,0.9349194294739708
25604,LOF,0.037160318299907985,0.06046307535995363,0.9023766063401384
25605,LOF,0.04247386315864232,0.1808213360610736,0.7767048007802841
25606,LOF,0.42127237364307546,0.09771645527628019,0.48101117108064423
25607,LOF,0.023853012719379743,0.17777419446198442,0.7983727928186358
25608,LOF,0.03350298147539422,0.08123305884402732,0.8852639596805785
25609,GOF,0.1548131495282842,0.5248468905165795,0.32033995995513626
25610,LOF,0.015112082031109832,0.02656908368407127,0.9583188342848188
25611,LOF,0.014269124081544682,0.030837182433304088,0.9548936934851513
25612,LOF,0.04599724283252739,0.03962193169541376,0.9143808254720588
25613,LOF,0.04432728719560635,0.03948343578620746,0.9161892770181862
25614,LOF,0.02086501572943083,0.02448417186884649,0.9546508124017228
25615,LOF,0.04606627774122555,0.038567792140134755,0.9153659301186398
25616,LOF,0.04469861591701494,0.02666849708340566,0.9286328869995795
25617,LOF,0.04186109411737863,0.03390003128654472,0.9242388745960766
25618,LOF,0.05017460704418998,0.034820370486948124,0.9150050224688618
25619,LOF,0.01495449087893693,0.032145544968975794,0.9528999641520872
25620,LOF,0.060717749720746984,0.039836999627407665,0.8994452506518453
25621,LOF,0.05261220787786151,0.034136218481539915,0.9132515736405985
25622,LOF,0.06456064113984403,0.03167646305741754,0.9037628958027385
25623,LOF,0.07152848887757789,0.027832353834387803,0.9006391572880342
25624,LOF,0.01811690462289411,0.031559474150923895,0.9503236212261821
25625,LOF,0.06734171526674097,0.03751989350721124,0.8951383912260478
25626,LOF,0.04422837792960152,0.03740193150365518,0.9183696905667432
25627,Neutral,0.8906493326883396,0.02183621269838898,0.08751445461327133
25628,LOF,0.11803061793511403,0.06646331685073799,0.8155060652141479
25629,LOF,0.060859125367884105,0.04758365345082244,0.8915572211812934
25630,LOF,0.2692197211312137,0.07953028968707816,0.6512499891817083
25631,Neutral,0.5551473323644043,0.07197878878940601,0.3728738788461897
25632,LOF,0.026909523724701196,0.06363850740715898,0.90945196886814
25633,LOF,0.18285102780379292,0.03353408548126382,0.7836148867149433
25634,LOF,0.03561082184248757,0.07684633495971818,0.8875428431977943
25635,LOF,0.03726445684648148,0.04081589333936548,0.921919649814153
25636,LOF,0.03228586419833992,0.4598986296989712,0.5078155061026889
25637,GOF,0.06295857881014962,0.4927835585916474,0.4442578625982028
25638,LOF,0.03182896886335215,0.3048780992272786,0.6632929319093693
25639,LOF,0.03312378839554062,0.35699256529854967,0.6098836463059096
25640,Neutral,0.8132892572954711,0.14691299273761457,0.039797749966914486
25641,LOF,0.05495068970099911,0.42717034022505856,0.5178789700739423
25642,LOF,0.042517858588374084,0.13404892165666343,0.8234332197549625
25643,LOF,0.20148954251092682,0.15348453499283587,0.6450259224962372
25644,LOF,0.02314055054412275,0.45817423642851585,0.5186852130273614
25645,LOF,0.02166625340414639,0.4160401425475401,0.5622936040483134
25646,LOF,0.05615891352667203,0.33683077069405315,0.6070103157792748
25647,LOF,0.02515125573005666,0.26110964910660145,0.7137390951633419
25648,LOF,0.03428509358368572,0.22051359161428,0.7452013148020343
25649,LOF,0.01698025453494161,0.2331007302017096,0.7499190152633487
25650,LOF,0.057361247113810146,0.4041892664685119,0.538449486417678
25651,LOF,0.0163929290140993,0.269271559296761,0.7143355116891398
25652,LOF,0.03280627319175067,0.26299628339286923,0.70419744341538
25653,LOF,0.10117522434878454,0.423875728496217,0.4749490471549986
25654,LOF,0.02517363297652299,0.20303856285228722,0.7717878041711899
25655,GOF,0.21883524864976683,0.3919177470573128,0.3892470042929205
25656,LOF,0.27714346757840913,0.052907366314830645,0.6699491661067601
25657,LOF,0.07332537863185115,0.06081133408088121,0.8658632872872676
25658,LOF,0.3868893063625757,0.05061295460676368,0.5624977390306607
25659,Neutral,0.5164253768762329,0.07301617997960674,0.4105584431441603
25660,LOF,0.02432523245488895,0.08471291846144072,0.8909618490836704
25661,LOF,0.09131629019661594,0.05950299470060353,0.8491807151027806
25662,LOF,0.03309693140962099,0.032876779228409696,0.9340262893619694
25663,LOF,0.04088368681251585,0.04563358395427556,0.9134827292332087
25664,LOF,0.14299350521350865,0.05411880691395571,0.8028876878725356
25665,LOF,0.05521887093664602,0.029556980261422963,0.9152241488019309
25666,LOF,0.0881040241019792,0.06939953020305319,0.8424964456949676
25667,LOF,0.06228188751556665,0.0385292366989427,0.8991888757854906
25668,LOF,0.035983481908717495,0.05082456334336221,0.9131919547479204
25669,LOF,0.03280824083271825,0.05499016943957382,0.912201589727708
25670,LOF,0.13589431203538682,0.048729614522494274,0.8153760734421188
25671,LOF,0.09187162591440487,0.033232724477845706,0.8748956496077493
25672,LOF,0.04991074234507486,0.040785469167710406,0.9093037884872147
25673,LOF,0.0838698924716852,0.04035523983939594,0.8757748676889188
25674,LOF,0.07439064248472434,0.04917235974314129,0.8764369977721345
25675,LOF,0.11936389408792772,0.047658864261406864,0.8329772416506654
25676,LOF,0.017693873628712446,0.0524448919588611,0.9298612344124263
25677,LOF,0.024725170880655182,0.07040388232314818,0.9048709467961966
25678,LOF,0.20281713032392829,0.05538031610975534,0.7418025535663163
25679,LOF,0.1298806131495224,0.08261629090301442,0.7875030959474631
25680,LOF,0.030238734614063005,0.11101542041258212,0.8587458449733548
25681,LOF,0.04802279006231273,0.10451043712288463,0.8474667728148026
25682,LOF,0.133776972240798,0.06789815668613411,0.7983248710730678
25683,LOF,0.12177326280085916,0.08813843786962162,0.7900882993295191
25684,LOF,0.03950849780788853,0.06805266221913286,0.8924388399729786
25685,LOF,0.13232233766434764,0.04693138259081639,0.820746279744836
25686,LOF,0.06681219201292414,0.08923994718919942,0.8439478607978764
25687,LOF,0.11618342411666714,0.09159356474824115,0.7922230111350917
25688,LOF,0.30763720461431926,0.03722232501689871,0.655140470368782
25689,LOF,0.21557242536132176,0.04267079991976624,0.741756774718912
25690,LOF,0.3613157681340809,0.029510069334257417,0.6091741625316617
25691,Neutral,0.7124169017632959,0.02506396912981871,0.26251912910688546
25692,LOF,0.28079964145028213,0.0105156042907017,0.7086847542590161
25693,LOF,0.0453509404200565,0.464188296494092,0.4904607630858515
25694,LOF,0.11810868364900194,0.019540660898443012,0.862350655452555
25695,LOF,0.11754232193787496,0.01843019574676489,0.8640274823153602
25696,LOF,0.10746809480146517,0.009649856753027049,0.8828820484455077
25697,LOF,0.12256444455162765,0.0357275202539304,0.841708035194442
25698,LOF,0.3394687444455253,0.23166975229479464,0.42886150325968003
25699,LOF,0.43410490182392175,0.03908308501289083,0.5268120131631874
25700,LOF,0.05169198100645095,0.007153832154783038,0.9411541868387661
25701,LOF,0.15927157220690316,0.04571366370510133,0.7950147640879955
25702,GOF,0.1685786773780394,0.5506631739731203,0.28075814864884047
25703,LOF,0.016348296889563515,0.17418722328291386,0.8094644798275226
25704,LOF,0.04700884508517623,0.13206459171391685,0.820926563200907
25705,LOF,0.0577134237647267,0.21307601609756138,0.7292105601377119
25706,LOF,0.08624755908546626,0.3737359772026606,0.5400164637118731
25707,LOF,0.0880403312278101,0.2997686474756068,0.6121910212965832
25708,LOF,0.028955026861198746,0.2664061200364872,0.704638853102314
25709,LOF,0.05553295526712191,0.045939723247726945,0.8985273214851511
25710,LOF,0.011611677123871159,0.14798149685019307,0.8404068260259357
25711,LOF,0.018319308902132795,0.10550387078216,0.8761768203157072
25712,LOF,0.01299230196252062,0.19754836835075604,0.7894593296867234
25713,LOF,0.01824451214188289,0.08797768604017582,0.8937778018179414
25714,LOF,0.06622583294918857,0.08908781635354202,0.8446863506972694
25715,LOF,0.01002396310556101,0.16436468721913233,0.8256113496753067
25716,LOF,0.014065411341716773,0.12513885622834556,0.8607957324299377
25717,LOF,0.012982145493902298,0.08137517111773011,0.9056426833883677
25718,LOF,0.011804962472466348,0.10934639737942764,0.8788486401481059
25719,LOF,0.01812736915831482,0.08716770510021145,0.8947049257414738
25720,LOF,0.02091821964320994,0.07370652484970883,0.9053752555070813
25721,LOF,0.015679046111061537,0.11463339443123935,0.869687559457699
25722,LOF,0.012758751322709696,0.13424955811505848,0.8529916905622318
25723,LOF,0.022461015226612157,0.04936873170766068,0.9281702530657272
25724,LOF,0.023811129302418358,0.08951827429955882,0.8866705963980228
25725,LOF,0.011735230410540028,0.07486594269199337,0.9133988268974667
25726,LOF,0.014177449654790309,0.1100626750243027,0.8757598753209069
25727,LOF,0.012731870708740866,0.08163361217453839,0.9056345171167206
25728,LOF,0.009519187616057146,0.11925138339410907,0.8712294289898337
25729,LOF,0.00968666282033332,0.11965359778539163,0.8706597393942751
25730,LOF,0.013290142340109229,0.09091316826648932,0.8957966893934014
25731,LOF,0.02072870832950208,0.10998340366203874,0.8692878880084592
25732,LOF,0.014489609163735744,0.09143700679999137,0.8940733840362728
25733,LOF,0.015730436642284226,0.07586452884129681,0.908405034516419
25734,LOF,0.014583609594047744,0.12825368248190677,0.8571627079240456
25735,LOF,0.013464662371171715,0.08898604840038316,0.8975492892284451
25736,LOF,0.013881147202405537,0.10991091397624607,0.8762079388213485
25737,LOF,0.02030528102929535,0.08897264588512803,0.8907220730855766
25738,LOF,0.013222052492814091,0.11853481182839551,0.8682431356787904
25739,LOF,0.019249324721148136,0.09157098201785684,0.8891796932609951
25740,LOF,0.025770108700100654,0.1092947629579953,0.8649351283419041
25741,LOF,0.014946504216567994,0.12146627223100102,0.863587223552431
25742,LOF,0.11101156458332795,0.0881618519928046,0.8008265834238675
25743,LOF,0.03296373426171348,0.033476678243478386,0.9335595874948082
25744,Neutral,0.5565758935220004,0.22667825517821627,0.21674585129978322
25745,LOF,0.07788997152766673,0.07279199648079228,0.8493180319915409
25746,LOF,0.038766762310803074,0.08627527133328511,0.8749579663559117
25747,LOF,0.02124532640084215,0.044947256607169354,0.9338074169919884
25748,LOF,0.09613552047684974,0.0650579725166824,0.8388065070064679
25749,LOF,0.02595212352790725,0.08586216801584153,0.8881857084562512
25750,LOF,0.07833953550928202,0.08451720710943664,0.8371432573812813
25751,LOF,0.08506300891226658,0.06570944003938332,0.84922755104835
25752,GOF,0.10642279056625627,0.6702208353927819,0.22335637404096187
25753,LOF,0.020012661841762456,0.29086289321605013,0.6891244449421874
25754,GOF,0.010577497770804797,0.7798141154968862,0.2096083867323092
25755,LOF,0.022972041522741724,0.38051319203367934,0.5965147664435789
25756,LOF,0.03910939618657501,0.40418724570691417,0.5567033581065108
25757,GOF,0.013601028341444164,0.8436574010710945,0.14274157058746126
25758,GOF,0.029055753362062814,0.842758918958325,0.12818532767961224
25759,GOF,0.01190272219429659,0.557559681058692,0.4305375967470113
25760,LOF,0.012641664955355916,0.24726757619156264,0.7400907588530814
25761,GOF,0.2678727319356071,0.6241489374054318,0.10797833065896108
25762,LOF,0.03314304495865641,0.28507302649508304,0.6817839285462606
25763,LOF,0.013408181075544017,0.20713987861967564,0.7794519403047804
25764,GOF,0.07423816769290155,0.6289094446534378,0.2968523876536607
25765,GOF,0.0437293332909524,0.7797588387440766,0.17651182796497103
25766,GOF,0.055560161416214504,0.7850625339975237,0.15937730458626187
25767,GOF,0.17816662396780733,0.4254808681727131,0.3963525078594797
25768,LOF,0.08818298381184246,0.06164161848425787,0.8501753977038996
25769,LOF,0.0661633791155838,0.06947989463102361,0.8643567262533927
25770,LOF,0.3127657418410393,0.08836248409604208,0.5988717740629187
25771,LOF,0.038435457711085634,0.04785245240858429,0.9137120898803301
25772,LOF,0.016574983824737235,0.03417540099264167,0.9492496151826211
25773,LOF,0.04533747107982993,0.09004653203922493,0.8646159968809451
25774,LOF,0.02697936680838515,0.07120730721130637,0.9018133259803084
25775,LOF,0.045260441065762345,0.04310848259470408,0.9116310763395336
25776,LOF,0.06923187022184953,0.026922779024766183,0.9038453507533843
25777,LOF,0.324437575254241,0.04869255912982089,0.6268698656159382
25778,LOF,0.06494119758735221,0.052160615478008134,0.8828981869346396
25779,GOF,0.37035547261599916,0.5913071933911729,0.038337333992828064
25780,GOF,0.3157617988678255,0.6156206997697504,0.06861750136242399
25781,GOF,0.13625405753681605,0.7621099943822718,0.10163594808091224
25782,GOF,0.19899609586607342,0.7435586185882893,0.05744528554563721
25783,GOF,0.029271091953529976,0.6593810740138474,0.3113478340326226
25784,GOF,0.47535634527982434,0.49076732620336866,0.033876328516806886
25785,GOF,0.4612701894943589,0.5025991728105327,0.036130637695108436
25786,GOF,0.027040671843178394,0.7615123810588902,0.21144694709793144
25787,Neutral,0.6530479264490181,0.32457476107530064,0.022377312475681328
25788,LOF,0.045135273024014724,0.11011089637267847,0.8447538306033068
25789,GOF,0.1959952258910999,0.6845524568704373,0.11945231723846286
25790,GOF,0.2156252865039104,0.6858826582232719,0.0984920552728177
25791,GOF,0.14466161696793187,0.701087308559033,0.15425107447303518
25792,GOF,0.32816502113842216,0.5512373094921101,0.12059766936946772
25793,GOF,0.2573097493527745,0.5481521901800533,0.19453806046717217
25794,GOF,0.28884946133441175,0.5538838475030371,0.1572666911625511
25795,GOF,0.0728378574665868,0.7187836830834327,0.20837845944998046
25796,Neutral,0.545444865100993,0.3843564227211449,0.07019871217786207
25797,GOF,0.0955669257291142,0.5662527418538978,0.3381803324169879
25798,GOF,0.008399406529767235,0.5248337003536699,0.46676689311656283
25799,LOF,0.006975677793946699,0.41128398281494616,0.5817403393911073
25800,GOF,0.029749723892343295,0.6197428882108088,0.35050738789684793
25801,GOF,0.18638425041752912,0.6979309384418474,0.11568481114062348
25802,GOF,0.07217255957450834,0.7051489217733666,0.22267851865212487
25803,GOF,0.03173790248442241,0.5789694419496747,0.3892926555659028
25804,GOF,0.02880745540053925,0.49489523587265155,0.4762973087268091
25805,GOF,0.08283471930459463,0.6212297080810846,0.29593557261432085
25806,GOF,0.09426378016546544,0.59079626093419,0.31493995890034443
25807,GOF,0.019355386063237244,0.6348570534434024,0.34578756049336035
25808,GOF,0.07797762404157818,0.6476074224886987,0.27441495346972317
25809,GOF,0.017303006020273806,0.5926543689483258,0.39004262503140036
25810,GOF,0.016014816714772506,0.6285592067803285,0.3554259765048991
25811,GOF,0.4262937844153648,0.5092990126341445,0.06440720295049082
25812,GOF,0.02929056331936382,0.6601182417545854,0.31059119492605075
25813,Neutral,0.5033897676780394,0.4120494464202498,0.08456078590171075
25814,GOF,0.10858334243337686,0.6703016468854025,0.22111501068122064
25815,GOF,0.19463336613111248,0.6329120088896935,0.1724546249791941
25816,GOF,0.022686633417578417,0.7201657805786065,0.25714758600381504
25817,GOF,0.2474036332357097,0.6323263745033992,0.12026999226089109
25818,GOF,0.04856117868856698,0.6899186790463117,0.2615201422651214
25819,GOF,0.37635847046427645,0.4992123729506245,0.12442915658509907
25820,GOF,0.1855996731591136,0.62022570899829,0.1941746178425964
25821,GOF,0.05788119631236761,0.6957309775083661,0.24638782617926624
25822,GOF,0.22623384892447,0.5797752006008704,0.19399095047465967
25823,GOF,0.030351572504793565,0.5467669208365592,0.4228815066586472
25824,GOF,0.08356491260311319,0.6374705273929467,0.27896456000394004
25825,GOF,0.034294766076048346,0.6338141069203137,0.3318911270036379
25826,GOF,0.015585802843569849,0.5996064484590022,0.38480774869742784
25827,GOF,0.022139435290366254,0.6282875910911395,0.3495729736184942
25828,GOF,0.01243079254811023,0.5542104347253644,0.4333587727265253
25829,GOF,0.005421993579273266,0.5753447829316591,0.41923322348906766
25830,LOF,0.032069129035952645,0.29239371986159474,0.6755371511024526
25831,GOF,0.22811922408256227,0.6642738260188094,0.10760694989862844
25832,GOF,0.029601698733302827,0.7330760309366365,0.23732227033006062
25833,GOF,0.10623187388586874,0.7437313595923566,0.1500367665217747
25834,GOF,0.027674068022981085,0.7477234530647879,0.224602478912231
25835,GOF,0.05981877349592476,0.7856855482912575,0.15449567821281782
25836,GOF,0.03298521870792373,0.7139074464283305,0.25310733486374576
25837,GOF,0.02712832631149031,0.6394070558717557,0.333464617816754
25838,GOF,0.08971308011205714,0.7815032221896763,0.12878369769826647
25839,GOF,0.27916476442201094,0.5941235885096765,0.12671164706831262
25840,GOF,0.26688007988441637,0.6024967091646983,0.13062321095088525
25841,GOF,0.25598013410787784,0.608273295199434,0.13574657069268828
25842,GOF,0.1363287947749363,0.7490743840973139,0.11459682112774998
25843,GOF,0.20491977450770338,0.7100988866890972,0.08498133880319952
25844,GOF,0.06144960656815617,0.7542252736539916,0.18432511977785218
25845,GOF,0.016701073807341694,0.5317867589665513,0.45151216722610693
25846,GOF,0.11905156127141481,0.742929761597722,0.13801867713086333
25847,GOF,0.09605490832229116,0.8070064079332069,0.0969386837445019
25848,GOF,0.03304683028701897,0.7357149390507102,0.2312382306622707
25849,GOF,0.010732631889296452,0.6276330843599851,0.3616342837507185
25850,GOF,0.01875761044872738,0.6596332164674161,0.32160917308385645
25851,GOF,0.014826099704793457,0.5424476898777073,0.4427262104174992
25852,GOF,0.1744424769355352,0.5647298654726798,0.26082765759178494
25853,GOF,0.34020234774838937,0.5873893405345264,0.07240831171708434
25854,GOF,0.02106713811463014,0.643862049549758,0.33507081233561187
25855,GOF,0.034073572683516025,0.5882396384114964,0.37768678890498747
25856,GOF,0.23770998549881797,0.5627972093201927,0.19949280518098925
25857,GOF,0.0387422569692363,0.5307245609629975,0.43053318206776625
25858,GOF,0.01961913810715867,0.5612922646374492,0.41908859725539205
25859,GOF,0.010382343483947998,0.5268700829644352,0.46274757355161683
25860,GOF,0.3662996755435246,0.5598031026939345,0.07389722176254089
25861,GOF,0.42143298821686703,0.5168248310224175,0.06174218076071542
25862,GOF,0.08874688438233617,0.7921056057391396,0.11914750987852414
25863,GOF,0.08500571277310692,0.7940879280128509,0.12090635921404227
25864,GOF,0.18637510422511624,0.751637872202501,0.061987023572382685
25865,GOF,0.08730843416613623,0.8143292782933371,0.0983622875405267
25866,GOF,0.05023322105031586,0.8177432138927985,0.13202356505688576
25867,GOF,0.07634489967306113,0.8303819106287029,0.09327318969823595
25868,GOF,0.24340762561979085,0.6678752582427965,0.08871711613741266
25869,Neutral,0.7133314854499544,0.24746387514215637,0.039204639407889284
25870,GOF,0.27418206570581377,0.4282952386935295,0.2975226956006568
25871,GOF,0.19124376040120394,0.6811689874673571,0.12758725213143896
25872,GOF,0.07567183008493207,0.6759586879978668,0.24836948191720107
25873,GOF,0.10787494709032519,0.7063200168296339,0.1858050360800409
25874,LOF,0.014044601783616103,0.11058373707767354,0.8753716611387105
25875,LOF,0.08999695054344212,0.046061732803397315,0.8639413166531605
25876,LOF,0.034759417583928226,0.032939773013795255,0.9323008094022766
25877,Neutral,0.5218061258595806,0.041221352189980506,0.43697252195043884
25878,LOF,0.22274279190313487,0.09146850355167116,0.6857887045451939
25879,LOF,0.08302489415450746,0.08886000909395,0.8281150967515426
25880,LOF,0.03960387653950326,0.0157108769429001,0.9446852465175966
25881,LOF,0.1803353257434865,0.11645400950516636,0.703210664751347
25882,LOF,0.06398022388406793,0.015780571581094416,0.9202392045348377
25883,LOF,0.06465840393604237,0.018293044339570734,0.917048551724387
25884,LOF,0.03108163225753457,0.025050493544654544,0.9438678741978109
25885,LOF,0.057933687689774416,0.010236779397512148,0.9318295329127133
25886,LOF,0.24394126284312473,0.036251066472780355,0.7198076706840949
25887,LOF,0.16197459782995124,0.06383982320374147,0.7741855789663072
25888,LOF,0.06458052275613814,0.05440868108659614,0.8810107961572657
25889,LOF,0.03769791139716263,0.01781278644349091,0.9444893021593463
25890,LOF,0.05064492869254673,0.15821694298848138,0.7911381283189719
25891,LOF,0.038026496464479816,0.05596027592881039,0.9060132276067099
25892,LOF,0.08662216749063659,0.02270852486670275,0.8906693076426606
25893,LOF,0.23938091337189646,0.020863537515149015,0.7397555491129545
25894,LOF,0.18040514134461233,0.012444697125143596,0.807150161530244
25895,LOF,0.19365296564912116,0.024743034598318645,0.7816039997525601
25896,LOF,0.04894012998609863,0.022843791379027714,0.9282160786348738
25897,LOF,0.2544432734492045,0.014464726745581387,0.7310919998052141
25898,Neutral,0.7152207711611326,0.012142524796213324,0.272636704042654
25899,LOF,0.21259815134337925,0.022542121470417523,0.7648597271862032
25900,LOF,0.4392454448682167,0.014635237823066052,0.5461193173087173
25901,LOF,0.051939409625834994,0.012081848886235026,0.9359787414879299
25902,LOF,0.16225448862022662,0.014119991949168284,0.823625519430605
25903,Neutral,0.5791877492609047,0.030544589671149733,0.39026766106794564
25904,LOF,0.30925229309221974,0.04511627850881893,0.6456314283989614
25905,LOF,0.0237083824217449,0.32768100992815374,0.6486106076501014
25906,LOF,0.033784421569998405,0.07995995965171972,0.8862556187782819
25907,LOF,0.015278969160169156,0.32075170004323306,0.6639693307965978
25908,LOF,0.009769115471270993,0.23529519443544017,0.7549356900932889
25909,LOF,0.012139768585645512,0.13932540880454056,0.8485348226098138
25910,LOF,0.049884966309768554,0.13845707858362244,0.811657955106609
25911,LOF,0.1889413907784919,0.03382737539823226,0.7772312338232757
25912,LOF,0.0466241765820105,0.05614560274116772,0.8972302206768219
25913,LOF,0.3403806487935137,0.025305038530159925,0.6343143126763263
25914,LOF,0.019586923165137014,0.054975047812777095,0.9254380290220858
25915,Neutral,0.5937238451770821,0.13364586318394414,0.2726302916389737
25916,LOF,0.07258773362249321,0.17625568413122783,0.7511565822462789
25917,LOF,0.05722197933477565,0.038679710177048104,0.9040983104881762
25918,LOF,0.01973297616152146,0.03145413638716572,0.9488128874513129
25919,LOF,0.017717315573079873,0.03165534760039162,0.9506273368265286
25920,GOF,0.10989151440211728,0.4902587140382866,0.399849771559596
25921,LOF,0.02642742197675877,0.042332379867556336,0.9312401981556849
25922,LOF,0.034425543468871445,0.03033958909646521,0.9352348674346634
25923,LOF,0.44984611705777944,0.044352487975406585,0.505801394966814
25924,LOF,0.03486193139147271,0.049119265354050354,0.9160188032544768
25925,LOF,0.06800188889456417,0.04790305524925942,0.8840950558561763
25926,LOF,0.049796710489115416,0.04209793106420404,0.9081053584466805
25927,LOF,0.053202984394898005,0.13488643313871088,0.8119105824663911
25928,LOF,0.019317061649478627,0.054548768853236035,0.9261341694972854
25929,Neutral,0.5772617338948314,0.04646915401450129,0.37626911209066727
25930,LOF,0.0641457022179827,0.03765985755271957,0.8981944402292977
25931,LOF,0.023924064854004508,0.0361099748662547,0.9399659602797409
25932,LOF,0.026825704672100457,0.029871087187409037,0.9433032081404905
25933,LOF,0.03728982607885233,0.020897527543070116,0.9418126463780776
25934,LOF,0.024010770694505294,0.022845082948685237,0.9531441463568093
25935,LOF,0.05891570869880278,0.06004096709779503,0.8810433242034023
25936,LOF,0.04329837757904454,0.027345234073668394,0.9293563883472871
25937,LOF,0.026030650354605913,0.03779204772648921,0.9361773019189048
25938,LOF,0.0606806093528109,0.0615705844904815,0.8777488061567077
25939,LOF,0.04002254685397508,0.02322954330687395,0.936747909839151
25940,LOF,0.0320189637319386,0.3606271151820487,0.6073539210860127
25941,LOF,0.1772711958506717,0.10434196947154821,0.7183868346777802
25942,LOF,0.013536815707184867,0.03547595615875983,0.9509872281340553
25943,LOF,0.28790911202224323,0.04666363028643197,0.6654272576913248
25944,LOF,0.4854996654124917,0.021058478980297543,0.4934418556072108
25945,LOF,0.07324967942270585,0.02045607238533566,0.9062942481919586
25946,LOF,0.03281422727384026,0.12720766541888928,0.8399781073072705
25947,LOF,0.10802888024366446,0.1613828946677795,0.730588225088556
25948,LOF,0.35749938014973276,0.008406275250510135,0.6340943445997571
25949,LOF,0.12391836274158392,0.03455425190419289,0.8415273853542231
25950,GOF,0.33918447351208675,0.3584364031305492,0.3023791233573641
25951,LOF,0.208293822699058,0.2639343817533897,0.5277717955475524
25952,LOF,0.05032348107077192,0.4031912118873388,0.5464853070418892
25953,LOF,0.1444733098043074,0.11492069171703033,0.7406059984786623
25954,LOF,0.41587351509673,0.16413091737190927,0.41999556753136075
25955,LOF,0.05744993264473768,0.07948660960097334,0.8630634577542889
25956,LOF,0.17154996352129068,0.10614479488815884,0.7223052415905505
25957,LOF,0.039522446446668455,0.032049882839233365,0.9284276707140982
25958,LOF,0.052989847539471654,0.025410758775254224,0.921599393685274
25959,LOF,0.07153354809845228,0.3500985269007316,0.5783679250008161
25960,LOF,0.01639584584540099,0.04775955491991946,0.9358445992346797
25961,LOF,0.0400761925253648,0.02522775652402212,0.9346960509506131
25962,LOF,0.05706174794999178,0.02233171851419335,0.9206065335358149
25963,LOF,0.04214666867789949,0.18328352212027027,0.7745698092018302
25964,LOF,0.0338950681890704,0.1493013378230545,0.8168035939878752
25965,LOF,0.4424386601615174,0.06239964379389452,0.4951616960445881
25966,Neutral,0.4940190758978288,0.16290263984160647,0.34307828426056486
25967,LOF,0.01818604476018757,0.09728366825920086,0.8845302869806115
25968,LOF,0.03551921534719204,0.403857318671328,0.5606234659814799
25969,LOF,0.03628082734758182,0.060245250955717033,0.9034739216967012
25970,LOF,0.0616082306337868,0.07025904393151862,0.8681327254346946
25971,LOF,0.06559952425729952,0.021650469812201707,0.9127500059304987
25972,LOF,0.06746712873364595,0.03305876025112807,0.8994741110152259
25973,LOF,0.08392831116173534,0.009552543257789724,0.9065191455804749
25974,LOF,0.20229670096023364,0.015344525542514486,0.7823587734972518
25975,LOF,0.046809720877478436,0.026275953474567182,0.9269143256479543
25976,LOF,0.04324017368527072,0.015751312109084332,0.9410085142056449
25977,LOF,0.1531720381387759,0.09335798215723995,0.753469979703984
25978,LOF,0.14976344003910713,0.08032752914108426,0.7699090308198085
25979,LOF,0.13580865464206898,0.08137889759602182,0.7828124477619091
25980,LOF,0.22339219109769587,0.10527306713849728,0.6713347417638068
25981,LOF,0.25664359775584633,0.1032793141748518,0.640077088069302
25982,LOF,0.4008860400117607,0.07396189651174237,0.5251520634764969
25983,LOF,0.373425637794566,0.08212616048849548,0.5444482017169385
25984,LOF,0.04763146209464908,0.04888448199533689,0.903484055910014
25985,LOF,0.03520955038919268,0.2744642646078124,0.6903261850029948
25986,LOF,0.045084008507330846,0.31759762940943514,0.637318362083234
25987,LOF,0.08533454692155991,0.07151111285351686,0.8431543402249233
25988,LOF,0.15262669624613637,0.059788575084947934,0.7875847286689157
25989,LOF,0.03538332051454885,0.12472528012312234,0.8398913993623288
25990,LOF,0.04161322325140056,0.169493071577677,0.7888937051709224
25991,LOF,0.13160043189377496,0.23045519554863841,0.6379443725575866
25992,LOF,0.3039973448104153,0.13173625524073462,0.5642663999488502
25993,LOF,0.02374509516298418,0.060303093440065375,0.9159518113969504
25994,LOF,0.01832162962582749,0.07806537356531487,0.9036129968088576
25995,LOF,0.023555734467538454,0.16769347801901013,0.8087507875134513
25996,GOF,0.3374970306573284,0.38065622139997485,0.28184674794269676
25997,LOF,0.08679425279328468,0.3566251849585691,0.5565805622481462
25998,Neutral,0.5182700792745144,0.024956326552252456,0.4567735941732331
25999,LOF,0.10943788105252815,0.09090466492346864,0.7996574540240032
26000,LOF,0.1551421013797071,0.052477334291608425,0.7923805643286845
26001,LOF,0.19759574191498788,0.05697664612628941,0.7454276119587226
26002,LOF,0.13687920036666745,0.04799974640463782,0.8151210532286948
26003,GOF,0.010968461190948646,0.5906497641213655,0.39838177468768593
26004,GOF,0.020511880286442973,0.686238729444234,0.29324939026932295
26005,LOF,0.006298101325499319,0.44858096359474997,0.5451209350797507
26006,Neutral,0.5073184529004208,0.23897083281938197,0.25371071428019726
26007,GOF,0.019138976604117976,0.5051998038383066,0.4756612195575754
26008,GOF,0.017531031987518868,0.5977280669531029,0.3847409010593783
26009,GOF,0.02097573119565983,0.6673908751892139,0.3116333936151263
26010,GOF,0.021907613186050393,0.616139803219107,0.36195258359484256
26011,LOF,0.006668493552703455,0.41408857472024724,0.5792429317270493
26012,GOF,0.012749320041034427,0.5437203673510134,0.44353031260795217
26013,GOF,0.018063310135724108,0.5882444549750692,0.39369223488920674
26014,LOF,0.0438187443683418,0.11488267087643314,0.841298584755225
26015,LOF,0.152929915534335,0.015800698685553023,0.8312693857801119
26016,LOF,0.18123015420138508,0.05541452998759846,0.7633553158110165
26017,LOF,0.20482669121456643,0.08813615242746335,0.7070371563579703
26018,LOF,0.0838001376653274,0.03594951344435496,0.8802503488903176
26019,LOF,0.0800146426802232,0.028396479125621387,0.8915888781941554
26020,LOF,0.06752043115705403,0.10744264745385643,0.8250369213890896
26021,LOF,0.050184305971642175,0.10265851232362878,0.8471571817047291
26022,LOF,0.01120412652201018,0.038944635727942545,0.9498512377500473
26023,LOF,0.06827759223756,0.02272707824874202,0.9089953295136979
26024,LOF,0.03090359754938956,0.1129774660648444,0.856118936385766
26025,LOF,0.15307619337053752,0.09680322450672363,0.7501205821227389
26026,LOF,0.3124313556044284,0.030122220760212863,0.6574464236353587
26027,LOF,0.06165617741003777,0.017753184867412702,0.9205906377225496
26028,LOF,0.17196749269451767,0.0647917303234295,0.7632407769820528
26029,LOF,0.06194783617227386,0.1715790216470016,0.7664731421807246
26030,LOF,0.021088271281428733,0.044890703435256675,0.9340210252833145
26031,LOF,0.023782233692403777,0.12582789938991165,0.8503898669176846
26032,LOF,0.06544259990919947,0.07933186797978728,0.8552255321110133
26033,LOF,0.08249203145281794,0.0770977735615428,0.8404101949856392
26034,LOF,0.040770072807547755,0.1502826560666202,0.808947271125832
26035,LOF,0.022573070267580653,0.14880410607912023,0.8286228236532991
26036,LOF,0.032190285603203465,0.16438524232160623,0.8034244720751904
26037,LOF,0.01921311548197952,0.11629363617432306,0.8644932483436973
26038,LOF,0.0619152669374814,0.0803117905671908,0.8577729424953278
26039,LOF,0.04550352503990614,0.14758984754981014,0.8069066274102836
26040,LOF,0.20223672184272826,0.14128135020964325,0.6564819279476285
26041,LOF,0.019994696718836514,0.11176223209526036,0.8682430711859032
26042,LOF,0.018497885848261272,0.10325741777825267,0.8782446963734861
26043,LOF,0.06339287912826629,0.09491942307732563,0.841687697794408
26044,LOF,0.018207967129103306,0.05858998328228612,0.9232020495886106
26045,LOF,0.07357104434412527,0.10602633934681983,0.820402616309055
26046,LOF,0.05854590229293573,0.07728769426723829,0.8641664034398259
26047,LOF,0.07449550998485845,0.08077612723360757,0.844728362781534
26048,LOF,0.047258428367126584,0.0384337976298662,0.9143077740030073
26049,Neutral,0.9675373556751691,0.006244818012473728,0.026217826312357195
26050,Neutral,0.9505256627044095,0.008460570593759055,0.04101376670183139
26051,LOF,0.0470686222186724,0.26632437038540685,0.6866070073959208
26052,LOF,0.065119062860568,0.29930289193000476,0.6355780452094273
26053,LOF,0.060624331109564326,0.1392682623426482,0.8001074065477874
26054,LOF,0.049068598120462485,0.016890243754887166,0.9340411581246503
26055,LOF,0.06918937858469244,0.015006095522209202,0.9158045258930984
26056,LOF,0.056824628543781654,0.016925402154481444,0.926249969301737
26057,LOF,0.02890482268267862,0.012375393573047306,0.958719783744274
26058,LOF,0.02948711104189204,0.010263154942099333,0.9602497340160085
26059,LOF,0.28447458177498613,0.02031793460320479,0.6952074836218091
26060,LOF,0.04051948140558283,0.1708432639261353,0.7886372546682818
26061,LOF,0.018440463951763554,0.01098700041083934,0.9705725356373971
26062,LOF,0.010742970649575271,0.01780145809715337,0.9714555712532713
26063,LOF,0.020045752032731474,0.010773563087700163,0.9691806848795683
26064,LOF,0.0199035998636355,0.023740382108379095,0.9563560180279854
26065,LOF,0.02389860518887357,0.012205340464321233,0.9638960543468051
26066,LOF,0.01963716833664634,0.010726717391368618,0.9696361142719849
26067,LOF,0.026417018190680666,0.008741894894617758,0.9648410869147016
26068,LOF,0.0430575316289099,0.026397261547812786,0.9305452068232773
26069,LOF,0.2792030575545806,0.017612367787175943,0.7031845746582436
26070,LOF,0.41349519877723157,0.01566203712098088,0.5708427641017876
26071,LOF,0.019406027508836694,0.012261427356004535,0.9683325451351588
26072,LOF,0.019102275556547626,0.01791520594650133,0.962982518496951
26073,LOF,0.019638108335165355,0.011126690187172722,0.969235201477662
26074,Neutral,0.9245426668884646,0.005837998368662659,0.06961933474287275
26075,LOF,0.043737667277235624,0.013387748076898662,0.9428745846458657
26076,LOF,0.03676209719809609,0.008893970165714988,0.954343932636189
26077,LOF,0.009263968600307433,0.014902215652864837,0.9758338157468277
26078,LOF,0.014798426542170982,0.010305034885189713,0.9748965385726392
26079,LOF,0.05931653915141275,0.015689996713260348,0.9249934641353268
26080,LOF,0.05835390131200329,0.015689747471612617,0.9259563512163841
26081,LOF,0.03256744724981389,0.007530712574337005,0.9599018401758492
26082,LOF,0.01284690038512331,0.01526114881658127,0.9718919507982955
26083,LOF,0.16817372101783756,0.014799029164362534,0.8170272498178
26084,LOF,0.038164024414841076,0.01117297542684835,0.9506630001583105
26085,LOF,0.03450967114440641,0.010537575601530251,0.9549527532540633
26086,LOF,0.02023115868461808,0.010367440053980166,0.9694014012614016
26087,LOF,0.02348242501155614,0.008273495976654211,0.9682440790117897
26088,LOF,0.015277750427896968,0.022567825359326884,0.9621544242127761
26089,LOF,0.04092588584025614,0.021227810718070277,0.9378463034416736
26090,LOF,0.04060011196086111,0.01680135768787003,0.942598530351269
26091,LOF,0.03155420854199587,0.006428146272289403,0.9620176451857148
26092,LOF,0.02127233401724626,0.008464092584410148,0.9702635733983435
26093,LOF,0.03169005885541903,0.0066542888912944995,0.9616556522532864
26094,LOF,0.033269507255809634,0.006032564055095109,0.9606979286890953
26095,LOF,0.03863930728977366,0.013938718712596374,0.94742197399763
26096,LOF,0.01715742990925004,0.01158307368147713,0.9712594964092729
26097,LOF,0.012949716488196763,0.033265323440014025,0.9537849600717893
26098,LOF,0.07628526774267265,0.010814358773830817,0.9129003734834965
26099,LOF,0.019798915554626262,0.013167088876626527,0.9670339955687471
26100,LOF,0.02148422870763016,0.012858827499876387,0.9656569437924934
26101,LOF,0.04329465592884804,0.01549098934152772,0.9412143547296241
26102,LOF,0.019580815910429178,0.012910337967625852,0.967508846121945
26103,Neutral,0.8838527797352717,0.018903350150686817,0.09724387011404152
26104,LOF,0.0739942092014331,0.02326636863903233,0.9027394221595345
26105,LOF,0.19085747834520012,0.24653131024149902,0.5626112114133008
26106,LOF,0.16938058719754037,0.1160610567407721,0.7145583560616875
26107,LOF,0.21594065565573975,0.0777721650049356,0.7062871793393246
26108,LOF,0.23494017337388118,0.08732796322095654,0.6777318634051623
26109,LOF,0.09302238525999663,0.055831407817304744,0.8511462069226987
26110,LOF,0.2002006200670118,0.007570517295018052,0.7922288626379701
26111,Neutral,0.5064565988950391,0.032696962201577716,0.4608464389033831
26112,LOF,0.03321246877032393,0.007450314260389341,0.9593372169692868
26113,LOF,0.06361565030505671,0.016852398376392876,0.9195319513185504
26114,LOF,0.027074162128378706,0.03152972596412647,0.9413961119074947
26115,LOF,0.08413445869647386,0.05579601077330114,0.8600695305302251
26116,LOF,0.06488168391830706,0.06290671730254555,0.8722115987791473
26117,LOF,0.4450972608897898,0.041118687871326616,0.5137840512388835
26118,LOF,0.03335627601444142,0.024077313630670942,0.9425664103548876
26119,LOF,0.02651617228736002,0.03500244491397202,0.938481382798668
26120,LOF,0.025027569266574387,0.017922681805849234,0.9570497489275764
26121,LOF,0.043300181253451094,0.08124878376863535,0.8754510349779137
