feature0,prediction,LoGoFunc_Neutral,LoGoFunc_GOF,LoGoFunc_LOF
25546,Neutral,0.6134305403933427,0.04790115509874053,0.33866830450791685
25547,Neutral,0.5026424089952316,0.08252308849054321,0.41483450251422516
25548,Neutral,0.5298940107427592,0.07319513865894527,0.39691085059829556
25549,Neutral,0.4687393608455072,0.07320024056560094,0.4580603985888918
25550,LOF,0.40418125086745116,0.0789809716108701,0.5168377775216788
25551,LOF,0.35871765515411147,0.08364796047465411,0.5576343843712344
25552,LOF,0.32620621729088206,0.09517404001129441,0.5786197426978236
25553,Neutral,0.7953790571276046,0.042328194942327375,0.16229274793006804
25554,LOF,0.3464403864469444,0.08852034277008346,0.5650392707829721
25555,LOF,0.3124405701915638,0.0918127531393018,0.5957466766691343
25556,Neutral,0.47694458697050424,0.08259097390046306,0.4404644391290326
25557,LOF,0.3049527412257946,0.08601113080323522,0.6090361279709702
25558,LOF,0.35206077224068844,0.08174560909636831,0.5661936186629433
25559,LOF,0.23867979705253947,0.05467482302986341,0.706645379917597
25560,LOF,0.09357586399224115,0.18822959339394366,0.7181945426138152
25561,LOF,0.09663126360318719,0.2660823380571782,0.6372863983396347
25562,LOF,0.029766869266524,0.11506320079263159,0.8551699299408443
25563,LOF,0.006527309019780925,0.20151347258814614,0.791959218392073
25564,LOF,0.06930319740762737,0.12972962800902035,0.8009671745833523
25565,LOF,0.18506190876935352,0.14567507573625532,0.669263015494391
25566,GOF,0.058149981493237475,0.7090106889877552,0.23283932951900724
25567,LOF,0.047591244114651286,0.16148777669101758,0.7909209791943311
25568,LOF,0.061159610486615654,0.09847130772475605,0.8403690817886283
25569,LOF,0.06519673996683792,0.09076729676291018,0.844035963270252
25570,LOF,0.026283121993700958,0.14008579725964995,0.833631080746649
25571,LOF,0.025841021476110573,0.14629830229707572,0.8278606762268137
25572,LOF,0.05861001429775995,0.19781115376503203,0.7435788319372081
25573,LOF,0.06333878596811171,0.12570131819757288,0.8109598958343154
25574,LOF,0.07405829806633153,0.23688003403142127,0.6890616679022472
25575,LOF,0.02423684610918465,0.16051503111098303,0.8152481227798323
25576,LOF,0.02511860098333463,0.2274276743247687,0.7474537246918966
25577,LOF,0.028400104758961032,0.18490368097520757,0.7866962142658314
25578,LOF,0.31058187943152116,0.09481736248008547,0.5946007580883934
25579,LOF,0.22232421299908336,0.09562958738014432,0.6820461996207722
25580,LOF,0.022209396938733576,0.09593095734935987,0.8818596457119064
25581,LOF,0.05191410320605319,0.10155338007433837,0.8465325167196084
25582,LOF,0.05106247232719868,0.09990934525947158,0.8490281824133297
25583,LOF,0.029673923476347924,0.10818451148260366,0.8621415650410484
25584,Neutral,0.7031819569056045,0.13340943604983588,0.1634086070445596
25585,LOF,0.023602433326008056,0.1886812437183832,0.7877163229556087
25586,LOF,0.020206480536542927,0.129522900535806,0.8502706189276511
25587,LOF,0.020201581042620452,0.11453922975674569,0.8652591892006338
25588,LOF,0.02472587902617746,0.09051842940427833,0.8847556915695443
25589,Neutral,0.5457081172417004,0.2082146650570626,0.24607721770123694
25590,LOF,0.05239864965046687,0.1399140506348942,0.8076872997146389
25591,LOF,0.08173930405109062,0.09223184969393822,0.8260288462549711
25592,LOF,0.07202350230545825,0.17258952066440747,0.7553869770301344
25593,LOF,0.11670229998954558,0.2957228298571624,0.587574870153292
25594,LOF,0.060993339440736795,0.029342812695253098,0.9096638478640101
25595,LOF,0.062249697854984846,0.01789849715505574,0.9198518049899594
25596,LOF,0.12213240317590758,0.013189978379705362,0.8646776184443871
25597,LOF,0.08810647968932717,0.013348867116761321,0.8985446531939116
25598,LOF,0.05380153356937152,0.019607747718796947,0.9265907187118314
25599,LOF,0.028499754470627314,0.3701163268951494,0.6013839186342234
25600,LOF,0.1828810343418481,0.35796373182444213,0.45915523383370965
25601,LOF,0.05198806673486817,0.2753879250584302,0.6726240082067015
25602,LOF,0.03264538103675748,0.08097737402589902,0.8863772449373434
25603,LOF,0.0479991735530731,0.07988021201729983,0.8721206144296271
25604,LOF,0.05242606903437039,0.12443412148445783,0.8231398094811717
25605,LOF,0.04040694161904904,0.20755994553652418,0.7520331128444268
25606,Neutral,0.38750062885660325,0.27659653751799057,0.3359028336254062
25607,LOF,0.029627214864658524,0.27602711118784945,0.694345673947492
25608,LOF,0.04514470747251381,0.1043186107629489,0.8505366817645372
25609,GOF,0.16279093414054518,0.5744561724342864,0.2627528934251684
25610,LOF,0.01850676009591537,0.060706918324175956,0.9207863215799087
25611,LOF,0.01318228554273267,0.06422712824550672,0.9225905862117607
25612,LOF,0.04701084797292409,0.0748447338649374,0.8781444181621384
25613,LOF,0.045943351838037425,0.06552816529490288,0.8885284828670598
25614,LOF,0.023394751227709357,0.05738138099056399,0.9192238677817266
25615,LOF,0.04408292217301464,0.0623792469030841,0.8935378309239013
25616,LOF,0.06265310298356397,0.06263991844720078,0.8747069785692353
25617,LOF,0.04795631203998394,0.06755485269464986,0.8844888352653661
25618,LOF,0.04856693859368451,0.10168848898695278,0.8497445724193627
25619,LOF,0.013768310826044922,0.08045836528112468,0.9057733238928304
25620,LOF,0.052306717443130375,0.07034587291982208,0.8773474096370475
25621,LOF,0.06992213199849656,0.057395747084223805,0.8726821209172796
25622,LOF,0.08094477861999519,0.07092231835534059,0.8481329030246643
25623,LOF,0.05763797353447607,0.0734818486999749,0.868880177765549
25624,LOF,0.022358601012413295,0.061135585535325984,0.9165058134522607
25625,LOF,0.0602385193186497,0.07354021332046196,0.8662212673608883
25626,LOF,0.048964094852739976,0.06384848114752453,0.8871874239997355
25627,Neutral,0.8929017114253374,0.0228704615064825,0.08422782706818015
25628,LOF,0.19322009837219634,0.06030584398871363,0.74647405763909
25629,LOF,0.06117079091481627,0.06998793971561275,0.868841269369571
25630,LOF,0.30300895932389993,0.07046078168993421,0.6265302589861659
25631,Neutral,0.5602845407301487,0.04639163700042434,0.3933238222694269
25632,LOF,0.030083535830030955,0.17239967607127232,0.7975167880986967
25633,LOF,0.22372563397928602,0.09693026268931322,0.6793441033314007
25634,LOF,0.044149376360206216,0.15551521678553437,0.8003354068542594
25635,LOF,0.03496042392594116,0.0809793705477005,0.8840602055263583
25636,GOF,0.03306295242057342,0.5537333972355121,0.4132036503439145
25637,GOF,0.04325885791804897,0.5276252143468932,0.4291159277350578
25638,LOF,0.03054970051982831,0.4702176226083081,0.49923267687186357
25639,LOF,0.031405560920020927,0.44660149554371714,0.5219929435362619
25640,Neutral,0.8376600785625593,0.10155044831719427,0.06078947312024643
25641,LOF,0.11041936994068095,0.3746056105687852,0.5149750194905339
25642,LOF,0.09254495045944967,0.18339628800616933,0.7240587615343811
25643,LOF,0.3185216016283668,0.10024776615242023,0.581230632219213
25644,GOF,0.010215719098910036,0.6038438609892134,0.38594041991187655
25645,GOF,0.01192794618013249,0.5703582823720252,0.4177137714478423
25646,LOF,0.023288951797648463,0.3669392939372422,0.6097717542651093
25647,LOF,0.010312167626991707,0.2846499524059887,0.7050378799670195
25648,LOF,0.014653345717349225,0.3492231152975257,0.6361235389851252
25649,LOF,0.008596822732302417,0.2709108967023303,0.7204922805653672
25650,GOF,0.02605451480863407,0.5814265326366916,0.3925189525546743
25651,LOF,0.01031580712804812,0.38059078235389426,0.6090934105180577
25652,LOF,0.013133363345069322,0.4269753394154573,0.5598912972394734
25653,GOF,0.04639516335944426,0.5799205020792613,0.37368433456129435
25654,LOF,0.012745844014936765,0.2860190918245628,0.7012350641605004
25655,GOF,0.10594277065266651,0.5853228055319757,0.3087344238153577
25656,LOF,0.25308700695751485,0.09135435782501711,0.655558635217468
25657,LOF,0.03490764064436248,0.08150508214365151,0.8835872772119862
25658,LOF,0.2945913595472624,0.11718792416758146,0.5882207162851562
25659,LOF,0.41978064647031826,0.11693021750931762,0.46328913602036426
25660,LOF,0.021494460681147097,0.10351534261097223,0.8749901967078807
25661,LOF,0.06758620294781094,0.06786284701594701,0.8645509500362419
25662,LOF,0.02661628938791831,0.04062685763630752,0.9327568529757742
25663,LOF,0.028262850383105838,0.03901449908661202,0.9327226505302821
25664,LOF,0.09869185432959024,0.06020770802865121,0.8411004376417586
25665,LOF,0.06443206540688709,0.030950842924132443,0.9046170916689805
25666,LOF,0.07205400534403153,0.05017581042027025,0.8777701842356982
25667,LOF,0.06019540226883155,0.04542106263048075,0.8943835351006877
25668,LOF,0.02856494752338927,0.057386777676343544,0.9140482748002672
25669,LOF,0.02143800715933623,0.05228409541099218,0.9262778974296717
25670,LOF,0.12113886417228191,0.04330724382296108,0.835553892004757
25671,LOF,0.0912117016382001,0.04023583937694518,0.8685524589848547
25672,LOF,0.054622592757756765,0.04861007296323756,0.8967673342790056
25673,LOF,0.08515274885079978,0.041730041912710604,0.8731172092364896
25674,LOF,0.0840674664299853,0.05440171777348529,0.8615308157965295
25675,LOF,0.08104915501439414,0.06804746764283251,0.8509033773427733
25676,LOF,0.016494364057550948,0.06516624235011362,0.9183393935923355
25677,LOF,0.015925284421685955,0.0890020230877086,0.8950726924906055
25678,LOF,0.1524999705527482,0.10530684899128535,0.7421931804559664
25679,LOF,0.1109097185992871,0.10363608561124513,0.7854541957894678
25680,LOF,0.025887421900522834,0.13460657597485565,0.8395060021246215
25681,LOF,0.04147322289114212,0.11803031401308751,0.8404964630957704
25682,LOF,0.10551537424811955,0.07624925852651947,0.818235367225361
25683,LOF,0.0977033417199933,0.09381883772840996,0.8084778205515968
25684,LOF,0.027121984086288447,0.06324705683715603,0.9096309590765556
25685,LOF,0.12861805485418304,0.07846299708246254,0.7929189480633544
25686,LOF,0.0884867900987602,0.11759990149614272,0.793913308405097
25687,LOF,0.1340697752296553,0.10978072543041457,0.7561494993399301
25688,LOF,0.4109095876435924,0.02633357787958524,0.5627568344768223
25689,LOF,0.2741267784774815,0.03363340741168253,0.692239814110836
25690,LOF,0.3483277663048656,0.024145015677336637,0.6275272180177978
25691,Neutral,0.6960600713984764,0.02270048485590154,0.28123944374562215
25692,LOF,0.3616468404297283,0.009621009689314482,0.6287321498809573
25693,LOF,0.03909523007003269,0.4709605025416202,0.489944267388347
25694,LOF,0.11330156142382106,0.01711947838643578,0.8695789601897431
25695,LOF,0.10414769727461232,0.008903133420753623,0.8869491693046341
25696,LOF,0.1165123533232565,0.010629690576613574,0.8728579561001298
25697,LOF,0.06099007698137486,0.06715350394567975,0.8718564190729454
25698,LOF,0.22966720978936292,0.23378123522748295,0.5365515549831541
25699,LOF,0.4702498257277098,0.02425358607964845,0.5054965881926416
25700,LOF,0.06544563896223923,0.00809303852244751,0.9264613225153133
25701,LOF,0.19827804044778063,0.02530047478696975,0.7764214847652496
25702,GOF,0.18140480183071483,0.6643735132503338,0.1542216849189515
25703,LOF,0.017817583093150655,0.19629822410243666,0.7858841928044128
25704,LOF,0.033463458494964814,0.1556527441634755,0.8108837973415596
25705,LOF,0.04017970804783699,0.08159298992050934,0.8782273020316538
25706,LOF,0.10634166337858476,0.43657707879148067,0.4570812578299344
25707,LOF,0.08341163763709658,0.3842381961033028,0.5323501662596006
25708,LOF,0.036827324179802765,0.35818337987736526,0.604989295942832
25709,LOF,0.07566311246433248,0.030929850773533843,0.8934070367621336
25710,LOF,0.015043887099373628,0.12800087331427476,0.8569552395863517
25711,LOF,0.019951543838616467,0.07246241801686243,0.907586038144521
25712,LOF,0.017182969891679195,0.17447919157410677,0.808337838534214
25713,LOF,0.018877961202652706,0.06390226838415604,0.9172197704131912
25714,LOF,0.07852159659352025,0.04864265082670263,0.8728357525797771
25715,LOF,0.010974776102533898,0.10760609738781964,0.8814191265096465
25716,LOF,0.010576840862795393,0.09773406899476061,0.8916890901424441
25717,LOF,0.01674304494154165,0.0598753018674765,0.9233816531909818
25718,LOF,0.011224714501750192,0.042831007500240305,0.9459442779980095
25719,LOF,0.022546482910182086,0.054226217923736664,0.9232272991660812
25720,LOF,0.027277715166396585,0.043689969570289436,0.929032315263314
25721,LOF,0.011053621342849602,0.05619061546971002,0.9327557631874404
25722,LOF,0.012859483289427345,0.04721933012418921,0.9399211865863834
25723,LOF,0.02603544667829521,0.03319196884380797,0.9407725844778969
25724,LOF,0.03314643969414882,0.06537733823408748,0.9014762220717636
25725,LOF,0.011057618759540169,0.05698020948350391,0.9319621717569558
25726,LOF,0.015998594413335298,0.07485854897234104,0.9091428566143238
25727,LOF,0.013194940097893513,0.04811912066003759,0.938685939242069
25728,LOF,0.010262182940572082,0.06379448644871488,0.9259433306107131
25729,LOF,0.01058406739399736,0.0626986045940698,0.9267173280119327
25730,LOF,0.014103799246055844,0.06288625686287345,0.9230099438910706
25731,LOF,0.02174957887069101,0.07722524999246898,0.90102517113684
25732,LOF,0.013037170142919684,0.040796458893923956,0.9461663709631564
25733,LOF,0.014482314383149068,0.048754319032522246,0.9367633665843287
25734,LOF,0.013205034623606192,0.11647828968494743,0.8703166756914463
25735,LOF,0.0109329246667966,0.05002927765614,0.9390377976770633
25736,LOF,0.012416708824894079,0.0547788745799291,0.9328044165951768
25737,LOF,0.011704397567262124,0.09818128995361228,0.8901143124791256
25738,LOF,0.011560946322214504,0.10544792159115288,0.8829911320866327
25739,LOF,0.020701915603633665,0.06533729481755048,0.9139607895788159
25740,LOF,0.03287560757943001,0.10552786079563675,0.8615965316249332
25741,LOF,0.01518649063773214,0.09591541848773126,0.8888980908745368
25742,LOF,0.12653422391069927,0.07326207409365874,0.8002037019956421
25743,LOF,0.040501864961168865,0.0694355078607073,0.8900626271781239
25744,Neutral,0.6234821039465414,0.2654143379323564,0.11110355812110223
25745,LOF,0.059082637490851714,0.10281732292080688,0.8381000395883414
25746,LOF,0.04560475230892749,0.1375846509826387,0.8168105967084338
25747,LOF,0.017042370215809823,0.15216864496337107,0.8307889848208191
25748,LOF,0.11580117899200051,0.2575653325703133,0.6266334884376861
25749,LOF,0.02456099864603646,0.1354417582181277,0.8399972431358359
25750,LOF,0.06480154042557311,0.1485183972030801,0.7866800623713467
25751,LOF,0.11142427665813445,0.19741566185504486,0.6911600614868207
25752,GOF,0.10993235846056587,0.6489518428100257,0.24111579872940841
25753,LOF,0.03434972368134618,0.3736263562727487,0.5920239200459051
25754,GOF,0.01854297253469163,0.7911285664252465,0.19032846104006187
25755,LOF,0.034206142390224466,0.3564082665950907,0.6093855910146848
25756,LOF,0.06136006034719054,0.4202495092096073,0.5183904304432021
25757,GOF,0.016394704632225556,0.8685071809450056,0.11509811442276884
25758,GOF,0.024571624665803777,0.7882680167998746,0.18716035853432175
25759,GOF,0.011712650780795173,0.6665944129146879,0.3216929363045169
25760,LOF,0.02051978608182779,0.3652275700589445,0.6142526438592277
25761,GOF,0.25423445101742975,0.642928017133817,0.1028375318487532
25762,LOF,0.0499707234042556,0.33895580472516007,0.6110734718705843
25763,LOF,0.0170561776938701,0.2531397744172277,0.7298040478889023
25764,GOF,0.061884974925760804,0.6951506953722772,0.24296432970196186
25765,GOF,0.03326171404178983,0.7468863760030665,0.21985190995514348
25766,GOF,0.083154176636744,0.7435180533671616,0.1733277699960944
25767,LOF,0.1659835695024182,0.3617176210169589,0.4722988094806229
25768,LOF,0.12270304911612083,0.034698361060802825,0.8425985898230764
25769,LOF,0.051034815964297715,0.05975469217236058,0.8892104918633416
25770,LOF,0.30323316198596006,0.11403241429071391,0.582734423723326
25771,LOF,0.060376617487270065,0.05293399483995525,0.8866893876727747
25772,LOF,0.018192745714280683,0.04790682753468168,0.9339004267510376
25773,LOF,0.07132229639998253,0.06053390364915742,0.86814379995086
25774,LOF,0.029844420390475888,0.1252868485607518,0.8448687310487722
25775,LOF,0.07234477064367467,0.04967461713455387,0.8779806122217714
25776,LOF,0.07115691562932515,0.03253658836744625,0.8963064960032286
25777,LOF,0.35144917739924564,0.09565123342713872,0.5528995891736157
25778,LOF,0.06709043482861228,0.04785377076703057,0.8850557944043572
25779,GOF,0.4277045201932884,0.5247119947129602,0.047583485093751404
25780,GOF,0.3675230515851326,0.5374281672111104,0.09504878120375691
25781,GOF,0.10910865273128476,0.7600463616838575,0.13084498558485777
25782,GOF,0.1847317232430483,0.7203445977985934,0.09492367895835828
25783,GOF,0.023697974188994796,0.6618769443488463,0.31442508146215903
25784,Neutral,0.5430728297052583,0.41210308990339745,0.04482408039134432
25785,Neutral,0.4880514903727462,0.44007728373215477,0.071871225895099
25786,GOF,0.028705682110978657,0.6906846857638805,0.28060963212514084
25787,Neutral,0.6921674218298655,0.2704648484644236,0.03736772970571099
25788,LOF,0.056620229968736425,0.07147910265441781,0.8719006673768457
25789,GOF,0.19625392231206956,0.6300397782364808,0.17370629945144964
25790,GOF,0.25594320982109436,0.631195377982245,0.11286141219666045
25791,GOF,0.12228894919073711,0.648143040365164,0.22956801044409897
25792,GOF,0.3579974601086638,0.4690397454963482,0.1729627943949881
25793,GOF,0.28629976573540894,0.4339419544489327,0.2797582798156583
25794,GOF,0.3066606828927601,0.4393424498159417,0.2539968672912982
25795,GOF,0.05512016300100866,0.650776810021461,0.2941030269775304
25796,Neutral,0.5149126711684875,0.39037955307505107,0.09470777575646143
25797,GOF,0.08056687980512704,0.5040681271905342,0.41536499300433866
25798,LOF,0.010473664478345194,0.48604145652014763,0.5034848790015072
25799,LOF,0.008447976338155923,0.4254995038306665,0.5660525198311777
25800,GOF,0.04279776203419904,0.5891405037778592,0.36806173418794164
25801,GOF,0.24895097840265784,0.6173789787785029,0.13367004281883915
25802,GOF,0.07585529994336847,0.606693557178373,0.3174511428782585
25803,GOF,0.04466154866900858,0.5083647251855478,0.4469737261454437
25804,LOF,0.037090177021592376,0.4277731440690987,0.5351366789093088
25805,GOF,0.1022861426246124,0.531843337348568,0.3658705200268195
25806,GOF,0.12458221917686312,0.5517802863770882,0.3236374944460486
25807,GOF,0.018135817503610912,0.5658703696634921,0.41599381283289694
25808,GOF,0.0991862563332806,0.5075203732239667,0.3932933704427527
25809,GOF,0.019778615207474842,0.5572388509413043,0.42298253385122075
25810,GOF,0.021026326527815085,0.5621535629337016,0.4168201105384832
25811,Neutral,0.4908901098812822,0.4359402050642183,0.0731696850544994
25812,GOF,0.03496619424037011,0.5494827875110705,0.4155510182485594
25813,Neutral,0.5723968886186108,0.302106889921777,0.12549622145961226
25814,GOF,0.1088977062366668,0.6170790378583215,0.2740232559050116
25815,GOF,0.23278909937185713,0.5628522921613682,0.2043586084667747
25816,GOF,0.01837873961421345,0.6573962461517548,0.3242250142340317
25817,GOF,0.17653898014202854,0.6904024792407203,0.13305854061725128
25818,GOF,0.03315501487279994,0.528324391601355,0.43852059352584494
25819,GOF,0.3375871666238141,0.469889336648384,0.19252349672780195
25820,GOF,0.16135138209503583,0.5852853283114821,0.25336328959348214
25821,GOF,0.05455617823678368,0.6535290209812348,0.29191480078198145
25822,GOF,0.23778086402258036,0.4876901809654085,0.27452895501201113
25823,LOF,0.030597698308215966,0.44993064954295203,0.5194716521488321
25824,GOF,0.08416880843410712,0.47651548597282484,0.4393157055930681
25825,GOF,0.030194724974936932,0.4868293578196907,0.48297591720537236
25826,LOF,0.010790978442526914,0.4618682193130955,0.5273408022443775
25827,GOF,0.018384580476672862,0.5346172388052268,0.44699818071810044
25828,LOF,0.012732768766769086,0.4598556817817034,0.5274115494515275
25829,GOF,0.006530735656891624,0.5195521110771477,0.4739171532659606
25830,LOF,0.038173973624296295,0.23940440170993227,0.7224216246657714
25831,GOF,0.12759379661389425,0.72465367121296,0.14775253217314574
25832,GOF,0.034166166451441826,0.632449896716268,0.33338393683229023
25833,GOF,0.11600626734452557,0.6341230760515892,0.2498706566038852
25834,GOF,0.0399421353963882,0.6313518961609186,0.32870596844269323
25835,GOF,0.09959564186937445,0.586765036521477,0.31363932160914854
25836,GOF,0.04611166671635068,0.5969095368984704,0.35697879638517876
25837,GOF,0.02507285443467363,0.49312132522679836,0.4818058203385281
25838,GOF,0.09741084488549452,0.6802062593315902,0.22238289578291534
25839,GOF,0.28470167266612195,0.5024909859724506,0.21280734136142754
25840,GOF,0.19569600378987395,0.5526149082233776,0.2516890879867485
25841,GOF,0.24125731396560723,0.532756216719278,0.22598646931511485
25842,GOF,0.18349469707674418,0.581201534770436,0.23530376815281973
25843,GOF,0.23886314213129906,0.5933311373349802,0.16780572053372084
25844,GOF,0.05823948363836837,0.6106415973783932,0.33111891898323836
25845,LOF,0.013338779877142722,0.46033685733051743,0.5263243627923399
25846,GOF,0.08216126182594893,0.715363455000487,0.20247528317356403
25847,GOF,0.11838564027061134,0.6768422896887156,0.20477207004067302
25848,GOF,0.03519928472894537,0.6345262661806759,0.33027444909037873
25849,GOF,0.009868306374015841,0.5324776589998069,0.4576540346261772
25850,GOF,0.024729121218409193,0.5600798012713328,0.41519107751025797
25851,LOF,0.020072694744282304,0.46556669677524415,0.5143606084804735
25852,GOF,0.1242591271766217,0.5566904077310264,0.3190504650923519
25853,GOF,0.33238042651129096,0.5723282044104016,0.09529136907830746
25854,GOF,0.017249904171531324,0.6374102413405006,0.3453398544879681
25855,GOF,0.03720990386471298,0.5745459512388325,0.38824414489645453
25856,GOF,0.2197624854943957,0.5484755562146596,0.23176195829094462
25857,GOF,0.03210929334094161,0.5071164658633054,0.4607742407957529
25858,GOF,0.016249461887868216,0.5715581390609069,0.41219239905122496
25859,GOF,0.008844204981636038,0.5621218196761417,0.42903397534222226
25860,GOF,0.33860579722145917,0.539419486168734,0.12197471660980669
25861,GOF,0.3596410163556832,0.5451578027514699,0.09520118089284699
25862,GOF,0.06530255882243408,0.7715405065906407,0.1631569345869252
25863,GOF,0.07604559992716008,0.7747055986951301,0.1492488013777098
25864,GOF,0.16277133683404038,0.7387679085914529,0.0984607545745067
25865,GOF,0.05957919371496377,0.7854932413099771,0.15492756497505908
25866,GOF,0.0584893677740232,0.7939390848374209,0.14757154738855585
25867,GOF,0.07601594219930921,0.785249106922688,0.13873495087800275
25868,GOF,0.25418810831455996,0.6063339703987622,0.13947792128667788
25869,Neutral,0.6943918180098744,0.2585782436703974,0.04702993831972821
25870,LOF,0.25011795499458894,0.23362981152702436,0.5162522334783868
25871,GOF,0.2185151011418465,0.6087097599372459,0.1727751389209076
25872,GOF,0.0905071838279751,0.6036276464955461,0.30586516967647887
25873,GOF,0.14790896584939836,0.6071111699762286,0.24497986417437292
25874,LOF,0.021073232387579202,0.07403008345975699,0.9048966841526638
25875,LOF,0.08861897318927087,0.05786879183617929,0.8535122349745498
25876,LOF,0.025767944555065116,0.0627755392584912,0.9114565161864436
25877,Neutral,0.48687184917506804,0.06163189397596682,0.45149625684896527
25878,LOF,0.2185267969040626,0.1075000853007025,0.6739731177952349
25879,LOF,0.10924621300842034,0.13346128462416237,0.7572925023674173
25880,LOF,0.022461329039457717,0.024221004558318125,0.9533176664022243
25881,LOF,0.19025773187134817,0.24744156687107785,0.562300701257574
25882,LOF,0.08252680374681522,0.018301671142289706,0.899171525110895
25883,LOF,0.08366171956979744,0.044431615884232174,0.8719066645459703
25884,LOF,0.0446654397765565,0.04956933626212747,0.9057652239613161
25885,LOF,0.06076298710978355,0.026338463686605407,0.912898549203611
25886,LOF,0.37566379866668403,0.10485073079381377,0.5194854705395022
25887,LOF,0.18557404199138822,0.13635546316273245,0.6780704948458792
25888,LOF,0.07079480014154206,0.11632960249474592,0.812875597363712
25889,LOF,0.046006982145820316,0.043373985708435786,0.9106190321457439
25890,LOF,0.05572727008938843,0.16354151460726551,0.780731215303346
25891,LOF,0.05048241760707073,0.06796564205222162,0.8815519403407077
25892,LOF,0.1024794999631422,0.023912630842593055,0.8736078691942647
25893,LOF,0.31213985108715114,0.015319116759852326,0.6725410321529967
25894,LOF,0.1674993629098246,0.008342135807655603,0.8241585012825198
25895,LOF,0.2091834706193914,0.020973238571511572,0.769843290809097
25896,LOF,0.048064192098485246,0.021968143605834753,0.92996766429568
25897,LOF,0.21027727653809308,0.016037066505330547,0.7736856569565763
25898,Neutral,0.7642394831086909,0.011068838202000612,0.22469167868930834
25899,LOF,0.2935150042341306,0.04407361527797781,0.6624113804878916
25900,Neutral,0.5075001913853874,0.01541660388051442,0.4770832047340981
25901,LOF,0.05921871705381728,0.013866439999655374,0.9269148429465274
25902,LOF,0.18350436371442833,0.009581060455552567,0.8069145758300191
25903,Neutral,0.5515447121663786,0.02660055302464004,0.4218547348089814
25904,LOF,0.2662752483049413,0.040643902994184355,0.6930808487008744
25905,LOF,0.028986101897811378,0.30640061440091315,0.6646132837012755
25906,LOF,0.02853474087662649,0.07082847156109957,0.900636787562274
25907,LOF,0.013615287327558711,0.3213359760715321,0.6650487366009092
25908,LOF,0.01294027643034691,0.22146577100273512,0.765593952566918
25909,LOF,0.014392196927763239,0.1619242863675323,0.8236835167047045
25910,LOF,0.04074632635991573,0.19125517792440838,0.7679984957156759
25911,LOF,0.12027870817689476,0.05275644920628455,0.8269648426168207
25912,LOF,0.03567275404945102,0.08648793461800226,0.8778393113325466
25913,LOF,0.27197559610544314,0.029836737934317483,0.6981876659602394
25914,LOF,0.025698255258898146,0.15360419655907853,0.8206975481820233
25915,Neutral,0.4186213205098588,0.2379943485631111,0.34338433092703013
25916,LOF,0.05762678815152825,0.2792474562627201,0.6631257555857516
25917,LOF,0.06286666327915195,0.0568367039259826,0.8802966327948655
25918,LOF,0.033179791575882835,0.09440988060781245,0.8724103278163048
25919,LOF,0.02923451144274045,0.09573276066844918,0.8750327278888104
25920,GOF,0.09741234170535908,0.5611054452221108,0.34148221307253007
25921,LOF,0.03202168410051927,0.029580383821738505,0.9383979320777422
25922,LOF,0.04320166220013126,0.020288508759704085,0.9365098290401646
25923,LOF,0.4405245458299092,0.020373814851933153,0.5391016393181577
25924,LOF,0.03776705440001471,0.02293025142445767,0.9393026941755275
25925,LOF,0.07947256751100613,0.03485839371715636,0.8856690387718376
25926,LOF,0.05628645335925224,0.02065446924800896,0.9230590773927388
25927,LOF,0.0757305704700639,0.0496386265965716,0.8746308029333645
25928,LOF,0.023945990288948546,0.022277402155279864,0.9537766075557715
25929,Neutral,0.5750619798350881,0.023586961865776954,0.401351058299135
25930,LOF,0.07091251598361671,0.016633516434745626,0.9124539675816377
25931,LOF,0.03281137995884192,0.017894070364222563,0.9492945496769354
25932,LOF,0.03144439986459102,0.015139374314563194,0.9534162258208457
25933,LOF,0.040767484961003186,0.009866480282600351,0.9493660347563964
25934,LOF,0.026908374470660013,0.011858468647033384,0.9612331568823066
25935,LOF,0.07410194424149641,0.03229197745549408,0.8936060783030095
25936,LOF,0.049034415675223646,0.016666531451395437,0.9342990528733809
25937,LOF,0.03442674363050563,0.02358512621142608,0.9419881301580681
25938,LOF,0.06962419854758792,0.04049540758680158,0.8898803938656106
25939,LOF,0.04353649798547379,0.01084898063357131,0.9456145213809548
25940,LOF,0.025094302875975624,0.39808845058577114,0.5768172465382532
25941,LOF,0.14827509203651662,0.09564508694196887,0.7560798210215146
25942,LOF,0.013174333990605719,0.04093578628210865,0.9458898797272857
25943,LOF,0.3342551693372961,0.07770941645780044,0.5880354142049035
25944,Neutral,0.4903849517842485,0.04830705995553092,0.46130798826022057
25945,LOF,0.06456547818617428,0.030401411940426518,0.9050331098733991
25946,LOF,0.02817089059402073,0.18220212261290764,0.7896269867930716
25947,LOF,0.13830727824514544,0.1492328454813305,0.7124598762735241
25948,LOF,0.42712753051492686,0.016096428271117146,0.556776041213956
25949,LOF,0.09088846602810616,0.06500535286720922,0.8441061811046845
25950,GOF,0.22389941393229976,0.44966431226750536,0.3264362738001949
25951,LOF,0.28749459097830504,0.1939494713350368,0.5185559376866582
25952,LOF,0.05799941231206943,0.4510625395473286,0.4909380481406021
25953,LOF,0.1387865453612262,0.10582842907773345,0.7553850255610404
25954,LOF,0.3715883759166723,0.23659220851387686,0.39181941556945077
25955,LOF,0.0630677496435774,0.07821594486922709,0.8587163054871955
25956,LOF,0.21247742379395565,0.07053813898806839,0.716984437217976
25957,LOF,0.051098930210654106,0.02600560527305393,0.922895464516292
25958,LOF,0.05973276081139508,0.032670082571007696,0.9075971566175972
25959,LOF,0.06806437584243463,0.4100813603092473,0.5218542638483181
25960,LOF,0.02213176466111819,0.056901729100370495,0.9209665062385114
25961,LOF,0.050064205762583074,0.04094964546578283,0.9089861487716342
25962,LOF,0.0658521558694272,0.03601053204534203,0.8981373120852307
25963,LOF,0.06032762425859558,0.1718789590433237,0.7677934166980807
25964,LOF,0.04021800441838562,0.17628209676154852,0.7834998988200658
25965,Neutral,0.48897638290402484,0.07615558003187047,0.4348680370641046
25966,Neutral,0.36383275641967144,0.3307179893080846,0.305449254272244
25967,LOF,0.015787667640780656,0.1261696191212806,0.8580427132379388
25968,LOF,0.03309522944658331,0.44042393855331174,0.526480832000105
25969,LOF,0.027049158302875426,0.053554709839987114,0.9193961318571375
25970,LOF,0.06118607784950785,0.062111144828123126,0.8767027773223691
25971,LOF,0.08188457283274721,0.031064405746759727,0.8870510214204931
25972,LOF,0.07966190676817968,0.03831330342831194,0.8820247898035084
25973,LOF,0.07815908921113413,0.012449103014986184,0.9093918077738798
25974,LOF,0.2595924849443019,0.019281564916280157,0.7211259501394178
25975,LOF,0.05487467461351732,0.03274009447136036,0.9123852309151222
25976,LOF,0.034978169433388544,0.030068056903821524,0.9349537736627899
25977,LOF,0.15751854138237897,0.12133403896964182,0.7211474196479792
25978,LOF,0.11851025856499783,0.14284955896268647,0.7386401824723157
25979,LOF,0.12017843444471944,0.12205507216463703,0.7577664933906435
25980,LOF,0.14743604107795508,0.18825697125109872,0.6643069876709462
25981,LOF,0.17900050774842713,0.18079980797720518,0.6401996842743678
25982,LOF,0.3908261328758762,0.1224769898343867,0.48669687728973715
25983,LOF,0.38265093458705224,0.11314686231920786,0.5042022030937399
25984,LOF,0.05467878618568722,0.09997680984459292,0.8453444039697198
25985,LOF,0.01990939542071689,0.3260130287247529,0.6540775758545302
25986,LOF,0.02355626127126642,0.30467871892067017,0.6717650198080635
25987,LOF,0.0855992864475249,0.10672486628162765,0.8076758472708474
25988,LOF,0.1176149597298567,0.08848458200568725,0.7939004582644561
25989,LOF,0.024742503845008187,0.1532507585636128,0.822006737591379
25990,LOF,0.0345570616893559,0.13319946188020182,0.8322434764304423
25991,GOF,0.11861485031478038,0.4627159481171018,0.4186692015681177
25992,LOF,0.31141357328138974,0.2907860088651397,0.3978004178534706
25993,LOF,0.02409334484781492,0.09350027440093463,0.8824063807512504
25994,LOF,0.01645307035463665,0.1132858642430931,0.8702610654022702
25995,LOF,0.0279061388072567,0.1561702235000673,0.815923637692676
25996,GOF,0.19310543756061727,0.5542077850446266,0.2526867773947561
25997,GOF,0.06991302607084342,0.5249014788118921,0.4051854951172645
25998,Neutral,0.5834286219257463,0.022492970787477133,0.3940784072867766
25999,LOF,0.15165505266963236,0.1287056278249728,0.719639319505395
26000,LOF,0.11022868593305585,0.039149567593083516,0.8506217464738607
26001,LOF,0.18416169148975547,0.04044009300196782,0.7753982155082767
26002,LOF,0.1400758625064991,0.036500390953500945,0.8234237465399998
26003,GOF,0.010877114229964594,0.7278663264913509,0.26125655927868463
26004,GOF,0.02544780290747465,0.7617831786157326,0.21276901847679278
26005,GOF,0.010818417783831346,0.6339618122149288,0.35521977000123994
26006,Neutral,0.5385115029092121,0.31517556158336124,0.1463129355074266
26007,GOF,0.020593559381251927,0.694489414011613,0.28491702660713514
26008,GOF,0.02196159451807199,0.6793877487683526,0.29865065671357544
26009,GOF,0.03357162705723735,0.7464118567546552,0.2200165161881074
26010,GOF,0.02659595259818003,0.8109463644131207,0.16245768298869928
26011,GOF,0.010481354632053795,0.6012661390211471,0.3882525063467991
26012,GOF,0.01823850930017386,0.6877224005124953,0.2940390901873307
26013,GOF,0.015916234253957027,0.7427548441075555,0.24132892163848738
26014,LOF,0.03683250544674354,0.22203133832624722,0.7411361562270092
26015,LOF,0.18989565260422372,0.008900763984766183,0.8012035834110102
26016,LOF,0.2530522802072696,0.04434030530744228,0.7026074144852881
26017,LOF,0.1660960974295104,0.09153384538006283,0.7423700571904268
26018,LOF,0.0778800450692232,0.0288138141518753,0.8933061407789015
26019,LOF,0.0775873848100871,0.022036890959532006,0.9003757242303809
26020,LOF,0.052792535161886436,0.11579924457376017,0.8314082202643535
26021,LOF,0.04427043636276,0.14867299058376052,0.8070565730534794
26022,LOF,0.009403704926762606,0.06917972606577069,0.9214165690074666
26023,LOF,0.10736746155237856,0.020611660379956688,0.8720208780676648
26024,LOF,0.025348778206496697,0.11270012895488178,0.8619510928386215
26025,LOF,0.14225805656571766,0.08798335763795676,0.7697585857963256
26026,LOF,0.29421903437557945,0.016943401852879125,0.6888375637715415
26027,LOF,0.07446640326428484,0.015670184625400534,0.9098634121103146
26028,LOF,0.17713446404332034,0.1058165859037325,0.7170489500529471
26029,LOF,0.11734410102050807,0.13987115432268782,0.7427847446568041
26030,LOF,0.03528009566459468,0.07081784565933803,0.8939020586760672
26031,LOF,0.045077861860025104,0.12455875297810926,0.8303633851618656
26032,LOF,0.08104764874904744,0.0612254995673215,0.8577268516836309
26033,LOF,0.14032325097481416,0.07003759678067646,0.7896391522445093
26034,LOF,0.0674937369536947,0.11480844289899421,0.8176978201473112
26035,LOF,0.04502362470687781,0.09919793261925582,0.8557784426738664
26036,LOF,0.06900375729507865,0.12201080684403436,0.808985435860887
26037,LOF,0.03625393817224592,0.09629282932774083,0.8674532325000133
26038,LOF,0.07658856922608814,0.0548534959073753,0.8685579348665367
26039,LOF,0.0880247833012419,0.1059104711973075,0.8060647455014506
26040,LOF,0.22996749324737226,0.08623258883385305,0.6837999179187747
26041,LOF,0.036544538189267305,0.09132437349323627,0.8721310883174963
26042,LOF,0.03617532515849152,0.09157648755465865,0.8722481872868498
26043,LOF,0.07508921775620332,0.0719569247480069,0.8529538574957898
26044,LOF,0.03340585897919078,0.075949611215987,0.8906445298048223
26045,LOF,0.10832683474871307,0.08231245269555353,0.8093607125557334
26046,LOF,0.07878706836558155,0.07483776931286742,0.846375162321551
26047,LOF,0.10913864100963813,0.08359893605087051,0.8072624229394915
26048,LOF,0.06067917073952641,0.05648496338498179,0.8828358658754918
26049,Neutral,0.9516269590924117,0.009265285206409984,0.03910775570117821
26050,Neutral,0.9329779388576798,0.010595779033463478,0.05642628210885679
26051,GOF,0.05066334868197815,0.47594938066166376,0.47338727065635805
26052,GOF,0.06424615761257645,0.4919103209334539,0.44384352145396966
26053,LOF,0.055782345664482,0.23981186080625644,0.7044057935292615
26054,LOF,0.05967765749735923,0.04588061050143141,0.8944417320012095
26055,LOF,0.07541859087650686,0.035234640364063465,0.8893467687594296
26056,LOF,0.06552445659993882,0.04373286258865499,0.8907426808114062
26057,LOF,0.03187900271822383,0.01921905920915744,0.9489019380726187
26058,LOF,0.03224544875566829,0.017509404622314546,0.9502451466220172
26059,LOF,0.2773319168490472,0.05459602627526896,0.6680720568756838
26060,LOF,0.024629285191134397,0.35078849878921176,0.6245822160196538
26061,LOF,0.019189805622194227,0.028911004036449077,0.9518991903413568
26062,LOF,0.012010325535375876,0.04261008895725675,0.9453795855073673
26063,LOF,0.02258373197242659,0.01964407238138202,0.9577721956461914
26064,LOF,0.025654869264869515,0.030152470324671762,0.9441926604104587
26065,LOF,0.02669502972227974,0.02376330591452916,0.9495416643631912
26066,LOF,0.02149592009589257,0.02285162994533127,0.9556524499587762
26067,LOF,0.0266765143901652,0.017933803096604917,0.9553896825132299
26068,LOF,0.04875787629283373,0.06364134877015526,0.8876007749370111
26069,LOF,0.2689109728010613,0.046932418932916956,0.6841566082660218
26070,LOF,0.38983459772324663,0.029509048696438774,0.5806563535803146
26071,LOF,0.02304047899700386,0.025398223380406638,0.9515612976225895
26072,LOF,0.024552427380057865,0.04305925048577191,0.9323883221341703
26073,LOF,0.025167728685851452,0.018857264432349714,0.9559750068817988
26074,Neutral,0.9340695654512218,0.008167787818667206,0.057762646730111125
26075,LOF,0.044457171896444055,0.029918418041852534,0.9256244100617034
26076,LOF,0.045296337463679164,0.017399235974138984,0.9373044265621819
26077,LOF,0.010047190931881398,0.0438418128699931,0.9461109961981254
26078,LOF,0.015084919479772918,0.025720723561502026,0.9591943569587251
26079,LOF,0.052299019039305006,0.035562123313359895,0.912138857647335
26080,LOF,0.052283401666912865,0.03555150386135024,0.912165094471737
26081,LOF,0.037087259583259126,0.013518828908108333,0.9493939115086325
26082,LOF,0.020458657691650235,0.03859953401164259,0.9409418082967071
26083,LOF,0.1493966397955927,0.021902172434928945,0.8287011877694784
26084,LOF,0.028114454474695773,0.029258247733549732,0.9426272977917545
26085,LOF,0.02382522323396838,0.02685075788344669,0.9493240188825849
26086,LOF,0.023413938643951013,0.02453427092508146,0.9520517904309675
26087,LOF,0.025315121718005318,0.016779213760422417,0.9579056645215722
26088,LOF,0.021626185623392986,0.03894569254374845,0.9394281218328586
26089,LOF,0.04740574413381225,0.040297399864139036,0.9122968560020487
26090,LOF,0.04630669819834606,0.03211228197514801,0.921581019826506
26091,LOF,0.039667816476737804,0.012074395517263884,0.9482577880059984
26092,LOF,0.02984231773898904,0.0180237943394894,0.9521338879215215
26093,LOF,0.04178761263261364,0.012301998242890258,0.945910389124496
26094,LOF,0.04719229626995394,0.01107903336170834,0.9417286703683376
26095,LOF,0.05152541703027842,0.029230992317079322,0.9192435906526422
26096,LOF,0.017516611645350406,0.02497936391208537,0.9575040244425641
26097,LOF,0.011665736548233687,0.08214849460333162,0.9061857688484346
26098,LOF,0.06788920258185156,0.02995567617025494,0.9021551212478935
26099,LOF,0.026266210939491722,0.02850683947003205,0.9452269495904763
26100,LOF,0.027904920828378976,0.02656498970543287,0.9455300894661882
26101,LOF,0.0613200509672147,0.025049462786214987,0.9136304862465703
26102,LOF,0.027120937987864403,0.022974971039713132,0.9499040909724225
26103,Neutral,0.889746597313355,0.0348712079457777,0.07538219474086723
26104,LOF,0.06887228556355841,0.05583676694448356,0.875290947491958
26105,LOF,0.23195678183876386,0.2484526041024903,0.5195906140587458
26106,LOF,0.1954185963406597,0.13265643058776955,0.6719249730715707
26107,LOF,0.23834254822084625,0.12438544835467288,0.6372720034244809
26108,LOF,0.23911311973919827,0.1731147521994461,0.5877721280613557
26109,LOF,0.04768051699255894,0.1461148867920448,0.8062045962153963
26110,LOF,0.29245480336271984,0.01127812892384729,0.6962670677134328
26111,LOF,0.4793533590566165,0.02381383204826233,0.49683280889512116
26112,LOF,0.037978659150497925,0.013027762909681198,0.9489935779398209
26113,LOF,0.057296330355371496,0.021444834490356605,0.9212588351542719
26114,LOF,0.019512875120994748,0.02645517367112192,0.9540319512078833
26115,LOF,0.09122747780515782,0.03831548080364432,0.8704570413911978
26116,LOF,0.049826816475937605,0.047921466960842284,0.90225171656322
26117,LOF,0.35032483688823246,0.07590447142820685,0.5737706916835607
26118,LOF,0.03883371070944202,0.048036403312547264,0.9131298859780107
26119,LOF,0.021099199127460836,0.06808071022375696,0.9108200906487821
26120,LOF,0.02791374172260817,0.032168276778389945,0.9399179814990019
26121,LOF,0.058491314852573355,0.12417932437473707,0.8173293607726896
26122,LOF,0.06460753275083908,0.05293608372674822,0.8824563835224127
