feature0,prediction,LoGoFunc_Neutral,LoGoFunc_GOF,LoGoFunc_LOF
25546,Neutral,0.6266218222785536,0.059327405246570514,0.3140507724748759
25547,Neutral,0.4766922538558517,0.0953928634995324,0.42791488264461597
25548,Neutral,0.47804874752015425,0.08173422946577485,0.44021702301407084
25549,LOF,0.4058712078424716,0.0806258338304915,0.5135029583270369
25550,LOF,0.3448923218302369,0.12003835089493926,0.5350693272748239
25551,LOF,0.31299461132657125,0.12350512344524332,0.5635002652281854
25552,LOF,0.26926450240358846,0.11684642842257484,0.6138890691738366
25553,Neutral,0.8093468181771191,0.046785084794680326,0.1438680970282007
25554,LOF,0.31286553565971914,0.10740523140507843,0.5797292329352025
25555,LOF,0.2664697393193938,0.10547148199029703,0.6280587786903091
25556,LOF,0.44519087327525225,0.09925034497942033,0.45555878174532743
25557,LOF,0.2530682440194094,0.10740595166254553,0.6395258043180451
25558,LOF,0.31380290052525067,0.10636400872981938,0.57983309074493
25559,LOF,0.22005103483585037,0.13582116857911078,0.6441277965850388
25560,LOF,0.17542238891701237,0.09431177711466576,0.7302658339683219
25561,LOF,0.1731503511167714,0.09750496201512913,0.7293446868680994
25562,LOF,0.0766915351938617,0.07301414927117528,0.850294315534963
25563,LOF,0.02422379549142825,0.13161543874571605,0.8441607657628558
25564,LOF,0.22566627027982644,0.11656369581884832,0.6577700339013252
25565,LOF,0.20929870875603768,0.14137360123457218,0.6493276900093901
25566,GOF,0.08576987454410866,0.7151489504974321,0.19908117495845917
25567,LOF,0.038269351980261435,0.12087382305958161,0.8408568249601569
25568,LOF,0.061063110964199356,0.0649394838786066,0.8739974051571939
25569,LOF,0.05826388602878315,0.06401536972755349,0.8777207442436634
25570,LOF,0.028813445781883704,0.08833733819665328,0.8828492160214629
25571,LOF,0.028213409807483394,0.08701869295342356,0.8847678972390931
25572,LOF,0.060244539602058875,0.09837312878801073,0.8413823316099305
25573,LOF,0.05562029867589302,0.07688332764698988,0.8674963736771171
25574,LOF,0.05438260979041067,0.17987279151240143,0.7657445986971879
25575,LOF,0.022986480244666225,0.1017611123759712,0.8752524073793626
25576,LOF,0.03147622447705373,0.13295835765230046,0.8355654178706459
25577,LOF,0.029588539122174615,0.09696856568764307,0.8734428951901824
25578,LOF,0.2858124908915171,0.07292524490087283,0.6412622642076101
25579,LOF,0.1377796636283365,0.07647542954127307,0.7857449068303904
25580,LOF,0.019531316775616293,0.06951325203361364,0.9109554311907702
25581,LOF,0.05627762562504594,0.06050046121130113,0.883221913163653
25582,LOF,0.056297475572686724,0.059183326717832975,0.8845191977094804
25583,LOF,0.020296100335081134,0.0725009657006228,0.907202933964296
25584,Neutral,0.6715500020032629,0.09746216490496802,0.2309878330917691
25585,LOF,0.02929090359911909,0.10628766627141054,0.8644214301294704
25586,LOF,0.018171347693346843,0.0569391924690726,0.9248894598375805
25587,LOF,0.017508682526884745,0.05281844432634972,0.9296728731467656
25588,LOF,0.020928711627848436,0.06222806469118108,0.9168432236809705
25589,Neutral,0.5431402251493821,0.17528309700355177,0.28157667784706614
25590,LOF,0.04846812435272632,0.09152470066077853,0.8600071749864953
25591,LOF,0.10229844186786498,0.0492599252397242,0.8484416328924107
25592,LOF,0.05767936414911392,0.11370842367156164,0.8286122121793243
25593,LOF,0.14023527052560913,0.2293491357756481,0.6304155936987428
25594,LOF,0.051146893302437935,0.11716323366925328,0.8316898730283088
25595,LOF,0.05270747566515903,0.07874305950655193,0.868549464828289
25596,LOF,0.09932698011712897,0.04984883478752128,0.8508241850953498
25597,LOF,0.0805037353079259,0.05410059663910872,0.8653956680529654
25598,LOF,0.049186626682073256,0.08173530065936897,0.8690780726585577
25599,GOF,0.02138383494704082,0.5112491379967602,0.467367027056199
25600,GOF,0.1806049515266458,0.5287291888786289,0.29066585959472535
25601,LOF,0.03685230223528392,0.41063792775474883,0.5525097700099673
25602,LOF,0.030312065104870015,0.06165042122143436,0.9080375136736957
25603,LOF,0.025492905573344878,0.03349636938809562,0.9410107250385594
25604,LOF,0.030148886060124752,0.07385130414796438,0.8959998097919109
25605,LOF,0.034097166832399,0.2126210466062153,0.7532817865613857
25606,LOF,0.415909661056825,0.13250706601968842,0.45158327292348655
25607,LOF,0.02208102690780508,0.21130397602728715,0.7666149970649078
25608,LOF,0.032175167666927955,0.07156080946898287,0.8962640228640892
25609,GOF,0.16302489973045087,0.5242502721894597,0.3127248280800893
25610,LOF,0.01524318118896817,0.027070655565377442,0.9576861632456545
25611,LOF,0.013378390646209692,0.031383835800897486,0.9552377735528927
25612,LOF,0.04878695619379662,0.04093054320731822,0.9102825005988852
25613,LOF,0.046898598404874925,0.04061774483080101,0.9124836567643242
25614,LOF,0.019398727750711314,0.026124563379856695,0.954476708869432
25615,LOF,0.0430953205853648,0.03666189237914778,0.9202427870354873
25616,LOF,0.043703199234233124,0.02963421143009769,0.9266625893356693
25617,LOF,0.039182028160980105,0.03881685090203836,0.9220011209369815
25618,LOF,0.05254840381607015,0.03532668309741413,0.9121249130865157
25619,LOF,0.014219629084892875,0.032672358846257736,0.9531080120688494
25620,LOF,0.0597593439798045,0.04351326766946917,0.8967273883507263
25621,LOF,0.05369200766040395,0.032853528880516576,0.9134544634590795
25622,LOF,0.06313404088252586,0.03000856575887572,0.9068573933585984
25623,LOF,0.06690429457693256,0.026392680965914912,0.9067030244571526
25624,LOF,0.017393930542263025,0.03424898968399649,0.9483570797737405
25625,LOF,0.06466761976529527,0.03620383612304152,0.8991285441116632
25626,LOF,0.04427204683098234,0.03894790792049016,0.9167800452485274
25627,Neutral,0.8903626374706379,0.02186040973945261,0.08777695278990941
25628,LOF,0.13506922075394223,0.06278248308738511,0.8021482961586726
25629,LOF,0.06769911708546889,0.04209640615579367,0.8902044767587374
25630,LOF,0.2706008658562549,0.08011086677043551,0.6492882673733096
25631,Neutral,0.5655916290061276,0.06383703748347873,0.3705713335103936
25632,LOF,0.02909358605464343,0.06797115305624024,0.9029352608891162
25633,LOF,0.20925238464784934,0.035993897627382684,0.7547537177247678
25634,LOF,0.034555898224304146,0.08465350443079715,0.8807905973448987
25635,LOF,0.03448430490790386,0.04286424712522559,0.9226514479668706
25636,LOF,0.035825981210099105,0.45746849519646743,0.5067055235934335
25637,GOF,0.07153083691019288,0.5022432707843402,0.4262258923054669
25638,LOF,0.03271418805955816,0.3271771177937534,0.6401086941466885
25639,LOF,0.03105977773133732,0.36598792222567256,0.6029523000429902
25640,Neutral,0.8318113614817937,0.12166076814093688,0.04652787037726945
25641,LOF,0.0601306163451675,0.43102519308485177,0.5088441905699808
25642,LOF,0.0407610662731783,0.1455230102005568,0.8137159235262649
25643,LOF,0.22104420905887964,0.15728956415822776,0.6216662267828926
25644,LOF,0.0230263580999913,0.475543866182724,0.5014297757172848
25645,LOF,0.023246853611351564,0.4225956983975015,0.554157447991147
25646,LOF,0.06746723860076516,0.3217353270406674,0.6107974343585675
25647,LOF,0.025514612475729222,0.26074451717571256,0.7137408703485583
25648,LOF,0.037986733617756875,0.2274309006096364,0.7345823657726068
25649,LOF,0.017391054717001052,0.23941083769333646,0.7431981075896625
25650,LOF,0.05738787231176581,0.4091905461789171,0.5334215815093171
25651,LOF,0.01708252608991605,0.2603956949124953,0.7225217789975886
25652,LOF,0.037087144049358874,0.25534067435983776,0.7075721815908034
25653,LOF,0.09279205537560599,0.4033129557221124,0.5038949889022817
25654,LOF,0.0243981434012676,0.19577704361143644,0.779824812987296
25655,LOF,0.2515983883761642,0.3653689584667647,0.38303265315707113
25656,LOF,0.27058993179352636,0.054829278517852395,0.6745807896886213
25657,LOF,0.07141362776082813,0.05575718137843454,0.8728291908607374
25658,LOF,0.3743755354701761,0.059178325149547246,0.5664461393802765
25659,Neutral,0.5215868987027511,0.08556302591203632,0.39285007538521255
25660,LOF,0.02595551713250422,0.0851041753679278,0.888940307499568
25661,LOF,0.09306284386277405,0.06098480646347748,0.8459523496737485
25662,LOF,0.0326532850346569,0.03242195321387056,0.9349247617514727
25663,LOF,0.04073257727058948,0.04561651713533567,0.9136509055940748
25664,LOF,0.14507489387235778,0.05676056376926537,0.7981645423583769
25665,LOF,0.050799191986683034,0.031230591594480307,0.9179702164188366
25666,LOF,0.08830732209383042,0.0692686851452932,0.8424239927608764
25667,LOF,0.06335658534411631,0.0379806031902972,0.8986628114655866
25668,LOF,0.03564811885286283,0.05053490709367754,0.9138169740534596
25669,LOF,0.03281479634491022,0.05297060940052936,0.9142145942545603
25670,LOF,0.14405998931981684,0.05684360055447846,0.7990964101257045
25671,LOF,0.10192390465277222,0.03290305072004127,0.8651730446271865
25672,LOF,0.05004759664640065,0.042774432802439886,0.9071779705511596
25673,LOF,0.0796237844602334,0.041024157450215676,0.8793520580895509
25674,LOF,0.07104875938278112,0.05223783817519301,0.8767134024420259
25675,LOF,0.10736342530191602,0.050217020006456205,0.8424195546916278
25676,LOF,0.018655929822078903,0.05020095441299618,0.9311431157649249
25677,LOF,0.02711083289137481,0.07276156659391679,0.9001276005147084
25678,LOF,0.19210531954035515,0.05953637248029409,0.7483583079793508
25679,LOF,0.12870729513571083,0.08501614752864319,0.786276557335646
25680,LOF,0.03238779586880914,0.11136409132087692,0.856248112810314
25681,LOF,0.050816000698583406,0.10579846887894918,0.8433855304224673
25682,LOF,0.14092692414649335,0.07328172599166051,0.7857913498618462
25683,LOF,0.11898643803022972,0.09381313661132502,0.7872004253584453
25684,LOF,0.043828102953161995,0.07155965006510352,0.8846122469817345
25685,LOF,0.12935354009335742,0.048855188285652336,0.8217912716209902
25686,LOF,0.07663556423841689,0.09780631383495772,0.8255581219266255
25687,LOF,0.12694171563432374,0.08921230698870936,0.7838459773769668
25688,LOF,0.3031274442440176,0.03129705754517096,0.6655754982108115
25689,LOF,0.22434281210553042,0.03560951436371939,0.7400476735307502
25690,LOF,0.33319607176987537,0.027063851763280265,0.6397400764668444
25691,Neutral,0.7062395039483375,0.022122125771257172,0.27163837028040533
25692,LOF,0.326808822109823,0.009898487530082595,0.6632926903600944
25693,GOF,0.04344286200457248,0.49114264474091895,0.4654144932545086
25694,LOF,0.1151488147792729,0.017456148458603576,0.8673950367621236
25695,LOF,0.11474402778760256,0.018035905048012585,0.8672200671643849
25696,LOF,0.11275790672332005,0.010108648407272736,0.8771334448694073
25697,LOF,0.11587273720496222,0.034094603543893785,0.850032659251144
25698,LOF,0.32608407603266054,0.2184511897434504,0.455464734223889
25699,LOF,0.4201331607963445,0.0395763592806956,0.5402904799229599
25700,LOF,0.06006785183156138,0.007712722724803814,0.9322194254436349
25701,LOF,0.1496787940989374,0.0407430453812857,0.8095781605197768
25702,GOF,0.1688820400144559,0.5493633105533396,0.28175464943220446
25703,LOF,0.0187788453161117,0.18082009241453312,0.800401062269355
25704,LOF,0.04961917226745546,0.1309701610651606,0.819410666667384
25705,LOF,0.0591497246724309,0.20327989129677052,0.7375703840307986
25706,LOF,0.09251797442075418,0.35526688916086985,0.5522151364183759
25707,LOF,0.0940982788248463,0.2647343521018242,0.6411673690733295
25708,LOF,0.03119588658716729,0.2468386324847636,0.7219654809280691
25709,LOF,0.061066406893999683,0.04080992833707438,0.898123664768926
25710,LOF,0.012514614597184604,0.13924549066684064,0.8482398947359748
25711,LOF,0.018983062796934676,0.1044051843215238,0.8766117528815416
25712,LOF,0.01345820589639249,0.19778634373148615,0.7887554503721212
25713,LOF,0.0188819095571988,0.08436637936964184,0.8967517110731594
25714,LOF,0.06591647155418243,0.08752914241261195,0.8465543860332057
25715,LOF,0.010958299770737248,0.15747430737630605,0.8315673928529568
25716,LOF,0.015150457359664355,0.12894290148930895,0.8559066411510268
25717,LOF,0.012911789545847405,0.08135115677200269,0.90573705368215
25718,LOF,0.013091442989078958,0.10248473712458946,0.8844238198863315
25719,LOF,0.019649210744556146,0.08031851831626453,0.9000322709391793
25720,LOF,0.02322266099630221,0.07284324405448664,0.9039340949492112
25721,LOF,0.015670846427592672,0.11588606345909142,0.868443090113316
25722,LOF,0.013575542415281411,0.13966801622590447,0.8467564413588142
25723,LOF,0.023354871816531363,0.04592688532481972,0.9307182428586489
25724,LOF,0.02333373777842305,0.08476805964189676,0.8918982025796802
25725,LOF,0.012093782625228512,0.06726572969517418,0.9206404876795973
25726,LOF,0.015353962978167133,0.09751223023810981,0.887133806783723
25727,LOF,0.014142942810699164,0.07251960365368924,0.9133374535356116
25728,LOF,0.009896788805651782,0.11707173357347002,0.8730314776208783
25729,LOF,0.010275484270016264,0.11014736955010496,0.8795771461798788
25730,LOF,0.014026595859259342,0.08584102479271398,0.9001323793480268
25731,LOF,0.01997321909866614,0.11718871232190212,0.8628380685794317
25732,LOF,0.01542082780068476,0.09185946751489335,0.8927197046844219
25733,LOF,0.01663165323381353,0.07328748355634589,0.9100808632098405
25734,LOF,0.013313030337202401,0.12455343261091593,0.8621335370518817
25735,LOF,0.01381694691661454,0.09276463703828845,0.893418416045097
25736,LOF,0.014268121313230358,0.1192310522444468,0.8665008264423228
25737,LOF,0.02242822079704572,0.07956277714336436,0.89800900205959
25738,LOF,0.014377185842657663,0.10564770171971664,0.8799751124376257
25739,LOF,0.020699334897439817,0.08376555169992801,0.895535113402632
25740,LOF,0.028205332672093953,0.10490661183142683,0.8668880554964793
25741,LOF,0.01583826444414965,0.11176784542180297,0.8723938901340473
25742,LOF,0.11317262840951185,0.08289963882295326,0.8039277327675349
25743,LOF,0.030909030639382603,0.031952752883731776,0.9371382164768856
25744,Neutral,0.5738863976960923,0.21510963378029335,0.21100396852361444
25745,LOF,0.08447852380738503,0.07237872847108476,0.8431427477215302
25746,LOF,0.039353270886500306,0.08592252399854228,0.8747242051149575
25747,LOF,0.021365561178533,0.04240824716348127,0.9362261916579856
25748,LOF,0.10360069306723473,0.059410199572501876,0.8369891073602633
25749,LOF,0.02622398493809318,0.08027506191650403,0.8935009531454028
25750,LOF,0.08767813459259859,0.0878929499886471,0.8244289154187544
25751,LOF,0.09226180880686825,0.0666421305967818,0.84109606059635
25752,GOF,0.12285330236939325,0.6401534592304926,0.2369932384001142
25753,LOF,0.020057092161824493,0.2714855521499387,0.7084573556882368
25754,GOF,0.011120715767968858,0.7896111592033268,0.1992681250287044
25755,LOF,0.02453703853413808,0.3869996377563693,0.5884633237094925
25756,LOF,0.04159303376619757,0.38028051861913825,0.5781264476146643
25757,GOF,0.01462307995665993,0.8468586700041884,0.13851825003915183
25758,GOF,0.02903460383100957,0.8263723671402747,0.1445930290287157
25759,GOF,0.011584997882216095,0.5475566232464562,0.4408583788713277
25760,LOF,0.0108476258261583,0.24580731487800683,0.7433450592958348
25761,GOF,0.23482615189477252,0.6779272942201199,0.08724655388510759
25762,LOF,0.03599870760606517,0.2762169410286808,0.6877843513652542
25763,LOF,0.01266547830436525,0.2089046341142184,0.7784298875814164
25764,GOF,0.07456127871409592,0.6366826818418202,0.2887560394440839
25765,GOF,0.038491415881416885,0.7619942495982133,0.1995143345203699
25766,GOF,0.061070455454826554,0.7497071381106593,0.189222406434514
25767,GOF,0.18151616963327014,0.4730949704038182,0.3453888599629117
25768,LOF,0.09407196621905743,0.062656643661663,0.8432713901192797
25769,LOF,0.06854108299258392,0.07150964976590787,0.8599492672415081
25770,LOF,0.2764529961400513,0.08306111418801056,0.6404858896719382
25771,LOF,0.038020433860811186,0.04721198015255037,0.9147675859866385
25772,LOF,0.016850202478552664,0.03555095439421951,0.9475988431272278
25773,LOF,0.04675284403917073,0.08813667286424433,0.8651104830965849
25774,LOF,0.026581204749410513,0.07520984511904004,0.8982089501315493
25775,LOF,0.04124584639000101,0.04671932551310232,0.9120348280968966
25776,LOF,0.0650173467284738,0.026905665945875942,0.9080769873256501
25777,LOF,0.3258408789377261,0.050399303302936564,0.6237598177593374
25778,LOF,0.06666140443343208,0.053179675565504514,0.8801589200010634
25779,GOF,0.35711057949107183,0.6019199951717461,0.04096942533718213
25780,GOF,0.30907043239732956,0.6226911937670073,0.06823837383566307
25781,GOF,0.15031622421827265,0.7537378356669266,0.09594594011480062
25782,GOF,0.21939186553848958,0.7191406649552481,0.06146746950626231
25783,GOF,0.02664161419380194,0.6369338047324768,0.33642458107372125
25784,GOF,0.48187500973208497,0.48480737768293625,0.03331761258497868
25785,GOF,0.4416563399106953,0.5253164848659424,0.03302717522336237
25786,GOF,0.02720724161437675,0.7815275167178268,0.19126524166779635
25787,Neutral,0.6162167333718057,0.35914426085955997,0.02463900576863421
25788,LOF,0.0443769878873358,0.10966939943329278,0.8459536126793714
25789,GOF,0.1966202448810724,0.6706198398415475,0.1327599152773801
25790,GOF,0.24470218164993518,0.6583752312571522,0.0969225870929125
25791,GOF,0.14529748996775932,0.6866010456105216,0.16810146442171908
25792,GOF,0.3287389308141187,0.5451519775147582,0.12610909167112305
25793,GOF,0.24460366632261332,0.5610271706213988,0.19436916305598773
25794,GOF,0.2886555313136685,0.5475791683360183,0.16376530035031323
25795,GOF,0.08469378517886868,0.6836850768048133,0.23162113801631795
25796,Neutral,0.51505289564287,0.415567803204699,0.06937930115243102
25797,GOF,0.08591118207836149,0.5659432495087697,0.34814556841286887
25798,GOF,0.008929335625965531,0.5248144959732547,0.46625616840077994
25799,LOF,0.007348254584260576,0.4219130641836183,0.5707386812321211
25800,GOF,0.035210674992812614,0.6152972999605563,0.3494920250466311
25801,GOF,0.19588427589420124,0.680618744402753,0.12349697970304563
25802,GOF,0.0748216183995065,0.6959330358548497,0.22924534574564379
25803,GOF,0.03658573475043567,0.5920744149435331,0.37133985030603134
25804,GOF,0.03299588507016819,0.4995380923983865,0.46746602253144537
25805,GOF,0.10636573877455305,0.599250131940274,0.2943841292851729
25806,GOF,0.10521327463027716,0.594284783086438,0.300501942283285
25807,GOF,0.02123567831334325,0.6261928202525863,0.35257150143407034
25808,GOF,0.09218350862802979,0.6323898834629972,0.275426607908973
25809,GOF,0.018062402122244723,0.5901204554182204,0.39181714245953486
25810,GOF,0.017160004865240896,0.6254294621361289,0.3574105329986302
25811,GOF,0.4345761474713636,0.4848186883809931,0.08060516414764325
25812,GOF,0.03207176643681561,0.660294329450482,0.3076339041127023
25813,Neutral,0.4729115701217386,0.43575831375489493,0.09133011612336654
25814,GOF,0.11704230527364022,0.6400526750216753,0.24290501970468448
25815,GOF,0.18790907777615606,0.6182394120103696,0.19385151021347433
25816,GOF,0.02110423664472685,0.7091608741216991,0.26973488923357397
25817,GOF,0.2392094747312095,0.6266311598337674,0.1341593654350232
25818,GOF,0.05547913356448096,0.6691821952534854,0.2753386711820337
25819,GOF,0.35373555747697055,0.5142522748941464,0.13201216762888315
25820,GOF,0.19511503137959718,0.6127206153035494,0.1921643533168535
25821,GOF,0.060712196170594285,0.6742345171238587,0.2650532867055469
25822,GOF,0.20756596688998083,0.5841944758490679,0.2082395572609513
25823,GOF,0.03418286231332935,0.5344901599569496,0.43132697772972106
25824,GOF,0.09732368700435091,0.61437122889825,0.288305084097399
25825,GOF,0.03729758290376449,0.6071729825269324,0.3555294345693031
25826,GOF,0.016987864384200566,0.5782095434017179,0.4048025922140815
25827,GOF,0.02650883532319353,0.6020093039063893,0.37148186077041706
25828,GOF,0.013893744688026963,0.5320961082343405,0.45401014707763265
25829,GOF,0.0059866697220894004,0.5818264421255899,0.4121868881523208
25830,LOF,0.03741239767521238,0.2980844447748341,0.6645031575499535
25831,GOF,0.22462892524874384,0.6536062335279614,0.12176484122329471
25832,GOF,0.0338650140272367,0.7278521880485405,0.2382827979242227
25833,GOF,0.1172936402528194,0.7420931825559091,0.14061317719127145
25834,GOF,0.03374865322545633,0.7416442559305909,0.22460709084395267
25835,GOF,0.07164347698548865,0.7809553633992778,0.14740115961523345
25836,GOF,0.0350391600809615,0.7213033198015133,0.2436575201175252
25837,GOF,0.027203715888290955,0.6197660856131435,0.35303019849856554
25838,GOF,0.08949593239490179,0.7745723719773014,0.1359316956277967
25839,GOF,0.2644159749649983,0.596102009140815,0.13948201589418663
25840,GOF,0.23369890820688916,0.6158766135793148,0.15042447821379612
25841,GOF,0.23715077650732394,0.6286400565334052,0.13420916695927096
25842,GOF,0.15150941666547194,0.725906877697281,0.12258370563724706
25843,GOF,0.2052894605206853,0.6963672044718138,0.09834333500750098
25844,GOF,0.06853866412372868,0.7261548592078301,0.20530647666844126
25845,GOF,0.01638885075575059,0.5158541985916789,0.46775695065257056
25846,GOF,0.15366470395149234,0.7007468767729061,0.14558841927560146
25847,GOF,0.11235104818841442,0.7806769321135625,0.10697201969802313
25848,GOF,0.038245559463781775,0.7026821297472019,0.2590723107890164
25849,GOF,0.011148049041175393,0.5978674126468321,0.39098453831199254
25850,GOF,0.02296338694765003,0.6615279417575449,0.31550867129480503
25851,GOF,0.018143137651610505,0.5477172454512724,0.43413961689711705
25852,GOF,0.15578150232174448,0.5612184254214472,0.28300007225680834
25853,GOF,0.3239474130945673,0.6064371501591119,0.06961543674632066
25854,GOF,0.023155134265490984,0.6492765471508346,0.32756831858367447
25855,GOF,0.03473572439972753,0.5809077385889101,0.38435653701136235
25856,GOF,0.22426212515448032,0.558042079491622,0.21769579535389763
25857,GOF,0.03770155360124633,0.5296426491528509,0.4326557972459029
25858,GOF,0.0213302097606617,0.5605084699935585,0.41816132024577984
25859,GOF,0.011196752311902891,0.5357272214565294,0.45307602623156773
25860,GOF,0.3279831235048328,0.5914293528655081,0.08058752362965908
25861,GOF,0.40735448436899646,0.5182555807622765,0.074389934868727
25862,GOF,0.08750640083085993,0.7904161303895737,0.12207746877956642
25863,GOF,0.08123076190116194,0.7839441089176137,0.13482512918122422
25864,GOF,0.1957693200227666,0.7423896480572276,0.06184103192000581
25865,GOF,0.0879459139322486,0.8061223601683571,0.1059317258993942
25866,GOF,0.05837564210141498,0.7982641753428458,0.14336018255573915
25867,GOF,0.08452862519658348,0.8140463806303865,0.10142499417303005
25868,GOF,0.22635110585028628,0.6682955356915924,0.10535335845812142
25869,Neutral,0.6728724510241034,0.2809070537835109,0.04622049519238564
25870,GOF,0.2969230371609831,0.40446077221309096,0.29861619062592587
25871,GOF,0.2134133088541749,0.6556933946767886,0.13089329646903647
25872,GOF,0.0767530251752546,0.6515215569202126,0.27172541790453275
25873,GOF,0.1107953455405514,0.6776541445498727,0.21155050990957588
25874,LOF,0.014936191832233447,0.12266082731869023,0.8624029808490763
25875,LOF,0.09769794508316251,0.04930581628975106,0.8529962386270864
25876,LOF,0.036358442656614275,0.0336227214454634,0.9300188358979223
25877,Neutral,0.5004099164781848,0.047650174379977796,0.4519399091418373
25878,LOF,0.20741671075713328,0.10208528770757162,0.6904980015352952
25879,LOF,0.08429290839940928,0.10477626927158228,0.8109308223290085
25880,LOF,0.037622087468021884,0.01566062531964462,0.9467172872123335
25881,LOF,0.174659401352491,0.11288557941365887,0.7124550192338501
25882,LOF,0.056076274599591185,0.015312598380418253,0.9286111270199907
25883,LOF,0.0633484518262257,0.018168693508105134,0.9184828546656693
25884,LOF,0.033283951076537845,0.026737748803250142,0.939978300120212
25885,LOF,0.0567553959705348,0.011540507412799427,0.9317040966166658
25886,LOF,0.2531309914227058,0.03387544547763599,0.7129935630996582
25887,LOF,0.15076022068600944,0.06028176819241515,0.7889580111215755
25888,LOF,0.06347279830809072,0.0521433557598541,0.8843838459320552
25889,LOF,0.041339128765246494,0.0187934632954837,0.9398674079392699
25890,LOF,0.04551549139820357,0.17073798914342975,0.7837465194583667
25891,LOF,0.036705031491336505,0.056610057905270225,0.9066849106033933
25892,LOF,0.08447124899980786,0.022686938159298835,0.8928418128408933
25893,LOF,0.25790480253316855,0.021305697646132677,0.7207894998206988
25894,LOF,0.17784436705073986,0.011608512711688708,0.8105471202375715
25895,LOF,0.18995470984167145,0.023449386725291548,0.786595903433037
25896,LOF,0.05171931073943395,0.021420101550626833,0.9268605877099392
25897,LOF,0.24566873165919834,0.013890203432094243,0.7404410649087074
25898,Neutral,0.7170656912923558,0.011703304542177474,0.2712310041654668
25899,LOF,0.2152537359347251,0.021237851511554533,0.7635084125537204
25900,LOF,0.4531856905739346,0.013849520584885689,0.5329647888411797
25901,LOF,0.05371359757034944,0.012531139598705157,0.9337552628309455
25902,LOF,0.15256277010333308,0.014418328742913678,0.8330189011537532
25903,Neutral,0.5911963556736066,0.02881361391933759,0.37999003040705587
25904,LOF,0.3146905616400433,0.040401891382949744,0.644907546977007
25905,LOF,0.02463681980960433,0.31590454995871414,0.6594586302316814
25906,LOF,0.028758606662906055,0.07523864244574835,0.8960027508913456
25907,LOF,0.015342332953237591,0.32239139438955683,0.6622662726572056
25908,LOF,0.01074259753332602,0.24830522156540774,0.7409521809012662
25909,LOF,0.01310682356831425,0.12652871684153483,0.860364459590151
25910,LOF,0.05058362441635213,0.1381490208076173,0.8112673547760305
25911,LOF,0.19577095062401118,0.030906581752499326,0.7733224676234894
25912,LOF,0.04790256933293536,0.05212073599013617,0.8999766946769285
25913,LOF,0.33034158955135995,0.027242376686584018,0.6424160337620561
25914,LOF,0.018963482924826004,0.055582131259075275,0.9254543858160987
25915,Neutral,0.5697003892207937,0.15391833001024277,0.27638128076896346
25916,LOF,0.08199851796216696,0.1974573766676468,0.7205441053701863
25917,LOF,0.058344561904032324,0.044286164483391524,0.8973692736125761
25918,LOF,0.020764191605865845,0.036390244032664144,0.94284556436147
25919,LOF,0.018064952928342898,0.03784022980568921,0.9440948172659679
25920,GOF,0.11098048936462866,0.516389465337991,0.3726300452973803
25921,LOF,0.02536043744401712,0.03766040162104913,0.9369791609349337
25922,LOF,0.03448078442060055,0.028292934334250383,0.9372262812451491
25923,LOF,0.4634568916388541,0.04357018742991385,0.492972920931232
25924,LOF,0.03725980316089237,0.04618323154791981,0.9165569652911878
25925,LOF,0.06783805992104266,0.0482245969315313,0.883937343147426
25926,LOF,0.049230636802249476,0.040812145880911754,0.9099572173168388
25927,LOF,0.05655976438574655,0.1400504731642641,0.8033897624499894
25928,LOF,0.017116368572596883,0.052653458868450596,0.9302301725589525
25929,Neutral,0.57987077979206,0.04561858832019831,0.37451063188774164
25930,LOF,0.06949599129198981,0.038539555049177,0.8919644536588333
25931,LOF,0.023404075184200963,0.03161949970365474,0.9449764251121442
25932,LOF,0.028684694294091893,0.030407492752154982,0.9409078129537533
25933,LOF,0.03703604615343453,0.021968897988429853,0.9409950558581357
25934,LOF,0.024571096903452164,0.02440648892804393,0.9510224141685039
25935,LOF,0.05817600742343634,0.06386824124648888,0.8779557513300746
25936,LOF,0.043837035945727056,0.025162962436845245,0.9310000016174276
25937,LOF,0.02514363578500045,0.04194824251752304,0.9329081216974764
25938,LOF,0.05946191320399954,0.06389439003090848,0.876643696765092
25939,LOF,0.03941830307799465,0.022285737715857085,0.9382959592061484
25940,LOF,0.028496675602971994,0.3448650918499404,0.6266382325470875
25941,LOF,0.18497665499633895,0.11282442437341846,0.7021989206302425
25942,LOF,0.013290174534727172,0.03646617909575282,0.9502436463695201
25943,LOF,0.30470392695874665,0.05716169279049228,0.6381343802507611
25944,Neutral,0.4930191455491456,0.02533882180305231,0.48164203264780214
25945,LOF,0.07499650970038849,0.0240696718358535,0.900933818463758
25946,LOF,0.028893857324775566,0.12359437435798533,0.8475117683172391
25947,LOF,0.1027759496200557,0.16924198996557593,0.7279820604143684
25948,LOF,0.38040716876103814,0.00755338568537649,0.6120394455535855
25949,LOF,0.11777374255210939,0.032007891509738776,0.8502183659381519
25950,GOF,0.28452759205009,0.38701842145772536,0.32845398649218455
25951,LOF,0.19931248746897404,0.27850254785766176,0.5221849646733642
25952,LOF,0.03958248234576355,0.4578599602813794,0.5025575573728571
25953,LOF,0.14419283167644564,0.10751809833656224,0.7482890699869921
25954,Neutral,0.4388845488437754,0.17447902804632429,0.38663642310990026
25955,LOF,0.052550169045891534,0.08478612437335203,0.8626637065807564
25956,LOF,0.1570058417475401,0.10205470482141472,0.7409394534310453
25957,LOF,0.03823583075778284,0.03249836652614293,0.9292658027160743
25958,LOF,0.05222873169123477,0.03182875641929226,0.915942511889473
25959,LOF,0.07050946769321301,0.35168441719106575,0.5778061151157213
25960,LOF,0.01532484523388566,0.05036022360362702,0.9343149311624874
25961,LOF,0.04026638704626195,0.03034057795729387,0.9293930349964442
25962,LOF,0.050168400748830305,0.021398249618966334,0.9284333496322035
25963,LOF,0.04820456914327712,0.18848798730517916,0.7633074435515438
25964,LOF,0.03293520234723087,0.1496246632388052,0.817440134413964
25965,LOF,0.4371786045847214,0.06748750908673512,0.49533388632854347
25966,Neutral,0.5090921988999749,0.18285407467422557,0.3080537264257996
25967,LOF,0.016289947870180056,0.10266363616387092,0.8810464159659491
25968,LOF,0.036917527001504524,0.37935160138881896,0.5837308716096765
25969,LOF,0.036472303806523484,0.061829099820102214,0.9016985963733744
25970,LOF,0.05930801584812124,0.06581364617113583,0.8748783379807429
25971,LOF,0.06795202710706787,0.021352473172698977,0.9106954997202331
25972,LOF,0.06581709744929806,0.029178616933758898,0.905004285616943
25973,LOF,0.07322583873584068,0.009331936353918973,0.9174422249102404
25974,LOF,0.18997056018853087,0.01630335699567521,0.7937260828157939
25975,LOF,0.048353349658071934,0.02844505821186023,0.9232015921300678
25976,LOF,0.04678895902162833,0.016212741926687268,0.9369982990516843
25977,LOF,0.15170157576415322,0.08796074996033788,0.7603376742755089
25978,LOF,0.14667417526339838,0.08094763479423317,0.7723781899423685
25979,LOF,0.139482902496679,0.07531022989766846,0.7852068676056525
25980,LOF,0.2232336877415914,0.09536577813936509,0.6814005341190434
25981,LOF,0.2544565812569874,0.09391194544797363,0.651631473295039
25982,LOF,0.4040852978987307,0.06179318939425837,0.5341215127070109
25983,LOF,0.39690256845889677,0.07074493218489498,0.5323524993562082
25984,LOF,0.04912378399543014,0.04864007878439509,0.9022361372201747
25985,LOF,0.03896426399015908,0.28724728179379455,0.6737884542160464
25986,LOF,0.045747210774763424,0.3046688454720068,0.6495839437532298
25987,LOF,0.09201850008058901,0.06926886507108398,0.838712634848327
25988,LOF,0.16785239104143257,0.0616679884487141,0.7704796205098534
25989,LOF,0.034935953120370136,0.1219821539096163,0.8430818929700135
25990,LOF,0.04314397024194852,0.14308668373776864,0.8137693460202828
25991,LOF,0.12305430719533406,0.2307067092950971,0.6462389835095689
25992,LOF,0.29347833603566703,0.12916697699709573,0.5773546869672372
25993,LOF,0.021006983704326826,0.06153338463787252,0.9174596316578008
25994,LOF,0.01598610242772707,0.0762854488675073,0.9077284487047658
25995,LOF,0.022322876580624793,0.1829523838188785,0.7947247396004968
25996,GOF,0.29953252812064,0.3945603018892499,0.3059071699901101
25997,LOF,0.07567270417244219,0.36176339203975383,0.562563903787804
25998,Neutral,0.5064110748823217,0.025926777346610388,0.46766214777106785
25999,LOF,0.10310564787683581,0.07747831930281175,0.8194160328203525
26000,LOF,0.17029506052069682,0.05164243413430739,0.7780625053449959
26001,LOF,0.19220312694037628,0.055631458630524135,0.7521654144290996
26002,LOF,0.11886864382682663,0.04891505897705481,0.8322162971961187
26003,GOF,0.011077081847793562,0.5851277494627909,0.40379516868941556
26004,GOF,0.02144202597854037,0.6764445124558904,0.3021134615655691
26005,LOF,0.006334836776271345,0.45642425484063304,0.5372409083830956
26006,Neutral,0.4817684065837056,0.2632336066571813,0.2549979867591131
26007,GOF,0.019704492261515848,0.5232611506783372,0.4570343570601469
26008,GOF,0.016522154734832224,0.5960947163764428,0.38738312888872495
26009,GOF,0.02087942135921833,0.6579560582541641,0.3211645203866175
26010,GOF,0.021580659946388064,0.6267644171121599,0.351654922941452
26011,LOF,0.006450447680838344,0.4205460471246916,0.5730035051944701
26012,GOF,0.012214739170838625,0.5382839650580357,0.4495012957711257
26013,GOF,0.019449764541948102,0.596100403805178,0.3844498316528738
26014,LOF,0.03889203866999736,0.10110908510711272,0.85999887622289
26015,LOF,0.19419089642108137,0.01576294652407734,0.7900461570548414
26016,LOF,0.2090689543881412,0.06581094036390962,0.7251201052479491
26017,LOF,0.24023996357074592,0.11325043477756165,0.6465096016516925
26018,LOF,0.08050114737884662,0.04036580817542426,0.879133044445729
26019,LOF,0.07607681197980008,0.032635438349233103,0.8912877496709668
26020,LOF,0.071545716301232,0.1237740153509695,0.8046802683477986
26021,LOF,0.050688881693866074,0.1326775731718403,0.8166335451342936
26022,LOF,0.010637861725402872,0.04394960789957688,0.9454125303750202
26023,LOF,0.06890934515537504,0.026105162370522437,0.9049854924741026
26024,LOF,0.029375778021873362,0.13546687059068493,0.8351573513874417
26025,LOF,0.13860835618425177,0.11917098866825379,0.7422206551474945
26026,LOF,0.3380053262931018,0.032887183031652834,0.6291074906752454
26027,LOF,0.061488520459412395,0.02013149889514773,0.9183799806454398
26028,LOF,0.17896696079926974,0.06121945780824364,0.7598135813924867
26029,LOF,0.0618454735969452,0.1915640240399818,0.7465905023630731
26030,LOF,0.02064090701700843,0.054222261620815726,0.9251368313621757
26031,LOF,0.025082211367741438,0.13945887770041804,0.8354589109318404
26032,LOF,0.06327265594751717,0.08771569681502742,0.8490116472374554
26033,LOF,0.08807961363027636,0.08447050535458142,0.8274498810151422
26034,LOF,0.04069740256847574,0.1673546545760179,0.7919479428555063
26035,LOF,0.02434785391149747,0.1570191216819081,0.8186330244065945
26036,LOF,0.03540675458431661,0.1807825771231606,0.7838106682925229
26037,LOF,0.02074066142973724,0.12859285552465619,0.8506664830456065
26038,LOF,0.05901815445232382,0.08943661517475546,0.8515452303729207
26039,LOF,0.05034902007575189,0.15742374734095269,0.7922272325832954
26040,LOF,0.19949612501750388,0.13875682887652552,0.6617470461059707
26041,LOF,0.021283113010115387,0.11873368632032555,0.859983200669559
26042,LOF,0.019693187701278675,0.11200755396267031,0.8682992583360509
26043,LOF,0.060301043059536936,0.10351509013059045,0.8361838668098726
26044,LOF,0.01973153367323757,0.07100707308122632,0.909261393245536
26045,LOF,0.06488337180022384,0.10852833363187306,0.8265882945679031
26046,LOF,0.05527209608305415,0.0861637019032835,0.8585642020136623
26047,LOF,0.0715999003938016,0.08993146323352587,0.8384686363726725
26048,LOF,0.04426589948594994,0.047492141089064834,0.9082419594249853
26049,Neutral,0.9682388877024148,0.007537199468793005,0.024223912828792202
26050,Neutral,0.9548592785851576,0.009579807943658732,0.035560913471183696
26051,LOF,0.04575669162708415,0.2859286933634508,0.6683146150094651
26052,LOF,0.05734575806033047,0.3153459949658869,0.6273082469737826
26053,LOF,0.05806816143185787,0.1517048085177775,0.7902270300503647
26054,LOF,0.05072388311315996,0.017317810140701478,0.9319583067461384
26055,LOF,0.07040727939851313,0.014686877031151487,0.9149058435703354
26056,LOF,0.06099211512219334,0.015886838076654086,0.9231210468011526
26057,LOF,0.03021382341946985,0.013012309199814465,0.9567738673807158
26058,LOF,0.030986453937858583,0.010938410356394939,0.9580751357057465
26059,LOF,0.271068771779247,0.02168585796061415,0.7072453702601389
26060,LOF,0.04240398994617987,0.1746694229348061,0.7829265871190141
26061,LOF,0.01745564112392577,0.010956348076609477,0.9715880107994648
26062,LOF,0.010098931594307362,0.01672162749383476,0.9731794409118578
26063,LOF,0.019629435904287815,0.011589621400175627,0.9687809426955367
26064,LOF,0.01984971956186836,0.02153179254716654,0.9586184878909652
26065,LOF,0.025201881235125456,0.012112313012347501,0.962685805752527
26066,LOF,0.02067765495127986,0.011925162837016239,0.9673971822117039
26067,LOF,0.025595460832971345,0.00944989510480277,0.9649546440622259
26068,LOF,0.04373677771405032,0.02689200356522894,0.9293712187207207
26069,LOF,0.2605285056341078,0.018147463805597525,0.7213240305602948
26070,LOF,0.39676553506688517,0.014408571877254259,0.5888258930558605
26071,LOF,0.02001517973329132,0.012604778341332208,0.9673800419253765
26072,LOF,0.0184106596197985,0.01638813560940755,0.965201204770794
26073,LOF,0.019675155127786635,0.010549051341615741,0.9697757935305977
26074,Neutral,0.914016434780965,0.005604608190135176,0.08037895702889994
26075,LOF,0.04630388618216047,0.014072192576685329,0.9396239212411541
26076,LOF,0.03812575400683649,0.010252551773194273,0.9516216942199691
26077,LOF,0.009878298668382727,0.015076387427367666,0.9750453139042496
26078,LOF,0.01376161088820329,0.0110255801740225,0.9752128089377742
26079,LOF,0.061947802859381826,0.015895092784510206,0.9221571043561079
26080,LOF,0.06093606814285594,0.015968722256193193,0.9230952096009509
26081,LOF,0.03246047714840941,0.007077065524413749,0.9604624573271768
26082,LOF,0.013735278589017725,0.01510398653352589,0.9711607348774564
26083,LOF,0.17191500617597005,0.015031703995551662,0.8130532898284784
26084,LOF,0.040953955834781765,0.011759986613844229,0.9472860575513741
26085,LOF,0.03648026908377885,0.011286741427406537,0.9522329894888146
26086,LOF,0.020601253044804105,0.011505903176263441,0.9678928437789324
26087,LOF,0.02342258421781866,0.008672221388323294,0.9679051943938579
26088,LOF,0.016762376434945804,0.021394956842919664,0.9618426667221346
26089,LOF,0.04379255473839738,0.02061511257580019,0.9355923326858024
26090,LOF,0.043573480446808054,0.016765909428660866,0.9396606101245311
26091,LOF,0.030596885643564827,0.006780410749973797,0.9626227036064614
26092,LOF,0.021606185823215617,0.008588833441656746,0.9698049807351277
26093,LOF,0.03263464861648397,0.006385626722715482,0.9609797246608005
26094,LOF,0.03479615579633546,0.006517401642617858,0.9586864425610467
26095,LOF,0.03751715627253545,0.013620830109586096,0.9488620136178785
26096,LOF,0.01827690799565119,0.010886561991334075,0.9708365300130147
26097,LOF,0.011786225417166799,0.03092988254240156,0.9572838920404315
26098,LOF,0.07950159805679403,0.01029466670989516,0.9102037352333109
26099,LOF,0.020219718562439728,0.012779059342188271,0.9670012220953721
26100,LOF,0.02213810008260339,0.012594246357927302,0.9652676535594693
26101,LOF,0.04596814703559215,0.016042816978404553,0.9379890359860034
26102,LOF,0.020081079917700573,0.013460555767318748,0.9664583643149807
26103,Neutral,0.8789387457752501,0.018906073993122153,0.10215518023162784
26104,LOF,0.08149973221586904,0.024084759109664084,0.894415508674467
26105,LOF,0.21393224443889816,0.23692331474081002,0.5491444408202919
26106,LOF,0.18165220665043366,0.10059573295051798,0.7177520603990484
26107,LOF,0.2235609705937756,0.0781851802146353,0.698253849191589
26108,LOF,0.25123961607400513,0.095014750665464,0.6537456332605308
26109,LOF,0.0916870053682299,0.05717735372985277,0.8511356409019172
26110,LOF,0.22104969116687767,0.008020413214381255,0.7709298956187411
26111,Neutral,0.49874209488791726,0.03166998712481499,0.46958791798726773
26112,LOF,0.03234201705928328,0.008529672311785202,0.9591283106289317
26113,LOF,0.06338500713345659,0.01952160284167896,0.9170933900248646
26114,LOF,0.024737161285528927,0.03142008633582285,0.9438427523786482
26115,LOF,0.07634358354706568,0.05334448840826103,0.8703119280446734
26116,LOF,0.06628823744454633,0.06029758496643258,0.8734141775890211
26117,LOF,0.4316648680101896,0.04590282757186379,0.5224323044179466
26118,LOF,0.03484344221669693,0.029529592321256466,0.9356269654620466
26119,LOF,0.02331700163338422,0.03743819673087079,0.939244801635745
26120,LOF,0.025466686089104445,0.022474212643150235,0.9520591012677453
26121,LOF,0.04505047213511113,0.08206429373329582,0.872885234131593
26122,LOF,0.04654486590562295,0.03998170464473357,0.9134734294496434
