feature0,prediction,LoGoFunc_Neutral,LoGoFunc_GOF,LoGoFunc_LOF
25546,Neutral,0.6308267524743157,0.07012215402505215,0.2990510935006321
25547,Neutral,0.49849072381889703,0.11836897750041504,0.38314029868068805
25548,Neutral,0.48830909812304335,0.10384758213372661,0.4078433197432302
25549,LOF,0.4285480524574754,0.10471323937334807,0.46673870816917656
25550,LOF,0.35663776039094924,0.13888326842306528,0.5044789711859855
25551,LOF,0.3083117159639626,0.15230335191757918,0.5393849321184582
25552,LOF,0.2842955725597154,0.15150556545362995,0.5641988619866546
25553,Neutral,0.7999145939726301,0.05691397506103873,0.14317143096633114
25554,LOF,0.31965575327813744,0.138612705580436,0.5417315411414266
25555,LOF,0.28047275812232714,0.1304093312259904,0.5891179106516824
25556,Neutral,0.4698536089716202,0.11346899914724047,0.4166773918811393
25557,LOF,0.27386909356788075,0.13842006278128027,0.587710843650839
25558,LOF,0.32405752679893196,0.13272658460234077,0.5432158885987273
25559,LOF,0.22409000005030774,0.09654315667848623,0.6793668432712061
25560,LOF,0.11411282050419952,0.1714775347627971,0.7144096447330034
25561,LOF,0.11402743050885993,0.22130305437703643,0.6646695151141035
25562,LOF,0.04360337987375244,0.11684297540837998,0.8395536447178675
25563,LOF,0.013463845931478802,0.2133699992274725,0.7731661548410488
25564,LOF,0.10028713900636733,0.14324834919195184,0.7564645118016808
25565,LOF,0.19467295915774954,0.1282613923119596,0.6770656485302908
25566,GOF,0.05883770547014396,0.6250816548949262,0.31608063963492994
25567,LOF,0.034065689931945045,0.17578420716380494,0.7901501029042501
25568,LOF,0.055323771660925405,0.09371084944785993,0.8509653788912147
25569,LOF,0.059540944688798794,0.08615572780175511,0.8543033275094462
25570,LOF,0.02673841995732658,0.12283306253570214,0.8504285175069713
25571,LOF,0.024090975051927976,0.12816984714669363,0.8477391778013783
25572,LOF,0.06045117292176496,0.15432046287493498,0.7852283642033001
25573,LOF,0.0607209139469817,0.11917715105110936,0.8201019350019089
25574,LOF,0.06235619165925688,0.24160885482053904,0.6960349535202041
25575,LOF,0.0228020067526666,0.13298314811943046,0.8442148451279029
25576,LOF,0.02625759029575866,0.18627871802922416,0.7874636916750172
25577,LOF,0.030863269354346627,0.15132064323838434,0.8178160874072691
25578,LOF,0.2889699395399733,0.11039203879712307,0.6006380216629037
25579,LOF,0.18598786453776822,0.10829801807179215,0.7057141173904395
25580,LOF,0.021098657740941752,0.08942231486887738,0.8894790273901808
25581,LOF,0.04731958000638019,0.08668136159782512,0.8659990583957947
25582,LOF,0.04714911396728451,0.08504320198653602,0.8678076840461794
25583,LOF,0.023689590168598302,0.11118189077993054,0.8651285190514711
25584,Neutral,0.702443011334818,0.15330126401862243,0.14425572464655956
25585,LOF,0.021036586706036878,0.17186753799040602,0.8070958753035571
25586,LOF,0.017275683025518376,0.09105044643247566,0.891673870542006
25587,LOF,0.01743975653074461,0.08073600403950634,0.9018242394297491
25588,LOF,0.021246186135213178,0.08438602475235693,0.89436778911243
25589,Neutral,0.5209208015953133,0.26716258388173864,0.21191661452294805
25590,LOF,0.04600562204021181,0.13505422630991504,0.8189401516498732
25591,LOF,0.07719534789880783,0.07695912955894901,0.8458455225422432
25592,LOF,0.05351691871943707,0.16706987313386013,0.7794132081467029
25593,LOF,0.10202466726617805,0.28685198520551103,0.6111233475283109
25594,LOF,0.05282552625727647,0.0702201836448054,0.8769542900979181
25595,LOF,0.05306827918764116,0.04281800430106743,0.9041137165112915
25596,LOF,0.11697671046825338,0.024475476163611454,0.8585478133681351
25597,LOF,0.08532458656882991,0.02912152112462792,0.8855538923065422
25598,LOF,0.04859490477166959,0.047382088423425985,0.9040230068049044
25599,LOF,0.021147892999337163,0.3937124070874522,0.5851396999132106
25600,GOF,0.16555433494014266,0.4227529694157076,0.4116926956441497
25601,LOF,0.04106637439867528,0.3169251818939874,0.6420084437073373
25602,LOF,0.027858823828969814,0.07554230612894754,0.8965988700420827
25603,LOF,0.035524086822234395,0.061587962369563876,0.9028879508082018
25604,LOF,0.03757743685498265,0.09634910575801622,0.866073457387001
25605,LOF,0.030048600230697123,0.21652313816615137,0.7534282616031515
25606,Neutral,0.43015583864692286,0.14890895345926264,0.42093520789381456
25607,LOF,0.02618963515636075,0.21740017862307917,0.7564101862205601
25608,LOF,0.037333693379105755,0.11305002962336541,0.8496162769975287
25609,GOF,0.14388032849155685,0.458699319396331,0.397420352112112
25610,LOF,0.014972864253127483,0.0561326140624237,0.9288945216844489
25611,LOF,0.013094736574496781,0.06340078885068552,0.9235044745748178
25612,LOF,0.04512153949687913,0.0657909112278915,0.8890875492752293
25613,LOF,0.04160632817488421,0.06582199897299885,0.8925716728521169
25614,LOF,0.02290746231087503,0.053953591348501515,0.9231389463406235
25615,LOF,0.04348287682232067,0.06791810450883909,0.8885990186688403
25616,LOF,0.05240796502428363,0.059300596033856776,0.8882914389418596
25617,LOF,0.03724481726339098,0.06856037880421564,0.8941948039323934
25618,LOF,0.0479190306807838,0.08751970726982877,0.8645612620493874
25619,LOF,0.012572125698783083,0.06638734384565666,0.9210405304555601
25620,LOF,0.05164786171983012,0.07336321519407688,0.8749889230860929
25621,LOF,0.05837988108559021,0.058439700485837506,0.8831804184285722
25622,LOF,0.06233841491249907,0.07179246297275817,0.8658691221147428
25623,LOF,0.0611355777545379,0.044296762525879656,0.8945676597195825
25624,LOF,0.019529188465012323,0.05789728972581312,0.9225735218091745
25625,LOF,0.060292564850588835,0.06509504328583232,0.8746123918635789
25626,LOF,0.047410364585945816,0.06273378384137206,0.8898558515726822
25627,Neutral,0.8860561754368342,0.02237389958000862,0.09156992498315715
25628,LOF,0.14788708078697313,0.05366261413491995,0.7984503050781069
25629,LOF,0.06607478066913512,0.04828631467942927,0.8856389046514357
25630,LOF,0.2682325051841664,0.0625434096222361,0.6692240851935974
25631,Neutral,0.5674549162152165,0.061949968831682134,0.3705951149531014
25632,LOF,0.028294176482035797,0.06981710551301717,0.901888718004947
25633,LOF,0.2224276848306824,0.04429683649352022,0.7332754786757975
25634,LOF,0.04191225932742256,0.08824224928835953,0.8698454913842179
25635,LOF,0.0385848698381328,0.04118778413984861,0.9202273460220186
25636,GOF,0.03443863143358214,0.5169569554161909,0.4486044131502269
25637,GOF,0.0499228923334941,0.5139588881888975,0.4361182194776085
25638,LOF,0.03577952687126921,0.43114529789531747,0.5330751752334133
25639,LOF,0.031293201628239814,0.4576081068799546,0.5110986914918055
25640,Neutral,0.8614545868526018,0.08619372947923971,0.05235168366815845
25641,LOF,0.07601809184729684,0.39307308032487115,0.530908827827832
25642,LOF,0.06229297604780547,0.16557399256963112,0.7721330313825634
25643,LOF,0.20697251279011003,0.14358936147087778,0.6494381257390122
25644,GOF,0.009075297609106327,0.6021200265445642,0.38880467584632944
25645,GOF,0.01106867474413438,0.5756709552995466,0.41326036995631904
25646,LOF,0.0402864241599938,0.4155595043583872,0.5441540714816189
25647,LOF,0.012388589668024579,0.33494966154557965,0.6526617487863959
25648,LOF,0.012002338037021542,0.39698800047847055,0.591009661484508
25649,LOF,0.007951327438370686,0.31404104021979934,0.67800763234183
25650,GOF,0.01939302990813789,0.5621855184437431,0.41842145164811906
25651,LOF,0.007933803116869736,0.4144174743704282,0.577648722512702
25652,LOF,0.014116719547351008,0.4127475261228514,0.5731357543297976
25653,GOF,0.03746348376910004,0.5682565782592216,0.39427993797167826
25654,LOF,0.010017197996597407,0.3005404416437595,0.6894423603596432
25655,GOF,0.11773862795028946,0.581265181128179,0.3009961909215315
25656,LOF,0.3524554488759479,0.10555466396140223,0.54198988716265
25657,LOF,0.05005211380367729,0.10461010781086974,0.8453377783854531
25658,LOF,0.35330947036075155,0.14209037647646258,0.504600153162786
25659,Neutral,0.4642753766234578,0.16155881196696778,0.3741658114095744
25660,LOF,0.022435212113889352,0.11096937195447973,0.8665954159316309
25661,LOF,0.08524917190753123,0.06978574271391008,0.8449650853785586
25662,LOF,0.03567546838037977,0.03319435937641235,0.9311301722432079
25663,LOF,0.03975085590694214,0.042420635796739846,0.9178285082963179
25664,LOF,0.135475869464401,0.07117435236397542,0.7933497781716237
25665,LOF,0.06013910685188033,0.030730023187058336,0.9091308699610613
25666,LOF,0.09786233207033444,0.07767430136246864,0.824463366567197
25667,LOF,0.06853310024732534,0.05445006508133857,0.8770168346713361
25668,LOF,0.03924703035238627,0.06114851324888929,0.8996044563987244
25669,LOF,0.029857613594903076,0.060264757815206564,0.9098776285898903
25670,LOF,0.13655313024145932,0.07378464636938498,0.7896622233891556
25671,LOF,0.1016590815549681,0.04051224778797326,0.8578286706570587
25672,LOF,0.04880411030946331,0.04436954359789279,0.906826346092644
25673,LOF,0.09388784698767415,0.049636218941127616,0.8564759340711983
25674,LOF,0.07888365387375824,0.06183985453684799,0.8592764915893938
25675,LOF,0.11584472244539097,0.07795633165482174,0.8061989458997872
25676,LOF,0.018494301819184846,0.05801064218501802,0.9234950559957972
25677,LOF,0.022424175301870596,0.07623225344089542,0.901343571257234
25678,LOF,0.21774602888760528,0.08494013533060474,0.69731383578179
25679,LOF,0.12366132034167733,0.09100979455801242,0.7853288851003103
25680,LOF,0.03290888326450339,0.12137615128537947,0.845714965450117
25681,LOF,0.05185012823961386,0.11770743113241017,0.830442440627976
25682,LOF,0.13129399385576887,0.0882697907426979,0.7804362154015331
25683,LOF,0.12047757025323172,0.10591776026141049,0.7736046694853579
25684,LOF,0.03824376037136213,0.07390446131925468,0.8878517783093832
25685,LOF,0.11610307278103331,0.07588715396780056,0.8080097732511661
25686,LOF,0.07126391113656398,0.12228902726557268,0.8064470615978633
25687,LOF,0.12460724136686491,0.1199619592680992,0.7554307993650359
25688,LOF,0.40492694561806436,0.044362395929299345,0.5507106584526363
25689,LOF,0.2821160290247372,0.04322516532620402,0.6746588056490589
25690,LOF,0.3281782109870328,0.030941604164432,0.6408801848485352
25691,Neutral,0.7040034832895804,0.026886813793628474,0.2691097029167911
25692,LOF,0.33579002942004893,0.012278730329768733,0.6519312402501825
25693,LOF,0.039622478867138836,0.38774231018251926,0.572635210950342
25694,LOF,0.12703330996711276,0.02082742812497484,0.8521392619079123
25695,LOF,0.11496012665579275,0.015503017936775705,0.8695368554074315
25696,LOF,0.12610508273266113,0.014089510325406281,0.8598054069419326
25697,LOF,0.07690036156595932,0.10120583316757817,0.8218938052664624
25698,LOF,0.33737062802035145,0.1992546641971041,0.4633747077825443
25699,LOF,0.4265813918263622,0.037843691671606026,0.5355749165020318
25700,LOF,0.08302401948128037,0.011643030943833527,0.9053329495748861
25701,LOF,0.17274774567193618,0.04774716300296481,0.7795050913250992
25702,GOF,0.18923979518551065,0.6131629942513996,0.19759721056308965
25703,LOF,0.017704766119741377,0.14943604655688889,0.8328591873233697
25704,LOF,0.03831721683788178,0.14250185514217928,0.8191809280199389
25705,LOF,0.04167612378504012,0.09854233178578745,0.8597815444291723
25706,LOF,0.14606129098479897,0.3366622114504295,0.5172764975647716
25707,LOF,0.09748692377081027,0.26814212164570755,0.6343709545834821
25708,LOF,0.04587462681016838,0.2340308992121758,0.7200944739776558
25709,LOF,0.0663244086533173,0.03282587682073138,0.9008497145259513
25710,LOF,0.013518399882564395,0.1038758935871092,0.8826057065303264
25711,LOF,0.020422145140174878,0.07455693122164568,0.9050209236381795
25712,LOF,0.015688930486508643,0.14499116211591764,0.8393199073975737
25713,LOF,0.01844905049577079,0.07602234701388515,0.9055286024903442
25714,LOF,0.07373420212651134,0.05623010552916959,0.8700356923443191
25715,LOF,0.011599900569796377,0.10424941422992554,0.8841506852002782
25716,LOF,0.012068624950177133,0.08343716595303508,0.9044942090967878
25717,LOF,0.016072601680687235,0.06550721274545533,0.9184201855738573
25718,LOF,0.0112167065674846,0.06858205229552738,0.920201241136988
25719,LOF,0.02085145242366956,0.06099892636018648,0.9181496212161441
25720,LOF,0.025026562435239614,0.05077451564424469,0.9241989219205157
25721,LOF,0.0132861672069463,0.08815898867709261,0.898554844115961
25722,LOF,0.01426119201907445,0.07699440211828597,0.9087444058626396
25723,LOF,0.026407673229429853,0.035134648466795,0.9384576783037751
25724,LOF,0.03395590426805226,0.05730823034501485,0.908735865386933
25725,LOF,0.011738963354957227,0.055767775873858456,0.9324932607711842
25726,LOF,0.01605801842896604,0.07175618378633095,0.9121857977847029
25727,LOF,0.012752877446560886,0.0585941986688963,0.9286529238845429
25728,LOF,0.009878029720626182,0.07856621474902481,0.9115557555303491
25729,LOF,0.01025826955883288,0.07551678006828587,0.9142249503728812
25730,LOF,0.013830723184908886,0.07534961194633015,0.910819664868761
25731,LOF,0.021590821349425065,0.07258915948158928,0.9058200191689857
25732,LOF,0.013659650807620945,0.048187206282334326,0.9381531429100448
25733,LOF,0.016805415521578142,0.05050626024692524,0.9326883242314965
25734,LOF,0.013051433459679863,0.09102351357466844,0.8959250529656517
25735,LOF,0.011492610257164911,0.06246757672790474,0.9260398130149304
25736,LOF,0.012568600511007423,0.08000241384264102,0.9074289856463515
25737,LOF,0.012000493971455166,0.06936160480553627,0.9186379012230087
25738,LOF,0.011883332603403173,0.07314930987238076,0.9149673575242161
25739,LOF,0.021480498184662317,0.059703308761710955,0.9188161930536267
25740,LOF,0.027882773749277494,0.08760785339612341,0.8845093728545991
25741,LOF,0.01606094698337038,0.08156490024677973,0.9023741527698499
25742,LOF,0.11025325463917135,0.05770255663631831,0.8320441887245105
25743,LOF,0.03778468629570139,0.059481148936114156,0.9027341647681845
25744,Neutral,0.5877281392530055,0.25622383385340924,0.15604802689358532
25745,LOF,0.061204323834029906,0.0879666912930559,0.8508289848729143
25746,LOF,0.04083392921170785,0.11064822475854755,0.8485178460297446
25747,LOF,0.022206849980622976,0.09283495577873288,0.8849581942406441
25748,LOF,0.12312484844140889,0.1466057576589164,0.7302693938996747
25749,LOF,0.02725336399930009,0.1104168587291741,0.8623297772715258
25750,LOF,0.06467013408377834,0.11491332860229561,0.820416537313926
25751,LOF,0.09254330507371676,0.16129249442009305,0.7461642005061901
25752,GOF,0.1190725469812708,0.6368625804643506,0.24406487255437867
25753,LOF,0.025052979582857064,0.2896938177809807,0.6852532026361623
25754,GOF,0.014486251207245506,0.7825134750205287,0.20300027377222574
25755,LOF,0.02629492401110955,0.36295357813789364,0.6107514978509968
25756,LOF,0.05219760752573534,0.3466130106137769,0.6011893818604876
25757,GOF,0.020876072675581836,0.853535137384009,0.12558878994040928
25758,GOF,0.028447689371326967,0.7955726003384865,0.17597971029018647
25759,GOF,0.011439573079097645,0.6088558857919619,0.3797045411289405
25760,LOF,0.015830046686297804,0.2986066645340526,0.6855632887796496
25761,GOF,0.2889085101769783,0.6288973825868175,0.08219410723620428
25762,LOF,0.04497623637202066,0.2819660232279785,0.6730577404000009
25763,LOF,0.015849356195139358,0.20523353425586957,0.7789171095489911
25764,GOF,0.07697968226309956,0.6402482999801933,0.2827720177567072
25765,GOF,0.03220067411821681,0.7562595444303957,0.2115397814513875
25766,GOF,0.07046978369709368,0.7786085319889718,0.1509216843139346
25767,GOF,0.15481583922760372,0.5398900667828225,0.3052940939895738
25768,LOF,0.1051054472019399,0.07078464898328235,0.8241099038147777
25769,LOF,0.045055109603650056,0.08006140969796745,0.8748834806983825
25770,LOF,0.3461153191152672,0.12063402587277612,0.5332506550119567
25771,LOF,0.05162081727848439,0.06173483155750864,0.886644351164007
25772,LOF,0.018972343556457688,0.05578857197222152,0.9252390844713207
25773,LOF,0.055270191165135305,0.09000490516724273,0.8547249036676219
25774,LOF,0.027217302100525476,0.11244754952478489,0.8603351483746897
25775,LOF,0.05654790799805823,0.06136182100483752,0.8820902709971041
25776,LOF,0.06600237164194436,0.033925266862711675,0.9000723614953441
25777,LOF,0.35207943746245823,0.09654771530611735,0.5513728472314244
25778,LOF,0.06429057552295071,0.05273337700285823,0.8829760474741911
25779,GOF,0.3960352456582034,0.5483052164709576,0.05565953787083899
25780,GOF,0.32563840634759894,0.5822695209919442,0.0920920726604568
25781,GOF,0.12463461428661637,0.7541586365012817,0.12120674921210182
25782,GOF,0.2028757248892072,0.7086479104714019,0.08847636463939099
25783,GOF,0.024801673494200177,0.6343621470688436,0.34083617943695627
25784,Neutral,0.5189668921417242,0.436758912831506,0.04427419502676985
25785,Neutral,0.47912570970314006,0.4727115767257468,0.048162713571113125
25786,GOF,0.031028468186863986,0.7144046931388162,0.2545668386743198
25787,Neutral,0.6693640278945934,0.2983806099139509,0.03225536219145583
25788,LOF,0.05678160484383301,0.08695435343449448,0.8562640417216726
25789,GOF,0.22003005067165968,0.6113526992237552,0.16861725010458517
25790,GOF,0.26768879318112954,0.6262842118943688,0.10602699492450163
25791,GOF,0.16319156034566368,0.6710809552042284,0.16572748445010776
25792,GOF,0.38947592436822753,0.49002682484146987,0.12049725079030267
25793,GOF,0.2766526130729524,0.4869937281148438,0.23635365881220372
25794,GOF,0.3285168977324311,0.4591418113073852,0.21234129096018378
25795,GOF,0.07371983682925794,0.6423958088794183,0.28388435429132386
25796,Neutral,0.5177232606487927,0.4048968173436189,0.07737992200758848
25797,GOF,0.08635229317083376,0.5356377861587148,0.3780099206704514
25798,LOF,0.009772976210944277,0.48348923909535474,0.5067377846937009
25799,LOF,0.0077390882678927886,0.4085776244919184,0.5836832872401888
25800,GOF,0.034228196883244355,0.5593472827369628,0.406424520379793
25801,GOF,0.24476800474860583,0.6336371585090964,0.12159483674229771
25802,GOF,0.05715972335473382,0.6540935823293564,0.28874669431590966
25803,GOF,0.037608405340696684,0.5369155569442756,0.42547603771502773
25804,GOF,0.036356703662380765,0.489721098560148,0.4739221977774712
25805,GOF,0.12378755238275613,0.5609957736473158,0.31521667396992814
25806,GOF,0.11864131732056292,0.5562544400195021,0.3251042426599351
25807,GOF,0.023457875461354017,0.6045938983873675,0.3719482261512784
25808,GOF,0.10674923493040171,0.5758407670136383,0.31740999805595993
25809,GOF,0.020166245859319372,0.5913207018470441,0.3885130522936365
25810,GOF,0.01912514878476725,0.584896005441085,0.39597884577414777
25811,Neutral,0.5077461407679144,0.41349682181503206,0.07875703741705353
25812,GOF,0.04214796845123285,0.5824156801182222,0.375436351430545
25813,Neutral,0.5515846542988062,0.33241858802413454,0.11599675767705923
25814,GOF,0.15659745014959475,0.6153892675102514,0.228013282340154
25815,GOF,0.2361302342204374,0.553183069392381,0.21068669638718157
25816,GOF,0.022702126003389573,0.6492069766860168,0.3280908973105936
25817,GOF,0.266502769981228,0.6018801532299786,0.13161707678879347
25818,GOF,0.054765887067704966,0.5395795368992647,0.4056545760330302
25819,GOF,0.3876272732121823,0.43682483087114793,0.17554789591666986
25820,GOF,0.20633018101576803,0.5560128290433911,0.23765698994084086
25821,GOF,0.06121635679962,0.6331557054640172,0.30562793773636276
25822,GOF,0.2261107542544298,0.511566895456099,0.26232235028947115
25823,GOF,0.035703352160584706,0.48761789414831697,0.4766787536910984
25824,GOF,0.07655882148433714,0.5062969405884612,0.41714423792720173
25825,GOF,0.031237775921672865,0.5146940415078315,0.45406818257049564
25826,GOF,0.012500949500005229,0.4969742408695027,0.49052480963049205
25827,GOF,0.023468978776451776,0.5722660061381961,0.40426501508535195
25828,LOF,0.014239601586411722,0.4875760947755466,0.4981843036380416
25829,GOF,0.006591741311506631,0.5109610507870044,0.48244720790148893
25830,LOF,0.04430941690914951,0.28330301144412534,0.6723875716467251
25831,GOF,0.19027669610907424,0.6630191283297991,0.14670417556112655
25832,GOF,0.03412073031145104,0.642260214087888,0.32361905560066084
25833,GOF,0.14006954850042136,0.6532588480621525,0.20667160343742627
25834,GOF,0.03758480294121057,0.6447364836964168,0.31767871336237263
25835,GOF,0.0887250212260748,0.6646713404084494,0.24660363836547575
25836,GOF,0.04664851907036527,0.6060804183777386,0.34727106255189616
25837,GOF,0.02195528852626634,0.5082467324754316,0.46979797899830195
25838,GOF,0.07563896345590644,0.7004484322296906,0.22391260431440296
25839,GOF,0.29900641276612344,0.5436409065876118,0.1573526806462649
25840,GOF,0.2378304151768128,0.5634556320177379,0.1987139528054495
25841,GOF,0.24421297780965834,0.5551644756470919,0.20062254654324965
25842,GOF,0.19810834352825069,0.612529681482395,0.18936197498935448
25843,GOF,0.2053095850651184,0.6496384596776825,0.14505195525719916
25844,GOF,0.05494688101249757,0.6169258690204805,0.32812724996702186
25845,LOF,0.013384710644468296,0.4587505578098942,0.5278647315456375
25846,GOF,0.11844689412801986,0.6893197168833416,0.19223338898863856
25847,GOF,0.13372824570276667,0.7087060122543235,0.1575657420429099
25848,GOF,0.03440573250146871,0.6285842177310172,0.337010049767514
25849,GOF,0.009989849355234474,0.529181234681482,0.4608289159632835
25850,GOF,0.024582701845140584,0.6085882609017601,0.36682903725309923
25851,GOF,0.016690616085199023,0.5139646631094675,0.46934472080533346
25852,GOF,0.17412568321674815,0.5507668387134554,0.2751074780697964
25853,GOF,0.34585356549704566,0.5659675488364051,0.0881788856665492
25854,GOF,0.02113922371137555,0.5697562592344853,0.40910451705413925
25855,GOF,0.038539645211428976,0.5297503249152196,0.43171002987335155
25856,GOF,0.24070923347745699,0.5031302180296068,0.25616054849293624
25857,LOF,0.03661015796712733,0.4593751018663065,0.5040147401665661
25858,GOF,0.01970171950267069,0.5493920276088061,0.4309062528885233
25859,GOF,0.011935795793354022,0.5261840675311581,0.46188013667548794
25860,GOF,0.3740374234331712,0.5305683485362315,0.09539422803059736
25861,GOF,0.41485941524341996,0.5018549620176783,0.08328562273890171
25862,GOF,0.10106930051360383,0.733854528361742,0.1650761711246541
25863,GOF,0.10624925867178459,0.7361219849509594,0.1576287563772561
25864,GOF,0.25104998268233114,0.6700337236629855,0.07891629365468343
25865,GOF,0.09999032166454482,0.7657690112966932,0.134240667038762
25866,GOF,0.06822795306393833,0.7644285863946898,0.16734346054137175
25867,GOF,0.0915113354225781,0.7878438480697911,0.1206448165076308
25868,GOF,0.2657480336912414,0.611300593944338,0.12295137236442064
25869,Neutral,0.7073164406751741,0.2479109420622015,0.04477261726262441
25870,LOF,0.3420559510160247,0.22436479047381921,0.4335792585101561
25871,GOF,0.23385838139926918,0.5723888031970228,0.193752815403708
25872,GOF,0.09343868123172708,0.6080550855497074,0.2985062332185655
25873,GOF,0.17068597648530554,0.5955215057858407,0.23379251772885373
25874,LOF,0.023663650521764088,0.11651830570669819,0.8598180437715377
25875,LOF,0.08860064074213152,0.04916233531218978,0.8622370239456787
25876,LOF,0.030530894625478516,0.04601893364532764,0.9234501717291937
25877,Neutral,0.5351281098317929,0.05696463769504673,0.4079072524731603
25878,LOF,0.22600275784346074,0.10223455952131803,0.6717626826352212
25879,LOF,0.09132959397530477,0.08744000297160988,0.8212304030530854
25880,LOF,0.025522226763888132,0.024106622626094764,0.9503711506100172
25881,LOF,0.1770610305686238,0.16225760106472123,0.6606813683666549
25882,LOF,0.07557826887415756,0.01983983875316739,0.9045818923726752
25883,LOF,0.07877056339565108,0.02763603281092247,0.8935934037934266
25884,LOF,0.04173822046461696,0.041950018551321445,0.9163117609840616
25885,LOF,0.06725476555761223,0.014701019642743285,0.9180442147996444
25886,LOF,0.3251596258778892,0.047633842631218615,0.6272065314908922
25887,LOF,0.17903578267882622,0.08629266614453358,0.7346715511766402
25888,LOF,0.07431362236082978,0.07340435655947469,0.8522820210796955
25889,LOF,0.05451569731655222,0.028426993006732328,0.9170573096767155
25890,LOF,0.047724343487981484,0.13022152055248054,0.8220541359595379
25891,LOF,0.03850630964203384,0.06483524584290742,0.8966584445150587
25892,LOF,0.10582156645981552,0.020657588112503494,0.873520845427681
25893,LOF,0.2745411163428428,0.016559759271611102,0.7088991243855461
25894,LOF,0.16222088204855226,0.009409294365896052,0.8283698235855517
25895,LOF,0.187836887883905,0.019579918319279827,0.7925831937968151
25896,LOF,0.04814486296984259,0.021557991459064747,0.9302971455710927
25897,LOF,0.23433208068506153,0.013288995299730464,0.752378924015208
25898,Neutral,0.7337492934896065,0.009927535216275209,0.25632317129411836
25899,LOF,0.26204270274042607,0.026573201888761996,0.7113840953708118
25900,LOF,0.4386467023529586,0.01612018900334827,0.5452331086436932
25901,LOF,0.05714655292596006,0.012114634631238796,0.9307388124428012
25902,LOF,0.18332116182026859,0.011201452498893554,0.8054773856808378
25903,Neutral,0.5061315888192879,0.028800134316554555,0.4650682768641576
25904,LOF,0.274130327289642,0.05193728268850707,0.673932390021851
25905,LOF,0.02590985234763583,0.2916047485893158,0.6824853990630484
25906,LOF,0.021024441695201602,0.06185862347061833,0.9171169348341801
25907,LOF,0.016004576456792183,0.31812028078144294,0.665875142761765
25908,LOF,0.011408693189651185,0.21665957654688314,0.7719317302634657
25909,LOF,0.014765723847886712,0.11550153104792815,0.8697327451041851
25910,LOF,0.0483342548700363,0.09673786665087118,0.8549278784790925
25911,LOF,0.1348803365330157,0.03832746323471592,0.8267922002322684
25912,LOF,0.04271360129456892,0.0539799325317965,0.9033064661736345
25913,LOF,0.2875589694764508,0.02529993134755085,0.6871410991759984
25914,LOF,0.024550562160963414,0.11060441396479301,0.8648450238742437
25915,Neutral,0.4472803813557306,0.2694237454553625,0.283295873188907
25916,LOF,0.06926836746990947,0.2869964848687442,0.6437351476613463
25917,LOF,0.0668704185584349,0.061039324478537126,0.872090256963028
25918,LOF,0.03183937505664812,0.0564302301719771,0.9117303947713747
25919,LOF,0.026731863200478944,0.06198633532449855,0.9112818014750226
25920,GOF,0.08359531780515579,0.5346232925618092,0.38178138963303515
25921,LOF,0.032501588153983026,0.02039337667303947,0.9471050351729774
25922,LOF,0.043062715341135406,0.013421859340354584,0.9435154253185101
25923,LOF,0.37565358157926515,0.018301421896367017,0.6060449965243677
25924,LOF,0.04309239021317176,0.02850140758165413,0.9284062022051741
25925,LOF,0.06437330725652675,0.02393084067047202,0.9116958520730012
25926,LOF,0.04595699044862796,0.01817973841554137,0.9358632711358307
25927,LOF,0.07002520542815162,0.05724787705678429,0.8727269175150641
25928,LOF,0.023480028253213586,0.029560673327355097,0.9469592984194313
25929,Neutral,0.5171229367548869,0.019736289691320918,0.4631407735537923
25930,LOF,0.054991548684835447,0.01543652758216336,0.9295719237330012
25931,LOF,0.030934850212865125,0.020255157770616917,0.948809992016518
25932,LOF,0.027761161913742515,0.01720189095704126,0.9550369471292162
25933,LOF,0.038849809902267954,0.010057363189479291,0.9510928269082527
25934,LOF,0.02426910145419341,0.011899921087943886,0.9638309774578627
25935,LOF,0.06372669258879561,0.02848247495516434,0.9077908324560401
25936,LOF,0.04761770365732633,0.013815901442584738,0.938566394900089
25937,LOF,0.030722438469478263,0.02684093104489038,0.9424366304856312
25938,LOF,0.060650254806627814,0.030700355339962633,0.9086493898534096
25939,LOF,0.03953767119399835,0.010909770539568734,0.9495525582664329
25940,LOF,0.0270931578583878,0.3583039689696682,0.6146028731719441
25941,LOF,0.1672664526002567,0.08586534995663855,0.7468681974431047
25942,LOF,0.017829276922852712,0.0340432301589917,0.9481274929181557
25943,LOF,0.29934161244719315,0.06250950564411394,0.6381488819086928
25944,Neutral,0.48510705151512196,0.036008016431002675,0.47888493205387545
25945,LOF,0.07829337074205538,0.024616650769729992,0.8970899784882146
25946,LOF,0.02713186568465893,0.12675013934999646,0.8461179949653446
25947,LOF,0.12140108240731735,0.1782462788065582,0.7003526387861245
25948,LOF,0.41445179251544945,0.017975282562789744,0.5675729249217608
25949,LOF,0.09642373477962551,0.07564989042454308,0.8279263747958313
25950,GOF,0.2821770586167448,0.4038779202563286,0.31394502112692657
25951,LOF,0.24013010444591473,0.22895451281665538,0.5309153827374299
25952,LOF,0.055296471033537666,0.43884389265520296,0.5058596363112594
25953,LOF,0.15623495169837387,0.10050865883886276,0.7432563894627633
25954,Neutral,0.4084080179443036,0.1853824268097134,0.40620955524598296
25955,LOF,0.071796762214868,0.06884183569621159,0.8593614020889204
25956,LOF,0.19150248960400734,0.08461890362660007,0.7238786067693926
25957,LOF,0.03729076405763739,0.03266435002066273,0.9300448859216999
25958,LOF,0.05664924030255839,0.028788895955679163,0.9145618637417625
25959,LOF,0.076656772800805,0.30147078487649287,0.6218724423227021
25960,LOF,0.021798543241427444,0.0590149645429887,0.9191864922155838
25961,LOF,0.0471898176377467,0.035263658915688306,0.917546523446565
25962,LOF,0.06191775501869731,0.04194687274560438,0.8961353722356984
25963,LOF,0.043558355597471975,0.20025308550031243,0.7561885589022155
25964,LOF,0.031464084985224856,0.14961967135445678,0.8189162436603183
25965,LOF,0.41423438965270093,0.07892028429103783,0.5068453260562612
25966,LOF,0.4165425741753276,0.15071072952419823,0.43274669630047424
25967,LOF,0.013107925427693132,0.06662621584405955,0.9202658587282472
25968,GOF,0.035923392304363526,0.5013744727994183,0.46270213489621825
25969,LOF,0.021210550159288955,0.06966397617426565,0.9091254736664455
25970,LOF,0.05750806845962766,0.06193552522797718,0.8805564063123952
25971,LOF,0.07841803043293254,0.01547794952395637,0.9061040200431112
25972,LOF,0.08134653030045544,0.023686025159128564,0.894967444540416
25973,LOF,0.10125747846849502,0.007449750798210879,0.8912927707332942
25974,LOF,0.21686209619937008,0.02051231811653109,0.7626255856840988
25975,LOF,0.04924923853766764,0.029499017519968737,0.9212517439423636
25976,LOF,0.0485136704891605,0.01666888667146683,0.9348174428393727
25977,LOF,0.1369942697677995,0.09624372082694578,0.7667620094052546
25978,LOF,0.11212125512720367,0.06436868669440568,0.8235100581783906
25979,LOF,0.11421153870108224,0.06014738581076459,0.8256410754881532
25980,LOF,0.13649991801523448,0.07936940664215757,0.7841306753426079
25981,LOF,0.16626916196247904,0.07784361616781814,0.7558872218697028
25982,LOF,0.369390441384336,0.050726050748906515,0.5798835078667575
25983,LOF,0.37306987886609,0.050960489952043664,0.5759696311818663
25984,LOF,0.05266232095552828,0.0768255319585797,0.870512147085892
25985,LOF,0.023818816778095362,0.26015455122740544,0.7160266319944992
25986,LOF,0.037507488615295945,0.2812117260223911,0.681280785362313
25987,LOF,0.07070046182268701,0.09016635280150177,0.8391331853758112
25988,LOF,0.11411811049905132,0.07598334583284298,0.8098985436681057
25989,LOF,0.0291203317513066,0.14681365233219665,0.8240660159164968
25990,LOF,0.034781288456918275,0.1744309916718712,0.7907877198712104
25991,GOF,0.20911350323444333,0.4189640533174603,0.3719224434480964
25992,Neutral,0.3955045580352849,0.2369918333721776,0.36750360859253756
25993,LOF,0.02527146924260673,0.07965938832414816,0.8950691424332451
25994,LOF,0.017441265186438293,0.11852019607208233,0.8640385387414794
25995,LOF,0.026856051032299117,0.20897515165365765,0.7641687973140433
25996,GOF,0.26920570133885036,0.5697045665027525,0.16108973215839714
25997,GOF,0.1108883757502494,0.5774049054767117,0.3117067187730389
25998,Neutral,0.5426839818445153,0.015844513825850795,0.441471504329634
25999,LOF,0.11804615792911909,0.14531269233216093,0.73664114973872
26000,LOF,0.15698646959448861,0.03493421966455647,0.8080793107409548
26001,LOF,0.18454945755758442,0.03805397898841073,0.7773965634540048
26002,LOF,0.17168878979326396,0.03268463945408339,0.7956265707526526
26003,GOF,0.008608342801597382,0.6594039999197819,0.33198765727862056
26004,GOF,0.025231437436047315,0.715180119260552,0.2595884433034007
26005,GOF,0.008180396256666701,0.5204266719635386,0.47139293177979463
26006,Neutral,0.4834828130373928,0.29796080473447284,0.21855638222813437
26007,GOF,0.015898426227238704,0.5587521883798486,0.42534938539291256
26008,GOF,0.018306782875644648,0.5989067335361826,0.3827864835881727
26009,GOF,0.022240584212202267,0.6530299689739538,0.3247294468138439
26010,GOF,0.023057727055026313,0.6609868970931262,0.3159553758518476
26011,GOF,0.007936702394853152,0.5331490643900496,0.4589142332150972
26012,GOF,0.015200246390704015,0.6061592037595569,0.37864054984973916
26013,GOF,0.019200728877546466,0.6623901941835055,0.31840907693894793
26014,LOF,0.05326680206751657,0.14544622471761048,0.8012869732148729
26015,LOF,0.18506422786766827,0.015640143231776947,0.7992956289005548
26016,LOF,0.23276561169042273,0.05578829290512128,0.7114460954044559
26017,LOF,0.19252145819763666,0.09510778403692607,0.7123707577654371
26018,LOF,0.08950662951820719,0.05989081392051296,0.8506025565612798
26019,LOF,0.0840995128717684,0.04211209907755514,0.8737883880506765
26020,LOF,0.05667909103228669,0.1388862597296522,0.8044346492380611
26021,LOF,0.04945477352149767,0.15598289193473072,0.7945623345437716
26022,LOF,0.011963549587868405,0.07280849421732032,0.9152279561948113
26023,LOF,0.11775778234206667,0.03960176498795657,0.8426404526699768
26024,LOF,0.02995919924052258,0.14420073374605352,0.8258400670134238
26025,LOF,0.12878680693643782,0.13421825922344793,0.7369949338401142
26026,LOF,0.3102643911741926,0.031245140109927308,0.6584904687158801
26027,LOF,0.0833547174152582,0.03018815783654524,0.8864571247481966
26028,LOF,0.1458526444120314,0.09623735263076083,0.7579100029572078
26029,LOF,0.07586497459580042,0.13505148083251933,0.7890835445716802
26030,LOF,0.026836489036622113,0.05232944351759549,0.9208340674457823
26031,LOF,0.03262060241477263,0.1085780645754097,0.8588013330098178
26032,LOF,0.07657637661811098,0.053855267595048606,0.8695683557868404
26033,LOF,0.12273559834195248,0.062038733191039704,0.8152256684670077
26034,LOF,0.049884392431050854,0.11255752993431653,0.8375580776346325
26035,LOF,0.032572882735962094,0.09803791044153061,0.8693892068225073
26036,LOF,0.046988229842001225,0.11432846549192262,0.8386833046660762
26037,LOF,0.02858661035366562,0.08660880900010626,0.8848045806462281
26038,LOF,0.07320756780507694,0.052586613175027073,0.874205819019896
26039,LOF,0.06721569706790528,0.10599686210479137,0.8267874408273035
26040,LOF,0.20891070394680616,0.09593749625088138,0.6951517998023123
26041,LOF,0.02836112327469921,0.08210552738545947,0.8895333493398414
26042,LOF,0.02690018681928461,0.0813967774821854,0.8917030356985299
26043,LOF,0.07209866165240526,0.06551363537162734,0.8623877029759675
26044,LOF,0.022871658351015116,0.06458602107968416,0.9125423205693008
26045,LOF,0.08459077926510546,0.07933644777060599,0.8360727729642885
26046,LOF,0.07600416371687317,0.06717326806558126,0.8568225682175457
26047,LOF,0.10959998407742293,0.07410706374111088,0.8162929521814661
26048,LOF,0.053659361619666224,0.05417708288931485,0.8921635554910189
26049,Neutral,0.9557068723767163,0.007004412147967882,0.037288715475315835
26050,Neutral,0.9389811806176155,0.008374770005252451,0.052644049377131956
26051,LOF,0.045979903086339716,0.32059014527016505,0.6334299516434952
26052,LOF,0.06931727355511226,0.29213383081427374,0.6385488956306141
26053,LOF,0.05633130892221359,0.15567682243087022,0.7879918686469163
26054,LOF,0.06009821792020734,0.032360986024772956,0.9075407960550197
26055,LOF,0.07652998088576547,0.021947710677054907,0.9015223084371795
26056,LOF,0.06281139841683618,0.025639628641934538,0.9115489729412293
26057,LOF,0.0326285204165365,0.014262015563159485,0.953109464020304
26058,LOF,0.03350517480967986,0.012914219872417408,0.9535806053179028
26059,LOF,0.28971499550114904,0.03963505151629068,0.6706499529825602
26060,LOF,0.030218976241208093,0.2400616344995366,0.7297193892592553
26061,LOF,0.019969146159873656,0.015796333633187574,0.9642345202069388
26062,LOF,0.011998699917537593,0.024276575535900773,0.9637247245465616
26063,LOF,0.02195356828480304,0.015388660839403606,0.9626577708757933
26064,LOF,0.02711771483101499,0.024502179524333003,0.9483801056446521
26065,LOF,0.02581912502839646,0.01626973843761944,0.9579111365339841
26066,LOF,0.020399675043954606,0.01457507575942641,0.9650252491966189
26067,LOF,0.026076296943638277,0.010857863916275622,0.9630658391400861
26068,LOF,0.0505804054319954,0.04949134060450256,0.899928253963502
26069,LOF,0.2644483077212945,0.02663530442869925,0.7089163878500063
26070,LOF,0.403807379329925,0.020960675271434207,0.5752319453986409
26071,LOF,0.02219825598524316,0.016568332734860487,0.9612334112798964
26072,LOF,0.02277583702704778,0.021869578897652328,0.9553545840752998
26073,LOF,0.024617174377141914,0.015490145407960664,0.9598926802148974
26074,Neutral,0.9158560381037459,0.007603238121382207,0.07654072377487198
26075,LOF,0.044264923596220696,0.02063967117009889,0.9350954052336805
26076,LOF,0.046112569935540026,0.011943166328857934,0.941944263735602
26077,LOF,0.009652044116042006,0.021641295449041698,0.9687066604349164
26078,LOF,0.014850671090155854,0.01476357465401974,0.9703857542558243
26079,LOF,0.054232393517883636,0.02484736633308591,0.9209202401490304
26080,LOF,0.05311560004204456,0.024952948500699082,0.9219314514572563
26081,LOF,0.03836757969427969,0.009412055044180384,0.95222036526154
26082,LOF,0.018706196329795127,0.023374430077350527,0.9579193735928544
26083,LOF,0.144341405754002,0.018556532360436848,0.8371020618855612
26084,LOF,0.027647711830211343,0.018648068261238316,0.9537042199085503
26085,LOF,0.022176457440653493,0.01768286107787291,0.9601406814814735
26086,LOF,0.02528735790094505,0.0142060542782374,0.9605065878208175
26087,LOF,0.025261566198728137,0.010228964326409464,0.9645094694748625
26088,LOF,0.017588105986539447,0.027923790289654714,0.9544881037238059
26089,LOF,0.04587684570040671,0.03200233634312128,0.922120817956472
26090,LOF,0.04368839164330133,0.02555391300688145,0.9307576953498172
26091,LOF,0.04261382149033289,0.00907860605165991,0.9483075724580072
26092,LOF,0.026578302450358995,0.012013349776098706,0.9614083477735422
26093,LOF,0.039197685557407776,0.00894901232112425,0.9518533021214679
26094,LOF,0.04248495602004955,0.009806402430939672,0.9477086415490108
26095,LOF,0.06078848337331734,0.02085117836759791,0.9183603382590848
26096,LOF,0.02153158541687004,0.017877556936306997,0.960590857646823
26097,LOF,0.009807295921421003,0.05498840990134498,0.9352042941772339
26098,LOF,0.07399222025211655,0.017522809541562635,0.9084849702063209
26099,LOF,0.023712704750082834,0.020037293793315623,0.9562500014566017
26100,LOF,0.025794773893625472,0.018808878705484137,0.9553963474008904
26101,LOF,0.05892037122569283,0.01832961837146038,0.9227500104028468
26102,LOF,0.02632864320199355,0.01815621634651374,0.9555151404514927
26103,Neutral,0.8827889930201308,0.02866494405374985,0.08854606292611952
26104,LOF,0.0705464773365484,0.045905065365434115,0.8835484572980175
26105,LOF,0.2492318227868732,0.2722940094780363,0.47847416773509066
26106,LOF,0.16773570608116062,0.15543885772531033,0.6768254361935291
26107,LOF,0.2580468971707619,0.09991275787306873,0.6420403449561694
26108,LOF,0.2519590248204892,0.1274919941064805,0.6205489810730304
26109,LOF,0.07241176300619473,0.11862552473643541,0.8089627122573698
26110,LOF,0.2232108125869463,0.009256383177683607,0.7675328042353701
26111,LOF,0.44215718247085917,0.023412297713586393,0.5344305198155545
26112,LOF,0.03438118057533761,0.010456444879786123,0.9551623745448763
26113,LOF,0.050751531995237256,0.01965795723434045,0.9295905107704224
26114,LOF,0.02155654037156713,0.023474052617774827,0.954969407010658
26115,LOF,0.07695783028405088,0.04721399098296615,0.875828178732983
26116,LOF,0.05916363007862537,0.03711922460551208,0.9037171453158627
26117,LOF,0.40871821639281974,0.056421873603787094,0.5348599100033932
26118,LOF,0.04017737593824531,0.02882127985292792,0.9310013442088267
26119,LOF,0.0235811298115001,0.041901114477409226,0.9345177557110906
26120,LOF,0.030559891704168545,0.02498878265768541,0.944451325638146
26121,LOF,0.06094962807814887,0.08726889143489146,0.8517814804869598
