feature0,prediction,LoGoFunc_Neutral,LoGoFunc_GOF,LoGoFunc_LOF
25546,Neutral,0.6405755833757614,0.06122396945621685,0.29820044716802174
25547,Neutral,0.4821454802501343,0.10690857806076352,0.4109459416891022
25548,Neutral,0.5056222365601694,0.09184625314789349,0.4025315102919372
25549,LOF,0.4210309606852535,0.09440285637368098,0.4845661829410655
25550,LOF,0.34992328972811043,0.12805653437805878,0.5220201758938308
25551,LOF,0.3110280043136393,0.14034248767096003,0.5486295080154007
25552,LOF,0.26041912087080354,0.13146049903158333,0.6081203800976133
25553,Neutral,0.8146349936586587,0.047183855733791906,0.13818115060754943
25554,LOF,0.30124450744163045,0.12102242958054094,0.5777330629778288
25555,LOF,0.24897347297138803,0.11637552239535666,0.6346510046332553
25556,Neutral,0.4524186258250568,0.11091188319470355,0.4366694909802396
25557,LOF,0.23634214197417175,0.12481402504622618,0.638843832979602
25558,LOF,0.3047713387918518,0.12276726671300343,0.5724613944951447
25559,LOF,0.18679937496067242,0.14800147038359782,0.6651991546557298
25560,LOF,0.1548433646416294,0.09211021669492332,0.7530464186634471
25561,LOF,0.15036774771015685,0.10130510555332758,0.7483271467365156
25562,LOF,0.07575156262989564,0.06517122671465164,0.8590772106554527
25563,LOF,0.021798442907410714,0.1290348598494144,0.849166697243175
25564,LOF,0.20158293421814846,0.10885018279495759,0.6895668829868941
25565,LOF,0.20771045684017742,0.14059906998664615,0.6516904731731764
25566,GOF,0.09232204420686982,0.7055199258667721,0.20215802992635806
25567,LOF,0.03358187236054611,0.12371565558494077,0.8427024720545131
25568,LOF,0.060820532566709044,0.06272205654220704,0.876457410891084
25569,LOF,0.05966000847304013,0.06514919901678276,0.8751907925101771
25570,LOF,0.026142659928121325,0.08395521620706342,0.8899021238648152
25571,LOF,0.024913794941504207,0.08761147479421108,0.8874747302642847
25572,LOF,0.06038503185334919,0.0987316465723868,0.840883321574264
25573,LOF,0.057501349930759046,0.07921803135605453,0.8632806187131864
25574,LOF,0.05613914924246238,0.1723839734473254,0.7714768773102122
25575,LOF,0.020852944340642346,0.09829940644163548,0.8808476492177221
25576,LOF,0.03311753445761366,0.12619286431253862,0.8406896012298477
25577,LOF,0.03085335420927312,0.09629412506152661,0.8728525207292002
25578,LOF,0.2814600364028697,0.0747490831846024,0.6437908804125279
25579,LOF,0.13239570736032544,0.07885925147996511,0.7887450411597094
25580,LOF,0.01834715209300053,0.06879478292958471,0.9128580649774147
25581,LOF,0.05480914850515815,0.06024882174454219,0.8849420297502997
25582,LOF,0.05457156998898938,0.05961436456779887,0.8858140654432117
25583,LOF,0.01858952244060219,0.0709448393133889,0.9104656382460089
25584,Neutral,0.6933252264486894,0.09197093410672393,0.21470383944458654
25585,LOF,0.029437729822214494,0.10688454810997759,0.8636777220678079
25586,LOF,0.017207171777140574,0.05530642256908789,0.9274864056537716
25587,LOF,0.016368548222001844,0.0520505918258333,0.9315808599521649
25588,LOF,0.01929478689120324,0.05914864301435228,0.9215565700944445
25589,Neutral,0.5259530263984433,0.18666195781241293,0.2873850157891438
25590,LOF,0.045691568230118565,0.0950396013407662,0.8592688304291152
25591,LOF,0.09318694924220824,0.051414662773294866,0.855398387984497
25592,LOF,0.05121401841539625,0.1077375203068648,0.8410484612777389
25593,LOF,0.12882210421885273,0.21765397526701472,0.6535239205141326
25594,LOF,0.047315202979195614,0.11259780547863862,0.8400869915421657
25595,LOF,0.04787355990545962,0.07728098598486485,0.8748454541096755
25596,LOF,0.10911353937061057,0.04491489097408474,0.8459715696553047
25597,LOF,0.08190900393952324,0.0529943440094293,0.8650966520510475
25598,LOF,0.05082967278220005,0.08146708566890229,0.8677032415488976
25599,GOF,0.021879681973824783,0.5319384640713206,0.44618185395485455
25600,GOF,0.15593213553311874,0.5094947669104588,0.3345730975564224
25601,LOF,0.03863015098783003,0.42774218696933813,0.5336276620428319
25602,LOF,0.029505660460912422,0.06479678563029043,0.9056975539087971
25603,LOF,0.029001889587019037,0.037903799585876134,0.9330943108271049
25604,LOF,0.03223861700152043,0.0758386578756319,0.8919227251228478
25605,LOF,0.03325473460342582,0.2182307568437967,0.7485145085527776
25606,LOF,0.4066802318035684,0.13317692072019013,0.4601428474762414
25607,LOF,0.022972009760212842,0.19554530357655103,0.7814826866632361
25608,LOF,0.03264746913554414,0.06613196645095765,0.9012205644134983
25609,GOF,0.1558522630860948,0.49312947363832216,0.3510182632755831
25610,LOF,0.014089291661804795,0.028753709511854762,0.9571569988263404
25611,LOF,0.013146993603661178,0.03357044647484348,0.9532825599214955
25612,LOF,0.048561541148984054,0.042111654054320595,0.9093268047966954
25613,LOF,0.04558201079421821,0.045890005827655456,0.9085279833781262
25614,LOF,0.01956922173933703,0.027876791116845885,0.9525539871438171
25615,LOF,0.04379871624015339,0.037669398215171505,0.9185318855446751
25616,LOF,0.04468019842301222,0.03025890703584068,0.9250608945411471
25617,LOF,0.03927270607559578,0.03794161191101624,0.922785682013388
25618,LOF,0.047347692585547614,0.0372076604416882,0.9154446469727641
25619,LOF,0.013563774549418551,0.033485996880180884,0.9529502285704007
25620,LOF,0.061975666308233306,0.04412323811857126,0.8939010955731955
25621,LOF,0.0519727548789958,0.03593807798063565,0.9120891671403686
25622,LOF,0.05930474337319184,0.033118623841909216,0.9075766327848989
25623,LOF,0.06954312489874445,0.030208636143510333,0.9002482389577451
25624,LOF,0.016705842947293326,0.03694161567435987,0.9463525413783468
25625,LOF,0.06418684159007461,0.0402515332657706,0.8955616251441547
25626,LOF,0.04526075409257716,0.04512663510745798,0.9096126107999649
25627,Neutral,0.8891508012664792,0.0217133983473723,0.08913580038614854
25628,LOF,0.12986797849892287,0.07037568167095483,0.7997563398301223
25629,LOF,0.06095838077199825,0.045985923603398225,0.8930556956246035
25630,LOF,0.2691341835205245,0.08618552718662938,0.6446802892928462
25631,Neutral,0.5405735480365719,0.07123782811288792,0.38818862385054015
25632,LOF,0.02902818270010386,0.06011181278956464,0.9108600045103316
25633,LOF,0.21360819814468948,0.03294276524856698,0.7534490366067434
25634,LOF,0.03511454865333728,0.07283031357907749,0.8920551377675853
25635,LOF,0.03559847283416628,0.039474252002800886,0.924927275163033
25636,LOF,0.03380891581985957,0.47996777514148264,0.48622330903865774
25637,GOF,0.05904908232735855,0.5270538324759826,0.41389708519665896
25638,LOF,0.031180323044280447,0.33464717383257114,0.6341725031231483
25639,LOF,0.02944594985032562,0.37733774101618717,0.5932163091334873
25640,Neutral,0.8255479098538411,0.13010615146030444,0.044345938685854534
25641,LOF,0.05880556377528814,0.421182308576077,0.5200121276486347
25642,LOF,0.04025427848141642,0.14315852208458674,0.8165871994339967
25643,LOF,0.20567515934887787,0.1516848087720399,0.6426400318790824
25644,LOF,0.021680887709705096,0.4492694083163565,0.5290497039739385
25645,LOF,0.021849110915774822,0.4135581223054615,0.5645927667787637
25646,LOF,0.04759140865316562,0.33184391886596876,0.6205646724808656
25647,LOF,0.02385805602394113,0.2516885270809761,0.7244534168950827
25648,LOF,0.03183009113638642,0.2414809433505742,0.7266889655130394
25649,LOF,0.015412560443227523,0.24172244133419593,0.7428649982225766
25650,LOF,0.05001868115374321,0.40388161986594934,0.5460996989803075
25651,LOF,0.01631358398347125,0.273720111805927,0.7099663042106018
25652,LOF,0.03082291482424358,0.2675057049172814,0.701671380258475
25653,LOF,0.08498385963778231,0.40003711618168325,0.5149790241805344
25654,LOF,0.023488828211400515,0.20378285168037913,0.7727283201082203
25655,LOF,0.21417721225346925,0.3870793917574132,0.3987433959891175
25656,LOF,0.2759920874865893,0.05154371429328539,0.6724641982201254
25657,LOF,0.0746058455241754,0.05272384833803889,0.8726703061377858
25658,LOF,0.3910652543096116,0.05232611829916258,0.5566086273912259
25659,Neutral,0.53153621148456,0.07749954821891224,0.39096424029652777
25660,LOF,0.026019157024062732,0.08416490920763414,0.889815933768303
25661,LOF,0.09648966872796871,0.06058729904618271,0.8429230322258486
25662,LOF,0.032070813182773564,0.032625622584137086,0.9353035642330894
25663,LOF,0.04205159856253381,0.04260384322895856,0.9153445582085077
25664,LOF,0.14191144729691937,0.05626344786274156,0.8018251048403391
25665,LOF,0.05411510802132842,0.03274082446792855,0.9131440675107431
25666,LOF,0.09249537430870693,0.07121714664466759,0.8362874790466254
25667,LOF,0.06471314104622407,0.034925184078631634,0.9003616748751442
25668,LOF,0.039007949542074795,0.04852589905011406,0.9124661514078112
25669,LOF,0.034505341098008964,0.05346714378803839,0.9120275151139526
25670,LOF,0.13771623755870266,0.04965573717359514,0.8126280252677022
25671,LOF,0.10012255469609006,0.032171729575187796,0.8677057157287222
25672,LOF,0.051942186034713504,0.04335358362827597,0.9047042303370105
25673,LOF,0.08622055959722409,0.03805215756572452,0.8757272828370514
25674,LOF,0.07222036715850619,0.0483825742256893,0.8793970586158044
25675,LOF,0.12392777775496423,0.04657958950809174,0.8294926327369441
25676,LOF,0.017347933189394604,0.05141086684259988,0.9312411999680056
25677,LOF,0.02633516139096091,0.06811306268872183,0.9055517759203173
25678,LOF,0.19051985774474467,0.05757830089415835,0.751901841361097
25679,LOF,0.13115950392623218,0.08391377996071414,0.7849267161130536
25680,LOF,0.02966083092840882,0.11345007343346056,0.8568890956381306
25681,LOF,0.046553737520153154,0.10799695669565244,0.8454493057841943
25682,LOF,0.1425215798051403,0.06491876325056915,0.7925596569442905
25683,LOF,0.12160504494101611,0.09560192314656428,0.7827930319124197
25684,LOF,0.04343295130170473,0.06811169894167514,0.8884553497566202
25685,LOF,0.13303687855779456,0.05029415970660813,0.8166689617355972
25686,LOF,0.06954860023432173,0.09644226302991009,0.8340091367357683
25687,LOF,0.11686877140604762,0.08760117879878111,0.7955300497951713
25688,LOF,0.31962406453798636,0.03652881442652551,0.643847121035488
25689,LOF,0.24269525463079064,0.04047559642007869,0.7168291489491306
25690,LOF,0.35318168387557136,0.02971492964776121,0.6171033864766675
25691,Neutral,0.6917255667500675,0.02340142285062827,0.28487301039930424
25692,LOF,0.31170274444365215,0.01079088920765849,0.6775063663486893
25693,LOF,0.04798622524511915,0.465329866635856,0.486683908119025
25694,LOF,0.11918985589463486,0.019000056080791777,0.8618100880245734
25695,LOF,0.11808342529357779,0.017313394332082916,0.8646031803743393
25696,LOF,0.10721004369278556,0.009722981350707142,0.8830669749565072
25697,LOF,0.11976723907161203,0.027290217246416084,0.852942543681972
25698,LOF,0.33510133981521784,0.2141413179768277,0.4507573422079545
25699,LOF,0.41880695309234306,0.04015926574997621,0.5410337811576806
25700,LOF,0.05237770156369405,0.007531088607973067,0.9400912098283329
25701,LOF,0.12785527339317115,0.054571507725795186,0.8175732188810336
25702,GOF,0.17922536004215905,0.5642791228390244,0.2564955171188166
25703,LOF,0.01576017347110681,0.1791011810937539,0.8051386454351394
25704,LOF,0.04510183128710896,0.12812301293016404,0.8267751557827271
25705,LOF,0.05526183939522149,0.2121669817501404,0.7325711788546381
25706,LOF,0.09159982149896677,0.420456475157473,0.48794370334356013
25707,LOF,0.089960658503197,0.3282474631891339,0.5817918783076692
25708,LOF,0.03020233767674964,0.27560467936346483,0.6941929829597855
25709,LOF,0.061211057619942943,0.04185293109446516,0.896936011285592
25710,LOF,0.011964146457316752,0.1318959900522148,0.8561398634904683
25711,LOF,0.018532799652820325,0.10588525145288741,0.8755819488942922
25712,LOF,0.013317182802953884,0.17879359922063565,0.8078892179764103
25713,LOF,0.01845123602427078,0.08437381005886883,0.8971749539168603
25714,LOF,0.06855577086595178,0.08556354062129765,0.8458806885127506
25715,LOF,0.010404477949401358,0.15219310751850007,0.8374024145320985
25716,LOF,0.014582035293842355,0.11886970570139498,0.8665482590047627
25717,LOF,0.013915878259107874,0.07487636299248607,0.9112077587484061
25718,LOF,0.012731889305877315,0.1039181795194922,0.8833499311746305
25719,LOF,0.019378165731491315,0.07785082368135565,0.902771010587153
25720,LOF,0.022557689542014654,0.07147672833032381,0.9059655821276615
25721,LOF,0.014890259573401373,0.11640714082899382,0.8687025995976048
25722,LOF,0.013608777110803173,0.13930862400570723,0.8470825988834896
25723,LOF,0.022877914640795395,0.046506706043955175,0.9306153793152495
25724,LOF,0.021646543925832665,0.08779506327644594,0.8905583927977213
25725,LOF,0.01185846009752591,0.06851628834732505,0.9196252515551491
25726,LOF,0.014718257533892505,0.10294166870348864,0.8823400737626188
25727,LOF,0.013123001571613861,0.07894049589281288,0.9079365025355732
25728,LOF,0.009388841052512246,0.1216248819030484,0.8689862770444394
25729,LOF,0.009676646089198397,0.11994481722904053,0.870378536681761
25730,LOF,0.013292379046260912,0.08851836844633243,0.8981892525074067
25731,LOF,0.02066621506872167,0.10304626642219375,0.8762875185090846
25732,LOF,0.014368314297364364,0.0935828006982187,0.8920488850044169
25733,LOF,0.016125739325421735,0.07446957052035291,0.9094046901542254
25734,LOF,0.013734540339570424,0.11693947331445191,0.8693259863459776
25735,LOF,0.01314301581469151,0.08808563622355638,0.8987713479617522
25736,LOF,0.014231298971758385,0.10967713951451923,0.8760915615137225
25737,LOF,0.02159347565931538,0.08392621873283623,0.8944803056078484
25738,LOF,0.012828941904564984,0.11460409411674793,0.872566963978687
25739,LOF,0.01972832422857397,0.08905458591694779,0.8912170898544783
25740,LOF,0.02572546658136493,0.10782250468626345,0.8664520287323716
25741,LOF,0.014453048758922891,0.11354789473454421,0.8719990565065328
25742,LOF,0.11048853493661995,0.08642322279925309,0.803088242264127
25743,LOF,0.035545592110996595,0.030070558989746327,0.9343838488992571
25744,Neutral,0.5955241340555514,0.2152437779338152,0.18923208801063335
25745,LOF,0.08294744296757697,0.07532819619479368,0.8417243608376294
25746,LOF,0.03873727333679188,0.09040121435086453,0.8708615123123435
25747,LOF,0.02265669264127435,0.04406802962158759,0.933275277737138
25748,LOF,0.10755259637174266,0.06700258280254637,0.8254448208257109
25749,LOF,0.02541032448963226,0.08116168138016061,0.8934279941302072
25750,LOF,0.08348634636470752,0.08475845506898554,0.831755198566307
25751,LOF,0.09706556522297607,0.06296574060110434,0.8399686941759196
25752,GOF,0.10187933332129674,0.6732800494735722,0.22484061720513104
25753,LOF,0.020120316514040715,0.2863818917911136,0.6934977916948456
25754,GOF,0.010869230852683074,0.7816324370398372,0.20749833210747973
25755,LOF,0.02106575483251919,0.38785020208292326,0.5910840430845576
25756,LOF,0.03684091261483693,0.38141220625351424,0.5817468811316489
25757,GOF,0.013296964275883035,0.850903014154153,0.13580002156996396
25758,GOF,0.026739545308425546,0.83219776900238,0.14106268568919436
25759,GOF,0.01084841019099696,0.574130438221061,0.4150211515879421
25760,LOF,0.011475557623086528,0.2465311583187926,0.7419932840581208
25761,GOF,0.25540750126699285,0.6420311499862821,0.10256134874672504
25762,LOF,0.03367193279194523,0.2638296260191982,0.7024984411888566
25763,LOF,0.01219412975125835,0.20712261868274529,0.7806832515659964
25764,GOF,0.06782443252271843,0.6622106036352889,0.26996496384199253
25765,GOF,0.04117233663624629,0.762053190866643,0.19677447249711083
25766,GOF,0.05825679265194053,0.7735978290582027,0.16814537828985673
25767,GOF,0.15783092176621313,0.46996530239174317,0.37220377584204356
25768,LOF,0.09964013462022217,0.06695642543818668,0.8334034399415912
25769,LOF,0.071180227218422,0.06907559221779865,0.8597441805637793
25770,LOF,0.28120653720204214,0.10226693918301227,0.6165265236149455
25771,LOF,0.037374155533992495,0.052474850035023723,0.9101509944309837
25772,LOF,0.016977195688374837,0.03690052646848531,0.94612227784314
25773,LOF,0.046569811610986216,0.08946034304564886,0.863969845343365
25774,LOF,0.02890645387899702,0.08041077742896911,0.8906827686920339
25775,LOF,0.048676600928815074,0.04465440948659563,0.9066689895845894
25776,LOF,0.07250006513215143,0.028786824428764516,0.8987131104390842
25777,LOF,0.32982299151550776,0.05777276603483785,0.6124042424496544
25778,LOF,0.07109466846345333,0.055148534664004,0.8737567968725427
25779,GOF,0.3622006474367061,0.5967293008839444,0.04107005167934952
25780,GOF,0.29740236890951427,0.628947543238168,0.07365008785231768
25781,GOF,0.14144686748612534,0.7433896011299992,0.11516353138387543
25782,GOF,0.1945333651313415,0.7365828626828899,0.06888377218576844
25783,GOF,0.02922730429356725,0.6256733351874072,0.3450993605190256
25784,GOF,0.47661311735849615,0.48563090782268675,0.037755974818817185
25785,GOF,0.44555361406907185,0.5177346318505639,0.03671175408036432
25786,GOF,0.027714308331474966,0.7685393514741311,0.20374634019439392
25787,Neutral,0.6229182349463578,0.35187272105300743,0.025209044000634808
25788,LOF,0.0440360242890174,0.10894447139904605,0.8470195043119365
25789,GOF,0.16817760871663553,0.7016086161772503,0.13021377510611404
25790,GOF,0.2141161110792367,0.6878932735572506,0.0979906153635126
25791,GOF,0.15051970939772558,0.6936312055892299,0.15584908501304462
25792,GOF,0.3352230449984499,0.5544878380099465,0.1102891169916035
25793,GOF,0.2520591519459519,0.5548705841379032,0.19307026391614496
25794,GOF,0.27983606943681094,0.5676023290288966,0.15256160153429246
25795,GOF,0.07370652992054236,0.696184224527936,0.2301092455515216
25796,Neutral,0.5226580326508088,0.39071784659624037,0.08662412075295083
25797,GOF,0.08879230198107729,0.5756653297570646,0.3355423682618581
25798,GOF,0.008492049687837686,0.5296013294936068,0.4619066208185555
25799,LOF,0.006517160871044606,0.42465796110686677,0.5688248780220886
25800,GOF,0.03020905467942341,0.631168607577195,0.33862233774338174
25801,GOF,0.18154092243556072,0.6770776422299725,0.14138143533446695
25802,GOF,0.07006774527324125,0.6930526568264822,0.2368795979002766
25803,GOF,0.0313573711238742,0.599694690730831,0.3689479381452947
25804,GOF,0.030801433005890694,0.5047579669509574,0.4644406000431518
25805,GOF,0.09229763632789893,0.6146422900965409,0.29306007357556024
25806,GOF,0.09175740067418325,0.5953686412294873,0.3128739580963295
25807,GOF,0.019050112153297338,0.6432299069262696,0.3377199809204331
25808,GOF,0.07969910005582244,0.6464465610585524,0.2738543388856252
25809,GOF,0.01628540040983016,0.5968401354762338,0.38687446411393595
25810,GOF,0.015665772957473456,0.631991005060662,0.3523432219818646
25811,GOF,0.4086864516518202,0.5087557464083122,0.08255780193986766
25812,GOF,0.02970523657752899,0.646814185427546,0.3234805779949249
25813,Neutral,0.49266525682541573,0.41497263209475455,0.09236211107982971
25814,GOF,0.10821077295333627,0.6605512431470226,0.23123798389964112
25815,GOF,0.1788267328894454,0.6436874254952385,0.1774858416153161
25816,GOF,0.020460923427657242,0.7264888241072511,0.2530502524650918
25817,GOF,0.24200869151523313,0.6455765153618928,0.11241479312287415
25818,GOF,0.04814271610721561,0.6944857693671782,0.2573715145256062
25819,GOF,0.3595400563333872,0.5195365711123613,0.12092337255425152
25820,GOF,0.17921886832762265,0.6260896556549965,0.1946914760173808
25821,GOF,0.061681648553102694,0.687640173991276,0.2506781774556213
25822,GOF,0.21285075194660596,0.592710751563954,0.19443849648943992
25823,GOF,0.032377044629649444,0.5490582762580609,0.4185646791122896
25824,GOF,0.09635372112521418,0.61105920746878,0.2925870714060059
25825,GOF,0.03707260207130718,0.6044373621433493,0.35849003578534355
25826,GOF,0.016211855285968746,0.5945891440273353,0.3891990006866959
25827,GOF,0.02200205319753306,0.6233262462342563,0.35467170056821073
25828,GOF,0.012679168938518861,0.5484135472205868,0.43890728384089434
25829,GOF,0.0055043860869598,0.5941635587066129,0.4003320552064273
25830,LOF,0.031617542020737535,0.28253926627030784,0.6858431917089546
25831,GOF,0.2216890490094164,0.6679662081967351,0.1103447427938485
25832,GOF,0.03127176690107352,0.7351086609399423,0.2336195721589841
25833,GOF,0.11441756118496298,0.7447066846319794,0.14087575418305762
25834,GOF,0.029628218148350868,0.7458843608305619,0.22448742102108726
25835,GOF,0.06646960679583164,0.7834364984781244,0.15009389472604404
25836,GOF,0.031490722349598925,0.7238030540902148,0.24470622356018618
25837,GOF,0.028015873795195975,0.6265803194745766,0.3454038067302273
25838,GOF,0.09835083065615567,0.7761387959525918,0.12551037339125254
25839,GOF,0.2717798825663066,0.5982478426646622,0.12997227476903125
25840,GOF,0.24357051192571338,0.6327949707699495,0.12363451730433704
25841,GOF,0.24238831421441245,0.6413769565622491,0.11623472922333844
25842,GOF,0.14795116988291132,0.741197072183925,0.11085175793316378
25843,GOF,0.20861104364842847,0.70667888060937,0.08471007574220155
25844,GOF,0.06412208739255493,0.7375769805310044,0.19830093207644067
25845,GOF,0.015439481082871685,0.5343616840459954,0.45019883487113294
25846,GOF,0.1325926105386286,0.7334379857686872,0.13396940369268412
25847,GOF,0.09672517975123374,0.8077730806831521,0.09550173956561425
25848,GOF,0.03707564318421741,0.7226354554812405,0.24028890133454198
25849,GOF,0.01077081125030605,0.6174376545982374,0.3717915341514565
25850,GOF,0.020346863194833226,0.6647739618070369,0.3148791749981298
25851,GOF,0.016088878287553742,0.545086807127555,0.43882431458489135
25852,GOF,0.16212271480248144,0.5654984387981101,0.2723788463994085
25853,GOF,0.3297947725820066,0.5978828009399908,0.0723224264780025
25854,GOF,0.02261299475854554,0.6416474895611897,0.3357395156802649
25855,GOF,0.03317480106209749,0.5997445131771816,0.36708068576072095
25856,GOF,0.23032907476592185,0.5623857933113717,0.20728513192270648
25857,GOF,0.03688712522522377,0.5376481623082309,0.4254647124665453
25858,GOF,0.019466523217227815,0.5783062842634078,0.40222719251936445
25859,GOF,0.009983856613151643,0.544114948674744,0.4459011947121044
25860,GOF,0.347709291019718,0.5678302106858877,0.08446049829439428
25861,GOF,0.4133873723381466,0.518731639987662,0.06788098767419143
25862,GOF,0.08052385771915484,0.795815352153339,0.12366079012750604
25863,GOF,0.07435711885586911,0.8006946503561976,0.12494823078793338
25864,GOF,0.1799286421318776,0.7532057331541767,0.06686562471394554
25865,GOF,0.08289466726890214,0.8077717080220622,0.10933362470903575
25866,GOF,0.053845809467971066,0.7983624961578243,0.14779169437420475
25867,GOF,0.07633438495725084,0.8236819115113464,0.09998370353140282
25868,GOF,0.2354298149972382,0.6633724194556458,0.10119776554711594
25869,Neutral,0.6919361421864872,0.2669652777436966,0.04109858006981618
25870,GOF,0.2777268152946557,0.4237784607111085,0.29849472399423577
25871,GOF,0.20801947864682013,0.6730565589439815,0.11892396240919843
25872,GOF,0.07592389368310244,0.6827233071355888,0.24135279918130859
25873,GOF,0.10452609244527565,0.7115184763394791,0.18395543121524519
25874,LOF,0.013905048041206252,0.11657827370290591,0.8695166782558877
25875,LOF,0.08927502651262893,0.04668370388932874,0.8640412695980423
25876,LOF,0.033460604870890746,0.03271447379933886,0.9338249213297705
25877,Neutral,0.5157656521733726,0.045190378066596114,0.43904396976003135
25878,LOF,0.22076027984810542,0.10008420177221057,0.679155518379684
25879,LOF,0.0861541280754401,0.10055170208546219,0.8132941698390977
25880,LOF,0.03726756592369728,0.015030331204957148,0.9477021028713457
25881,LOF,0.1753921909055326,0.12955182169317409,0.6950559874012934
25882,LOF,0.06453351769566994,0.01712758069403166,0.9183389016102984
25883,LOF,0.06413637357532138,0.021070854691950847,0.9147927717327278
25884,LOF,0.031639084496153144,0.031094217763754754,0.9372666977400921
25885,LOF,0.057406034322269185,0.011882129309360038,0.9307118363683708
25886,LOF,0.2680715268748194,0.03982052075648941,0.6921079523686912
25887,LOF,0.15329974580804778,0.06909325203235264,0.7776070021595995
25888,LOF,0.06847083540730954,0.06403948762660909,0.8674896769660814
25889,LOF,0.0407614448974064,0.022721566518489725,0.9365169885841039
25890,LOF,0.049121216596462056,0.17074352188477365,0.7801352615187643
25891,LOF,0.03711248222973163,0.04762284620659326,0.9152646715636751
25892,LOF,0.08362603142405993,0.022422724473122543,0.8939512441028175
25893,LOF,0.22523970287758696,0.021109586101393636,0.7536507110210193
25894,LOF,0.16405859324973174,0.011519443641728477,0.8244219631085397
25895,LOF,0.20624866466544534,0.021465661757565528,0.7722856735769891
25896,LOF,0.050071342281570806,0.020484191791509697,0.9294444659269194
25897,LOF,0.2537146287294951,0.01229561526799639,0.7339897560025085
25898,Neutral,0.6942158352735868,0.00977680167511222,0.296007363051301
25899,LOF,0.21440870833292192,0.020730012242768294,0.7648612794243098
25900,LOF,0.4404056388765158,0.012992451509148958,0.5466019096143352
25901,LOF,0.05021357596511211,0.012009187169278518,0.9377772368656094
25902,LOF,0.14558035458009821,0.013370810470319645,0.841048834949582
25903,Neutral,0.5716859317987263,0.028269672330810052,0.4000443958704636
25904,LOF,0.3233878178931509,0.040765262385462825,0.6358469197213863
25905,LOF,0.025224187668879353,0.3425864555717232,0.6321893567593975
25906,LOF,0.032951250177962896,0.07327770543392269,0.8937710443881144
25907,LOF,0.014536423004714707,0.3316718953655432,0.6537916816297421
25908,LOF,0.010226662060368416,0.251842457822817,0.7379308801168146
25909,LOF,0.013171624218525888,0.1147664975591543,0.8720618782223197
25910,LOF,0.04841144260734174,0.13707956929696435,0.8145089880956938
25911,LOF,0.17659795023015612,0.033369736630379475,0.7900323131394644
25912,LOF,0.04588012760067748,0.05124388650242129,0.9028759858969013
25913,LOF,0.32624430307924873,0.0255971258964172,0.648158571024334
25914,LOF,0.019020296802285192,0.05910518361331939,0.9218745195843954
25915,Neutral,0.5665951640195409,0.15709785907905802,0.2763069769014011
25916,LOF,0.08046138211645575,0.19482120483770748,0.7247174130458368
25917,LOF,0.058885258059243634,0.044818988154929205,0.8962957537858272
25918,LOF,0.022019698774242456,0.034757902188537644,0.94322239903722
25919,LOF,0.018908564234360426,0.03617918757802966,0.94491224818761
25920,GOF,0.12388056603557193,0.5446608824396368,0.33145855152479115
25921,LOF,0.0246406768454629,0.04102738899420733,0.9343319341603299
25922,LOF,0.03439147460854079,0.029895773065595068,0.9357127523258641
25923,LOF,0.4466153389927908,0.04212057264557868,0.5112640883616305
25924,LOF,0.0361447603931298,0.04836214655749457,0.9154930930493755
25925,LOF,0.07333924567637295,0.042369537017377105,0.8842912173062498
25926,LOF,0.05078996593222502,0.03864373930867777,0.9105662947590972
25927,LOF,0.054617292123930974,0.13302296718747159,0.8123597406885974
25928,LOF,0.01899687169202305,0.05286207602131124,0.9281410522866657
25929,Neutral,0.5758627521956355,0.04424613814366686,0.37989110966069767
25930,LOF,0.06963159117532314,0.03683939472323423,0.8935290141014426
25931,LOF,0.025506094893414804,0.0325909895561886,0.9419029155503965
25932,LOF,0.02759711595390104,0.03008170950317171,0.9423211745429272
25933,LOF,0.03806991672527767,0.021527894365733043,0.9404021889089892
25934,LOF,0.02470996416291666,0.02227620372448412,0.9530138321125993
25935,LOF,0.06243875416801532,0.05677541481310417,0.8807858310188805
25936,LOF,0.044791025771510846,0.025639727506766487,0.9295692467217227
25937,LOF,0.027051882254104924,0.03930782837517248,0.9336402893707226
25938,LOF,0.06447310177432367,0.057245547317770894,0.8782813509079054
25939,LOF,0.03981209038589956,0.02269675930564568,0.9374911503084548
25940,LOF,0.02914513603114465,0.32390530456856276,0.6469495594002925
25941,LOF,0.2025034792466796,0.10254167516892644,0.694954845584394
25942,LOF,0.012939922943485338,0.035327175484427806,0.9517329015720869
25943,LOF,0.30372996157812615,0.05373026065609169,0.6425397777657822
25944,Neutral,0.49263152238726193,0.021676468630732096,0.48569200898200593
25945,LOF,0.07451475274489038,0.02156344207178174,0.9039218051833279
25946,LOF,0.031022831063063343,0.11454203338788303,0.8544351355490536
25947,LOF,0.11660043710563313,0.173663758221273,0.7097358046730938
25948,LOF,0.35472320829130666,0.009119616430752665,0.6361571752779406
25949,LOF,0.12605249826591686,0.03633463286564669,0.8376128688684364
25950,GOF,0.30500327252091913,0.3845191397511362,0.3104775877279447
25951,LOF,0.21675253624095658,0.2541095765122998,0.5291378872467436
25952,LOF,0.046800533938925866,0.41937785234230635,0.5338216137187679
25953,LOF,0.17040141343135431,0.101013091713173,0.7285854948554726
25954,Neutral,0.4219697930828682,0.16370839016135033,0.41432181675578156
25955,LOF,0.05560586590493094,0.07731452685223529,0.8670796072428337
25956,LOF,0.15925091962501606,0.09609789944235893,0.7446511809326251
25957,LOF,0.03796525160200252,0.02903226363148774,0.9330024847665097
25958,LOF,0.05601609183354061,0.029777006926607303,0.914206901239852
25959,LOF,0.05630843270380394,0.3469622461247511,0.5967293211714451
25960,LOF,0.016387214819121518,0.054969814467451396,0.9286429707134272
25961,LOF,0.04130528933042553,0.029381404507142612,0.9293133061624318
25962,LOF,0.054839967592759845,0.020836502417608167,0.924323529989632
25963,LOF,0.048731037974379,0.19075030260086548,0.7605186594247555
25964,LOF,0.03337350234096266,0.1370483255961433,0.8295781720628941
25965,LOF,0.427941730506787,0.06515705792329739,0.5069012115699155
25966,Neutral,0.49766784865886476,0.17779767558366377,0.3245344757574714
25967,LOF,0.01755016406863259,0.10326023717370832,0.8791895987576591
25968,LOF,0.03758807968151566,0.3897595434102612,0.5726523769082231
25969,LOF,0.036213153817797446,0.061879434763947486,0.901907411418255
25970,LOF,0.06188628597019499,0.06147197693601831,0.8766417370937868
25971,LOF,0.06760516216892373,0.021550941967318635,0.9108438958637576
25972,LOF,0.06823890138506117,0.03201496739367979,0.8997461312212591
25973,LOF,0.07454916597818019,0.009005795453750218,0.9164450385680695
25974,LOF,0.19467825770042968,0.014288303845382343,0.7910334384541879
25975,LOF,0.04491201964120532,0.02512100577501338,0.9299669745837813
25976,LOF,0.0420478126568384,0.015107433989529523,0.9428447533536322
25977,LOF,0.15036652115851848,0.08470952212720242,0.7649239567142792
25978,LOF,0.15351092739522781,0.07885708889788366,0.7676319837068886
25979,LOF,0.14322219481804913,0.07777970526509054,0.7789980999168603
25980,LOF,0.22626687341876814,0.09514063964294595,0.678592486938286
25981,LOF,0.2571797602221086,0.09318951650155267,0.6496307232763388
25982,LOF,0.4179928230762826,0.06475314014379101,0.5172540367799264
25983,LOF,0.3923044401973957,0.0717688488670143,0.5359267109355901
25984,LOF,0.04770011241601076,0.04608008889983135,0.9062197986841579
25985,LOF,0.03708573668916905,0.29170947604769754,0.6712047872631334
25986,LOF,0.04769425430564583,0.3192437491273897,0.6330619965669645
25987,LOF,0.07650873805206032,0.074295836665254,0.8491954252826857
25988,LOF,0.1555347296691551,0.058637633407265445,0.7858276369235794
25989,LOF,0.03357269597803134,0.12234059073044704,0.8440867132915215
25990,LOF,0.037828269491761046,0.1658555456076646,0.7963161849005743
25991,LOF,0.13284114343618278,0.23692233544040597,0.6302365211234113
25992,LOF,0.3238275706810214,0.13705652519170933,0.5391159041272693
25993,LOF,0.023355131872233925,0.06984352995640344,0.9068013381713627
25994,LOF,0.017099319707416117,0.08396720444610635,0.8989334758464774
25995,LOF,0.025797968553028433,0.16671161648121074,0.8074904149657609
25996,GOF,0.3257477290277781,0.3898196868130557,0.2844325841591662
25997,LOF,0.08895355531129065,0.3697970037239024,0.541249440964807
25998,Neutral,0.5314144721860565,0.023324566502787802,0.4452609613111556
25999,LOF,0.107428351133799,0.08046435715139977,0.8121072917148013
26000,LOF,0.13246787906014662,0.043971767540751446,0.8235603533991019
26001,LOF,0.19276771993926725,0.0558645148052357,0.751367765255497
26002,LOF,0.11633153958447329,0.042676741470196365,0.8409917189453303
26003,GOF,0.010067139782450083,0.6105348733453423,0.3793979868722076
26004,GOF,0.020105058974732345,0.6786667558788323,0.30122818514643546
26005,LOF,0.006620241964447974,0.47128414509180777,0.5220956129437443
26006,Neutral,0.5239858893314024,0.2607469563240627,0.2152671543445349
26007,GOF,0.019466396027582482,0.5172860330855324,0.4632475708868851
26008,GOF,0.017294085172596847,0.6291803416190682,0.3535255732083349
26009,GOF,0.01935177433025025,0.6887777000386421,0.2918705256311077
26010,GOF,0.021388746673167074,0.6264994279231492,0.35211182540368385
26011,LOF,0.006719711662302964,0.440377583314052,0.552902705023645
26012,GOF,0.010993399244749342,0.5587418045240317,0.43026479623121905
26013,GOF,0.01877946904872085,0.6236337351564921,0.357586795794787
26014,LOF,0.04511658093297353,0.09658934575946024,0.8582940733075662
26015,LOF,0.1631613301000687,0.015592626828113585,0.8212460430718177
26016,LOF,0.19494435435487448,0.06476392612265601,0.7402917195224694
26017,LOF,0.21640577697010327,0.09507991106938295,0.6885143119605137
26018,LOF,0.0797282184811484,0.03812694633969962,0.8821448351791519
26019,LOF,0.07516419064396751,0.030010800778511374,0.894825008577521
26020,LOF,0.06633309073680992,0.12023159036575333,0.8134353188974367
26021,LOF,0.045264722569949636,0.11834547856585015,0.8363897988642003
26022,LOF,0.010476555459532483,0.04173239606251027,0.9477910484779573
26023,LOF,0.06599808188538765,0.024361889588479024,0.9096400285261333
26024,LOF,0.027919060401026454,0.1269711505235448,0.8451097890754288
26025,LOF,0.13684854024279683,0.10798760525499117,0.7551638545022119
26026,LOF,0.3357363201374727,0.03150310392237331,0.632760575940154
26027,LOF,0.05852871866176576,0.019448387872510256,0.9220228934657241
26028,LOF,0.18814176634771113,0.071807988824116,0.7400502448281728
26029,LOF,0.0690610292417888,0.17634674323152458,0.7545922275266866
26030,LOF,0.021257816993848367,0.05172725831825303,0.9270149246878986
26031,LOF,0.026186214042475675,0.12685437926059617,0.8469594066969282
26032,LOF,0.0655024874979137,0.09119981316756466,0.8432976993345216
26033,LOF,0.08403317763042907,0.09087275196474014,0.8250940704048308
26034,LOF,0.04233153055812023,0.14872204903100936,0.8089464204108705
26035,LOF,0.02476692123261712,0.1427149873019451,0.8325180914654378
26036,LOF,0.03608880079324562,0.1607114691355694,0.803199730071185
26037,LOF,0.020329547571974825,0.1168832769488155,0.8627871754792097
26038,LOF,0.06071463424046329,0.09526994228233732,0.8440154234771994
26039,LOF,0.049334944635039193,0.1440225805970136,0.8066424747679471
26040,LOF,0.2052367028595873,0.14937208098224594,0.6453912161581667
26041,LOF,0.02118658349479583,0.10792740446043654,0.8708860120447676
26042,LOF,0.019674370546385777,0.10200204630345593,0.8783235831501583
26043,LOF,0.06171009871763336,0.11343743215602145,0.8248524691263451
26044,LOF,0.018218944096746816,0.06801341797720803,0.9137676379260452
26045,LOF,0.0699538629422676,0.0985037145678407,0.8315424224898916
26046,LOF,0.05692504292463987,0.08993529884625732,0.8531396582291029
26047,LOF,0.0746665881381494,0.09402942566801388,0.8313039861938367
26048,LOF,0.04545345688347392,0.043184853667824555,0.9113616894487014
26049,Neutral,0.9687145359491973,0.007433601250348937,0.023851862800453618
26050,Neutral,0.9551069788609294,0.010002857210526309,0.034890163928544216
26051,LOF,0.04564100323942128,0.27957031800068327,0.6747886787598955
26052,LOF,0.060014706489310045,0.3366926266160405,0.6032926668946496
26053,LOF,0.05440574614324838,0.12550267033038012,0.8200915835263715
26054,LOF,0.0539618075050941,0.017536419661196036,0.9285017728337098
26055,LOF,0.07315143592217095,0.014146854487278537,0.9127017095905506
26056,LOF,0.06313619977150246,0.016243797374391147,0.9206200028541064
26057,LOF,0.03163649546022659,0.011684795570688907,0.9566787089690846
26058,LOF,0.032716143416740374,0.00937956677028072,0.9579042898129789
26059,LOF,0.26990736823259964,0.021095181653651672,0.7089974501137486
26060,LOF,0.041778266001292655,0.16965923816947956,0.7885624958292278
26061,LOF,0.017514171992952382,0.011239755124023898,0.9712460728830237
26062,LOF,0.010025792959379878,0.016319978805231703,0.9736542282353884
26063,LOF,0.019900560652259792,0.010977481075952127,0.9691219582717882
26064,LOF,0.01981803346261038,0.022936541576509994,0.9572454249608796
26065,LOF,0.0250937899994373,0.012203293593594105,0.9627029164069687
26066,LOF,0.020550889524715163,0.010930367741801839,0.968518742733483
26067,LOF,0.028340497716405073,0.00900264042208353,0.9626568618615114
26068,LOF,0.04665761085632788,0.028110140345289445,0.9252322487983826
26069,LOF,0.2736927392618012,0.01669514007589445,0.7096121206623043
26070,LOF,0.4210975815332816,0.014226286426104125,0.5646761320406143
26071,LOF,0.020170932000047787,0.011647308130758744,0.9681817598691934
26072,LOF,0.019577109095176955,0.018017388399249167,0.9624055025055739
26073,LOF,0.01976320558852503,0.011175727446639583,0.9690610669648354
26074,Neutral,0.9128185633819221,0.005501592232956909,0.08167984438512096
26075,LOF,0.04637301924336263,0.013833875362484455,0.9397931053941528
26076,LOF,0.03788078068902505,0.00891145098075356,0.9532077683302214
26077,LOF,0.009557707637919431,0.014451109780818153,0.9759911825812623
26078,LOF,0.013185658133734386,0.010700799894720774,0.9761135419715449
26079,LOF,0.062182889604128176,0.01679596061609747,0.9210211497797742
26080,LOF,0.061404492165728866,0.01680990142883601,0.9217856064054352
26081,LOF,0.03588996932466125,0.006929624579032252,0.9571804060963065
26082,LOF,0.013469083883287538,0.014370390709058252,0.9721605254076543
26083,LOF,0.17825188089254745,0.014140714340775113,0.8076074047666775
26084,LOF,0.04020209779321393,0.011153511642730759,0.9486443905640553
26085,LOF,0.03586146677777182,0.01073272170075068,0.9534058115214774
26086,LOF,0.020361894683050528,0.010760790350842424,0.9688773149661071
26087,LOF,0.023471765253250277,0.008197280374017131,0.9683309543727326
26088,LOF,0.01603560271159597,0.021884598896080378,0.9620797983923236
26089,LOF,0.0450491002574428,0.020592547645955563,0.9343583520966017
26090,LOF,0.045040986970294315,0.016657417261991957,0.9383015957677137
26091,LOF,0.032366405231462135,0.006501889296860401,0.9611317054716775
26092,LOF,0.022147313982077813,0.008110136657820195,0.9697425493601021
26093,LOF,0.03459752585136907,0.006278190535313846,0.959124283613317
26094,LOF,0.034793828149113686,0.006525657066227263,0.958680514784659
26095,LOF,0.04053602763480132,0.012148606169831199,0.9473153661953676
26096,LOF,0.016861225971629944,0.01061951678355692,0.9725192572448131
26097,LOF,0.011491480563815545,0.030625214400104805,0.9578833050360797
26098,LOF,0.0884083745609312,0.011228495235169415,0.9003631302038994
26099,LOF,0.020395627265204785,0.012838719514488462,0.9667656532203067
26100,LOF,0.0229012417422214,0.012259562157232262,0.9648391961005465
26101,LOF,0.04400359454799398,0.014903678284505738,0.9410927271675001
26102,LOF,0.02093029069638246,0.012147513241877426,0.9669221960617401
26103,Neutral,0.8787049986266885,0.018524234826055367,0.10277076654725609
26104,LOF,0.08365999287453238,0.023279194100742782,0.8930608130247248
26105,LOF,0.23154471239692673,0.2537307805984568,0.5147245070046165
26106,LOF,0.17300949318486725,0.13986277311348702,0.6871277337016458
26107,LOF,0.23873718157971177,0.08085768880778806,0.6804051296125001
26108,LOF,0.2682622813618584,0.09646733730821404,0.6352703813299276
26109,LOF,0.09054927524506087,0.05286222930893488,0.8565884954460041
26110,LOF,0.22504333655009773,0.007308370130948895,0.7676482933189533
26111,Neutral,0.5037293203146114,0.0315915125448438,0.4646791671405448
26112,LOF,0.0334396574083091,0.007705675021840091,0.9588546675698507
26113,LOF,0.06540159870646442,0.01733646268271379,0.9172619386108218
26114,LOF,0.02710175132309489,0.03090626377968266,0.9419919848972225
26115,LOF,0.0843798836793317,0.0607155442933789,0.8549045720272894
26116,LOF,0.06930530771512802,0.060142810462829474,0.8705518818220425
26117,LOF,0.4356297136971932,0.04409868486314981,0.5202716014396569
26118,LOF,0.03243682399859127,0.02580104283492807,0.9417621331664807
26119,LOF,0.022883729373910755,0.03433129519686267,0.9427849754292266
26120,LOF,0.02531640477701009,0.019879365422665662,0.9548042298003243
26121,LOF,0.04409277303849233,0.07825652415114355,0.8776507028103642
