feature0,prediction,LoGoFunc_Neutral,LoGoFunc_GOF,LoGoFunc_LOF
25546,LOF,0.27883497,0.26495034,0.45621473
25547,LOF,0.27883497,0.26495034,0.45621473
25548,LOF,0.27883497,0.26495034,0.45621473
25549,LOF,0.27883497,0.26495034,0.45621473
25550,LOF,0.27883497,0.26495034,0.45621473
25551,LOF,0.27883497,0.26495034,0.45621473
25552,LOF,0.27883497,0.26495034,0.45621473
25553,LOF,0.27883497,0.26495034,0.45621473
25554,LOF,0.27883497,0.26495034,0.45621473
25555,LOF,0.27883497,0.26495034,0.45621473
25556,LOF,0.27883497,0.26495034,0.45621473
25557,LOF,0.27883497,0.26495034,0.45621473
25558,LOF,0.27883497,0.26495034,0.45621473
25559,LOF,0.043062646,0.14488664,0.8120507
25560,GOF,0.20006396,0.52299416,0.27694187
25561,GOF,0.20006396,0.52299416,0.27694187
25562,LOF,0.036847144,0.1783474,0.7848054
25563,LOF,0.036847144,0.1783474,0.7848054
25564,LOF,0.043062646,0.14488664,0.8120507
25565,GOF,0.20006396,0.52299416,0.27694187
25566,GOF,0.20006396,0.52299416,0.27694187
25567,LOF,0.09775189,0.08648366,0.8157645
25568,LOF,0.04210587,0.2041565,0.75373757
25569,LOF,0.053873982,0.120464236,0.8256618
25570,LOF,0.043062646,0.14488664,0.8120507
25571,LOF,0.043062646,0.14488664,0.8120507
25572,LOF,0.036847144,0.1783474,0.7848054
25573,LOF,0.036847144,0.1783474,0.7848054
25574,GOF,0.20006396,0.52299416,0.27694187
25575,LOF,0.043062646,0.14488664,0.8120507
25576,LOF,0.036847144,0.1783474,0.7848054
25577,LOF,0.036847144,0.1783474,0.7848054
25578,LOF,0.04210587,0.2041565,0.75373757
25579,LOF,0.053873982,0.120464236,0.8256618
25580,LOF,0.043062646,0.14488664,0.8120507
25581,LOF,0.04210587,0.2041565,0.75373757
25582,LOF,0.04210587,0.2041565,0.75373757
25583,LOF,0.043062646,0.14488664,0.8120507
25584,GOF,0.20006396,0.52299416,0.27694187
25585,LOF,0.036847144,0.1783474,0.7848054
25586,LOF,0.043062646,0.14488664,0.8120507
25587,LOF,0.043062646,0.14488664,0.8120507
25588,LOF,0.043062646,0.14488664,0.8120507
25589,GOF,0.20006396,0.52299416,0.27694187
25590,LOF,0.036847144,0.1783474,0.7848054
25591,LOF,0.04210587,0.2041565,0.75373757
25592,GOF,0.20217198,0.5106846,0.28714338
25593,GOF,0.20006396,0.52299416,0.27694187
25594,LOF,0.04210587,0.2041565,0.75373757
25595,LOF,0.04210587,0.2041565,0.75373757
25596,LOF,0.036847144,0.1783474,0.7848054
25597,LOF,0.036847144,0.1783474,0.7848054
25598,LOF,0.053873982,0.120464236,0.8256618
25599,GOF,0.20006396,0.52299416,0.27694187
25600,GOF,0.20006396,0.52299416,0.27694187
25601,GOF,0.20006396,0.52299416,0.27694187
25602,LOF,0.036847144,0.1783474,0.7848054
25603,LOF,0.043062646,0.14488664,0.8120507
25604,LOF,0.036847144,0.1783474,0.7848054
25605,GOF,0.20006396,0.52299416,0.27694187
25606,GOF,0.20006396,0.52299416,0.27694187
25607,GOF,0.20006396,0.52299416,0.27694187
25608,LOF,0.036847144,0.1783474,0.7848054
25609,GOF,0.20006396,0.52299416,0.27694187
25610,LOF,0.043062646,0.14488664,0.8120507
25611,LOF,0.043062646,0.14488664,0.8120507
25612,LOF,0.053873982,0.120464236,0.8256618
25613,LOF,0.04210587,0.2041565,0.75373757
25614,LOF,0.043062646,0.14488664,0.8120507
25615,LOF,0.036847144,0.1783474,0.7848054
25616,LOF,0.043062646,0.14488664,0.8120507
25617,LOF,0.043062646,0.14488664,0.8120507
25618,GOF,0.114163496,0.44700903,0.43882748
25619,LOF,0.043062646,0.14488664,0.8120507
25620,LOF,0.043062646,0.14488664,0.8120507
25621,LOF,0.036847144,0.1783474,0.7848054
25622,LOF,0.036847144,0.1783474,0.7848054
25623,LOF,0.036847144,0.1783474,0.7848054
25624,LOF,0.043062646,0.14488664,0.8120507
25625,LOF,0.036847144,0.1783474,0.7848054
25626,LOF,0.053873982,0.120464236,0.8256618
25627,GOF,0.20006396,0.52299416,0.27694187
25628,GOF,0.20006396,0.52299416,0.27694187
25629,LOF,0.053873982,0.120464236,0.8256618
25630,GOF,0.20006396,0.52299416,0.27694187
25631,GOF,0.20006396,0.52299416,0.27694187
25632,LOF,0.036847144,0.1783474,0.7848054
25633,LOF,0.043062646,0.14488664,0.8120507
25634,LOF,0.04210587,0.2041565,0.75373757
25635,LOF,0.043062646,0.14488664,0.8120507
25636,GOF,0.20006396,0.52299416,0.27694187
25637,GOF,0.20006396,0.52299416,0.27694187
25638,GOF,0.20006396,0.52299416,0.27694187
25639,GOF,0.20006396,0.52299416,0.27694187
25640,GOF,0.20006396,0.52299416,0.27694187
25641,GOF,0.20006396,0.52299416,0.27694187
25642,GOF,0.20006396,0.52299416,0.27694187
25643,GOF,0.20217198,0.5106846,0.28714338
25644,GOF,0.20006396,0.52299416,0.27694187
25645,GOF,0.20006396,0.52299416,0.27694187
25646,GOF,0.20006396,0.52299416,0.27694187
25647,GOF,0.20006396,0.52299416,0.27694187
25648,GOF,0.20006396,0.52299416,0.27694187
25649,GOF,0.20006396,0.52299416,0.27694187
25650,GOF,0.20006396,0.52299416,0.27694187
25651,GOF,0.20006396,0.52299416,0.27694187
25652,GOF,0.20006396,0.52299416,0.27694187
25653,GOF,0.20006396,0.52299416,0.27694187
25654,GOF,0.20006396,0.52299416,0.27694187
25655,GOF,0.20006396,0.52299416,0.27694187
25656,LOF,0.036847144,0.1783474,0.7848054
25657,LOF,0.036847144,0.1783474,0.7848054
25658,GOF,0.20006396,0.52299416,0.27694187
25659,GOF,0.20006396,0.52299416,0.27694187
25660,LOF,0.043062646,0.14488664,0.8120507
25661,LOF,0.043062646,0.14488664,0.8120507
25662,LOF,0.043062646,0.14488664,0.8120507
25663,LOF,0.043062646,0.14488664,0.8120507
25664,LOF,0.036847144,0.1783474,0.7848054
25665,LOF,0.04210587,0.2041565,0.75373757
25666,LOF,0.036847144,0.1783474,0.7848054
25667,LOF,0.043062646,0.14488664,0.8120507
25668,LOF,0.043062646,0.14488664,0.8120507
25669,LOF,0.043062646,0.14488664,0.8120507
25670,LOF,0.036847144,0.1783474,0.7848054
25671,LOF,0.043062646,0.14488664,0.8120507
25672,LOF,0.04210587,0.2041565,0.75373757
25673,LOF,0.036847144,0.1783474,0.7848054
25674,LOF,0.036847144,0.1783474,0.7848054
25675,LOF,0.036847144,0.1783474,0.7848054
25676,LOF,0.043062646,0.14488664,0.8120507
25677,LOF,0.043062646,0.14488664,0.8120507
25678,LOF,0.043062646,0.14488664,0.8120507
25679,LOF,0.036847144,0.1783474,0.7848054
25680,LOF,0.043062646,0.14488664,0.8120507
25681,LOF,0.043062646,0.14488664,0.8120507
25682,LOF,0.043062646,0.14488664,0.8120507
25683,LOF,0.036847144,0.1783474,0.7848054
25684,LOF,0.043062646,0.14488664,0.8120507
25685,LOF,0.036847144,0.1783474,0.7848054
25686,GOF,0.20006396,0.52299416,0.27694187
25687,GOF,0.20006396,0.52299416,0.27694187
25688,GOF,0.20006396,0.52299416,0.27694187
25689,GOF,0.20006396,0.52299416,0.27694187
25690,GOF,0.20006396,0.52299416,0.27694187
25691,GOF,0.20006396,0.52299416,0.27694187
25692,LOF,0.043062646,0.14488664,0.8120507
25693,GOF,0.20006396,0.52299416,0.27694187
25694,LOF,0.036847144,0.1783474,0.7848054
25695,LOF,0.036847144,0.1783474,0.7848054
25696,LOF,0.043062646,0.14488664,0.8120507
25697,LOF,0.043062646,0.14488664,0.8120507
25698,GOF,0.20006396,0.52299416,0.27694187
25699,GOF,0.20006396,0.52299416,0.27694187
25700,LOF,0.043062646,0.14488664,0.8120507
25701,GOF,0.20006396,0.52299416,0.27694187
25702,GOF,0.20006396,0.52299416,0.27694187
25703,LOF,0.036847144,0.1783474,0.7848054
25704,LOF,0.043062646,0.14488664,0.8120507
25705,LOF,0.043062646,0.14488664,0.8120507
25706,GOF,0.20006396,0.52299416,0.27694187
25707,GOF,0.20006396,0.52299416,0.27694187
25708,GOF,0.20006396,0.52299416,0.27694187
25709,LOF,0.043062646,0.14488664,0.8120507
25710,LOF,0.036847144,0.1783474,0.7848054
25711,LOF,0.043062646,0.14488664,0.8120507
25712,LOF,0.036847144,0.1783474,0.7848054
25713,LOF,0.043062646,0.14488664,0.8120507
25714,LOF,0.043062646,0.14488664,0.8120507
25715,LOF,0.043062646,0.14488664,0.8120507
25716,LOF,0.036847144,0.1783474,0.7848054
25717,LOF,0.036847144,0.1783474,0.7848054
25718,LOF,0.043062646,0.14488664,0.8120507
25719,LOF,0.043062646,0.14488664,0.8120507
25720,LOF,0.043062646,0.14488664,0.8120507
25721,LOF,0.043062646,0.14488664,0.8120507
25722,LOF,0.043062646,0.14488664,0.8120507
25723,LOF,0.043062646,0.14488664,0.8120507
25724,LOF,0.036847144,0.1783474,0.7848054
25725,LOF,0.043062646,0.14488664,0.8120507
25726,LOF,0.043062646,0.14488664,0.8120507
25727,LOF,0.043062646,0.14488664,0.8120507
25728,LOF,0.043062646,0.14488664,0.8120507
25729,LOF,0.043062646,0.14488664,0.8120507
25730,LOF,0.043062646,0.14488664,0.8120507
25731,LOF,0.036847144,0.1783474,0.7848054
25732,LOF,0.043062646,0.14488664,0.8120507
25733,LOF,0.043062646,0.14488664,0.8120507
25734,LOF,0.036847144,0.1783474,0.7848054
25735,LOF,0.043062646,0.14488664,0.8120507
25736,LOF,0.043062646,0.14488664,0.8120507
25737,LOF,0.043062646,0.14488664,0.8120507
25738,LOF,0.043062646,0.14488664,0.8120507
25739,LOF,0.043062646,0.14488664,0.8120507
25740,LOF,0.043062646,0.14488664,0.8120507
25741,LOF,0.043062646,0.14488664,0.8120507
25742,LOF,0.043062646,0.14488664,0.8120507
25743,LOF,0.036847144,0.1783474,0.7848054
25744,GOF,0.20006396,0.52299416,0.27694187
25745,GOF,0.20006396,0.52299416,0.27694187
25746,GOF,0.20006396,0.52299416,0.27694187
25747,LOF,0.043062646,0.14488664,0.8120507
25748,LOF,0.053873982,0.120464236,0.8256618
25749,GOF,0.20006396,0.52299416,0.27694187
25750,GOF,0.20006396,0.52299416,0.27694187
25751,LOF,0.043062646,0.14488664,0.8120507
25752,GOF,0.20006396,0.52299416,0.27694187
25753,LOF,0.036847144,0.1783474,0.7848054
25754,GOF,0.20006396,0.52299416,0.27694187
25755,LOF,0.036847144,0.1783474,0.7848054
25756,LOF,0.04210587,0.2041565,0.75373757
25757,GOF,0.20006396,0.52299416,0.27694187
25758,GOF,0.20006396,0.52299416,0.27694187
25759,GOF,0.20006396,0.52299416,0.27694187
25760,LOF,0.036847144,0.1783474,0.7848054
25761,GOF,0.20006396,0.52299416,0.27694187
25762,LOF,0.04210587,0.2041565,0.75373757
25763,LOF,0.036847144,0.1783474,0.7848054
25764,GOF,0.20006396,0.52299416,0.27694187
25765,GOF,0.20006396,0.52299416,0.27694187
25766,GOF,0.20006396,0.52299416,0.27694187
25767,GOF,0.20006396,0.52299416,0.27694187
25768,LOF,0.043062646,0.14488664,0.8120507
25769,LOF,0.043062646,0.14488664,0.8120507
25770,Neutral,0.7451652,0.08186935,0.17296544
25771,LOF,0.036847144,0.1783474,0.7848054
25772,LOF,0.043062646,0.14488664,0.8120507
25773,LOF,0.036847144,0.1783474,0.7848054
25774,LOF,0.04210587,0.2041565,0.75373757
25775,LOF,0.036847144,0.1783474,0.7848054
25776,LOF,0.043062646,0.14488664,0.8120507
25777,Neutral,0.45892593,0.15432432,0.3867497
25778,LOF,0.043062646,0.14488664,0.8120507
25779,GOF,0.20006396,0.52299416,0.27694187
25780,GOF,0.20006396,0.52299416,0.27694187
25781,GOF,0.20006396,0.52299416,0.27694187
25782,GOF,0.20006396,0.52299416,0.27694187
25783,GOF,0.20006396,0.52299416,0.27694187
25784,GOF,0.20006396,0.52299416,0.27694187
25785,GOF,0.20006396,0.52299416,0.27694187
25786,GOF,0.20006396,0.52299416,0.27694187
25787,GOF,0.20006396,0.52299416,0.27694187
25788,LOF,0.043062646,0.14488664,0.8120507
25789,GOF,0.20006396,0.52299416,0.27694187
25790,GOF,0.20006396,0.52299416,0.27694187
25791,GOF,0.20006396,0.52299416,0.27694187
25792,GOF,0.20006396,0.52299416,0.27694187
25793,GOF,0.20006396,0.52299416,0.27694187
25794,GOF,0.20006396,0.52299416,0.27694187
25795,GOF,0.20006396,0.52299416,0.27694187
25796,GOF,0.20006396,0.52299416,0.27694187
25797,GOF,0.20006396,0.52299416,0.27694187
25798,GOF,0.20006396,0.52299416,0.27694187
25799,GOF,0.20006396,0.52299416,0.27694187
25800,GOF,0.20006396,0.52299416,0.27694187
25801,GOF,0.20006396,0.52299416,0.27694187
25802,GOF,0.20006396,0.52299416,0.27694187
25803,GOF,0.20006396,0.52299416,0.27694187
25804,GOF,0.20006396,0.52299416,0.27694187
25805,GOF,0.20006396,0.52299416,0.27694187
25806,GOF,0.20006396,0.52299416,0.27694187
25807,GOF,0.20006396,0.52299416,0.27694187
25808,GOF,0.20006396,0.52299416,0.27694187
25809,GOF,0.20006396,0.52299416,0.27694187
25810,GOF,0.20006396,0.52299416,0.27694187
25811,GOF,0.20006396,0.52299416,0.27694187
25812,GOF,0.20006396,0.52299416,0.27694187
25813,GOF,0.20006396,0.52299416,0.27694187
25814,GOF,0.20006396,0.52299416,0.27694187
25815,GOF,0.20006396,0.52299416,0.27694187
25816,GOF,0.20006396,0.52299416,0.27694187
25817,GOF,0.20006396,0.52299416,0.27694187
25818,GOF,0.20006396,0.52299416,0.27694187
25819,GOF,0.20006396,0.52299416,0.27694187
25820,GOF,0.20006396,0.52299416,0.27694187
25821,GOF,0.20006396,0.52299416,0.27694187
25822,GOF,0.20006396,0.52299416,0.27694187
25823,GOF,0.20006396,0.52299416,0.27694187
25824,GOF,0.20006396,0.52299416,0.27694187
25825,GOF,0.20006396,0.52299416,0.27694187
25826,GOF,0.20006396,0.52299416,0.27694187
25827,GOF,0.20006396,0.52299416,0.27694187
25828,GOF,0.20006396,0.52299416,0.27694187
25829,GOF,0.20006396,0.52299416,0.27694187
25830,GOF,0.114163496,0.44700903,0.43882748
25831,GOF,0.20006396,0.52299416,0.27694187
25832,GOF,0.20006396,0.52299416,0.27694187
25833,GOF,0.20006396,0.52299416,0.27694187
25834,GOF,0.20006396,0.52299416,0.27694187
25835,GOF,0.20006396,0.52299416,0.27694187
25836,GOF,0.20006396,0.52299416,0.27694187
25837,GOF,0.20006396,0.52299416,0.27694187
25838,GOF,0.20006396,0.52299416,0.27694187
25839,GOF,0.20006396,0.52299416,0.27694187
25840,GOF,0.20006396,0.52299416,0.27694187
25841,GOF,0.20006396,0.52299416,0.27694187
25842,GOF,0.20006396,0.52299416,0.27694187
25843,GOF,0.20006396,0.52299416,0.27694187
25844,GOF,0.20006396,0.52299416,0.27694187
25845,GOF,0.20006396,0.52299416,0.27694187
25846,GOF,0.20006396,0.52299416,0.27694187
25847,GOF,0.20006396,0.52299416,0.27694187
25848,GOF,0.20006396,0.52299416,0.27694187
25849,GOF,0.20006396,0.52299416,0.27694187
25850,GOF,0.20006396,0.52299416,0.27694187
25851,GOF,0.20006396,0.52299416,0.27694187
25852,GOF,0.20006396,0.52299416,0.27694187
25853,GOF,0.20006396,0.52299416,0.27694187
25854,GOF,0.20006396,0.52299416,0.27694187
25855,GOF,0.20006396,0.52299416,0.27694187
25856,GOF,0.20006396,0.52299416,0.27694187
25857,GOF,0.20006396,0.52299416,0.27694187
25858,GOF,0.20006396,0.52299416,0.27694187
25859,GOF,0.20006396,0.52299416,0.27694187
25860,GOF,0.20006396,0.52299416,0.27694187
25861,GOF,0.20006396,0.52299416,0.27694187
25862,GOF,0.20006396,0.52299416,0.27694187
25863,GOF,0.20006396,0.52299416,0.27694187
25864,GOF,0.20006396,0.52299416,0.27694187
25865,GOF,0.20006396,0.52299416,0.27694187
25866,GOF,0.20006396,0.52299416,0.27694187
25867,GOF,0.20006396,0.52299416,0.27694187
25868,GOF,0.20006396,0.52299416,0.27694187
25869,GOF,0.20006396,0.52299416,0.27694187
25870,GOF,0.20217198,0.5106846,0.28714338
25871,GOF,0.20006396,0.52299416,0.27694187
25872,GOF,0.20006396,0.52299416,0.27694187
25873,GOF,0.20006396,0.52299416,0.27694187
25874,LOF,0.043062646,0.14488664,0.8120507
25875,GOF,0.20006396,0.52299416,0.27694187
25876,LOF,0.036847144,0.1783474,0.7848054
25877,GOF,0.20006396,0.52299416,0.27694187
25878,GOF,0.20006396,0.52299416,0.27694187
25879,GOF,0.20006396,0.52299416,0.27694187
25880,LOF,0.043062646,0.14488664,0.8120507
25881,GOF,0.20006396,0.52299416,0.27694187
25882,LOF,0.036847144,0.1783474,0.7848054
25883,LOF,0.043062646,0.14488664,0.8120507
25884,LOF,0.036847144,0.1783474,0.7848054
25885,LOF,0.036847144,0.1783474,0.7848054
25886,LOF,0.053873982,0.120464236,0.8256618
25887,GOF,0.20006396,0.52299416,0.27694187
25888,GOF,0.20006396,0.52299416,0.27694187
25889,LOF,0.036847144,0.1783474,0.7848054
25890,GOF,0.20006396,0.52299416,0.27694187
25891,LOF,0.036847144,0.1783474,0.7848054
25892,GOF,0.20006396,0.52299416,0.27694187
25893,GOF,0.20006396,0.52299416,0.27694187
25894,GOF,0.20006396,0.52299416,0.27694187
25895,GOF,0.20006396,0.52299416,0.27694187
25896,LOF,0.04210587,0.2041565,0.75373757
25897,GOF,0.20006396,0.52299416,0.27694187
25898,GOF,0.20006396,0.52299416,0.27694187
25899,LOF,0.04210587,0.2041565,0.75373757
25900,Neutral,0.7451652,0.08186935,0.17296544
25901,LOF,0.043062646,0.14488664,0.8120507
25902,LOF,0.043062646,0.14488664,0.8120507
25903,GOF,0.20006396,0.52299416,0.27694187
25904,Neutral,0.36314976,0.2915617,0.3452885
25905,GOF,0.20006396,0.52299416,0.27694187
25906,LOF,0.036847144,0.1783474,0.7848054
25907,GOF,0.20006396,0.52299416,0.27694187
25908,GOF,0.20006396,0.52299416,0.27694187
25909,LOF,0.043062646,0.14488664,0.8120507
25910,GOF,0.20006396,0.52299416,0.27694187
25911,LOF,0.04210587,0.2041565,0.75373757
25912,LOF,0.036847144,0.1783474,0.7848054
25913,GOF,0.20006396,0.52299416,0.27694187
25914,LOF,0.043062646,0.14488664,0.8120507
25915,GOF,0.20006396,0.52299416,0.27694187
25916,GOF,0.20006396,0.52299416,0.27694187
25917,LOF,0.053873982,0.120464236,0.8256618
25918,LOF,0.043062646,0.14488664,0.8120507
25919,LOF,0.043062646,0.14488664,0.8120507
25920,GOF,0.20006396,0.52299416,0.27694187
25921,LOF,0.036847144,0.1783474,0.7848054
25922,LOF,0.036847144,0.1783474,0.7848054
25923,LOF,0.23597604,0.15846896,0.605555
25924,LOF,0.036847144,0.1783474,0.7848054
25925,LOF,0.053873982,0.120464236,0.8256618
25926,LOF,0.04210587,0.2041565,0.75373757
25927,GOF,0.20006396,0.52299416,0.27694187
25928,LOF,0.036847144,0.1783474,0.7848054
25929,Neutral,0.89309895,0.044494282,0.06240679
25930,LOF,0.043062646,0.14488664,0.8120507
25931,LOF,0.036847144,0.1783474,0.7848054
25932,LOF,0.043062646,0.14488664,0.8120507
25933,LOF,0.043062646,0.14488664,0.8120507
25934,LOF,0.043062646,0.14488664,0.8120507
25935,LOF,0.053873982,0.120464236,0.8256618
25936,LOF,0.043062646,0.14488664,0.8120507
25937,LOF,0.036847144,0.1783474,0.7848054
25938,LOF,0.053873982,0.120464236,0.8256618
25939,LOF,0.043062646,0.14488664,0.8120507
25940,GOF,0.20006396,0.52299416,0.27694187
25941,GOF,0.20006396,0.52299416,0.27694187
25942,LOF,0.036847144,0.1783474,0.7848054
25943,GOF,0.20006396,0.52299416,0.27694187
25944,GOF,0.20006396,0.52299416,0.27694187
25945,GOF,0.114163496,0.44700903,0.43882748
25946,LOF,0.036847144,0.1783474,0.7848054
25947,GOF,0.20006396,0.52299416,0.27694187
25948,LOF,0.043062646,0.14488664,0.8120507
25949,LOF,0.043062646,0.14488664,0.8120507
25950,GOF,0.20006396,0.52299416,0.27694187
25951,GOF,0.20006396,0.52299416,0.27694187
25952,GOF,0.20006396,0.52299416,0.27694187
25953,GOF,0.20006396,0.52299416,0.27694187
25954,GOF,0.20006396,0.52299416,0.27694187
25955,GOF,0.20006396,0.52299416,0.27694187
25956,GOF,0.20006396,0.52299416,0.27694187
25957,LOF,0.036847144,0.1783474,0.7848054
25958,LOF,0.043062646,0.14488664,0.8120507
25959,GOF,0.20006396,0.52299416,0.27694187
25960,LOF,0.036847144,0.1783474,0.7848054
25961,LOF,0.043062646,0.14488664,0.8120507
25962,LOF,0.043062646,0.14488664,0.8120507
25963,GOF,0.20006396,0.52299416,0.27694187
25964,LOF,0.043062646,0.14488664,0.8120507
25965,GOF,0.20006396,0.52299416,0.27694187
25966,LOF,0.04210587,0.2041565,0.75373757
25967,LOF,0.036847144,0.1783474,0.7848054
25968,GOF,0.20006396,0.52299416,0.27694187
25969,LOF,0.036847144,0.1783474,0.7848054
25970,LOF,0.036847144,0.1783474,0.7848054
25971,LOF,0.043062646,0.14488664,0.8120507
25972,LOF,0.043062646,0.14488664,0.8120507
25973,LOF,0.043062646,0.14488664,0.8120507
25974,GOF,0.20006396,0.52299416,0.27694187
25975,LOF,0.043062646,0.14488664,0.8120507
25976,LOF,0.036847144,0.1783474,0.7848054
25977,LOF,0.036847144,0.1783474,0.7848054
25978,LOF,0.27883497,0.26495034,0.45621473
25979,LOF,0.27883497,0.26495034,0.45621473
25980,LOF,0.27883497,0.26495034,0.45621473
25981,LOF,0.27883497,0.26495034,0.45621473
25982,LOF,0.27883497,0.26495034,0.45621473
25983,LOF,0.27883497,0.26495034,0.45621473
25984,LOF,0.043062646,0.14488664,0.8120507
25985,GOF,0.20006396,0.52299416,0.27694187
25986,GOF,0.20006396,0.52299416,0.27694187
25987,LOF,0.036847144,0.1783474,0.7848054
25988,LOF,0.043062646,0.14488664,0.8120507
25989,LOF,0.043062646,0.14488664,0.8120507
25990,LOF,0.043062646,0.14488664,0.8120507
25991,GOF,0.20006396,0.52299416,0.27694187
25992,GOF,0.20006396,0.52299416,0.27694187
25993,LOF,0.043062646,0.14488664,0.8120507
25994,LOF,0.043062646,0.14488664,0.8120507
25995,LOF,0.043062646,0.14488664,0.8120507
25996,GOF,0.20006396,0.52299416,0.27694187
25997,GOF,0.20006396,0.52299416,0.27694187
25998,GOF,0.20006396,0.52299416,0.27694187
25999,GOF,0.20006396,0.52299416,0.27694187
26000,LOF,0.036847144,0.1783474,0.7848054
26001,GOF,0.20006396,0.52299416,0.27694187
26002,LOF,0.043062646,0.14488664,0.8120507
26003,GOF,0.20006396,0.52299416,0.27694187
26004,GOF,0.20006396,0.52299416,0.27694187
26005,GOF,0.20006396,0.52299416,0.27694187
26006,GOF,0.20006396,0.52299416,0.27694187
26007,GOF,0.20006396,0.52299416,0.27694187
26008,GOF,0.20006396,0.52299416,0.27694187
26009,GOF,0.20006396,0.52299416,0.27694187
26010,GOF,0.20006396,0.52299416,0.27694187
26011,GOF,0.20006396,0.52299416,0.27694187
26012,GOF,0.20006396,0.52299416,0.27694187
26013,GOF,0.20006396,0.52299416,0.27694187
26014,LOF,0.043062646,0.14488664,0.8120507
26015,LOF,0.043062646,0.14488664,0.8120507
26016,GOF,0.20006396,0.52299416,0.27694187
26017,GOF,0.20006396,0.52299416,0.27694187
26018,LOF,0.043062646,0.14488664,0.8120507
26019,LOF,0.043062646,0.14488664,0.8120507
26020,GOF,0.20006396,0.52299416,0.27694187
26021,GOF,0.20006396,0.52299416,0.27694187
26022,LOF,0.036847144,0.1783474,0.7848054
26023,LOF,0.036847144,0.1783474,0.7848054
26024,GOF,0.20006396,0.52299416,0.27694187
26025,GOF,0.20006396,0.52299416,0.27694187
26026,GOF,0.20006396,0.52299416,0.27694187
26027,LOF,0.043062646,0.14488664,0.8120507
26028,GOF,0.20006396,0.52299416,0.27694187
26029,GOF,0.20006396,0.52299416,0.27694187
26030,LOF,0.036847144,0.1783474,0.7848054
26031,GOF,0.20006396,0.52299416,0.27694187
26032,LOF,0.043062646,0.14488664,0.8120507
26033,LOF,0.036847144,0.1783474,0.7848054
26034,GOF,0.20006396,0.52299416,0.27694187
26035,GOF,0.20006396,0.52299416,0.27694187
26036,GOF,0.20006396,0.52299416,0.27694187
26037,GOF,0.20006396,0.52299416,0.27694187
26038,LOF,0.043062646,0.14488664,0.8120507
26039,GOF,0.20006396,0.52299416,0.27694187
26040,GOF,0.20006396,0.52299416,0.27694187
26041,GOF,0.20006396,0.52299416,0.27694187
26042,GOF,0.20006396,0.52299416,0.27694187
26043,LOF,0.043062646,0.14488664,0.8120507
26044,LOF,0.036847144,0.1783474,0.7848054
26045,GOF,0.20006396,0.52299416,0.27694187
26046,LOF,0.043062646,0.14488664,0.8120507
26047,LOF,0.043062646,0.14488664,0.8120507
26048,LOF,0.036847144,0.1783474,0.7848054
26049,Neutral,0.8719207,0.053471413,0.074607894
26050,Neutral,0.8719207,0.053471413,0.074607894
26051,GOF,0.20006396,0.52299416,0.27694187
26052,GOF,0.20006396,0.52299416,0.27694187
26053,LOF,0.036847144,0.1783474,0.7848054
26054,LOF,0.053873982,0.120464236,0.8256618
26055,LOF,0.04210587,0.2041565,0.75373757
26056,LOF,0.04210587,0.2041565,0.75373757
26057,LOF,0.043062646,0.14488664,0.8120507
26058,LOF,0.043062646,0.14488664,0.8120507
26059,Neutral,0.89309895,0.044494282,0.06240679
26060,GOF,0.20006396,0.52299416,0.27694187
26061,LOF,0.036847144,0.1783474,0.7848054
26062,LOF,0.036847144,0.1783474,0.7848054
26063,LOF,0.043062646,0.14488664,0.8120507
26064,LOF,0.036847144,0.1783474,0.7848054
26065,LOF,0.043062646,0.14488664,0.8120507
26066,LOF,0.043062646,0.14488664,0.8120507
26067,LOF,0.043062646,0.14488664,0.8120507
26068,LOF,0.053873982,0.120464236,0.8256618
26069,LOF,0.23597604,0.15846896,0.605555
26070,Neutral,0.45892593,0.15432432,0.3867497
26071,LOF,0.043062646,0.14488664,0.8120507
26072,LOF,0.036847144,0.1783474,0.7848054
26073,LOF,0.043062646,0.14488664,0.8120507
26074,Neutral,0.89309895,0.044494282,0.06240679
26075,LOF,0.04210587,0.2041565,0.75373757
26076,LOF,0.043062646,0.14488664,0.8120507
26077,LOF,0.036847144,0.1783474,0.7848054
26078,LOF,0.036847144,0.1783474,0.7848054
26079,LOF,0.053873982,0.120464236,0.8256618
26080,LOF,0.053873982,0.120464236,0.8256618
26081,LOF,0.043062646,0.14488664,0.8120507
26082,LOF,0.036847144,0.1783474,0.7848054
26083,LOF,0.043062646,0.14488664,0.8120507
26084,LOF,0.043062646,0.14488664,0.8120507
26085,LOF,0.043062646,0.14488664,0.8120507
26086,LOF,0.043062646,0.14488664,0.8120507
26087,LOF,0.043062646,0.14488664,0.8120507
26088,LOF,0.036847144,0.1783474,0.7848054
26089,LOF,0.04210587,0.2041565,0.75373757
26090,LOF,0.04210587,0.2041565,0.75373757
26091,LOF,0.043062646,0.14488664,0.8120507
26092,LOF,0.043062646,0.14488664,0.8120507
26093,LOF,0.043062646,0.14488664,0.8120507
26094,LOF,0.043062646,0.14488664,0.8120507
26095,LOF,0.036847144,0.1783474,0.7848054
26096,LOF,0.036847144,0.1783474,0.7848054
26097,LOF,0.036847144,0.1783474,0.7848054
26098,LOF,0.053873982,0.120464236,0.8256618
26099,LOF,0.043062646,0.14488664,0.8120507
26100,LOF,0.043062646,0.14488664,0.8120507
26101,LOF,0.043062646,0.14488664,0.8120507
26102,LOF,0.043062646,0.14488664,0.8120507
26103,Neutral,0.9412382,0.022898082,0.03586368
26104,LOF,0.053873982,0.120464236,0.8256618
26105,GOF,0.20006396,0.52299416,0.27694187
26106,GOF,0.20006396,0.52299416,0.27694187
26107,GOF,0.20006396,0.52299416,0.27694187
26108,GOF,0.20006396,0.52299416,0.27694187
26109,LOF,0.036847144,0.1783474,0.7848054
26110,LOF,0.043062646,0.14488664,0.8120507
26111,GOF,0.20006396,0.52299416,0.27694187
26112,LOF,0.043062646,0.14488664,0.8120507
26113,LOF,0.043062646,0.14488664,0.8120507
26114,LOF,0.036847144,0.1783474,0.7848054
26115,GOF,0.20006396,0.52299416,0.27694187
26116,LOF,0.043062646,0.14488664,0.8120507
26117,LOF,0.04210587,0.2041565,0.75373757
26118,LOF,0.043062646,0.14488664,0.8120507
26119,GOF,0.20006396,0.52299416,0.27694187
26120,LOF,0.043062646,0.14488664,0.8120507
26121,GOF,0.20006396,0.52299416,0.27694187
26122,GOF,0.20006396,0.52299416,0.27694187
26123,GOF,0.20006396,0.52299416,0.27694187
26124,GOF,0.20006396,0.52299416,0.27694187
26125,GOF,0.20006396,0.52299416,0.27694187
26126,GOF,0.20006396,0.52299416,0.27694187
26127,GOF,0.20006396,0.52299416,0.27694187
26128,GOF,0.20006396,0.52299416,0.27694187
26129,GOF,0.20006396,0.52299416,0.27694187
26130,GOF,0.20006396,0.52299416,0.27694187
26131,GOF,0.20006396,0.52299416,0.27694187
26132,GOF,0.20006396,0.52299416,0.27694187
26133,LOF,0.043062646,0.14488664,0.8120507
26134,GOF,0.20006396,0.52299416,0.27694187
26135,GOF,0.20006396,0.52299416,0.27694187
26136,GOF,0.20006396,0.52299416,0.27694187
26137,LOF,0.043062646,0.14488664,0.8120507
26138,GOF,0.20006396,0.52299416,0.27694187
26139,GOF,0.20006396,0.52299416,0.27694187
26140,GOF,0.20006396,0.52299416,0.27694187
26141,GOF,0.20006396,0.52299416,0.27694187
26142,LOF,0.036847144,0.1783474,0.7848054
26143,LOF,0.043062646,0.14488664,0.8120507
26144,LOF,0.036847144,0.1783474,0.7848054
26145,GOF,0.20006396,0.52299416,0.27694187
26146,LOF,0.043062646,0.14488664,0.8120507
26147,LOF,0.043062646,0.14488664,0.8120507
26148,LOF,0.043062646,0.14488664,0.8120507
26149,GOF,0.20006396,0.52299416,0.27694187
26150,LOF,0.036847144,0.1783474,0.7848054
26151,LOF,0.1352766,0.011112426,0.85361105
26152,LOF,0.043062646,0.14488664,0.8120507
26153,GOF,0.20006396,0.52299416,0.27694187
26154,LOF,0.043062646,0.14488664,0.8120507
26155,GOF,0.20006396,0.52299416,0.27694187
26156,LOF,0.09775189,0.08648366,0.8157645
26157,GOF,0.20006396,0.52299416,0.27694187
26158,LOF,0.036847144,0.1783474,0.7848054
26159,GOF,0.20006396,0.52299416,0.27694187
26160,GOF,0.20006396,0.52299416,0.27694187
26161,GOF,0.20006396,0.52299416,0.27694187
26162,GOF,0.20006396,0.52299416,0.27694187
26163,LOF,0.04210587,0.2041565,0.75373757
26164,GOF,0.20006396,0.52299416,0.27694187
26165,LOF,0.036847144,0.1783474,0.7848054
26166,LOF,0.23597604,0.15846896,0.605555
26167,GOF,0.20006396,0.52299416,0.27694187
26168,LOF,0.043062646,0.14488664,0.8120507
26169,GOF,0.20006396,0.52299416,0.27694187
26170,GOF,0.20006396,0.52299416,0.27694187
26171,LOF,0.036847144,0.1783474,0.7848054
26172,LOF,0.036847144,0.1783474,0.7848054
26173,GOF,0.20006396,0.52299416,0.27694187
26174,LOF,0.04210587,0.2041565,0.75373757
26175,GOF,0.20006396,0.52299416,0.27694187
26176,LOF,0.043062646,0.14488664,0.8120507
26177,LOF,0.036847144,0.1783474,0.7848054
26178,LOF,0.036847144,0.1783474,0.7848054
26179,GOF,0.20006396,0.52299416,0.27694187
26180,LOF,0.036847144,0.1783474,0.7848054
26181,LOF,0.043062646,0.14488664,0.8120507
26182,LOF,0.043062646,0.14488664,0.8120507
26183,LOF,0.036847144,0.1783474,0.7848054
26184,LOF,0.04210587,0.2041565,0.75373757
26185,LOF,0.036847144,0.1783474,0.7848054
26186,LOF,0.036847144,0.1783474,0.7848054
26187,LOF,0.043062646,0.14488664,0.8120507
26188,LOF,0.043062646,0.14488664,0.8120507
26189,LOF,0.043062646,0.14488664,0.8120507
26190,LOF,0.043062646,0.14488664,0.8120507
26191,LOF,0.043062646,0.14488664,0.8120507
26192,LOF,0.036847144,0.1783474,0.7848054
26193,LOF,0.053873982,0.120464236,0.8256618
26194,LOF,0.036847144,0.1783474,0.7848054
26195,LOF,0.043062646,0.14488664,0.8120507
26196,GOF,0.20006396,0.52299416,0.27694187
26197,GOF,0.20006396,0.52299416,0.27694187
26198,LOF,0.043062646,0.14488664,0.8120507
26199,LOF,0.043062646,0.14488664,0.8120507
26200,Neutral,0.9412382,0.022898082,0.03586368
26201,Neutral,0.89309895,0.044494282,0.06240679
26202,LOF,0.043062646,0.14488664,0.8120507
26203,GOF,0.20006396,0.52299416,0.27694187
26204,GOF,0.20006396,0.52299416,0.27694187
26205,GOF,0.20006396,0.52299416,0.27694187
26206,LOF,0.036847144,0.1783474,0.7848054
26207,LOF,0.036847144,0.1783474,0.7848054
26208,LOF,0.043062646,0.14488664,0.8120507
26209,LOF,0.036847144,0.1783474,0.7848054
26210,LOF,0.036847144,0.1783474,0.7848054
26211,LOF,0.036847144,0.1783474,0.7848054
26212,LOF,0.043062646,0.14488664,0.8120507
26213,GOF,0.20006396,0.52299416,0.27694187
26214,GOF,0.20006396,0.52299416,0.27694187
26215,LOF,0.053873982,0.120464236,0.8256618
26216,LOF,0.036847144,0.1783474,0.7848054
26217,LOF,0.036847144,0.1783474,0.7848054
26218,LOF,0.036847144,0.1783474,0.7848054
26219,GOF,0.20006396,0.52299416,0.27694187
26220,GOF,0.20006396,0.52299416,0.27694187
26221,GOF,0.20006396,0.52299416,0.27694187
26222,GOF,0.20006396,0.52299416,0.27694187
26223,GOF,0.20006396,0.52299416,0.27694187
26224,GOF,0.20006396,0.52299416,0.27694187
26225,GOF,0.20006396,0.52299416,0.27694187
26226,GOF,0.20006396,0.52299416,0.27694187
26227,GOF,0.20006396,0.52299416,0.27694187
26228,Neutral,0.36314976,0.2915617,0.3452885
26229,Neutral,0.36314976,0.2915617,0.3452885
26230,Neutral,0.36314976,0.2915617,0.3452885
26231,Neutral,0.36314976,0.2915617,0.3452885
26232,Neutral,0.36314976,0.2915617,0.3452885
26233,Neutral,0.36314976,0.2915617,0.3452885
26234,Neutral,0.36314976,0.2915617,0.3452885
26235,Neutral,0.36314976,0.2915617,0.3452885
26236,Neutral,0.36314976,0.2915617,0.3452885
26237,Neutral,0.36314976,0.2915617,0.3452885
26238,Neutral,0.36314976,0.2915617,0.3452885
26239,Neutral,0.36314976,0.2915617,0.3452885
26240,LOF,0.043062646,0.14488664,0.8120507
26241,LOF,0.043062646,0.14488664,0.8120507
26242,LOF,0.036847144,0.1783474,0.7848054
26243,LOF,0.043062646,0.14488664,0.8120507
26244,LOF,0.036847144,0.1783474,0.7848054
26245,LOF,0.04210587,0.2041565,0.75373757
26246,LOF,0.043062646,0.14488664,0.8120507
26247,LOF,0.043062646,0.14488664,0.8120507
26248,LOF,0.036847144,0.1783474,0.7848054
26249,LOF,0.043062646,0.14488664,0.8120507
26250,LOF,0.036847144,0.1783474,0.7848054
26251,LOF,0.036847144,0.1783474,0.7848054
26252,LOF,0.036847144,0.1783474,0.7848054
26253,LOF,0.043062646,0.14488664,0.8120507
26254,GOF,0.20006396,0.52299416,0.27694187
26255,LOF,0.036847144,0.1783474,0.7848054
26256,GOF,0.20006396,0.52299416,0.27694187
26257,GOF,0.20006396,0.52299416,0.27694187
26258,GOF,0.20006396,0.52299416,0.27694187
26259,GOF,0.20006396,0.52299416,0.27694187
26260,LOF,0.053873982,0.120464236,0.8256618
26261,LOF,0.043062646,0.14488664,0.8120507
26262,LOF,0.036847144,0.1783474,0.7848054
26263,GOF,0.20006396,0.52299416,0.27694187
26264,LOF,0.04210587,0.2041565,0.75373757
26265,GOF,0.20006396,0.52299416,0.27694187
26266,GOF,0.20006396,0.52299416,0.27694187
26267,GOF,0.20006396,0.52299416,0.27694187
26268,GOF,0.20006396,0.52299416,0.27694187
26269,LOF,0.04210587,0.2041565,0.75373757
26270,GOF,0.20006396,0.52299416,0.27694187
26271,LOF,0.043062646,0.14488664,0.8120507
26272,LOF,0.043062646,0.14488664,0.8120507
26273,GOF,0.20006396,0.52299416,0.27694187
26274,LOF,0.036847144,0.1783474,0.7848054
26275,Neutral,0.36314976,0.2915617,0.3452885
26276,LOF,0.043062646,0.14488664,0.8120507
26277,LOF,0.036847144,0.1783474,0.7848054
26278,GOF,0.20006396,0.52299416,0.27694187
26279,GOF,0.20006396,0.52299416,0.27694187
26280,GOF,0.20006396,0.52299416,0.27694187
26281,GOF,0.20006396,0.52299416,0.27694187
26282,GOF,0.20006396,0.52299416,0.27694187
26283,GOF,0.20006396,0.52299416,0.27694187
26284,LOF,0.043062646,0.14488664,0.8120507
26285,LOF,0.043062646,0.14488664,0.8120507
26286,GOF,0.20006396,0.52299416,0.27694187
26287,LOF,0.036847144,0.1783474,0.7848054
26288,LOF,0.036847144,0.1783474,0.7848054
26289,GOF,0.20006396,0.52299416,0.27694187
26290,GOF,0.20006396,0.52299416,0.27694187
26291,GOF,0.20006396,0.52299416,0.27694187
26292,GOF,0.20006396,0.52299416,0.27694187
26293,LOF,0.043062646,0.14488664,0.8120507
26294,LOF,0.043062646,0.14488664,0.8120507
26295,GOF,0.20006396,0.52299416,0.27694187
26296,Neutral,0.36314976,0.2915617,0.3452885
26297,Neutral,0.36314976,0.2915617,0.3452885
26298,GOF,0.20006396,0.52299416,0.27694187
26299,LOF,0.04210587,0.2041565,0.75373757
26300,LOF,0.036847144,0.1783474,0.7848054
26301,GOF,0.20006396,0.52299416,0.27694187
26302,LOF,0.043062646,0.14488664,0.8120507
26303,GOF,0.20006396,0.52299416,0.27694187
26304,GOF,0.20006396,0.52299416,0.27694187
26305,GOF,0.20006396,0.52299416,0.27694187
26306,GOF,0.20006396,0.52299416,0.27694187
26307,GOF,0.20006396,0.52299416,0.27694187
26308,GOF,0.20006396,0.52299416,0.27694187
26309,GOF,0.20006396,0.52299416,0.27694187
26310,LOF,0.036847144,0.1783474,0.7848054
26311,GOF,0.20006396,0.52299416,0.27694187
26312,GOF,0.20006396,0.52299416,0.27694187
26313,GOF,0.20006396,0.52299416,0.27694187
26314,LOF,0.036847144,0.1783474,0.7848054
26315,LOF,0.036847144,0.1783474,0.7848054
26316,GOF,0.20006396,0.52299416,0.27694187
26317,LOF,0.036847144,0.1783474,0.7848054
26318,LOF,0.036847144,0.1783474,0.7848054
26319,GOF,0.20006396,0.52299416,0.27694187
26320,GOF,0.20006396,0.52299416,0.27694187
26321,GOF,0.20006396,0.52299416,0.27694187
26322,LOF,0.036847144,0.1783474,0.7848054
26323,LOF,0.043062646,0.14488664,0.8120507
26324,LOF,0.043062646,0.14488664,0.8120507
26325,GOF,0.114163496,0.44700903,0.43882748
26326,LOF,0.036847144,0.1783474,0.7848054
26327,GOF,0.20006396,0.52299416,0.27694187
26328,GOF,0.20006396,0.52299416,0.27694187
26329,LOF,0.036847144,0.1783474,0.7848054
26330,LOF,0.053873982,0.120464236,0.8256618
26331,GOF,0.20006396,0.52299416,0.27694187
26332,LOF,0.036847144,0.1783474,0.7848054
26333,LOF,0.036847144,0.1783474,0.7848054
26334,Neutral,0.7451652,0.08186935,0.17296544
26335,LOF,0.036847144,0.1783474,0.7848054
26336,LOF,0.036847144,0.1783474,0.7848054
26337,LOF,0.04210587,0.2041565,0.75373757
26338,LOF,0.043062646,0.14488664,0.8120507
26339,GOF,0.20006396,0.52299416,0.27694187
26340,LOF,0.036847144,0.1783474,0.7848054
26341,LOF,0.043062646,0.14488664,0.8120507
26342,LOF,0.043062646,0.14488664,0.8120507
26343,LOF,0.043062646,0.14488664,0.8120507
26344,LOF,0.043062646,0.14488664,0.8120507
26345,LOF,0.036847144,0.1783474,0.7848054
26346,LOF,0.043062646,0.14488664,0.8120507
26347,LOF,0.043062646,0.14488664,0.8120507
26348,LOF,0.036847144,0.1783474,0.7848054
26349,LOF,0.036847144,0.1783474,0.7848054
26350,LOF,0.036847144,0.1783474,0.7848054
26351,LOF,0.043062646,0.14488664,0.8120507
26352,LOF,0.043062646,0.14488664,0.8120507
26353,LOF,0.036847144,0.1783474,0.7848054
26354,LOF,0.043062646,0.14488664,0.8120507
26355,LOF,0.043062646,0.14488664,0.8120507
26356,LOF,0.04210587,0.2041565,0.75373757
26357,LOF,0.043062646,0.14488664,0.8120507
26358,LOF,0.043062646,0.14488664,0.8120507
26359,LOF,0.036847144,0.1783474,0.7848054
26360,GOF,0.20006396,0.52299416,0.27694187
26361,LOF,0.043062646,0.14488664,0.8120507
26362,Neutral,0.36314976,0.2915617,0.3452885
26363,GOF,0.20006396,0.52299416,0.27694187
26364,GOF,0.20006396,0.52299416,0.27694187
26365,GOF,0.20006396,0.52299416,0.27694187
26366,LOF,0.043062646,0.14488664,0.8120507
26367,GOF,0.20006396,0.52299416,0.27694187
26368,GOF,0.20006396,0.52299416,0.27694187
26369,GOF,0.20006396,0.52299416,0.27694187
26370,GOF,0.20006396,0.52299416,0.27694187
26371,GOF,0.114163496,0.44700903,0.43882748
26372,GOF,0.20006396,0.52299416,0.27694187
26373,LOF,0.043062646,0.14488664,0.8120507
26374,LOF,0.036847144,0.1783474,0.7848054
26375,LOF,0.04210587,0.2041565,0.75373757
26376,GOF,0.20006396,0.52299416,0.27694187
26377,LOF,0.036847144,0.1783474,0.7848054
26378,GOF,0.20006396,0.52299416,0.27694187
26379,LOF,0.043062646,0.14488664,0.8120507
26380,GOF,0.20006396,0.52299416,0.27694187
26381,GOF,0.114163496,0.44700903,0.43882748
26382,LOF,0.036847144,0.1783474,0.7848054
26383,GOF,0.20006396,0.52299416,0.27694187
26384,GOF,0.20006396,0.52299416,0.27694187
26385,GOF,0.20006396,0.52299416,0.27694187
26386,GOF,0.20006396,0.52299416,0.27694187
26387,GOF,0.20006396,0.52299416,0.27694187
26388,GOF,0.20006396,0.52299416,0.27694187
26389,GOF,0.20006396,0.52299416,0.27694187
26390,GOF,0.20006396,0.52299416,0.27694187
26391,GOF,0.20006396,0.52299416,0.27694187
26392,LOF,0.04210587,0.2041565,0.75373757
26393,GOF,0.20006396,0.52299416,0.27694187
26394,GOF,0.20006396,0.52299416,0.27694187
26395,LOF,0.043062646,0.14488664,0.8120507
26396,LOF,0.043062646,0.14488664,0.8120507
26397,GOF,0.20006396,0.52299416,0.27694187
26398,GOF,0.20006396,0.52299416,0.27694187
26399,GOF,0.20006396,0.52299416,0.27694187
26400,LOF,0.043062646,0.14488664,0.8120507
26401,LOF,0.036847144,0.1783474,0.7848054
26402,LOF,0.043062646,0.14488664,0.8120507
26403,LOF,0.043062646,0.14488664,0.8120507
26404,LOF,0.043062646,0.14488664,0.8120507
26405,LOF,0.043062646,0.14488664,0.8120507
26406,LOF,0.036847144,0.1783474,0.7848054
26407,LOF,0.043062646,0.14488664,0.8120507
26408,LOF,0.043062646,0.14488664,0.8120507
26409,GOF,0.20006396,0.52299416,0.27694187
26410,GOF,0.20006396,0.52299416,0.27694187
26411,LOF,0.043062646,0.14488664,0.8120507
26412,GOF,0.114163496,0.44700903,0.43882748
26413,LOF,0.053873982,0.120464236,0.8256618
26414,LOF,0.036847144,0.1783474,0.7848054
26415,GOF,0.20006396,0.52299416,0.27694187
26416,LOF,0.043062646,0.14488664,0.8120507
26417,GOF,0.20006396,0.52299416,0.27694187
26418,GOF,0.20006396,0.52299416,0.27694187
26419,LOF,0.043062646,0.14488664,0.8120507
26420,GOF,0.20006396,0.52299416,0.27694187
26421,GOF,0.114163496,0.44700903,0.43882748
26422,GOF,0.20006396,0.52299416,0.27694187
26423,LOF,0.043062646,0.14488664,0.8120507
26424,LOF,0.043062646,0.14488664,0.8120507
26425,LOF,0.09775189,0.08648366,0.8157645
26426,LOF,0.036847144,0.1783474,0.7848054
26427,LOF,0.043062646,0.14488664,0.8120507
26428,LOF,0.036847144,0.1783474,0.7848054
26429,GOF,0.20006396,0.52299416,0.27694187
26430,LOF,0.043062646,0.14488664,0.8120507
26431,LOF,0.04210587,0.2041565,0.75373757
26432,LOF,0.09775189,0.08648366,0.8157645
26433,LOF,0.04210587,0.2041565,0.75373757
26434,LOF,0.04210587,0.2041565,0.75373757
26435,LOF,0.036847144,0.1783474,0.7848054
26436,LOF,0.036847144,0.1783474,0.7848054
26437,LOF,0.036847144,0.1783474,0.7848054
26438,GOF,0.20006396,0.52299416,0.27694187
26439,GOF,0.114163496,0.44700903,0.43882748
26440,GOF,0.20006396,0.52299416,0.27694187
26441,GOF,0.20006396,0.52299416,0.27694187
26442,GOF,0.20006396,0.52299416,0.27694187
26443,GOF,0.20006396,0.52299416,0.27694187
26444,GOF,0.20006396,0.52299416,0.27694187
26445,GOF,0.20006396,0.52299416,0.27694187
26446,GOF,0.20006396,0.52299416,0.27694187
26447,GOF,0.20006396,0.52299416,0.27694187
26448,GOF,0.20006396,0.52299416,0.27694187
26449,GOF,0.20006396,0.52299416,0.27694187
26450,GOF,0.20006396,0.52299416,0.27694187
26451,GOF,0.20006396,0.52299416,0.27694187
26452,LOF,0.04210587,0.2041565,0.75373757
26453,GOF,0.20006396,0.52299416,0.27694187
26454,GOF,0.20006396,0.52299416,0.27694187
26455,LOF,0.036847144,0.1783474,0.7848054
26456,LOF,0.043062646,0.14488664,0.8120507
26457,GOF,0.20006396,0.52299416,0.27694187
26458,LOF,0.036847144,0.1783474,0.7848054
26459,LOF,0.036847144,0.1783474,0.7848054
26460,GOF,0.20006396,0.52299416,0.27694187
26461,LOF,0.036847144,0.1783474,0.7848054
26462,LOF,0.043062646,0.14488664,0.8120507
26463,LOF,0.043062646,0.14488664,0.8120507
26464,LOF,0.043062646,0.14488664,0.8120507
26465,GOF,0.20006396,0.52299416,0.27694187
26466,GOF,0.20006396,0.52299416,0.27694187
26467,LOF,0.043062646,0.14488664,0.8120507
26468,LOF,0.036847144,0.1783474,0.7848054
26469,LOF,0.043062646,0.14488664,0.8120507
26470,GOF,0.20006396,0.52299416,0.27694187
26471,GOF,0.20006396,0.52299416,0.27694187
26472,GOF,0.20006396,0.52299416,0.27694187
26473,LOF,0.043062646,0.14488664,0.8120507
26474,LOF,0.043062646,0.14488664,0.8120507
26475,LOF,0.043062646,0.14488664,0.8120507
26476,LOF,0.043062646,0.14488664,0.8120507
26477,GOF,0.20006396,0.52299416,0.27694187
26478,LOF,0.053873982,0.120464236,0.8256618
26479,LOF,0.09775189,0.08648366,0.8157645
26480,LOF,0.036847144,0.1783474,0.7848054
26481,LOF,0.043062646,0.14488664,0.8120507
26482,GOF,0.20006396,0.52299416,0.27694187
26483,GOF,0.20006396,0.52299416,0.27694187
26484,GOF,0.20006396,0.52299416,0.27694187
26485,LOF,0.036847144,0.1783474,0.7848054
26486,GOF,0.20006396,0.52299416,0.27694187
26487,GOF,0.20006396,0.52299416,0.27694187
26488,LOF,0.043062646,0.14488664,0.8120507
26489,GOF,0.20006396,0.52299416,0.27694187
26490,GOF,0.20006396,0.52299416,0.27694187
26491,LOF,0.036847144,0.1783474,0.7848054
26492,GOF,0.20006396,0.52299416,0.27694187
26493,GOF,0.20006396,0.52299416,0.27694187
26494,LOF,0.043062646,0.14488664,0.8120507
26495,GOF,0.20006396,0.52299416,0.27694187
26496,GOF,0.20006396,0.52299416,0.27694187
26497,GOF,0.20006396,0.52299416,0.27694187
26498,GOF,0.20006396,0.52299416,0.27694187
26499,LOF,0.036847144,0.1783474,0.7848054
26500,LOF,0.043062646,0.14488664,0.8120507
26501,GOF,0.20006396,0.52299416,0.27694187
26502,LOF,0.043062646,0.14488664,0.8120507
26503,GOF,0.20006396,0.52299416,0.27694187
26504,LOF,0.043062646,0.14488664,0.8120507
26505,LOF,0.043062646,0.14488664,0.8120507
26506,LOF,0.036847144,0.1783474,0.7848054
26507,GOF,0.20006396,0.52299416,0.27694187
26508,LOF,0.036847144,0.1783474,0.7848054
26509,GOF,0.20006396,0.52299416,0.27694187
26510,GOF,0.20006396,0.52299416,0.27694187
26511,GOF,0.20006396,0.52299416,0.27694187
26512,GOF,0.20006396,0.52299416,0.27694187
26513,GOF,0.20006396,0.52299416,0.27694187
26514,GOF,0.20006396,0.52299416,0.27694187
26515,GOF,0.20006396,0.52299416,0.27694187
26516,GOF,0.20006396,0.52299416,0.27694187
26517,LOF,0.043062646,0.14488664,0.8120507
26518,GOF,0.20006396,0.52299416,0.27694187
26519,GOF,0.20006396,0.52299416,0.27694187
26520,GOF,0.20006396,0.52299416,0.27694187
26521,LOF,0.043062646,0.14488664,0.8120507
26522,LOF,0.27883497,0.26495034,0.45621473
26523,LOF,0.036847144,0.1783474,0.7848054
26524,LOF,0.043062646,0.14488664,0.8120507
26525,LOF,0.043062646,0.14488664,0.8120507
26526,LOF,0.043062646,0.14488664,0.8120507
26527,LOF,0.043062646,0.14488664,0.8120507
26528,LOF,0.043062646,0.14488664,0.8120507
26529,GOF,0.20006396,0.52299416,0.27694187
26530,LOF,0.043062646,0.14488664,0.8120507
26531,GOF,0.20006396,0.52299416,0.27694187
26532,GOF,0.20006396,0.52299416,0.27694187
26533,LOF,0.043062646,0.14488664,0.8120507
26534,GOF,0.20006396,0.52299416,0.27694187
26535,GOF,0.20006396,0.52299416,0.27694187
26536,GOF,0.20006396,0.52299416,0.27694187
26537,GOF,0.20006396,0.52299416,0.27694187
26538,LOF,0.036847144,0.1783474,0.7848054
26539,GOF,0.20006396,0.52299416,0.27694187
26540,GOF,0.20006396,0.52299416,0.27694187
26541,GOF,0.20006396,0.52299416,0.27694187
26542,GOF,0.20006396,0.52299416,0.27694187
26543,GOF,0.20006396,0.52299416,0.27694187
26544,GOF,0.20006396,0.52299416,0.27694187
26545,GOF,0.20006396,0.52299416,0.27694187
26546,GOF,0.20006396,0.52299416,0.27694187
26547,LOF,0.036847144,0.1783474,0.7848054
26548,LOF,0.036847144,0.1783474,0.7848054
26549,LOF,0.036847144,0.1783474,0.7848054
26550,LOF,0.036847144,0.1783474,0.7848054
26551,Neutral,0.45892593,0.15432432,0.3867497
26552,LOF,0.04210587,0.2041565,0.75373757
26553,Neutral,0.7451652,0.08186935,0.17296544
26554,GOF,0.20006396,0.52299416,0.27694187
26555,LOF,0.036847144,0.1783474,0.7848054
26556,LOF,0.043062646,0.14488664,0.8120507
26557,LOF,0.036847144,0.1783474,0.7848054
26558,LOF,0.043062646,0.14488664,0.8120507
26559,LOF,0.036847144,0.1783474,0.7848054
26560,LOF,0.053873982,0.120464236,0.8256618
26561,GOF,0.20006396,0.52299416,0.27694187
26562,LOF,0.036847144,0.1783474,0.7848054
26563,LOF,0.036847144,0.1783474,0.7848054
26564,LOF,0.036847144,0.1783474,0.7848054
26565,LOF,0.036847144,0.1783474,0.7848054
26566,LOF,0.036847144,0.1783474,0.7848054
26567,LOF,0.043062646,0.14488664,0.8120507
26568,LOF,0.043062646,0.14488664,0.8120507
26569,LOF,0.036847144,0.1783474,0.7848054
26570,GOF,0.20006396,0.52299416,0.27694187
26571,GOF,0.20006396,0.52299416,0.27694187
26572,GOF,0.20006396,0.52299416,0.27694187
26573,LOF,0.053873982,0.120464236,0.8256618
26574,LOF,0.036847144,0.1783474,0.7848054
26575,GOF,0.20006396,0.52299416,0.27694187
26576,GOF,0.20006396,0.52299416,0.27694187
26577,GOF,0.20006396,0.52299416,0.27694187
26578,LOF,0.043062646,0.14488664,0.8120507
26579,GOF,0.20006396,0.52299416,0.27694187
26580,GOF,0.20006396,0.52299416,0.27694187
26581,LOF,0.043062646,0.14488664,0.8120507
26582,GOF,0.20006396,0.52299416,0.27694187
26583,GOF,0.20006396,0.52299416,0.27694187
26584,GOF,0.20006396,0.52299416,0.27694187
26585,GOF,0.20006396,0.52299416,0.27694187
26586,GOF,0.20006396,0.52299416,0.27694187
26587,LOF,0.043062646,0.14488664,0.8120507
26588,GOF,0.20006396,0.52299416,0.27694187
26589,LOF,0.043062646,0.14488664,0.8120507
26590,LOF,0.043062646,0.14488664,0.8120507
26591,GOF,0.20006396,0.52299416,0.27694187
26592,GOF,0.20006396,0.52299416,0.27694187
26593,GOF,0.20006396,0.52299416,0.27694187
26594,GOF,0.20006396,0.52299416,0.27694187
26595,GOF,0.114163496,0.44700903,0.43882748
26596,GOF,0.20006396,0.52299416,0.27694187
26597,GOF,0.20006396,0.52299416,0.27694187
26598,GOF,0.20006396,0.52299416,0.27694187
26599,GOF,0.20006396,0.52299416,0.27694187
26600,GOF,0.20006396,0.52299416,0.27694187
26601,GOF,0.20006396,0.52299416,0.27694187
26602,LOF,0.043062646,0.14488664,0.8120507
26603,LOF,0.043062646,0.14488664,0.8120507
26604,GOF,0.20006396,0.52299416,0.27694187
26605,GOF,0.20006396,0.52299416,0.27694187
26606,LOF,0.04210587,0.2041565,0.75373757
26607,LOF,0.04210587,0.2041565,0.75373757
26608,LOF,0.043062646,0.14488664,0.8120507
26609,GOF,0.20006396,0.52299416,0.27694187
26610,GOF,0.20006396,0.52299416,0.27694187
26611,GOF,0.20006396,0.52299416,0.27694187
26612,GOF,0.20006396,0.52299416,0.27694187
26613,GOF,0.20006396,0.52299416,0.27694187
26614,GOF,0.20006396,0.52299416,0.27694187
26615,GOF,0.20006396,0.52299416,0.27694187
26616,LOF,0.043062646,0.14488664,0.8120507
26617,GOF,0.20006396,0.52299416,0.27694187
26618,GOF,0.20006396,0.52299416,0.27694187
26619,GOF,0.20006396,0.52299416,0.27694187
26620,GOF,0.20006396,0.52299416,0.27694187
26621,GOF,0.20006396,0.52299416,0.27694187
26622,GOF,0.20006396,0.52299416,0.27694187
26623,GOF,0.20006396,0.52299416,0.27694187
26624,GOF,0.20006396,0.52299416,0.27694187
26625,GOF,0.20006396,0.52299416,0.27694187
26626,GOF,0.20006396,0.52299416,0.27694187
26627,Neutral,0.9412382,0.022898082,0.03586368
26628,LOF,0.053873982,0.120464236,0.8256618
26629,LOF,0.053873982,0.120464236,0.8256618
26630,GOF,0.20006396,0.52299416,0.27694187
26631,GOF,0.114163496,0.44700903,0.43882748
26632,GOF,0.20006396,0.52299416,0.27694187
26633,LOF,0.043062646,0.14488664,0.8120507
26634,LOF,0.043062646,0.14488664,0.8120507
26635,GOF,0.20006396,0.52299416,0.27694187
26636,GOF,0.20006396,0.52299416,0.27694187
26637,GOF,0.20006396,0.52299416,0.27694187
26638,GOF,0.20006396,0.52299416,0.27694187
26639,LOF,0.043062646,0.14488664,0.8120507
26640,LOF,0.23597604,0.15846896,0.605555
26641,LOF,0.053873982,0.120464236,0.8256618
26642,GOF,0.20006396,0.52299416,0.27694187
26643,GOF,0.20006396,0.52299416,0.27694187
26644,LOF,0.043062646,0.14488664,0.8120507
26645,GOF,0.20006396,0.52299416,0.27694187
26646,GOF,0.20006396,0.52299416,0.27694187
26647,GOF,0.20006396,0.52299416,0.27694187
26648,GOF,0.20006396,0.52299416,0.27694187
26649,GOF,0.20006396,0.52299416,0.27694187
26650,LOF,0.043062646,0.14488664,0.8120507
26651,GOF,0.20006396,0.52299416,0.27694187
26652,GOF,0.20006396,0.52299416,0.27694187
26653,LOF,0.043062646,0.14488664,0.8120507
26654,LOF,0.036847144,0.1783474,0.7848054
26655,Neutral,0.7451652,0.08186935,0.17296544
26656,GOF,0.20006396,0.52299416,0.27694187
26657,GOF,0.20006396,0.52299416,0.27694187
26658,GOF,0.20006396,0.52299416,0.27694187
26659,GOF,0.20006396,0.52299416,0.27694187
26660,LOF,0.04210587,0.2041565,0.75373757
26661,LOF,0.04210587,0.2041565,0.75373757
26662,GOF,0.20006396,0.52299416,0.27694187
26663,GOF,0.20006396,0.52299416,0.27694187
26664,LOF,0.036847144,0.1783474,0.7848054
26665,LOF,0.043062646,0.14488664,0.8120507
26666,LOF,0.043062646,0.14488664,0.8120507
26667,GOF,0.20006396,0.52299416,0.27694187
26668,GOF,0.20006396,0.52299416,0.27694187
26669,GOF,0.20006396,0.52299416,0.27694187
26670,GOF,0.20006396,0.52299416,0.27694187
26671,LOF,0.043062646,0.14488664,0.8120507
26672,LOF,0.043062646,0.14488664,0.8120507
26673,GOF,0.20006396,0.52299416,0.27694187
26674,LOF,0.04210587,0.2041565,0.75373757
26675,LOF,0.043062646,0.14488664,0.8120507
26676,LOF,0.043062646,0.14488664,0.8120507
26677,GOF,0.20006396,0.52299416,0.27694187
26678,GOF,0.20006396,0.52299416,0.27694187
26679,GOF,0.20006396,0.52299416,0.27694187
26680,Neutral,0.9412382,0.022898082,0.03586368
26681,GOF,0.20006396,0.52299416,0.27694187
26682,GOF,0.20006396,0.52299416,0.27694187
26683,GOF,0.20006396,0.52299416,0.27694187
26684,LOF,0.27883497,0.26495034,0.45621473
26685,LOF,0.27883497,0.26495034,0.45621473
26686,GOF,0.20006396,0.52299416,0.27694187
26687,LOF,0.043062646,0.14488664,0.8120507
26688,GOF,0.20006396,0.52299416,0.27694187
26689,LOF,0.043062646,0.14488664,0.8120507
26690,LOF,0.036847144,0.1783474,0.7848054
26691,GOF,0.20006396,0.52299416,0.27694187
26692,GOF,0.20006396,0.52299416,0.27694187
26693,GOF,0.20006396,0.52299416,0.27694187
26694,LOF,0.036847144,0.1783474,0.7848054
26695,LOF,0.036847144,0.1783474,0.7848054
26696,LOF,0.036847144,0.1783474,0.7848054
26697,LOF,0.043062646,0.14488664,0.8120507
26698,LOF,0.036847144,0.1783474,0.7848054
26699,LOF,0.036847144,0.1783474,0.7848054
26700,LOF,0.053873982,0.120464236,0.8256618
26701,GOF,0.20006396,0.52299416,0.27694187
26702,LOF,0.036847144,0.1783474,0.7848054
26703,LOF,0.04210587,0.2041565,0.75373757
26704,GOF,0.20006396,0.52299416,0.27694187
26705,LOF,0.04210587,0.2041565,0.75373757
26706,LOF,0.053873982,0.120464236,0.8256618
26707,GOF,0.20006396,0.52299416,0.27694187
26708,LOF,0.04210587,0.2041565,0.75373757
26709,LOF,0.04210587,0.2041565,0.75373757
26710,GOF,0.20006396,0.52299416,0.27694187
26711,LOF,0.04210587,0.2041565,0.75373757
26712,GOF,0.20006396,0.52299416,0.27694187
26713,LOF,0.04210587,0.2041565,0.75373757
26714,LOF,0.036847144,0.1783474,0.7848054
26715,LOF,0.043062646,0.14488664,0.8120507
26716,LOF,0.043062646,0.14488664,0.8120507
26717,LOF,0.043062646,0.14488664,0.8120507
26718,GOF,0.20006396,0.52299416,0.27694187
26719,LOF,0.053873982,0.120464236,0.8256618
26720,LOF,0.053873982,0.120464236,0.8256618
26721,GOF,0.20006396,0.52299416,0.27694187
26722,LOF,0.04210587,0.2041565,0.75373757
26723,LOF,0.036847144,0.1783474,0.7848054
26724,Neutral,0.36314976,0.2915617,0.3452885
26725,Neutral,0.36314976,0.2915617,0.3452885
26726,LOF,0.036847144,0.1783474,0.7848054
26727,LOF,0.036847144,0.1783474,0.7848054
26728,LOF,0.036847144,0.1783474,0.7848054
26729,LOF,0.043062646,0.14488664,0.8120507
26730,LOF,0.036847144,0.1783474,0.7848054
26731,GOF,0.20006396,0.52299416,0.27694187
26732,LOF,0.043062646,0.14488664,0.8120507
26733,LOF,0.043062646,0.14488664,0.8120507
26734,GOF,0.20006396,0.52299416,0.27694187
26735,GOF,0.20006396,0.52299416,0.27694187
26736,GOF,0.20006396,0.52299416,0.27694187
26737,LOF,0.036847144,0.1783474,0.7848054
26738,GOF,0.20006396,0.52299416,0.27694187
26739,LOF,0.1352766,0.011112426,0.85361105
26740,GOF,0.20006396,0.52299416,0.27694187
26741,GOF,0.20006396,0.52299416,0.27694187
26742,GOF,0.20006396,0.52299416,0.27694187
26743,GOF,0.20006396,0.52299416,0.27694187
26744,LOF,0.043062646,0.14488664,0.8120507
26745,GOF,0.20006396,0.52299416,0.27694187
26746,GOF,0.20006396,0.52299416,0.27694187
26747,GOF,0.20006396,0.52299416,0.27694187
26748,GOF,0.20006396,0.52299416,0.27694187
26749,GOF,0.20006396,0.52299416,0.27694187
26750,GOF,0.20006396,0.52299416,0.27694187
26751,LOF,0.036847144,0.1783474,0.7848054
26752,LOF,0.043062646,0.14488664,0.8120507
26753,GOF,0.20006396,0.52299416,0.27694187
26754,GOF,0.20006396,0.52299416,0.27694187
26755,GOF,0.20006396,0.52299416,0.27694187
26756,GOF,0.20006396,0.52299416,0.27694187
26757,GOF,0.20006396,0.52299416,0.27694187
26758,GOF,0.20006396,0.52299416,0.27694187
26759,GOF,0.20006396,0.52299416,0.27694187
26760,GOF,0.20006396,0.52299416,0.27694187
26761,GOF,0.20006396,0.52299416,0.27694187
26762,GOF,0.20006396,0.52299416,0.27694187
26763,GOF,0.20006396,0.52299416,0.27694187
26764,LOF,0.043062646,0.14488664,0.8120507
26765,GOF,0.20006396,0.52299416,0.27694187
26766,GOF,0.20006396,0.52299416,0.27694187
26767,GOF,0.20006396,0.52299416,0.27694187
26768,GOF,0.20006396,0.52299416,0.27694187
26769,GOF,0.20006396,0.52299416,0.27694187
26770,GOF,0.20006396,0.52299416,0.27694187
26771,LOF,0.043062646,0.14488664,0.8120507
26772,GOF,0.20006396,0.52299416,0.27694187
26773,GOF,0.20006396,0.52299416,0.27694187
26774,GOF,0.20006396,0.52299416,0.27694187
26775,GOF,0.20006396,0.52299416,0.27694187
26776,GOF,0.20006396,0.52299416,0.27694187
26777,LOF,0.043062646,0.14488664,0.8120507
26778,GOF,0.20006396,0.52299416,0.27694187
26779,GOF,0.20006396,0.52299416,0.27694187
26780,GOF,0.20006396,0.52299416,0.27694187
26781,GOF,0.20006396,0.52299416,0.27694187
26782,GOF,0.20006396,0.52299416,0.27694187
26783,GOF,0.20006396,0.52299416,0.27694187
26784,LOF,0.036847144,0.1783474,0.7848054
26785,GOF,0.20006396,0.52299416,0.27694187
26786,GOF,0.20006396,0.52299416,0.27694187
26787,GOF,0.20006396,0.52299416,0.27694187
26788,GOF,0.20006396,0.52299416,0.27694187
26789,GOF,0.20006396,0.52299416,0.27694187
26790,LOF,0.036847144,0.1783474,0.7848054
26791,LOF,0.036847144,0.1783474,0.7848054
26792,LOF,0.043062646,0.14488664,0.8120507
26793,GOF,0.20006396,0.52299416,0.27694187
26794,LOF,0.043062646,0.14488664,0.8120507
26795,LOF,0.036847144,0.1783474,0.7848054
26796,GOF,0.20006396,0.52299416,0.27694187
26797,GOF,0.20006396,0.52299416,0.27694187
26798,GOF,0.20006396,0.52299416,0.27694187
26799,GOF,0.20006396,0.52299416,0.27694187
26800,GOF,0.20006396,0.52299416,0.27694187
26801,GOF,0.20006396,0.52299416,0.27694187
26802,GOF,0.20006396,0.52299416,0.27694187
26803,GOF,0.20006396,0.52299416,0.27694187
26804,GOF,0.20006396,0.52299416,0.27694187
26805,LOF,0.04210587,0.2041565,0.75373757
26806,LOF,0.036847144,0.1783474,0.7848054
26807,GOF,0.20006396,0.52299416,0.27694187
26808,LOF,0.043062646,0.14488664,0.8120507
26809,GOF,0.20006396,0.52299416,0.27694187
26810,GOF,0.20006396,0.52299416,0.27694187
26811,GOF,0.20006396,0.52299416,0.27694187
26812,GOF,0.20006396,0.52299416,0.27694187
26813,LOF,0.036847144,0.1783474,0.7848054
26814,LOF,0.036847144,0.1783474,0.7848054
26815,LOF,0.036847144,0.1783474,0.7848054
26816,LOF,0.036847144,0.1783474,0.7848054
26817,LOF,0.036847144,0.1783474,0.7848054
26818,LOF,0.036847144,0.1783474,0.7848054
26819,LOF,0.04210587,0.2041565,0.75373757
26820,LOF,0.27883497,0.26495034,0.45621473
26821,LOF,0.27883497,0.26495034,0.45621473
26822,LOF,0.27883497,0.26495034,0.45621473
26823,GOF,0.20006396,0.52299416,0.27694187
26824,GOF,0.20006396,0.52299416,0.27694187
26825,GOF,0.20006396,0.52299416,0.27694187
26826,GOF,0.114163496,0.44700903,0.43882748
26827,LOF,0.053873982,0.120464236,0.8256618
26828,GOF,0.20006396,0.52299416,0.27694187
26829,GOF,0.20006396,0.52299416,0.27694187
26830,GOF,0.20006396,0.52299416,0.27694187
26831,Neutral,0.9412382,0.022898082,0.03586368
26832,Neutral,0.9412382,0.022898082,0.03586368
26833,Neutral,0.9412382,0.022898082,0.03586368
26834,GOF,0.20006396,0.52299416,0.27694187
26835,LOF,0.036847144,0.1783474,0.7848054
26836,LOF,0.036847144,0.1783474,0.7848054
26837,Neutral,0.45892593,0.15432432,0.3867497
26838,LOF,0.043062646,0.14488664,0.8120507
26839,GOF,0.20006396,0.52299416,0.27694187
26840,GOF,0.20006396,0.52299416,0.27694187
26841,GOF,0.20006396,0.52299416,0.27694187
26842,GOF,0.20006396,0.52299416,0.27694187
26843,LOF,0.043062646,0.14488664,0.8120507
26844,LOF,0.043062646,0.14488664,0.8120507
26845,LOF,0.043062646,0.14488664,0.8120507
26846,LOF,0.043062646,0.14488664,0.8120507
26847,GOF,0.20006396,0.52299416,0.27694187
26848,GOF,0.20006396,0.52299416,0.27694187
26849,GOF,0.20006396,0.52299416,0.27694187
26850,GOF,0.20006396,0.52299416,0.27694187
26851,GOF,0.20006396,0.52299416,0.27694187
26852,GOF,0.20006396,0.52299416,0.27694187
26853,GOF,0.20006396,0.52299416,0.27694187
26854,GOF,0.20006396,0.52299416,0.27694187
26855,GOF,0.20006396,0.52299416,0.27694187
26856,GOF,0.20006396,0.52299416,0.27694187
26857,GOF,0.20006396,0.52299416,0.27694187
26858,GOF,0.20006396,0.52299416,0.27694187
26859,GOF,0.20006396,0.52299416,0.27694187
26860,LOF,0.043062646,0.14488664,0.8120507
26861,GOF,0.20006396,0.52299416,0.27694187
26862,LOF,0.043062646,0.14488664,0.8120507
26863,LOF,0.043062646,0.14488664,0.8120507
26864,LOF,0.043062646,0.14488664,0.8120507
26865,LOF,0.036847144,0.1783474,0.7848054
26866,LOF,0.036847144,0.1783474,0.7848054
26867,LOF,0.036847144,0.1783474,0.7848054
26868,LOF,0.053873982,0.120464236,0.8256618
26869,LOF,0.036847144,0.1783474,0.7848054
26870,LOF,0.23597604,0.15846896,0.605555
26871,LOF,0.053873982,0.120464236,0.8256618
26872,LOF,0.036847144,0.1783474,0.7848054
26873,LOF,0.053873982,0.120464236,0.8256618
26874,LOF,0.043062646,0.14488664,0.8120507
26875,LOF,0.043062646,0.14488664,0.8120507
26876,LOF,0.043062646,0.14488664,0.8120507
26877,LOF,0.043062646,0.14488664,0.8120507
26878,LOF,0.036847144,0.1783474,0.7848054
26879,LOF,0.043062646,0.14488664,0.8120507
26880,LOF,0.043062646,0.14488664,0.8120507
26881,LOF,0.036847144,0.1783474,0.7848054
26882,LOF,0.053873982,0.120464236,0.8256618
26883,GOF,0.20006396,0.52299416,0.27694187
26884,LOF,0.043062646,0.14488664,0.8120507
26885,LOF,0.036847144,0.1783474,0.7848054
26886,LOF,0.043062646,0.14488664,0.8120507
26887,LOF,0.043062646,0.14488664,0.8120507
26888,LOF,0.043062646,0.14488664,0.8120507
26889,LOF,0.036847144,0.1783474,0.7848054
26890,LOF,0.036847144,0.1783474,0.7848054
26891,LOF,0.036847144,0.1783474,0.7848054
26892,LOF,0.036847144,0.1783474,0.7848054
26893,LOF,0.043062646,0.14488664,0.8120507
26894,LOF,0.043062646,0.14488664,0.8120507
26895,LOF,0.036847144,0.1783474,0.7848054
26896,LOF,0.043062646,0.14488664,0.8120507
26897,LOF,0.043062646,0.14488664,0.8120507
26898,LOF,0.036847144,0.1783474,0.7848054
26899,LOF,0.04210587,0.2041565,0.75373757
26900,LOF,0.036847144,0.1783474,0.7848054
26901,LOF,0.043062646,0.14488664,0.8120507
26902,LOF,0.043062646,0.14488664,0.8120507
26903,LOF,0.04210587,0.2041565,0.75373757
26904,LOF,0.036847144,0.1783474,0.7848054
26905,LOF,0.036847144,0.1783474,0.7848054
26906,GOF,0.20006396,0.52299416,0.27694187
26907,GOF,0.20006396,0.52299416,0.27694187
26908,LOF,0.036847144,0.1783474,0.7848054
26909,GOF,0.20006396,0.52299416,0.27694187
26910,LOF,0.04210587,0.2041565,0.75373757
26911,LOF,0.04210587,0.2041565,0.75373757
26912,LOF,0.043062646,0.14488664,0.8120507
26913,GOF,0.20006396,0.52299416,0.27694187
26914,LOF,0.043062646,0.14488664,0.8120507
26915,LOF,0.036847144,0.1783474,0.7848054
26916,LOF,0.043062646,0.14488664,0.8120507
26917,GOF,0.20006396,0.52299416,0.27694187
26918,LOF,0.043062646,0.14488664,0.8120507
26919,LOF,0.043062646,0.14488664,0.8120507
26920,GOF,0.20006396,0.52299416,0.27694187
26921,GOF,0.20006396,0.52299416,0.27694187
26922,LOF,0.043062646,0.14488664,0.8120507
26923,GOF,0.20006396,0.52299416,0.27694187
26924,GOF,0.20006396,0.52299416,0.27694187
26925,LOF,0.043062646,0.14488664,0.8120507
26926,GOF,0.20006396,0.52299416,0.27694187
26927,GOF,0.20006396,0.52299416,0.27694187
26928,GOF,0.20006396,0.52299416,0.27694187
26929,GOF,0.20006396,0.52299416,0.27694187
26930,GOF,0.20006396,0.52299416,0.27694187
26931,GOF,0.20006396,0.52299416,0.27694187
26932,GOF,0.20006396,0.52299416,0.27694187
26933,LOF,0.036847144,0.1783474,0.7848054
26934,GOF,0.20006396,0.52299416,0.27694187
26935,GOF,0.20006396,0.52299416,0.27694187
26936,GOF,0.20006396,0.52299416,0.27694187
26937,GOF,0.20006396,0.52299416,0.27694187
26938,GOF,0.20006396,0.52299416,0.27694187
26939,GOF,0.20006396,0.52299416,0.27694187
26940,LOF,0.043062646,0.14488664,0.8120507
26941,LOF,0.043062646,0.14488664,0.8120507
26942,GOF,0.20006396,0.52299416,0.27694187
26943,GOF,0.20006396,0.52299416,0.27694187
26944,GOF,0.20006396,0.52299416,0.27694187
26945,LOF,0.053873982,0.120464236,0.8256618
26946,LOF,0.04210587,0.2041565,0.75373757
26947,GOF,0.20006396,0.52299416,0.27694187
26948,LOF,0.036847144,0.1783474,0.7848054
26949,GOF,0.20006396,0.52299416,0.27694187
26950,GOF,0.20006396,0.52299416,0.27694187
26951,GOF,0.20006396,0.52299416,0.27694187
26952,GOF,0.20006396,0.52299416,0.27694187
26953,GOF,0.20006396,0.52299416,0.27694187
26954,GOF,0.20006396,0.52299416,0.27694187
26955,GOF,0.20006396,0.52299416,0.27694187
26956,GOF,0.20006396,0.52299416,0.27694187
26957,LOF,0.043062646,0.14488664,0.8120507
26958,GOF,0.20006396,0.52299416,0.27694187
26959,GOF,0.20006396,0.52299416,0.27694187
26960,GOF,0.20006396,0.52299416,0.27694187
26961,LOF,0.043062646,0.14488664,0.8120507
26962,GOF,0.20006396,0.52299416,0.27694187
26963,LOF,0.043062646,0.14488664,0.8120507
26964,LOF,0.043062646,0.14488664,0.8120507
26965,GOF,0.20006396,0.52299416,0.27694187
26966,GOF,0.20006396,0.52299416,0.27694187
26967,GOF,0.20006396,0.52299416,0.27694187
26968,GOF,0.20006396,0.52299416,0.27694187
26969,LOF,0.04210587,0.2041565,0.75373757
26970,GOF,0.20006396,0.52299416,0.27694187
26971,GOF,0.20006396,0.52299416,0.27694187
26972,LOF,0.043062646,0.14488664,0.8120507
26973,LOF,0.036847144,0.1783474,0.7848054
26974,GOF,0.20006396,0.52299416,0.27694187
26975,LOF,0.036847144,0.1783474,0.7848054
26976,GOF,0.20006396,0.52299416,0.27694187
26977,GOF,0.20006396,0.52299416,0.27694187
26978,GOF,0.20006396,0.52299416,0.27694187
26979,GOF,0.20006396,0.52299416,0.27694187
26980,GOF,0.20006396,0.52299416,0.27694187
26981,LOF,0.053873982,0.120464236,0.8256618
26982,LOF,0.04210587,0.2041565,0.75373757
26983,LOF,0.04210587,0.2041565,0.75373757
26984,GOF,0.20006396,0.52299416,0.27694187
26985,LOF,0.036847144,0.1783474,0.7848054
26986,LOF,0.036847144,0.1783474,0.7848054
26987,LOF,0.23597604,0.15846896,0.605555
26988,Neutral,0.7451652,0.08186935,0.17296544
26989,LOF,0.04210587,0.2041565,0.75373757
26990,LOF,0.04210587,0.2041565,0.75373757
26991,LOF,0.043062646,0.14488664,0.8120507
26992,GOF,0.20006396,0.52299416,0.27694187
26993,LOF,0.09775189,0.08648366,0.8157645
26994,GOF,0.20006396,0.52299416,0.27694187
26995,LOF,0.036847144,0.1783474,0.7848054
26996,LOF,0.043062646,0.14488664,0.8120507
26997,LOF,0.036847144,0.1783474,0.7848054
26998,Neutral,0.9412382,0.022898082,0.03586368
26999,GOF,0.20006396,0.52299416,0.27694187
27000,Neutral,0.45892593,0.15432432,0.3867497
27001,LOF,0.043062646,0.14488664,0.8120507
27002,Neutral,0.9412382,0.022898082,0.03586368
27003,LOF,0.043062646,0.14488664,0.8120507
27004,LOF,0.036847144,0.1783474,0.7848054
27005,LOF,0.043062646,0.14488664,0.8120507
27006,Neutral,0.9412382,0.022898082,0.03586368
27007,Neutral,0.9412382,0.022898082,0.03586368
27008,LOF,0.036847144,0.1783474,0.7848054
27009,LOF,0.053873982,0.120464236,0.8256618
27010,LOF,0.043062646,0.14488664,0.8120507
27011,Neutral,0.9890688,0.0030788896,0.007852277
27012,GOF,0.20006396,0.52299416,0.27694187
27013,LOF,0.036847144,0.1783474,0.7848054
27014,GOF,0.20006396,0.52299416,0.27694187
27015,LOF,0.04210587,0.2041565,0.75373757
27016,Neutral,0.7451652,0.08186935,0.17296544
27017,LOF,0.036847144,0.1783474,0.7848054
27018,LOF,0.036847144,0.1783474,0.7848054
27019,GOF,0.20006396,0.52299416,0.27694187
27020,GOF,0.20006396,0.52299416,0.27694187
27021,GOF,0.20006396,0.52299416,0.27694187
27022,GOF,0.20006396,0.52299416,0.27694187
27023,LOF,0.043062646,0.14488664,0.8120507
27024,GOF,0.20006396,0.52299416,0.27694187
27025,LOF,0.04210587,0.2041565,0.75373757
27026,LOF,0.043062646,0.14488664,0.8120507
27027,LOF,0.036847144,0.1783474,0.7848054
27028,LOF,0.043062646,0.14488664,0.8120507
27029,LOF,0.04210587,0.2041565,0.75373757
27030,LOF,0.053873982,0.120464236,0.8256618
27031,GOF,0.114163496,0.44700903,0.43882748
27032,GOF,0.20006396,0.52299416,0.27694187
27033,GOF,0.114163496,0.44700903,0.43882748
27034,GOF,0.114163496,0.44700903,0.43882748
27035,GOF,0.20006396,0.52299416,0.27694187
27036,GOF,0.20006396,0.52299416,0.27694187
27037,GOF,0.20006396,0.52299416,0.27694187
27038,LOF,0.27883497,0.26495034,0.45621473
27039,LOF,0.27883497,0.26495034,0.45621473
27040,LOF,0.27883497,0.26495034,0.45621473
27041,LOF,0.27883497,0.26495034,0.45621473
27042,LOF,0.27883497,0.26495034,0.45621473
27043,LOF,0.27883497,0.26495034,0.45621473
27044,LOF,0.27883497,0.26495034,0.45621473
27045,LOF,0.27883497,0.26495034,0.45621473
27046,LOF,0.27883497,0.26495034,0.45621473
27047,LOF,0.27883497,0.26495034,0.45621473
27048,LOF,0.27883497,0.26495034,0.45621473
27049,LOF,0.27883497,0.26495034,0.45621473
27050,LOF,0.27883497,0.26495034,0.45621473
27051,Neutral,0.91667014,0.023125783,0.060204133
27052,GOF,0.20006396,0.52299416,0.27694187
27053,Neutral,0.9890688,0.0030788896,0.007852277
27054,LOF,0.27883497,0.26495034,0.45621473
27055,Neutral,0.9412382,0.022898082,0.03586368
27056,Neutral,0.9412382,0.022898082,0.03586368
27057,Neutral,0.9412382,0.022898082,0.03586368
27058,Neutral,0.9412382,0.022898082,0.03586368
27059,Neutral,0.9412382,0.022898082,0.03586368
27060,GOF,0.20006396,0.52299416,0.27694187
27061,Neutral,0.9412382,0.022898082,0.03586368
27062,Neutral,0.9412382,0.022898082,0.03586368
27063,Neutral,0.8719207,0.053471413,0.074607894
27064,Neutral,0.9412382,0.022898082,0.03586368
27065,Neutral,0.9412382,0.022898082,0.03586368
27066,GOF,0.20006396,0.52299416,0.27694187
27067,Neutral,0.9412382,0.022898082,0.03586368
27068,GOF,0.20006396,0.52299416,0.27694187
27069,Neutral,0.9412382,0.022898082,0.03586368
27070,Neutral,0.8719207,0.053471413,0.074607894
27071,Neutral,0.9412382,0.022898082,0.03586368
27072,Neutral,0.9412382,0.022898082,0.03586368
27073,Neutral,0.9412382,0.022898082,0.03586368
27074,Neutral,0.9412382,0.022898082,0.03586368
27075,GOF,0.20006396,0.52299416,0.27694187
27076,Neutral,0.9412382,0.022898082,0.03586368
27077,Neutral,0.9412382,0.022898082,0.03586368
27078,Neutral,0.9412382,0.022898082,0.03586368
27079,Neutral,0.9890688,0.0030788896,0.007852277
27080,Neutral,0.9412382,0.022898082,0.03586368
27081,Neutral,0.7451652,0.08186935,0.17296544
27082,GOF,0.20006396,0.52299416,0.27694187
27083,Neutral,0.9412382,0.022898082,0.03586368
27084,Neutral,0.89309895,0.044494282,0.06240679
27085,GOF,0.20006396,0.52299416,0.27694187
27086,Neutral,0.9890688,0.0030788896,0.007852277
27087,Neutral,0.9412382,0.022898082,0.03586368
27088,Neutral,0.9890688,0.0030788896,0.007852277
27089,Neutral,0.9412382,0.022898082,0.03586368
27090,Neutral,0.9412382,0.022898082,0.03586368
27091,Neutral,0.9890688,0.0030788896,0.007852277
27092,Neutral,0.9412382,0.022898082,0.03586368
27093,GOF,0.20006396,0.52299416,0.27694187
27094,GOF,0.20006396,0.52299416,0.27694187
27095,Neutral,0.7451652,0.08186935,0.17296544
27096,GOF,0.20006396,0.52299416,0.27694187
27097,Neutral,0.9890688,0.0030788896,0.007852277
27098,Neutral,0.9890688,0.0030788896,0.007852277
27099,GOF,0.20006396,0.52299416,0.27694187
27100,GOF,0.20006396,0.52299416,0.27694187
27101,Neutral,0.9890688,0.0030788896,0.007852277
27102,Neutral,0.9890688,0.0030788896,0.007852277
27103,GOF,0.20006396,0.52299416,0.27694187
27104,GOF,0.20006396,0.52299416,0.27694187
27105,Neutral,0.9412382,0.022898082,0.03586368
27106,LOF,0.04210587,0.2041565,0.75373757
27107,Neutral,0.9890688,0.0030788896,0.007852277
27108,Neutral,0.9412382,0.022898082,0.03586368
27109,Neutral,0.9412382,0.022898082,0.03586368
27110,Neutral,0.89309895,0.044494282,0.06240679
27111,Neutral,0.9890688,0.0030788896,0.007852277
27112,Neutral,0.9890688,0.0030788896,0.007852277
27113,GOF,0.20006396,0.52299416,0.27694187
27114,GOF,0.20006396,0.52299416,0.27694187
27115,Neutral,0.9412382,0.022898082,0.03586368
27116,GOF,0.20006396,0.52299416,0.27694187
27117,Neutral,0.89309895,0.044494282,0.06240679
27118,GOF,0.20006396,0.52299416,0.27694187
27119,Neutral,0.36314976,0.2915617,0.3452885
27120,Neutral,0.36314976,0.2915617,0.3452885
27121,Neutral,0.36314976,0.2915617,0.3452885
27122,Neutral,0.91667014,0.023125783,0.060204133
27123,Neutral,0.9412382,0.022898082,0.03586368
27124,Neutral,0.9890688,0.0030788896,0.007852277
27125,GOF,0.20006396,0.52299416,0.27694187
27126,GOF,0.20006396,0.52299416,0.27694187
27127,LOF,0.043062646,0.14488664,0.8120507
27128,Neutral,0.9412382,0.022898082,0.03586368
27129,Neutral,0.9412382,0.022898082,0.03586368
27130,Neutral,0.45892593,0.15432432,0.3867497
27131,Neutral,0.9890688,0.0030788896,0.007852277
27132,Neutral,0.9412382,0.022898082,0.03586368
27133,GOF,0.20006396,0.52299416,0.27694187
27134,Neutral,0.9412382,0.022898082,0.03586368
27135,Neutral,0.9412382,0.022898082,0.03586368
27136,Neutral,0.9412382,0.022898082,0.03586368
27137,Neutral,0.91667014,0.023125783,0.060204133
27138,Neutral,0.9412382,0.022898082,0.03586368
27139,Neutral,0.9890688,0.0030788896,0.007852277
27140,Neutral,0.9412382,0.022898082,0.03586368
27141,GOF,0.20006396,0.52299416,0.27694187
27142,Neutral,0.7451652,0.08186935,0.17296544
27143,Neutral,0.7451652,0.08186935,0.17296544
27144,Neutral,0.9890688,0.0030788896,0.007852277
27145,Neutral,0.9890688,0.0030788896,0.007852277
27146,Neutral,0.7451652,0.08186935,0.17296544
27147,Neutral,0.9412382,0.022898082,0.03586368
27148,LOF,0.036847144,0.1783474,0.7848054
27149,Neutral,0.9412382,0.022898082,0.03586368
27150,Neutral,0.9412382,0.022898082,0.03586368
27151,GOF,0.20006396,0.52299416,0.27694187
27152,Neutral,0.9890688,0.0030788896,0.007852277
27153,Neutral,0.9412382,0.022898082,0.03586368
27154,Neutral,0.9890688,0.0030788896,0.007852277
27155,Neutral,0.9890688,0.0030788896,0.007852277
27156,GOF,0.20006396,0.52299416,0.27694187
27157,GOF,0.20006396,0.52299416,0.27694187
27158,Neutral,0.9890688,0.0030788896,0.007852277
27159,LOF,0.053873982,0.120464236,0.8256618
27160,Neutral,0.7451652,0.08186935,0.17296544
27161,Neutral,0.9412382,0.022898082,0.03586368
27162,Neutral,0.9890688,0.0030788896,0.007852277
27163,GOF,0.20006396,0.52299416,0.27694187
27164,GOF,0.20006396,0.52299416,0.27694187
27165,Neutral,0.89309895,0.044494282,0.06240679
27166,Neutral,0.9412382,0.022898082,0.03586368
27167,GOF,0.20006396,0.52299416,0.27694187
27168,GOF,0.20006396,0.52299416,0.27694187
27169,Neutral,0.9412382,0.022898082,0.03586368
27170,Neutral,0.9890688,0.0030788896,0.007852277
27171,Neutral,0.9412382,0.022898082,0.03586368
27172,Neutral,0.9412382,0.022898082,0.03586368
27173,Neutral,0.9412382,0.022898082,0.03586368
27174,GOF,0.20006396,0.52299416,0.27694187
27175,GOF,0.20006396,0.52299416,0.27694187
27176,GOF,0.20006396,0.52299416,0.27694187
27177,GOF,0.20006396,0.52299416,0.27694187
27178,GOF,0.20006396,0.52299416,0.27694187
27179,Neutral,0.8719207,0.053471413,0.074607894
27180,Neutral,0.9412382,0.022898082,0.03586368
27181,LOF,0.043062646,0.14488664,0.8120507
27182,Neutral,0.9412382,0.022898082,0.03586368
27183,LOF,0.23597604,0.15846896,0.605555
27184,GOF,0.20006396,0.52299416,0.27694187
27185,Neutral,0.9890688,0.0030788896,0.007852277
27186,GOF,0.20006396,0.52299416,0.27694187
27187,Neutral,0.9890688,0.0030788896,0.007852277
27188,Neutral,0.9412382,0.022898082,0.03586368
27189,GOF,0.20006396,0.52299416,0.27694187
27190,Neutral,0.9412382,0.022898082,0.03586368
27191,GOF,0.20006396,0.52299416,0.27694187
27192,Neutral,0.9412382,0.022898082,0.03586368
27193,GOF,0.20006396,0.52299416,0.27694187
27194,Neutral,0.9890688,0.0030788896,0.007852277
27195,GOF,0.20006396,0.52299416,0.27694187
27196,Neutral,0.89309895,0.044494282,0.06240679
27197,Neutral,0.9890688,0.0030788896,0.007852277
27198,GOF,0.20006396,0.52299416,0.27694187
27199,GOF,0.20006396,0.52299416,0.27694187
27200,Neutral,0.9412382,0.022898082,0.03586368
27201,GOF,0.20006396,0.52299416,0.27694187
27202,Neutral,0.9890688,0.0030788896,0.007852277
27203,Neutral,0.9412382,0.022898082,0.03586368
27204,LOF,0.27883497,0.26495034,0.45621473
27205,GOF,0.20006396,0.52299416,0.27694187
27206,Neutral,0.9412382,0.022898082,0.03586368
27207,GOF,0.20006396,0.52299416,0.27694187
27208,Neutral,0.9412382,0.022898082,0.03586368
27209,Neutral,0.9412382,0.022898082,0.03586368
27210,Neutral,0.9412382,0.022898082,0.03586368
27211,Neutral,0.9412382,0.022898082,0.03586368
27212,Neutral,0.9412382,0.022898082,0.03586368
27213,Neutral,0.9412382,0.022898082,0.03586368
27214,Neutral,0.9412382,0.022898082,0.03586368
27215,Neutral,0.9890688,0.0030788896,0.007852277
27216,Neutral,0.9412382,0.022898082,0.03586368
27217,Neutral,0.9412382,0.022898082,0.03586368
27218,GOF,0.20006396,0.52299416,0.27694187
27219,Neutral,0.8719207,0.053471413,0.074607894
27220,Neutral,0.9890688,0.0030788896,0.007852277
27221,Neutral,0.9412382,0.022898082,0.03586368
27222,Neutral,0.9412382,0.022898082,0.03586368
27223,Neutral,0.9412382,0.022898082,0.03586368
27224,Neutral,0.9890688,0.0030788896,0.007852277
27225,Neutral,0.9412382,0.022898082,0.03586368
27226,Neutral,0.9412382,0.022898082,0.03586368
27227,Neutral,0.9412382,0.022898082,0.03586368
27228,Neutral,0.9412382,0.022898082,0.03586368
27229,Neutral,0.9412382,0.022898082,0.03586368
27230,Neutral,0.9412382,0.022898082,0.03586368
27231,LOF,0.27883497,0.26495034,0.45621473
27232,Neutral,0.9412382,0.022898082,0.03586368
27233,Neutral,0.9412382,0.022898082,0.03586368
27234,Neutral,0.9890688,0.0030788896,0.007852277
27235,Neutral,0.9412382,0.022898082,0.03586368
27236,GOF,0.20006396,0.52299416,0.27694187
27237,Neutral,0.9412382,0.022898082,0.03586368
27238,Neutral,0.9412382,0.022898082,0.03586368
27239,Neutral,0.9412382,0.022898082,0.03586368
27240,Neutral,0.9890688,0.0030788896,0.007852277
27241,Neutral,0.9890688,0.0030788896,0.007852277
27242,Neutral,0.9412382,0.022898082,0.03586368
27243,Neutral,0.9890688,0.0030788896,0.007852277
27244,Neutral,0.9412382,0.022898082,0.03586368
27245,Neutral,0.9890688,0.0030788896,0.007852277
27246,GOF,0.20006396,0.52299416,0.27694187
27247,Neutral,0.9412382,0.022898082,0.03586368
27248,GOF,0.20006396,0.52299416,0.27694187
27249,Neutral,0.9890688,0.0030788896,0.007852277
27250,GOF,0.20006396,0.52299416,0.27694187
27251,GOF,0.20006396,0.52299416,0.27694187
27252,Neutral,0.9890688,0.0030788896,0.007852277
27253,Neutral,0.9890688,0.0030788896,0.007852277
27254,Neutral,0.9412382,0.022898082,0.03586368
27255,GOF,0.20006396,0.52299416,0.27694187
27256,Neutral,0.9412382,0.022898082,0.03586368
27257,GOF,0.20006396,0.52299416,0.27694187
27258,Neutral,0.9412382,0.022898082,0.03586368
27259,Neutral,0.9412382,0.022898082,0.03586368
27260,Neutral,0.9412382,0.022898082,0.03586368
27261,Neutral,0.7451652,0.08186935,0.17296544
27262,GOF,0.20006396,0.52299416,0.27694187
27263,Neutral,0.9412382,0.022898082,0.03586368
27264,Neutral,0.89309895,0.044494282,0.06240679
27265,Neutral,0.7451652,0.08186935,0.17296544
27266,Neutral,0.9412382,0.022898082,0.03586368
27267,Neutral,0.9412382,0.022898082,0.03586368
27268,Neutral,0.7451652,0.08186935,0.17296544
27269,GOF,0.20006396,0.52299416,0.27694187
27270,Neutral,0.7451652,0.08186935,0.17296544
27271,Neutral,0.8719207,0.053471413,0.074607894
27272,Neutral,0.9412382,0.022898082,0.03586368
27273,Neutral,0.9412382,0.022898082,0.03586368
27274,Neutral,0.9412382,0.022898082,0.03586368
27275,GOF,0.20006396,0.52299416,0.27694187
27276,Neutral,0.9412382,0.022898082,0.03586368
27277,Neutral,0.89309895,0.044494282,0.06240679
27278,Neutral,0.9412382,0.022898082,0.03586368
27279,Neutral,0.9412382,0.022898082,0.03586368
27280,GOF,0.20006396,0.52299416,0.27694187
27281,GOF,0.20006396,0.52299416,0.27694187
27282,Neutral,0.8719207,0.053471413,0.074607894
27283,GOF,0.114163496,0.44700903,0.43882748
27284,GOF,0.20006396,0.52299416,0.27694187
27285,Neutral,0.9412382,0.022898082,0.03586368
27286,Neutral,0.9890688,0.0030788896,0.007852277
27287,GOF,0.114163496,0.44700903,0.43882748
27288,GOF,0.20006396,0.52299416,0.27694187
27289,Neutral,0.91667014,0.023125783,0.060204133
27290,Neutral,0.9412382,0.022898082,0.03586368
27291,Neutral,0.89309895,0.044494282,0.06240679
27292,Neutral,0.9412382,0.022898082,0.03586368
27293,Neutral,0.91667014,0.023125783,0.060204133
27294,Neutral,0.9412382,0.022898082,0.03586368
27295,GOF,0.20006396,0.52299416,0.27694187
27296,GOF,0.20006396,0.52299416,0.27694187
27297,Neutral,0.9412382,0.022898082,0.03586368
27298,GOF,0.20006396,0.52299416,0.27694187
27299,GOF,0.20006396,0.52299416,0.27694187
27300,Neutral,0.9412382,0.022898082,0.03586368
27301,GOF,0.20006396,0.52299416,0.27694187
27302,GOF,0.20006396,0.52299416,0.27694187
27303,Neutral,0.89309895,0.044494282,0.06240679
27304,Neutral,0.9412382,0.022898082,0.03586368
27305,Neutral,0.9890688,0.0030788896,0.007852277
27306,GOF,0.114163496,0.44700903,0.43882748
27307,Neutral,0.9412382,0.022898082,0.03586368
27308,GOF,0.20006396,0.52299416,0.27694187
27309,Neutral,0.9890688,0.0030788896,0.007852277
27310,Neutral,0.9412382,0.022898082,0.03586368
27311,Neutral,0.9890688,0.0030788896,0.007852277
27312,Neutral,0.9412382,0.022898082,0.03586368
27313,Neutral,0.9890688,0.0030788896,0.007852277
27314,Neutral,0.9412382,0.022898082,0.03586368
27315,GOF,0.20006396,0.52299416,0.27694187
27316,Neutral,0.9890688,0.0030788896,0.007852277
27317,Neutral,0.89309895,0.044494282,0.06240679
27318,Neutral,0.9890688,0.0030788896,0.007852277
27319,GOF,0.20006396,0.52299416,0.27694187
27320,Neutral,0.9890688,0.0030788896,0.007852277
27321,Neutral,0.89309895,0.044494282,0.06240679
27322,Neutral,0.9412382,0.022898082,0.03586368
27323,GOF,0.20006396,0.52299416,0.27694187
27324,Neutral,0.7451652,0.08186935,0.17296544
27325,Neutral,0.9890688,0.0030788896,0.007852277
27326,GOF,0.20006396,0.52299416,0.27694187
27327,Neutral,0.9890688,0.0030788896,0.007852277
27328,GOF,0.20006396,0.52299416,0.27694187
27329,GOF,0.20006396,0.52299416,0.27694187
27330,Neutral,0.9412382,0.022898082,0.03586368
27331,Neutral,0.91667014,0.023125783,0.060204133
27332,GOF,0.20006396,0.52299416,0.27694187
27333,GOF,0.20006396,0.52299416,0.27694187
27334,GOF,0.20006396,0.52299416,0.27694187
27335,Neutral,0.9412382,0.022898082,0.03586368
27336,Neutral,0.9890688,0.0030788896,0.007852277
27337,GOF,0.20006396,0.52299416,0.27694187
27338,Neutral,0.9890688,0.0030788896,0.007852277
27339,GOF,0.20006396,0.52299416,0.27694187
27340,GOF,0.20006396,0.52299416,0.27694187
27341,Neutral,0.9412382,0.022898082,0.03586368
27342,Neutral,0.9412382,0.022898082,0.03586368
27343,Neutral,0.9890688,0.0030788896,0.007852277
27344,GOF,0.20006396,0.52299416,0.27694187
27345,LOF,0.036847144,0.1783474,0.7848054
27346,GOF,0.20006396,0.52299416,0.27694187
27347,GOF,0.20006396,0.52299416,0.27694187
27348,Neutral,0.9412382,0.022898082,0.03586368
27349,GOF,0.20006396,0.52299416,0.27694187
27350,GOF,0.20006396,0.52299416,0.27694187
27351,GOF,0.20006396,0.52299416,0.27694187
27352,GOF,0.20006396,0.52299416,0.27694187
27353,Neutral,0.7451652,0.08186935,0.17296544
27354,Neutral,0.9412382,0.022898082,0.03586368
27355,Neutral,0.9412382,0.022898082,0.03586368
27356,GOF,0.20006396,0.52299416,0.27694187
27357,Neutral,0.9412382,0.022898082,0.03586368
27358,Neutral,0.9412382,0.022898082,0.03586368
27359,Neutral,0.91667014,0.023125783,0.060204133
27360,Neutral,0.9412382,0.022898082,0.03586368
27361,Neutral,0.9412382,0.022898082,0.03586368
27362,GOF,0.20006396,0.52299416,0.27694187
27363,GOF,0.20006396,0.52299416,0.27694187
27364,GOF,0.20006396,0.52299416,0.27694187
27365,GOF,0.20006396,0.52299416,0.27694187
27366,GOF,0.20006396,0.52299416,0.27694187
27367,Neutral,0.9890688,0.0030788896,0.007852277
27368,GOF,0.20006396,0.52299416,0.27694187
27369,LOF,0.27883497,0.26495034,0.45621473
27370,LOF,0.27883497,0.26495034,0.45621473
27371,Neutral,0.9412382,0.022898082,0.03586368
27372,LOF,0.27883497,0.26495034,0.45621473
27373,LOF,0.27883497,0.26495034,0.45621473
27374,LOF,0.27883497,0.26495034,0.45621473
27375,GOF,0.20006396,0.52299416,0.27694187
27376,Neutral,0.9412382,0.022898082,0.03586368
27377,Neutral,0.9412382,0.022898082,0.03586368
27378,Neutral,0.9412382,0.022898082,0.03586368
27379,Neutral,0.9890688,0.0030788896,0.007852277
27380,Neutral,0.9412382,0.022898082,0.03586368
27381,Neutral,0.9412382,0.022898082,0.03586368
27382,GOF,0.20006396,0.52299416,0.27694187
27383,Neutral,0.9412382,0.022898082,0.03586368
27384,Neutral,0.9890688,0.0030788896,0.007852277
27385,Neutral,0.9890688,0.0030788896,0.007852277
27386,GOF,0.20006396,0.52299416,0.27694187
27387,GOF,0.20006396,0.52299416,0.27694187
27388,Neutral,0.89309895,0.044494282,0.06240679
27389,LOF,0.036847144,0.1783474,0.7848054
27390,GOF,0.20006396,0.52299416,0.27694187
27391,Neutral,0.9890688,0.0030788896,0.007852277
27392,GOF,0.20006396,0.52299416,0.27694187
27393,Neutral,0.9890688,0.0030788896,0.007852277
27394,GOF,0.20006396,0.52299416,0.27694187
27395,GOF,0.20006396,0.52299416,0.27694187
27396,GOF,0.20006396,0.52299416,0.27694187
27397,GOF,0.20006396,0.52299416,0.27694187
27398,GOF,0.20006396,0.52299416,0.27694187
27399,Neutral,0.9412382,0.022898082,0.03586368
27400,Neutral,0.9412382,0.022898082,0.03586368
27401,Neutral,0.9412382,0.022898082,0.03586368
27402,Neutral,0.9890688,0.0030788896,0.007852277
27403,Neutral,0.9412382,0.022898082,0.03586368
27404,Neutral,0.9412382,0.022898082,0.03586368
27405,Neutral,0.9412382,0.022898082,0.03586368
27406,GOF,0.20006396,0.52299416,0.27694187
27407,GOF,0.20006396,0.52299416,0.27694187
27408,GOF,0.20006396,0.52299416,0.27694187
27409,Neutral,0.9890688,0.0030788896,0.007852277
27410,Neutral,0.8719207,0.053471413,0.074607894
27411,Neutral,0.8719207,0.053471413,0.074607894
27412,LOF,0.043062646,0.14488664,0.8120507
27413,Neutral,0.9890688,0.0030788896,0.007852277
27414,Neutral,0.8719207,0.053471413,0.074607894
27415,Neutral,0.9890688,0.0030788896,0.007852277
27416,GOF,0.20006396,0.52299416,0.27694187
27417,GOF,0.20006396,0.52299416,0.27694187
27418,GOF,0.20006396,0.52299416,0.27694187
27419,GOF,0.20006396,0.52299416,0.27694187
27420,GOF,0.20217198,0.5106846,0.28714338
27421,GOF,0.20006396,0.52299416,0.27694187
27422,Neutral,0.9890688,0.0030788896,0.007852277
27423,GOF,0.114163496,0.44700903,0.43882748
27424,GOF,0.20006396,0.52299416,0.27694187
27425,GOF,0.114163496,0.44700903,0.43882748
27426,GOF,0.20006396,0.52299416,0.27694187
27427,Neutral,0.9890688,0.0030788896,0.007852277
27428,GOF,0.20006396,0.52299416,0.27694187
27429,GOF,0.20006396,0.52299416,0.27694187
27430,Neutral,0.9412382,0.022898082,0.03586368
27431,Neutral,0.9890688,0.0030788896,0.007852277
27432,GOF,0.20006396,0.52299416,0.27694187
27433,GOF,0.20006396,0.52299416,0.27694187
27434,Neutral,0.9412382,0.022898082,0.03586368
27435,GOF,0.20006396,0.52299416,0.27694187
27436,GOF,0.20006396,0.52299416,0.27694187
27437,GOF,0.20006396,0.52299416,0.27694187
27438,Neutral,0.89309895,0.044494282,0.06240679
27439,Neutral,0.9412382,0.022898082,0.03586368
27440,Neutral,0.9412382,0.022898082,0.03586368
27441,Neutral,0.9890688,0.0030788896,0.007852277
27442,Neutral,0.9890688,0.0030788896,0.007852277
27443,GOF,0.20006396,0.52299416,0.27694187
27444,Neutral,0.9412382,0.022898082,0.03586368
27445,GOF,0.20006396,0.52299416,0.27694187
27446,Neutral,0.9412382,0.022898082,0.03586368
27447,GOF,0.20006396,0.52299416,0.27694187
27448,GOF,0.20006396,0.52299416,0.27694187
27449,GOF,0.20006396,0.52299416,0.27694187
27450,Neutral,0.9890688,0.0030788896,0.007852277
27451,Neutral,0.9412382,0.022898082,0.03586368
27452,Neutral,0.9412382,0.022898082,0.03586368
27453,Neutral,0.9890688,0.0030788896,0.007852277
27454,GOF,0.20006396,0.52299416,0.27694187
27455,GOF,0.20006396,0.52299416,0.27694187
27456,GOF,0.20006396,0.52299416,0.27694187
27457,Neutral,0.91667014,0.023125783,0.060204133
27458,GOF,0.20006396,0.52299416,0.27694187
27459,GOF,0.20006396,0.52299416,0.27694187
27460,Neutral,0.9412382,0.022898082,0.03586368
27461,GOF,0.20006396,0.52299416,0.27694187
27462,Neutral,0.9890688,0.0030788896,0.007852277
27463,Neutral,0.9412382,0.022898082,0.03586368
27464,Neutral,0.9412382,0.022898082,0.03586368
27465,Neutral,0.9412382,0.022898082,0.03586368
27466,Neutral,0.7451652,0.08186935,0.17296544
27467,Neutral,0.9412382,0.022898082,0.03586368
27468,Neutral,0.9412382,0.022898082,0.03586368
27469,GOF,0.20006396,0.52299416,0.27694187
27470,Neutral,0.9890688,0.0030788896,0.007852277
27471,Neutral,0.9890688,0.0030788896,0.007852277
27472,Neutral,0.9890688,0.0030788896,0.007852277
27473,Neutral,0.7451652,0.08186935,0.17296544
27474,GOF,0.20006396,0.52299416,0.27694187
27475,Neutral,0.9412382,0.022898082,0.03586368
27476,GOF,0.20006396,0.52299416,0.27694187
27477,Neutral,0.9412382,0.022898082,0.03586368
27478,Neutral,0.91667014,0.023125783,0.060204133
27479,Neutral,0.9412382,0.022898082,0.03586368
27480,GOF,0.20006396,0.52299416,0.27694187
27481,Neutral,0.9890688,0.0030788896,0.007852277
27482,Neutral,0.9412382,0.022898082,0.03586368
27483,Neutral,0.9890688,0.0030788896,0.007852277
27484,GOF,0.20006396,0.52299416,0.27694187
27485,Neutral,0.89309895,0.044494282,0.06240679
27486,Neutral,0.9412382,0.022898082,0.03586368
27487,Neutral,0.9890688,0.0030788896,0.007852277
27488,Neutral,0.8719207,0.053471413,0.074607894
27489,GOF,0.20006396,0.52299416,0.27694187
27490,Neutral,0.9890688,0.0030788896,0.007852277
27491,Neutral,0.9412382,0.022898082,0.03586368
27492,Neutral,0.8719207,0.053471413,0.074607894
27493,Neutral,0.9890688,0.0030788896,0.007852277
27494,Neutral,0.9890688,0.0030788896,0.007852277
27495,GOF,0.20006396,0.52299416,0.27694187
27496,Neutral,0.9890688,0.0030788896,0.007852277
27497,GOF,0.20006396,0.52299416,0.27694187
27498,Neutral,0.9412382,0.022898082,0.03586368
27499,Neutral,0.9412382,0.022898082,0.03586368
27500,Neutral,0.9412382,0.022898082,0.03586368
27501,Neutral,0.9412382,0.022898082,0.03586368
27502,Neutral,0.9890688,0.0030788896,0.007852277
27503,GOF,0.20006396,0.52299416,0.27694187
27504,GOF,0.20006396,0.52299416,0.27694187
27505,LOF,0.053873982,0.120464236,0.8256618
27506,GOF,0.20006396,0.52299416,0.27694187
27507,Neutral,0.9412382,0.022898082,0.03586368
27508,Neutral,0.9412382,0.022898082,0.03586368
27509,GOF,0.20006396,0.52299416,0.27694187
27510,Neutral,0.8719207,0.053471413,0.074607894
27511,Neutral,0.9890688,0.0030788896,0.007852277
27512,Neutral,0.9890688,0.0030788896,0.007852277
27513,GOF,0.20006396,0.52299416,0.27694187
27514,Neutral,0.9890688,0.0030788896,0.007852277
27515,Neutral,0.9412382,0.022898082,0.03586368
27516,Neutral,0.9890688,0.0030788896,0.007852277
27517,Neutral,0.9890688,0.0030788896,0.007852277
27518,Neutral,0.9890688,0.0030788896,0.007852277
27519,Neutral,0.9412382,0.022898082,0.03586368
27520,Neutral,0.89309895,0.044494282,0.06240679
27521,Neutral,0.8719207,0.053471413,0.074607894
27522,GOF,0.20006396,0.52299416,0.27694187
27523,Neutral,0.91667014,0.023125783,0.060204133
27524,Neutral,0.9412382,0.022898082,0.03586368
27525,Neutral,0.9890688,0.0030788896,0.007852277
27526,Neutral,0.9890688,0.0030788896,0.007852277
27527,GOF,0.20006396,0.52299416,0.27694187
27528,Neutral,0.9890688,0.0030788896,0.007852277
27529,GOF,0.20006396,0.52299416,0.27694187
27530,Neutral,0.36314976,0.2915617,0.3452885
27531,Neutral,0.9412382,0.022898082,0.03586368
27532,GOF,0.20006396,0.52299416,0.27694187
27533,Neutral,0.9890688,0.0030788896,0.007852277
27534,GOF,0.20006396,0.52299416,0.27694187
27535,Neutral,0.9890688,0.0030788896,0.007852277
27536,Neutral,0.9412382,0.022898082,0.03586368
27537,Neutral,0.7451652,0.08186935,0.17296544
27538,Neutral,0.89309895,0.044494282,0.06240679
27539,Neutral,0.9412382,0.022898082,0.03586368
27540,Neutral,0.9412382,0.022898082,0.03586368
27541,Neutral,0.9412382,0.022898082,0.03586368
27542,Neutral,0.9890688,0.0030788896,0.007852277
27543,Neutral,0.9412382,0.022898082,0.03586368
27544,GOF,0.20006396,0.52299416,0.27694187
27545,Neutral,0.9412382,0.022898082,0.03586368
27546,Neutral,0.9412382,0.022898082,0.03586368
27547,Neutral,0.89309895,0.044494282,0.06240679
27548,Neutral,0.9412382,0.022898082,0.03586368
27549,Neutral,0.9412382,0.022898082,0.03586368
27550,Neutral,0.9890688,0.0030788896,0.007852277
27551,Neutral,0.9890688,0.0030788896,0.007852277
27552,GOF,0.20006396,0.52299416,0.27694187
27553,Neutral,0.89309895,0.044494282,0.06240679
27554,Neutral,0.9890688,0.0030788896,0.007852277
27555,GOF,0.20006396,0.52299416,0.27694187
27556,GOF,0.20006396,0.52299416,0.27694187
27557,Neutral,0.91667014,0.023125783,0.060204133
27558,Neutral,0.89309895,0.044494282,0.06240679
27559,Neutral,0.9412382,0.022898082,0.03586368
27560,GOF,0.20006396,0.52299416,0.27694187
27561,Neutral,0.7451652,0.08186935,0.17296544
27562,GOF,0.20006396,0.52299416,0.27694187
27563,GOF,0.20006396,0.52299416,0.27694187
27564,GOF,0.20006396,0.52299416,0.27694187
27565,Neutral,0.9890688,0.0030788896,0.007852277
27566,Neutral,0.9412382,0.022898082,0.03586368
27567,GOF,0.20006396,0.52299416,0.27694187
27568,GOF,0.20006396,0.52299416,0.27694187
27569,Neutral,0.9412382,0.022898082,0.03586368
27570,Neutral,0.9890688,0.0030788896,0.007852277
27571,Neutral,0.9412382,0.022898082,0.03586368
27572,Neutral,0.91667014,0.023125783,0.060204133
27573,GOF,0.20006396,0.52299416,0.27694187
27574,Neutral,0.9890688,0.0030788896,0.007852277
27575,Neutral,0.9412382,0.022898082,0.03586368
27576,GOF,0.20006396,0.52299416,0.27694187
27577,Neutral,0.9890688,0.0030788896,0.007852277
27578,Neutral,0.9412382,0.022898082,0.03586368
27579,GOF,0.20006396,0.52299416,0.27694187
27580,Neutral,0.9890688,0.0030788896,0.007852277
27581,Neutral,0.89309895,0.044494282,0.06240679
27582,GOF,0.20006396,0.52299416,0.27694187
27583,Neutral,0.9412382,0.022898082,0.03586368
27584,Neutral,0.9412382,0.022898082,0.03586368
27585,GOF,0.20006396,0.52299416,0.27694187
27586,GOF,0.20006396,0.52299416,0.27694187
27587,Neutral,0.36314976,0.2915617,0.3452885
27588,GOF,0.20006396,0.52299416,0.27694187
27589,Neutral,0.36314976,0.2915617,0.3452885
27590,Neutral,0.36314976,0.2915617,0.3452885
27591,Neutral,0.36314976,0.2915617,0.3452885
27592,Neutral,0.36314976,0.2915617,0.3452885
27593,Neutral,0.36314976,0.2915617,0.3452885
27594,Neutral,0.36314976,0.2915617,0.3452885
27595,Neutral,0.36314976,0.2915617,0.3452885
27596,Neutral,0.36314976,0.2915617,0.3452885
27597,Neutral,0.36314976,0.2915617,0.3452885
27598,Neutral,0.36314976,0.2915617,0.3452885
27599,Neutral,0.9412382,0.022898082,0.03586368
27600,Neutral,0.9412382,0.022898082,0.03586368
27601,Neutral,0.9412382,0.022898082,0.03586368
27602,Neutral,0.9890688,0.0030788896,0.007852277
27603,GOF,0.20006396,0.52299416,0.27694187
27604,Neutral,0.9412382,0.022898082,0.03586368
27605,Neutral,0.9890688,0.0030788896,0.007852277
27606,Neutral,0.9412382,0.022898082,0.03586368
27607,GOF,0.20006396,0.52299416,0.27694187
27608,Neutral,0.9412382,0.022898082,0.03586368
27609,Neutral,0.8719207,0.053471413,0.074607894
27610,Neutral,0.9412382,0.022898082,0.03586368
27611,Neutral,0.9412382,0.022898082,0.03586368
27612,GOF,0.20006396,0.52299416,0.27694187
27613,GOF,0.20006396,0.52299416,0.27694187
27614,GOF,0.20006396,0.52299416,0.27694187
27615,Neutral,0.9412382,0.022898082,0.03586368
27616,Neutral,0.9412382,0.022898082,0.03586368
27617,Neutral,0.9412382,0.022898082,0.03586368
27618,Neutral,0.9412382,0.022898082,0.03586368
27619,Neutral,0.9890688,0.0030788896,0.007852277
27620,Neutral,0.8719207,0.053471413,0.074607894
27621,Neutral,0.9412382,0.022898082,0.03586368
27622,LOF,0.04210587,0.2041565,0.75373757
27623,Neutral,0.9890688,0.0030788896,0.007852277
27624,GOF,0.20006396,0.52299416,0.27694187
27625,Neutral,0.9890688,0.0030788896,0.007852277
27626,Neutral,0.89309895,0.044494282,0.06240679
27627,Neutral,0.91667014,0.023125783,0.060204133
27628,Neutral,0.9890688,0.0030788896,0.007852277
27629,Neutral,0.9412382,0.022898082,0.03586368
27630,GOF,0.20006396,0.52299416,0.27694187
27631,GOF,0.20006396,0.52299416,0.27694187
27632,Neutral,0.9412382,0.022898082,0.03586368
27633,LOF,0.27883497,0.26495034,0.45621473
27634,LOF,0.27883497,0.26495034,0.45621473
27635,LOF,0.27883497,0.26495034,0.45621473
27636,LOF,0.27883497,0.26495034,0.45621473
27637,LOF,0.27883497,0.26495034,0.45621473
27638,LOF,0.27883497,0.26495034,0.45621473
27639,Neutral,0.36314976,0.2915617,0.3452885
27640,Neutral,0.36314976,0.2915617,0.3452885
27641,Neutral,0.9890688,0.0030788896,0.007852277
27642,Neutral,0.7451652,0.08186935,0.17296544
27643,Neutral,0.9890688,0.0030788896,0.007852277
27644,Neutral,0.7451652,0.08186935,0.17296544
27645,Neutral,0.45892593,0.15432432,0.3867497
27646,GOF,0.20006396,0.52299416,0.27694187
27647,Neutral,0.9412382,0.022898082,0.03586368
27648,Neutral,0.9412382,0.022898082,0.03586368
27649,Neutral,0.9890688,0.0030788896,0.007852277
27650,GOF,0.20006396,0.52299416,0.27694187
27651,Neutral,0.9412382,0.022898082,0.03586368
27652,Neutral,0.9412382,0.022898082,0.03586368
27653,Neutral,0.7451652,0.08186935,0.17296544
27654,Neutral,0.9412382,0.022898082,0.03586368
27655,Neutral,0.9412382,0.022898082,0.03586368
27656,Neutral,0.9412382,0.022898082,0.03586368
27657,GOF,0.20006396,0.52299416,0.27694187
27658,Neutral,0.9412382,0.022898082,0.03586368
27659,Neutral,0.9890688,0.0030788896,0.007852277
27660,Neutral,0.9890688,0.0030788896,0.007852277
27661,Neutral,0.9412382,0.022898082,0.03586368
27662,Neutral,0.9412382,0.022898082,0.03586368
27663,GOF,0.20006396,0.52299416,0.27694187
27664,GOF,0.20006396,0.52299416,0.27694187
27665,LOF,0.036847144,0.1783474,0.7848054
27666,Neutral,0.9890688,0.0030788896,0.007852277
27667,Neutral,0.9412382,0.022898082,0.03586368
27668,Neutral,0.89309895,0.044494282,0.06240679
27669,Neutral,0.7451652,0.08186935,0.17296544
27670,GOF,0.20006396,0.52299416,0.27694187
27671,GOF,0.20006396,0.52299416,0.27694187
27672,Neutral,0.9412382,0.022898082,0.03586368
27673,GOF,0.20006396,0.52299416,0.27694187
27674,Neutral,0.9412382,0.022898082,0.03586368
27675,Neutral,0.9412382,0.022898082,0.03586368
27676,Neutral,0.89309895,0.044494282,0.06240679
27677,Neutral,0.9412382,0.022898082,0.03586368
27678,GOF,0.20006396,0.52299416,0.27694187
27679,GOF,0.20006396,0.52299416,0.27694187
27680,GOF,0.20006396,0.52299416,0.27694187
27681,GOF,0.20006396,0.52299416,0.27694187
27682,GOF,0.20006396,0.52299416,0.27694187
27683,Neutral,0.9412382,0.022898082,0.03586368
27684,Neutral,0.9890688,0.0030788896,0.007852277
27685,GOF,0.20006396,0.52299416,0.27694187
27686,Neutral,0.9412382,0.022898082,0.03586368
27687,Neutral,0.9412382,0.022898082,0.03586368
27688,Neutral,0.9890688,0.0030788896,0.007852277
27689,Neutral,0.9412382,0.022898082,0.03586368
27690,Neutral,0.9890688,0.0030788896,0.007852277
27691,GOF,0.20006396,0.52299416,0.27694187
27692,GOF,0.114163496,0.44700903,0.43882748
27693,Neutral,0.9412382,0.022898082,0.03586368
27694,Neutral,0.9412382,0.022898082,0.03586368
27695,GOF,0.20006396,0.52299416,0.27694187
27696,Neutral,0.9890688,0.0030788896,0.007852277
27697,Neutral,0.9890688,0.0030788896,0.007852277
27698,GOF,0.20006396,0.52299416,0.27694187
27699,Neutral,0.9890688,0.0030788896,0.007852277
27700,Neutral,0.9412382,0.022898082,0.03586368
27701,Neutral,0.9412382,0.022898082,0.03586368
27702,Neutral,0.9412382,0.022898082,0.03586368
27703,GOF,0.20006396,0.52299416,0.27694187
27704,Neutral,0.9412382,0.022898082,0.03586368
27705,Neutral,0.9890688,0.0030788896,0.007852277
27706,GOF,0.20006396,0.52299416,0.27694187
27707,GOF,0.20006396,0.52299416,0.27694187
27708,Neutral,0.9412382,0.022898082,0.03586368
27709,Neutral,0.9890688,0.0030788896,0.007852277
27710,Neutral,0.9890688,0.0030788896,0.007852277
27711,Neutral,0.7451652,0.08186935,0.17296544
27712,Neutral,0.9412382,0.022898082,0.03586368
27713,GOF,0.20006396,0.52299416,0.27694187
27714,Neutral,0.36314976,0.2915617,0.3452885
27715,Neutral,0.36314976,0.2915617,0.3452885
27716,Neutral,0.9890688,0.0030788896,0.007852277
27717,Neutral,0.9890688,0.0030788896,0.007852277
27718,Neutral,0.9412382,0.022898082,0.03586368
27719,Neutral,0.9890688,0.0030788896,0.007852277
27720,LOF,0.036847144,0.1783474,0.7848054
27721,GOF,0.20006396,0.52299416,0.27694187
27722,Neutral,0.9412382,0.022898082,0.03586368
27723,GOF,0.20006396,0.52299416,0.27694187
27724,Neutral,0.89309895,0.044494282,0.06240679
27725,Neutral,0.9412382,0.022898082,0.03586368
27726,Neutral,0.9890688,0.0030788896,0.007852277
27727,Neutral,0.9890688,0.0030788896,0.007852277
27728,Neutral,0.9890688,0.0030788896,0.007852277
27729,GOF,0.20006396,0.52299416,0.27694187
27730,GOF,0.20006396,0.52299416,0.27694187
27731,Neutral,0.9412382,0.022898082,0.03586368
27732,GOF,0.20006396,0.52299416,0.27694187
27733,Neutral,0.9412382,0.022898082,0.03586368
27734,GOF,0.20006396,0.52299416,0.27694187
27735,GOF,0.20006396,0.52299416,0.27694187
27736,Neutral,0.9412382,0.022898082,0.03586368
27737,GOF,0.20006396,0.52299416,0.27694187
27738,GOF,0.20006396,0.52299416,0.27694187
27739,GOF,0.20006396,0.52299416,0.27694187
27740,Neutral,0.9890688,0.0030788896,0.007852277
27741,Neutral,0.9412382,0.022898082,0.03586368
27742,Neutral,0.9412382,0.022898082,0.03586368
27743,Neutral,0.9412382,0.022898082,0.03586368
27744,LOF,0.053873982,0.120464236,0.8256618
27745,Neutral,0.9412382,0.022898082,0.03586368
27746,Neutral,0.9412382,0.022898082,0.03586368
27747,LOF,0.053873982,0.120464236,0.8256618
27748,Neutral,0.9890688,0.0030788896,0.007852277
27749,Neutral,0.9412382,0.022898082,0.03586368
27750,Neutral,0.9412382,0.022898082,0.03586368
27751,GOF,0.20006396,0.52299416,0.27694187
27752,Neutral,0.9890688,0.0030788896,0.007852277
27753,Neutral,0.9412382,0.022898082,0.03586368
27754,GOF,0.20006396,0.52299416,0.27694187
27755,Neutral,0.9412382,0.022898082,0.03586368
27756,GOF,0.20006396,0.52299416,0.27694187
27757,Neutral,0.9412382,0.022898082,0.03586368
27758,Neutral,0.9412382,0.022898082,0.03586368
27759,Neutral,0.9412382,0.022898082,0.03586368
27760,Neutral,0.9890688,0.0030788896,0.007852277
27761,Neutral,0.9890688,0.0030788896,0.007852277
27762,GOF,0.20006396,0.52299416,0.27694187
27763,Neutral,0.9412382,0.022898082,0.03586368
27764,GOF,0.20006396,0.52299416,0.27694187
27765,Neutral,0.9890688,0.0030788896,0.007852277
27766,GOF,0.20006396,0.52299416,0.27694187
27767,Neutral,0.89309895,0.044494282,0.06240679
27768,Neutral,0.9412382,0.022898082,0.03586368
27769,Neutral,0.9412382,0.022898082,0.03586368
27770,GOF,0.20006396,0.52299416,0.27694187
27771,Neutral,0.9412382,0.022898082,0.03586368
27772,GOF,0.20006396,0.52299416,0.27694187
27773,Neutral,0.9890688,0.0030788896,0.007852277
27774,GOF,0.20006396,0.52299416,0.27694187
27775,Neutral,0.9890688,0.0030788896,0.007852277
27776,Neutral,0.9890688,0.0030788896,0.007852277
27777,Neutral,0.9890688,0.0030788896,0.007852277
27778,Neutral,0.9890688,0.0030788896,0.007852277
27779,Neutral,0.7451652,0.08186935,0.17296544
27780,Neutral,0.9412382,0.022898082,0.03586368
27781,GOF,0.20006396,0.52299416,0.27694187
27782,Neutral,0.9412382,0.022898082,0.03586368
27783,Neutral,0.9412382,0.022898082,0.03586368
27784,Neutral,0.7451652,0.08186935,0.17296544
27785,GOF,0.20006396,0.52299416,0.27694187
27786,Neutral,0.8719207,0.053471413,0.074607894
27787,Neutral,0.9412382,0.022898082,0.03586368
27788,Neutral,0.9890688,0.0030788896,0.007852277
27789,Neutral,0.9890688,0.0030788896,0.007852277
27790,GOF,0.20006396,0.52299416,0.27694187
27791,Neutral,0.7451652,0.08186935,0.17296544
27792,Neutral,0.89309895,0.044494282,0.06240679
27793,Neutral,0.9412382,0.022898082,0.03586368
27794,Neutral,0.9412382,0.022898082,0.03586368
27795,Neutral,0.9412382,0.022898082,0.03586368
27796,Neutral,0.9412382,0.022898082,0.03586368
27797,Neutral,0.9412382,0.022898082,0.03586368
27798,Neutral,0.9890688,0.0030788896,0.007852277
27799,GOF,0.20006396,0.52299416,0.27694187
27800,GOF,0.20006396,0.52299416,0.27694187
27801,Neutral,0.9890688,0.0030788896,0.007852277
27802,GOF,0.20006396,0.52299416,0.27694187
27803,GOF,0.20006396,0.52299416,0.27694187
27804,Neutral,0.9412382,0.022898082,0.03586368
27805,Neutral,0.9412382,0.022898082,0.03586368
27806,GOF,0.20006396,0.52299416,0.27694187
27807,GOF,0.20006396,0.52299416,0.27694187
27808,Neutral,0.9412382,0.022898082,0.03586368
27809,GOF,0.20006396,0.52299416,0.27694187
27810,Neutral,0.9412382,0.022898082,0.03586368
27811,GOF,0.20006396,0.52299416,0.27694187
27812,GOF,0.20006396,0.52299416,0.27694187
27813,GOF,0.20006396,0.52299416,0.27694187
27814,Neutral,0.9412382,0.022898082,0.03586368
27815,Neutral,0.91667014,0.023125783,0.060204133
27816,GOF,0.20006396,0.52299416,0.27694187
27817,GOF,0.20006396,0.52299416,0.27694187
27818,GOF,0.20006396,0.52299416,0.27694187
27819,Neutral,0.9890688,0.0030788896,0.007852277
27820,GOF,0.20006396,0.52299416,0.27694187
27821,Neutral,0.9412382,0.022898082,0.03586368
27822,Neutral,0.9890688,0.0030788896,0.007852277
27823,Neutral,0.8719207,0.053471413,0.074607894
27824,GOF,0.20006396,0.52299416,0.27694187
27825,Neutral,0.9412382,0.022898082,0.03586368
27826,GOF,0.20006396,0.52299416,0.27694187
27827,Neutral,0.9412382,0.022898082,0.03586368
27828,Neutral,0.9412382,0.022898082,0.03586368
27829,Neutral,0.9412382,0.022898082,0.03586368
27830,Neutral,0.9412382,0.022898082,0.03586368
27831,Neutral,0.9412382,0.022898082,0.03586368
27832,Neutral,0.9412382,0.022898082,0.03586368
27833,GOF,0.20006396,0.52299416,0.27694187
27834,Neutral,0.9890688,0.0030788896,0.007852277
27835,Neutral,0.9412382,0.022898082,0.03586368
27836,GOF,0.20006396,0.52299416,0.27694187
27837,Neutral,0.9890688,0.0030788896,0.007852277
27838,Neutral,0.9412382,0.022898082,0.03586368
27839,GOF,0.20006396,0.52299416,0.27694187
27840,GOF,0.20006396,0.52299416,0.27694187
27841,Neutral,0.9412382,0.022898082,0.03586368
27842,GOF,0.20006396,0.52299416,0.27694187
27843,Neutral,0.9412382,0.022898082,0.03586368
27844,GOF,0.20006396,0.52299416,0.27694187
27845,GOF,0.20006396,0.52299416,0.27694187
27846,GOF,0.20006396,0.52299416,0.27694187
27847,Neutral,0.9890688,0.0030788896,0.007852277
27848,Neutral,0.9890688,0.0030788896,0.007852277
27849,Neutral,0.9412382,0.022898082,0.03586368
27850,GOF,0.20006396,0.52299416,0.27694187
27851,GOF,0.20006396,0.52299416,0.27694187
27852,GOF,0.20006396,0.52299416,0.27694187
27853,Neutral,0.9890688,0.0030788896,0.007852277
27854,Neutral,0.7451652,0.08186935,0.17296544
27855,Neutral,0.7451652,0.08186935,0.17296544
27856,GOF,0.20006396,0.52299416,0.27694187
27857,Neutral,0.9412382,0.022898082,0.03586368
27858,Neutral,0.9412382,0.022898082,0.03586368
27859,GOF,0.20006396,0.52299416,0.27694187
27860,Neutral,0.9412382,0.022898082,0.03586368
27861,Neutral,0.9412382,0.022898082,0.03586368
27862,Neutral,0.9412382,0.022898082,0.03586368
27863,GOF,0.20006396,0.52299416,0.27694187
27864,Neutral,0.9412382,0.022898082,0.03586368
27865,Neutral,0.89309895,0.044494282,0.06240679
27866,GOF,0.20006396,0.52299416,0.27694187
27867,GOF,0.20006396,0.52299416,0.27694187
27868,Neutral,0.7451652,0.08186935,0.17296544
27869,GOF,0.20006396,0.52299416,0.27694187
27870,Neutral,0.9890688,0.0030788896,0.007852277
27871,Neutral,0.9412382,0.022898082,0.03586368
27872,Neutral,0.9412382,0.022898082,0.03586368
27873,Neutral,0.9412382,0.022898082,0.03586368
27874,Neutral,0.9412382,0.022898082,0.03586368
27875,GOF,0.20006396,0.52299416,0.27694187
27876,Neutral,0.9890688,0.0030788896,0.007852277
27877,Neutral,0.9890688,0.0030788896,0.007852277
27878,GOF,0.20006396,0.52299416,0.27694187
27879,Neutral,0.9890688,0.0030788896,0.007852277
27880,Neutral,0.9890688,0.0030788896,0.007852277
27881,GOF,0.20006396,0.52299416,0.27694187
27882,GOF,0.20006396,0.52299416,0.27694187
27883,Neutral,0.9890688,0.0030788896,0.007852277
27884,GOF,0.20006396,0.52299416,0.27694187
27885,Neutral,0.9412382,0.022898082,0.03586368
27886,GOF,0.20006396,0.52299416,0.27694187
27887,Neutral,0.9890688,0.0030788896,0.007852277
27888,GOF,0.20006396,0.52299416,0.27694187
27889,GOF,0.20006396,0.52299416,0.27694187
27890,GOF,0.20006396,0.52299416,0.27694187
27891,Neutral,0.9412382,0.022898082,0.03586368
27892,LOF,0.036847144,0.1783474,0.7848054
27893,Neutral,0.7451652,0.08186935,0.17296544
27894,Neutral,0.9890688,0.0030788896,0.007852277
27895,Neutral,0.9412382,0.022898082,0.03586368
27896,Neutral,0.9890688,0.0030788896,0.007852277
27897,Neutral,0.9890688,0.0030788896,0.007852277
27898,GOF,0.20006396,0.52299416,0.27694187
27899,Neutral,0.9412382,0.022898082,0.03586368
27900,Neutral,0.9412382,0.022898082,0.03586368
27901,GOF,0.20006396,0.52299416,0.27694187
27902,GOF,0.20006396,0.52299416,0.27694187
27903,Neutral,0.9412382,0.022898082,0.03586368
27904,Neutral,0.45892593,0.15432432,0.3867497
27905,Neutral,0.9890688,0.0030788896,0.007852277
27906,Neutral,0.89309895,0.044494282,0.06240679
27907,Neutral,0.7451652,0.08186935,0.17296544
27908,Neutral,0.9412382,0.022898082,0.03586368
27909,GOF,0.20006396,0.52299416,0.27694187
27910,Neutral,0.7451652,0.08186935,0.17296544
27911,Neutral,0.9890688,0.0030788896,0.007852277
27912,GOF,0.20006396,0.52299416,0.27694187
27913,Neutral,0.9412382,0.022898082,0.03586368
27914,Neutral,0.9890688,0.0030788896,0.007852277
27915,Neutral,0.9412382,0.022898082,0.03586368
27916,GOF,0.20006396,0.52299416,0.27694187
27917,GOF,0.20006396,0.52299416,0.27694187
27918,Neutral,0.9412382,0.022898082,0.03586368
27919,Neutral,0.9890688,0.0030788896,0.007852277
27920,Neutral,0.9412382,0.022898082,0.03586368
27921,Neutral,0.9890688,0.0030788896,0.007852277
27922,Neutral,0.9890688,0.0030788896,0.007852277
27923,LOF,0.27883497,0.26495034,0.45621473
27924,LOF,0.27883497,0.26495034,0.45621473
27925,Neutral,0.9890688,0.0030788896,0.007852277
27926,Neutral,0.9412382,0.022898082,0.03586368
27927,GOF,0.20006396,0.52299416,0.27694187
27928,Neutral,0.9412382,0.022898082,0.03586368
27929,GOF,0.20006396,0.52299416,0.27694187
27930,GOF,0.20006396,0.52299416,0.27694187
27931,Neutral,0.9412382,0.022898082,0.03586368
27932,GOF,0.20006396,0.52299416,0.27694187
27933,GOF,0.20006396,0.52299416,0.27694187
27934,GOF,0.20006396,0.52299416,0.27694187
27935,GOF,0.20006396,0.52299416,0.27694187
27936,Neutral,0.9412382,0.022898082,0.03586368
27937,Neutral,0.9412382,0.022898082,0.03586368
27938,GOF,0.20006396,0.52299416,0.27694187
27939,GOF,0.20006396,0.52299416,0.27694187
27940,Neutral,0.9412382,0.022898082,0.03586368
27941,Neutral,0.9412382,0.022898082,0.03586368
27942,Neutral,0.9890688,0.0030788896,0.007852277
27943,GOF,0.20006396,0.52299416,0.27694187
27944,Neutral,0.9412382,0.022898082,0.03586368
27945,Neutral,0.89309895,0.044494282,0.06240679
27946,GOF,0.20006396,0.52299416,0.27694187
27947,Neutral,0.9412382,0.022898082,0.03586368
27948,GOF,0.20006396,0.52299416,0.27694187
27949,Neutral,0.9412382,0.022898082,0.03586368
27950,GOF,0.20006396,0.52299416,0.27694187
27951,Neutral,0.9412382,0.022898082,0.03586368
27952,Neutral,0.9890688,0.0030788896,0.007852277
27953,GOF,0.20006396,0.52299416,0.27694187
27954,Neutral,0.9412382,0.022898082,0.03586368
27955,Neutral,0.9890688,0.0030788896,0.007852277
27956,Neutral,0.9412382,0.022898082,0.03586368
27957,LOF,0.036847144,0.1783474,0.7848054
27958,Neutral,0.9890688,0.0030788896,0.007852277
27959,LOF,0.053873982,0.120464236,0.8256618
27960,Neutral,0.9412382,0.022898082,0.03586368
27961,Neutral,0.9890688,0.0030788896,0.007852277
27962,Neutral,0.9412382,0.022898082,0.03586368
27963,GOF,0.20006396,0.52299416,0.27694187
27964,Neutral,0.9412382,0.022898082,0.03586368
27965,Neutral,0.9412382,0.022898082,0.03586368
27966,Neutral,0.9412382,0.022898082,0.03586368
27967,Neutral,0.9412382,0.022898082,0.03586368
27968,GOF,0.20006396,0.52299416,0.27694187
27969,Neutral,0.9890688,0.0030788896,0.007852277
27970,Neutral,0.9412382,0.022898082,0.03586368
27971,Neutral,0.9412382,0.022898082,0.03586368
27972,Neutral,0.9890688,0.0030788896,0.007852277
27973,GOF,0.20006396,0.52299416,0.27694187
27974,Neutral,0.89309895,0.044494282,0.06240679
27975,GOF,0.20006396,0.52299416,0.27694187
27976,GOF,0.20006396,0.52299416,0.27694187
27977,Neutral,0.9412382,0.022898082,0.03586368
27978,GOF,0.20006396,0.52299416,0.27694187
27979,Neutral,0.9412382,0.022898082,0.03586368
27980,Neutral,0.9412382,0.022898082,0.03586368
27981,GOF,0.20006396,0.52299416,0.27694187
27982,Neutral,0.9412382,0.022898082,0.03586368
27983,GOF,0.20006396,0.52299416,0.27694187
27984,LOF,0.043062646,0.14488664,0.8120507
27985,Neutral,0.9412382,0.022898082,0.03586368
27986,Neutral,0.9412382,0.022898082,0.03586368
27987,Neutral,0.9890688,0.0030788896,0.007852277
27988,GOF,0.20006396,0.52299416,0.27694187
27989,GOF,0.20006396,0.52299416,0.27694187
27990,Neutral,0.9412382,0.022898082,0.03586368
27991,LOF,0.043062646,0.14488664,0.8120507
27992,Neutral,0.45892593,0.15432432,0.3867497
27993,GOF,0.20006396,0.52299416,0.27694187
27994,Neutral,0.89309895,0.044494282,0.06240679
27995,GOF,0.20006396,0.52299416,0.27694187
27996,GOF,0.20006396,0.52299416,0.27694187
27997,GOF,0.20006396,0.52299416,0.27694187
27998,Neutral,0.9412382,0.022898082,0.03586368
27999,Neutral,0.9890688,0.0030788896,0.007852277
28000,Neutral,0.9412382,0.022898082,0.03586368
28001,Neutral,0.9890688,0.0030788896,0.007852277
28002,Neutral,0.9412382,0.022898082,0.03586368
28003,Neutral,0.9412382,0.022898082,0.03586368
28004,Neutral,0.7451652,0.08186935,0.17296544
28005,Neutral,0.91667014,0.023125783,0.060204133
28006,Neutral,0.9412382,0.022898082,0.03586368
28007,Neutral,0.9412382,0.022898082,0.03586368
28008,Neutral,0.9412382,0.022898082,0.03586368
28009,Neutral,0.9412382,0.022898082,0.03586368
28010,Neutral,0.9412382,0.022898082,0.03586368
28011,Neutral,0.89309895,0.044494282,0.06240679
28012,Neutral,0.89309895,0.044494282,0.06240679
28013,Neutral,0.9890688,0.0030788896,0.007852277
28014,Neutral,0.9890688,0.0030788896,0.007852277
28015,Neutral,0.9890688,0.0030788896,0.007852277
28016,Neutral,0.9412382,0.022898082,0.03586368
28017,Neutral,0.9412382,0.022898082,0.03586368
28018,Neutral,0.9412382,0.022898082,0.03586368
28019,Neutral,0.9412382,0.022898082,0.03586368
28020,Neutral,0.9412382,0.022898082,0.03586368
28021,Neutral,0.9412382,0.022898082,0.03586368
28022,Neutral,0.9412382,0.022898082,0.03586368
28023,Neutral,0.9890688,0.0030788896,0.007852277
28024,Neutral,0.9890688,0.0030788896,0.007852277
28025,Neutral,0.89309895,0.044494282,0.06240679
28026,Neutral,0.9412382,0.022898082,0.03586368
28027,Neutral,0.9412382,0.022898082,0.03586368
28028,Neutral,0.9412382,0.022898082,0.03586368
28029,Neutral,0.9412382,0.022898082,0.03586368
28030,Neutral,0.9412382,0.022898082,0.03586368
28031,Neutral,0.9890688,0.0030788896,0.007852277
28032,Neutral,0.9412382,0.022898082,0.03586368
28033,Neutral,0.9412382,0.022898082,0.03586368
28034,Neutral,0.89309895,0.044494282,0.06240679
28035,GOF,0.20006396,0.52299416,0.27694187
28036,GOF,0.20006396,0.52299416,0.27694187
28037,Neutral,0.9890688,0.0030788896,0.007852277
28038,Neutral,0.91667014,0.023125783,0.060204133
28039,Neutral,0.9412382,0.022898082,0.03586368
28040,GOF,0.20006396,0.52299416,0.27694187
28041,GOF,0.20006396,0.52299416,0.27694187
28042,Neutral,0.9412382,0.022898082,0.03586368
28043,LOF,0.036847144,0.1783474,0.7848054
28044,Neutral,0.9890688,0.0030788896,0.007852277
28045,Neutral,0.9412382,0.022898082,0.03586368
28046,GOF,0.20006396,0.52299416,0.27694187
28047,GOF,0.20006396,0.52299416,0.27694187
28048,GOF,0.20006396,0.52299416,0.27694187
28049,Neutral,0.9412382,0.022898082,0.03586368
28050,Neutral,0.9890688,0.0030788896,0.007852277
28051,Neutral,0.9412382,0.022898082,0.03586368
28052,Neutral,0.9412382,0.022898082,0.03586368
28053,Neutral,0.89309895,0.044494282,0.06240679
28054,Neutral,0.9412382,0.022898082,0.03586368
28055,GOF,0.20006396,0.52299416,0.27694187
28056,Neutral,0.9412382,0.022898082,0.03586368
28057,Neutral,0.9412382,0.022898082,0.03586368
28058,Neutral,0.9412382,0.022898082,0.03586368
28059,Neutral,0.9412382,0.022898082,0.03586368
28060,Neutral,0.91667014,0.023125783,0.060204133
28061,Neutral,0.7451652,0.08186935,0.17296544
28062,Neutral,0.9412382,0.022898082,0.03586368
28063,Neutral,0.9412382,0.022898082,0.03586368
28064,Neutral,0.9412382,0.022898082,0.03586368
28065,Neutral,0.9412382,0.022898082,0.03586368
28066,Neutral,0.9412382,0.022898082,0.03586368
28067,Neutral,0.9412382,0.022898082,0.03586368
28068,Neutral,0.9890688,0.0030788896,0.007852277
28069,Neutral,0.9412382,0.022898082,0.03586368
28070,Neutral,0.9412382,0.022898082,0.03586368
28071,Neutral,0.7451652,0.08186935,0.17296544
28072,Neutral,0.9412382,0.022898082,0.03586368
28073,GOF,0.20006396,0.52299416,0.27694187
28074,Neutral,0.9412382,0.022898082,0.03586368
28075,Neutral,0.9890688,0.0030788896,0.007852277
28076,Neutral,0.7451652,0.08186935,0.17296544
28077,GOF,0.20006396,0.52299416,0.27694187
28078,Neutral,0.9412382,0.022898082,0.03586368
28079,Neutral,0.9890688,0.0030788896,0.007852277
28080,Neutral,0.9412382,0.022898082,0.03586368
28081,Neutral,0.9412382,0.022898082,0.03586368
28082,GOF,0.20006396,0.52299416,0.27694187
28083,GOF,0.20006396,0.52299416,0.27694187
28084,GOF,0.20006396,0.52299416,0.27694187
28085,Neutral,0.91667014,0.023125783,0.060204133
28086,GOF,0.20006396,0.52299416,0.27694187
28087,GOF,0.20006396,0.52299416,0.27694187
28088,GOF,0.20006396,0.52299416,0.27694187
28089,Neutral,0.9890688,0.0030788896,0.007852277
28090,LOF,0.043062646,0.14488664,0.8120507
28091,GOF,0.20006396,0.52299416,0.27694187
28092,Neutral,0.9890688,0.0030788896,0.007852277
28093,GOF,0.20006396,0.52299416,0.27694187
28094,GOF,0.20006396,0.52299416,0.27694187
28095,GOF,0.20006396,0.52299416,0.27694187
28096,GOF,0.20006396,0.52299416,0.27694187
28097,GOF,0.20006396,0.52299416,0.27694187
28098,Neutral,0.8719207,0.053471413,0.074607894
28099,GOF,0.20006396,0.52299416,0.27694187
28100,Neutral,0.91667014,0.023125783,0.060204133
28101,Neutral,0.91667014,0.023125783,0.060204133
28102,GOF,0.20006396,0.52299416,0.27694187
28103,Neutral,0.9890688,0.0030788896,0.007852277
28104,GOF,0.20006396,0.52299416,0.27694187
28105,LOF,0.043062646,0.14488664,0.8120507
28106,GOF,0.20006396,0.52299416,0.27694187
28107,GOF,0.114163496,0.44700903,0.43882748
28108,GOF,0.20006396,0.52299416,0.27694187
28109,Neutral,0.9890688,0.0030788896,0.007852277
28110,GOF,0.20006396,0.52299416,0.27694187
28111,Neutral,0.9890688,0.0030788896,0.007852277
28112,GOF,0.20006396,0.52299416,0.27694187
28113,GOF,0.20006396,0.52299416,0.27694187
28114,GOF,0.20006396,0.52299416,0.27694187
28115,GOF,0.20006396,0.52299416,0.27694187
28116,GOF,0.20006396,0.52299416,0.27694187
28117,Neutral,0.9890688,0.0030788896,0.007852277
28118,Neutral,0.9890688,0.0030788896,0.007852277
28119,Neutral,0.91667014,0.023125783,0.060204133
28120,Neutral,0.9890688,0.0030788896,0.007852277
28121,GOF,0.20006396,0.52299416,0.27694187
28122,GOF,0.20006396,0.52299416,0.27694187
28123,GOF,0.20006396,0.52299416,0.27694187
28124,Neutral,0.9890688,0.0030788896,0.007852277
28125,GOF,0.20006396,0.52299416,0.27694187
28126,Neutral,0.9890688,0.0030788896,0.007852277
28127,Neutral,0.91667014,0.023125783,0.060204133
28128,GOF,0.20006396,0.52299416,0.27694187
28129,Neutral,0.9890688,0.0030788896,0.007852277
28130,Neutral,0.9890688,0.0030788896,0.007852277
28131,GOF,0.20006396,0.52299416,0.27694187
28132,Neutral,0.8719207,0.053471413,0.074607894
28133,Neutral,0.9890688,0.0030788896,0.007852277
28134,GOF,0.20006396,0.52299416,0.27694187
28135,Neutral,0.8719207,0.053471413,0.074607894
28136,GOF,0.20006396,0.52299416,0.27694187
28137,Neutral,0.9890688,0.0030788896,0.007852277
28138,Neutral,0.91667014,0.023125783,0.060204133
28139,GOF,0.20006396,0.52299416,0.27694187
28140,GOF,0.20006396,0.52299416,0.27694187
28141,Neutral,0.8719207,0.053471413,0.074607894
28142,GOF,0.20006396,0.52299416,0.27694187
28143,Neutral,0.9890688,0.0030788896,0.007852277
28144,Neutral,0.9890688,0.0030788896,0.007852277
28145,GOF,0.20006396,0.52299416,0.27694187
28146,Neutral,0.8719207,0.053471413,0.074607894
28147,Neutral,0.91667014,0.023125783,0.060204133
28148,Neutral,0.9412382,0.022898082,0.03586368
28149,LOF,0.036847144,0.1783474,0.7848054
28150,Neutral,0.9890688,0.0030788896,0.007852277
28151,Neutral,0.9412382,0.022898082,0.03586368
28152,Neutral,0.9412382,0.022898082,0.03586368
28153,Neutral,0.9412382,0.022898082,0.03586368
28154,GOF,0.20006396,0.52299416,0.27694187
28155,Neutral,0.91667014,0.023125783,0.060204133
28156,GOF,0.20006396,0.52299416,0.27694187
28157,Neutral,0.9412382,0.022898082,0.03586368
28158,Neutral,0.9412382,0.022898082,0.03586368
28159,GOF,0.20006396,0.52299416,0.27694187
28160,Neutral,0.9412382,0.022898082,0.03586368
28161,Neutral,0.9890688,0.0030788896,0.007852277
28162,Neutral,0.9412382,0.022898082,0.03586368
28163,GOF,0.20006396,0.52299416,0.27694187
28164,Neutral,0.9890688,0.0030788896,0.007852277
28165,GOF,0.20006396,0.52299416,0.27694187
28166,Neutral,0.9412382,0.022898082,0.03586368
28167,GOF,0.20006396,0.52299416,0.27694187
28168,GOF,0.20006396,0.52299416,0.27694187
28169,Neutral,0.9412382,0.022898082,0.03586368
28170,Neutral,0.9412382,0.022898082,0.03586368
28171,Neutral,0.9412382,0.022898082,0.03586368
28172,GOF,0.20006396,0.52299416,0.27694187
28173,Neutral,0.9412382,0.022898082,0.03586368
28174,Neutral,0.9412382,0.022898082,0.03586368
28175,GOF,0.20006396,0.52299416,0.27694187
28176,Neutral,0.9412382,0.022898082,0.03586368
28177,Neutral,0.9412382,0.022898082,0.03586368
28178,Neutral,0.36314976,0.2915617,0.3452885
28179,GOF,0.20006396,0.52299416,0.27694187
28180,Neutral,0.8719207,0.053471413,0.074607894
28181,GOF,0.20006396,0.52299416,0.27694187
28182,LOF,0.053873982,0.120464236,0.8256618
28183,GOF,0.20006396,0.52299416,0.27694187
28184,Neutral,0.9890688,0.0030788896,0.007852277
28185,Neutral,0.9412382,0.022898082,0.03586368
28186,Neutral,0.8719207,0.053471413,0.074607894
28187,Neutral,0.9412382,0.022898082,0.03586368
28188,Neutral,0.9412382,0.022898082,0.03586368
28189,GOF,0.20006396,0.52299416,0.27694187
28190,Neutral,0.8719207,0.053471413,0.074607894
28191,GOF,0.20006396,0.52299416,0.27694187
28192,GOF,0.20006396,0.52299416,0.27694187
28193,GOF,0.20006396,0.52299416,0.27694187
28194,Neutral,0.9890688,0.0030788896,0.007852277
28195,Neutral,0.8719207,0.053471413,0.074607894
28196,GOF,0.20006396,0.52299416,0.27694187
28197,Neutral,0.91667014,0.023125783,0.060204133
28198,GOF,0.20006396,0.52299416,0.27694187
28199,GOF,0.20006396,0.52299416,0.27694187
28200,Neutral,0.89309895,0.044494282,0.06240679
28201,GOF,0.20006396,0.52299416,0.27694187
28202,Neutral,0.9890688,0.0030788896,0.007852277
28203,Neutral,0.9412382,0.022898082,0.03586368
28204,GOF,0.20006396,0.52299416,0.27694187
28205,GOF,0.20006396,0.52299416,0.27694187
28206,Neutral,0.9412382,0.022898082,0.03586368
28207,GOF,0.20006396,0.52299416,0.27694187
28208,Neutral,0.9412382,0.022898082,0.03586368
28209,Neutral,0.9412382,0.022898082,0.03586368
28210,Neutral,0.89309895,0.044494282,0.06240679
28211,Neutral,0.9412382,0.022898082,0.03586368
28212,Neutral,0.9412382,0.022898082,0.03586368
28213,GOF,0.20006396,0.52299416,0.27694187
28214,GOF,0.20006396,0.52299416,0.27694187
28215,Neutral,0.9890688,0.0030788896,0.007852277
28216,GOF,0.20006396,0.52299416,0.27694187
28217,Neutral,0.9890688,0.0030788896,0.007852277
28218,GOF,0.20006396,0.52299416,0.27694187
28219,Neutral,0.7451652,0.08186935,0.17296544
28220,Neutral,0.9412382,0.022898082,0.03586368
28221,Neutral,0.9412382,0.022898082,0.03586368
28222,Neutral,0.9412382,0.022898082,0.03586368
28223,Neutral,0.9890688,0.0030788896,0.007852277
28224,LOF,0.043062646,0.14488664,0.8120507
28225,Neutral,0.9890688,0.0030788896,0.007852277
28226,Neutral,0.9890688,0.0030788896,0.007852277
28227,GOF,0.20006396,0.52299416,0.27694187
28228,Neutral,0.7451652,0.08186935,0.17296544
28229,GOF,0.20006396,0.52299416,0.27694187
28230,GOF,0.20006396,0.52299416,0.27694187
28231,Neutral,0.9412382,0.022898082,0.03586368
28232,GOF,0.20006396,0.52299416,0.27694187
28233,GOF,0.20006396,0.52299416,0.27694187
28234,Neutral,0.9412382,0.022898082,0.03586368
28235,GOF,0.20006396,0.52299416,0.27694187
28236,GOF,0.20006396,0.52299416,0.27694187
28237,Neutral,0.9412382,0.022898082,0.03586368
28238,GOF,0.20006396,0.52299416,0.27694187
28239,Neutral,0.9412382,0.022898082,0.03586368
28240,GOF,0.20006396,0.52299416,0.27694187
28241,GOF,0.20006396,0.52299416,0.27694187
28242,GOF,0.20006396,0.52299416,0.27694187
28243,Neutral,0.9412382,0.022898082,0.03586368
28244,Neutral,0.9890688,0.0030788896,0.007852277
28245,GOF,0.20006396,0.52299416,0.27694187
28246,Neutral,0.9890688,0.0030788896,0.007852277
28247,LOF,0.036847144,0.1783474,0.7848054
28248,GOF,0.20006396,0.52299416,0.27694187
28249,Neutral,0.9890688,0.0030788896,0.007852277
28250,Neutral,0.9412382,0.022898082,0.03586368
28251,GOF,0.20006396,0.52299416,0.27694187
28252,Neutral,0.9412382,0.022898082,0.03586368
28253,Neutral,0.9412382,0.022898082,0.03586368
28254,GOF,0.20006396,0.52299416,0.27694187
28255,Neutral,0.9412382,0.022898082,0.03586368
28256,Neutral,0.9890688,0.0030788896,0.007852277
28257,GOF,0.20006396,0.52299416,0.27694187
28258,GOF,0.20006396,0.52299416,0.27694187
28259,Neutral,0.9412382,0.022898082,0.03586368
28260,GOF,0.20006396,0.52299416,0.27694187
28261,Neutral,0.9412382,0.022898082,0.03586368
28262,Neutral,0.9412382,0.022898082,0.03586368
28263,GOF,0.20006396,0.52299416,0.27694187
28264,Neutral,0.9412382,0.022898082,0.03586368
28265,Neutral,0.9412382,0.022898082,0.03586368
28266,Neutral,0.9412382,0.022898082,0.03586368
28267,Neutral,0.91667014,0.023125783,0.060204133
28268,Neutral,0.9412382,0.022898082,0.03586368
28269,Neutral,0.9412382,0.022898082,0.03586368
28270,Neutral,0.9412382,0.022898082,0.03586368
28271,GOF,0.20006396,0.52299416,0.27694187
28272,Neutral,0.9412382,0.022898082,0.03586368
28273,Neutral,0.9890688,0.0030788896,0.007852277
28274,Neutral,0.91667014,0.023125783,0.060204133
28275,Neutral,0.9412382,0.022898082,0.03586368
28276,Neutral,0.9412382,0.022898082,0.03586368
28277,GOF,0.20006396,0.52299416,0.27694187
28278,Neutral,0.9412382,0.022898082,0.03586368
28279,Neutral,0.9412382,0.022898082,0.03586368
28280,GOF,0.20006396,0.52299416,0.27694187
28281,Neutral,0.9412382,0.022898082,0.03586368
28282,Neutral,0.9412382,0.022898082,0.03586368
28283,GOF,0.20006396,0.52299416,0.27694187
28284,Neutral,0.9890688,0.0030788896,0.007852277
28285,Neutral,0.9890688,0.0030788896,0.007852277
28286,Neutral,0.9890688,0.0030788896,0.007852277
28287,Neutral,0.9412382,0.022898082,0.03586368
28288,GOF,0.20006396,0.52299416,0.27694187
28289,Neutral,0.9412382,0.022898082,0.03586368
28290,Neutral,0.9890688,0.0030788896,0.007852277
28291,Neutral,0.9412382,0.022898082,0.03586368
28292,Neutral,0.9412382,0.022898082,0.03586368
28293,Neutral,0.9412382,0.022898082,0.03586368
28294,Neutral,0.9412382,0.022898082,0.03586368
28295,Neutral,0.9412382,0.022898082,0.03586368
28296,Neutral,0.9412382,0.022898082,0.03586368
28297,Neutral,0.9412382,0.022898082,0.03586368
28298,GOF,0.20006396,0.52299416,0.27694187
28299,Neutral,0.9412382,0.022898082,0.03586368
28300,Neutral,0.9412382,0.022898082,0.03586368
28301,Neutral,0.9890688,0.0030788896,0.007852277
28302,Neutral,0.9412382,0.022898082,0.03586368
28303,Neutral,0.9412382,0.022898082,0.03586368
28304,Neutral,0.9412382,0.022898082,0.03586368
28305,Neutral,0.9890688,0.0030788896,0.007852277
28306,Neutral,0.9412382,0.022898082,0.03586368
28307,Neutral,0.9412382,0.022898082,0.03586368
28308,Neutral,0.9890688,0.0030788896,0.007852277
28309,Neutral,0.9412382,0.022898082,0.03586368
28310,Neutral,0.9412382,0.022898082,0.03586368
28311,GOF,0.20006396,0.52299416,0.27694187
28312,GOF,0.20006396,0.52299416,0.27694187
28313,GOF,0.20006396,0.52299416,0.27694187
28314,Neutral,0.9412382,0.022898082,0.03586368
28315,GOF,0.20006396,0.52299416,0.27694187
28316,Neutral,0.9412382,0.022898082,0.03586368
28317,Neutral,0.9412382,0.022898082,0.03586368
28318,GOF,0.20006396,0.52299416,0.27694187
28319,GOF,0.20006396,0.52299416,0.27694187
28320,GOF,0.20006396,0.52299416,0.27694187
28321,Neutral,0.9412382,0.022898082,0.03586368
28322,Neutral,0.9412382,0.022898082,0.03586368
28323,Neutral,0.9412382,0.022898082,0.03586368
28324,Neutral,0.9412382,0.022898082,0.03586368
28325,Neutral,0.9412382,0.022898082,0.03586368
28326,Neutral,0.9412382,0.022898082,0.03586368
28327,Neutral,0.9412382,0.022898082,0.03586368
28328,Neutral,0.9890688,0.0030788896,0.007852277
28329,GOF,0.20006396,0.52299416,0.27694187
28330,Neutral,0.45892593,0.15432432,0.3867497
28331,Neutral,0.9890688,0.0030788896,0.007852277
28332,GOF,0.20006396,0.52299416,0.27694187
28333,Neutral,0.9412382,0.022898082,0.03586368
28334,Neutral,0.9412382,0.022898082,0.03586368
28335,GOF,0.03469501,0.871909,0.093395926
28336,GOF,0.20006396,0.52299416,0.27694187
28337,Neutral,0.9890688,0.0030788896,0.007852277
28338,Neutral,0.45892593,0.15432432,0.3867497
28339,Neutral,0.9412382,0.022898082,0.03586368
28340,Neutral,0.9412382,0.022898082,0.03586368
28341,Neutral,0.9890688,0.0030788896,0.007852277
28342,Neutral,0.9890688,0.0030788896,0.007852277
28343,GOF,0.20006396,0.52299416,0.27694187
28344,Neutral,0.9412382,0.022898082,0.03586368
28345,Neutral,0.89309895,0.044494282,0.06240679
28346,Neutral,0.9412382,0.022898082,0.03586368
28347,LOF,0.23597604,0.15846896,0.605555
28348,GOF,0.20006396,0.52299416,0.27694187
28349,GOF,0.20006396,0.52299416,0.27694187
28350,GOF,0.20006396,0.52299416,0.27694187
28351,GOF,0.114163496,0.44700903,0.43882748
28352,Neutral,0.9890688,0.0030788896,0.007852277
28353,Neutral,0.8719207,0.053471413,0.074607894
28354,Neutral,0.9890688,0.0030788896,0.007852277
28355,Neutral,0.9890688,0.0030788896,0.007852277
28356,Neutral,0.89309895,0.044494282,0.06240679
28357,Neutral,0.9412382,0.022898082,0.03586368
28358,Neutral,0.89309895,0.044494282,0.06240679
28359,GOF,0.20006396,0.52299416,0.27694187
28360,Neutral,0.91667014,0.023125783,0.060204133
28361,GOF,0.20006396,0.52299416,0.27694187
28362,GOF,0.20006396,0.52299416,0.27694187
28363,GOF,0.20006396,0.52299416,0.27694187
28364,GOF,0.20006396,0.52299416,0.27694187
28365,Neutral,0.7451652,0.08186935,0.17296544
28366,Neutral,0.9412382,0.022898082,0.03586368
28367,GOF,0.20006396,0.52299416,0.27694187
28368,Neutral,0.89309895,0.044494282,0.06240679
28369,Neutral,0.9412382,0.022898082,0.03586368
28370,GOF,0.20006396,0.52299416,0.27694187
28371,Neutral,0.9890688,0.0030788896,0.007852277
28372,Neutral,0.9412382,0.022898082,0.03586368
28373,Neutral,0.91667014,0.023125783,0.060204133
28374,Neutral,0.9412382,0.022898082,0.03586368
28375,GOF,0.20006396,0.52299416,0.27694187
28376,Neutral,0.9412382,0.022898082,0.03586368
