feature0,prediction,LoGoFunc_Neutral,LoGoFunc_GOF,LoGoFunc_LOF
25546,Neutral,0.687413544557658,0.032066431328489284,0.28052002411385274
25547,Neutral,0.6047577451840221,0.060349388495758535,0.3348928663202193
25548,Neutral,0.5283682964919272,0.04744017599550027,0.42419152751257266
25549,Neutral,0.4971894122087311,0.04713751709706429,0.4556730706942046
25550,LOF,0.4145931132729295,0.08940827888016464,0.49599860784690586
25551,LOF,0.34137117255743016,0.10746310634870077,0.551165721093869
25552,LOF,0.19070209069900235,0.12438824795242,0.6849096613485776
25553,Neutral,0.7999631544761313,0.03665386015457969,0.16338298536928905
25554,LOF,0.2408027035960823,0.11805621854035564,0.6411410778635621
25555,LOF,0.19424057659103655,0.09309390490311087,0.7126655185058526
25556,Neutral,0.5239341275133733,0.07620309415908404,0.39986277832754274
25557,LOF,0.18494158398694632,0.1103069891233236,0.7047514268897301
25558,LOF,0.23545085182468056,0.12356837416390823,0.6409807740114112
25559,LOF,0.3548205186371905,0.06942389381113295,0.5757555875516767
25560,LOF,0.061570350498955914,0.19459587706451528,0.7438337724365288
25561,LOF,0.10902067068594734,0.20573629214696434,0.6852430371670882
25562,LOF,0.11575838038928775,0.09633691541572167,0.7879047041949905
25563,LOF,0.11307253033148022,0.10841582171891276,0.7785116479496069
25564,LOF,0.15082678706281544,0.21789329642393732,0.6312799165132472
25565,LOF,0.12209601032813375,0.19176326986889414,0.6861407198029721
25566,GOF,0.013773586790979382,0.729480613515464,0.2567457996935566
25567,LOF,0.013399700847770066,0.14126939490266688,0.8453309042495629
25568,LOF,0.04479631061315748,0.05992921075328197,0.8952744786335606
25569,LOF,0.056600417316114385,0.05823391589074887,0.8851656667931367
25570,LOF,0.05831594631483978,0.09868124194364673,0.8430028117415134
25571,LOF,0.05746492754814964,0.0853300934555023,0.8572049789963481
25572,LOF,0.06532576563253771,0.13360381463753881,0.8010704197299234
25573,LOF,0.03191869896578565,0.0880264415397281,0.8800548594944863
25574,LOF,0.017804138987539072,0.1525218538708418,0.8296740071416191
25575,LOF,0.05197358372228439,0.08960371008012022,0.8584227061975954
25576,LOF,0.02004922290692404,0.10155495426614883,0.8783958228269272
25577,LOF,0.01466495935812623,0.1395875994899988,0.845747441151875
25578,LOF,0.24739918158835683,0.08126712116029688,0.6713336972513463
25579,LOF,0.24801512144566393,0.08079927439323373,0.6711856041611023
25580,LOF,0.0344301198213042,0.08022827706784631,0.8853416031108494
25581,LOF,0.045151006192487776,0.06175748622304901,0.8930915075844632
25582,LOF,0.045206991538328994,0.058111795660779786,0.8966812128008913
25583,LOF,0.04170733885021586,0.08117190579803829,0.8771207553517459
25584,Neutral,0.48724091713331164,0.07510380328799342,0.4376552795786949
25585,LOF,0.033423512737956074,0.09491301726409372,0.8716634699979503
25586,LOF,0.03957207884640638,0.07166648582424166,0.888761435329352
25587,LOF,0.036370388554992916,0.06606022819361139,0.8975693832513958
25588,LOF,0.0351521161024369,0.08599045937853025,0.8788574245190329
25589,Neutral,0.5977838311323929,0.10572927676594635,0.2964868921016608
25590,LOF,0.0313041919282262,0.11837665708005375,0.8503191509917201
25591,LOF,0.11307110979675625,0.04517421099874378,0.8417546792045001
25592,LOF,0.10794434356178649,0.11813423975169964,0.7739214166865138
25593,LOF,0.015827521769819376,0.237560281311092,0.7466121969190886
25594,LOF,0.038290765481440434,0.16672614949478384,0.7949830850237757
25595,LOF,0.06409637627823472,0.13412895155994986,0.8017746721618155
25596,LOF,0.07752440517027623,0.10413227899768604,0.8183433158320378
25597,LOF,0.07674509962943363,0.059534747326995076,0.8637201530435712
25598,LOF,0.04844141576214657,0.17356190651345058,0.777996677724403
25599,GOF,0.007077890257551348,0.7044646982136857,0.288457411528763
25600,GOF,0.008265349220912743,0.5901654526461523,0.40156919813293496
25601,LOF,0.006841512788799495,0.4669812522694225,0.526177234941778
25602,LOF,0.018560290681302334,0.06613672342074696,0.9153029858979508
25603,LOF,0.0373828764049439,0.02780827766159196,0.9348088459334641
25604,LOF,0.03738196650658763,0.045707400400917295,0.916910633092495
25605,LOF,0.010350358377053028,0.22214359845688533,0.7675060431660616
25606,LOF,0.05966542663881779,0.4206582036498074,0.5196763697113748
25607,LOF,0.004339343231679372,0.14189595878691336,0.8537646979814073
25608,LOF,0.05204779541503156,0.05643654591771794,0.8915156586672505
25609,LOF,0.05670950704801976,0.3784917992281951,0.5647986937237851
25610,LOF,0.05091901085644452,0.039508511264904136,0.9095724778786513
25611,LOF,0.052718025596735926,0.03274232832988023,0.9145396460733839
25612,LOF,0.1329423834137696,0.05891608887904003,0.8081415277071903
25613,LOF,0.11027544545222218,0.04847522952615769,0.8412493250216202
25614,LOF,0.044471853139690085,0.047297060789301994,0.9082310860710079
25615,LOF,0.07956544083908386,0.04114285563536297,0.8792917035255532
25616,LOF,0.041154302340716646,0.045916532641926334,0.9129291650173569
25617,LOF,0.04110331992336808,0.04948779245904011,0.9094088876175918
25618,LOF,0.26067527573991023,0.05279608470740728,0.6865286395526825
25619,LOF,0.038988445506678966,0.04030899261919785,0.9207025618741231
25620,LOF,0.03921387722973424,0.05410346827182679,0.906682654498439
25621,LOF,0.04533663440291302,0.0335338030163075,0.9211295625807796
25622,LOF,0.03764233117390364,0.04805779867735887,0.9142998701487375
25623,LOF,0.05891268510915394,0.043331019459394396,0.8977562954314517
25624,LOF,0.03281466013933537,0.05265707914086341,0.9145282607198011
25625,LOF,0.04619705262445612,0.05713501619755939,0.8966679311779845
25626,LOF,0.08655369090235986,0.04072359803629167,0.8727227110613485
25627,Neutral,0.5678246624614951,0.10406342528328223,0.3281119122552228
25628,LOF,0.2199039494649615,0.05261776844810833,0.7274782820869302
25629,LOF,0.08784868506698276,0.12119596897428413,0.7909553459587331
25630,LOF,0.2041699242901812,0.09147471912500663,0.7043553565848122
25631,Neutral,0.6234092017132886,0.05672909402891825,0.31986170425779326
25632,LOF,0.020270035903282777,0.11901378297872321,0.8607161811179941
25633,LOF,0.21964438210504422,0.10105636657146556,0.6792992513234902
25634,LOF,0.0324617793561377,0.09913172237341762,0.8684064982704447
25635,LOF,0.035594165281936194,0.09839716683944597,0.8660086678786179
25636,GOF,0.006436344738828917,0.6887644890226907,0.30479916623848036
25637,GOF,0.00494157576948787,0.5391893300345153,0.45586909419599686
25638,GOF,0.008244530016415305,0.49900401369450637,0.49275145628907846
25639,LOF,0.004595977576473792,0.4817947432878981,0.513609279135628
25640,GOF,0.3506438171897589,0.6060083984056667,0.043347784404574444
25641,LOF,0.006180311228118929,0.3286064760262733,0.6652132127456079
25642,LOF,0.25347295783687473,0.11182531111185445,0.6347017310512709
25643,LOF,0.3162105735460396,0.26019892122892424,0.4235905052250363
25644,GOF,0.026272534196025998,0.6494339026677651,0.324293563136209
25645,GOF,0.02129806736287543,0.5859753738354531,0.3927265588016715
25646,LOF,0.021627827927411147,0.43197014341674095,0.5464020286558479
25647,LOF,0.016556494315041886,0.31506557072530283,0.6683779349596553
25648,LOF,0.014660852016048278,0.35936137902370996,0.6259777689602418
25649,LOF,0.014981702517657394,0.255950154499875,0.7290681429824676
25650,GOF,0.04107158994279855,0.5675056974363677,0.3914227126208338
25651,LOF,0.012576052687039683,0.28553317002547174,0.7018907772874885
25652,LOF,0.021000487388893575,0.4013827947945501,0.5776167178165563
25653,GOF,0.08510468735420504,0.556630889721882,0.35826442292391303
25654,LOF,0.01539288599644645,0.3628482683647395,0.6217588456388141
25655,GOF,0.11791673127554578,0.5083701192440234,0.3737131494804309
25656,LOF,0.053700702178602296,0.10165737910125096,0.8446419187201468
25657,LOF,0.2927887704011186,0.04844239872758478,0.6587688308712967
25658,LOF,0.03250535800038381,0.1933435218373571,0.7741511201622591
25659,LOF,0.2117489654788469,0.09007369268529256,0.6981773418358607
25660,LOF,0.09552828745091292,0.10977412729969557,0.7946975852493915
25661,LOF,0.07416956663722271,0.0741570086664465,0.8516734246963308
25662,LOF,0.03701148604075774,0.05936217454710553,0.9036263394121367
25663,LOF,0.04056175892946424,0.10899773899873876,0.850440502071797
25664,LOF,0.031117327604911954,0.15165666332417593,0.8172260090709121
25665,LOF,0.04441452190263161,0.06211088871076251,0.8934745893866058
25666,LOF,0.04483504268988707,0.20063386289785462,0.7545310944122582
25667,LOF,0.03584529609341953,0.059243418417624996,0.9049112854889555
25668,LOF,0.05134723164397115,0.05828111058935262,0.8903716577666763
25669,LOF,0.050392498330883925,0.08944873599145942,0.8601587656776566
25670,LOF,0.06648816405210983,0.10859102435233464,0.8249208115955555
25671,LOF,0.045819102897419056,0.054943076510585546,0.8992378205919954
25672,LOF,0.04343213704160332,0.0815970703245914,0.8749707926338053
25673,LOF,0.04007271971504551,0.08253814985024979,0.8773891304347047
25674,LOF,0.026930163915285594,0.09841480997060731,0.8746550261141071
25675,LOF,0.03682060865854476,0.08631450013321425,0.8768648912082411
25676,LOF,0.03202280312657862,0.0746397650310609,0.8933374318423605
25677,LOF,0.08343634838702338,0.06441258304495541,0.8521510685680213
25678,LOF,0.14100891756736808,0.06749244092375656,0.7914986415088754
25679,LOF,0.13184240084489288,0.07876543842057944,0.7893921607345277
25680,LOF,0.085476085750248,0.09999025841392747,0.8145336558358245
25681,LOF,0.10062420688956175,0.09339606973029495,0.8059797233801432
25682,LOF,0.05336732570371918,0.07164267752197583,0.874989996774305
25683,LOF,0.08333411469413013,0.10840238878558174,0.8082634965202882
25684,LOF,0.06695197153326597,0.074390912801276,0.858657115665458
25685,LOF,0.11211810993169774,0.05959810277680139,0.8282837872915009
25686,LOF,0.028370741442873257,0.11980923402526486,0.8518200245318619
25687,LOF,0.0562181268033076,0.11737646026331715,0.8264054129333752
25688,LOF,0.0194921070221991,0.059341733769063196,0.9211661592087378
25689,LOF,0.017757877412753004,0.04208452092630677,0.9401576016609403
25690,LOF,0.01708452206834936,0.048418803173406154,0.9344966747582445
25691,LOF,0.1121695234914681,0.057816231158264494,0.8300142453502674
25692,LOF,0.17426356060760848,0.010959920272720539,0.8147765191196711
25693,LOF,0.043940380101711946,0.16890015757401275,0.7871594623242752
25694,LOF,0.20966778504142977,0.013702929542913727,0.7766292854156566
25695,LOF,0.168766526999693,0.02667184233432085,0.8045616306659861
25696,LOF,0.06112041027826563,0.02502018692134292,0.9138594028003915
25697,LOF,0.1901071396143634,0.03153436655286548,0.7783584938327711
25698,LOF,0.015691761533933743,0.349463363090455,0.6348448753756113
25699,LOF,0.10762809203490888,0.0953945466348658,0.7969773613302253
25700,LOF,0.034362836917129054,0.017304632323536906,0.9483325307593341
25701,LOF,0.016497272584478587,0.10355756415892507,0.8799451632565964
25702,GOF,0.02242246817181724,0.7745377796795078,0.20303975214867498
25703,LOF,0.013226646668650548,0.2870562488001248,0.6997171045312247
25704,LOF,0.09374920150428907,0.23412263058473595,0.6721281679109751
25705,LOF,0.08772068314461029,0.3177710261346187,0.5945082907207709
25706,GOF,0.01753902049763992,0.7167676116897831,0.265693367812577
25707,GOF,0.02540079739495276,0.6355428203903349,0.33905638221471224
25708,GOF,0.008200185274811221,0.6442610562519899,0.3475387584731989
25709,LOF,0.027217759535153627,0.09392326593761915,0.8788589745272273
25710,LOF,0.006099289735546076,0.24266420144029882,0.751236508824155
25711,LOF,0.029367350651090123,0.16402957971937776,0.8066030696295321
25712,LOF,0.0077339298670686275,0.3018086463069423,0.690457423825989
25713,LOF,0.025922926898026485,0.14636178246750994,0.8277152906344637
25714,LOF,0.02745516462219871,0.18060465403090636,0.7919401813468949
25715,LOF,0.030468276480435583,0.16140715529240868,0.8081245682271557
25716,LOF,0.0063237169641750775,0.266466507595211,0.7272097754406139
25717,LOF,0.006530412769048715,0.21386088639494133,0.77960870083601
25718,LOF,0.027495058048591575,0.10586386998361104,0.8666410719677975
25719,LOF,0.03420420486598833,0.16257466415091437,0.8032211309830973
25720,LOF,0.03790061356073596,0.14024404308957011,0.8218553433496939
25721,LOF,0.02807762493408203,0.140229554502705,0.831692820563213
25722,LOF,0.019280837124458695,0.19042867237399977,0.7902904905015414
25723,LOF,0.029844337616472528,0.13824562244702845,0.831910039936499
25724,LOF,0.028729497868875943,0.2534921347270227,0.7177783674041014
25725,LOF,0.029905612111548876,0.12396325425915838,0.8461311336292928
25726,LOF,0.020734183909369736,0.16850130140761224,0.810764514683018
25727,LOF,0.026179344705448915,0.15744258708329925,0.8163780682112518
25728,LOF,0.025813066327581832,0.15594912210753503,0.8182378115648831
25729,LOF,0.02573296270543032,0.1757811095008714,0.7984859277936982
25730,LOF,0.03160403042684277,0.11545830006672304,0.8529376695064342
25731,LOF,0.010209879196020616,0.24699790392555623,0.7427922168784231
25732,LOF,0.022019759582251153,0.14402742576337169,0.8339528146543771
25733,LOF,0.03564162459063424,0.144065496609033,0.8202928788003329
25734,LOF,0.006993418816966801,0.33931015776870993,0.6536964234143233
25735,LOF,0.024467358297991827,0.12297108027402955,0.8525615614279787
25736,LOF,0.022979029130296074,0.21784233088481741,0.7591786399848865
25737,LOF,0.05875456130793118,0.17652130525230883,0.76472413343976
25738,LOF,0.026374366973793507,0.21458188711695686,0.7590437459092496
25739,LOF,0.030700811355915437,0.1370113483487486,0.832287840295336
25740,LOF,0.03256891545656872,0.1737524134671164,0.7936786710763148
25741,LOF,0.03605996712633414,0.15570290078612603,0.8082371320875398
25742,LOF,0.05180190045885215,0.15932074787962125,0.7888773516615267
25743,LOF,0.012166027589050069,0.022402630771042133,0.9654313416399078
25744,LOF,0.24778377127212828,0.2238892507034328,0.5283269780244388
25745,LOF,0.036519380367756225,0.0661782611252422,0.8973023585070017
25746,LOF,0.014938872267704639,0.0905473507304047,0.8945137770018906
25747,LOF,0.03951793190333674,0.025476586016480212,0.935005482080183
25748,LOF,0.28455401540597375,0.05139602294455077,0.6640499616494755
25749,LOF,0.015846988054875413,0.05977381374228009,0.9243791982028445
25750,LOF,0.022663600740604348,0.06342645519378085,0.9139099440656149
25751,LOF,0.04009992519352873,0.03484035736577061,0.9250597174407006
25752,GOF,0.06859810324289116,0.718893153992608,0.2125087427645008
25753,LOF,0.007648697395785116,0.4819791823379414,0.5103721202662735
25754,GOF,0.007235253789151316,0.9016642742422677,0.09110047196858102
25755,LOF,0.006647114261372806,0.48224663946049223,0.511106246278135
25756,LOF,0.022633522281373657,0.48812741432439055,0.4892390633942358
25757,GOF,0.0077828771377565975,0.8822831126147901,0.10993401024745346
25758,GOF,0.008450244151838924,0.9022818025700727,0.08926795327808847
25759,GOF,0.005927271423605438,0.7012220084245582,0.2928507201518365
25760,LOF,0.006112104302386063,0.35089901918651467,0.6429888765110993
25761,GOF,0.050863920443354,0.8653385786735976,0.08379750088304823
25762,LOF,0.025696656111210622,0.4218378097400443,0.552465534148745
25763,LOF,0.006086306808330865,0.32804247184973084,0.6658712213419382
25764,GOF,0.057409681319838056,0.7063877651128798,0.2362025535672821
25765,GOF,0.007746620610579149,0.8868241260135297,0.10542925337589121
25766,GOF,0.026544370044144484,0.8651436523261863,0.10831197762966928
25767,GOF,0.01911547819056575,0.573861184964438,0.40702333684499625
25768,LOF,0.05311362256616152,0.05325092164562776,0.8936354557882107
25769,LOF,0.04150037066369267,0.06817264017770516,0.8903269891586022
25770,LOF,0.13203978439786668,0.10274734730776866,0.7652128682943647
25771,LOF,0.022427069008807476,0.07382137057506483,0.9037515604161277
25772,LOF,0.033205871088848905,0.03052408171213742,0.9362700471990136
25773,LOF,0.0169062666923774,0.08651521520693223,0.8965785181006904
25774,LOF,0.026726722402042206,0.15872548583698398,0.8145477917609738
25775,LOF,0.022917201838339177,0.048586199353342976,0.9284965988083178
25776,LOF,0.029206914246467614,0.02217034858504678,0.9486227371684857
25777,LOF,0.33535960465869724,0.08751300007352936,0.5771273952677735
25778,LOF,0.027742385619912536,0.055158936326831005,0.9170986780532565
25779,GOF,0.0757460662941267,0.8480384939211936,0.07621543978467986
25780,GOF,0.08414587590159275,0.8555647916521012,0.06028933244630602
25781,GOF,0.03664959942604803,0.8279977867932372,0.1353526137807149
25782,GOF,0.04723412998643386,0.8810787896592497,0.07168708035431638
25783,GOF,0.03966833174598003,0.8958975669847032,0.06443410126931681
25784,GOF,0.1343540406746721,0.8116089343171373,0.054037025008190555
25785,GOF,0.1433437249053994,0.8150513239477661,0.04160495114683465
25786,GOF,0.011613220370976472,0.8336314857940799,0.15475529383494388
25787,GOF,0.29770314156678057,0.6516456108476719,0.05065124758554756
25788,LOF,0.019169466221590267,0.18234405645867421,0.7984864773197354
25789,GOF,0.02346355240571165,0.8277300580474632,0.14880638954682504
25790,GOF,0.03878880982423331,0.8700214226872391,0.0911897674885275
25791,GOF,0.03517036642382968,0.707659019898246,0.2571706136779245
25792,GOF,0.04218690986119983,0.7611359758321109,0.19667711430668924
25793,GOF,0.057073717580761386,0.8038577041131729,0.13906857830606573
25794,GOF,0.06306783451534417,0.695877378285119,0.24105478719953685
25795,GOF,0.0676065817170362,0.7112702151715998,0.22112320311136385
25796,GOF,0.13688238743618103,0.7609303343539384,0.10218727820988063
25797,GOF,0.07631441294943608,0.7037192325820301,0.2199663544685339
25798,GOF,0.008012539049435953,0.7644529511660477,0.22753450978451642
25799,GOF,0.005300541670778859,0.6656807332375807,0.32901872509164054
25800,GOF,0.030927873517278617,0.8260546980959099,0.14301742838681142
25801,GOF,0.030981048731947947,0.8748725428706707,0.09414640839738131
25802,GOF,0.035406601693975935,0.7607193481475788,0.20387405015844526
25803,GOF,0.024266699792243756,0.6874096787656858,0.2883236214420706
25804,GOF,0.0392042704205009,0.7411290004094364,0.21966672917006266
25805,GOF,0.03998193191560364,0.7805994585826556,0.17941860950174074
25806,GOF,0.05241495164150448,0.7832319638711268,0.16435308448736868
25807,GOF,0.017131738870864395,0.7159653269851064,0.26690293414402927
25808,GOF,0.03221034611730612,0.7433133949547268,0.224476258927967
25809,GOF,0.01371354275338181,0.6685653107601434,0.3177211464864748
25810,GOF,0.011908395205321977,0.6562135852247453,0.33187801956993274
25811,GOF,0.07930395603707067,0.8262755836121846,0.09442046035074482
25812,GOF,0.03660063630068503,0.7452798016295586,0.21811956206975638
25813,GOF,0.20066145424261952,0.7021208760654387,0.09721766969194168
25814,GOF,0.034238631699585895,0.7313933717238776,0.23436799657653645
25815,GOF,0.0655898755018313,0.7793796358256531,0.15503048867251554
25816,GOF,0.010047839946999189,0.8260696682236686,0.16388249182933215
25817,GOF,0.12740144391309471,0.733504301876017,0.13909425421088822
25818,GOF,0.030745149313223866,0.7491719788811797,0.22008287180559633
25819,GOF,0.057140881602304835,0.7396446735547154,0.20321444484297962
25820,GOF,0.062472263202924844,0.7001963894932157,0.23733134730385944
25821,GOF,0.04181490910457471,0.7432330246343664,0.21495206626105887
25822,GOF,0.07516658234028027,0.7200063723799238,0.20482704527979595
25823,GOF,0.035116890225660245,0.6785507362877226,0.28633237348661733
25824,GOF,0.04098143798160188,0.7337319137571933,0.22528664826120484
25825,GOF,0.030202532521232242,0.7321172055425008,0.23768026193626693
25826,GOF,0.013565977437375826,0.6838023265081334,0.3026316960544908
25827,GOF,0.020368486342882176,0.6913096796400927,0.28832183401702505
25828,GOF,0.01187265954323665,0.7205589615195125,0.2675683789372508
25829,GOF,0.004643036788314556,0.6309017951708263,0.36445516804085903
25830,GOF,0.041495586176686756,0.5166639680126797,0.44184044581063364
25831,GOF,0.0830398477715582,0.7810652649086054,0.13589488731983654
25832,GOF,0.011675959083427114,0.6797980251633937,0.30852601575317934
25833,GOF,0.04321300401145841,0.7621297953937229,0.19465720059481864
25834,GOF,0.011903311796575151,0.6947510370759588,0.2933456511274662
25835,GOF,0.03094217229517487,0.7891091344332741,0.17994869327155108
25836,GOF,0.008494419169097957,0.6917270294681322,0.29977855136276976
25837,GOF,0.009891298920780995,0.7061372997303202,0.2839714013488987
25838,GOF,0.023674684264614818,0.7933152199975896,0.18301009573779572
25839,GOF,0.05307926145605326,0.7505309209133288,0.19638981763061797
25840,GOF,0.08995004842250155,0.725592716907509,0.18445723466998942
25841,GOF,0.08750184125582326,0.7675909607057083,0.14490719803846847
25842,GOF,0.03298659220502347,0.8426651915235986,0.124348216271378
25843,GOF,0.032030333827713066,0.8509470695281718,0.11702259664411523
25844,GOF,0.025571385773454296,0.7886586196347408,0.1857699945918048
25845,GOF,0.007528126168004212,0.6790672490305922,0.3134046248014036
25846,GOF,0.08070622765873418,0.8161119888224384,0.10318178351882736
25847,GOF,0.017760893578696608,0.853319031184582,0.1289200752367215
25848,GOF,0.02722472865795786,0.7931759252717394,0.17959934607030262
25849,GOF,0.008068311981585181,0.7485309946985103,0.24340069331990452
25850,GOF,0.007352789984429149,0.6518100870634519,0.3408371229521191
25851,GOF,0.006847923857672244,0.5943863034775271,0.39876577266480073
25852,GOF,0.15604030528502463,0.5312139303835698,0.31274576433140555
25853,GOF,0.07130116504187654,0.7395069437347268,0.1891918912233968
25854,GOF,0.007150921866550039,0.6950745362654953,0.29777454186795455
25855,GOF,0.026593002003816462,0.6394577600235977,0.3339492379725858
25856,GOF,0.051847437115592185,0.708701404305399,0.23945115857900892
25857,GOF,0.026597420713585177,0.6243284080763578,0.349074171210057
25858,GOF,0.010012979693138496,0.602482722074431,0.38750429823243043
25859,GOF,0.007223974630034727,0.5803488149716584,0.4124272103983069
25860,GOF,0.10147008729339618,0.7313040652386312,0.16722584746797262
25861,GOF,0.12742240173905636,0.7743479076945682,0.09822969056637533
25862,GOF,0.027572627956134833,0.8674887837325269,0.10493858831133832
25863,GOF,0.023479374309689677,0.8451409211548677,0.13137970453544268
25864,GOF,0.044195623065682046,0.8599338705012428,0.09587050643307524
25865,GOF,0.04459832304868043,0.821919186280286,0.13348249067103365
25866,GOF,0.02410461009468781,0.8196378670193758,0.15625752288593642
25867,GOF,0.06374887040882132,0.8124395339944883,0.12381159559669028
25868,GOF,0.08717764635990674,0.7471177976461852,0.1657045559939079
25869,GOF,0.3538483040145171,0.5312609549111865,0.11489074107429645
25870,GOF,0.06422380664405658,0.534730994829817,0.4010451985261264
25871,GOF,0.010351580709034344,0.7805263242726769,0.20912209501828877
25872,GOF,0.02547104893995621,0.8094039575967571,0.16512499346328682
25873,GOF,0.025731051999173377,0.8733947455588413,0.10087420244198526
25874,LOF,0.018774624127069376,0.19271745597279022,0.7885079199001405
25875,LOF,0.023562328081099,0.10841094092672322,0.8680267309921778
25876,LOF,0.022599032989435174,0.056251586361140665,0.9211493806494241
25877,LOF,0.0935369433611373,0.19895134954399268,0.7075117070948701
25878,LOF,0.05927269469931541,0.2687036093168776,0.672023695983807
25879,LOF,0.01062160516165256,0.16208439464068056,0.8272940001976669
25880,LOF,0.06483382353872248,0.020928681423420234,0.9142374950378573
25881,Neutral,0.552436300736309,0.09548943900991128,0.35207426025377964
25882,LOF,0.05517490541911607,0.02341405021150974,0.9214110443693743
25883,LOF,0.028705283432035645,0.024303751746930717,0.9469909648210336
25884,LOF,0.021381022771995006,0.03439459096966574,0.9442243862583393
25885,LOF,0.16373141894282467,0.012711516175790104,0.8235570648813852
25886,LOF,0.25094981001549643,0.05564134095591116,0.6934088490285923
25887,LOF,0.08026207088531315,0.14579413517587067,0.7739437939388162
25888,LOF,0.008542696236322636,0.1984655649288281,0.7929917388348494
25889,LOF,0.029800879241109024,0.029659965620614268,0.9405391551382768
25890,LOF,0.18158427578558148,0.058793659959755315,0.7596220642546632
25891,LOF,0.10868550816008618,0.03497515342788006,0.8563393384120339
25892,LOF,0.00897341001830016,0.03494980558139381,0.956076784400306
25893,LOF,0.3217835471289972,0.01129718093880371,0.666919271932199
25894,LOF,0.3482559636247697,0.007257451782216791,0.6444865845930136
25895,LOF,0.2873868823987032,0.014886189538006274,0.6977269280632905
25896,LOF,0.08736163979355054,0.027810352631549063,0.8848280075749003
25897,LOF,0.13575777350517557,0.010971949675503948,0.8532702768193204
25898,LOF,0.13886275653239527,0.030834383101124605,0.8303028603664802
25899,LOF,0.4344411527603859,0.037698717421465654,0.5278601298181484
25900,Neutral,0.6905138584906128,0.011887439323320342,0.2975987021860669
25901,LOF,0.10650281179075857,0.012983984741641825,0.8805132034675996
25902,LOF,0.11027867802503699,0.014847311173161074,0.874874010801802
25903,LOF,0.19006790382481142,0.02959849425541943,0.7803336019197692
25904,Neutral,0.5743514849971291,0.04266248143960714,0.3829860335632638
25905,LOF,0.007341579564739759,0.4003226058098531,0.5923358146254071
25906,LOF,0.009457331062609013,0.06360366668079859,0.9269390022565924
25907,LOF,0.008309923770591816,0.267306850015781,0.7243832262136272
25908,LOF,0.008182240720577093,0.2697894009952122,0.7220283582842107
25909,LOF,0.03302306940471433,0.09367288660543667,0.873304043989849
25910,LOF,0.012067665649591566,0.1752888095834602,0.8126435247669482
25911,LOF,0.19521409054631603,0.024323264522455253,0.7804626449312287
25912,LOF,0.13270845544296514,0.019352107336856918,0.8479394372201781
25913,LOF,0.02124930050308483,0.0328723408508482,0.945878358646067
25914,LOF,0.04158338685277219,0.028608984039611575,0.9298076291076163
25915,LOF,0.1671307254605607,0.22126744025922915,0.6116018342802101
25916,LOF,0.013359634945948575,0.1006396187426315,0.8860007463114199
25917,LOF,0.06532798574778664,0.028765773527154342,0.9059062407250591
25918,LOF,0.0410682441563013,0.016722020385599824,0.9422097354580988
25919,LOF,0.03294408836834112,0.01809584285920894,0.9489600687724499
25920,LOF,0.2633751727691879,0.22601992512584915,0.510604902104963
25921,LOF,0.0199520608695502,0.017329740558094178,0.9627181985723555
25922,LOF,0.01993579420515341,0.018895800376874758,0.9611684054179719
25923,LOF,0.4592820151905398,0.014160054821279907,0.5265579299881803
25924,LOF,0.03166912841840706,0.02033734949120095,0.9479935220903919
25925,LOF,0.11570228913324333,0.029735979091833904,0.8545617317749228
25926,LOF,0.0956534354449442,0.02319071504892021,0.8811558495061356
25927,LOF,0.031057737641255148,0.029595876035514168,0.9393463863232308
25928,LOF,0.01605218028091291,0.016035450697942166,0.967912369021145
25929,Neutral,0.5908835458278004,0.013995813812895665,0.39512064035930383
25930,LOF,0.11598520241029285,0.012944271992476183,0.871070525597231
25931,LOF,0.01687324099209091,0.014874179209979278,0.9682525797979299
25932,LOF,0.0993342858695266,0.014106988482057591,0.8865587256484159
25933,LOF,0.1040398553833763,0.00978248458358868,0.8861776600330351
25934,LOF,0.0963875425363454,0.008967628333226854,0.8946448291304276
25935,LOF,0.11464339774877812,0.024591675462441207,0.8607649267887807
25936,LOF,0.1082895776002577,0.008735111085735664,0.8829753113140066
25937,LOF,0.01764404717891598,0.02040907063133329,0.9619468821897507
25938,LOF,0.1118393506932507,0.02324784542541961,0.8649128038813296
25939,LOF,0.06633193582545893,0.012831801562814264,0.9208362626117268
25940,GOF,0.010354908119488417,0.6471828095886417,0.3424622822918698
25941,Neutral,0.5042602775681345,0.03960615595180296,0.4561335664800626
25942,LOF,0.012691657877659138,0.04813054932676575,0.9391777927955752
25943,LOF,0.059603468760689095,0.18166623768261003,0.758730293556701
25944,LOF,0.04878980146079964,0.10468309403351297,0.8465271045056872
25945,LOF,0.18298329238138306,0.0271845060286403,0.7898322015899767
25946,LOF,0.08546650200667719,0.042398507584948564,0.8721349904083743
25947,Neutral,0.4845799862641601,0.15894509972423376,0.3564749140116062
25948,LOF,0.3807676766640039,0.014258492323332903,0.6049738310126631
25949,LOF,0.15082096894659416,0.05737408427044951,0.7918049467829563
25950,GOF,0.09660161181273169,0.6642566641854112,0.23914172400185724
25951,LOF,0.01428617005080065,0.43110850990120037,0.554605320047999
25952,LOF,0.17473132554662224,0.28511996281698904,0.5401487116363888
25953,LOF,0.0074816729504531354,0.29612488725225555,0.6963934397972913
25954,GOF,0.058749731768102366,0.47964711137685995,0.46160315685503767
25955,LOF,0.009561348844773028,0.32394213969754554,0.6664965114576814
25956,LOF,0.01016310394552055,0.4012027244460195,0.5886341716084599
25957,LOF,0.1771338899763345,0.046948101364660974,0.7759180086590045
25958,LOF,0.031189862037480733,0.056539663947654334,0.912270474014865
25959,GOF,0.0068497486175740935,0.7446434567857633,0.24850679459666267
25960,LOF,0.005308188193680258,0.11653966543300992,0.8781521463733097
25961,LOF,0.026330532482221423,0.04897583055656889,0.9246936369612097
25962,LOF,0.033196557325538605,0.10216100269216116,0.8646424399823002
25963,LOF,0.009496259347458597,0.16905699353565762,0.8214467471168838
25964,LOF,0.04893554546504935,0.11943774478893546,0.8316267097460152
25965,LOF,0.17266419718151357,0.19037773585372147,0.636958066964765
25966,LOF,0.31565772003312703,0.10027634609792543,0.5840659338689476
25967,LOF,0.006645033632413707,0.0987145414386238,0.8946404249289625
25968,LOF,0.04913767480961054,0.26178736122842516,0.6890749639619643
25969,LOF,0.1292157858601561,0.08858689519066047,0.7821973189491834
25970,LOF,0.06055933743367499,0.08399726219949985,0.8554434003668253
25971,LOF,0.06764894453392577,0.03424703041979001,0.8981040250462843
25972,LOF,0.08309704330882145,0.04273801622855058,0.8741649404626279
25973,LOF,0.0726854099255337,0.010258915665256139,0.9170556744092103
25974,LOF,0.06361402964294732,0.04235029375337634,0.8940356766036764
25975,LOF,0.033691131463679275,0.013958029218303313,0.9523508393180175
25976,LOF,0.09440224815358848,0.011849300041393722,0.8937484518050178
25977,LOF,0.23121946474870939,0.051985652540606934,0.7167948827106837
25978,LOF,0.155173441406888,0.14325771415164198,0.7015688444414699
25979,LOF,0.11954225402230646,0.15021934682580407,0.7302383991518894
25980,LOF,0.21547524161174594,0.2304115065894189,0.5541132517988351
25981,LOF,0.21675584869269035,0.23367371524537062,0.5495704360619391
25982,LOF,0.2713011016329344,0.13967746027471717,0.5890214380923484
25983,Neutral,0.4407492240246795,0.13331254071818763,0.4259382352571328
25984,LOF,0.06150041305359212,0.08520447724597764,0.8532951097004303
25985,LOF,0.4098920184599475,0.1226103274460072,0.46749765409404515
25986,LOF,0.012424962964884646,0.40145141074376783,0.5861236262913475
25987,LOF,0.040305197321256064,0.0923974166340212,0.8672973860447226
25988,LOF,0.06505304475705771,0.1553708845763638,0.7795760706665784
25989,LOF,0.07673504272985918,0.21995793399480226,0.7033070232753386
25990,LOF,0.06610510470350658,0.3567740472195624,0.5771208480769311
25991,GOF,0.022997042280093256,0.5798254609312439,0.3971774967886628
25992,LOF,0.011023427797336541,0.46543760594541067,0.5235389662572527
25993,LOF,0.019059950262328606,0.05876216777648364,0.9221778819611877
25994,LOF,0.02516725488313305,0.07271803236713285,0.9021147127497341
25995,LOF,0.01813537378434299,0.1243545148951045,0.8575101113205525
25996,GOF,0.3362572887215044,0.42251715584243643,0.2412255554360591
25997,GOF,0.05420579828311942,0.5654516129599559,0.3803425887569246
25998,LOF,0.23951031746128043,0.035698912152157876,0.7247907703865617
25999,LOF,0.02563377488340692,0.31523470427937206,0.6591315208372212
26000,LOF,0.14603666125957848,0.014312850968767634,0.839650487771654
26001,LOF,0.15671212897046033,0.019271981944574707,0.8240158890849649
26002,LOF,0.10716701823195285,0.02049124574318375,0.8723417360248634
26003,GOF,0.006923315233769629,0.5634454647120739,0.42963122005415644
26004,GOF,0.017621843066406354,0.5590066175932581,0.42337153934033556
26005,LOF,0.0057921222147679,0.46880717829093776,0.5254006994942944
26006,GOF,0.11143429595323619,0.4959749699886939,0.39259073405806977
26007,LOF,0.010513305718838838,0.48389152692190823,0.5055951673592529
26008,GOF,0.006990415061975177,0.5741248121627475,0.41888477277527736
26009,GOF,0.01282942737163854,0.6280749307940995,0.359095641834262
26010,GOF,0.01034316177781718,0.5518531275608535,0.4378037106613294
26011,LOF,0.006030443436139825,0.3889045357416235,0.6050650208222368
26012,GOF,0.005729692106903179,0.5050082552922601,0.48926205260083666
26013,GOF,0.01070806570201664,0.5118831361246032,0.47740879817338006
26014,LOF,0.04123646904191055,0.0786942606790263,0.8800692702790632
26015,LOF,0.3001465138558336,0.02676844132327319,0.6730850448208933
26016,LOF,0.2530612478321961,0.03017332022462173,0.7167654319431822
26017,LOF,0.016587316905148492,0.11587870895476486,0.8675339741400867
26018,LOF,0.03281277891383407,0.06117955507957078,0.9060076660065952
26019,LOF,0.03247247719094666,0.0528218064230137,0.9147057163860396
26020,LOF,0.0068222041103895925,0.1138866109067713,0.8792911849828392
26021,LOF,0.07420359573878264,0.05243704240848503,0.8733593618527323
26022,LOF,0.041467373798043605,0.019305019459690032,0.9392276067422665
26023,LOF,0.024100911676674597,0.036947415816735794,0.9389516725065896
26024,LOF,0.052274214287317135,0.04132631479893351,0.9063994709137494
26025,LOF,0.14159404064553097,0.03928007987250326,0.8191258794819658
26026,LOF,0.10875913794438226,0.0321824184392328,0.859058443616385
26027,LOF,0.03190193340477881,0.020414062639264655,0.9476840039559565
26028,LOF,0.0819488465195936,0.16569186623596072,0.7523592872444457
26029,LOF,0.02890421467921919,0.1970490561362108,0.77404672918457
26030,LOF,0.12111067644920012,0.026706906400771533,0.8521824171500283
26031,LOF,0.013938943064589964,0.18655120716236673,0.7995098497730434
26032,LOF,0.04016298107934832,0.04539335354417424,0.9144436653764774
26033,LOF,0.0398502030326649,0.05082346293160098,0.9093263340357342
26034,LOF,0.017650199131104,0.12472455689668333,0.8576252439722126
26035,LOF,0.011611356541507903,0.1373202197607352,0.8510684236977569
26036,LOF,0.010830610493301043,0.10855372954074617,0.8806156599659528
26037,LOF,0.010706277568291494,0.11597914224329867,0.8733145801884098
26038,LOF,0.03317401986831669,0.03947333705604077,0.9273526430756427
26039,LOF,0.028787300193019654,0.16163772878251864,0.8095749710244616
26040,LOF,0.08852921474555416,0.13539179636673218,0.7760789888877138
26041,LOF,0.013320920839887894,0.1169184473333454,0.8697606318267668
26042,LOF,0.012068297625137985,0.12558633354403717,0.8623453688308249
26043,LOF,0.03536109150808509,0.07171431802947494,0.8929245904624401
26044,LOF,0.008081308276451302,0.06375833308862464,0.9281603586349241
26045,LOF,0.07606575805493371,0.22986519958367274,0.6940690423613936
26046,LOF,0.02956339333466896,0.050342462867717784,0.9200941437976132
26047,LOF,0.06441330095629479,0.05231298688958705,0.8832737121541181
26048,LOF,0.07557106929303625,0.02990956604792953,0.8945193646590341
26049,Neutral,0.9475180647242076,0.007346933761380289,0.04513500151441208
26050,Neutral,0.9079363123539119,0.0086570578136604,0.08340662983242782
26051,LOF,0.03271662360805531,0.36715356233428725,0.6001298140576575
26052,LOF,0.03363825380747872,0.3133356736586873,0.653026072533834
26053,LOF,0.019109578410466378,0.17362027883749337,0.8072701427520403
26054,LOF,0.05590272740546142,0.04075383042326455,0.9033434421712742
26055,LOF,0.07467683654340841,0.039059936147951224,0.8862632273086403
26056,LOF,0.06718435976424553,0.040462764502005484,0.892352875733749
26057,LOF,0.06941571150605536,0.028973803546605642,0.9016104849473391
26058,LOF,0.07783723346832613,0.02306339546114333,0.8990993710705305
26059,LOF,0.21079109645803967,0.06269451503080846,0.7265143885111519
26060,LOF,0.01590838393330494,0.2267055952843328,0.7573860207823623
26061,LOF,0.012499929579091644,0.01658426246760648,0.9709158079533018
26062,LOF,0.0061688436035891,0.029659196956490712,0.9641719594399202
26063,LOF,0.04926858814663487,0.017779744055657975,0.9329516677977072
26064,LOF,0.008396813760723586,0.026285316389350562,0.965317869849926
26065,LOF,0.07234674584508291,0.02919310065687299,0.8984601534980442
26066,LOF,0.05923341547481615,0.020914028648383706,0.9198525558768
26067,LOF,0.0537032241854546,0.017550862801653973,0.9287459130128914
26068,LOF,0.05299400268578858,0.038443354215915486,0.908562643098296
26069,LOF,0.20259474324791735,0.026889174696337604,0.7705160820557451
26070,LOF,0.4393429079375579,0.017124377955023088,0.543532714107419
26071,LOF,0.0537261137208013,0.021363580924513664,0.9249103053546851
26072,LOF,0.007399642602422918,0.021549983284387512,0.9710503741131896
26073,LOF,0.04806593947520491,0.018794337490622787,0.9331397230341724
26074,Neutral,0.6488341484778235,0.01478776070537862,0.3363780908167978
26075,LOF,0.04306998269960899,0.025839856992397055,0.931090160307994
26076,LOF,0.045143692243668855,0.02156364736624848,0.9332926603900827
26077,LOF,0.1565149977043378,0.01399415776963435,0.8294908445260277
26078,LOF,0.006561134185649982,0.04133857779995367,0.9521002880143963
26079,LOF,0.05954187406272183,0.027262258327109885,0.9131958676101684
26080,LOF,0.0587036501817474,0.027382399890893843,0.9139139499273589
26081,LOF,0.047456562035697446,0.017193443277195988,0.9353499946871066
26082,LOF,0.006976485781147557,0.025507619417910566,0.9675158948009418
26083,LOF,0.1172577249360988,0.03122614964161874,0.8515161254222824
26084,LOF,0.14998266481631528,0.03035076485609077,0.8196665703275938
26085,LOF,0.1328964210454095,0.025059617088266962,0.8420439618663236
26086,LOF,0.040060152727341564,0.025947862706535006,0.9339919845661233
26087,LOF,0.0445405912123323,0.02197865941630466,0.933480749371363
26088,LOF,0.007337401413157053,0.04261129425815483,0.950051304328688
26089,LOF,0.04134530124156646,0.035459111176384416,0.923195587582049
26090,LOF,0.040763118730341066,0.0327724206951806,0.9264644605744784
26091,LOF,0.03255053227945853,0.016494504116679003,0.9509549636038626
26092,LOF,0.04144044650483903,0.014782559254916113,0.9437769942402449
26093,LOF,0.06321460320564946,0.01051827239489686,0.9262671243994536
26094,LOF,0.03896588479031132,0.013957010490526894,0.9470771047191618
26095,LOF,0.012530526990108195,0.02895357542359736,0.9585158975862945
26096,LOF,0.25911148741526363,0.0064782512491727735,0.7344102613355635
26097,LOF,0.006952575606497716,0.05744362724380368,0.9356037971496987
26098,LOF,0.05396240118213643,0.027460691113308684,0.9185769077045548
26099,LOF,0.05146328408685172,0.03384789465462659,0.9146888212585218
26100,LOF,0.05146328408685172,0.03384789465462659,0.9146888212585218
26101,LOF,0.04976891789060263,0.06016067171895618,0.8900704103904412
26102,LOF,0.03995603745673059,0.0264139206086191,0.9336300419346503
26103,Neutral,0.8953951643664129,0.03671229731220504,0.067892538321382
26104,LOF,0.05216818001989462,0.05766295139169218,0.8901688685884132
26105,LOF,0.2664293606093967,0.08476630342051925,0.648804335970084
26106,LOF,0.26485497151299314,0.03797479845160842,0.6971702300353985
26107,LOF,0.014786486829452045,0.07313787985524861,0.9120756333152993
26108,LOF,0.17399049231675945,0.05520289381780537,0.7708066138654351
26109,LOF,0.06024701562262469,0.05367326996607013,0.8860797144113052
26110,LOF,0.4156088672183898,0.013001688491663164,0.5713894442899471
26111,LOF,0.06855153013039736,0.07183598149709956,0.8596124883725031
26112,LOF,0.06946496858620096,0.01286067628788628,0.9176743551259128
26113,LOF,0.11547580112159224,0.030345416094902985,0.8541787827835049
26114,LOF,0.09887811812975628,0.012507984924651511,0.8886138969455921
26115,LOF,0.02112043383933464,0.07547854734219837,0.903401018818467
26116,LOF,0.08611227426865754,0.027494000554592647,0.8863937251767499
26117,LOF,0.3790645713345286,0.0373151730566106,0.5836202556088609
26118,LOF,0.0388951523401236,0.016974798208690897,0.9441300494511854
26119,LOF,0.006077661462331808,0.08506275728198841,0.9088595812556797
26120,LOF,0.03245557678660996,0.014599202154945163,0.9529452210584448
26121,LOF,0.004332672270209854,0.11558454824797641,0.8800827794818136
26122,LOF,0.00524918244036541,0.10205378175388072,0.8926970358057539
