feature0,prediction,LoGoFunc_Neutral,LoGoFunc_GOF,LoGoFunc_LOF
25546,Neutral,0.6870307123852651,0.04545606112961307,0.2675132264851217
25547,Neutral,0.5664401210184472,0.11962504777311649,0.3139348312084363
25548,Neutral,0.5251808746482717,0.0773530346321551,0.39746609071957323
25549,Neutral,0.4909592599553766,0.08212505335325425,0.4269156866913692
25550,LOF,0.3892981889245614,0.08353542990308768,0.5271663811723508
25551,LOF,0.2929550205698513,0.08671500259144267,0.620329976838706
25552,LOF,0.18108359133726568,0.09462048758061857,0.7242959210821158
25553,Neutral,0.8296373672335103,0.023013394264972484,0.14734923850151735
25554,LOF,0.2084562194782486,0.09645852970385194,0.6950852508178994
25555,LOF,0.17112956211347383,0.0827399366299363,0.7461305012565899
25556,Neutral,0.5593668040569563,0.06611827937164402,0.3745149165713996
25557,LOF,0.17851924486923396,0.09183279714373228,0.7296479579870337
25558,LOF,0.2237718294918897,0.1060025368109263,0.670225633697184
25559,Neutral,0.5850328370261039,0.044421978963802906,0.37054518401009323
25560,LOF,0.036912085416758326,0.15636570171256645,0.8067222128706752
25561,LOF,0.09631838180084679,0.19014553128118417,0.7135360869179691
25562,LOF,0.11612169725344254,0.04591748576506551,0.837960816981492
25563,LOF,0.1248765478775915,0.08766659698049716,0.7874568551419112
25564,LOF,0.05713965166982522,0.10828991166663,0.8345704366635448
25565,LOF,0.10798659661225657,0.3473181920800043,0.5446952113077391
25566,LOF,0.03343606244219336,0.4101079235601983,0.5564560139976084
25567,LOF,0.01403530139618433,0.06265881865463249,0.9233058799491832
25568,LOF,0.08616356428931599,0.032165876110172395,0.8816705596005115
25569,LOF,0.1536736827045059,0.02235044289583515,0.8239758743996588
25570,LOF,0.0897956436562299,0.053797519536687974,0.8564068368070822
25571,LOF,0.10962169167937144,0.0417180378567231,0.8486602704639056
25572,LOF,0.051304658384344275,0.05150802995308374,0.897187311662572
25573,LOF,0.026929072589457554,0.044775260004409075,0.9282956674061332
25574,LOF,0.01395256979212467,0.13822747806262375,0.8478199521452515
25575,LOF,0.09057356705031208,0.02148304024171368,0.8879433927079743
25576,LOF,0.023171965168398707,0.026140566245180043,0.9506874685864213
25577,LOF,0.013527500637134794,0.027078731257277125,0.9593937681055882
25578,LOF,0.3599357764268873,0.050805243485906496,0.5892589800872062
25579,LOF,0.29677990004673993,0.04793973340250672,0.6552803665507533
25580,LOF,0.05548713682500008,0.016875622818181557,0.9276372403568184
25581,LOF,0.0668817330602077,0.05661199181554751,0.8765062751242447
25582,LOF,0.06648717083924147,0.041671124427449135,0.8918417047333094
25583,LOF,0.06164044989409932,0.01441544707885965,0.9239441030270411
25584,Neutral,0.5221664761376916,0.028882165089724722,0.44895135877258363
25585,LOF,0.03588417976423954,0.02120032844540666,0.9429154917903538
25586,LOF,0.04932502474116631,0.02224566081159535,0.9284293144472383
25587,LOF,0.0391997003904388,0.017474439191199568,0.9433258604183616
25588,LOF,0.04142245759154952,0.02386274854107586,0.9347147938673745
25589,Neutral,0.6974875634545169,0.04712410898898589,0.25538832755649726
25590,LOF,0.025361414211124856,0.05385105090478009,0.920787534884095
25591,LOF,0.10836207808558077,0.02416853124839906,0.8674693906660202
25592,LOF,0.216123524454952,0.04077640470200043,0.7431000708430474
25593,LOF,0.01841882705626111,0.22522002161097007,0.7563611513327688
25594,LOF,0.05303897547504677,0.17825985056234692,0.7687011739626062
25595,LOF,0.09749230856410976,0.27230304669192956,0.6302046447439608
25596,LOF,0.09713858313547293,0.08463969976878055,0.8182217170957466
25597,LOF,0.08043243062672713,0.04991450794475906,0.8696530614285137
25598,LOF,0.12324535498094766,0.21973408380600218,0.6570205612130502
25599,LOF,0.01356652040838216,0.26381586456512784,0.72261761502649
25600,LOF,0.02144028838067145,0.3517714943187305,0.6267882173005981
25601,LOF,0.009790040948723983,0.164717153526609,0.825492805524667
25602,LOF,0.022136631492239996,0.060622018672950403,0.9172413498348095
25603,LOF,0.036877423930845775,0.06221667719957643,0.9009058988695778
25604,LOF,0.038656418741301164,0.09039311861936161,0.8709504626393372
25605,LOF,0.01313301294188283,0.2964164576686409,0.6904505293894763
25606,LOF,0.08218247840375681,0.35197326163746556,0.5658442599587776
25607,LOF,0.0031512310226842785,0.16689563143375596,0.8299531375435597
25608,LOF,0.0656879959768858,0.040040781173105396,0.8942712228500088
25609,LOF,0.0967598352759155,0.14412493985061148,0.759115224873473
25610,LOF,0.0386967205871329,0.09851230671200004,0.862790972700867
25611,LOF,0.06060916065136725,0.0507575137583792,0.8886333255902537
25612,LOF,0.1878505451094995,0.05643934575250882,0.7557101091379916
25613,LOF,0.08809970555278346,0.07683717990960344,0.8350631145376131
25614,LOF,0.03655713757515852,0.1080470493453206,0.8553958130795208
25615,LOF,0.0662625528732766,0.10698731667261775,0.8267501304541056
25616,LOF,0.025768005686571383,0.15944276114058395,0.8147892331728447
25617,LOF,0.045473330634093534,0.08666699493362932,0.8678596744322771
25618,LOF,0.1721944694038802,0.2495199838100326,0.5782855467860871
25619,LOF,0.04082453251864977,0.12173975391189523,0.837435713569455
25620,LOF,0.037218246207166426,0.14091919001102995,0.8218625637818036
25621,LOF,0.03234170418046188,0.07807771006986079,0.8895805857496774
25622,LOF,0.02221103624632562,0.1362252836659838,0.8415636800876907
25623,LOF,0.0412671317658274,0.1484246702099745,0.8103081980241981
25624,LOF,0.031289099224510564,0.17161244234617412,0.7970984584293154
25625,LOF,0.03295997134858506,0.10766284954735895,0.8593771791040559
25626,LOF,0.09645325903751008,0.059512051198883274,0.8440346897636066
25627,LOF,0.40423563139761665,0.10527885955880609,0.4904855090435773
25628,LOF,0.17581245656650485,0.039269686652551386,0.7849178567809438
25629,LOF,0.09385500992495739,0.04521154716713992,0.8609334429079026
25630,LOF,0.1688179449716892,0.042265133953590335,0.7889169210747206
25631,Neutral,0.5296450079724425,0.07695817242724017,0.3933968196003173
25632,LOF,0.016408585071868185,0.08368802957644815,0.8999033853516836
25633,LOF,0.2836867595813397,0.3456188943233843,0.370694346095276
25634,LOF,0.058648465256549334,0.14746072475706826,0.7938908099863824
25635,LOF,0.03742711467105879,0.11030747995765189,0.8522654053712894
25636,GOF,0.005318883743602455,0.5208053530809834,0.47387576317541413
25637,LOF,0.004746350132901777,0.2651407815400658,0.7301128683270324
25638,LOF,0.006299218125182523,0.31445038930229097,0.6792503925725265
25639,LOF,0.005069838928863042,0.2617437772646273,0.7331863838065097
25640,Neutral,0.5165566815682562,0.3748089673213571,0.10863435111038679
25641,LOF,0.009047751481401954,0.17766808793046543,0.8132841605881326
25642,LOF,0.2245891752662959,0.03644165856909832,0.7389691661646057
25643,LOF,0.1906519552435121,0.0332345135382821,0.7761135312182057
25644,LOF,0.015108178718073998,0.31386521283862084,0.6710266084433052
25645,LOF,0.010960725849205289,0.3564015198195033,0.6326377543312914
25646,LOF,0.012699653569285397,0.21725365011813635,0.7700466963125783
25647,LOF,0.011161405341998252,0.1921362044220051,0.7967023902359966
25648,LOF,0.008217514421747146,0.21829555093528205,0.7734869346429707
25649,LOF,0.008684993578412742,0.16032017376987873,0.8309948326517085
25650,LOF,0.02344868352225278,0.3210901419233583,0.655461174554389
25651,LOF,0.007109300185653875,0.1868695233511945,0.8060211764631515
25652,LOF,0.012459588014855428,0.2540289258304744,0.7335114861546702
25653,LOF,0.05240236363452895,0.37143299746901987,0.5761646388964513
25654,LOF,0.0075904065454531055,0.2973337361568654,0.6950758572976814
25655,GOF,0.08748490854595566,0.45681951251621766,0.4556955789378266
25656,LOF,0.07700463203324187,0.1989742014194258,0.7240211665473323
25657,LOF,0.2679636729718458,0.04786503096041943,0.6841712960677349
25658,LOF,0.02161890691053173,0.2828806853107175,0.6955004077787509
25659,LOF,0.17863645712000037,0.186303043018821,0.6350604998611786
25660,LOF,0.10915918049410682,0.10300947960406569,0.7878313399018276
25661,LOF,0.07124869791197708,0.0845810088624068,0.8441702932256161
25662,LOF,0.04534784972852702,0.07823714327205385,0.8764150069994191
25663,LOF,0.04631937302192966,0.13569143915039325,0.817989187827677
25664,LOF,0.02884361827690259,0.1564538997286188,0.8147024819944786
25665,LOF,0.048854702648943295,0.08886620167552323,0.8622790956755334
25666,LOF,0.03815499901411471,0.18900746647359473,0.7728375345122905
25667,LOF,0.041260483354059636,0.0329060998562948,0.9258334167896455
25668,LOF,0.046074568296694395,0.06387101472814481,0.8900544169751607
25669,LOF,0.035028486979116,0.07110943951281695,0.893862073508067
25670,LOF,0.063227360512378,0.08355953711181201,0.8532131023758099
25671,LOF,0.056270348386000105,0.04847553242141797,0.8952541191925819
25672,LOF,0.06901719813602977,0.05301566965778814,0.8779671322061822
25673,LOF,0.03997727795028835,0.07225880457891341,0.8877639174707982
25674,LOF,0.026679682218742992,0.10513247920784603,0.868187838573411
25675,LOF,0.0385534161304587,0.05658626736270711,0.9048603165068343
25676,LOF,0.04163823575485565,0.09624509206871269,0.8621166721764316
25677,LOF,0.07695364790692193,0.05702159723718661,0.8660247548558915
25678,LOF,0.16842307194140796,0.08910286908805648,0.7424740589705355
25679,LOF,0.11123731215136955,0.1117935986485514,0.776969089200079
25680,LOF,0.12425314633923394,0.13290248459723977,0.7428443690635264
25681,LOF,0.13007164457668516,0.13703975130324125,0.7328886041200736
25682,LOF,0.051932069753905824,0.058568874001778536,0.8894990562443156
25683,LOF,0.0730998104008922,0.09824135247128696,0.828658837127821
25684,LOF,0.07156157560890779,0.09338461254746552,0.8350538118436267
25685,LOF,0.09776885065078864,0.03815493540179016,0.8640762139474212
25686,LOF,0.023558083773942053,0.1474777844110013,0.8289641318150566
25687,LOF,0.04156175967549771,0.13791093228856613,0.8205273080359361
25688,LOF,0.01473715812503244,0.426340428012713,0.5589224138622546
25689,LOF,0.009776586492615518,0.2197861809938109,0.7704372325135735
25690,LOF,0.01113613164423401,0.4527696105238194,0.5360942578319465
25691,GOF,0.07608368168916632,0.657111053588432,0.26680526472240174
25692,LOF,0.32395293299697037,0.029775707027609028,0.6462713599754205
25693,LOF,0.040700287538880255,0.38972695920993244,0.5695727532511872
25694,LOF,0.22588791258995172,0.04357994316111968,0.7305321442489286
25695,LOF,0.15802741666519934,0.06336621831491193,0.7786063650198887
25696,LOF,0.06814462162106599,0.09122593857022156,0.8406294398087124
25697,LOF,0.06339054078384243,0.06566997643038945,0.870939482785768
25698,GOF,0.014998003255055502,0.4998553567033789,0.48514664004156566
25699,LOF,0.06514431560478783,0.3094144655243256,0.6254412188708867
25700,LOF,0.06637958232409975,0.034972270473482135,0.898648147202418
25701,LOF,0.012034487771247635,0.2925698489125862,0.6953956633161661
25702,GOF,0.02411403229442666,0.5337830435427705,0.4421029241628029
25703,LOF,0.014048774370655843,0.1009899891141993,0.8849612365151448
25704,LOF,0.05799977680416846,0.11260675778335485,0.8293934654124766
25705,LOF,0.1063718688503483,0.22254271075323875,0.671085420396413
25706,GOF,0.02126636721265394,0.6539505857103892,0.3247830470769567
25707,GOF,0.02040236561365344,0.5296408061275578,0.4499568282587888
25708,GOF,0.007122650831665889,0.6570134976632306,0.3358638515051034
25709,LOF,0.05320266495621128,0.08840451167767194,0.8583928233661168
25710,LOF,0.007787838126825509,0.20996468228603543,0.7822474795871391
25711,LOF,0.05087263789388366,0.12659944584885208,0.8225279162572643
25712,LOF,0.012358776113248086,0.16848547100434905,0.8191557528824029
25713,LOF,0.04298391566761419,0.1349426001479141,0.8220734841844718
25714,LOF,0.0357652193113905,0.29546324715892763,0.6687715335296819
25715,LOF,0.038827245374543455,0.17481788372913565,0.786354870896321
25716,LOF,0.006889635152693889,0.07630949599000961,0.9168008688572964
25717,LOF,0.006722404627387721,0.06027200140609185,0.9330055939665205
25718,LOF,0.04473602186986876,0.06198869061752369,0.8932752875126075
25719,LOF,0.04584585225570874,0.12569223610300406,0.8284619116412872
25720,LOF,0.04507406318493168,0.18023397992838722,0.7746919568866811
25721,LOF,0.050252304130094676,0.07995507068580371,0.8697926251841017
25722,LOF,0.03734224444831346,0.13480740102503982,0.8278503545266468
25723,LOF,0.05800560240657313,0.15238797875581067,0.7896064188376163
25724,LOF,0.06954724804020054,0.38461775700313416,0.5458349949566653
25725,LOF,0.06756423241146362,0.13201664264685764,0.8004191249416788
25726,LOF,0.046473187103455195,0.12507379639247188,0.8284530165040729
25727,LOF,0.06525683035068254,0.09717045088107026,0.8375727187682472
25728,LOF,0.0418016173224621,0.20109925047959307,0.7570991321979449
25729,LOF,0.04759731355136274,0.20573222738177696,0.7466704590668604
25730,LOF,0.058298641968928096,0.1462940877989947,0.7954072702320771
25731,LOF,0.010196079220623815,0.09009190399461314,0.899712016784763
25732,LOF,0.028248478549719187,0.10258085455027324,0.8691706669000077
25733,LOF,0.042957470651752046,0.23117386114526078,0.7258686682029872
25734,LOF,0.0067601469968946405,0.23121376387188183,0.7620260891312236
25735,LOF,0.03944958152901377,0.11113011017312079,0.8494203082978654
25736,LOF,0.04060243347670335,0.16803301022852488,0.7913645562947718
25737,LOF,0.06849092298113695,0.09992175803906327,0.8315873189797998
25738,LOF,0.052649213781913576,0.22101339345444349,0.7263373927636428
25739,LOF,0.03936731410156602,0.17675546500417022,0.7838772208942637
25740,LOF,0.06881393575709725,0.147461524767121,0.7837245394757818
25741,LOF,0.060689205195845336,0.1423533003181672,0.7969574944859875
25742,LOF,0.06852728758899151,0.15384687666649946,0.777625835744509
25743,LOF,0.01144777791488754,0.025064735132950995,0.9634874869521615
25744,LOF,0.12774719720007122,0.28707758903005137,0.5851752137698775
25745,LOF,0.024252556815305682,0.17320444193216067,0.8025430012525336
25746,LOF,0.013285753093420172,0.17265094224031333,0.8140633046662665
25747,LOF,0.04866894011970138,0.042315345954941276,0.9090157139253574
25748,LOF,0.24829510673045954,0.15433972426328194,0.5973651690062586
25749,LOF,0.016609668199222535,0.18087708472800748,0.80251324707277
25750,LOF,0.015965864855511956,0.20311253093111925,0.7809216042133688
25751,LOF,0.02850950066245101,0.19058153688870386,0.7809089624488451
25752,GOF,0.09429134069258441,0.6632054424615361,0.2425032168458795
25753,LOF,0.008513162813028406,0.2771873694943012,0.7142994676926705
25754,GOF,0.011957766659137472,0.8893038024785141,0.09873843086234847
25755,LOF,0.008672378670630608,0.35437552435500036,0.636952096974369
25756,GOF,0.02993212137709487,0.4951443620869381,0.47492351653596704
25757,GOF,0.011605996826576917,0.8379983362313232,0.1503956669420999
25758,GOF,0.013594487029286844,0.8830995305437123,0.10330598242700072
25759,GOF,0.007230427387278813,0.6713341472573034,0.32143542535541786
25760,LOF,0.00683401030358435,0.24106921700041897,0.7520967726959967
25761,GOF,0.06536964860982601,0.8537077553169339,0.08092259607324015
25762,LOF,0.030336608472681652,0.47557183235227124,0.49409155917504705
25763,LOF,0.007012534849917979,0.1771662226325229,0.815821242517559
25764,GOF,0.09597005926396807,0.6972033240826075,0.20682661665342433
25765,GOF,0.01216503241399418,0.9131795934333907,0.07465537415261513
25766,GOF,0.03688542818494898,0.8419959635879187,0.1211186082271322
25767,GOF,0.009429779110386166,0.6669073467245248,0.32366287416508904
25768,LOF,0.06160115967849504,0.06917558876978218,0.8692232515517228
25769,LOF,0.028987848580346195,0.22354463911057584,0.7474675123090779
25770,Neutral,0.48613367419540027,0.1842607556604039,0.32960557014419584
25771,LOF,0.02250512329154602,0.10840426621657809,0.8690906104918759
25772,LOF,0.0478577167278952,0.14744957140248485,0.80469271186962
25773,LOF,0.018757678922913235,0.27351281178969805,0.7077295092873888
25774,LOF,0.031403497376595306,0.3598456539452474,0.6087508486781572
25775,LOF,0.023557971988697583,0.08957203355572538,0.8868699944555769
25776,LOF,0.031051603378300142,0.14918876471050227,0.8197596319111976
25777,LOF,0.08130042045245447,0.2537960839946301,0.6649034955529154
25778,LOF,0.03539106111875365,0.1964678853651074,0.7681410535161389
25779,GOF,0.0948110588445994,0.6221400137936849,0.2830489273617156
25780,GOF,0.08913871359842339,0.658514091494169,0.25234719490740765
25781,GOF,0.04099531121565064,0.5660635767076533,0.39294111207669613
25782,GOF,0.04035470163557181,0.6943979967431477,0.2652473016212805
25783,GOF,0.07732811067821534,0.6792542575556699,0.2434176317661146
25784,GOF,0.18824864643447178,0.6600218628573904,0.15172949070813782
25785,GOF,0.25023415961853523,0.5783673373740313,0.1713985030074333
25786,LOF,0.01614654651221039,0.36623829493504073,0.617615158552749
25787,Neutral,0.4167707168950106,0.40105085518789274,0.1821784279170968
25788,LOF,0.03207828802147095,0.06909385633290381,0.8988278556456253
25789,GOF,0.02610889795401094,0.6186549198535609,0.35523618219242825
25790,GOF,0.049941140396999824,0.5225260531958078,0.42753280640719243
25791,GOF,0.04300832815377296,0.49621394328021595,0.4607777285660111
25792,GOF,0.05376583943537837,0.5297361506955992,0.41649800986902247
25793,GOF,0.09849465185517073,0.5523030453217777,0.34920230282305165
25794,LOF,0.08989647683751349,0.34450305138202497,0.5656004717804616
25795,LOF,0.09218097971291316,0.43849734545269553,0.46932167483439136
25796,LOF,0.23155189409244623,0.3100990843263787,0.45834902158117496
25797,LOF,0.07082495544233555,0.4430727362800347,0.4861023082776298
25798,GOF,0.009717290319183166,0.69213848779716,0.2981442218836569
25799,GOF,0.006362198088271519,0.5435607026866267,0.4500770992251018
25800,GOF,0.034796813031615456,0.7658337532811462,0.19936943368723828
25801,GOF,0.03666505959246386,0.632101112204147,0.33123382820338915
25802,GOF,0.04069114998568896,0.6098187536388766,0.34949009637543443
25803,LOF,0.03543722465308414,0.44693889718794416,0.5176238781589717
25804,LOF,0.0640088139933917,0.41533505897918094,0.5206561270274274
25805,GOF,0.04207269419731427,0.5983356147342509,0.35959169106843497
25806,GOF,0.056398955921451374,0.5881808288338853,0.3554202152446633
25807,LOF,0.023511187604231248,0.4727564820010283,0.5037323303947404
25808,GOF,0.0451188059216683,0.6031694428767972,0.3517117512015345
25809,LOF,0.020551698124276346,0.4658131216976991,0.5136351801780246
25810,GOF,0.017808343172625512,0.5018810273935135,0.48031062943386094
25811,GOF,0.1074450844300795,0.6993535351415504,0.19320138042837004
25812,LOF,0.06744292964639424,0.4440846301805845,0.4884724401730213
25813,GOF,0.3215965168614432,0.44903048471602036,0.22937299842253647
25814,GOF,0.06533384606341386,0.5159000563479292,0.41876609758865696
25815,GOF,0.09997593613808531,0.6419031753296406,0.258120888532274
25816,GOF,0.014572759635920052,0.6454066192781258,0.340020621085954
25817,GOF,0.17488557921768413,0.5063980819238251,0.31871633885849077
25818,GOF,0.043366440192660866,0.611327972183723,0.3453055876236161
25819,LOF,0.08894382370964515,0.4020826198124549,0.5089735564778999
25820,LOF,0.1025618807795449,0.3721447108265386,0.5252934083939165
25821,LOF,0.06953808226538107,0.4176807399060558,0.5127811778285631
25822,LOF,0.15643415260404128,0.343269956445009,0.5002958909509497
25823,LOF,0.06801333113466689,0.33931692987390477,0.5926697389914284
25824,GOF,0.04901596181236202,0.6429236562049746,0.3080603819826633
25825,GOF,0.03422125492340841,0.6534964937321809,0.31228225134441057
25826,GOF,0.014122400380388906,0.5022783287587531,0.48359927086085785
25827,GOF,0.02678647099333161,0.5966826679220752,0.3765308610845933
25828,GOF,0.016719845402052177,0.564819635464699,0.4184605191332488
25829,LOF,0.007623458335953962,0.31690825189178456,0.6754682897722614
25830,LOF,0.13171046730923636,0.14119572412863116,0.7270938085621325
25831,GOF,0.1034568786607734,0.6976488370226726,0.19889428431655407
25832,LOF,0.012916531966882756,0.4735180723978773,0.5135653956352398
25833,GOF,0.0485403726016057,0.6042572686454372,0.34720235875295724
25834,LOF,0.013071831339080913,0.48437321013189877,0.5025549585290203
25835,GOF,0.04829897032235336,0.7083919244245757,0.24330910525307095
25836,GOF,0.011258028119585716,0.5732662280924598,0.4154757437879546
25837,LOF,0.0175321568248372,0.44037810920305076,0.542089733972112
25838,GOF,0.0404974459223215,0.6168669692244702,0.3426355848532082
25839,GOF,0.12571175412237007,0.5101775277815619,0.364110718096068
25840,GOF,0.12094964963406456,0.6124393668528652,0.2666109835130704
25841,GOF,0.09635962418677216,0.688290222307292,0.21535015350593598
25842,GOF,0.04036574139488582,0.7152625465505058,0.2443717120546083
25843,GOF,0.036976959099262297,0.7038806209008559,0.25914241999988175
25844,GOF,0.032654858917359406,0.6045269990985916,0.36281814198404894
25845,LOF,0.00968444746145067,0.3997077067014075,0.5906078458371418
25846,GOF,0.09587182895917166,0.7102350622431686,0.19389310879765967
25847,GOF,0.030243557118242715,0.6603303348757446,0.3094261080060127
25848,GOF,0.031186702248589146,0.6586859049228037,0.31012739282860713
25849,GOF,0.009140934162057439,0.5787165797533644,0.41214248608457815
25850,LOF,0.012731162548660076,0.4257082527876255,0.5615605846637144
25851,LOF,0.011222805194486273,0.3458487700550794,0.6429284247504343
25852,LOF,0.23443198856675795,0.3699307775799694,0.3956372338532727
25853,GOF,0.08819410478445748,0.501031599549743,0.41077429566579954
25854,LOF,0.009972551383429486,0.43813496546580794,0.5518924831507626
25855,LOF,0.03676015121526255,0.44031671806101946,0.522923130723718
25856,GOF,0.07623652638488189,0.5905707746559977,0.33319269895912046
25857,LOF,0.03873516110891505,0.4141013489291211,0.5471634899619638
25858,LOF,0.011829215227321296,0.36041564280369,0.6277551419689887
25859,LOF,0.00823242964497554,0.3480937295726839,0.6436738407823405
25860,LOF,0.11061589015107583,0.4220740125610422,0.46731009728788186
25861,GOF,0.14557471035823397,0.6554040330201366,0.19902125662162934
25862,GOF,0.030199580213558393,0.7895659194000019,0.18023450038643962
25863,GOF,0.029401158429355746,0.6795605297233657,0.29103831184727863
25864,GOF,0.04156236851209489,0.8042060548845682,0.1542315766033369
25865,GOF,0.04378224293001755,0.7890709637655811,0.1671467933044015
25866,GOF,0.02606945375523564,0.7033704287873654,0.270560117457399
25867,GOF,0.05334185345639372,0.7245489126527193,0.222109233890887
25868,GOF,0.09282283969281425,0.5572891015040038,0.3498880588031819
25869,GOF,0.338230263332133,0.466264400375223,0.195505336292644
25870,LOF,0.14006391245460578,0.3492393319135061,0.5106967556318881
25871,LOF,0.016103713440528505,0.4166623432780553,0.5672339432814162
25872,LOF,0.04315288621323155,0.43545434317353016,0.5213927706132383
25873,GOF,0.03393077274703114,0.5506093061604406,0.4154599210925282
25874,LOF,0.05805265645980641,0.033965151690410554,0.9079821918497831
25875,LOF,0.018836999653695643,0.35492397281013127,0.6262390275361731
25876,LOF,0.019157850690489857,0.14581474323002244,0.8350274060794878
25877,LOF,0.08236261510448034,0.4545579618199277,0.46307942307559197
25878,GOF,0.04984299891315881,0.724114307919537,0.22604269316730408
25879,LOF,0.010333428960797076,0.3005678801476518,0.6890986908915512
25880,LOF,0.05050837651239731,0.04229223094151826,0.9071993925460845
25881,Neutral,0.46104715817409464,0.3598891132619154,0.1790637285639899
25882,LOF,0.04311059981449604,0.2352951645989603,0.7215942355865437
25883,LOF,0.03074355763685862,0.10470191158120246,0.864554530781939
25884,LOF,0.014711754790181317,0.13807253152882498,0.8472157136809938
25885,LOF,0.16064874290589837,0.038109639800203536,0.8012416172938981
25886,LOF,0.13790166465797715,0.13294189811838145,0.7291564372236413
25887,GOF,0.04652683634800968,0.6027395514073317,0.3507336122446586
25888,LOF,0.005956500297213338,0.40208984122301783,0.5919536584797688
25889,LOF,0.025933116095738177,0.08421130317459762,0.8898555807296642
25890,LOF,0.1630454367524109,0.2644983212488653,0.5724562419987238
25891,LOF,0.11175164008945475,0.06273619405885879,0.8255121658516864
25892,LOF,0.0056622164695307835,0.18663352235332945,0.8077042611771398
25893,LOF,0.25262152428988505,0.07581559726877922,0.6715628784413358
25894,LOF,0.3112247489562647,0.04018687744507755,0.6485883735986578
25895,LOF,0.2515166904730718,0.05705492724872408,0.6914283822782041
25896,LOF,0.057494097092970535,0.1404270457905581,0.8020788571164714
25897,LOF,0.09457192455064409,0.0764785575238827,0.8289495179254732
25898,LOF,0.06240032497727948,0.39838537069431623,0.5392143043284043
25899,LOF,0.21027459920385894,0.3341488244509388,0.4555765763452022
25900,Neutral,0.9205125500736691,0.02925010538002661,0.05023734454630449
25901,LOF,0.055281152160864704,0.06222345603519359,0.8824953918039417
25902,LOF,0.07195360649262718,0.034689621567548345,0.8933567719398245
25903,LOF,0.11498011312642842,0.18252569707326985,0.7024941898003016
25904,GOF,0.33826629409840214,0.35204259103121943,0.3096911148703784
25905,LOF,0.010673043110002682,0.3881233194598578,0.6012036374301395
25906,LOF,0.010474234410473463,0.043003226832006844,0.9465225387575197
25907,LOF,0.008438306697516933,0.22454950421145334,0.7670121890910296
25908,LOF,0.00930919552491593,0.24001882464896795,0.7506719798261161
25909,LOF,0.0347256891585899,0.19736434608224054,0.7679099647591695
25910,LOF,0.016694174886562125,0.19550029513008763,0.7878055299833503
25911,LOF,0.10858640259278322,0.07576878417223634,0.8156448132349804
25912,LOF,0.12616387862753375,0.02112764205385294,0.8527084793186134
25913,LOF,0.01514645934178989,0.06778164549046865,0.9170718951677415
25914,LOF,0.03484014093963316,0.2056547359482884,0.7595051231120784
25915,GOF,0.09202644161341345,0.7501281062710784,0.15784545211550818
25916,GOF,0.018547906693480127,0.5002382408906485,0.4812138524158714
25917,LOF,0.12156738235565252,0.08695016416967401,0.7914824534746735
25918,LOF,0.04271670463270699,0.10227099414171052,0.8550123012255824
25919,LOF,0.044618417205546324,0.07171814847512924,0.8836634343193245
25920,GOF,0.2970921228474502,0.3789931973011394,0.3239146798514104
25921,LOF,0.021728328870717885,0.04304728029763448,0.9352243908316475
25922,LOF,0.017896677159849876,0.042755139728130956,0.9393481831120193
25923,LOF,0.39223127258626483,0.0907496950053908,0.5170190324083443
25924,LOF,0.026185293047881298,0.06685820319513372,0.9069565037569849
25925,LOF,0.20679982422841175,0.05273537193912515,0.7404648038324632
25926,LOF,0.11950233455245785,0.12832789509029896,0.7521697703572431
25927,LOF,0.020882969112937137,0.1296884348770864,0.8494285960099764
25928,LOF,0.01513293503967956,0.033113104169463614,0.9517539607908568
25929,Neutral,0.5813178914777324,0.0925804702776838,0.3261016382445837
25930,LOF,0.037198916043989394,0.08365444351821556,0.879146640437795
25931,LOF,0.01578459179631333,0.050585988513123625,0.9336294196905629
25932,LOF,0.08221570993029942,0.049696136928393336,0.8680881531413072
25933,LOF,0.06515844805441363,0.022697349881428033,0.9121442020641582
25934,LOF,0.05947782769450145,0.027366367718118283,0.9131558045873802
25935,LOF,0.21507668362449073,0.0666161960619991,0.7183071203135101
25936,LOF,0.06082877300599767,0.027107542554892682,0.9120636844391096
25937,LOF,0.015264596725946558,0.06425649414375707,0.9204789091302964
25938,LOF,0.20935798826491359,0.05626386414749978,0.7343781475875866
25939,LOF,0.047715964719588735,0.028162957597759226,0.924121077682652
25940,GOF,0.006319520807262425,0.5752477763394284,0.4184327028533093
25941,Neutral,0.4621215546714872,0.07765894944059397,0.4602194958879189
25942,LOF,0.0120979658962545,0.17554029152014233,0.8123617425836032
25943,GOF,0.020431467054716067,0.5856225190372106,0.39394601390807327
25944,LOF,0.017978190309031198,0.43754746294465047,0.5444743467463183
25945,LOF,0.0797009073110477,0.06469221572647256,0.8556068769624797
25946,LOF,0.08963600527547366,0.11414959270723135,0.796214402017295
25947,LOF,0.4710006767677686,0.030198390878870225,0.49880093235336126
25948,Neutral,0.5318727532865459,0.0201618190422831,0.44796542767117103
25949,LOF,0.10246955082580404,0.03224291413116462,0.8652875350430314
25950,GOF,0.04974520443901473,0.7812713994554726,0.16898339610551263
25951,LOF,0.014600442647512955,0.44170640421886675,0.5436931531336202
25952,LOF,0.0860778091085989,0.2694769300139826,0.6444452608774185
25953,LOF,0.005923724732435726,0.3443801033142541,0.6496961719533102
25954,GOF,0.02104397535328385,0.5090114053359153,0.4699446193108008
25955,LOF,0.005174420151707042,0.43095232003018774,0.5638732598181052
25956,GOF,0.009347942634914085,0.7006087538019442,0.2900433035631418
25957,LOF,0.2595038849411358,0.056231246179510724,0.6842648688793533
25958,LOF,0.023989547079413916,0.19730995737980783,0.7787004955407782
25959,GOF,0.006087989963851989,0.6026791533536383,0.39123285668250973
25960,LOF,0.005360869984637527,0.13171228616909614,0.8629268438462663
25961,LOF,0.02100523525672873,0.17672108794352612,0.8022736767997453
25962,LOF,0.048516409599246677,0.061037757706267994,0.8904458326944854
25963,LOF,0.010220049233758723,0.16042629376667228,0.829353656999569
25964,LOF,0.049015217075882425,0.11649121050523668,0.8344935724188809
25965,LOF,0.18687890283691122,0.18541435500514367,0.6277067421579452
25966,LOF,0.28977364086203594,0.2661655884590871,0.44406077067887695
25967,LOF,0.007796342050909568,0.05737873899201327,0.9348249189570772
25968,LOF,0.08348224555335075,0.30799847178579887,0.6085192826608503
25969,LOF,0.1729107387206728,0.02405427205593723,0.80303498922339
25970,LOF,0.025927911162283847,0.17269180091493613,0.80138028792278
25971,LOF,0.0698465018146379,0.12978041607735402,0.8003730821080081
25972,LOF,0.06852022706710693,0.13377693014775255,0.7977028427851405
25973,LOF,0.10254131239395423,0.010425018916947304,0.8870336686890985
25974,LOF,0.08201771564229458,0.206079659679462,0.7119026246782434
25975,LOF,0.0457135111134121,0.019492721342553716,0.9347937675440343
25976,LOF,0.08287904026744744,0.013160514840486007,0.9039604448920665
25977,LOF,0.16310364209827458,0.11553606794252709,0.7213602899591983
25978,LOF,0.12484732252562812,0.12602673306904102,0.7491259444053309
25979,LOF,0.10324016619941684,0.14404962190260337,0.7527102118979798
25980,LOF,0.12639442590893296,0.37691826322156674,0.4966873108695002
25981,LOF,0.12903803164913072,0.40105915810942905,0.4699028102414402
25982,LOF,0.24525541379281052,0.17249139644527342,0.582253189761916
25983,Neutral,0.4621119635996346,0.17738732789993364,0.3605007085004317
25984,LOF,0.041315624941893746,0.09559580979247992,0.8630885652656264
25985,Neutral,0.4914637512248499,0.20974204329355214,0.2987942054815979
25986,GOF,0.009744892963398729,0.5993119985904394,0.3909431084461619
25987,LOF,0.018087123969936107,0.10668429335594701,0.8752285826741169
25988,LOF,0.04008428482065304,0.1290929660230696,0.8308227491562774
25989,LOF,0.04629278166272998,0.12812788028795602,0.825579338049314
25990,LOF,0.04805829374613675,0.22943089520362933,0.722510811050234
25991,GOF,0.06193797764834089,0.563784678958049,0.3742773433936102
25992,LOF,0.018319130031353964,0.37522264556534485,0.6064582244033013
25993,LOF,0.04601700058016344,0.02490112135028974,0.9290818780695469
25994,LOF,0.043964557599132016,0.04439184357783161,0.9116435988230362
25995,LOF,0.030004826855391634,0.06053885036983265,0.9094563227747757
25996,Neutral,0.4095285448199696,0.27844715723540914,0.31202429794462133
25997,LOF,0.08361764226346972,0.4369378278310924,0.47944452990543784
25998,LOF,0.19255782350672054,0.20681580369226404,0.6006263728010154
25999,GOF,0.02239351173410242,0.5946437397665926,0.382962748499305
26000,LOF,0.139416281609615,0.019395938839325534,0.8411877795510595
26001,LOF,0.1474043047345629,0.03899388923741273,0.8136018060280245
26002,LOF,0.09990703645067185,0.015829812995407665,0.8842631505539206
26003,GOF,0.011302286451728746,0.5136279159319167,0.4750697976163545
26004,LOF,0.03437182702931975,0.47694367301433904,0.48868449995634117
26005,GOF,0.008323830184960903,0.5089814477339566,0.4826947220810825
26006,GOF,0.2846971791443864,0.40940450430062925,0.3058983165549843
26007,GOF,0.018797803199755388,0.5116162484621866,0.469585948338058
26008,LOF,0.012433731469804308,0.4351227465176404,0.5524435220125553
26009,GOF,0.02706886029040073,0.5949022620546606,0.3780288776549388
26010,GOF,0.012868388318847023,0.5652567807173002,0.4218748309638528
26011,LOF,0.008882716302361645,0.3452548106064348,0.6458624730912036
26012,LOF,0.010917322148803105,0.4656043847705259,0.5234782930806711
26013,LOF,0.0158623355307331,0.43345569173987764,0.5506819727293892
26014,LOF,0.08403907617494993,0.02343663740218374,0.8925242864228664
26015,LOF,0.3895478171987705,0.12893509076283452,0.4815170920383948
26016,LOF,0.23218128187509682,0.23688041068644872,0.5309383074384545
26017,GOF,0.014688209449122,0.569413753192231,0.41589803735864705
26018,LOF,0.019613642450162456,0.2934948516649632,0.6868915058848745
26019,LOF,0.019963738155091296,0.2171712971988943,0.7628649646460144
26020,LOF,0.008240298486563874,0.34952428228442645,0.6422354192290097
26021,LOF,0.09281326567548584,0.2786280680327699,0.6285586662917443
26022,LOF,0.05856409868505085,0.08409405744064984,0.8573418438742993
26023,LOF,0.04044575666800925,0.17906797283782466,0.7804862704941662
26024,LOF,0.05311010060830674,0.1829389995714004,0.7639508998202929
26025,LOF,0.11036458966066834,0.3155394424574689,0.5740959678818629
26026,LOF,0.10835958088370501,0.2360410964092479,0.655599322707047
26027,LOF,0.03177815271029511,0.11051607327451889,0.857705774015186
26028,LOF,0.05708384087971941,0.2769285324933833,0.6659876266268973
26029,LOF,0.040321760205418014,0.1715613940777563,0.7881168457168257
26030,LOF,0.18801692529982147,0.024420365232352012,0.7875627094678266
26031,LOF,0.02062528952969006,0.16614201419301203,0.813232696277298
26032,LOF,0.032453482711492475,0.05250559838598318,0.9150409189025243
26033,LOF,0.05204106428164666,0.12419416931890906,0.8237647663994443
26034,LOF,0.02169274131802415,0.11809805421553723,0.8602092044664387
26035,LOF,0.015816954083752433,0.1387348862335135,0.8454481596827341
26036,LOF,0.01616243333517356,0.10765323794426757,0.8761843287205588
26037,LOF,0.014697766358953408,0.09161828619960469,0.8936839474414419
26038,LOF,0.02540158681006552,0.05153662363236468,0.9230617895575697
26039,LOF,0.034604791606788955,0.13107378149979446,0.8343214268934166
26040,LOF,0.054233278116541106,0.22713520742461352,0.7186315144588454
26041,LOF,0.01622189174894971,0.12467984374242594,0.8590982645086244
26042,LOF,0.015017630431987491,0.12437079956783667,0.860611570000176
26043,LOF,0.024278968100542524,0.12975041915837676,0.8459706127410808
26044,LOF,0.009523110518091592,0.11605004378856482,0.8744268456933436
26045,LOF,0.08988715951707704,0.27393896316792454,0.6361738773149984
26046,LOF,0.02329166201273701,0.13784599222622557,0.8388623457610375
26047,LOF,0.0649729463999302,0.07984898789936905,0.8551780657007008
26048,LOF,0.07793928652264401,0.08692987163877426,0.8351308418385818
26049,Neutral,0.8878582094409238,0.015036625938661225,0.09710516462041499
26050,Neutral,0.8070887077932359,0.016564206822632127,0.1763470853841321
26051,GOF,0.017414552271526947,0.7204502054380777,0.26213524229039536
26052,GOF,0.01733966801476086,0.6706823323237489,0.3119779996614903
26053,LOF,0.027251173665416108,0.03532127814323449,0.9374275481913494
26054,LOF,0.09864287626559705,0.11367488476766001,0.7876822389667429
26055,LOF,0.09843000744315909,0.1243396847821723,0.7772303077746686
26056,LOF,0.08787787044457787,0.13832837608894605,0.7737937534664762
26057,LOF,0.04781719409604883,0.03770417401317487,0.9144786318907763
26058,LOF,0.054024780715150135,0.03046095655752713,0.9155142627273228
26059,Neutral,0.6502603252789083,0.11126002118544097,0.2384796535356508
26060,LOF,0.014254758253933696,0.32381833087037104,0.6619269108756951
26061,LOF,0.010959315063103112,0.027966187522062473,0.9610744974148344
26062,LOF,0.005922090819986139,0.05602093607909216,0.9380569731009217
26063,LOF,0.04075845681212061,0.03038638165706309,0.9288551615308163
26064,LOF,0.010106695507547782,0.027574124514072842,0.9623191799783793
26065,LOF,0.03694302123094878,0.04617086822672579,0.9168861105423254
26066,LOF,0.03958573980551357,0.02820982410008726,0.9322044360943992
26067,LOF,0.048336655618121796,0.03985268776604595,0.9118106566158323
26068,LOF,0.09871546436916552,0.07620179491128724,0.8250827407195471
26069,LOF,0.08394749006749347,0.06774744923499605,0.8483050606975103
26070,LOF,0.23744324035259418,0.04064354019764286,0.7219132194497629
26071,LOF,0.0469174318678335,0.046487217215647435,0.906595350916519
26072,LOF,0.007885212489835262,0.028259958851160942,0.9638548286590038
26073,LOF,0.039318195658994,0.029244447469346468,0.9314373568716596
26074,Neutral,0.8498585372880043,0.022460697018657452,0.12768076569333814
26075,LOF,0.054060533684434406,0.07576854547748076,0.8701709208380849
26076,LOF,0.04841977491918545,0.07068826062861734,0.8808919644521972
26077,LOF,0.1548030696023189,0.06716000542604021,0.7780369249716409
26078,LOF,0.00669549593648295,0.05886123248219585,0.9344432715813212
26079,LOF,0.11730107107836076,0.05208850529407953,0.8306104236275597
26080,LOF,0.11730107107836076,0.05208850529407953,0.8306104236275597
26081,LOF,0.04892972905048582,0.02976868359141458,0.9213015873580996
26082,LOF,0.006822307819509555,0.06098810058091023,0.9321895915995801
26083,LOF,0.03905817031241843,0.0884675505617859,0.8724742791257956
26084,LOF,0.044035999745629134,0.05407773119559887,0.901886269058772
26085,LOF,0.0397827488506165,0.04750074699456989,0.9127165041548136
26086,LOF,0.0335157151629529,0.050409428780079736,0.9160748560569673
26087,LOF,0.04125434822750109,0.04891155655445554,0.9098340952180434
26088,LOF,0.007809090989805176,0.11471670447368698,0.8774742045365079
26089,LOF,0.03925805384134518,0.16789321495466428,0.7928487312039907
26090,LOF,0.04159762665987591,0.1313977200855614,0.8270046532545627
26091,LOF,0.04331624397745088,0.05233504340957037,0.9043487126129788
26092,LOF,0.05167606232830519,0.02601209258648638,0.9223118450852085
26093,LOF,0.06425991573685758,0.02312766166173928,0.9126124226014031
26094,LOF,0.037799448710198406,0.04042393325209195,0.9217766180377097
26095,LOF,0.010163135765903508,0.049024594277259415,0.9408122699568372
26096,LOF,0.2930871115109062,0.009233533513680928,0.6976793549754129
26097,LOF,0.00787123834034811,0.051885008811540345,0.9402437528481115
26098,LOF,0.11270713595827889,0.04446182041082894,0.8428310436308921
26099,LOF,0.03631619943151786,0.06376034469347282,0.8999234558750092
26100,LOF,0.03631619943151786,0.06376034469347282,0.8999234558750092
26101,LOF,0.030156844834273007,0.0659675037731702,0.9038756513925568
26102,LOF,0.040453073416423756,0.03946766422099028,0.9200792623625861
26103,Neutral,0.8019296722411071,0.07008564916457927,0.12798467859431367
26104,LOF,0.10961892627805041,0.13474120268353992,0.7556398710384097
26105,LOF,0.22231370816991897,0.1884709435433579,0.5892153482867231
26106,LOF,0.30943449762190806,0.16344987067312053,0.5271156317049713
26107,LOF,0.008407239484541425,0.2401818395259271,0.7514109209895314
26108,LOF,0.12018653599872284,0.28448561702021885,0.5953278469810583
26109,LOF,0.03890031810525095,0.06941038478190921,0.8916892971128398
26110,LOF,0.42605530599161007,0.0483031007897514,0.5256415932186386
26111,LOF,0.058055629129258164,0.35713566363392946,0.5848087072368123
26112,LOF,0.045357470055100865,0.03023684479670094,0.9244056851481981
26113,LOF,0.03887900682512211,0.06478287477995766,0.8963381183949202
26114,LOF,0.09108474053282078,0.051363851283944814,0.8575514081832344
26115,LOF,0.009141283290056472,0.3722623755230102,0.6185963411869333
26116,LOF,0.05965409280713038,0.1194800120895052,0.8208658951033644
26117,LOF,0.18117257807914025,0.06582788416056543,0.7529995377602944
26118,LOF,0.041909248631277304,0.02375652849848425,0.9343342228702384
26119,LOF,0.0055433461662403065,0.10940994919556787,0.8850467046381918
26120,LOF,0.03783939384766843,0.02464585254200559,0.9375147536103261
26121,LOF,0.004297431147614921,0.19299533372097952,0.8027072351314056
26122,LOF,0.004247687692179872,0.18404366085081877,0.8117086514570013
26123,LOF,0.004992603937606175,0.1808125812679271,0.8141948147944668
