feature0,prediction,LoGoFunc_Neutral,LoGoFunc_GOF,LoGoFunc_LOF
25546,Neutral,0.6526371671586392,0.05797461668718488,0.2893882161541759
25547,Neutral,0.3956343420738902,0.22608885822124788,0.37827679970486183
25548,LOF,0.35009827178973013,0.12279194235398194,0.5271097858562879
25549,LOF,0.24568982965508665,0.15292839295947205,0.6013817773854413
25550,Neutral,0.5951984284687086,0.061719294929748404,0.34308227660154295
25551,Neutral,0.47750187877808326,0.07513662703787924,0.4473614941840375
25552,LOF,0.15474171162304542,0.1319265534671949,0.7133317349097595
25553,LOF,0.4436840781348361,0.06357413691028273,0.49274178495488113
25554,LOF,0.18465525190074125,0.18615065735726644,0.6291940907419923
25555,LOF,0.15297368339314107,0.11675035261758453,0.7302759639892744
25556,LOF,0.21074755717004073,0.1487393697367432,0.640513073093216
25557,LOF,0.14224529917484707,0.13171413768471762,0.7260405631404354
25558,LOF,0.21136438407660701,0.159828793313341,0.628806822610052
25559,Neutral,0.7514203321868634,0.07096454569273843,0.17761512212039812
25560,LOF,0.05817809624024877,0.14404952732624202,0.7977723764335092
25561,LOF,0.12036581544214839,0.18171902108524252,0.6979151634726092
25562,LOF,0.18526197625304894,0.0550535642809618,0.7596844594659892
25563,LOF,0.3616488932906183,0.07543836852551154,0.5629127381838701
25564,LOF,0.07456407450125747,0.06883707259181937,0.8565988529069231
25565,LOF,0.09053052811046317,0.29366952760514425,0.6157999442843926
25566,GOF,0.043420134622832535,0.5289619031093423,0.4276179622678252
25567,LOF,0.020967435895148857,0.09206100305939231,0.8869715610454589
25568,Neutral,0.7049439262606764,0.07541276377021741,0.21964330996910628
25569,Neutral,0.6860259178518745,0.04973587175078495,0.26423821039734063
25570,LOF,0.0978653285406134,0.24019677438706177,0.6619378970723248
25571,LOF,0.09433527838340107,0.2195704837834377,0.6860942378331611
25572,LOF,0.12375718786997576,0.3349214128707679,0.5413213992592563
25573,LOF,0.05966984749833686,0.18812023606922826,0.752209916432435
25574,LOF,0.014435963969407793,0.4884012470710899,0.49716278895950244
25575,LOF,0.12285167372714334,0.06855396958563313,0.8085943566872235
25576,LOF,0.027467104908174524,0.04772655066109407,0.9248063444307314
25577,LOF,0.023863759256565222,0.14282917598600278,0.8333070647574321
25578,Neutral,0.42348547479748966,0.2084062431076323,0.36810828209487806
25579,Neutral,0.42348547479748966,0.2084062431076323,0.36810828209487806
25580,LOF,0.07359941711002814,0.04202366418849216,0.8843769187014797
25581,Neutral,0.7046073934864885,0.0508840508130026,0.24450855570050886
25582,Neutral,0.7046073934864885,0.0508840508130026,0.24450855570050886
25583,LOF,0.078989801497787,0.050351431675244133,0.870658766826969
25584,Neutral,0.50898239254449,0.1184706483893367,0.37254695906617336
25585,LOF,0.020585519965650875,0.10383102132080799,0.8755834587135412
25586,LOF,0.08977201163078412,0.08665974138180134,0.8235682469874146
25587,LOF,0.06564619911739254,0.11101532643686984,0.8233384744457376
25588,LOF,0.07166259206056215,0.1007942503595095,0.8275431575799285
25589,Neutral,0.6932402496778404,0.20401463767244646,0.10274511264971323
25590,LOF,0.04305108784142337,0.1915051444104204,0.7654437677481563
25591,Neutral,0.6808747820522145,0.07078386533641164,0.24834135261137377
25592,LOF,0.04650205987259939,0.09008908802224153,0.863408852105159
25593,GOF,0.011751926418519543,0.6873500518813938,0.30089802170008684
25594,Neutral,0.7227648066714686,0.04718715771446281,0.23004803561406845
25595,Neutral,0.6895649107580374,0.053265425631319946,0.2571696636106425
25596,LOF,0.3404898675128304,0.04811338038535566,0.6113967521018139
25597,LOF,0.22886892271851947,0.031149088308864134,0.7399819889726164
25598,Neutral,0.7470381112402387,0.042402631468930314,0.21055925729083103
25599,GOF,0.01076252328020566,0.6591522307684563,0.3300852459513381
25600,GOF,0.012550098753781326,0.5921459664832571,0.39530393476296155
25601,LOF,0.006931547704520931,0.33733981897119564,0.6557286333242833
25602,LOF,0.10185791342839119,0.21241906767406418,0.6857230188975445
25603,LOF,0.060133993772955245,0.23489346557498633,0.7049725406520584
25604,LOF,0.031793708585377986,0.38213552826686864,0.5860707631477534
25605,LOF,0.028127677261143035,0.4138503388142046,0.5580219839246524
25606,GOF,0.07121541448008865,0.5544890557053036,0.37429552981460773
25607,LOF,0.005685557803085454,0.1931812831130083,0.8011331590839063
25608,LOF,0.05097834929646481,0.15231247550505114,0.7967091751984842
25609,LOF,0.19587231638925492,0.18239163908673375,0.6217360445240113
25610,LOF,0.06541824999696991,0.05011868560369122,0.884463064399339
25611,LOF,0.08397482982034411,0.04954977759961828,0.8664753925800376
25612,Neutral,0.6600542169302298,0.05754350636713714,0.2824022767026332
25613,Neutral,0.6340300325867027,0.05676903318833687,0.3092009342249604
25614,LOF,0.08748658704662035,0.06919027768559953,0.8433231352677801
25615,LOF,0.08263727982180104,0.0811024425124473,0.8362602776657517
25616,LOF,0.06646647066781675,0.14025823830114126,0.793275291031042
25617,LOF,0.08329167129010388,0.04338889119341199,0.8733194375164841
25618,LOF,0.07748430133439857,0.16350986718784857,0.7590058314777528
25619,LOF,0.09055037269686902,0.0929454100662334,0.8165042172368975
25620,LOF,0.05842354712405214,0.10393051156779777,0.8376459413081501
25621,LOF,0.07613541193768252,0.07895563792715966,0.8449089501351579
25622,LOF,0.06584101607271657,0.1435238454273962,0.7906351384998871
25623,LOF,0.17126538836871355,0.09014670485236571,0.7385879067789208
25624,LOF,0.06136188023932959,0.158844696994454,0.7797934227662164
25625,LOF,0.06505129959225325,0.11354780001576886,0.8214009003919778
25626,Neutral,0.665287821534569,0.04822887344168525,0.2864833050237457
25627,GOF,0.25665156321305177,0.4586097602432375,0.2847386765437107
25628,LOF,0.14077213576437947,0.07711239034471241,0.7821154738909081
25629,Neutral,0.6939944830807128,0.06217653684528247,0.24382898007400472
25630,LOF,0.09721688974182531,0.2930621797424923,0.6097209305156823
25631,Neutral,0.42111862753076584,0.34760237468508476,0.23127899778414937
25632,LOF,0.014674148498635102,0.06705668696808151,0.9182691645332834
25633,GOF,0.29741379658242406,0.3525117553098441,0.3500744481077318
25634,Neutral,0.6902085230105948,0.06886788414363185,0.24092359284577325
25635,LOF,0.05056347423107786,0.07041323862903073,0.8790232871398914
25636,GOF,0.008811545119494377,0.5095110635752874,0.48167739130521825
25637,LOF,0.007935257897669025,0.23655613184404525,0.7555086102582858
25638,GOF,0.006009276472130701,0.6060408548776032,0.3879498686502662
25639,LOF,0.008713907599767536,0.28508547501862647,0.706200617381606
25640,Neutral,0.4752869295401241,0.36416227697985415,0.16055079348002183
25641,LOF,0.010294775500963353,0.2636376159207493,0.7260676085782873
25642,LOF,0.2821579611329715,0.09698896545054397,0.6208530734164845
25643,Neutral,0.703916125892378,0.013854191713815755,0.28222968239380636
25644,GOF,0.013827329915878756,0.5703000093161715,0.4158726607679497
25645,GOF,0.007727599304796168,0.6627301187897815,0.32954228190542234
25646,LOF,0.011345221812985693,0.3955965054207045,0.5930582727663097
25647,LOF,0.009848891746445158,0.41241868247056385,0.577732425782991
25648,LOF,0.0077741588664212834,0.4118787673647824,0.5803470737687964
25649,LOF,0.00875510524175468,0.302644675801482,0.6886002189567634
25650,GOF,0.021892337528912852,0.7288755703197225,0.2492320921513647
25651,GOF,0.007212162644637304,0.6096046737369124,0.38318316361845034
25652,LOF,0.01775180508787693,0.30600138079375894,0.6762468141183641
25653,GOF,0.04873605156411718,0.5843253575317386,0.3669385909041442
25654,GOF,0.008308398919487888,0.543419863619246,0.4482717374612661
25655,GOF,0.05166443425485146,0.6755074030205511,0.2728281627245973
25656,GOF,0.036777805455158734,0.5957751312523825,0.36744706329245874
25657,Neutral,0.5578467857010497,0.07282140733465194,0.36933180696429824
25658,LOF,0.008767906061044904,0.40845170074560755,0.5827803931933475
25659,LOF,0.10937296356822253,0.21833402205164454,0.6722930143801329
25660,LOF,0.12283572026282587,0.1359715336232082,0.7411927461139659
25661,LOF,0.09817897152074635,0.0987117203836509,0.8031093080956027
25662,LOF,0.07453761905236171,0.08995462741794456,0.8355077535296938
25663,LOF,0.07159067086523513,0.10909768786229757,0.8193116412724673
25664,LOF,0.07207337688773395,0.14635100247976288,0.7815756206325032
25665,Neutral,0.6310459190265428,0.09057950789217808,0.2783745730812792
25666,LOF,0.06463883167121817,0.25009682594381333,0.6852643423849686
25667,LOF,0.055843169491125944,0.0839630403225724,0.8601937901863016
25668,LOF,0.07226334868408225,0.045386996951608416,0.8823496543643093
25669,LOF,0.052780983421053994,0.09438885864100172,0.8528301579379443
25670,LOF,0.18739121870624192,0.06289018363684824,0.7497185976569097
25671,LOF,0.07208295433164884,0.15114936074827032,0.7767676849200809
25672,Neutral,0.6436618282580657,0.07134179149807582,0.28499638024385837
25673,LOF,0.06843622643001165,0.20045705528877258,0.7311067182812158
25674,LOF,0.07377218779116997,0.17783334294916453,0.7483944692596655
25675,LOF,0.05530716281550379,0.13912911186318372,0.8055637253213125
25676,LOF,0.06323662125983488,0.11273850821614562,0.8240248705240196
25677,LOF,0.08222632633952148,0.10942217252287233,0.8083515011376062
25678,Neutral,0.7738531174358282,0.0707828162833281,0.15536406628084373
25679,LOF,0.4003679162412794,0.06350852114374476,0.5361235626149758
25680,LOF,0.1024515413156175,0.16241055684901112,0.7351379018353713
25681,LOF,0.11350128189549756,0.14590242433336542,0.7405962937711371
25682,LOF,0.06943988478243951,0.1201485472168594,0.8104115680007012
25683,LOF,0.25710401266523747,0.0633066176151339,0.6795893697196287
25684,LOF,0.10177147011746558,0.1808708826153063,0.7173576472672281
25685,LOF,0.1100745771177936,0.1086917689438976,0.7812336539383087
25686,LOF,0.013770604485386516,0.3156426762891819,0.6705867192254317
25687,LOF,0.01741569694913826,0.3894887768001972,0.5930955262506645
25688,LOF,0.034627437527262946,0.27443651707070127,0.6909360454020358
25689,LOF,0.008981168698213613,0.2593429347426577,0.7316758965591287
25690,GOF,0.013506254809993871,0.5494709073336622,0.4370228378563439
25691,GOF,0.07018250177479579,0.5309083516740651,0.3989091465511391
25692,Neutral,0.7772665223345506,0.04026780170733013,0.18246567595811933
25693,GOF,0.03364822499938752,0.5728145204266248,0.3935372545739877
25694,Neutral,0.5628404883038598,0.01935479658841997,0.4178047151077203
25695,LOF,0.4412061023668452,0.024870297817897426,0.5339235998152574
25696,Neutral,0.7588123921516825,0.031930367035928914,0.20925724081238856
25697,Neutral,0.730193811058056,0.09173623525302069,0.17806995368892337
25698,GOF,0.014803359474423525,0.7456983732323668,0.23949826729320964
25699,GOF,0.043057175888408177,0.6827698382105166,0.2741729859010754
25700,LOF,0.0657808400374041,0.07216687886579773,0.8620522810967982
25701,GOF,0.007706400700470619,0.5832508810024154,0.409042718297114
25702,GOF,0.03823694719697258,0.7168056691668443,0.24495738363618316
25703,LOF,0.021345777072859198,0.15553506540568793,0.8231191575214528
25704,LOF,0.07741142575570834,0.2119730988262163,0.7106154754180752
25705,LOF,0.10324996573429131,0.1715896843042034,0.7251603499615054
25706,GOF,0.01823563467529959,0.7043685811299587,0.27739578419474165
25707,GOF,0.022616016775523846,0.5415506775283481,0.43583330569612816
25708,GOF,0.006487932361576111,0.5388433756978704,0.4546686919405534
25709,LOF,0.07926649276000411,0.10931128822231315,0.8114222190176826
25710,LOF,0.012707565329362484,0.24106091653922163,0.746231518131416
25711,LOF,0.07973117636234602,0.14034238757717432,0.7799264360604796
25712,LOF,0.027912216032923688,0.14794791009503477,0.8241398738720416
25713,LOF,0.0646454772714573,0.13428997955790478,0.801064543170638
25714,LOF,0.05988476068805969,0.30975306545369935,0.6303621738582409
25715,LOF,0.058606652801315995,0.31105925830279424,0.6303340888958897
25716,LOF,0.013417653614415808,0.11832870108686279,0.8682536452987213
25717,LOF,0.011710696691729661,0.16992409475532022,0.81836520855295
25718,LOF,0.05561214971491164,0.1454605278833853,0.7989273224017032
25719,LOF,0.06877504504621425,0.14320347957596724,0.7880214753778184
25720,LOF,0.060673404547532526,0.18087472440503485,0.7584518710474326
25721,LOF,0.051377684864429334,0.10300544389389325,0.8456168712416775
25722,LOF,0.05349522551885199,0.10822856494341529,0.8382762095377327
25723,LOF,0.07842120491126395,0.1258725519991541,0.7957062430895819
25724,LOF,0.06418786744868311,0.2562309505928286,0.6795811819584883
25725,LOF,0.12726899014863344,0.10975671472559782,0.7629742951257688
25726,LOF,0.062163281141913135,0.1887399227896554,0.7490967960684314
25727,LOF,0.09818951265853423,0.06481448806271034,0.8369959992787555
25728,LOF,0.05566419651728334,0.18456407417952647,0.7597717293031903
25729,LOF,0.0636595404842816,0.1458283629729488,0.7905120965427695
25730,LOF,0.07876479735967855,0.16031459710377413,0.7609206055365473
25731,LOF,0.015508685074470592,0.08544678093958842,0.899044533985941
25732,LOF,0.06124710171709747,0.06421465575038245,0.87453824253252
25733,LOF,0.08087868354728511,0.2361854157405021,0.6829359007122128
25734,LOF,0.013629061466764503,0.15130704726186867,0.8350638912713667
25735,LOF,0.07268287108457376,0.08329740922230304,0.8440197196931233
25736,LOF,0.07016373215705239,0.11944187352114369,0.8103943943218039
25737,LOF,0.09321989659111961,0.10138141510000376,0.8053986883088766
25738,LOF,0.08956577528200642,0.12996124057702077,0.7804729841409728
25739,LOF,0.05751679668548397,0.15432609220945542,0.7881571111050606
25740,LOF,0.09330892103359771,0.13845285305577734,0.768238225910625
25741,LOF,0.0816158310585578,0.13198354245581384,0.7864006264856284
25742,LOF,0.09117417246064108,0.1805839506412894,0.7282418768980695
25743,LOF,0.011615046280421556,0.07876791015647516,0.9096170435631034
25744,GOF,0.03315635842265045,0.722580210390351,0.24426343118699848
25745,GOF,0.0101753524850046,0.6447793711117659,0.3450452764032295
25746,GOF,0.008137535888083147,0.6191863651068015,0.37267609900511545
25747,LOF,0.06447327988416246,0.06671785962781326,0.8688088604880243
25748,LOF,0.2507858424194337,0.28955282723192793,0.4596613303486384
25749,GOF,0.007374957731749753,0.5965422945035537,0.3960827477646966
25750,GOF,0.009004747310745987,0.5584649328037761,0.43253031988547785
25751,LOF,0.07123460931608624,0.19147178367044676,0.737293607013467
25752,GOF,0.10680629082572032,0.5322587219887285,0.3609349871855513
25753,LOF,0.012477717407370241,0.19556546164702598,0.7919568209456038
25754,GOF,0.01024884039482774,0.802275519528616,0.18747564007655632
25755,LOF,0.010996222562080113,0.2064709615101293,0.7825328159277906
25756,Neutral,0.675552954010777,0.05749735119473917,0.26694969479448377
25757,GOF,0.011897874896284733,0.6982469801853355,0.28985514491837966
25758,GOF,0.009005283716044156,0.8073027720348276,0.1836919442491283
25759,GOF,0.004841385165936755,0.5903590016241242,0.40479961320993896
25760,LOF,0.008768909958746966,0.11116788226258137,0.8800632077786716
25761,GOF,0.04552918939553673,0.8116335656610092,0.1428372449434541
25762,Neutral,0.6902085230105948,0.06886788414363185,0.24092359284577325
25763,LOF,0.009593508940748412,0.11064572802674978,0.8797607630325018
25764,GOF,0.07646735622193297,0.5043064382451734,0.41922620553289364
25765,GOF,0.0065539638462535224,0.7278866850269821,0.2655593511267644
25766,GOF,0.024730693862371436,0.7189969171502376,0.256272388987391
25767,GOF,0.011365566365771403,0.7336618537039123,0.2549725799303163
25768,LOF,0.04659925834623109,0.24430696239960417,0.7090937792541647
25769,LOF,0.05482468236374343,0.20300582819549662,0.74216948944076
25770,Neutral,0.6348175055576961,0.05727385380416631,0.3079086406381376
25771,LOF,0.06270408643615918,0.14751623577178902,0.7897796777920518
25772,LOF,0.09042729473802745,0.08881296795147697,0.8207597373104956
25773,LOF,0.03814300962571889,0.23210310360548042,0.7297538867688007
25774,Neutral,0.6701612613735972,0.07614555097647782,0.253693187649925
25775,LOF,0.043038426376887505,0.12832964785152937,0.8286319257715831
25776,LOF,0.05079414078897625,0.1079770923932729,0.8412287668177508
25777,Neutral,0.647646563842272,0.060903335549835375,0.2914501006078925
25778,LOF,0.06506010936540389,0.13474536886891916,0.800194521765677
25779,GOF,0.11598799419217355,0.7126211299552906,0.17139087585253568
25780,GOF,0.08757715577254564,0.7258909463753409,0.18653189785211338
25781,GOF,0.057947922603008746,0.7416314275705103,0.20042064982648097
25782,GOF,0.040757899937666195,0.5598436271591941,0.3993984729031396
25783,GOF,0.10221825622286962,0.6313867768722763,0.266394966904854
25784,GOF,0.14568589463706041,0.6726953535006591,0.1816187518622805
25785,GOF,0.22485672088384157,0.6266257353322486,0.14851754378390986
25786,GOF,0.01644066655713635,0.6230531132664502,0.36050622017641343
25787,Neutral,0.43751328510831183,0.3486547258188338,0.21383198907285442
25788,LOF,0.061975026252104874,0.1019504950570423,0.8360744786908527
25789,GOF,0.03474892503997636,0.8106847025887688,0.15456637237125492
25790,GOF,0.026919639642530947,0.7373476862631184,0.23573267409435067
25791,GOF,0.03560420107155312,0.7639963468655938,0.20039945206285295
25792,GOF,0.03619031244702596,0.7701956660454167,0.19361402150755727
25793,GOF,0.06815189872268597,0.6717162416227846,0.26013185965452934
25794,GOF,0.04195061402475722,0.7808003764081278,0.1772490095671149
25795,GOF,0.06134027571105605,0.7213180244982039,0.21734169979073995
25796,GOF,0.14886744573421234,0.425931782814188,0.42520077145159957
25797,GOF,0.05562303229492275,0.6891418873371931,0.2552350803678842
25798,GOF,0.013811150961453876,0.7813618436359309,0.2048270054026153
25799,GOF,0.008388939777335255,0.7342267779369603,0.25738428228570437
25800,GOF,0.0441704848970636,0.8268043296938528,0.1290251854090836
25801,GOF,0.03323574686263927,0.7878145709562221,0.17894968218113866
25802,GOF,0.04332089487488169,0.7934693706478616,0.1632097344772566
25803,GOF,0.033020498363400576,0.7279669163425537,0.23901258529404565
25804,GOF,0.05870076797478148,0.6821654394658208,0.2591337925593977
25805,GOF,0.029921192417779317,0.7439078638167704,0.22617094376545038
25806,GOF,0.044719838714865186,0.7653576370192272,0.18992252426590756
25807,GOF,0.02128434858675684,0.7512554007111697,0.22746025070207337
25808,GOF,0.03380820260921878,0.8069008307834866,0.15929096660729467
25809,GOF,0.01278541781356792,0.5879512159455812,0.3992633662408508
25810,GOF,0.013076062740380496,0.6376741108409939,0.3492498264186256
25811,GOF,0.04822204890386057,0.6579003376743021,0.2938776134218373
25812,GOF,0.06508800288359337,0.7407113519206802,0.1942006451957265
25813,GOF,0.19659453873346702,0.5770938292461615,0.22631163202037163
25814,GOF,0.051594053509445514,0.8032397977012041,0.14516614878935036
25815,GOF,0.0788111513968151,0.7388964249778588,0.1822924236253261
25816,GOF,0.015394265581060194,0.8801197767967789,0.10448595762216081
25817,GOF,0.06611011414457921,0.654797256407382,0.27909262944803875
25818,GOF,0.05954843140578879,0.6388322652128618,0.30161930338134935
25819,GOF,0.09018046926237282,0.5435599495869446,0.3662595811506824
25820,GOF,0.06851993874672054,0.5898595718758716,0.3416204893774079
25821,GOF,0.04662333264676702,0.6386842777002533,0.31469238965297974
25822,GOF,0.11735701547829877,0.5540036999690905,0.32863928455261077
25823,GOF,0.06281865045377401,0.5611198399680155,0.3760615095782104
25824,GOF,0.040996756927660825,0.7829717321779633,0.17603151089437566
25825,GOF,0.03814040470550408,0.8377495008820106,0.1241100944124853
25826,GOF,0.014234291256778274,0.7241809519633219,0.2615847567798998
25827,GOF,0.0130762769713864,0.8070298462293347,0.17989387679927887
25828,GOF,0.00917327595695045,0.7768439366979403,0.21398278734510925
25829,LOF,0.01111157632412998,0.09522914505633447,0.8936592786195355
25830,LOF,0.06313214016487456,0.05559921390863225,0.8812686459264931
25831,GOF,0.025431789961054725,0.6884134836396585,0.28615472639928663
25832,GOF,0.0139771706981405,0.559704200760106,0.4263186285417535
25833,GOF,0.04411313968333868,0.7258356026131056,0.2300512577035557
25834,GOF,0.013290682467561208,0.539468105959118,0.4472412115733208
25835,GOF,0.03393197938614832,0.7826859497247932,0.18338207088905842
25836,GOF,0.016682193611547262,0.6270829843167405,0.35623482207171236
25837,GOF,0.01372730204780661,0.6861540444935792,0.30011865345861416
25838,GOF,0.04438005908589107,0.7733999071293304,0.1822200337847785
25839,GOF,0.10003146609515726,0.6519637764026661,0.24800475750217651
25840,GOF,0.08060861929630897,0.76198852392636,0.15740285677733104
25841,GOF,0.10135052214107183,0.7303974167963524,0.16825206106257581
25842,GOF,0.0317974118748104,0.7730296838122078,0.19517290431298187
25843,GOF,0.03032183507908052,0.7652641873309186,0.204413977590001
25844,GOF,0.03804394203540972,0.7491155269053839,0.21284053105920647
25845,GOF,0.008668957023515705,0.5921369531085369,0.3991940898679473
25846,GOF,0.05958321697411183,0.7798932784405241,0.16052350458536402
25847,GOF,0.03224552487377821,0.7718324532337496,0.1959220218924722
25848,GOF,0.04670250555135089,0.7415267759771998,0.21177071847144918
25849,GOF,0.010232006787923166,0.6995119216853641,0.2902560715267126
25850,GOF,0.017146438588819507,0.6540166445776942,0.32883691683348637
25851,GOF,0.015865669703378774,0.6067867071224377,0.3773476231741836
25852,GOF,0.1706010932028713,0.4658882035745184,0.3635107032226103
25853,GOF,0.06020738573647576,0.6511128308288522,0.28867978343467215
25854,GOF,0.007311731858673294,0.7258077453290397,0.2668805228122869
25855,GOF,0.0383127174825321,0.7259504330030522,0.23573684951441587
25856,GOF,0.08875040781680538,0.6952267974437342,0.21602279473946048
25857,GOF,0.0426108433422153,0.7284382800065207,0.22895087665126387
25858,GOF,0.015035701392329718,0.5710980887264325,0.41386620988123773
25859,GOF,0.010111501380066442,0.5850778143384773,0.4048106842814562
25860,GOF,0.09929693642824075,0.6008687813050204,0.2998342822667389
25861,GOF,0.0708134476725034,0.5912392181754121,0.3379473341520844
25862,GOF,0.0369660856663354,0.8347811302593668,0.12825278407429766
25863,GOF,0.039483256017937625,0.8111293033094447,0.14938744067261764
25864,GOF,0.02595826069310307,0.8108230746328535,0.16321866467404345
25865,GOF,0.03977224756146462,0.8518337588724345,0.10839399356610072
25866,GOF,0.06197965740677926,0.8636807900954805,0.0743395524977404
25867,GOF,0.4398061244693121,0.5208053477848237,0.039388527745864176
25868,GOF,0.08672919311830779,0.6590052628075892,0.25426554407410296
25869,GOF,0.24214319033483622,0.6189797644426949,0.13887704522246877
25870,LOF,0.044454132147649136,0.09153092606347885,0.8640149417888721
25871,GOF,0.007506277820257654,0.6454587818795136,0.34703494030022886
25872,GOF,0.028986674139358654,0.6836215254397322,0.28739180042090906
25873,GOF,0.022021069215244812,0.7221390565302211,0.255839874254534
25874,LOF,0.08277865005616472,0.03810142381216485,0.8791199261316704
25875,GOF,0.014574374371866981,0.6219731269057784,0.3634524987223545
25876,LOF,0.029869803548179936,0.13966160387743717,0.830468592574383
25877,GOF,0.04049875936088207,0.7452917031149088,0.21420953752420901
25878,GOF,0.031615612014445106,0.8294794237187385,0.13890496426681623
25879,LOF,0.012173475310648352,0.4089855016520624,0.5788410230372893
25880,LOF,0.0874165554049072,0.07414265100173571,0.838440793593357
25881,Neutral,0.565638123665749,0.233937382085034,0.20042449424921696
25882,LOF,0.05415688758779116,0.24981509442050326,0.6960280179917055
25883,LOF,0.06678925028998631,0.17842540606588914,0.7547853436441245
25884,LOF,0.026234148455426976,0.28232194407100486,0.6914439074735681
25885,Neutral,0.4902202340225685,0.024098329158714207,0.4856814368187173
25886,Neutral,0.42348547479748966,0.2084062431076323,0.36810828209487806
25887,GOF,0.0605114048292969,0.70066210266407,0.23882649250663301
25888,GOF,0.013150189753788124,0.542532723324907,0.4443170869213049
25889,LOF,0.04222087486032358,0.2419642083391383,0.7158149168005381
25890,LOF,0.15410264708628885,0.3947204267685356,0.4511769261451755
25891,LOF,0.21138679476338493,0.19637405196755262,0.5922391532690625
25892,LOF,0.005017348366912205,0.30031277816331453,0.6946698734697733
25893,LOF,0.19508858457476266,0.10521133070201899,0.6997000847232183
25894,LOF,0.2382146172206193,0.03976169592158936,0.7220236868577914
25895,LOF,0.22193435573951445,0.058064864735232015,0.7200007795252535
25896,Neutral,0.6376986867921204,0.05718859725856703,0.3051127159493126
25897,LOF,0.07114404549348996,0.11533383630897116,0.8135221181975388
25898,GOF,0.03511539286227763,0.7186242707889832,0.2462603363487392
25899,LOF,0.2947255882335582,0.20097678612575737,0.5042976256406844
25900,Neutral,0.823068452286716,0.04485615966433669,0.1320753880489473
25901,LOF,0.08464935520156364,0.05968023968604728,0.855670405112389
25902,Neutral,0.8016296587004643,0.017620022074291277,0.1807503192252443
25903,LOF,0.16101202547647744,0.1744873638780937,0.664500610645429
25904,Neutral,0.42348547479748966,0.2084062431076323,0.36810828209487806
25905,LOF,0.009900266583883393,0.3607239964485731,0.6293757369675436
25906,LOF,0.009532144502900176,0.12001469539442522,0.8704531601026746
25907,LOF,0.00737187938758779,0.406544266675653,0.5860838539367591
25908,LOF,0.008465748635301194,0.4094350728400601,0.5820991785246388
25909,LOF,0.06507569707828834,0.4621989289008704,0.4727253740208412
25910,LOF,0.0138922165230055,0.21810586731828657,0.7680019161587079
25911,Neutral,0.6760135324643307,0.07715381555372211,0.246832651981947
25912,LOF,0.16758321331163345,0.09727833726629606,0.7351384494220705
25913,LOF,0.0076970291877072475,0.20184091168338908,0.7904620591289037
25914,LOF,0.0630717699464701,0.19609646051292123,0.7408317695406087
25915,GOF,0.05500091661989045,0.7620759980139625,0.18292308536614718
25916,LOF,0.011041296393134883,0.479516717648022,0.509441985958843
25917,Neutral,0.745361181086387,0.06091887846813905,0.19371994044547394
25918,LOF,0.07668345712495372,0.0701783340508683,0.8531382088241779
25919,LOF,0.07068889077794054,0.031608572917944854,0.8977025363041146
25920,LOF,0.15580165825430062,0.39701415915029087,0.44718418259540854
25921,LOF,0.022762688011355368,0.07867149826989954,0.898565813718745
25922,LOF,0.01622878548348381,0.08716033318808998,0.8966108813284261
25923,Neutral,0.42348547479748966,0.2084062431076323,0.36810828209487806
25924,LOF,0.03343679009323841,0.2663177568451617,0.7002454530615998
25925,Neutral,0.6413778535155001,0.06375909026132995,0.2948630562231698
25926,Neutral,0.6797610489508072,0.07329211159697516,0.24694683945221751
25927,LOF,0.008085679736595679,0.21971548072437827,0.7721988395390261
25928,LOF,0.011115470603388479,0.043456409731526334,0.9454281196650851
25929,Neutral,0.42348547479748966,0.2084062431076323,0.36810828209487806
25930,LOF,0.045653888971073836,0.22207923134847787,0.7322668796804483
25931,LOF,0.00936816265751618,0.09321980644710715,0.8974120308953766
25932,LOF,0.08445623056417728,0.06228777840545837,0.8532559910303643
25933,LOF,0.0787379991981961,0.0889631904535298,0.8322988103482741
25934,LOF,0.08498578894983053,0.06005692194845006,0.8549572891017194
25935,Neutral,0.6701612613735972,0.07614555097647782,0.253693187649925
25936,LOF,0.0877347053914072,0.046412590126878095,0.8658527044817148
25937,LOF,0.013553439628192237,0.15359835108969574,0.832848209282112
25938,Neutral,0.6830965554952444,0.05794565193416029,0.2589577925705953
25939,LOF,0.06512970825809873,0.06455411445014839,0.8703161772917529
25940,GOF,0.007522092113046075,0.6041169171625178,0.388360990724436
25941,Neutral,0.51377115113787,0.05458067540631673,0.4316481734558133
25942,LOF,0.01787138825129804,0.11971591651889718,0.8624126952298048
25943,LOF,0.029707419597948606,0.4087833613320598,0.5615092190699916
25944,LOF,0.03702828285014035,0.4268776682307248,0.5360940489191347
25945,LOF,0.04577531707395588,0.05662225998189833,0.8976024229441458
25946,LOF,0.08375141824232493,0.14106295357374135,0.7751856281839337
25947,Neutral,0.4978026720179327,0.046157235503450585,0.4560400924786167
25948,Neutral,0.7804718093686401,0.09378547328973369,0.12574271734162606
25949,Neutral,0.7321494221652072,0.052456580299893155,0.21539399753489955
25950,GOF,0.04079241096057676,0.8508112351540984,0.10839635388532483
25951,GOF,0.008198427117097236,0.7087302487234359,0.28307132415946684
25952,LOF,0.10100514124440911,0.40248837689416495,0.49650648186142593
25953,LOF,0.00799567187633467,0.491154505929337,0.5008498221943283
25954,GOF,0.025124088613286705,0.8040925082041083,0.17078340318260496
25955,GOF,0.006935290607306242,0.6050667487214176,0.387997960671276
25956,GOF,0.00943691446608814,0.5266519806698696,0.4639111048640421
25957,LOF,0.44155380634989394,0.0699400156295973,0.48850617802050866
25958,LOF,0.06452927762764486,0.11767164321265691,0.8177990791596983
25959,LOF,0.009168017307307551,0.45137592579641445,0.539456056896278
25960,LOF,0.009437203226497184,0.0675324012409242,0.9230303955325787
25961,LOF,0.061413878649771034,0.1964296960895187,0.7421564252607102
25962,Neutral,0.7684812926713073,0.020637264695830396,0.21088144263286238
25963,LOF,0.010715713058292683,0.13255138929870677,0.8567328976430005
25964,LOF,0.09825904173247631,0.1585902354500609,0.7431507228174627
25965,GOF,0.12569405310361675,0.4901266928711068,0.3841792540252766
25966,Neutral,0.42348547479748966,0.2084062431076323,0.36810828209487806
25967,LOF,0.012208075517783749,0.11016716067745858,0.8776247638047577
25968,LOF,0.076583372169096,0.3595115916650702,0.5639050361658338
25969,LOF,0.251903598428482,0.05534804145400429,0.6927483601175137
25970,LOF,0.018530716687464383,0.2915244588537759,0.6899448244587596
25971,LOF,0.11559129566768142,0.14641309856638227,0.7379956057659364
25972,LOF,0.09908724405661712,0.1491128539626839,0.7517999019806989
25973,Neutral,0.6520188571729318,0.012267975948863178,0.33571316687820496
25974,GOF,0.13310233994060433,0.5738169001383893,0.29308075992100635
25975,LOF,0.05479528524662993,0.03168799295788131,0.9135167217954887
25976,LOF,0.0933315248740231,0.025763166641599732,0.8809053084843773
25977,LOF,0.39909700125544767,0.13580922270600318,0.4650937760385492
25978,LOF,0.21064227492999293,0.1449583087704846,0.6443994162995225
25979,LOF,0.1535197376710531,0.15711638923741714,0.6893638730915298
25980,LOF,0.21215896351738325,0.35916644982629436,0.42867458665632235
25981,GOF,0.21852272345924087,0.4384875675716461,0.342989708969113
25982,LOF,0.21559791011368773,0.28724747720553995,0.4971546126807723
25983,LOF,0.16668941770551124,0.2706528247776771,0.5626577575168117
25984,LOF,0.04984446998771344,0.2610047981869606,0.6891507318253259
25985,Neutral,0.36533449483062874,0.33655742047464765,0.2981080846947237
25986,GOF,0.015322377074860503,0.6847150864498768,0.2999625364752627
25987,LOF,0.02389060823145222,0.24719162021247393,0.7289177715560737
25988,LOF,0.045781769003371366,0.33947451547865987,0.6147437155179688
25989,LOF,0.0651710837190406,0.3997568050016077,0.5350721112793517
25990,LOF,0.07157607537354344,0.4176082994592866,0.5108156251671699
25991,GOF,0.04960599060532069,0.7442462472064799,0.20614776218819952
25992,LOF,0.019807647761826242,0.370459109157271,0.6097332430809027
25993,LOF,0.06052574298926258,0.028268392513353068,0.9112058644973843
25994,LOF,0.08494130607763559,0.03155986573178347,0.8834988281905809
25995,LOF,0.055848646290718625,0.04110995277300518,0.9030414009362762
25996,GOF,0.15446330902511682,0.49775396775187464,0.3477827232230085
25997,GOF,0.05798034126951966,0.648421491187335,0.2935981675431453
25998,LOF,0.17767740236020335,0.20828871510635502,0.6140338825334416
25999,GOF,0.022676952744568678,0.536236119971892,0.44108692728353927
26000,LOF,0.26482686909306646,0.08457346446760385,0.6505996664393296
26001,LOF,0.10267863354879966,0.13747154058366887,0.7598498258675315
26002,Neutral,0.7142636398344817,0.018447729311496467,0.2672886308540218
26003,GOF,0.009402064003619771,0.7572034704723245,0.2333944655240558
26004,GOF,0.03044930047514515,0.7750348010186974,0.19451589850615744
26005,GOF,0.00535080757077869,0.6936300861137217,0.3010191063154996
26006,GOF,0.09704131238676807,0.7524933155521182,0.15046537206111382
26007,GOF,0.013088157396995967,0.7861802183108858,0.20073162429211835
26008,GOF,0.011271363160703143,0.7441640430070777,0.24456459383221923
26009,GOF,0.027195351381809223,0.8466942469190906,0.12611040169910015
26010,GOF,0.008359430675013527,0.8314643427368898,0.16017622658809658
26011,GOF,0.006210629204077481,0.5025873856197687,0.4912019851761539
26012,GOF,0.007797381746912418,0.8080215582500508,0.18418106000303686
26013,LOF,0.007315573219225316,0.4153309902104663,0.5773534365703084
26014,Neutral,0.7110937715815018,0.01646638137279672,0.2724398470457015
26015,Neutral,0.6724377313848762,0.08568744262911371,0.2418748259860101
26016,LOF,0.3305901337040759,0.11733107284464883,0.5520787934512753
26017,LOF,0.04134823601340243,0.36370422028332305,0.5949475437032745
26018,LOF,0.051318705561583,0.3374074800351446,0.6112738144032723
26019,LOF,0.054592474588059735,0.10323132255104554,0.8421762028608948
26020,LOF,0.006967885287823556,0.2868867944545983,0.7061453202575781
26021,LOF,0.0790921536422085,0.16819509594896012,0.7527127504088315
26022,LOF,0.052771440940358356,0.09131449993493847,0.8559140591247032
26023,LOF,0.043678157528077625,0.10352883286647468,0.8527930096054477
26024,LOF,0.05361829224029373,0.14857130990566075,0.7978103978540454
26025,LOF,0.05986686748969202,0.34903346258455925,0.5910996699257487
26026,LOF,0.12944010832584146,0.2839738415293485,0.58658605014481
26027,LOF,0.07723781286289944,0.09427148295871884,0.8284907041783818
26028,GOF,0.046253209080203014,0.48059243001579527,0.4731543609040018
26029,GOF,0.020273503158523956,0.7004238926524821,0.2793026041889939
26030,LOF,0.3426272458518767,0.07876750995070347,0.5786052441974199
26031,GOF,0.005835837046043286,0.6669551173598136,0.3272090455941431
26032,LOF,0.07205755175660568,0.13403216813347138,0.7939102801099228
26033,LOF,0.06942464647900584,0.14577725575967473,0.7847980977613194
26034,GOF,0.007597609116419345,0.5534394531476877,0.43896293773589296
26035,GOF,0.005269237627118125,0.5619605135127441,0.4327702488601378
26036,LOF,0.0054933945022298345,0.30976333636907977,0.6847432691286903
26037,LOF,0.005887980331807369,0.3762967426580475,0.6178152770101452
26038,LOF,0.06163127298089404,0.09601343847334551,0.8423552885457605
26039,GOF,0.02222364717536196,0.603492891725736,0.37428346109890215
26040,LOF,0.05481690122218015,0.11598703707967431,0.8291960616981454
26041,LOF,0.008439838761281189,0.36006450122661715,0.6314956600121016
26042,LOF,0.0078044091943462535,0.39922805224512464,0.592967538560529
26043,LOF,0.05038122684848843,0.2524762547961635,0.697142518355348
26044,LOF,0.008749612115188541,0.21531896902585887,0.7759314188589527
26045,GOF,0.03097811506281515,0.8300957435463239,0.13892614139086096
26046,LOF,0.040801930759381294,0.2811211794430105,0.678076889797608
26047,LOF,0.1063329362392618,0.1711118503291814,0.7225552134315568
26048,LOF,0.09276082752204495,0.11177020841568183,0.7954689640622732
26049,Neutral,0.612714383777685,0.14639438876864952,0.24089122745366554
26050,Neutral,0.6663407853039905,0.08824227284839435,0.24541694184761523
26051,LOF,0.012428334546441426,0.40696259924289213,0.5806090662106664
26052,LOF,0.013016333602344537,0.31235751357067126,0.6746261528269842
26053,LOF,0.02433366451101589,0.10093285181308047,0.8747334836759036
26054,Neutral,0.6830965554952444,0.05794565193416029,0.2589577925705953
26055,Neutral,0.6830965554952444,0.05794565193416029,0.2589577925705953
26056,Neutral,0.6830965554952444,0.05794565193416029,0.2589577925705953
26057,LOF,0.08332937942815033,0.04697161114066458,0.869699009431185
26058,LOF,0.08690320622224677,0.04160583706725287,0.8714909567105003
26059,Neutral,0.8350558559969123,0.06087950764965727,0.10406463635343038
26060,GOF,0.038433464113723406,0.5739445707869814,0.38762196509929525
26061,LOF,0.014784585981955959,0.03621790947496243,0.9489975045430816
26062,LOF,0.010777590577529004,0.08170807227042183,0.9075143371520491
26063,LOF,0.0685204376859805,0.029425768074130186,0.9020537942398892
26064,LOF,0.01284192947823354,0.051352853737567435,0.9358052167841989
26065,LOF,0.049710071652524106,0.04746626969229643,0.9028236586551794
26066,LOF,0.09119519735231699,0.04716629509322789,0.8616385075544551
26067,LOF,0.08434729932178525,0.09064335404356916,0.8250093466346455
26068,Neutral,0.6279191895416286,0.0913534034521236,0.28072740700624776
26069,Neutral,0.6163533989495814,0.08123523607501082,0.30241136497540777
26070,Neutral,0.6163533989495814,0.08123523607501082,0.30241136497540777
26071,LOF,0.06500209571130164,0.05306004142231847,0.8819378628663799
26072,LOF,0.01362761916583797,0.03931893218982386,0.9470534486443382
26073,LOF,0.07570249284933916,0.0602709076941904,0.8640265994564705
26074,Neutral,0.8263972546834705,0.05471799284989769,0.11888475246663195
26075,Neutral,0.6344019593519999,0.08016033709044215,0.2854377035575579
26076,LOF,0.07828234025462179,0.09589853179573245,0.8258191279496457
26077,LOF,0.284930732343252,0.05908418274494592,0.6559850849118021
26078,LOF,0.010834274385050824,0.044242841844163924,0.9449228837707853
26079,Neutral,0.6687149224257323,0.08498716643243848,0.24629791114182925
26080,Neutral,0.6687149224257323,0.08498716643243848,0.24629791114182925
26081,LOF,0.06069277357618622,0.05408211815904834,0.8852251082647654
26082,LOF,0.013703261294330612,0.13174595203081632,0.8545507866748531
26083,LOF,0.06171124778754952,0.1582600787344709,0.7800286734779797
26084,LOF,0.07348915547174839,0.11918801376127051,0.8073228307669812
26085,LOF,0.06343750216159046,0.15285141111520806,0.7837110867232014
26086,LOF,0.04924385929640724,0.11913821597313731,0.8316179247304555
26087,LOF,0.06270742782496193,0.16552153503095862,0.7717710371440795
26088,LOF,0.013127523250819822,0.1763614987407418,0.8105109780084383
26089,Neutral,0.668950284405148,0.08619309781467363,0.24485661778017836
26090,Neutral,0.668950284405148,0.08619309781467363,0.24485661778017836
26091,LOF,0.07032954911241897,0.06468185194430552,0.8649885989432756
26092,LOF,0.05509278550785333,0.06258167195915595,0.8823255425329907
26093,LOF,0.069846610840426,0.0500536335806121,0.8800997555789619
26094,LOF,0.07408758784852879,0.08201803749704613,0.8438943746544251
26095,LOF,0.016206712786473003,0.12362794030234038,0.8601653469111866
26096,LOF,0.3501590596212694,0.028495673754359113,0.6213452666243715
26097,LOF,0.012035381524883346,0.07851024958879693,0.9094543688863197
26098,Neutral,0.675552954010777,0.05749735119473917,0.26694969479448377
26099,LOF,0.04730702688586178,0.163407990676996,0.7892849824371422
26100,LOF,0.04730702688586178,0.163407990676996,0.7892849824371422
26101,LOF,0.05501329972111643,0.14320787886300995,0.8017788214158735
26102,LOF,0.06493282416385904,0.07511814615246881,0.8599490296836723
26103,Neutral,0.42348547479748966,0.2084062431076323,0.36810828209487806
26104,Neutral,0.712115503729995,0.09251446398276857,0.19537003228723634
26105,LOF,0.23255616575203622,0.09704892492088414,0.6703949093270797
26106,LOF,0.25665092469812484,0.21119738219720308,0.532151693104672
26107,LOF,0.00857881006864845,0.3633189895788402,0.6281022003525113
26108,LOF,0.19392995626422824,0.2307125901332182,0.5753574536025536
26109,LOF,0.04978118789436804,0.2679614987284721,0.6822573133771599
26110,Neutral,0.711521054320761,0.0247560892062329,0.26372285647300603
26111,LOF,0.028956565139771094,0.2067756800592682,0.7642677548009607
26112,LOF,0.09615744521828878,0.03748537384912474,0.8663571809325864
26113,LOF,0.06279987805490762,0.06329247201029682,0.8739076499347955
26114,LOF,0.1317787627212629,0.15699826388724658,0.7112229733914907
26115,GOF,0.012124083859846485,0.639836663419631,0.3480392527205225
26116,LOF,0.11410611552922821,0.29507244905934843,0.5908214354114234
26117,Neutral,0.42348547479748966,0.2084062431076323,0.36810828209487806
26118,LOF,0.05932434190225863,0.07027083960576254,0.8704048184919788
26119,LOF,0.005899827374199527,0.15703451539090246,0.8370656572348979
26120,LOF,0.06929171477097357,0.054059069877817,0.8766492153512093
