feature0,prediction,LoGoFunc_Neutral,LoGoFunc_GOF,LoGoFunc_LOF
25546,Neutral,0.7228113522188672,0.031167883188808112,0.24602076459232478
25547,Neutral,0.58247506801658,0.06192382365023511,0.355601108333185
25548,Neutral,0.5920211976211727,0.04423082686351407,0.36374797551531335
25549,Neutral,0.5125994928547251,0.044528002711812814,0.44287250443346216
25550,LOF,0.368527959421109,0.08433771991343492,0.5471343206654561
25551,LOF,0.31727950431598306,0.09677193898965492,0.5859485566943621
25552,LOF,0.2364962417859727,0.09126080027928934,0.672242957934738
25553,Neutral,0.8398987850424662,0.025033715126085553,0.1350674998314482
25554,LOF,0.26423576313266245,0.08828042585868161,0.6474838110086559
25555,LOF,0.22256658250613115,0.07600067749226878,0.7014327400016
25556,LOF,0.4258661767060131,0.08056283741617674,0.4935709858778101
25557,LOF,0.2135247826723383,0.08042987316886765,0.706045344158794
25558,LOF,0.25182312284203595,0.087846016121051,0.6603308610369131
25559,LOF,0.37070870302613096,0.16601983882047927,0.4632714581533898
25560,LOF,0.05408065011740267,0.13231086464596203,0.8136084852366352
25561,LOF,0.12132396205988381,0.13012379609412977,0.7485522418459863
25562,LOF,0.13090041325529625,0.04688707223978492,0.8222125145049187
25563,LOF,0.10067042918354151,0.06531702575797148,0.8340125450584871
25564,LOF,0.21254084282578845,0.11199979306841304,0.6754593641057985
25565,LOF,0.1485350496712006,0.09670554065801056,0.7547594096707889
25566,GOF,0.016918762276609423,0.7565425245376918,0.2265387131856989
25567,LOF,0.01458990297658842,0.16948370630418663,0.8159263907192249
25568,LOF,0.05072235259359575,0.0616411594335641,0.8876364879728401
25569,LOF,0.05882455062109421,0.05793700476172123,0.8832384446171845
25570,LOF,0.059995546831955175,0.09515844395527105,0.8448460092127738
25571,LOF,0.05570763117816092,0.08851942563038331,0.8557729431914558
25572,LOF,0.06399709164587614,0.12010272605267068,0.8159001823014531
25573,LOF,0.034339104930069884,0.09436301703392147,0.8712978780360087
25574,LOF,0.019076278579736625,0.14433563304540178,0.8365880883748616
25575,LOF,0.04279460519670532,0.10170119833966682,0.8555041964636279
25576,LOF,0.017179382105687466,0.11885329890496621,0.8639673189893463
25577,LOF,0.014995606873143842,0.11825251684320191,0.8667518762836544
25578,LOF,0.24432954610451926,0.07808850384389579,0.6775819500515848
25579,LOF,0.24468120784159283,0.07710694250153127,0.6782118496568759
25580,LOF,0.030479032762769403,0.0728229147440842,0.8966980524931465
25581,LOF,0.05230970883386867,0.06022416694990402,0.8874661242162273
25582,LOF,0.05243249654031055,0.05837891920078037,0.889188584258909
25583,LOF,0.04154082240355359,0.08459369542194378,0.8738654821745027
25584,Neutral,0.4637546304731227,0.10144341666851266,0.43480195285836454
25585,LOF,0.03015846976707911,0.11728494762889438,0.8525565826040264
25586,LOF,0.02935933199325864,0.0676529288034649,0.9029877392032766
25587,LOF,0.028417432062106233,0.0655347567108203,0.9060478112270736
25588,LOF,0.030272425864187456,0.0794637744584619,0.8902637996773506
25589,Neutral,0.593191634727652,0.12566316685050816,0.2811451984218399
25590,LOF,0.030601219158364938,0.12158062131969676,0.8478181595219383
25591,LOF,0.10900498919300054,0.052458589359984875,0.8385364214470146
25592,LOF,0.08785768887370804,0.11776322839155995,0.794379082734732
25593,LOF,0.02625270491182092,0.23907982565413569,0.7346674694340434
25594,LOF,0.04171640145171572,0.23518948370646592,0.7230941148418184
25595,LOF,0.046878353332804865,0.16615220209116727,0.7869694445760278
25596,LOF,0.044389555246990696,0.11251923727535505,0.8430912074776542
25597,LOF,0.040976392486348476,0.12388502396531796,0.8351385835483336
25598,LOF,0.04611737640237733,0.15942723066629652,0.794455392931326
25599,GOF,0.007621566017275516,0.6940993889389436,0.2982790450437807
25600,GOF,0.019318515675543484,0.6162651377989183,0.3644163465255382
25601,LOF,0.0058418950200657144,0.43648846976139344,0.5576696352185408
25602,LOF,0.028258848257154953,0.04525385674149769,0.9264872950013473
25603,LOF,0.05288825852185383,0.030198872598580312,0.9169128688795658
25604,LOF,0.044134925250609414,0.03680064825520618,0.9190644264941844
25605,LOF,0.015161093583764924,0.19208846993311152,0.7927504364831236
25606,LOF,0.10809074536928855,0.42927886750124156,0.46263038712946986
25607,LOF,0.0060414680500351856,0.19024352424217592,0.8037150077077888
25608,LOF,0.03271570822744221,0.049677048533492,0.9176072432390657
25609,LOF,0.03696728130842064,0.4539691891040619,0.5090635295875174
25610,LOF,0.03847224815802565,0.02675989607636825,0.9347678557656061
25611,LOF,0.0393759190117694,0.026234284085858563,0.9343897969023721
25612,LOF,0.08817474914215674,0.04097070235795054,0.8708545484998927
25613,LOF,0.07568573890030883,0.04168205093988243,0.8826322101598089
25614,LOF,0.028946293691798658,0.03633179051290326,0.9347219157952981
25615,LOF,0.03734141428305363,0.042675101364170534,0.9199834843527759
25616,LOF,0.02995394482433102,0.03402144339034941,0.9360246117853196
25617,LOF,0.028764676988956097,0.035261222969420684,0.9359741000416232
25618,LOF,0.15889065052714968,0.03153199509224691,0.8095773543806034
25619,LOF,0.028235659324470374,0.03244232010235405,0.9393220205731756
25620,LOF,0.03288297076659996,0.04247526854395037,0.9246417606894497
25621,LOF,0.02723949848225724,0.03193508484805443,0.9408254166696882
25622,LOF,0.029692133552989174,0.03936773861540737,0.9309401278316035
25623,LOF,0.055142478271435647,0.037206880164845454,0.9076506415637189
25624,LOF,0.02695532250812419,0.03869325147506817,0.9343514260168077
25625,LOF,0.030031325315322627,0.044976315787418654,0.9249923588972587
25626,LOF,0.07466104724627984,0.03571864226736692,0.8896203104863533
25627,Neutral,0.5301725183043493,0.13550510565835258,0.3343223760372981
25628,LOF,0.20792118319486047,0.05908483331856037,0.7329939834865792
25629,LOF,0.06489034023928843,0.07021269541518681,0.8648969643455249
25630,LOF,0.15929846485193525,0.09308923782643815,0.7476122973216266
25631,Neutral,0.5601088616606126,0.07703069942360924,0.3628604389157781
25632,LOF,0.01893592964589336,0.08659257165945372,0.8944714986946528
25633,LOF,0.21658566056642223,0.06362250411030115,0.7197918353232766
25634,LOF,0.03561523602979538,0.09808508956112716,0.8662996744090775
25635,LOF,0.036588561984469685,0.06712458631632617,0.8962868516992041
25636,GOF,0.004763420342141027,0.6862005789070557,0.3090360007508033
25637,GOF,0.006010334417076405,0.6882200825614823,0.3057695830214412
25638,LOF,0.008705484194871493,0.42471753867733947,0.5665769771277891
25639,GOF,0.00430608141988059,0.5409157322744916,0.45477818630562783
25640,GOF,0.4618467705184096,0.46714435187280173,0.07100887760878857
25641,LOF,0.00998947408550978,0.34892472478403597,0.6410858011304542
25642,LOF,0.320329179159369,0.061030036960141774,0.6186407838804893
25643,LOF,0.2720339492330815,0.1480365844901387,0.5799294662767798
25644,GOF,0.013541753515727967,0.5368802017550188,0.44957804472925317
25645,GOF,0.013614053177423407,0.49552737764566446,0.4908585691769121
25646,LOF,0.019100927148033384,0.34391619717033806,0.6369828756816285
25647,LOF,0.01661364987441657,0.2813608893855214,0.702025460740062
25648,LOF,0.01414416288835606,0.306029423414574,0.67982641369707
25649,LOF,0.010324765265716256,0.22923935451143732,0.7604358802228464
25650,LOF,0.030595784949878684,0.48468006326609314,0.48472415178402817
25651,LOF,0.009703766332683241,0.28504953484338313,0.7052466988239338
25652,LOF,0.01752261497548962,0.25909840009570684,0.7233789849288035
25653,LOF,0.06137987266640514,0.37926666831094175,0.5593534590226532
25654,LOF,0.016212833089618923,0.1520198435053844,0.8317673234049967
25655,LOF,0.09690416555908521,0.43810136948104106,0.46499446495987373
25656,LOF,0.08064073561273,0.06982209133872144,0.8495371730485486
25657,LOF,0.27993213293645625,0.03501002100333031,0.6850578460602136
25658,LOF,0.046700107108343936,0.08958923312878413,0.8637106597628719
25659,LOF,0.2874055682140443,0.06975390327203489,0.6428405285139208
25660,LOF,0.0747711851421015,0.0985567237910556,0.8266720910668428
25661,LOF,0.05178347285940842,0.07224559112973593,0.8759709360108557
25662,LOF,0.030767779240587646,0.041714864458053225,0.9275173563013591
25663,LOF,0.0397212520343154,0.06544509727410872,0.8948336506915759
25664,LOF,0.03720933041125769,0.08989542287392034,0.8728952467148221
25665,LOF,0.059543258064738924,0.04381917719755713,0.8966375647377041
25666,LOF,0.034779484286146016,0.1410494998273385,0.8241710158865154
25667,LOF,0.0312854034139027,0.05420997479944737,0.9145046217866499
25668,LOF,0.03569856501783906,0.0576962853126465,0.9066051496695144
25669,LOF,0.04463667404222234,0.08793553695411778,0.8674277890036598
25670,LOF,0.0941363322957824,0.09148763474530087,0.8143760329589168
25671,LOF,0.04189346807566724,0.04499627131366456,0.9131102606106682
25672,LOF,0.05706531038413301,0.05891991428043198,0.884014775335435
25673,LOF,0.03489201831634515,0.06894828569912716,0.8961596959845278
25674,LOF,0.02782338018173313,0.07612157340726082,0.896055046411006
25675,LOF,0.04015159396138706,0.05139651388704227,0.9084518921515707
25676,LOF,0.03268711093174888,0.05474520646355769,0.9125676826046935
25677,LOF,0.06184118346775677,0.06482886674028703,0.8733299497919562
25678,LOF,0.2795043613171554,0.0397871577330209,0.6807084809498236
25679,LOF,0.17902949789054892,0.08617827465937289,0.7347922274500782
25680,LOF,0.06587365419218169,0.09678052152046386,0.8373458242873546
25681,LOF,0.11392895195021675,0.08776002535398696,0.7983110226957962
25682,LOF,0.04625616812594331,0.07567827697448656,0.87806555489957
25683,LOF,0.0905334877942938,0.08983038936565053,0.8196361228400556
25684,LOF,0.054090622756929614,0.08027632409693433,0.865633053146136
25685,LOF,0.09023714335036213,0.046842412365633496,0.8629204442840043
25686,LOF,0.028315608702167167,0.09504482308863883,0.8766395682091941
25687,LOF,0.050248723162757546,0.08373825380625657,0.8660130230309859
25688,LOF,0.024007411151938957,0.09234447030502717,0.8836481185430338
25689,LOF,0.01804412886094948,0.0811034924816938,0.9008523786573567
25690,LOF,0.01892517995188846,0.08212385454832306,0.8989509654997885
25691,LOF,0.1804007711585169,0.12189414771658046,0.6977050811249027
25692,LOF,0.2676108925981236,0.01430042244462514,0.7180886849572513
25693,LOF,0.04865367732463357,0.13786384671277688,0.8134824759625896
25694,LOF,0.22801312575676308,0.012967297021287046,0.7590195772219499
25695,LOF,0.14118708140002814,0.018199524790091074,0.8406133938098809
25696,LOF,0.1670918748429621,0.010051600110751818,0.822856525046286
25697,LOF,0.13816680518285268,0.027630264611943206,0.8342029302052041
25698,LOF,0.023856074049404374,0.3674382960619357,0.6087056298886601
25699,LOF,0.049701794652679376,0.05787678676014326,0.8924214185871774
25700,LOF,0.029999902363945338,0.009420776406545293,0.9605793212295094
25701,LOF,0.012042552991746681,0.07283774891419902,0.9151196980940542
25702,GOF,0.03073019314671398,0.7285864730250192,0.24068333382826693
25703,LOF,0.017428976897817913,0.18268957967876773,0.7998814434234144
25704,LOF,0.08318467984067261,0.15370989763188267,0.7631054225274447
25705,LOF,0.06948912743376001,0.22173064593854674,0.7087802266276932
25706,GOF,0.04590325341086839,0.6167351869202027,0.337361559668929
25707,GOF,0.02583470166570199,0.5447311860772145,0.4294341122570836
25708,LOF,0.006199677753202334,0.4739465166043803,0.5198538056424173
25709,LOF,0.017433840846620523,0.0670676804376259,0.9154984787157535
25710,LOF,0.008634411596575513,0.15983571405697422,0.8315298743464503
25711,LOF,0.019990428656414372,0.11668120284103972,0.8633283685025458
25712,LOF,0.008881854999767515,0.215353312743309,0.7757648322569236
25713,LOF,0.0184251145504465,0.10573712653979794,0.8758377589097555
25714,LOF,0.020545311784918623,0.13067620129563537,0.848778486919446
25715,LOF,0.01995935133354412,0.12007969048471522,0.8599609581817408
25716,LOF,0.010595626726840383,0.14167404214914167,0.847730331124018
25717,LOF,0.005582763262677714,0.1370030229896246,0.8574142137476977
25718,LOF,0.019886838692575882,0.08175865070369195,0.8983545106037321
25719,LOF,0.03439183888068363,0.09003122114528901,0.8755769399740273
25720,LOF,0.02626111643231035,0.0861488160935618,0.8875900674741278
25721,LOF,0.02345048611680424,0.09147391528703341,0.8850755985961624
25722,LOF,0.016467106871826676,0.12093141686786195,0.8626014762603113
25723,LOF,0.021230316302347636,0.07305822429457998,0.9057114594030724
25724,LOF,0.02660986932548266,0.11624874841439244,0.8571413822601248
25725,LOF,0.019733931174700525,0.06876891041592115,0.9114971584093784
25726,LOF,0.015474459730571226,0.0971672045543185,0.8873583357151102
25727,LOF,0.020191315665417788,0.08976006024803947,0.8900486240865427
25728,LOF,0.020030708293956742,0.09744236754780293,0.8825269241582404
25729,LOF,0.019227628275055735,0.10091302883816312,0.8798593428867812
25730,LOF,0.02219994459169782,0.08073993908974686,0.8970601163185554
25731,LOF,0.009313542858903557,0.18656615194957218,0.8041203051915243
25732,LOF,0.01871007311278184,0.08524131370083728,0.896048613186381
25733,LOF,0.029069807284249453,0.08078384003214147,0.8901463526836091
25734,LOF,0.006106713527318136,0.223583634152826,0.7703096523198558
25735,LOF,0.0218698171602481,0.07339419645780766,0.9047359863819441
25736,LOF,0.020556798958980556,0.11550522244612497,0.8639379785948945
25737,LOF,0.03911453414856633,0.10389455319801019,0.8569909126534234
25738,LOF,0.020911377388555995,0.1374830641987546,0.8416055584126895
25739,LOF,0.02280500332358505,0.13268434298581766,0.8445106536905973
25740,LOF,0.04752869496485188,0.14041600239227875,0.8120553026428694
25741,LOF,0.027343332383175285,0.11375508491114568,0.8589015827056792
25742,LOF,0.04447405320795114,0.12641428078647002,0.8291116660055788
25743,LOF,0.012218587225931832,0.03749791119533607,0.9502835015787322
25744,GOF,0.1869347504422486,0.4221073891733665,0.39095786038438496
25745,LOF,0.027637858259870855,0.06489610077567114,0.9074660409644579
25746,LOF,0.012743211210416055,0.08309897329096874,0.9041578154986152
25747,LOF,0.028358348218566247,0.03452510179629917,0.9371165499851345
25748,LOF,0.26764527706046565,0.05892462123077882,0.6734301017087555
25749,LOF,0.014059376927093943,0.05200723251792639,0.9339333905549797
25750,LOF,0.0160937702520938,0.07592505458298825,0.9079811751649179
25751,LOF,0.036240197557918075,0.06669465525817726,0.8970651471839047
25752,GOF,0.08876936793797105,0.7049297265018957,0.20630090556013334
25753,LOF,0.007457732007337032,0.3794314474737725,0.6131108205188904
25754,GOF,0.006625596170007426,0.8682952538516648,0.12507914997832767
25755,LOF,0.008338942414343626,0.46495311381578297,0.5267079437698734
25756,LOF,0.047751892988260804,0.45298231860460436,0.4992657884071349
25757,GOF,0.007419676527826895,0.8754882058266215,0.11709211764555165
25758,GOF,0.008884283475632042,0.8786447481103522,0.11247096841401565
25759,GOF,0.005504932855868197,0.6015022815817841,0.3929927855623477
25760,LOF,0.0066418022189464335,0.319250879043347,0.6741073187377067
25761,GOF,0.06167445980410999,0.8558289154114984,0.08249662478439142
25762,LOF,0.028196512980917514,0.38277230274440316,0.5890311842746793
25763,LOF,0.007546662453969944,0.2741910740651844,0.7182622634808457
25764,GOF,0.0694089702860432,0.6595196458562139,0.27107138385774293
25765,GOF,0.007826985776624877,0.8586588218664715,0.1335141923569037
25766,GOF,0.039827285114335684,0.8323727541464265,0.1277999607392377
25767,GOF,0.009325104428647259,0.5398514557866043,0.45082343978474854
25768,LOF,0.037999925740792424,0.07564444030744506,0.8863556339517624
25769,LOF,0.023491715715162335,0.08453337122146197,0.8919749130633757
25770,LOF,0.1597301613182455,0.06789995119994212,0.7723698874818125
25771,LOF,0.012565364871550817,0.0812321853957956,0.9062024497326536
25772,LOF,0.022268982783247817,0.033369087163619505,0.9443619300531326
25773,LOF,0.016805877491736395,0.08647400934182008,0.8967201131664435
25774,LOF,0.028443821190656332,0.09766785675130189,0.8738883220580418
25775,LOF,0.018839439360774885,0.04606264201751576,0.9350979186217094
25776,LOF,0.025168754746565738,0.029405656978978702,0.9454255882744557
25777,LOF,0.26025858781370165,0.07581396775730632,0.6639274444289921
25778,LOF,0.01785706238363156,0.060888103959235704,0.9212548336571327
25779,GOF,0.02840676959853397,0.899597322139312,0.07199590826215406
25780,GOF,0.06766281081840982,0.8841393376839795,0.048197851497610696
25781,GOF,0.02946863429238927,0.8858216723857173,0.08470969332189321
25782,GOF,0.024074414028494355,0.909090827464898,0.06683475850660754
25783,GOF,0.01886778861982205,0.8119030186857319,0.1692291926944461
25784,GOF,0.08107218690412445,0.8826721170008006,0.03625569609507496
25785,GOF,0.05398261994628813,0.9039638217177411,0.04205355833597091
25786,GOF,0.00709045308783163,0.8607557287453313,0.13215381816683705
25787,GOF,0.14864451511871585,0.8137353279488014,0.037620156932482746
25788,LOF,0.016028709179023305,0.20691391781313215,0.7770573730078446
25789,GOF,0.014243391474361168,0.8720510348063862,0.11370557371925268
25790,GOF,0.014810634961892047,0.883589338421824,0.10160002661628399
25791,GOF,0.014911379533184237,0.8237014874198727,0.16138713304694313
25792,GOF,0.018282370330527285,0.8380531804147049,0.14366444925476787
25793,GOF,0.04710587606279627,0.8387838771740485,0.11411024676315515
25794,GOF,0.04463146471416217,0.7582777554461105,0.1970907798397272
25795,GOF,0.04956223236187016,0.7753072502837957,0.17513051735433413
25796,GOF,0.07326156932627449,0.8367146085713761,0.09002382210234929
25797,GOF,0.04516384432037938,0.732143509797647,0.22269264588197363
25798,GOF,0.0031424893055517758,0.6834470652034966,0.3134104454909517
25799,GOF,0.002793878837633659,0.5778353115359166,0.4193708096264496
25800,GOF,0.016215022225015755,0.7790329037816799,0.20475207399330445
25801,GOF,0.013088158621546837,0.8806026532760726,0.10630918810238055
25802,GOF,0.01881514322966932,0.8344704474020295,0.14671440936830107
25803,GOF,0.012902259538505654,0.7373455102230428,0.24975223023845156
25804,GOF,0.014755439756528347,0.6624383280491601,0.3228062321943114
25805,GOF,0.021690068552482837,0.7431116297510768,0.23519830169644043
25806,GOF,0.018352576823271783,0.8032889784265416,0.17835844475018675
25807,GOF,0.005975832547415729,0.774697800980319,0.21932636647226528
25808,GOF,0.013824747213161457,0.7840841064041829,0.20209114638265574
25809,GOF,0.007083341008265111,0.77179936585638,0.22111729313535486
25810,GOF,0.005898636368717204,0.7617496685676699,0.23235169506361283
25811,GOF,0.03395205290970076,0.88182858679406,0.0842193602962393
25812,GOF,0.016384285845456828,0.756311263672051,0.22730445048249212
25813,GOF,0.09290597099389736,0.8101063589638751,0.0969876700422275
25814,GOF,0.019755490960524594,0.792709695163755,0.1875348138757205
25815,GOF,0.03225250713918004,0.8370300868749619,0.13071740598585796
25816,GOF,0.007349034731271115,0.8667412654730389,0.12590969979569008
25817,GOF,0.09337042803334211,0.8112022916514878,0.09542728031517003
25818,GOF,0.01852628375704507,0.8196419626697746,0.16183175357318022
25819,GOF,0.05113255713195443,0.7732372847496232,0.17563015811842228
25820,GOF,0.02392151027621321,0.7733103660128613,0.20276812371092556
25821,GOF,0.0161785629868928,0.7727366674440561,0.211084769569051
25822,GOF,0.029081305119470328,0.7853856596332438,0.18553303524728593
25823,GOF,0.016473783852125976,0.6754138599566535,0.3081123561912205
25824,GOF,0.015660114749809113,0.7674841381973074,0.21685574705288338
25825,GOF,0.012980785774775521,0.7640447941050496,0.22297442012017493
25826,GOF,0.005478304089933844,0.7404776988352074,0.2540439970748586
25827,GOF,0.009802191802617473,0.7206664465740619,0.2695313616233208
25828,GOF,0.007576468864791159,0.6909395272052354,0.30148400392997343
25829,GOF,0.003159770830572878,0.7185168987346745,0.2783233304347528
25830,GOF,0.033104853743824124,0.5451143499231368,0.42178079633303905
25831,GOF,0.06343898519939901,0.8191676791402902,0.11739333566031086
25832,GOF,0.008480522311422834,0.8124413108612513,0.17907816682732594
25833,GOF,0.03209204522731083,0.8491780729805346,0.11872988179215473
25834,GOF,0.00804095718947711,0.8220627840758621,0.1698962587346609
25835,GOF,0.020248955127552946,0.8656445523716687,0.1141064925007783
25836,GOF,0.006089245764394846,0.8186994038041254,0.17521135043147973
25837,GOF,0.006129142270424684,0.7391210733869776,0.25474978434259776
25838,GOF,0.018202614633870597,0.8667665561417316,0.11503082922439774
25839,GOF,0.043952548206918185,0.8441381221786403,0.11190932961444143
25840,GOF,0.08186964662553117,0.8146825352986955,0.10344781807577337
25841,GOF,0.07671142232140564,0.829162233571483,0.09412634410711145
25842,GOF,0.01965029315007557,0.8953052093306451,0.08504449751927942
25843,GOF,0.02106510200743241,0.8958570701179918,0.08307782787457575
25844,GOF,0.012774899285039372,0.8368158550514018,0.15040924566355887
25845,GOF,0.004145017943507182,0.6596580340181308,0.336196948038362
25846,GOF,0.0582202660907863,0.8481233011570842,0.0936564327521296
25847,GOF,0.013779711483237818,0.9097027474362389,0.07651754108052328
25848,GOF,0.014986194227252066,0.859949979122632,0.1250638266501159
25849,GOF,0.005329421466270926,0.7791765144621884,0.21549406407154076
25850,GOF,0.005139788358774132,0.7682966176722942,0.22656359396893158
25851,GOF,0.004538465917272535,0.6629147607864959,0.3325467732962315
25852,GOF,0.13593932922843144,0.5910081298087456,0.273052540962823
25853,GOF,0.06618355635873016,0.8351895361126292,0.09862690752864053
25854,GOF,0.0040944666358217014,0.713664617770591,0.2822409155935872
25855,GOF,0.015659684145625234,0.6472723630011172,0.3370679528532575
25856,GOF,0.030238760087136583,0.777394090904411,0.19236714900845234
25857,GOF,0.016619915101605997,0.6390916245179051,0.3442884603804888
25858,GOF,0.0060248953411721805,0.6646970250065848,0.32927807965224304
25859,GOF,0.0049258801114106625,0.6593834826877972,0.3356906372007923
25860,GOF,0.0663925015245488,0.8226263998105782,0.11098109866487293
25861,GOF,0.08546999340306849,0.820417696593332,0.09411231000359951
25862,GOF,0.015852715006707208,0.8811806182713334,0.10296666672195941
25863,GOF,0.016195813283387622,0.8802132953500875,0.10359089136652494
25864,GOF,0.04845042376137989,0.884083626610099,0.0674659496285211
25865,GOF,0.03656610617615742,0.8586525393858073,0.10478135443803528
25866,GOF,0.019379739212038977,0.8822099279303233,0.09841033285763781
25867,GOF,0.0319560598615216,0.887763749190088,0.08028019094839017
25868,GOF,0.04572594933736911,0.8484250024955444,0.10584904816708651
25869,GOF,0.3238977867802955,0.5946723650105815,0.08142984820912293
25870,GOF,0.05791702958759131,0.6985584745873002,0.24352449582510843
25871,GOF,0.009379465016935182,0.8929912029712432,0.09762933201182152
25872,GOF,0.017017587821470483,0.8792226167701499,0.10375979540837953
25873,GOF,0.01723300234926393,0.8988044333346169,0.08396256431611926
25874,LOF,0.01575208249557268,0.2369238827651273,0.7473240347393
25875,LOF,0.04479465483488517,0.05066555890429615,0.9045397862608185
25876,LOF,0.017030438584349675,0.036969569081057536,0.9459999923345929
25877,LOF,0.11834280204923157,0.09054327614994158,0.7911139218008268
25878,LOF,0.07858405551550005,0.1281450594425187,0.7932708850419812
25879,LOF,0.023074661311146296,0.08994082492846114,0.8869845137603927
25880,LOF,0.059178406065451536,0.013431455666936988,0.9273901382676114
25881,Neutral,0.5152283260609664,0.07132770866876394,0.41344396527026983
25882,LOF,0.06324375134781125,0.02918625754994968,0.9075699911022391
25883,LOF,0.028661591973482173,0.029296908316060542,0.9420414997104573
25884,LOF,0.02081367462090601,0.054575720797300456,0.9246106045817937
25885,LOF,0.19581016270556043,0.01552036501273642,0.7886694722817033
25886,LOF,0.26719064855926966,0.056678590495900495,0.6761307609448298
25887,LOF,0.16670464824904443,0.07534862661605266,0.7579467251349029
25888,LOF,0.010178056458611692,0.14243346478209504,0.8473884787592934
25889,LOF,0.025663142419692885,0.04051785653846878,0.9338190010418382
25890,LOF,0.17079238201491642,0.09405067674083888,0.7351569412442447
25891,LOF,0.11662863611345145,0.02578380141871313,0.8575875624678354
25892,LOF,0.0089650229593446,0.032784476318785755,0.9582505007218696
25893,LOF,0.3489085008277639,0.0101289129896637,0.6409625861825724
25894,LOF,0.41171286529178214,0.006230669745767208,0.5820564649624507
25895,LOF,0.3704109141490968,0.012742399052264751,0.6168466867986384
25896,LOF,0.06584531413203454,0.02027862800231056,0.913876057865655
25897,LOF,0.1727780028309384,0.009231956827258388,0.8179900403418032
25898,LOF,0.1453346846988452,0.03345108379979707,0.8212142315013579
25899,LOF,0.4360486914501761,0.02076239287675363,0.5431889156730703
25900,Neutral,0.49972954956561816,0.007369128832901074,0.49290132160148087
25901,LOF,0.06427257446842052,0.009015461888205675,0.9267119636433737
25902,LOF,0.18300608601534776,0.009608176171160217,0.807385737813492
25903,LOF,0.3958188870996588,0.023617418207133544,0.5805636946932077
25904,Neutral,0.521950021009411,0.029657971008866853,0.44839200798172213
25905,GOF,0.00611704445073512,0.4975324760288903,0.49635047952037464
25906,LOF,0.008047176711882924,0.11796787416283204,0.8739849491252849
25907,LOF,0.004997205282943621,0.3544512227613677,0.6405515719556887
25908,LOF,0.004849541843141928,0.26851205497644887,0.7266384031804093
25909,LOF,0.027019183684148372,0.1586282050131113,0.8143526113027404
25910,LOF,0.01267971858597818,0.13972974173078906,0.8475905396832327
25911,LOF,0.2499420767512842,0.05262661995593956,0.6974313032927763
25912,LOF,0.09619123816218617,0.050162624330140994,0.8536461375076728
25913,LOF,0.021627800169409444,0.07759440554350604,0.9007777942870846
25914,LOF,0.03704771613549787,0.04122129192523596,0.9217309919392662
25915,LOF,0.20056560379083208,0.16734872728587552,0.6320856689232924
25916,LOF,0.02956962833700884,0.11691111010702405,0.8535192615559671
25917,LOF,0.07303826669016114,0.03385165960621132,0.8931100737036276
25918,LOF,0.04303324361845309,0.02453470751588992,0.932432048865657
25919,LOF,0.036894669761094304,0.025038601815368326,0.9380667284235373
25920,LOF,0.36248801370340494,0.1924407753083948,0.4450712109882002
25921,LOF,0.015745048460938427,0.03571434725226798,0.9485406042867935
25922,LOF,0.01916441705834027,0.03735412306064159,0.9434814598810181
25923,LOF,0.4407516956574395,0.03285980724795234,0.5263884970946082
25924,LOF,0.021792636813234526,0.057156461922993944,0.9210509012637716
25925,LOF,0.08380124703282309,0.04603442200944933,0.8701643309577276
25926,LOF,0.06912028900573479,0.0423855250706815,0.8884941859235836
25927,LOF,0.02322303637039361,0.06472706083075484,0.9120499027988515
25928,LOF,0.009814971627932196,0.055041838941382815,0.9351431894306851
25929,Neutral,0.5583460629208217,0.0318342065310115,0.40981973054816667
25930,LOF,0.07947761323905056,0.03364201092844325,0.8868803758325061
25931,LOF,0.014417915154517607,0.038171280990425265,0.947410803855057
25932,LOF,0.060767757235799705,0.033568506661759916,0.9056637361024403
25933,LOF,0.06076329430679115,0.020058094655991204,0.9191786110372178
25934,LOF,0.05552638884353484,0.018889013578878032,0.9255845975775872
25935,LOF,0.07857321277612757,0.056387067085237386,0.8650397201386351
25936,LOF,0.09547641238085228,0.020400294948309396,0.8841232926708383
25937,LOF,0.015886659462985977,0.05218093312689258,0.9319324074101215
25938,LOF,0.07770784409358984,0.049843392845307415,0.8724487630611027
25939,LOF,0.045395839003802715,0.02631069915181332,0.9282934618443839
25940,LOF,0.009028792935207771,0.37181853225856837,0.6191526748062238
25941,Neutral,0.5338561568223942,0.05751474449569786,0.40862909868190794
25942,LOF,0.010495616623062334,0.06346117380228174,0.9260432095746559
25943,LOF,0.050867171817476076,0.20344859701900092,0.745684231163523
25944,LOF,0.046323427216082125,0.0941027386407642,0.8595738341431536
25945,LOF,0.123445672080598,0.035080301928538164,0.8414740259908637
25946,LOF,0.06551332438562155,0.03896045888400599,0.8955262167303725
25947,Neutral,0.4568533217469455,0.12570789241994756,0.41743878583310695
25948,LOF,0.4238435211734054,0.018919724763556554,0.5572367540630381
25949,LOF,0.14095174363098067,0.0814114933072455,0.7776367630617739
25950,GOF,0.05901894333913779,0.5587059573176992,0.3822750993431629
25951,LOF,0.014292163663723918,0.4391818464990446,0.5465259898372316
25952,LOF,0.23896079273218884,0.2634857922624564,0.4975534150053547
25953,LOF,0.007674770558667326,0.1902538630015489,0.8020713664397838
25954,GOF,0.06699243681857364,0.47242118517362297,0.4605863780078034
25955,LOF,0.0068962184931776836,0.18191307889181285,0.8111907026150095
25956,LOF,0.016248292902472244,0.24497355581027205,0.7387781512872557
25957,LOF,0.15660223998685752,0.033845170585735294,0.8095525894274073
25958,LOF,0.03154345438459441,0.06216020486458302,0.9062963407508225
25959,GOF,0.010948127646309945,0.7135432521423614,0.2755086202113286
25960,LOF,0.0052553665513978155,0.09383919817607218,0.90090543527253
25961,LOF,0.02999518403793916,0.05343700422514746,0.9165678117369133
25962,LOF,0.05450761236826155,0.06290400571087913,0.8825883819208594
25963,LOF,0.005295093580595724,0.16969290307482487,0.8250120033445795
25964,LOF,0.02610276907828917,0.1095237423501033,0.8643734885716075
25965,LOF,0.26818495124579267,0.10923064159649226,0.622584407157715
25966,LOF,0.4297812780262223,0.13132661407046287,0.43889210790331484
25967,LOF,0.007515764954062775,0.09153848415516869,0.9009457508907686
25968,LOF,0.04248229608614076,0.25258209955208616,0.704935604361773
25969,LOF,0.15376398232484859,0.05817171266324323,0.7880643050119083
25970,LOF,0.05210859134783626,0.09540482133795868,0.8524865873142051
25971,LOF,0.08200385354990548,0.03249813696843836,0.8854980094816561
25972,LOF,0.07387463320601688,0.05424976531616875,0.8718756014778143
25973,LOF,0.06156806816260618,0.009539976879762092,0.9288919549576317
25974,LOF,0.04795807418270662,0.04375631877868162,0.9082856070386118
25975,LOF,0.041165901069194134,0.019897499651036765,0.9389365992797691
25976,LOF,0.09508059573157619,0.010482137140190782,0.894437267128233
25977,LOF,0.22836091485154178,0.06927673601912873,0.7023623491293295
25978,LOF,0.19234017865797964,0.1042105002756878,0.7034493210663326
25979,LOF,0.15862676919688332,0.12358319586950979,0.7177900349336069
25980,LOF,0.2568407509784947,0.17395769768704075,0.5692015513344645
25981,LOF,0.2577042595873559,0.17525879882581505,0.5670369415868292
25982,Neutral,0.4679357462609172,0.08370209171964098,0.44836216201944173
25983,Neutral,0.47702374469627684,0.09964781127570276,0.4233284440280205
25984,LOF,0.0391795834170776,0.09853984101507798,0.8622805755678445
25985,LOF,0.35972054447100976,0.15413430949475773,0.4861451460342325
25986,LOF,0.010472376033261878,0.43715092651767123,0.5523766974490669
25987,LOF,0.04789528070488373,0.09922483472810334,0.852879884567013
25988,LOF,0.038261751040479214,0.16225714006769695,0.7994811088918238
25989,LOF,0.0384878527080485,0.19588807584939494,0.7656240714425565
25990,LOF,0.037391783304922384,0.3055800307936194,0.6570281859014582
25991,LOF,0.021195010035688855,0.42065490941779765,0.5581500805465135
25992,LOF,0.019636117702322434,0.4431043827591395,0.537259499538538
25993,LOF,0.02968114991537262,0.06725518282177638,0.903063667262851
25994,LOF,0.02340930364372314,0.06427293333292014,0.9123177630233567
25995,LOF,0.02137145584866787,0.11035263794427803,0.8682759062070541
25996,LOF,0.32570123264557227,0.33201600289597494,0.34228276445845274
25997,LOF,0.05225417220391323,0.3693754630805699,0.5783703647155168
25998,LOF,0.28274674489992896,0.04253939360018615,0.6747138614998849
25999,LOF,0.0341559404606098,0.1665389928776084,0.7993050666617818
26000,LOF,0.1628001565366891,0.02492567520667663,0.8122741682566342
26001,LOF,0.285097530004829,0.03268347569056044,0.6822189943046106
26002,LOF,0.11370905764157971,0.03522483368236108,0.8510661086760591
26003,GOF,0.006673669824662229,0.6639098732531766,0.32941645692216115
26004,GOF,0.013183328801564257,0.7030039997192661,0.2838126714791697
26005,LOF,0.005117600542979848,0.46973052342290567,0.5251518760341145
26006,GOF,0.13832475418885987,0.5425378316368555,0.31913741417428454
26007,GOF,0.011246055638948364,0.5611079491552773,0.42764599520577434
26008,GOF,0.005926479245641752,0.5931268247119141,0.4009466960424441
26009,GOF,0.009679171668686828,0.67573781645572,0.3145830118755931
26010,GOF,0.008614910895172311,0.6195607747706169,0.37182431433421065
26011,LOF,0.003987441914760128,0.43630183681406765,0.5597107212711722
26012,GOF,0.004276515393886443,0.516410280459871,0.4793132041462427
26013,GOF,0.008236386513418716,0.5785495704700795,0.41321404301650183
26014,LOF,0.06795812649531105,0.1051378350497124,0.8269040384549766
26015,LOF,0.363741116616894,0.04154452284243431,0.5947143605406716
26016,LOF,0.3013364147025382,0.056050412194197534,0.6426131731032643
26017,LOF,0.015909710453050847,0.26821152483672533,0.7158787647102238
26018,LOF,0.024355498428724094,0.08467351807089514,0.8909709835003807
26019,LOF,0.02413468044186553,0.0747729231674295,0.901092396390705
26020,LOF,0.007696299642812873,0.25624117898635984,0.7360625213708273
26021,LOF,0.09120668731752771,0.09250197187882866,0.8162913408036436
26022,LOF,0.03189332404089328,0.040308524089258065,0.9277981518698487
26023,LOF,0.021198451277710365,0.0586680827759536,0.9201334659463362
26024,LOF,0.049461280837415814,0.08116986807788418,0.8693688510847001
26025,LOF,0.07820749364406093,0.11252910458214746,0.8092634017737916
26026,LOF,0.1105349289752561,0.09157848760761883,0.7978865834171249
26027,LOF,0.025504608394556726,0.040833166906315665,0.9336622246991276
26028,LOF,0.0956488253649496,0.15466887435212187,0.7496823002829286
26029,LOF,0.03005857440433277,0.20148235078929888,0.7684590748063684
26030,LOF,0.15353933692907928,0.027453596021325896,0.8190070670495948
26031,LOF,0.012400229661682353,0.16211122066086184,0.8254885496774558
26032,LOF,0.04354085273347086,0.05898058348619535,0.8974785637803339
26033,LOF,0.051303439610832134,0.0543531222796511,0.8943434381095168
26034,LOF,0.016800423662126064,0.1788531777362708,0.8043463986016032
26035,LOF,0.013658324392235462,0.1208382172782586,0.8655034583295059
26036,LOF,0.013811880013794083,0.13450727750908495,0.851680842477121
26037,LOF,0.011144893774100993,0.10978580109201155,0.8790693051338875
26038,LOF,0.03697400123991255,0.05119871356501978,0.9118272851950676
26039,LOF,0.03777087336040281,0.15149965770560345,0.8107294689339938
26040,LOF,0.09426067642507975,0.1346861464385418,0.7710531771363784
26041,LOF,0.015704000877233778,0.09849908017690412,0.885796918945862
26042,LOF,0.014237271773457747,0.11187345417501925,0.873889274051523
26043,LOF,0.03627949101937781,0.07611259576060782,0.8876079132200143
26044,LOF,0.011584723263916265,0.059212212101514415,0.9292030646345694
26045,LOF,0.07300276605791475,0.11949527898420195,0.8075019549578831
26046,LOF,0.03198870691778506,0.05666702552778857,0.9113442675544263
26047,LOF,0.059681931336971576,0.056406305291038586,0.8839117633719898
26048,LOF,0.07088195978025734,0.0272935644378843,0.9018244757818583
26049,Neutral,0.9470480040664867,0.008572408055642106,0.044379587877871315
26050,Neutral,0.9208141271359666,0.009289578671371252,0.06989629419266218
26051,LOF,0.025249385655601368,0.09651201929826948,0.8782385950461292
26052,LOF,0.03829474323571028,0.10989629445955788,0.8518089623047318
26053,LOF,0.024783225311009835,0.14678155419103467,0.8284352204979555
26054,LOF,0.04627431162241225,0.03294978100780342,0.9207759073697843
26055,LOF,0.07367986284246289,0.031633084554353263,0.8946870526031838
26056,LOF,0.05893909352913662,0.03995052646891513,0.9011103800019482
26057,LOF,0.056776128686476836,0.017109652652502142,0.926114218661021
26058,LOF,0.06157780935304786,0.013762027893545609,0.9246601627534065
26059,LOF,0.2130258229871789,0.03747295962005182,0.7495012173927692
26060,LOF,0.019250298227202034,0.16622414595339755,0.8145255558194004
26061,LOF,0.009039241072540059,0.013526327612041839,0.9774344313154181
26062,LOF,0.005665438138768433,0.018235170410658096,0.9760993914505735
26063,LOF,0.039492941561697976,0.013298132729716654,0.9472089257085855
26064,LOF,0.009844384328620932,0.03135715216891063,0.9587984635024686
26065,LOF,0.04940456144282595,0.015529321403101726,0.9350661171540723
26066,LOF,0.040600653588017975,0.01297848023477926,0.9464208661772029
26067,LOF,0.04506870211053265,0.012657436367146136,0.9422738615223212
26068,LOF,0.054639950206361726,0.046983808944424624,0.8983762408492137
26069,LOF,0.3052309503086918,0.03174175129151972,0.6630272983997884
26070,Neutral,0.5697449803083399,0.022905201547558346,0.4073498181441017
26071,LOF,0.0452561998659629,0.013710551742698073,0.9410332483913391
26072,LOF,0.007953972970418563,0.0213373864204484,0.9707086406091331
26073,LOF,0.03711074712589501,0.01596422470659405,0.946925028167511
26074,Neutral,0.873764605716556,0.011415040423404852,0.11482035386003925
26075,LOF,0.05638025523910796,0.023677453287208074,0.919942291473684
26076,LOF,0.0536511957609434,0.013401157190006032,0.9329476470490506
26077,LOF,0.14760777709707695,0.007530762219291541,0.8448614606836315
26078,LOF,0.00644550774927263,0.020054065483240114,0.9735004267674874
26079,LOF,0.06567217004343363,0.022924164198332028,0.9114036657582343
26080,LOF,0.0648788429169702,0.02294608785860802,0.9121750692244218
26081,LOF,0.03435031616001834,0.011083466743223101,0.9545662170967585
26082,LOF,0.006190744380487873,0.01988188089969731,0.9739273747198149
26083,LOF,0.10955825043095059,0.026900433732780234,0.8635413158362691
26084,LOF,0.1163190748945159,0.017163553793926433,0.8665173713115576
26085,LOF,0.10329974350123264,0.014824744011864838,0.8818755124869024
26086,LOF,0.0415064449812693,0.014283590738536014,0.9442099642801947
26087,LOF,0.037717964560142155,0.012989240704798977,0.9492927947350588
26088,LOF,0.006851082418247596,0.027039618374090586,0.9661092992076618
26089,LOF,0.04362517460705597,0.038573567756029103,0.917801257636915
26090,LOF,0.04388609980605872,0.029971304747972626,0.9261425954459687
26091,LOF,0.028208338232736118,0.009705100441929026,0.9620865613253349
26092,LOF,0.04641874557234266,0.010159465336631266,0.943421789091026
26093,LOF,0.08607174898260357,0.007458491883310063,0.9064697591340863
26094,LOF,0.03345263533359998,0.009464929816284471,0.9570824348501157
26095,LOF,0.02949985622856709,0.02070674495343706,0.9497933988179958
26096,LOF,0.19149438229921362,0.006076575325028826,0.8024290423757575
26097,LOF,0.006635545908262492,0.03853494285129266,0.9548295112404449
26098,LOF,0.12700697562644142,0.021077229706850154,0.8519157946667085
26099,LOF,0.039405343810808666,0.021486170529086666,0.9391084856601046
26100,LOF,0.039405343810808666,0.021486170529086666,0.9391084856601046
26101,LOF,0.06142484583105437,0.03760061757868502,0.9009745365902605
26102,LOF,0.03300011665553404,0.01938515501449623,0.9476147283299697
26103,Neutral,0.8879942515462538,0.031240899151784518,0.08076484930196169
26104,LOF,0.05946337419386139,0.04487637633091981,0.8956602494752188
26105,LOF,0.2551850663001079,0.12782773665641636,0.6169871970434757
26106,LOF,0.32177314610906177,0.07278851757056588,0.6054383363203724
26107,LOF,0.02375038627824535,0.08844271308236962,0.887806900639385
26108,LOF,0.233028803833322,0.039535259546865854,0.7274359366198121
26109,LOF,0.08415741202436758,0.035982672919805905,0.8798599150558265
26110,LOF,0.4322909524707587,0.009600771065674031,0.5581082764635673
26111,LOF,0.05652361624464505,0.1355933693711556,0.8078830143841994
26112,LOF,0.051671681569805394,0.01035443738097936,0.9379738810492152
26113,LOF,0.10214131913330446,0.02356841257588947,0.8742902682908061
26114,LOF,0.08772548882054737,0.011410990443046215,0.9008635207364063
26115,LOF,0.017896246589727452,0.05805123244342998,0.9240525209668425
26116,LOF,0.07479303111819277,0.02331889378472635,0.9018880750970809
26117,LOF,0.3407503404732929,0.042851442148989026,0.6163982173777182
26118,LOF,0.05093196942191761,0.020037498063097504,0.9290305325149849
26119,LOF,0.00631099649691178,0.038728981356117395,0.9549600221469707
26120,LOF,0.034191819615638996,0.018294802928095866,0.9475133774562651
26121,LOF,0.003753425225130715,0.14413759250187885,0.8521089822729905
