feature0,prediction,LoGoFunc_Neutral,LoGoFunc_GOF,LoGoFunc_LOF
25546,Neutral,0.7531831493647764,0.032350135012528806,0.2144667156226948
25547,Neutral,0.6171854904333952,0.06777325838351282,0.31504125118309184
25548,Neutral,0.6217321126321926,0.0502234362434639,0.3280444511243434
25549,Neutral,0.5482868296812694,0.04847930368568233,0.4032338666330483
25550,LOF,0.3593287678006115,0.08635218915734012,0.5543190430420484
25551,LOF,0.29986401853004274,0.09242566311862194,0.6077103183513353
25552,LOF,0.21922273620439942,0.08648244563084158,0.6942948181647589
25553,Neutral,0.8512838102376825,0.023341330589605008,0.12537485917271232
25554,LOF,0.25506993383821736,0.0843836132602425,0.6605464529015401
25555,LOF,0.2095180979273815,0.07597816162771556,0.7145037404449031
25556,LOF,0.44830797431660746,0.0798148824408789,0.4718771432425136
25557,LOF,0.20883064396126627,0.07662903035574735,0.7145403256829863
25558,LOF,0.2452621994108944,0.08477873606362116,0.6699590645254845
25559,LOF,0.35167867216546844,0.1766871335381274,0.47163419429640413
25560,LOF,0.05253227623289932,0.12929017785177999,0.8181775459153208
25561,LOF,0.12074923927490118,0.12396697010131161,0.7552837906237873
25562,LOF,0.09903358838765218,0.05009900649297553,0.8508674051193723
25563,LOF,0.12032192975232521,0.07138610388169091,0.8082919663659839
25564,LOF,0.2439589180142673,0.11963697414071038,0.6364041078450222
25565,LOF,0.13921876688748125,0.10638863118668584,0.7543926019258329
25566,GOF,0.01495817129854173,0.7878380852379244,0.1972037434635339
25567,LOF,0.014178167791809757,0.14761911050051427,0.838202721707676
25568,LOF,0.0489943869000822,0.05351935417125413,0.8974862589286636
25569,LOF,0.05924814851664311,0.053194721879979534,0.8875571296033774
25570,LOF,0.05655472041173625,0.08440747155678884,0.859037808031475
25571,LOF,0.049675832626419975,0.07972808180623318,0.8705960855673469
25572,LOF,0.06421416686472693,0.09585108428659116,0.8399347488486819
25573,LOF,0.03552242690736372,0.0850387575227059,0.8794388155699303
25574,LOF,0.02033710394685707,0.126154150322323,0.8535087457308199
25575,LOF,0.04407136732315112,0.09677806057479708,0.8591505721020518
25576,LOF,0.01649210618591832,0.10882601773813493,0.8746818760759468
25577,LOF,0.014616982511619555,0.09806009440558915,0.8873229230827913
25578,LOF,0.2399801549176178,0.07320597319471339,0.6868138718876688
25579,LOF,0.24043134787572662,0.07273621433583877,0.6868324377884346
25580,LOF,0.02981635351813609,0.06873260031952569,0.9014510461623382
25581,LOF,0.0506585640861972,0.05706547482324015,0.8922759610905627
25582,LOF,0.050610747864341186,0.05531548284903509,0.8940737692866237
25583,LOF,0.03733473736590342,0.07606820683469903,0.8865970557993975
25584,Neutral,0.4629543687558513,0.09368751306336226,0.44335811818078646
25585,LOF,0.021697689862202534,0.10500679233249502,0.8732955178053025
25586,LOF,0.029206934119298165,0.06270930673865638,0.9080837591420454
25587,LOF,0.029168825499176387,0.058333046219254746,0.912498128281569
25588,LOF,0.03119188766494505,0.07153698766106584,0.8972711246739892
25589,Neutral,0.6093134586791304,0.1022239697180007,0.28846257160286876
25590,LOF,0.03317182016656048,0.1113533268076863,0.8554748530257532
25591,LOF,0.11733908903657937,0.0477339343660196,0.834926976597401
25592,LOF,0.08744282208113853,0.11223020367188664,0.8003269742469749
25593,LOF,0.03171486430956805,0.23623650900645773,0.7320486266839743
25594,LOF,0.045097879238781946,0.21684375434732292,0.7380583664138952
25595,LOF,0.05152006992153808,0.14743353684025476,0.8010463932382071
25596,LOF,0.0520373540245857,0.10122530212859604,0.8467373438468182
25597,LOF,0.03789488901531347,0.11265929672280024,0.8494458142618863
25598,LOF,0.04891855277713219,0.15601782352066831,0.7950636237021994
25599,GOF,0.007305211381566522,0.6649323630740686,0.3277624255443649
25600,GOF,0.012855489346732576,0.5900927316994085,0.397051778953859
25601,LOF,0.01006314503216209,0.46609134535291424,0.5238455096149237
25602,LOF,0.02163699663379543,0.04566668084288722,0.9326963225233175
25603,LOF,0.054529646260621345,0.02849800586438849,0.91697234787499
25604,LOF,0.035987234169475295,0.03774798714600447,0.9262647786845202
25605,LOF,0.009878632192108485,0.20550120972012703,0.7846201580877644
25606,LOF,0.06201433961950957,0.3769324538844882,0.5610532064960022
25607,LOF,0.005374729312957107,0.18722783225656434,0.8073974384304785
25608,LOF,0.045158486055746766,0.059151489413003425,0.8956900245312498
25609,LOF,0.044712850349051265,0.4331727634352498,0.5221143862156991
25610,LOF,0.036578461672710706,0.02740423105519214,0.9360173072720972
25611,LOF,0.041866565845004616,0.026238671534582928,0.9318947626204125
25612,LOF,0.09864384207963642,0.04432262075007245,0.8570335371702911
25613,LOF,0.07978386947415717,0.043900628501696536,0.8763155020241463
25614,LOF,0.028856003713873764,0.03487374558717987,0.9362702506989464
25615,LOF,0.047649239874613815,0.04474948419576426,0.907601275929622
25616,LOF,0.026522227303997045,0.03264189404485978,0.940835878651143
25617,LOF,0.025443570853238326,0.036856560493724766,0.937699868653037
25618,LOF,0.14833639320434208,0.03178355273389127,0.8198800540617666
25619,LOF,0.02853422992901886,0.03369189120225292,0.9377738788687281
25620,LOF,0.03198259668346961,0.044615918744380555,0.9234014845721499
25621,LOF,0.028354808318334826,0.032705488454602014,0.9389397032270631
25622,LOF,0.03053606147132657,0.04035315390921051,0.9291107846194631
25623,LOF,0.051366919255096524,0.03922559929247769,0.9094074814524258
25624,LOF,0.025058008861568434,0.042208312889251066,0.9327336782491804
25625,LOF,0.03104371463735791,0.05129771141990634,0.9176585739427358
25626,LOF,0.08264722905435615,0.03989000366983327,0.8774627672758106
25627,Neutral,0.544018236872394,0.1224728889138691,0.3335088742137369
25628,LOF,0.20651953854799787,0.05624822897861897,0.7372322324733831
25629,LOF,0.06145302737457151,0.059640741878748,0.8789062307466806
25630,LOF,0.16834175538411875,0.0908895646277253,0.7407686799881561
25631,Neutral,0.594655395523669,0.06376666048488006,0.34157794399145114
25632,LOF,0.014021609650324436,0.09641412631330176,0.8895642640363739
25633,LOF,0.1925295823296172,0.06810961825336613,0.7393607994170166
25634,LOF,0.03342126817914363,0.10011199453150632,0.8664667372893501
25635,LOF,0.0353315191155574,0.07477188792778222,0.8898965929566603
25636,GOF,0.003646076946598634,0.6391090229457278,0.3572449001076736
25637,GOF,0.003700054655288663,0.6819369343748009,0.31436301096991043
25638,LOF,0.007462686833468706,0.41933654475763327,0.573200768408898
25639,GOF,0.003604697686953915,0.5288013934925325,0.46759390882051355
25640,Neutral,0.47735791065714134,0.46228005864082977,0.060362030702029015
25641,LOF,0.008133215953308617,0.34409024614085676,0.6477765379058346
25642,LOF,0.2770876704395673,0.07026244878110574,0.652649880779327
25643,LOF,0.24679998734984102,0.15418831900718893,0.5990116936429701
25644,GOF,0.013678304085208001,0.5406266479029507,0.44569504801184134
25645,LOF,0.010829938371839432,0.4903542657902033,0.4988157958379572
25646,LOF,0.01740517076506524,0.3490560641509868,0.633538765083948
25647,LOF,0.01509053038169684,0.2962577501171328,0.6886517195011704
25648,LOF,0.014010760446335648,0.29979210376111837,0.686197135792546
25649,LOF,0.010956982787306188,0.22912545831288858,0.7599175588998053
25650,GOF,0.028343991808188394,0.49161717326608984,0.48003883492572186
25651,LOF,0.008680095459753064,0.2753727866619397,0.7159471178783072
25652,LOF,0.013394076561531269,0.26390461684988986,0.7227013065885788
25653,LOF,0.0559434687118124,0.36150889444759615,0.5825476368405914
25654,LOF,0.015447328892418618,0.1318019677381274,0.852750703369454
25655,LOF,0.08161781727357392,0.4142488674149319,0.5041333153114942
25656,LOF,0.09407237153179862,0.07802283928336357,0.8279047891848378
25657,LOF,0.28349910611255047,0.03471246347286457,0.6817884304145849
25658,LOF,0.041796430557883554,0.09281377846909288,0.8653897909730235
25659,LOF,0.3045893906267744,0.06407605013987182,0.6313345592333538
25660,LOF,0.069695309290845,0.09431574518081659,0.8359889455283385
25661,LOF,0.04701919726834159,0.06309614265052209,0.8898846600811363
25662,LOF,0.027812613307399724,0.04353756420595717,0.9286498224866431
25663,LOF,0.03649714704382799,0.06648476301251556,0.8970180899436564
25664,LOF,0.03575382286305104,0.07988910109699479,0.8843570760399543
25665,LOF,0.05607423538258726,0.03762019531456929,0.9063055693028435
25666,LOF,0.03342164665917587,0.12809232232659573,0.8384860310142284
25667,LOF,0.03023220355987837,0.04650512080849934,0.9232626756316223
25668,LOF,0.03236797449449385,0.05206227555614291,0.9155697499493634
25669,LOF,0.03995763394549561,0.08201505765671507,0.8780273083977893
25670,LOF,0.08002056426071325,0.08251914971136745,0.8374602860279193
25671,LOF,0.039802136230002734,0.04158915228003718,0.9186087114899602
25672,LOF,0.05803941184379713,0.057926891206869495,0.8840336969493333
25673,LOF,0.03971035344923382,0.06790150590204916,0.8923881406487171
25674,LOF,0.035545964240908855,0.06905354240467618,0.895400493354415
25675,LOF,0.043735033925853865,0.05718589103740645,0.8990790750367398
25676,LOF,0.03369457205375552,0.055900239273828915,0.9104051886724156
25677,LOF,0.0666634783324896,0.062238139262171546,0.8710983824053388
25678,LOF,0.30359297321306483,0.033636549287549646,0.6627704774993856
25679,LOF,0.17490300889642343,0.06955432460019988,0.7555426665033768
25680,LOF,0.060340526985775876,0.09733726342999656,0.8423222095842275
25681,LOF,0.11028595202871104,0.08928173811884578,0.8004323098524433
25682,LOF,0.045523680315115944,0.08035893550939599,0.874117384175488
25683,LOF,0.08104773365070277,0.10235522866083904,0.8165970376884581
25684,LOF,0.06242698249572187,0.07292800509637762,0.8646450124079005
25685,LOF,0.08662191115591873,0.05636685536554176,0.8570112334785395
25686,LOF,0.028935869368810516,0.09919638944640637,0.871867741184783
25687,LOF,0.05145283971125527,0.07455768973088155,0.8739894705578631
25688,LOF,0.0242733935220724,0.09791510204099747,0.8778115044369301
25689,LOF,0.0183752511129252,0.08085218663553387,0.900772562251541
25690,LOF,0.021519374798755132,0.09334122951243504,0.8851393956888097
25691,LOF,0.18498703212773962,0.14452511727076267,0.6704878506014978
25692,LOF,0.29731128710509647,0.01242172105227497,0.6902669918426286
25693,LOF,0.08015086158324389,0.1447203997171946,0.7751287386995616
25694,LOF,0.24449188895233098,0.013389654722199783,0.7421184563254694
25695,LOF,0.1602546254203806,0.019986794886830445,0.8197585796927889
25696,LOF,0.1813575700554468,0.009988462263346836,0.8086539676812062
25697,LOF,0.1390205206707434,0.020332856503241903,0.8406466228260145
25698,LOF,0.03756236543549416,0.42141966922402,0.5410179653404857
25699,LOF,0.07324868656629367,0.0579015970906032,0.8688497163431032
25700,LOF,0.0318233170125862,0.00864778252346129,0.9595289004639524
25701,LOF,0.01392714645572848,0.06494243926929852,0.921130414274973
25702,GOF,0.03625140860896172,0.7423795922371587,0.2213689991538796
25703,LOF,0.019368811917534142,0.19651951548808705,0.7841116725943788
25704,LOF,0.10024108922043037,0.1488464143884554,0.7509124963911141
25705,LOF,0.06173528178998358,0.22649905892039437,0.7117656592896221
25706,GOF,0.05459948586920798,0.6393790274412264,0.3060214866895655
25707,GOF,0.02909127621034872,0.5690855608419438,0.4018231629477075
25708,GOF,0.00875664023365855,0.5004626640324631,0.4907806957338784
25709,LOF,0.01835381231501955,0.06455514565915582,0.9170910420258246
25710,LOF,0.008711555981058498,0.18089413945343544,0.8103943045655061
25711,LOF,0.02028364180230421,0.1209992620101222,0.8587170961875735
25712,LOF,0.009729404497146437,0.23018364482085707,0.7600869506819965
25713,LOF,0.017968015371158608,0.10289654979620583,0.8791354348326356
25714,LOF,0.018794434592664812,0.1455587273044192,0.835646838102916
25715,LOF,0.01839105841881121,0.11288213144501417,0.8687268101361747
25716,LOF,0.01135138346531945,0.16182142756479562,0.8268271889698849
25717,LOF,0.005242463129084841,0.15247748992935106,0.8422800469415641
25718,LOF,0.016782006890103673,0.081448598926507,0.9017693941833893
25719,LOF,0.03262263975831979,0.08458931467835476,0.8827880455633256
25720,LOF,0.022548216596694867,0.08899904048496006,0.8884527429183451
25721,LOF,0.0227991958105051,0.08581089373211247,0.8913899104573825
25722,LOF,0.01760752865622177,0.12011308727478813,0.8622793840689902
25723,LOF,0.021416286235041698,0.07002062799694815,0.90856308576801
25724,LOF,0.03126301082822021,0.1108779717356044,0.8578590174361754
25725,LOF,0.021459568851217505,0.06424332701592848,0.914297104132854
25726,LOF,0.01579026524861674,0.09519109003604453,0.8890186447153386
25727,LOF,0.01936444621959292,0.08629362449491124,0.8943419292854958
25728,LOF,0.017071538756449876,0.10556850461360832,0.8773599566299418
25729,LOF,0.017536985123839475,0.10438820114166499,0.8780748137344956
25730,LOF,0.018509259044655765,0.08298331907039434,0.8985074218849499
25731,LOF,0.009737018798289821,0.18876471937127914,0.801498261830431
25732,LOF,0.018070657159251404,0.08672436886918321,0.8952049739715654
25733,LOF,0.028809599941568273,0.0856626971241816,0.8855277029342501
25734,LOF,0.006546188681927009,0.2277450881913711,0.7657087231267018
25735,LOF,0.022921138421237372,0.07286672581634442,0.9042121357624183
25736,LOF,0.0220074432699895,0.1147515377855929,0.8632410189444176
25737,LOF,0.0429074435093668,0.09580673760903224,0.8612858188816009
25738,LOF,0.019348902912742747,0.1464091499836794,0.8342419471035779
25739,LOF,0.021297206553340928,0.1479717137383046,0.8307310797083545
25740,LOF,0.05068890904076118,0.13326335704264047,0.8160477339165984
25741,LOF,0.025906623587617843,0.10917511769824043,0.8649182587141417
25742,LOF,0.036805207761717904,0.12775525881945238,0.8354395334188297
25743,LOF,0.011820574139406018,0.039582599232349226,0.9485968266282446
25744,LOF,0.14542654146598868,0.4244143489511444,0.43015910958286707
25745,LOF,0.02166669718797217,0.07120101736625462,0.9071322854457733
25746,LOF,0.01227824459112141,0.08920459584377316,0.8985171595651054
25747,LOF,0.032804441172366916,0.03408913873290413,0.933106420094729
25748,LOF,0.27163817793918493,0.054014375682206885,0.6743474463786082
25749,LOF,0.014169658009108663,0.05440695516900483,0.9314233868218865
25750,LOF,0.01606197694390014,0.0967339376400982,0.8872040854160017
25751,LOF,0.037794373332362796,0.06498009928789064,0.8972255273797465
25752,GOF,0.09947962858093932,0.6626577135585031,0.23786265786055769
25753,LOF,0.006948073950193303,0.3751468747620573,0.6179050512877493
25754,GOF,0.005192165771949163,0.8602251911467053,0.13458264308134557
25755,LOF,0.009377669785475268,0.43690599206827546,0.5537163381462493
25756,LOF,0.0484562706058552,0.4375210784391134,0.5140226509550314
25757,GOF,0.006111861180422472,0.8689095333025558,0.12497860551702174
25758,GOF,0.00953605537618281,0.8696296655152896,0.12083427910852748
25759,GOF,0.004955857454200291,0.5853716359447194,0.4096725066010804
25760,LOF,0.0073008659306324445,0.2934759545597753,0.6992231795095922
25761,GOF,0.045710138137133885,0.8388833525234622,0.115406509339404
25762,LOF,0.028952703705904637,0.37160908277803095,0.5994382135160644
25763,LOF,0.008008276707277247,0.258912251327035,0.7330794719656879
25764,GOF,0.06527308431605727,0.6150412030586766,0.3196857126252661
25765,GOF,0.008417925692148389,0.8426891344809503,0.14889293982690135
25766,GOF,0.04550743457690739,0.8183412469963185,0.13615131842677403
25767,GOF,0.013397858922734974,0.5531336518324504,0.4334684892448146
25768,LOF,0.035110647721046585,0.0782953546833098,0.8865939975956437
25769,LOF,0.0216657435490874,0.08225843681690545,0.8960758196340072
25770,LOF,0.17004401231810304,0.0771623811309544,0.7527936065509425
25771,LOF,0.011083030974350382,0.07869900732922142,0.9102179616964281
25772,LOF,0.023003885296298182,0.030183092649700257,0.9468130220540015
25773,LOF,0.012643048284794801,0.08530763449241875,0.9020493172227864
25774,LOF,0.026893761522178525,0.1015797932705351,0.8715264452072865
25775,LOF,0.018553836312983334,0.0451013710784015,0.9363447926086153
25776,LOF,0.024659311763718876,0.028795024359749684,0.9465456638765314
25777,LOF,0.23249679263031206,0.0767787811377781,0.6907244262319099
25778,LOF,0.019169165226823243,0.05415935204027228,0.9266714827329046
25779,GOF,0.040765942077860357,0.8976670134466973,0.061567044475442284
25780,GOF,0.06455603994694774,0.8920053365028381,0.04343862355021417
25781,GOF,0.024042772636552013,0.8963592790821779,0.0795979482812699
25782,GOF,0.02829804459636856,0.9117145684313533,0.05998738697227815
25783,GOF,0.01823170090254175,0.8105855097845999,0.17118278931285846
25784,GOF,0.10822488650254097,0.86123098808818,0.030544125409278988
25785,GOF,0.06440389650063384,0.8961303189844461,0.03946578451492012
25786,GOF,0.00567363864561681,0.8376851220185783,0.15664123933580504
25787,GOF,0.16944534995060484,0.7994890224062204,0.031065627643174658
25788,LOF,0.015503729823758935,0.2250109958776235,0.7594852742986176
25789,GOF,0.01889863154050471,0.8739033858231754,0.10719798263631983
25790,GOF,0.019830518314862305,0.8912259059443103,0.0889435757408272
25791,GOF,0.01457643003570797,0.8321310655074656,0.1532925044568263
25792,GOF,0.02352364758562684,0.8549708684566821,0.12150548395769108
25793,GOF,0.060584054478948324,0.8479472203364373,0.09146872518461438
25794,GOF,0.059340999075902394,0.77258200927099,0.16807699165310763
25795,GOF,0.06982974073866928,0.793427706239243,0.13674255302208774
25796,GOF,0.07940005515479608,0.8305925651250923,0.09000737972011161
25797,GOF,0.04043239634298957,0.7096643097934748,0.24990329386353563
25798,GOF,0.0030445222396058747,0.672767246428329,0.3241882313320652
25799,GOF,0.002837706868496336,0.5722262599948083,0.4249360331366954
25800,GOF,0.014400304914811726,0.7599866942154586,0.2256130008697297
25801,GOF,0.01866087002037447,0.8880888089930029,0.0932503209866227
25802,GOF,0.02289022777225831,0.8302951834588637,0.146814588768878
25803,GOF,0.01196692177054901,0.7403235950170739,0.24770948321237715
25804,GOF,0.013742094867469648,0.6569967778370301,0.32926112729550017
25805,GOF,0.02195297381019299,0.7420001190269847,0.23604690716282228
25806,GOF,0.01739061852863725,0.7978025837403329,0.1848067977310298
25807,GOF,0.004998897815047818,0.7694981117341932,0.22550299045075892
25808,GOF,0.013804044558064247,0.7790394239549432,0.20715653148699253
25809,GOF,0.006654086433796798,0.7576890172907484,0.23565689627545483
25810,GOF,0.005719656186845568,0.7526340885301815,0.2416462552829729
25811,GOF,0.05401762562449282,0.8839642795348815,0.06201809484062558
25812,GOF,0.01930969212636286,0.7759377527475451,0.20475255512609217
25813,GOF,0.09857787200649931,0.8133018263654574,0.08812030162804313
25814,GOF,0.02617829208968249,0.810621627872739,0.16320008003757855
25815,GOF,0.05928623951000401,0.8472086501941256,0.09350511029587029
25816,GOF,0.006508182472225481,0.8644151292184841,0.12907668830929042
25817,GOF,0.09610330318826464,0.8111167790430424,0.09277991776869304
25818,GOF,0.02570893839030904,0.8328287292365594,0.14146233237313138
25819,GOF,0.06027730833122811,0.7901596924788313,0.14956299918994043
25820,GOF,0.02877794547583243,0.7958356605579514,0.17538639396621608
25821,GOF,0.01971039351576508,0.7884074214306914,0.19188218505354365
25822,GOF,0.040683551230015304,0.8038491197289185,0.15546732904106633
25823,GOF,0.0168042541841561,0.6928045002783949,0.290391245537449
25824,GOF,0.025776633812841433,0.7831280547274813,0.19109531145967731
25825,GOF,0.01661614716863007,0.767635671397922,0.21574818143344784
25826,GOF,0.005520325142487367,0.7427427775139741,0.25173689734353843
25827,GOF,0.007064070086162593,0.7177165308168639,0.27521939909697346
25828,GOF,0.005756208619306354,0.7003135907639417,0.29393020061675196
25829,GOF,0.002919000460163468,0.7200702810596609,0.2770107184801756
25830,GOF,0.03697556288864264,0.5449727937569948,0.4180516433543625
25831,GOF,0.08628362333025634,0.8083723848591364,0.10534399181060734
25832,GOF,0.009405329257476936,0.8230721704604105,0.16752250028211269
25833,GOF,0.035470591947872554,0.8572043536818114,0.10732505437031616
25834,GOF,0.00963759836677314,0.8339357827562052,0.15642661887702167
25835,GOF,0.021343016085568732,0.875092772387271,0.10356421152716022
25836,GOF,0.007312336056333799,0.832374173149856,0.16031349079381027
25837,GOF,0.006861154881319806,0.7546787763334855,0.23846006878519482
25838,GOF,0.024327040182296762,0.8730222841795139,0.10265067563818936
25839,GOF,0.037377856207060856,0.8726354408897968,0.08998670290314242
25840,GOF,0.08340820380857725,0.8417121981713444,0.07487959802007833
25841,GOF,0.07753387886787304,0.8556496597351034,0.06681646139702355
25842,GOF,0.025509526749172326,0.8956341370100291,0.07885633624079855
25843,GOF,0.025599885557548843,0.9047351799450795,0.06966493449737163
25844,GOF,0.014539744900013146,0.8622824140195796,0.12317784108040714
25845,GOF,0.005393955532358557,0.692609889016656,0.30199615545098546
25846,GOF,0.0749779746940253,0.8562449478380244,0.06877707746795034
25847,GOF,0.016262529326772177,0.9122337308505029,0.07150373982272515
25848,GOF,0.01723972403976109,0.8731653349914503,0.10959494096878857
25849,GOF,0.005263700289978445,0.7872387382405266,0.2074975614694949
25850,GOF,0.006411649448369446,0.7875324071167399,0.20605594343489073
25851,GOF,0.005714445736112385,0.6815607861037564,0.3127247681601311
25852,GOF,0.13110362461352656,0.6032619041178674,0.265634471268606
25853,GOF,0.06526467269352854,0.852421754188996,0.08231357311747545
25854,GOF,0.005466802428237704,0.7111657749571135,0.28336742261464876
25855,GOF,0.015990135299935454,0.6565816687275764,0.3274281959724882
25856,GOF,0.035810422460557836,0.8057861949474566,0.15840338259198558
25857,GOF,0.01739457540102204,0.6655931958155461,0.317012228783432
25858,GOF,0.009413737188358397,0.6745554554313247,0.31603080738031686
25859,GOF,0.005622724603690644,0.6589363515012777,0.3354409238950317
25860,GOF,0.10265994010095655,0.8177126422489548,0.07962741765008866
25861,GOF,0.08931336582726203,0.8247406671534917,0.08594596701924627
25862,GOF,0.018965146089715428,0.8727634215614298,0.10827143234885472
25863,GOF,0.021971703384127596,0.8789604761219585,0.09906782049391386
25864,GOF,0.04637796737390277,0.8841064664030631,0.06951556622303419
25865,GOF,0.03369151679528972,0.8609043050018468,0.10540417820286345
25866,GOF,0.024957303381626102,0.8782181022771306,0.09682459434124321
25867,GOF,0.03132987201033337,0.888171039691726,0.08049908829794085
25868,GOF,0.04906660894785114,0.857937883131607,0.09299550792054187
25869,GOF,0.34870904905122196,0.5903768258036183,0.06091412514515972
25870,GOF,0.06476894741135825,0.7119882064052294,0.22324284618341236
25871,GOF,0.009067716902705707,0.897559496769191,0.09337278632810347
25872,GOF,0.02028324700298211,0.8815854849689322,0.09813126802808564
25873,GOF,0.020864824861338543,0.9012015495550822,0.07793362558357926
25874,LOF,0.016554139619764405,0.24970429135083747,0.7337415690293981
25875,LOF,0.04907726739352068,0.05141077991962407,0.8995119526868552
25876,LOF,0.016908190263257534,0.03847690554237113,0.9446149041943712
25877,LOF,0.12364152630016328,0.09042715965995425,0.7859313140398824
25878,LOF,0.07352402775583344,0.13154543166588684,0.7949305405782796
25879,LOF,0.0281504736124819,0.10123759328494537,0.8706119331025727
25880,LOF,0.05961001703618757,0.013617834026229686,0.9267721489375828
25881,Neutral,0.5000314720609111,0.06905180728834248,0.4309167206507465
25882,LOF,0.08938106572789166,0.026533730866247204,0.884085203405861
25883,LOF,0.028127698360997558,0.02590413782780386,0.9459681638111985
25884,LOF,0.023304099031166457,0.05076485483886372,0.9259310461299699
25885,LOF,0.22109426836005927,0.012468123549193834,0.766437608090747
25886,LOF,0.2712872153046154,0.0564402004590753,0.6722725842363092
25887,LOF,0.1765596495411397,0.07274355700716217,0.7506967934516982
25888,LOF,0.011349232975484668,0.13902113753519707,0.8496296294893182
25889,LOF,0.02781399168306886,0.03581986448789392,0.9363661438290373
25890,LOF,0.1358429872337109,0.10474282950284537,0.7594141832634437
25891,LOF,0.09745958801474587,0.02748359457163823,0.875056817413616
25892,LOF,0.007990467215542354,0.03738151062543357,0.9546280221590242
25893,LOF,0.39855918330232953,0.010014636373555555,0.591426180324115
25894,LOF,0.4307700626866124,0.005881564833836337,0.5633483724795513
25895,LOF,0.33218900116773203,0.01407113159097603,0.6537398672412918
25896,LOF,0.06833898945977933,0.020727800737574593,0.910933209802646
25897,LOF,0.18626803092654867,0.008741924827206291,0.804990044246245
25898,LOF,0.17975880393708482,0.03204095479370725,0.788200241269208
25899,LOF,0.43855583567067274,0.019292202219487055,0.5421519621098402
25900,LOF,0.4905535997708035,0.009812200728735352,0.4996341995004611
25901,LOF,0.06299929123475356,0.009130517158568342,0.9278701916066782
25902,LOF,0.20301953223475408,0.009309128733627778,0.7876713390316181
25903,LOF,0.39739514816833765,0.02478797470978848,0.5778168771218739
25904,Neutral,0.5059867118575007,0.030459427678727655,0.46355386046377167
25905,LOF,0.00477566891580899,0.4576089253657633,0.5376154057184277
25906,LOF,0.009125861211353265,0.10890633482994398,0.8819678039587028
25907,LOF,0.004584280585416528,0.33929883632777463,0.6561168830868088
25908,LOF,0.004650343025395165,0.26091936464581567,0.7344302923287892
25909,LOF,0.025010342035981483,0.15548853996610487,0.8195011179979136
25910,LOF,0.012021578900665726,0.13794849962713182,0.8500299214722026
25911,LOF,0.2512570422773861,0.05111306360265087,0.697629894119963
25912,LOF,0.0790725032614965,0.05530999724426924,0.8656174994942343
25913,LOF,0.03910849099812262,0.0817009061173309,0.8791906028845464
25914,LOF,0.040863905825814326,0.03659260585127392,0.9225434883229118
25915,LOF,0.19411433151690272,0.16907688228102533,0.636808786202072
25916,LOF,0.036414722818939996,0.11168709583554087,0.8518981813455191
25917,LOF,0.0685192147055931,0.034555913460138345,0.8969248718342686
25918,LOF,0.04479477202113816,0.02434448121875643,0.9308607467601053
25919,LOF,0.039712761604238866,0.023560043046442526,0.9367271953493186
25920,LOF,0.2530238028764166,0.21243309261988236,0.5345431045037009
25921,LOF,0.015791216181406647,0.04956227900493302,0.9346465048136603
25922,LOF,0.018892013011944424,0.04416512577798963,0.9369428612100659
25923,LOF,0.40667712336480566,0.04014775958448329,0.5531751170507111
25924,LOF,0.019396066385422094,0.0760684300456161,0.9045355035689617
25925,LOF,0.0758727577538056,0.060119419543569384,0.864007822702625
25926,LOF,0.06337730716952852,0.052661338967252974,0.8839613538632184
25927,LOF,0.025118259941217636,0.0719775087980907,0.9029042312606917
25928,LOF,0.009448391500802329,0.0680344854821567,0.9225171230170409
25929,Neutral,0.5327976958220276,0.03731961227294158,0.4298826919050308
25930,LOF,0.08299945588095052,0.03855755254610147,0.878442991572948
25931,LOF,0.013981279384334246,0.04877253310643008,0.9372461875092357
25932,LOF,0.06858639663627233,0.0400261649010483,0.8913874384626793
25933,LOF,0.060185157500563934,0.02493962368780654,0.9148752188116296
25934,LOF,0.057998034423663705,0.023788387137980704,0.9182135784383556
25935,LOF,0.06911931194046726,0.07254851230000048,0.8583321757595322
25936,LOF,0.09874111347743948,0.025005402674691195,0.8762534838478694
25937,LOF,0.017551776944820494,0.05373845913342912,0.9287097639217504
25938,LOF,0.06812924554944073,0.06336287174787081,0.8685078827026885
25939,LOF,0.04375631774049283,0.03352734357537986,0.9227163386841273
25940,LOF,0.00816481550514129,0.37598042220977296,0.6158547622850857
25941,Neutral,0.48961735899302167,0.05053786912665052,0.4598447718803278
25942,LOF,0.008631340691187098,0.059995276972084254,0.9313733823367286
25943,LOF,0.03539238209360081,0.20379672706641522,0.760810890839984
25944,LOF,0.05905831961459193,0.09677273453408984,0.8441689458513182
25945,LOF,0.10665546053365284,0.025991709828018333,0.8673528296383289
25946,LOF,0.07297300904245207,0.042709612082950016,0.884317378874598
25947,LOF,0.4356241950578973,0.10763069329902733,0.45674511164307524
25948,LOF,0.41944151259136797,0.01739667595377257,0.5631618114548594
25949,LOF,0.15036553192868968,0.0753077293677537,0.7743267387035566
25950,GOF,0.06229283536778761,0.5891734782706486,0.3485336863615638
25951,LOF,0.010914717039136887,0.4234887573103021,0.5655965256505611
25952,LOF,0.3048746817348711,0.27573649002004125,0.41938882824508766
25953,LOF,0.007936988037151455,0.19019692950305228,0.8018660824597963
25954,GOF,0.10386009613738521,0.4773812614356319,0.41875864242698274
25955,LOF,0.0052474771927582715,0.18786098989378205,0.8068915329134597
25956,LOF,0.019114981910652796,0.23185483002861512,0.7490301880607321
25957,LOF,0.18713773930207572,0.027318601173357118,0.7855436595245673
25958,LOF,0.031960542568663645,0.054737311397004065,0.9133021460343324
25959,GOF,0.014052807679224233,0.7274845926045981,0.25846259971617774
25960,LOF,0.006295349731934647,0.07944752439260289,0.9142571258754625
25961,LOF,0.03104582669388257,0.04822349906156038,0.920730674244557
25962,LOF,0.04706235885273772,0.06482157402431592,0.8881160671229464
25963,LOF,0.005489483909398308,0.1849684575142234,0.8095420585763783
25964,LOF,0.02718404661627829,0.11954500115711782,0.8532709522266039
25965,LOF,0.2754880528917184,0.12088567759026157,0.60362626951802
25966,LOF,0.41683639478432627,0.14622421878568284,0.436939386429991
25967,LOF,0.008118093397086893,0.08754974857722503,0.9043321580256881
25968,LOF,0.03919309503585351,0.2596637214780495,0.7011431834860969
25969,LOF,0.1717608450644627,0.05115293807004207,0.7770862168654952
25970,LOF,0.04165344887128946,0.10953478396293512,0.8488117671657756
25971,LOF,0.080364121090273,0.03960041037658404,0.880035468533143
25972,LOF,0.06370942143426551,0.06334422544660386,0.8729463531191306
25973,LOF,0.06308923740937664,0.009155294003545728,0.9277554685870777
25974,LOF,0.054884345037489644,0.04314097118759621,0.9019746837749142
25975,LOF,0.043294390413103366,0.018478399126108207,0.9382272104607884
25976,LOF,0.09655567643734748,0.010707513788016737,0.8927368097746359
25977,LOF,0.21276319160404217,0.07173741142440376,0.7154993969715541
25978,LOF,0.18801880041289246,0.10935726862915536,0.7026239309579521
25979,LOF,0.15577788896003136,0.12794391004140585,0.7162782009985628
25980,LOF,0.26293231406734324,0.17879741329295612,0.5582702726397007
25981,LOF,0.2640435863229498,0.17993851520409676,0.5560178984729535
25982,Neutral,0.47778062280837497,0.08246355969955674,0.4397558174920683
25983,Neutral,0.459454030035001,0.10695292499463192,0.4335930449703671
25984,LOF,0.040619863117564,0.09937226883762645,0.8600078680448096
25985,LOF,0.4175387090306047,0.13950267439860042,0.44295861657079477
25986,LOF,0.01415855506192993,0.42947339411922886,0.5563680508188412
25987,LOF,0.04781048031944612,0.11019813180965185,0.841991387870902
25988,LOF,0.039530076449811755,0.17417750458445333,0.7862924189657349
25989,LOF,0.03671387653276469,0.21010883891798257,0.7531772845492528
25990,LOF,0.04284630998282441,0.3180608371134263,0.6390928529037493
25991,LOF,0.028281933546868903,0.4027683011300499,0.5689497653230813
25992,LOF,0.02408606684407853,0.42877968610146167,0.5471342470544598
25993,LOF,0.028343198540373715,0.0689636925327973,0.902693108926829
25994,LOF,0.02420064438927971,0.06699030301871435,0.9088090525920061
25995,LOF,0.021896679149809646,0.1223613705733654,0.8557419502768251
25996,GOF,0.3390349041851101,0.3445540870170933,0.31641100879779666
25997,LOF,0.07222196842934883,0.40093036918845554,0.5268476623821956
25998,LOF,0.31380958774754764,0.04454976749131024,0.6416406447611421
25999,LOF,0.024942493840387207,0.17122617217300415,0.8038313339866087
26000,LOF,0.18869681554085524,0.025064883791247976,0.7862383006678968
26001,LOF,0.2522163531372089,0.040065563816834446,0.7077180830459566
26002,LOF,0.1304142575409547,0.03636476625394773,0.8332209762050976
26003,GOF,0.006054395444526016,0.654948093830698,0.3389975107247761
26004,GOF,0.009816969947918502,0.6919493169755206,0.29823371307656094
26005,LOF,0.004375858179756475,0.4841811689531372,0.5114429728671064
26006,GOF,0.12112566251421712,0.5383011617560628,0.3405731757297201
26007,GOF,0.00871116219923393,0.5472046745541195,0.44408416324664657
26008,GOF,0.005791853897769219,0.625109007818419,0.36909913828381175
26009,GOF,0.008791321221024087,0.6736151476908102,0.31759353108816574
26010,GOF,0.00856413417380535,0.6337114103615655,0.35772445546462905
26011,LOF,0.003538920266731544,0.4341981173738389,0.5622629623594295
26012,GOF,0.004345594118543699,0.5322817251727876,0.46337268070866855
26013,GOF,0.010309903191194403,0.5688606196786345,0.420829477130171
26014,LOF,0.0599102243574341,0.10334553922374667,0.8367442364188192
26015,LOF,0.3647749479363931,0.03744093367214387,0.597784118391463
26016,LOF,0.28960933786914567,0.04990204261048789,0.6604886195203664
26017,LOF,0.016611941824182165,0.24873631212341243,0.7346517460524055
26018,LOF,0.024122266866258766,0.07464543130016581,0.9012323018335754
26019,LOF,0.024108912823578042,0.06455656300482188,0.9113345241716001
26020,LOF,0.009511635710691113,0.24212158355078095,0.7483667807385279
26021,LOF,0.08644456895606657,0.0947621118871412,0.8187933191567923
26022,LOF,0.036574417243125504,0.041098237511721064,0.9223273452451534
26023,LOF,0.025551041913237843,0.04991481789949493,0.9245341401872671
26024,LOF,0.051708014796462774,0.07932164485967325,0.8689703403438639
26025,LOF,0.061472172534338614,0.10809066954269231,0.830437157922969
26026,LOF,0.09082001144651386,0.08962025834663839,0.8195597302068478
26027,LOF,0.02425188627626673,0.036738265820355734,0.9390098479033775
26028,LOF,0.11591108834559867,0.15537661696759617,0.7287122946868053
26029,LOF,0.017771915148783266,0.23286224642646905,0.7493658384247476
26030,LOF,0.16080034441905122,0.028710274558180544,0.8104893810227681
26031,LOF,0.008447076968372184,0.18621777369491,0.8053351493367178
26032,LOF,0.04685951315669733,0.06428398180135675,0.8888565050419459
26033,LOF,0.06731822182183872,0.057524801943442096,0.8751569762347192
26034,LOF,0.010669091530304787,0.19644049669873104,0.7928904117709642
26035,LOF,0.01122373516569693,0.12769256835032217,0.8610836964839809
26036,LOF,0.010933441647717295,0.14529479310912036,0.8437717652431623
26037,LOF,0.008952986819329113,0.12396203376008043,0.8670849794205904
26038,LOF,0.03871031156926383,0.05753444147649353,0.9037552469542426
26039,LOF,0.02183590646382834,0.1705427660436674,0.8076213274925043
26040,LOF,0.11227578883414828,0.14249163529742,0.7452325758684317
26041,LOF,0.011906949488890092,0.1048098638733653,0.8832831866377445
26042,LOF,0.010619195236778666,0.11825757521453328,0.871123229548688
26043,LOF,0.03819176315881191,0.08211175127525092,0.879696485565937
26044,LOF,0.011323385871144336,0.05978567583107269,0.9288909382977829
26045,LOF,0.07732770061755352,0.1270856150478704,0.7955866843345761
26046,LOF,0.033843774176305845,0.06066729712871057,0.9054889286949837
26047,LOF,0.0592260591073377,0.060247599819352564,0.8805263410733098
26048,LOF,0.059182533848480684,0.032362683821968455,0.9084547823295509
26049,Neutral,0.9462175139423871,0.00990815426630863,0.043874331791304455
26050,Neutral,0.9199819154937661,0.010581634849028389,0.06943644965720552
26051,LOF,0.018767780002200217,0.10353391136853167,0.8776983086292681
26052,LOF,0.0326896225040138,0.11940540340138453,0.8479049740946015
26053,LOF,0.02621098357326905,0.16819160094815624,0.8055974154785748
26054,LOF,0.04829258441355354,0.03253929927011761,0.9191681163163288
26055,LOF,0.07274140037227621,0.030824792228487316,0.8964338073992364
26056,LOF,0.0594049637583209,0.03721963505251638,0.9033754011891628
26057,LOF,0.057355657271629425,0.015207973083560911,0.9274363696448097
26058,LOF,0.060582405012424616,0.012629449724212151,0.9267881452633632
26059,LOF,0.21709718591052007,0.036494493734573426,0.7464083203549065
26060,LOF,0.01886894771578816,0.1766687159236339,0.804462336360578
26061,LOF,0.011203610162794544,0.011442566857512302,0.9773538229796931
26062,LOF,0.0059074970032468085,0.020181101667081633,0.9739114013296715
26063,LOF,0.037629147264437966,0.012329710358969903,0.950041142376592
26064,LOF,0.009512460898990232,0.0336773521944457,0.956810186906564
26065,LOF,0.04790410569296254,0.014931880140101331,0.9371640141669362
26066,LOF,0.046184234588879096,0.011675206998008756,0.9421405584131122
26067,LOF,0.054600593495978685,0.011031064588169662,0.9343683419158516
26068,LOF,0.05547516533472304,0.04947588513346253,0.8950489495318144
26069,LOF,0.3206747721792514,0.03325078109182921,0.6460744467289194
26070,Neutral,0.5993637666772436,0.02483678544456333,0.3757994478781931
26071,LOF,0.045370554106634285,0.01348031679057332,0.9411491291027924
26072,LOF,0.010249389100965274,0.02215848384199752,0.9675921270570372
26073,LOF,0.03985071984853187,0.014757309317587841,0.9453919708338803
26074,Neutral,0.8807331901262841,0.010999918542479259,0.10826689133123661
26075,LOF,0.05761776424470807,0.024294537880822614,0.9180876978744694
26076,LOF,0.05086157058073234,0.013629824918247248,0.9355086045010205
26077,LOF,0.1508919374311735,0.008231544050536577,0.8408765185182899
26078,LOF,0.007908317472069628,0.01718001177340305,0.9749116707545274
26079,LOF,0.06742098820332161,0.025132244124199617,0.9074467676724788
26080,LOF,0.06645455109261146,0.02517300316607776,0.9083724457413107
26081,LOF,0.03288963074817454,0.011118500502412487,0.9559918687494129
26082,LOF,0.0067208191610017625,0.018867766395161266,0.9744114144438369
26083,LOF,0.11852273199125214,0.025164457777386632,0.8563128102313613
26084,LOF,0.11541589691644412,0.017468878566847354,0.8671152245167086
26085,LOF,0.10346694403974618,0.015062712366841634,0.8814703435934121
26086,LOF,0.03886913595669231,0.01402955339428233,0.9471013106490254
26087,LOF,0.0372145516637912,0.010616607066126792,0.9521688412700821
26088,LOF,0.0075801550434275574,0.02275988702587098,0.9696599579307015
26089,LOF,0.04265397852446709,0.03998016308911081,0.9173658583864222
26090,LOF,0.043320301782712414,0.03007333098700829,0.9266063672302792
26091,LOF,0.03157831813328255,0.00875766983964796,0.9596640120270695
26092,LOF,0.04168905228429893,0.009683029785761334,0.9486279179299398
26093,LOF,0.08000162812178663,0.00673141182345764,0.9132669600547557
26094,LOF,0.03621415307649966,0.008519630189567164,0.9552662167339331
26095,LOF,0.028793241330676435,0.020535684374447218,0.9506710742948763
26096,LOF,0.19689718504343365,0.006145685293033302,0.7969571296635329
26097,LOF,0.007194972876465131,0.037052718802720805,0.955752308320814
26098,LOF,0.12321607059441092,0.02140468733295362,0.8553792420726355
26099,LOF,0.04484696873451198,0.019133722985305766,0.9360193082801823
26100,LOF,0.04484590126228053,0.01913326755390098,0.9360208311838185
26101,LOF,0.05715650679927355,0.03428822245976962,0.9085552707409569
26102,LOF,0.03510879765357527,0.018794732331594673,0.9460964700148301
26103,Neutral,0.8913070043624052,0.031114856812291855,0.07757813882530279
26104,LOF,0.059101165366253934,0.04838664867338343,0.8925121859603626
26105,LOF,0.2679664375751695,0.13156842472420066,0.6004651377006298
26106,LOF,0.3215397475170614,0.06794222075467997,0.6105180317282587
26107,LOF,0.022801673533161107,0.08302053112063851,0.8941777953462005
26108,LOF,0.2810945139515013,0.036971146767816196,0.6819343392806825
26109,LOF,0.0927489530892086,0.03729866446301521,0.8699523824477762
26110,LOF,0.46558680846515144,0.010604301510712528,0.5238088900241361
26111,LOF,0.06603181103024067,0.15651268657402484,0.7774555023957346
26112,LOF,0.05630609571663929,0.009997261885666957,0.9336966423976937
26113,LOF,0.10881518066534081,0.025026550433201407,0.8661582689014578
26114,LOF,0.08546998502630687,0.01157963852453837,0.9029503764491547
26115,LOF,0.01753096984051246,0.054595401619596716,0.927873628539891
26116,LOF,0.07068259335123066,0.0255858668842896,0.9037315397644798
26117,LOF,0.3453968252969007,0.04354702227095697,0.6110561524321424
26118,LOF,0.04814968417797235,0.01911866165793451,0.9327316541640932
26119,LOF,0.00627691794135342,0.03850860788163171,0.9552144741770149
26120,LOF,0.03467650043225588,0.018797236408410446,0.9465262631593337
26121,LOF,0.003623858946294114,0.14644357768303395,0.8499325633706718
