feature0,prediction,LoGoFunc_Neutral,LoGoFunc_GOF,LoGoFunc_LOF
25546,Neutral,0.639520757681272,0.056663680569097256,0.30381556174963065
25547,Neutral,0.5195481138840374,0.11937866109388762,0.3610732250220749
25548,Neutral,0.4783885390277859,0.0794073942990393,0.44220406667317486
25549,LOF,0.4346407277911454,0.09392416089344277,0.4714351113154119
25550,Neutral,0.5883073689710823,0.059628003518327664,0.35206462751059003
25551,Neutral,0.6194087809670203,0.07039231494808361,0.31019890408489603
25552,LOF,0.30894529586929914,0.08922244773307812,0.6018322563976227
25553,Neutral,0.5406452302217765,0.06341444354382751,0.3959403262343959
25554,LOF,0.3688659491371756,0.12512478578189087,0.5060092650809335
25555,LOF,0.2833374235329398,0.0889700540933843,0.6276925223736759
25556,LOF,0.3768886592150111,0.1045314369731577,0.5185799038118312
25557,LOF,0.2850424890019579,0.0947571726797461,0.620200338318296
25558,LOF,0.3897543942971552,0.10313830963254976,0.507107296070295
25559,LOF,0.24205163366358423,0.09626215109427709,0.6616862152421388
25560,LOF,0.05320022757818128,0.1067727666976961,0.8400270057241227
25561,LOF,0.13681712257182713,0.10953724739732883,0.7536456300308441
25562,LOF,0.12340952147222967,0.02172129580824336,0.8548691827195269
25563,LOF,0.1771106882893669,0.04220305122855164,0.7806862604820813
25564,LOF,0.06773972963945551,0.07664578561451524,0.8556144847460292
25565,LOF,0.13013754196856808,0.2839226078999708,0.5859398501314611
25566,GOF,0.033692749465263516,0.631787975936298,0.3345192745984385
25567,LOF,0.017532824403893744,0.12022311545276337,0.8622440601433429
25568,LOF,0.08316153713454036,0.13499930646015385,0.7818391564053057
25569,LOF,0.23089591721061195,0.02502883772098848,0.7440752450683995
25570,LOF,0.07733186136500524,0.11557010430834597,0.8070980343266487
25571,LOF,0.08820723840611477,0.07808539449223,0.8337073671016552
25572,LOF,0.07235674872705362,0.11927673894656282,0.8083665123263836
25573,LOF,0.03466974516388453,0.10684175799951849,0.8584884968365969
25574,LOF,0.011140669570062704,0.25150604271070803,0.7373532877192291
25575,LOF,0.08738689934939305,0.04663832763506478,0.8659747730155423
25576,LOF,0.022830451331151618,0.04042643508156264,0.9367431135872858
25577,LOF,0.015694571542092715,0.0750745282019765,0.9092309002559307
25578,LOF,0.2599759429242269,0.1123107408089481,0.627713316266825
25579,LOF,0.09036891910122635,0.11287841446074137,0.7967526664380322
25580,LOF,0.05165416867715055,0.03446629973604816,0.9138795315868014
25581,LOF,0.07824340173167019,0.15459012332528727,0.7671664749430427
25582,LOF,0.07880059488532608,0.10513503528836883,0.8160643698263051
25583,LOF,0.06112120829783885,0.03522182469807977,0.9036569670040815
25584,Neutral,0.4795499388518283,0.08654688150926768,0.4339031796389042
25585,LOF,0.018175347315618925,0.041575403656531965,0.9402492490278491
25586,LOF,0.05260909834171582,0.06729755876720742,0.8800933428910767
25587,LOF,0.039812670883519204,0.053664373780387055,0.9065229553360937
25588,LOF,0.04712248097534396,0.07019323762709355,0.8826842813975624
25589,Neutral,0.6980805657309309,0.14234076509956622,0.15957866916950278
25590,LOF,0.03340883501882686,0.1184421764155739,0.8481489885655994
25591,LOF,0.10372426657641315,0.08110959608494772,0.8151661373386391
25592,LOF,0.19608276886878742,0.18132190752381228,0.6225953236074002
25593,LOF,0.01772739012581684,0.36458768803677,0.6176849218374131
25594,LOF,0.07794299747685426,0.10632972315880534,0.8157272793643404
25595,LOF,0.05795486439370788,0.21128560416554,0.730759531440752
25596,LOF,0.11825918862093679,0.0826193248514736,0.7991214865275896
25597,LOF,0.10904475217362444,0.048291277937300425,0.8426639698890752
25598,LOF,0.18164242456370774,0.059592816010037596,0.7587647594262545
25599,LOF,0.012498731600418611,0.18893734737550577,0.7985639210240756
25600,LOF,0.014656822441727675,0.17544688076857556,0.8098962967896968
25601,LOF,0.009818369594976091,0.10106599652407891,0.8891156338809449
25602,LOF,0.03952642837485928,0.13446800551070887,0.8260055661144319
25603,LOF,0.04223549467146243,0.10291819854224155,0.854846306786296
25604,LOF,0.02699904618746256,0.18605595275803677,0.7869450010545006
25605,LOF,0.014312882465548593,0.352623084672237,0.6330640328622145
25606,GOF,0.07153972784006082,0.562745164506504,0.3657151076534352
25607,LOF,0.0036398861891538702,0.21554878045938022,0.7808113333514658
25608,LOF,0.02692748611230548,0.049478908888756605,0.923593604998938
25609,LOF,0.18007919158819657,0.1642885422241679,0.6556322661876356
25610,LOF,0.0395333985732139,0.11703059962768261,0.8434360017991034
25611,LOF,0.05549831266807225,0.08945955449007904,0.8550421328418487
25612,LOF,0.11409500009315796,0.225584292562244,0.660320707344598
25613,LOF,0.03650927228823649,0.29584006886382747,0.6676506588479361
25614,LOF,0.0317662026736185,0.17373153840461028,0.7945022589217712
25615,LOF,0.031196496174918476,0.14613391134306572,0.8226695924820158
25616,LOF,0.022514770760128772,0.23873566252798564,0.7387495667118856
25617,LOF,0.05130248147082528,0.14823605401185472,0.8004614645173199
25618,GOF,0.07826477735570575,0.5092022582940662,0.41253296435022807
25619,LOF,0.045098010908528434,0.13620924842471718,0.8186927406667545
25620,LOF,0.03233856792632266,0.1990681469299498,0.7685932851437275
25621,LOF,0.03906503084468491,0.1359681868083643,0.8249667823469508
25622,LOF,0.029133075286735744,0.18409841525161505,0.7867685094616492
25623,LOF,0.050930625492217864,0.14563907865128123,0.8034302958565009
25624,LOF,0.03217867862962019,0.21558447787505597,0.7522368434953238
25625,LOF,0.034101714139457645,0.17156627137314068,0.7943320144874016
25626,LOF,0.14188900501526255,0.14378533190662954,0.714325663078108
25627,Neutral,0.46960942510629566,0.189001559130494,0.3413890157632104
25628,LOF,0.15671345612475268,0.059860505982580456,0.7834260378926668
25629,LOF,0.1852216318768336,0.04859929593700822,0.7661790721861582
25630,LOF,0.08049583010722042,0.11632427045174627,0.8031798994410333
25631,Neutral,0.49277791160776624,0.18254575344310636,0.3246763349491273
25632,LOF,0.011833214975455138,0.0651040201588784,0.9230627648656664
25633,LOF,0.2907287181065479,0.2709692638843441,0.43830201800910795
25634,LOF,0.06516339862841891,0.23198960609747626,0.7028469952741049
25635,LOF,0.044321003666838436,0.057232675230547835,0.8984463211026136
25636,GOF,0.005546753053752926,0.5588972213294258,0.4355560256168214
25637,LOF,0.005677591586424667,0.2968399464095379,0.6974824620040374
25638,LOF,0.006845722463335332,0.34484873545620726,0.6483055420804573
25639,LOF,0.006634385679604914,0.2453399310582333,0.7480256832621619
25640,Neutral,0.5309681410181972,0.32333917288521824,0.14569268609658442
25641,LOF,0.009118452486735724,0.21991149027311938,0.7709700572401449
25642,LOF,0.29966696925919534,0.08105445374694926,0.6192785769938554
25643,LOF,0.4126342425181265,0.016666337881738724,0.5706994196001347
25644,LOF,0.013653168273362704,0.40051921213965563,0.5858276195869817
25645,GOF,0.010514063003898991,0.5930813973306127,0.3964045396654882
25646,LOF,0.011700560600328305,0.32281915302309894,0.6654802863765727
25647,LOF,0.012463153031114787,0.31916924746981973,0.6683675994990654
25648,LOF,0.00884520492435031,0.40916729588916634,0.5819874991864834
25649,LOF,0.007886738749894028,0.2579754683134825,0.7341377929366234
25650,GOF,0.02982447936885197,0.5742730739067844,0.3959024467243636
25651,LOF,0.007635278301228598,0.43396833952971897,0.5583963821690524
25652,LOF,0.018336207117537424,0.29067705084245266,0.6909867420400099
25653,GOF,0.082965940884814,0.5032809905357314,0.41375306857945465
25654,GOF,0.01147848676939437,0.49551387101817296,0.49300764221243276
25655,GOF,0.09258968139713747,0.4962787066206709,0.4111316119821916
25656,LOF,0.0496304408241278,0.4744259548610128,0.47594360431485944
25657,LOF,0.2350143361660667,0.05517263913739572,0.7098130246965376
25658,LOF,0.018950918948180254,0.3075881211669001,0.6734609598849197
25659,LOF,0.11619194266580474,0.25505569560977964,0.6287523617244156
25660,LOF,0.08847345695509956,0.11622748381747874,0.7952990592274218
25661,LOF,0.07216904493180942,0.07154295912981723,0.8562879959383735
25662,LOF,0.05437080541991611,0.07096876412269178,0.8746604304573923
25663,LOF,0.05158789187736186,0.08795844292843898,0.8604536651941992
25664,LOF,0.03942334446259551,0.14787420325092626,0.8127024522864783
25665,LOF,0.06415947352200178,0.18731941794086332,0.7485211085371349
25666,LOF,0.0650365162941979,0.13216053674613124,0.8028029469596708
25667,LOF,0.04455401719193089,0.031581119823658944,0.9238648629844102
25668,LOF,0.05281266206641843,0.044943524450705805,0.9022438134828757
25669,LOF,0.04177071013765097,0.07063814360784025,0.8875911462545089
25670,LOF,0.06671413284525071,0.05432087461454591,0.8789649925402034
25671,LOF,0.06440862533237146,0.07570397425385089,0.8598874004137776
25672,LOF,0.06875405470725511,0.12043752971357412,0.8108084155791707
25673,LOF,0.058621393684384,0.06467071760542221,0.8767078887101938
25674,LOF,0.033432065161013255,0.10985818983384153,0.8567097450051452
25675,LOF,0.06398852870991575,0.04375103281919853,0.8922604384708857
25676,LOF,0.04904394746485507,0.0866772036458531,0.8642788488892919
25677,LOF,0.07198034071774066,0.058892905943274475,0.8691267533389848
25678,LOF,0.27378897866521473,0.0509257959042278,0.6752852254305575
25679,LOF,0.15338133605726303,0.08200932546317423,0.7646093384795627
25680,LOF,0.09582031900810903,0.1334858432957291,0.770693837696162
25681,LOF,0.10365283003137024,0.12577465947076383,0.7705725104978659
25682,LOF,0.05778838382998509,0.07887830801143238,0.8633333081585824
25683,LOF,0.12551655135667317,0.0732886408514796,0.8011948077918473
25684,LOF,0.09110687046137295,0.12389587587449641,0.7849972536641306
25685,LOF,0.09720156504687415,0.03857932448985748,0.8642191104632684
25686,LOF,0.027716215022218847,0.19131254174447862,0.7809712432333025
25687,LOF,0.0442115961718985,0.19614019612382236,0.7596482077042791
25688,LOF,0.013780712761371541,0.38503475689761435,0.6011845303410142
25689,LOF,0.01062066909000454,0.22906698337250317,0.7603123475374923
25690,LOF,0.011639957296679786,0.3922765661689983,0.5960834765343218
25691,GOF,0.08203387099865118,0.5030941021305431,0.4148720268708059
25692,LOF,0.12658829276943848,0.043492131143900666,0.8299195760866608
25693,GOF,0.024931628651193975,0.5578767314762946,0.41719163987251145
25694,LOF,0.21245133676193384,0.05659356753721274,0.7309550957008535
25695,LOF,0.16293265281254637,0.07751551245954584,0.7595518347279078
25696,LOF,0.16167282585992185,0.0511976549739154,0.7871295191661628
25697,LOF,0.15237161311381558,0.03915580577282265,0.8084725811133617
25698,LOF,0.01417123217691434,0.45481896695323926,0.5310098008698464
25699,LOF,0.06771257375236578,0.23914551992865415,0.6931419063189801
25700,LOF,0.061912704698535485,0.018190368048043044,0.9198969272534215
25701,LOF,0.008602492963192173,0.47133672692250417,0.5200607801143036
25702,GOF,0.020576665428646446,0.6503662545741602,0.3290570799971934
25703,LOF,0.015144122374842087,0.07292564567373486,0.911930231951423
25704,LOF,0.06863660980849766,0.10759305083091955,0.8237703393605829
25705,LOF,0.09889091839588895,0.19467266459012714,0.706436417013984
25706,GOF,0.020232991353405613,0.7928024321576387,0.18696457648895579
25707,GOF,0.016403842893862798,0.7430451900821036,0.2405509670240336
25708,GOF,0.007260961805537612,0.7869208661442283,0.20581817205023423
25709,LOF,0.04667614728168305,0.11485207028795333,0.8384717824303637
25710,LOF,0.011960953175397134,0.21357475397682907,0.7744642928477738
25711,LOF,0.047346636143740954,0.1273205203547648,0.8253328435014943
25712,LOF,0.02130250941254159,0.14334670527823515,0.8353507853092232
25713,LOF,0.04051336803694114,0.13839136248572642,0.8210952694773325
25714,LOF,0.03633828730328169,0.317359640230905,0.6463020724658133
25715,LOF,0.03351627333324968,0.1998706252667348,0.7666131014000156
25716,LOF,0.011426476084444843,0.08312654680917614,0.905446977106379
25717,LOF,0.010994932647390123,0.07731085976561618,0.9116942075869938
25718,LOF,0.04617354860135924,0.07994843395067612,0.8738780174479646
25719,LOF,0.04096827487464852,0.13276871806741092,0.8262630070579405
25720,LOF,0.03794263760718592,0.1808445066116564,0.7812128557811577
25721,LOF,0.0417869956096954,0.10205372328052466,0.8561592811097799
25722,LOF,0.038387770857152406,0.12734205130323356,0.8342701778396141
25723,LOF,0.05003097768196106,0.15670960993542937,0.7932594123826096
25724,GOF,0.06355836477346344,0.4731966615136576,0.4632449737128791
25725,LOF,0.06336423943110062,0.1362270784322837,0.8004086821366155
25726,LOF,0.04110133473656378,0.1417761110747986,0.8171225541886377
25727,LOF,0.05878036475396999,0.09233819470959218,0.8488814405364378
25728,LOF,0.03625293041610599,0.20949190295433853,0.7542551666295555
25729,LOF,0.040469893339453056,0.1992037757262647,0.7603263309342823
25730,LOF,0.04838095114706323,0.15788645039899332,0.7937325984539434
25731,LOF,0.014971401492061888,0.10531550531121003,0.8797130931967281
25732,LOF,0.03323701778150994,0.09708143633899417,0.8696815458794959
25733,LOF,0.04424196574183302,0.2753564646859513,0.6804015695722156
25734,LOF,0.009305798664008404,0.19063875447176168,0.80005544686423
25735,LOF,0.04183279294724758,0.11431949328027236,0.8438477137724801
25736,LOF,0.038354133544260975,0.19021871627774867,0.7714271501779904
25737,LOF,0.06358668541987478,0.10731002543914561,0.8291032891409797
25738,LOF,0.05405772837980841,0.22812746896603708,0.7178148026541545
25739,LOF,0.037522232796899375,0.17145106032091992,0.7910267068821807
25740,LOF,0.05847187127363679,0.1505190974240992,0.7910090313022641
25741,LOF,0.05456957777603376,0.15739590505073034,0.7880345171732359
25742,LOF,0.061899769597760286,0.18294953337501868,0.755150697027221
25743,LOF,0.01285250992562129,0.03531203084254319,0.9518354592318355
25744,GOF,0.08675611307490783,0.4917982773263893,0.4214456095987028
25745,LOF,0.02202350042016956,0.45519968239770836,0.522776817182122
25746,LOF,0.012450651926195938,0.4380762485011562,0.5494730995726479
25747,LOF,0.05042250626869231,0.04035936535373842,0.9092181283775692
25748,LOF,0.09901203534096639,0.2355447609921724,0.6654432036668612
25749,LOF,0.011770464018339104,0.35786804516413634,0.6303614908175245
25750,LOF,0.014222198556054217,0.45513527593088393,0.5306425255130619
25751,LOF,0.03177270523944583,0.15436349467609242,0.8138638000844617
25752,GOF,0.10041531407974867,0.6065417248296745,0.29304296109057676
25753,LOF,0.010402805007480042,0.1878943682261968,0.8017028267663232
25754,GOF,0.011143136328903541,0.8743327642396894,0.11452409943140703
25755,LOF,0.009027162438571937,0.19804862951549007,0.792924208045938
25756,LOF,0.05251299036668667,0.258401568507516,0.6890854411257974
25757,GOF,0.009920761088961063,0.7868476194741876,0.20323161943685128
25758,GOF,0.00966643365934215,0.8647261261950744,0.1256074401455835
25759,GOF,0.005956401278692236,0.6658537852120148,0.3281898135092929
25760,LOF,0.007773300333526704,0.11060234308670905,0.8816243565797642
25761,GOF,0.03349963834608299,0.8541862773048456,0.11231408434907125
25762,LOF,0.05845200109296495,0.2726245283894253,0.6689234705176098
25763,LOF,0.009006574686781609,0.10647797741185895,0.8845154479013595
25764,GOF,0.08698057878246827,0.5921298216463392,0.3208895995711925
25765,GOF,0.009155685527364331,0.8499178184382203,0.1409264960344152
25766,GOF,0.023063328123868198,0.8179589472286912,0.1589777246474406
25767,GOF,0.010230878113301934,0.6923876789633376,0.2973814429233606
25768,LOF,0.04929908427035032,0.08271428996774126,0.8679866257619084
25769,LOF,0.02970808182220575,0.22929028282052746,0.7410016353572667
25770,Neutral,0.7281544006008916,0.07461230729069664,0.19723329210841162
25771,LOF,0.031414708255783526,0.11579330743351328,0.8527919843107031
25772,LOF,0.04416072306707057,0.17299644832259353,0.7828428286103359
25773,LOF,0.02430373257199828,0.3028847429845214,0.6728115244434804
25774,LOF,0.05426915697894405,0.2244588597247409,0.7212719832963151
25775,LOF,0.02739351423053313,0.10168513086190584,0.8709213549075611
25776,LOF,0.027977031701777913,0.14992379586081725,0.8220991724374047
25777,LOF,0.285365188245402,0.16418638283204168,0.5504484289225562
25778,LOF,0.038986731705634575,0.17462020505805148,0.7863930632363139
25779,GOF,0.13601319452564636,0.5339674394521813,0.3300193660221723
25780,GOF,0.1158388245090422,0.5819479624060323,0.3022132130849255
25781,GOF,0.05512415104364357,0.539068048291855,0.4058078006645015
25782,GOF,0.0464475958340831,0.5489797090252794,0.4045726951406375
25783,GOF,0.09764473443319892,0.6254574225521692,0.276897843014632
25784,GOF,0.2087501913437483,0.5169333175397529,0.2743164911164988
25785,GOF,0.3428361778544236,0.5313453033813271,0.12581851876424924
25786,LOF,0.022506923422043888,0.3373243282166766,0.6401687483612793
25787,Neutral,0.5259152660323917,0.2831314579080674,0.19095327605954093
25788,LOF,0.03613950980035569,0.07265947518540189,0.8912010150142424
25789,GOF,0.037351914033341656,0.6765717311614327,0.2860763548052257
25790,GOF,0.050068565598211066,0.5393768753024505,0.4105545590993383
25791,GOF,0.03656995576808967,0.6002684153850609,0.3631616288468495
25792,GOF,0.04838843188764637,0.6347336263596718,0.31687794175268197
25793,LOF,0.08345194832438928,0.44236924291385454,0.4741788087617563
25794,LOF,0.08270781113836882,0.3299518669111091,0.587340321950522
25795,LOF,0.05048076766031687,0.21994284590067253,0.7295763864390107
25796,LOF,0.3211299695809523,0.2935889995343375,0.3852810308847102
25797,LOF,0.10677495358575399,0.2968210948584766,0.5964039515557694
25798,GOF,0.012175794612021581,0.6563253239544969,0.3314988814334814
25799,GOF,0.008992223606827809,0.5840449880661528,0.4069627883270193
25800,GOF,0.039173235220040035,0.7631649992388793,0.1976617655410807
25801,GOF,0.05325658546324046,0.6375293499455882,0.30921406459117123
25802,GOF,0.06545028040227352,0.5946798749823579,0.33986984461536873
25803,LOF,0.04466958483902958,0.41607672515483235,0.539253690006138
25804,LOF,0.09588749716446214,0.3333589682005414,0.5707535346349965
25805,GOF,0.06215942726934918,0.5241991083596813,0.41364146437096944
25806,GOF,0.07934553997756637,0.532902449781555,0.38775201024087863
25807,LOF,0.029394249162479933,0.4505673477730255,0.5200384030644946
25808,GOF,0.0677275823107411,0.6266750878085477,0.30559732988071125
25809,LOF,0.019383086901422812,0.4062999921954006,0.5743169209031767
25810,LOF,0.017065864102851252,0.43481820144343236,0.5481159344537164
25811,GOF,0.11740378645378462,0.550376254158884,0.3322199593873313
25812,LOF,0.10054459135435478,0.3712607112013372,0.528194697444308
25813,GOF,0.35365322557163187,0.3809753093837515,0.26537146504461673
25814,GOF,0.07965177101488052,0.49437191373423145,0.42597631525088814
25815,GOF,0.13223135775576972,0.4827776392677273,0.384991002976503
25816,GOF,0.019853588037393042,0.6465997147674106,0.3335466971951963
25817,LOF,0.12926076370664197,0.3705669622273226,0.5001722740660354
25818,GOF,0.05798343450428725,0.5252533209113441,0.41676324458436864
25819,LOF,0.12517321467849327,0.3871072725816418,0.487719512739865
25820,LOF,0.12834362389927292,0.36154449379540476,0.5101118823053223
25821,LOF,0.09342163706954092,0.41055900317699595,0.4960193597534632
25822,LOF,0.18872654803027633,0.31641244792781925,0.4948610040419043
25823,LOF,0.08877456142609509,0.2321965514040156,0.6790288871698894
25824,GOF,0.05814386663742332,0.5479484750917056,0.39390765827087104
25825,GOF,0.04388059477917565,0.5669789004258516,0.38914050479497253
25826,LOF,0.017581245151857425,0.3887505214109527,0.5936682334371899
25827,GOF,0.01487669670188563,0.5594901395757853,0.42563316372232907
25828,GOF,0.015795016915616713,0.5398284660278395,0.44437651705654374
25829,LOF,0.009730089078038474,0.2911096540048775,0.6991602569170839
25830,LOF,0.15119994157005492,0.0570982947786502,0.7917017636512949
25831,GOF,0.053592023687013546,0.6774157860327912,0.26899219028019516
25832,LOF,0.01639223442559391,0.33044591346071106,0.653161852113695
25833,GOF,0.07050011495093407,0.4710706375274426,0.4584292475216234
25834,LOF,0.017768930142536044,0.3279394156741797,0.6542916541832844
25835,GOF,0.0535930196196803,0.635813943455007,0.31059303692531276
25836,LOF,0.015607076586135037,0.4902353642165661,0.49415755919729887
25837,LOF,0.02483528073524558,0.37972593336104465,0.5954387859037097
25838,GOF,0.053213094068234094,0.5591976663715035,0.3875892395602625
25839,LOF,0.14101585539180864,0.4107247002882169,0.44825944431997444
25840,GOF,0.11830205006628665,0.5103175368091634,0.37138041312455006
25841,GOF,0.10891222250373972,0.5543537086483836,0.33673406884787666
25842,GOF,0.05951456946018866,0.6467057681329639,0.29377966240684744
25843,GOF,0.04192103969552295,0.6860526602197354,0.2720263000847416
25844,GOF,0.0459644079184517,0.5128934323286543,0.44114215975289406
25845,LOF,0.013330214854454103,0.2876212021471953,0.6990485829983506
25846,GOF,0.06607538794611705,0.522684812068516,0.4112397999853669
25847,GOF,0.04963695904696291,0.6454281079814763,0.30493493297156093
25848,GOF,0.04280156610049255,0.6703063694391967,0.2868920644603106
25849,GOF,0.011686446771813356,0.5923404096984711,0.39597314352971547
25850,GOF,0.01738557789171726,0.5408767925575524,0.4417376295507304
25851,LOF,0.017538361250438752,0.46739370573377176,0.5150679330157895
25852,LOF,0.23695359701612054,0.3717595625942683,0.3912868403896111
25853,GOF,0.10146791258683707,0.4826376216131385,0.41589446580002437
25854,LOF,0.010753143454244884,0.4605373163990006,0.5287095401467544
25855,LOF,0.03715202222296332,0.4018443269943884,0.5610036507826482
25856,GOF,0.09586280029378973,0.5815687145519135,0.32256848515429665
25857,LOF,0.04291549214393263,0.3617910307304081,0.5952934771256593
25858,LOF,0.01643847866685151,0.29817314301679293,0.6853883783163555
25859,LOF,0.01135321324098694,0.28275174368252126,0.7058950430764919
25860,LOF,0.1135165492824232,0.350208871683731,0.5362745790338458
25861,GOF,0.13611449726497304,0.4532072414840591,0.41067826125096785
25862,GOF,0.033812260927041725,0.7013710348900788,0.26481670418287956
25863,GOF,0.036148246439416463,0.6011874934951201,0.36266426006546343
25864,GOF,0.04577847047289896,0.6517565109818279,0.302465018545273
25865,GOF,0.03966717569728964,0.6450982913690378,0.31523453293367243
25866,GOF,0.04981407121401307,0.640827167589879,0.3093587611961079
25867,GOF,0.14490799231821952,0.629514400068449,0.22557760761333157
25868,GOF,0.12463963567797755,0.4875108031163387,0.3878495612056838
25869,Neutral,0.463628937436826,0.34427853600696995,0.19209252655620407
25870,LOF,0.17399153415468765,0.09342309660829849,0.7325853692370138
25871,LOF,0.015468366329838806,0.35178992832795636,0.6327417053422048
25872,LOF,0.041612951832320506,0.42429052046346877,0.5340965277042108
25873,GOF,0.032113977921918266,0.6120165826758885,0.35586943940219307
25874,LOF,0.055409034007883655,0.025562942848774917,0.9190280231433415
25875,LOF,0.02527716253584102,0.4273196605726926,0.5474031768914663
25876,LOF,0.03145027172755152,0.10840016149171272,0.8601495667807358
25877,GOF,0.09039335244575734,0.5360553325843662,0.3735513149698765
25878,GOF,0.05423811291029474,0.7247191191045874,0.2210427679851178
25879,LOF,0.01443014028226525,0.356421563269459,0.6291482964482757
25880,LOF,0.04640585661250418,0.045198828107505445,0.9083953152799905
25881,GOF,0.37860695802873434,0.40154402252126825,0.2198490194499973
25882,LOF,0.024440781927985884,0.31435719828347103,0.6612020197885432
25883,LOF,0.0251194414167974,0.1348213862578673,0.8400591723253353
25884,LOF,0.021108764945544513,0.19556363412741598,0.7833276009270396
25885,LOF,0.14683578394663035,0.04205892321477962,0.8111052928385901
25886,LOF,0.04928589705216401,0.2389061533016808,0.7118079496461552
25887,GOF,0.04012639265549932,0.6330149308503376,0.3268586764941631
25888,LOF,0.005386500269400101,0.4239306663245089,0.570682833406091
25889,LOF,0.038405429762099395,0.10827567933854769,0.8533188908993529
25890,LOF,0.13930251640422217,0.378465369738055,0.4822321138577228
25891,LOF,0.11943061446269282,0.1173918702978197,0.7631775152394875
25892,LOF,0.0060857152728446585,0.15246328534463427,0.8414509993825211
25893,LOF,0.2870183125474278,0.06901551843109527,0.643966169021477
25894,LOF,0.32684776710586677,0.03559491846925018,0.6375573144248831
25895,LOF,0.23777696197099984,0.04008971337057513,0.7221333246584251
25896,LOF,0.08355922943789408,0.1007919908384824,0.8156487797236236
25897,LOF,0.09343771206797817,0.06840336312735905,0.8381589248046628
25898,GOF,0.06844627907185809,0.4971028965725035,0.4344508243556384
25899,LOF,0.23484390617643394,0.19014772229262242,0.5750083715309436
25900,Neutral,0.8491761319778839,0.0336876471183689,0.11713622090374726
25901,LOF,0.07748523144017132,0.03007380875878554,0.8924409598010431
25902,LOF,0.18642210574680235,0.010419070274008194,0.8031588239791895
25903,LOF,0.12532482701912048,0.18683432757890706,0.6878408454019724
25904,LOF,0.3618248956470536,0.21507778012446396,0.4230973242284825
25905,LOF,0.01188145713446812,0.3355674088927124,0.6525511339728195
25906,LOF,0.015325115932623857,0.03527540155861573,0.9493994825087604
25907,LOF,0.00999364168109545,0.26324206671048644,0.726764291608418
25908,LOF,0.009886750249761638,0.2380660362069394,0.752047213543299
25909,LOF,0.03967113436803281,0.1595849067971355,0.8007439588348317
25910,LOF,0.022402875518910976,0.17597216893996645,0.8016249555411226
25911,LOF,0.08602415137554921,0.09569394291133457,0.8182819057131162
25912,LOF,0.11687494440603033,0.01839548811468396,0.8647295674792858
25913,LOF,0.010450730204782476,0.06441453392019092,0.9251347358750266
25914,LOF,0.03387022131466971,0.18838595831177415,0.7777438203735562
25915,GOF,0.0617496887025684,0.8693806180578857,0.06886969323954609
25916,GOF,0.01090264499764617,0.6400859358648806,0.3490114191374731
25917,LOF,0.21258284421730528,0.09659082359112088,0.690826332191574
25918,LOF,0.03984412397290908,0.09295506547799247,0.8672008105490986
25919,LOF,0.03897825772422482,0.06696642442900756,0.8940553178467677
25920,GOF,0.12039526080993579,0.4980603706781267,0.3815443685119377
25921,LOF,0.023916187732238036,0.03567492679109652,0.9404088854766655
25922,LOF,0.019831071453887596,0.04106506016470232,0.9391038683814101
25923,LOF,0.31055954542881664,0.08007613597035548,0.6093643186008278
25924,LOF,0.027802057478757435,0.08619320824470322,0.8860047342765394
25925,LOF,0.23499888663966711,0.01822266888989296,0.7467784444704398
25926,LOF,0.10006552118728779,0.0903284471995895,0.8096060316131227
25927,LOF,0.015005804969520746,0.07359476445357334,0.9113994305769059
25928,LOF,0.014595693742279663,0.036693858596994436,0.9487104476607259
25929,Neutral,0.5952854596354871,0.07702760448096402,0.32768693588354897
25930,LOF,0.030616066152195476,0.13388706858412697,0.8354968652636775
25931,LOF,0.014181050136656303,0.053800159353556185,0.9320187905097875
25932,LOF,0.059948202581128165,0.03990159928500991,0.900150198133862
25933,LOF,0.054025432959626474,0.02297210547534275,0.9230024615650307
25934,LOF,0.05517908995108193,0.03224204042441618,0.9125788696245019
25935,LOF,0.24262183713716257,0.025226180366460283,0.732151982496377
25936,LOF,0.04897621241233694,0.027904427847190605,0.9231193597404725
25937,LOF,0.014064364990314417,0.08158403828754746,0.904351596722138
25938,LOF,0.2439521790189714,0.020621279755616492,0.7354265412254121
25939,LOF,0.040955019563218696,0.03228425229273094,0.9267607281440504
25940,GOF,0.006776483664646389,0.5982812752607188,0.3949422410746347
25941,LOF,0.3760782384997436,0.09479809329243992,0.5291236682078165
25942,LOF,0.011990954071013873,0.1367823470586715,0.8512266988703147
25943,GOF,0.01921298321351469,0.6404215952190744,0.340365421567411
25944,LOF,0.018726631604651173,0.4123848110847116,0.5688885573106371
25945,LOF,0.068646308817871,0.11343500811894432,0.8179186830631847
25946,LOF,0.07623485041357284,0.07073484190167129,0.8530303076847559
25947,LOF,0.45623786889150714,0.02719059303542162,0.5165715380730713
25948,LOF,0.24233314252988078,0.035401446853700905,0.7222654106164184
25949,LOF,0.2371795468427899,0.030924131055100324,0.7318963221021098
25950,GOF,0.045605678388357704,0.7815762620091815,0.17281805960246086
25951,LOF,0.01332224329257164,0.4150305969316624,0.571647159775766
25952,LOF,0.08301099644239261,0.37159353483783913,0.5453954687197683
25953,LOF,0.007305995481929274,0.3987100909452363,0.5939839135728345
25954,GOF,0.027368153339764747,0.526428193589789,0.44620365307044635
25955,GOF,0.004937813089061972,0.62217848676648,0.372883700144458
25956,GOF,0.0112138611405058,0.6938331631283232,0.29495297573117096
25957,LOF,0.24672452360159708,0.0706923889563601,0.6825830874420429
25958,LOF,0.021551954041202904,0.21473149883089687,0.7637165471279002
25959,GOF,0.004591472510710421,0.632908653440685,0.36249987404860456
25960,LOF,0.0059322448175294406,0.131122783562834,0.8629449716196366
25961,LOF,0.02045497998537578,0.20630658223856496,0.7732384377760592
25962,LOF,0.11678032809146859,0.0263750026114828,0.8568446692970486
25963,LOF,0.012946107560358173,0.11795766499866701,0.8690962274409747
25964,LOF,0.054912503385546624,0.10921236513123404,0.8358751314832193
25965,LOF,0.15042691140516487,0.20332355450455555,0.6462495340902796
25966,GOF,0.15453271662049123,0.469791889670633,0.37567539370887587
25967,LOF,0.010124653917643438,0.12008530089398836,0.8697900451883682
25968,LOF,0.1453826539907065,0.4177937459588203,0.4368236000504731
25969,LOF,0.20111882506887804,0.027385809399800978,0.771495365531321
25970,LOF,0.020714418293219954,0.15402941148237834,0.8252561702244017
25971,LOF,0.08206741960307723,0.13385197620716252,0.7840806041897603
25972,LOF,0.0664737969684242,0.12106024768722795,0.812465955344348
25973,LOF,0.209116103893137,0.012259140794873022,0.77862475531199
25974,LOF,0.06777891554793483,0.36350669710955597,0.5687143873425092
25975,LOF,0.054145729106063745,0.028869689593831193,0.9169845813001051
25976,LOF,0.07500278855507,0.02025584354099258,0.9047413679039374
25977,LOF,0.20222957333998814,0.07106171798079781,0.726708708679214
25978,LOF,0.21420178410606888,0.17557279240173002,0.6102254234922011
25979,LOF,0.15652521722141818,0.2050127551749091,0.6384620276036728
25980,LOF,0.15341209352555174,0.3609648573776026,0.4856230490968457
25981,LOF,0.15776548616638916,0.38258017688653295,0.45965433694707786
25982,LOF,0.20375733999089155,0.2787842277095876,0.5174584322995208
25983,LOF,0.17307301520928264,0.3069977742129828,0.5199292105777346
25984,LOF,0.04104952173174341,0.07997330084022285,0.8789771774280338
25985,Neutral,0.45054166158602094,0.2807678837006883,0.26869045471329084
25986,GOF,0.010168308210728018,0.6728588196459616,0.3169728721433105
25987,LOF,0.02323063152090763,0.1292029846224706,0.8475663838566218
25988,LOF,0.037418476174975464,0.10343509435837545,0.859146429466649
25989,LOF,0.04604321413747296,0.12443044350299824,0.8295263423595288
25990,LOF,0.051336575941836805,0.24662832497418527,0.702035099083978
25991,GOF,0.046718672025960466,0.7397099833238466,0.21357134465019284
25992,LOF,0.022858070933838476,0.4759593983469735,0.5011825307191881
25993,LOF,0.058495645249912284,0.03650533951951856,0.9049990152305691
25994,LOF,0.06100109830955753,0.06914273487905542,0.8698561668113871
25995,LOF,0.039927937150801784,0.06455413867521693,0.8955179241739812
25996,GOF,0.29634845988352515,0.5411660692891654,0.16248547082730933
25997,GOF,0.05339961586256429,0.7072518533677858,0.23934853076965004
25998,LOF,0.1903947244053799,0.16846003739173282,0.6411452382028872
25999,GOF,0.012304332762732116,0.5797491323650816,0.4079465348721862
26000,LOF,0.12272565084226386,0.013862777216649922,0.8634115719410863
26001,LOF,0.12267007667982446,0.02955130892106783,0.8477786143991077
26002,LOF,0.1913236997584113,0.0074059194213849985,0.8012703808202037
26003,GOF,0.010357693627084842,0.6018899904008626,0.3877523159720526
26004,GOF,0.025062047070916964,0.523700178468129,0.45123777446095403
26005,GOF,0.005933751882013911,0.5242985848134178,0.4697676633045684
26006,GOF,0.17893543400600326,0.5965203605185824,0.2245442054754143
26007,GOF,0.015178994404712322,0.5640823877705188,0.42073861782476896
26008,GOF,0.01350322542007686,0.535553616073686,0.4509431585062371
26009,GOF,0.026532839078536385,0.7273429399460237,0.24612422097543996
26010,GOF,0.013249098628676825,0.6264452824142889,0.3603056189570342
26011,LOF,0.00641974899436943,0.40663353747552267,0.586946713530108
26012,GOF,0.0076876226697863235,0.5684549733600076,0.423857403970206
26013,LOF,0.00818066876256641,0.4803565307583365,0.5114628004790971
26014,LOF,0.18738704229973724,0.012389882072166153,0.8002230756280967
26015,LOF,0.14622948292236085,0.10292010498933007,0.750850412088309
26016,LOF,0.19580321936483208,0.12774538067068092,0.6764513999644869
26017,LOF,0.01955783451328527,0.3439439154165303,0.6364982500701845
26018,LOF,0.024789230077623802,0.27944975302210084,0.6957610169002753
26019,LOF,0.025390000838995386,0.1844072404779859,0.7902027586830186
26020,LOF,0.007300194247364799,0.20584064690016626,0.7868591588524689
26021,LOF,0.06348933787921533,0.20015214282337127,0.7363585192974134
26022,LOF,0.060889484441348785,0.07606810835653198,0.8630424072021192
26023,LOF,0.039675460662359885,0.2525630058861594,0.7077615334514807
26024,LOF,0.05420546431447577,0.13640192152492187,0.8093926141606024
26025,LOF,0.08081879749305498,0.24247495430437752,0.6767062482025674
26026,LOF,0.10763589138539632,0.24243527142739482,0.6499288371872088
26027,LOF,0.0385318807931819,0.09978523684878801,0.8616828823580301
26028,LOF,0.03454263307859772,0.3732855964645124,0.5921717704568898
26029,LOF,0.02842478220082713,0.4298534914463094,0.5417217263528634
26030,LOF,0.22725854822573915,0.05670334949581518,0.7160381022784458
26031,LOF,0.013074760048535822,0.45251279088378354,0.5344124490676805
26032,LOF,0.03786716429905495,0.06056443351818791,0.9015684021827572
26033,LOF,0.060576122013153266,0.15239060813604827,0.7870332698507984
26034,LOF,0.016384196785521537,0.2745783663943307,0.7090374368201477
26035,LOF,0.012228825250598114,0.35326878058857664,0.6345023941608252
26036,LOF,0.011092960296033554,0.21967869436322238,0.769228345340744
26037,LOF,0.011444748168876208,0.23097757774395586,0.7575776740871679
26038,LOF,0.026785926338251914,0.06540521697237882,0.9078088566893694
26039,LOF,0.027652829008396516,0.28084383151033065,0.6915033394812728
26040,LOF,0.04617973712241065,0.252174939956979,0.7016453229206104
26041,LOF,0.012928055254579823,0.27641679595510826,0.7106551487903119
26042,LOF,0.011756062702184603,0.30140596352355153,0.6868379737742639
26043,LOF,0.02772976524819035,0.19205397233892738,0.7802162624128822
26044,LOF,0.008956696868146858,0.25068557086996235,0.7403577322618908
26045,GOF,0.058850396314814556,0.5800575135929206,0.3610920900922649
26046,LOF,0.026049969498167035,0.20787186783358597,0.7660781626682471
26047,LOF,0.070962517887517,0.1067124168788807,0.8223250652336023
26048,LOF,0.08788071678212017,0.13222070210312054,0.7798985811147593
26049,Neutral,0.8521232645302559,0.0443107086055125,0.10356602686423154
26050,Neutral,0.8426050035976367,0.03944365795392596,0.11795133844843739
26051,GOF,0.009785732519300807,0.5554062098185012,0.43480805766219804
26052,LOF,0.01213750196391233,0.4494373963621508,0.5384251016739369
26053,LOF,0.03227817900397511,0.025648282110819803,0.9420735388852051
26054,LOF,0.16066911888142918,0.06926546306788935,0.7700654180506815
26055,LOF,0.17709316311639922,0.12756111783744953,0.6953457190461512
26056,LOF,0.18049365509185278,0.13380880226343436,0.6856975426447128
26057,LOF,0.05464794861966278,0.03107660246966885,0.9142754489106683
26058,LOF,0.064156258749266,0.025202094825750452,0.9106416464249837
26059,Neutral,0.8348494756917362,0.06688138974836899,0.09826913455989485
26060,LOF,0.013941519625843732,0.3086568785798249,0.6774016017943314
26061,LOF,0.014114636364158656,0.030905609570039846,0.9549797540658014
26062,LOF,0.008093108356596358,0.07662412881737105,0.9152827628260326
26063,LOF,0.04906061827159593,0.03378569873593802,0.9171536829924659
26064,LOF,0.014297869367925549,0.04171742688225794,0.9439847037498165
26065,LOF,0.03435348603338598,0.04739852917229252,0.9182479847943215
26066,LOF,0.04808818365200534,0.04007717483939176,0.9118346415086028
26067,LOF,0.06445170003134973,0.04714962963767228,0.888398670330978
26068,LOF,0.17175167863376214,0.07645344566337742,0.7517948757028604
26069,LOF,0.07012318975797881,0.12112093394267867,0.8087558762993424
26070,LOF,0.0812813245012391,0.11459932723827686,0.8041193482604839
26071,LOF,0.04922852282937316,0.03645208353027088,0.9143193936403559
26072,LOF,0.01008659400651333,0.032269828904092364,0.9576435770893943
26073,LOF,0.04340731882727166,0.029340487114547904,0.9272521940581804
26074,Neutral,0.813936832891396,0.044810525957488564,0.14125264115111547
26075,LOF,0.056172655694464696,0.17357660939621744,0.7702507349093178
26076,LOF,0.048944091045560016,0.06869506439283986,0.8823608445616002
26077,LOF,0.1582588067853099,0.07304896026665124,0.7686922329480388
26078,LOF,0.008787079072611502,0.05681882961579781,0.9343940913115907
26079,LOF,0.16255411460707697,0.08034054933899036,0.7571053360539328
26080,LOF,0.16255411460707697,0.08034054933899036,0.7571053360539328
26081,LOF,0.05767112688612034,0.035857370831343674,0.9064715022825359
26082,LOF,0.009520585329288225,0.08399692679070714,0.9064824878800047
26083,LOF,0.03231795630834127,0.1085911048742969,0.8590909388173619
26084,LOF,0.04512139672615777,0.05964856301203645,0.8952300402618057
26085,LOF,0.042788003283967875,0.05068216697458953,0.9065298297414425
26086,LOF,0.04014900438433957,0.05722911813256021,0.9026218774831002
26087,LOF,0.0534596474097118,0.06350274018711254,0.8830376124031758
26088,LOF,0.010373612992074595,0.130044158501488,0.8595822285064373
26089,LOF,0.052197717205742615,0.24301967550855025,0.7047826072857072
26090,LOF,0.0554493156936806,0.23410399539323828,0.7104466889130813
26091,LOF,0.03975557679547614,0.04638912352865485,0.9138552996758691
26092,LOF,0.04716909243669087,0.031079182502656063,0.9217517250606532
26093,LOF,0.07230644976241346,0.02824819458057957,0.8994453556570069
26094,LOF,0.04226211940596991,0.044727811396845785,0.9130100691971843
26095,LOF,0.015843300296136748,0.05845534453381795,0.9257013551700454
26096,LOF,0.2630291931416573,0.01157867180746433,0.7253921350508784
26097,LOF,0.009463065756524594,0.05230414544230806,0.9382327888011672
26098,LOF,0.15909569046171215,0.06873988490704838,0.7721644246312395
26099,LOF,0.0315002627558851,0.06999835469351234,0.8985013825506025
26100,LOF,0.0315002627558851,0.06999835469351234,0.8985013825506025
26101,LOF,0.0313189241919924,0.08134668285092628,0.8873343929570813
26102,LOF,0.04329253766713507,0.036889109237634964,0.9198183530952301
26103,Neutral,0.8375097884957359,0.06478088190045389,0.09770932960381039
26104,LOF,0.17146519657054182,0.09943334838702944,0.7291014550424287
26105,LOF,0.23659353542983388,0.19754023349763375,0.5658662310725324
26106,LOF,0.2829652629785006,0.22531326260951753,0.4917214744119819
26107,LOF,0.008500922510719782,0.3366688787110017,0.6548301987782785
26108,LOF,0.11210647341681342,0.2884030348749168,0.5994904917082698
26109,LOF,0.050428495107854,0.07570706570519324,0.8738644391869527
26110,LOF,0.16715824788948294,0.1078931525702377,0.7249485995402795
26111,LOF,0.03762086582737615,0.23738362783773462,0.7249955063348892
26112,LOF,0.04109774552493969,0.04872246130731234,0.9101797931677481
26113,LOF,0.03684195667559653,0.0722604598040584,0.8908975835203451
26114,LOF,0.08358933066427483,0.056944672751658335,0.8594659965840667
26115,LOF,0.010527054003176195,0.45950574017988266,0.5299672058169411
26116,LOF,0.0733483484412734,0.16059065268048872,0.7660609988782379
26117,LOF,0.1715761026495105,0.12024795206813028,0.7081759452823593
26118,LOF,0.04099887757730209,0.02554090467888945,0.9334602177438085
26119,LOF,0.006316604425649439,0.10017882921218546,0.8935045663621651
26120,LOF,0.04710904849182133,0.024236232351858972,0.9286547191563197
26121,LOF,0.0050142785729217825,0.205507563367892,0.7894781580591862
26122,LOF,0.004314077533101603,0.22738474046379697,0.7683011820031015
26123,LOF,0.005232607064991058,0.20581078960264004,0.7889566033323688
