feature0,prediction,LoGoFunc_Neutral,LoGoFunc_GOF,LoGoFunc_LOF
25546,Neutral,0.7313031958298091,0.03493976045057166,0.2337570437196194
25547,Neutral,0.6048041749650046,0.06520070411597204,0.32999512091902333
25548,Neutral,0.5998942110652099,0.04548970976715933,0.3546160791676308
25549,Neutral,0.5274443389241186,0.04534721197780441,0.42720844909807704
25550,LOF,0.346378431689625,0.09296585555060788,0.5606557127597671
25551,LOF,0.28642974781074687,0.10269689220076465,0.6108733599884885
25552,LOF,0.21926516103340746,0.09654766651226929,0.6841871724543233
25553,Neutral,0.8488200670599847,0.02677755349185593,0.12440237944815934
25554,LOF,0.24760812552100706,0.09260335069035742,0.6597885237886355
25555,LOF,0.21067453286571755,0.08000552870695808,0.7093199384273243
25556,LOF,0.4203071634661685,0.07711428166592334,0.5025785548679081
25557,LOF,0.20153087749860618,0.08291516898451909,0.7155539535168748
25558,LOF,0.2318998969170575,0.09319433772048401,0.6749057653624584
25559,LOF,0.3640549048429068,0.16508399041923846,0.47086110473785464
25560,LOF,0.05088024128554772,0.1260242645757494,0.823095494138703
25561,LOF,0.11175577442287504,0.11620267631159997,0.772041549265525
25562,LOF,0.1012049583298443,0.05667923358182136,0.8421158080883344
25563,LOF,0.1149252894815013,0.06941868569735897,0.8156560248211397
25564,LOF,0.23617109625687605,0.11744987316506361,0.6463790305780603
25565,LOF,0.14138791114371693,0.1102105254267991,0.748401563429484
25566,GOF,0.015799662643414994,0.7849411162874556,0.19925922106912952
25567,LOF,0.013701211010205475,0.15332445124047892,0.8329743377493156
25568,LOF,0.05016075120287729,0.05772540106062297,0.8921138477364998
25569,LOF,0.05981551230781795,0.05477475840263834,0.8854097292895438
25570,LOF,0.06078972568005438,0.08649958454328878,0.8527106897766568
25571,LOF,0.055586554477871766,0.08170422816578453,0.8627092173563438
25572,LOF,0.06291988385896953,0.10579702402541952,0.831283092115611
25573,LOF,0.03405085810722503,0.0840858839032459,0.8818632579895291
25574,LOF,0.020364687607511894,0.12778999651094505,0.851845315881543
25575,LOF,0.04599709082321688,0.09579618094529012,0.8582067282314931
25576,LOF,0.016769412434192187,0.1145899687990984,0.8686406187667095
25577,LOF,0.014826539932144459,0.11002841980650983,0.8751450402613458
25578,LOF,0.24127948565002877,0.07333680151052831,0.685383712839443
25579,LOF,0.2413995646106606,0.07241853474921153,0.6861819006401279
25580,LOF,0.030598660685805325,0.07098454593079567,0.898416793383399
25581,LOF,0.05341214556897432,0.05775433586061216,0.8888335185704135
25582,LOF,0.053338929022693785,0.056807724296282384,0.8898533466810239
25583,LOF,0.04119394888355478,0.0805372918334266,0.8782687592830187
25584,LOF,0.44858770730510683,0.09504586463176903,0.4563664280631242
25585,LOF,0.02365038376694496,0.10946540746890869,0.8668842087641463
25586,LOF,0.02954915975547913,0.0661325631749283,0.9043182770695927
25587,LOF,0.03080039033122785,0.06283892294392299,0.906360686724849
25588,LOF,0.03010527947408907,0.07468771261030994,0.8952070079156009
25589,Neutral,0.5900034757727622,0.10567940502240125,0.3043171192048365
25590,LOF,0.030303014253717467,0.11472953591100661,0.854967449835276
25591,LOF,0.1167867047563049,0.04874411011354698,0.8344691851301482
25592,LOF,0.09416500552298919,0.11200172423550911,0.7938332702415017
25593,LOF,0.03380948132073822,0.23734884969444817,0.7288416689848136
25594,LOF,0.041241732221361925,0.2319734626800896,0.7267848050985485
25595,LOF,0.04796186362024113,0.15879939273634103,0.7932387436434178
25596,LOF,0.05065356541030568,0.1094878539816181,0.8398585806080763
25597,LOF,0.038296729820471505,0.1156817766582688,0.8460214935212598
25598,LOF,0.04560198318310784,0.1611667166447824,0.7932313001721097
25599,GOF,0.0077609959405802184,0.6686930341718175,0.3235459698876023
25600,GOF,0.01393987194927421,0.6008565203349588,0.3852036077157669
25601,LOF,0.010901468833157325,0.46678079346471224,0.5223177377021304
25602,LOF,0.023208615562173563,0.04692307717560518,0.9298683072622212
25603,LOF,0.05240532094435992,0.027836026847218982,0.919758652208421
25604,LOF,0.03769667849545594,0.03808123595533607,0.924222085549208
25605,LOF,0.010239708971870192,0.19766149543378486,0.792098795594345
25606,LOF,0.06593196974275693,0.3747267494993065,0.5593412807579364
25607,LOF,0.00599134128630055,0.1823471209721347,0.8116615377415647
25608,LOF,0.04573196177827124,0.0634880425339043,0.8907799956878244
25609,LOF,0.039919793095292616,0.4541283708302266,0.5059518360744807
25610,LOF,0.03549082313423787,0.02759551287827603,0.9369136639874862
25611,LOF,0.03961710204844882,0.027028254173301992,0.9333546437782492
25612,LOF,0.09808434789517481,0.047257714261516585,0.8546579378433087
25613,LOF,0.07962123417609182,0.04777798074996896,0.8726007850739392
25614,LOF,0.02794392887784171,0.03444304497808599,0.9376130261440723
25615,LOF,0.04538113066027371,0.05065656740679674,0.9039623019329296
25616,LOF,0.027198562320447726,0.03445148698178311,0.9383499506977692
25617,LOF,0.02514271262095189,0.041271889282001456,0.9335853980970467
25618,LOF,0.14668798266089647,0.03106786794240726,0.8222441493966962
25619,LOF,0.028645437949593896,0.032857287958736915,0.9384972740916692
25620,LOF,0.031106555814067436,0.04490914463678137,0.9239842995491512
25621,LOF,0.027204436274225707,0.037310914101923234,0.935484649623851
25622,LOF,0.031018351436147125,0.041962017848980085,0.9270196307148727
25623,LOF,0.051627530240759195,0.04149945195144816,0.9068730178077926
25624,LOF,0.02462134655392653,0.04076709186101398,0.9346115615850595
25625,LOF,0.03179789845018093,0.04956673959090272,0.9186353619589163
25626,LOF,0.08338608470019698,0.03965293186284344,0.8769609834369596
25627,Neutral,0.5428304846873478,0.12696772338217754,0.33020179193047455
25628,LOF,0.2054937430205875,0.0571288416506001,0.7373774153288123
25629,LOF,0.06043973056570928,0.06278110815772592,0.8767791612765647
25630,LOF,0.16158132053477708,0.09345076844539393,0.744967911019829
25631,Neutral,0.6047598055548077,0.06775776908981612,0.3274824253553762
25632,LOF,0.01374024845619199,0.09603484557819296,0.890224905965615
25633,LOF,0.19924797045145343,0.0761026915482292,0.7246493380003174
25634,LOF,0.033238964669764524,0.10328075089086644,0.8634802844393691
25635,LOF,0.035556309242324884,0.08738389179143613,0.8770597989662389
25636,GOF,0.0036683065355181325,0.6533610994073129,0.34297059405716895
25637,GOF,0.003974535875225468,0.6867614585172142,0.3092640056075604
25638,LOF,0.008263429317441253,0.4481907275956373,0.5435458430869214
25639,GOF,0.0036466304958073558,0.5315873531432345,0.46476601636095816
25640,Neutral,0.4730732089149208,0.46669344756817144,0.06023334351690781
25641,LOF,0.008573604498144254,0.3637460792144197,0.627680316287436
25642,LOF,0.27484045700655646,0.070644443554273,0.6545150994391705
25643,LOF,0.2712272238348735,0.1587768488188189,0.5699959273463076
25644,GOF,0.012462787643642005,0.5280255985806332,0.4595116137757247
25645,LOF,0.011318419005534259,0.4651789140149168,0.523502666979549
25646,LOF,0.017546143061424636,0.35416840636432856,0.6282854505742468
25647,LOF,0.014980629433260152,0.28955722922206556,0.6954621413446742
25648,LOF,0.013198978607356412,0.30511151933545816,0.6816895020571855
25649,LOF,0.0103457503298695,0.22415253934736604,0.7655017103227645
25650,LOF,0.025112750377809592,0.4740434981890489,0.5008437514331415
25651,LOF,0.00849964139951263,0.28926859565219226,0.7022317629482951
25652,LOF,0.012295036182642648,0.2675572260236871,0.7201477377936703
25653,LOF,0.05079518161484157,0.3591544723018417,0.5900503460833167
25654,LOF,0.01504318593703913,0.1527576696324521,0.8321991444305088
25655,LOF,0.06735778908708244,0.41407546229200304,0.5185667486209145
25656,LOF,0.0897544904963699,0.06784789011470731,0.8423976193889229
25657,LOF,0.2924405069986385,0.03386206080915391,0.6736974321922076
25658,LOF,0.047636797028805036,0.08530291373545323,0.8670602892357416
25659,LOF,0.31883976661569324,0.06279393531388376,0.6183662980704231
25660,LOF,0.07311074131778245,0.09267592182774455,0.8342133368544731
25661,LOF,0.045370071562845525,0.068864040030756,0.8857658884063984
25662,LOF,0.027058271074710673,0.04459129462749652,0.9283504342977927
25663,LOF,0.038319764731232595,0.06670124418743088,0.8949789910813365
25664,LOF,0.03575881838337833,0.08351447366993638,0.8807267079466853
25665,LOF,0.05633922322999175,0.04393413945082584,0.8997266373191823
25666,LOF,0.03258705840903775,0.12186520732682686,0.8455477342641355
25667,LOF,0.0314790109182462,0.050355436189546736,0.918165552892207
25668,LOF,0.03241010834852662,0.05729163321854754,0.9102982584329258
25669,LOF,0.038819429017343046,0.08470874052767333,0.8764718304549837
25670,LOF,0.08236640876240636,0.08226289589023936,0.8353706953473543
25671,LOF,0.039306727800572996,0.04337493711047475,0.9173183350889523
25672,LOF,0.05768187732422068,0.06298250245429596,0.8793356202214833
25673,LOF,0.03780932016326986,0.07317662535023894,0.8890140544864911
25674,LOF,0.034111260081720475,0.07630451487745893,0.8895842250408207
25675,LOF,0.04400754695407579,0.058675459466460876,0.8973169935794633
25676,LOF,0.03257062307619224,0.05520687468291319,0.9122225022408945
25677,LOF,0.06359157395241592,0.062072311925507356,0.8743361141220768
25678,LOF,0.2984651859658377,0.0359329273441516,0.6656018866900107
25679,LOF,0.1787047632543336,0.06882993716420238,0.752465299581464
25680,LOF,0.06330997373141169,0.09870305318168382,0.8379869730869045
25681,LOF,0.11708373375934987,0.08621572989505642,0.7967005363455937
25682,LOF,0.0450196560329007,0.08153784423306196,0.8734424997340373
25683,LOF,0.08565695121138867,0.1068528932434656,0.8074901555451457
25684,LOF,0.06065743871410449,0.07821524567751585,0.8611273156083796
25685,LOF,0.09195506518184003,0.0567997870115231,0.851245147806637
25686,LOF,0.02709513889265452,0.10319987208926783,0.8697049890180776
25687,LOF,0.05170371327860679,0.07576885983369853,0.8725274268876946
25688,LOF,0.023221635662425136,0.09315422562608955,0.8836241387114852
25689,LOF,0.01927055085090395,0.07471264478552085,0.9060168043635752
25690,LOF,0.02087694398341314,0.09065993073868545,0.8884631252779015
25691,LOF,0.18465033612860762,0.13403202186057359,0.6813176420108188
25692,LOF,0.289131589561734,0.013426623467737918,0.697441786970528
25693,LOF,0.08485523548005845,0.1432392526083393,0.7719055119116023
25694,LOF,0.23530031650667382,0.012746618010504472,0.7519530654828216
25695,LOF,0.16192823806003442,0.018796070842789295,0.8192756910971764
25696,LOF,0.1665806003941693,0.010316193479221405,0.8231032061266094
25697,LOF,0.13781271616460677,0.022512302668606553,0.8396749811667866
25698,LOF,0.0402628148141132,0.3859228457172304,0.5738143394686563
25699,LOF,0.06491701324059497,0.064442453190308,0.870640533569097
25700,LOF,0.030598027586789842,0.009198610727503314,0.9602033616857069
25701,LOF,0.014500078228786857,0.07039779063122643,0.9151021311399867
25702,GOF,0.03606573222904423,0.7364459182940029,0.22748834947695304
25703,LOF,0.020961685182698333,0.1981814896848867,0.780856825132415
25704,LOF,0.09264483621969961,0.15707016375074362,0.7502850000295568
25705,LOF,0.061037505364481846,0.251549413872535,0.6874130807629831
25706,GOF,0.05537781272044478,0.6350113773109122,0.309610809968643
25707,GOF,0.029551141689094722,0.5728234366214411,0.39762542168946413
25708,LOF,0.008463590258324244,0.48727443240491125,0.5042619773367646
25709,LOF,0.01836033191709713,0.0685740543511249,0.913065613731778
25710,LOF,0.008338726783479872,0.19271668470043926,0.798944588516081
25711,LOF,0.020337031835102833,0.12813482673952198,0.8515281414253751
25712,LOF,0.009657669683014295,0.23055958936542398,0.7597827409515617
25713,LOF,0.01713415806523733,0.10523815668270677,0.8776276852520559
25714,LOF,0.019130867681503853,0.1506238183554052,0.830245313963091
25715,LOF,0.01823432811201916,0.12184279809916469,0.8599228737888162
25716,LOF,0.011240233810058148,0.16487334749894328,0.8238864186909987
25717,LOF,0.005385718560084176,0.15176039550938303,0.8428538859305327
25718,LOF,0.016701469275224815,0.08731909144070353,0.8959794392840716
25719,LOF,0.03308941192148262,0.09469644589835878,0.8722141421801586
25720,LOF,0.022247274153458795,0.09308691476101781,0.8846658110855234
25721,LOF,0.02167002794562288,0.0980285307262666,0.8803014413281105
25722,LOF,0.01624026913336384,0.12922693018230422,0.854532800684332
25723,LOF,0.02088420348818259,0.07503146512299044,0.9040843313888269
25724,LOF,0.030740748059555945,0.119725741186048,0.8495335107543961
25725,LOF,0.021546598443877463,0.06995955120534719,0.9084938503507753
25726,LOF,0.01578014693014521,0.1041381174273674,0.8800817356424875
25727,LOF,0.019381511928020876,0.08747641032114589,0.8931420777508332
25728,LOF,0.017463923938298653,0.10220158513618717,0.8803344909255142
25729,LOF,0.01791517792179194,0.10396376866549367,0.8781210534127143
25730,LOF,0.019379736618513433,0.08068970694767473,0.8999305564338119
25731,LOF,0.009682745669203595,0.19095037187082317,0.7993668824599731
25732,LOF,0.017982204091433,0.09652271245812381,0.8854950834504433
25733,LOF,0.030095330061312885,0.09470213475318912,0.8752025351854981
25734,LOF,0.006459731037554333,0.22857236099397626,0.7649679079684694
25735,LOF,0.022327247318613935,0.07534667848363856,0.9023260741977475
25736,LOF,0.021073172683230876,0.12408237930194388,0.8548444480148252
25737,LOF,0.04121290354693869,0.09274939067034027,0.8660377057827211
25738,LOF,0.01845572972177675,0.16167460760420185,0.8198696626740214
25739,LOF,0.02174599449453692,0.15237696364206849,0.8258770418633946
25740,LOF,0.04845015734897406,0.14523355996811435,0.8063162826829117
25741,LOF,0.02540104691224109,0.12145486246146507,0.8531440906262938
25742,LOF,0.03653014220095427,0.13773993791028527,0.8257299198887604
25743,LOF,0.012544427737251408,0.04232659447038811,0.9451289777923604
25744,GOF,0.14858255232495912,0.43655916928686755,0.4148582783881732
25745,LOF,0.021938815784132377,0.07701176396912447,0.9010494202467432
25746,LOF,0.012156072199756767,0.09555807151981137,0.8922858562804319
25747,LOF,0.033863455777166346,0.03436917149473824,0.9317673727280955
25748,LOF,0.264759394596767,0.05459985167258681,0.6806407537306463
25749,LOF,0.013713019394313315,0.062204085724024964,0.9240828948816617
25750,LOF,0.015847661253410635,0.09075568334424607,0.8933966554023433
25751,LOF,0.03885287494329181,0.06567626478763802,0.8954708602690703
25752,GOF,0.10062224108038892,0.6571975673386317,0.24218019158097948
25753,LOF,0.007116522447420055,0.36535845670404776,0.6275250208485321
25754,GOF,0.005356248872464307,0.852552759218859,0.14209099190867672
25755,LOF,0.008853242571020875,0.4574615259445857,0.5336852314843933
25756,LOF,0.050116427672523424,0.44727184573814677,0.5026117265893298
25757,GOF,0.006610032739662493,0.8733981025192644,0.11999186474107329
25758,GOF,0.009890235557553004,0.875520737307556,0.11458902713489102
25759,GOF,0.005036803383979331,0.5957271352811003,0.39923606133492046
25760,LOF,0.00703774462582352,0.2964033879507815,0.6965588674233949
25761,GOF,0.04573245517012892,0.846993728343563,0.10727381648630825
25762,LOF,0.02787094987162688,0.38300241660563494,0.5891266335227382
25763,LOF,0.00800232907239933,0.2571103610807953,0.7348873098468054
25764,GOF,0.06904808387189115,0.6219766650853457,0.30897525104276313
25765,GOF,0.008254242743015342,0.8513091149656866,0.14043664229129796
25766,GOF,0.04774199691032667,0.8102663279812663,0.14199167510840702
25767,GOF,0.013899819314849115,0.5435664053088222,0.4425337753763287
25768,LOF,0.035830933048437076,0.0716823902852104,0.8924866766663525
25769,LOF,0.02084181960901228,0.08822233228910527,0.8909358481018824
25770,LOF,0.1576332913579729,0.07929578862140224,0.7630709200206248
25771,LOF,0.010999072491274532,0.08367648720985854,0.905324440298867
25772,LOF,0.021608417907999895,0.032782106711874766,0.9456094753801254
25773,LOF,0.01350762438666582,0.09192448386902789,0.8945678917443062
25774,LOF,0.02714279967254024,0.09848833950949934,0.8743688608179605
25775,LOF,0.0167160549587735,0.04892431029583321,0.9343596347453934
25776,LOF,0.02448458398134749,0.02996876073847545,0.9455466552801771
25777,LOF,0.23644462268673944,0.07734011761029191,0.6862152597029686
25778,LOF,0.01899069889709322,0.060304696700855975,0.9207046044020508
25779,GOF,0.04048955066464629,0.8974881101365668,0.062022339198786997
25780,GOF,0.07012728347596625,0.8828674918903565,0.047005224633677144
25781,GOF,0.022411424593915125,0.8901781786704334,0.08741039673565151
25782,GOF,0.02585084634814545,0.9095503102049767,0.064598843446878
25783,GOF,0.018764095687155365,0.8085082197941003,0.17272768451874437
25784,GOF,0.10884008698926964,0.8581502222827225,0.03300969072800792
25785,GOF,0.05661401015839959,0.900798986606571,0.04258700323502938
25786,GOF,0.005415938168717652,0.844614381304072,0.14996968052721027
25787,GOF,0.167853846631267,0.7977109311461037,0.0344352222226293
25788,LOF,0.014656714617712521,0.22490391907110144,0.760439366311186
25789,GOF,0.017930803243696503,0.8719283494705113,0.11014084728579229
25790,GOF,0.019490484344047425,0.8796155601153027,0.10089395554064993
25791,GOF,0.013260648556275805,0.8399297544047828,0.14680959703894156
25792,GOF,0.022501125854302063,0.8518771073171234,0.12562176682857457
25793,GOF,0.061266779032364264,0.8468278893003258,0.09190533166730995
25794,GOF,0.06001721290203984,0.7809802466102593,0.15900254048770088
25795,GOF,0.06806513631272447,0.7866184257433971,0.14531643794387838
25796,GOF,0.07735334164569004,0.8287608582624346,0.09388580009187536
25797,GOF,0.03751354086080967,0.7058369129820116,0.2566495461571788
25798,GOF,0.0030803883225552935,0.675276066759605,0.3216435449178397
25799,GOF,0.0029279723869823945,0.5722908990353807,0.42478112857763695
25800,GOF,0.013610311055687687,0.7640885274574403,0.22230116148687196
25801,GOF,0.01813175760123573,0.8804036852187317,0.10146455718003268
25802,GOF,0.020955144829866976,0.8266868074668086,0.15235804770332448
25803,GOF,0.010554296812875992,0.7294582968873361,0.25998740629978784
25804,GOF,0.012716637622271196,0.662868341920557,0.32441502045717163
25805,GOF,0.020320263282806863,0.7508994407789361,0.2287802959382571
25806,GOF,0.016566251688621834,0.7969916504483222,0.18644209786305588
25807,GOF,0.004700188789118537,0.7626325753096956,0.2326672359011859
25808,GOF,0.01300324810473872,0.783699288059125,0.2032974638361362
25809,GOF,0.006861678465012067,0.7627606850297672,0.23037763650522075
25810,GOF,0.005942814032900956,0.7594903390272258,0.23456684693987315
25811,GOF,0.056431629474377645,0.8791478564673403,0.06442051405828204
25812,GOF,0.017732490613892395,0.7591205841692441,0.2231469252168635
25813,GOF,0.09499148641225504,0.8139722197026168,0.09103629388512816
25814,GOF,0.02619132835369141,0.80748913357532,0.16631953807098862
25815,GOF,0.05618610958666408,0.8432555655091422,0.1005583249041936
25816,GOF,0.006478984483535099,0.8711548202234465,0.12236619529301851
25817,GOF,0.09868743533754329,0.8074194758874708,0.09389308877498588
25818,GOF,0.023118828054264292,0.8324591911452834,0.14442198080045218
25819,GOF,0.0654088243940769,0.7771319500053847,0.15745922560053846
25820,GOF,0.030131914009727534,0.7818421750104351,0.18802591097983734
25821,GOF,0.020971231081516783,0.7767274349962691,0.202301333922214
25822,GOF,0.041547505584939505,0.7934355058511731,0.16501698856388733
25823,GOF,0.014636420250049971,0.6817757000963657,0.3035878796535843
25824,GOF,0.02554996026362844,0.7688575536240599,0.20559248611231157
25825,GOF,0.015126383550680451,0.7581234848304174,0.22675013161890217
25826,GOF,0.005395308057036807,0.7402251848944584,0.25437950704850465
25827,GOF,0.006893400226156384,0.7163301585552936,0.27677644121855
25828,GOF,0.006094254889491456,0.7046655593453682,0.2892401857651404
25829,GOF,0.0028962280036921055,0.7124668015587726,0.2846369704375354
25830,GOF,0.03668826853119249,0.5136512500381597,0.44966048143064785
25831,GOF,0.08817556714768249,0.8111984281959649,0.10062600465635274
25832,GOF,0.009512129231146717,0.8298738696069162,0.16061400116193705
25833,GOF,0.03718389777308564,0.8609947083974225,0.10182139382949189
25834,GOF,0.010368942742780003,0.8401586975837915,0.14947235967342848
25835,GOF,0.021554023976922784,0.875885723957623,0.10256025206545415
25836,GOF,0.007803674268808719,0.8368564493589793,0.15533987637221203
25837,GOF,0.007392459081191888,0.7338744727428077,0.25873306817600034
25838,GOF,0.02485540292078699,0.8709441795678964,0.10420041751131662
25839,GOF,0.04112946321057037,0.8658006704054592,0.09306986638397062
25840,GOF,0.0813614691654576,0.8427340379999555,0.07590449283458692
25841,GOF,0.07801414950789205,0.8511005463279941,0.07088530416411387
25842,GOF,0.025026205136462386,0.8965762264886101,0.07839756837492762
25843,GOF,0.026109654124119083,0.9038123937718827,0.0700779521039983
25844,GOF,0.01456994366578908,0.8563749414205059,0.12905511491370497
25845,GOF,0.005463130962624222,0.6787805690107195,0.31575630002665633
25846,GOF,0.08466755033529508,0.847898588460396,0.06743386120430873
25847,GOF,0.015164750772625048,0.9141637899914309,0.07067145923594406
25848,GOF,0.01727674525736078,0.8754997132410792,0.10722354150155987
25849,GOF,0.004964053862982096,0.7788683096670924,0.21616763646992548
25850,GOF,0.006477489572156777,0.7796662344327157,0.21385627599512771
25851,GOF,0.005765575647410473,0.6759852571491202,0.3182491672034694
25852,GOF,0.1365626863820753,0.5916464481439289,0.27179086547399584
25853,GOF,0.07209430890200164,0.8387462496993463,0.08915944139865198
25854,GOF,0.005511070327177212,0.7161165275501871,0.2783724021226358
25855,GOF,0.015552062735298801,0.6828331191543294,0.30161481811037183
25856,GOF,0.03384357928620221,0.8168196278016165,0.14933679291218135
25857,GOF,0.01776605147341205,0.6802098069660097,0.30202414156057816
25858,GOF,0.009740544529388075,0.6870691174166169,0.3031903380539951
25859,GOF,0.005730716048788429,0.6619249904978743,0.33234429345333727
25860,GOF,0.09408419077771212,0.8235254763699296,0.08239033285235835
25861,GOF,0.08613186428773996,0.8309537181458923,0.08291441756636778
25862,GOF,0.018623131263104727,0.8781358045238277,0.10324106421306767
25863,GOF,0.02172916543680594,0.8830585709046007,0.09521226365859346
25864,GOF,0.04731243542656741,0.8795506328561913,0.0731369317172412
25865,GOF,0.032413157984236295,0.8555102429370196,0.11207659907874397
25866,GOF,0.024014721006512165,0.8795707430297749,0.09641453596371281
25867,GOF,0.031038306570192853,0.8915407273976454,0.07742096603216156
25868,GOF,0.053713437310885764,0.8559035482070411,0.09038301448207312
25869,GOF,0.33305252368555444,0.6046919797453333,0.06225549656911227
25870,GOF,0.060229459706787156,0.6901350791107271,0.24963546118248572
25871,GOF,0.009369849470713539,0.8998667478074575,0.090763402721829
25872,GOF,0.021583198119936448,0.8853250775509183,0.09309172432914548
25873,GOF,0.020926236446672658,0.9018666935623336,0.07720706999099353
25874,LOF,0.015817492685205065,0.25654520364538536,0.7276373036694096
25875,LOF,0.051407333944189317,0.04932935754053748,0.8992633085152733
25876,LOF,0.015367167556849371,0.038162510914053226,0.9464703215290974
25877,LOF,0.11654656378534446,0.08984041375219794,0.7936130224624576
25878,LOF,0.07564804928300112,0.12321382631573263,0.8011381244012663
25879,LOF,0.030620594654522767,0.09012057331847652,0.8792588320270006
25880,LOF,0.05957194129753466,0.012182193114353732,0.9282458655881116
25881,Neutral,0.5230693747614544,0.06938520212455855,0.4075454231139871
25882,LOF,0.09261270138938882,0.024531870870383343,0.8828554277402277
25883,LOF,0.028662265453409882,0.0244590545500805,0.9468786799965095
25884,LOF,0.02351861370289779,0.051502212419232724,0.9249791738778695
25885,LOF,0.23124420947192367,0.012147680745457516,0.7566081097826187
25886,LOF,0.27796580468349447,0.051343752121972945,0.6706904431945326
25887,LOF,0.1984100577030393,0.07200822108020193,0.7295817212167587
25888,LOF,0.012037477213540758,0.13991566490442386,0.8480468578820353
25889,LOF,0.0279787600376787,0.033552499657580684,0.9384687403047406
25890,LOF,0.1462731388161411,0.09925301918553449,0.7544738419983245
25891,LOF,0.09326450119473988,0.026340073018321895,0.8803954257869382
25892,LOF,0.008837199867111373,0.035117439397456165,0.9560453607354324
25893,LOF,0.39340122666068894,0.010762199417620775,0.5958365739216903
25894,LOF,0.42895833726960664,0.005570868645287379,0.5654707940851059
25895,LOF,0.3354642023503431,0.013758899273196673,0.6507768983764602
25896,LOF,0.06680249254983595,0.022108219390394805,0.9110892880597693
25897,LOF,0.19073209638777452,0.008455586964204564,0.8008123166480209
25898,LOF,0.17537392730770493,0.033703170451207555,0.7909229022410875
25899,LOF,0.4191322410557126,0.018313553453464006,0.5625542054908234
25900,Neutral,0.5014402509054444,0.009866119235419288,0.4886936298591362
25901,LOF,0.0634772412747023,0.010206973742765298,0.9263157849825323
25902,LOF,0.20288786460834363,0.00887786729400337,0.788234268097653
25903,LOF,0.4018157255597405,0.02621259936527163,0.5719716750749879
25904,Neutral,0.5009920730011078,0.031852306368644265,0.46715562063024785
25905,LOF,0.005169460475082628,0.46901407445149074,0.5258164650734266
25906,LOF,0.009439813898165022,0.10789088302350289,0.8826693030783321
25907,LOF,0.0045337946444129335,0.3480415572697434,0.6474246480858437
25908,LOF,0.004787245750403034,0.26154642404058426,0.7336663302090126
25909,LOF,0.02323165171193725,0.1528289360465509,0.8239394122415119
25910,LOF,0.011054261343679164,0.13012879858622448,0.8588169400700963
25911,LOF,0.24504632936298648,0.05015427722177593,0.7047993934152376
25912,LOF,0.07162082920159178,0.05388990995750112,0.8744892608409072
25913,LOF,0.033926442459111125,0.08067518336974007,0.8853983741711487
25914,LOF,0.03895308757929463,0.03670065978554032,0.9243462526351651
25915,LOF,0.22726194633819705,0.16332314901844117,0.6094149046433619
25916,LOF,0.039976959430470894,0.1079532938990453,0.8520697466704839
25917,LOF,0.08089595288558586,0.03402563430810982,0.8850784128063044
25918,LOF,0.046592576367250206,0.02373996974009482,0.9296674538926549
25919,LOF,0.03873196320732181,0.023305320797139727,0.9379627159955384
25920,LOF,0.2515375870892543,0.23783103470343275,0.510631378207313
25921,LOF,0.013955898588993772,0.04595068439954637,0.9400934170114599
25922,LOF,0.017538431905157623,0.04189959262393317,0.9405619754709093
25923,LOF,0.4173798602942077,0.03940933990903375,0.5432107997967586
25924,LOF,0.020201618060445164,0.06940230857110448,0.9103960733684503
25925,LOF,0.07991916507774377,0.0574480044517778,0.8626328304704785
25926,LOF,0.06312412703773691,0.0502822993589477,0.8865935736033154
25927,LOF,0.025784530708718858,0.07714465098482577,0.8970708183064554
25928,LOF,0.009536831297052342,0.06588342719823216,0.9245797415047156
25929,Neutral,0.5437849087514939,0.036571971352977156,0.419643119895529
25930,LOF,0.08231108858575362,0.03713617536014363,0.8805527360541028
25931,LOF,0.013139204891997994,0.046302902365522536,0.9405578927424795
25932,LOF,0.0667984122794226,0.03744909152620687,0.8957524961943706
25933,LOF,0.0625807029334911,0.024468326114476687,0.9129509709520321
25934,LOF,0.057254089656208214,0.022196633251100075,0.9205492770926917
25935,LOF,0.07201184780083632,0.07038481280458171,0.857603339394582
25936,LOF,0.09563407215778624,0.023571779669340338,0.8807941481728734
25937,LOF,0.020302455009420538,0.05441723434772778,0.9252803106428518
25938,LOF,0.07009167266384855,0.06259297616110293,0.8673153511750485
25939,LOF,0.04219881526745615,0.03013631299655547,0.9276648717359884
25940,LOF,0.00881017635842217,0.3841868920881678,0.6070029315534099
25941,Neutral,0.4924488991862309,0.0525648041333223,0.45498629668044677
25942,LOF,0.00827172053760666,0.06317952721234855,0.9285487522500449
25943,LOF,0.03532002055368212,0.20883713618896252,0.7558428432573554
25944,LOF,0.052774037310189724,0.09764700426129108,0.8495789584285192
25945,LOF,0.1155877303349306,0.027991581466696003,0.8564206881983735
25946,LOF,0.07545229565099366,0.041417082382397045,0.8831306219666093
25947,LOF,0.4409289100623497,0.10851939748427186,0.45055169245337834
25948,LOF,0.4085840211987343,0.017009802398253327,0.5744061764030124
25949,LOF,0.13558703184919993,0.07502713049837853,0.7893858376524215
25950,GOF,0.05468446645111652,0.5826914846180764,0.3626240489308071
25951,LOF,0.010839245909601844,0.4369607138088515,0.5522000402815466
25952,LOF,0.3112585382283565,0.2793172790599579,0.40942418271168557
25953,LOF,0.00781315467019312,0.1872634779782154,0.8049233673515915
25954,GOF,0.09244958228564955,0.45617870117789105,0.45137171653645936
25955,LOF,0.005335661647011889,0.18711046160157818,0.80755387675141
25956,LOF,0.021400190368168485,0.23209276930016295,0.7465070403316686
25957,LOF,0.18271652159771426,0.0277592804380938,0.7895241979641919
25958,LOF,0.03176631861724263,0.06088426929079722,0.9073494120919601
25959,GOF,0.014843231553078894,0.7031624414298605,0.28199432701706056
25960,LOF,0.0060435718406428125,0.08576544155880714,0.90819098660055
25961,LOF,0.029958263461711064,0.0502301148089509,0.9198116217293381
25962,LOF,0.049841477185468046,0.05991993090275322,0.8902385919117788
25963,LOF,0.005666310043697264,0.16718130584473026,0.8271523841115724
25964,LOF,0.026463388690338457,0.11804119408577203,0.8554954172238896
25965,LOF,0.2815561162677966,0.11544124766218646,0.603002636070017
25966,LOF,0.42299370269394193,0.14156315753218507,0.435443139773873
25967,LOF,0.008060169672784829,0.0864047782582173,0.9055350520689979
25968,LOF,0.04248026043047007,0.2371985132013588,0.7203212263681712
25969,LOF,0.16251158728185658,0.05274067836682261,0.7847477343513208
25970,LOF,0.035970806450674644,0.11801306637322224,0.8460161271761031
25971,LOF,0.07938338878202031,0.03550266441716562,0.885113946800814
25972,LOF,0.06469558542287182,0.06548713042152327,0.869817284155605
25973,LOF,0.0632627053098157,0.00903595560535436,0.92770133908483
25974,LOF,0.051270195632652574,0.04296698134088156,0.9057628230264658
25975,LOF,0.04378250782229241,0.018838113248045216,0.9373793789296624
25976,LOF,0.09888378616416961,0.009872804663571476,0.891243409172259
25977,LOF,0.19897825214664966,0.07174631854082764,0.7292754293125226
25978,LOF,0.179129432326915,0.11226751852142745,0.7086030491516576
25979,LOF,0.15109916719427083,0.12469652586008113,0.7242043069456481
25980,LOF,0.2488403707258761,0.17981259962029425,0.5713470296538297
25981,LOF,0.24986486439632247,0.1811307833764252,0.5690043522272524
25982,Neutral,0.4593898469039366,0.08227832590437845,0.458331827191685
25983,Neutral,0.4643216602425064,0.10275696320503777,0.43292137655245577
25984,LOF,0.04024151039193403,0.09539098006220033,0.8643675095458656
25985,LOF,0.42684776707290356,0.1442185187549152,0.42893371417218124
25986,LOF,0.012820779434981566,0.4187558225602998,0.5684233980047186
25987,LOF,0.0469939975348547,0.11262643916701758,0.8403795632981278
25988,LOF,0.03910078050916004,0.16592099117034803,0.7949782283204918
25989,LOF,0.035813054957330094,0.2021177519840048,0.762069193058665
25990,LOF,0.03916538180998398,0.2983303539017887,0.6625042642882273
25991,LOF,0.027456119336381337,0.4040397316160372,0.5685041490475815
25992,LOF,0.02347394596762327,0.41101517119641234,0.5655108828359644
25993,LOF,0.02690431529010513,0.07168959094367017,0.9014060937662248
25994,LOF,0.022245789078942733,0.06784819422489306,0.9099060166961642
25995,LOF,0.021303370947560407,0.12125977544815154,0.8574368536042881
25996,LOF,0.3436067928474245,0.31098381975401973,0.3454093873985558
25997,LOF,0.07399063501374839,0.36284781775703306,0.5631615472292185
25998,LOF,0.2880546292727705,0.0453612026664486,0.6665841680607809
25999,LOF,0.02583610407787223,0.1758776273280409,0.7982862685940868
26000,LOF,0.19406568856883313,0.02576420674739669,0.7801701046837702
26001,LOF,0.27495549666014124,0.0361900514806716,0.6888544518591871
26002,LOF,0.13147116135632989,0.0377053807392251,0.830823457904445
26003,GOF,0.006259146461405595,0.6277145296918075,0.36602632384678674
26004,GOF,0.009754601915822505,0.6862755076892708,0.30396989039490674
26005,LOF,0.004475383529112785,0.4724153953493686,0.5231092211215186
26006,GOF,0.11662739006435725,0.5234477146569175,0.3599248952787251
26007,GOF,0.008341873927997413,0.5334601216743288,0.4581980043976738
26008,GOF,0.0056589537936226775,0.5898807797149088,0.40446026649146843
26009,GOF,0.00828250302117515,0.6506597311839033,0.3410577657949215
26010,GOF,0.00843937075342378,0.6101283511135339,0.38143227813304226
26011,LOF,0.003796442069873881,0.4330205324410175,0.5631830254891086
26012,GOF,0.004417843072005144,0.5139986017364346,0.48158355519156026
26013,GOF,0.011468804184899891,0.5606294695383239,0.42790172627677614
26014,LOF,0.06688012588028784,0.1084607051084146,0.8246591690112977
26015,LOF,0.35720522969474067,0.036288688914748894,0.6065060813905104
26016,LOF,0.30055698202175357,0.058255934113535746,0.6411870838647107
26017,LOF,0.01783227119674659,0.2682614121095604,0.7139063166936931
26018,LOF,0.024015571971928072,0.08123957930325672,0.8947448487248152
26019,LOF,0.02387169326010575,0.0711998405869774,0.9049284661529169
26020,LOF,0.009438938008163523,0.24955287536313528,0.7410081866287013
26021,LOF,0.08370475611929794,0.11333654567461444,0.8029586982060876
26022,LOF,0.036877564255774695,0.04492980321970187,0.9181926325245234
26023,LOF,0.02671561524983016,0.0565825041911047,0.916701880559065
26024,LOF,0.0579020679182245,0.08577036204881477,0.8563275700329608
26025,LOF,0.06393017302506317,0.10654937085347702,0.8295204561214597
26026,LOF,0.09261660880399337,0.08629701344291299,0.8210863777530936
26027,LOF,0.02429034887665723,0.036051908987563254,0.9396577421357795
26028,LOF,0.12023708377974703,0.1457047416502715,0.7340581745699815
26029,LOF,0.020901964521783136,0.20377817118370808,0.7753198642945087
26030,LOF,0.17125373974165586,0.02347610036761865,0.8052701598907256
26031,LOF,0.009503839546690866,0.1630353904038054,0.8274607700495038
26032,LOF,0.04744871880301159,0.05713535966389213,0.8954159215330962
26033,LOF,0.06644635850118237,0.05209179128614107,0.8814618502126766
26034,LOF,0.011302948957355312,0.16372476879282627,0.8249722822498184
26035,LOF,0.012797579237965557,0.1133704157145002,0.8738320050475343
26036,LOF,0.012221032489033007,0.12357614207085013,0.864202825440117
26037,LOF,0.009769684488158507,0.10654910875591535,0.8836812067559262
26038,LOF,0.03980631611444538,0.04960197035084194,0.9105917135347128
26039,LOF,0.023154745547177398,0.14342413514371485,0.8334211193091078
26040,LOF,0.10192599496234957,0.1343316285312475,0.763742376506403
26041,LOF,0.013243431228903826,0.08864397319363178,0.8981125955774644
26042,LOF,0.012147419090672823,0.10076178192031354,0.8870907989890137
26043,LOF,0.039759069570108344,0.07303524794619638,0.8872056824836952
26044,LOF,0.011275562985320725,0.05312210630587747,0.9356023307088018
26045,LOF,0.08038625168192211,0.10705644745866363,0.8125573008594142
26046,LOF,0.034282830720984536,0.052338150560694977,0.9133790187183205
26047,LOF,0.05945869277532998,0.051631245499187496,0.8889100617254825
26048,LOF,0.06644831012382396,0.02976597999237539,0.9037857098838007
26049,Neutral,0.9441058738800184,0.008736569876662619,0.04715755624331896
26050,Neutral,0.9210278176063075,0.009246771543991502,0.06972541084970105
26051,LOF,0.01686938811264702,0.09543044631309347,0.8877001655742595
26052,LOF,0.03169820230045627,0.10826839119955908,0.8600334064999846
26053,LOF,0.02620109059257646,0.16850854975527724,0.8052903596521463
26054,LOF,0.04710105828201458,0.03422290461124177,0.9186760371067436
26055,LOF,0.06920028632015657,0.03215737814868902,0.8986423355311544
26056,LOF,0.057801731715535765,0.041534508520071727,0.9006637597643926
26057,LOF,0.05669157102450932,0.018457886138176855,0.9248505428373138
26058,LOF,0.06033501303491954,0.014793040654728697,0.9248719463103517
26059,LOF,0.21120294078865673,0.036280427302515225,0.752516631908828
26060,LOF,0.01606925715178165,0.1886634537147129,0.7952672891335054
26061,LOF,0.011263561493191566,0.011955714819923684,0.9767807236868847
26062,LOF,0.005844972505791428,0.02085561872353343,0.9732994087706751
26063,LOF,0.03693497764480164,0.014134475345931412,0.9489305470092669
26064,LOF,0.010227316899769662,0.034390301691316,0.9553823814089143
26065,LOF,0.044350170185380094,0.016861189278845615,0.9387886405357743
26066,LOF,0.044441248360012744,0.01314336660718596,0.9424153850328013
26067,LOF,0.052067384850090104,0.012623165269332695,0.9353094498805772
26068,LOF,0.053742014561733074,0.051339014362932325,0.8949189710753346
26069,LOF,0.30995661196583524,0.03567474585868742,0.6543686421754773
26070,Neutral,0.5861612456205623,0.024102921222665608,0.38973583315677196
26071,LOF,0.04340445735222997,0.015570375902464186,0.9410251667453059
26072,LOF,0.01000089977255374,0.022318805484110645,0.9676802947433355
26073,LOF,0.039538274166867705,0.016128174351824322,0.944333551481308
26074,Neutral,0.8821432204462,0.01120025068629368,0.10665652886750639
26075,LOF,0.0578810580552797,0.025675587435067475,0.9164433545096528
26076,LOF,0.04897800625050333,0.015626857690542166,0.9353951360589545
26077,LOF,0.15791875240429382,0.007993434771397145,0.8340878128243091
26078,LOF,0.008184282069400639,0.017945666433531918,0.9738700514970675
26079,LOF,0.06495447290155684,0.02591413536961907,0.9091313917288241
26080,LOF,0.06451335602683524,0.026021979329982122,0.9094646646431827
26081,LOF,0.033060382478368205,0.012306291714437608,0.9546333258071942
26082,LOF,0.006542414110231006,0.019431717386868306,0.9740258685029007
26083,LOF,0.11294038726286124,0.02616865744886732,0.8608909552882714
26084,LOF,0.10960609900801346,0.019164761166102367,0.8712291398258841
26085,LOF,0.0955064385693094,0.016541400921655007,0.8879521605090356
26086,LOF,0.03686408256353395,0.016368764840584762,0.9467671525958812
26087,LOF,0.03627238998450623,0.012326773641803887,0.9514008363736899
26088,LOF,0.007703137425016551,0.027389638034976634,0.9649072245400068
26089,LOF,0.042453465571131305,0.041130159256826,0.9164163751720427
26090,LOF,0.043380000993755274,0.031347811164684276,0.9252721878415605
26091,LOF,0.031075976882533635,0.009689105566314695,0.9592349175511518
26092,LOF,0.043702312784815275,0.010878203564326443,0.9454194836508583
26093,LOF,0.073035971366689,0.007559941746494564,0.9194040868868164
26094,LOF,0.03547105455725636,0.009298269615456151,0.9552306758272875
26095,LOF,0.028014084203574596,0.020729776257066877,0.9512561395393586
26096,LOF,0.19532328240713992,0.005686686398728675,0.7989900311941314
26097,LOF,0.0071017688767349395,0.03831789395869806,0.9545803371645669
26098,LOF,0.12662315369214502,0.021221884598727356,0.8521549617091276
26099,LOF,0.04284779130200348,0.020111479090294766,0.9370407296077017
26100,LOF,0.04284779130200348,0.020111479090294766,0.9370407296077017
26101,LOF,0.05578623521887886,0.034728402831202675,0.9094853619499185
26102,LOF,0.03467476500489675,0.019978304959683498,0.9453469300354197
26103,Neutral,0.8894226029520871,0.032444298774949386,0.0781330982729634
26104,LOF,0.05682756312141899,0.05067248377547885,0.8924999531031023
26105,LOF,0.24206081474675215,0.13411891492173925,0.6238202703315087
26106,LOF,0.32184317512274496,0.07027596502110862,0.6078808598561464
26107,LOF,0.024073208185512066,0.0818349804361387,0.8940918113783494
26108,LOF,0.28466909464419204,0.036177374499208416,0.6791535308565996
26109,LOF,0.0846163312048758,0.036927795169856385,0.8784558736252679
26110,LOF,0.4523337763216997,0.009901571558734282,0.537764652119566
26111,LOF,0.06027442152664659,0.1431596807704234,0.7965658977029301
26112,LOF,0.05547896272242816,0.009353758047191992,0.9351672792303798
26113,LOF,0.11746685411573837,0.025123963305593647,0.857409182578668
26114,LOF,0.09296296835190487,0.011862140458030142,0.895174891190065
26115,LOF,0.018238055550001873,0.05477383790939913,0.926988106540599
26116,LOF,0.07006959263805472,0.023973624637701946,0.9059567827242433
26117,LOF,0.3335388257865145,0.04308473737960387,0.6233764368338817
26118,LOF,0.04628565861447732,0.021153818599743454,0.9325605227857793
26119,LOF,0.006872999602045451,0.03862552265916682,0.9545014777387878
26120,LOF,0.03485392556028681,0.020233844096422,0.9449122303432912
26121,LOF,0.0038182987274761994,0.14252424340403036,0.8536574578684935
