feature0,prediction,LoGoFunc_Neutral,LoGoFunc_GOF,LoGoFunc_LOF
25546,Neutral,0.747558904129793,0.03809438020030129,0.21434671566990585
25547,Neutral,0.5860575328403888,0.08011476606893096,0.3338277010906804
25548,Neutral,0.6008684901603007,0.057530619599828504,0.3416008902398708
25549,Neutral,0.5152189022697695,0.05729525629281376,0.4274858414374168
25550,LOF,0.3651899854009484,0.11111968298993932,0.5236903316091123
25551,LOF,0.27844718195113477,0.11915572431864478,0.6023970937302204
25552,LOF,0.20513164310291876,0.11656091597415245,0.6783074409229288
25553,Neutral,0.8509204202668484,0.026246024737465318,0.1228335549956861
25554,LOF,0.24330593658450214,0.10801999543611045,0.6486740679793874
25555,LOF,0.19964522596961845,0.09707636566064752,0.7032784083697341
25556,LOF,0.4449976882413192,0.09318153361796691,0.4618207781407139
25557,LOF,0.19207370808855478,0.10264408964089898,0.7052822022705462
25558,LOF,0.22976315947443093,0.10848450098304818,0.6617523395425209
25559,LOF,0.3727293692696033,0.12243762786846103,0.5048330028619356
25560,LOF,0.053827439973713025,0.11534113368614458,0.8308314263401424
25561,LOF,0.1207629525766078,0.11468259433520417,0.7645544530881881
25562,LOF,0.0805695028358597,0.07427222034382987,0.8451582768203105
25563,LOF,0.11453955734741718,0.06537010785682217,0.8200903347957607
25564,LOF,0.25692699346311115,0.12112870384437571,0.6219443026925131
25565,LOF,0.13756036541595237,0.12236022885056598,0.7400794057334817
25566,GOF,0.012002634393064879,0.7845151926372884,0.20348217296964674
25567,LOF,0.01694024249520755,0.17365718062005103,0.8094025768847414
25568,LOF,0.051437506076869796,0.06928263892564437,0.8792798549974858
25569,LOF,0.05556834612394681,0.06906271150889955,0.8753689423671536
25570,LOF,0.05761851608585491,0.09910598989068185,0.8432754940234634
25571,LOF,0.050222912239507825,0.09397547424442715,0.8558016135160651
25572,LOF,0.07014332872768449,0.11069102553211707,0.8191656457401985
25573,LOF,0.03772221603841978,0.10083401930804961,0.8614437646535307
25574,LOF,0.021814861848262614,0.15872975760729938,0.819455380544438
25575,LOF,0.044289823407688764,0.11584372738911071,0.8398664492032004
25576,LOF,0.01914664512524454,0.13028379993243563,0.8505695549423198
25577,LOF,0.017019176077153062,0.1117054129620165,0.8712754109608304
25578,LOF,0.2899409932627097,0.08466205265008517,0.6253969540872051
25579,LOF,0.15682807606453208,0.09798316730773254,0.7451887566277353
25580,LOF,0.030584103795935853,0.08282736558245886,0.8865885306216053
25581,LOF,0.05183327396140182,0.0700082621102332,0.8781584639283649
25582,LOF,0.0512344856122004,0.06899646302414202,0.8797690513636577
25583,LOF,0.037650920422047006,0.09383455721113004,0.8685145223668229
25584,Neutral,0.5076402586718549,0.08979976451814842,0.40255997680999667
25585,LOF,0.02129412561631333,0.12170001003706922,0.8570058643466175
25586,LOF,0.029299562974888185,0.07900903520288333,0.8916914018222285
25587,LOF,0.029210878477391514,0.07282726773093638,0.897961853791672
25588,LOF,0.031109643787095017,0.08701137474010859,0.8818789814727964
25589,Neutral,0.6259798506830462,0.12203056118101673,0.2519895881359371
25590,LOF,0.035640843424294966,0.12516934302382937,0.8391898135518757
25591,LOF,0.09211788304832569,0.06234343319607943,0.8455386837555948
25592,LOF,0.09873677121084487,0.12891305272543294,0.7723501760637221
25593,LOF,0.03280193804820484,0.2604625372309558,0.7067355247208394
25594,LOF,0.04569019556685843,0.16001635084817864,0.794293453584963
25595,LOF,0.05790349502897683,0.10740362810579673,0.8346928768652264
25596,LOF,0.052927108391562484,0.09028841857539067,0.8567844730330468
25597,LOF,0.0411970695611283,0.08968464733486543,0.8691182831040062
25598,LOF,0.051787676700785906,0.11214402547145857,0.8360682978277555
25599,GOF,0.0075931750199351,0.6302490859755988,0.362157739004466
25600,GOF,0.015341498807865702,0.5791058638396998,0.4055526373524346
25601,LOF,0.009957879960301192,0.45042397749163715,0.5396181425480616
25602,LOF,0.03048674106142776,0.04429184151602025,0.925221417422552
25603,LOF,0.05646632182583341,0.020714163634561345,0.9228195145396052
25604,LOF,0.034369275423262326,0.048875903172575993,0.9167548214041618
25605,LOF,0.010428412373119483,0.2137961956087983,0.7757753920180821
25606,LOF,0.08271377042293085,0.36319855004882196,0.5540876795282472
25607,LOF,0.006035538576753185,0.17620153720284523,0.8177629242204016
25608,LOF,0.01910759941961538,0.09834901288256342,0.8825433876978213
25609,LOF,0.04978458952356431,0.40257398059036387,0.5476414298860719
25610,LOF,0.033112126955976075,0.027998413528338036,0.9388894595156859
25611,LOF,0.03874716184401664,0.027576231213339478,0.933676606942644
25612,LOF,0.09982782559282441,0.04161931220380186,0.8585528622033738
25613,LOF,0.08228614463379728,0.04234667727704948,0.8753671780891532
25614,LOF,0.026180180852349935,0.03668052774641804,0.9371392914012321
25615,LOF,0.038356641416154566,0.05014565180764559,0.9114977067761999
25616,LOF,0.025546962254516564,0.0348301150356313,0.9396229227098521
25617,LOF,0.02601641575283902,0.04029384176662231,0.9336897424805386
25618,LOF,0.1447122490945325,0.03382792789719096,0.8214598230082765
25619,LOF,0.02736767573067182,0.03567982726763995,0.9369524970016881
25620,LOF,0.03152176609289744,0.04504384469524995,0.9234343892118526
25621,LOF,0.030831362289848997,0.033069761574470564,0.9360988761356805
25622,LOF,0.03354309354657928,0.039965434474051105,0.9264914719793697
25623,LOF,0.05409862568220119,0.03280274106034027,0.9130986332574585
25624,LOF,0.024447030660223346,0.044791540366857854,0.9307614289729188
25625,LOF,0.03852789351976327,0.047393051376018604,0.9140790551042183
25626,LOF,0.07673562642799159,0.0363497498273453,0.886914623744663
25627,Neutral,0.5419649585446378,0.11866075944899149,0.33937428200637076
25628,LOF,0.21227373086837528,0.051539499289705186,0.7361867698419194
25629,LOF,0.05836700260877042,0.0651582692192908,0.8764747281719388
25630,LOF,0.19687967850677626,0.08218919304087408,0.7209311284523497
25631,Neutral,0.6157064415886626,0.05431827761523017,0.32997528079610716
25632,LOF,0.011555014310188759,0.11873768835817762,0.8697072973316335
25633,LOF,0.10997593844393097,0.0957096257880816,0.7943144357679875
25634,LOF,0.03184683304491632,0.12436492658236267,0.843788240372721
25635,LOF,0.03458724352276976,0.09906203916652341,0.8663507173107068
25636,GOF,0.004105676505203786,0.6560192446090456,0.33987507888575064
25637,GOF,0.0037119244904033357,0.694904694220628,0.3013833812889688
25638,LOF,0.0062589339740364075,0.4201221870814907,0.5736188789444729
25639,GOF,0.003511603343033053,0.524756810656344,0.4717315860006229
25640,GOF,0.4598957568499562,0.47292340481761586,0.06718083833242801
25641,LOF,0.007021200146615758,0.3557669473848912,0.637211852468493
25642,LOF,0.22091783739614637,0.08147900467467808,0.6976031579291755
25643,LOF,0.26652533653164184,0.19055009394891048,0.5429245695194477
25644,GOF,0.015309246847100652,0.5336057361160552,0.45108501703684417
25645,LOF,0.012154622955725319,0.4806436143018035,0.5072017627424712
25646,LOF,0.019936411920503792,0.33589010523941754,0.6441734828400787
25647,LOF,0.014738035631157411,0.27981452077803814,0.7054474435908045
25648,LOF,0.013975433647384931,0.2858423590046123,0.7001822073480027
25649,LOF,0.011381457243832712,0.2056772230624564,0.7829413196937108
25650,GOF,0.02752651999056433,0.4900656801588605,0.48240779985057525
25651,LOF,0.008446690095095005,0.2789062119233181,0.7126470979815869
25652,LOF,0.012864108046865884,0.26328442962863474,0.7238514623244994
25653,LOF,0.050958710051973694,0.3611564114108826,0.5878848785371437
25654,LOF,0.015309416110167213,0.13999879963582845,0.8446917842540043
25655,LOF,0.07310372630318925,0.40679737964357193,0.5200988940532388
25656,LOF,0.10339490927792527,0.07278406863800085,0.8238210220840738
25657,LOF,0.32535780304390016,0.0310813009949617,0.6435608959611381
25658,LOF,0.046093845487996346,0.10175110799229939,0.8521550465197042
25659,LOF,0.345609670794042,0.07101795026819437,0.5833723789377637
25660,LOF,0.0657877419138657,0.1005674119145524,0.8336448461715819
25661,LOF,0.04683718645335742,0.07617065474843221,0.8769921587982104
25662,LOF,0.02811575455683664,0.04976412172115035,0.922120123722013
25663,LOF,0.03871885399609988,0.06984147525661341,0.8914396707472868
25664,LOF,0.04516421581828999,0.08603552646211446,0.8688002577195955
25665,LOF,0.057919846959717414,0.04551060357718655,0.896569549463096
25666,LOF,0.03973859946364373,0.1227449180013556,0.8375164825350007
25667,LOF,0.032399528043240367,0.05258326490944077,0.9150172070473189
25668,LOF,0.03427871866252859,0.05803551516514425,0.9076857661723272
25669,LOF,0.04351342645781519,0.08361082938318355,0.8728757441590013
25670,LOF,0.0748537060965173,0.099916334954742,0.8252299589487406
25671,LOF,0.039575738029210744,0.04796537284105368,0.9124588891297356
25672,LOF,0.059866192068746354,0.06505306579624594,0.8750807421350077
25673,LOF,0.04343572423171612,0.07095209528382831,0.8856121804844557
25674,LOF,0.04019979748367037,0.07568894998499648,0.8841112525313332
25675,LOF,0.05045801522069269,0.06075105675028652,0.8887909280290207
25676,LOF,0.03298780032928907,0.061923363908438236,0.9050888357622727
25677,LOF,0.06227604555376217,0.07124496908549063,0.8664789853607472
25678,LOF,0.27847363786804474,0.03982680603120627,0.681699556100749
25679,LOF,0.18968386664249354,0.0695587857403392,0.7407573476171674
25680,LOF,0.05966768530775451,0.10398994412611758,0.8363423705661279
25681,LOF,0.10231243505114668,0.09628376845472435,0.801403796494129
25682,LOF,0.04915465117359505,0.08044576529665697,0.8703995835297481
25683,LOF,0.10735944334874443,0.08852211950236208,0.8041184371488934
25684,LOF,0.05851414350665655,0.08215274858103423,0.8593331079123092
25685,LOF,0.10695285010944104,0.03094667788494977,0.8621004720056092
25686,LOF,0.04141907023106555,0.08930340004857255,0.8692775297203619
25687,LOF,0.04846261811301628,0.07851169722814386,0.8730256846588399
25688,LOF,0.029964975789213137,0.08600027204504201,0.8840347521657449
25689,LOF,0.019376669704784903,0.07531238379370322,0.905310946501512
25690,LOF,0.02080250683970618,0.09366180482392067,0.8855356883363732
25691,LOF,0.24422818237950603,0.1183179718134162,0.6374538458070779
25692,LOF,0.30444792334926324,0.009653966532273182,0.6858981101184635
25693,LOF,0.09376149223589043,0.1500047764037452,0.7562337313603644
25694,LOF,0.2537865401030637,0.016965042484567587,0.7292484174123688
25695,LOF,0.16001072146948844,0.024348122826659917,0.8156411557038515
25696,LOF,0.1674216262367811,0.010623920927691832,0.821954452835527
25697,LOF,0.1275360825721336,0.025519682534827073,0.8469442348930393
25698,LOF,0.03067470451911803,0.40414255062980264,0.5651827448510793
25699,LOF,0.06053687318692757,0.08548777358939456,0.8539753532236779
25700,LOF,0.033150134035199674,0.00979058818502849,0.9570592777797718
25701,LOF,0.014560171400894975,0.0783464601697842,0.9070933684293208
25702,GOF,0.038190579530805936,0.7423639409823419,0.2194454794868522
25703,LOF,0.015961015349724744,0.19974068453519062,0.7842983001150845
25704,LOF,0.09152964668803765,0.15073861077616907,0.7577317425357932
25705,LOF,0.051816057190148535,0.2409555206580914,0.7072284221517601
25706,GOF,0.045977425858714276,0.6010315848745827,0.35299098926670297
25707,GOF,0.024682947611429765,0.5226018524914623,0.45271519989710796
25708,LOF,0.008258698074440945,0.45253900651698553,0.5392022954085735
25709,LOF,0.018678208302321635,0.06239533296766823,0.9189264587300101
25710,LOF,0.009376792284153819,0.17576580702080932,0.8148574006950368
25711,LOF,0.019567928924527578,0.12510018621124158,0.855331884864231
25712,LOF,0.00846423717017319,0.23343841239681695,0.75809735043301
25713,LOF,0.018644616783069414,0.10672200600413077,0.8746333772127998
25714,LOF,0.019527242729961578,0.14253423290707487,0.8379385243629636
25715,LOF,0.01878938106275988,0.123515793940256,0.8576948249969841
25716,LOF,0.009734119006707169,0.13975062987289505,0.8505152511203978
25717,LOF,0.006171418559330171,0.13764148649210922,0.8561870949485607
25718,LOF,0.017906938273185888,0.07888442405427241,0.9032086376725417
25719,LOF,0.03101816146592607,0.08315899983577749,0.8858228386982964
25720,LOF,0.022582656897927728,0.0870277977568763,0.8903895453451959
25721,LOF,0.022725392301953726,0.10037654629238749,0.8768980614056587
25722,LOF,0.01760606240612844,0.12455919893124098,0.8578347386626306
25723,LOF,0.020010673775572904,0.06944369099156553,0.9105456352328615
25724,LOF,0.03288065670189531,0.10481354243328092,0.8623058008648237
25725,LOF,0.02153444858256872,0.06471213191084263,0.9137534195065887
25726,LOF,0.015494784613035838,0.10079292184672237,0.8837122935402417
25727,LOF,0.019344763469105585,0.08763886228028002,0.8930163742506144
25728,LOF,0.017354409298750616,0.10681940333483728,0.875826187366412
25729,LOF,0.017739936721925646,0.10868817427217627,0.8735718890058981
25730,LOF,0.018696726831390464,0.08658391782166057,0.894719355346949
25731,LOF,0.010417149890808419,0.176447544835481,0.8131353052737107
25732,LOF,0.018752018081974794,0.0938517246638851,0.8873962572541401
25733,LOF,0.029332603316689347,0.08439012609171584,0.8862772705915948
25734,LOF,0.006934447607011193,0.2152949030449531,0.7777706493480357
25735,LOF,0.022957516182994096,0.0793579327934329,0.897684551023573
25736,LOF,0.021259150978435507,0.12046490402563294,0.8582759449959315
25737,LOF,0.03962175208071674,0.10027199062783217,0.8601062572914511
25738,LOF,0.019346901979223712,0.14666282477490838,0.8339902732458679
25739,LOF,0.020907800532050682,0.14221218667664373,0.8368800127913055
25740,LOF,0.04724187950593463,0.13389204314794398,0.8188660773461214
25741,LOF,0.02590671178071601,0.11009861682267476,0.8639946713966092
25742,LOF,0.034953431161803133,0.12550020879818433,0.8395463600400126
25743,LOF,0.012974141614636676,0.04487805077826115,0.9421478076071022
25744,GOF,0.1597374099406779,0.4474567870482714,0.39280580301105067
25745,LOF,0.019813609846265925,0.07158048042860189,0.9086059097251321
25746,LOF,0.011791531030096267,0.09101540295541848,0.8971930660144853
25747,LOF,0.03482239952520629,0.035305909197261426,0.9298716912775323
25748,LOF,0.20735152113532254,0.06218636947100354,0.7304621093936738
25749,LOF,0.013240159397963396,0.0566395490204965,0.9301202915815401
25750,LOF,0.01578681527759291,0.09186774068094533,0.8923454440414619
25751,LOF,0.03873231642375605,0.07221985763731105,0.8890478259389328
25752,GOF,0.09339906939706619,0.7025551037359086,0.2040458268670252
25753,LOF,0.007983338409305126,0.369457952905329,0.6225587086853659
25754,GOF,0.0051016060575039025,0.8600116267940084,0.13488676714848774
25755,LOF,0.010399875675110698,0.4324449107046642,0.5571552136202251
25756,LOF,0.04735164810267374,0.46194764142004946,0.4907007104772768
25757,GOF,0.00693116119384383,0.8783614246566788,0.1147074141494773
25758,GOF,0.009333045662665776,0.8828244633916789,0.10784249094565539
25759,GOF,0.005059634144374005,0.5951539899901074,0.3997863758655185
25760,LOF,0.007946745500187351,0.29764038406039367,0.694412870439419
25761,GOF,0.04599447176774297,0.8478812014123521,0.10612432681990491
25762,LOF,0.02755040656362723,0.40312304742267563,0.5693265460136971
25763,LOF,0.008985470725629056,0.2534036816645351,0.737610847609836
25764,GOF,0.1013388567729058,0.6069823509162549,0.2916787923108393
25765,GOF,0.008055762217455223,0.8574679158088786,0.1344763219736662
25766,GOF,0.03217723154804684,0.806257620905791,0.16156514754616208
25767,GOF,0.014160607668848389,0.5264331711796576,0.459406221151494
25768,LOF,0.03688429146030911,0.08071097699374226,0.8824047315459487
25769,LOF,0.02187536100307793,0.0760004480794558,0.9021241909174663
25770,LOF,0.14746721667445495,0.07379054809992046,0.7787422352256247
25771,LOF,0.014555423408330699,0.08211197216112055,0.9033326044305487
25772,LOF,0.022642494745401195,0.030864053344871783,0.9464934519097271
25773,LOF,0.013179264803781615,0.07348032772668378,0.9133404074695346
25774,LOF,0.02705216392141198,0.09774940136731762,0.8751984347112703
25775,LOF,0.02180480306626248,0.04211711012568267,0.9360780868080548
25776,LOF,0.02532338183639721,0.027372121617542416,0.9473044965460604
25777,LOF,0.17716979288648468,0.07569846932185804,0.7471317377916573
25778,LOF,0.01937528100163401,0.05403525568672432,0.9265894633116416
25779,GOF,0.037092224013254314,0.9033277764155032,0.05957999957124248
25780,GOF,0.06801090395805699,0.8843113695385029,0.047677726503440127
25781,GOF,0.02466498117591173,0.8838182189489661,0.09151679987512226
25782,GOF,0.03204822706500232,0.9104661420684561,0.057485630866541605
25783,GOF,0.01794528647074535,0.7925985586758624,0.1894561548533922
25784,GOF,0.11759144279185643,0.852293567885256,0.030114989322887566
25785,GOF,0.0763804527299636,0.8825812576803822,0.04103828958965408
25786,GOF,0.00540133923549556,0.8397767647944103,0.15482189597009416
25787,GOF,0.18002427601016796,0.7872899539965282,0.03268576999330381
25788,LOF,0.015285638991533602,0.21311272454300614,0.7716016364654603
25789,GOF,0.019528676030656295,0.8741760715116931,0.10629525245765066
25790,GOF,0.022200886001586224,0.8878539714323088,0.08994514256610504
25791,GOF,0.014776863490549175,0.8541419555047021,0.1310811810047489
25792,GOF,0.024952505845056986,0.8640316471895102,0.11101584696543282
25793,GOF,0.07521675072744291,0.8533388990252084,0.07144435024734871
25794,GOF,0.052077380245987216,0.7893199651454528,0.15860265460856
25795,GOF,0.0357202733577687,0.8102236918947923,0.15405603474743906
25796,GOF,0.07565487685682615,0.8331842417205395,0.09116088142263438
25797,GOF,0.032102759394526385,0.722080332527268,0.2458169080782057
25798,GOF,0.002997955058267106,0.6696573363821002,0.3273447085596328
25799,GOF,0.0031133250796120957,0.5748111033727432,0.4220755715476446
25800,GOF,0.012417946881331894,0.7787309890654504,0.20885106405321777
25801,GOF,0.017172177567348283,0.8925590407276446,0.09026878170500713
25802,GOF,0.020787351339080787,0.8408098545335464,0.13840279412737297
25803,GOF,0.01160300120799537,0.741634105339,0.2467628934530046
25804,GOF,0.012905852275941043,0.6666155712355465,0.3204785764885125
25805,GOF,0.02307260133753941,0.7420332742123116,0.23489412445014904
25806,GOF,0.020288199296245233,0.7959513045543142,0.1837604961494406
25807,GOF,0.005275358355662227,0.7484523928688971,0.24627224877544057
25808,GOF,0.01484470099613357,0.7792486526537775,0.20590664635008896
25809,GOF,0.006098028668010891,0.7629678983150068,0.23093407301698243
25810,GOF,0.004999138554733651,0.7653184347336087,0.22968242671165762
25811,GOF,0.0494028737425538,0.8870650767427037,0.06353204951474256
25812,GOF,0.017437120753513186,0.7611046490470388,0.2214582301994481
25813,GOF,0.11382852858002164,0.8031308390151282,0.08304063240485023
25814,GOF,0.02401050003979749,0.8170478573829404,0.15894164257726234
25815,GOF,0.03920401005268062,0.8519826344240052,0.10881335552331427
25816,GOF,0.007097064087444827,0.863717380673498,0.12918555523905714
25817,GOF,0.09126247720049942,0.800885699995485,0.10785182280401558
25818,GOF,0.02514300072861759,0.8191790952463847,0.15567790402499768
25819,GOF,0.06286359484330689,0.7861492001382452,0.15098720501844812
25820,GOF,0.031945790077592344,0.7822639952028103,0.18579021471959734
25821,GOF,0.01863972188736741,0.7738754512269356,0.20748482688569708
25822,GOF,0.036033746355950955,0.7902567033023391,0.1737095503417098
25823,GOF,0.014215040633545166,0.6805780735007305,0.30520688586572436
25824,GOF,0.026877775183685417,0.7793548530753648,0.1937673717409498
25825,GOF,0.015397295445530255,0.7656179444791527,0.2189847600753172
25826,GOF,0.0052767327659144735,0.740303387563339,0.2544198796707464
25827,GOF,0.007990913679652932,0.7295898436746481,0.26241924264569894
25828,GOF,0.005376871728860998,0.673129252601542,0.32149387566959703
25829,GOF,0.0029512040704960246,0.7244282535646381,0.27262054236486577
25830,GOF,0.03864612442317042,0.538872793996486,0.42248108158034353
25831,GOF,0.04102201525372367,0.8588250195375491,0.10015296520872724
25832,GOF,0.00894773640828774,0.8275130840195085,0.16353917957220385
25833,GOF,0.03518819677788934,0.860320787823613,0.1044910153984978
25834,GOF,0.008884011490420769,0.8342121712279352,0.15690381728164418
25835,GOF,0.017670975829881107,0.8687828838658026,0.1135461403043163
25836,GOF,0.006630372878555165,0.8309725841293816,0.16239704299206328
25837,GOF,0.006482012670160266,0.74183015652006,0.25168783080977974
25838,GOF,0.020510011388854884,0.8823765584518138,0.0971134301593312
25839,GOF,0.0391368175396388,0.8603221134507507,0.10054106900961036
25840,GOF,0.05690659346245877,0.8626841805890418,0.08040922594849943
25841,GOF,0.05054121560002199,0.872288118423373,0.07717066597660509
25842,GOF,0.025795728211029212,0.8992695565308914,0.07493471525807942
25843,GOF,0.026297489291179046,0.9066679061068847,0.06703460460193625
25844,GOF,0.01665581267895325,0.8643096616308263,0.1190345256902205
25845,GOF,0.005551392816390329,0.6785560634848885,0.31589254369872116
25846,GOF,0.035812477217659455,0.8858061162615785,0.07838140652076213
25847,GOF,0.018593656998889877,0.912890697409331,0.06851564559177917
25848,GOF,0.016283466325458185,0.874885534857896,0.10883099881664576
25849,GOF,0.004839715425226561,0.7626689590624788,0.23249132551229468
25850,GOF,0.006443453862070996,0.777373733032311,0.21618281310561802
25851,GOF,0.005636232841793555,0.6687427808634304,0.3256209862947761
25852,GOF,0.12750150619089706,0.645098633145514,0.22739986066358886
25853,GOF,0.0715007563550485,0.846025134193215,0.08247410945173644
25854,GOF,0.005194431141911994,0.7157982549340767,0.27900731392401146
25855,GOF,0.016204514683436345,0.6810397892596176,0.3027556960569462
25856,GOF,0.04027407965698427,0.8147681025964294,0.14495781774658617
25857,GOF,0.014410587209595122,0.6826538970727551,0.3029355157176497
25858,GOF,0.008855073857832711,0.6633741056508207,0.32777082049134654
25859,GOF,0.005891414633880678,0.6388957809763255,0.3552128043897938
25860,GOF,0.07687520567251042,0.8357001523734953,0.08742464195399435
25861,GOF,0.07339333984250374,0.8514023987962072,0.07520426136128909
25862,GOF,0.02158984705170644,0.8800276713134555,0.09838248163483822
25863,GOF,0.02084398518260638,0.8812806264781168,0.09787538833927685
25864,GOF,0.04624344294001296,0.8861912973109362,0.067565259749051
25865,GOF,0.03114033697981514,0.860230370652893,0.10862929236729196
25866,GOF,0.025366503967777676,0.879856349244654,0.09477714678756848
25867,GOF,0.0353498608532831,0.8884028434719419,0.076247295674775
25868,GOF,0.05231891437285241,0.8543680086057566,0.09331307702139086
25869,GOF,0.3382456927203282,0.6013505309924453,0.060403776287226575
25870,GOF,0.06725407488316987,0.7072881072566103,0.2254578178602198
25871,GOF,0.010536881677864639,0.9043194311826425,0.08514368713949297
25872,GOF,0.019780586013496186,0.887597278533492,0.09262213545301183
25873,GOF,0.019603493687514812,0.9043255100749719,0.07607099623751334
25874,LOF,0.018174780487053496,0.2207243970536652,0.7611008224592813
25875,LOF,0.05007580526670761,0.048346982680517715,0.9015772120527745
25876,LOF,0.019502258635396303,0.04005601375085788,0.9404417276137459
25877,LOF,0.12594300308298215,0.0881696495839944,0.7858873473330235
25878,LOF,0.06803698231508368,0.11906140511554385,0.8129016125693724
25879,LOF,0.03188883813429606,0.08540227037390245,0.8827088914918015
25880,LOF,0.06127911424596762,0.012776718231901699,0.9259441675221308
25881,Neutral,0.5331256503360454,0.07070921496325595,0.39616513470069853
25882,LOF,0.04299197688648253,0.031944192825385694,0.9250638302881318
25883,LOF,0.028824819643674664,0.025621990256310224,0.945553190100015
25884,LOF,0.02806762735091657,0.04704265916266206,0.9248897134864213
25885,LOF,0.18628390203360926,0.0120664200397394,0.8016496779266514
25886,LOF,0.17272387783660842,0.062226709847583724,0.7650494123158078
25887,LOF,0.17919887362409925,0.0645162700123115,0.7562848563635892
25888,LOF,0.013498495888868062,0.15079245719395934,0.8357090469171726
25889,LOF,0.030745695281084336,0.03430296740396886,0.9349513373149467
25890,LOF,0.13757576634230975,0.12775354388915014,0.7346706897685401
25891,LOF,0.09748174724065163,0.024725865073671964,0.8777923876856765
25892,LOF,0.009132463410367107,0.0334822917657478,0.9573852448238851
25893,LOF,0.3956550075651858,0.008848815321842115,0.595496177112972
25894,LOF,0.4416698716297702,0.005057705143005163,0.5532724232272246
25895,LOF,0.3314385842237722,0.013337355617811455,0.6552240601584164
25896,LOF,0.06406006524948925,0.017890912621545657,0.9180490221289651
25897,LOF,0.18293547227006762,0.009201559488755827,0.8078629682411766
25898,LOF,0.18523212515900184,0.028140988384418943,0.7866268864565793
25899,LOF,0.3655184777527076,0.018777945490456884,0.6157035767568355
25900,LOF,0.4556205513867664,0.008028981446726834,0.5363504671665068
25901,LOF,0.06551317204144158,0.007982842277124225,0.9265039856814342
25902,LOF,0.17056255800489373,0.008660129902531935,0.8207773120925743
25903,LOF,0.4030785720071874,0.023166074073789036,0.5737553539190237
25904,Neutral,0.4954343131986132,0.025917276024619608,0.4786484107767672
25905,LOF,0.004252280293044298,0.4581576027786164,0.5375901169283394
25906,LOF,0.009847060277952251,0.11105528123297706,0.8790976584890707
25907,LOF,0.004789791895520644,0.3339291609351672,0.6612810471693121
25908,LOF,0.004577888734687423,0.2626149762539893,0.7328071350113233
25909,LOF,0.024970771555898722,0.15584658752462072,0.8191826409194806
25910,LOF,0.01136055304511019,0.11455787555996122,0.8740815713949286
25911,LOF,0.3182292083346047,0.04041009229845836,0.6413606993669368
25912,LOF,0.06379635200263845,0.057928462868641284,0.8782751851287203
25913,LOF,0.042270217403382195,0.06393506407312208,0.8937947185234957
25914,LOF,0.04190227801276516,0.04617935515210331,0.9119183668351315
25915,LOF,0.1672864630654585,0.19585974339431164,0.6368537935402299
25916,LOF,0.031084326217046883,0.13417846520431617,0.834737208578637
25917,LOF,0.07302157856977658,0.042766911274347064,0.8842115101558763
25918,LOF,0.04670924222236521,0.028724186796170042,0.9245665709814649
25919,LOF,0.040942545839913906,0.028371898515739062,0.930685555644347
25920,LOF,0.20087678259016395,0.2268359885158337,0.5722872288940023
25921,LOF,0.01745548019788922,0.03783565688697705,0.9447088629151337
25922,LOF,0.023252510069686677,0.03373860949849696,0.9430088804318164
25923,LOF,0.4724010626082233,0.029415580049477624,0.49818335734229907
25924,LOF,0.02605693082629582,0.049107069343651666,0.9248359998300526
25925,LOF,0.085780645072296,0.04713950831482376,0.8670798466128803
25926,LOF,0.06548463527586212,0.04279421042295522,0.8917211543011826
25927,LOF,0.02647895246094014,0.06419910974148396,0.909321937797576
25928,LOF,0.010774414054825415,0.052716383421019496,0.936509202524155
25929,Neutral,0.5575799443043085,0.02821824608826312,0.41420180960742853
25930,LOF,0.08513490380818993,0.02946313196669253,0.8854019642251175
25931,LOF,0.0161041914696177,0.03595745080950283,0.9479383577208794
25932,LOF,0.07267266729500872,0.028922791781792603,0.8984045409231987
25933,LOF,0.06611492897899217,0.019108926180497244,0.9147761448405105
25934,LOF,0.06403848630485054,0.017822453737397697,0.9181390599577517
25935,LOF,0.074929993913314,0.0567260106932865,0.8683439953933995
25936,LOF,0.11153162994012224,0.019189301558353116,0.8692790685015247
25937,LOF,0.01571103024023408,0.03848906692409906,0.9457999028356668
25938,LOF,0.07249985178927913,0.05081556493887908,0.8766845832718417
25939,LOF,0.04943448458010664,0.02452072821101771,0.9260447872088756
25940,LOF,0.007803299826379822,0.3649960686535704,0.6272006315200497
25941,Neutral,0.516545929839731,0.037222208353959216,0.44623186180630986
25942,LOF,0.008600379588033742,0.054402437386374035,0.9369971830255921
25943,LOF,0.04174493625091787,0.186207588776181,0.772047474972901
25944,LOF,0.06360677704418913,0.07746664174214624,0.8589265812136646
25945,LOF,0.1220737431762954,0.022453841127736057,0.8554724156959685
25946,LOF,0.06863008254584954,0.044485040205174034,0.8868848772489765
25947,Neutral,0.46747334403679053,0.11469692505274819,0.4178297309104612
25948,LOF,0.43044266973687795,0.013765592944277807,0.5557917373188442
25949,LOF,0.13503280350419575,0.06961237430589745,0.7953548221899068
25950,GOF,0.05803062789524696,0.6124418024125946,0.3295275696921585
25951,LOF,0.013822377997297273,0.4412826959802405,0.5448949260224623
25952,LOF,0.30049512371791703,0.3203649253742691,0.3791399509078139
25953,LOF,0.007032759877760389,0.19985633318006754,0.793110906942172
25954,GOF,0.0757479304193527,0.5269024064295638,0.39734966315108355
25955,LOF,0.007180477644626262,0.1737250752999551,0.8190944470554187
25956,LOF,0.017165148329198257,0.2700129777748256,0.7128218738959761
25957,LOF,0.19454849402619545,0.03042757309070005,0.7750239328831044
25958,LOF,0.034123333870517025,0.045617889944810204,0.9202587761846729
25959,GOF,0.016995920089179908,0.6585887391770135,0.32441534073380646
25960,LOF,0.006777236377093437,0.06910783918898684,0.9241149244339197
25961,LOF,0.033374790346607994,0.04138692549003192,0.9252382841633602
25962,LOF,0.03558843233455694,0.06586658197783192,0.8985449856876112
25963,LOF,0.0052011239213130825,0.20481161863575198,0.7899872574429349
25964,LOF,0.027055321390991538,0.12319281549016893,0.8497518631188394
25965,LOF,0.25824738549557485,0.1222539584447237,0.6194986560597014
25966,Neutral,0.4780795782577441,0.13845848601500696,0.383461935727249
25967,LOF,0.009287690499119206,0.08607077752323973,0.904641531977641
25968,LOF,0.04219769946075692,0.25455701447103735,0.7032452860682058
25969,LOF,0.14097319590668056,0.05916236267889979,0.7998644414144196
25970,LOF,0.022033084190214786,0.09834563469588113,0.879621281113904
25971,LOF,0.07936119245751047,0.03231060056861396,0.8883282069738756
25972,LOF,0.0619092741578439,0.052871274474881824,0.8852194513672743
25973,LOF,0.06821228243200278,0.008821006198311833,0.9229667113696854
25974,LOF,0.05285867806747301,0.03664511396816582,0.9104962079643611
25975,LOF,0.047883274488412286,0.017356647056870327,0.9347600784547173
25976,LOF,0.09140240129209942,0.009189007490714945,0.8994085912171857
25977,LOF,0.19338004138547518,0.07250352306571042,0.7341164355488144
25978,LOF,0.18367416154409863,0.12215061307132163,0.6941752253845798
25979,LOF,0.15146416662792386,0.13569055038257785,0.7128452829894983
25980,LOF,0.2701691834281623,0.1811391573328845,0.5486916592389532
25981,LOF,0.2717934096114939,0.18255756898701306,0.545649021401493
25982,Neutral,0.49361883595742034,0.08980307673072309,0.41657808731185647
25983,Neutral,0.48886142573683083,0.10861579977905894,0.40252277448411017
25984,LOF,0.040963196756921116,0.09768859568222427,0.8613482075608546
25985,LOF,0.4144352962945958,0.1586455952488082,0.426919108456596
25986,LOF,0.012795676059361022,0.4134991286450987,0.5737051952955403
25987,LOF,0.056412217861020866,0.10021775647664802,0.8433700256623311
25988,LOF,0.040646033047760474,0.1647309525208313,0.7946230144314081
25989,LOF,0.03833566656084159,0.2003372094993483,0.7613271239398102
25990,LOF,0.04176453190954239,0.311924015466077,0.6463114526243806
25991,LOF,0.028916430599119938,0.4375773911961907,0.5335061782046894
25992,LOF,0.024481738457085032,0.4479577511420193,0.5275605104008957
25993,LOF,0.028857692293944245,0.08346622571070185,0.8876760819953539
25994,LOF,0.02404169655998407,0.08502458488577665,0.8909337185542393
25995,LOF,0.021574886434060483,0.14006436148471238,0.8383607520812272
25996,GOF,0.333567902564705,0.3338296462671601,0.3326024511681349
25997,LOF,0.06976643318735058,0.38389288039371805,0.5463406864189313
25998,LOF,0.26055394978993834,0.045428299477007175,0.6940177507330546
25999,LOF,0.023289287975842943,0.1699752749256228,0.8067354370985341
26000,LOF,0.1791691674071117,0.028009968084267613,0.7928208645086207
26001,LOF,0.24503464122841614,0.04676189045216723,0.7082034683194166
26002,LOF,0.12826882235820897,0.04804937816816865,0.8236817994736223
26003,GOF,0.005067356538358884,0.6482051182281222,0.3467275252335188
26004,GOF,0.00860866813455149,0.7112621080209308,0.2801292238445177
26005,GOF,0.004175501372983706,0.5146004491507616,0.4812240494762547
26006,GOF,0.1504593135566297,0.5369752137578132,0.31256547268555707
26007,GOF,0.007973244161322461,0.5441465334643737,0.4478802223743037
26008,GOF,0.00536297173873342,0.6221456541462649,0.3724913741150017
26009,GOF,0.007618666910836911,0.674717919981539,0.3176634131076243
26010,GOF,0.00784785528793672,0.6132523738236344,0.37889977088842897
26011,LOF,0.0033608804047204725,0.4618472776198597,0.5347918419754198
26012,GOF,0.00490086032385691,0.5132728597202622,0.4818262799558808
26013,GOF,0.00641864190584657,0.5917184350408897,0.40186292305326365
26014,LOF,0.05536147181289233,0.11565501471790707,0.8289835134692006
26015,LOF,0.37266656717894053,0.026079289565092225,0.6012541432559672
26016,LOF,0.3196313479001646,0.046334664814899416,0.634033987284936
26017,LOF,0.02397291235768495,0.2164376867621645,0.7595894008801506
26018,LOF,0.025884975187162387,0.05537473645334813,0.9187402883594895
26019,LOF,0.025408187532138648,0.047220503035208125,0.9273713094326531
26020,LOF,0.010817213417273668,0.21111363069100364,0.7780691558917228
26021,LOF,0.08554833572624242,0.07529282576156016,0.8391588385121973
26022,LOF,0.04141946914585501,0.029210197844034686,0.9293703330101104
26023,LOF,0.030069671692129905,0.03689297842317948,0.9330373498846906
26024,LOF,0.047720172747872956,0.07513279001262864,0.8771470372394985
26025,LOF,0.06660802063635969,0.07876765704429024,0.85462432231935
26026,LOF,0.1330234789069741,0.05429036402991624,0.8126861570631096
26027,LOF,0.02522859766836519,0.028578048956191492,0.9461933533754433
26028,LOF,0.12361442169552946,0.16253101299445344,0.713854565310017
26029,LOF,0.021635944544141656,0.20126691842221575,0.7770971370336426
26030,LOF,0.192381031888011,0.020405037134106397,0.7872139309778825
26031,LOF,0.010304166616041185,0.16952505570013737,0.8201707776838215
26032,LOF,0.04364502801830533,0.058511056569496615,0.897843915412198
26033,LOF,0.06680435318316498,0.05213002466314037,0.8810656221536945
26034,LOF,0.013803117990991421,0.15105398376458157,0.835142898244427
26035,LOF,0.01215485851728802,0.10946450136423133,0.8783806401184806
26036,LOF,0.011820967874299045,0.1266734255400373,0.8615056065856636
26037,LOF,0.010771323610152853,0.09839936120258314,0.890829315187264
26038,LOF,0.037645712829239904,0.052315904154100944,0.9100383830166591
26039,LOF,0.026786629392286185,0.13004949962200604,0.8431638709857078
26040,LOF,0.10632211672011856,0.12012398255818287,0.7735539007216985
26041,LOF,0.013248644156911755,0.09056897760733006,0.8961823782357582
26042,LOF,0.012350381481336967,0.09708213750630625,0.8905674810123568
26043,LOF,0.03653798292860597,0.07167031895077865,0.8917916981206154
26044,LOF,0.014772292177489738,0.045418842129467694,0.9398088656930427
26045,LOF,0.07038154008607035,0.11382990699905371,0.815788552914876
26046,LOF,0.03141342133899254,0.05532007327172908,0.9132665053892783
26047,LOF,0.053179387029630286,0.05485860878518581,0.8919620041851839
26048,LOF,0.10331240713042206,0.024205779163138822,0.8724818137064392
26049,Neutral,0.9445609897592755,0.007771867338140504,0.047667142902583996
26050,Neutral,0.9211576507306097,0.008543117953474753,0.07029923131591548
26051,LOF,0.01637343061576388,0.11429527157469904,0.8693312978095371
26052,LOF,0.027714746075757486,0.13356138727464392,0.8387238666495986
26053,LOF,0.026997427623084908,0.1541343773981366,0.8188681949787785
26054,LOF,0.045249323281313814,0.02648110316032725,0.9282695735583589
26055,LOF,0.06825862244701196,0.021854604220838042,0.9098867733321501
26056,LOF,0.05534071129084549,0.027277064756093993,0.9173822239530605
26057,LOF,0.05916245238250848,0.014942415723397127,0.9258951318940943
26058,LOF,0.06267872178314692,0.012035460737392525,0.9252858174794606
26059,LOF,0.18936955756237145,0.02725494341355012,0.7833754990240785
26060,LOF,0.017987456973902114,0.16580492691663776,0.8162076161094601
26061,LOF,0.012687049771177737,0.00956714448467639,0.9777458057441458
26062,LOF,0.006619575511568721,0.017563684621879787,0.9758167398665516
26063,LOF,0.038802637408119324,0.01100510764956503,0.9501922549423156
26064,LOF,0.0099582345431823,0.02388697160657806,0.9661547938502396
26065,LOF,0.0460429886557178,0.01311453877247008,0.9408424725718122
26066,LOF,0.04669903651797366,0.011220221330967003,0.9420807421510593
26067,LOF,0.05590372854300754,0.010244811535849177,0.9338514599211434
26068,LOF,0.05010963174011211,0.0406781587269935,0.9092122095328943
26069,LOF,0.1555042818938509,0.027691054250659278,0.8168046638554898
26070,LOF,0.3311305064425758,0.021038405994789795,0.6478310875626345
26071,LOF,0.046477857681375974,0.011162051290368208,0.9423600910282558
26072,LOF,0.010520543293963649,0.01849458649569374,0.9709848702103427
26073,LOF,0.041232911469706986,0.013715550982335326,0.9450515375479576
26074,Neutral,0.9143717183633454,0.008563185398140646,0.07706509623851382
26075,LOF,0.05453995693742577,0.020462030624701942,0.9249980124378723
26076,LOF,0.06088957342215701,0.012722060176537441,0.9263883664013054
26077,LOF,0.16463459920074333,0.006676160091174564,0.8286892407080821
26078,LOF,0.008859300469166507,0.014783543806193246,0.9763571557246403
26079,LOF,0.0624654245071351,0.021399994318717235,0.9161345811741477
26080,LOF,0.06128071234523384,0.021475155174900732,0.9172441324798654
26081,LOF,0.03439267351124638,0.008809807355921321,0.9567975191328323
26082,LOF,0.007943585251508315,0.01326661943684738,0.9787897953116442
26083,LOF,0.10824109019715535,0.01999204717454096,0.8717668626283038
26084,LOF,0.1134688409009359,0.015137185244811637,0.8713939738542524
26085,LOF,0.10226124377250326,0.012821545397883934,0.8849172108296127
26086,LOF,0.04218713886710357,0.012642262897396334,0.9451705982355002
26087,LOF,0.03636234257514842,0.010344350009291214,0.9532933074155603
26088,LOF,0.008717585287606553,0.02214749929136558,0.9691349154210278
26089,LOF,0.042965041962038056,0.031235148629043325,0.9257998094089187
26090,LOF,0.04398132639691638,0.024714219280806415,0.9313044543222772
26091,LOF,0.032522028572151924,0.007681981095763398,0.9597959903320847
26092,LOF,0.04729925889245098,0.008143259279576756,0.9445574818279722
26093,LOF,0.09195879996551971,0.005603571396254866,0.9024376286382254
26094,LOF,0.0374145344520997,0.007045938521600504,0.9555395270262997
26095,LOF,0.03797870297560211,0.015791072070427778,0.94623022495397
26096,LOF,0.2079326313287486,0.004829834925473504,0.7872375337457778
26097,LOF,0.008228799599783588,0.032581609799797594,0.9591895906004189
26098,LOF,0.07554582992492521,0.01684563413885177,0.9076085359362229
26099,LOF,0.04834282316710389,0.016591095206241257,0.9350660816266548
26100,LOF,0.0483397082486387,0.016590026176643274,0.935070265574718
26101,LOF,0.06014051211607286,0.030758771700539828,0.9091007161833873
26102,LOF,0.0354622543260393,0.01654214949111371,0.947995596182847
26103,Neutral,0.8761818856923779,0.025392613853666736,0.09842550045395522
26104,LOF,0.057437563435876866,0.04135211427293431,0.9012103222911888
26105,LOF,0.24855759619156723,0.18236111194350674,0.5690812918649261
26106,LOF,0.30221885175976837,0.10551979465839105,0.5922613535818406
26107,LOF,0.023244417972901946,0.09094675016503553,0.8858088318620624
26108,LOF,0.30830142845588043,0.03976845924130573,0.651930112302814
26109,LOF,0.08456128495647794,0.03654520387168883,0.8788935111718331
26110,LOF,0.466282225225536,0.007435618259850601,0.5262821565146134
26111,LOF,0.05821185985447389,0.14862615200205187,0.7931619881434743
26112,LOF,0.05622259363587773,0.00825508035430104,0.9355223260098213
26113,LOF,0.10338248290379591,0.021035257731581943,0.8755822593646221
26114,LOF,0.09044552666748858,0.007447969672585382,0.9021065036599261
26115,LOF,0.014385159423564458,0.04776894564758361,0.937845894928852
26116,LOF,0.06917857374969326,0.02108009459399828,0.9097413316563085
26117,LOF,0.387392492711513,0.031438793297831884,0.5811687139906551
26118,LOF,0.0504905549278636,0.014929068191218002,0.9345803768809184
26119,LOF,0.006306099665333628,0.03423988324071185,0.9594540170939545
26120,LOF,0.035678594950064,0.015311307909048224,0.9490100971408878
26121,LOF,0.004330383164656932,0.11015264151088962,0.8855169753244535
