feature0,prediction,LoGoFunc_Neutral,LoGoFunc_GOF,LoGoFunc_LOF
25546,Neutral,0.6840718909139428,0.04096713788111284,0.27496097120494445
25547,Neutral,0.5745936839197368,0.10304049832317337,0.3223658177570899
25548,Neutral,0.522024604520872,0.07158404326332808,0.4063913522157999
25549,Neutral,0.48929295485221824,0.08126645140224271,0.4294405937455391
25550,Neutral,0.6394364883922606,0.03368319634350389,0.32688031526423555
25551,Neutral,0.6677165318248556,0.03620680539178972,0.29607666278335476
25552,LOF,0.3452098318530971,0.06882693794488916,0.5859632302020137
25553,Neutral,0.5623059580457588,0.030922282233494674,0.4067717597207466
25554,LOF,0.3986917474566996,0.07322990169806204,0.5280783508452384
25555,LOF,0.3093346189892058,0.06535228897602098,0.6253130920347731
25556,LOF,0.40512633597330483,0.0670978412787766,0.5277758227479186
25557,LOF,0.30537968286320416,0.07882062385961375,0.615799693277182
25558,LOF,0.3910219273245262,0.07735596451153846,0.5316221081639354
25559,LOF,0.24015419997916598,0.06830970509912496,0.6915360949217091
25560,LOF,0.04115738740616012,0.22690679706255634,0.7319358155312836
25561,LOF,0.11769008522514093,0.25428128677022394,0.6280286280046351
25562,LOF,0.11291005814288459,0.045042186538816115,0.8420477553182992
25563,LOF,0.14375058909404548,0.07456855483599763,0.781680856069957
25564,LOF,0.05570563508765626,0.1164532041105622,0.8278411608017814
25565,LOF,0.13296436042669124,0.29564381271195844,0.5713918268613503
25566,GOF,0.033573178762478305,0.5647302436612704,0.40169657757625127
25567,LOF,0.01911503758202409,0.08347144430397488,0.897413518114001
25568,LOF,0.10564470888110353,0.05977246459267054,0.834582826526226
25569,LOF,0.27479916502666574,0.012137302265398112,0.7130635327079361
25570,LOF,0.08303243812702527,0.11034991922248527,0.8066176426504894
25571,LOF,0.09518071395833073,0.07176231207532635,0.8330569739663429
25572,LOF,0.07825440480306448,0.10994474017913726,0.8118008550177983
25573,LOF,0.038968469383212724,0.0756685404238252,0.8853629901929622
25574,LOF,0.015116497971683154,0.17673742257488026,0.8081460794534365
25575,LOF,0.08547754871437034,0.03912170066031747,0.8754007506253121
25576,LOF,0.027297377469720736,0.03283505485585927,0.93986756767442
25577,LOF,0.021751986620854116,0.05538585594976965,0.9228621574293763
25578,LOF,0.30889731766255174,0.10511723402736786,0.5859854483100804
25579,LOF,0.10722323071111858,0.10386595673782871,0.7889108125510527
25580,LOF,0.054390169426393596,0.02388724754453476,0.9217225830290716
25581,LOF,0.09761150937663408,0.06963608908567524,0.8327524015376907
25582,LOF,0.09844854285129788,0.041231453401024895,0.8603200037476773
25583,LOF,0.06140818306871048,0.025299086629151014,0.9132927303021386
25584,Neutral,0.519220085786369,0.04800482704655799,0.43277508716707297
25585,LOF,0.02165005546621579,0.039001574555149396,0.9393483699786349
25586,LOF,0.05740472050868721,0.04895450059421759,0.8936407788970951
25587,LOF,0.04215090908682816,0.03747536882734048,0.9203737220858313
25588,LOF,0.04878576432547158,0.04807372720654821,0.9031405084679802
25589,Neutral,0.7411034359326973,0.08329308929259935,0.17560347477470345
25590,LOF,0.03855004607462305,0.09591433964829674,0.8655356142770801
25591,LOF,0.12736807703606864,0.036712272260554034,0.8359196507033774
25592,LOF,0.2338588969821155,0.1317964920584733,0.6343446109594112
25593,LOF,0.02110328059770499,0.35035314335712386,0.6285435760451711
25594,LOF,0.06942558105701332,0.12944108557527345,0.8011333333677132
25595,LOF,0.05242370837855057,0.25723217239190027,0.6903441192295492
25596,LOF,0.11826949659921292,0.08856056707012092,0.7931699363306662
25597,LOF,0.11065409909469442,0.05627374433466185,0.8330721565706437
25598,LOF,0.16377530878150526,0.10543711446486773,0.730787576753627
25599,LOF,0.014500728048123426,0.26693437645535484,0.7185648954965217
25600,LOF,0.017420645592233167,0.2848628334834054,0.6977165209243614
25601,LOF,0.010455117779429922,0.16802683674295837,0.8215180454776116
25602,LOF,0.049328560431576206,0.07604731214966202,0.8746241274187618
25603,LOF,0.04332500664064949,0.10672626820087984,0.8499487251584706
25604,LOF,0.0281519962559713,0.14888420696926633,0.8229637967747623
25605,LOF,0.014452594251600698,0.3388736310083886,0.6466737747400108
25606,GOF,0.08216498632779692,0.46481212136374006,0.453022892308463
25607,LOF,0.003534453240619461,0.16972589194772525,0.8267396548116552
25608,LOF,0.027221045589395487,0.05256923158916637,0.9202097228214381
25609,LOF,0.15540761573107065,0.16912495364651026,0.6754674306224191
25610,LOF,0.037778966459906534,0.08731163228001687,0.8749094012600767
25611,LOF,0.05188183903245268,0.07924244563003342,0.868875715337514
25612,LOF,0.14743923523994962,0.038528623024711064,0.8140321417353393
25613,LOF,0.052207611093312296,0.0861665916401907,0.861625797266497
25614,LOF,0.0328355847383712,0.13444303461156182,0.8327213806500671
25615,LOF,0.037448759425187654,0.08427766614166611,0.8782735744331462
25616,LOF,0.024731186450374747,0.1538186841839669,0.8214501293656583
25617,LOF,0.04290853656655951,0.11243936734445215,0.8446520960889884
25618,GOF,0.09847835628626447,0.45339692003781623,0.44812472367591927
25619,LOF,0.03715947536636176,0.09631105853090438,0.8665294661027338
25620,LOF,0.032292649984484466,0.12392208978211919,0.8437852602333963
25621,LOF,0.04300289193750262,0.08743994718275898,0.8695571608797384
25622,LOF,0.033230077701424096,0.12478416995500628,0.8419857523435698
25623,LOF,0.05330397716283814,0.10964365470481997,0.837052368132342
25624,LOF,0.030314752627980893,0.16589442762080506,0.803790819751214
25625,LOF,0.03565718243908641,0.10599798373859819,0.8583448338223154
25626,LOF,0.14158706881354965,0.04567509622207255,0.8127378349643777
25627,Neutral,0.4598799805359344,0.15054522143992627,0.3895747980241394
25628,LOF,0.14968400149652147,0.04665153250005066,0.8036644660034278
25629,LOF,0.19096327910319252,0.028191311091809706,0.7808454098049977
25630,LOF,0.09170103996296881,0.06608594672040166,0.8422130133166296
25631,Neutral,0.5077828939917436,0.10688140161491852,0.3853357043933379
25632,LOF,0.01283005726363549,0.0561793727728441,0.9309905699635205
25633,LOF,0.3133905632895443,0.22454718244565128,0.4620622542648044
25634,LOF,0.09129482087363085,0.08511737617524417,0.8235878029511249
25635,LOF,0.04310528837535874,0.07507124369626719,0.8818234679283741
25636,GOF,0.004763244385790179,0.5320281174099909,0.46320863820421887
25637,LOF,0.00532092261092332,0.264805888144477,0.7298731892445999
25638,LOF,0.006973567147785996,0.3153640215243708,0.6776624113278432
25639,LOF,0.005962798804933688,0.24091380240746102,0.7531233987876054
25640,Neutral,0.5831782775931776,0.2841857494366397,0.13263597297018256
25641,LOF,0.010404439510549267,0.13004376009914204,0.8595518003903088
25642,LOF,0.2723236809935247,0.040249154843087054,0.6874271641633882
25643,LOF,0.4012764275138944,0.015602609347852302,0.5831209631382532
25644,LOF,0.01254872159159654,0.35459176730653513,0.6328595111018683
25645,LOF,0.011872761470894949,0.428229694182752,0.5598975443463531
25646,LOF,0.012290025819706214,0.3003828263615605,0.6873271478187334
25647,LOF,0.012346323151812501,0.2922854537856877,0.6953682230624998
25648,LOF,0.00907057326761802,0.38825074585202185,0.6026786808803601
25649,LOF,0.009229314772802805,0.2292783866786725,0.7614922985485246
25650,LOF,0.03175862061364949,0.4709737369778674,0.49726764240848315
25651,LOF,0.007672517685042947,0.2996932632904689,0.6926342190244881
25652,LOF,0.015942397270108828,0.2929813617065848,0.6910762410233063
25653,GOF,0.07719379166240853,0.5331357597702489,0.3896704485673427
25654,LOF,0.010796592140376376,0.4452887711734523,0.5439146366861713
25655,GOF,0.0889041552802602,0.49640355378937234,0.4146922909303674
25656,LOF,0.05868818750575734,0.3300268203212708,0.6112849921729719
25657,LOF,0.24163511171028193,0.03725869376415787,0.7211061945255601
25658,LOF,0.02163663669251139,0.2921144232535342,0.6862489400539544
25659,LOF,0.13352279655831306,0.22736863398580287,0.6391085694558841
25660,LOF,0.09239381783646922,0.12124746561867299,0.7863587165448578
25661,LOF,0.07482304276172866,0.07460735348173965,0.8505696037565316
25662,LOF,0.055462433347517485,0.0656945617528129,0.8788430048996696
25663,LOF,0.04890233932374675,0.08652062778659224,0.8645770328896609
25664,LOF,0.041514758024105286,0.1834417791537895,0.7750434628221052
25665,LOF,0.07972448917395696,0.10234578756835017,0.8179297232576929
25666,LOF,0.0667512426877181,0.20685965351848432,0.7263891037937976
25667,LOF,0.04477019695482915,0.030931861038824993,0.9242979420063459
25668,LOF,0.048208861510945084,0.05056708774031908,0.9012240507487358
25669,LOF,0.0378309128941532,0.09665790991540124,0.8655111771904456
25670,LOF,0.06188593580866221,0.07871834655719333,0.8593957176341445
25671,LOF,0.06448178951461671,0.06583965086673764,0.8696785596186458
25672,LOF,0.08575031272073765,0.05923231905032102,0.8550173682289414
25673,LOF,0.06560208937442039,0.0819157887562339,0.8524821218693458
25674,LOF,0.037904763862543836,0.12660785530885732,0.8354873808285987
25675,LOF,0.0706214740788527,0.04833523599606643,0.881043289925081
25676,LOF,0.046077055153986884,0.09628880038542686,0.8576341444605863
25677,LOF,0.07544442145766952,0.056528661025467365,0.8680269175168631
25678,LOF,0.2975829472633233,0.06768255604140547,0.6347344966952713
25679,LOF,0.1566513945095784,0.11694844984919828,0.7264001556412233
25680,LOF,0.10135948167405416,0.14828854902325742,0.7503519693026885
25681,LOF,0.11410661703978867,0.13587845527024903,0.7500149276899624
25682,LOF,0.06355944503311846,0.07451759944595428,0.8619229555209271
25683,LOF,0.13638927380802499,0.08823604229610177,0.7753746838958732
25684,LOF,0.08764858451543041,0.11871322743994123,0.7936381880446284
25685,LOF,0.0991116077911997,0.05404856337080152,0.8468398288379989
25686,LOF,0.023241426178645087,0.21968000918809844,0.7570785646332565
25687,LOF,0.0360924367883482,0.22313122039128197,0.74077634282037
25688,LOF,0.015287845127549873,0.409597839342069,0.5751143155303812
25689,LOF,0.010501811280860435,0.21995826046382733,0.7695399282553123
25690,LOF,0.010745514117642541,0.46788928515744016,0.5213652007249173
25691,GOF,0.06451263451886616,0.698701348259213,0.2367860172219208
25692,LOF,0.1304257049201777,0.03471995106006158,0.8348543440197607
25693,LOF,0.02719660292536337,0.4261872046350254,0.5466161924396112
25694,LOF,0.2032755495943173,0.052779363456487094,0.7439450869491955
25695,LOF,0.16395097429260236,0.08140088048434439,0.7546481452230532
25696,LOF,0.1559269797853617,0.06533803421524818,0.7787349859993902
25697,LOF,0.1617830899319435,0.028941688954201582,0.8092752211138549
25698,LOF,0.014188165818833236,0.4164245739235178,0.5693872602576489
25699,LOF,0.07286784292686779,0.31949131039022205,0.6076408466829101
25700,LOF,0.05435901215730557,0.026071210553215995,0.9195697772894785
25701,LOF,0.010424513823199914,0.48992651464255,0.49964897153425
25702,GOF,0.022449147881966714,0.5656244938038968,0.4119263583141366
25703,LOF,0.016075716328343034,0.08120510979587353,0.9027191738757834
25704,LOF,0.06452908087518255,0.10792746700152503,0.8275434521232924
25705,LOF,0.09625939889704863,0.22461002573832686,0.6791305753646245
25706,GOF,0.02089689176584242,0.7029363538718673,0.27616675436229043
25707,GOF,0.01839561659283388,0.6331436145937156,0.34846076881345045
25708,GOF,0.0074549516968314845,0.6621478283912708,0.3303972199118977
25709,LOF,0.048559184919172445,0.11512132022966899,0.8363194948511585
25710,LOF,0.012706681922380234,0.21160718080303026,0.7756861372745895
25711,LOF,0.045034866445759617,0.12685566410367718,0.8281094694505632
25712,LOF,0.022251783493166817,0.15167252258621686,0.8260756939206163
25713,LOF,0.04173503225516426,0.13768793707217392,0.8205770306726617
25714,LOF,0.03584534438836858,0.343064110164523,0.6210905454471084
25715,LOF,0.036840219938936915,0.203688476949004,0.759471303112059
25716,LOF,0.01239790777499325,0.0959284501911762,0.8916736420338305
25717,LOF,0.011009571845075857,0.07842189982898362,0.9105685283259406
25718,LOF,0.045443139316817184,0.07522195588432093,0.879334904798862
25719,LOF,0.041317666177120585,0.14135344398618085,0.8173288898366985
25720,LOF,0.03989955457138434,0.17084234385514116,0.7892581015734745
25721,LOF,0.04370120831433716,0.09975866862695569,0.8565401230587071
25722,LOF,0.03773155413259761,0.13231067481130296,0.8299577710560995
25723,LOF,0.04973597565446875,0.17507344157996196,0.7751905827655692
25724,GOF,0.05731718040825162,0.5131527098906854,0.42953010970106287
25725,LOF,0.0709380331602507,0.14885853144341224,0.780203435396337
25726,LOF,0.041985019734626636,0.1460541791717742,0.8119608010935992
25727,LOF,0.059034108642611875,0.09935382057511104,0.8416120707822771
25728,LOF,0.036773208964840653,0.2244711783062831,0.7387556127288762
25729,LOF,0.039760148514377286,0.22006823833938963,0.7401716131462331
25730,LOF,0.05315139593702347,0.15271238530012604,0.7941362187628506
25731,LOF,0.015025847414948279,0.1331750075026896,0.8517991450823621
25732,LOF,0.03292185162267696,0.10460709673268095,0.862471051644642
25733,LOF,0.043053107811449116,0.2796279766423952,0.6773189155461556
25734,LOF,0.009495506195957485,0.20698931321300051,0.783515180591042
25735,LOF,0.0391384465513633,0.13078959377189298,0.8300719596767436
25736,LOF,0.03750322893796098,0.19532676062902596,0.767170010433013
25737,LOF,0.061668104920195026,0.11974373610059294,0.818588158979212
25738,LOF,0.05326158636585756,0.24709499570306936,0.6996434179310731
25739,LOF,0.03926870031613801,0.1890430895166316,0.7716882101672304
25740,LOF,0.060121259620017006,0.1719179920273827,0.7679607483526003
25741,LOF,0.056051531088014105,0.16535776156405893,0.778590707347927
25742,LOF,0.06178948445050318,0.19350555876806375,0.744704956781433
25743,LOF,0.012830434049641784,0.026047672009789042,0.9611218939405691
25744,LOF,0.0789212417591738,0.3821500042180579,0.5389287540227683
25745,LOF,0.019598205155567542,0.36939064496761087,0.6110111498768215
25746,LOF,0.011328406444842008,0.3648404270072514,0.6238311665479066
25747,LOF,0.043286388722078344,0.05354616793508808,0.9031674433428336
25748,LOF,0.09359834056417454,0.2943057414016163,0.6120959180342092
25749,LOF,0.012789485288917156,0.33984299353204905,0.6473675211790337
25750,LOF,0.013932925867732211,0.41941593841868574,0.566651135713582
25751,LOF,0.029465116864973866,0.20893248723105565,0.7616023959039706
25752,GOF,0.10545471550114871,0.6494842079953178,0.24506107650353356
25753,LOF,0.01322564749824881,0.2899168790582386,0.6968574734435126
25754,GOF,0.011973397072451694,0.9010712423177714,0.08695536060977685
25755,LOF,0.010865696212956775,0.2954969315102973,0.6936373722767458
25756,LOF,0.045458431139037074,0.39668467297915383,0.557856895881809
25757,GOF,0.010601021181155539,0.8315127989234952,0.15788617989534925
25758,GOF,0.012180926794461666,0.8672300870400858,0.12058898616545252
25759,GOF,0.006411610671585712,0.7857830757673754,0.20780531356103885
25760,LOF,0.008739871613431616,0.1844327616774491,0.8068273667091193
25761,GOF,0.03914203828242124,0.8448652266625832,0.1159927350549954
25762,LOF,0.05162409693689895,0.3708799134793034,0.5774959895837977
25763,LOF,0.010692930036009166,0.16246838434177638,0.8268386856222145
25764,GOF,0.0786471534824828,0.6852306185570229,0.2361222279604942
25765,GOF,0.00970324971681841,0.8827756314028848,0.10752111888029678
25766,GOF,0.03131155355746905,0.8203404801852939,0.148347966257237
25767,GOF,0.007700930421426468,0.6323853543401882,0.35991371523838533
25768,LOF,0.05137168055593259,0.06968801569850509,0.8789403037455623
25769,LOF,0.02932543206246835,0.2378839442410257,0.7327906236965059
25770,Neutral,0.7214719100611918,0.12448346925355697,0.15404462068525118
25771,LOF,0.02994524931610873,0.12858322522669166,0.8414715254571996
25772,LOF,0.04540347676957465,0.17861708469911908,0.7759794385313062
25773,LOF,0.021956851220007196,0.3227122392947152,0.6553309094852775
25774,LOF,0.04268544551988998,0.3484406009322993,0.6088739535478106
25775,LOF,0.026968231152046437,0.12482034099997327,0.8482114278479803
25776,LOF,0.0278951048261944,0.19694421931051687,0.7751606758632887
25777,LOF,0.2757336152242134,0.2112423102365184,0.5130240745392682
25778,LOF,0.037232937925800055,0.1958060193884242,0.7669610426857758
25779,GOF,0.11089818867989644,0.6523627242254224,0.2367390870946811
25780,GOF,0.10896119631544032,0.6592876808287038,0.23175112285585595
25781,GOF,0.053286961770364134,0.5632830398074722,0.38342999842216363
25782,GOF,0.047074606603799446,0.6474788624911803,0.3054465309050203
25783,GOF,0.10519705136925392,0.7020042112944704,0.19279873733627567
25784,GOF,0.18843156476872286,0.650185803737411,0.16138263149386614
25785,GOF,0.3139385772712699,0.5675940724981486,0.11846735023058143
25786,LOF,0.01998611015702954,0.36972754808131264,0.6102863417616579
25787,Neutral,0.5180742950651899,0.3313710762591846,0.1505546286756255
25788,LOF,0.04204265963552566,0.06626245191381079,0.8916948884506635
25789,GOF,0.03615129451553834,0.7210140259163547,0.24283467956810698
25790,GOF,0.05411176488434657,0.5177730974673991,0.42811513764825443
25791,LOF,0.04645546409162269,0.4489435762632271,0.5046009596451502
25792,GOF,0.05410081705690086,0.48749585646002386,0.4584033264830753
25793,GOF,0.07807476377360817,0.4907935264305554,0.43113170979583654
25794,LOF,0.07906026390906261,0.3242607927614158,0.5966789433295216
25795,LOF,0.04433722568710317,0.20330499359845863,0.7523577807144382
25796,LOF,0.3453235019696032,0.2817030878711825,0.3729734101592143
25797,LOF,0.10282971385650629,0.3018900593431267,0.595280226800367
25798,GOF,0.01298677818288487,0.6727484419901213,0.3142647798269938
25799,GOF,0.009760495467926887,0.5556192572912201,0.434620247240853
25800,GOF,0.04367922134084958,0.7696551703325726,0.18666560832657794
25801,GOF,0.052121536208233024,0.6285453546548432,0.3193331091369237
25802,GOF,0.0658610415469743,0.6421964541830671,0.2919425042699585
25803,LOF,0.04396399846438807,0.4446627813428537,0.5113732201927582
25804,LOF,0.10137360052089898,0.34770149505605163,0.5509249044230493
25805,GOF,0.06354953092463042,0.5558694997245887,0.38058096935078095
25806,GOF,0.08411949397299331,0.5595823848519788,0.356298121175028
25807,LOF,0.02983452938340221,0.45090563003718265,0.5192598405794151
25808,GOF,0.06747037813575002,0.6283298299029134,0.3041997919613365
25809,LOF,0.018682727869742184,0.41142055575228387,0.569896716377974
25810,LOF,0.017204096441893982,0.43604406209926966,0.5467518414588364
25811,GOF,0.12334768161364,0.5496917214481521,0.32696059693820784
25812,LOF,0.0922549999498829,0.4273011616598141,0.480443838390303
25813,GOF,0.35376479493506563,0.4095195448647085,0.236715660200226
25814,GOF,0.07506616820481062,0.488884742083947,0.4360490897112424
25815,GOF,0.11959454317792141,0.5418802655313053,0.3385251912907733
25816,GOF,0.01986392970514692,0.655075706636466,0.3250603636583872
25817,LOF,0.1289061137963992,0.37513350351897284,0.49596038268462805
25818,GOF,0.06245459779877876,0.5809528633375667,0.35659253886365455
25819,LOF,0.1168691567237803,0.4042051582330569,0.4789256850431628
25820,LOF,0.11599146181462278,0.40315713027103084,0.4808514079143464
25821,LOF,0.08496727543473392,0.4408590309819653,0.4741736935833008
25822,LOF,0.16551246433412609,0.3255213690428884,0.5089661666229855
25823,LOF,0.08595618729634993,0.2733388478033886,0.6407049649002615
25824,GOF,0.05651234054739641,0.5656063895076154,0.3778812699449882
25825,GOF,0.041993822285572184,0.5978742182247448,0.360131959489683
25826,LOF,0.016439227760893533,0.4208368513014423,0.5627239209376641
25827,GOF,0.015785591845658413,0.5018599369864014,0.4823544711679402
25828,LOF,0.015492829276917702,0.48719203387098053,0.49731513685210177
25829,LOF,0.010090039681585589,0.28625605068612003,0.7036539096322943
25830,LOF,0.13009376202991493,0.04459400454876055,0.8253122334213244
25831,GOF,0.05618487248472886,0.6813667590942013,0.26244836842107
25832,LOF,0.017998660146903187,0.3833525202451639,0.5986488196079329
25833,GOF,0.07336917970142161,0.549578634583149,0.3770521857154295
25834,LOF,0.018493588536703742,0.3810617299924856,0.6004446814708106
25835,GOF,0.058477234196893005,0.6927391226211225,0.2487836431819846
25836,GOF,0.015453855604683516,0.5466226455952374,0.437923498800079
25837,LOF,0.025701556464666615,0.40920626484853984,0.5650921786867935
25838,GOF,0.05516326492725565,0.6211639987562012,0.3236727363165431
25839,GOF,0.11629428721865037,0.5078923353217117,0.3758133774596379
25840,GOF,0.12930004462878025,0.5564661296660169,0.31423382570520286
25841,GOF,0.10796000192454043,0.6037958394663896,0.28824415860907
25842,GOF,0.06058347601936997,0.7167465610451687,0.22266996293546124
25843,GOF,0.043668152986110556,0.7386368426716903,0.21769500434219918
25844,GOF,0.049175256558936946,0.5960839729482238,0.3547407704928393
25845,LOF,0.014622574493067352,0.3336946605290146,0.6516827649779181
25846,GOF,0.07151252621640843,0.5799099122929522,0.3485775614906394
25847,GOF,0.04937616118529627,0.6627568006132475,0.28786703820145615
25848,GOF,0.04514705854550927,0.7279515258031191,0.22690141565137176
25849,GOF,0.011712659369388248,0.6112047200469629,0.3770826205836488
25850,LOF,0.017466850439215576,0.48191730558509804,0.5006158439756864
25851,LOF,0.017645279277412444,0.40213026918200767,0.5802244515405799
25852,LOF,0.24954175137506324,0.32439838437118873,0.426059864253748
25853,LOF,0.09345231977884892,0.4435444409941625,0.46300323922698855
25854,LOF,0.012185313011187603,0.42502768985539996,0.5627869971334124
25855,LOF,0.034708193014017064,0.4726854563759209,0.4926063506100621
25856,GOF,0.08759778787220937,0.6383769000346389,0.27402531209315173
25857,LOF,0.03695850049487698,0.38313113209438104,0.579910367410742
25858,LOF,0.015960521610407792,0.3121753876965447,0.6718640906930475
25859,LOF,0.011069492476023821,0.2978814349024657,0.6910490726215104
25860,LOF,0.11608683719551072,0.38247355462965904,0.5014396081748304
25861,GOF,0.11645142758403895,0.5621780714804708,0.3213705009354902
25862,GOF,0.03290240512157105,0.798992568381816,0.1681050264966129
25863,GOF,0.03296822138690119,0.7255844553745529,0.2414473232385459
25864,GOF,0.04117337755667487,0.7785193622148047,0.18030726022852053
25865,GOF,0.03386909836424831,0.7810789418407247,0.18505195979502695
25866,GOF,0.03938804962747815,0.7832343226965709,0.17737762767595078
25867,GOF,0.10152014690921872,0.7662075699010479,0.13227228318973333
25868,GOF,0.11633270318868318,0.5438999532172168,0.33976734359409994
25869,Neutral,0.47776239022717687,0.3602443065109696,0.16199330326185343
25870,LOF,0.18940289153852075,0.0900514658098719,0.7205456426516074
25871,LOF,0.018129819869865126,0.3284591882687652,0.6534109918613697
25872,LOF,0.04724805555575036,0.4142789187297695,0.5384730257144802
25873,GOF,0.0348462182371036,0.5807130093876439,0.3844407723752525
25874,LOF,0.057879477344016425,0.022648076585264465,0.9194724460707191
25875,LOF,0.02202262279297655,0.3559795600033736,0.6219978172036498
25876,LOF,0.03270216243393975,0.10010271171263985,0.8671951258534204
25877,GOF,0.07313969744054886,0.5540766499584108,0.3727836526010404
25878,GOF,0.05553805347158617,0.7137935670872144,0.23066837944119936
25879,LOF,0.012685253024843498,0.32128007038701406,0.6660346765881424
25880,LOF,0.0500141592917966,0.05749886207046774,0.8924869786377355
25881,GOF,0.36655239299370757,0.43818016830820034,0.19526743869809204
25882,LOF,0.025782853989047953,0.23954781149806173,0.7346693345128904
25883,LOF,0.027689400962608475,0.11360466065358975,0.8587059383838017
25884,LOF,0.0213216858256524,0.1722093664037864,0.8064689477705611
25885,LOF,0.15420144445014453,0.02938996892289435,0.8164085866269611
25886,LOF,0.05453167765738082,0.17853059027136975,0.7669377320712495
25887,GOF,0.03482782457610722,0.6273847527404327,0.33778742268345996
25888,LOF,0.0050581570929852234,0.4276734962457828,0.5672683466612318
25889,LOF,0.040472072143085513,0.09667510291598315,0.8628528249409314
25890,LOF,0.15773848327667023,0.29485613529866916,0.5474053814246606
25891,LOF,0.11674160986050372,0.07705367135680635,0.80620471878269
25892,LOF,0.006060301170410319,0.16218727028901717,0.8317524285405725
25893,LOF,0.27482496655882754,0.07418571196651205,0.6509893214746605
25894,LOF,0.30696480120465175,0.031031598396077772,0.6620036003992704
25895,LOF,0.21632804234706393,0.04482954331411342,0.7388424143388227
25896,LOF,0.09373997297111987,0.06465999306863995,0.8416000339602402
25897,LOF,0.0924855759626527,0.060323666166086524,0.8471907578712609
25898,GOF,0.06466546768593347,0.47082589824237914,0.4645086340716873
25899,LOF,0.2291652186922969,0.20679084512826107,0.564043936179442
25900,Neutral,0.8568953727640132,0.04281496228351596,0.10028966495247094
25901,LOF,0.07435841636188704,0.03276193497894648,0.8928796486591664
25902,LOF,0.1848894910755418,0.011303982553745788,0.8038065263707125
25903,LOF,0.12093978877786904,0.14210236751239821,0.7369578437097327
25904,LOF,0.38811585592092873,0.2045661877839114,0.40731795629516
25905,LOF,0.010188686066011334,0.3914891885024728,0.598322125431516
25906,LOF,0.01740212862100337,0.057801640560269575,0.924796230818727
25907,LOF,0.008869335184235048,0.3048303871084493,0.6863002777073156
25908,LOF,0.010664749236380187,0.3076753333165567,0.681659917447063
25909,LOF,0.03640408915489644,0.19274446849199786,0.7708514423531058
25910,LOF,0.01901164917612538,0.16899806280494883,0.8119902880189258
25911,LOF,0.09091511794711238,0.1202846330994525,0.7888002489534351
25912,LOF,0.11376276417989438,0.03413128119211563,0.8521059546279899
25913,LOF,0.014013153855243038,0.09243072695374409,0.893556119191013
25914,LOF,0.03781794671187991,0.17433054844814735,0.7878515048399727
25915,GOF,0.06521337040373909,0.8251838918773879,0.10960273771887312
25916,GOF,0.017079866826912257,0.6527754544784435,0.33014467869464426
25917,LOF,0.2245021054063721,0.06068505666589628,0.7148128379277316
25918,LOF,0.046047112646589845,0.11920382950557651,0.8347490578478337
25919,LOF,0.04409649849685092,0.09628288223422192,0.8596206192689271
25920,GOF,0.11435159221303218,0.5198404238218252,0.36580798396514275
25921,LOF,0.027342183594871283,0.040576682190098794,0.9320811342150299
25922,LOF,0.022573710365864138,0.03678442219306285,0.9406418674410729
25923,LOF,0.3221194779529885,0.07167604083362099,0.6062044812133905
25924,LOF,0.031303998625057824,0.05332342492325665,0.9153725764516855
25925,LOF,0.24425357363871647,0.020987036918612943,0.7347593894426706
25926,LOF,0.10371324120649168,0.09584226545102623,0.8004444933424821
25927,LOF,0.018824587778000116,0.0997201035978421,0.8814553086241579
25928,LOF,0.01805079272489002,0.03762578419683058,0.9443234230782793
25929,Neutral,0.5971352707269448,0.0708211335295478,0.3320435957435074
25930,LOF,0.036218672031623995,0.06707518343089515,0.8967061445374809
25931,LOF,0.016823060559904533,0.04444567368811077,0.9387312657519846
25932,LOF,0.06886195821430995,0.03202163666339061,0.8991164051222995
25933,LOF,0.060459415737253164,0.019415829978405786,0.920124754284341
25934,LOF,0.060193210743943994,0.024783511222248974,0.915023278033807
25935,LOF,0.2515560056451982,0.02716872782265011,0.7212752665321517
25936,LOF,0.05809982102344107,0.025028155971895512,0.9168720230046634
25937,LOF,0.01784419795814801,0.06208329645732741,0.9200725055845246
25938,LOF,0.24447629216893757,0.023650535945196678,0.7318731718858659
25939,LOF,0.04652856960453582,0.025691492572943078,0.9277799378225211
25940,GOF,0.0061023832924323555,0.6031190194400627,0.39077859726750497
25941,LOF,0.41195496930489395,0.0708866721503652,0.5171583585447408
25942,LOF,0.013424029794742168,0.17033205295726622,0.8162439172479916
25943,GOF,0.020580910523100494,0.5841354284027515,0.3952836610741481
25944,LOF,0.020143214825327112,0.37853556580866526,0.6013212193660077
25945,LOF,0.07351077222493457,0.11508730074581015,0.8114019270292553
25946,LOF,0.09286967521141525,0.08542979560026959,0.8217005291883152
25947,LOF,0.4600904375069582,0.03315632950022235,0.5067532329928194
25948,LOF,0.239191622477696,0.02725805893203273,0.7335503185902713
25949,LOF,0.23013816697786282,0.023957953845173092,0.745903879176964
25950,GOF,0.04638606482450445,0.7577112781168404,0.19590265705865517
25951,LOF,0.012986924009493363,0.3756110663256356,0.611402009664871
25952,LOF,0.08988576880816682,0.3120704099687907,0.5980438212230424
25953,LOF,0.006663499462422657,0.47861830197454225,0.5147181985630351
25954,GOF,0.025934407575977477,0.5955295581828015,0.3785360342412211
25955,GOF,0.005921203418438553,0.5061092444728581,0.48796955210870335
25956,GOF,0.01063207577325483,0.6344186984428246,0.3549492257839206
25957,LOF,0.2575416731744531,0.05579933969534363,0.6866589871302033
25958,LOF,0.02211600899249813,0.20587667936116374,0.7720073116463382
25959,GOF,0.005507553569588595,0.5540209581603328,0.4404714882700786
25960,LOF,0.006989253474121346,0.1343115067409164,0.8586992397849623
25961,LOF,0.01939269145537829,0.1952903477972464,0.7853169607473752
25962,LOF,0.12023391067263813,0.04954533435491355,0.8302207549724484
25963,LOF,0.010999256228639379,0.11737681782569116,0.8716239259456694
25964,LOF,0.052253262714432064,0.12987354856381725,0.8178731887217506
25965,LOF,0.17412765593260174,0.22805560665003866,0.5978167374173596
25966,LOF,0.20705660328568032,0.3394584239437137,0.4534849727706059
25967,LOF,0.011991617673617621,0.05413327643102696,0.9338751058953555
25968,LOF,0.11509571753912705,0.3718169439099987,0.5130873385508742
25969,LOF,0.19325604015356804,0.02403495017300362,0.7827090096734283
25970,LOF,0.022049586504296764,0.1412167337720124,0.8367336797236908
25971,LOF,0.07912958475161655,0.1295103712004267,0.7913600440479569
25972,LOF,0.06765771257210443,0.11711113263157145,0.815231154796324
25973,LOF,0.18391427883860695,0.00904268997739501,0.8070430311839981
25974,LOF,0.08206443234734087,0.26220443347311745,0.6557311341795418
25975,LOF,0.05659268939444728,0.022159185801867747,0.9212481248036849
25976,LOF,0.08771232934986584,0.015532363901991813,0.8967553067481423
25977,LOF,0.20491974867922746,0.060557591694117084,0.7345226596266554
25978,LOF,0.25637269752268366,0.1392210077204006,0.6044062947569158
25979,LOF,0.17924907595021283,0.18632763585970133,0.6344232881900859
25980,GOF,0.1327537350465464,0.45633787760279604,0.41090838735065766
25981,GOF,0.1362966660840152,0.4736822738859912,0.39002106002999365
25982,LOF,0.242967344383694,0.23993917039574375,0.5170934852205622
25983,LOF,0.18709767931528398,0.32980540405680925,0.48309691662790677
25984,LOF,0.038985939444806696,0.09496959796190108,0.8660444625932923
25985,Neutral,0.47839814616819154,0.17871206703590656,0.3428897867959019
25986,GOF,0.010194687354042973,0.6491743226201956,0.34063099002576147
25987,LOF,0.026384625808743272,0.12120764592485848,0.8524077282663983
25988,LOF,0.03655022925591867,0.12003193334877738,0.843417837395304
25989,LOF,0.04729016092962311,0.13095047254235054,0.8217593665280263
25990,LOF,0.046708961199671016,0.2558339852218237,0.6974570535785053
25991,GOF,0.0416886946559442,0.6075580423734491,0.35075326297060666
25992,LOF,0.020268798432425194,0.37205139927540837,0.6076798022921664
25993,LOF,0.051056095761561775,0.029562871038047077,0.9193810332003911
25994,LOF,0.05216621821870517,0.0643431391069432,0.8834906426743515
25995,LOF,0.036700901092189646,0.05938732308138329,0.9039117758264271
25996,GOF,0.3383941613030116,0.39976613985579634,0.2618396988411921
25997,GOF,0.0581107139903685,0.5629960602328002,0.37889322577683127
25998,LOF,0.2319883756359842,0.11134500938079024,0.6566666149832256
25999,GOF,0.018954694488660943,0.6371132777031432,0.3439320278081959
26000,LOF,0.12975329575527794,0.010919774427253845,0.8593269298174683
26001,LOF,0.11564431665093512,0.02312670892324373,0.8612289744258211
26002,LOF,0.22311335717837186,0.006966218835686926,0.7699204239859413
26003,GOF,0.014670330443920392,0.5105476222722386,0.474782047283841
26004,LOF,0.0429411251055491,0.33831659910110823,0.6187422757933427
26005,LOF,0.007868495353711135,0.44496734642666225,0.5471641582196267
26006,GOF,0.26879650452857073,0.44146208868905307,0.28974140678237637
26007,GOF,0.020972313726716586,0.5097896798655964,0.469238006407687
26008,LOF,0.017551116617051492,0.3435389072616025,0.638909976121346
26009,GOF,0.04176779546695349,0.5061517225187132,0.45208048201433343
26010,LOF,0.01652423212170675,0.44782113426896764,0.5356546336093256
26011,LOF,0.008947413056462789,0.32552927954819677,0.6655233073953404
26012,LOF,0.010256650299055188,0.4067740426315731,0.5829693070693718
26013,LOF,0.010646517018866543,0.34394788609740923,0.6454055968837243
26014,LOF,0.226519660865984,0.010568542005606425,0.7629117971284096
26015,LOF,0.08888761605679459,0.22663802077213746,0.6844743631710679
26016,LOF,0.15371799602598124,0.28761144901746083,0.5586705549565579
26017,GOF,0.012638949597363872,0.5504877217498989,0.43687332865273715
26018,LOF,0.01986554706276572,0.32043671813450586,0.6596977348027285
26019,LOF,0.02100196361725083,0.22954791523319062,0.7494501211495586
26020,LOF,0.006769816734776623,0.3613845416664171,0.6318456415988063
26021,LOF,0.06333160070217007,0.3159653134253492,0.6207030858724807
26022,LOF,0.059599621449978046,0.12505860918333866,0.8153417693666833
26023,LOF,0.03595290589758313,0.28465710375850956,0.6793899903439073
26024,LOF,0.05174010460268142,0.23549149367304487,0.7127684017242738
26025,LOF,0.0715374182475265,0.2861319840103197,0.6423305977421537
26026,LOF,0.10058088259181255,0.28340936284758017,0.6160097545606074
26027,LOF,0.03033371192514992,0.15028784003925222,0.8193784480355978
26028,LOF,0.046928506350435474,0.2983324560871553,0.6547390375624093
26029,LOF,0.02706309603610971,0.3651303969421051,0.6078065070217853
26030,LOF,0.21951951574785086,0.03811028435700829,0.7423701998951409
26031,LOF,0.011963424550865027,0.3407653805678242,0.6472711948813107
26032,LOF,0.035162913442158494,0.09308420301353777,0.8717528835443037
26033,LOF,0.0493501396822661,0.22394644971956232,0.7267034105981716
26034,LOF,0.014705233220977144,0.22614322124181382,0.759151545537209
26035,LOF,0.012020965124409876,0.2773209375752336,0.7106580973003566
26036,LOF,0.011253621103770779,0.17939987420001466,0.8093465046962145
26037,LOF,0.011068382651350721,0.20328413402913975,0.7856474833195095
26038,LOF,0.025254853459584215,0.10390931094947999,0.8708358355909358
26039,LOF,0.02595278153503194,0.29154819857367553,0.6824990198912926
26040,LOF,0.04506658427111907,0.27268316542638454,0.6822502503024963
26041,LOF,0.013820231266314096,0.23695717604044744,0.7492225926932384
26042,LOF,0.012671969278118764,0.25828968445558625,0.7290383462662949
26043,LOF,0.025747657013370895,0.2384331574132002,0.735819185573429
26044,LOF,0.00993582678090801,0.23816117065134426,0.7519030025677478
26045,GOF,0.05561881622143617,0.5493459438078705,0.3950352399706934
26046,LOF,0.025329787254151814,0.2577881885744162,0.7168820241714319
26047,LOF,0.06992045048099683,0.14561301665856874,0.7844665328604346
26048,LOF,0.09277446888694392,0.1351538396813617,0.7720716914316943
26049,Neutral,0.837145587814121,0.037481280755137236,0.1253731314307417
26050,Neutral,0.8248811658240593,0.036262985612930045,0.13885584856301045
26051,GOF,0.013364369668600216,0.61945323437968,0.3671823959517198
26052,GOF,0.01574262990415905,0.5546773770725886,0.42957999302325234
26053,LOF,0.03650921972252451,0.018115329035744032,0.9453754512417315
26054,LOF,0.15284282815096636,0.0907174073528001,0.7564397644962335
26055,LOF,0.16601862672199827,0.14059368352905513,0.6933876897489466
26056,LOF,0.16958625624291088,0.1501801861540255,0.6802335576030637
26057,LOF,0.04976683687004947,0.03564595260105329,0.9145872105288971
26058,LOF,0.05801590417031956,0.02767065383246923,0.9143134419972111
26059,Neutral,0.8342551485435616,0.08005126375124395,0.08569358770519427
26060,LOF,0.01241330729787574,0.27900244388801515,0.708584248814109
26061,LOF,0.01572668378519048,0.02619629851568184,0.9580770176991277
26062,LOF,0.0085819250475501,0.058548519931325704,0.9328695550211242
26063,LOF,0.04836970151843171,0.03484923800304435,0.916781060478524
26064,LOF,0.015475935204125317,0.03573170145791279,0.948792363337962
26065,LOF,0.036533153557594455,0.05034336932034644,0.9131234771220591
26066,LOF,0.048990203252251646,0.03910219657102291,0.9119076001767256
26067,LOF,0.05711082432612049,0.04871612004952008,0.8941730556243596
26068,LOF,0.16610252702097802,0.048930751940027516,0.7849667210389943
26069,LOF,0.07038285921517598,0.07539706994143278,0.8542200708433911
26070,LOF,0.08005531471185501,0.06757845721278474,0.8523662280753602
26071,LOF,0.050602144797479306,0.041819155083066564,0.9075787001194541
26072,LOF,0.010163393462335246,0.02979740354733145,0.9600392029903333
26073,LOF,0.0429254533699843,0.030922114943643577,0.9261524316863721
26074,Neutral,0.8181265484521167,0.036871172144364035,0.1450022794035193
26075,LOF,0.06820985647606194,0.09840221009137952,0.8333879334325586
26076,LOF,0.051374677950120316,0.0553878376176075,0.8932374844322721
26077,LOF,0.1675382570825254,0.10095069942740138,0.7315110434900732
26078,LOF,0.010238666457908059,0.07787555329869743,0.9118857802433944
26079,LOF,0.1917497637698888,0.03801842853894188,0.7702318076911694
26080,LOF,0.1917497637698888,0.03801842853894188,0.7702318076911694
26081,LOF,0.05241517791292933,0.034646270141421194,0.9129385519456494
26082,LOF,0.010861232333704635,0.10174345781054217,0.8873953098557531
26083,LOF,0.03440591239120488,0.10169378390675779,0.8639003037020374
26084,LOF,0.04815582127294489,0.05243237850335389,0.8994118002237012
26085,LOF,0.045178440513658054,0.048046727352156905,0.9067748321341851
26086,LOF,0.040122886229665616,0.05743875531110224,0.9024383584592323
26087,LOF,0.05449877308907609,0.05717737361296169,0.8883238532979623
26088,LOF,0.011696775405531346,0.1089192215172342,0.8793840030772345
26089,LOF,0.05127135973942657,0.1712223524799105,0.7775062877806629
26090,LOF,0.05479849036898246,0.14754310296037995,0.7976584066706375
26091,LOF,0.04618293685793839,0.04945348800238276,0.9043635751396789
26092,LOF,0.053334850643996,0.03244343773938894,0.914221711616615
26093,LOF,0.07292345823614499,0.027182242813526228,0.8998942989503288
26094,LOF,0.04394918231585669,0.04494965768553972,0.9111011599986035
26095,LOF,0.01757063846544898,0.04452650188227854,0.9379028596522724
26096,LOF,0.29166056600429263,0.008945171955711538,0.6993942620399959
26097,LOF,0.010740490337829162,0.04738702844788309,0.9418724812142877
26098,LOF,0.18213255573061704,0.03277066785126704,0.7850967764181159
26099,LOF,0.033535816458430186,0.07274650256140028,0.8937176809801697
26100,LOF,0.033535816458430186,0.07274650256140028,0.8937176809801697
26101,LOF,0.03201123136261344,0.0952168503253428,0.8727719183120437
26102,LOF,0.04350288917793254,0.0411180446904441,0.9153790661316235
26103,Neutral,0.8373267546106862,0.05732907114878097,0.10534417424053279
26104,LOF,0.16255615054657627,0.1105266765296844,0.7269171729237394
26105,LOF,0.21664386249199205,0.23545331113606024,0.5479028263719478
26106,LOF,0.24440163470000548,0.2154477686759273,0.5401505966240672
26107,LOF,0.008377717812360784,0.302607318151237,0.6890149640364023
26108,LOF,0.137202328609552,0.28381835036043623,0.5789793210300118
26109,LOF,0.050970701460189345,0.09182333525279313,0.8572059632870176
26110,LOF,0.18249028171518733,0.12800177698692647,0.6895079412978863
26111,LOF,0.04528213574188335,0.3073463485162655,0.647371515741851
26112,LOF,0.04861926103261377,0.0431068427865597,0.9082738961808264
26113,LOF,0.0395261465312393,0.07341050494696565,0.887063348521795
26114,LOF,0.10286211629317486,0.03326261317245675,0.8638752705343683
26115,LOF,0.012281924100297202,0.3506312396441528,0.63708683625555
26116,LOF,0.07550576580243971,0.13074383763854927,0.7937503965590111
26117,LOF,0.17795193148460395,0.09687952475899432,0.7251685437564017
26118,LOF,0.041642238934359026,0.0285660287250448,0.9297917323405962
26119,LOF,0.005155882370278868,0.09351962244461365,0.9013244951851075
26120,LOF,0.04647921957043906,0.02717365129232377,0.9263471291372373
26121,LOF,0.004068779548636176,0.19181221345351776,0.804119006997846
26122,LOF,0.003973633705876306,0.20896745740897582,0.7870589088851478
26123,LOF,0.004656397823032663,0.16702737599019946,0.8283162261867678
