feature0,prediction,LoGoFunc_Neutral,LoGoFunc_GOF,LoGoFunc_LOF
25546,Neutral,0.7518341646894077,0.03354763974383015,0.21461819556676234
25547,Neutral,0.6140043602508269,0.07472840378341897,0.3112672359657541
25548,Neutral,0.6198349922998602,0.053185646448596836,0.32697936125154287
25549,Neutral,0.5347430182255128,0.05165742718038798,0.4135995545940992
25550,LOF,0.3613367993210256,0.1048359467199701,0.5338272539590043
25551,LOF,0.2798093834739849,0.11585713030714131,0.6043334862188737
25552,LOF,0.20718649205006145,0.10691022296226652,0.685903284987672
25553,Neutral,0.8461594242152827,0.02395378181421631,0.1298867939705011
25554,LOF,0.23938173024011247,0.09823012754380776,0.6623881422160798
25555,LOF,0.20453664598421722,0.08910707571177116,0.7063562783040116
25556,LOF,0.4496721693443077,0.08546077258173926,0.46486705807395295
25557,LOF,0.19891417188259503,0.09247313678063863,0.7086126913367663
25558,LOF,0.226014921748025,0.10077615377608388,0.6732089244758912
25559,LOF,0.3789507355224525,0.1316008208541675,0.4894484436233799
25560,LOF,0.053435910573338206,0.11675569462755711,0.8298083947991047
25561,LOF,0.11397285578601553,0.11764610870456328,0.7683810355094212
25562,LOF,0.08175088533405336,0.0717589032171834,0.8464902114487634
25563,LOF,0.10974669166986742,0.06895222024887437,0.8213010880812581
25564,LOF,0.2453201305489686,0.10681054272147283,0.6478693267295587
25565,LOF,0.1439007163008998,0.11760629290578838,0.7384929907933118
25566,GOF,0.014464540649796753,0.7840426982084328,0.20149276114177045
25567,LOF,0.01837203215131963,0.16474732999259306,0.8168806378560872
25568,LOF,0.04780435293154833,0.062287533270548236,0.8899081137979035
25569,LOF,0.05435307084532737,0.06337937062299911,0.8822675585316735
25570,LOF,0.05282475993849415,0.0966226430956105,0.8505525969658954
25571,LOF,0.046445291144066814,0.09394641712281751,0.8596082917331156
25572,LOF,0.06404506241815665,0.11439720729771372,0.8215577302841296
25573,LOF,0.03562219333252526,0.0892727636830065,0.8751050429844682
25574,LOF,0.019874816758845486,0.13712049860986947,0.8430046846312851
25575,LOF,0.04285056534845385,0.10738968615115388,0.8497597485003924
25576,LOF,0.019221327943449114,0.12393542106068023,0.8568432509958708
25577,LOF,0.01760696652233684,0.11385110056113151,0.8685419329165317
25578,LOF,0.29160299223561637,0.07828654394419732,0.6301104638201863
25579,LOF,0.1488399504644716,0.09208347367164031,0.7590765758638881
25580,LOF,0.02957219216870912,0.0772275776862419,0.893200230145049
25581,LOF,0.050346398843273334,0.06616095332372822,0.8834926478329985
25582,LOF,0.04983830138515079,0.06390486151625398,0.8862568370985952
25583,LOF,0.036055795546764496,0.08895203271830651,0.8749921717349289
25584,Neutral,0.50136271694115,0.10352711193457274,0.39511017112427727
25585,LOF,0.02132068329745042,0.12043112692763418,0.8582481897749153
25586,LOF,0.028645596610601606,0.07302133555578318,0.8983330678336152
25587,LOF,0.02831226217229339,0.06728389535458577,0.9044038424731208
25588,LOF,0.029891909155073344,0.08543064335652614,0.8846774474884006
25589,Neutral,0.6292793016196917,0.1255457341637522,0.2451749642165561
25590,LOF,0.03357493153037534,0.1302985352005225,0.8361265332691022
25591,LOF,0.09091054648192703,0.05725701592137723,0.8518324375966957
25592,LOF,0.08988404100936728,0.13078445275405837,0.7793315062365743
25593,LOF,0.0350278259719028,0.2590258791968113,0.7059462948312859
25594,LOF,0.04706111284495236,0.1695403140954925,0.7833985730595552
25595,LOF,0.05875196349757097,0.1072841967499225,0.8339638397525067
25596,LOF,0.04960871822580664,0.08789474221058588,0.8624965395636074
25597,LOF,0.03840599572032824,0.09588343910204629,0.8657105651776255
25598,LOF,0.05356857563956344,0.11039679134740804,0.8360346330130286
25599,GOF,0.007689373737061091,0.6307133843400229,0.36159724192291615
25600,GOF,0.014235432046356293,0.5951381686203916,0.39062639933325205
25601,LOF,0.009686131660061704,0.4523529112274079,0.5379609571125304
25602,LOF,0.02657309838712047,0.04382017525310735,0.9296067263597723
25603,LOF,0.05506516181666936,0.02024737301358641,0.9246874651697442
25604,LOF,0.03282810878422721,0.049785737389896494,0.9173861538258762
25605,LOF,0.009613823581647266,0.2027810300256692,0.7876051463926834
25606,LOF,0.07504263223587937,0.35946472857923156,0.565492639184889
25607,LOF,0.006173143557691395,0.16918500066995026,0.8246418557723583
25608,LOF,0.017640242355918975,0.09373282234790412,0.888626935296177
25609,LOF,0.04679172888360773,0.4268711026852575,0.5263371684311349
25610,LOF,0.031528590268499246,0.02772387248755674,0.9407475372439441
25611,LOF,0.03883556792644349,0.026347094842541764,0.9348173372310148
25612,LOF,0.10082532853578753,0.04398231234399495,0.8551923591202174
25613,LOF,0.08037274490271036,0.04296490752202299,0.8766623475752665
25614,LOF,0.025948779981025884,0.036024035784821426,0.9380271842341527
25615,LOF,0.03711660017178325,0.04690861270363247,0.9159747871245844
25616,LOF,0.024107818274738835,0.03444916322809308,0.941443018497168
25617,LOF,0.02530081207408234,0.037521032065531396,0.9371781558603862
25618,LOF,0.13736682955105384,0.032627743809672226,0.8300054266392739
25619,LOF,0.027498752137469384,0.03340852559969538,0.9390927222628352
25620,LOF,0.031570621106540034,0.042013992849539605,0.9264153860439204
25621,LOF,0.02999104432029255,0.03277476384576539,0.9372341918339421
25622,LOF,0.034179894606668815,0.04016496835732896,0.9256551370360023
25623,LOF,0.05099545622025222,0.03142342827930271,0.917581115500445
25624,LOF,0.023689749780564706,0.04206493695426591,0.9342453132651694
25625,LOF,0.03662255920283988,0.0445196118450038,0.9188578289521563
25626,LOF,0.07746534299847345,0.03777388183111229,0.8847607751704144
25627,Neutral,0.5315069015539936,0.11367247000665703,0.3548206284393494
25628,LOF,0.22000368031040277,0.049337355458714864,0.7306589642308824
25629,LOF,0.06236159180193074,0.06021514363818359,0.8774232645598856
25630,LOF,0.1856592316375104,0.07490158266848039,0.7394391856940092
25631,Neutral,0.6193163053606787,0.05321188264527914,0.3274718119940422
25632,LOF,0.012336141916918569,0.11424872579806365,0.8734151322850178
25633,LOF,0.1129724713814358,0.0887875534436237,0.7982399751749405
25634,LOF,0.032985184441816535,0.11884311781843197,0.8481716977397515
25635,LOF,0.03564281578711659,0.08546886680670719,0.8788883174061761
25636,GOF,0.004030327741774135,0.6379192644654931,0.3580504077927328
25637,GOF,0.003879682595039436,0.6972521049107621,0.2988682124941986
25638,LOF,0.00693968476890991,0.44531234688567717,0.5477479683454128
25639,GOF,0.0038055364251721466,0.5317846245372702,0.46440983903755767
25640,GOF,0.45779677647661365,0.4805936333290646,0.06160959019432167
25641,LOF,0.007606693964768297,0.36482742399801976,0.6275658820372119
25642,LOF,0.24143598539295197,0.08696291102219991,0.6716011035848481
25643,LOF,0.25394093520172784,0.16885106491061624,0.5772079998876559
25644,GOF,0.01344197335826152,0.5383651315232634,0.448192895118475
25645,LOF,0.01148419469491746,0.4761136716308624,0.51240213367422
25646,LOF,0.016615885505255203,0.35339695506157753,0.6299871594331673
25647,LOF,0.01396636328216653,0.3026205511183439,0.6834130855994895
25648,LOF,0.013165173019082438,0.31273478174651426,0.6741000452344033
25649,LOF,0.01125229529915656,0.2242007241730822,0.7645469805277613
25650,GOF,0.02582295033938329,0.4886960259653279,0.4854810236952889
25651,LOF,0.00817640229034146,0.30676288929374457,0.6850607084159139
25652,LOF,0.01314934673738687,0.27277841388513846,0.7140722393774747
25653,LOF,0.04907504362654647,0.366154211019316,0.5847707453541374
25654,LOF,0.014381149447026868,0.16027127260469073,0.8253475779482824
25655,LOF,0.07833284298359494,0.39993157533008167,0.5217355816863234
25656,LOF,0.09452329728541972,0.07771899622176075,0.8277577064928197
25657,LOF,0.32877021536674483,0.032354628978942396,0.6388751556543129
25658,LOF,0.05115847725392999,0.09858591154782215,0.8502556111982478
25659,LOF,0.359616125849638,0.06516548087226137,0.5752183932781008
25660,LOF,0.06631211378591359,0.09550964676384997,0.8381782394502365
25661,LOF,0.04638825946715798,0.06706452872928563,0.8865472118035564
25662,LOF,0.02682379980230865,0.04538325274459692,0.9277929474530944
25663,LOF,0.037273055540281874,0.06806118314030798,0.8946657613194101
25664,LOF,0.04253217384246029,0.0831667460559762,0.8743010801015636
25665,LOF,0.05609202286921767,0.04530448153082039,0.898603495599962
25666,LOF,0.037970284476597706,0.1303904484148486,0.8316392671085536
25667,LOF,0.03119213502328179,0.04979219498549882,0.9190156699912194
25668,LOF,0.031827942819314836,0.05366173572998791,0.9145103214506972
25669,LOF,0.0406625418965729,0.08281108242394877,0.8765263756794782
25670,LOF,0.07158963344603222,0.09446367861902578,0.833946687934942
25671,LOF,0.038882388709166285,0.04235985416854962,0.9187577571222841
25672,LOF,0.058635548609994405,0.06509328051859108,0.8762711708714145
25673,LOF,0.04256015890976259,0.07122535371188442,0.886214487378353
25674,LOF,0.038739394419332704,0.07219195177912521,0.889068653801542
25675,LOF,0.046911145298704895,0.05868698890369545,0.8944018657975996
25676,LOF,0.032745304662193095,0.05654605339209074,0.9107086419457162
25677,LOF,0.060940902747063916,0.06453911462952472,0.8745199826234114
25678,LOF,0.2740425101912064,0.03585454055676335,0.6901029492520303
25679,LOF,0.17871847637262334,0.06282987067404358,0.758451652953333
25680,LOF,0.06185065080895096,0.09394336765934262,0.8442059815317065
25681,LOF,0.10814644931934735,0.08785691253754162,0.803996638143111
25682,LOF,0.04397240806576361,0.07862792506886299,0.8773996668653735
25683,LOF,0.10307369545079806,0.07570929152072799,0.8212170130284739
25684,LOF,0.0565648081710537,0.07873940577908085,0.8646957860498654
25685,LOF,0.10300320065494036,0.037762557055577975,0.8592342422894816
25686,LOF,0.038318945971981516,0.09250641552471156,0.8691746385033069
25687,LOF,0.04414081353836907,0.07912109117557524,0.8767380952860557
25688,LOF,0.029609750101402443,0.09288509644784379,0.8775051534507539
25689,LOF,0.020044544823379463,0.07460015179226077,0.9053553033843598
25690,LOF,0.020194388415516764,0.09307162703124228,0.8867339845532409
25691,LOF,0.2192213570401435,0.1314319250625343,0.6493467178973222
25692,LOF,0.29429981002174876,0.009040721823661167,0.6966594681545901
25693,LOF,0.09605013962921344,0.1389593933111976,0.7649904670595888
25694,LOF,0.24155519634995729,0.018558263102850994,0.7398865405471916
25695,LOF,0.15444364239753788,0.025985323051208237,0.8195710345512539
25696,LOF,0.17339099237123587,0.010371044276733762,0.8162379633520304
25697,LOF,0.12350958672852753,0.030238354563733055,0.8462520587077395
25698,LOF,0.03458265199051748,0.4192407409803763,0.5461766070291062
25699,LOF,0.06468105757334323,0.08842896221002451,0.8468899802166322
25700,LOF,0.03181628293856542,0.011147325657680012,0.9570363914037545
25701,LOF,0.015693106355844012,0.07083958003612793,0.913467313608028
25702,GOF,0.03596112347209386,0.7514641634727999,0.21257471305510642
25703,LOF,0.015850372624036328,0.2114259147405644,0.7727237126353992
25704,LOF,0.10295540593219145,0.14913227130574933,0.7479123227620592
25705,LOF,0.05373602235109223,0.2441926028041994,0.7020713748447084
25706,GOF,0.051622498285055655,0.6462348540293241,0.3021426476856203
25707,GOF,0.030339754829741664,0.5571672050549584,0.41249304011529986
25708,LOF,0.009322176282949086,0.4743357709095369,0.5163420528075139
25709,LOF,0.01888290341884965,0.06292513272398191,0.9181919638571685
25710,LOF,0.009150725450348738,0.17083905491706022,0.820010219632591
25711,LOF,0.019764239250098365,0.13244845501214128,0.8477873057377604
25712,LOF,0.008545631691253709,0.2358981316283763,0.75555623668037
25713,LOF,0.01810250322064397,0.10884994926937458,0.8730475475099815
25714,LOF,0.019425746506068396,0.14531473496494143,0.8352595185289902
25715,LOF,0.01860088284735784,0.12620409963299128,0.855195017519651
25716,LOF,0.010364387287357071,0.14244679408251648,0.8471888186301264
25717,LOF,0.006021445132960054,0.13307703773247137,0.8609015171345686
25718,LOF,0.01722645860648345,0.0785479556302117,0.9042255857633048
25719,LOF,0.031408339452528904,0.08703993442157969,0.8815517261258915
25720,LOF,0.02075675963231766,0.08909939354257154,0.8901438468251108
25721,LOF,0.021687728122562606,0.0976286514769765,0.8806836204004609
25722,LOF,0.01727961835747949,0.12870447776128183,0.8540159038812387
25723,LOF,0.020071624385092416,0.07261623587498195,0.9073121397399257
25724,LOF,0.03157380394043541,0.10907037313667374,0.8593558229228909
25725,LOF,0.02086146795653643,0.06773142133601118,0.9114071107074524
25726,LOF,0.015615977600999337,0.10376376759360674,0.8806202548053939
25727,LOF,0.019813183119400446,0.08646095023794818,0.8937258666426514
25728,LOF,0.017628309294903985,0.10594192688422348,0.8764297638208726
25729,LOF,0.018009321278943547,0.10531287218565884,0.8766778065353976
25730,LOF,0.019028495234735647,0.0862511987099806,0.8947203060552837
25731,LOF,0.010315946324255141,0.1815324897075302,0.8081515639682145
25732,LOF,0.018286957911457718,0.09661088513108164,0.8851021569574606
25733,LOF,0.028695412213446934,0.08262688974280073,0.8886776980437524
25734,LOF,0.007191367361385337,0.2165198083252389,0.7762888243133758
25735,LOF,0.022507259360468296,0.08154934918693871,0.895943391452593
25736,LOF,0.020715560563360446,0.1236372550026186,0.8556471844340209
25737,LOF,0.039233854900551215,0.09892007960336242,0.8618460654960863
25738,LOF,0.01943788715675157,0.1544637403785503,0.8260983724646981
25739,LOF,0.02115397775796623,0.14892438317874976,0.8299216390632841
25740,LOF,0.04858568410991089,0.1453308092141186,0.8060835066759705
25741,LOF,0.024760263067713263,0.12232774390028989,0.8529119930319968
25742,LOF,0.03438765909263444,0.13682667378691765,0.828785667120448
25743,LOF,0.012566275851620594,0.04220682705676758,0.9452268970916119
25744,GOF,0.17319794862875598,0.41900799319778415,0.4077940581734599
25745,LOF,0.02247082039132664,0.0696578147099002,0.9078713648987731
25746,LOF,0.012646924436936099,0.08938233646202218,0.8979707391010416
25747,LOF,0.03373518981550637,0.03581235357938093,0.9304524566051128
25748,LOF,0.20786061395802713,0.0619625184781163,0.7301768675638566
25749,LOF,0.013999775542477725,0.05509818072532213,0.9309020437322001
25750,LOF,0.015734986672913846,0.08355776667207028,0.9007072466550159
25751,LOF,0.03735868760328724,0.07298697783261446,0.8896543345640981
25752,GOF,0.1015053156919376,0.6793037884043095,0.21919089590375285
25753,LOF,0.007047572287668771,0.37459659178431814,0.618355835928013
25754,GOF,0.004774547555434973,0.8674287257159081,0.1277967267286569
25755,LOF,0.009508323133386095,0.41999171705311167,0.5704999598135021
25756,LOF,0.04934272904344198,0.44702393768290016,0.5036333332736579
25757,GOF,0.006312432575676441,0.8787039913355772,0.11498357608874651
25758,GOF,0.00914067434125608,0.8772606877653605,0.11359863789338345
25759,GOF,0.004655873736124219,0.6030090486508604,0.39233507761301545
25760,LOF,0.007376438944352351,0.28922677632147786,0.7033967847341699
25761,GOF,0.04787241562575157,0.8403046129610497,0.11182297141319889
25762,LOF,0.026942357407895592,0.3905694406053031,0.5824882019868014
25763,LOF,0.008285300671066833,0.26164197922474175,0.7300727201041914
25764,GOF,0.09583466321331284,0.6016089556415634,0.3025563811451238
25765,GOF,0.00829517335404949,0.8479955979681697,0.143709228677781
25766,GOF,0.030335181721985585,0.8114810487939962,0.15818376948401833
25767,GOF,0.01411397228172191,0.5354962162547511,0.450389811463527
25768,LOF,0.037303995384700486,0.08239439874243278,0.8803016058728668
25769,LOF,0.022724585746450813,0.08111643278202277,0.8961589814715264
25770,LOF,0.14823645293107102,0.07027621420507288,0.7814873328638562
25771,LOF,0.014070927124629758,0.08759718766876905,0.8983318852066012
25772,LOF,0.022522120723527845,0.030596571129933966,0.9468813081465383
25773,LOF,0.013702071446769371,0.07248183488006903,0.9138160936731616
25774,LOF,0.027159508930913137,0.09846708097727817,0.8743734100918087
25775,LOF,0.020215770860399548,0.04626441461235989,0.9335198145272405
25776,LOF,0.026039659664189703,0.027918127145011077,0.9460422131907993
25777,LOF,0.17944114286414167,0.07136107973693061,0.7491977773989278
25778,LOF,0.019376781145265427,0.05712163634240742,0.9235015825123271
25779,GOF,0.03965344487336438,0.8919576736908795,0.06838888143575618
25780,GOF,0.06732716509185227,0.8871434231622288,0.04552941174591895
25781,GOF,0.025305258245965533,0.8830355139887803,0.09165922776525402
25782,GOF,0.0347755582849964,0.9056278942013011,0.059596547513702434
25783,GOF,0.019926171805327672,0.7865907582446535,0.19348306995001885
25784,GOF,0.10575367535435878,0.8660527965517031,0.028193528093938148
25785,GOF,0.06662150235019126,0.8964587512500639,0.03691974639974486
25786,GOF,0.005233777079388866,0.8408541354901254,0.1539120874304858
25787,GOF,0.17456553069567743,0.7958366846778269,0.029597784626495736
25788,LOF,0.01568167709106442,0.20042635551412344,0.7838919673948122
25789,GOF,0.019374723013125532,0.8663731261231222,0.11425215086375218
25790,GOF,0.020755146458597433,0.8868110424364265,0.092433811104976
25791,GOF,0.0152301816246552,0.8363989581164276,0.14837086025891713
25792,GOF,0.024136308885934172,0.8506531977902025,0.12521049332386316
25793,GOF,0.07114570797975031,0.8499209129147031,0.07893337910554653
25794,GOF,0.0554613491112048,0.7838691559741885,0.16066949491460658
25795,GOF,0.03837549094971914,0.7917718117336268,0.16985269731665417
25796,GOF,0.0830933136771562,0.8279422440728474,0.08896444224999639
25797,GOF,0.03292716893571647,0.7077895452493183,0.2592832858149654
25798,GOF,0.002922236358615823,0.6580157944589097,0.3390619691824745
25799,GOF,0.0031049754609741307,0.5532471907384136,0.44364783380061223
25800,GOF,0.012819081787260484,0.7506604106981856,0.236520507514554
25801,GOF,0.017184552938731435,0.8863532796505142,0.09646216741075428
25802,GOF,0.0215660263989753,0.823962819770664,0.1544711538303609
25803,GOF,0.011057067835125544,0.7260130096508497,0.2629299225140248
25804,GOF,0.013652382460137915,0.6606995580998024,0.3256480594400597
25805,GOF,0.021282901683573153,0.7293327132489457,0.2493843850674811
25806,GOF,0.01825208023586319,0.7825173219623633,0.1992305978017734
25807,GOF,0.005325220126246348,0.7614219534332977,0.23325282644045614
25808,GOF,0.014040523512114872,0.777061360107132,0.2088981163807531
25809,GOF,0.00622669111514306,0.7522539344297243,0.24151937445513272
25810,GOF,0.005250627786815112,0.7483210169141574,0.24642835529902757
25811,GOF,0.04765546846318273,0.8770070584028098,0.07533747313400731
25812,GOF,0.01906299224097597,0.7660698151880444,0.21486719257097972
25813,GOF,0.09796498684691182,0.823410634453589,0.07862437869949916
25814,GOF,0.026346262733916805,0.8060821545269793,0.16757158273910394
25815,GOF,0.041567060282289126,0.844979459129691,0.11345348058802004
25816,GOF,0.007430760580144942,0.8570799658318391,0.13548927358801596
25817,GOF,0.09956839851029273,0.8003858955954489,0.10004570589425826
25818,GOF,0.02710640931326467,0.8225404116963332,0.15035317899040207
25819,GOF,0.06461521691710088,0.7717611370894281,0.16362364599347098
25820,GOF,0.035251677268234735,0.7661384235988765,0.19860989913288876
25821,GOF,0.020121617426677875,0.7672629977993791,0.21261538477394312
25822,GOF,0.04023167969010221,0.7963753414389217,0.16339297887097612
25823,GOF,0.014866769075551381,0.6626524382514533,0.32248079267299545
25824,GOF,0.028663049075176156,0.7622230808704198,0.20911387005440407
25825,GOF,0.01684124321322618,0.7507544148118102,0.2324043419749636
25826,GOF,0.005586873998348045,0.7195792649538251,0.274833861047827
25827,GOF,0.007927284285302448,0.7112235200921491,0.28084919562254856
25828,GOF,0.005891071144951283,0.6739408503532098,0.3201680785018388
25829,GOF,0.0027203962706949733,0.7085074231560611,0.2887721805732439
25830,GOF,0.03896654176666994,0.5175549953980395,0.4434784628352905
25831,GOF,0.04694878530591361,0.8514697323769872,0.10158148231709924
25832,GOF,0.008974525286995758,0.8163254381039098,0.17470003660909433
25833,GOF,0.03562434598678701,0.8661400877809748,0.09823556623223799
25834,GOF,0.009179932099951093,0.8326423750144069,0.1581776928856422
25835,GOF,0.019416025601330583,0.8724040674456153,0.10817990695305428
25836,GOF,0.007277996091275383,0.8282810676111557,0.1644409362975688
25837,GOF,0.007039569300735233,0.7414426698539249,0.2515177608453397
25838,GOF,0.023186058677186882,0.8797902268753591,0.09702371444745404
25839,GOF,0.04182491279683211,0.8628121915790071,0.09536289562416064
25840,GOF,0.06461325503369271,0.863542693333509,0.07184405163279818
25841,GOF,0.058551510866712675,0.87419650312061,0.0672519860126772
25842,GOF,0.023674581752599025,0.9021622069076742,0.07416321133972667
25843,GOF,0.026535748778914122,0.9077094982252195,0.06575475299586643
25844,GOF,0.017088917863292856,0.8644822764809522,0.11842880565575489
25845,GOF,0.005725251398004532,0.6603840060519063,0.3338907425500892
25846,GOF,0.041495321538620886,0.8791166626877777,0.07938801577360155
25847,GOF,0.019463613829473397,0.9123612440667198,0.06817514210380675
25848,GOF,0.016714735252599554,0.8745896359951217,0.10869562875227892
25849,GOF,0.0049017003053524405,0.7672075056862329,0.22789079400841486
25850,GOF,0.006521261012302982,0.7737366879796069,0.21974205100809008
25851,GOF,0.005703714780219267,0.6587813817160135,0.3355149035037672
25852,GOF,0.12928679027902815,0.6281215656438327,0.24259164407713907
25853,GOF,0.07997158761679865,0.8356317412843249,0.08439667109887652
25854,GOF,0.005345653513117885,0.7093038704102171,0.28535047607666497
25855,GOF,0.017460794886616303,0.659406085583135,0.3231331195302486
25856,GOF,0.04248015273136639,0.8036855852873078,0.15383426198132577
25857,GOF,0.014994096624114942,0.6606894331437857,0.3243164702320994
25858,GOF,0.009338980111423017,0.6541177389223658,0.3365432809662111
25859,GOF,0.005761210066934345,0.6273608878791804,0.36687790205388526
25860,GOF,0.08346910565573437,0.8266149424738947,0.08991595187037103
25861,GOF,0.08290820908042952,0.8298892654875376,0.08720252543203304
25862,GOF,0.02303079055136109,0.8780796688817184,0.09888954056692063
25863,GOF,0.022352470297351684,0.8798630114013296,0.09778451830131873
25864,GOF,0.046590856828083026,0.8801155210070529,0.073293622164864
25865,GOF,0.03239586032710979,0.8582761558522433,0.10932798382064694
25866,GOF,0.0271543041401513,0.873280735335553,0.09956496052429563
25867,GOF,0.03481144822454807,0.8865309083472495,0.0786576434282026
25868,GOF,0.0547107078362307,0.8503888989759255,0.09490039318784382
25869,GOF,0.35224463698149777,0.5937260157914765,0.054029347227025785
25870,GOF,0.07059611351322144,0.7005315354140292,0.22887235107274934
25871,GOF,0.011019137201488713,0.8826733488255886,0.10630751397292258
25872,GOF,0.0222969870631825,0.8844843063978541,0.09321870653896344
25873,GOF,0.021885418296558126,0.9012913277601533,0.0768232539432886
25874,LOF,0.017302377689350976,0.21273590787791535,0.7699617144327336
25875,LOF,0.048629524126250046,0.04825570931058759,0.9031147665631625
25876,LOF,0.01866735195492823,0.04059810717054167,0.94073454087453
25877,LOF,0.12713685323761703,0.08494021198704503,0.7879229347753379
25878,LOF,0.07115176090962114,0.1143416691209151,0.8145065699694637
25879,LOF,0.030239612736429364,0.08587967500501431,0.8838807122585564
25880,LOF,0.054293411585246684,0.01355623169696418,0.932150356717789
25881,Neutral,0.5314810075356088,0.06881005754038577,0.39970893492400544
25882,LOF,0.04466433168915399,0.031003175024517604,0.9243324932863283
25883,LOF,0.028345164362474116,0.022960861814636028,0.9486939738228898
25884,LOF,0.026816902764089753,0.04264098872036964,0.9305421085155406
25885,LOF,0.19437819184625268,0.011719888085960091,0.7939019200677873
25886,LOF,0.16178861160668775,0.054398596599040054,0.7838127917942722
25887,LOF,0.20194376449200102,0.05982203748954399,0.7382341980184549
25888,LOF,0.01296773845044861,0.14209383095226408,0.8449384305972873
25889,LOF,0.030464856116900908,0.032095507819559416,0.9374396360635396
25890,LOF,0.12354060429692311,0.12894663028048028,0.7475127654225966
25891,LOF,0.09879842995564618,0.023977922183655406,0.8772236478606984
25892,LOF,0.008291509293127226,0.03279551439006521,0.9589129763168075
25893,LOF,0.39525117660890396,0.00799492025991196,0.596753903131184
25894,LOF,0.4331259774686883,0.00459229861115574,0.562281723920156
25895,LOF,0.3338614295328798,0.010901339412524073,0.6552372310545961
25896,LOF,0.06370465018984145,0.016933820878826375,0.9193615289313323
25897,LOF,0.18390380145078392,0.008301230609464838,0.8077949679397513
25898,LOF,0.18090224808161406,0.026335088559314396,0.7927626633590714
25899,LOF,0.35856100009765285,0.016787652742733923,0.6246513471596133
25900,LOF,0.4367827403763842,0.007661390504322825,0.555555869119293
25901,LOF,0.06305156608202328,0.007035142697727576,0.9299132912202492
25902,LOF,0.17030334756060733,0.008800268747229141,0.8208963836921634
25903,LOF,0.4103157934697772,0.022556365486828697,0.5671278410433941
25904,LOF,0.4789766117769807,0.023124802986583225,0.4978985852364361
25905,LOF,0.004406761125533509,0.47472146815192257,0.5208717707225439
25906,LOF,0.009146313565597064,0.11392073766063103,0.8769329487737719
25907,LOF,0.004478971779137215,0.3468194022324598,0.648701625988403
25908,LOF,0.004308201006028413,0.26725967959815927,0.7284321193958122
25909,LOF,0.022890718916481836,0.17499532229735032,0.802113958786168
25910,LOF,0.011212009232022594,0.1244504679271788,0.8643375228407986
25911,LOF,0.31540241557469717,0.043309988225596535,0.6412875961997062
25912,LOF,0.06559110553563331,0.0622168588391831,0.8721920356251835
25913,LOF,0.04601428608231244,0.07561025888016537,0.8783754550375221
25914,LOF,0.03667554406244574,0.0452232373071193,0.918101218630435
25915,LOF,0.19359763867137858,0.2064847646776312,0.5999175966509902
25916,LOF,0.03432446335514785,0.14451926784245542,0.8211562688023968
25917,LOF,0.0666923802670246,0.0419571986414925,0.8913504210914828
25918,LOF,0.04009918789461889,0.029872316416103332,0.9300284956892777
25919,LOF,0.03589086454986477,0.028529501120106878,0.9355796343300284
25920,LOF,0.20374659055152095,0.24751391414279258,0.5487394953056864
25921,LOF,0.017225072099606407,0.0399981415801207,0.942776786320273
25922,LOF,0.023405007637557994,0.03448883697686508,0.942106155385577
25923,LOF,0.46763529552060784,0.033826378344211865,0.49853832613518023
25924,LOF,0.02394076267369609,0.0535422044266337,0.9225170328996702
25925,LOF,0.07796685639848513,0.04726994494139882,0.8747631986601161
25926,LOF,0.062038006620120885,0.04242956262946818,0.8955324307504109
25927,LOF,0.027734053343712237,0.0703232584578795,0.9019426881984084
25928,LOF,0.010514667161647567,0.05539807511514763,0.9340872577232048
25929,Neutral,0.5510840012437446,0.03223740010411475,0.4166785986521407
25930,LOF,0.08118612753448891,0.03178793102377842,0.8870259414417326
25931,LOF,0.015119043347887395,0.03840617171410291,0.9464747849380097
25932,LOF,0.06898232478323311,0.031832731183252895,0.899184944033514
25933,LOF,0.062106353831052265,0.019654605665504785,0.918239040503443
25934,LOF,0.05736255999230762,0.019319407515828488,0.923318032491864
25935,LOF,0.06988654807239397,0.05940161034147594,0.87071184158613
25936,LOF,0.09942304469889349,0.02142178703068892,0.8791551682704177
25937,LOF,0.015602841228111439,0.03907833739214617,0.9453188213797423
25938,LOF,0.06832094344851761,0.05444715590893966,0.8772319006425429
25939,LOF,0.04654554509051238,0.027705830770569168,0.9257486241389185
25940,LOF,0.008327621747033005,0.3441197207329165,0.6475526575200504
25941,Neutral,0.502984474924824,0.039700692470057315,0.4573148326051187
25942,LOF,0.00908459328603965,0.0557120866365653,0.935203320077395
25943,LOF,0.040381115332518945,0.2104750121126168,0.7491438725548643
25944,LOF,0.06654831032281248,0.08279329071469031,0.8506583989624972
25945,LOF,0.12845773090204524,0.022882742500740863,0.8486595265972138
25946,LOF,0.07299279275961555,0.04181515932314645,0.885192047917238
25947,Neutral,0.4697282498398238,0.10265849896715022,0.42761325119302596
25948,LOF,0.4368344272811191,0.014864902883777679,0.5483006698351032
25949,LOF,0.1330156902394236,0.06765385424657101,0.7993304555140054
25950,GOF,0.06417472104229144,0.5884967837730101,0.34732849518469855
25951,LOF,0.014921627857627488,0.44118581621527714,0.5438925559270954
25952,LOF,0.312279250452736,0.2923365441884469,0.39538420535881696
25953,LOF,0.006560821930748509,0.1822131582947082,0.8112260197745433
25954,GOF,0.09482602694278534,0.4969058550592709,0.4082681179979437
25955,LOF,0.006820463119336569,0.16213774828944547,0.831041788591218
25956,LOF,0.019379417677377584,0.2502472356429874,0.7303733466796349
25957,LOF,0.18877094113513201,0.030502581890521716,0.7807264769743462
25958,LOF,0.033914780034021534,0.0427202667752072,0.9233649531907712
25959,GOF,0.015934408730132892,0.6530529660485764,0.33101262522129077
25960,LOF,0.006416621257878562,0.06877413867672533,0.924809240065396
25961,LOF,0.03229262601642403,0.0383913810133149,0.929315992970261
25962,LOF,0.04018323281977971,0.06602279279516171,0.8937939743850587
25963,LOF,0.005207550553701374,0.19340797979016944,0.8013844696561293
25964,LOF,0.02780498608948523,0.12001357846066502,0.8521814354498498
25965,LOF,0.25964469675727925,0.10462548002265656,0.6357298232200642
25966,Neutral,0.4812042148463312,0.1328540949591309,0.38594169019453783
25967,LOF,0.009568416937246919,0.08317407955512142,0.9072575035076317
25968,LOF,0.04456217271223765,0.2443169313467121,0.7111208959410502
25969,LOF,0.12557244948535842,0.059658913731940696,0.814768636782701
25970,LOF,0.02307186870181535,0.09886882060499441,0.8780593106931902
25971,LOF,0.08952332599400725,0.03045035763109214,0.8800263163749007
25972,LOF,0.07155703866298267,0.05203970094677392,0.8764032603902434
25973,LOF,0.06994125763304598,0.00985112737633292,0.9202076149906211
25974,LOF,0.051995496700623325,0.039637174068331144,0.9083673292310456
25975,LOF,0.04551859963075515,0.018343035595163506,0.9361383647740814
25976,LOF,0.09209213356697629,0.01077893556872446,0.8971289308642992
25977,LOF,0.20062776860099046,0.07248964193341768,0.7268825894655919
25978,LOF,0.18923329941389222,0.11084185534310219,0.6999248452430056
25979,LOF,0.15623317666592923,0.12464045703840369,0.719126366295667
25980,LOF,0.26986495241156405,0.17390255919572475,0.5562324883927112
25981,LOF,0.27246523001511896,0.1767630780968434,0.5507716918880377
25982,Neutral,0.5066347325603782,0.09008094038727134,0.40328432705235057
25983,Neutral,0.5047199547044048,0.10618882163011063,0.38909122366548454
25984,LOF,0.04066627648724152,0.0957365095803106,0.8635972139324479
25985,LOF,0.4100395053503228,0.13998257243545148,0.4499779222142258
25986,LOF,0.01228750187625122,0.41135587998678597,0.5763566181369629
25987,LOF,0.05504125893053081,0.10477237900398088,0.8401863620654884
25988,LOF,0.04056862074187791,0.16153860119797253,0.7978927780601495
25989,LOF,0.03578843144042277,0.19245542901705473,0.7717561395425225
25990,LOF,0.03963077313653579,0.3026655905405424,0.6577036363229218
25991,LOF,0.02697618000492672,0.4273975808476212,0.545626239147452
25992,LOF,0.02287449901790834,0.428456446303021,0.5486690546790707
25993,LOF,0.028239368445732323,0.08620446538559103,0.8855561661686765
25994,LOF,0.02364975780441105,0.08605369701662006,0.890296545178969
25995,LOF,0.02138521660810498,0.14768231496930417,0.8309324684225908
25996,LOF,0.3183674339064433,0.32887348306675546,0.3527590830268012
25997,LOF,0.06625532894547974,0.3849498311720341,0.5487948398824861
25998,LOF,0.23981589230514763,0.04869829018313362,0.7114858175117188
25999,LOF,0.023730669095348638,0.18508517164246882,0.7911841592621826
26000,LOF,0.18727774836271482,0.029790881793562256,0.7829313698437229
26001,LOF,0.24446257142742944,0.04703802048130355,0.7084994080912671
26002,LOF,0.12968041664521895,0.04692902738289421,0.8233905559718868
26003,GOF,0.00568363000171225,0.6433696991374406,0.3509466708608472
26004,GOF,0.008443183015023625,0.71144279114822,0.28011402583675643
26005,GOF,0.0038064683822637757,0.5000519895256486,0.4961415420920878
26006,GOF,0.1194943645995677,0.5873882534033085,0.29311738199712384
26007,GOF,0.0075291020036770484,0.537569258724284,0.45490163927203897
26008,GOF,0.005207620175029664,0.619180533647156,0.37561184617781435
26009,GOF,0.0077232348191821,0.6792961678414196,0.3129805973393984
26010,GOF,0.007405087453919061,0.608221214248568,0.38437369829751294
26011,LOF,0.003238864262110561,0.46239653422423066,0.5343646015136587
26012,GOF,0.005081490504641685,0.5205386878108691,0.4743798216844892
26013,GOF,0.006674990174788396,0.587042009825943,0.4062829999992685
26014,LOF,0.05196673419299748,0.12406583470175907,0.8239674311052434
26015,LOF,0.3845301996892876,0.02776272851173978,0.5877070717989726
26016,LOF,0.3049110695701151,0.049786551493220754,0.6453023789366641
26017,LOF,0.023309291883599738,0.22599882592276604,0.7506918821936343
26018,LOF,0.026469670772694517,0.06047108611039689,0.9130592431169087
26019,LOF,0.026265931701639485,0.051884265523825794,0.9218498027745347
26020,LOF,0.010733819324208145,0.21723880471944762,0.7720273759563442
26021,LOF,0.0823655180354855,0.0808469840349891,0.8367874979295253
26022,LOF,0.042479383406770044,0.03330379983555963,0.9242168167576702
26023,LOF,0.029699068476828402,0.03952825457666506,0.9307726769465066
26024,LOF,0.04605648788965984,0.07868810884820109,0.8752554032621391
26025,LOF,0.07057749672456955,0.084695296227124,0.8447272070483065
26026,LOF,0.12265882509526577,0.06773986546252463,0.8096013094422095
26027,LOF,0.024675191220870304,0.029800968382983226,0.9455238403961465
26028,LOF,0.14325247532231164,0.13911826377559047,0.7176292609020979
26029,LOF,0.023903178187403933,0.19425419333177216,0.7818426284808239
26030,LOF,0.1878858639968252,0.022476033731008496,0.7896381022721665
26031,LOF,0.010868617295435383,0.16391162843891924,0.8252197542656453
26032,LOF,0.04463682949065996,0.0582448063343893,0.8971183641749508
26033,LOF,0.0683673650022859,0.05134418352879626,0.8802884514689178
26034,LOF,0.014680312758889867,0.14495334952621544,0.8403663377148947
26035,LOF,0.012882322580811765,0.10363716672483479,0.8834805106943535
26036,LOF,0.01280383204869076,0.11532128637645422,0.871874881574855
26037,LOF,0.0112169257310881,0.0952628486695529,0.893520225599359
26038,LOF,0.03852196280549428,0.05335357081365155,0.9081244663808542
26039,LOF,0.030217878872905314,0.12824870572613134,0.8415334154009634
26040,LOF,0.1119383443292926,0.11925334272425119,0.7688083129464562
26041,LOF,0.014781985857090176,0.08443384440081263,0.9007841697420972
26042,LOF,0.013323322443452036,0.09896944039211246,0.8877072371644354
26043,LOF,0.037461278971300846,0.0735617964379503,0.8889769245907488
26044,LOF,0.015420044872786908,0.046670422212662016,0.937909532914551
26045,LOF,0.0821143342339727,0.10527963314355081,0.8126060326224764
26046,LOF,0.032674238528376705,0.05733520638827658,0.9099905550833467
26047,LOF,0.05625615286185011,0.056497328318632835,0.887246518819517
26048,LOF,0.10157276881095995,0.02220106573564187,0.8762261654533982
26049,Neutral,0.9457016051613106,0.007634583818514051,0.04666381102017536
26050,Neutral,0.9192894529590406,0.00825353858132209,0.07245700845963729
26051,LOF,0.018285912393747134,0.10557534939019847,0.8761387382160543
26052,LOF,0.03199111353345822,0.11852662427073016,0.8494822621958116
26053,LOF,0.028978601892814364,0.16359261652669202,0.8074287815804936
26054,LOF,0.04518682841366659,0.030404503071538167,0.9244086685147952
26055,LOF,0.06894117375922891,0.02599960836244657,0.9050592178783247
26056,LOF,0.056840613368272,0.033499715457558706,0.9096596711741692
26057,LOF,0.059858726607546285,0.015112243718132114,0.9250290296743215
26058,LOF,0.06272522406523182,0.012555111455729143,0.9247196644790391
26059,LOF,0.19296984675062653,0.031052426301109444,0.775977726948264
26060,LOF,0.016032241347532325,0.17364628655822642,0.8103214720942413
26061,LOF,0.012920131024996484,0.009910603760272137,0.9771692652147315
26062,LOF,0.006970027604687573,0.017317248491900937,0.9757127239034116
26063,LOF,0.04216388101544777,0.012053027835493162,0.9457830911490591
26064,LOF,0.009759897801375853,0.026115778455988673,0.9641243237426355
26065,LOF,0.04849636980739569,0.013143562452717208,0.938360067739887
26066,LOF,0.04907848075068494,0.011759411126386097,0.939162108122929
26067,LOF,0.05780451040777717,0.01046478824302438,0.9317307013491984
26068,LOF,0.05082588420533677,0.04826359849079977,0.9009105173038635
26069,LOF,0.15937728408872856,0.032340973461131975,0.8082817424501395
26070,LOF,0.3588144077106308,0.023434209719197907,0.6177513825701713
26071,LOF,0.04965791061967318,0.01236791566362451,0.9379741737167022
26072,LOF,0.010870579857078413,0.019840066857170668,0.9692893532857508
26073,LOF,0.04219775157462642,0.014591083017441596,0.943211165407932
26074,Neutral,0.9166378448037499,0.008737143192142326,0.0746250120041078
26075,LOF,0.05692386672190285,0.023023018348367407,0.9200531149297297
26076,LOF,0.056814791184653504,0.013159645780587462,0.9300255630347591
26077,LOF,0.1704240419168427,0.0068011715794450995,0.8227747865037122
26078,LOF,0.009006087678450903,0.015317248317030541,0.9756766640045186
26079,LOF,0.0640233278912995,0.022741562296891137,0.9132351098118093
26080,LOF,0.06308008662918968,0.02284837359972167,0.9140715397710886
26081,LOF,0.03422481090769803,0.009442221007011604,0.9563329680852903
26082,LOF,0.008079223095799889,0.014804589892814485,0.9771161870113857
26083,LOF,0.10275930670795548,0.021550147603871053,0.8756905456881734
26084,LOF,0.11436390226671377,0.016390129501708765,0.8692459682315775
26085,LOF,0.10912462655063009,0.01382627817731345,0.8770490952720565
26086,LOF,0.041022271498854346,0.012945249481347638,0.946032479019798
26087,LOF,0.03800224412987749,0.010856548305848484,0.951141207564274
26088,LOF,0.008864752356185739,0.020970541101634984,0.9701647065421793
26089,LOF,0.04306175017466382,0.03580697706680918,0.9211312727585271
26090,LOF,0.04417877876409183,0.026859367488425396,0.9289618537474827
26091,LOF,0.03350125856030349,0.007736528805751267,0.9587622126339453
26092,LOF,0.048475785083932105,0.008607680528947267,0.9429165343871205
26093,LOF,0.08134941024261835,0.006155810303651035,0.9124947794537306
26094,LOF,0.03808682182933813,0.0078001385127016805,0.9541130396579601
26095,LOF,0.03725014745925153,0.01771909645255118,0.9450307560881974
26096,LOF,0.21418994806413938,0.0055162466239152535,0.7802938053119454
26097,LOF,0.008796185769513189,0.03439830062857547,0.9568055136019114
26098,LOF,0.0786490029386132,0.018917790615774126,0.9024332064456126
26099,LOF,0.04572043219327211,0.016803899696300216,0.9374756681104277
26100,LOF,0.04568540516816308,0.01680451648684719,0.9375100783449897
26101,LOF,0.06147329524005844,0.03424901470217833,0.9042776900577633
26102,LOF,0.03697737313108303,0.017630323882878596,0.9453923029860383
26103,Neutral,0.8790248537552559,0.02798002221440001,0.09299512403034406
26104,LOF,0.05845944071527847,0.04322618337713089,0.8983143759075906
26105,LOF,0.23031371204185774,0.17368416729002967,0.5960021206681126
26106,LOF,0.3139058877346729,0.10476882529494615,0.5813252869703809
26107,LOF,0.02386969386159644,0.09046170791551075,0.8856685982228928
26108,LOF,0.292343800044312,0.04418074280680324,0.6634754571488848
26109,LOF,0.09102765475525985,0.03649402608066034,0.8724783191640798
26110,LOF,0.49151426331200904,0.007256317445100507,0.5012294192428904
26111,LOF,0.06000514652404874,0.13149072937702797,0.8085041240989232
26112,LOF,0.055569094049796895,0.008220285325808064,0.9362106206243951
26113,LOF,0.10650919809567092,0.02102766614621729,0.8724631357581119
26114,LOF,0.09536315996518334,0.007156822396399661,0.897480017638417
26115,LOF,0.014284941775958671,0.051129049401307254,0.934586008822734
26116,LOF,0.0715404152223882,0.02038762528951082,0.9080719594881009
26117,LOF,0.3890623559178823,0.03073869904519732,0.5801989450369204
26118,LOF,0.05150808613867517,0.015180969006366176,0.9333109448549587
26119,LOF,0.0063271404045923425,0.033890492656481426,0.9597823669389262
26120,LOF,0.03757251814182827,0.01439860793418767,0.9480288739239842
26121,LOF,0.004348205046838905,0.10768567090838875,0.8879661240447723
