feature0,prediction,LoGoFunc_Neutral,LoGoFunc_GOF,LoGoFunc_LOF
25546,Neutral,0.7563874887607719,0.026316159477671647,0.21729635176155634
25547,Neutral,0.5959432629278169,0.06607295319992976,0.33798378387225336
25548,Neutral,0.5682335646769782,0.04875147349772675,0.3830149618252951
25549,Neutral,0.48811578757801566,0.04866340526373753,0.46322080715824676
25550,LOF,0.3366886227597773,0.10468740217728671,0.5586239750629362
25551,LOF,0.28642552539305494,0.11270957173736008,0.6008649028695849
25552,LOF,0.18822502802041827,0.11304072607868088,0.6987342459009009
25553,Neutral,0.829339968914284,0.027420706694700335,0.14323932439101564
25554,LOF,0.21832579872787786,0.1036168046687882,0.678057396603334
25555,LOF,0.1752476151177333,0.09033695276863754,0.734415432113629
25556,LOF,0.39173301554410234,0.09339509744935708,0.5148718870065406
25557,LOF,0.17402337863273964,0.09610453524498792,0.7298720861222725
25558,LOF,0.21758141573542947,0.10664283547785251,0.6757757487867181
25559,LOF,0.3978493432092195,0.09047128700221821,0.5116793697885622
25560,LOF,0.05902812347066111,0.17658191009991753,0.7643899664294213
25561,LOF,0.11424475276432242,0.2024452883702554,0.6833099588654221
25562,LOF,0.11181549661523098,0.09472769208734669,0.7934568112974224
25563,LOF,0.10626413458030469,0.0852545138974256,0.8084813515222697
25564,LOF,0.17389593242201368,0.14406061563523506,0.6820434519427513
25565,LOF,0.13980476205404496,0.1584923319610287,0.7017029059849262
25566,GOF,0.014718281169963767,0.7668309139788522,0.21845080485118404
25567,LOF,0.014465136664850402,0.16112643312015748,0.8244084302149922
25568,LOF,0.05449441911765127,0.07041070809124145,0.8750948727911073
25569,LOF,0.06242315180665831,0.07556539038128837,0.8620114578120533
25570,LOF,0.06716780112942138,0.10630359166195351,0.8265286072086251
25571,LOF,0.062225101165966974,0.09651485274552668,0.8412600460885062
25572,LOF,0.06391359745993477,0.13769099488481204,0.7983954076552532
25573,LOF,0.02800635600631173,0.10091506616916542,0.8710785778245229
25574,LOF,0.017334431200271172,0.17940178590740435,0.8032637828923245
25575,LOF,0.0496847983553527,0.11302936202859609,0.8372858396160512
25576,LOF,0.020511769806266095,0.13002526078447676,0.8494629694092571
25577,LOF,0.015358621654702432,0.14185712470764708,0.8427842536376504
25578,LOF,0.24652665971237597,0.09767479581154016,0.6557985444760839
25579,LOF,0.24715044111680667,0.096814612449284,0.6560349464339094
25580,LOF,0.03443310082004956,0.08782368268310867,0.8777432164968418
25581,LOF,0.04979656824370854,0.08166260788455795,0.8685408238717335
25582,LOF,0.04969795168132728,0.07895873999871231,0.8713433083199603
25583,LOF,0.04434580401280206,0.10503039795293881,0.850623798034259
25584,LOF,0.43227696677666466,0.0985643251266844,0.46915870809665094
25585,LOF,0.03398263686882498,0.10562252551192482,0.8603948376192502
25586,LOF,0.037072374978321845,0.08451676428462623,0.8784108607370519
25587,LOF,0.03653639837461729,0.08101433485736628,0.8824492667680165
25588,LOF,0.03739281529629327,0.10252031656197697,0.8600868681417299
25589,Neutral,0.5880273774825151,0.11956837973752095,0.2924042427799639
25590,LOF,0.027102218604110315,0.13591047435404707,0.8369873070418427
25591,LOF,0.10583173214351178,0.06827863004372234,0.8258896378127659
25592,LOF,0.09734734218842425,0.1381814381393238,0.7644712196722521
25593,LOF,0.015922347646593418,0.26795355946039223,0.7161240928930143
25594,LOF,0.02970302642309299,0.26427036769970563,0.7060266058772015
25595,LOF,0.04452795338441335,0.20408897008247506,0.7513830765331116
25596,LOF,0.051294969217356656,0.12855345629900172,0.8201515744836416
25597,LOF,0.05585859783420488,0.09655569272613801,0.847585709439657
25598,LOF,0.035091450436456895,0.25266779580581794,0.7122407537577252
25599,GOF,0.007412650808148401,0.7873111606604719,0.2052761885313798
25600,GOF,0.009449337453171433,0.5598698786914713,0.43068078385535713
25601,GOF,0.007255579255625508,0.4969978854073785,0.49574653533699614
25602,LOF,0.019577756386153253,0.05837644089817202,0.9220458027156746
25603,LOF,0.03186360853654534,0.041849267638157085,0.9262871238252977
25604,LOF,0.0490443916016614,0.058764494672509195,0.8921911137258294
25605,LOF,0.01025295867409117,0.2526025503995955,0.7371444909263134
25606,GOF,0.06199307524237459,0.46914491990535634,0.46886200485226903
25607,LOF,0.004406757937544404,0.164417641144058,0.8311756009183975
25608,LOF,0.06060833016807073,0.0457189586570582,0.8936727111748711
25609,LOF,0.05947141604585431,0.34229481410712703,0.5982337698470187
25610,LOF,0.04175031392803955,0.03202347113487111,0.9262262149370893
25611,LOF,0.05080659825811026,0.030147414892938058,0.9190459868489518
25612,LOF,0.09140450211101694,0.05064796092520532,0.8579475369637778
25613,LOF,0.08246885531604087,0.046554711396540875,0.8709764332874183
25614,LOF,0.03408948347737319,0.03984519469412119,0.9260653218285056
25615,LOF,0.05631259952755954,0.04097044059820702,0.9027169598742334
25616,LOF,0.03586783730035871,0.03907344919512097,0.9250587135045202
25617,LOF,0.03470178702374365,0.04438968036991664,0.9209085326063398
25618,LOF,0.22158162033980053,0.038786291101983346,0.7396320885582162
25619,LOF,0.03513925497713783,0.035264399407175524,0.9295963456156866
25620,LOF,0.04081205012757263,0.046195229941478615,0.9129927199309488
25621,LOF,0.034286230838994604,0.03776057802323786,0.9279531911377675
25622,LOF,0.030252944306962876,0.04757830261454595,0.9221687530784911
25623,LOF,0.06074973022633779,0.03880793019146118,0.900442339582201
25624,LOF,0.028458602990094128,0.04941484155121317,0.9221265554586928
25625,LOF,0.03579963113378232,0.053972086869674966,0.9102282819965427
25626,LOF,0.0702723148260377,0.03529932239982781,0.8944283627741345
25627,Neutral,0.5313215289528983,0.1273088518510742,0.34136961919602743
25628,LOF,0.180367266034,0.06439128346035193,0.7552414505056482
25629,LOF,0.06602797609483543,0.1363689395874736,0.797603084317691
25630,LOF,0.17859732124219307,0.11257692699452995,0.708825751763277
25631,Neutral,0.5926235645109786,0.08783474559366353,0.3195416898953578
25632,LOF,0.022395970104905877,0.08583822255103762,0.8917658073440564
25633,LOF,0.2324092296623548,0.09902315378721775,0.6685676165504275
25634,LOF,0.03746507186090847,0.109492892942309,0.8530420351967826
25635,LOF,0.04627177697517882,0.09727216682992264,0.8564560561948985
25636,GOF,0.006085279838888269,0.5946503635270384,0.39926435663407334
25637,GOF,0.005163207264088465,0.5293636327678793,0.4654731599680322
25638,LOF,0.008911220575442316,0.4072932061787931,0.5837955732457645
25639,LOF,0.00512883918726781,0.4066849563695079,0.5881862044432243
25640,GOF,0.41152921905260764,0.5469271137794177,0.04154366716797461
25641,LOF,0.006633172178627574,0.3275251375604813,0.665841690260891
25642,LOF,0.2527474015982489,0.07447976088444887,0.6727728375173023
25643,LOF,0.2052064603529099,0.23399611520034752,0.5607974244467426
25644,LOF,0.034689658170431306,0.4469006328446071,0.5184097089849615
25645,LOF,0.026993046603489914,0.3823618079166201,0.5906451454798899
25646,LOF,0.02739675943600209,0.2693709414249433,0.7032322991390546
25647,LOF,0.022705053456945592,0.2305924460777258,0.7467025004653287
25648,LOF,0.020019033455090304,0.22312250904367023,0.7568584575012395
25649,LOF,0.01861158188338028,0.17001291118864884,0.8113755069279709
25650,LOF,0.06116214435802402,0.40742629079861215,0.5314115648433638
25651,LOF,0.01697815163338251,0.2010389343688992,0.7819829139977182
25652,LOF,0.02566452028214458,0.19952345878090563,0.7748120209369498
25653,LOF,0.12466506972671902,0.3511331380421573,0.5242017922311237
25654,LOF,0.019123963521388464,0.20669577904597922,0.7741802574326323
25655,LOF,0.13718314062201728,0.2647367337137622,0.5980801256642204
25656,LOF,0.058035913569020416,0.062160372015443624,0.8798037144155361
25657,LOF,0.3048638189470753,0.026901561292038696,0.6682346197608859
25658,LOF,0.031495917756537865,0.07481603013844756,0.8936880521050146
25659,LOF,0.2426160219475322,0.05415195386217102,0.7032320241902967
25660,LOF,0.09204124712874673,0.10376292975099324,0.8041958231202601
25661,LOF,0.06938185548613547,0.07868608353241882,0.8519320609814458
25662,LOF,0.03330123842006137,0.05212754277178141,0.9145712188081572
25663,LOF,0.041934479522599426,0.09333920326942699,0.8647263172079737
25664,LOF,0.02951566911393276,0.14701149149874237,0.823472839387325
25665,LOF,0.05181447612655792,0.05334656237182639,0.8948389615016157
25666,LOF,0.03841793813048801,0.1917887429254164,0.7697933189440956
25667,LOF,0.03150895819269664,0.06879969272372398,0.8996913490835793
25668,LOF,0.03903616474595721,0.06929004756189185,0.8916737876921509
25669,LOF,0.047160317707706206,0.10773240777015713,0.8451072745221366
25670,LOF,0.13308922830760678,0.11927177743101453,0.7476389942613787
25671,LOF,0.04057969073664109,0.05790413346829925,0.9015161757950597
25672,LOF,0.05194203108563768,0.08858276736416276,0.8594752015501996
25673,LOF,0.036753701017900826,0.09782442754182777,0.8654218714402715
25674,LOF,0.027541462529087495,0.11041117445795935,0.862047363012953
25675,LOF,0.036187457690136524,0.09303052810689849,0.8707820142029651
25676,LOF,0.03132950822425127,0.07337113934345377,0.8952993524322949
25677,LOF,0.07864558050882169,0.06715940644814716,0.8541950130430312
25678,LOF,0.1379805250477294,0.05593571293809654,0.8060837620141741
25679,LOF,0.09396471437125711,0.08461980171136954,0.8214154839173734
25680,LOF,0.08573097645538628,0.10541022884830868,0.808858794696305
25681,LOF,0.09677833428613707,0.10101940220157232,0.8022022635122906
25682,LOF,0.04747642494032791,0.08490109084039632,0.8676224842192757
25683,LOF,0.06929667532315535,0.13087134652422527,0.7998319781526194
25684,LOF,0.060348387883378915,0.08079070381885266,0.8588609082977685
25685,LOF,0.11646281469669512,0.04709999508520908,0.8364371902180958
25686,LOF,0.0369811548975258,0.08042700733757929,0.8825918377648949
25687,LOF,0.06452203618054253,0.0791620762869086,0.856315887532549
25688,LOF,0.016062106883395696,0.16560854212777176,0.8183293509888326
25689,LOF,0.013664528452593933,0.08756547372361571,0.8987699978237904
25690,LOF,0.015370265171126999,0.1167519117294416,0.8678778230994313
25691,LOF,0.10692739698662262,0.17878971649172562,0.7142828865216518
25692,LOF,0.16999316092643335,0.023795635404176268,0.8062112036693904
25693,LOF,0.045103586531802256,0.19037412256851835,0.7645222908996794
25694,LOF,0.289070163259217,0.01241295663931257,0.6985168801014704
25695,LOF,0.22423269061500162,0.01771089340018534,0.758056415984813
25696,LOF,0.1612643623413047,0.009797900535522477,0.8289377371231729
25697,LOF,0.11789949002443424,0.03514329689592899,0.8469572130796368
25698,LOF,0.025213079425299528,0.33087854525746924,0.6439083753172312
25699,LOF,0.0808081321804586,0.0733658422767514,0.8458260255427901
25700,LOF,0.03418633008115211,0.014326121131054624,0.9514875487877932
25701,LOF,0.016789169721349594,0.08039965411185358,0.9028111761667968
25702,GOF,0.023540925713303254,0.7415647728004922,0.23489430148620466
25703,LOF,0.015469740130538452,0.21446765318461244,0.7700626066848492
25704,LOF,0.0957562318531111,0.18793668858877527,0.7163070795581137
25705,LOF,0.0859787843745786,0.2783763566208496,0.6356448590045719
25706,GOF,0.018988782110132402,0.5820416504446644,0.3989695674452032
25707,GOF,0.024831399775385576,0.5750668133322419,0.40010178689237247
25708,GOF,0.008312216059889395,0.5675948511270612,0.4240929328130495
25709,LOF,0.024862630499070906,0.09893541987537342,0.8762019496255556
25710,LOF,0.005406394859655148,0.24908855432524174,0.7455050508151031
25711,LOF,0.0284943654870229,0.1458545619166201,0.8256510725963568
25712,LOF,0.006946383586519267,0.3078915770617451,0.6851620393517357
25713,LOF,0.023161212209094537,0.1431051856667063,0.8337336021241991
25714,LOF,0.026762409269535048,0.17526401452006043,0.7979735762104044
25715,LOF,0.028404632682304747,0.15336249440039185,0.8182328729173033
25716,LOF,0.00914724948402116,0.16107772325280623,0.8297750272631725
25717,LOF,0.005239483527059637,0.18007353894362604,0.8146869775293143
25718,LOF,0.02390852141574939,0.11055252101350693,0.8655389575707436
25719,LOF,0.03474373426341331,0.12925386145654377,0.8360024042800429
25720,LOF,0.031684972282952674,0.12176287631724605,0.8465521513998012
25721,LOF,0.02927211140187502,0.11411881115671932,0.8566090774414057
25722,LOF,0.017728182051321005,0.16700435072477413,0.8152674672239049
25723,LOF,0.029390814040433824,0.10444742434480736,0.8661617616147589
25724,LOF,0.02506017133294968,0.19869834006251047,0.77624148860454
25725,LOF,0.03082265295542871,0.10201291095865982,0.8671644360859115
25726,LOF,0.019187855154504063,0.13842222051372585,0.8423899243317702
25727,LOF,0.025937482741492723,0.14253430474979012,0.8315282125087172
25728,LOF,0.02749837736716732,0.12949453545052803,0.8430070871823047
25729,LOF,0.026388247961740198,0.14335477047600567,0.8302569815622541
25730,LOF,0.02935776631097583,0.1014451952795016,0.8691970384095226
25731,LOF,0.01038114735852555,0.20920096494070645,0.780417887700768
25732,LOF,0.022614913134558472,0.10968286892783612,0.8677022179376054
25733,LOF,0.03607360159037106,0.11766903116455371,0.8462573672450753
25734,LOF,0.0064085632364133255,0.2954385275233459,0.6981529092402409
25735,LOF,0.0249849446230103,0.09661955737351013,0.8783954980034795
25736,LOF,0.022627996786357987,0.1511862032779727,0.8261857999356693
25737,LOF,0.05390707598571208,0.15182863930563908,0.7942642847086488
25738,LOF,0.025688937529599623,0.18333632238268496,0.7909747400877155
25739,LOF,0.02742016722770583,0.1585299157250498,0.8140499170472443
25740,LOF,0.03177195008043836,0.16893055569455556,0.7992974942250062
25741,LOF,0.03591835049437383,0.1520073793192873,0.8120742701863389
25742,LOF,0.046786799889357085,0.15128365468958038,0.8019295454210625
25743,LOF,0.012193239238244911,0.03134548154722283,0.9564612792145323
25744,LOF,0.21774566289572303,0.31774005911654407,0.46451427798773287
25745,LOF,0.05224123459686221,0.11052695009929636,0.8372318153038414
25746,LOF,0.017480448084117833,0.16373060124644842,0.8187889506694338
25747,LOF,0.040517732122893994,0.030105974266385945,0.92937629361072
25748,LOF,0.28256604957808445,0.059129500163004146,0.6583044502589115
25749,LOF,0.01559727833084173,0.08326983172388838,0.9011328899452699
25750,LOF,0.023302226910593297,0.08894798369312636,0.8877497893962802
25751,LOF,0.0408748117041789,0.049696387213209924,0.9094288010826111
25752,GOF,0.08949650769302418,0.7089431862466221,0.20156030606035372
25753,LOF,0.006192737237355059,0.4036087093256892,0.5901985534369557
25754,GOF,0.007820778404289944,0.8797988021813532,0.11238041941435684
25755,LOF,0.006055291592219209,0.4353732202809693,0.5585714881268116
25756,LOF,0.02779971686963585,0.44108317457335866,0.5311171085570054
25757,GOF,0.00856373821612136,0.8625534847325389,0.12888277705133966
25758,GOF,0.009472244940450633,0.8692665935794156,0.12126116148013373
25759,GOF,0.005731034836488459,0.6506092518717587,0.3436597132917529
25760,LOF,0.005245587574971926,0.35147916973067617,0.6432752426943518
25761,GOF,0.04888280043417609,0.8518045784994036,0.09931262106642008
25762,LOF,0.030667284915665595,0.37641235728015165,0.5929203578041827
25763,LOF,0.005601110856971705,0.3025649474531066,0.6918339416899216
25764,GOF,0.057414603188108614,0.6482055515152513,0.2943798452966401
25765,GOF,0.008105338405542936,0.8847746436022061,0.10712001799225103
25766,GOF,0.04969054289667434,0.821603796679117,0.1287056604242086
25767,GOF,0.017874007262285923,0.522254414909532,0.4598715778281821
25768,LOF,0.050656609129673846,0.056308268369730574,0.8930351225005957
25769,LOF,0.03253232704938398,0.07660954536684245,0.8908581275837735
25770,LOF,0.1357816309593216,0.06275658634289637,0.801461782697782
25771,LOF,0.016806068023901805,0.05802375041409687,0.9251701815620014
25772,LOF,0.028751888095788974,0.024904735932309467,0.9463433759719014
25773,LOF,0.019960901218907513,0.057212535230221545,0.9228265635508709
25774,LOF,0.024649182946962753,0.09586968785225901,0.8794811292007784
25775,LOF,0.0188431303030983,0.041713936787457086,0.9394429329094445
25776,LOF,0.030909551767762642,0.020643201563124266,0.9484472466691132
25777,LOF,0.12396018847527136,0.060631253586046846,0.8154085579386818
25778,LOF,0.02487825464142423,0.04715138015364529,0.9279703652049304
25779,GOF,0.0698366791932587,0.8768642462845652,0.05329907452217598
25780,GOF,0.0891253725349096,0.8627602731807887,0.04811435428430179
25781,GOF,0.038606062291383865,0.8644421914462393,0.09695174626237693
25782,GOF,0.04679456171298341,0.9028027906498465,0.05040264763717019
25783,GOF,0.04366176325825549,0.9140519855855864,0.042286251156158194
25784,GOF,0.12227242556013783,0.8350936960061514,0.04263387843371077
25785,GOF,0.11603081234268821,0.8510590075679738,0.03291018008933798
25786,GOF,0.012612668633134967,0.8791425220982911,0.10824480926857377
25787,GOF,0.23007460776068564,0.7283415184163303,0.04158387382298403
25788,LOF,0.018752167749136295,0.16378058275209034,0.8174672494987734
25789,GOF,0.02125272068563051,0.8529450140821963,0.12580226523217303
25790,GOF,0.03623074152814119,0.8735089812737787,0.09026027719808018
25791,GOF,0.029547494835627446,0.7808145901060525,0.1896379150583201
25792,GOF,0.035259046300885236,0.8143637662206725,0.15037718747844214
25793,GOF,0.06748712232327354,0.8361762474299381,0.09633663024678825
25794,GOF,0.04991189399836762,0.7761873119662628,0.17390079403536962
25795,GOF,0.06238643955264429,0.7353272522406137,0.20228630820674204
25796,GOF,0.11883853593546341,0.7941602177907638,0.08700124627377279
25797,GOF,0.08486638945805523,0.7272326212829818,0.18790098925896298
25798,GOF,0.007397989603782983,0.740165164099998,0.25243684629621904
25799,GOF,0.004556803434216186,0.6810832340032187,0.31435996256256515
25800,GOF,0.027645870676494443,0.8292668535527554,0.14308727577074998
25801,GOF,0.0242005738860034,0.8973082543241895,0.07849117178980727
25802,GOF,0.034251458236679716,0.8002127051164295,0.16553583664689062
25803,GOF,0.023512440600759438,0.7052452311333621,0.27124232826587846
25804,GOF,0.03583683003602065,0.7532291642378137,0.21093400572616555
25805,GOF,0.032438628348673455,0.7707346950122568,0.19682667663906966
25806,GOF,0.04363011288755424,0.7857561840647102,0.17061370304773565
25807,GOF,0.013609588358057282,0.7236547720586058,0.2627356395833369
25808,GOF,0.02688329797651813,0.7650836269999887,0.20803307502349327
25809,GOF,0.012071431211372184,0.6820260093068363,0.3059025594817915
25810,GOF,0.010762013398080373,0.6678170812523218,0.3214209053495978
25811,GOF,0.06434818299835986,0.8640422318864387,0.07160958511520134
25812,GOF,0.028922943950130224,0.786964354143238,0.18411270190663181
25813,GOF,0.1581831145410861,0.7684370854653422,0.07337979999357169
25814,GOF,0.03575568150785801,0.7849692330015272,0.1792750854906148
25815,GOF,0.06525429941651356,0.8339454136266363,0.10080028695685005
25816,GOF,0.010703140645083318,0.8500617865073709,0.13923507284754574
25817,GOF,0.11976971200503245,0.769030737744733,0.11119955025023463
25818,GOF,0.028364857869090106,0.7823622558136066,0.18927288631730332
25819,GOF,0.052414092132623734,0.7391605839351585,0.2084253239322179
25820,GOF,0.047355699050562604,0.6966105804513862,0.2560337204980512
25821,GOF,0.03370484333287976,0.7372260298094199,0.22906912685770048
25822,GOF,0.062101937555978544,0.7098956170148748,0.22800244542914674
25823,GOF,0.031009930044968815,0.7029732100391443,0.26601685991588686
25824,GOF,0.03639655259342939,0.774108734680546,0.1894947127260246
25825,GOF,0.027660010374518207,0.7599046825118524,0.21243530711362946
25826,GOF,0.012680838602263256,0.6973120453177439,0.29000711607999274
25827,GOF,0.01728301987017975,0.6755109230761386,0.3072060570536818
25828,GOF,0.013447434204993244,0.7124860081118533,0.27406655768315347
25829,GOF,0.004534762521699531,0.6556535595229362,0.3398116779553642
25830,GOF,0.044853407957108946,0.49302938976593047,0.4621172022769607
25831,GOF,0.0621802594243805,0.7898458542391236,0.14797388633649589
25832,GOF,0.010111364219153176,0.7287137249311264,0.2611749108497203
25833,GOF,0.03687901753425618,0.8072675776762177,0.1558534047895262
25834,GOF,0.010463736055867414,0.743301186324055,0.24623507762007774
25835,GOF,0.024642676063803923,0.8159225852255545,0.15943473871064173
25836,GOF,0.007598960435840425,0.721932362733885,0.27046867683027453
25837,GOF,0.010713452152277182,0.7477178075163254,0.24156874033139739
25838,GOF,0.028807949912426103,0.8211897770650445,0.15000227302252944
25839,GOF,0.06986228861735767,0.7924168331692615,0.13772087821338094
25840,GOF,0.09139361365636012,0.7675488532100532,0.14105753313358674
25841,GOF,0.09041414669275807,0.8003587437218748,0.10922710958536727
25842,GOF,0.03312826118389024,0.8598007340292919,0.10707100478681791
25843,GOF,0.03364337411939841,0.8678647594295323,0.09849186645106914
25844,GOF,0.023065204434816793,0.8119427689551674,0.16499202661001566
25845,GOF,0.006894234979928144,0.7159269348519175,0.2771788301681543
25846,GOF,0.0691827793256524,0.8245509793531149,0.1062662413212327
25847,GOF,0.02048857158698995,0.867671124918669,0.11184030349434101
25848,GOF,0.02810199672121342,0.8328301397698197,0.13906786350896688
25849,GOF,0.008165518627921153,0.7941917733492009,0.1976427080228778
25850,GOF,0.007732156962442067,0.6858837553844067,0.3063840876531513
25851,GOF,0.0071818420477996504,0.6431530235648537,0.34966513438734653
25852,GOF,0.1692919980117187,0.5325390195055816,0.2981689824826998
25853,GOF,0.0621953305856982,0.8094984141100926,0.1283062553042092
25854,GOF,0.006053500251967771,0.6694138770858821,0.32453262266215005
25855,GOF,0.02120646583652633,0.6713469038340505,0.3074466303294231
25856,GOF,0.04102331840069409,0.74217885216986,0.21679782942944598
25857,GOF,0.021279238161236582,0.6720271330339332,0.30669362880483025
25858,GOF,0.010854001790338935,0.6395845348583779,0.34956146335128324
25859,GOF,0.0077481078725351715,0.6100943137754866,0.3821575783519782
25860,GOF,0.07304970375487581,0.7635406198892997,0.1634096763558246
25861,GOF,0.11100122717078517,0.7735102034202648,0.1154885694089501
25862,GOF,0.02734001941406753,0.8805501754821844,0.09210980510374804
25863,GOF,0.023937433212934983,0.8728447141348196,0.10321785265224538
25864,GOF,0.06600255745734371,0.8657974147205942,0.06820002782206219
25865,GOF,0.05815586796746926,0.8348988587522457,0.10694527328028502
25866,GOF,0.028620097116168062,0.8619849691433139,0.10939493374051801
25867,GOF,0.04713592094602225,0.8550711685963264,0.0977929104576514
25868,GOF,0.07284418656797584,0.7988114158844918,0.1283443975475324
25869,GOF,0.35968019831384096,0.5353641122245301,0.10495568946162899
25870,GOF,0.07758932906351444,0.5163966799449304,0.406013990991555
25871,GOF,0.010678868910817702,0.8249477022185085,0.16437342887067366
25872,GOF,0.02491416361690473,0.7972903709574242,0.17779546542567096
25873,GOF,0.02344942065783746,0.855547766088128,0.12100281325403466
25874,LOF,0.0191528977781606,0.18061312269319937,0.8002339795286401
25875,LOF,0.03154146501421875,0.05124070066834772,0.9172178343174335
25876,LOF,0.02270818959339494,0.04352340118819798,0.933768409218407
25877,LOF,0.10813855467431191,0.09579783999401266,0.7960636053316755
25878,LOF,0.08862022208030752,0.11432858908383255,0.7970511888358599
25879,LOF,0.013526145045478999,0.08772243463302198,0.898751420321499
25880,LOF,0.07809443655292268,0.015268995593437541,0.9066365678536398
25881,Neutral,0.5540345509561657,0.10714827282683113,0.33881717621700314
25882,LOF,0.06783501923566787,0.035372130393129926,0.8967928503712022
25883,LOF,0.02889755126371129,0.036139440019368495,0.9349630087169203
25884,LOF,0.019844886009756965,0.05590536803043786,0.9242497459598051
25885,LOF,0.19397234823625506,0.017651731113346506,0.7883759206503984
25886,LOF,0.26983173835223195,0.06978931997478904,0.660378941672979
25887,LOF,0.09252698978986736,0.13894248191641737,0.7685305282937152
25888,LOF,0.007700959510747407,0.18246217091588712,0.8098368695733655
25889,LOF,0.02734006215257875,0.046703962407679094,0.9259559754397421
25890,LOF,0.1992000624343343,0.07250729591674965,0.728292641648916
25891,LOF,0.11266429817016818,0.030372431197139345,0.8569632706326924
25892,LOF,0.009011338531519893,0.03382705808253379,0.9571616033859464
25893,LOF,0.36054522015460433,0.009912976809176402,0.6295418030362192
25894,LOF,0.35538757183671804,0.007508456710228802,0.6371039714530532
25895,LOF,0.2856712813198472,0.014746756821272895,0.69958196185888
25896,LOF,0.07103524875247391,0.028503498798951286,0.9004612524485748
25897,LOF,0.12330837832839145,0.010537407853278898,0.8661542138183297
25898,LOF,0.11358807942150327,0.03275819948504929,0.8536537210934475
25899,LOF,0.3986802110762337,0.030687642878622887,0.5706321460451435
25900,LOF,0.47971826097238224,0.010116901829099011,0.5101648371985187
25901,LOF,0.08268810257592042,0.011543787655969273,0.9057681097681102
25902,LOF,0.08988617658290775,0.014168620529195307,0.8959452028878969
25903,LOF,0.22555042971463765,0.02585626323244036,0.7485933070529219
25904,Neutral,0.493900919580667,0.0409473696015583,0.4651517108177747
25905,LOF,0.006843594861651172,0.4326600463172066,0.5604963588211422
25906,LOF,0.009222591394456737,0.07572582428727596,0.9150515843182674
25907,LOF,0.008813306318438558,0.273851622932436,0.7173350707491255
25908,LOF,0.008938787553504265,0.284838297483185,0.7062229149633108
25909,LOF,0.03302099353816801,0.0990287228405706,0.8679502836212614
25910,LOF,0.013578248277095388,0.135076787103445,0.8513449646194596
25911,LOF,0.2048824491369043,0.02439796875516395,0.7707195821079318
25912,LOF,0.10101650439298802,0.02030990255933156,0.8786735930476803
25913,LOF,0.01876116964897986,0.03301043390068102,0.9482283964503391
25914,LOF,0.04486181970880519,0.024928633732415405,0.9302095465587794
25915,LOF,0.20008805196840254,0.09485363834854756,0.7050583096830499
25916,LOF,0.017426044763521564,0.0516015814545017,0.9309723737819766
25917,LOF,0.08187171944900734,0.024503832831238172,0.8936244477197544
25918,LOF,0.04216142541398825,0.013130968861890385,0.9447076057241215
25919,LOF,0.03754538060176908,0.013356174773461573,0.9490984446247694
25920,LOF,0.3619263133311338,0.25842893514151644,0.3796447515273498
25921,LOF,0.017705389023582256,0.020422002090669824,0.9618726088857479
25922,LOF,0.01626738431369242,0.021573177828471433,0.9621594378578362
25923,LOF,0.45950756566870027,0.01486743304056097,0.5256250012907389
25924,LOF,0.02705607844485625,0.026045791042045865,0.9468981305130979
25925,LOF,0.1021350925011014,0.029212388103180487,0.8686525193957181
25926,LOF,0.08825400428441166,0.01906303673875473,0.8926829589768337
25927,LOF,0.026434375683912614,0.049141059292663686,0.9244245650234236
25928,LOF,0.013535170645943466,0.02761933669734166,0.9588454926567148
25929,Neutral,0.5833975734206556,0.014388229310061795,0.4022141972692827
25930,LOF,0.0974990314259025,0.013397345806129205,0.8891036227679683
25931,LOF,0.015305824909138021,0.016555369915784074,0.9681388051750779
25932,LOF,0.08763839844716545,0.015812957358803018,0.8965486441940316
25933,LOF,0.09136125528979003,0.010382944840200524,0.8982557998700095
25934,LOF,0.08761825674947321,0.0086315591545907,0.903750184095936
25935,LOF,0.09762329496301383,0.02642438514980516,0.8759523198871809
25936,LOF,0.10835506502814445,0.009665739616153976,0.8819791953557016
25937,LOF,0.02285782105742327,0.014714569625423113,0.9624276093171535
25938,LOF,0.10259164357925925,0.024391003962834803,0.8730173524579059
25939,LOF,0.06872607142342617,0.012634063594984046,0.9186398649815897
25940,GOF,0.011546733732367838,0.5512093071550273,0.4372439591126049
25941,Neutral,0.48503677639376774,0.041800187241561225,0.4731630363646711
25942,LOF,0.009805891887688326,0.04836774883288559,0.941826359279426
25943,LOF,0.043445845224799995,0.2096884540939085,0.7468657006812915
25944,LOF,0.04434607487137418,0.08879255602193427,0.8668613691066915
25945,LOF,0.1588467439059057,0.02424270132950228,0.8169105547645921
25946,LOF,0.07095462033181345,0.03754586543692146,0.8914995142312651
25947,Neutral,0.4756265616093787,0.10640013312100968,0.41797330526961163
25948,LOF,0.37087411262670383,0.016785563179969588,0.6123403241933266
25949,LOF,0.1354412946423934,0.07827567740523231,0.7862830279523743
25950,GOF,0.12743788627930022,0.5746015279750246,0.2979605857456753
25951,LOF,0.012545420235303043,0.4301853606872065,0.5572692190774905
25952,LOF,0.1872157737385641,0.23289597108840318,0.5798882551730328
25953,LOF,0.008824129837099563,0.34689443569706996,0.6442814344658305
25954,GOF,0.09208692559304997,0.4716156367964333,0.4362974376105167
25955,LOF,0.011035752918751637,0.2509336561238314,0.738030590957417
25956,LOF,0.01039763236285176,0.3312658767695913,0.6583364908675571
25957,LOF,0.15511825084893874,0.03865873388608638,0.8062230152649749
25958,LOF,0.03466183286925549,0.060021971604350036,0.9053161955263945
25959,GOF,0.0071205695119175095,0.7517884821893045,0.24109094829877817
25960,LOF,0.0050439420925950966,0.13633061137912317,0.8586254465282817
25961,LOF,0.029771181678548513,0.0485471596972723,0.9216816586241792
25962,LOF,0.03540068070629954,0.07589161393674876,0.8887077053569518
25963,LOF,0.009049402239882404,0.12337765066654462,0.867572947093573
25964,LOF,0.04076250841721886,0.14321602820621068,0.8160214633765706
25965,LOF,0.20589447522464935,0.16923235141666504,0.6248731733586855
25966,LOF,0.34829337462010407,0.12979495560996038,0.5219116697699355
25967,LOF,0.006672214647888117,0.10644765373632825,0.8868801316157837
25968,LOF,0.04655236537606099,0.2617367390479711,0.691710895575968
25969,LOF,0.14446955351466942,0.07206391436907109,0.7834665321162595
25970,LOF,0.06542118142324116,0.06997258025848738,0.8646062383182714
25971,LOF,0.06361377256549562,0.03163065254342113,0.9047555748910833
25972,LOF,0.0781893383215638,0.05783658015186565,0.8639740815265705
25973,LOF,0.0573853205956938,0.014196412542446527,0.9284182668618596
25974,LOF,0.05711497893611725,0.04601589549276989,0.8968691255711129
25975,LOF,0.03736667455043688,0.019758409184204948,0.9428749162653581
25976,LOF,0.09479194439511669,0.014392827406268648,0.8908152281986146
25977,LOF,0.24141706473150013,0.053195554943220265,0.7053873803252796
25978,LOF,0.1617624168232489,0.12988302994341538,0.7083545532333357
25979,LOF,0.1339973488109787,0.1515385530822198,0.7144640981068014
25980,LOF,0.2088928141770016,0.19530357326326428,0.5958036125597341
25981,LOF,0.20989983027300685,0.19794756988840975,0.5921525998385834
25982,LOF,0.36743029157947893,0.11338558195880616,0.5191841264617149
25983,Neutral,0.4449955130511003,0.12129806328231671,0.4337064236665829
25984,LOF,0.06706590662986861,0.08427740135688264,0.8486566920132487
25985,Neutral,0.49705455719295777,0.1236090540155984,0.37933638879144377
25986,LOF,0.014460781697040579,0.4603414090048516,0.5251978092981079
25987,LOF,0.038871708028846125,0.09963439657671028,0.8614938953944437
25988,LOF,0.060205848826561,0.1450941335460513,0.7947000176273877
25989,LOF,0.07424304010254838,0.21099211363280368,0.714764846264648
25990,LOF,0.056377903404995725,0.3612049428943009,0.5824171537007033
25991,GOF,0.03525954318963188,0.5249659786121027,0.4397744781982654
25992,LOF,0.016599573403100334,0.4288869016188329,0.5545135249780668
25993,LOF,0.020761178236007632,0.06264509313296822,0.9165937286310242
25994,LOF,0.031903590947703876,0.06950482996364346,0.8985915790886526
25995,LOF,0.01973715424465225,0.12472164529142835,0.8555412004639193
25996,GOF,0.3812234127082877,0.4087233353856676,0.21005325190604474
25997,GOF,0.06339838895847796,0.48167141472687736,0.45493019631464476
25998,LOF,0.24323047004856113,0.041402618082084924,0.7153669118693541
25999,LOF,0.041184565074600346,0.13518245833278447,0.8236329765926151
26000,LOF,0.1439966471706173,0.0161388066881561,0.8398645461412266
26001,LOF,0.1724548375558942,0.023471164874764944,0.8040739975693408
26002,LOF,0.09654303405917405,0.027611311329835197,0.8758456546109907
26003,GOF,0.006810599750452517,0.6646689480522291,0.3285204521973184
26004,GOF,0.015211727466561197,0.6036386488839894,0.38114962364944943
26005,GOF,0.004872408557255066,0.49766705309027437,0.49746053835247067
26006,GOF,0.09862493748187613,0.5167806269146885,0.38459443560343537
26007,GOF,0.009953619391364979,0.5281360376255689,0.46191034298306605
26008,GOF,0.0069959086308907835,0.5878141496326084,0.4051899417365009
26009,GOF,0.012147230969821295,0.6254942931164763,0.36235847591370224
26010,GOF,0.008498704523054635,0.5901788409267459,0.4013224545501996
26011,LOF,0.004745724788879932,0.4036267434672545,0.5916275317438655
26012,GOF,0.005208885499079106,0.5319885596825215,0.46280255481839944
26013,GOF,0.011905225283511855,0.5742419167361927,0.41385285798029553
26014,LOF,0.03915676574472577,0.09105057640361154,0.8697926578516628
26015,LOF,0.3559404569054089,0.022362635576122506,0.6216969075184686
26016,LOF,0.2544342399688664,0.037758232020694206,0.7078075280104393
26017,LOF,0.014895810065146151,0.16823788657801564,0.8168663033568382
26018,LOF,0.028220483298937806,0.06766045199968226,0.90411906470138
26019,LOF,0.02773445031315734,0.06328419049427406,0.9089813591925687
26020,LOF,0.005931464087478421,0.19220189004567453,0.8018666458668471
26021,LOF,0.07811466837780924,0.08716091793066223,0.8347244136915286
26022,LOF,0.03768726582240692,0.03770955123252177,0.9246031829450714
26023,LOF,0.020677072138114354,0.04559405663403064,0.9337288712278551
26024,LOF,0.04226822228732551,0.0613011107616841,0.8964306669509904
26025,LOF,0.11712321311829248,0.0567127283355828,0.8261640585461248
26026,LOF,0.10513304310243982,0.0396965518386567,0.8551704050589035
26027,LOF,0.027384983947825153,0.028914543002615867,0.9437004730495591
26028,LOF,0.06783038965392159,0.15426385080873067,0.7779057595373478
26029,LOF,0.030523492808792296,0.17062391788190526,0.7988525893093026
26030,LOF,0.11412753025909347,0.024340424040535266,0.8615320457003712
26031,LOF,0.013526859184363065,0.15456099093111603,0.831912149884521
26032,LOF,0.03692917245501215,0.043783259944954196,0.9192875676000336
26033,LOF,0.03551373026301518,0.04275815214758552,0.9217281175893993
26034,LOF,0.019137301049306873,0.11544365684332825,0.8654190421073649
26035,LOF,0.012543976766535358,0.11967846162614969,0.8677775616073149
26036,LOF,0.01166143245729102,0.09957788101034078,0.8887606865323683
26037,LOF,0.011341201553073882,0.10602622200247282,0.8826325764444534
26038,LOF,0.030898500469962367,0.03884435379690608,0.9302571457331315
26039,LOF,0.03243209284226125,0.14071708425661686,0.826850822901122
26040,LOF,0.08705211641362316,0.11181726107116909,0.8011306225152077
26041,LOF,0.01340095802845725,0.10099986475730559,0.8855991772142372
26042,LOF,0.012548942539461025,0.10675277614129283,0.8806982813192461
26043,LOF,0.031030640976593533,0.06232101068325272,0.9066483483401538
26044,LOF,0.006514372490744788,0.04527531086959744,0.9482103166396577
26045,LOF,0.08318747160294644,0.18163393189059854,0.735178596506455
26046,LOF,0.0271605697345147,0.04152896031895401,0.9313104699465312
26047,LOF,0.0600209268887016,0.04193596120053748,0.8980431119107609
26048,LOF,0.07348175672813212,0.017584227205252226,0.9089340160666156
26049,Neutral,0.9454704087162018,0.006137654282123977,0.04839193700167411
26050,Neutral,0.9085115516436031,0.006644717356478614,0.0848437309999184
26051,LOF,0.03162348275375815,0.09409118084478847,0.8742853364014535
26052,LOF,0.030926757936996865,0.06989107238717858,0.8991821696758245
26053,LOF,0.020464862930894025,0.14558590456213824,0.8339492325069676
26054,LOF,0.04680899525772614,0.03849535516567962,0.9146956495765942
26055,LOF,0.06443874295599222,0.03411408095562799,0.9014471760883798
26056,LOF,0.05266077442043243,0.044076513443197275,0.9032627121363703
26057,LOF,0.05647084089599995,0.02355720944864763,0.9199719496553526
26058,LOF,0.06340356761531545,0.01880235057322566,0.9177940818114588
26059,LOF,0.21111475883013203,0.0338810564010414,0.7550041847688265
26060,LOF,0.013706212093958977,0.2012855541535726,0.7850082337524684
26061,LOF,0.010603740693324008,0.017585536441584126,0.9718107228650918
26062,LOF,0.005373514817974888,0.02406777144396009,0.970558713738065
26063,LOF,0.04615345655395898,0.016510529178428227,0.9373360142676128
26064,LOF,0.014377028045243134,0.02304554071285985,0.9625774312418971
26065,LOF,0.06021003604117443,0.02212985456243277,0.9176601093963928
26066,LOF,0.04622688324562487,0.017521929626057774,0.9362511871283172
26067,LOF,0.058211734303177075,0.015511536052253817,0.9262767296445691
26068,LOF,0.0493192588044974,0.04094051213501952,0.909740229060483
26069,LOF,0.20652087534713148,0.029012579817442225,0.7644665448354262
26070,LOF,0.43037217770903563,0.019907899793593344,0.549719922497371
26071,LOF,0.04735680706133988,0.017742020926905733,0.9349011720117544
26072,LOF,0.006276472433645705,0.025410993617440824,0.9683125339489136
26073,LOF,0.04263714582443478,0.01935413381376241,0.9380087203618027
26074,Neutral,0.7821783620969961,0.01488423892238971,0.2029373989806142
26075,LOF,0.043818933676814165,0.03226364817834619,0.9239174181448397
26076,LOF,0.04499691834940375,0.01728642602208307,0.9377166556285133
26077,LOF,0.14442049268510523,0.01370457182963747,0.8418749354852574
26078,LOF,0.006076519208336148,0.029730109747381602,0.9641933710442823
26079,LOF,0.05612705534092702,0.026587450284025486,0.9172854943750476
26080,LOF,0.054825928922447094,0.02664270933516328,0.9185313617423896
26081,LOF,0.04179983912551421,0.015193679057559199,0.9430064818169267
26082,LOF,0.006074011940177538,0.02318411206483269,0.9707418759949897
26083,LOF,0.11141136964295816,0.027402978678874205,0.8611856516781677
26084,LOF,0.12377650353429032,0.025879404133861226,0.8503440923318485
26085,LOF,0.11274335066558173,0.021344101633628317,0.86591254770079
26086,LOF,0.04203483475995696,0.021214555750426117,0.9367506094896171
26087,LOF,0.040669226555868944,0.018025706509222,0.9413050669349091
26088,LOF,0.006300408097655385,0.04076832189462438,0.9529312700077202
26089,LOF,0.03792588336436356,0.040009833716980386,0.922064282918656
26090,LOF,0.038527231562484554,0.031884984444667586,0.9295877839928479
26091,LOF,0.029360621362251097,0.01287622846882853,0.9577631501689202
26092,LOF,0.041409031927294684,0.014881642381218675,0.9437093256914866
26093,LOF,0.06316445903562314,0.00990400210156295,0.9269315388628139
26094,LOF,0.03525219827146216,0.011337835962680795,0.9534099657658569
26095,LOF,0.017863446056141416,0.0253626450436714,0.9567739089001871
26096,LOF,0.23026561496581394,0.00680594440306925,0.7629284406311169
26097,LOF,0.005923542867257731,0.058022434707119756,0.9360540224256224
26098,LOF,0.08964235421511778,0.02502626357135375,0.8853313822135284
26099,LOF,0.04426921168672285,0.03205646040299885,0.9236743279102784
26100,LOF,0.04426843241458021,0.03205589611225069,0.9236756714731691
26101,LOF,0.046140355538190264,0.048806529502610226,0.9050531149591995
26102,LOF,0.035705522036726056,0.024791505890247704,0.9395029720730264
26103,Neutral,0.8928836236599882,0.030462363060777962,0.07665401327923382
26104,LOF,0.0532364722745354,0.045004128518469216,0.9017593992069954
26105,LOF,0.2028348212943137,0.1292991205164081,0.6678660581892781
26106,LOF,0.278580587943925,0.045950982685189753,0.6754684293708852
26107,LOF,0.01386633936325711,0.058851030826224136,0.9272826298105188
26108,LOF,0.13958745483123502,0.052888113569616466,0.8075244315991484
26109,LOF,0.05792080008297231,0.03832073825268546,0.9037584616643421
26110,LOF,0.4134272695849273,0.016373007640802233,0.5701997227742704
26111,LOF,0.061736012700574806,0.11248577079735392,0.8257782165020712
26112,LOF,0.06077161937120277,0.013830363121883982,0.9253980175069133
26113,LOF,0.11791789414398798,0.03941648880050575,0.8426656170555062
26114,LOF,0.10085331095134921,0.00699601115999359,0.8921506778886572
26115,LOF,0.02051621664875146,0.045981214777960154,0.9335025685732884
26116,LOF,0.09001853933745761,0.018046808554393442,0.8919346521081489
26117,LOF,0.3564271768646452,0.03426121873110164,0.6093116044042532
26118,LOF,0.03393050247659436,0.016946299442238858,0.9491231980811667
26119,LOF,0.0055560327541358335,0.08628268731547743,0.9081612799303868
26120,LOF,0.031639112920310526,0.0159883633706866,0.9523725237090028
26121,LOF,0.003968737694906631,0.11620008375848916,0.8798311785466042
