feature0,prediction,LoGoFunc_Neutral,LoGoFunc_GOF,LoGoFunc_LOF
25546,Neutral,0.7749741161850473,0.025166797329502257,0.1998590864854504
25547,Neutral,0.6193880870634932,0.05296305773927385,0.3276488551972328
25548,Neutral,0.6105117026780479,0.040512830898870374,0.34897546642308175
25549,Neutral,0.5204359805858163,0.041678272527135775,0.4378857468870479
25550,LOF,0.34534682624255425,0.10222810184394078,0.552425071913505
25551,LOF,0.284524163543215,0.11679269717934701,0.598683139277438
25552,LOF,0.1816196353734932,0.12442050120578205,0.6939598634207247
25553,Neutral,0.8391210563160494,0.029481411710505303,0.13139753197344534
25554,LOF,0.226132648112179,0.1150700433319099,0.6587973085559111
25555,LOF,0.18101800311837316,0.09527365277044472,0.7237083441111821
25556,LOF,0.41461818992287214,0.09237783667386987,0.493003973403258
25557,LOF,0.17772144742902643,0.1066226968914622,0.7156558556795114
25558,LOF,0.22713892342543443,0.11742473118787011,0.6554363453866955
25559,LOF,0.38564649818049623,0.056388512240336086,0.5579649895791677
25560,LOF,0.06152262831691789,0.1893318585595005,0.7491455131235816
25561,LOF,0.11339378514381537,0.20944376234923753,0.6771624525069472
25562,LOF,0.10633133581774122,0.10937753562976844,0.7842911285524903
25563,LOF,0.1177014791852438,0.1097495195293622,0.772549001285394
25564,LOF,0.12940022144123753,0.2064172216431823,0.66418255691558
25565,LOF,0.11876720113841246,0.17907818025314257,0.702154618608445
25566,GOF,0.013523392047749586,0.7214658405766571,0.2650107673755934
25567,LOF,0.012939990461361519,0.1220592960099647,0.8650007135286738
25568,LOF,0.049360263784071316,0.055511549519604755,0.8951281866963239
25569,LOF,0.06239522155605778,0.05234421447476191,0.8852605639691803
25570,LOF,0.06932762922617769,0.08566105167116092,0.8450113191026615
25571,LOF,0.0643308389865636,0.07546861849249697,0.8602005425209394
25572,LOF,0.06813499047079354,0.11669270934231156,0.8151723001868949
25573,LOF,0.02950676522932908,0.07812288136953104,0.8923703534011399
25574,LOF,0.01774231107341962,0.1345145890991209,0.8477430998274595
25575,LOF,0.05556039178178809,0.08121931227053339,0.8632202959476786
25576,LOF,0.01876363074184181,0.09052947714780646,0.8907068921103517
25577,LOF,0.014836860603416406,0.12061051520020225,0.8645526241963815
25578,LOF,0.24140323182194223,0.07480930061502455,0.6837874675630332
25579,LOF,0.24323202254360018,0.07421667761849904,0.6825512998379007
25580,LOF,0.037271531915738274,0.07552647209685799,0.8872019959874037
25581,LOF,0.04971819332729597,0.05451012285138183,0.8957716838213221
25582,LOF,0.04970348508039353,0.05241678944296998,0.8978797254766364
25583,LOF,0.044448246848992554,0.07474375306895219,0.8808080000820553
25584,Neutral,0.47330632919942334,0.07043048656365902,0.4562631842369176
25585,LOF,0.034384164280431145,0.09552656711434163,0.8700892686052273
25586,LOF,0.04057986601649838,0.06963742406679055,0.8897827099167112
25587,LOF,0.03692248120554406,0.0634134993174972,0.8996640194769588
25588,LOF,0.039536169278583076,0.08184322777725381,0.8786206029441632
25589,Neutral,0.6221228574846333,0.0901679717301751,0.2877091707851916
25590,LOF,0.030042929589033884,0.10489355423226669,0.8650635161786995
25591,LOF,0.12211397138837057,0.04181957771993674,0.8360664508916926
25592,LOF,0.10798699821099153,0.1054207103233704,0.7865922914656381
25593,LOF,0.018424627207820576,0.2220295640995515,0.7595458086926279
25594,LOF,0.03719454642023336,0.16427220702517092,0.7985332465545957
25595,LOF,0.057230041456716625,0.13239881754167035,0.810371141001613
25596,LOF,0.06401789176739031,0.09775243350667397,0.8382296747259358
25597,LOF,0.06549083479528733,0.0761765843279689,0.8583325808767438
25598,LOF,0.04772278491004924,0.16894369144782015,0.7833335236421306
25599,GOF,0.007311987256223556,0.6823076534752871,0.31038035926848934
25600,GOF,0.008209377578420659,0.5830569253228282,0.4087336970987512
25601,LOF,0.0068285813492995435,0.4325870744575692,0.5605843441931312
25602,LOF,0.02023880189489931,0.06644444062597776,0.913316757479123
25603,LOF,0.037452592734880046,0.02761389621696812,0.9349335110481519
25604,LOF,0.0488453992614458,0.05151472340435973,0.8996398773341945
25605,LOF,0.010324283277887357,0.21742113039681876,0.7722545863252939
25606,LOF,0.06250808291234078,0.43447648207805684,0.5030154350096023
25607,LOF,0.004252628773084141,0.13894038732360445,0.8568069839033114
25608,LOF,0.06502172940576544,0.0589662817685155,0.876011988825719
25609,LOF,0.05921443875160605,0.36939678733727904,0.5713887739111149
25610,LOF,0.04824454448714125,0.03396799559622951,0.9177874599166291
25611,LOF,0.057992458053973114,0.028214491527938926,0.9137930504180879
25612,LOF,0.12791368428448424,0.050343930454880434,0.8217423852606354
25613,LOF,0.10392191149451215,0.03958766531331652,0.8564904231921713
25614,LOF,0.042157207728415594,0.03954090106308058,0.9183018912085039
25615,LOF,0.05961573398620084,0.041151721312732294,0.8992325447010668
25616,LOF,0.04224893403278031,0.04032975201541402,0.9174213139518056
25617,LOF,0.0431766276145658,0.04284704664189885,0.9139763257435354
25618,LOF,0.27443283506788396,0.04150252757659706,0.6840646373555189
25619,LOF,0.0392900866107503,0.03685749512879242,0.9238524182604573
25620,LOF,0.04294192388214871,0.04864423898890874,0.9084138371289425
25621,LOF,0.041133346846294806,0.030625148301999326,0.9282415048517059
25622,LOF,0.03472813052977471,0.04847954856959393,0.9167923209006313
25623,LOF,0.0715825788562584,0.03672514396976142,0.8916922771739801
25624,LOF,0.033050518310883376,0.04842079079651333,0.9185286908926034
25625,LOF,0.042068431916371316,0.05465825304791349,0.9032733150357152
25626,LOF,0.09136139907542622,0.03362112070825805,0.8750174802163158
25627,Neutral,0.5772544224452251,0.0983889142759228,0.3243566632788521
25628,LOF,0.20268413775596908,0.0511421024081081,0.7461737598359228
25629,LOF,0.09599547211885114,0.11874482939752505,0.7852596984836239
25630,LOF,0.1990659354461442,0.08952053557011735,0.7114135289837384
25631,Neutral,0.6071235332055563,0.05629654791333516,0.33657991888110844
25632,LOF,0.02037950877229874,0.08791039897645757,0.8917100922512436
25633,LOF,0.22418431506234046,0.09491918352732895,0.6808965014103306
25634,LOF,0.03647720981177307,0.10142843572282975,0.8620943544653972
25635,LOF,0.03465880142365108,0.10618510062669492,0.859156097949654
25636,GOF,0.006549850099346436,0.716110056601745,0.2773400932989086
25637,GOF,0.0048439968780830235,0.5793790100051077,0.41577699311680916
25638,GOF,0.009119889196176291,0.5126259723290539,0.47825413847476983
25639,LOF,0.005185589180600616,0.49319937024579436,0.5016150405736051
25640,GOF,0.3669433455751488,0.5877388220814126,0.04531783234343861
25641,LOF,0.005965639166699909,0.3314460250188637,0.6625883358144363
25642,LOF,0.25547256121426,0.1069764068070997,0.6375510319786402
25643,LOF,0.24433007914534055,0.2989861940315785,0.45668372682308106
25644,GOF,0.027456474689707546,0.6595470801776755,0.3129964451326171
25645,GOF,0.020019034388255315,0.6241032435334944,0.35587772207825025
25646,LOF,0.021002765186982887,0.4433364938369761,0.535660740976041
25647,LOF,0.016423646270971093,0.315815004269327,0.6677613494597019
25648,LOF,0.01467787498694404,0.3771378728258477,0.6081842521872083
25649,LOF,0.014080263725241913,0.25273952403834343,0.7331802122364147
25650,GOF,0.04173201486173233,0.5877533738436936,0.370514611294574
25651,LOF,0.012186699761205013,0.29016796971260084,0.6976453305261943
25652,LOF,0.0199153217157456,0.389953226022021,0.5901314522622334
25653,GOF,0.09732617595661763,0.5788378832780066,0.323835940765376
25654,LOF,0.014770173506821629,0.37631240400195065,0.6089174224912278
25655,GOF,0.131950720181817,0.5249210384277727,0.34312824139041015
25656,LOF,0.05443399485346109,0.09244566914225677,0.8531203360042822
25657,LOF,0.29102989995262046,0.04410046444665774,0.6648696356007219
25658,LOF,0.02877327475477141,0.19995488796690397,0.7712718372783246
25659,LOF,0.20106188243887174,0.09546132911830758,0.7034767884428207
25660,LOF,0.09858581225857678,0.1054907815655479,0.7959234061758753
25661,LOF,0.08568353221352856,0.07522604738384374,0.8390904204026278
25662,LOF,0.03546733010812616,0.05867946185530106,0.9058532080365728
25663,LOF,0.0416731958522191,0.09871704109148904,0.8596097630562919
25664,LOF,0.031362320777673605,0.14838270316536542,0.820254976056961
25665,LOF,0.04665792140641508,0.06469457369594916,0.8886475048976358
25666,LOF,0.04294895299931572,0.1838503847716076,0.7732006622290768
25667,LOF,0.03732671833857807,0.05717040337548951,0.9055028782859323
25668,LOF,0.04612567790716535,0.06061296738127988,0.8932613547115547
25669,LOF,0.05446549010040893,0.08965068040212722,0.8558838294974638
25670,LOF,0.11915755458868608,0.11626534208337774,0.7645771033279362
25671,LOF,0.04724436521139715,0.05172984091442315,0.9010257938741797
25672,LOF,0.046376022216899064,0.07904501607249882,0.8745789617106021
25673,LOF,0.035771868773770636,0.08248641611717382,0.8817417151090555
25674,LOF,0.026146499317151968,0.09818770044101857,0.8756658002418295
25675,LOF,0.03477623199569688,0.08567614907430768,0.8795476189299953
25676,LOF,0.03296600283496093,0.07128115559401273,0.8957528415710263
25677,LOF,0.0888635181908452,0.06782148666644625,0.8433149951427085
25678,LOF,0.1609231877694812,0.054033215137195265,0.7850435970933235
25679,LOF,0.11281491501407048,0.08051534152821122,0.8066697434577182
25680,LOF,0.08317471862072626,0.10034127709441054,0.8164840042848632
25681,LOF,0.09981382245354181,0.09016671611162526,0.8100194614348329
25682,LOF,0.05154352414432549,0.07290380074872883,0.8755526751069456
25683,LOF,0.0774380204600179,0.10665775517792717,0.815904224362055
25684,LOF,0.06631258909511972,0.07531270558739005,0.8583747053174903
25685,LOF,0.11868519924388586,0.053680670462867605,0.8276341302932465
25686,LOF,0.03500515401506726,0.12648525186682888,0.8385095941181039
25687,LOF,0.057866821107615166,0.11397870635981829,0.8281544725325667
25688,LOF,0.019231325482511587,0.06277069456107003,0.9179979799564184
25689,LOF,0.016854190495907338,0.04443767491466344,0.9387081345894294
25690,LOF,0.015541511411604227,0.04754426607522444,0.9369142225131712
25691,LOF,0.11585519871373222,0.06888740375681308,0.8152573975294546
25692,LOF,0.17265962621655864,0.01109475483345141,0.8162456189499899
25693,LOF,0.045941375649074835,0.15568145848711953,0.7983771658638056
25694,LOF,0.2639135570793735,0.012916907221732863,0.7231695356988936
25695,LOF,0.20228165209246088,0.022989967379565237,0.774728380527974
25696,LOF,0.15375944161127908,0.017876648045099187,0.8283639103436219
25697,LOF,0.12381844248559051,0.038686617265010735,0.8374949402493987
25698,LOF,0.02196953032006171,0.3100475534679488,0.6679829162119894
25699,LOF,0.08509948886161645,0.10041505222201384,0.8144854589163697
25700,LOF,0.035623196509818864,0.020952476105962282,0.9434243273842188
25701,LOF,0.015461811304951964,0.11216630398127682,0.8723718847137713
25702,GOF,0.021479189889640798,0.7553809195789821,0.22313989053137714
25703,LOF,0.01704871066928945,0.25025416978801535,0.7326971195426952
25704,LOF,0.09698383750601705,0.2165180435538939,0.686498118940089
25705,LOF,0.08664665756960215,0.30075497529490225,0.6125983671354955
25706,GOF,0.0209674328260109,0.6988706197060673,0.2801619474679218
25707,GOF,0.02994801605231436,0.6382220318784344,0.33182995206925114
25708,GOF,0.009547401247559699,0.6267979887874907,0.36365460996494964
25709,LOF,0.02849217451106893,0.10184901536797096,0.8696588101209601
25710,LOF,0.005295622766167595,0.26025196579062526,0.734452411443207
25711,LOF,0.029537505144251113,0.16621706333380393,0.8042454315219449
25712,LOF,0.007006763821887775,0.3165013410258266,0.6764918951522857
25713,LOF,0.02443808350461853,0.13785072873321133,0.8377111877621701
25714,LOF,0.026695079137831198,0.18757679558086318,0.7857281252813056
25715,LOF,0.029463501234809793,0.16071273039463183,0.8098237683705585
25716,LOF,0.008207663790660675,0.2414021279471411,0.7503902082621982
25717,LOF,0.006056476047036828,0.24371525807387556,0.7502282658790876
25718,LOF,0.027026817896829154,0.12209017597424691,0.8508830061289239
25719,LOF,0.03549481646849392,0.1524484164314663,0.8120567671000397
25720,LOF,0.03725896376755705,0.13956145289146277,0.8231795833409802
25721,LOF,0.030559770361209562,0.13327133889013557,0.836168890748655
25722,LOF,0.019165196403789275,0.16908106717548627,0.8117537364207243
25723,LOF,0.030092220622262876,0.13778372771530173,0.8321240516624354
25724,LOF,0.02774836552604884,0.23779621542019966,0.7344554190537514
25725,LOF,0.029401222140074793,0.12456242538230941,0.8460363524776159
25726,LOF,0.021436459605481423,0.1560220328037663,0.8225415075907522
25727,LOF,0.0279571377304641,0.15752386717143904,0.8145189950980969
25728,LOF,0.026917438929617083,0.15194652930888994,0.821136031761493
25729,LOF,0.027002745079126166,0.17470707253651882,0.7982901823843551
25730,LOF,0.03117477455310158,0.11957310949997599,0.8492521159469224
25731,LOF,0.009734821638483741,0.26394766033231476,0.7263175180292015
25732,LOF,0.02236189806340306,0.13935962082300363,0.8382784811135933
25733,LOF,0.03788975510748042,0.14240947721554173,0.8197007676769779
25734,LOF,0.006688721958975276,0.36319897969560877,0.630112298345416
25735,LOF,0.02513959327836726,0.12327012156478843,0.8515902851568444
25736,LOF,0.023761679976350134,0.20470670499118915,0.7715316150324607
25737,LOF,0.06011957627680052,0.17812746484650985,0.7617529588766896
25738,LOF,0.025699939220335775,0.2044658548936512,0.769834205886013
25739,LOF,0.03008825048197147,0.14332847816619168,0.8265832713518368
25740,LOF,0.03328450658241408,0.175613832926274,0.7911016604913118
25741,LOF,0.036795202736732126,0.15741716038149595,0.805787636881772
25742,LOF,0.05298658746096072,0.16120832376930946,0.7858050887697299
25743,LOF,0.010393571132262623,0.022520597070520006,0.9670858317972173
25744,LOF,0.23324445134551042,0.2150005913250812,0.5517549573294084
25745,LOF,0.03770929778558194,0.06359703684899438,0.8986936653654236
25746,LOF,0.014649784943292258,0.087173405823166,0.8981768092335417
25747,LOF,0.038603461205352164,0.02401449421420618,0.9373820445804417
25748,LOF,0.2650524016905525,0.045021378188602725,0.6899262201208448
25749,LOF,0.01632811168013323,0.058901027910649356,0.9247708604092175
25750,LOF,0.021611281544938177,0.05976811412807464,0.9186206043269871
25751,LOF,0.03896145145252893,0.03798049671564969,0.9230580518318213
25752,GOF,0.06886480902307088,0.7285045514834544,0.20263063949347468
25753,LOF,0.006755939187102741,0.49225628320391124,0.500987777608986
25754,GOF,0.007148574855282599,0.8978853850580171,0.09496604008670043
25755,GOF,0.006130158526800611,0.5042223846056534,0.489647456867546
25756,GOF,0.02466907324401578,0.4968496639886669,0.4784812627673174
25757,GOF,0.007519653225012502,0.8803698677000107,0.11211047907497676
25758,GOF,0.008521012609523648,0.8974045097015961,0.09407447768888022
25759,GOF,0.005545303866147103,0.6941445023267174,0.30031019380713553
25760,LOF,0.005538448751540549,0.3821303514189503,0.6123311998295091
25761,GOF,0.04807192184064229,0.8793172030765924,0.07261087508276522
25762,LOF,0.028793502371779817,0.43091412090018294,0.5402923767280373
25763,LOF,0.0055843735430591524,0.34456696952516214,0.6498486569317787
25764,GOF,0.055116021013112325,0.7044662264367443,0.24041775255014342
25765,GOF,0.007543522632788969,0.8979787536119931,0.09447772375521798
25766,GOF,0.04423816154862725,0.8515742160163439,0.10418762243502885
25767,GOF,0.017370491201930797,0.5907640249631555,0.3918654838349136
25768,LOF,0.05438048926995936,0.05802322735369276,0.887596283376348
25769,LOF,0.03969358657906656,0.06813088200741152,0.892175531413522
25770,LOF,0.2196972677374831,0.08156269620216834,0.6987400360603486
25771,LOF,0.018299527642866992,0.06702055535033641,0.9146799170067966
25772,LOF,0.03258051879470548,0.028833949703924368,0.9385855315013701
25773,LOF,0.021097265884397618,0.07086897155027128,0.9080337625653311
25774,LOF,0.027823312172005125,0.14992823023537682,0.822248457592618
25775,LOF,0.020213002057435737,0.04688091196793825,0.9329060859746261
25776,LOF,0.030879042817421577,0.02031090199915009,0.9488100551834283
25777,LOF,0.30406113330747664,0.09148798353861311,0.6044508831539103
25778,LOF,0.02843318077039994,0.05119183948418672,0.9203749797454134
25779,GOF,0.07549330726400484,0.8486427920886757,0.07586390064731967
25780,GOF,0.08842517714176733,0.8463574345267924,0.06521738833144024
25781,GOF,0.03755041134753686,0.8240118111487346,0.13843777750372863
25782,GOF,0.04895157883189854,0.8745224377307926,0.07652598343730885
25783,GOF,0.041658471732220176,0.8940633090658399,0.06427821920193999
25784,GOF,0.1369216377781101,0.814445774988455,0.04863258723343479
25785,GOF,0.16554056974825937,0.7915180010407862,0.04294142921095461
25786,GOF,0.013538867885545279,0.8415758802387848,0.14488525187566995
25787,GOF,0.2873683824275593,0.6604524205576484,0.05217919701479234
25788,LOF,0.02019404923443614,0.17281690442283495,0.8069890463427289
25789,GOF,0.02369970664789812,0.808202768163877,0.16809752518822485
25790,GOF,0.03914422377105479,0.8638895598709826,0.09696621635796275
25791,GOF,0.0394484478649462,0.6668126297460472,0.29373892238900656
25792,GOF,0.04681304806053588,0.7220767394834243,0.23111021245603983
25793,GOF,0.0596620773304013,0.8064254846814058,0.13391243798819288
25794,GOF,0.06467717514389291,0.6965712846832892,0.23875154017281797
25795,GOF,0.07186349568111074,0.7107343293014615,0.2174021750174278
25796,GOF,0.1461712956649465,0.752071117551785,0.10175758678326861
25797,GOF,0.11549276178944314,0.6955843826633737,0.18892285554718313
25798,GOF,0.00806885790806485,0.7456635004631011,0.24626764162883405
25799,GOF,0.005142101730042776,0.6532248675971013,0.34163303067285583
25800,GOF,0.03209863769877502,0.8016127096629105,0.16628865263831452
25801,GOF,0.030507434104057082,0.8740854469096104,0.09540711898633249
25802,GOF,0.0350772560559127,0.7498890141891917,0.21503372975489546
25803,GOF,0.027086768250229657,0.6838473997772675,0.28906583197250285
25804,GOF,0.04406183587594232,0.7341844149855037,0.22175374913855403
25805,GOF,0.039079775907980854,0.7671486089006339,0.1937716151913854
25806,GOF,0.05179594797660002,0.7764929640916428,0.17171108793175716
25807,GOF,0.017483195839940558,0.7248455525558999,0.2576712516041595
25808,GOF,0.03221336575282062,0.746651628064017,0.2211350061831624
25809,GOF,0.013697225238951576,0.658583728846652,0.32771904591439643
25810,GOF,0.011915708815015514,0.6404360363958594,0.3476482547891251
25811,GOF,0.062095544950961847,0.8441721716193848,0.0937322834296533
25812,GOF,0.039415600477764164,0.7288155789026761,0.2317688206195596
25813,GOF,0.20195552981216477,0.7070486814986664,0.09099578868916879
25814,GOF,0.038511975277977985,0.7240002999758367,0.23748772474618535
25815,GOF,0.06776660410865701,0.7856909107637187,0.14654248512762433
25816,GOF,0.011545588249091581,0.8385953280298074,0.14985908372110113
25817,GOF,0.13514352186583914,0.723230957942208,0.14162552019195288
25818,GOF,0.03653337145167772,0.7340931531770656,0.2293734753712567
25819,GOF,0.06406442743812976,0.7130560137648542,0.22287955879701604
25820,GOF,0.06684404446042365,0.6757524035224906,0.2574035520170857
25821,GOF,0.04577365867781701,0.723495500817893,0.23073084050428994
25822,GOF,0.0811337627761773,0.6898736800447705,0.22899255717905226
25823,GOF,0.04159956766294027,0.6539936529929334,0.30440677934412624
25824,GOF,0.0446365108079936,0.6914601565335283,0.2639033326584781
25825,GOF,0.03546353079401094,0.6810198295923047,0.2835166396136843
25826,GOF,0.014905323907771608,0.6431956792603145,0.3418989968319139
25827,GOF,0.019576940946526164,0.6567915528913116,0.32363150616216224
25828,GOF,0.015708476239740907,0.695371448823852,0.28892007493640715
25829,GOF,0.005184185481855764,0.6228321334097314,0.3719836811084127
25830,GOF,0.04477434285046142,0.4895318990959689,0.46569375805356966
25831,GOF,0.08922781414963621,0.7812085552961762,0.12956363055418765
25832,GOF,0.012248766764646037,0.6700113884654332,0.31773984476992084
25833,GOF,0.049032297202803485,0.7537396128124987,0.19722808998469782
25834,GOF,0.012600368706246525,0.6934529527283689,0.29394667856538464
25835,GOF,0.029636065215599576,0.7815185428926714,0.18884539189172891
25836,GOF,0.008867843975884292,0.6935957154575293,0.29753644056658635
25837,GOF,0.00973536664795606,0.7010007037315759,0.28926392962046815
25838,GOF,0.025572921840266855,0.7791472462263793,0.19527983193335396
25839,GOF,0.07458182424679796,0.7481112501866415,0.17730692556656058
25840,GOF,0.09949181787074785,0.7328824095952946,0.1676257725339576
25841,GOF,0.09761462042783323,0.7703500593224102,0.1320353202497566
25842,GOF,0.03401006659667207,0.8479742497332022,0.11801568367012567
25843,GOF,0.03276280940285041,0.8523021549175768,0.11493503567957293
25844,GOF,0.02613507281092034,0.7789537782633893,0.19491114892569045
25845,GOF,0.007626264377156791,0.6749247856031357,0.3174489500197076
25846,GOF,0.08798897569828544,0.8156085136992728,0.09640251060244175
25847,GOF,0.01931392876307672,0.8523702865026547,0.12831578473426863
25848,GOF,0.03045852786954932,0.7693774206011802,0.20016405152927047
25849,GOF,0.008734985320697743,0.7316777604713833,0.2595872542079189
25850,GOF,0.00816055971296182,0.6439895437907842,0.347849896496254
25851,GOF,0.007579306899633185,0.5903863439211475,0.4020343491792193
25852,GOF,0.16496074890291346,0.5301758279552424,0.3048634231418441
25853,GOF,0.07308087560638261,0.7165989034070995,0.21032022098651784
25854,GOF,0.007216718102217551,0.6620565809405604,0.330726700957222
25855,GOF,0.02526704585693766,0.6407002240216684,0.33403273012139395
25856,GOF,0.05285042646988295,0.7111279125557732,0.2360216609743437
25857,GOF,0.025424121545617864,0.6408756918486519,0.33370018660573025
25858,GOF,0.010570588250514065,0.5979317751003776,0.3914976366491084
25859,GOF,0.007819152666673598,0.5791488892663332,0.41303195806699317
25860,GOF,0.1112906126999573,0.7294183432611036,0.15929104403893904
25861,GOF,0.14056332241061828,0.7590006377292975,0.10043603986008438
25862,GOF,0.02913440904834248,0.8609649305260183,0.10990066042563915
25863,GOF,0.025252722528652946,0.8527154348804056,0.12203184259094153
25864,GOF,0.0682118595339006,0.8410517606111051,0.09073637985499428
25865,GOF,0.05550122153763927,0.8148520602270797,0.129646718235281
25866,GOF,0.02566436875000737,0.8036924314845757,0.17064319976541711
25867,GOF,0.04544532580497446,0.8157920535237352,0.1387626206712905
25868,GOF,0.0782912871141767,0.7553979106545526,0.16631080223127065
25869,GOF,0.38069235375291965,0.5115394037867075,0.10776824246037281
25870,GOF,0.07444429690339358,0.5056642109459316,0.41989149215067484
25871,GOF,0.01051862349950634,0.7813130677745341,0.20816830872595937
25872,GOF,0.02867713678164043,0.7916149076513304,0.17970795556702915
25873,GOF,0.026162599505365525,0.8536216565892827,0.12021574390535186
25874,LOF,0.020445554229074563,0.19106351254143716,0.7884909332294883
25875,LOF,0.022835786767910666,0.1238364402229284,0.8533277730091609
25876,LOF,0.01943528557380875,0.06203939351242055,0.9185253209137707
25877,LOF,0.09958204112245135,0.2259456050861566,0.674472353791392
25878,LOF,0.0621527129066061,0.2873826169869155,0.6504646701064785
25879,LOF,0.011264549688434898,0.19414250545831271,0.7945929448532524
25880,LOF,0.06458965565952625,0.02269589796767547,0.9127144463727982
25881,Neutral,0.5643775809226846,0.0873502632871235,0.3482721557901919
25882,LOF,0.0648474237374876,0.02594104781327586,0.9092115284492365
25883,LOF,0.030358786184679482,0.027930749701835275,0.9417104641134851
25884,LOF,0.02037652334957053,0.040098063840163685,0.9395254128102657
25885,LOF,0.17317967848578117,0.013807932022805289,0.8130123894914136
25886,LOF,0.23699427195723685,0.05931763354524686,0.7036880944975162
25887,LOF,0.09141516044005693,0.1341196440117519,0.7744651955481913
25888,LOF,0.008409400446538807,0.1946386246278117,0.7969519749256495
25889,LOF,0.027450268313335184,0.036253739055985515,0.9362959926306793
25890,LOF,0.18865062357485765,0.05594384036287552,0.7554055360622668
25891,LOF,0.10514907761444492,0.032666613011001634,0.8621843093745534
25892,LOF,0.009044171171192038,0.03536646578419528,0.9555893630446126
25893,LOF,0.3049323675818453,0.01099717044773186,0.6840704619704229
25894,LOF,0.3326153819487836,0.007350206767083567,0.6600344112841329
25895,LOF,0.27553794395878883,0.014768214881104863,0.7096938411601063
25896,LOF,0.08558540332380363,0.0283267756927828,0.8860878209834135
25897,LOF,0.12433365775648772,0.011633198084550956,0.8640331441589613
25898,LOF,0.12829015574117256,0.032301666825086436,0.839408177433741
25899,LOF,0.41669992552650603,0.03944065426766329,0.5438594202058308
25900,Neutral,0.6598456688548929,0.013518769227255707,0.3266355619178514
25901,LOF,0.11545318569080128,0.014319806588451556,0.8702270077207471
25902,LOF,0.10366009330833308,0.01643145044256244,0.8799084562491045
25903,LOF,0.19342040278501313,0.03140505612623957,0.7751745410887473
25904,Neutral,0.563988855744194,0.043611152610777505,0.39239999164502853
25905,LOF,0.007232586966711596,0.41347279960541794,0.5792946134278706
25906,LOF,0.008251275706726227,0.07049684121447909,0.9212518830787948
25907,LOF,0.008533736632221914,0.2550794346859157,0.7363868286818623
25908,LOF,0.008254333772605241,0.256015185741383,0.7357304804860119
25909,LOF,0.031900670855863796,0.10263850110280077,0.8654608280413355
25910,LOF,0.01256068834626181,0.17713216000724316,0.810307151646495
25911,LOF,0.17988797993652272,0.026248362221098616,0.7938636578423786
25912,LOF,0.11135453136090663,0.02080024537688343,0.8678452232622099
25913,LOF,0.01961138407167141,0.028381385589053818,0.9520072303392747
25914,LOF,0.041688388945563176,0.02970887774471733,0.9286027333097194
25915,LOF,0.16531530429289665,0.23111769696418324,0.6035669987429201
25916,LOF,0.013107458793814116,0.10777792278698188,0.879114618419204
25917,LOF,0.06863481862627625,0.02869766019761333,0.9026675211761104
25918,LOF,0.04131979775197417,0.016648133048499828,0.942032069199526
25919,LOF,0.03277063353658414,0.017932574425523023,0.949296792037893
25920,LOF,0.33392665226383245,0.19509419325792493,0.4709791544782427
25921,LOF,0.01968880189839289,0.017959818935255365,0.9623513791663517
25922,LOF,0.019285890519261155,0.01961708415337615,0.9610970253273627
25923,LOF,0.45769531263391705,0.014205773987346368,0.5280989133787366
25924,LOF,0.030605043668992877,0.02251161079701827,0.9468833455339888
25925,LOF,0.11315478257769697,0.03128740773256466,0.8555578096897384
25926,LOF,0.09660948067197969,0.023561281338985676,0.8798292379890346
25927,LOF,0.02840873558179717,0.03138154794445791,0.9402097164737448
25928,LOF,0.014832750990032898,0.018155031318205485,0.9670122176917616
25929,Neutral,0.6033442742402539,0.013868232431991244,0.3827874933277549
25930,LOF,0.11061352732696468,0.013282896207302509,0.8761035764657328
25931,LOF,0.01609553874012117,0.014879405051900768,0.9690250562079781
25932,LOF,0.0939317510266472,0.013409990702663003,0.8926582582706898
25933,LOF,0.10277686025609109,0.009648653365060714,0.8875744863788482
25934,LOF,0.0938607249648186,0.00901981390685734,0.8971194611283242
25935,LOF,0.11358431368252944,0.025404764299689908,0.8610109220177806
25936,LOF,0.09988826537342675,0.009012186391044027,0.8910995482355292
25937,LOF,0.022940784963670267,0.016269950801281158,0.9607892642350485
25938,LOF,0.11200256435253604,0.023140065086572615,0.8648573705608913
25939,LOF,0.06447514478118083,0.012366129994808451,0.9231587252240108
25940,GOF,0.010156851193747332,0.6115726561888611,0.3782704926173915
25941,Neutral,0.5140783356256781,0.04029626579628612,0.4456253985780359
25942,LOF,0.011309825598766506,0.04574694077203793,0.9429432336291955
25943,LOF,0.05761412290660716,0.17661738861488221,0.7657684884785106
25944,LOF,0.058821691801697565,0.11337499087126134,0.8278033173270412
25945,LOF,0.20417724297091933,0.026247241867691912,0.7695755151613888
25946,LOF,0.07174317923055618,0.04207226556567351,0.8861845552037703
25947,Neutral,0.5066843396236415,0.14215339674424615,0.35116226363211234
25948,LOF,0.3710120734641572,0.012542268920346237,0.6164456576154965
25949,LOF,0.14046495111596038,0.05743038474372277,0.8021046641403168
25950,GOF,0.10188397321123785,0.631435949440532,0.26668007734823007
25951,LOF,0.011967630316009623,0.4415554659090015,0.5464769037749889
25952,LOF,0.15145769697929126,0.2763894492370331,0.5721528537836756
25953,LOF,0.0071368129146585305,0.2944766124343252,0.6983865746510162
25954,GOF,0.06812017377371997,0.46811369622588367,0.46376613000039635
25955,LOF,0.009389023206195462,0.30111575501554977,0.6894952217782547
25956,LOF,0.011841799041536061,0.3947661983723594,0.5933920025861046
25957,LOF,0.17093060310354286,0.04655003650056421,0.782519360395893
25958,LOF,0.03168639270613022,0.06297514401467587,0.9053384632791939
25959,GOF,0.006641541605607855,0.7337049929630542,0.25965346543133794
25960,LOF,0.004930286692638469,0.12127223206725335,0.8737974812401081
25961,LOF,0.026907219875664183,0.0495181031224432,0.9235746770018926
25962,LOF,0.03135056717172783,0.10033362972718983,0.8683158031010823
25963,LOF,0.00904223984526827,0.15212824086272667,0.838829519292005
25964,LOF,0.048464790546909636,0.10842499192084729,0.843110217532243
25965,LOF,0.16568816177403475,0.18610764753037565,0.6482041906955897
25966,LOF,0.31045477941041516,0.10686573885367083,0.582679481735914
25967,LOF,0.006165115057016367,0.11233955306514978,0.8814953318778339
25968,LOF,0.050183378002643025,0.24918055591230245,0.7006360660850545
25969,LOF,0.14512420234934295,0.07362517197452674,0.7812506256761304
25970,LOF,0.05828697734547808,0.06996308484585018,0.8717499378086717
25971,LOF,0.06873480155147797,0.033478831309942655,0.8977863671385793
25972,LOF,0.08247693921279207,0.04386663796424282,0.8736564228229652
25973,LOF,0.056358686492982535,0.01073227158451624,0.9329090419225012
25974,LOF,0.06013558955034913,0.043708919808193414,0.8961554906414574
25975,LOF,0.03274637064454927,0.01780835079890463,0.9494452785565461
25976,LOF,0.09786276579606755,0.01399008118390164,0.8881471530200308
25977,LOF,0.2432969655419621,0.049643774382242406,0.7070592600757954
25978,LOF,0.15713186254713607,0.15673691268184484,0.6861312247710191
25979,LOF,0.12360286842011511,0.16232407482140182,0.714073056758483
25980,LOF,0.20760996217034444,0.23985147929692366,0.5525385585327319
25981,LOF,0.2087437854572445,0.2438174617929539,0.5474387527498016
25982,LOF,0.3567587325355088,0.12121774150177939,0.5220235259627118
25983,Neutral,0.4392995477166696,0.13002255073026092,0.4306779015530695
25984,LOF,0.06425359402956114,0.0846868799402364,0.8510595260302025
25985,LOF,0.42206665613382277,0.12207117233948254,0.45586217152669467
25986,LOF,0.014674273616110973,0.4104906954690344,0.5748350309148547
25987,LOF,0.039600635319047624,0.09943683454370106,0.8609625301372512
25988,LOF,0.06476783685096511,0.15655323827892167,0.7786789248701133
25989,LOF,0.07246721834424616,0.2261873701044411,0.7013454115513127
25990,LOF,0.058162372879006795,0.3614341170655295,0.5804035100554638
25991,GOF,0.024731068993427047,0.5613076969207447,0.4139612340858282
25992,LOF,0.011018079604092644,0.445573576069993,0.5434083443259144
25993,LOF,0.019286256591810592,0.05846453571333586,0.9222492076948535
25994,LOF,0.02362084307433064,0.07199386248135661,0.9043852944443128
25995,LOF,0.016791389816908833,0.12348991700644166,0.8597186931766495
25996,GOF,0.31908440781772446,0.42148682091209777,0.25942877127017777
25997,GOF,0.05594401939473998,0.5363540875232338,0.4077018930820263
25998,LOF,0.2474181598616756,0.035657944021745824,0.7169238961165786
25999,LOF,0.025904272545477287,0.3005680056022565,0.6735277218522662
26000,LOF,0.14336781370530957,0.016298027696458807,0.8403341585982316
26001,LOF,0.15191623997417958,0.019597725691407487,0.8284860343344129
26002,LOF,0.09405910627333534,0.02301100063280952,0.8829298930938552
26003,GOF,0.006663465702514766,0.5812705085769765,0.4120660257205088
26004,GOF,0.016884770866247366,0.5827296566989776,0.400385572434775
26005,LOF,0.005190458144681666,0.47669661546242303,0.5181129263928953
26006,GOF,0.09067576985528687,0.5001758355884262,0.409148394556287
26007,LOF,0.00983546357986692,0.4690113972481083,0.5211531391720248
26008,GOF,0.007343527431213413,0.5663314373760516,0.42632503519273496
26009,GOF,0.01274901436071105,0.6165490864079273,0.3707018992313617
26010,GOF,0.00963944244337994,0.5532893694988453,0.43707118805777473
26011,LOF,0.00634034369094448,0.40385004332279595,0.5898096129862594
26012,GOF,0.005585446679030827,0.5300872259047273,0.46432732741624194
26013,GOF,0.013109300722376016,0.5521039358569833,0.43478676342064065
26014,LOF,0.03795104546398051,0.08441927151332716,0.8776296830226924
26015,LOF,0.3945145330067727,0.0219149872916319,0.5835704797015953
26016,LOF,0.2788149321187455,0.02870510374574648,0.6924799641355082
26017,LOF,0.0179534822994214,0.11941504299091554,0.8626314747096631
26018,LOF,0.03272973460764472,0.05868708287852248,0.9085831825138327
26019,LOF,0.032595076705124834,0.050320648305383374,0.9170842749894917
26020,LOF,0.007001669834123507,0.10905253361243676,0.8839457965534399
26021,LOF,0.07872369787730552,0.05346315819215337,0.8678131439305412
26022,LOF,0.04003871239707779,0.023432605119223956,0.9365286824836981
26023,LOF,0.025042797792354177,0.036350282936249416,0.9386069192713964
26024,LOF,0.05233036147887324,0.040632796625079654,0.907036841896047
26025,LOF,0.1292497756748305,0.040936664915448576,0.8298135594097209
26026,LOF,0.1275766032160399,0.029755142060867063,0.842668254723093
26027,LOF,0.03323535080012646,0.02077939225154808,0.9459852569483254
26028,LOF,0.07303342274332922,0.17069176387019894,0.7562748133864718
26029,LOF,0.03122665166997737,0.21017266610310842,0.7586006822269142
26030,LOF,0.12167747868109309,0.030343372782318797,0.8479791485365881
26031,LOF,0.013297110819930723,0.18497344342789956,0.8017294457521696
26032,LOF,0.039488447002715914,0.04880185175025637,0.9117097012470277
26033,LOF,0.040038663910641176,0.051579052970051296,0.9083822831193075
26034,LOF,0.019652073036642813,0.12722667543107977,0.8531212515322774
26035,LOF,0.011948772308832567,0.13040761801813064,0.8576436096730369
26036,LOF,0.011096286205229232,0.10504182350564771,0.8838618902891231
26037,LOF,0.011583331325152992,0.11409915868385793,0.8743175099909891
26038,LOF,0.034266609133796484,0.04445319962980038,0.9212801912364031
26039,LOF,0.031235689111271645,0.15042424757554787,0.8183400633131804
26040,LOF,0.09134356939634972,0.13401651884500118,0.7746399117586491
26041,LOF,0.013526160906065624,0.11369687532349872,0.8727769637704357
26042,LOF,0.012479404808487296,0.12042926999428864,0.8670913251972241
26043,LOF,0.03544480004866545,0.07587191215284221,0.8886832877984924
26044,LOF,0.007192363416583887,0.06353124354252937,0.9292763930408868
26045,LOF,0.09708689304148861,0.22544175588242066,0.6774713510760908
26046,LOF,0.030784553236181973,0.053673106198051414,0.9155423405657666
26047,LOF,0.07037430589059704,0.052822390166507784,0.8768033039428952
26048,LOF,0.08687239075111547,0.02667160823661331,0.8864560010122712
26049,Neutral,0.9434348896628475,0.007214421396616089,0.049350688940536444
26050,Neutral,0.9102134830406748,0.007993197037497892,0.0817933199218273
26051,LOF,0.03042063757673461,0.3604675999555059,0.6091117624677594
26052,LOF,0.028260508646189796,0.30542081180856756,0.6663186795452426
26053,LOF,0.017156749473490506,0.17792936411864055,0.804913886407869
26054,LOF,0.05943326091367519,0.04618169874355891,0.8943850403427659
26055,LOF,0.08768064783837155,0.040317092782899557,0.8720022593787288
26056,LOF,0.07217647020344718,0.046000579999136974,0.8818229497974159
26057,LOF,0.06622386418485261,0.027639686438610638,0.9061364493765368
26058,LOF,0.073397357934646,0.02257137403879903,0.904031268026555
26059,LOF,0.22151551869532157,0.057195546723608125,0.7212889345810702
26060,LOF,0.015236611448184013,0.22503876753619648,0.7597246210156194
26061,LOF,0.01074197519667329,0.016960423935825097,0.9722976008675017
26062,LOF,0.005635701116837498,0.027447583996134232,0.9669167148870284
26063,LOF,0.05196967358597452,0.016727335645156712,0.9313029907688688
26064,LOF,0.014175412577494464,0.023284315283957496,0.962540272138548
26065,LOF,0.0673728145950845,0.027612223815582787,0.9050149615893327
26066,LOF,0.05547652062312505,0.01914145298262319,0.9253820263942518
26067,LOF,0.05570289120124906,0.015960224683528163,0.9283368841152226
26068,LOF,0.056303533293987046,0.03796604451879852,0.9057304221872144
26069,LOF,0.1866272739414981,0.03187273283390852,0.7814999932245933
26070,LOF,0.39476924067049646,0.019557359275985946,0.5856734000535175
26071,LOF,0.04938705794125336,0.020886736792820035,0.9297262052659266
26072,LOF,0.006377239108161843,0.022438188307800765,0.9711845725840375
26073,LOF,0.04601767044703368,0.01903986016262572,0.9349424693903406
26074,Neutral,0.666530074124992,0.01345111546252521,0.32001881041248276
26075,LOF,0.044850522906041475,0.02855107869931224,0.9265983983946463
26076,LOF,0.044681858851412695,0.019855930814424414,0.9354622103341628
26077,LOF,0.156533692820743,0.015320760926379516,0.8281455462528775
26078,LOF,0.005877576957673804,0.035434857442529034,0.9586875655997972
26079,LOF,0.06007073119336996,0.0295487345530168,0.9103805342536132
26080,LOF,0.059323955505215645,0.0296762802782539,0.9109997642165304
26081,LOF,0.0467194177532164,0.017455388496299972,0.9358251937504837
26082,LOF,0.006255157595258056,0.024464278528974013,0.9692805638757679
26083,LOF,0.11668926791527297,0.02983224359635978,0.8534784884883674
26084,LOF,0.13259234591159277,0.026506021815650167,0.8409016322727572
26085,LOF,0.11837212349437044,0.022777190076025734,0.8588506864296038
26086,LOF,0.03888458523157034,0.025327983818419057,0.9357874309500107
26087,LOF,0.04165876298641771,0.020481155839158115,0.9378600811744242
26088,LOF,0.006620514508275357,0.045966476099181995,0.9474130093925427
26089,LOF,0.043025872415720076,0.03916350976944733,0.9178106178148325
26090,LOF,0.04223438356417766,0.035631711918057106,0.9221339045177652
26091,LOF,0.03200877333325092,0.016932298517203494,0.9510589281495456
26092,LOF,0.042692157982042025,0.01441898764292859,0.9428888543750293
26093,LOF,0.06093761522758005,0.009935286481858539,0.9291270982905615
26094,LOF,0.039111259603407646,0.012803121117012034,0.9480856192795802
26095,LOF,0.011532303711218984,0.030375773778445928,0.958091922510335
26096,LOF,0.24896149162951495,0.006842333782892505,0.7441961745875926
26097,LOF,0.006014244528925811,0.06173170996715321,0.932254045503921
26098,LOF,0.05365985226622819,0.028355637594124482,0.9179845101396473
26099,LOF,0.04881140683160453,0.03202337572242062,0.9191652174459749
26100,LOF,0.04881140683160453,0.03202337572242062,0.9191652174459749
26101,LOF,0.047801499709169415,0.05553270099171459,0.8966657992991159
26102,LOF,0.03851775851059522,0.0247241348181942,0.9367581066712106
26103,Neutral,0.8959526010591543,0.03594950323832065,0.06809789570252493
26104,LOF,0.054231614518624634,0.05960367964544675,0.8861647058359285
26105,LOF,0.2766569721207163,0.0749560728996562,0.6483869549796275
26106,LOF,0.2553740792602103,0.03602649162758043,0.7085994291122094
26107,LOF,0.015903499371929385,0.07174580279507001,0.9123506978330006
26108,LOF,0.1580025177203811,0.05452057072862843,0.7874769115509904
26109,LOF,0.05394890854314143,0.05929079122714214,0.8867603002297164
26110,LOF,0.4302511674005207,0.011787470306583026,0.5579613622928962
26111,LOF,0.06970188222089327,0.07048655434970397,0.8598115634294028
26112,LOF,0.07857527245602243,0.012322882693164837,0.9091018448508127
26113,LOF,0.1264433777073992,0.03032708588836522,0.8432295364042356
26114,LOF,0.09901963136512697,0.008496993785344607,0.8924833748495284
26115,LOF,0.019049194694173568,0.07072073763810359,0.9102300676677229
26116,LOF,0.08518930355237618,0.024547629075814408,0.8902630673718095
26117,LOF,0.3566248024101663,0.035222234740842275,0.6081529628489915
26118,LOF,0.03848455093854151,0.018509046162045777,0.9430064028994127
26119,LOF,0.00572250154310121,0.08811417368449789,0.9061633247724009
26120,LOF,0.03341903901753577,0.013976788328851169,0.952604172653613
26121,LOF,0.0044419408576984116,0.1108013120130584,0.8847567471292431
