feature0,prediction,LoGoFunc_Neutral,LoGoFunc_GOF,LoGoFunc_LOF
25546,Neutral,0.7410692375513709,0.08763672510079117,0.1712940373478379
25547,GOF,0.32922317191087885,0.38007555297113926,0.2907012751179819
25548,LOF,0.29278132832983883,0.207239453596339,0.4999792180738222
25549,LOF,0.23076885178507073,0.23427891661996594,0.5349522315949633
25550,Neutral,0.7410692375513709,0.08763672510079117,0.1712940373478379
25551,Neutral,0.6339452076024462,0.06850200922908632,0.29755278316846745
25552,LOF,0.13496814136986549,0.27061068901665286,0.5944211696134816
25553,Neutral,0.6980085145323135,0.06783086940423493,0.23416061606345154
25554,LOF,0.20413685070582116,0.290159794700768,0.5057033545934108
25555,LOF,0.1319249634651377,0.23786302035874995,0.6302120161761123
25556,LOF,0.23357692667041488,0.23595232404536165,0.5304707492842234
25557,LOF,0.11948386835627336,0.22217216168220444,0.6583439699615222
25558,LOF,0.24334084129593161,0.22815269835737972,0.5285064603466887
25559,LOF,0.3841500772572298,0.16465656524967295,0.4511933574930973
25560,GOF,0.048250070143445935,0.48607548151018715,0.465674448346367
25561,LOF,0.10491886993751533,0.3990364174297501,0.4960447126327344
25562,LOF,0.30053402327148465,0.15885640618024519,0.5406095705482702
25563,Neutral,0.4704673776274947,0.0769005856786768,0.4526320366938284
25564,LOF,0.05589506695381251,0.4112489134840365,0.532856019562151
25565,LOF,0.11216553337405284,0.28012523568324227,0.6077092309427048
25566,GOF,0.06634316728987709,0.5298688340334684,0.4037879986766545
25567,LOF,0.45019403427978755,0.07125865580048064,0.4785473099197318
25568,Neutral,0.6980085145323135,0.06783086940423493,0.23416061606345154
25569,Neutral,0.6614375309670133,0.07479711620454772,0.26376535282843905
25570,LOF,0.06111862108741002,0.19729306110802539,0.7415883178045647
25571,LOF,0.06258888781748691,0.14719914055166236,0.7902119716308508
25572,LOF,0.3672942373710699,0.05814212592471473,0.5745636367042153
25573,Neutral,0.422663601003265,0.15776582539513676,0.41957057360159816
25574,GOF,0.1014662424034339,0.6689678986587531,0.229565858937813
25575,LOF,0.07932527200936228,0.11578702779627054,0.8048877001943672
25576,LOF,0.43110583819068776,0.05493211742213696,0.5139620443871753
25577,LOF,0.4398739015047912,0.07642051779718227,0.48370558069802644
25578,Neutral,0.38707476804845337,0.2270024858229418,0.38592274612860483
25579,Neutral,0.38707476804845337,0.2270024858229418,0.38592274612860483
25580,LOF,0.0640525299745464,0.14404514701538176,0.7919023230100719
25581,Neutral,0.6980085145323135,0.06783086940423493,0.23416061606345154
25582,Neutral,0.6980085145323135,0.06783086940423493,0.23416061606345154
25583,LOF,0.06500578551569465,0.17588562569760183,0.7591085887867036
25584,Neutral,0.35823194570752054,0.35035542391271945,0.29141263037976
25585,LOF,0.3296670584019259,0.06989420830663386,0.6004387332914403
25586,LOF,0.06349212454058716,0.22767984823426074,0.708828027225152
25587,LOF,0.06434591303585407,0.2559578599573148,0.6796962270068312
25588,LOF,0.05112240836278704,0.21991260295868917,0.7289649886785238
25589,Neutral,0.617213196831436,0.2663151409521599,0.11647166221640393
25590,LOF,0.3354479835657601,0.16857836690071581,0.4959736495335241
25591,Neutral,0.6822767182733758,0.06874533119931499,0.24897795052730923
25592,LOF,0.05887449363494825,0.1823079672854023,0.7588175390796494
25593,GOF,0.12055474533793208,0.6326385690436617,0.24680668561840632
25594,Neutral,0.6680940833099079,0.05821798926732786,0.2736879274227642
25595,Neutral,0.6676728941881156,0.07635056845000866,0.25597653736187576
25596,Neutral,0.43409907239625367,0.1522522027077759,0.41364872489597054
25597,LOF,0.42342364996623294,0.09429984024291821,0.4822765097908488
25598,Neutral,0.73372202636012,0.05193189126934366,0.21434608237053646
25599,GOF,0.04966684410818217,0.7573939892579301,0.19293916663388772
25600,GOF,0.06240778491113537,0.6658372879803235,0.27175492710854127
25601,GOF,0.059478502519700244,0.6790089927973584,0.26151250468294146
25602,LOF,0.4185449339520156,0.07715249077953103,0.5043025752684533
25603,LOF,0.06513136397168243,0.16121537167095287,0.7736532643573647
25604,Neutral,0.42769252260600776,0.15553582479547226,0.41677165259851995
25605,LOF,0.03671156467350887,0.369781190389483,0.5935072449370082
25606,GOF,0.04357818778408682,0.5850302143563039,0.3713915978596093
25607,LOF,0.033746225988758885,0.26623977069681115,0.7000140033144301
25608,LOF,0.3513373052590388,0.1990189387052924,0.4496437560356689
25609,LOF,0.20181616762827706,0.20720777772547605,0.5909760546462469
25610,LOF,0.0667990454508529,0.15283440137052218,0.780366553178625
25611,LOF,0.07657519503109272,0.14514781013005337,0.7782769948388538
25612,Neutral,0.6522969958871713,0.0663605738590811,0.28134243025374767
25613,Neutral,0.6238591771971137,0.058773110197974925,0.31736771260491126
25614,LOF,0.06500578551569465,0.17588562569760183,0.7591085887867036
25615,LOF,0.26438346546826125,0.1852959987977449,0.5503205357339938
25616,LOF,0.05442846727887517,0.2402471872716818,0.705324345449443
25617,LOF,0.06781449439255961,0.1222936130032303,0.80989189260421
25618,LOF,0.05969543415673957,0.18109562602804627,0.7592089398152142
25619,LOF,0.06231700807942289,0.21034608536458896,0.7273369065559883
25620,LOF,0.06807555448625303,0.1499078727552265,0.7820165727585204
25621,LOF,0.3733712923659497,0.10798029921283783,0.5186484084212125
25622,LOF,0.4193876049467121,0.08073097977143463,0.4998814152818532
25623,LOF,0.36874100872876386,0.10504956182454424,0.5262094294466918
25624,LOF,0.05112240836278704,0.21991260295868917,0.7289649886785238
25625,LOF,0.29120957479118686,0.0824929157329037,0.6262975094759095
25626,Neutral,0.6464805400683413,0.06132155916767741,0.2921979007639813
25627,GOF,0.04994758136178474,0.6141172651524505,0.33593515348576486
25628,LOF,0.4318757998774444,0.12151324749753269,0.4466109526250229
25629,Neutral,0.6726903968063325,0.07294974052723141,0.25435986266643607
25630,LOF,0.08340118572795975,0.3599170204076738,0.5566817938643664
25631,Neutral,0.5281643139428827,0.295082508238438,0.1767531778186794
25632,LOF,0.36488167376139896,0.07015473667889949,0.5649635895597015
25633,Neutral,0.38707476804845337,0.2270024858229418,0.38592274612860483
25634,Neutral,0.6898105831567576,0.07327226746198927,0.23691714938125313
25635,LOF,0.06412036909969054,0.16353361158917784,0.7723460193111316
25636,GOF,0.08025540548405036,0.6968770131022263,0.22286758141372331
25637,GOF,0.06008687457904286,0.5465449316899904,0.39336819373096676
25638,GOF,0.05517619135131876,0.7555808155662832,0.18924299308239803
25639,GOF,0.05757882233304157,0.5103101428973498,0.4321110347696086
25640,GOF,0.15605650294723145,0.7251182771662491,0.11882521988651955
25641,LOF,0.05754878802685273,0.4200550806153175,0.5223961313578298
25642,Neutral,0.6211756592094032,0.09499056350649784,0.28383377728409903
25643,Neutral,0.42104820836036727,0.1822797046412375,0.39667208699839523
25644,GOF,0.0515945452860459,0.6173339692041832,0.33107148550977095
25645,GOF,0.05468489067543495,0.645507063446507,0.29980804587805804
25646,GOF,0.04056643296915833,0.6445947439014337,0.314838823129408
25647,GOF,0.07507561042915342,0.6746720138199485,0.25025237575089815
25648,GOF,0.07345557360419888,0.7085711981179103,0.21797322827789092
25649,GOF,0.07640246113906562,0.6747730205901871,0.24882451827074734
25650,GOF,0.06752835160785059,0.6092805651155491,0.32319108327660045
25651,LOF,0.04823058702119232,0.43822184934922565,0.5135475636295821
25652,GOF,0.0619954163880743,0.4708679039296257,0.4671366796823001
25653,GOF,0.06507631044121139,0.5045058479956985,0.43041784156309015
25654,GOF,0.07951498963995232,0.6313903059211605,0.2890947044388871
25655,GOF,0.07336394890854443,0.7072041715261966,0.21943187956525884
25656,LOF,0.057311847761343834,0.3008017429940265,0.6418864092446297
25657,Neutral,0.5422940535555967,0.053957174265676346,0.40374877217872696
25658,GOF,0.08573136949386366,0.5062359306759145,0.40803269983022183
25659,LOF,0.1676324475119122,0.35662940393936465,0.4757381485487231
25660,LOF,0.08862449343191209,0.306229922111808,0.60514558445628
25661,LOF,0.07411105200891215,0.16699729584095369,0.7588916521501342
25662,LOF,0.059041611588263154,0.20929197703846247,0.7316664113732744
25663,LOF,0.06565350453306597,0.17475151693213795,0.7595949785347961
25664,LOF,0.38575544731450645,0.10481211538705816,0.5094324372984353
25665,Neutral,0.6208707758943548,0.0841926279708025,0.2949365961348426
25666,LOF,0.2879555623103466,0.07137564206553565,0.6406687956241178
25667,LOF,0.06183321493214657,0.2734391523117036,0.6647276327561498
25668,LOF,0.050838372380559056,0.22872927311693603,0.720432354502505
25669,LOF,0.05122210600572922,0.2270101700128417,0.7217677239814291
25670,Neutral,0.43742885105339024,0.12521094774157407,0.4373602012050357
25671,LOF,0.06807555448625303,0.1499078727552265,0.7820165727585204
25672,Neutral,0.6268611235595262,0.07742761735323887,0.295711259087235
25673,LOF,0.26149422210615497,0.08794368727057557,0.6505620906232694
25674,LOF,0.4126874303114942,0.06783927567152702,0.5194732940169787
25675,LOF,0.4059684697173015,0.1811483632674642,0.41288316701523425
25676,LOF,0.05969543415673957,0.18109562602804627,0.7592089398152142
25677,LOF,0.05694026104384392,0.29418291209649816,0.6488768268596579
25678,Neutral,0.48036758223776943,0.17991331270058852,0.33971910506164205
25679,Neutral,0.532682017593988,0.08214921134818447,0.3851687710578275
25680,LOF,0.10912604196132095,0.1712142871745972,0.7196596708640819
25681,LOF,0.10912604196132095,0.1712142871745972,0.7196596708640819
25682,LOF,0.059026582374257876,0.27411772451506333,0.6668556931106788
25683,Neutral,0.400864736783189,0.25526501082415637,0.3438702523926546
25684,LOF,0.05872681947056418,0.2773275940205975,0.6639455865088384
25685,Neutral,0.44003557668155835,0.20307368286745275,0.35689074045098884
25686,GOF,0.09394705408388343,0.6725682048137575,0.23348474110235914
25687,GOF,0.10191182187938311,0.7627042617441859,0.13538391637643105
25688,GOF,0.04914088985520756,0.5117247228257806,0.4391343873190119
25689,LOF,0.027876542718773597,0.44935520918084887,0.5227682481003775
25690,GOF,0.02626987194501321,0.51459580928637,0.45913431876861666
25691,GOF,0.06075433671939795,0.5732403247366379,0.3660053385439642
25692,LOF,0.4225529907144787,0.12010658930302967,0.45734041998249164
25693,GOF,0.1701775516618774,0.6391873608053753,0.19063508753274722
25694,Neutral,0.5347497507482251,0.05902743323917112,0.4062228160126039
25695,LOF,0.22588583005875565,0.1357055956448345,0.6384085742964098
25696,LOF,0.4073655101441385,0.1420054230728133,0.45062906678304804
25697,Neutral,0.47638095110545303,0.13881397436404289,0.3848050745305041
25698,GOF,0.08484294588394846,0.7443930684052794,0.1707639857107721
25699,GOF,0.0450718433520574,0.7207765567864872,0.23415159986145545
25700,LOF,0.05969543415673957,0.18109562602804627,0.7592089398152142
25701,GOF,0.05424571760212736,0.5930820672795252,0.35267221511834734
25702,GOF,0.07047654456269865,0.704873862804433,0.22464959263286838
25703,LOF,0.4014770075087882,0.06050922475304448,0.5380137677381673
25704,LOF,0.06363415728943288,0.15254034158565352,0.7838255011249136
25705,LOF,0.10867057681895137,0.18231744284970702,0.7090119803313417
25706,GOF,0.06847497045869368,0.6837879990442532,0.24773703049705306
25707,GOF,0.058202145035569634,0.5171358836422119,0.42466197132221845
25708,GOF,0.07754071297079133,0.48140949293967833,0.44104979408953043
25709,LOF,0.056646608005483774,0.21825871042876951,0.7250946815657466
25710,Neutral,0.40377710975076,0.25997506214677235,0.33624782810246756
25711,LOF,0.06217264169938122,0.2207430272050548,0.717084331095564
25712,LOF,0.4353816328356905,0.11227989592366175,0.45233847124064785
25713,LOF,0.07000983475592577,0.3132646889085908,0.6167254763354834
25714,LOF,0.08862449343191209,0.306229922111808,0.60514558445628
25715,LOF,0.06066717346291245,0.22674822572441955,0.712584600812668
25716,LOF,0.4148719488180619,0.11262885179366872,0.47249919938826934
25717,LOF,0.41935711449290486,0.1355273597364352,0.44511552577066005
25718,LOF,0.06141717878188536,0.2841618019705192,0.6544210192475953
25719,LOF,0.060004440386521606,0.1807412037685509,0.7592543558449275
25720,LOF,0.05708505341107159,0.2189824654427073,0.7239324811462211
25721,LOF,0.06217264169938122,0.2207430272050548,0.717084331095564
25722,LOF,0.06217264169938122,0.2207430272050548,0.717084331095564
25723,LOF,0.06247281132802142,0.20798696434470926,0.7295402243272694
25724,LOF,0.05793354037960052,0.21712098207991765,0.7249454775404818
25725,LOF,0.06217264169938122,0.2207430272050548,0.717084331095564
25726,LOF,0.06271751162364196,0.2034221221517965,0.7338603662245615
25727,LOF,0.06271751162364196,0.2034221221517965,0.7338603662245615
25728,LOF,0.06419775617444787,0.2074463066435093,0.7283559371820428
25729,LOF,0.06419775617444787,0.2074463066435093,0.7283559371820428
25730,LOF,0.06419775617444787,0.2074463066435093,0.7283559371820428
25731,LOF,0.33761621383613866,0.08502707676204221,0.5773567094018192
25732,LOF,0.06820055573535447,0.15239729221724568,0.7794021520473999
25733,LOF,0.05802690946623933,0.2040513463409254,0.7379217441928353
25734,LOF,0.32593533063994934,0.10403139722782337,0.5700332721322273
25735,LOF,0.06066717346291245,0.22674822572441955,0.712584600812668
25736,LOF,0.06231700807942289,0.21034608536458896,0.7273369065559883
25737,LOF,0.057479002099638396,0.20607089677665555,0.7364501011237061
25738,LOF,0.07000983475592577,0.3132646889085908,0.6167254763354834
25739,LOF,0.06796478110636726,0.26839879119599136,0.6636364276976415
25740,LOF,0.10867057681895137,0.18231744284970702,0.7090119803313417
25741,LOF,0.10646918212154513,0.18180010032526087,0.7117307175531941
25742,LOF,0.10867057681895137,0.18231744284970702,0.7090119803313417
25743,LOF,0.29913473047303185,0.12413333850536974,0.5767319310215984
25744,GOF,0.06187071617642437,0.552416348256349,0.3857129355672267
25745,GOF,0.05508576706073836,0.6902828323557318,0.2546314005835297
25746,GOF,0.0769837932318175,0.6959434056279257,0.22707280114025677
25747,LOF,0.05439649749265599,0.21685126163501287,0.7287522408723311
25748,Neutral,0.38707476804845337,0.2270024858229418,0.38592274612860483
25749,GOF,0.04326619170410367,0.6697527417687223,0.28698106652717403
25750,GOF,0.05875712694424843,0.6757298693257138,0.26551300373003783
25751,LOF,0.059026582374257876,0.27411772451506333,0.6668556931106788
25752,GOF,0.27935362525698665,0.4199344041588006,0.3007119705842127
25753,LOF,0.3326413957829507,0.1634728405204136,0.5038857636966356
25754,GOF,0.039948678454063025,0.6232488635798339,0.3368024579661031
25755,LOF,0.2580873476109892,0.17312934868701507,0.5687833037019956
25756,Neutral,0.6703187185549169,0.061841780159073004,0.2678395012860102
25757,GOF,0.04717768134613305,0.6424938781637124,0.31032844049015457
25758,GOF,0.037384950489286896,0.6743971999910879,0.2882178495196253
25759,GOF,0.03467711284429586,0.6342900955834092,0.33103279157229487
25760,LOF,0.3073358540058871,0.2488058050967897,0.4438583408973233
25761,GOF,0.03574834322854403,0.702400065039326,0.2618515917321301
25762,Neutral,0.6898105831567576,0.07327226746198927,0.23691714938125313
25763,LOF,0.388775052134394,0.0729199481248281,0.538304999740778
25764,GOF,0.21477706196512056,0.501870020742115,0.28335291729276446
25765,GOF,0.039867395788991705,0.6741801577422011,0.28595244646880724
25766,GOF,0.08085304816841546,0.7253091453439215,0.1938378064876629
25767,GOF,0.061000558182769796,0.6644670387263876,0.27453240309084265
25768,LOF,0.06302468732446921,0.1797145201373383,0.7572607925381925
25769,LOF,0.06279734391553088,0.15474308581825275,0.7824595702662164
25770,Neutral,0.6226539382734144,0.05863559033551852,0.31871047139106695
25771,LOF,0.3559619572311204,0.0623006546922546,0.581737388076625
25772,LOF,0.07411105200891215,0.16699729584095369,0.7588916521501342
25773,Neutral,0.4660509347669352,0.09917313620086868,0.43477592903219603
25774,Neutral,0.6726903968063325,0.07294974052723141,0.25435986266643607
25775,LOF,0.2834790659961038,0.09649850925586939,0.6200224247480268
25776,LOF,0.06651230594333599,0.12262315998051973,0.8108645340761442
25777,Neutral,0.6202092522314658,0.08099451822879467,0.29879622953973956
25778,LOF,0.06472900073269097,0.1472501879817764,0.7880208112855326
25779,GOF,0.07721183084118115,0.6925203004743005,0.23026786868451843
25780,GOF,0.061422703088810655,0.7618036995522331,0.1767735973589562
25781,GOF,0.06211821147253931,0.7561915307286342,0.1816902577988265
25782,GOF,0.05980240907649303,0.7730970083522006,0.16710058257130642
25783,GOF,0.08140035770443166,0.748260264254257,0.17033937804131122
25784,GOF,0.07030134840759414,0.7254180714656875,0.20428058012671843
25785,GOF,0.06332780289939081,0.7623333108298362,0.17433888627077299
25786,GOF,0.06992083266996155,0.7241766039264745,0.2059025634035639
25787,GOF,0.06492056206242058,0.6078541425989932,0.3272252953385863
25788,LOF,0.05112240836278704,0.21991260295868917,0.7289649886785238
25789,GOF,0.08784914785132407,0.7704640523026913,0.14168679984598465
25790,GOF,0.05659343675968374,0.739998601683891,0.2034079615564253
25791,GOF,0.07068851451088622,0.6890994552200935,0.24021203026902038
25792,GOF,0.07287220417396789,0.69252438669136,0.2346034091346722
25793,GOF,0.04874442994503833,0.7522958611518565,0.19895970890310496
25794,GOF,0.07167193152554813,0.7160032953762673,0.21232477309818457
25795,GOF,0.09676924058245354,0.6879817382882847,0.21524902112926175
25796,GOF,0.082861553430872,0.7637790146066006,0.15335943196252724
25797,GOF,0.0730363303075639,0.7768583033889518,0.15010536630348434
25798,GOF,0.07244822522813889,0.7537650659338234,0.1737867088380378
25799,GOF,0.08475162002168646,0.755041528365132,0.16020685161318143
25800,GOF,0.08357433787008985,0.7721938604775815,0.1442318016523286
25801,GOF,0.06985636633310198,0.7612843239252624,0.1688593097416357
25802,GOF,0.06506372472781745,0.7808546103668574,0.15408166490532502
25803,GOF,0.0581245228996401,0.7499631366376609,0.19191234046269903
25804,GOF,0.09327442866888344,0.7281520910483081,0.1785734802828084
25805,GOF,0.06573308697088087,0.7703243505233475,0.16394256250577166
25806,GOF,0.06254683498721103,0.7721997488936159,0.16525341611917313
25807,GOF,0.0547337977830605,0.7323125245686829,0.21295367764825665
25808,GOF,0.07950233529724804,0.7151759692168279,0.20532169548592416
25809,GOF,0.06348525645493129,0.6706573802836507,0.26585736326141796
25810,GOF,0.05921456758564662,0.7116834501000942,0.22910198231425932
25811,GOF,0.06296794907394065,0.6229915509570761,0.3140404999689832
25812,GOF,0.05930814591576971,0.7478607233915123,0.19283113069271807
25813,GOF,0.06272434146303156,0.7356803636196547,0.20159529491731373
25814,GOF,0.06651584489737754,0.7160147190857202,0.21746943601690236
25815,GOF,0.06714220699672198,0.7070321510900694,0.22582564191320859
25816,GOF,0.04772724883940457,0.764670639324701,0.1876021118358944
25817,GOF,0.04699990165956119,0.7608960321185944,0.1921040662218445
25818,GOF,0.04368479232819525,0.7180785253102336,0.23823668236157103
25819,GOF,0.08358949760137378,0.7034303266629169,0.2129801757357093
25820,GOF,0.09114465085285262,0.6962420968417833,0.21261325230536413
25821,GOF,0.09038025751609376,0.7025184547328678,0.20710128775103828
25822,GOF,0.09169972948899667,0.6930310255635025,0.21526924494750085
25823,GOF,0.12494964544420008,0.6219672408746793,0.2530831136811207
25824,GOF,0.1043982344782149,0.6463876658650659,0.24921409965671917
25825,GOF,0.10024286584857299,0.6505978698398294,0.2491592643115976
25826,GOF,0.1043982344782149,0.6463876658650659,0.24921409965671917
25827,GOF,0.0824008848383916,0.7580593063935904,0.15953980876801796
25828,GOF,0.07592266149049216,0.7490945214754162,0.17498281703409155
25829,LOF,0.42296353146439286,0.10574534297132519,0.4712911255642819
25830,LOF,0.060856522163748344,0.20709434942736565,0.732049128408886
25831,GOF,0.0966805138888887,0.5762959853160432,0.327023500795068
25832,GOF,0.08097234403577856,0.6608914126483683,0.25813624331585316
25833,GOF,0.08154187068481394,0.6706123857920283,0.2478457435231578
25834,GOF,0.08096222487913841,0.6020002101638323,0.3170375649570293
25835,GOF,0.08159548119542244,0.7022093754770776,0.2161951433274998
25836,GOF,0.07793959536312856,0.6756581734416589,0.24640223119521246
25837,GOF,0.09948021338132634,0.6319894328843104,0.26853035373436324
25838,GOF,0.0947544889429764,0.6414606084175332,0.2637849026394904
25839,GOF,0.10501706523109675,0.5726555552464208,0.3223273795224825
25840,GOF,0.0551370226960372,0.6925858516015109,0.252277125702452
25841,GOF,0.05435972642419361,0.6836687069856567,0.2619715665901497
25842,GOF,0.055716524057376766,0.6798342024319641,0.2644492735106591
25843,GOF,0.05571229571134075,0.6827316967502257,0.2615560075384336
25844,GOF,0.05527257286719365,0.6673099596989421,0.2774174674338642
25845,GOF,0.052896573386568724,0.7236542636966162,0.22344916291681516
25846,GOF,0.05398811344739891,0.6680629561611101,0.277948930391491
25847,GOF,0.08864143317781921,0.6012167170617929,0.3101418497603879
25848,GOF,0.059929002676840565,0.7411661575520997,0.19890483977105972
25849,GOF,0.059609726593385724,0.7361501955319957,0.2042400778746186
25850,GOF,0.08877240979085876,0.7672138847104292,0.14401370549871212
25851,GOF,0.094205810374926,0.7658758701665873,0.13991831945848665
25852,GOF,0.19028703610437403,0.5226877543042934,0.28702520959133254
25853,GOF,0.07110369504795554,0.7172766030905403,0.21161970186150417
25854,GOF,0.060957040363963745,0.7743994459995758,0.16464351363646046
25855,GOF,0.08289500299735168,0.6854561687004145,0.2316488283022339
25856,GOF,0.08087449562455173,0.685480266561253,0.23364523781419516
25857,GOF,0.08597817159706381,0.6988343079414855,0.21518752046145062
25858,GOF,0.08013887384087096,0.7102192459713671,0.209641880187762
25859,GOF,0.07840343063126237,0.7179928899541506,0.20360367941458707
25860,GOF,0.06773019852754915,0.7157025864303854,0.2165672150420654
25861,GOF,0.06058886772243457,0.6738001026785422,0.2656110295990232
25862,GOF,0.054384208107583064,0.7377274844695859,0.2078883074228311
25863,GOF,0.05790128121685594,0.7116860964166485,0.23041262236649554
25864,GOF,0.05704886257447269,0.6821657132799881,0.2607854241455391
25865,GOF,0.061701409387024495,0.7049972482460426,0.2333013423669328
25866,GOF,0.0584612856028982,0.6866821255923719,0.2548565888047299
25867,GOF,0.057162609595201704,0.6858265260158782,0.2570108643889202
25868,GOF,0.066653904582985,0.7324891700358316,0.20085692538118335
25869,GOF,0.08288002411555716,0.6765340654049568,0.2405859104794862
25870,LOF,0.06349406199451005,0.24969802922918807,0.6868079087763019
25871,GOF,0.06420042145355616,0.681384760997784,0.25441481754865974
25872,GOF,0.06359370426221089,0.6236554988670975,0.3127507968706917
25873,GOF,0.07211218092482176,0.7093935542348722,0.21849426484030599
25874,LOF,0.06359118537198426,0.14835005676172225,0.7880587578662935
25875,GOF,0.09423808486344365,0.6544945442102855,0.2512673709262707
25876,LOF,0.39594800349512616,0.14471436663620563,0.4593376298686683
25877,GOF,0.10513013211350127,0.6537814570530357,0.24108841083346316
25878,GOF,0.09149863595864328,0.654575522073073,0.2539258419682836
25879,GOF,0.07943443674397624,0.6602576856828524,0.26030787757317136
25880,LOF,0.07322567079607467,0.1735624857615009,0.7532118434424243
25881,Neutral,0.7035081950833014,0.2144256505769055,0.08206615433979297
25882,Neutral,0.46545551900533,0.14014863579072828,0.3943958452039418
25883,LOF,0.06258888781748691,0.14719914055166236,0.7902119716308508
25884,LOF,0.4224526911993869,0.12939696720769134,0.4481503415929217
25885,Neutral,0.6058248885952925,0.02583740899881736,0.36833770240589003
25886,Neutral,0.38707476804845337,0.2270024858229418,0.38592274612860483
25887,GOF,0.4013772200144691,0.453533139496953,0.1450896404885779
25888,GOF,0.05858612164721104,0.7598897710691163,0.18152410728367266
25889,LOF,0.30473122444619366,0.17319609195644411,0.5220726835973623
25890,LOF,0.1474383943450859,0.2960571791372055,0.5565044265177086
25891,LOF,0.2720681576426009,0.08099377968498135,0.6469380626724178
25892,LOF,0.02506531273098708,0.3707624648498389,0.6041722224191741
25893,LOF,0.37917627320227315,0.1160572219599249,0.5047665048378019
25894,LOF,0.34549619387050745,0.15834551226876686,0.4961582938607258
25895,Neutral,0.4190852361220751,0.2567031226478166,0.32421164123010826
25896,Neutral,0.6408943047388211,0.060202922145075964,0.29890277311610286
25897,LOF,0.23890442896071093,0.21808591939045008,0.543009651648839
25898,GOF,0.11607800495065194,0.7259498072145272,0.15797218783482095
25899,Neutral,0.38707476804845337,0.2270024858229418,0.38592274612860483
25900,Neutral,0.8026258685236367,0.053429787936043895,0.14394434354031935
25901,LOF,0.06339868993346756,0.25629703771250073,0.6803042723540316
25902,LOF,0.3963440897489612,0.10774719022744539,0.4959087200235935
25903,GOF,0.2008167601274965,0.45365349702655117,0.3455297428459524
25904,Neutral,0.38707476804845337,0.2270024858229418,0.38592274612860483
25905,LOF,0.0824917561804665,0.44988208719917344,0.4676261566203601
25906,LOF,0.36449562076453884,0.11212097831499628,0.5233834009204649
25907,GOF,0.05760493424864022,0.5995934269529319,0.34280163879842784
25908,GOF,0.06029263054245412,0.5904685556432488,0.3492388138142971
25909,LOF,0.061152153791605435,0.43472128665636944,0.5041265595520251
25910,LOF,0.023416902956089523,0.39903001694591533,0.5775530800979951
25911,Neutral,0.6746958047492791,0.05897712392652128,0.26632707132419964
25912,LOF,0.4005132965178252,0.04421091128335841,0.5552757921988165
25913,GOF,0.03089179669922884,0.5769138547292372,0.39219434857153396
25914,LOF,0.06247281132802142,0.20798696434470926,0.7295402243272694
25915,GOF,0.09994392294922398,0.7065438781854213,0.1935121988653547
25916,GOF,0.08303837175325321,0.7155687331910557,0.20139289505569108
25917,Neutral,0.7424004382041636,0.053826608878239264,0.2037729529175973
25918,LOF,0.05543985858709759,0.28523356695556046,0.6593265744573419
25919,LOF,0.0629881703315541,0.15421328401772613,0.7827985456507198
25920,GOF,0.3256693126658466,0.35533028315630666,0.31900040417784664
25921,LOF,0.27032724889791715,0.09154057466585486,0.638132176436228
25922,LOF,0.26068064917215567,0.1085902377401636,0.6307291130876808
25923,Neutral,0.38707476804845337,0.2270024858229418,0.38592274612860483
25924,LOF,0.357568938884609,0.07494837902710925,0.5674826820882818
25925,Neutral,0.6242465717702939,0.07089832423612413,0.304855103993582
25926,Neutral,0.676905771648689,0.07953895332320293,0.24355527502810814
25927,GOF,0.05226551603957202,0.5718355803512032,0.37589890360922484
25928,LOF,0.3529618346855038,0.16290022722414552,0.4841379380903508
25929,Neutral,0.38707476804845337,0.2270024858229418,0.38592274612860483
25930,LOF,0.06380923603619261,0.14965427235489118,0.7865364916089163
25931,LOF,0.43000821952771406,0.09259965892880871,0.4773921215434772
25932,LOF,0.07932527200936228,0.11578702779627054,0.8048877001943672
25933,LOF,0.07657519503109272,0.14514781013005337,0.7782769948388538
25934,LOF,0.0731185733105597,0.14633573015315435,0.7805456965362859
25935,Neutral,0.6726903968063325,0.07294974052723141,0.25435986266643607
25936,LOF,0.06275808185508266,0.17303727545163156,0.7642046426932858
25937,LOF,0.36660494151009904,0.13303171814221854,0.5003633403476824
25938,Neutral,0.6746958047492791,0.05897712392652128,0.26632707132419964
25939,LOF,0.05969543415673957,0.18109562602804627,0.7592089398152142
25940,GOF,0.12139859335087404,0.716344186303176,0.16225722034595016
25941,Neutral,0.42129051118464067,0.25865166994875816,0.32005781886660123
25942,LOF,0.30549486916221424,0.11794491451596184,0.576560216321824
25943,GOF,0.024183474117431013,0.5670630460660824,0.4087534798164866
25944,GOF,0.023608648174617525,0.5072278018035463,0.46916355002183624
25945,LOF,0.05442846727887517,0.2402471872716818,0.705324345449443
25946,LOF,0.34398636788918224,0.055616751651388296,0.6003968804594295
25947,Neutral,0.6256457721560471,0.12335479807573692,0.250999429768216
25948,LOF,0.3785988006794446,0.0964551506556324,0.5249460486649229
25949,LOF,0.4051409633250557,0.1256189038371257,0.46924013283781857
25950,GOF,0.07562615571312463,0.717648197691754,0.2067256465951213
25951,GOF,0.03678515995283175,0.7784998596690398,0.18471498037812845
25952,LOF,0.17509656868043635,0.38925572394933455,0.4356477073702291
25953,LOF,0.06762504293384426,0.4590160471231758,0.47335890994297997
25954,GOF,0.04609656943543006,0.7391270137894346,0.21477641677513537
25955,GOF,0.026411379657413758,0.674751720268897,0.2988369000736892
25956,GOF,0.09022353894045845,0.48475297768008274,0.4250234833794588
25957,Neutral,0.6170686606788534,0.06463581899758156,0.31829552032356495
25958,LOF,0.06898400263847075,0.12357238931820178,0.8074436080433275
25959,GOF,0.03243725192479342,0.5970107726152247,0.3705519754599818
25960,LOF,0.32330899311231753,0.14256053698621654,0.534130469901466
25961,LOF,0.05107724945173947,0.41584556862806565,0.5330771819201948
25962,LOF,0.38801481156115974,0.07839080236858732,0.5335943860702529
25963,GOF,0.025244164889111048,0.6330713815615665,0.3416844535493223
25964,LOF,0.09141871018693842,0.30355569862186466,0.6050255911911969
25965,GOF,0.15496510943747568,0.6340111196087012,0.21102377095382308
25966,Neutral,0.38707476804845337,0.2270024858229418,0.38592274612860483
25967,LOF,0.35569679405439725,0.06930829931679704,0.5749949066288058
25968,GOF,0.23283834877361295,0.5371542782744695,0.23000737295191767
25969,Neutral,0.49127993052431745,0.0547411873953466,0.4539788820803359
25970,LOF,0.4097273997706792,0.13161559179052193,0.45865700843879886
25971,LOF,0.10465732555852349,0.19800208755863793,0.6973405868828386
25972,LOF,0.10465732555852349,0.19800208755863793,0.6973405868828386
25973,LOF,0.3132853934202464,0.07931356736726185,0.6074010392124918
25974,GOF,0.06020834565333744,0.6157148716405738,0.32407678270608864
25975,LOF,0.06271535632231785,0.17383873385628007,0.763445909821402
25976,LOF,0.36514280691998907,0.04333994554985493,0.591517247530156
25977,Neutral,0.4812952196425544,0.14869402524636274,0.3700107551110829
25978,LOF,0.23900077232351008,0.22184287732096641,0.5391563503555236
25979,LOF,0.13064958026830126,0.2599220312337231,0.6094283884979756
25980,Neutral,0.38707476804845337,0.2270024858229418,0.38592274612860483
25981,Neutral,0.38707476804845337,0.2270024858229418,0.38592274612860483
25982,LOF,0.23976609132806403,0.23883020993925508,0.5214036987326809
25983,LOF,0.15074343447928146,0.315574560920806,0.5336820045999126
25984,LOF,0.06626886126602406,0.2374294887439632,0.6963016499900126
25985,Neutral,0.6823629591748216,0.21166573942892183,0.10597130139625659
25986,GOF,0.05290721366432435,0.6660120396111348,0.28108074672454086
25987,LOF,0.3962142253336506,0.09764874047552533,0.5061370341908241
25988,LOF,0.06203588088971948,0.1754259257392917,0.7625381933709888
25989,LOF,0.05434473010580225,0.4083209876901222,0.5373342822040755
25990,LOF,0.06054127267868937,0.4435153428366212,0.4959433844846894
25991,GOF,0.06699927783761597,0.5476280862611344,0.38537263590124965
25992,GOF,0.09845882214694855,0.6638083710790333,0.2377328067740181
25993,LOF,0.07595430809830246,0.13075187841096753,0.7932938134907301
25994,LOF,0.060808031381949255,0.1985442464435372,0.7406477221745136
25995,LOF,0.055822708370529404,0.23648386020991033,0.7076934314195603
25996,GOF,0.2987502257394685,0.4556081273905595,0.24564164686997195
25997,GOF,0.18614919761681362,0.5957214725153885,0.21812932986779776
25998,LOF,0.26715726603131573,0.339000447787556,0.39384228618112815
25999,LOF,0.0269819343926921,0.47296857693704736,0.5000494886702606
26000,LOF,0.3030456876110747,0.0816642923658139,0.6152900200231114
26001,LOF,0.20805302487763186,0.3527085509719283,0.43923842415043984
26002,LOF,0.34280336056422117,0.12996992030587876,0.5272267191299002
26003,GOF,0.06479111521584373,0.6672346338954659,0.26797425088869037
26004,GOF,0.1062944130394971,0.6545274635501837,0.23917812341031913
26005,GOF,0.08055526918505701,0.74317185005867,0.1762728807562731
26006,GOF,0.07834264442164705,0.6917991171513294,0.22985823842702344
26007,GOF,0.052776234046610096,0.7260416610395111,0.22118210491387888
26008,GOF,0.11823582186080674,0.6368534825989582,0.2449106955402351
26009,GOF,0.07539495793436259,0.6600894237808169,0.2645156182848206
26010,GOF,0.07379388861083647,0.7319005146380538,0.19430559675110956
26011,GOF,0.05001627504542407,0.7446882903775647,0.20529543457701127
26012,GOF,0.04724246315599678,0.6922020154291514,0.2605555214148519
26013,GOF,0.06162112959452437,0.7242863484654757,0.2140925219399999
26014,Neutral,0.4724846898165881,0.14775719614218097,0.37975811404123094
26015,LOF,0.3073358540058871,0.2488058050967897,0.4438583408973233
26016,LOF,0.1940779683750409,0.3548031941199525,0.4511188375050066
26017,GOF,0.033392956599099084,0.5429534457753274,0.4236535976255734
26018,LOF,0.05694200550083352,0.2141782064335802,0.7288797880655864
26019,LOF,0.06303666270721713,0.14433103035026076,0.7926323069425221
26020,GOF,0.038355501489600506,0.5359835307596769,0.4256609677507227
26021,LOF,0.35042149749236295,0.2011053738219255,0.44847312868571154
26022,LOF,0.31908825716151773,0.10963365866391651,0.5712780841745658
26023,LOF,0.07759164430849773,0.1268221114327811,0.795586244258721
26024,LOF,0.1442100647939583,0.24464849338067635,0.6111414418253655
26025,GOF,0.03624214300018729,0.5171150698433508,0.44664278715646205
26026,GOF,0.03468236576577903,0.5991277233943978,0.36618991083982316
26027,LOF,0.06513136397168243,0.16121537167095287,0.7736532643573647
26028,GOF,0.2308903235542769,0.4519835803837933,0.31712609606192976
26029,GOF,0.07138527163383732,0.7036553166713585,0.22495941169480427
26030,Neutral,0.5818025051504264,0.03463026629891179,0.38356722855066167
26031,GOF,0.05716025931126425,0.6732741763306126,0.269565564358123
26032,LOF,0.06747070534852358,0.1192759408555132,0.8132533537959632
26033,LOF,0.07801622051395903,0.14603544076432873,0.7759483387217123
26034,GOF,0.06032934350567963,0.6480157084701442,0.29165494802417613
26035,GOF,0.06276525402605439,0.6361074015297983,0.30112734444414735
26036,LOF,0.05543374402907381,0.4709800508284635,0.4735862051424626
26037,GOF,0.06529174520980756,0.7278709765325411,0.20683727825765125
26038,LOF,0.060004440386521606,0.1807412037685509,0.7592543558449275
26039,GOF,0.065317039791413,0.503251018078618,0.43143194212996894
26040,LOF,0.06271751162364196,0.2034221221517965,0.7338603662245615
26041,GOF,0.11160891584095776,0.5914960717085035,0.2968950124505389
26042,GOF,0.1044563947727823,0.5880757248288129,0.3074678803984047
26043,LOF,0.06915219003962479,0.3827118229352161,0.5481359870251591
26044,Neutral,0.4775074591627047,0.20210535421125364,0.32038718662604176
26045,GOF,0.1231735693890946,0.7023840014160129,0.17444242919489256
26046,LOF,0.07000983475592577,0.3132646889085908,0.6167254763354834
26047,LOF,0.10355563921262527,0.1990967721482362,0.6973475886391385
26048,Neutral,0.5087211774606484,0.09518434639883644,0.3960944761405152
26049,Neutral,0.6269890614449122,0.1285752067140361,0.2444357318410517
26050,Neutral,0.6726903968063325,0.07294974052723141,0.25435986266643607
26051,GOF,0.03362292476852358,0.7688049168062526,0.1975721584252238
26052,GOF,0.052999551036363765,0.7626005428837306,0.1843999060799057
26053,Neutral,0.42001494484284013,0.1684187025347505,0.41156635262240937
26054,Neutral,0.6746958047492791,0.05897712392652128,0.26632707132419964
26055,Neutral,0.6746958047492791,0.05897712392652128,0.26632707132419964
26056,Neutral,0.6746958047492791,0.05897712392652128,0.26632707132419964
26057,LOF,0.05577160117339797,0.3702920444264231,0.573936354400179
26058,LOF,0.053205832437350456,0.3058994139336569,0.6408947536289927
26059,Neutral,0.8291587588725265,0.04797611419443865,0.12286512693303475
26060,GOF,0.05591302653757174,0.6589359905007396,0.2851509829616887
26061,LOF,0.3822137177078674,0.08854314773220918,0.5292431345599234
26062,LOF,0.37946441387797586,0.06306849094311288,0.5574670951789112
26063,LOF,0.06486408501329637,0.1609966599206034,0.7741392550661003
26064,Neutral,0.42769252260600776,0.15553582479547226,0.41677165259851995
26065,LOF,0.06339868993346756,0.25629703771250073,0.6803042723540316
26066,LOF,0.06820055573535447,0.15239729221724568,0.7794021520473999
26067,LOF,0.0780849484282453,0.14503948313240728,0.7768755684393475
26068,Neutral,0.6268611235595262,0.07742761735323887,0.295711259087235
26069,Neutral,0.6078746263580752,0.0724863830556729,0.31963899058625195
26070,Neutral,0.6078746263580752,0.0724863830556729,0.31963899058625195
26071,LOF,0.06353933363103974,0.15568518917749513,0.7807754771914651
26072,LOF,0.34694604421786956,0.07662155135363993,0.5764324044284905
26073,LOF,0.06427825695371928,0.14728311825425325,0.7884386247920273
26074,Neutral,0.80076471185027,0.05612796277844311,0.1431073253712869
26075,Neutral,0.6240197192242162,0.08160968814441967,0.2943705926313642
26076,LOF,0.06258888781748691,0.14719914055166236,0.7902119716308508
26077,Neutral,0.5521078280622393,0.028452367175244124,0.4194398047625166
26078,LOF,0.4295137585580241,0.10707175894686824,0.46341448249510764
26079,Neutral,0.6746375445166022,0.08411807029513718,0.24124438518826072
26080,Neutral,0.6746375445166022,0.08411807029513718,0.24124438518826072
26081,LOF,0.07131798398355055,0.1515649162850362,0.7771170997314132
26082,LOF,0.42333034846120365,0.1283824578813583,0.44828719365743797
26083,LOF,0.05112240836278704,0.21991260295868917,0.7289649886785238
26084,LOF,0.05112240836278704,0.21991260295868917,0.7289649886785238
26085,LOF,0.050838372380559056,0.22872927311693603,0.720432354502505
26086,LOF,0.05802690946623933,0.2040513463409254,0.7379217441928353
26087,LOF,0.059041611588263154,0.20929197703846247,0.7316664113732744
26088,LOF,0.4339500945417005,0.12443185602121248,0.44161804943708693
26089,Neutral,0.6614375309670133,0.07479711620454772,0.26376535282843905
26090,Neutral,0.6614375309670133,0.07479711620454772,0.26376535282843905
26091,LOF,0.06353643040103803,0.15128848057293348,0.7851750890260285
26092,LOF,0.07374349371077708,0.1719984738363949,0.7542580324528281
26093,LOF,0.07374349371077708,0.1719984738363949,0.7542580324528281
26094,LOF,0.07759164430849773,0.1268221114327811,0.795586244258721
26095,LOF,0.34798281514149404,0.10076416001857509,0.5512530248399308
26096,Neutral,0.5357001943302705,0.047000128117767645,0.41729967755196185
26097,LOF,0.3341667237022845,0.06701727525814681,0.5988160010395688
26098,Neutral,0.6703187185549169,0.061841780159073004,0.2678395012860102
26099,LOF,0.06412036909969054,0.16353361158917784,0.7723460193111316
26100,LOF,0.06412036909969054,0.16353361158917784,0.7723460193111316
26101,LOF,0.06349406199451005,0.24969802922918807,0.6868079087763019
26102,LOF,0.06298729118826839,0.15439172605730214,0.7826209827544294
26103,Neutral,0.38707476804845337,0.2270024858229418,0.38592274612860483
26104,Neutral,0.7082474044581992,0.07914074013224646,0.21261185540955432
26105,LOF,0.278730015110693,0.18171513788744578,0.5395548470018612
26106,Neutral,0.43634135432665205,0.22819201631800873,0.3354666293553393
26107,GOF,0.03254321083634952,0.6250189714014638,0.3424378177621866
26108,GOF,0.26659588015935537,0.499795894816507,0.23360822502413767
26109,LOF,0.40108006454218026,0.16671184000471026,0.43220809545310945
26110,Neutral,0.48193876680785747,0.14249515851626024,0.3755660746758823
26111,LOF,0.05831463427635946,0.4499722939869333,0.49171307173670714
26112,LOF,0.06513136397168243,0.16121537167095287,0.7736532643573647
26113,LOF,0.06796478110636726,0.26839879119599136,0.6636364276976415
26114,LOF,0.3190926102277655,0.20840789327014864,0.4724994965020857
26115,GOF,0.023991971682655808,0.6765303035420471,0.2994777247752971
26116,LOF,0.061798220903003666,0.44195885957925096,0.49624291951774546
26117,Neutral,0.38707476804845337,0.2270024858229418,0.38592274612860483
26118,LOF,0.06473156249659796,0.16211304736253884,0.7731553901408633
26119,LOF,0.01994829132587756,0.43114295200432273,0.5489087566697997
26120,LOF,0.0640525299745464,0.14404514701538176,0.7919023230100719
26121,LOF,0.0321816105742749,0.2996679651679035,0.6681504242578216
26122,LOF,0.025633061725526703,0.302805073790726,0.6715618644837472
