feature0,prediction,LoGoFunc_Neutral,LoGoFunc_GOF,LoGoFunc_LOF
25546,Neutral,0.7457537845802903,0.02578993741874651,0.22845627800096327
25547,Neutral,0.5913117892942547,0.06606899861049957,0.34261921209524593
25548,Neutral,0.5600683532526262,0.04825229854701833,0.39167934820035555
25549,Neutral,0.4898622999466676,0.04790636027797554,0.4622313397753569
25550,LOF,0.3279816405559837,0.1213893560999195,0.5506290033440968
25551,LOF,0.2849180051141508,0.13545379098584195,0.5796282039000072
25552,LOF,0.1936547885862489,0.13900149971267273,0.6673437117010783
25553,Neutral,0.8282564422673455,0.029642248716538856,0.14210130901611556
25554,LOF,0.22592666761806135,0.1266745376095673,0.6473987947723714
25555,LOF,0.1820112914463952,0.10645725817594826,0.7115314503776565
25556,LOF,0.37462503962464805,0.11059249253991366,0.5147824678354382
25557,LOF,0.17588373033008514,0.1189668986430273,0.7051493710268876
25558,LOF,0.21915373607507269,0.129056152404854,0.6517901115200734
25559,LOF,0.3702725753532282,0.061120571381540485,0.5686068532652313
25560,LOF,0.05676821933622459,0.18365459284079425,0.7595771878229811
25561,LOF,0.10906218868837887,0.2187166775024985,0.6722211338091226
25562,LOF,0.1048551470937332,0.08676665703659905,0.8083781958696676
25563,LOF,0.10839907139535343,0.08661908590669745,0.8049818426979491
25564,LOF,0.14876500628971406,0.17081730619371094,0.680417687516575
25565,LOF,0.1387479557168354,0.16893641003817256,0.6923156342449921
25566,GOF,0.014045522103398995,0.7588310059958009,0.2271234719008002
25567,LOF,0.0156657121090999,0.13069789707628385,0.8536363908146162
25568,LOF,0.05228189975887833,0.056188756435518204,0.8915293438056036
25569,LOF,0.06575844516360231,0.06099400336608851,0.8732475514703092
25570,LOF,0.06893183920929417,0.09283311780703259,0.8382350429836734
25571,LOF,0.06230375185801556,0.08446084030260909,0.8532354078393755
25572,LOF,0.06541449489847585,0.13365140043104362,0.8009341046704804
25573,LOF,0.02827828952324687,0.09297319829286757,0.8787485121838856
25574,LOF,0.018749655086761893,0.15185459257095776,0.8293957523422804
25575,LOF,0.04976536869601232,0.09879202445695176,0.851442606847036
25576,LOF,0.020715440799460888,0.11759448613860514,0.8616900730619339
25577,LOF,0.01508237774102512,0.1384388572545902,0.8464787650043847
25578,LOF,0.2247335605209325,0.08340057437754338,0.691865865101524
25579,LOF,0.2264398190921659,0.08258933652850879,0.6909708443793253
25580,LOF,0.03489283644852102,0.08155457338362741,0.8835525901678516
25581,LOF,0.05106925275881506,0.0667956327960819,0.8821351144451031
25582,LOF,0.05040407003685348,0.06500016537536811,0.8845957645877783
25583,LOF,0.043231605896827986,0.08901036132322832,0.8677580327799438
25584,LOF,0.4377363961320343,0.08626772169724917,0.4759958821707165
25585,LOF,0.03559237709244195,0.10899171948420679,0.8554159034233513
25586,LOF,0.03863343146087788,0.07300271136632377,0.8883638571727983
25587,LOF,0.035751580968472176,0.0705832867087557,0.8936651323227721
25588,LOF,0.035928759954727336,0.09581756617543599,0.8682536738698367
25589,Neutral,0.6025192848465558,0.10721395413477272,0.29026676101867144
25590,LOF,0.02907191459144422,0.1289718611196585,0.8419562242888972
25591,LOF,0.10527627375665073,0.05523868993371629,0.839485036309633
25592,LOF,0.10263699716913258,0.13375320090384826,0.7636098019270191
25593,LOF,0.017358036409508094,0.2349514055665166,0.7476905580239752
25594,LOF,0.03619392935819132,0.17021286702624838,0.7935932036155604
25595,LOF,0.054969337941052784,0.12196407177543728,0.8230665902835099
25596,LOF,0.0580803284879497,0.0900775291415958,0.8518421423704544
25597,LOF,0.05710438490654766,0.06871494815934577,0.8741806669341067
25598,LOF,0.041709626054110084,0.15927263591754562,0.7990177380283443
25599,GOF,0.007068740943779241,0.7832137219129325,0.20971753714328822
25600,GOF,0.009409684999021464,0.5800685974735107,0.4105217175274678
25601,LOF,0.0072020515488929225,0.4642905657757014,0.5285073826754056
25602,LOF,0.01941427204283264,0.05679051442879798,0.9237952135283692
25603,LOF,0.03500031014272276,0.038227475350547754,0.9267722145067295
25604,LOF,0.046692859656945224,0.057538787549708016,0.8957683527933467
25605,LOF,0.010742594860172207,0.2527077997194122,0.7365496054204156
25606,LOF,0.06132988350889804,0.44505139050878606,0.49361872598231576
25607,LOF,0.004674116598331011,0.15404320520491882,0.8412826781967502
25608,LOF,0.06386020286703738,0.06119561800969446,0.8749441791232682
25609,LOF,0.06297112995017191,0.40639913226397506,0.530629737785853
25610,LOF,0.04683025124313417,0.03559706589601439,0.9175726828608515
25611,LOF,0.05153699529088914,0.03317740793958314,0.9152855967695278
25612,LOF,0.11080925940547055,0.05530169328205791,0.8338890473124715
25613,LOF,0.09683003484685075,0.05233934535257273,0.8508306198005765
25614,LOF,0.037548221824591596,0.04370663084382521,0.9187451473315833
25615,LOF,0.05377684744372303,0.04293504360803585,0.9032881089482412
25616,LOF,0.03793090318474334,0.04349553539808873,0.9185735614171678
25617,LOF,0.0351493787692442,0.04970504594675626,0.9151455752839994
25618,LOF,0.24988505283079104,0.04229240687600898,0.7078225402932
25619,LOF,0.038299072280906475,0.040922234008216964,0.9207786937108766
25620,LOF,0.044187067809147954,0.051270918414616805,0.9045420137762352
25621,LOF,0.03792734770512683,0.03564663121589482,0.9264260210789784
25622,LOF,0.033018511143302315,0.049923702908177166,0.9170577859485205
25623,LOF,0.06955888462857471,0.03449987108458942,0.8959412442868359
25624,LOF,0.030888252628112445,0.05109168932201296,0.9180200580498746
25625,LOF,0.03780491317763889,0.05645668292611426,0.9057384038962467
25626,LOF,0.08255744426499467,0.04008919633618895,0.8773533593988163
25627,Neutral,0.5822748058337077,0.0999965254239489,0.31772866874234335
25628,LOF,0.19854295317980047,0.057400988577715105,0.7440560582424844
25629,LOF,0.07312186792263665,0.132266553093797,0.7946115789835664
25630,LOF,0.1828803200174206,0.10488251568001503,0.7122371643025643
25631,Neutral,0.6204899836474979,0.07011338737783208,0.30939662897466996
25632,LOF,0.0251585174721061,0.09302851593648488,0.881812966591409
25633,LOF,0.22981103921545099,0.11636747676556104,0.653821484018988
25634,LOF,0.039605579084579096,0.12355798430343064,0.8368364366119904
25635,LOF,0.04545781472545843,0.10334830172392737,0.8511938835506143
25636,GOF,0.005832283395869241,0.6359781802281995,0.35818953637593115
25637,GOF,0.005151569821636889,0.5646546302737081,0.43019379990465495
25638,LOF,0.009121602402562094,0.4725701616796038,0.5183082359178341
25639,LOF,0.005359748096942656,0.44753195026781345,0.5471083016352439
25640,GOF,0.3718245175071188,0.586652912685917,0.04152256980696424
25641,LOF,0.00618728549253331,0.3200219959375802,0.6737907185698865
25642,LOF,0.2433091604736855,0.06594233567421286,0.6907485038521016
25643,LOF,0.18225926776171572,0.2843247553361262,0.5334159769021581
25644,GOF,0.025441645576232144,0.7184052236719762,0.2561531307517917
25645,GOF,0.018898144614956047,0.6716088130328678,0.30949304235217606
25646,GOF,0.019451565106299296,0.49804499626690973,0.482503438626791
25647,LOF,0.016277783590080516,0.3849639465693896,0.5987582698405298
25648,LOF,0.01414187473285233,0.4068137944010297,0.5790443308661181
25649,LOF,0.012948828939939136,0.3191711885019699,0.667879982558091
25650,GOF,0.04102075423471129,0.7077946857434064,0.25118456002188216
25651,LOF,0.011285316614898212,0.3644698546272427,0.624244828757859
25652,LOF,0.019211377249631255,0.34209272949968544,0.6386958932506832
25653,GOF,0.08206488507448495,0.6074333825518359,0.3105017323736792
25654,LOF,0.014591155769696038,0.397484753618157,0.5879240906121469
25655,GOF,0.10673216138246876,0.5349187268357182,0.3583491117818131
25656,LOF,0.058505373086031195,0.08534469874845159,0.8561499281655173
25657,LOF,0.3025657752324077,0.03485555565546776,0.6625786691121246
25658,LOF,0.029533702185846188,0.12132752597503683,0.849138771839117
25659,LOF,0.2262253104411702,0.07577608228769589,0.6979986072711339
25660,LOF,0.10525482806452886,0.09157641599304571,0.8031687559424254
25661,LOF,0.08198539803609992,0.06516255787958034,0.8528520440843197
25662,LOF,0.034242229245186974,0.04178859210853134,0.9239691786462816
25663,LOF,0.04321893109636763,0.08058985205809048,0.8761912168455418
25664,LOF,0.030581322530962015,0.13414652483379466,0.8352721526352432
25665,LOF,0.05418464220203622,0.046718950701288495,0.8990964070966753
25666,LOF,0.03832120661706001,0.18949645524096786,0.7721823381419722
25667,LOF,0.03476849052143842,0.05808988602200134,0.9071416234565602
25668,LOF,0.04663037791721084,0.05645529309429707,0.8969143289884922
25669,LOF,0.05088804887325314,0.09339376590855186,0.855718185218195
25670,LOF,0.1527026720384875,0.10272015257520122,0.7445771753863113
25671,LOF,0.042422038569683566,0.04724530483674778,0.9103326565935687
25672,LOF,0.05359158622161267,0.07510547046747715,0.8713029433109102
25673,LOF,0.037121878081816335,0.08566333227044351,0.8772147896477401
25674,LOF,0.02828690525303688,0.09543890447797534,0.8762741902689878
25675,LOF,0.03568953048887412,0.0815293407338586,0.8827811287772672
25676,LOF,0.03410599939761718,0.06093868568136326,0.9049553149210195
25677,LOF,0.08867387287032756,0.05688950124188627,0.8544366258877862
25678,LOF,0.14610763634209792,0.049397556671721535,0.8044948069861805
25679,LOF,0.10289940130749856,0.07316657562177144,0.8239340230707299
25680,LOF,0.09054185594849723,0.09041323242849704,0.8190449116230056
25681,LOF,0.10251946321384896,0.08176095991360097,0.8157195768725501
25682,LOF,0.05227544358269286,0.07149188323481903,0.8762326731824881
25683,LOF,0.07437725681386514,0.11077600452103568,0.8148467386650992
25684,LOF,0.06400753264648094,0.06902287467533261,0.8669695926781865
25685,LOF,0.11265468797786869,0.05030108635245491,0.8370442256696764
25686,LOF,0.03586063756969723,0.11501436395737762,0.8491249984729252
25687,LOF,0.061718331645616985,0.101562993525029,0.836718674829354
25688,LOF,0.018689096292049272,0.0831984046548308,0.89811249905312
25689,LOF,0.016173533520521702,0.0514708559793107,0.9323556105001676
25690,LOF,0.01759101952973644,0.06271160846728786,0.9196973720029757
25691,LOF,0.1278216448908676,0.09190170921517121,0.7802766458939612
25692,LOF,0.17080247912182345,0.01320767860071148,0.8159898422774651
25693,LOF,0.044593822212216284,0.15150962563488266,0.8038965521529011
25694,LOF,0.26664607204507274,0.016235964472429164,0.7171179634824981
25695,LOF,0.2073797410659009,0.023333907910133414,0.7692863510239656
25696,LOF,0.14319782712895487,0.018633007958122682,0.8381691649129225
25697,LOF,0.11136582935248442,0.04038482811849222,0.8482493425290234
25698,LOF,0.021706633689998152,0.314401021819624,0.6638923444903779
25699,LOF,0.09209890252176034,0.10397506992051085,0.8039260275577287
25700,LOF,0.03599353837312653,0.017479740999742203,0.9465267206271313
25701,LOF,0.019337277051531453,0.10569639683337462,0.874966326115094
25702,GOF,0.025046683832558113,0.7239672864202831,0.2509860297471589
25703,LOF,0.015165937049595816,0.20721747545735494,0.7776165874930492
25704,LOF,0.0931278591726666,0.19892035066472055,0.7079517901626129
25705,LOF,0.08919327910658151,0.2852053943172278,0.6256013265761906
25706,GOF,0.020290379197532484,0.6361834007103733,0.34352622009209427
25707,GOF,0.025522083147502435,0.6427132694028521,0.3317646474496453
25708,GOF,0.008701022945315167,0.6014606363300683,0.38983834072461643
25709,LOF,0.026242854179180434,0.09987275021049187,0.8738843956103276
25710,LOF,0.005107502604615103,0.28049135641500517,0.7144011409803798
25711,LOF,0.030745349769393124,0.1598935162591545,0.8093611339714524
25712,LOF,0.007016053607710652,0.3320058336993681,0.6609781126929213
25713,LOF,0.025882112594952055,0.14256136053513235,0.8315565268699157
25714,LOF,0.029816534224307873,0.17561838705954577,0.7945650787161463
25715,LOF,0.03337917302514317,0.15854847606893926,0.8080723509059176
25716,LOF,0.008681889290769827,0.17269675861274808,0.8186213520964821
25717,LOF,0.00568897849204452,0.1946840154460055,0.7996270060619499
25718,LOF,0.0281809865053768,0.11480255143567915,0.8570164620589441
25719,LOF,0.038289551540698435,0.1320731624217236,0.8296372860375779
25720,LOF,0.03742007883225223,0.1278637966929072,0.8347161244748407
25721,LOF,0.032024069702092206,0.11605151772522038,0.8519244125726875
25722,LOF,0.020249386970947775,0.15413821913682513,0.8256123938922271
25723,LOF,0.03139089192701805,0.10550658498346886,0.8631025230895132
25724,LOF,0.02757505163646706,0.19676977241638363,0.7756551759471492
25725,LOF,0.031579404761647493,0.10543389373988042,0.8629867014984721
25726,LOF,0.020346638866557708,0.14648692915171715,0.8331664319817251
25727,LOF,0.027977700630750512,0.14844680606685165,0.8235754933023979
25728,LOF,0.02962190872209541,0.12671463596236968,0.8436634553155349
25729,LOF,0.02911661379517497,0.14274388277116473,0.8281395034336603
25730,LOF,0.03213133534483328,0.09989952048162028,0.8679691441735464
25731,LOF,0.01004419967887205,0.24361159930916518,0.7463442010119627
25732,LOF,0.02346902633092336,0.11976908283930969,0.856761890829767
25733,LOF,0.03767057520673875,0.12099502153603003,0.8413344032572312
25734,LOF,0.006321930882498253,0.3352387986052034,0.6584392705122983
25735,LOF,0.028474915490948174,0.09555864197186917,0.8759664425371827
25736,LOF,0.0253337086088167,0.1669807281634561,0.8076855632277272
25737,LOF,0.0633359194817646,0.15869743192081234,0.7779666485974229
25738,LOF,0.027302938577862607,0.20179890940409045,0.7708981520180469
25739,LOF,0.031442174299135504,0.16179552381652085,0.8067623018843436
25740,LOF,0.03543931324033298,0.16642459430916665,0.7981360924505004
25741,LOF,0.03913699104604742,0.15088932068072916,0.8099736882732234
25742,LOF,0.05404848262017001,0.15225577299718537,0.7936957443826446
25743,LOF,0.012187105951418902,0.02196134569048805,0.9658515483580931
25744,LOF,0.22764963830885887,0.17954712375138188,0.5928032379397592
25745,LOF,0.047996254088674056,0.056758393287655765,0.8952453526236702
25746,LOF,0.01830588448322854,0.08903333561975187,0.8926607798970195
25747,LOF,0.040966959951574206,0.02517707424090343,0.9338559658075224
25748,LOF,0.2967582885970317,0.046683001765287425,0.6565587096376809
25749,LOF,0.015111879877658052,0.04810164219939561,0.9367864779229464
25750,LOF,0.02343085439849382,0.051595303668921,0.9249738419325851
25751,LOF,0.04113056608484962,0.041475823631821576,0.9173936102833288
25752,GOF,0.08187464360879967,0.7089807782530148,0.20914457813818554
25753,LOF,0.005885833206448312,0.43378298505913354,0.5603311817344182
25754,GOF,0.0073202337889524075,0.8795532630871558,0.11312650312389164
25755,LOF,0.005655135163893213,0.4731046366715582,0.5212402281645485
25756,LOF,0.02456414884931965,0.4806559113068466,0.4947799398438338
25757,GOF,0.007941990684503379,0.8680339119907382,0.12402409732475841
25758,GOF,0.008479707828541337,0.8708545620697342,0.1206657301017244
25759,GOF,0.005799954902933707,0.6615544941508164,0.3326455509462499
25760,LOF,0.004816795410395944,0.3734111110786326,0.6217720935109715
25761,GOF,0.04863090186278672,0.8428973860285971,0.10847171210861616
25762,LOF,0.02742645406248102,0.4131533964926468,0.5594201494448722
25763,LOF,0.005511457300776931,0.3085304940396756,0.6859580486595476
25764,GOF,0.056880786618216335,0.6536762696769653,0.2894429437048183
25765,GOF,0.007896337119256894,0.8795897589139084,0.11251390396683474
25766,GOF,0.04812463346405457,0.8078277518974338,0.14404761463851168
25767,LOF,0.01974177557677255,0.4652102489737798,0.5150479754494476
25768,LOF,0.057093780827339326,0.04643910892413674,0.896467110248524
25769,LOF,0.03384918200286107,0.08060005640918246,0.8855507615879564
25770,LOF,0.13677815521443645,0.0689209699261664,0.7943008748593972
25771,LOF,0.01683765686772608,0.06541103354003926,0.9177513095922347
25772,LOF,0.03148988131635936,0.025777533922040775,0.9427325847615998
25773,LOF,0.021677104883793104,0.07077216976256397,0.9075507253536429
25774,LOF,0.028160708666644527,0.09679049292624342,0.8750487984071121
25775,LOF,0.022434871374168327,0.03864613240457324,0.9389189962212584
25776,LOF,0.033080441659306924,0.021030989634131716,0.9458885687065614
25777,LOF,0.16719719875696132,0.06634364055675138,0.7664591606862874
25778,LOF,0.026923248973363394,0.0497008832399046,0.923375867786732
25779,GOF,0.07606959335372081,0.8553908682310986,0.06853953841518048
25780,GOF,0.10213090307062428,0.8412509958365143,0.0566181010928614
25781,GOF,0.03841925555198188,0.8467410002647654,0.11483974418325282
25782,GOF,0.04908140343120998,0.8868163397888922,0.06410225677989795
25783,GOF,0.04864543355527191,0.9014638847482924,0.04989068169643562
25784,GOF,0.1398069507362429,0.8147325569358005,0.04546049232795661
25785,GOF,0.14095303403487985,0.8213727049228365,0.03767426104228357
25786,GOF,0.014451258572303772,0.8763442139543223,0.10920452747337377
25787,GOF,0.29830236228070545,0.6596555769351051,0.0420420607841894
25788,LOF,0.018043585168446667,0.15290843988108355,0.8290479749504698
25789,GOF,0.02338595349818057,0.8332259864593335,0.1433880600424859
25790,GOF,0.03876573759226533,0.8615169753444368,0.09971728706329798
25791,GOF,0.037563570148128826,0.7278618771024404,0.2345745527494307
25792,GOF,0.04359735768253221,0.7781977405645372,0.17820490175293074
25793,GOF,0.07824591436841563,0.8054502040574043,0.11630388157417994
25794,GOF,0.06792702604260771,0.7242505291168887,0.2078224448405036
25795,GOF,0.07277766733779004,0.7097059053777552,0.21751642728445464
25796,GOF,0.15503555432932387,0.7514077284511961,0.09355671721947997
25797,GOF,0.10997328849228041,0.7220424229840027,0.16798428852371688
25798,GOF,0.008092083872989623,0.7254834606778843,0.2664244554491261
25799,GOF,0.005012329030893648,0.6505355650578882,0.3444521059112181
25800,GOF,0.03259089201589987,0.8166240497152273,0.15078505826887287
25801,GOF,0.026608292013500033,0.8940735569451468,0.07931815104135322
25802,GOF,0.03815064639909328,0.779908283454003,0.18194107014690378
25803,GOF,0.02505258600076478,0.6688370496974972,0.30611036430173794
25804,GOF,0.04017525818903273,0.7214916020819852,0.23833313972898207
25805,GOF,0.042646345329521836,0.7397450009574702,0.21760865371300805
25806,GOF,0.06003738141896218,0.7545965266005507,0.18536609198048712
25807,GOF,0.01617138498412529,0.7059064998569166,0.27792211515895815
25808,GOF,0.03188804937131946,0.7320552678287069,0.23605668279997372
25809,GOF,0.013948058104895978,0.6781561805446487,0.3078957613504553
25810,GOF,0.01190938535559356,0.6587082633373257,0.3293823513070807
25811,GOF,0.07029878078281215,0.8580088118362533,0.07169240738093438
25812,GOF,0.03546298938277713,0.7670410765975643,0.19749593401965848
25813,GOF,0.18153556658302653,0.7438880374322093,0.07457639598476422
25814,GOF,0.03869295762592755,0.7838056515203321,0.17750139085374037
25815,GOF,0.07028954988154208,0.8272471841809879,0.10246326593746988
25816,GOF,0.011922834361641618,0.8685284307996943,0.11954873483866418
25817,GOF,0.1325698102334046,0.7696507253090206,0.09777946445757471
25818,GOF,0.03250001352498811,0.7471670623090017,0.22033292416601022
25819,GOF,0.0657905464661293,0.708916043078221,0.22529341045564985
25820,GOF,0.061328794161280266,0.6574618602614217,0.28120934557729793
25821,GOF,0.03959712709628459,0.7140618192088816,0.24634105369483383
25822,GOF,0.07866076672718834,0.6793697203332544,0.24196951293955718
25823,GOF,0.03378872565507562,0.670579636541726,0.29563163780319834
25824,GOF,0.04186033129996549,0.7496827172884107,0.2084569514116239
25825,GOF,0.03179170122988493,0.738521307925392,0.2296869908447231
25826,GOF,0.013912736094618374,0.6720926125483845,0.31399465135699717
25827,GOF,0.0185187311767296,0.6641462005930339,0.3173350682302366
25828,GOF,0.014946913380940978,0.7091937390027145,0.27585934761634445
25829,GOF,0.005040613679217014,0.6354994738905874,0.35945991243019554
25830,GOF,0.042750422820726705,0.5003717761615795,0.45687780101769393
25831,GOF,0.07254624166156637,0.7792572578046033,0.1481965005338304
25832,GOF,0.012126640237030277,0.7093979804242997,0.27847537933866995
25833,GOF,0.04494980592892287,0.7874065052438759,0.1676436888272013
25834,GOF,0.012654029432129985,0.7327469857412053,0.2545989848266648
25835,GOF,0.03019132541062995,0.7965006663461018,0.17330800824326828
25836,GOF,0.008816123930465025,0.7010797906042999,0.290104085465235
25837,GOF,0.011939444871248144,0.7223630621354105,0.2656974929933414
25838,GOF,0.0308311403542004,0.8055113755927653,0.16365748405303432
25839,GOF,0.09998574789099293,0.7591503733318516,0.14086387877715542
25840,GOF,0.12020533232795116,0.7412379403013771,0.1385567273706718
25841,GOF,0.1102578279088006,0.7827217608774609,0.10702041121373833
25842,GOF,0.03736061885251748,0.8491669769760588,0.11347240417142362
25843,GOF,0.036806848136524295,0.85770429928837,0.1054888525751058
25844,GOF,0.02657677675410429,0.7882747072732791,0.18514851597261675
25845,GOF,0.00724459241587249,0.683122714427121,0.30963269315700653
25846,GOF,0.08100313560770876,0.811323653276312,0.1076732111159793
25847,GOF,0.024556319422597134,0.8498014163286368,0.12564226424876598
25848,GOF,0.034491635529198504,0.8084812109620588,0.15702715350874263
25849,GOF,0.0098802774805006,0.7846730785463711,0.20544664397312828
25850,GOF,0.008589290038985375,0.6744593184213659,0.3169513915396488
25851,GOF,0.00807079571095127,0.6217191117594445,0.3702100925296041
25852,GOF,0.1730192870421309,0.5290158676905856,0.2979648452672835
25853,GOF,0.0808791313662327,0.7750224332017556,0.14409843543201176
25854,GOF,0.006770215064439332,0.6472918199610859,0.34593796497447465
25855,GOF,0.024456070932117244,0.6534226099928487,0.3221213190750339
25856,GOF,0.04797633033081278,0.7260955885870014,0.2259280810821858
25857,GOF,0.02382360110180936,0.6546744310408368,0.32150196785735374
25858,GOF,0.012058809416392527,0.6001351225366868,0.38780606804692075
25859,GOF,0.008515271987858734,0.5714978569206809,0.4199868710914605
25860,GOF,0.0922541255494947,0.7206147018970888,0.1871311725534165
25861,GOF,0.11987060361692886,0.7553721425264042,0.12475725385666701
25862,GOF,0.029144365963710346,0.8622893252695454,0.10856630876674428
25863,GOF,0.027120957196375372,0.8520684471342294,0.12081059566939542
25864,GOF,0.07266538266263954,0.8510561069633552,0.0762785103740053
25865,GOF,0.06286762200213435,0.8136475857869406,0.1234847922109249
25866,GOF,0.031433371308345635,0.8390104482588345,0.12955618043282002
25867,GOF,0.04910112400186456,0.8414246266117839,0.1094742493863516
25868,GOF,0.08898594042903622,0.7541083419989009,0.15690571757206281
25869,GOF,0.4151491566011182,0.4701538603531713,0.11469698304571045
25870,GOF,0.07811868620408043,0.5278353752240896,0.3940459385718299
25871,GOF,0.011092015705217837,0.7994526719156617,0.18945531237912064
25872,GOF,0.028215368276286158,0.7923558628940249,0.17942876882968894
25873,GOF,0.027053062152410334,0.8510033896649539,0.12194354818263567
25874,LOF,0.019188293189308994,0.17196408139518546,0.8088476254155056
25875,LOF,0.027650742615098173,0.08700293691973038,0.8853463204651715
25876,LOF,0.021057579106256236,0.0649093607717746,0.9140330601219692
25877,LOF,0.10661005622859979,0.17642985919153048,0.7169600845798698
25878,LOF,0.07874408205650796,0.20565319635417142,0.7156027215893206
25879,LOF,0.011532888663129,0.15386267360278771,0.8346044377340833
25880,LOF,0.07586233613395518,0.019370488912002215,0.9047671749540426
25881,Neutral,0.535438215438451,0.09595408466560816,0.36860769989594083
25882,LOF,0.06470522497334556,0.027889839725892072,0.9074049353007625
25883,LOF,0.03022460439637273,0.027266699356491945,0.9425086962471354
25884,LOF,0.019633199943686484,0.04431769933593743,0.9360491007203761
25885,LOF,0.17615702943572,0.013980029331797653,0.8098629412324823
25886,LOF,0.2674544009757047,0.053010569488973536,0.6795350295353217
25887,LOF,0.08403959263431836,0.1153166983638616,0.80064370900182
25888,LOF,0.008085678856238088,0.14861532616883547,0.8432989949749264
25889,LOF,0.02634005697565513,0.041491239051160096,0.9321687039731849
25890,LOF,0.19885613697223364,0.06163907264006499,0.7395047903877014
25891,LOF,0.11652720959811075,0.029505814236080907,0.8539669761658083
25892,LOF,0.00878551309004599,0.0322955111834943,0.9589189757264598
25893,LOF,0.33172433094588627,0.011061577663783967,0.6572140913903298
25894,LOF,0.3527117725001278,0.007288198463793499,0.6400000290360788
25895,LOF,0.28350984252559597,0.014063141461916414,0.7024270160124876
25896,LOF,0.07789734980925161,0.03309681611569667,0.8890058340750518
25897,LOF,0.11256098609872585,0.012140428399345886,0.8752985855019282
25898,LOF,0.11136832377637144,0.03136785421368246,0.8572638220099461
25899,LOF,0.4241918502989738,0.033103077022459466,0.5427050726785666
25900,Neutral,0.49870948281279415,0.010154806753488519,0.4911357104337173
25901,LOF,0.10752927709650012,0.012918984902179935,0.8795517380013198
25902,LOF,0.1095748515974814,0.018004658670131117,0.8724204897323875
25903,LOF,0.20928918935506755,0.029169543124699205,0.7615412675202332
25904,Neutral,0.5399701867067694,0.04457088182880326,0.41545893146442725
25905,LOF,0.007993493210514895,0.36994868325050695,0.6220578235389782
25906,LOF,0.009520160759416241,0.06578947177642686,0.9246903674641569
25907,LOF,0.00974593696023868,0.21661632304149414,0.7736377399982671
25908,LOF,0.010204039682567558,0.22887682659549166,0.7609191337219409
25909,LOF,0.034075906730263485,0.08736532767210602,0.8785587655976305
25910,LOF,0.01233434100607424,0.14278191375043792,0.8448837452434877
25911,LOF,0.22556203858130702,0.02604050712729898,0.748397454291394
25912,LOF,0.11300721427632031,0.022297334893075362,0.8646954508306044
25913,LOF,0.017814098215636523,0.0304884857853488,0.9516974159990146
25914,LOF,0.04334513046107152,0.02389032482959084,0.9327645447093377
25915,LOF,0.16532922842834258,0.16479601804673935,0.669874753524918
25916,LOF,0.014434392478295846,0.0841478682351033,0.9014177392866008
25917,LOF,0.07451773617022664,0.026440741693864084,0.8990415221359093
25918,LOF,0.039408030584149836,0.014008796125574822,0.9465831732902753
25919,LOF,0.03546178357101614,0.013965076073534161,0.9505731403554496
25920,LOF,0.3498289466419609,0.20071787853405637,0.4494531748239826
25921,LOF,0.017107819350085592,0.01997843442739883,0.9629137462225157
25922,LOF,0.01550421523656254,0.020224524206656,0.9642712605567814
25923,LOF,0.4402020883027534,0.014244640448627154,0.5455532712486194
25924,LOF,0.02529459713369121,0.025250491974804928,0.9494549108915038
25925,LOF,0.1001189819512615,0.026285330779706313,0.8735956872690323
25926,LOF,0.08724561446659071,0.017007331987509477,0.8957470535458998
25927,LOF,0.024586416579429577,0.04112891336041876,0.9342846700601517
25928,LOF,0.013378868470019175,0.026673513676032143,0.9599476178539488
25929,Neutral,0.5769376360818868,0.01366016828782831,0.409402195630285
25930,LOF,0.09018048827433611,0.013728804449511887,0.896090707276152
25931,LOF,0.015243130605362903,0.018246067480271577,0.9665108019143656
25932,LOF,0.08317573192894064,0.016392996991708233,0.9004312710793512
25933,LOF,0.09228482405002776,0.009851342590817894,0.8978638333591544
25934,LOF,0.08845265671599895,0.007940281743661891,0.9036070615403391
25935,LOF,0.09375315488624691,0.022393098194692432,0.8838537469190606
25936,LOF,0.11114330340904147,0.009526192985194177,0.8793305036057645
25937,LOF,0.02265810233175801,0.015582081582912955,0.9617598160853291
25938,LOF,0.09815159358704947,0.020797866986068957,0.8810505394268815
25939,LOF,0.07165078286087538,0.01314429265260189,0.9152049244865227
25940,GOF,0.011771250292382482,0.5406173478246451,0.44761140188297255
25941,LOF,0.46180082572178516,0.04124801117972503,0.49695116309848975
25942,LOF,0.010361528996281177,0.04911830362230662,0.9405201673814122
25943,LOF,0.05058133938570376,0.2050256008836965,0.7443930597305997
25944,LOF,0.04906067265422077,0.09285283154174194,0.8580864958040373
25945,LOF,0.166506871615649,0.026469708742448257,0.8070234196419027
25946,LOF,0.07733816757496066,0.03347791983992266,0.8891839125851168
25947,Neutral,0.4776753456172377,0.1290745271363671,0.3932501272463953
25948,LOF,0.3578268390105872,0.01266795503399608,0.6295052059554168
25949,LOF,0.12299073084283557,0.06545122676742543,0.811558042389739
25950,GOF,0.10394737706664443,0.5762030615301366,0.319849561403219
25951,LOF,0.011135187570048322,0.43828732966208955,0.5505774827678622
25952,LOF,0.19562322936944157,0.23792402264916754,0.5664527479813909
25953,LOF,0.00834053579398402,0.3402907103399622,0.6513687538660539
25954,GOF,0.08564417690844084,0.4840568280544321,0.43029899503712715
25955,LOF,0.009900823073939514,0.24350298330766149,0.746596193618399
25956,LOF,0.009899067677199084,0.36217268543164355,0.6279282468911573
25957,LOF,0.15323638248677243,0.04506320305586571,0.8017004144573618
25958,LOF,0.032576993308833166,0.06607808118729679,0.90134492550387
25959,GOF,0.006616900773418006,0.7610169053086409,0.23236619391794125
25960,LOF,0.004889106353322791,0.13798154252650902,0.8571293511201682
25961,LOF,0.028806722667500048,0.050620244893066574,0.9205730324394332
25962,LOF,0.03320455837216767,0.09714047482253299,0.8696549668052993
25963,LOF,0.009070181197414142,0.13710545032464275,0.8538243684779432
25964,LOF,0.04490458502704197,0.12145670750727038,0.8336387074656876
25965,LOF,0.19810540817241626,0.1671621468758941,0.6347324449516897
25966,LOF,0.32028552951233186,0.13251098168412118,0.547203488803547
25967,LOF,0.00632416676158712,0.09511428476896666,0.8985615484694461
25968,LOF,0.04651265361807243,0.24579811239922278,0.7076892339827047
25969,LOF,0.15666935308869373,0.06829157410575205,0.7750390728055542
25970,LOF,0.06908736081318667,0.06426645989010493,0.8666461792967084
25971,LOF,0.06729106365132309,0.029509744213783752,0.9031991921348932
25972,LOF,0.08427821769442682,0.05370802415814186,0.8620137581474313
25973,LOF,0.05880111295027512,0.012237689769924787,0.9289611972798002
25974,LOF,0.059689477380408515,0.0440673722043418,0.8962431504152496
25975,LOF,0.0375737239913843,0.017863158391596128,0.9445631176170196
25976,LOF,0.09135296612476354,0.013440695205402656,0.8952063386698338
25977,LOF,0.2242546892184317,0.06207366528782976,0.7136716454937386
25978,LOF,0.15639163105009043,0.1583547333292465,0.6852536356206631
25979,LOF,0.12707126753502704,0.1836917524474621,0.689236980017511
25980,LOF,0.19018042407182267,0.2583487595951254,0.551470816333052
25981,LOF,0.1909239392327137,0.26167464729443424,0.5474014134728521
25982,LOF,0.332294447907519,0.14077365477851606,0.526931897313965
25983,LOF,0.40775330186994213,0.15321026943534796,0.4390364286947098
25984,LOF,0.07279202307797582,0.07640638695509243,0.8508015899669317
25985,Neutral,0.4814011060320649,0.13812222311126995,0.38047667085666514
25986,LOF,0.01414145776416176,0.459830050782659,0.5260284914531792
25987,LOF,0.038581625572115016,0.09490647264113014,0.8665119017867549
25988,LOF,0.06921812595953511,0.12833641686918767,0.8024454571712772
25989,LOF,0.07273862543017562,0.21532921787480552,0.7119321566950189
25990,LOF,0.05595534589154049,0.3789147116173971,0.5651299424910624
25991,GOF,0.024935801419857198,0.5576039749658236,0.4174602236143192
25992,LOF,0.013175955520477605,0.45026273810351564,0.5365613063760069
25993,LOF,0.01789730920292155,0.06507397176228709,0.9170287190347914
25994,LOF,0.027875318354056166,0.06554774025196658,0.9065769413939773
25995,LOF,0.016723786723424148,0.13780606491154343,0.8454701483650324
25996,GOF,0.3546890343686516,0.42463133394406083,0.22067963168728752
25997,GOF,0.05691213557565587,0.4839552716382323,0.45913259278611185
25998,LOF,0.22330926131384193,0.041326561424612746,0.7353641772615453
25999,LOF,0.023664004439720596,0.27354414117182324,0.7027918543884563
26000,LOF,0.12439698482603889,0.015945689627245747,0.8596573255467154
26001,LOF,0.15107899725332832,0.024606586355878746,0.8243144163907928
26002,LOF,0.08983083082348967,0.0293156703241133,0.8808534988523969
26003,GOF,0.005993104156384943,0.6038632933397652,0.39014360250384994
26004,GOF,0.01398744734155119,0.5645473433878104,0.42146520927063835
26005,LOF,0.004855089892682306,0.49037959699968686,0.5047653131076307
26006,GOF,0.10728283900430077,0.5053194967571433,0.387397664238556
26007,GOF,0.009994279537323772,0.5126197311812446,0.47738598928143167
26008,GOF,0.006219616527398415,0.565646207043473,0.42813417642912865
26009,GOF,0.011474379289330297,0.616661021354206,0.3718645993564638
26010,GOF,0.008868697587259184,0.5618432742976762,0.4292880281150646
26011,LOF,0.004866135523463949,0.40467876963481336,0.5904550948417226
26012,GOF,0.005251550597060241,0.5369965408980538,0.4577519085048859
26013,GOF,0.011510286060098286,0.5644337551650164,0.42405595877488544
26014,LOF,0.04017124104266188,0.08768272531302708,0.8721460336443111
26015,LOF,0.3559300168216047,0.01728850245775991,0.6267814807206353
26016,LOF,0.25336910028465487,0.02539492619736233,0.7212359735179829
26017,LOF,0.016772574884850754,0.12207177142709,0.8611556536880592
26018,LOF,0.03048738757285079,0.060740504936913534,0.9087721074902356
26019,LOF,0.030692875247589027,0.05259834469489744,0.9167087800575136
26020,LOF,0.006663174798368264,0.11744813368213798,0.8758886915194937
26021,LOF,0.0782332185371085,0.055096978557180154,0.8666698029057114
26022,LOF,0.03979457559560445,0.02452467679271995,0.9356807476116756
26023,LOF,0.02340139201345229,0.03492403879715845,0.9416745691893893
26024,LOF,0.04580951373534533,0.04106635350272106,0.9131241327619336
26025,LOF,0.12757769385653167,0.03834963662431951,0.8340726695191488
26026,LOF,0.11449432771549362,0.029010460040147373,0.856495212244359
26027,LOF,0.031389388539757146,0.021353471840005352,0.9472571396202374
26028,LOF,0.062089997563916526,0.16179553095049537,0.776114471485588
26029,LOF,0.027279071714478253,0.2137203295819116,0.7590005987036103
26030,LOF,0.11160104550805706,0.030556351160260897,0.8578426033316819
26031,LOF,0.01252099482180771,0.19650221930093134,0.790976785877261
26032,LOF,0.03557205174930766,0.05603746255928262,0.9083904856914097
26033,LOF,0.034551001335188763,0.05426334730925753,0.9111856513555537
26034,LOF,0.01771933731251992,0.13838623811655745,0.8438944245709226
26035,LOF,0.011254781422266116,0.14093374632846556,0.8478114722492683
26036,LOF,0.010688880229350469,0.11425686882307974,0.8750542509475698
26037,LOF,0.010434702297935661,0.12280630000292556,0.8667589976991387
26038,LOF,0.02962495115057404,0.050644365919655696,0.9197306829297702
26039,LOF,0.032348221438304695,0.16393757104263446,0.8037142075190608
26040,LOF,0.0785033997682346,0.14598920767334592,0.7755073925584195
26041,LOF,0.012265156927903581,0.11573848544015847,0.8719963576319378
26042,LOF,0.011452389383298395,0.11899159302507538,0.8695560175916263
26043,LOF,0.030123553985182815,0.08253210266944055,0.8873443433453766
26044,LOF,0.006365865190735242,0.05934768461653844,0.9342864501927262
26045,LOF,0.08303469578839809,0.21405437982583456,0.7029109243857673
26046,LOF,0.0269444427073765,0.05355233627963428,0.9195032210129892
26047,LOF,0.0575805908453519,0.052669974544328924,0.8897494346103192
26048,LOF,0.07719113323500625,0.018092169667911256,0.9047166970970825
26049,Neutral,0.9475519544568218,0.006245752912639919,0.04620229263053827
26050,Neutral,0.9154363712575211,0.006674449703594659,0.07788917903888434
26051,LOF,0.030966102056696785,0.19844076266703675,0.7705931352762664
26052,LOF,0.030162083729121263,0.1522055479978427,0.817632368273036
26053,LOF,0.01751628427204964,0.17856537842648723,0.8039183373014632
26054,LOF,0.04627135199781461,0.04507597002400568,0.9086526779781797
26055,LOF,0.06767662998819277,0.04333622474955968,0.8889871452622475
26056,LOF,0.05399384159828344,0.056285012957052946,0.8897211454446635
26057,LOF,0.054136307292886335,0.026850575165210756,0.9190131175419028
26058,LOF,0.05915599148033623,0.020802370421280473,0.9200416380983832
26059,LOF,0.217477704425929,0.03972765331259445,0.7427946422614765
26060,LOF,0.013896994279935548,0.21043050041775868,0.7756725053023057
26061,LOF,0.010183989953976406,0.017249859559381808,0.9725661504866417
26062,LOF,0.005108385131523383,0.02441223456314241,0.9704793803053342
26063,LOF,0.04417657581389906,0.01707570485070926,0.9387477193353916
26064,LOF,0.013240317340781604,0.022931315549000006,0.9638283671102185
26065,LOF,0.05942741702162467,0.023850670555916997,0.9167219124224584
26066,LOF,0.042954023330211845,0.018082612980666324,0.9389633636891218
26067,LOF,0.05608623718909056,0.015613381931296562,0.9283003808796129
26068,LOF,0.05104639834588161,0.04137499308095699,0.9075786085731614
26069,LOF,0.2181304638926597,0.033495755088440195,0.7483737810189002
26070,LOF,0.4287180903282901,0.022775708544581302,0.5485062011271287
26071,LOF,0.04448380409030904,0.018442365213318556,0.9370738306963725
26072,LOF,0.005831682962280819,0.02830860395118966,0.9658597130865296
26073,LOF,0.04086900370884383,0.0219612503540914,0.9371697459370647
26074,Neutral,0.7757154325550243,0.015981207079796993,0.20830336036517877
26075,LOF,0.04617082035162186,0.032881046503437435,0.9209481331449407
26076,LOF,0.042212279036319376,0.016811148922419486,0.9409765720412612
26077,LOF,0.15893335509487738,0.01245836573407031,0.8286082791710524
26078,LOF,0.0062357973007459,0.02665420765349635,0.9671099950457578
26079,LOF,0.055827416965582084,0.028385129948540477,0.9157874530858775
26080,LOF,0.05447383343828797,0.028596265532643404,0.9169299010290687
26081,LOF,0.04097263851185073,0.014965589532413157,0.9440617719557363
26082,LOF,0.005757086970045209,0.023710903658444586,0.9705320093715102
26083,LOF,0.10502694703276835,0.029932175292590627,0.865040877674641
26084,LOF,0.1234671123364408,0.02461120668864973,0.8519216809749094
26085,LOF,0.11190405299377575,0.01990749360467267,0.8681884534015516
26086,LOF,0.040894760403772164,0.019838115149135464,0.9392671244470924
26087,LOF,0.04197553660255414,0.017254628433677255,0.9407698349637686
26088,LOF,0.006256493277887053,0.038200137097154974,0.9555433696249579
26089,LOF,0.03845950012392871,0.04562918577409475,0.9159113141019767
26090,LOF,0.03893406448141247,0.034682080355614375,0.9263838551629732
26091,LOF,0.029017965287928646,0.01340959585324981,0.9575724388588215
26092,LOF,0.04134478849246517,0.014730960931086808,0.943924250576448
26093,LOF,0.06185172136781589,0.009936207035969704,0.9282120715962144
26094,LOF,0.034432124077749426,0.011564536815709946,0.9540033391065406
26095,LOF,0.016007697330098346,0.028671905180630092,0.9553203974892717
26096,LOF,0.23238898390442866,0.0064875960132319945,0.7611234200823394
26097,LOF,0.0058971546685186674,0.055721161170676825,0.9383816841608045
26098,LOF,0.08656309694635177,0.02902987157509905,0.8844070314785493
26099,LOF,0.042776952483915956,0.03267912250764664,0.9245439250084375
26100,LOF,0.042726033581031324,0.03268086085386556,0.924593105565103
26101,LOF,0.04488055130348977,0.047305879901582575,0.9078135687949277
26102,LOF,0.03505786293625021,0.025667548544631182,0.9392745885191186
26103,Neutral,0.8922992303538593,0.03538398426189484,0.07231678538424571
26104,LOF,0.051160898815322334,0.05069578937482946,0.8981433118098482
26105,LOF,0.21863012548274308,0.11875938048583862,0.6626104940314183
26106,LOF,0.2732795362451432,0.04256929613113418,0.6841511676237226
26107,LOF,0.014372598533450869,0.051053016963066765,0.9345743845034824
26108,LOF,0.14993024070239747,0.04733520857986542,0.8027345507177371
26109,LOF,0.06190930339315868,0.04510881791141845,0.8929818786954228
26110,LOF,0.38209175922275407,0.011996492951154394,0.6059117478260916
26111,LOF,0.05840163830139541,0.0765752406663893,0.8650231210322152
26112,LOF,0.06433862007525684,0.01099920251815744,0.9246621774065856
26113,LOF,0.11984610371680975,0.03187427847726678,0.8482796178059235
26114,LOF,0.0867872579123484,0.006965239498463042,0.9062475025891886
26115,LOF,0.016472916511027755,0.049556562021186204,0.933970521467786
26116,LOF,0.07540528893524075,0.02040759765616166,0.9041871134085975
26117,LOF,0.4050335902796787,0.037204846400092126,0.5577615633202291
26118,LOF,0.0381007608141462,0.016661961866140773,0.9452372773197131
26119,LOF,0.006178334989509111,0.08396738014419902,0.9098542848662919
26120,LOF,0.034635715309223256,0.01561777071867152,0.9497465139721051
26121,LOF,0.0046367007457024665,0.11806190737003186,0.8773013918842657
