feature0,prediction,LoGoFunc_Neutral,LoGoFunc_GOF,LoGoFunc_LOF
25546,Neutral,0.6437303123920247,0.0694428796979223,0.28682680791005283
25547,Neutral,0.47895799493599905,0.12218546930662291,0.398856535757378
25548,Neutral,0.4771876139178759,0.09475452228059,0.42805786380153416
25549,LOF,0.4245895592776165,0.0933084429189945,0.48210199780338914
25550,LOF,0.348053500078307,0.1630136047417621,0.4889328951799308
25551,LOF,0.2841271802354551,0.18501623067777537,0.5308565890867696
25552,LOF,0.2013459835955033,0.17219082641962002,0.6264631899848767
25553,Neutral,0.7944298818601675,0.05482657159719385,0.15074354654263858
25554,LOF,0.23335971135404757,0.164011037601734,0.6026292510442185
25555,LOF,0.19441849560895894,0.14525310667692073,0.6603283977141203
25556,LOF,0.38584080093831735,0.13188671670585714,0.4822724823558256
25557,LOF,0.18014620275137555,0.15404175795329828,0.6658120392953263
25558,LOF,0.2271616075384045,0.16412282143905366,0.6087155710225418
25559,LOF,0.17648693285371303,0.12285827450947948,0.7006547926368075
25560,LOF,0.06260666513022138,0.13251391215789948,0.8048794227118792
25561,LOF,0.13154029915246537,0.12354971054234026,0.7449099903051943
25562,LOF,0.06111193078230696,0.08892979450365675,0.8499582747140363
25563,LOF,0.08469658097729214,0.09241828091630931,0.8228851381063986
25564,LOF,0.20866708907751377,0.1533628890984837,0.6379700218240024
25565,LOF,0.16672903202795306,0.12443821455192336,0.7088327534201236
25566,GOF,0.016604420142177164,0.7488711928545392,0.23452438700328357
25567,LOF,0.02198865287576235,0.16508937589589562,0.812921971228342
25568,LOF,0.06564159782208262,0.0757566112234567,0.8586017909544607
25569,LOF,0.06019692575558532,0.07521967696810199,0.8645833972763126
25570,LOF,0.031604109740318125,0.10948816436958189,0.8589077258901
25571,LOF,0.030689100029768712,0.10733044273654545,0.8619804572336858
25572,LOF,0.033541223095321905,0.13649162499811182,0.8299671519065662
25573,LOF,0.028212556140248136,0.10327515661556153,0.8685122872441904
25574,LOF,0.01803978292688942,0.1545560470498344,0.8274041700232763
25575,LOF,0.024988068962365356,0.11882027358679258,0.8561916574508421
25576,LOF,0.012583485729086323,0.157967389488167,0.8294491247827466
25577,LOF,0.010322021289116202,0.1312061955023268,0.858471783208557
25578,LOF,0.2938811782310261,0.08613576425342397,0.6199830575155499
25579,LOF,0.1259845189169829,0.09432897787852926,0.7796865032044878
25580,LOF,0.018924026779170728,0.08477129264668097,0.8963046805741484
25581,LOF,0.045880822579938904,0.07214370230373694,0.8819754751163242
25582,LOF,0.04578201147458823,0.07101057284511138,0.8832074156803005
25583,LOF,0.021019211386718327,0.09499103005664587,0.8839897585566358
25584,Neutral,0.515438980766823,0.10051037982141567,0.38405063941176126
25585,LOF,0.012290882985987659,0.1463098601140607,0.8413992568999517
25586,LOF,0.01839318540824414,0.07841075384745778,0.903196060744298
25587,LOF,0.017475486299744557,0.07174599079807636,0.9107785229021791
25588,LOF,0.018411090545062143,0.08639724179368462,0.8951916676612532
25589,Neutral,0.6312528509902993,0.1262695068253973,0.24247764218430343
25590,LOF,0.01984649884432617,0.1298949573144281,0.8502585438412458
25591,LOF,0.07394911547141801,0.06451904294212929,0.8615318415864527
25592,LOF,0.050659690396320796,0.13796841080495845,0.8113718987987208
25593,LOF,0.022244806099500806,0.24321370699743558,0.7345414869030636
25594,LOF,0.04001558405704415,0.10787911088131749,0.8521053050616384
25595,LOF,0.03794896485948575,0.08388613194546601,0.8781649031950484
25596,LOF,0.051241927404237435,0.06573547752468316,0.8830225950710794
25597,LOF,0.033943687782258126,0.0814776870695855,0.8845786251481564
25598,LOF,0.03632746253991393,0.0931329265627356,0.8705396108973505
25599,GOF,0.008645580057248775,0.5652571078088148,0.4260973121339364
25600,GOF,0.031994276877583015,0.6283443355218642,0.3396613876005527
25601,LOF,0.01282845968940026,0.4412685689637241,0.5459029713468757
25602,LOF,0.012265730358412007,0.04599437061539952,0.9417398990261885
25603,LOF,0.048496227019427254,0.018423685227295834,0.9330800877532768
25604,LOF,0.016294729285595024,0.06330722454095182,0.9203980461734531
25605,LOF,0.0076196612886669105,0.18704081989717813,0.8053395188141549
25606,LOF,0.09286064532266661,0.3156815349734729,0.5914578197038605
25607,LOF,0.005008277499160166,0.20608170493097286,0.788910017569867
25608,LOF,0.010937138748254999,0.11952889432000109,0.8695339669317439
25609,LOF,0.07008546714986577,0.3706370375149583,0.5592774953351759
25610,LOF,0.019846219610607185,0.02458846957276347,0.9555653108166294
25611,LOF,0.019130500421528106,0.02727003383560645,0.9535994657428656
25612,LOF,0.0598693592873902,0.03664433903287684,0.903486301679733
25613,LOF,0.05581241537907236,0.03723990415363094,0.9069476804672968
25614,LOF,0.027245584763169715,0.02974537511559208,0.9430090401212381
25615,LOF,0.016299829404066823,0.04276565142817297,0.9409345191677602
25616,LOF,0.05220431779743534,0.028159826982994463,0.9196358552195703
25617,LOF,0.05352835791767116,0.03240159802609211,0.9140700440562366
25618,LOF,0.06431390565259462,0.03338762602154818,0.9022984683258573
25619,LOF,0.018509928064671874,0.029447395896624703,0.9520426760387034
25620,LOF,0.07123348708353061,0.038120497958306424,0.890646014958163
25621,LOF,0.018278614320008085,0.036935795264045015,0.944785590415947
25622,LOF,0.022091037417707814,0.04175352357522018,0.936155439007072
25623,LOF,0.03650458636733122,0.03535935160169597,0.9281360620309729
25624,LOF,0.022699961769516573,0.035895357739105786,0.9414046804913776
25625,LOF,0.024269533017864907,0.05069696755275816,0.925033499429377
25626,LOF,0.0550234192895799,0.03595592713620559,0.9090206535742145
25627,Neutral,0.6167852729145571,0.10845691183350784,0.27475781525193516
25628,LOF,0.20244065220399235,0.052251827517466556,0.745307520278541
25629,LOF,0.03865550292496062,0.05676213363473168,0.9045823634403077
25630,LOF,0.14777884388349097,0.09325142016171821,0.7589697359547909
25631,Neutral,0.6199249301295967,0.0670990331867627,0.31297603668364066
25632,LOF,0.007359241788650904,0.06355513156773045,0.9290856266436187
25633,LOF,0.20621057151945046,0.043022572736486124,0.7507668557440634
25634,LOF,0.027590186040302774,0.09593124444971857,0.8764785695099787
25635,LOF,0.036508455460583275,0.04752920252519455,0.9159623420142221
25636,GOF,0.004930372835755822,0.6044977738587355,0.39057185330550886
25637,GOF,0.007280423815150835,0.5792284277682401,0.41349114841660906
25638,LOF,0.009794204015528109,0.3016524547909741,0.6885533411934978
25639,LOF,0.004548125887933746,0.4529092671771212,0.542542606934945
25640,GOF,0.44526410466630645,0.47242358103488247,0.08231231429881104
25641,LOF,0.013140169771082105,0.2935659520115315,0.6932938782173864
25642,LOF,0.23809065677384536,0.05684839753080153,0.7050609456953532
25643,LOF,0.144854201114609,0.13528077379088235,0.7198650250945087
25644,LOF,0.009817856097700396,0.4133628400425541,0.5768193038597454
25645,LOF,0.008338353220092687,0.37099257938610836,0.6206690673937989
25646,LOF,0.01375171433959066,0.2793855300294579,0.7068627556309516
25647,LOF,0.010778866876125122,0.22742801754149025,0.7617931155823846
25648,LOF,0.00945903517743355,0.22992770137494337,0.7606132634476231
25649,LOF,0.008118302908622357,0.17571208733140997,0.8161696097599678
25650,LOF,0.01510663948312786,0.3635827751115977,0.6213105854052744
25651,LOF,0.006246070622975189,0.2469664348962687,0.746787494480756
25652,LOF,0.009778025774477454,0.22151852638577996,0.7687034478397425
25653,LOF,0.026654117076599523,0.3338411956299494,0.6395046872934511
25654,LOF,0.010816062243756336,0.12257620676753701,0.8666077309887067
25655,LOF,0.05259532141846759,0.3542573045873414,0.5931473739941909
25656,LOF,0.18327244315080923,0.049500345623521916,0.767227211225669
25657,LOF,0.2708239012513869,0.026354922817242107,0.702821175931371
25658,LOF,0.0831939756650822,0.08029805847903254,0.8365079658558853
25659,LOF,0.42950475667570526,0.06775934688269951,0.5027358964415952
25660,LOF,0.029919874949252648,0.1075384351029739,0.8625416899477735
25661,LOF,0.09333397086624694,0.07012441375223515,0.8365416153815178
25662,LOF,0.030700615465611935,0.04960065549060715,0.9196987290437809
25663,LOF,0.03854090522504358,0.07016723004930868,0.8912918647256478
25664,LOF,0.045673088128017354,0.08562725671508123,0.8686996551569014
25665,LOF,0.05448724072214489,0.03566655171360306,0.9098462075642522
25666,LOF,0.03480374126557135,0.11214095364489281,0.8530553050895358
25667,LOF,0.06459252195315486,0.0541242696606972,0.881283208386148
25668,LOF,0.03452606447012599,0.05708508239077608,0.9083888531390979
25669,LOF,0.03237925473136602,0.07965453336798967,0.8879662119006443
25670,LOF,0.06327117565427985,0.06346405088120244,0.8732647734645178
25671,LOF,0.09238793677966566,0.04699312781035039,0.860618935409984
25672,LOF,0.05668093251481054,0.04423491420390624,0.8990841532812833
25673,LOF,0.022993299001300187,0.06722173627369268,0.9097849647250073
25674,LOF,0.020454115572834036,0.07846311971370483,0.901082764713461
25675,LOF,0.03310760403512906,0.07503866125819388,0.8918537347066771
25676,LOF,0.01919034793231693,0.06476681590578695,0.9160428361618961
25677,LOF,0.029172664255837553,0.07593627074523221,0.8948910649989302
25678,LOF,0.19798517036622862,0.06555876556294045,0.736456064070831
25679,LOF,0.17766138318869196,0.0843602395272456,0.7379783772840626
25680,LOF,0.041126355812519,0.12055671691013042,0.8383169272773506
25681,LOF,0.06527905676947961,0.1135371952917924,0.8211837479387281
25682,LOF,0.137416479426058,0.09011882264204281,0.7724646979318992
25683,LOF,0.08481743096545818,0.12289903612011228,0.7922835329144295
25684,LOF,0.04492659061280286,0.08585284570223974,0.8692205636849575
25685,LOF,0.08266713699084134,0.050415643467960895,0.8669172195411977
25686,LOF,0.026639429874322242,0.0760665501312865,0.8972940199943912
25687,LOF,0.05115806653411683,0.06757794952871712,0.881263983937166
25688,LOF,0.049308931239701106,0.06576014290882316,0.8849309258514757
25689,LOF,0.02941850071264806,0.0771846803905915,0.8933968188967605
25690,LOF,0.04303535923350635,0.06227851773014892,0.8946861230363448
25691,LOF,0.2596607918392025,0.07658034091785447,0.663758867242943
25692,LOF,0.2662371355021832,0.006971849010858132,0.7267910154869587
25693,LOF,0.08652907897147714,0.24673073543001267,0.6667401855985101
25694,LOF,0.24262930474103464,0.015388761306635244,0.7419819339523301
25695,LOF,0.14567347596242433,0.025156961493946726,0.8291695625436291
25696,LOF,0.11814228629558601,0.012384657245998859,0.8694730564584151
25697,LOF,0.09313612410291129,0.02229324281942465,0.8845706330776641
25698,LOF,0.05726878905003465,0.46131598608105395,0.48141522486891136
25699,LOF,0.06772425382857124,0.10359722003399416,0.8286785261374345
25700,LOF,0.055175852754148685,0.009290351260679784,0.9355337959851715
25701,LOF,0.017104597419900627,0.06902290760375253,0.9138724949763468
25702,GOF,0.03362459738765701,0.6746432494075166,0.2917321532048263
25703,LOF,0.009005172301338855,0.16414680021656333,0.8268480274820977
25704,LOF,0.05482259487404403,0.1394541405502847,0.8057232645756713
25705,LOF,0.0623467183049301,0.25439236721981057,0.6832609144752593
25706,LOF,0.024409425002634943,0.4862520604021008,0.4893385145952643
25707,LOF,0.017503013632813237,0.4201457317031063,0.5623512546640805
25708,LOF,0.008211252430519756,0.4058195953328311,0.5859691522366492
25709,LOF,0.05480566137799205,0.06233012847515213,0.8828642101468558
25710,LOF,0.005208278809595755,0.16508710482680078,0.8297046163636035
25711,LOF,0.01702870984975201,0.14426819849129385,0.8387030916589542
25712,LOF,0.006801475258862674,0.2106855834941351,0.7825129412470022
25713,LOF,0.017829113895792316,0.12424592862352565,0.857924957480682
25714,LOF,0.05666899077200312,0.15498472672175814,0.7883462825062386
25715,LOF,0.011389381706627977,0.16856395427108792,0.8200466640222841
25716,LOF,0.006347034467421992,0.12333063596125955,0.8703223295713185
25717,LOF,0.005582134217333594,0.0979436763743614,0.8964741894083051
25718,LOF,0.012193032599929043,0.10362043057574105,0.8841865368243298
25719,LOF,0.019434692575198444,0.1171602262203217,0.8634050812044798
25720,LOF,0.020183275846314512,0.09602619542793031,0.8837905287257553
25721,LOF,0.016032977037313396,0.1274934649636421,0.8564735579990446
25722,LOF,0.013986467310629436,0.14975706674405515,0.8362564659453154
25723,LOF,0.01914653366891865,0.08336216349189939,0.897491302839182
25724,LOF,0.01696736531695306,0.12593997989283598,0.8570926547902109
25725,LOF,0.011771022571755467,0.09113591064266802,0.8970930667855765
25726,LOF,0.014317510045746955,0.1366894157467652,0.8489930742074878
25727,LOF,0.012642066353900801,0.10131087775054894,0.8860470558955502
25728,LOF,0.010849114095814062,0.12850529223593862,0.8606455936682472
25729,LOF,0.011169281100522324,0.1311536254593355,0.8576770934401422
25730,LOF,0.01569438189126348,0.11344442752135273,0.8708611905873838
25731,LOF,0.007488338550838176,0.15115293439693564,0.8413587270522263
25732,LOF,0.016106427572602573,0.10279509465411887,0.8810984777732787
25733,LOF,0.016381208944198655,0.08943795977613277,0.8941808312796685
25734,LOF,0.005490183875056837,0.14035052742507045,0.8541592886998727
25735,LOF,0.013922985218419113,0.08410205432503698,0.901974960456544
25736,LOF,0.014365537057702184,0.12187552813342606,0.8637589348088718
25737,LOF,0.021019766641676253,0.1035997085628099,0.8753805247955139
25738,LOF,0.013491996982968869,0.1484360434731477,0.8380719595438835
25739,LOF,0.0194979559825892,0.12754331398262864,0.8529587300347822
25740,LOF,0.029711960908589897,0.13322002998683102,0.837068009104579
25741,LOF,0.014834820790641318,0.11816921803108969,0.8669959611782689
25742,LOF,0.08793570416948013,0.12476710116471015,0.7872971946658098
25743,LOF,0.014841748777057193,0.029040815635332434,0.9561174355876104
25744,LOF,0.24112947150902453,0.29695505927907406,0.4619154692119014
25745,LOF,0.028307031481325056,0.039108918954902344,0.9325840495637726
25746,LOF,0.01813667469895435,0.04547577952494191,0.9363875457761037
25747,LOF,0.02852976742706352,0.02361992763510623,0.9478503049378303
25748,LOF,0.1207697028584315,0.038620314360536125,0.8406099827810324
25749,LOF,0.01479635428614049,0.036683097706856314,0.9485205480070031
25750,LOF,0.03379645557170841,0.05317332879454919,0.9130302156337423
25751,LOF,0.11471711061753112,0.045871116756872304,0.8394117726255965
25752,GOF,0.12811402925948503,0.5805418597425492,0.2913441109979657
25753,LOF,0.007890312122591718,0.280117102111835,0.7119925857655733
25754,GOF,0.0045209905729812205,0.7654018364986698,0.2300771729283491
25755,LOF,0.008548400944629409,0.38577742392863423,0.6056741751267364
25756,LOF,0.04238240789623828,0.3892615014743075,0.5683560906294541
25757,GOF,0.005478476848932401,0.8328173706567689,0.16170415249429873
25758,GOF,0.0077081700585602386,0.840664082424289,0.15162774751715086
25759,GOF,0.004350111362007369,0.5301506114682893,0.4654992771697032
25760,LOF,0.005188292296586111,0.24288318552638374,0.7519285221770301
25761,GOF,0.04081574299692277,0.8005454242166002,0.15863883278647692
25762,LOF,0.03055037611068359,0.2797876390798082,0.6896619848095082
25763,LOF,0.006608859324221955,0.1945222824502772,0.7988688582255008
25764,GOF,0.17804136200901982,0.4616047531733836,0.36035388481759656
25765,GOF,0.011025440766483818,0.7646080892084697,0.22436647002504648
25766,GOF,0.015387898040330878,0.7948054975163854,0.18980660444328382
25767,GOF,0.019265896626780046,0.5360742012225075,0.4446599021507126
25768,LOF,0.07980579829340026,0.08552714876988497,0.8346670529367147
25769,LOF,0.08151283912982718,0.053353262819332496,0.8651338980508404
25770,LOF,0.33498997300298755,0.06242514299549177,0.6025848840015207
25771,LOF,0.013592644918591204,0.060504152783646854,0.9259032022977619
25772,LOF,0.019848823609213084,0.029081987143697773,0.9510691892470892
25773,LOF,0.010973548567143197,0.11445938064939297,0.8745670707834637
25774,LOF,0.02508262765875463,0.0656427446918992,0.9092746276493462
25775,LOF,0.014801077649094295,0.05047454220010717,0.9347243801507986
25776,LOF,0.07980388163669702,0.02282259602070679,0.8973735223425963
25777,LOF,0.2726340290349816,0.045593576921685336,0.681772394043333
25778,LOF,0.06921554929353275,0.04120683688591191,0.8895776138205553
25779,GOF,0.0608996101178694,0.8752975873144583,0.06380280256767218
25780,GOF,0.05661950713994433,0.8369674789812722,0.10641301387878337
25781,GOF,0.025235003156405072,0.831668564746577,0.143096432097018
25782,GOF,0.031490900016071174,0.8727730304010063,0.09573606958292255
25783,GOF,0.011665778555315977,0.6444306443358101,0.3439035771088739
25784,GOF,0.12030876107876505,0.824917582447884,0.054773656473350744
25785,GOF,0.07976838566556739,0.861369637232141,0.058861977102291685
25786,GOF,0.00563350299069385,0.7778237429551434,0.21654275405416276
25787,GOF,0.20546131891562547,0.7441245253535398,0.050414155730834805
25788,LOF,0.043830116856847644,0.10231159438912536,0.853858288754027
25789,GOF,0.039963123914509104,0.7824635595255425,0.17757331655994832
25790,GOF,0.038320143449856424,0.8122894721439844,0.14939038440615923
25791,GOF,0.028702336056301174,0.7540616942786242,0.21723596966507452
25792,GOF,0.04723639318209797,0.7619339353514835,0.19082967146641863
25793,GOF,0.07982304558560804,0.7008005471457913,0.21937640726860075
25794,GOF,0.11734658119613954,0.6628737051647752,0.2197797136390853
25795,GOF,0.0318627824278655,0.7350200975805994,0.23311711999153512
25796,GOF,0.13850214753963822,0.7411308783839226,0.12036697407643929
25797,GOF,0.036332195569781005,0.5818364436696418,0.3818313607605772
25798,GOF,0.0033870125086445818,0.5219966659864829,0.47461632150487243
25799,LOF,0.0030066997644752425,0.4121226589009944,0.5848706413345304
25800,GOF,0.010660024502797441,0.6049117428302977,0.38442823266690485
25801,GOF,0.03134061897527401,0.7932835786415509,0.17537580238317496
25802,GOF,0.018309344445597876,0.6907455193168927,0.29094513623750956
25803,GOF,0.009466654462668552,0.5670290199545737,0.42350432558275775
25804,LOF,0.011614706095302576,0.4586780075963973,0.5297072863083
25805,GOF,0.02090431278144697,0.5716446991535687,0.4074509880649843
25806,GOF,0.017123625709275562,0.5960116291200312,0.38686474517069314
25807,GOF,0.005304983991398538,0.6121267834302502,0.38256823257835126
25808,GOF,0.013766992202580977,0.6087717304621424,0.3774612773352767
25809,GOF,0.005672388927289744,0.5790620710627423,0.4152655400099679
25810,GOF,0.004804760932508941,0.5885161537373077,0.40667908533018327
25811,GOF,0.11462585424723383,0.7687283169752246,0.11664582877754157
25812,GOF,0.012721308704597645,0.6057645876968193,0.38151410359858307
25813,GOF,0.10413194318672286,0.7247612821446501,0.171106774668627
25814,GOF,0.03206363974075815,0.6814970098893951,0.2864393503698468
25815,GOF,0.04318451295940693,0.6987076852121641,0.25810780182842896
25816,GOF,0.007142900161878731,0.7320555767765033,0.2608015230616178
25817,GOF,0.06546911728767439,0.759139495302941,0.1753913874093845
25818,GOF,0.018708609441668852,0.6729721151427154,0.3083192754156158
25819,GOF,0.07958350993505714,0.7075500261071157,0.21286646395782718
25820,GOF,0.03559310149105886,0.6955180952489345,0.2688888032600065
25821,GOF,0.01796333278061706,0.6796395636170643,0.30239710360231864
25822,GOF,0.03989527650327694,0.6815778867830198,0.27852683671370326
25823,GOF,0.012568282184839269,0.5356425450842863,0.45178917273087443
25824,GOF,0.023403856651829168,0.6369901727137459,0.3396059706344248
25825,GOF,0.013190520245876398,0.6180068281655656,0.3688026515885579
25826,GOF,0.004981144735395962,0.5952964684064131,0.3997223868581908
25827,GOF,0.006968040179826592,0.6110869293273298,0.38194503049284356
25828,GOF,0.004522111510369739,0.5332644527550573,0.46221343573457296
25829,GOF,0.0026514312076897557,0.575137305867477,0.4222112629248333
25830,LOF,0.03470489757702961,0.32621525965310744,0.6390798427698628
25831,GOF,0.036211289330701925,0.8254791607142808,0.13830954995501724
25832,GOF,0.007648825908444529,0.7493339938101437,0.2430171802814118
25833,GOF,0.026897192233760435,0.7850835881008869,0.18801921966535273
25834,GOF,0.007643190777598758,0.7554726458105475,0.23688416341185367
25835,GOF,0.016314367619797314,0.8034548421679844,0.1802307902122183
25836,GOF,0.0064527488456086095,0.7421023660230621,0.2514448851313292
25837,GOF,0.005880272134870099,0.6439659275059719,0.35015380035915794
25838,GOF,0.01892492626477315,0.8135719145855652,0.16750315914966174
25839,GOF,0.048144887283234315,0.7810387709957318,0.17081634172103402
25840,GOF,0.03861705613630949,0.8127240578840573,0.14865888597963323
25841,GOF,0.03647925357062366,0.8287746990514404,0.13474604737793594
25842,GOF,0.024098220905780482,0.8485973642027089,0.12730441489151054
25843,GOF,0.025288875415592344,0.8695107739823963,0.10520035060201147
25844,GOF,0.015318477353393475,0.7893284733546332,0.1953530492919733
25845,GOF,0.005000310195683321,0.5629584443726295,0.432041245431687
25846,GOF,0.027215557520890048,0.840644784921373,0.13213965755773696
25847,GOF,0.017426455839727382,0.8768307744240067,0.10574276973626598
25848,GOF,0.013186952166477401,0.7657550766428118,0.2210579711907108
25849,GOF,0.004444592166792086,0.6473988278337219,0.348156579999486
25850,GOF,0.006610830671133763,0.6743819976950829,0.31900717163378334
25851,GOF,0.005907281909942497,0.5448190008832001,0.44927371720685744
25852,GOF,0.14925081656449762,0.5144026213737731,0.33634656206172925
25853,GOF,0.06739214739034892,0.8070338764784544,0.12557397613119683
25854,GOF,0.008897247269607526,0.6187715260091975,0.37233122672119484
25855,GOF,0.014340140085206537,0.5792413400761744,0.40641851983861904
25856,GOF,0.03935974507579362,0.6942956359326296,0.26634461899157663
25857,GOF,0.014242896749973607,0.5321886230499817,0.4535684802000447
25858,GOF,0.007841255971796596,0.5419979503532545,0.45016079367494893
25859,GOF,0.005222312298912316,0.5223277216592248,0.4724499660418629
25860,GOF,0.07526317497397665,0.7803948313950371,0.1443419936309862
25861,GOF,0.11866961973600307,0.7820492387607952,0.09928114150320168
25862,GOF,0.01919052983474654,0.8270032356818026,0.15380623448345096
25863,GOF,0.017445730778526045,0.8418910089712235,0.1406632602502504
25864,GOF,0.04236190703494096,0.8662149760203947,0.09142311694466418
25865,GOF,0.031187666565434872,0.8391787465717511,0.129633586862814
25866,GOF,0.023950415045862,0.8117473391943258,0.1643022457598122
25867,GOF,0.026134545019296757,0.8543226236567649,0.11954283132393824
25868,GOF,0.05232760453450469,0.7848382495554505,0.16283414591004483
25869,GOF,0.3401538618811001,0.563713433979879,0.09613270413902089
25870,GOF,0.17185737638499682,0.48873102000929053,0.33941160360571276
25871,GOF,0.029116042590667475,0.8315858066084709,0.1392981508008616
25872,GOF,0.015261615776919509,0.7445727394215796,0.24016564480150088
25873,GOF,0.0178008465586984,0.8227691593002566,0.15942999414104514
25874,LOF,0.01613157495243901,0.10950691415362004,0.8743615108939409
25875,LOF,0.026157142614069203,0.03448403368916726,0.9393588236967636
25876,LOF,0.013695359703620884,0.031603400664245766,0.9547012396321334
25877,LOF,0.11899659874492285,0.060563369982817535,0.8204400312722595
25878,LOF,0.047367935258435155,0.0765793747490943,0.8760526899924704
25879,LOF,0.02241705618160794,0.06293135876189185,0.9146515850565002
25880,LOF,0.04645996198924524,0.010955092398471223,0.9425849456122836
25881,Neutral,0.5148788296315648,0.04290545023779391,0.4422157201306413
25882,LOF,0.02136998424958917,0.03200065051328639,0.9466293652371244
25883,LOF,0.06890849475454976,0.021424810421487223,0.9096666948239631
25884,LOF,0.009659438250740306,0.03751550803626997,0.9528250537129898
25885,LOF,0.1841519456807324,0.0061391792129640065,0.8097088751063037
25886,LOF,0.2881424242706136,0.04446337993620197,0.6673941957931844
25887,LOF,0.13654008927181208,0.04993933597974625,0.8135205747484416
25888,LOF,0.012165728269591516,0.10145952264262942,0.886374749087779
25889,LOF,0.011919590601801942,0.027861201900027974,0.96021920749817
25890,LOF,0.11767859478189201,0.08492424247498702,0.797397162743121
25891,LOF,0.044495700272326626,0.03507198505159303,0.9204323146760802
25892,LOF,0.01207638054910126,0.04452066979274164,0.9434029496581571
25893,LOF,0.3971134842188956,0.013756058512329646,0.5891304572687748
25894,LOF,0.41745170235455725,0.007683035463496925,0.5748652621819458
25895,LOF,0.35141940679080047,0.015995083943732304,0.6325855092654672
25896,LOF,0.04451881374062784,0.025441257716219703,0.9300399285431525
25897,LOF,0.20078893375836485,0.013285393942292634,0.7859256722993425
25898,LOF,0.23937678598071865,0.038779060628836036,0.7218441533904453
25899,LOF,0.1832381388803953,0.025656295277557077,0.7911055658420475
25900,LOF,0.48703030895211274,0.012440533086985535,0.5005291579609017
25901,LOF,0.04869335504925148,0.010622799436929502,0.940683845513819
25902,LOF,0.10699742456191712,0.014677409096100569,0.8783251663419822
25903,LOF,0.40527914595852726,0.03024914602135767,0.5644717080201151
25904,LOF,0.316226012856803,0.045685398952635944,0.638088588190561
25905,LOF,0.006737682074697345,0.43459812882546367,0.558664189099839
25906,LOF,0.00924277283972543,0.11825621764658066,0.8725010095136938
25907,LOF,0.0046392918118370085,0.38535584704005,0.610004861148113
25908,LOF,0.0038249362435752612,0.27905184740067845,0.7171232163557463
25909,LOF,0.014121431524494018,0.153801622007288,0.8320769464682181
25910,LOF,0.015833700328190658,0.15206962091462645,0.8320966787571829
25911,LOF,0.17019305443480587,0.03306472130255753,0.7967422242626365
25912,LOF,0.06907813575258571,0.043535482125298605,0.8873863821221156
25913,LOF,0.08452075934452966,0.05131467628069292,0.8641645643747775
25914,LOF,0.021269961747990798,0.05462983756775166,0.9241002006842576
25915,LOF,0.14339311244262853,0.28430813106750535,0.5722987564898661
25916,LOF,0.019913504925063316,0.16415865685660158,0.8159278382183353
25917,LOF,0.054927756977052586,0.03853854647299567,0.9065336965499518
25918,LOF,0.027250460854953966,0.031106297814635486,0.9416432413304104
25919,LOF,0.022106070997249153,0.030674980267556565,0.9472189487351942
25920,LOF,0.11011839525733084,0.262729241350668,0.6271523633920012
25921,LOF,0.010180797548303073,0.045557624087925214,0.9442615783637717
25922,LOF,0.01237006762650973,0.03526111225995454,0.9523688201135356
25923,Neutral,0.5151159554227482,0.04491024886507689,0.4399737957121749
25924,LOF,0.016054876716552327,0.04825329214076179,0.9356918311426858
25925,LOF,0.07876692039903704,0.049179273040951224,0.8720538065600117
25926,LOF,0.05642801000263842,0.04754136264424103,0.8960306273531204
25927,LOF,0.02051057276515582,0.07521305940636056,0.9042763678284836
25928,LOF,0.007661037070118323,0.06060886669723267,0.931730096232649
25929,Neutral,0.62670797035127,0.047309504764571034,0.32598252488415885
25930,LOF,0.07147256593923997,0.037759385279472854,0.8907680487812872
25931,LOF,0.00960134427340855,0.04160275083552434,0.9487959048910671
25932,LOF,0.03157460577299675,0.03387928781593932,0.9345461064110641
25933,LOF,0.041546378997770486,0.021577850178418213,0.9368757708238112
25934,LOF,0.028096905950315845,0.023061967594296122,0.948841126455388
25935,LOF,0.07162299969808639,0.05946211951056138,0.8689148807913523
25936,LOF,0.04622156002319873,0.02807686076644883,0.9257015792103525
25937,LOF,0.00965902654593379,0.043614354412498356,0.9467266190415679
25938,LOF,0.06852656131967014,0.07083141947605355,0.8606420192042763
25939,LOF,0.037836415878983745,0.02917112230196774,0.9329924618190485
25940,LOF,0.009356626991239424,0.32684937952352394,0.6637939934852367
25941,Neutral,0.5298623082699412,0.03307341258453834,0.4370642791455205
25942,LOF,0.004524691623572437,0.04530337685313125,0.9501719315232964
25943,LOF,0.031190564175658266,0.16999583411352273,0.7988136017108189
25944,LOF,0.12277330823196003,0.09177804587657254,0.7854486458914675
25945,LOF,0.055309682308184914,0.0206791979313209,0.9240111197604942
25946,LOF,0.06789057774969935,0.06116873093680519,0.8709406913134955
25947,LOF,0.443527428254286,0.07764076567276448,0.47883180607294945
25948,LOF,0.3333055716315317,0.008074339560925932,0.6586200888075424
25949,LOF,0.09494482500302273,0.04472646099482042,0.8603287140021569
25950,GOF,0.03373494871683569,0.5932605001735388,0.37300455110962544
25951,LOF,0.017131425810134375,0.42902927555791937,0.5538392986319463
25952,LOF,0.24884321195931877,0.3300503786972689,0.42110640934341226
25953,LOF,0.013912392421635323,0.2015701504298711,0.7845174571484936
25954,LOF,0.055533840983773355,0.4623296180366826,0.48213654097954395
25955,LOF,0.009767748660551984,0.16960628233253552,0.8206259690069124
25956,LOF,0.027621127112277676,0.2838357934918478,0.6885430793958746
25957,LOF,0.15121097674745707,0.0310721691212829,0.8177168541312599
25958,LOF,0.05112128515034855,0.029274348028708732,0.9196043668209427
25959,LOF,0.012243207630457848,0.48110350478729824,0.5066532875822439
25960,LOF,0.00642160721014807,0.05073425763329658,0.9428441351565554
25961,LOF,0.040524854503045916,0.026843500486871123,0.9326316450100829
25962,LOF,0.033257339888762706,0.07369990245962849,0.8930427576516088
25963,LOF,0.005566867628819233,0.24299914699316433,0.7514339853780164
25964,LOF,0.03224055452904956,0.10620412361068302,0.8615553218602674
25965,LOF,0.3520901513852898,0.13730236597511603,0.5106074826395942
25966,Neutral,0.5323303780005769,0.15675663416790664,0.3109129878315163
25967,LOF,0.006427444819700705,0.09928320545238091,0.8942893497279184
25968,LOF,0.0504898339291829,0.22691429906211888,0.7225958670086982
25969,LOF,0.1258197078783566,0.0602794555605596,0.8139008365610837
25970,LOF,0.01792622322440458,0.0832732969884805,0.898800479787115
25971,LOF,0.0676171468083977,0.031673215886298726,0.9007096373053036
25972,LOF,0.06077869225812484,0.041843751465949035,0.8973775562759262
25973,LOF,0.05400254007912882,0.01052694631594321,0.9354705136049281
25974,LOF,0.03552580247201668,0.033527201257585786,0.9309469962703976
25975,LOF,0.04471040547170555,0.02158901217785593,0.9337005823504386
25976,LOF,0.0921394074052833,0.01044527195818583,0.897415320636531
25977,LOF,0.1981409722922499,0.06049781714789902,0.7413612105598512
25978,LOF,0.1394875156956733,0.132136901365558,0.7283755829387687
25979,LOF,0.12447034523278273,0.13149732600994005,0.7440323287572772
25980,LOF,0.23444794191155185,0.14474155088039106,0.6208105072080571
25981,LOF,0.26150599108517053,0.1431170981143139,0.5953769108005156
25982,LOF,0.4044570000300026,0.11297969842808277,0.4825633015419145
25983,LOF,0.3828328488626429,0.11331110714711846,0.5038560439902386
25984,LOF,0.04153905044542771,0.06257597164445032,0.8958849779101219
25985,LOF,0.41227473131816333,0.11552816864231083,0.4721971000395258
25986,LOF,0.012011428783614614,0.3958979019562013,0.5920906692601842
25987,LOF,0.03362952931581562,0.09034199027564833,0.876028480408536
25988,LOF,0.15870039057674246,0.10350924162778538,0.7377903677954722
25989,LOF,0.03697738119370609,0.1419522814056176,0.8210703374006764
25990,LOF,0.037648704728199894,0.22083851840651872,0.7415127768652814
25991,LOF,0.017676396932885904,0.3497353131636953,0.6325882899034188
25992,LOF,0.021732043230733075,0.3459892282489041,0.6322787285203627
25993,LOF,0.02190426738285387,0.0935477010407808,0.8845480315763653
25994,LOF,0.015282765328090583,0.08551088515650787,0.8992063495154016
25995,LOF,0.02056733325643609,0.1865297011113287,0.7929029656322353
25996,Neutral,0.367616011259221,0.27457994091090376,0.3578040478298752
25997,LOF,0.06995963123275126,0.34068815170523276,0.589352217062016
25998,LOF,0.30237685364982136,0.044874867946078215,0.6527482784041004
25999,LOF,0.016926023454974126,0.20686349274463667,0.7762104838003892
26000,LOF,0.15778537251112065,0.029160601033603177,0.8130540264552761
26001,LOF,0.2960940618216928,0.024777558025935884,0.6791283801523713
26002,LOF,0.0637551608637688,0.046279204619139834,0.8899656345170914
26003,GOF,0.004028329304407708,0.6063495391058776,0.38962213158971476
26004,GOF,0.005769113238295774,0.667332613827574,0.3268982729341301
26005,LOF,0.002938901792537821,0.48274247892995986,0.5143186192775023
26006,GOF,0.07214958845898074,0.5589001839441985,0.3689502275968208
26007,GOF,0.006271148067091767,0.5649808707522361,0.42874798118067203
26008,GOF,0.005699587418765604,0.6238459506400651,0.3704544619411693
26009,GOF,0.0061610196970346654,0.6590223966265909,0.3348165836763745
26010,GOF,0.007497752103718726,0.674746239636975,0.3177560082593064
26011,LOF,0.0027562403751773667,0.48311564161785536,0.5141281180069673
26012,GOF,0.00408501970516232,0.5640617225571914,0.43185325773764616
26013,GOF,0.005230599767319331,0.6314718140543604,0.3632975861783203
26014,LOF,0.04266828480649504,0.10642103817262161,0.8509106770208834
26015,LOF,0.13673749372477453,0.021844592790685492,0.8414179134845401
26016,LOF,0.2887331251601207,0.04478655376061065,0.6664803210792687
26017,LOF,0.021920504475965275,0.22232504282732093,0.7557544526967138
26018,LOF,0.06555112166993628,0.04212990062302192,0.8923189777070418
26019,LOF,0.06204960776467703,0.0347022394068456,0.9032481528284774
26020,LOF,0.00739310322954816,0.22578568236032165,0.7668212144101302
26021,LOF,0.05929827465901073,0.07996475174545666,0.8607369735955325
26022,LOF,0.025308510891435296,0.02731272402646182,0.9473787650821028
26023,LOF,0.04100136930537027,0.02534640280199172,0.933652227892638
26024,LOF,0.03817095834244281,0.0843840968476484,0.8774449448099089
26025,LOF,0.060920646828770596,0.07624591760233737,0.862833435568892
26026,LOF,0.1362808447733849,0.05830979069768084,0.8054093645289342
26027,LOF,0.053565764252552495,0.01962773374616042,0.9268065020012871
26028,LOF,0.08042575455731299,0.12290323399274856,0.7966710114499385
26029,LOF,0.027839168917486383,0.19224622130529315,0.7799146097772204
26030,LOF,0.14460081821448648,0.030222099097459498,0.825177082688054
26031,LOF,0.014235026419440857,0.1400016285342706,0.8457633450462886
26032,LOF,0.07989668011965609,0.07206448590175332,0.8480388339785905
26033,LOF,0.07608145773581768,0.06710080427787021,0.8568177379863122
26034,LOF,0.014809851114962438,0.16608377782121783,0.8191063710638197
26035,LOF,0.013998415680966292,0.12984651517124815,0.8561550691477855
26036,LOF,0.018175914277734337,0.1713946006035777,0.810429485118688
26037,LOF,0.011449378455056336,0.11378943462288604,0.8747611869220577
26038,LOF,0.06850346389145906,0.0634613349177049,0.868035201190836
26039,LOF,0.024230427244098404,0.15423557577274993,0.8215339969831518
26040,LOF,0.10572773861208885,0.1470190049390559,0.7472532564488552
26041,LOF,0.012913346066261015,0.09691923139210486,0.8901674225416341
26042,LOF,0.011630044592371686,0.10186263137754768,0.8865073240300806
26043,LOF,0.06654629406784508,0.08418695857884323,0.8492667473533118
26044,LOF,0.013369611893842235,0.06605618616313463,0.9205742019430231
26045,LOF,0.04564101656546584,0.09980914209849188,0.8545498413360423
26046,LOF,0.05997153079017821,0.066306773492181,0.8737216957176409
26047,LOF,0.10188250985231338,0.07062727630322534,0.8274902138444613
26048,LOF,0.04477209719357472,0.04260013183606643,0.9126277709703589
26049,Neutral,0.969652819565753,0.005904935109142479,0.024442245325104382
26050,Neutral,0.9569599293917013,0.007599240746603698,0.0354408298616951
26051,LOF,0.014184597635286875,0.17750055537856552,0.8083148469861476
26052,LOF,0.022437934685912694,0.2077489826128684,0.769813082701219
26053,LOF,0.022932200479581135,0.14267412108169483,0.8343936784387239
26054,LOF,0.049004722018175684,0.016658661653836657,0.9343366163279877
26055,LOF,0.06956649027782044,0.01425312329885358,0.916180386423326
26056,LOF,0.05639153887823694,0.01785231296274363,0.9257561481590195
26057,LOF,0.031963835995460495,0.011249690050311066,0.9567864739542284
26058,LOF,0.03340433053522102,0.010104411223056388,0.9564912582417225
26059,LOF,0.2988786923986266,0.017731801094123686,0.6833895065072497
26060,LOF,0.008978144677336692,0.1415102210777988,0.8495116342448644
26061,LOF,0.004984301324247157,0.014228953790263848,0.9807867448854889
26062,LOF,0.004184400094566966,0.01835838011235547,0.9774572197930775
26063,LOF,0.022304973776558035,0.010177690158064271,0.9675173360653776
26064,LOF,0.006458508435097753,0.0229649668966887,0.9705765246682135
26065,LOF,0.023375652729493098,0.011079820265234025,0.9655445270052729
26066,LOF,0.0215429956145718,0.010646139027503568,0.9678108653579245
26067,LOF,0.02925544317038103,0.008476073706570128,0.9622684831230489
26068,LOF,0.043974955876880224,0.028238844683866157,0.9277861994392537
26069,LOF,0.26442499500287603,0.018966277848140603,0.7166087271489834
26070,LOF,0.41735758427446945,0.013893711315796697,0.5687487044097339
26071,LOF,0.021722508257685267,0.010653826339443418,0.9676236654028713
26072,LOF,0.005402236118663359,0.021937259736961087,0.9726605041443755
26073,LOF,0.01893675096711013,0.01332144133088836,0.9677418077020016
26074,Neutral,0.8968938064361545,0.005622130114553645,0.09748406344929181
26075,LOF,0.04493380973062163,0.014799271648619777,0.9402669186207587
26076,LOF,0.04149497996525719,0.008815913262546573,0.9496891067721963
26077,LOF,0.11764535702340033,0.007983354766526542,0.874371288210073
26078,LOF,0.005872397371390376,0.013017338955723413,0.9811102636728862
26079,LOF,0.05419784117953144,0.01663699310659456,0.929165165713874
26080,LOF,0.052502321247293454,0.016723348350686198,0.9307743304020203
26081,LOF,0.03107980761374594,0.007006619082710967,0.9619135733035431
26082,LOF,0.004406776301195099,0.015274507886553318,0.9803187158122516
26083,LOF,0.1418383937388088,0.01499771735753116,0.84316388890366
26084,LOF,0.038631385976570766,0.01250150620052379,0.9488671078229054
26085,LOF,0.03474341682784083,0.011187479663414207,0.9540691035087449
26086,LOF,0.020530316962319606,0.011174259212716503,0.9682954238249639
26087,LOF,0.02207377987960765,0.009314489841366584,0.9686117302790258
26088,LOF,0.005603593783699901,0.022959671508451646,0.9714367347078484
26089,LOF,0.03876555400712098,0.020196977954707023,0.9410374680381721
26090,LOF,0.03844164562315787,0.017167457828024743,0.9443908965488172
26091,LOF,0.030718372000127895,0.006873219663691692,0.9624084083361805
26092,LOF,0.021218264190632018,0.008084522942014427,0.9706972128673534
26093,LOF,0.03937061112950303,0.006155127781110907,0.9544742610893859
26094,LOF,0.02915570042241792,0.006481198598561646,0.9643631009790203
26095,LOF,0.014078542024815741,0.018512715381811772,0.9674087425933724
26096,LOF,0.1448684290820192,0.006117780660044341,0.8490137902579364
26097,LOF,0.004887901011593042,0.03567065706528653,0.9594414419231204
26098,LOF,0.07434501969999827,0.012904114539255515,0.9127508657607463
26099,LOF,0.01967051679224559,0.013407631101136868,0.9669218521066175
26100,LOF,0.022167540500235706,0.012881656353376094,0.9649508031463883
26101,LOF,0.05018369764769262,0.01969724522762534,0.9301190571246819
26102,LOF,0.021416266377407168,0.013839073372790977,0.9647446602498018
26103,Neutral,0.8627228902409945,0.019245903087185125,0.11803120667182042
26104,LOF,0.06697129760150955,0.021538304191393916,0.9114903982070965
26105,LOF,0.1924117373887129,0.17185720813113378,0.6357310544801533
26106,LOF,0.3588028008574326,0.11385883563443547,0.527338363508132
26107,LOF,0.02110622647238916,0.10635997131344155,0.8725338022141692
26108,LOF,0.37004629138456296,0.0386092579728513,0.5913444506425858
26109,LOF,0.028851818389381164,0.0645632238889046,0.9065849577217142
26110,LOF,0.20905820693664867,0.006046789602802385,0.784895003460549
26111,LOF,0.08681441447137354,0.07109222859019494,0.8420933569384316
26112,LOF,0.035676387386695575,0.006481885705823018,0.9578417269074814
26113,LOF,0.0635796467740115,0.013741228656317363,0.9226791245696712
26114,LOF,0.0656217942097442,0.012825636902579806,0.921552568887676
26115,LOF,0.01513265032597017,0.08383866922669922,0.9010286804473306
26116,LOF,0.08201462577882467,0.043782806106696784,0.8742025681144785
26117,LOF,0.4247823092207058,0.04179666365318832,0.5334210271261058
26118,LOF,0.035504135171791455,0.02238892176042914,0.9421069430677795
26119,LOF,0.004448972907064513,0.045826169846663635,0.9497248572462718
26120,LOF,0.024101766432786813,0.017472912765575475,0.9584253208016378
26121,LOF,0.004095505803296231,0.1481326757243752,0.8477718184723285
