feature0,prediction,LoGoFunc_Neutral,LoGoFunc_GOF,LoGoFunc_LOF
25546,Neutral,0.6421788249085041,0.0560141292550811,0.3018070458364149
25547,Neutral,0.4663550094022692,0.09872094797099858,0.43492404262673223
25548,Neutral,0.4653486540671951,0.08341929757922661,0.45123204835357833
25549,LOF,0.39299961737001265,0.08196915817253549,0.5250312244574519
25550,LOF,0.32938877623036084,0.12929282924037094,0.5413183945292682
25551,LOF,0.27528355825928214,0.14272731803586772,0.5819891237048502
25552,LOF,0.20975514493012057,0.13582345623340342,0.654421398836476
25553,Neutral,0.8024504698403411,0.04589899629882159,0.15165053386083735
25554,LOF,0.2638745986558187,0.12476894545971076,0.6113564558844705
25555,LOF,0.2061739329105754,0.11829276919591122,0.6755332978935134
25556,LOF,0.42340521768803535,0.1042154947630185,0.4723792875489462
25557,LOF,0.19029594312030038,0.12749312917316907,0.6822109277065306
25558,LOF,0.261098961550432,0.12626068169221172,0.6126403567573563
25559,LOF,0.19094513181174566,0.16599621376963458,0.6430586544186198
25560,LOF,0.06970401419397404,0.11940661647516941,0.8108893693308564
25561,LOF,0.13218432434582883,0.11228749141450177,0.7555281842396695
25562,LOF,0.0618383727474135,0.07256597994364432,0.8655956473089422
25563,LOF,0.08736045135428143,0.07343942472120903,0.8392001239245096
25564,LOF,0.2254390458213528,0.1422450921895876,0.6323158619890596
25565,LOF,0.18447424961681153,0.12981677168626818,0.6857089786969203
25566,GOF,0.01954134479945607,0.7679573599809925,0.21250129521955155
25567,LOF,0.027225149289899386,0.12761910277136784,0.8451557479387328
25568,LOF,0.05760891237176015,0.0680956981579087,0.874295389470331
25569,LOF,0.05840030022933577,0.06551838517020005,0.8760813146004642
25570,LOF,0.02995797420574668,0.09687912918167244,0.8731628966125808
25571,LOF,0.02834429240494004,0.09424942695989315,0.8774062806351668
25572,LOF,0.03622096247930712,0.1193096346438914,0.8444694028768015
25573,LOF,0.026800080073292966,0.092037762913929,0.8811621570127781
25574,LOF,0.014641473811371826,0.18309323994089863,0.8022652862477296
25575,LOF,0.024343934442890097,0.10803859733480123,0.8676174682223088
25576,LOF,0.013563123793081514,0.14122872115167287,0.8452081550552456
25577,LOF,0.011976061704228838,0.1097976879310211,0.8782262503647501
25578,LOF,0.2756124565393544,0.07470018547872087,0.6496873579819248
25579,LOF,0.11762610403021753,0.08106726875218766,0.8013066272175949
25580,LOF,0.017846305763239756,0.06915981188931154,0.9129938823474486
25581,LOF,0.04499348346070648,0.06639782021511689,0.8886086963241766
25582,LOF,0.04478100981251618,0.06478318225676019,0.8904358079307236
25583,LOF,0.020587530031905738,0.0775226732767389,0.9018897966913553
25584,Neutral,0.5131580169808522,0.10684941421537278,0.3799925688037751
25585,LOF,0.013481880643526487,0.11382187075937818,0.8726962485970954
25586,LOF,0.01820587474183602,0.0684417588836354,0.9133523663745287
25587,LOF,0.01733245772812245,0.05950208920892526,0.9231654530629523
25588,LOF,0.017765624250957512,0.07497024144047934,0.9072641343085631
25589,Neutral,0.6256556538110386,0.12592089085999142,0.24842345532896998
25590,LOF,0.021068174425391585,0.11136815925948365,0.8675636663151248
25591,LOF,0.0734228975221971,0.056886437628286754,0.8696906648495161
25592,LOF,0.051845769690930146,0.11946307241368864,0.8286911578953813
25593,LOF,0.019666158171155055,0.27906244608715974,0.7012713957416853
25594,LOF,0.03921897470251959,0.12147330947496641,0.8393077158225141
25595,LOF,0.03841507506362321,0.09130962228072256,0.8702753026556542
25596,LOF,0.052834120425393344,0.06809946167194286,0.8790664179026638
25597,LOF,0.03647372585311317,0.08276097492524476,0.880765299221642
25598,LOF,0.03480019538744674,0.09607522045810074,0.8691245841544526
25599,GOF,0.007865053388761636,0.5424270033020088,0.4497079433092297
25600,GOF,0.026327609681744687,0.6167192572424848,0.35695313307577065
25601,LOF,0.013099553489510666,0.3881755525898755,0.5987248939206139
25602,LOF,0.013477093265956598,0.054244763075875446,0.9322781436581679
25603,LOF,0.04129119166101039,0.023615058479301624,0.935093749859688
25604,LOF,0.015377707450299948,0.06121477421889016,0.9234075183308098
25605,LOF,0.009866082948557437,0.17985689662125567,0.8102770204301869
25606,LOF,0.11037025710084591,0.2997804787511133,0.5898492641480408
25607,LOF,0.006196024011602285,0.1986628301650706,0.7951411458233271
25608,LOF,0.011991075401680944,0.10750996990581792,0.8804989546925011
25609,LOF,0.07785580866115203,0.3923788615461765,0.5297653297926714
25610,LOF,0.01947088973295889,0.027034168536265366,0.9534949417307759
25611,LOF,0.01819732541608538,0.02930275895572228,0.9524999156281925
25612,LOF,0.06149969719157839,0.041459182245674235,0.8970411205627473
25613,LOF,0.056623491467088755,0.0417044145613673,0.9016720939715439
25614,LOF,0.027303699486524557,0.0343461661900883,0.9383501343233872
25615,LOF,0.017317468928283244,0.04624053504713823,0.9364419960245786
25616,LOF,0.05272063140835438,0.03226907813446519,0.9150102904571805
25617,LOF,0.049631583526737334,0.03340366607452153,0.916964750398741
25618,LOF,0.061397436674897346,0.03828378828450965,0.900318775040593
25619,LOF,0.017897134545326005,0.03345898168327374,0.9486438837714002
25620,LOF,0.06835422769784825,0.04202786856751031,0.8896179037346414
25621,LOF,0.01890854120585075,0.03759238140160601,0.9434990773925432
25622,LOF,0.024116492412399663,0.04569300809614518,0.9301904994914552
25623,LOF,0.035717255007950595,0.04092012780155745,0.9233626171904918
25624,LOF,0.022532199532257158,0.040240745786697736,0.9372270546810452
25625,LOF,0.023585696981062974,0.05477520123742183,0.9216391017815152
25626,LOF,0.05416787857959915,0.03713928020563043,0.9086928412147705
25627,Neutral,0.6374172473661983,0.0867210064258354,0.27586174620796633
25628,LOF,0.17591398497932934,0.04491055617415027,0.7791754588465204
25629,LOF,0.03629981168489141,0.06336371499701378,0.9003364733180947
25630,LOF,0.1414546646387579,0.08313792373439598,0.7754074116268461
25631,Neutral,0.6064564679749211,0.051996661594874385,0.34154687043020443
25632,LOF,0.006970225413306747,0.07415830215028284,0.9188714724364104
25633,LOF,0.202456356982727,0.050720978604686405,0.7468226644125866
25634,LOF,0.02876252443173274,0.09915479760672327,0.872082677961544
25635,LOF,0.03669547113688918,0.05449694476917906,0.9088075840939318
25636,LOF,0.005851168176209519,0.49111250970978293,0.5030363221140075
25637,GOF,0.00745865409510904,0.5308092509713777,0.46173209493351325
25638,LOF,0.009775218719933006,0.2621127933506816,0.7281119879293855
25639,LOF,0.005885602869363385,0.4076705734115463,0.5864438237190903
25640,Neutral,0.49690518271708084,0.4135380766836258,0.08955674059929336
25641,GOF,0.008475626959686441,0.5175153915255055,0.4740089815148079
25642,LOF,0.2397320123737957,0.12035086274128756,0.6399171248849167
25643,LOF,0.1460988949710985,0.16774062739465187,0.6861604776342496
25644,GOF,0.008392251034823887,0.5213181043915501,0.4702896445736261
25645,LOF,0.0062574942091716025,0.4558821354039368,0.5378603703868915
25646,LOF,0.01053383023810758,0.36701587375567873,0.6224502960062137
25647,LOF,0.008712879553904465,0.32017367881779557,0.6711134416282999
25648,LOF,0.00799121712094935,0.29724861794639484,0.6947601649326559
25649,LOF,0.00702135756386501,0.2453541991964968,0.7476244432396382
25650,LOF,0.010690009045880553,0.45331504326500294,0.5359949476891166
25651,LOF,0.0048956589011878385,0.3200649367733539,0.6750394043254583
25652,LOF,0.0080897632463263,0.30680841098882927,0.6851018257648445
25653,LOF,0.022026382962774187,0.4401845148829183,0.5377891021543074
25654,LOF,0.008657164379098203,0.22853515366231938,0.7628076819585824
25655,LOF,0.038140179530406375,0.4373830163756401,0.5244768040939535
25656,LOF,0.20534521338043418,0.05921110779239914,0.7354436788271667
25657,LOF,0.2761909911940232,0.03286390792294271,0.6909451008830342
25658,LOF,0.08861232908528312,0.0996438137338857,0.8117438571808312
25659,LOF,0.4449698199268471,0.07645124911849399,0.4785789309546588
25660,LOF,0.02955623507866366,0.08640230207186347,0.8840414628494728
25661,LOF,0.09426474983439603,0.060821975325242736,0.8449132748403613
25662,LOF,0.032099660077603544,0.037052453824552085,0.9308478860978445
25663,LOF,0.040095406717705,0.0544140787909385,0.9054905144913564
25664,LOF,0.0500957925072157,0.06665899719028362,0.8832452103025007
25665,LOF,0.05452543596265026,0.027617670804336372,0.9178568932330133
25666,LOF,0.03938706447900257,0.08929757170551002,0.8713153638154875
25667,LOF,0.0639146248863156,0.04291152028121659,0.8931738548324677
25668,LOF,0.036816538722428516,0.04580643744183159,0.9173770238357399
25669,LOF,0.0336401048625205,0.06534731426432595,0.9010125808731535
25670,LOF,0.06307182404111163,0.052748208526844524,0.8841799674320437
25671,LOF,0.09241857865075026,0.03595170105347643,0.8716297202957732
25672,LOF,0.0598156090796081,0.03599148644486724,0.9041929044755246
25673,LOF,0.024793559853783564,0.0500937500887582,0.9251126900574581
25674,LOF,0.02196891696135836,0.06250873261437086,0.9155223504242709
25675,LOF,0.035197418424791245,0.05292641137415237,0.9118761702010564
25676,LOF,0.018263289784616298,0.049851856394781666,0.9318848538206019
25677,LOF,0.028162584912402897,0.06643012216368945,0.9054072929239076
25678,LOF,0.20994064588377595,0.05397176467056387,0.7360875894456601
25679,LOF,0.16729654673835662,0.0781696384513449,0.7545338148102985
25680,LOF,0.041664471719867674,0.10751116927479927,0.850824359005333
25681,LOF,0.06676021477000164,0.09966326519327727,0.833576520036721
25682,LOF,0.1412424972956342,0.06800109542133737,0.7907564072830284
25683,LOF,0.08815968260463926,0.10482369164581144,0.8070166257495494
25684,LOF,0.04658817953995672,0.07280250844930576,0.8806093120107376
25685,LOF,0.08862705867613022,0.045075296097437094,0.8662976452264326
25686,LOF,0.02729658156009253,0.07969703536238944,0.8930063830775181
25687,LOF,0.05068575723830542,0.06839659035199172,0.8809176524097029
25688,LOF,0.05000596227901206,0.07135977519770038,0.8786342625232876
25689,LOF,0.02775766859997169,0.07800593337122012,0.894236398028808
25690,LOF,0.04026917316554643,0.0645903118146419,0.8951405150198117
25691,LOF,0.2643124087669128,0.07566757535283013,0.6600200158802569
25692,LOF,0.2663875586824848,0.008491582780258855,0.7251208585372564
25693,LOF,0.054055281936775994,0.35884138708806534,0.5871033309751587
25694,LOF,0.22248655679650173,0.01439973750234762,0.7631137057011506
25695,LOF,0.13220734058804046,0.022220702814891843,0.8455719565970677
25696,LOF,0.11190600252661356,0.012965917371496442,0.8751280801018899
25697,LOF,0.09532501681397049,0.02510369860612355,0.879571284579906
25698,LOF,0.06562904149236695,0.43033545498790504,0.504035503519728
25699,LOF,0.0659945958849512,0.08111828716001039,0.8528871169550384
25700,LOF,0.0534693767368228,0.00965648468502848,0.9368741385781488
25701,LOF,0.01634153866786005,0.10081919367639096,0.8828392676557489
25702,GOF,0.037184338934497366,0.6318156938961919,0.3309999671693107
25703,LOF,0.008979950205116743,0.13941247174253366,0.8516075780523497
25704,LOF,0.060764816696145134,0.10841840520828655,0.8308167780955684
25705,LOF,0.07672461431400159,0.22488020403460646,0.698395181651392
25706,LOF,0.02919905019656325,0.43114609822702915,0.5396548515764075
25707,LOF,0.019434805737276455,0.3389981337422451,0.6415670605204786
25708,LOF,0.008617430229923648,0.31230851509849206,0.6790740546715843
25709,LOF,0.06438396041107058,0.04634950016818031,0.8892665394207492
25710,LOF,0.005950839049791455,0.134540893978563,0.8595082669716456
25711,LOF,0.01990735899251611,0.1086337028870245,0.8714589381204594
25712,LOF,0.0077477502330422455,0.17279195735180777,0.8194602924151498
25713,LOF,0.02157302553221301,0.09114117848675365,0.8872857959810333
25714,LOF,0.06530265944631118,0.12031324919918629,0.8143840913545025
25715,LOF,0.013201210273141884,0.12445889823129633,0.8623398914955618
25716,LOF,0.007027705242510535,0.10470168515118233,0.8882706096063071
25717,LOF,0.007120775776143867,0.07215927403551442,0.9207199501883417
25718,LOF,0.014479108960654597,0.08286641182955735,0.902654479209788
25719,LOF,0.022296033335153925,0.08500806912023312,0.892695897544613
25720,LOF,0.02410015454487865,0.07603574423434017,0.8998641012207813
25721,LOF,0.01862938926539454,0.0933800770404815,0.887990533694124
25722,LOF,0.01654041397977113,0.1153949863882405,0.8680645996319883
25723,LOF,0.023427558214784032,0.057966034553670824,0.9186064072315452
25724,LOF,0.021468194545722137,0.09643259800975068,0.8820992074445272
25725,LOF,0.013496081140283424,0.06865719729164114,0.9178467215680753
25726,LOF,0.01742831094866041,0.09575707136994212,0.8868146176813976
25727,LOF,0.014469058709265984,0.07203034148745834,0.9135005998032757
25728,LOF,0.012969501130581275,0.09563125995252265,0.8913992389168961
25729,LOF,0.013170308047765943,0.09814827183444844,0.8886814201177855
25730,LOF,0.01880926609648322,0.0782423989140205,0.9029483349894963
25731,LOF,0.00867536189845447,0.12307276203829885,0.8682518760632466
25732,LOF,0.018056301137855675,0.08302578994481273,0.8989179089173316
25733,LOF,0.018437569703358123,0.06989911999278733,0.9116633103038545
25734,LOF,0.006302508203934749,0.12102597053772898,0.8726715212583364
25735,LOF,0.01644830564930174,0.06461183884302728,0.9189398555076711
25736,LOF,0.016526837750377905,0.09773163601878183,0.8857415262308403
25737,LOF,0.02398987924106653,0.07513695811839927,0.9008731626405343
25738,LOF,0.015571508589668883,0.11599798324188777,0.8684305081684432
25739,LOF,0.022745747724680115,0.10303838560826528,0.8742158666670546
25740,LOF,0.03560737787592771,0.11007350469989333,0.8543191174241789
25741,LOF,0.01628139298349551,0.10264440140153802,0.8810742056149664
25742,LOF,0.10052568497521021,0.1020810160649653,0.7973932989598245
25743,LOF,0.016877492732489063,0.03356593707353271,0.9495565701939782
25744,LOF,0.19167968365973181,0.36727362926136314,0.441046687078905
25745,LOF,0.025851471736824828,0.06401671147055164,0.9101318167926236
25746,LOF,0.017134655815371554,0.07838973361399486,0.9044756105706337
25747,LOF,0.028795617217636422,0.0312798215800836,0.93992456120228
25748,LOF,0.1305008142041194,0.05313604301587494,0.8163631427800055
25749,LOF,0.014572679840938888,0.06997763333209746,0.9154496868269636
25750,LOF,0.03221428195869958,0.07698179766992698,0.8908039203713733
25751,LOF,0.11365120062006237,0.062184465782072804,0.8241643335978649
25752,GOF,0.12790225423613236,0.5979087957650582,0.27418894999880944
25753,LOF,0.009030019984561129,0.27267508601471263,0.7182948940007263
25754,GOF,0.004822505647329121,0.7839796950440892,0.21119779930858185
25755,LOF,0.010335017071264116,0.3836221870334331,0.6060427958953029
25756,LOF,0.05195834281748527,0.35486581616244656,0.5931758410200682
25757,GOF,0.006011963205826873,0.8368431652927406,0.15714487150143253
25758,GOF,0.006837545938883323,0.8256768630905247,0.16748559097059193
25759,GOF,0.00442813479707616,0.5204261366853741,0.4751457285175498
25760,LOF,0.005961904197865201,0.232212773738319,0.7618253220638157
25761,GOF,0.04106666125427164,0.8157174688037289,0.14321586994199956
25762,LOF,0.038304807413241486,0.26109657048269663,0.700598622104062
25763,LOF,0.0073872645569683735,0.17585578523508666,0.816756950207945
25764,GOF,0.19634102647405144,0.47275526110795846,0.33090371241799
25765,GOF,0.010982276668278907,0.7768513566221477,0.21216636670957353
25766,GOF,0.01617100705795744,0.800335216311133,0.18349377663090957
25767,GOF,0.02430745808453214,0.5420369979129395,0.4336555440025283
25768,LOF,0.07940529904014657,0.09705682645234022,0.8235378745075133
25769,LOF,0.08824675212480289,0.06260390105323368,0.8491493468219635
25770,LOF,0.3462337961678693,0.06853523607570192,0.5852309677564288
25771,LOF,0.01382657956028363,0.05847636684468395,0.9276970535950323
25772,LOF,0.019975420117263727,0.029829179050062615,0.9501954008326737
25773,LOF,0.012410344965913297,0.10541027194321277,0.882179383090874
25774,LOF,0.028436368944809463,0.068989836473229,0.9025737945819616
25775,LOF,0.01580723669680769,0.05108382134638797,0.9331089419568044
25776,LOF,0.08264714719791191,0.025698497390669494,0.8916543554114186
25777,LOF,0.3092326494546763,0.04580354363101579,0.6449638069143079
25778,LOF,0.06798907854032135,0.04783477210680022,0.8841761493528785
25779,GOF,0.08115744833714635,0.8574397840321646,0.061402767630689165
25780,GOF,0.07078526382960373,0.8395709508419855,0.08964378532841079
25781,GOF,0.02569659896392114,0.8361548990046878,0.1381485020313911
25782,GOF,0.03353059915046836,0.8640649813600892,0.1024044194894423
25783,GOF,0.01298282510245893,0.6636760016447145,0.3233411732528265
25784,GOF,0.12941211807337136,0.8133915100043091,0.05719637192231958
25785,GOF,0.07948310095828943,0.868823235005742,0.051693664035968576
25786,GOF,0.0057408708804618834,0.8017665435587013,0.1924925855608369
25787,GOF,0.21656615000101023,0.7407993872936189,0.04263446270537096
25788,LOF,0.04620627239400738,0.12495574809193394,0.8288379795140588
25789,GOF,0.0346919308042632,0.8057056045129167,0.15960246468282005
25790,GOF,0.03636871052201808,0.8205844836345724,0.14304680584340962
25791,GOF,0.02578616145376311,0.7576241294206979,0.2165897091255391
25792,GOF,0.04984930269004947,0.751029656975752,0.19912104033419842
25793,GOF,0.06676711168717486,0.7293675467720172,0.203865341540808
25794,GOF,0.10015953088952094,0.6859107658027369,0.21392970330774214
25795,GOF,0.02286104891627805,0.7519387771449589,0.225200173938763
25796,GOF,0.12992546571790314,0.7663580472571133,0.1037164870249836
25797,GOF,0.030859449477405595,0.5876407385985337,0.3814998119240605
25798,GOF,0.003279733072544283,0.5328973877865625,0.46382287914089326
25799,LOF,0.003031914870304352,0.420842759610403,0.5761253255192926
25800,GOF,0.010656199327822491,0.5991003158540149,0.3902434848181625
25801,GOF,0.04036407352095634,0.7980845374320035,0.16155138904704014
25802,GOF,0.01803924370901156,0.6979531946090142,0.28400756168197444
25803,GOF,0.009595119295483793,0.5819619158123281,0.40844296489218807
25804,LOF,0.011624981759639273,0.48409717780156536,0.5042778404387954
25805,GOF,0.020224367038404995,0.5898026017257282,0.38997303123586685
25806,GOF,0.01745792594463146,0.6116689797115628,0.3708730943438057
25807,GOF,0.005865182389898927,0.6447634792021391,0.34937133840796203
25808,GOF,0.01402065024855404,0.6290392500665348,0.35694009968491114
25809,GOF,0.00610062564816141,0.598490925484611,0.3954084488672277
25810,GOF,0.005114897038283547,0.6153510271241543,0.37953407583756216
25811,GOF,0.109455853346836,0.7684624489291746,0.12208169772398926
25812,GOF,0.012601611602096052,0.635127917954382,0.35227047044352217
25813,GOF,0.11863649157609811,0.7131207742416446,0.1682427341822575
25814,GOF,0.026884565708181908,0.7058783200801548,0.2672371142116633
25815,GOF,0.038889370752567806,0.7145466331331174,0.24656399611431482
25816,GOF,0.007560172683718192,0.7539633073266738,0.23847651998960803
25817,GOF,0.05186126946752282,0.7922299123169744,0.15590881821550284
25818,GOF,0.01602304192982564,0.6901120147345386,0.29386494333563573
25819,GOF,0.06836993616010713,0.716643245895967,0.214986817943926
25820,GOF,0.032608552297736876,0.7178111074037531,0.24958034029851003
25821,GOF,0.01619419835715651,0.6967295358188829,0.2870762658239606
25822,GOF,0.03610703278527666,0.697429085686282,0.2664638815284414
25823,GOF,0.012135542726105104,0.5433185374605934,0.4445459198133015
25824,GOF,0.020190315635552084,0.6604539172313382,0.3193557671331097
25825,GOF,0.011893127868504806,0.6312000719963884,0.35690680013510684
25826,GOF,0.005121296421973924,0.6192709755228185,0.37560772805520753
25827,GOF,0.007899189639441164,0.627678223370868,0.3644225869896909
25828,GOF,0.005069106112333666,0.5446429122759141,0.4502879816117522
25829,GOF,0.002749650614130179,0.5938352065951384,0.4034151427907314
25830,LOF,0.04324434306174445,0.31541800939956777,0.6413376475386877
25831,GOF,0.04458101908372763,0.8106371845335059,0.14478179638276645
25832,GOF,0.00814278469842519,0.7649956900826899,0.22686152521888492
25833,GOF,0.03201831582403419,0.7916331630167917,0.17634852115917424
25834,GOF,0.009120346223928518,0.7709440931473629,0.21993556062870864
25835,GOF,0.019878835407969298,0.8047588351818151,0.17536232941021554
25836,GOF,0.007075886827981215,0.7447082217019441,0.24821589147007478
25837,GOF,0.0069353258250744575,0.6481535485457172,0.34491112562920845
25838,GOF,0.02389283722643009,0.826566966501774,0.14954019627179602
25839,GOF,0.05290080091255914,0.7706783936988364,0.17642080538860436
25840,GOF,0.05055304823960086,0.7937301149786964,0.1557168367817028
25841,GOF,0.04547983873619668,0.8103689747339174,0.14415118652988584
25842,GOF,0.029943070351721016,0.8408660614943679,0.1291908681539111
25843,GOF,0.031510215433186155,0.8634620630670429,0.10502772149977103
25844,GOF,0.019901488901709383,0.7806374602439285,0.19946105085436205
25845,GOF,0.005684219588535365,0.5724193145309506,0.421896465880514
25846,GOF,0.033631894112446915,0.8214924767842451,0.144875629103308
25847,GOF,0.02176089016613707,0.8739067605326636,0.10433234930119915
25848,GOF,0.012297359195706967,0.7788314478997992,0.20887119290449382
25849,GOF,0.0042607201025232685,0.6603064804201076,0.33543279947736915
25850,GOF,0.006219404188054498,0.7062101827797881,0.28757041303215747
25851,GOF,0.005674283382513402,0.5887683519315592,0.4055573646859275
25852,GOF,0.1646365956608745,0.5181032093983846,0.3172601949407409
25853,GOF,0.07225560083608129,0.8110699552592072,0.11667444390471153
25854,GOF,0.008805325689667192,0.6434548587600953,0.34773981555023736
25855,GOF,0.013021903834194685,0.59673781524235,0.3902402809234552
25856,GOF,0.04616181735127133,0.6967920967500962,0.2570460858986323
25857,GOF,0.013500343607455991,0.5537386727516956,0.4327609836408484
25858,GOF,0.007766844776465665,0.5580018723688902,0.434231282854644
25859,GOF,0.005157039111119449,0.5236319245135288,0.4712110363753518
25860,GOF,0.08773571139959327,0.7764749653625156,0.1357893232378913
25861,GOF,0.12416932414729759,0.7796999880868348,0.09613068776586767
25862,GOF,0.021096899355611615,0.8276561169383158,0.15124698370607254
25863,GOF,0.02127213398650295,0.8361032152806375,0.14262465073285957
25864,GOF,0.050020538333751655,0.8611116366537285,0.08886782501251998
25865,GOF,0.027106458634217994,0.847020004174688,0.12587353719109404
25866,GOF,0.023087248377619635,0.8203434718191196,0.15656927980326077
25867,GOF,0.030847970768670768,0.8530984571332151,0.11605357209811404
25868,GOF,0.06483054669291967,0.791227446025839,0.14394200728124126
25869,GOF,0.3340842169931366,0.5750353640132575,0.0908804189936059
25870,GOF,0.21593689697962004,0.4940707946902728,0.28999230833010725
25871,GOF,0.0330988783785081,0.8327746230342339,0.13412649858725792
25872,GOF,0.01854547548915633,0.7431088575246048,0.23834566698623888
25873,GOF,0.023708095537039595,0.8154501229773855,0.1608417814855749
25874,LOF,0.017184034194501197,0.13288402294528184,0.849931942860217
25875,LOF,0.0223296671701651,0.05040447405738815,0.9272658587724468
25876,LOF,0.015226628158288772,0.02888939436791924,0.9558839774737921
25877,LOF,0.1408342242136355,0.08436781872159656,0.774797957064768
25878,LOF,0.05474569170656176,0.12012072466716382,0.8251335836262744
25879,LOF,0.021845187647142494,0.08645320998578873,0.8917016023670689
25880,LOF,0.04649607188381836,0.012393507388347432,0.9411104207278342
25881,Neutral,0.5294937586398177,0.035218978345549816,0.43528726301463244
25882,LOF,0.02081091952958637,0.027281987191590175,0.9519070932788234
25883,LOF,0.0580776173143315,0.022968198179019385,0.9189541845066491
25884,LOF,0.00932234790007836,0.038547223286284155,0.9521304288136375
25885,LOF,0.16851220875824624,0.005919691636740869,0.8255680996050129
25886,LOF,0.2528388094064476,0.05107923718325273,0.6960819534102997
25887,LOF,0.1453600917689656,0.04188628871262955,0.8127536195184047
25888,LOF,0.012717226404349196,0.09981431603097804,0.8874684575646727
25889,LOF,0.011351421389816613,0.029496218367566517,0.959152360242617
25890,LOF,0.1320604204045448,0.09936728998357475,0.7685722896118805
25891,LOF,0.04265416155620868,0.051589714607769455,0.9057561238360218
25892,LOF,0.015131366454755662,0.04235046637214189,0.9425181671731026
25893,LOF,0.4069369216899589,0.014535838818575793,0.5785272394914653
25894,LOF,0.4331701510329909,0.007235089823349381,0.5595947591436597
25895,LOF,0.3752139823884189,0.0154078311213346,0.6093781864902464
25896,LOF,0.04336505911910603,0.02784170434604991,0.928793236534844
25897,LOF,0.21597898248605493,0.014654001722146356,0.7693670157917987
25898,LOF,0.2535696807327927,0.03828126707578385,0.7081490521914234
25899,LOF,0.18118627162057277,0.03484131775633616,0.7839724106230911
25900,LOF,0.4823766814361869,0.015609956525665854,0.5020133620381474
25901,LOF,0.04621659113715554,0.013374778973557258,0.9404086298892872
25902,LOF,0.09278213251569763,0.017117362892309012,0.8901005045919933
25903,LOF,0.4219885743738502,0.03149280496875068,0.5465186206573992
25904,LOF,0.3333053085541427,0.04809776014390533,0.6185969313019519
25905,LOF,0.006073498186807569,0.40988720030682163,0.5840393015063708
25906,LOF,0.009549853892383275,0.0867574778853713,0.9036926682222454
25907,LOF,0.003941766327716795,0.37757062745477327,0.61848760621751
25908,LOF,0.0036548447591725317,0.28851709732655056,0.7078280579142769
25909,LOF,0.01416455860497369,0.11542391136483846,0.8704115300301879
25910,LOF,0.015580105777970333,0.1455743596295396,0.8388455345924901
25911,LOF,0.19093660390663203,0.03171635694234285,0.7773470391510251
25912,LOF,0.07519886199698622,0.036522880323298486,0.8882782576797154
25913,LOF,0.09148141586962706,0.049579743540499044,0.858938840589874
25914,LOF,0.021840572905566916,0.056336608031240604,0.9218228190631924
25915,LOF,0.140027514201286,0.3523695626159247,0.5076029231827893
25916,LOF,0.017278524395570854,0.22363359837339644,0.7590878772310328
25917,LOF,0.05311982919669966,0.0406864104874412,0.9061937603158591
25918,LOF,0.02599547252903141,0.032121709131008064,0.9418828183399605
25919,LOF,0.022123284253958122,0.031588781120551,0.946287934625491
25920,LOF,0.0581678145486809,0.42208247078425276,0.5197497146670664
25921,LOF,0.010039649014281548,0.043992067791496885,0.9459682831942217
25922,LOF,0.01290461027641949,0.03353197098316487,0.9535634187404155
25923,Neutral,0.48906658179241475,0.042873680996987844,0.46805973721059746
25924,LOF,0.016617831896794943,0.044077879551806885,0.9393042885513982
25925,LOF,0.08039233727266432,0.0450363824044797,0.874571280322856
25926,LOF,0.058185787826725205,0.04206010756183562,0.8997541046114392
25927,LOF,0.015600192781115657,0.17182153341047657,0.8125782738084079
25928,LOF,0.007721004536877088,0.05602549464175614,0.9362535008213668
25929,Neutral,0.6044363397816885,0.04544667632555371,0.35011698389275775
25930,LOF,0.06859573816525152,0.03660692020986171,0.8947973416248868
25931,LOF,0.009673955903450153,0.03574883949499833,0.9545772046015515
25932,LOF,0.03259435750688837,0.03248381630994802,0.9349218261831636
25933,LOF,0.04223235501947968,0.021466686085642887,0.9363009588948774
25934,LOF,0.02903643959417429,0.022823501025877577,0.9481400593799482
25935,LOF,0.07012404004927839,0.05797467237546557,0.8719012875752561
25936,LOF,0.047056112990140044,0.027491427803347443,0.9254524592065125
25937,LOF,0.00932078862396563,0.0429442259534281,0.9477349854226064
25938,LOF,0.0705673415149517,0.06400269173708444,0.8654299667479639
25939,LOF,0.03992831456457185,0.02679340259930096,0.9332782828361272
25940,LOF,0.006336554003842543,0.3388320447733944,0.6548314012227631
25941,Neutral,0.5357510138146763,0.05328835243983309,0.41096063374549063
25942,LOF,0.004560998886866805,0.04411203723653892,0.9513269638765943
25943,LOF,0.034223451971226684,0.13571184112494847,0.830064706903825
25944,LOF,0.09971931695720618,0.09151383904606336,0.8087668439967304
25945,LOF,0.05598320375625423,0.02171661776881788,0.922300178474928
25946,LOF,0.06568195621577054,0.06411967829430794,0.8701983654899215
25947,LOF,0.44637900475127007,0.09245265383785777,0.4611683414108721
25948,LOF,0.3277590217940593,0.009181714629527285,0.6630592635764134
25949,LOF,0.08589537674620473,0.040823946979582484,0.8732806762742128
25950,GOF,0.04685410970736255,0.5334886629372085,0.4196572273554288
25951,LOF,0.021396805613524954,0.3261982408455605,0.6524049535409145
25952,LOF,0.2579044486877742,0.2399295148287607,0.5021660364834651
25953,LOF,0.015289552369475474,0.13416790413655566,0.850542543493969
25954,LOF,0.087295229411034,0.3307801309922905,0.5819246395966755
25955,LOF,0.012331496108570345,0.10317501981903589,0.8844934840723938
25956,LOF,0.02859712600877789,0.18542018296643706,0.7859826910247851
25957,LOF,0.1400120781708149,0.022235227410211996,0.8377526944189732
25958,LOF,0.04839390760340955,0.030360768907469676,0.9212453234891209
25959,LOF,0.012925142227546158,0.3758897829554768,0.6111850748169769
25960,LOF,0.005929056818968248,0.05246361372806214,0.9416073294529697
25961,LOF,0.037248323572632906,0.02850952928478005,0.934242147142587
25962,LOF,0.03190858603615623,0.06265162168333577,0.9054397922805079
25963,LOF,0.00527654708663994,0.2873495338401272,0.7073739190732329
25964,LOF,0.03120571907947508,0.1253775569411897,0.8434167239793352
25965,LOF,0.3428061261184345,0.09879088631450565,0.5584029875670599
25966,Neutral,0.48484857052265523,0.18707825917806167,0.328073170299283
25967,LOF,0.006730396734968889,0.087826445423185,0.9054431578418461
25968,LOF,0.03772560305036875,0.36592029537476706,0.5963541015748643
25969,LOF,0.12436222108935047,0.06154396933214865,0.8140938095785009
25970,LOF,0.01980433011054551,0.07305040883562737,0.9071452610538271
25971,LOF,0.0656599357627764,0.02901030404002408,0.9053297601971995
25972,LOF,0.06413693541317798,0.042390132541932884,0.8934729320448892
25973,LOF,0.051987503188667177,0.010127157763600712,0.9378853390477321
25974,LOF,0.03532067271677606,0.032640952586371653,0.9320383746968524
25975,LOF,0.04418863345024806,0.023790558851224407,0.9320208076985275
25976,LOF,0.10368353414205796,0.01028208476307913,0.886034381094863
25977,LOF,0.20524012220599686,0.05704384853480067,0.7377160292592024
25978,LOF,0.1685196960288414,0.10590231850841382,0.7255779854627447
25979,LOF,0.1403477827051156,0.10616952925938203,0.7534826880355023
25980,LOF,0.23488191872266748,0.129016543619802,0.6361015376575305
25981,LOF,0.2655678939821988,0.12888171115450997,0.6055503948632912
25982,LOF,0.41171916483103904,0.08510145443939492,0.503179380729566
25983,LOF,0.38977122552450627,0.08992457698992294,0.5203041974855708
25984,LOF,0.04162030398161388,0.05157282554232052,0.9068068704760657
25985,LOF,0.3676232264727198,0.13398827287010015,0.49838850065718
25986,LOF,0.009679519996617956,0.3930066108167059,0.5973138691866762
25987,LOF,0.03508845233599331,0.07954078671893551,0.8853707609450713
25988,LOF,0.1577635326296859,0.07719344908997046,0.7650430182803437
25989,LOF,0.03636399882518153,0.1191062026927181,0.8445297984821003
25990,LOF,0.039275378753740785,0.17022065762398722,0.790503963622272
25991,LOF,0.016939886081975747,0.33978444162329,0.6432756722947343
25992,LOF,0.02344356674809105,0.3189911398628942,0.6575652933890147
25993,LOF,0.022406617451963116,0.07646448663110611,0.9011288959169309
25994,LOF,0.016484865420141135,0.07184124136861673,0.9116738932112421
25995,LOF,0.02087265995598403,0.16582844127965193,0.813298898764364
25996,LOF,0.3091588853962779,0.26715919896826135,0.4236819156354607
25997,LOF,0.06965566209097444,0.3223773088385175,0.607967029070508
25998,LOF,0.297963044776925,0.04089516520243951,0.6611417900206354
25999,LOF,0.015821440535322636,0.22681125165475235,0.7573673078099249
26000,LOF,0.14205673652413123,0.02632010122534872,0.8316231622505201
26001,LOF,0.294263225104256,0.021698545363705277,0.6840382295320387
26002,LOF,0.0643479974747475,0.041000033651754635,0.894651968873498
26003,GOF,0.003861958842913014,0.6246630401043451,0.3714750010527419
26004,GOF,0.0057850942351376925,0.7095963636617636,0.28461854210309867
26005,LOF,0.002687080203317285,0.4971801746411089,0.5001327451555738
26006,GOF,0.07624324716942855,0.5713674118330019,0.3523893409975695
26007,GOF,0.005299483076701474,0.5464351355556606,0.448265381367638
26008,GOF,0.004917343226538724,0.6237545350175587,0.3713281217559025
26009,GOF,0.005764614217489974,0.6616417750790717,0.3325936107034383
26010,GOF,0.0062921952530965745,0.6738275114371023,0.3198802933098012
26011,LOF,0.002642262488951293,0.47258213937186544,0.5247755981391833
26012,GOF,0.0036854537419034814,0.5533218253223009,0.44299272093579556
26013,GOF,0.00451524798268452,0.618134850260245,0.3773499017570705
26014,LOF,0.04902784651119617,0.0849293806778272,0.8660427728109766
26015,LOF,0.14984144778469177,0.021696216771366794,0.8284623354439413
26016,LOF,0.288923382716034,0.03277390406947569,0.6783027132144903
26017,LOF,0.022357863000763815,0.18370566202851063,0.7939364749707256
26018,LOF,0.07727591041952861,0.045584576879715115,0.8771395127007563
26019,LOF,0.07340762734656349,0.0364140130173751,0.8901783596360614
26020,LOF,0.009385073710656357,0.18173583187289366,0.8088790944164499
26021,LOF,0.065647860806815,0.0642891083290791,0.8700630308641059
26022,LOF,0.0260563863380929,0.026629264109385237,0.9473143495525218
26023,LOF,0.04682182502407149,0.02599581297540793,0.9271823620005206
26024,LOF,0.042258291883587686,0.07023647416601599,0.8875052339503964
26025,LOF,0.06759615538210724,0.13566047887638089,0.7967433657415119
26026,LOF,0.13315883914768184,0.05433601255145569,0.8125051483008625
26027,LOF,0.060158873492676464,0.02084994818006019,0.9189911783272634
26028,LOF,0.0896200997440763,0.10811609660092225,0.8022638036550015
26029,LOF,0.028013066014785686,0.17557979730148457,0.7964071366837298
26030,LOF,0.1581737315959985,0.021276784871889037,0.8205494835321124
26031,LOF,0.014162026225313136,0.1248789458351965,0.8609590279394903
26032,LOF,0.08326143082676937,0.054900895508506964,0.8618376736647237
26033,LOF,0.08701617250552847,0.04992866864760421,0.8630551588468675
26034,LOF,0.015842814835255795,0.13841410233415527,0.845743082830589
26035,LOF,0.013695233002457471,0.11265439316585545,0.8736503738316871
26036,LOF,0.0173794679854421,0.14371277122567291,0.838907760788885
26037,LOF,0.011431301327839438,0.09957021861146821,0.8889984800606923
26038,LOF,0.07362821455948018,0.051904765445524706,0.8744670199949951
26039,LOF,0.024677662926671076,0.1338754542750189,0.84144688279831
26040,LOF,0.11935230384189008,0.09676247347077797,0.7838852226873319
26041,LOF,0.013209956379325772,0.09588438049005926,0.8909056631306149
26042,LOF,0.011984793105120187,0.09526875522778716,0.8927464516670927
26043,LOF,0.07269477759422745,0.06880769026707809,0.8584975321386946
26044,LOF,0.014353141912280922,0.05349290347170876,0.9321539546160102
26045,LOF,0.05283563665422834,0.09085011127570049,0.8563142520700713
26046,LOF,0.0654393285776372,0.054878988837411685,0.879681682584951
26047,LOF,0.11358723437572837,0.058415355485744364,0.8279974101385273
26048,LOF,0.05069185375211106,0.03514416767971432,0.9141639785681747
26049,Neutral,0.9700787868853453,0.005719887210119586,0.02420132590453507
26050,Neutral,0.9588003917413955,0.0068309759963015556,0.03436863226230309
26051,LOF,0.01277347846641223,0.2570752924793984,0.7301512290541893
26052,LOF,0.016634234331615014,0.30012263216369406,0.6832431335046908
26053,LOF,0.022781284237263635,0.1467173359767195,0.8305013797860169
26054,LOF,0.047418405515517965,0.018396729629101116,0.934184864855381
26055,LOF,0.06046987687048109,0.018700559103564433,0.9208295640259545
26056,LOF,0.04952391826463152,0.020677471607774795,0.9297986101275937
26057,LOF,0.030077239158446234,0.011868082414173718,0.95805467842738
26058,LOF,0.030825125790883853,0.010228364327702454,0.9589465098814137
26059,LOF,0.2889480037988059,0.02366721414069397,0.6873847820605001
26060,LOF,0.006465445049194261,0.25827104195233586,0.7352635129984698
26061,LOF,0.004935416553639118,0.01319937067700382,0.981865212769357
26062,LOF,0.004056635292159891,0.016915799107578438,0.9790275656002617
26063,LOF,0.021489156017976588,0.010179900402601577,0.9683309435794218
26064,LOF,0.006398240389474229,0.02254236629233464,0.9710593933181911
26065,LOF,0.022603637133608735,0.011772537546012082,0.9656238253203792
26066,LOF,0.020810224968100137,0.010287949801571356,0.9689018252303284
26067,LOF,0.026839419693461875,0.009194014983596835,0.9639665653229413
26068,LOF,0.042052827726701526,0.029970818882374083,0.9279763533909243
26069,LOF,0.24633386694430648,0.019688116531198112,0.7339780165244955
26070,LOF,0.39921141820781086,0.016104438106768763,0.5846841436854204
26071,LOF,0.020709070477644496,0.0111756304175014,0.9681152991048542
26072,LOF,0.005522198251207958,0.020478129727613315,0.9739996720211788
26073,LOF,0.017720887260440514,0.013918523427756306,0.9683605893118032
26074,Neutral,0.8996853113663228,0.00646533073471352,0.09384935789896365
26075,LOF,0.042990443964473254,0.01466551068718027,0.9423440453483464
26076,LOF,0.03637603353835464,0.009458550860480927,0.9541654156011644
26077,LOF,0.12184563282207676,0.006622035002584692,0.8715323321753385
26078,LOF,0.005838435755130022,0.011991805691751668,0.9821697585531183
26079,LOF,0.051702284451361324,0.01848671513548457,0.9298110004131541
26080,LOF,0.049851891387462315,0.01852278786760244,0.9316253207449352
26081,LOF,0.02785125486001974,0.007244785978614873,0.9649039591613653
26082,LOF,0.004354327790226165,0.014951980490485552,0.9806936917192883
26083,LOF,0.13139830740755606,0.016887336623610718,0.8517143559688332
26084,LOF,0.03397509444803112,0.01288839445520715,0.9531365110967618
26085,LOF,0.03012691122077102,0.01187569656462752,0.9579973922146013
26086,LOF,0.018863953623023823,0.011077826849594463,0.9700582195273816
26087,LOF,0.02001329178222447,0.009130137326253658,0.9708565708915218
26088,LOF,0.005394007308838871,0.02275719625982077,0.9718487964313404
26089,LOF,0.03864037121939392,0.023929798373465375,0.9374298304071407
26090,LOF,0.03821301781543292,0.019996641546128728,0.9417903406384384
26091,LOF,0.02671971270623556,0.0073533936982385925,0.9659268935955259
26092,LOF,0.019443416400787367,0.007913308919545503,0.9726432746796672
26093,LOF,0.03420371722258308,0.006567402171976037,0.959228880605441
26094,LOF,0.027161424921463354,0.007137208965992524,0.9657013661125442
26095,LOF,0.013567063983811174,0.018643480368993538,0.9677894556471953
26096,LOF,0.1473838262637204,0.0055363707371896935,0.8470798029990899
26097,LOF,0.004799649627965528,0.036997820729329764,0.9582025296427047
26098,LOF,0.07140151979728256,0.015159528029222755,0.9134389521734946
26099,LOF,0.018119953986030914,0.014129651423405103,0.967750394590564
26100,LOF,0.0203471346901069,0.013793139263611245,0.9658597260462819
26101,LOF,0.04656498182950954,0.021910035376190958,0.9315249827942994
26102,LOF,0.019728403412270272,0.014782730710054705,0.9654888658776749
26103,Neutral,0.8700618242700604,0.02205271450290679,0.10788546122703271
26104,LOF,0.06020552861931453,0.02727933728633155,0.9125151340943539
26105,LOF,0.19000751310636813,0.18625694916395538,0.6237355377296765
26106,LOF,0.3792664404337509,0.10974500245369516,0.510988557112554
26107,LOF,0.0243375334558307,0.13209843953468564,0.8435640270094836
26108,LOF,0.4039252322410627,0.042271400338677816,0.5538033674202594
26109,LOF,0.029551242285640968,0.06941179271686693,0.9010369649974922
26110,LOF,0.20269771632536526,0.00922294720568497,0.7880793364689497
26111,LOF,0.08916405575728086,0.08141903577407911,0.8294169084686399
26112,LOF,0.03331281221110889,0.00797613871989854,0.9587110490689925
26113,LOF,0.058028943665841125,0.018784125290420638,0.9231869310437383
26114,LOF,0.06627718293602412,0.013598724828814076,0.9201240922351619
26115,LOF,0.016670586496072243,0.07885474508855465,0.9044746684153732
26116,LOF,0.0798642361465168,0.0405076679529502,0.879628095900533
26117,LOF,0.4284679931128961,0.062404805237603465,0.5091272016495004
26118,LOF,0.033628464347202486,0.027778075537461915,0.9385934601153356
26119,LOF,0.00559015453385846,0.05318848506631253,0.941221360399829
26120,LOF,0.023469018865161655,0.02272869562107413,0.9538022855137641
26121,LOF,0.005433005979858198,0.13394992142644047,0.8606170725937013
