feature0,prediction,LoGoFunc_Neutral,LoGoFunc_GOF,LoGoFunc_LOF
25546,Neutral,0.7508250103857985,0.039595425778369636,0.20957956383583184
25547,Neutral,0.6000825545923341,0.08861431684151105,0.31130312856615483
25548,Neutral,0.6228081107776179,0.06508864519941167,0.31210324402297035
25549,Neutral,0.5431467098449467,0.06539146439239682,0.3914618257626564
25550,LOF,0.3657871460734196,0.12476527055900245,0.5094475833675779
25551,LOF,0.2924956099315908,0.13364637093897688,0.5738580191294324
25552,LOF,0.22091283725253172,0.12511143944902428,0.653975723298444
25553,Neutral,0.8487484299482783,0.02840788317694735,0.12284368687477436
25554,LOF,0.2564917356516345,0.12117043054027371,0.6223378338080918
25555,LOF,0.2155247192851711,0.10515651251880177,0.6793187681960272
25556,Neutral,0.4687955604553728,0.10251387706638117,0.42869056247824605
25557,LOF,0.2030503927380406,0.10958640133191894,0.6873632059300405
25558,LOF,0.23893099964719802,0.12112872811653383,0.6399402722362683
25559,LOF,0.3593184726633994,0.15433006580556446,0.48635146153103603
25560,LOF,0.05851276292295985,0.16690739938622068,0.7745798376908195
25561,LOF,0.12794345067105828,0.15255354629137216,0.7195030030375696
25562,LOF,0.08427239987720321,0.0852126886738843,0.8305149114489125
25563,LOF,0.09963148139510045,0.11412184393108445,0.7862466746738151
25564,LOF,0.22337374642544344,0.17808571894502756,0.598540534629529
25565,LOF,0.12951449414494892,0.13509034578097107,0.73539516007408
25566,GOF,0.011088071892959406,0.7568497705695334,0.23206215753750725
25567,LOF,0.019628507349586436,0.22640497164759008,0.7539665210028235
25568,LOF,0.050294703281629036,0.09356716816781907,0.8561381285505518
25569,LOF,0.05314120800650714,0.09508283997981157,0.8517759520136814
25570,LOF,0.05044994039339863,0.13993292664329673,0.8096171329633045
25571,LOF,0.04304053806315154,0.1342250913350384,0.8227343706018101
25572,LOF,0.062085958292727256,0.14830774813692832,0.7896062935703445
25573,LOF,0.03355369621419626,0.1282172293610699,0.8382290744247338
25574,LOF,0.018133991530745804,0.19369337981944484,0.7881726286498094
25575,LOF,0.036979831895628354,0.14731155268485407,0.8157086154195176
25576,LOF,0.01840354720209971,0.164581020619648,0.8170154321782522
25577,LOF,0.0155321329928314,0.15139463589227076,0.8330732311148978
25578,LOF,0.2872818299295372,0.12204023980545908,0.5906779302650037
25579,LOF,0.1206670461085345,0.14296571051325258,0.7363672433782128
25580,LOF,0.026780982860258342,0.11702047519778244,0.8561985419419592
25581,LOF,0.047597929827114055,0.09632207771664186,0.8560799924562441
25582,LOF,0.0473741679591399,0.09478578620136802,0.8578400458394921
25583,LOF,0.031005250853490488,0.13708961519055082,0.8319051339559586
25584,Neutral,0.4890360689011966,0.14118301797931176,0.3697809131194915
25585,LOF,0.0217648330767415,0.1724057911613495,0.8058293757619089
25586,LOF,0.02521854172776209,0.11015174094923601,0.864629717323002
25587,LOF,0.02559618382365504,0.10196193662664514,0.8724418795496999
25588,LOF,0.02560053291952605,0.12211471139423846,0.8522847556862354
25589,Neutral,0.6213687421027242,0.14766280231370854,0.23096845558356724
25590,LOF,0.03194882197048364,0.1640212876215835,0.8040298904079329
25591,LOF,0.08664500692671172,0.08783095466795827,0.8255240384053301
25592,LOF,0.08348361279390894,0.1770499587930151,0.739466428413076
25593,LOF,0.029406096086442818,0.32775178031332186,0.6428421236002353
25594,LOF,0.0441084083719693,0.16406692745451296,0.7918246641735176
25595,LOF,0.05598090802326161,0.12013100576563832,0.8238880862111001
25596,LOF,0.05477394131293752,0.08706044780047047,0.858165610886592
25597,LOF,0.03531277925429421,0.08351628967735919,0.8811709310683465
25598,LOF,0.0490493628420071,0.12491955298836191,0.826031084169631
25599,GOF,0.0068310865439085945,0.6166632755148296,0.3765056379412618
25600,GOF,0.013031169963973641,0.6124295288637083,0.37453930117231826
25601,LOF,0.009681217215093076,0.44872373438087565,0.5415950484040313
25602,LOF,0.01834752357668786,0.04025142367011304,0.9414010527531992
25603,LOF,0.06323009348677884,0.017968719590969275,0.9188011869222519
25604,LOF,0.03442379797414611,0.046380490618874705,0.9191957114069792
25605,LOF,0.010706050130615718,0.1980644290753046,0.7912295207940797
25606,LOF,0.10362389707323118,0.34592682172823636,0.5504492811985324
25607,LOF,0.006757880380198423,0.18167273217617377,0.8115693874436278
25608,LOF,0.01709634471330593,0.08765658800604763,0.8952470672806464
25609,LOF,0.05315481951518623,0.40890934401217616,0.5379358364726375
25610,LOF,0.030505812939792896,0.026328255738657193,0.9431659313215498
25611,LOF,0.03675247369750089,0.02472281095570924,0.9385247153467899
25612,LOF,0.08858367318004699,0.033819352976457155,0.8775969738434958
25613,LOF,0.07585890078597225,0.03519628573723666,0.8889448134767912
25614,LOF,0.03137021277466422,0.03185939348602903,0.9367703937393068
25615,LOF,0.033013683673569987,0.04427957289065066,0.9227067434357793
25616,LOF,0.02557243641386907,0.03219700424200391,0.9422305593441269
25617,LOF,0.025774200498395766,0.03511418040326672,0.9391116190983374
25618,LOF,0.13250567101632074,0.030054861629983127,0.8374394673536961
25619,LOF,0.028445170126462332,0.03187632213191737,0.9396785077416203
25620,LOF,0.03206208900685818,0.038361430895049405,0.9295764800980924
25621,LOF,0.024337704128340642,0.032367413064322184,0.9432948828073371
25622,LOF,0.03327296181107976,0.033729135836603946,0.9329979023523163
25623,LOF,0.05070021228573231,0.029242766158453434,0.9200570215558143
25624,LOF,0.023126458284864242,0.03879816956200966,0.9380753721531261
25625,LOF,0.03351113295192147,0.04193792634702611,0.9245509407010524
25626,LOF,0.06816328544539084,0.032063711353896414,0.8997730032007127
25627,Neutral,0.5594606249892754,0.12092377326549582,0.3196156017452288
25628,LOF,0.21442318542415661,0.052249457931426546,0.733327356644417
25629,LOF,0.05109169616763847,0.06214727444337928,0.8867610293889823
25630,LOF,0.1676777579738533,0.08172603449937452,0.7505962075267723
25631,Neutral,0.6054688791207703,0.05536838561837049,0.33916273526085927
25632,LOF,0.012550008343108989,0.11610388482091014,0.8713461068359808
25633,LOF,0.09739267367286307,0.09317727828504217,0.8094300480420947
25634,LOF,0.03157427779878007,0.11679365976518058,0.8516320624360393
25635,LOF,0.03509008919632107,0.09068882400815459,0.8742210867955243
25636,GOF,0.004193272765413678,0.5763491883885316,0.4194575388460548
25637,GOF,0.0037878803560089476,0.650417643548397,0.3457944760955941
25638,LOF,0.007194924785916395,0.3439570549485891,0.6488480202654945
25639,GOF,0.003866715754344454,0.5043290804326925,0.491804203812963
25640,Neutral,0.48039457948902914,0.4434971286032808,0.07610829190768999
25641,LOF,0.007907423855265952,0.30985607255820247,0.6822365035865315
25642,LOF,0.2468518168125412,0.06629218963768069,0.6868559935497782
25643,LOF,0.2809144047031297,0.17053122225098633,0.548554373045884
25644,GOF,0.015102132169746419,0.5169078919440022,0.4679899758862514
25645,LOF,0.011748274544455962,0.47544544220327567,0.5128062832522684
25646,LOF,0.01951609451982017,0.3224616497626771,0.6580222557175027
25647,LOF,0.013632698928647692,0.2710843010688968,0.7152830000024554
25648,LOF,0.013440928505228574,0.2714389525703727,0.7151201189243988
25649,LOF,0.011695077657174728,0.18540550780894238,0.8028994145338828
25650,LOF,0.02289394600327043,0.40939255926082285,0.5677134947359067
25651,LOF,0.008519749656202159,0.28032877284623714,0.7111514774975607
25652,LOF,0.01346717326781552,0.2456647894572844,0.7408680372749001
25653,LOF,0.04509963493457613,0.3689641068916184,0.5859362581738055
25654,LOF,0.01455598334837589,0.15916936514650837,0.8262746515051157
25655,LOF,0.0812033524437961,0.3939007329621157,0.5248959145940881
25656,LOF,0.11474071730148797,0.05942157786333761,0.8258377048351744
25657,LOF,0.3311345384889316,0.024867725633136044,0.6439977358779324
25658,LOF,0.05379825666603095,0.08242882976304289,0.8637729135709261
25659,LOF,0.37936285337521,0.06738925317051209,0.5532478934542779
25660,LOF,0.06422151842928661,0.09168920497752514,0.8440892765931883
25661,LOF,0.04638903640233568,0.07110183994804951,0.8825091236496149
25662,LOF,0.027339333763949144,0.05012484808325542,0.9225358181527955
25663,LOF,0.03712908346019169,0.07329190020023231,0.8895790163395759
25664,LOF,0.044531729624118055,0.08435427930767414,0.8711139910682077
25665,LOF,0.05636930322925085,0.04412063756087159,0.8995100592098777
25666,LOF,0.03982817138159985,0.12177125581246155,0.8384005728059386
25667,LOF,0.03065107198711082,0.05663978154993547,0.9127091464629538
25668,LOF,0.03410588503979897,0.05858694302000585,0.9073071719401952
25669,LOF,0.040510163383581654,0.0812611308106678,0.8782287058057506
25670,LOF,0.0783257312770269,0.09857985906441882,0.8230944096585543
25671,LOF,0.04029601029467335,0.04909288270335733,0.9106111070019692
25672,LOF,0.061661345540109436,0.06158526214797989,0.8767533923119106
25673,LOF,0.048336260018473895,0.06852974908289051,0.8831339908986355
25674,LOF,0.04470244894056383,0.06814250004626259,0.8871550510131737
25675,LOF,0.05066504816301588,0.06172637460195513,0.8876085772350291
25676,LOF,0.03468619150887696,0.06436765736840674,0.9009461511227163
25677,LOF,0.06278430232600042,0.06700480280198078,0.8702108948720189
25678,LOF,0.28354020952250353,0.03545759729808539,0.6810021931794111
25679,LOF,0.18372975553774187,0.06672225094583878,0.7495479935164193
25680,LOF,0.06131638589018651,0.1022156494165,0.8364679646933135
25681,LOF,0.10440680974361531,0.09486600035932694,0.8007271898970577
25682,LOF,0.045782851071246855,0.08638884604823573,0.8678283028805174
25683,LOF,0.11404549185063584,0.09087390074499621,0.7950806074043678
25684,LOF,0.05781280786298247,0.08615550003371762,0.8560316921032999
25685,LOF,0.11035302366037054,0.04996542156164636,0.8396815547779831
25686,LOF,0.037445417854242886,0.1011498923347876,0.8614046898109695
25687,LOF,0.0438695152947033,0.087735111746722,0.8683953729585746
25688,LOF,0.028224699297663747,0.09124528322248365,0.8805300174798525
25689,LOF,0.019395377245627312,0.08291179300567068,0.8976928297487019
25690,LOF,0.019378563838514506,0.08145468953239407,0.8991667466290915
25691,LOF,0.24391820196810476,0.10085343785275962,0.6552283601791357
25692,LOF,0.2962420485789886,0.009204571495868771,0.6945533799251427
25693,LOF,0.09597008376944025,0.17616133885680338,0.7278685773737564
25694,LOF,0.264386138044732,0.01842261232138731,0.7171912496338807
25695,LOF,0.16369574491222907,0.022220483790022005,0.8140837712977489
25696,LOF,0.18807926762067698,0.011203777756819041,0.800716954622504
25697,LOF,0.14170790276022047,0.024742489677631294,0.8335496075621481
25698,LOF,0.03424789332701524,0.41587221639139177,0.549879890281593
25699,LOF,0.06291909934359588,0.09003775581991229,0.8470431448364919
25700,LOF,0.02894933941947085,0.011151185550344002,0.9598994750301851
25701,LOF,0.01647886764424547,0.07755128421106895,0.9059698481446856
25702,GOF,0.03997400522345524,0.745074990083773,0.2149510046927717
25703,LOF,0.013392989795441563,0.1855275768079642,0.8010794333965942
25704,LOF,0.1026604172313654,0.15215393689819562,0.7451856458704389
25705,LOF,0.06026028591514117,0.25478815771534863,0.6849515563695102
25706,GOF,0.05533146462752401,0.6075315420067127,0.33713699336576336
25707,GOF,0.031120497396891635,0.4994296026951346,0.46944989990797387
25708,LOF,0.009914115062518106,0.45062045032702036,0.5394654346104616
25709,LOF,0.019500820180753622,0.06473818280098237,0.9157609970182641
25710,LOF,0.008607443781262216,0.176312264109414,0.8150802921093238
25711,LOF,0.020794414629250604,0.11986181950669077,0.8593437658640586
25712,LOF,0.009418731959449585,0.2456779726051983,0.744903295435352
25713,LOF,0.018455726113795902,0.10324502338900632,0.8782992504971978
25714,LOF,0.019951568077616343,0.13111007023278026,0.8489383616896033
25715,LOF,0.020086542267825195,0.10839626508603054,0.8715171926461442
25716,LOF,0.010509231950342042,0.11059303449069016,0.8788977335589678
25717,LOF,0.005894514956407922,0.13146818760427664,0.8626372974393155
25718,LOF,0.017583447149788104,0.07715091381867965,0.9052656390315323
25719,LOF,0.034840813349058725,0.08209888855451225,0.883060298096429
25720,LOF,0.02286431206641722,0.08905581954182841,0.8880798683917543
25721,LOF,0.02306177958567147,0.10007285231460511,0.8768653680997235
25722,LOF,0.01769654288124605,0.1359046825283401,0.8463987745904139
25723,LOF,0.021638804841806865,0.06937859565772009,0.9089825995004731
25724,LOF,0.03871192335837598,0.09773608719672122,0.863551989444903
25725,LOF,0.021695919871368746,0.06580164475842928,0.9125024353702019
25726,LOF,0.01670571263828942,0.10116151741150861,0.8821327699502018
25727,LOF,0.020852005607450295,0.08477385954658269,0.8943741348459671
25728,LOF,0.01842721163316762,0.10054332822388459,0.8810294601429478
25729,LOF,0.018930244648567327,0.09990960671515714,0.8811601486362756
25730,LOF,0.019496572807067312,0.07762556678992534,0.9028778604030074
25731,LOF,0.011396603696006171,0.17086731994614868,0.8177360763578451
25732,LOF,0.017865558306143062,0.09041674320512207,0.8917176984887348
25733,LOF,0.029332754739045862,0.07722643619598352,0.8934408090649707
25734,LOF,0.007376577609439963,0.19752480602310946,0.7950986163674506
25735,LOF,0.022034323484553125,0.07293048161819984,0.905035194897247
25736,LOF,0.020762847971846268,0.11133013389776446,0.8679070181303893
25737,LOF,0.04035441405444171,0.08152544639286574,0.8781201395526925
25738,LOF,0.020142294862739194,0.12963150085499434,0.8502262042822665
25739,LOF,0.02231328267929114,0.1206317301094657,0.8570549872112432
25740,LOF,0.048554216121344314,0.12118970890648133,0.8302560749721742
25741,LOF,0.023967928449782832,0.0964451967220035,0.8795868748282136
25742,LOF,0.035568152716187136,0.11507973891448772,0.8493521083693252
25743,LOF,0.011086130901091909,0.048111629869800956,0.9408022392291071
25744,LOF,0.1308445960267521,0.4220800556512512,0.44707534832199675
25745,LOF,0.02163631758769707,0.06495389772066351,0.9134097846916394
25746,LOF,0.01175146562827974,0.07610632528321938,0.9121422090885009
25747,LOF,0.03392005551942442,0.038866586591006426,0.9272133578895692
25748,LOF,0.1795527405253344,0.062304271747863606,0.758142987726802
25749,LOF,0.014210721618436162,0.05433182205334745,0.9314574563282163
25750,LOF,0.016632642352378983,0.07895338042248862,0.9044139772251324
25751,LOF,0.03695837647465134,0.07058852111171167,0.892453102413637
25752,GOF,0.08490119171958034,0.6482236521242615,0.2668751561561582
25753,LOF,0.007372179337163543,0.34973701934017876,0.6428908013226576
25754,GOF,0.005720237442985604,0.8455557486890788,0.14872401386793557
25755,LOF,0.01072781893501014,0.4193232599111721,0.5699489211538178
25756,LOF,0.053907400263794425,0.40937751171660997,0.5367150880195956
25757,GOF,0.007294837278826018,0.8623052578253562,0.1303999048958177
25758,GOF,0.008324344415721024,0.8510996682804255,0.14057598730385332
25759,GOF,0.00513688643753189,0.5654210828695061,0.429442030692962
25760,LOF,0.00733740368751669,0.3042319769381418,0.6884306193743415
25761,GOF,0.05106203814323973,0.8216689069160797,0.1272690549406805
25762,LOF,0.03243992850288455,0.3430172312837502,0.6245428402133653
25763,LOF,0.009464042675545436,0.23612267363242073,0.7544132836920339
25764,GOF,0.10194169031021483,0.5570052216815359,0.34105308800824946
25765,GOF,0.007846147430182172,0.8181982235631717,0.17395562900664605
25766,GOF,0.03071597063492302,0.8087038734257304,0.16058015593934663
25767,LOF,0.01866660427886292,0.4753564911364355,0.5059769045847016
25768,LOF,0.04177495193163341,0.07396508385007057,0.8842599642182959
25769,LOF,0.022144331272854777,0.07032418485967899,0.9075314838674663
25770,LOF,0.15127803012563576,0.06264695047600714,0.7860750193983571
25771,LOF,0.015399718693298222,0.06827241831800272,0.9163278629886991
25772,LOF,0.02193948900614265,0.028562029464187493,0.9494984815296699
25773,LOF,0.013644283271754225,0.07263530729634855,0.9137204094318973
25774,LOF,0.026683224513965053,0.08347787209177532,0.8898389033942596
25775,LOF,0.022010602489794955,0.03910346343308316,0.9388859340771218
25776,LOF,0.023587342439353252,0.025436962560408727,0.950975695000238
25777,LOF,0.1784754634544089,0.07125869144396116,0.7502658451016301
25778,LOF,0.019327177955840814,0.04948536103689089,0.9311874610072682
25779,GOF,0.04048470963410588,0.8856623789108672,0.07385291145502691
25780,GOF,0.06964844518562403,0.8678664195333875,0.06248513528098863
25781,GOF,0.027176596932339776,0.8618570248675055,0.11096637820015481
25782,GOF,0.040947403835771536,0.8921774750810955,0.06687512108313287
25783,GOF,0.018134641365924582,0.7255241114638998,0.25634124717017565
25784,GOF,0.11122964376769608,0.8405458863872521,0.04822446984505178
25785,GOF,0.07371608386501066,0.8814561235450035,0.04482779258998597
25786,GOF,0.005262648414505337,0.8206090625079107,0.17412828907758396
25787,GOF,0.1777319991141731,0.7889538330434787,0.03331416784234832
25788,LOF,0.01535226334578008,0.1600712889915099,0.8245764476627101
25789,GOF,0.018996090304180754,0.8535499449624231,0.12745396473339615
25790,GOF,0.025242366881161177,0.8779676690563755,0.09678996406246332
25791,GOF,0.01723427966080837,0.8178614388209535,0.1649042815182382
25792,GOF,0.027276824255876,0.8318516540355708,0.14087152170855316
25793,GOF,0.07314753562779455,0.8215162184419328,0.10533624593027258
25794,GOF,0.06516794241149561,0.7522909319973774,0.18254112559112703
25795,GOF,0.04574854759801862,0.7650098846870029,0.18924156771497833
25796,GOF,0.07469812228770743,0.8158392478182178,0.10946262989407475
25797,GOF,0.037526596435658144,0.6623636867288372,0.30010971683550475
25798,GOF,0.0030726110996580776,0.6299997694036065,0.36692761949673536
25799,LOF,0.003026438108130667,0.4983643807331702,0.49860918115869907
25800,GOF,0.012179385913245477,0.6958529988763403,0.29196761521041414
25801,GOF,0.015010251937210123,0.8578436028456131,0.1271461452171768
25802,GOF,0.021094164600537833,0.796823795761461,0.1820820396380012
25803,GOF,0.010435240977392225,0.6921341961895222,0.2974305628330855
25804,GOF,0.012394289555565709,0.5827264871516235,0.40487922329281073
25805,GOF,0.02470414206409723,0.7173596957794707,0.2579361621564321
25806,GOF,0.018134636524120038,0.7460696157537928,0.23579574772208703
25807,GOF,0.005209127102562274,0.6993887066792752,0.29540216621816257
25808,GOF,0.014947302836864747,0.7412490746997933,0.243803622463342
25809,GOF,0.006300304717698046,0.7129419245083292,0.28075777077397296
25810,GOF,0.005281697333646909,0.724591648036376,0.27012665462997715
25811,GOF,0.051005403023505175,0.8507170072834721,0.09827758969302278
25812,GOF,0.01518719141017042,0.692007596885274,0.29280521170455565
25813,GOF,0.11106102522367409,0.7974738918014798,0.09146508297484619
25814,GOF,0.0259558957964699,0.797661262837877,0.17638284136565308
25815,GOF,0.04067030039535685,0.812627750641422,0.14670194896322136
25816,GOF,0.007695975509266495,0.8464699912644731,0.14583403322626023
25817,GOF,0.10631205030760943,0.7609194973051528,0.13276845238723778
25818,GOF,0.02610587740368226,0.7860761236992773,0.18781799889704054
25819,GOF,0.07310027926267897,0.7518125691677459,0.1750871515695752
25820,GOF,0.03376011410731354,0.757022926447687,0.2092169594449995
25821,GOF,0.01861420222000435,0.7474559211248702,0.23392987665512538
25822,GOF,0.040662638062172664,0.7647234585676642,0.19461390337016307
25823,GOF,0.014287436965367075,0.6284159463037142,0.35729661673091884
25824,GOF,0.025367825586818833,0.756243794484331,0.21838837992885027
25825,GOF,0.015425560152350004,0.7387763467282135,0.24579809311943662
25826,GOF,0.0056413977716710546,0.6997256621585634,0.29463294006976554
25827,GOF,0.009234911827755524,0.6875566362649909,0.3032084519072537
25828,GOF,0.006274235873466038,0.6324541726875527,0.3612715914389812
25829,GOF,0.00292598536219438,0.6851245609177267,0.3119494537200788
25830,GOF,0.03714940962745106,0.4860575418483601,0.47679304852418886
25831,GOF,0.05338141697534374,0.8405561620033011,0.10606242102135532
25832,GOF,0.008303237766370052,0.7868851506591387,0.20481161157449132
25833,GOF,0.029610012070890986,0.8333601991532472,0.13702978877586183
25834,GOF,0.008137618602083284,0.798213980615372,0.1936484007825447
25835,GOF,0.01842050761354158,0.8542530639818038,0.12732642840465458
25836,GOF,0.006247258816528199,0.8075507703962795,0.18620197078719225
25837,GOF,0.006942944989342499,0.7174392911034216,0.27561776390723586
25838,GOF,0.019659898138306223,0.8651688919228757,0.11517120993881798
25839,GOF,0.040534413439100525,0.8425098353121464,0.11695575124875303
25840,GOF,0.06519704718074608,0.8284595482335646,0.10634340458568935
25841,GOF,0.06057714269898282,0.8432052331638001,0.0962176241372171
25842,GOF,0.027357377689390748,0.8929170439850705,0.07972557832553877
25843,GOF,0.02785836101463858,0.8969700496602284,0.07517158932513297
25844,GOF,0.0180512939713144,0.8394094237922495,0.14253928223643614
25845,GOF,0.0060479663909447584,0.6409695138695538,0.35298251973950145
25846,GOF,0.04529831845984077,0.8530723478633869,0.10162933367677231
25847,GOF,0.021920356160691146,0.912142351136371,0.06593729270293792
25848,GOF,0.016367246638501153,0.8592199478278427,0.1244128055336559
25849,GOF,0.005058940773576645,0.7396463450961889,0.25529471413023436
25850,GOF,0.006713726467505542,0.7627520077479354,0.23053426578455896
25851,GOF,0.005858781216091206,0.6354836385878854,0.35865758019602345
25852,GOF,0.13892952900769368,0.615082182642996,0.24598828834931036
25853,GOF,0.07126819858857993,0.85265532404225,0.07607647736917016
25854,GOF,0.0057615558979902705,0.6890696951170617,0.3051687489849479
25855,GOF,0.0141007409084296,0.640251270416066,0.34564798867550445
25856,GOF,0.037916986578758735,0.7798883067215331,0.1821947066997082
25857,GOF,0.012405945987089915,0.6196247855698122,0.36796926844309796
25858,GOF,0.008083065085701386,0.6105314096615354,0.3813855252527633
25859,GOF,0.005767535939026906,0.5820602601989837,0.4121722038619894
25860,GOF,0.0849845085964645,0.8148008080146254,0.10021468338891015
25861,GOF,0.09905212533565336,0.8038908644412588,0.09705701022308788
25862,GOF,0.021500278744027254,0.8633873160064615,0.11511240524951122
25863,GOF,0.020800214446194114,0.873657208267437,0.1055425772863689
25864,GOF,0.053673821354882634,0.8588781120062435,0.0874480666388738
25865,GOF,0.03561673936559044,0.8276425738352081,0.1367406867992014
25866,GOF,0.026085101336448764,0.8565896566193291,0.11732524204422205
25867,GOF,0.029217576156572795,0.8749525372452489,0.09582988659817838
25868,GOF,0.05448079698057488,0.8375424432819992,0.10797675973742593
25869,GOF,0.34337834164464653,0.5994078696853515,0.05721378867000188
25870,GOF,0.07003878041347328,0.6772507470398318,0.2527104725466948
25871,GOF,0.012301376633755225,0.8855355558732667,0.10216306749297797
25872,GOF,0.020834776057615006,0.8635432504586965,0.1156219734836885
25873,GOF,0.020150415563842256,0.8867365251293942,0.09311305930676347
25874,LOF,0.017356077034268554,0.1736392222559061,0.8090047007098254
25875,LOF,0.050493258787326696,0.04293812048383821,0.9065686207288352
25876,LOF,0.01881082131687683,0.031324809458819367,0.9498643692243038
25877,LOF,0.1227251603569821,0.08167193817287141,0.7956029014701466
25878,LOF,0.07521918228423123,0.11304502918063783,0.8117357885351308
25879,LOF,0.02889251007609772,0.09139311067000565,0.8797143792538966
25880,LOF,0.055656343398186404,0.01102247661138673,0.9333211799904269
25881,Neutral,0.5537352674539384,0.06328720368124555,0.38297752886481606
25882,LOF,0.05881551190723727,0.030557992912357636,0.9106264951804051
25883,LOF,0.029572226630508514,0.022439233474824998,0.9479885398946665
25884,LOF,0.027939693216883506,0.03974271855061793,0.9323175882324984
25885,LOF,0.22531141408350017,0.010913315800951295,0.7637752701155486
25886,LOF,0.14987796856839844,0.049845370857012614,0.800276660574589
25887,LOF,0.18656082007092126,0.06326188051496659,0.7501772994141122
25888,LOF,0.011947803734662005,0.1449827647364667,0.8430694315288714
25889,LOF,0.033669213472641235,0.02890563184456334,0.9374251546827954
25890,LOF,0.124745445560897,0.09659917537512697,0.7786553790639761
25891,LOF,0.09050833564382081,0.019876312312543207,0.8896153520436361
25892,LOF,0.008849243621598345,0.03437178178359692,0.9567789745948048
25893,LOF,0.39141540890974186,0.009127097929759756,0.5994574931604983
25894,LOF,0.43668758420692905,0.005684808395502299,0.5576276073975686
25895,LOF,0.34541991711471215,0.01175631227846622,0.6428237706068216
25896,LOF,0.0602579648488988,0.02419258346431525,0.9155494516867859
25897,LOF,0.1844613773404423,0.00972106618714642,0.8058175564724112
25898,LOF,0.1597686935958825,0.031454484515534196,0.8087768218885832
25899,LOF,0.3204710015398175,0.02636428881487314,0.6531647096453095
25900,LOF,0.40288650239934776,0.009302256815141154,0.5878112407855111
25901,LOF,0.05276668934774471,0.010057338483698643,0.9371759721685566
25902,LOF,0.14107955666679706,0.012335048596722489,0.8465853947364805
25903,LOF,0.425640597684986,0.02281931457165797,0.5515400877433561
25904,LOF,0.4572110161911849,0.03896400055650593,0.5038249832523091
25905,LOF,0.0041546116341677555,0.4513822947487919,0.5444630936170404
25906,LOF,0.010075229202956395,0.11092495842901857,0.878999812368025
25907,LOF,0.004373157869906218,0.35775730782884735,0.6378695343012465
25908,LOF,0.004635750442717894,0.25221839132192936,0.7431458582353527
25909,LOF,0.023209340791586063,0.1561221890713878,0.820668470137026
25910,LOF,0.011453687112981831,0.12006565768504411,0.8684806552019739
25911,LOF,0.33741461218988905,0.03674139442217901,0.6258439933879318
25912,LOF,0.07749313668295608,0.051411687495840956,0.871095175821203
25913,LOF,0.049541896991560995,0.05999152561115246,0.8904665773972865
25914,LOF,0.03863789153431769,0.055916801172982346,0.9054453072926999
25915,LOF,0.15024589217796216,0.3079731315048586,0.5417809763171793
25916,LOF,0.029643228414101136,0.20337727727005922,0.7669794943158398
25917,LOF,0.06801446349572518,0.05273306081487492,0.8792524756893999
25918,LOF,0.044463484665010086,0.03624551141686326,0.9192910039181267
25919,LOF,0.040488213691797253,0.03567233649726768,0.9238394498109351
25920,LOF,0.15163153172977867,0.19255375431703428,0.655814713953187
25921,LOF,0.01638613534164125,0.04627688792977327,0.9373369767285854
25922,LOF,0.016880357393220594,0.038846019156070576,0.9442736234507089
25923,LOF,0.43895459178125545,0.0485147812399644,0.5125306269787802
25924,LOF,0.02469589528809725,0.06516457262190331,0.9101395320899993
25925,LOF,0.07296920587608052,0.06570801679625005,0.8613227773276695
25926,LOF,0.05487894646947832,0.06283537394321831,0.8822856795873033
25927,LOF,0.024734493339940627,0.0818418932665276,0.8934236133935317
25928,LOF,0.010528049782415661,0.06614785312217765,0.9233240970954066
25929,Neutral,0.5303841383510911,0.04551914805786976,0.42409671359103907
25930,LOF,0.060602382146800825,0.04293389660265068,0.8964637212505485
25931,LOF,0.014436001688930623,0.04085669688851873,0.9447073014225505
25932,LOF,0.05244339930442959,0.03360727481868062,0.9139493258768897
25933,LOF,0.051868710010517786,0.02460429840344071,0.9235269915860415
25934,LOF,0.047065543966613756,0.02351535204651742,0.9294191039868689
25935,LOF,0.06468791461188571,0.07586661742188489,0.8594454679662294
25936,LOF,0.07470026455055195,0.02578256779782571,0.8995171676516224
25937,LOF,0.015132059094372737,0.04182293572180424,0.9430450051838231
25938,LOF,0.06271790649592422,0.06751276018934155,0.8697693333147343
25939,LOF,0.037193540807875854,0.03403496474442749,0.9287714944476967
25940,LOF,0.009400874550638514,0.34121303023040156,0.6493860952189601
25941,Neutral,0.5326876884840582,0.03830987820613741,0.4290024333098043
25942,LOF,0.008823717429450324,0.055580192252510104,0.9355960903180395
25943,LOF,0.04593245616205267,0.18279792069293208,0.7712696231450153
25944,LOF,0.06534140258752022,0.09641925201437707,0.8382393453981026
25945,LOF,0.12129751091138422,0.021827311660937862,0.8568751774276779
25946,LOF,0.08331056499303657,0.039593048508699345,0.8770963864982642
25947,Neutral,0.45996314393198406,0.12166097305276523,0.41837588301525075
25948,LOF,0.4522432038149292,0.014320891576507837,0.5334359046085629
25949,LOF,0.13788433448778456,0.06548025361778179,0.7966354118944337
25950,GOF,0.06655501882133458,0.6227214674382086,0.3107235137404568
25951,LOF,0.0113046663599282,0.43019451795413716,0.5585008156859347
25952,LOF,0.30077429020674734,0.25686061321912135,0.44236509657413137
25953,LOF,0.007555050248390051,0.16475543808003784,0.8276895116715721
25954,LOF,0.0863841140824023,0.4335881679226607,0.4800277179949369
25955,LOF,0.0071009572088345345,0.15252440028415432,0.840374642507011
25956,LOF,0.016760463094334273,0.24798842626554066,0.7352511106401249
25957,LOF,0.23536333050299638,0.03276785143294872,0.7318688180640548
25958,LOF,0.031049131597748147,0.038041484417377446,0.9309093839848744
25959,GOF,0.013695785584705895,0.5031142050817297,0.4831900093335644
25960,LOF,0.00635809812044044,0.06025004572978737,0.9333918561497723
25961,LOF,0.02940471068485436,0.032275715672167096,0.9383195736429785
25962,LOF,0.034969761103972166,0.06721343116415272,0.8978168077318752
25963,LOF,0.004657769692770084,0.1992518300600569,0.796090400247173
25964,LOF,0.032338486691167005,0.10470014150775098,0.8629613718010819
25965,LOF,0.2638397871194634,0.1231780346176307,0.612982178262906
25966,Neutral,0.46884550508985795,0.111666937969576,0.419487556940566
25967,LOF,0.00956392199382138,0.06713066826706175,0.9233054097391168
25968,LOF,0.048704938068927305,0.2046122388138106,0.7466828231172622
25969,LOF,0.14434539559332663,0.04026292466980888,0.8153916797368644
25970,LOF,0.020364706013080224,0.08525715201697621,0.8943781419699435
25971,LOF,0.0809741763234868,0.02894734231951036,0.8900784813570028
25972,LOF,0.06211190457042794,0.04273784215667892,0.8951502532728931
25973,LOF,0.06340672331214657,0.010977716540790319,0.9256155601470633
25974,LOF,0.05808077718493431,0.03564963694161872,0.906269585873447
25975,LOF,0.04698350963823775,0.021080233082549225,0.931936257279213
25976,LOF,0.11854311509326566,0.011594341244765332,0.8698625436619691
25977,LOF,0.19447639927494365,0.09343317310533514,0.7120904276197213
25978,LOF,0.17920442642158446,0.12509512120150657,0.695700452376909
25979,LOF,0.14798653140384416,0.1435481906834043,0.7084652779127516
25980,LOF,0.2522182934735163,0.182657561650386,0.5651241448760976
25981,LOF,0.2532442165130566,0.18388937484461387,0.5628664086423294
25982,Neutral,0.4763205463913448,0.08587001309598984,0.43780944051266546
25983,Neutral,0.48981628672450284,0.10278963336292828,0.407394079912569
25984,LOF,0.038455302183656885,0.08271883044148973,0.8788258673748534
25985,Neutral,0.4432075644474587,0.13346544430047763,0.42332699125206363
25986,LOF,0.014798794956806933,0.39209250969533327,0.5931086953478599
25987,LOF,0.06484304196053767,0.11107148488086384,0.8240854731585985
25988,LOF,0.043912927788995214,0.16589589282390874,0.790191179387096
25989,LOF,0.0407818448010487,0.19865393290838165,0.7605642222905696
25990,LOF,0.043701621294657086,0.2887651008294035,0.6675332778759394
25991,LOF,0.026430249355697946,0.4445358607565173,0.5290338898877848
25992,LOF,0.025442333589780094,0.4514471099821765,0.5231105564280435
25993,LOF,0.029186091969933135,0.0879255499632845,0.8828883580667822
25994,LOF,0.023682071046924446,0.08778573401036775,0.8885321949427077
25995,LOF,0.021980989520826166,0.17717566688817846,0.8008433435909955
25996,Neutral,0.34993819087618694,0.32075424502136096,0.32930756410245215
25997,LOF,0.06766964538869022,0.3999363049196464,0.5323940496916633
25998,LOF,0.2855666038105817,0.04415183356002484,0.6702815626293935
25999,LOF,0.02343051274275196,0.2304165313670533,0.7461529558901947
26000,LOF,0.19946578085514544,0.03328568693203521,0.7672485322128193
26001,LOF,0.2682713525224579,0.036206408091802256,0.6955222393857398
26002,LOF,0.11499034463337882,0.05433704462674068,0.8306726107398805
26003,GOF,0.005195400966790398,0.6525197070298988,0.3422848920033107
26004,GOF,0.0076962144163332975,0.7127161607714759,0.27958762481219085
26005,GOF,0.00345200374819469,0.5157759113032238,0.4807720849485815
26006,GOF,0.09019932633669048,0.5905506870930944,0.319249986570215
26007,GOF,0.006753532957496607,0.571131108949149,0.4221153580933544
26008,GOF,0.005864214506732116,0.6591997687934362,0.33493601669983153
26009,GOF,0.0076126963443127,0.6893450024920947,0.3030423011635926
26010,GOF,0.008564381621615684,0.6700041268943852,0.3214314914839992
26011,LOF,0.0031955981183999305,0.46898025165736834,0.5278241502242317
26012,GOF,0.004594801569967974,0.5357654836665157,0.4596397147635162
26013,GOF,0.006856705091331089,0.5981806571633992,0.3949626377452698
26014,LOF,0.055067263716096264,0.10822314282021492,0.8367095934636889
26015,LOF,0.4051750796990027,0.018564461268319423,0.5762604590326779
26016,LOF,0.3225298157600952,0.037018505698553104,0.6404516785413517
26017,LOF,0.02804441269371011,0.18666684850293846,0.7852887388033515
26018,LOF,0.03129566290363888,0.04036995220616168,0.9283343848901995
26019,LOF,0.03090107401121841,0.033439841173165584,0.9356590848156159
26020,LOF,0.010219840667416671,0.16667359087616007,0.8231065684564233
26021,LOF,0.07660428934565955,0.05817370959044613,0.8652220010638944
26022,LOF,0.04205011769541439,0.01978616168843058,0.938163720616155
26023,LOF,0.03554149215091528,0.022285213938620964,0.9421732939104637
26024,LOF,0.048576987710002344,0.05939816790383462,0.8920248443861629
26025,LOF,0.06521553840759675,0.06709547309541553,0.8676889884969877
26026,LOF,0.12238921408358469,0.049202244887145065,0.8284085410292703
26027,LOF,0.02747281758680823,0.018683469575588335,0.9538437128376035
26028,LOF,0.11096817665551917,0.1420114241188289,0.747020399225652
26029,LOF,0.01728495992225853,0.22085964076679443,0.7618553993109469
26030,LOF,0.1666707724565409,0.03176964877715064,0.8015595787663086
26031,LOF,0.008955545146055557,0.19559725636723754,0.795447198486707
26032,LOF,0.041790809805621755,0.07671718483660218,0.8814920053577762
26033,LOF,0.07185424703768746,0.06955540626521485,0.8585903466970978
26034,LOF,0.012044585889970542,0.16502372280464153,0.8229316913053879
26035,LOF,0.010516389643364885,0.1268491551363966,0.8626344552202385
26036,LOF,0.010795284275212013,0.14833617334874225,0.8408685423760458
26037,LOF,0.00907100455532073,0.1165095049005368,0.8744194905441424
26038,LOF,0.03597470200130313,0.07023188045157171,0.893793417547125
26039,LOF,0.02257765574890163,0.14593602779538964,0.8314863164557087
26040,LOF,0.10628595675561632,0.15618605528524415,0.7375279879591397
26041,LOF,0.01167577144611624,0.10787336460305336,0.8804508639508304
26042,LOF,0.010278950296383732,0.11523243489349234,0.8744886148101239
26043,LOF,0.03433045476021227,0.09604651409129011,0.8696230311484976
26044,LOF,0.013384241117485733,0.06499339826915267,0.9216223606133617
26045,LOF,0.061321395003714335,0.13144952699923468,0.8072290779970509
26046,LOF,0.03037400251429775,0.0771303760682645,0.8924956214174377
26047,LOF,0.05119287469552637,0.07548625824126112,0.8733208670632124
26048,LOF,0.08632743595934188,0.03186808024001021,0.8818044838006479
26049,Neutral,0.9484057163587019,0.009372176494479379,0.04222210714681897
26050,Neutral,0.9274702681644513,0.010554524792808991,0.06197520704273958
26051,LOF,0.014138315304794766,0.09065914952163558,0.8952025351735696
26052,LOF,0.02729382560393806,0.09860780064082851,0.8740983737552335
26053,LOF,0.03158532828087301,0.13347958285989714,0.8349350888592298
26054,LOF,0.04359513648560273,0.02967908747366667,0.9267257760407306
26055,LOF,0.06220507145149704,0.02651491909643012,0.9112800094520729
26056,LOF,0.05054813556494886,0.03268384488078879,0.9167680195542623
26057,LOF,0.05638924682445887,0.0144100880505723,0.9292006651249688
26058,LOF,0.06087335117258736,0.011812194513811155,0.9273144543136014
26059,LOF,0.2037025708576729,0.03140365765883408,0.764893771483493
26060,LOF,0.016821503760997787,0.18929953223255097,0.7938789640064513
26061,LOF,0.011923389099484545,0.011626586779563292,0.9764500241209523
26062,LOF,0.006452126169316375,0.018550906290960158,0.9749969675397235
26063,LOF,0.03769181830891417,0.011854609875818385,0.9504535718152675
26064,LOF,0.011785939401613566,0.025774974528275065,0.9624390860701114
26065,LOF,0.04868091850453107,0.012235227111477514,0.9390838543839913
26066,LOF,0.04540266134124674,0.0105332268193124,0.944064111839441
26067,LOF,0.05518601409666022,0.009175176786658074,0.9356388091166816
26068,LOF,0.05077266886182893,0.048153267933794576,0.9010740632043766
26069,LOF,0.15613224669648504,0.03090760694708015,0.8129601463564348
26070,LOF,0.34372452133142867,0.02379405922326365,0.6324814194453076
26071,LOF,0.04392349819017132,0.012133947991954597,0.9439425538178741
26072,LOF,0.011074406548095259,0.020792768868013768,0.9681328245838909
26073,LOF,0.03651090745949612,0.015447384751849275,0.9480417077886546
26074,Neutral,0.9227780086333499,0.009481848061719698,0.06774014330493049
26075,LOF,0.05101444675166139,0.024753144442282222,0.9242324088060563
26076,LOF,0.05684741985203115,0.010967039708696894,0.932185540439272
26077,LOF,0.1804106132696902,0.00683210732703125,0.8127572794032786
26078,LOF,0.008427501562928808,0.015519009933260197,0.976053488503811
26079,LOF,0.06418117330857584,0.02565448340653127,0.9101643432848928
26080,LOF,0.06244069243023925,0.02574367456080667,0.9118156330089541
26081,LOF,0.032205622242622384,0.009205222977757534,0.95858915477962
26082,LOF,0.0072142665387445685,0.014772979837067702,0.9780127536241877
26083,LOF,0.09007433090558542,0.021492993941285645,0.8884326751531288
26084,LOF,0.09869254635155499,0.013682117448043518,0.8876253362004014
26085,LOF,0.0919483542643874,0.01185835868330273,0.8961932870523099
26086,LOF,0.037975194163480025,0.012955252519867427,0.9490695533166527
26087,LOF,0.03485614381265589,0.01089900119536907,0.9542448549919751
26088,LOF,0.009210150297838487,0.020444343433026216,0.9703455062691354
26089,LOF,0.043726866399614144,0.039124011889781665,0.9171491217106041
26090,LOF,0.044584950060390746,0.030428410247484217,0.924986639692125
26091,LOF,0.031021390216156165,0.008201917400038337,0.9607766923838055
26092,LOF,0.045327639160234114,0.008316642725815712,0.9463557181139501
26093,LOF,0.08211520018106379,0.0062144620495737735,0.9116703377693623
26094,LOF,0.035546993898281636,0.0076365874646135675,0.9568164186371049
26095,LOF,0.03388793864019762,0.020007145592575614,0.9461049157672269
26096,LOF,0.23493704399925897,0.005341140648811814,0.7597218153519293
26097,LOF,0.00858825918311955,0.030883813364772264,0.9605279274521082
26098,LOF,0.07882174752405946,0.02123680219559789,0.8999414502803427
26099,LOF,0.04189979170217916,0.0156201412784996,0.9424800670193212
26100,LOF,0.04187480376393691,0.015620548662948767,0.9425046475731144
26101,LOF,0.059545457771003465,0.028306767892846536,0.91214777433615
26102,LOF,0.03263129474102842,0.016942998161454493,0.950425707097517
26103,Neutral,0.8743108702172044,0.02794773946244481,0.09774139032035069
26104,LOF,0.05702148022894527,0.04090325898317386,0.9020752607878808
26105,LOF,0.2330676115154675,0.18466813333892082,0.5822642551456116
26106,LOF,0.3230958535015708,0.1462574806331335,0.5306466658652957
26107,LOF,0.01990365332191805,0.10343608247531515,0.8766602642027668
26108,LOF,0.29430544631393846,0.05328659528399373,0.6524079584020678
26109,LOF,0.10073293765908245,0.04048984586601452,0.858777216474903
26110,LOF,0.4668898114721874,0.005597804484198576,0.5275123840436141
26111,LOF,0.045390803208400915,0.10820726282321078,0.8464019339683883
26112,LOF,0.050654318271067034,0.007154152297847921,0.942191529431085
26113,LOF,0.09662419492472506,0.014227996437628999,0.8891478086376461
26114,LOF,0.08797802535454266,0.009294353293238172,0.9027276213522193
26115,LOF,0.012184240251108312,0.05629112161028713,0.9315246381386045
26116,LOF,0.06898497571308766,0.031376630476720985,0.8996383938101914
26117,LOF,0.39289490530055515,0.0327305866260386,0.5743745080734063
26118,LOF,0.046479005081111996,0.016042888119741656,0.9374781067991462
26119,LOF,0.005828892487669761,0.0364909324226448,0.9576801750896855
26120,LOF,0.03757593869387726,0.015896640791570944,0.9465274205145517
26121,LOF,0.004546824733612207,0.12324880543195724,0.8722043698344305
