feature0,prediction,LoGoFunc_Neutral,LoGoFunc_GOF,LoGoFunc_LOF
25546,Neutral,0.6770030550976155,0.05842883928400602,0.26456810561837846
25547,Neutral,0.5019000352418121,0.11000571103944819,0.3880942537187397
25548,Neutral,0.5005161718527806,0.08456536735816016,0.41491846078905914
25549,LOF,0.4509063274451057,0.08182165188566817,0.467272020669226
25550,LOF,0.3724549316456633,0.1516816753004908,0.4758633930538459
25551,LOF,0.2712370688975291,0.17411742817770223,0.5546455029247687
25552,LOF,0.2021666588060748,0.16228933160300418,0.635544009590921
25553,Neutral,0.8029291067135483,0.04767811257049981,0.14939278071595186
25554,LOF,0.23448345872931683,0.15769320477565912,0.6078233364950241
25555,LOF,0.19460549269725702,0.13568990744001883,0.6697045998627242
25556,LOF,0.4028538232214505,0.1335149709583955,0.4636312058201539
25557,LOF,0.186070350799713,0.14196552263446022,0.6719641265658267
25558,LOF,0.2230462783792104,0.15371514786840104,0.6232385737523886
25559,LOF,0.18514147838486789,0.14826323158050914,0.6665952900346229
25560,LOF,0.07636209071101233,0.13412154989933417,0.7895163593896535
25561,LOF,0.14686521828045226,0.11846090458323603,0.7346738771363117
25562,LOF,0.06975791823373899,0.10171936011056704,0.8285227216556939
25563,LOF,0.10408986877150972,0.08924849140797236,0.8066616398205179
25564,LOF,0.19420052287904083,0.17333560722287966,0.6324638698980795
25565,LOF,0.13449585226935784,0.15162804311989853,0.7138761046107437
25566,GOF,0.018938012626859395,0.7719444587008822,0.20911752867225847
25567,LOF,0.018652407595343756,0.197092445528227,0.7842551468764292
25568,LOF,0.049539428840239215,0.08699440408287822,0.8634661670768825
25569,LOF,0.05194747630799616,0.08674889975255813,0.8613036239394457
25570,LOF,0.0326115377477305,0.1254598691779297,0.8419285930743398
25571,LOF,0.03168097834176504,0.11824896769594218,0.8500700539622927
25572,LOF,0.03560792116929492,0.14589051208572565,0.8185015667449794
25573,LOF,0.026296363153070337,0.11876043982784248,0.8549431970190873
25574,LOF,0.020893711546155453,0.18079039978348332,0.7983158886703613
25575,LOF,0.02465157861879244,0.13253808174091425,0.8428103396402933
25576,LOF,0.01350188684187702,0.17256935990186,0.813928753256263
25577,LOF,0.010819755013837161,0.14013253226529734,0.8490477127208654
25578,LOF,0.260892443832275,0.10877310800051294,0.630334448167212
25579,LOF,0.15095400878316706,0.11836981961972003,0.7306761715971128
25580,LOF,0.018369682485263557,0.10330605397406462,0.8783242635406718
25581,LOF,0.04140630038910105,0.0926880909145692,0.8659056086963297
25582,LOF,0.04124854931441763,0.09037822183421938,0.8683732288513629
25583,LOF,0.019635789545843024,0.11413933793436988,0.8662248725197872
25584,Neutral,0.5188842530739821,0.12482995136323581,0.3562857955627821
25585,LOF,0.012811132195668616,0.15899751543333873,0.8281913523709926
25586,LOF,0.016299352313664358,0.09578091567112762,0.8879197320152079
25587,LOF,0.016311284078420026,0.0896458719222885,0.8940428439992916
25588,LOF,0.016651174033873343,0.10519903393310195,0.8781497920330247
25589,Neutral,0.5782772601112144,0.1454909374326094,0.2762318024561762
25590,LOF,0.01780294573109774,0.14025562822033727,0.8419414260485649
25591,LOF,0.0735584973062143,0.07520279948783135,0.8512387032059544
25592,LOF,0.042872106407880424,0.15916398536975496,0.7979639082223646
25593,LOF,0.02386396018339963,0.28755193485652136,0.6885841049600789
25594,LOF,0.03607059705228576,0.1116351259646875,0.8522942769830266
25595,LOF,0.04213911629149671,0.07874214427899187,0.8791187394295114
25596,LOF,0.0534485068303458,0.06655117590272422,0.8800003172669301
25597,LOF,0.03609596645115109,0.08281469848752131,0.8810893350613276
25598,LOF,0.03497946417959415,0.10452062212373492,0.8604999136966709
25599,GOF,0.007915602712307297,0.5598952080796753,0.4321891892080175
25600,GOF,0.02795408015136091,0.5866090725252987,0.3854368473233404
25601,LOF,0.01551326546279839,0.415335042065988,0.5691516924712136
25602,LOF,0.0152192834554665,0.056614453166652534,0.928166263377881
25603,LOF,0.05277656978099908,0.021587797710746554,0.9256356325082544
25604,LOF,0.015193621345681306,0.0791586913218001,0.9056476873325187
25605,LOF,0.007894734861323064,0.2240745550375439,0.768030710101133
25606,LOF,0.11172113087445222,0.3755902892003673,0.5126885799251805
25607,LOF,0.005350198352014102,0.23287689350196775,0.7617729081460182
25608,LOF,0.011802794612158335,0.10055908717852705,0.8876381182093146
25609,LOF,0.06720699971628885,0.39509822750685875,0.5376947727768525
25610,LOF,0.01889315964143419,0.028307750147762517,0.9527990902108033
25611,LOF,0.02057644540780544,0.029527112628280526,0.949896441963914
25612,LOF,0.06352793229472721,0.040345699662150174,0.8961263680431226
25613,LOF,0.05317673930967547,0.04295808767090479,0.9038651730194197
25614,LOF,0.024558159542209818,0.03445182267240313,0.9409900177853872
25615,LOF,0.01779176083955806,0.042204793113334325,0.9400034460471077
25616,LOF,0.057594615025391684,0.030202007282999745,0.9122033776916086
25617,LOF,0.057430164158769524,0.03507952385500516,0.9074903119862254
25618,LOF,0.06956546327163476,0.03705114209864449,0.8933833946297207
25619,LOF,0.017914891446606993,0.03398372471948458,0.9481013838339083
25620,LOF,0.0708823346114396,0.039900745683845565,0.8892169197047148
25621,LOF,0.018233899287515197,0.038957611727615735,0.942808488984869
25622,LOF,0.022342050827882372,0.0430233714508009,0.9346345777213166
25623,LOF,0.03782634578814536,0.030219518886466658,0.931954135325388
25624,LOF,0.02122732160297393,0.040361073134380074,0.938411605262646
25625,LOF,0.026622027636663957,0.053956622974960664,0.9194213493883754
25626,LOF,0.053960037437952975,0.04145688744851646,0.9045830751135305
25627,Neutral,0.5945676533594305,0.11508692117957764,0.2903454254609919
25628,LOF,0.20597685721715894,0.055643297051635,0.7383798457312061
25629,LOF,0.041264656470142255,0.05388324167468705,0.9048521018551706
25630,LOF,0.1540668440009436,0.09299702896523024,0.7529361270338262
25631,Neutral,0.6068237487207138,0.056357049912112385,0.33681920136717397
25632,LOF,0.008278536630727511,0.07234640636608378,0.9193750570031888
25633,LOF,0.260250408845801,0.05182695586818566,0.6879226352860134
25634,LOF,0.03045734769364459,0.10412753342591939,0.8654151188804361
25635,LOF,0.03322181071890116,0.05919555564017887,0.90758263364092
25636,GOF,0.005031635082899098,0.6074649836777799,0.3875033812393211
25637,GOF,0.006725521467964975,0.6049342705440215,0.3883402079880136
25638,LOF,0.010368307094286475,0.30794641034769515,0.6816852825580184
25639,LOF,0.005389510363069451,0.47346383089086086,0.5211466587460697
25640,Neutral,0.4693546996140325,0.43583364986707884,0.09481165051888871
25641,LOF,0.012212202152469003,0.31512039817927895,0.6726673996682521
25642,LOF,0.24820980772179627,0.06838519748007944,0.6834049947981242
25643,LOF,0.11568839480774669,0.1850868944387843,0.699224710753469
25644,GOF,0.010367031244227137,0.5037551929591081,0.48587777579666475
25645,LOF,0.007983033509138454,0.43056235329335973,0.5614546131975018
25646,LOF,0.011534000899081529,0.31493238326996,0.6735336158309585
25647,LOF,0.010021821078127012,0.25881174669904006,0.731166432222833
25648,LOF,0.009013849409983302,0.24976744007822685,0.7412187105117899
25649,LOF,0.008048123892585033,0.19142986303603185,0.8005220130713832
25650,LOF,0.014354906318351828,0.4062731786232024,0.5793719150584459
25651,LOF,0.005896556768131644,0.26930212312738794,0.7248013201044803
25652,LOF,0.010385100286785515,0.23140102455224756,0.7582138751609669
25653,LOF,0.029162640558982596,0.3652899473509466,0.6055474120900708
25654,LOF,0.011092932865612122,0.142458065065064,0.8464490020693238
25655,LOF,0.05352925979928236,0.3966052413617668,0.5498654988389508
25656,LOF,0.17908750514163507,0.036296302501748284,0.7846161923566167
25657,LOF,0.2642434205214301,0.024391198911798535,0.7113653805667713
25658,LOF,0.08457383601539879,0.060458728929269866,0.8549674350553313
25659,LOF,0.36054099133346285,0.05477100612337188,0.5846880025431653
25660,LOF,0.03422640060209874,0.09785758450880813,0.8679160148890931
25661,LOF,0.10543204352350435,0.06376798591673387,0.8307999705597618
25662,LOF,0.026811805793485105,0.0424845597097773,0.9307036344967375
25663,LOF,0.03363001242702231,0.0622146737461214,0.9041553138268563
25664,LOF,0.03519252906026363,0.07256627381704711,0.8922411971226893
25665,LOF,0.04865107343268205,0.038682479981655804,0.9126664465856621
25666,LOF,0.0377568001857865,0.10634799843609877,0.8558952013781148
25667,LOF,0.07563125352071742,0.047953170326237804,0.8764155761530448
25668,LOF,0.028476940786848932,0.05252108626034235,0.9190019729528087
25669,LOF,0.030270311811773545,0.08180972717864984,0.8879199610095766
25670,LOF,0.0589086503321522,0.05752224019680772,0.88356910947104
25671,LOF,0.09576110381430006,0.03921345074424829,0.8650254454414517
25672,LOF,0.049983637484941244,0.05171059843676503,0.8983057640782937
25673,LOF,0.026604732891210743,0.05734252390418261,0.9160527432046066
25674,LOF,0.02057447968600193,0.07074663415437675,0.9086788861596213
25675,LOF,0.03428815569515506,0.06915048484660577,0.8965613594582391
25676,LOF,0.020942192585059978,0.06119244033675275,0.9178653670781873
25677,LOF,0.03140327719559247,0.07334805119190971,0.8952486716124979
25678,LOF,0.19064820806335156,0.056196713004295566,0.7531550789323529
25679,LOF,0.15181475031378816,0.07339385322409561,0.7747913964621163
25680,LOF,0.03882107538087689,0.11733688812686591,0.8438420364922572
25681,LOF,0.06588380169589983,0.11008179863951856,0.8240343996645817
25682,LOF,0.11575519048352771,0.07510683289065533,0.8091379766258169
25683,LOF,0.08331965818759181,0.10272670649338725,0.8139536353190209
25684,LOF,0.04445917377624346,0.07536236778297345,0.880178458440783
25685,LOF,0.082365075402071,0.06402587115479891,0.8536090534431301
25686,LOF,0.03337981300839476,0.08524830288033518,0.88137188411127
25687,LOF,0.047798547536327465,0.07238091478035882,0.8798205376833137
25688,LOF,0.04939173511025412,0.044202637697140286,0.9064056271926055
25689,LOF,0.03086877182153545,0.05220933952965182,0.9169218886488126
25690,LOF,0.03669094701391999,0.04448522034269261,0.9188238326433873
25691,LOF,0.2717437048597938,0.0490786540781171,0.679177641062089
25692,LOF,0.251955997085219,0.005823865213263947,0.7422201377015171
25693,LOF,0.08626033241013618,0.2553850783823939,0.6583545892074699
25694,LOF,0.248259765558799,0.013671621248236983,0.7380686131929639
25695,LOF,0.1644453400879146,0.024400231181374857,0.8111544287307105
25696,LOF,0.11291884382712356,0.012761116583663813,0.8743200395892126
25697,LOF,0.09256217634971294,0.028923395066267874,0.8785144285840192
25698,LOF,0.04991244371727538,0.45795041836270206,0.49213713792002245
25699,LOF,0.06530188014154445,0.10332316480548541,0.8313749550529702
25700,LOF,0.06361774349085392,0.008908090915971598,0.9274741655931745
25701,LOF,0.016656266110569466,0.0966799749813388,0.8866637589080917
25702,GOF,0.030667644458307747,0.7037089243693133,0.2656234311723789
25703,LOF,0.008498543281542306,0.16545099595559398,0.8260504607628637
25704,LOF,0.04743787985846781,0.15491005954738982,0.7976520605941423
25705,LOF,0.06015304939033808,0.2203076711745718,0.7195392794350901
25706,GOF,0.03889151368245889,0.5381327863936891,0.4229756999238521
25707,GOF,0.027157524231561193,0.49625903259837145,0.4765834431700674
25708,LOF,0.008194050203210856,0.41770738560430604,0.5740985641924831
25709,LOF,0.05983333480869235,0.055502716710935894,0.8846639484803717
25710,LOF,0.005477743597291759,0.15483798248698297,0.8396842739157253
25711,LOF,0.021069075191591888,0.10854003625223482,0.8703908885561733
25712,LOF,0.007843237192739686,0.16670636178482284,0.8254504010224374
25713,LOF,0.019220318397205446,0.0932570108436448,0.8875226707591498
25714,LOF,0.0717382887380402,0.12108882347260759,0.8071728877893523
25715,LOF,0.013753562845159046,0.12549996812637457,0.8607464690284663
25716,LOF,0.006404238216549463,0.09763887911025095,0.8959568826731995
25717,LOF,0.00575286685470261,0.09650493887128012,0.8977421942740172
25718,LOF,0.014476328382986311,0.08198334554521315,0.9035403260718005
25719,LOF,0.02317063486695227,0.07873671189908178,0.8980926532339658
25720,LOF,0.024133785820680657,0.07615528106156827,0.8997109331177511
25721,LOF,0.01642931013947363,0.1035122960187365,0.88005839384179
25722,LOF,0.014270267967388105,0.12803885741886337,0.8576908746137485
25723,LOF,0.02084515935172985,0.06447633681692665,0.9146785038313436
25724,LOF,0.021620855678262933,0.0958531420634228,0.8825260022583142
25725,LOF,0.014319199125885397,0.07100981416745394,0.9146709867066607
25726,LOF,0.012772208189969816,0.0958405290867982,0.891387262723232
25727,LOF,0.015015469324989135,0.08027022648555222,0.9047143041894588
25728,LOF,0.013059081014873684,0.10656530952633593,0.8803756094587903
25729,LOF,0.013848980278043273,0.10965580881794716,0.8764952109040095
25730,LOF,0.014044075633816034,0.08946180254637298,0.8964941218198109
25731,LOF,0.008025627620706903,0.13732920839023527,0.8546451639890578
25732,LOF,0.013769534723653512,0.09590132876057796,0.8903291365157685
25733,LOF,0.018804148417847815,0.07790781388550821,0.9032880376966439
25734,LOF,0.005626293267404285,0.1273757460270506,0.8669979607055451
25735,LOF,0.015748843052345644,0.07718446972845197,0.9070666872192025
25736,LOF,0.015285143394867593,0.113862726034614,0.8708521305705184
25737,LOF,0.025119943314037503,0.08512569504563304,0.8897543616403294
25738,LOF,0.015617090704226205,0.13666215487138872,0.847720754424385
25739,LOF,0.023404814792701175,0.10693639354414487,0.8696587916631541
25740,LOF,0.0343528839828317,0.12463013963647122,0.8410169763806971
25741,LOF,0.019074734954452083,0.10614204013424507,0.8747832249113029
25742,LOF,0.11994393610588354,0.09636661512600035,0.7836894487681162
25743,LOF,0.017213301285266422,0.03572786140004754,0.947058837314686
25744,LOF,0.23745436840643347,0.31491613215620284,0.4476294994373637
25745,LOF,0.027749999096945047,0.04806952434712791,0.924180476555927
25746,LOF,0.016491962940818828,0.062110104912269974,0.9213979321469111
25747,LOF,0.028361869381415127,0.035036720291783965,0.9366014103268009
25748,LOF,0.14811336107424464,0.05631752759996027,0.7955691113257951
25749,LOF,0.016341110706485494,0.046092113106146644,0.9375667761873678
25750,LOF,0.03053708531640981,0.06514090864118725,0.904322006042403
25751,LOF,0.11293185362304303,0.06130058086285773,0.8257675655140992
25752,GOF,0.11645797157150987,0.6244685176949222,0.2590735107335679
25753,LOF,0.00780339133969149,0.3488747616807528,0.6433218469795557
25754,GOF,0.00499291837088383,0.8453836307834006,0.14962345084571557
25755,LOF,0.010823350810687736,0.421109318997162,0.5680673301921503
25756,LOF,0.03964692154213388,0.4215244564834454,0.5388286219744207
25757,GOF,0.005749544391410031,0.8670228563940766,0.12722759921451338
25758,GOF,0.006017423729033012,0.8547383208836867,0.13924425538728016
25759,GOF,0.004495300971467096,0.5382187999871176,0.45728589904141526
25760,LOF,0.004378740063069942,0.30456008250055433,0.6910611774363756
25761,GOF,0.03783584035489231,0.8385159878174817,0.12364817182762602
25762,LOF,0.02645372545279625,0.3332415126067123,0.6403047619404915
25763,LOF,0.005325503075673606,0.2494472219064439,0.7452272750178826
25764,GOF,0.14193564506220818,0.5386567004568295,0.3194076544809623
25765,GOF,0.010589632150557521,0.777353281145739,0.21205708670370352
25766,GOF,0.01664779925313104,0.8027123874980079,0.18063981324886105
25767,GOF,0.022374201269015386,0.4902959837852165,0.4873298149457681
25768,LOF,0.08470469509659727,0.06563887296614328,0.8496564319372595
25769,LOF,0.07849934617622967,0.05000747636331343,0.871493177460457
25770,LOF,0.23883039757075664,0.05729818680814932,0.703871415621094
25771,LOF,0.011345498070793384,0.05856942319377507,0.9300850787354314
25772,LOF,0.016817528828517454,0.025172858177657787,0.9580096129938248
25773,LOF,0.00996200072321133,0.11057980977334302,0.8794581895034457
25774,LOF,0.02338061490313768,0.06729995693606873,0.9093194281607935
25775,LOF,0.01360648365658268,0.04476161197247195,0.9416319043709455
25776,LOF,0.0851202748712879,0.01970718987202766,0.8951725352566845
25777,LOF,0.2703124158510058,0.03722935181746571,0.6924582323315285
25778,LOF,0.06988999512866902,0.035454789728383666,0.8946552151429472
25779,GOF,0.055508695766252544,0.8795506313613661,0.0649406728723812
25780,GOF,0.05602689765442104,0.8546911389305603,0.08928196341501862
25781,GOF,0.02183367937133852,0.838507331730876,0.13965898889778539
25782,GOF,0.026394259805978353,0.8778853919859899,0.09572034820803195
25783,GOF,0.01319756810559403,0.6707002946798796,0.3161021372145264
25784,GOF,0.10763362271062996,0.831856091078153,0.060510286211217144
25785,GOF,0.06872788264351734,0.8724011355588325,0.05887098179765009
25786,GOF,0.004758186406118566,0.784014692809895,0.21122712078398648
25787,GOF,0.1888477779917266,0.7689676925900228,0.04218452941825053
25788,LOF,0.0446382380335852,0.12120775127905435,0.8341540106873605
25789,GOF,0.029926270372381845,0.8140874753720252,0.15598625425559295
25790,GOF,0.03443888311942706,0.8545708422782509,0.11099027460232205
25791,GOF,0.02489299034781605,0.7804078079624228,0.19469920168976124
25792,GOF,0.041171177372270065,0.7852917090870645,0.1735371135406655
25793,GOF,0.08833892035661582,0.7818880108581567,0.12977306878522743
25794,GOF,0.08580645638176605,0.6652247398304477,0.24896880378778616
25795,GOF,0.025105689645060058,0.7360857037674322,0.2388086065875078
25796,GOF,0.13035512798713028,0.7460675935968322,0.1235772784160377
25797,GOF,0.030917645399600704,0.5655583209230539,0.4035240336773454
25798,GOF,0.002931910901129084,0.5313240236243197,0.4657440654745512
25799,LOF,0.0027311160622557223,0.4119571078757934,0.5853117760619507
25800,GOF,0.009489497596559465,0.6004291200662435,0.39008138233719697
25801,GOF,0.024643242594035816,0.8048629338381202,0.17049382356784393
25802,GOF,0.01587521137902403,0.6962934891198306,0.28783129950114544
25803,GOF,0.008814710619594095,0.6014987979933253,0.3896864913870807
25804,LOF,0.009861465647364408,0.47553829891067656,0.5146002354419591
25805,GOF,0.018514047838927142,0.568652356437301,0.4128335957237719
25806,GOF,0.016540503883707508,0.6261097102398512,0.3573497858764414
25807,GOF,0.004701824631275369,0.6245634834400009,0.3707346919287237
25808,GOF,0.012010876081931071,0.624392011928373,0.36359711198969585
25809,GOF,0.005390311273345164,0.6146816569592547,0.3799280317674001
25810,GOF,0.0045815319337398006,0.621895236807574,0.37352323125868614
25811,GOF,0.07716714178163722,0.8065447944701323,0.11628806374823042
25812,GOF,0.012618596081856646,0.6406539564519685,0.34672744746617484
25813,GOF,0.10165442839059377,0.734857783453136,0.16348778815627016
25814,GOF,0.023302500584026473,0.6853240814501131,0.29137341796586036
25815,GOF,0.035153295603892985,0.7272358265445473,0.23761087785155957
25816,GOF,0.0071025761291235185,0.7991741666644262,0.1937232572064502
25817,GOF,0.06643704762604809,0.7530647953892793,0.18049815698467261
25818,GOF,0.02057413982415309,0.7331251983048919,0.24630066187095495
25819,GOF,0.07081891886305271,0.7218917439051622,0.207289337231785
25820,GOF,0.0292743846779199,0.7055156240070728,0.26520999131500733
25821,GOF,0.016716118153701547,0.6900440612276899,0.2932398206186086
25822,GOF,0.03172108522259024,0.735045967353559,0.23323294742385073
25823,GOF,0.010943972718289998,0.5342321245931372,0.4548239026885728
25824,GOF,0.020107218009832936,0.6829793560835391,0.29691342590662795
25825,GOF,0.0108241099544652,0.6574911892695082,0.3316847007760265
25826,GOF,0.004701695037163689,0.608127216805367,0.3871710881574692
25827,GOF,0.007335444547310529,0.6236151973457547,0.3690493581069349
25828,GOF,0.004526103553634694,0.5509830848073357,0.4444908116390296
25829,GOF,0.002625532382534755,0.6172701717518139,0.3801042958656515
25830,LOF,0.028067489095903272,0.3694799185160801,0.6024525923880166
25831,GOF,0.03416687632312076,0.8257970589260534,0.14003606475082586
25832,GOF,0.00735441097426553,0.7370713537525366,0.25557423527319795
25833,GOF,0.02482910415339702,0.7855918128169971,0.18957908302960585
25834,GOF,0.007052337159569826,0.7376070207182742,0.255340642122156
25835,GOF,0.01645522577588119,0.794220134807578,0.1893246394165406
25836,GOF,0.005838414304215716,0.7413634034136718,0.2527981822821126
25837,GOF,0.005550090681703117,0.6196294709034573,0.37482043841483953
25838,GOF,0.0163671119540052,0.8047689618880179,0.17886392615797683
25839,GOF,0.03575820832748401,0.7830520037239231,0.1811897879485928
25840,GOF,0.0351144969569077,0.7976430244044168,0.1672424786386756
25841,GOF,0.032642463703790696,0.8224896351551076,0.1448679011411016
25842,GOF,0.021468136122384806,0.8559844113316233,0.12254745254599195
25843,GOF,0.02584679009804152,0.871285886273324,0.10286732362863454
25844,GOF,0.014508179706660662,0.7683409991501898,0.21715082114314965
25845,GOF,0.004971326015242679,0.5377763240530543,0.45725234993170294
25846,GOF,0.025238068157155742,0.8322659186464746,0.14249601319636956
25847,GOF,0.016422345574765684,0.881987432296036,0.10159022212919822
25848,GOF,0.013473439235049152,0.8226091956562984,0.16391736510865226
25849,GOF,0.004634170327730623,0.6852874701617072,0.3100783595105622
25850,GOF,0.005736420993618161,0.6810419715641306,0.31322160744225114
25851,GOF,0.005194788100479641,0.5551990325989441,0.4396061793005762
25852,GOF,0.14370848386333104,0.5420763489590045,0.3142151671776644
25853,GOF,0.07265935212671423,0.82915505507452,0.09818559279876574
25854,GOF,0.00923543862861518,0.6241789627873054,0.3665855985840794
25855,GOF,0.012059646056789754,0.5856602476373683,0.4022801063058419
25856,GOF,0.03352914224320935,0.7117093114524895,0.2547615463043011
25857,GOF,0.014433049823544226,0.5275938853183019,0.4579730648581539
25858,GOF,0.00767978471370835,0.5318331812403021,0.4604870340459895
25859,GOF,0.0050943277716320534,0.518621396693684,0.4762842755346839
25860,GOF,0.06945351634211505,0.7820319765031766,0.1485145071547083
25861,GOF,0.1127732877411974,0.7843819334732138,0.10284477878558872
25862,GOF,0.018490347990746253,0.8400585482461915,0.14145110376306222
25863,GOF,0.017184844485127315,0.8480071483656931,0.1348080071491795
25864,GOF,0.036300190888697015,0.866248935324392,0.0974508737869109
25865,GOF,0.024932021322217283,0.830795308549228,0.14427267012855458
25866,GOF,0.020636800214026293,0.8159388380174496,0.1634243617685242
25867,GOF,0.022848955724112857,0.8504724807731603,0.12667856350272683
25868,GOF,0.04931047268853433,0.7945890092248556,0.15610051808661
25869,GOF,0.32385358547470267,0.5836054602108557,0.09254095431444152
25870,GOF,0.17732947831431797,0.5317885716667196,0.2908819500189625
25871,GOF,0.021097517210097037,0.8440766173101583,0.1348258654797449
25872,GOF,0.018229082218868715,0.8230534866579511,0.1587174311231801
25873,GOF,0.017709545802329852,0.8548702740664192,0.12742018013125092
25874,LOF,0.015466468069480476,0.1354116240509507,0.8491219078795689
25875,LOF,0.036690657909416564,0.037304839072145296,0.9260045030184381
25876,LOF,0.01570371551811567,0.0287581071224467,0.9555381773594377
25877,LOF,0.14413822932466064,0.05841599737683606,0.7974457732985032
25878,LOF,0.058684383037467425,0.08157704992391386,0.8597385670386187
25879,LOF,0.023839166973243984,0.06939661952759436,0.9067642134991616
25880,LOF,0.04544685735885277,0.00903777178545992,0.9455153708556873
25881,Neutral,0.577886422143958,0.07103178326584188,0.35108179459020017
25882,LOF,0.02211277504459399,0.04820239194180932,0.9296848330135966
25883,LOF,0.054251480177946294,0.03393121612700519,0.9118173036950485
25884,LOF,0.010537887122268476,0.07162712236191995,0.9178349905158115
25885,LOF,0.19925464195159134,0.01003727745458382,0.7907080805938249
25886,LOF,0.18997277771268117,0.06262240359796761,0.7474048186893513
25887,LOF,0.15519517060257398,0.07850760984972921,0.7662972195476968
25888,LOF,0.013984792105581062,0.15017818896744992,0.835837018926969
25889,LOF,0.014545729664063202,0.045976831236090226,0.9394774390998465
25890,LOF,0.12023291801912468,0.0915161440746905,0.788250937906185
25891,LOF,0.05155733316463064,0.04409667487800406,0.9043459919573652
25892,LOF,0.010626888805692097,0.05220274296300081,0.9371703682313072
25893,LOF,0.39632402122284827,0.01524070109049992,0.5884352776866518
25894,LOF,0.4263590011405116,0.0069612254285116235,0.5666797734309768
25895,LOF,0.3597743446156927,0.014934571902752757,0.6252910834815546
25896,LOF,0.04148305370684097,0.02866383580594711,0.9298531104872119
25897,LOF,0.18295240328863124,0.017101888738359095,0.7999457079730096
25898,LOF,0.22539569126349152,0.03973874855514345,0.734865560181365
25899,LOF,0.23170398646219567,0.02952089883222365,0.7387751147055808
25900,LOF,0.46457570136949256,0.013435054371580026,0.5219892442589273
25901,LOF,0.04896593250182979,0.012206424949925541,0.9388276425482446
25902,LOF,0.09694149537735672,0.021224442330641243,0.881834062292002
25903,LOF,0.3445878667178724,0.0409217820226095,0.614490351259518
25904,LOF,0.4785488015948551,0.03935736494705197,0.482093833458093
25905,LOF,0.006847002175410096,0.4063808915435576,0.5867721062810323
25906,LOF,0.008263116956506134,0.11897666510101887,0.8727602179424749
25907,LOF,0.003986542083939751,0.35463461143554353,0.6413788464805168
25908,LOF,0.0039117438987214025,0.24820882899242297,0.7478794271088556
25909,LOF,0.015351249086226584,0.16023557657027687,0.8244131743434966
25910,LOF,0.01668958292958139,0.12033095626156132,0.8629794608088572
25911,LOF,0.17007906778735465,0.026732600149113443,0.8031883320635319
25912,LOF,0.0693358977442112,0.04543859950459636,0.8852255027511924
25913,LOF,0.06627320253002,0.0536104799348253,0.8801163175351546
25914,LOF,0.021275734516912465,0.05859573318757448,0.9201285322955131
25915,LOF,0.12370843431014487,0.2555412151641418,0.6207503505257133
25916,LOF,0.020176864097745665,0.17954905194496684,0.8002740839572875
25917,LOF,0.061440855972365614,0.045761220042919555,0.8927979239847149
25918,LOF,0.026343385129463708,0.03578693888630283,0.9378696759842334
25919,LOF,0.022557315676012542,0.03591019189717275,0.9415324924268147
25920,LOF,0.10976041311160845,0.20675298582853396,0.6834866010598576
25921,LOF,0.00951726067496932,0.03438813746982169,0.956094601855209
25922,LOF,0.01223739850503445,0.02748525696904951,0.9602773445259161
25923,LOF,0.41491948371993803,0.033670221146483596,0.5514102951335783
25924,LOF,0.01665462699732664,0.042740266545966,0.9406051064567075
25925,LOF,0.07432309329764464,0.04192826525881259,0.8837486414435427
25926,LOF,0.05156390297039386,0.037985232196512786,0.9104508648330933
25927,LOF,0.02151208950751628,0.06012660130825512,0.9183613091842288
25928,LOF,0.007483550896467138,0.050418708739971854,0.9420977403635611
25929,Neutral,0.4877254341868486,0.03167328501425425,0.48060128079889725
25930,LOF,0.08280444597406811,0.029234414802640378,0.8879611392232916
25931,LOF,0.009098570384447753,0.03324576500586812,0.9576556646096841
25932,LOF,0.034254866193565464,0.02705347411066243,0.9386916596957721
25933,LOF,0.04164958598222729,0.016746200338508967,0.9416042136792638
25934,LOF,0.028507431447569363,0.017307016958515678,0.9541855515939149
25935,LOF,0.07039244964136586,0.048290897453200976,0.881316652905433
25936,LOF,0.04025366177787435,0.01877428305514176,0.9409720551669839
25937,LOF,0.009597179464064156,0.03371065902637086,0.956692161509565
25938,LOF,0.0668017643728498,0.05436766332739751,0.8788305722997526
25939,LOF,0.03322754041194536,0.02080878784198866,0.9459636717460661
25940,LOF,0.0073165844275735374,0.3781724495686432,0.6145109660037833
25941,Neutral,0.5233489465106943,0.022932914996475838,0.45371813849282994
25942,LOF,0.005471392415533636,0.04305662345760398,0.9514719841268624
25943,LOF,0.03499438228431455,0.13105528735195338,0.833950330363732
25944,LOF,0.11239442441868885,0.0699598296698716,0.8176457459114396
25945,LOF,0.056097008337637005,0.01925346007190101,0.924649531590462
25946,LOF,0.07240446324138441,0.056251412212264235,0.8713441245463514
25947,Neutral,0.4868336122917131,0.08462905807176029,0.42853732963652663
25948,LOF,0.3472514644796485,0.010384160236140182,0.6423643752842113
25949,LOF,0.0961230265266076,0.06197963565643319,0.8418973378169593
25950,GOF,0.04894158279380363,0.6009211912762202,0.35013722592997626
25951,LOF,0.01703000823950668,0.4072794560547145,0.5756905357057789
25952,LOF,0.27282979546853603,0.28328897613576826,0.44388122839569577
25953,LOF,0.012406484748540017,0.17171774574876267,0.8158757695026974
25954,LOF,0.04381927278332502,0.4440513523762538,0.5121293748404212
25955,LOF,0.011470671778452205,0.1404018400110075,0.8481274882105403
25956,LOF,0.026063428752072022,0.28776853693569343,0.6861680343122346
25957,LOF,0.20015542357565605,0.03579411017650968,0.7640504662478342
25958,LOF,0.05282157705102342,0.028278544795780836,0.9188998781531958
25959,LOF,0.01368904748293251,0.4686983081051749,0.5176126444118926
25960,LOF,0.005470301236440733,0.05033345782925842,0.9441962409343009
25961,LOF,0.05229339008325217,0.026758178584801676,0.9209484313319461
25962,LOF,0.0322032092941566,0.0897573429527544,0.878039447753089
25963,LOF,0.005474473539012167,0.2624353826908295,0.7320901437701584
25964,LOF,0.02984174067846722,0.10237723028249568,0.8677810290390371
25965,LOF,0.31690390904695165,0.13176438248734632,0.5513317084657021
25966,Neutral,0.4628065466531015,0.16900118845226553,0.36819226489463297
25967,LOF,0.006141348984084181,0.08869499765925579,0.90516365335666
25968,LOF,0.04415295834205752,0.2701032541531504,0.685743787504792
25969,LOF,0.12992983209793416,0.07878784248280381,0.791282325419262
25970,LOF,0.01990872438249473,0.09602783972602344,0.8840634358914818
25971,LOF,0.0673967586265528,0.029577544861096122,0.903025696512351
25972,LOF,0.06020194434057191,0.041919330064233894,0.8978787255951941
25973,LOF,0.056715262574042156,0.012766025913584415,0.9305187115123733
25974,LOF,0.04112655756415264,0.044779454822256946,0.9140939876135904
25975,LOF,0.04183892629398619,0.028598988225058422,0.9295620854809553
25976,LOF,0.11595406103526339,0.012975398136240998,0.8710705408284957
25977,LOF,0.20382698071632133,0.0555493372003982,0.7406236820832806
25978,LOF,0.1399595865506701,0.12157767037038787,0.7384627430789419
25979,LOF,0.12214161466508093,0.13866887408368625,0.7391895112512329
25980,LOF,0.2505515454996221,0.1411008589065391,0.6083475955938389
25981,LOF,0.2507173211835866,0.14233253842372745,0.606950140392686
25982,LOF,0.4045497576667463,0.09011871366266926,0.5053315286705845
25983,LOF,0.4013203285382049,0.11192504271602698,0.4867546287457682
25984,LOF,0.03435416731663053,0.06877367486919815,0.8968721578141713
25985,LOF,0.40819237019505167,0.12929974757552107,0.4625078822294272
25986,LOF,0.010747771978786269,0.4388618877489479,0.5503903402722659
25987,LOF,0.035422949221051526,0.1197926231854535,0.844784427593495
25988,LOF,0.13325673502173982,0.11950407809135216,0.747239186886908
25989,LOF,0.04073909921578524,0.1644582947589216,0.7948026060252932
25990,LOF,0.039427704669632316,0.2500221489528722,0.7105501463774955
25991,LOF,0.021455663355333915,0.3634710600082486,0.6150732766364174
25992,LOF,0.02787907308686757,0.36362802459537763,0.6084929023177548
25993,LOF,0.02102029221583954,0.08282234649652695,0.8961573612876335
25994,LOF,0.015694901018152508,0.07565170088119788,0.9086533981006496
25995,LOF,0.017788393113885297,0.15591271988074457,0.8262988870053701
25996,LOF,0.29584698731267,0.2811420514558318,0.4230109612314981
25997,LOF,0.09138186712362531,0.308816055819473,0.5998020770569017
25998,LOF,0.2943832487208474,0.06050997810970591,0.6451067731694466
25999,LOF,0.019350221730045605,0.2588566327835986,0.7217931454863559
26000,LOF,0.15058895512686124,0.03138072048263849,0.8180303243905003
26001,LOF,0.2874317064489752,0.024605062873984968,0.6879632306770398
26002,LOF,0.06720752031012459,0.04618029088559858,0.8866121888042768
26003,GOF,0.0039881020022106,0.6449655308944628,0.3510463671033265
26004,GOF,0.00670761768809754,0.725940000125289,0.2673523821866134
26005,GOF,0.0031784664024008917,0.5295525725952309,0.46726896100236825
26006,GOF,0.09309450196837435,0.6441629879965919,0.2627425100350338
26007,GOF,0.006324135540171279,0.6008454885575039,0.39283037590232484
26008,GOF,0.005514481943281073,0.6880676592058058,0.30641785885091305
26009,GOF,0.006655317562527428,0.6890044080084586,0.3043402744290139
26010,GOF,0.006271373934433994,0.706599928657526,0.2871286974080401
26011,GOF,0.002767665994673002,0.5110184427843495,0.4862138912209775
26012,GOF,0.003832214694897129,0.5781427919093104,0.41802499339579247
26013,GOF,0.004822969405586331,0.6364463363436241,0.35873069425078963
26014,LOF,0.041444054651050506,0.090628507409633,0.8679274379393165
26015,LOF,0.14740557811809057,0.018011172508703852,0.8345832493732056
26016,LOF,0.2845797925987925,0.03475305633344061,0.6806671510677669
26017,LOF,0.023778395896869163,0.18767190391986857,0.7885497001832624
26018,LOF,0.051227851443034954,0.037361801910458604,0.9114103466465064
26019,LOF,0.05068563031434614,0.03245223284378215,0.9168621368418717
26020,LOF,0.008836448000313125,0.19308272332799553,0.7980808286716914
26021,LOF,0.06441769727202533,0.07189704353143937,0.8636852591965353
26022,LOF,0.027915239637326134,0.026494909905357265,0.9455898504573165
26023,LOF,0.04165676871179836,0.023797946820462226,0.9345452844677394
26024,LOF,0.04224121995878511,0.0687842140245519,0.888974566016663
26025,LOF,0.05096343640428978,0.08515370025406585,0.8638828633416443
26026,LOF,0.08693264998162147,0.06140164196727107,0.8516657080511074
26027,LOF,0.04545968184872727,0.018820202014627134,0.9357201161366455
26028,LOF,0.0894031410929894,0.14079863205041038,0.7697982268566002
26029,LOF,0.02385150970379046,0.2411426643564985,0.735005825939711
26030,LOF,0.15822195117335885,0.03119064255814064,0.8105874062685006
26031,LOF,0.01345519433916416,0.17908287680000728,0.8074619288608285
26032,LOF,0.06721306857352179,0.07463865983163671,0.8581482715948415
26033,LOF,0.08415320695005539,0.06983066345306987,0.8460161295968748
26034,LOF,0.01692429800331748,0.1992700680789014,0.783805633917781
26035,LOF,0.014764969230310586,0.1507199624096854,0.8345150683600039
26036,LOF,0.01658638838916128,0.17641435939336864,0.80699925221747
26037,LOF,0.012996198844866282,0.12836802490045637,0.8586357762546774
26038,LOF,0.057234467632198915,0.06809952841040803,0.874666003957393
26039,LOF,0.027285996551547,0.17922916659011878,0.7934848368583343
26040,LOF,0.11091553083359848,0.17068827341953755,0.718396195746864
26041,LOF,0.01562849535637565,0.11524104180880056,0.8691304628348239
26042,LOF,0.014049182031676741,0.11950409600659558,0.8664467219617277
26043,LOF,0.055448290491795366,0.08694733881600061,0.857604370692204
26044,LOF,0.01199668750086049,0.06786694977883581,0.9201363627203036
26045,LOF,0.04757191882307882,0.13170747615825154,0.8207206050186696
26046,LOF,0.049671332799619494,0.07419092267460216,0.8761377445257784
26047,LOF,0.08322285272913277,0.06877962307043549,0.8479975242004317
26048,LOF,0.04587441003322179,0.04726779877409497,0.9068577911926832
26049,Neutral,0.9626804632329703,0.00728929857134833,0.03003023819568139
26050,Neutral,0.9492430035610248,0.0077672350491020045,0.04298976138987321
26051,LOF,0.012622741685125758,0.17119736542471597,0.8161798928901582
26052,LOF,0.01967503834788067,0.22304530434175537,0.7572796573103638
26053,LOF,0.025176317105568218,0.12647760127064203,0.8483460816237898
26054,LOF,0.043637969027041756,0.019672086318554896,0.9366899446544034
26055,LOF,0.05324429329228922,0.01834454675931342,0.9284111599483973
26056,LOF,0.046363622424013685,0.02307473555408313,0.9305616420219033
26057,LOF,0.03125760736322743,0.014204723358654976,0.9545376692781176
26058,LOF,0.03244263599936734,0.01227014533084052,0.9552872186697923
26059,LOF,0.30208903434774115,0.022507594024493982,0.6754033716277649
26060,LOF,0.009722191893118591,0.20359839749872735,0.7866794106081542
26061,LOF,0.004902998026895623,0.01537624563128855,0.9797207563418159
26062,LOF,0.00352625022219078,0.022691598645798797,0.9737821511320104
26063,LOF,0.02183929016066515,0.012976001174466203,0.9651847086648686
26064,LOF,0.00571355520898461,0.030000576281073766,0.9642858685099416
26065,LOF,0.02499151841835211,0.013318262929732514,0.9616902186519154
26066,LOF,0.02394142581122381,0.012498885320079286,0.9635596888686969
26067,LOF,0.029151999866407464,0.010691649402997543,0.9601563507305949
26068,LOF,0.03922267553407543,0.03877800671999803,0.9219993177459265
26069,LOF,0.2733343040678531,0.02238194037260328,0.7042837555595437
26070,LOF,0.43444279623257315,0.016986397908821765,0.5485708058586051
26071,LOF,0.023228648323674186,0.01284589893721399,0.9639254527391118
26072,LOF,0.0049899105477456025,0.02658583076756444,0.96842425868469
26073,LOF,0.021169691614946078,0.016112192004544165,0.9627181163805099
26074,Neutral,0.9193572075642664,0.006872962741571136,0.07376982969416226
26075,LOF,0.03707218556446407,0.018288741948788923,0.9446390724867471
26076,LOF,0.035345602520450915,0.011645404235697557,0.9530089932438515
26077,LOF,0.11392979447919667,0.009482705048235823,0.8765875004725675
26078,LOF,0.00516407495122383,0.018005108496919758,0.9768308165518563
26079,LOF,0.04799607633516633,0.020501214814301345,0.9315027088505323
26080,LOF,0.045977634911456,0.0205596955422003,0.9334626695463438
26081,LOF,0.029164535102198567,0.008815634437957189,0.9620198304598443
26082,LOF,0.0037942192512773042,0.0188144510970938,0.9773913296516289
26083,LOF,0.1088464932824708,0.020407244891882947,0.8707462618256463
26084,LOF,0.03881826057689163,0.015891642030007452,0.9452900973931009
26085,LOF,0.03448276623712598,0.014314459936065466,0.9512027738268085
26086,LOF,0.02246579792345004,0.012816539266266526,0.9647176628102834
26087,LOF,0.02168890496384564,0.01098602936011713,0.9673250656760372
26088,LOF,0.005340109477669224,0.024315056598815367,0.9703448339235153
26089,LOF,0.03571585649963569,0.025237537303486993,0.9390466061968772
26090,LOF,0.0359680877067488,0.021508419680992524,0.9425234926122585
26091,LOF,0.02678644624327666,0.007961605224267606,0.9652519485324557
26092,LOF,0.022296041769217064,0.00951409313728024,0.9681898650935028
26093,LOF,0.038888047000250794,0.007576645401409869,0.9535353075983393
26094,LOF,0.031019769083439567,0.007852366685004183,0.9611278642315563
26095,LOF,0.016658131682275944,0.02040683976461683,0.9629350285531072
26096,LOF,0.1676951946542812,0.00798690096810512,0.8243179043776137
26097,LOF,0.004494646329302949,0.04273759744952021,0.9527677562211769
26098,LOF,0.07059541533808189,0.020030183402641177,0.9093744012592769
26099,LOF,0.021803984695913117,0.01670045285264595,0.961495562451441
26100,LOF,0.021803984695913117,0.01670045285264595,0.961495562451441
26101,LOF,0.050822095589553605,0.024767818399472362,0.9244100860109741
26102,LOF,0.02066235619361938,0.01624426731673542,0.9630933764896452
26103,Neutral,0.8385115824290983,0.024739361537212973,0.13674905603368856
26104,LOF,0.05681115854614093,0.028008903247279587,0.9151799382065795
26105,LOF,0.24976958284838674,0.16646564045043152,0.5837647767011818
26106,LOF,0.34688800272822207,0.13288691408540582,0.5202250831863721
26107,LOF,0.019541107942815206,0.11509255925957339,0.8653663327976114
26108,LOF,0.342871650971032,0.04046440227131339,0.6166639467576546
26109,LOF,0.036344972597276065,0.06380563267327304,0.8998493947294508
26110,LOF,0.20805507834079423,0.007391085971995378,0.7845538356872104
26111,LOF,0.07760433211740757,0.0866432728528281,0.8357523950297645
26112,LOF,0.03473523006448493,0.008269855284865553,0.9569949146506496
26113,LOF,0.05896738493363176,0.01892464172677092,0.9221079733395973
26114,LOF,0.08074562127017763,0.010671329233209174,0.9085830494966132
26115,LOF,0.017006957316695527,0.07443332838296765,0.9085597143003369
26116,LOF,0.10534031364372816,0.04506066918860759,0.8495990171676643
26117,LOF,0.41502695995286604,0.03341633644340023,0.5515567036037338
26118,LOF,0.031737552283638254,0.016720566332619802,0.951541881383742
26119,LOF,0.00491048575366065,0.043646542188151345,0.951442972058188
26120,LOF,0.026949488403681547,0.016410318275300075,0.9566401933210184
26121,LOF,0.004705396600908081,0.12724810447112014,0.8680464989279718
26122,LOF,0.005823796448333709,0.04768376212437906,0.9464924414272873
