feature0,prediction,LoGoFunc_Neutral,LoGoFunc_GOF,LoGoFunc_LOF
25546,Neutral,0.7246785575163265,0.03144837119532467,0.24387307128834884
25547,Neutral,0.5805415052609195,0.059066560359989216,0.3603919343790913
25548,Neutral,0.5770124180546267,0.041038393618876234,0.38194918832649705
25549,Neutral,0.49954253922605346,0.039672818325986195,0.4607846424479603
25550,LOF,0.3548938641590165,0.08917457703731216,0.5559315588036713
25551,LOF,0.2991395871480466,0.10196575847613844,0.598894654375815
25552,LOF,0.21692498981726327,0.0918962935584653,0.6911787166242714
25553,Neutral,0.8272184318708413,0.025523429258768413,0.14725813887039016
25554,LOF,0.2510028216305933,0.09159408999757807,0.6574030883718286
25555,LOF,0.20822982434767262,0.07989221820111511,0.7118779574512123
25556,LOF,0.41134622882852784,0.07920252850340466,0.5094512426680675
25557,LOF,0.20102175100727085,0.08549126555760435,0.7134869834351247
25558,LOF,0.24010251726167517,0.09228791337762396,0.6676095693607009
25559,LOF,0.3739696208720591,0.1679764925562692,0.4580538865716718
25560,LOF,0.061017764911604676,0.13781072345827355,0.8011715116301218
25561,LOF,0.1176264598893357,0.14567641521651864,0.7366971248941457
25562,LOF,0.13758512260813605,0.05294601341325224,0.8094688639786118
25563,LOF,0.11250828863816696,0.07674130663915647,0.8107504047226766
25564,LOF,0.2162591436598604,0.12643976065102092,0.6573010956891187
25565,LOF,0.14641717039805732,0.09847110263666425,0.7551117269652784
25566,GOF,0.0164697323451817,0.7779309230307285,0.20559934462408966
25567,LOF,0.015564727006920603,0.15922908739022534,0.8252061856028541
25568,LOF,0.04841479781845246,0.060176564662078845,0.8914086375194687
25569,LOF,0.05998095801610808,0.0557769616844709,0.884242080299421
25570,LOF,0.06032093942381946,0.09138700660099165,0.8482920539751888
25571,LOF,0.05646199690800251,0.08773358916659472,0.8558044139254027
25572,LOF,0.06442311481260359,0.11216789975281528,0.8234089854345811
25573,LOF,0.0354174703949074,0.08865886725171644,0.8759236623533763
25574,LOF,0.018542668357394917,0.13619348697241926,0.8452638446701859
25575,LOF,0.04589722067073117,0.09960643209920442,0.8544963472300644
25576,LOF,0.016765107975794526,0.11430774822030512,0.8689271438039003
25577,LOF,0.014706503222884765,0.11191608846671688,0.8733774083103983
25578,LOF,0.24588824507489931,0.07505022436946959,0.6790615305556311
25579,LOF,0.2467975414500625,0.07464029722389716,0.6785621613260403
25580,LOF,0.02936662095654639,0.07136026149955281,0.8992731175439008
25581,LOF,0.05311090878579476,0.05713759925406695,0.8897514919601383
25582,LOF,0.05293055737456535,0.05561348445540338,0.8914559581700312
25583,LOF,0.041431027000302205,0.08361855284299606,0.8749504201567017
25584,Neutral,0.49182153823819225,0.10538242097408451,0.40279604078772335
25585,LOF,0.02877289620718772,0.11465782113795232,0.8565692826548599
25586,LOF,0.030552645818040035,0.06648567817810187,0.9029616760038581
25587,LOF,0.028840596848817863,0.06227841547148444,0.9088809876796976
25588,LOF,0.030016079901772047,0.07712141180149168,0.8928625082967362
25589,Neutral,0.6091203158318093,0.11718803898450159,0.27369164518368916
25590,LOF,0.030624623773770274,0.11548619720785713,0.8538891790183726
25591,LOF,0.111865271638661,0.048014897838978846,0.8401198305223602
25592,LOF,0.08414645160726054,0.11602595711239307,0.7998275912803464
25593,LOF,0.025145503624736023,0.24201506597430028,0.7328394304009637
25594,LOF,0.041488190487945914,0.23005194488773986,0.7284598646243142
25595,LOF,0.04687512470758344,0.16938960116811835,0.7837352741242982
25596,LOF,0.04551985712690544,0.11659562731238439,0.8378845155607101
25597,LOF,0.04124798691249795,0.12319488434571702,0.8355571287417851
25598,LOF,0.04626528087003936,0.1667077190463763,0.7870270000835843
25599,GOF,0.007874943549243407,0.7000471331742396,0.29207792327651694
25600,GOF,0.018731989489789786,0.6241948082850646,0.3570732022251456
25601,LOF,0.005841365508549686,0.4440921061136707,0.5500665283777797
25602,LOF,0.02551477080403783,0.04397585862349877,0.9305093705724633
25603,LOF,0.05638443971975449,0.0290302332966699,0.9145853269835756
25604,LOF,0.04410072958022302,0.03347706562067763,0.9224222047990993
25605,LOF,0.015054678272471738,0.17106814657861447,0.8138771751489138
25606,LOF,0.10952294746280893,0.4191673776747398,0.47130967486245123
25607,LOF,0.006689761566094227,0.18552091738575915,0.8077893210481466
25608,LOF,0.03010733488410983,0.05397558556253138,0.9159170795533588
25609,LOF,0.04015523824639595,0.43035018489175564,0.5294945768618484
25610,LOF,0.03700965700017874,0.02953983720812996,0.9334505057916913
25611,LOF,0.03766368047685677,0.027041118753418775,0.9352952007697244
25612,LOF,0.09722550106802795,0.042931712002441016,0.8598427869295311
25613,LOF,0.08133507269652773,0.044407864092198414,0.8742570632112738
25614,LOF,0.02902565227130871,0.0359696380137654,0.935004709714926
25615,LOF,0.040873206240061376,0.0490196025790754,0.9101071911808631
25616,LOF,0.028226580519516355,0.03664640248173178,0.9351270169987519
25617,LOF,0.027202459494482134,0.04034048522133282,0.9324570552841851
25618,LOF,0.1547991921108961,0.033566826295372235,0.8116339815937317
25619,LOF,0.02704049152452374,0.034514013233549315,0.938445495241927
25620,LOF,0.031161916969812204,0.04392998528077436,0.9249080977494134
25621,LOF,0.02852339563494535,0.03593234007977133,0.9355442642852833
25622,LOF,0.030793028233450707,0.043540707722383325,0.925666264044166
25623,LOF,0.0538708336639316,0.04436946999216666,0.9017596963439019
25624,LOF,0.026187772509403576,0.041370168693449554,0.9324420587971469
25625,LOF,0.03235508767393739,0.05176723823349369,0.9158776740925689
25626,LOF,0.0834151889425212,0.038712052388639125,0.8778727586688397
25627,Neutral,0.523701654779081,0.13401374823535364,0.3422845969855653
25628,LOF,0.19690808886774908,0.058010974985726604,0.7450809361465243
25629,LOF,0.06673611298916182,0.06024008378654612,0.8730238032242921
25630,LOF,0.15743049874934803,0.08965506905403818,0.7529144321966138
25631,Neutral,0.5691723218110629,0.06804403375669188,0.36278364443224514
25632,LOF,0.01894578971484446,0.10003096078291197,0.8810232495022436
25633,LOF,0.21394389209035466,0.07628488931002839,0.7097712185996169
25634,LOF,0.033475029093077605,0.10276190417713085,0.8637630667297915
25635,LOF,0.03876782030843577,0.0839005874448525,0.8773315922467116
25636,GOF,0.004650329412157814,0.6603491144130506,0.3350005561747917
25637,GOF,0.005433795292942625,0.6688338022021254,0.32573240250493185
25638,LOF,0.008172092654938526,0.41818739222281043,0.573640515122251
25639,GOF,0.004414007082641151,0.5292789197860654,0.4663070731312935
25640,GOF,0.4566913025371728,0.4740319268635442,0.06927677059928308
25641,LOF,0.009653412631513043,0.34761056232505794,0.642736025043429
25642,LOF,0.3003772375752584,0.07008063500011638,0.6295421274246251
25643,LOF,0.24975941369788596,0.1539827420314287,0.5962578442706853
25644,GOF,0.012814166066311992,0.5410360293731938,0.44614980456049413
25645,LOF,0.011774319210965438,0.49352172522314924,0.4947039555658855
25646,LOF,0.017175301528381853,0.3594014075094788,0.6234232909621393
25647,LOF,0.015243795817917495,0.28866791938163844,0.6960882848004442
25648,LOF,0.013788475335769197,0.3191613715788914,0.6670501530853394
25649,LOF,0.01029027354630691,0.23199339142467004,0.7577163350290229
25650,LOF,0.025385559314051967,0.4673911821443908,0.5072232585415571
25651,LOF,0.009270484273382942,0.2816263592191265,0.7091031565074905
25652,LOF,0.016604790769424563,0.25334654482640506,0.7300486644041704
25653,LOF,0.05895600700740877,0.35870987128064247,0.5823341217119489
25654,LOF,0.015330243095526169,0.16361606804609127,0.8210536888583825
25655,LOF,0.07688630695424346,0.41500962548331327,0.5081040675624432
25656,LOF,0.07457717700928883,0.07128804992692599,0.8541347730637853
25657,LOF,0.2806592314076983,0.03318692334842053,0.6861538452438812
25658,LOF,0.04277441849387961,0.08954015450737271,0.8676854269987477
25659,LOF,0.2667161987564499,0.06485008593596515,0.668433715307585
25660,LOF,0.07602698299586579,0.09806220551437801,0.8259108114897562
25661,LOF,0.04991270707112923,0.07473742411315276,0.875349868815718
25662,LOF,0.028608689188448732,0.04412220787751046,0.9272691029340407
25663,LOF,0.03988270477336024,0.06929899770082841,0.8908182975258114
25664,LOF,0.036355946510403046,0.09229230009960289,0.8713517533899939
25665,LOF,0.058487792864038886,0.04454443958261265,0.8969677675533484
25666,LOF,0.03452230365909016,0.14159189038759182,0.8238858059533181
25667,LOF,0.02947609038817591,0.05340280676305981,0.9171211028487644
25668,LOF,0.03583331395452468,0.05929086817579071,0.9048758178696846
25669,LOF,0.04126724653342533,0.08861211821435966,0.8701206352522151
25670,LOF,0.08895565591579564,0.09659167795379836,0.814452666130406
25671,LOF,0.039147576215620754,0.04697271444676359,0.9138797093376156
25672,LOF,0.0568140577844357,0.06109293487375411,0.8820930073418102
25673,LOF,0.037536127686201085,0.07395362928249326,0.8885102430313058
25674,LOF,0.029797911465256247,0.08107823725584262,0.889123851278901
25675,LOF,0.04115462288871323,0.054853984653182086,0.9039913924581047
25676,LOF,0.03214718898671533,0.06049334251414736,0.9073594684991374
25677,LOF,0.06125251936324115,0.06597429031555596,0.8727731903212029
25678,LOF,0.2736510900031394,0.03997291289798402,0.6863759970988765
25679,LOF,0.1939683356132003,0.07603829808055254,0.7299933663062471
25680,LOF,0.06714296058752024,0.09574042639481888,0.8371166130176609
25681,LOF,0.11968963531593277,0.08851780299102291,0.7917925616930443
25682,LOF,0.04571818692038051,0.07590251015452927,0.8783793029250901
25683,LOF,0.09218642406674397,0.08507358651549447,0.8227399894177615
25684,LOF,0.05410338975905081,0.08132095675944337,0.8645756534815059
25685,LOF,0.09234551370425026,0.04652945727173485,0.861125029024015
25686,LOF,0.02944073497866414,0.10040027446044594,0.8701589905608899
25687,LOF,0.04782275754783697,0.07541695314955581,0.8767602893026072
25688,LOF,0.021771947199349547,0.08961624700481073,0.8886118057958396
25689,LOF,0.01755667820476165,0.07520327029688399,0.9072400514983544
25690,LOF,0.020268894947208748,0.0801313273937606,0.8995997776590307
25691,LOF,0.18647631825916205,0.12473801246420137,0.6887856692766365
25692,LOF,0.2882238902801569,0.012781659413995934,0.6989944503058472
25693,LOF,0.05147426252965469,0.1432320757101787,0.8052936617601667
25694,LOF,0.2377849927700296,0.013593576849325238,0.7486214303806452
25695,LOF,0.15062053888083404,0.02012497327777413,0.8292544878413919
25696,LOF,0.16903046965810428,0.009942744963504016,0.8210267853783917
25697,LOF,0.13462624540819576,0.021011846717499307,0.8443619078743049
25698,LOF,0.023332937088968983,0.36022906459085585,0.6164379983201752
25699,LOF,0.05338052579989165,0.057681590691221106,0.8889378835088872
25700,LOF,0.028756313147779537,0.009242633115915482,0.962001053736305
25701,LOF,0.012673543340745783,0.07143517625110074,0.9158912804081534
25702,GOF,0.03079409132497669,0.7470477821015311,0.22215812657349224
25703,LOF,0.015561577968537132,0.1876712644147963,0.7967671576166666
25704,LOF,0.09282440243509844,0.14624147680674285,0.7609341207581587
25705,LOF,0.0685362806444779,0.24043367979919283,0.6910300395563292
25706,GOF,0.0451307554598388,0.6325605634312339,0.3223086811089274
25707,GOF,0.025218430439700856,0.5372462835878341,0.4375352859724651
25708,LOF,0.00664419166842496,0.48168629219554804,0.511669516136027
25709,LOF,0.018159561626610084,0.07014937686165704,0.911691061511733
25710,LOF,0.008756343508220172,0.1674445717260059,0.8237990847657739
25711,LOF,0.02059800147023874,0.12401713992606697,0.8553848586036944
25712,LOF,0.009168493821811596,0.23487914339614577,0.7559523627820426
25713,LOF,0.018405166683486934,0.11237669418892232,0.8692181391275907
25714,LOF,0.021306567355830204,0.1447069942328302,0.8339864384113397
25715,LOF,0.019894986671642172,0.12662871412455393,0.853476299203804
25716,LOF,0.011388968772727852,0.16169256552731454,0.8269184656999576
25717,LOF,0.005854379923249206,0.14528946844724033,0.8488561516295104
25718,LOF,0.019699322169233598,0.0861533786425869,0.8941472991881795
25719,LOF,0.034603772667980044,0.10142071793181788,0.863975509400202
25720,LOF,0.026112367949571363,0.09140182110361156,0.882485810946817
25721,LOF,0.022634501261096517,0.10050180101893784,0.8768636977199656
25722,LOF,0.016584588116183085,0.13478235078183687,0.8486330611019801
25723,LOF,0.021426878908050652,0.0784424221787702,0.9001306989131792
25724,LOF,0.030204092423958412,0.14379321974022694,0.8260026878358148
25725,LOF,0.020064402604934962,0.0736500186237362,0.9062855787713289
25726,LOF,0.015697684246074622,0.10887520623694118,0.8754271095169842
25727,LOF,0.019955626977671396,0.09202994395961844,0.8880144290627102
25728,LOF,0.02003085720916059,0.10204589040135577,0.8779232523894837
25729,LOF,0.019028850472430702,0.10847359920966707,0.8724975503179023
25730,LOF,0.02172738205816041,0.08173885056829035,0.8965337673735493
25731,LOF,0.009974246351147017,0.1924099210856999,0.7976158325631532
25732,LOF,0.019189626950882277,0.09950929559765453,0.8813010774514631
25733,LOF,0.029213250431332535,0.08901038330344527,0.8817763662652222
25734,LOF,0.006905551350644956,0.22903045534040883,0.7640639933089461
25735,LOF,0.02137031008070636,0.0804999227714438,0.89812976714785
25736,LOF,0.020415051294617743,0.13068056748037615,0.848904381225006
25737,LOF,0.04003975029076699,0.11804112385085432,0.8419191258583787
25738,LOF,0.02085652172914058,0.15019101277011912,0.8289524655007403
25739,LOF,0.024414063144882998,0.14088097372143282,0.8347049631336841
25740,LOF,0.048426900342366276,0.14643569349724048,0.8051374061603932
25741,LOF,0.026919517090536894,0.11967264121209316,0.85340784169737
25742,LOF,0.04640265190009199,0.13003037932671965,0.8235669687731884
25743,LOF,0.012409218235800238,0.03719737520768562,0.950393406556514
25744,LOF,0.18562483688923173,0.37041406288243356,0.44396110022833474
25745,LOF,0.027924357675267453,0.07541771771766816,0.8966579246070643
25746,LOF,0.012953840057073894,0.09927171112554213,0.8877744488173841
25747,LOF,0.03071501848969244,0.038487318388818054,0.9307976631214895
25748,LOF,0.27374941448106144,0.06071063173788772,0.6655399537810509
25749,LOF,0.01354972483772716,0.06355655521035343,0.9228937199519195
25750,LOF,0.01702103331822761,0.08450976819726362,0.8984691984845087
25751,LOF,0.03852826392130612,0.06754141445644392,0.89393032162225
25752,GOF,0.08463098196100043,0.6640821355326035,0.25128688250639597
25753,LOF,0.007535899572123203,0.382317282154888,0.6101468182729888
25754,GOF,0.006464136695093545,0.862761104090043,0.1307747592148634
25755,LOF,0.008156045494458265,0.46381535288435954,0.5280286016211823
25756,LOF,0.047236194179801835,0.4422940805648305,0.5104697252553677
25757,GOF,0.007200205062348762,0.8712452315488578,0.12155456338879332
25758,GOF,0.009242781160010045,0.8775232583686865,0.11323396047130342
25759,GOF,0.0060621257078013035,0.5708423286892165,0.42309554560298224
25760,LOF,0.006391139887201106,0.3031461037056333,0.6904627564071656
25761,GOF,0.062204701377003124,0.8521521332555986,0.08564316536739841
25762,LOF,0.02788981316767558,0.3749315001679762,0.5971786866643481
25763,LOF,0.007092276191723191,0.27499393743102707,0.7179137863772498
25764,GOF,0.07550462093667867,0.6024797789432558,0.32201560012006547
25765,GOF,0.008769085533769854,0.8480267270829716,0.14320418738325855
25766,GOF,0.044643982921041714,0.816026334574724,0.1393296825042343
25767,GOF,0.009446814186191031,0.5277095756144475,0.4628436101993615
25768,LOF,0.036534906406031666,0.07471943567527528,0.8887456579186931
25769,LOF,0.02370571731398993,0.08312871575985868,0.8931655669261513
25770,LOF,0.1703119781785085,0.07211517871578092,0.7575728431057106
25771,LOF,0.013888895927131384,0.07134521384074866,0.91476589023212
25772,LOF,0.024373629586994298,0.03194598479731546,0.9436803856156902
25773,LOF,0.015296849483228873,0.08644765375182144,0.8982554967649498
25774,LOF,0.029120063653670626,0.09650913318716149,0.8743708031591679
25775,LOF,0.01982714299914449,0.042954750337155186,0.9372181066637003
25776,LOF,0.025122901597645023,0.028038709690207376,0.9468383887121476
25777,LOF,0.24630086370616602,0.07735326082851778,0.6763458754653162
25778,LOF,0.018078346469548312,0.056111898554913255,0.9258097549755384
25779,GOF,0.03223259446945229,0.8881486319321281,0.07961877359841951
25780,GOF,0.06697629059011871,0.8822152813088325,0.05080842810104893
25781,GOF,0.031025017703680283,0.8751356478531609,0.09383933444315874
25782,GOF,0.02877879138693299,0.9000670541879305,0.07115415442513659
25783,GOF,0.01904509084176062,0.7977905955581561,0.1831643136000832
25784,GOF,0.08222198047251875,0.8779634173564683,0.03981460217101299
25785,GOF,0.05236684516050613,0.9028810902368957,0.044752064602598327
25786,GOF,0.007707987601528033,0.8470145388007884,0.14527747359768367
25787,GOF,0.1510651363062982,0.810716060498328,0.03821880319537371
25788,LOF,0.017457218836076326,0.197909012281469,0.7846337688824547
25789,GOF,0.0166235402094165,0.8639602935782789,0.11941616621230472
25790,GOF,0.017142311469832236,0.8750468153638176,0.10781087316635024
25791,GOF,0.01569398927836543,0.846357538351985,0.13794847236964963
25792,GOF,0.019604552187675293,0.8550732612279345,0.12532218658439026
25793,GOF,0.05172509419706607,0.829293697379012,0.11898120842392182
25794,GOF,0.049396956966039934,0.7784272720991403,0.17217577093481978
25795,GOF,0.05213689742835275,0.7825197830026336,0.16534331956901352
25796,GOF,0.07846027743032684,0.8345417088941773,0.08699801367549582
25797,GOF,0.04728855837919959,0.7397375660174815,0.21297387560331896
25798,GOF,0.0033246188181495283,0.6884466289476854,0.30822875223416507
25799,GOF,0.0028645069198148434,0.5736945675480887,0.42344092553209645
25800,GOF,0.017356367915185605,0.7955262374764607,0.18711739460835378
25801,GOF,0.013306616394470649,0.8851135115190883,0.10157987208644106
25802,GOF,0.020741768857202914,0.8487232025953305,0.13053502854746657
25803,GOF,0.01367739965092368,0.7473086263376083,0.23901397401146787
25804,GOF,0.015487651127426573,0.6678416477825045,0.31667070109006895
25805,GOF,0.022802842570405744,0.749749585989705,0.2274475714398894
25806,GOF,0.020336408261673662,0.811587504515533,0.16807608722279338
25807,GOF,0.005957294086146751,0.7682520348750833,0.22579067103876987
25808,GOF,0.015005309196721151,0.791928601345571,0.19306608945770784
25809,GOF,0.007103302043895692,0.7671185508602457,0.2257781470958587
25810,GOF,0.006089998153943759,0.769969706443993,0.2239402954020633
25811,GOF,0.037545489513774094,0.8776990914876461,0.0847554189985799
25812,GOF,0.01790824150047717,0.7793918215523513,0.20269993694717145
25813,GOF,0.08890073305858479,0.8147239893708242,0.09637527757059104
25814,GOF,0.021298855204857334,0.802748032719333,0.17595311207580966
25815,GOF,0.03706972497390965,0.83205491143937,0.1308753635867204
25816,GOF,0.007589909256361264,0.8615288813637891,0.13088120937984957
25817,GOF,0.1010240767707788,0.8169551382790374,0.08202078495018385
25818,GOF,0.01971723291445051,0.834749081828136,0.14553368525741345
25819,GOF,0.052672801499216104,0.7801911993156071,0.16713599918517674
25820,GOF,0.02505480895980569,0.7885699076808141,0.18637528335938025
25821,GOF,0.017077748005146207,0.7862523379178025,0.19666991407705114
25822,GOF,0.029292730840597362,0.7872203293111515,0.18348693984825112
25823,GOF,0.017524428418264112,0.703541437639378,0.2789341339423579
25824,GOF,0.016505684352800542,0.7807009683525524,0.20279334729464701
25825,GOF,0.013636217852347926,0.7761917153100831,0.21017206683756887
25826,GOF,0.005749342745533508,0.7593301509804921,0.2349205062739744
25827,GOF,0.010926286927737427,0.7207559038038762,0.26831780926838644
25828,GOF,0.007828784796154146,0.6972223782210261,0.2949488369828199
25829,GOF,0.003223245694148333,0.7229188286809906,0.2738579256248611
25830,GOF,0.036912894547506764,0.5498978859174777,0.41318921953501553
25831,GOF,0.06202956009584827,0.8226075336297738,0.11536290627437794
25832,GOF,0.008903266642783935,0.8222275142388809,0.16886921911833516
25833,GOF,0.03296451586591934,0.8603025119272234,0.10673297220685722
25834,GOF,0.008624437189588878,0.8322500941822011,0.15912546862821006
25835,GOF,0.020343604300278057,0.8707257456702907,0.10893065002943132
25836,GOF,0.006171352089146975,0.8225795844138598,0.17124906349699312
25837,GOF,0.006580455158056646,0.7358253088722476,0.25759423596969566
25838,GOF,0.019158659251621267,0.8708487231121543,0.1099926176362243
25839,GOF,0.037317519063383306,0.8466689354649943,0.11601354547162247
25840,GOF,0.07560492980029618,0.8211949860948684,0.1032000841048353
25841,GOF,0.07360606138492091,0.8383746688038948,0.08801926981118416
25842,GOF,0.02003237823222536,0.895755098508549,0.08421252325922576
25843,GOF,0.02318718633257954,0.9001259088550734,0.07668690481234709
25844,GOF,0.013511514379132466,0.8496794014929908,0.13680908412787668
25845,GOF,0.004390896588829756,0.6468442442746196,0.3487648591365507
25846,GOF,0.061471391436328265,0.849100206127423,0.08942840243624875
25847,GOF,0.013195227137183676,0.9096400517719081,0.07716472109090829
25848,GOF,0.015201652261928237,0.8691606190761997,0.11563772866187218
25849,GOF,0.005688559455656699,0.7750280416811671,0.21928339886317624
25850,GOF,0.005288174160650915,0.7750331105356085,0.21967871530374056
25851,GOF,0.004688129314624232,0.6604320644118913,0.3348798062734845
25852,GOF,0.13708320053336198,0.581183412023065,0.28173338744357296
25853,GOF,0.06365586836256484,0.8449101544120552,0.09143397722538013
25854,GOF,0.004352785942229047,0.7244899845071083,0.27115722955066274
25855,GOF,0.01674887016760264,0.6676026698504872,0.3156484599819102
25856,GOF,0.03309263510027722,0.7889963217884208,0.17791104311130193
25857,GOF,0.01867350353426136,0.6692274557177105,0.3120990407480282
25858,GOF,0.006593793070318567,0.6732925774599349,0.3201136294697465
25859,GOF,0.005125643908750828,0.6552931766450835,0.3395811794461658
25860,GOF,0.0680918100656974,0.8311323377702358,0.10077585216406683
25861,GOF,0.08236312180113738,0.8349063803230299,0.08273049787583271
25862,GOF,0.016327612509762692,0.8862320947432354,0.09744029274700194
25863,GOF,0.017305039197103068,0.887116283790329,0.09557867701256789
25864,GOF,0.049378488229291674,0.8829611694833888,0.06766034228731954
25865,GOF,0.03813490886971259,0.8614356940842904,0.10042939704599697
25866,GOF,0.02011359765325999,0.8875389314976205,0.09234747084911954
25867,GOF,0.030665182127967497,0.8951430951853984,0.07419172268663403
25868,GOF,0.04643534473680454,0.8574635862178166,0.09610106904537892
25869,GOF,0.2936785456636783,0.6338885502559932,0.0724329040803284
25870,GOF,0.06240952696598415,0.6917523431909395,0.24583812984307638
25871,GOF,0.00957663599936829,0.8955159134872859,0.09490745051334593
25872,GOF,0.017851483918567914,0.8836883225012726,0.09846019358015959
25873,GOF,0.017065199748442204,0.9012310047309586,0.08170379552059924
25874,LOF,0.01648245947646974,0.2370673357444627,0.7464502047790675
25875,LOF,0.04110217894233572,0.0511735532610398,0.9077242677966244
25876,LOF,0.016619844368982912,0.03744422443319968,0.9459359311978174
25877,LOF,0.11782340249885791,0.09364384022933614,0.7885327572718059
25878,LOF,0.07059447875139813,0.13605361184403222,0.7933519094045697
25879,LOF,0.023004286193079322,0.0937752344104926,0.8832204793964281
25880,LOF,0.05697263159708731,0.014264815833917512,0.9287625525689951
25881,Neutral,0.5260739471615943,0.07342860480284044,0.4004974480355653
25882,LOF,0.0644805118616581,0.02662709098397554,0.9088923971543663
25883,LOF,0.02819641223721214,0.028092329659818734,0.9437112581029691
25884,LOF,0.02130992682343895,0.048479843022041454,0.9302102301545196
25885,LOF,0.21310967487579863,0.014375208297087895,0.7725151168271136
25886,LOF,0.27271288578268793,0.053014021021419416,0.6742730931958926
25887,LOF,0.17474367998351767,0.07437467453095525,0.750881645485527
25888,LOF,0.01041606274882579,0.13878333699043435,0.8508006002607398
25889,LOF,0.026957889250652373,0.037272858087429306,0.9357692526619183
25890,LOF,0.1744592561276493,0.1007467458449862,0.7247939980273644
25891,LOF,0.1161190926370891,0.024751754831095926,0.8591291525318149
25892,LOF,0.007988921610672073,0.03569497062485187,0.9563161077644761
25893,LOF,0.34075350828383905,0.010066771522111873,0.6491797201940491
25894,LOF,0.3873755273767308,0.005725670861327935,0.6068988017619413
25895,LOF,0.3481285219815664,0.01283763536252395,0.6390338426559097
25896,LOF,0.06368825293047024,0.02074627104877632,0.9155654760207534
25897,LOF,0.1652754888489051,0.00870665697370808,0.8260178541773867
25898,LOF,0.14144626348185724,0.03294707496060553,0.8256066615575373
25899,LOF,0.4267941360307045,0.020646506818458314,0.5525593571508371
25900,LOF,0.487410210046619,0.009959520460882967,0.5026302694924981
25901,LOF,0.0618700626240496,0.009410444474829888,0.9287194929011205
25902,LOF,0.16182487417493174,0.009602009218545579,0.8285731166065226
25903,LOF,0.3764007491739238,0.024292685762674054,0.5993065650634021
25904,Neutral,0.5027679739536904,0.030902809741635517,0.46632921630467405
25905,LOF,0.0064110236157392435,0.48757788715245287,0.5060110892318079
25906,LOF,0.00774598099351725,0.10657147086166771,0.885682548144815
25907,LOF,0.0049677715718822795,0.3530936145837491,0.6419386138443687
25908,LOF,0.004970014354651488,0.2621477714604373,0.7328822141849112
25909,LOF,0.025397090193288098,0.16051052847671798,0.814092381329994
25910,LOF,0.012584525802837674,0.14025264932123127,0.8471628248759311
25911,LOF,0.250675280440986,0.042940472712925996,0.706384246846088
25912,LOF,0.09216532387588477,0.04573260398691405,0.8621020721372012
25913,LOF,0.023592326479643783,0.07754123478579347,0.8988664387345627
25914,LOF,0.03477061174944737,0.040383546406035004,0.9248458418445176
25915,LOF,0.2086094008870548,0.19835220185253474,0.5930383972604105
25916,LOF,0.03084142134692721,0.11959671805414866,0.849561860598924
25917,LOF,0.07250962520417215,0.03423844800273088,0.8932519267930971
25918,LOF,0.04065797017707249,0.025123094860597637,0.9342189349623298
25919,LOF,0.03697466970136612,0.024519432061554217,0.9385058982370796
25920,LOF,0.3542334644152925,0.1899123670961555,0.4558541684885521
25921,LOF,0.015879738018403273,0.04083541046340983,0.9432848515181869
25922,LOF,0.01847207774558127,0.042164786686741576,0.9393631355676773
25923,LOF,0.43173093203056206,0.04036095396557201,0.5279081140038658
25924,LOF,0.020242770698915002,0.068653798126747,0.9111034311743379
25925,LOF,0.08095787980802753,0.058024541268817974,0.8610175789231546
25926,LOF,0.06563852425641589,0.0523387954349813,0.8820226803086028
25927,LOF,0.02082677834278116,0.08939282909984586,0.889780392557373
25928,LOF,0.010392340905038523,0.062205737635702286,0.9274019214592593
25929,Neutral,0.5512468316437505,0.03832846346678982,0.41042470488945954
25930,LOF,0.07622758009073498,0.04047890283634123,0.8832935170729239
25931,LOF,0.014284053708150715,0.044007814688689244,0.94170813160316
25932,LOF,0.0617396929874588,0.040714664573455094,0.897545642439086
25933,LOF,0.06280153224762526,0.02433203136855044,0.9128664363838243
25934,LOF,0.054804157112497205,0.023348762151007514,0.9218470807364952
25935,LOF,0.07416962577401444,0.07035506162235707,0.8554753126036285
25936,LOF,0.09899054687964491,0.023988526052622607,0.8770209270677325
25937,LOF,0.014514144937477371,0.061053877707985996,0.9244319773545366
25938,LOF,0.07409376046696144,0.0618362567099676,0.8640699828230709
25939,LOF,0.043958166593952665,0.032297846232234625,0.9237439871738127
25940,LOF,0.009530346134481477,0.36186943438099245,0.628600219484526
25941,Neutral,0.5407594447784163,0.053711893027470876,0.40552866219411293
25942,LOF,0.009889869101978041,0.06648692166009065,0.9236232092379312
25943,LOF,0.04916006354566393,0.21524706717561282,0.7355928692787232
25944,LOF,0.04650477429516044,0.10113183389145498,0.8523633918133846
25945,LOF,0.12487541777491049,0.03285123596186903,0.8422733462632205
25946,LOF,0.06661188499191815,0.03998232996914571,0.8934057850389361
25947,Neutral,0.47790463707013436,0.12240833718073048,0.39968702574913517
25948,LOF,0.4258577487161253,0.019787805198081126,0.5543544460857935
25949,LOF,0.1405396573206385,0.07899340057562394,0.7804669421037376
25950,GOF,0.056197273543997776,0.5671334746234666,0.3766692518325355
25951,LOF,0.014371423263750207,0.4142227124256152,0.5714058643106346
25952,LOF,0.2355617654176769,0.26624222015179816,0.4981960144305251
25953,LOF,0.00807898396980349,0.1719789243092815,0.819942091720915
25954,LOF,0.06269490732831436,0.46138500186418113,0.4759200908075045
25955,LOF,0.006669569363889342,0.16463335661864098,0.8286970740174696
25956,LOF,0.017031232945399752,0.21987526799668725,0.763093499057913
25957,LOF,0.15837466530273642,0.030995585110535268,0.8106297495867283
25958,LOF,0.033493631348024674,0.05907484156187138,0.9074315270901039
25959,GOF,0.01242750648761481,0.7028932261424183,0.2846792673699668
25960,LOF,0.005513700876643783,0.08688192397866695,0.9076043751446893
25961,LOF,0.03154875560308892,0.049919958887869924,0.9185312855090412
25962,LOF,0.04894840798156881,0.06149927353288165,0.8895523184855495
25963,LOF,0.005200219358239635,0.16671549871237362,0.8280842819293867
25964,LOF,0.026275811000627466,0.10983787403009275,0.8638863149692798
25965,LOF,0.25410273120785826,0.11726327939953173,0.6286339893926101
25966,LOF,0.42090438535141717,0.15234754578457596,0.4267480688640069
25967,LOF,0.00800616946390217,0.09679315917707743,0.8952006713590204
25968,LOF,0.04198046643212414,0.257390969806874,0.7006285637610018
25969,LOF,0.147766769458828,0.06303044316119348,0.7892027873799786
25970,LOF,0.050500156107929885,0.10477964457823673,0.8447201993138332
25971,LOF,0.07920849278706003,0.0362425376893844,0.8845489695235556
25972,LOF,0.07817280774346434,0.060488509681323244,0.8613386825752124
25973,LOF,0.06275162519533244,0.009365557017381938,0.9278828177872855
25974,LOF,0.04779312318958115,0.04431165050640461,0.9078952263040142
25975,LOF,0.039000540054713755,0.019890623214599834,0.9411088367306865
25976,LOF,0.09684797484794698,0.011099422600178568,0.8920526025518745
25977,LOF,0.2201483776422304,0.06593852103247132,0.7139131013252983
25978,LOF,0.1880824534852367,0.11294604542514018,0.698971501089623
25979,LOF,0.15829387653583582,0.13307935502945942,0.7086267684347047
25980,LOF,0.25794530390924314,0.17947135697481145,0.5625833391159454
25981,LOF,0.2597878433897202,0.18088801130354043,0.5593241453067394
25982,Neutral,0.4641751348089063,0.0819891303999151,0.45383573479117856
25983,Neutral,0.4674066586378775,0.09949981533684532,0.4330935260252772
25984,LOF,0.0389954124158374,0.10145506528747718,0.8595495222966854
25985,LOF,0.35357144836782334,0.14118515795005404,0.5052433936821226
25986,LOF,0.01054144157327177,0.41773831855373267,0.5717202398729956
25987,LOF,0.045558434231517876,0.09997354940260937,0.8544680163658728
25988,LOF,0.039812776558440524,0.16819432741672058,0.7919928960248388
25989,LOF,0.04090022774589011,0.21008260580592156,0.7490171664481883
25990,LOF,0.036253233838025964,0.32226634308921537,0.6414804230727587
25991,LOF,0.021619080594983554,0.4093958872202742,0.5689850321847423
25992,LOF,0.02126104960755246,0.41080605395873343,0.5679328964337141
25993,LOF,0.031501991150579896,0.06557446364976435,0.9029235451996557
25994,LOF,0.025376972289030204,0.06147210372088689,0.9131509239900829
25995,LOF,0.023124290782882743,0.11751329652687649,0.8593624126902408
25996,Neutral,0.33820114077933633,0.32649130034106355,0.3353075588796001
25997,LOF,0.05164996713177294,0.3766688490840173,0.5716811837842097
25998,LOF,0.2752517938850949,0.04710351879826352,0.6776446873166416
25999,LOF,0.03325723573059809,0.16794610640100613,0.7987966578683958
26000,LOF,0.17064110052270587,0.027280212998745584,0.8020786864785485
26001,LOF,0.287976611744342,0.03932732722580761,0.6726960610298504
26002,LOF,0.1101296180745199,0.03946899480532175,0.8504013871201583
26003,GOF,0.00662346023477366,0.6679287090119249,0.3254478307533015
26004,GOF,0.013892972153573874,0.7165735628496566,0.2695334649967695
26005,LOF,0.004679383357362207,0.48821672939751143,0.5071038872451265
26006,GOF,0.1329817642463361,0.5745136636575529,0.2925045720961111
26007,GOF,0.010906804081890459,0.5412054334928239,0.4478877624252857
26008,GOF,0.006407856765735528,0.6140870615491542,0.37950508168511027
26009,GOF,0.009712713155694455,0.6786353532904359,0.3116519335538696
26010,GOF,0.008433055287161097,0.6249388483332905,0.36662809637954835
26011,LOF,0.0038183047672953724,0.42993032568968115,0.5662513695430235
26012,GOF,0.004341013620966412,0.5195151973338987,0.47614378904513477
26013,GOF,0.008681934940663551,0.570123146482269,0.4211949185770674
26014,LOF,0.0671030637493621,0.10802783056819791,0.8248691056824401
26015,LOF,0.3639104446922066,0.038158756800753375,0.59793079850704
26016,LOF,0.2831453314770664,0.05656349949647128,0.6602911690264623
26017,LOF,0.014718595409680908,0.25523209975399713,0.7300493048363219
26018,LOF,0.023418267133457363,0.07539031951750068,0.901191413349042
26019,LOF,0.02328290893739453,0.06403093751282449,0.9126861535497811
26020,LOF,0.00771040291727102,0.23352228348362464,0.7587673135991043
26021,LOF,0.0865822264583986,0.09244691229202819,0.8209708612495732
26022,LOF,0.032482873381841,0.03643975088022151,0.9310773757379376
26023,LOF,0.02068958021132629,0.049460947314909576,0.9298494724737641
26024,LOF,0.04813664958169465,0.0762828588939922,0.8755804915243132
26025,LOF,0.07727051068419623,0.0970187735832983,0.8257107157325054
26026,LOF,0.09944328997568752,0.08153341350871798,0.8190232965155945
26027,LOF,0.0237587329235923,0.03546178485817156,0.9407794822182363
26028,LOF,0.09279351191944497,0.15791920128079942,0.7492872867997555
26029,LOF,0.02894890491427873,0.22735866177933226,0.743692433306389
26030,LOF,0.16094309826914097,0.02752046104833141,0.8115364406825277
26031,LOF,0.011420087644779999,0.17488410683885303,0.8136958055163671
26032,LOF,0.04370063967974448,0.059453538354473326,0.8968458219657821
26033,LOF,0.054061335776552956,0.0529390454773847,0.8929996187460624
26034,LOF,0.016672885962421554,0.18346144440174436,0.799865669635834
26035,LOF,0.012825191095710385,0.1165472646334563,0.8706275442708333
26036,LOF,0.012972601560862015,0.13763436899270703,0.849393029446431
26037,LOF,0.010321353184204622,0.10979345282334048,0.8798851939924549
26038,LOF,0.0368717238195117,0.05388583102464342,0.9092424451558448
26039,LOF,0.033778675916730116,0.15492001711977352,0.8113013069634963
26040,LOF,0.09376944087328334,0.1259420006499823,0.7802885584767343
26041,LOF,0.013780282510870021,0.0949612729331754,0.8912584445559546
26042,LOF,0.012718736345936668,0.1105321025001703,0.876749161153893
26043,LOF,0.03635250804830348,0.08009466008782212,0.8835528318638743
26044,LOF,0.01145392612403504,0.05697777093934799,0.931568302936617
26045,LOF,0.06797534993765825,0.11772979452570947,0.8142948555366324
26046,LOF,0.032421570176769256,0.05793396148540446,0.9096444683378264
26047,LOF,0.06043921131898361,0.059060601213414665,0.8805001874676017
26048,LOF,0.07019665626498105,0.026091941402026777,0.9037114023329922
26049,Neutral,0.9480280544072276,0.00871443210407692,0.04325751348869533
26050,Neutral,0.920864817315799,0.009456409625133425,0.0696787730590676
26051,LOF,0.026003973867447537,0.09582510770137459,0.8781709184311779
26052,LOF,0.03655835133768161,0.11158001064895165,0.8518616380133668
26053,LOF,0.025044388529930503,0.14444391814862542,0.8305116933214439
26054,LOF,0.047593087100929306,0.03337405699708391,0.9190328559019867
26055,LOF,0.07119303653851089,0.03135482690029229,0.8974521365611967
26056,LOF,0.05779201911346585,0.03893097807526714,0.9032770028112671
26057,LOF,0.05765470853862141,0.017069579893430397,0.9252757115679483
26058,LOF,0.06074828336018384,0.014078208495961583,0.9251735081438545
26059,LOF,0.21760710083941412,0.038388305421418786,0.744004593739167
26060,LOF,0.019723154718946836,0.1700756968998768,0.8102011483811763
26061,LOF,0.01013588995267102,0.011807567305130665,0.9780565427421984
26062,LOF,0.0060449837337313555,0.01687100187676823,0.9770840143895004
26063,LOF,0.04288806495273478,0.0127452291524636,0.9443667058948017
26064,LOF,0.009387009487958732,0.028210598813850025,0.9624023916981911
26065,LOF,0.05368138130039528,0.015424708927835153,0.9308939097717697
26066,LOF,0.04171123322647902,0.012705335681617393,0.9455834310919036
26067,LOF,0.047140822950469084,0.013094782888145568,0.9397643941613852
26068,LOF,0.054555859586317604,0.05184323477506835,0.8936009056386142
26069,LOF,0.302518237962866,0.03358715791855734,0.6638946041185767
26070,Neutral,0.5724834949010799,0.0225018302588051,0.40501467484011505
26071,LOF,0.04515906599341143,0.013902446282892934,0.9409384877236957
26072,LOF,0.008075208821144176,0.02124334383979508,0.9706814473390608
26073,LOF,0.03717894785944055,0.014727973562170284,0.9480930785783891
26074,Neutral,0.8828976341702652,0.01148781423169247,0.10561455159804221
26075,LOF,0.057074986585664185,0.02442236442249785,0.918502648991838
26076,LOF,0.054202448745691266,0.013780050464929553,0.9320175007893792
26077,LOF,0.15099993193547348,0.007389735836423744,0.8416103322281028
26078,LOF,0.0067539275825086375,0.018856888879959188,0.9743891835375322
26079,LOF,0.06714589166600896,0.024202660127141576,0.9086514482068494
26080,LOF,0.06646755260596435,0.024385938313636977,0.9091465090803987
26081,LOF,0.037097836999481736,0.010946909771348538,0.9519552532291699
26082,LOF,0.00618133692546501,0.018642055854434476,0.9751766072201006
26083,LOF,0.10470593012818678,0.02578313729788888,0.8695109325739244
26084,LOF,0.1128006625551414,0.017433399325702686,0.8697659381191558
26085,LOF,0.09803095876069376,0.015167807585908476,0.8868012336533978
26086,LOF,0.04035507339381014,0.01414333368055966,0.9455015929256301
26087,LOF,0.03898326811520805,0.01243103438928668,0.9485856974955054
26088,LOF,0.007357591120541216,0.02618086261760157,0.9664615462618572
26089,LOF,0.0425990170900598,0.04200395834989633,0.9153970245600439
26090,LOF,0.04324535722187356,0.031216773657437063,0.9255378691206894
26091,LOF,0.0297070999053946,0.009462499557577875,0.9608304005370275
26092,LOF,0.047840409637031796,0.010053554070685,0.9421060362922832
26093,LOF,0.08563423188099778,0.007241190053931556,0.9071245780650707
26094,LOF,0.034495212006543145,0.009005623506355025,0.9564991644871017
26095,LOF,0.027472726938729028,0.019895372277869486,0.9526319007834015
26096,LOF,0.19173919412377835,0.006279437501639182,0.8019813683745823
26097,LOF,0.007222829794397371,0.03764169061320025,0.9551354795924024
26098,LOF,0.12716673036072226,0.021387390549439424,0.8514458790898384
26099,LOF,0.041006204124635376,0.021849038756067078,0.9371447571192976
26100,LOF,0.041006204124635376,0.021849038756067078,0.9371447571192976
26101,LOF,0.06349518329824054,0.034676535493968694,0.9018282812077907
26102,LOF,0.03417033864241628,0.019282222890463253,0.9465474384671205
26103,Neutral,0.8945898923613885,0.031196367828467454,0.074213739810144
26104,LOF,0.058964747615069736,0.04725680310922143,0.8937784492757089
26105,LOF,0.24919926936603884,0.13020519528419164,0.6205955353497696
26106,LOF,0.3356023550464112,0.0763751499888025,0.5880224949647863
26107,LOF,0.021041457362568648,0.08384484983793238,0.8951136927994989
26108,LOF,0.2313423774065677,0.0394343607587405,0.7292232618346918
26109,LOF,0.08437166384347379,0.03268012489540792,0.8829482112611183
26110,LOF,0.45177544528237457,0.01017147470784193,0.5380530800097836
26111,LOF,0.05603127654321935,0.1349940463672555,0.8089746770895252
26112,LOF,0.055332708207925366,0.010195605690840487,0.9344716861012341
26113,LOF,0.10408493384542117,0.024073842777455612,0.8718412233771233
26114,LOF,0.08483163311904314,0.012290793161936708,0.9028775737190201
26115,LOF,0.01947487934203832,0.054277586898501616,0.92624753375946
26116,LOF,0.07061927534517635,0.0243859536307414,0.9049947710240823
26117,LOF,0.34487800227087495,0.04368975576871006,0.611432241960415
26118,LOF,0.05149562299688016,0.02005695118901333,0.9284474258141066
26119,LOF,0.0061602324273767155,0.04777623082027449,0.9460635367523488
26120,LOF,0.03581283741515105,0.019204867843767088,0.9449822947410819
26121,LOF,0.0037583965471284907,0.13400137555598576,0.8622402278968857
