feature0,prediction,LoGoFunc_Neutral,LoGoFunc_GOF,LoGoFunc_LOF
25546,Neutral,0.6314015317313242,0.06822586095487002,0.30037260731380583
25547,Neutral,0.5288160412895306,0.1280067403369142,0.3431772183735551
25548,Neutral,0.48972177178872817,0.09217358393917333,0.41810464427209854
25549,Neutral,0.45659934322946344,0.0909776338009445,0.4524230229695921
25550,LOF,0.351580082809117,0.17669031606610008,0.4717296011247829
25551,LOF,0.291471747797471,0.16581772517382498,0.542710527028704
25552,LOF,0.17092247471498287,0.1791377436999146,0.6499397815851025
25553,Neutral,0.815355202457123,0.04507584066835836,0.13956895687451853
25554,LOF,0.21349388976424635,0.17614406392134155,0.610362046314412
25555,LOF,0.1672426888262019,0.1583163930526212,0.6744409181211769
25556,Neutral,0.5084511843593118,0.12522882984632638,0.3663199857943617
25557,LOF,0.1585849453976327,0.16409912260383033,0.6773159319985369
25558,LOF,0.20697618978367308,0.18967815122049955,0.6033456589958274
25559,Neutral,0.5652933623608754,0.05283979476655019,0.3818668428725745
25560,LOF,0.043055719453020676,0.32341449984935045,0.633529780697629
25561,LOF,0.07890527874666989,0.3875683206574862,0.5335264005958439
25562,LOF,0.10875136107012665,0.20389705817576884,0.6873515807541046
25563,LOF,0.11013813371192196,0.20462477123004208,0.6852370950580361
25564,LOF,0.05943013032030438,0.28637667666420913,0.6541931930154865
25565,LOF,0.13579206011924275,0.24117968296741202,0.6230282569133452
25566,GOF,0.015939740814414544,0.7496148932862825,0.2344453658993029
25567,LOF,0.012491019700818963,0.10501188929663481,0.8824970910025463
25568,LOF,0.043064782751127774,0.05793745601258659,0.8989977612362856
25569,LOF,0.05672432106202175,0.06148809896606783,0.8817875799719105
25570,LOF,0.060074645187054375,0.09098879062045136,0.8489365641924942
25571,LOF,0.06320706016883519,0.08684695957940541,0.8499459802517594
25572,LOF,0.05917032505581625,0.11985588514897093,0.8209737897952128
25573,LOF,0.026057710638153504,0.070034863174467,0.9039074261873795
25574,LOF,0.015108279175821042,0.11759778327742404,0.8672939375467549
25575,LOF,0.054013289778990864,0.08884852688829173,0.8571381833327173
25576,LOF,0.018182645427383314,0.08699471390410088,0.8948226406685159
25577,LOF,0.012093751805342483,0.1140963988702348,0.8738098493244227
25578,LOF,0.22694654355132657,0.07706073494824435,0.695992721500429
25579,LOF,0.22765384762283222,0.0764038165401866,0.6959423358369811
25580,LOF,0.03568195982864006,0.07536486629460198,0.8889531738767579
25581,LOF,0.04862658493743158,0.06226624431650635,0.889107170746062
25582,LOF,0.0483364147207715,0.05887605714633531,0.8927875281328933
25583,LOF,0.04167435126412991,0.08570577448000742,0.8726198742558626
25584,Neutral,0.487611669721096,0.06525993720966958,0.44712839306923435
25585,LOF,0.031202894435629396,0.08464749295370966,0.884149612610661
25586,LOF,0.03191890570033576,0.0641623071783955,0.9039187871212688
25587,LOF,0.03022852058223915,0.054208263633611566,0.9155632157841493
25588,LOF,0.02918414771567754,0.06853943584552383,0.9022764164387986
25589,Neutral,0.6270464725652842,0.0735769950519951,0.2993765323827207
25590,LOF,0.02467766922899102,0.10308038243924264,0.8722419483317663
25591,LOF,0.10675741148674016,0.047945483944852825,0.8452971045684069
25592,LOF,0.10014061548703374,0.10866631445690458,0.7911930700560617
25593,LOF,0.01398791186292275,0.20244539509007448,0.7835666930470028
25594,LOF,0.03397581349616292,0.18340043072156217,0.7826237557822748
25595,LOF,0.06133351631375772,0.1335275030855123,0.8051389806007301
25596,LOF,0.0862717952584257,0.09797003149184574,0.8157581732497285
25597,LOF,0.07523195166727832,0.046660445148253,0.8781076031844687
25598,LOF,0.04213096533477433,0.19575963765883705,0.7621093970063886
25599,GOF,0.00724497223591169,0.5788086481777744,0.413946379586314
25600,GOF,0.008602573780144696,0.5343181551950215,0.4570792710248338
25601,LOF,0.007301675092725965,0.34636632410387164,0.6463320008034024
25602,LOF,0.014986314947911266,0.06492227556046778,0.9200914094916208
25603,LOF,0.03803505996163645,0.024945283286247472,0.9370196567521161
25604,LOF,0.03571343337239234,0.05781823020465918,0.9064683364229484
25605,LOF,0.011628654155181209,0.16337314910201098,0.8249981967428077
25606,LOF,0.05789280909986689,0.4292209040234321,0.512886286876701
25607,LOF,0.0038075753532366948,0.12990280061719756,0.8662896240295658
25608,LOF,0.049134628756694346,0.05274058398619244,0.8981247872571131
25609,LOF,0.06743270984931718,0.27434654868373987,0.6582207414669429
25610,LOF,0.04682904225359802,0.04504744686526064,0.9081235108811413
25611,LOF,0.05853131000191034,0.03119032039285795,0.9102783696052318
25612,LOF,0.11475230838571926,0.07768048079103135,0.8075672108232493
25613,LOF,0.0947491111148515,0.06713824401550193,0.8381126448696465
25614,LOF,0.038773926387175514,0.06088882783764932,0.9003372457751753
25615,LOF,0.07966893140721419,0.07294251180546299,0.8473885567873227
25616,LOF,0.04012448227010526,0.07815183388718762,0.881723683842707
25617,LOF,0.048728270809239804,0.06879093669326966,0.8824807924974906
25618,LOF,0.2940610927749825,0.06632348487262105,0.6396154223523965
25619,LOF,0.043483183389398154,0.058890031746362106,0.8976267848642396
25620,LOF,0.03882592098568084,0.08159050299911652,0.8795835760152028
25621,LOF,0.043023075297321994,0.056896843462879966,0.9000800812397981
25622,LOF,0.03297444729111547,0.07894323890823321,0.8880823138006514
25623,LOF,0.05385671842612484,0.05142404950504844,0.8947192320688269
25624,LOF,0.0303559012536619,0.06825626584206357,0.9013878329042745
25625,LOF,0.04110932038576179,0.0806076642158169,0.8782830153984214
25626,LOF,0.07568755337346803,0.058020674425277134,0.8662917722012549
25627,Neutral,0.575666002225947,0.12762534334944045,0.29670865442461264
25628,LOF,0.20510536617080422,0.060152480773893714,0.7347421530553021
25629,LOF,0.07148490827684766,0.14428836471252268,0.7842267270106296
25630,LOF,0.16715782274381935,0.1029043340182983,0.7299378432378824
25631,Neutral,0.5951371275170492,0.0718099785828986,0.3330528939000522
25632,LOF,0.021071103785320407,0.06506021338467295,0.9138686828300067
25633,LOF,0.22636591649823923,0.08271940653388658,0.6909146769678742
25634,LOF,0.04031839871231168,0.07331952857553099,0.8863620727121574
25635,LOF,0.039451259382829215,0.06285813054288363,0.8976906100742871
25636,GOF,0.005423603425686935,0.6673422461266513,0.3272341504476618
25637,GOF,0.00407194474286,0.5992105785613778,0.39671747669576213
25638,GOF,0.007018172616570059,0.5545158890550768,0.4384659383283531
25639,GOF,0.0042014745348827156,0.5070801665903276,0.4887183588747897
25640,GOF,0.3411059028151124,0.6069511863121843,0.051942910872703245
25641,LOF,0.006136979452084353,0.2945792152615817,0.699283805286334
25642,LOF,0.2674198949134244,0.10791843631546999,0.6246616687711056
25643,LOF,0.23823196787075784,0.1924703469156867,0.5692976852135555
25644,GOF,0.015933950758156862,0.6781115372248168,0.30595451201702645
25645,GOF,0.012476390478528356,0.6039404736453914,0.3835831358760802
25646,LOF,0.012647580484288549,0.41284408877059436,0.574508330745117
25647,LOF,0.011237792333076868,0.30799411102712404,0.6807680966397992
25648,LOF,0.008022611268914443,0.42976158691820776,0.5622158018128778
25649,LOF,0.008527645762524936,0.23958514596628844,0.7518872082711866
25650,GOF,0.02874040260409524,0.5086452619909796,0.4626143354049252
25651,LOF,0.0066451103415690275,0.270373083829493,0.722981805828938
25652,LOF,0.012640965586204641,0.3779545148117471,0.6094045196020481
25653,GOF,0.054349637919438185,0.5405250730987138,0.4051252889818481
25654,LOF,0.008483724992510095,0.36040414250221686,0.631112132505273
25655,GOF,0.09168828685108471,0.5255739883366056,0.38273772481230955
25656,LOF,0.09398385743268818,0.17507307689879387,0.730943065668518
25657,LOF,0.28182093625621574,0.07353119410750605,0.6446478696362783
25658,LOF,0.03779234922348498,0.28475120525038333,0.6774564455261316
25659,LOF,0.23445881728345794,0.14507298822735692,0.6204681944891852
25660,LOF,0.09658084029236297,0.08681271247953462,0.8166064472281025
25661,LOF,0.07361813084969933,0.07354973638567315,0.8528321327646275
25662,LOF,0.04113807291349554,0.06390559768270307,0.8949563294038014
25663,LOF,0.04840454452857822,0.11890948259671254,0.8326859728747092
25664,LOF,0.030416308155482605,0.18852502333048174,0.7810586685140356
25665,LOF,0.04537340394763066,0.07645466327204732,0.878171932780322
25666,LOF,0.04060872434635265,0.20669282572282222,0.7526984499308252
25667,LOF,0.0416864770079939,0.05517744435745782,0.9031360786345483
25668,LOF,0.05328471169081961,0.06901501124069905,0.8777002770684814
25669,LOF,0.05422001580294076,0.09768332158911226,0.8480966626079469
25670,LOF,0.07936844873140136,0.12298171619793798,0.7976498350706607
25671,LOF,0.05194949608608961,0.05293091502514418,0.8951195888887662
25672,LOF,0.05034582944982892,0.08014579698830379,0.8695083735618672
25673,LOF,0.03826006152068077,0.08960750196426674,0.8721324365150526
25674,LOF,0.02629220273448336,0.11184238856208777,0.861865408703429
25675,LOF,0.03469103131189911,0.08496236325149228,0.8803466054366086
25676,LOF,0.03822060306267126,0.0709473852176769,0.8908320117196519
25677,LOF,0.09213543173826827,0.057599281709931255,0.8502652865518004
25678,LOF,0.17821306402763581,0.04722580519688104,0.774561130775483
25679,LOF,0.1315395805305395,0.054910943769731047,0.8135494756997295
25680,LOF,0.10530553753650569,0.09105705223492075,0.8036374102285735
25681,LOF,0.11975270598594896,0.08800636893941846,0.7922409250746325
25682,LOF,0.05175652041029306,0.05851175019770168,0.8897317293920054
25683,LOF,0.0850014196768584,0.08256550860795484,0.8324330717151868
25684,LOF,0.07160945097391626,0.06565046724240596,0.8627400817836778
25685,LOF,0.13245650055012043,0.05638348910073839,0.8111600103491411
25686,LOF,0.024703700688811857,0.10321556210554665,0.8720807372056414
25687,LOF,0.05377939498889678,0.11222178773100447,0.8339988172800987
25688,LOF,0.02099402810694286,0.06089943294980167,0.9181065389432556
25689,LOF,0.017824899414299107,0.02983605682823279,0.9523390437574681
25690,LOF,0.02074901077013607,0.036817589580018614,0.9424333996498453
25691,LOF,0.13462456582630947,0.06329976314553924,0.8020756710281512
25692,LOF,0.2834993363660625,0.011416622186508633,0.7050840414474289
25693,LOF,0.03164699855857843,0.26753261485574964,0.7008203865856719
25694,LOF,0.23756227817252815,0.011109982250510662,0.7513277395769612
25695,LOF,0.18200391889921924,0.02395277954309236,0.7940433015576883
25696,LOF,0.07626615075159464,0.02111389486720634,0.902619954381199
25697,LOF,0.07254772590696337,0.0419720487852844,0.8854802253077523
25698,LOF,0.016323064049792467,0.4300720277992878,0.5536049081509198
25699,LOF,0.0936731123911221,0.133325966061824,0.773000921547054
25700,LOF,0.038078518187979894,0.02120157112392502,0.9407199106880951
25701,LOF,0.013098071266920608,0.13148384351452636,0.855418085218553
25702,GOF,0.026901454887339353,0.7881376293148029,0.18496091579785784
25703,LOF,0.015597078602865527,0.3157495658509989,0.6686533555461355
25704,LOF,0.07319721811078113,0.19554471074526658,0.7312580711439522
25705,LOF,0.06398202387646605,0.1491580658331957,0.7868599102903382
25706,GOF,0.01785403843436205,0.6261480513803505,0.35599791018528754
25707,GOF,0.028659814278100593,0.4894782268472798,0.4818619588746195
25708,LOF,0.007386087648827689,0.4532906463474677,0.5393232660037046
25709,LOF,0.02930629518501942,0.0613474042078405,0.9093463006071401
25710,LOF,0.005781755812931561,0.1260048548194633,0.8682133893676052
25711,LOF,0.029591869402748296,0.11243039753677025,0.8579777330604814
25712,LOF,0.008233498327972943,0.182148360346427,0.8096181413256001
25713,LOF,0.02861322800964104,0.09703462764568187,0.874352144344677
25714,LOF,0.02451347359343812,0.143033810350008,0.8324527160565538
25715,LOF,0.03424854862159215,0.11651641714983058,0.8492350342285773
25716,LOF,0.006627990009053742,0.13281015878464522,0.860561851206301
25717,LOF,0.00647226011222267,0.11352227353101539,0.8800054663567619
25718,LOF,0.03374440292270037,0.07175899525804191,0.8944966018192577
25719,LOF,0.040732460016212946,0.09772316474933547,0.8615443752344515
25720,LOF,0.037940387597437696,0.10546805646899325,0.856591555933569
25721,LOF,0.030748383647677555,0.10569478744181618,0.8635568289105062
25722,LOF,0.018922628503533972,0.1286552251653972,0.8524221463310688
25723,LOF,0.03330267916669801,0.09765307913592054,0.8690442416973814
25724,LOF,0.047625619164521175,0.21125186107176316,0.7411225197637157
25725,LOF,0.03275889731156753,0.08473063467808635,0.8825104680103462
25726,LOF,0.020829348325551424,0.12448368340148955,0.8546869682729591
25727,LOF,0.028698561371382356,0.0893188008974142,0.8819826377312034
25728,LOF,0.03184998683649155,0.11074806967378481,0.8574019434897235
25729,LOF,0.02800306010679092,0.1283217543700968,0.8436751855231123
25730,LOF,0.03679796286647586,0.07417123769605087,0.8890307994374733
25731,LOF,0.010285436071462336,0.08172675554776243,0.9079878083807753
25732,LOF,0.021241126132649918,0.06524703786925559,0.9135118359980945
25733,LOF,0.0361930747296838,0.07597698974080173,0.8878299355295144
25734,LOF,0.006693280752267034,0.25112852119941254,0.7421781980483204
25735,LOF,0.026612811174832614,0.07937054981723901,0.8940166390079284
25736,LOF,0.02521754638382145,0.13756226909397265,0.8372201845222059
25737,LOF,0.03559897583092492,0.10015180856873546,0.8642492156003395
25738,LOF,0.0278400319966383,0.15155634943290044,0.8206036185704613
25739,LOF,0.028112811355790107,0.10397876503419728,0.8679084236100126
25740,LOF,0.039050021860681815,0.12297527016905169,0.8379747079702665
25741,LOF,0.044700612025034864,0.09742935282283789,0.8578700351521272
25742,LOF,0.054059107495065026,0.10828277945677472,0.8376581130481603
25743,LOF,0.011358048744233405,0.026217699994281893,0.9624242512614847
25744,LOF,0.21218644986193083,0.15458711188384314,0.633226438254226
25745,LOF,0.0437679113308483,0.05596389248123663,0.9002681961879151
25746,LOF,0.015426646821611741,0.09838058074840282,0.8861927724299854
25747,LOF,0.049278000346373654,0.035861384665588796,0.9148606149880375
25748,LOF,0.3062395625206921,0.0763305217797812,0.6174299156995267
25749,LOF,0.01655635341951683,0.051913596985383205,0.9315300495951
25750,LOF,0.02269242413457875,0.058194135687658445,0.9191134401777628
25751,LOF,0.04238997417906294,0.05558527419576195,0.902024751625175
25752,GOF,0.07229387998834273,0.706229906198171,0.22147621381348617
25753,LOF,0.006704972944305301,0.4684300222468115,0.5248650048088832
25754,GOF,0.008009112966837512,0.9058669784912508,0.08612390854191185
25755,LOF,0.0072944611462827874,0.44357317289640424,0.5491323659573129
25756,LOF,0.020306072864032323,0.47516497146326736,0.5045289556727004
25757,GOF,0.008260934511866517,0.8809214756272308,0.11081758986090279
25758,GOF,0.008308363987735799,0.9079061874582451,0.08378544855401908
25759,GOF,0.005701927553562419,0.6930838589999013,0.3012142134465364
25760,LOF,0.005388193685514467,0.3511061598635803,0.6435056464509052
25761,GOF,0.04383727832283353,0.8781641778304567,0.07799854384670984
25762,LOF,0.02251464909553666,0.4034680923469802,0.5740172585574831
25763,LOF,0.005532574910958262,0.3291279793289493,0.6653394457600924
25764,GOF,0.06286429532681494,0.7208686269999777,0.21626707767320752
25765,GOF,0.008421470104600455,0.8980148479929854,0.0935636819024143
25766,GOF,0.024726793279537945,0.8715964013130594,0.10367680540740262
25767,GOF,0.018853400276585344,0.505968096381194,0.4751785033422206
25768,LOF,0.0579325995917002,0.038278276341217034,0.9037891240670827
25769,LOF,0.024991144693358572,0.10235360487952286,0.8726552504271186
25770,LOF,0.13956767959786426,0.17306540510686502,0.6873669152952708
25771,LOF,0.01852647869372744,0.12692601553666713,0.8545475057696055
25772,LOF,0.030966917126610448,0.04903799230319091,0.9199950905701986
25773,LOF,0.013669400735600745,0.1227468777125899,0.8635837215518094
25774,LOF,0.02386693908835154,0.2803660806097516,0.6957669803018969
25775,LOF,0.018073888812324242,0.05972408896763069,0.922202022220045
25776,LOF,0.029868778700249947,0.029907054613824285,0.9402241666859257
25777,LOF,0.3024349280363567,0.16446702487460127,0.5330980470890421
25778,LOF,0.02679312311708597,0.11406044793751627,0.8591464289453978
25779,GOF,0.059998770281442515,0.875971475149475,0.06402975456908237
25780,GOF,0.06701857117477546,0.8763027732643658,0.05667865556085871
25781,GOF,0.030179980436018244,0.8368622995630626,0.1329577200009192
25782,GOF,0.039052147622415635,0.8919868481717754,0.06896100420580888
25783,GOF,0.03856452147476002,0.9062600161067074,0.05517546241853246
25784,GOF,0.11745478522406352,0.8296012387888649,0.052943975987071706
25785,GOF,0.13285944790705848,0.833994981458655,0.03314557063428634
25786,GOF,0.011772104470563023,0.8635198988773254,0.12470799665211164
25787,GOF,0.27300316107644657,0.6830864059811588,0.043910432942394766
25788,LOF,0.016993862133842373,0.22043112346533036,0.7625750144008273
25789,GOF,0.019991598372523102,0.8617698597202706,0.11823854190720641
25790,GOF,0.02784670909533038,0.8991706666271132,0.0729826242775564
25791,GOF,0.02769074441408457,0.7393582094708517,0.23295104611506356
25792,GOF,0.03461909947042817,0.7895614405986565,0.1758194599309153
25793,GOF,0.04725043858176264,0.809981059321879,0.14276850209635825
25794,GOF,0.05279171676166927,0.729711400691779,0.21749688254655178
25795,GOF,0.05549584047526794,0.7494061955681988,0.19509796395653345
25796,GOF,0.13838459117042934,0.7773142686434514,0.08430114018611926
25797,GOF,0.07178638399841683,0.7281049203167042,0.20010869568487907
25798,GOF,0.007358221784814341,0.8163187619707555,0.17632301624443023
25799,GOF,0.004758670510905558,0.710621239776952,0.28462008971214237
25800,GOF,0.025952849645279556,0.8528409061412223,0.12120624421349831
25801,GOF,0.02392895541931029,0.8876241404944445,0.08844690408624503
25802,GOF,0.028331293109225372,0.7918060803798123,0.17986262651096244
25803,GOF,0.020626458027226617,0.7406493947237733,0.2387241472490001
25804,GOF,0.03411785002110993,0.8025216032868391,0.16336054669205105
25805,GOF,0.030015825305370374,0.8380678789190594,0.13191629577557024
25806,GOF,0.039069827937794024,0.8411874602788739,0.11974271178333208
25807,GOF,0.015993821783281917,0.7996755328553802,0.18433064536133786
25808,GOF,0.026257960826850002,0.8072414125240929,0.16650062664905713
25809,GOF,0.015047272767630201,0.7634134327863452,0.22153929444602471
25810,GOF,0.012894233127471528,0.7470731629846797,0.24003260388784878
25811,GOF,0.07300752130487985,0.8566276563048729,0.0703648223902472
25812,GOF,0.033191518436037244,0.7873753574576109,0.17943312410635195
25813,GOF,0.18726532677071783,0.7368048500385089,0.07592982319077318
25814,GOF,0.03009669992883917,0.7785694320948596,0.19133386797630136
25815,GOF,0.05925401789165019,0.7969215448716606,0.1438244372366891
25816,GOF,0.010565242261436476,0.8650218459648208,0.12441291177374261
25817,GOF,0.11962593115798727,0.7510965113468486,0.12927755749516412
25818,GOF,0.029970495505349408,0.7895773769593291,0.18045212753532153
25819,GOF,0.05051162687448072,0.778437322879849,0.17105105024567016
25820,GOF,0.056322964773515054,0.7730785606175892,0.17059847460889588
25821,GOF,0.03853933045267317,0.814157073851201,0.14730359569612586
25822,GOF,0.05845359943696729,0.777628243970149,0.16391815659288364
25823,GOF,0.03164090129180027,0.7378535369959756,0.23050556171222408
25824,GOF,0.03278179312754691,0.8018829999658045,0.16533520690664863
25825,GOF,0.02415642002567796,0.8029043341660015,0.1729392458083206
25826,GOF,0.0136230012585184,0.7501384892427109,0.2362385094987706
25827,GOF,0.01745165612999884,0.7453127431544099,0.2372356007155913
25828,GOF,0.0115964601101376,0.7909542716579004,0.19744926823196193
25829,GOF,0.004861391200303744,0.6909092646284383,0.30422934417125796
25830,GOF,0.05295599478866409,0.5420272846221695,0.40501672058916643
25831,GOF,0.07366483525253227,0.8058988058844144,0.12043635886305332
25832,GOF,0.011983317709717308,0.7499298994193283,0.2380867828709544
25833,GOF,0.04061406345674701,0.8124237883599936,0.14696214818325934
25834,GOF,0.012237081034593597,0.765324554989956,0.2224383639754503
25835,GOF,0.02706153108030953,0.8421324903648094,0.13080597855488113
25836,GOF,0.008011936295823979,0.7655643748938465,0.2264236888103296
25837,GOF,0.01025286076168882,0.7814418554187138,0.20830528381959734
25838,GOF,0.02049918508120521,0.839674088116373,0.1398267268024218
25839,GOF,0.04826741450875484,0.8145486629490977,0.13718392254214745
25840,GOF,0.08781882241650292,0.7764003380162636,0.13578083956723358
25841,GOF,0.07715849756226126,0.8178982885594163,0.10494321387832248
25842,GOF,0.027350179286447666,0.8838766348018927,0.08877318591165947
25843,GOF,0.02518364198500762,0.8839917296075168,0.09082462840747563
25844,GOF,0.019899534581464394,0.8166099206681251,0.16349054475041044
25845,GOF,0.00737903199922081,0.7176258600639159,0.27499510793686327
25846,GOF,0.071757535615545,0.8332415219761113,0.09500094240834353
25847,GOF,0.017638453942379746,0.8760465193609442,0.10631502669667599
25848,GOF,0.023829303449102234,0.822310280599884,0.15386041595101377
25849,GOF,0.007826837446078793,0.788421845947293,0.20375131660662812
25850,GOF,0.00729593656391367,0.7276093158739094,0.26509474756217694
25851,GOF,0.006620540675041725,0.671836330956481,0.3215431283684772
25852,GOF,0.1333246069784993,0.5599564360465996,0.30671895697490115
25853,GOF,0.054505654402711295,0.8036278303459702,0.1418665152513184
25854,GOF,0.006847031402897049,0.7463146932279281,0.24683827536917485
25855,GOF,0.023201876043789343,0.6385444185094903,0.33825370544672034
25856,GOF,0.04394517090256751,0.7298219316909199,0.22623289740651276
25857,GOF,0.022923659831735603,0.6269368585771083,0.35013948159115604
25858,GOF,0.010309696560851823,0.6036210430839726,0.3860692603551756
25859,GOF,0.007338710733088367,0.5798611288288708,0.4128001604380408
25860,GOF,0.08781348081857059,0.7399981519814373,0.1721883671999921
25861,GOF,0.10033831013570561,0.8135522822036786,0.08610940766061582
25862,GOF,0.02360229096409009,0.9031911113103258,0.07320659772558401
25863,GOF,0.020248155181750684,0.8824586401647482,0.09729320465350125
25864,GOF,0.0382645246947202,0.8925036636085673,0.06923181169671258
25865,GOF,0.03891096043721008,0.8715419561350491,0.0895470834277407
25866,GOF,0.019172325724934422,0.875064855666104,0.10576281860896156
25867,GOF,0.04239904960957463,0.8711528207641407,0.08644812962628469
25868,GOF,0.06940501535871627,0.7893684442500729,0.14122654039121085
25869,GOF,0.3184400118210263,0.5935830327268659,0.08797695545210776
25870,GOF,0.06906614560527635,0.5980941850663842,0.33283966932833936
25871,GOF,0.009896903968824663,0.8286606957137088,0.16144240031746648
25872,GOF,0.021614914842118103,0.815633023159664,0.16275206199821782
25873,GOF,0.020640941478484966,0.8825504576946217,0.09680860082689331
25874,LOF,0.02314363731047006,0.20403942679436415,0.7728169358951659
25875,LOF,0.02324064644800023,0.11821721445178815,0.8585421391002117
25876,LOF,0.023304589043488436,0.05239777350237006,0.9242976374541414
25877,LOF,0.10627068436045706,0.1951472052580264,0.6985821103815165
25878,LOF,0.0715239166148722,0.27740871047578985,0.651067372909338
25879,LOF,0.010560324402174637,0.1737898801002755,0.8156497954975499
25880,LOF,0.04498038056176313,0.0201286286427227,0.9348909907955143
25881,Neutral,0.5013504398930322,0.15209405633530373,0.34655550377166405
25882,LOF,0.04494926475435581,0.03304757830366656,0.9220031569419777
25883,LOF,0.028327481127699197,0.02910546182378004,0.9425670570485207
25884,LOF,0.015713681691091975,0.04337517633337685,0.940911141975531
25885,LOF,0.14529113529840115,0.014552284323811374,0.8401565803777875
25886,LOF,0.2569929251278799,0.05642071991087467,0.6865863549612454
25887,LOF,0.06276220653783462,0.20066919685296167,0.7365685966092037
25888,LOF,0.0070733740087037325,0.21583268073236905,0.7770939452589273
25889,LOF,0.023526147284378417,0.04025368188804232,0.9362201708275794
25890,LOF,0.1952115590356549,0.0726212905428091,0.732167150421536
25891,LOF,0.10257942004293376,0.04219172280412173,0.8552288571529445
25892,LOF,0.008092382693926313,0.02680194282074098,0.9651056744853327
25893,LOF,0.2913712996010915,0.009742684242679255,0.6988860161562293
25894,LOF,0.32104646094247724,0.005837692588413667,0.673115846469109
25895,LOF,0.2665463009366278,0.012675246288641997,0.7207784527747302
25896,LOF,0.08460742156172724,0.03032453179794586,0.8850680466403269
25897,LOF,0.12014761694381235,0.012140808750958096,0.8677115743052295
25898,LOF,0.11146967478380382,0.02540096762763944,0.8631293575885568
25899,LOF,0.39727720204193534,0.03150839846917488,0.5712143994888899
25900,Neutral,0.6613206917437814,0.01085746736031473,0.3278218408959038
25901,LOF,0.05787414548851823,0.011659747330764362,0.9304661071807174
25902,LOF,0.06363304187288898,0.008652654615732433,0.9277143035113786
25903,LOF,0.157568134118628,0.026211085346420863,0.8162207805349511
25904,LOF,0.46610641033495837,0.05780669815710477,0.47608689150793687
25905,LOF,0.0069778207119309725,0.40061687312856775,0.5924053061595013
25906,LOF,0.008602310675638002,0.07832902538334854,0.9130686639410134
25907,LOF,0.008644316998179068,0.27493178444523014,0.7164238985565908
25908,LOF,0.007915278483647347,0.2463617197158846,0.7457230018004681
25909,LOF,0.03133428653336417,0.13835118471786387,0.830314528748772
25910,LOF,0.01690309085417631,0.10907245169847749,0.8740244574473462
25911,LOF,0.1859041422304515,0.026756341706142533,0.787339516063406
25912,LOF,0.13839977492309288,0.02264697159943017,0.838953253477477
25913,LOF,0.019920156105714036,0.024420178355523438,0.9556596655387625
25914,LOF,0.04534696785039007,0.039997836958202596,0.9146551951914074
25915,LOF,0.21155905411425313,0.3370686254125006,0.4513723204732462
25916,LOF,0.01322563209510579,0.19232817883954736,0.7944461890653469
25917,LOF,0.06673222063974275,0.05416485921751651,0.8791029201427408
25918,LOF,0.05350674261326269,0.026785056510282446,0.9197082008764548
25919,LOF,0.03952807631996877,0.02776446530395967,0.9327074583760716
25920,LOF,0.34550161661173545,0.219611489331633,0.4348868940566315
25921,LOF,0.020235126573342848,0.018102577735920663,0.9616622956907366
25922,LOF,0.02110069390731379,0.015828015530274166,0.9630712905624121
25923,LOF,0.44485300762673363,0.008888125016185052,0.5462588673570813
25924,LOF,0.02731068365939049,0.015556641106268533,0.957132675234341
25925,LOF,0.11914515005389022,0.01907318134204869,0.8617816686040611
25926,LOF,0.09683912943456838,0.013565116861657643,0.889595753703774
25927,LOF,0.02779030601166122,0.022889688455563075,0.9493200055327756
25928,LOF,0.015253630374711212,0.010075177260553696,0.9746711923647351
25929,Neutral,0.5766696895012702,0.008637940507169588,0.4146923699915602
25930,LOF,0.06356543248019961,0.009000929528230959,0.9274336379915693
25931,LOF,0.01656762561404016,0.009919830239122344,0.9735125441468374
25932,LOF,0.07796954500226937,0.008772101360572299,0.9132583536371583
25933,LOF,0.0927626938799226,0.006229604544545664,0.9010077015755318
25934,LOF,0.08851400737596914,0.006390180831864557,0.9050958117921662
25935,LOF,0.11310372863870553,0.01528571118768937,0.871610560173605
25936,LOF,0.10548128154256513,0.006334861083322326,0.8881838573741125
25937,LOF,0.016989675915410687,0.012031176490911852,0.9709791475936774
25938,LOF,0.11333884904234048,0.01408568554968571,0.8725754654079739
25939,LOF,0.06616005338934702,0.010572192974286994,0.9232677536363659
25940,LOF,0.010093968316666506,0.44716183034919965,0.5427442013341338
25941,Neutral,0.48586816841080166,0.028893597639028677,0.48523823395016963
25942,LOF,0.013287013968941316,0.034233660278949404,0.9524793257521094
25943,LOF,0.05583922714667533,0.11075834749710319,0.8334024253562214
25944,LOF,0.05650775868033706,0.08050176981497091,0.8629904715046921
25945,LOF,0.1837877897262295,0.022888078772250863,0.7933241315015197
25946,LOF,0.08188493565764214,0.06629792395860423,0.8518171403837537
25947,Neutral,0.4890222771550271,0.18690533059875564,0.3240723922462173
25948,Neutral,0.5553588715072019,0.02060497353215252,0.4240361549606457
25949,LOF,0.12268958494267075,0.05309331652831022,0.824217098529019
25950,GOF,0.07587135620584114,0.6843334603706737,0.2397951834234851
25951,GOF,0.012235262239918717,0.5431893530205931,0.44457538473948816
25952,LOF,0.13162196952426855,0.32775102159930036,0.5406270088764311
25953,LOF,0.006421893033521074,0.36724104471166624,0.6263370622548127
25954,GOF,0.0524573055900107,0.5216654923463991,0.42587720206359025
25955,LOF,0.007219040046309206,0.37190930552696355,0.6208716544267273
25956,LOF,0.008863383319037852,0.4601189785550876,0.5310176381258744
25957,LOF,0.19294903020164747,0.06924957606377205,0.7378013937345805
25958,LOF,0.025008273584038367,0.06723278741543334,0.9077589390005283
25959,GOF,0.006317619912923371,0.7472142668109734,0.2464681132761032
25960,LOF,0.005227088162426297,0.1163259667372678,0.878446945100306
25961,LOF,0.02440965245745218,0.061247374155366435,0.9143429733871813
25962,LOF,0.038491991619204594,0.10316666775351989,0.8583413406272755
25963,LOF,0.010254319547913407,0.14518582601738708,0.8445598544346995
25964,LOF,0.04773903091353751,0.08926488620012603,0.8629960828863366
25965,LOF,0.1670992390123168,0.18380931413262275,0.6490914468550604
25966,LOF,0.3639408884457677,0.14140297054580378,0.4946561410084285
25967,LOF,0.007819435839056454,0.09819661181532498,0.8939839523456184
25968,LOF,0.06014599692267403,0.21632556628407087,0.723528436793255
25969,LOF,0.13211665120298924,0.047105622225305295,0.8207777265717056
25970,LOF,0.05059654390991179,0.05951265852300204,0.8898907975670861
25971,LOF,0.0688665525314922,0.027196375596155464,0.9039370718723524
25972,LOF,0.07764346762755345,0.028828540650979412,0.8935279917214671
25973,LOF,0.07433231150033495,0.009496092013924779,0.9161715964857402
25974,LOF,0.06140604875593072,0.03110846444215061,0.9074854868019187
25975,LOF,0.029512514555847042,0.010882697507859248,0.9596047879362938
25976,LOF,0.08418890025484166,0.011124903832911263,0.9046861959122471
25977,LOF,0.22702644763840568,0.052036704944287984,0.7209368474173063
25978,LOF,0.18141924272379642,0.12291585944327026,0.6956648978329333
25979,LOF,0.12917001314631243,0.12667968884544342,0.7441502980082442
25980,LOF,0.20796569104908047,0.23387869739192835,0.5581556115589912
25981,LOF,0.20964644967122206,0.238732356942943,0.5516211933858349
25982,LOF,0.30563859642197555,0.12166402829237502,0.5726973752856495
25983,Neutral,0.48486965984957564,0.10892130840890307,0.40620903174152123
25984,LOF,0.06426200404685817,0.05663477802281239,0.8791032179303294
25985,Neutral,0.48903055541949453,0.11113530435551627,0.3998341402249893
25986,LOF,0.012051811414337308,0.3745424311608357,0.6134057574248271
25987,LOF,0.032434919091039835,0.07877127677845305,0.8887938041305071
25988,LOF,0.047110153739680416,0.09345500643355878,0.8594348398267607
25989,LOF,0.045894112450865644,0.11440744037506793,0.8396984471740663
25990,LOF,0.04799046422649044,0.20610568930673442,0.7459038464667751
25991,GOF,0.020819716989400168,0.6119039902055622,0.3672762928050377
25992,LOF,0.011229843415963291,0.4765984090105212,0.5121717475735155
25993,LOF,0.019180233756673278,0.08732219363116663,0.8934975726121601
25994,LOF,0.02508337347952356,0.09844159664687509,0.8764750298736013
25995,LOF,0.01644957085168964,0.1716152530176131,0.8119351761306972
25996,GOF,0.3221631188123587,0.5097827101546254,0.16805417103301584
25997,GOF,0.056111379244683006,0.6657443359103776,0.27814428484493936
25998,LOF,0.24562493567978136,0.03017297165384738,0.7242020926663713
25999,LOF,0.023967367043075036,0.32884900247718296,0.647183630479742
26000,LOF,0.16945319854765592,0.011470561128199167,0.8190762403241449
26001,LOF,0.15789755152564247,0.016109246658947005,0.8259932018154106
26002,LOF,0.10598341887616572,0.013566671293553476,0.8804499098302808
26003,GOF,0.007094859161208029,0.5557257458716026,0.4371793949671893
26004,GOF,0.016425713328111408,0.5688750703246083,0.4146992163472803
26005,LOF,0.00555078552925607,0.4844659914738799,0.509983222996864
26006,GOF,0.08346709462487249,0.4834278993923459,0.43310500598278157
26007,GOF,0.009505336139924667,0.5371590247871367,0.4533356390729387
26008,GOF,0.006935381877016856,0.5943583487513637,0.3987062693716195
26009,GOF,0.011634229541579342,0.5998059403170971,0.3885598301413236
26010,GOF,0.010663363171843663,0.5053084170424723,0.48402821978568394
26011,LOF,0.006095384912937069,0.3980359206959432,0.5958686943911197
26012,GOF,0.0057290934884745804,0.517026372307058,0.47724453420446744
26013,LOF,0.01089318158603992,0.44791113039963437,0.5411956880143257
26014,LOF,0.047889464698544396,0.06917567821761912,0.8829348570838365
26015,LOF,0.4007125794740762,0.03289124007344707,0.5663961804524767
26016,LOF,0.26492349849912206,0.05761868236799588,0.677457819132882
26017,LOF,0.016103415350913183,0.1893417512904988,0.794554833358588
26018,LOF,0.01984871129536457,0.11676360346200693,0.8633876852426285
26019,LOF,0.0200297889901858,0.09582600970671881,0.8841442013030955
26020,LOF,0.00707509502643202,0.16805987010570161,0.8248650348678663
26021,LOF,0.08115289896562013,0.09064136015075218,0.8282057408836276
26022,LOF,0.0449632615174046,0.036621330882201035,0.9184154076003943
26023,LOF,0.03083119702343428,0.07779593761943604,0.8913728653571298
26024,LOF,0.050781879702562455,0.06522487047444721,0.8839932498229904
26025,LOF,0.1373510443199637,0.08538930784257391,0.7772596478374624
26026,LOF,0.10978739167725608,0.05835944629468657,0.8318531620280574
26027,LOF,0.02943314383535617,0.04890147310067099,0.9216653830639729
26028,LOF,0.08171492840405616,0.21135211293533476,0.7069329586606091
26029,LOF,0.03696524547011014,0.13237425981670367,0.8306604947131863
26030,LOF,0.13067491463433364,0.01502733737616529,0.854297747989501
26031,LOF,0.016286682322121885,0.13236687403890876,0.8513464436389694
26032,LOF,0.02600847818309599,0.026057847800976603,0.9479336740159274
26033,LOF,0.045821695095581094,0.053644822105825635,0.9005334827985934
26034,LOF,0.022540980998059245,0.08416461083346724,0.8932944081684735
26035,LOF,0.013450061801359567,0.09978519589116762,0.8867647423074728
26036,LOF,0.012284291533880463,0.08248778105490309,0.9052279274112165
26037,LOF,0.01221441920845737,0.08595820499833,0.9018273757932127
26038,LOF,0.023410094827708536,0.024770160430675203,0.9518197447416162
26039,LOF,0.03296440221459833,0.11785257329906923,0.8491830244863324
26040,LOF,0.07168206770311561,0.15425438484990067,0.7740635474469837
26041,LOF,0.014669096794942686,0.09315457218216759,0.8921763310228897
26042,LOF,0.013558124126329282,0.09611661417723581,0.8903252616964348
26043,LOF,0.02291150313450684,0.0470900337875353,0.9299984630779577
26044,LOF,0.008124656479743211,0.0403727150812333,0.9515026284390236
26045,LOF,0.08749165202756966,0.19242137813471613,0.7200869698377143
26046,LOF,0.023399822063130318,0.04590423320987515,0.9306959447269946
26047,LOF,0.06593260408592655,0.040668488793642404,0.8933989071204311
26048,LOF,0.08117260312625701,0.019186488819604375,0.8996409080541387
26049,Neutral,0.9354194108639808,0.005206095490123016,0.05937449364589617
26050,Neutral,0.892351690040744,0.006568384595963397,0.10107992536329273
26051,LOF,0.024267736516011253,0.32578067985807097,0.6499515836259179
26052,LOF,0.028630048482752427,0.23201370981491448,0.7393562417023332
26053,LOF,0.027022906998247474,0.16611879696326362,0.8068582960384889
26054,LOF,0.05097672579407018,0.07502656140344931,0.8739967128024805
26055,LOF,0.06499342896958532,0.07497519680980713,0.8600313742206076
26056,LOF,0.061571006145559326,0.07930775262267564,0.859121241231765
26057,LOF,0.044447835350804654,0.01962510832672373,0.9359270563224715
26058,LOF,0.048891435109254026,0.016211293726650127,0.9348972711640957
26059,LOF,0.23497743292924095,0.09646168356976093,0.6685608835009981
26060,LOF,0.02035092801720312,0.2060793427678095,0.7735697292149873
26061,LOF,0.014664106429764656,0.013016096562996614,0.9723197970072387
26062,LOF,0.006553622814359912,0.025902036065389617,0.9675443411202505
26063,LOF,0.042243404992245756,0.01573655378137046,0.9420200412263838
26064,LOF,0.009085420715424184,0.016930577103095288,0.9739840021814804
26065,LOF,0.04809228038373508,0.021670576313081665,0.9302371433031834
26066,LOF,0.04111331670217357,0.014045470329017278,0.9448412129688092
26067,LOF,0.044626865118938555,0.01566472997029033,0.9397084049107711
26068,LOF,0.050493034936093285,0.05628411222864744,0.8932228528352594
26069,LOF,0.17169943093027185,0.045979406575545216,0.7823211624941829
26070,LOF,0.4040232001840404,0.026783028065270317,0.5691937717506892
26071,LOF,0.048349283985124426,0.020610797982937763,0.9310399180319379
26072,LOF,0.00898945778299372,0.02220987925887762,0.9688006629581287
26073,LOF,0.04909810432570358,0.015260183009528016,0.9356417126647684
26074,Neutral,0.6400696377588659,0.0212000240627882,0.33873033817834575
26075,LOF,0.04030311839289087,0.03984918978305614,0.919847691824053
26076,LOF,0.04558497792275329,0.02198420844777001,0.9324308136294767
26077,LOF,0.1784711210504411,0.019857554039502102,0.8016713249100569
26078,LOF,0.0073354198855385,0.031228102816464837,0.9614364772979967
26079,LOF,0.056219272747839624,0.042242192736321967,0.9015385345158383
26080,LOF,0.054938010647423645,0.04231922829317533,0.902742761059401
26081,LOF,0.05139648160183717,0.01855696100330439,0.9300465573948583
26082,LOF,0.0073583603934230845,0.028036212780427366,0.9646054268261497
26083,LOF,0.0571072439546503,0.03268524197239139,0.9102075140729583
26084,LOF,0.07232417092288124,0.021253285802682546,0.9064225432744362
26085,LOF,0.06468012007328185,0.018213140530659297,0.9171067393960589
26086,LOF,0.04200940439106172,0.022745851561486095,0.9352447440474522
26087,LOF,0.04406045441759501,0.017608356555863968,0.938331189026541
26088,LOF,0.00787666589148159,0.037727419230329295,0.954395914878189
26089,LOF,0.036349892956375515,0.06004587515707452,0.90360423188655
26090,LOF,0.03632781499056113,0.050407014699332606,0.9132651703101061
26091,LOF,0.03418067582708216,0.016052662895029237,0.9497666612778887
26092,LOF,0.04513536552978747,0.014402433828666128,0.9404622006415464
26093,LOF,0.06971182772147103,0.009260500201048842,0.9210276720774802
26094,LOF,0.042858542606867396,0.012818569463667795,0.9443228879294648
26095,LOF,0.013927786073086992,0.029906218113146824,0.9561659958137663
26096,LOF,0.2907966929729725,0.0058170977824420185,0.7033862092445854
26097,LOF,0.007630383605813019,0.05668248115906414,0.9356871352351229
26098,LOF,0.055683820056993856,0.042456720115832625,0.9018594598271734
26099,LOF,0.04773253099360634,0.04237212536457011,0.9098953436418237
26100,LOF,0.04773253099360634,0.04237212536457011,0.9098953436418237
26101,LOF,0.04863191823964801,0.04977740723677806,0.9015906745235739
26102,LOF,0.04353265233631125,0.022983400062438764,0.9334839476012501
26103,Neutral,0.8790840983427659,0.0490135447002966,0.07190235695693754
26104,LOF,0.04584051679347532,0.10986569997936062,0.8442937832271641
26105,LOF,0.24959296508956985,0.05733695474431261,0.6930700801661176
26106,LOF,0.30279750600023003,0.035933349189395,0.661269144810375
26107,LOF,0.017308389308481824,0.050013993051934866,0.9326776176395833
26108,LOF,0.1678368659982415,0.059753158510669306,0.7724099754910893
26109,LOF,0.05060664101843162,0.03861955693052962,0.9107738020510389
26110,Neutral,0.5397874899161565,0.02404492904238198,0.4361675810414614
26111,LOF,0.05696913289175609,0.1730493100702346,0.7699815570380092
26112,LOF,0.07628218603213129,0.01657347096032348,0.9071443430075453
26113,LOF,0.07018845967863228,0.03369457114633074,0.896116969175037
26114,LOF,0.10860739023319649,0.011392270772724759,0.8800003389940787
26115,LOF,0.02241854716752881,0.06800609583572849,0.9095753569967427
26116,LOF,0.06736207334842456,0.01880747684652695,0.9138304498050486
26117,LOF,0.32705332957867556,0.07268102102425865,0.6002656493970657
26118,LOF,0.033424468720227085,0.024385797607907832,0.9421897336718651
26119,LOF,0.005535410197102142,0.09101890074819602,0.9034456890547018
26120,LOF,0.02730104676298996,0.018312742597999376,0.9543862106390106
26121,LOF,0.003939157609930657,0.11562539297054532,0.880435449419524
