feature0,prediction,LoGoFunc_Neutral,LoGoFunc_GOF,LoGoFunc_LOF
25546,Neutral,0.7412393140251925,0.029849030446543735,0.22891165552826379
25547,Neutral,0.5912145737974235,0.06395544759973651,0.34482997860284004
25548,Neutral,0.604642323374663,0.04560275468458357,0.3497549219407534
25549,Neutral,0.5189094771627951,0.0456113049025737,0.4354792179346312
25550,LOF,0.3447256315667536,0.08374310164965483,0.5715312667835917
25551,LOF,0.28743188926882696,0.09770656377908492,0.6148615469520882
25552,LOF,0.21698016485810961,0.09133453825456075,0.6916852968873295
25553,Neutral,0.8316718234874777,0.023175266924955234,0.14515290958756702
25554,LOF,0.24639334650659042,0.08664978878302039,0.6669568647103892
25555,LOF,0.20381039289383368,0.0739168439284435,0.7222727631777228
25556,LOF,0.4010867682112505,0.07520320865007361,0.523710023138676
25557,LOF,0.19823832598453286,0.08031816405320713,0.7214435099622599
25558,LOF,0.2364932583143022,0.0880729743573843,0.6754337673283135
25559,LOF,0.3724528635532986,0.1721480821592959,0.45539905428740546
25560,LOF,0.05546175461757171,0.12416021333554905,0.8203780320468793
25561,LOF,0.13238934723421927,0.12143102662035533,0.7461796261454253
25562,LOF,0.10327376598857384,0.059803871953968614,0.8369223620574575
25563,LOF,0.11207457684328062,0.07590354358258589,0.8120218795741334
25564,LOF,0.24994139640367857,0.11455205890513848,0.6355065446911828
25565,LOF,0.14544269031731696,0.1095628470879998,0.7449944625946833
25566,GOF,0.01729440102906363,0.798043033055655,0.18466256591528138
25567,LOF,0.01500269662247038,0.1640555375813985,0.8209417657961311
25568,LOF,0.04892639178623423,0.06099975013285764,0.8900738580809082
25569,LOF,0.061775528609194184,0.05945013819357016,0.8787743331972357
25570,LOF,0.06000545640793271,0.09334190648303882,0.8466526371090285
25571,LOF,0.05370797737038807,0.08502540844646711,0.8612666141831449
25572,LOF,0.06594636347187947,0.1134059849434475,0.820647651584673
25573,LOF,0.039163168705128,0.09129951073212346,0.8695373205627486
25574,LOF,0.021980970671421494,0.14016891238821017,0.8378501169403684
25575,LOF,0.04452542630535579,0.10543793561591287,0.8500366380787313
25576,LOF,0.01759490646517731,0.12431303499502448,0.8580920585397982
25577,LOF,0.016143144017398196,0.11992062449496765,0.8639362314876341
25578,LOF,0.2533630280779929,0.07815521552943575,0.6684817563925713
25579,LOF,0.25364591096433825,0.0775656093739487,0.6687884796617131
25580,LOF,0.03212231982314777,0.07600236882960043,0.8918753113472518
25581,LOF,0.05445195628652418,0.06109927224161607,0.8844487714718599
25582,LOF,0.05427327187343691,0.06007986602604503,0.885646862100518
25583,LOF,0.04058310631764843,0.08250407305320187,0.8769128206291497
25584,Neutral,0.4980777995025492,0.0929202035783887,0.409001996919062
25585,LOF,0.024674032877805382,0.11133075690942638,0.8639952102127683
25586,LOF,0.028934986724120444,0.06561794647447154,0.905447066801408
25587,LOF,0.02970698283330537,0.06250126367655105,0.9077917534901436
25588,LOF,0.03254892599019588,0.0778242375908894,0.8896268364189147
25589,Neutral,0.6001145480256177,0.11880720809397423,0.28107824388040814
25590,LOF,0.03394444401666152,0.11948029287844561,0.846575263104893
25591,LOF,0.11813358001266426,0.052070641964728194,0.8297957780226075
25592,LOF,0.09792805451566447,0.12028300476826026,0.7817889407160752
25593,LOF,0.029019659024579966,0.26006238193617703,0.710917959039243
25594,LOF,0.042982601131760854,0.1992534484551275,0.7577639504131116
25595,LOF,0.0506202556017318,0.14263475459705008,0.8067449898012182
25596,LOF,0.05966116074441512,0.10134056437471918,0.8389982748808658
25597,LOF,0.04406272213112401,0.09521538591900502,0.860721891949871
25598,LOF,0.047882762069624676,0.1368445468731438,0.8152726910572315
25599,GOF,0.007818983538742056,0.68065565703365,0.31152535942760773
25600,GOF,0.018316032289300642,0.605346694962381,0.3763372727483184
25601,LOF,0.00686652626733307,0.44483327001747963,0.5483002037151874
25602,LOF,0.025365756697744487,0.04716722298828231,0.9274670203139733
25603,LOF,0.05676209500617635,0.029870857379321457,0.9133670476145023
25604,LOF,0.038367074249585714,0.04085136026595987,0.9207815654844544
25605,LOF,0.013104328140681942,0.19415428059604195,0.792741391263276
25606,LOF,0.10871897909933352,0.3994645015566999,0.4918165193439666
25607,LOF,0.007221013138809731,0.19400116110611268,0.7987778257550776
25608,LOF,0.05064485992637936,0.06335560151306147,0.8859995385605591
25609,LOF,0.044029003084238794,0.4622110139283398,0.4937599829874214
25610,LOF,0.03416586438512671,0.02667317955338255,0.9391609560614907
25611,LOF,0.04022457847505243,0.025301806877193616,0.9344736146477539
25612,LOF,0.09421485575985264,0.04148282851481841,0.864302315725329
25613,LOF,0.08004533375697867,0.04266875769010119,0.8772859085529202
25614,LOF,0.028342261772653532,0.03392402939596931,0.9377337088313771
25615,LOF,0.051821025724522185,0.04069862621538502,0.9074803480600927
25616,LOF,0.025883376175779543,0.03335682820948164,0.9407597956147388
25617,LOF,0.02620280669739445,0.03699808647375174,0.9367991068288539
25618,LOF,0.14702746014833964,0.03050694554653282,0.8224655943051276
25619,LOF,0.029763493787497524,0.032757023529096575,0.9374794826834059
25620,LOF,0.031353207351044236,0.04020551946972652,0.9284412731792293
25621,LOF,0.028845506198527066,0.03261358340550267,0.9385409103959703
25622,LOF,0.032244230671520366,0.03789071326912037,0.9298650560593592
25623,LOF,0.050842031732090155,0.03697661209104408,0.9121813561768658
25624,LOF,0.02652623729205923,0.04072101934530338,0.9327527433626375
25625,LOF,0.034922803785295504,0.04679034676238403,0.9182868494523204
25626,LOF,0.08041371551250713,0.03670088365313464,0.8828854008343582
25627,Neutral,0.5245963310256045,0.13630995191708456,0.33909371705731095
25628,LOF,0.18951240093069163,0.05570226665645199,0.7547853324128564
25629,LOF,0.06277527464743664,0.06672161270519503,0.8705031126473683
25630,LOF,0.1562149041841935,0.09186864709720005,0.7519164487186065
25631,Neutral,0.5857295006281372,0.06142417483722072,0.3528463245346421
25632,LOF,0.016210996814351532,0.09851605587420853,0.8852729473114399
25633,LOF,0.19958511881347507,0.072822102596032,0.727592778590493
25634,LOF,0.03460845243661242,0.10093145769020295,0.8644600898731846
25635,LOF,0.03756862481621857,0.08503798206909516,0.8773933931146862
25636,GOF,0.004007230788213426,0.6815836733201713,0.31440909589161525
25637,GOF,0.004884460193273479,0.7077286918985622,0.28738684790816427
25638,LOF,0.00892987899771511,0.4379492075350509,0.553120913467234
25639,GOF,0.004278381632184036,0.5503569450783391,0.44536467328947676
25640,Neutral,0.482058222265036,0.4553638426241675,0.06257793511079643
25641,LOF,0.010357780225078531,0.34316347119445934,0.6464787485804621
25642,LOF,0.2812381665311379,0.06692103822811667,0.6518407952407453
25643,LOF,0.2588015636840346,0.12712516050945633,0.6140732758065091
25644,GOF,0.01604185279888251,0.5611905760892036,0.42276757111191393
25645,LOF,0.012328412501788925,0.4883064833530787,0.49936510414513235
25646,LOF,0.019624626677675536,0.3571788016572071,0.6231965716651173
25647,LOF,0.017067866463170874,0.2969833643412118,0.6859487691956173
25648,LOF,0.014484497027496173,0.33344471544735843,0.6520707875251454
25649,LOF,0.011465329972919177,0.23964025709164624,0.7488944129354346
25650,GOF,0.027782632832358514,0.4923313771944205,0.479885989973221
25651,LOF,0.009371133405222512,0.3080972948531584,0.682531571741619
25652,LOF,0.014293490640406931,0.2718536292268146,0.7138528801327785
25653,LOF,0.06648581687187644,0.37041123282542604,0.5631029503026975
25654,LOF,0.0175999043396877,0.16201832133944044,0.8203817743208719
25655,LOF,0.0737005776596639,0.4362272078016112,0.4900722145387249
25656,LOF,0.08481511947175746,0.07356459480263766,0.8416202857256049
25657,LOF,0.2692816162546261,0.03473142617141056,0.6959869575739634
25658,LOF,0.03776962355013093,0.09250932746464247,0.8697210489852265
25659,LOF,0.29940498483318595,0.06374063747478853,0.6368543776920256
25660,LOF,0.07179862644010765,0.08693541087537925,0.8412659626845131
25661,LOF,0.04759062885950563,0.06667226487748099,0.8857371062630134
25662,LOF,0.0271849172722912,0.042185114412277146,0.9306299683154317
25663,LOF,0.03648226845156299,0.0638808552113139,0.8996368763371231
25664,LOF,0.038271286815989625,0.08144789476793975,0.8802808184160706
25665,LOF,0.056999839538038756,0.0440160741588465,0.8989840863031147
25666,LOF,0.03563678215779924,0.12840639039125062,0.8359568274509502
25667,LOF,0.02921064170526947,0.046802042268637226,0.9239873160260933
25668,LOF,0.031817789648282316,0.05315167786469736,0.9150305324870204
25669,LOF,0.03835293593506788,0.08270454214959828,0.8789425219153337
25670,LOF,0.07836237761855347,0.08506320663531365,0.8365744157461328
25671,LOF,0.03984061076920035,0.040402131848436176,0.9197572573823635
25672,LOF,0.0592755975573381,0.06374567509317464,0.8769787273494872
25673,LOF,0.04191217706720096,0.06584726654667597,0.892240556386123
25674,LOF,0.037533040301919535,0.06985103703602513,0.8926159226620554
25675,LOF,0.046209402326021026,0.05781313613395934,0.8959774615400197
25676,LOF,0.033168478878778024,0.05129781609405316,0.9155337050271688
25677,LOF,0.05843919548892883,0.06043858688456963,0.8811222176265016
25678,LOF,0.2641274550583905,0.03515446914361025,0.7007180757979993
25679,LOF,0.1890159735470221,0.06757756448217424,0.7434064619708037
25680,LOF,0.06518391007460964,0.09153031274874929,0.8432857771766411
25681,LOF,0.11432656952625338,0.08341682623322161,0.802256604240525
25682,LOF,0.04275235620416474,0.07778183989402988,0.8794658039018054
25683,LOF,0.0881274894396891,0.10192837994706645,0.8099441306132444
25684,LOF,0.05302394797145347,0.07287238888929466,0.8741036631392518
25685,LOF,0.08990543741125345,0.0566826351045433,0.8534119274842031
25686,LOF,0.0320785290503033,0.09907987454831635,0.8688415964013804
25687,LOF,0.05446742458356867,0.07576265097257845,0.8697699244438528
25688,LOF,0.02055512357956919,0.08352807256595238,0.8959168038544784
25689,LOF,0.014970032231804582,0.07833180937011733,0.9066981583980782
25690,LOF,0.019114023589134697,0.0884937682320536,0.8923922081788117
25691,LOF,0.16404648493459972,0.1233329219044361,0.7126205931609642
25692,LOF,0.2677061093344112,0.012836648907209286,0.7194572417583796
25693,LOF,0.05237167779222598,0.14581098061841813,0.8018173415893558
25694,LOF,0.2522503315940157,0.011848591817736568,0.7359010765882477
25695,LOF,0.17309599290758693,0.017802515313077465,0.8091014917793355
25696,LOF,0.17623804023767722,0.009663466495472556,0.8140984932668504
25697,LOF,0.13744180042954127,0.021324226582085586,0.8412339729883732
25698,LOF,0.024673022607643463,0.3889186091864841,0.5864083682058725
25699,LOF,0.04830513314145912,0.06370937356018029,0.8879854932983606
25700,LOF,0.03357558936866949,0.010002512999609667,0.9564218976317209
25701,LOF,0.01086975618272028,0.07377449389877026,0.9153557499185095
25702,GOF,0.030807594315535272,0.7403114868920162,0.2288809187924486
25703,LOF,0.01969486252764374,0.20161107519199428,0.7786940622803619
25704,LOF,0.08150700119828598,0.1558261556712321,0.7626668431304819
25705,LOF,0.06727927145666446,0.2405488859562044,0.6921718425871312
25706,GOF,0.0548530244400043,0.6634515038772464,0.2816954716827493
25707,GOF,0.024779587958613545,0.5764413222508789,0.3987790897905076
25708,GOF,0.007119469096020984,0.5159658760626076,0.47691465484137135
25709,LOF,0.01989562705922757,0.061980827110998914,0.9181235458297736
25710,LOF,0.008844100899231797,0.18200842026745037,0.809147478833318
25711,LOF,0.021662049687156123,0.12445321139997452,0.8538847389128694
25712,LOF,0.009600798620432506,0.2475803714209802,0.7428188299585873
25713,LOF,0.019836798015066555,0.10804872785996822,0.8721144741249652
25714,LOF,0.02056579548128243,0.15002992443202728,0.8294042800866904
25715,LOF,0.01910275249512025,0.1277315402382333,0.8531657072666464
25716,LOF,0.01195435593085997,0.16529753143408848,0.8227481126350514
25717,LOF,0.005565558240001827,0.15925190689915328,0.8351825348608449
25718,LOF,0.018197770786260656,0.08407022215795017,0.8977320070557891
25719,LOF,0.03913377135285155,0.08635163071727044,0.8745145979298781
25720,LOF,0.025029344438079425,0.08764789074310882,0.8873227648188118
25721,LOF,0.023615200056272767,0.09536925927154681,0.8810155406721804
25722,LOF,0.01704545755203005,0.131012647150606,0.851941895297364
25723,LOF,0.023416431359466045,0.0693198917839613,0.9072636768565726
25724,LOF,0.03237411453803303,0.1221874575481537,0.8454384279138133
25725,LOF,0.021856441517354497,0.06917498021127715,0.9089685782713685
25726,LOF,0.017389232189231323,0.09569331441549633,0.8869174533952723
25727,LOF,0.02177290745698475,0.08434888173843964,0.8938782108045755
25728,LOF,0.01965956193681849,0.10254875386977294,0.8777916841934086
25729,LOF,0.02028219180467046,0.103885105352147,0.8758327028431826
25730,LOF,0.02105651338174815,0.08163260279046702,0.8973108838277849
25731,LOF,0.009821575982408876,0.19085850179988592,0.7993199222177052
25732,LOF,0.018170968449803503,0.08848199981239496,0.8933470317378015
25733,LOF,0.03116779704725205,0.0893935733526338,0.8794386296001142
25734,LOF,0.006589490037221007,0.241416517479577,0.7519939924832021
25735,LOF,0.02250022030469738,0.07472524338541471,0.9027745363098879
25736,LOF,0.021752223333259955,0.11619672308617295,0.862051053580567
25737,LOF,0.042357597784426354,0.09651041941737223,0.8611319827982015
25738,LOF,0.020679024951147443,0.15292116652684143,0.8263998085220111
25739,LOF,0.022688826209779196,0.1449411041679937,0.832370069622227
25740,LOF,0.05525375694955239,0.14404529486455475,0.8007009481858928
25741,LOF,0.0279462521914072,0.11733208549257024,0.8547216623160224
25742,LOF,0.041109821359065005,0.133866708284669,0.8250234703562659
25743,LOF,0.012687068283761592,0.0409313590959272,0.9463815726203112
25744,LOF,0.2028986905832699,0.3949031388900469,0.4021981705266832
25745,LOF,0.02567196416382227,0.07025628571658922,0.9040717501195886
25746,LOF,0.014473698623451808,0.08697395317797776,0.8985523481985704
25747,LOF,0.029102284775546692,0.033813916924829275,0.9370837982996241
25748,LOF,0.25704212367308304,0.05649015311571243,0.6864677232112045
25749,LOF,0.01643817908486148,0.05615868861189825,0.9274031323032403
25750,LOF,0.01650470468893213,0.09147346901222853,0.8920218262988393
25751,LOF,0.04074976108164319,0.0673853094323953,0.8918649294859615
25752,GOF,0.0956436274180723,0.6665098812203927,0.23784649136153507
25753,LOF,0.0071635441170442415,0.3830797021196872,0.6097567537632687
25754,GOF,0.006402784027651264,0.8497116173460111,0.14388559862633762
25755,LOF,0.00932913243285255,0.45196251867972076,0.5387083488874267
25756,LOF,0.047592657013747736,0.44616029730401624,0.506247045682236
25757,GOF,0.006898112400136637,0.8627222289420491,0.1303796586578144
25758,GOF,0.008692451474532709,0.8713965596166952,0.11991098890877215
25759,GOF,0.005200942040684946,0.5732926332124062,0.4215064247469088
25760,LOF,0.007557054548766161,0.30548022672821273,0.6869627187230212
25761,GOF,0.05658008588543894,0.8613383967934592,0.08208151732110185
25762,LOF,0.028051607300390618,0.38199658155885,0.5899518111407593
25763,LOF,0.008516661445612079,0.26978659736034244,0.7216967411940455
25764,GOF,0.06212437228345811,0.6163576420548043,0.32151798566173756
25765,GOF,0.008746136228455076,0.8531158289045899,0.138138034866955
25766,GOF,0.059611571135423744,0.83828147726939,0.10210695159518625
25767,GOF,0.01068515215826559,0.5465833872676967,0.44273146057403767
25768,LOF,0.0356106899030016,0.07153173610875084,0.8928575739882476
25769,LOF,0.022684318529815478,0.08432298641980307,0.8929926950503814
25770,LOF,0.17753631650818472,0.07093737959571261,0.7515263038961026
25771,LOF,0.013398407577635415,0.08524652417487823,0.9013550682474863
25772,LOF,0.02380286907138194,0.030239850217550525,0.9459572807110674
25773,LOF,0.01417565775077296,0.08484282446989261,0.9009815177793343
25774,LOF,0.029081067302192242,0.09602229385256598,0.8748966388452418
25775,LOF,0.02061881497848202,0.04542814784994274,0.9339530371715752
25776,LOF,0.02660353443269516,0.028271735284453682,0.9451247302828512
25777,LOF,0.2365563949532925,0.0767076708123841,0.6867359342343233
25778,LOF,0.020882026575940866,0.05684128216678817,0.9222766912572709
25779,GOF,0.031244651215581398,0.9049359914202446,0.063819357364174
25780,GOF,0.0676071215828995,0.8869228297089538,0.04547004870814682
25781,GOF,0.02926350653277623,0.886915499995654,0.08382099347156982
25782,GOF,0.025803190449165323,0.913942179742594,0.060254629808240756
25783,GOF,0.017385264449749884,0.815140768224837,0.1674739673254131
25784,GOF,0.0850503102376318,0.8815088624531103,0.03344082730925786
25785,GOF,0.06153943766809455,0.9004754894999718,0.037985072831933586
25786,GOF,0.007041953679763465,0.8615341902608394,0.13142385605939697
25787,GOF,0.14761244454269873,0.8187031692684773,0.03368438618882402
25788,LOF,0.016529119421744037,0.21478178949365168,0.7686890910846044
25789,GOF,0.015683110388794365,0.869499809213839,0.11481708039736659
25790,GOF,0.016890110674650332,0.8831703953394772,0.09993949398587246
25791,GOF,0.01423220254911052,0.8441237791647599,0.14164401828612957
25792,GOF,0.01768466596428099,0.8531517762500266,0.12916355778569252
25793,GOF,0.05455042617697443,0.8514241320974342,0.0940254417255913
25794,GOF,0.042880103545312576,0.7689280000374987,0.18819189641718875
25795,GOF,0.05604682722622564,0.7946957869207111,0.14925738585306333
25796,GOF,0.07072071710180938,0.8450734809700958,0.08420580192809471
25797,GOF,0.03987417984037321,0.7216025202680015,0.23852329989162518
25798,GOF,0.003485450903481448,0.6835271697779661,0.3129873793185526
25799,GOF,0.0032645108935353447,0.5908688832519222,0.4058666058545425
25800,GOF,0.015283283883226324,0.784864548725364,0.19985216739140954
25801,GOF,0.013875448985209947,0.8993874590063698,0.08673709200842
25802,GOF,0.02245084186888077,0.8421323470182631,0.13541681111285614
25803,GOF,0.013925683961347511,0.7585314740844078,0.22754284195424468
25804,GOF,0.015902838759147518,0.6730888084748842,0.31100835276596844
25805,GOF,0.026703437379271933,0.7732118711625853,0.2000846914581428
25806,GOF,0.022809020722986944,0.8165841727611924,0.16060680651582052
25807,GOF,0.005521415544703216,0.7819722550207467,0.21250632943455003
25808,GOF,0.01781110438014176,0.8001484177493317,0.18204047787052657
25809,GOF,0.007967340365569963,0.7792616111962086,0.21277104843822145
25810,GOF,0.006732629116554178,0.7808651074979392,0.21240226338550672
25811,GOF,0.04305132230677735,0.8905777728711223,0.0663709048221004
25812,GOF,0.021131585837497333,0.7747810106937785,0.20408740346872425
25813,GOF,0.102201713757926,0.8075734808036877,0.0902248054383863
25814,GOF,0.023490025050690894,0.8154188573287856,0.16109111762052344
25815,GOF,0.04829609266262967,0.8408043353829581,0.1108995719544124
25816,GOF,0.007882689509096912,0.8781627500212749,0.11395456046962826
25817,GOF,0.08788505068675209,0.8225399966844009,0.08957495262884697
25818,GOF,0.020133022361604993,0.8303649647407441,0.14950201289765108
25819,GOF,0.05222945241160666,0.7958876673279308,0.1518828802604626
25820,GOF,0.025187920231396883,0.793424628119682,0.18138745164892126
25821,GOF,0.017770380717718706,0.7941026075542021,0.1881270117280792
25822,GOF,0.034505334008842814,0.799609740103311,0.16588492588784617
25823,GOF,0.01729086879716876,0.7045365713014728,0.27817255990135836
25824,GOF,0.019470340967917336,0.7805808685315795,0.19994879050050315
25825,GOF,0.015934735249280386,0.7780347858463602,0.20603047890435958
25826,GOF,0.006387146701973619,0.7570273571454985,0.23658549615252786
25827,GOF,0.00849594289728527,0.7359032301610203,0.2556008269416944
25828,GOF,0.006823923124396736,0.7166354411761285,0.27654063569947457
25829,GOF,0.003243486571240899,0.7379006492185346,0.25885586421022455
25830,GOF,0.037912620027859986,0.5334438952902973,0.4286434846818426
25831,GOF,0.07462794596692109,0.8184342152142737,0.10693783881880524
25832,GOF,0.008422440154791851,0.8128334333068992,0.17874412653830887
25833,GOF,0.030716796783192685,0.860437195434734,0.10884600778207322
25834,GOF,0.007889257246909035,0.830437767965845,0.1616729747872459
25835,GOF,0.01781481163148626,0.8774887680338487,0.10469642033466496
25836,GOF,0.006481139703202304,0.8285583891239803,0.16496047117281745
25837,GOF,0.005898606971922656,0.7385306462678001,0.2555707467602773
25838,GOF,0.019530817598998572,0.8749558388220593,0.10551334357894215
25839,GOF,0.032144872175327126,0.8707956368965091,0.09705949092816385
25840,GOF,0.06165205624737178,0.8541728325719944,0.08417511118063396
25841,GOF,0.060716509670691095,0.8634863594213393,0.07579713090796959
25842,GOF,0.021978019663808947,0.9054288168336427,0.07259316350254841
25843,GOF,0.022707733210708944,0.9063337845991242,0.07095848219016675
25844,GOF,0.011263404800618779,0.8518584128232375,0.13687818237614366
25845,GOF,0.004540609844834755,0.6813682775426907,0.3140911126124746
25846,GOF,0.06660203707639718,0.8488195164240127,0.08457844649959016
25847,GOF,0.013942624138134555,0.9112736512343856,0.07478372462747987
25848,GOF,0.0146751808163311,0.8661390772207009,0.11918574196296791
25849,GOF,0.005491930734177128,0.791752361358239,0.20275570790758396
25850,GOF,0.0055406505197319765,0.8028443628032081,0.1916149866770599
25851,GOF,0.0049320290226115004,0.6955832027594314,0.2994847682179571
25852,GOF,0.13477831711793084,0.5878340472894565,0.2773876355926127
25853,GOF,0.07523175864960761,0.840116855301183,0.0846513860492095
25854,GOF,0.004386515411730303,0.7126489395974641,0.28296454499080553
25855,GOF,0.01377445919126793,0.6661289504153034,0.3200965903934287
25856,GOF,0.029096767156694143,0.8013722338238706,0.16953099901943522
25857,GOF,0.016639767473426045,0.6878650752813855,0.2954951572451884
25858,GOF,0.00684185600810469,0.6729330277568094,0.32022511623508576
25859,GOF,0.00585216913974425,0.6692800802444809,0.3248677506157749
25860,GOF,0.09180539558243751,0.8258336694550564,0.08236093496250615
25861,GOF,0.06473883855917098,0.8418678110221326,0.09339335041869645
25862,GOF,0.01648070823122957,0.8901191855218735,0.09340010624689693
25863,GOF,0.017108420222744163,0.8879979840937232,0.09489359568353245
25864,GOF,0.03829150298081235,0.8858445415617479,0.07586395545743986
25865,GOF,0.02834484541499873,0.8615261941307435,0.11012896045425784
25866,GOF,0.01818600370449227,0.8770801347388114,0.10473386155669637
25867,GOF,0.02762119905127162,0.8892173560910324,0.08316144485769593
25868,GOF,0.04307588851701144,0.848990453416082,0.10793365806690634
25869,GOF,0.29924619386836115,0.6301184185388439,0.07063538759279504
25870,GOF,0.06562048903982587,0.7176608974272743,0.21671861353289973
25871,GOF,0.006948986656175754,0.8916008201115184,0.10145019323230582
25872,GOF,0.017942210423230406,0.8832969179091648,0.09876087166760478
25873,GOF,0.01761226043273631,0.9067350746738224,0.07565266489344126
25874,LOF,0.01697179994819446,0.2484679799728093,0.7345602200789962
25875,LOF,0.04864414431499141,0.04823016013170429,0.9031256955533042
25876,LOF,0.017203980466643277,0.037350195889018487,0.9454458236443383
25877,LOF,0.12627264808288524,0.08173221331154078,0.7919951386055739
25878,LOF,0.07058930377078251,0.12216954298010063,0.8072411532491169
25879,LOF,0.024244411108953087,0.09100313905824539,0.8847524498328014
25880,LOF,0.06029781976876714,0.012745209950052436,0.9269569702811804
25881,Neutral,0.5277567204225324,0.07307760209719316,0.3991656774802745
25882,LOF,0.09023556178404579,0.025387807086114794,0.8843766311298394
25883,LOF,0.026971497217250544,0.02876976336600347,0.9442587394167461
25884,LOF,0.024083982635246044,0.05347376852930407,0.9224422488354499
25885,LOF,0.21884399068366037,0.011441623114891395,0.7697143862014482
25886,LOF,0.2736183889246325,0.05366175465839929,0.6727198564169682
25887,LOF,0.16184232798327547,0.07309816985003352,0.7650595021666909
25888,LOF,0.012184040549113262,0.14707810944225844,0.8407378500086282
25889,LOF,0.030637789912924287,0.03839643237271783,0.930965777714358
25890,LOF,0.15955918611052688,0.10827933346309843,0.7321614804263746
25891,LOF,0.09802108474484435,0.027165774304312558,0.8748131409508432
25892,LOF,0.009962986974426366,0.036802408148532084,0.9532346048770416
25893,LOF,0.3498153850566297,0.010061421292627491,0.6401231936507428
25894,LOF,0.3897236252664829,0.005453584655947223,0.6048227900775699
25895,LOF,0.33953625074527644,0.013108427836084999,0.6473553214186386
25896,LOF,0.06712791458876649,0.021454428200380474,0.9114176572108529
25897,LOF,0.18459362387415307,0.008486007643622326,0.8069203684822246
25898,LOF,0.158837270247581,0.029419118964657192,0.8117436107877618
25899,LOF,0.43266414719177626,0.01941371090218108,0.5479221419060426
25900,LOF,0.48602703020912574,0.009592954787562948,0.5043800150033114
25901,LOF,0.056077728072774044,0.00981520087421796,0.9341070710530079
25902,LOF,0.19877713329565017,0.008817082157113352,0.7924057845472365
25903,LOF,0.36046533165087014,0.023615564145390747,0.6159191042037391
25904,Neutral,0.4856768062756342,0.031284438781815166,0.4830387549425507
25905,LOF,0.006096961207740249,0.46256249755419876,0.5313405412380611
25906,LOF,0.009225440889191779,0.11218575196715688,0.8785888071436513
25907,LOF,0.005716895017662406,0.33647659115419487,0.6578065138281428
25908,LOF,0.005430085014402153,0.2706821841717818,0.7238877308138161
25909,LOF,0.023344642893096915,0.1735832954201146,0.8030720616867885
25910,LOF,0.013192247077835544,0.14099278170322466,0.8458149712189398
25911,LOF,0.23606991319817736,0.054086927975498036,0.7098431588263246
25912,LOF,0.07359043892609184,0.05888243018914639,0.8675271308847617
25913,LOF,0.022545239956446167,0.084365531704087,0.8930892283394669
25914,LOF,0.038102970467253264,0.039861654247929236,0.9220353752848176
25915,LOF,0.20907915661159795,0.17514752350860657,0.6157733198797954
25916,LOF,0.03432125656519734,0.1126450343944293,0.8530337090403733
25917,LOF,0.07169018240684137,0.036490642873006546,0.8918191747201522
25918,LOF,0.0394982225893043,0.02651215853842174,0.933989618872274
25919,LOF,0.0360200409819009,0.02490959790201134,0.9390703611160877
25920,LOF,0.24152979099394273,0.22582448573054398,0.5326457232755133
25921,LOF,0.015463254772238224,0.044990342419600086,0.9395464028081618
25922,LOF,0.01863367377496095,0.03943144793521089,0.9419348782898281
25923,LOF,0.4226783183913993,0.03829653072851077,0.53902515088009
25924,LOF,0.020726978403819575,0.06741909767741144,0.9118539239187691
25925,LOF,0.07761262659905804,0.05291292040229438,0.8694744529986476
25926,LOF,0.0634955702923276,0.04904386879201453,0.8874605609156578
25927,LOF,0.02185779489023803,0.07568315593508666,0.9024590491746753
25928,LOF,0.010144442564895155,0.05992408396301941,0.9299314734720854
25929,Neutral,0.5520399515595873,0.03614876111781676,0.41181128732259603
25930,LOF,0.08257143649715754,0.038244385130729835,0.8791841783721125
25931,LOF,0.014055005308708731,0.04354254324487827,0.942402451446413
25932,LOF,0.06776068178550208,0.03757452815353903,0.8946647900609588
25933,LOF,0.05963335277415747,0.024253457114279613,0.916113190111563
25934,LOF,0.058717884539585444,0.0217963236716093,0.9194857917888053
25935,LOF,0.0726024945927099,0.06683277516724571,0.8605647302400444
25936,LOF,0.10119031566645899,0.024733644270883964,0.874076040062657
25937,LOF,0.020140652305299548,0.046781367425900625,0.9330779802687997
25938,LOF,0.07249204252146176,0.05713917869944553,0.8703687787790928
25939,LOF,0.04255093762524053,0.029945744308643836,0.9275033180661156
25940,LOF,0.008990660487820759,0.374300684378505,0.6167086551336742
25941,Neutral,0.5299134314009188,0.05517502822806867,0.41491154037101247
25942,LOF,0.00922354821188048,0.06143919466581275,0.9293372571223069
25943,LOF,0.04756834041016012,0.2068298932939522,0.7456017662958877
25944,LOF,0.04143195393651341,0.09007528385281502,0.8684927622106715
25945,LOF,0.12089161508276715,0.027674781403789532,0.8514336035134433
25946,LOF,0.07223636698898821,0.03729015250509901,0.8904734805059127
25947,LOF,0.40823471206153816,0.1106251405761491,0.4811401473623127
25948,LOF,0.42754546161125295,0.01969867254687255,0.5527558658418745
25949,LOF,0.13487350076349958,0.07758062976185834,0.7875458694746422
25950,GOF,0.07532407374741253,0.5825727721781061,0.3421031540744814
25951,LOF,0.011444026197250828,0.40127994383930515,0.5872760299634441
25952,LOF,0.2932012512394184,0.2603896781005853,0.44640907065999624
25953,LOF,0.009052569505260488,0.17420089560144605,0.8167465348932935
25954,LOF,0.08009947496459065,0.4393319406359724,0.480568584399437
25955,LOF,0.005959029075027269,0.17785209086082415,0.8161888800641486
25956,LOF,0.018447700272403715,0.23631441464426214,0.7452378850833341
25957,LOF,0.18848328812942944,0.03152478669610834,0.7799919251744623
25958,LOF,0.032285147115641885,0.06285267796513658,0.9048621749192216
25959,GOF,0.011884334433792004,0.7111378718490534,0.2769777937171546
25960,LOF,0.0062301852264605405,0.09603485445787788,0.8977349603156615
25961,LOF,0.03010402623729941,0.0532982803602808,0.9165976934024198
25962,LOF,0.04609326073109829,0.05997531123916742,0.8939314280297342
25963,LOF,0.006059098072293506,0.18025397317140368,0.8136869287563029
25964,LOF,0.028067432638479897,0.12239308742180952,0.8495394799397106
25965,LOF,0.26918368413099336,0.10820228552862209,0.6226140303403845
25966,LOF,0.41503119405441163,0.13775753253595663,0.44721127340963174
25967,LOF,0.008505166417780829,0.0848962588889984,0.9065985746932209
25968,LOF,0.0436670584799538,0.2641229535169804,0.6922099880030657
25969,LOF,0.16769463608571272,0.05419798553032725,0.77810737838396
25970,LOF,0.037322353084280224,0.1097227489581368,0.8529548979575831
25971,LOF,0.07671675579797398,0.03535293744603352,0.8879303067559926
25972,LOF,0.05927174356917719,0.0628443922306398,0.877883864200183
25973,LOF,0.060746027938086124,0.008205885280103041,0.9310480867818108
25974,LOF,0.05058145878116908,0.04047520187792312,0.9089433393409079
25975,LOF,0.041730114616137744,0.017617612304319328,0.9406522730795429
25976,LOF,0.09885191877202125,0.009658807870772411,0.8914892733572064
25977,LOF,0.20401127947539718,0.07314216855720716,0.7228465519673957
25978,LOF,0.19879350164403875,0.11026385416086822,0.6909426441950931
25979,LOF,0.1641367008272212,0.12517269912933143,0.7106906000434474
25980,LOF,0.262347384022214,0.1749695319342098,0.5626830840435763
25981,LOF,0.26440576122215154,0.17693921450426073,0.5586550242735878
25982,Neutral,0.482648949180212,0.08531547464244207,0.4320355761773459
25983,Neutral,0.4725878228045178,0.11179212110238615,0.41562005609309616
25984,LOF,0.03960903334404601,0.10790239269139587,0.852488573964558
25985,LOF,0.3776335181272778,0.14866260869249057,0.4737038731802317
25986,LOF,0.009637848694887449,0.4199984510212598,0.5703637002838526
25987,LOF,0.04866939887020267,0.10333556525196572,0.8479950358778315
25988,LOF,0.037375272439123516,0.1670056316488308,0.7956190959120456
25989,LOF,0.03617770159385667,0.21861669601629974,0.7452056023898436
25990,LOF,0.03966548986093952,0.308512256163867,0.6518222539751934
25991,LOF,0.020703752659326658,0.42147185434245843,0.5578243929982148
25992,LOF,0.02127164972306372,0.4193285190412672,0.559399831235669
25993,LOF,0.028927099719281733,0.0640991288218013,0.906973771458917
25994,LOF,0.025115962842596533,0.06297453610576735,0.911909501051636
25995,LOF,0.02245102264189745,0.11588355125018765,0.861665426107915
25996,Neutral,0.35405467325122575,0.3251169988439581,0.32082832790481625
25997,LOF,0.05710343277656385,0.38775484988991504,0.5551417173335211
25998,LOF,0.27391727007568206,0.04570008647981383,0.6803826434445042
25999,LOF,0.028225091257756133,0.1780962903109313,0.7936786184313126
26000,LOF,0.1789344491855762,0.025512144155445216,0.7955534066589786
26001,LOF,0.3074885820462419,0.037321592041854965,0.655189825911903
26002,LOF,0.12705515629808095,0.04071015623422707,0.8322346874676919
26003,GOF,0.006849225455276245,0.6290250653620524,0.36412570918267134
26004,GOF,0.011389410705665246,0.6959489964509443,0.2926615928433905
26005,LOF,0.00469692877404973,0.4795980929494954,0.5157049782764549
26006,GOF,0.1576616528863881,0.5217165882163814,0.3206217588972305
26007,GOF,0.009044034193892601,0.5326431619035752,0.4583128039025321
26008,GOF,0.006183950789130733,0.5993716763550386,0.39444437285583067
26009,GOF,0.009490795576729593,0.6451003657066203,0.3454088387166502
26010,GOF,0.008797093938017394,0.6148953419383141,0.3763075641236684
26011,LOF,0.0038783247303740497,0.4342187910108574,0.5619028842587686
26012,GOF,0.004459388946156654,0.5155072728232629,0.4800333382305804
26013,GOF,0.011195108091913809,0.5707091882141822,0.4180957036939042
26014,LOF,0.060692543651743,0.11244670839770074,0.8268607479505562
26015,LOF,0.35944803004677495,0.03765664458332697,0.6028953253698981
26016,LOF,0.300234539842526,0.06121497008025086,0.6385504900772232
26017,LOF,0.017184520823811927,0.2688033927500461,0.714012086426142
26018,LOF,0.02434196363618037,0.08163862053912316,0.8940194158246966
26019,LOF,0.024044263820865625,0.07161233423297175,0.9043434019461627
26020,LOF,0.007929101086617416,0.2624890182829803,0.7295818806304022
26021,LOF,0.10000675947443165,0.10594164021837889,0.7940516003071895
26022,LOF,0.03640329871811964,0.04486141631190567,0.9187352849699747
26023,LOF,0.025563772142027635,0.056339251552707845,0.9180969763052644
26024,LOF,0.05809252111110181,0.08707069196583492,0.8548367869230633
26025,LOF,0.07017363437977994,0.11383079620338812,0.8159955694168318
26026,LOF,0.10844569376361944,0.09180203046393158,0.799752275772449
26027,LOF,0.02550415076776981,0.03936654862886344,0.9351293006033667
26028,LOF,0.11133856270087668,0.14648416339140186,0.7421772739077214
26029,LOF,0.0271747193793923,0.217647068127582,0.7551782124930257
26030,LOF,0.14966955617535282,0.025843663585308208,0.824486780239339
26031,LOF,0.010481981193861052,0.16675500286481812,0.8227630159413208
26032,LOF,0.04666828332651883,0.05467294869877678,0.8986587679747045
26033,LOF,0.06561324741542278,0.04955995630079307,0.8848267962837841
26034,LOF,0.013330721160000423,0.17446470248324675,0.8122045763567528
26035,LOF,0.014150427563925295,0.11425702134441279,0.871592551091662
26036,LOF,0.01388609044752485,0.13103159408771298,0.8550823154647621
26037,LOF,0.010482657784380461,0.11336600814836623,0.8761513340672533
26038,LOF,0.03910797314984112,0.048409574075698465,0.9124824527744603
26039,LOF,0.03008286009761263,0.15137524772433664,0.8185418921780507
26040,LOF,0.10132660520572598,0.12826915378096,0.770404241013314
26041,LOF,0.013961369212103697,0.09126275358005348,0.8947758772078428
26042,LOF,0.01291533979211323,0.10729300238148556,0.8797916578264012
26043,LOF,0.038639148917136816,0.06680756137811457,0.8945532897047487
26044,LOF,0.010568134923739392,0.05466126715357233,0.9347705979226881
26045,LOF,0.09567844232602231,0.1173662066816606,0.7869553509923172
26046,LOF,0.03430413522497204,0.05116979358555173,0.9145260711894762
26047,LOF,0.06292314344099893,0.05133969780879837,0.8857371587502028
26048,LOF,0.061020634164414576,0.029880418802100718,0.9090989470334848
26049,Neutral,0.9448063622822734,0.00858194661292076,0.04661169110480589
26050,Neutral,0.9204283162727241,0.009131637403946496,0.07044004632332938
26051,LOF,0.020347051307946663,0.10052831590076883,0.8791246327912845
26052,LOF,0.033813182327953585,0.11115708622002722,0.8550297314520192
26053,LOF,0.028606119503489142,0.1645791779326441,0.8068147025638668
26054,LOF,0.045768317395805946,0.034055470168945626,0.9201762124352484
26055,LOF,0.06910857625143878,0.031956119953098626,0.8989353037954626
26056,LOF,0.056787261008612706,0.040120178859427154,0.9030925601319602
26057,LOF,0.05574782333778669,0.018329263584181816,0.9259229130780314
26058,LOF,0.05858690740762408,0.015256633232047566,0.9261564593603283
26059,LOF,0.21479167849593392,0.03708784742156036,0.7481204740825057
26060,LOF,0.01804792685609748,0.19718368364202646,0.7847683895018761
26061,LOF,0.011163168630510473,0.011828206898842916,0.9770086244706466
26062,LOF,0.006090054634313007,0.020652848326522727,0.9732570970391642
26063,LOF,0.037156882802993445,0.013543146650954803,0.9492999705460518
26064,LOF,0.009454255685921597,0.0360721069383395,0.9544736373757389
26065,LOF,0.045417814964759246,0.01591167749223748,0.9386705075430033
26066,LOF,0.044926710481208096,0.012694123752053105,0.9423791657667387
26067,LOF,0.05010008808461677,0.012375828777346864,0.9375240831380364
26068,LOF,0.0525457684863141,0.05251130968094748,0.8949429218327385
26069,LOF,0.3001091648768461,0.03404304231540024,0.6658477928077536
26070,Neutral,0.5881420804813513,0.025553847063283845,0.38630407245536486
26071,LOF,0.04216966525285239,0.01454289361905804,0.9432874411280895
26072,LOF,0.010087125164673142,0.022991479643731733,0.9669213951915951
26073,LOF,0.0376516327740516,0.016092534865861235,0.9462558323600871
26074,Neutral,0.889384570412171,0.010891792735249456,0.09972363685257961
26075,LOF,0.055527431379855025,0.024547370829392116,0.919925197790753
26076,LOF,0.05169665964797602,0.014489576927679724,0.9338137634243443
26077,LOF,0.1429790235036894,0.00834203075863638,0.8486789457376742
26078,LOF,0.007701617947541695,0.01780797679982289,0.9744904052526354
26079,LOF,0.06253934850325077,0.02511217009742484,0.9123484813993245
26080,LOF,0.061856997956898245,0.025113223086503877,0.9130297789565979
26081,LOF,0.03219227542982574,0.011374542326391903,0.9564331822437825
26082,LOF,0.0065535435393529445,0.020030153624654247,0.9734163028359929
26083,LOF,0.11114750101885275,0.025932150762196342,0.8629203482189509
26084,LOF,0.11136240192548033,0.01849568018316393,0.8701419178913558
26085,LOF,0.10066924803345219,0.01575566209047533,0.8835750898760725
26086,LOF,0.03671774857339522,0.015474658352478493,0.9478075930741263
26087,LOF,0.03752972665878163,0.012438582639910852,0.9500316907013076
26088,LOF,0.007613544890429119,0.0231362570801407,0.9692501980294301
26089,LOF,0.04167773647708317,0.039970777798731524,0.9183514857241853
26090,LOF,0.04219604676733154,0.03039374048577807,0.9274102127468905
26091,LOF,0.03077946648721831,0.009475721699666819,0.9597448118131149
26092,LOF,0.0411086383050194,0.010240422047880008,0.9486509396471007
26093,LOF,0.07920302272628757,0.007394480480546847,0.9134024967931657
26094,LOF,0.03608461759566479,0.008693821017873913,0.9552215613864613
26095,LOF,0.030663772869929235,0.019792931161128135,0.9495432959689426
26096,LOF,0.1816595509285,0.006070288731500502,0.8122701603399994
26097,LOF,0.007623762038731007,0.036588900425504126,0.955787337535765
26098,LOF,0.11566891411685952,0.0222101184876825,0.862120967395458
26099,LOF,0.04608511760911934,0.019895178394270026,0.9340197039966107
26100,LOF,0.046029044550733075,0.019896347873350706,0.9340746075759162
26101,LOF,0.05611904678789445,0.033091649115247375,0.9107893040968582
26102,LOF,0.03365657485435711,0.01999642341676276,0.9463470017288802
26103,Neutral,0.8888816569329671,0.03318664417763812,0.07793169888939469
26104,LOF,0.056663696683751305,0.049013691881125636,0.894322611435123
26105,LOF,0.2573905684027038,0.1254068230270407,0.6172026085702554
26106,LOF,0.30022968390084664,0.0680422328850786,0.6317280832140747
26107,LOF,0.02081161252226873,0.08785669522542397,0.8913316922523075
26108,LOF,0.2506806154441225,0.03464794382193661,0.7146714407339408
26109,LOF,0.08854262792564822,0.03843939236066348,0.8730179797136882
26110,LOF,0.45710920903667973,0.010731560743137834,0.5321592302201824
26111,LOF,0.05379614142793821,0.14501576627877436,0.8011880922932875
26112,LOF,0.05442704973997404,0.01058079697554473,0.9349921532844813
26113,LOF,0.12305042260560695,0.025300163009443415,0.8516494143849498
26114,LOF,0.09654069500731129,0.011414330681459535,0.8920449743112292
26115,LOF,0.01858457586128784,0.05349531767420614,0.9279201064645061
26116,LOF,0.07293372033635209,0.025397912628239944,0.9016683670354079
26117,LOF,0.3483173294530267,0.045722923776171355,0.6059597467708019
26118,LOF,0.04732618228007254,0.01821224039216117,0.9344615773277662
26119,LOF,0.007162188036150819,0.036932821339332116,0.9559049906245172
26120,LOF,0.03823305514528277,0.017319889865664545,0.9444470549890527
26121,LOF,0.004497619935086011,0.12705184671663297,0.868450533348281
