feature0,prediction,LoGoFunc_Neutral,LoGoFunc_GOF,LoGoFunc_LOF
25546,Neutral,0.6224327018722805,0.11697533719054545,0.26059196093717407
25547,Neutral,0.46189239733066917,0.2507470243084172,0.28736057836091367
25548,Neutral,0.43157604685167694,0.19430253028053665,0.37412142286778644
25549,Neutral,0.40806695383529246,0.19623036592084503,0.39570268024386257
25550,LOF,0.33367926221170235,0.25950079624970734,0.40681994153859025
25551,LOF,0.29567721222661997,0.23520246862869224,0.4691203191446878
25552,LOF,0.1692483871521521,0.22799685720273985,0.602754755645108
25553,Neutral,0.822911645705562,0.04957380420119248,0.1275145500932456
25554,LOF,0.21166175252548688,0.22844498349958262,0.5598932639749306
25555,LOF,0.16777836721345743,0.19754227607642935,0.6346793567101132
25556,Neutral,0.5027209778759895,0.1556172598444981,0.3416617622795124
25557,LOF,0.16780738790799993,0.21056930251008701,0.621623309581913
25558,LOF,0.21549970311822916,0.2500562771592408,0.5344440197225301
25559,LOF,0.48834820610161944,0.01908848726564096,0.49256330663273956
25560,LOF,0.03687106682193764,0.20663979347988573,0.7564891396981765
25561,LOF,0.09050366970118671,0.25973529034569454,0.6497610399531187
25562,LOF,0.11563708781338052,0.050895036893695844,0.8334678752929237
25563,LOF,0.10558528115243715,0.09932716923827603,0.795087549609287
25564,LOF,0.07410318864404838,0.12000872262057885,0.8058880887353729
25565,LOF,0.1351911610454725,0.2505205136187988,0.6142883253357286
25566,GOF,0.0170259448933068,0.7161986333918443,0.26677542171484886
25567,LOF,0.010380288150993152,0.17744023932853883,0.8121794725204681
25568,LOF,0.043067058378841706,0.06731257585804776,0.8896203657631104
25569,LOF,0.060125540419858854,0.05864526483349147,0.8812291947466496
25570,LOF,0.04205060247208406,0.07859657532305914,0.8793528222048569
25571,LOF,0.04805316596926396,0.07361867516280908,0.8783281588679269
25572,LOF,0.04720934232730338,0.08588493445017824,0.8669057232225182
25573,LOF,0.027192049026963875,0.08211117776882715,0.890696773204209
25574,LOF,0.014072211439811499,0.22826286041452898,0.7576649281456594
25575,LOF,0.04192034199491536,0.06071651674804083,0.8973631412570438
25576,LOF,0.015058329323031684,0.06679111498457017,0.9181505556923981
25577,LOF,0.01062063399477913,0.06483794273486576,0.9245414232703553
25578,LOF,0.27180224475667397,0.07783910018053415,0.6503586550627919
25579,LOF,0.2719804952218518,0.07700763604144065,0.6510118687367075
25580,LOF,0.025400231772050367,0.06090464077919137,0.9136951274487584
25581,LOF,0.04035112545267467,0.07681066821673413,0.8828382063305912
25582,LOF,0.03998921217704951,0.06953220541382954,0.890478582409121
25583,LOF,0.025526475380296267,0.060724092849067414,0.9137494317706364
25584,Neutral,0.5054348317338467,0.10528417023237484,0.38928099803377847
25585,LOF,0.021311477192724533,0.07803771262524059,0.900650810182035
25586,LOF,0.025340337109409194,0.0478801554670393,0.9267795074235514
25587,LOF,0.022268415047820962,0.0440368051798244,0.9336947797723546
25588,LOF,0.020854450277402344,0.0585206857071167,0.9206248640154809
25589,Neutral,0.6427990055308069,0.1219633842599254,0.2352376102092677
25590,LOF,0.020885962712824422,0.10498420539264786,0.8741298318945276
25591,LOF,0.10042200250868279,0.049011640034758906,0.8505663574565583
25592,LOF,0.07094629450342742,0.08904749315275812,0.8400062123438143
25593,LOF,0.010155059572356937,0.4784784276896452,0.5113665127379978
25594,LOF,0.03855295728283294,0.07186379818004253,0.8895832445371245
25595,LOF,0.06650809016732312,0.0608817172804285,0.8726101925522484
25596,LOF,0.10823758083231301,0.04009830065447503,0.851664118513212
25597,LOF,0.0857998696665387,0.016337268018266453,0.8978628623151949
25598,LOF,0.05053682844471135,0.07288282055370664,0.876580351001582
25599,GOF,0.008387571869901436,0.5101879475635547,0.48142448056654397
25600,LOF,0.010842400602490919,0.4083302689251265,0.5808273304723826
25601,LOF,0.00812299487171351,0.20933268550818376,0.7825443196201027
25602,LOF,0.023886447058167934,0.0589492611811845,0.9171642917606475
25603,LOF,0.040737164966769185,0.07009551433680689,0.8891673206964239
25604,LOF,0.03666929599452344,0.06144514598730143,0.9018855580181752
25605,LOF,0.012036860603168902,0.18645239697116367,0.8015107424256674
25606,GOF,0.06422790685866675,0.49827218147151775,0.4374999116698155
25607,LOF,0.003503831804209327,0.10157101866610786,0.8949251495296828
25608,LOF,0.05142919204053797,0.027097180387662012,0.9214736275718
25609,LOF,0.0815824673900212,0.23627639496155403,0.6821411376484249
25610,LOF,0.04472196438045013,0.018343741942814497,0.9369342936767354
25611,LOF,0.05999096997160829,0.011729627751000333,0.9282794022773914
25612,LOF,0.1185691826681646,0.025529932593841762,0.8559008847379936
25613,LOF,0.0960405865581363,0.03028900614742447,0.8736704072944392
25614,LOF,0.04004427456684758,0.029180821924771366,0.930774903508381
25615,LOF,0.07653920153344092,0.030826402087620414,0.8926343963789386
25616,LOF,0.03166143040075947,0.03869526715674056,0.9296433024424999
25617,LOF,0.05169952014914687,0.023557537568155387,0.9247429422826978
25618,LOF,0.23142435633358452,0.03187493764758574,0.7367007060188296
25619,LOF,0.040429697961988004,0.030080085932947493,0.9294902161050644
25620,LOF,0.037000517723474534,0.04713586798888134,0.9158636142876442
25621,LOF,0.04392078722769408,0.018971020891807536,0.9371081918804984
25622,LOF,0.029530730612321577,0.053227264822344196,0.9172420045653342
25623,LOF,0.05115223169932446,0.03378439762898035,0.9150633706716952
25624,LOF,0.03459679306432802,0.0392311984378549,0.9261720084978171
25625,LOF,0.05110035425223884,0.045885995703854016,0.9030136500439072
25626,LOF,0.07557098685402991,0.02465462848667151,0.8997743846592986
25627,Neutral,0.5100494862502366,0.11234892584862789,0.3776015879011355
25628,LOF,0.17866370875997992,0.05600042337801043,0.7653358678620097
25629,LOF,0.05256472432236954,0.08581109484311233,0.8616241808345181
25630,LOF,0.1749222602286661,0.079371480284059,0.7457062594872748
25631,Neutral,0.5988144999116853,0.07008115841335016,0.3311043416749645
25632,LOF,0.014481356075910739,0.16079762254269567,0.8247210213813936
25633,LOF,0.23106463381354053,0.2804551136802605,0.4884802525061989
25634,LOF,0.03470917380225615,0.23393689851242047,0.7313539276853234
25635,LOF,0.04008601738492279,0.18097466320773065,0.7789393194073465
25636,GOF,0.005172736854852736,0.607559897100671,0.3872673660444763
25637,LOF,0.004499631526437765,0.3821769666420896,0.6133234018314727
25638,LOF,0.005678578668135651,0.39471064050879284,0.5996107808230715
25639,LOF,0.0047003473940782445,0.3149032496006025,0.6803964030053193
25640,GOF,0.3091872777357782,0.6241395076468017,0.06667321461742015
25641,LOF,0.0069010899556200996,0.16353792482048168,0.8295609852238982
25642,LOF,0.2072981948083487,0.0669072906481684,0.7257945145434829
25643,LOF,0.25908899042012773,0.07055197495127923,0.6703590346285931
25644,GOF,0.012106700757111007,0.5116602329972533,0.47623306624563577
25645,GOF,0.008352061079028217,0.5781759494561504,0.4134719894648214
25646,LOF,0.009836683807139774,0.32744453363659337,0.6627187825562668
25647,LOF,0.009304405659501568,0.27141061648021975,0.7192849778602787
25648,LOF,0.006009406481256663,0.3572857062683986,0.6367048872503448
25649,LOF,0.006935021537240175,0.186696929985152,0.8063680484776079
25650,LOF,0.019358493756308232,0.4836328316603582,0.49700867458333353
25651,LOF,0.006373833838856368,0.20949063414582178,0.7841355320153218
25652,LOF,0.009724417416083209,0.324107039284848,0.6661685432990687
25653,LOF,0.04084420749205183,0.47694135816752914,0.48221443434041916
25654,LOF,0.007343319399814644,0.35207006060611534,0.6405866199940701
25655,GOF,0.06991600742300041,0.4686967825230543,0.4613872100539453
25656,LOF,0.09241365311618858,0.04620276306231291,0.8613835838214986
25657,LOF,0.2900559926991511,0.026632566162576976,0.6833114411382719
25658,LOF,0.03450564934097695,0.08057667784802865,0.8849176728109943
25659,LOF,0.24861750117904063,0.0866867713699049,0.6646957274510545
25660,LOF,0.10981135028680206,0.06733927172378748,0.8228493779894104
25661,LOF,0.06650461408406669,0.060415781035292736,0.8730796048806406
25662,LOF,0.041746389490561454,0.05334303043035031,0.9049105800790882
25663,LOF,0.04437972735677072,0.1033788737547586,0.8522413988884706
25664,LOF,0.027229866375115697,0.18462986233723386,0.7881402712876505
25665,LOF,0.041539433604162186,0.049418055322675014,0.9090425110731627
25666,LOF,0.04165735695970123,0.1665415741218187,0.7918010689184801
25667,LOF,0.04150289696401434,0.03136427548112127,0.9271328275548645
25668,LOF,0.045088055285009955,0.046010669740035655,0.9089012749749543
25669,LOF,0.03558676646071421,0.0830551532654833,0.8813580802738026
25670,LOF,0.06284315760345821,0.09323581981563411,0.8439210225809076
25671,LOF,0.05330206718694107,0.04115482327513264,0.9055431095379262
25672,LOF,0.05057958810944374,0.05516717325302683,0.8942532386375295
25673,LOF,0.04364968472695337,0.060603936466105464,0.8957463788069413
25674,LOF,0.027347296715422232,0.09192937995791617,0.8807233233266616
25675,LOF,0.033483416502048106,0.04082529858504532,0.9256912849129065
25676,LOF,0.04041694462372281,0.05604916859694526,0.9035338867793319
25677,LOF,0.07693239685629705,0.0437190851269047,0.8793485180167983
25678,LOF,0.15702444842903243,0.05176822398229344,0.7912073275886742
25679,LOF,0.10754225382280472,0.08388972618784209,0.8085680199893531
25680,LOF,0.11096126358036006,0.08104068218453885,0.8079980542351011
25681,LOF,0.1158247686900446,0.07732851259832352,0.8068467187116319
25682,LOF,0.045073204786840466,0.03978093594042757,0.915145859272732
25683,LOF,0.08056536324760334,0.06548326629256232,0.8539513704598343
25684,LOF,0.059064151619232196,0.04999189291707588,0.8909439554636919
25685,LOF,0.11007995975763922,0.03721718307535541,0.8527028571670053
25686,LOF,0.02691401870294962,0.08776790150809133,0.885318079788959
25687,LOF,0.04045319521029714,0.10670982752761812,0.8528369772620847
25688,LOF,0.02839830320843166,0.09946207561066159,0.8721396211809068
25689,LOF,0.01742899406378217,0.056203428786591715,0.9263675771496261
25690,LOF,0.023019949517758438,0.07496907496628347,0.9020109755159581
25691,LOF,0.1809845869804629,0.10970497038399663,0.7093104426355406
25692,LOF,0.33414865464089777,0.012727457151876748,0.6531238882072256
25693,GOF,0.028423052202052386,0.4869381475762869,0.48463880022166067
25694,LOF,0.2603008779594042,0.013817203727314745,0.725881918313281
25695,LOF,0.1958667718604733,0.020109455758293787,0.7840237723812329
25696,LOF,0.0817641140565699,0.019641249553131436,0.8985946363902987
25697,LOF,0.07739898127449281,0.011464946870861853,0.9111360718546454
25698,LOF,0.017208894160019993,0.2087536626543037,0.7740374431856764
25699,LOF,0.07439901755088903,0.3803525805054585,0.5452484019436525
25700,LOF,0.04501591837146572,0.02325198107561595,0.9317321005529182
25701,LOF,0.010811367626832796,0.3936687846882483,0.595519847684919
25702,GOF,0.03210544096222442,0.5941319556130887,0.37376260342468687
25703,LOF,0.016957963985546675,0.06582100039112299,0.9172210356233303
25704,LOF,0.07092767123134862,0.050895747108841066,0.8781765816598104
25705,LOF,0.0906547736853084,0.1542506247335398,0.7550946015811517
25706,GOF,0.022454200725825182,0.6270474574199376,0.3504983418542372
25707,GOF,0.02797227892744229,0.5324175931612936,0.4396101279112642
25708,GOF,0.008475236216557375,0.5839277497193001,0.4075970140641426
25709,LOF,0.04720500246909558,0.06484386700383021,0.8879511305270742
25710,LOF,0.007339856054299033,0.13443158723854265,0.8582285567071583
25711,LOF,0.04554811861602688,0.09799883380273278,0.8564530475812404
25712,LOF,0.010233573767116947,0.18719603142565314,0.80257039480723
25713,LOF,0.03655478028043149,0.09811826269923697,0.8653269570203316
25714,LOF,0.034446732143886806,0.18132058887787197,0.7842326789782412
25715,LOF,0.04053012841428462,0.10844541500229066,0.8510244565834247
25716,LOF,0.00628234949220637,0.0852144251394126,0.9085032253683811
25717,LOF,0.006476077532572518,0.09401836042442265,0.8995055620430048
25718,LOF,0.036431835570575694,0.07660744750192573,0.8869607169274987
25719,LOF,0.03805068189825371,0.11604344870520085,0.8459058693965454
25720,LOF,0.03634311161725315,0.11510813293398574,0.8485487554487611
25721,LOF,0.03711387329138912,0.10896940720926848,0.8539167194993424
25722,LOF,0.030037651865452382,0.12814175105077044,0.8418205970837771
25723,LOF,0.04558795741596957,0.11455193824375397,0.8398601043402765
25724,LOF,0.06293123396358534,0.2779363439546319,0.6591324220817827
25725,LOF,0.05252769716630678,0.09994217605208228,0.8475301267816109
25726,LOF,0.03400643755340049,0.10578311682426834,0.8602104456223312
25727,LOF,0.046697571211130044,0.08628221407908247,0.8670202147097875
25728,LOF,0.04083453084551463,0.1216690714949502,0.8374963976595351
25729,LOF,0.044368571945535916,0.12375995624298661,0.8318714718114775
25730,LOF,0.05138222719532912,0.08886460984776583,0.859753162956905
25731,LOF,0.008737155322679732,0.09770085867328948,0.8935619860040307
25732,LOF,0.02853008833520463,0.06071277576731165,0.9107571358974837
25733,LOF,0.03599529808096246,0.08605439838355873,0.8779503035354789
25734,LOF,0.006198032655115441,0.2824645181712969,0.7113374491735878
25735,LOF,0.03429886595634843,0.0852487701592451,0.8804523638844065
25736,LOF,0.03131119442513006,0.1616460794882411,0.8070427260866287
25737,LOF,0.056672136982755646,0.08803184619133785,0.8552960168259065
25738,LOF,0.04409319387714688,0.17261860787674888,0.7832881982461043
25739,LOF,0.03473335045030723,0.13491020281512967,0.8303564467345631
25740,LOF,0.061372396525135445,0.11623084066348216,0.8223967628113824
25741,LOF,0.0567295333687472,0.10945922323328353,0.8338112433979692
25742,LOF,0.05886253337827586,0.12052883784030172,0.8206086287814224
25743,LOF,0.013829350910574316,0.01545059088513033,0.9707200582042953
25744,LOF,0.14933346850106408,0.1332099487675689,0.717456582731367
25745,LOF,0.030023149857180072,0.058504898978831925,0.911471951163988
25746,LOF,0.014100136243882821,0.08295439186452397,0.9029454718915932
25747,LOF,0.05715554173892819,0.026454294361806997,0.9163901638992649
25748,LOF,0.3274207114753239,0.0792354563188113,0.5933438322058647
25749,LOF,0.017939471198057683,0.057575701112627185,0.9244848276893153
25750,LOF,0.01891419773568281,0.0704498378340397,0.9106359644302775
25751,LOF,0.04410868474422627,0.0634133452989907,0.892477969956783
25752,GOF,0.09567830983471459,0.5405226371677756,0.3637990529975098
25753,LOF,0.006790373112671805,0.3504116931459042,0.6427979337414239
25754,GOF,0.009135092796814294,0.8868461265025119,0.1040187807006739
25755,LOF,0.008185327158605203,0.35126043101533233,0.6405542418260625
25756,LOF,0.022682131375356827,0.37657873262017616,0.600739136004467
25757,GOF,0.00874739405084165,0.8428959175939148,0.14835668835524357
25758,GOF,0.009874006599543949,0.8711846747664316,0.1189413186340245
25759,GOF,0.00683196572290807,0.6555741280504299,0.33759390622666197
25760,LOF,0.0069576808562635,0.2576457165218444,0.735396602621892
25761,GOF,0.05161805130391203,0.8821151426482426,0.0662668060478452
25762,LOF,0.023447197575125284,0.33763975909136834,0.6389130433335063
25763,LOF,0.006518396221842649,0.25291241718382984,0.7405691865943276
25764,GOF,0.07236125068723111,0.6452185117784102,0.28242023753435874
25765,GOF,0.00996035681817654,0.903999989685754,0.08603965349606936
25766,GOF,0.02747618338438584,0.8392625960989938,0.13326122051662045
25767,GOF,0.010110531989702822,0.5807055306693466,0.40918393734095065
25768,LOF,0.05213954323390153,0.07836518571358746,0.8694952710525109
25769,LOF,0.032601583377202814,0.10813665891135348,0.8592617577114438
25770,LOF,0.15938739909200256,0.1556237538070852,0.6849888471009122
25771,LOF,0.023770843548770317,0.08075700700136222,0.8954721494498675
25772,LOF,0.05401417323570984,0.0554838844267484,0.8905019423375418
25773,LOF,0.019184039877880914,0.12387434920177764,0.8569416109203414
25774,LOF,0.026318046211173673,0.25391246870727774,0.7197694850815486
25775,LOF,0.0233713792193811,0.0530261976590933,0.9236024231215255
25776,LOF,0.040695297600848605,0.03716858486531285,0.9221361175338385
25777,LOF,0.21353977754546868,0.16171308292562056,0.6247471395289108
25778,LOF,0.031223797461866723,0.0949146924265684,0.8738615101115649
25779,GOF,0.059589490139952246,0.7591493402900493,0.18126116956999855
25780,GOF,0.07466821883893503,0.7736152630423392,0.15171651811872572
25781,GOF,0.030490238678940327,0.7417451030965974,0.22776465822446232
25782,GOF,0.033228310746730313,0.8182359815789786,0.148535707674291
25783,GOF,0.06708731266817872,0.8116243143804525,0.1212883729513687
25784,GOF,0.11080927349145808,0.7691634427805857,0.12002728372795628
25785,GOF,0.15709631572846883,0.7642330534348835,0.07867063083664774
25786,GOF,0.015175943658489496,0.6349676434455502,0.3498564128959602
25787,GOF,0.33576837669806703,0.5733569716794757,0.09087465162245713
25788,LOF,0.021873062863392963,0.07646799502411852,0.9016589421124884
25789,GOF,0.02003084212682932,0.7597542532349217,0.22021490463824903
25790,GOF,0.03360007036088868,0.7230786479566884,0.24332128168242295
25791,GOF,0.030422197653868638,0.5263016555373629,0.4432761468087686
25792,GOF,0.03805682795505018,0.6320547376684797,0.3298884343764701
25793,GOF,0.055707437229043574,0.6603499027785802,0.2839426599923762
25794,GOF,0.05647943250595225,0.48838561872651,0.45513494876753774
25795,GOF,0.062274723523793374,0.5595096731630097,0.3782156033131969
25796,GOF,0.17470743856023319,0.5612070364801673,0.2640855249595994
25797,GOF,0.07949230025027106,0.5074480255060898,0.41305967424363915
25798,GOF,0.007752616508585714,0.7520070526873341,0.24024033080408
25799,GOF,0.0051460681154621496,0.6543758109685334,0.3404781209160046
25800,GOF,0.024431521298208404,0.8095635586006413,0.1660049201011502
25801,GOF,0.025153147689295684,0.75630047710439,0.21854637520631431
25802,GOF,0.028442920080065222,0.7018081966004386,0.26974888331949626
25803,GOF,0.02551916445880092,0.6119677379734602,0.3625130975677389
25804,GOF,0.04459798559906483,0.6052524516249862,0.35014956277594905
25805,GOF,0.030661441556279506,0.6825457472071196,0.2867928112366009
25806,GOF,0.0416288330940313,0.6908496366066061,0.2675215302993626
25807,GOF,0.017813979242942292,0.5670053039254079,0.4151807168316498
25808,GOF,0.03110103728862252,0.6899187784024514,0.27898018430892596
25809,GOF,0.01573254493639407,0.590787383122821,0.39348007194078494
25810,GOF,0.013262356394988482,0.5957607577388396,0.3909768858661719
25811,GOF,0.08578552535299297,0.762928862776269,0.15128561187073788
25812,GOF,0.045473347813218865,0.5907354864203384,0.36379116576644266
25813,GOF,0.24272608314050254,0.5982851123800783,0.15898880447941918
25814,GOF,0.040965915294289904,0.6412919442676335,0.3177421404380766
25815,GOF,0.06648725665122655,0.7157031258526643,0.2178096174961091
25816,GOF,0.009520081546232883,0.7563454147925297,0.2341345036612374
25817,GOF,0.12941641231418807,0.5949447766599298,0.2756388110258822
25818,GOF,0.03127480439286142,0.753933619113566,0.21479157649357256
25819,GOF,0.05448347141911025,0.6743816293767845,0.27113489920410533
25820,GOF,0.05671888948583801,0.5818201301305074,0.36146098038365465
25821,GOF,0.039079264297527325,0.640693087005619,0.32022764869685366
25822,GOF,0.07880264237895011,0.6083814972086922,0.3128158604123577
25823,GOF,0.04210078400744406,0.6103309237879235,0.3475682922046324
25824,GOF,0.03039165305288204,0.7061665071409099,0.2634418398062081
25825,GOF,0.020922080771748775,0.7094480879686936,0.2696298312595576
25826,GOF,0.01066097983647148,0.6103002080972272,0.37903881206630136
25827,GOF,0.018823855098501586,0.6466157841254597,0.33456036077603857
25828,GOF,0.01239195247018286,0.6537073930930691,0.3339006544367481
25829,LOF,0.004947675498337526,0.49701386021776767,0.4980384642838949
25830,LOF,0.06990881193664043,0.2624376411211446,0.667653546942215
25831,GOF,0.08180044236836669,0.7545186203092638,0.16368093732236955
25832,GOF,0.010009966925568483,0.7009446009279215,0.28904543214650996
25833,GOF,0.0322697128699943,0.7960027502266299,0.1717275369033756
25834,GOF,0.010335391170162857,0.7217310082248519,0.26793360060498517
25835,GOF,0.030646282685472797,0.8227949644115585,0.14655875290296866
25836,GOF,0.008187401016958348,0.7443529167446438,0.24745968223839798
25837,GOF,0.012608691735784857,0.7173760888552615,0.2700152194089536
25838,GOF,0.02373344996312029,0.7950257977448196,0.18124075229206005
25839,GOF,0.06569612741973327,0.7272520663585219,0.20705180622174477
25840,GOF,0.1011397982893051,0.6813519302462432,0.2175082714644516
25841,GOF,0.08586249325133927,0.7539391064883862,0.16019840026027446
25842,GOF,0.02890906784524486,0.8387588546866718,0.13233207746808334
25843,GOF,0.02763783524991181,0.8414929982443617,0.13086916650572636
25844,GOF,0.02292531028440532,0.7786101393442906,0.19846455037130403
25845,GOF,0.008588104999247162,0.6288823991483948,0.36252949585235805
25846,GOF,0.07762807802597264,0.8066153608333316,0.11575656114069584
25847,GOF,0.019802108540687452,0.8277468337946093,0.1524510576647032
25848,GOF,0.022371577956308113,0.7867968360007545,0.19083158604293743
25849,GOF,0.008014247865304719,0.7490862041494099,0.2428995479852854
25850,GOF,0.00867715844198153,0.6037391998725637,0.3875836416854549
25851,GOF,0.007919668683673923,0.539863203539253,0.4522171277770731
25852,LOF,0.17767656446536786,0.3937961002180825,0.4285273353165496
25853,GOF,0.06591185377867056,0.6373300900732648,0.2967580561480646
25854,GOF,0.007837714183692873,0.6107515270870061,0.3814107587293011
25855,GOF,0.026152498723025188,0.5135304048483927,0.46031709642858204
25856,GOF,0.05472801886501909,0.6654074749468398,0.279864506188141
25857,GOF,0.026389758138084925,0.498326894974554,0.47528334688736096
25858,LOF,0.009097030851300371,0.48787585117498977,0.5030271179737099
25859,LOF,0.006738037985570138,0.47074569195234856,0.5225162700620813
25860,GOF,0.08330374425626633,0.547396659664808,0.3692995960789256
25861,GOF,0.11031689666301464,0.7253141377752258,0.16436896556175953
25862,GOF,0.021928483365431295,0.8505118742965534,0.1275596423380152
25863,GOF,0.019537888536273612,0.8131527304361436,0.16730938102758278
25864,GOF,0.032407141256440626,0.8410267891139214,0.12656606962963793
25865,GOF,0.03828360187955919,0.8209017019658771,0.1408146961545637
25866,GOF,0.020794336105773244,0.8002907950838417,0.17891486881038507
25867,GOF,0.04780143605376832,0.8127259816620434,0.13947258228418838
25868,GOF,0.07388270730297326,0.6644075556369623,0.2617097370600643
25869,GOF,0.3101633864795235,0.48932584195488626,0.2005107715655901
25870,LOF,0.07454374328061386,0.30596171947336226,0.6194945372460239
25871,GOF,0.010525497338297767,0.5872972613552401,0.4021772413064622
25872,GOF,0.026632532420363102,0.6436059799749196,0.32976148760471724
25873,GOF,0.021810757292106464,0.7201769828003141,0.25801225990757937
25874,LOF,0.029056965059684435,0.0785925381738103,0.8923504967665054
25875,LOF,0.02207244346069782,0.17547628856177444,0.8024512679775277
25876,LOF,0.021915332166201996,0.07235842578955076,0.9057262420442472
25877,LOF,0.07594363589335633,0.33450278399841155,0.5895535801082321
25878,LOF,0.048911044222345476,0.4056793569570056,0.5454095988206489
25879,LOF,0.009365005809359846,0.21468126822034223,0.775953725970298
25880,LOF,0.042510616968473275,0.02372670703959428,0.9337626759919325
25881,Neutral,0.5039305493792821,0.2484558809039683,0.24761356971674958
25882,LOF,0.03343584660508856,0.09696121523432218,0.8696029381605893
25883,LOF,0.02557439070771741,0.11859309836232418,0.8558325109299585
25884,LOF,0.013046902132211156,0.10835564510458773,0.878597452763201
25885,LOF,0.13578909622632532,0.026727248874186944,0.8374836548994876
25886,LOF,0.19404415872068914,0.23578603702423176,0.5701698042550791
25887,LOF,0.050287699218718125,0.45004945955192704,0.49966284122935484
25888,LOF,0.005093657521857552,0.4012103048482064,0.593696037629936
25889,LOF,0.021123959532756045,0.08471910266486037,0.8941569378023836
25890,LOF,0.18419861488381545,0.2950203126300975,0.5207810724860871
25891,LOF,0.1134862185718058,0.10042488227899844,0.7860888991491958
25892,LOF,0.006388972917206243,0.044124346817597956,0.9494866802651958
25893,LOF,0.23571874547047292,0.016390387503316384,0.7478908670262107
25894,LOF,0.2988019519303018,0.009480244464822683,0.6917178036048754
25895,LOF,0.25759683118755383,0.01286832067320295,0.7295348481392432
25896,LOF,0.05512778669108741,0.04298485315979742,0.9018873601491152
25897,LOF,0.09193748616592048,0.019825502167515302,0.8882370116665642
25898,LOF,0.07812804118380572,0.04613964786680235,0.875732310949392
25899,LOF,0.3569297407506956,0.05087665065403165,0.5921936085952727
25900,Neutral,0.7320682601005585,0.020720810487889707,0.24721092941155176
25901,LOF,0.05126438722215969,0.013623259313679022,0.9351123534641612
25902,LOF,0.06773942541899661,0.00882437082839942,0.923436203752604
25903,LOF,0.12163600787120847,0.04112708433206207,0.8372369077967294
25904,LOF,0.43596781750665764,0.10244961077912586,0.46158257171421646
25905,LOF,0.012352844932752037,0.26352499840069005,0.7241221566665579
25906,LOF,0.009141862882440299,0.020700777189584033,0.9701573599279757
25907,LOF,0.007989891206835832,0.154524047166132,0.8374860616270321
25908,LOF,0.008512411213635114,0.16526816557699844,0.8262194232093665
25909,LOF,0.043927567579697804,0.07102192234435344,0.8850505100759488
25910,LOF,0.013303862453256462,0.11099002767993148,0.8757061098668122
25911,LOF,0.22998448057945664,0.08719089335093923,0.6828246260696041
25912,LOF,0.12961986924805852,0.028067092292600883,0.8423130384593406
25913,LOF,0.013496124452375625,0.08795698961491089,0.8985468859327135
25914,LOF,0.04569935819440213,0.036443328045026,0.9178573137605719
25915,GOF,0.2017373049564165,0.43954632530855475,0.35871636973502874
25916,LOF,0.01640043956148032,0.21511375513996261,0.768485805298557
25917,LOF,0.07622009599171439,0.03862787278301183,0.8851520312252739
25918,LOF,0.047921499018118006,0.025935437694088802,0.9261430632877933
25919,LOF,0.042792536274743144,0.021915238102526692,0.9352922256227301
25920,LOF,0.2983961562432629,0.3049443538193469,0.39665948993739014
25921,LOF,0.023477196038842216,0.03207699310414741,0.9444458108570104
25922,LOF,0.020575756472689014,0.02644456339509403,0.952979680132217
25923,LOF,0.46142648244208345,0.0225720812752914,0.5160014362826251
25924,LOF,0.0279510892297468,0.0313016350741449,0.9407472756961083
25925,LOF,0.12531750049497578,0.03795689268557818,0.8367256068194461
25926,LOF,0.10823717025369989,0.03730932651202826,0.8544535032342718
25927,LOF,0.024446401194815916,0.06846188485882128,0.9070917139463627
25928,LOF,0.016383052625118598,0.021062474874915846,0.9625544724999656
25929,Neutral,0.5823865576910264,0.022241649237068496,0.3953717930719052
25930,LOF,0.06408071350454411,0.025200831787104888,0.9107184547083511
25931,LOF,0.016531125929210834,0.024795303278523702,0.9586735707922655
25932,LOF,0.0907773519833748,0.01500244292523629,0.8942202050913888
25933,LOF,0.08426897143691982,0.010455492070436282,0.905275536492644
25934,LOF,0.08289272572503471,0.012127717529487195,0.9049795567454781
25935,LOF,0.12520677446031836,0.037919765652401044,0.8368734598872806
25936,LOF,0.08612764278326805,0.011406423451716703,0.9024659337650153
25937,LOF,0.01796598816415522,0.02597559483802739,0.9560584169978174
25938,LOF,0.12734951815756118,0.03499109903299718,0.8376593828094417
25939,LOF,0.06161584027873373,0.013443019824070514,0.9249411398971958
25940,LOF,0.007487324551842914,0.39783642442726436,0.5946762510208927
25941,Neutral,0.5145696442821925,0.17508154659484815,0.31034880912295926
25942,LOF,0.008241945814932034,0.2226131532525742,0.7691449009324938
25943,GOF,0.02631721529581514,0.6624675449891164,0.31121523971506854
25944,GOF,0.027195044003441103,0.5145736752095501,0.45823128078700875
25945,LOF,0.10314862277505006,0.15707661555568853,0.7397747616692615
25946,LOF,0.10400782940184061,0.0832400510937222,0.8127521195044372
25947,Neutral,0.5120750239143204,0.12449021755508546,0.36343475853059426
25948,Neutral,0.5197358368032052,0.016502904265176827,0.46376125893161785
25949,LOF,0.12544713870234417,0.03647229085698104,0.8380805704406747
25950,GOF,0.04048973483373046,0.8272906711949681,0.13221959397130134
25951,GOF,0.014642745322655679,0.648998852428515,0.3363584022488293
25952,LOF,0.1038725834921587,0.4197777320571261,0.47634968445071507
25953,GOF,0.006941565654995435,0.5791396648536445,0.4139187694913599
25954,GOF,0.0292790289100725,0.6642160206108333,0.30650495047909415
25955,GOF,0.006260170439686482,0.5827259052509799,0.4110139243093336
25956,LOF,0.00940537561484086,0.4111072944967351,0.5794873298884241
25957,LOF,0.2477170016068749,0.035005875682111436,0.7172771227110136
25958,LOF,0.02874598033501094,0.07570808803576717,0.8955459316292219
25959,GOF,0.006232604498554305,0.6497899786301553,0.3439774168712904
25960,LOF,0.005003685799226251,0.15358349012434974,0.841412824076424
25961,LOF,0.027966458798213426,0.08126336585210636,0.8907701753496803
25962,LOF,0.04681246914595672,0.07552255845937092,0.8776649723946724
25963,LOF,0.00939689708015798,0.20609662266925746,0.7845064802505846
25964,LOF,0.04478794933882127,0.1469256384445643,0.8082864122166143
25965,LOF,0.145865550384903,0.23243035500558534,0.6217040946095117
25966,LOF,0.34157497228255496,0.24875878077832497,0.40966624693912007
25967,LOF,0.00767055302013971,0.06947068988987512,0.9228587570899852
25968,LOF,0.07343397040177554,0.25120403969662847,0.675361989901596
25969,LOF,0.14163337352510072,0.04487445768064573,0.8134921687942536
25970,LOF,0.03816067671586462,0.24267208660028958,0.7191672366838459
25971,LOF,0.06843859565360755,0.09116244245767521,0.8403989618887172
25972,LOF,0.06253636868728327,0.12682477225966293,0.8106388590530537
25973,LOF,0.08650282749123868,0.007744737206233751,0.9057524353025276
25974,LOF,0.09435970738182305,0.054257039068716796,0.8513832535494601
25975,LOF,0.041164030100169384,0.010857693717084182,0.9479782761827464
25976,LOF,0.09849706050189869,0.007584987416230843,0.8939179520818704
25977,LOF,0.20967846162774445,0.10038174090446422,0.6899397974677913
25978,LOF,0.17914416653608733,0.1325707855035357,0.6882850479603769
25979,LOF,0.13953269454315526,0.1314874169924685,0.7289798884643763
25980,LOF,0.19972006720172006,0.24469878412024357,0.5555811486780363
25981,LOF,0.20343211668620897,0.2536430683105231,0.5429248150032681
25982,LOF,0.28715076592001243,0.1256305506000646,0.5872186834799229
25983,Neutral,0.4927615389413624,0.12225316696426748,0.38498529409437
25984,LOF,0.03962504132360452,0.13087819809149598,0.8294967605848994
25985,LOF,0.4248620862129069,0.1500083638204095,0.42512954996668356
25986,GOF,0.00855679495494994,0.5058390232845074,0.4856041817605427
25987,LOF,0.022089628020912397,0.09188569804139284,0.8860246739376948
25988,LOF,0.03336561226773956,0.20735674897766065,0.7592776387545997
25989,LOF,0.0338026701056425,0.2001235996925887,0.7660737302017688
25990,LOF,0.04082560021117769,0.29764296664494044,0.661531433143882
25991,GOF,0.04207156743396402,0.6081413675051653,0.34978706506087065
25992,LOF,0.012657877051296467,0.37038738187631237,0.6169547410723911
25993,LOF,0.03474684079450891,0.0766880312338367,0.8885651279716543
25994,LOF,0.038386538929301176,0.0957404275216993,0.8658730335489995
25995,LOF,0.022747939480728393,0.17540148956433296,0.8018505709549387
25996,GOF,0.28832076653498073,0.5579783877659246,0.15370084569909478
25997,GOF,0.06756335020307246,0.6602945080787985,0.2721421417181291
25998,LOF,0.2616308835105278,0.04625107999801353,0.6921180364914586
25999,LOF,0.027234394744022047,0.46911371835293947,0.5036518869030385
26000,LOF,0.11667362155469066,0.01756275843163189,0.8657636200136775
26001,LOF,0.12104127843078656,0.030473859433124043,0.8484848621360894
26002,LOF,0.07173343010644374,0.017455881607893572,0.9108106882856626
26003,GOF,0.00784368274245104,0.5493372334882055,0.44281908376934337
26004,GOF,0.022581778369388388,0.5218539833952881,0.4555642382353236
26005,LOF,0.006661423074392489,0.48051977399954166,0.512818802926066
26006,GOF,0.15445288577049854,0.47740457599784314,0.3681425382316583
26007,GOF,0.011621954406153429,0.5277217125956437,0.4606563329982029
26008,GOF,0.008475732100604526,0.5094838278785462,0.48204044002084934
26009,GOF,0.01835795731923627,0.588119839349448,0.39352220333131577
26010,GOF,0.012129905873399497,0.5709676519808152,0.41690244214578537
26011,LOF,0.007106328989607151,0.4345229202394778,0.558370750770915
26012,LOF,0.007280450717688255,0.44648727228713647,0.5462322769951753
26013,LOF,0.014407483257161896,0.4417515216853719,0.5438409950574662
26014,LOF,0.05589125624926152,0.07452047659592904,0.8695882671548095
26015,LOF,0.4595964161792291,0.04487322372569044,0.49553036009508034
26016,LOF,0.27379889911918287,0.1500512210529431,0.5761498798278741
26017,LOF,0.019498287710596758,0.4508895658331982,0.529612146456205
26018,LOF,0.022804276740462932,0.1603260977091493,0.8168696255503878
26019,LOF,0.02233299695835607,0.12701376097631434,0.8506532420653297
26020,LOF,0.007012072877648169,0.3726378493025779,0.6203500778197739
26021,LOF,0.09099487891934357,0.25630816454320543,0.652696956537451
26022,LOF,0.054037360680250564,0.06795020703101502,0.8780124322887344
26023,LOF,0.032829195836622464,0.11787059883164742,0.8493002053317302
26024,LOF,0.04967551328958432,0.17496970263835962,0.775354784072056
26025,LOF,0.1284383996685203,0.19732215510269915,0.6742394452287804
26026,LOF,0.12264140731837286,0.15865787635067072,0.7187007163309563
26027,LOF,0.03187229197062031,0.06935142675382583,0.898776281275554
26028,LOF,0.06835485153334912,0.17740369846215365,0.7542414500044973
26029,LOF,0.03765812204042842,0.11450676810000507,0.8478351098595664
26030,LOF,0.16967730438390435,0.00934257176416203,0.8209801238519335
26031,LOF,0.02033562592878837,0.13359599774204886,0.8460683763291629
26032,LOF,0.030684292001265313,0.02005522133040456,0.9492604866683301
26033,LOF,0.046818798709687574,0.03689222235749176,0.9162889789328207
26034,LOF,0.027490659615683404,0.08243414534373282,0.8900751950405839
26035,LOF,0.01568832140302397,0.09456343409706511,0.8897482444999109
26036,LOF,0.014622421104685177,0.07778850142355714,0.9075890774717575
26037,LOF,0.013550908262968274,0.07634380087982497,0.9101052908572068
26038,LOF,0.025904739121713507,0.0205848703156934,0.9535103905625932
26039,LOF,0.034273340166839916,0.11408269620753261,0.8516439636256276
26040,LOF,0.06638728837161045,0.133240897091653,0.8003718145367366
26041,LOF,0.016402476626709288,0.09089489719512066,0.8927026261781701
26042,LOF,0.015624656614654783,0.09805963738971607,0.8863157059956291
26043,LOF,0.025505700114508055,0.04739169693754001,0.927102602947952
26044,LOF,0.009227084308760396,0.04379444042446373,0.9469784752667759
26045,LOF,0.08614722514593787,0.19800528302364237,0.7158474918304198
26046,LOF,0.024522230998910134,0.053382540175281455,0.9220952288258084
26047,LOF,0.06393357317094774,0.03859022682137991,0.8974762000076724
26048,LOF,0.07681076051639407,0.028812384117995044,0.894376855365611
26049,Neutral,0.9163937352639305,0.0066743539429794324,0.07693191079308995
26050,Neutral,0.8498438349578812,0.008418363242623983,0.14173780179949488
26051,LOF,0.02933322017639678,0.3967453775889726,0.5739214022346307
26052,LOF,0.030420012807387597,0.29234666316222474,0.6772333240303877
26053,LOF,0.038633926115099304,0.056224371328072,0.9051417025568287
26054,LOF,0.054745425455508215,0.06704744442698159,0.8782071301175103
26055,LOF,0.06425449063435075,0.06523163356237491,0.8705138758032743
26056,LOF,0.060460579276170934,0.07165142450720348,0.8678879962166255
26057,LOF,0.060602388694077886,0.017789912876597848,0.9216076984293242
26058,LOF,0.06921065207714133,0.013983502330654703,0.9168058455922039
26059,LOF,0.28162280127060535,0.11802562110996642,0.6003515776194281
26060,LOF,0.014249958351150529,0.2998652281397662,0.6858848135090834
26061,LOF,0.013852753976537395,0.011118084627230157,0.9750291613962325
26062,LOF,0.006119022568060606,0.027587120208369433,0.96629385722357
26063,LOF,0.05723892809600699,0.01457627430236605,0.9281847976016271
26064,LOF,0.009590084605690002,0.014438775835589047,0.975971139558721
26065,LOF,0.04913473262195189,0.022276073915007567,0.9285891934630405
26066,LOF,0.05155790494506376,0.013630199723989498,0.9348118953309468
26067,LOF,0.06437181611759561,0.016554716644739804,0.9190734672376647
26068,LOF,0.0512275423259638,0.05994659043409911,0.8888258672399371
26069,LOF,0.18253290167143466,0.03566089070668545,0.7818062076218799
26070,LOF,0.41450439421060514,0.021930353577821082,0.5635652522115738
26071,LOF,0.05320694509502702,0.016023542269833317,0.9307695126351396
26072,LOF,0.010040196353084811,0.016853522598703284,0.973106281048212
26073,LOF,0.057058207935844124,0.012430863092812473,0.9305109289713434
26074,Neutral,0.7622739394682352,0.017468770049841723,0.22025729048192302
26075,LOF,0.04351566017173448,0.030723100406671918,0.9257612394215935
26076,LOF,0.060548523259603484,0.02377604372453454,0.915675433015862
26077,LOF,0.18055628666741008,0.019289229309251657,0.8001544840233382
26078,LOF,0.0077833728124563776,0.02073683935018017,0.9714797878373633
26079,LOF,0.06000696472690949,0.033843120570894274,0.9061499147021962
26080,LOF,0.05832375302239072,0.033716803276875595,0.9079594437007337
26081,LOF,0.05319753953295298,0.015786306245996144,0.9310161542210508
26082,LOF,0.007903411004144947,0.02517863544686002,0.9669179535489951
26083,LOF,0.046620324792970666,0.04101054553684664,0.9123691296701828
26084,LOF,0.06714647708732914,0.019861980690882214,0.9129915422217886
26085,LOF,0.05859569922454563,0.01783622824680997,0.9235680725286444
26086,LOF,0.039543308994708454,0.019782034886622307,0.9406746561186693
26087,LOF,0.04851919951456095,0.022551158578539416,0.9289296419068995
26088,LOF,0.008516404534935535,0.04699779395874999,0.9444858015063144
26089,LOF,0.03776167939291486,0.0653819782325412,0.8968563423745439
26090,LOF,0.03808885776272199,0.05023781302517381,0.9116733292121041
26091,LOF,0.054103403513529186,0.01818867195322932,0.9277079245332415
26092,LOF,0.06867183789041677,0.014522688266898634,0.9168054738426845
26093,LOF,0.08693102897147018,0.01070379659619643,0.9023651744323333
26094,LOF,0.049474038117746096,0.015604001831099694,0.9349219600511542
26095,LOF,0.012626828624900803,0.029483174427248838,0.9578899969478504
26096,LOF,0.3041654314650807,0.003776800142802321,0.692057768392117
26097,LOF,0.007891681410947668,0.04115521051934066,0.9509531080697116
26098,LOF,0.0601379436840935,0.0335426970580368,0.9063193592578697
26099,LOF,0.05147617327791335,0.050026079115306266,0.8984977476067805
26100,LOF,0.05147617327791335,0.050026079115306266,0.8984977476067805
26101,LOF,0.0421947277196761,0.051407515600180906,0.9063977566801431
26102,LOF,0.056208852757483656,0.022632030188216582,0.9211591170542996
26103,Neutral,0.8679009397090539,0.04403932980127495,0.08805973048967111
26104,LOF,0.050015668126656136,0.11340220009104283,0.8365821317823009
26105,LOF,0.26774488596623836,0.2253824569042266,0.5068726571295351
26106,LOF,0.32060035941837833,0.15325638857964005,0.5261432520019816
26107,LOF,0.009667930708362084,0.1557462277786445,0.8345858415129935
26108,LOF,0.13489848825325676,0.20000870299486767,0.6650928087518755
26109,LOF,0.056241563457433905,0.030712265005897292,0.9130461715366688
26110,Neutral,0.5309791598567035,0.0351476338297542,0.4338732063135422
26111,LOF,0.057988908613312906,0.24154339076416287,0.7004677006225242
26112,LOF,0.05997856649218911,0.04347713439093496,0.896544299116876
26113,LOF,0.06782644160767441,0.0766616470236017,0.8555119113687238
26114,LOF,0.08657071151209104,0.03133787935609635,0.8820914091318126
26115,LOF,0.014977250404783886,0.2355997355989526,0.7494230139962635
26116,LOF,0.05438674233972893,0.06275779207413175,0.8828554655861393
26117,LOF,0.26886599177419185,0.06540208147855635,0.6657319267472518
26118,LOF,0.039427360209222655,0.022739978102238108,0.9378326616885392
26119,LOF,0.005513556344753109,0.10940884831423368,0.8850775953410132
26120,LOF,0.03359009785429908,0.028652541029576553,0.9377573611161244
26121,LOF,0.004582268706974549,0.11388392132146377,0.8815338099715616
