feature0,prediction,LoGoFunc_Neutral,LoGoFunc_GOF,LoGoFunc_LOF
25546,Neutral,0.7338332093006926,0.040485481864077376,0.22568130883523
25547,Neutral,0.5855798286479128,0.0823263015039291,0.33209386984815803
25548,Neutral,0.5544320592995532,0.0597846299202651,0.3857833107801817
25549,Neutral,0.4757478675003335,0.06030759282579919,0.46394453967386734
25550,LOF,0.3172214966483619,0.10864761029254393,0.5741308930590941
25551,LOF,0.27135223933426744,0.11623679031107231,0.6124109703546603
25552,LOF,0.20372839537380585,0.11119805766721834,0.6850735469589758
25553,Neutral,0.8164562010200636,0.03434766565379818,0.14919613332613832
25554,LOF,0.22493097851751392,0.10236906900162505,0.672699952480861
25555,LOF,0.18842408349208045,0.09183869114003743,0.7197372253678821
25556,LOF,0.3765356305610013,0.0894097442448254,0.5340546251941733
25557,LOF,0.18284618817037748,0.0947736181054378,0.7223801937241846
25558,LOF,0.2165888596358906,0.10505561642812329,0.6783555239359861
25559,LOF,0.3808509193430664,0.1025405620063883,0.5166085186505452
25560,LOF,0.04700130187987405,0.16086006244828427,0.7921386356718416
25561,LOF,0.11046027368604543,0.18470423076049564,0.7048354955534589
25562,LOF,0.10554980606785641,0.07477389958043164,0.8196762943517119
25563,LOF,0.09363954245565088,0.09022819080251931,0.8161322667418298
25564,LOF,0.1705826773647099,0.16571256434462708,0.6637047582906631
25565,LOF,0.16184276426701708,0.11766161978075235,0.7204956159522307
25566,GOF,0.0160959345358942,0.7391081195000366,0.24479594596406914
25567,LOF,0.01194545023991591,0.15874814701598008,0.829306402744104
25568,LOF,0.05152767543287152,0.0724880912800829,0.8759842332870456
25569,LOF,0.06359637644874215,0.07574995105817647,0.8606536724930813
25570,LOF,0.05670416600434971,0.11331220776667099,0.8299836262289793
25571,LOF,0.05200823367729977,0.10629535516141292,0.8416964111612874
25572,LOF,0.0643003593775103,0.14441361079460122,0.7912860298278885
25573,LOF,0.02564688498231596,0.10389936180944763,0.8704537532082364
25574,LOF,0.014244786344123336,0.17673390551862267,0.809021308137254
25575,LOF,0.04197671949301187,0.12340279401429144,0.8346204864926968
25576,LOF,0.017549651447423348,0.1300868384108444,0.8523635101417323
25577,LOF,0.013450460916502203,0.15009347781765658,0.8364560612658412
25578,LOF,0.24254913205476875,0.10212130814839891,0.6553295597968323
25579,LOF,0.24257423112548096,0.10100348782085115,0.6564222810536678
25580,LOF,0.028970556712114,0.08789357543158004,0.8831358678563059
25581,LOF,0.05372368252069057,0.07725684519204845,0.8690194722872611
25582,LOF,0.05362786552451198,0.074679860830531,0.871692273644957
25583,LOF,0.043114750401448805,0.10425232479448836,0.8526329248040627
25584,Neutral,0.46836773619336175,0.11075407562717472,0.4208781881794634
25585,LOF,0.032900683117775636,0.11730614788173131,0.8497931690004931
25586,LOF,0.029554056884352645,0.09172556017508132,0.878720382940566
25587,LOF,0.02821148580003873,0.0854194383814506,0.8863690758185105
25588,LOF,0.0309606183362529,0.10694311331322286,0.8620962683505242
25589,Neutral,0.5790195303172173,0.14465573053691638,0.2763247391458662
25590,LOF,0.02737130053507327,0.13891772585440743,0.8337109736105194
25591,LOF,0.10809814534714922,0.06403662982038996,0.8278652248324607
25592,LOF,0.0837790664545903,0.15321564780858096,0.7630052857368287
25593,LOF,0.019618061210483016,0.28394954230241254,0.6964323964871044
25594,LOF,0.03736814419476056,0.20718469738305242,0.755447158422187
25595,LOF,0.0527897470873104,0.16996090154563642,0.7772493513670531
25596,LOF,0.06551545688386995,0.08558017925463972,0.8489043638614903
25597,LOF,0.05097808722800894,0.08865219086305692,0.8603697219089341
25598,LOF,0.04894629955921752,0.1810514341406943,0.7700022663000882
25599,GOF,0.009119745488062474,0.7938792643895701,0.1970009901223674
25600,GOF,0.012686925824573047,0.5710604879425211,0.41625258623290595
25601,LOF,0.00733628156999525,0.49321095180313995,0.4994527666268648
25602,LOF,0.022724263223537156,0.04804259094425529,0.9292331458322076
25603,LOF,0.050627542651527364,0.03826311043687382,0.9111093469115988
25604,LOF,0.05256803354626028,0.03983642352043316,0.9075955429333066
25605,LOF,0.013222818085233084,0.2236012334351155,0.7631759484796514
25606,LOF,0.08186214402470868,0.41977670370231684,0.49836115227297434
25607,LOF,0.0049056823757387055,0.17112468645613318,0.823969631168128
25608,LOF,0.06523566827655498,0.055390460117122384,0.8793738716063226
25609,LOF,0.03450121776568398,0.38042472331509586,0.5850740589192202
25610,LOF,0.039302748708359855,0.03191519158425899,0.928782059707381
25611,LOF,0.04128252452601624,0.029258795435953697,0.9294586800380301
25612,LOF,0.10275132247536031,0.04693288843365999,0.8503157890909796
25613,LOF,0.08684738407029795,0.04619025478355424,0.8669623611461479
25614,LOF,0.030160367606806262,0.04163202571419074,0.9282076066790029
25615,LOF,0.048300189005364785,0.042730010849653395,0.9089698001449817
25616,LOF,0.03101310696343226,0.03968679390650555,0.9293000991300623
25617,LOF,0.0293951277418212,0.04348248135622384,0.927122390901955
25618,LOF,0.18822860871650185,0.04043399749169823,0.7713373937917999
25619,LOF,0.02856668478681036,0.0399757915732156,0.931457523639974
25620,LOF,0.03413234534440652,0.049448970930880846,0.9164186837247126
25621,LOF,0.02883312769367108,0.0406460736355578,0.9305207986707711
25622,LOF,0.03186296866151443,0.048395168610442095,0.9197418627280435
25623,LOF,0.08161658167754064,0.03566457882573627,0.8827188394967231
25624,LOF,0.02571745934647735,0.049114065699384785,0.9251684749541378
25625,LOF,0.03287793153592625,0.05130506591345397,0.9158170025506197
25626,LOF,0.07419692312287282,0.03656525393519599,0.8892378229419312
25627,Neutral,0.5288907153899023,0.15820793444514375,0.3129013501649539
25628,LOF,0.19547294645312793,0.08204163712047031,0.7224854164264017
25629,LOF,0.07072792225395773,0.12760402716846608,0.8016680505775762
25630,LOF,0.15819870905813066,0.1264507370456462,0.7153505538962233
25631,Neutral,0.5738707667700939,0.11455720628829116,0.31157202694161495
25632,LOF,0.022566655175742537,0.07412637304674358,0.903306971777514
25633,LOF,0.22590943752993148,0.08373562627607087,0.6903549361939976
25634,LOF,0.03799934809632429,0.10503919065000063,0.8569614612536751
25635,LOF,0.03335193661815916,0.09348853665379635,0.8731595267280445
25636,GOF,0.005226158851179316,0.5873345404510929,0.40743930069772766
25637,GOF,0.00434142750345943,0.5182661911249714,0.47739238137156914
25638,LOF,0.009748194100375187,0.4208149975016483,0.5694368083979766
25639,LOF,0.004909891427888187,0.3995507319773512,0.5955393765947606
25640,GOF,0.45635183488351605,0.5000185578430115,0.04362960727347246
25641,LOF,0.007389756457995589,0.34669030685687074,0.6459199366851337
25642,LOF,0.2649142122957307,0.08617380174113257,0.6489119859631367
25643,LOF,0.272141012792717,0.28022969786140356,0.44762928934587937
25644,LOF,0.019550013280988588,0.44643025375392176,0.5340197329650898
25645,LOF,0.01834066901352949,0.41434351294063976,0.5673158180458308
25646,LOF,0.020096473432930053,0.24435456573725547,0.7355489608298144
25647,LOF,0.018483818188068643,0.20146577261598445,0.7800504091959468
25648,LOF,0.015966318649795877,0.20646687000840766,0.7775668113417966
25649,LOF,0.014181574143360921,0.16506786747752425,0.8207505583791147
25650,LOF,0.034164722434633504,0.45414498458623553,0.5116902929791309
25651,LOF,0.011581147373182235,0.20116511747375984,0.787253735153058
25652,LOF,0.02036500981753332,0.2056477933939788,0.7739871967884878
25653,LOF,0.08126535670218353,0.33872042299662225,0.5800142203011942
25654,LOF,0.014898001410112886,0.17629060644248895,0.8088113921473982
25655,LOF,0.10731608903369153,0.253945508708811,0.6387384022574975
25656,LOF,0.0543210795558644,0.05363444752601892,0.8920444729181166
25657,LOF,0.26525363722649337,0.023061174561567987,0.7116851882119387
25658,LOF,0.04058304855085252,0.06924792331051549,0.890169028138632
25659,LOF,0.2623558426428271,0.04588428921488735,0.6917598681422856
25660,LOF,0.07190897927554163,0.10886128058872108,0.8192297401357373
25661,LOF,0.053060212324799176,0.07649050574813945,0.8704492819270614
25662,LOF,0.02782317530946322,0.04856155985616967,0.9236152648343671
25663,LOF,0.03786126608559399,0.07766742505790218,0.8844713088565038
25664,LOF,0.0323248970106285,0.10504108122725146,0.86263402176212
25665,LOF,0.04852308012507446,0.05472851911017276,0.8967484007647528
25666,LOF,0.03596778006122953,0.1573234528659771,0.8067087670727933
25667,LOF,0.028567159018502482,0.060531399362395995,0.9109014416191015
25668,LOF,0.03401719666462493,0.0642392696429377,0.9017435336924373
25669,LOF,0.04238667323639393,0.09825770668836609,0.8593556200752399
25670,LOF,0.14657105468899986,0.08073828840700732,0.7726906569039927
25671,LOF,0.03734336716611275,0.05212184786646781,0.9105347849674194
25672,LOF,0.057482640065110176,0.081770114445474,0.8607472454894158
25673,LOF,0.038811911283711205,0.07990879945196588,0.8812792892643229
25674,LOF,0.029437017779294024,0.09344156371985333,0.8771214185008526
25675,LOF,0.03734980783887144,0.06682213650459799,0.8958280556565307
25676,LOF,0.029202137540906073,0.06503605782386819,0.9057618046352257
25677,LOF,0.06021160207654213,0.06968384409605523,0.8701045538274027
25678,LOF,0.22740691048321568,0.057786329404343,0.7148067601124413
25679,LOF,0.15885573480732176,0.08123212402287389,0.7599121411698044
25680,LOF,0.06147031483801036,0.10193108753134532,0.8365985976306443
25681,LOF,0.10780106275310125,0.09304174570320314,0.7991571915436956
25682,LOF,0.040477079299495754,0.08248003305960759,0.8770428876408966
25683,LOF,0.0711921863301588,0.11034791219481034,0.8184599014750309
25684,LOF,0.0486225390049525,0.07906105201046794,0.8723164089845795
25685,LOF,0.11243560215868857,0.0341152995578599,0.8534490982834515
25686,LOF,0.03358983649374566,0.08009818002503055,0.8863119834812238
25687,LOF,0.06779097233826986,0.07070395021535442,0.8615050774463757
25688,LOF,0.025285143136512145,0.11818684606459574,0.8565280107988921
25689,LOF,0.019097220708905942,0.07233031336252359,0.9085724659285705
25690,LOF,0.019170761142450008,0.09869454452767279,0.8821346943298772
25691,LOF,0.18620786772333578,0.15571011201646054,0.6580820202602037
25692,LOF,0.24607864469355353,0.017850681499456598,0.7360706738069898
25693,LOF,0.04697295992039682,0.16551175393248166,0.7875152861471216
25694,LOF,0.2682204625574876,0.01379551071502786,0.7179840267274845
25695,LOF,0.18586495877368384,0.017827639170376292,0.7963074020559399
25696,LOF,0.16327635358436526,0.009828130424136458,0.8268955159914984
25697,LOF,0.132979444051845,0.03065013400280404,0.836370421945351
25698,LOF,0.03081574502116015,0.3034019462959729,0.6657823086828669
25699,LOF,0.07212145987228626,0.09293160487035568,0.8349469352573581
25700,LOF,0.029444333757243913,0.01454651736077769,0.9560091488819784
25701,LOF,0.012294367374810178,0.0972765551521738,0.8904290774730161
25702,GOF,0.02250090237538083,0.7332313029536603,0.24426779467095874
25703,LOF,0.018652598106607885,0.20847439664631143,0.7728730052470807
25704,LOF,0.0901163964322121,0.17536894259948363,0.7345146609683042
25705,LOF,0.06780608864421399,0.27910275663523537,0.6530911547205507
25706,GOF,0.03155270035983344,0.6083872042140047,0.3600600954261618
25707,GOF,0.025176642595701775,0.6197631242245001,0.35506023317979807
25708,GOF,0.006666825766231566,0.6090103590669984,0.3843228151667699
25709,LOF,0.018506247001184247,0.09204393000660796,0.8894498229922078
25710,LOF,0.006020435460131542,0.20672030449794346,0.7872592600419249
25711,LOF,0.02038399755180473,0.14126229401953616,0.838353708428659
25712,LOF,0.007191142787833174,0.2537336160665863,0.7390752411455805
25713,LOF,0.01927644504692933,0.127857915160728,0.8528656397923425
25714,LOF,0.020574075115943925,0.16357884364370714,0.8158470812403489
25715,LOF,0.020219516810546897,0.15529409460997776,0.8244863885794753
25716,LOF,0.01375058158045861,0.14418105621407484,0.8420683622054667
25717,LOF,0.005178370328825007,0.15308648422281837,0.8417351454483567
25718,LOF,0.01941699741113332,0.10960134440480503,0.8709816581840617
25719,LOF,0.03618632677041665,0.1172433293546683,0.846570343874915
25720,LOF,0.02767270126583503,0.11840675377426313,0.8539205449599019
25721,LOF,0.023989644374641426,0.11811436112848706,0.8578959944968715
25722,LOF,0.016090687429586942,0.16736126896705716,0.816548043603356
25723,LOF,0.022178329481387597,0.09929835562596295,0.8785233148926495
25724,LOF,0.024690227253242526,0.17365139106053862,0.8016583816862188
25725,LOF,0.021213300482513218,0.09704738023228114,0.8817393192852057
25726,LOF,0.015802322673650827,0.1283624038350573,0.8558352734912918
25727,LOF,0.021475180807199644,0.12267342774442871,0.8558513914483716
25728,LOF,0.020731202164792198,0.1305733564361111,0.8486954413990967
25729,LOF,0.019825372215346738,0.14033824888645827,0.839836378898195
25730,LOF,0.02269855889863042,0.10102198353144663,0.8762794575699231
25731,LOF,0.009498453068500983,0.20140235354520214,0.7890991933862969
25732,LOF,0.01875873457682054,0.125106294309452,0.8561349711137275
25733,LOF,0.028516748270333913,0.11340515106934783,0.8580781006603183
25734,LOF,0.00661169557240846,0.26361733774420526,0.7297709666833863
25735,LOF,0.021191658388811672,0.09426981076298248,0.8845385308482058
25736,LOF,0.01932373354498231,0.1483947256769878,0.83228154077803
25737,LOF,0.0391058880283616,0.13682744415656387,0.8240666678150745
25738,LOF,0.019239133497450333,0.17936697389720435,0.8013938926053454
25739,LOF,0.02227430826994962,0.15916183084942687,0.8185638608806235
25740,LOF,0.04675964445830907,0.17127747879911753,0.7819628767425735
25741,LOF,0.026141578268595606,0.14686739149155895,0.8269910302398454
25742,LOF,0.042498213649423924,0.14526052312399854,0.8122412632265775
25743,LOF,0.010196041706670185,0.028565410938550476,0.9612385473547793
25744,LOF,0.14278792635387158,0.31604968355804874,0.5411623900880796
25745,LOF,0.029005854488300047,0.11227337486665605,0.8587207706450438
25746,LOF,0.012554886089294146,0.16390133318509104,0.8235437807256147
25747,LOF,0.030426819707418826,0.032248702980946925,0.9373244773116343
25748,LOF,0.26807156024343237,0.06184651835284236,0.6700819214037252
25749,LOF,0.011576222969431638,0.09434426713927163,0.8940795098912967
25750,LOF,0.016784727659471012,0.09809728804183253,0.8851179842986965
25751,LOF,0.0436305452362724,0.0595908247709536,0.896778629992774
25752,GOF,0.07504623773056908,0.7143318300618371,0.2106219322075938
25753,LOF,0.00713028450169223,0.3337128290423014,0.6591568864560062
25754,GOF,0.006956212020529616,0.8708571288985714,0.12218665908089898
25755,LOF,0.0069229746226050414,0.4108352833057158,0.5822417420716792
25756,LOF,0.031097312802394157,0.4277477083465663,0.5411549788510396
25757,GOF,0.007056335862728269,0.8593608239335085,0.13358284020376318
25758,GOF,0.00874716324214029,0.8777044016784241,0.11354843507943552
25759,GOF,0.0056901552173049125,0.5940347492071394,0.4002750955755557
25760,LOF,0.005502836284615396,0.27957664160793116,0.7149205221074534
25761,GOF,0.05432222597296113,0.8581808827780638,0.08749689124897497
25762,LOF,0.029640500568779198,0.3496274087318949,0.6207320906993259
25763,LOF,0.006699708475562509,0.2525253524621747,0.7407749390622628
25764,GOF,0.06755620312216416,0.6426196541519187,0.28982414272591706
25765,GOF,0.008600837525488257,0.8638355691425023,0.12756359333200945
25766,GOF,0.034497612414963935,0.8435871378583913,0.12191524972664489
25767,GOF,0.013270954962858678,0.567160466087888,0.4195685789492534
25768,LOF,0.0436766996559999,0.06608075530189837,0.8902425450421018
25769,LOF,0.026376741853573384,0.06625855001581174,0.9073647081306148
25770,LOF,0.14853582968063983,0.05220972217286183,0.7992544481464983
25771,LOF,0.015620181743034577,0.046302434659755774,0.9380773835972096
25772,LOF,0.026153128099724848,0.023996805737615652,0.9498500661626594
25773,LOF,0.022032243321454592,0.04614703164798347,0.931820725030562
25774,LOF,0.031545885858178975,0.07826204381236909,0.8901920703294518
25775,LOF,0.023332112207437368,0.03382475109928402,0.9428431366932787
25776,LOF,0.027178109076910067,0.02049944759751547,0.9523224433255745
25777,LOF,0.15943087332504402,0.05174663256803248,0.7888224941069235
25778,LOF,0.019873370445160177,0.04575511449069233,0.9343715150641475
25779,GOF,0.03662089387935249,0.8848167448994492,0.07856236122119832
25780,GOF,0.07293836867814371,0.8756340626306726,0.05142756869118387
25781,GOF,0.029364628682108488,0.8620320025211949,0.10860336879669653
25782,GOF,0.02784596415782285,0.9027861646052345,0.06936787123694257
25783,GOF,0.027022182865972785,0.923203664313896,0.04977415282013132
25784,GOF,0.08029094786409545,0.8728198934746528,0.0468891586612517
25785,GOF,0.08844543782835153,0.8708678241508719,0.04068673802077662
25786,GOF,0.008586419780081565,0.8736546680242558,0.11775891219566245
25787,GOF,0.18242254934991312,0.7692806039508633,0.04829684669922348
25788,LOF,0.01482427728088971,0.18475977291847256,0.8004159498006378
25789,GOF,0.01547055857133746,0.8471305603133793,0.13739888111528323
25790,GOF,0.019365896272294708,0.8739011302214654,0.10673297350623985
25791,GOF,0.022222591675401027,0.792241241705292,0.18553616661930686
25792,GOF,0.02560946218271183,0.8245183476737774,0.1498721901435107
25793,GOF,0.06321644649344617,0.8507233132150741,0.08606024029147967
25794,GOF,0.04878108864980261,0.7934431315501342,0.1577757798000631
25795,GOF,0.045259731531544056,0.7472012303515142,0.20753903811694174
25796,GOF,0.08616049978115263,0.82009710227634,0.09374239794250731
25797,GOF,0.0705759013110382,0.7602013234625526,0.16922277522640916
25798,GOF,0.005450899048695856,0.7562183534188025,0.23833074753250155
25799,GOF,0.004094087471877036,0.7085469508470437,0.2873589616810794
25800,GOF,0.025626851309821758,0.8304234086014193,0.14394974008875897
25801,GOF,0.01930721703852362,0.8904266547031414,0.09026612825833492
25802,GOF,0.028933415936120335,0.8245801633842674,0.14648642067961232
25803,GOF,0.01941650693151355,0.7136444330000833,0.2669390600684031
25804,GOF,0.030279653206476586,0.7709210513624188,0.19879929543110447
25805,GOF,0.024935369643558115,0.78523727686868,0.18982735348776192
25806,GOF,0.028046209645741123,0.7869147373325528,0.18503905302170612
25807,GOF,0.008274005339572609,0.7678791990826812,0.22384679557774625
25808,GOF,0.015524174758702991,0.7743104260934299,0.21016539914786705
25809,GOF,0.010832292016576029,0.7480459054526796,0.24112180253074453
25810,GOF,0.009007522763987039,0.736042298415169,0.2549501788208441
25811,GOF,0.046613203716116124,0.8704213404207757,0.08296545586310833
25812,GOF,0.029672865169104636,0.7992179505909939,0.17110918423990162
25813,GOF,0.12028185900714997,0.8065299202422193,0.07318822075063075
25814,GOF,0.03426106122401395,0.8092944597473212,0.15644447902866485
25815,GOF,0.06848473214954841,0.8278479978837725,0.10366726996667915
25816,GOF,0.009343745433702644,0.8694778557704992,0.12117839879579831
25817,GOF,0.1024493524912027,0.7973048888464646,0.10024575866233269
25818,GOF,0.0228010804826707,0.8171675210912179,0.1600313984261113
25819,GOF,0.05336019330282808,0.7591856523886962,0.18745415430847576
25820,GOF,0.03318435978243526,0.7301143226267287,0.23670131759083599
25821,GOF,0.022950372858401413,0.7592142297805099,0.2178353973610888
25822,GOF,0.048580657099517914,0.7626369965110398,0.18878234638944236
25823,GOF,0.026561494511469986,0.7339334828675153,0.23950502262101486
25824,GOF,0.026468755667669843,0.7810050105800479,0.19252623375228228
25825,GOF,0.02136859829091813,0.7722775590601066,0.2063538426489751
25826,GOF,0.008433879445074493,0.7353792401804439,0.25618688037448156
25827,GOF,0.012577227490452017,0.701102071931645,0.2863207005779031
25828,GOF,0.009857572971180003,0.7388583283201468,0.25128409870867313
25829,GOF,0.004619584656774769,0.7000798198770184,0.2953005954662069
25830,GOF,0.0334991857117993,0.4920307233234034,0.47447009096479725
25831,GOF,0.05242661343313926,0.7925328433161933,0.15504054325066746
25832,GOF,0.008781665507272036,0.7710097186228986,0.22020861586982934
25833,GOF,0.035014973148826116,0.8204419680458843,0.1445430588052895
25834,GOF,0.01085482518501283,0.7798428855482893,0.2093022892666979
25835,GOF,0.024252184202400936,0.8392855727761626,0.13646224302143634
25836,GOF,0.00625013497238517,0.7746091593282415,0.21914070569937322
25837,GOF,0.007637772293238775,0.7868521185124285,0.20551010919433274
25838,GOF,0.01999571745928144,0.8428829306758763,0.13712135186484234
25839,GOF,0.055747870040512834,0.8147405840849202,0.12951154587456704
25840,GOF,0.07469445931087178,0.8109138053332975,0.11439173535583087
25841,GOF,0.0733701778747982,0.837582658111483,0.08904716401371879
25842,GOF,0.02913373388224273,0.8808511223289464,0.0900151437888109
25843,GOF,0.024662006873122692,0.8878901458265333,0.08744784730034406
25844,GOF,0.018632582142703854,0.8475436338296293,0.13382378402766673
25845,GOF,0.006266769569326596,0.7789977600318517,0.2147354703988216
25846,GOF,0.0813671707951025,0.8180547393512209,0.10057808985367653
25847,GOF,0.01467551302674326,0.8842556760585113,0.1010688109147454
25848,GOF,0.021051179177497378,0.851438034289686,0.12751078653281656
25849,GOF,0.0066889849096307755,0.838263173340099,0.15504784175027023
25850,GOF,0.005986652476373829,0.7413084356041493,0.25270491191947697
25851,GOF,0.00547486902131365,0.6978659550144317,0.2966591759642546
25852,GOF,0.15671664881033304,0.5646788229969174,0.27860452819274956
25853,GOF,0.06410006882713547,0.8176193026590693,0.1182806285137952
25854,GOF,0.0052916753121016935,0.7163323825241631,0.2783759421637352
25855,GOF,0.025533096184177557,0.7114577029019036,0.263009200913919
25856,GOF,0.046849220000255126,0.7790425894689641,0.17410819053078078
25857,GOF,0.025281923907279447,0.7082086184616408,0.2665094576310797
25858,GOF,0.010186391100908774,0.7350899233546785,0.2547236855444129
25859,GOF,0.007564361360823616,0.7233957399458885,0.26903989869328804
25860,GOF,0.07524196649037967,0.7965602899113098,0.12819774359831054
25861,GOF,0.0890016790875822,0.8096297717299029,0.10136854918251485
25862,GOF,0.02342107559239143,0.8833752335330125,0.09320369087459618
25863,GOF,0.02675672352407243,0.8673939548808995,0.1058493215950281
25864,GOF,0.07112682021837483,0.8721946866804869,0.05667849310113832
25865,GOF,0.04693529412195448,0.8590725169499138,0.09399218892813167
25866,GOF,0.027034534061348064,0.8782940966811866,0.09467136925746533
25867,GOF,0.047197537157882004,0.8692963970750431,0.08350606576707492
25868,GOF,0.07275106549854307,0.8242302169754524,0.10301871752600453
25869,GOF,0.33644529023345976,0.5744931364075143,0.08906157335902588
25870,GOF,0.056876673718346836,0.6110588036972336,0.33206452258441943
25871,GOF,0.010696940087695766,0.8624582274491457,0.12684483246315859
25872,GOF,0.020007591960504924,0.838700130712438,0.14129227732705713
25873,GOF,0.02220845701466162,0.876717200620797,0.10107434236454116
25874,LOF,0.015027407255905555,0.2039432269513693,0.7810293657927251
25875,LOF,0.03638481214554485,0.06327422676952871,0.9003409610849266
25876,LOF,0.01789109249485842,0.03896701423408509,0.9431418932710566
25877,LOF,0.11701948089887157,0.09133028622649099,0.7916502328746374
25878,LOF,0.1053958035654658,0.14223856647614674,0.7523656299583875
25879,LOF,0.01809985430442397,0.09635215362580521,0.8855479920697709
25880,LOF,0.06556662146660759,0.015421320869740126,0.9190120576636523
25881,Neutral,0.4975251105122498,0.07882317805483338,0.42365171143291674
25882,LOF,0.06168675649571141,0.0262566368215039,0.9120566066827847
25883,LOF,0.026535140905301784,0.030874612196873666,0.9425902468978246
25884,LOF,0.015260407561471555,0.05448863282913692,0.9302509596093914
25885,LOF,0.173943615289446,0.013595339690976514,0.8124610450195776
25886,LOF,0.27225752780207907,0.061161141053163066,0.6665813311447578
25887,LOF,0.11871412078912826,0.10105117627625179,0.7802347029346199
25888,LOF,0.008051626571569106,0.13043367971086667,0.8615146937175642
25889,LOF,0.022390116259420688,0.040652793431386045,0.9369570903091932
25890,LOF,0.18294731511232787,0.05934054186054527,0.7577121430271267
25891,LOF,0.12390977331687317,0.02421492102618162,0.8518753056569452
25892,LOF,0.009771733426360781,0.0348892401824539,0.9553390263911853
25893,LOF,0.39191024947281,0.00977820436062188,0.5983115461665681
25894,LOF,0.4129380501639572,0.00640744576333778,0.5806545040727049
25895,LOF,0.3673067762812675,0.014422721853542295,0.6182705018651902
25896,LOF,0.07505182087923916,0.031544181246074256,0.8934039978746867
25897,LOF,0.14850104382898846,0.010233041790439257,0.8412659143805723
25898,LOF,0.1207512465324997,0.036856046889742845,0.8423927065777574
25899,LOF,0.417606635301138,0.03283373424414828,0.5495596304547137
25900,Neutral,0.5010791906367755,0.009862984430081814,0.4890578249331427
25901,LOF,0.06711245652094028,0.012957782375173862,0.9199297611038859
25902,LOF,0.19327579669209163,0.014405549892017169,0.7923186534158912
25903,LOF,0.33549935021064853,0.029772742851796787,0.6347279069375547
25904,Neutral,0.5125881972355646,0.045821088725507504,0.44159071403892797
25905,LOF,0.006225070791257121,0.40941990518626986,0.5843550240224731
25906,LOF,0.008103767197014089,0.07304185723855079,0.9188543755644352
25907,LOF,0.006989568140667303,0.2724402552677775,0.7205701765915553
25908,LOF,0.006912777058201826,0.269506206998397,0.7235810159434012
25909,LOF,0.028340296673524577,0.1079664111052614,0.8636932922212142
25910,LOF,0.012548615567101556,0.14793368806695767,0.8395176963659408
25911,LOF,0.2166692647465458,0.02264877560365484,0.7606819596497993
25912,LOF,0.1065092740794034,0.02084976960858728,0.8726409563120092
25913,LOF,0.02472503716830999,0.028748896918554746,0.9465260659131352
25914,LOF,0.03689755369433821,0.025753547393658704,0.937348898912003
25915,LOF,0.20348860755990333,0.11243942284882112,0.6840719695912756
25916,LOF,0.024225631118878595,0.0589431710695345,0.9168311978115868
25917,LOF,0.07286834665482596,0.02420354315709919,0.902928110188075
25918,LOF,0.039922477481821,0.013784199887229927,0.9462933226309491
25919,LOF,0.03519937417839845,0.013157168467892185,0.9516434573537095
25920,LOF,0.35800479538959573,0.23934188805520165,0.40265331655520264
25921,LOF,0.01466760570596063,0.018094240373158207,0.9672381539208811
25922,LOF,0.017274934123555657,0.01820536907199487,0.9645196968044495
25923,LOF,0.4411229732854608,0.014358893885643358,0.5445181328288958
25924,LOF,0.02438145450813914,0.026138481927107445,0.9494800635647533
25925,LOF,0.0978775067843657,0.025629534479455877,0.8764929587361785
25926,LOF,0.08193838892982423,0.023431674837308254,0.8946299362328676
25927,LOF,0.022533206062959013,0.047887966047118286,0.9295788278899227
25928,LOF,0.01074786548035414,0.029223147979128394,0.9600289865405175
25929,Neutral,0.5643454466403196,0.013767933953123288,0.4218866194065571
25930,LOF,0.08554619310767259,0.012754031682556585,0.9016997752097708
25931,LOF,0.012987832627133442,0.017566744373345818,0.9694454229995209
25932,LOF,0.06518173824537851,0.016755684901776507,0.9180625768528451
25933,LOF,0.06116975902949053,0.010130509605777016,0.9286997313647325
25934,LOF,0.060214327362143126,0.008636811929258262,0.9311488607085985
25935,LOF,0.08986340311901259,0.03058995772051056,0.8795466391604768
25936,LOF,0.11136170868672791,0.009474915035740909,0.8791633762775312
25937,LOF,0.02344470009387562,0.013098375620157433,0.963456924285967
25938,LOF,0.09229756820057682,0.026138323356369047,0.8815641084430542
25939,LOF,0.051031466331704106,0.012656404406297905,0.9363121292619979
25940,LOF,0.008636520772451408,0.4660663626962121,0.5252971165313366
25941,LOF,0.4597020618305531,0.04413696141421236,0.4961609767552344
25942,LOF,0.010524342798310877,0.04109117614914448,0.9483844810525446
25943,LOF,0.04458887482004954,0.15159979230762713,0.8038113328723233
25944,LOF,0.03969133004412046,0.06842753162450438,0.8918811383313751
25945,LOF,0.12162912391695307,0.0253209613511564,0.8530499147318906
25946,LOF,0.06857185147830208,0.035701419798909964,0.8957267287227879
25947,Neutral,0.5246283701481458,0.08304912891320518,0.392322500938649
25948,LOF,0.4092519661480887,0.01717329860177622,0.5735747352501351
25949,LOF,0.19288791116972925,0.0757739956623769,0.7313380931678939
25950,GOF,0.08429733540745808,0.5531045406034398,0.3625981239891022
25951,LOF,0.015776035389247375,0.4657547305979182,0.5184692340128345
25952,LOF,0.25634346823624604,0.21640201885551552,0.5272545129082383
25953,LOF,0.00900459043471987,0.2702063070278928,0.7207891025373874
25954,LOF,0.0892066325612611,0.41058861220020487,0.500204755238534
25955,LOF,0.00890371031160061,0.23155484484682362,0.7595414448415758
25956,LOF,0.01688747281787511,0.3185363040585676,0.6645762231235572
25957,LOF,0.1686437504867408,0.03203304164749786,0.7993232078657614
25958,LOF,0.027590199885083846,0.06315508495922051,0.9092547151556957
25959,GOF,0.005918695605337941,0.7338073947738977,0.26027390962076435
25960,LOF,0.004665736451320782,0.12507378123798582,0.8702604823106933
25961,LOF,0.025679588183251615,0.04930311036690727,0.9250173014498411
25962,LOF,0.04830037155551635,0.070341621229763,0.8813580072147207
25963,LOF,0.006858360665483044,0.15267649978677814,0.8404651395477388
25964,LOF,0.02764076453455158,0.14839218112936717,0.8239670543360812
25965,LOF,0.256149638036892,0.15481479473393683,0.5890355672291712
25966,LOF,0.34275133693807686,0.11331471796083385,0.5439339451010893
25967,LOF,0.007503840417792394,0.08227185901911939,0.9102243005630881
25968,LOF,0.04329638807102933,0.2350372080006416,0.7216664039283291
25969,LOF,0.1789711656341561,0.054445591614444205,0.7665832427513997
25970,LOF,0.06583182487684268,0.07491066985661765,0.8592575052665397
25971,LOF,0.0789606324513663,0.030551953183946687,0.890487414364687
25972,LOF,0.07415968157856176,0.05692059112358653,0.8689197272978517
25973,LOF,0.06541892359097924,0.010522304506509275,0.9240587719025115
25974,LOF,0.04304950319227637,0.041691154672488205,0.9152593421352354
25975,LOF,0.03940128312338952,0.020680826075277884,0.9399178908013327
25976,LOF,0.08559927170727386,0.011227236220091075,0.9031734920726351
25977,LOF,0.24520846944603794,0.05486339894771842,0.6999281316062437
25978,LOF,0.16010698823123998,0.12282176523509927,0.7170712465336606
25979,LOF,0.13089951396881389,0.14897017653968972,0.7201303094914965
25980,LOF,0.2032349510537012,0.20699861865261654,0.5897664302936821
25981,LOF,0.20420305822173498,0.20921395876570226,0.5865829830125627
25982,LOF,0.40248920507128666,0.09404047106623123,0.5034703238624821
25983,LOF,0.40775123253858925,0.11986617552368803,0.47238259193772275
25984,LOF,0.04752389243122957,0.08801626851462571,0.8644598390541447
25985,Neutral,0.5225917341534025,0.11874432828648107,0.35866393756011644
25986,LOF,0.010761968080761599,0.47313503905806836,0.51610299286117
25987,LOF,0.04050519950351264,0.09471090822536586,0.8647838922711215
25988,LOF,0.04593929927792698,0.14141625508866995,0.8126444456334032
25989,LOF,0.05655505505783116,0.19436235885212655,0.7490825860900423
25990,LOF,0.04749876591396018,0.3069202622591021,0.6455809718269376
25991,LOF,0.025268678389328354,0.4540844578141519,0.5206468637965198
25992,LOF,0.017120513815787948,0.4012161783613364,0.5816633078228757
25993,LOF,0.025755998254378094,0.057430254841599554,0.9168137469040223
25994,LOF,0.022423189474565855,0.0606267499196541,0.9169500606057801
25995,LOF,0.019692633590224835,0.11054019564764354,0.8697671707621316
25996,GOF,0.33462525743510274,0.4125895958465056,0.2527851467183917
25997,GOF,0.061920077808324356,0.4737194667096365,0.46436045548203914
25998,LOF,0.2620574484893377,0.04211990451797951,0.6958226469926827
25999,LOF,0.04065543734105999,0.10561260567581726,0.8537319569831228
26000,LOF,0.15213471754757196,0.014137620783855723,0.8337276616685723
26001,LOF,0.24613407608370882,0.019015033601664694,0.7348508903146266
26002,LOF,0.1263620537458665,0.026726292495462312,0.8469116537586711
26003,GOF,0.006109097735522854,0.6230785091505153,0.3708123931139618
26004,GOF,0.013483095672039154,0.5934537177007115,0.3930631866272492
26005,LOF,0.004365753489316861,0.47115522756902534,0.5244790189416578
26006,GOF,0.07301347076018713,0.5107255044129347,0.4162610248268782
26007,GOF,0.008165381076414442,0.49722494582269144,0.49460967310089415
26008,GOF,0.005219473582360611,0.5703643999351423,0.42441612648249705
26009,GOF,0.00927136947052013,0.6147457987819155,0.37598283174756436
26010,GOF,0.006932390506058871,0.5595460996187004,0.43352150987524074
26011,LOF,0.003912410556461407,0.41293623997654477,0.5831513494669939
26012,GOF,0.004489717472654354,0.5622632044980114,0.4332470780293342
26013,GOF,0.008217721674030386,0.5513411970868131,0.4404410812391566
26014,LOF,0.06482560136656262,0.07432779890232691,0.8608465997311106
26015,LOF,0.32937588014945157,0.025740663573342492,0.644883456277206
26016,LOF,0.26839598993746716,0.03917694708745057,0.6924270629750823
26017,LOF,0.012444743192275586,0.1694281676265001,0.8181270891812243
26018,LOF,0.024412454973959653,0.07801104071334618,0.8975765043126942
26019,LOF,0.024024562388147097,0.06887123248155255,0.9071042051303003
26020,LOF,0.00746757099734388,0.17455716585360118,0.8179752631490549
26021,LOF,0.08268412485924242,0.07127415958352552,0.8460417155572321
26022,LOF,0.03824422402328301,0.03230971391668708,0.9294460620600299
26023,LOF,0.018423670941652585,0.05119943844573032,0.930376890612617
26024,LOF,0.05091158461115875,0.05569893803752936,0.8933894773513119
26025,LOF,0.11283442447483057,0.06074782573635572,0.8264177497888138
26026,LOF,0.10905469898779024,0.04480251777535173,0.846142783236858
26027,LOF,0.025053157335136616,0.03176227417250979,0.9431845684923535
26028,LOF,0.08269815275335302,0.15690274618344768,0.7603991010631993
26029,LOF,0.02286996459134787,0.15930140974579213,0.8178286256628601
26030,LOF,0.12144695327769235,0.02284638171587673,0.855706665006431
26031,LOF,0.009986107665868037,0.14014516855034742,0.8498687237837845
26032,LOF,0.03734417951217824,0.04377207199681091,0.918883748491011
26033,LOF,0.03725659383108372,0.042174242362545696,0.9205691638063705
26034,LOF,0.013956567205223896,0.10655492027188362,0.8794885125228924
26035,LOF,0.010264944185211651,0.10239025896089396,0.8873447968538944
26036,LOF,0.010157948057626816,0.08758889391401016,0.902253158028363
26037,LOF,0.010002193621949542,0.09299608563829541,0.8970017207397551
26038,LOF,0.031583747888832316,0.03925298199019934,0.9291632701209682
26039,LOF,0.030831254528042664,0.12052597718622372,0.8486427682857337
26040,LOF,0.08418287554107685,0.11761523753385632,0.7982018869250669
26041,LOF,0.012789090884972062,0.09020142217817968,0.8970094869368483
26042,LOF,0.011857121541025637,0.0945062708367334,0.893636607622241
26043,LOF,0.030734106863975746,0.06359081377349216,0.9056750793625321
26044,LOF,0.008310760740642588,0.04173591208692601,0.9499533271724314
26045,LOF,0.07032484905372943,0.12756536935740453,0.802109781588866
26046,LOF,0.027357087959967826,0.04219941765685911,0.9304434943831731
26047,LOF,0.05661721183418976,0.043955750071425555,0.8994270380943847
26048,LOF,0.09414325773933849,0.017449481043960217,0.8884072612167013
26049,Neutral,0.9307967527292791,0.00702247698390486,0.06218077028681623
26050,Neutral,0.8948982469661974,0.00750052498301008,0.09760122805079262
26051,LOF,0.02995608334632845,0.06887509873650235,0.9011688179171691
26052,LOF,0.03136592973562245,0.05452402362993348,0.9141100466344442
26053,LOF,0.021439055084945712,0.1512484185515812,0.8273125263634731
26054,LOF,0.04990235116616444,0.03859349441076988,0.9115041544230656
26055,LOF,0.07609702508031872,0.03271317809698464,0.8911897968226966
26056,LOF,0.06215615960859709,0.041662698506261996,0.896181141885141
26057,LOF,0.04800781883695655,0.020623824950441075,0.9313683562126024
26058,LOF,0.051709394624169354,0.016371297885540356,0.9319193074902904
26059,LOF,0.2067118142758053,0.03829680298515407,0.7549913827390407
26060,LOF,0.01930880158921568,0.15862939812209148,0.8220618002886928
26061,LOF,0.011153710637684373,0.013444437513787644,0.9754018518485279
26062,LOF,0.005800100794998577,0.020528483133149412,0.9736714160718519
26063,LOF,0.03644291037447676,0.015890441566209074,0.9476666480593141
26064,LOF,0.015737196735302494,0.021989234686004576,0.9622735685786931
26065,LOF,0.04740486562226442,0.020611272368868148,0.9319838620088674
26066,LOF,0.03630091229318395,0.015410490841971153,0.9482885968648449
26067,LOF,0.03897335232119363,0.014445291487157919,0.9465813561916485
26068,LOF,0.04787295505289719,0.04922474845940877,0.9029022964876942
26069,LOF,0.24716003205251152,0.031880468777376686,0.7209594991701118
26070,LOF,0.4729058588573503,0.022380735418337353,0.5047134057243123
26071,LOF,0.04201911854843481,0.016844113780235342,0.9411367676713299
26072,LOF,0.007348489409589979,0.023199613049447315,0.9694518975409627
26073,LOF,0.03401774271877725,0.01870538914778097,0.9472768681334418
26074,Neutral,0.831100998333818,0.012983839422051698,0.15591516224413013
26075,LOF,0.050775850225380614,0.02854073762910916,0.9206834121455103
26076,LOF,0.04433753400464638,0.015769190748193905,0.9398932752471597
26077,LOF,0.14568419672131247,0.009822131216236572,0.8444936720624509
26078,LOF,0.006483924159600414,0.020926323169720144,0.9725897526706795
26079,LOF,0.05815660226410195,0.028019706181346984,0.9138236915545511
26080,LOF,0.05750795880363638,0.02812085208283691,0.9143711891135267
26081,LOF,0.03001959289809824,0.013153051871925872,0.956827355229976
26082,LOF,0.0058081307469863815,0.022341987526975162,0.9718498817260385
26083,LOF,0.09735619290787965,0.027347224354835765,0.8752965827372846
26084,LOF,0.09516957323647286,0.024762724187719333,0.8800677025758079
26085,LOF,0.08430212882116687,0.020532793321630514,0.8951650778572026
26086,LOF,0.03333970411754586,0.019301621000427937,0.9473586748820262
26087,LOF,0.03102293975274926,0.015135421314837577,0.9538416389324131
26088,LOF,0.006811348112844124,0.03493913453911622,0.9582495173480398
26089,LOF,0.04252507078536089,0.04354239386454417,0.913932535350095
26090,LOF,0.042760853312515515,0.034657333277317265,0.9225818134101673
26091,LOF,0.024919873503756875,0.011021104054161011,0.9640590224420822
26092,LOF,0.04412640313174316,0.012859155114913897,0.9430144417533429
26093,LOF,0.0775679833922553,0.008806314097417542,0.913625702510327
26094,LOF,0.030130907625424638,0.011286690954930347,0.958582401419645
26095,LOF,0.01963110456704399,0.022281174065351888,0.9580877213676041
26096,LOF,0.19865471776943067,0.005899118641555063,0.7954461635890142
26097,LOF,0.0066207445772607,0.04802663929938875,0.9453526161233505
26098,LOF,0.10931779973649486,0.0224850085893389,0.8681971916741662
26099,LOF,0.035538314641318874,0.026704294520521886,0.9377573908381591
26100,LOF,0.035529316943493885,0.026704543651385637,0.9377661394051204
26101,LOF,0.054123345944230634,0.04192743547675249,0.9039492185790169
26102,LOF,0.029485490886088466,0.02350898827210416,0.9470055208418074
26103,Neutral,0.8905979869212582,0.03213133368631765,0.07727067939242416
26104,LOF,0.054834279761716655,0.04733812889583256,0.8978275913424509
26105,LOF,0.26024706132269537,0.1030578187287254,0.6366951199485792
26106,LOF,0.30975534262462845,0.05887426840409306,0.6313703889712784
26107,LOF,0.018864292566501826,0.07395910124932704,0.9071766061841711
26108,LOF,0.26057821892039196,0.0388049398324965,0.7006168412471117
26109,LOF,0.07525645516610802,0.03550336831273287,0.8892401765211592
26110,LOF,0.389715733678717,0.0138912338811376,0.5963930324401454
26111,LOF,0.05650509207049212,0.12189064837704391,0.821604259552464
26112,LOF,0.04617950953412075,0.013059182000808281,0.9407613084650711
26113,LOF,0.10426364862691467,0.039828244971123514,0.8559081064019618
26114,LOF,0.09232562287695101,0.005666893188250744,0.9020074839347982
26115,LOF,0.01783317912959252,0.04726475436646952,0.934902066503938
26116,LOF,0.08137089025516282,0.018833039057294967,0.8997960706875422
26117,LOF,0.35236716483703934,0.05177196603688686,0.5958608691260738
26118,LOF,0.04917116032291312,0.021864124016503977,0.9289647156605829
26119,LOF,0.005238310027349272,0.10698832427445805,0.8877733656981928
26120,LOF,0.03457324578138323,0.020306421413346043,0.9451203328052706
26121,LOF,0.003419610534370055,0.16642218504205605,0.8301582044235739
