feature0,prediction,LoGoFunc_Neutral,LoGoFunc_GOF,LoGoFunc_LOF
25546,Neutral,0.6738724334952617,0.050731412266170964,0.27539615423856734
25547,Neutral,0.5090391087845318,0.09746633518211542,0.3934945560333526
25548,Neutral,0.5200719200143703,0.08106593166366205,0.39886214832196765
25549,LOF,0.4359605714972697,0.08645907710193745,0.47758035140079275
25550,LOF,0.37336624343724945,0.11252307470603279,0.5141106818567178
25551,LOF,0.3096376676832765,0.12647605156512484,0.5638862807515987
25552,LOF,0.23858878488574414,0.12480218330970551,0.6366090318045504
25553,Neutral,0.8211509028321178,0.04023496175658625,0.13861413541129586
25554,LOF,0.29234025733932867,0.11528012518297596,0.5923796174776954
25555,LOF,0.23878202666571524,0.10864479577905688,0.6525731775552278
25556,Neutral,0.46852625621875754,0.09576201325694049,0.43571173052430207
25557,LOF,0.22442470573746623,0.11728008561514186,0.6582952086473919
25558,LOF,0.2953831168458517,0.11677412632958352,0.5878427568245648
25559,LOF,0.21071535289077567,0.15325272372178492,0.6360319233874394
25560,LOF,0.07231752133814413,0.12367013445115732,0.8040123442106984
25561,LOF,0.14283210293820353,0.11149620297260704,0.7456716940891894
25562,LOF,0.059624324609228146,0.07416470223082794,0.8662109731599439
25563,LOF,0.08921481228370755,0.07124711847537114,0.8395380692409213
25564,LOF,0.22402874533980394,0.14439250669365786,0.6315787479665382
25565,LOF,0.17734082720273808,0.13433557603330354,0.6883235967639584
25566,GOF,0.02114259227361403,0.7729944869843808,0.20586292074200518
25567,LOF,0.023733639175163364,0.12165211534992101,0.8546142454749155
25568,LOF,0.0650421828101255,0.06600919932444947,0.8689486178654251
25569,LOF,0.059778524417642274,0.06531374829858032,0.8749077272837775
25570,LOF,0.03011433090218788,0.09124615410283565,0.8786395149949765
25571,LOF,0.029147708899211127,0.09596157997279768,0.8748907111279912
25572,LOF,0.03181503676434332,0.11811786206918704,0.8500671011664696
25573,LOF,0.026623239372414616,0.08622586590866195,0.8871508947189234
25574,LOF,0.01593592760358923,0.16208367211711466,0.8219804002792962
25575,LOF,0.02492683992942783,0.10887194048596825,0.8662012195846039
25576,LOF,0.012614438572752285,0.1409316277818862,0.8464539336453615
25577,LOF,0.011118668614734194,0.10478931770648457,0.8840920136787812
25578,LOF,0.29646928969948544,0.07325726830609085,0.6302734419944238
25579,LOF,0.13531195015811487,0.07847927503363146,0.7862087748082538
25580,LOF,0.0193550846945833,0.06795806996603464,0.9126868453393822
25581,LOF,0.05281898698755156,0.06274711135731574,0.8844339016551328
25582,LOF,0.052700670044966993,0.062038294466378124,0.885261035488655
25583,LOF,0.021418588745199262,0.07272394367825556,0.9058574675765451
25584,Neutral,0.5264098700268816,0.10755839583501117,0.36603173413810725
25585,LOF,0.01318798645107208,0.11770013395509782,0.8691118795938301
25586,LOF,0.019624009481671218,0.06499061721958958,0.9153853732987391
25587,LOF,0.018134131990223384,0.05784376938354513,0.9240220986262315
25588,LOF,0.019232451989213046,0.06786508036989042,0.9129024676408964
25589,Neutral,0.6487027623846838,0.1308408390135466,0.22045639860176955
25590,LOF,0.02189031269178807,0.10863625598826887,0.869473431319943
25591,LOF,0.08430650013985987,0.057730938502357866,0.8579625613577821
25592,LOF,0.057884985734491495,0.11716599931948819,0.8249490149460204
25593,LOF,0.0198940812515344,0.2537944398905125,0.7263114788579532
25594,LOF,0.044791641336007874,0.1205178944607634,0.8346904642032287
25595,LOF,0.04084861296197653,0.08972008455814608,0.8694313024798773
25596,LOF,0.05502490852858242,0.06430411556478685,0.8806709759066308
25597,LOF,0.03838442232474456,0.08065988432174055,0.8809556933535148
25598,LOF,0.04121732536625921,0.09486378980731303,0.8639188848264279
25599,GOF,0.008646076233518044,0.532675719043715,0.45867820472276694
25600,GOF,0.024491426846873988,0.613289903597988,0.36221866955513804
25601,LOF,0.012267623321928475,0.39171240350017494,0.5960199731778966
25602,LOF,0.011684997237093146,0.067204337291576,0.9211106654713308
25603,LOF,0.038803069170490666,0.025854324502845524,0.9353426063266639
25604,LOF,0.015950729273975305,0.06706582874032153,0.9169834419857033
25605,LOF,0.009298218894936792,0.20717344792121647,0.7835283331838466
25606,LOF,0.10684359342421357,0.31907421468142605,0.5740821918943604
25607,LOF,0.006007943935569357,0.21801756203740033,0.7759744940270303
25608,LOF,0.013788290897714764,0.09456489074020362,0.8916468183620817
25609,LOF,0.09953702205423583,0.40738410127439806,0.4930788766713662
25610,LOF,0.019938756629387863,0.02205063124239335,0.9580106121282187
25611,LOF,0.018620491716268027,0.024364785993829362,0.9570147222899027
25612,LOF,0.06187090060129396,0.03370886214701356,0.9044202372516924
25613,LOF,0.059611146820685225,0.03444661095983699,0.9059422422194778
25614,LOF,0.027789590970301488,0.027747498288396018,0.9444629107413025
25615,LOF,0.017096768905994052,0.03645585823604826,0.9464473728579578
25616,LOF,0.053213487258562196,0.02667762636022638,0.9201088863812114
25617,LOF,0.05017410341321904,0.028674810736646104,0.9211510858501349
25618,LOF,0.06661954093442257,0.032918086044796006,0.9004623730207815
25619,LOF,0.018220955812270692,0.029173905130785903,0.9526051390569433
25620,LOF,0.07068009075253803,0.0363616123044888,0.892958296942973
25621,LOF,0.01801570644542094,0.03151124969771061,0.9504730438568686
25622,LOF,0.022437694479955805,0.03943562648566528,0.938126679034379
25623,LOF,0.036622462478185416,0.034466549507761214,0.9289109880140534
25624,LOF,0.023012967796816084,0.03410133218163163,0.9428857000215523
25625,LOF,0.021536450144436548,0.04738759937674771,0.9310759504788158
25626,LOF,0.05716668231696199,0.030889876841268333,0.9119434408417697
25627,Neutral,0.688024188289903,0.07101149880459691,0.24096431290550022
25628,LOF,0.2207190410431124,0.03964133701496019,0.7396396219419274
25629,LOF,0.05275361878035754,0.04461533984851739,0.9026310413711252
25630,LOF,0.1801744086268215,0.07606949326241082,0.7437560981107677
25631,Neutral,0.6702422829438416,0.0464260047429885,0.2833317123131698
25632,LOF,0.007448996165701158,0.06204740755743024,0.9305035962768687
25633,LOF,0.210603191231945,0.03859528600636382,0.7508015227616911
25634,LOF,0.03005437289353397,0.07885276401217176,0.8910928630942944
25635,LOF,0.03821832540449829,0.04114860490702345,0.9206330696884782
25636,GOF,0.006297670254365021,0.5183092827187488,0.47539304702688623
25637,GOF,0.009470695671627966,0.5558335585905373,0.4346957457378348
25638,LOF,0.011326718934958319,0.27896387868202716,0.7097094023830145
25639,LOF,0.006672220589108896,0.42229028235765304,0.571037497053238
25640,Neutral,0.49367989520850303,0.4252801444760433,0.08103996031545371
25641,GOF,0.007914553672098387,0.49707632100506033,0.4950091253228414
25642,LOF,0.22665301843578506,0.11207945240602832,0.6612675291581867
25643,LOF,0.15909667431240646,0.15055360429677836,0.6903497213908153
25644,GOF,0.008561818331476732,0.5120249943307874,0.4794131873377359
25645,LOF,0.007065051071969496,0.4562965727992927,0.5366383761287378
25646,LOF,0.010433910841220272,0.37353798474255046,0.6160281044162292
25647,LOF,0.009069726267229083,0.30623996547020876,0.6846903082625622
25648,LOF,0.008818264621703728,0.301272847579149,0.6899088877991473
25649,LOF,0.007108747964840165,0.25670316332695936,0.7361880887082004
25650,LOF,0.013121533867633607,0.4413146542514509,0.5455638118809156
25651,LOF,0.005460627030392216,0.3179567859233336,0.6765825870462742
25652,LOF,0.008818142557749556,0.3127556951386789,0.6784261623035716
25653,LOF,0.02278271173558912,0.4422217400712165,0.5349955481931944
25654,LOF,0.00918802598592967,0.24679692386779553,0.7440150501462749
25655,LOF,0.03940318781750678,0.4637644932103024,0.496832318972191
25656,LOF,0.20038638720943067,0.0603633429910525,0.7392502697995168
25657,LOF,0.2668896282343442,0.03545171043104365,0.6976586613346122
25658,LOF,0.07807290585549036,0.10273855283055143,0.8191885413139581
25659,LOF,0.43673681323615393,0.07827385330668354,0.48498933345716244
25660,LOF,0.031300934408143334,0.07988505910067178,0.8888140064911848
25661,LOF,0.0994516401921526,0.05608272559370207,0.8444656342141454
25662,LOF,0.033558903350174224,0.03560945340892034,0.9308316432409055
25663,LOF,0.04272085885569889,0.048980218915265,0.9082989222290361
25664,LOF,0.049025454871397915,0.06612424489537294,0.8848503002332291
25665,LOF,0.058521072215359744,0.026705923555327193,0.914773004229313
25666,LOF,0.03799948391917028,0.08265635635042493,0.8793441597304049
25667,LOF,0.07067769878921824,0.04102851438535714,0.8882937868254246
25668,LOF,0.0379299219942248,0.04322520716916813,0.918844870836607
25669,LOF,0.035417106286056335,0.0583827408922246,0.9062001528217191
25670,LOF,0.06565600906097167,0.05657965880674601,0.8777643321322823
25671,LOF,0.09673111319961544,0.03209962517882952,0.871169261621555
25672,LOF,0.06326128025386384,0.03477843735065448,0.9019602823954816
25673,LOF,0.025006468369416175,0.04455323660375591,0.9304402950268279
25674,LOF,0.021825025918611712,0.05377156485294573,0.9244034092284427
25675,LOF,0.038390108350546084,0.05321998729337228,0.9083899043560816
25676,LOF,0.01979240454962518,0.04852089220530336,0.9316867032450715
25677,LOF,0.029485321749390895,0.06326241269454681,0.9072522655560622
25678,LOF,0.2100569038332543,0.05537865316419367,0.7345644430025521
25679,LOF,0.16652695215670787,0.08232417863461035,0.7511488692086817
25680,LOF,0.04520707036279963,0.09676999423660643,0.8580229354005938
25681,LOF,0.0735882188938181,0.09016803036278426,0.8362437507433976
25682,LOF,0.15251387985479434,0.06650233208801816,0.7809837880571875
25683,LOF,0.0842471169271091,0.10925157837485758,0.8065013046980334
25684,LOF,0.046557152056846456,0.06445452989961784,0.8889883180435358
25685,LOF,0.07995518697193732,0.04861191998536621,0.8714328930426966
25686,LOF,0.027500529910215298,0.08458200951780817,0.8879174605719765
25687,LOF,0.05153996416610692,0.07609433208985635,0.8723657037440368
25688,LOF,0.06562576966316437,0.07864841217210164,0.8557258181647339
25689,LOF,0.03587759769957997,0.08391987684225083,0.8802025254581692
25690,LOF,0.05455525399612236,0.07308492691016082,0.8723598190937167
25691,LOF,0.3139075393951229,0.08331403757295612,0.6027784230319211
25692,LOF,0.28747678467945653,0.01148825226146362,0.7010349630590799
25693,LOF,0.06118504195970711,0.3196274963802864,0.6191874616600065
25694,LOF,0.22735245939184193,0.015327498523501343,0.7573200420846569
25695,LOF,0.1322566253932718,0.020008966510588543,0.8477344080961396
25696,LOF,0.1087758448963174,0.01054474847514502,0.8806794066285376
25697,LOF,0.09472471855984602,0.02308402895002844,0.8821912524901254
25698,LOF,0.0806797291521678,0.40955646088402664,0.5097638099638055
25699,LOF,0.06264875898453341,0.07592372726533717,0.8614275137501295
25700,LOF,0.055679886856040126,0.009101987432515257,0.9352181257114447
25701,LOF,0.01707770027021565,0.09470415667267101,0.8882181430571133
25702,GOF,0.042720501676716184,0.6468530290970771,0.3104264692262067
25703,LOF,0.009363561068781417,0.1400939995568174,0.8505424393744011
25704,LOF,0.06275194602727988,0.0986837637758689,0.8385642901968512
25705,LOF,0.06901937875069451,0.2173099654760775,0.713670655773228
25706,LOF,0.025360624563434204,0.4143435841596242,0.5602957912769416
25707,LOF,0.017982991468943575,0.3446647996707738,0.6373522088602828
25708,LOF,0.00809126268293303,0.3148976436065693,0.6770110937104976
25709,LOF,0.06351926019953068,0.0457369558374368,0.8907437839630326
25710,LOF,0.005504113110060082,0.14254493929842854,0.8519509475915114
25711,LOF,0.019928129707815004,0.10483868720898087,0.8752331830832042
25712,LOF,0.007542201915268989,0.17744539475481244,0.8150124033299185
25713,LOF,0.020962100102357856,0.0910800166733792,0.8879578832242628
25714,LOF,0.06541112577250413,0.11169145467483702,0.8228974195526589
25715,LOF,0.013364045759280139,0.12801403706243233,0.8586219171782875
25716,LOF,0.006365809222913008,0.10811709693220725,0.8855170938448798
25717,LOF,0.006739610541306479,0.07941451103171579,0.9138458784269777
25718,LOF,0.014160018323285015,0.09047323943865332,0.8953667422380617
25719,LOF,0.021444958904011022,0.0836917437857025,0.8948632973102866
25720,LOF,0.022978061673524407,0.0736080566428912,0.9034138816835844
25721,LOF,0.017897280637103403,0.0976842664694309,0.8844184528934658
25722,LOF,0.016759401025473537,0.11088152972017229,0.8723590692543541
25723,LOF,0.02317626662996519,0.05532294353923777,0.921500789830797
25724,LOF,0.02133176697751562,0.08801379073679962,0.8906544422856847
25725,LOF,0.013422669706976989,0.06433593944754407,0.922241390845479
25726,LOF,0.017240821894465543,0.08991802869448996,0.8928411494110445
25727,LOF,0.01414919846593898,0.0721630752118502,0.9136877263222108
25728,LOF,0.012666101446083471,0.09707544797688561,0.8902584505770308
25729,LOF,0.013169005816687113,0.09717714565304543,0.8896538485302675
25730,LOF,0.018887472683271535,0.07563851362906153,0.9054740136876669
25731,LOF,0.008020875950447379,0.12029958658347281,0.8716795374660797
25732,LOF,0.01869876678810332,0.07480648625924724,0.9064947469526493
25733,LOF,0.018139203192333083,0.06836858129421303,0.9134922155134538
25734,LOF,0.005895923653682235,0.12636999471996738,0.8677340816263505
25735,LOF,0.015547812722597178,0.0659034858778124,0.9185487013995904
25736,LOF,0.01666902377338628,0.09210320278599793,0.8912277734406158
25737,LOF,0.023443511689266675,0.08712691993517538,0.8894295683755579
25738,LOF,0.015502269725184788,0.11538121573438918,0.8691165145404262
25739,LOF,0.02282079941311838,0.10626482983185993,0.8709143707550216
25740,LOF,0.03598339050917523,0.10355284954252618,0.8604637599482987
25741,LOF,0.017012150834562187,0.09748882387856089,0.8854990252868769
25742,LOF,0.10064813140449963,0.09983467861490727,0.7995171899805932
25743,LOF,0.01445120384650306,0.0364578961213216,0.9490909000321752
25744,LOF,0.13868653349298796,0.4107802021841718,0.4505332643228403
25745,LOF,0.021420889500824762,0.061620546172760464,0.9169585643264146
25746,LOF,0.015296695791105111,0.07289542721663358,0.9118078769922613
25747,LOF,0.025998710560470772,0.032782620776378946,0.9412186686631504
25748,LOF,0.10622884280489761,0.0574365760720182,0.8363345811230842
25749,LOF,0.013643012170170542,0.06247257387425966,0.9238844139555697
25750,LOF,0.028609608452540108,0.07536664923054438,0.8960237423169154
25751,LOF,0.10630932681054098,0.059868607799258476,0.8338220653902005
25752,GOF,0.13141502003730599,0.6092662382408782,0.2593187417218158
25753,LOF,0.00849063493156458,0.28383065027741433,0.7076787147910211
25754,GOF,0.004630772323877727,0.7772603745407195,0.21810885313540287
25755,LOF,0.009234909280700419,0.39937678924106407,0.5913883014782355
25756,LOF,0.04456032449394537,0.35337044461901634,0.6020692308870382
25757,GOF,0.005575157314040191,0.8492625464023867,0.14516229628357297
25758,GOF,0.006900239698117842,0.841574315773858,0.15152544452802405
25759,GOF,0.004054629065889058,0.5294056515546475,0.4665397193794634
25760,LOF,0.005599926918295059,0.24800349508152117,0.7463965780001838
25761,GOF,0.038381650970976094,0.8026482618006796,0.15897008722834416
25762,LOF,0.03371106593841052,0.25723408305781464,0.7090548510037749
25763,LOF,0.006574964104250104,0.18127981470311055,0.8121452211926393
25764,GOF,0.18366201409548294,0.4989497512193982,0.3173882346851189
25765,GOF,0.010005622977312317,0.7617151107515336,0.22827926627115402
25766,GOF,0.014798884974707693,0.8016112961320033,0.18358981889328904
25767,GOF,0.0270920474744556,0.5432515998960536,0.42965635262949087
25768,LOF,0.08522502033091567,0.0701381559225804,0.8446368237465041
25769,LOF,0.08068441592991668,0.06358021264701426,0.855735371423069
25770,LOF,0.33290286171764905,0.07708555344751145,0.5900115848348395
25771,LOF,0.013557037394135536,0.06398667208530266,0.9224562905205617
25772,LOF,0.021638500068608246,0.028684134428675668,0.9496773655027161
25773,LOF,0.012654444336519521,0.11662467129902056,0.8707208843644599
25774,LOF,0.027356779745059175,0.07598356682552933,0.8966596534294116
25775,LOF,0.015216620760159243,0.04590686132232964,0.9388765179175111
25776,LOF,0.08529995050320403,0.024469326948153847,0.890230722548642
25777,LOF,0.30223374416708226,0.04921629348253506,0.6485499623503825
25778,LOF,0.06930403184887732,0.0486801161578478,0.8820158519932748
25779,GOF,0.07217422370282792,0.842282466236591,0.08554331006058111
25780,GOF,0.06949908006810368,0.8275896649262625,0.10291125500563365
25781,GOF,0.02576076602907574,0.8316358908083901,0.14260334316253423
25782,GOF,0.0341997333537187,0.8652098128435373,0.10059045380274396
25783,GOF,0.01248107676830922,0.6388317423919608,0.34868718083973005
25784,GOF,0.12517490452790206,0.8003236413569959,0.074501454115102
25785,GOF,0.07238847382773332,0.8563716798262442,0.07123984634602247
25786,GOF,0.006105472771304891,0.7768247738189399,0.21706975340975523
25787,GOF,0.22187834300522064,0.7268838804289842,0.05123777656579521
25788,LOF,0.04607239733648447,0.11046089994447351,0.8434667027190421
25789,GOF,0.03333938519504258,0.7616994091927961,0.20496120561216138
25790,GOF,0.03174772239229274,0.7958614466395024,0.17239083096820484
25791,GOF,0.02647818218822523,0.7370080317643904,0.23651378604738435
25792,GOF,0.05012505828780926,0.7254152318454222,0.22445970986676858
25793,GOF,0.06982253449143917,0.6817823969299801,0.24839506857858068
25794,GOF,0.08777589690614168,0.6408896425833426,0.2713344605105157
25795,GOF,0.02773858281824531,0.709840895750569,0.2624205214311858
25796,GOF,0.13195120954752712,0.7245587797812079,0.14349001067126493
25797,GOF,0.03549230626961516,0.550968550698003,0.41353914303238176
25798,GOF,0.0032317182398619213,0.5188281229673213,0.4779401587928168
25799,LOF,0.003071053050886041,0.4122426391433939,0.5846863078057201
25800,GOF,0.010649891182344422,0.5853207431615546,0.4040293656561011
25801,GOF,0.03743209318579641,0.7708688186964765,0.19169908811772718
25802,GOF,0.018802988769724152,0.7027296908631918,0.27846732036708416
25803,GOF,0.010411703039721143,0.5593200542697864,0.4302682426904926
25804,LOF,0.011197422188829301,0.4647852530677,0.5240173247434706
25805,GOF,0.019849005312325762,0.6015397793774481,0.3786112153102262
25806,GOF,0.017857335158010666,0.5940372067199222,0.3881054581220671
25807,GOF,0.005794273602594677,0.6213136547409177,0.3728920716564875
25808,GOF,0.013926086006038325,0.6212199305412851,0.36485398345267667
25809,GOF,0.00617244680795009,0.5765644618603001,0.41726309133174994
25810,GOF,0.004992659893203457,0.5992709937721128,0.39573634633468374
25811,GOF,0.09807189277798084,0.766669364965748,0.13525874225627108
25812,GOF,0.012347916394386293,0.5855005982364138,0.4021514853691999
25813,GOF,0.1166238770978421,0.6777902646639005,0.20558585823825754
25814,GOF,0.030037942791304652,0.668637493413137,0.3013245637955583
25815,GOF,0.03921283792353473,0.6650775378917717,0.29570962418469354
25816,GOF,0.006877945337255105,0.7231852908648154,0.2699367637979294
25817,GOF,0.058528135255862715,0.7565441141964706,0.18492775054766672
25818,GOF,0.017170144293087202,0.6675344782524658,0.31529537745444713
25819,GOF,0.0706769275510958,0.7058506691432265,0.22347240330567772
25820,GOF,0.03226645299821877,0.7015458092726655,0.26618773772911564
25821,GOF,0.01635891674290489,0.6766265205040574,0.30701456275303773
25822,GOF,0.03495382489108657,0.6869340275055892,0.2781121476033242
25823,GOF,0.0114383622281922,0.5380366735543973,0.4505249642174105
25824,GOF,0.019225812282686258,0.6592445354227647,0.32152965229454894
25825,GOF,0.011273105022508905,0.6348924837263781,0.35383441125111303
25826,GOF,0.004796112608297004,0.6195366105707267,0.3756672768209762
25827,GOF,0.007376354029335366,0.631319659654948,0.3613039863157167
25828,GOF,0.004704993635218473,0.5475495566999679,0.44774544966481356
25829,GOF,0.0026348707876257555,0.5752061112396479,0.42215901797272637
25830,LOF,0.042228177598701615,0.28397877313704417,0.6737930492642542
25831,GOF,0.0566792274070765,0.7687069628673587,0.17461380972556478
25832,GOF,0.007938792606892894,0.7193841731298662,0.2726770342632409
25833,GOF,0.034173670919985036,0.7535189383191725,0.2123073907608425
25834,GOF,0.009102527984644945,0.7277774316461403,0.2631200403692148
25835,GOF,0.0203477302454539,0.7707013824374482,0.208950887317098
25836,GOF,0.00748677999296942,0.69383155855771,0.2986816614493206
25837,GOF,0.0069162291669867156,0.6302110630974611,0.36287270773555225
25838,GOF,0.024180057441235223,0.7926304727406642,0.1831894698181007
25839,GOF,0.05134559110673555,0.7329802549306554,0.21567415396260897
25840,GOF,0.04767977175809105,0.7526961755547298,0.19962405268717914
25841,GOF,0.04597131945007002,0.77284649002409,0.1811821905258398
25842,GOF,0.02780453575268139,0.8163118149397559,0.1558836493075626
25843,GOF,0.0304208513412939,0.8441430549010097,0.12543609375769646
25844,GOF,0.019425564603890496,0.7314582193649903,0.2491162160311191
25845,GOF,0.0055811104162213614,0.5422802459825087,0.45213864360127
25846,GOF,0.04083136884424901,0.7932955847155825,0.16587304644016837
25847,GOF,0.019532630216231934,0.848884922162775,0.13158244762099316
25848,GOF,0.01209146490970583,0.7456309753555204,0.2422775597347738
25849,GOF,0.004131694943760298,0.6335709491633417,0.36229735589289797
25850,GOF,0.005718223617484829,0.6584507650286253,0.3358310113538899
25851,GOF,0.005746211191963008,0.5514734888716503,0.4427802999363867
25852,GOF,0.1650972304873002,0.49792101050488546,0.33698175900781424
25853,GOF,0.07419786653354407,0.7939681739285762,0.13183395953787985
25854,GOF,0.007821438635439375,0.6084774642408776,0.3837010971236829
25855,GOF,0.012215017020486083,0.5745838774490586,0.4132011055304553
25856,GOF,0.04500446662291951,0.6664583320994248,0.2885372012776557
25857,GOF,0.011113034477188722,0.5217997188405583,0.467087246682253
25858,GOF,0.007031612522939119,0.5268819724836745,0.4660864149933863
25859,GOF,0.00460387584727236,0.5012772390645329,0.49411888508819474
25860,GOF,0.09159119683141208,0.7649667760500577,0.14344202711853016
25861,GOF,0.12621548181255945,0.7399844759789455,0.13380004220849498
25862,GOF,0.02255398491679436,0.8096213848023756,0.16782463028082997
25863,GOF,0.02428067604677584,0.8053682857692703,0.1703510381839538
25864,GOF,0.053158010085366685,0.8438321821184421,0.1030098077961912
25865,GOF,0.03034512406355969,0.8220911499422214,0.14756372599421894
25866,GOF,0.023589396905844877,0.7841275293154787,0.19228307377867648
25867,GOF,0.03322801527972631,0.832881553922278,0.1338904307979956
25868,GOF,0.06083041514492664,0.7557961885419439,0.18337339631312943
25869,GOF,0.33011967930967895,0.5533185386193143,0.1165617820710067
25870,GOF,0.193527957577557,0.4452158684173142,0.36125617400512894
25871,GOF,0.031333660500362445,0.7784798102275601,0.19018652927207752
25872,GOF,0.02002296373730844,0.692614657327437,0.28736237893525457
25873,GOF,0.02545737572299631,0.7380910619723527,0.23645156230465092
25874,LOF,0.016774642556955772,0.12396272964191538,0.8592626278011289
25875,LOF,0.02073382321921098,0.05145290762924947,0.9278132691515396
25876,LOF,0.014008200951637776,0.03396730614447749,0.9520244929038847
25877,LOF,0.1297050850926201,0.07934568215738566,0.7909492327499943
25878,LOF,0.05312394185141564,0.11592469678722545,0.8309513613613588
25879,LOF,0.019839155041259483,0.08678950743117368,0.8933713375275669
25880,LOF,0.04369864542326293,0.01315440032232048,0.9431469542544165
25881,Neutral,0.5149540079392705,0.031514792230074605,0.4535311998306549
25882,LOF,0.01787907218305909,0.021368043459665125,0.9607528843572757
25883,LOF,0.054211019350331784,0.019214546558522335,0.9265744340911459
25884,LOF,0.008485991853745975,0.033742741844749874,0.9577712663015042
25885,LOF,0.16404087210025725,0.005300118599100941,0.8306590093006417
25886,LOF,0.22729673033998313,0.04362015118318255,0.7290831184768343
25887,LOF,0.14205605591137332,0.03711543350988037,0.8208285105787464
25888,LOF,0.012131485868285923,0.08565793576884499,0.9022105783628691
25889,LOF,0.010066947775409354,0.02545809018670145,0.9644749620378893
25890,LOF,0.14323167784707055,0.07711343925810017,0.7796548828948292
25891,LOF,0.04563446901711921,0.0461692433928022,0.9081962875900786
25892,LOF,0.01446735814427394,0.040579638707115374,0.9449530031486106
25893,LOF,0.3797371381342953,0.012068132139671662,0.6081947297260331
25894,LOF,0.43407197600516667,0.007028085078051265,0.5588999389167821
25895,LOF,0.3673292855006707,0.012835125985378512,0.6198355885139507
25896,LOF,0.043190980777496654,0.02349671414830977,0.9333123050741936
25897,LOF,0.19829019879677376,0.01349040092283284,0.7882194002803935
25898,LOF,0.23683752154935608,0.02995323547683189,0.7332092429738121
25899,LOF,0.1766839782039877,0.025168252519252192,0.79814776927676
25900,LOF,0.47601514303749104,0.012284844688593448,0.5117000122739156
25901,LOF,0.047428317680354715,0.01064583347104074,0.9419258488486045
25902,LOF,0.10768634752451571,0.013389355542241799,0.8789242969332426
25903,LOF,0.4001105375259772,0.030578005705376898,0.5693114567686458
25904,LOF,0.31683444677669365,0.04093774205788681,0.6422278111654195
25905,LOF,0.0054251283707914145,0.40396131810817715,0.5906135535210314
25906,LOF,0.008834398283880968,0.09934162633558927,0.8918239753805297
25907,LOF,0.003851787504463588,0.3843753840218527,0.6117728284736837
25908,LOF,0.0032927481134723403,0.2767401838537583,0.7199670680327694
25909,LOF,0.012299192799090017,0.12984596402117954,0.8578548431797304
25910,LOF,0.01561393310370931,0.16719935821160542,0.8171867086846853
25911,LOF,0.18677462852254956,0.02868802781935308,0.7845373436580974
25912,LOF,0.07407136508879536,0.03467156149849916,0.8912570734127055
25913,LOF,0.06859769046757509,0.04318378961740327,0.8882185199150217
25914,LOF,0.021014184144482532,0.05026374772353223,0.9287220681319853
25915,LOF,0.15210918877567386,0.34436581912766323,0.5035249920966628
25916,LOF,0.017548865678121327,0.2254376097951623,0.7570135245267164
25917,LOF,0.05467679425267802,0.03695539014406185,0.9083678156032601
25918,LOF,0.024439328461516766,0.029014497349651346,0.9465461741888319
25919,LOF,0.021747948007681584,0.02887406714340996,0.9493779848489086
25920,LOF,0.07114572501003838,0.406746240989211,0.5221080340007507
25921,LOF,0.009812097531798824,0.03607258620627343,0.9541153162619277
25922,LOF,0.01261041057779957,0.027455127863058586,0.9599344615591419
25923,LOF,0.4788629993160127,0.03281224374925223,0.488324756934735
25924,LOF,0.015646642997183408,0.043183126751533275,0.9411702302512833
25925,LOF,0.0759062101440035,0.03850279100194476,0.8855909988540517
25926,LOF,0.05283412716665136,0.03595283977529898,0.9112130330580497
25927,LOF,0.014599045880248528,0.1516145060374014,0.8337864480823501
25928,LOF,0.007172563367308215,0.0510295740136851,0.9417978626190066
25929,Neutral,0.5957848268120833,0.03479707246649712,0.36941810072141956
25930,LOF,0.06870997496501992,0.027432586398080123,0.9038574386368999
25931,LOF,0.009780964578771483,0.03371099481308826,0.9565080406081403
25932,LOF,0.030931306661446105,0.025250433808567445,0.9438182595299865
25933,LOF,0.039094604583781306,0.017401205000473523,0.9435041904157452
25934,LOF,0.02732324655454169,0.018796094863285328,0.953880658582173
25935,LOF,0.0682044226385996,0.0487049639723486,0.8830906133890517
25936,LOF,0.04637166079073895,0.022455912372854443,0.9311724268364066
25937,LOF,0.009273251320180715,0.03867174310612395,0.9520550055736954
25938,LOF,0.06495962154828329,0.05330029996073431,0.8817400784909825
25939,LOF,0.039186006487556484,0.020217248582833854,0.9405967449296095
25940,LOF,0.007359304676193316,0.3355926607370025,0.6570480345868042
25941,Neutral,0.5154414780493207,0.04435865483994689,0.4401998671107324
25942,LOF,0.004384429409739277,0.03503834417533529,0.9605772264149254
25943,LOF,0.0317323514675041,0.11957186999751393,0.8486957785349819
25944,LOF,0.09516728883420021,0.06904466620731614,0.8357880449584836
25945,LOF,0.059520291010065646,0.01939351005708812,0.9210861989328462
25946,LOF,0.07322729608530383,0.07004776255094956,0.8567249413637466
25947,Neutral,0.4958937050996698,0.08388845852298063,0.42021783637734944
25948,LOF,0.31031615537097446,0.008674910018488751,0.6810089346105368
25949,LOF,0.07853460274258782,0.04106581592958907,0.8803995813278231
25950,GOF,0.048782766042564256,0.488151646617028,0.4630655873404078
25951,LOF,0.023313160291629578,0.34924366370430765,0.6274431760040629
25952,LOF,0.28365605520677106,0.26244241255554357,0.45390153223768526
25953,LOF,0.014067423305773097,0.1619604745024869,0.8239721021917401
25954,LOF,0.06603000993575174,0.3580081808549515,0.5759618092092967
25955,LOF,0.012003573980983815,0.09870572707820409,0.8892906989408121
25956,LOF,0.026067038468161326,0.17664753999909116,0.7972854215327475
25957,LOF,0.1329398404462523,0.0202617071814516,0.846798452372296
25958,LOF,0.05082702440960999,0.030225950752068517,0.9189470248383215
25959,LOF,0.012776090189903867,0.3711505559679482,0.616073353842148
25960,LOF,0.006241406598608817,0.05654067415669859,0.9372179192446926
25961,LOF,0.03965463223255026,0.027420647383534027,0.9329247203839156
25962,LOF,0.04467163887712575,0.03636193759564648,0.9189664235272278
25963,LOF,0.007251400731965192,0.2172518172028347,0.7754967820652
25964,LOF,0.030134068319126968,0.1591204466382131,0.8107454850426599
25965,LOF,0.4008486572351745,0.06488533025288125,0.5342660125119442
25966,Neutral,0.5374146612249213,0.1716180767896321,0.29096726198544665
25967,LOF,0.0065730980607401155,0.09176561044819918,0.9016612914910607
25968,LOF,0.03266672018501351,0.3534789910138083,0.6138542888011782
25969,LOF,0.11699588174243669,0.05838407089584722,0.8246200473617161
25970,LOF,0.0188987097638935,0.08004936281546626,0.9010519274206401
25971,LOF,0.06250959776504418,0.02624944347472082,0.911240958760235
25972,LOF,0.0627934232681725,0.03952765464359226,0.8976789220882352
25973,LOF,0.05140160135950809,0.01019780454273914,0.9384005940977528
25974,LOF,0.034158144368676785,0.03159374562563264,0.9342481100056906
25975,LOF,0.04488972199871127,0.023121819303309574,0.9319884586979792
25976,LOF,0.10039843255136435,0.009522221784405819,0.8900793456642297
25977,LOF,0.19203568123690537,0.06134487288871645,0.7466194458743782
25978,LOF,0.1470017124729008,0.10076431249891613,0.752233975028183
25979,LOF,0.13347906477805183,0.0992914257807027,0.7672295094412455
25980,LOF,0.22585468421593635,0.12547676143928538,0.6486685543447783
25981,LOF,0.25609220470895727,0.12389929616572024,0.6200084991253225
25982,LOF,0.3807717067441467,0.08406286098602908,0.5351654322698242
25983,LOF,0.36055801648061553,0.08678484496558164,0.5526571385538028
25984,LOF,0.04020019459925835,0.0501015243510642,0.9096982810496775
25985,LOF,0.37269310551798807,0.1337659329396781,0.4935409615423339
25986,LOF,0.008366552997295051,0.38772878492116647,0.6039046620815386
25987,LOF,0.030007022637061828,0.07600061667019968,0.8939923606927385
25988,LOF,0.14880306163715606,0.07264006112804824,0.7785568772347956
25989,LOF,0.032303101510169754,0.10931791387752879,0.8583789846123014
25990,LOF,0.03443167670182412,0.1756235905035968,0.7899447327945791
25991,LOF,0.01625959441890158,0.3172323081917262,0.6665080973893721
25992,LOF,0.021830038195360748,0.2946957555806621,0.6834742062239771
25993,LOF,0.02389881446157094,0.07302512911462763,0.9030760564238015
25994,LOF,0.016452476785430988,0.07082235041215024,0.9127251728024187
25995,LOF,0.02362318622925513,0.14932092277748568,0.8270558909932592
25996,LOF,0.34285304094426716,0.27890973315544426,0.3782372259002886
25997,LOF,0.06815817875870767,0.33339737157795735,0.5984444496633351
25998,LOF,0.2857929441216606,0.036677922025228744,0.6775291338531106
25999,LOF,0.016602426817107437,0.22314915686972683,0.7602484163131656
26000,LOF,0.15059888937292476,0.024634503536218582,0.8247666070908566
26001,LOF,0.32778752651695797,0.021998820231475695,0.6502136532515663
26002,LOF,0.07286151138733213,0.04134720203389216,0.8857912865787758
26003,GOF,0.003913014004087482,0.5981640467413957,0.3979229392545168
26004,GOF,0.0057370054989064785,0.6804615529673974,0.3138014415336962
26005,LOF,0.002864082716798428,0.45714252449549714,0.5399933927877043
26006,GOF,0.08855690105621761,0.5255853410877646,0.38585775785601784
26007,GOF,0.005226898199884148,0.5092685698220205,0.48550453197809534
26008,GOF,0.005292104002919101,0.5974169489374456,0.39729094705963536
26009,GOF,0.006106972641870632,0.6562620849370765,0.3376309424210528
26010,GOF,0.006739493850711107,0.646766165413189,0.34649434073609997
26011,LOF,0.002575165104239333,0.4313914117244035,0.5660334231713572
26012,GOF,0.003890805382498188,0.5263904383725774,0.4697187562449243
26013,GOF,0.005015323188001432,0.6083459713768983,0.3866387054351003
26014,LOF,0.04655631927631692,0.1036064950578875,0.8498371856657956
26015,LOF,0.17275996228312346,0.018416734718964576,0.808823302997912
26016,LOF,0.33764575939674785,0.028511021405377784,0.6338432191978743
26017,LOF,0.03138942130758654,0.17289595428802612,0.7957146244043873
26018,LOF,0.08672018777642738,0.04059349277487736,0.8726863194486952
26019,LOF,0.0822249656724397,0.03254246765331635,0.885232566674244
26020,LOF,0.010384477669552254,0.17934195647151377,0.810273565858934
26021,LOF,0.07314534828934349,0.0583907174647245,0.868463934245932
26022,LOF,0.031283355130490506,0.023383518323960406,0.9453331265455491
26023,LOF,0.05645192582869925,0.024363433977145986,0.9191846401941547
26024,LOF,0.05455782267104569,0.055712155351313915,0.8897300219776404
26025,LOF,0.06701411081879663,0.13198781311396046,0.8009980760672429
26026,LOF,0.1486795824012722,0.05076530724576511,0.8005551103529627
26027,LOF,0.06819426082432216,0.01881031836695524,0.9129954208087225
26028,LOF,0.12716126132011157,0.07458872593393194,0.7982500127459565
26029,LOF,0.030510332420247584,0.1587987371003173,0.8106909304794351
26030,LOF,0.15652542373011805,0.01966413817532962,0.8238104380945525
26031,LOF,0.014734604286288849,0.12318158889262985,0.8620838068210812
26032,LOF,0.0833672840906962,0.05134214263802698,0.8652905732712768
26033,LOF,0.09300314044648209,0.04901270809446398,0.8579841514590539
26034,LOF,0.01608649425798462,0.13064282023193852,0.8532706855100769
26035,LOF,0.013749562530240232,0.10863335235006698,0.8776170851196928
26036,LOF,0.01722016517874645,0.13551080227153897,0.8472690325497145
26037,LOF,0.011460638604349472,0.09807066772352792,0.8904686936721227
26038,LOF,0.07343660409858241,0.04779463273757229,0.8787687631638452
26039,LOF,0.02418292699737305,0.12668766939430393,0.8491294036083231
26040,LOF,0.1391342672612414,0.09823464659234893,0.7626310861464097
26041,LOF,0.013896322272351127,0.08824460839371068,0.8978590693339382
26042,LOF,0.012548699057956997,0.09001246255102385,0.8974388383910191
26043,LOF,0.07390983388881421,0.06452833293534214,0.8615618331758436
26044,LOF,0.014822329932053,0.04899721999916455,0.9361804500687826
26045,LOF,0.04989407513787165,0.0926076733206331,0.8574982515414952
26046,LOF,0.06769240717532193,0.05113638061999035,0.8811712122046877
26047,LOF,0.11014436812980487,0.05379487595271233,0.8360607559174829
26048,LOF,0.05332705319325021,0.0334942658936822,0.9131786809130675
26049,Neutral,0.96878768478835,0.005685578491783093,0.02552673671986682
26050,Neutral,0.9559222052369808,0.007034466528342457,0.03704332823467666
26051,LOF,0.012566232740942908,0.2671248203355248,0.7203089469235323
26052,LOF,0.0174048823113891,0.3042864763344054,0.6783086413542054
26053,LOF,0.021625529226030154,0.12971999988010632,0.8486544708938635
26054,LOF,0.04618738099936211,0.01853586111400268,0.9352767578866352
26055,LOF,0.06668019684876059,0.017461177823152697,0.9158586253280868
26056,LOF,0.05687909253131067,0.019764588458007465,0.9233563190106818
26057,LOF,0.03390374462136272,0.012351277209369096,0.9537449781692682
26058,LOF,0.03449304663990877,0.010982619916063915,0.9545243334440273
26059,LOF,0.3035906882714372,0.0234609294026264,0.6729483823259363
26060,LOF,0.006825068142793877,0.24601240352488637,0.7471625283323198
26061,LOF,0.0052368865239683995,0.014906578454199628,0.9798565350218321
26062,LOF,0.004364316418767622,0.018390840225688498,0.977244843355544
26063,LOF,0.022523878186396777,0.010295874452956948,0.9671802473606462
26064,LOF,0.006591013556146794,0.026949349880464622,0.9664596365633885
26065,LOF,0.02385457079900911,0.012095178447299276,0.9640502507536916
26066,LOF,0.021497187386764118,0.010893404870880733,0.967609407742355
26067,LOF,0.03122057003099104,0.009342452509717535,0.9594369774592915
26068,LOF,0.04523483768026708,0.028865068924581072,0.9259000933951519
26069,LOF,0.2935944809685572,0.018619112346269805,0.687786406685173
26070,LOF,0.4499966857520974,0.0148332341436892,0.5351700801042134
26071,LOF,0.021290243171247007,0.011280731535402445,0.9674290252933505
26072,LOF,0.005531148738021769,0.023631858288995278,0.9708369929729829
26073,LOF,0.019157749280327263,0.014136528686527238,0.9667057220331455
26074,Neutral,0.9158856655206472,0.006485631592220898,0.07762870288713176
26075,LOF,0.04937263406753565,0.014929594965184147,0.9356977709672804
26076,LOF,0.03971129717958565,0.009789638064232694,0.9504990647561817
26077,LOF,0.1271754645098756,0.008278139373259032,0.8645463961168653
26078,LOF,0.0059497240559689855,0.01383247432220116,0.9802178016218299
26079,LOF,0.05938319325768482,0.01758336299205885,0.9230334437502563
26080,LOF,0.05760103135315844,0.017617726373354087,0.9247812422734875
26081,LOF,0.030983006505646803,0.00784999900768924,0.9611669944866639
26082,LOF,0.00463341703805675,0.01706809836961378,0.9782984845923295
26083,LOF,0.14631572860301673,0.016089449317764803,0.8375948220792185
26084,LOF,0.03689084833605512,0.013707209964110612,0.9494019416998342
26085,LOF,0.033866853281964066,0.012548314574185343,0.9535848321438505
26086,LOF,0.02022050335170901,0.011644439785675975,0.968135056862615
26087,LOF,0.022698802218081224,0.009038696294428699,0.96826250148749
26088,LOF,0.005600602053268735,0.025765123908180622,0.9686342740385506
26089,LOF,0.040950462739969065,0.02242011243127944,0.9366294248287514
26090,LOF,0.04048530462724153,0.019165551571662668,0.9403491438010959
26091,LOF,0.029427472155726903,0.007291559541709198,0.9632809683025639
26092,LOF,0.02150463326212174,0.008724664556570798,0.9697707021813073
26093,LOF,0.040419396386333316,0.006912411504200993,0.9526681921094657
26094,LOF,0.0295418704068158,0.007199718528778452,0.9632584110644057
26095,LOF,0.013709436588444025,0.019734835319010692,0.9665557280925453
26096,LOF,0.15196623636438647,0.006132215493696522,0.8419015481419171
26097,LOF,0.004929246007139557,0.04022375748777038,0.95484699650509
26098,LOF,0.07707401233651585,0.014832660658406698,0.9080933270050774
26099,LOF,0.019135746136743827,0.014488381670396556,0.9663758721928596
26100,LOF,0.022317611892812287,0.013905442476442535,0.9637769456307452
26101,LOF,0.046626293056070765,0.021049263623688783,0.9323244433202406
26102,LOF,0.021233786899288995,0.015226747325224268,0.9635394657754867
26103,Neutral,0.8782102134733364,0.020195744427347503,0.10159404209931615
26104,LOF,0.07233444310347703,0.026325890171796065,0.9013396667247269
26105,LOF,0.22460990404618,0.1536092599540381,0.6217808359997818
26106,LOF,0.37985139590014233,0.11269131032316085,0.5074572937766968
26107,LOF,0.025241538655786114,0.12274018360230833,0.8520182777419055
26108,LOF,0.39864160041221114,0.04850831648791964,0.5528500830998692
26109,LOF,0.029635165586314814,0.06449397733817162,0.9058708570755135
26110,LOF,0.2018475036261327,0.007452543553712098,0.7906999528201551
26111,LOF,0.09056414591414023,0.06966853683797536,0.8397673172478843
26112,LOF,0.03131041102959977,0.006938212230350857,0.9617513767400494
26113,LOF,0.05756461287543882,0.014823729319994197,0.9276116578045669
26114,LOF,0.06364822030738017,0.015611045927695572,0.9207407337649242
26115,LOF,0.01606814918755616,0.08399514710497318,0.8999367037074706
26116,LOF,0.07139245735561169,0.0514204532903021,0.8771870893540862
26117,LOF,0.42065159128896995,0.05210851082020751,0.5272398978908225
26118,LOF,0.03267682748119913,0.025327023400840778,0.9419961491179601
26119,LOF,0.005836396268786101,0.04567850633480916,0.9484850973964047
26120,LOF,0.023520121959063167,0.019601411014049663,0.9568784670268872
26121,LOF,0.005529537774194849,0.11963414625503323,0.8748363159707719
