feature0,prediction,LoGoFunc_Neutral,LoGoFunc_GOF,LoGoFunc_LOF
25546,Neutral,0.6525815265656522,0.057916756733715866,0.28950171670063196
25547,Neutral,0.47651920934927566,0.1011977332064026,0.4222830574443217
25548,Neutral,0.470130425567217,0.08421442739480368,0.44565514703797937
25549,LOF,0.3883530047431743,0.08330438786585484,0.5283426073909708
25550,LOF,0.3398702833141481,0.11996563545764757,0.5401640812282044
25551,LOF,0.28359879288851864,0.1351970964417786,0.5812041106697027
25552,LOF,0.21376064716030926,0.1297641877837213,0.6564751650559694
25553,Neutral,0.7958040628556321,0.047540959733764446,0.15665497741060344
25554,LOF,0.26828773054288224,0.12079717372385808,0.6109150957332597
25555,LOF,0.21679513515269974,0.11398362583651231,0.669221239010788
25556,LOF,0.42524060965847066,0.09589011654596366,0.47886927379556576
25557,LOF,0.20826515189454184,0.1194397642641401,0.6722950838413181
25558,LOF,0.2732070505948666,0.12077445544270411,0.6060184939624292
25559,LOF,0.19335145592967273,0.1651063793275062,0.6415421647428211
25560,LOF,0.06609872461701449,0.12765156782387405,0.8062497075591114
25561,LOF,0.13186125487725622,0.12310400842221045,0.7450347367005333
25562,LOF,0.05772950719570483,0.0791937532697412,0.8630767395345539
25563,LOF,0.09206215776631536,0.0732307763292618,0.8347070659044228
25564,LOF,0.23227545499589328,0.1485220445582875,0.6192025004458193
25565,LOF,0.18351648939877163,0.1289798501858623,0.6875036604153661
25566,GOF,0.020321613134382605,0.7764391950971503,0.203239191768467
25567,LOF,0.025432245078991143,0.1321641533519416,0.8424036015690672
25568,LOF,0.06275256241991098,0.07004470729951064,0.8672027302805784
25569,LOF,0.055938759630623155,0.06886789095812075,0.8751933494112561
25570,LOF,0.031437569858571046,0.0984535166968475,0.8701089134445814
25571,LOF,0.03212121621042222,0.098445090516675,0.8694336932729028
25572,LOF,0.036308861214372164,0.12307489586630421,0.8406162429193236
25573,LOF,0.025680999880927986,0.09038866260343305,0.8839303375156391
25574,LOF,0.01545162222910885,0.16971628238635778,0.8148320953845333
25575,LOF,0.025780816956153745,0.11038439964462454,0.8638347833992217
25576,LOF,0.013636391323629147,0.1462388120104358,0.8401247966659351
25577,LOF,0.012252419098598196,0.11421299613687477,0.8735345847645271
25578,LOF,0.27663264949994004,0.07600793954561368,0.6473594109544464
25579,LOF,0.12110080756096846,0.08216994030829644,0.7967292521307351
25580,LOF,0.01955465104637992,0.07500915100025345,0.9054361979533666
25581,LOF,0.045273435464472746,0.06905580831648421,0.885670756219043
25582,LOF,0.04539722207855939,0.06720155608326164,0.8874012218381789
25583,LOF,0.021133531408344584,0.08203081941084768,0.8968356491808078
25584,Neutral,0.5100907037133489,0.11109110592661632,0.3788181903600349
25585,LOF,0.01357182834219821,0.12214459370037181,0.8642835779574299
25586,LOF,0.019223441667391344,0.07076576648037174,0.9100107918522369
25587,LOF,0.018171558172766254,0.0631911682556091,0.9186372735716246
25588,LOF,0.018829971569783867,0.07577467661748118,0.9053953518127349
25589,Neutral,0.6428825104844322,0.13298296064504475,0.22413452887052307
25590,LOF,0.021767666113462213,0.11468072102995508,0.8635516128565827
25591,LOF,0.07368552038754746,0.06018029377656996,0.8661341858358826
25592,LOF,0.05306640464023102,0.12365199966591607,0.8232815956938528
25593,LOF,0.020838949710794755,0.2777746035223213,0.701386446766884
25594,LOF,0.03991658044484459,0.12409680060905644,0.835986618946099
25595,LOF,0.03783539690444084,0.09244159235049916,0.86972301074506
25596,LOF,0.05270980368516292,0.07117363774398529,0.8761165585708518
25597,LOF,0.034857096338133046,0.08104506018801828,0.8840978434738487
25598,LOF,0.036770779388271765,0.09691370673255878,0.8663155138791694
25599,GOF,0.008437970020347322,0.5392030023662296,0.4523590276134231
25600,GOF,0.026827338790576402,0.6182204511003374,0.3549522101090862
25601,LOF,0.011789333176455323,0.394995897453498,0.5932147693700467
25602,LOF,0.012055319461715749,0.05459817035085667,0.9333465101874276
25603,LOF,0.04057855594987893,0.022681404157265626,0.9367400398928555
25604,LOF,0.016823455595377432,0.05296440359950269,0.9302121408051198
25605,LOF,0.009710024582200232,0.1695264566948046,0.8207635187229952
25606,LOF,0.11374015624142166,0.2579464067167654,0.6283134370418129
25607,LOF,0.006307006084571959,0.1783910763207825,0.8153019175946455
25608,LOF,0.011870366311056445,0.08674759226796315,0.9013820414209804
25609,LOF,0.07309269083071765,0.38148896771611807,0.5454183414531644
25610,LOF,0.01984133096841801,0.025045719298909804,0.9551129497326721
25611,LOF,0.018945944458486044,0.026101301902565186,0.9549527536389487
25612,LOF,0.06271880456168018,0.03653103310874447,0.9007501623295753
25613,LOF,0.05669655272650003,0.03555944380814588,0.9077440034653541
25614,LOF,0.027007359245437696,0.030609625999817168,0.9423830147547451
25615,LOF,0.016896759441442453,0.03925420747253937,0.9438490330860181
25616,LOF,0.05212279193557469,0.03032366363132887,0.9175535444330964
25617,LOF,0.0513672975739164,0.0334434073513077,0.9151892950747758
25618,LOF,0.0605340010815117,0.034046869364614187,0.9054191295538742
25619,LOF,0.018708546309480573,0.03144837005938108,0.9498430836311383
25620,LOF,0.0680168761687506,0.03891429387208409,0.8930688299591654
25621,LOF,0.018315654172746717,0.0334560370507614,0.948228308776492
25622,LOF,0.023640758328577965,0.040992817539843414,0.9353664241315787
25623,LOF,0.03430397065048083,0.03640260511940981,0.9292934242301093
25624,LOF,0.023020930229539303,0.037253021673757616,0.9397260480967031
25625,LOF,0.023187625394237098,0.050187904792780284,0.9266244698129825
25626,LOF,0.058120469672452615,0.03239156297923332,0.909487967348314
25627,Neutral,0.6102870549187737,0.0950250671996866,0.2946878778815397
25628,LOF,0.18273918441533743,0.05208854774479074,0.7651722678398718
25629,LOF,0.0367605145346155,0.06655649249764894,0.8966829929677355
25630,LOF,0.13646506953011409,0.09159803223257502,0.7719368982373108
25631,Neutral,0.6118328807593058,0.056542256091086214,0.33162486314960804
25632,LOF,0.007143663249469246,0.06889717602855415,0.9239591607219765
25633,LOF,0.2250377994905598,0.048112267924393076,0.7268499325850472
25634,LOF,0.03029781210073294,0.08499448487940371,0.8847077030198635
25635,LOF,0.04011332485070126,0.049926993144298326,0.9099596820050004
25636,LOF,0.0053465988098640276,0.4707737139352406,0.5238796872548954
25637,GOF,0.00723156262270316,0.4975855308319594,0.4951829065453374
25638,LOF,0.010695241581217037,0.23780709436801822,0.7514976640507648
25639,LOF,0.005930314834317911,0.3765996905243675,0.6174699946413146
25640,Neutral,0.49224244680926,0.42492425948135987,0.08283329370938007
25641,GOF,0.008696592983532689,0.5106451382466026,0.4806582687698647
25642,LOF,0.23383796858741807,0.12831795656414768,0.6378440748484343
25643,LOF,0.13879215045372,0.15938881943995056,0.7018190301063293
25644,GOF,0.007849404767967298,0.5205057732291618,0.4716448220028709
25645,LOF,0.006526917645872254,0.46112858621297736,0.5323444961411504
25646,LOF,0.01103008937070279,0.37524394806763,0.6137259625616671
25647,LOF,0.009084934669439505,0.3054423015964664,0.6854727637340942
25648,LOF,0.00800716442404789,0.30438004663468116,0.6876127889412711
25649,LOF,0.006809180762622606,0.25903811764949797,0.7341527015878794
25650,LOF,0.01197048734499727,0.45055625670434846,0.5374732559506543
25651,LOF,0.005185097340214231,0.30947433688657167,0.6853405657732141
25652,LOF,0.008521201911998311,0.295052572560502,0.6964262255274996
25653,LOF,0.02043334135581127,0.42309880634897534,0.5564678522952133
25654,LOF,0.008936141520025155,0.20454689131082382,0.7865169671691509
25655,LOF,0.03738478209050115,0.4417627218922689,0.52085249601723
25656,LOF,0.19715041010693646,0.055242899093077356,0.7476066907999861
25657,LOF,0.2763458278302883,0.030867635785780077,0.6927865363839315
25658,LOF,0.07474054176209885,0.10395272310489628,0.8213067351330049
25659,LOF,0.42798051123911895,0.0779181883716747,0.49410130038920647
25660,LOF,0.030977544323490657,0.08993152809911328,0.8790909275773962
25661,LOF,0.09503876471916436,0.060013966747916196,0.8449472685329195
25662,LOF,0.03166777451389099,0.036985441386363435,0.9313467840997456
25663,LOF,0.04346071719669131,0.05291651150095245,0.9036227713023561
25664,LOF,0.050605642665365894,0.07075148291182694,0.8786428744228071
25665,LOF,0.05201652419047132,0.028965296468566184,0.9190181793409624
25666,LOF,0.04059685223213827,0.0952400994495729,0.8641630483182888
25667,LOF,0.0659655930644969,0.042749877539339974,0.8912845293961632
25668,LOF,0.03668399481643277,0.04659225156350542,0.9167237536200619
25669,LOF,0.032535511352587164,0.06294783521301223,0.9045166534344007
25670,LOF,0.0675567930990723,0.06295055595464533,0.8694926509462824
25671,LOF,0.09945784725679765,0.03512713083760831,0.8654150219055939
25672,LOF,0.05374866343907311,0.03914806336436446,0.9071032731965625
25673,LOF,0.025152910435150833,0.05139668240453703,0.9234504071603122
25674,LOF,0.021534608793732923,0.06393067615996958,0.9145347150462976
25675,LOF,0.03414410898132636,0.05195090179219699,0.9139049892264766
25676,LOF,0.0201432458490046,0.05181467941466436,0.928042074736331
25677,LOF,0.029228682592348686,0.0664218964536054,0.9043494209540459
25678,LOF,0.17510564212804222,0.0589794152007816,0.7659149426711762
25679,LOF,0.17059281712389543,0.08490175085309284,0.7445054320230118
25680,LOF,0.04479042686221386,0.10682824383519403,0.8483813293025921
25681,LOF,0.06685303201206431,0.10237287643921637,0.8307740915487193
25682,LOF,0.14873253267068948,0.07089062970192013,0.7803768376273905
25683,LOF,0.08642472556990302,0.11205617435045083,0.8015191000796461
25684,LOF,0.04548997015268064,0.07152194274565724,0.8829880871016622
25685,LOF,0.09044785349993459,0.039888234795647425,0.8696639117044179
25686,LOF,0.027809424610602648,0.07299713490733126,0.8991934404820661
25687,LOF,0.05863190073970022,0.06412916482075214,0.8772389344395476
25688,LOF,0.05137527161057154,0.07180567745272076,0.8768190509367076
25689,LOF,0.026480110852359694,0.07553963520561068,0.8979802539420296
25690,LOF,0.03985809374945508,0.06401125757427385,0.8961306486762711
25691,LOF,0.2575635160372504,0.08114977633856747,0.6612867076241822
25692,LOF,0.2496224058543738,0.008982568897804185,0.7413950252478221
25693,LOF,0.05786379440763434,0.3185719428327781,0.6235642627595875
25694,LOF,0.2247443586546387,0.017644046784667185,0.757611594560694
25695,LOF,0.1418651373803919,0.022612098279177734,0.8355227643404304
25696,LOF,0.10684290345392673,0.012651835392699798,0.8805052611533735
25697,LOF,0.09273400528678459,0.02838698972445628,0.8788790049887591
25698,LOF,0.0752011384279634,0.449936704189954,0.4748621573820825
25699,LOF,0.06316156560519763,0.08698031638794268,0.8498581180068596
25700,LOF,0.051081395303390086,0.010633169939829483,0.9382854347567804
25701,LOF,0.015199142619436798,0.09830897941921879,0.8864918779613444
25702,GOF,0.039365621370050355,0.6228927656847835,0.33774161294516614
25703,LOF,0.008994245730021833,0.15254014865844606,0.838465605611532
25704,LOF,0.06038044700225817,0.10632472096694488,0.8332948320307969
25705,LOF,0.07592158582085426,0.2193832844993954,0.7046951296797503
25706,LOF,0.030090462784711863,0.39546724720646637,0.5744422900088216
25707,LOF,0.018680899753874342,0.3406794578050607,0.640639642441065
25708,LOF,0.00811776562221875,0.30336657411081136,0.6885156602669699
25709,LOF,0.06624278082566107,0.04498798698366199,0.888769232190677
25710,LOF,0.005984295570454059,0.125703783334385,0.868311921095161
25711,LOF,0.019994298546285746,0.09996610258869827,0.8800395988650159
25712,LOF,0.007835620283953005,0.16825231856563846,0.8239120611504085
25713,LOF,0.02155053730735017,0.08970945141090399,0.8887400112817458
25714,LOF,0.07310309917879258,0.10737653687467544,0.8195203639465319
25715,LOF,0.013756288019657276,0.12126775864607764,0.864975953334265
25716,LOF,0.006345707497914391,0.11971764087140106,0.8739366516306846
25717,LOF,0.00678570494533852,0.07269170970798172,0.9205225853466799
25718,LOF,0.014447417347449205,0.080925717355123,0.9046268652974278
25719,LOF,0.023191399336364774,0.07981201222591844,0.8969965884377169
25720,LOF,0.02402414278071177,0.07045400770174809,0.9055218495175401
25721,LOF,0.019517210388536974,0.09570446644939587,0.8847783231620671
25722,LOF,0.017590267226548238,0.1088436989404532,0.8735660338329986
25723,LOF,0.023327970497934614,0.053743523288915365,0.92292850621315
25724,LOF,0.02179444370668397,0.09029031271329761,0.8879152435800185
25725,LOF,0.013623191587806336,0.06557392489946005,0.9208028835127336
25726,LOF,0.01799347681720048,0.08536253917042318,0.8966439840123763
25727,LOF,0.01470128451121814,0.0714692670838225,0.9138294484049594
25728,LOF,0.012983466985946128,0.09542600713579048,0.8915905258782635
25729,LOF,0.01323824157694138,0.09612100935489006,0.8906407490681685
25730,LOF,0.018734005523166977,0.08023324678314817,0.9010327476936848
25731,LOF,0.008275926864634247,0.12758021412908913,0.8641438590062765
25732,LOF,0.019130924395317623,0.07569944940378857,0.9051696262008937
25733,LOF,0.018663678211681727,0.06610357527079039,0.915232746517528
25734,LOF,0.006114893242724876,0.12439376577715769,0.8694913409801175
25735,LOF,0.016151914335738853,0.0674047014417868,0.9164433842224744
25736,LOF,0.01702049857033162,0.09157186881709832,0.8914076326125702
25737,LOF,0.023119856332410895,0.07841218183579192,0.8984679618317972
25738,LOF,0.015905003563248393,0.11692782570751212,0.8671671707292394
25739,LOF,0.024958784828761498,0.0970403036709836,0.8780009115002548
25740,LOF,0.036405883354458955,0.10285782053243367,0.8607362961131074
25741,LOF,0.017654239165359242,0.09944751450094343,0.8828982463336973
25742,LOF,0.10577072729181683,0.0951276081913024,0.7991016645168808
25743,LOF,0.016511689812621834,0.034260056482502056,0.9492282537048762
25744,GOF,0.18339130926579789,0.4174924923297922,0.39911619840441
25745,LOF,0.023058050891219962,0.06003840094366383,0.9169035481651161
25746,LOF,0.014907222630354178,0.07173000386905634,0.9133627735005894
25747,LOF,0.028135436245592414,0.03001176742785329,0.9418527963265544
25748,LOF,0.12904382239559137,0.05366125290977307,0.8172949246946356
25749,LOF,0.014428459776796385,0.06016515793373968,0.9254063822894638
25750,LOF,0.031165073439325217,0.07415347627065721,0.8946814502900176
25751,LOF,0.1207233245742491,0.060059546209332654,0.8192171292164182
25752,GOF,0.13672711402459126,0.5766274644558012,0.28664542151960765
25753,LOF,0.009083946288398597,0.2757887945811256,0.7151272591304758
25754,GOF,0.00507818141148951,0.7845388167122167,0.21038300187629363
25755,LOF,0.010319798904041519,0.3736965750689533,0.6159836260270052
25756,LOF,0.04782372628941918,0.35666795281451685,0.595508320896064
25757,GOF,0.006104376648576341,0.8396385234961249,0.15425709985529878
25758,GOF,0.0076482050606112165,0.8273049868153074,0.1650468081240814
25759,GOF,0.004380664187061688,0.5373711224244556,0.4582482133884827
25760,LOF,0.005850300973649457,0.24263624847817447,0.7515134505481762
25761,GOF,0.04394688200365809,0.8057745642393676,0.15027855375697444
25762,LOF,0.03516405521782797,0.2790830033759434,0.6857529414062286
25763,LOF,0.006669241917701063,0.18844705963335662,0.8048836984489424
25764,GOF,0.19078085136465736,0.48135641848395827,0.3278627301513844
25765,GOF,0.011154864213389971,0.7674735495988009,0.22137158618780908
25766,GOF,0.01736122120643492,0.8032537453536315,0.1793850334399337
25767,GOF,0.024024644543221483,0.5307943054041566,0.44518105005262193
25768,LOF,0.07135014934342895,0.08179397950265667,0.8468558711539145
25769,LOF,0.08577587737938476,0.06734648638958612,0.8468776362310292
25770,LOF,0.34833455735729935,0.08381956288129822,0.5678458797614024
25771,LOF,0.014262375341459252,0.06324451009707367,0.9224931145614671
25772,LOF,0.020476980635471854,0.030273745656106025,0.949249273708422
25773,LOF,0.012067537180656136,0.11679757366939615,0.8711348891499477
25774,LOF,0.027174942330676848,0.07736897395380096,0.8954560837155222
25775,LOF,0.016346156687389483,0.053374699345805035,0.9302791439668054
25776,LOF,0.08181169310475019,0.02558828713226927,0.8926000197629805
25777,LOF,0.332002338032488,0.054319211595181445,0.6136784503723306
25778,LOF,0.07291155831445276,0.05117837699066014,0.8759100646948871
25779,GOF,0.07689909402834627,0.8524354889016706,0.07066541706998296
25780,GOF,0.06529626992390951,0.8307761490096897,0.10392758106640086
25781,GOF,0.025243596677016884,0.8361479198166694,0.13860848350631377
25782,GOF,0.033204805207935006,0.8534430567863334,0.11335213800573168
25783,GOF,0.011727924005481664,0.6522681328300449,0.33600394316447346
25784,GOF,0.130128991773828,0.7995388392504401,0.07033216897573202
25785,GOF,0.07508071514366911,0.8636104080373734,0.06130887681895739
25786,GOF,0.006301924683039701,0.7980708812856204,0.1956271940313399
25787,GOF,0.2218267478400276,0.7312190747634374,0.046954177396534916
25788,LOF,0.05143960372520127,0.1275271395406464,0.8210332567341523
25789,GOF,0.03237886077658691,0.7928956795892637,0.17472545963414937
25790,GOF,0.03400463100099724,0.8169343673019014,0.14906100169710143
25791,GOF,0.025879396397896926,0.7767607735435604,0.19735983005854257
25792,GOF,0.04618495450105324,0.7645589060400653,0.18925613945888142
25793,GOF,0.06628538319333967,0.7243070444536303,0.20940757235303015
25794,GOF,0.10068643425240503,0.6777985404724556,0.2215150252751394
25795,GOF,0.024583371570649985,0.7479978133550806,0.2274188150742693
25796,GOF,0.1242195060290381,0.7466415538307623,0.12913894014019953
25797,GOF,0.03471513954774919,0.5933386681613806,0.3719461922908702
25798,GOF,0.003338919199473851,0.5405162546709689,0.4561448261295572
25799,LOF,0.0031767213378197543,0.4369250480834001,0.5598982305787802
25800,GOF,0.011389228993070813,0.6067368843991394,0.3818738866077897
25801,GOF,0.03782201318715697,0.7968219826442975,0.16535600416854554
25802,GOF,0.017050678412763684,0.7092469745584901,0.2737023470287463
25803,GOF,0.010206139874333725,0.5714195338872881,0.41837432623837817
25804,LOF,0.011647137404608368,0.48798064307619327,0.5003722195191983
25805,GOF,0.02057191927810357,0.6182171870311801,0.36121089369071635
25806,GOF,0.0172527854236825,0.6180832541110787,0.36466396046523897
25807,GOF,0.006184384289308144,0.63798673825875,0.3558288774519418
25808,GOF,0.013862165874144306,0.646346463036623,0.33979137108923263
25809,GOF,0.006742500409639604,0.610571826482533,0.3826856731078274
25810,GOF,0.0052032061199658655,0.6256911256402311,0.369105668239803
25811,GOF,0.11673403594659447,0.7511565626618276,0.1321094013915778
25812,GOF,0.013007999282954538,0.6273770468190879,0.35961495389795745
25813,GOF,0.12936399808132573,0.7027378651204487,0.16789813679822566
25814,GOF,0.028321748678565132,0.7082640315646217,0.2634142197568132
25815,GOF,0.03812687994383817,0.715317306251303,0.24655581380485886
25816,GOF,0.00778026558965121,0.7421245106372714,0.2500952237730775
25817,GOF,0.05322504218649156,0.7794549375814498,0.16732002023205866
25818,GOF,0.01681874331046843,0.7110737901428699,0.27210746654666174
25819,GOF,0.06966660905047448,0.7148046921174368,0.2155286988320887
25820,GOF,0.03158910294343927,0.7149144092291786,0.2534964878273821
25821,GOF,0.01651413009741422,0.6888029050272663,0.29468296487531953
25822,GOF,0.034273878502394085,0.7107147476589093,0.2550113738386966
25823,GOF,0.012223931750259095,0.5544970351117139,0.433279033138027
25824,GOF,0.019786181813006107,0.6620260195899543,0.3181877985970395
25825,GOF,0.01262247185969573,0.6397487909748599,0.3476287371654445
25826,GOF,0.0053355472772026935,0.6320604036691139,0.3626040490536834
25827,GOF,0.007899961799176838,0.6392322386877529,0.3528677995130701
25828,GOF,0.005272472216733178,0.5644790955204001,0.43024843226286674
25829,GOF,0.00289130949974511,0.5985103697032684,0.39859832079698637
25830,LOF,0.04337903491502693,0.3204967615360979,0.6361242035488751
25831,GOF,0.04967669297421114,0.7967133999402095,0.15360990708557945
25832,GOF,0.00828143268976433,0.7270759402472334,0.2646426270630022
25833,GOF,0.032595642343153944,0.7689086029829986,0.1984957546738475
25834,GOF,0.009387731302432993,0.7424284803811897,0.24818378831637727
25835,GOF,0.02026647484049127,0.7882078937250249,0.1915256314344838
25836,GOF,0.008036850892743459,0.720832468010408,0.27113068109684857
25837,GOF,0.0073203904033433565,0.6547730817817639,0.3379065278148927
25838,GOF,0.025197139710912888,0.8175855217571403,0.15721733853194692
25839,GOF,0.05330326257291192,0.7758138929186079,0.17088284450848018
25840,GOF,0.05243630931984906,0.7890445754058939,0.15851911527425697
25841,GOF,0.045581709158481316,0.8139913496055087,0.1404269412360101
25842,GOF,0.029340361391262174,0.8451820358764273,0.12547760273231068
25843,GOF,0.030988493043277755,0.8660373297411339,0.10297417721558834
25844,GOF,0.020877998684165126,0.77339758346922,0.20572441784661488
25845,GOF,0.006118117427021751,0.5756309903704003,0.41825089220257794
25846,GOF,0.03789277825529321,0.8310443835111321,0.13106283823357479
25847,GOF,0.021214967083301863,0.8745118127007844,0.10427322021591383
25848,GOF,0.01289812363881024,0.7665614637687411,0.2205404125924486
25849,GOF,0.004663641393764695,0.662584044752531,0.33275231385370424
25850,GOF,0.006329819676361717,0.6976528018265686,0.2960173784970697
25851,GOF,0.006108644606001481,0.5789040428097393,0.4149873125842592
25852,GOF,0.14701462203252266,0.5266624255719266,0.32632295239555087
25853,GOF,0.06776042236172437,0.8165188961913985,0.11572068144687697
25854,GOF,0.008305127066419279,0.6389099950089361,0.35278487792464464
25855,GOF,0.01270682556357973,0.5990131998687457,0.3882799745676746
25856,GOF,0.04435958783211795,0.6862142625448627,0.26942614962301936
25857,GOF,0.012793735077692197,0.5491439341005326,0.43806233082177515
25858,GOF,0.0076035254994936755,0.5572301462787362,0.43516632822177004
25859,GOF,0.005359886087307638,0.5372343893019061,0.45740572461078616
25860,GOF,0.08589322201917006,0.7808933824013913,0.1332133955794388
25861,GOF,0.12481904918398601,0.7614123340348613,0.11376861678115278
25862,GOF,0.02130926475190232,0.8171770276469352,0.16151370760116257
25863,GOF,0.02240478766207156,0.8255743435837404,0.15202086875418797
25864,GOF,0.056127645154862606,0.8526608979802751,0.09121145686486228
25865,GOF,0.02816916936203326,0.8454052034594022,0.12642562717856448
25866,GOF,0.02407711509660723,0.8162681858962425,0.15965469900715035
25867,GOF,0.031196603799643736,0.854962278753326,0.11384111744703042
25868,GOF,0.06154459654196003,0.7792251009846091,0.1592303024734308
25869,GOF,0.31789417251918456,0.5841694546087148,0.09793637287210065
25870,GOF,0.2297441080637359,0.4745390225690685,0.2957168693671956
25871,GOF,0.034316285541787825,0.828685686582712,0.13699802787550033
25872,GOF,0.01931979588681843,0.7408286515946749,0.23985155251850665
25873,GOF,0.02525507276643498,0.8061649545504392,0.16857997268312563
25874,LOF,0.017750350474055345,0.14714807437611305,0.8351015751498316
25875,LOF,0.025009796555579316,0.050088452201934856,0.9249017512424859
25876,LOF,0.01487178887557684,0.03507127274882327,0.9500569383755999
25877,LOF,0.13413822352775032,0.07844295043237798,0.7874188260398718
25878,LOF,0.060009684937948546,0.119522735696958,0.8204675793650934
25879,LOF,0.021420866415297984,0.0899518439392227,0.8886272896454794
25880,LOF,0.044177964557386235,0.012293922726039932,0.9435281127165739
25881,Neutral,0.5130238991380641,0.0376432988763422,0.4493328019855937
25882,LOF,0.020604667665650108,0.027149668047609887,0.95224566428674
25883,LOF,0.05841330891301253,0.023634633500402957,0.9179520575865845
25884,LOF,0.009128533412611722,0.04109090694253796,0.9497805596448502
25885,LOF,0.1693304861299734,0.005897179807372196,0.8247723340626545
25886,LOF,0.25637540684808363,0.05293639244368284,0.6906882007082336
25887,LOF,0.14434168343073067,0.045719014308709546,0.8099393022605598
25888,LOF,0.013003642955519437,0.0998655401781979,0.8871308168662827
25889,LOF,0.011216228999143294,0.03188687957913345,0.9568968914217232
25890,LOF,0.1346772630253372,0.09254692116420371,0.772775815810459
25891,LOF,0.043196639992895594,0.04909876503185136,0.9077045949752529
25892,LOF,0.012992763376061842,0.04306858072380615,0.943938655900132
25893,LOF,0.41277317644671596,0.013187436231263974,0.57403938732202
25894,LOF,0.4427033621710029,0.007287182969180062,0.5500094548598171
25895,LOF,0.3709862110885216,0.014346598246602404,0.6146671906648761
25896,LOF,0.040947440775628986,0.027714138750659728,0.9313384204737114
25897,LOF,0.2096426941497522,0.014377323390581813,0.775979982459666
25898,LOF,0.26645360309597904,0.0357948002274761,0.697751596676545
25899,LOF,0.18620891826768898,0.03461139788618013,0.7791796838461309
25900,LOF,0.4905290865085685,0.01712850480888282,0.49234240868254875
25901,LOF,0.04343112234216181,0.013547606761875254,0.943021270895963
25902,LOF,0.09276048831678388,0.017239409150955856,0.8900001025322603
25903,LOF,0.4278276043540726,0.038246721379512176,0.5339256742664154
25904,LOF,0.33527396260598513,0.05360905525306225,0.6111169821409527
25905,LOF,0.005708700911907633,0.4258945907442904,0.5683967083438018
25906,LOF,0.009634013552950292,0.09300864465188244,0.8973573417951671
25907,LOF,0.004086885488200406,0.40366954199968136,0.5922435725121182
25908,LOF,0.003470851090994864,0.2921932455732943,0.7043359033357109
25909,LOF,0.013454977929667239,0.11972689292602613,0.8668181291443067
25910,LOF,0.015166168911949138,0.17125725811010506,0.8135765729779457
25911,LOF,0.1922921929826637,0.03458454990337323,0.773123257113963
25912,LOF,0.06531059780221567,0.042283644465501084,0.8924057577322831
25913,LOF,0.07770632860708344,0.04964487008340927,0.8726488013095073
25914,LOF,0.020977160928889856,0.053970827661889334,0.9250520114092209
25915,LOF,0.1398138566070461,0.34931882499442607,0.510867318398528
25916,LOF,0.018795192548204942,0.23285565021599733,0.7483491572357978
25917,LOF,0.05300501372932311,0.041522539174142815,0.9054724470965341
25918,LOF,0.026278428610385568,0.03178886674168334,0.9419327046479311
25919,LOF,0.02140329647758682,0.030401542042083583,0.9481951614803296
25920,LOF,0.05840034342659818,0.4220046202798302,0.5195950362935715
25921,LOF,0.010332416562364116,0.04199050790211737,0.9476770755355185
25922,LOF,0.013166452046687314,0.031342276023732706,0.95549127192958
25923,Neutral,0.48421183665606826,0.03891088215392293,0.4768772811900088
25924,LOF,0.01687521612898481,0.041399260013220605,0.9417255238577946
25925,LOF,0.07450186464852225,0.04788973618488179,0.8776083991665959
25926,LOF,0.055026140427314636,0.04285641526668504,0.9021174443060004
25927,LOF,0.015877076724527473,0.1488576000738142,0.8352653232016582
25928,LOF,0.007575754088025264,0.05133572759313003,0.9410885183188447
25929,Neutral,0.6027754950300632,0.041987991306298385,0.35523651366363834
25930,LOF,0.06713156159048453,0.03455388645728144,0.8983145519522341
25931,LOF,0.010384367638744773,0.034188358869898565,0.9554272734913566
25932,LOF,0.03223793051686893,0.028947782302248832,0.9388142871808822
25933,LOF,0.04106173107095513,0.019910987636085033,0.9390272812929598
25934,LOF,0.028703926191922646,0.02188963832837304,0.9494064354797044
25935,LOF,0.06636240958057894,0.05999221491436018,0.8736453755050608
25936,LOF,0.04786909364596035,0.024830888761717088,0.9273000175923225
25937,LOF,0.00960048828926544,0.039264195449347006,0.9511353162613876
25938,LOF,0.06337014787409591,0.06458173303325945,0.8720481190926447
25939,LOF,0.03828759060366201,0.024641901327833504,0.9370705080685044
25940,LOF,0.00720277908894478,0.3333432207195338,0.6594540001915213
25941,Neutral,0.5073933310248486,0.04945966938821141,0.4431469995869401
25942,LOF,0.00468619202647056,0.04102849594996463,0.9542853120235648
25943,LOF,0.03350637733323205,0.12615167173214561,0.8403419509346224
25944,LOF,0.09006865072857491,0.0749056961163253,0.8350256531550997
25945,LOF,0.05572403424437067,0.021380486248884147,0.9228954795067452
25946,LOF,0.06207284348684293,0.06309164361018907,0.8748355129029679
25947,LOF,0.45049346263043266,0.08593193162585253,0.46357460574371484
25948,LOF,0.30709468060830325,0.010026236337222957,0.6828790830544738
25949,LOF,0.0887941651791795,0.050427875818442686,0.8607779590023777
25950,GOF,0.04803873176132872,0.5018665961769511,0.4500946720617203
25951,LOF,0.021240458873796046,0.34767757140503264,0.6310819697211714
25952,LOF,0.26465819145913494,0.22676693598718478,0.5085748725536803
25953,LOF,0.014263229036729795,0.1410013230964407,0.8447354478668294
25954,LOF,0.06997772369139402,0.3539888133005191,0.5760334630080869
25955,LOF,0.011845572842409089,0.09996059707552497,0.8881938300820659
25956,LOF,0.027735759685388123,0.17867263065714128,0.7935916096574707
25957,LOF,0.13554124415323385,0.02111215130239884,0.8433466045443673
25958,LOF,0.046750897169137516,0.03421911702614052,0.919029985804722
25959,LOF,0.012908017268118176,0.3905354947502215,0.5965564879816604
25960,LOF,0.006157135033901032,0.05915590037959717,0.9346869645865018
25961,LOF,0.03574330952270042,0.03224891468652287,0.9320077757907766
25962,LOF,0.03445925849792482,0.060725028648937654,0.9048157128531376
25963,LOF,0.005062874061129174,0.26844546660401014,0.7264916593348607
25964,LOF,0.030660070302188897,0.11241971385025115,0.8569202158475601
25965,LOF,0.33910259174148144,0.09693999053760342,0.5639574177209151
25966,Neutral,0.5155961550408462,0.15813532452427992,0.3262685204348738
25967,LOF,0.007143308610754552,0.07720305555492146,0.915653635834324
25968,LOF,0.03956090239575689,0.3629103729109315,0.5975287246933116
25969,LOF,0.11172212857012537,0.059686810975980734,0.828591060453894
25970,LOF,0.019994821953863998,0.071436305328994,0.908568872717142
25971,LOF,0.06548567154837924,0.027119801666229237,0.9073945267853916
25972,LOF,0.06418611775287003,0.038891359983587837,0.8969225222635422
25973,LOF,0.05569367330930121,0.008908621287342239,0.9353977054033566
25974,LOF,0.034230992691648435,0.03205044491335784,0.9337185623949937
25975,LOF,0.04742632805759772,0.02179163798818351,0.9307820339542187
25976,LOF,0.10087056817140291,0.009959082460996757,0.8891703493676003
25977,LOF,0.19071531848251969,0.05164197951723654,0.7576427020002438
25978,LOF,0.16213506783496165,0.10665615406155382,0.7312087781034845
25979,LOF,0.1441758072772044,0.10345088420649796,0.7523733085162976
25980,LOF,0.228853063883053,0.13178554205973592,0.6393613940572112
25981,LOF,0.255325734830572,0.13097242290609995,0.6137018422633281
25982,LOF,0.40754446391328025,0.09105288929986968,0.5014026467868501
25983,LOF,0.39583626488576246,0.0942330476379475,0.50993068747629
25984,LOF,0.04319482869574647,0.049254935592935735,0.9075502357113178
25985,LOF,0.3723582659540552,0.14046788982203684,0.487173844223908
25986,LOF,0.009911196825556114,0.3850141561204547,0.6050746470539892
25987,LOF,0.032954628314261936,0.08052730041977031,0.8865180712659677
25988,LOF,0.16643938875925435,0.07668402919441408,0.7568765820463316
25989,LOF,0.03626721584845132,0.11448388857140124,0.8492488955801475
25990,LOF,0.03955585972472257,0.18111956396086965,0.7793245763144078
25991,LOF,0.015490996987192548,0.3427398408912593,0.6417691621215482
25992,LOF,0.025857373861757852,0.3059170296206221,0.6682255965176199
25993,LOF,0.023025635783341023,0.08452624894602391,0.8924481152706351
25994,LOF,0.01649215486130336,0.0833096684567622,0.9001981766819344
25995,LOF,0.02186558428136321,0.16338327062455393,0.8147511450940829
25996,LOF,0.31228170397798555,0.27740848850148553,0.41030980752052904
25997,LOF,0.06521717160900957,0.3357497242121781,0.5990331041788123
25998,LOF,0.2859103042235257,0.042844881656072205,0.671244814120402
25999,LOF,0.014985672455382737,0.2192400356413351,0.7657742919032822
26000,LOF,0.13413271956682407,0.027846009383252077,0.8380212710499239
26001,LOF,0.3140713573841549,0.021259188696462313,0.6646694539193826
26002,LOF,0.07151962595238077,0.040663588746699605,0.8878167853009196
26003,GOF,0.0037901416756615904,0.6273813661226406,0.3688284922016978
26004,GOF,0.005461941049278712,0.7084059155719792,0.2861321433787421
26005,LOF,0.0028154553057165967,0.49362872683528053,0.5035558178590029
26006,GOF,0.07712523792375392,0.5527086158485528,0.37016614622769317
26007,GOF,0.005688531919533962,0.562112521600077,0.4321989464803891
26008,GOF,0.004970299303724586,0.6308486207840571,0.36418107991221826
26009,GOF,0.005371222345153376,0.6717962261138004,0.32283255154104634
26010,GOF,0.00632660993708403,0.6874568765935624,0.3062165134693537
26011,LOF,0.002605513127997234,0.48686793333274087,0.5105265535392619
26012,GOF,0.003799178289324724,0.5467168545964909,0.44948396711418437
26013,GOF,0.004936627274735152,0.6347222117743222,0.3603411609509427
26014,LOF,0.04727544872481911,0.07900071061931971,0.8737238406558612
26015,LOF,0.14187929077718836,0.021970335461403378,0.8361503737614083
26016,LOF,0.30169774235293145,0.03379763300142987,0.6645046246456386
26017,LOF,0.02227723754601907,0.1871007695367524,0.7906219929172285
26018,LOF,0.07429301526320044,0.05016649068276691,0.8755404940540326
26019,LOF,0.07079548512606149,0.04080689929255048,0.888397615581388
26020,LOF,0.009522601421593169,0.19301425393954236,0.7974631446388645
26021,LOF,0.06808309993421208,0.06274516300048888,0.8691717370652989
26022,LOF,0.027193421748452042,0.028461933380459933,0.944344644871088
26023,LOF,0.047599084643487645,0.029071316902880468,0.9233295984536318
26024,LOF,0.04178000397701567,0.059513730167844045,0.8987062658551402
26025,LOF,0.05879992090022608,0.13131999830383018,0.8098800807959438
26026,LOF,0.1243759506511462,0.05157455703938669,0.824049492309467
26027,LOF,0.05758706510152732,0.0221507288662793,0.9202622060321933
26028,LOF,0.0967575818455914,0.11354223979355095,0.7897001783608576
26029,LOF,0.02677331007944524,0.15691314161140069,0.816313548309154
26030,LOF,0.15590283839747027,0.01870253284867399,0.8253946287538557
26031,LOF,0.013777548900660632,0.11795586281483392,0.8682665882845054
26032,LOF,0.08415064867650417,0.04723183336531627,0.8686175179581797
26033,LOF,0.08578731108742178,0.04340752521024273,0.8708051637023355
26034,LOF,0.015288637626550736,0.12797945351389348,0.8567319088595557
26035,LOF,0.012820504150849319,0.10567087638337384,0.8815086194657767
26036,LOF,0.015339723626290158,0.1266151370727785,0.8580451393009313
26037,LOF,0.011208872515986259,0.09214527297250445,0.8966458545115092
26038,LOF,0.07381202779335876,0.04347364511298817,0.8827143270936532
26039,LOF,0.02289223788475745,0.12320081286108225,0.8539069492541604
26040,LOF,0.11797613676075998,0.08983506638830369,0.7921887968509362
26041,LOF,0.012982570837470786,0.08648148672777724,0.900535942434752
26042,LOF,0.011600770145364694,0.08946299865420049,0.8989362312004349
26043,LOF,0.07300395438755167,0.0587011842609859,0.8682948613514625
26044,LOF,0.014529679447448401,0.04361887554651626,0.9418514450060353
26045,LOF,0.04845729170079593,0.08511542442106197,0.866427283878142
26046,LOF,0.06561771556018456,0.04703151257590907,0.8873507718639063
26047,LOF,0.11337502858839398,0.048881547376839536,0.8377434240347664
26048,LOF,0.05335223332996465,0.03204328973542448,0.9146044769346109
26049,Neutral,0.9690620242229265,0.005763540918483478,0.02517443485859006
26050,Neutral,0.9572659724815434,0.007127716398747072,0.03560631111970963
26051,LOF,0.012906145404469271,0.22941763490006886,0.757676219695462
26052,LOF,0.016588207430941807,0.28623275303208656,0.6971790395369717
26053,LOF,0.027256739549239063,0.13257712535615282,0.840166135094608
26054,LOF,0.04596958454518512,0.018438028748985213,0.9355923867058297
26055,LOF,0.06393438301456288,0.01831865318000589,0.9177469638054313
26056,LOF,0.05154447029489384,0.020067549282855632,0.9283879804222505
26057,LOF,0.031787781252408484,0.013533308674851323,0.9546789100727402
26058,LOF,0.03294093958825591,0.011824932580151038,0.9552341278315931
26059,LOF,0.27184954523794763,0.02582281793714908,0.7023276368249034
26060,LOF,0.006857385343739506,0.2437652248392859,0.7493773898169745
26061,LOF,0.00496428994652641,0.01267259453450358,0.98236311551897
26062,LOF,0.004192457653859937,0.017009280759435388,0.9787982615867047
26063,LOF,0.0219229754170607,0.011018796906571069,0.9670582276763683
26064,LOF,0.007405777866274377,0.024205383526690435,0.9683888386070352
26065,LOF,0.022164711013319686,0.012581193809159319,0.965254095177521
26066,LOF,0.020794532712448573,0.011019967384031491,0.9681854999035199
26067,LOF,0.028966339501415295,0.010063364821857181,0.9609702956767275
26068,LOF,0.04237755104350329,0.030242504044354475,0.9273799449121423
26069,LOF,0.2523330474735031,0.019093727902069937,0.728573224624427
26070,LOF,0.40085237432597765,0.014875919517538291,0.5842717061564842
26071,LOF,0.02047707156232389,0.012222797528436328,0.9673001309092397
26072,LOF,0.005625493511166735,0.020686649121020875,0.9736878573678125
26073,LOF,0.0174673220468083,0.014477763873416854,0.9680549140797748
26074,Neutral,0.9026805515493097,0.006341132896079654,0.09097831555461051
26075,LOF,0.043279763437671856,0.014233926229625285,0.9424863103327028
26076,LOF,0.0386072985805416,0.01070665826240839,0.9506860431570501
26077,LOF,0.12065601509317417,0.007473371296173939,0.8718706136106519
26078,LOF,0.005767889335338393,0.012386630977364838,0.9818454796872967
26079,LOF,0.05204390535361499,0.017560887657971057,0.930395206988414
26080,LOF,0.05053072117217199,0.017639174118340883,0.9318301047094872
26081,LOF,0.02872785920185615,0.008444049733242245,0.9628280910649016
26082,LOF,0.0046047025702086915,0.015911958775100894,0.9794833386546904
26083,LOF,0.13140513017108937,0.01782606145849249,0.850768808370418
26084,LOF,0.0352476329935445,0.014816088589431405,0.9499362784170242
26085,LOF,0.03165627639977175,0.013449353928156254,0.9548943696720719
26086,LOF,0.01876839258797296,0.012714875682463362,0.9685167317295637
26087,LOF,0.020362419951090754,0.010062440840312794,0.9695751392085964
26088,LOF,0.005562708819325135,0.024776772828261847,0.9696605183524131
26089,LOF,0.03757116844955828,0.024295829794477516,0.9381330017559641
26090,LOF,0.037459533895806224,0.019487336657720827,0.943053129446473
26091,LOF,0.02638481053110882,0.007616534656748504,0.9659986548121426
26092,LOF,0.020231735047595685,0.008938022802741516,0.970830242149663
26093,LOF,0.036754628388520234,0.006909248450196587,0.9563361231612832
26094,LOF,0.025849283722381454,0.007393253021018444,0.9667574632566002
26095,LOF,0.014754623273784634,0.017016977969835922,0.9682283987563793
26096,LOF,0.15253026899804212,0.006113507927230578,0.8413562230747273
26097,LOF,0.004899091588632595,0.03911074151516553,0.9559901668962018
26098,LOF,0.06930809225993691,0.014709212200089207,0.9159826955399738
26099,LOF,0.018101071180819706,0.015485249795669396,0.9664136790235109
26100,LOF,0.020713634928070556,0.015114834287437312,0.9641715307844921
26101,LOF,0.04512752697163154,0.023897510480909608,0.9309749625474588
26102,LOF,0.020098721849111472,0.015303759675382217,0.9645975184755062
26103,Neutral,0.872653829697123,0.02329692592079986,0.10404924438207709
26104,LOF,0.06506852028160369,0.0264660549774061,0.9084654247409902
26105,LOF,0.21950205248137236,0.16842938436968352,0.6120685631489441
26106,LOF,0.3843614832641586,0.10555172878965781,0.5100867879461836
26107,LOF,0.024908237433122215,0.11927140456427185,0.8558203580026058
26108,LOF,0.41256080152666535,0.0447199732349599,0.5427192252383748
26109,LOF,0.02951868499008122,0.05892789918108128,0.9115534158288375
26110,LOF,0.1956532316866199,0.007819764507973897,0.7965270038054062
26111,LOF,0.08390577897875026,0.07294963037353899,0.8431445906477106
26112,LOF,0.030767159098645407,0.008030404284304174,0.9612024366170503
26113,LOF,0.052188568264423356,0.016752290629146144,0.9310591411064304
26114,LOF,0.06610061774252983,0.014728521669610771,0.9191708605878592
26115,LOF,0.016861001762347075,0.07868134234069454,0.9044576558969585
26116,LOF,0.07830848426030597,0.040897878967414585,0.8807936367722795
26117,LOF,0.42821993306108697,0.0527951561242703,0.5189849108146427
26118,LOF,0.034897483801860495,0.02405705580616483,0.9410454603919747
26119,LOF,0.005672515531335568,0.03940331454922543,0.9549241699194391
26120,LOF,0.02358842305517148,0.01951357302976526,0.9568980039150633
26121,LOF,0.005061646538741947,0.11665614897154061,0.8782822044897175
