feature0,prediction,LoGoFunc_Neutral,LoGoFunc_GOF,LoGoFunc_LOF
25546,Neutral,0.7458783540930801,0.04196495964163943,0.21215668626528042
25547,Neutral,0.58506992366028,0.09034204244327901,0.32458803389644103
25548,Neutral,0.6076289472028031,0.061401568557813715,0.33096948423938305
25549,Neutral,0.5291099268311258,0.062317554434206855,0.40857251873466743
25550,LOF,0.3515226391432043,0.12454615863154112,0.5239312022252546
25551,LOF,0.27863141137943287,0.13405609616967587,0.5873124924508912
25552,LOF,0.20436076665809955,0.1277559766500412,0.6678832566918592
25553,Neutral,0.8520867581275666,0.028480644921558714,0.1194325969508747
25554,LOF,0.23609003865990402,0.11564500711203742,0.6482649542280586
25555,LOF,0.19875020750770142,0.10125778432113605,0.6999920081711626
25556,LOF,0.4426929992948621,0.09938946608886051,0.4579175346162773
25557,LOF,0.1886746046392223,0.1068405694828911,0.7044848258778865
25558,LOF,0.22519531827694236,0.11456117974509705,0.6602435019779607
25559,LOF,0.35711627130406,0.15109907429796637,0.4917846543979737
25560,LOF,0.04819660011553102,0.1783253006822633,0.7734780992022058
25561,LOF,0.11497216397912234,0.18109248286777496,0.7039353531531026
25562,LOF,0.07769466829022689,0.09088012584283431,0.8314252058669387
25563,LOF,0.10153820268909079,0.1044509638434264,0.7940108334674829
25564,LOF,0.23397713248702165,0.16563367000776924,0.6003891975052091
25565,LOF,0.13378490191086018,0.12009061958912505,0.7461244785000147
25566,GOF,0.012294071476125082,0.7712137579510728,0.21649217057280204
25567,LOF,0.01701992732492493,0.22161544745544892,0.7613646252196261
25568,LOF,0.0534028969038982,0.09005265865377812,0.8565444444423237
25569,LOF,0.05606123630563406,0.08764969122796509,0.8562890724664007
25570,LOF,0.05364702074814141,0.1342660098471493,0.8120869694047093
25571,LOF,0.04715471939116692,0.12830677972049787,0.8245385008883352
25572,LOF,0.06260534548687,0.14639203360386704,0.791002620909263
25573,LOF,0.03570020449239867,0.12438913420541937,0.839910661302182
25574,LOF,0.019298181755836523,0.18724784485252444,0.793453973391639
25575,LOF,0.03742600030701455,0.14365106315733522,0.8189229365356502
25576,LOF,0.017834585871044077,0.1733332827841033,0.8088321313448527
25577,LOF,0.01492959425402681,0.14265352615046348,0.8424168795955097
25578,LOF,0.27607628679521334,0.1168092262121909,0.6071144869925957
25579,LOF,0.1139144459027986,0.13710021047768653,0.748985343619515
25580,LOF,0.02756216939759798,0.10959957546180803,0.862838255140594
25581,LOF,0.04882441977578707,0.09007539434620435,0.8611001858780085
25582,LOF,0.04864832707348119,0.08791102318455574,0.863440649741963
25583,LOF,0.03191663317795022,0.12306885945780853,0.8450145073642413
25584,Neutral,0.4742911356664477,0.14433133242816176,0.3813775319053905
25585,LOF,0.019707184492762042,0.1655767553738876,0.8147160601333504
25586,LOF,0.02593775847568499,0.10347081895750151,0.8705914225668134
25587,LOF,0.026731285692584456,0.09912072643814329,0.8741479878692723
25588,LOF,0.02639413136861728,0.11785860825827595,0.8557472603731067
25589,Neutral,0.612813831977961,0.15334010485814284,0.23384606316389614
25590,LOF,0.03155135087713781,0.1629190586835785,0.8055295904392836
25591,LOF,0.08633258771618135,0.08231107790689296,0.8313563343769257
25592,LOF,0.08350310397359854,0.17569721219337156,0.7407996838330299
25593,LOF,0.02877554774866826,0.29902840325744323,0.6721960489938885
25594,LOF,0.042520574596833054,0.1603141492607808,0.7971652761423862
25595,LOF,0.053845564012946365,0.12012760024602075,0.826026835741033
25596,LOF,0.04881302523372066,0.08334258188558438,0.8678443928806949
25597,LOF,0.03495957930127326,0.08398001641996787,0.881060404278759
25598,LOF,0.04721104750654813,0.12312240341708025,0.8296665490763716
25599,GOF,0.007093807050675086,0.5978033121322609,0.39510288081706396
25600,GOF,0.014243329974913298,0.6104021622878064,0.3753545077372803
25601,LOF,0.010252949811956236,0.44316833278575946,0.5465787174022843
25602,LOF,0.02004118007789951,0.043680226284088,0.9362785936380125
25603,LOF,0.06632213252448085,0.017804061824116268,0.9158738056514029
25604,LOF,0.034279852391605276,0.04777630198283259,0.9179438456255621
25605,LOF,0.010734108725354382,0.20489910674775125,0.7843667845268943
25606,LOF,0.09730714699967244,0.36565975364214176,0.5370330993581859
25607,LOF,0.006694073614104519,0.18529119615066528,0.8080147302352303
25608,LOF,0.01700027963674896,0.08132295230976044,0.9016767680534907
25609,LOF,0.05599918996669849,0.40407468762623266,0.5399261224070688
25610,LOF,0.030947708490573284,0.025396202223198803,0.9436560892862279
25611,LOF,0.036510502000881545,0.02327103097232499,0.9402184670267935
25612,LOF,0.08902354496899588,0.03708335473390259,0.8738931002971015
25613,LOF,0.07833899320612193,0.03742972517965583,0.8842312816142223
25614,LOF,0.03200576939578732,0.031624601867832745,0.93636962873638
25615,LOF,0.03273912279802965,0.040195858452079104,0.9270650187498912
25616,LOF,0.026117688062325492,0.03123966748764236,0.9426426444500321
25617,LOF,0.02594323586003948,0.0336000367844698,0.9404567273554907
25618,LOF,0.13731877254878347,0.02986090608429927,0.8328203213669172
25619,LOF,0.027610546329064213,0.029630016951680476,0.9427594367192552
25620,LOF,0.03371839289408514,0.038556101047094095,0.9277255060588208
25621,LOF,0.026149380182426504,0.03212487441377796,0.9417257454037956
25622,LOF,0.03442531381266332,0.030865658635878913,0.9347090275514578
25623,LOF,0.056070250807165004,0.025684591273258846,0.9182451579195762
25624,LOF,0.02496652212546542,0.037602588491696176,0.9374308893828384
25625,LOF,0.034247430600149044,0.03875625481682277,0.9269963145830282
25626,LOF,0.07051742995590395,0.031102279772143863,0.8983802902719523
25627,Neutral,0.5609603438091144,0.1204099272483477,0.3186297289425378
25628,LOF,0.19518912849679287,0.05344791526146043,0.7513629562417466
25629,LOF,0.05372877336855644,0.05599080824345044,0.8902804183879932
25630,LOF,0.1766625625717096,0.08701169259213015,0.7363257448361603
25631,Neutral,0.6089353675182156,0.05894552548657938,0.332119106995205
25632,LOF,0.01286116409006346,0.10662529368929777,0.8805135422206388
25633,LOF,0.10338205236098123,0.07645304424065417,0.8201649033983646
25634,LOF,0.03321780170719165,0.1043171095034942,0.8624650887893142
25635,LOF,0.037930199911103434,0.08367159581518499,0.8783982042737116
25636,GOF,0.004118829530261436,0.6073723533819251,0.3885088170878135
25637,GOF,0.0036006086907409292,0.6479989178851358,0.3484004734241232
25638,LOF,0.0068342177046138595,0.35287897460620815,0.640286807689178
25639,GOF,0.003772821980266809,0.5314767279822685,0.4647504500374647
25640,GOF,0.46274910128095076,0.4672651447252126,0.06998575399383672
25641,LOF,0.008710537647473548,0.3069423972867823,0.6843470650657442
25642,LOF,0.247574561976132,0.06377378147321429,0.6886516565506537
25643,LOF,0.2835078673550752,0.18493288629884602,0.5315592463460788
25644,GOF,0.016582178970549054,0.4975722477551997,0.4858455732742514
25645,LOF,0.012858947284002753,0.4344136146623139,0.5527274380536833
25646,LOF,0.017748749881238892,0.2982516579041304,0.6839995922146307
25647,LOF,0.013689561329414027,0.25284975482379896,0.7334606838467871
25648,LOF,0.013542163690078705,0.24283419552316865,0.7436236407867527
25649,LOF,0.011523796387375329,0.16918141149484722,0.8192947921177774
25650,LOF,0.022810846678294194,0.3786317455336944,0.5985574077880114
25651,LOF,0.008423620443026586,0.24685459341317798,0.7447217861437955
25652,LOF,0.01413553008252685,0.22051307890440558,0.7653513910130675
25653,LOF,0.04987371579213369,0.3414852197897231,0.6086410644181431
25654,LOF,0.01473974095641798,0.12784797075908053,0.8574122882845016
25655,LOF,0.0841013888208643,0.3579367450742292,0.5579618661049066
25656,LOF,0.10596182151206512,0.04508456405382693,0.848953614434108
25657,LOF,0.32715362712965035,0.02408912527796978,0.6487572475923798
25658,LOF,0.053475219077346314,0.07104719630567481,0.8754775846169788
25659,LOF,0.37895509909650005,0.050212096967678546,0.5708328039358215
25660,LOF,0.06229277795954907,0.08982384813966884,0.8478833739007821
25661,LOF,0.04657885245917625,0.06999036811353312,0.8834307794272906
25662,LOF,0.02791998455995297,0.047591321626639746,0.9244886938134073
25663,LOF,0.03639799809849471,0.06958612275635749,0.8940158791451477
25664,LOF,0.04227525613363077,0.08553130941211498,0.8721934344542542
25665,LOF,0.05523500604757108,0.0439881678691576,0.9007768260832714
25666,LOF,0.03807497827522397,0.12767370146030033,0.8342513202644757
25667,LOF,0.032123870618684415,0.05366951994246374,0.9142066094388519
25668,LOF,0.034492332147470633,0.05478917581498193,0.9107184920375474
25669,LOF,0.04018276148145587,0.08147817914013797,0.8783390593784062
25670,LOF,0.08259439335541154,0.08692324559776092,0.8304823610468275
25671,LOF,0.03735945673462925,0.04998406761668995,0.9126564756486807
25672,LOF,0.06126940247722132,0.05980631898770463,0.878924278535074
25673,LOF,0.047695757874105064,0.06455116583117776,0.8877530762947171
25674,LOF,0.04212298186770881,0.06722215916643023,0.8906548589658608
25675,LOF,0.05057803094660717,0.06135450484545066,0.8880674642079422
25676,LOF,0.034725195839437825,0.06294770797973441,0.9023270961808278
25677,LOF,0.06195771043762985,0.06518140987820979,0.8728608796841604
25678,LOF,0.2943540427836382,0.0344645220510427,0.6711814351653191
25679,LOF,0.17634890873031053,0.07088320362598138,0.7527678876437081
25680,LOF,0.05913186838081923,0.09685979194099344,0.8440083396781874
25681,LOF,0.10026343309205785,0.09181642261526436,0.8079201442926778
25682,LOF,0.044358029490095506,0.08762495066767437,0.8680170198422302
25683,LOF,0.10328161674593685,0.09405256183487386,0.8026658214191894
25684,LOF,0.05759617313522417,0.09113749337456771,0.8512663334902081
25685,LOF,0.1091177924671511,0.049323288377362856,0.8415589191554861
25686,LOF,0.03621435049102219,0.10850776920228498,0.8552778803066928
25687,LOF,0.04395046811736493,0.08691528244709928,0.8691342494355359
25688,LOF,0.028810185632328435,0.08304941796158065,0.8881403964060909
25689,LOF,0.01919605935341748,0.07629212204369183,0.9045118186028906
25690,LOF,0.019281368187598496,0.07581132981111015,0.9049073020012914
25691,LOF,0.22883699036292252,0.09801997109571264,0.6731430385413647
25692,LOF,0.28519783682634936,0.009408855595164125,0.7053933075784865
25693,LOF,0.1068303831904025,0.1847286111194641,0.7084410056901334
25694,LOF,0.26815701414622434,0.014165599795552222,0.7176773860582234
25695,LOF,0.17722242055483786,0.01772356584822179,0.8050540135969403
25696,LOF,0.19844779907218296,0.00888786265488875,0.7926643382729283
25697,LOF,0.14523080692747378,0.020338370551480394,0.8344308225210458
25698,LOF,0.03161080740788662,0.42136014369616936,0.547029048895944
25699,LOF,0.06148579474675162,0.09262396461106298,0.8458902406421854
25700,LOF,0.03059244983948833,0.009862725859444357,0.9595448243010672
25701,LOF,0.017141593793049244,0.07707613799655005,0.9057822682104006
25702,GOF,0.03803492775717291,0.7288949461856508,0.23307012605717614
25703,LOF,0.013407443829999578,0.197105589560636,0.7894869666093645
25704,LOF,0.10017412582588336,0.14901749328494965,0.750808380889167
25705,LOF,0.05547293849669612,0.26293644385000037,0.6815906176533035
25706,GOF,0.05321654678105279,0.6012763674848466,0.3455070857341006
25707,GOF,0.027822057770973133,0.5003553754135714,0.47182256681545537
25708,LOF,0.009268823129033505,0.45934224642336335,0.5313889304476032
25709,LOF,0.01930308242321735,0.06617523439498887,0.9145216831817937
25710,LOF,0.008993043777101974,0.1722806276260826,0.8187263285968155
25711,LOF,0.020518106130615995,0.1226082910270686,0.8568736028423154
25712,LOF,0.010059341651259827,0.2321546721176752,0.7577859862310649
25713,LOF,0.017910841782157853,0.10289270081175064,0.8791964574060915
25714,LOF,0.020018113951982226,0.13363349387595655,0.8463483921720611
25715,LOF,0.020507765460224734,0.11429415308327001,0.8651980814565053
25716,LOF,0.010148476434265955,0.12674342718700823,0.8631080963787259
25717,LOF,0.00630212634624699,0.13912516682634737,0.8545727068274057
25718,LOF,0.017845655768369478,0.08099713194656186,0.9011572122850686
25719,LOF,0.03329414921855841,0.08739049368047486,0.8793153571009669
25720,LOF,0.021657421532862733,0.0879939333545923,0.890348645112545
25721,LOF,0.023172077733984976,0.09949428433721601,0.8773336379287989
25722,LOF,0.017524455180164277,0.13217717219228786,0.8502983726275479
25723,LOF,0.021299331430261276,0.07178200031927473,0.9069186682504641
25724,LOF,0.036265635793242296,0.0968907567024571,0.8668436075043007
25725,LOF,0.021821244603228526,0.06979279774417552,0.9083859576525959
25726,LOF,0.015905464889058273,0.10193747685708814,0.8821570582538535
25727,LOF,0.020068184247355052,0.08724242606965445,0.8926893896829905
25728,LOF,0.018201519955076302,0.10211042655609259,0.8796880534888311
25729,LOF,0.019017881991174858,0.10072063474284804,0.880261483265977
25730,LOF,0.019378757853778773,0.08038100741310665,0.9002402347331147
25731,LOF,0.011551984562580985,0.1752292746275889,0.8132187408098303
25732,LOF,0.017183174138951013,0.09518126475952209,0.8876355611015269
25733,LOF,0.028361649860930788,0.07840784355244468,0.8932305065866244
25734,LOF,0.007063924288994599,0.20486512705388885,0.7880709486571165
25735,LOF,0.021905486982034365,0.07877764509814811,0.8993168679198175
25736,LOF,0.020336716011731055,0.11898814476641026,0.8606751392218587
25737,LOF,0.04107521333789585,0.08433804719954396,0.8745867394625602
25738,LOF,0.02049571144360129,0.12740124823583807,0.8521030403205606
25739,LOF,0.020803785638541867,0.1251179425091409,0.8540782718523173
25740,LOF,0.0478556727367579,0.12004524580153567,0.8320990814617064
25741,LOF,0.023897026657781182,0.10061052780249967,0.8754924455397193
25742,LOF,0.03381626918061646,0.11614203858542843,0.8500416922339551
25743,LOF,0.010687290948751151,0.05265347765223944,0.9366592313990095
25744,GOF,0.12337305029628576,0.4732945989228912,0.40333235078082313
25745,LOF,0.020131404727853096,0.07131316183221544,0.9085554334399315
25746,LOF,0.01067842520554908,0.08810087527386265,0.9012206995205883
25747,LOF,0.03205897185377886,0.040235705119370135,0.927705323026851
25748,LOF,0.18313035053253723,0.0786928963339815,0.7381767531334813
25749,LOF,0.012958161940547823,0.05887516467716095,0.9281666733822913
25750,LOF,0.01520855369535275,0.09132334144728668,0.8934681048573607
25751,LOF,0.03525127472753673,0.0806793352701343,0.884069390002329
25752,GOF,0.0870626667462174,0.6516085964086766,0.26132873684510605
25753,LOF,0.007695137483596403,0.34512975264218626,0.6471751098742174
25754,GOF,0.005569545294026653,0.825798159139348,0.16863229556662543
25755,LOF,0.01133983824415427,0.4077411124837338,0.5809190492721119
25756,LOF,0.05315780424787014,0.4058508959251705,0.5409912998269595
25757,GOF,0.0074235563255400285,0.8462032644201999,0.14637317925426
25758,GOF,0.009474298508362584,0.8245145100303133,0.16601119146132423
25759,GOF,0.005367941363434208,0.518185765232494,0.4764462934040718
25760,LOF,0.00758377142212967,0.2847863226358777,0.7076299059419926
25761,GOF,0.052368785605687765,0.8184207672267434,0.1292104471675688
25762,LOF,0.0316075515446854,0.34739764715674853,0.6209948012985662
25763,LOF,0.01022838960198997,0.23053048472452212,0.7592411256734879
25764,GOF,0.11438163481025661,0.4927636087997912,0.39285475638995215
25765,GOF,0.008082613962734126,0.7997480238789789,0.19216936215828703
25766,GOF,0.03318660693074217,0.8068901325184641,0.15992326055079378
25767,LOF,0.019433243924017303,0.48430850960021643,0.4962582464757661
25768,LOF,0.04105930207732512,0.07108860232932171,0.8878520955933531
25769,LOF,0.023094522260680643,0.07807385278117839,0.898831624958141
25770,LOF,0.1492680530589702,0.06365311745646687,0.7870788294845629
25771,LOF,0.015557511892150057,0.07020973392455158,0.9142327541832983
25772,LOF,0.023927715290749982,0.02951114238595134,0.9465611423232987
25773,LOF,0.01362872109716605,0.07425091785073004,0.9121203610521039
25774,LOF,0.025788906788433257,0.08400479046509428,0.8902063027464724
25775,LOF,0.021539417234539733,0.040501516295176336,0.9379590664702839
25776,LOF,0.024224335089135244,0.02656454652848474,0.94921111838238
25777,LOF,0.16235683282299473,0.0653052952487716,0.7723378719282337
25778,LOF,0.019258826345426583,0.05142461727567276,0.9293165563789005
25779,GOF,0.03535726341949856,0.8985504998839683,0.06609223669653311
25780,GOF,0.06569116427901271,0.8777166260708802,0.056592209650107236
25781,GOF,0.027862926844305934,0.8714865011550305,0.1006505720006635
25782,GOF,0.03535061893773641,0.897724711743995,0.0669246693182686
25783,GOF,0.019483763609186716,0.7478616777693875,0.2326545586214258
25784,GOF,0.11414552562545816,0.838530998264008,0.04732347611053389
25785,GOF,0.0720910057842344,0.8866122277328256,0.04129676648293996
25786,GOF,0.00550846213028642,0.8260019905187989,0.16848954735091481
25787,GOF,0.15771033981422444,0.8103597589658015,0.031929901219974
25788,LOF,0.016050585254513985,0.15916588054788788,0.8247835341975981
25789,GOF,0.018329770710600716,0.8547905400190445,0.12687968927035476
25790,GOF,0.02333592551462415,0.8704761803411619,0.10618789414421398
25791,GOF,0.01738770927016124,0.830312950973416,0.15229933975642287
25792,GOF,0.02944685558277571,0.8372282361126672,0.13332490830455712
25793,GOF,0.07974546966235387,0.8261663084976862,0.09408822183995999
25794,GOF,0.05982570738299235,0.7684976125105798,0.1716766801064279
25795,GOF,0.04413975272456692,0.7632024520483169,0.1926577952271161
25796,GOF,0.07759052210822927,0.8120469227285214,0.11036255516324939
25797,GOF,0.04234635119922073,0.6572857730921781,0.30036787570860124
25798,GOF,0.003233342331211355,0.6456215418688712,0.3511451157999174
25799,GOF,0.0032397064225876604,0.5153545202112273,0.48140577336618506
25800,GOF,0.013403230008272836,0.7162162802394135,0.2703804897523136
25801,GOF,0.014885054398008801,0.854893006984695,0.1302219386172963
25802,GOF,0.022677979370455625,0.8001578598483698,0.17716416078117467
25803,GOF,0.011330798014134492,0.6873685565858052,0.3013006454000604
25804,GOF,0.013990958722767533,0.5832683712867579,0.4027406699904746
25805,GOF,0.02514692407337811,0.7039755373115437,0.27087753861507813
25806,GOF,0.019459296831631785,0.7350596745049848,0.24548102866338348
25807,GOF,0.005372467599361379,0.7000457496007959,0.2945817827998426
25808,GOF,0.015407185834187084,0.726454473944344,0.2581383402214688
25809,GOF,0.006700732991500943,0.724430153818637,0.2688691131898622
25810,GOF,0.005819225859559781,0.736730297399539,0.2574504767409012
25811,GOF,0.046129406279269425,0.8525905319321078,0.10128006178862267
25812,GOF,0.016286906078549487,0.6906573175541284,0.29305577636732205
25813,GOF,0.10064155118040649,0.8083438273357153,0.09101462148387834
25814,GOF,0.0291059836039663,0.7910786370129778,0.17981537938305572
25815,GOF,0.04250689483059859,0.8047054780707934,0.15278762709860816
25816,GOF,0.00819176578912124,0.846505809582358,0.1453024246285206
25817,GOF,0.10730648286617346,0.7661766440479266,0.12651687308589984
25818,GOF,0.025277083294907708,0.7832006882424669,0.1915222284626254
25819,GOF,0.06226636567559769,0.761131168276046,0.17660246604835633
25820,GOF,0.03324402260970701,0.7700073666751021,0.19674861071519087
25821,GOF,0.020231463864557268,0.7591906813702594,0.22057785476518343
25822,GOF,0.038889467937977706,0.7780610116577429,0.18304952040427952
25823,GOF,0.015795613284564636,0.6348388821250703,0.34936550459036514
25824,GOF,0.025969583942600526,0.7527360468221435,0.221294369235256
25825,GOF,0.015593567547547791,0.7320664004501409,0.25234003200231137
25826,GOF,0.005755318060844987,0.7060510157397987,0.28819366619935644
25827,GOF,0.009501964425613189,0.7043696574814967,0.28612837809289016
25828,GOF,0.006305203770953252,0.638269441721105,0.35542535450794166
25829,GOF,0.0030391561354210696,0.7087559436770123,0.2882049001875667
25830,LOF,0.04092483186816528,0.47944844199006537,0.4796267261417694
25831,GOF,0.05029753931856464,0.8402859837358854,0.10941647694555008
25832,GOF,0.00864891023308942,0.782863059578372,0.20848803018853862
25833,GOF,0.035035156916753886,0.8307173507593715,0.13424749232387456
25834,GOF,0.00855641022359925,0.7990041877710425,0.1924394020053582
25835,GOF,0.019451383737001546,0.856585167862418,0.12396344840058059
25836,GOF,0.006273301143944042,0.8058709146633076,0.18785578419274837
25837,GOF,0.007486446879761235,0.7113105891379948,0.2812029639822441
25838,GOF,0.020571565428355695,0.8594591264748489,0.1199693080967954
25839,GOF,0.0447794344532612,0.8437972630608437,0.11142330248589498
25840,GOF,0.06566194611182284,0.8338800866179364,0.10045796727024067
25841,GOF,0.06001759639494773,0.8479888150620015,0.09199358854305072
25842,GOF,0.027301660482311814,0.8978374556872867,0.07486088383040168
25843,GOF,0.02672678980013134,0.9041993669825636,0.06907384321730511
25844,GOF,0.018294028907633587,0.8479720780158879,0.13373389307647848
25845,GOF,0.006428357421627565,0.6440911955228129,0.34948044705555953
25846,GOF,0.04406291306131277,0.8640564270346582,0.091880659904029
25847,GOF,0.020361241513862136,0.9124093519911919,0.06722940649494598
25848,GOF,0.017766085586158435,0.8633655116772814,0.11886840273656021
25849,GOF,0.005361447760283325,0.7441518531361192,0.2504866991035974
25850,GOF,0.0066405841775212275,0.769142474427548,0.2242169413949307
25851,GOF,0.005861353703671058,0.6483948547742526,0.34574379152207635
25852,GOF,0.14961982869699814,0.599694674977046,0.2506854963259558
25853,GOF,0.07372163023122599,0.8523327269919415,0.07394564277683255
25854,GOF,0.005388544319536617,0.6943895348574564,0.300221920823007
25855,GOF,0.015364430789154308,0.661924060683413,0.32271150852743263
25856,GOF,0.04007564440386239,0.7853216843740182,0.17460267122211928
25857,GOF,0.013423996821530362,0.6351657106502804,0.35141029252818934
25858,GOF,0.008080579609338478,0.6194354914032155,0.372483928987446
25859,GOF,0.005764501703553543,0.591505162102146,0.4027303361943005
25860,GOF,0.07891061426514424,0.819095694930564,0.10199369080429188
25861,GOF,0.08922768306840397,0.8106314258451089,0.10014089108648706
25862,GOF,0.0236980026989307,0.8702358213209305,0.10606617598013882
25863,GOF,0.022087959564245002,0.8748687515974539,0.10304328883830113
25864,GOF,0.05517325928079046,0.8649510726602427,0.0798756680589669
25865,GOF,0.038815394321412434,0.83233095238546,0.12885365329312753
25866,GOF,0.0277631853638485,0.8635920528470525,0.10864476178909904
25867,GOF,0.033535591457967924,0.87964840537399,0.08681600316804206
25868,GOF,0.05736661762065937,0.8367882233083801,0.10584515907096048
25869,GOF,0.3523216025754414,0.5903459489503435,0.057332448474215106
25870,GOF,0.07235239435959795,0.6969154089670179,0.23073219667338424
25871,GOF,0.012038409776003957,0.8921242975970234,0.0958372926269727
25872,GOF,0.019648456223198756,0.8697059439341097,0.11064559984269162
25873,GOF,0.019322135284473935,0.8975707920396709,0.0831070726758552
25874,LOF,0.01811683227530971,0.17501286360217602,0.8068703041225143
25875,LOF,0.04765674938512739,0.04109215973823052,0.911251090876642
25876,LOF,0.019278137997031493,0.028035737529329086,0.9526861244736393
25877,LOF,0.12678800503261714,0.0820262198664934,0.7911857751008895
25878,LOF,0.07034329432804792,0.11308875900103488,0.8165679466709171
25879,LOF,0.02674656783222097,0.08047907864729537,0.8927743535204837
25880,LOF,0.06020121171336529,0.009925469828337445,0.9298733184582973
25881,Neutral,0.5494824148989731,0.06126716524390491,0.38925041985712183
25882,LOF,0.05852758064453392,0.02755173135127123,0.9139206880041949
25883,LOF,0.029771094174840203,0.023448206864862417,0.9467806989602973
25884,LOF,0.02641554062283255,0.04227843750910067,0.9313060218680669
25885,LOF,0.22109234306809175,0.011022826315199078,0.7678848306167091
25886,LOF,0.14677914881514662,0.05319608546525755,0.8000247657195958
25887,LOF,0.18949566791660014,0.0610271414734821,0.7494771906099177
25888,LOF,0.012628204396738625,0.13605618988687201,0.8513156057163894
25889,LOF,0.03142649498198201,0.031108835210685342,0.9374646698073328
25890,LOF,0.11622818853443925,0.11497142890199295,0.7688003825635679
25891,LOF,0.08644994690685687,0.021520936465814784,0.8920291166273283
25892,LOF,0.00925673814629978,0.03434282104638201,0.9564004408073182
25893,LOF,0.4122584360844055,0.009324270688022596,0.5784172932275718
25894,LOF,0.44644831752729064,0.005703618808638426,0.547848063664071
25895,LOF,0.35063981066590766,0.011473890794160259,0.6378862985399321
25896,LOF,0.05988043735977537,0.02620553498761379,0.9139140276526109
25897,LOF,0.19135744473425756,0.009302611027742247,0.7993399442380001
25898,LOF,0.15875217277103781,0.028729750361100308,0.8125180768678618
25899,LOF,0.3122791029252941,0.027142303946914352,0.6605785931277915
25900,LOF,0.4224418827887895,0.00959428994528531,0.5679638272659252
25901,LOF,0.056497193762325176,0.009970711229758957,0.9335320950079159
25902,LOF,0.147296626162999,0.012722108899515442,0.8399812649374856
25903,LOF,0.4186723903932845,0.023819950020075427,0.55750765958664
25904,LOF,0.45278377867925573,0.03837992609718303,0.5088362952235612
25905,LOF,0.004360191349953236,0.43739732931485126,0.5582424793351956
25906,LOF,0.009023929155199504,0.11026120858958016,0.8807148622552203
25907,LOF,0.004287536216373876,0.34326860904800005,0.6524438547356262
25908,LOF,0.004679445086238246,0.24114930441736987,0.7541712504963919
25909,LOF,0.023396336038383158,0.14757897974589002,0.8290246842157267
25910,LOF,0.011271505569936597,0.1226004536208022,0.8661280408092612
25911,LOF,0.34627721984885934,0.039778714424640954,0.6139440657264996
25912,LOF,0.07337863691683005,0.04858260513437419,0.8780387579487956
25913,LOF,0.05193133500226536,0.059047510316974076,0.8890211546807606
25914,LOF,0.03634905363924213,0.06435941920199463,0.8992915271587633
25915,LOF,0.14705448756620434,0.3229209924636854,0.5300245199701102
25916,LOF,0.02660619344822433,0.22802161694791312,0.7453721896038625
25917,LOF,0.06801382927210015,0.05367784318119263,0.8783083275467073
25918,LOF,0.04286620471601889,0.04015585352305816,0.9169779417609228
25919,LOF,0.03779185873238943,0.039235982208356376,0.9229721590592542
25920,LOF,0.16157864337229885,0.184016861338476,0.6544044952892251
25921,LOF,0.0157034875277819,0.044471993003898015,0.93982451946832
25922,LOF,0.016232717624716023,0.040476858457870545,0.9432904239174134
25923,LOF,0.42994241879608885,0.0480570488765824,0.5220005323273287
25924,LOF,0.02370793983427797,0.06244380475956281,0.9138482554061592
25925,LOF,0.07191834706875509,0.06267839352637217,0.8654032594048727
25926,LOF,0.0519875042239489,0.060229950460302814,0.8877825453157483
25927,LOF,0.02247285707054514,0.08162686595630712,0.8959002769731478
25928,LOF,0.009918149840305989,0.06443563478233688,0.9256462153773573
25929,Neutral,0.5239708190981663,0.045578311205867035,0.43045086969596663
25930,LOF,0.06456161225986698,0.043255016996926535,0.8921833707432065
25931,LOF,0.013183430369335017,0.04362652917021465,0.9431900404604503
25932,LOF,0.050024631112789736,0.03662553012685329,0.9133498387603569
25933,LOF,0.047086624598965496,0.02512793233743922,0.9277854430635953
25934,LOF,0.0422770380087464,0.024036433017305757,0.9336865289739478
25935,LOF,0.0620905286289163,0.0743298549163072,0.8635796164547765
25936,LOF,0.07334208785568418,0.027172713392010293,0.8994851987523055
25937,LOF,0.013104658895667604,0.043143550813118214,0.9437517902912141
25938,LOF,0.06049415927393267,0.06822738012060822,0.8712784606054592
25939,LOF,0.033539843625910344,0.03352649625915615,0.9329336601149335
25940,LOF,0.009905316103796663,0.36051695003423984,0.6295777338619634
25941,Neutral,0.5044265598652202,0.041254042437898125,0.45431939769688157
25942,LOF,0.009112247596687956,0.0591483717943999,0.931739380608912
25943,LOF,0.04786220344081304,0.19422555442152892,0.7579122421376581
25944,LOF,0.06377732862737656,0.09966651138076499,0.8365561599918585
25945,LOF,0.12421986782058252,0.02213312502458755,0.8536470071548299
25946,LOF,0.06764450399920165,0.0436903284798439,0.8886651675209546
25947,Neutral,0.45508004745904873,0.1277706102806222,0.4171493422603291
25948,LOF,0.43485743864869614,0.015223880359427273,0.5499186809918766
25949,LOF,0.13236577417051526,0.07459722014684123,0.7930370056826436
25950,GOF,0.0743495890040504,0.6008605855154957,0.3247898254804539
25951,LOF,0.01295743839063227,0.41265115617987946,0.5743914054294882
25952,LOF,0.29929067101251156,0.24926292533520888,0.45144640365227956
25953,LOF,0.007802349738793079,0.1778818933464567,0.8143157569147502
25954,LOF,0.08450908731616658,0.4547188577024987,0.46077205498133483
25955,LOF,0.007276261732368659,0.15042079324965194,0.8423029450179794
25956,LOF,0.01989256344442306,0.2345740266694527,0.7455334098861244
25957,LOF,0.21811626768609269,0.03665262410815914,0.7452311082057481
25958,LOF,0.031026432029134954,0.03583252931176302,0.933141038659102
25959,GOF,0.013461721460337845,0.5251864213551736,0.46135185718448857
25960,LOF,0.007003134740837612,0.056821140779857345,0.9361757244793051
25961,LOF,0.0292158961040053,0.032281098379534565,0.93850300551646
25962,LOF,0.03546519566104985,0.06975843330881455,0.8947763710301355
25963,LOF,0.00486824606014331,0.19172179797100075,0.803409955968856
25964,LOF,0.02878978356495284,0.0957069817173171,0.8755032347177301
25965,LOF,0.2593802762441094,0.12834767000756434,0.6122720537483263
25966,Neutral,0.4798533274810915,0.10898311803329781,0.4111635544856107
25967,LOF,0.009801260394680206,0.0669502721669805,0.9232484674383393
25968,LOF,0.05118660011254868,0.19240966093939757,0.7564037389480537
25969,LOF,0.1248737849181856,0.03984392373273852,0.8352822913490758
25970,LOF,0.021411077507454305,0.0869898358756783,0.8915990866168674
25971,LOF,0.08698496893532323,0.030793291365682283,0.8822217396989945
25972,LOF,0.06629161488187399,0.04451793569380793,0.8891904494243181
25973,LOF,0.06584822667507603,0.012235506316125112,0.9219162670087989
25974,LOF,0.06320375400856452,0.04005019959504691,0.8967460463963886
25975,LOF,0.047006864416132534,0.0252546711163925,0.9277384644674751
25976,LOF,0.09777199378411106,0.012956916753670658,0.8892710894622183
25977,LOF,0.1935383631355631,0.08590319122949061,0.7205584456349463
25978,LOF,0.18357730913345371,0.12748727538393573,0.6889354154826105
25979,LOF,0.14696079087828234,0.14645648651961798,0.7065827226020996
25980,LOF,0.25666726601744655,0.18654452878029798,0.5567882052022554
25981,LOF,0.25724725639849366,0.18743279535530108,0.5553199482462052
25982,Neutral,0.49180934325901643,0.0889879822696162,0.4192026744713674
25983,Neutral,0.49917002991202497,0.10690750631051449,0.39392246377746054
25984,LOF,0.03657573494550506,0.08687256607919948,0.8765516989752955
25985,LOF,0.41387755547762106,0.14043953056573494,0.44568291395664394
25986,LOF,0.013263818511953346,0.40678045486343767,0.5799557266246089
25987,LOF,0.05391876215969525,0.11126482306982162,0.8348164147704832
25988,LOF,0.04449007985593091,0.1688256461493288,0.7866842739947402
25989,LOF,0.04145704958764764,0.19219551426641004,0.7663474361459423
25990,LOF,0.04197913744376224,0.2927247955508317,0.6652960670054061
25991,LOF,0.028554951348722612,0.4251055568309088,0.5463394918203686
25992,LOF,0.027685521422725085,0.41135241113061716,0.5609620674466578
25993,LOF,0.029444116984767035,0.08469567269928725,0.8858602103159458
25994,LOF,0.023147670494337778,0.08102666232535233,0.8958256671803099
25995,LOF,0.023037056011651937,0.16961007772329895,0.807352866265049
25996,Neutral,0.36840401963470315,0.29914520056129085,0.3324507798040061
25997,LOF,0.07488419865973339,0.38167771329515815,0.5434380880451084
25998,LOF,0.2718267660565489,0.04772481773994743,0.6804484162035037
25999,LOF,0.022889312736232584,0.21667401625209887,0.7604366710116687
26000,LOF,0.19836400437168977,0.038254703081570335,0.7633812925467399
26001,LOF,0.24001121478160165,0.038926055825596884,0.7210627293928016
26002,LOF,0.1210737644946598,0.056393377947534205,0.822532857557806
26003,GOF,0.005282535842168745,0.6491357751249649,0.34558168903286635
26004,GOF,0.007285571989759947,0.6895788647582419,0.3031355632519981
26005,GOF,0.003593311247089631,0.511318949607494,0.48508773914541625
26006,GOF,0.09296860766195682,0.60687499903505,0.30015639330299304
26007,GOF,0.006823935747183432,0.5495260865040845,0.44364997774873194
26008,GOF,0.005502570644672899,0.6480232650602068,0.3464741642951204
26009,GOF,0.007593687532480991,0.6828289489543372,0.30957736351318177
26010,GOF,0.008546535428435555,0.664898299397326,0.3265551651742384
26011,LOF,0.0032014421662019225,0.4804882470150321,0.516310310818766
26012,GOF,0.004748813690044572,0.5436993379289752,0.4515518483809802
26013,GOF,0.00621862703510872,0.6139968524023458,0.3797845205625455
26014,LOF,0.05853888265447403,0.11432637563810462,0.8271347417074213
26015,LOF,0.40171126333543417,0.019231247631760498,0.5790574890328053
26016,LOF,0.32152727309858864,0.03410931906863333,0.6443634078327781
26017,LOF,0.027556414771605177,0.1720362838197158,0.8004073014086791
26018,LOF,0.030941428850654866,0.04033033657807275,0.9287282345712724
26019,LOF,0.030524144822979694,0.03685026680842322,0.9326255883685971
26020,LOF,0.010652988060259319,0.16972584228718857,0.8196211696525522
26021,LOF,0.07510233618990501,0.056934865656831195,0.8679627981532638
26022,LOF,0.04120586537062206,0.018959192191121715,0.9398349424382562
26023,LOF,0.034781303907715194,0.02299467193705639,0.9422240241552284
26024,LOF,0.04624470876283125,0.05611420641732881,0.8976410848198401
26025,LOF,0.06259212886994618,0.06973579547577015,0.8676720756542836
26026,LOF,0.11361363825945482,0.05057084645952802,0.8358155152810172
26027,LOF,0.027760430893959322,0.01779371871671787,0.9544458503893228
26028,LOF,0.11263427315474193,0.13916535509520755,0.7482003717500505
26029,LOF,0.01827552914484981,0.21617370050211862,0.7655507703530315
26030,LOF,0.1557992560290594,0.02940124311143715,0.8147995008595035
26031,LOF,0.00913702999748035,0.18635774383691037,0.8045052261656093
26032,LOF,0.037388417956905506,0.07516376308192849,0.8874478189611661
26033,LOF,0.06474103245899396,0.06690771556144409,0.8683512519795619
26034,LOF,0.01226138957099537,0.16538506823232937,0.8223535421966753
26035,LOF,0.010827849728290978,0.12466032776605714,0.864511822505652
26036,LOF,0.011003666315366742,0.14614927519402743,0.8428470584906058
26037,LOF,0.009389974550195487,0.11577990212404844,0.874830123325756
26038,LOF,0.032583521981270284,0.06971261205669652,0.8977038659620332
26039,LOF,0.025415290257766097,0.14159277526404096,0.8329919344781929
26040,LOF,0.10348102803006322,0.16891908772678407,0.7275998842431527
26041,LOF,0.01160581532813892,0.10063132809635189,0.8877628565755092
26042,LOF,0.010596192227703088,0.11088262577235442,0.8785211819999424
26043,LOF,0.031157547233959984,0.09032883070808306,0.878513622057957
26044,LOF,0.013621050972625554,0.06144152028622362,0.9249374287411508
26045,LOF,0.06556241256442681,0.1187103120327524,0.8157272754028209
26046,LOF,0.027357140518546656,0.0710224710041247,0.9016203884773287
26047,LOF,0.04547560684023009,0.06667251575289747,0.8878518774068724
26048,LOF,0.08897630052776237,0.029826330946984378,0.8811973685252533
26049,Neutral,0.9504785922278588,0.00817031446835821,0.041351093303783025
26050,Neutral,0.9296169383953519,0.009215826805760087,0.061167234798887936
26051,LOF,0.014638355706721494,0.08577585184007479,0.8995857924532037
26052,LOF,0.030254020138700165,0.1021807469140167,0.867565232947283
26053,LOF,0.030447858763825553,0.15850576152559503,0.8110463797105795
26054,LOF,0.04293661490486415,0.026889378959520517,0.9301740061356154
26055,LOF,0.05914452327787424,0.023402934189160285,0.9174525425329656
26056,LOF,0.04929942585286877,0.029027601627498772,0.9216729725196324
26057,LOF,0.05749021870756367,0.013975104422844371,0.928534676869592
26058,LOF,0.060989001820009506,0.011133331829985212,0.9278776663500053
26059,LOF,0.19244131416581128,0.03003164903363824,0.7775270368005504
26060,LOF,0.016412633079665666,0.19756908705700674,0.7860182798633276
26061,LOF,0.012846672409170411,0.010830033854312093,0.9763232937365175
26062,LOF,0.0067549933147663015,0.01744959624861508,0.9757954104366185
26063,LOF,0.03585456175804963,0.011045591049856977,0.9530998471920934
26064,LOF,0.010505614473994613,0.025704114800936633,0.9637902707250686
26065,LOF,0.04714674439989936,0.011942319581715571,0.9409109360183852
26066,LOF,0.04515647260459135,0.010667524422029194,0.9441760029733794
26067,LOF,0.051989861935296026,0.009469024393297311,0.9385411136714067
26068,LOF,0.04989721485293024,0.04537911641676412,0.9047236687303056
26069,LOF,0.15541143879396943,0.027056149253324203,0.8175324119527063
26070,LOF,0.34601349206389187,0.020518678140789254,0.6334678297953189
26071,LOF,0.04257679876465399,0.011750369476781153,0.9456728317585649
26072,LOF,0.011418148817112865,0.021218598069513237,0.9673632531133739
26073,LOF,0.03903460601787865,0.01473287626036328,0.946232517721758
26074,Neutral,0.9236500969415161,0.008715150961643554,0.06763475209684032
26075,LOF,0.05035796037999606,0.02167623022148889,0.927965809398515
26076,LOF,0.05390505834228543,0.010886480305138042,0.9352084613525765
26077,LOF,0.17612531113243324,0.006469343986706058,0.8174053448808607
26078,LOF,0.009062490058514077,0.014815216220939063,0.9761222937205468
26079,LOF,0.06204811533967624,0.024235210162182347,0.9137166744981414
26080,LOF,0.061003171903551846,0.024275573029139647,0.9147212550673085
26081,LOF,0.03299094761909135,0.00881309857305563,0.9581959538078529
26082,LOF,0.007300860957986545,0.015743691012067382,0.9769554480299462
26083,LOF,0.10049066436417771,0.019726682612239452,0.8797826530235828
26084,LOF,0.10229233851312183,0.014064431806859928,0.8836432296800183
26085,LOF,0.09438684802402976,0.01233840727535103,0.8932747447006193
26086,LOF,0.03842933892676253,0.011269401049325655,0.9503012600239119
26087,LOF,0.03569501894183694,0.01028949027524302,0.95401549078292
26088,LOF,0.009328309444998767,0.01965621933204794,0.9710154712229533
26089,LOF,0.04243784183263581,0.03396197431315373,0.9236001838542105
26090,LOF,0.043539652948189685,0.02599949497491118,0.9304608520768991
26091,LOF,0.03085786216630844,0.008018290610742423,0.9611238472229492
26092,LOF,0.04092132412878956,0.008342014484888215,0.9507366613863223
26093,LOF,0.07930570905949007,0.0062549638884213075,0.9144393270520887
26094,LOF,0.03605331279214971,0.007351246121524405,0.956595441086326
26095,LOF,0.0367121789003554,0.018281507263056735,0.945006313836588
26096,LOF,0.23428146268935882,0.004889151753096361,0.7608293855575449
26097,LOF,0.008821284856664082,0.03269852763422764,0.9584801875091084
26098,LOF,0.08303393319545319,0.01907194864773782,0.8978941181568091
26099,LOF,0.04120646405631002,0.014973402077636193,0.9438201338660538
26100,LOF,0.04117307933140251,0.014973923444218832,0.9438529972243788
26101,LOF,0.05873887203548388,0.026278968662756332,0.9149821593017599
26102,LOF,0.03397405529352245,0.01698145346553169,0.9490444912409459
26103,Neutral,0.8785631655966197,0.02498405494153884,0.09645277946184146
26104,LOF,0.0581789597344897,0.0393113401309436,0.9025097001345667
26105,LOF,0.24043257719964617,0.182952236048733,0.5766151867516207
26106,LOF,0.29604098066904366,0.13181902544944016,0.5721399938815162
26107,LOF,0.021743307659957502,0.09616913114723621,0.8820875611928062
26108,LOF,0.2750243886024945,0.051688297355921474,0.673287314041584
26109,LOF,0.10358901299455388,0.04152831793501061,0.8548826690704355
26110,LOF,0.47797221818698055,0.005628766084056395,0.5163990157289631
26111,LOF,0.05103447602901193,0.11985365351181243,0.8291118704591757
26112,LOF,0.05434039087873178,0.007101989968082774,0.9385576191531855
26113,LOF,0.11308671750785673,0.014028323569410125,0.8728849589227331
26114,LOF,0.08958333651218872,0.008069704938361667,0.9023469585494497
26115,LOF,0.01348052940436804,0.056652982179528695,0.9298664884161032
26116,LOF,0.07412315846991754,0.031219601417992748,0.8946572401120897
26117,LOF,0.40182779388595946,0.032033893431576255,0.5661383126824643
26118,LOF,0.04699978430539919,0.01565393093954768,0.9373462847550531
26119,LOF,0.006379495675659866,0.02910685563645742,0.9645136486878828
26120,LOF,0.039121702607673045,0.014394356602006437,0.9464839407903206
26121,LOF,0.004601622285712093,0.1192348069999446,0.8761635707143433
