feature0,prediction,LoGoFunc_Neutral,LoGoFunc_GOF,LoGoFunc_LOF
25546,Neutral,0.7618837090287065,0.02636648390170811,0.21174980706958557
25547,Neutral,0.6149967762592203,0.05757276841301049,0.32743045532776927
25548,Neutral,0.6018578302729328,0.04512247267141564,0.35301969705565167
25549,Neutral,0.519615355793787,0.046292601814358826,0.43409204239185406
25550,LOF,0.35247954560130595,0.10824891865824834,0.5392715357404457
25551,LOF,0.2911622866177035,0.12374641265086977,0.5850913007314267
25552,LOF,0.18196867528911184,0.12842061209437827,0.6896107126165099
25553,Neutral,0.8189364389908511,0.03134420345055021,0.14971935755859855
25554,LOF,0.2292814491192506,0.11846315085001449,0.6522554000307348
25555,LOF,0.18353665086020976,0.0980739949658563,0.718389354173934
25556,LOF,0.4046410428909996,0.09881989752441665,0.4965390595845837
25557,LOF,0.1768006612215432,0.11194278331626024,0.7112565554621966
25558,LOF,0.22361237581488205,0.12282290982345288,0.6535647143616651
25559,LOF,0.38648573799795255,0.05786993839184141,0.555644323610206
25560,LOF,0.058813124432161516,0.19530602687714418,0.7458808486906944
25561,LOF,0.1195568390904119,0.21229406314614016,0.6681490977634479
25562,LOF,0.10422014263448841,0.10158976472081706,0.7941900926446945
25563,LOF,0.11091760980735585,0.10411350441011907,0.7849688857825252
25564,LOF,0.14425920509641982,0.179672783991816,0.6760680109117642
25565,LOF,0.1284120567050384,0.1777368187774955,0.6938511245174661
25566,GOF,0.01426331727241423,0.7153534795944794,0.2703832031331063
25567,LOF,0.012636082738246289,0.11925913742137849,0.8681047798403752
25568,LOF,0.0459274727930274,0.056812646906461525,0.8972598803005111
25569,LOF,0.06039021360971969,0.05295946236979272,0.8866503240204876
25570,LOF,0.06747471893764317,0.09000483451593008,0.8425204465464268
25571,LOF,0.05764835745631179,0.08541962711103135,0.856932015432657
25572,LOF,0.06546138361746719,0.1244669240592246,0.8100716923233082
25573,LOF,0.02931412992593217,0.0836254229270039,0.887060447147064
25574,LOF,0.018599923324364376,0.13203874625543507,0.8493613304202005
25575,LOF,0.04934261461146126,0.094931720722708,0.8557256646658309
25576,LOF,0.019417620256176816,0.10528379115989485,0.8752985885839284
25577,LOF,0.01506838044671175,0.12575978971437318,0.859171829838915
25578,LOF,0.23064169129027728,0.0763523889128889,0.6930059197968338
25579,LOF,0.2322306024938708,0.07581654071881562,0.6919528567873136
25580,LOF,0.03394462996905108,0.07735894477441178,0.8886964252565371
25581,LOF,0.04857530703063924,0.05844833220504352,0.8929763607643172
25582,LOF,0.04847006191673767,0.056126204290704765,0.8954037337925577
25583,LOF,0.04378974301861435,0.08480117234989576,0.8714090846314899
25584,Neutral,0.46471442810770835,0.07406763361404432,0.46121793827824736
25585,LOF,0.031775320573701436,0.10338766432276109,0.8648370151035374
25586,LOF,0.04010991067476627,0.07527184690226482,0.8846182424229689
25587,LOF,0.0353560215277527,0.07079681764534931,0.8938471608268979
25588,LOF,0.03570466698773332,0.09238380853900917,0.8719115244732575
25589,Neutral,0.6025763869034689,0.09055175683968017,0.3068718562568508
25590,LOF,0.032008607826533905,0.1285527546508479,0.8394386375226183
25591,LOF,0.10914180086522236,0.04635055328756885,0.8445076458472089
25592,LOF,0.10332358487071772,0.12432884657193977,0.7723475685573425
25593,LOF,0.018283219668107843,0.2273002792269416,0.7544165011049506
25594,LOF,0.03654914925572766,0.19915935723370753,0.7642914935105648
25595,LOF,0.05672043663539532,0.16548953244207248,0.7777900309225323
25596,LOF,0.061258314983988246,0.0922066087034894,0.8465350763125222
25597,LOF,0.059762189751161814,0.07075603764567644,0.8694817726031617
25598,LOF,0.04640976300370139,0.19769208797618407,0.7558981490201145
25599,GOF,0.006551639908323462,0.695655044112064,0.2977933159796126
25600,GOF,0.00883075672020204,0.5729068856491655,0.4182623576306326
25601,LOF,0.006153748289117982,0.4520770915574625,0.5417691601534195
25602,LOF,0.017618086069101504,0.06394608348690584,0.9184358304439927
25603,LOF,0.0359148549132238,0.039139681907654066,0.9249454631791222
25604,LOF,0.043641252430094174,0.06176952884497963,0.8945892187249262
25605,LOF,0.010638165643391559,0.27732471616692644,0.7120371181896819
25606,GOF,0.05567127598496612,0.47572901500678244,0.4685997090082513
25607,LOF,0.004029099540637973,0.1614031792414797,0.8345677212178824
25608,LOF,0.062369554193568905,0.0497020550595097,0.8879283907469214
25609,LOF,0.05450822841052701,0.3998867927342835,0.5456049788551894
25610,LOF,0.04584305642882833,0.03589107588682821,0.9182658676843434
25611,LOF,0.06208163195985846,0.02933179359635473,0.9085865744437869
25612,LOF,0.12418281917381109,0.05667043643408882,0.8191467443921
25613,LOF,0.10520217191715989,0.04414659520526297,0.8506512328775773
25614,LOF,0.03943988268402059,0.04080289892423894,0.9197572183917404
25615,LOF,0.06247937019913751,0.04038560858735175,0.8971350212135107
25616,LOF,0.04067834561121586,0.04069496158137448,0.9186266928074096
25617,LOF,0.03973915100462762,0.04147711010840286,0.9187837388869695
25618,LOF,0.22107666907039947,0.04340861255233707,0.7355147183772636
25619,LOF,0.040651486042131445,0.036327471516057495,0.923021042441811
25620,LOF,0.043286616403042835,0.0460988334719713,0.9106145501249859
25621,LOF,0.037684488372698756,0.032580415884879546,0.9297350957424216
25622,LOF,0.03168259806295156,0.04917207238171387,0.9191453295553346
25623,LOF,0.06069133903752083,0.03273579757015883,0.9065728633923203
25624,LOF,0.03141926319919456,0.046494993362244566,0.9220857434385609
25625,LOF,0.04311479896928691,0.05116755709772622,0.9057176439329869
25626,LOF,0.08490817983815252,0.035837585613264916,0.8792542345485825
25627,Neutral,0.5962452999680763,0.09433530963998628,0.30941939039193733
25628,LOF,0.21695166539161378,0.047062417688829045,0.7359859169195572
25629,LOF,0.08858415584277013,0.12642099982720498,0.784994844330025
25630,LOF,0.21353953248846644,0.07961409688542542,0.7068463706261082
25631,Neutral,0.6031169171007235,0.056172005835528976,0.34071107706374765
25632,LOF,0.021973844365406496,0.08650263187501729,0.8915235237595762
25633,LOF,0.2274310511794428,0.09178747782009937,0.6807814710004577
25634,LOF,0.03986557430607523,0.10832228086222567,0.8518121448316992
25635,LOF,0.03481458778355015,0.08410336186595388,0.881082050350496
25636,GOF,0.006960957363662292,0.7004076860539022,0.29263135658243555
25637,GOF,0.0049913006967455065,0.5439031262693055,0.45110557303394894
25638,LOF,0.01002039632047627,0.451618821489092,0.5383607821904317
25639,LOF,0.005281215319490236,0.4506532347446979,0.5440655499358119
25640,GOF,0.374487206615724,0.5860001020542768,0.03951269132999925
25641,LOF,0.005627749801285008,0.37057994191983684,0.6237923082788781
25642,LOF,0.2444372540430409,0.09686805206094924,0.6586946938960098
25643,LOF,0.2138146064896595,0.3426058249495863,0.4435795685607543
25644,GOF,0.026518438279524152,0.6641545326868595,0.3093270290336163
25645,GOF,0.018793012582519662,0.6055228544360862,0.3756841329813941
25646,LOF,0.023654237546263092,0.4416113925048998,0.534734369948837
25647,LOF,0.018415277056546168,0.3153901716211602,0.6661945513222938
25648,LOF,0.014690930228343193,0.3677536414761661,0.6175554282954907
25649,LOF,0.01394689546903836,0.27221570894633523,0.7138373955846263
25650,GOF,0.04239807499179758,0.6510224465457393,0.3065794784624632
25651,LOF,0.011951152558881142,0.3151291184825824,0.6729197289585365
25652,LOF,0.018905800270931732,0.3483866767290149,0.6327075230000533
25653,GOF,0.08199831108612884,0.5510008738122745,0.36700081510159666
25654,LOF,0.01506825379012688,0.3753931444379294,0.6095386017719437
25655,GOF,0.11783890137968689,0.4967772532476036,0.3853838453727095
25656,LOF,0.05634658006518725,0.10349305668254077,0.840160363252272
25657,LOF,0.28424324987730637,0.03944575539991064,0.6763109947227831
25658,LOF,0.030049498202086796,0.16744280880599585,0.8025076929919173
25659,LOF,0.20642739862968534,0.07875824499018479,0.7148143563801299
25660,LOF,0.1005604957564645,0.10244813632752807,0.7969913679160074
25661,LOF,0.08025901894674649,0.07450990452036937,0.8452310765328841
25662,LOF,0.035078299173005624,0.04684740628818302,0.9180742945388113
25663,LOF,0.042041780997611466,0.08260613692715955,0.8753520820752291
25664,LOF,0.03110497235424911,0.1424813288307573,0.8264136988149937
25665,LOF,0.04765933968604321,0.05766494874928222,0.8946757115646746
25666,LOF,0.04306486142065809,0.18423961858803645,0.7726955199913054
25667,LOF,0.034351136828808686,0.06606110950995338,0.8995877536612379
25668,LOF,0.046869500512016785,0.05897987108198481,0.8941506284059983
25669,LOF,0.05117373544481621,0.10992736564884972,0.838898898906334
25670,LOF,0.11495589711059055,0.11072136014526199,0.7743227427441475
25671,LOF,0.04390840326052014,0.055185725303686504,0.9009058714357933
25672,LOF,0.04722142937597215,0.07456644454600843,0.8782121260780194
25673,LOF,0.038074234756310166,0.0792633338998791,0.8826624313438107
25674,LOF,0.02681509387239951,0.090773956964419,0.8824109491631815
25675,LOF,0.03714384538885687,0.08245932502715272,0.8803968295839905
25676,LOF,0.03361977941317432,0.07169849282311025,0.8946817277637155
25677,LOF,0.08977864061606905,0.05840887902552737,0.8518124803584036
25678,LOF,0.14762024051239556,0.050578109847386095,0.8018016496402184
25679,LOF,0.10724199946622118,0.0703823993259461,0.8223756012078327
25680,LOF,0.09059161079274038,0.09389997596919034,0.8155084132380693
25681,LOF,0.1059118210513561,0.08576636752063921,0.8083218114280046
25682,LOF,0.053200643528956856,0.06921983141982427,0.877579525051219
25683,LOF,0.07469845756177215,0.10383520264912263,0.8214663397891052
25684,LOF,0.0631539232229263,0.08028030701012616,0.8565657697669475
25685,LOF,0.11129441482505179,0.052724992201977544,0.8359805929729707
25686,LOF,0.03615391825520073,0.11615234598269965,0.8476937357620996
25687,LOF,0.0562812595147347,0.10237254316889847,0.8413461973163667
25688,LOF,0.017505059550063377,0.07244645797151814,0.9100484824784184
25689,LOF,0.0168462895585421,0.0450056223648017,0.9381480880766563
25690,LOF,0.01682705739449325,0.05754636520583661,0.9256265773996702
25691,LOF,0.11089793681427597,0.08507567577325861,0.8040263874124653
25692,LOF,0.18111202151611028,0.011308742564113497,0.8075792359197763
25693,LOF,0.04652769239215572,0.14300665214229122,0.8104656554655532
25694,LOF,0.2808241107329575,0.013643042202704635,0.7055328470643379
25695,LOF,0.20890562371474272,0.019999807665541797,0.7710945686197155
25696,LOF,0.14529929949653003,0.015595610352974867,0.8391050901504951
25697,LOF,0.14089366279749524,0.04024308648835272,0.8188632507141521
25698,LOF,0.021655428618364246,0.3098209653007506,0.6685236060808851
25699,LOF,0.10676443735488217,0.09720070228651695,0.7960348603586009
25700,LOF,0.04003691029078561,0.018450038350521804,0.9415130513586926
25701,LOF,0.016796347589571128,0.0932979739842212,0.8899056784262077
25702,GOF,0.02064734729942529,0.7359183395906855,0.24343431310988914
25703,LOF,0.015971485812383893,0.20039546225146931,0.7836330519361467
25704,LOF,0.09609351583394435,0.20513066556165385,0.6987758186044019
25705,LOF,0.08437835720894106,0.28533907647526785,0.6302825663157912
25706,GOF,0.021150024502096604,0.6504528365068943,0.32839713899100903
25707,GOF,0.031343741237895816,0.6121944148420277,0.35646184392007624
25708,GOF,0.010442724853151997,0.6022323799211818,0.3873248952256662
25709,LOF,0.02703632504170731,0.10307378990823576,0.8698898850500569
25710,LOF,0.005371892341470166,0.268812161717664,0.7258159459408658
25711,LOF,0.029560071251088824,0.15308473575734427,0.8173551929915669
25712,LOF,0.007526145415544162,0.3213945561069868,0.6710792984774689
25713,LOF,0.023225412586654344,0.1436516727129618,0.8331229147003838
25714,LOF,0.02829197204678531,0.1848127900894654,0.7868952378637493
25715,LOF,0.028987111228673503,0.15832292186969144,0.812689966901635
25716,LOF,0.00841586777159885,0.19241905960483494,0.7991650726235662
25717,LOF,0.006308031484327285,0.21281180677910785,0.7808801617365648
25718,LOF,0.025593042509639646,0.1230747305737917,0.8513322269165687
25719,LOF,0.03591750315372464,0.14112470534865248,0.8229577914976229
25720,LOF,0.036361439924155525,0.13586206838759932,0.8277764916882451
25721,LOF,0.03131600545067449,0.11828345987716052,0.8504005346721649
25722,LOF,0.020238771992889072,0.16826228281323252,0.8114989451938784
25723,LOF,0.02937103921131395,0.1303738624242845,0.8402550983644016
25724,LOF,0.02848510381671299,0.22206306584470634,0.7494518303385806
25725,LOF,0.029256008265342467,0.11924269471422505,0.8515012970204324
25726,LOF,0.020783453022554573,0.1661253832325873,0.8130911637448581
25727,LOF,0.027053648708747425,0.1664939662203202,0.8064523850709323
25728,LOF,0.02762441445866678,0.1485712769598326,0.8238043085815006
25729,LOF,0.026643455888123665,0.18112049323075918,0.792236050881117
25730,LOF,0.029641723335894658,0.11735158613113837,0.8530066905329671
25731,LOF,0.011269393972853033,0.24563591457430106,0.743094691452846
25732,LOF,0.0236876642595777,0.11693090924793409,0.8593814264924883
25733,LOF,0.037822968512568396,0.12406085072953117,0.8381161807579004
25734,LOF,0.006794831072334824,0.3426464366220774,0.6505587323055878
25735,LOF,0.026603353027240102,0.1033665273934588,0.8700301195793011
25736,LOF,0.024952806133248295,0.17163440998659224,0.8034127838801594
25737,LOF,0.05573508358563667,0.1613803960283921,0.7828845203859712
25738,LOF,0.025732338175199328,0.1758522304879994,0.7984154313368013
25739,LOF,0.03242547425364295,0.1497824503276668,0.8177920754186903
25740,LOF,0.030523075425054752,0.1663817928536143,0.803095131721331
25741,LOF,0.0368072479410028,0.145913349719661,0.8172794023393362
25742,LOF,0.049226861082267696,0.15265821405247418,0.7981149248652581
25743,LOF,0.011358861153182692,0.023389323146455136,0.9652518157003622
25744,LOF,0.20258357658586618,0.24666672211018295,0.550749701303951
25745,LOF,0.04095042555867069,0.053462268061292006,0.9055873063800374
25746,LOF,0.016484797678449098,0.07005958752454484,0.9134556147970061
25747,LOF,0.03972420705276973,0.024027511070319925,0.9362482818769102
25748,LOF,0.2720350354923224,0.04288319835910139,0.6850817661485763
25749,LOF,0.015861440801933507,0.047106630977829626,0.937031928220237
25750,LOF,0.022490619377234736,0.04726851058072815,0.9302408700420371
25751,LOF,0.04020324991416402,0.04126041114005061,0.9185363389457853
25752,GOF,0.0668314499301852,0.7496614689031615,0.1835070811666533
25753,LOF,0.006221432200519679,0.4298312389353981,0.5639473288640823
25754,GOF,0.007786553301869289,0.8861922598400598,0.10602118685807102
25755,GOF,0.0062585744186466,0.4976427439522266,0.49609868162912685
25756,LOF,0.023288801984571266,0.4865968723298936,0.49011432568553515
25757,GOF,0.008336231923620693,0.8784389639789272,0.1132248040974521
25758,GOF,0.009361763204681734,0.8847946720660416,0.10584356472927682
25759,GOF,0.00585324096454487,0.6823128294529669,0.3118339295824883
25760,LOF,0.0060897840984232175,0.3565269020043346,0.6373833138972421
25761,GOF,0.04538190920828009,0.8685399453842949,0.08607814540742492
25762,LOF,0.02767904108761269,0.4272392885397642,0.5450816703726231
25763,LOF,0.006191778000663364,0.34293501219096817,0.6508732098083684
25764,GOF,0.04969831469557928,0.7085620959968213,0.24173958930759942
25765,GOF,0.008351001687695338,0.8912081739085183,0.10044082440378643
25766,GOF,0.04815446578316751,0.8553879753267576,0.096457558890075
25767,GOF,0.020428797454265724,0.5284310772708807,0.4511401252748535
25768,LOF,0.0552948967552772,0.050907844204596576,0.8937972590401263
25769,LOF,0.03639662343295703,0.08300650119866385,0.8805968753683792
25770,LOF,0.20236443289996625,0.08525299672697836,0.7123825703730554
25771,LOF,0.020000891145344722,0.06878976446688936,0.9112093443877659
25772,LOF,0.033229626728454406,0.02851754376358301,0.9382528295079625
25773,LOF,0.020733467530473438,0.08194943507493002,0.8973170973945964
25774,LOF,0.02896877870320456,0.14653165267503646,0.8244995686217589
25775,LOF,0.021646267314082538,0.04113993015443326,0.9372138025314842
25776,LOF,0.03172410195644644,0.023982518271166813,0.9442933797723867
25777,LOF,0.3061790309882263,0.10279796239528562,0.5910230066164881
25778,LOF,0.02827458934083158,0.04927263130575324,0.9224527793534153
25779,GOF,0.07084333716812509,0.8624888265556719,0.06666783627620307
25780,GOF,0.0948862044993582,0.8525831231192726,0.05253067238136932
25781,GOF,0.03774870448521416,0.8410335736847803,0.12121772183000545
25782,GOF,0.0447562518799763,0.8850303702835408,0.07021337783648296
25783,GOF,0.04243807672804467,0.9030329361689853,0.054528987102969946
25784,GOF,0.12674094829249763,0.829805288761508,0.04345376294599436
25785,GOF,0.14660388682844355,0.8151923459402809,0.03820376723127567
25786,GOF,0.014305517005232086,0.8681735510703903,0.1175209319243777
25787,GOF,0.29869428055268843,0.6600631307966182,0.041242588650693364
25788,LOF,0.01850041149822062,0.1618531905790056,0.8196463979227737
25789,GOF,0.024222463867398687,0.8534943543926864,0.12228318173991488
25790,GOF,0.03839667930489494,0.855815973139737,0.10578734755536796
25791,GOF,0.03628784200684879,0.7325034661988843,0.2312086917942669
25792,GOF,0.04345406382463488,0.7771470998386053,0.1793988363367599
25793,GOF,0.05653242832891911,0.8089105309046415,0.1345570407664393
25794,GOF,0.059820639090613185,0.7123580717576221,0.22782128915176475
25795,GOF,0.07236941210883259,0.7063669891397011,0.22126359875146628
25796,GOF,0.14135413088521362,0.7689930912994032,0.08965277781538326
25797,GOF,0.11783842067977676,0.7158523998044521,0.1663091795157711
25798,GOF,0.00872998160634254,0.7637068302914678,0.22756318810218973
25799,GOF,0.005440894425264436,0.664209348151663,0.3303497574230725
25800,GOF,0.030758683679970537,0.8167071517256572,0.1525341645943721
25801,GOF,0.028636581171458845,0.8838994632701108,0.08746395555843041
25802,GOF,0.03501533930274004,0.779135621356077,0.18584903934118302
25803,GOF,0.025658315636720344,0.7081655671019151,0.26617611726136436
25804,GOF,0.0414279402457938,0.7513172400957329,0.20725481965847328
25805,GOF,0.03915734936183413,0.780052739790525,0.18078991084764073
25806,GOF,0.049840189401923134,0.7909320888190033,0.15922772177907357
25807,GOF,0.015868659690830258,0.7223372902010119,0.2617940501081579
25808,GOF,0.032045330166889416,0.7594881748178262,0.20846649501528447
25809,GOF,0.014323339282478031,0.6850842349737759,0.30059242574374595
25810,GOF,0.01251911916478588,0.6720586254717693,0.31542225536344476
25811,GOF,0.07214787022562523,0.8451512498973887,0.08270087987698616
25812,GOF,0.03565075804489945,0.7511219356195391,0.21322730633556145
25813,GOF,0.19555613147454096,0.7172399395229337,0.08720392900252533
25814,GOF,0.03692451546795444,0.772781689445054,0.19029379508699157
25815,GOF,0.07320535276132233,0.8159457712666043,0.11084887597207325
25816,GOF,0.010157191136368373,0.8483419141403216,0.14150089472331012
25817,GOF,0.13875380567371026,0.7555318789371759,0.10571431538911391
25818,GOF,0.0366141671213638,0.7593776091181939,0.2040082237604424
25819,GOF,0.06318190233536189,0.7517053683543973,0.1851127293102409
25820,GOF,0.05881894395482593,0.7113263999483691,0.22985465609680483
25821,GOF,0.04106825235475079,0.74991813418963,0.2090136134556192
25822,GOF,0.07965874724376626,0.7007683302195041,0.21957292253672955
25823,GOF,0.03610710728880378,0.676799058879363,0.28709383383183323
25824,GOF,0.03835376486239569,0.7395526851702525,0.22209354996735176
25825,GOF,0.030836806429621236,0.7342137179369753,0.23494947563340338
25826,GOF,0.014954358298329832,0.6980496366950544,0.2869960050066158
25827,GOF,0.018865973456036893,0.6850921624226017,0.29604186412136124
25828,GOF,0.01491107806302329,0.7104328131435977,0.2746561087933788
25829,GOF,0.005087588893103652,0.6392268606189878,0.35568555048790856
25830,GOF,0.039422500667715174,0.5048340578388018,0.45574344149348306
25831,GOF,0.07013181886730772,0.7926253364867841,0.13724284464590816
25832,GOF,0.013778662996821033,0.726705228627866,0.25951610837531286
25833,GOF,0.04729582545629693,0.7870104293480983,0.16569374519560479
25834,GOF,0.014021949751870573,0.7391237708933565,0.24685427935477294
25835,GOF,0.0294160592296397,0.8017961876370381,0.1687877531333222
25836,GOF,0.008589179298650608,0.7275681675461105,0.26384265315523875
25837,GOF,0.013315371379326781,0.7341923943366102,0.25249223428406303
25838,GOF,0.030940828917645862,0.8072278309435944,0.16183134013875974
25839,GOF,0.08060462531871418,0.7673516629921452,0.15204371168914066
25840,GOF,0.11269431121321781,0.7364926284809161,0.150813060305866
25841,GOF,0.11303763612070239,0.7717888890631892,0.11517347481610841
25842,GOF,0.036226237264057735,0.8495392874763789,0.11423447525956351
25843,GOF,0.03585342037777056,0.8574540759487046,0.1066925036735247
25844,GOF,0.02484364514634577,0.7937459046384048,0.18141045021524949
25845,GOF,0.008060669577032529,0.6930300460066913,0.2989092844162763
25846,GOF,0.08077074621102966,0.8117677193644932,0.10746153442447717
25847,GOF,0.01705844055808203,0.8499400183182374,0.13300154112368054
25848,GOF,0.028704976641790586,0.80302595475538,0.16826906860282934
25849,GOF,0.008799823244501986,0.770945417801917,0.220254758953581
25850,GOF,0.008105506063776947,0.7046024160041869,0.28729207793203615
25851,GOF,0.007662322058551654,0.654328872552616,0.3380088053888324
25852,GOF,0.163503063847542,0.5414306198551176,0.29506631629734026
25853,GOF,0.0712109271786545,0.781365034656304,0.14742403816504143
25854,GOF,0.007794280856387152,0.6688081365270219,0.32339758261659085
25855,GOF,0.02680882326399894,0.6766023312870049,0.2965888454489962
25856,GOF,0.05500260862410806,0.7474254673219833,0.19757192405390875
25857,GOF,0.027609808908368175,0.6815025559086979,0.2908876351829339
25858,GOF,0.010882714880248915,0.6217127411570246,0.3674045439627265
25859,GOF,0.007965144284864624,0.5887698419210191,0.40326501379411617
25860,GOF,0.1009953398333118,0.7392018264238048,0.15980283374288337
25861,GOF,0.11311584268729646,0.7783475741754612,0.10853658313724236
25862,GOF,0.02827533659400168,0.8680259012485435,0.10369876215745483
25863,GOF,0.025525336149844292,0.8548957009383156,0.11957896291184016
25864,GOF,0.06734018326150992,0.8487692742856944,0.08389054245279569
25865,GOF,0.06090100266268649,0.812696564589732,0.12640243274758137
25866,GOF,0.028540842887292802,0.8161659340467479,0.15529322306595933
25867,GOF,0.04827698050712215,0.8218134073713281,0.1299096121215496
25868,GOF,0.07660955004209268,0.7547995042600578,0.16859094569784938
25869,GOF,0.39408525821470847,0.5026715056797559,0.10324323610553568
25870,GOF,0.07615587921264534,0.5286993264320691,0.3951447943552856
25871,GOF,0.01123876676744327,0.8101606614110478,0.17860057182150887
25872,GOF,0.024856586479859603,0.7990897410452076,0.17605367247493275
25873,GOF,0.022201892305651127,0.8704314878063134,0.1073666198880355
25874,LOF,0.01811792996715773,0.1841107590801863,0.7977713109526561
25875,LOF,0.025195174268400487,0.10219025844342594,0.8726145672881737
25876,LOF,0.020466967898109284,0.06577891664177545,0.9137541154601153
25877,LOF,0.0938309697912755,0.22286339246928102,0.6833056377394434
25878,LOF,0.05974123760604817,0.2675132368512193,0.6727455255427325
25879,LOF,0.010817221366268353,0.19904992390954473,0.7901328547241869
25880,LOF,0.07409174095898001,0.02025562964070481,0.9056526294003153
25881,Neutral,0.5366131674482686,0.08788275808716571,0.3755040744645658
25882,LOF,0.07070469903008322,0.025250742680261052,0.9040445582896557
25883,LOF,0.031733120226498934,0.026682706699916608,0.9415841730735846
25884,LOF,0.020878308763447432,0.03865909002754848,0.940462601209004
25885,LOF,0.19202658648473184,0.013163586001930707,0.7948098275133375
25886,LOF,0.24002011686183877,0.05281709010745446,0.7071627930307068
25887,LOF,0.08762653902448443,0.12737901668217516,0.7849944442933403
25888,LOF,0.00891591200920891,0.16669219462739623,0.8243918933633948
25889,LOF,0.02984723466873425,0.03313336447484,0.9370194008564258
25890,LOF,0.19329545820605065,0.07378842828879549,0.7329161135051537
25891,LOF,0.09655515541678371,0.039985007690230584,0.8634598368929858
25892,LOF,0.009143372579149179,0.030661382271407998,0.9601952451494429
25893,LOF,0.33268369950816745,0.010205447601992646,0.65711085288984
25894,LOF,0.33511688448988775,0.007319854224023121,0.6575632612860891
25895,LOF,0.27412689003252155,0.014291420039774435,0.711581689927704
25896,LOF,0.0890318635621794,0.030556829274479627,0.8804113071633408
25897,LOF,0.13679903902574053,0.010319372237783158,0.8528815887364763
25898,LOF,0.12800801756795485,0.02787111465426621,0.8441208677777788
25899,LOF,0.41203639494364275,0.03755105997651679,0.5504125450798405
25900,Neutral,0.6371109145812246,0.013123334109219634,0.34976575130955573
25901,LOF,0.09903693040111589,0.01326377619854125,0.8876992934003429
25902,LOF,0.11013380746001336,0.015874609009551274,0.8739915835304354
25903,LOF,0.19949466814944655,0.027112512923984696,0.7733928189265689
25904,Neutral,0.5506325657585495,0.04192157088360507,0.4074458633578454
25905,LOF,0.007919769223482037,0.3714466266609021,0.6206336041156159
25906,LOF,0.009486740555762433,0.07376072682814379,0.9167525326160938
25907,LOF,0.008983774352817766,0.24782887449977137,0.7431873511474109
25908,LOF,0.008764052300873631,0.24772385805358277,0.7435120896455436
25909,LOF,0.030372355442895266,0.09377969318755935,0.8758479513695455
25910,LOF,0.012503088810229976,0.1505989689807541,0.8368979422090159
25911,LOF,0.18155783735467862,0.026846079036558362,0.791596083608763
25912,LOF,0.10369507387972307,0.020935242587917832,0.875369683532359
25913,LOF,0.021522464902682493,0.028691627957549252,0.9497859071397683
25914,LOF,0.04145826473239669,0.02638660062143452,0.9321551346461687
25915,LOF,0.15466162704652248,0.20888270567059364,0.6364556672828838
25916,LOF,0.012748863050508916,0.09643152918803004,0.8908196077614611
25917,LOF,0.07124696525650545,0.028401907837824238,0.9003511269056702
25918,LOF,0.03792548099290452,0.014046085369925472,0.94802843363717
25919,LOF,0.0331172766602669,0.01511153378431277,0.9517711895554204
25920,LOF,0.31284536336948765,0.18616090482413036,0.500993731806382
25921,LOF,0.021481869463520254,0.01781379002579112,0.9607043405106886
25922,LOF,0.019189163261862714,0.019040977996330834,0.9617698587418064
25923,LOF,0.4611600411625986,0.012759106449195711,0.5260808523882057
25924,LOF,0.02854280302287187,0.020341222989881294,0.9511159739872468
25925,LOF,0.11505186527027897,0.02832431170495127,0.8566238230247698
25926,LOF,0.10081899522412156,0.020464203033995324,0.878716801741883
25927,LOF,0.027803447393341847,0.03478024510908426,0.937416307497574
25928,LOF,0.015285906210065906,0.021325754617388584,0.9633883391725456
25929,Neutral,0.5955856550207083,0.012509021815005114,0.3919053231642866
25930,LOF,0.10980365686026301,0.01232786422287688,0.8778684789168602
25931,LOF,0.017036421534503195,0.01682839158227939,0.9661351868832175
25932,LOF,0.09514042356483265,0.01530149799156943,0.8895580784435979
25933,LOF,0.09036256222712949,0.008679521456662212,0.9009579163162083
25934,LOF,0.09370014565475006,0.008450004368342428,0.8978498499769075
25935,LOF,0.11650821237859624,0.02234669894292881,0.8611450886784748
25936,LOF,0.110713272449748,0.009545063002994722,0.8797416645472572
25937,LOF,0.024293487344398287,0.015250855196319383,0.9604556574592823
25938,LOF,0.11248412073488595,0.01966668450631129,0.8678491947588028
25939,LOF,0.07437104122644372,0.012729686629024956,0.9128992721445313
25940,GOF,0.012043131625309797,0.5433250899537763,0.4446317784209139
25941,Neutral,0.4951017585523305,0.04877125119406033,0.4561269902536091
25942,LOF,0.010675778063293543,0.054855271718225025,0.9344689502184815
25943,LOF,0.05677789547928724,0.1898319771043932,0.7533901274163195
25944,LOF,0.06224715934701534,0.09195770191936246,0.8457951387336222
25945,LOF,0.17756299723970836,0.031323145566959865,0.7911138571933318
25946,LOF,0.08403218497501284,0.04278705866148298,0.8731807563635041
25947,Neutral,0.4857097847590114,0.1534280118071281,0.3608622034338605
25948,LOF,0.39024389172552254,0.011340336428123916,0.5984157718463534
25949,LOF,0.13383203789305675,0.06563548191268477,0.8005324801942585
25950,GOF,0.11024204726455426,0.6343386090892901,0.2554193436461557
25951,LOF,0.011488638814311678,0.4813445160330118,0.5071668451526765
25952,LOF,0.1657700477847679,0.2889480324744841,0.5452819197407481
25953,LOF,0.007414788802320463,0.32707149475538516,0.6655137164422943
25954,LOF,0.07583159183237355,0.4501304448724007,0.47403796329522574
25955,LOF,0.009823798177205693,0.2567072844830498,0.7334689173397445
25956,LOF,0.01159801707590169,0.3671017966682157,0.6213001862558827
25957,LOF,0.1728159546371704,0.05308543325911627,0.7740986121037132
25958,LOF,0.030110285629568155,0.06118796768174235,0.9087017466886895
25959,GOF,0.006732549108014756,0.7156393026939181,0.2776281481980672
25960,LOF,0.005242435654671855,0.12609481851797197,0.8686627458273561
25961,LOF,0.02692875575413812,0.04804130504312161,0.9250299392027402
25962,LOF,0.03339228444849113,0.09976891033557986,0.8668388052159289
25963,LOF,0.009152572831673247,0.1348416935767172,0.8560057335916096
25964,LOF,0.04119443412850425,0.11337574773545424,0.8454298181360415
25965,LOF,0.16875779179089564,0.16700370640480192,0.6642385018043024
25966,LOF,0.3025551347484536,0.10893971541200477,0.5885051498395417
25967,LOF,0.006472428657844466,0.11010262556493233,0.8834249457772232
25968,LOF,0.05651246893110749,0.26275818968115394,0.6807293413877386
25969,LOF,0.14360304092402246,0.06892183819630801,0.7874751208796695
25970,LOF,0.06150314082289467,0.058694157339887976,0.8798027018372173
25971,LOF,0.06355986483369844,0.02986373564442724,0.9065763995218744
25972,LOF,0.07658291418638785,0.0501959796962805,0.8732211061173317
25973,LOF,0.05220814050579864,0.009952651063312593,0.9378392084308887
25974,LOF,0.05648773767001986,0.04468547263446365,0.8988267896955164
25975,LOF,0.033764760993849355,0.014843499621645141,0.9513917393845056
25976,LOF,0.08652351768737022,0.012290628549325777,0.9011858537633041
25977,LOF,0.23746917010276528,0.049447646598636985,0.7130831832985979
25978,LOF,0.1511025559518491,0.16971127113720627,0.6791861729109446
25979,LOF,0.12078626169660056,0.17353914527073117,0.7056745930326683
25980,LOF,0.19355392128591312,0.2574117788604097,0.5490342998536771
25981,LOF,0.19504722367618998,0.2607665928650321,0.5441861834587779
25982,LOF,0.3471301633074652,0.1336622765192744,0.5192075601732604
25983,Neutral,0.4429532665614694,0.13269805036545415,0.42434868307307655
25984,LOF,0.07096656675104748,0.086563255965476,0.8424701772834765
25985,Neutral,0.44878138577507554,0.1355115136288416,0.41570710059608285
25986,LOF,0.015735491958518328,0.4317408294307865,0.5525236786106952
25987,LOF,0.04060037470191529,0.10086194759940921,0.8585376776986755
25988,LOF,0.06738273424387936,0.1490501623778969,0.7835671033782237
25989,LOF,0.07775381408818141,0.1995177648234489,0.7227284210883697
25990,LOF,0.05966994056592429,0.3322485841009204,0.6080814753331553
25991,GOF,0.024798794792209422,0.5484326668864037,0.42676853832138684
25992,LOF,0.01275958009592128,0.4618907669250252,0.5253496529790536
25993,LOF,0.01841244861060011,0.06534186572343346,0.9162456856659664
25994,LOF,0.026394883237032037,0.06822534187719792,0.9053797748857699
25995,LOF,0.018125973584214732,0.11649956027853063,0.8653744661372545
25996,GOF,0.2896537890856563,0.42778007861266054,0.28256613230168326
25997,GOF,0.052667873064997345,0.49981697084166127,0.44751515609334147
25998,LOF,0.2377342336937773,0.0362263344601279,0.7260394318460947
25999,LOF,0.023992619838060378,0.31039827033439993,0.6656091098275396
26000,LOF,0.13905785107174792,0.014605358814923386,0.8463367901133286
26001,LOF,0.17006223639423962,0.021192876321784685,0.8087448872839756
26002,LOF,0.09142554498700407,0.02183786971512055,0.8867365852978754
26003,GOF,0.007018384158230028,0.5494261328873316,0.44355548295443836
26004,GOF,0.017918248483414643,0.5566980348726484,0.4253837166439371
26005,LOF,0.005477596528063724,0.45820358429564995,0.5363188191762863
26006,GOF,0.10838259340768036,0.48114361095704317,0.4104737956352764
26007,LOF,0.011485035462296863,0.44896446441052956,0.5395505001271736
26008,GOF,0.007232626692085147,0.5473985510947069,0.445368822213208
26009,GOF,0.011371473618410326,0.5797992856044114,0.4088292407771782
26010,GOF,0.009962710430416907,0.5160957108674782,0.4739415787021049
26011,LOF,0.0057658187032716595,0.3765158543848318,0.6177183269118965
26012,GOF,0.005291211528497244,0.4974600074270672,0.49724878104443543
26013,GOF,0.011530792597875022,0.5413525784261533,0.4471166289759718
26014,LOF,0.04373803013410744,0.0793871038749724,0.8768748659909201
26015,LOF,0.40959234489451635,0.02085951388761154,0.5695481412178721
26016,LOF,0.2759733627590614,0.025506982993406157,0.6985196542475324
26017,LOF,0.017583843027297465,0.10599381946492717,0.8764223375077753
26018,LOF,0.0327678938970534,0.057483426262430345,0.9097486798405163
26019,LOF,0.03193933702799244,0.0504032169679922,0.9176574460040153
26020,LOF,0.006950266970170014,0.10579198923450493,0.8872577437953251
26021,LOF,0.07842584579890739,0.04791008809800035,0.8736640661030922
26022,LOF,0.03709816371692242,0.02442341180734945,0.938478424475728
26023,LOF,0.025406814193779916,0.03757472552730846,0.9370184602789117
26024,LOF,0.051390906568273644,0.03648085378386964,0.9121282396478567
26025,LOF,0.12954222420461498,0.041096609677950605,0.8293611661174344
26026,LOF,0.12478825739321801,0.03021801091733988,0.844993731689442
26027,LOF,0.03245761374142142,0.021933826460874817,0.9456085597977038
26028,LOF,0.06351760877511038,0.16996861678500433,0.7665137744398852
26029,LOF,0.02600466536701332,0.19484151193469013,0.7791538226982965
26030,LOF,0.11442939394883161,0.02560689456858093,0.8599637114825873
26031,LOF,0.011883807357014086,0.17236289564973542,0.8157532969932505
26032,LOF,0.03617010536773835,0.04995117614948642,0.9138787184827752
26033,LOF,0.0372154746705127,0.047817859493231474,0.9149666658362559
26034,LOF,0.017696678017049026,0.11787954592818943,0.8644237760547615
26035,LOF,0.011587153731431477,0.1214482312914922,0.8669646149770762
26036,LOF,0.010650383181517583,0.09820441408660666,0.8911452027318757
26037,LOF,0.010687278629959416,0.1075341720821403,0.8817785492879002
26038,LOF,0.030639981372273868,0.04435736832543742,0.9250026503022887
26039,LOF,0.029177434970117655,0.14483799656394644,0.8259845684659359
26040,LOF,0.08685365430458326,0.14325860978634353,0.7698877359090732
26041,LOF,0.012459908996871811,0.10663233282324659,0.8809077581798815
26042,LOF,0.01170290322943226,0.11240689330628152,0.8758902034642863
26043,LOF,0.03254962061916378,0.07568589538590777,0.8917644839949286
26044,LOF,0.006966998691532157,0.05892716841330761,0.9341058328951602
26045,LOF,0.08730933485520471,0.21013493540140563,0.7025557297433895
26046,LOF,0.028063951267501278,0.051524004900879314,0.9204120438316195
26047,LOF,0.06612225620020552,0.05079426267273229,0.8830834811270621
26048,LOF,0.0891570039390553,0.024387284932525552,0.8864557111284191
26049,Neutral,0.945617936755547,0.007197284878286925,0.047184778366166066
26050,Neutral,0.9117640545784704,0.008115278889124094,0.0801206665324056
26051,LOF,0.027257491075803702,0.3162050302708056,0.6565374786533906
26052,LOF,0.028757126210081363,0.24969966292520926,0.7215432108647094
26053,LOF,0.01737363702005517,0.16215319801247777,0.8204731649674671
26054,LOF,0.05812701185264724,0.048925161852307185,0.8929478262950455
26055,LOF,0.08285716771114411,0.040736580280711816,0.8764062520081441
26056,LOF,0.06790134034056901,0.04971272374723456,0.8823859359121965
26057,LOF,0.05630923102671576,0.027148941983994132,0.9165418269892901
26058,LOF,0.06255375499162887,0.021235710075614627,0.9162105349327565
26059,LOF,0.21684478150581074,0.059582097704794314,0.723573120789395
26060,LOF,0.014876265601883567,0.20494199663007193,0.7801817377680446
26061,LOF,0.010679259955938825,0.015881076149670874,0.9734396638943902
26062,LOF,0.005783039534078652,0.024941977855694693,0.9692749826102267
26063,LOF,0.05425333478447437,0.017982326081081374,0.9277643391344443
26064,LOF,0.014981644507435905,0.022154403339834452,0.9628639521527296
26065,LOF,0.06693538197880748,0.026012058362360584,0.9070525596588318
26066,LOF,0.05308294522766311,0.01832160705258173,0.9285954477197552
26067,LOF,0.05147138488568601,0.0147379442711893,0.9337906708431246
26068,LOF,0.055003858600940154,0.03926482171348674,0.9057313196855731
26069,LOF,0.1835171816503153,0.03442994513815111,0.7820528732115335
26070,LOF,0.3889964194892554,0.018839974925981398,0.5921636055847631
26071,LOF,0.054680213093051884,0.019125066164241665,0.9261947207427064
26072,LOF,0.006712779428143128,0.028325673506541978,0.9649615470653149
26073,LOF,0.04576292274511494,0.022507719279421193,0.9317293579754637
26074,Neutral,0.676738941205239,0.013682332115278606,0.3095787266794824
26075,LOF,0.0466513306691693,0.029491517755488375,0.9238571515753424
26076,LOF,0.04297033563631305,0.02018485846890082,0.936844805894786
26077,LOF,0.16195710831826773,0.014200791402092556,0.8238421002796397
26078,LOF,0.006484844617990781,0.030600414430630912,0.9629147409513783
26079,LOF,0.060764659471904875,0.03046141333035958,0.9087739271977355
26080,LOF,0.05991082219232505,0.030562625424579375,0.9095265523830957
26081,LOF,0.04352826386567284,0.01622311279627776,0.9402486233380494
26082,LOF,0.00689922626906051,0.027201283605889904,0.9658994901250495
26083,LOF,0.12117730085853703,0.031238380440450297,0.8475843187010127
26084,LOF,0.13227167131260692,0.028683240690476574,0.8390450879969165
26085,LOF,0.12485255253920648,0.022175133740227674,0.8529723137205658
26086,LOF,0.03922636081122618,0.022905611372479637,0.9378680278162942
26087,LOF,0.04081516756328599,0.02085837954844795,0.938326452888266
26088,LOF,0.0065779339850208255,0.0531325350163878,0.9402895309985915
26089,LOF,0.04238553357620767,0.0404174455471924,0.9171970208765999
26090,LOF,0.04229869433596691,0.03705132430408467,0.9206499813599485
26091,LOF,0.03167570278202487,0.015607765909947818,0.9527165313080272
26092,LOF,0.04926294610667519,0.014672221658300712,0.936064832235024
26093,LOF,0.0708368262493348,0.010135898892969356,0.9190272748576959
26094,LOF,0.03709160763693688,0.012409097789357853,0.9504992945737053
26095,LOF,0.011538735133486858,0.031358987714682526,0.9571022771518306
26096,LOF,0.22861334298992061,0.0076306830673371325,0.7637559739427422
26097,LOF,0.006380857257586058,0.06533196119646896,0.928287181545945
26098,LOF,0.055789930013880794,0.029579737313141334,0.9146303326729778
26099,LOF,0.044838806071641805,0.035117759612855876,0.9200434343155024
26100,LOF,0.04482865488912615,0.03510980920519334,0.9200615359056805
26101,LOF,0.04451432937401264,0.059178410053730486,0.8963072605722568
26102,LOF,0.04183194928824077,0.026341496880319684,0.9318265538314396
26103,Neutral,0.8983703143592424,0.03585468584416286,0.06577499979659476
26104,LOF,0.053502687432540774,0.0643090852127105,0.8821882273547488
26105,LOF,0.24885290359014084,0.10198230790097307,0.649164788508886
26106,LOF,0.26743735885271847,0.04057522193744015,0.6919874192098414
26107,LOF,0.014519314907988318,0.06549179701026979,0.9199888880817418
26108,LOF,0.16084355227967448,0.05281053783296924,0.7863459098873563
26109,LOF,0.055495416040946065,0.05860884112225002,0.885895742836804
26110,LOF,0.4307662724730437,0.01055703466631052,0.5586766928606458
26111,LOF,0.07105103249785655,0.058763836635327096,0.8701851308668163
26112,LOF,0.06827162700279273,0.0106346753732464,0.921093697623961
26113,LOF,0.10717543640590074,0.02866648910136716,0.864158074492732
26114,LOF,0.0914821325592124,0.007920645604679147,0.9005972218361085
26115,LOF,0.01800911317600328,0.06342531630305039,0.9185655705209463
26116,LOF,0.07512946128814581,0.025317286272361277,0.8995532524394929
26117,LOF,0.3751012010686093,0.039023606662590124,0.5858751922688006
26118,LOF,0.039057472243779236,0.0175041057792835,0.9434384219769373
26119,LOF,0.006351177883841174,0.07239904166693664,0.9212497804492221
26120,LOF,0.03297801300898766,0.015519847615484713,0.9515021393755276
26121,LOF,0.004341083268785913,0.11434025239344699,0.8813186643377672
