feature0,prediction,LoGoFunc_Neutral,LoGoFunc_GOF,LoGoFunc_LOF
25546,Neutral,0.764095008754051,0.0345957717577656,0.20130921948818345
25547,Neutral,0.6068949917851932,0.0784555901866988,0.31464941802810803
25548,Neutral,0.5873705248889405,0.057021087833428345,0.3556083872776311
25549,Neutral,0.5123425190921457,0.05770490957377881,0.4299525713340755
25550,LOF,0.3368611928468066,0.12182183381809097,0.5413169733351023
25551,LOF,0.2929840634340085,0.13342512118521352,0.5735908153807779
25552,LOF,0.19613060577355476,0.124734812044243,0.6791345821822022
25553,Neutral,0.8338189152948404,0.03598347161314749,0.13019761309201203
25554,LOF,0.22716419051986075,0.11903481385909558,0.6538009956210437
25555,LOF,0.1858103680976999,0.099905514916573,0.7142841169857271
25556,LOF,0.409473208163364,0.10267403328320622,0.48785275855342974
25557,LOF,0.18480295500650468,0.10731320686759631,0.707883838125899
25558,LOF,0.22168162518483608,0.12236431584802317,0.6559540589671407
25559,LOF,0.40322903728776344,0.08675990374923301,0.5100110589630035
25560,LOF,0.05290958232483979,0.1893161529763657,0.7577742646987945
25561,LOF,0.10043320321138041,0.2027427490295236,0.696824047759096
25562,LOF,0.10702050542869307,0.08492348122363773,0.8080560133476692
25563,LOF,0.0950281271567438,0.08836234102246324,0.8166095318207929
25564,LOF,0.1667744769053516,0.1653824466335471,0.6678430764611013
25565,LOF,0.14829445073970804,0.10964919881211273,0.7420563504481792
25566,GOF,0.013324905712952657,0.730879354029892,0.25579574025715524
25567,LOF,0.013174995006126618,0.15244919841466373,0.8343758065792096
25568,LOF,0.05443868945250074,0.07149477006792808,0.8740665404795711
25569,LOF,0.06575185913691342,0.07310199872183801,0.8611461421412485
25570,LOF,0.061325525639029405,0.10779141038660495,0.8308830639743656
25571,LOF,0.05420936325081513,0.10116578826329553,0.8446248484858895
25572,LOF,0.06880154693170912,0.1339474582534663,0.7972509948148245
25573,LOF,0.02811467216579701,0.1036346803826414,0.8682506474515616
25574,LOF,0.016477268198892666,0.17213858176499622,0.811384150036111
25575,LOF,0.041824142277936835,0.11704163235469416,0.841134225367369
25576,LOF,0.019678971791758565,0.1310238972203622,0.8492971309878792
25577,LOF,0.015017066818678707,0.14718336485552683,0.8377995683257945
25578,LOF,0.24641206721529904,0.09266279882016579,0.6609251339645351
25579,LOF,0.24629458694421438,0.0920846349201154,0.6616207781356702
25580,LOF,0.030981826785321003,0.08423516545437493,0.884783007760304
25581,LOF,0.05237283504085209,0.07917668966088609,0.8684504752982618
25582,LOF,0.05202964755901329,0.07673226325039335,0.8712380891905934
25583,LOF,0.04357180913548179,0.10220491299044175,0.8542232778740764
25584,Neutral,0.4487306134680328,0.1230566732084808,0.42821271332348637
25585,LOF,0.03117217771242903,0.11620578629751471,0.8526220359900563
25586,LOF,0.03246662979934225,0.08680527515697886,0.8807280950436788
25587,LOF,0.03092145048588167,0.08104884679614736,0.888029702717971
25588,LOF,0.03162094056207426,0.10254101026289064,0.865838049175035
25589,Neutral,0.5977944231401701,0.13735014185227967,0.2648554350075502
25590,LOF,0.029523859491369018,0.1365698249800557,0.8339063155285753
25591,LOF,0.10898523031478703,0.06589259170197682,0.8251221779832362
25592,LOF,0.08799896716002958,0.14862727118574076,0.7633737616542297
25593,LOF,0.019321523343407972,0.2878603676364107,0.6928181090201813
25594,LOF,0.03228281933796778,0.2451642744494047,0.7225529062126275
25595,LOF,0.04943920529561052,0.1926327102403457,0.7579280844640437
25596,LOF,0.04842112238542458,0.12432006136340956,0.8272588162511658
25597,LOF,0.05131275565683157,0.10015918628668175,0.8485280580564867
25598,LOF,0.037910062672828426,0.23925994808426887,0.7228299892429026
25599,GOF,0.008493708536802706,0.8058499610168748,0.18565633044632268
25600,GOF,0.010534159719602745,0.5860744355874546,0.4033914046929425
25601,GOF,0.007610826350348718,0.5007436883590222,0.4916454852906291
25602,LOF,0.01672550852523311,0.055974168539272354,0.9273003229354946
25603,LOF,0.050533802667889836,0.03994925249126227,0.9095169448408479
25604,LOF,0.053071359887140894,0.047751799785728376,0.8991768403271306
25605,LOF,0.009805376355839869,0.2549840827921827,0.7352105408519775
25606,LOF,0.09319000420902147,0.440308840377744,0.46650115541323456
25607,LOF,0.00614785893731048,0.17523928840310696,0.8186128526595825
25608,LOF,0.07049907323069111,0.04500545547831367,0.8844954712909953
25609,LOF,0.04989073917540553,0.34227768649485046,0.607831574329744
25610,LOF,0.040896767335210055,0.03641343557292713,0.9226897970918628
25611,LOF,0.04208960852495097,0.03470168558474107,0.9232087058903079
25612,LOF,0.10215418644472453,0.05617967067356579,0.8416661428817097
25613,LOF,0.08475539190675209,0.05298418547407314,0.8622604226191748
25614,LOF,0.029522115610718637,0.05071409350991313,0.9197637908793682
25615,LOF,0.05575216191031352,0.04116813568716567,0.9030797024025208
25616,LOF,0.030934310299198416,0.04143382261143152,0.9276318670893701
25617,LOF,0.029783255139071273,0.049525557746931126,0.9206911871139977
25618,LOF,0.1843816632285605,0.045392937146571506,0.7702253996248681
25619,LOF,0.028248736454404625,0.041488514831208294,0.9302627487143871
25620,LOF,0.036731465824759495,0.053428178848968534,0.909840355326272
25621,LOF,0.032722537992347665,0.035810636890100896,0.9314668251175515
25622,LOF,0.03122698778783536,0.05097736089022036,0.9177956513219442
25623,LOF,0.0626320643972492,0.04083641018679714,0.8965315254159536
25624,LOF,0.02603618895728267,0.057827228950581004,0.9161365820921364
25625,LOF,0.03738897033768864,0.05385703044853777,0.9087539992137735
25626,LOF,0.07833229337747713,0.03876855563439255,0.8828991509881304
25627,Neutral,0.5603602948581958,0.14771188656894885,0.2919278185728553
25628,LOF,0.19189357422078054,0.07513054091869963,0.7329758848605199
25629,LOF,0.06266639793641827,0.13765233999446272,0.799681262069119
25630,LOF,0.16614933102278695,0.12354502792444962,0.7103056410527634
25631,Neutral,0.5933627877498813,0.09997156397759939,0.30666564827251935
25632,LOF,0.021387164264079467,0.08275973998023342,0.8958530957556871
25633,LOF,0.21554539642883794,0.08585463925900133,0.6985999643121608
25634,LOF,0.03524559305602379,0.1033317397177115,0.8614226672262647
25635,LOF,0.034348330408569744,0.08262463854968677,0.8830270310417435
25636,GOF,0.0054849430916373895,0.5695279664977583,0.4249870904106044
25637,GOF,0.0044816669882710445,0.5203469508615894,0.4751713821501395
25638,LOF,0.009573996213793554,0.42803019628954486,0.5623958074966616
25639,LOF,0.004769464815152469,0.41037787079552457,0.5848526643893229
25640,GOF,0.4477005183922346,0.5095725130198937,0.04272696858787167
25641,LOF,0.007395037466470914,0.3881205272086796,0.6044844353248494
25642,LOF,0.24397377738621273,0.08415937729507021,0.671866845318717
25643,LOF,0.2277160460025822,0.26499202875695405,0.5072919252404637
25644,LOF,0.02251864879206018,0.4648581400425183,0.5126232111654215
25645,LOF,0.025061433882776218,0.41032487048739114,0.5646136956298327
25646,LOF,0.020033167031597854,0.2589103819411771,0.721056451027225
25647,LOF,0.017428395535111985,0.21155586088453607,0.771015743580352
25648,LOF,0.014318285171476212,0.22379161021607286,0.761890104612451
25649,LOF,0.012958858766181913,0.17058954341200827,0.8164515978218098
25650,LOF,0.03893262329847321,0.45143982129583676,0.50962755540569
25651,LOF,0.012183759494206891,0.2016650909117547,0.7861511495940383
25652,LOF,0.01782864718131299,0.20613784765988796,0.7760335051587991
25653,LOF,0.08287350533009304,0.3482698214227622,0.5688566732471448
25654,LOF,0.014611182591783421,0.16802488535229881,0.8173639320559178
25655,LOF,0.09780286156135615,0.25238906937858535,0.6498080690600585
25656,LOF,0.05681760276140288,0.062282008098080696,0.8809003891405164
25657,LOF,0.26581275781352914,0.02717038936492665,0.7070168528215443
25658,LOF,0.037444802407060176,0.07826315763855955,0.8842920399543803
25659,LOF,0.23130958616909614,0.052943082067560744,0.715747331763343
25660,LOF,0.07392138178540102,0.10627090306918861,0.8198077151454103
25661,LOF,0.053726345124851756,0.07571427790875417,0.8705593769663941
25662,LOF,0.02819753342904791,0.04629578147008718,0.9255066851008648
25663,LOF,0.036417917215147706,0.07120244970335159,0.8923796330815008
25664,LOF,0.02821434285765313,0.1041653729485377,0.8676202841938091
25665,LOF,0.0541539790998556,0.05112364145283363,0.8947223794473107
25666,LOF,0.03702620304909328,0.15996055278141025,0.8030132441694964
25667,LOF,0.02731500390163455,0.060649571691813904,0.9120354244065516
25668,LOF,0.03422001911530827,0.06391911747028342,0.9018608634144083
25669,LOF,0.04113659073993555,0.09985253745868888,0.8590108718013756
25670,LOF,0.13534155046167806,0.07613246799784495,0.7885259815404769
25671,LOF,0.03620714941720265,0.05536408884791308,0.9084287617348844
25672,LOF,0.053562930741695755,0.08075030237810596,0.8656867668801982
25673,LOF,0.03763801597990586,0.0746500413103481,0.887711942709746
25674,LOF,0.0269653158326713,0.08805454867150875,0.88498013549582
25675,LOF,0.03372740711777827,0.06996158114823324,0.8963110117339884
25676,LOF,0.02892398875396771,0.07144979807034423,0.8996262131756881
25677,LOF,0.05872433947200009,0.06749930696180227,0.8737763535661975
25678,LOF,0.2137024303313256,0.05129348986853795,0.7350040798001364
25679,LOF,0.11811962130145168,0.07587738999877193,0.8060029886997765
25680,LOF,0.06003017749991365,0.09972103651184444,0.8402487859882418
25681,LOF,0.10288627444497037,0.09268905276222442,0.8044246727928053
25682,LOF,0.03949555957832466,0.08205008312090291,0.8784543573007725
25683,LOF,0.06356664702719778,0.10581352123283796,0.8306198317399642
25684,LOF,0.04728574500529714,0.08029182202257917,0.8724224329721236
25685,LOF,0.11529502205430141,0.04194909691655472,0.8427558810291438
25686,LOF,0.03167367211839709,0.09385529774107093,0.8744710301405321
25687,LOF,0.05756767462234784,0.08203597068283917,0.8603963546948129
25688,LOF,0.0296284654638666,0.1532927503289599,0.8170787842071735
25689,LOF,0.02056901729763291,0.08656803858974815,0.892862944112619
25690,LOF,0.021244458274200274,0.11195307688898197,0.8668024648368177
25691,LOF,0.19620044015558896,0.16055309500996434,0.6432464648344466
25692,LOF,0.20546894424006293,0.020406891960892504,0.7741241637990447
25693,LOF,0.04759097247698126,0.16929552590045943,0.7831135016225593
25694,LOF,0.2597574144389729,0.012109656734667852,0.7281329288263593
25695,LOF,0.18943969413459202,0.01683939760198148,0.7937209082634266
25696,LOF,0.14916875289005968,0.009756411111427278,0.841074835998513
25697,LOF,0.12615575014788638,0.032648235083210526,0.8411960147689032
25698,LOF,0.027408663067830883,0.3330508004484146,0.6395405364837544
25699,LOF,0.0849969612717404,0.08967866775587273,0.8253243709723868
25700,LOF,0.029512769987826152,0.014728411686424346,0.9557588183257495
25701,LOF,0.01786222891980548,0.08587495853130615,0.8962628125488883
25702,GOF,0.02672679074223907,0.7259581433362435,0.24731506592151736
25703,LOF,0.014687679529584139,0.21661439126130333,0.7686979292091125
25704,LOF,0.08625116238882702,0.17925045614805707,0.7344983814631159
25705,LOF,0.07383754136916976,0.27301654081679744,0.6531459178140328
25706,GOF,0.03152506685519412,0.5710560926058875,0.39741884053891835
25707,GOF,0.03148624382619521,0.5724690022233399,0.39604475395046496
25708,GOF,0.007713788169422864,0.5659009972372051,0.42638521459337203
25709,LOF,0.019754171283180022,0.09865859846436721,0.8815872302524528
25710,LOF,0.00499739246861483,0.2509388689606306,0.7440637385707545
25711,LOF,0.022912968760950562,0.15030563693370058,0.8267813943053488
25712,LOF,0.00568724403452623,0.30596182244444603,0.6883509335210277
25713,LOF,0.02129772805912206,0.12744453926155253,0.8512577326793255
25714,LOF,0.02272676215975571,0.17481468766187433,0.8024585501783701
25715,LOF,0.02247791054185852,0.1605824163712796,0.8169396730868619
25716,LOF,0.009194617410616676,0.15598433838389844,0.834821044205485
25717,LOF,0.005502565091365628,0.15632640705152573,0.8381710278571087
25718,LOF,0.022382778454857543,0.10957617154350917,0.8680410500016333
25719,LOF,0.037226815153205375,0.12808644203263844,0.8346867428141563
25720,LOF,0.03244332886875166,0.12275885679153759,0.8447978143397108
25721,LOF,0.026391326699942097,0.11595845191072919,0.8576502213893287
25722,LOF,0.017242710888903338,0.1619751062075314,0.8207821829035653
25723,LOF,0.024243987050410653,0.10893192027233611,0.8668240926772532
25724,LOF,0.02783659164922872,0.1818351045725445,0.7903283037782267
25725,LOF,0.022775711484633088,0.10826893579302467,0.8689553527223423
25726,LOF,0.017288117188511185,0.1363834331476967,0.8463284496637922
25727,LOF,0.02431678445917256,0.12543074810862773,0.8502524674321998
25728,LOF,0.023302443609531015,0.1326223237942776,0.8440752325961914
25729,LOF,0.0217058161167478,0.14261053273730878,0.8356836511459433
25730,LOF,0.025788015468937015,0.10398463320539726,0.8702273513256656
25731,LOF,0.009431107398918006,0.19533697625681865,0.7952319163442634
25732,LOF,0.019857331503031275,0.11821539960782551,0.8619272688891433
25733,LOF,0.03040656292033853,0.1177660352273786,0.8518274018522829
25734,LOF,0.0055967459061014085,0.28205222032141797,0.7123510337724807
25735,LOF,0.02187375650088,0.10261630365101285,0.8755099398481072
25736,LOF,0.020815879751573514,0.14921006621430769,0.8299740540341188
25737,LOF,0.042590179238323124,0.15409751260566376,0.8033123081560132
25738,LOF,0.02170527600767063,0.17892432077021184,0.7993704032221175
25739,LOF,0.02392107615803716,0.16099890200506645,0.8150800218368964
25740,LOF,0.050427033057767766,0.17164405597264565,0.7779289109695866
25741,LOF,0.0287892896765393,0.14234255949492947,0.8288681508285312
25742,LOF,0.04558838795085213,0.15151286220490368,0.8028987498442441
25743,LOF,0.011420041952808387,0.029466261629706097,0.9591136964174855
25744,LOF,0.15585355653949945,0.3189474372701449,0.5251990061903555
25745,LOF,0.03101436666603419,0.10874727123984515,0.8602383620941207
25746,LOF,0.012943922902069777,0.1693304555177351,0.8177256215801951
25747,LOF,0.03276236030961076,0.03018837859620618,0.9370492610941832
25748,LOF,0.2645843801576242,0.05575492592191567,0.67966069392046
25749,LOF,0.012245308567587772,0.09666058816362531,0.891094103268787
25750,LOF,0.01766891570184284,0.09327178355704673,0.8890593007411104
25751,LOF,0.04759100423531826,0.057266602561348544,0.8951423932033332
25752,GOF,0.0775508423295475,0.7221151784013153,0.20033397926913724
25753,LOF,0.006718654384787276,0.35358810601051205,0.6396932396047007
25754,GOF,0.00717874077552944,0.865275769485944,0.12754548973852642
25755,LOF,0.0065281888251200815,0.4171603193390446,0.5763114918358353
25756,LOF,0.02994122179912966,0.43019230141032,0.5398664767905503
25757,GOF,0.008021988591872002,0.8715199162894497,0.12045809511867822
25758,GOF,0.008071074444997125,0.864557182696124,0.12737174285887873
25759,GOF,0.005244392989023596,0.6067828998320554,0.387972707178921
25760,LOF,0.005768698049109031,0.3092390025692366,0.6849922993816543
25761,GOF,0.0488500334305075,0.8495013800282826,0.10164858654120992
25762,LOF,0.03276970681801087,0.37356227190607794,0.5936680212759112
25763,LOF,0.005867789443994428,0.2740683069211306,0.7200639036348749
25764,GOF,0.052590408962291904,0.6411789179975549,0.30623067304015317
25765,GOF,0.007974198969483376,0.8585732402710958,0.13345256075942097
25766,GOF,0.048134930277397424,0.8249980974792744,0.1268669722433282
25767,GOF,0.015984740840924303,0.5299387838933475,0.45407647526572825
25768,LOF,0.046854779924713014,0.06006206096784573,0.8930831591074412
25769,LOF,0.026091030311454544,0.07184335594398845,0.902065613744557
25770,LOF,0.12704030282784248,0.05905353863093596,0.8139061585412216
25771,LOF,0.01562880102427058,0.050074019361128,0.9342971796146013
25772,LOF,0.02583000083666622,0.021498930047461236,0.9526710691158726
25773,LOF,0.018155154424452678,0.046753686801458416,0.9350911587740889
25774,LOF,0.024861423395868838,0.09722589727839168,0.8779126793257395
25775,LOF,0.019032446300686626,0.032068270370725335,0.948899283328588
25776,LOF,0.027322837029877062,0.018721311922856924,0.9539558510472659
25777,LOF,0.14000621733939808,0.06041857740675764,0.7995752052538443
25778,LOF,0.020796587733859857,0.04414928241923939,0.9350541298469007
25779,GOF,0.04063996922194923,0.9005288130872638,0.0588312176907868
25780,GOF,0.06250754710674321,0.8966892458271706,0.04080320706608621
25781,GOF,0.026003817447069883,0.8831681271088578,0.09082805544407235
25782,GOF,0.028862216659130455,0.912624743287645,0.0585130400532245
25783,GOF,0.02503295071331305,0.9310227504821337,0.0439442988045531
25784,GOF,0.07864740443133883,0.8752475796947927,0.046105015873868456
25785,GOF,0.08966937767231323,0.8778902479122476,0.03244037441543909
25786,GOF,0.009815730049952743,0.8994203578369617,0.09076391211308561
25787,GOF,0.21305621130749483,0.7471460447044304,0.03979774398807485
25788,LOF,0.015716373890790697,0.16774514600313395,0.8165384801060754
25789,GOF,0.016014749200565986,0.8700754802334841,0.11390977056595003
25790,GOF,0.022248988208221875,0.8986896036193694,0.07906140817240863
25791,GOF,0.020572417568443736,0.781965062513021,0.19746251991853517
25792,GOF,0.024241971443999123,0.8262251183415218,0.1495329102144791
25793,GOF,0.054096071720660874,0.8694265843974014,0.07647734388193778
25794,GOF,0.049814026548240575,0.7896051974856009,0.1605807759661587
25795,GOF,0.04891694604462866,0.7537564499990661,0.19732660395630533
25796,GOF,0.07868226841347709,0.8435412052005008,0.07777652638602198
25797,GOF,0.07332156864066139,0.7810047756469235,0.1456736557124152
25798,GOF,0.007175292484273023,0.7862729012605313,0.20655180625519565
25799,GOF,0.004313781904557184,0.7324615494144517,0.26322466868099104
25800,GOF,0.02554994638603415,0.8604270550191625,0.11402299859480339
25801,GOF,0.019330802520408946,0.9116192761911563,0.06904992128843473
25802,GOF,0.02807618408020859,0.8433495748940545,0.12857424102573686
25803,GOF,0.01924672845113526,0.7344491590398999,0.2463041125089648
25804,GOF,0.030728543120639867,0.7978111679101672,0.17146028896919296
25805,GOF,0.02348987912350274,0.8191513230010284,0.15735879787546886
25806,GOF,0.029709274840198,0.8206908697572824,0.1495998554025196
25807,GOF,0.010495104940731456,0.798399223775805,0.19110567128346367
25808,GOF,0.018918776717478464,0.8041088495352862,0.17697237374723535
25809,GOF,0.010615116111266016,0.7584451141419895,0.23093976974674452
25810,GOF,0.008786906091985309,0.7404970564446709,0.25071603746334375
25811,GOF,0.049272460324891645,0.8824667896485895,0.06826075002651873
25812,GOF,0.02707098199906751,0.8197559528956264,0.15317306510530612
25813,GOF,0.12320786905948038,0.8155974884812672,0.06119464245925248
25814,GOF,0.02549341969726632,0.8325198388511917,0.14198674145154186
25815,GOF,0.05182943511979774,0.8513002204916114,0.09687034438859098
25816,GOF,0.008848057499694197,0.8888531055025617,0.10229883699774413
25817,GOF,0.09408927582096943,0.8220455255853821,0.08386519859364835
25818,GOF,0.024790637607084217,0.8222205781178704,0.15298878427504534
25819,GOF,0.05644647468461203,0.7785776295504406,0.16497589576494745
25820,GOF,0.03864156766937253,0.7411205028061755,0.22023792952445204
25821,GOF,0.027155790115299474,0.776110821840851,0.19673338804384946
25822,GOF,0.0468243680320008,0.7801375006647309,0.1730381313032683
25823,GOF,0.026525302048434875,0.7514897517143446,0.22198494623722065
25824,GOF,0.026033605929693213,0.806241793161886,0.16772460090842067
25825,GOF,0.021217325081228103,0.8010364031668622,0.17774627175190974
25826,GOF,0.010095034887453933,0.7583559026521931,0.23154906246035298
25827,GOF,0.015050153458938868,0.726399879656681,0.2585499668843801
25828,GOF,0.012064021265364223,0.7825573417275467,0.20537863700708908
25829,GOF,0.004411496133353408,0.7212799578873703,0.2743085459792762
25830,GOF,0.035365557828392215,0.49627417167256105,0.4683602704990467
25831,GOF,0.05575845970889066,0.8357724167094795,0.10846912358162977
25832,GOF,0.011085594888704862,0.7887537329415165,0.20016067216977868
25833,GOF,0.03534828505738266,0.8385467386748836,0.1261049762677336
25834,GOF,0.011261343836793086,0.8019806670785661,0.1867579890846408
25835,GOF,0.022472617799452844,0.8606760384015366,0.11685134379901065
25836,GOF,0.007454373856210218,0.7954505774896419,0.19709504865414793
25837,GOF,0.009677916995050608,0.8175485238891674,0.17277355911578202
25838,GOF,0.022374628369446616,0.8586050861556809,0.11902028547487258
25839,GOF,0.06743166879375632,0.8245256373568606,0.1080426938493832
25840,GOF,0.08454291547194705,0.8207676438906024,0.0946894406374505
25841,GOF,0.0879324507727432,0.8382647116882819,0.07380283753897492
25842,GOF,0.02903531836318847,0.8952902167194527,0.0756744649173587
25843,GOF,0.029137984537825228,0.8971076496163325,0.07375436584584229
25844,GOF,0.021572036530137603,0.8561568371414199,0.12227112632844254
25845,GOF,0.007690870485951563,0.79434707317918,0.19796205633486857
25846,GOF,0.0769436560014203,0.8358647279234097,0.0871916160751699
25847,GOF,0.01883995587790046,0.9022243066860571,0.07893573743604237
25848,GOF,0.02528750167272823,0.8587211522573122,0.11599134606995971
25849,GOF,0.00836903874545019,0.8456282890513322,0.14600267220321753
25850,GOF,0.007067825151110513,0.775499224332365,0.21743295051652448
25851,GOF,0.00662144323143451,0.7282448004628116,0.26513375630575386
25852,GOF,0.15536770171954067,0.6062123872754976,0.23841991100496165
25853,GOF,0.08274717123949255,0.8205670553016412,0.09668577345886623
25854,GOF,0.006456272425437022,0.7586523747584311,0.23489135281613197
25855,GOF,0.018752428123291847,0.7086441461912005,0.2726034256855077
25856,GOF,0.03628122512721547,0.7816579373988793,0.18206083747390522
25857,GOF,0.018950050712041474,0.7152067079248371,0.26584324136312143
25858,GOF,0.010395235290351384,0.7355663014863908,0.25403846322325785
25859,GOF,0.007305627255757986,0.7278483947785421,0.2648459779657
25860,GOF,0.07138974902416581,0.8161466738876435,0.11246357708819053
25861,GOF,0.09848181035520824,0.8158390357805132,0.08567915386427863
25862,GOF,0.025942593763185175,0.8970294869592383,0.07702791927757636
25863,GOF,0.022718385329747733,0.8925876539749233,0.08469396069532878
25864,GOF,0.05909282106314327,0.8889787550154501,0.0519284239214068
25865,GOF,0.047843750292736714,0.8639952593079618,0.08816099039930138
25866,GOF,0.0248530005683117,0.8853468915401383,0.08980010789154987
25867,GOF,0.04892068079911384,0.8736898802668123,0.0773894389340738
25868,GOF,0.06452652214756723,0.8394167594530912,0.09605671839934152
25869,GOF,0.3387342679856557,0.5807944914543414,0.08047124056000295
25870,GOF,0.06378168243894315,0.6095661038268545,0.32665221373420233
25871,GOF,0.012257281302659406,0.8828009724504038,0.10494174624693686
25872,GOF,0.022971314940023094,0.8700081545330915,0.10702053052688529
25873,GOF,0.021985649136865418,0.9009264013859024,0.07708794947723226
25874,LOF,0.016400359216907218,0.20835546303159425,0.7752441777514986
25875,LOF,0.033518125193106756,0.06325549649987748,0.9032263783070157
25876,LOF,0.02008791412769217,0.048072287475958764,0.931839798396349
25877,LOF,0.10150003045755897,0.0897420114705299,0.8087579580719111
25878,LOF,0.08306845421023216,0.1374110193395658,0.7795205264502021
25879,LOF,0.016064132483504,0.10099402033840081,0.8829418471780952
25880,LOF,0.0637061920161418,0.016794579796829946,0.9194992281870283
25881,Neutral,0.5655935867159197,0.07363750652478442,0.36076890675929596
25882,LOF,0.06459713947650272,0.026424324992610184,0.908978535530887
25883,LOF,0.027803773354515553,0.029745195460205473,0.9424510311852788
25884,LOF,0.02019893759430616,0.04559181995613839,0.9342092424495554
25885,LOF,0.20253363962310447,0.012429917269552898,0.7850364431073427
25886,LOF,0.2698807798430988,0.05894768063892281,0.6711715395179785
25887,LOF,0.1343907586731315,0.09804422628706991,0.7675650150397987
25888,LOF,0.00826952269899097,0.13075522548732926,0.8609752518136797
25889,LOF,0.027549301247207756,0.039552754100855715,0.9328979446519365
25890,LOF,0.20486933591742604,0.05974287283136717,0.7353877912512068
25891,LOF,0.1271512899173559,0.02523150052504074,0.8476172095576033
25892,LOF,0.011215674491313006,0.03774940019945601,0.9510349253092308
25893,LOF,0.4231941269917263,0.009406728341059115,0.5673991446672146
25894,LOF,0.38930803479123144,0.006960210050306051,0.6037317551584624
25895,LOF,0.3531920479633429,0.014601939228353544,0.6322060128083035
25896,LOF,0.06745933424907088,0.03658520438653634,0.8959554613643929
25897,LOF,0.12717544798974542,0.011883989733185754,0.8609405622770687
25898,LOF,0.14750773979534168,0.0390652964581922,0.8134269637464662
25899,LOF,0.41655203855261613,0.03344006288244505,0.5500078985649389
25900,LOF,0.4770423155425474,0.00999818940669549,0.5129594950507571
25901,LOF,0.06712130144307492,0.0121544062124785,0.9207242923444466
25902,LOF,0.17837787876794445,0.013902615401083401,0.8077195058309721
25903,LOF,0.3124932818904939,0.027166310837228896,0.6603404072722772
25904,Neutral,0.5090265115940126,0.04699721349417378,0.44397627491181363
25905,LOF,0.006287899453293815,0.4151193390702112,0.578592761476495
25906,LOF,0.008383792806799354,0.07933805597325806,0.9122781512199425
25907,LOF,0.00872558210811642,0.27245643117788926,0.7188179867139944
25908,LOF,0.008820271096821774,0.26191056943436475,0.7292691594688134
25909,LOF,0.030042665116470604,0.10113953417624698,0.8688178007072825
25910,LOF,0.01238237125883914,0.1403619582185158,0.8472556705226452
25911,LOF,0.19290659292201057,0.027571662182713015,0.7795217448952765
25912,LOF,0.09566437500225401,0.02282502280051528,0.8815106021972308
25913,LOF,0.02277421506869786,0.031575406455340516,0.9456503784759616
25914,LOF,0.03774480400641413,0.02468152005492137,0.9375736759386645
25915,LOF,0.22847159203768377,0.12746665838328397,0.6440617495790322
25916,LOF,0.024524277641854178,0.05886408173144358,0.9166116406267022
25917,LOF,0.08172371771603429,0.023411260208036428,0.8948650220759293
25918,LOF,0.04017949459556321,0.013001976240593884,0.9468185291638428
25919,LOF,0.035883110211105004,0.013034890533180795,0.9510819992557142
25920,LOF,0.33709233549030715,0.2594534896389767,0.40345417487071616
25921,LOF,0.015557807050223324,0.01921845976425083,0.9652237331855259
25922,LOF,0.017140256771159428,0.02118629850844703,0.9616734447203935
25923,LOF,0.44095744832504274,0.01635631053548943,0.5426862411394678
25924,LOF,0.024378090479169317,0.02729746981489356,0.9483244397059372
25925,LOF,0.09574480513507094,0.031519119400688855,0.8727360754642401
25926,LOF,0.08059475142288768,0.021395945481966838,0.8980093030951456
25927,LOF,0.02529670129107158,0.047531614981766196,0.9271716837271622
25928,LOF,0.011117461612915712,0.027708880413871602,0.9611736579732126
25929,Neutral,0.5705763963906874,0.015741641701028486,0.41368196190828416
25930,LOF,0.09036310106384536,0.015706933262056393,0.8939299656740982
25931,LOF,0.01464026170753563,0.019343198661899673,0.9660165396305648
25932,LOF,0.06983151957050901,0.017330136109288196,0.9128383443202027
25933,LOF,0.06941624331327646,0.010427426764197542,0.9201563299225259
25934,LOF,0.06662731492449758,0.008636826385284714,0.9247358586902178
25935,LOF,0.08894135660542121,0.029704264299713436,0.8813543790948654
25936,LOF,0.11204399234497929,0.009827384678642278,0.8781286229763785
25937,LOF,0.01980857504591097,0.015665699437394206,0.9645257255166949
25938,LOF,0.09387025392173928,0.027648076829885886,0.8784816692483749
25939,LOF,0.05734882977712559,0.013096766081100641,0.9295544041417737
25940,LOF,0.00810387703794929,0.43931189559164624,0.5525842273704044
25941,LOF,0.42667339513373886,0.041674834131734936,0.5316517707345263
25942,LOF,0.009438137043540719,0.05015454118988807,0.9404073217665713
25943,LOF,0.043927847347780845,0.15121718232770903,0.80485497032451
25944,LOF,0.033408668516338856,0.07714801332161847,0.8894433181620428
25945,LOF,0.1343438519266425,0.028576641409526253,0.8370795066638312
25946,LOF,0.0675567237924132,0.03556778163292795,0.8968754945746589
25947,Neutral,0.47983266713344486,0.09144922185033928,0.4287181110162158
25948,LOF,0.3913769763820229,0.01565267958777022,0.5929703440302069
25949,LOF,0.1645409373281281,0.08127179407764021,0.7541872685942318
25950,GOF,0.07294416323446644,0.5892484690307096,0.33780736773482395
25951,LOF,0.022718615905577572,0.43765495027534296,0.5396264338190795
25952,LOF,0.1924843453227528,0.25471077301308415,0.5528048816641631
25953,LOF,0.008090407464865683,0.3036064997878607,0.6883030927472735
25954,LOF,0.08190918504557629,0.43670371472745667,0.48138710022696707
25955,LOF,0.008055733572651429,0.23073578326854557,0.7612084831588031
25956,LOF,0.018533150383658492,0.3476605387196087,0.6338063108967327
25957,LOF,0.14390348205646167,0.04314166284856056,0.8129548550949778
25958,LOF,0.031142841323481833,0.059168027719313336,0.9096891309572049
25959,GOF,0.007511752028619079,0.7496035234591633,0.24288472451221757
25960,LOF,0.004462398379882401,0.14142845167133966,0.854109149948778
25961,LOF,0.02905231563513028,0.04618177450071452,0.9247659098641552
25962,LOF,0.03708020994300106,0.09041212149996584,0.8725076685570331
25963,LOF,0.006545146473350271,0.16241980289443375,0.831035050632216
25964,LOF,0.02855610331019624,0.150579566194774,0.8208643304950298
25965,LOF,0.24255894343532006,0.14183676050867663,0.6156042960560033
25966,LOF,0.3362463487422578,0.108172604978178,0.5555810462795643
25967,LOF,0.006029153028716622,0.08260248629503641,0.9113683606762469
25968,LOF,0.04400258334165378,0.2636923411828076,0.6923050754755387
25969,LOF,0.15449794607887862,0.06041590888628847,0.7850861450348329
25970,LOF,0.06278549768568382,0.06808790549186822,0.869126596822448
25971,LOF,0.07943693841378079,0.03105663628702674,0.8895064252991925
25972,LOF,0.08005232100882108,0.057231714408627704,0.8627159645825512
25973,LOF,0.06997174209003572,0.01294835671629012,0.9170799011936741
25974,LOF,0.045405868264669365,0.04594894365799011,0.9086451880773406
25975,LOF,0.042620490997072616,0.019511437121306367,0.9378680718816211
25976,LOF,0.08404047237625753,0.013120044918126742,0.9028394827056158
25977,LOF,0.259623847290228,0.05467179203614923,0.6857043606736227
25978,LOF,0.15820931487130108,0.13387675873225716,0.7079139263964417
25979,LOF,0.13154753283245244,0.14843967860742638,0.7200127885601213
25980,LOF,0.19993102717821015,0.2042061617898604,0.5958628110319295
25981,LOF,0.20068535715803337,0.20707209598289925,0.5922425468590673
25982,LOF,0.36870704544547955,0.10944097019461521,0.5218519843599052
25983,LOF,0.44173339061840616,0.11213012666669223,0.4461364827149016
25984,LOF,0.0523755263902336,0.08898907830448397,0.8586353953052824
25985,Neutral,0.49603668913081034,0.1377620748153768,0.3662012360538129
25986,LOF,0.011199409744114855,0.49124288211144457,0.49755770814444067
25987,LOF,0.039102587099667435,0.10368539607748431,0.8572120168228482
25988,LOF,0.04677906891995511,0.14177783536430935,0.8114430957157355
25989,LOF,0.058321274979566504,0.2040322148427741,0.7376465101776594
25990,LOF,0.04664418171387959,0.31532252582474596,0.6380332924613744
25991,LOF,0.027720305195817075,0.44180384845905635,0.5304758463451265
25992,LOF,0.01764461362652888,0.39681759244322357,0.5855377939302475
25993,LOF,0.027581508782332547,0.06678586630170542,0.9056326249159621
25994,LOF,0.025131339057057046,0.07343807068746694,0.901430590255476
25995,LOF,0.020038201747784302,0.12834204657590495,0.8516197516763107
25996,GOF,0.3724616273993452,0.37935406588461024,0.24818430671604455
25997,LOF,0.05627493144779961,0.43698195887243546,0.506743109679765
25998,LOF,0.2292890051805157,0.04649646191424667,0.7242145329052376
25999,LOF,0.04247238126677568,0.1226428995454474,0.834884719187777
26000,LOF,0.13591352958178965,0.0144465145172384,0.849639955900972
26001,LOF,0.21334112674807307,0.018877706842720932,0.7677811664092059
26002,LOF,0.1193568516089669,0.025821964775002496,0.8548211836160305
26003,GOF,0.005464560632843085,0.6452834763640138,0.3492519630031431
26004,GOF,0.010736513592015603,0.6119375010890801,0.3773259853189045
26005,GOF,0.004016190665959758,0.5028852920766649,0.49309851725737536
26006,GOF,0.07519079422765867,0.5772970779094471,0.3475121278628942
26007,GOF,0.007472357910601415,0.531606796843156,0.4609208452462425
26008,GOF,0.005262398958935489,0.5687266028067002,0.4260109982343643
26009,GOF,0.00983649460469133,0.6235482720119796,0.3666152333833291
26010,GOF,0.0075859324897278365,0.5654783123352299,0.42693575517504223
26011,LOF,0.0038939677578436376,0.41924682209280456,0.5768592101493517
26012,GOF,0.005165459323427636,0.5641424925456702,0.4306920481309021
26013,GOF,0.009498952606119637,0.5559807702539135,0.4345202771399669
26014,LOF,0.05028490068538276,0.07686848824018157,0.8728466110744357
26015,LOF,0.3745331678545392,0.024111805457827363,0.6013550266876335
26016,LOF,0.3061629254597136,0.032782924550408495,0.661054149989878
26017,LOF,0.014286789764390635,0.15922378372664467,0.8264894265089647
26018,LOF,0.027095944190565484,0.08275660398385008,0.8901474518255844
26019,LOF,0.026331140530219233,0.07435273460055551,0.8993161248692252
26020,LOF,0.007635517651235696,0.17912276339634997,0.8132417189524144
26021,LOF,0.06888561096173211,0.07163697259639701,0.8594774164418709
26022,LOF,0.03461392168111189,0.03700996602431012,0.928376112294578
26023,LOF,0.021890358516709025,0.05359522847992298,0.9245144130033679
26024,LOF,0.04008644216868374,0.05525542131239829,0.9046581365189179
26025,LOF,0.1065992219890906,0.0569647676666514,0.8364360103442581
26026,LOF,0.10145398219110298,0.04357251010781259,0.8549735077010844
26027,LOF,0.026742757704405384,0.030324019475846026,0.9429332228197485
26028,LOF,0.061894484513291576,0.17417769460520774,0.7639278208815007
26029,LOF,0.024316386272866378,0.1507842920670139,0.8248993216601198
26030,LOF,0.12200369452845414,0.023747422736110278,0.8542488827354355
26031,LOF,0.010838806332587433,0.13772531790784381,0.8514358757595688
26032,LOF,0.0331413011385661,0.048774380032084154,0.9180843188293497
26033,LOF,0.03808616142176734,0.046101426074558347,0.9158124125036744
26034,LOF,0.015707040243551684,0.09857879114482146,0.8857141686116269
26035,LOF,0.010219321757451343,0.09941354025510449,0.890367137987444
26036,LOF,0.010003398073327518,0.08490851665002992,0.9050880852766425
26037,LOF,0.009175488850426097,0.0917669679838068,0.899057543165767
26038,LOF,0.028842653090308736,0.04454505755598462,0.9266122893537068
26039,LOF,0.027748040281087998,0.12174052415842869,0.8505114355604834
26040,LOF,0.08672884082776053,0.11350828791478103,0.7997628712574584
26041,LOF,0.010552438063340873,0.0906960511909499,0.8987515107457091
26042,LOF,0.009839031056334322,0.09379019501153639,0.8963707739321294
26043,LOF,0.028363721264002342,0.0658915232469714,0.9057447554890262
26044,LOF,0.006163498523454285,0.04723238452351101,0.9466041169530347
26045,LOF,0.05605867832631365,0.13370496564171222,0.8102363560319741
26046,LOF,0.025553679020649547,0.0467645962494779,0.9276817247298725
26047,LOF,0.05075003934429968,0.04659068831843161,0.9026592723372687
26048,LOF,0.07482510418413406,0.017756518879976105,0.9074183769358898
26049,Neutral,0.9401461735756494,0.005952567687028045,0.05390125873732256
26050,Neutral,0.9096479455816752,0.006467580803744743,0.08388447361458026
26051,LOF,0.024732692201228743,0.07475822127289954,0.9005090865258718
26052,LOF,0.030583519043331737,0.059340371854717175,0.910076109101951
26053,LOF,0.019438694610993765,0.15958461870538818,0.8209766866836181
26054,LOF,0.04966555029114142,0.04078531505127645,0.9095491346575821
26055,LOF,0.07286939646678767,0.03574579953714868,0.8913848039960636
26056,LOF,0.05996146418352687,0.047710168870966796,0.8923283669455064
26057,LOF,0.05542956517182831,0.02137456331906989,0.9231958715091018
26058,LOF,0.05960941860185236,0.01688018079151663,0.9235104006066309
26059,LOF,0.21969005585564166,0.03398309089467444,0.7463268532496838
26060,LOF,0.014446261043456646,0.17148776717239222,0.8140659717841512
26061,LOF,0.010019066762315005,0.014941416736185771,0.9750395165014992
26062,LOF,0.0051945066443754555,0.02272760673873015,0.9720778866168944
26063,LOF,0.040421770955090405,0.01566950570246239,0.9439087233424471
26064,LOF,0.013621767241039742,0.02245162986922445,0.9639266028897359
26065,LOF,0.05277863621817277,0.020216496662485938,0.9270048671193413
26066,LOF,0.03901396379409049,0.015103636162181498,0.9458824000437281
26067,LOF,0.04327638995413388,0.014020499214488698,0.9427031108313775
26068,LOF,0.052311492252744354,0.04012613243926135,0.9075623753079942
26069,LOF,0.2201215264520809,0.02975674237368603,0.750121731174233
26070,LOF,0.4443623007973015,0.020685813298227006,0.5349518859044715
26071,LOF,0.047190119819023525,0.016606781381701675,0.9362030987992749
26072,LOF,0.006183454226671185,0.02546377468161085,0.9683527710917179
26073,LOF,0.03783752811032902,0.020600255175657292,0.9415622167140136
26074,Neutral,0.79416526971639,0.01484140337699089,0.1909933269066191
26075,LOF,0.04602744891628216,0.033521582123911695,0.920450968959806
26076,LOF,0.04610350605010408,0.014971414648146993,0.9389250793017491
26077,LOF,0.13146293287463431,0.011954172573115259,0.8565828945522505
26078,LOF,0.005596808176383223,0.02548335972014391,0.9689198321034729
26079,LOF,0.05719604160253604,0.027610600036676803,0.9151933583607872
26080,LOF,0.05643500461392763,0.027695282478336913,0.9158697129077356
26081,LOF,0.03513162668431885,0.013029475942298896,0.9518388973733821
26082,LOF,0.0058523578296158065,0.02198917018434126,0.972158471986043
26083,LOF,0.10790978511367769,0.02760676659886309,0.8644834482874592
26084,LOF,0.11174829334376576,0.024867945818182535,0.8633837608380517
26085,LOF,0.09941963006278275,0.02043360134002321,0.880146768597194
26086,LOF,0.03652371820637385,0.020446927915997372,0.9430293538776289
26087,LOF,0.03757621312804018,0.016611103136179927,0.9458126837357799
26088,LOF,0.00564338091823393,0.039662190688165004,0.9546944283936011
26089,LOF,0.04006665363627281,0.04112824893973122,0.9188050974239961
26090,LOF,0.04056133266867043,0.033579219061427405,0.9258594482699022
26091,LOF,0.026167675165842275,0.01192898858716473,0.961903336246993
26092,LOF,0.04555282607877703,0.012956210069443428,0.9414909638517795
26093,LOF,0.07504141793756103,0.008619419175310174,0.9163391628871288
26094,LOF,0.03121997337881488,0.010606096542164923,0.9581739300790202
26095,LOF,0.01765413655688512,0.02647050171071738,0.9558753617323974
26096,LOF,0.2210452481687586,0.006607165875837551,0.7723475859554039
26097,LOF,0.005961736279834993,0.063599047732246,0.930439215987919
26098,LOF,0.09307920147593571,0.0261293859720795,0.8807914125519848
26099,LOF,0.037434725941436,0.02882852854441786,0.9337367455141461
26100,LOF,0.037434725941436,0.02882852854441786,0.9337367455141461
26101,LOF,0.05671077312714553,0.04757856006285113,0.8957106668100034
26102,LOF,0.03026306168136569,0.02403773688340604,0.9456992014352283
26103,Neutral,0.8985245794354084,0.03069811173178505,0.07077730883280652
26104,LOF,0.055500628912054574,0.04621368524145448,0.898285685846491
26105,LOF,0.24188339656394933,0.10686403147375108,0.6512525719622996
26106,LOF,0.3511529703000974,0.04769148581723403,0.6011555438826685
26107,LOF,0.019908451173033293,0.06824444853116311,0.9118471002958035
26108,LOF,0.21996945676332147,0.041378225777340474,0.7386523174593381
26109,LOF,0.06661059200324641,0.03652970984094573,0.8968596981558078
26110,LOF,0.3960428890451703,0.014695414159312177,0.5892616967955174
26111,LOF,0.05667695091680064,0.1345173884528319,0.8088056606303675
26112,LOF,0.045350046004233195,0.01349521497950084,0.941154739016266
26113,LOF,0.1017038114640618,0.039419651479381215,0.858876537056557
26114,LOF,0.09301186278625363,0.006583335617904601,0.9004048015958418
26115,LOF,0.018522840040459388,0.04367729339296392,0.9377998665665768
26116,LOF,0.0801922697857247,0.02177206664728805,0.8980356635669872
26117,LOF,0.34631865175181487,0.05083403431509165,0.6028473139330935
26118,LOF,0.05268470680157501,0.02271374407585273,0.9246015491225723
26119,LOF,0.006035355166606539,0.10663990412298979,0.8873247407104037
26120,LOF,0.036315209509130655,0.021275693487679537,0.9424090970031898
26121,LOF,0.0036548407917996444,0.16940699221732441,0.8269381669908759
