feature0,prediction,LoGoFunc_Neutral,LoGoFunc_GOF,LoGoFunc_LOF
25546,Neutral,0.7631267227369851,0.03762047532034793,0.19925280194266698
25547,Neutral,0.6015815116396865,0.08292558387863837,0.3154929044816752
25548,Neutral,0.6183756493782564,0.062132642348919985,0.31949170827282375
25549,Neutral,0.5352206044990935,0.06183632354599639,0.40294307195491
25550,LOF,0.35195536560058177,0.12384339617863843,0.5242012382207798
25551,LOF,0.2786192346173752,0.13118888323540778,0.5901918821472171
25552,LOF,0.21417471017560294,0.12192703776789976,0.6638982520564973
25553,Neutral,0.8630865617055062,0.02615695441565487,0.11075648387883885
25554,LOF,0.24633274637393468,0.1138431937462202,0.6398240598798451
25555,LOF,0.20586378465811392,0.09982534798524396,0.694310867356642
25556,LOF,0.4491526862434216,0.09802052059085005,0.4528267931657283
25557,LOF,0.1971084173009085,0.10566148344492987,0.6972300992541616
25558,LOF,0.22911500084665873,0.11346958528928221,0.6574154138640591
25559,LOF,0.3515187665648999,0.15572037326036933,0.4927608601747308
25560,LOF,0.06372853873983511,0.16440531393778585,0.771866147322379
25561,LOF,0.1421634968388187,0.14511838517114958,0.7127181179900317
25562,LOF,0.09018746313151196,0.08054573047927802,0.82926680638921
25563,LOF,0.10781149479736266,0.10433930628772768,0.7878491989149097
25564,LOF,0.23324540866267934,0.16987621074378173,0.5968783805935389
25565,LOF,0.1334231211403429,0.1367835360172125,0.7297933428424447
25566,GOF,0.011876103096765681,0.7422682444499504,0.24585565245328392
25567,LOF,0.015797362394116884,0.23529516807136894,0.7489074695345141
25568,LOF,0.05219468201858938,0.08835759206312674,0.8594477259182839
25569,LOF,0.055933482243496487,0.08897420777696137,0.8550923099795421
25570,LOF,0.05610716516234428,0.1379416732115615,0.8059511616260941
25571,LOF,0.04825342409485392,0.12923324346917422,0.8225133324359719
25572,LOF,0.06341950865323732,0.14772599952770132,0.7888544918190613
25573,LOF,0.03038106335162402,0.12765660841008317,0.8419623282382928
25574,LOF,0.01780388625604033,0.1932886911733913,0.7889074225705683
25575,LOF,0.03754973183364717,0.1412718569245895,0.8211784112417634
25576,LOF,0.0168926639415509,0.15982290101762284,0.8232844350408264
25577,LOF,0.01455587208808689,0.14766207561210856,0.8377820522998045
25578,LOF,0.27316051967393024,0.11559532765417022,0.6112441526718995
25579,LOF,0.11845799037485076,0.13382620674276974,0.7477158028823795
25580,LOF,0.027051045271576066,0.11254144962821026,0.8604075051002137
25581,LOF,0.04830677901791249,0.09120617780016065,0.8604870431819268
25582,LOF,0.04801870241953686,0.09056979431512209,0.861411503265341
25583,LOF,0.03260863479504079,0.1270908315601191,0.8403005336448401
25584,Neutral,0.48461482845181425,0.14396465163482064,0.3714205199133652
25585,LOF,0.019873633377134117,0.16953088674036093,0.810595479882505
25586,LOF,0.025670827368108898,0.10512724089577065,0.8692019317361204
25587,LOF,0.02727589857729478,0.09811624722822515,0.8746078541944801
25588,LOF,0.027316453093876866,0.11531198928475861,0.8573715576213645
25589,Neutral,0.6302067179356963,0.15036142299884594,0.21943185906545765
25590,LOF,0.03184909949874295,0.16441168018351895,0.8037392203177381
25591,LOF,0.09137187807922548,0.08050855490853219,0.8281195670122422
25592,LOF,0.084111149537063,0.17127387049462103,0.7446149799683159
25593,LOF,0.028274094063691947,0.304102539375086,0.6676233665612221
25594,LOF,0.04453208592309843,0.16494720282206946,0.790520711254832
25595,LOF,0.053629515841095744,0.12209770247419272,0.8242727816847116
25596,LOF,0.05274376252366576,0.09166108485562328,0.855595152620711
25597,LOF,0.036690332755536556,0.08870382122985787,0.8746058460146056
25598,LOF,0.04828430112935696,0.1265167492038218,0.8251989496668213
25599,GOF,0.006787309402813422,0.6149642746285413,0.3782484159686452
25600,GOF,0.01494504691849793,0.6299740046842938,0.3550809483972083
25601,LOF,0.009266612338841285,0.4374821685412843,0.5532512191198743
25602,LOF,0.017300997698145644,0.040999692130127524,0.9416993101717267
25603,LOF,0.06270793397415717,0.018244544670528915,0.919047521355314
25604,LOF,0.03553591615302634,0.04317574692833516,0.9212883369186384
25605,LOF,0.010411095192395374,0.200488780956718,0.7891001238508867
25606,LOF,0.09817485573818165,0.35900391348430016,0.5428212307775182
25607,LOF,0.006229970615246,0.19537980854769038,0.7983902208370637
25608,LOF,0.016456452090624143,0.08389364375081661,0.8996499041585593
25609,LOF,0.06178767470570953,0.40111015657532767,0.5371021687189628
25610,LOF,0.031309029539771126,0.023284003996216985,0.9454069664640119
25611,LOF,0.037806488698397624,0.023298142461035298,0.938895368840567
25612,LOF,0.09216982748812984,0.032806941442374865,0.8750232310694952
25613,LOF,0.07881161348687553,0.03333689488127849,0.887851491631846
25614,LOF,0.030794300637314618,0.027728553350370992,0.9414771460123144
25615,LOF,0.03334507041154082,0.0407616280682522,0.925893301520207
25616,LOF,0.025458244187955874,0.0278461078196918,0.9466956479923524
25617,LOF,0.024926140538325713,0.031106115021148822,0.9439677444405256
25618,LOF,0.13429994241718457,0.02668047902400989,0.8390195785588055
25619,LOF,0.0273105796166401,0.027655241140913327,0.9450341792424466
25620,LOF,0.031569589266803116,0.03499992545947573,0.9334304852737211
25621,LOF,0.025890082271484583,0.030508101698936585,0.9436018160295788
25622,LOF,0.03249499452845515,0.031152698833692236,0.9363523066378525
25623,LOF,0.05055364701549644,0.02572228448518689,0.9237240684993168
25624,LOF,0.02489842018584526,0.033768382694321704,0.9413331971198331
25625,LOF,0.03579768668292446,0.03941789667183398,0.9247844166452415
25626,LOF,0.07567790529201777,0.02848195030397469,0.8958401444040076
25627,Neutral,0.5413564662109053,0.12175159648023422,0.3368919373088605
25628,LOF,0.19719652112041702,0.05525485212031001,0.747548626759273
25629,LOF,0.052279063313048935,0.06116591610426825,0.8865550205826829
25630,LOF,0.17179742141136042,0.08202371224597137,0.7461788663426682
25631,Neutral,0.6028292081726351,0.05649073329596308,0.3406800585314019
25632,LOF,0.012952148897412747,0.10760818988934792,0.8794396612132394
25633,LOF,0.10949414285247605,0.07463785696427624,0.8158680001832477
25634,LOF,0.032811938363858706,0.10148396021387988,0.8657041014222614
25635,LOF,0.03411764136026352,0.07671740790509331,0.8891649507346432
25636,GOF,0.004129685923958183,0.5892233772014154,0.4066469368746265
25637,GOF,0.0038062927732592238,0.6577767383438523,0.33841696888288847
25638,LOF,0.0067236144374459485,0.3695403989859572,0.6237359865765968
25639,GOF,0.0039395156670536564,0.5086519105281135,0.48740857380483277
25640,Neutral,0.49533268106583345,0.42540196769913824,0.07926535123502836
25641,LOF,0.008596023222959262,0.3183543905649256,0.6730495862121152
25642,LOF,0.2504590833463915,0.06509634621985654,0.684444570433752
25643,LOF,0.2894327278786931,0.17987412961646454,0.5306931425048423
25644,GOF,0.013051492440893053,0.5203199674421176,0.46662854011698934
25645,LOF,0.010906836290048839,0.4659560257938373,0.5231371379161138
25646,LOF,0.01651628070082681,0.325571740497547,0.6579119788016262
25647,LOF,0.012415356966449737,0.27391010230355706,0.7136745407299931
25648,LOF,0.012229363665698434,0.27308185006917196,0.7146887862651295
25649,LOF,0.011025619934512114,0.19091275557466122,0.7980616244908266
25650,LOF,0.018837598579901443,0.42783085873759324,0.5533315426825053
25651,LOF,0.007348184993022531,0.28514010548405383,0.7075117095229236
25652,LOF,0.013616028852305078,0.24153176024730433,0.7448522109003906
25653,LOF,0.04614820015085389,0.36974776790539066,0.5841040319437555
25654,LOF,0.013963493786708369,0.15194185228911958,0.834094653924172
25655,LOF,0.07709833004192002,0.3992152596801766,0.5236864102779034
25656,LOF,0.11353164660166179,0.06044903053936651,0.8260193228589716
25657,LOF,0.32664033427467626,0.02735079668439308,0.6460088690409306
25658,LOF,0.05780188176452673,0.09081717601624718,0.851380942219226
25659,LOF,0.39649459329939457,0.07501615892109048,0.528489247779515
25660,LOF,0.060011729790021784,0.08885136124580151,0.8511369089641768
25661,LOF,0.04240059983462306,0.07085442787206075,0.8867449722933161
25662,LOF,0.02720937467835289,0.048025037138909585,0.9247655881827376
25663,LOF,0.038650734290431615,0.07095382314456324,0.8903954425650052
25664,LOF,0.04381022871667973,0.08112932927147311,0.8750604420118471
25665,LOF,0.05532089076245085,0.04348155072618522,0.901197558511364
25666,LOF,0.03882867458512437,0.1234575907484827,0.8377137346663929
25667,LOF,0.02978219966332675,0.05357365088218229,0.9166441494544909
25668,LOF,0.032818182224909946,0.05692975450646603,0.910252063268624
25669,LOF,0.03814216011343828,0.0814509792365076,0.8804068606500541
25670,LOF,0.08251421786585615,0.09697451294492283,0.820511269189221
25671,LOF,0.038471432198143016,0.048412991786286046,0.9131155760155709
25672,LOF,0.0603624949891042,0.05893633031311874,0.880701174697777
25673,LOF,0.04524024449949147,0.07239567409286277,0.8823640814076457
25674,LOF,0.04174934448815082,0.07315137432768226,0.885099281184167
25675,LOF,0.04899990983968861,0.06193961020384268,0.8890604799564688
25676,LOF,0.03514042315790071,0.06068342731063324,0.9041761495314661
25677,LOF,0.06027043067032403,0.06806004453092121,0.8716695247987547
25678,LOF,0.2778406825237116,0.036793230532983334,0.6853660869433051
25679,LOF,0.17945319819494374,0.06504120353880212,0.7555055982662542
25680,LOF,0.06021531020335103,0.10233011208627123,0.8374545777103777
25681,LOF,0.10762543478993593,0.09397661796178515,0.798397947248279
25682,LOF,0.04602065780714196,0.08148273973053884,0.8724966024623193
25683,LOF,0.10446821876353753,0.09516518841478724,0.8003665928216753
25684,LOF,0.05933637657239181,0.08414553785896316,0.8565180855686451
25685,LOF,0.11067798263710268,0.05082531816939651,0.8384966991935008
25686,LOF,0.03450303475166885,0.10120221942642288,0.8642947458219084
25687,LOF,0.04161846076225403,0.08227995839945221,0.8761015808382937
25688,LOF,0.03173007121982804,0.0914127726514726,0.8768571561286993
25689,LOF,0.01943362301441007,0.08527051062288728,0.8952958663627026
25690,LOF,0.023875527695055628,0.08466432740621724,0.8914601448987272
25691,LOF,0.25199376343076935,0.10037093728574216,0.6476352992834885
25692,LOF,0.30009917408618175,0.009546588861936189,0.690354237051882
25693,LOF,0.09104018640193141,0.17216114954068534,0.7367986640573833
25694,LOF,0.26573355257930953,0.017450870555670774,0.7168155768650197
25695,LOF,0.1690539008930198,0.02366039568485251,0.8072857034221277
25696,LOF,0.1808278576361275,0.010546804327890071,0.8086253380359824
25697,LOF,0.13408042963035427,0.023423558091467508,0.8424960122781783
25698,LOF,0.03406895227075125,0.4007193431380472,0.5652117045912015
25699,LOF,0.06016099932921908,0.09758100608218419,0.8422579945885967
25700,LOF,0.029264756832037178,0.010120240780024445,0.9606150023879384
25701,LOF,0.017378041813154433,0.0761702274902573,0.9064517306965882
25702,GOF,0.04126925181530802,0.7258046135591459,0.23292613462554618
25703,LOF,0.013521969031553723,0.200080635823144,0.7863973951453023
25704,LOF,0.09200452432211147,0.15411370721528198,0.7538817684626066
25705,LOF,0.057801498252452475,0.23690747040429067,0.7052910313432569
25706,GOF,0.05511741926723917,0.5920449424864737,0.352837638246287
25707,LOF,0.02921697387211696,0.47996806748787896,0.49081495864000424
25708,LOF,0.009251252431521386,0.40338279159430823,0.5873659559741704
25709,LOF,0.019382995090284204,0.06420004232762178,0.916416962582094
25710,LOF,0.00899280913111792,0.1692729348289307,0.8217342560399514
25711,LOF,0.020963615752089798,0.12130470156762861,0.8577316826802817
25712,LOF,0.010458940833068572,0.22813157421566999,0.7614094849512615
25713,LOF,0.018790282294648405,0.09919046504974519,0.8820192526556065
25714,LOF,0.020960196091702576,0.12611987824389648,0.8529199256644009
25715,LOF,0.019906946021101435,0.1125078784821669,0.8675851754967318
25716,LOF,0.010775635768163153,0.1171901328780956,0.8720342313537413
25717,LOF,0.006537249735586395,0.1337326784108653,0.8597300718535482
25718,LOF,0.018354500641027345,0.07616512775509372,0.9054803716038791
25719,LOF,0.033400577239836145,0.08396659753447969,0.8826328252256842
25720,LOF,0.022747166039272262,0.08589379035991347,0.8913590436008142
25721,LOF,0.023875438858269187,0.09460996439736918,0.8815145967443617
25722,LOF,0.0185165902334354,0.12295802743960495,0.8585253823269596
25723,LOF,0.02054355962315532,0.06851651118811283,0.9109399291887318
25724,LOF,0.03684909018059258,0.09270016748715058,0.8704507423322567
25725,LOF,0.021882612786575308,0.06472547679854436,0.9133919104148803
25726,LOF,0.01676828852728549,0.09721887049994996,0.8860128409727646
25727,LOF,0.020643265497359734,0.08332387314124994,0.8960328613613903
25728,LOF,0.018937996685297227,0.09125298735675136,0.8898090159579515
25729,LOF,0.02014551792124704,0.09229552398615225,0.8875589580926007
25730,LOF,0.020819996716891654,0.07476388395499534,0.9044161193281132
25731,LOF,0.012526887583982812,0.16339740530559355,0.8240757071104235
25732,LOF,0.018181267435569526,0.0894186115948539,0.8924001209695765
25733,LOF,0.029435519371213234,0.07229662283175489,0.8982678577970319
25734,LOF,0.007574139141771713,0.17926914852398365,0.8131567123342447
25735,LOF,0.022977107134402694,0.06891334856338166,0.9081095443022157
25736,LOF,0.02156746211794795,0.10983564288481762,0.8685968949972344
25737,LOF,0.04150520856641304,0.08032155603020612,0.8781732354033808
25738,LOF,0.0199742858305848,0.12103349177439808,0.8589922223950172
25739,LOF,0.021513957253936487,0.11848342263192198,0.8600026201141415
25740,LOF,0.0509598470208004,0.10954781676985244,0.8394923362093473
25741,LOF,0.025640020505323075,0.09139412347126329,0.8829658560234137
25742,LOF,0.03502844600241618,0.10762880945209774,0.857342744545486
25743,LOF,0.011355386447666803,0.04932495310927239,0.9393196604430608
25744,GOF,0.12740971205796278,0.46880024897556755,0.40379003896646964
25745,LOF,0.02089616624109511,0.0665974580118812,0.9125063757470236
25746,LOF,0.011859966128578175,0.08260740578407724,0.9055326280873447
25747,LOF,0.03192028915108137,0.041945294834266005,0.9261344160146525
25748,LOF,0.1766013391743448,0.06408706898696892,0.7593115918386862
25749,LOF,0.014286325101543235,0.052448029319221,0.9332656455792359
25750,LOF,0.01674903833916793,0.08204431624868683,0.9012066454121452
25751,LOF,0.035833343471464794,0.07469995243797761,0.8894667040905577
25752,GOF,0.085372658779383,0.6292869859972475,0.28534035522336937
25753,LOF,0.0074046308454766615,0.3483873491243894,0.644208020030134
25754,GOF,0.005449753430138016,0.819464284160274,0.17508596240958793
25755,LOF,0.011462790604398492,0.39562720770547705,0.5929100016901244
25756,LOF,0.05624571643009405,0.38666208278365594,0.5570922007862499
25757,GOF,0.007678265078247433,0.8362768725556868,0.15604486236606563
25758,GOF,0.008502414246850378,0.8292229345836841,0.1622746511694655
25759,GOF,0.005068366139222113,0.5352757309213643,0.4596559029394136
25760,LOF,0.007245264371580216,0.29639662970646924,0.6963581059219506
25761,GOF,0.05190276850208042,0.8111280132328098,0.1369692182651097
25762,LOF,0.032978042334015946,0.33819429890966807,0.628827658756316
25763,LOF,0.009714585846725639,0.24024525905332336,0.750040155099951
25764,GOF,0.09735453255804541,0.5191365461921386,0.38350892124981606
25765,GOF,0.007827269338446121,0.8106193115599097,0.18155341910164421
25766,GOF,0.03300744705454544,0.8043215074424063,0.16267104550304848
25767,LOF,0.0189458454134487,0.4694280244550458,0.5116261301315054
25768,LOF,0.0415687045174006,0.07416272819647206,0.8842685672861273
25769,LOF,0.023293768029875567,0.07846226412359397,0.8982439678465304
25770,LOF,0.15725739902660338,0.05906940265163747,0.7836731983217591
25771,LOF,0.016730257364098163,0.07102621853922193,0.9122435240966799
25772,LOF,0.02326840366304628,0.03038008054983761,0.9463515157871162
25773,LOF,0.0140048138646011,0.07737728958556006,0.9086178965498389
25774,LOF,0.026222455517728723,0.08499730727399038,0.8887802372082809
25775,LOF,0.021799608188463285,0.04232807253008765,0.9358723192814491
25776,LOF,0.024761202034063665,0.02758215385115979,0.9476566441147766
25777,LOF,0.18889896158683148,0.06306097345921308,0.7480400649539555
25778,LOF,0.01882234426320138,0.05359561293094035,0.9275820428058582
25779,GOF,0.0401891247740513,0.8902739733184354,0.06953690190751338
25780,GOF,0.06845173567583784,0.8733325195006908,0.058215744823471346
25781,GOF,0.02678133121487177,0.8603729684028205,0.11284570038230772
25782,GOF,0.03414177584570928,0.8910302663044907,0.07482795784979994
25783,GOF,0.019947314016941713,0.7322506452000209,0.2478020407830374
25784,GOF,0.11149673340163625,0.8373776999288778,0.05112556666948595
25785,GOF,0.06811682415169941,0.8871795428564251,0.0447036329918756
25786,GOF,0.005385648214828603,0.8124252230381792,0.1821891287469922
25787,GOF,0.15514222161577865,0.8127013613646374,0.032156417019583924
25788,LOF,0.014940705181693133,0.15996167652325805,0.8250976182950488
25789,GOF,0.01840254658175674,0.8550671780320468,0.1265302753861965
25790,GOF,0.02050735184967519,0.8767668752284439,0.10272577292188091
25791,GOF,0.016547022699299276,0.8172667860949221,0.16618619120577857
25792,GOF,0.025564251153424655,0.8331219880451188,0.1413137608014565
25793,GOF,0.07220743875997848,0.818385692318534,0.10940686892148746
25794,GOF,0.05768888031919377,0.7700536139530453,0.17225750572776086
25795,GOF,0.0412788632765298,0.7697159908003339,0.1890051459231363
25796,GOF,0.08252176873710848,0.8089137407969655,0.10856449046592608
25797,GOF,0.0365516682010076,0.6808900364556425,0.2825582953433499
25798,GOF,0.0031779293532284507,0.6489851325771688,0.3478369380696027
25799,GOF,0.002980750926219282,0.503080329673429,0.49393891940035173
25800,GOF,0.011930177869675058,0.718534333651021,0.2695354884793039
25801,GOF,0.014490626530356399,0.8550817619289673,0.1304276115406762
25802,GOF,0.021972443605698562,0.8057041853596743,0.17232337103462714
25803,GOF,0.011697996419280484,0.7122365900406054,0.27606541354011416
25804,GOF,0.013527328748234944,0.5940862922498724,0.39238637900189266
25805,GOF,0.02539320891212261,0.6948191715609169,0.27978761952696063
25806,GOF,0.019973575188812976,0.7537700455094212,0.22625637930176584
25807,GOF,0.005159967034811954,0.7121526332628967,0.28268739970229145
25808,GOF,0.015010783729490402,0.7353365559728957,0.24965266029761385
25809,GOF,0.006382955484835895,0.7204405864868304,0.2731764580283338
25810,GOF,0.005678544362525201,0.7363783133669518,0.25794314227052306
25811,GOF,0.047696979030241685,0.8584738659588285,0.09382915501092984
25812,GOF,0.016482646923168354,0.7141614594646546,0.269355893612177
25813,GOF,0.09979562503528591,0.8013040028704698,0.09890037209424431
25814,GOF,0.026975400941205763,0.8096047464953966,0.16341985256339767
25815,GOF,0.043181315117677636,0.8217803368136574,0.135038348068665
25816,GOF,0.008309764654300375,0.8457680998380327,0.14592213550766694
25817,GOF,0.11195354993023704,0.7609348679706167,0.12711158209914622
25818,GOF,0.023813792826430598,0.7939455964243318,0.1822406107492376
25819,GOF,0.06409412475489971,0.7774059424513629,0.1584999327937374
25820,GOF,0.03208422619286281,0.7791186940321274,0.18879707977500967
25821,GOF,0.018567040054024063,0.7757265354210082,0.20570642452496765
25822,GOF,0.03769683128461603,0.7868243647204789,0.17547880399490512
25823,GOF,0.014583832804989743,0.6334941703617603,0.3519219968332501
25824,GOF,0.024883215440152838,0.7590072355662637,0.21610954899358348
25825,GOF,0.015814584536528207,0.7395073348065043,0.24467808065696733
25826,GOF,0.005539192866118515,0.7013403610788577,0.2931204460550239
25827,GOF,0.008464675064120117,0.6968916048891833,0.29464372004669653
25828,GOF,0.005917244190740128,0.6430721972618073,0.3510105585474525
25829,GOF,0.0028867010140360854,0.7115490858023206,0.28556421318364344
25830,GOF,0.037509623806506555,0.4889088387290218,0.47358153746447174
25831,GOF,0.05015523470464579,0.8391060308878767,0.11073873440747743
25832,GOF,0.007962517610600945,0.7977190849562653,0.1943183974331337
25833,GOF,0.029632707828510255,0.8489612032943481,0.12140608887714163
25834,GOF,0.007819248144455204,0.8108618888479763,0.18131886300756858
25835,GOF,0.016427012257834134,0.8677536488163263,0.11581933892583947
25836,GOF,0.0060694494872359965,0.8103272722986611,0.18360327821410297
25837,GOF,0.006387464441861493,0.6947913726296016,0.2988211629285369
25838,GOF,0.018344806271239085,0.8654492224239216,0.1162059713048394
25839,GOF,0.03739804758957844,0.8506509932509319,0.11195095915948979
25840,GOF,0.06119673813468428,0.8324284611824889,0.10637480068282701
25841,GOF,0.052129565888250656,0.8499384580739217,0.09793197603782759
25842,GOF,0.027136758058365865,0.8979721718540831,0.07489107008755114
25843,GOF,0.026240329287243725,0.9069749246959685,0.0667847460167878
25844,GOF,0.017299494516743386,0.8420847577456483,0.14061574773760832
25845,GOF,0.005960641353239696,0.6348500625123138,0.3591892961344465
25846,GOF,0.04241407402048299,0.8585461597357096,0.09903976624380736
25847,GOF,0.019324565259174947,0.9113968298625664,0.06927860487825868
25848,GOF,0.016004297388192243,0.8591186504421948,0.1248770521696129
25849,GOF,0.004893811747154142,0.7369030386159883,0.25820314963685764
25850,GOF,0.0061786399820755455,0.766430365523062,0.22739099449486247
25851,GOF,0.005663461046805867,0.6481061539661325,0.34623038498706177
25852,GOF,0.1425794467284266,0.6136331681424405,0.2437873851291329
25853,GOF,0.07195610753055873,0.8526742859904786,0.07536960647896261
25854,GOF,0.005047949858980886,0.675035001662119,0.3199170484789002
25855,GOF,0.014730855190911543,0.6506510011341438,0.33461814367494463
25856,GOF,0.038010485552666624,0.773089091445318,0.18890042300201526
25857,GOF,0.012385704639204173,0.6221749689929162,0.3654393263678796
25858,GOF,0.007713061518769979,0.6091109485709986,0.3831759899102315
25859,GOF,0.00537601131938654,0.5764215568728587,0.41820243180775474
25860,GOF,0.079687317839963,0.8183303117165261,0.1019823704435108
25861,GOF,0.09618920592112902,0.8091996632001381,0.09461113087873285
25862,GOF,0.020644575223304606,0.8648840342159407,0.11447139056075456
25863,GOF,0.019764296281008294,0.8766250823933193,0.1036106213256724
25864,GOF,0.050648113350887786,0.8645144931611921,0.0848373934879202
25865,GOF,0.036933336463632054,0.8305543744703937,0.13251228906597426
25866,GOF,0.026519653816679138,0.8632807100877842,0.11019963609553647
25867,GOF,0.03094645654147371,0.881331044151689,0.08772249930683716
25868,GOF,0.053713751591175335,0.8428025856258343,0.10348366278299036
25869,GOF,0.33877372186075805,0.598969286856433,0.06225699128280894
25870,GOF,0.07132630773265426,0.6909844028323575,0.23768928943498832
25871,GOF,0.011879364909318273,0.8829960951176413,0.10512453997304036
25872,GOF,0.01921849979423723,0.8706574186457855,0.11012408155997723
25873,GOF,0.01887450516549214,0.8963037013600734,0.08482179347443453
25874,LOF,0.01761630553055887,0.16757689686923422,0.8148067976002068
25875,LOF,0.050111005546468745,0.04026852758989455,0.9096204668636366
25876,LOF,0.021238437143371255,0.031234057444083866,0.9475275054125449
25877,LOF,0.13302693867782334,0.08036877464442596,0.7866042866777508
25878,LOF,0.07638056355602117,0.11330803865246133,0.8103113977915174
25879,LOF,0.028082903619143368,0.0765972352886878,0.8953198610921688
25880,LOF,0.05688832540608591,0.01031454379678178,0.9327971307971322
25881,Neutral,0.5550278940531682,0.056807849802511814,0.38816425614432
25882,LOF,0.05652133747110094,0.027400480721291632,0.9160781818076074
25883,LOF,0.03073009222991422,0.023141426797008136,0.9461284809730776
25884,LOF,0.028166045463094223,0.038843607884055185,0.9329903466528505
25885,LOF,0.22680759643274698,0.011482611264589954,0.7617097923026631
25886,LOF,0.15665605796877202,0.04844736873278293,0.794896573298445
25887,LOF,0.20121212685032194,0.06201952088176997,0.7367683522679082
25888,LOF,0.012404508956198315,0.13992633722197237,0.8476691538218293
25889,LOF,0.03379929068297465,0.029620880662745198,0.9365798286542802
25890,LOF,0.1158156948943562,0.1078658214843694,0.7763184836212744
25891,LOF,0.09434257177052065,0.02056956537756534,0.8850878628519141
25892,LOF,0.009448575446869183,0.031523240082855834,0.9590281844702748
25893,LOF,0.4074434381711458,0.008639936092754114,0.5839166257361001
25894,LOF,0.4466982646247752,0.0055918158139168835,0.5477099195613079
25895,LOF,0.34181079942474635,0.011234253663370167,0.6469549469118835
25896,LOF,0.06150844161122596,0.02448872798134921,0.9140028304074248
25897,LOF,0.19236266650666833,0.009034264271943405,0.7986030692213881
25898,LOF,0.16072898362940927,0.029147928885184013,0.8101230874854066
25899,LOF,0.308594430015238,0.02350750610002132,0.6678980638847406
25900,LOF,0.43068855702052655,0.007887636861334826,0.5614238061181386
25901,LOF,0.06332192282285139,0.009278060727285195,0.9274000164498634
25902,LOF,0.15554905105833783,0.011286334670411829,0.8331646142712503
25903,LOF,0.4233035413149231,0.0221824041760132,0.5545140545090637
25904,LOF,0.4520338764841732,0.035681370683531,0.5122847528322959
25905,LOF,0.004066667360024921,0.4454535416062794,0.5504797910336956
25906,LOF,0.009929984744266493,0.11471408556057798,0.8753559296951556
25907,LOF,0.004370069181157435,0.33121248021737726,0.6644174506014652
25908,LOF,0.00488355303327142,0.24071708260899197,0.7543993643577367
25909,LOF,0.022598020427667037,0.14617214359877792,0.8312298359735549
25910,LOF,0.01310696351426757,0.11440770478448324,0.8724853317012492
25911,LOF,0.34206198720539943,0.03919419382579992,0.6187438189688006
25912,LOF,0.0716546912891985,0.04861580367273326,0.8797295050380682
25913,LOF,0.04825501818810838,0.06693714173648717,0.8848078400754046
25914,LOF,0.03530479691740921,0.06499331742555942,0.8997018856570315
25915,LOF,0.14303250480347954,0.3226101348593092,0.5343573603372112
25916,LOF,0.029414490872728127,0.19813886991195315,0.7724466392153186
25917,LOF,0.06746982554226175,0.0537692529601924,0.8787609214975458
25918,LOF,0.045004103327407285,0.038624344817624875,0.9163715518549679
25919,LOF,0.03845108592821352,0.03956591331312307,0.9219830007586635
25920,LOF,0.15294184805742514,0.17798564421716387,0.6690725077254109
25921,LOF,0.018264262267119025,0.04264683494327985,0.9390889027896011
25922,LOF,0.019379220224943657,0.037185250118234627,0.9434355296568218
25923,LOF,0.43822708197225096,0.04172667287667228,0.5200462451510768
25924,LOF,0.026212865875765223,0.05649293168619139,0.9172942024380434
25925,LOF,0.07979062953867751,0.05504734348942038,0.8651620269719021
25926,LOF,0.05675499342729743,0.05238694558594824,0.8908580609867542
25927,LOF,0.027490804138826652,0.07324937374428757,0.8992598221168859
25928,LOF,0.011416533115680914,0.05886421077070968,0.9297192561136095
25929,Neutral,0.5305140039937767,0.03961510691235617,0.4298708890938671
25930,LOF,0.06741231201488332,0.03861303322792931,0.8939746547571873
25931,LOF,0.015989825318259238,0.03901895222572745,0.9449912224560133
25932,LOF,0.05773818823007436,0.03273915734787162,0.909522654422054
25933,LOF,0.05301498440499706,0.02185126328949002,0.9251337523055129
25934,LOF,0.048421195928396055,0.02134260647366568,0.9302361975979383
25935,LOF,0.06738112685782224,0.06650483407937363,0.8661140390628043
25936,LOF,0.08567638654839128,0.024405356211651602,0.8899182572399572
25937,LOF,0.015190514409326162,0.0400927327522791,0.9447167528383947
25938,LOF,0.0671763700972316,0.06167696095406226,0.8711466689487061
25939,LOF,0.03876757447508877,0.03033977730365917,0.9308926482212521
25940,LOF,0.009365130813796823,0.3475582000545618,0.6430766691316414
25941,Neutral,0.49276772310345185,0.041250225432704124,0.46598205146384386
25942,LOF,0.008852710193789075,0.05455016681399896,0.936597122992212
25943,LOF,0.04270940836350769,0.17938261572074218,0.7779079759157501
25944,LOF,0.06420323590225901,0.09410719975527673,0.8416895643424642
25945,LOF,0.11685752161017622,0.023029643836869514,0.8601128345529543
25946,LOF,0.08033306930823256,0.04318808709254504,0.8764788435992225
25947,LOF,0.4313215825340285,0.1304957919073166,0.4381826255586548
25948,LOF,0.4340883151223027,0.01523943747693606,0.5506722474007612
25949,LOF,0.13644644247630552,0.06716818568879554,0.7963853718348989
25950,GOF,0.07166657657052468,0.5910134711358903,0.3373199522935851
25951,LOF,0.012466044488346387,0.39295084850287715,0.5945831070087765
25952,LOF,0.3134689234896903,0.24619885726893087,0.44033221924137883
25953,LOF,0.007879683320632332,0.17910828187880845,0.8130120348005592
25954,LOF,0.09615674241158045,0.44515282272860957,0.45869043485981
25955,LOF,0.006986881458738949,0.14682112237669834,0.8461919961645626
25956,LOF,0.019683171708962003,0.23962684109614263,0.7406899871948953
25957,LOF,0.227792849797745,0.032840925060025006,0.73936622514223
25958,LOF,0.03223178072167915,0.03614440386726157,0.9316238154110593
25959,GOF,0.014211107106426875,0.5369887654057892,0.44880012748778403
25960,LOF,0.006380015934059103,0.05794716586490216,0.9356728182010389
25961,LOF,0.03006084287754682,0.032845954444625944,0.9370932026778274
25962,LOF,0.03698094895999478,0.06615320949420979,0.8968658415457953
25963,LOF,0.004912052727131031,0.1948063997214392,0.8002815475514298
25964,LOF,0.0327560820274971,0.10194884423762979,0.8652950737348731
25965,LOF,0.23735114149945052,0.12136482189638322,0.6412840366041663
25966,Neutral,0.45647234378806,0.11378379405243486,0.4297438621595052
25967,LOF,0.009112626904945043,0.07158625489140023,0.9193011182036548
25968,LOF,0.05326358308836544,0.20729747601253964,0.7394389408990949
25969,LOF,0.14130184485715652,0.04286868296075661,0.8158294721820868
25970,LOF,0.021766717714062345,0.07834236146238104,0.8998909208235566
25971,LOF,0.08395952261482524,0.02709856425456182,0.888941913130613
25972,LOF,0.06633007900825504,0.03823312192588133,0.8954367990658637
25973,LOF,0.0700482695500516,0.011391861546065174,0.9185598689038832
25974,LOF,0.05103578496217474,0.037548061222530016,0.9114161538152952
25975,LOF,0.04519946243054431,0.02304455922308587,0.9317559783463698
25976,LOF,0.11005779915860306,0.011587365876066829,0.8783548349653301
25977,LOF,0.16974494652639352,0.0887467509797704,0.741508302493836
25978,LOF,0.18092110279863186,0.11686131054626007,0.702217586655108
25979,LOF,0.14660968099516256,0.13127801262357425,0.7221123063812632
25980,LOF,0.25882863469569,0.17393554944005649,0.5672358158642535
25981,LOF,0.259646474386784,0.17687019123061065,0.5634833343826053
25982,Neutral,0.48967743580775963,0.0883564748685487,0.42196608932369173
25983,Neutral,0.5016064643539063,0.10258465557158196,0.39580888007451176
25984,LOF,0.0353185619286811,0.08317155725056936,0.8815098808207494
25985,LOF,0.43195350866611637,0.13520370040367088,0.43284279093021283
25986,LOF,0.013932117588069125,0.4147327548830466,0.5713351275288844
25987,LOF,0.0621532987573414,0.11624905444806209,0.8215976467945965
25988,LOF,0.0457156776759898,0.15582487654127092,0.7984594457827393
25989,LOF,0.040729596390822284,0.19136896077220775,0.76790144283697
25990,LOF,0.04099690778164265,0.2856945029237231,0.6733085892946343
25991,LOF,0.02652839304978899,0.4418350049263926,0.5316366020238183
25992,LOF,0.025267235703292135,0.43822272637325105,0.5365100379234568
25993,LOF,0.029572593872347265,0.08360429859764545,0.8868231075300073
25994,LOF,0.02373590053249951,0.0809802947002068,0.8952838047672936
25995,LOF,0.024057207753196252,0.16391900521856434,0.8120237870282393
25996,Neutral,0.3601116291360868,0.30995810636090504,0.32993026450300816
25997,LOF,0.06644308636250733,0.3894499696828638,0.5441069439546289
25998,LOF,0.2594548248068228,0.04739878629435945,0.6931463888988177
25999,LOF,0.024492575184492306,0.20961649800885196,0.7658909268066557
26000,LOF,0.19925709700432484,0.0406274237835496,0.7601154792121256
26001,LOF,0.24998665923613914,0.041995848355960534,0.7080174924079005
26002,LOF,0.127680821172942,0.05964117996545409,0.812677998861604
26003,GOF,0.004980232240260225,0.6384146288038631,0.35660513895587653
26004,GOF,0.007112924255276834,0.6981398447884879,0.29474723095623523
26005,GOF,0.003434528984860706,0.5104960356577386,0.4860694353574008
26006,GOF,0.09332192887518548,0.60145652937571,0.30522154174910454
26007,GOF,0.006418496378236827,0.5599949147158433,0.4335865889059199
26008,GOF,0.0058092681135394906,0.6488529768450192,0.3453377550414413
26009,GOF,0.007162508144989599,0.6948361225493982,0.2980013693056122
26010,GOF,0.007911859249298717,0.6613608799727545,0.3307272607779467
26011,LOF,0.003164635007035229,0.4653869461518314,0.5314484188411334
26012,GOF,0.004600233078097573,0.5412069246743993,0.454192842247503
26013,GOF,0.006300660302348277,0.5952565593426857,0.39844278035496594
26014,LOF,0.05979823632215312,0.11816371208304717,0.8220380515947997
26015,LOF,0.3985990044817948,0.019577617991676313,0.5818233775265289
26016,LOF,0.32613784172432564,0.037226938335196684,0.6366352199404778
26017,LOF,0.028536510724903607,0.19968671686101389,0.7717767724140826
26018,LOF,0.03189039763757588,0.03751357113371494,0.9305960312287092
26019,LOF,0.031227944766247677,0.03350759785186455,0.9352644573818877
26020,LOF,0.010831618181457447,0.16475872304273684,0.8244096587758057
26021,LOF,0.07266101112133559,0.062067259266431904,0.8652717296122324
26022,LOF,0.040480918979497224,0.022176689340959437,0.9373423916795433
26023,LOF,0.03376455846029446,0.024006802318809303,0.9422286392208963
26024,LOF,0.04737049081109889,0.0647360902989635,0.8878934188899376
26025,LOF,0.06220393843431959,0.07319960991151823,0.8645964516541623
26026,LOF,0.11819515394743375,0.05974269079897307,0.8220621552535933
26027,LOF,0.028578336060305937,0.019646371452020448,0.9517752924876736
26028,LOF,0.11459664379050401,0.13680251286749112,0.7486008433420048
26029,LOF,0.019368141824650565,0.23013900368968948,0.7504928544856598
26030,LOF,0.16309106073411728,0.03316346453274923,0.8037454747331335
26031,LOF,0.008822270657147786,0.20116792983892556,0.7900097995039266
26032,LOF,0.038054344841529635,0.0841977652590968,0.8777478898993735
26033,LOF,0.06917333238288312,0.07444515864455521,0.8563815089725616
26034,LOF,0.013247664113631211,0.1804582112376275,0.8062941246487413
26035,LOF,0.011057331798367093,0.13988592635356947,0.8490567418480635
26036,LOF,0.01138231321018794,0.1623001004415826,0.8263175863482295
26037,LOF,0.008973492605985137,0.13239363674347035,0.8586328706505446
26038,LOF,0.03333255957975248,0.07713803867879081,0.8895294017414567
26039,LOF,0.023227030652857812,0.16452348766639974,0.8122494816807424
26040,LOF,0.10478167884149997,0.1858716105367699,0.70934671062173
26041,LOF,0.011838120343381216,0.1163503489146717,0.8718115307419471
26042,LOF,0.010450347951783356,0.1250213742114045,0.8645282778368122
26043,LOF,0.0319960107137859,0.09938360775057377,0.8686203815356404
26044,LOF,0.013991320260600425,0.06511187452561726,0.9208968052137824
26045,LOF,0.06442523741423059,0.13565561085062555,0.7999191517351437
26046,LOF,0.027742745727379003,0.07825448337966526,0.8940027708929558
26047,LOF,0.04518271332733195,0.0762587655569711,0.878558521115697
26048,LOF,0.09201381855616732,0.034342565569092355,0.8736436158747404
26049,Neutral,0.946321989618639,0.009473553739587097,0.044204456641773894
26050,Neutral,0.9251228938035085,0.010854054859855902,0.06402305133663565
26051,LOF,0.013883982414449245,0.09659711330117605,0.8895189042843747
26052,LOF,0.027125100867410115,0.10841455922689934,0.8644603399056906
26053,LOF,0.03521267792058755,0.13722771584579763,0.8275596062336148
26054,LOF,0.043928115021234546,0.026412927632104868,0.9296589573466606
26055,LOF,0.06160130410920512,0.02445371481515464,0.9139449810756403
26056,LOF,0.049613880152586734,0.030757031143846522,0.9196290887035669
26057,LOF,0.05528641659690495,0.013156857904789526,0.9315567254983056
26058,LOF,0.05912728147889816,0.010576312750881285,0.9302964057702205
26059,LOF,0.19785653926486896,0.025919281590433746,0.7762241791446973
26060,LOF,0.015905396232697544,0.17725378460694,0.8068408191603624
26061,LOF,0.01186767070134143,0.011025850190333362,0.9771064791083252
26062,LOF,0.006531039658181256,0.017389212666443065,0.9760797476753756
26063,LOF,0.03670947128601898,0.011621192811331576,0.9516693359026493
26064,LOF,0.010556174369310571,0.024504163863203202,0.9649396617674861
26065,LOF,0.046614034116880275,0.011820416387854788,0.9415655494952648
26066,LOF,0.044138806087697706,0.010374860920376596,0.9454863329919257
26067,LOF,0.050053824992354265,0.009630687962044358,0.9403154870456014
26068,LOF,0.05318277127413094,0.04136648844774139,0.9054507402781277
26069,LOF,0.15631088176338087,0.024634583261356424,0.8190545349752628
26070,LOF,0.32555666022202545,0.01938972026057649,0.655053619517398
26071,LOF,0.04298582169054662,0.011607843479950544,0.9454063348295029
26072,LOF,0.010153634878548286,0.02081740714120251,0.9690289579802491
26073,LOF,0.037666574298354495,0.014132542148188449,0.9482008835534571
26074,Neutral,0.9224979566033051,0.00787985717902966,0.06962218621766532
26075,LOF,0.05219753462662973,0.021832527136838677,0.9259699382365317
26076,LOF,0.05588516795394151,0.01098581369105965,0.9331290183549988
26077,LOF,0.1631305053570229,0.006535683247647549,0.8303338113953296
26078,LOF,0.008347060990150777,0.014698150305294302,0.976954788704555
26079,LOF,0.06549525760954475,0.023709036686609425,0.9107957057038457
26080,LOF,0.06413000908456876,0.023735882904457824,0.9121341080109734
26081,LOF,0.03195330093271238,0.008923917969312706,0.959122781097975
26082,LOF,0.007260208280447509,0.014682169075982568,0.97805762264357
26083,LOF,0.09781783671623917,0.019713985072068334,0.8824681782116925
26084,LOF,0.10098397399392346,0.014192329976240882,0.8848236960298357
26085,LOF,0.09398452423899369,0.012259336142141832,0.8937561396188645
26086,LOF,0.03886378203305632,0.01136662607251542,0.9497695918944282
26087,LOF,0.034987068149613366,0.010249723832086024,0.9547632080183006
26088,LOF,0.008665515355466903,0.019246836399837153,0.972087648244696
26089,LOF,0.04367897226774751,0.03126386644965361,0.925057161282599
26090,LOF,0.04441101902765339,0.024854437271227405,0.9307345437011191
26091,LOF,0.03076145442878948,0.007845658711922901,0.9613928868592877
26092,LOF,0.04014581121309636,0.00843157809030735,0.9514226106965964
26093,LOF,0.07909614187361405,0.006303052029533675,0.9146008060968523
26094,LOF,0.03565656207951211,0.007414722702289445,0.9569287152181984
26095,LOF,0.03557316599566362,0.018520112815804908,0.9459067211885315
26096,LOF,0.23701443317471976,0.005333213717264338,0.7576523531080159
26097,LOF,0.00858589033960997,0.031093146970881634,0.9603209626895084
26098,LOF,0.07914339657650629,0.019972845794465257,0.9008837576290285
26099,LOF,0.042485900320787404,0.013918079166789655,0.943596020512423
26100,LOF,0.042485900320787404,0.013918079166789655,0.943596020512423
26101,LOF,0.06103419625220214,0.02544944082636257,0.9135163629214353
26102,LOF,0.03296100823899816,0.016025877636632647,0.9510131141243693
26103,Neutral,0.8753693869237351,0.024735968493283005,0.09989464458298193
26104,LOF,0.058361784150692694,0.03682594077361125,0.9048122750756961
26105,LOF,0.230274560042851,0.20575599389640778,0.5639694460607412
26106,LOF,0.29579196411004116,0.13400615477518144,0.5702018811147774
26107,LOF,0.02044647985037437,0.09221279707668822,0.8873407230729373
26108,LOF,0.27116936676373504,0.05137044849013345,0.6774601847461315
26109,LOF,0.09339776867955196,0.04087792164404696,0.8657243096764011
26110,LOF,0.4693888782934853,0.005929555725251912,0.5246815659812628
26111,LOF,0.050522214034678145,0.11496771060866447,0.8345100753566573
26112,LOF,0.053120891806299454,0.0067991335480484735,0.940079974645652
26113,LOF,0.10069850034977222,0.013759131511101764,0.8855423681391261
26114,LOF,0.08943974275166658,0.008635362029454793,0.9019248952188786
26115,LOF,0.012384376877462983,0.05166293822643107,0.9359526848961061
26116,LOF,0.0689682889272273,0.02806991965174016,0.9029617914210326
26117,LOF,0.4007350787381607,0.032379301464752146,0.5668856197970871
26118,LOF,0.04518139608606746,0.016095904790010974,0.9387226991239215
26119,LOF,0.006087794327614799,0.03305833811688415,0.960853867555501
26120,LOF,0.03539144334610974,0.014562031453615041,0.9500465252002752
26121,LOF,0.0043930785736222815,0.1254904120198904,0.8701165094064872
