feature0,prediction,LoGoFunc_Neutral,LoGoFunc_GOF,LoGoFunc_LOF
25546,Neutral,0.7437124233828393,0.0324118342456328,0.22387574237152785
25547,Neutral,0.5987909672903241,0.06997691938378674,0.3312321133258891
25548,Neutral,0.6031920708286233,0.05050543008718814,0.3463024990841886
25549,Neutral,0.5197519415088871,0.04989954341058271,0.4303485150805302
25550,LOF,0.35212027545340646,0.09396639601843142,0.5539133285281621
25551,LOF,0.3038956607580622,0.10245456591811797,0.5936497733238199
25552,LOF,0.21229506503300785,0.09614104702989748,0.6915638879370947
25553,Neutral,0.8370675397722797,0.026496980740907644,0.13643547948681264
25554,LOF,0.24841863837832118,0.09125864094188828,0.6603227206797905
25555,LOF,0.20526698031861848,0.0808983994108285,0.713834620270553
25556,LOF,0.4175861038837811,0.08209788808406054,0.5003160080321585
25557,LOF,0.2029103317160545,0.08301231271888686,0.7140773555650587
25558,LOF,0.23691275673792392,0.09114675254533781,0.6719404907167382
25559,LOF,0.35761705307310065,0.17755307704296824,0.46482986988393127
25560,LOF,0.0517842683447774,0.144584307786839,0.8036314238683836
25561,LOF,0.10867004259924237,0.14623959111217041,0.7450903662885873
25562,LOF,0.09950760808718964,0.05086602166349214,0.8496263702493183
25563,LOF,0.0967644663540442,0.0699644182624747,0.8332711153834812
25564,LOF,0.2317748764147904,0.12195545659985575,0.6462696669853539
25565,LOF,0.1402948852310592,0.09244577427022493,0.7672593404987159
25566,GOF,0.020383389593170653,0.8077372587271581,0.17187935167967128
25567,LOF,0.015627825818246763,0.14458321279337447,0.8397889613883787
25568,LOF,0.05532303048417604,0.060306901960802003,0.8843700675550219
25569,LOF,0.06426425658620219,0.05458182956908033,0.8811539138447175
25570,LOF,0.06493922346967847,0.09311643939723557,0.8419443371330859
25571,LOF,0.0618510505147871,0.0856084664268716,0.8525404830583414
25572,LOF,0.06977766021624154,0.1125714861722826,0.8176508536114758
25573,LOF,0.03295073317608457,0.08448403239074255,0.8825652344331729
25574,LOF,0.020739321561207825,0.1386494702083401,0.8406112082304521
25575,LOF,0.04751757360667974,0.09892734569883084,0.8535550806944894
25576,LOF,0.018564999367642342,0.11280904523378114,0.8686259553985766
25577,LOF,0.0142349194797115,0.11978756240509066,0.8659775181151977
25578,LOF,0.2550573458784288,0.07236493448598465,0.6725777196355865
25579,LOF,0.25589738107182375,0.07148879512980098,0.6726138237983753
25580,LOF,0.03262894095774705,0.07182453484833974,0.8955465241939132
25581,LOF,0.05293088138873456,0.05947508149060344,0.8875940371206621
25582,LOF,0.0527751688605573,0.058671488274751,0.8885533428646917
25583,LOF,0.04562767219917428,0.07982839264908445,0.8745439351517411
25584,Neutral,0.48914698812353363,0.10329475569677099,0.4075582561796953
25585,LOF,0.038640846547290726,0.10781461186356475,0.8535445415891446
25586,LOF,0.0324868813842659,0.07018565820062883,0.8973274604151051
25587,LOF,0.030841220595402685,0.06507593492603712,0.9040828444785602
25588,LOF,0.03242931779968706,0.07858044062467094,0.8889902415756421
25589,Neutral,0.6298399844288148,0.11506160674316968,0.25509840882801543
25590,LOF,0.028408645419536166,0.11231111125142075,0.8592802433290431
25591,LOF,0.1191421799745913,0.04917906834859689,0.8316787516768118
25592,LOF,0.08590730282157173,0.11980793840638462,0.7942847587720436
25593,LOF,0.026204288081577,0.2460823401899398,0.7277133717284832
25594,LOF,0.04274537372840499,0.21096484656539688,0.7462897797061981
25595,LOF,0.051367660106963496,0.15133006918007344,0.797302270712963
25596,LOF,0.060013365107327445,0.07710323419143081,0.8628834007012418
25597,LOF,0.05026839298679978,0.08329464046193259,0.8664369665512676
25598,LOF,0.0489158104238364,0.14416032873337842,0.8069238608427852
25599,GOF,0.00786834498361361,0.6965703743955471,0.2955612806208393
25600,GOF,0.020538942626130017,0.6609671825343716,0.31849387483949837
25601,LOF,0.006315935723483001,0.4626323039283509,0.5310517603481661
25602,LOF,0.02648680507894777,0.04293389604165534,0.9305792988793968
25603,LOF,0.057234548755513676,0.028013577633226865,0.9147518736112593
25604,LOF,0.06452786263549555,0.027158129109071394,0.9083140082554331
25605,LOF,0.015394079482370279,0.1627582092130249,0.8218477113046049
25606,LOF,0.10558261319369185,0.40744961215820225,0.4869677746481059
25607,LOF,0.006197500989520838,0.1812322225923971,0.8125702764180821
25608,LOF,0.06264562157053892,0.04925702183627644,0.8880973565931846
25609,LOF,0.04045253418986512,0.4252369819464977,0.5343104838636372
25610,LOF,0.04057278153404707,0.02344411132071795,0.9359831071452349
25611,LOF,0.042429636332564566,0.022092426829868225,0.9354779368375673
25612,LOF,0.09910536980419993,0.033305065351049226,0.8675895648447508
25613,LOF,0.08138309984476906,0.03403462705016828,0.8845822731050627
25614,LOF,0.030632969928121645,0.030837110125118913,0.9385299199467595
25615,LOF,0.056286911507241515,0.029409755458898592,0.91430333303386
25616,LOF,0.0325329542119486,0.02768583024597274,0.9397812155420786
25617,LOF,0.030818827404285723,0.030154960287614403,0.9390262123080998
25618,LOF,0.174201323754201,0.025228718335450893,0.8005699579103481
25619,LOF,0.029151660530689263,0.027909504285780356,0.9429388351835304
25620,LOF,0.035322915412542434,0.035250789660993535,0.929426294926464
25621,LOF,0.030199795692493214,0.026119895292348757,0.9436803090151581
25622,LOF,0.034260528319309196,0.030444846496794655,0.9352946251838961
25623,LOF,0.07174029548577608,0.025350155111704145,0.9029095494025199
25624,LOF,0.027500302616435032,0.03374414716615361,0.9387555502174114
25625,LOF,0.03655928542062665,0.03403193526614575,0.9294087793132276
25626,LOF,0.0863591390755699,0.027710660682984594,0.8859302002414455
25627,Neutral,0.5603789179216977,0.13887789014862573,0.3007431919296765
25628,LOF,0.19129629209929863,0.06621199725509211,0.7424917106456093
25629,LOF,0.0641415981802907,0.076019105017856,0.8598392968018532
25630,LOF,0.15141719384283175,0.10782634400802908,0.740756462149139
25631,Neutral,0.5432025397886718,0.08702716248093771,0.3697702977303904
25632,LOF,0.023070406099123742,0.05842510588344044,0.9185044880174358
25633,LOF,0.2116580446804371,0.05913332162433379,0.729208633695229
25634,LOF,0.033471756617025,0.10167137295577351,0.8648568704272016
25635,LOF,0.0364325179539148,0.06586327216958393,0.8977042098765012
25636,GOF,0.004742474343738476,0.6532577643389,0.3419997613173615
25637,GOF,0.005816479515618236,0.639555558802314,0.3546279616820679
25638,LOF,0.00816185221632515,0.36952937040764605,0.6223087773760287
25639,GOF,0.005411968438012548,0.5176982209277973,0.47688981063419017
25640,Neutral,0.48870899488448255,0.43907842853032925,0.07221257658518825
25641,LOF,0.009504316381617476,0.38882320569343976,0.6016724779249428
25642,LOF,0.28495235465115976,0.07306454142261454,0.6419831039262257
25643,LOF,0.24258920131359307,0.17002152771055426,0.5873892709758527
25644,GOF,0.013181262489403711,0.5843990202068159,0.40241971730378046
25645,GOF,0.011369582456500169,0.5374297688092426,0.45120064873425714
25646,LOF,0.015262952055905018,0.3828572171557972,0.6018798307882979
25647,LOF,0.013729917223692979,0.3266532407947766,0.6596168419815305
25648,LOF,0.012455142363954154,0.3446470717553641,0.6428977858806817
25649,LOF,0.010027406416076247,0.24428598294782433,0.7456866106360994
25650,GOF,0.022474809672317738,0.539918549359872,0.4376066409678102
25651,LOF,0.008572811952298592,0.3264676519925966,0.6649595360551047
25652,LOF,0.015554164173673274,0.28182085289209646,0.7026249829342303
25653,LOF,0.050112647721220656,0.3988552554962582,0.5510320967825212
25654,LOF,0.013004539671428183,0.19436870578060897,0.7926267545479628
25655,GOF,0.09190116699118005,0.4604227808208749,0.4476760521879451
25656,LOF,0.05848638354242793,0.08487158104215428,0.8566420354154178
25657,LOF,0.27461870018479567,0.03552235413080297,0.6898589456844014
25658,LOF,0.03777368505677557,0.09644051090859691,0.8657858040346276
25659,LOF,0.2669764881234689,0.06875315602705671,0.6642703558494745
25660,LOF,0.07144786722403888,0.10366746272078062,0.8248846700551804
25661,LOF,0.0518538388587836,0.07048691178957664,0.8776592493516397
25662,LOF,0.028765738746686666,0.04596129209690789,0.9252729691564053
25663,LOF,0.03934740753990129,0.06611716724106396,0.8945354252190347
25664,LOF,0.03989517116629767,0.07337473537306258,0.8867300934606397
25665,LOF,0.05719084643796057,0.045864635458022475,0.8969445181040169
25666,LOF,0.038675627665337865,0.12857780748280578,0.8327465648518563
25667,LOF,0.028158133343086325,0.05297167652288481,0.9188701901340289
25668,LOF,0.033662134831327746,0.05790535560242216,0.9084325095662501
25669,LOF,0.04014308784092213,0.09236369543296682,0.867493216726111
25670,LOF,0.16865535904979045,0.06363303117617383,0.7677116097740356
25671,LOF,0.0375769516316498,0.04769483358423628,0.9147282147841138
25672,LOF,0.05391642754063505,0.06666013687493338,0.8794234355844316
25673,LOF,0.04121110412368504,0.059855534171682406,0.8989333617046324
25674,LOF,0.03151694530039274,0.06886426132132195,0.8996187933782852
25675,LOF,0.04376653140013321,0.05400830177794531,0.9022251668219216
25676,LOF,0.03168388923513609,0.06025715005973429,0.9080589607051296
25677,LOF,0.06155617167381044,0.06419391420334561,0.874249914122844
25678,LOF,0.25841675170480294,0.05157513449100923,0.6900081138041878
25679,LOF,0.1800402761143267,0.06605651316423007,0.7539032107214431
25680,LOF,0.06414747735719976,0.09903175478113518,0.836820767861665
25681,LOF,0.11145651984292448,0.09237354329548718,0.7961699368615884
25682,LOF,0.047011922342295696,0.07562712324931395,0.8773609544083905
25683,LOF,0.08545836675328207,0.09796374685009533,0.8165778863966225
25684,LOF,0.05411167215588059,0.07907458137287388,0.8668137464712455
25685,LOF,0.13195162748803135,0.0358077723715385,0.8322406001404301
25686,LOF,0.03366336156693622,0.08163778623331396,0.8846988521997498
25687,LOF,0.050085888339162055,0.06600681495515567,0.8839072967056821
25688,LOF,0.02225259751586285,0.09684534328534551,0.8809020591987916
25689,LOF,0.015346875679563507,0.08287583856209142,0.9017772857583449
25690,LOF,0.017815027681455955,0.07787921962979563,0.9043057526887484
25691,LOF,0.13869800208829705,0.12123885971779856,0.7400631381939043
25692,LOF,0.2396991069019998,0.015855491831569,0.7444454012664312
25693,LOF,0.040254142119434816,0.1476676126510653,0.8120782452294999
25694,LOF,0.2645837832006494,0.0136989440560166,0.721717272743334
25695,LOF,0.16950985521770612,0.019690663628404187,0.8107994811538898
25696,LOF,0.16196299114989698,0.011710394212476518,0.8263266146376266
25697,LOF,0.12570944080351262,0.022176447823588217,0.8521141113728993
25698,LOF,0.023595468405113687,0.3644291675829581,0.6119753640119282
25699,LOF,0.0638949425340886,0.05633527484635622,0.8797697826195552
25700,LOF,0.032111145892957944,0.00964217704837849,0.9582466770586635
25701,LOF,0.012756856853820145,0.07205627592909339,0.9151868672170864
25702,GOF,0.036401289261519344,0.7412042388109725,0.22239447192750808
25703,LOF,0.01937238865221614,0.18367575478700465,0.7969518565607793
25704,LOF,0.08634736045173157,0.16508392572685635,0.7485687138214121
25705,LOF,0.07348303266583585,0.22439223255097498,0.7021247347831893
25706,GOF,0.0448458063751929,0.6215571579715681,0.33359703565323895
25707,GOF,0.029645391718553318,0.4943540148636454,0.4760005934178013
25708,LOF,0.0074311888240669866,0.4364561860856557,0.5561126250902774
25709,LOF,0.01954974666704438,0.0598011637498257,0.92064908958313
25710,LOF,0.007392542005126809,0.14990219875138264,0.8427052592434905
25711,LOF,0.02234352807154884,0.10937323789163664,0.8682832340368145
25712,LOF,0.008268361693999185,0.20523144255905174,0.7865001957469492
25713,LOF,0.020016736875832244,0.10101283878185857,0.8789704243423091
25714,LOF,0.022382882012012693,0.13415412250345665,0.8434629954845305
25715,LOF,0.021314807584019883,0.11718461308312975,0.8615005793328504
25716,LOF,0.01386828922399208,0.11560285967189463,0.8705288511041134
25717,LOF,0.006190451446428592,0.1116511294718916,0.8821584190816797
25718,LOF,0.02059208536494999,0.07364027713535935,0.9057676374996907
25719,LOF,0.03752128486689381,0.08212627175491644,0.8803524433781897
25720,LOF,0.02968564248298176,0.08021336080480167,0.8901009967122165
25721,LOF,0.025558271982698402,0.08653980671297001,0.8879019213043315
25722,LOF,0.01745608717279818,0.11518163960077443,0.8673622732264274
25723,LOF,0.023079962125090985,0.07059726459333727,0.9063227732815717
25724,LOF,0.02736738316907426,0.12003555236873573,0.85259706446219
25725,LOF,0.02279933034796741,0.06334758680023221,0.9138530828518004
25726,LOF,0.01695308661373584,0.09488687800702199,0.8881600353792423
25727,LOF,0.022884587385298964,0.07920094505223126,0.8979144675624698
25728,LOF,0.021109850968238166,0.09711229855052035,0.8817778504812415
25729,LOF,0.020551280965635788,0.10080953271666862,0.8786391863176956
25730,LOF,0.022570050584136515,0.07618997194724365,0.9012399774686198
25731,LOF,0.012498911374995841,0.16629616641781889,0.8212049222071853
25732,LOF,0.019601856623597,0.09541477864613225,0.8849833647302708
25733,LOF,0.02860144623446047,0.08056156276642118,0.8908369909991183
25734,LOF,0.00756741757185071,0.1902101025458909,0.8022224798822585
25735,LOF,0.022794875692242013,0.0697092575684574,0.9074958667393006
25736,LOF,0.021665477379705707,0.1185495870746938,0.8597849355456005
25737,LOF,0.03794873418306698,0.10215233269107162,0.8598989331258613
25738,LOF,0.021894198462088305,0.1310953715027908,0.8470104300351209
25739,LOF,0.023789968085794234,0.12889935218629,0.8473106797279158
25740,LOF,0.051307102988335344,0.1353705105052155,0.8133223865064491
25741,LOF,0.029148514955794153,0.11513808936751185,0.855713395676694
25742,LOF,0.0456469418281242,0.12515098110018663,0.8292020770716891
25743,LOF,0.011424034742925233,0.03241801428670799,0.9561579509703667
25744,GOF,0.2058187315854349,0.3986981167638708,0.39548315165069436
25745,LOF,0.030610422329352984,0.05723523920369173,0.9121543384669554
25746,LOF,0.01293450499478205,0.07697074717445947,0.9100947478307585
25747,LOF,0.02939281325885043,0.033195656798659205,0.9374115299424904
25748,LOF,0.24732047457847384,0.059739125490778804,0.6929403999307474
25749,LOF,0.01324668954669595,0.05645547511257172,0.9302978353407323
25750,LOF,0.015811290392186404,0.08070649204537073,0.9034822175624428
25751,LOF,0.036436506320026485,0.0573842909411057,0.9061792027388679
25752,GOF,0.08277662930546083,0.6917803172436688,0.22544305345087043
25753,LOF,0.007233336647037866,0.38032206750640596,0.6124445958465561
25754,GOF,0.006608446487198108,0.8658626138611181,0.12752893965168383
25755,LOF,0.00842405069624409,0.4527934909714638,0.5387824583322922
25756,LOF,0.04865006706458679,0.4482515661124226,0.5030983668229906
25757,GOF,0.007350290716092411,0.8685224077573056,0.12412730152660206
25758,GOF,0.009071961489134672,0.8910454866460188,0.09988255186484643
25759,GOF,0.005422507892615052,0.5827948547049524,0.41178263740243254
25760,LOF,0.005499194615677569,0.3186764777765778,0.6758243276077446
25761,GOF,0.06781080611934795,0.8533850937241036,0.07880410015654842
25762,LOF,0.028942409848543512,0.3968523912336143,0.5742051989178423
25763,LOF,0.006997433645440899,0.28543830884278515,0.707564257511774
25764,GOF,0.0654466848128708,0.6677775220079896,0.2667757931791396
25765,GOF,0.007927595808498776,0.8542096727551816,0.13786273143631972
25766,GOF,0.03720262471668052,0.8351149747759273,0.12768240050739216
25767,GOF,0.009972535510642396,0.5235556593877735,0.4664718051015841
25768,LOF,0.037562620735123224,0.07352382207894863,0.8889135571859282
25769,LOF,0.024196383041766335,0.09301257965023306,0.8827910373080006
25770,LOF,0.16566026644659448,0.0793131786580623,0.7550265548953432
25771,LOF,0.015229015990607303,0.06615424896280116,0.9186167350465915
25772,LOF,0.02244290569325808,0.033656512804370646,0.9439005815023712
25773,LOF,0.01957436541933968,0.06613832293394789,0.9142873116467124
25774,LOF,0.027630123908066954,0.1027437893087082,0.8696260867832248
25775,LOF,0.02288003441921445,0.042805342800613856,0.9343146227801717
25776,LOF,0.025932273714963868,0.029732339698449402,0.9443353865865868
25777,LOF,0.22966121990663282,0.08770966315677867,0.6826291169365885
25778,LOF,0.019087146599557923,0.06444803534573239,0.9164648180547097
25779,GOF,0.029602271642727947,0.9001500741893731,0.07024765416789906
25780,GOF,0.07188850325960226,0.8789005743507617,0.04921092238963606
25781,GOF,0.03183094108043615,0.8809324055248111,0.08723665339475258
25782,GOF,0.02599995906928732,0.908855372652304,0.06514466827840885
25783,GOF,0.021206041593786806,0.8064284671747035,0.17236549123150963
25784,GOF,0.07815694258193356,0.8844230546245914,0.037420002793474995
25785,GOF,0.0591416217454469,0.901931168136575,0.038927210117978124
25786,GOF,0.008102180023854261,0.8678704007033512,0.1240274192727944
25787,GOF,0.16316479204713197,0.8035177664943698,0.03331744145849832
25788,LOF,0.015195442958339064,0.21914464331691216,0.7656599137247488
25789,GOF,0.015145883287904848,0.8764159583106423,0.10843815840145297
25790,GOF,0.01578130052234383,0.8742767941196852,0.109941905357971
25791,GOF,0.015739239672204076,0.8419708314635547,0.14228992886424124
25792,GOF,0.019313557567999788,0.8520610537146664,0.12862538871733384
25793,GOF,0.05218200446524495,0.8408901052458603,0.10692789028889477
25794,GOF,0.05237353957434382,0.7569855481817759,0.19064091224388008
25795,GOF,0.04750928779469151,0.7704911536543679,0.18199955855094052
25796,GOF,0.0780541773332868,0.8368607415350672,0.08508508113164605
25797,GOF,0.04587669116291052,0.7391642083117115,0.2149591005253781
25798,GOF,0.0033125442593952724,0.6961155653878557,0.3005718903527491
25799,GOF,0.003022241513033571,0.5800965561860142,0.41688120230095216
25800,GOF,0.016619305772763777,0.7853763192350174,0.19800437499221896
25801,GOF,0.014236341798120975,0.8847813892824412,0.10098226891943785
25802,GOF,0.022380936509950877,0.8402794061949842,0.1373396572950648
25803,GOF,0.014857763345670983,0.7371841732887178,0.2479580633656113
25804,GOF,0.01647538119074721,0.6579479203954625,0.3255766984137904
25805,GOF,0.024204221576690943,0.7247426786785568,0.25105309974475226
25806,GOF,0.01968217891450643,0.8072032273620764,0.17311459372341712
25807,GOF,0.006406603208465405,0.7738709632474193,0.21972243354411508
25808,GOF,0.014838094626292347,0.7833857414750883,0.20177616389861935
25809,GOF,0.008078230129270843,0.7842551955929871,0.20766657427774204
25810,GOF,0.0064773263747836315,0.7794963674142784,0.21402630621093807
25811,GOF,0.036163173832940515,0.8884590335123205,0.07537779265473918
25812,GOF,0.017896014641629484,0.7635343700260052,0.21856961533236535
25813,GOF,0.10547035595998566,0.8028228322069197,0.0917068118330946
25814,GOF,0.02393488881741251,0.8024620845186292,0.17360302666395835
25815,GOF,0.04524014263820663,0.8220772037652625,0.13268265359653084
25816,GOF,0.008627330993724397,0.8741754563473019,0.11719721265897373
25817,GOF,0.1123425335829379,0.8100475632445284,0.07760990317253362
25818,GOF,0.02102339259155655,0.834022700768775,0.1449539066396684
25819,GOF,0.05524763986799259,0.7810223846954841,0.16372997543652326
25820,GOF,0.025937614429836414,0.7878879825807446,0.1861744029894191
25821,GOF,0.01747663044193675,0.7903958140520441,0.19212755550601918
25822,GOF,0.03218184456155531,0.7839676947609947,0.18385046067744992
25823,GOF,0.020215339850056593,0.6936767740179749,0.2861078861319685
25824,GOF,0.01724328273345297,0.7861293391675768,0.19662737809897035
25825,GOF,0.014481364748687539,0.7790499575475502,0.2064686777037623
25826,GOF,0.006424884320633928,0.764303531161984,0.229271584517382
25827,GOF,0.010648057340105623,0.7268028098320009,0.2625491328278936
25828,GOF,0.007808208980616499,0.6885825144633724,0.3036092765560112
25829,GOF,0.003500566080225513,0.7354232148016829,0.26107621911809165
25830,GOF,0.03155636405922267,0.5610907964147702,0.4073528395260072
25831,GOF,0.06024211290716329,0.8255670840386082,0.11419080305422849
25832,GOF,0.008787894140479929,0.8258258126065794,0.1653862932529407
25833,GOF,0.03252584036534137,0.8602811191153826,0.107193040519276
25834,GOF,0.008497130495014674,0.835233846167076,0.15626902333790918
25835,GOF,0.02079527824759018,0.8746837384785633,0.10452098327384662
25836,GOF,0.006152640844260776,0.8239378288695902,0.16990953028614897
25837,GOF,0.006205515329325875,0.7094396138377199,0.2843548708329542
25838,GOF,0.02092989646376386,0.8721040183864035,0.1069660851498327
25839,GOF,0.04806907852452466,0.8460913126753946,0.10583960880008068
25840,GOF,0.0870834395714636,0.8143919870369997,0.09852457339153678
25841,GOF,0.08294467479234868,0.8340331507788558,0.08302217442879548
25842,GOF,0.02267509426943143,0.8988773450016513,0.07844756072891737
25843,GOF,0.02307305222439102,0.9005903026697869,0.07633664510582201
25844,GOF,0.014561274375321256,0.8546621694737504,0.13077655615092856
25845,GOF,0.004674239633942517,0.6679988196454621,0.3273269407205953
25846,GOF,0.0695630741362122,0.8495951633501172,0.0808417625136706
25847,GOF,0.014135368252107898,0.9113844750626553,0.07448015668523672
25848,GOF,0.018103473056272655,0.8712719099910391,0.11062461695268837
25849,GOF,0.005617777586744579,0.7672290699361313,0.22715315247712428
25850,GOF,0.005405143939970119,0.770143373185473,0.22445148287455696
25851,GOF,0.004877422213468341,0.6635705777545221,0.3315520000320095
25852,GOF,0.12835488899922418,0.5989912624326108,0.27265384856816505
25853,GOF,0.06501435226070941,0.8472128872977736,0.08777276044151713
25854,GOF,0.004081396638043571,0.6937050677882213,0.3022135355737352
25855,GOF,0.0160735912099296,0.678710807632842,0.30521560115722834
25856,GOF,0.03407908844580674,0.798420665033311,0.1675002465208823
25857,GOF,0.01791263046894864,0.643473123726455,0.3386142458045962
25858,GOF,0.007027278245575995,0.6530783798829832,0.3398943418714408
25859,GOF,0.006010574696600855,0.6477972973097473,0.3461921279936517
25860,GOF,0.07450908411494124,0.833626095754753,0.09186482013030567
25861,GOF,0.08309641065884542,0.8201626898523369,0.09674089948881771
25862,GOF,0.01700113366666911,0.8816688078080206,0.10133005852531032
25863,GOF,0.01834455967306992,0.8801488771003478,0.1015065632265822
25864,GOF,0.050122871786385866,0.8796418278453558,0.07023530036825823
25865,GOF,0.03616347593618067,0.8609399228768467,0.10289660118697255
25866,GOF,0.022991955018453913,0.8892943132790122,0.08771373170253398
25867,GOF,0.037335427419154535,0.8927187099903053,0.06994586259054017
25868,GOF,0.055653838100385565,0.8463144804528987,0.09803168144671569
25869,GOF,0.33972189533006775,0.5986554701594072,0.06162263451052508
25870,GOF,0.05117916601952399,0.6981300552148723,0.2506907787656036
25871,GOF,0.009027546359407898,0.8960194150842963,0.09495303855629575
25872,GOF,0.018233544735700043,0.8724285504615769,0.10933790480272305
25873,GOF,0.01711976864188838,0.895495156071346,0.08738507528676569
25874,LOF,0.015461490710711175,0.2461522072257137,0.7383863020635751
25875,LOF,0.03980561950552883,0.053675501305072655,0.9065188791893987
25876,LOF,0.018973590980515962,0.029887664465550405,0.9511387445539337
25877,LOF,0.11403318006593412,0.07805332563313781,0.8079134943009281
25878,LOF,0.07822559003186744,0.10971089076962288,0.8120635191985098
25879,LOF,0.02295903888040463,0.09085937227523705,0.8861815888443584
25880,LOF,0.05976961314728304,0.012193577113164168,0.9280368097395527
25881,Neutral,0.5045272996376071,0.0679780694133581,0.42749463094903467
25882,LOF,0.0664823376301386,0.02169785466733602,0.9118198077025254
25883,LOF,0.028274652619481297,0.027416454709392808,0.9443088926711258
25884,LOF,0.017014426544926915,0.049367056939310136,0.9336185165157629
25885,LOF,0.1896698892351761,0.010986696816478328,0.7993434139483455
25886,LOF,0.2734637180297575,0.056008001860114356,0.6705282801101281
25887,LOF,0.15160781150428734,0.07648647374941323,0.7719057147462995
25888,LOF,0.010243586360182728,0.13489671974021974,0.8548596938995975
25889,LOF,0.022315523746013918,0.0376899293049515,0.9399945469490347
25890,LOF,0.16923864706365846,0.09262862769173172,0.7381327252446098
25891,LOF,0.11541860252813264,0.026380069919582808,0.8582013275522846
25892,LOF,0.008505825110940779,0.03359088919207333,0.9579032856969858
25893,LOF,0.3392526192924118,0.009984649624734379,0.6507627310828539
25894,LOF,0.37333570865525334,0.006408270211433263,0.6202560211333135
25895,LOF,0.31124900556314433,0.013563354700465246,0.6751876397363903
25896,LOF,0.06694192398042717,0.022056784739793396,0.9110012912797795
25897,LOF,0.18235446278549952,0.009329863696673157,0.8083156735178273
25898,LOF,0.15680006410722636,0.032863405310307583,0.810336530582466
25899,LOF,0.42169676841241527,0.020785831465676367,0.5575174001219083
25900,LOF,0.492696865606951,0.007437190903008531,0.4998659434900405
25901,LOF,0.06515963431852746,0.00932580566946516,0.9255145600120074
25902,LOF,0.15855303523949732,0.009684341324135617,0.8317626234363671
25903,LOF,0.39307812387063173,0.02533440359221593,0.5815874725371523
25904,Neutral,0.5108951254403319,0.02934370939686072,0.4597611651628074
25905,LOF,0.005812697513600275,0.48905608578989207,0.5051312166965076
25906,LOF,0.007291057490495718,0.10539153505957995,0.8873174074499244
25907,LOF,0.0054683193267556825,0.3546467409791287,0.6398849396941156
25908,LOF,0.005284878347951465,0.26877705939581276,0.7259380622562358
25909,LOF,0.025407235814052898,0.15686051263263695,0.8177322515533102
25910,LOF,0.011118774566419989,0.1356951680296738,0.8531860574039063
25911,LOF,0.24488671593105596,0.05691554784260715,0.698197736226337
25912,LOF,0.1105645217725089,0.03732115610762288,0.8521143221198682
25913,LOF,0.02418333899589722,0.07954416743845008,0.8962724935656526
25914,LOF,0.0372356073380612,0.041451577789185186,0.9213128148727536
25915,LOF,0.22060912122987672,0.1831811957581934,0.5962096830119299
25916,LOF,0.031278954381893785,0.10515829043016377,0.8635627551879425
25917,LOF,0.07279071584853777,0.0331344930957659,0.8940747910556963
25918,LOF,0.041140101199415004,0.02680523682537208,0.9320546619752129
25919,LOF,0.0361312544527133,0.024577981381225928,0.9392907641660607
25920,LOF,0.3484927550411628,0.2488968150931217,0.4026104298657156
25921,LOF,0.014132398441298207,0.03787474914394486,0.9479928524147568
25922,LOF,0.015964771605571176,0.03985249581504983,0.944182732579379
25923,LOF,0.4127470837298588,0.03402344591917012,0.553229470350971
25924,LOF,0.02385727515985485,0.052722566135304356,0.9234201587048407
25925,LOF,0.08313207951105467,0.047810836289389994,0.8690570841995554
25926,LOF,0.06547765005930646,0.04521241055551176,0.8893099393851817
25927,LOF,0.02221657512855176,0.07161992804785351,0.9061634968235946
25928,LOF,0.010043681352422337,0.05870952362779805,0.9312467950197797
25929,Neutral,0.5347650983325639,0.03214497034191091,0.4330899313255252
25930,LOF,0.06935661653940971,0.032780292206680946,0.8978630912539093
25931,LOF,0.012986730535571426,0.0422480696222146,0.9447651998422139
25932,LOF,0.06505760377870468,0.03710347443273208,0.8978389217885633
25933,LOF,0.07052781036633628,0.021613063571704377,0.9078591260619594
25934,LOF,0.05705286125783798,0.020035042129458357,0.9229120966127038
25935,LOF,0.0761270997013428,0.05870612467883609,0.8651667756198211
25936,LOF,0.09867146299776136,0.021674071454169584,0.879654465548069
25937,LOF,0.01959088882757334,0.028122587143042645,0.952286524029384
25938,LOF,0.07420349766911284,0.051542125956279855,0.8742543763746073
25939,LOF,0.04645193194044938,0.028481349242114554,0.9250667188174361
25940,LOF,0.008758225300094456,0.4066189980566425,0.584622776643263
25941,Neutral,0.49741307821134023,0.05222001784696447,0.4503669039416954
25942,LOF,0.009632489101550649,0.05858663239025551,0.9317808785081938
25943,LOF,0.057295105957745555,0.2310871435686451,0.7116177504736094
25944,LOF,0.05320833408716458,0.10004503786064506,0.8467466280521904
25945,LOF,0.11468670531157489,0.03196880982546797,0.8533444848629571
25946,LOF,0.06390415599557005,0.03921393079379138,0.8968819132106385
25947,Neutral,0.44820046538220276,0.11504180163344568,0.4367577329843515
25948,LOF,0.3746404546981886,0.02008704880595272,0.6052724964958588
25949,LOF,0.13225220201235133,0.08420009689326406,0.7835477010943847
25950,GOF,0.05958092662580709,0.5631588619722832,0.37726021140190974
25951,LOF,0.015115893383020626,0.4507911697064206,0.5340929369105588
25952,LOF,0.2044550250181373,0.30895586747815734,0.48658910750370543
25953,LOF,0.008905911069376321,0.1859065554279323,0.8051875335026915
25954,GOF,0.07397732772846193,0.46761468313943316,0.45840798913210495
25955,LOF,0.006880286483262561,0.17203380272875415,0.8210859107879832
25956,LOF,0.012310765452908571,0.26779296042206324,0.7198962741250282
25957,LOF,0.15936042129444758,0.028608800081305667,0.8120307786242467
25958,LOF,0.03249446720746283,0.05825424012012593,0.9092512926724111
25959,GOF,0.011628587258527771,0.6903060554846103,0.2980653572568619
25960,LOF,0.005334069717578349,0.11222513879578315,0.8824407914866383
25961,LOF,0.03046372696784838,0.05127912014052213,0.9182571528916295
25962,LOF,0.047925288175749994,0.06324740589999603,0.8888273059242541
25963,LOF,0.005640507466937462,0.14919397372705193,0.8451655188060105
25964,LOF,0.029875590509468815,0.1020555201439393,0.8680688893465918
25965,LOF,0.2320867108287029,0.12592675616201573,0.6419865330092813
25966,LOF,0.3973177592188301,0.14130324755163695,0.46137899322953296
25967,LOF,0.008179150337318714,0.08308367720269312,0.9087371724599882
25968,LOF,0.046688367063336775,0.26971435334718097,0.6835972795894822
25969,LOF,0.15856191700098557,0.05318570089027352,0.788252382108741
25970,LOF,0.06404480319591774,0.07229853515409951,0.8636566616499828
25971,LOF,0.0810367743962901,0.03311672508678827,0.8858465005169216
25972,LOF,0.07772963134891472,0.05954436658237274,0.8627260020687125
25973,LOF,0.06460434117466507,0.009830058905503099,0.9255655999198318
25974,LOF,0.04874349977942185,0.044849776489294016,0.9064067237312841
25975,LOF,0.03985774823825781,0.018298218105642965,0.9418440336560994
25976,LOF,0.08358497927198114,0.011292428667261278,0.9051225920607575
25977,LOF,0.24656379517022542,0.06046102201854,0.6929751828112346
25978,LOF,0.17860091019933466,0.11824553980063278,0.7031535500000325
25979,LOF,0.15251142419719554,0.14098105182612278,0.7065075239766816
25980,LOF,0.2531120049983206,0.1796547243357438,0.5672332706659357
25981,LOF,0.2539000293411772,0.18193251074139555,0.5641674599174272
25982,LOF,0.44854244776569724,0.09745002944268384,0.4540075227916188
25983,Neutral,0.4512032301413763,0.11560061839148046,0.4331961514671433
25984,LOF,0.04072831173496908,0.09546157811558502,0.8638101101494459
25985,LOF,0.34957351679131043,0.15809239440179207,0.4923340888068974
25986,LOF,0.010560562899302179,0.45259698050617186,0.536842456594526
25987,LOF,0.043386254879178354,0.10860866825348169,0.84800507686734
25988,LOF,0.039255522326862136,0.16011261754219416,0.8006318601309437
25989,LOF,0.04311322452958776,0.19657875564697036,0.7603080198234419
25990,LOF,0.035896424002509766,0.3103267035014437,0.6537768724960465
25991,LOF,0.02008641864314584,0.4799399881427616,0.4999735932140925
25992,LOF,0.017746928005580396,0.45687649051130264,0.525376581483117
25993,LOF,0.030554287024858566,0.07831841646146044,0.891127296513681
25994,LOF,0.025607590585597223,0.07646382395299145,0.8979285854614114
25995,LOF,0.021416273655287976,0.13248269902963,0.8461010273150821
25996,GOF,0.36624522755750133,0.3677899563448526,0.26596481609764605
25997,LOF,0.056630313668654675,0.40754527828494147,0.5358244080464039
25998,LOF,0.3075832077076912,0.05231359767073829,0.6401031946215704
25999,LOF,0.036215431226434384,0.18223220875482818,0.7815523600187374
26000,LOF,0.14310644664996128,0.02130572152278134,0.8355878318272574
26001,LOF,0.28104747759252363,0.028029220391019478,0.6909233020164569
26002,LOF,0.11096712919488225,0.033959171864363466,0.8550736989407542
26003,GOF,0.007630984991105784,0.6665998830368155,0.32576913197207863
26004,GOF,0.018615465371478665,0.7174808451721377,0.26390368945638354
26005,LOF,0.005287153235188585,0.48382763932815925,0.5108852074366522
26006,GOF,0.14038792100628322,0.5526844646988359,0.3069276142948808
26007,GOF,0.012353465026718424,0.5444164231230337,0.44323011185024774
26008,GOF,0.006887584372692593,0.6157716354878132,0.37734078013949407
26009,GOF,0.011624912510088221,0.653703933076513,0.3346711544133989
26010,GOF,0.010339512412146748,0.6279289602076427,0.36173152738021064
26011,LOF,0.004218811980890599,0.44106664026722575,0.5547145477518837
26012,GOF,0.004717410519890653,0.507453061124845,0.48782952835526433
26013,GOF,0.009860316212635013,0.5860782542341121,0.40406142955325286
26014,LOF,0.06754741377338218,0.09626953752001356,0.8361830487066043
26015,LOF,0.3452820047601699,0.03402968938569358,0.6206883058541365
26016,LOF,0.2839515094335952,0.0499213964385932,0.6661270941278116
26017,LOF,0.016382590857347865,0.2535197877207611,0.730097621421891
26018,LOF,0.02377498201911831,0.0658491370484654,0.9103758809324163
26019,LOF,0.023942575086549966,0.0559353917526562,0.9201220331607939
26020,LOF,0.007099849427296877,0.23966931285421628,0.7532308377184869
26021,LOF,0.09721547178752914,0.09062533134156324,0.8121591968709075
26022,LOF,0.03530885738046828,0.03356878231770119,0.9311223603018306
26023,LOF,0.020514341340862722,0.04611157522809121,0.933374083431046
26024,LOF,0.050790915486253176,0.07652288664530803,0.8726861978684388
26025,LOF,0.08694589451896606,0.0794821879056277,0.8335719175754063
26026,LOF,0.10119762631392316,0.06379471454819295,0.8350076591378839
26027,LOF,0.025219600449742512,0.03139025463340213,0.9433901449168554
26028,LOF,0.08398675143174628,0.18091629053802938,0.7350969580302243
26029,LOF,0.028531239895437422,0.22294674525206082,0.7485220148525017
26030,LOF,0.1444849073922198,0.02791159862087814,0.8276034939869019
26031,LOF,0.011464031561085998,0.17604323992326096,0.8124927285156531
26032,LOF,0.04368602534361312,0.05625018926920388,0.9000637853871829
26033,LOF,0.045272865871741896,0.055109227780852546,0.8996179063474056
26034,LOF,0.016734881461355957,0.15424899671171508,0.829016121826929
26035,LOF,0.012372969866560144,0.1071792054377307,0.8804478246957093
26036,LOF,0.01304905687640257,0.12382330277164431,0.8631276403519531
26037,LOF,0.011383424833405733,0.09960459922544451,0.8890119759411497
26038,LOF,0.03754594104006064,0.04999298752771515,0.9124610714322242
26039,LOF,0.03719711836430192,0.13992341601209304,0.822879465623605
26040,LOF,0.08029021253614281,0.1306125525046338,0.7890972349592233
26041,LOF,0.0141906756040657,0.08979471607371801,0.8960146083222162
26042,LOF,0.012892493947044245,0.10362008912146135,0.8834874169314944
26043,LOF,0.036673829922800334,0.07640052147586866,0.886925648601331
26044,LOF,0.01022024514952972,0.05375282089837931,0.9360269339520909
26045,LOF,0.07139129640954671,0.11177024579454388,0.8168384577959094
26046,LOF,0.03223601862742922,0.05678882500656974,0.910975156366001
26047,LOF,0.05964732620908655,0.056306280891809175,0.8840463928991042
26048,LOF,0.10369029137457728,0.02308871306962071,0.873220995555802
26049,Neutral,0.9454771886122745,0.009076547573920613,0.04544626381380495
26050,Neutral,0.9204656402082749,0.009985523913538765,0.06954883587818617
26051,LOF,0.021756879641711083,0.11710217540330314,0.8611409449549858
26052,LOF,0.038188198093325555,0.13703540384931967,0.8247763980573547
26053,LOF,0.024464366521373793,0.13912715523682592,0.8364084782418003
26054,LOF,0.04794224344090393,0.032686159461950595,0.9193715970971453
26055,LOF,0.07240468217585296,0.030812109468690157,0.8967832083554569
26056,LOF,0.059250405726832114,0.03835655301895516,0.9023930412542127
26057,LOF,0.05899836854629033,0.015952868403319373,0.9250487630503902
26058,LOF,0.06074302462021052,0.01343972664244819,0.9258172487373413
26059,LOF,0.219440726800812,0.03419227347206348,0.7463669997271245
26060,LOF,0.021055560637366317,0.18086745852547897,0.7980769808371546
26061,LOF,0.012425263970188975,0.010010154973396386,0.9775645810564146
26062,LOF,0.006776960862145064,0.015141026710892671,0.9780820124269624
26063,LOF,0.041729742177442575,0.012199015968051225,0.9460712418545062
26064,LOF,0.016113171277917716,0.017978357990080775,0.9659084707320014
26065,LOF,0.05177825552965638,0.014665549598330895,0.9335561948720128
26066,LOF,0.042484551691370644,0.0120519127974942,0.9454635355111352
26067,LOF,0.04750893937115757,0.011664976719544189,0.9408260839092981
26068,LOF,0.05552285972257525,0.04708091178508966,0.8973962284923351
26069,LOF,0.3180657598462751,0.03213620276114715,0.6497980373925778
26070,Neutral,0.5753238751806198,0.022803526269767865,0.40187259854961244
26071,LOF,0.04498731541255391,0.013244214357747103,0.941768470229699
26072,LOF,0.008867048514379049,0.02045445306213344,0.9706784984234875
26073,LOF,0.03973614309055684,0.014268191710226967,0.9459956651992163
26074,Neutral,0.8775459524239541,0.011631911854012692,0.11082213572203317
26075,LOF,0.05479021941925664,0.027240819215131128,0.9179689613656122
26076,LOF,0.05100668762939922,0.012657894298573487,0.9363354180720272
26077,LOF,0.15815282384236412,0.007134456265271447,0.8347127198923644
26078,LOF,0.007477670429394106,0.016489938257151827,0.9760323913134542
26079,LOF,0.06548531577858839,0.024691968503591556,0.9098227157178201
26080,LOF,0.06473225006555765,0.024758223564593177,0.9105095263698492
26081,LOF,0.034842101351438934,0.010192767442186322,0.9549651312063747
26082,LOF,0.006274284808580594,0.01618290681185159,0.9775428083795679
26083,LOF,0.10053467537387478,0.022807945981954313,0.8766573786441708
26084,LOF,0.10569721976736977,0.01680152518300168,0.8775012550496286
26085,LOF,0.09331996880933177,0.014648414502690785,0.8920316166879776
26086,LOF,0.03897558190760153,0.013837066648404901,0.9471873514439936
26087,LOF,0.03790146126299102,0.011742303844398689,0.9503562348926102
26088,LOF,0.007244535779987402,0.0225223285873039,0.9702331356327087
26089,LOF,0.04274356839429305,0.04142955586446167,0.9158268757412452
26090,LOF,0.043212271401155626,0.032799353728335534,0.9239883748705089
26091,LOF,0.02812193698943569,0.00902513120505924,0.962852931805505
26092,LOF,0.045933049361215575,0.00927747533457737,0.9447894753042071
26093,LOF,0.07995188780338675,0.007045024439261806,0.9130030877573515
26094,LOF,0.034118487437746994,0.008759879150978844,0.9571216334112741
26095,LOF,0.028950737700779897,0.021421969147912084,0.9496272931513079
26096,LOF,0.21041253651767317,0.005284126055828511,0.7843033374264984
26097,LOF,0.0076047075057169445,0.03603859498802029,0.9563566975062627
26098,LOF,0.13192850808493412,0.02203662693456586,0.8460348649805001
26099,LOF,0.03866908903181645,0.0207318145802585,0.940599096387925
26100,LOF,0.03866908903181645,0.0207318145802585,0.940599096387925
26101,LOF,0.06418879942530888,0.036113062004546385,0.8996981385701447
26102,LOF,0.03370027936234066,0.019046226096005533,0.9472534945416538
26103,Neutral,0.898244076959869,0.02775045074325929,0.07400547229687165
26104,LOF,0.057878254183414295,0.044236089910652664,0.8978856559059331
26105,LOF,0.2650985647526018,0.12019181747542378,0.6147096177719744
26106,LOF,0.3055421789076024,0.06204970809198663,0.6324081130004109
26107,LOF,0.02063897567624444,0.08821943114503515,0.8911415931787204
26108,LOF,0.23451731139147583,0.041032085840567056,0.724450602767957
26109,LOF,0.08576089477226204,0.03235450455041298,0.881884600677325
26110,LOF,0.4026163386728368,0.010966725984805314,0.5864169353423577
26111,LOF,0.05714540975987157,0.12942786086782476,0.8134267293723036
26112,LOF,0.05424399848488328,0.010028073556111319,0.9357279279590055
26113,LOF,0.10096260517920308,0.022927604996479743,0.8761097898243173
26114,LOF,0.08919422725355758,0.008548175092511483,0.902257597653931
26115,LOF,0.01984419401454253,0.059924131418321015,0.9202316745671364
26116,LOF,0.07361691282641498,0.026554782372762962,0.8998283048008221
26117,LOF,0.33784989147155575,0.046656021544245585,0.6154940869841987
26118,LOF,0.04812191584594911,0.020431294443565215,0.9314467897104856
26119,LOF,0.00638661811509644,0.049411637097643436,0.9442017447872602
26120,LOF,0.03459525926450253,0.018558641269097172,0.9468460994664003
26121,LOF,0.0034175511227800513,0.14338728995516162,0.8531951589220582
